0.0733181134286   0.301183456267   -0.950743382788
0.612660274539   0.73861793984   0.281231091716
0.786938270924   -0.603102034997   -0.13036906511
0.598306248844   -0.288484937193   0.747533326085
0.575689304398   0.803677133507   -0.150615038691
-0.557325270732   0.520460859327   0.646922743852
0.907029045887   0.181396149665   0.379991772021
-0.102845148277   0.970554295433   -0.217823862543
-0.408315056535   0.158492260076   0.898976650477
-0.649618042433   -0.579306587711   0.492341625682
-0.760169809837   0.504955266476   -0.408854545125
-0.011758365387   -0.639862529214   -0.768399430343
0.714009971332   -0.168328326376   -0.679599393304
-0.254002435649   0.842259390263   -0.475480685411
0.652435838626   0.512117851724   0.558625798207
-0.00990262576592   -0.517177045119   -0.855821150711
-0.991990754669   -0.102696153493   0.0735380357954
-0.125921724313   0.849694888804   -0.51201788571
-0.770897145964   0.345543854878   -0.535086006826
0.633975461405   0.335022116044   -0.697018863516
-0.0615849387497   -0.876561250637   -0.477333917925
0.599303758819   0.780810949266   0.176548197869
0.756728426817   -0.624514153661   0.193246371048
0.261145730793   0.0177857634832   -0.965135521005
-0.87320686516   0.464015183098   0.148995572054
0.465008387486   0.88478930857   -0.0302502728604
-0.145866275078   0.0428694447689   -0.988375050525
0.834375803563   -0.452907110464   0.31415309599
-0.366888494662   -0.881690236806   -0.296673488545
0.411351250045   0.132278023919   -0.901827407808
0.667938734674   0.250825152171   -0.700674382121
0.563676391413   0.444232846931   0.696366357222
0.485928773058   -0.860083670782   0.155336109028
0.260927921832   0.196988652962   -0.945046078354
0.365641449813   0.885853571014   0.285604238241
0.893433237454   -0.42007013858   0.159116714666
-0.0713086381704   0.960803793493   0.267901378367
0.91023786633   -0.0471529588922   0.411392300812
0.407899625916   0.273189803756   -0.871197581666
-0.589183536504   -0.56042009421   -0.582058483589
-0.728010230457   0.680701582529   0.0815258234694
0.350519421235   0.471778203765   -0.809049727637
0.67976483138   -0.690430699345   -0.247437312102
-0.367867696199   -0.0290972687029   -0.929422781649
0.634502271164   0.722813114405   -0.273766450706
0.876585786277   -0.381073194425   0.293905732825
0.146413220941   0.792946678731   0.591437852545
-0.458432686476   -0.475414330012   0.750879941662
-0.345585123091   -0.527164581388   -0.776317220489
-0.861448216364   -0.149844967257   0.485235464812
-0.372126179168   0.836447242758   -0.402340796913
0.690885820362   -0.698567106782   0.186227765236
-0.675982190517   -0.715532662504   -0.176241558644
0.256368604408   -0.00412385885371   -0.966570293596
0.0371206694367   0.901192574906   -0.43182635264
0.959087939157   -0.153493940162   -0.237886391575
-0.280664178091   -0.405328944522   -0.870020727264
0.457184273586   0.234536385154   0.857889983637
0.757327063841   0.403082282363   -0.513790221802
-0.46630275397   0.884600111736   0.00666212852524
0.796817989015   -0.418073197792   -0.436229175629
-0.390850806231   0.19393373896   -0.899791838239
0.460778406233   0.887470848074   -0.00887435454008
-0.534028984925   -0.0919565399997   0.840450497062
-0.525908269578   0.814475350983   -0.245051820298
-0.661992096063   -0.572864641423   -0.483314149759
0.985905118611   -0.13788241073   -0.0947604237423
-0.0364192550554   -0.729680156158   0.682818063302
-0.163293401452   -0.669742719648   -0.724416975589
-0.378699285276   0.592011848077   -0.711413257585
0.734240141535   -0.275786065171   -0.620349466685
-0.563452097246   -0.757274070594   -0.330238877353
-0.0949720866352   0.788601988054   -0.60752547864
0.644889255163   0.513650385615   0.5659338565
0.758352260717   -0.338038734164   -0.557343397619
0.825309077351   -0.377509816443   0.41994197853
0.231600278021   0.904547693109   0.357987125622
-0.515001202002   -0.19819134537   0.833962800464
-0.0130874491931   -0.55156318172   0.834030440238
-0.53835702534   0.706773971297   0.458957804993
-0.842615233627   -0.442999559895   -0.306187782238
0.830486742986   -0.0390455183402   0.555668261844
-0.149867505633   0.945097297146   0.2903977095
-0.536499301471   -0.324448064296   0.779039121672
0.705469953039   0.688278853594   0.169069113247
0.612563132754   -0.712119107759   0.343005517093
0.356480790156   -0.138414580373   -0.923992884274
-0.869302437844   0.429364146017   -0.244866701848
0.338573898006   0.878181291673   0.337883610944
0.360112464583   0.210817572965   -0.908776630301
0.832404898986   -0.50663874722   -0.224542343355
-0.2019379213   -0.654640470176   0.728468894839
-0.516065073498   -0.561037462763   -0.647235509913
-0.26656214612   0.468421980011   -0.842333349036
0.891893085889   -0.211391332445   -0.39980048513
-0.36533730387   -0.857842965355   -0.361433398003
0.989837935695   0.0742688028065   -0.121264199119
0.142198545711   -0.513017097959   0.846518181021
0.000659284340049   -0.855159401592   -0.518364700971
0.0521322692813   -0.393991050512   -0.917634610624
-0.794560217774   0.540265158091   -0.27710579078
0.604943209591   0.743562109759   -0.284884366191
-0.304725935367   -0.94011951878   0.152700342909
-0.938177536664   0.268638186179   -0.218303537823
0.164210273778   -0.209782781315   -0.963860036857
-0.560805449898   -0.778608055991   -0.28154350021
-0.200564710587   0.457677291721   -0.866201647141
0.803287647254   -0.42930291379   -0.412829218903
0.924011476193   -0.308636074559   0.225713458492
-0.364055761378   -0.529648891972   0.766117128017
-0.11690249985   -0.79007330338   -0.601762395648
0.00107386905089   0.0483141937062   0.998831610179
0.741233570143   0.670424372527   -0.0332258215017
-0.67124633429   0.740403200566   -0.0350921543048
-0.572352890179   0.81283883859   -0.1081905337
0.719596115912   0.561139388791   0.409028136333
0.393183925241   0.156254948166   -0.90608542208
-0.262574698557   0.912621948584   0.313330028308
0.899262889096   0.34917803335   -0.263440614411
-0.349829649934   0.212593226581   -0.912372366986
-0.739011497881   -0.161700616372   -0.653999171762
-0.556266122023   0.694084397811   0.456962635458
0.380039481488   0.701498224788   -0.60288492528
0.672660825933   -0.735260796915   0.0831803689296
-0.205805254276   -0.293881536271   -0.933422648081
0.710754254695   0.610757892425   -0.349003132183
0.0472122841536   0.265172105046   0.963044523857
-0.941467016569   0.33397857475   -0.0458057673413
-0.333782649247   -0.904512059795   0.265418681987
-0.257178824981   -0.962852490589   0.0823051234566
0.0203283382187   0.0797607348568   0.996606734796
-0.966149993866   0.25797927541   -0.000939580986696
0.842187094623   -0.409239930422   0.351060645757
-0.529218391546   -0.502790171394   0.683469046556
-0.103192982808   -0.761396560866   -0.640020691385
0.118222245878   0.437703516614   0.891313150427
0.992255914111   -0.0176318960147   -0.122952499589
-0.0381012006619   0.898946465473   -0.436398385333
0.772940200252   0.547840547527   0.320053403858
0.262649235857   0.182909457132   -0.947396173412
-0.577562832719   0.816342369951   -0.0025118287559
0.881440715112   0.436424142167   0.180544271235
0.236067570173   -0.076017168418   -0.968758737983
-0.409065236918   0.896524042198   -0.170030214098
0.505961902805   -0.370648104647   -0.778859766217
-0.861186367095   -0.166209015348   -0.480346337914
0.0485859448851   0.913780359681   -0.40329252438
0.0783877092278   -0.992110409413   0.0978381447962
-0.941581436032   -0.105922453163   -0.31969490649
0.327535900875   -0.0670624295043   -0.942455762456
0.651950622128   0.619745434517   -0.436893559923
-0.207028008171   0.699771787104   0.683709623894
0.729451705146   -0.355295711159   0.584521314831
0.541811117439   0.824774984315   0.161823787708
0.824359615338   -0.559014593407   0.089072492714
0.16392662267   0.085140528577   -0.982791510328
-0.866095536276   0.459923541713   -0.195828644027
0.499833066644   0.802078745474   -0.326858672131
0.00673999500298   -0.380972468606   -0.924561815473
-0.206199212826   0.860013001736   0.466754240982
0.710177439466   0.459678532811   -0.533238831056
-0.673149232417   0.221524904508   -0.705547183099
0.854416289111   -0.29617309084   0.426912526362
-0.455752824397   -0.821769636152   0.342029279673
0.249523882538   -0.486801977565   -0.837115085685
-0.152757246237   0.791815228444   0.591349192716
0.721664934112   0.498180069996   -0.480641592803
-0.675177714824   0.353334490055   -0.647525900287
-0.517109637902   -0.852826647755   0.072693405949
-0.833936308543   0.52113293245   0.181578357766
-0.192737789971   0.0332742482228   -0.980685968454
0.40721124346   -0.627302523232   0.663830209878
-0.722365413124   0.223560104511   0.654376871224
-0.558898213561   -0.745997603226   -0.362105458202
-0.366666445006   -0.295594726983   0.882144815485
-0.192111427901   0.951804385945   0.239084943411
-0.91030155299   -0.081805673863   -0.405781855616
-0.667103481698   0.734558101782   -0.124086017797
0.717692567349   0.678359855683   0.157306341159
0.199725620485   0.0158839951953   -0.979723111506
0.205801572067   -0.772132059188   0.601213602731
-0.583498137997   -0.590028144677   -0.558029310559
0.785605267223   -0.23596370836   -0.571966338562
-0.287877763116   -0.897370256674   0.334444339077
-0.867096452473   0.0959916579332   -0.488803993146
0.406534298198   -0.430711300112   -0.805740429881
0.282819010154   -0.953270498326   -0.106248597716
-0.778735333721   -0.163532002319   -0.605663738581
0.559986327967   0.254032756232   -0.788595378665
-0.847020609733   0.0628559574492   0.527830669155
0.31359141423   0.860866261882   0.400711497307
-0.429204510238   0.504934062791   -0.748882554627
0.811462168646   0.221552393349   0.54078062637
-0.465559470327   0.804406086224   0.369032827855
-0.353247120929   -0.551221720769   0.755890922097
0.669941862565   0.712178539429   -0.209713205975
0.740361851655   -0.619896224053   0.259986538151
0.0551564084936   -0.329439523103   -0.942564253099
0.624403136288   -0.780628648756   0.0271962522384
-0.530414666055   -0.39819044345   0.748401398168
-0.57339428444   -0.481729471267   -0.662688245773
0.78908877883   -0.45894783707   0.408296193924
-0.604697140863   -0.697299305552   0.384857176507
0.108075283744   -0.550582020526   -0.827755502378
0.856085618654   0.397121903142   -0.33077425471
0.437848277242   -0.897308511943   0.0559135091899
-0.274602075102   -0.192695688687   -0.942052053716
-0.287150666587   -0.87628333248   -0.386874677249
0.0171890448585   0.399105163465   -0.916744023832
0.957731189539   -0.269893663715   -0.0995408402167
0.650818172628   -0.209073661801   -0.729879380527
-0.651070923376   0.340846447387   -0.67818165121
0.390566715058   0.916576185183   0.0857072799925
0.9362990245   -0.251174059363   0.245470423112
-0.307278096408   -0.247407862368   0.918895816242
-0.17007147964   -0.935788940703   -0.308828027017
0.866341099083   -0.378472410722   -0.325901418164
-0.353687214419   -0.925611445893   0.134717502903
-0.352644940976   -0.00144414476513   -0.935756090042
0.107103264644   -0.321322977232   0.940893423829
-0.217229420804   0.915910743565   0.337518723272
-0.970226916468   -0.240539090638   0.0282962265228
0.453679334304   -0.331895080425   0.827055449903
-0.864981976386   0.0593115053379   0.498285385961
-0.21443237198   -0.941449839834   -0.260174858361
0.903214956523   0.395273973699   0.167216111752
0.260889864839   -0.815015735245   0.517383638828
0.340792049111   -0.423683652056   -0.839257375448
0.00842336896002   -0.0502155359012   0.998702882147
0.965571502562   0.260091008299   0.004933643859
-0.26000138518   0.964277484626   0.0506775329782
0.550825382687   0.215841194531   0.806228240966
0.716626625947   0.37285491336   -0.589428106361
-0.427829027501   0.902436586319   0.0507004033606
0.879006353359   -0.37821925906   0.290341217934
-0.17041377346   -0.81790563418   -0.549535730769
0.445316714901   0.433567256205   -0.783398020024
-0.457822381639   0.757438413817   -0.465495130098
0.867707880152   0.494709551635   -0.0484303029403
0.193601915259   -0.426086269194   -0.883724385548
0.839434884648   0.54098731528   0.051786090245
0.313716240215   -0.404554776788   -0.859021276339
-0.443769303875   0.737338563541   -0.50931389894
-0.368364024944   0.886382956639   0.280416118131
0.548481827076   -0.0363397359827   0.835372437274
0.750650138543   0.461524298136   -0.472778692134
0.398794576011   -0.91421453581   -0.0719351698228
-0.656852415342   -0.230027300059   -0.718075445679
0.639927957355   0.333615382949   -0.692237665586
0.0556544687204   0.676670795305   0.734179279804
0.980002426168   -0.177717691144   0.0895079156288
0.191044038947   0.714515959959   -0.673029804798
0.124360004798   -0.147716642052   0.981180097061
0.808356651559   0.588530066397   -0.0138522499101
-0.575407779829   0.794866123701   0.192597332029
0.451920917921   -0.719021946173   0.527991406054
-0.816584955024   -0.0951754848135   0.569324721331
-0.359105131087   -0.688439589225   -0.630154296038
-0.0960605882937   0.211464559075   0.972653640116
-0.638610369435   0.736455211806   -0.223182698823
-0.763511073546   -0.642585761793   0.0642991392953
0.33805588483   0.653253894909   0.677478831786
0.553739436712   -0.720131685679   0.418070558053
0.760980193541   0.233815534274   -0.605177197993
0.809398701677   0.556116139575   -0.188702360949
0.361983339163   -0.219425611017   0.905991425676
0.462430323284   -0.801615394397   -0.378907581837
0.909025894379   0.274746175838   0.313347191164
0.365244178173   -0.163185450503   -0.916497244434
-0.200670410521   0.947567964637   -0.248689241294
0.346071610645   -0.276825849006   0.896438447205
0.794082220744   0.595291078475   -0.122727171348
-0.499667756619   0.754318222775   0.425835827269
-0.519668686814   0.0293677568649   -0.853862981281
-0.823266628942   0.249986997587   0.509645522601
0.228421788837   0.967803717648   -0.105732920563
-0.715961385344   -0.359061477266   -0.598727108321
-0.312466144769   0.931718374838   -0.185110178983
0.624310982659   0.0545502111197   -0.779268933936
0.212733174761   -0.543880095761   -0.811750600734
-0.960302533093   0.0370521528193   -0.276489028547
0.180453986632   0.838344546954   -0.514407211557
-0.316345771021   0.486953246904   -0.814126457307
-0.202667156255   0.803694969988   0.559464403686
0.926742346573   0.341980892077   -0.155556075167
0.26979629661   -0.348864371117   -0.897498528634
-0.0343315671309   0.927984140578   -0.371034740063
0.962305202019   0.130916329768   0.238389623865
-0.503525952021   -0.855509447661   0.120686372903
-0.16863674566   0.234317427577   0.957422054868
-0.84736253378   0.461734694491   -0.26225523493
-0.677932831768   -0.708693211718   -0.195348425321
-0.654556388146   0.702885964321   -0.278401249813
0.334608742187   -0.0608707879453   -0.940389141168
-0.207123814522   0.970615621189   -0.122495066683
0.608007721383   0.225804289374   0.761143241209
0.766437431364   0.0831729451422   -0.636911237929
-0.0605176543578   0.748267324434   -0.660631232002
0.938824813932   -0.182131812065   -0.292294323893
-0.339036255078   -0.637905960325   -0.691469741582
-0.898855392251   -0.438233260037   -0.0032547838976
-0.413186454297   0.844960031819   0.339587247425
-0.1460682642   0.306584661106   -0.940568927707
0.524490262607   0.065167726732   -0.848918801667
-0.293545861359   0.949773065194   -0.108452532987
0.799212607327   0.306078898366   0.517276440857
-0.640100406843   0.0922159335952   -0.762736973504
0.194193231436   0.979953793251   -0.0444921561459
0.743344104721   -0.176597804871   -0.645176531882
-0.0612474302876   0.839717932731   0.539557731603
0.861654200272   -0.2283631604   0.453213311947
0.503786454202   0.492670336454   -0.709559827035
0.236817933557   0.690063036704   0.683908087188
0.857612339447   -0.479251743941   0.186598073834
0.456528576953   0.542338244369   -0.705301982927
-0.75820792468   -0.583877728789   -0.290185355897
0.0661877621983   0.373836893152   -0.925129805732
0.648644681692   -0.720647469393   -0.24480053466
0.903020999581   -0.23419532964   -0.360146667194
0.259099723087   0.965605715371   0.0217470903754
0.342666613215   -0.112951981029   0.932642183353
0.878066631688   -0.217304958768   0.426353779403
-0.274208857524   0.501696243856   0.820433045017
-0.392184258699   -0.837304863115   0.380935786495
-0.868251520018   0.379655718637   -0.319375693021
0.486267153985   0.523538091996   -0.699608548535
-0.0984050453044   -0.762738094981   -0.639176849959
0.400849287049   0.731968743883   -0.550946101765
0.876674429682   -0.481082344951   -0.00131214219247
-0.266010889652   -0.482474388289   -0.834539796075
0.409045708508   0.81357350453   0.413255079919
-0.391827886198   0.565597167468   -0.725651949456
-0.824107102232   0.13489995137   0.550135880644
-0.543833331906   -0.687450596318   -0.481307578093
-0.497708204971   0.725994522326   -0.474571908416
0.675671406686   -0.0185372914515   -0.736969822322
0.889524292642   0.415445469669   -0.190135726605
0.230594662034   -0.0489652720556   0.971817114468
0.394426969972   -0.908299214942   -0.139355306661
-0.0420326087523   0.99843669996   -0.036843126549
0.998615761538   0.0431500193045   0.0300771781014
0.0316199400695   -0.0355279046167   -0.998868333357
0.153872779111   -0.905571255627   -0.395302249968
-0.626633090155   0.219889589886   -0.747649341993
0.763972603024   0.362752352496   -0.533625891976
0.663332428471   -0.654387906846   0.362996634574
-0.745136347951   -0.622324422274   0.239758495999
0.0690066105535   -0.429521572003   -0.900416185374
0.286696401885   -0.884773295857   0.367398132936
-0.651998304389   -0.461180566487   -0.601839427231
0.701928332681   -0.0669977614101   -0.709089497698
-0.934063547298   0.153030984349   0.32265586534
0.348774566193   0.584974494253   0.732230252756
-0.0766915352957   0.796483746791   -0.599776666361
-0.254033660213   0.417489819925   0.872450084381
0.946002279405   0.295048179544   0.134261904902
-0.201361830639   0.859446811622   -0.469898490267
0.73815855927   0.498151667894   0.454936102272
0.621836482445   -0.24090550145   -0.745173757235
-0.261612940192   0.83295225262   -0.487595338758
0.363281188529   0.308468009096   -0.879132677942
-0.575678269333   0.816235870617   0.0485132325734
0.732544407035   0.488473633764   0.474101466819
0.99994845428   -0.00776666696391   -0.00653969926824
0.00791221666219   0.999714796966   0.0225326774688
0.00636283032446   -0.0225832595233   0.9997247175
0.722408766004   -0.655405529348   0.220384134868
-0.459693563821   -0.69330601768   -0.554985218929
0.516534028098   0.29961701879   -0.802136048229
0.862798380781   -0.159766063598   -0.479639196734
0.188277626056   0.982047734281   0.0115664653029
0.469180657794   -0.100284856859   0.877389570167
