0.0719471410212   0.306794456798   -0.949052564496
0.606718277942   0.741769153621   0.2857821792
0.791654305938   -0.596368748356   -0.13276963461
0.597242527292   -0.292761918906   0.74672071247
0.577496243762   0.803040634461   -0.147050426201
-0.556596309757   0.519053174774   0.648678926528
0.90761952791   0.182714511035   0.377944704969
-0.103009188292   0.969720201779   -0.221431337865
-0.406959334189   0.162043629059   0.898958265214
-0.64517813005   -0.582799685375   0.494054356556
-0.763956044994   0.501218318721   -0.406388186707
-0.0107861865966   -0.639628582621   -0.768608440282
0.713812867393   -0.193272818142   -0.673139516082
-0.230181746232   0.843021153671   -0.48613958712
0.661428419442   0.501957121904   0.557271472196
-0.00730072773406   -0.518638747385   -0.854962308576
-0.992114783337   -0.103221603114   0.0710883769338
-0.12511976686   0.848739742419   -0.513795575671
-0.771845040379   0.342640505802   -0.535586330507
0.632721476913   0.330991859423   -0.700077082648
-0.0626000502824   -0.879227998178   -0.472270431983
0.600479978053   0.779673415997   0.17757578761
0.755587489304   -0.625922164949   0.193155350517
0.261746713379   0.0181881228818   -0.964965206741
-0.869885366913   0.4700385868   0.149543222345
0.471441668681   0.881446956332   -0.0281782931306
-0.145059303258   0.0459890214233   -0.988353584729
0.833306681854   -0.448438189327   0.323269491803
-0.360399103919   -0.884112071708   -0.297419452211
0.419180700738   0.131335581671   -0.898353218459
0.660478645591   0.255803862713   -0.705926584384
0.563372467933   0.452694484966   0.691143375615
0.496366216713   -0.854185042659   0.154882186853
0.261665712467   0.199658192304   -0.944281558204
0.364119812919   0.885652208508   0.288161287137
0.893838809159   -0.41923355282   0.159045312508
-0.0809529162824   0.956773408106   0.279340779135
0.904210107593   -0.0474167318978   0.424447564326
0.419345569515   0.286943024098   -0.861285663558
-0.590773148353   -0.556024256377   -0.584657261569
-0.727831930593   0.679986989633   0.0887602092089
0.34820650194   0.477969371666   -0.80641026268
0.67900078188   -0.693007044674   -0.242279124646
-0.362671854269   -0.02970414725   -0.931443390528
0.638300136557   0.720318609831   -0.271503289121
0.877961344453   -0.373090529055   0.29997889055
0.135190060864   0.794327441087   0.592256332833
-0.459246693063   -0.479424001763   0.747826919443
-0.342197062281   -0.525775296487   -0.778756385637
-0.861129882217   -0.156142935646   0.483812680281
-0.375974063625   0.836169672526   -0.399329165263
0.688451394871   -0.699200561231   0.192751788772
-0.675907862919   -0.714891525596   -0.179105185506
0.263027066562   -0.00697723483303   -0.964763225071
0.0393991879388   0.902243540645   -0.429423214737
0.959768439953   -0.15374220031   -0.234963566356
-0.278014829929   -0.402889475178   -0.872002193306
0.456788841478   0.237137438414   0.85738543818
0.755857059659   0.404748979339   -0.514643924561
-0.46906722297   0.883144438371   0.00564281042687
0.801395957334   -0.417606970891   -0.4282159939
-0.384213158246   0.189277550615   -0.903633918057
0.458415497774   0.888694788269   -0.0087638293141
-0.533409980606   -0.0991711979564   0.840023134257
-0.520709900999   0.821122243738   -0.233708065417
-0.666584571973   -0.562070577717   -0.489634224777
0.985577237676   -0.143222310483   -0.0901381071239
-0.043425904682   -0.728862146988   0.683281904847
-0.163559467407   -0.669512763484   -0.724569499878
-0.382979847528   0.587227369189   -0.713085165504
0.730767731525   -0.279607711617   -0.622734333537
-0.565070755701   -0.759594328888   -0.322042693709
-0.0900287488741   0.786034795175   -0.61159146916
0.652041845679   0.51069912343   0.560381866954
0.752818873209   -0.348332751979   -0.558505181748
0.825020609653   -0.376906298914   0.421049445418
0.231003697158   0.904926226961   0.35741546645
-0.515730826641   -0.197611147451   0.83364953599
-0.0123477331925   -0.554681613646   0.831971057771
-0.535974939817   0.706081612554   0.462795441099
-0.844143588125   -0.440201162989   -0.306013951855
0.830364612404   -0.0346945259539   0.556139281417
-0.153952517638   0.944926151138   0.288813419371
-0.53553079536   -0.325439485564   0.779291927622
0.69984737168   0.691247678734   0.179973061866
0.612247339918   -0.710294008181   0.347326383544
0.367922343865   -0.132887428254   -0.920311947275
-0.868769395968   0.430315812365   -0.245087817441
0.340515927274   0.878429468229   0.335276859654
0.359567295374   0.207821969424   -0.909682026382
0.836332979402   -0.501859468249   -0.220645012844
-0.201597158686   -0.655809292036   0.727511345677
-0.509809506751   -0.563960323611   -0.649648381987
-0.268349921945   0.468914474609   -0.841491256576
0.892195480691   -0.208443198758   -0.400672755658
-0.363284383957   -0.858295198865   -0.36242765896
0.990399728391   0.072267667959   -0.117837863913
0.13823132739   -0.513506212443   0.846878663039
0.000691470841675   -0.855037282199   -0.518566069
0.0554126273464   -0.394710310415   -0.91713314823
-0.796602738916   0.536299193977   -0.278939511169
0.601958069206   0.746047549016   -0.284709566973
-0.30929263233   -0.937409430918   0.160005082457
-0.935523260907   0.269732027685   -0.228124662285
0.17068771452   -0.220245753799   -0.960394456484
-0.565580479881   -0.769631692053   -0.29628665067
-0.207955802948   0.480754857793   -0.851838688208
0.798043297571   -0.420168805715   -0.431954939671
0.922223452649   -0.309933844673   0.231181563518
-0.36920320611   -0.528247872249   0.764619629661
-0.114860332502   -0.790503129274   -0.601591145735
-0.0014045530602   0.0407764465967   0.999167307629
0.743561525633   0.668153159566   -0.026222375185
-0.668666048808   0.742905536906   -0.0312582534063
-0.566031523259   0.821337844227   -0.0707987310379
0.706039571736   0.527318974382   0.472697389881
0.425577769415   0.217574917893   -0.878376182102
-0.264764007386   0.91349379384   0.308916022585
0.896800436301   0.351007490275   -0.269337556276
-0.3544700239   0.205725133095   -0.912155782621
-0.737993796437   -0.160304126815   -0.655490460149
-0.560469613125   0.686592780469   0.463102760272
0.375817733993   0.7091494488   -0.596546804603
0.672733858051   -0.735373829443   0.0815750403214
-0.20744599626   -0.293300108924   -0.933242307625
0.710207937768   0.610901282595   -0.349863270515
0.0480440539233   0.267059772025   0.962481608681
-0.942739446344   0.330527541588   -0.0446528896977
-0.330051670483   -0.905224073044   0.267647664651
-0.254213381416   -0.963581963311   0.0829780494514
0.0156585806208   0.0816847240667   0.996535204951
-0.967021388369   0.254631902627   -0.00567702405777
0.84197106104   -0.403852714764   0.357753710182
-0.531143282556   -0.504045907489   0.681046647844
-0.0947182441069   -0.763440048675   -0.63889572413
0.117884471971   0.435840106139   0.892270504471
0.99237971184   -0.019260345016   -0.121702697741
-0.035857478937   0.899818004371   -0.434789374541
0.773721869445   0.54725261662   0.319169300442
0.262250952899   0.181936903416   -0.947693727361
-0.576696546241   0.816953815572   -0.00274895915282
0.885437592899   0.431788170527   0.171928022365
0.227649417661   -0.0804275246017   -0.970415970564
-0.405186391332   0.898382095257   -0.169509879359
0.502633330821   -0.379117686316   -0.776935978489
-0.862491732918   -0.15869483342   -0.480545482232
0.0588875657088   0.911639034798   -0.406751182957
0.078734201746   -0.991646935162   0.102163014141
-0.940111991617   -0.107952039842   -0.323319965841
0.331647958976   -0.0705883352742   -0.94075869288
0.651183585146   0.617350847054   -0.441404429156
-0.20347384941   0.702348285785   0.682132888857
0.731134960895   -0.354379481765   0.582972428045
0.539501736558   -0.825181330085   -0.167372783721
-0.82479309754   -0.557903739903   0.0919769713212
-0.169275581528   0.0884261809781   -0.981593901782
-0.864141583481   0.462870523526   -0.197510005188
0.503225525955   0.798542350287   -0.330294088389
0.00483670613785   -0.384812932797   -0.922981913704
-0.207657053017   0.859535110957   0.46698815977
0.709601992593   0.460959903769   -0.532898657557
-0.67330792394   0.220715563905   -0.705649402614
0.855703285953   -0.299548834081   0.421950687178
-0.456517917331   -0.820935448246   0.34301075926
0.243645803503   -0.486143482743   -0.839226570493
-0.149830750382   0.786812928414   0.598728788285
0.730202268417   0.496337592383   -0.469524910507
-0.666599875067   0.366843849708   -0.648899219057
-0.517327673087   -0.853329989278   0.0648074691418
-0.83186188614   0.51920195676   0.196048796183
-0.200942481936   0.0475106040247   -0.978450234533
0.405200277865   -0.627141271047   0.66521166629
-0.722863659304   0.225692185491   0.653093536537
-0.559714985395   -0.745491021782   -0.361887097817
-0.369663501254   -0.292180833239   0.882031324006
-0.17962952106   0.953836831391   0.240683473147
-0.911637061008   -0.0694669689142   -0.405082965855
-0.665485361585   0.736435926129   -0.121619736159
0.71853584031   0.676184176491   0.162730469348
0.202077905043   0.0209066059154   -0.979146278205
0.202172066751   -0.769377562443   0.605957607291
-0.579421312086   -0.592793594486   -0.559344882373
0.789555190297   -0.238020840989   -0.565640062875
-0.28049639454   -0.898912891219   0.336567061148
-0.868720307624   0.0886183181689   -0.487310805141
0.408223957862   -0.429071564759   -0.805761002124
0.279581981094   -0.95483660858   -0.100603015678
-0.775556634092   -0.162825864893   -0.609917736287
0.565991009791   0.248545345234   -0.786053044138
-0.846083827188   0.0366993875667   0.531785024538
0.341231054658   0.803717659822   0.487441576629
-0.409516208113   0.59387799946   -0.692535484326
0.811179889938   0.221026587366   0.541418907906
-0.465369479503   0.804643554415   0.36875465812
-0.354144650825   -0.551086198353   0.755569697829
0.65929979321   0.721950086691   -0.210028224296
0.749553558631   -0.609138034041   0.259075892797
0.0591036836235   -0.32823608548   -0.942744836512
0.626064330061   -0.779372243655   0.0249471530581
-0.528163600343   -0.400299424999   0.748868200432
-0.573660758548   -0.482015846385   -0.662249241552
0.787718033133   -0.458579641958   0.411345368587
-0.606038128094   -0.696674765869   0.383877660066
0.110535458443   -0.55167833253   -0.826700024098
0.856064304887   0.396086820922   -0.332067969232
0.437040784268   -0.897702091516   0.0559133952941
-0.275951551516   -0.19299270758   -0.941596811824
-0.288144959422   -0.874556239896   -0.390030595748
0.0166939309554   0.402656071509   -0.915199104428
0.957441274977   -0.270221152644   -0.101423535901
0.648865638088   -0.205860993272   -0.732526201004
-0.653671306632   0.341954244114   -0.675115632924
0.389470418125   0.916890694893   0.0873169343475
0.93727159795   -0.253651330857   0.239129575817
-0.301934511049   -0.247835502972   0.920550441043
-0.174234045793   -0.935007254422   -0.308875268459
0.862762431995   -0.378184214215   -0.335585586783
-0.352817068586   -0.925729911437   0.136177263831
-0.362161707048   0.000911695663242   -0.932114835607
0.109542320439   -0.336398205344   0.935327069786
-0.208639022497   0.912245126483   0.352531682972
-0.971838586559   -0.233762864136   0.0297436552313
0.456175202889   -0.33165066454   0.825779644324
-0.863928170534   0.0574601555403   0.500326340185
-0.213382990014   -0.94165076713   -0.26031045376
0.903942874931   0.395990335286   0.161489731013
0.264548130003   -0.814477585082   0.516372491822
0.3360082823   -0.424049428439   -0.840999712525
0.00190301303557   -0.0584233910312   0.998290081049
0.965407888668   0.260399828679   0.0133991687111
-0.26073739095   0.963731620631   0.0568979468527
0.548606486927   0.217015276796   0.807425100018
0.716705936858   0.375233146456   -0.587820283653
-0.43053864237   0.90116838351   0.0503192009876
0.882361634117   -0.379643397182   0.278044668379
-0.178244389498   -0.816478714029   -0.549173421743
0.435507616754   0.435009655655   -0.788098797891
-0.443363145141   0.765173493323   -0.466838994351
0.876362799096   0.479398373738   -0.0465343273107
0.188195020901   -0.42975193353   -0.883117155159
0.839157884273   0.54111501168   0.054850609813
0.316432305579   -0.403706383779   -0.858423992956
-0.442362567639   0.737709766664   -0.509999665608
-0.368163197363   -0.887353302096   -0.277596789188
-0.550133233184   -0.0327908517939   0.834432852772
-0.749539382457   0.459922686218   -0.476090156218
0.400872162512   -0.91359678116   -0.0681353856496
-0.654241194352   -0.23342137476   -0.719362857964
0.641303336133   0.332949520587   -0.691284780539
0.0532210460196   0.675323190421   0.735599149497
0.979843791418   -0.177355425436   0.0919303948018
0.192545227624   0.715879627834   -0.671150276593
0.122792315692   -0.149881915998   0.981049162103
0.80816266225   0.588853037468   -0.0111897993301
-0.576016630447   0.794221324016   0.193435596329
0.452373172028   -0.721443194019   0.524288309076
-0.814656854611   -0.0950654399848   0.572098567867
-0.362894919314   -0.68591710864   -0.630733697856
-0.0963754586963   0.206407935643   0.973708136489
-0.632735784347   0.74245507518   -0.220013382653
-0.768347055807   -0.637303872139   0.0590472386226
0.33506135098   0.656997818989   0.675342695913
0.557856384746   -0.715967220462   0.419746582145
0.759295821849   0.236103377924   -0.606403372233
0.808672620322   0.557020848773   -0.18914641729
0.362583192238   -0.218773908498   0.905909159721
0.463229988071   -0.801165245747   -0.378882867335
0.906221267184   0.28100208673   0.315912712876
0.36892020012   -0.160521535447   -0.9154947966
-0.206545154496   0.94618743593   -0.249135375334
0.346396283399   -0.27540946783   0.896749262546
0.792888253612   0.596828612004   -0.122978962337
-0.50133604711   0.753621412198   0.425108145
-0.518326192105   0.0264545178363   -0.854773722727
-0.824491405275   0.249913496955   0.507697908866
0.227050393538   0.967906711685   -0.107725188646
-0.71870533914   -0.35178023531   -0.599761037028
-0.306670655755   0.934517729297   -0.180636991029
0.624031845654   0.0541043406236   -0.779523557011
0.211463782316   -0.560312405176   -0.800832739949
-0.956678113566   0.0491100293007   -0.286975943321
0.200125100354   0.826824173345   -0.525653622246
-0.315719529983   0.496119235027   -0.808818201467
-0.205535961638   0.796419874485   0.568744540193
0.926323996699   0.345804985738   -0.149474964383
0.269730864723   -0.352185572476   -0.896220164444
-0.0295946672936   0.927244862963   -0.373284234567
0.962480865412   0.127209616966   0.239683743854
-0.504319330762   -0.854590297127   0.123844405107
-0.169982177993   0.23886070226   0.956060470933
-0.846621563501   0.461108435157   -0.265727189506
-0.676190198062   -0.710114335527   -0.196225499166
-0.656048460141   0.701578481413   -0.278187081593
0.335212222318   -0.0593739412327   -0.940269908649
-0.209460054556   0.970029637587   -0.123162444549
0.60636120118   0.227669342774   0.761900757359
0.767106628344   0.0849068463858   -0.635875969186
-0.053601495494   0.745877357648   -0.663923073125
0.937569753779   -0.19121708255   -0.290515032554
-0.343642017919   -0.638046232407   -0.689062528971
-0.908108485668   -0.418717433796   -0.00383260910647
-0.392194061665   0.847306959621   0.358126701284
-0.146706496966   0.326721022912   -0.933665131048
0.524178824876   0.0526468600163   -0.849979333679
-0.281713002773   0.952615053446   -0.114727259256
0.803663078423   0.299587830324   0.514171944296
-0.640717681051   0.0828678587131   -0.763291406463
0.197705669611   0.978439908259   -0.0597311822205
0.741884978546   -0.189177863182   -0.643287194564
-0.0646955719461   0.836832900685   0.543622276311
0.858981392719   -0.230567703328   0.457153695319
0.50790299264   0.496537239805   -0.703907181065
0.239712437028   0.684400788014   0.688573531948
0.853418748038   -0.486671022288   0.186621961631
0.462833002314   0.542905956342   -0.700741560447
-0.756552365993   -0.593564304572   -0.274426554562
0.0767013167276   0.336212884056   -0.938657447958
0.649419298699   -0.731192391189   -0.208835489186
0.90317920214   -0.23599378984   -0.358572530987
0.261385784349   0.964953114899   0.0233014546149
0.34050668211   -0.114771151446   0.933211006276
0.878361310712   -0.21922191744   0.42476247334
-0.271981441501   0.5015357427   0.821272180384
-0.393074424661   -0.836901218608   0.380905299213
-0.868607284197   0.381593550298   -0.316081869476
0.486520949592   0.535908872571   -0.689999308629
-0.0939082075715   -0.753118876852   -0.65114760683
0.406422230707   0.729379498148   -0.55029675455
0.873943119049   -0.486026586688   0.00125765609878
-0.266541544706   -0.481439201471   -0.834968203127
0.40955329032   0.81431374983   0.411289702311
-0.392462136974   0.564250917373   -0.726356918661
-0.823553017984   0.1360662305   0.550678134201
-0.539819805126   -0.694002566676   -0.476397959107
-0.498750616916   0.719598453392   -0.483141685224
0.678116804186   -0.0232056743638   -0.73458770515
0.888579744811   0.416328966571   -0.192603812801
0.232925407148   -0.0477815662189   0.971320069099
0.395185768743   -0.907957660645   -0.139431325964
-0.0387032095298   0.998597567298   -0.0361242322825
0.998746689915   0.0398065224354   0.0303395806734
0.0317350115161   -0.03490471827   -0.998886655075
0.156111220428   -0.903505890001   -0.399132050317
-0.631447550452   0.21944125304   -0.743720059897
0.759541491879   0.368134001687   -0.536259339235
0.660542113752   -0.656175978357   0.364852300784
-0.747560813125   -0.619835606486   0.238655927251
0.0695481605796   -0.43039157329   -0.899958969621
0.285490401736   -0.880976556287   0.377326831525
-0.644514464738   -0.467870997618   -0.604729554703
0.709292841681   -0.070548117338   -0.701374812693
-0.934343758666   0.155820139199   0.320502456875
0.347029680121   0.602406201021   0.718802594657
-0.0810687471078   0.782832583118   -0.616928687168
-0.249763917202   0.438183448035   0.86348899908
0.942983969752   0.312673703931   0.11408938452
-0.219998223753   0.842751695779   -0.491294576407
0.735613034756   0.498977522498   0.458142876338
0.624861369067   -0.238669614226   -0.743360669321
-0.261575481545   0.833101582814   -0.487360257067
0.36395570954   0.308681040835   -0.878778843921
-0.57750495706   0.815026932963   0.0471075696145
0.730769639534   0.4903540696   0.474898536913
0.999944711447   -0.00799097693119   -0.00683508134382
0.00814939694421   0.999691266606   0.0234725115919
0.00664540282731   -0.0235269156218   0.999701116766
0.722851399768   -0.653964100346   0.223196795032
-0.45669724221   -0.694538421053   -0.555917269599
0.518568686686   0.299912215724   -0.800711670983
0.86247416601   -0.157332026458   -0.48102489168
0.185075283433   0.982668989737   0.0104305355544
0.47104718705   -0.0980218856192   0.876644886777
