-0.016243483444   0.361540017241   -0.932215085256
0.380967042463   0.86424775941   0.328542117409
0.924445921513   -0.349806555525   -0.151773225272
0.768575600349   0.491212313039   0.409880482663
-0.070574835427   0.701868071976   -0.708802089546
-0.635854338   0.515840743893   0.574105902937
0.911636582637   -0.0155382169626   0.410703427075
0.0984402379751   0.978453439548   -0.18148935557
-0.399034159873   0.205882078995   0.893523535674
-0.312028402478   -0.920631328839   0.23468325975
-0.711120634462   0.0625053985982   -0.700286026127
0.630036284106   -0.385397238582   -0.67418339434
0.731918553393   -0.470183763956   0.493175890846
0.0899146748604   0.784092645919   0.614096143825
-0.675433625491   -0.405124611358   0.616168375388
-0.543891540255   -0.554212594851   0.630103477333
-0.726501751354   0.686778281271   -0.023039046305
-0.41997285355   -0.470302022197   -0.776169317996
-0.813061272515   -0.353857671986   -0.462294403073
-0.58056614292   0.551875196801   0.598645739024
0.04329342712   0.755128144842   -0.654146133548
-0.932206153767   -0.340156846924   0.123632545756
-0.350387886129   0.933767371386   -0.0728479607718
-0.0906643046271   -0.111228663685   -0.989650528339
-0.737952855426   -0.673240435882   0.0466143611145
-0.633345833508   0.7147617757   0.296628823913
-0.23302068223   0.189375076215   -0.953854518342
-0.902799848257   0.404145550105   0.147033357841
0.322868319798   0.862781901451   -0.389054544505
-0.284092382965   -0.303765970542   -0.909405164424
0.973045259821   -0.0513795214247   -0.224817853201
-0.215370652974   0.146088437388   -0.965543189246
0.0824524358494   0.987936391292   0.131085020436
0.800197955778   -0.348646665672   0.487984358443
-0.371641767412   0.350349826587   0.859731001957
-0.470707582564   -0.869310359726   0.150777552009
-0.346595196582   0.763022622228   0.545589816322
0.654461865257   -0.219968607983   0.723390267025
0.671975770866   0.60779132066   -0.423129145651
0.581692173462   -0.778767647993   -0.234851369537
-0.775184489464   -0.443279171352   -0.450102858845
0.246420824259   0.443874449237   -0.861540626254
-0.155082015434   0.302092792445   -0.940579349785
-0.934357153366   0.264341529487   0.238956618952
0.320821256219   0.915894917849   0.241267944445
0.820452450606   0.224929927997   -0.525608508099
0.0514569069869   0.88657047066   0.459722728693
0.569394382672   -0.404226827468   0.715814716904
-0.0820274351889   0.804438605727   0.588345161867
0.984123937658   -0.02784851764   0.175284156139
0.157389882789   0.593382667156   -0.789382945797
0.808507500291   -0.490424124629   0.325268811838
-0.519662350439   -0.854364408029   0.00353550966119
0.276164196645   -0.171888441363   -0.945614985191
0.396108260519   0.909690981695   0.124741988804
0.918202756462   -0.392641707624   -0.0523085792193
0.00139426471529   0.135258298291   -0.990809390735
0.304696556627   -0.819449741912   -0.485450439139
-0.0890600734722   0.482940611247   -0.871112317283
0.948276495381   0.308659175289   0.0741700870809
0.744924948926   0.556425769739   -0.36807225274
0.291203239692   0.225190001268   0.929779617179
0.600239530238   -0.799799866279   0.00571666339691
-0.577324603274   -0.302396941678   -0.758453948581
-0.163896168017   0.952904367169   -0.255169185324
0.799896461152   -0.0230077528955   -0.599696835695
-0.245714291134   0.82064512203   -0.515912851963
0.740698794929   0.502279050798   0.446184995624
0.62529175776   -0.272501997824   -0.73126799387
0.0661616083104   0.88925792531   -0.452595828371
0.948891098171   -0.196354209312   -0.247084415327
-0.308590870568   -0.413116650304   -0.856800039592
-0.342378318935   0.49519413235   0.798473454793
0.626977668462   0.753357551947   -0.198371878485
-0.699768597447   0.432706794735   -0.56840895473
0.840148206497   -0.371215726013   0.395411021447
0.214673565828   0.897127633114   0.386105257718
-0.498062497339   -0.239501345849   0.833410375554
0.0260365827172   -0.821747032387   0.569257332955
-0.253933021357   0.545335244095   0.798828825351
-0.966871303238   -0.165352007275   -0.194470040534
0.784051689916   -0.0878020663735   0.614454021616
0.0192259424012   0.992904732827   0.117348006666
-0.620397703637   -0.0801934453068   0.78017671117
0.783196442319   0.612178425422   0.108815937188
0.618223416841   -0.748028464546   -0.241357044847
-0.0663561572664   0.256302539348   -0.964316270067
-0.387052938016   -0.918304759962   -0.0831046990475
-0.717509233739   0.243356449321   0.65265468517
-0.579111839521   0.312240302338   -0.753083973354
0.809871397988   0.585023604896   -0.0430778415908
0.386122807034   -0.586926054742   -0.711636834455
-0.441607853881   0.559700980864   -0.701225580973
-0.588695158105   -0.4622762516   0.663127949969
-0.807122137616   0.290853044444   -0.513768782146
0.0446303236949   -0.837678442927   -0.544337175345
0.577624084068   0.130337464688   -0.805830356094
0.792667447549   -0.325386522001   0.515559820871
-0.195009576945   -0.936555260835   -0.291265357193
-0.267677784018   0.0580209442988   -0.961759935725
-0.623752791905   0.750352017292   0.218870520483
0.7343575822   0.658487220961   -0.164661839227
-0.391213048113   -0.675133570502   -0.625417470949
-0.656160500169   -0.2718842598   0.703940585057
-0.645295086765   0.685764982523   -0.336631311291
-0.211632751273   -0.766074210351   0.606911758679
-0.842261271536   0.457964971349   0.284366023793
-0.495789803302   -0.450997105592   -0.742155025375
0.174535928088   -0.976616388277   0.125529438597
-0.191094267069   -0.158658706178   -0.968664232873
0.965929702877   0.145078754826   -0.214317437457
-0.00441107462103   -0.0779074819319   0.996950834635
-0.688241050231   0.723507197257   0.0534938528714
-0.725468675545   -0.685906524081   -0.0568105714216
0.661917735082   0.736317089684   -0.140364010424
0.744329816022   -0.623540734888   0.23910264933
0.0885326886785   -0.262743402152   -0.960795434867
-0.261637338254   -0.964519219449   0.0353352309341
-0.709759871643   0.167463309116   -0.684249197811
0.654054147481   -0.20410466779   -0.728391691846
-0.642291905888   -0.747927601032   -0.167527344767
-0.170375321169   0.352426284467   -0.920199958679
0.747283987228   -0.562494460089   -0.353788955173
-0.305694496729   0.236688468384   -0.92224153214
-0.920236165914   0.175152071474   0.349981643522
0.244369133921   0.955667473964   0.164266264322
-0.082796267017   0.378269640581   0.92198528035
-0.855450019185   0.447617470427   -0.260468548666
-0.511224063248   -0.810278149269   0.286529715689
-0.521439740116   -0.179325455315   -0.834231969241
-0.459126427322   0.883041698333   0.0971611174305
0.7192381533   0.433681611418   -0.542786089317
0.582039923216   -0.810105025512   -0.0704228331153
-0.386349513428   -0.351704928448   0.852665055447
-0.715516303977   -0.469077276092   -0.51768999198
-0.296339914265   0.114830369278   0.948154334223
0.952383234507   0.110113497748   0.284325855741
-0.0717553471359   0.987263391353   -0.141993542994
0.552595167335   0.00958609081212   -0.833394677149
-0.806779356673   0.257086255948   -0.531990344507
0.209154609522   0.966340914929   0.149798482804
0.0110198654061   -0.911111037587   -0.412013640251
0.231664625111   0.403154331273   -0.885323718562
0.97273329543   -0.0856928372899   0.215514903425
-0.142482828749   -0.603278289379   -0.784699910205
-0.739968053097   0.591457177583   -0.320352442602
0.657378067711   0.535008142601   -0.530679153013
0.82026614087   0.5719042149   0.00943541850724
0.560657948691   -0.807183327113   0.184709883332
0.113252473314   -0.146221220796   -0.982747796679
0.533418235321   -0.269078586287   -0.801911279774
-0.0905375599137   0.92444240579   -0.370417586815
0.840992233301   0.270190586028   0.468752718125
-0.462755325004   -0.80954318762   0.361244150899
-0.814778826385   0.227852073766   -0.533121840254
0.349274925031   -0.541039055762   -0.765038408765
0.876251046445   0.433247735655   0.21090401408
0.406961301944   -0.899762533702   0.157511528678
0.258005043215   -0.0521898696758   -0.964732924274
-0.234923975119   -0.966440353715   0.103941178676
-0.369568332444   0.187711239344   0.91004600888
-0.899016114188   0.175378257872   -0.40126362045
0.53678494877   -0.712293331408   -0.452216904599
-0.842503478478   -0.481278499206   -0.241989452154
-0.0452748001205   0.510890610829   -0.858452663949
0.111037529064   -0.957864870274   -0.264887820472
-0.596365947654   0.148992832197   -0.788764091749
0.794995801007   0.24555249184   -0.55469419515
-0.337951006806   -0.562740010785   -0.754395650346
-0.735386615573   -0.342349604425   0.584810459881
-0.587363296976   0.752409747818   -0.298134078484
0.139122881982   -0.630308739372   0.763777269091
-0.694707314975   0.487522175542   0.52887037625
-0.705709976002   -0.604179626788   -0.370054601843
0.598491880131   -0.260543342451   0.757578138624
-0.799074398874   -0.126462515174   0.587781708903
-0.0573373742183   -0.957143875789   -0.283880303222
-0.948632851876   0.316375930718   -0.00140812099739
0.127190908393   0.385441426255   0.913924165206
0.289686356538   0.866799387049   -0.405882541441
-0.449288886601   0.704343306863   -0.549581661316
0.864559896048   0.187780899329   -0.466127150027
-0.225112599652   -0.684572012227   -0.693314847348
-0.973934410265   0.206978901372   -0.0927981620969
0.226601306042   0.906164534536   -0.357096183751
0.0101790275652   -0.368816445859   -0.92944651092
-0.0434655581005   -0.978747730565   0.200408645456
-0.791396108072   0.156162926446   0.591020592308
-0.609756463998   -0.132913582144   -0.781364853506
0.505248575656   0.658785603498   -0.557427488936
0.858271863644   -0.450937445583   0.244999649486
-0.0899626860148   -0.602210053715   -0.793252649747
0.890319385199   -0.418528614881   0.179346566356
0.220395425355   0.740766429013   0.634579352115
-0.398443532788   -0.525451135857   0.751760503755
-0.942966988034   -0.00874327895972   -0.332771414864
-0.109332444966   0.952334186117   0.284791176883
0.314419585833   0.304931390686   -0.898975623151
0.698812413209   -0.686974608121   -0.199316579696
-0.309773654934   -0.541806007247   0.781336376486
-0.64474917127   -0.484264533398   -0.59142739862
0.138504436944   -0.726505369121   0.673057552952
-0.988592334091   -0.142029339305   0.0501284724827
0.0591753151557   -0.672322553106   -0.737889332259
0.122976059659   0.962331611102   -0.24247630611
0.908877117786   -0.207327347621   -0.361880858423
-0.39852135892   -0.175878484194   -0.900137481323
0.461287411709   0.886277572564   -0.0415450137783
0.322383371452   -0.123801261838   0.938478667514
0.826609270218   -0.44630181709   -0.342829115525
0.507409260554   0.0556146846893   -0.859908628373
-0.82168272322   0.331820364496   -0.463392649994
0.259563758383   0.941701785361   0.214066351352
-0.0927136169312   0.220875986461   -0.970885154815
-0.948904247485   0.275793751111   0.15335754286
0.301637057305   0.935495379707   0.184020325527
-0.842697340647   0.438100055796   -0.312936947608
0.330732130183   -0.0374050739811   -0.942983095556
-0.424826376454   -0.898147650196   -0.113372608316
0.152349473475   0.620848114108   0.768984562355
0.0066818461349   0.777402376884   -0.62896812109
-0.988304098375   0.100961198606   0.114288431225
0.597081977449   -0.694772623599   -0.400978944215
-0.546154442293   0.0140301399974   -0.837567000505
0.587544413104   0.719092592557   -0.371076011028
-0.751934563873   0.625053695791   0.209528730801
0.182947701546   0.50320268952   -0.84458107471
-0.633343943014   -0.596736902359   -0.492727631872
0.3158087872   -0.0118123363859   0.948749323392
0.948757306059   -0.00782202593471   -0.31590883196
0.0111527632035   0.999899637273   0.00873677592382
0.584097946369   0.332380501535   -0.740508468046
0.635595764967   0.380114038939   0.671960818023
0.504824338364   -0.863154980059   0.0107641903969
0.292713424873   0.82174579409   -0.488930159424
0.948685991472   -0.185599948428   0.256022555117
0.119640045486   -0.538782432007   -0.833906319965
-0.390334678369   0.919711151904   0.0420741717125
0.649181872702   0.242538900552   0.720928413834
0.652841278579   0.308717150126   -0.691731151677
0.875544521646   0.412190943009   -0.252032571541
0.42570782307   -0.411506629176   0.805875389574
0.228461462819   -0.812872019844   -0.535765283834
0.26409786754   -0.926050735994   0.269596644502
-0.955063617557   -0.212094811526   0.207048973294
-0.134557804602   -0.312163138903   -0.9404511534
-0.410275111677   -0.512081296239   -0.754617173659
-0.83338818641   0.546537794766   0.0822226832725
0.370322107754   0.662622958351   -0.65099335755
-0.0801247196766   0.787902245864   0.610565377548
0.996450077344   0.0791866076782   0.0285783926319
-0.025831621276   0.610687753379   -0.791450058573
-0.0426950238794   0.640044222403   -0.767150916251
-0.694354890809   0.533091770853   0.483409194636
0.718365102539   0.553314157796   0.421657470273
-0.160893644704   0.788973627822   -0.592987225575
0.689109362293   0.519922364869   0.504786114418
0.706570252625   -0.327416171119   -0.627341317781
-0.127733659929   0.20598839269   0.970181887173
-0.520508623206   0.818737215899   -0.242363661612
-0.844248118321   -0.535946035883   0.00263843356857
0.943322924891   -0.310818233338   0.116335227685
-0.294689672194   -0.945701649282   -0.137136383384
0.152642905101   0.0950811041719   -0.983696969169
0.687274950954   0.601100383798   0.407837553922
0.560878740959   -0.0823569868628   -0.823791457018
-0.461593088913   0.794918646977   -0.393746320562
-0.101052238387   0.180864538423   0.978302848743
-0.837938974125   0.514630659942   -0.181696338679
-0.5363270651   -0.838118907189   0.0995488656523
0.34447178395   -0.257686240928   -0.902738606297
-0.419693693135   0.817879372741   -0.393612163923
0.839759723972   0.514461983903   0.173587076458
-0.546713982898   -0.270425398245   -0.792448058164
-0.602307724244   0.784454895832   0.147837484153
0.581660748392   0.558122406277   -0.591751766699
-0.158836103014   -0.874866665574   -0.457579949131
-0.817330596234   0.376502683852   -0.436138080787
0.553842747392   0.30471961952   -0.774857512476
0.76374838311   0.559397987046   0.32212155995
0.586060921097   -0.391717559071   -0.709288341
-0.270593799003   0.730500681727   -0.627014951925
0.966666283864   0.255638441264   0.0143277000249
0.0674286894495   -0.308158670367   0.948942361641
0.247001351168   -0.916344488294   -0.315123961791
0.971201371322   -0.0785001019113   -0.224956952196
-0.201058432291   0.236581220091   -0.950581313253
0.127841320184   0.968435367126   0.213984897956
0.911988926631   0.351237952589   0.211915309411
0.128923854289   -0.735834828203   0.664774958463
0.389428860637   -0.578946462348   -0.716356165771
0.927016752117   -0.343815630657   0.149769000167
-0.290469723296   -0.910876596302   -0.293140181753
0.237207253563   0.228242499167   -0.944265894985
-0.317330288078   0.835718755738   0.448191532246
0.784083571964   0.49705574693   -0.371683382221
-0.533398950546   0.233473222773   -0.81300419052
0.453909807565   -0.865184647591   -0.213122997751
-0.890065241849   -0.429020621644   -0.154029774579
0.0418300352562   0.259608997875   -0.964807450413
0.308046811323   0.789945151484   -0.530182817225
0.7357400067   -0.551113204203   -0.393650706457
-0.603153218158   -0.268813864599   -0.750962916278
0.508060838579   -0.12883788161   -0.851630779484
0.035613127646   0.991046073029   -0.128683278917
0.860584620733   0.0350496989408   0.508100018857
-0.634436143191   -0.0213646083975   -0.7726799685
-0.293177179099   0.931577719726   0.214965331544
0.715218793006   0.362913909376   -0.597290191208
0.65893490819   -0.525324437215   -0.538366996047
-0.543508225852   -0.827300489187   0.14203066226
-0.520003456911   0.199017929483   -0.830655324756
0.106142935528   -0.981586909859   -0.158810628206
-0.888054792754   -0.165427540733   0.428943369028
-0.447316847775   0.095503231155   -0.889261924596
0.516027693565   -0.785925363122   -0.340641663741
-0.81620283089   -0.330507870506   -0.473896071287
0.25986219102   0.52257618692   -0.81202572037
0.965770633143   -0.00827752525378   0.259265436828
-0.0850034003974   0.934203232575   0.346466076504
-0.245074490878   -0.356645205804   0.901522429615
0.958178397802   -0.0214824320541   0.285364088664
0.269218053531   0.405790835784   -0.873415958892
-0.0970350330499   0.913713468603   0.394603471416
-0.480157374002   -0.739063562642   -0.472476397894
-0.602445002062   -0.113657976119   0.790026508387
-0.637580517019   0.663978098163   -0.390671434172
0.167671665934   0.985493961912   0.0262271515297
0.928612798146   -0.148949648543   -0.339841541485
-0.331005262138   0.0813366659836   -0.940116941238
0.529392831457   0.501568391619   -0.684231231771
0.191614929032   0.714987011039   0.672366933317
0.826454444585   -0.487055153524   0.282401006464
-0.70350919058   0.167789629253   -0.690595003664
-0.679588695333   0.125475051597   0.722782966458
0.207927929689   0.977805017241   0.0257550832479
0.858261990226   -0.49329669187   -0.141579412074
0.0968072297119   -0.115305180769   0.988601575744
-0.503998726594   -0.862185066606   -0.0512073677639
0.756109286461   -0.653728646228   -0.0306203205106
-0.654411220684   -0.754763811175   -0.0455800788039
0.00668589340343   0.0545018021843   -0.998491288088
0.455361292166   0.12249791397   0.881839188668
0.855335583878   -0.335072173857   -0.395129949838
0.247077179337   0.934195321857   -0.257355722826
0.696331619005   -0.715830470266   -0.0520481912499
-0.678529758538   -0.632940173402   -0.372805718401
0.233922301526   0.29491265611   -0.926448531822
0.661227416964   -0.716884888911   0.221030222157
-0.747440082992   -0.604379385762   0.275787745202
-0.0641219571798   -0.347565265983   -0.935460720976
0.832536872467   -0.262598621209   0.487774866227
-0.368586475602   -0.919904367413   0.133865472835
0.413553341162   -0.291235160915   -0.862644605304
-0.529462471559   -0.277994453394   -0.801491469133
-0.734361611974   0.623194537266   0.268963922451
0.424714626624   0.730990870397   -0.534106574878
-0.352742220941   -0.608513124146   -0.710833808501
-0.247178121558   0.793277060802   -0.556430122323
0.90248318643   -0.0205738316216   -0.430233443219
0.3635251967   -0.179554467746   0.914116854935
-0.138761110355   0.959866828327   0.243723257262
-0.921192046002   -0.215443414822   0.32402060026
0.999999986252   -9.99765095966e-05   -0.000132293950132
9.99916681179e-05   0.999999988436   0.000114580467775
0.000132282493247   -0.000114593694493   0.999999984685
-0.760446770918   0.287793095204   -0.582147612684
0.61176277212   0.618222361299   -0.49350524074
0.217869271006   -0.73142070407   -0.646186300078
0.927294674271   -0.0455817692837   -0.37154661804
0.173078415569   0.932299064218   0.317588282091
0.331916328511   -0.358804622554   0.872405177484
