0.0655439583398   0.327922953315   -0.942427995241
0.583419958915   0.753613644146   0.30279964811
0.80952155071   -0.569677989785   -0.141921974654
0.591292579821   -0.319721179097   0.740372509407
0.58963704974   0.797712063015   -0.126426318836
-0.550182910151   0.511306006377   0.660200676477
0.910908844743   0.189862189224   0.366329668021
-0.104403525952   0.965008289733   -0.240538779651
-0.399180385714   0.180862792886   0.898856868367
-0.619627124626   -0.601659046572   0.504052197799
-0.784879231519   0.4791993722   -0.392851821446
-0.00517864440646   -0.63904174618   -0.769154619229
0.711383690919   -0.275087640249   -0.646730264079
-0.148397930464   0.840672540742   -0.520814490463
0.686958003467   0.466472367268   0.557218298379
0.00885440014363   -0.535450451836   -0.844520226653
-0.99378551603   -0.098426648475   0.0519859884905
-0.110959216505   0.838811664498   -0.532994412517
-0.777155874622   0.32664869747   -0.537893460623
0.625669095527   0.309270771804   -0.716163230423
-0.0675790606781   -0.89311377671   -0.444725592257
0.604165587531   0.775811419244   0.181935660643
0.751823046338   -0.630632756711   0.192521253784
0.264094774348   0.0204687062177   -0.964279514574
-0.850261042604   0.503565462877   -0.153225272159
0.507431155176   0.861550173586   0.0156499568918
0.139892037612   -0.06444472819   -0.988067353383
0.823624582673   -0.425877453851   0.374527623972
-0.326316442954   -0.895981439898   -0.301222240906
0.463853560809   0.125879520416   -0.876923155393
0.61266059127   0.281808467563   -0.738397580924
0.55899506695   0.505962008489   0.656907117552
0.558723111237   -0.815221708234   0.152453440089
0.265397747545   0.211537955577   -0.940646442054
0.357147665144   0.884656567298   0.299713702088
0.895549876266   -0.415493021948   0.159235573388
-0.133781266515   0.933473435127   0.332761053372
0.870988472307   -0.0494233632881   0.488811223551
0.472738462406   0.355224826094   -0.806432681064
-0.599366660552   -0.530436135779   -0.599497382878
-0.727155503303   0.673912111785   0.130718551115
0.334670704177   0.51427616263   -0.789630007229
0.672149204502   -0.708285227289   -0.215748658608
-0.334986333885   -0.0310437324762   -0.941711443482
0.660302660147   0.705243449795   -0.258131891723
0.884383025131   -0.326960089472   0.333112240472
0.0725873984541   0.801323541837   0.593811123913
-0.461083218568   -0.500976727194   0.732410120332
-0.322266490224   -0.521273127813   -0.790201642304
-0.860796466443   -0.185988796173   0.473748468132
-0.393920997966   0.832876037546   -0.388772109909
0.67035989135   -0.704383245142   0.233370649467
-0.676582827372   -0.709363717479   -0.197582372772
0.304718384372   -0.0254432758979   -0.952102592128
0.0532897842915   0.908010346565   -0.415544714105
0.963400803732   -0.156230153567   -0.217832574437
-0.262714845906   -0.388727860651   -0.883103368861
0.454616289465   0.246231999158   0.855975368772
0.750456875321   0.411720797489   -0.517011086146
-0.47972753479   0.877414262197   0.00238848455783
0.825247778119   -0.412983628828   -0.385240998635
-0.348376184104   0.164647035641   -0.922781332713
0.444522371832   0.895732033576   -0.00799906037188
-0.529978851759   -0.140624004852   0.836269876265
-0.488910426062   0.856427032985   -0.165829226798
-0.69288455891   -0.496747044714   -0.522640757684
0.982337130197   -0.174782652972   -0.0668190605779
-0.0820466814913   -0.72326406964   0.685680266323
-0.168172841721   -0.668086902871   -0.724829487203
-0.407472211553   0.559787882924   -0.721528878801
0.710878183546   -0.301533069931   -0.635397525882
-0.573252653697   -0.771825973824   -0.275074646523
-0.059225820378   0.7623619403   -0.644435081434
0.702104732422   0.490717638952   0.51598948006
0.709606402812   -0.421901020151   -0.564321080844
0.823694101015   -0.372303246436   0.427689514306
0.225833278354   0.907248589491   0.354822951983
-0.520122445528   -0.19567904732   0.831373774002
-0.00746919903644   -0.574942868714   0.818159464152
-0.52048109496   0.700851940187   0.487756074001
-0.853840524252   -0.422193386556   -0.304481696484
0.82970849535   -0.0099126986039   0.558108906173
-0.177046045171   0.943544161196   0.279962700663
-0.529375585603   -0.331098405734   0.781111602198
0.664835702635   0.710519079123   0.230556124848
0.615831423979   -0.696030733909   0.36917864875
0.422782622327   -0.103459439667   -0.900306058295
-0.864911164918   0.437310009326   -0.246350629274
0.353509465547   0.879167917947   0.319522815808
0.356314095384   0.189271571547   -0.914995375745
0.857537139418   -0.475608352959   -0.196027419293
-0.201737760362   -0.661459730408   0.722338494815
-0.473214465717   -0.579885953997   -0.66317444899
-0.280269662253   0.469502673421   -0.837267075712
0.892881239002   -0.192731484632   -0.406961506619
-0.352437241873   -0.861639027947   -0.365193340656
0.993228931988   0.0631016105192   -0.0975421724816
0.116128751649   -0.515971748907   0.848697394464
0.00322516710656   -0.854278257408   -0.51980598036
0.0727607628062   -0.40099912899   -0.913184302288
-0.805335224462   0.516497733183   -0.290972967573
0.588337528666   0.756590900135   -0.2853579545
-0.333785757072   -0.921996341867   0.196239175395
-0.920804174472   0.274349872461   -0.277221607665
0.201759115412   -0.27323047609   -0.940552160321
-0.591230956813   -0.714957427722   -0.373204812738
-0.246076807463   0.600596777379   -0.760742871035
0.768044374066   -0.357937686683   -0.531025848634
0.911287694082   -0.316731828806   0.263126751275
-0.398824757465   -0.519950814892   0.755374054973
-0.102438037119   -0.793304543485   -0.600145273943
-0.0141185581983   -0.00964376661301   0.999853821356
0.763140313575   0.646008999621   0.0170068869966
-0.646078577351   0.763268871482   -0.00176116858072
-0.556924155603   0.813859476176   0.165735445648
0.562057713111   0.22238736362   0.796639810476
0.611495390039   0.536820839331   -0.581288890674
-0.276766283339   0.919823251356   0.278074829266
0.880126876315   0.358801269075   -0.310867063065
-0.385716354326   0.158703609206   -0.908865258677
-0.731865761539   -0.141543649705   -0.66658675528
-0.589881691243   0.62135587923   0.515709668013
0.341192170812   0.770637571478   -0.538243101213
0.672279905878   -0.736541232494   0.0744764458676
-0.214897448799   -0.290434459423   -0.93245209597
0.708419942303   0.610864009102   -0.353534082843
0.0521571452919   0.279378581214   0.95876339133
-0.949929572453   0.310061528894   -0.0386737078608
-0.308080248596   -0.908740588209   0.281561900417
-0.239577412407   -0.967305054375   0.083208144103
-0.00367553365588   0.0866071188943   0.996235763968
-0.970870307465   0.238369752145   -0.0243044717236
0.838941487576   -0.367947642556   0.400988419735
-0.542789128111   -0.512289420021   0.665537010646
-0.0394606491195   -0.775998764479   -0.629498828195
0.115309794744   0.420688014018   0.899847345997
0.993161542695   -0.0321649764624   -0.112229962133
-0.0182702311793   0.906634992238   -0.421520093829
0.777004780613   0.54450050019   0.315884118305
0.261293257811   0.177558967535   -0.948787988157
-0.572703592032   0.819751192949   -0.00431014295923
-0.166727148713   -0.384578652602   0.907910412896
0.12733529466   0.904689839961   0.406598101575
-0.977746276196   0.183399982098   -0.101865921438
0.485967061849   -0.419577802035   -0.76667495253
-0.867105952995   -0.121684917334   -0.483032138863
0.109376784916   0.899526124653   -0.422953271637
0.0816891816142   -0.988220459363   0.129410978293
-0.930358013112   -0.122176441753   -0.345697677918
0.357436490925   -0.0921587802448   -0.92937931663
0.646763476349   0.601588103002   -0.468816339292
-0.180718862143   0.718061537223   0.672107373585
0.740970781156   -0.349970546028   0.5731342935
0.524825100171   0.827479813861   0.199589007422
0.827654346359   -0.550854816389   0.107458150987
0.198864016813   0.108793974622   -0.973969698657
-0.853972576067   0.477792921533   -0.206021269433
0.52029676979   0.780567900136   -0.346417413856
-0.00470219857145   -0.403023172299   -0.915177694177
-0.214082281265   0.857031760339   0.468684689977
0.708038298461   0.466694191658   -0.529979527326
-0.672941709779   0.218387484173   -0.706722266521
0.863875793166   -0.32167536297   0.387612660836
-0.460789429789   -0.815498966962   0.350192141944
0.203449540124   -0.481130331348   -0.85271442399
-0.134740583379   0.745304305945   0.6529674316
0.786244500567   0.481467318155   -0.387309704082
-0.603046068322   0.461205716668   -0.650864599125
-0.517994111797   -0.855041173577   0.0242217182029
-0.820089659426   0.504471867981   0.270113096532
-0.243176994485   0.120053012891   -0.962523882015
0.387583698732   -0.623499651144   0.678989735932
-0.729014401852   0.243487768178   0.639727839507
-0.564195780177   -0.742941378422   -0.360168335448
-0.383850286793   -0.274720437635   0.881582462663
-0.112789148399   0.961518582781   0.250520703677
-0.916481077455   -0.00327049125364   -0.400064667966
-0.657036823056   0.746036195543   -0.108317164328
0.722614654684   0.664207384924   0.191459161829
0.214780525154   0.0475241491361   -0.975505397865
0.183261951808   -0.752265295747   0.632860159777
-0.555062307907   -0.610509298879   -0.564963919488
0.811369762415   -0.247740430282   -0.529437236925
-0.237535127895   -0.907366737458   0.346789081101
-0.877785575394   0.0476066202225   -0.476682382034
0.416016281709   -0.417635263676   -0.807781678356
0.259419601873   -0.96326780099   -0.0694018280739
-0.757137365841   -0.158241968173   -0.633800038463
0.599536887449   0.216966870937   -0.770377113824
-0.840649904296   -0.00532309678475   0.541552770326
0.406202111602   0.655171134269   0.636985580175
-0.358200478695   0.755461745862   -0.548607298166
0.809696569079   0.218108197755   0.544812151199
-0.464350839177   0.805792833281   0.367527152723
-0.358845042014   -0.550569454207   0.753726417155
-0.538909240921   -0.803048301759   -0.254342790523
-0.779534899734   0.589860079112   -0.210690358506
0.319221193135   0.0847261005365   -0.943885224877
0.636377151892   -0.771310402076   0.0102168586015
-0.513427376029   -0.413649094633   0.751855542012
-0.575687806101   -0.483709303363   -0.659248708567
0.779922772793   -0.454182829213   0.430625621771
-0.612802538495   -0.694041486962   0.377861698496
0.127253751584   -0.558591417786   -0.819623151628
0.857142243008   0.387871369389   -0.338914408162
0.430067236273   -0.901027647237   0.0564920454556
-0.28345960477   -0.194177701405   -0.939119626427
-0.295261502526   -0.862131583267   -0.411764226542
0.0129345735317   0.427332274194   -0.904002115175
0.955328918192   -0.272243017479   -0.115023464999
0.638718694481   -0.186568782324   -0.74647874637
-0.66804474675   0.346906249453   -0.658310162788
0.381778267663   0.919156212813   0.0969392118193
0.942522604511   -0.264924466876   0.203632430707
-0.271249945228   -0.250746757964   0.929273657533
-0.195127156488   -0.931096713677   -0.308195234519
0.840379875113   -0.376086681304   -0.390282556171
-0.34760025581   -0.926472653285   0.144299982245
-0.415855416781   0.0143955153056   -0.909316799291
0.124919523748   -0.424097865874   0.896959370734
-0.157392459534   0.884122686716   0.439948506665
-0.979603351499   -0.196132799388   0.0436943787662
0.470686167581   -0.328981756722   0.818673033263
-0.857861624145   0.0462350056813   0.511796598337
-0.206223096349   -0.943203757411   -0.260458646503
0.907718836383   0.399947074068   0.126841838601
0.286197595205   -0.811253911826   0.50986079183
0.306818269623   -0.426508415498   -0.850854347662
-0.0332753384574   -0.10264518173   0.994161314133
0.963130990935   0.262409315542   0.0593299706447
-0.266967125599   0.959481796484   0.0901289968055
0.535114007822   0.217717108323   0.816242769876
0.72031612833   0.387214340302   -0.575508236199
-0.441358894665   0.895915350582   0.0503786729863
0.909768857907   0.375352930918   -0.17728734426
0.228533248995   -0.809412789188   -0.54094684656
-0.346544628132   0.451620541994   -0.822159173617
-0.353448386779   0.806423357261   -0.474083965925
0.922391286994   0.384839163618   -0.0330625441138
0.155783669107   -0.448976822353   -0.879858659916
0.837211281362   0.542351622624   0.0702281125785
0.330311915509   -0.399137560323   -0.855326397589
-0.435856982085   0.739286091697   -0.513307671666
-0.369537393079   -0.891960906588   -0.260476210498
-0.558331177885   -0.0109340869466   0.829546105737
-0.742770766063   0.451980294771   -0.493969029617
0.412047964053   -0.909826386873   -0.0493195809968
-0.641266166458   -0.251116650144   -0.725064225967
0.647297596996   0.330388216754   -0.686912983684
0.0349950341681   0.663305407874   0.747530122115
0.978012273677   -0.176603170216   0.110920299349
0.205590223799   0.727211974706   -0.654901064073
0.112697206551   -0.167380866756   0.979429928622
0.808686109301   0.588192984697   0.00746922867022
-0.577344018986   0.791209617104   0.201646288196
0.453504886702   -0.729372599042   0.512200087373
-0.808310544411   -0.094493616918   0.581123928397
-0.375456231178   -0.677559272779   -0.632412879644
-0.0975460176464   0.179698281986   0.978873486153
-0.602343304035   0.772307293623   -0.201801854058
-0.792254579365   -0.609302857099   0.0329045560087
0.319060839072   0.679890046906   0.660264874947
0.58332339835   -0.689960773868   0.428588314656
0.746949793432   0.248402203375   -0.616735236103
0.804449604715   0.561937442899   -0.192580226765
0.366740289534   -0.214797879396   0.905186959164
0.467292620856   -0.798804219615   -0.378879169682
0.891527003712   0.315353349446   0.32516436866
0.384300001805   -0.146590661781   -0.911495851056
-0.239777209647   0.93758383245   -0.251879826231
0.348997008068   -0.260321546252   0.900240957142
0.782469456001   0.609586328978   -0.127067139534
-0.515696266019   0.748757103526   0.416437463653
-0.510180096007   0.00994915267535   -0.860010048778
-0.831867485868   0.24824612763   0.496357075171
0.218432496655   0.968645897363   -0.118373856605
-0.735118543087   -0.302298811552   -0.606808170795
-0.270545438714   0.951529130041   -0.146278775888
0.621615550964   0.056636942168   -0.781272272375
0.200347505945   -0.64975363455   -0.733267407738
-0.92861207741   0.112648323867   -0.353539198419
0.312314723557   0.751751667453   -0.580800261648
-0.311930225664   0.54804733948   -0.776108013105
-0.223712209172   0.751532006726   0.620606550348
0.923391781307   0.367210779466   -0.111820667406
0.268614257505   -0.367980083976   -0.890189327313
-0.00312803908322   0.923815885614   -0.382824274125
0.963242750316   0.105616605156   0.246999062101
-0.509029453419   -0.847504878304   0.150414416874
-0.185694191284   0.278759303793   0.942237187693
-0.840480031218   0.451695397143   -0.299273429031
-0.666570796256   -0.717693307782   -0.201493646408
-0.663958974377   0.694489758226   -0.277204718689
0.338883245266   -0.0509930552498   -0.939445503685
-0.221375482656   0.96678103761   -0.127778405833
0.598236252956   0.238111114296   0.765125141985
0.770133937266   0.0929382728849   -0.631075428221
-0.0103520268161   0.733260665517   -0.679868834369
0.930124404147   -0.242544605243   -0.275754795565
-0.367098662965   -0.635217215504   -0.679512811341
-0.951169185612   -0.308659922516   0.00249651252031
-0.274877969191   0.850690517785   0.44807113833
-0.140425362367   0.42550522345   -0.893994419681
0.522677975654   0.0305524861265   0.85198255813
0.20309414848   0.966123779742   -0.159240726793
-0.827985809431   0.256264292885   0.498766590273
-0.64441110205   0.0272104283885   -0.76419495166
0.215240278891   0.965414523413   -0.147127224966
0.733761510232   -0.259295951704   -0.627980617162
-0.0824777735832   0.827084691234   0.555993102827
0.850027483205   -0.232848816301   0.472477202142
0.520240996714   0.511578285577   -0.683839866536
0.258134766786   0.646919903083   0.717538208858
0.825038210009   -0.534046458491   0.184678997721
0.50267125858   0.544324369442   -0.671589596874
0.100240377913   0.984415719426   -0.144490684763
0.76076255358   0.0177613836984   0.648787230392
0.641242702654   -0.174957779469   -0.74712620868
0.904216997987   -0.246083280894   -0.349048190678
0.274180337793   0.961123327204   0.0326663783072
0.32743970883   -0.125239645354   0.936535246701
0.881005906929   -0.228471802879   0.41428157966
-0.259155222389   0.499549994256   0.82661259
-0.395812029459   -0.835613809441   0.380896834861
-0.872412874736   0.390273383879   -0.294248979319
0.484452337743   0.610612346177   -0.626465078956
-0.0648205866243   -0.689085806364   -0.721774925456
0.438689698714   0.714229078194   -0.545369757233
0.857560722301   -0.514117645181   0.016512252422
-0.268590684515   -0.474931437974   -0.838032919052
0.412202873427   -0.399443967992   0.818860981836
0.820032679088   0.554319984786   -0.142392976281
-0.397032991533   0.730187558714   0.556049397745
-0.517425499721   -0.72978374827   -0.446862991306
-0.501958989326   0.68176846462   -0.532192571993
0.693042585469   -0.0510631120282   -0.719085901209
0.882966116345   0.421448068979   -0.206766444426
0.246277352694   -0.0408949963589   0.968336235418
0.399647723547   -0.905929977662   -0.139902010839
-0.0136803043218   0.99940629647   0.0316212563076
0.999380270562   0.0146920430454   -0.0319877895808
-0.032433379176   0.0311640569882   -0.998987926587
0.170369685974   -0.890845369053   -0.421151633664
-0.659228119474   0.214623033581   -0.720663055769
0.732388187094   0.400414137978   -0.550705058549
0.644368226296   -0.668750228035   0.370894488291
-0.761743536967   -0.604033151669   0.23428771964
0.067352600764   -0.433494041699   -0.898635934615
0.281343409878   -0.858536148945   0.428674196417
-0.603757281874   -0.505588556544   -0.616325689937
0.745870652528   -0.0854159964362   -0.66059146017
-0.935466649101   0.166394152875   0.311793416076
0.339617799579   0.667340935987   0.662809041403
-0.0977849611566   0.725926346846   -0.680785605258
-0.231558074361   0.548874937097   0.80319185854
0.915672165276   0.401786644964   -0.0105819500701
-0.328519929285   0.73301009226   -0.595626443929
0.721106595497   0.499615171188   0.479989540145
0.643651726384   -0.226757011174   -0.730953974616
-0.25635470164   0.836041828261   -0.485094143796
0.367910616895   0.306355324094   -0.877945438723
-0.584908206621   0.810226850038   0.0376143763063
0.722858331766   0.499678763683   0.477280803427
0.999920280397   -0.00918141377894   -0.00866801544606
0.00943050015615   0.999530658457   0.0291466716878
0.00839633953327   -0.0292260918477   0.999537561594
0.726274710203   -0.64082450745   0.248734790432
-0.43051776225   -0.70612993701   -0.562169875079
0.5358913152   0.301205017737   -0.78873064831
0.860574554019   -0.144075310162   -0.488521997433
0.16696736943   0.985956735698   0.00334856360678
0.481179108566   -0.0844489214528   0.872545153643
