0.0638349603197   0.330330276476   -0.941704309369
0.580084708775   0.755558729243   0.304356267078
0.812051001161   -0.565696840284   -0.143388480728
0.589436799614   -0.329094359298   0.737740579024
0.594061298011   0.795448470312   -0.119803611317
-0.547407922364   0.508879783207   0.664368822851
0.911898596147   0.191911551573   0.362782175304
-0.10491423706   0.963571621672   -0.246013684111
-0.396779476797   0.186278518033   0.898813863106
-0.611231744971   -0.607482141979   0.507307797216
-0.791444643171   0.471851385864   -0.388550699979
-0.00333627568495   -0.639000560903   -0.76919903304
0.710257337302   -0.287023564707   -0.642769000584
-0.136080621272   0.839892754124   -0.525416240789
0.690663868552   0.460649145092   0.557481646158
0.0145142544465   -0.543423434566   -0.839333251565
-0.994529636312   -0.0946860562588   0.0441061588262
-0.103441475792   0.834101625412   -0.541825008255
-0.778782000155   0.321761177984   -0.538487084875
0.623493367192   0.302683174107   -0.720859845725
-0.068953733056   -0.897135798224   -0.436340168038
-0.964160153404   -0.264479921357   0.0211085240543
-0.182865291655   0.604770936118   -0.775120893754
0.19223809117   -0.751200696236   -0.631460236498
-0.843984633409   0.513608572544   0.154583869721
0.518289199337   0.855128485417   -0.01147080117
-0.1380805722   0.0704379701481   -0.987913077119
0.819380587139   -0.419670935744   0.390501932277
-0.316461823747   -0.899151037242   -0.302290136023
0.477982601703   0.124111715476   -0.869556734521
0.595571091814   0.288957840683   -0.749532148012
0.556347548846   0.52468770079   0.644344800191
0.579458781527   -0.800753509482   0.151727840437
0.266411618828   0.214263910316   -0.939742425396
0.355427821837   0.884430125932   0.302414311512
0.895932984557   -0.414577289633   0.159467106648
-0.14944332829   0.926293360779   0.345900710329
0.861163588521   -0.0499672198416   0.505866139158
0.485864142981   0.373475416484   -0.790222846953
-0.601885444794   -0.522275715032   -0.604120839594
-0.727049357023   0.671316414475   0.143991333447
0.330353059312   0.52589195577   -0.783775801528
0.669227264742   -0.71328630898   -0.208224661237
-0.326783864467   -0.0308496028824   -0.944595473166
0.667343370425   0.700193504271   -0.253735851876
0.885952838236   -0.312207381682   0.342949149649
0.0533571069526   0.803179151581   0.593343298271
-0.460695764643   -0.507375404694   0.728237331611
-0.315891619843   -0.520723623216   -0.793132645109
-0.861067198766   -0.193729969897   0.470140381135
-0.398466766146   0.831453911524   -0.387180357571
0.663218310215   -0.706387000344   0.247303212153
-0.676999489108   -0.707101035617   -0.204156354732
0.319081752445   -0.032023915677   -0.947185992338
0.0580346515742   0.909657024303   -0.411285882754
0.964395697686   -0.157561555298   -0.212403612439
-0.258017281401   -0.384315566205   -0.886413350571
0.453943814961   0.247140293029   0.85607049267
0.749808646133   0.413096341136   -0.516854338401
-0.481375120922   0.876511887256   0.00221460052064
0.831957789746   -0.41107931782   -0.372639276703
-0.337763298072   0.157593881446   -0.927944030104
0.440184268865   0.897874135384   -0.00773604887058
-0.528912377861   -0.153607349039   0.834659498758
-0.478335104216   0.866344478583   -0.143675928752
-0.70103296971   -0.475238915441   -0.531696105525
0.980866092664   -0.185055018601   -0.0604677463883
-0.0937465978399   -0.721173745955   0.686381820519
-0.170626151736   -0.667580008865   -0.724723152733
-0.415376130182   0.723787445906   0.550994014145
0.575447529821   -0.260037616942   0.775397045518
0.704501817526   0.639149568508   -0.308488278836
-0.0486817338987   0.752111798903   -0.657235065053
0.719962765925   0.482510230732   0.498836138347
0.692303188254   -0.448900567153   -0.564981925679
0.823386136082   -0.370494259044   0.429847967221
0.223644435584   0.908017945079   0.354240847231
-0.52155386811   -0.195543896428   0.830508366742
-0.00574127900919   -0.58216327864   0.813051631029
-0.514866365432   0.698733408546   0.496673181809
-0.857251225407   -0.415761398864   -0.303747914813
0.82952228986   -0.00207946359796   0.558469736384
-0.184294326214   0.942956355299   0.277252436107
-0.527189123514   -0.332909879446   0.781820081743
-0.894545665129   -0.436824546438   -0.0947225877418
-0.242794864114   0.652803555977   -0.717564053771
0.375284834438   -0.618895655933   -0.690021347574
-0.863333697101   0.440248497977   -0.246649929006
0.3583432416   0.878980529342   0.314616195127
0.355309792504   0.183233427806   -0.916613583952
0.86380102603   -0.46772775694   -0.187292639516
-0.202644979492   -0.662871444214   0.720788776781
-0.461283860238   -0.584664171841   -0.667371715351
-0.284451152297   0.468951378892   -0.836165142895
0.892758580362   -0.188289868487   -0.409303118258
-0.349384686481   -0.862920349546   -0.365101097221
0.993989505602   0.0608923016661   -0.0909779662926
0.109374292626   -0.516657490789   0.849177426292
0.00470392022802   -0.854024100836   -0.520212176256
0.0778494882918   -0.403668807846   -0.911587050558
-0.807235480413   0.511074592303   -0.295251825168
0.585072932493   0.758850614202   -0.286068888539
-0.341431258152   -0.206743710929   -0.91688697992
-0.210474863563   -0.933917585983   0.288960679676
-0.916037678136   0.29164187042   0.275354302042
-0.598819237813   -0.696498670996   -0.395354425454
-0.257107768294   0.634701068357   -0.728731877517
0.758492660418   -0.334729973451   -0.559146428912
0.907563255271   -0.318470361054   0.273688813823
-0.40832717544   -0.51725314085   0.752142344293
-0.0979686453851   -0.794371334711   -0.5994800473
-0.0177303947653   -0.0290515986687   0.999420651036
0.771881278808   0.634953240745   0.0321507930374
-0.635519413179   0.772004136441   0.0111664135159
-0.562338322192   0.79265605424   0.235524926646
0.500258853606   0.0993184502095   0.860160987744
0.658419843856   0.601524916463   -0.452383779651
-0.280418015144   0.92220571163   0.266274974828
0.873814045716   0.360064571876   -0.326806544594
-0.397259046835   0.141032370456   -0.906804896431
-0.729794719402   -0.131815526931   -0.67083853079
-0.600757261255   0.592010770293   0.537228034363
0.326328638924   0.795077301095   -0.511235468939
0.671889398895   -0.737049105455   0.072960618153
-0.216578835219   -0.289719039494   -0.932285624843
0.708278366031   0.610591102378   -0.354288388053
0.0532602320368   0.283739747764   0.957421068925
-0.952161860632   0.303354054304   -0.0369338448516
-0.300917162756   -0.909652721249   0.286322873487
-0.235675527375   -0.968352421519   0.0821622391076
-0.00752827252804   0.0863602646149   0.996235529284
-0.971802639896   0.234169794026   -0.0276430218397
0.837036891839   -0.354330733589   0.416916026239
-0.546817827154   -0.51533202318   0.659866024123
-0.0189606331   -0.780309321436   -0.625106276782
0.114270834972   0.414306003997   0.90293560752
0.993388261336   -0.0375496533391   -0.108488643522
-0.0110425773267   0.909362721133   -0.415857551211
0.777714527048   0.543797015474   0.315348886758
0.26137573392   0.176497505711   -0.948963306032
-0.571701705556   0.820447095454   -0.00487066984385
-0.165893363411   -0.378330462953   0.910684057606
0.114298042358   0.90987956274   0.398817174681
-0.97949749846   0.170250527485   -0.107700549682
0.48134855225   -0.429651015527   -0.764004958167
-0.867943487856   -0.111934382335   -0.483885106136
0.122383304156   0.896030523424   -0.426792253861
0.082838829518   -0.986856519278   0.138751355605
-0.926822299013   -0.127459935731   -0.353205875993
0.366248760239   -0.0993386890469   -0.92519925988
0.645367808956   0.596013044476   -0.477774886299
-0.172930511251   0.723223008869   0.668613130084
0.744039938069   -0.348879535451   0.569813689114
0.519749943733   0.828322472084   0.20914559099
0.828408818851   -0.548485082504   0.113591122542
0.208803316161   0.11421907245   -0.971264731496
-0.851128219909   0.481782587769   -0.208485710294
0.524905475509   0.775438712723   -0.350954476523
-0.00741586507689   -0.408142549771   -0.912888089533
-0.215602569277   0.856266720156   0.469385594234
0.708079025302   0.468101361061   -0.528682522597
-0.672413285151   0.218376783852   -0.707228360734
0.866739164383   -0.32947310662   0.37444718311
-0.461842604967   -0.813638039849   0.353121152507
0.188320548963   -0.47899959512   -0.857376672597
-0.130541698699   0.726349494685   0.674814994256
0.806648088856   0.473542407052   -0.353661489941
-0.576435361203   0.498170653787   -0.647725461952
-0.517948676871   -0.855315508639   0.0128276579803
-0.816501660196   0.498804509722   0.29072168818
-0.255057262247   0.140105109693   -0.956721668623
0.380428978326   -0.621285583569   0.68503869679
-0.731933690406   0.250499575626   0.633658453317
-0.565284764785   -0.742464939415   -0.359442552351
-0.387387415769   -0.270194948398   0.88143387725
-0.0932951472142   0.962669347442   0.254093964906
-0.917184281162   0.0161993010898   -0.398133868233
-0.654621616952   0.748753422158   -0.104109804657
0.723598161419   0.660491892164   0.200390022648
0.218806397095   0.0558459774112   -0.974168870062
0.177775341991   -0.746668845688   0.641000438892
-0.547344043601   -0.616348681816   -0.566152629914
0.817808306215   -0.250199794771   -0.518256342925
-0.223550375669   -0.909900903783   0.349436081183
-0.880556487149   0.0348215732466   -0.472660270149
0.417906092895   -0.413361589085   -0.809003519269
0.252518894779   -0.965728753031   -0.0600181918179
-0.751279817184   -0.156599386713   -0.641135920358
0.609764580861   0.206989390189   -0.765076825082
-0.839003093613   -0.00443407731766   0.544108580953
0.41480542407   0.641952004977   0.644851985706
-0.352150918031   0.766732001592   -0.536760438804
0.80928403143   0.217234130705   0.545773477672
-0.464067871435   0.806062935999   0.367292191463
-0.360139371875   -0.550519641489   0.753145243071
-0.513885126197   -0.819679707445   -0.253075590046
-0.797704129846   0.565107761566   -0.210526338125
0.315579147441   0.093693089508   -0.944262361147
0.63981341046   -0.768513522545   0.00507596898438
-0.508267608335   -0.41817736477   0.75285571653
-0.576457143345   -0.484267134193   -0.658166016008
0.777468286557   -0.451933446836   0.437377666358
-0.614588747217   -0.693569650673   0.375821515429
0.133505562405   -0.56099670168   -0.816981618833
0.857680501391   0.384501752137   -0.341383303836
0.4271380385   -0.902404022627   0.0567457136026
-0.286246840333   -0.194487486872   -0.938209658792
-0.298234058153   -0.857038969059   -0.420167409579
0.0116280363124   0.436904748861   -0.899432615149
0.954421937787   -0.273127160747   -0.120334196026
0.635818543194   -0.180232146558   -0.750500601917
-0.672406930696   0.348054820546   -0.653243263607
0.378950787944   0.919985986438   0.100110364471
0.944075280392   -0.26754026472   -0.192727973338
-0.261568512825   -0.251787504256   -0.931764436861
0.200758008688   0.930067341354   -0.307686467844
0.832542872831   -0.375161849651   -0.407585514296
-0.345747759685   -0.926770824941   0.146813911843
-0.43281734204   0.0186929025105   -0.901287814089
0.130322457082   -0.452152188392   0.882368662019
-0.140454646598   0.872563906418   0.467872548314
-0.98147264324   -0.184907078691   0.0502077964168
0.47512948174   -0.327754455318   0.816595978805
-0.856008580702   0.042690494204   0.515195915617
-0.203718642605   -0.943797933206   -0.260277113729
0.908643071833   0.40138742478   0.115134283509
0.293537070588   -0.810081428086   0.507547109204
0.296991171924   -0.427382984101   -0.853896966091
-0.043654633437   -0.115536247756   0.992343513323
0.961950942169   0.263297115873   0.0729726910143
-0.269712175921   0.957771373673   0.0996460633051
0.530569896359   0.215814553888   0.819707059508
0.722577017758   0.390414538978   -0.570490088575
-0.443145617699   0.894986349664   0.0511995647453
-0.807516868617   -0.247519976582   0.535397392682
-0.368863801587   0.920217803575   -0.130914819105
-0.460278179775   -0.303204642404   -0.83439255872
-0.322509592089   0.818179616096   -0.475993360055
0.935357063869   0.352624069251   -0.0276302163518
0.145240235751   -0.454134761487   -0.879014728163
0.836269367974   0.543210714631   0.0746703669366
0.334527178793   -0.3975520302   -0.854426093897
-0.434448053094   0.739509636715   -0.514179332888
-0.370804582799   -0.893109544567   -0.254674896248
-0.560548881704   -0.0034103692489   0.828114316144
-0.740465335175   0.449826311798   -0.499366975899
0.41542106988   -0.908546623724   -0.0443662847117
-0.63784032346   -0.256176636785   -0.726314843945
0.648525293622   0.330025094933   -0.685928844886
0.0277699685912   0.657740680312   0.752732373627
0.976980624741   -0.177194199327   0.118790044221
0.211512854753   0.732106148852   -0.647520578119
0.109125657466   -0.174586184366   0.978576136594
0.809346058776   0.587153076783   0.0144990195466
-0.577105317967   0.790424524324   0.205374105771
0.453380722649   -0.729915471168   0.511536240435
-0.807973580422   -0.0942489693073   0.581632035848
-0.376330458068   -0.677008520429   -0.632483082459
-0.0977251687842   0.17207440661   0.980224560994
-0.593870567633   0.780276030249   -0.196181205824
-0.798603493785   -0.601298357897   0.025937318774
0.314373134434   0.687552573055   0.654554040268
0.591942000489   -0.681024928733   0.431056509639
0.74214163096   0.251945441971   -0.621087187009
0.802985455481   0.563536692342   -0.194012253919
0.368364581174   -0.21335970043   0.904867489508
0.468531635669   -0.79806267587   -0.378911693882
0.887416596527   0.325522003798   0.32638506285
0.387354272223   -0.142752928299   -0.910811873689
-0.249896882731   0.93469622151   -0.252773656649
0.35005444311   -0.253274695559   0.901839129473
0.777954076378   0.614876430614   -0.129284299595
-0.521775183298   0.746845970508   0.412276308354
-0.507417720014   0.00448268574418   -0.861688553333
-0.834266588851   0.247760137298   0.49255880166
0.2157000606   0.968811034152   -0.121978129033
-0.740488074264   -0.283498302162   -0.609348934965
-0.257943489325   0.957122029438   -0.131843001634
0.620598556385   0.0595494201167   -0.781863989692
0.195553229216   -0.675410178952   -0.711041507024
-0.917516999263   0.13001908542   -0.375842511552
0.346296824424   0.725889886687   -0.594274668651
-0.310720675104   0.564173811377   -0.764957889442
-0.230353230504   0.736106187616   0.636462936666
0.922165956463   0.373972714392   -0.0987641515473
0.268031480529   -0.371904115019   -0.888733061542
0.00498720543375   0.92300996125   -0.384743731873
0.963397245806   0.0986911377245   0.24925048868
-0.510548801712   -0.844422700942   0.162142601448
-0.193866783801   0.296761866389   0.935065807735
-0.837708535953   0.445962663001   -0.315216928479
-0.663513836582   -0.720039075708   -0.203207081862
-0.66637184711   0.69224326977   -0.277033963326
0.340144013682   -0.0484043893839   -0.939126756644
-0.224648432741   0.965849693593   -0.129102482754
0.595797568629   0.240983684324   0.766128005692
0.7710760915   0.0951905104295   -0.629587506103
0.00472344469606   0.729728938274   -0.683720239363
0.927697835545   -0.258437548595   -0.269419300351
-0.373302042582   -0.63301319901   -0.67818867204
-0.961584148383   -0.274408967841   0.00745948701921
-0.238781710405   0.849526688843   0.470412265698
-0.135422377598   0.450559788831   -0.882415240312
0.522382473913   0.0610901597016   0.850520160453
0.174394153848   0.968693682281   -0.176689640367
-0.834687504431   0.240625315162   0.495374835504
-0.645609101565   0.00873437506753   -0.763618097395
0.220002462471   0.959669007553   -0.175026604976
0.731291873662   -0.280996631003   -0.621492629789
-0.0881902050809   0.825871023919   0.556919688625
0.848959418394   -0.230138576412   0.475714348709
0.521047400578   0.51475556092   -0.680835015884
0.264251902408   0.727244639837   -0.633471519409
0.516256458085   -0.661456750055   -0.544016761959
-0.814647286596   -0.183276298619   -0.550235946486
0.0237689148288   0.985657533746   -0.167075626164
0.757245768078   0.0913606792955   0.646708646151
0.652697391917   -0.141888873591   -0.744213451998
0.904597492246   -0.249175060879   -0.345854255515
0.278100993908   0.959883516512   0.0358255762918
0.323052958831   -0.128590138678   0.937604053972
0.882106353914   -0.230894080169   0.410580447813
-0.255081267021   0.498627862593   0.82843454893
-0.396007484271   -0.835498760256   0.380946051315
-0.874069837919   0.392730078751   -0.285945805501
0.48278861735   0.636794152654   -0.601172486149
-0.0540099009094   -0.663518117604   -0.746208173511
0.44909731259   0.709366878788   -0.54324049472
0.852106706453   -0.522922080981   0.0216022693214
-0.268748515609   -0.472600389866   -0.839299176013
0.412983541754   -0.395429196723   0.820414739397
0.818784090879   0.555660012869   -0.144341825612
-0.398794692496   0.731353334905   0.553249575472
-0.510532463218   -0.740544804163   -0.436978256928
-0.502013968571   0.669298753749   -0.547741867661
0.698096396897   -0.060270815965   -0.713462577423
0.881111781468   0.423130200517   -0.211193896617
0.250442488131   -0.0386822791014   0.967358383135
0.401149085374   -0.905242793229   -0.140053192071
-0.00441289609741   0.999538190416   0.0300654660245
0.999455760379   0.00539143639485   -0.0325440541165
-0.0326911210082   0.0299054896773   -0.999017993979
0.175216098544   -0.886435727181   -0.428405205837
-0.668199171843   0.212501426121   -0.71298878718
0.723055451234   0.411187117349   -0.555081947974
0.63915040168   -0.673398719099   0.371511681039
-0.766318232943   -0.598535335679   0.23347766018
0.0651393114159   -0.433923515218   -0.898591816705
0.281073642375   -0.851110977256   0.443404681928
-0.591370912649   -0.51749201846   -0.618451658986
0.755829379711   -0.0883861710008   -0.648775641914
-0.935696321027   0.16814352425   0.310161490306
0.338143436261   0.678221193697   0.652437758667
-0.100654912098   0.715362682612   -0.69146570486
-0.2278376866   0.579428169683   0.782529861885
0.904254122631   0.42397894726   -0.0506589970902
-0.361129437003   0.696063824989   -0.620548693715
0.716457079196   0.498210877738   0.488339200735
0.650243015103   -0.223311576892   -0.726165243547
-0.252731626396   0.837805383684   -0.483951303428
0.369195739859   0.304563294712   -0.878029444372
-0.586345587194   0.809339225437   0.0341887488555
0.721036308412   0.502206349705   0.477383938007
0.999911407797   -0.00952167738973   -0.00930130186032
0.00980628774698   0.999469777339   0.0310483639901
0.00900073759391   -0.0311368245896   0.999474604418
0.7276627933   -0.634420217865   0.260802312893
-0.418253299702   -0.711728343992   -0.564364192386
0.543664452153   0.301585396733   -0.78324658438
0.986889199061   0.000905645362614   -0.161396680833
-0.0799806173564   0.871312604326   -0.484166754734
0.14018847893   0.490727546963   0.85996143229
