0.0622272463996   0.330409926837   -0.941783972073
0.578880953189   0.756730732955   0.303735805985
0.813034200905   -0.564081446291   -0.144178743613
0.587628859034   -0.338628359773   0.734862679681
0.598632894326   0.792971921507   -0.113288082043
-0.544362913746   0.506484319263   0.668687260593
0.912831585037   0.19379416304   0.359419420359
-0.105415270453   0.962208452365   -0.251082685491
-0.394494763102   0.191307910369   0.898763130817
-0.602790405375   -0.613190838255   0.510529845423
-0.797898178265   0.464443382824   -0.384253615822
-0.00149141165199   -0.638975226461   -0.769225867779
0.709039705202   -0.294847690648   -0.640568135147
-0.128028114518   0.839467617536   -0.528112602577
0.693448987554   0.456463534608   0.557467078161
0.0203115793369   -0.552230159203   -0.833444233894
-0.995280465149   -0.0902870430972   0.0355674787199
-0.0948906499006   0.82878833312   -0.55145776216
-0.780284699306   0.31711469717   -0.53906776649
0.621462161504   0.296259975749   -0.725268783685
-0.0702891872778   -0.900926354153   -0.428241911242
-0.964134276762   -0.264530692948   0.0216473753742
-0.183384468098   0.604973247854   -0.774840310155
0.191872961181   -0.751019894456   -0.631786265202
-0.837859199322   0.523123185391   0.155993894165
0.528611482076   0.84883232645   -0.00732001311344
-0.136241928673   0.0763270232631   -0.987730895736
0.814680466399   -0.406068738182   -0.414009562134
-0.491847487017   -0.862043607053   -0.122339155853
-0.307216189648   0.303296883285   -0.902013976282
0.577978843191   0.295293224729   -0.760751186823
0.552985875624   0.543838493899   0.63122604027
0.600122552638   -0.785519957724   0.151034161144
0.267323077587   0.216515789037   -0.938967137491
0.353914128404   0.884265954371   0.304661306465
0.896260655114   -0.41375673413   0.159756699565
-0.164138936397   0.91949850917   0.357184687791
0.852003765374   -0.0503378088879   0.521110054389
0.497139812676   0.389857149005   -0.775153797657
-0.604251040135   -0.514316316241   -0.608571612338
-0.726979305671   0.668504968297   0.156850873406
0.326162183004   0.53719627159   -0.777842140905
0.666068230821   0.718241229042   0.201203003942
0.318960342543   -0.0304269146911   -0.94727952725
-0.674253225262   0.695128577867   -0.249356869681
0.887287109511   -0.297734017888   0.352244290071
0.0348443356577   0.804817052103   0.592499269972
-0.4598993994   -0.513443246364   0.724478139901
-0.309688884037   -0.520445135532   -0.795757284607
-0.861439548741   -0.200706405473   0.46651778387
-0.402510495477   0.829972168029   -0.386175479967
0.655546087877   -0.708463085316   0.261418024271
-0.677445124739   -0.704679578567   -0.21093789256
0.333657653346   -0.038816855809   -0.941894804141
0.0629206839103   0.91112357876   -0.407301868107
0.965254263803   -0.15926872144   -0.2071658287
-0.253624119016   -0.380114849221   -0.889487216128
0.453290850693   0.247137306986   0.856417279236
0.749665418686   0.414075116974   -0.516278565824
-0.482212779491   0.876050768505   0.00242616930919
0.838107553221   -0.409146999014   -0.360796982293
-0.327732151672   0.151069588663   -0.932614398421
0.436081834057   0.899875942883   -0.00747806301661
-0.527868355193   -0.166156138649   0.832914843892
-0.467870123548   0.875350746176   -0.12189593373
-0.708838872436   -0.454040976959   -0.539809451719
0.979234503923   -0.19520785019   -0.0547145460658
-0.104938838805   -0.71898607268   0.687056669717
-0.173457852048   -0.667047916207   -0.724540855333
-0.423288470266   0.72582660204   0.54222007959
0.577449483508   -0.245027839052   0.778789735478
0.698125321798   0.642757420696   -0.3154107373
-0.0380676189675   0.741188027849   -0.670217251165
0.737615665094   0.473322787463   0.481548200574
0.674146858625   -0.476031350062   -0.564730171644
0.823136034544   -0.36858510164   0.431963067269
0.22127783982   0.908777076271   0.353780077517
-0.52295619916   -0.195625275701   0.829606873927
-0.00398615800575   -0.589562995613   0.807712563198
-0.509035470975   0.69643487907   0.505827390029
-0.860736312603   -0.409138037119   -0.30288457661
0.829353416381   0.00557229743105   0.558696572603
-0.191355259533   0.942309034246   0.27465769355
-0.524934353406   -0.334697824132   0.78257350526
-0.889267055314   -0.44915732148   -0.0863817393585
-0.253145449631   0.640611347446   -0.724937571695
0.380948140388   -0.622795955417   -0.683376698645
-0.861652209008   0.443399504946   -0.246885296698
0.363304467997   0.878595228708   0.309968204217
0.354351992016   0.177390256513   -0.918132540894
0.869711904905   -0.460249973567   -0.17824467537
-0.204005402977   -0.664068663412   0.719301470756
-0.449425186235   -0.589222175505   -0.671441903571
-0.288613158968   0.468066540201   -0.835234193753
0.892485485832   -0.18432917668   -0.411694561786
-0.346658480425   -0.864254863202   -0.364542767562
0.994670328454   0.059006678587   -0.0845526438086
0.102908020257   -0.517292896858   0.849598727769
0.00639351700471   -0.853771790787   -0.5206081561
0.0826683100172   -0.40653606107   -0.909887015826
-0.808769475574   0.506092997981   -0.299602758289
0.582286772904   0.760656498326   -0.286956104059
-0.348999030262   -0.911679627723   0.216886913553
-0.911222756837   0.276103560585   -0.305679425632
0.218798455886   -0.304314114406   -0.927103098622
-0.605999287244   -0.677916487711   -0.416165951934
-0.267635166878   0.666432279569   -0.695873145191
0.749090302507   -0.310317986004   -0.585291778733
0.903794306632   -0.319867519007   0.284324852208
-0.417694626321   -0.514604813785   0.748807775582
-0.093204347764   -0.79552916723   -0.598703844688
-0.021103999156   -0.0502090994714   0.99851573225
0.781845390413   0.62163862469   0.0477829026231
-0.623115083038   0.781693332851   0.0261366919677
-0.570686597337   0.766283094282   0.295172876526
0.438204832981   -0.0198118462117   0.898656783818
0.694473420637   0.64219756319   -0.324482600245
-0.28392515688   0.924658482592   0.253758144423
0.867097911098   0.360573165805   -0.343697839199
-0.409301499948   0.12244869404   -0.904145231403
-0.727691429772   -0.120598357455   -0.675219385989
-0.611900794583   0.558925352014   0.559624756837
0.309907406535   0.820401418243   -0.480519419294
0.671430129612   -0.7375803628   0.0718107893093
-0.217914382235   -0.28912555245   -0.932158643652
0.708304244703   0.610230795136   -0.354856976264
0.0542569458802   0.288171967937   0.956040323793
-0.954313052776   0.296718733716   -0.0352787522893
-0.293841421731   -0.910447642623   0.291105322723
-0.232165729749   -0.969324608939   0.080677608022
-0.010369009172   0.08540566067   0.996292304886
-0.972620973236   0.230468383149   -0.0298792032948
0.834533371443   -0.339747976105   0.43373420972
-0.550950536577   -0.518536973041   0.653890597757
0.00274921703053   -0.784659620678   -0.619920738065
0.113134409848   0.407329620496   0.906246757553
0.993574455239   -0.0434190553551   -0.104520751665
-0.00322601997799   0.912248522004   -0.409624494991
0.778296126842   0.543168248159   0.31499744941
0.26158999887   0.175566816918   -0.949076901673
-0.57081153758   0.821063059082   -0.00544440781342
-0.165088467129   -0.372215595333   0.913346236984
0.101783547068   0.914678643313   0.3911560929
-0.981012694906   0.157538979487   -0.113117471573
0.477041030822   -0.438304243846   -0.761788188895
-0.86864153828   -0.103207829153   -0.484571998754
0.133767458252   0.892881590038   -0.429963641817
0.0840166639634   -0.985407439665   0.148031679143
-0.923211505076   -0.132882499314   -0.36058668621
0.374995622738   -0.106369258855   -0.920903829777
0.644027229227   0.590385812382   -0.486491028233
-0.165194299263   0.728257200548   0.665095702392
0.746953660882   -0.347974197876   0.566545837605
0.514515294673   -0.829144230272   0.21861806182
-0.829135066949   -0.546077507025   -0.119726342451
0.218652812244   -0.119662866957   -0.968437786319
-0.848460522438   0.485472501873   -0.210787076905
0.529165610514   0.770661256981   -0.355056310516
-0.00992464172907   -0.412792534954   -0.910771005562
-0.216914598659   0.855503567074   0.470171993649
0.708344259932   0.469352216863   -0.52721618521
-0.671711594592   0.218682745661   -0.707800388839
0.869627299251   -0.337402894839   0.360427034159
-0.462643573534   -0.811784065846   0.356325068311
0.172363813678   -0.476619257892   -0.862046865745
-0.126695723377   0.704409570024   0.698394839139
0.82770509603   0.463096950461   -0.316931362412
-0.546674004947   0.537911119175   -0.641715793933
-0.517784632193   -0.855507941347   0.00228843996032
-0.813085372521   0.492937337327   0.309685257095
-0.266066254263   0.158489569883   -0.950836371086
0.372953002765   -0.618588389965   0.69155944179
-0.735153366217   0.257728891236   0.626997086726
-0.566087966547   -0.74224269779   -0.3586365733
-0.390452217652   -0.266352783945   0.881250963242
-0.0750351905306   0.963255477871   0.257892622098
-0.917560235577   0.0345699122822   -0.396091069392
-0.652343890177   0.751317593014   -0.0998464990713
0.724409531576   0.656805349849   0.209374217543
0.222886247917   0.0642542359529   -0.972724582629
0.172590168801   -0.648597722754   -0.741305353867
-0.823762110925   -0.507659617868   0.252384026813
-0.540026497718   0.567100261351   -0.621907288378
-0.209863209314   -0.9122344329   0.351832023569
-0.883130035149   0.0224406082048   -0.468591250581
0.419569749141   -0.409053491044   -0.810331084848
0.24555392097   -0.968036801449   -0.0510688058991
-0.745536201408   -0.154917688573   -0.64821006021
0.619579731985   0.197244165457   -0.759747125633
-0.837466360485   -0.00139133196408   0.546487108038
0.421049890962   0.635838960947   0.646858411913
-0.348377789731   0.771820497225   -0.531907920307
0.808913470729   0.216408891956   0.546649968769
-0.463815164883   0.806274027791   0.367148042258
-0.361295571103   -0.550535542532   0.752579648084
-0.488279654155   -0.835513072756   -0.251993818557
-0.815153774426   0.539770267987   -0.210172267048
0.311620447623   0.102790870462   -0.944630474616
0.643204112542   -0.765694756173   -9.98929764766e-05
-0.503059942469   -0.422682177565   0.753837164812
-0.577251387086   -0.484820912439   -0.657061274897
0.775075691935   -0.449307570843   0.44427511584
-0.616146611497   -0.693294901807   0.373772032487
0.140075068846   -0.563440223903   -0.814195363028
0.858226474219   0.380831702423   -0.344114128422
0.423945356654   -0.903893157764   0.0569867872402
-0.28934003097   -0.194793156394   -0.937196869767
-0.301579359501   -0.851381747467   -0.429184121331
0.0104271622066   0.447170210112   -0.894388102267
0.953384059134   -0.274204163477   -0.125979809973
0.633108375444   -0.173971749458   -0.754259647159
-0.676579686707   0.349012187442   -0.648406061471
0.376050146227   0.920828063977   0.103256787258
0.945542392766   -0.269689140395   0.182256278451
-0.252160091027   -0.252838579008   0.934070629802
-0.205827286761   -0.92916113808   -0.30707443317
0.824534212282   -0.374107228348   -0.424484527955
-0.343815582077   -0.927102808377   0.149235479095
-0.449370869435   0.0228946368614   -0.893051878284
0.135859274566   -0.479547574444   0.866935050254
-0.12360672759   0.860006650173   0.495085789083
-0.982987097784   -0.174421000748   0.0575645732135
0.479298286811   -0.326372757805   0.814710976496
-0.854279384707   0.0393131429291   0.518325389748
-0.201196135957   -0.944423263032   -0.259970796668
0.909360468207   0.402957139597   0.103388019183
0.300976986661   -0.808834072473   0.505173531281
0.287187033766   -0.428267424461   -0.856802556475
-0.0534292740752   -0.127540349489   0.990393241053
0.960595317406   0.264355580578   0.0858647960226
-0.272767206332   0.955954803466   0.108390335732
0.526002355415   0.213006557651   0.823377026942
0.725279918945   0.393270349784   -0.565072978611
-0.444174021385   0.894408541092   0.052371751434
-0.805813765428   -0.268015679809   0.528045235584
-0.359551724885   0.929970044409   -0.0766699004412
-0.470517515699   -0.251641236441   -0.845748163192
-0.291203582973   0.82893136714   -0.477570164306
0.947097776349   0.32021036482   -0.0217053978481
0.134930631427   -0.458626330288   -0.878325460105
0.835101503187   0.544399368987   0.0789607903999
0.338743509577   -0.395825128471   -0.85356622613
-0.43342624989   0.73956189377   -0.514965912648
-0.372419555492   -0.894087445808   -0.248819842326
-0.562552166434   0.00424275940788   0.826750905069
-0.738131922306   0.447872345921   -0.504550916194
0.41867255707   -0.907258013196   -0.0399523146656
-0.634784063252   -0.260905956041   -0.727308239431
0.649432431434   0.329865093021   -0.685147091805
0.0200429278227   0.651429329397   0.758444533137
0.975712126572   -0.178256513559   0.127320310373
0.218137862609   0.737471656523   -0.639180278733
0.105483321102   -0.182381323897   0.977553232138
0.810220541052   0.585717736166   0.0218496772907
-0.576555239181   0.789728932124   0.209552546965
0.453045230662   -0.729534319955   0.512376516814
-0.808440122774   -0.0939703147412   0.581028525838
-0.37573206792   -0.677457936669   -0.632357618109
-0.0978268442299   0.16503430016   0.981424265198
-0.58612604652   0.787424866656   -0.190835890135
-0.80429233873   -0.593907197417   0.0196996121198
0.309965501378   0.695206937492   0.648543523612
0.600592399734   -0.67197927818   0.433281224009
0.737027921681   0.25520807934   -0.625826396776
0.80146355346   0.565162358339   -0.195570143918
0.370100864797   -0.211843926366   0.904515063854
0.469767519474   -0.797316536626   -0.378952263576
0.883678322992   0.335040480396   0.326895240055
0.389595990369   -0.139314529373   -0.910388063517
-0.259475597624   0.931847272037   -0.253639657458
0.351174612866   -0.245440411615   0.903568146641
0.772999046595   0.620551388666   -0.131865264523
-0.52834540335   0.744765049107   0.407647097853
-0.504626739617   -0.00107295642886   -0.86333695764
-0.836617459268   0.247471471258   0.48870144031
0.213126911746   0.968894586463   -0.125778375771
-0.745744647963   -0.263560614344   -0.611882932106
-0.245033841592   0.962553856494   -0.115967624029
0.619534774254   0.063449790502   -0.782400656681
0.190327027277   -0.698843746445   -0.689487520368
-0.905962074647   0.145509681882   -0.397567166375
0.378164437763   0.700317321315   -0.605431505191
-0.309570927018   0.579676462237   -0.753751311955
-0.237325747513   0.720502185592   0.651577386137
0.920783541726   0.380594008999   -0.0854743797959
0.267376256   -0.375294554291   -0.887504329706
0.0127901223655   0.922338365977   -0.386171401605
0.963507317303   0.0919017745586   0.251411442333
-0.512039259229   -0.840909912902   0.175175099235
-0.203386821539   0.316832360861   0.9264184022
-0.83453555816   0.438734285752   -0.333260601741
-0.660500484671   -0.722330937743   -0.204883201187
-0.668701628532   0.690020626493   -0.276965100713
0.341434095761   -0.0459298529658   -0.938782832639
-0.227586987834   0.965020942869   -0.130148925438
0.593357962604   0.2434120068   0.767252841741
0.77209487188   0.097391861926   -0.628000265961
0.020106190078   0.726569589774   -0.686798640314
0.925324880529   -0.273678956349   -0.262437981867
-0.378641791929   -0.630235241848   -0.67781555997
-0.871260095484   -0.473442005656   -0.129454676614
-0.490639758896   0.847276994663   0.203455944383
0.0133593789755   0.240778656851   -0.970488106778
0.522222154648   0.0926794891648   0.847758534892
0.144856780605   0.969991913953   -0.195274678282
-0.84041688126   0.224780335335   0.493126014867
-0.646775293941   -0.00976861851945   -0.762618052002
0.224389800472   0.953224507013   -0.202514830752
0.728924506785   -0.302105301712   -0.614330082355
-0.0937966110733   0.825150480864   0.557071700664
0.848358286871   -0.226594497495   0.47848004222
0.521047419002   0.517476200066   -0.678769452403
0.270195515697   0.736825381145   -0.619744093153
0.529777045071   -0.651258571474   -0.543321779057
-0.803946929724   -0.181523086089   -0.566320318728
-0.0487974365054   0.980792169931   -0.188853195876
0.74793236151   0.161196811161   0.643904317952
0.661978846185   -0.1098285367   -0.741432194965
0.904995785962   -0.252125131689   -0.342659518125
0.281848808593   0.958665318008   0.0390135507691
0.318659499287   -0.131885275978   0.938649240928
0.883269665179   -0.233068725012   -0.406833710496
-0.251103119214   0.497628078822   -0.830249070273
0.395956970005   0.835491032022   0.381015502723
-0.875933782179   0.394958747441   -0.277033566663
0.480551780095   0.663678173336   -0.573237532691
-0.0425440464225   -0.635247093702   -0.771136261666
0.459468679052   0.704545037495   -0.540837150269
0.846591577049   -0.531570485935   0.0267492084295
-0.268647044724   -0.470158599436   -0.840701883391
0.413732926343   -0.391362578839   0.82198564315
0.81749721482   0.557054075469   -0.14624999407
-0.400653677659   0.732479411921   0.55040943096
-0.503903005463   -0.75079324469   -0.427072903394
-0.501615819561   0.656877455103   -0.562933014259
0.703180866244   -0.0694371133112   -0.707612292604
0.879268646028   0.424814061322   -0.215452225367
0.254443868893   -0.0365146269436   0.966397950951
0.402672280764   -0.90454391564   -0.140197499916
0.00416590304951   0.999576678847   0.0287942417476
0.999456937647   -0.00322072121436   -0.0327941571698
-0.0326875364841   0.0289152219583   -0.999047263596
0.18003828126   -0.881897981501   -0.435708810453
-0.677071884096   0.210213392754   -0.705254559201
0.713554399502   0.4219790039   -0.559261869986
0.634024383539   -0.678174960325   0.371607056265
-0.770792277817   -0.592978527871   0.232928594084
0.0623886651183   -0.434114257624   -0.898694868013
0.281296499523   -0.84369553233   0.457219999652
-0.579446648614   -0.529128043537   -0.61989119606
0.764927356528   -0.0905613729412   -0.637718415106
-0.935895205017   0.169156877035   0.309008278495
0.337025173568   0.685259599986   0.645626295165
-0.102538761492   0.708382122571   -0.698341299662
-0.225073535616   0.606412983797   0.76263044566
0.89244112144   0.442417088852   -0.0884079422552
-0.391012465693   0.66070448203   -0.640764261721
0.711866049604   0.495981893661   0.497241076925
0.657013138154   -0.220135196918   -0.721023044966
-0.248154112831   0.839965747062   -0.48257339343
0.370466948003   0.302435665952   -0.878229416723
-0.587427189561   0.808694761198   0.0306933246044
0.719502284501   0.504524975765   0.477253613321
0.99990218132   -0.00983453478387   -0.00994533648557
0.0101574142541   0.999405266155   0.0329536176607
0.00961533815823   -0.0330514130839   0.999407399095
0.729151131574   -0.626800924865   0.274698430852
-0.404011037516   -0.718244536167   -0.566480244873
0.552370988457   0.302068513511   -0.776943308264
0.987745056581   -0.00157005357058   -0.156068056087
-0.0755610827428   0.870141248779   -0.486975081444
0.136565830183   0.492799900674   0.859359082062
