0.0511258340324   0.269137674036   -0.961743760837
0.621993144842   0.744848611383   0.241505846492
0.781351826557   -0.610545214161   -0.129320781784
0.771622315536   0.0713473137922   0.632066897553
-0.489351843557   0.701413547133   0.518221775986
-0.406366552973   -0.709174588316   0.576140284924
0.91766232625   0.202917652929   0.341643500029
-0.108205029523   0.954898107591   -0.276516320865
-0.382344774475   0.216781065244   0.898230729369
-0.541310863026   -0.652545319598   0.530251973538
-0.840763351176   0.41258798014   -0.350554055693
0.0099768175814   -0.635575144664   -0.771974545303
0.700396399813   -0.297227858888   -0.648922555495
-0.127866667341   0.842209208725   -0.523768807893
0.70220723331   0.449821351916   0.551874761923
0.0627137112244   -0.62396669574   -0.778930390364
-0.997840831102   -0.0544584147451   -0.03671453185
-0.0195106691319   0.779551052639   -0.626034735553
-0.788067224315   0.289316042659   -0.543365694004
0.610393140208   0.252808466115   -0.750671761723
-0.0798139357968   -0.923246503877   -0.375826593966
-0.96506296667   -0.260954452919   0.0235848227238
-0.181971651391   0.602752795583   -0.776901142686
0.188519994832   -0.754050290709   -0.62918071381
-0.801739626417   -0.574037725777   -0.166415927177
-0.584729703898   0.810991443963   0.0195972242374
0.123712347047   0.113020207061   -0.98586088673
0.774588611326   -0.502717803707   -0.383780266611
-0.579153977648   -0.807626591817   -0.110995307845
-0.254151831348   0.308243569318   -0.916729375877
0.456233859597   0.315755549588   -0.831954985718
0.508900316788   0.674368743544   0.535020808291
0.729980227767   -0.667476764117   0.146981755446
0.271079661504   0.222867671415   -0.936400458221
0.34659698737   0.884970090808   0.310963770755
0.897990170027   -0.408849531508   0.162652129163
-0.240839461471   0.883664483025   0.401414293764
0.805507502004   -0.0487384181719   0.5905778787
0.541436993577   0.465576683301   -0.700060235945
-0.617058893846   -0.465670549634   -0.634341596247
-0.726847125636   0.646183469209   0.232680424778
0.301548632031   0.604646891437   -0.737204557227
0.639874969202   0.751066816945   0.162661182439
0.272173097686   -0.0235440626667   -0.961960228912
-0.718666702084   0.659806269747   -0.219485438511
0.811527427974   0.0776496475677   0.579131907149
0.203815679859   0.891263377559   -0.405103394784
-0.547615195452   0.446788679416   0.707458460728
-0.272604575911   0.521457890865   0.808559467972
0.864811905089   -0.235493252311   0.443444807086
0.421648092618   0.82013693745   -0.386766453847
0.594817001011   -0.72194581058   0.353534979732
-0.679582534918   -0.686526113713   -0.258552651166
0.429371999021   -0.0864646851387   -0.898979168102
0.0976125281576   0.916632824797   -0.387628764221
0.96784985183   -0.178154089688   -0.177560650598
-0.231815570357   -0.35783429801   -0.904553014758
0.449270345796   0.227275451446   0.864003487006
0.7595613251   0.411975532458   -0.503331654149
-0.470343225529   0.882395619791   0.0124587468643
0.867166582456   -0.399386194347   -0.297510984733
-0.272834984878   0.118782999859   -0.95469978002
0.416633159144   0.909055150532   -0.00596187825395
-0.520693321237   -0.241437220588   0.818893481311
-0.40230997334   0.915395230014   0.0140804196788
-0.753010724074   -0.322117434148   -0.573772784339
-0.701980784125   0.169942891969   0.691623013056
0.261821343537   0.96468945263   0.0287026837311
-0.66232360881   0.201230398931   -0.721688134694
-0.361135115603   -0.664618544944   -0.654112848058
-0.798059804508   -0.142571127779   0.585469061481
-0.482371202194   0.733454608848   -0.478917905339
0.0336549816011   0.671473694429   -0.740263750229
0.830840859213   0.392879517578   0.394143566903
0.555491502074   -0.628306264776   -0.544665428283
0.822685699028   -0.353730377747   0.445042762522
0.201771380973   0.9135571487   0.353131202075
-0.531485230684   -0.200719097042   0.822943068291
0.00818789814624   -0.642485052284   0.766254472036
-0.464747439527   0.676046342326   0.571813921202
-0.885405430171   -0.360796758051   -0.29305788439
0.828623113681   0.0535079353163   0.557243785368
-0.235198303949   0.936579759769   0.259807835543
-0.508001469774   -0.346345570851   0.788656612385
-0.865136909658   -0.500220059426   -0.0363045409803
-0.28658092288   0.55245363425   -0.782730066272
0.411593855869   -0.666764481772   -0.621301556137
-0.846139330976   0.47288551576   -0.245820099991
0.402116742474   0.869156080093   0.287871210542
0.349786160386   0.144730775652   -0.925582327285
0.902278622654   -0.417533522719   -0.107512996924
-0.224466534911   -0.667806207226   0.709682777229
-0.368114196693   -0.616198528882   -0.69626956791
-0.314694929636   0.45648552966   -0.832218758784
0.888224674514   -0.167538634554   -0.427770655278
-0.334699908644   -0.873814492408   -0.35273815219
0.997563965718   0.0526276122669   -0.0457872114122
0.0665368130865   -0.520702686021   0.851141330964
0.0209520119826   -0.85211445663   -0.522935910027
0.110211818925   0.428505247732   0.896792399408
0.813160874992   0.47995228744   -0.329264624828
-0.571509183086   0.765525345399   -0.295547287589
-0.880143784517   -0.26067829373   -0.396728806307
-0.271808524178   -0.408435763279   0.871378421502
-0.389187672929   0.874772572988   0.288627616121
-0.645705264237   -0.550090838665   -0.529589256833
-0.331940107382   0.826808649992   -0.454096048661
0.687663054735   -0.117420294308   -0.716471909873
0.877117439362   -0.315849320283   0.361806860693
-0.477920296332   -0.499478392703   0.72257423534
-0.0475098718381   -0.806697305127   -0.58905200957
-0.0393761889753   0.288698131862   -0.956610110965
-0.896606685865   0.412382433428   0.161360402397
0.44107365213   0.864056778956   0.242610626595
-0.660904003371   0.461803356092   -0.591560274723
0.739466331016   0.266234168604   -0.618311339668
-0.128044693848   -0.84608334564   -0.517443261245
-0.305881367047   0.939424319569   0.154656189969
0.810789566189   0.342179942307   -0.474903323258
-0.499055977473   -0.0198704525593   -0.86634190506
-0.711760237286   -0.0162517636163   -0.702234465686
-0.683079407423   0.249012113826   0.686582471611
0.163706712671   0.968364005603   -0.188338166285
0.66736617703   -0.741231906533   0.0720947050383
-0.21932001555   -0.2881270799   -0.932138142449
0.711702969318   0.606265656759   -0.354853261078
0.0587943885657   -0.946127583965   0.318411392279
0.248889084218   0.322783619755   0.913162065887
-0.966745800938   0.0255603145036   0.254458693489
-0.216486416878   -0.974320879856   0.0619068201665
-0.00954854695424   0.065520609811   0.99780552962
-0.976238934154   0.215420223669   -0.0234876707195
0.794429536897   -0.214202441268   0.568330031813
-0.580182458018   -0.54441010846   0.605810159386
0.179638599175   -0.811008599191   -0.556771969234
0.102785362376   0.348470275416   0.931667127483
0.992875935689   -0.0926939115899   -0.0748679843752
0.0602706032111   0.932725203855   -0.355515328056
0.779963148007   0.540511151141   0.315444421797
0.264934301311   0.171477054977   -0.948896957317
-0.566980867172   0.823676705455   -0.00945416056771
-0.15973416063   -0.33198175175   0.929662903655
0.0223464737903   0.940297612723   0.339618955032
-0.986907104563   0.0750234364263   -0.142779028396
0.451888628278   -0.468821344035   -0.758948756511
-0.874087567617   -0.062715621551   -0.481702890744
0.178234653674   0.881063731061   -0.438131384449
0.0904674282543   0.973874765076   -0.20828726887
0.897421662924   -0.170399140817   -0.406937945789
-0.431798568015   -0.150106877781   -0.889391883201
0.63755073802   0.555189217629   -0.534129187631
-0.118748112923   0.755838735262   0.643899597729
0.76120164354   -0.347091830654   0.547813215399
0.475527556779   0.833798157709   0.28045351655
0.832985340061   -0.529288502313   0.161211366108
0.282858561806   0.156953220804   -0.946232910278
-0.834826164993   0.502208585054   -0.225503461929
0.54993187617   0.741942350112   -0.3835315902
-0.0253022887357   -0.444193748502   -0.895573396197
-0.222852765523   0.849411778863   0.47836834639
0.714695872225   0.47608134911   -0.512402536346
-0.662982997613   0.227697560282   -0.713167137435
0.88767707221   -0.390806627249   0.24351508284
-0.458307424633   -0.801008565582   0.385148779553
0.0445389716771   -0.453492511474   -0.890146517175
-0.107283444144   0.473692470345   0.874131400964
0.958668162743   0.282324173043   -0.0353329175029
-0.263525361885   0.834211307076   -0.484402599899
-0.514169779699   -0.856177761939   -0.050882979522
-0.794769011071   0.453308074006   0.403551742756
-0.322446362493   0.247934325985   -0.913540865705
0.321230895884   -0.589182483492   0.741400507604
-0.761455329179   0.304758623675   0.572108348969
-0.563024416162   -0.748322245053   -0.350738256203
-0.402817744853   -0.256723022804   0.878539215968
0.0221952293985   0.956836100377   0.289779310522
-0.915011057979   0.136227627803   -0.379732533765
-0.639939246963   0.765533361092   -0.0666065556177
0.725046054326   0.630251932154   0.277652158504
0.254530900486   0.129387692888   -0.958369889775
0.142191015528   -0.685180938829   -0.714359010701
-0.851892737219   -0.452208329302   0.264171139951
-0.504044124434   0.57099449032   -0.648000627043
-0.123196753808   0.924169704129   -0.361570073183
0.896802851109   -0.0523317303559   -0.439324522695
-0.42493200173   -0.378380427571   -0.82235092627
0.197719819607   -0.980257060887   -0.00172264769489
-0.710301436395   -0.142057691003   -0.689413868356
0.675558096975   0.137534384818   -0.724365619424
-0.830305903237   0.0337775899421   0.556283364364
0.432914428589   0.667686014326   0.605624044927
-0.350966101739   0.743676314462   -0.569006445252
0.807571719488   0.211867013757   0.550400114793
-0.462813825356   0.806112880455   0.368761965263
-0.365556125571   -0.552534516973   0.749048948074
-0.307122836827   -0.918468657238   -0.249180434165
-0.910189291554   0.359949055728   -0.204919815588
0.277904689848   0.163865807757   -0.946528911555
0.663970744095   -0.746959985874   -0.0345489578747
-0.468149923599   -0.451276685575   0.759726926001
-0.583076753113   -0.488262360376   -0.649323777032
0.760411568923   -0.423249325793   0.492579185577
-0.620949395353   -0.696019658635   0.360525287885
0.190252711567   -0.580014347245   -0.792077813558
0.85902312985   0.35139413468   -0.372292122525
0.399109710966   -0.915120375732   0.0571501227713
-0.320609889109   -0.19767867875   -0.926354380879
-0.335364278987   -0.794525929587   -0.506220651093
0.0102888193839   0.534217757342   -0.845284288235
0.942032345822   -0.288686568711   -0.170982819228
0.618597107749   -0.13330891989   -0.774316698879
-0.700971877033   0.351547878858   -0.620525999842
0.354931043858   0.926629818616   0.124020697296
0.953803811612   -0.275446256527   -0.119948525296
-0.193991510016   -0.25980179843   -0.945975855704
0.229402665628   0.925544372409   -0.301234180838
0.764137346436   0.532645856784   -0.36384406967
0.555118563237   -0.830288388368   -0.0496444648588
-0.328538424742   -0.164041407555   -0.930135968596
0.176203157945   -0.643472043774   0.74491353593
-0.0140957981722   0.755026830484   0.655542366079
-0.984252892098   -0.126008785928   0.123967859806
0.0214752778777   0.847102099584   0.530996087858
0.312380520702   0.498841880206   -0.808439972316
-0.949714284786   0.183234307469   -0.253905426961
0.908153330587   0.417784426024   0.026715192603
0.352858849442   -0.798238004594   0.488166693243
0.225273523777   -0.433903516226   -0.872341434355
-0.106219088541   -0.187375879037   0.976528435421
0.947863166877   0.277669976945   0.156380308161
-0.300454525855   0.942225909142   0.148112842234
0.494237197325   0.179274831405   0.85064100983
0.750017147354   0.406817731477   -0.521510893492
-0.439549623427   0.895745425989   0.0666052577848
-0.799292348177   -0.429049463705   0.420771077714
-0.220642367984   0.86080794221   0.458613815838
-0.558971097282   0.273726586802   -0.782703691113
-0.0770691369065   0.874203548777   -0.479404321468
0.994375934286   0.102428439178   0.0269242671189
0.0726419262468   -0.474633090032   -0.877181041974
0.820401725424   0.561314235562   0.108937311684
0.371545179431   -0.378512677929   -0.847751338712
-0.434620741064   0.735971794027   -0.519086052437
-0.388868906951   -0.897277176845   -0.208984786814
-0.571963792259   0.0572976279091   0.818275260644
-0.722245383199   0.437733537382   -0.535491322711
0.438243341307   -0.898637198999   -0.0198483847113
-0.62081570316   -0.286640128436   -0.729674790218
0.650023566119   0.332097307044   -0.68350621222
-0.0431909243766   0.590924788466   0.805569635989
0.95993727347   -0.198906090915   0.197374765358
0.276866348722   0.781821118526   -0.558659792335
0.0803332855511   -0.251644893459   0.964479865435
0.823731841903   0.561600019083   0.0779183624137
-0.561259668842   0.788213337975   0.252403086293
0.445580032574   -0.701769978763   0.555857294166
-0.831006310523   -0.0932705832546   0.548387737071
-0.332996916565   -0.70627154495   -0.624734790413
-0.0973968302622   0.130171887307   0.986696071346
-0.54845237763   0.820269072705   -0.162353434939
-0.830490124521   -0.556968516273   -0.00849852654962
0.286968982535   -0.743737967702   -0.603740539025
-0.65636513009   -0.611713885603   0.441577782686
-0.6977346337   0.26955511043   -0.663706579278
0.789564138712   0.577411663704   -0.207808184341
0.383420804767   -0.199775886731   0.901708423801
0.479141896866   -0.791634616284   -0.379127520721
0.867166389601   0.382656822009   0.318741602738
0.390675916538   -0.125755523579   -0.911897952913
-0.30886045552   0.915291923301   -0.258545768012
0.359339405757   -0.178809239134   0.915916179282
0.730490282413   0.664671196035   -0.156831592678
-0.580740164592   0.725423639787   0.3694609642
-0.485183754825   -0.0423019271456   -0.873388384978
-0.85089057224   0.252953780819   0.460434163419
0.201449641667   0.966553118938   -0.158723376171
-0.774637920499   -0.104951264338   -0.623635570055
-0.151709625851   0.988177031652   0.0221437020123
0.613938336927   0.111764870279   -0.78140151793
0.145696604549   -0.805936067913   -0.573793999498
-0.829898765007   0.216159144248   -0.514337694708
0.538554119158   0.551128187263   -0.637351694077
-0.304299661783   0.667013982282   -0.680069160658
-0.291152125697   0.614634772096   0.733112908516
0.906990714143   0.421089591857   0.00716938554228
0.262261262692   -0.391615961883   -0.881961432541
0.0612167213536   0.9188634398   -0.389798014394
0.963053240023   0.0482381321893   0.264955731179
-0.521760490329   -0.805294285565   0.281544142839
-0.286875311426   0.476433575329   0.831091814418
-0.803410571517   0.352862808942   -0.479603264834
-0.640021408815   -0.738081649893   -0.213560470007
-0.682840633   0.673809837325   -0.282327775905
0.352280096205   -0.0348680543588   -0.935244862377
-0.23997836068   0.962400012493   -0.127265872718
0.574054023821   0.246402547557   0.780863472249
0.782861650702   0.114332849656   -0.611600879127
0.130531416356   0.714237050791   -0.687624159422
0.910480608505   -0.360864494388   -0.201994748019
-0.392411277719   -0.599701802538   -0.697403138186
-0.816679170274   -0.572739501242   0.0707431732249
-0.57265136354   0.819460993659   0.0235392376036
-0.0714531222302   -0.0212871695734   -0.997216780713
0.525872769802   0.305778243809   0.793698617609
-0.0471953945776   0.942197092374   -0.331718606431
-0.849252862645   0.136982862925   0.509907119536
-0.653311544259   -0.135547929807   -0.744856217577
0.248294659399   0.8910668281   -0.37993377051
0.715215903243   -0.433158939173   -0.54848841844
-0.128991075368   -0.830346063509   -0.542113196012
-0.853820914989   -0.18503356025   0.486572118713
-0.504332378103   0.525631045883   -0.685099157787
0.303984484643   0.793226538757   -0.527622110329
0.612264673053   -0.586975972502   -0.529708578217
-0.729880403373   -0.162021189715   -0.664096175908
-0.400195597084   0.86503174542   -0.302594718211
0.609028491773   0.497766988593   0.617504915993
0.684783016935   0.0628339437071   -0.726033136458
0.90815076104   -0.268156315211   -0.321487769341
0.302563365692   0.951154409487   0.0613245387575
0.28933994706   -0.152962348064   0.944925878104
0.89152578571   -0.243824533435   0.381747783633
-0.22633351388   0.490234942982   0.841690466367
-0.392370888202   -0.836791071639   0.381871429302
-0.891381438579   0.407490387529   -0.198470942526
0.450112618111   0.847291344676   -0.281950364877
0.0532706483239   -0.340659597412   -0.938676342899
-0.853136190298   -0.261968261032   -0.451144401512
-0.517901568823   0.529301871974   0.672024920174
0.0627423765429   0.806977173492   -0.587240355944
0.418494125232   -0.361642771079   0.833112941487
0.807536615537   0.567952296894   -0.159106263295
-0.415628778735   0.739354241605   0.529724479053
-0.466050109339   -0.80805050916   -0.360349372457
-0.488445135152   0.574578524399   -0.65671977985
0.737711763178   -0.130053427272   -0.662470724276
0.867285983861   0.436379246239   -0.239558292804
0.276985961035   -0.023162427481   0.960594752923
0.413634862637   -0.899464649336   -0.140959373602
0.0624203976497   0.997763860259   0.0238950438195
0.997626726497   -0.0616788859843   -0.0306044049665
-0.029062149557   0.025748673473   -0.999245914316
0.210279891238   -0.846967292621   -0.488291688
-0.735341468788   0.192111113132   -0.649897103003
0.644247849528   0.495721419187   -0.582413068996
0.602020371851   -0.710856100405   0.363668910402
-0.797685368821   -0.55574475256   0.234191849499
0.0356303837437   -0.431081633243   -0.90160917322
0.29474838012   -0.533081279349   -0.793062256083
-0.809705135409   -0.580053812847   0.0889672293265
-0.507445549896   0.615923634722   -0.602608571198
-0.937385859083   0.161700679673   0.308481184814
0.333733309791   0.670407555627   0.662703393151
-0.0996485279741   0.724159236322   -0.68239546549
-0.224940512205   0.708411443702   0.66899551
0.823607066297   0.505110249553   -0.257943862383
-0.520646872951   0.492967404833   -0.697072429134
0.682335027375   0.458687953325   0.569231299114
0.705165812723   -0.207648990332   -0.677955067376
-0.192769517775   0.863994941124   -0.465137242896
0.378911295837   0.286453857553   -0.879983191533
-0.592060835386   0.80585939003   0.00738990543375
0.711259584884   0.51820346486   0.474947335941
0.99983078151   -0.0112450097443   -0.0145587808602
0.0119018044501   0.998877811713   0.0458417311924
0.0140269524529   -0.0460072496867   0.998842619025
0.741706974612   0.401482222363   0.537292089034
0.619098831084   -0.717989119453   -0.318132459358
0.258045347106   0.568597968228   -0.78109471216
0.991850754146   0.0190450528918   0.125973677647
0.0471951957265   0.863499575655   -0.502136531576
-0.118341433995   0.503989849901   0.85556387032
