0.0491738010897   0.25009020333   -0.966973023142
0.635650339001   0.738934704156   0.223437126551
0.770409361193   -0.625643982782   -0.122633694367
0.767902642645   0.0653297150662   0.637226458764
-0.486429774171   0.706732805353   0.513726402511
-0.416787243349   -0.704457784517   0.574480307421
0.918177212103   0.203878133737   0.339682666263
-0.10854369586   0.954068173072   -0.279235003572
-0.381010332228   0.219516805086   0.898133341448
-0.531328215749   -0.658714461662   0.532715294642
-0.847089686518   0.404654090252   -0.344520144894
0.0113749788585   -0.634310905818   -0.772994362603
0.699241955915   -0.294042220156   -0.651613274768
-0.131758191929   0.842870602169   -0.52173645345
0.702638218394   0.450675405103   0.550628017166
0.0693890316883   -0.635411435191   -0.76904971901
-0.997567315379   -0.0493577188661   -0.0492266886519
-0.00667933893895   0.770594655845   -0.637290563884
-0.78890027928   0.28549143723   -0.54417918797
0.609088295109   0.245771751362   -0.754060803247
-0.0815340303961   -0.92633195211   -0.367778896059
-0.965369991807   0.259816378162   -0.0235844982632
0.181022816139   0.602011290321   -0.777697335963
-0.187860370905   -0.755035003139   -0.628196326858
-0.797286985308   -0.57973102546   -0.168063681913
-0.59116672308   0.806207562345   0.0234791809944
0.121882601639   0.118073301538   -0.985496487503
0.767704643773   -0.515889652183   -0.380115044031
-0.591164782975   -0.799092666018   -0.109430847961
-0.247292901836   0.308721197662   -0.91844294478
0.439485632646   0.315837879338   -0.840891677134
0.49943277413   0.692183253507   0.521007915189
0.746605171977   -0.648944356274   0.146464806821
0.271311900884   0.222842844837   -0.936339104675
0.345699940341   0.885351216519   0.310877427061
0.89826577564   -0.408037118303   0.163169563338
-0.249529997464   0.87969703248   0.404806017014
0.8005368319   -0.0478144730784   0.597373046711
0.544862882878   0.473124621225   -0.692298730067
-0.618601550383   -0.45913974288   -0.637591419619
-0.726814650095   0.642640404239   0.242391780485
0.298450307874   0.613354715762   -0.731247841967
0.635352464356   0.755940964571   0.157735551226
0.26562381588   -0.0221388568016   -0.963822524875
-0.725100844349   0.654265335398   -0.214861900816
0.812065995968   0.093527027051   0.576022146626
0.189700173407   0.891157758756   -0.412130674929
-0.551871961964   0.443948808107   0.705936819679
-0.267862684777   0.521655053421   0.810015794503
0.865274983103   -0.239507841817   0.440380741318
0.423731973917   0.818847970596   -0.387219854
0.584978278918   -0.723651188242   0.366236768977
-0.679604175114   -0.683801205445   -0.265620173555
0.442649498319   -0.0935140053056   -0.891805221138
0.103190224811   0.916762796474   -0.385872715418
0.967737916764   -0.18218515095   -0.174045669954
-0.229858874007   -0.355463845945   -0.905985845511
0.448724789891   0.221821902066   0.865702666451
0.76233274677   0.41050945262   -0.500330663174
-0.466363427104   0.884464263311   0.0151036679794
0.869921408786   -0.398773636309   -0.290200498827
-0.266311497202   0.115446079203   -0.956948477847
0.415108334044   0.909753697317   -0.00576898827154
-0.519514392442   -0.251617651024   0.816574156913
-0.393502402302   0.918740135011   0.0327478808751
-0.758459396031   -0.304310896967   -0.576310873192
-0.699147809152   0.178303982895   0.692387197052
0.271605129167   0.962043562668   0.0265110795625
-0.661379614721   0.206591077283   -0.721038925453
-0.368012482971   -0.667641171027   -0.647164646073
-0.800482135398   -0.12662462465   0.585828093676
-0.473069934878   0.733635789191   -0.487835387741
0.044148375046   0.664026262409   -0.746404745304
0.839658642674   0.380167520759   0.387873716489
0.541317175751   -0.643849189634   -0.540771611907
0.822775174417   -0.351267374053   0.446824623639
0.198429444475   0.914216358929   0.353318842736
-0.532603762594   -0.20203881061   0.821896314068
0.010018481259   0.650575588133   -0.759375423726
0.457558079471   0.672263591463   0.581981329172
0.889123295131   -0.353288929517   -0.290941056465
0.82856307269   0.0601817617557   0.556651947025
-0.241244929792   0.935557329634   0.257940626537
-0.50525648776   -0.348009537973   0.789686800609
-0.863140809941   -0.50410043484   -0.0295075212044
-0.287273136755   0.538258249095   -0.792308148501
0.415285548885   -0.675396778846   -0.609407174237
-0.843116091115   0.478549725804   -0.245245625518
0.408748215928   0.866688746868   0.285964179624
0.349399703603   0.140857289429   -0.926325575128
0.906204917424   -0.411914393753   -0.0954943969851
-0.228967823608   -0.667897941701   0.708156815419
-0.355480496495   -0.619870044195   -0.699567541357
-0.318075517334   0.454195796306   -0.832186363677
0.88736885088   -0.166399502862   -0.429985729921
-0.333773108206   -0.875224190745   -0.350111593886
0.997789519592   0.0524087114962   -0.0408583106776
0.062227904086   -0.521121609397   0.851210876441
0.0233187166283   -0.851871818514   -0.523230964562
0.113756278269   0.431936226002   0.894701405957
0.81324605701   0.47681066644   -0.333590226364
-0.570692877046   0.765560373214   -0.297030225823
-0.872719321056   -0.265321616755   -0.40983585292
-0.278500491227   -0.418926481423   0.864255795207
-0.400996836699   0.868392217172   0.29171303384
-0.650451832239   -0.531352331804   -0.542749586295
-0.340683092929   0.842755632027   -0.416770890153
0.678857454942   -0.0861837813787   -0.729194700815
0.872978627505   -0.31258282372   0.374433297444
-0.486275140622   -0.497928894639   0.718055223152
-0.0380105713278   -0.808924467548   -0.586682539598
-0.0415726149226   0.350480223964   -0.935647011591
-0.922230322843   0.346824376192   0.170892023535
0.384399465813   0.869986473854   0.308805093859
-0.675623446421   0.464783755513   -0.57228403722
0.73074424438   0.319306791953   -0.603370551087
-0.0977026506888   -0.825844557543   -0.555369209467
-0.308971857204   0.940944992647   0.138415722622
0.800901131412   0.335906347189   -0.495705864017
-0.512926670351   -0.0423018525794   -0.857389517145
-0.709019068212   0.00179734445603   -0.705187018077
-0.691557483374   0.193899841307   0.69580967134
0.137986260552   0.981019684356   -0.136235717801
0.66667375928   -0.741750748981   0.0731568525388
-0.218562213021   -0.288384190388   -0.932236621129
0.71258449164   0.605508369158   -0.35437685753
0.0591946176868   -0.944613870268   0.322801228829
0.242698482299   0.327284068415   0.913226469859
-0.968294089586   0.0242852765763   0.248629807977
-0.21508157016   -0.97487023818   0.0580339287694
-0.00709168031906   0.0609822153092   0.998113659603
-0.976570338607   0.214264295035   -0.0200296187023
0.784304104499   -0.192069305467   0.589895290338
-0.584159471635   -0.548779016751   0.597996072289
0.208865467142   -0.813603695095   -0.5426087393
0.100827413659   0.338506020919   0.935546635105
0.992391857353   -0.100999536901   -0.0704094809284
0.0706557436708   0.935528068712   -0.346114140912
0.779930527266   0.540345755118   0.315808229097
0.265612680621   0.17113092432   -0.948769788007
-0.566708281687   0.823857191307   -0.010052452443
-0.158866457944   -0.326165780833   0.931867657961
0.0106641383786   0.943232585163   0.331961694234
-0.987242485255   0.0626751441911   -0.146369742801
0.448321849967   -0.47016832554   -0.760229744552
-0.875330148451   -0.0585911392223   -0.479962716904
0.181120540124   0.880629788313   -0.437820198119
0.0911390904866   0.972021671294   -0.216489114552
0.893586770428   -0.175778038809   -0.413043296506
-0.439541067366   -0.15580741833   -0.884605956622
0.63712046306   0.55079147823   -0.539171830737
-0.11300612074   0.758721935894   0.641537715702
0.762435001968   -0.347807089495   0.545640079422
0.469077735743   0.834345021373   0.289541815874
0.833393692202   -0.526678734228   0.167524519728
0.292268766084   0.162720300583   -0.942391146048
-0.833282665823   0.50373434822   -0.227797509341
0.552156977801   0.737726200365   -0.388436256238
-0.0276164933428   -0.449457183409   -0.892874890216
-0.223585272219   0.848247041842   0.480090181168
0.716163922383   0.47708560348   -0.50941001485
-0.661149651988   0.229926690401   -0.714153243161
0.889730404942   -0.398398977937   0.22284088696
-0.455922473388   -0.799810780635   0.390432341694
0.0226826978719   -0.448977693832   -0.893255017147
-0.105028141306   0.430880376901   0.896276291294
0.971128650297   0.238554736504   -0.000884456807132
-0.214192049587   0.870306692203   -0.443495239434
-0.513396275456   -0.856273982059   -0.0567373950491
-0.792653914138   0.447840195471   0.413689414564
-0.328822196255   0.257359722896   -0.908648411808
0.314070860012   -0.583458051049   0.748956739443
-0.765696867006   0.310735484387   0.563162291529
-0.561309008256   -0.750346694141   -0.3491590409
-0.403849699775   -0.257296246958   0.87789752323
0.0335704758523   0.954819612319   0.295283814462
-0.914209190034   0.148721717423   -0.376966056329
-0.638381895561   0.767312663516   -0.0608262429245
0.724487631353   0.625679038014   0.289211710357
0.259973512953   0.140559659215   -0.955330704397
0.13803470759   -0.688547965511   -0.711932664436
-0.854471820677   -0.446267719688   0.265938019157
-0.500823648771   0.571617723269   -0.649945267908
-0.111146465995   0.925182845951   -0.362881750236
0.898035234822   -0.0628924118264   -0.435404710071
-0.425651477284   -0.374274292588   -0.823856525005
0.19064985457   -0.981649185819   0.00418436781616
-0.705550876461   -0.139988942195   -0.694694937932
0.682532485437   0.129491204507   -0.719292314903
-0.829668279683   0.039234070615   0.556876317858
0.432064383105   0.67680563255   0.596032301642
-0.353512255149   0.73511551708   -0.578475809354
0.807548027139   0.211310513799   0.550648754309
-0.462753887971   0.805854436672   0.369401497106
-0.365684321556   -0.553124302173   0.748550922325
-0.279783773052   -0.927091799706   0.249443050122
-0.920738885845   0.33270805595   0.203826528201
-0.271957615134   -0.172644560943   -0.946695785956
0.666631115838   -0.744341180236   -0.0394862355954
-0.463144282756   -0.455134570513   0.760493192655
-0.584037951461   -0.488680601344   -0.648144228643
0.758388537571   -0.418452314537   0.499744421219
-0.62094229673   -0.696951857655   0.358732173416
0.198185494456   -0.582370817066   -0.788395041344
0.858585206919   0.346136766042   -0.378180884834
0.394782202561   -0.917006877103   0.0569684113061
-0.327075610525   -0.19821131789   -0.923977174209
-0.341999301564   -0.782801236918   -0.519864118025
0.0120999767007   0.549509058494   -0.835400134784
0.939622300871   -0.291996606338   -0.17845983748
0.616860215419   -0.127317985531   -0.776706897867
-0.704230599045   0.351411351198   -0.616903011516
0.351486469158   0.927523688544   0.127110460581
0.954842849861   -0.27538152209   -0.111535417519
-0.18587107472   -0.260788758632   -0.947333714672
0.231791017195   0.92528603181   -0.300197740972
0.754165629733   0.547948272277   -0.36192111549
0.570057818725   -0.819867330135   -0.0534007892153
-0.325988168864   -0.16604292182   -0.930677958197
0.1825164963   -0.664169366612   0.724959847876
0.00117311295994   0.737491771565   0.675355099692
-0.983202091324   -0.122412986761   0.135383559888
0.0195220646776   0.846804060991   0.531546584299
0.309523419436   0.500410635247   -0.80856938413
-0.950691401987   0.180311060175   -0.252336639763
0.907090917943   0.42062543754   0.016134059588
0.360634508608   -0.79634393729   0.485570885395
0.217091726663   -0.434638441508   -0.87404840105
-0.112480317116   -0.193600595046   0.974611198304
0.94556352028   0.280587251112   0.16486486475
-0.305381412953   0.940100847841   0.151501117197
0.489333264627   0.17334772887   0.85469498713
0.753937540197   0.408497326246   -0.514497929958
-0.438327664665   0.896147587926   0.0691979699405
-0.799082626238   -0.449572111045   0.399189019657
-0.19359861636   0.821007374148   0.537090744045
-0.569198148441   0.351897440408   -0.743089267347
-0.045992209544   0.876857010396   -0.478546235991
0.996857448305   0.0712176006843   0.0346883425826
0.0644976311163   -0.475446986185   -0.877376896726
0.817073184779   0.565130337596   0.114101324465
0.37751437662   -0.374856789284   -0.846738024995
-0.435745689779   0.734921825133   -0.519630257763
-0.391691264495   -0.897375116479   -0.203213812627
-0.572907580978   0.065045397573   0.817034882923
-0.719968649996   0.436448160242   -0.539590721236
0.440787841728   -0.897434771986   -0.0178019272866
-0.619392949888   -0.289749865497   -0.729655664731
0.649660259069   0.332649733917   -0.683582988605
-0.0540925266969   0.579709441142   0.813025806728
0.956470348359   -0.203756694084   0.208920277443
0.286772507864   0.788936102271   -0.543453176701
0.0766582054696   -0.265061541168   0.961179431182
0.827395405726   0.554837625272   0.0870175394127
-0.556363516163   0.788604837023   0.261843558077
0.443742778695   -0.692831756227   0.56839819134
-0.837170915478   -0.0941813007191   0.538771510821
-0.31974553106   -0.714922401494   -0.621810867715
-0.0972608626478   0.126435003449   0.987195276782
-0.544405049983   0.823592558278   -0.159117690727
-0.8331647293   -0.552910017862   -0.011271468316
0.284535695894   -0.750215279699   -0.596838731876
-0.663939836414   -0.603306682059   0.441820032373
-0.691536934216   0.270551439636   -0.669760096696
0.78764010849   0.579384272012   -0.209611366208
0.385383080863   -0.197831283118   0.901300540555
0.48073167202   -0.790681129638   -0.379104749049
0.865896262959   0.387299522131   0.316579756066
0.389542242353   -0.125046342816   -0.912480275716
-0.313816034033   0.913434448828   -0.259146685254
0.360511273427   -0.16760283428   0.917573382173
0.723074642881   0.671646838957   -0.161411228051
-0.589232282342   0.721664613002   0.363325616749
-0.48227905072   -0.0488690221832   -0.874653494767
-0.852745663263   0.254799192243   0.455962943031
0.200578540782   0.965758349849   -0.164557159294
-0.777454626512   -0.0795966533958   -0.623881941143
-0.137316012203   0.989510361359   0.0448726816258
0.613765929739   0.120555454177   -0.780229303449
0.137843321374   -0.815800170408   0.561666538717
-0.820100738707   0.22396485808   0.526568628687
-0.555368343646   -0.533207112019   -0.63816626248
-0.303943589583   0.677427641563   -0.669858257244
-0.299677983984   0.599446692502   0.742197257314
0.904329254346   0.426327870652   0.0208121704357
0.261513046454   -0.393955504546   -0.881141297961
0.068328966396   0.918176532051   -0.390234555546
0.96277831243   0.0418439533139   0.267033714511
-0.523268835892   -0.79870716572   0.297080105042
-0.299006751647   0.498537462349   0.813667844457
-0.797987899566   0.336938068584   -0.499687952711
-0.636851317654   -0.740634878666   -0.214197048781
-0.684690447946   0.671020668085   -0.284482430904
0.35442825747   -0.0345143376925   -0.934446023481
-0.240821832793   0.962435698698   -0.125388877981
0.570733864194   0.244919995903   0.783758286635
0.785027197689   0.117182428197   -0.608276727658
0.147616076941   0.713590415095   -0.684834442265
0.90838207223   -0.371705824094   -0.191511856513
-0.391217975915   -0.593821100853   -0.703082495517
-0.810774840266   -0.582276640276   0.0599839360228
-0.57957578276   0.812907685256   0.0572102026658
-0.0820735671826   0.0116193562545   -0.996558538236
0.527215613278   0.333600437439   0.781507802428
-0.0708309534341   0.933763992907   -0.350810178853
-0.846774275206   0.129597660826   0.515924193227
-0.65402507744   -0.15420938203   -0.740588053221
0.2514778443   0.879000124661   -0.40511439702
0.713449431919   -0.451196462022   -0.536107881638
-0.133987181516   -0.831376353519   -0.539315115677
-0.854884525333   -0.178286545682   0.48722310698
-0.50121839904   0.526333797544   -0.686842667593
0.308024793638   0.79999421722   -0.514907738259
0.622608113904   -0.578736373932   -0.52670992585
-0.719360732182   -0.158346019535   -0.676348042869
-0.433510180572   0.844463162703   -0.31456460414
0.58581926859   0.52933598361   0.613693083719
0.684751566548   0.0817641932171   -0.724175330164
0.908683931506   -0.269961204079   -0.318456372074
0.304963359548   0.950162941471   0.0647127034536
0.285115523877   -0.15592091889   0.945726072971
0.89270505245   -0.245095158439   -0.378161410829
-0.222902437511   0.489160438237   -0.843229843527
0.391653153545   0.83704864194   0.382043686435
-0.894022944523   0.408190492388   -0.184671320433
0.442646027475   0.868426971687   -0.223381040393
0.0691915386927   -0.281451801861   -0.957077538239
-0.855332517204   -0.260253546688   -0.447966936783
-0.513559052719   0.539894789051   0.666911325535
0.0682889770398   0.800488418525   -0.595445133848
0.419200579412   -0.356874101141   0.83481240417
0.805867838142   0.569757596279   -0.161100307047
-0.418148181473   0.74028180946   0.52643607486
-0.461519753587   -0.814856386454   -0.350725799598
-0.485173856695   0.562827679672   -0.669202011185
0.742701720631   -0.138686958469   -0.655103107703
0.865601891101   0.438104917163   -0.242481850206
0.279704255659   -0.0213802311326   0.959848120841
0.415329863468   -0.898669553993   -0.141046578256
0.070436883588   0.997230143399   0.0238890461607
0.997127642945   -0.0697208441568   -0.0295883011544
-0.0278407813387   0.0259045360144   -0.999276661345
0.214309646325   -0.84110371592   -0.496604384352
-0.743725712194   0.18907271898   -0.641189185778
0.633200947972   0.506750477062   -0.585030352618
0.597683472182   -0.715459993091   0.36178925546
-0.801128650154   -0.550473016151   0.234887940074
0.0311022986812   -0.430228377464   -0.90218412214
0.298336013651   -0.542373193024   -0.785383309249
-0.814450562624   -0.573701986361   0.0868119340132
-0.497660430415   0.613756751762   -0.612892115845
-0.937728997265   0.158909296919   0.308888593253
0.333283601194   0.662226851481   0.671101809231
-0.0979100039023   0.73225912936   -0.673951184141
-0.226864572943   0.714945917581   0.66135073938
0.816130773426   0.510117280002   -0.271497553045
-0.531472507483   0.47815551401   -0.699216903552
0.678247979707   0.450334241157   0.580670947495
0.712003761724   -0.207305292693   -0.670876411057
-0.181742458755   0.868460469373   -0.461244069688
0.380167789111   0.284816825698   -0.879972629075
-0.593213579197   0.805033744216   0.0042802021442
0.70962673398   0.520384517903   0.475005107286
0.999818822361   -0.0113515626004   -0.0152795445006
0.0120695166877   0.998786572786   0.0477462960827
0.0147190088166   -0.0479220622389   0.998742622866
0.743902983613   0.420715345856   0.519236890767
0.626717976717   -0.708938272921   -0.323467313414
0.232019241941   0.566043393168   -0.791051166752
0.992259432584   0.0217608582061   0.122260719358
0.043174896535   0.862655324312   -0.503946147664
-0.116435161171   0.505323912442   0.855038359816
