0.0437023589325   0.190053256306   -0.980800623772
0.677095879037   0.716236339745   0.168957616639
0.73459599401   -0.671479906919   -0.0973830590426
0.758159745141   0.0503431061161   0.650122582682
-0.478379933652   0.720458892956   0.50208726596
-0.443109963696   -0.691667951568   0.570306062432
0.919273671826   0.206013748571   0.335401627436
-0.109360791118   0.952224402457   -0.285147163289
-0.378121850272   0.225448492489   0.897884649374
-0.50535738003   -0.674496578824   0.538208401647
-0.862790196196   0.384560160619   -0.328186776414
0.0143873485231   -0.63021254194   -0.776289350812
0.696625634094   -0.284570252138   -0.658583705782
-0.143242005914   0.844318329949   -0.516341249034
0.702989654024   0.454033401096   0.547411378238
0.0863944529422   -0.664018652072   -0.742708036984
-0.995911091217   -0.0378057219156   -0.0820477042974
0.0264025925024   0.746759638097   -0.664569745037
-0.790676669855   0.275963278742   -0.54651136542
0.606104178481   0.22682778839   -0.762356136751
-0.0864183347188   -0.934020033618   -0.346609936707
-0.966256754739   0.256517410777   -0.0233816571067
0.178042373131   0.599530445385   -0.780297480726
-0.186141874092   -0.758130637176   -0.624971311089
-0.787292256255   -0.592012894142   -0.172312612456
-0.605312631723   0.795291700243   0.0332825690405
0.117335080511   0.130506109799   -0.984479880031
0.74973882751   -0.547469894875   -0.371710108458
-0.620053928011   -0.777414502965   -0.105640034731
-0.231138090505   0.309682748608   -0.922318696727
0.401010201437   0.313948154143   -0.860597103675
0.473642981692   0.73307090306   0.488128443118
0.784125719663   -0.603360263522   0.145269570679
0.271563687876   0.221949236241   -0.936478349968
0.343505082476   0.886603417244   0.309739630731
0.899031379731   -0.405799109245   0.16452860297
-0.268672321909   0.871125010339   0.411043063197
0.789932688701   -0.0449286166811   0.611545392203
0.551200082332   0.489001672559   -0.676059045847
-0.622145262765   -0.443447960297   -0.645204757056
-0.726719206112   0.633666188768   0.265228876031
0.291229235291   0.633893577598   -0.716494567175
0.623305661987   0.768280032775   0.145725231083
0.249070156864   -0.0184041730585   -0.968310561428
-0.741251717498   0.639849261665   -0.20282705355
0.813089382242   0.133831721226   0.566546314858
0.1528459182   0.889991418892   -0.429596787219
-0.561715036095   0.43589487803   0.703186940672
-0.256880114945   0.521914189566   0.813399154952
0.866271208698   -0.248794222379   0.433215452045
0.428470301802   0.815908704231   -0.388208947389
0.559994550361   -0.727471946381   0.396472786954
-0.679261881658   -0.677128900619   -0.283018988892
0.474351557067   -0.110819759864   -0.87333245739
0.117728606183   0.916342866073   -0.382695344999
0.966912163592   -0.193605330637   -0.166125987871
-0.226320222657   -0.350475003027   -0.908815948952
0.447403929227   -0.20577659643   -0.870336553566
-0.770372416551   0.405634211428   -0.491921971796
0.454264310648   0.890571097039   0.0229577261604
0.875416337982   -0.398341520415   -0.273806990978
-0.251504454606   0.108369904592   -0.961769968907
0.412785349193   0.910812822095   -0.00531588181353
-0.516322719302   -0.276522204702   0.810522251292
-0.372603711447   0.924696832445   0.0781168501799
-0.771088402032   -0.261670094534   -0.580475182827
-0.691717500311   0.198000665988   0.694494518359
0.296183283523   0.954859716129   0.0227680714184
-0.658636745349   0.221446740285   -0.719137663381
-0.385568220644   0.675010693232   0.629045078871
0.806056352569   -0.0853497087008   0.585652272008
0.449010360362   0.732854686311   -0.511188522015
0.0702040682905   0.649835799094   -0.756825490461
0.856547927762   0.349588498503   0.379622877552
0.511270022827   -0.674908375952   -0.532072972277
0.823154710979   -0.344815908103   0.451130038139
0.189598731908   0.915810885558   0.354037770235
-0.535227654976   -0.205894175277   0.819230703731
0.0146112086149   0.670886127985   -0.741416425405
0.438990860663   0.66190640735   0.607591089602
0.898372715991   -0.334352674861   -0.28484162613
0.828447226048   0.0764969534618   0.554818357451
-0.255954223566   0.932839640905   0.253569792747
-0.498159240697   -0.352077293313   0.792388131184
-0.859758097702   -0.510536210496   -0.0129919670577
-0.285106215964   0.500922773391   -0.817184691925
0.423710348061   -0.698877065635   -0.576229457834
-0.83459201971   0.494204043824   -0.243348564211
0.4264298097   0.859261046168   0.282538620259
0.348731670536   0.132033395801   -0.92787574834
0.915173578855   -0.398034294383   -0.0634509342685
-0.241640443169   -0.667814785422   0.70401229293
-0.322594508307   -0.628961137803   -0.707347630479
-0.325847638749   0.448060740631   -0.832505188588
0.885099716607   -0.164926858092   -0.435198372174
-0.332297770057   -0.878658468453   -0.34283740728
0.99818405951   0.0524586239223   0.0296087168952
0.052689306913   -0.522111787608   -0.851247976901
-0.0291962373779   0.851262224004   -0.523927672209
0.122200120044   0.440613440796   0.889340725735
0.813040801033   0.469480570564   -0.34431475385
-0.569237899755   0.765145600296   -0.300866122769
-0.853804147239   -0.442045643712   0.274980230257
-0.430023207803   0.301135642756   -0.851115365513
0.293425491238   -0.844933709552   -0.447200746371
-0.661206403825   -0.485931527587   -0.571556333215
-0.361252183965   0.873955638149   -0.325112906739
0.657497491343   -0.00849076226896   -0.753408890201
0.862397259222   -0.300589263982   0.407329180964
-0.506123096854   -0.495262938115   0.7060835878
-0.0105060990224   -0.815083257409   -0.579248569592
-0.0466179163153   -0.837909383813   -0.543814889827
0.183159099747   0.528006898812   -0.829253555306
0.981977349056   -0.138262718495   0.128856146986
-0.711533558123   0.460437761173   -0.530770255148
0.701872290747   0.430161557778   -0.567746705575
-0.0330950622511   -0.776503768372   -0.629242889955
-0.316537061251   0.943607026054   0.0970055113651
0.774774215152   0.316185503389   -0.547495792661
-0.547292613133   -0.0981453403232   -0.831166823076
-0.701612585785   0.0477275011213   -0.710958413063
-0.70900491737   0.052763706949   0.703226861243
0.0710760621683   0.997465827418   -0.00318064787928
0.664894865204   -0.742982351504   0.0767596481189
-0.215766241636   -0.289434892721   -0.932562261646
0.7150942226   0.603493718467   -0.352754283567
0.0599206750418   -0.940817992217   0.333573107763
0.227806751153   0.338243598106   0.913069193692
-0.971860893766   0.0212784835056   0.23459247496
-0.212280504902   -0.976064964159   0.0472670390333
0.00106608569045   0.0481380927582   0.998840121084
-0.977208192096   0.212084675934   -0.00917820974448
0.754438591206   -0.642443153314   -0.134496122098
-0.281941848088   -0.502232065958   0.817478896498
-0.592731985298   -0.57881754179   -0.560034862237
0.0954460675318   0.312881971098   0.94498408471
0.990704083533   -0.122297382625   -0.0595715458449
0.096930217497   0.941885461383   -0.321646250672
0.779517456905   0.540225430196   0.31703157406
0.26748657116   0.170567263771   -0.948344738362
-0.566395152372   0.824052967412   -0.0115428882906
-0.156519171497   -0.312164609908   0.937045892833
-0.0186254687288   0.949503357909   0.313203552396
-0.987499286515   0.0315694415566   -0.154429691094
0.439272080874   -0.470679543062   -0.765180244588
-0.879092283887   -0.0497809300169   -0.474044950841
0.185031876646   0.880898760783   -0.435638127206
0.0926324686483   0.967380913733   -0.235782513127
0.884235143903   -0.188789685033   -0.427184579676
-0.457763515409   -0.168916022241   -0.872880256044
0.63672604998   0.540922243994   -0.54952985654
-0.0999148971601   0.764535249368   0.636791069189
0.764589400006   -0.350555243045   0.540845699781
0.45209600187   0.835615379475   0.312019458813
0.834302463782   -0.519888023051   0.183455287238
0.315513239058   0.177379201354   -0.932195266511
-0.829825236301   0.506611119711   -0.233955659436
0.557000361463   0.726614787076   -0.402220770887
-0.033773873444   -0.464086333119   -0.885145864186
-0.225499862817   0.844932193457   0.485014845473
0.720275453082   0.479810076744   -0.50098459252
-0.656013020875   0.236372330688   -0.71678102495
0.893431343097   -0.41688134956   0.167303244326
-0.44781125737   -0.797327272809   0.404640949247
-0.035291825479   -0.436439182961   -0.899041337554
-0.0997797072447   0.32467273683   0.940548576088
0.990524280354   0.122063425322   0.0629457721287
-0.0943698047699   0.937916912183   -0.333775681843
-0.511290115066   -0.856555256383   -0.0699679283625
-0.787813221964   0.434607540408   0.436424808093
-0.343413374135   0.278261349425   -0.897016095665
0.29724025791   -0.568080765823   0.767419359007
-0.776381309255   0.324041266207   0.540582390052
-0.555769998936   -0.756492895734   -0.344729179192
-0.405906215338   -0.260330217509   0.876052693736
0.0595281804745   0.949004839994   0.309590389704
-0.911973979935   0.177814486248   -0.369709978769
-0.634646614353   0.771476181575   -0.0452567801858
0.722398782981   0.613038640609   0.319880639408
0.274524449254   0.170317721869   -0.946376352399
0.127819524098   -0.694991119541   -0.707565907191
-0.85945603387   -0.433658942797   0.270694010233
-0.494972216496   0.573521808732   -0.652744390865
-0.0819772682367   0.926814159652   -0.36646315089
0.900144080897   -0.0889832785702   -0.426406624903
-0.427808790371   -0.364825286408   -0.826971673806
0.173144338395   -0.984737717454   0.0176823614071
-0.694107091348   -0.134741241637   -0.707149307814
0.698739138607   0.110165446604   -0.706843115941
-0.828426893467   0.0526177071985   0.557620174554
0.428139791899   0.701377922079   0.569881855311
-0.361116602738   0.710844840531   -0.603568067345
0.807668270719   0.210008367217   0.55097046216
-0.462680812373   0.804966961177   0.37142247815
-0.365511190439   -0.554909611659   0.747313115469
-0.211480190187   -0.944642705429   0.250851127642
-0.943231945339   0.264506388796   0.200872764648
-0.256104717742   -0.194130186645   -0.9469550381
0.672733658825   0.738087507202   0.0515388784961
0.450959889023   -0.464259168493   0.762298237544
0.586570202769   -0.489581715531   -0.6451706294
0.753383014272   0.405826998308   -0.517415192328
0.620345223851   -0.699644696904   0.354498379883
-0.218141781997   -0.588049101299   -0.778853270783
-0.922051953468   -0.382937306364   -0.0563845235952
-0.331662489619   0.856744346118   -0.394954577609
0.199549963884   -0.345468008344   -0.916968738357
-0.359956863594   -0.749203091831   -0.555990812462
0.0191801747852   0.589868670709   -0.807271374577
0.932771771253   -0.301246873024   -0.19795743039
0.612813992114   -0.112133718866   -0.782230810031
-0.712188702348   0.350553018975   -0.608193910801
0.342412417001   0.92980568399   0.134963427277
0.957273375264   -0.274487671055   -0.0910175996731
-0.165830106695   -0.263192351756   -0.95038421793
0.236913614478   0.92487096636   -0.297465350686
0.728069327608   0.58540610719   -0.356671759271
0.60660464199   -0.792539698131   -0.0625430667785
-0.319289621679   -0.170823056264   -0.932133907192
0.164505207285   -0.117439313731   0.97936001775
0.720169678682   0.692762226704   -0.0378963211857
-0.674013108688   0.711539531468   0.198539226537
0.0152445485949   0.846880172643   0.531565214176
0.301497828354   0.502989495591   -0.810000386927
-0.953344986474   0.172613847963   -0.24766468512
0.903533256296   0.428417207543   -0.00929252645911
0.380096409103   -0.791234074672   0.479035863862
0.197874643534   -0.436356889896   -0.877746142165
-0.12689168796   -0.206884131662   0.970101775894
0.939402937251   0.288935682556   0.18449469594
-0.318466043732   0.934727301095   0.157684024482
0.476798132576   0.158856316169   0.86453930598
0.763289247224   0.4129652763   -0.496839215082
-0.435950760803   0.896785565999   0.0756477545726
-0.799393513506   -0.489074230537   0.348964765542
-0.130552559734   0.708347769769   0.693685423091
-0.586452077933   0.508969384234   -0.630098505157
0.0294361028756   0.879227350656   -0.475492146839
0.998539348377   -0.00430403312091   0.0538576368009
0.0453065733684   -0.4763829774   -0.878069799761
0.807042290464   0.576347335892   0.128477584864
0.394278611867   -0.363992121802   -0.843832987913
-0.439576065802   0.731664871151   -0.520998463239
-0.398693292675   -0.897374066209   -0.189112251512
-0.574973972974   0.0839432428301   0.813854079295
-0.714456848787   0.433212785221   -0.549434339974
0.446667119035   0.894601744543   0.0132741641515
0.616261060711   -0.296870399729   -0.729445180131
-0.648622224276   0.333999527583   -0.683910466179
-0.0830332890004   0.549586786675   0.831300088313
0.946486085932   -0.217574570642   0.238380778055
0.311880685606   0.806607506859   -0.502110314397
0.0676256372962   -0.303857914415   0.950314232782
0.839443781027   0.532113681241   0.110404568435
-0.539222506648   0.790269193429   0.29105616338
0.438368244393   -0.661186518288   0.608823184794
-0.855881878705   -0.100275459841   0.507356917622
-0.274407529075   -0.743489892459   -0.609855136732
-0.0969007194388   0.117992839281   0.98827523517
-0.535254564042   0.830958488724   -0.151692259821
-0.839114296294   -0.543677919264   -0.0173642696318
0.279595156716   -0.765342006712   -0.579722486284
-0.681779409734   -0.58340187413   0.441383155234
-0.676020254729   0.271834262048   -0.684910760006
0.782774045971   0.584432306753   -0.213784171016
0.389970960486   -0.192959089886   0.900382940536
0.484961279827   -0.788166015794   -0.378954995501
0.864000276403   0.396155010005   0.310748661176
0.385906776043   -0.124634078777   -0.914080032935
-0.323387511476   0.909685415105   -0.260562781237
0.363274973406   -0.138678808202   0.921303143299
0.703437829917   0.689224080105   -0.173624269174
-0.610906304714   0.711152835584   0.347929779267
-0.475105693351   -0.0655829845944   -0.87748131164
-0.857053016606   0.260396131763   0.444582929597
0.199335663823   0.963271886175   -0.179923779512
-0.782478568469   -0.0173117908294   -0.622436817505
-0.101278742757   0.989840751526   0.0997892924344
0.614385795859   0.141122601015   -0.776282490676
0.116745590632   -0.835658786717   -0.536698108112
-0.79772689012   0.24300210066   -0.55188928949
0.591609901749   0.492569153783   -0.638258061363
-0.303490731267   0.701023339462   -0.645336852787
-0.321078799793   0.562429120617   0.761959243402
0.897107451958   0.43845155013   0.0543917073596
0.259717476868   -0.400463429778   -0.878735383161
0.0865899735018   0.915952938749   -0.391832094764
0.961794681155   0.0256759694651   0.272565103955
-0.527290203202   -0.781865017733   0.332644157699
-0.325796707523   0.547611417516   0.770699838312
-0.784742981475   0.298008102996   -0.543479184123
-0.628573441815   -0.747570879937   -0.214553507813
-0.688976974278   0.66320912403   -0.292342926573
0.360840902836   -0.0359365729126   -0.931934764652
-0.24198860931   0.962880094292   -0.119596977309
0.562232082295   0.239609814388   0.791506299714
0.790782270035   0.124294251139   -0.599344926175
0.190830002829   0.712891342044   -0.674810969427
0.903003419911   -0.397057737828   -0.164103554076
-0.384926919882   -0.578040731497   -0.719513849124
-0.797511928015   -0.602494924242   -0.0312184390451
-0.593118353775   0.792466128575   -0.142155033241
0.110387241513   -0.094854105463   -0.989351987711
0.532342370481   0.118294619495   0.838223110865
-0.395023391945   0.910483087554   0.122380828129
-0.748710972543   -0.396266236609   0.531417866954
0.845699110703   0.466394335213   0.259363332483
0.494555581961   -0.502329647241   -0.709281116239
-0.200518803374   0.728107993078   -0.655477657826
-0.146066368708   -0.834179803268   -0.531797585321
-0.857763363149   -0.161020132725   0.488174691782
-0.492855586122   0.527462389823   -0.692009247446
0.317193866377   0.81503267761   -0.484881207679
0.646097257787   -0.559988769235   -0.518624056336
-0.694223584022   -0.148776049009   -0.704215380852
-0.501816374147   0.795275200267   -0.340173018445
0.530576434162   0.59360896963   0.60507606025
0.683131739967   0.123149287513   -0.719836980736
0.910083077001   -0.273874252616   -0.311033256597
0.310251415309   0.94783214125   0.0732003504921
0.274759626318   -0.163116908281   0.947575866081
0.895552701474   -0.248107627504   0.369361562776
-0.214500615403   0.486556676454   0.846907366003
-0.389839511689   -0.837678462044   0.382517907233
-0.900973838329   0.407150175034   -0.149916235336
0.420182152576   0.90491763195   -0.067609452312
0.108134644328   -0.123906474226   -0.986384349197
-0.861066904657   -0.255418779289   -0.43968742635
-0.50177910385   0.566846031435   0.653378380103
0.082349964439   0.783228462094   -0.616256163883
0.421001902827   -0.344631105083   0.839039211971
0.801527603918   0.574380006992   -0.166256150941
-0.424630307413   0.742507245068   0.518046419782
-0.451504101678   -0.830022844234   -0.327423463145
-0.47588951194   0.534416063949   -0.698518892385
0.754766996227   -0.159566752937   -0.636290211117
0.861516742744   -0.442377335478   0.249181048694
-0.285918562783   -0.0171417455435   0.958100587629
-0.419570586944   -0.89666518479   -0.141251792753
0.0898976750085   0.99564568187   0.0246593633795
0.995660792173   -0.0892462488398   -0.0263570483542
-0.0240415257003   0.026921798644   -0.999348398608
0.223795562975   -0.825678006071   -0.517852658856
-0.764291869829   0.181031878305   -0.618938928127
0.604792099573   0.5343063628   -0.590544856015
0.587226513507   -0.726478632098   0.356922707234
-0.809180272236   -0.537684194445   0.236902921189
0.0198067881932   -0.427930489856   -0.903594592167
0.308883447941   -0.563948323104   -0.765867680776
-0.824675776757   -0.559958688152   0.079725345991
-0.473815237006   0.606966684779   -0.638036491707
-0.938800981836   0.150363708601   0.309908811814
0.331692462513   0.637295121005   0.69558251779
-0.0929130067123   0.755807967594   -0.648167794097
-0.232966467425   0.725713435326   0.64735356247
0.80009118001   0.521421100208   -0.296604349139
-0.552793567913   0.448843008239   -0.702110550575
0.668479205053   0.428255309918   0.60805669303
0.727696972846   -0.207775454974   -0.65367153527
-0.153599049877   0.879446843099   -0.450533663603
0.383326164198   0.282746915154   -0.879269716192
-0.597600757267   0.801789282748   -0.00269832983073
0.704226090652   0.526486588662   0.476316580862
0.999787239334   -0.0115052357974   -0.0171203274894
0.0123897989975   0.998544504474   0.0524915751776
0.0164914809796   -0.0526925244515   0.99847460104
0.749719248426   0.462933373858   0.472878144883
0.639844193055   -0.689463155883   -0.339470124302
0.168880008152   0.557075621481   -0.81310903008
0.993113293166   0.0287185508037   -0.113583589379
0.0332267232869   0.860643832659   0.508122207904
0.112347549132   -0.508396929717   0.853762607555
