0.023051450475   -0.0425489246161   -0.998828423527
0.812104757564   0.583479638952   -0.00611340089
0.583056166568   -0.811012391978   0.0480042361105
0.728886375765   0.00665412069827   0.68460234728
-0.447540688029   0.761355266972   0.469090065992
-0.518104220966   -0.648300763636   0.557919470968
0.921208576179   0.210813935379   0.327004959939
-0.111689870895   0.948394977407   -0.296769842754
-0.372693080046   0.236863782538   0.897215368018
-0.426595034443   0.71936668397   -0.548204570012
0.904247139608   0.326622288863   -0.275054523555
-0.0188092290981   -0.613049308303   -0.789820712877
0.691426892108   -0.254768522893   -0.676033913804
-0.179909911253   0.845555907719   -0.502660552217
0.69968655604   0.469178224841   0.538804711033
0.135349954566   -0.740696441232   -0.658064716988
-0.983035860116   -0.0174179566273   -0.18258453525
0.123777572786   0.671614023627   -0.73048868283
-0.794403799977   0.246864851062   -0.554959771418
0.598257348848   0.160172824386   -0.785132352459
-0.104932107245   -0.955720885844   -0.274930611666
-0.969458060457   0.244329343847   -0.0213129244864
0.165636342291   0.588166145667   -0.791596606362
-0.180874738776   -0.770949905523   -0.610672229634
-0.768579200439   0.631150255127   -0.104572310418
0.612285653951   0.773068468368   0.16574504874
0.185451585646   0.0633600715679   -0.980608592004
0.694917161791   -0.625411878913   -0.354894519489
-0.692303162497   -0.715323601947   -0.0950182913655
-0.194438857858   0.311724439549   -0.930065268862
0.322766623806   0.303745035579   -0.896415450513
0.397263525162   0.816164093201   0.4195924982
0.859071241593   -0.491543615899   0.142763705249
0.270066612413   0.21362423596   -0.938844348479
0.337722660506   0.892109818441   0.300139095124
0.901669246143   -0.398126559842   0.168783331249
-0.306703957207   -0.855842762006   -0.416492316082
-0.771780305529   -0.0324702382752   0.635059716581
-0.55703486662   0.516215895095   -0.650563837776
-0.62988833   -0.403388973717   -0.663715321213
-0.726827673591   0.607385740642   0.320630776699
0.273792301996   0.684368247326   -0.675779459158
0.583080651772   0.804773536079   0.111159836072
0.197324075113   -0.00756094101191   -0.980309156109
-0.788086393049   0.593533813525   -0.163209832096
0.814317055383   0.261491719329   0.518179326135
0.0253476073412   0.875892436976   -0.481840157781
-0.579866564059   0.405505264541   0.706625960687
-0.233009455059   0.520503901862   0.821451326616
0.867791019436   -0.26995542088   0.417208362001
0.43891381892   0.810061577217   -0.388786446108
0.491404724371   0.734356252238   -0.46823315951
0.675083522574   -0.660843220198   -0.327945842888
-0.550257789054   -0.154942354175   -0.820493286059
0.1636249166   -0.909622080707   0.381856723074
-0.960380981702   -0.235388952073   -0.149199233333
0.225599770951   -0.342315222465   -0.912099244499
0.444009300168   -0.144774092387   -0.884248948848
-0.798894030115   0.382908727586   -0.463841821082
0.405738918531   0.912371288737   0.0543558780403
0.88268774773   0.404526943552   0.23920763355
0.219289923375   0.0956581160155   -0.970959038449
-0.4156612437   0.909509470418   -0.00427243547685
-0.504790043027   0.345169622387   0.791230019805
0.323129791191   0.925496915596   -0.197591996973
-0.800483697839   0.15592751843   -0.578716215853
-0.668226313728   0.244563452501   0.702611066908
0.36717007389   0.929802641749   0.0255574693058
-0.647039203202   0.275055930855   -0.711114972716
-0.438259768678   0.694662042213   0.570414780897
0.817820924363   0.0448541057995   0.573722097244
0.372957518802   0.717936457008   -0.587766903515
0.142602627521   -0.63974731975   0.755240264748
-0.87413291927   0.276519446902   0.399285154912
-0.464280227957   -0.717119489595   -0.519791792519
0.825298719638   -0.324622066367   0.462063347812
0.1615912822   0.919795794649   0.357580695315
-0.541082508386   -0.22044548118   0.811562387587
0.027583357511   0.727208762609   -0.685861920487
0.383337407706   0.625972209461   0.67912533809
0.923196398521   -0.281649087639   -0.261499906674
0.800717072818   -0.362678160919   -0.476777433285
0.243412892252   0.924214433529   -0.294241133668
0.547359418648   0.119550125257   0.828314815978
-0.861240639375   0.507312374588   -0.0299785870156
0.253069310472   0.376973309717   -0.890980946967
-0.440704532751   -0.774935660782   -0.453049927118
-0.803631452547   0.546826841787   -0.234855048015
0.482188905436   0.82957801346   0.281592221233
0.348812769192   0.113051867237   -0.930348820262
0.933393424651   -0.355942905888   0.0456219526787
-0.287674844377   -0.666181385248   0.688073793907
-0.214522490036   -0.655367843045   -0.724205144674
-0.343535601404   0.427671631321   -0.836110199873
0.877737897435   -0.170419923274   -0.447809371449
-0.334005200519   -0.887724070595   -0.316838287635
0.998429587179   0.0556152106583   -0.0067311060821
0.0349584361913   -0.524641026758   0.850605490684
0.0437751891453   -0.849504997858   -0.525761344556
0.143577400519   0.465872210399   0.873125771947
0.809841867837   0.451784269258   -0.374228704337
-0.568807242534   0.760824590578   -0.312416810067
-0.796089608107   0.531945825656   -0.288574036308
0.511784417848   0.337275354406   -0.790140522286
-0.322983042144   -0.776710353914   -0.540742989424
-0.683979424095   -0.379033738514   -0.623302151836
-0.405805388504   0.907712665507   -0.106675693295
0.606212944497   0.179975392616   -0.774670719711
0.830818017374   -0.236532808551   0.503779368857
-0.548739699684   -0.499208549379   0.670578530984
0.092877144647   -0.83357246518   -0.544546399581
-0.0578934923046   -0.418725282288   -0.906265679324
-0.355875573421   0.856807469159   -0.373140103762
0.932738398369   0.300915434575   -0.198617676562
-0.747774301185   -0.657305747372   -0.0937163217326
-0.488984000167   0.640685142861   -0.591960467682
0.449141672602   -0.396827043169   -0.800499878665
-0.335413693698   0.941875099511   -0.0192080972996
0.694961884339   0.233616433272   -0.680037749998
-0.636023296269   -0.241442869074   -0.73292544476
-0.676158068961   -0.716137569447   -0.173081620643
-0.123540406089   0.341803628104   -0.931615826335
0.726325019424   -0.608536984448   -0.319585207287
0.659987435189   0.0923546419033   0.745578436861
0.723427267714   -0.345828171265   -0.59754151679
0.202656294549   0.933741664529   -0.295054114022
0.0598369955842   -0.930207172756   0.36212449477
0.19073422136   0.366745022191   0.910559468404
-0.979816304601   0.0145843906553   0.199367261073
-0.207577950274   0.00952612321119   0.978172095051
-0.977573374629   0.0342893823902   -0.207784829743
-0.0355203009002   -0.999366544983   0.00219476470198
0.652434803333   -0.757432866661   0.0249855938866
-0.461176915444   -0.370653169626   0.806183651848
-0.601369004906   -0.537505051463   -0.591137580932
0.0765558140643   0.240786295074   0.967554219379
0.982908454603   -0.181170344336   -0.0326844948526
0.167422152666   0.953519410625   -0.250540528376
0.775874379267   -0.54212169027   -0.322680988805
-0.273957865341   0.171218560824   -0.946377986033
0.568301007931   0.822671427344   -0.0156744064234
-0.148194276637   -0.282499120378   0.947751393224
-0.096951956896   0.957866792671   0.270354444299
-0.984194479982   -0.0518213709155   -0.169339218996
0.412510077807   -0.452229358634   -0.790774331207
-0.894301915633   -0.0358255906389   -0.446027589673
0.173376813334   0.891181874953   -0.419207998914
0.0966141749046   0.955674739796   -0.27812136366
0.861843624554   -0.220102973149   -0.45692477283
-0.497886802418   -0.195551714202   -0.844907248785
0.640012212111   0.521441440828   -0.564343151048
-0.0718438942907   0.771866795876   0.631712042213
0.764998577255   -0.363758811866   0.531466559238
-0.498754302271   -0.835205141391   -0.231681932311
-0.837609582765   0.395730452363   0.376573493402
-0.222832521923   0.381876656613   -0.89694809566
-0.82260979774   -0.507001687544   0.257414858718
-0.565718779264   0.684194782623   -0.460260537326
0.05723096583   -0.524239247156   -0.849645707511
-0.232575131472   -0.832318788344   -0.503144355816
-0.734014832125   0.489612260163   -0.470640054521
0.638068205164   0.259856247313   -0.724805971478
0.88481502977   -0.465712463737   -0.014637766668
-0.410119624466   -0.793334446587   0.449913713379
-0.221143068446   -0.392087180329   -0.892952062711
-0.0869631801107   0.992126723694   -0.0901219697811
0.161433394165   -0.0752346536775   -0.984011690039
-0.983044589301   -0.100121481303   -0.15361973971
-0.504651777556   0.857319025298   0.101639914757
0.775612039968   0.398523531751   0.489494594554
0.379147130895   0.325857458873   -0.866062566811
0.259276525445   -0.520832258804   0.813332306959
-0.805321004889   0.348279176454   0.479749616293
-0.533135782365   -0.779381404344   -0.329136543282
-0.409173776407   -0.277230209751   0.869321707714
0.119444033056   0.928254840395   0.352244338848
-0.904604854988   0.247964437137   -0.346704044175
-0.623720372639   0.781624301212   0.00602897258769
0.712572373452   0.565414281434   0.415388135296
0.321268593779   0.263382121843   -0.909624289773
0.0990260716283   -0.70108205724   -0.706171215892
-0.86479496542   -0.411698342124   0.287461550259
-0.492263653871   0.582227124162   -0.647061102963
-0.00570671030813   0.921785934685   -0.387657224974
0.895430851201   -0.167866230578   -0.412340295568
-0.445164041871   -0.349473345548   -0.824437600172
0.125696933452   -0.990909293973   0.047948431026
-0.664506031282   -0.11998328036   -0.737587789231
0.736635605513   0.0608505016508   -0.673546732706
-0.826447048505   0.0898506424374   0.555798648857
0.408464301878   0.775093238884   0.482065747722
-0.38748185778   0.62542572148   -0.677274299529
0.808888852391   0.206784771879   0.550398839567
-0.4628923969   0.801169359492   0.379286549067
-0.362532003235   -0.5615760995   0.743776062468
-0.0237587466845   0.965344560199   -0.259894982734
0.978427270273   0.0758192666907   0.192175741406
0.205220853576   -0.249722483755   -0.946320813659
0.685522392236   0.723417963782   0.0820091422975
0.42052802219   -0.485394086494   0.76651729488
0.594319133375   -0.490977627264   -0.636966040876
0.739027626518   0.564591371234   0.367525170255
0.273563127722   -0.750055211211   0.60214648989
0.615630881611   -0.344461556148   -0.708762903898
-0.938472949298   -0.341005243341   -0.0546255201443
-0.279865799894   0.843617805325   -0.458240256403
0.202345391562   -0.414758270024   -0.887148195039
-0.413764962789   -0.620021426344   -0.66661232095
0.0573076254118   0.713041253884   -0.698776077388
0.908578225382   -0.327331026842   -0.259499532232
0.602685458764   -0.0673547518669   -0.795131168547
-0.733778319035   0.344801858292   -0.585389662561
0.313591479968   0.936255849605   0.158383609544
0.962917140555   -0.267451079281   -0.035503529629
-0.110102439821   -0.269405798222   -0.956712061505
0.246308816672   0.925143467834   -0.288862477235
0.647425474697   0.682676410837   -0.338811411851
0.701324169047   -0.707666483497   -0.0857470585273
-0.298302974548   -0.182101801809   -0.936938775563
0.242824621533   0.130945389245   -0.961191712518
-0.812320278488   0.569061338481   -0.127690869696
0.530256511826   0.8118020067   0.244551699204
0.00594800514075   0.851691111814   0.524010373268
0.273290373446   0.502685824683   -0.820133729001
-0.961913194117   0.148085150236   -0.229769004139
0.887428626177   0.454980687223   -0.0739121620215
0.435092892336   -0.773872319402   0.460234514461
0.152199239418   -0.440583939241   -0.884715312405
-0.160797343104   -0.23011082532   0.959788113346
0.91841638656   0.321251660886   0.230886793202
-0.361463076051   0.918611113828   0.15968113916
0.439479954781   0.125905633308   0.889384697894
0.783471045779   0.430561171842   -0.448096192495
-0.439352352643   0.893736453773   0.0905795861341
0.475230058572   0.879731028157   -0.0151561712774
0.704724525419   -0.390892253445   -0.592086640171
-0.52680141866   0.270696443078   -0.805731779815
0.215572535908   0.859827466352   -0.462844693033
0.976487810556   -0.189912342419   0.102004205957
-0.00019390186491   -0.473951506278   -0.88055092533
0.757310167546   0.625934001286   0.186246976257
0.461808376099   -0.31164194333   -0.830428999326
-0.461751376712   0.714902738274   -0.525071176997
-0.41579345906   0.896498473806   0.152991130026
0.579579819816   0.131563143057   0.804225324055
0.700858781685   0.423062200926   -0.57429551825
0.458578550742   0.888649938143   0.00264579638354
0.609211090395   -0.312206681305   -0.728964220993
-0.646967974585   0.335899204505   -0.684546685241
-0.176449346741   0.452109228384   0.87433567561
0.908516165322   -0.267005743006   0.321412990638
0.378766425892   0.851061207442   -0.363635553549
0.0437350080877   0.878408903736   0.475904451444
-0.42372084889   0.447702584607   -0.78741541638
-0.904736365625   -0.167213018553   0.391780442522
0.418039999335   -0.402411096084   0.814437148407
-0.907394336641   -0.227739746926   0.353228149362
0.0433367833132   -0.886679151339   -0.460349873242
-0.0956906088512   0.095502460541   0.990819149698
-0.512602512621   0.848528585465   -0.131293197474
-0.853277194956   -0.520459911693   -0.032241415736
0.272651184137   -0.799898140449   -0.53462537977
-0.723392017512   -0.536796637442   0.434227312627
-0.634322726055   0.268351141113   -0.724998168463
0.769181719594   0.599669148027   -0.220808503338
0.398542729144   -0.18006372941   0.899300142554
0.49952294771   -0.779726853619   -0.377495507862
0.868454905297   0.399530088441   0.293533279026
0.371849414187   -0.133345224342   -0.918665915507
-0.327893413527   0.906970098501   -0.264369343515
0.36921601607   -0.0537086944515   0.927790337101
0.640916319237   0.737653637914   -0.212352024261
-0.672982767397   0.67303973628   0.306776316189
-0.456651997115   0.113255237023   0.882407051659
0.866187451266   0.282867969087   0.41195268094
-0.202948892089   0.952448929524   -0.227272488103
-0.783421587354   0.123176696973   0.609161815769
-0.00604640404913   0.978605496246   -0.205656810526
-0.621461227645   -0.164799223422   -0.765915895182
0.0450261144452   -0.864309917379   -0.50094013189
-0.747999103248   0.303213059912   -0.590389008908
0.662170665734   0.401285692517   -0.632850537191
-0.304645909061   0.753450757843   -0.582668709987
-0.379933235877   0.464840765805   0.799733579839
0.873408041163   0.465010771866   0.144649146834
0.255232928548   -0.425747096296   -0.868098820516
0.143497595935   0.904572074199   -0.401444644429
0.956171842372   -0.0221082015306   0.291970264375
-0.541519769234   -0.737111200178   0.404256624067
-0.368798792987   0.640413012841   0.673690302197
-0.755475869781   0.215727261968   -0.618642027851
-0.601102560613   0.773394207048   0.201338302689
0.697182315461   0.630627832696   -0.340947731533
-0.390656537937   -0.0645750504004   -0.918268769061
-0.239982583864   0.96560086256   -0.100116600344
0.539716040398   0.218432666204   0.813015231144
0.806916944412   0.141074960775   -0.573570309782
0.313975196093   -0.713224915865   0.626681574348
-0.883890052098   -0.460568598949   -0.0813322904155
0.346638070673   -0.528381287568   -0.775019524211
-0.7652033536   -0.64080102554   0.06195057148
-0.611588397654   0.693504721766   -0.380802879116
0.201055861629   -0.329279890905   -0.922578611258
0.576361507799   0.122172451752   0.808010708073
-0.488232607229   0.844374884754   0.220590061506
-0.655313919863   -0.521636795127   0.546313756375
0.733351553459   0.619164527238   0.280768209115
0.597991231192   -0.391004127044   -0.699658673963
-0.323422303586   0.68099270249   -0.65699844193
-0.177019358647   -0.839056946135   -0.514439100192
-0.863123833889   -0.118828189124   0.490812702406
-0.472949673895   0.530907998256   -0.703175158371
-0.520339045211   0.696355862352   -0.494303339051
0.845242771017   0.337481400022   -0.414331947455
-0.121704297672   -0.633399413961   -0.764194508173
-0.617448580706   0.684506305835   -0.387567242495
0.404606361934   0.698899088538   0.589774326267
0.674574637877   0.2073431487   -0.708489856399
0.914435358832   0.291457086773   -0.280821546693
-0.247561765124   0.951698892097   0.181610548236
0.320189236181   -0.0965504290599   0.942420748754
0.902658599805   -0.255991889576   0.34594162032
-0.19193429575   0.480008610902   0.856009906237
-0.385186550016   -0.839082764649   0.384150277567
-0.921977086083   0.380431883281   -0.0723175975836
0.338042609538   0.881775355365   0.328936797589
0.188905920696   0.278825760744   -0.941578859295
-0.877982450511   -0.239789940049   -0.414303754805
-0.462619791592   0.647430290634   0.605654148171
0.123003028504   0.723418829877   -0.679364005198
0.42641579098   -0.308918719879   0.850140457637
0.788622212361   0.587276136637   -0.182158572423
-0.442995010552   0.748114940263   0.494043982638
-0.433838959154   0.859112615035   0.271494515982
0.444591644196   0.466215137747   -0.764840973828
-0.783659382277   -0.211113618754   -0.58421658017
0.851148075135   -0.45364857786   0.264102105254
-0.299698354227   -0.00690376538948   0.954009032713
-0.430961541982   -0.891153918147   -0.141833858805
0.14210190508   -0.989334129955   -0.0320160565916
-0.989816226914   -0.141747308023   -0.0130972365668
0.00841935330829   0.0335511546036   -0.999401538179
0.246002200452   -0.776703027371   -0.579840775253
-0.818209005926   0.15430597412   -0.553826406893
0.519631542531   0.61067345908   -0.597545802748
0.560351071535   0.753144670874   -0.344644427438
0.828205175286   -0.504931453186   0.243146900479
0.00910298075674   -0.421683924662   -0.906697195001
0.348238273594   0.61372702315   0.708568448253
0.842848484779   -0.535834257379   0.0498806608307
0.410288357757   0.579845487759   -0.703876888252
-0.943354898724   0.117341384604   0.310342608279
0.322592244893   0.543050499989   0.775261502976
-0.0775614504046   0.831460855315   -0.550142770097
-0.254543266337   0.733557872277   0.630159165277
0.767297286803   0.549813572714   -0.330090758616
-0.588610736588   0.399497037885   -0.702808307787
0.645521195422   0.380967639836   0.661941117969
0.757579925841   -0.20952044057   -0.618202103642
-0.096824801698   0.900535864017   -0.423863321597
0.392130485226   -0.303048431351   0.868559342136
0.62894229037   0.777347824838   -0.0127261386007
-0.671316079013   0.55126400887   0.49542175425
0.999683952761   -0.0111399615089   -0.0225365447573
0.0125969701238   0.997767957135   0.0655775880806
0.0217557104163   -0.065840754646   0.997592945089
0.767827075305   0.528411194765   0.362247417764
0.639659357144   -0.663859204186   -0.387462080513
0.0357419815857   0.529218826446   -0.847732236315
0.994541739783   0.0495740890464   0.0918103345225
0.0051734791285   0.855407583018   -0.517929630384
-0.104211145966   0.515577614536   0.850482075323
