0.020380399678   -0.0676047079987   -0.997504006391
0.824087832399   0.566052878818   -0.0215263297718
0.566095295689   -0.821592199231   0.0672486011839
0.72566534956   0.00159848890406   0.688045961605
-0.443272250767   0.765902158754   0.465729100354
-0.526231424516   -0.64295515244   0.556497223535
0.921340504167   0.211266388637   0.326340601847
-0.111949114396   0.948071979028   -0.2977027349
-0.37228896192   0.237752046497   0.897148200254
-0.417881849666   0.724001823987   -0.548813373183
0.908304288493   0.320363265622   -0.268980849774
-0.0189229814042   -0.610891755472   -0.791487955607
0.691037056064   -0.251726804125   -0.677570220147
-0.183761736949   0.845417586947   -0.501498482265
0.699070390718   0.471065515365   0.537957125666
0.14059069763   -0.748431340863   -0.648139478626
-0.980890029877   -0.0163633596526   -0.193873643771
0.134495371772   0.663010383384   -0.736429376449
-0.794749784968   0.243342886046   -0.556018901751
0.597358170199   0.151497279148   -0.787535263279
-0.107405753059   -0.958035914891   -0.265765291165
-0.969812354687   0.242943395823   -0.0210357581862
0.164131431949   0.586526330794   -0.793125296742
-0.180346526839   -0.772635340708   -0.608695129393
-0.767364694732   0.632854865899   -0.103180153069
0.613341871555   0.771371737561   0.169697940734
0.186984421481   0.0669355002969   -0.980079825791
0.68872421812   -0.632827802914   -0.353819054368
-0.699305202685   -0.708646283803   -0.0937692804118
-0.191392750313   0.312008679864   -0.930601632718
0.316758915758   0.302880743639   -0.898847620245
0.389487322919   0.822529255361   0.41442158409
0.864848781333   -0.481361484965   0.142575265104
0.26974338121   0.212220717947   -0.939255489826
0.337178975986   0.892842426706   0.298567813446
0.901969426558   -0.397233895768   0.169281970707
-0.309559344832   -0.85487373547   -0.416369917779
-0.770699111699   -0.0309065698641   0.636449262052
-0.55695232404   0.51791474235   -0.649283011023
-0.630539702478   -0.399334541297   -0.665546097371
-0.726918693347   0.604386659893   0.326045976216
0.272045762441   0.6893828323   -0.671373527679
0.578111180659   0.808888151568   0.107179387243
0.191020255632   -0.00646248734001   -0.981564821189
-0.793283508422   0.587927031621   -0.158250057677
0.814348504635   0.276873562962   0.510076017013
0.00874488960557   0.872917956269   -0.487788651496
-0.580310296225   0.401690517383   0.708438203614
-0.231031390869   0.520170644906   0.822220771211
0.867855443355   -0.271853430737   0.415839682613
0.439831133359   0.809640792188   -0.38862624944
0.484473138414   0.734777415397   -0.474750384915
0.674386317177   -0.65936957512   -0.332317406421
-0.557215284572   -0.159166306823   -0.814970682548
0.168978472795   -0.908446556434   0.382323331534
-0.95931804342   -0.24060509147   -0.14770944969
0.226175081078   -0.341809953135   -0.912146253973
0.443680159279   -0.137036967721   -0.885645970882
-0.802263038287   0.379694298349   -0.460658503884
0.399401970027   0.914906065823   0.0585231326871
0.882944332668   0.405703305152   0.236250150473
0.216468450267   0.0947261825394   -0.971683261346
-0.416594185568   0.909082932702   -0.00418401970601
-0.503273469858   0.352606272501   0.788913576464
0.318660723174   0.924346536851   -0.209854290682
-0.803225471485   0.145781673762   -0.577560858743
-0.665464336299   0.248846563799   0.703727649591
0.375044656966   0.926613727362   0.0269908418662
-0.645367122183   0.281890737607   -0.709956963242
-0.444299494134   0.696770424008   0.563124263143
0.818739312913   0.0606323487029   0.570955038318
0.363681037453   0.714727006988   -0.597412260068
0.150388896665   -0.640561539939   0.753036581655
-0.874169540479   0.269598580251   0.403911153629
-0.461747543858   -0.719025395294   -0.51941475399
0.825613438997   -0.322289737909   0.463132566537
0.158344556094   0.920172614514   0.358063347823
-0.541562047141   -0.222287391314   0.810739702222
0.0289916109072   0.733111010095   -0.679490789764
0.377130504886   0.621515708165   0.686651881806
0.925706254047   -0.276163848795   -0.258459783791
0.801653108627   -0.363754592413   -0.474378424813
0.242529202426   0.923217660197   -0.298075054091
0.546380709213   0.123902172698   0.828321418413
-0.862209440795   0.505391524117   -0.0342678793533
0.247705101535   0.361647297418   -0.898806661604
-0.441856382638   -0.783447917619   -0.437003772868
-0.799746944889   0.552988053451   -0.233685765251
0.488487809276   0.825695894153   0.28214526501
0.348976337777   0.11149216618   -0.930475691543
0.934568341492   -0.350779311665   0.0594633466011
-0.293588407449   -0.665940480984   0.685805455504
-0.200967315981   -0.658389816366   -0.725351630323
-0.345152043443   0.425202781805   -0.836703448811
0.876858196288   -0.171778317471   -0.449012152675
-0.334648727041   -0.888647738979   -0.313552907015
0.998413816234   0.0560765837343   -0.0050267594485
0.033763555892   -0.524903270064   0.850491963142
0.0450541213142   -0.84931264787   -0.525964021888
0.145717703832   0.468694207039   0.87125891162
0.809286571959   0.450077620563   -0.377472356492
-0.569053244641   0.760102542922   -0.313723650698
-0.78954717169   0.541525389361   -0.28873087184
0.520586610936   0.341869702554   -0.782377585945
-0.324968989582   -0.76803343622   -0.551833123922
-0.685882450714   -0.369876710158   -0.626702866665
-0.409312468854   0.908139118063   -0.088015027605
0.601688097476   0.196149334759   -0.774271833292
0.827246716877   -0.227536583303   0.513702221793
-0.551868434595   -0.500563993256   0.666990944132
0.105375994963   -0.835262109709   -0.539660178048
-0.0588785425497   -0.390674053431   -0.918644164627
-0.383402091338   0.858512276482   -0.340528277074
0.921702855363   0.332160285263   -0.200333200717
-0.756083407963   -0.646117854671   -0.104257364625
-0.482278693553   0.657726055785   -0.578622240573
0.442430945966   -0.387205569971   -0.808904632596
-0.337115950136   -0.940940770351   0.0313576602347
-0.68614915365   0.222751621763   -0.692517908756
0.644633364875   -0.254974864827   -0.720718837826
-0.673000475913   -0.715884990356   -0.185954403024
-0.144366598279   0.373715829231   -0.916239468853
0.725416187248   -0.589783993989   -0.354860811746
0.659505862967   0.0943700250801   0.74575218074
0.724350825216   -0.34495340175   -0.596927996186
0.200917641637   0.933863720779   -0.295855796447
0.0596228490157   -0.929071365847   0.36506371093
0.187181751769   0.369632880457   0.910128851037
-0.980514205751   0.014068789849   0.1959437712
-0.207178827559   0.00485941922649   0.978291019818
-0.977486599394   0.0398185159799   -0.207206259051
-0.0399609986847   -0.999195111993   -0.00349953628112
0.641469830934   -0.766074323939   0.0405781493197
-0.476880995483   -0.356764366113   0.803307975324
-0.600916776391   -0.534648779361   -0.594179863828
0.0741954494091   0.233396989697   0.969546739712
0.981886956883   -0.187059985363   -0.030109230801
0.174335995108   0.954219265723   -0.24304845964
0.775302364036   -0.542482957589   -0.323447808844
-0.274743229143   0.171448173996   -0.946108704998
0.568702384697   0.822385411081   -0.0161193449143
-0.147145145683   -0.280628009491   0.9484704668
-0.104450472393   0.957955251512   0.267229928931
-0.983584467607   -0.0597466014845   -0.1702701932
0.409556494095   -0.448518922374   -0.794414409749
-0.896269810306   -0.0353728823179   -0.442096354125
0.17018785291   0.893073085178   -0.416481163143
0.0970652606816   0.954622869592   -0.281555522093
0.859889113749   -0.222884413505   -0.459252926254
-0.50116768374   -0.197529023358   -0.842504146996
0.640618476887   0.519981720431   -0.565001749987
-0.0695204830584   0.772069015374   0.63172489102
0.764705740469   -0.365415442909   0.530751057066
-0.49627344882   -0.835104780759   -0.237302905901
-0.837629073469   0.388725017874   0.383758251713
-0.228232774323   0.389220844293   -0.89242194902
-0.822008878146   -0.506253074654   0.260785790742
-0.566236036601   0.677826054927   -0.468965446612
0.0606477955337   -0.53316007321   -0.843837769498
-0.233542164591   -0.830693971678   -0.505376674152
-0.735567678447   0.490854535489   -0.466906859463
0.635923146129   0.262696308326   -0.725666866964
0.881475999314   -0.470859965408   -0.0359298707045
-0.405056316587   -0.793010771852   0.455042081702
-0.242753873349   -0.386555052615   -0.889744765802
-0.0857102477469   0.993740345628   -0.0716510914175
0.181279212977   -0.0551608230408   -0.981883460775
-0.979689542852   -0.0971463281428   -0.175416619951
-0.503915969696   0.857350060019   0.104974140007
0.774238139749   0.394467381626   0.494925032495
0.382915132168   0.330675610558   -0.862571528709
0.256010304246   -0.515696944736   0.817627901499
-0.808238969195   0.34980031139   0.473697699832
-0.530290951077   -0.782110224547   -0.327253882886
-0.409386358758   -0.279566821715   0.868472913486
0.125214644987   0.925672360415   0.357004165024
-0.903727891538   0.254898162724   -0.343951776702
-0.622369763313   -0.782628375936   -0.0121943796309
-0.711251462023   0.558967369547   0.426235659644
-0.326767861767   0.273949456949   -0.904529966089
0.095857015955   -0.70093981148   -0.706749469879
-0.864802122134   -0.410216621186   0.2895507093
-0.492877999149   0.583442974407   -0.645496377658
0.00214411147313   0.920145263827   -0.39157131693
0.89369991192   -0.177446410585   -0.412084019108
-0.448660083158   -0.349063697378   -0.822714206121
0.120746504123   -0.991385932187   0.0507367244034
-0.661441377921   -0.118461890856   -0.74058226011
0.740213202609   0.0558633500229   -0.67004753623
-0.826275677472   0.0940033616952   0.555366431114
0.405936353786   0.78292185125   0.471432976689
-0.390492229747   0.614977026258   -0.685068664939
0.809035579456   0.206460409877   0.550304943033
-0.462941707462   0.800712056603   0.380190975567
-0.362141418048   -0.562347136175   0.743383677364
-0.00411698533864   0.965261379617   0.261253745335
0.979935658072   0.0559556229391   -0.191298390744
-0.199271564633   0.255224288189   -0.946124413725
0.686512249515   0.722146126085   0.0848875953583
0.417696168348   -0.48723340685   0.766898636194
0.595172951514   -0.491028084562   -0.636129372029
0.737464613418   0.569392683272   0.363232592415
0.279384837213   -0.746830770558   0.603479836352
0.614890280206   -0.343563345518   -0.709840947625
-0.940414422185   -0.335629065068   -0.0545329737669
-0.273200772433   0.841286456547   -0.466474475156
0.20244024424   -0.423780873462   -0.882852036753
-0.419205878783   -0.602953182425   -0.678759081705
0.0626452493593   0.726629549144   -0.684167429102
0.905727334205   -0.32932804028   -0.266835226234
0.6016226222   -0.0623354701364   -0.796344466685
-0.736070595561   0.343946784666   -0.583010023643
0.310242322721   0.936917765058   0.16104285986
0.963421091452   -0.266348992743   -0.0296313113154
-0.104090171363   -0.270018723027   -0.957212163233
0.246951486676   0.925282715325   -0.287866045148
0.638400761774   -0.710577400016   0.295844935655
-0.692204677154   -0.698103131295   -0.183042899349
0.33659642347   -0.0879305217907   -0.937534570587
0.250410500165   0.134463562381   -0.958756555023
-0.81964751494   0.556482900042   -0.136032103612
0.515240266923   0.819906294861   0.249561886089
0.00502698325364   0.852451193012   0.5227826441
0.269863345558   0.502236090318   -0.82154286821
-0.962885509375   0.145209755577   -0.227520598455
0.88524530022   -0.458119468096   0.0804195958042
-0.44101049786   -0.77176126029   0.458142224525
-0.147819143602   -0.441034137077   -0.885233523268
-0.164039394173   -0.231522407723   0.958899604694
0.91575997828   0.325618720897   0.235278793736
-0.366707975561   0.916716871953   0.15860465736
0.435291412167   0.123287003783   0.891808107831
0.784979437826   0.433062960281   -0.44301665276
-0.440827254925   0.892892371527   0.0917308246174
0.461016820527   0.887362964395   -0.007103563309
0.714010630648   -0.37568362146   -0.59080507436
-0.526927234552   0.267299057215   -0.80678305851
0.232891530219   0.856116904478   -0.461330013134
0.972492811466   -0.207158866415   0.106503219258
-0.00438939617562   -0.473443819193   -0.880813080778
0.748806157784   0.633537897871   0.194728195254
0.471587323914   -0.302832103484   -0.828189660055
-0.465719587293   0.711984865753   -0.525530985719
-0.417294382616   0.896399175519   0.149445362477
0.580050781142   0.136132078904   0.803124615729
0.699575935502   0.421825289927   -0.576764193795
0.459411165851   0.888222392731   0.00153679630808
0.608513184337   -0.313477149744   -0.729001907458
-0.647034068021   0.335846777028   -0.684509939431
-0.187395228095   0.440811972057   0.877819932434
0.903625954116   -0.273038667934   0.330015182774
0.385153428565   0.855064144438   -0.34716299538
0.0413067407065   0.863854263897   0.502045380338
-0.401713925053   0.4744316092   -0.783288306188
-0.914833140847   -0.169323533328   0.366619510488
0.415459721495   -0.348482748002   0.840210089299
-0.903889301328   -0.261613438442   0.338441338744
0.101869282712   -0.900065654923   -0.423679673891
-0.0955290119856   0.0927976309621   0.991091725098
-0.510168506991   0.850376180779   -0.128796139842
-0.854752772644   -0.517927553671   -0.0338931675256
0.272392604119   -0.802972837171   -0.530129127653
-0.727160802373   -0.532605554129   0.4330917815
-0.630110654341   0.26751812364   -0.728968186419
0.767739170775   0.601441583156   -0.221008116839
0.398964087264   -0.178791995508   0.899367043768
0.501402256409   -0.778653610017   -0.377219210639
0.869748244521   0.398032645714   0.291732761442
0.370106646961   -0.135071748826   -0.919117344273
-0.326433853985   0.907372930837   -0.264792944313
0.369680985808   -0.0444456591886   0.928095120185
0.633631125468   0.742629301786   -0.216825545005
-0.679593676818   0.66822623677   0.302698085428
-0.454896188992   0.11836052393   0.882643894
0.866868760281   0.285871304039   0.408431328348
-0.203980414967   0.950930272892   -0.232644807395
-0.782784072602   0.133912146681   0.607714268923
0.00315805499716   0.977414185478   -0.211309102301
-0.622285402665   -0.163490204593   -0.765527158651
0.0361718537171   -0.865544511739   -0.499524068687
-0.743396724146   0.310750163101   -0.592280040742
0.667871924494   0.392768423287   -0.632202545187
-0.304911871483   0.758254064339   -0.576263415932
-0.386119156512   0.454696422801   0.802597757327
0.870597925338   0.467227928323   0.154134082512
0.254787999586   -0.429157282244   -0.866548961319
0.150228005709   0.902810602787   -0.402944861979
0.955256311975   -0.0275144069811   0.294496750136
-0.543361762606   -0.732687161299   0.409789602852
-0.370767991866   0.647393540357   0.665892408811
-0.753185960533   0.20988360482   -0.623425842649
-0.597639664912   0.776910080635   0.198084723115
0.697506541422   0.625636784294   -0.349375498299
-0.395362435743   -0.0706352656035   -0.915805221462
-0.239482148239   0.965931867899   -0.0981016169649
0.537583752226   0.216061124196   0.815059077585
0.808487482907   0.142454263495   -0.571012060114
0.32728312334   -0.713060530162   0.620024545887
-0.88121069483   -0.467187138816   -0.0721379833445
0.341106242237   -0.522762716393   -0.781259031216
-0.761867330864   -0.643626424102   0.072823048281
-0.612219449546   0.678814842753   -0.405459930026
0.211531358811   -0.353490361194   -0.911207467475
0.580448233428   0.123894026112   0.804816823013
-0.495522714952   0.838035457961   0.228372087101
-0.646171097526   -0.5313631917   0.547828505308
0.720220214396   0.633440077392   0.28290724828
0.60712219403   -0.378178662814   -0.698844432265
-0.335686586404   0.675081156118   -0.656947447185
-0.180079988265   -0.839452600694   -0.512728513948
-0.863586283593   -0.114637753482   0.490995841395
-0.470945780974   0.531203837209   -0.704295786383
-0.51702098062   0.700654870353   -0.491703221719
0.847671421638   0.339294377327   -0.407838799592
-0.11892210281   -0.627663985079   -0.769347421714
-0.625565833899   0.67507603237   -0.391075105291
0.393514698852   0.705859170575   0.588989824278
0.673656863133   0.214558108296   -0.707213722236
0.914934275231   0.289458492281   -0.281263316582
-0.244812259338   0.952059458489   0.183438668713
0.32087728135   -0.0989776174071   0.941934818109
0.90328982067   -0.256875933962   0.343630985834
-0.189626327168   0.479425569811   0.856850616535
-0.384849783577   -0.839145921496   0.384349797084
-0.924299373533   0.375768834454   -0.0668464743916
0.32854452273   0.872483764093   0.361705098083
0.194239966716   0.312361752537   -0.929892988941
-0.879795183327   -0.238120416263   -0.411411111607
-0.457944890919   0.656654866497   0.599241907068
0.127463376214   0.715613760114   -0.686767816704
0.427029339962   0.305044115808   -0.851230891253
-0.787213670907   0.588594178075   -0.183987852515
0.444905134999   0.748668805913   0.491481881563
-0.432842470856   0.861160736557   0.266551273182
0.441022343804   0.460173117181   -0.770545257911
-0.786223052123   -0.215969646098   -0.578973595491
0.850133761811   -0.454782501224   0.265415643112
-0.300909653341   -0.00594579440114   0.953634116449
-0.432118001887   -0.890582687968   -0.14190316535
0.148093053789   -0.988413218643   -0.033282978106
-0.988953564241   -0.147792876334   -0.0113187225487
0.00626858791802   0.0345915440137   -0.999381873904
0.248009011778   -0.770921684675   -0.586661134024
-0.823642068942   0.151012053172   -0.546634340364
0.51000516894   0.618769032754   -0.597511181284
0.557637804593   0.755639699996   -0.343582192028
0.829999840364   -0.501668107275   0.243781408519
0.0118466824296   -0.421114893983   -0.906929932344
0.353112739161   0.618271285264   0.702176623977
0.844024822908   -0.534325035105   0.0460310240518
0.403650209659   0.576400359713   -0.710513288802
-0.943965735747   -0.113177054366   -0.310031682413
-0.321173655067   0.53131486582   0.783933668527
0.0760011383188   0.839580530815   -0.537892516447
-0.256853462627   0.73364435873   0.629120221929
0.764305552603   0.55260211545   -0.332367152799
-0.591492452189   0.395470424815   -0.702666223822
0.643487129406   0.378761485848   0.665179713406
0.759626440557   -0.208930865709   -0.615885999322
-0.0942973228427   0.90160281177   -0.422161562334
0.393049763507   -0.308747396368   0.866133320363
0.634799367576   0.772573051234   -0.0126745190032
-0.665238037346   0.5548026007   0.499652307034
0.999671379429   -0.0110378529644   -0.0231365285264
0.0125654574771   0.99767683617   0.0669555064797
0.0223437335445   -0.0672242245883   0.997487674711
0.769877258698   0.531739797951   0.352904794265
0.637680036382   -0.66308977778   -0.392015456078
0.0255573421983   0.526844126739   -0.849577594091
0.994628113323   0.0519378234   0.0895398162203
0.0020701497659   0.854857736762   -0.518858327849
-0.103492176846   0.51625644054   0.850158018802
