0.0157675933394   -0.10716351383   -0.994116373622
0.841896855508   0.537790662054   -0.0446193735222
0.539408071581   -0.836239908825   0.0987002897794
0.720278835758   -0.00709740003256   0.693648344387
-0.435634044618   0.773544464056   0.46027376777
-0.539834583857   -0.633702287388   0.554075836895
0.921535950378   0.211998875356   0.325312110148
-0.112380749551   0.947563012049   -0.299156991105
-0.371674668617   0.239125103334   0.897037973368
-0.403372597387   0.731551106427   -0.549657644686
0.914839058134   0.309961755523   -0.258830461549
-0.0189748620395   -0.607253397519   -0.794281603597
0.690446031647   -0.246831205052   -0.679969582846
-0.190030999671   0.845081098052   -0.499726081848
0.697977432692   0.474249189697   0.536577309924
0.149284597341   -0.761048514571   -0.63128382481
-0.976976867421   -0.0151169147863   -0.212809020985
0.152414925522   0.648518802624   -0.745783516257
-0.795326419244   0.237221315888   -0.557836834694
0.595789812564   0.136241205768   -0.791500368348
-0.111760395925   -0.961854656972   -0.249690273666
-0.970402691959   0.240616504299   -0.0205502627307
0.161566466826   0.583629787359   -0.795784234642
-0.179485075248   -0.775551396857   -0.60523147522
-0.765674705476   0.635272480745   -0.100851973715
0.614653535769   0.768824400401   0.176380476001
0.189587120765   0.0730610467807   -0.979141872807
0.678273051317   -0.644802341461   -0.352385596049
-0.710686046836   -0.697521507268   -0.0915919741685
-0.186737812693   0.312559894014   -0.931362068137
0.307595600081   0.301662634418   -0.902432602362
0.376881808651   0.832221738761   0.406653513255
0.873696199556   -0.465195262799   0.142296585873
0.269147110038   0.209645596601   -0.940004551576
0.336336893277   0.894109689158   0.295711612852
0.902461814915   -0.395748136547   0.170135490243
-0.313904755442   -0.853531938443   -0.415869011311
-0.769249339633   -0.0281075769675   0.638330179132
-0.556524265405   0.520281841097   -0.647755777929
-0.631551898279   -0.392639176016   -0.668563143792
-0.727121358221   0.599264732298   0.33492732203
0.269140725642   0.697650527184   -0.66396311021
0.56950563833   0.815835533821   0.100377834529
0.18009426731   -0.00469363285347   -0.9836381574
-0.802015824527   0.578264949279   -0.149600353083
0.814366420376   0.303027652489   0.494956134612
-0.0201801481135   0.86712650443   -0.497678999896
-0.580000081884   0.395304777536   0.712273850335
-0.227957144602   0.519560270636   0.82346382155
0.867935758886   -0.274860316321   0.413689889845
0.441274357597   0.809017262911   -0.388288564908
0.473191264938   0.735352047699   -0.485126161665
0.673128852387   -0.657050387884   -0.339385232245
-0.568319958185   -0.165958289118   -0.805897184138
0.178120963663   -0.906292354986   0.383284606525
-0.957381324321   -0.249613999947   -0.145306059311
0.227362974439   -0.341067468876   -0.912128861252
0.443149437856   -0.123728667037   -0.887868116716
-0.807924444194   0.3740263391   -0.455370607454
0.388428459567   0.919127583425   0.0657861473687
0.883203481653   0.40783230414   0.23156947488
0.211980697249   0.0933005971005   -0.972809941651
-0.418348890271   0.908277386199   -0.00404916399276
-0.500609033347   0.365080178791   -0.784924874612
0.311570446098   0.921943367654   0.230096249334
0.807659862101   -0.12937113238   -0.57528137225
-0.660748225833   0.25570546843   0.705709923037
0.388303523877   0.921048501232   0.029833399453
-0.642364503536   0.293742015709   -0.707872497562
-0.45453380531   0.700409710872   0.550295608512
0.820166841296   0.0881081913804   0.565299300415
0.347455568769   0.708281853169   -0.614500971686
0.163399422026   -0.642360923893   0.748781057678
-0.873704083415   0.258277683199   0.412230291202
-0.458194067514   -0.721571259001   -0.519030938075
0.82617032701   -0.318339184982   0.464868534183
0.152847176501   0.920776062614   0.358899962598
-0.542291740121   -0.22545865657   0.809375106347
0.0313549886997   0.742863266368   -0.668708480703
0.366715538555   0.613829983269   0.699094031889
0.929804591549   -0.267145876107   -0.25317287061
0.803219592363   -0.365536528278   -0.470341719325
0.241170456443   0.921530560107   -0.304332446065
0.544678893829   0.131013256138   0.828348012211
-0.864069224288   0.501678153943   -0.0412723332807
0.238159249711   0.335203734743   -0.911547381101
-0.443468767125   -0.797469426418   -0.409118523797
-0.793088914478   0.563342463642   -0.23163601272
0.498989954477   0.818986994282   0.283318422499
0.349312179951   0.109112656709   -0.930631736555
0.93605657258   -0.341762819466   0.0836436976723
-0.303904092224   -0.665523367427   0.681704444857
-0.177314397778   -0.663533588177   -0.726830641691
-0.347767349402   0.420972422668   -0.837758968942
0.875353030058   -0.174316004381   -0.450966743103
-0.335879358488   -0.890166360839   -0.307878070952
0.998380221617   0.056839769327   -0.00248469448426
0.032024807996   -0.525340375456   0.850289304642
0.0470249376038   -0.848991596271   -0.526309723171
0.14922459112   0.473458111205   0.868083773802
0.808268787871   0.44730762051   -0.382906593293
-0.569590719691   0.758784099443   -0.315932116877
-0.778511637261   0.557436358535   -0.288416949627
0.535250328074   0.349694103852   -0.768909045354
-0.327760151551   -0.752979906714   -0.570608923116
-0.688872876667   -0.355633484692   -0.631647832545
-0.414624899312   0.9080726041   -0.05907908727
0.594592593851   0.221198938171   -0.773001084792
0.82120610926   -0.529752870436   -0.212090599461
-0.126263053843   -0.531154310323   0.837814263342
-0.55648734698   -0.661238984702   -0.5030753798
-0.060427685447   -0.350943894828   -0.934444689382
-0.421124909606   0.85772338979   -0.294897265357
0.904987461427   0.375697976158   -0.199621455185
-0.768807144422   -0.627939613672   -0.120943855849
-0.471640942625   0.684510087175   -0.555878369605
0.431845337969   -0.370321187804   -0.822418276753
-0.339764398435   -0.939103556052   0.0514263022937
-0.671444109442   0.203911711686   -0.712448469528
0.658576465911   -0.27659451341   -0.699837490922
-0.667550601844   -0.715143392056   -0.207234463294
-0.178976270397   0.424292308569   -0.887661833991
0.722733483805   -0.555469140176   -0.411230283053
0.658730579363   0.0978262832354   0.745991985292
0.725878725592   -0.343464877939   -0.595929486899
0.197924479398   0.93405668775   -0.29726083584
0.0591645838638   -0.927176738783   0.369922758257
0.181451426251   0.374387260219   0.909345676461
-0.981618526683   0.0133219535524   0.190388008093
-0.206506333885   -0.00319769580168   0.978440038432
-0.977285443247   0.0493496625896   -0.206101366373
-0.0476266362868   -0.998776444228   -0.0133160794587
0.623638003064   -0.778957181532   0.0655846817031
-0.501422778004   -0.334251740614   0.798029430282
-0.599708961775   -0.530567133581   -0.599038961947
0.0701170317907   0.972674183397   -0.221333537463
0.185481707304   -0.230722867418   -0.955177205918
-0.980142917185   0.025920868101   -0.196590870816
0.77429330473   -0.543127756562   -0.324780107616
-0.276087525685   0.171878646131   -0.945639153782
0.569425637298   0.821869801767   -0.0168663135149
-0.145337490121   -0.278212894716   0.949460161976
-0.116339133398   0.957797681613   0.26284749787
-0.982518305176   -0.072257776815   -0.171570958161
0.404615707715   -0.441523259672   -0.800839147544
-0.899665037005   -0.0351581519542   -0.43516287243
0.163978505483   0.89656071491   -0.411448580286
0.0978235157102   0.952985537921   -0.286791081255
0.856855527107   -0.227225275467   -0.462782108399
-0.506190838953   -0.200467550247   -0.838798900726
0.641674404125   0.517773407763   -0.565830944102
-0.0659203212631   0.772243012117   0.631898125873
0.764139038615   -0.368173095771   0.529660364021
-0.492019220643   -0.834839146224   -0.246902179922
-0.837562733763   0.376552623741   0.395849451893
-0.237498954794   0.4015616036   -0.884501286028
-0.821068702282   -0.504619727039   0.266842869898
-0.566904919921   0.666123085029   -0.484663643532
0.0668206397899   -0.549216684629   -0.833004222932
-0.235261706014   -0.827889111376   -0.509167505787
-0.738136506887   0.493001873073   -0.46054712066
0.63230248053   0.267486022835   -0.727079638487
0.874608130849   -0.479478536895   -0.0718397529941
-0.396348975062   -0.792437725534   0.463626941751
-0.279227698161   -0.377018280468   -0.883113304606
-0.0836737601985   0.995549839548   -0.0433499576725
0.211660159818   -0.0247539578417   -0.977029793976
-0.973754937651   -0.090927215657   -0.208646981413
-0.502699170349   0.85736042416   0.110574170649
0.771874384182   0.387577598643   0.503977717834
0.389234478397   0.338698550505   -0.856609486705
0.250886574972   -0.507184954804   0.824511581555
-0.81300649583   0.351922568555   0.463865221244
-0.525429694856   -0.786710828298   -0.324052014963
-0.409699483206   -0.283636408309   0.867004452896
0.134693090166   0.921205982009   0.36501686286
-0.90222176039   0.266326729024   -0.339213750437
-0.619941864936   -0.784318124632   -0.0227412285083
-0.709013009893   0.547533211482   0.444418647366
-0.336114022176   0.291637551934   -0.895530514499
0.0904748572601   -0.700388354136   -0.708004557609
-0.864596588735   -0.408061727263   0.293186571131
-0.494254022697   0.585612312143   -0.642472708303
0.0149348611684   0.916838332358   -0.398979225325
0.890179425069   -0.193913636562   -0.412283995249
-0.455365283157   -0.349005693183   -0.819046692821
0.112539498872   -0.992107680382   0.0552920583943
-0.656311496796   -0.115997781414   -0.745519774305
0.746049650068   0.0476116081937   -0.664186008885
-0.825986438302   0.101045603524   0.554559455559
0.401618655545   0.795818093681   0.453184308299
-0.395536166816   0.597045515668   -0.697916752172
0.809258820158   0.205925055712   0.550177274546
-0.463034044739   0.799957302083   0.381664496981
-0.361524045409   -0.56361616928   0.74272281392
0.0283404597248   0.964192231717   0.263685719445
0.981538661881   0.0230741664763   -0.189866895676
-0.189152514059   0.264198643332   -0.94573802043
0.687991727228   0.72017998363   0.0894884039682
0.413197897231   -0.490099545631   0.767508914018
0.596602783257   -0.491063363071   -0.634761287776
0.73487169362   0.577264364294   0.355990797118
0.289027003004   -0.741413009748   0.605615505507
0.613536458127   -0.342158739027   -0.711688423298
-0.943702503041   -0.326281129617   -0.0544629251031
-0.261602821086   0.836890448496   -0.480810088513
0.202458760627   -0.439494029165   -0.875131674991
-0.427917154704   -0.573037712915   -0.698938257851
0.0718809112388   0.74929081676   -0.658328494385
0.900955072858   -0.331950375052   -0.279443921375
0.599832159556   -0.0538778213049   -0.798309815005
-0.739890082977   0.342441049646   -0.57904817816
0.304571905263   0.937993234458   0.165543488654
0.964215962139   -0.264372863865   -0.0198637158538
-0.0940425241491   -0.271012849971   -0.957970792249
0.247878159601   0.925558763128   -0.286177207321
0.62328271466   -0.725563204353   0.291679094373
-0.70764809776   -0.682055873026   -0.184482941777
0.332795473741   -0.0914211275302   -0.938557057455
0.262565687919   0.141092862327   -0.954542855888
-0.830943474275   0.535936265203   -0.149349463341
0.490501989891   0.832385201599   0.257958667372
0.0034676700926   0.85376425873   0.520648216917
0.264013196967   0.501396286126   -0.823953151633
-0.964512834073   0.140315197945   -0.223666354498
0.881453892702   -0.463391968655   0.091142297676
-0.45084015824   -0.768163638555   0.4546072768
-0.140649161953   -0.441805961693   -0.886016537913
-0.169312630617   -0.233432322917   0.95751897304
0.911124654106   0.333329025349   0.242370843006
-0.375746054927   0.913455588125   0.156249130332
0.42823480835   0.119366511095   0.895749175242
0.787178423087   0.437540443862   -0.434636043387
-0.443807479819   0.89124070599   0.0934073061497
0.440979992336   0.897502298136   0.00512554380386
0.727104730034   -0.35389700301   -0.58828192461
-0.526170464698   0.26314736575   -0.808639663867
0.260623664537   0.849465594706   -0.458784817636
0.965376503183   -0.234771022101   0.113713562445
-0.0111136216125   -0.472536528315   -0.881241009499
0.732439042968   0.647544860221   0.210282434685
0.489338784369   -0.285945899002   -0.823882574737
-0.473371526867   0.706343115522   -0.526306755331
-0.419625574773   0.896253967817   0.143677424004
0.580853781269   0.143506628337   0.801258218309
0.697512194719   0.419684015416   -0.580811557584
0.460601679876   0.887606888544   -0.000322342061404
0.607361054373   -0.315439808246   -0.729116092954
-0.647270146173   0.335636319225   -0.684389961273
-0.205945630087   0.421747894249   0.883014785349
0.895163240492   -0.28332935605   0.344103543823
0.395308955526   0.861308997803   -0.319182768933
0.0373171278371   0.834825389301   0.549248578831
-0.359281843661   0.524087435997   -0.772171558817
-0.932482701601   -0.168519817258   0.31949504285
0.41099597179   -0.249877099633   0.876723300849
-0.88854229348   -0.324895817731   0.32393718576
0.203899249312   -0.912142610944   -0.355557243535
-0.0952405047965   0.0880643481063   0.991551267882
-0.506048887961   0.853485153806   -0.124409064085
-0.857230289502   -0.513622198533   -0.0367214914566
0.272086522659   -0.807865539984   -0.52280225085
-0.733178791276   -0.525920980734   0.431110173909
-0.623231725934   0.266008254253   -0.73540589096
0.765336863038   0.604477708985   -0.221056973235
0.399414533353   -0.176730129763   0.899574617128
0.504705376058   -0.77677098335   -0.376695265173
0.872221287495   0.394769800925   0.28876777853
0.367108422934   -0.138252011209   -0.919846610695
-0.323204937232   0.908318878849   -0.265509666255
0.370388431993   -0.0289985204045   0.928424200061
0.62127449523   0.750773673766   -0.224403414316
-0.690529080505   0.659922705015   0.296093924935
-0.452090335412   0.126853443078   0.882905732571
0.867860589437   0.291148390675   0.40255510419
-0.205991082161   0.948230361561   -0.241716477476
-0.781582872343   0.149851504118   0.605535085997
0.0179361063778   0.975714845097   -0.218309040456
-0.62354351071   -0.15976566518   -0.765289763738
0.0209266402813   -0.866927400062   -0.497994938477
-0.735868657052   0.323835175391   -0.594666376002
0.676800853497   0.378903235934   -0.63116791942
-0.305397016116   0.76602123555   -0.565636039546
-0.396396344985   0.437827158127   0.806955585698
0.865795934519   0.470657886678   0.169936910286
0.254055195484   -0.435151399778   -0.863770349641
0.161754516766   0.89961039313   -0.405631134009
0.953567739573   -0.0366660584575   0.298938398677
-0.546584273271   -0.725462609029   0.418269811382
-0.373041665523   0.658125535422   0.65399594449
-0.749723647751   0.201431830965   -0.630348847447
-0.591585110796   0.783151462811   0.191574640757
0.697671504636   0.616348832813   -0.365196642795
-0.404081091246   -0.082388728523   -0.911005251966
-0.238591171374   0.96647492117   -0.0948708579735
0.534182480262   0.212198363902   0.818303691876
0.811001436943   0.144561686167   -0.566902626709
0.349497724489   -0.712552792773   0.608374767794
-0.876367182053   -0.478289936515   -0.0567388654195
0.331408966079   -0.513329576529   -0.791619127525
-0.756278109192   0.647853778956   -0.091262821839
0.61277121932   0.652527430485   -0.445779525368
-0.229248455457   -0.393056527179   -0.890478361395
0.586963770405   0.126774723391   0.799625976155
-0.506582567299   0.827943080774   0.240591682126
-0.631543850213   -0.546295180748   0.550194457215
0.698101091666   0.656238743185   0.286366160287
0.621419832682   -0.356647725649   -0.69759572199
-0.355657500081   0.664945946474   -0.656775936605
-0.185016136387   -0.839943531013   -0.510160655075
-0.86420452292   -0.108098511021   0.491391142044
-0.467888418152   0.531798436087   -0.705883029641
-0.51180447565   0.707458669211   -0.487399641016
0.851456249705   0.342191045906   -0.397400985076
-0.114360979112   -0.618391073237   -0.77750501413
-0.637842379202   0.660327360465   -0.396389803496
0.37591835204   0.716136183315   0.588076831329
0.672192302763   0.226090123553   -0.705011180151
0.915777664319   0.286164931034   -0.281888101525
-0.240299880633   0.952630734587   0.186415264631
0.321880780574   -0.102977258489   0.941163347848
0.904231369616   -0.258430081393   0.339969885774
-0.185874368336   0.478558502815   0.858156441786
-0.384468918637   -0.839163662473   0.384692082304
-0.928210206597   0.367331391095   -0.0591055114595
0.312645650142   0.856204721326   0.411298155389
0.201689141542   0.36329206473   -0.909582522858
-0.88279682955   -0.235415090767   -0.406508908605
-0.449950982759   0.672373150958   0.587757142863
0.134958774635   0.701779225191   -0.699494137387
0.42806612973   0.298593796384   -0.852995388815
-0.784870439085   0.590742616052   -0.187087026353
0.448037702016   0.74957648465   0.487234349396
-0.431552633823   0.864159052841   0.258827076702
0.435059214996   0.450725295816   -0.779467887188
-0.790244141824   -0.223776314887   -0.570472047701
0.848484444474   -0.456642747454   0.267491212348
-0.302824390874   -0.00440822176665   0.95303617763
-0.434017897992   -0.889639235184   -0.142022869442
0.158215985574   -0.986761565444   -0.0356274454881
-0.987401481987   -0.15802284963   -0.00819099290941
0.00245260652476   0.0364745384903   -0.999331572984
0.251203403735   0.761023810174   0.598113375791
0.832554747992   0.145302564034   -0.534546309014
-0.493709875886   0.632241983131   -0.597093487839
0.553165250489   0.759669618221   -0.341921448294
0.832912435711   -0.496308117086   0.244816517729
0.0162812803635   -0.420214616673   -0.907278675956
0.361447866918   0.625530433971   0.691423976788
0.845687042169   -0.532221992454   0.0394103724358
0.392643433929   0.570483502763   -0.721373486391
-0.945022114668   -0.106059631535   -0.309329205454
-0.318641426063   0.511251437408   0.798178933163
0.0734904373703   0.85286184245   -0.516938906747
-0.260568105037   0.733797221128   0.627412066271
0.759398866767   0.557066347951   -0.336140513973
-0.59616912348   0.38886851537   -0.702398500827
0.640278380017   0.376657806062   0.669456864343
0.762621979743   -0.207399127045   -0.612693494428
-0.0919310181404   0.902836917297   -0.420040698826
0.394563115474   -0.320440349315   0.861184028207
0.646064790274   0.763187818482   -0.0120266574412
-0.653391333487   0.561125954   0.508150990428
0.999649693416   -0.0108429897065   -0.0241437368157
0.0124921861474   0.997521875562   0.0692391006557
0.0233331467758   -0.0695164537975   0.997307889728
0.773328002609   0.536192279796   0.338321798689
0.633927112505   -0.662363978096   -0.39926229042
0.0100108147193   0.523232070508   -0.85213143586
0.994745993805   0.0559407416182   0.0857382133927
-0.00317188676507   0.85394039079   -0.520361170834
-0.102324713256   0.517355238114   0.849631220385
