0.012912193801   -0.129359672588   -0.991513666249
0.851263564386   0.521636562322   -0.0569705256875
0.524579468908   -0.843303843201   0.116854648361
0.717036128072   -0.0124931350314   0.696924036475
-0.430717632417   0.778167523268   0.457096955641
-0.548034225359   -0.627932502191   0.552593214333
0.921639765419   0.212425516064   0.324739192158
-0.112638397725   0.947274209202   -0.299973605405
-0.371339109382   0.239889501034   0.896972849721
-0.394711349036   0.735960005263   -0.55005983456
0.918610474062   0.30377153254   -0.252740287572
-0.0189142244391   -0.605050185251   -0.795962640733
0.690123090031   -0.244009979849   -0.681314355008
-0.193688908896   0.844820125753   -0.498762029121
0.697290991751   0.476170226764   0.535767848948
0.154455528729   -0.768462980664   -0.620973539689
-0.974424001099   -0.0146507522783   -0.224239206071
0.163221799177   0.639726506256   -0.751071662005
-0.795670170742   0.233387941382   -0.558962474777
0.594804848887   0.126569539963   -0.793843399729
-0.114525853554   -0.964111103748   -0.239527886679
-0.97075864335   0.239202423734   -0.0202449213415
0.159983591517   0.5817702814   -0.797463848789
-0.178977391885   -0.777383779197   -0.603026991962
-0.76482117449   0.636520760358   -0.099447939567
0.615223698429   0.767423654455   0.180445935043
0.191176284988   0.0768261427904   -0.978544517047
0.671930234962   -0.651764798745   -0.351727744799
-0.717346684025   -0.690849202493   -0.0902281238534
-0.184183317005   0.312937735872   -0.931743784098
0.302568664465   0.30107203984   -0.904327280419
0.369543662686   0.837527317279   0.402474190701
0.878572526689   -0.455964493835   0.142150257508
0.268757263895   0.207956312112   -0.940491204295
0.335875662631   0.894894837981   0.293855012222
0.902749728527   -0.394863775508   0.170662024
-0.316252173409   -0.852864327342   -0.415459988401
-0.768553613316   -0.0264074377573   0.639240166674
-0.556156368545   0.521464367315   -0.647120550862
-0.63211333688   -0.388657348457   -0.670356766826
-0.727277725422   0.596110163797   0.340176105457
0.26739453892   0.702565397745   -0.65947101714
0.564141633453   0.820054776816   0.0961996903589
0.173280646075   -0.00367177517571   -0.984865643508
-0.807290551846   0.572273257359   -0.144171022789
0.814357621945   0.31890629342   0.484892193789
-0.0381923240664   0.863134373755   -0.503527952774
-0.579105353077   0.391532666401   0.715079828536
-0.226245138839   0.519169128079   0.82418235458
0.867972416464   -0.276561385709   0.412477495376
0.442082595687   0.808688578121   -0.388053813545
0.466604740631   0.735615258178   -0.491070471476
0.672311644943   -0.655752672598   -0.343490151903
-0.574697370878   -0.169878263223   -0.800540009987
0.183705729246   -0.904891425366   0.383957957778
-0.956127118135   -0.255169430024   -0.143907942617
0.228195396556   -0.340675902112   -0.912067316984
0.442844430139   -0.11552469623   -0.889124769229
-0.811329814502   0.370448410985   -0.452229927027
0.381618582874   0.921640938414   0.070322385096
0.883268362455   0.409198868848   0.228895796422
0.209405762789   0.0925112085597   -0.97344280921
-0.419507123178   0.907743334883   -0.0039763775701
-0.498925310426   0.372615706587   -0.782451960072
0.307533356145   0.920216720944   0.242124805323
0.810244882411   -0.119827883646   -0.573711171956
-0.657848456353   0.259660833008   0.706973592347
0.396341618498   0.917552292885   0.0317979758533
-0.640428551769   0.301121307156   -0.706524754312
-0.460765593081   0.702689934948   0.542145666363
0.820965265841   0.105359243619   0.561173290585
0.337210765716   0.703652105168   -0.625429943621
0.171229312405   -0.643618504527   0.745946206642
-0.873162528928   0.251570542301   0.417491868572
-0.456363583834   -0.722819121825   -0.518907310098
0.826523124287   -0.315931840914   0.465882599927
0.149499809628   0.921123104493   0.359419021881
-0.542687140017   -0.227418772895   0.808561296251
0.0327850774768   0.748659933945   -0.662143067623
0.360430602646   0.609064124261   0.706491806898
0.932209697102   -0.261819013527   -0.249871736667
0.804160572543   -0.36660244747   -0.467897872486
0.240430779596   0.920503751896   -0.308003056751
0.543616421561   0.135186864209   0.828375336399
-0.865329884389   0.499145990993   -0.0453593524977
0.232089572214   0.318846620556   -0.918951175542
-0.444228118935   -0.805723347208   -0.391754088826
-0.78897207688   0.569621345755   -0.230335807818
0.505303699369   0.814803469169   0.284189158896
0.349558626423   0.107827775133   -0.930688958569
0.936629839171   -0.336081747398   0.0988615367043
-0.310382489829   -0.66526448799   0.679033041189
-0.162441541426   -0.666687498072   -0.727420459936
-0.349294864776   0.418355668728   -0.8384340355
0.874422564973   -0.176010488929   -0.452112248953
-0.336716906774   -0.891066126744   -0.30434007699
0.998357337943   0.0572830246479   -0.00113175183797
0.0311214371028   -0.525603260536   0.850160378203
0.0481049054431   -0.848799073751   -0.526522602052
0.151291238581   0.476351499601   0.866140987344
0.807603720214   0.445689812995   -0.386182368435
-0.569988764999   0.757924692447   -0.317274279376
-0.7717586984   0.566987513765   -0.287947340114
0.544082327489   0.354337936758   -0.760538656144
-0.329185255378   -0.743619382352   -0.581951271012
-0.690564124723   -0.347701720432   -0.634211875681
-0.417499055657   0.907658372632   -0.0430211240634
0.590606237836   0.2350740143   -0.771961449575
0.817530064414   -0.539052271069   -0.202650543632
-0.138726515393   -0.525871609437   0.839174597039
-0.55892713989   -0.657937458611   -0.504696693917
-0.0613017421418   -0.330599646408   -0.941778089682
-0.439898210503   0.855920433733   -0.271826738042
0.895952934482   0.397623043739   -0.19789960657
-0.77578374441   -0.617371596331   -0.130429651353
-0.465628430634   0.699606345257   -0.541978898354
0.425851789351   -0.359726665289   -0.830208997654
-0.341233689699   -0.937838657819   0.0633894385117
-0.66259977034   0.192158328179   -0.723903806632
0.666724165873   -0.289022194324   -0.686982574618
-0.664170109285   -0.714501212107   -0.219922904287
-0.199674966585   0.453038250259   -0.86884190249
0.720422080208   -0.533145722763   -0.443562469837
0.658283036102   0.0999543543777   0.74610493325
0.726786077459   -0.342555801315   -0.595346555039
0.196075092735   0.934165215594   -0.298144106067
0.0588252879885   -0.926038087865   0.372817710573
0.178130015473   0.377207931107   0.908836549825
-0.982247058067   0.0129474527749   0.187144544099
-0.20609292816   -0.00819632077587   0.978498096722
-0.977129812233   0.055244911201   -0.205341982631
-0.0523739917053   -0.998439191995   -0.0193944548961
0.613254498454   -0.785827046733   0.0799673230104
-0.51518654716   -0.321186153364   0.794620838207
-0.598750149688   -0.528502892623   -0.601816376263
0.067584261746   0.974438160637   -0.21424901087
0.191942494659   -0.223427364009   -0.95563502016
-0.979076323025   0.0234623977115   -0.202136264894
0.773659450449   -0.543534825657   -0.325608581012
-0.276914277816   0.172160875199   -0.945346029659
0.569885547695   0.821541554852   -0.0173186656189
-0.144220120853   -0.277199232364   0.949926914198
-0.123075600196   0.957533568936   0.260733313937
-0.981861982856   -0.0793098350607   -0.17221206893
0.401641997403   -0.436817287857   -0.804906431177
-0.901765439405   -0.0353758936622   -0.430775624242
0.159695955539   0.898854383744   -0.408115178115
0.098276973651   0.952067624375   -0.289670286821
0.855157402021   -0.229664751208   -0.464714880138
-0.5089670463   -0.20204291789   -0.836738432911
0.642323341814   0.51657382553   -0.566190963668
-0.0639187548733   0.772265688421   0.632076023326
0.76376378373   -0.369806962165   0.529063033483
-0.489401949907   -0.834598077544   -0.252847346018
-0.837440856751   0.368904675254   0.403239571495
-0.243266403088   0.409090930646   -0.8794691965
-0.820524881458   -0.503360141738   0.270864332494
-0.567190160664   0.658146691893   -0.495114384357
0.0709523823037   -0.559885255798   -0.825526656012
-0.236360656677   -0.826153642208   -0.511472188336
-0.739655658744   0.494334999216   -0.456664444684
0.630113598062   0.270375790366   -0.727910561485
0.869676827696   -0.48467742341   -0.0935414913579
-0.390999792487   -0.792061215565   0.468783738063
-0.301299481652   -0.371115650485   -0.87834605727
-0.082483190777   0.996206012815   -0.0277507345869
0.228401332019   -0.00820811184822   -0.973532463985
-0.970066675426   -0.0866383686986   -0.226857749037
-0.501971806596   0.857333559864   0.114032769477
0.770379916417   0.383290560835   0.509512640036
0.393114601311   0.34360953582   -0.852873611463
0.247995725547   -0.50211421278   0.82848019737
-0.815809084867   0.352960622628   0.458120438229
-0.522449669498   -0.789493582113   -0.322096610729
-0.409864856673   -0.286177913432   0.866090642559
0.140319661402   0.918424323217   0.369874512702
-0.901288628514   0.273128109843   -0.336273465687
-0.618418592324   -0.785304546692   -0.0292440355016
-0.707602562575   0.540269718333   0.455419855616
-0.341843616446   0.302333260487   -0.889796348328
0.0871989651739   -0.699902414703   -0.708895584953
-0.864364628143   -0.406925758102   0.295440716572
-0.495247544252   0.586982143925   -0.64045439543
0.0225731627312   0.914455136401   -0.404057243264
0.887625752622   -0.204297750829   -0.412774699186
-0.460011929852   -0.349333984198   -0.816305575062
0.107638910822   -0.992497841171   0.0579818950099
-0.653212144185   -0.114567514181   -0.748457199434
0.749484996225   0.0426886397806   -0.660643565372
-0.825803699996   0.105353942393   0.554029598393
0.398996433282   0.803423413751   0.441941924313
-0.398560027225   0.586013109972   -0.705505874985
0.809374876065   0.205607291823   0.5501253962
-0.46309613022   0.799513905692   0.382517305205
-0.361184556937   -0.564360838609   0.74232240952
0.0476831648192   0.9630069504   0.265224299932
0.981961332   0.00344519788611   -0.189050451118
-0.1829706486   0.26945453066   -0.945471309801
0.688777933734   0.719096262735   0.0921168981311
0.410644725124   -0.491694675131   0.767858877774
0.597457837615   -0.49105693292   -0.633961529513
0.733329438159   0.581900512682   0.351595973342
0.294768159421   -0.738142422881   0.606842232985
0.612649710129   -0.341375975844   -0.712827311342
-0.945723194027   -0.320371388725   -0.0544959958666
-0.254277877244   0.833933106998   -0.489794175339
0.202362055295   -0.449352585771   -0.87013323821
-0.432889345195   -0.554202628674   -0.710961504716
0.0775696353587   0.762862610532   -0.641890636419
0.8981034275   -0.333016641961   -0.287245800126
0.598742573697   -0.0487505250832   -0.799456513355
-0.742181256815   0.341492917905   -0.576671109952
0.301121756894   0.938619184401   0.168284622589
0.964664838483   -0.263107088567   -0.0140146116781
-0.0879984261805   -0.271591499105   -0.958381100922
0.248350611806   0.925749813697   -0.285147779328
0.614234079854   -0.734249699897   0.289126050965
-0.716610276598   -0.672423137869   -0.185248036783
0.330433361844   -0.0934050419352   -0.939196087897
0.269551420388   0.145503755043   -0.951929981162
-0.837205539169   0.523870785839   -0.156991353041
0.475845475918   0.83927829533   0.263026664115
0.00251051407904   0.854570916046   0.519328650054
0.260427169981   0.500851171433   -0.825424613887
-0.965490231155   0.137319530738   -0.221296091296
0.879092664447   -0.466568426935   -0.0975191791557
-0.456716422141   -0.765960925119   -0.452453280391
0.136404534611   0.442286970391   -0.886440093159
-0.172400131415   0.234317589212   -0.956751515323
-0.908217011347   0.338211005734   0.246485650497
0.381339815635   0.911432160386   0.154503598746
0.42395755538   0.117288794703   0.898055304462
0.788302217278   0.440417733821   -0.429664792565
-0.445914347684   0.890098622835   0.0942594088509
0.430932655456   0.902306316692   0.0118472494077
0.733794685635   -0.342751481656   -0.586572059646
-0.525207012325   0.261466503934   -0.809810386155
0.276567526799   0.845239171563   -0.457253918492
0.960877634098   -0.250644251681   0.117862765068
-0.0149858403245   -0.471962076819   -0.881491476212
0.721041811989   0.656839412141   0.220591686201
0.500950410388   -0.27423251114   -0.820880756362
-0.478693421404   0.702394843725   -0.52677707981
-0.420929900269   0.896178075131   0.140295676035
0.581345861567   0.147796952525   0.800120647192
0.696315308102   0.418355014885   -0.583201571691
0.461200556866   0.887294736224   -0.00144824569777
0.606673397739   -0.316528637408   -0.729216710023
-0.647488559607   0.335436540601   -0.684281296257
-0.217234135408   0.410206732327   0.885742494841
0.889914246765   -0.289616181295   0.352384876145
0.401076007532   0.864784889025   -0.302134294473
0.0349592490305   0.814208229031   0.57951946532
-0.330227010658   0.556714016815   -0.762246433192
-0.943253927815   -0.16472541777   0.288335853479
0.408222786241   -0.893118105902   -0.188929102321
-0.26401470967   -0.313620657631   0.912106526775
-0.87387092289   -0.322462605611   -0.363823416111
-0.0950549388397   0.0850800591393   0.991829593297
-0.503535574822   0.855369816175   -0.121632242706
-0.858729575298   -0.510983229777   -0.0384662890773
0.27198210897   -0.81066728925   -0.518501956158
-0.73663760188   -0.522089105059   0.429869759201
-0.619185574684   0.265031153864   -0.73916690374
0.763896853763   0.606349475399   -0.2209115445
0.3995296914   -0.175529866586   0.899758462937
0.506791498054   -0.775583380185   -0.376341331613
0.873885238705   0.392362446069   -0.287012718339
0.36525393615   -0.140331660082   0.920269844831
0.320802356133   -0.909042758122   -0.265945694093
0.370775025496   -0.0197360422746   0.928512988118
0.613741568996   0.755560063574   -0.229020254167
-0.697027378914   0.654782008738   0.292255631387
-0.450486709965   0.13193505066   0.882980671675
0.868364057515   0.29448393353   0.399027663838
-0.207377886383   0.946505338231   -0.247228754273
-0.780805376209   0.158307449954   0.604385403341
0.0264488748636   0.974874113374   -0.221180740778
-0.62421424327   -0.156713797611   -0.765374002783
0.011499282547   -0.867363915147   -0.497541561281
-0.731409754145   0.331993151371   -0.595667960347
0.681841285082   0.370756505193   -0.630580744881
-0.305710419434   0.770558153344   -0.559268514906
-0.402553417512   0.427702997481   0.809333609827
0.862839432049   0.472557169304   0.179437555267
0.253620154214   -0.438937783336   -0.86198053327
0.168862553972   0.897523883638   -0.40735281534
0.952450657642   -0.0422433504759   0.301750300908
-0.548606401211   -0.721196729431   0.422973159916
-0.373861080168   0.664110633436   0.64744494692
-0.747836151363   0.197059239864   -0.633962732894
-0.587771120629   0.787135740908   0.186928957466
0.697498398584   0.610098002925   -0.375867544223
-0.409903761544   -0.0905414391945   -0.907623905624
-0.238037450829   0.966791654432   -0.0930164981215
0.532228523039   0.209950337999   0.820154653
0.812447519084   0.145721489472   -0.564530137583
0.362838748528   -0.712091541341   0.60106046228
-0.873222090233   -0.48500540135   -0.0474651639721
0.325317112517   -0.507637072534   -0.797792817022
-0.752923976552   0.650089362828   -0.102417312359
0.612809050544   0.635818473029   -0.46925466106
-0.239938644456   -0.416075341367   -0.877103618282
0.590702885076   0.128446000074   0.796600104587
-0.512590184535   0.822180022523   0.247530429004
-0.623154398429   -0.554546333168   0.551504270236
0.684731036868   -0.629442420588   -0.367349487973
-0.669316840138   -0.343676383379   -0.658712009163
0.288371938055   0.696913755548   -0.656622298335
-0.188025276292   0.864597378327   0.465959084969
0.840261704286   -0.104035922367   0.532105999936
0.508533935727   0.491576952518   -0.706926683587
-0.508843895832   0.71134164283   -0.48484116662
0.85358437472   0.343850084309   -0.391357681354
-0.11167633997   -0.612992811292   -0.78215612789
-0.644528304192   0.652042409683   -0.399279302081
0.365871371609   0.721574421783   0.587765678877
0.671357881113   0.232746750362   -0.703638789198
0.916290390511   0.284210167012   -0.282199399759
-0.237634122254   0.952956725469   0.188158186967
0.322400285666   -0.105347331952   0.940723123694
0.90471621838   -0.259426978195   0.337914496855
-0.183692860078   0.478114615078   0.858873301486
-0.384376764849   -0.839109085777   0.3849031629
-0.930551086332   0.361971224121   -0.0552404619374
0.303153756712   0.846216853868   0.438194974893
0.205359381373   0.391016456353   -0.897180949053
-0.88457974648   -0.233856126771   -0.403521974729
-0.445041146542   0.682009743909   0.580345661738
0.139488530004   0.692945900619   -0.707367605147
0.428695987096   0.294728871959   -0.854022624221
-0.783467456603   0.592002637816   -0.188975186896
0.449887202631   0.750111837563   0.484699634883
-0.430993385704   0.865718714929   0.254510919416
0.431491252373   0.445441164173   -0.784472732723
-0.792502366309   -0.228283323707   -0.565532247986
0.847519674457   -0.457741992937   0.268668325841
-0.303911010118   -0.00352137425739   0.952693916141
-0.435141930107   -0.889078099958   -0.142097265411
0.164688688593   -0.985645910247   -0.0371453289577
-0.986345595553   -0.164570162671   -0.00624721472635
4.45288164333e-05   0.0376669772134   -0.999290346618
0.253029868615   0.754924246702   0.60503327787
0.837814276333   0.14173986228   -0.527235288854
-0.483780036753   0.640311793724   -0.596621892707
0.550512574365   0.762010718363   -0.340992038861
0.834613849274   -0.493140198367   0.245423037537
0.0188581034511   -0.419705146329   -0.907464578967
0.366560366677   0.62971339707   0.684904763549
0.846518407428   -0.531186091929   0.0353259341836
0.386057098713   0.566835402292   -0.727775750655
-0.945677507567   -0.101686982997   -0.308794121009
-0.317023933377   0.498909612983   0.80658850955
0.0720408033478   0.86066773819   -0.504044806631
-0.262693056367   0.733949249736   -0.626347233529
0.756477485456   0.559616260029   0.338484055029
0.598944214543   -0.384900169295   -0.702223388632
0.638448018446   0.376352530838   0.671373890075
0.764191766368   -0.206127710285   -0.61116471697
-0.0916246252844   0.903255301443   -0.419207333496
0.395458397521   -0.328948337234   0.857557955628
0.653829383108   0.756557568145   -0.0113041526461
-0.645073479236   0.565166911199   0.514263131939
0.999636228466   -0.0107116352073   -0.0247522041452
0.0124361299078   0.997427110044   0.0706010114809
0.0239322671675   -0.0708831504689   0.997197485741
0.775417818261   0.538282308702   0.330120225466
0.631446804784   -0.662219223618   -0.403411245008
0.00146282308937   0.521265629031   -0.85339322949
0.99480106425   0.0583825201227   0.0834405411679
-0.00636383910713   0.853388729429   -0.521236201769
-0.101638300449   0.517995326067   0.84932355322
