0.364904042198   -0.0256185854447   0.930692606647
0.909134838813   0.22538964537   -0.350247559044
-0.200795629542   0.973931822994   0.105536341214
0.727707503812   0.42773740805   0.536173944397
0.0209234932026   0.767514919084   -0.640689516393
-0.685568374655   0.477453200574   0.549576605155
0.895914229384   -0.0986303019897   -0.433139419952
0.0573956773949   0.992568640064   -0.107299724964
0.440503609296   0.0712710199895   0.894917321269
-0.476340797994   -0.823429934669   -0.308322212723
-0.863633671365   0.503983814332   -0.011713094184
0.16503431719   0.260698019906   -0.951209869885
0.72808969733   -0.0506703041094   -0.683606548332
-0.357517000753   0.82281296032   -0.441769653216
0.584864930402   0.566048895955   0.580966144086
-0.339111053317   0.78981564237   -0.511072347702
0.80894183831   0.522137058593   0.270159201721
0.480225775807   -0.321813833   -0.815977365581
-0.692772506261   0.682054707819   0.23423840443
0.332412626389   0.0137696556291   0.94303353196
0.639975077941   0.731171506642   -0.236262835608
-0.932698412629   -0.344340775523   0.107252512281
-0.223245593148   0.317656804213   -0.921550627951
0.283257967618   -0.883472458569   -0.373150557727
-0.663252049139   0.720448780153   -0.202608673282
0.744852517357   0.66177482039   -0.0851399699618
0.0727423308697   -0.207382839873   -0.975551593216
0.370905903383   -0.910992913792   0.180335026704
-0.92590512516   -0.34778765378   0.14745659389
-0.0716136162938   -0.221665646638   -0.972489501775
0.96576436727   0.000287027596632   -0.259420709519
0.256638383389   0.145012919558   0.95556684399
0.0378936285359   -0.989429719978   0.139974648205
0.156746344451   -0.329393914475   -0.931090883109
0.463213626007   0.85714314884   -0.225252656094
0.872275025541   -0.395986453686   0.28693380476
-0.435782317668   0.712639138542   -0.549762885093
0.59504540421   -0.230163457411   -0.77002970709
-0.675288633502   -0.662699208609   -0.323751479337
0.650103233674   -0.756184744859   0.0745011222029
-0.587990365485   -0.562747377972   -0.581018690476
0.481282781391   0.33391618743   -0.810473234665
0.527201226875   -0.484858780841   0.69783295209
0.637440267593   -0.317383091251   -0.70209534868
0.561897474307   0.814972352923   0.141743755907
0.802175678516   0.230709107579   -0.550715433302
0.0332166180005   0.903663993702   0.426952038027
0.596163431524   -0.360783444973   0.717233901003
-0.146749968704   -0.702300802636   0.696590287976
-0.94772586359   -0.101889275512   -0.302380989844
0.28333749164   -0.704551033036   -0.650636386685
0.67053123862   0.430574761703   -0.604146697929
0.489422872152   -0.868733417314   -0.0759440705828
-0.557542025545   -0.244760340388   -0.793246030891
0.257730677569   -0.948487553392   -0.1842451055
-0.965021184684   -0.262171780881   -0.000265368137935
-0.0480521690516   0.177868823491   -0.982880293158
0.477913627923   -0.374272414415   0.794681523665
-0.670224306336   0.42941758896   0.605309766556
-0.567800971681   -0.821900659508   -0.0456219514981
0.456656388706   -0.733194702696   -0.503875451469
-0.209259308577   0.461964103862   -0.861858287955
0.864682302599   0.499013721937   0.0575310428427
-0.572569354194   -0.302541615263   -0.761992720222
-0.193328129293   0.953035767195   -0.233124560851
0.796736197911   0.0138346478817   -0.604168878259
0.718475696219   0.689978584069   0.0878762053653
0.542285574682   -0.476552798493   -0.691970942844
-0.435567479772   0.54481830345   -0.716557036663
-0.114789523129   -0.628979053489   0.768900979094
-0.488045938939   -0.638457034749   -0.595133410476
0.865236688349   -0.443574080679   -0.233682494176
-0.028587803801   -0.844419720901   -0.534918753109
-0.641859731063   0.425744860287   -0.637775351969
0.766288994514   0.32511021038   -0.554170125497
0.850065828144   0.00896056092693   -0.52660022424
-0.201967270117   0.928963584246   -0.310219085399
0.48641269476   0.370062653468   0.791489938587
-0.0398928825043   0.636101207613   0.770573689921
0.417241242845   0.711339016335   -0.565602819219
-0.907919766937   0.298951597276   -0.293785022239
0.830703149586   0.0195250033759   -0.556373122563
-0.203684804462   0.940753241832   -0.271101159006
0.518116567675   0.33852933732   0.785463627468
0.653088518648   0.307215069337   -0.692166373051
0.0934991122292   -0.939733160765   -0.328876120402
-0.751487393655   0.150068276897   -0.642453274135
-0.515076651922   0.831351608436   0.208687675237
0.783159457005   0.555407618719   -0.279613379461
-0.348363757514   0.0194134030974   -0.937158370944
0.738919318701   0.645457081853   0.193347862506
0.589811972074   -0.480883341396   -0.648747292531
-0.325760768124   0.593410791487   -0.736032305336
-0.898047704709   0.421530709717   0.125786250569
-0.125706575008   0.0281067386863   -0.991669233283
-0.421554476986   -0.906378437522   0.0277479896154
0.860864168213   -0.260053069529   -0.43736173234
-0.508580414949   -0.412569330694   -0.755733093692
0.0160886735763   0.873017152409   -0.487424051707
-0.267915038673   -0.30678225724   -0.913294135914
-0.302653906551   0.926760248234   -0.222522032939
0.914670511661   0.216795039004   -0.341141856361
-0.76786439445   0.588858413814   0.25224995583
0.600290511845   0.523910278726   0.604292413683
0.223686327534   0.615437883402   -0.755778167552
-0.287027256812   -0.789796532449   -0.542067146375
-0.750058136175   0.537283521612   -0.385667226714
0.595842383692   0.295884867366   -0.746608330425
0.721898147318   -0.368888793377   -0.585477687893
-0.691997824655   -0.386587769103   -0.609662945776
-0.00144068478777   0.84526383745   -0.534347236848
0.653654813686   -0.0787111817365   0.752688471026
-0.752309471174   0.040517705746   0.657562753738
-0.0822547514001   -0.996073724877   -0.0327305741073
0.913466891977   0.370923564851   -0.167313915441
0.403055189699   -0.881266160089   0.246812619487
-0.0558994751197   -0.292891898351   -0.954510128056
-0.184803234699   -0.982594174022   0.0188799793937
-0.780654859977   0.158439109976   0.604545315112
-0.597014031693   0.096983182085   -0.796346977362
-0.691441488085   -0.408967636119   0.595528455376
-0.525337796375   0.85050004802   -0.0258818086289
-0.495912157801   -0.330749362699   -0.802917175566
0.209333435058   -0.969065942929   0.130731446953
-0.0113895536405   -0.136100795073   -0.990629522904
0.977777986577   0.205882908072   -0.039527675485
0.0169391559502   -0.839005289451   0.543859530825
0.0984660461997   0.542693305429   0.834139325286
-0.994996232526   0.0394220815731   0.0918063001266
-0.488287434804   -0.335265185606   -0.805712502282
-0.44315862413   0.890618270761   -0.102027102509
0.751788410972   0.30723989179   -0.583453369191
0.532737895797   0.78407979294   0.318448131859
0.150782592704   -0.458212777013   0.875959851089
0.832739421499   -0.418640572908   -0.36233289472
-0.0309699207273   -0.993077033736   0.113308733448
-0.412572302694   0.115956163939   0.903514395621
-0.910398242013   -0.0187662758655   -0.413307231766
0.0297535470113   -0.467666308593   -0.883404182833
0.0423900698282   0.883590723663   -0.466337340384
0.998658003733   -0.0235723750165   0.0461143656128
0.362712486843   0.216140298613   -0.906489394976
0.846486629155   0.330404730087   0.417484252394
0.389743554852   -0.918757903722   -0.0631179514825
0.694536479034   0.56760317187   -0.442092432162
0.652930504442   -0.239203341731   0.7186539624
0.302160281408   -0.787787027431   -0.536740872071
0.431807882668   -0.894641452958   -0.114711041817
-0.899192136072   -0.417018705422   -0.13247226787
0.0706785320477   0.160349836224   -0.984526523325
0.491418901388   -0.539534861447   0.68367360388
0.334136453586   0.841724865444   0.424089708998
-0.804276254619   0.0200345745254   0.593917773837
-0.590503338864   -0.731845422036   0.340158911445
-0.737328471012   0.317875452471   -0.596072078319
0.328104453833   -0.602791402528   -0.727316982074
-0.980198377647   0.18247087599   -0.0769124169022
0.144559536352   0.924838880736   0.351817545225
0.135328049229   0.33373256373   -0.932903475713
-0.0230545685384   0.958640789778   0.283683490962
0.672734360632   0.224778592403   -0.704913515562
-0.73952482507   0.174592154956   -0.650092772252
0.640349582494   0.617989632402   -0.456115365279
0.327064428177   -0.756696356054   -0.566073744804
-0.69496854031   0.213305975018   -0.686672621415
-0.488738790087   -0.0768298681578   -0.869040601136
0.833310051587   0.253830606822   -0.491084901992
0.258319091413   -0.964192508994   -0.0600337622671
-0.528823452363   0.836789302363   0.141878186064
0.840922319068   0.539209764256   -0.0458528453205
-0.114871273708   0.095060473287   -0.988821569797
0.113459607537   -0.765656596131   0.63316419218
-0.529044773111   0.492861045175   0.690796365214
-0.840974759135   -0.413349690879   -0.349146799425
0.321722433599   0.911704096254   -0.255519699031
0.346578605119   0.137744689788   0.927852181605
0.881123116365   -0.387068522757   -0.271661577147
-0.88412269144   0.339900993776   0.320615627988
0.467241381761   0.637925957743   0.612156812922
0.00354367750741   0.69102661806   -0.722820624694
0.392097319125   0.914307953018   -0.101492164146
0.910283377676   -0.369689437053   0.186316645682
0.132830209898   -0.165440887267   -0.977233568887
-0.739756255098   -0.0581569360865   -0.670356960006
0.0398512339569   -0.998295809357   0.0426304606235
-0.67169380092   0.00482159785608   0.740813195076
0.307901941376   -0.878696406316   0.364813678504
-0.898809215654   -0.142904170727   0.414391592391
-0.311991006845   -0.455489872023   -0.833780899357
0.108626636246   0.881676156979   -0.459181236674
0.377803976359   -0.46387035917   -0.801304215221
-0.919491386227   -0.086437515576   -0.383489434739
0.865203066206   -0.421251723264   -0.271975439839
0.184428095742   0.771736563013   -0.608612318976
0.466272379334   0.476413332051   0.745399493772
0.808370989036   -0.581677078102   0.0904882362268
-0.577330128092   -0.753341643294   0.314906798397
-0.115005509788   -0.306803105086   -0.94479923128
0.92648028664   0.364269465685   -0.0945623330775
0.190439569998   -0.670504134024   -0.717047401805
-0.324602909178   0.64632187231   -0.690580182692
0.490352801184   0.871109773592   -0.0268680614093
0.704822320965   -0.414504700398   -0.575683375839
-0.512620352932   0.263350746535   -0.817231153382
-0.932996870412   0.260011852503   -0.248818561124
0.0402730734352   -0.611608748279   -0.790134683826
-0.357623991586   -0.747213875397   0.560157571631
-0.354730473262   -0.886649816737   0.296678940641
0.23145428305   0.224161349381   0.946668159548
-0.90586710184   0.404479655761   0.125702036096
0.548924361363   -0.781240592073   0.297229175554
-0.0261101862606   0.339392102893   0.940282541935
-0.835464124709   -0.523904702968   0.165902255959
0.936436361707   0.260593743147   0.234899641347
0.301102810116   -0.253319625986   -0.91932924724
-0.180066760433   0.931622277601   -0.315683217267
-0.904862873698   -0.401565582189   0.141309104465
-0.425475481755   0.863955126428   -0.269355070389
-0.013920999557   -0.303852962336   -0.952617227983
0.10478618527   -0.14563762603   -0.983773112695
0.641593280953   0.765722796612   -0.0450184471583
0.759853878856   -0.626464907743   0.173677293146
-0.131918484993   0.433762332018   -0.891317986265
0.619101506323   0.738289166496   0.267661038448
0.77415168939   -0.516506869226   -0.36593690147
0.769372922833   0.527098118753   0.360877927862
0.637903502196   -0.663865526959   -0.390335348132
0.0338293880649   0.530518741726   -0.846997896798
0.248101264499   -0.903608514989   0.349195381116
0.398524926914   -0.233346169276   -0.886976576868
0.882962991966   0.35922307404   0.302217037732
0.634835129125   0.201051274643   -0.746031328962
0.687821472234   0.292795348468   0.664208179902
0.351974404129   -0.934799052674   0.0475893891321
-0.692240248233   0.272760792806   -0.6681354568
0.694354672407   0.504030029589   -0.513639288003
0.196659674649   -0.819484764459   -0.538302603733
-0.815857106415   0.362554789096   0.450478863895
0.493616829286   0.842435527492   0.215974090727
-0.301196958415   0.398567945177   -0.866270157237
0.892235014384   0.44050075577   0.0993768749455
0.309953759924   -0.437364937746   -0.844180417885
-0.32839815136   0.784009563333   -0.52676717702
-0.404813140245   0.769687831248   0.493666855191
0.913117041995   0.368852759919   0.173680479959
-0.0484106300682   0.521083759034   -0.852131519759
0.0798553366861   0.511951651942   -0.855294470505
0.995841678032   -0.0787153262308   0.0458612004882
-0.0438460659192   -0.855400142325   -0.51610863102
0.0929768916938   0.931499488915   -0.351658925327
0.960753835462   0.00877540621481   0.277263520662
0.26135677771   -0.363636761613   -0.894125796713
0.0754829612124   0.487841563244   -0.869662538999
0.167100649643   0.853628827345   0.493350988662
0.983046130889   -0.182560768778   -0.0170842104763
-0.210052498053   0.911352096988   -0.353999016068
0.420764640156   0.411096037749   0.808676180768
0.882516326   0.0209141832751   -0.469816486814
-0.116767155803   0.792349491867   -0.598788538687
-0.489786362347   0.478555604782   0.728761862607
0.863987702797   0.378373910133   0.332202398465
0.761835151745   0.547830983294   -0.345670963935
0.586874882755   -0.809611708099   0.0103321875352
-0.274198967095   -0.21073703009   -0.938298902585
0.834592474255   -0.533793639514   -0.136087296731
-0.309330387371   -0.249709465796   -0.917583725957
0.455818070469   0.807904408396   -0.373524234191
-0.187974430448   -0.46584202117   -0.864671512662
-0.0357491914404   0.883026703737   -0.467959224504
0.98152310661   -0.0570530612597   -0.182639917301
0.316533877146   -0.246681991165   0.915944485137
0.769864925507   0.630925418394   -0.0961307073654
-0.554178943206   0.735582158334   0.389621081627
-0.555706975656   -0.576733452223   -0.598805713311
0.794846956882   -0.579719026343   -0.179287940562
-0.243737712187   -0.57559045821   0.780568736291
-0.749486386708   -0.203120177123   0.630089160186
-0.249007132028   0.968369831127   0.0159786846163
-0.613404926894   -0.144920888103   -0.776358378491
0.0322339709095   0.862917382494   -0.504315934816
0.72456098704   0.327385897119   0.606489777677
0.688456496214   -0.384957225361   -0.61468332291
0.970498573652   -0.221223354523   -0.0958788086717
0.0204788799439   -0.320590757788   0.946996399939
-0.240235580244   -0.921022146007   -0.306602466641
0.954662703142   0.0575014135401   -0.292083396774
-0.297359257293   0.230410171943   -0.926546612302
0.0140212457542   0.971393195419   0.237062575202
-0.589901039452   -0.794386460203   0.144799570097
-0.0465856551103   0.21250656045   0.976048532863
-0.806130597603   0.569026461259   -0.162364854559
-0.944505550633   -0.162774708581   0.285330788859
-0.223251976047   0.955247329031   -0.194064668527
-0.240972654082   -0.246995819046   -0.938576179838
0.0404310626593   0.96463439209   0.260472299429
0.822800376275   0.115758309181   -0.556416709542
-0.566890527328   0.236813224828   -0.789021309327
-0.77385442166   0.408561707625   -0.483969694443
-0.0295151362468   -0.786558582522   -0.616809900207
-0.632675422953   -0.463036637128   0.620740591446
-0.211364619928   -0.167605649761   -0.962929563162
-0.28425323922   -0.932063676108   0.224627246061
-0.935160464004   0.321194099959   0.149362835793
0.507427411833   -0.0706920324248   0.858789880164
0.159607854844   0.987094197254   -0.0130529084611
-0.846783770743   0.143693014092   0.512161657398
-0.639805136181   -0.0329311674323   -0.767831313459
0.287134861165   0.91649044089   -0.278565689312
0.712883552357   -0.398698896373   -0.576919605153
0.697014448923   0.668765741827   -0.258695265807
0.677119367215   -0.73258807497   -0.0694555610065
-0.235966566562   -0.126756045105   -0.963458709284
0.924272198448   -0.285124493819   -0.253820657554
-0.219215729606   -0.940792676435   0.258560638652
-0.312514586972   -0.183338929284   -0.932052289273
0.651607584823   -0.667115582717   -0.361060043065
-0.744969435887   -0.473110260254   -0.470305455249
0.142926886891   0.575433298427   -0.805262953366
0.999908787005   -0.00154768805783   0.0134172400983
-0.00443259773691   0.90078537983   0.434241927457
-0.0127581247635   -0.434261792179   0.900696356219
0.975185436941   0.056718772763   -0.214000804657
-0.218942777976   0.390391584681   -0.89423624987
0.0328241306002   0.918900098719   0.393122353758
-0.928815022014   -0.369690543698   0.0251307934997
-0.304904827259   0.801062303632   0.515104098231
-0.210560445469   0.470773924086   -0.856759132548
-0.820054634583   -0.306145075526   0.483513794043
-0.571993582248   0.411495852187   -0.709573467303
0.0182685020153   -0.85845579756   -0.512562099135
0.448697234788   -0.29325099187   0.844200596577
0.782024529367   0.586057710316   -0.21207073265
-0.432560315981   0.755341125549   0.492291942949
-0.74377961242   -0.0654332587478   -0.665214534416
-0.393995122704   0.846850579409   0.357228133606
0.539962713004   0.527790284871   -0.65565058054
0.933532897463   -0.346102109876   0.0934326436209
0.0495122389557   -0.133652616281   -0.989790642689
0.355056147036   0.928628185928   -0.107632823763
0.639097575147   -0.751755137466   -0.162537696352
-0.760031570282   -0.649679230914   0.0163984478815
-0.117924983002   0.113053572312   -0.986566058696
-0.169742673677   -0.528323036214   -0.831902755218
-0.811054792361   0.554408782139   -0.186603928351
0.559801347374   0.64304406668   -0.522605759426
0.814171677408   0.544221545514   -0.202354612264
0.425946992552   -0.796672804364   -0.428814181578
-0.394580333065   0.262936022989   -0.880437964068
-0.668657712208   0.724398151411   -0.16776227865
0.589116451765   0.653767050356   0.474900463391
0.453694467858   0.218714339039   -0.863901248832
0.828550071784   0.558150740074   -0.0444131726069
0.532541796077   -0.810058888091   -0.245364694394
-0.172927770983   0.179645064444   -0.968412947478
-0.189183540572   0.681421332086   0.707018073428
0.883213464586   0.43274157253   -0.180744868193
-0.429119521754   0.590253928053   -0.683708078399
-0.386354518172   -0.390474580357   -0.835619404025
-0.384731145137   0.891614754347   -0.238757357569
0.838279268651   0.229243826365   -0.494707121258
0.35220882485   -0.0244443637325   -0.935602168007
0.292283757514   0.95253384096   0.0851439188628
0.88911143778   -0.303449756809   0.342635515236
0.999999884214   0.000316876745169   -0.000362162456084
-0.00031660846737   0.999999675647   0.00074058388169
0.000362397012425   -0.00074046913224   0.999999660187
0.73197164471   0.585125034838   0.349064757527
0.346166561518   -0.760652143695   0.54916029352
0.586844291978   -0.281135216397   -0.75932652204
0.972531334784   -0.127040407772   -0.195047526659
0.201516880114   0.878910965675   0.43232679936
0.116506437127   -0.459756728291   0.880369241227
