0.0050412583582   -0.182291817012   -0.98323154911
0.871619364501   0.482751481728   -0.0850334658595
0.490157392213   -0.856574982322   0.16132275264
0.708347564789   -0.0276656276897   0.705321444805
-0.416242027417   0.790636286164   0.449039906481
-0.570075698543   -0.611660752416   0.548529690979
0.921874078806   0.213513150021   0.323357878508
-0.113311580815   0.946559773884   -0.301968674068
-0.370551843172   0.241736900852   0.896802432138
-0.371976834091   0.747150015883   -0.550817654642
0.928058392699   0.287545748646   -0.236696138914
-0.0184622490772   -0.599236427632   -0.800359200083
0.689359797433   -0.236980668482   0.684560612692
-0.202987623051   0.843932277986   0.496562518784
-0.695398514933   -0.481267568966   0.533668841596
0.168066247284   -0.787623262346   -0.592792824801
-0.966857996434   -0.014461789769   -0.254904828059
0.192196127054   0.615987380754   -0.763950388112
-0.796605136411   0.222483917699   -0.562068646172
0.591961116179   0.0987083236569   -0.799899183506
-0.122483850267   -0.969926581348   -0.210333385885
-0.971645946123   -0.235638270793   0.0194617758636
-0.155907710589   0.576642708921   -0.801982526011
0.177755284481   -0.78227731118   -0.597030373811
-0.763139833733   0.639110430342   -0.0956841261558
0.615950468086   0.764155385718   0.191498217597
0.195506048588   0.0872032356433   -0.976817782731
0.654764176236   -0.669465104315   -0.350856591248
-0.734478612433   -0.673122406527   -0.0862982833592
-0.178395743775   0.314201686717   -0.932444238905
0.290702193998   0.300024887838   -0.908557813836
0.350847057051   0.850000328724   0.392945013618
0.890167724063   -0.432994812724   0.141834111519
0.267609987106   0.202890148352   -0.941923819904
0.334847790045   0.897064569127   0.288361086692
0.903472109311   -0.392569416177   0.17212611998
-0.321606666753   -0.851600313237   -0.413939679656
-0.767352961692   -0.0217125459543   0.640857236466
-0.554741907632   0.52374179883   -0.646495123009
-0.633463492685   -0.37810204149   -0.675102103135
-0.727818619062   0.587353544928   0.353971568076
0.262686240945   0.715579946254   -0.647256733713
0.549063296438   0.831477647543   0.0847019370549
0.154111420821   -0.00111480415488   -0.988052846352
-0.821449430261   0.555557088739   -0.128752299688
0.814264709822   0.36103118253   0.454565141184
-0.0877942398121   0.850650386916   -0.518349390562
-0.573816306665   0.382165415077   0.72435104868
-0.222121707556   0.518015714572   0.826027642691
0.868018999102   -0.280797978049   0.40950642574
0.444077655631   0.807967954179   -0.387276155719
0.449702882231   0.736052857643   -0.505958010578
0.669932758593   -0.652613593029   -0.353957055529
-0.59072617741   -0.179782337701   -0.786588135159
0.198973390699   -0.900773605019   0.386026556463
-0.952445696771   -0.270501084774   -0.140272441476
0.230774315068   -0.33975884924   -0.911760461891
0.442090228107   -0.0930051307661   -0.89213579452
-0.820343643208   0.360321100838   -0.444077708671
0.362756856944   0.928180343437   0.0829982698517
0.883146918783   0.413127581718   0.222209633157
0.202932327305   0.0906098601934   -0.97499144805
-0.422930242923   0.906154211191   -0.00381512279091
-0.49411541032   0.392917315477   -0.775542355054
0.297535934591   0.914605527889   0.273804850179
0.816897991742   -0.0954605235319   -0.568827706371
-0.649845205542   0.2696749221   0.710617087625
0.418074056366   0.907622695873   0.0378830480641
-0.634756088768   0.321708685502   -0.702558345936
-0.477810783805   0.709367403505   0.518164782405
0.822939177039   0.1550719405   0.546556313808
0.307356414889   0.687568600297   -0.657861272695
0.192179946638   -0.647140403098   0.737750748416
-0.871044946336   0.233804420494   0.431990965669
-0.45204819386   -0.725634061794   -0.518755856635
0.82752745566   -0.309386453222   0.468485146715
0.140415148056   0.921991647759   0.36085313863
-0.543582465065   -0.232833468439   0.806415947045
0.0366631412341   0.763894660094   -0.644298659284
0.343586103447   0.595791355829   0.725934742134
0.938405244866   -0.247987113777   -0.240620007081
0.806659105531   -0.369456309715   -0.461305888402
0.238773659941   0.917717048576   -0.317462687684
0.540636871459   0.145936472361   0.828501248794
-0.869055234253   0.49155203626   -0.0558533388959
0.215037108351   0.273659140246   -0.937480515527
-0.445535679659   -0.826732889517   -0.343526836713
-0.777607733891   0.586488726842   -0.226621237927
0.522074006782   0.803132368364   0.287083838502
0.350378286478   0.104925555388   -0.930712460533
0.936742150876   -0.319836229189   0.142193281385
-0.328759669286   -0.66454413534   0.671042600761
-0.120130023823   -0.675341305329   -0.727655755624
-0.353282400783   0.411139963636   -0.840330575189
0.871855136855   -0.180999047092   -0.455091161518
-0.339205196949   -0.893422226751   -0.294510711367
0.998293472119   0.0583658321166   0.00189028194433
0.0291618906818   -0.526309185434   0.849793048607
0.0505937511592   -0.848287728881   -0.52711308215
0.156650469955   0.484190049454   0.860825549268
0.805632126842   0.441544262636   -0.394962707522
-0.571329595297   0.755379811845   -0.32091094309
-0.753723500316   0.592116347125   -0.285129999367
0.567426657272   0.36745020117   -0.736890316314
-0.3315537267   -0.71720191099   -0.612938451383
-0.694744453697   -0.328654556784   -0.639778341586
-0.424104331422   0.905601311223   -0.00466703125724
0.580917946121   0.268090371736   -0.768545309306
0.80753151005   -0.562494343072   -0.177462599689
-0.171123503538   -0.511362699142   0.842154936139
-0.564455141541   -0.649698625471   -0.509197495328
-0.0634321616646   -0.286158475217   -0.956080377337
-0.479737092427   0.848804905994   -0.222221856958
0.875116382555   0.444571207593   -0.191122364893
-0.792387282978   -0.590239368478   -0.15407751839
-0.450792619206   0.736742499776   -0.503980657856
0.410984681276   -0.329890856076   -0.849860938527
-0.344672056562   -0.933910153692   0.0949368119196
-0.639041334628   0.159352819419   -0.752484452716
0.687624422241   -0.320028910843   -0.651731655026
-0.654768472906   -0.712033026307   -0.253549238484
-0.2545256186   0.523582337041   -0.813067184072
0.711684590506   -0.467835981714   -0.524055853749
0.657157359436   0.10578562029   0.746293244964
0.729155429667   -0.340094332788   -0.593858740941
0.190988387935   0.934422413764   -0.300629653109
0.0576764973744   0.92299184824   -0.380472692494
-0.169704463596   0.384624926132   0.907339000172
0.983805781995   0.0122357787315   0.178819655051
-0.204923566522   -0.0221576962785   0.978527142383
-0.976579573042   0.0715973114588   -0.202894461502
-0.0655642387295   -0.997187475597   -0.0363107299888
0.586863021842   -0.801342782615   0.115937648524
-0.548528908096   -0.288154809383   0.784909448798
-0.59557353079   -0.524229482747   -0.608667083751
0.0605334369005   -0.978736742171   0.195984929375
-0.20829321207   -0.204408416751   -0.956468053291
0.976191395589   0.0170759680944   -0.216237763795
0.771866131738   -0.544679541088   -0.327943397853
-0.279214330094   0.173003506685   -0.944515296088
0.571193515847   0.8206058641   -0.0185467856986
-0.141129397732   -0.276122772827   0.950704321765
-0.139496692691   0.956281267375   0.25703464824
-0.980113853501   -0.0963449635114   -0.173477612913
0.393672340286   0.422240716236   0.81653834328
0.907569501035   -0.0373711588433   -0.418235576295
-0.146081105162   0.905713074897   -0.397924787712
0.0994865807652   0.949851553809   -0.296453109232
0.851057556521   -0.23559436211   -0.469250819957
-0.515561301628   -0.205614499167   -0.831816819976
0.644055461327   0.513786264749   -0.566759417116
-0.0591321151705   0.772102997693   0.63274035268
0.762689947286   -0.374006196618   0.527658420951
-0.482121614952   -0.833710484181   -0.269231456116
-0.836865770848   0.347306058729   0.423124311702
-0.259257458868   0.429307966543   -0.865147524925
-0.819158320623   -0.498927328123   0.282933149358
-0.567459625006   0.633173619936   -0.526384594194
0.0834818527674   -0.591745459018   -0.801790553692
-0.239555833459   -0.821376364375   -0.517642609048
-0.74354928658   0.498049433431   -0.44618518609
0.624297574145   0.27800652853   -0.730044456874
0.853357061474   -0.498786641776   -0.151636445548
-0.376496168248   -0.790829844255   0.482533721859
-0.360600001285   -0.354683018232   -0.862651491421
-0.0794564903502   0.996794466025   0.00935193259126
0.268223337686   0.0304143356178   -0.96287652859
-0.96007442798   -0.0739983830289   -0.269780155028
-0.500082754183   0.857133136281   0.123450498812
0.766155210052   0.371472420462   0.524418187086
0.403637749819   0.35683473419   -0.842463969198
0.240908885954   -0.488747818722   0.838503713983
-0.82307804779   0.354930092835   0.443358947633
-0.514300919613   -0.796963110122   -0.316771787238
-0.410233038833   -0.293274315925   0.863538667037
0.155189282744   0.910623576554   0.382989540779
-0.898679665048   0.291126909514   -0.328054846307
-0.613894013006   -0.78797648124   -0.0471932813959
-0.703786617411   0.519267227368   0.484815370769
-0.357517185529   0.330839253407   -0.873342344363
0.0782848123787   -0.698049195057   -0.711757549613
-0.863354589252   -0.404460816016   0.30171228269
-0.498488055393   0.59087965745   -0.634327115172
0.0425159920961   0.906272272102   -0.420550780805
0.878793215996   -0.234174036092   -0.415794425577
-0.475305032517   -0.351899260642   -0.806382066035
-0.110975778409   0.644773808153   -0.756274495753
0.993383250627   0.0946052575688   -0.0651119237513
0.0295650804301   -0.758496263379   -0.651006393562
-0.825269459294   0.117169151166   0.552450639941
0.391946248779   0.823113502577   0.410928582535
-0.406581428037   0.555657765077   -0.725214444482
0.809592627345   0.204774049957   0.550115775281
-0.463289558705   0.79839200739   0.384620575803
-0.360447725119   -0.566248877262   0.741241962153
0.098714038339   0.957887302012   0.269643199951
0.981161894184   -0.0484702438909   -0.187007948652
-0.166062867724   0.28302394263   -0.94462721317
0.690498122659   0.716575555466   0.0986499666141
0.404374581035   -0.495490849702   0.76874574215
0.599744562974   -0.490925952838   -0.631900441536
0.72928460114   0.593937389039   0.339679773377
0.309921329354   -0.729358695706   0.609905453828
0.609994049275   -0.339520648709   -0.71598393065
-0.951215334643   -0.303602177602   -0.0549099708244
-0.23351138176   0.824760740138   -0.515016656154
0.201647766488   -0.477069637771   -0.855419627427
-0.445037055181   -0.500647440341   -0.742491858539
0.0929946405325   0.798805631595   -0.594358107343
0.890670543101   -0.333559145298   -0.308940577199
0.595759891071   -0.0349059763656   -0.802403716968
-0.748287117275   0.338824591118   -0.570319460105
0.291781668908   0.940201823689   0.175738409066
0.965757399461   -0.259442355766   0.00151967769561
-0.0718461507434   -0.273061787765   -0.95930985124
0.249300573624   0.926351404218   -0.282351376645
0.590213569311   -0.756332057107   0.282152019297
-0.739428613502   -0.646760679907   -0.186938354706
0.323872302205   -0.0982977228539   -0.940980493712
0.286991751928   0.158751707131   -0.944687053901
-0.852203383176   0.492684098298   -0.176101598481
0.437475859938   0.855605209642   0.27668501442
-0.0001604928149   0.856735981402   0.5157552059
0.250634655806   0.499327669125   -0.829369729466
-0.968081733921   0.129133020628   -0.214807866319
0.87255904835   -0.474940437966   -0.114334104829
-0.472190676608   -0.759999642028   -0.44658314908
0.125206517671   0.443657665889   -0.887407011146
-0.180371596965   0.235743482778   -0.95492989132
-0.899977817613   0.352172495055   0.256932795747
0.396870274538   0.905759098245   0.148641989807
0.412408639298   0.112821896213   0.903985804074
0.790532428305   0.44882945879   -0.416666049398
-0.452744512977   0.886466771321   0.0959117787978
0.410151597332   0.911591104296   0.0278805626524
0.748409552638   -0.318946163066   -0.581512241131
-0.521208987572   0.25937425399   -0.8130597688
0.316546409117   0.833313498235   -0.453196408343
0.948254595525   -0.290443512734   0.128280115279
-0.0247304051801   -0.470352186739   -0.882132205222
0.68319308669   0.685232320256   0.252396262999
0.535783896513   -0.235526963383   -0.810840715404
-0.496168139381   0.689190624426   -0.528046835675
-0.424030098893   0.896039849865   0.131571511688
0.582724893276   0.158729684117   0.797017306046
0.69327496276   0.414629322208   -0.589450889536
0.462385756666   0.886667325927   -0.00452384412612
0.604826781314   -0.319132045442   -0.729615859324
-0.64837024657   0.334627839108   -0.683842257145
-0.247667776644   0.891546636162   -0.379216650426
0.415218933523   -0.255968347174   -0.87296817954
-0.875359303176   -0.373664021272   -0.306791932017
0.0288026819457   0.746524257967   0.664734486679
-0.240234803836   0.650688811568   -0.720341106369
-0.970287403061   -0.138944603231   0.198082691557
0.400461954015   -0.915487592646   -0.0388933297251
-0.403169974063   -0.21415710134   0.88971383487
-0.822851259585   -0.34061591809   -0.454858880251
-0.0945135253261   0.0765742741741   0.992574215898
-0.49666791317   0.860464344496   -0.113675396978
-0.862779333061   -0.503723626988   -0.0432935336591
0.272011572465   -0.817617993807   -0.507454944451
-0.745267771467   -0.512592574685   0.426409194542
-0.608757466695   0.26220158005   -0.74877545243
0.760059937505   0.611535159513   -0.219849130265
0.399238165069   -0.172476801299   0.900478006709
0.512755086714   -0.772189420863   -0.375240881776
0.878929409165   0.384358209868   0.28240371848
0.360080793574   -0.146457029787   -0.921353439525
-0.312769748862   0.911492789293   -0.267125399885
0.371682360301   0.00489522726993   0.928347057835
0.593265951496   0.76790427173   -0.241575123417
-0.714064236492   0.640545912647   0.282512300538
-0.446517818461   0.145438186537   0.882875739668
0.869358036712   0.304021790173   0.389598967022
-0.211750895634   0.941498000527   -0.262189002823
-0.778642462966   0.177170314422   0.601935706329
0.0477503133471   0.973258425552   -0.224695226177
-0.625648321697   -0.146214625735   -0.766280275604
-0.0145766710246   -0.867141983236   -0.497847669042
-0.719590276882   0.354799737427   -0.59691454978
0.694245888773   0.349545314989   -0.629158738865
-0.30662075045   0.782253560269   -0.542275836489
-0.418956235478   0.400644748521   0.814837074657
0.854669168829   0.477035798372   0.204884013345
0.252471446672   -0.449710455048   -0.85674889859
0.188528305926   0.891326373492   -0.412303739713
0.949060191179   -0.0574264968219   0.30981760922
-0.554321016754   -0.710040580474   0.434247146756
-0.374164955055   0.678638398664   0.632020972965
-0.743457326814   0.187862444195   -0.641855829036
-0.576868946803   0.798664159015   0.171341119753
0.695760308333   0.590326580162   -0.409184704142
-0.427948374881   -0.116833599017   -0.896219894098
-0.236526419381   0.967591643648   -0.0884401723077
0.527360734793   0.204293499031   0.824714994196
0.816055089031   0.148427010333   -0.558590650002
0.398504364535   -0.710136022539   0.580431822818
-0.863836598447   -0.503262993583   -0.0226426693218
0.308189231854   -0.492375048904   -0.813993985596
-0.743786977263   0.655114848701   -0.132685596297
0.611968425521   0.587581005378   -0.529380022558
-0.268841177312   -0.474945362257   -0.837944702383
0.600092113771   0.132425148455   0.788893551151
-0.526446583592   0.807907616239   0.264838211456
-0.602281868908   -0.574237636941   0.554533756146
-0.65603136698   0.39743916967   -0.641611215574
-0.293412635055   0.648940742861   0.701986422835
0.695364559874   0.648781950017   -0.309111808581
-0.195400233802   0.865570648031   0.461092400607
0.841020073389   -0.0939570803693   0.532782604075
0.504483879611   0.49189381   -0.709603054458
-0.501466206482   0.721080822581   -0.478094228225
0.85881936327   0.34800562786   -0.375927365658
-0.104694531989   -0.599111450637   -0.793791234952
-0.660227143002   0.631885310088   -0.405981618475
0.340756174476   0.73371684507   0.587830605547
0.669317076728   0.24976097805   -0.699738597365
0.917679704059   0.279069796545   -0.282814443433
-0.230675563393   0.953770170534   0.19264279445
0.323500765395   -0.111546001526   0.93963011038
0.905624402745   -0.26242153012   0.333135680589
-0.178221401011   0.477300832373   0.860477220871
-0.384813686573   -0.838641076948   0.385486148494
-0.936854630703   0.34644926949   -0.0477106340463
0.277833131085   0.820178177593   0.5001164947
0.212396215133   0.455280859108   -0.864642808984
-0.889267432993   -0.23003212121   -0.395333600683
-0.431470050555   0.708712542483   0.558175713912
0.15177953779   0.666942092943   -0.729486954352
0.430405218111   0.284485332733   -0.856632618853
-0.779762058122   0.595224695487   -0.19411000643
0.454667439935   0.751515573586   0.478018683444
-0.430263656532   0.86904435908   0.244202964394
0.422074257506   0.432807659343   -0.796574447974
-0.797951444023   -0.239665249808   -0.553022658682
0.845036663482   -0.460617105829   0.271560157588
-0.306584645607   -0.00128688005444   0.951842528477
-0.438085485322   -0.8875980091   -0.142305592979
0.182196035795   -0.982380386481   -0.0416338900104
-0.98323863071   -0.182321601094   -0.000793003240864
-0.00681172665622   0.0410805310518   -0.999132618999
0.257579870891   0.738015540605   0.623687158709
0.851525402339   0.131689821865   -0.50750594084
-0.456680522119   0.661808773471   -0.594518332832
0.543564252342   0.767987649001   -0.338722415199
0.838981307658   -0.484869616275   0.247005709679
0.0254611267849   -0.418445248743   -0.907885072477
0.380536518043   0.640232340584   0.667303910154
0.848141048507   -0.529222391832   0.024091945153
0.368576613845   0.556799973109   -0.744395774889
-0.468633544895   -0.82837438289   -0.306885128952
-0.880735358577   0.46504975232   0.089632338025
0.0684677205112   0.312289304395   -0.947516523132
-0.267872872604   0.734786836877   -0.623163243842
0.748698231988   0.565841193632   0.345361695918
0.606378661845   -0.374048189331   -0.701707111633
0.633868883607   0.379110568699   0.674155334545
0.767592054832   -0.201361088611   -0.608486770072
-0.0949351133912   0.903177108154   -0.418638788876
0.397791956178   -0.358204738442   0.844660242321
0.678818441688   0.734259204891   -0.00830320763397
-0.617225309611   0.576673898655   0.53523838781
0.999598576027   -0.0103102981982   -0.0263890991954
0.0122440884493   0.997168209886   0.0742000235186
0.0255493464364   -0.0744933483149   0.996894162865
0.781058875512   0.542041307598   0.310061693605
0.62417422709   -0.662715763543   -0.413780558979
-0.0188033832247   0.516719496061   -0.855948243278
0.994888957243   0.0650538401675   0.0772266834362
-0.0150711676833   0.851910390206   -0.523470674407
-0.0998439916057   0.519631297113   0.84853667711
