0.23774997646   -0.871912293221   0.428069972811
-0.0751266591422   0.422879883321   0.903066215384
-0.968416714942   -0.246863438386   0.0350358246502
0.715856443982   -0.407852257029   0.566750463648
-0.0425520745513   0.784685166601   0.618432300473
-0.696949691556   -0.466825155441   0.544366973362
0.896829357531   -0.0699697395504   -0.43680812609
0.115142203839   0.990299767014   0.0777730309715
0.427129226776   -0.120044187692   0.896186373828
-0.582253170715   0.774999011096   -0.245678200074
0.774781012565   0.620506281275   0.121187200094
0.246364826548   -0.119785173114   -0.961746268276
0.729348032248   -0.683088515901   -0.0379674505238
0.531713425068   0.600894694319   -0.596830294088
0.43050235941   0.415109197421   0.801468697305
-0.31709766422   0.814489762242   -0.485855429679
0.807371928249   0.500618543315   0.312300566064
0.497593851269   -0.293236255077   -0.816341140632
-0.678980486373   0.326380073074   -0.657618085993
0.685423403125   -0.0390991909916   -0.727094224783
-0.26302140136   -0.94442961684   -0.197160952682
-0.942205066743   -0.32622565987   -0.0763310621298
-0.213657992884   0.409566235721   0.886907977546
-0.258069514433   0.851957931708   -0.455596102178
-0.73062922569   0.657550317013   0.183870919839
0.675764808106   0.73490285606   0.0570939250656
-0.09758513561   0.165967987124   -0.981290868478
0.4877635913   -0.861989411877   -0.138061337145
-0.868361309079   -0.462839928566   -0.178123096254
0.0896399235602   0.206769084579   -0.974274719864
0.945976852854   -0.0423551880176   -0.32145580087
-0.310843919682   0.163504641493   -0.936291776001
0.0922163296891   0.985632928761   0.141505753525
0.858898508062   0.42020677642   -0.292779128184
0.184529534066   0.279362324312   0.942287399264
0.477747008266   -0.863355637501   0.162403322896
-0.443380906679   0.561583220728   0.698596920827
0.684959852046   -0.290427768596   0.668192870594
0.5781378492   0.77477480433   -0.255891832417
0.658789860223   -0.752326701618   -0.000673869485796
-0.627113711208   -0.54864935988   -0.552912536589
0.415601146874   0.364675765489   -0.833239025
0.199411077346   -0.799358545858   -0.566799027342
0.663867396831   -0.315248762224   0.678158017973
-0.720774098908   -0.511511615783   0.467803981666
0.78942725345   0.201203946234   -0.579932395654
0.0529218517964   0.918929146151   0.390856114135
0.611558573738   -0.339243564971   0.714779626538
-0.245507955029   -0.876507330488   -0.414078185394
-0.552806254325   -0.224301662331   0.802554676925
-0.796323482761   0.425938568196   -0.429470891827
0.656505318052   0.519819233347   0.546615707798
0.461637634935   -0.849968817025   0.25385764534
0.596566393104   0.0856794883722   -0.797977170031
0.211079713512   -0.876521935734   -0.432613743102
-0.929793826028   -0.316584113532   0.187770977893
-0.301544019379   0.362606943172   -0.881809168211
0.490204454202   0.356301121826   -0.795455280746
0.68151101441   0.412251421543   0.604641631608
0.543362061906   -0.838509556309   -0.0407356558793
0.454990682355   -0.718511068676   0.526046883045
-0.233685078806   0.473692191448   0.849121305647
-0.85928735759   -0.509271589578   0.0476202177068
-0.569656876927   0.329919430009   0.752757738102
0.18188408441   0.943790538363   -0.276002897693
-0.801504349588   -0.0203122967451   -0.597643864014
0.748661885578   0.644063692265   0.157122058887
0.562827953262   -0.49224285927   -0.664019323909
-0.350328525971   0.585558645914   -0.731020516871
-0.144931644331   0.84728575528   0.510981083183
0.745223186635   -0.246244510239   0.619682211524
0.650874197194   0.470606512999   -0.595728368763
-0.0270949635465   0.532216586603   -0.846174549307
-0.767646291488   -0.553282130817   -0.323416225448
-0.640300737244   0.640799803888   0.42354524814
0.849873752154   0.0679770525747   0.522583702121
-0.255184243405   0.920714455728   0.295238705003
-0.461080911899   -0.384270752644   0.799837721882
-0.0359161640758   -0.463895858342   0.885161376118
-0.600314774699   0.718134261847   0.35200192221
-0.798956945296   -0.518732893283   -0.304276165661
0.834315752257   -0.204511582074   -0.511949449002
0.0160572215468   0.937265304167   -0.348246917058
0.551052983997   0.282327402853   0.785259095093
0.663696296299   0.668233864404   -0.336111185089
0.736835266395   -0.661420889973   0.139986415425
-0.128767295828   -0.340567040053   -0.931360872463
-0.613563232764   -0.700680386936   -0.364125191058
-0.761311546382   0.647317495914   0.0372127508979
0.209630362177   0.300045088022   -0.930606284315
0.741001863918   -0.639670371168   -0.20429893274
-0.593717152533   -0.481971492517   -0.644362804008
0.313713532475   0.598769819421   -0.736925045641
0.110099769396   -0.572207985939   -0.812684478507
-0.908510683964   -0.389548084551   0.151197311304
-0.403095990927   0.721685742308   -0.562746222953
0.896191357402   -0.218380032556   -0.386200999868
-0.443667388008   -0.442192897626   -0.779502848043
-0.000547481864799   0.869928504344   -0.493177551794
-0.255893661412   0.366466924921   -0.894550404945
0.287576469887   0.912324717669   0.291484791194
0.922939980723   -0.182662537126   -0.338845377
-0.825664338818   0.499395918844   0.262454026158
0.51313331473   0.471431341971   0.717249392556
0.234462365679   0.726881149879   -0.645500730465
-0.308875586401   -0.772420633589   0.554943453814
-0.743858942602   0.559780605182   0.365129494253
-0.592680137711   -0.300020064108   -0.747474558427
-0.550800703275   0.115984064402   -0.826538735981
0.423777688142   0.892015068445   -0.157231004257
0.719048716225   -0.436871622415   -0.540473985705
0.035454952889   -0.833711593566   -0.551060727206
0.0646173764283   0.552166022046   -0.831226370347
0.997280071484   -0.00613700664399   0.0734492761726
0.931188816051   0.360225371929   0.0559023280274
0.361425720677   -0.892326808334   -0.270415080131
-0.0475272268682   0.272012037504   -0.961119458839
-0.187791433236   -0.0248089478527   0.981895561508
-0.631643632154   -0.762500309618   -0.140069981765
0.752170658536   -0.646512021496   0.127520612054
-0.701785259709   -0.503120948864   -0.504347856215
-0.397177994567   0.864053874374   -0.309290385901
0.591394191624   -0.0167395636995   -0.806208842125
0.298604610469   0.179440430834   -0.93735607876
0.954250236928   -0.0721374705384   0.290176964399
-0.0155490170056   -0.981120439664   -0.192771654929
0.0218246483489   0.520192218537   0.853770308981
-0.992960733983   0.110718284731   -0.0420766228873
-0.116415915973   -0.846842085161   0.518946834761
-0.477317601833   0.406594351742   0.779005096332
0.411420256506   0.886747715942   -0.21074121763
-0.776467178647   0.219907983946   -0.590541445692
0.599883689498   0.399087365091   0.693447066545
0.798338271958   -0.355846865293   -0.485828171258
0.0528730801222   0.845045728636   -0.532073447855
0.0776469158019   0.395742507388   0.915073125118
0.996742721247   -0.0107513721657   -0.0799271896054
-0.0217922946959   0.918298576631   -0.395288274616
0.795185345782   -0.536459247523   0.282651272067
-0.232370768226   0.160955490426   0.959216949483
-0.560075077046   -0.828435154885   0.00333199984108
0.345076366127   -0.437983757637   -0.830115973577
-0.718440792566   0.445863950202   -0.533899021808
0.603957886875   0.780625112302   -0.160808286245
0.713703258877   -0.585690878141   0.384179454853
-0.612039864799   -0.254718625534   0.748682593429
-0.340638902895   -0.769470348402   -0.540259679011
0.360879614086   -0.9323885445   -0.0204329689895
-0.91595416329   -0.350226028738   -0.195881850989
0.175481836353   0.0894054298057   -0.980414603232
0.502264598404   -0.651849682579   0.568174501814
0.438433697463   0.758317677531   0.482421177885
-0.745322860322   0.00680376846269   0.666668990291
-0.586254579173   -0.775080564547   -0.235702538935
-0.778791451192   0.459062043853   0.427487912629
-0.223135483393   0.434179868666   -0.872753342988
-0.975444753751   0.205344422855   0.0796316543956
0.175168872066   0.942490086059   -0.284654710025
-0.133504301947   -0.263715956444   -0.955316960845
0.0316611142341   0.956456379991   0.290153006221
0.701843164767   0.185413183188   -0.68777767016
-0.711627533135   0.225417711535   -0.665411984721
0.66509127503   0.624181133662   -0.409940859465
0.356959447967   -0.747913077049   -0.559648087361
-0.655921907231   0.225884797097   -0.720237814929
-0.459821162186   -0.0952499018464   0.882888415942
-0.811759386445   0.448164904256   -0.374426117027
-0.360015551504   -0.888862011108   -0.283395709007
-0.559698376916   -0.821438300592   -0.109438773739
-0.747359698645   0.443285860855   0.494925374585
-0.358037997591   0.358799057811   -0.862016257616
0.037472107423   -0.455144762935   0.889628622481
-0.772918730661   0.551080098966   0.314495405876
-0.633397566271   -0.699395431281   -0.331139779768
0.17067139424   0.927665628532   0.332126115849
-0.345557480167   -0.259310914346   0.901858014103
0.922746608278   -0.268690028364   0.27630484174
-0.871370917784   0.372528229339   0.319273302964
0.490624778896   0.661922685422   0.566697172093
-0.000223547990363   0.650446828626   -0.75955175805
-0.376002736278   0.916133821469   0.138999149178
0.901742847351   0.396293031643   -0.172660563891
-0.213264576438   0.060420644089   -0.975124384991
-0.662784078376   -0.748622300563   -0.0167903708036
-0.744653304719   0.661298193253   -0.0904220955932
0.0787954391012   -0.0474273201862   -0.995761983647
0.335653507556   0.845090229797   -0.416124051656
0.909817822085   -0.17638724605   0.375658182458
0.244066084252   -0.504688064979   -0.828083150164
0.158036501899   -0.579632486527   0.799406432693
-0.954677954912   -0.296481801461   -0.0262401182912
0.252219084276   -0.759028801802   -0.600217303617
0.858772493756   -0.285255922892   0.425604114668
0.47765438126   0.746251670191   -0.463632113643
-0.185353974951   0.601446176472   0.777114149129
0.81490621891   -0.571483349253   0.09661591954
-0.569943122317   -0.759835132294   0.312754550815
-0.105321848188   -0.309931207299   -0.944907379078
0.897143689262   0.405206641997   -0.175899909322
0.159191947704   -0.668013664976   -0.726922050286
-0.412057186085   0.624151680833   -0.663809878435
0.546877865121   0.828006455571   -0.123814014446
0.621025987262   -0.50038214468   -0.603278072228
-0.561472460399   0.253027703656   -0.787861445557
-0.929215485448   0.278254213979   -0.243173135866
0.369210169207   0.671331104224   -0.642649515253
-0.0155702459123   -0.686941875929   -0.726545543334
-0.342488865488   0.908130090934   -0.240834206368
-0.260023494093   0.15470347441   0.953128856727
0.902822883813   0.389058572641   0.183150941898
0.580379813965   0.766930246749   -0.273819773142
0.0310595742753   0.315153272683   0.948532401957
0.813753386714   -0.55901378457   0.159088070807
-0.308293449798   -0.0597634600276   -0.949412174799
0.2602034108   0.954666758955   -0.144587566388
0.915013297073   -0.291615685777   -0.278766852386
-0.911088555572   -0.39827697616   0.106268970854
-0.409114355667   0.905218331168   -0.114913954348
-0.0504290381949   -0.148172950221   -0.9876748903
0.09417408243   -0.990678435807   0.0984249918758
0.811410513787   0.133662421949   0.56898799203
-0.576839856732   0.0262791511643   0.816434434538
-0.078248640383   -0.689266351102   -0.720270121216
0.914234338717   -0.337725776266   0.223867983323
-0.397558453802   -0.640978312647   0.656577549515
0.771377895989   0.544025112392   0.330170893123
0.636376612914   -0.658639500811   -0.40152062775
-0.000973712410399   0.519837171678   -0.854264810715
0.295212380299   -0.878542204328   0.375517304173
-0.360633698079   0.261498090486   0.895299996918
-0.884755890813   -0.399727837269   -0.239634450329
0.627732798678   -0.106980030203   0.771042674955
-0.730413061997   0.261546906684   0.630943717354
-0.269162204495   -0.959243706647   0.0860419602855
0.596564111852   -0.43430634761   0.674899442047
-0.737683297674   -0.627965558848   0.247956869707
0.316124362843   -0.645784215761   -0.695002254594
-0.827730862411   0.344261376186   0.443109156167
0.466106220593   0.861508840771   0.201364118942
-0.312420566763   0.373211229921   -0.873559824697
0.891714108796   -0.444927619279   0.0829780800956
-0.29805528229   -0.43930815559   0.847449935472
-0.340600934927   -0.780415119046   -0.524350307611
-0.42208204094   0.596226735632   0.682905872308
0.884738298356   0.106638399998   0.453725021425
0.197698998827   0.795702162472   -0.572514781032
0.151663017484   0.819236356584   0.553037178839
0.0233476221712   -0.562322518321   0.826588334014
0.988156474283   -0.112450777855   -0.10441075085
0.0807281576659   -0.964365246011   0.251957609225
-0.927579593755   0.0198299785829   0.373099007234
-0.364800029893   -0.263830332289   -0.892924685488
0.135877940246   0.448724084761   -0.883280182677
0.338310178486   0.816942486849   0.467066586596
0.931173135613   -0.362286721999   -0.0408034627944
-0.202826935535   0.444440871472   0.87254429457
0.906400331287   0.422396243609   -0.00445565122329
-0.370539705922   0.789970711577   -0.488514688813
0.341412427755   0.352141728719   -0.8714549656
0.748197401224   0.459354909625   0.478741804949
0.56889208377   -0.815468742441   -0.106642051394
0.690851288782   0.571333540533   -0.443060359602
0.623369708248   -0.781130990435   -0.0352786425503
-0.366244049272   -0.251818111429   -0.895797373924
0.835796338514   -0.494740969734   -0.23806690949
-0.392142163172   -0.234431701859   -0.889531506483
0.384277249378   0.836823248978   -0.389945952127
-0.193736514654   -0.116577035372   -0.974102642289
-0.36863927294   0.928802116253   -0.037838013835
0.909159639082   0.3517618849   -0.222917758367
0.324232445274   -0.105525275772   0.940073261829
0.685954802954   0.71054303589   -0.156826663714
-0.651413332482   0.69569606174   0.302766675748
-0.562927023136   -0.113338769944   0.818698656314
-0.666440919548   0.648116392617   -0.368512743842
-0.488845238675   -0.753060067225   -0.440375825603
-0.739651292561   -0.24964471701   0.624974784037
-0.272175256663   0.960282543717   0.0614659734486
-0.615497030921   -0.124639285543   -0.778221339611
0.11643602743   0.811268401631   -0.57296267944
0.810292354112   0.256006489255   0.527149863251
0.574342191018   -0.525646514279   -0.62755620437
0.965352712369   0.0964082885172   -0.242486252448
0.260534464563   -0.303758373385   0.916434745835
0.0146946757717   -0.947858793546   -0.318351651481
0.957622552371   0.0477255358842   -0.284044574698
-0.287254858311   0.23037328051   -0.929738026545
0.0210640349356   0.971931286075   0.234320040928
-0.565023444282   0.0432732624397   0.823939276992
0.819998107216   0.140061639678   0.554964720728
-0.091387152126   0.989196725555   -0.114622103356
-0.930529478276   -0.232902424838   -0.282615198749
-0.272929510436   0.955593028947   0.111137056647
0.244181023817   0.180550335176   -0.952773427461
0.0712358304096   -0.74623373262   0.661861520838
-0.989258469202   0.0320581379805   0.142618220787
-0.127644575196   -0.664911642318   -0.735934351918
0.40180825027   0.647204694532   -0.647824214884
0.431167299719   -0.757831997206   -0.489678898529
-0.807864400545   -0.0825635960126   -0.583556649303
-0.14631315821   -0.976606912299   -0.157579816551
-0.988360195439   0.137606318175   0.0648739182565
-0.0416723386229   0.16523752615   -0.985373013709
0.512481675294   -0.0820866560825   0.854765648222
0.214396809032   0.976126444214   -0.034801913499
-0.831502580131   0.201094370383   0.517846032558
-0.635642687151   -0.636080324599   -0.437447362467
0.414551040635   0.196774528261   -0.888497169233
0.6512340662   -0.746110987512   0.138609470583
0.602610819694   0.65673892181   -0.453380842744
0.672052700187   -0.723997042341   -0.155478136253
-0.430354932769   -0.211003012448   -0.877651616862
-0.884816318396   0.447233538519   0.130699061681
0.356424602173   0.830341962147   -0.428361679966
-0.300102625224   -0.332437043545   -0.894105154002
0.658252987272   -0.659585754558   -0.362835551086
-0.740473524191   -0.480453659935   -0.469960892658
0.135653841523   0.578023280707   -0.804665845081
0.999238570308   0.00441504841586   -0.0387657962266
0.0128058039305   0.901423234731   0.432749538732
0.0368549995969   -0.43291645757   0.90068032607
0.957749023505   -0.116729805949   0.262851593829
0.287603457026   0.391988126159   -0.873859004907
-0.0010293116535   0.912534635701   0.408998140783
-0.857834270178   0.487793187027   0.161796698355
0.508097174184   0.852260936209   0.124453036115
-0.0771856624942   0.188968524634   -0.978944978129
-0.81895282752   -0.312436185389   0.481352154204
-0.573706928407   0.426330176201   -0.699358950153
0.0132900938866   -0.848897055549   -0.528391107499
0.429515324267   -0.31678106834   0.845675080016
0.785010043637   0.593884123281   -0.176240969995
-0.446403200716   0.739561628843   0.503758652069
-0.721486082943   -0.440111187417   -0.534565220371
-0.158453010526   0.8564689062   -0.491277575479
0.674055246679   -0.26974646508   -0.687667338909
0.932786111976   -0.346865936027   0.0979494345454
0.0540604747997   -0.134040610164   -0.989500166696
0.356353103492   0.92828720623   -0.106279482409
0.706709062535   -0.701174000332   -0.0944315741095
-0.705458399254   -0.708503556655   -0.0187391869931
-0.0537656754102   0.0798607003829   -0.995354972199
-0.203490918325   0.45051267595   0.86926967908
0.829457908969   0.551038320519   -0.0914130546969
-0.520183643926   0.702420883892   -0.485812596032
0.804638748756   0.551697584573   -0.219513687902
0.425855902348   -0.793836855258   -0.43413108351
-0.413767125851   0.255837492193   -0.873695566633
-0.573768802974   -0.784310986631   -0.235893274563
-0.726137270583   0.620366676583   -0.296428491976
0.378832449776   0.00120947753188   -0.925464484549
0.821466064165   0.506837276258   -0.261360824955
0.432008284976   -0.852278229034   -0.294941794303
-0.37223963671   0.129374633175   -0.919075544856
-0.111953086782   0.689623010328   0.715462514732
0.9196278091   0.344691077286   -0.188342119478
-0.376498604366   0.636873743269   -0.672785728181
-0.389503915822   0.230695317993   0.891664942574
0.522216223609   0.85278028345   0.00748357932896
-0.758667855757   0.468556782488   -0.452634097506
0.351227669076   0.155149465801   -0.923345963189
0.112080086426   0.9721168057   0.205978082093
0.929557517695   -0.175833897009   0.324045154199
0.999999830421   0.000346763391055   0.000467881435336
-0.000346286549031   0.999999421017   -0.00101884781057
-0.000468234463562   0.00101868561674   0.999999371518
0.743631872474   0.573225246636   0.344128544094
0.338953874156   -0.766885461545   0.544974274682
0.576300190383   -0.288616537104   -0.764577389853
0.876981398785   -0.0124003350993   -0.480364297044
0.085970818653   0.987586676731   0.131459401655
0.472771239105   -0.156584761816   0.867161212141
