-0.0340881397516   0.330772784057   0.943094567928
-0.907582672015   0.384887035766   -0.167796493278
-0.418487385934   -0.861656158236   0.287083564121
0.66708572485   -0.122921332662   0.734770019583
-0.311283574423   0.850076513849   0.424820499619
-0.676830238683   -0.512113528994   0.528810515615
0.92243115416   -0.217779364169   -0.318893264865
0.116139353943   0.944025556866   -0.308751353761
0.368283065454   0.24776580984   0.896091338634
-0.279090617455   -0.960205702404   0.0106506487961
-0.787283859749   0.22245100543   -0.575064930562
0.549811378045   -0.16888031044   -0.81803844
0.686325140119   -0.21537519433   0.694673540383
-0.235623740364   0.837787418978   0.492538012318
-0.688069222548   -0.501722798235   0.52424705885
0.227411548705   -0.863882060181   -0.449434949256
-0.916558886713   -0.0339829664702   -0.398453215794
0.328943452135   0.50254645963   -0.799526898366
-0.802152866462   0.57723129061   0.152822825413
0.17355082985   -0.0195067451045   0.984631705946
0.5713413063   0.816347673504   -0.084531578
-0.974544558568   -0.223620108729   0.0160296705067
-0.140842921105   0.55503182171   -0.819818851005
0.174431003377   -0.801207665878   -0.572398551011
-0.760744942085   0.644438665934   -0.0772394908108
0.611597857491   0.751592876672   0.24709554518
0.217290574585   0.140737179114   -0.965907786806
-0.590499132393   -0.804777833298   0.0603606964507
-0.737926344452   0.56870175914   0.363377241052
-0.326765182978   0.170032197492   -0.929684659984
0.255479744708   0.303962130995   0.917789258471
0.278743531355   0.885824378755   -0.37096794165
-0.925760305787   0.350602613973   0.141582708349
0.260661483694   0.166317497065   -0.95099636229
0.336057173111   0.907814192099   0.250876401887
0.905053129556   -0.38498296429   0.180740006328
-0.333087890947   -0.852938989459   -0.401929766459
-0.770881517357   0.000880367020419   0.636977951857
-0.542949484854   0.522009870802   -0.657808142001
-0.636143416896   0.328705212797   0.698050453922
0.734327078132   0.535618301655   0.416985344172
-0.23682334231   0.777859831854   -0.582107195047
0.460352641489   0.887362305543   0.0257601276291
0.042381408615   0.00701624825614   -0.999076868146
-0.886723892583   0.461019425796   -0.0343777160427
0.812475451202   0.288436903843   -0.506643655537
-0.506591426774   0.779383895234   -0.368681258228
0.28852862512   0.556205803953   0.779349944592
-0.209419237061   0.511995317637   0.833069251543
0.86812631842   -0.2947250531   0.399366796743
0.450000309349   0.806844432213   -0.382755514386
0.38350972962   0.735008607691   -0.559180323248
0.656837955593   -0.642711208979   -0.394317387323
-0.649218135436   -0.216066305733   -0.729267553198
0.277341871526   -0.874296469221   0.398355582622
-0.928452681511   -0.350524750398   -0.122914675906
0.247097358329   -0.335764922627   -0.908958091575
0.440076091712   0.0144856876427   -0.897843638034
-0.856484668827   0.307139276055   -0.414848740108
0.269753675728   0.951554323178   0.147571421601
0.878630713878   0.435168228766   0.196562156334
0.177873762636   0.083739285241   -0.980483889043
-0.443135411805   0.896446509715   -0.00382910225914
-0.464436542362   -0.263841405993   -0.84539127663
-0.493461463525   0.869767588948   -0.000353880687932
0.735387300771   0.417003661494   -0.534147418009
-0.605136731463   0.310614472903   0.73302672902
0.526671579775   0.846663133877   0.0760170033068
-0.597014726193   0.432065026307   -0.675938776629
-0.563755323514   0.762387991731   0.317717618764
0.822787869649   0.484803757277   0.296623395046
0.0721114191195   0.428637220729   -0.900594290587
0.292764203623   -0.644620845407   0.706224529979
-0.86092494097   0.143662562516   0.488025935937
-0.416049717093   -0.750882836265   -0.512910907575
0.833281667637   0.276474207256   -0.478752206369
-0.0953913952644   0.924887455993   0.368081071854
0.544556832746   -0.261046368428   0.79706502209
0.0575115612495   -0.264550754941   -0.962655347662
-0.83059313781   0.522307076525   -0.193158891161
0.553902030819   0.810683795244   -0.189695346234
0.817668290502   -0.38397490991   -0.428931037892
0.238027797615   0.903895921813   -0.35540811765
0.524176815846   0.188508437711   0.830483735326
-0.888864706556   0.447852775966   -0.0966820795079
0.131235197473   0.046691234977   -0.990251105286
-0.438972500713   -0.892887349914   -0.100276238369
-0.72027554324   -0.663285918552   0.203113101648
-0.593597067494   0.740846762005   0.314306533004
-0.358950781127   0.105819967295   -0.927338380123
-0.660319385532   0.439471565232   0.608968843574
0.21553690269   0.887681604193   -0.40689705474
-0.719390125502   -0.137426754782   -0.680875711419
-0.372592559313   -0.372274542942   0.85005085108
-0.85782968189   -0.211241290651   -0.468513984842
0.353981668469   -0.903763675859   -0.240641219631
0.998233010829   0.0588927796063   0.00790547923534
0.0245512819145   -0.529933334492   0.847683841742
0.0541118346395   -0.845991903924   -0.530442841263
0.177819347208   0.522614258314   0.833819295031
0.792901447936   0.425749602807   -0.435941016161
-0.582827224501   0.738655273262   -0.338675085684
-0.66702615054   0.704329648796   -0.24289063449
0.674449436599   0.43233229736   -0.598503752813
-0.316534472005   -0.563035105909   -0.763411682872
-0.710401472992   -0.270308880356   -0.64981755622
-0.438789079234   0.891997591058   0.108648246613
0.550267108881   0.362316721596   -0.752284987312
0.755903652415   -0.649829348395   -0.0795706367295
-0.291828520457   -0.443248020609   0.847565517747
-0.586042475349   -0.617456889338   -0.524691534996
-0.0699058522755   -0.173391594596   -0.98236883437
-0.576476633805   0.810713336919   -0.102071426065
0.814117843125   0.559177288761   -0.156629809551
-0.844911953793   0.478177771944   0.239728614804
0.397022248546   0.860950736381   -0.318020696944
-0.358464955744   -0.173521894711   -0.917274783017
-0.350486537269   -0.904638841417   0.24246186049
-0.526003132596   -0.0240648722741   -0.850142097783
0.774906376082   -0.425499058191   -0.4674084507
-0.603412696828   0.682185331079   0.412936183166
0.502597591952   0.727384866684   -0.467233256825
-0.619103204539   -0.0743937482594   -0.781777968703
0.653039976125   0.134427968087   0.745297196411
0.738937446803   -0.328636091769   -0.588191949027
0.165862109282   0.934840863775   -0.31394636504
0.0473078783941   0.908322309449   -0.415586990652
-0.138477323559   0.417999198411   0.89783110939
0.989235055738   0.0150748892302   0.145556697589
-0.197050020076   0.103933654922   -0.974868752685
0.970303628061   0.16296712347   -0.178752863024
0.140293118005   -0.981141942862   -0.1329598774
0.485469278909   0.840864135852   -0.239305420483
0.65242670877   -0.166248704753   0.739392154308
0.581944128692   -0.515081423859   -0.629310859493
0.0220395715362   -0.992192109108   0.122756164447
-0.268432518289   -0.124150124232   -0.955264743293
0.963046333471   -0.0118981207123   -0.269072842018
-0.0250347231164   0.579795440819   -0.814377375327
-0.343575332966   0.760019789723   0.551657420694
0.938791378963   0.29361056867   0.180176526633
-0.124503237567   -0.303555341113   0.944644429781
-0.185000485202   0.942459103181   0.2784702126
-0.974819862493   -0.140089234819   -0.173497095012
0.353132953679   0.298248370564   0.88676097483
0.935234524533   -0.08703428331   -0.343163834999
-0.0251694487132   0.950511937318   -0.309666846573
0.104258115122   0.943272581946   -0.315225445642
0.83840768963   -0.253850580193   -0.482319840878
-0.534979243897   -0.214001680097   -0.817312969134
0.650627585014   -0.506165281182   0.566109930795
0.0448913398677   0.769805290287   0.636698188038
-0.758068936987   -0.38883997116   0.523578994617
-0.442224324478   -0.822430668922   -0.357834377411
-0.826800648377   0.219180120823   0.518035483803
-0.347618087394   0.524945587135   -0.77691299118
-0.812904512722   -0.437911047489   0.383953340502
-0.548250820753   0.352975000594   -0.758175234692
0.196487380612   -0.826826803776   -0.527020062063
-0.259746103677   0.755300480792   -0.601708521911
0.799023321786   0.518015970018   0.305321447082
0.542304059423   -0.401473085676   -0.738055328963
0.71404331539   -0.574740602915   -0.399769162277
-0.317506477758   -0.774761322797   0.546749055125
-0.623964566565   -0.263473209377   -0.735697008022
-0.0694564395816   -0.989858634123   -0.123918067498
-0.391069851129   0.141292606034   -0.909450807366
0.917736440673   -0.0147065948457   -0.396917550039
-0.492677967348   0.852618049576   0.174100206852
0.73943589576   0.304692156334   0.600330947004
0.458806033691   0.424505773112   -0.780571503479
0.217458616139   0.428220270562   -0.877119803759
0.85445353397   0.350874343156   0.383140122673
0.471827202007   -0.832775236901   -0.289593674398
0.86619249694   -0.446148557795   -0.225082257456
-0.374527477288   -0.281427270249   -0.883474878147
0.330816757436   0.849558800753   -0.410865083771
-0.582332595354   -0.800127766052   -0.143820396259
-0.684239134048   0.386873110113   0.61817958888
-0.438982409471   0.458393667783   -0.772767552056
0.0295795447782   0.679164282828   0.733390024108
0.85154545983   -0.401348011511   0.337327887223
0.523445680442   0.614536939969   -0.590210952999
0.132631605316   0.79289534916   -0.594748537242
0.756514101725   -0.468670856267   -0.456107489937
-0.640386813701   -0.389441386817   -0.661997080864
-0.101794436877   0.592178997577   -0.799350941358
0.99392088618   0.0266636729989   -0.106819102027
-0.0419423966489   -0.805365186342   -0.591293287626
-0.821547278458   0.17710431152   0.541935542385
0.360788274598   0.897497025128   0.253635389486
-0.441465616069   0.403897453233   -0.801233397395
0.807698591924   -0.201211812026   -0.554199234306
0.464972394165   0.795336198529   0.38889716375
0.362524009231   -0.571799036384   0.73594986563
0.327857639073   -0.941392391208   0.0793078449914
-0.897477664027   -0.284144530534   0.337336224471
-0.295030864613   -0.181775277591   -0.93803759913
0.691337965706   0.712399564081   0.120576441604
0.385289288353   -0.504659699088   0.772574108029
0.611231528517   -0.487653000825   -0.623370330809
0.711898544196   0.644295579145   0.279434553101
0.378528758981   -0.687178855999   0.620081606316
0.591537354185   -0.335661178217   -0.733086033179
0.752552901965   -0.65020843586   -0.104370109137
-0.628404641615   -0.75643710244   0.181412558686
-0.196905398965   -0.0709358864643   -0.977852935706
0.949276746869   -0.275548672096   0.151481309605
-0.261093108968   -0.422268328204   0.868055209906
-0.175225701034   -0.863575351838   -0.472793364373
0.579218498899   0.0302844083785   -0.814609590627
-0.77616771752   0.325903729268   -0.53976887047
0.24913772258   0.944917781534   0.21227524898
0.968753306183   -0.237390497273   0.0718525125831
0.00311466548656   -0.278030598644   -0.960567168436
0.248006714866   0.930776416774   -0.268603669668
0.48171819723   -0.840751663625   0.247152217408
-0.827310924467   -0.529313712872   -0.18810536309
0.288970954796   -0.113857953071   -0.950543083614
0.346386347567   0.24591617303   -0.905285443416
-0.8992428155   0.361882766755   -0.245770669317
0.267168218525   0.899203035453   0.346489601636
-0.0165859458013   -0.864658660831   -0.502085955441
-0.202491100609   0.49465430606   -0.845171267656
0.979143636335   0.0876499728796   -0.183289993394
0.840732844407   -0.50704366925   0.189934203893
-0.536651128802   -0.733729472149   0.416709284341
-0.0719294813777   -0.452269586833   -0.8889760236
-0.212846180886   0.226101203497   -0.950565489096
-0.851957155877   0.433383001348   0.293850606077
0.478398900325   0.87238604982   0.100384621573
0.355712449165   0.115291650456   0.927457001076
0.783208979883   0.504700206902   -0.363127243517
-0.509953279566   0.855561532848   0.0892306907486
0.383033598887   0.920348001858   0.0790241583366
0.783790787194   -0.278541837714   -0.555055354494
-0.488832552142   0.274543257283   -0.828051167408
0.46260791784   -0.772100266831   0.435723642131
-0.88443940389   -0.435912922428   0.166573902239
0.0613258118467   -0.462429564388   -0.884532669143
0.127358632489   0.818125916163   0.560758204606
0.703213428139   0.324225913847   -0.632746735492
-0.699478844009   0.474918458362   -0.534024161149
-0.431991860741   0.896887725143   0.0947388027255
0.591194241201   0.202281413974   0.780750663613
0.681081787618   0.393286966538   -0.617618782524
0.461124320087   0.887094918594   -0.020663175672
0.595530820973   -0.326660451401   -0.733918245285
-0.657804988348   0.326121993884   -0.678923443703
-0.390837428378   0.888971190994   -0.238697143178
0.453228289   -0.0398461191028   -0.890503455828
-0.801143072509   -0.45622637843   -0.387333537144
0.00229282723564   0.349507886461   0.936930616558
0.176716437754   0.922045751159   -0.344387766039
-0.98425913436   0.16636066263   -0.0596496970515
0.355142970123   0.889209497541   -0.288409327614
0.663120000338   -0.0221758859577   0.748184532876
0.658897060188   -0.456962470631   -0.597528212314
-0.0909737610912   -0.0268903654415   -0.995490172246
0.462201339713   0.88430611788   -0.0661257245548
0.882096194505   -0.466132597151   -0.0680198905671
0.275000705525   0.777134273762   0.566071490632
0.842873616736   -0.478118404085   0.246914677339
0.462535056154   0.409225014167   -0.786508874463
0.742109678487   -0.639923027547   0.199428543371
-0.384049699164   -0.162100973725   0.908971453286
-0.549344203272   -0.751146985038   -0.366058947711
0.911318318014   0.319455149978   0.259706238672
0.328492370119   -0.183950468165   -0.926420524403
-0.248176723377   0.929575511949   -0.272576010609
0.374766849426   0.115906137577   0.919845408666
0.493640940205   0.814876616886   -0.303800463144
-0.784772852949   0.567927694803   0.248172727652
-0.434844786291   0.208352348504   0.876070379997
0.866111620887   0.36307242565   0.343553596833
-0.246496799168   0.908167227225   -0.338336541619
-0.769869401882   0.22136782777   0.598579475821
0.118752435133   0.971225033649   -0.20644561793
-0.62705578954   -0.0878533940229   -0.774004404356
-0.151928638982   -0.840604931386   -0.51990483551
-0.657294772662   0.478768832473   -0.582017170609
0.738160734859   0.253305654068   -0.625263924379
-0.312209273719   -0.460040865323   -0.831196590246
0.809682880809   0.328802065434   -0.486109899396
0.496929574415   -0.824773668347   0.269832159078
0.247197982642   -0.513845607363   -0.821496104173
0.296087919719   0.847313827788   -0.440898198041
0.922618610897   -0.134245927436   0.361597745834
-0.587236468925   0.656357334309   -0.473654282428
0.348519474245   0.733195240204   0.583916874061
0.730539188296   0.177819541784   -0.659312296961
-0.50589921539   0.862547820802   -0.00878866871351
0.63041658414   0.362757576706   -0.686281189443
-0.588762188247   -0.352729637786   -0.72728322428
-0.230179282412   -0.97024967543   0.0750537492481
-0.510788575977   0.186103814138   0.839321393159
-0.828319098295   0.154857798291   -0.538429692447
0.569895911728   -0.677428893881   0.46509003809
-0.792545513283   -0.602618344147   0.0933956137803
0.217002901296   -0.421830801427   -0.880322961075
-0.697596752726   0.661777363976   -0.274607886111
0.592618064444   0.317519361773   -0.740260281654
-0.402694177113   -0.679140762602   -0.613681696233
0.635910373463   -0.135250218617   -0.759819304365
0.558474026999   0.760146050866   0.3320914671
0.532658200059   -0.635519755568   0.558918493336
-0.650038019683   0.516784347375   -0.557121630592
-0.309259228151   0.489778155711   0.815154027158
0.694124846673   0.702176115014   -0.158554094032
-0.727665517742   -0.482947263658   -0.487098383096
-0.435318853997   -0.223647395635   0.872054664445
-0.530094698751   0.846607218816   -0.0474955514202
-0.472090002895   -0.878377426228   0.0747270115756
-0.759697505706   0.362368796881   -0.53995236352
0.447203230076   -0.311676037161   -0.838371826143
-0.70610485827   0.568776068197   -0.421793448709
0.246985739029   0.756080928511   0.606085533781
0.663636929234   0.323782973283   -0.674351994413
0.924560537034   0.255762033057   -0.282442199055
-0.200394205249   0.956840011806   0.21047411791
0.32408328538   -0.137996283478   0.935909744518
0.897720670671   0.287691894509   -0.33366296061
0.163686706313   0.485337125803   0.858868171779
0.409028433762   -0.825639902228   0.388605831432
0.739688701581   0.654168891505   -0.157872372946
0.623124973141   -0.754397089151   -0.206398400498
-0.25411787147   0.0542963467208   -0.9656479763
-0.909800086754   0.224419878947   0.349141117711
0.353401175502   0.860000445122   0.368112541955
-0.217649744537   0.458295704021   -0.861738728606
0.43916455389   0.23839135017   -0.866200934409
-0.763667777843   0.606915457776   -0.220148023378
0.473229352102   0.758170951222   0.448587548904
-0.439907416366   0.870464094059   0.22084774389
0.383146941494   0.40433669437   -0.830487964277
-0.812206800175   -0.280720677081   -0.511386365881
0.835092095974   0.314779867229   0.451148341934
0.473369196706   0.00661512355728   -0.880839283723
-0.280254874805   0.949141651877   -0.143482855493
0.290374947492   -0.955662817719   0.0488975326477
-0.954182038126   -0.293025759744   -0.0606015036504
0.0722428403903   -0.0290599889207   -0.996963634771
0.273191335734   0.641201005154   0.717096761302
0.910007299413   0.0694031412189   -0.408741873318
-0.311854467812   0.764228025512   -0.564537258227
0.512770224665   0.793947873798   -0.326670277788
0.856584950906   -0.447556375914   0.256818052831
0.0576967813522   -0.411509494509   -0.909577383926
0.450073981194   0.679052259924   0.579932271688
0.845788331489   -0.532504373201   -0.0328814664923
0.286488236703   0.505299040979   -0.814000841165
-0.288040889889   -0.913543802115   -0.287176195686
-0.955777151427   0.29284166868   0.0270886303443
0.059350505991   0.28227907946   -0.957494667733
-0.276972552169   0.757747616555   0.590850873698
0.708583383255   0.576391143128   -0.407041569252
-0.648995989448   0.305927768809   -0.696571895752
0.60904744886   0.459891088195   0.646189904003
0.769986268395   -0.147447724903   -0.620790073136
-0.190216591074   0.875647963179   -0.44391248356
0.407393221823   0.625511109196   0.665407104775
-0.270359400298   0.778557843533   -0.566351020961
-0.872316775881   0.0508285013115   0.486291996614
0.999378683435   -0.00752473675835   -0.0344329120526
0.0106174530924   0.995836503319   0.0905368894244
0.0336082844777   -0.0908462271838   0.995297667143
0.80860234928   0.537033602481   0.240327173963
0.582807278729   -0.675144137586   -0.452234529137
-0.0806096557449   0.505742328947   -0.858910228203
0.993952039863   -0.0446145750684   0.100343819658
0.0910453297481   0.84570110698   -0.525833039646
-0.0614010617425   0.531788658532   0.844648289096
