0.366201178562   0.209478134708   0.906650764021
0.849293244539   0.322917022805   -0.417642887123
-0.38026001841   0.922953686521   -0.0596557703572
0.641834808333   -0.219483553405   -0.734761899255
-0.19412172744   0.880452424699   -0.432574019998
0.741865778795   0.420274312356   0.522498486722
0.922505890237   -0.220318319239   -0.316926995832
0.118105823154   0.942829414839   -0.31164676968
0.367469586519   0.250065056981   0.895786565126
-0.231053564446   -0.972940460274   0.00105409652143
-0.804951913144   0.190550921677   -0.561909924964
0.546504041963   -0.130679788072   -0.827197754535
0.683127209259   0.211151217512   -0.699108274385
0.24707948958   0.834013851047   0.493328107947
0.687232814844   -0.509741169227   0.517566419502
0.263189576419   0.898547682858   0.351202660148
0.871860462107   -0.0656784625351   -0.485330479336
-0.413026126871   0.43393363685   -0.800694084737
-0.807847665495   -0.58376916129   -0.0812140115984
-0.22391437371   0.176518163408   0.9584903188
-0.54520134134   0.792499150986   -0.273314092368
-0.975101723167   0.221290900415   -0.0143863431884
0.136307870817   0.546930877599   -0.826006525085
-0.174919392379   -0.807401357766   -0.563476932667
-0.758088731889   0.649205476533   -0.0619170721433
0.608469578271   0.738278994916   0.291047930734
0.234661984356   0.182965501954   -0.954702769553
-0.536589905905   0.771098122766   0.342752035659
0.843128970044   0.506624892687   0.180179793492
-0.0347104127613   0.385666829241   -0.921984969546
0.241741689581   0.310822913272   -0.919211657946
0.240958993265   0.898406563465   0.367157201057
0.939946657573   -0.310249517821   0.142286744317
0.255280238839   0.128809359302   -0.958248479579
0.344407808813   0.913962169337   0.214607581993
0.903446324298   -0.384813333937   0.188953531686
-0.332590868273   0.77833189019   0.532524913083
0.857840255034   0.0151024651689   0.513694473778
0.391782351804   0.627671398312   -0.672707369185
-0.633723695105   0.294304574228   0.71538737468
0.74379281543   0.485900805467   0.458990909454
-0.212524177396   0.822973404695   -0.526828481754
0.382948357103   -0.0126037242392   -0.923683767275
-0.922284791181   0.0514564626667   -0.383070484906
0.0523576140425   0.998595703268   0.00808094466251
0.809736471602   0.208241105293   -0.548600481793
-0.462669085258   0.801613468667   -0.378620079233
0.360921271337   0.560402970119   0.745442383406
-0.204777661008   0.507814850333   0.836773677486
0.868258274354   -0.300428268308   0.394804286473
0.451877946539   0.807382767579   -0.379393447556
0.350567786482   0.733254363293   -0.582615023658
0.647929053135   -0.639078017605   -0.414448102321
-0.676232333732   -0.232201046779   -0.699136971337
0.334246318097   -0.849514645074   0.408171859201
-0.905612464841   -0.409441053661   -0.110562593589
0.261046858558   -0.332690383663   -0.906185216308
0.440002297071   0.0735711110106   -0.894977804304
-0.871326266366   0.276068890135   -0.405680299546
0.217229178777   0.958317932382   0.185575387279
0.873681518135   0.451292042161   0.181703322894
0.163563233848   0.0792712553454   -0.983342837778
-0.458178647912   0.888848446451   -0.00455695511102
-0.437205126016   -0.251821538858   -0.863387277155
-0.564267700495   0.824348106664   0.0453007860575
0.700323953584   0.506987289394   -0.502503978521
-0.565210631553   0.339476362836   0.751859522155
0.604604261237   0.79052676743   0.0975762126306
-0.561240259847   0.509728583712   -0.652062989038
-0.621111549663   0.779954881594   0.0767517136806
0.761728605779   0.62381717696   -0.174990459362
-0.184363700367   -0.0502246195377   -0.981573998015
0.361872865102   -0.613773669269   0.70166224953
-0.858612973988   0.0737119596656   0.507297060805
-0.363086477856   -0.786033351655   -0.50031967749
0.837834002527   0.253359005077   -0.483573571192
-0.0645708743819   0.925559841374   0.373054395788
0.542092968402   -0.281332889264   0.791825118967
0.0755142150013   -0.214325657676   -0.973838855147
-0.869506546809   0.463917867301   -0.169524562986
0.488114708229   0.859560774385   -0.151325168925
0.824013793224   -0.243153474297   -0.511739832839
0.394607097421   0.894433514023   0.210413705963
0.406554433307   -0.375319966068   0.832975639397
-0.900403884873   0.11792402751   0.418768155238
0.427092694414   0.0562787886682   0.902454723698
0.0828533311541   0.991426558895   -0.101038130598
-0.686840520318   0.624787104511   0.371337008238
0.704025113164   0.698841343925   0.126370154922
-0.180551210696   0.348226722206   -0.919858364238
-0.656295532887   0.528547879741   0.53843598722
0.121246905688   0.778235377661   -0.616156542462
-0.744698167967   -0.339097089015   -0.57483719682
-0.38789407258   -0.855862622913   -0.342107233419
-0.364254988885   -0.198609532722   0.909875022508
-0.846673781057   0.477549394526   -0.234712769696
0.998525734817   0.0534594858309   0.00940426936845
0.0205609089091   -0.532855797658   0.845956232868
0.0502355047002   -0.844515708722   -0.533169402526
0.187257346049   -0.781899252716   0.594616048348
-0.548566594844   0.418903254519   0.723598475934
-0.814867705442   -0.46168563109   -0.350481098881
-0.611429920135   -0.768997764518   0.186536567273
-0.739746500447   0.471791851532   -0.479778661368
0.280942285603   -0.431340801448   -0.857331059257
-0.719057305472   -0.247620540319   -0.649338632348
-0.439896791747   0.885527492942   0.149438521992
0.538003163613   0.393096842084   -0.745672494253
0.716393010384   0.696524646037   0.0404286054249
0.342136390984   -0.401214542519   0.849687931441
0.608049130119   -0.594878397939   -0.525733722551
-0.0715001865017   -0.125138422428   -0.98955954776
-0.618592993265   0.783824342995   -0.0544252515959
0.782451552502   0.608243187024   -0.133453338011
-0.86655852631   0.413631912615   0.279257876067
0.369424546971   0.907848129296   -0.198336275624
-0.335561953406   -0.0687052763643   -0.939509318967
-0.344353884249   -0.873717544446   0.343566667374
-0.446246765589   -0.169642536519   -0.878683807752
0.82600497977   -0.455893696306   -0.331476561863
-0.562830846048   0.648862865838   -0.512053141845
0.642907193005   0.733008349743   0.222191584876
0.519511097012   -0.204146370393   -0.829718313367
0.651454613633   0.152110988441   0.74328267407
0.743597834548   -0.322435922943   -0.585745111846
0.150562767084   0.93428974242   -0.323161771217
0.0366170311361   0.898350580366   -0.437750417233
-0.124771291779   0.438726338296   0.889916470706
0.991509615575   0.0220325859185   0.128153218372
-0.188277204615   0.181017737484   -0.965289735229
0.959869673839   0.241925794788   -0.141852455253
0.207850675889   -0.953259927057   -0.219302549005
0.433555106944   0.855758098512   -0.282326134237
0.684982287117   -0.109397970484   0.720299486596
0.585516212909   -0.505677922085   -0.63360918833
-0.00768755984725   -0.996307061402   0.0855169037372
-0.294168660547   -0.0794820475883   -0.952442860892
0.9557226065   -0.0324783545207   -0.292471290748
-0.0301428735674   0.592770548037   -0.804807110153
-0.364427737082   0.743232917366   0.561067959332
0.930743698135   0.310206234501   0.193618853571
-0.111609173624   0.351504453172   -0.929509554423
0.184882100572   0.926368064172   0.328117080582
0.976402581547   -0.135228802708   -0.168378055777
0.320881884658   0.936738042326   -0.139845114887
0.127139961585   -0.188919327663   -0.97372733237
-0.938546880164   0.294671559019   -0.179717628625
0.103462778718   0.940482989021   -0.323708512063
0.83208037891   -0.260145516983   -0.489863810694
-0.544919899117   -0.218668830326   -0.809472819921
0.521707160646   -0.397093692632   0.755074988198
0.639829109532   0.767556145723   -0.0384223080861
-0.564305191476   0.503164150586   0.654511641179
-0.410793233504   -0.806877016854   -0.42449781976
-0.811517265929   0.111376552625   0.573615716856
-0.415558234675   0.5801247652   -0.700547364848
-0.810159788073   -0.502236045285   -0.302324449235
-0.352337196904   0.00500990881505   0.935859711972
-0.468507862759   0.864716054916   -0.181015267044
-0.276864084171   -0.787377887024   0.550801544953
-0.754984266094   0.532840277889   0.38220412898
-0.594428327762   -0.310027904044   -0.74198225172
0.578388910725   -0.639381166417   -0.506614243761
-0.304809499058   -0.745438774277   0.592800306249
-0.756675252162   -0.188448289552   -0.626042973709
-0.0684693972006   -0.98310905697   -0.169730738969
-0.438567917395   0.182470041122   -0.879978900841
0.896086002278   0.0141868318176   -0.44365370541
-0.489865671159   0.845304353071   0.213288946969
0.714001047861   0.248625368145   0.654513506329
0.500234073082   0.472912229694   -0.725341226688
0.209954767436   0.388818941885   -0.897072363894
0.874015331494   0.336581118869   0.350443077738
0.438196526623   -0.857632194389   -0.269166905847
0.828075365484   0.430283560206   -0.35937062609
0.489197368141   -0.241501723172   0.838070911504
0.273819510048   -0.869789040815   -0.410475212888
-0.550262110798   -0.806594166847   -0.215910767282
-0.670816903624   0.273061294311   0.689523176812
-0.497208498753   0.524255071084   -0.691332285671
-0.0138741983285   0.65664437353   0.754072724167
0.836756167394   -0.405234124369   0.368272210157
0.547399874816   0.636084484293   -0.543828930725
0.189946403242   0.807803700922   0.558008552508
0.838881363651   -0.428827603214   0.335238638048
0.510096482652   0.404425601932   -0.759105731034
-0.108736113115   0.513989692962   -0.850876638082
0.985457566537   -0.0566971401376   -0.160183703461
-0.130575044548   -0.855920574486   -0.500350005408
-0.817371807297   0.218790218002   0.532948561442
0.346904604925   0.925484676771   0.152102952449
-0.459957088997   0.309206975291   -0.832364417015
0.802669320783   -0.199274484358   -0.56214912733
0.466963520364   0.796320162394   0.384472716345
0.371035082066   -0.571107589556   0.732235678609
-0.931373166574   0.0175516856425   0.363642630774
-0.314688669023   0.463455263297   -0.828359982442
-0.183071205202   -0.885946475389   -0.426126479548
0.68558415138   0.716572342148   0.128446291675
0.381061461886   -0.503569573425   0.775377228829
0.620295521216   -0.482640407747   -0.618297422903
0.701248490607   0.672978646208   0.235266436554
0.422672961845   -0.658214740431   0.622977465727
0.574106367972   -0.337421245963   -0.746021970874
0.674258936996   -0.738341031957   -0.0150800003299
-0.732505622892   -0.666055671115   -0.14073150112
0.0938637220258   0.105935657382   -0.989932946306
-0.458408371245   0.120882541881   -0.880482354304
0.139593931603   0.988203034984   0.062994411723
0.877710259386   -0.0940328278688   -0.46987501301
0.565511342746   -0.0624661017695   0.822371514193
0.791033231855   0.323235030345   -0.519408838256
-0.233373835995   0.944254786214   0.232205838397
0.96848390528   0.11316273888   0.221885375234
0.24436769203   -0.259299301468   -0.934370538571
-0.0482012064695   0.959144445215   -0.278780517446
0.414353972165   -0.882144469764   0.223901586006
-0.870931583368   -0.455737631987   -0.183797137853
0.26417600732   -0.118845888677   -0.95712417789
0.368790155475   -0.87076785288   -0.325203271225
0.15323392079   0.40203164374   -0.902712536166
0.916795062565   0.283079324259   0.281696484596
-0.0310561979054   -0.864949315815   -0.500897388337
-0.17360764389   0.498189823661   -0.849510026771
0.984325098001   0.0605770639058   -0.165633694561
0.824527438767   -0.516062707723   0.232021086151
-0.564596503104   -0.723414913141   0.397368408569
-0.0372195030052   -0.458639450052   -0.88784264566
-0.229637259482   0.207827940167   -0.950828205484
-0.813452966658   0.495404949952   0.304742853238
0.534379079019   0.843434338197   0.0552948194427
0.316387516325   -0.139829168101   -0.938267948542
-0.757985159515   0.557457786657   -0.338672871736
0.570401119799   0.818345049379   0.0703842502888
0.397349083625   -0.91250783151   -0.0971759392851
-0.790972597638   -0.286874668874   -0.540430637681
0.465269873866   0.29160312377   -0.835758076647
0.529706982479   -0.732374424489   0.427829656601
-0.844314992032   -0.503401961899   0.183626411462
0.0808870010763   -0.458491185423   -0.885010240588
-0.424654560594   0.454009540361   0.783290394061
0.36241218888   0.878077099263   -0.312470819598
-0.829654090279   0.151181827646   -0.53741803605
-0.433477019614   0.898241369662   0.0725266523018
0.597990935316   0.226503142056   0.768832340578
0.674169500012   0.376641432222   -0.635324103736
0.456068035689   0.889304669981   -0.033751307727
0.58774390594   -0.329460715322   -0.738926747445
-0.668250737264   0.317163744791   -0.672939901579
-0.480405635902   0.862572499893   -0.158679259586
0.451006050717   0.0877933442714   -0.888192474027
-0.752199419842   -0.498257976485   -0.431201834016
-0.0132617736851   0.199410180729   0.979826364812
0.290847801   0.938311938518   -0.187024764905
-0.956677417948   0.282500063461   -0.0704416931368
0.315646818697   0.877973782499   -0.359901546385
0.708339247044   0.0343500818101   0.705035873539
0.63136566025   -0.477474720927   -0.611060793975
-0.08775464595   0.0107331367702   -0.99608429457
0.440633181079   0.897213781617   -0.0291518405897
0.893387666048   -0.441466000789   -0.0834640539452
0.278011784287   0.792065841776   0.543452987929
0.854506121154   -0.462358096499   0.236736730382
0.438780966665   0.398568303925   -0.805366109542
0.730878857944   -0.661975441223   0.166146351838
-0.355889376057   -0.161927732198   0.920392395424
-0.582373460093   -0.731825064317   -0.353939582721
0.936755287953   0.255915467233   -0.238740034604
0.29562653713   -0.213456484553   0.931150514013
0.187335210349   -0.942838057586   -0.275611894029
0.376976778782   0.178988112247   0.908763865883
0.432094662614   0.83385686643   -0.343477697745
-0.819257414248   0.522155132103   0.237004867499
-0.434102372161   0.249050135767   0.865753521713
0.85563133231   0.414678173328   0.309737042886
-0.281869036353   0.875223424298   -0.393107878203
-0.765968794231   -0.23632414932   -0.597865120836
-0.141608215554   0.969163459171   -0.201666315224
0.627087649018   -0.0698074914052   -0.775814407312
-0.251696072735   0.799737548855   0.545040310363
0.60134264444   0.570496470648   -0.559393243575
-0.758311354885   0.186958899038   -0.624508013657
-0.317001858025   0.404770419815   0.857712498015
-0.774458806622   0.411556073484   -0.480453072864
-0.547469979865   -0.816567514429   0.18301397631
0.244073779863   -0.566637127182   -0.786988154982
0.378289203678   0.802872503196   -0.460752669002
0.892930718681   -0.185251476947   0.410312834219
-0.613566151857   0.613038521639   -0.49771512764
0.316255210069   0.768320708363   0.556476352781
0.723546280068   0.184030052129   -0.665292206864
-0.431291873616   0.864618041487   -0.257726525774
0.486013751494   -0.0180180610613   -0.87376540492
-0.760117065399   -0.50210655424   -0.412445214639
-0.22633986565   -0.971250274552   0.0737778381423
-0.505820574182   0.181929929644   0.843236056768
-0.832415648551   0.15353958735   -0.532456367381
0.68861378633   0.708354745626   -0.155063237502
0.620113728836   -0.686107214697   -0.380415369367
-0.375859038185   0.165802425465   -0.911723389589
-0.47038648084   0.806878683078   -0.357328069759
0.740482444125   0.140638706311   -0.657195940515
-0.480023237548   -0.573731248131   -0.663634045489
0.655151755621   -0.121614738234   -0.745644709329
0.558995435137   0.74197115768   0.370139034238
0.50823250644   -0.659309226855   0.554085790093
-0.643609728151   0.576192494593   -0.50375462976
-0.311356428054   0.404154784212   0.860067488693
0.699159275515   0.710395044727   -0.0807167138097
-0.748926631452   -0.461896518651   -0.475142617286
-0.410991450022   -0.238682422668   0.879839035914
-0.519802778668   0.854214438632   -0.0110798971646
-0.452862194551   -0.889818330876   0.0560283034067
-0.783269734043   0.367041383757   -0.501766027489
0.425915903059   -0.271116138668   -0.863186933911
-0.721453504073   0.54936343328   -0.421550304988
0.199908711587   0.748086116869   0.632774579751
0.662979146348   0.37224585951   -0.649531886504
0.929360520077   0.240705411687   -0.27991057234
-0.182184448543   0.958486005137   0.219347679874
0.321088539864   -0.152857720582   0.93463183491
0.875761536319   0.317405976749   -0.363724040212
0.167348295042   0.507117343731   0.845474155627
0.452809319307   -0.801302343446   0.390996514994
0.71911375764   0.691234110703   -0.0712096045112
0.672144596183   -0.717916611631   -0.181155680471
-0.176343543675   0.0824083912329   -0.980872984468
-0.922334931617   0.235712162117   0.306166703855
0.277152032667   0.955696156844   0.0991544582071
-0.2692304305   0.176308344738   -0.946800054324
0.445855018144   0.212532323235   -0.869507512547
-0.755943150891   0.609598716069   -0.23861969321
0.479336265494   0.763688036404   0.432455000706
-0.455485501312   0.859876798062   0.230531668649
0.367190325568   0.417361925031   -0.831252241106
-0.810989656472   -0.293974345291   -0.50584074708
0.830102421407   0.316158442161   0.459318853766
0.481400969228   0.00935654456722   -0.876450547322
-0.281394876998   0.948660262963   -0.144432090184
-0.993594713776   -0.086122983655   -0.0731599374166
-0.10160168513   0.397464645506   0.911975302928
-0.0494635455173   0.913567013009   -0.403669010956
0.277302764315   0.552907630243   0.785745715434
0.941377534183   0.00717765821027   -0.337278548618
-0.192123697234   0.833211637966   -0.518504437126
0.492809450371   0.814828232025   -0.305276592485
0.865059781947   -0.420946167613   0.272902725582
0.0938638337325   -0.398571544728   -0.912321382217
0.496313251449   0.696958003501   0.517612497716
0.836894805193   -0.54263287361   -0.0718098149179
0.230825131815   0.46882737317   -0.852596418412
-0.163034319398   -0.950975418356   -0.262803280767
-0.984622879244   0.17376728022   -0.017964353446
0.0627502698655   0.255833316846   -0.964682184776
-0.263588774024   0.795234462135   0.546006509523
0.677750436737   0.555449618235   -0.481798782797
-0.686422103164   0.243059399807   -0.685380787923
0.56545074154   -0.557427375061   -0.607898166163
-0.763957518336   -0.0761850030709   -0.640753271927
0.310860690776   0.826722787178   -0.468929700585
0.412177360397   0.382294553825   0.827019164041
0.0269873179817   0.902190338098   -0.430493064416
-0.910703853206   0.199758524117   0.361545327446
0.99917760716   -0.00499102631509   -0.0402392719412
0.00903472451381   0.994850949264   0.100945344131
0.0395282570195   -0.101225878139   0.994077883514
0.826630674204   0.522587181544   0.208768690543
0.553276597625   -0.686960295451   -0.471137516012
-0.102794625276   0.504963553299   -0.856997709947
0.991696710823   0.0179621105203   -0.127338118128
-0.0831412040502   0.844974318889   -0.528304780034
0.0981079707867   0.534505157135   0.839451644268
