0.361651244847   0.270417585435   0.892234670133
0.827387818077   0.347986557454   -0.440834157398
-0.429694979722   0.897652318729   -0.0978904442892
0.609481562533   0.42625812749   -0.668458101664
-0.0749675733232   0.870369687502   0.486658473704
0.789247798782   -0.246496685223   0.562429814548
0.922271182596   -0.229047450156   -0.311372977842
0.127205714226   0.940506855805   -0.315064375092
0.365013112122   0.250966371773   0.896538514632
-0.166401785317   -0.985771153922   -0.0237839849349
-0.827614692067   0.152735937222   -0.54011633465
0.53606377169   -0.0701923469969   -0.841254222637
0.67202175527   0.211120129117   -0.709799303694
0.258239347997   0.831520308717   0.49181949467
0.694045531352   -0.513811509479   0.504280212915
0.320881798901   0.926762286279   0.195311381813
0.784757455399   -0.144702857974   -0.602674720799
-0.530274086987   0.346659411564   -0.773716126912
-0.823709946196   -0.556879431429   0.10671093378
-0.341830631128   0.6378647846   0.690130666026
-0.452386719699   0.531990427939   -0.715774014911
-0.973636531629   0.227768790868   -0.0123807182622
0.13961968456   0.552148601921   -0.821972180235
-0.18038361334   -0.802030734637   -0.569393056452
-0.739171614864   0.673280846921   -0.0178388606455
0.612712174633   0.683201100096   0.397265714459
0.279658925901   0.282717452587   -0.91753023229
-0.449558829166   0.806742744678   0.383487943784
0.89294456615   0.394642173762   0.216581523847
0.0233850572482   0.439799611866   -0.897791423717
0.222738832787   -0.319670609343   0.920976717345
-0.184698707074   0.913762088517   0.361835920264
-0.95722191783   -0.250698119479   0.144487552806
0.246314493566   0.0428752899916   -0.968241126873
0.372021516705   0.918309732905   0.13530419639
0.894946457263   -0.393533917166   0.210242466385
-0.323281610578   0.795721264097   0.512168595412
0.869685822284   0.0364899715537   0.49225506853
0.373008807912   0.604562777419   -0.703824038649
-0.622215025531   0.221643026467   0.750814777973
0.768896525206   0.35327488585   0.532911801853
-0.147127820381   0.908884604252   -0.390233495005
0.224170077204   0.944322035199   -0.240839511551
0.054910021522   0.234497485018   0.970564690815
0.973001883874   -0.230796064434   0.00071457604417
0.801321662887   0.418905328764   -0.427085375681
-0.128048852967   0.817468628629   0.56155901957
0.58436896208   -0.395301614896   0.708695667701
-0.199140587765   0.4986678614   0.843607367388
0.867497033362   -0.310727369074   0.388455144408
0.455841993912   0.809184074309   -0.370714459486
0.310040943586   0.605748496482   0.732764199665
0.706120822848   -0.662809701128   0.249151928811
0.63660662645   0.440172760516   -0.633229771931
0.437080143228   -0.790152279044   0.429674672651
-0.850520392558   -0.51847987061   -0.0882818532657
0.292533776237   -0.326860826186   -0.898657882659
0.440211421899   0.135212882192   -0.887654989576
-0.882758872231   0.245923709414   -0.400322748098
0.164166615139   0.959811963687   0.227618797195
0.863942015011   0.479623172189   0.153511587177
0.137391632856   0.0687838622893   -0.988125659777
-0.484487083336   0.874774481217   -0.00647094219643
-0.372463120068   -0.248091811007   -0.894271590458
-0.687954245172   0.720565123286   0.086630593058
0.622888578109   0.647484637976   -0.439059748606
0.663302532936   0.743680943942   0.0834769633922
0.417071543252   -0.4599828666   0.783879512581
0.62135422877   -0.485133400264   -0.6152759595
-0.705443818459   -0.579498714168   0.408081192013
-0.691391238554   0.435940404395   -0.576137239784
0.155971709767   -0.688576215167   -0.708191797226
0.484012467721   -0.536618409413   0.691210976309
-0.836577120271   -0.052084745354   0.545367675189
-0.256652786718   -0.842216042344   -0.47413234976
0.846668881702   0.0133443739571   -0.531952753957
-0.213833033502   0.923949374937   -0.317163973896
0.487265059841   0.382281938153   0.78513265199
-0.0809984231098   0.932349037787   0.352369872708
-0.167418268125   0.335781823911   -0.926942118058
-0.982552990404   -0.134074003705   0.128894462948
0.83280437119   -0.258887065605   -0.489299873891
0.413613070072   0.878472782865   0.239185697795
0.367914538435   -0.401575717676   0.838675047549
-0.911408120813   -0.410541799091   0.0281188284727
-0.156386388657   0.282353674496   -0.946477522153
0.380629130203   -0.867024701896   -0.321542581229
-0.888047831973   0.208614271669   0.409696392203
0.442407830561   0.630205859025   0.638056335059
-0.125085409165   0.747877437089   -0.651945534157
0.500733118173   0.865285258923   -0.0234043811157
0.567768669751   -0.307913402491   0.763431774434
0.653379737989   -0.395563847257   -0.645464298571
-0.413834562014   -0.863682981319   -0.287737142306
-0.380894022144   -0.122803251907   0.916427359487
-0.826837770773   0.488846672384   -0.278151454645
0.999007881748   0.0236431750015   0.0377392697439
0.0445317143455   -0.53839676486   -0.841514022465
0.000422637438977   0.842359735424   -0.538915482719
0.192762557468   -0.762008885151   0.618211173783
-0.588923675686   0.414093221204   0.694043016225
-0.784864001376   -0.497864703614   -0.368943405199
-0.522226246424   0.829721612484   -0.197083214208
0.850393693657   0.489278420677   -0.193486931984
-0.0641117254108   -0.26864227671   -0.961104059834
-0.733083543208   -0.217957830164   -0.64426927829
-0.435750416498   0.877827293671   0.198848728956
0.522216519463   0.426513337137   -0.738495958042
0.638043859092   0.769996063296   -0.00246908544239
0.399207147876   -0.328050674201   0.856163774193
0.658432750522   -0.547255715059   -0.516698650449
-0.069557553661   -0.103833457396   -0.992159442758
0.79004392729   0.601520081229   -0.118339278481
0.60909140503   -0.792080933367   0.0401927271367
-0.890698611252   0.315178154357   -0.327595352424
0.33308637474   0.942895081171   0.0015273721806
0.30936944076   -0.10775712004   -0.944816888188
-0.316438263053   -0.497775937303   -0.80751838488
-0.891688875181   -0.134363418019   0.432246945365
-0.323663058681   0.856834632902   -0.401343539009
-0.482431322137   0.598587461612   0.639494386388
0.807955586881   0.586085495383   0.060922588012
-0.338330886928   0.546074026943   -0.76637808427
0.652089591919   -0.7462326263   -0.133850780934
-0.17330720095   -0.318598940967   0.931911652955
-0.738067597317   -0.584492585292   -0.337082541122
0.0160033219144   0.882228409119   -0.470549601882
-0.110054024166   0.469304670025   0.876151378734
0.993796762649   0.0377645446971   0.104603220367
-0.163001670246   0.373889771877   -0.913037181052
0.913455409786   0.406923268394   0.00355920938207
0.372866825863   -0.833438595294   -0.407860807195
0.372273646182   0.881024780028   -0.291903527446
0.689912868969   -0.0523049376649   0.722000295517
0.620832155731   -0.470169682639   -0.62730208348
-0.315912451232   0.945907768204   0.0738770411359
0.0380653732935   -0.0651660035744   0.997148143123
0.948024446158   0.317823671284   -0.0154195803718
-0.0404213647067   0.648171206932   -0.760421067422
-0.443327077786   0.670397764378   0.595002470263
0.895448052864   0.361166061559   0.260253454542
-0.0882433978512   -0.121753973785   -0.988629896677
-0.481587613029   0.87400997861   -0.0646523647539
0.871944077171   0.470406767764   -0.13576081588
0.254160782508   0.938007376962   0.235678716476
0.463798196159   0.095626360738   -0.880764913227
-0.848701083936   0.333163263126   -0.410741658746
0.0782148323232   -0.810459747794   0.580549254766
-0.931285127139   -0.267225732698   -0.247585176765
0.355795519891   -0.521292053449   -0.775670125141
0.516770381999   -0.415119122418   0.748748613683
0.644947761044   0.763921402542   -0.0215980615244
-0.56301932277   0.494064980484   0.662502103579
-0.346179115994   -0.76145867706   -0.548033486914
-0.764616606314   -0.109488689696   0.635117053918
-0.543618860047   0.638899765189   -0.544321251692
-0.820031961972   -0.571626548655   -0.0281188587438
-0.510272517804   0.708000021853   0.488219137919
-0.259170868191   0.414703578389   -0.872267965222
-0.310997030636   -0.77647529225   0.548057449052
-0.738404491567   0.560455767602   0.375030851257
-0.598364148131   -0.288054600879   -0.747652922915
0.336496410659   0.518880573567   -0.785832753192
0.862474847316   -0.504818925396   0.0359859737763
-0.378030823294   -0.689870134835   -0.617391199891
-0.0782310035697   -0.97012755988   -0.229635423315
-0.494391255015   0.237774690719   -0.836086409062
0.865711959629   0.0481218662766   -0.498223934533
-0.493510885439   0.818337093873   0.294569867341
0.646390587349   0.118495102611   0.753749374291
0.581915985809   0.562390710671   -0.587444017767
0.211011317754   0.325505162289   -0.921694425014
0.903819207097   0.29413692779   0.310796249323
0.37227015011   -0.898626650525   -0.232131596953
0.747749580487   -0.557509479894   0.360629650348
-0.521722933677   -0.157378148309   0.838473195105
-0.410701528311   -0.81511673904   -0.408544925779
-0.475210379827   0.651981519676   -0.590842781886
0.812862177854   0.0682733060684   -0.578440866029
-0.33679396479   -0.755154854106   -0.562415301713
-0.417462767891   -0.795876742795   -0.438525994329
-0.596954647514   -0.123647947963   0.792689304694
-0.685105821196   0.592698401586   -0.423483905859
0.287011366603   0.935751653403   0.204922713709
0.946101010082   -0.310416627254   0.0923817960738
0.150057836058   0.167362960889   -0.974408684875
-0.173922917019   -0.973374888591   0.149305543083
-0.698396802203   0.228810885357   0.678150046387
-0.694256959352   0.0136713204041   -0.719597366164
0.937741519606   0.347140002453   0.0116043571019
0.291569009312   -0.804902663884   0.516835771286
0.188754748856   -0.481274890649   -0.856005913774
0.785906108287   -0.196069357568   -0.586437034966
0.470609320076   0.804848396209   0.361588062548
0.401096567942   -0.560157001333   0.724807337879
-0.916506656084   -0.0832510121527   0.391260550439
-0.352245775715   0.631497281453   -0.690748939202
-0.18957442561   -0.770895876557   -0.608096279105
0.666177990408   0.734716295417   0.128057996022
0.389537999361   -0.489210150316   0.780341960862
0.635977226126   -0.469963183745   -0.612100950639
0.681649193187   0.716195465335   0.149727862672
0.499255522374   -0.604870847937   0.620383091883
0.534881576432   -0.348131171757   -0.769874266647
0.471135825233   0.87138862089   -0.136795122593
0.839265167227   -0.490574142263   -0.234458930353
-0.271412993908   -0.00434537980343   -0.962453169984
-0.377543373449   -0.733008047535   -0.565827008382
0.130023585325   0.563031133987   -0.816143253002
0.916817794561   -0.38170033326   -0.11726033927
0.538782944994   -0.0533904269974   0.840751093064
0.797589936979   0.353630900404   -0.488667042791
-0.271225423982   0.933860079768   0.233113965265
0.96240131104   0.168678150512   0.212911714209
0.249782270482   -0.241562349944   -0.937686753901
-0.106735813392   0.955612532687   -0.2746127337
0.302037617463   -0.934273248658   0.189490829538
-0.926556085738   -0.334456694156   -0.172141045994
0.224203250688   -0.1235808099   -0.966675067334
0.387269082776   -0.772130241999   -0.503822932107
-0.0764091694837   0.51770616165   -0.85213964173
0.918795024119   0.368504029259   0.141493759845
-0.056938586074   0.150919307564   -0.986904939708
0.848631983388   0.528027850929   0.0317859310893
0.525910405095   -0.835709250426   -0.158140110549
0.822693008965   0.568131015528   -0.0200838789755
0.495022304846   -0.733302449808   -0.466069130934
-0.279515886318   0.373489847654   -0.884520323676
-0.25030614228   0.158727870746   -0.955066645939
-0.739381289929   0.605505857316   0.294411217277
0.625029713885   0.779851344683   -0.0342014174525
0.249637062157   -0.215694193871   -0.944011309216
-0.671338810301   0.664003545246   -0.329246858275
0.697843491752   0.715943647664   0.0209560107948
0.438359173744   -0.892470976532   -0.106474367066
-0.786725609496   -0.323712088593   -0.525617065041
0.434630935575   0.314175173662   -0.844031936656
0.600787079167   -0.676345321969   0.426159466582
-0.791561663413   -0.577822529741   0.198874978664
0.111736379577   -0.456813013797   -0.882517338019
-0.538257615706   0.121998465518   0.833903539713
0.0589739188677   0.992494000601   -0.107134194659
-0.840714467598   -0.00848723648307   -0.541412181973
-0.437020878405   -0.605677423869   -0.664956848265
-0.898677227371   0.26336423901   0.350739958681
-0.0373094203042   0.750862261554   -0.659404179036
0.444825724316   0.893527939148   -0.0611383426982
0.569709012321   -0.334969499223   -0.750484560715
-0.691058402935   0.299003773475   -0.658053969809
-0.471572471307   -0.571605130621   0.671481182874
-0.880567117248   0.264544342078   -0.393214754424
0.0471270233234   -0.776713502987   -0.628088511239
-0.0369542282409   0.0727458071106   0.996665657361
0.358471656637   0.931934933355   -0.0547298034013
-0.932808906692   0.355253891661   -0.0605162462211
0.233606891362   0.873939540712   -0.426212974331
0.736602269079   0.127068596374   0.664282070362
0.63470065188   -0.469130313448   -0.614061748937
-0.0813845180732   -0.413446150739   -0.906884138497
-0.0715709363165   0.909977758841   -0.408433690443
0.994109733024   0.0316663678612   -0.103648829485
0.282707341676   0.810600532331   0.512838508643
0.868887588109   -0.442900793454   0.221072943593
0.406338428152   0.383100070664   -0.8295320474
0.715127514175   -0.697773658171   0.0412863225751
-0.242382968005   -0.192143899104   0.950963310995
-0.6556242333   -0.690067130067   -0.306535839194
0.981113608947   -0.101075703171   -0.164923584022
-0.186393040138   -0.266091889225   -0.945755116865
0.0517080354142   0.958633824105   -0.279906181347
0.382315725646   0.258354721369   0.887179533054
0.349322494236   0.848456067745   -0.397612997935
-0.855458053293   0.461925469154   0.234128981553
-0.444593078268   -0.822377983589   0.355009079973
-0.310570460234   0.513274720817   0.80005940417
-0.840168425964   0.245445539942   -0.483604696975
-0.760079607968   -0.263121604003   -0.594176750688
-0.159236578315   0.961895636444   -0.222262225124
0.630018016947   -0.0743223122442   -0.773015842156
-0.416312852821   0.688460768319   0.593890039537
0.472757325924   0.721852524539   -0.505400280571
-0.776649289809   0.0703612343637   -0.625991355641
-0.327148586233   0.322424882397   0.888265724734
-0.711130807157   0.535025610324   -0.456114647222
-0.622307622996   -0.780890383798   0.0542533948503
0.240406398701   -0.65061622658   -0.720349421583
0.505990949273   0.717307801978   -0.479001749971
0.828358571343   -0.249335201952   0.501651307533
-0.660588156864   0.516431841985   -0.544904982171
0.247695939345   0.835098262541   0.491179817921
0.708710101976   0.189496819197   -0.679574092261
-0.223054718436   0.575229959326   0.786992431017
0.93160816151   -0.111878430871   0.345817076088
0.286971820902   0.810304702319   -0.510933912956
-0.215829062124   -0.972340541892   0.0892843017288
-0.514596882505   0.190979462359   0.835892872008
-0.829823996073   0.134464551275   -0.541582329837
0.88911929446   0.454258624888   -0.0558209811322
0.413139145471   -0.849088183211   -0.329188857056
-0.196933812989   0.269626331886   -0.9426127065
-0.309766776999   0.829872502197   -0.464064838105
0.752659428182   -0.084213507238   -0.653002197827
-0.580989095453   -0.551561161882   -0.598524816251
0.685619361503   -0.0760262347927   -0.723979352438
0.53685684795   0.724481379475   0.432332575227
0.491640942093   -0.685088857315   0.537533665589
-0.62964550497   0.649081554336   -0.426895389869
-0.302108007206   0.301675612406   0.90428014291
0.715735488887   0.698344442736   0.00614404158401
-0.803992480462   -0.405868463287   -0.434588175022
-0.348278957113   -0.270961706807   0.897374794318
-0.481972882424   0.872840503158   0.076495729648
-0.41490868885   -0.90962502853   0.0208107517413
-0.825632398976   0.366788674727   -0.428715768141
0.382337444775   -0.195059928133   -0.90319970259
-0.733015965608   -0.544738395569   0.407366756814
-0.138602917711   0.705933037977   0.694584607586
-0.665940556931   0.452679385753   -0.592962518502
0.937753013668   -0.216046676571   0.271924840534
0.155060116561   0.961040270943   0.228818613485
-0.310766223404   -0.17241064691   0.934718633185
0.793157294859   -0.18788523157   -0.579310491334
-0.380945461377   0.589101899864   -0.712628589823
0.475165298679   0.785912266945   0.395676443066
0.702014720946   -0.71209121011   0.010071745642
-0.704661951328   -0.692504497437   0.154560846854
-0.103086691318   -0.115601165711   -0.987931933161
-0.942268812745   -0.248635259758   -0.224298890171
-0.101193448974   0.849947635018   -0.517057930615
0.319201144127   -0.464509984103   -0.826039408416
0.459914397212   0.187518308388   -0.867937573364
-0.754365391489   0.59812937817   -0.270507122077
0.468413923108   0.77915218731   0.416545634534
-0.489050037431   0.815521500764   0.309442632294
0.385278862647   0.520243054615   -0.762172790201
-0.782553677958   -0.253518926152   -0.568628081611
0.823819651802   0.31266050403   0.472826173688
0.494866093272   0.0101168649122   -0.868910351402
-0.276457466953   0.949811064509   -0.146390610021
-0.981753038318   0.173692746308   -0.0774067286018
0.170335047659   0.622277932446   -0.764039361767
-0.084539596001   -0.763283043615   -0.640509213078
0.268130281124   0.345006230343   0.899486994552
0.961591434643   -0.152753703901   -0.228053105144
0.0587202279046   0.926086932728   -0.372712929566
0.455033856833   0.87888619117   -0.143189567029
0.844269033545   -0.374683995488   0.383173201727
0.283114796738   -0.295247297186   -0.912510298776
0.565593174514   0.717560378024   0.406462132103
0.813727131908   -0.565662541794   -0.133693842818
0.133986998396   0.406365589958   -0.903833221097
0.0414942614861   -0.978863714929   -0.200259965691
-0.995212605262   -0.0227413613234   -0.0950510431964
0.0884878330127   0.203245315026   -0.975121143925
-0.19842448836   -0.883636227035   -0.424045682316
-0.62176418159   0.447932373026   -0.642468591985
0.757652311361   0.13617491497   -0.638294107463
0.360666366855   0.18831460747   -0.913486387656
0.931707633417   -0.117794329307   0.343577330184
-0.0429028862959   -0.975019027812   -0.217938610051
0.41701454876   0.204005486684   -0.885709109993
0.214778934832   0.924767708242   0.314125285427
0.883158465551   -0.321226473372   0.34182550743
0.998667195455   0.000166025275797   -0.0516120640763
0.00595112241842   0.992954666166   0.118345321332
0.0512680881696   -0.118494739861   0.991630263637
0.853240833025   0.489585624603   0.179683046057
0.508697327086   -0.705385578351   -0.493617478691
-0.114922192257   0.512578873966   -0.850914677092
0.983293904406   -0.03732061564   -0.178157989453
-0.0635190954749   0.846877764611   -0.527980469636
0.170582596028   0.53047641178   0.830359171971
