0.363774135771   -0.288137186971   -0.885802088295
-0.82160579766   0.348819296026   -0.450875827664
0.438898953514   0.891797095871   -0.109843745385
0.600440430062   0.497367395799   -0.626176463581
-0.174790306369   0.845738463228   0.50415751568
0.780333030664   -0.193266979624   0.594750566071
0.922018829065   -0.235858614302   -0.307004874405
0.134967142062   0.939074059991   -0.3161072293
0.362856926918   0.25002124692   0.897677128302
-0.14453833619   -0.988717506212   -0.0393238131666
-0.836692145993   0.143337217385   -0.528583668822
0.528256492819   -0.0434986784016   -0.847969894968
0.664680062137   0.208916705268   0.717324351502
0.264257473305   0.832308295112   -0.487268806401
-0.698833601654   0.513436181183   0.498010928646
0.344710053914   0.92884071861   0.135756761094
0.746083155194   -0.18332747987   -0.640117927151
-0.569679650564   0.321940917836   -0.756187239483
-0.833103979902   -0.517542110569   0.195161272948
-0.386825009538   0.797363434274   0.463225609912
-0.395353222658   0.310421837941   -0.864484882379
-0.972296196229   -0.144516595596   0.183725502844
-0.233483257685   0.562732509479   -0.792980258996
0.011210494134   -0.81390851843   -0.58088488399
-0.723426816683   0.690288495564   0.0124673090882
0.617713689309   0.639091514688   0.458248659457
0.308356026281   0.339210596453   -0.888736593322
-0.417535366769   0.813541193226   0.404740589046
0.907181388261   0.347812668449   0.236745171987
0.0518280454035   0.466022611673   -0.883253519166
0.21586923367   0.16358192645   0.96262216227
0.322070319699   0.918762978878   -0.22835344931
-0.921776102491   0.35932651166   0.145647776826
0.243069745809   0.00245164407161   -0.970005715506
0.385834947132   0.917240309064   0.0990030757082
0.889971062588   -0.398326756406   0.222007438809
-0.316619707406   0.803952538347   0.503400712124
0.875330622458   0.0431773785371   0.481593205279
0.365442556731   0.593123958433   -0.717395084777
-0.616179506445   -0.780132284596   0.108242479501
-0.180563758383   0.273694695572   0.944715800003
-0.766628687825   0.562569846461   -0.309508679776
0.156243447934   0.934336923187   -0.320316248336
0.0576722055169   0.315115919244   0.947299252692
0.98603341814   -0.166482645971   -0.0046504733344
0.796373850827   0.408479395518   -0.446019364104
-0.106046169216   0.820344190188   0.561951616795
0.595435050793   -0.400224928086   0.696618336843
-0.196958383677   0.493336663464   0.847246322849
0.8663812973   -0.316913243909   0.385939688971
0.45890177902   0.810052425659   -0.364998938212
0.297468546426   0.610139006294   0.734331571489
0.713689645303   -0.65299900388   0.25345490944
0.634160511286   0.448689975295   -0.62969655549
0.48100146857   0.820621349255   -0.308574445444
0.758077830005   -0.566100243092   -0.323803209412
-0.440403895178   -0.0781736267422   -0.894389899984
0.440856603774   0.148651325319   -0.885182601721
-0.884373453802   0.240473303847   -0.40007022427
0.153391815685   0.959205595072   0.237477530017
0.859135116903   -0.125170790351   0.496204719998
-0.492205331022   0.0632882618793   0.868175390127
-0.14007413401   -0.99011457375   -0.00723656203075
-0.33655671489   -0.253441545108   -0.906916181836
-0.738522679185   0.668561564341   0.0872335200274
0.584220703153   0.699137195334   -0.412181212706
0.598978682046   0.79945318956   0.0458163306884
0.466354820932   -0.394777058365   0.791621282674
0.650951395611   -0.452797605881   -0.609291891182
-0.732955325794   -0.528055035953   0.428875703899
-0.656358812951   0.383239954723   -0.649861712801
0.178800444773   -0.757815951342   -0.627491342442
0.535820825562   -0.508125720059   0.674317651785
-0.814360791658   -0.100117615355   0.571658083216
-0.222963099874   -0.855444162824   -0.467442766961
0.850842886403   -0.0066333076157   -0.525378322628
-0.198126518917   0.922055549509   -0.332504806163
0.486633604634   0.387000727195   0.783210171021
-0.0499283431977   0.960659772216   0.273203152602
-0.193071051016   0.25910090199   -0.946356323933
-0.97991363385   -0.0999976231422   0.172539113133
0.835661917315   -0.267595098291   -0.479647811754
0.421894180563   0.871892693497   0.248613015416
0.351673798223   -0.41011704963   0.841504334656
-0.91200920569   -0.409878819071   -0.0154454657963
-0.178018791517   0.361617860417   0.915173116353
-0.369524719882   0.837395890069   -0.402764949682
-0.864047707883   -0.494499968293   0.0942939014953
-0.257936812952   0.59573885176   0.76063382848
-0.432307944671   0.632902047604   -0.642296535187
0.403853415433   0.913004036643   -0.0576718988436
0.602719955358   -0.21811919734   0.767562812521
0.688208597924   -0.344742867692   -0.638373935025
-0.422788424859   -0.866413240936   -0.265665285155
-0.387574207863   -0.092118587393   0.917224290594
-0.819167981066   0.490756825514   -0.296852753073
0.998856254307   0.0357486775751   0.0317524059456
0.0460517875687   -0.54065070555   -0.839985742409
-0.0128614187957   0.840487267387   -0.54167862914
0.191142275824   -0.754914597108   0.627350445498
-0.602638703771   0.414237387821   0.682080625181
-0.774784630145   -0.508440102278   -0.37576247722
-0.488844116799   0.855648713938   -0.169990316805
0.872132833452   0.474788032122   -0.118155174951
-0.0203899554964   -0.206013598799   -0.978336673556
-0.739933526723   -0.204490327853   -0.64084481885
-0.429865733498   0.876517233122   0.216640234502
0.517410694899   0.435776600858   -0.736467872313
0.602161978903   0.798140570529   -0.0193023532368
0.418607927166   -0.295049456488   0.858902335274
0.679829651073   -0.525278447971   -0.511775534409
-0.0671129797219   0.767875813535   -0.637073451763
-0.0591730647541   0.634325898629   0.770797770323
0.99598915474   0.0894281237437   0.00286606406559
-0.896903672029   -0.32379202449   0.301201806066
-0.279121153627   0.942784797811   0.18234090768
-0.343009015477   0.0794704340751   -0.935964350501
-0.299684947267   -0.543144645086   -0.784335914577
-0.908398721231   -0.0887838297918   0.408569693974
-0.291548787766   0.834931929011   -0.466784723691
-0.446928217887   0.582678725069   0.678778808898
0.853088893512   0.505985473818   0.127350068913
-0.269248041446   0.635975002369   -0.723215934932
0.653909423837   -0.744984248843   -0.131912601341
-0.177384966278   -0.320461787266   0.930504603234
-0.735484220875   -0.585066416638   -0.341701988532
0.00813402084542   0.876425284374   -0.481469166838
-0.105281572649   0.479559628547   0.871170679677
0.994409185479   0.0436037105981   0.0961721802632
-0.148794369372   0.469067043199   -0.870537962772
0.878477803003   0.466894232   0.101422511093
0.454023110948   -0.749657178388   -0.481536218384
0.357407698509   0.892445068989   -0.275320787235
0.67645622702   -0.0441098672383   0.73516072565
0.643946201148   -0.448994563942   -0.619465230322
-0.323009376234   -0.946170557969   -0.0206450502015
-0.0934897374657   0.0101932036112   0.995568062761
-0.941766750238   0.323507919274   -0.0917497374026
-0.0453695218896   0.686788946405   -0.725439556118
-0.497863165744   0.614030881225   0.612452728868
0.8660680543   0.388956321453   0.314068631548
-0.079493569409   -0.0599062280454   -0.995033675945
-0.55668770615   0.830703388937   -0.0055387209308
0.826909650593   0.553482721907   -0.0993846381814
0.222844591208   -0.566960369357   0.79302977734
-0.905422635699   0.181135703005   0.383926695947
-0.361317227563   -0.803583098799   -0.472973640271
0.0546720637626   -0.794345662729   0.605000771526
-0.92401674667   -0.269881609433   -0.270844916443
0.378423066577   -0.544223194097   -0.748743679566
0.51324482334   -0.426114519136   0.744987360897
0.646666003977   0.762717160804   -0.00925267074255
-0.564271947394   0.486506885045   0.667014407781
-0.31333551798   0.733240095523   -0.603473127396
0.734751313628   -0.215408256693   -0.64322608006
-0.60163224672   -0.644948250068   -0.471254065702
-0.834675536189   -0.55030535153   0.0219264535478
-0.504374793887   0.779787035709   0.370861491978
-0.221185027928   0.29848986418   -0.928429310396
-0.326946037808   -0.775492458638   0.540109002847
-0.724959911005   0.572440949126   0.383072430749
-0.606250291379   -0.26631336121   -0.749358243995
0.245236239477   0.461944181947   -0.852330194005
0.862831692209   -0.504854655935   -0.0253623204849
-0.442018843226   -0.729197743514   -0.52238873752
-0.0866514838321   -0.963614905703   -0.252859316334
-0.513164375116   0.260724028116   -0.817731805224
0.853905055882   0.0589007187596   -0.517084964844
-0.498834615275   0.79953038131   0.33453728636
0.606050107727   0.0458537579844   0.794103708468
0.619570249066   0.59887277634   -0.507428915447
0.216527866066   -0.914587931211   -0.341532720687
-0.300533518796   0.270400483287   -0.914638279714
0.928867744782   0.300686705261   -0.216315089586
0.706800821311   -0.58349181334   0.399962376681
-0.559228484194   -0.114607802931   0.821053319811
-0.433239081179   -0.803991514428   -0.407310131554
-0.436652182264   0.646939949737   -0.625142842204
0.814133936354   -0.0115027131913   -0.580563193172
-0.382780361827   -0.762454188147   -0.521673083047
-0.422117499623   -0.772536587558   -0.474345904796
-0.564383794325   -0.185525424564   0.804394958676
-0.709427761802   0.607262330237   -0.357693602208
0.328293561365   -0.9402770005   -0.0900138872443
-0.933376325711   -0.337555851287   0.121920801606
-0.145024039969   0.0439910171755   -0.988449704456
-0.233712108048   -0.873523480275   0.427007470615
-0.844024861737   0.400291821213   0.356915242936
-0.482701443257   -0.276989507525   -0.830828580033
0.933695962444   0.356748729003   -0.0306951799128
0.321467288338   -0.797417221838   0.510670693152
0.157704255631   -0.486678660586   -0.859228286944
0.776555155847   -0.1933891884   -0.599635482386
0.4707230096   0.810684592129   0.348152754287
0.418786267874   -0.552622035296   0.720574040572
-0.909796395177   -0.118260088803   0.397850563302
-0.367867981222   0.673647927672   -0.640992681655
-0.192207356037   -0.729529314654   -0.656386556341
0.655755431495   0.745076834073   -0.121841394417
0.39889537397   -0.478950648556   -0.781977465707
-0.640989309342   0.464184001853   -0.611282191572
0.672229827114   0.732554851103   0.107100185176
0.533896232614   -0.579897401235   0.615364783557
0.512895576448   -0.356486176684   -0.780932604962
-0.918399042038   0.240953812288   0.31382233816
0.384348184757   0.355052474731   0.852182030474
0.0939131112168   0.903260206436   -0.418690013029
-0.330840235357   -0.88090284579   -0.338459620854
0.258413073504   0.260380030468   -0.930282173954
0.907616340813   -0.395237164261   0.141492621277
0.527403180619   -0.0185835244391   0.849411877532
0.788491806916   0.383053442981   -0.481197184371
-0.316427804562   0.923539231673   0.216676560939
0.957361470662   -0.260834700286   0.124194499147
-0.187114962646   -0.232317644123   0.954471845045
-0.220106804179   -0.937013218346   -0.271218036639
0.25434182388   -0.950417244565   0.178933780654
-0.944008188051   -0.284180609997   -0.167600482681
0.210139899873   -0.126287141608   -0.969480675592
0.390056193823   -0.70678514538   -0.590178722024
-0.188883995641   0.565900414892   -0.802545672604
0.90120974354   0.424513225583   0.087232559597
-0.0659501699476   0.159995579339   -0.984912173585
0.832316831004   0.55324776878   0.0341408723854
0.550362851136   -0.8175073828   -0.169653797945
0.836438248638   0.546064641037   -0.0467382501166
0.464964989009   -0.752179275842   -0.466940998402
-0.290135511805   0.368835660969   -0.883052455966
-0.256501777476   0.70623467603   -0.659878337668
-0.132738314458   0.650511700259   0.747806838496
0.957385699719   0.279404921573   -0.073113006877
0.223802313634   -0.25204931772   -0.94147950899
-0.623022762799   0.705852098078   -0.337068913834
0.749503276475   0.66199996758   0.000938870345509
0.452506129094   -0.885325023076   -0.106947681823
-0.783681291122   -0.337564607259   -0.521434338984
0.425537115982   0.319765131684   -0.846562710897
0.615912333196   -0.660055036949   0.430092252913
-0.77804509987   -0.595340154544   0.200539080869
0.123684357885   -0.458145663066   -0.880229930773
-0.5405004755   0.105551163557   0.834696464504
0.0486002181682   0.994359625193   -0.094270645378
-0.839938839903   -0.0103868983734   -0.542581659811
-0.440100907   -0.606688176439   -0.661997468445
-0.897657260998   0.278483115473   0.341553211337
-0.0228611774947   0.74456471241   -0.667158718445
0.440624650506   0.894669553139   -0.0735955708718
0.560793838601   -0.338351876571   -0.755664130555
-0.700970889519   0.291692300733   -0.650811350347
-0.475556655728   0.611810346344   -0.632086993458
0.87968508923   0.330658318261   -0.341788268304
-0.000104776555848   -0.718577189084   -0.695447203137
-0.0458567500097   0.0447579061495   0.997944832301
0.366920835634   0.929920291871   -0.0248465519481
-0.929121229365   0.365027369663   -0.0590657306789
0.193868790009   -0.741062538817   -0.642838397906
-0.872071706116   0.16995060474   -0.458920179704
0.44933932796   0.649571478369   -0.613311554463
-0.0784974361117   -0.406325550291   -0.910350317024
-0.0945722350442   0.91208494702   -0.398945036037
0.992418381975   0.0547777016757   -0.110023445304
0.283107683513   0.817746775996   0.501138952671
0.874552850291   -0.434604925625   0.215118271353
0.39370973011   0.377370863966   -0.838202767501
0.710414629343   -0.701599131213   -0.0554049952278
-0.149454408855   -0.227323331842   0.962282433838
-0.687731367679   -0.675338997749   -0.26635090394
0.994091167657   -0.108158407294   0.00919289496484
-0.0217983215841   -0.281877027327   -0.959202885026
0.106337122222   0.953334726314   -0.282569134975
0.385477493061   -0.282421927878   0.87843323992
-0.323395576472   0.850268954785   0.415280634808
-0.864188870249   -0.444162762039   0.236425542944
-0.452236994797   -0.803352293914   0.387436178487
-0.332525943133   0.554943693562   0.762537864056
-0.827591806195   0.216015251405   -0.51810154746
-0.757054641895   -0.277000310694   -0.591725525105
-0.164636435067   0.95733100675   -0.237512500225
0.632268229024   -0.0823903598119   -0.770356226156
-0.473744269335   -0.413415173571   0.77759517844
-0.632188866197   0.774359700846   0.0265384845546
-0.613109781955   -0.479014559244   -0.628204940528
-0.332696395186   0.299583393034   0.894182810866
-0.68544747862   0.574393348001   -0.447475179006
-0.647668790883   -0.761788732124   0.0142500850931
0.239505694132   0.674709735821   0.698143104863
-0.544866634722   0.688568059807   -0.478533569753
-0.803590301612   -0.265783369312   0.532542794292
-0.67825895917   0.467365179026   -0.567040187058
0.21934817781   0.865259000929   0.450791790301
0.701321011518   0.181374338716   -0.689385369774
-0.101180861956   -0.958787897589   -0.265496140483
-0.635049603134   -0.143180271894   0.759085905086
-0.765816188607   0.245408184822   -0.594390770528
-0.209504719455   -0.972240490294   0.104193097462
-0.526309667433   0.201929955324   0.825967570253
-0.824078822985   0.118206269611   -0.554004847751
0.955535109949   0.294436452414   -0.0161192166034
0.274253131849   -0.907458832825   -0.318282400391
-0.108341466322   0.299709262816   -0.947858894803
-0.274658510208   0.822154097556   -0.498623447747
0.739550350907   -0.150787220223   -0.655994277941
-0.614514427206   -0.548931556836   -0.566609358082
0.698026226962   -0.0511940616159   -0.71423984384
0.521398892737   0.720014227455   0.457954917995
0.49081827709   -0.692068407253   0.529281341591
-0.623233543736   0.672246930225   -0.399579797745
-0.296380865999   0.269795010143   0.916170854574
0.723697680135   0.689416214855   0.0310958270913
-0.831729346914   -0.409417446094   0.374971530008
-0.457712433817   0.123428371754   -0.880491206643
0.314206335729   -0.903959507876   -0.290054454728
-0.397377188418   -0.917651276185   0.00273960599904
-0.844393805982   0.364481819393   -0.392622087701
0.359291623259   -0.158332367658   -0.919695814282
-0.734311095096   -0.550338298035   0.397385169999
-0.118466159975   0.680325033142   0.723272851848
-0.668395829251   0.484030584773   -0.564766684963
0.941287473616   -0.206099621965   0.267396405808
0.145161953589   0.962159849341   0.230600155129
-0.304804690324   -0.178245252787   0.93558683756
0.744373475904   -0.191137464553   -0.639823880466
-0.401409206312   0.637638805877   -0.657485667013
0.533646678485   0.746246087349   0.397917076359
0.695091492084   -0.715634264975   -0.0686688897949
-0.695215312633   -0.693424084324   0.189311141667
-0.183094201746   -0.0838489002424   -0.979513080676
0.723646012843   -0.648373776301   -0.236533072319
-0.689441301508   -0.694860930832   -0.204545786022
-0.0317354670947   0.311094411728   -0.949849002273
0.467196351753   0.183407158157   -0.86492160526
-0.757476209167   0.587583846315   -0.284561093785
0.456023422046   0.788103443646   0.413443588242
-0.502322613891   0.778413160309   0.376490296596
0.425430964811   0.601553555904   -0.676122632041
-0.752781831445   -0.179461057715   -0.63333501641
0.821486876946   0.310347902609   0.478375888138
0.500470476862   0.00966626372769   -0.865699639099
-0.27329217478   0.950573901752   -0.147379254011
-0.973382542222   -0.212489306975   0.0858761953017
-0.212942247366   0.699949187155   -0.681708687555
0.0847468334798   -0.68185000537   -0.726566269787
0.258905182355   0.240255755445   0.935545444393
0.950172473522   -0.237439962309   -0.201976570076
0.173609841629   0.941222309699   -0.289758842169
0.437621899453   0.895251391075   -0.083737804471
0.748384589129   -0.414278319337   -0.517971023206
-0.498405035963   0.164007380643   -0.851289609487
0.589293635965   0.722199927799   0.362160565079
0.802133979056   -0.576545684097   -0.15548682836
0.0965095345312   0.382128693553   -0.919055804241
0.11847490154   0.987237040583   0.10642708023
0.978756652595   -0.0980459576668   -0.180062225874
-0.16732935399   0.125499067273   -0.977880806339
-0.154694022761   -0.920639550957   -0.358458612028
-0.597977809516   0.376069089334   -0.707809705623
0.786442813336   0.104856364911   -0.6086976623
0.238235599094   0.963806495484   0.119669706223
0.282542593679   0.0491089235587   -0.957996866584
-0.929200453122   0.262040746622   -0.260616893214
0.417758302281   0.173860841181   0.891768136221
0.240792239069   0.925235254123   -0.293187349883
-0.87606911741   0.337212295789   0.344660367738
0.99837109744   0.00241971449964   0.0570026032646
0.00477037220539   0.992061541023   -0.125662812205
-0.0568541585658   0.125730043363   0.9904340265
0.862169026911   0.474425483169   0.177721776815
0.49438111467   -0.711229645997   -0.499739636322
-0.110688222011   0.51872232608   -0.847747170997
0.977512435995   -0.062331433292   0.201455280147
-0.0540965827097   0.849228730493   0.525246725877
-0.203820993066   -0.524333248735   0.826759727524
