0.365719297257   -0.295256927604   -0.882650974233
-0.819943749178   0.346517386535   -0.455651126425
0.440388060462   0.89036455878   -0.1153659771
0.596324544043   0.530854713221   -0.60215472399
-0.223149128348   0.83017829073   0.510889882575
0.771104081619   -0.170285874494   0.613515457229
0.921858346529   -0.240842790542   -0.3035983188
0.140761826615   0.938019499054   -0.316710479086
0.361058578491   0.249227144667   0.898622575534
-0.132802782662   -0.989842220706   -0.0507523302452
-0.842528779461   0.139711560737   -0.520217200384
0.522023636147   -0.0263259929434   -0.852524642107
0.65948809203   0.20605321677   0.722922906215
0.269067151545   0.83327584111   -0.482964015825
-0.701910481779   0.513023824477   0.494093342485
0.358941644297   0.927778231539   0.101923741455
0.722675353026   -0.207148763314   -0.659416199366
-0.590678618302   0.310349710714   -0.744836778725
-0.839626443036   -0.486362402224   0.241824419484
-0.40558047117   0.857524250025   0.316475341892
-0.361292011482   0.167641803627   -0.917259128118
-0.971365423717   -0.147994527365   0.185867784934
-0.237365986529   0.570493582653   -0.7862534328
0.0103248266493   -0.807858089036   -0.589286607631
-0.711653333616   0.701653040907   0.0351075908946
0.620632088516   0.60448948554   0.499407922019
0.32918891758   0.377194209999   -0.865655349712
-0.40013126811   0.815409815158   0.418332166616
0.913810040252   0.320311119483   0.249703818694
0.0696145000413   0.48219043964   -0.873296170439
0.212258732238   0.151923401723   0.965331813729
0.323526031767   0.921208167916   -0.216116677133
-0.922104732315   0.358182622938   0.146383302557
0.241385979156   -0.0216627390141   -0.970187370978
0.393848780711   0.915898808556   0.0775403792802
0.886913720155   -0.400824273498   0.229616974059
-0.311620140073   0.809108938628   0.498232489641
0.878886704178   0.0461252203744   0.474795350929
0.361180079073   0.585845704497   -0.725488636026
-0.613175502884   -0.785651925089   -0.0822608975593
-0.151702099139   0.219311057746   -0.96378894633
0.775243365518   -0.578492621003   -0.25366121435
0.117949980814   0.923360168412   -0.365368035569
0.0549293367756   0.36130629105   0.930827874534
0.991499152792   -0.129860553815   -0.00810349155863
0.79300318781   0.403893541484   -0.456087657442
-0.0950143156928   0.82147878954   0.562267621466
0.601762597655   -0.402545159557   0.68981096728
-0.195772769052   0.48913612997   0.849952274693
0.865185517299   -0.32187294082   0.384515059034
0.461656846103   0.810643976309   -0.360179538731
0.290944145457   0.611512015029   0.735801984028
0.7170770273   -0.648506129174   0.255421881097
0.633365645692   0.453313198461   -0.627180279471
0.506739876262   0.800794200071   -0.319285682326
0.736772203975   -0.594583221054   -0.321927806644
-0.447639829836   -0.0721071589605   -0.891301935581
0.442015402467   0.884562079707   0.148903697489
-0.153914994275   0.238330443413   -0.958910201364
-0.883703886219   0.40093456684   0.241493094299
0.855809873026   -0.117652847473   0.503733330953
-0.500221151292   0.059867299528   0.863825622593
-0.131788698425   -0.991248563141   -0.00761741680823
-0.312066725564   -0.259125001315   -0.914039710565
-0.767539162601   0.63575932137   0.0818151524111
0.559908914618   0.727093060746   -0.397287916185
-0.349078926184   -0.500221927637   -0.792415248721
-0.829662367225   0.55811004214   0.0131733546907
0.435665306979   0.662035651589   -0.609839762824
-0.746826090443   -0.504632098673   0.433124965366
-0.639299877488   0.36541405718   -0.676585717747
0.183156919819   -0.78218860373   -0.595511990574
0.566315369174   -0.493124003147   0.660390505805
-0.797712230321   -0.126489716717   0.589623226443
-0.20722475777   -0.860714278426   -0.465004118994
0.853530772954   -0.0179301624558   -0.520733836903
-0.189216924103   0.920512196357   -0.341839512038
0.48547108591   0.390302197831   0.782292796282
-0.0309714096243   -0.213374446672   0.976479450523
0.97466258352   0.210075704891   0.0768182693141
-0.221525664589   0.954117154087   0.201461748742
0.837176027961   -0.273400406788   0.47369664953
0.427021823418   0.867903218745   -0.25376438918
-0.341743559606   0.414724270401   0.843335709553
-0.911255367439   -0.411723457097   -0.00987168630176
-0.193178166831   0.406140721563   0.893158390291
-0.363724966388   0.815802371389   -0.449633895143
-0.84605762313   -0.528001833766   0.0734885153213
-0.289690926042   0.571095419159   0.76806847975
-0.447510520226   0.628541236321   -0.636136973089
0.357685236562   0.931219420684   -0.069940418118
0.611898745129   -0.177137539106   0.770845132273
0.705436883963   -0.31851637757   -0.633171477536
-0.427378919897   -0.867949623502   -0.253003379208
-0.391435496977   -0.0746095456616   0.91717591955
-0.814938961232   0.49101615733   -0.307859745188
0.998595688948   0.0445692859589   0.0286396362366
0.0482520397825   -0.541973048753   -0.839009508338
-0.021872143733   0.83921319888   -0.54336250897
0.189455231248   -0.751443417282   0.632012267267
-0.609652915095   0.414542666416   0.675631335002
-0.769694769677   -0.513310011927   -0.379582393147
-0.471572704503   0.867391917899   -0.158903886457
0.881826792943   0.464022925227   -0.0840489863847
0.000831634726064   -0.179760912401   -0.983709978986
-0.744541018197   -0.195533727956   -0.638298702376
-0.4243717528   0.876718368215   0.226436565642
0.515332210955   0.439467250278   -0.735731777406
0.580349679624   0.813805926736   -0.0302351280761
0.42981123626   -0.274553958908   0.860164184812
0.691705537454   -0.512191406856   -0.509120233538
-0.0652382344786   0.524276228036   -0.849045587397
0.26800603014   0.828801583226   0.491182963316
0.961205878348   -0.195505427953   -0.194578742595
-0.89963010858   -0.320303660755   0.296767977793
-0.259432904211   0.938762064937   0.226760564578
-0.35122675859   0.127009252977   -0.927635927349
-0.288587977818   -0.563365487264   -0.774168138597
-0.915519638939   -0.0743042318   0.395351327118
-0.280251261865   0.822859774747   -0.494328859492
-0.426085286077   0.573973799358   0.699289215303
0.874773591763   0.45850279401   0.156672751427
-0.230700004645   0.678475692664   -0.697458416195
0.655479106584   -0.743551118473   -0.132207696634
-0.178445360984   -0.32259105136   0.929565633361
-0.733828586235   -0.585719000716   -0.344134941883
0.00392454136911   0.873436069545   -0.486923023067
-0.102617062506   0.484707974996   0.868635664394
0.994713193065   0.0465576136941   0.0915317002432
-0.139438783094   0.52415205601   -0.840131803915
0.854277153258   0.492726937589   0.165622191738
0.500766783235   -0.69461124894   -0.516476370858
0.351497870836   0.899207442584   -0.260528735457
0.664759865472   -0.0437789054605   0.745773242141
0.659199186934   -0.435326753873   -0.613145210621
-0.327550276884   -0.944781653059   -0.00992190284935
-0.105594500351   0.0261695310492   0.99406486566
-0.938914595482   0.326653920362   -0.108335583737
-0.048536839673   0.712751578648   -0.699735208725
-0.535501444825   0.572797524955   0.620597452457
0.843138409625   0.404831054318   0.353877718533
-0.0753278517117   -0.00594409311454   -0.997141104615
-0.609588035557   0.791640152445   0.0413315369084
0.789131257563   0.610958703018   -0.0632560000573
0.203755191289   -0.611562218287   0.764509957546
-0.885194454854   0.21850785044   0.410712912376
-0.418227927235   -0.760424863126   -0.496829375561
0.0367398150119   -0.782179176162   0.62196939022
-0.918249562968   -0.271993918452   -0.287814260304
0.394294212616   -0.560548878068   -0.728228692922
0.510486435952   -0.435324196461   0.741550027094
0.648183899633   0.761483401586   0.000813244051512
-0.565032061891   0.480245638278   0.670897082979
-0.291596428202   -0.713593675095   0.636989473951
-0.71375819146   -0.281012441377   -0.641545985814
0.636805124966   -0.641728972898   -0.427391106787
-0.84705503531   0.489511001415   0.207067010048
0.529788404496   0.80889698275   0.254970425263
-0.042685051453   0.325675683451   -0.944517514709
-0.336896579867   -0.775892302185   0.533377755333
-0.714966683576   0.579419360201   0.391274643186
-0.612636381429   -0.249528235746   -0.749941546866
0.194323391853   0.419008468576   -0.88694437404
0.855043498664   -0.515502052028   -0.05619830734
-0.480769211547   -0.747455375   -0.458444574198
-0.0929641280433   -0.959399764318   -0.266288871572
-0.523150050299   0.274620958445   -0.806782098249
0.847155060051   0.0643072422725   -0.527439932904
-0.502855105329   0.785811780729   0.360050813513
0.578095061637   -0.00393095696082   0.815959954464
0.642606289072   0.618453226076   -0.452297208039
0.220829080321   -0.920587010194   -0.322108792099
-0.285469187234   0.254789737402   -0.923899092355
0.932599517706   0.295975921956   -0.206534242192
0.678256786794   -0.59896389943   0.425687653506
-0.582409267223   -0.0849429608193   0.808445507663
-0.448070504074   -0.796258086669   -0.406455265426
-0.411310561007   0.645093366698   -0.643955099868
0.814822221448   -0.0564121620707   -0.576959630655
-0.408519730048   -0.76201851435   -0.502433492066
-0.423669883242   -0.757009317117   -0.497434140195
-0.543306717858   -0.227037603067   0.808252273194
-0.724790756263   0.612691456274   -0.315099252688
0.353149366395   -0.933224167822   -0.0661677988771
-0.927697896761   -0.358455807232   0.104336219055
-0.121087312961   0.0245374582002   -0.992338538899
-0.280402528711   -0.818406017457   0.501583504995
-0.860611731411   0.445775351797   0.246235219836
-0.425113949019   -0.362623670382   -0.829326355561
0.929720307402   0.364636457155   0.0515791054314
0.338904670213   -0.792357780448   -0.507260063746
-0.144096407003   0.489090382115   -0.860248117471
0.770513269668   -0.190458557889   -0.608304889831
0.469604178325   0.814917314339   0.339678798999
0.431023452917   -0.547389540014   0.717344738964
-0.905896118257   -0.136277556949   0.400974625629
-0.376735696328   0.69180814485   -0.616012748107
-0.193448799527   -0.709105012104   -0.67804693331
0.649196407799   0.751678196619   -0.116292359288
0.406023260279   -0.471756121137   -0.782682102952
-0.643186704009   0.460897006821   -0.611461211271
0.666163511287   0.741674079039   0.0783947492605
0.555996085229   -0.563931340505   0.610614277926
0.497086038268   -0.363181777734   -0.788038366377
-0.880936489504   0.300008947196   0.365985700627
0.447788646017   0.278262627022   0.849738335549
0.153088960931   0.91244974766   -0.379472302067
-0.302600814701   0.226230760187   -0.925879252434
-0.902230212199   0.245178512338   0.354779003443
0.307267621363   0.942712649874   0.129921009189
0.520861278424   0.00731228024053   0.853610015871
0.779702629715   0.403008145692   -0.479216280735
-0.347515953381   0.915167178751   0.204209933848
0.953813167078   -0.269611346135   0.132477033268
-0.196473586578   -0.226291879458   0.954038843585
-0.22724122004   -0.936003048781   -0.268811682387
0.226009100604   0.958409146319   -0.174275054718
0.952736259874   -0.254764603695   -0.165495062846
-0.203011097151   -0.128634773513   -0.970690264439
0.390785739769   -0.660166914241   -0.641456273595
-0.258360058641   0.590191102536   -0.764803597394
0.883479816234   0.464601020047   0.0600775039336
-0.0702385219131   0.172649394245   -0.982475819909
0.819042663909   0.572193508512   0.0419964702464
0.569416951571   -0.801739842769   -0.181597246071
0.849924733842   0.523028801897   -0.06378729646
0.437998773902   -0.768613355374   -0.466251631633
-0.292890800238   0.368340036279   -0.88234947544
-0.25967828692   0.686152612191   -0.679530558611
-0.116291687895   0.67632998546   0.727360979221
0.958667528724   0.267903608693   -0.0958343665919
0.209281355993   -0.272449501464   -0.939133953803
-0.593146932757   0.728171765436   -0.343427716097
0.777417539161   0.628917442256   -0.00920981165828
0.45840666222   -0.882191234153   -0.107712387479
-0.782876950069   -0.343458680606   -0.518786869308
0.420674474008   0.322140902557   -0.848090930159
0.620874703606   -0.652755876315   0.434078758245
-0.772920103986   -0.60214525092   0.200039020318
0.130801816798   -0.45970736641   -0.878384893991
-0.540243198877   0.111918571752   0.834033284326
0.0561898936172   0.993702099138   -0.0969475839028
-0.839630860511   -0.00551103133162   -0.54312949341
-0.442300385679   -0.607157346236   -0.660098724237
-0.896762947173   0.288182341037   0.335808211472
-0.0136596268556   0.74048017882   -0.671939371795
0.438703488965   0.894979830437   -0.0809342441788
0.555334892959   -0.340815163819   -0.758583008492
-0.706500110001   0.287847402668   -0.646530329796
-0.475063912881   -0.640307397766   0.603589856645
-0.879361214089   0.370570347142   -0.299000790928
-0.0322200843393   -0.672817994843   -0.739106089801
-0.0509063378543   0.0336095270738   0.998137738219
0.368161105655   0.929677610249   -0.0125276208919
-0.92836735458   0.366837757997   -0.0597002031709
0.168528660133   -0.742791005481   -0.647965749782
-0.869735186704   0.197288852667   -0.452369112144
0.463852127   0.63979577272   -0.612782647835
-0.0766749610578   -0.403315665791   -0.91184287247
-0.107752038111   0.912530798867   -0.3945592977
0.991216650702   0.0680001091591   -0.113426348458
0.282397802254   0.822479194399   0.493740271867
0.878365684608   -0.42860592704   0.211590839617
0.385649070251   0.373931723832   -0.843474872493
0.70833048191   -0.131154541846   0.693589514447
-0.701994720265   -0.233849345363   0.672694504506
0.0739685143632   -0.963386199728   -0.25771241541
0.996343617204   -0.0659174672961   0.0543533252196
-0.0709123007406   -0.2831946219   0.956437270149
-0.0476533530913   -0.956794488713   -0.286833513222
0.387754921304   -0.294904136266   0.873314188261
-0.310100291583   0.850479644105   0.424879022926
-0.868034521298   -0.435563916522   0.238327808825
-0.45741824865   -0.790560547001   0.407164054563
-0.344945903259   0.579763852153   0.738164073605
-0.819622394537   0.197200145189   -0.537895187848
-0.75500892318   0.167667604569   -0.633915688635
0.286231160432   0.954058738781   -0.0885643593861
0.589943428404   -0.248313304786   -0.76831455404
-0.503421774804   -0.378721220315   0.776618795766
-0.598329560871   0.801244934245   0.00287957210149
-0.623352431007   -0.463224343736   -0.629964248294
-0.336531623898   0.29093422052   0.895602448326
-0.670571088158   0.593683638693   -0.444830476558
-0.661120928305   -0.750264630966   -0.00470124217434
0.675279434027   0.273448248239   0.684999081397
0.476526248911   0.547120821046   -0.688172610089
-0.562956854544   0.79112885342   0.239154170376
-0.68760428385   0.435840165834   -0.58072687098
0.204453331766   0.883663261923   0.421115274786
0.696705952294   0.170829123319   -0.696719618401
-0.01931055825   -0.964531617466   -0.263260063906
-0.655204398744   -0.186681274494   0.732022743923
-0.755204805471   0.186624919722   -0.628360438866
-0.20514374753   0.535740433306   0.819083775307
0.971860786512   0.210494842411   0.105728581558
-0.115769834108   0.817724959531   -0.563846819687
0.982809588874   -0.177209124764   -0.0517903284137
-0.184491361437   -0.932125589406   -0.311616468002
0.00694619115833   0.315814521001   -0.94879551999
-0.260651994751   0.814762432787   0.517902226054
0.728617927725   -0.185927051334   0.65920182568
0.633384916958   0.549175117519   -0.545188258557
0.705159008498   -0.0352046740707   -0.708174698544
0.510741301523   0.718007349913   0.472872888195
0.491827302671   -0.695144644225   0.524289832013
-0.619364020845   0.684809908915   -0.383957808013
-0.293419246937   0.251708367662   0.922251615979
0.728212438241   0.683870079986   0.0450373010939
-0.848641684609   -0.392209472808   0.35493523435
-0.440950348117   0.153901325985   -0.884238187569
0.292181590178   -0.90691020024   -0.303551984117
-0.38674670347   -0.922138008531   -0.00940641147218
-0.855726300437   0.362658227104   -0.369068434107
0.343743343347   -0.134686686556   -0.929354620352
-0.734509349303   -0.554798825331   0.390761153645
-0.107573038849   0.663748481569   0.740179704212
-0.670017952819   0.501633548146   -0.547210860888
0.94341376986   -0.200184127384   0.264379980296
0.139556244279   0.96287397924   0.231079542117
-0.300823060154   -0.181107744853   0.936325515638
0.714925463055   -0.189364156963   -0.673069683119
-0.409385344011   0.667004957718   -0.622501426898
0.566820273443   0.720586984644   0.399335917714
0.69010427515   -0.714502901225   -0.115072557808
-0.686259288553   -0.696554184886   0.209428881465
-0.229791815114   -0.0655581547853   -0.971029273528
0.649967399405   -0.726161402765   -0.224124958102
-0.759940183719   -0.618801742311   -0.19893546914
0.00577034476153   0.299623131362   -0.954040189025
0.472017840274   0.181769471689   -0.862646519511
-0.75978155284   0.58017163914   -0.29348400485
0.447136612712   0.79395259827   0.411956455553
-0.509238722115   0.746593503284   0.428105202903
0.462149532531   0.656854392117   -0.595785294496
-0.726012213038   -0.105548322628   -0.679533529791
0.819998961664   0.309240698259   0.481634605703
0.503785652753   0.00944637607099   -0.863777044184
-0.271664717898   0.950936883562   -0.148045008461
-0.966974336224   -0.238109317426   -0.0909097686613
-0.240435659799   0.733850930133   0.63533731658
-0.0845655164961   0.636212830189   -0.766864986893
0.25217468567   0.173896659452   0.951928505581
0.936622780446   -0.291092198467   -0.194943835862
0.243198879636   0.940757824216   -0.236281656336
0.426744896099   0.866515526198   -0.258920135391
0.636147060548   -0.491108089128   -0.595088028908
-0.642810789432   0.0892394960201   -0.760809175378
0.601920691567   0.72362544045   0.337724300278
0.79489380626   -0.583395792915   -0.16671288366
0.0763892520803   0.36880288874   -0.926363379794
0.16106451352   0.979756188745   0.118895050783
0.976056818551   -0.140283648979   -0.166233524863
-0.146189293192   0.142822646821   -0.97889242622
-0.123146904173   -0.940751524962   -0.315945261516
-0.583982434292   0.326105521917   -0.743383955311
0.802371083995   0.0929610502151   -0.589541251069
0.166480748946   0.969970242482   0.177318608529
0.291457222942   0.123386419535   -0.948592894064
-0.941985587695   0.209603244666   -0.262163369676
0.417912028821   0.161906307798   0.893944004769
0.249039051803   0.925882491973   -0.284114698202
-0.873687064597   0.341361917256   0.346616437296
0.998168149921   0.00377149296816   0.0603831129036
0.0041243778848   0.991491467503   -0.130106338722
-0.0603600363668   0.130117046191   0.989659648718
0.866825100439   -0.487296250931   0.105624850659
-0.465183493782   -0.714096783273   0.523134878623
-0.179495298995   -0.502601380766   -0.845679188399
0.973287507481   -0.0765653619038   -0.216446698147
-0.0492372002108   0.851211214564   -0.522508532291
0.224247911691   0.519208256442   0.824703377309
