0.366237514692   -0.296487542892   -0.882023366891
-0.819769795494   0.34569129177   -0.456590640718
0.440281234246   0.890276736585   -0.116446412854
0.595527210891   0.53754430698   -0.596986984047
-0.232875785334   0.826743449225   0.5121173086
0.768840822078   -0.165955979696   0.617529273079
0.921823373856   -0.242064409913   -0.302731711035
0.142192606915   0.937756129986   -0.316851231988
0.360586924265   0.249034660494   0.898865289085
-0.130281014411   -0.990027679005   -0.0535915300052
-0.843909638201   0.139100397525   -0.51813859339
0.520426152145   -0.022277212855   -0.853616041292
0.658223268252   0.205228869902   0.72430880161
0.27029256965   0.833546173121   -0.481811896976
-0.702626540862   0.512915088717   0.493187647699
0.362170106478   0.927315948119   0.0944348788205
0.717345521913   -0.212596992511   -0.663489201847
-0.595187547052   0.308038392314   -0.742202218196
-0.84120409308   -0.478720205544   0.251401349618
-0.408783324619   0.867370454574   0.28383919399
-0.353937660187   0.135998012251   -0.925328413789
-0.971147812982   -0.148800658085   0.18636064363
-0.238264392959   0.572317273162   -0.784654712526
0.010099722206   -0.806418813641   -0.591258566633
-0.708728102572   0.704302434629   0.0407744675011
0.621224447257   0.595648865255   0.509198012025
0.334342134279   0.386213036932   -0.859682980726
-0.396353034619   0.815632714689   0.421482557976
0.915134867196   0.314125825424   0.252691789823
0.0737051340864   0.485868542438   -0.870918660196
0.21147902977   0.149365851073   0.965901890722
0.32384515703   0.921720456381   -0.213437847056
-0.922171857213   0.357940278288   0.146553140339
0.241037869077   -0.0270601372302   -0.970138389429
0.395606538713   0.915533880627   0.0727542435233
0.886225824606   -0.40132961814   0.231383502881
-0.310362290143   0.810305573431   0.497071550708
0.879714841415   0.0466650367736   0.473206268066
0.360245814204   0.58414660147   -0.727320906712
-0.612611507184   -0.786706640956   0.07615643335
-0.144675158951   0.206338943429   0.967725859325
-0.777030398149   0.581822053123   -0.240222519453
0.109604435547   0.920422078489   -0.375246672387
0.0539021842365   0.371461721095   0.926882271001
0.99251268115   -0.121817023401   -0.00889890818212
0.792194508866   0.403013666478   -0.458266128745
-0.0927091727778   0.82168488708   0.562351274229
0.603185601126   -0.40300611779   0.6882973192
-0.195525181983   0.488020643043   0.850650195541
0.864829568661   -0.323198104872   0.384204115252
0.462428070493   0.810789021245   -0.358861313949
0.289558625783   0.611702765244   0.736189873081
0.717737758643   -0.647621596489   0.255810041982
0.633252170981   0.454319265223   -0.626566591189
0.512456594832   0.796106635725   -0.321873364799
0.731722311534   -0.601005535962   -0.321519524364
-0.449411500984   -0.0707571218845   -0.890518238154
0.442410032339   0.884515838549   0.14800369807
-0.15485604193   0.237899131595   -0.95886579325
-0.883341932415   0.401292579726   0.242221584284
0.85499514584   -0.115940651421   0.505510698144
-0.502104423882   0.0590881896014   0.862786029887
-0.12990168632   -0.99149702531   -0.00769419870061
-0.306164718869   -0.260721033829   -0.915580530286
-0.773945742142   0.62818853099   0.0799196956504
0.55432044265   0.733078244154   -0.394113099006
-0.338080034543   -0.508228065264   -0.792089719616
-0.836041314652   0.548645386848   0.00481245112598
0.432130547912   0.663846724152   -0.610385711164
-0.749693343698   -0.500012449736   0.43352905384
-0.635840607864   0.362596559511   -0.681344594476
0.183484636428   -0.786454884364   -0.589764447093
0.573142848913   -0.489908460821   0.656884293278
-0.793635120981   -0.132214211099   0.593854104246
-0.204084711544   -0.861689678712   -0.464586190189
0.854164407831   -0.0204174125292   -0.519602053172
-0.187254954726   0.920115804477   -0.343980360316
0.485117250081   0.391113839717   0.782106909608
-0.0266342566898   -0.198045916731   0.97983081766
0.972886843657   0.220133555724   0.0709394606885
-0.229742912424   0.955153931317   0.186813173199
0.837502439512   -0.274780767564   0.472318953239
0.428207098803   0.866986480695   -0.254898259756
-0.339453007567   0.415728243049   0.843766367891
-0.910976057822   -0.412366198629   -0.00876015429719
-0.1968474431   0.416004098567   0.887801596147
-0.362455109248   0.810490412161   -0.460143005571
-0.841588614912   -0.535757475684   0.0685020474048
-0.297002217969   0.564969917   0.769804309813
-0.451130009833   0.627513282834   -0.634593408486
0.348436001106   0.934568101077   -0.0719362049517
0.613057531807   -0.169165948108   0.771714548713
0.70905064405   -0.312994163604   -0.631887519833
-0.428340651462   -0.868290337903   -0.250192276879
-0.392295254481   -0.07073580445   0.91711552123
-0.814020097797   0.490987102757   -0.310327158512
0.998515883597   0.0467278316489   0.027973915587
0.0488755863155   -0.542268072365   -0.838782757784
-0.0240251382139   0.838905148061   -0.543747133593
0.189024356793   -0.750755806866   0.632957748192
-0.611111273718   0.414609435647   0.674271478714
-0.768643482815   -0.514261348275   -0.380424055492
-0.468084893943   0.869629572671   -0.156974324009
0.883668805784   0.461657380034   -0.0774719636052
0.00509644455058   -0.174976769303   -0.984559371728
-0.745635548493   -0.193422831585   -0.637663890341
-0.422907077381   0.876882892631   0.228530077916
0.514953621915   0.44007272221   -0.735634941016
0.575386539893   0.817221009159   -0.0328656644396
0.432360558596   -0.269813511481   0.860386550565
0.69425836479   -0.509264657336   -0.508581194804
-0.0647699359066   0.488904968349   0.869929185237
0.308758231356   0.838800356425   -0.448422029601
-0.94893266883   0.239553530523   -0.205282478653
-0.900150896435   -0.319744380058   0.295790289003
-0.255176028577   0.937446468361   0.236810712168
-0.353006456154   0.137686783604   -0.925434379918
-0.285958541369   -0.567190959679   -0.772348449779
-0.916844127935   -0.0723999410424   0.392625895235
-0.278611840541   0.820397869204   -0.499322319264
-0.421427798939   0.572049033359   0.703675005748
0.879208951842   0.447886817069   0.162446970107
-0.222239126353   0.687137033297   -0.691702586513
0.655887364358   -0.743154717494   -0.132411597461
-0.178556120221   -0.323174075526   0.929341825616
-0.733436757469   -0.585900659476   -0.344660615705
0.00302648212064   0.872820878418   -0.488031304942
-0.102041743367   0.485755592588   0.86811807197
0.994775513881   0.0471722213507   0.0905342946971
-0.137223965591   0.536182315296   -0.832873404565
0.848601301742   0.497339407057   0.180358933435
0.510926035694   -0.682027887224   -0.523251896412
0.350452709513   0.900713419462   -0.256706514128
0.661753946568   -0.0441756080828   0.748418485776
0.662770407152   -0.432161835023   -0.611532121603
-0.328655089237   -0.944420849615   -0.00742233996583
-0.10836382993   0.0299008970347   0.993661520197
-0.938212722511   0.327376228778   -0.112168142313
-0.0492794212165   0.718758897006   -0.693510768928
-0.544384259245   0.5628217267   0.621994760622
0.837387196541   0.408187888025   0.363545500782
-0.0745365035376   0.00856595751017   -0.997181495021
-0.622568087098   0.780752371788   0.0532420029193
0.779007886076   0.624781848583   -0.0528616601405
0.199418403129   -0.620134499059   0.758726237566
-0.880820079245   0.225854532431   0.416107820377
-0.429404574373   -0.751280861767   -0.501187368407
0.0322868634191   -0.779122840023   0.626039262831
-0.916762790896   -0.272587624947   -0.291962278308
0.398125035234   -0.564502955599   -0.723071828686
0.509778714916   -0.437814998819   0.74056984048
0.648630408056   0.761095679768   0.00345832104531
-0.565158610979   0.478593139366   0.671970498897
-0.286410731177   0.708871013266   0.644570228616
0.708689251131   -0.295996565739   0.640426091287
0.644770066301   0.640224897689   -0.417592674721
-0.850249007347   0.48504687178   0.204465541551
0.524296977068   0.81491026904   0.247050467011
-0.046790013279   0.31725507969   -0.947185255939
-0.339187838724   0.712494193101   -0.6142504659
0.776087156739   0.580953994262   0.245318531089
0.531639290504   -0.393502835247   -0.750010122229
0.183192429057   0.409049020336   -0.893934803495
0.852834201848   -0.518433252117   -0.0624562827743
-0.488993208639   -0.750936656491   -0.443824041534
-0.0945355389421   -0.958412760193   -0.26927311967
-0.525270066956   0.277789867566   -0.804315949262
0.845668013252   0.0654046678551   -0.529686549561
-0.503838597505   0.782410687625   0.366033036153
0.571309925199   -0.0159901890625   0.820578627081
0.647882425316   0.622557491116   -0.438942516991
0.221875144359   -0.921903305225   -0.317593633645
-0.282006817483   0.251121864507   -0.925964342758
0.933404293545   0.295012042098   -0.204265317194
0.671202443102   -0.602500665297   0.43183356596
-0.587784951853   -0.0776333474287   0.805283747348
-0.451659308273   -0.794333690387   -0.406248517003
-0.405273491022   0.644833095861   -0.648030613441
0.815001411281   -0.0662864089031   -0.575655115155
-0.414157092278   -0.761443622652   -0.498675758824
-0.423848413618   -0.753332024791   -0.502835343524
-0.538386291402   -0.236890595255   0.808716914074
-0.728349314205   0.613493036883   -0.305177932022
0.358814671634   -0.931371558287   -0.0616364489182
-0.926107150754   -0.363474159805   0.101054838959
-0.116522859317   0.0208219972322   -0.992969721436
-0.29207887224   -0.806799545126   0.513580009712
-0.860779870013   0.455802533713   0.226499593026
-0.416830838316   -0.375923588308   -0.827607097591
0.928693424255   0.366605709553   0.0559354759462
0.342818361716   -0.791153238819   -0.506509746774
-0.141435832152   0.489567979375   -0.860417979214
0.769098554967   -0.18957112625   -0.610368905531
0.469159775838   0.815979859861   0.337736543829
0.43402363701   -0.546113226715   0.716508078198
-0.9050284873   -0.140068167841   0.401627122508
-0.378691705215   0.695302349725   -0.610857786124
-0.193690551079   -0.704936558014   -0.682311087113
0.647685337475   0.75320557944   -0.114826210949
0.407805884507   -0.470012875866   -0.782804098789
-0.643582212449   0.46018393238   -0.611582115662
0.664737319348   0.743651073192   0.0714659191944
0.56118747855   -0.560191352564   0.609306378131
0.493145931935   -0.364922909466   -0.789707768711
-0.871324512779   0.312796503823   0.378089857873
0.461464877458   0.260310973185   0.848108698288
0.166864496832   0.913453088251   -0.371159932188
-0.296331034718   0.203886652105   -0.933069210164
-0.901328269768   0.263436720833   0.343814549188
0.315903890415   0.942884577883   0.105704327304
0.519416129646   0.013296678275   0.854417978867
0.777484924924   0.407537003309   -0.478989334381
-0.354575909757   0.913091884358   0.201343326036
0.952987731385   -0.271730728853   0.134077570184
-0.19834540376   -0.224904527568   0.953979587982
-0.229070916174   -0.935724513132   -0.268227796634
0.219627588373   0.960041687369   -0.173446478598
0.954530557999   -0.248200204492   -0.16513047065
-0.201581587135   -0.129292756964   -0.970900739893
0.390876088828   -0.648870061515   -0.652827332801
-0.274146248751   0.594993826167   -0.755530397217
0.878669287888   0.474288931025   0.0546835663579
-0.0710735621613   0.176313884844   -0.981764718643
0.815641025581   0.576840788606   0.0445468516155
0.574176162994   -0.797601478566   -0.184806967505
0.853539349075   0.516601360038   -0.067776208127
0.43078036883   -0.772873115998   -0.465934995894
-0.293085061734   0.368497193172   -0.882219340761
-0.260353406014   0.681580919828   -0.683859308413
-0.112497577976   0.682046965325   0.722603786345
0.958937119381   0.265064872847   -0.100897047808
0.206080680687   -0.276818003618   -0.938564087274
-0.58639502689   0.732919334713   -0.344920456398
0.783371958578   0.621450755633   -0.0112841852886
0.459401687428   -0.881640802446   -0.107979558487
-0.782855253317   -0.344465986584   -0.518151364411
0.419628099562   0.322571975766   -0.848445389231
0.621549167113   -0.651375598527   0.435185549512
-0.77209953792   -0.603293915281   0.199746727955
0.132434649563   -0.460158974082   -0.877903629202
-0.540041160727   0.1147022975   0.833785900378
0.0589819095052   0.993391888683   -0.0984565378733
-0.839569341431   -0.00399229847147   -0.543237869153
-0.442834754072   -0.607283482259   -0.659624251193
-0.896529930942   0.290506390655   0.33442505874
-0.0114657538235   0.739467923012   -0.673094144474
0.438352320746   0.895002291676   -0.0825720339586
0.554094110684   -0.341427443529   -0.759214737285
-0.707691288205   0.28705086431   -0.645581011104
-0.474698130816   -0.64729813064   0.596378080306
-0.879228451999   0.379724524605   -0.287691874424
-0.0402369705142   -0.660919371393   -0.749377455439
-0.0520268434766   0.0316246021567   0.998144825211
0.368078077034   0.929738146519   -0.010271714318
-0.928338158628   0.366860822992   -0.060011663772
0.162619438685   -0.743107656634   -0.649111645878
-0.869034278535   0.203674423495   -0.450883745488
0.467262603782   0.637422732467   -0.612664605833
-0.0762486104009   -0.402761143692   -0.912123681604
-0.11069644954   0.912551121899   -0.393696261069
0.990925045334   0.0709500602689   -0.114164983584
0.282101940141   0.823636192803   0.491977557693
0.879304795728   -0.42707516825   0.210783957817
0.383720694748   0.37313566242   -0.844705987816
0.707941257526   -0.150207227091   0.690113733252
-0.704157078819   -0.22566092918   0.673230980712
0.0546075474811   -0.96255645755   -0.265524164224
0.996031140381   -0.0555789720598   0.0695193876267
-0.0825043739367   -0.283508978602   0.955413882741
-0.0333915509153   -0.957357632715   -0.286969279559
0.388319150121   -0.297572744275   0.872157496966
-0.307296092   0.850443084332   0.426984393336
-0.868779229431   -0.433816807162   0.238800394332
-0.458647676108   -0.787499527612   0.411687749649
-0.34772172972   0.585396331245   0.732393838072
-0.817760299771   0.192757955415   -0.542321364823
-0.754526383296   0.168302965333   -0.634321723395
0.288400252648   0.953258872305   -0.0901266699926
0.589504224907   -0.250941495635   -0.767797586989
-0.509692346958   -0.370967863562   0.776270929287
-0.590705224064   0.806884289911   -0.00225409812172
-0.625524619592   -0.459696189781   -0.630395402415
-0.337458897742   0.289559714063   0.895698980867
-0.667249334379   0.597600630048   -0.444580490729
-0.664002875073   -0.747682191147   -0.00845712343405
0.672710923005   0.275002039645   0.686901661274
0.475939196586   0.549984344   -0.686293743602
-0.566517338855   0.788600722512   0.239096225883
-0.689570910002   0.428468416622   -0.583872225779
0.201427216433   0.887868940227   0.413661481723
0.695642894421   0.167641167193   -0.698553793565
6.64348704225e-05   -0.964631237291   -0.263603056941
-0.658168598067   -0.198501162906   0.726230944564
-0.752870567963   0.173447007375   -0.634903176499
-0.204088426976   0.538107600387   0.817794671284
0.971735883468   0.212602347781   0.102613909871
-0.11864774231   0.815622738847   -0.566288143193
0.987299336015   -0.154085844376   -0.0386984969733
-0.158410741566   -0.93625736086   -0.313573262878
0.0120854483388   0.315720931835   -0.948775123588
-0.258002689401   0.812801880991   -0.522290833272
0.725809695452   -0.193744778914   -0.660047912375
-0.637679306744   -0.549377887161   -0.539952811688
0.706724794742   -0.0314942042414   -0.706787223708
0.508201360039   0.717624262935   0.476179372612
0.492210770049   -0.695717997716   0.523168257353
-0.618484746776   0.687555107132   -0.380453141217
-0.292824680402   0.247627793389   0.923544358701
0.729198412335   0.682604168313   0.0481790914158
-0.852451275448   -0.388116266602   0.350275015645
-0.436946661367   0.161028251494   -0.884956223404
0.287061732222   -0.907433560003   -0.306854845283
-0.384337540817   -0.923110646719   -0.0123040088382
-0.858292877321   0.36219595027   -0.363520880209
0.340026456999   -0.129154277987   -0.931504793878
-0.7345171584   -0.555866944433   0.389225492617
-0.105196914048   0.65991963377   0.743935270194
-0.670386570041   0.505487900004   -0.543197781345
0.943898101656   -0.198834363512   0.263668863496
0.138303812876   0.963042976087   0.231128279432
-0.299880691333   -0.181695135037   0.936513987546
0.708442448508   -0.188573160263   -0.680109888459
-0.410741490521   0.673479088325   -0.614587134224
0.573934425798   0.714748963495   0.399666353434
0.688831617202   -0.714004517522   -0.12533376281
-0.684008304022   -0.69742885877   0.213835513851
-0.240090906058   -0.0615673282853   -0.968796067765
0.633917038519   -0.741199860081   -0.220843735912
-0.773275407425   -0.602277750245   -0.198259062421
0.0139403209052   0.296452827574   -0.954945751588
0.473161677963   0.181473878441   -0.862081932273
-0.760340844188   0.578378360149   -0.295567713345
0.444971715019   0.795327419341   0.411648477317
-0.510667541428   0.738138695582   0.440874050287
0.471751821761   0.669250743445   -0.574067645024
-0.718796828594   -0.0851745765076   -0.689982906107
0.81964250548   0.30904278415   0.482367827259
0.504534263302   0.00941575195434   -0.863340327316
-0.271350954234   0.95100152533   -0.148205122907
-0.96534788214   -0.244162149987   0.0921320300514
-0.246878788435   0.740004194915   -0.625655380644
0.0845832741648   -0.626720540609   -0.774639938107
0.250523497497   0.955059963012   -0.158424885209
0.259083387005   -0.223815231079   -0.939565080724
-0.932798893535   0.194337874303   -0.303511144493
0.424226006859   0.856218727649   -0.294825008316
0.608943554933   -0.510699251174   -0.606938235537
-0.670238794767   0.0779471954247   -0.738040779846
0.604622182766   0.723821963597   0.332436130892
0.793242611313   -0.584967108119   -0.169055144896
0.0720983751876   0.365916995278   -0.927850514286
0.170349413448   0.977817966408   0.121873302684
0.97520327179   -0.149562351264   -0.163124742989
-0.141278646755   0.146639447808   -0.979049138868
-0.115319007756   -0.945040102399   -0.305942365989
-0.580829568827   0.31400835464   -0.751023145577
0.805815449359   0.0910931285738   -0.585118367085
0.150895934221   0.970783397178   0.186574416249
0.289242655928   0.13711828705   -0.947384431658
-0.945287841362   0.196921738565   -0.260101376107
0.417920006626   0.159654658435   0.894345156023
0.250325847374   0.926091437344   -0.28229704181
-0.87331542881   0.341855290609   0.347066451972
0.998119342317   0.00408229626343   0.0611646413291
0.0039807250189   0.991357761786   -0.131125672451
-0.0611713357711   0.131122549565   0.989477106696
0.867806579784   -0.485851013679   0.104213879067
-0.463072976696   -0.71467952525   0.524210448621
-0.180208652227   -0.503171907697   -0.845188069584
0.972244552678   -0.0795924126612   -0.220012676079
-0.048340869817   0.85173091055   -0.521744780826
0.228918522829   0.517899125179   0.82424317167
