0.148287566348   -0.0303318110872   0.988479022996
-0.854122893676   0.499890054883   0.143471305587
-0.498482577594   -0.865557574206   0.0482203854238
0.763980246743   -0.202603824426   -0.612605805485
-0.274272367069   0.757411201133   -0.592539400429
0.584045247603   0.620709241696   0.523078565825
0.909348042428   -0.0238564726263   -0.415351665997
0.102544370626   0.980405813887   0.16819361507
0.403200681777   -0.195538509791   0.893976454613
-0.845146493437   0.499255244618   -0.190975405099
0.417945333563   0.839926969585   0.346185476177
0.333240307862   0.212760161883   -0.918522732833
0.89307561751   0.156079710568   0.421965715857
-0.421164900988   0.619878736551   0.66209552041
-0.158227897619   -0.76901851468   0.619333881274
-0.59985032747   -0.705745710854   0.376964953605
-0.434869307521   0.683049131338   0.586798576647
-0.671616162708   0.188060830027   -0.716634393676
-0.876681943346   0.128761453425   0.463518347343
0.480515247029   0.188101369051   0.856576308529
0.0231055747401   0.973672615961   -0.226776915366
-0.976980540031   -0.117710102828   0.177913900783
-0.212601932884   0.606011759392   -0.766518209577
-0.0175909787649   -0.78669821353   -0.617087091337
-0.799575115044   -0.491398325654   0.345264132145
-0.595571709943   0.574803805915   -0.561154990195
0.077291485411   -0.654315115406   -0.752261760316
-0.850788054012   -0.512436899182   -0.116482236875
-0.251443573382   0.202319421447   0.946489820923
-0.461449690168   0.83455094276   -0.300979911924
0.489416557842   -0.00824664813136   0.872011138521
-0.745518906003   0.514806796048   0.423291298677
-0.452407994737   -0.857266560375   0.245806937982
0.470079443143   -0.435512216184   -0.767694227339
-0.386782378534   0.680178116736   -0.622701470344
0.793362911151   0.589649759661   0.151289299497
0.693568950128   0.690795523823   -0.204361580746
0.709101741325   -0.7046776947   0.0245777753825
-0.127030830386   -0.161959534636   -0.978586877733
-0.522109572438   0.70711716174   -0.476851039573
0.730031480398   0.659607904848   0.178805619292
0.440971237154   -0.254760144911   -0.860605389576
0.963449243743   -0.258645808172   0.0697703421669
-0.147079414638   -0.293025529477   0.94472413162
-0.223904445067   -0.92045553124   -0.320356698837
0.832991928225   0.326278077188   -0.446841206537
-0.06050508795   0.856489470684   0.512606009465
0.549966891589   -0.399960501743   0.733190299446
-0.210871537617   0.626498368036   -0.750355242183
0.91339450337   -0.147148212212   -0.379549581552
-0.348200625842   -0.765406557648   -0.541210795968
-0.746624379244   -0.567245010091   -0.347541558444
-0.63751729791   0.460840862678   0.617411851321
-0.190062440223   0.682538495481   -0.705703529113
0.866872140676   -0.471464544091   0.162030476716
-0.449439299151   -0.879721415431   -0.155224185007
0.215724379936   0.0617366576453   -0.974500680864
0.591000342449   0.72443715944   0.354837141865
0.226271931324   0.273342363984   -0.934925112053
-0.774286515651   0.632830746783   -0.00237436446869
0.828807274246   0.380228773829   -0.410493095812
0.378633331712   0.159026324244   0.91178255539
0.411965171189   -0.91111838295   -0.0121651131176
0.846254385582   0.329216474004   0.418891427612
0.532177092982   -0.484965131093   -0.693971442734
-0.0253190953307   0.810200799104   -0.585605335139
-0.69235613364   0.651633205675   0.309866341303
-0.24200301323   0.194860980947   -0.950507096077
-0.679762845262   -0.733078006331   0.0227840039284
-0.0054109444794   -0.970473574169   0.241146767589
-0.918979311224   -0.0902535219935   -0.383837631441
0.394268623178   -0.223685814496   -0.891356779955
-0.505232636551   0.34183661031   0.792393661519
0.323684784468   0.926231704756   -0.193191587315
-0.799980089295   0.158879076524   -0.578609795782
0.990346203034   0.023143866258   -0.136670258622
0.064704077086   0.794772071332   0.603449034335
0.122587848278   -0.606466582827   0.785602000614
0.817665193207   0.540882299417   0.197154685451
0.322535982889   -0.146730785728   -0.935115295705
-0.476858649455   0.828200709186   -0.294430660331
0.983430284807   0.0905646227434   -0.157044337788
0.0237079319105   0.794587773407   0.606686248663
0.179729821923   -0.600356826779   0.779274580396
-0.117858926798   0.934586805722   0.335643823038
0.727788812321   -0.148659803771   0.669495113801
0.675598044724   0.323183794941   -0.662660936417
0.27109049628   -0.745944480365   -0.60833935845
-0.925509471703   -0.375646326022   0.0481877114521
-0.264465802355   0.549960607643   -0.792212830889
-0.684276426617   0.658210741729   -0.313885952934
-0.191289600075   0.253345933507   0.948274288842
0.703686052782   0.708924860227   -0.0474497805277
-0.800514594876   -0.549199814008   -0.239908206788
-0.349298829716   0.752837169897   -0.557876799285
0.48699764984   -0.3627888641   -0.794491994381
-0.491126184711   0.430057971513   0.757525716943
-0.0345454729758   0.859331284607   -0.510251265154
-0.870403171518   -0.276766841282   -0.407183539179
0.757054661935   0.471521017844   0.452256750723
0.55571873155   -0.100706675833   -0.825248360705
-0.343576673025   0.876085666573   -0.338273520363
-0.243075993669   0.791219318236   -0.561147085667
0.805964970673   -0.157158987655   -0.570720175434
-0.539754136019   -0.590993268193   -0.59949347753
0.691721671001   -0.602500735444   -0.398138159006
-0.706475306434   -0.45027218811   -0.546028935143
0.149712294972   0.658974825319   -0.737114922064
0.790173327176   -0.477265972378   0.384503972188
-0.584092706845   -0.396393592466   0.708313369676
-0.185638958274   -0.784276297909   -0.591987217522
0.825203293594   0.292005819641   -0.48349987129
0.507607004357   -0.00794034107719   0.861552134297
0.24773908325   -0.956383580097   -0.154776594972
-0.752992718576   -0.53385377716   -0.384710424065
-0.646162342771   0.710409653452   0.278912801906
0.124403346244   0.458604697855   -0.879889503602
-0.677583314707   0.447144226656   0.583903153099
0.722580416943   0.552612849832   0.415327075027
-0.136961281688   0.703335680005   -0.69753890827
-0.755385965012   -0.289124410426   0.588046868165
-0.390867481069   0.919076233948   -0.0502144245656
-0.52594168508   -0.267779669668   -0.80726661792
0.96543112057   0.245871997034   -0.0865431251455
0.0403507280948   -0.468989030805   -0.882281762096
-0.257516155178   0.848290192127   -0.462697719643
0.530380559137   -0.298615323756   0.793426336157
-0.767353384796   0.228736871222   0.599039419893
-0.360368207992   -0.926557247104   -0.107825889782
-0.122592655823   0.78670940682   -0.60502838773
0.656240654444   0.521589420878   0.545245522204
0.744526187715   -0.330201128478   -0.580213728343
0.241997839616   -0.585551874764   -0.773670503239
-0.94943953032   0.0214560147041   -0.313215928233
0.200004059676   0.810350937183   -0.550753787748
-0.256488667516   -0.839479080812   -0.479049513428
-0.557808786448   0.533325792694   -0.635934710964
0.789343348105   0.104107981092   -0.605060829236
-0.018105845271   0.220994090797   0.975107066019
-0.310615371206   0.925766526893   -0.215579286702
-0.950363230317   -0.306786488486   0.0518823760542
-0.0645015048545   -0.725959378091   0.684706168537
0.0795335538938   0.680212573209   0.728687360295
-0.994743167695   0.101458546264   0.0138633947292
-0.296623641391   0.902600135631   -0.311973413172
0.0213908235829   0.332873195513   0.942728947458
0.954754862797   0.272962324996   -0.118045419642
-0.534930815476   -0.777648482183   0.330320845259
-0.609433458807   0.0843578060172   -0.788336615825
0.585183630958   -0.623014124015   -0.519050594197
0.804481749928   0.432114362292   -0.407536859602
0.0505481370554   0.633820285884   0.771826878932
0.591822608451   -0.641520867239   0.488054276719
-0.897232199168   0.434436149318   0.0789912206633
0.431484455703   0.824622248705   0.365813219317
0.0937845683581   0.362302883106   -0.927330079115
0.791518602443   -0.524945931725   -0.312937806524
-0.485705716093   -0.85111652538   0.199225042553
-0.370928914134   -0.00569464584279   -0.928643802363
0.164319253256   0.416398683843   -0.894209885375
0.979479204656   -0.176131211406   0.0979708324733
-0.116703344665   -0.891958481356   -0.436795600804
-0.734883132277   0.676192553169   0.0520616263048
0.223873663483   0.314333209313   -0.922537379363
-0.640177604024   -0.666301931981   -0.382379877537
0.340962138994   0.916172865519   -0.210646861501
0.619689997466   -0.0505456431   0.78321736766
0.706915218972   -0.397583222044   -0.5849773113
0.681251654918   0.529268141595   0.505738486734
0.603225765898   -0.797272640359   0.0217947767261
0.414746739623   0.290226758291   -0.862411485744
0.626371299648   0.183336901892   -0.757658614009
0.779500618268   -0.139648130151   0.610636705304
0.0061466329931   -0.97308066477   -0.230382809152
0.763852690039   0.601523324911   -0.233877655
0.417343914423   -0.183955174847   0.889935138502
0.492293738548   -0.777386765539   -0.391556754188
0.638487163032   -0.71971480282   -0.272662328249
-0.653444027386   -0.69411492081   0.302018840111
-0.406626420339   -0.0146655825173   -0.91347680593
-0.595900288555   0.802417045765   -0.0320894182834
0.698002511826   0.497771529918   -0.514797044948
-0.397108725143   -0.329166202197   -0.856711311789
-0.596240443255   0.718356242496   0.358415461015
0.671326892968   0.201314543927   0.713297032926
0.440247131286   0.665910476919   -0.602283737224
0.395935583332   0.577796493003   0.713712986098
0.902313342237   -0.389097723479   -0.185562911177
0.170486498799   0.717463709366   -0.675411118853
-0.271957333736   -0.922272332675   -0.274687009175
-0.381019684712   -0.158918030998   0.910806817764
-0.883664647075   0.352361751338   -0.308184989421
0.768137586036   -0.528040737791   0.362129297561
0.334823639789   0.813348354676   0.475770516304
-0.5457634828   -0.244207766417   0.801563963551
-0.755898810162   -0.292634099082   0.585646884095
-0.65028700201   0.232047951526   -0.723381340103
0.075787886982   -0.927641650772   -0.365700921437
-0.559255979581   -0.703854122448   0.437975026248
-0.220454391461   0.63556924766   0.739899718012
-0.799144924647   0.317239823702   -0.510613634433
0.343904038033   -0.470066048037   0.812876327068
-0.859020028393   -0.507109164391   0.0701775335167
0.379228959131   -0.722411382714   -0.578193039289
-0.791415817402   -0.348029260555   -0.502530235672
-0.512277458736   -0.07092580003   0.855886286934
-0.333515830565   0.934796857444   -0.122155745157
-0.280922358497   0.497436951051   0.82075520603
0.567550322077   0.775737216547   -0.275895637467
-0.773931043703   0.388314628353   -0.500242430228
0.0853603841547   0.686287411086   -0.722304087073
-0.284577515752   0.71154419056   0.642433266891
0.954845140505   0.150713152261   0.256039651988
-0.176005405848   0.891930324252   -0.416512177242
-0.274500112497   0.361864027878   0.890900731601
0.945342152531   0.271135984346   0.181144949258
-0.926267556345   0.345328429589   -0.150919481118
0.252481204088   0.271317085045   -0.928784302702
-0.279788590985   -0.898407098748   -0.338501151067
0.042850336743   -0.404319646029   -0.913613415223
0.132219785992   0.908704943661   -0.395946023542
0.990293783093   -0.103831349799   0.0923973699061
-0.296301800147   -0.491234049941   0.81908140707
-0.156139280697   0.870968508486   0.465869490575
-0.942245068044   0.0101471869587   -0.334770468148
-0.497227424507   -0.634955791522   -0.59126646373
-0.825299942678   0.556379953544   0.0965471486313
0.267665636444   0.535978068681   -0.800676349694
0.0676306981751   -0.91397553663   0.400093497957
-0.175963510347   0.383798779922   0.906496188385
-0.982070736602   -0.131708826481   -0.134869764352
0.757331346681   -0.531720462308   0.379107611764
-0.310370333145   0.217699019726   0.925352577731
-0.574560255881   -0.818462269609   -0.000159965246638
-0.463795538172   -0.557719255423   -0.688362499634
-0.873477940065   0.417736310357   0.250065317925
0.148087767865   0.717248636903   -0.680899703238
-0.704620429285   -0.62313983618   -0.339421265098
-0.586542322785   0.780687884512   -0.215625904191
0.399347160021   0.047150520057   -0.915586519255
0.595225692953   -0.286311836978   -0.750820821804
-0.801757974077   -0.274122366111   -0.53107539898
-0.0537636071423   0.918086303353   -0.392717473692
-0.861818662912   -0.171451177575   0.477360540855
-0.501550359827   0.428341948819   -0.751645136643
-0.0756031005634   -0.887202157679   -0.455144485406
0.389703921399   -0.522211138985   -0.758568638929
-0.915801921789   -0.306634332465   -0.259388176678
-0.0971477930443   0.795783206956   -0.597738566459
0.297332832194   -0.925156908172   -0.235961611626
-0.905153762108   -0.194501134693   -0.377976157375
0.303792451915   0.325966261851   -0.895240829216
0.908243343767   -0.418392110996   0.00648613587566
0.00733130158812   0.000412638888928   -0.99997304051
0.418378154927   0.908266409808   0.00344213527206
0.236080388859   0.881885235431   -0.408098617401
0.732289804008   0.114605916739   0.67128021481
0.638762626445   -0.457322550698   -0.618739356822
0.735921427551   0.448516400989   -0.507200838441
0.518032148453   0.109357554735   0.848341687289
0.435961403843   -0.887059165595   -0.151867347027
0.681106454485   0.647059009562   -0.342649435725
0.685714028098   -0.727783220923   -0.0113072990465
-0.256690999701   -0.227258050433   -0.939395289101
0.502145262245   -0.708204205726   0.496283123426
-0.624122633921   0.100452417007   0.77484208052
-0.598599259466   -0.698824809884   -0.39156456895
0.0256809365973   0.77757651137   0.628263685455
0.182891290921   0.614209028494   -0.767657505026
-0.982797672566   0.134618120186   -0.126438508836
0.199789700833   -0.306164250535   -0.930777915045
0.589952578044   0.79603639015   -0.135211024758
0.782329873583   -0.522101060382   0.339662261148
-0.102753699744   0.14652798403   0.983855287675
0.985586072238   -0.118637678726   0.120603463455
0.134394089899   0.982066520701   -0.132225479835
0.866787021824   -0.468853067125   -0.169873659656
-0.4674713153   -0.645332711664   -0.604165755921
0.173639938289   0.603094099377   -0.7785413792
0.111205752298   -0.740469118112   -0.662826346624
-0.869828580996   0.250059255492   -0.425286501578
0.480657383526   0.623839605881   -0.616273174653
0.539412482509   -0.80680404086   -0.241042347659
-0.341856535549   0.0517775052419   -0.938324676779
0.769524712284   0.588545945192   -0.247881801635
0.356466465245   -0.175190471635   0.917736322592
-0.430595424581   0.840921414861   0.32777851418
-0.829167799354   -0.512015109813   0.224324068788
0.603251980205   -0.430202210812   -0.671575093486
-0.777532000881   -0.504705803438   -0.375121366469
-0.177569805949   0.74846383332   -0.638960761102
-0.958718687477   -0.046015645798   0.280608336697
-0.155141139454   0.91165257366   -0.380553296909
-0.238305906623   -0.408377454423   -0.881157278576
-0.0867640590976   -0.878133225039   0.470482770282
-0.902542563674   0.269226773771   0.336056342065
-0.421768797811   -0.395473113331   -0.815911819883
0.849564137403   0.458024589096   -0.261637635333
0.509256285218   -0.841467418416   0.180528722673
-0.137472951541   -0.286611338797   -0.948132442261
-0.241905425624   0.751171874199   0.614184484065
0.668207847037   -0.329997492139   0.666783269391
0.703548177605   0.571701382361   -0.422110757023
0.884598238483   0.0298690262549   -0.465396387764
0.355986996397   0.601421144951   0.715238327274
0.301262700761   -0.798373626616   0.521383100468
0.701793587398   0.677539098283   -0.220060289431
0.57676077685   -0.359087219745   0.73375975285
0.418130083794   -0.641870032728   -0.642783084806
-0.786816370556   -0.579793961195   -0.211563138533
-0.556838279381   0.519036046693   0.648484936486
-0.26617875505   0.628045018128   -0.731237530194
-0.809328170126   0.453614113958   -0.373124843262
0.586152792173   0.664414002537   -0.463658211898
0.0375874615886   -0.593959820906   -0.803616148345
0.722062404387   -0.626892289614   -0.292629358392
-0.672893998658   -0.538102579047   -0.507601498218
0.160746852974   0.563428497367   -0.81037570152
0.904090916461   0.132823915485   -0.40617412799
-0.0984363942476   0.989639504127   0.104517597364
0.415848399133   -0.0545110937907   0.907798793562
0.459737037008   0.231914641073   0.857238272629
-0.597692035757   0.794749631044   0.10553319074
-0.656815108837   -0.560882004713   0.503989374484
-0.961987629026   0.266078900187   -0.0614965078308
0.206957694979   0.85722041287   0.471531203896
0.178180565969   0.440880009338   -0.879702508395
0.320541498181   0.713428121489   -0.623115930957
0.882633172117   -0.463729635729   -0.0768993395637
-0.343819475048   -0.525333361225   -0.778339918135
0.402341018069   -0.120914037139   -0.907469834651
-0.445484546158   0.840109175737   -0.309451275611
0.799790737827   0.528768728714   0.284145046096
0.372554633649   -0.889157010599   0.265711978369
-0.402624265207   -0.412841378909   -0.816979618428
0.836120054785   0.197387452395   -0.511802156721
0.224172055036   0.350405513589   0.909374986344
0.706680329855   0.584106996984   -0.399276755485
-0.671081068975   0.732144106116   -0.116684218051
-0.921922465376   0.370104668309   -0.114374395432
0.325986747985   0.581736171245   -0.745195053126
-0.209264445076   -0.724296597783   -0.656964862429
0.514459846141   -0.749528093137   -0.416579769441
-0.69835719874   -0.0843001019213   -0.710767694668
0.497622637825   0.65658291968   -0.566807356964
0.776250276429   -0.616366938273   -0.132390731349
-0.619835243773   -0.707862862915   -0.338724722868
0.115064238235   0.344995600999   -0.93152469445
-0.101344147029   -0.875441885438   0.472578955397
-0.994373733463   0.103856129406   -0.020851440784
-0.0308259965123   -0.472033271715   -0.881041626902
-0.693674704291   -0.626681652952   -0.3550852158
-0.718836893227   0.63359140268   0.28606896963
0.0457047652038   0.453687161272   -0.889988221346
0.201741011905   0.926032218056   0.31900610533
0.76451112651   0.0547060651088   -0.642284970931
-0.612228145023   0.373458936916   -0.696925477278
0.368838085181   0.324664230837   -0.87094868054
0.925593638506   -0.042545130544   0.376120098139
0.0850581170538   -0.944871974969   -0.316199411197
0.349232142706   0.0913041165145   -0.932577325914
0.166098602784   0.973449020787   0.157506374736
0.922197465109   -0.209906079561   0.324794201163
0.999999999803   4.43889143237e-06   -1.93219138741e-05
-4.43830073398e-06   0.999999999523   3.05713579478e-05
1.93220495678e-05   -3.05712721853e-05   0.999999999346
-0.477951987227   0.541957234285   -0.691262796707
0.878049111107   0.316572038379   -0.358903751723
0.0243239879508   -0.77850144555   -0.627171302666
0.980381482227   -0.153632508606   0.12348765771
0.0782791338798   0.878435407869   0.471405994236
-0.180899216434   -0.452491200469   0.873228026916
