0.209185445741   0.81168175715   0.545356923858
0.173330785608   0.51808758586   -0.837580857075
-0.962391753939   0.26973686898   -0.0323130540499
0.682937840352   0.162586412623   0.712152767772
-0.549686852882   0.756451484226   0.354436899576
-0.481082394174   -0.633519384425   0.605980956445
0.895811170682   0.123977314702   0.426792656826
-0.164183101562   0.984689435058   0.0585715429798
-0.41299667752   -0.122541184607   0.902450775629
-0.737042212935   0.569810570582   -0.363434574585
0.660008736449   0.72257628816   -0.205601497076
0.145455299531   -0.391406976742   -0.908649181145
0.729851026206   0.197492347727   -0.654457219485
-0.543793257334   0.747872462511   -0.380756711162
0.414253995544   0.633785099546   0.653230491304
-0.246359797563   -0.770273715489   -0.58820511165
-0.899680204314   0.407440602155   -0.156740823278
0.360391981197   0.490581857535   -0.793376997994
-0.639713711341   -0.762209390209   0.0990111761334
-0.518862342207   0.333212247355   -0.787242953638
0.567052235126   -0.554983282352   -0.608642192876
0.489495414168   0.856922025192   0.161489573192
0.830136026499   -0.514627586068   0.214552150223
0.266961452306   0.0290360189761   -0.963269688397
-0.869417135254   0.469646464581   0.15344720015
0.47383614329   0.88055229509   -0.0103423847881
-0.139975548719   0.0637169829636   -0.988102723325
0.645209781952   -0.76138705435   -0.0631988191575
-0.753485347595   -0.620464537261   -0.217447899418
0.126349389529   0.18791889599   -0.974023778096
0.896255640774   -0.425382454579   -0.125600930396
-0.0435708599938   0.197370454863   -0.979360242049
0.441392576444   0.88322968184   0.158360104121
0.188373196948   -0.164274200151   -0.968261083508
0.495508364501   0.86712136924   -0.0507148076754
0.84793101098   -0.470228155444   0.244741664712
-0.185334473284   -0.794529455195   -0.578250877942
-0.69289184723   -0.311606699525   0.650232383731
-0.696815629169   0.521175795331   -0.49277151836
0.686386789541   0.687062330747   -0.238366375172
0.705094806376   -0.54846115608   0.449479336892
0.17808562313   -0.476587572163   -0.860900573176
0.376012864761   0.608253332315   -0.699029476676
0.708852943619   0.297038640694   0.639762104424
0.596776197461   -0.736067883868   -0.319471814846
0.764257211412   0.640326955669   0.0767613486639
-0.628253892332   0.712346563367   0.312824903785
0.145629535378   -0.287304304706   0.946703900342
-0.336662911352   -0.660215820716   -0.671396421048
-0.915629305942   0.0631489007204   0.397032984068
-0.219729511491   0.748416519335   -0.62577284646
0.654114623515   -0.713945229608   0.249832480723
-0.684821354535   -0.699229568872   -0.20517729501
0.321175608782   -0.0368811487764   -0.946301225397
0.0954964194639   0.874588601534   0.475368501204
0.936659312868   -0.240609735426   0.254511859912
0.336971460938   0.420953362364   -0.842168926776
0.487551172669   -0.223869408055   0.843905410675
-0.760411001018   0.36608683221   0.536428504847
-0.429032590323   -0.903251304687   0.00825330366574
0.512965495176   -0.309354285245   -0.800728622543
-0.667267862397   0.443120804953   -0.598663137357
0.540018518729   0.841394009022   0.0208835104963
-0.562331840639   -0.113436110985   0.819094103097
-0.428338728457   0.887253872254   -0.17119141297
-0.707325126592   -0.447116108964   -0.547520182639
0.843929254097   -0.492425470707   0.212839305293
-0.500873747457   -0.581198219326   0.641353349536
-0.192116899796   -0.647862474335   -0.737133170575
-0.206380002851   0.782549194154   0.587387481269
0.66287964096   -0.329742842444   0.672205503888
0.719720693064   0.528096976497   -0.450683600091
-0.0708160617673   0.666415097799   -0.742210214711
0.800195878067   0.482199958212   0.356608688937
0.595543148832   -0.568659931528   -0.567410116365
0.844587746162   -0.325288815518   0.425274882319
0.153872778993   0.908244987577   0.389119789303
-0.512830095565   -0.263207577856   0.81714568104
-0.0235531176612   -0.517432004209   0.855400123725
-0.566059958303   0.712166977581   0.415203949461
-0.824027532461   -0.474428410893   -0.309671291345
0.83677921737   -0.192196914341   0.512699607465
-0.000107125300449   0.936310979095   0.351171950688
-0.547540436773   -0.293908313159   0.78346497915
0.716230741288   0.595249375722   -0.364268727639
0.674291842   -0.724798228573   0.141414425255
-0.179844480166   -0.346908789972   -0.92049457054
-0.922877041408   -0.264100412953   -0.280265835092
-0.175333417424   0.936139908119   -0.304795448066
0.342864636813   -0.232148754692   -0.910247656695
0.804278891575   0.477248700536   0.354075051937
0.58823576921   -0.554813834801   -0.588353880361
-0.0843453874854   0.681480217284   -0.726959812548
0.0258419445108   -0.998632613047   0.0454433500333
-0.869211305775   6.94556378911e-06   0.494440801173
-0.493765024903   -0.052277185369   -0.868022578089
0.951256086371   0.0659710982148   -0.301263460018
0.2930430413   -0.497784972742   0.816294001484
-0.0961126114888   -0.864787797736   -0.492853356283
-0.193242250247   -0.313029886013   -0.929876187017
-0.522066638056   0.835241487105   -0.172679134951
0.830724899198   0.452088430156   -0.32482640467
-0.927050900411   0.298191247022   0.22728530143
0.31627818557   0.296392905616   0.901176650182
0.20135723821   0.907322007724   -0.369082696588
-0.361591092678   -0.904527754455   0.226011997729
-0.413380776368   0.372824944691   0.830733347317
-0.835684279752   0.206956763691   -0.508724564511
0.959189604581   0.255574316729   -0.120983763752
0.248755032112   -0.559248061356   0.790798672147
0.13444789497   -0.788621185677   -0.6000003242
0.30257976769   0.168664027219   0.938082048707
0.855951989864   0.38486799132   -0.345286577072
-0.419275178413   0.907429928523   -0.0279150423115
0.913824443037   -0.255512672108   0.315655130958
-0.155908495385   -0.938434127718   -0.308275735343
0.374989904364   0.232496585623   -0.897400640349
-0.217497971932   -0.785163529371   0.579838653723
-0.9748455825   0.204376296218   -0.088918051171
-0.0486900655695   -0.584592645943   -0.809864628086
-0.729813580899   0.682846279281   0.0330620024687
-0.247619900528   -0.309110113097   0.91822400472
0.637225644492   0.661945539189   0.394679086283
0.485912541386   -0.0599695786507   -0.871947619849
-0.848827733418   -0.27012288813   -0.454450332037
-0.208279814441   0.96095643759   -0.182159940578
0.0159460834434   0.209233630194   0.977735654673
-0.893579734838   0.441726652876   -0.0799551225794
-0.448621198686   -0.872409795987   0.194010741854
-0.438957230151   -0.280125079416   0.853725066975
-0.629437930379   0.773918720186   -0.0696972477663
-0.641189864158   -0.567961050098   -0.516038568009
0.766606231438   -0.627360233327   0.136872289232
-0.484621976861   -0.425439431071   0.764292372089
-0.421255772024   -0.652242614469   -0.630177075438
0.0241447178762   -0.999126574745   0.0341045486345
-0.376286962128   0.02252296404   0.926229365882
-0.926188509285   -0.0351966437283   -0.37541449298
0.71211534273   0.49355682765   0.499292896533
0.422729584263   0.266368940181   -0.866225886415
-0.560527820217   0.827918622563   -0.0189556634333
0.555913759032   0.801857096838   -0.219054990285
0.180269501594   0.140957828453   0.973464841375
0.811457207321   -0.580651433175   -0.0661899829165
0.733288643568   -0.435042237754   -0.52251891505
-0.665612007809   -0.302504921316   -0.682240007358
0.138738676202   0.848073713748   -0.511392760778
0.211466984999   -0.962739022088   0.168568352917
-0.901380011577   -0.258781133935   -0.347197925468
0.377883300749   -0.0785232454071   -0.922517377043
0.702549410745   0.560872597139   -0.438002574468
-0.0996466005777   0.686957349156   0.719833422004
0.704623928386   -0.462073078874   0.538510528519
0.564331796443   0.812593238366   0.145677220201
0.811397267871   -0.578486885441   0.083590651776
0.152197559817   0.0710292357792   -0.98579447678
-0.963826479623   0.249085791425   -0.0948408439883
0.23838902206   0.96478093727   0.111213386075
0.119202312642   0.0845813903382   -0.989260732603
0.0646066528922   0.928933557508   0.364566079248
0.76698091927   0.18749434718   -0.613666146411
-0.63840915554   0.319262142309   -0.700360931671
0.736646600778   -0.352793115268   0.576965166523
-0.579577413271   -0.768962834362   0.269789142474
0.348485017739   -0.533135233491   -0.770924779224
-0.359208894868   0.768989275192   0.528795295448
0.449682894459   0.639115695154   -0.623952259903
-0.817773968942   0.0136609973032   -0.575377365625
-0.604614267074   -0.64642449092   0.465378303737
-0.762865604481   0.301915248167   -0.571737048321
0.229080024337   -0.700701477423   -0.675677276507
-0.205939098606   -0.796392108868   -0.568637579305
0.926946299462   -0.344996538464   0.147471849388
-0.313623413633   -0.496726280139   0.80926099439
0.0322136206721   -0.177782360172   -0.983542431751
-0.945735078849   0.312925104188   -0.0875387902813
0.323337970672   0.932990520627   -0.15805456381
-0.823219480528   0.468090205207   -0.321249508432
0.567723226663   0.67890481409   -0.465594878959
0.000157435362721   -0.565667581884   -0.824633350053
0.375729704981   -0.889733530024   -0.259232394475
-0.926399074214   -0.368068621944   -0.079437049515
-0.024737503718   0.269999509427   -0.962542633247
-0.513959125303   -0.854479798757   0.0755664676532
-0.841711438991   0.485361501579   -0.236529208041
0.165432375878   -0.185171505101   -0.968681393808
0.359001251358   0.718832344473   -0.595313498975
0.933124182433   -0.262807859799   0.245379887088
0.0199339329467   -0.643593108545   -0.765108194277
0.254646773646   0.966405537436   0.034861983359
0.743608699618   -0.21873241017   0.631824528326
0.618224168505   -0.134968403537   -0.774327067538
0.84233963947   0.199547891202   0.500644155957
-0.441904369149   0.787488661222   0.429630232845
-0.308519789163   -0.583131415346   0.751513999957
0.950224017757   0.308191909547   -0.0457390748328
0.305962022997   -0.895296904191   0.323775684431
0.0588349943515   -0.321653851578   -0.945027641503
0.788619981261   -0.607445804555   -0.0953316300319
-0.34601842062   -0.566584120361   0.747832659856
-0.508281199482   -0.556769278143   -0.657006996286
0.690452608211   -0.486784735243   0.535084869295
-0.69677453705   -0.64629976968   0.311129960354
0.194371912408   -0.587654004705   -0.785418570204
-0.92298436489   0.342182286474   0.176099815424
0.379061458426   0.887347102586   0.262540530715
-0.0664249418905   0.309073457864   -0.948715618475
-0.293373949632   -0.904419978517   0.309768023102
0.0883049212393   0.297003871335   0.950784382127
-0.951910692535   0.306289410315   -0.0072684638192
0.671706731935   0.69516663282   -0.256034019003
0.0892467436843   0.267158687352   0.959510945489
0.735421705564   -0.667360163919   0.117410930492
-0.281038175247   0.3484273118   0.894212476118
0.0689296319893   0.936687845694   -0.343314120833
-0.957217974072   -0.0348466371565   -0.287262009308
-0.916282772566   -0.391504106008   -0.0845601305419
-0.39407093248   0.918949903572   0.0154652804841
0.0716518029974   0.0474932595737   -0.996298353618
0.0685860990893   0.456473299372   0.887089665125
-0.0560117905188   0.889542877869   -0.453405059253
-0.996071596992   -0.0185901961729   0.0865781627875
0.00281035534971   0.852262798671   0.523106321797
0.305371259927   0.497389642008   -0.812004887691
-0.952229224249   0.162023658843   -0.258858722978
0.842936952487   -0.536172608222   0.0444547896735
-0.483740615645   -0.719148959949   0.498818393986
-0.235483143574   -0.441977044196   -0.865565700277
0.262477771955   0.324787870129   0.908635382674
0.893618492846   0.273472592455   -0.355891458761
-0.364076102584   0.905386978365   -0.218455970241
0.605078709574   -0.0796896818423   0.792167475871
-0.752356095371   0.268270791158   0.601656952399
-0.260461246597   -0.96004184139   0.102369926258
-0.761029136985   0.538130521707   0.36228468677
0.279423312378   0.775920799616   -0.565570088692
-0.585454750737   -0.3291845293   -0.740864549367
-0.799643215918   0.394809367741   -0.452433741425
0.522991352049   0.828130327575   -0.201693347021
0.295043679677   -0.397901650782   -0.868690683378
0.876154325733   0.249645305367   0.412347934405
0.481979725884   -0.441274753846   -0.756949229113
-0.00701008819561   0.861947685841   -0.506948760268
-0.44095045065   -0.82172821219   -0.36100615696
-0.439001455658   -0.153361243973   0.885301107408
-0.782841249553   0.548856150679   -0.293115171664
0.247370405222   -0.966971826115   -0.0614277634255
-0.639970428592   -0.115457923406   -0.759675798253
0.727492771887   0.227233262138   -0.647394247294
0.0146691466918   0.791499457481   -0.610993801067
0.999873187796   -0.0153998589432   0.00405618921475
-0.00619874678865   -0.610975820431   -0.791624988481
0.192477436332   -0.0907931926047   0.977092131111
-0.724448492461   0.658483514743   0.203896646816
-0.661911488248   -0.747098425235   0.0609682272761
-0.216605221748   0.372390532441   0.902445272169
0.925567691704   0.372330837289   0.0685142005492
-0.310494164172   0.850114721053   -0.425321449099
-0.0841977507642   0.487187272167   -0.869229141599
-0.871560172538   0.386832715219   0.301236312687
0.483004766448   0.782948920604   0.392042578445
0.537491808082   0.575746821551   0.616131604221
0.487873649736   -0.808263354598   0.329681136112
0.687809463543   0.12339346453   -0.715326635022
0.835628499257   -0.390409489612   -0.386400623253
-0.496109762316   -0.234443573661   -0.836009159342
0.235796766229   0.890290200547   -0.389593690716
0.9780399577   -0.156672618046   0.137446469208
-0.170542521764   -0.222522487585   0.959895301993
-0.119804379776   -0.962256428024   -0.244355227718
0.334068053491   -0.385674524921   -0.860031218307
-0.274692108931   0.83300577913   -0.480255783128
0.90163339608   0.396681903751   0.172338870569
-0.566884631598   0.106305366659   -0.816909409591
-0.765690098704   0.297834834934   0.570099187726
0.303908682345   0.94867991447   -0.0874410239886
-0.709861911119   0.280108197741   -0.646247216397
0.404079815237   0.913467423129   -0.0479246262339
0.576901698785   -0.295155322567   -0.761621799517
0.177311661111   0.522147951022   -0.83421945079
0.967739460553   0.0616677273742   0.244289639342
0.1789997523   -0.850622483034   -0.494368769273
-0.319829836085   0.251757767297   0.913414967337
-0.0396038865463   0.959656973299   -0.278370303317
-0.946646928966   -0.125205911217   -0.296956346415
0.967704447483   0.0472203996335   0.24762539486
0.229971595225   0.236976483921   -0.9439042385
-0.103252930761   0.970367136669   0.218463846808
-0.517744977353   -0.822676046955   0.234828150338
-0.270724538034   0.417918433599   0.867209552164
-0.81157153901   0.385419647428   -0.439093762703
-0.865190766107   -0.435098925396   -0.249266651122
-0.421361237556   0.90031876262   -0.10899923467
0.271844892775   0.0107261732485   -0.962281301637
0.0473753333593   -0.977379345469   0.206119365511
-0.476890959812   -0.203446254014   -0.855093348224
0.877684789795   -0.0577861296292   -0.475741708266
0.016757230515   0.999020339014   0.0409579963009
0.925373598569   -0.0310104248756   0.37778572845
0.378685751379   0.0315708058902   -0.924986694995
-0.111564378554   -0.989672447014   -0.0900102053059
-0.972812776155   0.0902663315973   0.213277499821
-0.202949974102   0.111357249433   -0.972836507853
0.546670759183   0.317885778473   -0.774661030967
-0.0425183978229   0.934481355258   0.353463976271
0.836267461343   -0.160291074359   0.524369625913
-0.634739318665   0.388866315019   0.667749194222
-0.0872203520063   0.822569888035   -0.561935396192
-0.767788126723   -0.414923810285   -0.488200393406
0.328795227213   0.81891406446   -0.470397123281
0.80063762884   -0.505872633678   -0.3210486969
-0.500872324897   -0.271058358153   -0.821981922324
-0.773184650345   -0.471757911032   0.423827759649
-0.63353367984   0.544386552367   -0.549798470451
0.0286456450359   -0.693604898325   -0.719785851514
0.676608393555   0.729635031867   -0.0991655285026
0.629752478993   -0.503602098068   0.591436169019
0.38159257982   -0.462620413615   -0.800230876643
0.991315202918   -0.0321330958624   -0.127521106539
-0.0239809245889   0.909259261348   -0.415538819979
0.129302295875   0.414988023687   0.90059194782
0.920187126348   -0.0569520847042   0.387313971542
-0.323547322362   0.446345851418   0.834321587348
-0.220392338107   -0.893046382317   0.392295011865
-0.875170883712   0.482976476807   0.0284542993959
0.409414201658   0.70797025775   0.575463400766
0.257790488156   0.515278407264   -0.817332384789
-0.820190374631   -0.284916635778   -0.496095011081
-0.570645758422   0.345852398846   0.744815102296
-0.0406345635848   0.893984691631   -0.446251278287
0.399883384599   -0.840919477102   0.364619955231
0.461347745022   0.528409674281   0.71270012929
-0.791992131833   -0.116780345768   0.599258553512
-0.686512730298   0.482658358462   0.543820908155
0.286575543816   0.866979368398   -0.407702382208
-0.668262470011   -0.124047103066   -0.733510454864
0.928053886549   0.364326214043   -0.077345933451
0.121120250774   -0.0988432975369   0.987704352215
0.352201460123   -0.926011021691   -0.135859188847
0.51562979675   0.856117006602   0.0344903422756
0.85240203223   -0.516639061024   0.0805906698945
0.0868141011178   -0.0121553128896   -0.996150370283
-0.311518032237   0.877290234504   0.365127868061
0.134457470498   0.421077168149   -0.89700345991
-0.940679384391   -0.230338583193   -0.249131356666
0.779093029076   0.567593771074   0.266179193557
0.421258199183   -0.788433571762   0.448234350023
0.464279637359   -0.237086089758   -0.853366629519
-0.386780040402   0.888727442516   -0.24609903142
0.860289144652   0.443851663256   0.250795312196
0.332120140825   -0.114713704256   -0.936235535597
-0.883879037326   0.462758702622   0.0679134045901
0.318457188339   0.701781431947   -0.637250218493
-0.342553450677   -0.541624597781   -0.7676587318
0.0408106310575   -0.978598459477   0.201691714016
-0.630608845937   0.131350540995   0.764904908342
-0.7750270807   -0.158404831019   -0.611752346699
-0.372447852725   -0.414253891541   0.830467525159
-0.404469535857   0.877847613067   0.25649164274
-0.835276595844   -0.240369052865   -0.494505537745
0.348235321844   0.0970108169091   -0.932373885318
-0.342358724687   0.939085142422   -0.0301595575624
0.872652659568   0.329708957543   0.360235116368
0.999997401889   0.00044543192395   0.00223557737814
-0.000447278023977   0.99999955937   0.000825350192486
-0.00223520875575   -0.000826347972767   0.999997160491
0.754182041212   -0.585262445655   0.297787371156
-0.372017888209   -0.754495707522   -0.540683750619
0.541121187505   0.296991745739   -0.786755211865
0.872434010728   -0.208417827012   -0.442064368966
0.15388622937   0.975650781507   -0.156283655433
0.463872746921   0.0683195574413   0.883263557912
