0.114148735526   0.17521479123   -0.977890506709
0.746650684661   0.634189977214   0.200788017313
0.655349388702   -0.753062314643   -0.0584322598523
0.618354197992   -0.245681055565   0.746511155149
0.567209140302   0.796995451061   -0.207538049873
-0.543977827658   0.55175997492   0.63217802326
0.898530279609   0.168295068469   0.405364165356
-0.113149586403   0.981168211458   -0.156544281024
-0.424076063605   0.0947929889471   0.900651864776
-0.725901337905   -0.511791808662   0.459495802172
-0.686774300368   0.575790153342   -0.443629078926
-0.0375274297136   -0.637600849984   -0.769452303992
0.70257670221   0.310858868375   -0.640119318147
-0.611463406617   0.723856072167   -0.31960114073
0.364003406413   0.615953854392   0.698643234691
-0.057522237691   -0.570823532032   -0.819055362872
-0.997431283401   -0.00221818590935   0.0715954924879
-0.0426852089644   0.821069774703   -0.569229653133
-0.755775989127   0.395421267882   -0.521962331176
0.653709077336   0.408972114381   -0.636715204677
-0.0383026953051   -0.822425577524   -0.567581776457
0.554793735942   -0.818550233987   -0.148927583074
-0.795518482157   -0.574323367281   0.193139882834
-0.243627287278   0.0113218476811   -0.969802846283
-0.915090148004   0.376603200832   0.144152870762
0.372725241263   0.926364931922   -0.0540731673768
-0.153902292223   0.00424759079558   -0.988076941549
0.817271158697   -0.557204594447   0.14693839896
-0.50704176791   -0.816504168044   -0.276097064748
0.273818368187   0.151142262436   -0.949831310154
0.764174977651   0.158659599632   -0.625190958809
0.555644211884   0.330306818075   0.762992081042
0.327560854394   -0.930443194063   0.164253917125
0.244266700688   0.117099809892   -0.962611766736
0.409074783195   0.887585568065   0.211777432973
0.879199408945   -0.445510374611   0.168905018946
-0.0554741933518   -0.992123789493   -0.112307614145
-0.997850941109   0.0590170895802   -0.028468973721
0.0348728146156   0.110486965115   -0.993265582481
-0.565474676036   -0.620500055314   -0.543339739129
-0.729861355076   0.683281124026   -0.0207197470209
0.384110391853   0.384846186033   -0.839257183446
0.65814758774   -0.659121570325   -0.363868806419
-0.475133116332   0.0112865019096   -0.879841540642
0.584029343884   0.751951707497   -0.305742301744
0.769483177219   -0.33324359096   0.544834239986
0.505256705125   0.839437318065   -0.200151569981
-0.390654965288   0.429294418929   0.814306453353
-0.382200167763   -0.59906028491   -0.703597759239
-0.886697063858   0.0233744923362   0.461759623672
-0.260175611286   0.800362672888   -0.540118730596
0.696882806806   -0.706118015158   0.125505785713
-0.689852493144   -0.707831464148   -0.15191496327
0.196106836397   0.0192864468216   -0.980392850692
0.0138864904489   0.891596991319   -0.452616803107
0.952413084223   -0.149639844332   -0.265550812442
-0.304493813375   -0.427390596598   -0.851246612655
0.465627660448   0.140072915965   0.87382518849
0.802937037803   0.348331686192   -0.483691171843
-0.37213303421   0.926846597128   0.0497231358798
0.708232387772   -0.399086397876   -0.582354644475
-0.51139134396   0.278677229623   -0.812907064192
0.486709131036   0.873538235408   -0.00672108961196
-0.544674231895   -0.00669347684614   0.838620998114
-0.574238054097   0.731760526543   -0.367120128868
-0.611212433068   -0.681528964286   -0.402414751845
0.977519032737   -0.196135632472   0.0773779963042
-0.196421531665   -0.713690331964   0.672357562581
-0.0766493479152   -0.672441018778   -0.736171144319
-0.304717257201   0.664763909074   -0.682082354527
0.787426417948   -0.227053318357   -0.573067558793
-0.535823692534   -0.711713239877   -0.454265599295
-0.145949845483   0.767636740147   -0.62404525299
0.627398140979   0.55954195404   0.541557360181
0.764898826839   -0.312484618574   -0.563278925448
0.831935866752   -0.374947540403   0.40901962735
0.224030996612   0.901365954352   0.370606973615
-0.507634539968   -0.216688159069   0.833878537648
-0.0172566101786   -0.522439405189   0.852501775547
-0.565354690861   0.708338313701   0.422647497172
-0.824667377145   -0.474672414671   -0.307587086568
0.832521748676   -0.109773464622   0.543007665182
-0.08178766627   0.94507704536   0.316449294485
-0.547921815251   -0.307862249714   0.777819078947
0.769710804157   0.631283284042   -0.0950089114381
0.632659269308   -0.734401914106   0.245756134241
0.0853670130797   -0.249269420201   -0.964664309089
-0.877213395725   0.410757781672   -0.248545173272
0.314831330689   0.883000348216   0.348125865554
0.362460882824   0.227130865025   -0.903899152879
0.771102822401   -0.264626182296   0.579114341843
-0.597826835907   -0.613889794426   0.515502080083
0.219097036845   -0.743715203518   -0.631572786385
-0.254494216176   0.455221704793   -0.853232613897
0.884483323196   -0.247200606154   -0.395703312224
-0.391052355729   -0.855374222082   -0.339724881745
0.979127328866   0.126043263315   -0.15944519322
0.201588738712   -0.502214623593   0.840917625141
0.0259162939555   -0.855507783496   -0.517140965391
-0.0181948489359   -0.395966370989   -0.918084734933
-0.729905436717   0.632800877597   -0.258459093016
0.683305935085   0.665412415242   -0.300531723317
-0.189524830394   -0.981860218766   -0.00555422988712
-0.981756247433   0.189587016054   -0.0145407692424
0.0153300127402   0.00269706306688   -0.999878850942
-0.47234522819   -0.881412724111   0.00126300473715
-0.0525469140994   0.0267292217687   -0.998260672631
0.879845899703   -0.471590032209   -0.0589409390557
0.946846590145   -0.28927062608   0.140726826219
-0.284483828434   -0.548754697373   0.78608983804
-0.150168192671   -0.784340988982   -0.601879329195
0.0598401803353   0.145173409669   0.987594974644
0.739740375409   0.657841507807   -0.14152288718
-0.670226327301   0.739032632386   -0.0680252781086
-0.774353667914   0.521769627551   -0.357956495615
0.610341025703   0.76514639246   -0.205023975303
0.166913838045   -0.377236601977   -0.910951325153
-0.230401496256   0.90762343964   0.350905745662
0.923426849548   0.317667221941   -0.21533784999
-0.30691693348   0.274421624367   -0.911314856689
-0.752371841726   -0.100132594712   -0.651083769767
-0.544665070617   0.65047632924   0.529358579744
0.370508532463   0.752897077013   -0.543938800599
0.658929337217   -0.74268043596   0.119322665897
-0.169993881914   -0.30155517755   -0.93817192188
0.732744299648   0.597904879504   -0.324954683608
0.0271178134004   0.251370197989   0.96751105821
-0.921253833751   0.381969968982   -0.0734187754941
-0.388015461026   -0.889332314919   0.241933948932
-0.325323018781   0.0278506197853   0.9451927192
-0.929080517079   0.176624616745   -0.324981749555
-0.175995244923   -0.983884184108   -0.0315845852795
0.842322182666   -0.471648033802   0.260847604552
-0.496324419694   -0.490087542953   0.716572585757
-0.210131889548   -0.733050020431   -0.646902045554
-0.00879212854779   -0.992522013582   0.121748720858
-0.438075162215   0.113270925924   0.891773429516
-0.898895350264   -0.0454945040114   -0.435795134643
0.746656595386   0.564385572004   0.352097791359
0.281109749681   0.212014827855   -0.935963151734
-0.602894051389   0.797821182273   -0.000352017332482
0.771818528551   0.512992615526   0.375679032421
0.414608671894   0.0419155026591   -0.909033959667
-0.482074484054   0.857369037844   -0.180340025429
0.582537834567   -0.218295000424   -0.782941226458
-0.802932882543   -0.304216445484   -0.512592567668
-0.12628720216   0.927253820206   -0.352493823327
0.0883135483621   -0.992575423039   0.0836346026213
-0.945749328373   -0.10990912151   -0.305742036513
0.312664236935   -0.0520962051299   -0.948434004216
0.665546838419   0.635219117189   -0.391847009721
-0.228534458487   0.673240544142   0.703220570666
0.710506444133   -0.378475683342   0.593242572617
0.570334301401   0.817753618597   0.0774454899721
0.817280011052   -0.57438279615   0.0462362089905
0.0822931842916   0.0369245549463   -0.995923897224
-0.905420204346   0.394890818208   -0.155805953854
0.421305804342   0.880917839339   -0.215604219721
0.0521121174903   -0.260854369387   -0.9639706039
-0.156129389926   0.872217433228   0.463530325626
0.737377717254   0.415162505386   -0.532835993734
-0.657189254095   0.258605574756   -0.707972768549
0.836699587035   -0.274313744301   0.474010306579
-0.458041234862   -0.824969228621   0.331095150969
0.300219966395   -0.494143442248   -0.815898419083
-0.2119241396   0.816146272326   0.537581083394
0.62365932843   0.536448950402   -0.56856975445
-0.752420893594   0.214773801432   -0.622683718353
-0.511426873969   -0.824995738169   0.240467429365
-0.859169828358   0.496253550965   -0.124738202621
-0.0164243301649   -0.270396829044   -0.962608849025
0.328888272741   -0.607942411094   0.722660728729
-0.751822944993   0.294524154655   0.589930319366
-0.571484700964   -0.737334081077   -0.36019951339
-0.294307107273   -0.339495265839   0.893379141844
-0.427514244412   0.882806062507   0.194640763523
-0.854760140293   -0.324648148729   -0.404955160596
-0.706037612992   0.681849209545   -0.191291778398
0.69518052326   0.718826078301   -0.00362066763745
0.135036769511   -0.135538646138   -0.981526538756
0.275329992406   -0.786007213396   0.553521504344
-0.613256052512   -0.587011702903   -0.528520836593
0.740344790851   -0.193932774809   -0.643645608635
-0.393453807479   -0.870836598295   0.294682406076
-0.840077009667   0.210353873565   -0.500021865227
0.373449754598   -0.444291421194   -0.814334337876
0.319779955253   -0.925042959284   -0.205027568138
-0.828978031802   -0.168361344917   -0.53333842945
0.458842241962   0.340514289005   -0.820678875063
0.202354714512   -0.957449815383   0.205772740026
-0.876424814241   -0.0832993657051   0.474279201164
-0.436957794871   -0.276316967804   -0.855988795958
0.816934593791   0.227015778077   0.530171393015
-0.466679641693   0.800330953232   0.376404672299
-0.338862776794   -0.554918193793   0.759761684149
-0.942219009483   -0.0338423326353   -0.33328371501
0.18821689237   0.769530504407   -0.610243561387
0.277124050916   -0.63771270907   -0.71869657095
0.618279857487   -0.78523298618   0.0337516701806
-0.537209767713   -0.390864165616   0.747416128747
-0.573703480292   -0.480244064463   -0.663498270721
0.806577969081   -0.450959873789   0.382187351995
-0.583615450176   -0.710250306006   0.39362102222
0.0939413972051   -0.540536488176   -0.836059399111
0.878341470145   0.389480820889   -0.277165928613
0.422370845846   -0.903838694595   0.0683994351678
-0.223873022946   -0.17714486815   -0.958384351544
-0.273079299474   -0.894577668646   -0.353777459653
0.0123142196747   0.364474487514   -0.931131949804
0.961912707158   -0.258629353925   -0.0885144117988
0.691721632656   -0.243574144655   -0.679847643941
-0.609139187682   0.308876193948   -0.730441610837
0.387905443305   0.919384105186   0.0652857885505
0.920653027832   -0.189730911267   0.341174711334
-0.381096363404   -0.247327560587   0.89083928942
-0.0846378410857   -0.950174330891   -0.300008627829
0.907503378539   0.384080300519   0.170058638985
0.369690090944   -0.922532772781   0.110736262369
0.199416284687   -0.0376245385141   -0.97919228934
0.0788403864981   -0.111812579814   0.990596860712
-0.335275720521   0.932830324559   0.131976425216
-0.938815415663   -0.342528148593   0.0360566600649
0.428400909837   -0.31904903719   0.845387705328
-0.879193216163   0.0687522715497   0.471478964334
-0.208547234707   -0.945241152842   -0.251052213435
0.898199709671   0.256801968255   -0.356777284376
0.400947061317   -0.811334765683   0.425414329818
-0.180218577199   -0.525155831248   -0.831704645495
0.123622428892   0.0984619785535   0.987432394574
0.955296933666   0.257493462978   -0.145275204531
-0.268561470808   0.961250412381   -0.0622284588777
0.577032215014   0.172254433445   0.798349693427
0.728692812448   0.332863720315   -0.598505245412
-0.368836831028   0.927108490877   0.0665525222676
0.878442378654   -0.402471571794   -0.257595848731
-0.477749842522   -0.750664742394   -0.456352421376
-0.00969924510603   0.523945682704   -0.851696451924
-0.637962602187   0.622577832514   -0.453211386301
0.726187404501   0.6822149807   -0.0850562969572
0.256233432157   -0.383379136847   -0.887335824632
0.845834192079   0.532639309711   -0.0293238002551
0.239680128701   -0.428572727259   -0.871136529687
-0.476568940886   0.729808730559   -0.490164524811
-0.392236015776   0.86109102507   0.323532308234
0.505664692228   -0.091965618292   0.857814399556
0.768410129398   0.500064567426   -0.399351100465
0.353387073787   -0.924655255825   -0.141881055658
-0.704175337706   -0.163088539781   -0.691042127485
0.615836560986   0.344114495578   -0.708752808874
0.0565954780194   0.684855279715   0.726477940281
0.982598140954   -0.167143232553   0.0810187213281
0.176911970374   0.709250580302   -0.682397075814
0.142155801089   -0.171412357611   0.974889497264
0.836795740573   0.546904218329   -0.025858548552
-0.528738703686   0.819459321524   0.221182738006
0.428496376873   -0.607769960647   0.668585469436
-0.880753736547   -0.11581505845   0.459194651314
-0.201652449937   -0.785622394774   -0.584921996734
-0.0854976150758   0.30245630406   0.949320989945
-0.747904956821   0.610034940734   -0.261716538732
-0.658276790855   -0.732378013882   0.174052036483
0.395722721969   0.608041770114   0.688250487188
0.50655837455   -0.769627588705   0.388679801222
0.766030117222   0.19482961916   -0.612567775031
0.826245021093   0.532296242513   -0.184336310383
0.352683888542   -0.233659689274   0.90610000793
0.439241664557   -0.81367306691   -0.380792463558
0.959857824956   0.180230489737   0.214918418105
0.250857848127   -0.208852062272   -0.945225452534
-0.125472291381   0.96119601885   -0.245680519052
0.348186155646   -0.231157280996   0.908478239948
0.779097712917   0.610302057268   -0.143311383437
-0.521318669092   0.757692358637   0.392592836051
-0.538941705121   0.0974672250056   -0.836685113129
-0.811454077972   0.206444297932   0.546738540066
0.226017959074   0.973591748065   -0.0321712647405
-0.677562953425   -0.433335469436   -0.59424642622
-0.39635339362   0.895762004408   -0.201281938645
0.619525973235   0.0991504028593   -0.778689133159
0.198753313572   -0.298701507384   -0.93342087497
-0.976785750695   -0.138038804807   -0.163813569663
-0.0799169417748   0.944310699851   -0.319203045981
0.900849700408   -0.407604574626   -0.149426664352
-0.263207350769   -0.239077745747   -0.934646308498
0.345241520933   0.881306043456   -0.322657635879
0.264394788884   -0.272452639076   -0.925129696352
-0.109832587094   0.944518105447   -0.309551855584
0.958139968075   0.183453285453   0.219801486877
-0.495441079979   -0.858534917554   0.132120897705
-0.19988024585   0.260696916072   0.944502517344
-0.845331901438   0.441536989721   -0.300764132037
-0.716515243191   -0.671754006413   -0.188022501695
-0.617760211364   0.736245704411   -0.276250943876
0.324003437529   -0.0817851918449   -0.94251416693
-0.152835241016   0.97270586871   -0.17459863138
0.688313016225   0.231549128589   0.687466502999
0.709130862957   -0.0151094019176   -0.704914977267
-0.143448356881   0.792726481201   -0.592458686249
0.957278435561   -0.0407348210288   -0.286284248897
-0.251078803802   -0.608214929412   -0.753016622607
-0.631103688368   -0.761941440113   0.145442003447
-0.775626923435   0.617307109625   -0.131661718233
0.0105361364325   -0.195900929666   -0.980567088773
0.56413571343   0.365405846806   -0.740425191328
-0.0413382808743   0.908118409469   0.416667854434
0.824646617266   -0.204449312799   0.527407276333
-0.63329827091   0.223173587796   -0.741030937122
0.11596950474   0.974073203797   0.194248468757
0.765169506732   0.0370802286152   -0.642760206152
0.00383866102352   0.931763565191   0.363045346017
0.945975791294   -0.121089858377   0.300777406869
0.324214538487   0.342277525966   -0.8818905988
-0.745006313699   -0.408963022148   0.526986564406
-0.644187245099   0.236000070397   -0.727548458884
0.173171550206   -0.881506218519   -0.439270305064
0.710748496023   0.703442193919   0.00237806980143
0.5492526028   -0.557063196059   0.622898205098
0.439497615147   -0.441417801421   -0.782299284717
0.975432203435   0.000221917520419   0.220299721414
0.0840361594841   0.924008957961   -0.373021942394
-0.203641696127   0.382370757722   0.901289444761
0.884198173453   -0.168766162503   0.435558919615
-0.307323338521   0.492036908087   0.814525657472
-0.351775433569   -0.854059519866   0.383192354912
0.282255759671   -0.843028626002   -0.457858517311
-0.903951392614   -0.393535755833   0.167336453506
-0.321253118153   0.366650166539   -0.873134634208
0.31732260477   0.764719737954   -0.560811988893
0.91191137096   -0.408350079871   -0.040839488052
-0.260238383058   -0.498451536916   -0.82693533564
0.398206087194   0.804239705628   0.441169364318
-0.389732986729   0.583711955755   -0.712312116817
-0.830385519609   0.111708766889   0.54587639647
-0.611550782446   0.573706808987   0.54485423538
0.454412618077   0.818415852607   -0.351716739343
-0.647699631791   0.0324959924244   -0.761202468109
0.903986292444   0.398957175349   -0.153759407226
0.196063014556   -0.0672197824793   0.978284618691
0.379957994252   -0.914502418302   -0.13898650842
-0.0295512662672   0.999080052328   -0.0310768676506
0.998634323834   0.0308496087237   0.0421638340625
0.0430837547489   -0.0297884320259   -0.998627277514
-0.484230596054   0.824822097576   -0.291871953424
-0.316396259133   0.145937935499   0.937334265985
0.815729205712   0.546233124529   0.19030301263
0.707554193612   -0.6523229363   0.271738568995
-0.706617062233   -0.648916750475   0.282133617837
-0.00770652084593   -0.391639933778   -0.920086284979
0.321812484261   -0.936457904422   0.139582657303
-0.79428802205   -0.347261406262   -0.498513845093
0.515308900566   0.0495591461465   -0.855570352473
-0.923170987818   0.0802380443535   0.37592177842
0.38091930253   0.059849163547   0.922669259585
0.0515345729767   0.994977353441   -0.0858152313232
-0.37452096226   0.0957830083898   0.922257916275
0.927203629841   0.0443110673701   0.371927355968
-0.00524191160353   0.994415478868   -0.105405776646
0.784938948238   0.456190162981   0.419239052021
0.575590705125   -0.286523642094   -0.765897867013
-0.229273172686   0.842493167759   -0.487482383851
0.353480071385   0.268223368858   -0.896162967061
-0.514476221458   0.855850955638   0.0532293085391
0.781259276225   0.442239037322   0.440520802211
0.999941769969   -0.00379400282386   -0.01010258451
0.00376534405609   0.999988837553   -0.00285428679021
0.0101133009125   0.00281608087847   0.999944893898
0.724268949693   -0.654585929572   0.21668352341
-0.46613722632   -0.696389550214   -0.545671770015
0.508085204223   0.294208863154   -0.809500197709
0.867248134777   -0.197284734452   -0.457120778655
0.234402861262   0.971810449259   0.0252932667586
0.439244773855   -0.129085956878   0.889044905715
