0.0994942852502   0.208344516518   -0.972981731401
0.710303745893   0.669908615016   0.216081086859
0.696828153689   -0.712611401792   -0.0813358116848
0.612143689701   -0.250851959627   0.749902258638
0.564418324986   0.802805705064   -0.192184688093
-0.553815905857   0.540903220797   0.633017889283
0.900405034158   0.168757784512   0.400988259964
-0.10692706198   0.979271309923   -0.172029953721
-0.421707692458   0.11202013983   0.899785591346
-0.70537883575   -0.530425778764   0.470201224263
-0.708304742458   0.552996169551   -0.438747795748
-0.0272963346951   -0.642529166407   -0.765774888873
0.708655933853   0.245880564356   -0.661324062383
-0.574639593923   0.744996075738   -0.338777484835
0.409385032104   0.620099665543   0.669238597424
-0.0414132766159   -0.542090358233   -0.839299102841
-0.995541029876   -0.0488669315559   0.0806850719326
-0.0847525713615   0.83889812642   -0.537649453768
-0.760201221212   0.381426417504   -0.525935348972
0.648121594295   0.389057752022   -0.654654461987
-0.045083281559   -0.838539178346   -0.542972876028
0.571537259297   -0.805246331737   -0.157871803876
-0.781777777696   -0.592800634749   0.193419010808
-0.249336454488   0.012874496662   -0.968331337817
-0.907362063181   0.394627633794   0.144786452908
0.391617473128   0.918770793331   -0.0499598244911
-0.152741091525   0.0113692554046   -0.9882008394
0.829440145672   -0.523450975832   0.195008001495
-0.463171539999   -0.839624921647   -0.283728947208
0.312251772264   0.145014022939   -0.938866211911
0.741337514401   0.184869369952   -0.645168199616
0.560617105273   0.357899363659   0.74673724078
0.368954131318   -0.915276658473   0.161683293624
0.249762812492   0.146451547473   -0.957167948554
0.393616122357   0.887785087377   0.238545565569
0.884694798062   -0.436336547718   0.164090010082
-0.0497793055794   -0.976830320275   -0.208145492691
-0.996801582627   0.0355454413735   0.0715760188211
-0.0625190019814   0.211042761044   -0.975475436596
-0.570551283142   -0.607195996418   -0.552977626346
-0.730370651341   0.683041705912   0.00356926389304
0.375539538485   0.405915077225   -0.833188457143
0.672596613764   -0.664460502637   -0.325739214078
-0.441706162091   -0.00731369096986   -0.897129966223
0.593725072339   0.747287595481   -0.298415462261
0.852806707912   0.221994362466   0.47269358148
-0.439112459985   0.794758728263   0.418973521044
-0.282667589981   -0.564869070567   0.77525606524
-0.377684268668   -0.568754999463   -0.730665685376
-0.875726294118   -0.0369067797358   0.481395209158
-0.300762449437   0.821678550405   -0.484134597827
0.701310213816   -0.700436653742   0.132485765622
-0.683499612004   -0.7134995646   -0.154099486391
0.202465464678   0.017517574351   -0.979132713273
0.0167573259896   0.891553054175   -0.452606168337
0.952531808205   -0.151855621306   -0.263861752884
-0.303977542564   -0.426700154521   -0.851777336954
0.462862552403   0.176963360432   0.86858633805
0.786657398424   0.369633179077   -0.494511324876
-0.408568715259   0.912170643021   0.0318798199865
0.734451039578   -0.40977562442   -0.540985774391
-0.477295541777   0.254805494215   -0.840989373249
0.482463093161   0.875875617739   -0.00844191854783
-0.541777296315   -0.0196515482209   0.840292316905
-0.570459882215   0.742814514585   -0.350431333794
-0.617294811237   -0.669208796695   -0.413650459259
0.982760042251   -0.163814875952   0.0857168931518
-0.178415489481   -0.718709041834   0.672030673629
-0.0484831152907   -0.675738114658   -0.735545639597
-0.325097470923   0.648064802357   -0.688711584298
0.775194725169   -0.23450366844   -0.586584322633
-0.541650046128   -0.724582667081   -0.426139866823
-0.139103665286   0.782971517646   -0.606305016357
0.613713221067   0.548665837393   0.567733988031
0.777178391743   -0.293123525895   -0.556841401097
0.82991324746   -0.37824654262   0.410089691026
0.229540746025   0.901476726288   0.366947895315
-0.508483084875   -0.210402625835   0.834970470997
-0.0177519286766   -0.526115342213   0.850227919864
-0.560111359339   0.709636630237   0.427423815628
-0.828227103015   -0.468634718853   -0.307280598342
0.831962913049   -0.0910131430187   0.54731555716
-0.100152571691   0.945615009412   0.30948621352
-0.545717118749   -0.312296112324   0.777601417522
0.758959729927   0.651030284285   -0.0118193609657
0.628278229857   -0.727427002046   0.275892048785
0.171016356639   -0.21681680202   -0.961115955608
-0.873740456339   0.420186331701   -0.244991962333
0.322699905537   0.877653076237   0.354386580924
0.363926346837   0.230583009835   -0.902435088887
0.784477102732   -0.260952439781   0.562582882304
-0.583016070843   -0.619552614861   0.525591874516
0.211395213824   -0.740309652504   -0.638164306414
-0.255693676015   0.456626014692   -0.85212289416
0.885463748433   -0.243172262395   -0.39600656688
-0.388039552438   -0.855780306801   -0.342148172925
0.982002216102   0.109858865079   -0.15363162869
0.188284155819   -0.505441532376   0.842067654062
0.0148567909687   -0.855838703911   -0.517029388574
0.00450922735622   -0.394304889754   -0.918968617954
-0.753673415631   0.602649298735   -0.262278869346
0.657233633832   0.693784892204   -0.294459630357
-0.232220662425   -0.971507506235   0.0473996758578
-0.970376399807   0.228059825784   -0.0797393162753
0.0666573824851   -0.0645126436577   -0.995688160103
-0.497303604206   -0.864209909353   -0.0763567797907
-0.093242950252   0.140742177881   -0.985645672437
0.862551376714   -0.483045413953   -0.150573073909
0.94212550954   -0.293541633329   0.161965532683
-0.304052488814   -0.54456626111   0.781664679582
-0.141250162198   -0.785672257855   -0.602301830411
0.039792905395   0.121392800999   0.991806590292
0.734617513481   0.66927519198   -0.11139042278
-0.67731354155   0.73303103977   -0.0625448732267
-0.720644070013   0.60148396666   -0.344803077431
0.670342340069   0.731431294643   -0.125097595214
0.176955563533   -0.321286941952   -0.930301794831
-0.236694945875   0.907851104751   0.346095180839
0.91984801226   0.324081745983   -0.221021845668
-0.312818057246   0.26604021035   -0.911793545457
-0.749634938084   -0.132982048464   -0.648354250692
-0.535686252809   0.697223058791   0.476361464481
0.388700010491   0.704411655977   -0.59389941974
0.665968026627   -0.737965013854   0.10906065211
-0.180036073078   -0.300875043817   -0.93651546725
0.723929278246   0.604054506097   -0.333233482356
0.0336310669812   0.251692370604   0.967222777809
-0.926417044865   0.370964027591   -0.0643206748768
-0.374993880372   -0.89388849462   0.24564801825
-0.303593110153   0.0526280706821   0.951347207724
-0.945565302975   0.106183575982   -0.30762201807
-0.117207001827   -0.992952835923   0.01752667552
0.842376941887   -0.459009527495   0.282331970286
-0.505634896134   -0.492042211054   0.70868033298
-0.186371777875   -0.739732868142   -0.646576247786
-0.00935383189664   -0.991888185365   0.126768819362
-0.44315828505   0.117756788201   0.88867546001
-0.89639457842   -0.0478661317227   -0.440664944389
0.756493784017   0.558692384183   0.339970549607
0.27383679487   0.201478814703   -0.940435907971
-0.593911242964   0.804530364301   -0.000573060869322
0.809589270309   0.496528691473   0.313088600789
0.35979628902   0.00167894811536   -0.933029373353
-0.463801513374   0.868018686249   -0.177289922205
0.557920924358   -0.790580107147   0.252403122697
-0.0886413754095   -0.359167881577   -0.929053894782
0.825146622564   0.495965247801   -0.270465384558
0.0819909471521   -0.99395461136   0.0730185944955
-0.949379584356   -0.100185781689   -0.297726743769
0.303242294862   -0.0449114651782   -0.951854542933
0.661409692688   0.636224508464   -0.397184583346
-0.231397941777   0.676825549644   0.698829140699
0.713436900475   -0.3703046721   0.59488002056
0.564827485894   0.819399273672   0.0977483579652
0.818882837452   -0.571190478504   0.0563234923729
0.1019843601   0.0482313961331   -0.99361608417
-0.89363382078   0.415762225644   -0.168998124506
0.447250586797   0.856234923046   -0.258512415884
0.037222398747   -0.306599948279   -0.951110385154
-0.175914786   0.867867834295   0.464606726451
0.72637666851   0.432981501434   -0.533763950507
-0.664402681746   0.243582514999   -0.706566794348
0.841631399092   -0.27309152303   0.46591588094
-0.453069654991   -0.82656474594   0.333944020004
0.293912360729   -0.492150120206   -0.819392325685
-0.194014903316   0.81785942032   0.541723348108
0.643690626214   0.52284901065   -0.558830287105
-0.740284131273   0.240280837056   -0.627888942671
-0.512854513689   -0.837496845924   0.188624709029
-0.855499360371   0.516867211186   -0.0311308593939
-0.071421930763   -0.177333919679   -0.981555698235
0.380980476984   -0.61916663176   0.686648788153
-0.736384818826   0.245887972282   0.630298741621
-0.559098627041   -0.745769258687   -0.362266390987
-0.318163527563   -0.333163098351   0.887566515607
-0.35788220723   0.909154005206   0.212977277111
-0.877890822071   -0.249882661892   -0.408492790399
-0.692451407129   0.701923270307   -0.166777610504
0.703761367865   0.708059956493   0.0580606158418
0.158842644985   -0.0771674841588   -0.984283594053
0.256093564738   -0.78994619753   0.557136510298
-0.614995961967   -0.577813376684   -0.536574010263
0.74578552739   -0.205223553063   -0.633788009041
-0.368794470817   -0.877833363017   0.30561286797
-0.847055978157   0.182012327997   -0.499367281993
0.382735950967   -0.443035099322   -0.810699138156
0.312996036178   -0.933222621322   -0.176434181468
-0.815255007848   -0.16869432349   -0.553986910856
0.487229672244   0.317234557189   -0.813615070048
-0.855372962762   0.434902002662   0.281420224319
-0.197246021262   0.22889562246   -0.953257992946
-0.478989667604   -0.870900133252   -0.110008437083
0.815221886747   0.226709820639   0.53293145206
-0.467123532257   0.801359061586   0.373656607095
-0.342357825937   -0.553557866568   0.759186938362
-0.941691292031   -0.0293223041839   -0.335198020565
0.197629266123   0.758056828635   -0.621524350071
0.272323674484   -0.651529007057   -0.708060568933
0.613798131207   -0.788497696324   0.0390286691891
-0.542685474775   -0.385511066417   0.746239702199
-0.573362302209   -0.479220826511   -0.664532218815
0.80410056344   -0.454897014053   0.382741414641
-0.587380950867   -0.707213715665   0.393487457151
0.0916837086618   -0.541218502069   -0.835868787899
0.867146383818   0.395850396593   -0.302257526868
0.432210660044   -0.899656895365   0.0617366663129
-0.247489584378   -0.184173652133   -0.951224984683
-0.277077014224   -0.890731223428   -0.360314051627
0.0159130924098   0.370690618929   -0.928620072219
0.960715931834   -0.263032987759   -0.0885355616229
0.679339685489   -0.239508264899   -0.693637789314
-0.619207238141   0.320161658359   -0.716992962832
0.3938019654   0.91658731366   0.0691932690756
0.924297394621   -0.209639799153   0.318944322582
-0.365524803602   -0.245706283591   0.897786188441
-0.109845092053   -0.946403495775   -0.303734224178
0.899986745525   0.381740290869   0.210471395222
0.364486405526   -0.923826998819   0.117018530325
0.239109845189   -0.0286011639622   -0.970571200559
0.0840386240789   -0.15806657008   0.983845754723
-0.308305836534   0.934767047319   0.176516510294
-0.947567950504   -0.318159593082   0.0298236903743
0.431222189226   -0.326362760053   0.841150861837
-0.876069523834   0.0714796139706   0.476857268159
-0.215753593083   -0.942538070126   -0.255092872175
0.897102353174   0.231884607592   -0.376080970925
0.388787729998   -0.818671981816   0.422634933711
-0.209884418032   -0.525362460547   -0.824586451572
0.0922955486459   0.0561111341466   0.994149421528
0.960848408475   0.256934758194   -0.103705669869
-0.261250583983   0.96479846116   -0.0302003594688
0.572300623618   0.184408013114   0.799040475136
0.724856678754   0.341894927444   -0.598072448666
-0.383477237229   0.921467060338   0.0619973002669
0.871003782387   -0.380161129505   -0.311175074002
-0.486786399687   -0.753282079161   -0.442272665101
-0.0662677308133   0.536696958095   -0.841168807686
-0.598932677602   0.659862692064   -0.453718938686
0.762364431838   0.643258762744   -0.0708423405993
0.245112465553   -0.388328973648   -0.888324539488
0.843835801288   0.536601349268   -0.000363907223518
0.266575429413   -0.419793228999   -0.8675892953
-0.465702352257   0.732005899464   -0.497281290873
-0.382142155546   0.869846264404   0.311985335004
0.520708822963   -0.0762250093547   0.850324684834
0.763432835712   0.487398424548   -0.423807835115
0.368141754692   -0.92132285207   -0.125043395291
-0.692947096574   -0.182210242429   -0.69758422352
0.619916099003   0.343458337804   -0.70550719372
0.0639822386637   0.682931649332   0.727674814375
0.981237529676   -0.175943116306   0.0788475121918
0.181876836046   0.708976996922   -0.681375398987
0.138494813071   -0.151012362076   0.978782127571
0.822549071118   0.567966499213   -0.0287590224903
-0.551572490571   0.809079305305   0.202875492292
0.438451280485   -0.655278312793   0.615118531199
-0.858648717534   -0.103237178942   0.502060220253
-0.265486072172   -0.748299684396   -0.607918356208
-0.0892510104232   0.277250999211   0.956643162613
-0.717662388961   0.648108044838   -0.25478747553
-0.690648211906   -0.709286857098   0.14112831657
0.378960299859   0.690063721523   -0.616604534015
0.76899179748   -0.60549292871   -0.205012020844
-0.514821043217   -0.396472412053   -0.760111123416
0.820542546427   0.54063136267   -0.185546919137
0.355676758895   -0.228829064114   0.906162955874
0.44744158578   -0.809539986112   -0.380053993796
0.945989716529   0.201809086786   0.25372534109
0.29297211223   -0.197035699929   -0.935598351008
-0.138819298644   0.959400867961   -0.245518180345
0.34625521247   -0.258166640235   0.901918684643
0.790817044961   0.597523753478   -0.132566079478
-0.504693698432   0.759154365   0.411058293754
-0.534121594397   0.0739862083778   -0.842163976532
-0.812786817482   0.229109687069   0.53561771873
0.232576249273   0.9705847682   -0.062237416504
-0.686322405966   -0.422215250306   -0.592195776309
-0.374700870346   0.9031325194   -0.209644723673
0.623346462917   0.0780124016488   -0.778044505384
0.209075453722   -0.358331153764   -0.909882541262
-0.977638949968   -0.0980685590024   -0.186023227691
-0.0225729518776   0.928429502966   -0.370822221376
0.878515252429   -0.447666326115   -0.166750747259
-0.288599785972   -0.219189721934   -0.932022547654
0.380685059841   0.866920253692   -0.321757919799
0.26707437013   -0.297059754067   -0.916747938821
-0.0903555643558   0.939393234154   -0.33072076381
0.959430639916   0.171160317068   0.22404685459
-0.496193009281   -0.860419135719   0.116066396639
-0.181205709733   0.233371789391   0.955354436153
-0.849091860932   0.453008298825   -0.271710310615
-0.703069793437   -0.685795721395   -0.188087995557
-0.631367819608   0.723692903549   -0.278645397803
0.327211769227   -0.0771544546265   -0.941795969523
-0.17127572308   0.975023762046   -0.141397631274
0.651458074979   0.219745255936   0.726164168105
0.739098777721   0.0322596642905   -0.672824130684
-0.127625239814   0.779285651053   -0.613535387916
0.952336640833   -0.0765213809903   -0.295295446592
-0.27706807952   -0.621979382547   -0.732376219574
-0.729251768748   -0.680984306113   0.0667250523163
-0.680402890344   0.732020468368   0.0346112799786
-0.0724138425283   -0.0201595813113   -0.997170911475
0.553571309173   0.357970315531   -0.751941526223
-0.0556252658529   0.916782574873   0.395494045731
0.830942016906   -0.177107209364   0.527416724168
-0.634319240621   0.193090896376   -0.748568638613
0.140456470573   0.980974356711   0.134019742386
0.760204630907   -0.0201300077422   -0.649371774822
-0.0175868157885   0.898858958581   0.437885003728
0.916247239505   -0.160819070936   0.366917187553
0.400227060566   0.407663830873   -0.820748744129
0.224025351142   0.729364190866   0.646405847071
0.884614493767   -0.430520383366   0.179190951008
0.408986356083   0.531676665454   -0.741653614533
0.6683754848   0.743816227332   0.00341046548333
0.57619983222   -0.520648076175   0.630015344356
0.470391288893   -0.419121701577   -0.776575195716
0.972912371094   -0.0049850814417   0.231120460227
0.0916035578912   0.926241127521   -0.365631182849
-0.212250574449   0.376898557509   0.901608102777
0.880334367437   -0.185256894135   0.436682132317
-0.299350325455   0.497151699376   0.814389078057
-0.367968455386   -0.847655632308   0.382203015238
0.364159392739   -0.804040438428   -0.470007351062
-0.865860630595   -0.478162280567   0.14712648242
-0.343035428296   0.353383370881   -0.870314246763
0.337398730309   0.758683251855   -0.557280737277
0.90477181187   -0.42480020326   -0.0305410503456
-0.259903953859   -0.493907390778   -0.829762269631
0.401506500755   0.806194913306   0.434559882653
-0.3888049141   0.57964697795   -0.716128563685
-0.829230528034   0.118571255849   0.546184573805
-0.593289779897   0.604317974493   0.531796034937
0.471805653056   0.796308366165   -0.378539841654
-0.652232062087   0.026320556219   -0.757562251901
0.900085912195   0.4041256245   -0.162873663586
0.204768227414   -0.0623832302709   0.976820508396
0.384597612719   -0.912573729736   -0.138902354505
-0.0494521902063   0.998090112873   -0.0370217161803
0.998104958119   0.0507440120663   0.0348071518305
0.0366193045119   -0.0352302685848   -0.998708092844
-0.499067067996   0.810491227346   -0.306652950478
-0.343191769174   0.14007764356   0.92876135974
0.795708157061   0.56875497727   0.208245779349
0.695632233238   -0.647233279542   0.311744892394
-0.717790147413   -0.644040754014   0.264553985884
0.029548271658   -0.407799692279   -0.912593179143
0.310444597793   -0.925780337974   0.215765885907
-0.752525474987   -0.37802824976   -0.53925879861
0.58080079304   0.00504065506223   -0.814030116519
-0.927397554604   0.101872303322   0.359938619114
0.373944967643   0.226883531292   0.899271385291
0.00994670237793   0.968579318922   -0.24850586727
-0.333299501373   0.17507290434   0.926423726245
0.942244768339   0.0962017056937   0.320811515315
-0.0329581389278   0.979844227409   -0.197025508732
0.770960400099   0.472608859546   0.426920282205
0.588473300048   -0.27227200201   -0.761293065811
-0.243555407678   0.838157993937   -0.488028626815
0.355851552008   0.286554382256   -0.889525861874
-0.537436336341   0.841438656131   0.0560640022495
0.764546831341   0.458113058074   0.453431989066
0.999905837165   -0.00490272936078   -0.0128171778375
0.00485665596347   0.999981642062   -0.0036233178937
0.0128347066875   0.00356072808864   0.999911291825
0.721656794474   -0.659005320233   0.21195154846
-0.470945657942   -0.691777257556   -0.54740699045
0.507367379968   0.29522231256   -0.809581452302
0.866255363138   -0.1884683474   -0.462689234652
0.223946358116   0.974344145673   0.0223945189635
0.446597889069   -0.123016941197   0.886237641752
