0.07162333005476873	0.9895078072551449	-0.12547668298524897
-0.9895078072551449	0.054664267550635026	-0.13373898920758895
-0.12547668298524897	0.13373898920758895	0.9830409374958663
0.7850341529379145	0.2601412164239543	0.5621813997621377
0.2127192392397762	0.7391465379729636	-0.6390719213514494
-0.5817833823497385	0.6212800841166951	0.524918234681984
0.9919745225565574	0.12429369774427984	-0.023186705236918022
-0.12429369774427984	0.9249849504678593	-0.35910154289424234
-0.023186705236918022	0.35910154289424234	0.9330104279113021
-0.6070186053161724	0.35553041092231963	-0.7107225476298152
0.7393894624725896	-0.07510960413944345	-0.6690753097749987
-0.291258709027736	-0.9316419238502646	-0.2172825122739379
0.7316812772420087	0.6737383571115856	-0.10353325403021217
-0.6737383571115856	0.6917320162291926	-0.25996815935817547
-0.10353325403021217	0.25996815935817547	0.9600507389871838
0.22953330044357456	-0.8102024226621135	0.5393389456546984
-0.9490039360115029	-0.06325794578742161	0.3088526537516406
-0.21611569452993212	-0.5827267512369735	-0.7834050931482686
0.9469204564687871	-0.1166285699898531	0.29956539483569516
-0.20089432908059607	-0.9421816532228415	0.2682073840771925
0.2509643752890062	-0.31415204756995524	-0.9156010994660304
-0.9943054053787268	-0.10433158771975275	0.02171820983693988
0.10433158771975275	-0.9945419191229352	-0.001136182707326307
0.02171820983693988	0.001136182707326307	0.9997634862557915
-0.9864007716868846	0.05655666938279475	0.15432064270163118
0.06569402419380363	0.996335893739736	0.054763875237838495
-0.15065793308267308	0.06415707283041243	-0.9865019296509716
-0.8871095026421356	-0.4603038592854944	-0.03401598813649348
-0.22752537397751876	0.3719896135191325	0.8999199584575711
-0.40158303564569625	0.8060670471869981	-0.4347263287642251
0.8904253199405276	-0.45067496211586	0.06352029699770934
0.030291368662033552	0.19793860928969886	0.9797462630380587
-0.4541202292272277	-0.8704667629923202	0.18990111092956274
0.20269913192032507	-0.36385634249833687	-0.9091323467694238
0.6742983035146132	0.7250939617151231	-0.13985901673321718
0.7100949653363707	-0.584677097813828	0.39232363106998536
-0.45192059058249634	0.8578883338637561	0.24453095188142643
0.7943533793295307	0.2622736320349719	0.5479190183657975
0.405919312863188	0.44185987434893076	-0.7999933517755162
-0.837474344105263	-0.5029002169425215	0.2138412840511038
0.531243982217165	-0.840957468877193	0.10281228962392436
0.12812710222083618	0.19970455012049665	0.9714430185747702
-0.00614799526129417	0.505172402264478	0.8629965504824474
0.5823429617395196	0.7033823553050634	-0.40759040366272853
-0.8129199696567379	0.5000541033086698	-0.29850798431105763
0.7296051462368237	0.6738223596772469	0.11678937530327813
-0.6821838090642595	0.7051354600093139	0.19341466771688023
0.04797479791850143	-0.22078815782654668	0.9741411643741572
0.9815240456183474	-0.04916274471234787	0.18491504104680298
0.04916274471234787	-0.8691826458474239	-0.49204121035744564
0.18491504104680298	0.49204121035744564	-0.8507066914657713
0.09953876989428978	0.868433772354926	0.48571063023298594
0.9243461869143366	-0.26140089437038383	0.2779454967422391
0.3683424493930317	0.42129841615624	-0.8287529695388041
0.9284980129463888	-0.04203493910691685	-0.3689505439064773
0.0043016496655110675	-0.9922881357142312	0.12387797032132222
-0.3713124503228552	-0.11660754527496484	-0.9211567426991911
0.8646862141499532	-0.3607511836825421	0.3495373149331356
0.3607511836825421	-0.038224998947435695	-0.9318784432140886
0.3495373149331356	0.9318784432140886	0.09708878690261113
0.20011856522848426	0.9786013763687389	-0.04787385528764826
-0.6719237671006593	0.10151499917211027	-0.7336301221653492
-0.7130715329166855	0.17898058864663574	0.6778605592830668
-0.49572382693806105	-0.8415070799978271	0.2147643399622342
0.36626898704167254	0.021649012216021557	0.9302571415482591
-0.787467406650809	0.5398121474954053	0.29748601459404467
-0.28115451948190473	-0.17262946163388726	0.9440080535413318
0.8725651746427017	-0.4554637005938842	0.17658661739236314
0.39947734876417135	0.8733566776622936	0.27868613422097155
0.15896240749359047	0.6337399994716273	-0.7570367006120268
0.7554479263399358	-0.5717495751022645	-0.3200013343082657
-0.635633057347187	-0.5210336231377793	-0.5696442573812062
-0.19676799426597236	-0.9164137216339645	-0.3485229507988432
0.4388648070911854	-0.4001965657389095	0.8045125169117004
-0.8767439977150473	0.00534785674539956	0.4809276067131808
0.9417657886132945	0.007062875197915847	-0.33619535272147666
0.18024127799092077	0.8334278346096813	0.5224089645153663
0.2838842741431428	-0.5525831704745959	0.7836208002614942
-0.07316647240848106	-0.023235629764173094	0.9970490323072188
-0.8511217121735823	0.5225550184648036	-0.05028005314196199
-0.5198446867882835	-0.8522888936192416	-0.05800985632873279
0.9999891146593272	0.004485670673519774	-0.0012842591108276013
-0.004485670673519774	0.8484714439390721	-0.5292221533331297
-0.0012842591108276013	0.5292221533331297	0.848482329279745
-0.9602415203899237	0.25390249193409187	-0.11605923965331572
-0.25390249193409187	-0.9671129936082985	-0.015032703803810471
-0.11605923965331572	0.015032703803810471	0.9931285267816251
0.2032376920847726	0.2473185023932313	0.9473795432085411
-0.14569222570497567	-0.9491633327662252	0.2790389634105631
0.9682294231664236	-0.19473706916270567	-0.15687338209120716
-0.33411925734711323	0.8472161533030371	0.4130243472874432
-0.24384422633722685	-0.5009880684739159	0.8303920450779707
0.9104418241446365	0.1767363709856573	0.3739785288208497
0.6321669433542857	0.18579740919371665	-0.7522262149559813
0.4970179339789924	-0.8420168883011021	0.20971583897975898
-0.594422517266425	-0.506445340143073	-0.6246398869861054
-0.33240115204578546	0.8090848615542372	-0.48465571380351613
0.09176295283854913	0.5391818806161885	0.8371752863657291
0.9386634298858059	0.2338045902435431	-0.25346869427221974
0.7595656766929588	0.49476962612191033	-0.42221203187160883
-0.2759980862960437	-0.34261607219067547	-0.8980196453516789
-0.5889694721722757	0.7986346124128472	-0.12368393875233763
-0.4824627822200602	-0.8618154217245582	0.1565370328395188
0.8618154217245582	-0.49899192746679955	-0.0910012923023083
0.1565370328395188	0.0910012923023083	0.9834708547532607
0.7406729285642233	0.25463907369148076	0.621741550036381
0.6090911643131073	-0.6450635785727363	-0.4614118909983121
0.28356933269978335	0.7204525811935714	-0.6328795397259417
-0.32986325487741763	-0.840108161175526	0.4305908854213616
0.840108161175526	-0.4692824845823864	-0.2720151230914534
0.4305908854213616	0.2720151230914534	0.8605807702950312
0.37997318328360064	-0.4474597308675784	-0.8095678904435635
0.8736514352609198	-0.1139347521748737	0.4730243565752036
-0.30389726825337265	-0.8870167199657314	0.3476316856234096
0.7258668307889834	0.5771840390326765	0.37413357112972784
0.6658304133252825	-0.7260927599531981	-0.1716367228614859
0.17258970030520576	0.3736949143746445	-0.911353337799937
0.9936260264448307	0.025840956747914066	-0.10972494942267706
-0.025840956747914066	-0.8952372425351502	-0.4448398864000533
-0.10972494942267706	0.4448398864000533	-0.8888632689799809
0.997646385023413	0.02358358306989367	-0.06438559667582035
-0.02358358306989367	-0.7636888803192845	-0.6451535543467644
-0.06438559667582035	0.6451535543467644	-0.7613352653426975
0.7280923092242972	0.382607177316101	-0.568764746722787
-0.382607177316101	-0.46162518715018486	-0.8003211445755773
-0.568764746722787	0.8003211445755773	-0.1897174963744821
-0.16902039238051225	0.3466988350684501	0.9226223630075943
-0.5690311780637951	0.7299975706737774	-0.37855919642998087
-0.8047581160515667	-0.5889851140500606	0.07389797072024318
0.8916640765548948	0.320470947913736	-0.3197398100405677
0.4447145505949034	-0.48803278296075536	0.7510346005642843
0.0846412610414088	-0.8118635195024175	-0.5776793943273972
-0.2346795649107991	0.6288394391954348	-0.74127354028432
0.7974991335745025	0.560569105150748	0.22306369112521973
0.555806291581155	-0.5388165161377858	-0.6330530216150487
0.11833699885574789	0.8791375405627644	0.46164222020420587
-0.05445710228029005	-0.45846334751418105	0.8870432813551576
0.9914790863719964	-0.13010973737328474	-0.006377893665318934
0.050635257975121584	0.969257432901262	0.24078226557503957
-0.6932731554291456	0.20765418242904143	-0.690110188651814
-0.71889387437306	-0.13198397359294162	0.6824747820275185
0.1390373616882168	0.9863381693617774	-0.0883494635797975
-0.5115351180291636	-0.004858032679755819	-0.8592486383703917
-0.8479389335781615	0.16466151699331694	0.5038711638343575
-0.3865788945117601	0.5315421446012917	-0.7536708212679626
0.33488168951138364	0.8423284912965958	0.4222996173097982
0.8593084500620642	-0.08913843874928623	-0.5036301484117813
0.9561394943196903	0.03850380966692649	-0.29036997786138324
-0.03850380966692649	-0.9661986715412529	-0.25490701001159527
-0.29036997786138324	0.25490701001159527	-0.9223381658609431
0.4736915866284924	-0.2344319877109166	0.8489157342724247
0.15806378397438797	0.9708990141410475	0.17991927227409538
-0.8663902821206384	0.04895658768593557	0.4969619015267366
0.4646814455986541	0.8854779241270474	8.827042704308921e-17
-0.8854779241270474	0.4646814455986541	-9.091378600469299e-17
-1.2151978014795938e-16	-3.591556499441519e-17	1.0
-0.7043752482182817	-0.3260954868687177	-0.6304896851981704
-0.13861811150868794	-0.8079356230688002	0.5727347100867854
-0.6961612807813998	0.49081744306848263	0.5238871144822306
0.06869034957232534	0.6686416936107273	-0.7404052413651663
-0.31182222254447045	-0.6905848336250717	-0.652579105622038
-0.9476542288213876	0.2757006948348345	0.16106082535654342
-0.8976691595685109	-0.43650427009540943	0.06044916995325494
0.43650427009540943	-0.8995947334387573	-0.013904594842189763
0.06044916995325494	0.013904594842189763	0.9980744261297536
0.9010239367831069	0.20922196333195914	-0.37997636163765797
-0.20922196333195914	-0.5577331678210418	-0.8032184532067389
-0.37997636163765797	0.8032184532067389	-0.45875710460414854
-0.5963209650677233	-0.4412584417462896	-0.6705910036738753
-0.176913846368891	-0.7425916509999582	0.6459559821134258
-0.7830088106679666	0.5038339284454674	0.36475824180344985
-0.3407294742033111	0.9388863393027347	-0.04894759728368303
-0.8952855783050033	-0.33991864457207277	-0.28795667790721724
-0.28699679212181306	-0.05429324951589573	0.9563917002822606
0.643309149506397	-0.5434021829790655	-0.5393212453584064
0.361643517726952	-0.4052133009317578	0.8396523964320382
-0.6748090872590795	-0.7351981013859972	-0.06415954699803472
0.7586634466309226	-0.5100405083435541	0.4053251220868727
-0.5777052485406632	-0.8142757704853343	0.05667111617999156
0.30114186117951086	-0.27715275472050527	-0.9124143411828731
-0.6918650612268888	-0.626872410116427	-0.3582648719709135
-0.3617389352309721	-0.12848135649302272	0.9233837142660006
-0.6248741311588083	0.7684552833239775	-0.13787239658463024
-0.8962755827007458	0.10227666862131113	0.43154323411468876
0.1878391967829977	-0.7939164525047795	0.5782846207484204
0.40175429805586005	0.5993631199014106	0.6923563638009624
0.5794521460763915	-0.26460541901938506	0.7708561361454157
0.26460541901938506	-0.8335123408164085	-0.4850166491290026
0.7708561361454157	0.4850166491290026	-0.41296448689279996
-0.44221062946555456	0.4110636873142657	0.7971677390356924
-0.46875687475023053	-0.863668038545558	0.1853227227548356
0.7646677393234755	-0.29172618011839213	0.574612116363253
0.7994293175883647	0.17597125697033306	-0.5744100302923711
0.13221111497537053	0.8811641681399239	0.45394925912842427
0.5860315582433859	-0.43884373700277063	0.6811631135317532
-0.6326983440555025	-0.03207052843803454	-0.7737339895824213
0.5214189234240261	-0.7563582134420059	-0.3950247577736701
-0.5725514053120075	-0.6533710539689697	0.49526876956933497
0.9124629206953893	-0.3392698834278743	0.22870803342881593
0.3392698834278743	0.31491768648832064	-0.8864100613912729
0.22870803342881593	0.8864100613912729	0.4024547657929314
0.5755586541307898	0.04865051761983763	-0.8163120498868529
0.4996433002029218	-0.8111574258935048	0.3039411176201011
-0.6473706884139	-0.5828007871933127	-0.4911765815156177
0.9254307177524741	0.34602740460101405	0.1544118580460278
0.3637005850715384	-0.9254894354094827	-0.10578841791074302
0.10630085163704561	0.15405953463036126	-0.9823267219875045
0.6887055106840623	0.29957666044690845	0.6602564229667764
0.7248177893247855	-0.26187149793667586	-0.637230327940167
-0.01799699507518232	0.9174296393096746	-0.3974908364785088
0.22113755861326556	0.791980749090666	0.5690910939738492
-0.17001298582012492	0.6059089778748747	-0.777155000745122
-0.9603092027170679	0.07510528343873152	0.26863624397407215
-0.30290406723136765	-0.27895265563514127	0.9112818125962997
0.26675486301950946	0.8931651006793281	0.3620745033607427
-0.9149267561450686	0.3527626948000427	-0.19613136426200195
-0.169550514762854	-0.011350737200553095	-0.9854561297737489
0.08068062133215148	-0.9967371138864598	-0.002400654650180467
-0.982213449452363	-0.07991424507742927	0.1699130752726088
0.6645738881427159	0.6059511622446414	-0.43722389707476117
-0.6059511622446414	0.09465780404674251	-0.7898500421645978
-0.43722389707476117	0.7898500421645978	0.4300839159040266
0.18771486085797207	0.3637580778017008	0.9123832483376074
0.8857461346920651	0.33878095527361707	-0.31730308731867335
-0.4245196295710464	0.867702440458656	-0.2586030914953541
-0.4676654862312488	0.17528341698174932	0.8663513817841416
-0.6228153363726481	-0.760841776171922	-0.18226587286318785
0.6272081391110248	-0.6248163853187244	0.4649886395065246
0.17909094260908243	0.8057365597228496	0.5645485192624073
0.4644940509782709	0.43659738770796286	-0.7704725807271652
-0.8672783353002573	0.4002140894228604	-0.2960692009416799
0.2522064531539302	0.35955530222094695	0.8983940614409235
0.5325038986540276	0.7236240763630122	-0.4390988431162609
-0.8079798901617389	0.5891419020512639	-0.008961938498077249
0.27973124237077385	0.7717722009494752	-0.5710675107929942
0.24775607649740877	-0.6326952081780597	-0.7336986439316431
-0.9275598948856693	0.06375298730353668	-0.36819586908269586
0.9505255614601053	0.23900748148471893	-0.19843533154477144
0.2966647130145711	-0.887890524685867	0.35162546014905965
-0.09214773498536893	-0.39309774861653374	-0.9148677253951407
0.7491350094525837	-0.029609069154758805	0.6617552724657854
0.5692050423413024	-0.48221316157860006	-0.6659400022326385
0.3388249657060609	0.8755534077508689	-0.3443891298954238
0.6088982209878527	0.3394193191489958	0.7169640732046901
0.0247288438669718	-0.9115158165701958	0.41052088914374624
0.7928628133282775	-0.23223574645347161	-0.5634138064605514
-0.7435778459706999	-0.2013278568469606	0.637619856214487
0.5283424725265043	0.40754503004860976	0.7448229858209652
-0.4098124189262124	0.890715522790575	-0.19667139790462396
-0.7650199359510299	0.4189883624516217	-0.489073869397651
-0.4189883624516217	-0.9005386600490148	-0.11609855247690838
-0.489073869397651	0.11609855247690838	0.8644812759020151
0.04045591917138047	0.9554104675608484	-0.29249642233565865
-0.9554104675608484	-0.04870533854309489	-0.29123637903353317
-0.29249642233565865	0.29123637903353317	0.9108387422855245
-0.4534037833875142	-0.888781785457953	0.06702198928755457
0.888781785457953	-0.4564944228226142	-0.04098511644513467
0.06702198928755457	0.04098511644513467	0.9969093605649
0.9920288387025415	-0.006973311215279221	0.12581794829507284
-0.1255663366588314	-0.13851450285185796	0.9823679695499969
0.010577252978338718	-0.9903358548645997	-0.1382859945512731
-0.4734091760860548	-0.8546083690595343	0.21337358676960308
-0.8802795865008894	0.4503560657539908	-0.14928919461371057
0.03148970605365839	-0.25850328735238526	-0.9654969957698802
0.10427724163377428	-0.04987722639036529	0.9932967930909954
-0.9838642534295281	0.14082664409635326	0.11035844841296188
-0.14538702727825747	-0.9887770823599036	-0.03438740611078339
0.8625196919185387	-0.37462910575390923	0.3401658627416561
0.37462910575390923	0.02085141382439981	-0.9269402632659506
0.3401658627416561	0.9269402632659506	0.15833172190586098
0.3971431405854541	0.4423075906789281	0.8041401128620085
0.2460501495917009	0.7928106905749682	-0.5575935193274251
-0.8841587243090596	0.41930323649817414	0.2060294786925705
-0.2804284334375118	-0.7093019497004182	0.6467229993366317
0.7093019497004182	-0.6070774104116556	-0.3582565587942029
0.6467229993366317	0.3582565587942029	0.6733510230258561
-0.775486131196855	-0.6159173663699963	0.13880582885881348
0.6219160174759913	-0.7830839209612175	-0.00019984696276217906
0.10881970193001288	0.0861705897383434	0.9903195958558072
-0.5927533617413443	0.7668940378289972	-0.2460020058590406
-0.750449962656943	-0.636801931291469	-0.1769411027761726
-0.29234962919854696	0.07972976260965309	0.9529820875870021
0.034501373683909486	0.8520698690104522	0.5222897601317051
-0.7344506853310326	-0.3328049899080998	0.5914583920353536
0.6777845129764324	-0.4040021992722075	0.6143210699239607
0.9909764876641748	-0.07240130292382616	0.11279916769067094
0.12638090995114432	0.22438939649223333	-0.9662697678918513
0.04464825300833721	0.9718062821760229	0.23151475855011883
-0.7594741504267783	0.019573292578712813	0.6502429554029413
0.11716598290235694	0.987317395672963	0.10712839330486842
-0.6398993258974789	0.15754760048691976	-0.7521353643439233
0.8630266172614824	0.08583144545085511	-0.49781323894611273
-0.08583144545085511	-0.9462155574981539	-0.3119440361992422
-0.49781323894611273	0.3119440361992422	-0.8092421747596363
0.07861297032361869	0.8789473543259924	0.470395099060605
0.9204307233337529	0.1172493297800733	-0.3729073319330528
-0.38291942290800846	0.4622814542997179	-0.7997928310320965
-0.3985506358097204	0.911430388146702	0.10223521046302737
0.8496622045843875	0.40889198728943366	-0.33298870976550526
-0.34529918736722476	-0.04584746768633591	-0.937372114429635
-0.9654246750327176	0.17063735005410574	-0.19707382272763874
0.2504218530777537	0.3970638684617497	-0.8829661261131678
-0.07241610552270895	-0.9017888772482743	-0.42606657758174515
0.5875862912533141	-0.8059717280966427	-0.07177690324949154
0.7399365483584457	0.49930003841530124	0.45076975945805015
-0.32746947145431016	-0.31797648521139105	0.8897497963574056
-0.6497125379416315	-0.36615871370234376	0.6661842195829087
0.1823105459152763	0.7757219743419994	0.6041674299157679
-0.7379949070891466	0.5139875629845486	-0.4372416977001239
-0.7951545566425267	0.4325767354259438	-0.4249783512355185
0.47338482726617975	0.004796930078854622	-0.8808426617597422
-0.37899345161202447	-0.9015843595748827	-0.20858956398907513
-0.9727842307678305	0.19535420785886723	-0.1246096859849786
-0.14410549789176028	-0.08893327186962807	0.9855579529545336
0.18145094611714854	0.9766921759829948	0.11466449985411498
-0.5791355144807786	0.6868135769922197	-0.43919149163688914
0.5164475774711732	0.7259300813038778	0.4542107625126268
0.6307804337415992	0.03623020172863453	-0.7751150991249376
0.9317668067675923	-0.35461078507314675	-0.07785761951107217
0.3628784900405499	0.9029108732787889	0.23037177861193275
-0.01139382604812477	-0.2429056319329408	0.9699830074301528
0.9978466296406799	-0.002568225813641748	0.06554012458720182
-0.05954469620253976	0.3835555017216329	0.921596227343197
-0.02750514258976017	-0.9235142561515965	0.3825766404472186
-0.3928720531846943	-0.2229523947655444	0.8921568132871885
0.2229523947655444	-0.9643127520449286	-0.14280457244725847
0.8921568132871885	0.14280457244725847	0.4285593011397656
-0.3395498239042809	-0.43457866606082574	0.8341746220614513
-0.7944785570988815	-0.342227512267826	-0.501681325302282
0.5034975068425375	-0.8330796557663429	-0.22906014003222097
0.4372417239634685	0.3444878561065315	0.8307513417506949
0.2911005520995951	0.8197915491863342	-0.49315543639909415
-0.8509289884548328	0.45746030743420324	0.25816646515269814
0.5421990016930688	-0.3678577290759497	0.7554475056032184
0.3678577290759497	-0.7044145614767956	-0.6070262076208393
0.7554475056032184	0.6070262076208393	-0.2466135631698645
0.044855765378897905	0.9977438651701206	0.04995137463235644
-0.5898459661531598	0.06680696248413853	-0.8047475169122853
-0.8062689976212153	0.006633948977167625	0.5915118715595227
-0.996425910527075	0.0797228343837259	-0.027922652239984913
0.02704879939895253	-0.012020309176345112	-0.9995618413176748
-0.08002354204460929	-0.9967445920822096	0.00982094056109517
-0.5839253364184247	0.333189808996704	-0.7402808606666591
-0.1300403295891635	0.8617265701805197	0.49042515323468033
0.8013243501660057	0.38263803970026017	-0.4598558648156732
-0.827912693957207	-0.004027160497402038	0.5608425386530957
0.5532806928241081	-0.16967229855422739	0.8155315972121501
0.09187516602758278	0.985492310006351	0.14270199993605792
-0.935306191231619	0.25634497662579997	-0.243904861785327
-0.018328806079429882	0.653284622913191	0.7568905180624687
0.35336437781913455	0.7123948725418282	-0.6063226550811107
-0.5828678268728895	0.5294217632807914	-0.6164233066336253
0.17122549288215358	-0.6615541786213459	-0.730087597029219
-0.7943216772717072	-0.5310919556096604	0.29494814409141135
0.2963772818006757	0.7319263050418726	0.6135506424250524
-0.11064424962855612	-0.6117752198411592	0.7832553417707633
0.9486402673598547	-0.3000249395901165	-0.10033283992477382
-0.24108739585747596	-0.22401600938886512	0.9442953431507265
-0.8171897457444689	0.5717265019368167	-0.07300497540018303
-0.5235243900801095	-0.7892690507808975	-0.32089963924982845
0.9984368963520692	-0.04615104153209109	0.03152531313643991
0.04615104153209109	0.3626214981433631	-0.9307930653210552
0.03152531313643991	0.9307930653210552	0.36418460179129386
0.9994011827595268	0.010600578733563406	-0.0329378753014273
-0.009314267699323897	0.9991972184074402	0.03896361307758211
0.03332447022961029	-0.03863348880631568	0.9986976185145172
0.9504578519477258	0.07896604371151798	-0.3006563413790993
-0.07896604371151798	-0.8741347255902212	-0.4792210820256754
-0.3006563413790993	0.4792210820256754	-0.824592577537947
0.8550320677610275	0.5185691513625537	-0.0024896496586260565
-0.5185691513625537	0.8549893110263002	-0.008905800687944858
-0.0024896496586260565	0.008905800687944858	0.9999572432652728
