0.0627706757310511	0.9898097049483272	-0.12781467153019938
-0.9898097049483272	0.0453399468418163	-0.13498532220388554
-0.12781467153019938	0.13498532220388554	0.9825692711107652
0.7896740030603301	0.2641044918562015	0.5537723234977091
0.2085677845741064	0.7332904197481466	-0.6471357195700421
-0.5769873899215848	0.626525320866575	0.5239766924057906
0.9935372854630128	0.11146121024107368	-0.02144903276101382
-0.11146121024107368	0.9223503246665803	-0.36992739449660805
-0.02144903276101382	0.36992739449660805	0.9288130392035675
-0.60669769402769	0.322299400061317	-0.7266642999223221
0.7457329183487644	-0.0858415879944856	-0.6606917861314912
-0.27531858373985285	-0.9427376721499465	-0.18826937870185256
0.719334768189311	0.6857117797078441	-0.11116135319404498
-0.6857117797078441	0.6753077743069122	-0.27158564971394455
-0.11116135319404498	0.27158564971394455	0.9559730061176013
0.23180292675784164	-0.8010843008952115	0.5518435883524688
-0.9500161107320566	-0.06446703014070176	0.3054724068952459
-0.20913343227718412	-0.5950696975011148	-0.7759866381709781
0.9465593219406085	-0.11227239153446676	0.3023579999710057
-0.19905470325515368	-0.9409763561966333	0.2737530313821375
0.2537768215565362	-0.31930926572531254	-0.9130382892642694
-0.9947193405721424	-0.10133957659051228	0.01623957229048817
0.10133957659051228	-0.9948515515066905	-0.0008250340518867429
0.01623957229048817	0.0008250340518867429	0.999867789065452
-0.9866642071725802	0.04268080924598806	0.1570735203865097
0.05059952494954291	0.9976235929325321	0.04676382040922389
-0.1547043320640514	0.054088033302137545	-0.9864791200497467
-0.8817553915297314	-0.46967712945555073	-0.04371296803746691
-0.23989579218030346	0.3667137052539564	0.8988721084075861
-0.40614952714786634	0.8030718849799863	-0.4360253537952312
0.8887656741378372	-0.4523883974423198	0.07375848652111397
0.022256048162753728	0.2033199734104011	0.9788593651452546
-0.4578211930377326	-0.8683350311210318	0.19077219119552957
0.21264215333889802	-0.35542754563300394	-0.9101948002645893
0.6631890292615868	0.7365940049403743	-0.13270110531933765
0.7176096613692368	-0.5754133572408611	0.39234658430822433
-0.46334967402176597	0.8502231636176539	0.24985526136527642
0.7859148180393999	0.26398554436952426	0.5591507231060536
0.40944471955322564	0.4554472575523028	-0.7905205988575288
-0.8321440682832526	-0.5199254449494395	0.19290873830681038
0.5438037865702252	-0.8332210536614439	0.10010053669785542
0.10869080611019007	0.18820257019881853	0.9760973830708061
-0.004329776045177036	0.4985940919833187	0.86682477149579
0.5674489160970357	0.7149795192637376	-0.4084189205383291
-0.8233972192445744	0.49011041457280274	-0.2860223782636204
0.719612239696692	0.686012907999282	0.1074454025869858
-0.6907682496563488	0.6914977429308495	0.21135301461830372
0.07069264279552016	-0.2263120888947591	0.9714861752360018
0.9850977323783608	-0.04483426159342846	0.16604922959888566
0.04483426159342846	-0.8651137488828113	-0.4995679037741518
0.16604922959888566	0.4995679037741518	-0.8502114812611721
0.08206117494758192	0.8665052902611624	0.49237642664494136
0.92745936404094	-0.24723623788899318	0.2805233871306862
0.3648082943396406	0.4336390487766482	-0.8239369416145186
0.9352206905849421	-0.026590518272781485	-0.3530654390333452
0.02057222860206734	-0.9914104367450844	0.12915931760142152
-0.3534671743064244	-0.12805580912596454	-0.926640527085302
0.8656378824649332	-0.3606630236863585	0.3472653737230933
0.3606630236863585	-0.0318862262598818	-0.9321509812902182
0.3472653737230933	0.9321509812902182	0.10247589127518497
0.187547913979773	0.9810276025892236	-0.049098094870127174
-0.6801084376662946	0.0936296823657422	-0.7271079669452138
-0.7087159466083345	0.16975961103316234	0.6847652017187511
-0.4832425071439099	-0.8421251659595594	0.2393781196075634
0.37907515453221596	0.04519842027166865	0.9242613970199786
-0.789163295209328	0.5373846924341353	0.29738692949056245
-0.2665192667433318	-0.17366801186853448	0.9480542717103424
0.8796288449543597	-0.4459028129254814	0.16560125769269457
0.3939804253752411	0.8780718097506455	0.27160508342512724
0.15192964599331227	0.6318941759331206	-0.7600178505075714
0.76141797317481	-0.565111082685311	-0.3176352221536524
-0.6302063573106123	-0.5304330444533393	-0.5669927094392402
-0.17284604242108825	-0.9202046021535485	-0.35120896314700845
0.4454090719626397	-0.3910587752692487	0.8054090841915648
-0.8784844928812047	-0.017219885607764884	0.4774604395202896
0.9384793518439127	0.02738466705615787	-0.34424785572731303
0.16699992387742124	0.8365508047277637	0.521817761804125
0.30227062640548624	-0.5472045605800032	0.7805124196916283
-0.06704357591896293	-0.02197254720317038	0.9975080782116016
-0.8579986826692132	0.5115519619896787	-0.04639882242476728
-0.509257714193799	-0.8589713600312381	-0.05314868935535677
0.9998672754144358	0.01565948108417538	-0.004495798870853479
-0.01565948108417538	0.8475804372130196	-0.5304358425916945
-0.004495798870853479	0.5304358425916945	0.8477131617985838
-0.9606129023840111	0.2423504926390356	-0.13597459502047948
-0.2423504926390356	-0.9700431629257538	-0.01680775947640489
-0.13597459502047948	0.01680775947640489	0.9905697394582574
0.19610830714930527	0.2541736131058156	0.9470677411187487
-0.1342201478247751	-0.9497735687107358	0.2826926247647253
0.9713529141279855	-0.18255394429923832	-0.15214326681079737
-0.33646994879532777	0.8518397822169432	0.40144359378405897
-0.24348380719214774	-0.4904995019290219	0.8367352474006331
0.9096722537226727	0.18379125126069612	0.3724475355901029
0.6269750110085494	0.1864805674514472	-0.7563909924991279
0.5059495629800803	-0.8357653662044253	0.2133337581665146
-0.5923827945603208	-0.5164506274719487	-0.6183537612829211
-0.34079024373269307	0.8044898555990803	-0.4864751607377115
0.09399937103848854	0.5440144690117104	0.8337939648080186
0.9354283126039	0.2384204893545807	-0.2610163639217702
0.7526780984401785	0.4905425682037886	-0.43913969179352047
-0.28796836862342423	-0.354526665661143	-0.8895982587705282
-0.5920725452179323	0.7960394664306685	-0.12558371345017627
-0.9895295680038381	-0.04183278264342645	0.13813490631424655
0.04183278264342645	-0.9991204042745403	-0.002904489384951329
0.13813490631424655	0.002904489384951329	0.9904091637292978
0.733205237346968	0.26217438571102597	0.6274349937674998
0.6126199323751187	-0.6551389987865017	-0.44214218383425485
0.2951387781767778	0.7085601482909304	-0.6409645995452888
-0.3313315057442978	-0.8414917702501584	0.4267446940530965
0.8414917702501584	-0.46812015163505927	-0.26973157811873594
0.4267446940530965	0.26973157811873594	0.8632113541092385
0.3769383157368763	-0.4394892777491321	-0.815332251829273
0.8735041996276134	-0.12410919179448365	0.47073062545902256
-0.30807128941589046	-0.8896325551909993	0.33711422008269587
0.7276767264063932	0.5701586303384958	0.38132101711944166
0.6638664229909221	-0.7252558051603546	-0.1824428390111368
0.17253392208986962	0.3859056274942566	-0.9062609405665405
0.991532803288483	0.029055052704809386	-0.12656422841863013
-0.029055052704809386	-0.9002980423814901	-0.4343031646170416
-0.12656422841863013	0.4343031646170416	-0.8918308456699731
0.9967857437259087	0.027315598143546654	-0.07531294180184009
-0.027315598143546654	-0.7678648376751884	-0.6400292564876362
-0.07531294180184009	0.6400292564876362	-0.7646505814010971
0.723463271169422	0.3838389573090388	-0.5738192660766535
-0.3838389573090388	-0.4672232300890702	-0.7964735451457544
-0.5738192660766535	0.7964735451457544	-0.19068650125849218
-0.17650813567051316	0.34184529522566537	0.9230312411691152
-0.5756108547389475	0.7248422516191577	-0.37851797074163834
-0.7984466306202423	-0.5981183030134984	0.06882930808481857
0.8910467953043518	0.3250670560444059	-0.3168075403971118
0.4445459044972232	-0.48390509324154407	0.7538002384780986
0.091730841992158	-0.8125067813929405	-0.5756893110158414
-0.23724386360528116	0.6306249903670366	-0.7389367163067577
0.7958525886194195	0.562365716629801	0.22441804282904576
0.5570763021071778	-0.5348428949551685	-0.6353023464041092
0.1168744362570503	0.8779372142095199	0.4642915183972506
-0.04076065374075494	-0.46286119796680114	0.8854931284450287
0.9923098987998774	-0.12241633601266427	-0.018311346783115523
0.035172925638375596	0.9691250402830347	0.2440481952370142
-0.7044716148672909	0.19725334935000882	-0.6817703865792901
-0.7088600772707605	-0.14794516709446737	0.6896590595251262
0.1278325915863523	0.9892407062744873	-0.07114529905672123
-0.5149537922188708	0.004894506881292449	-0.8572039638742888
-0.8476328334884868	0.14621514576794853	0.5100389306124942
-0.38453013132545344	0.5370194315618608	-0.7508306788003577
0.3245977721670428	0.8400853843514906	0.4346180314980051
0.8641602076044826	-0.07659423688492667	-0.49735345426466426
0.9481072723031997	0.042708696577912195	-0.31506914708108474
-0.042708696577912195	-0.9648499347723318	-0.25930786838513675
-0.31506914708108474	0.25930786838513675	-0.9129572070755314
0.47711286941450404	-0.2339382076812017	0.8471341244607995
0.1328680372807349	0.9720418450999272	0.19359942160010307
-0.8687401190852324	0.02018827287402672	0.4948565844061693
0.47250726052215997	0.8813267775086854	1.0291856634483352e-16
-0.8813267775086854	0.47250726052215997	-7.231885388903757e-17
-1.123663122916124e-16	-5.653370488729446e-17	1.0
-0.7033214882003558	-0.3291298009558752	-0.6300892463440263
-0.13429500659033952	-0.8088832400697046	0.5724270740795177
-0.6980714400693798	0.4872181011180547	0.5247044753977037
0.0754676614337565	0.6664151113546659	-0.7417516642622841
-0.29644944998937894	-0.695244092307838	-0.6547926203860617
-0.9520621595666507	0.26930754068387824	0.14508994745359405
-0.8952101967843091	-0.4412733825399138	0.06226158876209873
0.4412733825399138	-0.8972556192085648	-0.014496746546624459
0.06226158876209873	0.014496746546624459	0.9979545775757442
0.9009415970563669	0.20763841351400525	-0.3810387485898383
-0.20763841351400525	-0.5647647298417895	-0.798703379960369
-0.3810387485898383	0.798703379960369	-0.4657063268981563
-0.5970380432191824	-0.44974073514188273	-0.6642882251726652
-0.16539858338043723	-0.7412674952727369	0.6505119592043089
-0.7849769955640453	0.49825271861388054	0.3681784143986748
-0.34183670280611467	0.9390874800865125	-0.03552989388399515
-0.8978722570360451	-0.33752848694244864	-0.28266575764909924
-0.2774402253813281	-0.06472422457708647	0.9585602203791125
0.642030205477149	-0.5399248947902325	-0.5443145443957256
0.36728175004813257	-0.4065942733182082	0.8365316568943579
-0.6729794434724965	-0.7369953900063386	-0.062741244591211
0.7556625633704915	-0.5002470416377751	0.42276114728412756
-0.5714352006071888	-0.8189773188660006	0.052325545291744366
0.32005609168919075	-0.28112105669214904	-0.9047292687080091
-0.6879782588504195	-0.6300346460164618	-0.36019752937528127
-0.3773120892566243	-0.11345222227710683	0.9191105377272023
-0.619936692453307	0.7682349497902953	-0.15966702624761409
-0.5319138795520155	-0.5224804150914346	0.6663946582812669
0.7941519707541109	-0.5809418788414158	0.17840734501574726
0.2939222211526139	0.6241159742019813	0.7239398998940628
0.5820668441604269	-0.26437177988347144	0.7689640764888609
0.26437177988347144	-0.8327664675027997	-0.48642324430906203
0.7689640764888609	0.48642324430906203	-0.41483331166322657
-0.44400952364845114	0.41727291027069263	0.7929305526108208
-0.4709950736033017	-0.8615136323513155	0.1896256889618657
0.7622461436772872	-0.2892707721617728	0.5790537426025637
0.789130985601882	0.18481596403577813	-0.5857604860354856
0.1282472154441833	0.8830615592509352	0.45139221781519484
0.6006870560398446	-0.43132973698880656	0.6731491058416044
-0.6398494283720904	-0.03654757882342305	-0.7676307598670433
0.5171848561778173	-0.7593026428656919	-0.3949421743464543
-0.5684298844644244	-0.6497105286351148	0.5047412162964706
0.8998735325269741	-0.3604158999111273	0.24561759820639303
0.3604158999111273	0.2973554764003109	-0.8841267441639782
0.24561759820639303	0.8841267441639782	0.3974819438733368
0.5818086043834909	0.05619785364588317	-0.8113818762524403
0.5120377994041589	-0.800403374161724	0.31172380501314556
-0.6319145827140571	-0.5968217823405269	-0.4944569953769449
0.9213164890093286	0.3574849472672215	0.15290663673260094
0.3750958437251051	-0.9207350571054473	-0.10747121771516216
0.10236715830614442	0.15636964889127347	-0.9823795080344175
0.6852320012077149	0.3023742010926674	0.6625910858398575
0.7277196033141602	-0.24716604176903778	-0.639791471300226
-0.029686419001821784	0.9205861123815617	-0.38940971510357936
0.2273348002476797	0.7911560935310991	0.5677947906285845
-0.17828961823254025	0.607020276547183	-0.7744283026149525
-0.9573566214461791	0.0748225870255243	0.27905175119315273
-0.29202789189791445	-0.3008127840619836	0.9078718958633636
0.2520918264378886	0.8914719055958195	0.3764671998681529
-0.9225884355425604	0.3388060071460315	-0.18450221712731207
0.2599562568344438	-0.31019789615788873	-0.9144397245044882
0.5753714137367294	-0.7107652889968747	0.40467325116912106
-0.7754808062016894	-0.6313398206801222	-0.006288881964955584
0.6568591706394615	0.6110185837372388	-0.44180574948112405
-0.6110185837372388	0.08801890573035931	-0.7867076728758713
-0.44180574948112405	0.7867076728758713	0.4311597350908979
0.19641161250233052	0.3451973923378454	0.9177479168036209
0.8884318381355713	0.33336367260367317	-0.31552738514309836
-0.41486304663260193	0.877329711175532	-0.24120785730853145
-0.4706200093281707	0.1603236314776514	0.86764805077276
-0.6137679321685787	-0.7659381827327203	-0.19138345193251172
0.6338814812419264	-0.6226034319066313	0.458867338472271
0.1776285311898227	0.7982521256215931	0.5755359665980521
0.4743199985926529	0.44297551347402453	-0.7607846169563959
-0.8622462779521937	0.4081252729285856	-0.2999418572899677
0.24172527467557725	0.3544321244796308	0.9032977143333598
0.5363913856827704	0.7269375918256338	-0.4287726891443363
-0.8086118802913633	0.5881663087321508	-0.014395149324063272
0.2742403985115205	0.7751521336743892	-0.5691496933885533
0.2516493691803388	-0.6290625518508177	-0.7354950039599685
-0.928151280134537	0.05847628167880137	-0.3675809103661958
0.9499014531997149	0.24949879651316034	-0.18824871778462288
0.30198249657934106	-0.8879306915508798	0.34696636546167614
-0.08058412355283297	-0.38643167253792976	-0.9187909237093936
0.743878984708278	-0.019655835768036145	0.6680252272404401
0.5792331174028267	-0.4796386821622334	-0.6591173873275378
0.33336624276189825	0.8772459077669934	-0.34540782488658106
0.6083445289417715	0.34744285253170926	0.7135827901030426
0.016242196207022358	-0.904350770946156	0.4264808016212054
0.7935068526288772	-0.24785711067815328	-0.5558000787309147
-0.7478648207197707	-0.1981697909236636	0.6335826259416022
0.5283632251446181	0.4001301498781229	0.7488178453224045
-0.40190858692563713	0.8947762832819063	-0.19453763294451565
-0.7707175878722707	0.40686520498968043	-0.49036221786864237
-0.40686520498968043	-0.9065128758165157	-0.11267258294534493
-0.49036221786864237	0.11267258294534493	0.864204712055755
0.03962111252566536	0.9506197560631143	-0.30781852904712154
-0.9506197560631143	-0.05904020548177136	-0.30469055370847203
-0.30781852904712154	0.30469055370847203	0.9013386819925633
-0.45372502299803097	-0.888294413387757	0.0711803248765894
0.888294413387757	-0.45721030293019305	-0.04349452883503512
0.0711803248765894	0.04349452883503512	0.9965147200678379
0.9929905258058066	-0.008144150625228344	0.11791305470770153
-0.11793309726222194	-0.13451736286095461	0.9838683162187274
0.00784858140348435	-0.9908777683950367	-0.134534931785113
-0.4679045802618975	-0.8590917195907926	0.20742883382131866
-0.8831481979130511	0.4456434752155384	-0.1464621231607274
0.033385090877028914	-0.2517206990462899	-0.9672239272158123
0.10479367677172835	-0.03904290083595896	0.9937272951886629
-0.9851298302582838	0.13272539791840987	0.10910172447163413
-0.13615249848587846	-0.9903835724817496	-0.0245535438244584
0.8712098127717519	-0.3598516353607865	0.33391655044093965
0.3598516353607865	0.00545858546147171	-0.9329935714531624
0.33391655044093965	0.9329935714531624	0.1342487726897198
0.41383807937589	0.44491701340470463	0.7942209360382742
0.2338052024562271	0.7912245267670981	-0.5650653728079472
-0.8798142823135331	0.419538555350065	0.22341492611708647
-0.28972632859229885	-0.702349156121378	0.6502032892995971
0.702349156121378	-0.617520146585804	-0.35408266189724047
0.6502032892995971	0.35408266189724047	0.6722061820064948
-0.7778286276047774	-0.6128620056620462	0.1392220819208035
0.6199479736389004	-0.7845808990676457	0.009865231838446058
0.10318496043266229	0.09398390731449255	0.9902120424971668
-0.5997481749899654	0.7582192540353074	-0.2557453604786367
-0.7459097443572513	-0.6454492728939332	-0.16435902589633747
-0.28969083497602366	0.09218893063071612	0.9526701534109585
0.031618633642705785	0.8463611420902319	0.5316700848893856
-0.7295024246605892	-0.3440839327133425	0.5911281245743948
0.6832470083512181	-0.40654527965312554	0.6065430414825252
0.991641234840855	-0.07846959498739157	0.10242159941056919
0.11786097691189078	0.2278918625370625	-0.9665268175848838
0.0525019188666388	0.970519356660084	0.23523547109952947
-0.7557599593960849	0.004494574412894067	0.6548333242699815
0.11841245391909562	0.9844302487055349	0.12990602830668316
-0.6440538599608623	0.17571819551317294	-0.7445251783755256
0.8556288897104309	0.09729461646091626	-0.5083630205872752
-0.09729461646091626	-0.9344311865906538	-0.34259613998774796
-0.5083630205872752	0.34259613998774796	-0.7900600763010848
0.0686908798376753	0.8735597186839398	0.4818453910954865
0.9167004528222479	0.1352983771997761	-0.3759715799400176
-0.3936265270819689	0.4675337068275863	-0.7914988251143806
-0.38928293677000747	0.9134863367815351	0.11832796648793571
0.8483022526133299	0.4055984195721649	-0.34040154266940725
-0.3589457944465551	-0.0321346316925174	-0.9328050611436014
-0.9682142044924209	0.1601571904805757	-0.19212217091340056
0.2422041148842815	0.40859378660133006	-0.879993343317953
-0.06243733620383779	-0.8985548352149442	-0.43439703861745405
0.5851233644908076	-0.8065171019625171	-0.08462158453338108
0.7413590440375254	0.4897042094276052	0.4588862114867375
-0.3286600312644116	-0.33124002099816824	0.8844561223364384
-0.6527927941381484	-0.37112741741020927	0.6603983706579971
0.18835617417192338	0.7648741707282849	0.616027154112572
-0.733746222867706	0.5265281977246298	-0.4294002066001228
-0.7974528737593916	0.4287895890654335	-0.4245096022965613
0.4730330306109749	0.007517044556673125	-0.881012625330721
-0.37457798398181974	-0.9033731135860917	-0.20882612759395291
-0.9730492200788774	0.1935671055732453	-0.1253275346597245
-0.14332037568259065	-0.08188021176398386	0.9862833775521547
0.18065017358997862	0.9776642606546897	0.10741558648738714
-0.5873630314338878	0.6751753798851263	-0.4462542724745269
0.5068331276425067	0.7367428792072532	0.4475825182706774
0.6309713543647673	0.036716976106182714	-0.774936780412899
0.9327946036086312	-0.3541901786300971	-0.06665991929635501
0.36001043048602294	0.9069988808454689	0.21850748290696023
-0.016932732203785876	-0.22782086714576202	0.9735558202142638
0.9976867051000466	-0.014660937063851305	0.06637993214083876
-0.05555725447718642	0.38685597614165557	0.920465015738482
-0.039174353109779826	-0.9220235954941157	0.3851465427737002
-0.38744507110742554	-0.2323695266795864	0.8921270761193537
0.2323695266795864	-0.9610827137926283	-0.1494135881360933
0.8921270761193537	0.1494135881360933	0.4263623573147973
-0.3400875874239111	-0.42057491848203954	0.8411047323752311
-0.7865764110744642	-0.36298262257614944	-0.49954095452620867
0.5154007978470724	-0.8314808197737131	-0.20736842557881108
0.430648763461723	0.3633410876981245	0.8261506500144105
0.2770188466351647	0.8179811550152308	-0.5041501647811614
-0.858954132150147	0.4459709452759146	0.25161024389300035
0.5449700772113322	-0.36702126078957337	0.7538587461008239
0.36702126078957337	-0.7039653896912408	-0.6080527314676675
0.7538587461008239	0.6080527314676675	-0.24893546690257295
0.048215259518637144	0.9977034557925624	0.04757208266545904
-0.5834955977941909	0.0667899648367214	-0.8093651758952256
-0.8106837707172572	0.011265651187939096	0.5853758698468543
-0.72711002890787	0.679831636478912	0.09560309568210235
-0.33172303630969513	-0.22599047050979082	-0.9159083657332976
-0.6010580945658027	-0.6976799074655711	0.3898357521774506
-0.5989585870741627	0.32862575014008283	-0.7302422387913413
-0.12738899353480776	0.8611984875197899	0.49204594238730887
0.7905824784905818	0.38773996626411117	-0.47395892571529297
-0.8251009782095666	-0.01258547499709084	0.5648450952046177
0.5586311791807104	-0.16769034532446514	0.8122876053049994
0.08449604372267994	0.9857593793132577	0.14539210670169056
-0.9397162886741321	0.243491413610132	-0.24009420713264773
-0.024915627780747754	0.651501347688975	0.7582382247366196
0.3410461967135924	0.7185109083775895	-0.6061596870871611
-0.5869502666294182	0.5272212831907086	-0.6144323421292187
0.17719996784758282	-0.6568565338642927	-0.7328981275147336
-0.7899933897815034	-0.5390521426267868	0.29211852325896726
0.2919983617558539	0.7413257487251671	0.604295532838832
-0.11240880964557842	-0.6008516767999357	0.7914174132534422
0.9497900906231658	-0.29902072965561427	-0.09211616031002579
-0.23294255646730888	-0.22494073040549267	0.9461180862826366
-0.8223684751651916	0.5648554519278861	-0.06817924524238372
-0.5190836699810086	-0.7939395356272334	-0.3165630384726885
0.9991640497477752	-0.03379388389370956	0.02300380627209134
0.03379388389370956	0.36614180758019055	-0.9299452404057399
0.02300380627209134	0.9299452404057399	0.3669777578324154
0.9985510502511824	0.02411811700101067	-0.048105264520488626
-0.02079051022048448	0.9974335716457426	0.0685129538028322
0.04963420924153574	-0.0674135489819565	0.9964897684806527
0.9453138702778004	0.08666719423660722	-0.31443677282334526
-0.08666719423660722	-0.8626488545632682	-0.49832293862899324
-0.31443677282334526	0.49832293862899324	-0.8079627248410688
0.8458839184368021	0.5333532259922439	-0.0038383399625409693
-0.5333532259922439	0.8457883226137146	-0.013283435321684382
-0.0038383399625409693	0.013283435321684382	0.9999044041769126
