0.06035581940212231	0.989840680428514	-0.1287346201808779
-0.989840680428514	0.04271871508613534	-0.135611720548801
-0.1287346201808779	0.135611720548801	0.982362895684013
0.7901837955560176	0.26548958152940055	0.5523810743861792
0.20731729929634177	0.7323778317025422	-0.6485693864523314
-0.5767400685344801	0.6270071719924952	0.5236725118018098
0.9937613829648533	0.10949389532442805	-0.021199071075532535
-0.10949389532442805	0.9217260886145713	-0.3720646509062192
-0.021199071075532535	0.3720646509062192	0.927964705649718
-0.6068616856092115	0.31486225418537883	-0.7297812380630573
0.7472477447989015	-0.08682943008268063	-0.6588485850060488
-0.27081303962790004	-0.9451573471971844	-0.18258665506186
0.7158127591028093	0.6890338095418852	-0.11333359260969582
-0.6890338095418852	0.670615433658958	-0.2747860066426322
-0.11333359260969582	0.2747860066426322	0.9548026745561486
0.2326805033849253	-0.7985049336966038	0.5552023542878035
-0.9503443284549439	-0.0653759432102694	0.3042558847793892
-0.2066529475184403	-0.5984278209705407	-0.7740663423572882
0.9465010902706614	-0.1103616767154739	0.30324245485914153
-0.19790211013692907	-0.9407603832296401	0.27532645377618725
0.25489299896191747	-0.32060911037924267	-0.9122715371105414
-0.9946993783670717	-0.10169659024079901	0.015197046079935102
0.10169659024079901	-0.9948151603300384	-0.0007747973377957782
0.015197046079935102	0.0007747973377957782	0.9998842180370333
-0.9866964635644875	0.03842411747082405	0.1579673256908575
0.04597488681646269	0.9979542585135739	0.044425304690416896
-0.1559371622530902	0.05109682095014568	-0.9864444821262073
-0.8802323928176234	-0.47227434351945546	-0.04634521645032569
-0.24323834989910625	0.36516986252448824	0.898602290583663
-0.4074629305506454	0.8022517784069496	-0.4363095738921685
0.8886695357066585	-0.4522034315246226	0.07601652994098079
0.02005452168622343	0.2039459367637565	0.978776721748883
-0.4581094546796091	-0.8682845797288523	0.1903092644572022
0.21515748083966368	-0.3535005289889218	-0.9103541258451473
0.660231535255806	0.739527371565704	-0.13112431719129203
0.7195843093706888	-0.5728321243694995	0.39250704324615016
-0.4664836063387825	0.8481631969132052	0.2510223823071073
0.7837932475610755	0.26483340734936456	0.5617218274461018
0.4099526681152674	0.4587836720652742	-0.7883250295097046
-0.8304541692236456	-0.524315510112369	0.188252805223908
0.5472706863269393	-0.8309864293285674	0.09978151211020192
0.10411853200225754	0.18588921466121666	0.9770386538752348
-0.00435570812832764	0.496969992011671	0.8677567947568147
0.5632811657061045	0.7182202928765322	-0.4085020676338375
-0.8262538085645795	0.48701174312358003	-0.2830621943888998
0.7163037544241319	0.6897534353781526	0.10558943972732154
-0.693610752817479	0.6872821788191854	0.21574830301423772
0.0762433929849865	-0.22777929023857704	0.9707232046080628
0.9859470134177184	-0.043702142206725594	0.1612408431484544
0.043702142206725594	-0.8640945664984196	-0.5014286618397986
0.1612408431484544	0.5014286618397986	-0.850041579916138
0.07733711174171787	0.8658772083532174	0.49424248219056216
0.9283268826760986	-0.24334267219611982	0.281057899354081
0.36363191560742564	0.43708237660982274	-0.8226365090419847
0.9366402943702966	-0.02224357703684095	-0.3495857294606435
0.02508240945106469	-0.9911613746162156	0.13026896101920382
-0.34939351982836375	-0.13078361040092074	-0.9278037591821056
0.8660723260441875	-0.3604344503984155	0.346418436325786
0.3604344503984155	-0.029976485092462646	-0.9323027498122556
0.346418436325786	0.9323027498122556	0.10395118886334986
0.18363584686290202	0.9817284019571069	-0.04987204164349229
-0.6820610680916093	0.09071897258302841	-0.7256464479394997
-0.7078633873429803	0.16727047798169642	0.6862579777715496
-0.47971022170262234	-0.8427542789277576	0.2442198365059164
0.38171496636386504	0.05017140205356352	0.9229173933076639
-0.7900454339136797	0.5359552740340702	0.2976241868316659
-0.26280244389896446	-0.1742822068250265	0.948978707803779
0.8814053811043674	-0.4434767045142185	0.1626436802137523
0.3925040504771848	0.8791780962566158	0.27016003668491817
0.14954161108205888	0.6319639095260849	-0.7604333788120358
0.7630717474706075	-0.5628426886587754	-0.3176942178188249
-0.6287756474030591	-0.5327567220409967	-0.5664022072282175
-0.16657198645656424	-0.9210035918445474	-0.3521450796722237
0.4468454560696711	-0.3888655197204851	0.805675335332046
-0.8789669571251255	-0.023151487683508	0.47632037212388734
0.9378558700710841	0.032851797634777566	-0.3454665343638563
0.1628584182017908	0.837407517343047	0.5217526094981847
0.3064367840093948	-0.5455908808709308	0.7800173639839445
-0.06567361981044173	-0.02184804196151885	0.9976019440254923
-0.8599497751994198	0.5083483803272415	-0.04547865821610941
-0.5061357128236074	-0.8608743156123999	-0.0521732970342208
0.9997998295211964	0.019229696276785366	-0.0055244611039685105
-0.019229696276785366	0.84733144021789	-0.5307161663256349
-0.0055244611039685105	0.5307161663256349	0.8475316106966936
-0.960891546226297	0.23911316949412653	-0.13968653680763113
-0.23911316949412653	-0.9708422896026254	-0.017033522642295084
-0.13968653680763113	0.017033522642295084	0.9900492566236716
0.19393919033726814	0.2562224464778755	0.9469623267966985
-0.13116689978843726	-0.9498498953865773	0.28386690654952806
0.9722051403131002	-0.17926303064212837	-0.15060521569250018
-0.33768628713069604	0.852678295349611	0.3986322818382458
-0.24306826292490297	-0.4881416475674132	0.8382335900385058
0.9093326074888965	0.18616513247612426	0.37209777264529775
0.6257537276665525	0.1871314565901337	-0.75724110444816
0.5086002472644107	-0.8339320815445874	0.2142033423018689
-0.5914034670121526	-0.5191715528851386	-0.6170112137399442
-0.3433510385087235	0.8031182664734254	-0.4869405655844469
0.09426080686896532	0.5453078096906067	0.8329191395200646
0.9344650687122513	0.2400842409387864	-0.2629345785731769
0.75061847639745	0.48987093661640363	-0.44339414559659907
-0.2907898190473019	-0.35765845749173364	-0.8874241989731129
-0.5933069897019654	0.7950515035160937	-0.12601556541789094
-0.9898087965819442	-0.04844828217131306	0.1339078420543471
0.04844828217131306	-0.9988203710580719	-0.003260416240969944
0.1339078420543471	0.003260416240969944	0.9909884255238725
0.7308284321474877	0.26440268720862825	0.6292702295212298
0.6141646035101271	-0.6569809623972904	-0.4372388990503685
0.2978114211377619	0.7060221200815072	-0.6425271382560587
-0.33118653311221213	-0.8420376481769246	0.4257793787136567
0.8420376481769246	-0.46737186464043146	-0.26932534079659143
0.4257793787136567	0.26932534079659143	0.8638146684717807
0.376410403528754	-0.43774821275895126	-0.8165119168399593
0.8735529212393188	-0.12585103064065506	0.47017742595847517
-0.3085781941576124	-0.8902460448174025	0.33502459279491414
0.7276111370282246	0.568931242554839	0.38327441150891006
0.6639344556543085	-0.7245841847867471	-0.18484803962158233
0.1725487521470709	0.3889665800578914	-0.9049485773957304
0.9909127017730464	0.029892487377199368	-0.13114288643783054
-0.029892487377199368	-0.9016692553408612	-0.4313919252506476
-0.13114288643783054	0.4313919252506476	-0.8925819571139075
0.9965101658344364	0.028398166231749677	-0.0784922514857227
-0.028398166231749677	-0.7689128459787853	-0.6387226154157049
-0.0784922514857227	0.6387226154157049	-0.7654230118132217
0.7220993342005639	0.3842001511006723	-0.5752936601782805
-0.3842001511006723	-0.46883986160612157	-0.795348620457327
-0.5752936601782805	0.795348620457327	-0.1909391958066855
-0.17838842294410995	0.3403642174798457	0.9232170763254143
-0.5776332278458556	0.7233499268616594	-0.37829186800354264
-0.7965660202694383	-0.600763749545996	0.06756842889652337
0.8905550978018218	0.32678169162287835	-0.31642588990042764
0.44510984686762195	-0.4826699603747344	0.7542591952196104
0.09374882399619562	-0.8125536507652539	-0.5752979424849249
-0.23784535704149556	0.6309137627747091	-0.7384967231310248
0.7950284564459077	0.5632428676170851	0.2251382364675539
0.5579958239763455	-0.5335778256449014	-0.6355590959187181
0.11550589914662568	0.8776964001458382	0.4650886113778388
-0.03738289378732351	-0.46404972276488765	0.8850199851155434
0.9926030961640284	-0.11961138730433563	-0.020789649172532787
0.03092517589050181	0.9689365175623366	0.24536841367688994
-0.7074025151141954	0.1946461334198324	-0.6794810993359709
-0.7061340631255884	-0.15256116045337575	0.691447595422001
0.12477957642422755	0.9899116551003004	-0.06711909120342835
-0.5165162014673526	0.007051194369874336	-0.8562483835194643
-0.8471369847487049	0.14151040864382386	0.512185252927425
-0.3855132049485599	0.5382158381404525	-0.7494686653790535
0.3221275191776589	0.8396530073732187	0.4372833047322487
0.8646464191788089	-0.07284599360211846	-0.49707145463945457
0.9465070393326387	0.04357988842550877	-0.3197267862075102
-0.04357988842550877	-0.9644961383425805	-0.26047647196449547
-0.3197267862075102	0.26047647196449547	-0.9110031776752192
0.4777693934446555	-0.23337633975881714	0.8469190579555421
0.12615439143145338	0.9723017537725757	0.19675967354448737
-0.8693799377775435	0.012836808464363067	0.4939774692618719
0.47177980505154227	0.8817164031283125	1.2196571031276555e-16
-0.8817164031283125	0.47177980505154227	-3.111966586216205e-17
-8.497967888486986e-17	-9.285753750824142e-17	1.0
-0.7025701720865303	-0.330696012533179	-0.6301073722699635
-0.1327871977723757	-0.8089858925477196	0.5726337274091782
-0.6991156652529413	0.4859855686678613	0.5244571609240478
0.07674675026533173	0.6660583634529575	-0.7419408283671135
-0.2922989056501487	-0.6964097552064263	-0.6554195622721757
-0.9532425116828541	0.26716981365358783	0.14124094517126018
-0.8943170869620451	-0.4430735533649307	0.06231191119116665
0.4430735533649307	-0.8963667830256132	-0.01457451875319719
0.06231191119116665	0.01457451875319719	0.9979503039364319
0.9011094473398877	0.2070084541801402	-0.3809845978681432
-0.2070084541801402	-0.5666674019980888	-0.7975183730865921
-0.3809845978681432	0.7975183730865921	-0.4677768493379766
-0.596741259687789	-0.45208304630383955	-0.6629636402027423
-0.16233560590361631	-0.7410935795418006	0.6514809724142575
-0.7858415998419379	0.496388180365489	0.3688519409618204
-0.3425738717499207	0.9389229963256683	-0.032661129268566985
-0.8982711850214896	-0.3375301969533848	-0.281393397763164
-0.27523084956878996	-0.06705947446437682	0.95903649895622
0.6418162644482048	-0.5390569122965727	-0.5454260059760968
0.3690095022629935	-0.4063921875329064	0.8358692344809903
-0.6722379563289845	-0.7377418486283017	-0.06191199280531978
0.7548563579818836	-0.49772100464778424	0.4271600172613617
-0.5696801349716174	-0.8202873615337571	0.05092335737858085
0.3250483389175312	-0.2817843963749364	-0.9027408993318993
-0.6866620783125541	-0.63104656564871	-0.3609368673195516
-0.3812057637088668	-0.11020389674986375	0.9178982878599811
-0.6190132114281752	0.7678771601787056	-0.1648857512135702
-0.5198555473985962	-0.5117077386520698	0.6840361101889952
0.7894143299200421	-0.5937714318734502	0.1557578325730163
0.32645861231677886	0.620959480879822	0.7126247943691442
0.5824325897752425	-0.26440847813092655	0.7686744662470527
0.26440847813092655	-0.8325735160464691	-0.4867334969678032
0.7686744662470527	0.4867334969678032	-0.4150061058217116
-0.44486369684402605	0.4184716128120259	0.7918192978835311
-0.47153293459730977	-0.8610999665286223	0.19016713500090915
0.7614151185918988	-0.28877042250706136	0.5803952620971142
0.7862021312434925	0.18748425322495427	-0.5888428174146914
0.12688064786757058	0.8835931510577895	0.4507376671640302
0.6048036954457998	-0.42908367272182213	0.6708946949996374
-0.6417059266021554	-0.037876070787555643	-0.7660149522204933
0.516429838975461	-0.7597567180001232	-0.3950568957371334
-0.5670218030900116	-0.6491033297675932	0.5071007218543225
0.8970152093205023	-0.36483724595288075	0.24951452505458022
0.36483724595288075	0.29248421204959196	-0.8839382159784961
0.24951452505458022	0.8839382159784961	0.3954690027290897
0.5831201753761239	0.05806373809505863	-0.8103082520792607
0.5151700026456256	-0.797666630729021	0.3135726623854791
-0.6281486523454655	-0.6002970502508238	-0.49504820171043495
0.9200729364865101	0.3609424711521137	0.15227056203907496
0.37845942454724985	-0.9193465869636102	-0.10756540805354646
0.10116449731232169	0.1565962501369908	-0.9824679938433509
0.6837329617609427	0.3036029537498447	0.6635770365797622
0.7289935920070268	-0.24327091778073884	-0.6398340436197573
-0.03282651084568372	0.9212190331492759	-0.38765695292256974
0.2280430328242984	0.7912507656639077	0.5673787104012414
-0.18068897489056324	0.6070025644627095	-0.7738858966854814
-0.9567381405239855	0.07396020938297881	0.28139299546138774
-0.289158119195166	-0.30654458825611486	0.9068726468002014
0.2479994769192595	0.8910107257275315	0.3802579993718361
-0.9245992870164282	0.3348586299461111	-0.18162008809414654
0.3026493429218988	-0.2660906323673804	-0.915204431040011
0.5548802667445966	-0.7315368809404414	0.39618389846304347
-0.7749266189816865	-0.6277336753673946	-0.07375071527350929
0.6544819908139259	0.6125754120114536	-0.4431756855912088
-0.6125754120114536	0.0860465313659442	-0.7857145531545711
-0.4431756855912088	0.7857145531545711	0.4315645405520183
0.19795363514216857	0.341391746521514	0.918839503798673
0.8887927505915578	0.3327821937293841	-0.3151245119513105
-0.41335433326613885	0.8790379325965684	-0.23755106446079544
-0.47148218703061673	0.1571979025417809	0.8677519039156822
-0.6115226111036384	-0.7672592626408599	-0.1932700701112104
0.6354090363079634	-0.6217733054162655	0.4578791469917761
0.17628464246010944	0.7963462072977703	0.5785814056424283
0.4763143509842185	0.44537684720099	-0.7581319825886444
-0.861422291259748	0.4092336522083232	-0.300798028618944
0.23880259640731205	0.35361745263602706	0.9043937290474394
0.5367995920990265	0.7280309942730242	-0.42640012816619827
-0.8092091928985018	0.5873036425640817	-0.01596601263672115
0.27217091412471617	0.7761631082266092	-0.5687651738042033
0.2531112543405758	-0.628011183583457	-0.735891735393357
-0.9283629066430094	0.05632745975201631	-0.3673819958125719
0.9494949993039727	0.2528077827571433	-0.18586950065614838
0.30407499699656954	-0.8875209078497812	0.34618641557842234
-0.07744444782090643	-0.3852205382724512	-0.9195691895636768
0.7425694901421322	-0.016662938852207376	0.6695617214109998
0.5819508789399257	-0.47881256172872133	-0.6573216147608618
0.3315474729372879	0.8777590086120373	-0.3458545879257806
0.6079873138771803	0.3500994904603737	0.7125880808319753
0.015154646812575862	-0.9024801795264885	0.4304647049896467
0.7938020929957272	-0.2509180590177283	-0.5540021343048949
-0.7486812118013317	-0.19780800403892684	0.6327309354171216
0.5280738486080507	0.39904919228345503	0.7495983941779784
-0.40076733089408795	0.8953388943165924	-0.194303398868807
-0.7724264095236442	0.40325500350960597	-0.4906555247980792
-0.40325500350960597	-0.9082531173188526	-0.11163188175899133
-0.4906555247980792	0.11163188175899133	0.8641732922047916
0.0390105589606341	0.9493997702397453	-0.3116380152649827
-0.9493997702397453	-0.062050127464035265	-0.30787961600342373
-0.3116380152649827	0.30787961600342373	0.8989393135753307
-0.4532425603541672	-0.8884613617216544	0.07216363496459162
0.8884613617216544	-0.456825988443442	-0.04411830697540278
0.07216363496459162	0.04411830697540278	0.9964165719107252
0.9931742107800449	-0.007759843852793588	0.11638200833812479
-0.1163679286955145	-0.13408233408217152	0.9841140344788264
0.007968200082248113	-0.9909398127588058	-0.1340701132877573
-0.4658121429225097	-0.8603981827333589	0.2067220710400141
-0.8842406336588946	0.44368932725446364	-0.14580220391680615
0.03372757466014534	-0.25070849213701335	-0.9674749106193552
0.10535130476113563	-0.03626320912135084	0.9937736574539231
-0.9854342519297425	0.1303439824877024	0.10922353845629668
-0.13349321221992877	-0.9908054430075899	-0.022003099730228293
0.8734518075881982	-0.35603363719301656	0.332147541023595
0.35603363719301656	0.0016733419660205362	-0.9344716416851697
0.332147541023595	0.9344716416851697	0.12822153437782235
0.41733017416605134	0.44577778569495474	0.79190762814323
0.23073138446476024	0.7908877739771875	-0.5667976333722506
-0.8789758551595761	0.419259698461839	0.22720640680266813
-0.2911583320160289	-0.7010589648603927	0.6509555695180113
0.7010589648603927	-0.6193467059584261	-0.3534487029362553
0.6509555695180113	0.3534487029362553	0.6718116260576028
-0.7781069299898344	-0.6124919727630603	0.13929532943573494
0.6198279194752124	-0.784642257867918	0.012242442851234554
0.10179860382551881	0.09586506385931601	0.9901752035828933
-0.6017326837718457	0.7559527681805238	-0.2577851616383982
-0.7445765985222144	-0.6477247341393082	-0.16142601313682922
-0.28900426677442176	0.0948054906868043	0.9526218833943576
0.030368820611474168	0.8450918919707994	0.5337578372819295
-0.7284144646910676	-0.3469633270297665	0.5907866089589884
0.6844633681677154	-0.40673842186551534	0.6050402910673442
0.9917920357213902	-0.0793904667224126	0.1002282977667397
0.1159654788496138	0.22833824988943097	-0.9666507390741559
0.0538568992312082	0.970339526882745	0.23567061118045718
-0.7550133419562297	3.8622067397214854e-05	0.6557094264812893
0.11757896832956363	0.9837995635737983	0.13532776846811415
-0.6450814209653235	0.1792719086202296	-0.7427863374517729
0.8538848152682228	0.10005836096166577	-0.5107534108119279
-0.10005836096166577	-0.9314809366547814	-0.34975933018348015
-0.5107534108119279	0.34975933018348015	-0.7853657519230042
0.0659014574545912	0.8721853515618782	0.48471611323149144
0.9158917701469579	0.1399010389829507	-0.37625784333162177
-0.39597886721696784	0.46874343922061906	-0.7896077031698674
-0.38752334518859644	0.9137772381241769	0.12180646953257633
0.8476416547985457	0.4051422851320624	-0.34258335313957283
-0.3623938216694954	-0.029510809614812006	-0.9315577438525511
-0.9689022614824125	0.15694538116543688	-0.19130226089908597
0.24018146080235897	0.41057739663644155	-0.8796243898722266
-0.05950860090029948	-0.8982173170798243	-0.43550473902910714
0.5851475145409142	-0.8062053110018873	-0.08738067714855884
0.7410939891726608	0.4878987785252936	0.46123148323339613
-0.32921434573654706	-0.3346457506466749	0.8829666676241978
-0.6533171087200915	-0.3725577873938705	0.6590731753802482
0.18923719365359254	0.7625487975610922	0.6186344767924312
-0.733052549270332	0.528885645853918	-0.42768438552038734
-0.7984588502804226	0.4297790459191219	-0.42160815468597707
0.4705196310434469	0.008575364689251574	-0.8823478565300563
-0.3755991762658753	-0.9028933684601385	-0.2090665539465848
-0.9732945509539825	0.19203927657337333	-0.12577214849266238
-0.14321015521419483	-0.07974773153125292	0.9864741003995722
0.17941172906700142	0.9781417154833928	0.10512000715560421
-0.5899024929007475	0.671523567066419	-0.4484095758833395
0.5037675231015175	0.7400615946077036	0.44556382130382277
0.6310573124032759	0.036945027555756266	-0.7748559436445324
0.9333530016614404	-0.3532055239639354	-0.06401587405433895
0.3585160314368329	0.9083898448332622	0.2151607422523579
-0.01784459280462671	-0.22377164173586347	0.9744782310870127
0.9976240134878595	-0.016930465227930885	0.06678088843030629
-0.055015285180794266	0.38768703498941903	0.9201478583888509
-0.041468615950512155	-0.9216355691097642	0.3858344614505943
-0.3860398718064961	-0.2345314120457649	0.8921705185330011
0.2345314120457649	-0.9603150065484847	-0.1509639194032934
0.8921705185330011	0.1509639194032934	0.42572486525801145
-0.3404721137992881	-0.4181749945237277	0.8421451262580133
-0.7839206936860603	-0.36830661877422033	-0.49981854765291306
0.5191792423968922	-0.8303492689959939	-0.2024178987688776
0.42828738201142236	0.36768596379853297	0.8254556017347909
0.273264612661629	0.8180078612472605	-0.5061517464205496
-0.8613340640405973	0.44234621165239607	0.24986688287982828
0.5463205925652133	-0.36674845798629596	0.7530135315542931
0.36674845798629596	-0.7035253766622416	-0.6087262216768106
0.7530135315542931	0.6087262216768106	-0.24984596922745483
0.04854030680311183	0.9977403948835986	0.046453665441813896
-0.582360692882878	0.06605595322876123	-0.8102423306813917
-0.8114800441171881	0.012276622522498781	0.5842511639175452
-0.7125268089661407	0.6859656857137826	0.14750126958012388
-0.350503009617378	-0.1658721680342934	-0.921755967770626
-0.6078266091194828	-0.7084754772713189	0.3586214039226999
-0.6028076722168905	0.32712049365973284	-0.7277465856630773
-0.12695272695090143	0.8611504060546447	0.49224280926352837
0.7877219785153794	0.38911715559678584	-0.4775792329908024
-0.8243972576207528	-0.015172175022162115	0.565808242015331
0.5600304734131989	-0.1668048214853608	0.8115060199270401
0.08206723143844186	0.9858731950075192	0.14601031775081985
-0.9408211166197051	0.2400555117835418	-0.23922578829380703
-0.0266227065125101	0.6513500025072612	0.7583102305334801
0.3378562682863828	0.7198031157866245	-0.6064129092322057
-0.5880495672299366	0.5263185843270852	-0.6141550734729926
0.17900233536405602	-0.6558028923223898	-0.733403524913674
-0.7887685784911174	-0.5412128178577452	0.29143235127826994
0.2906919651770754	0.7435836379127385	0.6021474527139903
-0.11241696424956749	-0.5984228157663734	0.7932544104630975
0.9501897744821302	-0.298284272127617	-0.09036528908212627
-0.23069006327265007	-0.2252781601317429	0.9465895865024699
-0.8236012438625253	0.563236846391032	-0.06667267787921943
-0.5181342353245552	-0.7949930851492619	-0.3154725166309995
0.99932049548366	-0.03047752057322301	0.020728435686302768
0.03047752057322301	0.36699497641948287	-0.9297235116003961
0.020728435686302768	0.9297235116003961	0.3676744809358229
0.9983186489889272	0.02799049138842357	-0.050758324172077963
-0.02411577422158475	0.9968613607594073	0.07540462093662574
0.05270962449701872	-0.07405376301537454	0.9958602992732696
0.9443105373205135	0.08831090796270631	-0.3169838996546125
-0.08831090796270631	-0.8599588487667285	-0.5026648604812207
-0.3169838996546125	0.5026648604812207	-0.8042693860872421
0.8434062569251983	0.5372609159018729	-0.0040735762797415535
-0.5372609159018729	0.8433002882997537	-0.013976122417641262
-0.0040735762797415535	0.013976122417641262	0.9998940313745553
