0.05256865714509851	0.9898171600360055	-0.1322819941799251
-0.9898171600360055	0.03409921752165379	-0.13819997490111055
-0.1322819941799251	0.13819997490111055	0.9815305603765553
0.7905560915285242	0.2704986259768276	0.5494101923806948
0.2029824516914595	0.7306964533040994	-0.6518288252556298
-0.5777708805854341	0.62682787627343	0.5227500579378961
0.9941056434392985	0.10638283083886586	-0.020896482595105605
-0.10638283083886586	0.920024107931446	-0.3771449775983453
-0.020896482595105605	0.3771449775983453	0.9259184644921474
-0.607848524893305	0.2947844895456162	-0.7373074497849348
0.7513825563670145	-0.08675690243142897	-0.6541387420630841
-0.256796465654035	-0.951617225886456	-0.16876086816487423
0.7046364110263634	0.6993113904575134	-0.12021275902442709
-0.6993113904575134	0.6557099083302074	-0.2846192110416482
-0.12021275902442709	0.2846192110416482	0.9510734973038439
0.23583888961254063	-0.7902227102263182	0.5656218581251047
-0.9513784018855336	-0.0690738786939098	0.3001798389431022
-0.19813923027016056	-0.6089144993550006	-0.7680911260411727
0.9464269002402896	-0.10320282058977129	0.3059825163695997
-0.19317617537468593	-0.9402507350901999	0.2803774606311056
0.25876454117433767	-0.32446530320614264	-0.9098149148294834
-0.9943878299517555	-0.10498524959519258	0.013074441145716022
0.10498524959519258	-0.994473540969796	-0.000688243001880861
0.013074441145716022	0.000688243001880861	0.9999142889819594
-0.9867041192835737	0.02428175043819425	0.1607027615957012
0.03056916941372502	0.998856158916642	0.03676818836503904
-0.15962614720083454	0.04119187286285083	-0.9863177595176256
-0.8756139697857179	-0.4799691670746665	-0.05412739208336845
-0.2529788424390491	0.3602543952134737	0.8978966956212575
-0.4114630982169538	0.799903975103903	-0.4368658254186064
0.8890920024585289	-0.4503392948779835	0.081914166376054
0.013540843102140515	0.2047567804189977	0.9787192173654963
-0.4575282032097764	-0.8690622419373925	0.18814558965435935
0.22249536858770314	-0.34821188928721647	-0.9106285143328476
0.6513456817258605	0.7480917152949025	-0.12691567438344534
0.7254271940409294	-0.5648958007156346	0.39325325234477826
-0.4759256241442693	0.8419313355777156	0.2542566153617478
0.7777383992344133	0.2679159186504365	0.5686334873096949
0.4106309567472721	0.4683723803834046	-0.7823103799993985
-0.8248775937303534	-0.5372159424055094	0.1759999618948333
0.5578195578273404	-0.8240115080150403	0.09920874741720054
0.09172947327294967	0.18001129376830743	0.9793781893880051
-0.00524989647200802	0.49210658625560144	0.8705191246324757
0.5504003489430481	0.7282248371407489	-0.4083479428804565
-0.8348843599387907	0.47699024553463154	-0.27467874179558915
0.7053341782086914	0.7016103441865714	0.1012255994354728
-0.7028620672128348	0.6736246843245245	0.22850535910998956
0.09213366118835475	-0.23232027375820116	0.9682658100320097
0.9882860985087706	-0.040288484026089366	0.1471985922119916
0.040288484026089366	-0.8614328499914594	-0.5062709580950417
0.1471985922119916	0.5062709580950417	-0.8497189485002299
0.06319639340407379	0.8637218173786327	0.49999083796092636
0.9308981733923105	-0.231619229268478	0.2824555246546544
0.35977049161316343	0.4475903873154874	-0.8186745620496552
0.940252759730744	-0.008596863737794667	-0.34036868503520373
0.039101734730266596	-0.9903403475546897	0.1330302610173358
-0.33822448486146567	-0.1383910760819874	-0.9308340925756136
0.8676704607999821	-0.3593103108705498	0.3435754239715866
0.3593103108705498	-0.024375809978836926	-0.9328997375870487
0.3435754239715866	0.9328997375870487	0.10795372922118096
0.17070293751303578	0.9839017571733218	-0.052894606111305253
-0.6874773389535135	0.08047409890625834	-0.7217332109793906
-0.7058579287291575	0.159565822269292	0.6901473268902142
-0.46881546120988604	-0.8454175980032577	0.2558928453805687
0.38838972179231224	0.0628932588400819	0.9193464319822884
-0.7933255872191769	0.5303899725474421	0.29886617353670464
-0.25199800596484034	-0.1764961162334332	0.951496781888546
0.8865741533811232	-0.4362407455973276	0.15388399019141918
0.3879217389452277	0.8823509125258514	0.26640869283585367
0.1415921937940563	0.6329168966406646	-0.7611621723413066
0.7681334125772394	-0.5552678388507601	-0.31882391318790915
-0.6244379161606309	-0.5395311196629508	-0.5647862071405536
-0.14788466649597587	-0.9232087009582373	-0.354705257770981
0.4509083241246925	-0.3821428230643682	0.8066278857164908
-0.880233951089388	-0.04065165747419264	0.47279555210911806
0.9362233431023074	0.049184336302995305	-0.3479464799258257
0.14968307502911554	0.8400219401887917	0.5214960374262553
0.31793211363460494	-0.5403184626346688	0.7790860864217386
-0.06190347150392972	-0.021752536923147714	0.9978450718188516
-0.8659810114253039	0.49823665455215016	-0.042861683488740754
-0.4962306399916976	-0.8667681715418999	-0.04967986247305589
0.999483537926829	0.03088121964052972	-0.008888626822095071
-0.03088121964052972	0.8465048568450555	-0.531484597717794
-0.008888626822095071	0.531484597717794	0.8470213189182266
-0.9621599980767193	0.22852093175770974	-0.14841267415418427
-0.22852093175770974	-0.9733855463863301	-0.017284728368538217
-0.14841267415418427	0.017284728368538217	0.9887744516903891
0.18689773078973348	0.2628083778204974	0.9465732907561923
-0.12184671290731873	-0.9499097822636353	0.287792953550873
0.9747936277896618	-0.16912469396043905	-0.1455136457981112
-0.3423895411414166	0.8546682144668494	0.3902712457983781
-0.24133772019878458	-0.48144173823451153	0.8425971501820935
0.9080338688211049	0.1943092788977922	0.3711042942462355
0.622313802465406	0.18972144571448085	-0.7594282746231238
0.5170660506052385	-0.8280202705427027	0.21685278619812431
-0.5876803813064959	-0.5276250606315016	-0.6133869617305661
-0.3517611093216999	0.7985994667298912	-0.4883677033829129
0.09436434147887701	0.5493044182233147	0.8302770785572752
0.9313213693596992	0.24597468946840706	-0.2685832442928928
0.7441166890661723	0.48872146738558064	-0.4554576603480087
-0.29826287196804624	-0.3670058339329245	-0.8811049750538078
-0.5977705347861921	0.7914910265920159	-0.1273276975592761
-0.9891309265526231	-0.07809132280877829	0.12458633728914469
0.07809132280877829	-0.9969342115108564	-0.004891137005079661
0.12458633728914469	0.004891137005079661	0.9921967150417668
0.7231822239853837	0.2715756885484969	0.6350229258073792
0.6197014870310198	-0.661082203380702	-0.4230134600043589
0.30492218332403637	0.6994404662033262	-0.6463787561129906
-0.32974068186226146	-0.8438819710891049	0.4232426037106587
0.8438819710891049	-0.4644543926174334	-0.2685988385104036
0.4232426037106587	0.2685988385104036	0.8652862892448282
0.37532331724040846	-0.4331113077484353	-0.8194797145970704
0.8739521324558605	-0.1291599036578912	0.4685353662883287
-0.308771886206484	-0.8920382919962149	0.33004182750216027
0.7264848918395441	0.566382153078605	0.3891413092989866
0.6651874132855521	-0.7217361518773826	-0.19137040596629146
0.17246856854326212	0.39787960961485674	-0.9010806895707879
0.9888941675092427	0.032347681916710024	-0.14505844663726797
-0.032347681916710024	-0.9057817118837801	-0.4225081276040793
-0.14505844663726797	0.4225081276040793	-0.8946758793930227
0.9955689926783128	0.03178816014125715	-0.0884979869393837
-0.03178816014125715	-0.771950924066303	-0.6348868274803114
-0.0884979869393837	0.6348868274803114	-0.7675199167446158
0.7176427160667109	0.3853737253125523	-0.5800655341555121
-0.3853737253125523	-0.47402487340697474	-0.7916991292342231
-0.5800655341555121	0.7916991292342231	-0.19166758947368567
-0.18372010532415173	0.3353847460039083	0.9239935037907879
-0.5842049899213322	0.7187145478264091	-0.37703306021315486
-0.7905387104062008	-0.6090701691025217	0.06389112973431388
0.8884804172625722	0.33308045660184016	-0.3156896538862737
0.4478102991694012	-0.47884543462864904	0.7550979974103438
0.10034183623363194	-0.8122588621647717	-0.5746016504814908
-0.2397218501450158	0.6309940161515184	-0.7378211071418518
0.7921324512272678	0.5665163754538336	0.22712414238766257
0.561301714121497	-0.5300054225417212	-0.6356371903850819
0.10969943378330194	0.8771052478250996	0.46760284266169055
-0.027381955807147806	-0.4675967810098145	0.883517673216238
0.993587571743829	-0.10972526886242079	-0.027278244981506994
0.017712379552843327	0.9680076162021697	0.25029487926277905
-0.7161302765548653	0.18697844222238602	-0.6724555666700531
-0.6977418567149518	-0.16733295287743816	0.6965313950349179
0.11557947460515228	0.9917050088218898	-0.05623664754919533
-0.5223530404392948	0.01252774445797833	-0.852637294963468
-0.8448601577739486	0.12792275441207107	0.5194680766994325
-0.39136055841390016	0.5409875956575564	-0.7444255064562312
0.31540713893075945	0.8388062290679862	0.4437594469848024
0.8644971081672123	-0.06112717416502564	-0.4989070239524853
0.9427815508681593	0.045720711628513086	-0.33026135691420333
-0.045720711628513086	-0.9634666177861437	-0.2638971256757297
-0.33026135691420333	0.2638971256757297	-0.9062481686543029
0.4795654276753454	-0.23069296339731013	0.8466390950207359
0.10591454971621331	0.9729876978275336	0.2051269071445482
-0.8710907580367129	-0.00870037443123256	0.4910450027724358
0.48394124250993054	0.868601722246459	-0.10645150026387445
-0.6290629512378065	0.42985975006366084	0.6476885043407734
0.6083425656469599	-0.24647848463038743	0.7544320243974153
-0.6996483067450572	-0.33651798101463354	-0.6302760469211959
-0.12756690556167877	-0.8091280973798247	0.5736186944616808
-0.703007063601919	0.4817337132528095	0.5231765457677431
0.07893615009638533	0.6653323551359427	-0.7423624057138273
-0.2798713591408961	-0.6999453994418037	-0.6570756882832313
-0.9567868657859956	0.25963300061724504	0.13095647540269684
-0.8911202511669969	-0.4495368503965109	0.061816810785206434
0.4495368503965109	-0.8931409148943807	-0.014694430142551968
0.061816810785206434	0.014694430142551968	0.9979793362726163
0.9019030646119249	0.204731900097319	-0.3803363131836866
-0.204731900097319	-0.5727170196332765	-0.7937758276143954
-0.3803363131836866	0.7937758276143954	-0.4746200842452013
-0.5950764863626996	-0.4595577466097221	-0.6593107407810208
-0.1529300658466171	-0.7406342464357136	0.654273114201365
-0.7889843916950279	0.490170980921553	0.37045382859950227
-0.3455973565153456	0.9380484752457318	-0.025050454262608796
-0.8990194300876967	-0.33863292622541485	-0.277654111442287
-0.2689359245143689	-0.07343568182546309	0.9603544497426099
0.6413311534684104	-0.5363533179077744	-0.5486524126987871
0.37485598763978	-0.4048928143731163	0.8339932837856806
-0.669460484361462	-0.7405315167083298	-0.05861512296478999
0.7523868736811041	-0.4902985105229307	0.4399106305732674
-0.564237107604022	-0.824313934215092	0.046292810040902355
0.33992716677991686	-0.2830440044195097	-0.8968475973358829
-0.6822674139086207	-0.6343292273484842	-0.3635073689073143
-0.3923306503765665	-0.10188849150930057	0.9141637687378885
-0.6169180145639641	0.7663192328458386	-0.17935160070939493
-0.5522503915143915	-0.5403361117838961	0.6348672234211359
0.8014912370252478	-0.5536733772402074	0.22595926249472756
0.22941513037273567	0.6336266074256071	0.7388409979950872
0.5830304708283676	-0.2646248876695249	0.768146560827778
0.2646248876695249	-0.8320588765485437	-0.4874953279598343
0.768146560827778	0.4874953279598343	-0.4150893473769113
-0.448142997935455	0.4210917364983114	0.7885744117420114
-0.4728467139333356	-0.8602701319841319	0.1906601299130213
0.7586724184546773	-0.2874318170781386	0.5846358798494071
0.7770439717166294	0.1959067752795668	-0.5981832507003245
0.12232691769648403	0.8852133208369801	0.4488134376549385
0.61744537509461	-0.4219216894310211	0.6638850026638269
-0.6472825052520585	-0.042154646066728446	-0.7610836643954512
0.5149135009434322	-0.7603965908385093	-0.39580438500268145
-0.5620404299877338	-0.648089508059004	0.5138974066903251
0.8893785418269283	-0.37596820132293873	0.260103288967673
0.37596820132293873	0.2777999019399554	-0.8840108178501807
0.260103288967673	0.8840108178501807	0.3884213601130271
0.5863649846430234	0.06344214674417506	-0.8075587896872138
0.5242671286673671	-0.78969572931391	0.3186293032698762
-0.6175112003708607	-0.6102095944180679	-0.4963105563018746
0.9159600766457329	0.3723332778214997	0.14961640357207173
0.3893839033092924	-0.9148107176101421	-0.10724517140289508
0.09693974331904708	0.1564905146400722	-0.9829106800686025
0.6784933564266362	0.30832170279203774	0.6667716947144173
0.7333836816107762	-0.23194638094671705	-0.6390221059656264
-0.042369102326357655	0.9225717337709513	-0.3834921840336776
0.228440484776391	0.7920292099205796	0.5661313235881849
-0.18844898228093931	0.6064832135797771	-0.772440996273
-0.9551449764263045	0.06976992388220804	0.28780241786521743
-0.2805077562363423	-0.32381365482892605	0.9035818256459044
0.23518345479706487	0.8894946026956428	0.39177556631959254
-0.9305934350085269	0.32240358050377427	-0.17335452113336047
0.26423507683407077	-0.3342968631703684	-0.9046686860088309
0.5456722994801105	-0.7216199924107434	0.42603559491339066
-0.7952493733103982	-0.6062261903180777	-0.008260776104491496
0.6467007560605593	0.6175975120647926	-0.44760635071687627
-0.6175975120647926	0.07961365174617341	-0.7824544584491914
-0.44760635071687627	0.7824544584491914	0.432912895685614
0.20122154912114054	0.3322581677994966	0.9214740354995412
0.889149864448472	0.3327543254543879	-0.3141449942982684
-0.4110017113353084	0.8825412561585531	-0.22846996401612785
-0.47421277573450116	0.14927386672249324	0.8676632734211444
-0.6046686222956908	-0.7715408083489645	-0.19773881324428444
0.6399203860959669	-0.6184190276551508	0.4561357316554435
0.17071259831623886	0.7910870723741229	0.5873997384223608
0.4809315228700656	0.45341552337407054	-0.7504127087631828
-0.8599779526743685	0.41060395405543415	-0.3030549683276038
0.22991840407890995	0.35223733727779166	0.9072300621635389
0.536683746645798	0.7317577425839878	-0.42012041399414907
-0.8118547182544648	0.5834890439381339	-0.02079548153148858
0.2646288750738247	0.7794460495131439	-0.5678339672611314
0.2582444964869044	-0.6245973024361116	-0.7370128830785507
-0.9291293443387671	0.048394893200480904	-0.36657413411304196
0.947832157296351	0.2635904270605269	-0.17926039260526688
0.3114626688959988	-0.8855118873196988	0.34476035633420404
-0.06786167901788771	-0.3826078726026883	-0.9214152203775012
0.7386942792000645	-0.0069375955766844966	0.674004919599784
0.5902802147652575	-0.476110298648313	-0.6518345277581536
0.3254228478975908	0.8793582053342244	-0.34760482847278307
0.6064016461301063	0.35922044604180847	0.7093924969410245
0.013894047738766485	-0.8967903066298197	0.44223760736986906
0.7950371054285014	-0.25831727987170683	-0.5488061441998913
-0.7504816407608019	-0.19775088614119216	0.6306123166505299
0.5267038366724425	0.3973946135435604	0.7514390125360099
-0.39919966848120503	0.8960871096924327	-0.19408121116573507
-0.7779425887084657	0.3917304249859334	-0.49127650342135293
-0.3917304249859334	-0.9136908430934592	-0.10824193913406852
-0.49127650342135293	0.10824193913406852	0.8642517456150065
0.03624274201580435	0.94584237044784	-0.3225967667488108
-0.94584237044784	-0.07173950460764278	-0.3166001480483874
-0.3225967667488108	0.3166001480483874	0.8920177533765528
-0.4506441163891959	-0.889559511879307	0.07485823394156153
0.889559511879307	-0.4545070591506486	-0.045904335386513694
0.07485823394156153	0.045904335386513694	0.9961370572385473
0.9936175527468672	-0.00526300530225754	0.11267856783130875
-0.11236502100516609	-0.13396155921768682	0.9845955528573519
0.009912665021830594	-0.9909725533167678	-0.13369793433337107
-0.45835317617144744	-0.8645301654016213	0.20615518185142
-0.8881016857206425	0.43652233350951974	-0.14395710530417374
0.03446391901249464	-0.2490699609709072	-0.9678720952833859
0.10753856938910111	-0.028170182988128456	0.9938017392237553
-0.9863127517555903	0.12264615305894788	0.11020470436490698
-0.12499044690719735	-0.9920505843606244	-0.014595418859443487
0.8801115035672149	-0.3446467186979618	0.326530826384561
0.3446467186979618	-0.009234711890258929	-0.9386870401720863
0.326530826384561	0.9386870401720863	0.11065378454252617
0.4263125529355756	0.44868931785124777	0.7854524194728374
0.22157084061786467	0.790062856559671	-0.5715829294797611
-0.8770199369441067	0.41770633072884433	0.2373972440269696
-0.29363816295602074	-0.6981549119690591	0.65295968340265
0.6981549119690591	-0.6232174536404003	-0.3523914362913084
0.65295968340265	0.3523914362913084	0.6704207093156206
-0.7782186228020314	-0.6122619476260147	0.1396820769222337
0.6203195855593324	-0.7841182137009504	0.019032569819355923
0.09787434237637367	0.10145902833966947	0.9900134739854617
-0.6082823691888004	0.7489630595575809	-0.26276775820523895
-0.7400672492734259	-0.654833375801972	-0.1532766012431696
-0.28686761038312464	0.10123035786729363	0.9526066285509122
0.025818610058563896	0.8417418888673773	0.5392624517807851
-0.7256132219226892	-0.3552740608999456	0.5892926215579454
0.6876182455008142	-0.4065106815049777	0.6016063615660497
0.9922061256775849	-0.081135832013734	0.09457262252531526
0.11091918529024389	0.22925031816922414	-0.9670270037356031
0.056779736723809954	0.9699800350433759	0.236463090385849
-0.752967348090628	-0.014143953012513581	0.6579058605169484
0.1129988776176584	0.9821399364981039	0.1504406819734937
-0.6482834460068497	0.187619545167022	-0.7379210526233841
0.849011079897404	0.10783534609233067	-0.5172540230337422
-0.10783534609233067	-0.9229846676236155	-0.36941960081304637
-0.5172540230337422	0.36941960081304637	-0.7719957475210195
0.0573336970832542	0.868052736862702	0.49315037585298255
0.9136010087549562	0.15355344703431606	-0.37650303545364083
-0.40254943048114183	0.47212899183279544	-0.7842500692319101
-0.3837129403877768	0.9141879922774855	0.13047871149971924
0.8450521432298964	0.4045867728198519	-0.34956604309025274
-0.372359039908427	-0.023871699455168066	-0.9277817024298318
-0.9709211230873755	0.14626138909439307	-0.1895251402925936
0.234108957315048	0.41456045316996115	-0.8793933288195773
-0.050051661786695734	-0.8981910914319372	-0.4367466020757287
0.5866676695022244	-0.8043171558531417	-0.09431308690283598
0.7391538194113643	0.48424361535186633	0.4681450119787095
-0.33086655438472656	-0.3443574215713475	0.8786041710567462
-0.6542627702002979	-0.37723352307641694	0.6554655571402564
0.19039865724717436	0.756631319296153	0.6255057137857623
-0.7319074933680522	0.5340448630288632	-0.4232109467206364
-0.8014904625296504	0.42423410135451833	-0.42147178520267736
0.470727522213339	0.012888508475558114	-0.8821844966786517
-0.3688206045015625	-0.9054608294107481	-0.21002868398840735
-0.9743517880822719	0.18550540483136133	-0.127382643398669
-0.14298536510439222	-0.07326008473681278	0.9870096987113748
0.17376357048254787	0.9799085185682936	0.09790565259702244
-0.5982384548729736	0.6593238448642053	-0.4554149961350392
0.49352397045869406	0.7509100642697646	0.438825894816001
0.631304080213238	0.037764308173979244	-0.7746153983327839
0.9356066708173405	-0.3484647468249102	-0.056678723894807596
0.35250425426090076	0.9131835386346914	0.20453991173995714
-0.01951687090849461	-0.21134839717129264	0.9772159161429304
0.997422915005399	-0.021929033630291504	0.0683128546188351
-0.054381581879259386	0.3899987681477972	0.9192081398657815
-0.046799275362359664	-0.9205542234584784	0.387801172636592
-0.38254653033868213	-0.24031459389114498	0.89213622731552
0.24031459389114498	-0.9582284554119713	-0.15507134874541076
0.89213622731552	0.15507134874541076	0.4243180749267108
-0.34185350355749433	-0.41322498674751396	0.84402683158356
-0.7748716393518116	-0.3842136616733387	-0.5019500022032087
0.5317049225216015	-0.8256058215099275	-0.18885153654449205
0.41988403439900257	0.37970803044063295	0.824329551378399
0.2616354759247945	0.8190731943536086	-0.5105545808520201
-0.8690479131753459	0.4300475716827977	0.24457066605647015
0.5512552254069233	-0.3658946642148694	0.7498258272163278
0.3658946642148694	-0.7016591325830728	-0.6113882206600467
0.7498258272163278	0.6113882206600467	-0.2529143579899962
0.04837616186736515	0.9979345411181402	0.04226580895131793
-0.5799710002615266	0.06251565697760408	-0.8122348376475259
-0.8131994748022325	0.01477986048599128	0.5817973615490086
0.4275758661002742	0.9039794680901776	1.240618100665236e-16
-0.9039794680901776	0.4275758661002742	-4.217393953586649e-17
-9.117021131806144e-17	-9.411677035033192e-17	1.0
-0.6144110042823328	0.3218654939402661	-0.7203483335354947
-0.12609005245986876	0.8612137939462782	0.49235363285683714
0.7788455665197326	0.39333624919049376	-0.48855519502438116
-0.8221302400533332	-0.023727639477566287	0.5688047710020292
0.5644999903472973	-0.16343956636938817	0.8090903960886493
0.07376739989825812	0.9862679693013501	0.1477628621895285
-0.944130180915564	0.22971337383393003	-0.23632597691785498
-0.03135675598359196	0.6512043276368363	0.7582543620192644
0.3280776666256496	0.7233012439840604	-0.6076185934552865
-0.5916242366637261	0.5231380725545298	-0.6134389290190145
0.18455012650863917	-0.6528080611240603	-0.7346991807107798
-0.7848069911753521	-0.547876073921263	0.28967187337902467
0.2863754679465845	0.7499360942343858	0.5963094380628644
-0.11147068243059494	-0.5920710578360004	0.798139179235938
0.9516109385231089	-0.2950385009408667	-0.0859587380417719
-0.22383176512721814	-0.22729781600134402	0.9477526279367695
-0.827005365265426	0.5588433258835523	-0.06128835890778106
-0.5157145205850159	-0.7975147898041947	-0.3130634014083058
0.9996989292703347	-0.020306487165178213	0.013773067732241578
0.020306487165178213	0.36962308308043146	-0.9289598608299107
0.013773067732241578	0.9289598608299107	0.3699241538100968
0.9975938363165747	0.04015597861750225	-0.05651579535359807
-0.034725247669802936	0.9949669237418701	0.09399456278908085
0.06000579069931435	-0.09180587149474874	0.9939672967666692
0.9418842677622982	0.09255463534126827	-0.322936008550803
-0.09255463534126827	-0.8525982519136563	-0.5143052209637996
-0.322936008550803	0.5143052209637996	-0.7944825196759544
0.8358153608364096	0.5489922199482722	-0.004497224273979711
-0.5489922199482722	0.8356921761933547	-0.015037589084794785
-0.004497224273979711	0.015037589084794785	0.9998768153569451
