0.04825228760083078	0.9897376341499649	-0.13450327984297195
-0.9897376341499649	0.02924396002322871	-0.13987210711714437
-0.13450327984297195	0.13987210711714437	0.9809916724223979
0.7902532164223296	0.27353316422625645	0.5483424678086994
0.20042694066190675	0.73024669306335	-0.6531223535655091
-0.5790758977811727	0.6260346438803632	0.5222563826996425
0.9941491442570359	0.10596720335119322	-0.02093873890496089
-0.10596720335119322	0.9192146720719452	-0.37922992822507184
-0.02093873890496089	0.37922992822507184	0.9250655278149094
-0.6085078454078032	0.28554815809768297	-0.7403920930724299
0.7532882103170792	-0.08555347738408203	-0.6521023498690856
-0.24954974308631353	-0.9545380306276497	-0.16304009878260883
0.6986472662746551	0.7046642114974345	-0.12385615189262908
-0.7046642114974345	0.6477423145524275	-0.28961740792459795
-0.12385615189262908	0.28961740792459795	0.9490950482777724
0.23763503646059414	-0.7857259636636822	0.5711079578075846
-0.9519023066982804	-0.07129747427351352	0.29799105467230147
-0.193420753666366	-0.6144520975527672	-0.764877135142723
0.9464608839457714	-0.09890652423118829	0.3072934991585314
-0.19014077301688292	-0.9400660537942644	0.2830588294687536
0.26087982213488875	-0.3263331334207179	-0.908541911215264
-0.9941504966080781	-0.10726389490925611	0.012619308333196797
0.10726389490925611	-0.994230353641476	-0.0006787833542061651
0.012619308333196797	0.0006787833542061651	0.999920142966602
-0.9866505792915048	0.01636105845997961	0.1620276215643728
0.02193702258535418	0.9992249435768054	0.032684540290783576
-0.1613672873411093	0.03580262420548701	-0.986244782331533
-0.8732745222450145	-0.4837768292612469	-0.05789290343103676
-0.2576457192541016	0.35766598326989607	0.8976044383589104
-0.4135339068900851	0.79877094581708	-0.43698361979679423
0.889630928766618	-0.4488059433392664	0.08443953934736975
0.010408478032316454	0.2047771029814106	0.9787532894859622
-0.4565615776287965	-0.8698503108684229	0.18684743111750945
0.2260419306304412	-0.3457588884900697	-0.9106897587142257
0.6468828944530014	0.7522668540455084	-0.1250483953059009
0.7283183139678489	-0.5608434463685792	0.3937093626070438
-0.48061680235254256	0.8387724614370822	0.25586763615431357
0.7748761317293742	0.26959515770087517	0.5717389539119773
0.4105782139526392	0.4730530719475554	-0.7795167229434159
-0.8218334962307972	-0.5435581980867987	0.1706874036526905
0.5631736955432174	-0.8203763653946701	0.09908586049495753
0.08616898004072812	0.17755873505537056	0.9803304557567705
-0.006116399305632347	0.48962310575015044	0.8719127272698286
0.5437555394742909	0.7333836283355766	-0.40801760621371175
-0.8392213670722144	0.47161177678777455	-0.27072094312136463
0.6994109733765814	0.7077435474367468	0.09961606989874743
-0.7077261823818675	0.666357049426624	0.23471670892936303
0.09973936580714006	-0.23466434271335934	0.9669460714886309
0.9893552894554352	-0.03855622531365824	0.14031938111363848
0.03855622531365824	-0.8603454265652508	-0.5082510840891726
0.14031938111363848	0.5082510840891726	-0.849700716020686
0.05618953247268821	0.862550709580199	0.5028409389093093
0.9321008729598119	-0.22581186340046822	0.2831906865967956
0.357813777079722	0.4527861258368052	-0.8166725324030675
0.9417661003036294	-0.0014091884956210395	-0.3362657081932057
0.0464103937907972	-0.9898766316306737	0.13412803398132592
-0.33305057824162004	-0.141923459439574	-0.9321668541595045
0.8686618432905908	-0.35843495494408184	0.3419809718174787
0.35843495494408184	-0.021795187745605293	-0.9333002479724133
0.3419809718174787	0.9333002479724133	0.109542968963804
0.16371531091407487	0.9849892517331684	-0.05471262141810296
-0.6900036066532489	0.07469550982938067	-0.7199413890149928
-0.7050477429066887	0.15561733445044534	0.6918749348261737
-0.46325003888548766	-0.8470355603931932	0.2606341514498501
0.3912872538471479	0.06838721088976019	0.9177240731088387
-0.7951689672323436	0.527118533933411	0.2997538402331812
-0.24667986352321858	-0.17770916350942162	0.9526638956824953
0.8891129671618563	-0.43257152350081607	0.14953263416666923
0.3855219534044803	0.8839125127867378	0.2647102060409253
0.13734439998373893	0.6336131728721168	-0.7613611908654363
0.7707034938649877	-0.5511976560310115	-0.3196830751388308
-0.6222159113502381	-0.5428770497533004	-0.5640317974314433
-0.13858590236910584	-0.9242373933513197	-0.35577969081398964
0.4529190764637185	-0.378624986271769	0.8071601018050599
-0.8807146290597156	-0.049278397923025796	0.471076832011878
0.9354383449008912	0.05726934835963506	-0.34881990285467385
0.14287441768112222	0.8413399895646642	0.521281040065348
0.32332955890447374	-0.5374637138428915	0.7788393625394423
-0.060042711035046104	-0.021716853196209196	0.9979595438387352
-0.8690556161323175	0.4929656542775016	-0.04155959301572765
-0.49105723589052236	-0.8697776968800759	-0.04847214756487328
0.9992528031114667	0.03713927715159501	-0.010700914284926371
-0.03713927715159501	0.8460006037371905	-0.5318868794856348
-0.010700914284926371	0.5318868794856348	0.8467478006257237
-0.9630073163311925	0.22271904271218568	-0.15170081313546968
-0.22271904271218568	-0.9747307248557076	-0.017211683114527726
-0.15170081313546968	0.017211683114527726	0.9882765914754849
0.18309343429753555	0.26635797244017967	0.9463245874617707
-0.11708322133756818	-0.9498376684255523	0.2899998671053637
0.9760985163385671	-0.16389580274511933	-0.1427229912949588
-0.34513211718416015	0.8555089038468567	0.3859900738707265
-0.24029483203251945	-0.47809737925636897	0.8447965966116666
0.9072718530773687	0.19881501801157148	0.37058112907515417
0.620627955324204	0.1912802923466777	-0.760416195796662
0.5215437932911622	-0.8248580014647326	0.21817733406353781
-0.5855023593031572	-0.5319972999737654	-0.6116909841341951
-0.35630973099975916	0.7961241712729592	-0.489111111619664
0.09423823653108648	0.5514177607838756	0.8288893821660448
0.9296034263977249	0.24924838416134348	-0.2715008519739286
0.7407119072380992	0.4884689646502601	-0.46124173819072417
-0.3016107780956215	-0.3716941098379798	-0.8779945485299471
-0.6003139253859195	0.7894564961321521	-0.1279907485035301
-0.988520037144764	-0.09167987402781581	0.12009553222979374
0.09167987402781581	-0.9957731382411286	-0.005536953644148486
0.12009553222979374	0.005536953644148486	0.9927468989036355
0.7192156264732102	0.27536869249319756	0.6378878944072655
0.622766701989824	-0.6625572946178035	-0.41614837046593744
0.3080430449295449	0.6965557512097105	-0.6480120121781776
-0.3285770151440368	-0.8448495481499608	0.42221604198543017
0.8448495481499608	-0.4627554512285388	-0.26848954048357004
0.42221604198543017	0.26848954048357004	0.865821563915498
0.37494041862584815	-0.4310007937014653	-0.8207667136948115
0.8743090478462829	-0.12996417701856355	0.46764623546652623
-0.3082261691271523	-0.8929432392490546	0.32809907062441623
0.7255553680182838	0.5655605335097678	0.3920595501655323
0.6662334536976078	-0.7199682302010082	-0.19436751959981624
0.17234382238423948	0.4022275853759588	-0.8991721617402391
0.9877788166404126	0.03355403892073655	-0.15220754208833379
-0.03355403892073655	-0.9078752445841454	-0.4178955213248686
-0.15220754208833379	0.4178955213248686	-0.895654061224558
0.9950285181816134	0.03355989527401377	-0.09376556635833787
-0.03355989527401377	-0.7734545529991934	-0.632962706542822
-0.09376556635833787	0.632962706542822	-0.7684830711808068
0.7152240544289997	0.3859854520802664	-0.5826403545486148
-0.3859854520802664	-0.4768351346568953	-0.7897110136873695
-0.5826403545486148	0.7897110136873695	-0.19205918908589514
-0.18621511463840834	0.33266425291980195	0.9244773798798511
-0.5877173432777665	0.7163142762943966	-0.37614117294887955
-0.7873450676105924	-0.6133745612642776	0.062124005852219444
0.8871640082348259	0.3368026279505412	-0.31544256576804447
0.44959034601326314	-0.47685965464370583	0.7552968890077332
0.10396414412859863	-0.8118921477503616	-0.5744759326176452
-0.24070114576426582	0.6306818565930896	-0.7377691740592467
0.7905828813403946	0.5683555987227793	0.22792678897398308
0.5630645310790665	-0.5284054401354746	-0.6354101232085825
0.1061168578870979	0.8768422702294807	0.4689209374841129
-0.022295516801528914	-0.4693669221806034	0.8827217014967171
0.9941036778941731	-0.10412648799184998	-0.03025809140975122
0.010890730112099734	0.9673302723332255	0.25328548364514114
-0.7205151686474096	0.1832287259033587	-0.6687937841762788
-0.6933536498401234	-0.17521238036040582	0.6989716289105159
0.1110052384126925	0.9924923895709904	-0.05134874573547826
-0.5258403369754651	0.014812476235954497	-0.8504543083301352
-0.8433088266195667	0.12140612501609943	0.5235367950336486
-0.39568520040885224	0.5419481380104907	-0.7414347158613285
0.3124290175744945	0.8386053288992321	0.44623896212595215
0.8636094783840916	-0.05507556671313388	-0.5011440419643682
0.9414157816717363	0.04658630274562251	-0.33401503321839704
-0.04658630274562251	-0.9629544668267809	-0.2656095088938706
-0.33401503321839704	0.2656095088938706	-0.9043702484985172
0.480474721083454	-0.22882635884975724	0.846630108072787
0.09581917378420665	0.9732790517886356	0.20867815718164257
-0.8717584116801448	-0.019141181911690855	0.4895619335895455
0.4641290070186368	0.8857676133410468	1.1368704751510313e-16
-0.8857676133410468	0.4641290070186368	-5.611426295220443e-17
-1.0246965324363145e-16	-7.465604760165377e-17	1.0
-0.6979157847055641	-0.34001000196457953	-0.6303227395730411
-0.12440695186324555	-0.8091809325910821	0.5742378676638483
-0.7052917607536	0.47918620273863677	0.5224405375906552
0.07919025542211977	0.6651115133260376	-0.7425332169588964
-0.27371192567936287	-0.7017364964575892	-0.6577595847118634
-0.9585461309645323	0.2553283462143916	0.12647826071048507
-0.8892807550291684	-0.453225817857627	0.06136853234384482
0.453225817857627	-0.8912741574136538	-0.014721900484204046
0.06136853234384482	0.014721900484204046	0.9980065976155146
0.9024107747927432	0.20341833098156584	-0.37983651240847666
-0.20341833098156584	-0.5759878481313225	-0.7917442651675617
-0.37983651240847666	0.7917442651675617	-0.47839862292406576
-0.5939382644309295	-0.46356071727419196	-0.6575323561962654
-0.14808216885756126	-0.7403505533790811	0.6557078079279899
-0.7907648255399429	0.48681877481412483	0.3710774463333202
-0.3474476802008899	0.9374486674454334	-0.021681914763259924
-0.8992309334278106	-0.33965975240167756	-0.2757081445387124
-0.26582670650175205	-0.07629710678139882	0.9609968332971859
0.6411102819602579	-0.5348838451604688	-0.5503425102163108
0.3781890800871506	-0.4037976021573022	0.8330189170690226
-0.6677953474438657	-0.7421905204719096	-0.056591565219228146
0.7510592071213695	-0.4867379892743926	0.44608989810949656
-0.5614857311579124	-0.8263307131156545	0.04371871759142271
0.3473382229244058	-0.2833084579727463	-0.8939197260027438
-0.6798712810031975	-0.6360586869714155	-0.36497176328487274
-0.39769130701696115	-0.09835590372939329	0.9122322843030249
-0.6161303965803111	0.765346629266617	-0.1860856562984241
-0.5565498544600247	-0.5445669955432182	0.6274544181576519
0.8013998069057657	-0.5510605121193739	0.23257399139657572
0.21911323326519203	0.6322808706166632	0.7431085328942926
0.5831142490815464	-0.26477359799867234	0.7680317143978507
0.26477359799867234	-0.8318362811808464	-0.4877943656030248
0.7680317143978507	0.4877943656030248	-0.4149505302623928
-0.45010584966091494	0.421975277934549	0.7869825848855145
-0.4733649952492282	-0.8600399412767994	0.19041239634356233
0.7571857799600599	-0.286824274113367	0.5868573339454966
0.7721716604687144	0.20023612118275366	-0.6030393208926546
0.1199477746965256	0.8860525836430218	0.4477983367151752
0.6239899503312052	-0.41811040981206327	0.6601668176244915
-0.6501414215686652	-0.04444900549226247	-0.7585119760896487
0.514471286160085	-0.7603809985183088	-0.39640892120269877
-0.5591381114514221	-0.6479544914598928	0.5172229203346355
0.8858736732370327	-0.38076671073851365	0.26503687867710063
0.38076671073851365	0.27037548757481167	-0.8842589031002492
0.26503687867710063	0.8842589031002492	0.38450181433777897
0.5876560236975167	0.06598628740312665	-0.806415654415746
0.528691991824242	-0.785786822601148	0.3209732811423843
-0.6124909596009883	-0.6149673806805889	-0.4966587813639425
0.9136942638078677	0.3785258309952539	0.14792223481935082
0.395260615424276	-0.9123331924788751	-0.10685126015038866
0.09450840269003224	0.15609721704968318	-0.983209957562637
0.6755338675592806	0.3111708373225398	0.6684509733558548
0.735819626237271	-0.2265302715919908	-0.6381641745636475
-0.04715370000798513	0.9229608583534017	-0.38199447970240175
0.22791655939788014	0.7925626396279046	0.5655957073902528
-0.19266561427566803	0.6061083744524166	-0.771694628395474
-0.9544286264713627	0.06691114021369798	0.29084170314329194
-0.2759659547174791	-0.3326589383762941	0.9017653921920197
0.22852425457286865	0.8885863910047123	0.3977321847589597
-0.9336056217208553	0.315835806139167	-0.16919895582313016
0.2676678447063552	-0.342074400264589	-0.9007435981420443
0.5316897414761208	-0.7271919152083679	0.43416349140000476
-0.8035296781820261	-0.5951277368256398	-0.012768443189432155
0.6424925883390127	0.6202722642134542	-0.4499617674613599
-0.6202722642134542	0.07616700858028458	-0.7806797711299082
-0.4499617674613599	0.7806797711299082	0.4336744202412719
0.2023363485324542	0.32878247561219176	0.9224760624497916
0.8889604682070775	0.3335291777687006	-0.3138591619532366
-0.4108640748807406	0.8835498691682621	-0.22478954749974545
-0.4755692060898633	0.14600739873841728	0.8674766681200697
-0.6010401215448381	-0.7739882549353969	-0.19923090502084578
0.6423275663650309	-0.6161363653735266	0.4558412846066895
0.16737895913700096	0.7887360013656625	0.5915063855850754
0.48255138214464754	0.4576492948450448	-0.7467940054112134
-0.8597257979312384	0.4104298272269437	-0.3040047849852969
0.22553506492477127	0.35198223149152946	0.9084285570167984
0.5360085116746252	0.733807866736346	-0.4173977600900683
-0.8135286165229422	0.5810632697306691	-0.02316606717099834
0.26022316900284026	0.7811827862341754	-0.5674833537695447
0.2611366706370375	-0.6227686100258163	-0.7375411158810854
-0.9295652433060968	0.04373457279914822	-0.3660542932125692
0.9467849542509281	0.2693812508335369	-0.1761589966576415
0.31565049913172494	-0.8841372921532398	0.344479333228902
-0.0629524646218144	-0.3817525249730447	-0.922118211985179
0.7367475518632758	-0.0016840377509240168	0.6761658146049112
0.5945557788732803	-0.4746497529741547	-0.6490077332435732
0.32203489039521305	0.8801731511574454	-0.34869578911956434
0.6053682134787444	0.3644007388793754	0.7076308554703635
0.014095694585223806	-0.8938130323281115	0.44821822211349815
0.7958207320142604	-0.2613625159516765	-0.5462224800863615
-0.7510840557934488	-0.19816170510047793	0.62976557524569
0.5258115165814938	0.39729434933396934	0.7521166458851762
-0.3992430214332282	0.8960408130319564	-0.19420574455431994
-0.7808908642527033	0.38565010622881407	-0.4914096597467035
-0.38565010622881407	-0.9164878615418672	-0.10641426225896475
-0.4914096597467035	0.10641426225896475	0.8644030027108359
0.034497154248743556	0.944086325084921	-0.3278886352656755
-0.944086325084921	-0.0768551401639499	-0.32061549902964515
-0.3278886352656755	0.32061549902964515	0.8886477055873067
-0.44881674988868725	-0.8903794530133246	0.07607860849836878
0.8903794530133246	-0.452811702784899	-0.04675458771856195
0.07607860849836878	0.04675458771856195	0.9960050471037881
0.9937935497499711	-0.003427265064178661	0.11118738385955279
-0.11063625664382656	-0.13446406928988508	0.9847228202828683
0.011575801967597006	-0.9909125430249556	-0.13400870451064795
-0.4540305874625441	-0.8666915982156476	0.20664437865769136
-0.8903138740456875	0.43230977479783617	-0.14300162340338568
0.03460392073416717	-0.2489054683944299	-0.9679094154274834
0.10878038484659625	-0.024225518996886186	0.9937705731716742
-0.9867418109523264	0.11849835277747855	0.11089967947450308
-0.12044677825143224	-0.9926586848551499	-0.01101403606742557
0.8834084994334738	-0.3389659989493888	0.32356061979935236
0.3389659989493888	-0.014525519566521261	-0.9406864838178369
0.32356061979935236	0.9406864838178369	0.10206598100000497
0.4302597067874756	0.4503117114422933	0.7823656097075512
0.21693171310459589	0.7897128872801387	-0.5738416048990977
-0.8762517997497413	0.4166208326543209	0.2420947443332041
-0.29417930882414733	-0.6970765905941998	0.6538675409479456
0.6970765905941998	-0.6245375197692489	-0.35218903055893364
0.6538675409479456	0.35218903055893364	0.6696417890548985
-0.777934738410097	-0.6125483349821951	0.14000742867917507
0.6209686434878815	-0.7835162210464492	0.022366831736120377
0.09599732589835006	0.10434015846083512	0.9898977951044915
-0.6119063918906855	0.7453160581408235	-0.26471596295038013
-0.7375239854563406	-0.6585816547594439	-0.1494274904122654
-0.2857077850530464	0.10379873550162802	0.9526787937538786
0.02328467527311462	0.8403521149762184	0.5415405310338482
-0.7244626974025433	-0.3590973358330325	0.5883900946394742
0.6889206224012	-0.40602638615318476	0.6004422951272905
0.9923944502365778	-0.08177806959810194	0.09200870867721404
0.10860054993815327	0.22971435035520615	-0.9671800441458747
0.05795839622324904	0.9698163045513792	0.2368483897634419
-0.7519011341543367	-0.021660426454106964	0.6589199574935101
0.10985643934529879	0.981370429303297	0.15761866394382146
-0.6500586490400659	0.19090025252704318	-0.7355140014937285
0.8466657119867969	0.11152882998831953	-0.5203061524019555
-0.11152882998831953	-0.9188786795195318	-0.37844853336468126
-0.5203061524019555	0.37844853336468126	-0.7655443915063287
0.05302604550030443	0.8659359850831739	0.49733601140137923
0.9124441555788948	0.16034861770826359	-0.3764757412489769
-0.40575103382310335	0.4737543567473362	-0.7816155755960859
-0.3825192505690236	0.9141841571752306	0.1339639866304567
0.8434263809230086	0.4046920059292003	-0.3533501383898354
-0.3772412529234149	-0.022174469707596317	-0.9258495180027682
-0.9719276697589367	0.1402320204018744	-0.18892216707144593
0.23096634196368362	0.4156191182602841	-0.8797245576977255
-0.04484588762504098	-0.8986633012372054	-0.43634059789637925
0.5881047997388926	-0.802923767185872	-0.09719140194546398
0.7377187567074637	0.4832850973361891	0.471387898332938
-0.3315173909858591	-0.34892540575429304	0.8765542086449252
-0.6544684111939516	-0.37975993525491736	0.653799273725847
0.19036535111697184	0.7540917548700818	0.6285751015837904
-0.7317322815370223	0.5358432763524623	-0.4212360992893205
-0.8031540375619133	0.4203392503747434	-0.4222067106790172
0.47160412655227557	0.015516369975874023	-0.8816738569798002
-0.3640510125887055	-0.9072343450603988	-0.2106957602230468
-0.9750266028203076	0.18133782788139524	-0.12821745580048202
-0.14284522517181253	-0.06999675687075557	0.9872667803958518
0.170054007416189	0.9809266263114863	0.09415194291601647
-0.6027691882421089	0.6525783665683534	-0.4591413520833517
0.4878731755358937	0.7567549338771685	0.4350881918014845
0.6313866250551018	0.038255006725159246	-0.7745240371750808
0.9370140450056436	-0.34520984186588743	-0.05324325817501033
0.3487261286567992	0.9158938346668564	0.19881793382711394
-0.019868735596492812	-0.20486251169545422	0.978589078545038
0.9973225546042062	-0.02360599968776798	0.06921328525999443
-0.05450159786869249	0.3911103907554996	0.918728598701945
-0.048757542057609904	-0.9200409876857777	0.38877664933825296
-0.38136736469233345	-0.24289760338137256	0.8919415269058897
0.24289760338137256	-0.9572892430815785	-0.15683768473132875
0.8919415269058897	0.15683768473132875	0.424078121610755
-0.3426200304328866	-0.4117277970852681	0.8444475921296006
-0.7697915386852633	-0.3922256419611321	-0.5035673070769712
0.538546656952527	-0.8225808573602295	-0.18256021305248082
0.41500130718243256	0.3853345365939236	0.8241912459768171
0.2554967111498425	0.8200720865695872	-0.5120578125768782
-0.8732097947392058	0.42308281427794914	0.2418792811180075
0.5541136739453181	-0.3654597381737385	0.7479286169955017
0.3654597381737385	-0.7004599324500516	-0.6130212580376401
0.7479286169955017	0.6130212580376401	-0.25457360639536963
0.04779539827180945	0.998063588672885	0.039807949827155575
-0.5792214627691357	0.060162376930493755	-0.8129470988137273
-0.8137678397255705	0.015797511432988687	0.5809753365340931
0.9776103902043389	0.18544323484691438	-0.09944210181825577
-0.10651369103467251	0.843674124156339	0.5261832436054997
0.18147385097222826	-0.5038102607912492	0.8445368331427369
-0.6203743669321768	0.318742632895454	-0.7166162005065014
-0.12592729913035225	0.8613605721853171	0.4921384764660428
0.774130454243492	0.3955516384234261	-0.4942276207915819
-0.8208373564831832	-0.028368519225283773	0.5704570635189512
0.5669557981698312	-0.16145742388567208	0.8077701549288709
0.06918928474344493	0.9864718583868306	0.14861398146716664
-0.9458159301703328	0.22448839290157924	-0.23460005901212838
-0.03349640657216822	0.6511944742881667	0.758171317977217
0.3229709228131535	0.7249487692996136	-0.6083905529412794
-0.5935598704805425	0.5213823348815044	-0.6130637332517986
0.18729538660730918	-0.6513606366622178	-0.7352888950355561
-0.7826922245114872	-0.5512619902374016	0.2889690291514966
0.28399258824482276	0.7529567101554396	0.5936365912356684
-0.11052200019909886	-0.5892947786081715	0.8003227794940845
0.9524353507162558	-0.29289564103455656	-0.08413706774638219
-0.22025713714948636	-0.22905169738682424	0.9481677665154662
-0.8285626747009049	0.5568899655002508	-0.05794359686464157
-0.5147530355687038	-0.7983789114507874	-0.3124426765399708
0.9998349521600998	-0.015043238777869797	0.010186726956344174
0.015043238777869797	0.3711117519909728	-0.9284663529182211
0.010186726956344174	0.9284663529182211	0.371276799830873
0.997195747585211	0.04655849379460205	-0.05859136159495011
-0.040386117304752854	0.9939183501418247	0.10244644835424946
0.06300478177899622	-0.09979288505164666	0.9930114690002578
0.9408897420334387	0.09441488300618883	-0.325288061882352
-0.09441488300618883	-0.8491941933646256	-0.5195719890667029
-0.325288061882352	0.5195719890667029	-0.7900839353980644
0.8319690675789029	0.5548034914450378	-0.004533924600915829
-0.5548034914450378	0.8318467301497724	-0.014970084152320194
-0.004533924600915829	0.014970084152320194	0.9998776625708695
