0.04626313074251487	0.9896870076811711	-0.13557045976535875
-0.9896870076811711	0.02699224990166027	-0.14068064995704316
-0.13557045976535875	0.14068064995704316	0.9807291191591454
0.7900350373531195	0.27497908345481215	0.5479335209829808
0.19922533725341363	0.7301017900537402	-0.6536517736200123
-0.5797878101087661	0.625570043898104	0.5220231943377664
0.9941501008117822	0.10594867641921824	-0.02098702029681541
-0.10594867641921824	0.9188573467373083	-0.38010005828977406
-0.02098702029681541	0.38010005828977406	0.9247072459255261
-0.6088138625540416	0.2816029066410903	-0.7416505132023559
0.7541001261453184	-0.0848585048206072	-0.6512542006829788
-0.24633042952433468	-0.955771330983986	-0.16069375333053992
0.6959303049356058	0.7070584572571734	-0.12549640908544155
-0.7070584572571734	0.6441351114356249	-0.29181894427353566
-0.12549640908544155	0.29181894427353566	0.948204806500019
0.23844951932242853	-0.7836700499473864	0.5735879004567339
-0.9521336089846703	-0.07232442777232806	0.2970029760612387
-0.19126792040676902	-0.6169525346109429	-0.7634043179471832
0.9464910851380371	-0.09688120251524945	0.30784518569147723
-0.18867277826022277	-0.9399985555050439	0.2842627277572628
0.26183431497378196	-0.32713414411771524	-0.9079790984678999
-0.9940236388553971	-0.1084422520591956	0.012541266483295023
0.1084422520591956	-0.9941025162377612	-0.0006820396481877642
0.012541266483295023	0.0006820396481877642	0.9999211226176359
-0.986611984639598	0.012710782131142864	0.16258913796169597
0.017958966261494645	0.9993626781376069	0.030849847267828696
-0.16209339066208492	0.03335676188188056	-0.9862114677595386
-0.8722374472255772	-0.4854486191782631	-0.05951028310574932
-0.25965036672023034	0.3565095680612237	0.8974868327406536
-0.4144677583593912	0.7982734907403086	-0.43700790755068053
0.8899217257472819	-0.4480321336401963	0.08547823856861403
0.009062158658091457	0.20473662629304845	0.9787751484046763
-0.45602324427975727	-0.8702586518271185	0.18625971007335673
0.22757617641598116	-0.3447093285767553	-0.9107055301907663
0.6449204932420383	0.7540792727741377	-0.12426587531930713
0.7295797703639597	-0.5590527069647281	0.39392058782333483
-0.48266034018177617	0.8373721239668556	0.2566065510053259
0.7736556382533794	0.2703291872606284	0.5730437015741158
0.41048258113392355	0.47511057293881087	-0.7783148425074433
-0.820452211031865	-0.5463216232800301	0.1684958555858179
0.5655345863392713	-0.8187537661199935	0.09906009347056148
0.08383794526939028	0.1765643067015525	0.9807121109336862
-0.00657588106636009	0.4885156551583138	0.8725303504483065
0.5407903871282727	0.7356819845142527	-0.4078207631433493
-0.8411316870608633	0.46917424516528433	-0.2690223275041157
0.6967315120895244	0.7104650126988334	0.09901851237163359
-0.709894838226302	0.6630817102211874	0.23742780845932485
0.1030267864251698	-0.23571616682143728	0.9663453678566016
0.9898062672527329	-0.03778910512165558	0.1373154646837561
0.03778910512165558	-0.859912310701064	-0.5090410606609855
0.1373154646837561	0.5090410606609855	-0.849718577953797
0.05313818852169072	0.86198901350698	0.5041341820526526
0.9326221796745634	-0.22328460215367318	0.28347814099175705
0.3569204433759711	0.4551032048165995	-0.8157750119156388
0.9423800857604739	0.0018200142337233202	-0.3345391778406092
0.04968799691400973	-0.9896555524064259	0.13458451082425735
-0.33083360912210097	-0.14345234448875463	-0.9327221172117255
0.8691418125059501	-0.35797618156623773	0.34124120968184346
0.35797618156623773	-0.020718924640685366	-0.9335008192781568
0.34124120968184346	0.9335008192781568	0.1101392628533644
0.16056444899302869	0.9854600499791148	-0.05556570538313599
-0.6910743538302533	0.0720475842280095	-0.7191838312177254
-0.7047235594172108	0.15387538952694235	0.6925944479276951
-0.4607932563057062	-0.847782416561988	0.262553897536296
0.3924975597504557	0.07066752005319255	0.917034223570456
-0.7959995229477976	0.5256149501087728	0.30018941301956503
-0.2443416482399443	-0.17824945097149703	0.9531654065080977
0.8902223649424094	-0.43094499328300184	0.14761623799791518
0.3844493463276157	0.8845979572623224	0.26397945775305254
0.13544693117480655	0.6339613944621217	-0.7614112418180923
0.7718166546498001	-0.5493810486597259	-0.32012421804470115
-0.6212513021640427	-0.5443100345439005	-0.563713939737434
-0.13450721160872448	-0.9246756614105793	-0.3562060235596153
0.45380512319474553	-0.3770424155172363	0.8074031998098157
-0.8808908673538666	-0.05304656535380131	0.4703374764110526
0.9350895858143067	0.06079182050093943	-0.34915873333171826
0.13986611717266564	0.8419176199655128	0.5211642643722307
0.3256454141680342	-0.5361707524210806	0.7787656826539943
-0.05921021438908536	-0.021682470544119314	0.9980100305022501
-0.8704072957812898	0.49062381570368685	-0.040980616333297915
-0.4887589282690404	-0.8711016828909575	-0.04792252186437085
0.9991350122897587	0.039956876292756065	-0.01151847445060384
-0.039956876292756065	0.8457510368894668	-0.53207953506719
-0.01151847445060384	0.53207953506719	0.8466160245997082
-0.963417285964506	0.22007397066524698	-0.15295287032421756
-0.22007397066524698	-0.9753325220723132	-0.017144060886864213
-0.15295287032421756	0.017144060886864213	0.9880847638921929
0.18135770618066327	0.26797114020250234	0.9462033874529615
-0.11497184790700624	-0.9497831228708602	0.29102146604421636
0.9766733622853326	-0.16156573748244885	-0.1414413513581374
-0.3463821159609428	0.8558672281151188	0.38407124024191525
-0.23981981138065034	-0.47660152147431734	0.8457762397926032
0.9069211034107483	0.20085387117730313	0.37034016069192677
0.6198846119013199	0.19200322498157404	-0.7608402128729955
0.5235503042571898	-0.8234321064250241	0.2187570456480249
-0.5844982008870122	-0.5339422512829671	-0.6109562385758274
-0.3583586610943541	0.7949995293558271	-0.4894433760330962
0.09417573855067785	0.5523720163796167	0.8282608802721222
0.9288218345232285	0.2507207686744951	-0.2728169640403144
0.7391888217264309	0.48840281267735935	-0.46374839989323413
-0.3030167036394426	-0.3737670989424897	-0.8766293590016258
-0.6014821386792604	0.788518134424922	-0.1282902511216797
-0.9881871949182746	-0.0975384210480295	0.11820458628584901
0.0975384210480295	-0.995214865277847	-0.005798995555562464
0.11820458628584901	0.005798995555562464	0.9929723296404275
0.7174598645600371	0.27705219985948626	0.6391349007044699
0.6241411650920019	-0.663122527830968	-0.4131783139525423
0.30935279016535744	0.6953492587441843	-0.6486834818159177
-0.3279992833791874	-0.8452767379755254	0.42181003584575205
0.8452767379755254	-0.46197805021063876	-0.2684837376099932
0.42181003584575205	0.2684837376099932	0.8660212331685486
0.3747895324780395	-0.4301014671911253	-0.8213072106495438
0.8744964059483707	-0.13018204126944477	0.46723513578743564
-0.30787796661709194	-0.8933450419915938	0.32733132086734784
0.7250955884259047	0.5652591273061326	0.39334273432008426
0.6667498519196543	-0.7191445074697516	-0.19564205156664735
0.17228181160647796	0.4041203983631575	-0.8983349492346338
0.9872648506035987	0.03407857546406085	-0.15539229535917867
-0.03407857546406085	-0.9088075632636181	-0.41582143240721037
-0.15539229535917867	0.41582143240721037	-0.8960724138672169
0.9947751195074834	0.03435433955874427	-0.09613657452995993
-0.03435433955874427	-0.7741152839365617	-0.6321117832545912
-0.09613657452995993	0.6321117832545912	-0.7688904034440451
0.7141293028216504	0.38625228016797863	-0.583805202885775
-0.38625228016797863	-0.47811781547555676	-0.7888044945294866
-0.583805202885775	0.7888044945294866	-0.1922471182972072
-0.18727812189236426	0.3314316231759401	0.9247053499463658
-0.589294608632945	0.7152461190470139	-0.3757058070143835
-0.7859126982665525	-0.6152853552191427	0.061360918802120024
0.886537168769617	0.33853778240466614	-0.31534745642621337
0.45044025000002597	-0.4759697773322591	0.7553518069391199
0.10561926703904807	-0.8116926394583175	-0.5744559421568582
-0.24112911656259395	0.6305004964472604	-0.7377844354047473
0.789896910463784	0.5691785626365482	0.22825125339143731
0.563843613057302	-0.5277356230298949	-0.6352759181644907
0.10443716105584899	0.8767239426652507	0.4695189109589655
-0.020028554264300502	-0.47015076676863266	0.8823588348970892
0.994329792576224	-0.10155483673545551	-0.03154169828906417
0.007869476008527165	0.966983212547413	0.25471854663301596
-0.7224532168268839	0.18161490489386145	-0.6671411963122058
-0.6913750218541589	-0.17877218176181195	0.700029346659326
0.10901161441216778	0.9928176677677917	-0.04929043001816502
-0.5274832657926892	0.015746648771183258	-0.8494194766787233
-0.8425425047034316	0.118596465464194	0.5254112733349638
-0.3978392349508977	0.5423032482088619	-0.7400210335631022
0.31120652129984233	0.8385481006384032	0.447199713792593
0.8630610895146039	-0.052385779538381305	-0.5023756421921957
0.9409111115188766	0.04693209595281963	-0.3353858354042214
-0.04693209595281963	-0.9627235900497886	-0.26638443560223546
-0.3353858354042214	0.26638443560223546	-0.9036347015686652
0.48088374244118115	-0.22790379772791808	0.8466467298920819
0.09140672930458384	0.973396467884543	0.2101050359885128
-0.8720066720464943	-0.023646887556038443	0.4889224771017485
0.465321176563798	0.8822328920879349	-0.07170304567757912
-0.6498808897110725	0.3955187519560168	0.6490144420885406
0.600941787388452	-0.2554017246795979	0.7573895478556985
-0.697117995102009	-0.3416103523061758	-0.6303402796126909
-0.12293108552382272	-0.8092163137999606	0.5745057925660434
-0.7063387637082432	0.47798674111030903	0.5221247228448934
0.07914953053185192	0.6650318598400711	-0.7426088992290919
-0.2710331975659183	-0.7025271287685002	-0.658024801327033
-0.9593103552207604	0.2533540186023173	0.12464101902774738
-0.8884351780880599	-0.45491133294687586	0.06114420244090498
0.45491133294687586	-0.8904149195880671	-0.01472922711730413
0.06114420244090498	0.01472922711730413	0.9980202584999929
0.9026544110686059	0.20280738276429064	-0.3795842194753186
-0.20280738276429064	-0.5774761347153683	-0.7908163372936196
-0.3795842194753186	0.7908163372936196	-0.4801305457839742
-0.5933868354441076	-0.46538139982783944	-0.6567436457369868
-0.14591992364202078	-0.7401995268935788	0.6563627322379219
-0.7915803429885908	0.4853089872244318	0.3713162365333106
-0.3483005618727333	0.9371633711573069	-0.020286309674508077
-0.8993047861550414	-0.34017927284173655	-0.2748253334892957
-0.26445721808597594	-0.07747824268747461	0.9612801369591943
0.6410075398772775	-0.5342091992730359	-0.551116925191508
0.379738652043115	-0.40326653474948326	0.8325711129360794
-0.6670141602432129	-0.7429647591664129	-0.055637008113626374
0.750451324815806	-0.4852149877697046	0.4487641081078644
-0.5602785188960514	-0.8272116526756812	0.04253072937554109
0.3505863521956447	-0.28335013202963905	-0.892637615347313
-0.6787896689793564	-0.6368197732974188	-0.3656571640544183
-0.4000326062583413	-0.09690137918111885	0.9113638332976329
-0.615807193216395	0.7648991430575806	-0.18897301853101744
-0.5600403285112274	-0.5482223442225249	0.621133714860332
0.801546039655888	-0.5481224288658189	0.23892624235566373
0.20947261575919293	0.6316756005018677	0.7463961139888166
0.5831074895486821	-0.26484908538881513	0.7680108186744128
0.26484908538881513	-0.8317431081806805	-0.48791225026909163
0.7680108186744128	0.48791225026909163	-0.4148505977293626
-0.45102961783723927	0.4222939694424554	0.7862824474742699
-0.47357509037470097	-0.8599679134060407	0.19021519836399442
0.7565044068676582	-0.2865710928977214	0.587858904079217
0.7699526047599331	0.20215126479420253	-0.6052337173072057
0.11890433786818977	0.8864265748989475	0.44733621108630145
0.6269248319053263	-0.41639259534125345	0.6584697879822987
-0.6514220347698259	-0.045492185711299704	-0.7573505091142065
0.5143256274222088	-0.7603183933374971	-0.39671789691093806
-0.5577799580417806	-0.6479555554140229	0.5186859518196096
0.8843610930748644	-0.38278590667107937	0.26717111877864086
0.38278590667107937	0.2670912778591066	-0.8843852095922846
0.26717111877864086	0.8843852095922846	0.38273018478424214
0.5881668318624966	0.06706349615790635	-0.8059542576225477
0.5306127997080388	-0.7840759416631569	0.3219859849295157
-0.6103358376196094	-0.6170311217338329	-0.49675221200217856
0.9126566869833153	0.38133401548104623	0.14711267906519837
0.3979148846658978	-0.911204861753107	-0.10662759717271143
0.0933890585987678	0.155852714299758	-0.9833556910800045
0.6741594020303792	0.3124963129953522	0.6692198106887995
0.7369430081306665	-0.22420219492297466	-0.6376898764752701
-0.04923518479061706	0.9230814861950334	-0.3814399905917081
0.22757376717974243	0.7928028750017678	0.5653970126208236
-0.1945864948982048	0.6059463523356401	-0.7713398175216701
-0.9541206823535748	0.06551808513733953	0.2921662267016587
-0.2738875597818362	-0.3366222268125304	0.9009279000078334
0.22556167756866632	0.8881381062076878	0.40041557651299087
-0.9349371819588523	0.31288365364396264	-0.1673209044717503
0.36385390994586086	-0.9209498621730638	-0.1395051381868218
0.18224224402870998	-0.07649026484992949	0.9802739432804322
-0.9134539379237958	-0.38210023651733405	0.14000468758190898
0.6405760763242633	0.6214857554293377	-0.45101856529353335
-0.6214857554293377	0.07462113331675335	-0.7798635407947656
-0.45101856529353335	0.7798635407947656	0.4340450569924901
0.20274727662229164	0.32746939666567965	0.9228528247069843
0.8888090203686501	0.33400090948895955	-0.3137864206301292
-0.4109891326222197	0.8838592572960718	-0.2233399788628807
-0.47615441145222714	0.1447033178659583	0.8673741558596075
-0.5993881186672809	-0.7751413094883703	-0.1997243939160966
0.6434367565309591	-0.6149934146990828	0.45582040347233377
0.16585284841914638	0.787758824053443	0.5932359292871532
0.48313924548949577	0.4595166985549114	-0.7452656393642709
-0.8596913993632229	0.41021998839053575	-0.3043850505293788
0.2236444784842878	0.35192936198392377	0.9089163170595405
0.5356125029768753	0.7347331017131222	-0.41627697017954457
-0.8143109933547117	0.5799249894776074	-0.024178765085489884
0.25817999783906287	0.7819487254764947	-0.567361683092458
0.26246386568792296	-0.6219556245970248	-0.7377560031882333
-0.9297611563858609	0.041561902721240884	-0.36580978707275813
0.9462827636948095	0.27199754356954436	-0.17483211211401414
0.3175777422058014	-0.8834643462388507	0.34443450259842506
-0.060772599002995566	-0.3814552204609249	-0.9223874489570676
0.7358845257769522	0.0007021709111431074	0.6771066915029283
0.5964595195628852	-0.47398563692825757	-0.6477450559506617
0.32048401870427534	0.8805322952292693	-0.3492175121803489
0.6048725581866038	0.3667955937712044	0.7068169358064527
0.01430495575579857	-0.8924632880188059	0.45089316670302954
0.7961937933654206	-0.26262191821835984	-0.5450735468518819
-0.7513005461784672	-0.19839813887958357	0.6294328143662783
0.5253888229514578	0.3973799175512017	0.752366789434968
-0.3993921306555977	0.8959505452959541	-0.19431558443486763
-0.7822191785054402	0.38292265346766746	-0.4914299525258453
-0.38292265346766746	-0.9177263042014381	-0.10558727214039579
-0.4914299525258453	0.10558727214039579	0.8644928743040022
0.03368454026689138	0.9433136862875631	-0.33018879600855194
-0.9433136862875631	-0.07914056245855727	-0.32232911850515794
-0.33018879600855194	0.32232911850515794	0.8871748972745513
-0.44792260125252836	-0.8907862671847359	0.07658439450862525
0.8907862671847359	-0.45197334918420573	-0.04711600388717417
0.07658439450862525	0.04711600388717417	0.9959492520683225
0.9938628062364482	-0.002523778444040309	0.11059092603906409
-0.1099201343047334	-0.13478973950348694	0.9847584933368239
0.012421209854185773	-0.9908710090960111	-0.1342399228203397
-0.45210115040961596	-0.8678409942596563	0.20604989318297
-0.8912568618692576	0.4303087521142517	-0.14316278854799808
0.035577464345640894	-0.24836744258514803	-0.968012323007537
0.10932881038252784	-0.02251144160620444	0.9937506962096441
-0.986929456037335	0.11662042494387626	0.11122016585026423
-0.11839535474921248	-0.9929214024698634	-0.009467232493608924
0.8848531435628515	-0.336465155163026	0.3222205978643523
0.336465155163026	-0.016831165506695722	-0.9415454907909692
0.3222205978643523	0.9415454907909692	0.09831569093045278
0.43192214324581246	0.4510556744849867	0.7810198721472057
0.21487619632669314	0.7895626682957841	-0.574820853036678
-0.8759403418190741	0.4161004342085398	0.2441084722522926
-0.2943250628314784	-0.6966585746172544	0.6542473445123808
0.6966585746172544	-0.6250299221387055	-0.3521426228725222
0.6542473445123808	0.3521426228725222	0.6692951406927731
-0.7777517425049245	-0.6127415438538114	0.14017855565742293
0.6213244420790479	-0.7831904322754422	0.023847106058508823
0.09517439101834795	0.10564349117600005	0.9898390212890341
-0.6135665660244876	0.743675688916887	-0.26548547751414026
-0.7363466584337202	-0.6602714342950151	-0.1477674919171914
-0.28518356837379627	0.10482415164453536	0.9527235850768005
0.02214070418001224	0.8398037246747112	0.5424384695436848
-0.72402635862662	-0.36068060710104044	0.587958613913515
0.6894168704291259	-0.40575756762346	0.6000543101120124
0.9924722208835141	-0.08206739798951637	0.09090562667830605
0.10760860795399427	0.22995098690883986	-0.9672346825428946
0.05847459507126822	0.9697357814409453	0.23705112512783044
-0.7514063190048281	-0.02505020222779418	0.6593641111919585
0.10834159030001402	0.9810331274483546	0.1607361274268
-0.6508845086272054	0.19221469823415482	-0.7344405123710662
0.8456348626960017	0.11312681117686041	-0.5216358917732458
-0.11312681117686041	-0.9170947816938613	-0.38228194566686446
-0.5216358917732458	0.38228194566686446	-0.762729644389863
0.05113393142387512	0.864985237904298	0.49918519535817935
0.9119232249665105	0.16334215929176432	-0.37645102040582035
-0.40716256314133054	0.4744679938684475	-0.7804478009262588
-0.38212898847013577	0.914145433628037	0.13533500045368546
0.8426433592072793	0.40480798405740626	-0.35508120934125886
-0.3793805547924975	-0.021647683949715557	-0.9249874444688158
-0.972395915684467	0.13761372571749647	-0.18843737860179596
0.22939105252328135	0.41589461175860265	-0.880006486869513
-0.04273088089927604	-0.8989405622199451	-0.4359815792132291
0.58885016198964	-0.8022365553257885	-0.09834630660979482
0.7370178552237082	0.48302451863376317	0.4727494002958297
-0.33175317301605406	-0.35086154491142874	0.8756917314307276
-0.6545219214342053	-0.38089391911640247	0.6530856580435861
0.19026060824788726	0.7530387991001548	0.6298678178784345
-0.7317116613196898	0.5365187689447073	-0.42041129297253144
-0.8039979850132091	0.42010836019139935	-0.4208280002471234
0.4705007125585438	0.016685100423656785	-0.8822418528418128
-0.363615620644386	-0.9073205459599962	-0.21107606994221761
-0.9753494428974006	0.1793392023619918	-0.12857260491992184
-0.14276423311250058	-0.06855759227961822	0.9873794763335022
0.16826121948782297	0.9813955915108779	0.09247083312853055
-0.6048223702275921	0.6494951847758401	-0.46081005352018367
0.48528786658838086	0.7593906528153063	0.4333838056028868
0.6314155422654523	0.038494692747704534	-0.7744885871437257
0.9376840449545362	-0.3436121475705907	-0.051762185808038264
0.3469161690256976	0.917143835507144	0.19620488439327546
-0.019945012063995196	-0.20193532883864465	0.9791957513493385
0.9972789825945765	-0.024200068688408627	0.0696346720434787
-0.05463171245982258	0.39160920698045176	0.9185083587000441
-0.04949754406870907	-0.9198133428493077	0.3892215403180407
-0.3809891674939718	-0.24401892440924242	0.8917970726473635
0.24401892440924242	-0.9568821849791205	-0.1575793406501652
0.8917970726473635	0.1575793406501652	0.42410698251485135
-0.3429668059617126	-0.41124038447284306	0.8445443245840025
-0.7674476831507503	-0.395768160091883	-0.5043724983422779
0.5416620935924596	-0.8211266099914882	-0.17987013851365008
0.4127217034589007	0.38775112617225255	0.82420255983959
0.2527175931918633	0.8205930553609169	-0.5126020440700049
-0.875096916681401	0.4198524760503208	0.24068503229141536
0.5554327293537551	-0.36526939610795134	0.7470426704208876
0.36526939610795134	-0.6998840433324769	-0.6137919795464226
0.7470426704208876	0.6137919795464226	-0.255316772686232
0.04746802940392558	0.9981239211224752	0.03867071589204496
-0.5789648542300913	0.0590405793013542	-0.813212092606898
-0.8139695840452746	0.016212590134081106	0.5806812104505422
0.9777551692498906	0.1898062921135183	-0.08926589762745642
-0.11207045897802276	0.8324904368050513	0.5425862925402652
0.17729929844636466	-0.5205124821771835	0.8352435062113169
-0.623043291786674	0.3172526306803535	-0.7149600162848413
-0.1259110942445385	0.8614532042247407	0.4919804602594194
0.7719866921817813	0.396546523446269	-0.49677701419943876
-0.8202257221968319	-0.03047795275411591	0.5712275020012629
0.5680908987630572	-0.16053344084236643	0.8071565802952313
0.06710063628064078	0.986559734008655	0.14898790502421644
-0.946565463578515	0.2221782227007871	-0.23377480727809422
-0.03439194216520566	0.6511862584366679	0.7581382796939871
0.32067275761201763	0.7256674818267472	-0.6087492820075695
-0.5944257741766032	0.5205905614744673	-0.612897598541751
0.1884868279138311	-0.6507366610181586	-0.7355368880687905
-0.7817484983660207	-0.5527452083108795	0.2886901799366137
0.28290216149776903	0.7542592476703165	0.5925026196766545
-0.11002996187827202	-0.5881389564483182	0.8012402731995871
0.9528167580962019	-0.2918656458230248	-0.08339466577277244
-0.21864794438902546	-0.2300167656418679	0.9483065769771439
-0.8292195903669521	0.5560791277215166	-0.05631052001306164
-0.5143811304530113	-0.7986665707516067	-0.31231996637703285
0.9998825393603639	-0.012693909141224705	0.008589071718459839
0.012693909141224705	0.3718240406722836	-0.9282164335158317
0.008589071718459839	0.9282164335158317	0.3719415013119197
0.9970103128033105	0.04943292567800809	-0.059387052652556185
-0.04293927068315217	0.993434205852995	0.10604101882963997
0.064239047292468	-0.10317395262439837	0.9925867621033511
0.940482267300338	0.09519730265159725	-0.3262369973830003
-0.09519730265159725	-0.8477340110069203	-0.5218088923638416
-0.3262369973830003	0.5218088923638416	-0.7882162783072582
0.8302816282717159	0.5573258594142343	-0.004506016273070114
-0.5573258594142343	0.8301619937121429	-0.014796980234667242
-0.004506016273070114	0.014796980234667242	0.9998803654404269
