0.042739314842400566	0.9895773407860005	-0.1375137722910325
-0.9895773407860005	0.022984991006781308	-0.14215617043000967
-0.1375137722910325	0.14215617043000967	0.9802456761643807
0.7895523772333128	0.27759534769328187	0.5473096623889171
0.19707381909542313	0.7299146055766652	-0.65451247382537
-0.5811789340920479	0.6246322850324879	0.521599036677335
0.994132360351032	0.10609222712159341	-0.021101882552653425
-0.10609222712159341	0.9182433361597968	-0.3815411051806956
-0.021101882552653425	0.3815411051806956	0.9241109758087648
-0.6093510696013023	0.27499660911337187	-0.7436855107852351
0.7554520920165387	-0.08348590501084141	-0.6498632474085266
-0.24079744733610442	-0.9578136398280555	-0.15687453813716212
0.6911759444256192	0.7111982424039335	-0.12834669395395135
-0.7111982424039335	0.6378353009376261	-0.2955726456886091
-0.12834669395395135	0.2955726456886091	0.9466593565120067
0.23986250328103964	-0.7800447874173387	0.5779239648455424
-0.9525299630864971	-0.07413157981397478	0.2952815237984262
-0.18749039693325512	-0.621316858372057	-0.7607974188708102
0.9465630960774736	-0.0932382774784854	0.30874735425112954
-0.18598115335776222	-0.9399032703639567	0.286343941711458
0.2634944320852797	-0.328463797049208	-0.9070183119915896
-0.993812207950183	-0.11036077841575984	0.012561604859627703
0.11036077841575984	-0.9938913497650541	-0.0006953054479914906
0.012561604859627703	0.0006953054479914906	0.9999208581851289
-0.9865184748779823	0.006264729367520442	0.16352997245267079
0.010931954580608094	0.9995577158537059	0.027656193634872962
-0.16328438716995283	0.02907104819702573	-0.9861506391334232
-0.8704475199007726	-0.488313771324651	-0.06221555941475443
-0.26301361951393015	0.35451311343390735	0.8972983273992988
-0.41610689858349614	0.7974146431675896	-0.43701823281544017
0.8904823296743127	-0.44658902840902026	0.0871748830942479
0.006796019256606167	0.2046178992652855	0.978818333207202
-0.45496706986338287	-0.8710279874980762	0.18524365126767206
0.23016758983144903	-0.34295124987556813	-0.9107180248572921
0.6415698037974918	0.7571430498854183	-0.12297393571588619
0.7317178878819552	-0.5559845701267191	0.39429695704453216
-0.4861106233297021	0.8349994368177291	0.2578224241606688
0.7715750665502832	0.27156390587029344	0.5752607771318993
0.4103271604024462	0.47856972902863965	-0.7762748455885453
-0.8180441767024935	-0.5510031579691779	0.16492193568817146
0.5695644664047905	-0.8159584428234168	0.09903604492411897
0.08000027232557708	0.17494953413250056	0.9813218722389991
-0.007458786559104036	0.4866079664025044	0.8735886065744477
0.5356569111329226	0.7396459588118793	-0.40742548910051285
-0.8444027712286372	0.4649048748366433	-0.26617178155192
0.6920487436119372	0.7151473886630907	0.09814656873014695
-0.7136370746109085	0.6573680106532472	0.2420525238673969
0.10858481572450042	-0.23755317522221103	0.9652863962244168
0.990551765239573	-0.03647058043570903	0.1322009725510681
0.03647058043570903	-0.859222037656332	-0.510301270592562
0.1322009725510681	0.510301270592562	-0.849773802895905
0.04796136181893407	0.8610234182016853	0.5062987073662732
0.9334476134584248	-0.21903700464832943	0.284074538675079
0.3554929826329129	0.45897871835519083	-0.8142255678838524
0.9433647343810135	0.007434489233605623	-0.33167409651052837
0.05536634541914198	-0.989256306309984	0.13530161943175376
-0.3271047931797517	-0.1460023588705411	-0.9336411331357832
0.8700246569012019	-0.3570882400277163	0.3399192333744208
0.3570882400277163	-0.01895230182876828	-0.9338783641830981
0.3399192333744208	0.9338783641830981	0.11102304127002971
0.15508829366054822	0.9862496211019973	-0.05709033233067001
-0.6928388576016808	0.067390609032286	-0.717936503607008
-0.7042172523920849	0.15089794793311267	0.6937635553579606
-0.45659438965769517	-0.8490933304227508	0.26563523780688025
0.39448735517135397	0.07439762557797547	0.9158846651834877
-0.7974341916064462	0.5229775420990471	0.30098704376935026
-0.24033248771863125	-0.17917154662830526	0.9540114528797832
0.8921059430982625	-0.42815528732646246	0.1443261453207762
0.38260590904445446	0.8857655484456455	0.2627396269142728
0.1321836772341226	0.6345820780166357	-0.7614677023570691
0.7737027102090303	-0.5462536460090242	-0.320922218671518
-0.6196059971369441	-0.546728946080173	-0.5631836892435689
-0.12754816519683843	-0.9254052628780407	-0.35687051572320216
0.45532050692470416	-0.3742865821542771	0.8078321548397909
-0.8811439732125224	-0.05945295498874542	0.4690955602159924
0.9344840691293856	0.06675716526823913	-0.3496898703547683
0.13472305416455407	0.8428971425427171	0.5209357981266953
0.32952878966785326	-0.5339174917331997	0.778680222428545
-0.057753753193206414	-0.021593557190895674	0.9980973010082443
-0.8727088146452484	0.48660215860672684	-0.0399707903319339
-0.4848131896231618	-0.8733567756232945	-0.04694798867149541
0.9989099244864278	0.04484972205879422	-0.012940834353632049
-0.04484972205879422	0.8452827750980823	-0.5324335945014492
-0.012940834353632049	0.5324335945014492	0.8463728506116546
-0.9641635098907713	0.21543870671562174	-0.1548382699587186
-0.21543870671562174	-0.9763696677401972	-0.016983390874543695
-0.1548382699587186	0.016983390874543695	0.9877938421505742
0.178301383029688	0.27079625680908687	0.9459799173914252
-0.11134578164141584	-0.9496574676736622	0.29283580894813743
0.9776557337428973	-0.15754390305510066	-0.139173219010708
-0.348553315296543	0.8564763889946825	0.380734528891744
-0.2389973117830586	-0.4739947051060702	0.8474723030824552
0.9063061686628092	0.20439475195327017	0.36990798047311824
0.6186035617892927	0.19327871626932766	-0.7615595650892197
0.5270240765566496	-0.8209500430269998	0.2197422344101779
-0.5827308607506654	-0.5372935554157034	-0.6097051576274721
-0.3619159928941986	0.7930295397378568	-0.490021390543892
0.09406984898695153	0.5540404144864118	0.8271578341690884
0.9274522508458205	0.25326541062468055	-0.27511625575769494
0.7365553243731053	0.4883406180183426	-0.4679847165571679
-0.3053334877661322	-0.37732508057308856	-0.874298144124235
-0.6035376669158262	0.7868603588718748	-0.12881405299821047
-0.9874969756332974	-0.10773810775402581	0.11507485934240178
0.10773810775402581	-0.9941597396098081	-0.0062379705466774635
0.11507485934240178	0.0062379705466774635	0.9933372360234892
0.7144520209677256	0.27992420024920095	0.6412493679139011
0.6265039274054467	-0.6639957761107063	-0.40816961946314906
0.3115303174342478	0.6933628569673937	-0.6497667349882807
-0.3269364233343295	-0.8460084152605937	0.4211678245137154
0.8460084152605937	-0.46061452070683884	-0.2685219257756597
0.4211678245137154	0.2685219257756597	0.8663219026274906
0.37454786453672884	-0.4285948950050903	-0.8222045445912787
0.8748522300417202	-0.13040292487755423	0.4665068625158777
-0.3071603372214669	-0.8940366285331685	0.3261150626374687
0.7242558682684394	0.5647954163493621	0.3955497123617707
0.6676881991175717	-0.7176892560983441	-0.19777411468677872
0.17217986536718755	0.407342938261799	-0.8968978897346014
0.986353369586374	0.03496314487892126	-0.16088694417441524
-0.03496314487892126	-0.9104231987843778	-0.41219798351689796
-0.16088694417441524	0.41219798351689796	-0.8967765683707518
0.9943191315825102	0.03573264816827498	-0.10026286662511283
-0.03573264816827498	-0.7752417321994758	-0.630653180846048
-0.10026286662511283	0.630653180846048	-0.769560863781986
0.7122227687716901	0.3867002343750064	-0.585834154328256
-0.3867002343750064	-0.4803721245512693	-0.7872137896965572
-0.585834154328256	0.7872137896965572	-0.19259489332295932
-0.18904712437161786	0.32927423832972125	0.9251160255552834
-0.5920250308294157	0.7134104541673356	-0.3749025030006937
-0.7834331800723348	-0.6185660836621563	0.0600703962415009
0.8854060453570608	0.3416201557112676	-0.3152012120169903
0.45197225426615684	-0.47442603962419927	0.7554078463320766
0.108522883387509	-0.8113048761953221	-0.5744625154376517
-0.24184693267560675	0.6301606605745953	-0.7378398220613941
0.7887272635475073	0.5705837461490599	0.22878700218186754
0.565171978155553	-0.5266229490771313	-0.6350188222509972
0.10143758043373341	0.8765058184100043	0.47058258315534623
-0.016107813731301712	-0.4715134247103847	0.8817117605287352
0.9947114936566015	-0.09701876422266326	-0.033710588487294135
0.0026958800339321742	0.9663145084919578	0.25734996193663756
-0.7257834014566438	0.17892768881158883	-0.6642464424794214
-0.6879180084871066	-0.1849896020172199	0.7018173984339828
0.10563448441137124	0.9933465766556211	-0.045868664136877846
-0.5304397258509614	0.01727180941526074	-0.8475466841647601
-0.8411153624457828	0.11386071862622693	0.5287349844786314
-0.40183933070376887	0.5428442100447375	-0.737458687602534
0.30925611903609196	0.8384741401354012	0.44868894477458876
0.8619082347548848	-0.0477627464150083	-0.5048097809240764
0.9401845004491939	0.047478219007755874	-0.3373409608021998
-0.047478219007755874	-0.9623144285832841	-0.2677625053294031
-0.3373409608021998	0.2677625053294031	-0.9024989290324781
0.4815952174506506	-0.22619163173174056	0.8467014776550195
0.08391457898683981	0.973582392623154	0.21235740676424752
-0.8723671187992599	-0.031219713462927928	0.48785339962858787
0.45894759090435244	0.8884633412826278	1.1020626817804618e-16
-0.8884633412826278	0.45894759090435244	-6.390267070903865e-17
-1.0735408161790927e-16	-6.858625248148883e-17	1.0
-0.6957235121087852	-0.3443748653135051	-0.6303766706020473
-0.12033543972683476	-0.8093034779799677	0.5749323981784965
-0.7081582991427595	0.47585064113630565	0.5216109572137081
0.07888507265484146	0.6649002951967506	-0.7427548335484018
-0.2665131000052757	-0.7038899780254431	-0.6584145095309786
-0.9605976852136477	0.24989296965424013	0.12167822680975737
-0.8869465780104349	-0.4578616172719319	0.06073308146891858
0.4578616172719319	-0.8889013271420183	-0.014736690072374315
0.06073308146891858	0.014736690072374315	0.9980452508684166
0.9030969752967624	0.2017194468856023	-0.37911095731725514
-0.2017194468856023	-0.5800880790207803	-0.7891812753266187
-0.37911095731725514	0.7891812753266187	-0.48318505431754266
-0.5923883699896431	-0.46855166372724366	-0.6553894701011341
-0.1422090254974131	-0.7399027899015227	0.6575108018603337
-0.7930022775302034	0.4827040500289746	0.37167753216670973
-0.3497820336770112	0.9366578562296473	-0.018016361454407825
-0.899415987653432	-0.3411309854443829	-0.27327739006940505
-0.26211335347550635	-0.0793833177249849	0.9617665406931135
0.6408170645231599	-0.5330149599908925	-0.5524930246092049
0.3824978103070502	-0.4023087524504161	0.8317710579312685
-0.6656191966329038	-0.7443404598217787	-0.053929258719833895
0.749384142852887	-0.48266685545851945	0.4532726696839646
-0.5582139235979405	-0.8287115061914301	0.040428393578318664
0.3561188312095226	-0.28331951247260667	-0.89045462091577
-0.6769104823408054	-0.6381143207695636	-0.3668818781650792
-0.4040229160258595	-0.0945295493163898	0.909851442616871
-0.6152704139019679	0.7641166651335635	-0.1938247658119634
-0.5617363834039251	-0.5555742334101027	0.613016726306106
0.8053084473324276	-0.5369625029078975	0.2512957920975223
0.1895535286279667	0.6348295374678647	0.7490399976923954
0.5830326335474341	-0.26499772919687553	0.7680163746556729
0.26499772919687553	-0.8315844305108486	-0.48810197546460216
0.7680163746556729	0.48810197546460216	-0.4146170640582827
-0.45269506794249237	0.42275005026853923	0.7850793402316038
-0.47391870803790787	-0.8598800199535952	0.1897561842372616
0.755293475168575	-0.28616209791401953	0.5896126017015108
0.7660397068915884	0.2054435943691913	-0.6090780713489171
0.11713080452344554	0.8870704749449587	0.44652698363325777
0.6320312825304929	-0.4133992041762931	0.6554674331263666
-0.6536486409854472	-0.04732561809364047	-0.7553169798236583
0.5141342380921851	-0.7601428405746997	-0.39730195965335335
-0.5553462337670494	-0.6480302059279963	0.5211980552972857
0.8817935001058933	-0.38615100119286866	0.2707907447619714
0.38615100119286866	0.26145851417506527	-0.8846054768330978
0.2707907447619714	0.8846054768330978	0.37966501406917197
0.5889701173615022	0.06883922798429035	-0.8052175864607685
0.5338590690720062	-0.7811592836698455	0.32370459976031296
-0.6067196182955923	-0.6205250472196432	-0.49682992114838465
0.9108243844670953	0.38624648703947684	0.1456454321624957
0.40254576137475706	-0.9092203947361912	-0.10618466836121992
0.09141034219033439	0.15534453658055813	-0.9836219925841521
0.6716941504058606	0.3148324072119357	0.6706023588384453
0.7389492815924577	-0.22029261284446844	-0.6367300243903591
-0.05273450051474621	0.9232289640686617	-0.38061444055653637
0.2268560723521753	0.793198359551826	0.5651306794372757
-0.19795924633787731	0.6056999869651226	-0.7706748098775449
-0.9535976401115327	0.06295941704576369	0.29442766951999155
-0.2701981001471172	-0.34352624049111696	0.8994346606457455
0.22046565735544538	0.887285724757886	0.40511595447193177
-0.9372234955461367	0.3077560149451383	-0.16400717868852
0.7057434151800595	-0.6515327257760943	0.27826487232987007
0.4167061986211826	0.699389893448693	0.5806976157799423
-0.572959139870087	-0.29386882138906556	0.7650875373803521
0.6372010536583619	0.6236208170796059	-0.45284864328121616
-0.6236208170796059	0.07195163441521057	-0.7784086579746815
-0.45284864328121616	0.7784086579746815	0.4347505807568487
0.20334896140411773	0.3255348607940575	0.9234047077547636
0.8884601107216608	0.3349688774574695	-0.3137427015746137
-0.4114460250777992	0.8842075014060198	-0.22110916513116918
-0.47713621183902033	0.14264954346411177	0.8671748053889651
-0.5964644386895693	-0.7772371199857955	-0.20033130732594565
0.6454232787331474	-0.612824254632326	0.45593335500233767
0.16320967578364054	0.7861652475201759	0.5960761740936638
0.4839959756629899	0.46267899132365964	-0.7427489794875193
-0.8597153582858861	0.4097222895807129	-0.30498712784002713
0.22048003361121993	0.3518992665978596	0.9097007535155084
0.5348233427508651	0.7363341871431556	-0.414458631099678
-0.8156914532024875	0.5779090508134622	-0.02585695574303193
0.25455869772499606	0.7832399553559222	-0.5672169265339384
0.2648032747534597	-0.6205764078408584	-0.7380813963995979
-0.9300962827000212	0.037684139440748776	-0.3653776273148268
0.9453657025599845	0.2765602741427068	-0.1726212709644374
0.32098529580358326	-0.882223294387656	0.3444568169127706
-0.05702743463591019	-0.38104655044482777	-0.9227954259167872
0.7343970452386119	0.0048852855418187735	0.678702522413149
0.5997501859370489	-0.4728093287328099	-0.645562586533409
0.31774312646109504	0.8811512200799615	-0.3501597248946886
0.6039766657939243	0.3710342530323425	0.7053692439093059
0.014786996658857993	-0.8900925550177301	0.45553988654323085
0.7968648140721645	-0.264705169157575	-0.5430816158875147
-0.7516135882934554	-0.1988469867478666	0.6289172360127603
0.5246354728310855	0.39769255453443364	0.7527272100270987
-0.399793239737667	0.895712290821763	-0.19458894503771273
-0.7845278515349741	0.3781951695118489	-0.4914106876369512
-0.3781951695118489	-0.9198490591676298	-0.1041447171311625
-0.4914106876369512	0.1041447171311625	0.8646787923673442
0.032250096158826014	0.9419900118722057	-0.33408793577552093
-0.9419900118722057	-0.08308419464061445	-0.32519507089425975
-0.33408793577552093	0.32519507089425975	0.8846657092005594
-0.44628031541734536	-0.8915396493886487	0.07740112169057958
0.8915396493886487	-0.45042262004190303	-0.04771285909010987
0.07740112169057958	0.04771285909010987	0.9958576953754424
0.9939708288927552	-0.0008565501911623058	0.10964149594026461
-0.10874586192679855	-0.1354894255062633	0.9847928478059639
0.01401173879455031	-0.9907784222003185	-0.1347656828654853
-0.4484581377436192	-0.8694219711788677	0.20734207176300962
-0.8931182639743872	0.42680604164885527	-0.1420435474332161
0.03500093208618271	-0.2488815759422295	-0.9679012841760313
0.11024741414748651	-0.019616462692833514	0.9937105725839961
-0.9872494505372755	0.11334209532571182	0.1117680269174735
-0.1148217317742612	-0.9933623527286497	-0.006870669091267434
0.887316618144098	-0.3321826315091456	0.31988110054984514
0.3321826315091456	-0.0207491214858202	-0.9429868362184203
0.31988110054984514	0.9429868362184203	0.09193426037008179
0.43468171393707866	0.4523647297900358	0.7787284242986842
0.21134607235933695	0.7893051316597655	-0.5764809162789711
-0.8754339753899237	0.4151669066502629	0.24749099853418155
-0.2944828769529113	-0.6960115653325744	0.6548646700691955
0.6960115653325744	-0.6257717211238769	-0.35210460656594744
0.6548646700691955	0.35210460656594744	0.6687111558290344
-0.7773675021075266	-0.6131537032270842	0.14050730545426307
0.6220205040968505	-0.782555159892657	0.026418065948862514
0.09375638191720481	0.10793497090513002	0.9897271254772722
-0.6164884820465295	0.7408171545451698	-0.26670563367796357
-0.7342532327567972	-0.6632168052618104	-0.14496778747194458
-0.28427828212890055	0.10645850247827185	0.9528129121500847
0.020153591697298467	0.8389522665986815	0.5438317084453921
-0.7234061514806087	-0.3632300237729682	0.5871520159463852
0.6901285190033184	-0.4052444252532347	0.599582840864765
0.9925958839955245	-0.08261430018367852	0.08904093710369577
0.10595040300284037	0.23042168094738746	-0.9673057226404256
0.059396322939042026	0.96957760202809	0.23746863048996514
-0.7505184483185705	-0.030964336058250608	0.660123676765163
0.10558994442627218	0.9804498265633177	0.16603885457331055
-0.6523594272864788	0.19431764583905378	-0.7325761599629257
0.8438588886532183	0.1158347443813856	-0.5239126721458972
-0.1158347443813856	-0.9140669110769879	-0.38866951780178643
-0.5239126721458972	0.38866951780178643	-0.7579257997302062
0.04789450324588984	0.863319422367855	0.5023800269927765
0.9110116951064245	0.1684874839175574	-0.37639030160519527
-0.40958980448510734	0.4757011065002521	-0.7784244660442576
-0.3816441595351232	0.9140314447700275	0.13745636931166888
0.8412096597187886	0.4050967080620508	-0.3581381933180121
-0.3830326929761086	-0.021051724131431054	-0.923494873306054
-0.9731669072104301	0.13282239213011443	-0.18789460572171943
0.22681020875288516	0.4161205147075878	-0.8805684791343402
-0.03877241178929866	-0.8995565181734422	-0.4350801888108844
0.5902562255420674	-0.8009774637616719	-0.10016332040598307
0.7357380507513102	0.482782508299369	0.4749848106590695
-0.3320950299018256	-0.3540567076417128	0.8742749789902581
-0.6545746629851361	-0.38284492791365543	0.6518909201305714
0.1899841455314183	0.7513177092148384	0.6320029464067902
-0.7317363152287797	0.5375420550905345	-0.41905906980335406
-0.8053411586737922	0.41740482266244644	-0.4209499164557294
0.47079066425322663	0.01880802968002737	-0.8820444481269416
-0.360252367928317	-0.90852598864187	-0.21165717413863772
-0.9759318881895511	0.17571159801466477	-0.12916030325882208
-0.14260002568905275	-0.06609063704566909	0.9875713950739863
0.1649914612586346	0.9822206788792581	0.08955643859438545
-0.6084043022483159	0.6440830978701164	-0.46368218430706826
0.48073484163483454	0.7639629299078683	0.4304121905393897
0.6314572171129811	0.0389564470225339	-0.7744315193684397
0.9388971717576203	-0.3406549266879748	-0.04925770791208256
0.34361735082692446	0.919358777246652	0.19158954801926745
-0.019980417318660817	-0.19680868787416725	0.9802382992420877
0.9972050393659422	-0.025036267200416233	0.0703938547590561
-0.05495633803096043	0.39249523069084813	0.9181107203356057
-0.05061531757676263	-0.9194132254920023	0.3900223204087122
-0.3805416245506321	-0.24590887850775217	0.8914689537249323
0.24590887850775217	-0.956197498537124	-0.15879284386396805
0.8914689537249323	0.15879284386396805	0.424344126013508
-0.34356509995463114	-0.4106376612796281	0.8445944193706009
-0.7632826575443314	-0.40186176409806706	-0.5058722242306382
0.5471403903800448	-0.8184643142463743	-0.1753669282390069
0.408640103398875	0.391818252998438	0.8243128790158557
0.24784853017214328	0.8215856205266118	-0.5133889112898821
-0.8783987545446913	0.41409603325938094	0.23862125482274377
0.5577609369794325	-0.3649488869790886	0.7454629749843716
0.3649488869790886	-0.698833275383723	-0.6151783181396935
0.7454629749843716	0.6151783181396935	-0.2565942123631555
0.046837217182423396	0.9982291966981867	0.03667077781966982
-0.5786129188167501	0.05703716576698814	-0.8136054645217361
-0.8142563265120926	0.016888830053091386	0.580259771270136
0.9802523372591739	0.17698533270809488	-0.08821307898566758
-0.1090819569165973	0.8560174622174537	0.50530706610341
0.16494387522176227	-0.4857059773000486	0.8584190245106595
-0.6276732378246364	0.3145369039929377	-0.7121045165881728
-0.125956535805053	0.8616547691815661	0.49161571357580963
0.7682195373763467	0.39826824474617556	-0.5012196600494363
-0.8191100105924956	-0.03418794632105493	0.5726167783723339
0.5701195311549624	-0.15888551883702529	0.8060515567254586
0.06342326657314146	0.9867049083845879	0.1496359349453007
-0.9478559357304681	0.21821475622792127	-0.23227450412154085
-0.03586701596385647	0.6511505936244599	0.7581005616594423
0.31667441050133377	0.7269011105968282	-0.6093702430761865
-0.5959041127040068	0.5192276202160973	-0.6126181248275124
0.19049316596346222	-0.6496906429685385	-0.7359445781853026
-0.7801350153554616	-0.5552519669878301	0.28824401289962487
0.2809840767188033	0.7564507143165167	0.5906185447820897
-0.10910960100439071	-0.586242576216141	0.8027544685644079
0.9534899284204026	-0.29000337694843153	-0.08218879339278362
-0.21584135441746954	-0.23197663600463575	0.9484721134915906
-0.8303064546854468	0.5547554453917943	-0.05326900708513066
-0.5138129046948081	-0.7990201725589439	-0.3123508649146969
0.9999456526689955	-0.008638671201095538	0.005836528784820591
0.008638671201095538	0.3731426868858436	-0.9277337487574183
0.005836528784820591	0.9277337487574183	0.37319703421684813
0.9966773722865164	0.054418984874348986	-0.06060354492346263
-0.04738093320055113	0.9925712415838687	0.11205970529009207
0.06625151123627059	-0.10881592009399521	0.9918517191561487
0.9398174584379709	0.09649880189440548	-0.32776687759463585
-0.09649880189440548	-0.8452704301718796	-0.5255529289329377
-0.32776687759463585	0.5255529289329377	-0.7850878886098507
0.8274170250019344	0.5615708403861267	-0.004388389792135687
-0.5615708403861267	0.8273054383001295	-0.014279460320690147
-0.004388389792135687	0.014279460320690147	0.999888413298195
