A
0.09824104163931957	0.7845555851146264	0.6122264545109657
-0.5175202323428023	-0.4851948329626352	0.7048111684573481
0.8500126509961328	-0.38608096033320094	0.3583573429060998
B
0.7146586633140755	0.3971334808008363	0.5758020435680571
-0.6975080599454934	0.46628045841535837	0.5441185903927905
-0.052397531060280333	-0.7904856308162564	0.6102351728733866
C
0.7158814876213541	-0.14469268273833014	-0.6830649480415621
-0.6316017424535254	-0.5512345599321089	-0.5451785935508882
-0.2976456527663517	0.8217082739625048	-0.486006767330305
D
0.4204643269023799	0.8649492643408279	0.2739936494132469
-0.5850611138245194	0.48928486704439045	-0.6467641084443121
-0.6934790861251269	0.11163820581509637	0.7117750122822836
E
-0.7895536976656292	0.1237555579916365	0.6010736397220489
0.15954112294703515	0.987171057236012	0.006319323091390959
-0.5925804490458082	0.1008854083686688	-0.7991686591621046
F
-0.695944294792842	0.46135447478149755	-0.5502850053784697
0.6847036647976821	0.6572943366912504	-0.3148730638943774
0.21643112058555095	-0.5959162722670843	-0.7733313432736222
G
0.05133053982021485	-0.8131283285417713	0.5798167788229575
-0.004465302244560099	0.5803894793240201	0.8143267853668191
-0.9986717362365022	-0.04438889064685081	0.02616084152912246
H
-0.6619481740098903	-0.6891830532133111	0.29470550400111295
0.6899672781179443	-0.40663331241387324	0.5988276082161179
-0.2928647641002361	0.5997299962473941	0.7446839339945597
I
-0.9428654168685842	-0.24063270292821093	0.23043590856178367
-0.06203702501587051	0.8063415040991705	0.588187713484622
-0.32734723643313623	0.5402862954476552	-0.7751996554120995
J
-0.27782531788717657	0.561800785247814	-0.7792258789566922
0.9601848064930378	0.13766619292020055	-0.2430908404419756
-0.029295564865987833	-0.8157376398216514	-0.5776797320811813
K
-0.008971115708015454	0.09859794743473144	0.995086912708941
-0.38448229822015323	-0.918967603390991	0.08758941872833481
0.9230887722414907	-0.3818075283169209	0.046153330131433634
L
-0.03644575308224862	-0.24432850712895665	0.9690073723591598
-0.40182761340951084	0.8913940325364268	0.20964552907244272
-0.9149897683492886	-0.3817332306239307	-0.13066546771634968
M
0.3447035366572062	0.32422935142030723	-0.8809397252329929
0.9225569727626162	0.05634333595338825	0.38172511117389324
0.17340156811024415	-0.944299081949787	-0.279698301756907
N
0.1880312513671285	-0.9061707976745175	0.37881226742443364
0.6012711387522383	0.41117502074627044	0.6851336512082082
-0.7766062491461798	0.09894234561719745	0.6221681011036075
O
0.16632959842846873	0.12532240931260036	-0.9780740045675017
0.6644705719239801	0.7186251347735758	0.2050774846702555
0.7285693678254962	-0.6840118488708693	0.0362555770966585
P
0.1079361280617348	0.12069945462279141	0.9868036450646103
-0.9938987582280611	-0.009558249474427516	0.10988129167288968
0.022694727399967807	-0.9926430786142344	0.1189313576290788
Q
0.46651409941987965	-0.8497780557122816	0.24544215422847218
0.7797596056837202	0.2641235296854163	-0.5676387217328343
0.41753988119271646	0.45619734446440113	0.7858399522276789
R
0.6761888274215984	-0.5341514250756296	-0.5073962206795375
0.7345208033289401	0.5420652555192713	0.408221077647683
0.05698999164074697	-0.64872761144297	0.7588838033614149
S
0.029642157138629055	0.7850088145673546	0.6187750023810961
0.6468239482016354	0.4568958570353737	-0.6106266910779118
-0.7620630699312341	0.41833878241858946	-0.4942191220213106
T
-0.08967270136237282	-0.8203772148919525	0.5647477595497814
0.8518254906242176	0.2306522520423302	0.4703114629164507
-0.5160931506551751	0.5232406367188279	0.6781350130563162
U
-0.2709491003192859	0.6626865245623362	-0.6981641319916557
0.5700882231074397	0.6948856206667828	0.4383302317485554
0.7756197540743609	-0.2792499675094559	-0.5660684170094603
V
-0.8395926293900906	0.04749765171518157	0.5411360177953205
0.2908876211255996	-0.8019947336508597	0.5217172022007484
0.4587685784245949	0.5954396865156288	0.659532388266449
W
0.5677366393940866	-0.6605097446064085	0.4913267604858155
0.7425094433435153	0.15315401203293966	-0.652091692282548
0.35546425254195657	0.7350311053813922	0.5773858668919745
X
0.8567864155483549	-0.26171012015855966	-0.44432516374654496
0.5146248064135215	0.3790780756915193	0.7690650955243388
-0.03283819050506934	-0.8875852778953732	0.459471465607763
Y
-0.5094440188480727	-0.555424696116207	-0.6572443979252648
-0.027481507113371995	0.7739022494187761	-0.6327085230272596
0.8600648571048014	-0.3042675061336284	-0.40952377987672484
Z
0.2153551668082122	0.6994861778897908	-0.6814258867038578
0.732933149157391	0.3453428924987061	0.5861290689488593
0.6453147689269452	-0.6256655444738498	-0.438305230932742
AA
0.137572278567478	0.7886303110033798	0.5992796515287868
0.8840308648145975	0.17511576315998156	-0.43338654749317246
-0.44672508125793287	0.5894036834459124	-0.6730824613043214
