-0.152024995906	-0.860368498682	0.486471455671
0.70955531943	0.247634257731	0.659703374795
-0.688054997347	0.445469797543	0.572832428602
-0.149162158684	-0.854358840954	0.497816826187
0.710055719841	0.257828713129	0.655244390105
-0.688165311732	0.451215366458	0.568184112726
-0.140982274516	-0.860472008047	0.489603881798
0.707676783743	0.25825009376	0.657647690226
-0.692327673473	0.439197948624	0.572527352396
-0.139186127722	-0.858649195631	0.493303995496
0.71052467684	0.260394330187	0.653719748594
-0.689769495362	0.441493357755	0.57384813105
-0.145512568968	-0.860698351245	0.48787750492
0.71056216063	0.25221438501	0.656878476219
-0.688423944618	0.4422513593	0.574879304605
-0.149653190164	-0.857000790603	0.49310605827
0.71110800647	0.25321907318	0.655900537608
-0.686971136898	0.448809265731	0.571525070706
-0.144620344336	-0.859593749895	0.490085246347
0.706588863478	0.257012346324	0.659300262961
-0.692688343741	0.441637004647	0.570210151965
-0.143997919782	-0.857343790711	0.494192502155
0.708917739211	0.259059461002	0.655990730344
-0.690434822187	0.444803129255	0.570482194817
0.783397254469	0.216540693325	-0.582579492004
0.251146464628	0.74711951782	0.615416828812
0.56851929578	-0.628428633987	0.530907949448
0.780389420113	0.206823791446	-0.590098523885
0.269892762484	0.739867207153	0.616242166161
0.564048087806	-0.640172187687	0.521564296343
0.774251346845	0.22161869852	-0.592806883557
0.254649253172	0.748422636231	0.61238657063
0.579386405247	-0.625098957362	0.523032198046
0.776173247321	0.220430837947	-0.590732880477
0.25427691825	0.74790212728	0.613176693245
0.576973430272	-0.626141081527	0.524451148648
0.779591782945	0.207635849953	-0.59086716575
0.259940922499	0.751068868858	0.606898898545
0.569795902545	-0.626723950443	0.531554064203
0.78069928397	0.219112675134	-0.585233515436
0.261261548344	0.736292942537	0.624191565882
0.567671591108	-0.640204922784	0.517577656258
0.776001729592	0.2116768469	-0.594150010519
0.261910061994	0.748803803362	0.608848085461
0.573780830927	-0.628081033172	0.525632750427
0.776776561007	0.220841717531	-0.589785643091
0.255100455691	0.745895101253	0.615275750725
0.575796775351	-0.628386368186	0.52305700885
0.94598225484	-0.190228067781	0.262546864958
0.0863012816059	0.928309572049	0.361653740417
-0.312521459846	-0.319459890116	0.894581308101
0.949385771486	-0.179306671443	0.2579065204
0.0780510674691	0.929975713001	0.359239756179
-0.304260885682	-0.320927233386	0.896900787071
0.94965479087	-0.186040532646	0.252080738224
0.0897424697307	0.932418645271	0.350059651112
-0.300170064293	-0.309813476826	0.902171570409
0.954386952606	-0.179147822471	0.238854772249
0.0836196638034	0.928352464129	0.362173237414
-0.286623963317	-0.325680456548	0.900987759905
0.949266296485	-0.18428664063	0.254817450642
0.0821417778276	0.927472519099	0.364756707498
-0.303555970789	-0.325320090703	0.895556035456
0.951323911694	-0.185227320204	0.246320228559
0.0868944296144	0.928020824808	0.362252269811
-0.295689318794	-0.323215390616	0.898943623506
0.94956898421	-0.189640745841	0.24971009562
0.0903938409465	0.928127413802	0.361121111852
-0.300246062183	-0.320337152737	0.898463360935
0.950754358015	-0.188912448987	0.245719834078
0.0887382947356	0.925506490703	0.368189149754
-0.296970815551	-0.328252679451	0.896693098082
-0.60958442135	0.729569850883	-0.310055083319
0.386332659444	-0.0681204686531	-0.919840387643
-0.692209071203	-0.6805050295	-0.240331256006
-0.612252548455	0.732696316934	-0.297156329974
0.382696442104	-0.0542569573713	-0.922279207165
-0.691873695477	-0.678388981277	-0.247180855603
-0.596347501237	0.743260032214	-0.303207246696
0.383916533269	-0.0676374619753	-0.920887382708
-0.704966811573	-0.665574939928	-0.245014584409
-0.5982114892	0.74507026252	-0.294978863751
0.388896210759	-0.0519201307679	-0.919817111497
-0.700643963372	-0.664961717134	-0.258695440056
-0.612205790664	0.731806183122	-0.299440414277
0.375010842345	-0.0646723079635	-0.924762064956
-0.696111858454	-0.678437704585	-0.234842841232
-0.61861394753	0.726438004949	-0.299339198925
0.380996454932	-0.0558433034221	-0.92288829276
-0.687137418844	-0.684959067792	-0.242224569393
-0.60928685544	0.732543580001	-0.30356277957
0.378153227036	-0.0680604481563	-0.923238067605
-0.69697244897	-0.677309601285	-0.235545798869
-0.607560625981	0.735080523359	-0.300876892288
0.390053315031	-0.0538578480764	-0.919215900135
-0.691902226885	-0.675837320518	-0.253998772148
0.592046917593	-0.689493698064	0.417227626161
0.537352758464	0.723571112857	0.433239957236
-0.600610077067	-0.0322999675641	0.798889385058
0.593982381056	-0.686301388745	0.419732466366
0.533626399036	0.726562863414	0.432838627549
-0.602019771908	-0.0331181982137	0.797794073319
0.584323537939	-0.689477803446	0.428002767066
0.538630483411	0.72399434905	0.430940122947
-0.606995232602	-0.0212731234286	0.794420697934
0.593596204585	-0.687704913223	0.417977871925
0.536449618733	0.725289029343	0.431483061811
-0.599887785882	-0.031902639368	0.79944785166
0.596038407417	-0.681090624302	0.425269061602
0.532348065407	0.731687961151	0.425720873769
-0.601118749105	-0.0273548276017	0.798691405412
0.591756741193	-0.68761967629	0.420717407504
0.536640177073	0.725482606398	0.430920301344
-0.601532440146	-0.0292261276733	0.798313569597
0.595218265228	-0.680396514015	0.427522869838
0.529910368844	0.732308287167	0.427690981946
-0.604077992903	-0.0280206845484	0.796432433812
0.589070980486	-0.690092156919	0.420438107195
0.528511692492	0.722600834577	0.445559681234
-0.611286166964	-0.0402598261558	0.790384951833
0.229466119698	-0.948470858326	-0.21851395395
-0.814332870235	-0.0641168632132	-0.576845757662
0.533110958074	0.310309655965	-0.787083644736
0.226510819231	-0.948575471894	-0.221127591848
-0.816649948613	-0.0612288419002	-0.573876184588
0.530825488448	0.310572999353	-0.788523105188
0.223289333693	-0.951190678085	-0.213021441626
-0.815341798271	-0.0624927295743	-0.575597399131
0.534190595818	0.302210039242	-0.789499476866
0.222458392687	-0.950421200122	-0.217282508132
-0.818811045016	-0.0611595325353	-0.570795781101
0.52920753825	0.304891609465	-0.791820823839
0.235750030941	-0.947073190841	-0.21788608876
-0.816035359535	-0.0711666942755	-0.573604104504
0.527738826006	0.313029947296	-0.789622763776
0.23202124601	-0.946409327868	-0.224667558758
-0.81834249008	-0.0650665693221	-0.571035805945
0.525815268667	0.316347446437	-0.789583792106
0.233624530658	-0.948276344962	-0.214922197485
-0.808032516665	-0.066398527441	-0.585384220638
0.540835491991	0.310424237691	-0.78175044628
0.227496267103	-0.949254977261	-0.217164494141
-0.819501030003	-0.0661715767475	-0.569244550185
0.525988109366	0.307467533631	-0.792969217734
0.947593255103	-0.199095834685	0.249855742741
-0.115488131238	-0.942655242666	-0.313152282217
0.297875032711	0.267885626575	-0.916246971279
0.946571182739	-0.204967655591	0.248980458061
-0.122718967847	-0.942893619448	-0.309664537172
0.298233236352	0.262564907809	-0.917669356767
0.947497365645	-0.194811051583	0.253569440223
-0.11238720814	-0.945283157225	-0.306286249626
0.299362526513	0.261707480681	-0.917547620929
0.948146569843	-0.196333858294	0.249942286773
-0.112128811998	-0.942458973406	-0.314960364307
0.297397478385	0.270602878129	-0.915603961972
0.949549368894	-0.193358134279	0.246918276263
-0.110819320926	-0.943399847235	-0.312595720008
0.29338555069	0.269461756036	-0.917232552169
0.945940464039	-0.205952374902	0.250559988955
-0.123899086085	-0.94338984897	-0.307679082102
0.299742731789	0.260001962238	-0.917907979537
0.947458910869	-0.193316559305	0.254853652883
-0.110411430707	-0.945398309724	-0.306649199887
0.300218241382	0.262398787574	-0.917070460225
0.945447809963	-0.206666548355	0.251828129417
-0.123451378746	-0.942648549302	-0.31012021854
0.301476742155	0.26211396501	-0.916738299212
-0.995010066699	0.0756420510899	0.0650312797656
-0.095408311199	-0.531322991604	-0.841777835496
-0.0291211503068	-0.843783710607	0.535891813637
-0.994804969486	0.0812611128339	0.0613813705882
-0.0957570900074	-0.541233590904	-0.8354058513
-0.0346644028882	-0.836940253671	0.546197037446
-0.99435233359	0.0745297435457	0.0755338155165
-0.103936114556	-0.540609157395	-0.834827167208
-0.0213851362035	-0.837964457686	0.545304932291
-0.99430140935	0.0765198097854	0.0742857557578
-0.103627800819	-0.528638459568	-0.842501938395
-0.0251978906946	-0.845395147853	0.533548688524
-0.995094272248	0.0744519334673	0.0650740336912
-0.0948832157613	-0.533674402271	-0.840345985225
-0.0278369471146	-0.842401987842	0.53812801156
-0.994960669838	0.0721188468325	0.0695821619237
-0.0976245122564	-0.540707439675	-0.835521897329
-0.0226331600344	-0.838108738912	0.545031280106
-0.99568376401	0.0698442042689	0.0610952317588
-0.0891372381826	-0.536867784561	-0.838942919953
-0.0257952124007	-0.84076896785	0.540778567404
-0.994640242296	0.0739897476695	0.0721880684179
-0.100307473335	-0.522073740834	-0.846979020244
-0.0249802076685	-0.849682627326	0.52670123496
-0.987116233217	0.0776254424306	-0.139937103223
0.0699882843944	0.995819131069	0.0587018913372
0.143908798266	0.0481514557048	-0.988422105913
-0.988005618257	0.0690129729907	-0.13815087727
0.0599771994154	0.995844066296	0.068537133064
0.142306678978	0.0594290553293	-0.98803874094
-0.985309294516	0.0728064671818	-0.154488264969
0.0608291522328	0.994864830101	0.0808936879604
0.159584522793	0.0703078434436	-0.984678322192
-0.985906222413	0.0668641109003	-0.153374893279
0.0554780106975	0.995458785084	0.0773563873822
0.157850744515	0.0677569997365	-0.985138505911
-0.984796839239	0.0765230137026	-0.155941426718
0.0682502987897	0.995996043335	0.0577388515342
0.159735396541	0.0462180336583	-0.986076472764
-0.984332973421	0.0743122809375	-0.15991012135
0.0646335148061	0.995796019873	0.0649061328893
0.164061179967	0.053553545398	-0.9849979255
-0.985644973195	0.0739697929147	-0.15174489087
0.0602098632279	0.993810601385	0.0933554626978
0.157711174427	0.0828790672101	-0.983998122947
-0.98692603067	0.0761810465169	-0.142027540316
0.0668403951836	0.995345615759	0.0694223518023
0.146655158888	0.0590216020593	-0.987424467249
-0.886174816398	-0.219377577652	-0.408125322455
-0.462683350195	0.371749780523	0.804814111265
-0.0248378311781	0.902039419684	-0.430937245596
-0.887750035894	-0.229463848115	-0.399057251094
-0.459007489325	0.375683128399	0.805092832143
-0.0348205684407	0.897891243989	-0.438838470125
-0.884602877936	-0.229645149603	-0.405884017381
-0.464994089498	0.368118716834	0.805151809465
-0.0354855890901	0.900972832452	-0.432422796001
-0.888691250235	-0.221015597862	-0.401722480352
-0.457575182599	0.3716717158	0.807765693309
-0.029219821836	0.901672095897	-0.431432937123
-0.894284565733	-0.219260351213	-0.390102060572
-0.446542264374	0.380283923687	0.809928400472
-0.0292356871669	0.898503704026	-0.437990944736
-0.889918705825	-0.219287680737	-0.39994843833
-0.455736758462	0.391526212131	0.799382011475
-0.0187042035893	0.893655697884	-0.44836427437
-0.893789671623	-0.210526282707	-0.396004198545
-0.447755957762	0.368476952136	0.814702119884
-0.0255977199011	0.90548529869	-0.42360547118
-0.893228086624	-0.218841509578	-0.392750913966
-0.448499025461	0.3724600734	0.812479260828
-0.0315200078672	0.90187710848	-0.430842377109
0.889770193617	0.0243314595309	-0.455759786799
-0.451671161002	0.190448344648	-0.871620671513
0.065590894983	0.981395645378	0.180445078778
0.891092249951	0.0297699372561	-0.452844733972
-0.450135152107	0.184917282759	-0.873603997626
0.0577316818352	0.982303084932	0.178178852702
0.890824552283	0.040898463909	-0.452502964489
-0.451527685638	0.190477135049	-0.871688712438
0.0505407392461	0.980839323202	0.188148497222
0.891045805066	0.0368922797588	-0.452411682612
-0.450610149876	0.191917681702	-0.87184750871
0.0546613547139	0.980717362602	0.187631482065
0.894367887314	0.037114670811	-0.445789844856
-0.443848618927	0.197753473106	-0.874009145127
0.055717932865	0.97954891838	0.19333765017
0.895640181055	0.0355821721729	-0.443353777455
-0.442234413278	0.177719955522	-0.879115644581
0.0475119634697	0.983437594288	0.174908795693
0.891032758406	0.037360581028	-0.452398951059
-0.450896953774	0.188028062395	-0.872546496446
0.0524648550101	0.981452820246	0.184384935034
0.897150143214	0.0375568266934	-0.440126241961
-0.438495010513	0.196007136837	-0.877099399112
0.0533268211097	0.979883010842	0.192316310282
0.196708314482	0.68305309372	0.70338063453
-0.372242790889	0.715711172918	-0.590925396322
-0.907050798194	-0.145588428615	0.395047926352
0.196467307197	0.680785070246	0.705643162299
-0.377004106456	0.716794902354	-0.586577332627
-0.905134513807	-0.150787106763	0.397485535242
0.1946425161	0.684671525251	0.702381073337
-0.376316334713	0.713405229709	-0.59113364554
-0.90581470837	-0.149257740741	0.39651207422
0.195471819928	0.67720765105	0.709352213928
-0.365855006068	0.721444392751	-0.587935457478
-0.909912567547	-0.144595245372	0.388781858172
0.196308510301	0.680236937404	0.706215751483
-0.365619508623	0.719068462377	-0.590984707736
-0.909827100919	-0.142190923952	0.389867150542
0.194481913305	0.68864481936	0.698530671604
-0.364663578172	0.71184727545	-0.600244892981
-0.910602691166	-0.137991918471	0.389565103725
0.196420182638	0.676076673091	0.710168604321
-0.379562206447	0.720237083684	-0.580681561298
-0.904075022273	-0.155495582886	0.398082252504
0.194286368105	0.680579844588	0.706444518261
-0.364497777349	0.718691856494	-0.592134593664
-0.91071079523	-0.142453788457	0.387701878589
-0.446942108893	0.80103569807	0.398220153778
0.863774533882	0.270667509737	0.425005878804
0.232660772531	0.533927198051	-0.812886282468
-0.448772379812	0.797116625279	0.403994919032
0.859853553742	0.262010530125	0.438182735373
0.243431047768	0.544019603659	-0.80298711011
-0.448507780814	0.802626345789	0.393237457928
0.858273122942	0.263981152418	0.440094557204
0.249423326311	0.534889635243	-0.807270739322
-0.447950502764	0.799642210103	0.399889186342
0.860926454164	0.265167324897	0.434155801122
0.24113205107	0.538755932634	-0.807214797658
-0.432044953795	0.80458779525	0.407394352493
0.869681610577	0.252133775095	0.424357861064
0.238716515836	0.53764688947	-0.808667624622
-0.444505203921	0.799892834099	0.403218872581
0.86026417342	0.255705609218	0.44108912598
0.249718956385	0.542941542973	-0.801781471892
-0.442028521609	0.80277561068	0.400203606212
0.864048649068	0.261242776557	0.430316818833
0.24089736315	0.536007417321	-0.809114046076
-0.45092142578	0.794652643665	0.406435313198
0.863357546791	0.272804514903	0.424485269812
0.226442562911	0.542310956744	-0.809081819287
-0.837778429338	0.525834628705	0.147055689478
-0.494506499406	-0.844904826077	0.203959031754
0.231496770167	0.0981524724302	0.967871551301
-0.835757082982	0.526471846152	0.156006270667
-0.491378821086	-0.843883580042	0.215424749288
0.245066145083	0.103384542498	0.963978334815
-0.840180149101	0.523332107772	0.142198765217
-0.491785924922	-0.84576559979	0.206946418298
0.228568562805	0.103940949453	0.967963163206
-0.840148266813	0.52474395263	0.137093200915
-0.490294120433	-0.842900507927	0.221653515199
0.231867283218	0.119005838135	0.965440402643
-0.835402720724	0.529405532281	0.147754830882
-0.500375034412	-0.843768276878	0.194111644808
0.227434677645	0.0882286127242	0.969788208655
-0.841887125116	0.517976053317	0.151416894
-0.481927059333	-0.847890468259	0.220971181384
0.242842700284	0.113060876122	0.963454547531
-0.837475051413	0.530527646232	0.131056641529
-0.497811501336	-0.839564503515	0.217520210311
0.225431000183	0.116926255986	0.96721720044
-0.847519257701	0.513432727541	0.134527575817
-0.481954319988	-0.850621079028	0.210151229922
0.222330537286	0.113271092002	0.968369137894
-0.0189256070539	0.590242643189	-0.80700399273
0.510341722798	0.699784038706	0.499853603926
0.859763425654	-0.402387775097	-0.314469285134
-0.00496852811415	0.591604692337	-0.806212880436
0.510128421184	0.694927340306	0.506798764476
0.860083899673	-0.40875406026	-0.305247133711
-0.0130577662193	0.595357954962	-0.803354470594
0.517500579817	0.691477574544	0.504035629079
0.855583222048	-0.409154825165	-0.317127239418
-0.00649356254292	0.593305473201	-0.804951225515
0.516309921615	0.691360179868	0.505415843255
0.856377209429	-0.412322355979	-0.310818892986
-0.00367720095895	0.590225748306	-0.807229858555
0.507617644554	0.696599890582	0.507023588675
0.86157460817	-0.407899691802	-0.302170541897
-0.00596531895993	0.593844893163	-0.804557429109
0.50311398763	0.697105182248	0.510803954569
0.864199473109	-0.401736987862	-0.30293012699
-0.0173928800275	0.591441710525	-0.806160194227
0.516964514785	0.695464468081	0.499076030719
0.855830150297	-0.408075847161	-0.317850507099
-0.0108090547995	0.588425811578	-0.808478987722
0.504549499798	0.701263128798	0.503646542464
0.863315128775	-0.402473728027	-0.304469940601
0.737800380237	-0.674215161427	0.032931967772
0.664305544273	0.716568423096	-0.212668376364
0.119786235637	0.178783697687	0.976569325315
0.735936813939	-0.676621495576	0.0240904745396
0.664472521453	0.714981233796	-0.217435269393
0.129897141897	0.176026077234	0.97577740907
0.735844500414	-0.676142692714	0.0369314093916
0.666557669492	0.713646214583	-0.215429692113
0.119305251989	0.183139668263	0.975820741037
0.729836316513	-0.682457274519	0.0398876192973
0.672954255022	0.706956014098	-0.217590826133
0.120297649036	0.185648230335	0.975224697416
0.739283290547	-0.672914377496	0.0254254106011
0.660821922973	0.717701211595	-0.219589050674
0.129516782942	0.17914018426	0.975261091611
0.729240854747	-0.68386638146	0.0231202211729
0.67146992702	0.708702730834	-0.216491507233
0.131665900772	0.173398984729	0.976010697873
0.733317507254	-0.679077828347	0.0331472403289
0.667275583327	0.709513179545	-0.226570843551
0.130340831626	0.188266710546	0.973430487299
0.724338900673	-0.688917472136	0.0269419211816
0.67794184469	0.704602130633	-0.209596483327
0.125411346174	0.170083941602	0.977416721021
-0.220548623738	-0.918652851587	0.327773198496
-0.959231097704	0.265173869586	0.0977677668284
-0.176731526841	-0.292847696428	-0.939684115397
-0.211472409521	-0.921420094623	0.325981110251
-0.960847434654	0.257083119563	0.1033441827
-0.17902760216	-0.291363728016	-0.939710116385
-0.217489044851	-0.922633817722	0.318504582055
-0.962383380462	0.257142904827	0.0877248120142
-0.162839059823	-0.287444345968	-0.943853215936
-0.208518347201	-0.92042227127	0.330670710171
-0.964796021956	0.248993560558	0.0846814790472
-0.160277609264	-0.301372127821	-0.939939472988
-0.206472433018	-0.922061322601	0.327371197337
-0.962915657432	0.250870746136	0.0992834915503
-0.173673314458	-0.294731559874	-0.939665176976
-0.21239698597	-0.920245676843	0.328687791095
-0.960043221322	0.259236178593	0.105421863436
-0.18222179605	-0.293163180412	-0.938536608496
-0.207412417178	-0.921446717157	0.328506143738
-0.965828812494	0.246237659325	0.0808818647879
-0.155418930601	-0.3005047729	-0.941032538813
-0.2137771933	-0.920132506111	0.328108558252
-0.963352847316	0.25427556268	0.0854111936592
-0.16201958637	-0.297825371037	-0.940770583803
0.112343794213	0.924809738135	0.363467222332
0.862978800272	-0.272139321614	0.42568945056
0.492594218134	0.265839926062	-0.828664847482
0.111670493604	0.920861718904	0.373564674156
0.869346616517	-0.272648238741	0.412201007518
0.48142842819	0.278723707113	-0.830996114753
0.103827954202	0.924332753568	0.367193243528
0.871491209417	-0.262464003315	0.41426895107
0.47929634812	0.276992152584	-0.83279936277
0.107685453891	0.921006231952	0.374370299304
0.868671088863	-0.270315017734	0.415141942293
0.483545385325	0.28049922207	-0.829160810096
0.114518050613	0.922413892927	0.368831849312
0.864834912004	-0.275256227562	0.419872268422
0.488819903349	0.270896210655	-0.829257302473
0.105688690077	0.920510969719	0.376148185809
0.874004684052	-0.266404342475	0.406376315315
0.474282316049	0.285806668956	-0.832686458864
0.116584904504	0.924169624103	0.363757838651
0.869886124385	-0.27176121438	0.411638000384
0.47927798812	0.268436619416	-0.83560582281
0.112344023077	0.924065314112	0.365354404472
0.872123680888	-0.267908015673	0.409424039982
0.476215109848	0.272637221478	-0.835997417954
0.92239846565	-0.00875019056819	-0.386140683363
-0.0519310036498	-0.993476886019	-0.101538158599
-0.382732757996	0.113711305317	-0.916836083359
0.92234338798	-0.00215960201266	-0.38636427253
-0.0492318777872	-0.992481612699	-0.111980109087
-0.383220872576	0.122305595705	-0.915514517675
0.922078564081	-0.00726858684544	-0.386934759148
-0.0532935067986	-0.992685782399	-0.1083527942
-0.38331598235	0.120530882031	-0.915721866487
0.920935626689	-0.00643098148294	-0.389661437453
-0.0535469798256	-0.992466538839	-0.110174412443
-0.386018282355	0.122328748391	-0.914341976474
0.924664349907	-0.000792516813555	-0.380781641298
-0.0467900924375	-0.992648693148	-0.111555443323
-0.377896776491	0.120968184257	-0.917903389061
0.924479065759	-0.0149783931344	-0.380938584416
-0.0562702698305	-0.993645863685	-0.0974895087347
-0.377057308763	0.111562517537	-0.919447737482
0.918963939935	6.70543224326e-05	-0.394341070499
-0.0492031491965	-0.992160966095	-0.114830366018
-0.391259420957	0.124927812574	-0.911756459978
0.921602381292	-0.00616995668112	-0.388086614972
-0.0530755911402	-0.992487482513	-0.110261665301
-0.384489623671	0.122215321644	-0.915006538281
0.811849557412	0.141926234953	0.566354345235
-0.570556113132	-0.0130950546449	0.821154227308
0.123959760817	-0.989790627905	0.0703456634697
0.815312431902	0.129790705075	0.56428717145
-0.567483726511	-0.0144629362179	0.823257582367
0.115012430337	-0.991435928165	0.0618623008572
0.811242651888	0.13316474833	0.569343922337
-0.571734532933	-0.0233347135423	0.820106745173
0.122494799694	-0.990819155764	0.0572047757575
0.811877089513	0.131704385921	0.568778995912
-0.571890641406	-0.016597604306	0.820161943438
0.117459293943	-0.991150076387	0.061845291108
0.816385626309	0.140940457412	0.560044905542
-0.564138576559	-0.0128248290758	0.825580515761
0.12354017645	-0.989935002427	0.0690399431939
0.82328421216	0.128446484783	0.552905596449
-0.557795112154	0.0025396159051	0.829974769628
0.105203188612	-0.991713167155	0.0737376526558
0.811296852111	0.133993947013	0.569072087176
-0.571667647854	-0.0220493491347	0.820188959462
0.12244802422	-0.990736822265	0.0587114366258
0.826495176338	0.127881116416	0.548226362866
-0.551735394452	-0.00935193018986	0.833966788294
0.111775575977	-0.991745415685	0.0628272120355
0.210130576137	-0.667408586497	-0.714430507783
0.976430295949	0.106425686359	0.187769766704
-0.0492853825424	-0.737047750696	0.674041227949
0.202929806817	-0.673125670108	-0.711140879961
0.977800144997	0.100574371378	0.183825191239
-0.0522148959066	-0.732657257339	0.678591893673
0.217050011695	-0.660470893615	-0.718795852872
0.974954375989	0.11008186829	0.193250956616
-0.0485102479774	-0.742738289157	0.667822269877
0.211119297576	-0.670580703365	-0.71116113141
0.976002376927	0.104898329419	0.190828960208
-0.053366607426	-0.734382633301	0.676634428615
0.198913312891	-0.663507871154	-0.721242554308
0.979293175217	0.106290038485	0.172300117981
-0.0376615746028	-0.740580690134	0.670911213768
0.20153240461	-0.662755724732	-0.721207001122
0.977413716968	0.0882534369948	0.192025404245
-0.0636169396963	-0.743616957396	0.665572464378
0.192703034143	-0.66226340975	-0.72406679166
0.980150266035	0.0948728418757	0.17408217071
-0.046593976742	-0.743240420237	0.667399939991
0.218865052836	-0.666714166271	-0.712453733934
0.974618936909	0.114146057264	0.192584062537
-0.0470747312437	-0.736520816962	0.674774822907
-0.502254089191	0.352941457824	-0.78941321052
-0.844847227736	-0.00569434211425	0.534977360478
0.184320512644	0.935628100148	0.301041582861
-0.497022266476	0.343324166371	-0.796930021834
-0.847121912407	0.00702565510945	0.531352196092
0.188025020767	0.93919071948	0.287345472079
-0.502125123061	0.361273618685	-0.785717369352
-0.844980893387	-0.0115863230948	0.534671003005
0.184058963027	0.93238788285	0.311087057843
-0.501073291399	0.359039689201	-0.787410977167
-0.843255852562	0.00197003023994	0.537508770731
0.194538203198	0.933320209291	0.30177519644
-0.504621427754	0.347116515445	-0.79048547388
-0.840592607451	0.0112557097028	0.541550866673
0.196878713956	0.937754444191	0.286103736995
-0.501332499202	0.35227518403	-0.790296065975
-0.842806973821	0.00788513365827	0.538158153133
0.195811343026	0.935863231258	0.292946936636
-0.512514743147	0.361093907357	-0.779063459458
-0.838744403123	-0.0161618902141	0.544285449247
0.183947030482	0.932389411191	0.311148672992
-0.500279521338	0.359711406314	-0.787609059361
-0.841814162648	0.0108354746205	0.539658650502
0.202655475589	0.93300066863	0.297389434496
-0.297398523575	0.869011371853	0.395440711066
-0.17377236533	-0.456530693087	0.872572572219
0.938806308791	0.190785126078	0.286781713944
-0.301383069002	0.864679761035	0.401867004779
-0.182557515996	-0.465994297609	0.865749381994
0.935863735822	0.187558390711	0.298296634068
-0.285693785336	0.868009158681	0.406127177831
-0.172397545268	-0.463428111454	0.869202860111
0.942686729785	0.178310476655	0.282041082376
-0.291445065388	0.86500747145	0.408438281551
-0.177562121145	-0.468473096621	0.865450535848
0.939963535801	0.179708127811	0.290126748287
-0.286733815235	0.867499358025	0.406483249796
-0.170448490414	-0.463725439282	0.869428596955
0.942725347413	0.180010102253	0.280829681494
-0.290016094572	0.867390098902	0.40438246631
-0.172936257986	-0.463085038725	0.869278671401
0.9412671318	0.182172374981	0.284305235039
-0.286480258397	0.868744842286	0.40399449898
-0.165555261498	-0.460212257443	0.87223634465
0.94367399646	0.182995039656	0.275666931569
-0.291471132416	0.86850141074	0.400936119512
-0.176854669196	-0.460835562857	0.869685511798
0.940088771537	0.182580839605	0.287918877243
0.164330101627	0.752369234867	-0.637916026312
0.641980359859	-0.57257286604	-0.509924363378
-0.748904226023	-0.32573328543	-0.577097579755
0.167964524159	0.750562104423	-0.639100903292
0.646346661288	-0.573365541194	-0.503486231312
-0.744331532737	-0.328510150656	-0.581431113111
0.158102765502	0.747749645637	-0.644884681908
0.636302609371	-0.576568547991	-0.512534827701
-0.755066073148	-0.329307497255	-0.566953280562
0.16762401422	0.747045724754	-0.643289563606
0.637440829639	-0.579895037783	-0.507330717637
-0.752042529533	-0.325019927814	-0.573400061142
0.1529641678	0.755449186189	-0.637103662136
0.633636902196	-0.56970593377	-0.523396806676
-0.758359298352	-0.323630140979	-0.565826375001
0.166161448066	0.755427531021	-0.633811882935
0.640371075886	-0.571437130732	-0.513206102617
-0.749875418148	-0.320600785978	-0.578703713332
0.150529490273	0.754116606062	-0.63925738147
0.63078225786	-0.57116235959	-0.525251482454
-0.761219809563	-0.324165885177	-0.561660651183
0.160073016877	0.74532582105	-0.647197446607
0.635211365827	-0.579637367633	-0.510415706867
-0.755567095064	-0.329404149288	-0.566222965386
-0.218574426326	0.439355340723	-0.871316331718
-0.913142385956	-0.406941387261	0.0238692788929
-0.344087559078	0.800853072718	0.490140925155
-0.212625701187	0.448595556822	-0.86807393607
-0.912065383587	-0.409881104541	0.0115862197697
-0.350609566534	0.794203708646	0.496299717615
-0.215488282672	0.425021766108	-0.879159414549
-0.911329747755	-0.410934845284	0.0247106869026
-0.350774669428	0.806528998564	0.475886642175
-0.211070621411	0.430370434311	-0.877627767001
-0.912238524172	-0.409231733286	0.0187158052031
-0.351098395263	0.804556210354	0.478977272774
-0.20813172708	0.436562515902	-0.875268188315
-0.916444472861	-0.399731922057	0.0185465301909
-0.341775891381	0.805994798575	0.483282158882
-0.20920824827	0.437620121113	-0.874482986759
-0.912760448584	-0.408253062138	0.0140623304683
-0.350856420826	0.801135453737	0.484852284566
-0.209850762182	0.42072204997	-0.882584638205
-0.912956433993	-0.407416273006	0.022859663658
-0.349961764422	0.810558431737	0.469597492576
-0.21761957567	0.423642839786	-0.879300024068
-0.910703484419	-0.412190484709	0.0268001184712
-0.351085390603	0.806613802994	0.475513670155
0.941448568452	0.178651869003	0.285933738036
0.0112872083529	0.830898111087	-0.556310100206
-0.336967642027	0.526964741103	0.780231356353
0.942424455639	0.194708614824	0.271890972611
-0.00982991584656	0.828802004425	-0.559455638091
-0.334274615291	0.524572009881	0.782997247125
0.947812278444	0.177097680706	0.265119400619
-0.000908913421823	0.833038724062	-0.553213935955
-0.318827632071	0.524101990597	0.789725297522
0.946730351139	0.187296818623	0.261957142852
-0.010672197065	0.83126385954	-0.555775586299
-0.321850504376	0.52337395794	0.788981594115
0.945443911879	0.180285497659	0.271353917365
0.000400427848575	0.832279824659	-0.554355600705
-0.325784666295	0.52422078527	0.786801701899
0.943160520149	0.191052893407	0.271932023154
-0.00903817336347	0.832683401091	-0.553675595592
-0.332214606418	0.519747193982	0.787080878859
0.948391677663	0.18729056661	0.255881750285
-0.014564074939	0.83181564862	-0.554860898613
-0.316766655744	0.522498777748	0.791614752268
0.946434112749	0.189767633283	0.261248381486
-0.0132765539942	0.831262514636	-0.555721484917
-0.322623936782	0.522485292656	0.789254660596
-0.0757599666008	-0.838842454387	-0.539076742449
-0.0341418748932	0.54249573885	-0.839364457778
0.996541383943	-0.0451851448929	-0.0697391067414
-0.0892089381921	-0.856959128536	-0.507605017724
-0.0301337761507	0.511725819197	-0.858620205873
0.995557008682	-0.0613005254208	-0.0714739400397
-0.0806562753123	-0.842010925073	-0.533396819652
-0.0265825041717	0.53676710641	-0.843311593604
0.996387442529	-0.053839348924	-0.0656763944203
-0.0745017654837	-0.853075542464	-0.516441288548
-0.0220896946038	0.519165229077	-0.85438838343
0.996976193828	-0.052245413166	-0.0575229040564
-0.0688855984077	-0.84217412027	-0.534787408983
-0.0240323171249	0.537306050589	-0.843044883871
0.997335083807	-0.0452214510378	-0.0572520548567
-0.0709479628951	-0.853118773294	-0.516870100233
-0.0138173082143	0.518966750654	-0.854682732733
0.99738429096	-0.0534962642805	-0.0486074282981
-0.0812850100131	-0.844010120295	-0.530131765464
-0.0257759690656	0.533494069395	-0.84541095807
0.996357551953	-0.0550545678917	-0.0651202550524
-0.0854134806683	-0.847523345809	-0.523840358645
-0.0252155318962	0.527432067876	-0.849222934933
0.996026465505	-0.0593261710718	-0.0664205619867
0.926718191718	-0.110413218667	0.359168918782
-0.0944149520297	0.856766479873	0.506988177145
-0.363702086753	-0.503746082938	0.783556424209
0.925995843632	-0.0979570290234	0.364604054724
-0.112869693914	0.849751725594	0.514958672485
-0.360266746248	-0.518002338447	0.775810186137
0.917084717209	-0.117355662419	0.381029222827
-0.0990835977924	0.858626442234	0.502934460051
-0.386183972736	-0.498987253301	0.77580516671
0.919969719566	-0.114872919373	0.374779839861
-0.097673656396	0.858763342595	0.50297652016
-0.379625569236	-0.499329285523	0.778816213404
0.918347946833	-0.111163066177	0.379841836233
-0.108407312481	0.852385419077	0.511553468033
-0.380637494784	-0.510961709694	0.770735510269
0.920290528256	-0.100850281823	0.378013973753
-0.117363279271	0.850543359864	0.51264203285
-0.373217368801	-0.516144566786	0.770910878163
0.923121265345	-0.103092055615	0.370431042953
-0.105325613018	0.858743332874	0.501464259514
-0.369802169756	-0.501928198448	0.781865998094
0.927387401935	-0.0939186657971	0.362121375817
-0.112508192212	0.853143140684	0.509400321887
-0.356783566457	-0.513153062417	0.780627581414
-0.958982669129	-0.271431925051	-0.0817143075048
0.263415960319	-0.959811011674	0.0968252627823
-0.104711746412	0.0713288842413	0.991941349868
-0.959815298586	-0.266105369962	-0.0891117256223
0.259206278884	-0.962345372686	0.0818648979906
-0.107541027301	0.0554769196454	0.992651617004
-0.963419223704	-0.257394454441	-0.0746539641868
0.251501091756	-0.964549873813	0.079952879321
-0.0925868262302	0.0582525268907	0.993999158942
-0.959095484448	-0.26870459674	-0.0890783645445
0.261548724192	-0.961502000283	0.0843055959327
-0.108302263194	0.0575587380214	0.992450309252
-0.961603360976	-0.265361270562	-0.0699906826874
0.258088895425	-0.961125460093	0.0981034980609
-0.0933028490206	0.0762729988887	0.992711939258
-0.962854691776	-0.256886325856	-0.0831816462621
0.2493831291	-0.964136998027	0.0908120664813
-0.103526931797	0.066694768057	0.99238801794
-0.959766096653	-0.265070786663	-0.0926678880091
0.256263116412	-0.961741152686	0.0968710014296
-0.114800150597	0.0692261064125	0.990973599744
-0.959608363401	-0.264138931456	-0.09686691346
0.25593907195	-0.962561358138	0.089283870867
-0.116823651217	0.0608854911835	0.991284618549
0.213956695141	-0.150690797203	0.965150303354
0.247586545116	-0.947402558484	-0.202805369351
0.944946414938	0.282349780943	-0.165394397594
0.20511317461	-0.147034401762	0.967630821928
0.248873790038	-0.948319475817	-0.196854907493
0.946567672953	0.281195488353	-0.157919746819
0.19902129726	-0.160443292597	0.966772163292
0.235364033243	-0.9498076301	-0.206080319244
0.951311850926	0.268557770293	-0.151269308945
0.20588862792	-0.147873776005	0.96733792905
0.241540489747	-0.950251140717	-0.196671324658
0.948297165672	0.274143693161	-0.159927850294
0.2061684208	-0.15399507459	0.966323099699
0.250652484338	-0.94627914843	-0.204278433583
0.945868990984	0.284327035883	-0.156493862795
0.205838695334	-0.161746913915	0.965126266326
0.249807482238	-0.944885504402	-0.211632805665
0.946164359892	0.284657967488	-0.154088752025
0.211608671479	-0.151765421808	0.965499490894
0.241210206568	-0.949202823066	-0.202069865016
0.947121769584	0.275648056122	-0.164252419103
0.204511722658	-0.159004637357	0.965863307227
0.238358280305	-0.948928144373	-0.206686607665
0.949399669875	0.27249137395	-0.156166306162
-0.342834256813	-0.240439314253	0.90810447955
0.838953238123	-0.513283334486	0.180825433681
0.422637284039	0.823850295493	0.377688337611
-0.335812439062	-0.240204505961	0.910786423406
0.840391613204	-0.513108179001	0.174533823093
0.425408098421	0.824027860125	0.37417387151
-0.335975394553	-0.238888396047	0.911072418916
0.840949224211	-0.511711609429	0.175942394401
0.424175695407	0.825277927781	0.37281545138
-0.329811109754	-0.243209045673	0.912180837169
0.845565024471	-0.505789658348	0.170869785959
0.419814612642	0.82766300779	0.372464204401
-0.333587556944	-0.246471033911	0.909929327832
0.8444033102	-0.507292275249	0.172155769286
0.419168703423	0.825776355085	0.377347339049
-0.334891324322	-0.240460728296	0.911057883903
0.84187678527	-0.510613489583	0.174692230077
0.423191810056	0.825501383992	0.373438308744
-0.333751617995	-0.249188426217	0.909128622589
0.843226876775	-0.510050288677	0.169755666676
0.421400235472	0.823257967058	0.380352598629
-0.332404565216	-0.243944660802	0.911042415029
0.843257977586	-0.509500426597	0.171246555959
0.422401778823	0.825166893517	0.375068487118
0.636616726562	0.487451824678	-0.597586622955
0.185710835589	-0.848996783882	-0.494687262647
-0.748485496761	0.203947838671	-0.631010566978
0.628289912679	0.500071873578	-0.595969532367
0.190029402885	-0.84148933634	-0.505750349736
-0.754413936969	0.204506018186	-0.623727444069
0.637542213557	0.488932697586	-0.595385983564
0.184836714081	-0.847312189611	-0.497891601973
-0.747913792707	0.207377615518	-0.630569783452
0.639272753734	0.487354640809	-0.594824094669
0.187976469246	-0.849094817622	-0.493662173373
-0.74565078725	0.203771804946	-0.634414309676
0.637735363231	0.49230361936	-0.592394252273
0.187752882217	-0.845245549503	-0.500309725194
-0.747022529098	0.207841555686	-0.631474557838
0.64104239876	0.494858930561	-0.586667906256
0.190348933194	-0.843008893233	-0.503093465349
-0.743526648493	0.21083261154	-0.634600273406
0.634677213554	0.494116211501	-0.594166520259
0.190416598883	-0.845159460769	-0.499445938471
-0.748950067183	0.203847727772	-0.630491260683
0.633851470932	0.495040355276	-0.594278792632
0.18397766168	-0.842789481381	-0.505823810436
-0.751255254042	0.211283113025	-0.625279658828
-0.340638267721	0.0983294465963	0.935038438367
0.811462558192	0.53304580569	0.239563524893
-0.474862167311	0.840353191069	-0.261366462258
-0.337205786867	0.0925386529404	0.936871876119
0.811114525421	0.533727663259	0.239223803338
-0.477896998527	0.840578014907	-0.255035513964
-0.325244024567	0.0889131304994	0.941440772423
0.816938797869	0.527835228596	0.232381052498
-0.476263869396	0.844680062656	-0.244311829207
-0.326770801712	0.0929725234445	0.940519516862
0.812733090394	0.535561430233	0.229431648259
-0.482375139796	0.839362893705	-0.250567685969
-0.328144182901	0.0807064035459	0.941173679663
0.810614318542	0.535611734109	0.236694962185
-0.485000871585	0.840598926347	-0.241179646059
-0.318244794036	0.0802573782234	0.944605187568
0.809085055891	0.542285465585	0.226512319525
-0.494066371527	0.836352325161	-0.237514562678
-0.330604493852	0.0889032377678	0.939572705669
0.806682009883	0.543359679067	0.232431472451
-0.489862011033	0.834779293448	-0.251353791442
-0.322059441932	0.0932165216752	0.942119074237
0.813884554441	0.535596584968	0.225229247852
-0.483600663769	0.839313387318	-0.248361415123
0.75782444948	-0.263481032735	-0.596891834694
0.507305878514	-0.337342509463	0.792994861039
-0.410296066958	-0.903757627574	-0.121980937173
0.765434048356	-0.263204710155	-0.587225690548
0.49662180099	-0.338711400231	0.7991504558
-0.409240171377	-0.903326045665	-0.128548053885
0.760864745634	-0.276199860084	-0.587195427151
0.498220371497	-0.331131512423	0.801329112707
-0.415765912266	-0.902255796732	-0.114337890902
0.759347839888	-0.285560781998	-0.584675890816
0.496796195465	-0.325861831027	0.804367828967
-0.420219463719	-0.901259731648	-0.105576966905
0.770873020414	-0.251234955822	-0.585350992694
0.494035206999	-0.344270532723	0.798377743951
-0.402099492564	-0.904631861457	-0.141269953199
0.767553088283	-0.253902339142	-0.588554045873
0.499910868007	-0.337573285728	0.79757973628
-0.40118747087	-0.906409352255	-0.132176884947
0.76483504498	-0.273068775417	-0.583490180501
0.495242129086	-0.330046955525	0.803619437579
-0.412022548446	-0.903605229493	-0.117196309567
0.756783746413	-0.276881408765	-0.592127563612
0.504986452983	-0.327534502498	0.798567379098
-0.415050657646	-0.903359209914	-0.108051432073
-0.992145342414	-0.0811050452031	0.0952344206001
-0.069563782934	-0.275012295335	-0.958920810018
0.103963952062	-0.958013680186	0.267210191812
-0.990788820958	-0.0862219281363	0.104418825889
-0.0763172007966	-0.281441450992	-0.956538757404
0.111862401879	-0.955696860234	0.272268827304
-0.992749178104	-0.075286178515	0.0937070900107
-0.0686794879294	-0.284533838717	-0.956202695824
0.0986516869163	-0.955705215476	0.277300145249
-0.992018409407	-0.0877973954276	0.0907987302868
-0.0620667408303	-0.287265544535	-0.955855993578
0.110002326104	-0.953836767027	0.279489167409
-0.989907472331	-0.0897601502912	0.109664670888
-0.0808913144247	-0.277501506089	-0.957313703861
0.116360731658	-0.956522894535	0.267439979833
-0.991081970361	-0.084070784266	0.103385742405
-0.0761323620034	-0.279514269207	-0.957118396134
0.109363485476	-0.956453796058	0.270621057748
-0.991352613663	-0.0797383246347	0.104219718906
-0.0776242000386	-0.284015759172	-0.955672278028
0.105803751317	-0.955498204607	0.275370170437
-0.990395001865	-0.0933703049059	0.101044183859
-0.0704733892317	-0.286377096696	-0.955457478921
0.118158547469	-0.953492254178	0.277168092218
0.744557959206	0.610366625828	0.270344278211
0.251733942074	-0.631793528941	0.733121386621
