-0.152599693576	-0.860329636672	0.486360221226
0.709426632783	0.247265409856	0.659980059992
-0.68806046335	0.445749641787	0.57260812183
-0.149591332254	-0.854067091396	0.498188596022
0.709968264649	0.257899551184	0.655311308336
-0.688162435043	0.451726965141	0.567780967615
-0.141110288269	-0.860435910817	0.489630361487
0.707496516112	0.258303786433	0.657820498491
-0.692485759567	0.439237033868	0.572306112362
-0.139223807828	-0.858539937654	0.493483465337
0.710461200556	0.260547744802	0.653727596644
-0.689827252007	0.441615289096	0.573684850525
-0.145819862286	-0.860673870234	0.487828947488
0.71046612105	0.252043186579	0.657048049503
-0.688458047923	0.442396584087	0.574726707202
-0.150149530391	-0.856836855219	0.493240030057
0.711078345968	0.253024972056	0.656007585917
-0.686893521302	0.449231533204	0.57128654973
-0.144916601144	-0.859518042531	0.490130548639
0.706346460853	0.25701464187	0.65955907847
-0.692873651819	0.441783018365	0.56987181266
-0.144260099203	-0.857193872369	0.494376048627
0.708769395911	0.259129787346	0.656123227213
-0.690532371221	0.445051020716	0.570170701578
0.78389311954	0.216470418929	-0.581938257361
0.25086891508	0.746920922796	0.615770998942
0.56795806632	-0.628688868535	0.531200473076
0.780776774614	0.206339653861	-0.589755526093
0.270361405145	0.739380596088	0.616620670095
0.563287088367	-0.640890230402	0.521504918255
0.774376130633	0.221782208817	-0.592582707712
0.254529209272	0.748244037088	0.612654673146
0.579272384336	-0.625254763079	0.522972271964
0.776340235005	0.220575618594	-0.59045934434
0.254136386364	0.747716083698	0.613461781041
0.57681066041	-0.626312267287	0.524425789504
0.779930198562	0.20719166325	-0.590576410364
0.260025220379	0.751049805103	0.606886374027
0.569294094969	-0.626893771618	0.531891365734
0.781103047806	0.219128599927	-0.584688538049
0.261390334531	0.735643821568	0.624902602138
0.567056542899	-0.640945259628	0.517335533084
0.776192498327	0.211402068813	-0.593998624902
0.26211526521	0.748646550086	0.608953139234
0.573428974528	-0.6283609658	0.52568212675
0.776998720975	0.220946726759	-0.589453586285
0.255018798073	0.745621455291	0.615641175299
0.575533143337	-0.628674150915	0.523001348397
0.94582539332	-0.190006762077	0.263271258449
0.0857023156393	0.928222729756	0.362018890123
-0.313160403395	-0.319843702575	0.894220647992
0.949353202504	-0.178683997934	0.258457978033
0.0771580097628	0.929948162241	0.359503905329
-0.304590116478	-0.321354080883	0.896636167536
0.949691128416	-0.185586691604	0.252278297402
0.0892531194232	0.932491429121	0.349990876629
-0.300200999521	-0.309866605089	0.902143028941
0.954590838002	-0.178421329282	0.238583659117
0.0828875046751	0.928269540291	0.362553891077
-0.286157290156	-0.326315018998	0.900906496897
0.949245665448	-0.183759241022	0.25527477059
0.0812981290442	0.927354365474	0.36524580191
-0.303847463993	-0.325954633251	0.895226394152
0.951388464283	-0.184743120512	0.246434514059
0.0862417452135	0.927915161006	0.362678667354
-0.295672710405	-0.323795357896	0.89874034909
0.9495781467	-0.18931800002	0.249920064006
0.0899024841769	0.928055556658	0.361428315718
-0.300364589896	-0.320735995691	0.898281433983
0.95080247437	-0.188547149542	0.245814210581
0.0881543306077	0.925328211177	0.368777051976
-0.29699068625	-0.328964545914	0.896425600756
-0.609641745758	0.729519922168	-0.310061829066
0.385441083343	-0.0689808137284	-0.920150689846
-0.69265635488	-0.680472485786	-0.239133684165
-0.612452672061	0.73272099231	-0.296682438698
0.38165818785	-0.0545881091097	-0.92268975259
-0.692269853201	-0.678335683357	-0.246215803049
-0.595769955003	0.74382697756	-0.302951686944
0.382922373363	-0.0685060954537	-0.921236919706
-0.705994867648	-0.664852189367	-0.244014178935
-0.597692964467	0.745715649815	-0.294399177873
0.388094337673	-0.0522009299642	-0.920139975972
-0.701530819976	-0.664216049142	-0.258207712356
-0.612332126603	0.731870135523	-0.299025063254
0.373598387696	-0.0654693055369	-0.925277448329
-0.696759735086	-0.678292132053	-0.233336775132
-0.619042989007	0.726238993454	-0.298937003144
0.379890916395	-0.0562431261926	-0.923320103325
-0.687364022264	-0.68513797585	-0.241074962702
-0.609255107113	0.732644721018	-0.303382546195
0.376932456242	-0.0690323597867	-0.92366506322
-0.697661221513	-0.677101867038	-0.234099724101
-0.607462039045	0.735288496862	-0.300564683596
0.38931804503	-0.0542294253839	-0.919505084584
-0.692401446024	-0.675580466816	-0.253318075704
0.591680963414	-0.689871618871	0.417122033055
0.537528385992	0.723208375188	0.433627585205
-0.600813511197	-0.0323542558826	0.798734203969
0.593751881214	-0.68652515487	0.419692644628
0.533598672588	0.726343573503	0.433240660942
-0.602271666971	-0.033290019714	0.797596774119
0.583696939004	-0.689858032809	0.428245001686
0.538871394052	0.723641793465	0.431231002769
-0.607384151565	-0.0209392369922	0.79413225757
0.593371932555	-0.687992134879	0.417823612641
0.536568662336	0.725011046101	0.431802099513
-0.600003182937	-0.0320281889871	0.799356225484
0.595862313404	-0.681124314265	0.425461825409
0.532313898607	0.731660689985	0.42581045474
-0.601323548278	-0.0272451561398	0.798540974661
0.591405184079	-0.687913308019	0.420731712544
0.536790301924	0.725206521745	0.431197938911
-0.601744185722	-0.0291679860734	0.79815609761
0.595023344613	-0.680429925478	0.427740976025
0.52981842562	0.732279639299	0.427853912178
-0.604350611757	-0.0279580186426	0.796227788155
0.588611469148	-0.690505513167	0.420402987416
0.52831964829	0.722181863033	0.446465792659
-0.611894504611	-0.040687726286	0.789892158908
0.229511338158	-0.94846179413	-0.21850583256
-0.814069771044	-0.064009308346	-0.57722894519
0.533493188017	0.310359585589	-0.786804938475
0.226431549397	-0.948567982003	-0.221240939419
-0.81651114969	-0.0610078543483	-0.574097209994
0.531072793682	0.310639417346	-0.788330437018
0.223035888877	-0.951305323179	-0.212775125698
-0.815142982538	-0.0623029379715	-0.575899618839
0.534599841043	0.301888448025	-0.789345652152
0.222208491263	-0.950492721522	-0.217225762383
-0.818733972037	-0.0609248745612	-0.570931627521
0.52943189226	0.304715976944	-0.791738707525
0.236084739429	-0.946993982064	-0.217868149299
-0.815834259259	-0.0713616534856	-0.573865984005
0.527900174241	0.313225324827	-0.789437535351
0.23217534123	-0.946312510694	-0.224916103201
-0.818271839345	-0.0650136994391	-0.571143090928
0.525857222361	0.316647857224	-0.789435456868
0.233838873102	-0.948256829621	-0.214774911488
-0.807495811821	-0.066372720726	-0.586127145953
0.541543896114	0.310489134126	-0.781233937191
0.227426946949	-0.949275965194	-0.217145603575
-0.819462115268	-0.0660975938507	-0.569309292386
0.526078808628	0.307418884685	-0.79292806697
0.947594304617	-0.199203730278	0.249765748359
-0.115537331157	-0.94256303031	-0.313411631026
0.297852615095	0.268129817806	-0.916182842666
0.946530392875	-0.2052910899	0.248868975123
-0.123033841439	-0.942812549548	-0.309784687827
0.298232916077	0.262601308753	-0.91765847184
0.947490832066	-0.194745572241	0.253644021119
-0.112299757036	-0.945291521346	-0.306288850739
0.299415917958	0.26172171788	-0.917524933768
0.948167912441	-0.196291473559	0.24989453742
-0.111991782537	-0.942362439942	-0.315295646809
0.29738100657	0.270967085936	-0.915500869034
0.949626742118	-0.19321629203	0.246731606773
-0.110663806862	-0.943345746985	-0.31281174935
0.293193695596	0.269750131	-0.917208376521
0.945876341097	-0.206309843872	0.2505078062
-0.124244961951	-0.943317472297	-0.307756542911
0.299801771301	0.259975284587	-0.917894612386
0.947448809372	-0.193194483009	0.254983650966
-0.110239301411	-0.945404435752	-0.306689378834
0.300313281341	0.262463274383	-0.91701994489
0.945347552046	-0.207075937203	0.251868229066
-0.123801386467	-0.942556111629	-0.310262328252
0.301647584592	0.262124115363	-0.916679432414
-0.995045497446	0.0755000438945	0.0646021315013
-0.094973203872	-0.531443248837	-0.841748121226
-0.0292195579852	-0.843717697108	0.535988956085
-0.994839172959	0.0813326048359	0.0608040146072
-0.0953331557409	-0.541756685407	-0.835119452544
-0.0349815696936	-0.836599018641	0.546701250882
-0.994383355342	0.0743373260366	0.0755012553639
-0.103815324558	-0.54108097979	-0.83454949804
-0.0211862217181	-0.837689947564	0.545740166779
-0.994314654888	0.076375554582	0.0742124148417
-0.103487995187	-0.528618439782	-0.842528678535
-0.0251185729396	-0.845417715667	0.533515220828
-0.995140858816	0.0742477176574	0.0646434976613
-0.0944165514919	-0.533890884596	-0.840264008678
-0.0278750815535	-0.842285798229	0.538309280388
-0.995001091945	0.0718382158683	0.0693154010438
-0.0972590884759	-0.541149032953	-0.835279965611
-0.0224949725456	-0.83784916422	0.545436569645
-0.995739339964	0.0694879033556	0.060494464002
-0.0884479842196	-0.537189951977	-0.838804114327
-0.0257895904413	-0.840587187276	0.541058799093
-0.994672021197	0.0737742128642	0.0720607532619
-0.100077776345	-0.521822044593	-0.84716713577
-0.024896291414	-0.849861802155	0.526418984939
-0.987175734296	0.0775468483355	-0.139552783655
0.0700502007987	0.995864086772	0.0578593056638
0.1434624079	0.0473414849478	-0.988525036517
-0.988090966047	0.0686265954518	-0.137745376751
0.0596742199505	0.995891823295	0.0681063767488
0.141853395775	0.0590752188082	-0.988126959638
-0.985287661046	0.0725776262661	-0.154720056167
0.0605603128752	0.994870672158	0.0810233789673
0.159806933889	0.0704615327706	-0.984629117844
-0.985893714215	0.0664412700799	-0.153616548562
0.0550345578459	0.995483538369	0.0773545071809
0.158062278247	0.0678091436951	-0.985097527536
-0.984769508471	0.0764454060153	-0.156163390012
0.068287973936	0.996038437899	0.0569577616719
0.159898896484	0.0454261367289	-0.986088586059
-0.984277982806	0.0741424597205	-0.160319503221
0.064524184853	0.995836160505	0.0643970220122
0.164426509467	0.053040008876	-0.984963591318
-0.985645046514	0.0737439251217	-0.151852795354
0.059878845391	0.993775307938	0.0939422222995
0.157835236319	0.0835012021684	-0.983925397896
-0.986976517135	0.0760459612982	-0.141751677241
0.0667690720336	0.99537306689	0.0690966482647
0.146350323711	0.0587321679481	-0.987487360219
-0.885949765903	-0.219458952759	-0.408568757582
-0.46311490259	0.371514172261	0.804674482914
-0.0248042056293	0.902116513821	-0.430776930129
-0.887596570535	-0.229941373684	-0.399122456762
-0.459275251248	0.375604240069	0.804976716516
-0.0351854290092	0.897801890848	-0.438991259179
-0.884324026868	-0.230194580955	-0.406180883077
-0.465490189595	0.367761768588	0.805028352235
-0.0359351954138	0.900978478883	-0.432374301347
-0.888565833346	-0.22118866209	-0.4019023631
-0.45780680839	0.371452072806	0.807735110576
-0.0293744769182	0.901719833667	-0.431321058587
-0.894379467886	-0.219362918513	-0.389824224365
-0.446339357869	0.380389254561	0.809990384823
-0.029397168857	0.898433723694	-0.438121975532
-0.889846859054	-0.219365542705	-0.400063935698
-0.455887442405	0.392096707808	0.799016117351
-0.0184128713174	0.893386184471	-0.44891197197
-0.893885823485	-0.210293757952	-0.395907914403
-0.447558242119	0.3680942283	0.814983268176
-0.0256546532245	0.90569456378	-0.423152453218
-0.893303146792	-0.218894165747	-0.392548032371
-0.448330026857	0.372251686825	0.812667569644
-0.0317616204597	0.901949963099	-0.430670178653
0.889548342583	0.0237612165003	-0.456222699091
-0.451993383518	0.190872244596	-0.87136087254
0.0663756569177	0.981327261177	0.180530001301
0.890942154591	0.0294599004788	-0.45316022674
-0.450375376944	0.185153396886	-0.873430155735
0.0581729892418	0.982267952938	0.178228980293
0.890667530409	0.0409916638744	-0.452803528956
-0.451816402434	0.190920490057	-0.871442092316
0.0507276141134	0.980749236686	0.188567386474
0.890882888866	0.0368834116527	-0.45273313889
-0.45089720776	0.192379219272	-0.871597363806
0.0549489684985	0.980627284193	0.188017980616
0.894348508277	0.0370689512701	-0.44583252768
-0.443841312686	0.19845751031	-0.873853269825
0.0560859968234	0.979408260575	0.193942908311
0.895661367393	0.0355071406286	-0.443316992169
-0.442191360571	0.177592706777	-0.879163018095
0.0475132951684	0.983463296068	0.174763878572
0.890884997754	0.0373249737493	-0.452692799121
-0.451162623806	0.188317712628	-0.872346691556
0.0526897610729	0.981398649745	0.184609056506
0.89725926388	0.0374812825125	-0.439910177211
-0.438237547268	0.196588575445	-0.877097920444
0.053606554796	0.979769392941	0.19281662717
0.196963212009	0.682912090578	0.703446213034
-0.372049888811	0.715894890937	-0.590824328482
-0.907074626657	-0.145346425593	0.395082323054
0.196758941152	0.680515058619	0.705822344193
-0.377008042949	0.717058979271	-0.586251958153
-0.905069534412	-0.150750382683	0.397647413696
0.194806664425	0.684589732936	0.702415293455
-0.376270871112	0.713504304923	-0.591043003945
-0.905798310041	-0.149159305839	0.396586573886
0.195709473636	0.676826044449	0.709650835112
-0.365425423255	0.721859998361	-0.587692439041
-0.910034099504	-0.144307478747	0.388604283996
0.196560259155	0.679971284144	0.706401528254
-0.365145259626	0.719397596054	-0.590877346675
-0.90996318923	-0.141796164195	0.389693268455
0.194709923243	0.688695315342	0.698417350909
-0.364148970623	0.711911313726	-0.600481310417
-0.91075988088	-0.137408295204	0.389403891112
0.196722861592	0.675620416072	0.710518964462
-0.379599562022	0.720646018723	-0.580149548441
-0.903993538685	-0.155583994775	0.398232752129
0.19443006837	0.680280157185	0.706693591103
-0.364095024014	0.719024730463	-0.591978244456
-0.910841225162	-0.142205260666	0.387486654892
-0.447207489638	0.800866637369	0.398275084273
0.863690469404	0.270919219845	0.425022404489
0.232484809534	0.534057956037	-0.812858607995
-0.449058601803	0.796844123907	0.404211715703
0.859626828737	0.26190740706	0.438687686134
0.243699372654	0.544467274356	-0.802600533315
-0.448848357998	0.802490726105	0.393110321651
0.857950583092	0.263984445848	0.440714095878
0.249895753155	0.535085742521	-0.80698532023
-0.448263628079	0.799411661165	0.400004995451
0.860712832945	0.2651882482	0.434569070159
0.241322231875	0.539089838087	-0.806938547851
-0.431744383893	0.804522504991	0.407853302152
0.869802525228	0.251610472482	0.424426463519
0.238839578421	0.537994233046	-0.80840763285
-0.444684858543	0.799655930895	0.403484152117
0.859997348685	0.255306242522	0.441837109483
0.250307069579	0.543475724614	-0.801231953412
-0.44210508525	0.802687605822	0.400285649559
0.863960226976	0.261153753668	0.430543616419
0.241057503483	0.536178782587	-0.808946652913
-0.451348816655	0.7942309256	0.406794624032
0.86324797825	0.273152061103	0.424489189121
0.22602556795	0.542757202121	-0.808905149139
-0.837650890141	0.526122684324	0.146751451635
-0.495006208574	-0.844791929276	0.203213019489
0.230889412903	0.0975786803353	0.968074626031
-0.835588794264	0.52673928594	0.156003128372
-0.491733832604	-0.843761376748	0.215091750142
0.244926701866	0.103016249952	0.964053193915
-0.840167751082	0.523519293686	0.141583598502
-0.492195023875	-0.845687874949	0.206291767819
0.227733231433	0.103632929785	0.968193056628
-0.840138283982	0.524977444306	0.136256554808
-0.490645052299	-0.842710449363	0.221598809709
0.231159249033	0.119320085396	0.965571390157
-0.835178570276	0.529876596142	0.147334518224
-0.501165145229	-0.84357004176	0.19293261284
0.226517470867	0.0872942652734	0.970087390498
-0.841940287309	0.517965844962	0.151154547833
-0.481970437673	-0.847888982662	0.220881259486
0.242571249507	0.113116829142	0.963516355413
-0.837335021046	0.531014550265	0.129975178836
-0.498465430204	-0.839215072407	0.217371144011
0.224504375456	0.117224343731	0.967396628857
-0.847808932329	0.513196876025	0.13360004562
-0.481947282577	-0.850755325394	0.209623912294
0.22123928803	0.113332847078	0.968611812369
-0.0191290026787	0.589866481472	-0.807274158245
0.510092876602	0.700192267771	0.499535815594
0.859906558746	-0.402229173305	-0.314280669999
-0.00456139928562	0.591224245836	-0.80649431118
0.509858124067	0.695173296522	0.50673343865
0.860246404324	-0.408886262497	-0.304611447837
-0.0129189124719	0.59517639932	-0.803491214293
0.517547607988	0.691527303926	0.503919094794
0.855556866152	-0.4093348682	-0.316965902458
-0.00610217598703	0.593029947047	-0.805157317377
0.516326458221	0.691406836235	0.505335130252
0.856370137476	-0.412640384875	-0.3104161385
-0.0032664547207	0.589849900888	-0.807506297396
0.507230949091	0.69689686745	0.507002484318
0.861803974344	-0.407936084751	-0.301466507101
-0.00558610650519	0.593576949292	-0.804757858481
0.502527516537	0.69743593956	0.510929748961
0.864543174539	-0.401558860592	-0.30218470167
-0.0175089054042	0.591132526454	-0.806384402772
0.517015283164	0.695665813732	0.498742700941
0.855797093849	-0.408180622929	-0.317804897538
-0.0106096425584	0.587954030822	-0.808824725876
0.50407986481	0.701717920325	0.503483300298
0.863591841926	-0.402370477826	-0.303820764542
0.737926668657	-0.674038343385	0.0337126775745
0.664276130244	0.716603682793	-0.212641449388
0.119169860995	0.179308323447	0.976548549479
0.736027782935	-0.676508134721	0.0244917109069
0.664403909327	0.714978920224	-0.217652443601
0.12973259235	0.176470633792	0.975719001384
0.735871227607	-0.67606168181	0.037869925744
0.666647799906	0.713556008344	-0.215449589723
0.118634901143	0.183789056308	0.975780376071
0.729617151632	-0.682630653396	0.0409169366594
0.673297231183	0.706591519216	-0.217713700628
0.11970648747	0.186396909857	0.975154627828
0.739467075104	-0.672695517549	0.0258687485609
0.660651087752	0.717771860966	-0.219872015174
0.129339057267	0.179678333346	0.975185677409
0.728986627676	-0.684127164557	0.0234204156551
0.671747254656	0.708376474135	-0.216698853182
0.131659101531	0.173703165842	0.975957525125
0.733253046475	-0.679108868694	0.0339281428849
0.667395700359	0.709265529833	-0.226992053448
0.130088252971	0.189086111725	0.973305444992
0.723878777661	-0.689379773584	0.027478175054
0.678510584387	0.70412008124	-0.20937599111
0.124991636539	0.170207069632	0.977449049731
-0.220566689908	-0.918667117405	0.327720286739
-0.959118584442	0.265364491201	0.0983511112
-0.177317229617	-0.292629676375	-0.939641269626
-0.211137362288	-0.921527516855	0.325895609051
-0.960795652879	0.256959986404	0.104130765209
-0.179701490611	-0.291133197238	-0.939653485335
-0.217338675196	-0.922808007055	0.318102303593
-0.962428942972	0.256941317906	0.0878155033893
-0.16277046159	-0.287065175562	-0.943980419039
-0.208009676233	-0.920507043334	0.330755173118
-0.964928060504	0.24847832972	0.0846906062911
-0.160143808572	-0.30153846175	-0.939908974762
-0.205863860495	-0.922201202801	0.327359685673
-0.962941096715	0.250471117	0.100041294475
-0.174252307044	-0.294633259993	-0.939588384454
-0.212065445656	-0.920326654584	0.328675218851
-0.959962312848	0.259168568946	0.106321195013
-0.183032534092	-0.292968748265	-0.938439603796
-0.206824519126	-0.921587536616	0.328482129506
-0.966015169901	0.245562286822	0.0807103097882
-0.155044472881	-0.300625805512	-0.941055846658
-0.213527484205	-0.920205176927	0.328067363888
-0.963422180272	0.254009630083	0.0854204678902
-0.161936609358	-0.297827779316	-0.940784113194
0.112030197978	0.924921628811	0.363274546058
0.862699386456	-0.271954034461	0.426367913773
0.493151278884	0.265630965522	-0.828396233038
0.111380216379	0.920817164435	0.373747471393
0.869330791487	-0.272501794741	0.412313491725
0.481513652623	0.278987795733	-0.830845461134
0.10315367268	0.924443109677	0.367101510508
0.871582611249	-0.261841145427	0.414465834914
0.479272713406	0.277205904542	-0.832738281226
0.107222068867	0.920970955808	0.374596439508
0.868637064417	-0.270084749674	0.41537118247
0.48371442428	0.280848833828	-0.828949780987
0.114332368642	0.922444004128	0.368812579012
0.864596861908	-0.27523443052	0.420374531299
0.489283073043	0.270812738687	-0.829009936521
0.105142822939	0.920449390257	0.376459800988
0.874170138681	-0.266026845384	0.406278293051
0.474105083734	0.286371092715	-0.832600932098
0.116502945711	0.92426830837	0.363526249647
0.869912448613	-0.271573048606	0.411697592779
0.479244793176	0.268273499055	-0.835670876299
0.112041001524	0.924160392778	0.365210431693
0.872251780526	-0.267538449629	0.409397257773
0.476054537175	0.272684527842	-0.83607659321
0.922654918383	-0.00854562310156	-0.385532768738
-0.0516373486596	-0.993496980352	-0.101557262729
-0.382154586088	0.113610147942	-0.91709678658
0.922609557335	-0.00165945944969	-0.385731255434
-0.0487907030772	-0.992457833533	-0.112429945737
-0.382636671684	0.12254905793	-0.915731800244
0.922325498992	-0.00701117430283	-0.386350742076
-0.053046278734	-0.99267165273	-0.108622252526
-0.382755985949	0.120679513035	-0.915938670408
0.921126150503	-0.00612830718484	-0.389215240554
-0.0533229254509	-0.992429950411	-0.110568682111
-0.385593990163	0.122601842129	-0.914479407151
0.925015117886	-0.000248713205833	-0.379930665724
-0.0462561072689	-0.992638987903	-0.111969960977
-0.377104422085	0.121147999416	-0.91821791457
0.924808992263	-0.0150186998847	-0.380134802385
-0.0561347372907	-0.99366599488	-0.0973081049005
-0.376267086788	0.111330205532	-0.919794022262
0.919089242401	0.000632642942445	-0.394048920309
-0.0487696786882	-0.992127446651	-0.115344423887
-0.391019782459	0.12522945917	-0.911822796893
0.921806652844	-0.00585305119652	-0.387606104814
-0.0528323458207	-0.992456385853	-0.110659778913
-0.38403319379	0.122485040824	-0.915162384014
0.811682781335	0.142576845907	0.56642996303
-0.570687842943	-0.0130287427071	0.821063715224
0.124444549598	-0.989697974915	0.0707916683158
0.815290336467	0.129956068899	0.564281040199
-0.567485941146	-0.014480348643	0.823255764066
0.115158059962	-0.991414023818	0.0619425502794
0.811085438442	0.133340922558	0.56952665552
-0.571891325152	-0.0236434413423	0.819988602141
0.122803604151	-0.990788167974	0.0570796648916
0.811712022496	0.131880140521	0.568973825949
-0.572091647766	-0.0166557812612	0.82002054648
0.117621140259	-0.991125712828	0.0619278335798
0.816399906475	0.141547303346	0.559871019227
-0.564015511724	-0.0127459537262	0.825665833305
0.124006853802	-0.989849446465	0.0694290760079
0.823613154182	0.128519813825	0.552398435727
-0.55737078626	0.00330831051795	0.830257112864
0.104876980141	-0.991701429006	0.0743579562832
0.811098964237	0.134259106107	0.56929163762
-0.571866466216	-0.0223645960328	0.82004182958
0.122830049476	-0.990693872935	0.0586383755862
0.826975555177	0.127943222387	0.547486951948
-0.551011647122	-0.00918891541654	0.834446958201
0.111792644859	-0.991738923891	0.0628991975834
0.210045390342	-0.667674251451	-0.714207279976
0.976456276522	0.106549558416	0.187564239357
-0.049133337583	-0.736789181377	0.674334947787
0.20256608944	-0.673625040619	-0.710771611274
0.977878522308	0.100485013478	0.183456689505
-0.0521591252994	-0.732210397335	0.679078316113
0.217333632406	-0.660464522515	-0.718716016846
0.974901619281	0.110440760544	0.193312384802
-0.0483004253973	-0.742690689248	0.667890418871
0.211145698359	-0.670983973661	-0.710772820983
0.97599690803	0.105028727164	0.190785230391
-0.0533622663955	-0.733995555647	0.677054645942
0.198357413182	-0.663654916713	-0.721260373862
0.979429132512	0.106393929508	0.171461218177
-0.0370533367702	-0.740434012236	0.67110695098
0.201096651527	-0.662868788498	-0.721224709342
0.9774713013	0.0876032602166	0.192029934701
-0.0641090263823	-0.743593040529	0.665551960788
0.191894487299	-0.662318359864	-0.72423126242
0.980318416106	0.0944731839721	0.173351230647
-0.0463932572941	-0.743242380594	0.667411746882
0.219210930964	-0.666942120637	-0.712133967663
0.974553643619	0.114650513851	0.192614821551
-0.0468164061854	-0.736236022952	0.675103508948
-0.502006266127	0.353299697388	-0.789410601427
-0.844853172551	-0.0051162619193	0.534973816392
0.184967269132	0.935496227262	0.301054726587
-0.496558261673	0.343280975771	-0.797237819236
-0.84722983365	0.00805817104759	0.53116544053
0.188763284881	0.939198215456	0.286836487522
-0.501876653528	0.361997197049	-0.785543053379
-0.844995756967	-0.0112989108367	0.534653653045
0.184667349825	0.932110716243	0.311556733996
-0.500807756866	0.359693993128	-0.787281218877
-0.843179296457	0.00275674111468	0.537625338922
0.195550914893	0.933066215406	0.301905993321
-0.504474676888	0.347277081546	-0.790508728787
-0.840389841262	0.0125863543822	0.541836301833
0.198116976455	0.937678138762	0.285498562736
-0.501091024222	0.352624879058	-0.790293331515
-0.842699482267	0.00894338338453	0.538309989238
0.196889404882	0.93572205093	0.292675312425
-0.512772279935	0.361795985041	-0.778568093186
-0.838455981674	-0.0161045070794	0.544731333914
0.184543158406	0.932118192378	0.311607939482
-0.500005528757	0.360383253635	-0.787476002651
-0.841646123587	0.0120078281521	0.539895974075
0.20402535848	0.932727061187	0.297311144497
-0.297303422772	0.869286373959	0.394907658652
-0.173714264526	-0.45595451904	0.872885466356
0.938847278908	0.190910667915	0.286564137593
-0.301462056993	0.864755699285	0.401644517693
-0.18287392532	-0.465860218207	0.865754877694
0.935776610884	0.187541892298	0.29858036164
-0.285077411638	0.868215568366	0.406119096439
-0.172249771653	-0.463207611127	0.869349680311
0.942900318067	0.177877984411	0.281599862079
-0.291049961782	0.865112311794	0.408498026353
-0.177651517437	-0.468427973471	0.865456645895
0.940069086772	0.1793208174	0.290024435062
-0.286212485969	0.867677765818	0.406469851665
-0.170218107371	-0.463512563636	0.869587221916
0.942925363712	0.179698178346	0.28035752439
-0.289618391134	0.867585389896	0.404248457013
-0.172784031348	-0.462800982771	0.869460160079
0.941417496262	0.181963959875	0.283940548638
-0.285937716144	0.868947209766	0.403943686727
-0.165063573071	-0.459907067521	0.872490491061
0.9439246645	0.182801495581	0.274936203341
-0.291130897127	0.868717987961	0.400714142815
-0.176860998445	-0.46051023658	0.869856580656
0.940193040863	0.182371437114	0.287711115786
0.164480496498	0.752625851844	-0.63757289397
0.641992836211	-0.572411224274	-0.510086409609
-0.74885917651	-0.325418613712	-0.577330242281
0.168245313455	0.75074885578	-0.638806748476
0.646475357722	-0.573257375536	-0.503442052682
-0.744155573931	-0.328268859465	-0.581790675335
0.157934467752	0.747789442581	-0.644880588838
0.63607054953	-0.576581461288	-0.512810190258
-0.755297478028	-0.329197485981	-0.56671060754
0.16780415206	0.747058337275	-0.643228128917
0.637256150785	-0.580026620145	-0.507412729314
-0.752159014708	-0.324756709388	-0.573396792201
0.152632801162	0.75582168643	-0.636739102714
0.633296828909	-0.569424029456	-0.524109889538
-0.758708266132	-0.323248554737	-0.565572200921
0.166328710359	0.755779736355	-0.633346212127
0.640260212734	-0.571253360499	-0.513544842328
-0.7499315264	-0.320091291989	-0.578909386477
0.15012936218	0.754385646364	-0.639036434344
0.630319829962	-0.571002902198	-0.525984946637
-0.76168377941	-0.323829505591	-0.561230604009
0.160015686497	0.745173124612	-0.647385283705
0.634922591985	-0.579859433617	-0.510517651833
-0.755820080038	-0.329350853957	-0.565911677054
-0.218247127944	0.439804950296	-0.871171524056
-0.913316479386	-0.406569003073	0.0235517718768
-0.343833138474	0.800795406563	0.49041360219
-0.212062335635	0.449470582886	-0.867759016671
-0.912185784892	-0.409636007597	0.0107413721084
-0.350637433448	0.793835296743	0.496869088586
-0.215083167174	0.424911096154	-0.879312112766
-0.911400303783	-0.410795585857	0.0244227969675
-0.350840017038	0.806658259186	0.475619317703
-0.210466371888	0.430498419554	-0.877710104094
-0.912350239007	-0.409007523114	0.0181631160343
-0.351170837985	0.804601745065	0.478847656975
-0.207402262837	0.436995556348	-0.875225226403
-0.916739294536	-0.399081165052	0.0179806357758
-0.341428439141	0.806082577123	0.48338132449
-0.208501346285	0.438098163515	-0.874412476543
-0.91291156301	-0.407940823639	0.013294830834
-0.350884109262	0.801033253697	0.485001097606
-0.209217421565	0.420461329203	-0.882859171673
-0.913095471878	-0.407125104106	0.0224895695726
-0.349978150174	0.810839930041	0.469099021156
-0.217288269385	0.423554989086	-0.879424222018
-0.910767970099	-0.41206263678	0.0265719469791
-0.35112319162	0.806725191713	0.4752967095
0.941125795313	0.178199083106	0.287275695557
0.0124447760442	0.830947335698	-0.556211880445
-0.337827420478	0.527040430308	0.77980832442
0.942140994513	0.195001434366	0.272662403979
-0.00959908047822	0.828751444361	-0.559534538354
-0.335079398952	0.524543117915	0.782672544508
0.947782366592	0.176608965494	0.265551990632
-0.000278137483842	0.833123274261	-0.553087276313
-0.318917715188	0.524132507947	0.789668670045
0.946659101041	0.187240175267	0.262254957145
-0.0104723104111	0.831304612301	-0.555718427151
-0.322066571528	0.523329491168	0.788922914274
0.945300798394	0.179914535123	0.272097706103
0.00109546292325	0.832388321068	-0.554191741331
-0.326198101736	0.524175968783	0.78666025469
0.942932821318	0.191139951492	0.272659520594
-0.00876403585568	0.832801406775	-0.553502493883
-0.33286767176	0.51952607057	0.786950937403
0.948370835847	0.187238652244	0.255996963858
-0.0144909462114	0.831882093447	-0.554763190295
-0.316832401873	0.522411592458	0.791645981451
0.946344036871	0.189804721916	0.261547570118
-0.0131648198567	0.831312760974	-0.55564897284
-0.322892631403	0.522391865402	0.789206619093
-0.0753905044704	-0.83863358672	-0.539453395031
-0.0344059887083	0.542858642362	-0.83911901215
0.996560327389	-0.0447011838282	-0.0697804016817
-0.089426791871	-0.857422388129	-0.506783721398
-0.0302636054981	0.510926619894	-0.85909145182
0.995533528377	-0.0614886716564	-0.0716392314114
-0.0805727916647	-0.841907914889	-0.533571973607
-0.0265368969856	0.536934577813	-0.843206401992
0.996395394042	-0.0537801646471	-0.0656039332842
-0.0741565050702	-0.853437686227	-0.515892328509
-0.021872214861	0.518584179242	-0.854746769562
0.997006712667	-0.0521013395934	-0.0571229549026
-0.0683093495063	-0.842098520151	-0.534980291381
-0.0238897958908	0.537459732241	-0.842950955032
0.997378116593	-0.0448008626684	-0.0568310858042
-0.0703996236809	-0.85344691098	-0.516403201111
-0.0132998934784	0.518444703376	-0.85500772144
0.997430202476	-0.053324112997	-0.0478490657273
-0.0812404002784	-0.843986517799	-0.530176146112
-0.0256821150448	0.533530436013	-0.845390855659
0.996363596835	-0.0550638505709	-0.0650195829683
-0.0855661033209	-0.84762225693	-0.52365531699
-0.0251310562892	0.527251844513	-0.849337327637
0.996015467483	-0.0595144996121	-0.0664165147461
0.926887453313	-0.110657241829	0.358656694346
-0.0938772975286	0.856835410742	0.506971530991
-0.363409827299	-0.503575272484	0.783801788956
0.926145193747	-0.0976384582405	0.364310046669
-0.113125473488	0.84953000185	0.515268279846
-0.359802315001	-0.518425987427	0.77574273134
0.9168605289	-0.11793023943	0.381391175003
-0.098719818881	0.858719694598	0.502846777958
-0.386808954268	-0.498691230493	0.775684141489
0.919855043549	-0.115352851525	0.374913880858
-0.097242643312	0.858888088293	0.502847013844
-0.380013903347	-0.499003978597	0.778835323665
0.918154214887	-0.111496660991	0.380212217931
-0.108404722198	0.852289712244	0.511713454684
-0.381105303403	-0.511048665087	0.770446627041
0.920174575345	-0.100808158319	0.378307371341
-0.117684267264	0.850373983169	0.512849397055
-0.373402149476	-0.516431801923	0.770628984601
0.923168494978	-0.103025167433	0.370331940354
-0.105237393824	0.858866837906	0.501271232026
-0.369709375202	-0.501730577094	0.782036706018
0.927580944649	-0.0935095651643	0.3617313252
-0.112689415981	0.853065867257	0.509489666426
-0.356222803781	-0.51335619787	0.780750104711
-0.958876524115	-0.271586881373	-0.0824362290731
0.263416154888	-0.959712327069	0.0977933169287
-0.105674478196	0.0720567093175	0.991786636628
-0.959748704066	-0.266030103701	-0.0900781180392
0.259034215672	-0.962361253717	0.0822542139585
-0.108569602264	0.0556099319155	0.992532211506
-0.963515311003	-0.256923947861	-0.075042808991
0.250978435944	-0.96466115873	0.0802606256926
-0.0930116275363	0.0584981056177	0.99394507812
-0.958999903611	-0.268727814978	-0.0900417991446
0.26146461981	-0.961484663401	0.084773095217
-0.109354545967	0.057754536983	0.992323540187
-0.96163909516	-0.265206685479	-0.0700950167246
0.257835546319	-0.961095249786	0.099067650005
-0.0936414889165	0.0771944441048	0.992608825513
-0.962941117117	-0.256382792602	-0.0837538254999
0.248764619817	-0.96423027954	0.0915345192099
-0.104225733652	0.0673072651172	0.992273519797
-0.959694636626	-0.264934483473	-0.0937890482307
0.255936112698	-0.961731139287	0.097828339926
-0.11611792419	0.0698813089645	0.990774057247
-0.959511242056	-0.26401200155	-0.098145342198
0.255649156774	-0.962570629686	0.0899886386935
-0.11823008838	0.0612544650678	0.991095112274
0.214171523337	-0.150286170301	0.965165500005
0.247800347748	-0.947409520819	-0.202508601046
0.944841448625	0.28253993144	-0.165666992303
0.20497325989	-0.14644644078	0.967749412482
0.249134625829	-0.948369325222	-0.196281408547
0.946529145663	0.281332353474	-0.157904996958
0.198660237977	-0.160444659058	0.966846481754
0.23507403129	-0.949911541379	-0.205935609572
0.951459304287	0.268191697963	-0.150993777365
0.205803882125	-0.147321126303	0.96744032165
0.24151157693	-0.950376759023	-0.196099503435
0.948322966303	0.274006099902	-0.160010998204
0.20611457734	-0.153687563004	0.966383311846
0.250964198051	-0.94625322843	-0.204012959533
0.945797834494	0.284577668376	-0.156466300201
0.205763019074	-0.161744628211	0.965142827819
0.25013506029	-0.944792491738	-0.211661603999
0.946094315837	0.284968170571	-0.153945775131
0.211698463207	-0.151304098415	0.965552006089
0.241151643348	-0.949310344159	-0.201631779574
0.94711640867	0.275529598094	-0.164480155311
0.204310098193	-0.158893837629	0.965924768948
0.2381786415	-0.949017106153	-0.206491544972
0.949488728547	0.272250935306	-0.156049185981
-0.343081040302	-0.24039281077	0.908023531431
0.838998132281	-0.513090456365	0.18116390274
0.422347689861	0.823983933191	0.377720695755
-0.335766838348	-0.240107144607	0.910828831165
0.84050259422	-0.512891226964	0.174636607796
0.425224634378	0.824191188246	0.374022568331
-0.335935120095	-0.238769400382	0.911118452186
0.841105904913	-0.511398759215	0.176102923786
0.423896823758	0.825506242549	0.372627101841
-0.329518075416	-0.243285934125	0.91226633678
0.845904236044	-0.505243345966	0.17080770465
0.419361345869	0.827974155866	0.372283353322
-0.333467889727	-0.24663979629	0.90992738742
0.844678378907	-0.506826387677	0.172178121192
0.418709297363	0.826011912805	0.37734173489
-0.334848761732	-0.24037167097	0.91109716844
0.842035267106	-0.510303397314	0.174835273091
0.422910391802	0.825719215933	0.373275649059
-0.333632924271	-0.249525184664	0.909079817978
0.843460266558	-0.509700261534	0.169647473379
0.421026972976	0.823372739836	0.380517483091
-0.332255154268	-0.244031572642	0.911073662016
0.843498652874	-0.509101282388	0.171248461465
0.42203868148	0.825387548069	0.374991733405
0.636471226157	0.487363924217	-0.597813324725
0.185523633789	-0.849051566104	-0.494663882036
-0.748655693328	0.203930822235	-0.630814407603
0.627780589995	0.500549543029	-0.596105431402
0.190058294064	-0.841209477862	-0.506205943242
-0.75483069309	0.20449148415	-0.623228574205
0.637493241744	0.488871356298	-0.595489047651
0.184604948212	-0.847311487131	-0.497980392853
-0.748012982492	0.207528927048	-0.630403451795
0.639264904446	0.487232768979	-0.594932555756
0.18784823462	-0.849163364251	-0.49359428098
-0.74568998774	0.203780524828	-0.6343662602
0.637654052883	0.492412909474	-0.592390891774
0.187652557697	-0.845144235191	-0.500518149277
-0.74711709903	0.207993814209	-0.631312294674
0.6410856202	0.495077936279	-0.586436000949
0.190366952049	-0.842816078863	-0.503410458625
-0.743484882003	0.211091220318	-0.634563840117
0.634500372695	0.494267889364	-0.594229143306
0.190394976242	-0.845066218445	-0.49961139696
-0.749105315849	0.203865270445	-0.630300750524
0.633619050285	0.495293076206	-0.594315940854
0.183733548094	-0.842560835328	-0.506292469089
-0.751510912892	0.21160068434	-0.624864367016
-0.341252723476	0.0987756019137	0.934767290869
0.811352661779	0.533075815139	0.239868732402
-0.474608644924	0.840281816432	-0.26205540679
-0.337692442648	0.0927701897576	0.936673641122
0.811016239937	0.533740934111	0.239527190885
-0.477720081889	0.840544055066	-0.255478411057
-0.325151562944	0.0889920603339	0.941465306247
0.817094990224	0.527618154489	0.232324939068
-0.476059120929	0.84480738252	-0.244270844374
-0.32678693352	0.0932183689357	0.940489566904
0.812710938501	0.535653072351	0.229296124936
-0.482401513475	0.83927714026	-0.250804010946
-0.328208041617	0.0804214749454	0.941175810368
0.810486336422	0.535733994859	0.236856493665
-0.485171534746	0.840548324896	-0.241012719816
-0.317900280955	0.0800086132643	0.944742309991
0.808908978796	0.542663406153	0.226235919646
-0.494576257524	0.836130999974	-0.23723253475
-0.33076072317	0.0889135701301	0.939516775523
0.806412252569	0.543755905756	0.232440984234
-0.490200646009	0.834520167098	-0.251554099135
-0.321851346295	0.0934382190556	0.942168288671
0.813928168044	0.535660199765	0.224920238468
-0.483665920056	0.839248160932	-0.248454969978
0.757485664607	-0.263535377956	-0.597297727699
0.507515373253	-0.337799428967	0.792666202403
-0.41066241228	-0.903571063661	-0.122129972111
0.76544440673	-0.263269449792	-0.587183155634
0.49633232204	-0.339230781055	0.799109948887
-0.409571834423	-0.903112219559	-0.128993167796
0.760674171121	-0.276779765678	-0.587169273435
0.498039817023	-0.331295530656	0.801373540021
-0.416330559789	-0.902017833137	-0.114160598802
0.7591396855	-0.286605449639	-0.584435000108
0.496450958528	-0.325777540206	0.80461514019
-0.421002849029	-0.900958597431	-0.105025123803
0.771075272321	-0.250815665527	-0.585264417651
0.493673318819	-0.345035982187	0.798271192721
-0.402156177285	-0.904456601926	-0.142227723443
0.767641091145	-0.253635750831	-0.588554209001
0.499735100447	-0.338062160624	0.797482777884
-0.401238059528	-0.906301747511	-0.132759714527
0.764826879708	-0.273485790295	-0.58330555873
0.494948317008	-0.330141211926	0.803761774666
-0.412390610744	-0.90344471299	-0.117139549221
0.756449143436	-0.277510762804	-0.592260475222
0.505045711404	-0.327538240361	0.798528354969
-0.415588165585	-0.903164703045	-0.107610401299
-0.992221144807	-0.0803991709376	0.09504301508
-0.0696136285091	-0.274598920652	-0.959035649248
0.103204380376	-0.95819173818	0.266865976373
-0.990811958883	-0.0857052398107	0.104624341459
-0.076679457464	-0.281254930311	-0.956564640445
0.111408714919	-0.955798233109	0.272098930689
-0.992841849728	-0.074336183102	0.0934837770213
-0.0687369227718	-0.284465347509	-0.95621896891
0.0976745623599	-0.955799985843	0.277319446421
-0.991999877671	-0.0873399499141	0.0904357671229
-0.0618409338675	-0.287252524679	-0.955812795439
0.109465034255	-0.953820808211	0.279636364303
-0.98988970158	-0.0893431584603	0.110164034955
-0.0815288628704	-0.277156232826	-0.957359611617
0.116066184052	-0.956661999597	0.267070095333
-0.991114529119	-0.0834457674522	0.103579946603
-0.0765226581593	-0.279233206027	-0.957169319757
0.108794688438	-0.956590627066	0.270366588374
-0.991400499821	-0.0788888593592	0.104410596534
-0.078050758449	-0.283956119922	-0.955655264984
0.105038582936	-0.955586445202	0.275356919381
-0.990302208047	-0.0931112492396	0.101132365977
-0.0706253299428	-0.286354737827	-0.955380483193
0.117938640629	-0.953451676888	0.277260968128
0.744506169968	0.610360837199	0.270499974965
0.251959061839	-0.63209167707	0.732787079359
0.618245274304	-0.477409594511	-0.624382110449
