-0.160155188985	-0.859910268702	0.484669594784
0.707615058504	0.242317093362	0.663749452903
-0.688208700399	0.449262436702	0.569677133879
-0.155134963487	-0.850328717026	0.502865969075
0.70878329536	0.258778825669	0.656246705339
-0.688156486617	0.458229823397	0.562553167519
-0.142889442043	-0.860176279507	0.489570609219
0.705062911548	0.258677820922	0.660281818271
-0.694599815719	0.439525376917	0.569516058831
-0.139673304917	-0.857321210381	0.495471196505
0.709501676086	0.262393257597	0.654031457725
-0.690723342565	0.442888381306	0.571621504496
-0.149975104912	-0.860424393554	0.48700850375
0.709026044469	0.249695041388	0.659495582358
-0.689049699232	0.4442096553	0.572615295139
-0.156428222541	-0.854878298423	0.494685098218
0.710827954629	0.250298379622	0.657323638869
-0.685750589086	0.454459945632	0.568517635988
-0.149009111306	-0.858659082198	0.490408889993
0.703111178136	0.256715730957	0.663122698877
-0.695292003409	0.443623289678	0.565479807043
-0.147937649852	-0.855434098484	0.49633353911
0.706820568799	0.259571184271	0.658048251516
-0.691750795025	0.44816885317	0.566238047896
0.790186501502	0.215457662651	-0.57374497016
0.247219770858	0.74456351794	0.620086732234
0.560792011423	-0.631825265561	0.535078647395
0.785602287122	0.199790820976	-0.585587455384
0.276516780754	0.73328929809	0.621148345633
0.553504751571	-0.649900319414	0.52082823509
0.775708557816	0.223988973078	-0.590004382177
0.253277101097	0.74580777968	0.616134289941
0.578037145094	-0.62737524108	0.521798199406
0.777991752036	0.222761681065	-0.587457289387
0.25256063579	0.745269479861	0.617079028346
0.575275550197	-0.628450980924	0.523552676577
0.784012047888	0.201490542178	-0.587134288425
0.261204904203	0.750951821849	0.606500916837
0.563113762265	-0.62886638129	0.536124957939
0.786075419872	0.219069162713	-0.578008767589
0.26339223455	0.727240038898	0.633834722596
0.559204760567	-0.65048491661	0.513964402637
0.778483333256	0.207662233397	-0.592317560939
0.265094393178	0.746605488147	0.610168176473
0.568936427804	-0.632025820434	0.526169835301
0.779680321723	0.222175013601	-0.585437322514
0.254296314298	0.742023634158	0.620269546339
0.572216724498	-0.632486512831	0.522042938719
0.943703211249	-0.187602311077	0.272451137964
0.0784194770433	0.927028188943	0.366700318147
-0.32136371189	-0.324690792274	0.889551153847
0.948761489193	-0.171281001059	0.265545577312
0.0662762536727	0.929522891257	0.362759769723
-0.308964549994	-0.326573132708	0.893247385867
0.950379152072	-0.179697875607	0.253945150241
0.0831838057159	0.933363877911	0.349159453391
-0.29976644291	-0.310709740639	0.901997524308
0.957290060436	-0.169111132972	0.234514744197
0.0737784799412	0.927131806759	0.367400802112
-0.279557644214	-0.334406994843	0.900010825592
0.948958712397	-0.176829693148	0.261167802994
0.0702420349626	0.925743791551	0.371570300551
-0.307479134615	-0.334259915857	0.890913514003
0.952190474647	-0.178576378182	0.247878554859
0.0778524297915	0.92642096762	0.36835199359
-0.295418855152	-0.331443312139	0.896031825678
0.94977870527	-0.184910476783	0.252445098903
0.0834596970889	0.927199535546	0.365151341539
-0.301587286446	-0.325743977446	0.896066946519
0.951532268261	-0.183565587785	0.246759027526
0.0805458640201	0.923076503446	0.376087932447
-0.296814262584	-0.337984384438	0.893122527932
-0.610891524002	0.728637065801	-0.309677523586
0.373535659227	-0.0796174350874	-0.9241929317
-0.698056769582	-0.680256929445	-0.223534582
-0.615902826453	0.732452456705	-0.290130951438
0.367708151095	-0.0584319261261	-0.92810327022
-0.69674477819	-0.67830550878	-0.233339842731
-0.588087326622	0.751457873453	-0.299104123816
0.369551215042	-0.0792963993226	-0.925820308665
-0.719433187946	-0.654998022059	-0.231068472584
-0.590469113832	0.754583336057	-0.286270597922
0.377186692895	-0.0555689394857	-0.924468883671
-0.713496366489	-0.653847464718	-0.251807331401
-0.614074244705	0.732758330094	-0.293220850093
0.354566888796	-0.0757931320108	-0.931953861135
-0.705120953185	-0.676255061048	-0.213269420993
-0.624606528637	0.723730412541	-0.293396101522
0.365187821208	-0.0614027290647	-0.928906752491
-0.690293298292	-0.687345756913	-0.225945120975
-0.608675154181	0.734193257698	-0.300791572155
0.36078568519	-0.0815289635249	-0.929078696136
-0.706646303953	-0.674028036957	-0.215262108226
-0.606082645185	0.738246007931	-0.296066771295
0.37928728677	-0.0589344941845	-0.923399771033
-0.699145088938	-0.671951497374	-0.2442876532
0.58650748982	-0.695277684645	0.415449051134
0.540053493067	0.717973936218	0.439153341458
-0.603615107067	-0.0332020168446	0.796584228292
0.590659504256	-0.689790599777	0.418700704405
0.533234364556	0.723109919938	0.439059400395
-0.605625679662	-0.0360690044012	0.794931798172
0.575473024262	-0.695263607191	0.430626648917
0.542378025366	0.718554864966	0.435321698187
-0.61209220861	-0.0169534606506	0.790604646018
0.590450985582	-0.692113094916	0.415147073682
0.538327521691	0.72098071314	0.436337355125
-0.601307831589	-0.0341507237669	0.79828730256
0.593078779024	-0.682236535267	0.42756387743
0.532275932117	0.730669339332	0.427556600897
-0.604102550421	-0.0259927841738	0.796482568848
0.586480097861	-0.692208039878	0.420581884903
0.539107394101	0.72113715282	0.435114264082
-0.604486815411	-0.0284470510072	0.796107061948
0.592187165935	-0.681626269935	0.429767369993
0.529282023789	0.731187438447	0.430378288919
-0.607597649329	-0.0273963576616	0.793772346441
0.582213846581	-0.696597355641	0.41926025168
0.526161831581	0.715949461218	0.458879171883
-0.619823169551	-0.0465670646977	0.783358631642
0.230315012786	-0.94842177858	-0.217832770105
-0.810318710705	-0.0629677146794	-0.582596465373
0.538830746058	0.31069468019	-0.783026322542
0.225469155473	-0.948553340148	-0.222284123344
-0.814568714809	-0.0583784555911	-0.577121979614
0.534454375463	0.311188899855	-0.785824416617
0.21955378548	-0.952928679759	-0.20910045984
-0.812520879084	-0.0599702314658	-0.579839033786
0.540005455587	0.297204332646	-0.787441137736
0.218862529176	-0.951490904802	-0.216250549125
-0.817571248525	-0.0578489286177	-0.572914322435
0.532612894608	0.302189717472	-0.790572571333
0.24078673701	-0.945959904016	-0.217213209289
-0.812867202581	-0.0742572639419	-0.577696052184
0.530347649438	0.315667036186	-0.786819944325
0.234495755296	-0.945084158393	-0.227657105874
-0.817100945922	-0.0647499212938	-0.572846932504
0.526647765089	0.320349024441	-0.787412743835
0.236781228948	-0.948082512284	-0.212306808222
-0.800079708959	-0.0663050565894	-0.596218141837
0.551186983001	0.311035630183	-0.774241372605
0.226499284082	-0.949630115484	-0.216565601982
-0.818767760252	-0.0652032977302	-0.570410207401
0.527557931386	0.306514426579	-0.792295021235
0.947576959553	-0.200371567869	0.248895933296
-0.115851086343	-0.94139160303	-0.316799693198
0.29778595772	0.271357245355	-0.915254290548
0.945963447851	-0.209186358113	0.247778689709
-0.126716313619	-0.94181136081	-0.311346037036
0.298489844647	0.263124393576	-0.917426487011
0.947412582085	-0.193678597523	0.254751010216
-0.110868143453	-0.945410639153	-0.306447104864
0.300196154392	0.262088103838	-0.917166780512
0.948467962622	-0.195267908796	0.249557566247
-0.109664083048	-0.941172748533	-0.319637400983
0.297291647993	0.275798337581	-0.914086083984
0.950630473671	-0.190998576865	0.244583990365
-0.108213946507	-0.942711419617	-0.315575909823
0.290846224814	0.273528712779	-0.916838975767
0.945067399315	-0.210650918261	0.249947637374
-0.12836454548	-0.942399032817	-0.308880745731
0.300616324002	0.25982871715	-0.917670726971
0.947294934295	-0.191244276228	0.257017344469
-0.107504369678	-0.945514651445	-0.307317679784
0.301786512369	0.263489985802	-0.916240820277
0.943968816543	-0.212253088751	0.252728092494
-0.128098974624	-0.941361520657	-0.312135803609
0.304160344424	0.262272250743	-0.915805315634
-0.995491897117	0.0741958395175	0.0591704888794
-0.0897363349267	-0.533065519574	-0.841306391781
-0.0308797595498	-0.842819098061	0.53731256593
-0.995127622328	0.0826847995289	0.0535167021351
-0.0902788644067	-0.548510352965	-0.831246317156
-0.0393768983288	-0.832036019094	0.553318172393
-0.994548806701	0.0722356942455	0.0752661230176
-0.102605232878	-0.546995034714	-0.83082886181
-0.0188454499334	-0.834018246747	0.551417022506
-0.994491629068	0.0745896708263	0.073578153805
-0.101988664638	-0.528361329881	-0.842867541885
-0.0239932489831	-0.845732677555	0.533065142999
-0.995660025184	0.0718552833608	0.0591414690655
-0.0885751033017	-0.536691136067	-0.839116742057
-0.0285542673725	-0.840713550491	0.540726667924
-0.995462018867	0.0688050228385	0.0657774874931
-0.0927703765007	-0.546512432024	-0.832299246062
-0.0213182145739	-0.834622217882	0.550411221556
-0.996471073131	0.0652998104797	0.0528380688586
-0.0798647463216	-0.541585441285	-0.836848230006
-0.0260297726533	-0.838110537173	0.544881251302
-0.994939410504	0.0712250022005	0.0708668885925
-0.0976160096217	-0.518190541715	-0.849676016322
-0.0237956194034	-0.85229409074	0.522521236949
-0.987979831154	0.0759221509002	-0.134656145574
0.070230585327	0.996444886437	0.0465322925165
0.13771025896	0.0365159741059	-0.989799508014
-0.989117175732	0.0631636419993	-0.132874772852
0.0552764126759	0.996529603833	0.0622355496259
0.13634467035	0.0542134647937	-0.989176005222
-0.985001048727	0.0690973717054	-0.158075185894
0.0565435233792	0.994978652615	0.0825850088107
0.162987855793	0.0724086109506	-0.98396200877
-0.985728908614	0.0606044960494	-0.157049864489
0.0488948990877	0.995801798795	0.0773825842328
0.161080271047	0.0685993480868	-0.98455386975
-0.984480093663	0.074997053375	-0.15867510516
0.0683313392899	0.996552004642	0.0470631068395
0.161657585913	0.0354901386247	-0.986210261443
-0.983618070352	0.0712911581704	-0.165569665555
0.0624981878409	0.996374043726	0.0577299052944
0.169084948774	0.0464363673797	-0.984507082607
-0.985648627057	0.06992931937	-0.153642592613
0.054689182836	0.993354093121	0.101275549161
0.15970362943	0.0914195486184	-0.982922473917
-0.987635858164	0.0733261670293	-0.138552399655
0.0647949393214	0.995771692373	0.0651179578062
0.142741409758	0.0553353939112	-0.988210992713
-0.882761844634	-0.221036895251	-0.414575463286
-0.469168021417	0.368294987383	0.802645438288
-0.0247283541916	0.903050952528	-0.42881980107
-0.88537505726	-0.236621895656	-0.400149683683
-0.463130706772	0.374447233921	0.803304911252
-0.0402447425113	0.896548331376	-0.441112733259
-0.880374576476	-0.238261108484	-0.410085200888
-0.472375889506	0.363168718839	0.803099430673
-0.0424175295952	0.900743759744	-0.432272624271
-0.886618153568	-0.224193146055	-0.404526786154
-0.461400901501	0.368552992377	0.807017125386
-0.0318385858288	0.902166761655	-0.430207608585
-0.895281507195	-0.221507638036	-0.386529355801
-0.44434668058	0.381590677578	0.810521089565
-0.0320406626231	0.897397779953	-0.440057134237
-0.888568181342	-0.221072547468	-0.401965104903
-0.458503686222	0.399429464605	0.793871050724
-0.0149461207191	0.889709955105	-0.456283555274
-0.894985839272	-0.208352238224	-0.394444696834
-0.445246756361	0.36284624048	0.818594465119
-0.0274335558025	0.908257076603	-0.417509501405
-0.89406392705	-0.22028252577	-0.390033150748
-0.44652921056	0.369234905744	0.815032167149
-0.0355234283064	0.902851803017	-0.428482352935
0.886503113257	0.0159363218723	-0.462448121011
-0.4562972213	0.19607930331	-0.867954928716
0.0768444976217	0.980458538692	0.181096611873
0.888927549554	0.0251519900469	-0.457356743841
-0.453538541058	0.188092708148	-0.8711624075
0.0641140040473	0.981829173463	0.178608186055
0.888693449519	0.0417208736067	-0.456599737669
-0.455366344261	0.196577801337	-0.868330958199
0.0535298444677	0.979600188423	0.193695686574
0.888812004098	0.0365139013449	-0.456815009639
-0.454494998761	0.197950961179	-0.868475497015
0.0587155356258	0.979531585924	0.192536577658
0.894118907973	0.0360129041538	-0.446379264
-0.443638360693	0.207280709963	-0.871905785418
0.0611259479796	0.977618414545	0.201310308653
0.895929587121	0.0341842052424	-0.442878783595
-0.441636801801	0.175425161742	-0.879876674988
0.047614201057	0.98389911475	0.172265594871
0.888974387586	0.0364446311988	-0.456504468687
-0.454557455351	0.191453258545	-0.869898379346
0.0556961476132	0.980824887256	0.186763220717
0.898798329672	0.0358297678225	-0.436895625024
-0.434580418975	0.203465527399	-0.877349197187
0.0574579748226	0.978426278315	0.198445393182
0.200474642338	0.680903235707	0.704400948171
-0.369397451845	0.718465269856	-0.589366758997
-0.907389351244	-0.142050827676	0.395557989899
0.200994898397	0.676523269283	0.708461224534
-0.376894770992	0.720955494423	-0.581526872185
-0.904185474418	-0.150131401089	0.399886462069
0.197106591251	0.683389197294	0.702942508893
-0.375515688952	0.714953501953	-0.589770674247
-0.905614119335	-0.147718265194	0.397545420747
0.199290084771	0.671502098038	0.713700491124
-0.359745517776	0.727591345473	-0.584118134689
-0.911518853969	-0.140341601681	0.386571611844
0.200197225062	0.676128730597	0.709063479157
-0.358708515344	0.72404703055	-0.589138439499
-0.911728730945	-0.136403224074	0.387485337514
0.198136053897	0.688958268321	0.697193383558
-0.357272405469	0.713124001279	-0.60316713192
-0.912742317335	-0.129578799386	0.387441351735
0.201083383219	0.669460771166	0.71511379497
-0.379645916142	0.72622954631	-0.57311396886
-0.903014087511	-0.156246340166	0.400190744651
0.19652185611	0.675774809677	0.71042772785
-0.359351488989	0.723782027902	-0.589072219637
-0.912274989931	-0.139527700451	0.385079674565
-0.451012532162	0.798365513306	0.39900434732
0.862336496334	0.274509315096	0.425467432433
0.230147190089	0.535965741569	-0.812267396294
-0.453023381341	0.79329339465	0.406763243779
0.856546320523	0.260805750833	0.445319250107
0.24718241702	0.550151273489	-0.797643767743
-0.45377983078	0.800455674383	0.391610987327
0.853559180949	0.264192514939	0.449044943452
0.255978859804	0.53802913487	-0.80312213421
-0.452708137717	0.796149899069	0.40148893656
0.857632388178	0.265605437908	0.440359785381
0.243956378715	0.543686851087	-0.803044715624
-0.428282593471	0.803252355647	0.413952172956
0.871030585361	0.245007872128	0.425764174741
0.240575284919	0.542913497966	-0.804589542698
-0.447635142593	0.796303563073	0.406855750965
0.856050186112	0.250085041859	0.452371298899
0.258474458146	0.550783395399	-0.793623809008
-0.443655856005	0.801435657523	0.401083594696
0.862540312789	0.260352741524	0.433865729235
0.243292769925	0.538438621424	-0.806777278795
-0.457381860058	0.788458845573	0.411259260809
0.861503562885	0.278205549631	0.424750671645
0.22048388127	0.548574672004	-0.806506237636
-0.835609676723	0.530400171695	0.142940736617
-0.501934394422	-0.842949732811	0.193642814261
0.223200044836	0.0900629429042	0.970603114125
-0.83318980299	0.530505471864	0.156074286828
-0.496650970539	-0.841996791153	0.210664913975
0.243172885308	0.0980093711845	0.965018714997
-0.839770056955	0.526368149952	0.133129449224
-0.497935792967	-0.844394386006	0.197632731689
0.216441275214	0.09967608173	0.971194039803
-0.83984346912	0.52827775184	0.124840458449
-0.495521160923	-0.840001533992	0.221033431204
0.221633260664	0.123772434505	0.967243027719
-0.83170372633	0.536883758128	0.141508423166
-0.512170208871	-0.840280570248	0.177792384149
0.214360632376	0.0753941972267	0.9738404555
-0.842207450461	0.518566546355	0.14756674544
-0.483330669488	-0.847459121013	0.21955660048
0.238911429802	0.113588616876	0.964374909654
-0.835082083419	0.53788818689	0.115388995297
-0.507478815597	-0.83418251244	0.215882364584
0.212376019247	0.121721986605	0.969577326049
-0.851385556394	0.510354770928	0.121162832416
-0.482074455709	-0.852344983284	0.202761037476
0.206752613819	0.114218330212	0.971703414891
-0.0224522577894	0.584693926104	-0.810943235935
0.50693114353	0.70579561859	0.49484681177
0.861694107471	-0.399981954814	-0.3122462658
0.0004722339006	0.585790920264	-0.81046206968
0.50627802611	0.698778433951	0.505362501586
0.862370180915	-0.410557785784	-0.29624308394
-0.0111842349531	0.592526491536	-0.805473325057
0.51834141816	0.692282364629	0.502063048008
0.855100634294	-0.411894994852	-0.314873670555
-0.000857312511861	0.589225646959	-0.807968058035
0.5169297428	0.691904440296	0.504035594581
0.85602738674	-0.417230603577	-0.305181440431
0.00128756313227	0.584969418088	-0.811054353879
0.501895682851	0.70112609277	0.50648093587
0.864927227332	-0.407716807069	-0.292690881535
-0.00102090416468	0.589804910504	-0.807545136163
0.494628541552	0.702139168574	0.512194494578
0.869103897861	-0.398911972669	-0.292451159554
-0.019540600432	0.586972836728	-0.80937075905
0.517988983864	0.698352689447	0.493954375801
0.855164048155	-0.409592970791	-0.317691694069
-0.00819909268458	0.581551323748	-0.813468401068
0.498275051928	0.707684477023	0.500903838658
0.866980250246	-0.401224053121	-0.295574886674
0.739126799592	-0.672113045263	0.0442225065135
0.664321199846	0.716568521204	-0.212619142038
0.111215642472	0.186530454653	0.976133940861
0.736869574419	-0.675376069177	0.0298395493564
0.663780141246	0.714440643184	-0.221292781078
0.128137260818	0.182870817937	0.974750792073
0.735613829405	-0.675509274638	0.0505916528019
0.668499111498	0.711851301971	-0.215352416769
0.109458820483	0.192236690983	0.975225010649
0.726133598852	-0.685384021978	0.0545778201587
0.678360236903	0.701226065271	-0.219338536829
0.112059738643	0.196292504102	0.974121074484
0.741498242201	-0.670205410277	0.0317026330644
0.65874737903	0.718222045831	-0.224073592566
0.127405806493	0.187034200884	0.97405644979
0.72506938482	-0.688142835339	0.0270893656693
0.675802410404	0.703394932404	-0.220287721366
0.13253489221	0.178030941873	0.975058709433
0.73185609599	-0.680008661152	0.0444396064353
0.669647563099	0.705551094234	-0.231883156064
0.126328140564	0.199463975665	0.971728009085
0.71726513399	-0.695929054665	0.0348350791951
0.686523075653	0.697247731801	-0.206232082147
0.119234216841	0.171838168006	0.977882838528
-0.220394710671	-0.91894248876	0.327064229883
-0.957634903521	0.267574436137	0.106486593858
-0.185369090401	-0.289739029929	-0.938983392775
-0.206211836995	-0.9229610031	0.324991610201
-0.960115975653	0.254941279192	0.114813694146
-0.18882233247	-0.288353702637	-0.938721512873
-0.214358072511	-0.925281583302	0.312897839116
-0.963273285859	0.253299710415	0.0891297356118
-0.161727062894	-0.282300415553	-0.945595871645
-0.200537236604	-0.92168862231	0.332077137289
-0.966798847988	0.240982378883	0.0850157984792
-0.158382856193	-0.30400293085	-0.939413441309
-0.19748498326	-0.923981600055	0.327503228134
-0.96308111454	0.245219447886	0.111097335644
-0.182962095791	-0.293472066694	-0.938296391724
-0.207089623424	-0.921511308718	0.328528712469
-0.958876864481	0.257806495285	0.118706217105
-0.194085975212	-0.290435733204	-0.937004925935
-0.198340371047	-0.923612743126	0.328024725217
-0.968609660374	0.23587434364	0.0784753405115
-0.149853413205	-0.302163124774	-0.941403626957
-0.209775645815	-0.921251115608	0.327552394902
-0.964458880234	0.250015875889	0.0855051867206
-0.160665048326	-0.297973909275	-0.940956061288
0.107360542236	0.926477083724	0.360719682424
0.85890878157	-0.269171339593	0.435694004504
0.500753612964	0.263047094552	-0.824658583413
0.107170281705	0.920412397219	0.375979891478
0.869103407694	-0.270394670261	0.414190260185
0.482886245906	0.282374439252	-0.828912821593
0.0935503986497	0.926038802078	0.365644040944
0.872797251156	-0.252975372689	0.417398673327
0.479028585793	0.280087184937	-0.831909183507
0.100881145528	0.920596740445	0.377254342264
0.868114016255	-0.266679431956	0.418634429844
0.486001288122	0.285268947752	-0.826085142937
0.111437324595	0.923040761244	0.368213028496
0.860968245757	-0.274720575358	0.42809707247
0.496305108851	0.269312414753	-0.825323549609
0.0975103096946	0.919705064391	0.380314016231
0.876157314871	-0.260588445001	0.405522121981
0.472064101585	0.293670608595	-0.83121719175
0.115020277057	0.925754894968	0.360202938451
0.870283713099	-0.268734069637	0.412777560749
0.478930622472	0.266001748838	-0.836578906628
0.107488834388	0.925562284174	0.363010872547
0.87405516881	-0.261969544195	0.40913844471
0.473782647793	0.273315135289	-0.837150639058
0.925996142327	-0.00549792807363	-0.377493277895
-0.0474668073636	-0.993658381031	-0.101965022059
-0.374537453758	0.112337599723	-0.920385053121
0.926095004165	0.00535693751936	-0.377252235553
-0.0425953200431	-0.99202060382	-0.118651333952
-0.374878093145	0.125951592124	-0.918477047747
0.925471727263	-0.00325869406086	-0.378803145286
-0.0495055106979	-0.992432543962	-0.112412065206
-0.375568431016	0.122787006261	-0.918629942143
0.92354024705	-0.0017629269123	-0.383497220965
-0.0501083221598	-0.991969036681	-0.116110933529
-0.380213601084	0.126449535085	-0.916211481684
0.92959210779	0.00738400351676	-0.368515678822
-0.0386870825621	-0.992319662501	-0.117472498638
-0.366553732334	0.123458311933	-0.922166677357
0.929084084872	-0.0151834463632	-0.369557076535
-0.0540102193064	-0.994019216842	-0.0949447345094
-0.365904176078	0.108171481256	-0.924347700503
0.920718008569	0.00843284258256	-0.390137169712
-0.0427185010387	-0.991576992511	-0.122247919488
-0.387883041256	0.129221945954	-0.912602331258
0.924413438124	-0.00125466481267	-0.381390669349
-0.0494447765727	-0.991957848549	-0.116581377801
-0.378174074892	0.126627127412	-0.917041820551
0.809637414734	0.151107264276	0.567145349318
-0.572177516703	-0.0120840064513	0.820040757774
0.130767511064	-0.988443498493	0.0766765184868
0.815032971434	0.132150912844	0.564143054065
-0.56745774094	-0.0147238349916	0.823270846434
0.117102354642	-0.991120230131	0.0629896519267
0.809332845755	0.13486322678	0.571657459621
-0.573681295744	-0.0272438759178	0.818625385742
0.125976632719	-0.990489606877	0.0553191497153
0.809683192628	0.133722355131	0.571429310143
-0.574620241757	-0.0172384580541	0.818238594934
0.11926735729	-0.9908688875	0.0628818842861
0.81680167261	0.149315652834	0.557261042809
-0.562109189643	-0.0114783520281	0.826983398651
0.129877992486	-0.98872297361	0.0745561587833
0.828150117544	0.129189355979	0.545414972573
-0.551468388428	0.0137599357727	0.834082295765
0.100249681145	-0.991524467598	0.0826391389357
0.808597366662	0.13750387064	0.572069043575
-0.574351570692	-0.0264504125982	0.818181326723
0.127634549795	-0.990148017073	0.0575878254779
0.833467588204	0.128477617091	0.537424666617
-0.541114390903	-0.00722868822508	0.840917895754
0.111924020383	-0.991686035673	0.0634962166097
0.208357840626	-0.671212663133	-0.711379339274
0.976903090995	0.107568285445	0.184633169173
-0.0474062685933	-0.733418446184	0.678122426815
0.197387759406	-0.680157067243	-0.705991806043
0.978969452914	0.0988940590962	0.178434213284
-0.0515448987013	-0.726365143773	0.685373474051
0.220951904704	-0.660532528659	-0.717549316663
0.974211042623	0.114966697345	0.194153260802
-0.0457502753327	-0.74194300511	0.668900204921
0.211455163388	-0.676235544881	-0.705685632043
0.975925457279	0.106603142219	0.190276858104
-0.0534436644241	-0.728931594002	0.682497259955
0.190410615408	-0.66587238938	-0.721358290877
0.981257801946	0.106927837377	0.160310921425
-0.0296133225816	-0.738363343125	0.673752651064
0.194956545189	-0.664506141992	-0.72140383333
0.978227193503	0.078374372621	0.192169111786
-0.0711580029137	-0.74316148776	0.665317611574
0.180685613882	-0.663163122294	-0.726338345222
0.982526901605	0.0881782425722	0.16390697305
-0.0446498167143	-0.743262592508	0.667508139524
0.223576251922	-0.669809774801	-0.708073791752
0.973703725889	0.12087442816	0.193107203822
-0.0437570928428	-0.732628284712	0.679220951258
-0.497865297745	0.357900453435	-0.789960408066
-0.845385359897	0.0029846415949	0.534148583139
0.193529775883	0.933754989828	0.301077832827
-0.489827850095	0.342557695991	-0.801700030622
-0.848990234249	0.0216340396922	0.527965505233
0.198202664795	0.939247686973	0.280231161753
-0.498087777818	0.371468364865	-0.783530346797
-0.845497787326	-0.00749636711265	0.533926292595
0.192463092758	0.928415342507	0.317809538607
-0.496918361577	0.368393336909	-0.785721642523
-0.842348987681	0.012896426818	0.538778127422
0.208615275473	0.929580570449	0.303907278184
-0.501914952323	0.349461276219	-0.791175193315
-0.837818693235	0.0307388478825	0.545082520077
0.214805045004	0.936446438859	0.277356908545
-0.497644277382	0.357201112678	-0.790416000183
-0.841352300474	0.0227768930517	0.540006911254
0.210894273822	0.933749711013	0.289197237428
-0.515920756996	0.370849002823	-0.772202492592
-0.834758947865	-0.0152227611006	0.550405032232
0.192362084153	0.928568369939	0.31742332284
-0.496353040229	0.369159847915	-0.78571922386
-0.839280515492	0.0272954368713	0.543013072249
0.221905178782	0.928965008494	0.296280475151
-0.295831247336	0.873175494591	0.387360820174
-0.173485822757	-0.447879290046	0.877101353508
0.939354309439	0.192272386652	0.283980276694
-0.302285704825	0.865894311132	0.398560463581
-0.187591261206	-0.463984016646	0.865753085795
0.934576331768	0.186938302103	0.302689902851
-0.276568293934	0.871109443643	0.405805858282
-0.170415875575	-0.460041754277	0.871389754132
0.945763441233	0.17184298487	0.275683779705
-0.285391233791	0.866659698014	0.409209890951
-0.17908017623	-0.467667973103	0.86557314531
0.941531761278	0.173745639483	0.288669972186
-0.279217370926	0.870085648261	0.40618803412
-0.167545312084	-0.4606687187	0.871615171981
0.945497923198	0.175315157128	0.274405405502
-0.284210099956	0.870361339607	0.402114083166
-0.170911598644	-0.458684672876	0.872007781873
0.943405439253	0.179107466946	0.279117681776
-0.278719524712	0.871426653537	0.403647260764
-0.158374864188	-0.456254921654	0.875642026978
0.947223799326	0.1801309094	0.265179156895
-0.286383033386	0.871599019349	0.397869186641
-0.176887332618	-0.456221789738	0.872108095235
0.941645162345	0.179378949946	0.284829019856
0.166153255137	0.756133084512	-0.632977749746
0.642413382745	-0.569999391772	-0.512264688046
-0.748133088987	-0.321516443522	-0.580459724457
0.171576380867	0.75337254581	-0.634816063577
0.648165519805	-0.571591080197	-0.503155295318
-0.741918517285	-0.325136278337	-0.586381676821
0.155179098225	0.748216519835	-0.645048889034
0.633179972651	-0.576530380992	-0.516419852697
-0.758286985271	-0.328296179496	-0.563219444424
0.169084658272	0.74707535625	-0.642876016104
0.635154701476	-0.581357419313	-0.508530769786
-0.753650890791	-0.322340581855	-0.572807440309
0.148127549191	0.760765056526	-0.631899166183
0.629104237472	-0.565491118795	-0.533339439451
-0.76307790287	-0.318527279913	-0.562366236737
0.168106544534	0.760510642183	-0.627186857087
0.638845998895	-0.568599056063	-0.518237542628
-0.7507433518	-0.313556891201	-0.581434206939
0.144860703282	0.757737911416	-0.636278733607
0.624407387449	-0.568852923252	-0.535280694453
-0.767549857493	-0.319755007712	-0.55554259597
0.159084747527	0.743069280782	-0.650030809282
0.631368209519	-0.582749893893	-0.511641164385
-0.758990245698	-0.329014499746	-0.561856923651
-0.213067548013	0.445226685944	-0.869698469924
-0.915740443525	-0.401325806045	0.0188957562241
-0.340619539308	0.800444131488	0.493221579199
-0.203994327027	0.460755160871	-0.863765619267
-0.913818069872	-0.406123032149	-0.000821507571619
-0.351173601616	0.789157032174	0.503893143621
-0.209413987547	0.423168110854	-0.881518296997
-0.912187409395	-0.409273553242	0.0202301997852
-0.352221362392	0.808346386642	0.47171625016
-0.201961418495	0.432038986435	-0.878950407141
-0.913729971895	-0.406191435465	0.0102937337656
-0.352574874991	0.805202295509	0.476802040042
-0.197173687633	0.442948967867	-0.874596374887
-0.920633106775	-0.390303952658	0.00987870277011
-0.336982625383	0.807130174088	0.484751093322
-0.198547228349	0.444629768379	-0.873431904984
-0.914957155936	-0.403542769899	0.00255897874927
-0.351329370213	0.799660874773	0.486939551766
-0.200534185256	0.416972945697	-0.886521086622
-0.914881248706	-0.403355165364	0.0172322661546
-0.350397453237	0.814517165434	0.462367199497
-0.212502224644	0.422600694272	-0.881051367176
-0.911645285513	-0.410330327929	0.0230642158739
-0.351775115383	0.808107503896	0.472457991558
0.936785741678	0.171504397415	0.30498970001
0.0282786698123	0.831679249625	-0.554535793183
-0.348758931468	0.528105927589	0.774255346414
0.938323495203	0.198445559467	0.283140212578
-0.00609877799905	0.828267490039	-0.560299718532
-0.345704823452	0.524015581456	0.778393121465
0.947518505007	0.169590248206	0.271012602425
0.00849526137243	0.834051280682	-0.551621512133
-0.319588037157	0.524973913473	0.788838309066
0.945882120229	0.185878095615	0.266000655553
-0.00745129359164	0.831922772974	-0.554841400536
-0.324424865582	0.522832511513	0.788285908577
0.943400577638	0.174413752505	0.282090752014
0.0108190595594	0.833916689243	-0.551784288798
-0.331478954664	0.523605573262	0.784830493603
0.940012588589	0.191621963254	0.282236345387
-0.00467503225148	0.834491813729	-0.551000500755
-0.341107718371	0.516627942486	0.785328649004
0.948145897883	0.185997129915	0.257729364467
-0.0129416701074	0.832809512148	-0.553408378956
-0.317571835684	0.521376436356	0.792032036016
0.945290425443	0.189578260578	0.265492172253
-0.0111707138797	0.832151687853	-0.554435550819
-0.326038687218	0.521136880269	0.78874274767
-0.0701382782228	-0.836261988172	-0.543825821719
-0.0376249780148	0.546998250081	-0.836287798497
0.996827466646	-0.0381943454473	-0.0698298576121
-0.0920332748214	-0.863482915427	-0.495910343565
-0.0323117828024	0.500351476382	-0.865219232506
0.995231512152	-0.0636052385633	-0.0739496425966
-0.0797300698757	-0.840785553588	-0.535464948667
-0.0258933677357	0.538740707233	-0.842073606804
0.996480101096	-0.0532736205612	-0.0647245910583
-0.0697428021417	-0.858491835487	-0.508062697004
-0.0190568224757	0.510356486925	-0.859751761316
0.997382962157	-0.050279438852	-0.0519538166039
-0.0608251087088	-0.841443212452	-0.536911184694
-0.0222546008699	0.538916680094	-0.842065046179
0.997900312041	-0.039269956398	-0.0515056471426
-0.0627912580872	-0.85796425054	-0.509857361509
-0.0070324030715	0.511233168948	-0.859413264046
0.998001868533	-0.0503781491018	-0.0381345065024
-0.0810669496597	-0.843999259044	-0.530182415228
-0.0243361609623	0.533450714578	-0.845480977533
0.996411508341	-0.0556379621603	-0.0637849224809
-0.0881068924008	-0.849104888121	-0.520824425772
-0.0241220419649	0.524523203038	-0.851054372195
0.995818919584	-0.0624203997882	-0.0666962572653
0.929165763405	-0.114057548454	0.351627447048
-0.0864292235279	0.857816329338	0.50663708705
-0.359417549929	-0.501140723046	0.787195659158
0.928238915896	-0.0934801431537	0.360047190046
-0.116246144676	0.84653637445	0.51948340028
-0.353354425573	-0.524058806008	0.77492130024
0.914003369772	-0.125980932359	0.38565093545
-0.0934426301161	0.85964066893	0.502281190206
-0.39479908081	-0.495122938107	0.773942478532
0.918427548007	-0.122270191718	0.37621913581
-0.0909243176472	0.860326538814	0.501568552782
-0.384998190116	-0.494861844252	0.77903025978
0.915507771918	-0.116696462233	0.385003187699
-0.107595563133	0.851116917136	0.513831866359
-0.3876450872	-0.51184170189	0.766648130879
0.918531940638	-0.101131301193	0.382193061265
-0.121089193789	0.848300978528	0.515483133523
-0.376346227971	-0.519767172606	0.766945636323
0.924044734025	-0.102330293533	0.368333872415
-0.103674840209	0.860318000821	0.499103663431
-0.367957685136	-0.49938106729	0.784363241415
0.930212354808	-0.0884215999093	0.356211449344
-0.11460272406	0.852041937153	0.51077466178
-0.348670606177	-0.515951703309	0.782446580538
-0.957470350362	-0.273457892596	-0.0920400007856
0.263119600357	-0.958427024846	0.110389159654
-0.118400408257	0.0814768165693	0.989617538226
-0.958876842172	-0.264636273692	-0.102562623092
0.256325905015	-0.962630678622	0.0873810463768
-0.121854336926	0.0574983434003	0.990881145047
-0.964892068051	-0.250084068684	-0.0802783261911
0.243430677744	-0.966256609954	0.0842200999554
-0.0986314158813	0.0617209745045	0.993208123558
-0.957790916625	-0.268524672545	-0.102618562371
0.259851757728	-0.96140658349	0.0904099187032
-0.122935483546	0.0599282039479	0.990603591201
-0.9622738413	-0.262734872765	-0.0707305955514
0.254146980577	-0.960754391386	0.111192109643
-0.0971686306223	0.0890211189371	0.991278725996
-0.964275388663	-0.249086376177	-0.0901579219846
0.239994470132	-0.965534785498	0.100721054668
-0.112138878181	0.0754854538989	0.990821283536
-0.958712608128	-0.262774073089	-0.10872228126
0.251111991202	-0.961685362899	0.110021109362
-0.133467283649	0.0781771267253	0.987964991697
-0.958131312782	-0.262099766754	-0.115274662089
0.251469141222	-0.96279314829	0.0989584405489
-0.136922629487	0.065827154047	0.988392118646
0.216448842632	-0.145161649232	0.96544204858
0.251224214192	-0.947302785602	-0.198757915501
0.943417536289	0.285563321109	-0.168574824265
0.202626553966	-0.138521014214	0.969409396434
0.252938257098	-0.948948358621	-0.188466616187
0.946025838638	0.283389054026	-0.157245040935
0.193783750327	-0.160589373008	0.967811631539
0.23161965023	-0.951134150297	-0.204199013917
0.953310357906	0.263734625967	-0.147119130453
0.204621436985	-0.139846837601	0.968799796112
0.241508135119	-0.951930477871	-0.188420989255
0.948579993256	0.272527999541	-0.161011348424
0.205195869005	-0.149524237555	0.967231381609
0.255418364364	-0.945832326033	-0.200402523684
0.944804478361	0.28817046125	-0.155889039599
0.204527422111	-0.161555704284	0.965436665783
0.254910487127	-0.943464892664	-0.211881636309
0.945086686382	0.289435551835	-0.151781867483
0.212206591511	-0.144673311514	0.966456672278
0.240656084019	-0.950786518113	-0.195168886039
0.947129091349	0.273999776986	-0.166947156323
0.201072362724	-0.157267477754	0.966869451367
0.236012477037	-0.950174056222	-0.203633539268
0.950719572865	0.269138343743	-0.153936346619
-0.346549077264	-0.240007636017	0.906807539102
0.839525538616	-0.510602146524	0.185693672238
0.418450054761	0.825640118061	0.37844137439
-0.335368987674	-0.238715544383	0.911341051866
0.841932311614	-0.509989301747	0.176240955033
0.422702740242	0.82639323596	0.372016941029
-0.335635298635	-0.237097708307	0.911665356466
0.84317030219	-0.507141567216	0.178525584142
0.42001534135	0.828608604471	0.370128275584
-0.325907698887	-0.24439877937	0.913265292646
0.850345694326	-0.497939806345	0.170200607815
0.413154278996	0.832060865202	0.370105794803
-0.332275666413	-0.248851538592	0.909761391953
0.848204254216	-0.500675155109	0.172840761542
0.412483238057	0.829094263314	0.377439106979
-0.334802395744	-0.239060257985	0.911458961453
0.843935663388	-0.506333716913	0.177196609852
0.419141791549	0.828538614389	0.371273310409
-0.332347339886	-0.254210796426	0.908252222715
0.846417013337	-0.505221291451	0.168314192697
0.41608108419	0.824698914095	0.383077309157
-0.330646793795	-0.245119002515	0.911366860811
0.846625480002	-0.503739627585	0.171673791223
0.417011003438	0.828349726014	0.374083734379
0.634400237445	0.486545675588	-0.600674200814
0.183248677444	-0.849572873947	-0.494616115208
-0.750970114033	0.20371176887	-0.628127965084
0.620815362904	0.507419299237	-0.597589965743
0.190818469875	-0.837154339329	-0.51260129393
-0.760379131716	0.204199485174	-0.616543112584
0.637009091205	0.488353787498	-0.596431186322
0.181857703761	-0.847092299921	-0.499362839839
-0.749097695473	0.209633128264	-0.628416526003
0.639188768198	0.485799143344	-0.596185099949
0.186282033354	-0.849938714873	-0.492850856883
-0.746147763599	0.203966064351	-0.633766742503
0.636547105165	0.494350702764	-0.591967278695
0.186709673406	-0.843499948559	-0.503634598397
-0.748296314454	0.210061166145	-0.629227583006
0.641635815675	0.498353030414	-0.583050265673
0.19092096004	-0.840005696783	-0.507876929493
-0.742867782477	0.214555460362	-0.634123681168
0.632143013044	0.49661245238	-0.594786885033
0.190298043601	-0.84360603097	-0.502111838109
-0.751120510349	0.204219772571	-0.627784159647
0.630481034225	0.499129478543	-0.594443642386
0.180850838034	-0.839217376592	-0.51284134741
-0.754842006453	0.215831037806	-0.619378476358
-0.349959376713	0.104580768282	0.930908852296
0.809581392342	0.533715074996	0.244389414107
-0.471281654162	0.83917285434	-0.27144523772
-0.344835677044	0.0957954756461	0.933762081152
0.809534319445	0.533878839112	0.244187602426
-0.475123755449	0.840117031361	-0.261650204606
-0.324095820221	0.0901354437982	0.94172047547
0.819043736747	0.524892034305	0.231636984727
-0.473422865356	0.84638285496	-0.243940175198
-0.327452304848	0.096523515932	0.93992458126
0.812207087926	0.537051027612	0.227806599719
-0.482798771649	0.838009195311	-0.254255684549
-0.32935690277	0.0764651090751	0.941104237384
0.808566035415	0.537548230089	0.23929665759
-0.487591083699	0.839758900551	-0.238872324372
-0.313626430106	0.0768101311314	0.946434692967
0.806429492592	0.547760707083	0.222777171537
-0.501308186423	0.833101673528	-0.233734182484
-0.333133848903	0.0889331272822	0.938676072561
0.802753942369	0.548953848829	0.232885788667
-0.494578586615	0.831108044374	-0.254266533346
-0.319415562427	0.0965061224813	0.94268781546
0.814372722041	0.536614202639	0.221002906989
-0.484531545607	0.838290989827	-0.24999489122
0.752561051998	-0.264351732321	-0.603133510706
0.510616444759	-0.344111179971	0.787945671182
-0.415839772579	-0.900947110552	-0.123982336589
0.765289836254	-0.264561613104	-0.5868037354
0.492436240413	-0.346457050216	0.79841974374
-0.414533497	-0.8999859393	-0.134860337375
0.757810149601	-0.284570473544	-0.587148550965
0.495873731264	-0.333679024703	0.801727847175
-0.424067232825	-0.89870904295	-0.111754327334
0.756321386363	-0.3009733304	-0.580855413941
0.491498167851	-0.32455634038	0.80814152012
-0.431749358443	-0.896704087161	-0.0975410579354
0.773463374133	-0.245572841198	-0.584335848814
0.489010998576	-0.355338111647	0.796619761096
-0.403264984614	-0.901902866257	-0.154753190412
0.768506282067	-0.25075158126	-0.588660976581
0.497334364584	-0.344736540406	0.796125169096
-0.402562579803	-0.904588524999	-0.140224824681
0.764459829178	-0.279140832632	-0.58110375028
0.491283771784	-0.331398728734	0.805490631682
-0.417422362378	-0.901252072232	-0.116203657753
0.751830521003	-0.285808886057	-0.594192011995
0.506010000938	-0.327668844822	0.797864023851
-0.422734840555	-0.90052562554	-0.101729282451
-0.993169011401	-0.0708850050765	0.0926856189672
-0.0704028705555	-0.269417249623	-0.960446654967
0.0930523708757	-0.960411191769	0.262586359987
-0.991094022309	-0.0784555445804	0.107597824093
-0.081803544928	-0.278868368958	-0.956838839534
0.10507494593	-0.957119173524	0.269966879477
-0.993974044352	-0.0612608084006	0.0908993933401
-0.0699814335925	-0.283617987436	-0.956380378258
0.0843693386712	-0.956978548515	0.277621807028
-0.993227696806	-0.0807045238771	0.0860360940093
-0.0593964929439	-0.288204120167	-0.955865964882
0.101919018208	-0.954303131096	0.28119088867
-0.989581725836	-0.0831642811727	0.117523355879
-0.0908326720428	-0.272689907906	-0.95780460342
0.111702562771	-0.958500878967	0.26229489744
-0.991511230576	-0.0746163237666	0.106479576706
-0.0821208614682	-0.27553991251	-0.957775511913
0.10080506009	-0.958389363117	0.267073350513
-0.992679577293	-0.0668314528202	0.107219234388
-0.0841549542283	-0.28390322279	-0.955616516637
0.0942356142216	-0.956984085606	0.275320197732
-0.990718398692	-0.089071726918	0.102680381898
-0.0731404037473	-0.287403681118	-0.955012875177
0.11457536691	-0.953658921145	0.278221386233
0.743504243236	0.610717020922	0.272444803771
0.255301050835	-0.635770326364	0.72843498834
