-0.161508002308	-0.859849102349	0.484329168515
0.707268171458	0.241416344991	0.664447077879
-0.688249196096	0.4498640982	0.569153194143
-0.156116182541	-0.849675542748	0.503665735723
0.708568387592	0.258920790616	0.656422760916
-0.688155899046	0.459359851313	0.561631526768
-0.143225307874	-0.860175382988	0.489474027227
0.704612720116	0.258677130043	0.660762482372
-0.694987357784	0.439527534929	0.569041403748
-0.1397397704	-0.857146686926	0.495754297023
0.709301763162	0.262695503696	0.654126945852
-0.690915171856	0.443046960949	0.571266666423
-0.150747002863	-0.860384706467	0.486840343363
0.70873945573	0.249259270892	0.659968343231
-0.689176136368	0.444531199189	0.572213486521
-0.157488950738	-0.854562330233	0.494894439796
0.710810613645	0.249794643123	0.65753398525
-0.6855257503	0.455330532663	0.568092044701
-0.149780846589	-0.858530536689	0.49039878002
0.702529295884	0.256594679524	0.663785903107
-0.695714190093	0.443941949259	0.564709918151
-0.148650153648	-0.855155165384	0.496601230251
0.706479017546	0.259550063512	0.658423242891
-0.691946917428	0.448713062131	0.565567019869
0.791275136449	0.215259343172	-0.572317284694
0.246556117917	0.744197086305	0.62079044642
0.559547799477	-0.632324373107	0.535791143012
0.786416459391	0.198572062981	-0.584908789501
0.277625599038	0.732260120658	0.621867467598
0.551790887013	-0.651432464882	0.520732723486
0.775887554779	0.224399891177	-0.589612744236
0.253114965239	0.745351218916	0.616753087878
0.577867903328	-0.627770854592	0.521509764043
0.778187517801	0.223207667222	-0.587028553243
0.252328812828	0.74482901928	0.617705350332
0.575112471823	-0.628814811296	0.523294920017
0.78466660332	0.200506021279	-0.586596675199
0.261429046291	0.750962351773	0.606391294975
0.562097124774	-0.629168406944	0.536836979862
0.786896833851	0.219005346164	-0.576914239742
0.26381963478	0.725759100431	0.63535261057
0.557846378468	-0.652158261318	0.513319627814
0.778857976779	0.206961770566	-0.592070164023
0.265675772937	0.746251293298	0.610348582987
0.568151949109	-0.632673560854	0.526239044099
0.78012138317	0.222362034914	-0.584778375188
0.254235052463	0.741375340737	0.621069349208
0.571642511328	-0.633180640778	0.521830532656
0.943309352393	-0.187269135355	0.274039661447
0.0772265950447	0.926805863251	0.367514549515
-0.322805697163	-0.32551676152	0.888726796434
0.948622213183	-0.170107199891	0.266794747805
0.0644913845826	0.92943802331	0.363298530812
-0.309768878723	-0.327427093749	0.892656003502
0.950541853906	-0.178652671802	0.254073622442
0.0821581653475	0.933504602834	0.349026060242
-0.299533334755	-0.310889655214	0.902012971777
0.957779297434	-0.167486412827	0.233681661885
0.0722453832589	0.926919092779	0.368241225754
-0.278279395897	-0.335811401333	0.899884037514
0.948907492653	-0.175574670896	0.262198598011
0.0682536108646	0.925443493735	0.372687246547
-0.308084427492	-0.335749719396	0.890143870579
0.952325931467	-0.17751486601	0.248120520997
0.0763932466352	0.926132629659	0.36938113741
-0.295363153529	-0.332816503724	0.895541056081
0.949830885539	-0.184079084792	0.252856044479
0.0822945644471	0.927060731508	0.365767691966
-0.301743091636	-0.32660877264	0.895699623699
0.95168581241	-0.182632816651	0.246859003334
0.0791932589622	0.92268855367	0.377325136613
-0.296685929866	-0.339545409728	0.892572893973
-0.611224642136	0.728425806951	-0.30951736328
0.371368920993	-0.0813899998763	-0.924911495245
-0.698920795887	-0.680273469485	-0.220767460146
-0.616695264845	0.732276137924	-0.288891497388
0.365155037498	-0.0590108242419	-0.92907444135
-0.697386863961	-0.678446148789	-0.231002485813
-0.586685896921	0.752868406147	-0.298310734468
0.367087058395	-0.0811074052446	-0.926643945969
-0.721836008268	-0.653154709138	-0.22878389223
-0.589076796901	0.756262268637	-0.284703827076
0.375154372071	-0.0561065802188	-0.925262929408
-0.715715086632	-0.651858629195	-0.250664170247
-0.61440180837	0.73292530354	-0.292113411444
0.351072289309	-0.0776055981767	-0.933126556341
-0.706581908482	-0.6758679027	-0.209628435753
-0.625582329287	0.723308471057	-0.292356747245
0.362523731801	-0.0623126656182	-0.92988936941
-0.690814125394	-0.687708187503	-0.223235172309
-0.60853504916	0.734521215532	-0.300273015828
0.357867425058	-0.0837049518811	-0.930013185931
-0.708248689504	-0.673403448058	-0.211923913908
-0.605813885319	0.738826321729	-0.295169820499
0.377402590879	-0.0597389865763	-0.924120420318
-0.700397630643	-0.671242827278	-0.242644269442
0.585516450484	-0.696332262664	0.415080563818
0.54054309258	0.716942179647	0.440235257285
-0.604138775076	-0.0333960576482	0.796179030025
0.590093105105	-0.69043976219	0.41842927377
0.533173082754	0.722460110648	0.440202054743
-0.606231462552	-0.0366649691122	0.794442629377
0.574004621904	-0.696306642794	0.430901082816
0.543073478437	0.717559071747	0.436096513288
-0.612853882251	-0.016310459359	0.790027900119
0.589933972927	-0.692912233007	0.414548606195
0.538675653803	0.720190366075	0.437212051471
-0.601503490887	-0.0346190020239	0.798119712898
0.592488659614	-0.682571315273	0.427847625859
0.532349086301	0.730362942175	0.427988814224
-0.604616937987	-0.0258142277256	0.796097974828
0.585534629134	-0.693064873532	0.4204881383
0.539590234443	0.720318467475	0.435871174925
-0.604972373146	-0.0283263713188	0.795742447088
0.59162550114	-0.681980829833	0.429978388699
0.52931858957	0.730859223959	0.430890503367
-0.608112734405	-0.0273302560399	0.793380085248
0.580988513411	-0.697826750241	0.418915476954
0.525852673091	0.714678585688	0.461208724263
-0.621233705128	-0.0476691491573	0.782174109351
0.230502094816	-0.948430020125	-0.217598948172
-0.809585053237	-0.0628557860201	-0.583627638819
0.539852615902	0.310692253111	-0.782323159367
0.225311948946	-0.948566870905	-0.222385836197
-0.814193325258	-0.0579575361507	-0.577693873872
0.535092326449	0.311226403485	-0.785375341591
0.218892041784	-0.953241698981	-0.208366344022
-0.812049799205	-0.0595717782284	-0.580539681126
0.540981879187	0.296279363226	-0.787119518281
0.218249507485	-0.951679862313	-0.216038218688
-0.817329026036	-0.0572918303235	-0.573315620655
0.533235722233	0.301700144773	-0.790339486215
0.241687365033	-0.945776487597	-0.217011527416
-0.812270129927	-0.074841021466	-0.578460012946
0.530852525237	0.316078449216	-0.786314118191
0.234977507003	-0.944871462595	-0.228042930114
-0.816836632502	-0.0647916537335	-0.573219050044
0.526843026531	0.320967416888	-0.787030207371
0.237334050185	-0.948068691717	-0.211750473899
-0.798671556936	-0.0663499887822	-0.598098123644
0.552988473254	0.311068123008	-0.772942608148
0.226332638933	-0.949708656696	-0.216395554692
-0.818604723838	-0.0650605803425	-0.570660556934
0.527882444113	0.306301538565	-0.792161326448
0.947568246889	-0.200531124213	0.24880049143
-0.115840024391	-0.941187423851	-0.317407117872
0.297817905881	0.271943850727	-0.915068846653
0.945855379299	-0.209820647774	0.247654697429
-0.127292160926	-0.94163925843	-0.311625559439
0.298587104808	0.263228188644	-0.917363046803
0.94740187973	-0.193442156597	0.254970232428
-0.110550588056	-0.94542766023	-0.306505208705
0.300346890868	0.262196505572	-0.917085093612
0.948526873312	-0.19499101538	0.249550107427
-0.109140754228	-0.940970786721	-0.320408458237
0.29729622931	0.276679938312	-0.913817530632
0.950809746652	-0.190525175244	0.244255883744
-0.107687653214	-0.94260628777	-0.316061573393
0.29045507138	0.274211061828	-0.916756419178
0.944930000711	-0.211361958723	0.249866916121
-0.129023923616	-0.942237200388	-0.309101905098
0.300765989603	0.259840880165	-0.91761899078
0.947264928825	-0.19082030655	0.257442579707
-0.106913104664	-0.945535159126	-0.307456947887
0.302090481957	0.263719163811	-0.916073421636
0.943710602305	-0.213143181534	0.252943172373
-0.128813531728	-0.941152135028	-0.312471650287
0.304659380831	0.262300290421	-0.915630948886
-0.995554649565	0.0740716198649	0.0582346478203
-0.088889274541	-0.53335476959	-0.841211458979
-0.031250215163	-0.842645487128	0.537562661609
-0.99517521212	0.0830081255472	0.0522708661954
-0.0894758774602	-0.549716554664	-0.830543737094
-0.0402077071269	-0.831215064208	0.554494391375
-0.99456632021	0.071938786484	0.0752616179131
-0.102460522376	-0.548027557375	-0.83016199039
-0.0184754292525	-0.83336180614	0.552419344613
-0.994529204274	0.0742778327447	0.0735368191719
-0.101785749556	-0.528323367894	-0.842925971526
-0.0237596590549	-0.845793908614	0.532983332886
-0.995746601461	0.071479484539	0.0581816372617
-0.0875795184564	-0.537192053284	-0.838903407378
-0.0287097121434	-0.84042833261	0.541162899554
-0.995530015741	0.0683866418254	0.0651376420138
-0.0920270927894	-0.547387489671	-0.831803873942
-0.0212287394824	-0.834080294536	0.551234365627
-0.996576874928	0.0646397077028	0.0515094544606
-0.0784137941416	-0.542388607698	-0.836458931878
-0.026130300401	-0.837635944798	0.545602918642
-0.994975318984	0.0708136386983	0.0707561026578
-0.0972862042673	-0.517471513507	-0.850150725541
-0.0235879619355	-0.852763912377	0.521762944794
-0.988129140415	0.0755193260821	-0.133815806923
0.0701430392774	0.996546012117	0.0444523956061
0.136710617127	0.0345382805348	-0.99001331296
-0.989288779689	0.0621105901574	-0.132099404034
0.0544080532765	0.996645026448	0.0611429100262
0.135453836027	0.0533007157372	-0.989349058518
-0.984949040268	0.0683808839383	-0.15875151538
0.0557282856169	0.995004073939	0.0828327083477
0.163622575172	0.0727389448771	-0.98383906112
-0.985690098293	0.0594945688999	-0.15770541301
0.0477244061685	0.995857175244	0.077400635211
0.161656988952	0.0687668055577	-0.984445893915
-0.984444689452	0.0746535373456	-0.159058068286
0.068250217808	0.996636774899	0.0453547506818
0.161909009923	0.0337934165486	-0.986228902124
-0.983507169417	0.0706539646257	-0.166510684333
0.0620163910557	0.996473449565	0.0565211369184
0.169916914858	0.0452624453691	-0.984420488409
-0.98564399848	0.0690786705985	-0.154051499349
0.0535915324166	0.993286709321	0.102515624984
0.160098953265	0.0927881618574	-0.982729110339
-0.98775862045	0.0726534115822	-0.138067350386
0.0642367067487	0.995849747849	0.0644743541517
0.142178609373	0.0548158610501	-0.988326196398
-0.882148071382	-0.221407322967	-0.415685349022
-0.470320715391	0.36769488307	0.802246311003
-0.0247777466369	0.903205135161	-0.428493993632
-0.884940904916	-0.237879328408	-0.400366835498
-0.463879056253	0.374218970619	0.802979810931
-0.0411873648098	0.896311207511	-0.441509078223
-0.879612248845	-0.239856802206	-0.41079168975
-0.473680489044	0.362357013623	0.802697816122
-0.0436794257124	0.900647380579	-0.432348810493
-0.886206112051	-0.224868782771	-0.405055036033
-0.462156021011	0.368019066634	0.80682880151
-0.0323630023841	0.902216677544	-0.430064292211
-0.895380337424	-0.222027716986	-0.386001281925
-0.444106368176	0.381777990139	0.810564527883
-0.0326010813193	0.897189507855	-0.440440215031
-0.888264712052	-0.221501788926	-0.402394866789
-0.459105512929	0.400709103938	0.792877029168
-0.0143805185657	0.88902689098	-0.457628141072
-0.895156834785	-0.208203572506	-0.394139248081
-0.444874796743	0.361859428631	0.819233939548
-0.0279444038355	0.908685371776	-0.416545531521
-0.89415539207	-0.220656537449	-0.389610973244
-0.446281977928	0.368630345035	0.815441000901
-0.0363099733935	0.903007376633	-0.428087812821
0.885927525957	0.0144870142454	-0.463597393893
-0.457091985177	0.19694037293	-0.86734156808
0.0787358513842	0.980308423432	0.181096796117
0.888557647285	0.0243414809366	-0.458118762115
-0.454108118881	0.188589070379	-0.870758279971
0.0652006461824	0.981754377671	0.178625924596
0.88836050366	0.0417576010695	-0.457243828942
-0.455948830826	0.197558604773	-0.867802550821
0.0540951016351	0.979401299925	0.194542590627
0.888456380247	0.0363991950971	-0.457515421488
-0.455102739729	0.198854975012	-0.867950579747
0.0593865186196	0.979352751152	0.193239343802
0.894086190174	0.0357468300381	-0.446466180996
-0.443574880727	0.208782533987	-0.871579711964
0.0620581325734	0.977308566043	0.202525975274
0.895977788377	0.0338863138587	-0.44280415381
-0.441535770473	0.174941678852	-0.880023612084
0.0476441422597	0.983995483814	0.171705879101
0.888637676999	0.0362182086814	-0.457177560841
-0.455149258066	0.191884412047	-0.869493840148
0.0562337412786	0.980749013017	0.187000408143
0.89909739558	0.0354218034559	-0.43631315524
-0.433866828818	0.204550966845	-0.877449986866
0.058167417401	0.978214802811	0.199279586932
0.201127899589	0.680512146788	0.704592643645
-0.368896795673	0.718955924521	-0.589081942807
-0.907448472116	-0.141441151271	0.395640843161
0.201822280538	0.675718431434	0.708993922941
-0.376837159434	0.721737513318	-0.580593422383
-0.904025185831	-0.149998560876	0.400298520905
0.197538299857	0.683153908015	0.703050034643
-0.375354517936	0.715236134123	-0.58953053855
-0.905586881041	-0.147438149681	0.397711437817
0.200013646502	0.670481498799	0.714457209584
-0.358719531932	0.728674033605	-0.583399049789
-0.911764685634	-0.139601982981	0.386259559034
0.20090712238	0.675369389813	0.709586163076
-0.35752039357	0.724942427898	-0.588759413465
-0.912039200751	-0.135405561432	0.38710442501
0.198821260441	0.688927595764	0.697028582961
-0.356013293117	0.713411986538	-0.603570925668
-0.913085216611	-0.128148722128	0.387108860978
0.201919646361	0.668326869159	0.715938304767
-0.379567102045	0.727266199555	-0.57185023507
-0.902860606804	-0.156278828586	0.40052422563
0.196931033562	0.674851413269	0.711191764609
-0.358603302937	0.724712859414	-0.588383326085
-0.912481137975	-0.139164784701	0.384722401685
-0.451766467518	0.797876783828	0.39913618081
0.862054058532	0.275189954835	0.425603428824
0.229738662772	0.536347011072	-0.812135767933
-0.453775346762	0.792660470382	0.407164174484
0.855972047226	0.260656997327	0.44651148448
0.247800606655	0.551135219432	-0.796775654442
-0.45472417375	0.800036927949	0.391366682862
0.852733573209	0.264264267164	0.450566728219
0.2570455595	0.538614739284	-0.802385837624
-0.453585662432	0.795522931445	0.40174565428
0.85702950083	0.265711666778	0.441470106266
0.244451917345	0.544553657196	-0.802309126989
-0.42777066938	0.802960907321	0.415059769078
0.871196543078	0.243867211165	0.426086738237
0.240909555479	0.543863132128	-0.803857148255
-0.448266143616	0.795646520527	0.407428980832
0.855243118676	0.249164334446	0.454393425352
0.260021091466	0.552142002946	-0.79216234548
-0.444031944477	0.801192255062	0.401169043396
0.862232477707	0.260279100655	0.434528556108
0.243722763274	0.538842168093	-0.806387524837
-0.45855618076	0.787385960322	0.412009280822
0.861138840418	0.279206866193	0.424834609952
0.219472539327	0.549607039418	-0.806080931771
-0.835169840925	0.531268125496	0.142287096004
-0.503252679386	-0.842544877892	0.191976487852
0.221874242644	0.0887266027102	0.971030077821
-0.832715330106	0.531239287774	0.156107880312
-0.497589005311	-0.841640597448	0.209871286957
0.242878638345	0.0970855005668	0.96518618224
-0.83965354082	0.526953883787	0.131533197866
-0.499035678486	-0.844109057743	0.196068190395
0.214347310172	0.0989896360631	0.971728498124
-0.839762331433	0.528908315949	0.122702770541
-0.496441986509	-0.839476641627	0.220963960744
0.219875716279	0.124642333247	0.967532413611
-0.830973447669	0.538301395062	0.140410062794
-0.514262391445	-0.839554439479	0.17516502348
0.212173444156	0.0733498519404	0.974475362581
-0.842166792838	0.518818075314	0.146913097706
-0.483724986658	-0.847300847748	0.219298820699
0.238255725708	0.113620597625	0.964533348181
-0.834599279109	0.539206430458	0.112697731191
-0.509171858288	-0.833195301637	0.215707945545
0.210210304195	0.122647154052	0.969932631008
-0.851988299034	0.509886196161	0.118877006543
-0.482132026647	-0.852601305234	0.201542701478
0.20411855526	0.114397633727	0.972239061579
-0.0231740389828	0.583706398705	-0.811634006455
0.506380696992	0.706856720442	0.493894881519
0.861998555705	-0.399550252643	-0.311958378117
0.00131506579064	0.584716506223	-0.81123664042
0.505617685537	0.699512216419	0.50500833439
0.862756649051	-0.410839712152	-0.294723102006
-0.0108897863134	0.591984160223	-0.805876030997
0.518512971678	0.69244908745	0.501655821015
0.855000421926	-0.412394251417	-0.314492088719
0.000113144014085	0.588497068368	-0.808499372938
0.517114247762	0.691973404369	0.50375160277
0.855916403792	-0.4181435436	-0.304241926259
0.00195544859823	0.584094418964	-0.811683394079
0.500872923812	0.701957674609	0.506341535987
0.865518651838	-0.407540361939	-0.291184437372
-0.000275408353192	0.589073966984	-0.808079076971
0.493159245495	0.703059569601	0.512348712174
0.869939016138	-0.398370563301	-0.290700901607
-0.0199957914754	0.586193864319	-0.809924037645
0.518225316975	0.698847170106	0.493006248501
0.855010359099	-0.409865092012	-0.317754503474
-0.00780030359333	0.580351645559	-0.814328615075
0.497315371841	0.708752833175	0.500346713682
0.867534752482	-0.401075280289	-0.29414628161
0.739244219586	-0.671853185891	0.0461657518275
0.664423464537	0.716455001582	-0.21268212519
0.109815480722	0.187897640249	0.97603024371
0.736945486821	-0.675249448812	0.0308144780908
0.663728662932	0.714236500248	-0.222104670154
0.127967230893	0.184131486667	0.974535778464
0.73544243284	-0.675513906906	0.0529659146271
0.668969111016	0.711439268394	-0.215254487342
0.107725368609	0.193739844614	0.975120565587
0.725386113505	-0.685972289642	0.0570701452024
0.679381890694	0.700144641764	-0.219630881833
0.110703343344	0.198089614822	0.973912354381
0.741788847704	-0.669833061267	0.0327564165963
0.65847206397	0.718207986226	-0.224926293566
0.127137145497	0.188417001889	0.973825025547
0.724249366484	-0.68898152536	0.0277004495916
0.676613278927	0.702358542768	-0.221103935714
0.132880878886	0.178876877551	0.974856776604
0.731491042013	-0.680271445238	0.046385428905
0.670192600764	0.704792052683	-0.232615629967
0.125549691766	0.201243420307	0.971461970334
0.715964863657	-0.697196060995	0.0362210563854
0.688067322393	0.695908529095	-0.205608067104
0.118142592861	0.172130676917	0.977963883633
-0.220285524748	-0.91900673783	0.326956303263
-0.957363816859	0.267919155467	0.108044254076
-0.186891226625	-0.289215584803	-0.938842507345
-0.205222755476	-0.923226243376	0.32486519104
-0.959992951273	0.254498198805	0.116809631038
-0.190519348922	-0.287896265935	-0.938519510065
-0.213621660119	-0.925764186611	0.311972334384
-0.963470800152	0.252450340434	0.0894036661843
-0.161524251701	-0.281477652862	-0.945875624214
-0.199045361423	-0.921911993105	0.332355301582
-0.967159130652	0.239498002998	0.0851143118836
-0.158066395916	-0.304498780062	-0.939306575323
-0.195912489421	-0.924288392551	0.327580533806
-0.963060737141	0.24428715878	0.113303299838
-0.184748627361	-0.293282438224	-0.938004764604
-0.206071056673	-0.921748858724	0.328501590393
-0.958675426279	0.25746648914	0.121046053329
-0.196152187088	-0.289982346735	-0.936714369236
-0.196675676891	-0.924007224637	0.327915931697
-0.96910046299	0.233982697835	0.0780774598395
-0.148870756273	-0.302427587899	-0.941474530524
-0.209014472387	-0.921453070141	0.327471459921
-0.964668464161	0.249205290809	0.0855085102054
-0.160399725024	-0.29802884188	-0.940984233202
0.106431194589	0.926765769427	0.360248029626
0.858191936915	-0.268600415555	0.437449292279
0.502175301708	0.26260329876	-0.823930569413
0.106346620097	0.920360556039	0.376336465821
0.869043698701	-0.269949989082	0.414600181585
0.483172576174	0.282960611587	-0.828542240409
0.0916875739246	0.926348351793	0.365331459792
0.873012506322	-0.251249372653	0.417990391763
0.478996355088	0.280616348299	-0.831749231484
0.0996900209758	0.920557581649	0.377672495274
0.868016564116	-0.266012243925	0.419268364014
0.486425759225	0.286028766932	-0.825578160872
0.110834245955	0.923184360207	0.368031113201
0.860207880677	-0.274579071569	0.429708555406
0.497753619009	0.268956646388	-0.824563320405
0.0960385103803	0.919593458971	0.380958291856
0.876488095125	-0.259523751427	0.405490633041
0.471752020685	0.294960852653	-0.830937866501
0.114677029115	0.926051564051	0.359549572906
0.870349175764	-0.268139308987	0.413026715038
0.478894254407	0.265569681642	-0.836737315656
0.106552952964	0.925854145143	0.362553148463
0.874411820027	-0.260840311966	0.409111536566
0.473344116404	0.273427105967	-0.837371861237
0.926588961467	-0.00487739526831	-0.376044511328
-0.0466516686527	-0.993688391694	-0.1020635531
-0.373171388636	0.112114040489	-0.920968598778
0.926714999752	0.0067040343613	-0.375705572633
-0.0414051342911	-0.991934912406	-0.119829999695
-0.373477223185	0.126604383399	-0.918963692142
0.926013574461	-0.00251379197624	-0.377481192599
-0.048813200399	-0.99237302017	-0.113136489234
-0.374320239077	0.123192023196	-0.919073106113
0.923953200347	-0.000895728062535	-0.382504828692
-0.0494698956573	-0.991882018985	-0.117173681209
-0.379293390036	0.127185454419	-0.916497138972
0.930404806422	0.00885036118963	-0.366426624425
-0.037215723687	-0.992259572562	-0.118461709125
-0.364639259942	0.12385417928	-0.922873606872
0.929842933611	-0.015137859743	-0.367644683931
-0.053552802775	-0.994077144151	-0.0945133299551
-0.364038275096	0.107570987848	-0.925145935437
0.921001663128	0.00991063326311	-0.389432259853
-0.0415612948714	-0.991467989652	-0.123523539393
-0.387334951217	0.129950703592	-0.91273153819
0.924868676677	-0.00033862211003	-0.380286094339
-0.0487961191424	-0.991834834517	-0.1177903863
-0.377142634781	0.127497143824	-0.917333192907
0.809301115033	0.152640215697	0.567214830356
-0.572394900379	-0.0118906823269	0.819891857474
0.131893052297	-0.988210273416	0.0777473429892
0.814991954495	0.132541519746	0.56411067509
-0.567445772544	-0.0147608184015	0.823278434731
0.117445321017	-0.991067521118	0.0631801810211
0.809074170203	0.134983005048	0.571995262549
-0.573960600375	-0.0277866133767	0.818411363445
0.12636542742	-0.990458236851	0.0549934919312
0.809346619577	0.133958038596	0.571850760993
-0.575052219721	-0.0173137288224	0.817933479638
0.11946963441	-0.990835746436	0.0630200598524
0.816919188092	0.150667418989	0.556724676451
-0.56170783445	-0.0111910850776	0.827259964203
0.130871483644	-0.988521152283	0.0754888601693
0.829005672929	0.129243023545	0.544100940409
-0.550346248	0.0157136012432	0.834788643852
0.0993408264542	-0.991488433346	0.0841550788947
0.808167759828	0.138045543238	0.572545453068
-0.574773556188	-0.0271612534843	0.817861603975
0.128453209158	-0.99005336833	0.0573940814016
0.834661328784	0.128506474186	0.535561896712
-0.539273403596	-0.00690486073622	0.842102414046
0.111913606376	-0.991684609975	0.0635369085544
0.207941051088	-0.671865276572	-0.710885051974
0.977004416707	0.107633332285	0.184058201861
-0.0471473935631	-0.732811095763	0.678796741465
0.196375642994	-0.681330758821	-0.705141839474
0.979177397002	0.0985227840817	0.177496189449
-0.0514610716097	-0.725314875867	0.686491145462
0.221570097002	-0.660581422225	-0.717313659559
0.974089729413	0.115729822408	0.194308563908
-0.0453420404294	-0.741780832569	0.669107838712
0.211500478264	-0.677172113569	-0.704773353474
0.975913595049	0.106860749719	0.190193162594
-0.0534808952976	-0.728023840752	0.683462568491
0.188854778162	-0.666331597095	-0.721343222476
0.981594673866	0.106859342491	0.158281215483
-0.0283855269028	-0.737958840078	0.674248470386
0.193772915652	-0.6648346851	-0.721420064796
0.978361599671	0.0765903165778	0.192204361479
-0.0725303294551	-0.743053684313	0.665289845259
0.17855214518	-0.663349471007	-0.72669567881
0.982922890271	0.0868383223783	0.162239626027
-0.0445165370205	-0.743254050636	0.667526549041
0.224317352579	-0.670302769718	-0.707372557087
0.973554530563	0.121901714652	0.193213772507
-0.0432817933099	-0.732006955414	0.679920957657
-0.496937985593	0.358712084791	-0.790176068081
-0.845575861434	0.00453194442201	0.533836008577
0.195074449644	0.933437229661	0.301066220793
-0.488494450442	0.342403927376	-0.802578801202
-0.849372109841	0.0240718972009	0.527245264722
0.1998504457	0.939244430734	0.279069352318
-0.49730679496	0.373163506492	-0.783220827091
-0.845649585024	-0.00682382470238	0.533694816846
0.19381085087	0.927740467805	0.318959150623
-0.496139061977	0.369980196627	-0.785468445738
-0.842237074701	0.0146716918596	0.538907642812
0.210909305494	0.928923781366	0.30433184267
-0.501329000529	0.349871454145	-0.791365509794
-0.837378504371	0.0341095140084	0.545558330219
0.217868411972	0.936176594895	0.275874646991
-0.496976423548	0.358021212918	-0.790465232328
-0.841122614043	0.0252359979241	0.540255418562
0.213371086523	0.933372369551	0.288598020168
-0.516434449426	0.372435617159	-0.771094704075
-0.834118080427	-0.0150374863276	0.551380826945
0.193758508163	0.927936150545	0.318421236031
-0.495696060782	0.370720506936	-0.785399126312
-0.838822661608	0.030006430303	0.543577225122
0.225082261065	0.928259642038	0.296094653848
-0.29551472266	0.873926435164	0.385906199486
-0.173550288626	-0.446335262607	0.877875324989
0.939442018539	0.192450967336	0.283568857525
-0.302378341359	0.866123210608	0.397992450761
-0.188545201005	-0.463636952701	0.865731805956
0.934354383515	0.186738953387	0.303497093452
-0.274954812967	0.871665336877	0.405708512554
-0.170114747494	-0.459420481697	0.871776232971
0.946287920961	0.170682067527	0.274602996696
-0.284280799923	0.86696602125	0.40933387312
-0.179382118394	-0.467507526076	0.865597265304
0.941810149279	0.172645556272	0.288421714326
-0.277928698258	0.870530896722	0.406117619451
-0.167142561735	-0.460149802611	0.871966419485
0.945948691543	0.174464983609	0.273391659375
-0.283194959389	0.870900213804	0.401663445643
-0.170610770498	-0.457875834932	0.872491712371
0.943765156678	0.178557107845	0.278253013387
-0.277410442664	0.87183428952	0.403668767219
-0.157136235149	-0.45567444481	0.876167259965
0.947814172511	0.179626934085	0.26340556384
-0.285473589441	0.872121418284	0.39737757041
-0.176889976098	-0.455455467116	0.872507942005
0.941920717497	0.178785917445	0.284290144723
0.166388281767	0.756776644505	-0.632143582009
0.642536713398	-0.569501020216	-0.512657688391
-0.747972572946	-0.320874498617	-0.581015793209
0.172094003479	0.753879361352	-0.634076482597
0.648474567135	-0.571239110736	-0.503163105784
-0.741530722919	-0.324589407979	-0.587180096722
0.154563284647	0.748272676383	-0.645132731293
0.63269664756	-0.576483466204	-0.517066848469
-0.758816968297	-0.328254741621	-0.562531799869
0.169083797664	0.747045049295	-0.642914863274
0.63485372983	-0.58151694585	-0.508732346452
-0.753907533333	-0.322135923064	-0.57259203607
0.147282845123	0.761660079599	-0.631017027116
0.628404657483	-0.564726155627	-0.534970491668
-0.763816831326	-0.317741661807	-0.561805618644
0.168350609542	0.761383191044	-0.626060377024
0.63859702676	-0.568061972537	-0.519129510598
-0.750899325274	-0.312405582146	-0.581849582383
0.14389380842	0.758314161729	-0.635808202682
0.623389690351	-0.568444886995	-0.536890860268
-0.76855561441	-0.319102074572	-0.554519846074
0.15888347987	0.742682177491	-0.650523103254
0.630778748459	-0.58324313551	-0.511808223179
-0.759523070829	-0.329017735174	-0.561136390059
-0.211975616869	0.446102262388	-0.869516611774
-0.916196971287	-0.400325132587	0.0179702894994
-0.34007275172	0.800457739667	0.493576683588
-0.202419660798	0.462732465812	-0.863078788994
-0.914116202048	-0.40544138995	-0.0029844458975
-0.351308838604	0.788350177806	0.505060508904
-0.208324293557	0.422806916268	-0.881949761365
-0.91229695317	-0.409070435438	0.0193840887776
-0.352583804582	0.808638228886	0.470944700711
-0.200322466901	0.432280235661	-0.879206912743
-0.913956350909	-0.40571806724	0.00876024893133
-0.352923201548	0.805311586397	0.476359634254
-0.195202978288	0.444071280346	-0.874469284265
-0.921329928055	-0.388693556468	0.00827781378288
-0.336224619596	0.807290565101	0.485010271309
-0.196628732925	0.445851819029	-0.873243014332
-0.915334744939	-0.402693590633	0.000503214343173
-0.35142497253	0.799408596392	0.487284734669
-0.198899318326	0.416350852622	-0.887181541003
-0.915195752012	-0.402683873349	0.01620189834
-0.350507995166	0.815167304013	0.461136029676
-0.211556352562	0.422469550605	-0.881341764575
-0.911805695062	-0.410014242993	0.0223293296302
-0.351929256564	0.808336380055	0.471951331271
0.935988968947	0.170153333968	0.30817607472
0.0312405593452	0.83182444872	-0.554158925013
-0.350640382075	0.528314233823	0.773262822771
0.937619518654	0.198970687075	0.285097006858
-0.00536348441417	0.82821892621	-0.560379016058
-0.347621735036	0.523893189771	0.77762140717
0.947498741393	0.16821078992	0.271939817979
0.0101599240537	0.834184597964	-0.551391721496
-0.319598045037	0.525205849877	0.788679847851
0.945774458558	0.185512290818	0.266638072256
-0.0068346657628	0.832052790178	-0.554654338992
-0.324752150055	0.52275552448	0.788202191809
0.943055017176	0.173305256627	0.283923444902
0.012676220722	0.834209963693	-0.551301233254
-0.332395168388	0.523506470241	0.784509035956
0.939501173189	0.191572807692	0.283967258817
-0.00383377311703	0.834819580078	-0.55051028018
-0.34252422821	0.516116387797	0.78504842164
0.948116420952	0.185660793723	0.258080066927
-0.012548011451	0.832988748322	-0.553147619714
-0.317675618641	0.521209949503	0.79209998463
0.945128495186	0.189392520355	0.266200300343
-0.0107095816562	0.832341747611	-0.554159288687
-0.32652324807	0.520900840478	0.788698218155
-0.0691100463791	-0.835905881592	-0.544504458508
-0.0381502266906	0.547624740167	-0.835853863794
0.996879284778	-0.0369929525139	-0.0697363588106
-0.092441201846	-0.864568938417	-0.493938410678
-0.0327494152913	0.498434055298	-0.866308812433
0.995179420314	-0.0639064427552	-0.0743899652396
-0.0796262277979	-0.840627078293	-0.535729187002
-0.025764191849	0.538991679823	-0.841916960347
0.996491772662	-0.0532360492832	-0.064575947787
-0.0689673228748	-0.859457215914	-0.50653411536
-0.0185523877526	0.50876022174	-0.860708341537
0.997446402028	-0.049963329522	-0.0510328158231
-0.0594886870982	-0.841386132332	-0.537150311622
-0.0220164958557	0.539078319935	-0.84196783329
0.997986149636	-0.0382613996658	-0.0505934324321
-0.0613360051407	-0.858819118691	-0.508593730428
-0.00601449654363	0.509861914236	-0.860235223008
0.998099036715	-0.0497044710647	-0.0364382495549
-0.0811197921399	-0.844065251683	-0.530069239585
-0.0240658939971	0.533325616035	-0.845567623814
0.99641375974	-0.0558356928728	-0.0635764409416
-0.0886631817257	-0.849406988038	-0.520237098013
-0.0239590729156	0.523961616593	-0.851404839052
0.995773484434	-0.0630238511095	-0.066807114684
0.92957968479	-0.114714098327	0.350317406451
-0.0850134093095	0.858010333764	0.506548109636
-0.358684164489	-0.500658509149	0.787836739012
0.928632780145	-0.0927548972442	0.359218163148
-0.116752345629	0.845985336717	0.520266950684
-0.352150606259	-0.525076507969	0.774780363375
0.913503442634	-0.127533075804	0.386324705187
-0.0923939695895	0.85974684614	0.502293459787
-0.396200476584	-0.494540877924	0.773598416609
0.918181512024	-0.123638099778	0.376372597286
-0.0896615747094	0.860544229435	0.5014224092
-0.385880180529	-0.494142945624	0.779050215025
0.915006007691	-0.117806294415	0.385857075023
-0.107286752615	0.850926091906	0.514212347069
-0.388913304044	-0.511904739342	0.76596343143
0.918205198579	-0.101370435539	0.382914151857
-0.121540967706	0.847963003895	0.515932685953
-0.376997355511	-0.520271830935	0.766283377548
0.924248699792	-0.102247916428	0.367844673748
-0.103313043979	0.860545478686	0.498786420335
-0.367546943073	-0.499005853425	0.7847944963
0.930702258574	-0.0875662719256	0.355141456034
-0.114851736034	0.851857306375	0.511026621678
-0.347278540228	-0.516402243755	0.782768380678
-0.957213006701	-0.27377585537	-0.0937615262095
0.263023456268	-0.958192942583	0.112632720856
-0.120677687389	0.0831519655266	0.98920303928
-0.958729630418	-0.264322578311	-0.104737825352
0.25576984942	-0.962696239997	0.0882987722803
-0.124170131641	0.057865910982	0.990572213249
-0.965160128723	-0.248729947084	-0.0812345331149
0.241945055252	-0.966566642868	0.0849189316339
-0.0996404846744	0.0623060842461	0.993070855809
-0.957585353789	-0.268391456745	-0.104858065363
0.259468350269	-0.96142438055	0.0913139159642
-0.125321040269	0.0602335619591	0.990286094727
-0.962418251273	-0.262212353793	-0.0706789198515
0.25342680231	-0.960701125305	0.11326041909
-0.0975996109841	0.0910919764834	0.991048216018
-0.964560958803	-0.247643947534	-0.0910669303505
0.238301515646	-0.965788513288	0.102291192873
-0.113283265289	0.076964769526	0.990577265599
-0.958525217295	-0.262314556154	-0.111448095743
0.250143351046	-0.961693226561	0.112136697105
-0.136593954269	0.0796078421989	0.987423254932
-0.957855378362	-0.261703849793	-0.118421633816
0.250642954349	-0.962848497889	0.100500709051
-0.140323546803	0.0665836172641	0.987864323231
0.216744812325	-0.144276302438	0.965507977055
0.251961935182	-0.947241786893	-0.198109143816
0.943152420567	0.286210408963	-0.168957227044
0.20210734892	-0.137058087401	0.969725491684
0.2536991008	-0.949033238675	-0.187008717743
0.945932986419	0.283814331803	-0.157034908037
0.192889807729	-0.160639335176	0.967981854227
0.231071944574	-0.951326843212	-0.203921125937
0.953624466208	0.263007743549	-0.146382351903
0.204406982369	-0.138465931557	0.969043237337
0.241569200613	-0.952192041027	-0.187013923586
0.948610526689	0.272317961394	-0.161185422321
0.204974907465	-0.148754657347	0.967397437311
0.256296782654	-0.945738528638	-0.199729132933
0.944615111567	0.28888028534	-0.155727788341
0.20426104663	-0.161487506726	0.965504399194
0.255852712295	-0.94320860082	-0.211886264481
0.944889596357	0.290307052336	-0.151343295391
0.212167398875	-0.143384798742	0.966656998911
0.240616098665	-0.951058989522	-0.193882929808
0.947147743025	0.273728874797	-0.167282980407
0.200383896551	-0.156946561795	0.967064832132
0.235656090516	-0.950384043963	-0.203069331976
0.950953637044	0.268586528567	-0.153456563042
-0.347214906702	-0.239973693591	0.906561884719
0.839611709613	-0.510155268347	0.186530954684
0.417724791604	0.825926295961	0.378618223865
-0.335330057482	-0.238436007441	0.911428519581
0.842185354292	-0.509454754549	0.176577449002
0.42222920904	0.826803505578	0.371642869101
-0.335629388595	-0.236761659767	0.91175479056
0.843536287163	-0.50635488429	0.179028566026
0.419284406916	0.829185511016	0.369664658033
-0.325309803946	-0.244602378793	0.913423896469
0.851135361604	-0.496609128748	0.170141051067
0.411997736134	0.832795927776	0.369741546733
-0.332135315734	-0.249232079793	0.90970852659
0.848817173432	-0.499567256445	0.173037787674
0.411333975056	0.829648142455	0.377476314278
-0.33488978099	-0.238786517135	0.911498669394
0.844241143711	-0.505642356595	0.177715187164
0.418456349381	0.829039682837	0.370927868271
-0.332165993718	-0.255091394387	0.908071623737
0.84692341546	-0.504446067865	0.168091719017
0.415194438393	0.824901496039	0.383602753805
-0.33041947015	-0.245295828596	0.911401649211
0.847182044372	-0.502750783586	0.171826289962
0.416059603189	0.828897850583	0.373928839243
0.633991866756	0.486465319541	-0.601170377076
0.18287780836	-0.849630079493	-0.494655959861
-0.751405374349	0.203667140944	-0.627622284886
0.619505819776	0.508767742993	-0.597802718937
0.191027600648	-0.836355274934	-0.513827908737
-0.761394223034	0.204122629064	-0.615315774105
0.636944905814	0.488327837873	-0.596520688262
0.181430480766	-0.847008429208	-0.499658678465
-0.749255623546	0.210027943558	-0.628095115744
0.639181993291	0.485569180577	-0.596379937101
0.186025695531	-0.850061150622	-0.492738151682
-0.74621772902	0.20400739299	-0.633672188447
0.636336349266	0.49479889341	-0.591819350911
0.186615312773	-0.843142090422	-0.504268118334
-0.748499040795	0.210441595721	-0.628859040522
0.641732487396	0.499014967201	-0.582377514178
0.191079341886	-0.839450349242	-0.508735951206
-0.742743691737	0.215192112902	-0.634054084473
0.631707862287	0.497100642294	-0.594841115006
0.190313121647	-0.843296778083	-0.50262369488
-0.751482479103	0.204305199044	-0.627321840315
0.629899030701	0.499915344189	-0.594400393804
0.180390579175	-0.838551144521	-0.514092462428
-0.755437898477	0.216602099769	-0.618382546394
-0.351652936822	0.105615650528	0.930153511089
0.809200351351	0.533872337635	0.245306178422
-0.470675059039	0.838943182916	-0.273201998505
-0.346267819406	0.0963401209086	0.933175848605
0.809232519147	0.533891391779	0.245158534254
-0.474595947383	0.840046759452	-0.262830963926
-0.323934545895	0.0903619061945	0.941754285215
0.819374417865	0.524427124883	0.231520524484
-0.472960855843	0.846646866065	-0.243920296385
-0.327660551829	0.0971291749113	0.939789585289
0.812074528479	0.537340221153	0.227597098886
-0.482880421463	0.837753784	-0.254941317958
-0.32962319713	0.0757068755003	0.941072298356
0.808173871216	0.537913562336	0.239799941705
-0.488061057261	0.839593644069	-0.238493118044
-0.312909469258	0.0762395647371	0.946718147076
0.805953161141	0.548696637491	0.222197033533
-0.502520868503	0.832538016208	-0.233137903391
-0.333622478401	0.0889200735168	0.938503677571
0.802076304264	0.549884391895	0.23302515034
-0.49534789232	0.830494033139	-0.25477445586
-0.319039779109	0.0971017619815	0.942753862118
0.814424729928	0.536815765039	0.22032064302
-0.484691609169	0.838093117905	-0.250347654815
0.751580500885	-0.264522743083	-0.604280129854
0.511240351342	-0.345305393165	0.787018120812
-0.416845367138	-0.900439857913	-0.124290106152
0.765203350082	-0.264884711514	-0.586770763378
0.491716353883	-0.34783301835	0.798265152586
-0.415546467285	-0.899359948027	-0.135914852193
0.757224297239	-0.286000094947	-0.58720976537
0.495526381197	-0.334153392926	0.801745041179
-0.425517295058	-0.898078755571	-0.111308475275
0.755791438931	-0.303677351224	-0.580137366275
0.490533559573	-0.324316787065	0.808823485001
-0.433769667367	-0.895878713504	-0.0961519157775
0.773843587545	-0.244683378737	-0.584205571933
0.488189330895	-0.35722871708	0.796278120665
-0.403531019015	-0.901397643895	-0.15698734091
0.768602116872	-0.250366111781	-0.588699917178
0.496884623979	-0.345976651499	0.795867957995
-0.402934799771	-0.904221735075	-0.141515312101
0.764341970188	-0.280201847063	-0.580748041747
0.490658854737	-0.331627160278	0.805777496619
-0.418372144578	-0.900838726239	-0.115993049715
0.750959753124	-0.287299458701	-0.594574198798
0.506221289914	-0.327704183231	0.797715497379
-0.42402766712	-0.900038349267	-0.100655557282
-0.993328648665	-0.0691380514494	0.0922937938834
-0.0705690770141	-0.268542054528	-0.960679541932
0.0912042757605	-0.960783589972	0.261871495751
-0.991141178566	-0.0770576166899	0.108172750381
-0.082784624675	-0.278450040698	-0.95687633305
0.103855313453	-0.957354550072	0.269604079884
-0.99415804093	-0.058803395694	0.0905093489065
-0.0703052592928	-0.283465903797	-0.956401718268
0.0818959834204	-0.957177745691	0.277675724778
-0.993649973339	-0.0793763616278	0.0853008186676
-0.0590476461842	-0.288536879758	-0.955956373954
0.100450046942	-0.954483423972	0.281428026793
-0.989510543486	-0.0819198088616	0.118987761889
-0.0926702069014	-0.271905725791	-0.95785152621
0.110820464338	-0.958830776741	0.261462019946
-0.991576046262	-0.0729118662819	0.107055192753
-0.0832036214813	-0.274883913509	-0.957870553836
0.099267879561	-0.958708871498	0.266501766417
-0.99242917208	-0.0644648495555	0.107755758627
-0.0853318247438	-0.283642694245	-0.955356020785
0.0921167738871	-0.956990558958	0.275557238429
-0.990764112793	-0.088191765959	0.10299839255
-0.0736679543207	-0.287625239878	-0.954905620109
0.113839751216	-0.953673908223	0.278471869119
0.743251919937	0.610875047393	0.272778717355
0.255983300157	-0.636382627514	0.727660292784
