-0.161776662957	-0.859837363088	0.484260343346
0.707198550379	0.241236982338	0.664586313231
-0.68825764176	0.449982740147	0.569049184431
-0.156311003562	-0.849546358656	0.503823280936
0.708525791097	0.258948129127	0.656457993943
-0.688155590887	0.459583375413	0.561449036307
-0.143292576048	-0.860177039104	0.489451437287
0.704522729916	0.258674378352	0.660859512884
-0.695064724393	0.439525919754	0.568948151149
-0.139752318066	-0.857113711273	0.495807786736
0.709260888661	0.26275461968	0.65414753114
-0.690954605785	0.443075712073	0.571196674351
-0.150901415745	-0.860376724604	0.486806570346
0.70868169367	0.249172279977	0.660063194321
-0.689201713746	0.44459538369	0.572132795813
-0.157696860063	-0.854500828805	0.494934418257
0.71080804008	0.249694542575	0.657574782358
-0.685480616037	0.455500820862	0.568009985677
-0.149935572058	-0.858505892256	0.49039460106
0.702413929006	0.256567970549	0.663918284928
-0.695797315406	0.444005010878	0.56455789002
-0.148794016873	-0.855100930744	0.496651570397
0.70641165871	0.259541980921	0.658498714256
-0.691984792156	0.448821107435	0.565434945362
0.79149011618	0.215219334075	-0.572034992436
0.246423632214	0.744126572048	0.620927561172
0.559302054187	-0.632420968167	0.535933696939
0.786576410798	0.198327951655	-0.584776518173
0.277846344337	0.732058046946	0.622006775004
0.551451685601	-0.651733874219	0.520714894702
0.775920899831	0.22448228158	-0.589537496239
0.253084941283	0.74525973992	0.61687594308
0.577836280197	-0.627849999531	0.521449522955
0.778222897481	0.223298237423	-0.586947204204
0.25228452752	0.744741409376	0.61782906381
0.575084029106	-0.62888642224	0.523240127153
0.784793611833	0.200312090649	-0.586493011545
0.261474070682	0.750965428596	0.606368068709
0.561898831297	-0.629226501928	0.536976453323
0.787057339018	0.218990832122	-0.576700750629
0.263907223495	0.725465807081	0.635651110277
0.557578440865	-0.652489365473	0.513189925201
0.778931354468	0.206821269721	-0.592022722224
0.265792749256	0.7461815908	0.610382866442
0.567996615907	-0.632801700056	0.526252643327
0.780207735251	0.222397954277	-0.584649502795
0.254225344471	0.741246309332	0.621227321273
0.571528971631	-0.633319082612	0.52178690773
0.943230543276	-0.187206553012	0.274353512439
0.0769936799114	0.926761457461	0.367675367097
-0.3230914987	-0.325679150124	0.888563434257
0.948593252956	-0.169879663096	0.267042580845
0.0641427679793	0.929420947431	0.363403917245
-0.309929903743	-0.327593653509	0.892538991778
0.950575575726	-0.178445209743	0.254093256397
0.0819563595637	0.933532005147	0.34900021752
-0.299481603699	-0.310926524796	0.902017442843
0.95787676683	-0.167165189791	0.233512094871
0.0719444753645	0.92687652444	0.368407247682
-0.27802174662	-0.336088837962	0.899860100439
0.948897438509	-0.175324440217	0.262402348066
0.0678579209093	0.925383384774	0.372908694403
-0.308202780938	-0.336046027286	0.889991075384
0.952352582812	-0.177305791573	0.248167715142
0.0761052928404	0.926074597284	0.369586019111
-0.295351558259	-0.333089323449	0.895443443691
0.949841890191	-0.183912097855	0.252936207708
0.0820623045724	0.92703359976	0.36588862367
-0.301771706883	-0.326779814287	0.895627597018
0.951717272314	-0.182446013766	0.246875850379
0.0789250250884	0.922611950759	0.377568574578
-0.29665649134	-0.339853851169	0.892465285421
-0.611294660891	0.728381170911	-0.309481904066
0.370937033576	-0.081736515989	-0.925053737361
-0.699087903059	-0.680279038149	-0.220218154081
-0.616859504397	0.732236232379	-0.288642919715
0.364646401027	-0.0591215518824	-0.929267361893
-0.697508162912	-0.678479865327	-0.230537742266
-0.586405670958	0.753150506466	-0.298148906889
0.366594685762	-0.0814624449793	-0.926807559369
-0.722313500109	-0.652784980176	-0.228330963942
-0.588795485415	0.756599545794	-0.284388001985
0.374747485238	-0.0562105674416	-0.925421192379
-0.716159012145	-0.651457740994	-0.250437043388
-0.614467661006	0.732958835071	-0.291890993389
0.350375336116	-0.0779641463561	-0.933358661034
-0.706870659861	-0.675790361263	-0.208904027495
-0.625774527673	0.723225561158	-0.292148358004
0.361993220822	-0.0624924213607	-0.930083526752
-0.690917349236	-0.687778486392	-0.222696420234
-0.608506194816	0.734588517132	-0.30016754376
0.357286615553	-0.0841345915416	-0.930197866837
-0.708566946855	-0.673276694694	-0.211262516424
-0.605760035474	0.73894380429	-0.294987893901
0.377024580028	-0.059897466828	-0.924264808071
-0.700648463569	-0.671099861039	-0.242316939692
0.585317550806	-0.696544957016	0.415004201301
0.540641653682	0.71673363713	0.440453738076
-0.604243300787	-0.0334367453034	0.796097994774
0.589980100299	-0.690571197325	0.418371744591
0.533161333746	0.72232829176	0.440432560785
-0.606351785225	-0.0367868159282	0.794345170407
0.573713164206	-0.696516449482	0.430950165528
0.543214147061	0.717358265535	0.436251661529
-0.613002120715	-0.0161850966766	0.789915466863
0.589831595104	-0.693073016817	0.414425492668
0.538745897596	0.72003100825	0.437387939032
-0.601540982341	-0.0347151947658	0.798087278978
0.592368176579	-0.682642860595	0.427900301951
0.532366530713	0.730297255154	0.428079193835
-0.604719621402	-0.0257806923194	0.796021064717
0.585344349607	-0.693238456318	0.420466923333
0.539688746861	0.720152342804	0.436023690512
-0.605068630361	-0.0283027358744	0.795670099338
0.59151197811	-0.682056180388	0.430015054256
0.529330798238	0.730789367795	0.430993974642
-0.608212533683	-0.0273178867387	0.793304006739
0.580741935797	-0.698076323908	0.418841554581
0.525794311125	0.714420048704	0.461675573239
-0.62151359135	-0.0478898583853	0.781938243154
0.230540976611	-0.948432181721	-0.21754819484
-0.809436891918	-0.0628363860659	-0.583835126138
0.54005808799	0.310689448142	-0.78218235795
0.225281347237	-0.948570115922	-0.222402890491
-0.814117534517	-0.0578756764191	-0.577808826964
0.53522046907	0.31123164316	-0.785285874322
0.218758984277	-0.953304622918	-0.208217908937
-0.811956082135	-0.0594929044173	-0.580678717062
0.541176239651	0.29609246476	-0.787056090436
0.218127131293	-0.951717856534	-0.215994666047
-0.817279520639	-0.0571809001304	-0.573397380813
0.533361752801	0.301601546303	-0.790292219893
0.241868417195	-0.945740122102	-0.216968234088
-0.812149066232	-0.0749594192624	-0.578614614816
0.530955259297	0.316159136681	-0.786212270816
0.235075848794	-0.944829413336	-0.228115618227
-0.816781827848	-0.0648032127732	-0.573295738347
0.52688404918	0.321088675611	-0.786953165763
0.23744481331	-0.948066715953	-0.211635394708
-0.798388724086	-0.0663613246442	-0.598474500963
0.553349332198	0.311071993521	-0.772682930899
0.226299571307	-0.949724731988	-0.216359268749
-0.818570671624	-0.065032687747	-0.570712415761
0.527949292338	0.306257309133	-0.792133677939
0.947566272928	-0.200561147693	0.248783838672
-0.115835454824	-0.941147532471	-0.317527928771
0.297825989051	0.272060772954	-0.915031761822
0.945833585845	-0.20994465817	0.247633017537
-0.127403788457	-0.941607491378	-0.311681163295
0.298608682987	0.263249146954	-0.91735176596
0.947399863123	-0.193393503757	0.255014667051
-0.110485186311	-0.945431536111	-0.306517997384
0.300377348202	0.262219777703	-0.917068847017
0.948538790382	-0.194932487323	0.249550464187
-0.109032746865	-0.940930446148	-0.320561547424
0.297297778163	0.276855866765	-0.913763010246
0.950845341543	-0.190428318638	0.244192993376
-0.107579866606	-0.942587841086	-0.316157816786
0.290378606054	0.274346948725	-0.916741530711
0.944902992173	-0.211500803335	0.249851564457
-0.129152084096	-0.9422049891	-0.309146513146
0.300795833161	0.259844641286	-0.917608125426
0.947258849069	-0.190733403248	0.257529516785
-0.106791906339	-0.945541266269	-0.307485904364
0.302152563899	0.263766680094	-0.916041123376
0.943658904516	-0.213318588408	0.252988171986
-0.128953414234	-0.941110804096	-0.312538334161
0.304760319404	0.262305877179	-0.915595724128
-0.995571485596	0.0740509905618	0.0580498808208
-0.0887241832215	-0.533416111026	-0.841194095024
-0.0313266209182	-0.84261256636	0.537611750985
-0.995184329406	0.0830751671222	0.0520260637724
-0.0893204496476	-0.549955788807	-0.830403830656
-0.0403739021993	-0.831051852354	0.554727659833
-0.994567656928	0.0718826298543	0.0752621138892
-0.102434394794	-0.548230445504	-0.830028745767
-0.0184036144563	-0.833230707285	0.55261837695
-0.994524562267	0.0742157194872	0.073531773874
-0.101748039935	-0.528306743446	-0.842932217614
-0.023711414075	-0.845801048772	0.532969933243
-0.995772547284	0.071406906744	0.0579914451501
-0.0873832942048	-0.537298390127	-0.838864586895
-0.0287421978155	-0.840375326221	0.541247563781
-0.995548612347	0.0683079648755	0.0650106960481
-0.091881939397	-0.54756261621	-0.831709195982
-0.0212150389755	-0.83397631825	0.551394176353
-0.996606030854	0.0645118568372	0.0512469330699
-0.07812859972	-0.542555806673	-0.83638393528
-0.026152432534	-0.8375442589	0.545745641996
-0.994981243476	0.0707335327824	0.070737860717
-0.0972247193495	-0.517325044908	-0.850245941324
-0.0235463701262	-0.852858472509	0.521609754493
-0.988155322419	0.0754351530491	-0.133650436284
0.0701212201535	0.996565976893	0.0440371981484
0.136513427613	0.0341437845153	-0.990051580668
-0.989321304231	0.0618986267826	-0.131949093098
0.0542325642189	0.996667975956	0.0609243170973
0.135280568247	0.0531178259905	-0.989381781997
-0.98493072051	0.0682348408039	-0.158888989444
0.0555625170703	0.995009363823	0.0828803235605
0.163751369957	0.072803487809	-0.983806574081
-0.985687341016	0.0592715006749	-0.157836730939
0.0474890966396	0.995868104645	0.0774048733605
0.161772464055	0.0688012930645	-0.984429340986
-0.984442268158	0.0745823125692	-0.159132093963
0.06823094593	0.996653393121	0.045017468203
0.161957039658	0.033459125478	-0.986236553369
-0.983483026156	0.0705224999963	-0.16669850481
0.061916144359	0.996493343617	0.0562797334045
0.170082937355	0.0450288165361	-0.984400770857
-0.985643704901	0.0689035321906	-0.154136330474
0.0533672425285	0.993273603277	0.102759349012
0.160180031668	0.0930583130953	-0.982691063923
-0.987784000294	0.0725129386961	-0.137974226976
0.0641182801306	0.995865473979	0.064349276283
0.142069911456	0.0547161486831	-0.988349397552
-0.882023758792	-0.221483714057	-0.415906970169
-0.470551929546	0.367575014393	0.802165407314
-0.0247896153136	0.903234976902	-0.428429356308
-0.884852744891	-0.238130535103	-0.400411067756
-0.464029367186	0.374173101218	0.802914123045
-0.0413753709214	0.896263460623	-0.441587531006
-0.87946028744	-0.24017922027	-0.410932761612
-0.473942631911	0.36219519455	0.802616823743
-0.0439337463999	0.900627184937	-0.432368093654
-0.886122959156	-0.22500813726	-0.405162494917
-0.462310485277	0.367911644715	0.806789793825
-0.0324703606857	0.90222618804	-0.430038347944
-0.895399506971	-0.222135710865	-0.385898628455
-0.444062757641	0.381813840151	0.810572149614
-0.0327153291522	0.897148074964	-0.440518772354
-0.888202897222	-0.221591656396	-0.402484219072
-0.459230636547	0.400961454726	0.792677353423
-0.0142699419689	0.888891051811	-0.457897019992
-0.895189049644	-0.208180521204	-0.394076708554
-0.444801796748	0.361661848002	0.819360566514
-0.028052508681	0.908769083398	-0.416354505931
-0.894172090362	-0.22073540067	-0.389528250225
-0.446235671395	0.368507337083	0.815521981372
-0.0364705416333	0.903038348807	-0.42800901519
0.885811982257	0.0141978304055	-0.463827070594
-0.457250982228	0.197108783363	-0.867219493955
0.079111750424	0.980278803737	0.181093294992
0.88848383736	0.0241791842824	-0.458270485815
-0.454221373951	0.188686642386	-0.870678067448
0.0654172344841	0.981739639995	0.178627734222
0.8882952841	0.0417614858569	-0.457370167516
-0.456062292683	0.197752190102	-0.867698843076
0.0542095658262	0.979362075732	0.194708175128
0.888386348907	0.036374600584	-0.457653345729
-0.455222034847	0.199031242122	-0.867847609511
0.0595197061046	0.979317855844	0.193375157561
0.894080156422	0.0356914931388	-0.446482689628
-0.443560986832	0.209078172095	-0.871515906821
0.0622440822933	0.977247380246	0.202763998293
0.895987440982	0.0338249969398	-0.442789314943
-0.441515507259	0.174842177154	-0.880053570944
0.0476504427614	0.984015294832	0.171590654479
0.888571023162	0.0361709972277	-0.457310829546
-0.455266199504	0.191965378881	-0.869414730786
0.0563402471582	0.980734900714	0.187042306012
0.899157783092	0.0353371659858	-0.436195559745
-0.433722707387	0.20476135748	-0.877472166976
0.0583086163347	0.978173847238	0.199439299303
0.201258414579	0.680433271315	0.704631549091
-0.368796380374	0.719054507575	-0.589024487702
-0.907460349828	-0.141319427459	0.395657095915
0.201988909902	0.675555180181	0.709102029173
-0.376824189555	0.721895951377	-0.580404831714
-0.903993373544	-0.14997145409	0.400380506875
0.197624609211	0.683106552333	0.703071783335
-0.37532170537	0.715292958939	-0.589482479351
-0.905581642835	-0.147381865042	0.397744213536
0.200160249281	0.670276092064	0.714608845985
-0.358515395153	0.728891265756	-0.583253138191
-0.911812784398	-0.139454193837	0.386199364678
0.201050186028	0.675215897314	0.709691695138
-0.357283326633	0.72512253689	-0.588681515491
-0.912100561694	-0.135206487214	0.387029406547
0.198959627177	0.688918659826	0.696997961166
-0.355762024979	0.713471758261	-0.603648437148
-0.913153031704	-0.127863733059	0.38704316924
0.202087209538	0.668100475688	0.71610229983
-0.379548282008	0.727473382675	-0.571599138913
-0.902831020215	-0.156282527384	0.400589456715
0.197013458628	0.674663486057	0.711347233629
-0.358458129591	0.724900835099	-0.588240215998
-0.912520397329	-0.139096955281	0.38465382938
-0.451915278488	0.79777643867	0.399161424791
0.861994542556	0.27532813049	0.425631388888
0.229657348548	0.536422803864	-0.812104490923
-0.453925749023	0.792534594485	0.407241467984
0.85585684056	0.26062976277	0.446748118594
0.247922901661	0.55132905741	-0.796603434975
-0.454912071363	0.799950908061	0.391318635233
0.85256720626	0.264280335951	0.450869610146
0.257256464251	0.538732578591	-0.802235788374
-0.453764730187	0.795398273266	0.401796549633
0.856909313	0.265733041227	0.44169338023
0.244551241472	0.544727638119	-0.802164643618
-0.427666171066	0.802896771103	0.415278539187
0.871223601967	0.243646097654	0.426151231698
0.240974947935	0.544051662854	-0.80370152344
-0.448404964036	0.795519992421	0.407544059575
0.855085059712	0.248976165615	0.454803510193
0.260333938421	0.552417083267	-0.791880988828
-0.44410178959	0.801139192671	0.40118206259
0.862165229411	0.260270506513	0.434659724268
0.243807650769	0.538919245037	-0.806300620615
-0.458788620674	0.78716894031	0.412155645446
0.86106212974	0.279411472763	0.424851009292
0.219269754843	0.549810358924	-0.80599142806
-0.835079172728	0.531444434843	0.142157970991
-0.503517623224	-0.842461073301	0.191647178502
0.221612452592	0.0884615769694	0.971114029993
-0.832619590772	0.531387576648	0.156115231755
-0.497777721099	-0.841568471056	0.209713982734
0.242821050527	0.0969012773963	0.965219188503
-0.839628990683	0.527073031336	0.131212667264
-0.499256843656	-0.844050596952	0.195756939242
0.213928372301	0.0988544123267	0.971834579728
-0.839744860133	0.529034852096	0.122274170878
-0.496626586608	-0.839370514155	0.220951241456
0.219524215224	0.124818039142	0.96758957256
-0.830823664064	0.538588985387	0.140189840671
-0.514682427462	-0.839404461628	0.174646478668
0.211738719818	0.0729472307118	0.974600126011
-0.842154938291	0.518873334239	0.146783211069
-0.483808725764	-0.847265948472	0.21924715955
0.238125943379	0.113625098953	0.964564859355
-0.834500085321	0.539471261725	0.112159917485
-0.509510941282	-0.832995606779	0.215676614272
0.209780099225	0.122835495697	0.970001929117
-0.85210691689	0.509794242697	0.118420468707
-0.482144467516	-0.852651413479	0.201300905556
0.203593442281	0.114434139342	0.972344864056
-0.0233221495905	0.583507503141	-0.811772760243
0.506271685232	0.707069997662	0.493701309363
0.862058583408	-0.399463384946	-0.311903719096
0.00148035692585	0.584498785955	-0.811393219578
0.505485259515	0.699661798153	0.504933673176
0.862833958519	-0.41089479324	-0.29441977127
-0.0108318071166	0.591873330373	-0.805958201656
0.518547934789	0.692483795005	0.501571759532
0.854979942074	-0.412495032003	-0.314415544001
0.000307436287636	0.588350136515	-0.808606220593
0.517153640028	0.691986545443	0.503693093861
0.855892525802	-0.418328503763	-0.304054672931
0.00208335633354	0.583920100725	-0.81180846375
0.500666657483	0.702125954984	0.506312199418
0.865637663188	-0.407500259098	-0.290886546527
-0.000129688211739	0.588926481965	-0.808186597361
0.492864656213	0.703245648502	0.512376801562
0.870105975137	-0.398260159899	-0.29035225072
-0.0200893531245	0.586037298507	-0.810035007657
0.518274566001	0.698946133142	0.492814143916
0.854978305636	-0.409920225124	-0.317769602246
-0.00772220354046	0.580110898293	-0.814500892496
0.497127881325	0.708965216126	0.500232135337
0.867642914916	-0.401048208195	-0.293864075481
0.739263673653	-0.671804965064	0.0465543741726
0.664447605088	0.716428160838	-0.212697133208
0.10953812547	0.188172206497	0.976008514191
0.736957668043	-0.675227259129	0.0310088353936
0.663720811874	0.714191765006	-0.222271929955
0.127937810007	0.18438621285	0.974491478492
0.735403518088	-0.675518811021	0.0534416428808
0.669067859378	0.711353271405	-0.215231807959
0.107377245188	0.194038314688	0.975099615613
0.725232858224	-0.686092769668	0.05756745329
0.679589295819	0.699925105319	-0.219688950039
0.110434094722	0.198447870158	0.97386998796
0.741843927503	-0.669761755915	0.0329662599717
0.658419749289	0.718201656035	-0.225099559027
0.12708665441	0.188694377345	0.973777907893
0.72408192753	-0.689152658461	0.0278203908783
0.676777600767	0.70214710191	-0.221272512654
0.132956533922	0.179047644755	0.974815111119
0.731414003564	-0.68032763348	0.0467746854775
0.670306464573	0.704637675655	-0.232755224978
0.125390604233	0.201593805278	0.97140986949
0.715702119989	-0.697451283569	0.0364990270028
0.688378224735	0.695638376198	-0.205481545409
0.117923244674	0.172188712875	0.97798014052
-0.220261066521	-0.919020023027	0.326935300031
-0.957309689203	0.267985908903	0.108357602352
-0.187196827135	-0.289111411578	-0.938813631583
-0.205021575001	-0.923278893867	0.324841254353
-0.959967996516	0.254407381551	0.11720957296
-0.19085911572	-0.287806745003	-0.938477190027
-0.213467688297	-0.92586159087	0.311788402216
-0.963511639603	0.252274293499	0.0894600014675
-0.161483787282	-0.281314923288	-0.945930830641
-0.198742956294	-0.921956401195	0.332412059006
-0.967231254901	0.239198178835	0.0851353219028
-0.158003424707	-0.304599274111	-0.939284001322
-0.195597731054	-0.924349096407	0.327597541079
-0.963054981818	0.244102292254	0.113750133344
-0.18511213614	-0.293245185486	-0.937944856026
-0.205864394734	-0.921797443031	0.328495987116
-0.958635438083	0.257395047939	0.121515693816
-0.196566111984	-0.289892119614	-0.936656172789
-0.196340407664	-0.924087188306	0.327893408496
-0.969199321333	0.233600913224	0.0779986224198
-0.148673785369	-0.302479714987	-0.941489981171
-0.208859990274	-0.921493643627	0.327455963995
-0.964710944995	0.249040805365	0.0855087286038
-0.160345677231	-0.298040961643	-0.940989667357
0.106241551479	0.926824873164	0.360154477398
0.858049219325	-0.268486258377	0.43780215385
0.502461073439	0.262516367459	-0.823786297107
0.106179358578	0.920351695286	0.376406003986
0.869031798111	-0.269859708579	0.414684723334
0.483231266294	0.283076743798	-0.828468940526
0.0913096732317	0.926413114678	0.365268506077
0.87305754007	-0.250904607266	0.418111385083
0.478991515901	0.280722887492	-0.831721936069
0.0994500999161	0.920551437921	0.377754001355
0.867997664995	-0.265878195741	0.419396660121
0.486511139607	0.286179235967	-0.825478747384
0.110713236316	0.923212420246	0.367991069691
0.86005068948	-0.274546354524	0.43003651926
0.498047599928	0.268881802053	-0.824404634625
0.0957480023894	0.91956628273	0.38108114461
0.876547226409	-0.259299651936	0.405485435291
0.471688400307	0.295214041039	-0.830869349395
0.11460755189	0.926110096064	0.359416641546
0.870360739318	-0.268015479947	0.413077355532
0.478886641813	0.265482218175	-0.836765593882
0.106364227894	0.925911846044	0.362458560866
0.874482157113	-0.260607878447	0.409106026197
0.473254595202	0.273448417688	-0.837413152624
0.92670684433	-0.00475113318108	-0.375754912499
-0.0464868754222	-0.993687679417	-0.102083905998
-0.37289850891	0.112069532808	-0.921077942293
0.926838191341	0.00697511704111	-0.375396361108
-0.0411655838654	-0.991913544439	-0.120066626808
-0.373197635169	0.126735740462	-0.919056333614
0.926120085534	-0.00236322682917	-0.377221322501
-0.0486735459287	-0.992368910192	-0.113281850266
-0.37407538935	0.123273301375	-0.919167730787
0.924034739758	-0.000719859842737	-0.382307765106
-0.049340325811	-0.991859002692	-0.117387513076
-0.379111168007	0.127333333339	-0.916547639519
0.930565960508	0.00914553961151	-0.366010177704
-0.0369188027606	-0.992250005608	-0.11865807323
-0.364258277985	0.123931817727	-0.923016534951
0.929993237746	-0.0151260254977	-0.367265542175
-0.0534588798953	-0.994098252257	-0.094426876436
-0.363668699886	0.107449942698	-0.925313468282
0.921057514022	0.0102071948125	-0.389292721839
-0.0413288409115	-0.991448240261	-0.12377867111
-0.387227242084	0.130096293902	-0.91275895424
0.924958636454	-0.000153033785152	-0.380067491319
-0.0486655911029	-0.991813372034	-0.118036438199
-0.376938962725	0.127675044863	-0.917393593047
0.809235442108	0.152945435284	0.567226317693
-0.572436192395	-0.0118510854887	0.819863629061
0.132116642763	-0.98816357879	0.0779611824319
0.814983963944	0.132618929268	0.564104036949
-0.567443241356	-0.01476769976	0.823280096881
0.11751303222	-0.991057097085	0.06321827206
0.809024516514	0.135001534087	0.572061106585
-0.574015027421	-0.0278901507614	0.818369626615
0.126436039827	-0.990452766802	0.0549290991518
0.809280693764	0.134001497997	0.571933879423
-0.575137312637	-0.0173278540457	0.817873367219
0.119506633746	-0.990829638095	0.0630461600108
0.816944358441	0.150934681686	0.556615335883
-0.561625718681	-0.0111313301549	0.827316516418
0.131066633404	-0.988481050949	0.0756751253425
0.829177242053	0.129251067931	0.543837535592
-0.550120899981	0.0161051982048	0.834929716757
0.0991569416844	-0.991481113264	0.0844577759506
0.808083119958	0.138152049577	0.572639225305
-0.574856518114	-0.027301317968	0.817798643431
0.128614364446	-0.990034670511	0.0573558720442
0.834899458487	0.128509556834	0.53518986396
-0.538905436213	-0.0068412466774	0.842338496802
0.111909907977	-0.991684680822	0.0635427438794
0.207853886023	-0.671995880774	-0.71078712321
0.977025387117	0.107641979031	0.183941942187
-0.0470976775059	-0.732690099148	0.678930808013
0.196171194288	-0.681564333287	-0.704972997374
0.979219195995	0.0984456760621	0.17730826422
-0.0514454432496	-0.725105863965	0.686713080059
0.221691513933	-0.660592611757	-0.717265837424
0.974065784487	0.115879391676	0.194339452255
-0.045262873702	-0.741747515333	0.669150131876
0.211508919501	-0.67735813586	-0.704592050031
0.975911333878	0.106911035539	0.190176566141
-0.0534889669862	-0.72784339915	0.683654098531
0.188540515527	-0.666425284411	-0.7213389318
0.981662038301	0.106839620867	0.157876477818
-0.0281452800639	-0.737877144237	0.674347966087
0.193534582518	-0.664901387874	-0.721422556877
0.97838823777	0.0762312676392	0.192211459631
-0.0728067123289	-0.74303091014	0.665285087366
0.178123196414	-0.663388038294	-0.726765744712
0.983001624926	0.0865641166107	0.161908833533
-0.044496544029	-0.743251623363	0.667530588092
0.224462847917	-0.670399966956	-0.707234255063
0.973525044202	0.122102287582	0.193235591984
-0.0431902250525	-0.731884478592	0.680058604167
-0.496746716164	0.358873119265	-0.790223304776
-0.845617423147	0.00484260598904	0.53376753441
0.195381577465	0.933373821889	0.301063761521
-0.488224601988	0.342372762752	-0.802756183671
-0.849450391936	0.0245566212816	0.527096682724
0.200176498962	0.939243191418	0.278839612183
-0.497148014133	0.373500278194	-0.783161166561
-0.845682093899	-0.00669100172606	0.533645049677
0.194076445448	0.927605942831	0.319188904246
-0.495981077184	0.370296699714	-0.785419105334
-0.842216329862	0.0150228026107	0.53893042153
0.211363361435	0.928792064844	0.304418874261
-0.501207631811	0.349953703247	-0.791405921254
-0.837291874327	0.0347831844053	0.545648658085
0.218479389872	0.936121010589	0.27557978489
-0.496841827619	0.358184259139	-0.790475899547
-0.841077376403	0.0257238452902	0.540302761435
0.21386200729	0.933296450018	0.288480045814
-0.516534753099	0.372749325331	-0.770876069607
-0.833991709653	-0.0149997732553	0.551573131101
0.194035570083	0.927810881154	0.318617674795
-0.495565674228	0.371030001996	-0.78533523911
-0.838730395676	0.030543748658	0.54368964234
0.225712258281	0.928118441492	0.296057684822
-0.295449628983	0.874077597714	0.385613612619
-0.173567077064	-0.446025065324	0.878029667969
0.939459405628	0.192483716841	0.283489042951
-0.302394204473	0.866169533553	0.397879461789
-0.188738637743	-0.463567806234	0.865726628486
0.934310148501	0.186695494834	0.30365989021
-0.274630690511	0.871777198784	0.40568763333
-0.17005617214	-0.459295005105	0.87185374152
0.946392539317	0.170448126906	0.274387632189
-0.284056725638	0.86702790722	0.409358715348
-0.17944364384	-0.467475170198	0.865602184477
0.941866194539	0.172423232737	0.288371975641
-0.277671228847	0.870619960247	0.406102903693
-0.167065463842	-0.460046365777	0.872035817094
0.946037956088	0.174293489047	0.273192171216
-0.282991343653	0.871008830999	0.40157150887
-0.170552638436	-0.45771263271	0.872588749815
0.94383677505	0.178445916463	0.278081440501
-0.277149890477	0.871913886126	0.40367578473
-0.156888940874	-0.455561921897	0.87627006393
0.947931339406	0.179525875264	0.263052562737
-0.285290792905	0.872225497716	0.39728047291
-0.176890830642	-0.455303321177	0.872587210529
0.941975969469	0.178665853135	0.28418259381
0.166433881445	0.756903595825	-0.631976210267
0.64256191959	-0.56939610957	-0.512734840833
-0.747937940748	-0.320748786651	-0.581122861928
0.172194002537	0.753981688476	-0.633928540026
0.648536541915	-0.571167385004	-0.503166788762
-0.741454067503	-0.324481242841	-0.587338508028
0.154434183325	0.74828483975	-0.645153092043
0.632603847147	-0.576476528143	-0.517196374201
-0.758923636572	-0.328252213263	-0.562396887394
0.169077100026	0.747035771915	-0.642924247581
0.634795159408	-0.581540391255	-0.508771038461
-0.753955660659	-0.322103119302	-0.572540409966
0.147115010627	0.761837230732	-0.630839703957
0.628266440441	-0.56456885517	-0.535293140766
-0.763960717598	-0.31758699691	-0.561692076385
0.168395127298	0.761558866685	-0.625836170356
0.638548648542	-0.567954791135	-0.519309623954
-0.750931716602	-0.312177761313	-0.581933075882
0.143697362155	0.758430765984	-0.63571766907
0.623191939709	-0.56836806957	-0.537210616274
-0.768756130278	-0.3189768223	-0.554322514778
0.158842231825	0.74260521413	-0.650621328989
0.630663399707	-0.583340221263	-0.5118404381
-0.759627733866	-0.329020445796	-0.5609937474
-0.211753075912	0.446272625606	-0.869483386856
-0.91628827246	-0.400124398273	0.0177833160968
-0.339965319019	0.80046310859	0.49364196128
-0.202102162718	0.463123519265	-0.862943435642
-0.914175521291	-0.405304203484	-0.00341745316409
-0.351337278816	0.788191073673	0.505288995571
-0.208104665765	0.422733650779	-0.882036637682
-0.912317408944	-0.409032706822	0.019211941062
-0.352660339492	0.808695501311	0.470788951417
-0.199992414315	0.432326554071	-0.879259232628
-0.914000363339	-0.405625361478	0.00845088869418
-0.352996293651	0.805333367214	0.476268611315
-0.194805938231	0.44429619879	-0.874443590441
-0.921468150909	-0.388372572247	0.00795362728913
-0.336076110401	0.80732131216	0.485062029275
-0.196242378282	0.446096381312	-0.873205000147
-0.915410110587	-0.402522484301	8.98170642681e-05
-0.351444566235	0.799358303399	0.487353085813
-0.198571355585	0.416227970005	-0.887312641979
-0.915258106112	-0.402550420739	0.0159935644891
-0.350531092525	0.815295941296	0.460890979705
-0.211365120071	0.422445007695	-0.881399448647
-0.911837628948	-0.409951468562	0.0221791849052
-0.351961519255	0.80838109409	0.471850707145
0.935830001607	0.169879206646	0.308809428585
0.031833552945	0.831853823054	-0.554081078745
-0.351011157858	0.528356198095	0.773065905849
0.937478893497	0.199071112354	0.285489082065
-0.00521280264034	0.828210757576	-0.560392510981
-0.3480030897	0.523867952733	0.777467823062
0.947495937626	0.167932003803	0.27212182939
0.0104940059329	0.834209963476	-0.551347088398
-0.319595562816	0.525254774509	0.788648272093
0.945754247942	0.185435087356	0.266763435742
-0.00670941646145	0.832079400617	-0.554615951891
-0.324813617328	0.522740565423	0.788186789007
0.94298617796	0.173080424607	0.284289000277
0.0130494160726	0.834268915761	-0.551203312316
-0.33257597899	0.523486910424	0.784445457734
0.939399927288	0.191557795275	0.284312131381
-0.00366208632466	0.834885495206	-0.550411482462
-0.342803684497	0.51601533114	0.78499287464
0.948111014374	0.18558959704	0.258151129975
-0.0124654654031	0.833024900381	-0.553095043876
-0.317695005641	0.521177529119	0.792113543999
0.945097372503	0.189350024976	0.26634099549
-0.0106140447854	0.832381109585	-0.554102007378
-0.326616441549	0.520853396426	0.788690969097
-0.0689024572211	-0.835837489577	-0.5446357896
-0.0382527435443	0.547745308198	-0.835770186919
0.996889753136	-0.036752805996	-0.0697140749912
-0.0925199036583	-0.864784940036	-0.493545414012
-0.0328391183928	0.498051918142	-0.866525175339
0.995169161755	-0.0639632291255	-0.0744784906986
-0.0796073339349	-0.840597100998	-0.535779108153
-0.0257378280862	0.539039001731	-0.841887490842
0.996494005574	-0.0532306004498	-0.064546616163
-0.0688136106343	-0.859651323266	-0.506225565224
-0.0184518693456	0.508438316437	-0.860900704087
0.997458895893	-0.0499008635888	-0.0508496582206
-0.0592228893919	-0.841376832433	-0.537194248778
-0.021971518852	0.53910710708	-0.84195057648
0.998002949613	-0.0380597782387	-0.0504138043388
-0.0610430830089	-0.858990769846	-0.508339035173
-0.0058161211322	0.509586268875	-0.860399904645
0.998118174414	-0.0495649119681	-0.0361027052921
-0.0811335956774	-0.84408074798	-0.530042529961
-0.0240109040766	0.533296616446	-0.84558749888
0.996414004901	-0.0558787317939	-0.063535425804
-0.0887773243034	-0.849468337179	-0.520117454959
-0.0239272432334	0.52384734893	-0.851476046552
0.995764083432	-0.06314677309	-0.0668312097692
0.92966199843	-0.114846629369	0.350055451913
-0.0847288643004	0.858049634273	0.506529212085
-0.358538125233	-0.500560760411	0.787965313277
0.928711452624	-0.0926120694012	0.359051587973
-0.116850767586	0.845875394416	0.520423593076
-0.351910409536	-0.525278804747	0.774752374889
0.913404408235	-0.127845855111	0.386455459177
-0.0921816170755	0.859765800547	0.502300023654
-0.396478163422	-0.494427144906	0.773528834614
0.918132784074	-0.123914780949	0.376400475956
-0.0894059044468	0.860586019173	0.501396338824
-0.386055404686	-0.494000841495	0.779053524653
0.914905039738	-0.118033917898	0.386026893347
-0.107218968028	0.850889010889	0.514287841454
-0.389169450313	-0.511913943157	0.765827169451
0.918138794964	-0.101425015192	0.383058898835
-0.121624850493	0.847897170552	0.516021108911
-0.377132005306	-0.520368480399	0.766151484114
0.924290851068	-0.102233217271	0.367742830758
-0.10323812178	0.860589527569	0.498725927673
-0.367461985107	-0.498932891287	0.784880661522
0.930800360394	-0.0873983962529	0.354925636779
-0.114897610068	0.851820622087	0.511077453205
-0.347000326385	-0.51649118512	0.782833075179
-0.957158804655	-0.27383896658	-0.0941025407728
0.263003409414	-0.958143288319	0.113078242042
-0.12112916426	0.0834847445268	0.989119811252
-0.95869979746	-0.264258580456	-0.105166959419
0.255657536735	-0.962708865982	0.088480774747
-0.124627086176	0.0579398502277	0.990510501409
-0.965215604397	-0.248456287262	-0.0814250474797
0.241645079973	-0.966630525818	0.0850576929762
-0.0998409753667	0.0624229855849	0.993043381039
-0.957546457269	-0.268361561887	-0.105302749102
0.259388900407	-0.961430641207	0.0914895556312
-0.12579346252	0.0602910652202	0.990222702883
-0.96244844507	-0.2621057993	-0.0706619003186
0.253281884807	-0.960691167563	0.113667635623
-0.0976772287259	0.0915018826757	0.991002806482
-0.964619784559	-0.247352296043	-0.0912380593721
0.237960836362	-0.965839947766	0.102599734673
-0.113499701292	0.0772587007373	0.990529608605
-0.958487956356	-0.262220539252	-0.111992025143
0.24994698902	-0.96169586459	0.112554678749
-0.137216353184	0.0798901860222	0.987314153141
-0.957800270659	-0.261623073952	-0.119050212377
0.250475864275	-0.962860969851	0.100804468939
-0.141001515263	0.0667313023901	0.98775782046
0.216799107213	-0.144101308851	0.965522051288
0.252113101812	-0.947228739095	-0.197980758044
0.943099677994	0.286342818049	-0.169028389047
0.202000666264	-0.136765678545	0.969788884912
0.253853450397	-0.949049147608	-0.186716810561
0.945914244447	0.283901199006	-0.15698972352
0.192711717049	-0.160650145681	0.968015519291
0.23096566233	-0.951364183422	-0.203867184014
0.953686205059	0.262865928918	-0.14623467838
0.204364526757	-0.138190074952	0.969091421337
0.241583139508	-0.952243226893	-0.186733215227
0.948615974159	0.272277817951	-0.161219885121
0.204928711624	-0.148601033539	0.967430543227
0.25647438243	-0.945718114161	-0.199594325943
0.944576632304	0.289023764806	-0.155692336693
0.204206352157	-0.161472477247	0.965518714584
0.25604286022	-0.943157712985	-0.211885680468
0.944850148357	0.290482575982	-0.151254904578
0.212154494449	-0.143125476072	0.966698501027
0.24060983794	-0.951114112823	-0.19362308384
0.947152469075	0.273675155629	-0.167346158376
0.200243716298	-0.156881752002	0.967104147075
0.235586268318	-0.950425101598	-0.202955409437
0.951000223755	0.268477008194	-0.153357329437
-0.347348735888	-0.239967972539	0.906512036519
0.839628621437	-0.510065930245	0.186698555464
0.417579307752	0.825983017201	0.378654863079
-0.335323361789	-0.238379048736	0.911445906792
0.842235592573	-0.509347928269	0.176646141639
0.422134360704	0.826885773173	0.371567604851
-0.335630201728	-0.236693130576	0.911772298495
0.843608660853	-0.506197982131	0.179131304404
0.41913815109	0.829300885579	0.369571710182
-0.325192871302	-0.244642519606	0.913454741014
0.851291901218	-0.496343999909	0.170131282951
0.411766469253	0.832942130114	0.369669784134
-0.332110099869	-0.249306531796	0.909697322343
0.848938150158	-0.499346984008	0.173080041486
0.411104588006	0.829758360463	0.377483933415
-0.33491059008	-0.238730306526	0.911505781335
0.844300528268	-0.505505757792	0.177821836286
0.418319933337	0.829139209204	0.370859312469
-0.332131828313	-0.255267491082	0.90803470881
0.847023109456	-0.504293294907	0.168048238128
0.415018525433	0.824940522879	0.383709254931
-0.330376340501	-0.245330183457	0.911408008341
0.847292573501	-0.50255312666	0.171859333505
0.415868670944	0.829007500996	0.373898119537
0.633909358058	0.486451746243	-0.601268120782
0.182805479783	-0.849639210042	-0.494665542285
-0.751492389218	0.203657901247	-0.627520073148
0.619243333944	0.509039919128	-0.597842875001
0.191071759214	-0.836193274029	-0.514074535482
-0.761596563337	0.204106359369	-0.615070302488
0.636932659021	0.488325607711	-0.596535638327
0.18134836548	-0.846990318623	-0.499719476605
-0.749285951609	0.210106843805	-0.628032749655
0.63918094684	0.485524297659	-0.596417651612
0.185975716416	-0.850084987645	-0.492716219139
-0.746231124837	0.204015676069	-0.63365396964
0.636293971126	0.494891666192	-0.591787213143
0.186599262375	-0.843068222286	-0.504396771448
-0.748538965042	0.210517520649	-0.628785555257
0.64175171492	0.49914914396	-0.582241400087
0.191112906005	-0.839338224098	-0.508908758316
-0.74271850189	0.215319295969	-0.634040729322
0.631620524548	0.497200372221	-0.594850911292
0.190317499044	-0.843235141946	-0.502727824179
-0.751555098685	0.204322797331	-0.627230795031
0.629782708218	0.500074849271	-0.594389571985
0.180300877237	-0.838416603746	-0.51434383268
-0.755556359133	0.216755921892	-0.618184275314
-0.351994659482	0.105821168813	0.930000909214
0.809122300538	0.533904997546	0.24549251317
-0.470553837175	0.838896508207	-0.273553985676
-0.346558048303	0.096448650198	0.933056899997
0.809171301858	0.533893257035	0.245356464956
-0.474488487748	0.840033123467	-0.26306848533
-0.323903459442	0.0904077274783	0.941760609037
0.819439513801	0.524335559725	0.231497565987
-0.472869416588	0.846698696496	-0.243917777066
-0.327705177075	0.0972499149726	0.939761554784
0.81204665926	0.537399077529	0.227557592174
-0.482897037678	0.837702028533	-0.255079930221
-0.329678227946	0.0755541600822	0.941065264234
0.808094164038	0.537987583637	0.239902440028
-0.488155799619	0.83955996068	-0.238417668362
-0.312768761633	0.0761258298621	0.9467737509
0.80585731511	0.548883329932	0.22208347401
-0.502762036206	0.832425335854	-0.233020111318
-0.333721920886	0.088917001544	0.938468627197
0.80194090998	0.550069201939	0.233054976934
-0.495500125426	0.830371972197	-0.254876315543
-0.318967470821	0.0972221213489	0.942765949729
0.814433971336	0.536857139957	0.220185662884
-0.484723718402	0.838052670735	-0.250420967412
0.751381930262	-0.264557769184	-0.604511677613
0.511366764421	-0.345545030835	0.786830726454
-0.41704821526	-0.900337573697	-0.124350229293
0.765183936491	-0.264952262333	-0.586765568411
0.491572509119	-0.348109414158	0.798233204077
-0.415752332366	-0.899233050158	-0.136124474189
0.757105222658	-0.286285314517	-0.587224318091
0.495458837791	-0.334249454827	0.801746741705
-0.425807727877	-0.897952123708	-0.111219417986
0.755684910753	-0.304219429242	-0.579992113465
0.490339274658	-0.324268545664	0.808960623624
-0.434174744243	-0.895712249396	-0.0958741099623
0.773917507869	-0.244508330477	-0.584180938136
0.488026510226	-0.357605921	0.796208601702
-0.403586195837	-0.901295561087	-0.157430937009
0.768618898484	-0.250294671843	-0.588708380329
0.496794505527	-0.346224505409	0.795816409955
-0.403013894426	-0.904146623244	-0.141769671697
0.764316642656	-0.280414688031	-0.580678632928
0.490535688957	-0.331672564048	0.805833767471
-0.418562790824	-0.900755752506	-0.115949450577
0.750785205474	-0.287595680062	-0.594651411585
0.506264666017	-0.327711581698	0.797684908854
-0.424284885935	-0.899941026224	-0.10044147748
-0.993360004517	-0.0687894547963	0.0922170593895
-0.0706030006194	-0.268370290133	-0.96072506503
0.0908360690318	-0.960856620513	0.261731524045
-0.991150394984	-0.0767759292016	0.108288194467
-0.0829816220889	-0.278367212359	-0.956883343894
0.103609491656	-0.957401243012	0.269532792914
-0.99419388809	-0.0583109715233	0.0904346730718
-0.0703734615097	-0.283435253009	-0.956405818159
0.0814013231387	-0.957216978377	0.277685995811
-0.993360916967	-0.0790939634572	0.085138951326
-0.0589684178959	-0.288363599317	-0.955794921517
0.100136016393	-0.954340270161	0.281611220133
-0.989495751305	-0.081667399588	0.119283647764
-0.0930411504535	-0.271750558358	-0.957859579961
0.110641299259	-0.958896275123	0.261297597502
-0.991588722232	-0.0725685971461	0.107171280673
-0.0834213512622	-0.274754010627	-0.957888909114
0.0989583894699	-0.958772174585	0.266389157819
-0.991864309437	-0.0639668863284	0.107837289619
-0.0855491694081	-0.283260956048	-0.955056228559
0.091662332463	-0.95674411289	0.275794391518
-0.99077348625	-0.0880106585716	0.103062791539
-0.0737755122279	-0.287671176249	-0.954883455647
0.113688120829	-0.95367676078	0.278523996663
0.743198801055	0.610910211691	0.272844728124
0.256122206339	-0.636502707783	0.727506464994
0.618107553613	-0.470800333941	-0.629515715605
