-0.162844832263	-0.859792032949	0.483982674856
0.706919452437	0.240522184143	0.665142069411
-0.688292421322	0.450451711964	0.568635912718
-0.157085160939	-0.849034445207	0.504444971395
0.708356542666	0.259053909262	0.656598856876
-0.68815349071	0.460468849371	0.560725600551
-0.143561595522	-0.860189835615	0.489350115495
0.704162915163	0.25865485004	0.661250535558
-0.695373768372	0.439512375901	0.568580866226
-0.13979964944	-0.856988300831	0.496011216484
0.709094474762	0.262986756995	0.654234669103
-0.691115837253	0.443180582418	0.570920202062
-0.151519584183	-0.860344634783	0.486671265365
0.708449794519	0.24882440287	0.660443261955
-0.689304504393	0.444852248523	0.571809212537
-0.158514171152	-0.854260394447	0.495088362798
0.710800638325	0.249296732689	0.657733703443
-0.685299759999	0.456169212648	0.567691736236
-0.150555776497	-0.858411129409	0.490370587118
0.701956097192	0.256452519581	0.664446955596
-0.696125432246	0.444254940425	0.563956504254
-0.149373824637	-0.854888822197	0.496842647051
0.706145499588	0.259497106496	0.658801806122
-0.692131524826	0.449250918776	0.564913785158
0.792340948354	0.215058229375	-0.570916606401
0.245894230413	0.743854017748	0.621463770279
0.558329509283	-0.632796292892	0.536504420059
0.787206716194	0.197350215167	-0.584258912512
0.2787261419	0.731262193828	0.622549065976
0.550106646113	-0.652923038573	0.520647846213
0.776046277682	0.224812713169	-0.589246484506
0.252972599767	0.744893182011	0.617364569646
0.577717092764	-0.628166691321	0.521200124658
0.77835219942	0.22366485682	-0.586636072961
0.252114228277	0.744392551621	0.618318802149
0.574983709487	-0.629169100492	0.523010487018
0.785288444147	0.199546538034	-0.586091492997
0.261654980222	0.750980818295	0.606270963611
0.561122740878	-0.62945133978	0.537524212922
0.787686949707	0.218927227922	-0.575864686898
0.264264487692	0.724302100994	0.636828663274
0.556519136497	-0.653802213744	0.512668620871
0.779219865951	0.206257936074	-0.591839558838
0.266262632324	0.745906761874	0.610513973774
0.567380481006	-0.633309375702	0.526306586005
0.780547385404	0.222536656152	-0.584143146496
0.254194798957	0.740732042295	0.621852913038
0.571078613777	-0.633871815069	0.521608798327
0.942915122315	-0.186969712167	0.275596443383
0.0760808216642	0.92658413248	0.368311763311
-0.324226435455	-0.326319127773	0.887914999817
0.948473720798	-0.168993547083	0.268027575166
0.0627759550804	0.929352345151	0.363817807044
-0.310574917643	-0.328245941792	0.892075008189
0.950714298649	-0.177620528485	0.254152060465
0.0811599658475	0.933639193676	0.348899577937
-0.299258052392	-0.31107684485	0.902039807298
0.958265416829	-0.165892777899	0.232823919628
0.0707599390951	0.926706192112	0.369064581373
-0.276984516408	-0.337187218687	0.899769058252
0.948857961201	-0.17432595253	0.263209103512
0.0662817338105	0.92514277227	0.373788152985
-0.308666975332	-0.337225909181	0.889383711033
0.952457771666	-0.176480457923	0.248352254424
0.074966795006	0.925841370976	0.370402129007
-0.295303528514	-0.334174214291	0.895054983231
0.949887804572	-0.183241737613	0.253250121262
0.0811356254136	0.92692702369	0.366364985301
-0.301877737853	-0.327458024428	0.895344108589
0.951845640449	-0.18169826073	0.246932419668
0.077860029513	0.922308717398	0.378529321659
-0.296526042094	-0.34107531954	0.892042563546
-0.611590865237	0.728197328293	-0.309332238632
0.369217745507	-0.0831016951557	-0.925620413815
-0.699739979702	-0.680311358963	-0.21803967386
-0.617535438075	0.732059067996	-0.287645045386
0.362616843494	-0.0595457528753	-0.930034106079
-0.697967890368	-0.678633873763	-0.228685411317
-0.585287829427	0.754279115632	-0.29749100615
0.364626952842	-0.0828593508309	-0.927459608976
-0.724213413491	-0.651304196779	-0.22653380148
-0.587663951027	0.757954923864	-0.283116793167
0.373119829651	-0.0566158534086	-0.92605401636
-0.717936193477	-0.649845198401	-0.249536786183
-0.614731777528	0.733093220956	-0.290997835381
0.347594697244	-0.0793838152617	-0.93427860767
-0.708013656122	-0.675479770008	-0.206019824565
-0.626538256469	0.722900673821	-0.29131390055
0.359880969002	-0.0632057495874	-0.930854608851
-0.691328330835	-0.688054671126	-0.220557085656
-0.608385178237	0.734863170625	-0.299739509987
0.3549723413	-0.0858338181636	-0.930928199739
-0.709832579064	-0.672762065381	-0.208636159879
-0.605540090553	0.739416978588	-0.294250475045
0.37550746583	-0.0605206360248	-0.924841142651
-0.701651589747	-0.670521832462	-0.241008752015
0.584520250235	-0.69740139672	0.414689488567
0.541037865194	0.715892391236	0.441334470276
-0.604660324894	-0.0336062208669	0.795774160737
0.589529343375	-0.691101960455	0.418130635589
0.533116110052	0.721795031969	0.441360557307
-0.606829763085	-0.0372828190737	0.793956943075
0.572554886081	-0.697359308858	0.43112748184
0.543781891208	0.716549854144	0.43687248388
-0.613581425764	-0.0156941621598	0.789475478769
0.589425509307	-0.693719086508	0.41392196934
0.539028766294	0.719389493142	0.438094448016
-0.601685596301	-0.0351081940376	0.797961062509
0.591878510374	-0.682944185077	0.428097049223
0.532445662679	0.73001994336	0.428453624329
-0.605129291786	-0.0256540830369	0.795713777383
0.584579499363	-0.693940026475	0.420373712958
0.540089147376	0.71947997898	0.436637469149
-0.605450684844	-0.0282100378067	0.795382717249
0.59105409653	-0.682371789219	0.430143921222
0.52939558625	0.730496434971	0.431410789835
-0.608601154243	-0.0272708196468	0.79300752568
0.579750506975	-0.69908700086	0.418529214752
0.52557268046	0.713371226036	0.463545945638
-0.622625646698	-0.04877347017	0.780998365426
0.230700913299	-0.948442794138	-0.217332078384
-0.808839834982	-0.0627687657544	-0.584669166353
0.540883617235	0.310670531247	-0.781619120668
0.225161602737	-0.948585116311	-0.222460262224
-0.813812219544	-0.0575563081884	-0.578270693758
0.535734974102	0.311245242617	-0.78492963071
0.218223681936	-0.953557953576	-0.20761892852
-0.811583444814	-0.0591805138722	-0.581231393134
0.541950830253	0.295338533605	-0.78680643724
0.217638871243	-0.951869886685	-0.215817142319
-0.817077558804	-0.0567380764127	-0.573729074899
0.533870380331	0.301205091771	-0.790099934168
0.242595474074	-0.945595986601	-0.216785017708
-0.81165946221	-0.075438802386	-0.57923916908
0.531372215292	0.316476425212	-0.785803044398
0.235475892959	-0.944663156792	-0.228391601126
-0.816556681916	-0.0648610397324	-0.573609945201
0.527054445465	0.321566018439	-0.786644226866
0.237888876891	-0.948060817715	-0.211162424625
-0.797252781388	-0.066413588204	-0.599981032903
0.554794454037	0.311078644698	-0.771643177809
0.226168543446	-0.949790632467	-0.216206872495
-0.818430518846	-0.0649248813437	-0.570925619463
0.528222626416	0.306075695892	-0.792021601964
0.947557830368	-0.200673974557	0.24872508128
-0.115808359785	-0.940989229098	-0.318008835808
0.297863448456	0.27252734135	-0.914881475122
0.945746315613	-0.210430139477	0.247554026409
-0.12783750313	-0.941473315075	-0.31190250929
0.298699535294	0.263333930415	-0.917295734228
0.947392353299	-0.193193433282	0.255194132736
-0.110216309723	-0.94544493345	-0.306572912211
0.300499772241	0.262318285232	-0.917000382436
0.948586644994	-0.194688576599	0.249559005792
-0.108590196212	-0.940774374732	-0.321170237799
0.297307094629	0.277558120946	-0.913547249716
0.950987167294	-0.190032606167	0.243948725029
-0.107139212233	-0.942508567606	-0.316539682612
0.290076819225	0.274888686671	-0.916673469252
0.944796573393	-0.212045241683	0.249792391952
-0.129652727931	-0.942075968917	-0.309326108069
0.300914595421	0.259863976866	-0.917562383174
0.947234700588	-0.190377355344	0.257881441119
-0.106295869476	-0.945557232074	-0.307605233537
0.302402981522	0.263962599887	-0.915900911497
0.943451824384	-0.214012122836	0.25317478417
-0.129503539886	-0.940947979005	-0.312803301425
0.305167975412	0.262327816872	-0.915454418552
-0.995606218633	0.0739823146783	0.0573186519513
-0.0880779684461	-0.533636908343	-0.841110374265
-0.0316398833921	-0.842467214399	0.53781569574
-0.995206025059	0.0833530066368	0.0510580967972
-0.0887141959908	-0.550895962515	-0.829840594432
-0.0410419833055	-0.83039622893	0.555657593707
-0.994588104169	0.0716687799755	0.0752682889543
-0.102338904017	-0.549046794667	-0.829505863821
-0.0181239639677	-0.832716527617	0.553404304789
-0.994537840691	0.0739691174804	0.0735202941514
-0.101605594975	-0.528265731222	-0.842969730523
-0.0235152517044	-0.845842912819	0.532909585886
-0.995831196497	0.0711236722641	0.0572392581673
-0.0866094626613	-0.537687467908	-0.838690824483
-0.0288740438698	-0.840145773861	0.541594627269
-0.995616368365	0.0680109241462	0.0645045319555
-0.0913120901728	-0.548245481036	-0.831335484691
-0.0211759919317	-0.833565294452	0.552022706861
-0.996696489261	0.0640141552506	0.0502077377767
-0.0770045632305	-0.543205712971	-0.836071322575
-0.0262474045723	-0.83716614069	0.546323204385
-0.995005371099	0.0704195522262	0.0706791116105
-0.0969942859815	-0.516733466562	-0.850629846522
-0.0233785936429	-0.853240947196	0.520990364247
-0.988272043197	0.0750874383756	-0.132998124804
0.0700206263372	0.996644925483	0.0423794564411
0.135734065328	0.0325696643993	-0.990213989248
-0.989456531446	0.0610465725762	-0.131363761353
0.053524857561	0.9967592821	0.0600502717847
0.13460390575	0.0523856993372	-0.989517496929
-0.984885592517	0.0676434763549	-0.159446197776
0.0548923776327	0.995031065222	0.0830662507654
0.164272811981	0.0730584371925	-0.983704868953
-0.985653210512	0.0583747364822	-0.158362302577
0.0465429909769	0.995911407099	0.0774223228192
0.162234332765	0.0689409618473	-0.984340208559
-0.984411270644	0.0742878464849	-0.159420113462
0.0681425703556	0.996718864075	0.0436817405804
0.16214205752	0.0321375204309	-0.986243447902
-0.983399111088	0.0699840365055	-0.16744908345
0.0615030592385	0.996572931422	0.0553153204328
0.170746404407	0.044098136068	-0.984333174009
-0.985641328945	0.0681866576745	-0.154485896556
0.0524546263589	0.993222430699	0.10371947487
0.160511135729	0.0941264947239	-0.982537792488
-0.987877106481	0.0719310314114	-0.137614470221
0.0636217564995	0.995928770391	0.0638606531268
0.14164775958	0.054330816651	-0.988431622013
-0.881526586629	-0.221797425455	-0.41679246316
-0.471479419774	0.367095129818	0.80184041178
-0.024843752033	0.903353082297	-0.428176800999
-0.884500076803	-0.239135790347	-0.4005914452
-0.464634064315	0.373987824524	0.802650754031
-0.0421262206958	0.896073166903	-0.441902842121
-0.878841356924	-0.241475883556	-0.411494322959
-0.474991831613	0.36155440093	0.802285037056
-0.0449548670089	0.900537571923	-0.432448122265
-0.885780355683	-0.225577725037	-0.405597506047
-0.462938187583	0.367481543807	0.806626337087
-0.0329071636804	0.902259665048	-0.429936904427
-0.895460678748	-0.222577798412	-0.385495837471
-0.443899992153	0.381957809048	0.810592557053
-0.0331770104085	0.896976376633	-0.440829843625
-0.887941907824	-0.221961740932	-0.402851682527
-0.459744606695	0.401962144371	0.791871506944
-0.0138343473881	0.888345975652	-0.458964018838
-0.895318606475	-0.208110695572	-0.393822163992
-0.444514831396	0.360868529591	0.819866409551
-0.0285047913865	0.909100821267	-0.415601002849
-0.894233405253	-0.221062422839	-0.389201945498
-0.446059049216	0.368009221521	0.815843478621
-0.0371224161829	0.903161481799	-0.42769307182
0.885348522716	0.0130438675125	-0.464744928992
-0.457887018942	0.197769644291	-0.866733311315
0.0806068817615	0.980161727767	0.1810676808
0.888189296168	0.0235296028944	-0.458874850508
-0.454671972683	0.189071577339	-0.870359299538
0.0662809768947	0.981681348923	0.178629603767
0.888039051362	0.0417656882901	-0.457867090675
-0.456505892495	0.198518034112	-0.867290594834
0.054671890018	0.979206940872	0.195358048438
0.888109922837	0.0362706931373	-0.458197770453
-0.455691627965	0.199721394175	-0.86744248781
0.0600491484636	0.979181171324	0.193902805509
0.894057920353	0.0354634472203	-0.446545382642
-0.443501090162	0.21024500902	-0.871265641276
0.0629858545434	0.977005311426	0.203699293129
0.896026185982	0.0335741049503	-0.442730001256
-0.441434036299	0.174435378232	-0.880175149842
0.047676683321	0.984096073704	0.171119419079
0.888306777122	0.0359759467112	-0.457839275842
-0.455729161723	0.192271703189	-0.869104443868
0.0567626849359	0.980682076136	0.1871915443
0.899401254102	0.0349891253845	-0.435721411222
-0.433141582356	0.205580889235	-0.877567599153
0.0588706779841	0.978014459277	0.200054953328
0.201779870111	0.680115578082	0.704789090053
-0.368393572662	0.719450351452	-0.588793137977
-0.907508146866	-0.14083317847	0.395720812939
0.202658948586	0.674894849464	0.709539491646
-0.376767446592	0.722536192925	-0.57964449469
-0.903867047318	-0.149861239829	0.400706835076
0.197969501881	0.682916341174	0.703159570615
-0.375189008366	0.715521014697	-0.589290164311
-0.905561328013	-0.147156245906	0.3978740333
0.200752407431	0.669450386071	0.715216522129
-0.35770242045	0.729762329279	-0.582662791516
-0.912001903145	-0.138863713052	0.385965561648
0.201625686997	0.67459691623	0.710116943643
-0.356337238757	0.725846003734	-0.588363278887
-0.912343600466	-0.134411964795	0.386733204237
0.199517570173	0.688873599873	0.696882982958
-0.354758788242	0.713717996654	-0.603947696085
-0.913421551477	-0.126727190609	0.386783247176
0.202757746368	0.667196530249	0.716755246857
-0.379462820146	0.728301292134	-0.570600731843
-0.902716601154	-0.156288249963	0.400845006342
0.197344955734	0.673901331019	0.711977487232
-0.35789211433	0.725658383612	-0.587650523029
-0.912670904968	-0.13884127184	0.384389000172
-0.452519865143	0.797375069548	0.399263506617
0.861755298068	0.275877703872	0.425752978244
0.229338517275	0.536731581607	-0.811981400372
-0.454531924141	0.792034294	0.407544506423
0.855396296373	0.260524328828	0.447693415181
0.248410997621	0.552099533574	-0.79592121069
-0.455675673916	0.799608473274	0.391131697636
0.851906601879	0.264343436339	0.452080409219
0.258094666939	0.539210389544	-0.801646347814
-0.454482358162	0.79489068989	0.401996742424
0.856419014971	0.265827585937	0.442589651494
0.244947056707	0.545424531846	-0.801574355096
-0.427282877694	0.802646841764	0.416155326421
0.871337558984	0.242759581348	0.426424098419
0.241242754514	0.54481620829	-0.803103067178
-0.448930217234	0.794985115232	0.407987173215
0.854418933095	0.248253436434	0.456437283325
0.26157819809	0.553502821493	-0.790697842066
-0.444422287078	0.800941646093	0.40123330765
0.86190682649	0.260230377388	0.435201430282
0.244156323006	0.539236628971	-0.805990149562
-0.459743825333	0.786311024334	0.412735362338
0.860760980751	0.280229833799	0.424925547173
0.218462903785	0.550623428156	-0.805659770318
-0.834711914984	0.532158770634	0.141646847329
-0.504581770824	-0.842120781237	0.190343366044
0.220576569638	0.0874094004203	0.971445101687
-0.832231453527	0.531985884834	0.156146489144
-0.498536342453	-0.841274616355	0.209089537307
0.242594771148	0.0961661982973	0.965349593373
-0.839526055089	0.52755623836	0.129926066761
-0.500145497137	-0.843811529638	0.194517221921
0.212251853113	0.0983203096922	0.972256279512
-0.83967324399	0.529542159921	0.120556229173
-0.497366207951	-0.838944539297	0.220904448635
0.218118221877	0.125526973612	0.96781579742
-0.8302173311	0.539752560631	0.13930808294
-0.516367537006	-0.838794139983	0.172595900304
0.210009845973	0.0713579103424	0.975091748746
-0.842098428045	0.519110671638	0.146267342841
-0.484159537198	-0.847118943085	0.219040694238
0.237612220919	0.113637114467	0.964690123621
-0.834098463505	0.5405342444	0.11001061402
-0.51086862244	-0.832193273992	0.21556311575
0.208069351834	0.123599906538	0.970273263325
-0.852575487853	0.509432190517	0.116596622772
-0.482197231194	-0.852848546145	0.200339909563
0.201498782641	0.114582251677	0.972763671867
-0.0239270692564	0.58270705575	-0.81232994836
0.505838998499	0.707926827774	0.492916324957
0.862295984811	-0.399114122765	-0.311694567657
0.00213066619361	0.583618464483	-0.812025241208
0.504954340471	0.700269495877	0.50462239393
0.863143451857	-0.411110854066	-0.293208636376
-0.0106028736724	0.591422100992	-0.806292417358
0.518689652414	0.692627306824	0.501226948283
0.854896840741	-0.412901087024	-0.314108363801
0.0010847701142	0.587758441691	-0.809035772229
0.517319281821	0.692037127582	0.503453461642
0.855791812991	-0.419075937753	-0.303308073823
0.00257684030057	0.583225018999	-0.812306546347
0.499835528156	0.702805590292	0.506190422184
0.866116500719	-0.407324042909	-0.289705567607
0.000442078694659	0.588332298691	-0.808619150513
0.491683575804	0.703996641547	0.512480239431
0.870773842937	-0.397811313112	-0.28896210653
-0.0204716701535	0.585408353128	-0.810480091475
0.518477761068	0.699342351323	0.492037690876
0.854846026994	-0.410143070223	-0.317837918194
-0.00741473287725	0.579144799573	-0.81519098354
0.496392929418	0.709810439342	0.49976314856
0.868066298241	-0.400949430929	-0.292746438459
0.739327706015	-0.671624951775	0.0481089631295
0.664556867664	0.716306611022	-0.212765161986
0.1084376218	0.189274321203	0.975918292676
0.736996306552	-0.67514902136	0.0317842439771
0.663697662142	0.713999711327	-0.222956991687
0.127835255212	0.185413607463	0.974309982096
0.735232403612	-0.675551600067	0.0553475646768
0.669478588493	0.710997344334	-0.215130660087
0.105979888747	0.195225041955	0.97501561352
0.724607369402	-0.686584011568	0.0595530009981
0.680429085242	0.699036150547	-0.219919815565
0.109363727194	0.199877113198	0.973698472444
0.742053999466	-0.669487295131	0.0338027348948
0.658219876309	0.718164451424	-0.225801719702
0.126895459576	0.189806701266	0.9735866467
0.723400771735	-0.689848418902	0.0282928447162
0.67744201832	0.70128750639	-0.221964294604
0.133280298385	0.179735904046	0.974644225912
0.731092508138	-0.680564284852	0.0483321206305
0.670777916381	0.704011813011	-0.233290267061
0.124742641452	0.202976885368	0.971205259917
0.714642277336	-0.698478095195	0.0376133582351
0.689628489354	0.694550157771	-0.20496981159
0.117042560017	0.172419336287	0.978045301365
-0.22015564247	-0.919075149743	0.326852924166
-0.957093793599	0.268245747592	0.109617389659
-0.188423552575	-0.288695983668	-0.938696939125
-0.20420967607	-0.923491251035	0.324749441146
-0.959869634672	0.254034987476	0.11881261093
-0.192220120431	-0.2874544509	-0.938307611676
-0.212831078764	-0.926254600273	0.311056707648
-0.96367987989	0.251549762558	0.0896904605967
-0.161322499963	-0.280670100119	-0.946150535056
-0.19752292733	-0.922135722158	0.332642067218
-0.967522096155	0.237987445497	0.0852243317558
-0.157753061509	-0.305004759292	-0.939194666647
-0.194337768581	-0.924589161486	0.327670811842
-0.963025931925	0.243368684183	0.115555272632
-0.186585993339	-0.293098701901	-0.937699068396
-0.20502400097	-0.92199265598	0.328472999366
-0.958473976838	0.257099360838	0.123399502533
-0.198223623006	-0.289532975359	-0.93641750629
-0.194987057757	-0.924406281344	0.327801045093
-0.969593039385	0.232065883085	0.0776856074828
-0.147884536472	-0.302685881148	-0.941547743735
-0.208234093427	-0.921655937652	0.327396634814
-0.964882298926	0.248375393836	0.085507908509
-0.160126116279	-0.298093585624	-0.941009722266
0.105480661805	0.927058700254	0.359778261775
0.857473615339	-0.268021132424	0.439215107574
0.503604239815	0.262169941081	-0.823200256606
0.105501646741	0.920321407256	0.376678147809
0.868984522757	-0.269493945663	0.415031324377
0.48347059776	0.28353766655	-0.828178712681
0.0897985581341	0.926664364349	0.365008140901
0.873226952564	-0.24950524035	0.418597631429
0.478970224956	0.281144880031	-0.831593792403
0.0985001287526	0.920521652471	0.378065750266
0.867913639318	-0.265326140387	0.419907703351
0.486846730376	0.28676898713	-0.825067217127
0.110212640188	0.923337882036	0.367826480088
0.859420304769	-0.274423321926	0.431373198719
0.499245334086	0.268576343746	-0.823779475697
0.0945559156055	0.919482785206	0.381577579846
0.876801448803	-0.258430743402	0.405487448709
0.471454410424	0.296230078476	-0.83063831239
0.114311736722	0.926354498412	0.358885896337
0.870414704825	-0.267523106126	0.413289340118
0.478863221538	0.265136154273	-0.836893414685
0.105599338679	0.926146851019	0.36207475759
0.874766574339	-0.259669290641	0.409086242348
0.472894872202	0.273532673746	-0.837582742952
0.92717435807	-0.00423887877129	-0.37460626222
-0.0458216717687	-0.993712856856	-0.102167241871
-0.371817420496	0.11189192474	-0.92153942223
0.927327402395	0.00806462907026	-0.3741641843
-0.0402026637199	-0.991835934317	-0.121015905566
-0.372085502116	0.127263762824	-0.919432407315
0.92654169497	-0.00175527623681	-0.376188046791
-0.0481104186113	-0.992331257041	-0.113864614503
-0.373103089191	0.123598874672	-0.919520771829
0.924355944264	-9.23467608158e-06	-0.381531418722
-0.0488166957045	-0.991785346998	-0.11824684803
-0.378395499151	0.127927271382	-0.916763266435
0.931206980137	0.0103324371838	-0.364343682515
-0.0357223470248	-0.992191748069	-0.119438241878
-0.36273542999	0.124236952803	-0.92356630122
0.930591948535	-0.0150694596084	-0.365748011057
-0.053074725947	-0.994149901245	-0.0940801989654
-0.362190239612	0.106962244548	-0.925947771441
0.921278608226	0.0113982607365	-0.388736300527
-0.0403942602932	-0.991360686569	-0.124799703264
-0.386799864828	0.130678008294	-0.912859074785
0.925315544963	0.000598079704989	-0.379197531106
-0.0481399478104	-0.991722123381	-0.119034966789
-0.376129858854	0.128399455584	-0.917627088637
0.808977951145	0.154162103684	0.567264242849
-0.572594185918	-0.0116888505128	0.819755618226
0.133005915961	-0.987976427425	0.078816301281
0.814952780443	0.132926079322	0.564076791485
-0.567432564806	-0.0147927122578	0.823286997251
0.117780531724	-0.991015566417	0.0633712215692
0.808832643151	0.135058326264	0.572318970869
-0.574228229384	-0.0282879001486	0.81820641538
0.12669528992	-0.990433766638	0.054674126123
0.809021480015	0.134163240915	0.572262591094
-0.575473492021	-0.0173811861377	0.817635721463
0.119643254548	-0.990806811553	0.0631456333262
0.817050574397	0.151993894208	0.556171023714
-0.561291119825	-0.0108843102768	0.827546838437
0.131835618483	-0.988321479644	0.0764197965753
0.829865039814	0.129274429063	0.54278185258
-0.549216373583	0.0176747236657	0.835493261228
0.0984143916735	-0.991451328387	0.0856672671218
0.807748882878	0.138572350471	0.573009120436
-0.575183525355	-0.027853931936	0.817550061972
0.129250379415	-0.989960552423	0.0572055461779
0.835849702069	0.128512768467	0.5337037992
-0.537434698622	-0.00659004368661	0.843279624181
0.111889327717	-0.991685962481	0.0635589339468
0.207492865017	-0.67251853754	-0.710398149703
0.977111353379	0.107662561793	0.183472558691
-0.0469054105022	-0.732207343148	0.679464708803
0.195346192535	-0.68249505707	-0.704301358507
0.979387224233	0.0981276328556	0.176555031496
-0.0513864917018	-0.724273091597	0.687595763043
0.222169398081	-0.660642382969	-0.717072128683
0.973971190582	0.116467185118	0.194462225475
-0.0449545973838	-0.741611137352	0.669322060752
0.211540418005	-0.678097963787	-0.703870568521
0.975902616524	0.10710826119	0.190110163318
-0.0535229743496	-0.727125121725	0.684415325833
0.187273826161	-0.666805903891	-0.721317132177
0.981931049844	0.106741462091	0.156261571343
-0.0272016908844	-0.737547389571	0.674747299358
0.192575801502	-0.665171576838	-0.721430075853
0.97849409451	0.074787914106	0.192239689392
-0.0739181167773	-0.742935774166	0.665268784698
0.176399794788	-0.663546859789	-0.727041070309
0.983314991426	0.085446764859	0.160594281201
-0.0444385045734	-0.743239167686	0.667548331838
0.225035240978	-0.670784120809	-0.706687924854
0.973408574809	0.122887672234	0.193324568082
-0.0428358068984	-0.731400919746	0.680601055169
-0.495961439502	0.359513246543	-0.790425507748
-0.845794952386	0.00608953049784	0.533473355406
0.196604059613	0.933120114439	0.301054312613
-0.487135687554	0.342246738809	-0.803471248241
-0.84976995216	0.0264857876388	0.526487955707
0.201469365863	0.939236769337	0.277928790306
-0.496504066365	0.374839877555	-0.782929613323
-0.845819050601	-0.00616559677511	0.533434269449
0.195125208169	0.927069065592	0.320107952537
-0.495341809399	0.371559779811	-0.78522594511
-0.842138756347	0.0164142734116	0.539011003913
0.213163716202	0.928263904991	0.304774237063
-0.500709242998	0.350283946616	-0.791575222508
-0.836950306075	0.0374747286269	0.545994303958
0.220917091473	0.935893557803	0.274406358391
-0.496300846455	0.358833289354	-0.790521439942
-0.840899014265	0.0276614302063	0.540484687546
0.215810853211	0.932991704205	0.288014164117
-0.516926392671	0.373991660625	-0.770011294087
-0.833492107838	-0.0148459254846	0.55233190979
0.195136007467	0.927313253537	0.319393317312
-0.495047845101	0.372258902829	-0.785080261327
-0.838359205682	0.0326764066973	0.544137982615
0.228213824533	0.927553562411	0.295910248437
-0.295182930639	0.874685576021	0.38443760204
-0.173646608532	-0.444779263067	0.878645754617
0.939528595683	0.192604906124	0.283177360421
-0.302449092278	0.866356721914	0.397429960737
-0.189521038139	-0.463292719363	0.865702967882
0.93413399435	0.186509739399	0.304315290375
-0.27333029135	0.872226839056	0.405599446236
-0.169827992926	-0.458789504637	0.872164355819
0.946809918819	0.169506790344	0.273529588464
-0.283152119209	0.867276840118	0.409457889068
-0.179693452808	-0.467343388834	0.865621408753
0.942090836036	0.171525633268	0.288173238554
-0.276641916428	0.8709760862	0.406041735732
-0.166768599807	-0.459633299432	0.872310406716
0.946391815268	0.173602617533	0.272405311904
-0.282174046182	0.871445858635	0.401198099426
-0.170327326499	-0.457055078232	0.872977232265
0.944122026733	0.17799652152	0.277400130449
-0.276112145211	0.872226022556	0.403712614842
-0.155901409313	-0.455123583909	0.876674001101
0.948396995135	0.179120962504	0.261646394522
-0.284556233164	0.872640467968	0.396895968045
-0.176895804915	-0.454698156494	0.872901777032
0.942197256412	0.178180391195	0.283753596699
0.166595238604	0.757418409309	-0.631319766551
0.642677620373	-0.568991327584	-0.513046520734
-0.74780530265	-0.320263343835	-0.581567731299
0.172584968792	0.754390297744	-0.633333838201
0.648781059596	-0.570867595644	-0.503187047116
-0.741147494531	-0.324051456324	-0.587958303491
0.153915588901	0.748320584291	-0.645232504807
0.632229452127	-0.576423515821	-0.517705911376
-0.759338265858	-0.328252637364	-0.561830211944
0.169015686667	0.746998827073	-0.642981313741
0.634577254865	-0.581637710474	-0.508926776727
-0.754151128805	-0.322005448421	-0.572333613717
0.146433624976	0.76254921464	-0.630138469496
0.627728514948	-0.563948264646	-0.536578703318
-0.764534307279	-0.316983420048	-0.56125417357
0.168567524011	0.762259961071	-0.624936349827
0.63835418314	-0.567513982404	-0.520031860441
-0.751059003312	-0.311269900173	-0.582256605311
0.142922816554	0.758883402566	-0.635348670772
0.622401640634	-0.568034040295	-0.538471433221
-0.769537620834	-0.318482759296	-0.553514732105
0.158674546385	0.742299378934	-0.651009890037
0.630210817876	-0.583717025506	-0.51196532027
-0.760037216144	-0.329037681978	-0.560426059243
-0.21085010336	0.44693828898	-0.869360906843
-0.916653292603	-0.399320318783	0.0170296409041
-0.339542282585	0.80049324379	0.493884196324
-0.200824381998	0.464673101077	-0.862408521039
-0.914411575427	-0.404752915247	-0.00515028434643
-0.351455571515	0.78756203809	0.506186733689
-0.207221428894	0.422437828394	-0.88238631044
-0.912394661097	-0.408892754058	0.0185133766759
-0.352980597359	0.808920913227	0.470161325207
-0.198665420757	0.432504801364	-0.879472386641
-0.914172263531	-0.405261885455	0.00720511511545
-0.35330037455	0.805420658967	0.475895388939
-0.193207895463	0.445196797604	-0.874340060863
-0.92201692844	-0.387092591383	0.00664336935987
-0.335492942247	0.807439881409	0.485268310202
-0.194688725833	0.447075076615	-0.873052245416
-0.915710977996	-0.401834533235	-0.0015710520006
-0.351524895467	0.799157643583	0.487624167639
-0.197256335991	0.415742270329	-0.887833447222
-0.915505715034	-0.402019407303	0.0151524556835
-0.350626797441	0.815805538002	0.459915362155
-0.210592841524	0.422352394952	-0.881628685068
-0.91196475278	-0.409701289698	0.0215679483265
-0.352095120024	0.808556331486	0.471450631377
0.935195536716	0.168769956398	0.311329424763
0.0342070914983	0.831972374988	-0.553761540933
-0.352475791788	0.52852499576	0.772283722388
0.936917033882	0.199457183459	0.287059755409
-0.004597723505	0.828183153327	-0.560438689208
-0.349521576083	0.523764732861	0.776855952546
0.947488650113	0.166807235291	0.272838055298
0.0118338932079	0.834307126902	-0.551172910969
-0.319570363357	0.525458813865	0.788522554423
0.945677810517	0.18511284895	0.267257762368
-0.00620211141419	0.832187917323	-0.554459018446
-0.325046169345	0.522682028078	0.788129738135
0.942711788084	0.172170791935	0.285747621304
0.0145478576156	0.834505550431	-0.550807449419
-0.333290930742	0.523409691256	0.784193503442
0.938998386391	0.191480354984	0.285687424881
-0.00296361663364	0.835150274916	-0.550013851863
-0.343908778684	0.515615451592	0.784772234842
0.948091074599	0.185291617393	0.258438257138
-0.0121226951185	0.83317068728	-0.552883036843
-0.317767771323	0.521050504932	0.792167925807
0.944977120116	0.189162181659	0.266900565475
-0.0102209216301	0.832543116669	-0.553865951974
-0.326976720244	0.520662682574	0.78866760856
-0.0680652092125	-0.83557318936	-0.545146400296
-0.038654175055	0.548211953787	-0.835445700899
0.996931796706	-0.0357925917362	-0.0696125589796
-0.0928251696938	-0.865644880329	-0.4919780518
-0.0332053087096	0.49652794001	-0.867385381753
0.995128569465	-0.064178923065	-0.0748342896705
-0.0795372353094	-0.840482534677	-0.535969146278
-0.025630445987	0.539219091771	-0.841775413319
0.996502331707	-0.0532153655733	-0.0644299354939
-0.0682031655053	-0.860430973232	-0.504982110638
-0.0180510306956	0.507142101857	-0.86167341733
0.997508171421	-0.0496533800071	-0.0501203778145
-0.0581646484995	-0.84134624434	-0.537357748976
-0.0218006791668	0.539211158495	-0.841888382182
0.998068927298	-0.0372533864232	-0.0497049425151
-0.0598650665624	-0.859679501549	-0.507313794682
-0.00503992666357	0.508479161944	-0.861059534214
0.9981937341	-0.0489905801043	-0.0347728502452
-0.0811990671244	-0.844149897625	-0.529922315488
-0.0237877506813	0.533167854873	-0.845674985352
0.996413996806	-0.0560623605573	-0.0633731594284
-0.0892429471564	-0.849716833304	-0.519631593717
-0.0238027390798	0.523383772029	-0.851764553144
0.9957254238	-0.0636453264495	-0.0669338969203
0.929989516899	-0.11538097086	0.34900820986
-0.0835860502967	0.858208650594	0.506449686852
-0.357956521357	-0.500165117416	0.78848080873
0.929025465773	-0.092048620302	0.358383502922
-0.117234890777	0.845436890205	0.52104936854
-0.35095250968	-0.52608318313	0.774641090757
0.913011363858	-0.129104905266	0.386965339887
-0.0913234580934	0.859834053464	0.502339953333
-0.397580528748	-0.49398109898	0.773247955436
0.91793933093	-0.125031603277	0.376502964324
-0.0883731225137	0.860747465953	0.501302293798
-0.386752602034	-0.493437834719	0.779064519804
0.914498884491	-0.11896348668	0.386703343626
-0.10692776663	0.850744283813	0.514587806715
-0.390202818875	-0.511939300047	0.765284198594
0.917869456013	-0.101665982987	0.383640049678
-0.121938945736	0.847639704075	0.516369850066
-0.377685786503	-0.520740776632	0.765625551293
0.924463806341	-0.10218027167	0.367322561114
-0.102930120453	0.86076098568	0.498493648688
-0.367113146217	-0.498647891362	0.785224949501
0.931193256441	-0.0867374785224	0.354056108826
-0.115067938713	0.851674718192	0.511282252955
-0.345887970097	-0.516843092752	0.7830930514
-0.956954863712	-0.274090371066	-0.0954560530475
0.262921073502	-0.957957087249	0.114850898364
-0.122922327845	0.0848097178134	0.988785827713
-0.958585603936	-0.263999219925	-0.106863336319
0.255205515831	-0.962764019053	0.0892037713474
-0.126433798725	0.0582372733897	0.990264067349
-0.965434155022	-0.247352645294	-0.0821839891639
0.240436195834	-0.966882721345	0.0856089146476
-0.100637840506	0.0628897400241	0.992933486183
-0.957386625803	-0.268231309199	-0.107070252184
0.259062164283	-0.961453008652	0.0921744820479
-0.127667024617	0.0605087172989	0.989969611774
-0.962572927657	-0.261673150469	-0.0705712192515
0.252699794363	-0.960653005262	0.115275293751
-0.0979589127758	0.093127556308	0.990823550697
-0.964860351608	-0.246175289077	-0.0918867631391
0.236591518003	-0.966047511746	0.103815256729
-0.114323679967	0.0784275523569	0.990342980937
-0.95833509809	-0.261837506909	-0.114163748119
0.249152919036	-0.961705473537	0.114209474191
-0.139696329031	0.0810067962256	0.986875282854
-0.957574352943	-0.261294595806	-0.121561521993
0.249801434667	-0.962909798994	0.10200330886
-0.143705645905	0.0673094791451	0.987328783108
0.217000896776	-0.143407596794	0.965579896313
0.252729894074	-0.947170505368	-0.197471008738
0.94288805042	0.286882310073	-0.1692931276
0.201563795062	-0.135597731627	0.970043800363
0.254477102601	-0.949111263011	-0.18554902491
0.94583990384	0.284253920942	-0.156799634386
0.192001049214	-0.160695404749	0.968149198791
0.230551882643	-0.951509711454	-0.203656062753
0.95392961671	0.262310787767	-0.145642521587
0.204195916507	-0.137087327292	0.969283654395
0.241644579122	-0.952446934807	-0.185612561541
0.948636724655	0.272123483582	-0.161359076429
0.204734987576	-0.14798661563	0.96756558894
0.257191961077	-0.945636767807	-0.199053949539
0.94442337035	0.289603420671	-0.155543587693
0.203984792365	-0.161407589408	0.965576525971
0.256808475164	-0.94295154842	-0.211878156003
0.944690343186	0.291188145343	-0.150897171261
0.21208901239	-0.142083704641	0.966866351213
0.240589856932	-0.951331288837	-0.192575885087
0.947172022905	0.273461462826	-0.167583084558
0.199673269155	-0.156620541564	0.967264239675
0.235311588296	-0.950590621778	-0.202496298689
0.951187972909	0.268041602236	-0.152952427301
-0.347887100192	-0.23994821795	0.906310773621
0.839695359387	-0.509709753052	0.187369814094
0.41699648572	0.826208567198	0.378805018823
-0.335299790911	-0.238147945164	0.911515090261
0.842435090782	-0.50892128099	0.176924901741
0.421755049024	0.827215122717	0.371265257698
-0.335639835846	-0.236414518178	0.911841030245
0.843895126164	-0.505572071449	0.179549111284
0.418553347712	0.829762039937	0.369199196437
-0.324734475861	-0.2448009845	0.91357538515
0.8519133482	-0.495287571061	0.170099539999
0.410842005548	0.833524255398	0.36938618756
-0.332018535092	-0.249598094475	0.909650723577
0.849416664588	-0.498470391368	0.173258617619
0.410188953519	0.830197572806	0.377514227062
-0.335004030687	-0.238500610923	0.911531475228
0.844532429243	-0.504964388052	0.178257675345
0.417776432675	0.829534979041	0.370586711379
-0.332001608637	-0.255971776924	0.907884078413
0.847416294136	-0.503689294833	0.167877492652
0.414319532305	0.825091314659	0.384140211954
-0.330211497145	-0.245463966856	0.911431778271
0.847732305994	-0.501762936926	0.171999944516
0.415102858145	0.829446492859	0.373775560346
0.63357543546	0.48640585056	-0.601657305184
0.182522417218	-0.849675452533	-0.494709183473
-0.751842890206	0.203619639378	-0.627113463826
0.618190898806	0.510137120557	-0.597996875724
0.191256368828	-0.835541259533	-0.515065473559
-0.762404844245	0.204038130996	-0.614091080188
0.636886091666	0.488325670004	-0.596585349579
0.181030034662	-0.84691204932	-0.499967765826
-0.749402539272	0.21042262314	-0.627788064388
0.639178353121	0.48534778519	-0.596563929203
0.185779757932	-0.850177258477	-0.49262999537
-0.746282034996	0.204048911309	-0.633582663025
0.63612305381	0.495273182865	-0.59165197947
0.18654462206	-0.842769201604	-0.504917652189
-0.748697999501	0.210820316494	-0.628495570223
0.6418283595	0.499691062328	-0.581691720346
0.191252642033	-0.838884745914	-0.509602893979
-0.742616214613	0.215827535003	-0.633987302013
0.631272546276	0.49760362852	-0.594882845478
0.190337035541	-0.842978616521	-0.503148942368
-0.751842259961	0.204395876152	-0.626861656158
0.629317734593	0.500720573543	-0.594338223345
0.179949907539	-0.837871424393	-0.515352939297
-0.756027147181	0.21736956663	-0.617391830096
-0.353371074683	0.106638057957	0.92938533259
0.808804071377	0.534039285849	0.24624779557
-0.470068873638	0.838707533824	-0.27496330933
-0.347731353251	0.0968817232479	0.932575348486
0.808923414194	0.533898872719	0.246160281004
-0.474052485357	0.839979705514	-0.264023260213
-0.32378282297	0.0905921634439	0.94178438707
0.819696317256	0.523973968358	0.231407129747
-0.472506845754	0.84690281151	-0.243911851916
-0.327893182087	0.0977312318098	0.93964606688
0.811930752457	0.537637717657	0.227407475446
-0.48296436503	0.837492873405	-0.255638747424
-0.329904430694	0.0749397955609	0.941035133643
0.807771184273	0.538286847099	0.240318526547
-0.4885374188	0.839423199218	-0.238117429307
-0.312215385335	0.0756717228319	0.946992754829
0.805472222808	0.549628141763	0.221637951343
-0.503722131359	0.831975164025	-0.232553819571
-0.334124968057	0.088903043297	0.938326602011
0.801399845508	0.550804080262	0.233180556914
-0.496103669376	0.829886217138	-0.255284292251
-0.318687324592	0.0977076405181	0.942810519899
0.814467024197	0.53702624208	0.219650418841
-0.484852478539	0.837887854659	-0.250723121691
0.750579472935	-0.264700638835	-0.605445298877
0.511877668317	-0.34650697534	0.78607511008
-0.417865637269	-0.8999257735	-0.124586661353
0.765099321471	-0.265231965608	-0.58674955178
0.490997613841	-0.349219471074	0.798102202797
-0.416586575992	-0.898720082855	-0.136959321762
0.756622669103	-0.287423584346	-0.587290239044
0.495195176717	-0.334637573783	0.801747752862
-0.42697058291	-0.89744381742	-0.110863606524
0.755256752569	-0.306391609157	-0.579406084032
0.489557939326	-0.324074837137	0.809511255965
-0.435798408003	-0.895041692509	-0.0947632552499
0.774206275804	-0.243817562629	-0.584087013491
0.487380077671	-0.359111789855	0.795926746824
-0.403813450821	-0.900883856318	-0.159194779441
0.768678172666	-0.250028056438	-0.588744287434
0.496433335011	-0.347215064733	0.795610226047
-0.403345768395	-0.90384050523	-0.142774377811
0.76420957313	-0.281268284189	-0.580406638522
0.490048810376	-0.331853624659	0.806055365811
-0.419327887435	-0.90042281269	-0.115770514784
0.750086027549	-0.28877395747	-0.594962643691
0.506441738626	-0.327742316877	0.797559847626
-0.42530895979	-0.899552414623	-0.0995877422931
-0.993483267585	-0.0673977936573	0.091915529326
-0.0707409660287	-0.267694033284	-0.960903520555
0.0893680191483	-0.961143796473	0.261181802095
-0.991186897171	-0.0756421883808	0.108751215735
-0.0837719639049	-0.278038692163	-0.956910008683
0.102619811198	-0.957586949573	0.269251593054
-0.994333716943	-0.0563384181519	0.0901471006119
-0.0706576852759	-0.283311357718	-0.956421561481
0.0794229728734	-0.957371763943	0.277725256149
-0.993986218444	-0.0780077228015	0.0845746851466
-0.0587190339034	-0.288822475404	-0.95600180612
0.0989452234409	-0.954621481757	0.281703326963
-0.989434994478	-0.0806460973229	0.120476514893
-0.0945356931891	-0.271135579021	-0.95788751707
0.109915360016	-0.959156764889	0.260647100518
-0.991638206272	-0.0711876727925	0.10763850279
-0.0842958294139	-0.274238742093	-0.957960002578
0.0977135875091	-0.95902318462	0.265944749585
-0.99217988514	-0.0620605884218	0.108301252097
-0.0865262163901	-0.283400650025	-0.955090737933
0.0899660587017	-0.956991947288	0.27581353044
-0.990812060677	-0.0872688663633	0.103322747502
-0.0742124167712	-0.287860274308	-0.954792631842
0.113066185859	-0.953687893174	0.278739007874
0.74297745213	0.611062633173	0.273106066187
0.25668589987	-0.636974197256	0.726894739561
0.618139801223	-0.469963904925	-0.630108607192
