-0.164165548092	-0.85973892345	0.483630673764
0.706569813351	0.239634527311	0.665833593383
-0.68833766711	0.451025784984	0.568125854925
-0.158042769989	-0.848405523856	0.505203476936
0.708148257177	0.259177072381	0.656774918091
-0.688148626297	0.461557487499	0.559835828669
-0.14389739183	-0.860219951155	0.489198503721
0.703713480947	0.258611234674	0.661745846903
-0.695759209168	0.439479083455	0.568134894177
-0.139852480196	-0.856846208842	0.496241797366
0.708879654137	0.263267259217	0.654354664592
-0.69132552608	0.443288805989	0.570582224848
-0.152292953094	-0.860303672648	0.486502256304
0.708158341551	0.248390307568	0.660919070063
-0.68943354854	0.445173948823	0.571403129795
-0.159503034313	-0.853972660123	0.495267076193
0.710797025145	0.248805981415	0.657923378502
-0.685073988737	0.456975140129	0.567315918047
-0.151333328665	-0.858300782967	0.490324360164
0.701392791938	0.256288827659	0.665104639027
-0.696524488894	0.44456247637	0.563220948333
-0.150109079325	-0.854634234768	0.497058927575
0.705820551056	0.259412519936	0.659183196651
-0.692303836784	0.44978379451	0.56427823933
0.793384251328	0.214854392814	-0.569542819505
0.245233583855	0.743534915724	0.622106359828
0.557137256617	-0.633240415227	0.537219379689
0.787973272285	0.196124847577	-0.583637872827
0.279819126771	0.730295562389	0.623193106664
0.548451801646	-0.654372551429	0.520573900442
0.776184995165	0.225227859738	-0.588905132846
0.252849128964	0.744433977285	0.617968738032
0.577584766313	-0.628562212037	0.520869814912
0.778486778629	0.224132668075	-0.586278846354
0.251916494068	0.743960137784	0.618919539977
0.574888179212	-0.629513990354	0.522700415142
0.78587706964	0.198612594466	-0.585619558811
0.261883222918	0.751006950167	0.60614003094
0.560191402912	-0.629715488831	0.538185834928
0.788445959364	0.218835835233	-0.574859852397
0.264726404919	0.722868969618	0.638263572445
0.555223291314	-0.655416916618	0.512011494311
0.779570028047	0.205550394907	-0.591624554192
0.266853652849	0.745572613299	0.610664076129
0.566621307339	-0.633932584008	0.526374189317
0.780959111764	0.222699142645	-0.583530596807
0.254174954842	0.740093360721	0.622620999887
0.570524283336	-0.634560406135	0.521378109086
0.942520389571	-0.186703877858	0.2771226742
0.0749818213662	0.926363282222	0.369091851636
-0.325627150324	-0.327097432689	0.88711567857
0.948315845465	-0.167939842385	0.269245736089
0.061129081357	0.929266095447	0.364318211212
-0.311384476933	-0.329029987917	0.891503771277
0.950896100409	-0.17660097427	0.25418242046
0.0801880469244	0.933767768376	0.348780207141
-0.298942275556	-0.3112713473	0.902077416713
0.958748454632	-0.164330576901	0.231941507151
0.0693223202786	0.926493210743	0.369871257676
-0.275673388551	-0.338534773456	0.899665710823
0.948810399348	-0.173083076823	0.264198931008
0.0643260976189	0.924841633795	0.37487345379
-0.309226421565	-0.338688945359	0.888633118712
0.952586154447	-0.175473885477	0.248572995035
0.0735742208949	0.925547448244	0.371414532635
-0.295239652427	-0.335515776899	0.894574038894
0.949949509349	-0.182398137918	0.253627382251
0.079982208738	0.926798024107	0.366944503813
-0.301991350917	-0.328293073148	0.894999934197
0.95201187571	-0.180762982699	0.246978000191
0.0765474673781	0.921936674402	0.379701532269
-0.296334057662	-0.342574827527	0.891531611207
-0.611989140056	0.72795008116	-0.309123204054
0.36708341532	-0.0847520464357	-0.926318685643
-0.70051284224	-0.680371384255	-0.21535069478
-0.618423675495	0.731800170068	-0.28639162416
0.360094995621	-0.0600354228628	-0.930981745536
-0.698486396023	-0.678869595344	-0.226390025046
-0.583894906757	0.755690844479	-0.296644564982
0.362171472731	-0.0845527337845	-0.928268603172
-0.726566221829	-0.649447552051	-0.224319715577
-0.586230633537	0.759662499862	-0.281508652658
0.371083876329	-0.0570959935225	-0.926842596157
-0.720160393209	-0.647806551082	-0.248427344514
-0.615062487858	0.733261479097	-0.289873686523
0.344136161762	-0.0811245633222	-0.935408887453
-0.709414866657	-0.675090429373	-0.202445584543
-0.627476027452	0.722507960473	-0.290267875786
0.35726121751	-0.0640816820526	-0.931803380832
-0.691836407776	-0.688386058197	-0.217914063533
-0.608223877841	0.735219682585	-0.299190029201
0.352101023327	-0.0879135136332	-0.931823678055
-0.711398288307	-0.672103054562	-0.205400013526
-0.605262422977	0.740018520745	-0.29330850673
0.373602155837	-0.0612795580894	-0.925562625328
-0.702907334092	-0.669789021411	-0.239382252819
0.583520847686	-0.698484642975	0.414273603002
0.541537777908	0.71482476424	0.442450435219
-0.605177866181	-0.0338342438066	0.795370977237
0.588968300004	-0.69177729681	0.417804390847
0.533064834328	0.721114516996	0.442533312794
-0.607419311345	-0.0379212624769	0.793475743768
0.571124143138	-0.698420587413	0.431307186747
0.544502731926	0.715528166682	0.437648504004
-0.614275167321	-0.0151036819812	0.788947332986
0.58892589515	-0.694532685883	0.413268250977
0.539386398189	0.718578977247	0.438983568111
-0.60185431167	-0.0356175218432	0.797811245904
0.591249859607	-0.683354082153	0.42831157771
0.532565114453	0.729641211697	0.428950002702
-0.605638512698	-0.0255128272749	0.795330805656
0.583614821046	-0.694833570683	0.420238097021
0.540604299343	0.718621460941	0.437413069236
-0.605921398094	-0.0280982322965	0.795028145947
0.590473478777	-0.682797570043	0.430265671697
0.529512326903	0.730100494885	0.431937451944
-0.609063022646	-0.0272166323808	0.792654709744
0.578499911268	-0.700377823618	0.41810137662
0.525322197172	0.71202734757	0.465890167741
-0.623998754891	-0.0498794890066	0.779831772056
0.230910978503	-0.94846041607	-0.217032243466
-0.808083609811	-0.062707030933	-0.585720715825
0.54192345872	0.310629548724	-0.780915059828
0.2250180772	-0.948608071289	-0.222507435529
-0.813424915752	-0.0571744533038	-0.578853127398
0.536383014472	0.311245503984	-0.784486724998
0.217548255699	-0.953877552767	-0.206858542997
-0.811121805926	-0.0587960504871	-0.58191456145
0.542912753981	0.294381988585	-0.786501864468
0.21703076697	-0.952060752338	-0.215587309971
-0.816816263622	-0.0561871851428	-0.574155102155
0.534517311082	0.300704528907	-0.789853051776
0.243511031498	-0.945418190917	-0.21653366304
-0.811035406551	-0.0760504452862	-0.580032677343
0.531905961865	0.316860823939	-0.785286749377
0.235991131482	-0.944459032273	-0.228703581245
-0.816260825848	-0.0649577483932	-0.57401982829
0.527282140701	0.322145363838	-0.786254362368
0.238445825751	-0.94805882643	-0.210542167285
-0.795823199256	-0.0664962226965	-0.601866782625
0.556604867122	0.311066954415	-0.770342953334
0.226007102635	-0.949876278287	-0.215999876864
-0.818245380765	-0.0647968736639	-0.571205743475
0.52857864856	0.305837473946	-0.791876433753
0.947545876757	-0.200799694911	0.248669126696
-0.115755698339	-0.940793881872	-0.318604759271
0.297921919889	0.273107775157	-0.914689102965
0.945636204168	-0.211015637736	0.247476460819
-0.12835320435	-0.941313992336	-0.312176946989
0.298827128891	0.263441439279	-0.917225144594
0.947384012244	-0.192931811826	0.255422758023
-0.109864566045	-0.945459218848	-0.306650086777
0.300654696385	0.262453452213	-0.916909268574
0.948647124091	-0.19436142723	0.249584197348
-0.108013206524	-0.940584302562	-0.321922961022
0.297324373668	0.278432902549	-0.913276196107
0.951162955442	-0.189520457616	0.243661729384
-0.106568353107	-0.942416130544	-0.317010128868
0.289710594107	0.275561666119	-0.916588202698
0.944666999625	-0.212701677047	0.249724271609
-0.130252017342	-0.941918115279	-0.309553084154
0.301062497212	0.259897473078	-0.917503750263
0.947204409989	-0.189915441635	0.258332984883
-0.105652630987	-0.94557884409	-0.307763194958
0.302723186451	0.264221096118	-0.915721517464
0.943192652488	-0.214859537035	0.253422614723
-0.130168727785	-0.940747651429	-0.3131305012
0.305685695797	0.26235469849	-0.915274281206
-0.995660599325	0.0739268392263	0.0564225658036
-0.0873019069494	-0.533922693866	-0.841009071382
-0.0320477851474	-0.842290154012	0.53806841873
-0.99524032597	0.0837190130631	0.0498791182117
-0.0879941454251	-0.552064325362	-0.829145399495
-0.0418787529989	-0.829587963982	0.556803379671
-0.994603713071	0.0714254792229	0.0752851166781
-0.102239492963	-0.550044340689	-0.828856421434
-0.0177914011274	-0.832078290902	0.554373991989
-0.994572662216	0.0736634005578	0.0735282587754
-0.101447870883	-0.528230864571	-0.843022073115
-0.0232600712282	-0.845902825202	0.532831241389
-0.995904446733	0.070788021629	0.0563136316112
-0.0856644478987	-0.538170034674	-0.838475196511
-0.0290477447936	-0.839861958177	0.542023908876
-0.995648216472	0.0676782364901	0.063877984377
-0.0906255458538	-0.549030718638	-0.830863248742
-0.0211601280995	-0.833046447671	0.552793371719
-0.996778024186	0.0634234353716	0.048931960542
-0.0756364360636	-0.543996257857	-0.835663979468
-0.0263817826619	-0.836679523406	0.547053551393
-0.995052581872	0.0700415043662	0.0706373810765
-0.096740859883	-0.515993062166	-0.85112362975
-0.0231658793989	-0.853735564888	0.520197041479
-0.988408303968	0.0746271873216	-0.132203920237
0.0698641950587	0.996741598262	0.0403134887979
0.134781630286	0.0306099010572	-0.99040144039
-0.989611248435	0.0599714140272	-0.130667808165
0.0526267136311	0.996872313834	0.0589577866372
0.133794901261	0.0514686418351	-0.989672154279
-0.984818743716	0.0668859930357	-0.160159128431
0.0540367142876	0.995059555858	0.083285625921
0.164938521859	0.0733670628531	-0.98356758954
-0.985615465606	0.0572445962774	-0.159018799575
0.0453504894125	0.99596452631	0.0774467496794
0.162810489623	0.0691210685891	-0.984234113196
-0.984387991768	0.0739005693284	-0.159762800591
0.0680091121284	0.996798479269	0.0420423682429
0.162358268244	0.0305205817915	-0.986262367038
-0.983283289615	0.0692815233038	-0.168387065411
0.0609585355983	0.99667252639	0.0541103719047
0.171575610757	0.0429411916307	-0.984234740718
-0.985628073583	0.0672544198691	-0.154945840772
0.0512795815824	0.993161230069	0.104886391761
0.160940284196	0.0954337134976	-0.982336353333
-0.987982897242	0.0711598481626	-0.137192946579
0.0629511262865	0.996008669247	0.0632762050001
0.141148093436	0.0538794805972	-0.988519119689
-0.88090012495	-0.22220633554	-0.417896340246
-0.472643326993	0.36649550506	0.801429141611
-0.024925733561	0.903495837301	-0.427869710895
-0.884054703927	-0.240390562778	-0.400824002538
-0.46539584673	0.373753268233	0.802318686389
-0.0430605333184	0.895835334204	-0.442295167667
-0.878061110494	-0.243115689753	-0.412193504121
-0.476309131978	0.360760094751	0.801861445322
-0.0462421262223	0.900414864435	-0.432567643319
-0.88533629955	-0.226317275954	-0.406153701539
-0.463745732499	0.366940438303	0.806408609847
-0.0334699007821	0.902294542293	-0.429819563372
-0.895526091764	-0.223156442129	-0.385012670663
-0.443726663672	0.382130637455	0.81060656199
-0.0337668799431	0.896759473176	-0.441228571227
-0.887600779877	-0.222450799747	-0.403336192948
-0.460420883699	0.40318797022	0.790855195364
-0.0133061152899	0.887668278059	-0.460290838644
-0.895472553909	-0.20807040121	-0.393493196259
-0.444165114421	0.359873267759	0.820493153713
-0.0291125143715	0.909504465244	-0.414674626842
-0.894297408986	-0.22149791256	-0.38880519772
-0.445858572279	0.367371403376	0.81624012332
-0.0379597229699	0.903314164686	-0.427295649101
0.884766436516	0.0116086106902	-0.46589010816
-0.45868220663	0.198567284564	-0.866130282457
0.0824559642752	0.980018506472	0.181010331978
0.887822708375	0.0227170182844	-0.459624606134
-0.455229844294	0.189540618051	-0.869965611148
0.0673545124516	0.981610061479	0.178619928212
0.887729681399	0.0417457739426	-0.458468431893
-0.457036585121	0.199455828521	-0.866795784347
0.0552591399227	0.979017192014	0.19614220511
0.887772808621	0.0361284201158	-0.458861831002
-0.456261460005	0.200550887377	-0.866951462829
0.0607035650088	0.97901690284	0.194527629124
0.894034691264	0.0351641568004	-0.446615554123
-0.44341602748	0.211668511802	-0.870964218467
0.0639077278687	0.976708720834	0.204831343182
0.896075021767	0.0332482074906	-0.442655746764
-0.441331115593	0.17390731272	-0.880331231827
0.0477116322754	0.984200583225	0.170507468463
0.887981946219	0.035718697284	-0.458489085163
-0.456296813514	0.19261615481	-0.868730256814
0.0572824975597	0.980623891097	0.187337994174
0.899710088425	0.0345339527333	-0.435119710285
-0.432404457221	0.206556487663	-0.877701998343
0.0595662785887	0.977825045	0.200773591158
0.202430006979	0.679713593241	0.704990438107
-0.367887987379	0.719948409232	-0.588500394915
-0.907568463203	-0.140227376912	0.395797628984
0.20350357733	0.674053310126	0.710097476377
-0.37668541196	0.723350645129	-0.578681210606
-0.903711453543	-0.149719665377	0.401110493698
0.198399835198	0.682677049355	0.703270610181
-0.375020008369	0.715807459603	-0.589049805967
-0.905537132415	-0.146873165933	0.398033634942
0.201505474006	0.668409009134	0.715978318467
-0.356694500292	0.730855788121	-0.5819096618
-0.912230557189	-0.138127540857	0.385689256095
0.202352158614	0.673812157263	0.710655162088
-0.355160438667	0.726756714173	-0.587950451942
-0.912641575583	-0.133423565598	0.386372217337
0.20022385706	0.688796639813	0.696756485217
-0.353508889304	0.714041600587	-0.604297988676
-0.913751539475	-0.125314735435	0.386463897391
0.203595418731	0.666070230933	0.717564867557
-0.379333875446	0.729334041095	-0.569366018265
-0.902582241475	-0.156276355475	0.401152075562
0.197762961809	0.672925049546	0.712784465008
-0.357216721294	0.726618196778	-0.586874954158
-0.912845019645	-0.138556398207	0.384078245163
-0.453297753036	0.796876257262	0.399392964083
0.861455922922	0.276556243874	0.425926057007
0.228954585033	0.537128982451	-0.811836768762
-0.455285045535	0.791409767709	0.407903355391
0.854814268194	0.260411131854	0.448863143562
0.249012318285	0.553042615293	-0.795069523643
-0.456640291147	0.799175491274	0.390907566411
0.851083328665	0.264425128457	0.453587747907
0.259128074509	0.539817757701	-0.800913521559
-0.455387835604	0.794245629645	0.402239442369
0.855793803073	0.265961041487	0.443713961244
0.245437682173	0.546295700669	-0.800826013807
-0.426831178104	0.802318785415	0.417241332549
0.871461961494	0.241677575841	0.426779817378
0.241577757018	0.545776079928	-0.802344568284
-0.44962892706	0.794319870098	0.408530608953
0.853578092678	0.247351805945	0.458503446889
0.263145880045	0.55486657412	-0.789231633383
-0.444834062716	0.800687412905	0.401278423312
0.861566941427	0.260202385872	0.435887798931
0.2445958128	0.539625272419	-0.805592958652
-0.460945823318	0.785235420291	0.413438021944
0.860371664588	0.281273816296	0.425022379531
0.217454045819	0.55162374772	-0.805245875562
-0.834235252315	0.533071714698	0.14101876379
-0.505921703519	-0.841676636447	0.188742870965
0.219305664907	0.0861114883206	0.971848671349
-0.831737616889	0.532745594896	0.156189531463
-0.499493126952	-0.840898081609	0.208320754974
0.242321387309	0.0952525692273	0.965508831011
-0.839386045742	0.528174760805	0.128307079768
-0.501264867319	-0.843500091407	0.192980173941
0.210154270624	0.0976690165354	0.972777440621
-0.839578893997	0.530178363277	0.118400013422
-0.498293225811	-0.838407749022	0.220854446548
0.216359703218	0.126426771539	0.968093361634
-0.829435550606	0.541235753903	0.138203303304
-0.518484404674	-0.838000329319	0.170085259153
0.207870672431	0.0694185275566	0.975689933646
-0.842003580773	0.519443438132	0.145630857531
-0.484632893722	-0.846914705581	0.218783686649
0.23698267955	0.113639156114	0.964844728005
-0.833581377002	0.54187018407	0.107327937384
-0.512568049306	-0.831178149803	0.215446912448
0.205952852269	0.124579616587	0.970599479551
-0.853146000932	0.508991656872	0.11432182985
-0.482269199518	-0.853085592005	0.199151897706
0.198892952973	0.114771740414	0.973277474365
-0.0247109100686	0.581695117332	-0.81303144049
0.505304910518	0.709006666428	0.491911052455
0.862586969621	-0.39867320777	-0.311453599106
0.00291930862964	0.582496066436	-0.812828303923
0.50428654705	0.701051220294	0.504204598761
0.863531468759	-0.411370309495	-0.291698345226
-0.0103231142114	0.590839031504	-0.806723420602
0.518870535659	0.692818091874	0.500775858418
0.854790503996	-0.41341544722	-0.313721005064
0.00205775702634	0.587008840727	-0.809577893016
0.517543799566	0.692096547724	0.503140912139
0.855654228928	-0.420027359641	-0.302378619237
0.00315489083392	0.582360175374	-0.81292473672
0.498781916621	0.703670200285	0.506028492713
0.866721755285	-0.407068620658	-0.28825072166
0.00113253449176	0.587579548058	-0.809165593088
0.490199595389	0.704951113966	0.512589770919
0.871609453261	-0.397233169907	-0.287232875148
-0.0209670786011	0.584614893474	-0.811039943492
0.518745562114	0.699839030616	0.491048233598
0.854671519005	-0.410427523762	-0.31793996147
-0.00704173556692	0.57792952117	-0.816056322157
0.495507801142	0.71085783435	0.49915245104
0.868574965895	-0.400847376107	-0.291374259237
0.73937672577	-0.671428918122	0.050052613705
0.66472214532	0.716122696882	-0.212867919774
0.107081864714	0.190660666256	0.975798126912
0.73702200404	-0.675074861443	0.0327490889971
0.663687362277	0.713730250742	-0.223848655722
0.127740582967	0.186716541746	0.974073548083
0.734983429444	-0.675622520244	0.0577370740557
0.670027675832	0.710525273108	-0.214980815743
0.104222229877	0.196692774798	0.974910087777
0.723797468238	-0.687218950441	0.0620269677207
0.681501640627	0.697900582614	-0.220205124217
0.108040475713	0.201655391854	0.973479511382
0.742293947104	-0.669167944738	0.0348419525164
0.657990685156	0.718091538002	-0.226699813594
0.126680535867	0.191203579913	0.973341272759
0.722524047537	-0.690742835985	0.0288675898366
0.678288176073	0.70018224103	-0.222867633859
0.13373164699	0.180607769927	0.974421202696
0.730660159979	-0.680887392124	0.0502800692846
0.671403774658	0.703210542173	-0.23390574981
0.123906002664	0.20466384064	0.970958296918
0.713297787778	-0.699774515966	0.0390114135469
0.691205787321	0.6931730593	-0.204317563858
0.115934564116	0.172704180989	0.978127007362
-0.22000444599	-0.919146366389	0.326754023364
-0.956823475631	0.268555876993	0.111205628719
-0.189965973566	-0.288180173729	-0.938544308846
-0.203173589722	-0.923756747873	0.324643550468
-0.959746270807	0.253551678122	0.120823484524
-0.193925397443	-0.287027332322	-0.938087095996
-0.211986116025	-0.926751422119	0.310150388309
-0.963898765278	0.250600342238	0.0899909777382
-0.161123033933	-0.279876771774	-0.946418342103
-0.195971562694	-0.922360164858	0.332936576302
-0.967887801863	0.236451338037	0.0853457563016
-0.157442816799	-0.305519919803	-0.939078889775
-0.192759995274	-0.92488285469	0.327772472538
-0.962975110282	0.242465463063	0.117852116899
-0.188472877704	-0.292919595762	-0.937376807823
-0.203947735845	-0.922242123899	0.328442438171
-0.958271879968	0.256705439332	0.125766072246
-0.200299711302	-0.289087470798	-0.936113185364
-0.193274963095	-0.924808548394	0.327680302888
-0.970085905495	0.230126481938	0.0773008691364
-0.146896453471	-0.302937678785	-0.941621429381
-0.207436268225	-0.921860410818	0.327328723217
-0.965101256021	0.247525879152	0.0855033683854
-0.159844536041	-0.298168816857	-0.941034489046
0.104517995667	0.927347597191	0.35930632091
0.856745120594	-0.267422774002	0.440988537822
0.50503702498	0.261743244682	-0.82245075703
0.104651386815	0.920278391599	0.376997502184
0.868909439802	-0.269003209322	0.415477310216
0.483772487974	0.284099792039	-0.827788514365
0.0878920375724	0.926979546797	0.364670445798
0.87343329693	-0.247734168221	0.419217022539
0.478946646331	0.281669231535	-0.831428774993
0.0973027981612	0.920498139786	0.378438999069
0.867814726757	-0.264635100125	0.42055545979
0.487268407953	0.287493424944	-0.824571717105
0.109565801771	0.92350759544	0.367603253791
0.858611846348	-0.274263164735	0.433093343595
0.500783514449	0.268175069908	-0.822985019228
0.0930411617738	0.919393321119	0.382182569172
0.877118071161	-0.257338304804	0.405520384188
0.471180946495	0.297487501975	-0.830360334249
0.113922137708	0.926664459177	0.358214205913
0.870481478639	-0.266887434839	0.413566124728
0.47883862894	0.264703464797	-0.837049115389
0.104616275993	0.926452359348	0.361582667815
0.875131389289	-0.258475547684	0.409067521147
0.472441585051	0.273637006334	-0.837808389298
0.927752429782	-0.00358211955864	-0.373178897648
-0.0449761085572	-0.993737361836	-0.102275267891
-0.370476005821	0.111670269914	-0.922103254461
0.927931825019	0.00943864170318	-0.372630358133
-0.03898778245	-0.991737588398	-0.122208637421
-0.370705306921	0.127929317529	-0.919896822365
0.927057191057	-0.000983060226502	-0.374918694101
-0.047396599204	-0.992281355835	-0.114595233875
-0.371912027202	0.124006204827	-0.919948189153
0.924748480912	0.00089662369544	-0.380577628611
-0.0481486249602	-0.991684927794	-0.119330453252
-0.377520655392	0.128674951816	-0.917015848038
0.931998401945	0.0118292744432	-0.362268528249
-0.0342074542146	-0.992127575008	-0.120400604543
-0.360843828227	0.124605472449	-0.924256105126
0.931332077493	-0.0149777450653	-0.363863420709
-0.0525749030577	-0.994221868422	-0.0936441184039
-0.360356492027	0.106343822086	-0.926738528939
0.921548996275	0.0128962446374	-0.38804801857
-0.0392172213274	-0.991246630103	-0.126077107778
-0.386276568527	0.131404392729	-0.912976712379
0.925755336812	0.00155622691649	-0.378119444637
-0.0474752957906	-0.991595550765	-0.120315307201
-0.375130420713	0.129333889662	-0.917900671823
0.808667829506	0.155674920124	0.567293269062
-0.572775363284	-0.011477221154	0.819632000472
0.134107110524	-0.987741642449	0.079885505056
0.814915457715	0.133304589206	0.564041390388
-0.567418209499	-0.0148186091984	0.823296436052
0.118107489614	-0.990964344759	0.0635635327903
0.808606956629	0.135092191942	0.572629803723
-0.574485785715	-0.0287468444601	0.818009606117
0.126968005604	-0.990415939575	0.0543636436516
0.808707464796	0.134339153345	0.572665021
-0.57588428301	-0.0174413536893	0.817345142032
0.119789511141	-0.990781903599	0.0632588554912
0.817196077344	0.153296323103	0.555599509593
-0.560858680325	-0.010556983973	0.827844264994
0.132770924684	-0.988123890867	0.0773504427224
0.830728065204	0.129283613896	0.541457869933
-0.548078917528	0.0196442855944	0.836195897704
0.0974698819978	-0.991413045281	0.0871766852842
0.807340964311	0.139085929478	0.573459388778
-0.575581182157	-0.0285266366839	0.817246920131
0.130026416943	-0.989869349934	0.0570245220559
0.837031795757	0.128496713336	0.531851830036
-0.535599895422	-0.00628297126281	0.844448509931
0.111850464792	-0.991690036535	0.0635637783919
0.207013378046	-0.673172838041	-0.709918147111
0.977223866633	0.107656884163	0.182875618808
-0.0466793311476	-0.731606661804	0.680126992598
0.194298918473	-0.683650491932	-0.703469910626
0.979598941109	0.0977086971546	0.175610087054
-0.0513208033188	-0.723239236338	0.688688009507
0.2227488654	-0.660715528435	-0.716824891244
0.973855666214	0.11717824572	0.194613437835
-0.0445878414562	-0.741433907565	0.669542889881
0.211573966582	-0.679013145776	-0.702977676106
0.975892829089	0.107345493676	0.190026684514
-0.0535691270352	-0.726235569605	0.685355564281
0.185668023748	-0.667295156921	-0.721279835626
0.982266903912	0.106575220209	0.154251414397
-0.0260606448345	-0.737128850958	0.67524952198
0.191365277301	-0.665517016038	-0.721433588465
0.978624717608	0.0729689260223	0.192273729612
-0.0753192092979	-0.742807260584	0.665255128824
0.174228047377	-0.66375552032	-0.727374191961
0.983703211809	0.0840046341815	0.158969282881
-0.0444139275761	-0.743217230066	0.667574384895
0.225728921995	-0.671253618846	-0.706020572442
0.973266187062	0.123831340805	0.193439256561
-0.0424193192599	-0.730810779917	0.681260751691
-0.494935946892	0.360304951666	-0.790707729775
-0.846042335035	0.00765590632899	0.533060719145
0.198117993754	0.932803143633	0.301044081128
-0.485751824847	0.342087184065	-0.804376451452
-0.850183303482	0.0288757567718	0.525694312411
0.203060256163	0.939224423724	0.276810388398
-0.495680605463	0.376496995187	-0.782656184328
-0.846005802655	-0.00552302915321	0.533145051883
0.196404867876	0.926401358531	0.321256329751
-0.49452666435	0.373131875247	-0.78499427961
-0.842054422646	0.0181240288075	0.539088019951
0.215378189815	0.927601286991	0.305234508158
-0.500056807512	0.35069902891	-0.791803883028
-0.836534508525	0.0408313678035	0.546390721987
0.223949132848	0.935597667884	0.272953831281
-0.495617914749	0.359637675336	-0.790584364964
-0.84068167443	0.0300529337674	0.540695063713
0.218213697838	0.932607941273	0.287446023066
-0.517396521605	0.375515747395	-0.768953095799
-0.832881432447	-0.0146485815357	0.553257630627
0.196492899532	0.926700280468	0.320339157295
-0.494409291089	0.373774453453	-0.784762516172
-0.837890580841	0.035303801153	0.544695399379
0.231298342793	0.92684753952	0.295727510267
-0.294834746444	0.875452458445	0.382956158717
-0.173774093803	-0.443211880256	0.879412157343
0.93961427768	0.192733419941	0.282805255704
-0.302496865269	0.866594653999	0.396874311902
-0.190517622555	-0.462951982771	0.865666418478
0.933915707804	0.186249881193	0.305143182246
-0.271695076508	0.872793649612	0.405478845029
-0.169556642594	-0.458149263834	0.872553648453
0.947329084068	0.168316872817	0.272464810466
-0.282005479586	0.86759168405	0.409582295485
-0.180013159924	-0.467175752326	0.865645520646
0.942373731203	0.170386545617	0.287923981062
-0.275356727515	0.87142123508	0.405960134813
-0.16642306519	-0.459118625378	0.872647333198
0.946827314445	0.17272821372	0.271446052337
-0.281147190182	0.871998048668	0.400718991739
-0.170062669272	-0.456223641577	0.873463642034
0.944476042969	0.177424486909	0.276560271563
-0.274825414977	0.872602062414	0.403778004571
-0.154672084262	-0.454602013057	0.877162246933
0.948971855565	0.178613274326	0.259903331485
-0.283631226222	0.873156352361	0.396423169485
-0.176906646768	-0.453948953524	0.873289416919
0.942474075666	0.177562247405	0.283221246986
0.166775887084	0.758056027588	-0.630505690764
0.642835182843	-0.568466933543	-0.513428996084
-0.747629115771	-0.319683382986	-0.582111939386
0.173047349452	0.754905903695	-0.632588501215
0.6490856055	-0.570476084625	-0.503227886307
-0.740769202947	-0.323523577797	-0.588716228568
0.153233974261	0.748360823503	-0.645349280744
0.631779085508	-0.576351928734	-0.518337861576
-0.759851829915	-0.328291074314	-0.56111554931
0.168870973614	0.746944886422	-0.643084025743
0.634334248281	-0.581739527051	-0.509118199274
-0.754389679792	-0.32195436947	-0.572052216587
0.145576317476	0.763435467088	-0.629264910458
0.627078398073	-0.563161318342	-0.538166270343
-0.76523246312	-0.316253916112	-0.560717093399
0.168762797244	0.763139986329	-0.623809842473
0.638115131192	-0.566949149126	-0.520943340772
-0.751219300633	-0.310145524257	-0.582652195656
0.141945767746	0.759447533151	-0.634897649056
0.621444243451	-0.567616448576	-0.54002431307
-0.770495056874	-0.317897233106	-0.552527177707
0.158455364006	0.741925117011	-0.651490075749
0.629667517181	-0.584172563326	-0.51211502577
-0.760533375901	-0.32907461549	-0.559731577106
-0.209694377762	0.447734781821	-0.869230619456
-0.9171084675	-0.398313528301	0.0160758966692
-0.339028558518	0.800549774069	0.494145435171
-0.199210663414	0.466576644568	-0.861754811336
-0.914703837247	-0.404058609658	-0.00731710872907
-0.351613438655	0.786792783837	0.507272223334
-0.20610518758	0.422062578293	-0.882827178359
-0.912480530647	-0.408740643772	0.0176170855708
-0.353411839128	0.809193586553	0.469367456617
-0.196991465975	0.432711538966	-0.879747184675
-0.914377155607	-0.404824351097	0.00562925793777
-0.353707226675	0.805529636504	0.475408469004
-0.191187947676	0.44632362261	-0.874209596893
-0.922693203543	-0.385502967346	0.0049744748586
-0.334790154477	0.807578304045	0.48552327117
-0.192727925102	0.44829836005	-0.872859975262
-0.916085486471	-0.400966301193	-0.00366299535164
-0.351629545851	0.798908390514	0.487957016528
-0.195606036007	0.415149836394	-0.888475616134
-0.915811271814	-0.401361934147	0.0140835214061
-0.350753505385	0.816430795903	0.458707692151
-0.209611481879	0.422249127669	-0.881912010119
-0.91212226029	-0.409391355158	0.0207800064553
-0.35227276604	0.808767272191	0.470955877236
0.934405815816	0.167355474957	0.314448588682
0.0371762299318	0.832123185358	-0.553343409299
-0.354265010762	0.528737312556	0.771319098309
0.936216178707	0.199903909798	0.289028879085
-0.00380030881536	0.82816011306	-0.560478708869
-0.351404074749	0.523630835885	0.776096593055
0.947488496567	0.165379720942	0.273706222679
0.0135161673807	0.834419187638	-0.550964546166
-0.319504087065	0.525732028522	0.78836728164
0.945592100837	0.184680117804	0.267859724103
-0.00555395097666	0.832328150457	-0.554255356414
-0.325307133855	0.522611806767	0.788068628801
0.942371001529	0.171011000319	0.287562399239
0.0164330689303	0.834803067977	-0.550303364101
-0.334165901809	0.52331546515	0.78388396768
0.93850399827	0.191344360142	0.287397948792
-0.00206329345598	0.835483304774	-0.549511956181
-0.345262201736	0.515126181637	0.784499221593
0.948070008139	0.184889491264	0.258803275799
-0.0116661176195	0.833355501325	-0.552614250372
-0.317847701335	0.520897767355	0.792236299488
0.944836370594	0.188887116682	0.267592769085
-0.00970481597276	0.832755878737	-0.553555293816
-0.327398914875	0.520422236186	0.788651156752
-0.0670039494863	-0.835262807946	-0.545753178656
-0.0391371389134	0.548761658255	-0.835062234252
0.996984841764	-0.0345932418101	-0.0694589990948
-0.0931854801439	-0.866711304419	-0.490028565582
-0.0336795606537	0.494632396408	-0.868449472388
0.995078975503	-0.064422928294	-0.0752830166518
-0.0794626970348	-0.840351524825	-0.536185557521
-0.0254916819435	0.539423620501	-0.841648569001
0.996511822068	-0.0532114111321	-0.0642860201751
-0.0674498411063	-0.861412786312	-0.503406924312
-0.0175519794145	0.505502353755	-0.862646682483
0.997568267281	-0.0493495932934	-0.0492155531563
-0.0568518603572	-0.841322487615	-0.537535412688
-0.0216080922857	0.539316993042	-0.841825554112
0.998148755651	-0.036244241485	-0.0488405443588
-0.0583779694044	-0.860545291288	-0.506017558091
-0.00410825591723	0.507084840697	-0.861886341406
0.998286076076	-0.0482363442905	-0.0331379125278
-0.0813046821074	-0.844252651941	-0.529742397791
-0.0235014040134	0.53297818014	-0.845802543953
0.996412179941	-0.0563180169905	-0.0631747440927
-0.0898450422675	-0.850034186526	-0.519008407746
-0.0236529241337	0.522790066004	-0.852133250191
0.995674838867	-0.0642838909767	-0.0670758844706
0.930394769498	-0.116058865072	0.347700895887
-0.0821469588888	0.858411470655	0.506341411248
-0.357235846896	-0.499659971818	0.789127659557
0.929415769735	-0.0913633470887	0.357545893142
-0.117693222081	0.844891737414	0.521829720659
-0.349763680747	-0.527077499705	0.774502857772
0.912526777678	-0.130696607365	0.387573574943
-0.09023118539	0.859902586049	0.502420017843
-0.398940111237	-0.493442942973	0.772891226158
0.917700369125	-0.126449764421	0.37661185527
-0.0870603999997	0.86093657687	0.501207239835
-0.387616458892	-0.492746047766	0.779073047316
0.913985647719	-0.120168670739	0.387543193272
-0.106518424775	0.850571746414	0.514957794323
-0.391515084335	-0.511944523678	0.764610191063
0.917523978512	-0.102018621843	0.384372152152
-0.12228348581	0.847330971983	0.516794907247
-0.37841313356	-0.52117408594	0.764971291832
0.924689382597	-0.102127216197	0.36676910927
-0.102526798285	0.860964873699	0.498224593683
-0.366657610634	-0.49830665441	0.785654301004
0.931685678447	-0.0859350457433	0.352954621985
-0.11525100168	0.851494318224	0.511541429551
-0.344498191402	-0.517274197547	0.783420961466
-0.956697207113	-0.274403553378	-0.0971198921103
0.262815076936	-0.957720160202	0.117044689202
-0.125131206681	0.0864518006084	0.988366461446
-0.958441297203	-0.263669395322	-0.108936269596
0.254636591797	-0.962829964765	0.0900946307415
-0.128642399623	0.0586113158101	0.989957493217
-0.965711218048	-0.24595382105	-0.0831257583372
0.238905794515	-0.967201786094	0.0862905428451
-0.101622808146	0.0634724692148	0.992796079461
-0.957191784335	-0.268045157795	-0.109255712825
0.258634387846	-0.96148943383	0.0929916874748
-0.129974115985	0.0607535504978	0.989654354432
-0.962736695361	-0.261118471634	-0.0704063975058
0.251967608917	-0.960608945089	0.117237529336
-0.0982458197318	0.0951286392202	0.990605022103
-0.965169429326	-0.244680957544	-0.0926161300533
0.234865932119	-0.966307577502	0.105291047032
-0.115258459389	0.0798713945705	0.990119205226
-0.958144910184	-0.261343085817	-0.116870763201
0.248141041347	-0.961724949785	0.116240261787
-0.142776074308	0.0823745492044	0.986321160073
-0.957285939562	-0.260871852969	-0.124694500671
0.248944957519	-0.962974862942	0.103465121805
-0.147068862425	0.0680036736721	0.986785815035
0.217217313205	-0.142553455805	0.965657932122
0.253527604366	-0.947088944978	-0.196841331923
0.942624253591	0.287578282154	-0.169582970333
0.200996478919	-0.134140359859	0.970364398674
0.25527207305	-0.949183033264	-0.184088125548
0.945746726707	0.284707978645	-0.156540445546
0.191117887751	-0.160755950514	0.968313946442
0.23005979925	-0.951683246125	-0.203402322655
0.954225792603	0.261643919224	-0.144900631076
0.203989039818	-0.135711010119	0.969520836079
0.241732780316	-0.952695427168	-0.184216849292
0.94865873357	0.271943204318	-0.161533284897
0.204473116439	-0.147220168953	0.967738025492
0.258103723879	-0.945531079718	-0.198376531069
0.944231503314	0.290339460309	-0.155337532469
0.20370074856	-0.16131513696	0.965651903368
0.257775938698	-0.94269229699	-0.211856568673
0.944488082147	0.292077159068	-0.150444132132
0.211973169286	-0.140771904056	0.967083797321
0.240576497252	-0.951602579516	-0.191249917531
0.947201535568	0.273197461581	-0.16784822645
0.198940395652	-0.15628915218	0.967469294067
0.2349785051	-0.950797888611	-0.201914556115
0.95142431974	0.267503433139	-0.15242793118
-0.348565804647	-0.239930075639	0.906054875849
0.839776935941	-0.509265500761	0.188210910793
0.41626503229	0.826487875219	0.379000283297
-0.335277061626	-0.237851023468	0.91160091888
0.842681259123	-0.508388907115	0.177282470084
0.42128095161	0.827627735949	0.370883695163
-0.335666971208	-0.236055793562	0.911923952676
0.844245968065	-0.504794282071	0.18008725773
0.417823381997	0.830337483989	0.368731962125
-0.324181950238	-0.244993753186	0.913719890601
0.852679245719	-0.493975699796	0.170076498673
0.409687785393	0.834245750591	0.369039165064
-0.331924954366	-0.249947349888	0.909588928227
0.850002397436	-0.497385483428	0.173503488878
0.409049655204	0.830742955784	0.377550607064
-0.335144582009	-0.238201603284	0.911558139877
0.844809755693	-0.504300197662	0.1788237728
0.41710277255	0.830024976266	0.370248403832
-0.331854010889	-0.256850526652	0.907689720996
0.8478951296	-0.502951133575	0.16767200631
0.413456977018	0.825268356026	0.384688738877
-0.330021914498	-0.245623437854	0.911457428082
0.848276423124	-0.500775687168	0.172194073902
0.41414082919	0.829995672212	0.373623538489
0.633150596788	0.486367204054	-0.602135780451
0.182182886466	-0.849710521578	-0.494775305268
-0.752283158896	0.203568537953	-0.626602692699
0.616870531882	0.511527060601	-0.598172996548
0.191504879924	-0.834713631719	-0.516313481962
-0.76341125777	0.203945573533	-0.612870265525
0.636832316414	0.488347028165	-0.596625305399
0.18065573719	-0.846801746497	-0.500290091338
-0.749538577779	0.210817103086	-0.627493389443
0.639177754989	0.485134400348	-0.596738085263
0.185544572691	-0.850289161236	-0.492525330734
-0.746341034882	0.204089694667	-0.633499917173
0.635907297502	0.495772586044	-0.591465381461
0.186496765192	-0.842380273765	-0.505582485281
-0.748892990428	0.211197149076	-0.628135624264
0.641923450914	0.500380513168	-0.580993564018
0.191440281368	-0.838309709311	-0.510477146563
-0.742485554108	0.21646163756	-0.63392356626
0.630837516814	0.498120060035	-0.594912137919
0.190368672677	-0.84265033775	-0.50368667836
-0.752199318343	0.204491826941	-0.626401916077
0.628737086984	0.501544115784	-0.594258476869
0.179528174641	-0.837180511064	-0.516621948969
-0.756610383168	0.218133224357	-0.616407705083
-0.35511373949	0.107647765506	0.928604414782
0.808393109668	0.534214903975	0.247214493509
-0.469462225118	0.838466686364	-0.276728757833
-0.349225183401	0.0974211642082	0.931960790861
0.808607409292	0.533901139552	0.247191505474
-0.473493248713	0.839915888351	-0.265227204218
-0.32364030608	0.0908257752482	0.941810797789
0.82000961302	0.523532173811	0.231296949445
-0.472060520312	0.84715094453	-0.243914110863
-0.328149022989	0.0983289730316	0.939494358643
0.811776104248	0.537943105343	0.22723727313
-0.483050508157	0.837226752314	-0.256346618751
-0.330200015407	0.0741639610511	0.94099295564
0.807358394204	0.538667600509	0.240851965421
-0.489019896314	0.839247849458	-0.237744964361
-0.311544733362	0.0751052072724	0.947258706726
0.804986844071	0.550554716704	0.221101050842
-0.504911903702	0.831413676608	-0.231981120245
-0.334640138067	0.0888819494605	0.938144931699
0.800724791861	0.551712733416	0.233351335819
-0.49684577236	0.829284653957	-0.255795193091
-0.318358040369	0.0983236424513	0.942857731666
0.814499459404	0.537245839069	0.218992164379
-0.485014300261	0.837674995905	-0.251121102767
0.749558306317	-0.26488584187	-0.606628246131
0.512527377344	-0.347716296329	0.785117205247
-0.418900973621	-0.899404708281	-0.124872385519
0.76497790268	-0.265602206303	-0.586740390932
0.490280384707	-0.350616388611	0.797930667094
-0.417652921354	-0.89806663067	-0.137994247179
0.756005933159	-0.288840203404	-0.587389431229
0.494879783273	-0.335131148161	0.801736236689
-0.428426197997	-0.896804510476	-0.110419937998
0.754716255941	-0.30911515425	-0.578663290642
0.488572704093	-0.323831702959	0.810203549903
-0.437835694454	-0.894192876774	-0.0933758328425
0.774551911444	-0.242974684559	-0.583980005042
0.48658306805	-0.360987229723	0.795565950129
-0.404111694352	-0.900361908224	-0.161375988054
0.768734437078	-0.249737880891	-0.588793978944
0.495980568463	-0.348450682193	0.795352349673
-0.403795287862	-0.903445114698	-0.14400089681
0.764062905417	-0.282340101346	-0.580079263551
0.489453293934	-0.332078507245	0.806324614992
-0.420289611918	-0.900004432688	-0.115536584383
0.749210123588	-0.290231820189	-0.595356771354
0.506670657552	-0.327783570327	0.797397514813
-0.426578292255	-0.899068096645	-0.0985268258223
-0.99363305189	-0.0656644545026	0.0915508105765
-0.0709186635442	-0.266873086419	-0.961118779009
0.0875437871208	-0.96149204033	0.260517075554
-0.991231256809	-0.0742092275317	0.10933234431
-0.0847647481854	-0.277634253882	-0.95693998912
0.101368182524	-0.95781636855	0.268909439575
-0.994389808032	-0.0538648525041	0.0898099179516
-0.0710364999038	-0.283081266039	-0.956387058013
0.0769484202514	-0.957507684939	0.277808758191
-0.993868481879	-0.0765902521089	0.0838455542356
-0.0584016824141	-0.288821809551	-0.955826732854
0.0973929523855	-0.954541477899	0.282146510389
-0.98917160763	-0.0793342608388	0.12197534375
-0.0964177566942	-0.270261641641	-0.957824358976
0.108974885271	-0.959390411413	0.259918713339
-0.991727129723	-0.0694446113285	0.10822910482
-0.0853968482789	-0.273623475139	-0.958058018985
0.0961429741417	-0.959346254173	0.265392120693
-0.992480494637	-0.0596436266217	0.108888776121
-0.0877633061621	-0.283528078274	-0.955085074879
0.0878164554813	-0.957252597787	0.2758851386
-0.990862340231	-0.0863019766536	0.103652352804
-0.0747732239094	-0.288107680137	-0.954674259491
0.112253313547	-0.953701182537	0.279021961139
0.742680487413	0.611280074499	0.273427160511
0.257409146212	-0.637545329947	0.726138271248
