-0.168284625108	-0.859591979125	0.482474807613
0.705454271695	0.236836578614	0.668014013553
-0.688487168438	0.452780389572	0.566546862329
-0.161041686675	-0.846475782021	0.507488285054
0.70751172103	0.259490017506	0.65733714106
-0.688108111869	0.464912575506	0.557102805982
-0.144959022858	-0.860426798053	0.488520858374
0.702278361134	0.258328553821	0.663378833045
-0.696987810049	0.439240364541	0.566812052795
-0.139971505976	-0.856503538515	0.496799454075
0.708139427279	0.264092894783	0.654823269914
-0.692059651035	0.443459864925	0.569558425028
-0.154770364419	-0.860162659824	0.485969471993
0.707226649582	0.247005544057	0.662433939283
-0.689838093458	0.446215706175	0.570100821284
-0.162419326435	-0.853152027565	0.495733383549
0.710814127488	0.247292625805	0.658475237283
-0.684370693313	0.459323393497	0.566267407719
-0.153838813964	-0.858009088481	0.49005513551
0.699670445477	0.255611159665	0.667176296645
-0.697706886509	0.445514699154	0.561000675657
-0.152547299899	-0.853890714098	0.497594168593
0.704843166421	0.258930080567	0.660417531365
-0.692766496729	0.451470766895	0.562359958294
0.796574163807	0.21418168079	-0.565328057251
0.243124653212	0.742682964132	0.623949053825
0.553497974434	-0.634466883598	0.539529214259
0.790270559974	0.192171512635	-0.581844092373
0.283274887593	0.727414160649	0.624999177459
0.543348669048	-0.658740270135	0.520416632454
0.776497106064	0.226574473679	-0.587976410508
0.252573304474	0.742960486861	0.619851957379
0.577285871387	-0.629820395888	0.519680004438
0.778725576179	0.225693684543	-0.585362143499
0.251392957295	0.742605356643	0.620756688885
0.574793927687	-0.630555030533	0.521547981424
0.787531314023	0.195793450365	-0.584345232624
0.262641087661	0.751140651607	0.605646247133
0.557507027012	-0.630438452498	0.540123379626
0.790671077057	0.218461845638	-0.571938520078
0.266313393237	0.718444204146	0.642584705113
0.551286155577	-0.660388028861	0.509873737291
0.780624705369	0.203253696933	-0.591027077807
0.268759141936	0.744582344957	0.611036544153
0.564263764249	-0.635834152392	0.526613084464
0.782189546854	0.223138979635	-0.581711709885
0.254243857226	0.738075531927	0.624983660647
0.568805396171	-0.636752315096	0.520583250979
0.941251692721	-0.186078907151	0.281815352403
0.0717764187866	0.925664817365	0.371473812813
-0.329989997186	-0.329422658925	0.884639653565
0.947744155528	-0.1649712903	0.27306681897
0.0563100407327	0.928987205341	0.365803157038
-0.314022600394	-0.33131139999	0.889731734675
0.951536615768	-0.1734178092	0.253977028413
0.077241969514	0.934139866046	0.348448542805
-0.297677250819	-0.311943860798	0.902263420153
0.960273101578	-0.159549685356	0.228952982627
0.0650475526477	0.925811929476	0.372345386796
-0.271374991931	-0.342660428233	0.89941060956
0.948672470446	-0.169145017028	0.267227444815
0.0581770026083	0.923874897633	0.37824675839
-0.310863282514	-0.343285795045	0.886295031587
0.952975289625	-0.172447247276	0.249198803148
0.0693559815792	0.924590909717	0.374594976254
-0.295004820982	-0.339696328096	0.893072538206
0.950179245264	-0.179655894015	0.254721732477
0.076323599245	0.926412225146	0.368693770471
-0.302215336224	-0.330883888897	0.893969653458
0.952587171847	-0.177780840775	0.246924388668
0.072504836837	0.92079621243	0.383245855208
-0.295500811675	-0.347171873216	0.890028630518
-0.613498526864	0.727021798352	-0.308316250725
0.360389038781	-0.0896382292911	-0.928485197044
-0.702665885373	-0.680738073803	-0.207017787808
-0.621596130239	0.730686497151	-0.282338468943
0.35216124004	-0.061287906623	-0.93393037085
-0.699714391146	-0.679956409974	-0.219222919483
-0.579462228438	0.760219964124	-0.293749127883
0.354348900653	-0.0895709216995	-0.930813356815
-0.733934466141	-0.643461152492	-0.217479875295
-0.581487252024	0.765235341424	-0.276201087901
0.364561802978	-0.0584107678441	-0.929345254261
-0.7273010797	-0.641094986755	-0.245010279396
-0.61612291171	0.733804026128	-0.286223610496
0.333226123334	-0.0864270424519	-0.938877279794
-0.713689466571	-0.67384111408	-0.191272871247
-0.630347033972	0.721355984071	-0.286892237769
0.34904170976	-0.066746676329	-0.934726756076
-0.693420144425	-0.689340095977	-0.209709298175
-0.607639380505	0.736463259956	-0.297314933313
0.343078207275	-0.0942252202078	-0.93456882937
-0.716290197147	-0.669883138967	-0.195409502833
-0.604347031401	0.742016043019	-0.290133231308
0.367437716079	-0.0635400034937	-0.927875250617
-0.706933253434	-0.667364329139	-0.234244661731
0.58031997757	-0.702046160903	0.412746799935
0.543177301678	0.711285374256	0.44612951223
-0.606784271251	-0.0347031800054	0.794108646222
0.587189178931	-0.694031474209	0.416568343351
0.532956424141	0.718827612399	0.446367915692
-0.609234209349	-0.0400896370686	0.791976326059
0.566673080049	-0.701867582005	0.431582582453
0.546888647873	0.712181786114	0.440124886294
-0.616274642488	-0.0133793137996	0.787417654624
0.587389187311	-0.69717390699	0.411001799683
0.540558563046	0.71592705623	0.441865234503
-0.602304222007	-0.0373763154654	0.7973911411
0.589129761055	-0.68490308209	0.428758530343
0.533095899386	0.72819856548	0.430738436962
-0.607235433137	-0.025191410472	0.79412248038
0.580461233636	-0.697820434961	0.419656278205
0.542367031183	0.715734193404	0.439957457622
-0.60737365334	-0.0277705164348	0.79393075341
0.588558146875	-0.684379856894	0.430376009752
0.530145425489	0.728623047585	0.433652252529
-0.610364748429	-0.0270676886545	0.791657886538
0.574415126175	-0.704709652123	0.416451166218
0.524720367732	0.707481386365	0.473432811439
-0.628264119083	-0.0534265614154	0.776163514823
0.231661029262	-0.948546359603	-0.215853953623
-0.805592010085	-0.0626799014935	-0.589145724986
0.545302337147	0.310372317816	-0.778661857558
0.2246108643	-0.948711889615	-0.222476343894
-0.8121392306	-0.0560861040821	-0.580761773338
0.538497765279	0.311127172957	-0.783083692826
0.215339525602	-0.954920840466	-0.204340764493
-0.809674036705	-0.0576074437702	-0.584045744987
0.545945889145	0.291217558531	-0.785579773807
0.215102050801	-0.952678063262	-0.214792221145
-0.815911450732	-0.0544446579777	-0.575607848227
0.536674664065	0.299065875947	-0.789012100915
0.246491154683	-0.944868109955	-0.215560691005
-0.808954737915	-0.0781081303144	-0.582658920704
0.533698780888	0.317999120535	-0.783608498951
0.237754805899	-0.943833084292	-0.229459810619
-0.815204830355	-0.0654494051971	-0.5754628751
0.528122883673	0.323875817327	-0.784978201209
0.240243701826	-0.948091706578	-0.208338667763
-0.791176339929	-0.0668944697018	-0.60791859479
0.562425891745	0.310881222772	-0.76617869821
0.225514968387	-0.950170142151	-0.215220265279
-0.817574722268	-0.0644359213166	-0.572205969538
0.529825098624	0.30499967054	-0.791366356757
0.947498069441	-0.201086319948	0.248619561194
-0.115445964004	-0.94019619723	-0.32047280396
0.298193936347	0.274945232024	-0.914048675245
0.945277936356	-0.212731100983	0.247376434458
-0.129808657235	-0.94082792137	-0.313037514784
0.299331478728	0.263795852564	-0.916958213553
0.947364325236	-0.192007038367	0.256191547116
-0.108620036018	-0.945503196735	-0.306960123924
0.301168556412	0.262975525709	-0.916591791067
0.948843751382	-0.193154935428	0.249773273693
-0.105994765349	-0.940006448419	-0.324271952254
0.297423312889	0.281208748477	-0.912392642938
0.951715777096	-0.187751193936	0.242871508933
-0.104593960042	-0.942147307467	-0.318462865583
0.288612515665	0.277683241137	-0.916294098547
0.944278120746	-0.214623996564	0.249550340032
-0.131973886439	-0.941434770989	-0.310295851002
0.301532295798	0.260071455469	-0.91730102033
0.947108612291	-0.188312281899	0.259853274333
-0.103421312801	-0.945636108394	-0.308342387239
0.30379149388	0.265159348687	-0.915095576716
0.942362081518	-0.217421940656	0.254325446218
-0.132125369402	-0.940135265182	-0.31414873894
0.307403024763	0.262439027468	-0.914674798054
-0.995815493323	0.0739703912838	0.0536798712675
-0.0850446681873	-0.534834222745	-0.840667010745
-0.0334746438201	-0.841713727912	0.538885728444
-0.995302151604	0.0850288081033	0.046341770315
-0.0859742877024	-0.555674103625	-0.826944798172
-0.0445632105829	-0.827042549789	0.560370935332
-0.994644926703	0.0708235352926	0.0753986692909
-0.102062821419	-0.553116100997	-0.826837900555
-0.0168556508687	-0.830097440159	0.557367424462
-0.994618859084	0.0727062847024	0.073716500313
-0.101092857539	-0.528085987548	-0.843146170837
-0.0223732073745	-0.846066798431	0.532604324217
-0.996116613841	0.0698516130931	0.0534601007882
-0.0828064694517	-0.539667518698	-0.837789295315
-0.0296701675919	-0.838968752026	0.54336710066
-0.995817102262	0.0668991246534	0.0619374804387
-0.0886359846878	-0.551399911745	-0.829501889575
-0.0213402572831	-0.831537268985	0.555051541962
-0.99709678455	0.0617663950315	0.0450243633248
-0.0715351424525	-0.546588036369	-0.834361152051
-0.0269259028129	-0.835141138432	0.549385352419
-0.995103258919	0.0689435024426	0.0707301922691
-0.0961816142633	-0.513435309692	-0.85271508176
-0.0224736224311	-0.855348295756	0.517562513845
-0.988845101758	0.0729697251817	-0.129830599323
0.0691435987255	0.997035869191	0.0337436090169
0.131908028826	0.0243903177736	-0.990959423898
-0.990072663352	0.056450487668	-0.128707085007
0.049647735054	0.997225449939	0.0554661959347
0.131481077319	0.0485256522832	-0.99012829334
-0.98460066984	0.0643322697842	-0.162558212828
0.0511723204518	0.995160385868	0.0838880540357
0.167168200065	0.0742776618824	-0.983127617695
-0.985483914668	0.0535542644499	-0.161098449528
0.0414588093696	0.996127675405	0.0775294788006
0.164626658858	0.0697251297358	-0.983888096166
-0.984326680445	0.0725165492977	-0.160744218166
0.0674121639813	0.997039238968	0.0369912244433
0.162950770919	0.0255753908359	-0.986300820976
-0.982934937521	0.0668204787703	-0.171405615177
0.0590154666038	0.996992070239	0.0502393830745
0.174247054491	0.0392663281588	-0.983921783036
-0.985585686913	0.0640160099266	-0.156587748859
0.0472787276505	0.992985562789	0.108371505112
0.162426889804	0.0994062959855	-0.981698945037
-0.988342999594	0.0683762884716	-0.136044770086
0.0604465945641	0.996269302926	0.0615929813378
0.139748722708	0.0526513942771	-0.988788909489
-0.878866555339	-0.223636475475	-0.42140285949
-0.476396781476	0.364577459989	0.80008087362
-0.0252932747708	0.903919257771	-0.42695465243
-0.882597418169	-0.244375676858	-0.401620695392
-0.467869699943	0.372981040927	0.801237817482
-0.0460065026079	0.89507799931	-0.443527188425
-0.875511235852	-0.248473498279	-0.414413869186
-0.480557310635	0.358255627117	0.800447902146
-0.0504242552356	0.899951717321	-0.433061963945
-0.883811735753	-0.228878764966	-0.408032797659
-0.466501458147	0.365161880417	0.805625844297
-0.0353926908319	0.902369726	-0.429506470285
-0.895624529207	-0.225174568904	-0.383606199345
-0.443374567045	0.382658036448	0.810550440029
-0.035725284538	0.896029818729	-0.442554770133
-0.886371047812	-0.224192767705	-0.405076137575
-0.462830066051	0.406925657874	0.787528215713
-0.0117219573058	0.885522424049	-0.464451003975
-0.895927979338	-0.208259294327	-0.392356919308
-0.443094829615	0.356657340165	0.822473995919
-0.0313505625325	0.910727493996	-0.411818748074
-0.894420886956	-0.223081878224	-0.38761594902
-0.445361248055	0.365208829912	0.81748149442
-0.040804498002	0.903801477425	-0.426002537405
0.882888859192	0.00708486489414	-0.469528559849
-0.461222591107	0.200909838361	-0.864238953415
0.0882098933011	0.979584121879	0.180648757111
0.886663623518	0.020118011011	-0.461977147316
-0.45697188765	0.190958613727	-0.868741333045
0.0707411684044	0.981391907178	0.178509421732
0.886827974301	0.041501165693	-0.460232330384
-0.458546309407	0.202308353507	-0.865336129534
0.0571963881231	0.978442123068	0.198442913358
0.886759032037	0.0355812873189	-0.460860490114
-0.457953665083	0.202967814954	-0.865495527733
0.0627444020801	0.978538726818	0.196278123939
0.894000600281	0.0341119587009	-0.446765378403
-0.443057383638	0.215967534174	-0.870090912783
0.0668063160905	0.975804496801	0.208188659268
0.896237437749	0.0321187412228	-0.442410266571
-0.440987467966	0.172081355038	-0.880862122541
0.0478383800157	0.984558993811	0.168389713967
0.886986993524	0.0347987007887	-0.460481405735
-0.458024780771	0.193443289404	-0.867636446416
0.0588844190241	0.980494137347	0.187520348377
0.900734427263	0.0329472982985	-0.433118882909
-0.429961945702	0.209325383443	-0.87824575509
0.0617269507204	0.977290824996	0.20271266401
0.204495602197	0.67839175987	0.705667184422
-0.366258019926	0.721564713098	-0.58753674768
-0.90776462691	-0.138307581768	0.396023231358
0.206248511679	0.671248182292	0.711960277123
-0.376339093213	0.726053292301	-0.575513254474
-0.9032333283	-0.149239729713	0.402364341108
0.199767531722	0.681905120734	0.703632236536
-0.374465227004	0.716728202381	-0.588282646577
-0.905466019098	-0.145966039936	0.398528784342
0.204001094375	0.665011301697	0.718431301651
-0.353535458385	0.734383938096	-0.579390123748
-0.912905387344	-0.135794714355	0.38492019877
0.204723237042	0.671226334845	0.712420945205
-0.351451325143	0.729709073378	-0.586520787466
-0.91354822632	-0.130306851256	0.385291788583
0.202540972084	0.688398811888	0.69647988468
-0.349539931941	0.715192146771	-0.605245428683
-0.914767178003	-0.120860534312	0.385478586682
0.206252964911	0.662495965219	0.72011027813
-0.378765856766	0.732616949912	-0.565516428736
-0.902217347621	-0.156113745358	0.402035269311
0.199123076049	0.669628951564	0.715504762202
-0.355282005057	0.729782220248	-0.584116946214
-0.913304272622	-0.137894804829	0.38322359797
-0.455813402656	0.795233966466	0.399790513652
0.860424579735	0.278719725861	0.426594145754
0.227813649314	0.538438446978	-0.811282456851
-0.457739789812	0.789457316504	0.408931480617
0.852947468863	0.260138044432	0.452554446644
0.250895248622	0.555951488204	-0.792440253927
-0.459735723552	0.797728123332	0.39024381153
0.848440649177	0.264733379899	0.458337681
0.262314422053	0.541806982463	-0.798534711769
-0.45840302397	0.792130900187	0.402974540848
0.853734267516	0.266480320847	0.447350653134
0.246977011222	0.549102397881	-0.798423758142
-0.42562419161	0.801187223942	0.420645731549
0.871756441147	0.238383332435	0.428035000343
0.242661300163	0.548882761974	-0.799901802475
-0.452004037828	0.792128453237	0.410142967346
0.850734124166	0.244570896933	0.465223137089
0.26820922816	0.559208038994	-0.784436630415
-0.446297167775	0.799865730963	0.401297792461
0.86039794322	0.260231985419	0.438175648541
0.24604976144	0.540830224842	-0.804344454954
-0.4648949925	0.781795020699	0.415534186849
0.859059329628	0.284756754743	0.425359141768
0.214217606673	0.554716032684	-0.80399022756
-0.832593675964	0.536138582657	0.13907878709
-0.510282706787	-0.840128863211	0.183833536882
0.215404382469	0.0820891607587	0.973068506096
-0.830086533879	0.53526638645	0.156353039116
-0.502617908537	-0.839616751116	0.205958686287
0.241519389123	0.0923776919786	0.965988999564
-0.838859665458	0.530260677274	0.123038135335
-0.504909460609	-0.842414385404	0.18816149284
0.203423708543	0.0957179446973	0.974400776959
-0.839241875308	0.532220154999	0.111421761089
-0.501273065807	-0.836656941216	0.220749866757
0.210709315711	0.129409801754	0.968945141867
-0.826772174204	0.546181491246	0.134660590445
-0.52532554544	-0.835251811375	0.162442009918
0.201198328291	0.0635618902965	0.977486121568
-0.841521609192	0.520769898876	0.143667236854
-0.486394877449	-0.846110637062	0.217983932323
0.235077829052	0.113559165127	0.965320016221
-0.83182091087	0.546184372438	0.0987756932664
-0.518013525473	-0.827845468947	0.215253108994
0.199338891594	0.127884888903	0.97155003063
-0.85487475531	0.507662773547	0.107086266331
-0.482537418189	-0.8537915354	0.195441708928
0.190647843234	0.115405068761	0.974851305258
-0.0274242553479	0.578367277595	-0.81531539983
0.503633603069	0.712534313646	0.488516166973
0.863481964405	-0.397223040295	-0.310825918872
0.00526342436332	0.578733079827	-0.815500032926
0.502105467714	0.703726611954	0.502651917791
0.864790368056	-0.412112695122	-0.286881031903
-0.00946971986499	0.588816161603	-0.80821151984
0.519469435662	0.693524178126	0.499175041811
0.85443656194	-0.415114134653	-0.312439478878
0.00518356819113	0.584525404616	-0.811358864072
0.518383858843	0.692267120292	0.502040253944
0.855132346389	-0.423197699719	-0.29942012105
0.00474707464815	0.579610684451	-0.814879690238
0.495285937127	0.706553047533	0.505444980687
0.868717039994	-0.40599783557	-0.283718960932
0.00316878913933	0.585088432712	-0.81096331355
0.48537406413	0.708133124914	0.512795766909
0.87430085662	-0.395245501678	-0.281742825945
-0.0226709103407	0.582006347071	-0.812868179529
0.519696247469	0.701447973037	0.487736160082
0.854050277026	-0.411387121158	-0.318368978731
-0.00592761439201	0.573967698066	-0.818856490598
0.492926063984	0.714149067338	0.497006043345
0.870051013484	-0.400689647049	-0.287156838568
0.739296076675	-0.671024381568	0.0562813112256
0.665473580906	0.715288108407	-0.21332564385
0.102889356923	0.19516453712	0.975358694671
0.736937238111	-0.675012007074	0.0358091766257
0.663793728038	0.712649989279	-0.226953473456
0.127676910373	0.191020372741	0.973247051744
0.733920409803	-0.676075701109	0.0654406580163
0.67205303491	0.708807765625	-0.214327485536
0.0985167580677	0.201278908874	0.974567211302
0.720996607264	-0.689405160657	0.0698886325101
0.685102803	0.694083800168	-0.221092361356
0.103913645957	0.207287740563	0.972745468869
0.742893935342	-0.668322576027	0.0381252142714
0.657411324043	0.717660212294	-0.22972628746
0.126170315884	0.195726213122	0.972508252171
0.7195333632	-0.693783292758	0.030602072085
0.681109061254	0.696418567614	-0.226034578433
0.135507161448	0.18348276938	0.973638476538
0.729043924836	-0.682128720706	0.0565275358859
0.673683232839	0.700504702363	-0.235465627731
0.121020063281	0.209746438443	0.970237381084
0.708850314407	-0.704015211519	0.0435180476796
0.696354730669	0.688641827074	-0.202144825086
0.112344682116	0.173594421521	0.978388291896
-0.219391217964	-0.919396493666	0.326461190812
-0.955957386725	0.269442708541	0.116385991807
-0.194967424043	-0.286548969213	-0.93801723016
-0.199707642593	-0.924610190367	0.324364140038
-0.959348313784	0.251875184125	0.12731548127
-0.199416429396	-0.28575236622	-0.937324622965
-0.208936256733	-0.928391161343	0.30730320231
-0.964666011711	0.247240651419	0.0910571272551
-0.160514461836	-0.277419837278	-0.947244933742
-0.190823811868	-0.923083812685	0.333919443935
-0.969072968454	0.231373258575	0.0858124086272
-0.156472048909	-0.307217288612	-0.938687094583
-0.187706971537	-0.925785335334	0.328158259131
-0.962710353167	0.239672694507	0.125482777045
-0.194820702337	-0.292367344811	-0.936251363959
-0.200314448538	-0.923081343451	0.328321462485
-0.957620566169	0.255266069933	0.133424517788
-0.20697101393	-0.287680524312	-0.935095160879
-0.187655093527	-0.926113723026	0.327260150431
-0.971661029564	0.223784916353	0.0761270655162
-0.143738226177	-0.303700277411	-0.941862995501
-0.204760015763	-0.922517302881	0.327162265658
-0.965828421961	0.24468428114	0.0854696043592
-0.15889865172	-0.298481858446	-0.941094988028
0.101322502406	0.92828532114	0.357800355284
0.85438199892	-0.265446901213	0.446733392727
0.50967257294	0.260433651459	-0.820006200386
0.101770201329	0.920227206711	0.377924546378
0.86867508984	-0.267348436607	0.417051045295
0.484818175213	0.285849390622	-0.826586979993
0.0816567671617	0.928006452156	0.36350910268
0.874061804844	-0.241936716902	0.421291108326
0.478905840732	0.283327127889	-0.830891243579
0.0934623639204	0.920468322251	0.379481976302
0.867489866231	-0.262338916572	0.422663932
0.488599871667	0.289692138587	-0.823016465905
0.107388902738	0.924106839551	0.366733648816
0.855834248914	-0.273646807997	0.438935418659
0.505979009905	0.26672666245	-0.820268796432
0.0880976007727	0.919126974578	0.383970933736
0.878036426539	-0.253678590431	0.405813309262
0.470404195369	0.301393451998	-0.829373459736
0.112521096111	0.92768368828	0.356007409848
0.870689190504	-0.264688973701	0.414534776574
0.478788716353	0.263328163987	-0.837507128671
0.101321552281	0.927471096446	0.359897191531
0.876322801043	-0.254449157652	0.409031231922
0.470942641503	0.273944457096	-0.838544321649
0.929556871602	-0.00134918945766	-0.368675391219
-0.0421521102769	-0.993815429137	-0.102642422508
-0.366260240815	0.110952453722	-0.923864176684
0.929815079726	0.0139208681291	-0.367763435386
-0.0350185992787	-0.991401144477	-0.126064623013
-0.366356974386	0.130095353112	-0.921332062502
0.928622380048	0.00157888448983	-0.371023077553
-0.0450339525128	-0.992119865121	-0.116936181561
-0.368283260649	0.125298182591	-0.921233748223
0.925939613057	0.00392763897769	-0.377650665705
-0.0459091703036	-0.99135491367	-0.122872007716
-0.374870377247	0.131109709214	-0.917754090386
0.934460767098	0.0167154712752	-0.355673129229
-0.0292132938131	-0.991926249073	-0.123369352742
-0.354865277676	0.125674208776	-0.92642755681
0.93364430701	-0.0145275027761	-0.357905901437
-0.0508235835741	-0.994431793802	-0.0922148272449
-0.354576713805	0.104285965854	-0.929183302595
0.922367839358	0.0177575625265	-0.385904030529
-0.0353891164279	-0.990854529576	-0.130179796361
-0.384688006368	0.133730467416	-0.913303610168
0.927115620022	0.00477467408235	-0.374744902303
-0.0452810504863	-0.991165350009	-0.12465342696
-0.372029791524	0.132536986813	-0.918708588221
0.807762415216	0.160479717998	0.567244340739
-0.573232254835	-0.0107224650399	0.819322780258
0.137566943726	-0.986980899685	0.0833309452848
0.814809252949	0.134479209596	0.563915976246
-0.567363739198	-0.0148542372207	0.823333325708
0.119097747762	-0.990805086768	0.0641952538648
0.80797568604	0.134957481774	0.573551893345
-0.57526041135	-0.0299207823945	0.81742292315
0.127478450647	-0.990399542746	0.05346042787
0.807772709787	0.13471933003	0.57389368594
-0.577132579727	-0.017591117738	0.816461020456
0.120088492635	-0.990727669252	0.0635412815863
0.81775997593	0.157315114245	0.553643005756
-0.559363937274	-0.00935879008431	0.828869353702
0.135575103429	-0.987504113743	0.0803431568291
0.833513798421	0.129164314182	0.53718834585
-0.54438793072	0.0260130406024	0.838430110819
0.09432136482	-0.991281922453	0.0919977281925
0.806111399049	0.140659841283	0.574803637628
-0.576768410818	-0.0305272225762	0.816337118716
0.132373007301	-0.989587237267	0.0565198106913
0.840763596244	0.128302002983	0.525980202571
-0.529770111008	-0.00534094852264	0.848124470739
0.111625297085	-0.991720769377	0.0634800896748
0.205267356235	-0.6752752301	-0.708426886344
0.977621889422	0.107411811166	0.180881504182
-0.0460513952312	-0.729702707167	0.682212004468
0.190819280927	-0.687295391252	-0.700865935652
0.980290816138	0.0962071526107	0.172551770836
-0.0511657149774	-0.719978640646	0.692107528789
0.224457645378	-0.661033120453	-0.715998591861
0.973510238827	0.119270971848	0.195069872683
-0.0435497965725	-0.740816882903	0.67029378866
0.211628784893	-0.681868025399	-0.700192291399
0.975871852302	0.108035338583	0.18974320538
-0.0537343175318	-0.723453075218	0.6882792077
0.180361430193	-0.668960745918	-0.721083405704
0.983338777436	0.105726022929	0.147874474499
-0.0226849366883	-0.735740125206	0.676883936149
0.187400286405	-0.666681460089	-0.721399323712
0.979031213575	0.0670540414117	0.192358161466
-0.0798688695534	-0.742320422871	0.665267887428
0.167139681258	-0.664498864169	-0.728358142082
0.984920562749	0.0790588906564	0.153886884436
-0.0446744747498	-0.743095517174	0.66769247587
0.227773934545	-0.672671319658	-0.704011621912
0.972838400191	0.12655552066	0.193827719922
-0.0412857746976	-0.729038430815	0.683226510666
-0.491329017692	0.362784972324	-0.791822449157
-0.847023138866	0.0127088540044	0.531404028415
0.202848537973	0.931786189556	0.301043078552
-0.481158865342	0.341573314911	-0.807349864536
-0.851606620306	0.0363619261243	0.522918699294
0.207971867031	0.939151464015	0.273390240768
-0.492920889349	0.381662415395	-0.781896910711
-0.846716297736	-0.00358839388	0.532032538586
0.200251066045	0.924294818574	0.32492859296
-0.491797247708	0.378108812431	-0.784327232997
-0.841882096668	0.0233759457376	0.539154996725
0.222193649252	0.925465991351	0.306826804892
-0.497750636811	0.352047184883	-0.792658206515
-0.835291852774	0.0514889138915	0.547390518967
0.233520391889	0.934564946476	0.268433534734
-0.493383753365	0.362162409159	-0.79082924238
-0.840029837755	0.0374817240983	0.5412439477
0.225659861057	0.931361116126	0.285734339006
-0.518758657395	0.380161932732	-0.765745631262
-0.831034251426	-0.0139858340508	0.556045391215
0.20067770143	0.924814202441	0.323182852647
-0.492439283554	0.378464753791	-0.78375254258
-0.836362515525	0.0434072785982	0.546455481257
0.240834716117	0.924597361293	0.295158245866
-0.293605071369	0.877954658962	0.378142462556
-0.174384581947	-0.438130958746	0.881834070842
0.939886228625	0.192968722145	0.28173919403
-0.302482230941	0.867385334446	0.395154835995
-0.193833821342	-0.46189029352	0.865497538555
0.933237972077	0.185203188765	0.307842090835
-0.266396515904	0.874641533577	0.405012504261
-0.16880070082	-0.456038213204	0.87380519724
0.948967472714	0.164412247301	0.269127059919
-0.278220586879	0.868621060081	0.409988772715
-0.181079453401	-0.466620669459	0.865722485698
0.943294000472	0.166621261156	0.287112875672
-0.271254504457	0.872847219843	0.40565815268
-0.165500739676	-0.457479175141	0.873683062776
0.948172089439	0.169853818997	0.268550294978
-0.277814897762	0.873806339331	0.39910071729
-0.169356036358	-0.453498821883	0.875018498475
0.945588406308	0.175503051454	0.273973092405
-0.270790229159	0.873703051092	0.404123299829
-0.150794070481	-0.453124829423	0.878600620322
0.950754338018	0.176977061324	0.254451007175
-0.280627398943	0.874792051546	0.394951994577
-0.176989871033	-0.451593968316	0.874492661469
0.94335719482	0.175504119508	0.281559013578
0.167166660151	0.760066864162	-0.627978479319
0.643465397029	-0.566696145876	-0.514600787338
-0.747001265937	-0.318056676563	-0.583811045003
0.174322471411	0.756613580321	-0.630198494202
0.650077311133	-0.569135585621	-0.503476980932
-0.739603773362	-0.321909103401	-0.591071697525
0.150832925346	0.748435621524	-0.645828625821
0.630450969005	-0.57603249891	-0.520307709188
-0.761434218548	-0.328683216781	-0.558737173008
0.167943625063	0.746687116906	-0.643624581264
0.633755388543	-0.581874316198	-0.50968135362
-0.755081690715	-0.322303155711	-0.570938718056
0.142792209053	0.766243635838	-0.626484716037
0.625158309166	-0.560549514858	-0.543106816667
-0.767326200107	-0.314099691766	-0.559066692979
0.169251353333	0.765998327176	-0.620163748097
0.637379371564	-0.56501909266	-0.523932946225
-0.751734027696	-0.306601954003	-0.583863015913
0.138788818156	0.761222000971	-0.633468248293
0.618576463118	-0.566166128077	-0.544816539887
-0.773371912881	-0.316232458952	-0.549453218953
0.157688944128	0.74079568247	-0.652956517094
0.628089021246	-0.585475459741	-0.5125579252
-0.761993856781	-0.329291970943	-0.557606710068
-0.205826357936	0.450017888971	-0.868976081513
-0.918547133974	-0.395099095929	0.0129572567042
-0.337500656747	0.800862427286	0.494684432488
-0.193940590056	0.472416674295	-0.859772903579
-0.915614480576	-0.401804924916	-0.0142415716972
-0.352188987391	0.784458529976	0.510477909386
-0.20243787919	0.420837830481	-0.884259278744
-0.912676740709	-0.408422619158	0.0145665933061
-0.355021293133	0.809991690764	0.46676906812
-0.191531988681	0.433241685234	-0.88069128258
-0.914953420557	-0.403559193364	0.000458939514452
-0.355212234089	0.805879404496	0.4736904604
-0.184548670923	0.449915194484	-0.873795203418
-0.924776262072	-0.380510760743	-0.000608075175189
-0.332762084454	0.807952859034	0.486293688809
-0.186324112948	0.452202029768	-0.87223654067
-0.917267910895	-0.398133139627	-0.0104644446746
-0.35199834978	0.798124833114	0.488972273187
-0.190281377753	0.413392054712	-0.890449313496
-0.916759741629	-0.399300267674	0.0105281166045
-0.351204423283	0.818331396325	0.454960621078
-0.206353338037	0.42201347703	-0.882792721268
-0.912614717541	-0.408420762537	0.0180812708265
-0.352920303818	0.809380738733	0.469414642838
0.931907004876	0.162633512271	0.324190802124
0.0466744453738	0.832626856673	-0.551864128865
-0.359681569788	0.529417473517	0.768339971163
0.93398473611	0.20105573299	0.295379595333
-0.00102330130396	0.828170957271	-0.56047463762
-0.357311441129	0.5231724943	0.77370477354
0.947556767681	0.160653531912	0.276272721378
0.0189446121337	0.834710516332	-0.550363027007
-0.31902550927	0.526734090894	0.787892079855
0.945390054345	0.183073813151	0.269669468144
-0.00337547454093	0.832811036228	-0.55354708732
-0.325923686286	0.52240764796	0.787949231976
0.941296765227	0.167138019888	0.293300668607
0.022548478408	0.835763217576	-0.548626840955
-0.336826314321	0.523034154528	0.782932505161
0.936974826369	0.19061384914	0.292821676452
0.00103653180909	0.83655742467	-0.547878269385
-0.349395333807	0.513651665021	0.783635670496
0.948032703774	0.183379926482	0.260011140135
-0.00999863935069	0.833967949014	-0.551722285558
-0.31801575062	0.520451011848	0.79246243953
0.944457761827	0.187703042008	0.269753786123
-0.00786701338744	0.833514599087	-0.552441423278
-0.328538654053	0.519635433812	0.788695994953
-0.0635000594045	-0.834408084373	-0.547476891572
-0.0405460805394	0.550288082489	-0.833989847145
0.997157867854	-0.0307603400864	-0.0687753149402
-0.0941820293925	-0.870065151235	-0.483855710941
-0.0353214391372	0.48863038387	-0.871775619281
0.994928194565	-0.0650151293407	-0.0767521474681
-0.0793193479486	-0.840021389979	-0.536723914644
-0.0250107771486	0.53992783496	-0.841339656478
0.996535477141	-0.0533106078859	-0.063836323739
-0.0651111632076	-0.864606738659	-0.498212580273
-0.0159603474755	0.500110458484	-0.865814541733
0.997750397136	-0.048422524041	-0.0463622101406
-0.0527133245458	-0.841345690761	-0.537920780466
-0.0211577085895	0.539489729255	-0.841726319771
0.998385541155	-0.032989008259	-0.0462392512341
-0.0535027307555	-0.863350437308	-0.50176035468
-0.0014088139232	0.502544830421	-0.864549996279
0.998566696006	-0.0455489102229	-0.0281038142524
-0.0818194029965	-0.844698587727	-0.528951635755
-0.0225283767245	0.532162995441	-0.846342128027
0.996392497622	-0.0573308060655	-0.0625709357318
-0.0919081621384	-0.851097026671	-0.51690106451
-0.0232150608851	0.520788493211	-0.853370021111
0.995496820813	-0.0664317933978	-0.0676229755508
0.931655550766	-0.118311033122	0.343541020722
-0.0774595593133	0.859092839136	0.505924409216
-0.354990070492	-0.497957820112	0.791214291721
0.93063489258	-0.0893374510307	0.354876763657
-0.118988854458	0.843178027404	0.524301886785
-0.34606408374	-0.530160009634	0.774060731999
0.911023176282	-0.135925511171	0.389308397855
-0.0865906796348	0.85999834966	0.502896504538
-0.403161044036	-0.491860849722	0.771708545709
0.916950811662	-0.131141816832	0.376832897648
-0.0827140413301	0.861449362023	0.501062255447
-0.390332673803	-0.490618813688	0.779059422056
0.912292845941	-0.124354852177	0.390202042608
-0.10486894641	0.850084258807	0.516100045659
-0.39588415906	-0.511754456542	0.762484825428
0.916345617278	-0.103542064722	0.386768340116
-0.123027083869	0.846437641104	0.518080740231
-0.381018430943	-0.522323996765	0.762890944446
0.92547427893	-0.102053402626	0.364804690347
-0.101107715332	0.86154261292	0.497515382789
-0.365067923799	-0.497322258927	0.787017142078
0.933275446381	-0.0835441928431	0.34930976116
-0.115608630709	0.850931553317	0.512396464233
-0.340046446688	-0.518590262052	0.784495095523
-0.955877559848	-0.275419110866	-0.102193851051
0.262480502514	-0.956949056551	0.123909922346
-0.131921399412	0.0916187558616	0.987017100044
-0.958003671782	-0.262607138815	-0.115187851078
0.252827990589	-0.963048232017	0.0928326457911
-0.135309857614	0.0598112330013	0.988996394773
-0.966610935305	-0.24135112428	-0.0860804273212
0.233882147438	-0.968234274701	0.0884219048673
-0.104686896356	0.0653370259458	0.992356646949
-0.956601395446	-0.267283144941	-0.116080332715
0.257131036769	-0.961664599516	0.0953204276827
-0.137107815761	0.0613357516792	0.988655338886
-0.963306726162	-0.259253467843	-0.0694833413695
0.249608684853	-0.960481317171	0.123171780824
-0.0986701563929	0.101308551251	0.989949886821
-0.966245465414	-0.239729405142	-0.094334786732
0.229251786374	-0.967169231004	0.10966693184
-0.117528116305	0.0843387799585	0.989481737885
-0.957517276397	-0.259643290403	-0.12549286301
0.244760658381	-0.961820455513	0.122458435105
-0.152496941041	0.0865402216781	0.984507741081
-0.956327476831	-0.259423768927	-0.134679680479
0.246105247329	-0.963224177515	0.107856143612
-0.157707055819	0.0700003470963	0.985001750173
0.217649794959	-0.13989518544	0.965949320237
0.256270543129	-0.946760586721	-0.194859594453
0.941782438199	0.289955496442	-0.170211417156
0.199036325037	-0.129502839363	0.971397575933
0.257924147927	-0.949360545975	-0.179412776665
0.945441362459	0.286256572171	-0.155555020691
0.188334578289	-0.160969256916	0.968823535953
0.228663906894	-0.952178538092	-0.202654856505
0.955114110027	0.259701889692	-0.142520343046
0.203353954369	-0.131318286538	0.970259216619
0.242088764429	-0.953452670338	-0.179782365724
0.948704627347	0.271448294357	-0.162097958753
0.203478872747	-0.144780093397	0.968315698119
0.261125481163	-0.945157979503	-0.196189729665
0.943615414115	0.29277235439	-0.154514126203
0.202750749858	-0.16092253274	0.965916999464
0.260932827529	-0.94186099523	-0.211685845604
0.943825074319	0.2949589398	-0.148972630682
0.211370748084	-0.136515609531	0.967824991866
0.240614630671	-0.952455923577	-0.186897375106
0.947325881644	0.272377527834	-0.168472989791
0.196468005096	-0.155191134826	0.968151052764
0.233980972156	-0.951449192424	-0.199995935634
0.95218362408	0.265821709558	-0.150617977797
-0.350778354021	-0.239911954164	0.90520537445
0.840026248932	-0.507842325141	0.190924172562
0.413896625728	0.827368353766	0.379672459253
-0.335252918387	-0.236836061584	0.91187390582
0.843443720831	-0.506698108376	0.178492459743
0.419771402044	0.828954491108	0.369630024964
-0.335875567067	-0.234825878174	0.912164704446
0.84530644235	-0.502352052208	0.181932615289
0.415505306367	0.83216540719	0.367227576975
-0.32257158122	-0.245563387293	0.914136811923
0.855046555977	-0.489846791137	0.170133507683
0.40600846691	0.836509800389	0.367978854181
-0.331776186485	-0.250928687176	0.90937313708
0.851780069748	-0.494001726197	0.174451057714
0.405457052313	0.832464565438	0.377633942383
-0.335760037643	-0.237147895537	0.911606342311
0.845604287543	-0.502263246492	0.180790146291
0.414992333169	0.831560318767	0.369173162009
-0.331502160917	-0.259637410782	0.907025277468
0.849330012657	-0.500721339879	0.167083232547
0.410785794112	0.825752197648	0.386507950146
-0.329532793853	-0.24607679392	0.911512007876
0.849978892554	-0.497619258263	0.172947162039
0.41102774994	0.831757807381	0.373142117978
0.631737122451	0.486380325621	-0.603607775166
0.181206079191	-0.849748561806	-0.495067201512
-0.753705860569	0.203374914868	-0.624952750252
0.612615605631	0.51610246776	-0.598615262591
0.192428519114	-0.831977426213	-0.520369304418
-0.76659849652	0.203595654965	-0.608995086075
0.636687092978	0.488581169755	-0.596588629075
0.179637212665	-0.846352404032	-0.501416105896
-0.749906676599	0.212075646848	-0.626629016186
0.639196619976	0.484499486332	-0.597233486709
0.184867458587	-0.85062329259	-0.492202772793
-0.746492875156	0.204205275479	-0.633283649226
0.635196617137	0.497533457646	-0.590750153768
0.186492266425	-0.841042338236	-0.507807602888
-0.749497111547	0.212387347812	-0.62701341253
0.642222206704	0.502666435463	-0.578685518678
0.192129395229	-0.836416090221	-0.513316263337
-0.742049035009	0.218480537753	-0.633741858275
0.629449374057	0.499855206214	-0.594926893009
0.190517813764	-0.841538541739	-0.505484521532
-0.753323435081	0.204832643128	-0.624937031128
0.626890971413	0.504285350196	-0.593888959382
0.178296714775	-0.834897719662	-0.520726966488
-0.758431336377	0.220550623906	-0.613302343882
-0.360852408741	0.110788847631	0.926019057084
0.806981238848	0.534828613288	0.250478758556
-0.467511222314	0.837665899736	-0.282398699648
-0.354194769558	0.0991438698161	0.92990143865
0.80755249375	0.533874971442	0.250672153472
-0.471598518196	0.839730940103	-0.2691596277
-0.323246271736	0.0915929234774	0.941871846113
0.820957124904	0.522190700458	0.230968110202
-0.470681672897	0.847895987271	-0.243990058141
-0.329111997683	0.100207730161	0.938958876424
0.811213499831	0.538968463761	0.226816393337
-0.483340478845	0.836344085536	-0.25867086485
-0.331235229814	0.071622138729	0.940825918519
0.805972209086	0.539933110924	0.242654085659
-0.490603646434	0.838655159378	-0.236570304197
-0.309561305301	0.0732836362117	0.948051268756
0.803400852918	0.553486056122	0.219545488553
-0.508644049466	0.829628025489	-0.230213982013
-0.336367948167	0.0887868884417	0.937535874993
0.79857892128	0.554542410208	0.233996645501
-0.499127573818	0.827405349305	-0.257433635196
-0.317461904364	0.100359513374	0.942945346163
0.814536451311	0.538010086584	0.216968944104
-0.485539212896	0.836942722829	-0.252544192232
0.746158642294	-0.265530415101	-0.610525093276
0.514679483848	-0.351639603181	0.781955672276
-0.422317794759	-0.897687720287	-0.125715881661
0.764471513359	-0.266925782246	-0.586799739345
0.48800343247	-0.355158467016	0.797317455633
-0.421231477007	-0.895886768477	-0.141247834777
0.75393826838	-0.293320884456	-0.587826471601
0.493971476804	-0.336773264319	0.801608400232
-0.433092694555	-0.894732756727	-0.109014115227
0.752935171493	-0.317885836827	-0.576226697028
0.485369125141	-0.323057198235	0.812435089007
-0.444415823281	-0.891393603429	-0.0889491409509
0.775546062249	-0.240424080362	-0.583716183523
0.484114380012	-0.366938891603	0.794348295336
-0.405168592552	-0.898639087076	-0.168185272943
0.768778382879	-0.249137189413	-0.588991069839
0.494523990725	-0.352378966744	0.7945282953
-0.405494564817	-0.902086387374	-0.147697035315
0.763500752371	-0.285803911475	-0.579122378793
0.487641933176	-0.332786999271	0.80712959454
-0.423405184712	-0.898648408199	-0.114713156559
0.746399395383	-0.294778125058	-0.596652169027
0.507453276147	-0.327942189726	0.796834456843
-0.43055676321	-0.897529852468	-0.0951897376179
-0.994079682058	-0.060163035419	0.0904761545953
-0.0715302595758	-0.264425460377	-0.961749738554
0.0817859850231	-0.962527686258	0.258556538121
-0.991688968823	-0.0695166611025	0.11122012834
-0.0879853689024	-0.276594203501	-0.95716796934
0.0972679699483	-0.958686278456	0.267765465956
-0.995176883678	-0.0459313308079	0.0889409098408
-0.072455628701	-0.282725342001	-0.95659392089
0.0690677526972	-0.958233823482	0.277779347138
-0.994068410829	-0.0718453652098	0.0816469436705
-0.0575771569147	-0.28923361418	-0.955525393665
0.0922651121199	-0.954558615505	0.283381356787
-0.989066589383	-0.0749775308974	0.126948502914
-0.102630398036	-0.268050020443	-0.957919613253
0.105851565555	-0.960479751955	0.257430495438
-0.992078504867	-0.0637453481731	0.110164896068
-0.0889746383009	-0.27179133446	-0.958374052587
0.0910125676961	-0.960382133069	0.263700467118
-0.992537604426	-0.0516229666179	0.110786200991
-0.0918127580887	-0.283443431114	-0.954607221335
0.0806779428625	-0.957621845453	0.27654415909
-0.99103889051	-0.0829012158326	0.104734320435
-0.0766750711016	-0.288970959799	-0.954262385152
0.10937469056	-0.953741660335	0.280025020793
0.74157871825	0.612176052199	0.274411214424
0.259862831698	-0.639230769615	0.723778636656
0.618491990401	-0.465429572859	-0.633121751985
