-0.171765241496	-0.859485868878	0.481436132452
0.704493101173	0.234435021059	0.669872895125
-0.688611776569	0.454229310397	0.56523407293
-0.163605738821	-0.84489327065	0.509302011058
0.706999844394	0.259636216402	0.657829966423
-0.688029357865	0.467701192972	0.554861426447
-0.145854354587	-0.86075573379	0.487674187887
0.701026983915	0.257901876308	0.664866765318
-0.698059964907	0.438846458969	0.565796859152
-0.140016620719	-0.856348978093	0.497053015949
0.707422448585	0.264717627341	0.655345717881
-0.692783337115	0.443385789607	0.56873566952
-0.15693379901	-0.860025529529	0.485518189164
0.706430549954	0.245796302113	0.663731935728
-0.690164981393	0.447146836031	0.568974534278
-0.164666569528	-0.852570511803	0.495992414297
0.710838518634	0.246040522171	0.658917811593
-0.683808125912	0.461072233399	0.565525290657
-0.156056699167	-0.857830593005	0.489666179384
0.698283961401	0.254808243937	0.668933673555
-0.698602750336	0.446317626888	0.559244819511
-0.154800847277	-0.853317398713	0.497881588448
0.704070668532	0.258242521415	0.66150984047
-0.693052056324	0.452946125251	0.560819614634
0.799181216488	0.213557700017	-0.561874087335
0.24128774772	0.742164162477	0.625277999151
0.550535742759	-0.635283765089	0.541594801758
0.792089264656	0.188653262763	-0.580520929228
0.286265613942	0.72516261178	0.626251700747
0.539116500487	-0.662230428826	0.520388577788
0.77660928292	0.227772828652	-0.587364928791
0.252472486808	0.741675622957	0.621429732939
0.57717905753	-0.630901583532	0.518485801227
0.778708417581	0.227126629643	-0.584830479536
0.251067669682	0.741460274846	0.622255317835
0.574959321107	-0.631387479635	0.520357203699
0.78868230314	0.193517453115	-0.583550525961
0.263370699327	0.751321088233	0.605105356738
0.55553226346	-0.630925996736	0.54158681932
0.792375868027	0.218034371243	-0.569738093149
0.267833262192	0.714776156489	0.646034354437
0.548092898596	-0.664496844541	0.507974520527
0.781484575069	0.201187941856	-0.590597383202
0.270427737064	0.74382805626	0.611218994696
0.56227279502	-0.637372130315	0.526883352636
0.783172530649	0.223420369734	-0.580279350008
0.254468175878	0.736331662017	0.626946272862
0.567350626265	-0.638669726837	0.5198213572
0.940129955151	-0.185817649228	0.285705212953
0.069357918935	0.925065845307	0.373420220376
-0.333684201835	-0.331247616052	0.882570037105
0.947152973476	-0.162884680502	0.276350911654
0.0526436511949	0.928737623657	0.366981025816
-0.316433075868	-0.333039049028	0.888231446052
0.95216476785	-0.170722993179	0.253448049429
0.0748497824235	0.934417511701	0.348226108915
-0.296276499626	-0.312598100537	0.902498012116
0.961577759027	-0.155657130313	0.226139493952
0.0617245444829	0.925216154968	0.37438635981
-0.267503819694	-0.346043239475	0.89927514244
0.94856738071	-0.16575911582	0.269710659845
0.0529397508456	0.923023223586	0.381084651868
-0.312117457525	-0.347206055005	0.884324967792
0.953289851909	-0.170053616926	0.249640190865
0.0659736759815	0.923733377377	0.377311701933
-0.294764196609	-0.343217735132	0.89180471686
0.950418844384	-0.177209113113	0.255540506124
0.0731607784116	0.926099759698	0.370117191293
-0.302244140626	-0.333070810817	0.893147420087
0.953142962349	-0.175215301041	0.246613242889
0.0692004962518	0.91986053329	0.386093111247
-0.294499209856	-0.350936172992	0.888883579437
-0.6151178858	0.726011131093	-0.307468743661
0.354727987334	-0.0934351454271	-0.930288874417
-0.704128713945	-0.681305491238	-0.200062466583
-0.624784853377	0.729348137256	-0.278737840119
0.345424457666	-0.0619643556365	-0.936398474177
-0.700232413474	-0.681330648859	-0.213220113365
-0.575618447636	0.764199577069	-0.290967252811
0.347554586625	-0.0934455127463	-0.932991651312
-0.740181562265	-0.638174442068	-0.211811891191
-0.577135493292	0.770261940403	-0.27131281855
0.358849105282	-0.0592355839321	-0.931513883936
-0.733581230663	-0.634970345366	-0.242220620342
-0.617050877949	0.734287423502	-0.282965563716
0.323909593235	-0.0907110345561	-0.941729060092
-0.717168115558	-0.672750345149	-0.181869094687
-0.632691762815	0.720490562761	-0.28389126882
0.342070060813	-0.0688736875828	-0.937146913914
-0.694758214802	-0.690035951046	-0.202882330375
-0.607039656357	0.737683170179	-0.295510463366
0.335398011544	-0.0992880567292	-0.936829803955
-0.720424227366	-0.667806445133	-0.187145698511
-0.60351284438	0.743856434172	-0.287141504755
0.361972663944	-0.0652787004881	-0.929900393629
-0.710456493368	-0.665144012117	-0.229859336628
0.577538545491	-0.70529083865	0.411113200081
0.544676676819	0.708020121667	0.449482843223
-0.608092548954	-0.0356698968086	0.793064380296
0.585644542804	-0.69613457622	0.415231401889
0.53296171723	0.716674248167	0.4498108793
-0.610714559586	-0.0421268437106	0.790729444024
0.562929812926	-0.704943546729	0.431467992137
0.549068501515	0.709160725827	0.44228367591
-0.617765176226	-0.0120691862913	0.7862700077
0.586119616428	-0.6995281233	0.408808265618
0.5416199313	0.713536352361	0.444425159679
-0.602587457009	-0.0390675984465	0.797096028386
0.587163532496	-0.686537158831	0.42884230019
0.533737468378	0.726662056723	0.432535052925
-0.608574813591	-0.0250796073384	0.793100063644
0.577607854075	-0.700605394283	0.418952543065
0.544066188893	0.713018152457	0.442263593494
-0.608573030904	-0.0275170043417	0.793020600706
0.586814714807	-0.686022458473	0.430141442377
0.531009199223	0.727080623568	0.435181555526
-0.611291832369	-0.0269618693722	0.790945854612
0.570740854897	-0.708744489281	0.414651825033
0.524441398056	0.703195851311	0.480080016237
-0.631835506358	-0.0565407012584	0.773037546034
0.232417440913	-0.94865694734	-0.214550982336
-0.803328127588	-0.0628769309051	-0.592208074502
0.54831199803	0.309994323083	-0.776696504414
0.22433432064	-0.948837455106	-0.222219431197
-0.810944732022	-0.0553089243029	-0.582502704018
0.540409690345	0.310883004314	-0.781862421899
0.213354607128	-0.955858265149	-0.202026553064
-0.808438156831	-0.0566260955155	-0.585850792207
0.548550360292	0.28831992837	-0.784833730186
0.213437566513	-0.953226843344	-0.214016654655
-0.815027811991	-0.0529470714235	-0.576997797424
0.538678205446	0.297582556074	-0.788207287044
0.249174658185	-0.944406015695	-0.214497800067
-0.807037455858	-0.0800520260296	-0.585048950146
0.535352756187	0.318887137939	-0.782117965692
0.239449827871	-0.943315246932	-0.229826023168
-0.814138034217	-0.0661065888765	-0.576896010086
0.529001812153	0.325247736529	-0.783818028622
0.241842197281	-0.948167854173	-0.206130990057
-0.787014716489	-0.0674202146802	-0.613239128222
0.567556253404	0.310535203586	-0.762527104183
0.225126785943	-0.950448128599	-0.214397575201
-0.81688288154	-0.0641855198418	-0.573221270692
0.531055857002	0.304185177433	-0.790854686924
0.947447774739	-0.201182311686	0.24873353219
-0.114988586219	-0.939709392224	-0.32206068837
0.29853026247	0.276534155971	-0.913459225984
0.944958089183	-0.214039380047	0.247469895564
-0.130844930503	-0.940440599604	-0.313768915574
0.299889662347	0.264118291695	-0.916682916745
0.947355456576	-0.191079507973	0.256916774789
-0.10737176558	-0.945532429113	-0.3073085916
0.301643682996	0.263544850354	-0.916271825831
0.949017170812	-0.19190843519	0.250075108782
-0.104020991588	-0.939541099647	-0.32625462492
0.297566867844	0.283608179493	-0.911603140444
0.952190157068	-0.186038163404	0.242329711704
-0.102683079342	-0.941949367905	-0.319666807967
0.28773264089	0.279500419778	-0.916017874676
0.94397085549	-0.21608296666	0.249453790562
-0.133235237334	-0.941036197591	-0.310966033739
0.301939420478	0.2603068461	-0.917100622765
0.947029160081	-0.186754319936	0.261263447717
-0.101252813011	-0.945671223241	-0.308955705626
0.304768162683	0.266136401431	-0.914487620659
0.94163667691	-0.219466543449	0.255254509389
-0.133608123911	-0.939637082322	-0.315012701565
0.308981063306	0.262523464149	-0.914119295631
-0.995895669571	0.0742757182688	0.0514211610156
-0.0833354581028	-0.535609106488	-0.840329930211
-0.0348743393821	-0.841179117585	0.539624284915
-0.995314412037	0.0863405460659	0.0435641160728
-0.0845770021733	-0.558696061169	-0.825050313944
-0.0468961918234	-0.824867625707	0.563378087584
-0.994650656771	0.0705148295166	0.0755588158547
-0.102073481619	-0.555639617768	-0.825139087807
-0.0162012402386	-0.828432959686	0.559856113425
-0.99464852872	0.0719034552938	0.0740811569951
-0.100970622861	-0.527967231405	-0.843233740881
-0.0215187830516	-0.84620807226	0.532414357049
-0.996285881165	0.0692123499241	0.0510920198016
-0.0805121931706	-0.540929514184	-0.837199183653
-0.0303072700895	-0.838209005545	0.54450344962
-0.995947678966	0.0665807629444	0.0603423866554
-0.0871783514999	-0.553236171601	-0.828443579152
-0.0217746791319	-0.830352835134	0.556809590122
-0.997310001377	0.0606138277249	0.0418152545015
-0.0682892930312	-0.548826478453	-0.833165457358
-0.027552206405	-0.83375900041	0.551450801916
-0.995132333493	0.0681223304892	0.0710998511657
-0.0960117248869	-0.511033106005	-0.854175010411
-0.0218538196043	-0.856850364892	0.515098071386
-0.989207714737	0.0712842407779	-0.127981429356
0.0682400155023	0.997275336633	0.0280212969312
0.129630202991	0.0189855159053	-0.991376893375
-0.990434780574	0.0532388351269	-0.127324282882
0.0468826069839	0.997524551642	0.0524099095343
0.129799336436	0.04593913244	-0.99047899002
-0.984386561334	0.0619375931979	-0.164789846355
0.0485133121671	0.995260477556	0.0842796625633
0.169228890723	0.0749689104099	-0.982725851216
-0.985365826784	0.0502228217309	-0.162866874944
0.037956107605	0.996263746281	0.0775749315553
0.166154400099	0.070258126133	-0.983590504217
-0.984310659168	0.0711211813368	-0.161477266284
0.066683496324	0.997236755727	0.0327439335719
0.163359852103	0.0214623258993	-0.986333377523
-0.982620525441	0.0644001960438	-0.174087036287
0.0570701136868	0.997272946406	0.046793889114
0.176625829304	0.0360455362586	-0.983616191709
-0.98552185325	0.0608785725461	-0.158232452299
0.0434944457637	0.992857478829	0.111095676099
0.163865624045	0.102605143462	-0.981130613702
-0.988638182388	0.0655545299609	-0.135275298932
0.0578228054304	0.996503023653	0.0603179160242
0.138756355068	0.0518105338995	-0.988971486676
-0.877050315766	-0.225035385631	-0.424431260077
-0.479708225869	0.362901745244	0.798863171656
-0.0257456278038	0.904246329386	-0.426234437795
-0.881292043151	-0.247807185584	-0.402389308938
-0.470076363021	0.372272257154	0.800276194442
-0.0485156686389	0.894430194724	-0.444569224495
-0.873221917923	-0.253252753453	-0.416346093958
-0.48430419846	0.356086182924	0.799156574018
-0.0541338197342	0.899480310685	-0.433592921342
-0.88234895157	-0.231337071444	-0.409807697916
-0.469120726969	0.363525983082	0.804844219984
-0.0372146936597	0.902403254809	-0.429281455891
-0.895587325666	-0.227123551058	-0.382542458435
-0.443303011346	0.383108340384	0.810376826962
-0.0375004010993	0.895345215042	-0.443791668473
-0.885124465604	-0.225916390531	-0.40683666762
-0.465236549489	0.409959223418	0.784530602237
-0.010451920852	0.883682690402	-0.467969396163
-0.896289115248	-0.208768761399	-0.391254090841
-0.442190742733	0.353804463783	0.824190015653
-0.0336378711717	0.911722237924	-0.409426206779
-0.894425987451	-0.224695503682	-0.38667023719
-0.445095196336	0.363158413765	0.818539041029
-0.0434995161059	0.904227751242	-0.424829150464
0.881240710775	0.00323408389431	-0.472656693975
-0.463424295523	0.20270508195	-0.862640465068
0.0930200622286	0.979234492017	0.180130723552
0.885670535189	0.0178523224692	-0.463970901805
-0.458437111889	0.192108067763	-0.86771533641
0.0736418195188	0.981211386594	0.178328622324
0.886161723199	0.0410727934516	-0.46155219184
-0.459611542376	0.204618710632	-0.8642270605
0.0589459945099	0.977979656038	0.200202799248
0.885958472466	0.034989444377	-0.462442782089
-0.459262231527	0.204802028296	-0.864369337628
0.0644654218706	0.978177840641	0.197515421114
0.894030886215	0.0330874864389	-0.446781815196
-0.4426186103	0.219418508302	-0.86945055452
0.0692642618171	0.975069597095	0.210812061772
0.896393760794	0.0310293223568	-0.44217124306
-0.440655677407	0.170329775881	-0.881368454636
0.047966665548	0.984898451625	0.166355794754
0.886178709511	0.0338702439034	-0.462103997999
-0.459413940582	0.193844849977	-0.866811992699
0.0602173528738	0.980447349971	0.187341639531
0.901681176211	0.0314225866985	-0.431258248957
-0.427710364054	0.211328338549	-0.878865277531
0.0635208684486	0.976909899947	0.203990550967
0.206283706045	0.677190019379	0.706300714946
-0.364824579467	0.72300633866	-0.586655654422
-0.907937249207	-0.136658363453	0.396199994113
0.208686716627	0.668664941039	0.713678527796
-0.375929585252	0.728525347808	-0.572649771798
-0.902843724763	-0.148788476813	0.403404499685
0.200951594748	0.681226552617	0.703952314641
-0.373975395072	0.717532875507	-0.587612954051
-0.905406472895	-0.145179075272	0.398951338539
0.206279019995	0.66196389047	0.720591971602
-0.350859840237	0.73749811227	-0.577056246972
-0.913425615106	-0.133792179799	0.384386928284
0.20684899958	0.668880094926	0.714011834961
-0.34829477485	0.732328155551	-0.585137777953
-0.914277983802	-0.127651431589	0.384448791076
0.204628651924	0.687863956215	0.696398084461
-0.346103777168	0.716339774186	-0.605862610801
-0.915608699025	-0.117049158378	0.384655955884
0.208526486212	0.659407082547	0.722287358243
-0.378095712911	0.735455341026	-0.562271359047
-0.901975809138	-0.155845272025	0.402680902095
0.200334982417	0.666537980992	0.718048062968
-0.353852529567	0.732659378192	-0.581376491508
-0.913594159437	-0.137613071523	0.382633452582
-0.458066314853	0.793769484391	0.400125869871
0.85945785605	0.280565881455	0.427332115815
0.226942503214	0.539639276908	-0.810728626991
-0.459934719288	0.787790254744	0.409691928938
0.851297573241	0.260009118338	0.455728165101
0.252494364098	0.558374635171	-0.790231280362
-0.462451975907	0.796399332034	0.389720989994
0.846130586612	0.265060524811	0.462389475378
0.264947875075	0.543589091572	-0.796435073234
-0.461197260717	0.790212595242	0.403563433571
0.851860725659	0.267072242785	0.450562844484
0.248259329481	0.551577398984	-0.796324375203
-0.424829501777	0.800095285883	0.423517901709
0.871878232469	0.235723019235	0.429258660924
0.243614916017	0.55161778773	-0.797727754441
-0.454294459395	0.790175997586	0.411389570942
0.848086678356	0.242244468472	0.471241059808
0.272705834618	0.562975171117	-0.780188493789
-0.447726554939	0.799136542811	0.401152395229
0.8592700596	0.260403760966	0.440279031595
0.247381128888	0.5418223389	-0.803263986005
-0.468457366989	0.778783377638	0.417182406648
0.857832845678	0.287993456113	0.425653768322
0.211346915229	0.557274413845	-0.802978233422
-0.831017072504	0.538997171976	0.137449476553
-0.514191926859	-0.838619905121	0.179785985479
0.212172034813	0.0787298343865	0.974055766553
-0.828554760251	0.537584232506	0.156525375736
-0.505428803745	-0.838400234332	0.204026376705
0.240912275804	0.0899345929429	0.966371069618
-0.838300094003	0.532219210141	0.118304367206
-0.508177539832	-0.841350281776	0.18408028233
0.19750645294	0.0941948761337	0.975765612105
-0.838913664813	0.534001550636	0.105196247256
-0.503892340699	-0.835091838684	0.220712875442
0.205709541595	0.132151459769	0.969649203009
-0.82424330157	0.550737362885	0.131573419315
-0.531383055663	-0.832601142164	0.156229366623
0.195589508158	0.0588551099226	0.978918190129
-0.840879239613	0.522246961688	0.142055801726
-0.488227392341	-0.845221066856	0.217336136109
0.233571730232	0.11339794398	0.965704481891
-0.830162099562	0.549989272453	0.0913391324841
-0.522776554726	-0.824839181605	0.215279228848
0.19374135017	0.130966685575	0.972271576646
-0.856270252963	0.506591914057	0.100822876693
-0.482813658358	-0.854349636625	0.192294140104
0.18355269313	0.115977142695	0.976144304429
-0.030054876119	0.575337197632	-0.8173639719
0.502194251866	0.715722695274	0.485326663618
0.864232426453	-0.395889057751	-0.31044199057
0.00709153600741	0.57521482704	-0.817971670415
0.500122511366	0.706298048072	0.501019513555
0.865925646041	-0.412639045767	-0.282669145915
-0.00876613790299	0.586823887314	-0.809667157845
0.520010299171	0.694277233572	0.497562478184
0.854115021511	-0.416673560739	-0.311240595218
0.00793774274463	0.582229102304	-0.812986007539
0.51925733154	0.69240630094	0.500944441063
0.85458106676	-0.426125312345	-0.296830586893
0.00586648491494	0.577208933739	-0.816575413242
0.49204808226	0.709226558313	0.504862720176
0.870548243031	-0.404756134347	-0.279853881939
0.00474538612087	0.582789612323	-0.812609253783
0.481024635344	0.711095530846	0.512794755034
0.876694263559	-0.393318482108	-0.276961738069
-0.0242904626031	0.579611620696	-0.81453077746
0.52062871197	0.702895835962	0.484647501869
0.853437614912	-0.412295799093	-0.318836116599
-0.00504245926002	0.57038128635	-0.821364590364
0.490977885928	0.716968204055	0.494871011411
0.871157458586	-0.400776484574	-0.283659881167
0.738919792318	-0.670957465771	0.061754527089
0.666421393749	0.714238643812	-0.213882415812
0.0993985334009	0.19919648834	0.974905477869
0.736657359628	-0.675171150559	0.0384688945188
0.664061890251	0.711433825075	-0.229964611873
0.127897397585	0.194950850859	0.972438389744
0.732647045009	-0.676762272948	0.0722574363025
0.67416549719	0.707035855747	-0.213544340109
0.0934301535161	0.205166100288	0.974257500904
0.718283606881	-0.691509310906	0.0767041881975
0.688462908561	0.69051256768	-0.22183601338
0.100436462968	0.212149160323	0.972062369721
0.743210192865	-0.667803186435	0.040957472584
0.657097738724	0.717032190035	-0.232566982795
0.125941145531	0.199759214829	0.971717594819
0.716691721295	-0.69665485716	0.0320153489173
0.68371188545	0.692846510431	-0.229132639056
0.137444644368	0.186106739754	0.972868568083
0.727326785808	-0.683482825612	0.0620239586428
0.676032185699	0.697954177621	-0.236305834244
0.118221099009	0.21380175512	0.969697159427
0.704778837748	-0.707835433134	0.0474951642583
0.700976970545	0.684519331636	-0.200161366468
0.109169949127	0.17436251163	0.978611075367
-0.218706266271	-0.919646168729	0.326219260997
-0.955197061082	0.270093025029	0.121031563911
-0.19941578775	-0.285133283404	-0.93751435699
-0.196494140615	-0.925362171459	0.324183178215
-0.958991529274	0.250254241123	0.133071237469
-0.204267295928	-0.284741214251	-0.936587975294
-0.20584539329	-0.929884647672	0.30486459051
-0.965410029237	0.243915743925	0.0921342078762
-0.160035470978	-0.2753539156	-0.947928898309
-0.186101952705	-0.923724994873	0.334811038311
-0.970123455738	0.226736775618	0.0863195689109
-0.155649536315	-0.308743779204	-0.938323442949
-0.183287905896	-0.92653487084	0.328540696508
-0.962350407816	0.237345976387	0.132471814141
-0.200717584484	-0.291890770808	-0.935153859218
-0.196906854267	-0.923867426422	0.328171991311
-0.957041881588	0.253787267661	0.140224734211
-0.212834946312	-0.286463117337	-0.934152273348
-0.182575655792	-0.927271995858	0.326853803646
-0.973028037861	0.218089076347	0.0751931584601
-0.141007804024	-0.304309413659	-0.942079412828
-0.202262111451	-0.923095258272	0.327086313909
-0.966497393644	0.242042763498	0.0854298639822
-0.158028796965	-0.298848820872	-0.941125243791
0.0984060271258	0.929107040853	0.356477398774
0.852252990694	-0.263628758754	0.451845551696
0.513790686032	0.259344692197	-0.817776869745
0.0990804342419	0.920241391195	0.378598421902
0.86842731191	-0.265716499283	0.4185998298
0.485813737006	0.287310973532	-0.825489669151
0.0760530721364	0.928921695882	0.362387037389
0.874564286404	-0.236709778375	0.423215168899
0.4789125086	0.284742433017	-0.830404952179
0.0900842469003	0.920501199394	0.380211181081
0.867200103431	-0.260226095644	0.424551325252
0.489741749204	0.291474508454	-0.821700657138
0.105342467891	0.924719397766	0.365783665632
0.853185181362	-0.273005300487	0.444459373034
0.510860745167	0.26526048211	-0.817716074177
0.0836032272299	0.918960703361	0.38537768321
0.878773344504	-0.250330344911	0.406305621951
0.469853319693	0.304693411678	-0.828485531104
0.111076368089	0.928616602921	0.354023212172
0.870877345109	-0.262568131575	0.415487033388
0.478783750512	0.262160313388	-0.837876133238
0.0982463483663	0.928421778353	0.358301015616
0.877404315145	-0.250702693666	0.409033478434
0.469583096028	0.274189205106	-0.839231718379
0.931083936264	0.000786192110521	-0.364803583506
-0.0395094581407	-0.993892054915	-0.102981145225
-0.362658620956	0.110297304847	-0.92536543491
0.93140184208	0.0179500829426	-0.36354929629
-0.0314372323456	-0.991079615	-0.129475224384
-0.362632040411	0.132022451989	-0.922528765979
0.929891898553	0.00393402188278	-0.367812050245
-0.042859796591	-0.991974511537	-0.118966905533
-0.365327549837	0.126390704752	-0.922260573952
0.926909042047	0.00675123582478	-0.375224791399
-0.0438188828819	-0.991046795852	-0.126075909431
-0.372718565098	0.133302851622	-0.918314001041
0.936529728833	0.0211102383209	-0.349951912443
-0.0246545879172	-0.991747231266	-0.125805206478
-0.349720080177	0.126448236525	-0.928280217516
0.935598306428	-0.0139338849132	-0.352790946892
-0.049090613613	-0.994645901926	-0.0909028819051
-0.349636549881	0.102367324546	-0.931272842272
0.923024510018	0.0220925948007	-0.384106213536
-0.03197163433	-0.990491445292	-0.13379924827
-0.383410329309	0.135780490109	-0.913541456736
0.928250383302	0.00779080164707	-0.371874271677
-0.0432638599808	-0.990732309142	-0.12874856766
-0.369431196497	0.135599626344	-0.919310530312
0.807079415578	0.164685203753	0.567011110539
-0.573471964278	-0.00994699104402	0.819164792692
0.140544377322	-0.98629601797	0.0864143364202
0.814734610323	0.135473777706	0.563785745587
-0.567301715558	-0.0148197292838	0.82337665785
0.119901104655	-0.990670082682	0.0647803625512
0.807514498699	0.134592656905	0.574286648727
-0.575900564974	-0.0305685341562	0.816948054878
0.127510303355	-0.990429402741	0.0528274498891
0.807034678058	0.134843727059	0.574901903497
-0.578149239116	-0.0176776223667	0.815739519725
0.120160254168	-0.990709178319	0.0636933432406
0.818383069995	0.160664215848	0.551757335345
-0.557906567886	-0.00810606739688	0.82986416623
0.137802064101	-0.98697582677	0.0830017554656
0.835983554113	0.128871254669	0.533407634005
-0.541089184536	0.0316813766229	0.840368268277
0.0914002115578	-0.99115515015	0.0962159470212
0.805131930834	0.141986709598	0.575849238419
-0.577697161075	-0.0320623829524	0.815621222459
0.134270477675	-0.989349161185	0.056210872831
0.843953612445	0.127970541222	0.520927871195
-0.52474062671	-0.00455645696226	0.851249995223
0.111308495131	-0.991767523297	0.06330589912
0.203467724222	-0.677124929493	-0.707179405911
0.978019046718	0.106921702122	0.179015336225
-0.0456029225118	-0.728058772494	0.683996195966
0.187600345251	-0.690427418037	-0.698653037439
0.980915848927	0.0946909553918	0.169816646319
-0.0510899562041	-0.717177506943	0.695015273818
0.225752140685	-0.661417799376	-0.715235946296
0.973243875123	0.120864982193	0.195417522055
-0.0428056507986	-0.740214930314	0.671006356395
0.211592319025	-0.684269017043	-0.697857141833
0.975871437726	0.108548266552	0.18945236023
-0.0538852031936	-0.721105520768	0.690726579709
0.175499960348	-0.670543438864	-0.720812915241
0.984275036383	0.104591562348	0.142349063763
-0.0200602825486	-0.734460414043	0.678354984201
0.183809725803	-0.66777732653	-0.721309521961
0.9793747397	0.0617823078816	0.192374803988
-0.0838993655326	-0.741792685421	0.665360434768
0.160751254721	-0.665237653345	-0.729121326227
0.985954892546	0.0743281217778	0.149560325139
-0.0452989365354	-0.742922745354	0.667842649594
0.229325371951	-0.67379712069	-0.702429593309
0.972505102515	0.128552412836	0.194185800021
-0.0405428044046	-0.727648087675	0.684751450924
-0.487770105132	0.36490481681	-0.793047733986
-0.848115627107	0.0171544573828	0.529533330063
0.206833548462	0.93088674889	0.301114100143
-0.476936198999	0.341139538813	-0.810034442991
-0.852972851467	0.0427107235195	0.520204947718
0.212059657723	0.939041898974	0.270612404805
-0.490375011528	0.385993637227	-0.781371463964
-0.847472362138	-0.00207129449128	0.530835544671
0.203280712536	0.922499155606	0.328134586679
-0.489255470617	0.382387847931	-0.783842164073
-0.841860829562	0.027701577747	0.538983222353
0.227814284172	0.923586543906	0.308364249983
-0.495461986618	0.353256673299	-0.793553370518
-0.834322004832	0.0606783627388	0.547927740447
0.241710614878	0.933556500308	0.264666102111
-0.491362427085	0.364313590361	-0.791099608513
-0.839519035981	0.0437168985077	0.541568677276
0.231885253815	0.930249671787	0.28436734268
-0.519783439912	0.383916113807	-0.763173304836
-0.829556163119	-0.0133838838954	0.558262820941
0.204111851414	0.92327093671	0.325436760649
-0.490814865064	0.38236696049	-0.782876934621
-0.835003400599	0.0500911505218	0.547960043923
0.248737026241	0.922651828304	0.294692219941
-0.292373268722	0.880198695233	0.373855830001
-0.175155676434	-0.433613833464	0.883911529062
0.940126807259	0.192949110149	0.280948850578
-0.302236062892	0.868114443365	0.393739409643
-0.196871368345	-0.460998399173	0.865287347208
0.932681657272	0.184005005728	0.310237181936
-0.261688502589	0.876300787718	0.404494666334
-0.168289819567	-0.454107972561	0.87490819251
0.950367056604	0.160881130451	0.266307432608
-0.274774660118	0.86954100751	0.410362537792
-0.182039704689	-0.466117797299	0.865792035351
0.944118913105	0.163195400724	0.28636827598
-0.267678567053	0.874100714426	0.405334520328
-0.164905965824	-0.456041118915	0.874547002794
0.949291396129	0.167255429508	0.266216896905
-0.274834480875	0.8754369812	0.397587800992
-0.168936098935	-0.451045714932	0.876366539376
0.946533972991	0.173688827531	0.271855855171
-0.267364068804	0.87454726034	0.404578148629
-0.147499782506	-0.452058862306	0.879708203774
0.952239572312	0.175527203183	0.249859878575
-0.27795278448	0.876217450824	0.393681704283
-0.177140925202	-0.449556848039	0.875511162871
0.944120436192	0.173613601321	0.280169503767
0.167262853288	0.761778321544	-0.625873098421
0.644186821262	-0.565011764829	-0.515543826398
-0.746355602789	-0.316947766121	-0.585233137152
0.175207332258	0.75817170826	-0.628076256124
0.650960297261	-0.567810938827	-0.5038300521
-0.738616824952	-0.320577121459	-0.593025159924
0.148458503295	0.74843481327	-0.646375692901
0.629428239116	-0.575639887997	-0.521969018645
-0.762742615756	-0.329358307785	-0.556542666103
0.166563123581	0.746360644532	-0.64436188376
0.633510693741	-0.581770960983	-0.510104130858
-0.755592912793	-0.323245745057	-0.56972889771
0.140301322005	0.768676732981	-0.624058076481
0.623677467311	-0.558137861954	-0.547268544085
-0.768985578159	-0.312430028565	-0.557712268925
0.169534239136	0.768581167244	-0.616880867296
0.636776164555	-0.563164993289	-0.526652589865
-0.75218025189	-0.303528950043	-0.584890341707
0.135951247844	0.762786940736	-0.632198970678
0.616329924268	-0.564728397409	-0.548838082418
-0.775665443303	-0.315026823148	-0.546905069036
0.156929054509	0.739938444362	-0.654115916251
0.626927322612	-0.586403652578	-0.512931794233
-0.763111175059	-0.32958760888	-0.555913088302
-0.202273836943	0.451683293946	-0.868946194539
-0.919771421783	-0.392322602794	0.0101733923918
-0.33631208528	0.801289690568	0.49480199048
-0.189216188518	0.477211010997	-0.858176459607
-0.916377591546	-0.399801371475	-0.0202710436665
-0.352773715791	0.782578083313	0.512954412039
-0.199096255685	0.419761631493	-0.885528566786
-0.912754710908	-0.408341783311	0.0116538695651
-0.356706472584	0.81059061658	0.464438736294
-0.186641482683	0.433533035227	-0.881597443289
-0.915354676536	-0.402626507012	-0.0042068351832
-0.356778307623	0.806189176736	0.471983310143
-0.178497134613	0.453006670238	-0.873455068006
-0.926487102745	-0.376281565369	-0.00581915584152
-0.331301143303	0.808206143782	0.486869995989
-0.180576331863	0.455594009488	-0.871680147954
-0.918277227551	-0.395592746484	-0.0165319249962
-0.352362193175	0.797458757367	0.489796296727
-0.185576920273	0.412073149393	-0.892052104877
-0.917555109551	-0.397542714179	0.00724214021603
-0.351644506858	0.819850929869	0.451874549185
-0.203357636321	0.421926078431	-0.883529287363
-0.913031580813	-0.407594068326	0.0155030383591
-0.353580188537	0.809842821849	0.468119247737
0.929761325938	0.158273356177	0.332405510022
0.0549577271118	0.833093983962	-0.550394463878
-0.364037809299	0.530003738064	0.765880223208
0.932044506959	0.201703233684	0.301013027938
0.00170719476155	0.828284977727	-0.560304454932
-0.362339789359	0.522742577424	0.771654116948
0.947702232587	0.156328200632	0.278248040957
0.023735975185	0.834887314255	-0.549908880447
-0.318272025304	0.527754362369	0.787513969375
0.945300899947	0.181390672812	0.271115533725
-0.00133429990933	0.833276957014	-0.55285417003
-0.326196916684	0.522251795107	0.787939486907
0.940373657728	0.163564028378	0.298235127949
0.0279916247087	0.836606096526	-0.547089303181
-0.338989456869	0.522816454723	0.78214391221
0.935696079211	0.189601427393	0.297530076786
0.00404859984476	0.837496316548	-0.546427973205
-0.352783866838	0.512495092457	0.7828743994
0.948040019591	0.181777816571	0.261107153682
-0.00828759248576	0.834533297548	-0.550895169758
-0.318043135615	0.520106717563	0.792677464317
0.944216160685	0.186278640949	0.271580760251
-0.00601871152892	0.834278496867	-0.551310405601
-0.32927134179	0.518921628128	0.788860396703
-0.0602993223591	-0.833814895557	-0.548740976782
-0.0416126575639	0.551363286894	-0.833226794195
0.997312552004	-0.0274084618356	-0.0679440754657
-0.0948615435224	-0.872935039936	-0.478524537086
-0.0369117390499	0.483446003874	-0.874595620005
0.994805930854	-0.0653023051903	-0.0780819915974
-0.0793129777783	-0.8398454361	-0.5370001549
-0.0245437477116	0.540179060774	-0.841192140444
0.996547604156	-0.0535374276478	-0.0634561800654
-0.0631552060831	-0.867462508986	-0.49347764869
-0.0145552592818	0.495212762444	-0.868649786819
0.997897559211	-0.0476770722461	-0.0439013994707
-0.0491503545032	-0.841477225062	-0.538052331704
-0.0209879265102	0.539454610536	-0.841753066769
0.998570848208	-0.0300798632857	-0.0441752451317
-0.0490768827533	-0.865844669277	-0.497900049193
0.000608711803157	0.498474724241	-0.866904016791
0.998794813649	-0.0428480284493	-0.0239365333987
-0.0824909856799	-0.845230828954	-0.527996275605
-0.021607879533	0.531194312722	-0.846974435705
0.996357526599	-0.058458882827	-0.0620823847551
-0.0938640387008	-0.852082013778	-0.514923047968
-0.0228837334289	0.518916383759	-0.854518638994
0.99532197719	-0.0684252251638	-0.0682063962252
0.932704524706	-0.120403440885	0.339948938669
-0.0732466673777	0.85973260108	0.505464914827
-0.35312490028	-0.496349539967	0.793057336279
0.931642149816	-0.0878220441837	0.352604868893
-0.119890155186	0.841731118938	0.526417206077
-0.343029525991	-0.532706310006	0.773663190708
0.909761462771	-0.140674051082	0.390569958429
-0.0832253957149	0.859928212453	0.503584157093
-0.406703349609	-0.490646798746	0.77062189487
0.916304938373	-0.13541969535	0.376890919315
-0.0787581416696	0.861784218165	0.501123851809
-0.392660685671	-0.488865488496	0.778991731371
0.91073248412	-0.12843845544	0.392517394079
-0.10300343243	0.849740047088	0.517041723464
-0.399945789324	-0.511317332055	0.760656262175
0.91521420938	-0.105391740452	0.388941556048
-0.123222857367	0.845764896287	0.51913184387
-0.383665323425	-0.52304332989	0.761069379474
0.926228659626	-0.102104312444	0.362870745219
-0.0997206407429	0.861958639542	0.497074535949
-0.363533027612	-0.496590384381	0.788188887896
0.934692276971	-0.0816778492037	0.345946638572
-0.115623864144	0.85045206188	0.513188477504
-0.336127163184	-0.519672993672	0.785467065632
-0.955166396911	-0.276355028918	-0.106247511898
0.262236206958	-0.956245118645	0.129734067731
-0.137451109682	0.0960554764799	0.985840029163
-0.957637796496	-0.261720499254	-0.120132620989
0.251322844767	-0.963224216232	0.0950555179853
-0.140592652916	0.060836700036	0.988196640126
-0.967414723412	-0.237190854424	-0.088584728788
0.229353922731	-0.969150528701	0.0902332076083
-0.107254527758	0.066975758339	0.991973137701
-0.956124213517	-0.266415379031	-0.121859955561
0.255657442824	-0.961888240176	0.0970092855535
-0.143060388935	0.0615985013686	0.987795197882
-0.963862482467	-0.257530549112	-0.0681735941593
0.247552624401	-0.960388981225	0.127950028412
-0.0984241881792	0.106449649565	0.989434764914
-0.967289615725	-0.235180449918	-0.0950686374943
0.22423430042	-0.967957334748	0.113025068826
-0.118603829507	0.0880104746283	0.989033503863
-0.95694316356	-0.258001055776	-0.133019163534
0.241621140183	-0.961950664778	0.127549994779
-0.160865991637	0.089917916847	0.982871757146
-0.955442573552	-0.258019095854	-0.143377499797
0.243488454624	-0.963494984035	0.111320559187
-0.166866215088	0.0714495668837	0.983387328658
0.217712526145	-0.137620450418	0.966261615847
0.258896066386	-0.946400959313	-0.193124731606
0.941049268339	0.292207027251	-0.170413594442
0.197156260564	-0.125479297276	0.972308950495
0.26037217534	-0.949456633084	-0.175326149227
0.945164578031	0.287728820679	-0.154520340414
0.185951609292	-0.161152983882	0.969253126256
0.227656235121	-0.952547969714	-0.202051437165
0.955821398369	0.258228310679	-0.140440254385
0.20282633869	-0.127477641155	0.970881478114
0.242478762816	-0.954072143684	-0.175926664499
0.948717788978	0.271100705835	-0.162600256538
0.202399141154	-0.142654802139	0.968857075715
0.263888989156	-0.944792730705	-0.194239292086
0.943078484082	0.29498459047	-0.153580044453
0.201887591087	-0.160437166574	0.96617875413
0.263746917365	-0.941143719278	-0.211391178953
0.943227985659	0.29750392021	-0.14769049882
0.210586320881	-0.132729404193	0.968522827284
0.240743077773	-0.953186352359	-0.182972524374
0.947468380587	0.271696668059	-0.168774481523
0.194164478431	-0.15417428224	0.96877793726
0.233185113383	-0.952011357341	-0.198241452741
0.952851039734	0.264396031332	-0.148895886469
-0.352765608492	-0.239929589868	0.904428036782
0.840231936932	-0.506587438503	0.193337268324
0.411784620854	0.828132114502	0.380303248937
-0.33529295313	-0.235858155634	0.912112702382
0.844076530788	-0.50523827044	0.179636071307
0.41846560384	0.830123628361	0.368485152391
-0.336229593039	-0.233643051169	0.912338007561
0.846145737984	-0.500285874762	0.183715799394
0.413505871168	0.833741584363	0.365906943005
-0.321369510272	-0.245994500576	0.914444296947
0.857012428584	-0.486319692279	0.170361047186
0.40280437409	0.838438963092	0.36710864211
-0.331826620645	-0.251584915608	0.909173328016
0.853210272103	-0.491157631467	0.175489118993
0.40239699516	0.833947977722	0.377633997886
-0.336495497847	-0.23608989137	0.911609724946
0.846187540714	-0.500585319235	0.182704474921
0.413203791566	0.832872044439	0.368221074096
-0.331357638051	-0.262025870624	0.906390874876
0.850458077845	-0.498939981788	0.166672714957
0.408562152876	0.826075770863	0.388169709455
-0.329245879186	-0.246405796682	0.911526974956
0.851423142876	-0.494857946908	0.173765207254
0.408259567539	0.833306605541	0.372725461882
0.630430866729	0.486569706647	-0.604819681233
0.180503670423	-0.84969269723	-0.495419786697
-0.754967119283	0.20315575468	-0.623500124725
0.608862501866	0.520252435362	-0.598852037278
0.193390964425	-0.829480094056	-0.523986894091
-0.769341467706	0.203223359386	-0.605651371034
0.636584680236	0.489002660675	-0.596352704695
0.178971216841	-0.845833902905	-0.502528961142
-0.750152953794	0.213172350685	-0.625962470872
0.639238309071	0.483997733022	-0.597595582948
0.184372664119	-0.850891781934	-0.491924175005
-0.746579538331	0.204276449103	-0.633158496868
0.634545117671	0.499270501888	-0.589984416826
0.186664927161	-0.839754013979	-0.509872698572
-0.750005900724	0.213407895181	-0.626058222331
0.642476771853	0.504753442577	-0.576582856697
0.192833082847	-0.834699091049	-0.5158430129
-0.741646297496	0.220232999354	-0.633608120203
0.628241732272	0.501470937355	-0.594843725827
0.190705790145	-0.840494260383	-0.507148769835
-0.754283408787	0.205171811243	-0.623666849515
0.625301019576	0.506794691201	-0.593428875305
0.1773568989	-0.832823017443	-0.524357337072
-0.759962643482	0.222632494256	-0.610648659879
-0.36607625234	0.113417570536	0.923647480833
0.805626695101	0.535421290461	0.253554101398
-0.465783042086	0.836935187986	-0.287377249247
-0.358758301109	0.100665873183	0.927986442785
0.806577479734	0.533816599015	0.253914550782
-0.469814032574	0.839586929322	-0.272705957298
-0.322979442594	0.0922814615208	0.941896218951
0.821718686088	0.521103444533	0.230715470768
-0.469534616773	0.848490046716	-0.244135117328
-0.330114218399	0.101800501799	0.938435537472
0.81064270482	0.539921506912	0.226590314397
-0.483614521369	0.835536607989	-0.260759599854
-0.332243836585	0.0693268305036	0.940642285593
0.80468181282	0.541095516267	0.244341670525
-0.492037904017	0.838098718774	-0.235561707825
-0.308043569534	0.0716532166621	0.94867015295
0.801961808982	0.556016622716	0.218409707817
-0.511826630307	0.828076904687	-0.228740505095
-0.33796311817	0.088663431772	0.936973750274
0.79672435201	0.556917904018	0.234675909031
-0.501010299046	0.825821573485	-0.258858042649
-0.316877929141	0.102210933236	0.942942899449
0.814485305814	0.5387530709	0.215310980157
-0.486006248014	0.836240429954	-0.253968262325
0.743022794873	-0.266163598239	-0.614063571457
0.516638834536	-0.355144791922	0.779074139765
-0.425442646507	-0.896118931601	-0.126370228959
0.763876610397	-0.268229320902	-0.586980021953
0.48604936872	-0.35923270648	0.796685521446
-0.4245568583	-0.893870706715	-0.144036761161
0.752022454342	-0.297165985163	-0.588349047176
0.493295018618	-0.338285619945	0.801388071875
-0.437175306551	-0.892891479631	-0.107807878027
0.751290478176	-0.325621077941	-0.574050101917
0.482525249793	-0.322404644632	0.814386006345
-0.45025769202	-0.888834122668	-0.0850991364321
0.776276684855	-0.238360454125	-0.583591289896
0.482058773952	-0.372095567831	0.793198696908
-0.406218953508	-0.89706695861	-0.173945357257
0.768636690915	-0.249023151446	-0.589224154513
0.493250641179	-0.35578066637	0.793803441591
-0.407310003798	-0.900781643324	-0.150635241988
0.762894575908	-0.288868953473	-0.578400037258
0.486175666564	-0.333398593278	0.807761506703
-0.426174960105	-0.897440893981	-0.113906931407
0.743939280254	-0.298595456051	-0.597825319369
0.50818968041	-0.328130950925	0.796287252011
-0.433932722409	-0.896198020873	-0.092366385177
-0.994620149439	-0.055402588659	0.0896642985825
-0.0721361419195	-0.262623450678	-0.962322615863
0.0768473181013	-0.963430845024	0.25697557591
-0.991604433565	-0.0652470484214	0.112872129317
-0.0908325657087	-0.275442601385	-0.957109181917
0.0935240071379	-0.959193079507	0.267027547708
-0.995261242376	-0.0389412888768	0.0883988683773
-0.0739215710643	-0.281986308177	-0.956524685717
0.0621802640809	-0.958586171961	0.277851014741
-0.994525121025	-0.0674030568267	0.0798532656297
-0.0570681925679	-0.289815238373	-0.955379665537
0.0875382059351	-0.954706191378	0.284382007889
-0.988691384878	-0.0708956351718	0.13141122133
-0.108217456027	-0.26606488759	-0.957796844328
0.102878969614	-0.961280199373	0.255506511767
-0.992082768193	-0.0585840245523	0.111879704396
-0.0921451983788	-0.270111679477	-0.958468587812
0.086362136404	-0.961103887972	0.262462508352
-0.992748032561	-0.044308105283	0.112556151574
-0.0955410616328	-0.283562492048	-0.954243492926
0.0741889546569	-0.957990360106	0.277157056921
-0.99121169814	-0.0795259029214	0.105711957422
-0.0784779713099	-0.289799797068	-0.953864401846
0.106492230686	-0.953777605028	0.281011906053
0.740424078493	0.613214489141	0.275209333406
0.262191649595	-0.640522226438	0.72179417748
0.618892337785	-0.462276201062	-0.635037799209
