-0.17298445452	-0.859451659989	0.481060531541
0.704154125381	0.233585804722	0.670525650236
-0.688653293446	0.454731265757	0.564779711001
-0.164513494284	-0.844352837258	0.509905484353
0.706828359908	0.259653124139	0.658007544733
-0.687989088859	0.468666774488	0.554096084279
-0.146163042739	-0.860909066169	0.487310949567
0.700580933125	0.257708279591	0.665411759499
-0.698443081375	0.438659359101	0.565469039946
-0.140021756473	-0.856328032561	0.497087700288
0.707149722032	0.264915447128	0.655560111171
-0.693060712893	0.443308120138	0.568458220804
-0.157703513606	-0.859973918498	0.485360175219
0.70615332216	0.245364275807	0.664186632493
-0.69027322546	0.447483247378	0.568578606557
-0.165403753858	-0.852396606747	0.4960459404
0.710843086894	0.245607554056	0.659074354011
-0.683625376939	0.461624222833	0.565295854384
-0.156856990963	-0.857784104219	0.489491944468
0.697819519172	0.254469606824	0.669546988113
-0.69888758167	0.446600135667	0.558663123548
-0.155636556526	-0.853128083929	0.49794553815
0.703813663737	0.257935981866	0.661902841501
-0.693125972165	0.453477140836	0.560298919049
0.800070541684	0.213323385609	-0.56069623471
0.240635634554	0.742033746781	0.62568396011
0.549528548711	-0.635514798969	0.54234613347
0.792695717279	0.187378145465	-0.580105961859
0.287331156143	0.724421313241	0.626621546931
0.53765630573	-0.663402733617	0.520406093366
0.776613605286	0.228203405543	-0.587192063364
0.252467487856	0.741220270232	0.621974826612
0.577175433603	-0.631281017504	0.518027805856
0.778653627227	0.227650490366	-0.584699735039
0.250981149041	0.741061683384	0.622764835928
0.575071290142	-0.631666709807	0.519894386116
0.789024339434	0.192740041216	-0.58334541058
0.263655367692	0.751400617646	0.604882599019
0.55491119886	-0.631069241859	0.542056429553
0.792932968968	0.217856953763	-0.569030449817
0.268406118178	0.713513082434	0.647191806734
0.547005905678	-0.665910975038	0.507293907577
0.781781235549	0.200433202316	-0.5904613796
0.271021731426	0.743586802057	0.611249458271
0.561573975968	-0.637891221566	0.527000455287
0.783505699596	0.223495316834	-0.579800543131
0.254586500258	0.735711278161	0.627626193325
0.566837313829	-0.639358090599	0.519535089154
0.939725665111	-0.185790288243	0.287049895813
0.0685814218791	0.924854770083	0.374085875541
-0.334980988214	-0.331851808042	0.88185152615
0.946919563585	-0.162257488727	0.277517291697
0.0514566936498	0.928646194985	0.367380528701
-0.317325619069	-0.333599687563	0.887702483599
0.952403260764	-0.169779213245	0.253185796507
0.0740334893512	0.934506008809	0.348163125332
-0.295714509718	-0.312847467844	0.902595917583
0.962035883415	-0.154337946009	0.225092774093
0.0606350976414	0.925003315279	0.375089656853
-0.266102129757	-0.347201186872	0.899244678082
0.948532242884	-0.164568249764	0.270562144091
0.0511050404286	0.92271699724	0.382075405515
-0.312529770563	-0.348583751523	0.883637090186
0.953396284835	-0.169259548841	0.24977335295
0.0648375668544	0.923421453773	0.378270943144
-0.294672042519	-0.344447414896	0.891360960888
0.950512383546	-0.17632757026	0.255802261553
0.0720409165022	0.925991701146	0.370606902584
-0.302218985834	-0.333838221089	0.892869378713
0.953352472853	-0.174316411282	0.246440360642
0.068081627225	0.919540910452	0.387052200866
-0.294081544184	-0.352219112086	0.888514345786
-0.615766442077	0.725601146768	-0.307140398954
0.352756093096	-0.0946878345697	-0.930912311769
-0.704553324912	-0.681569929815	-0.197654896858
-0.626016107686	0.728787942308	-0.277438172033
0.343071980852	-0.0621049900618	-0.937253736923
-0.700289525917	-0.681917213867	-0.211147985779
-0.57425657641	0.765623663748	-0.289914032591
0.345141207063	-0.0947080365733	-0.933760238382
-0.742366006745	-0.636279059144	-0.209861727755
-0.575536754691	0.77209215657	-0.269500633069
0.356806628864	-0.0594434767186	-0.932284897327
-0.735830088445	-0.632724112034	-0.24127544861
-0.617381996808	0.734463154496	-0.281786584778
0.320638477029	-0.092157287276	-0.942707922652
-0.718352818413	-0.672362353995	-0.178601055637
-0.633489793111	0.720216932594	-0.282805432611
0.339632752238	-0.0695797368296	-0.937981175948
-0.695227255159	-0.69025115924	-0.200531509796
-0.606806713047	0.73814922204	-0.294825097103
0.332705196046	-0.100986202576	-0.937608330405
-0.721867968817	-0.667036621726	-0.184307212486
-0.603206745417	0.74453497039	-0.286021955872
0.360009105074	-0.0658374893686	-0.93062257478
-0.711712249184	-0.664328691456	-0.228325417791
0.576552731869	-0.706482283067	0.410450648142
0.545230933238	0.706811021107	0.450712116863
-0.608531166242	-0.0360689140301	0.792709817558
0.585092944443	-0.696919382517	0.414692214738
0.532992719705	0.715866172935	0.451059188612
-0.611216016997	-0.0428836234734	0.790301196782
0.561623976068	-0.706056532446	0.431349840269
0.549866500315	0.708059707232	0.443055622122
-0.618243757382	-0.0116458341197	0.785900141292
0.58568149224	-0.700379357223	0.407977877441
0.54200811636	0.712665619938	0.445348086265
-0.602664412675	-0.0397048122609	0.79700635818
0.586440946887	-0.687180293101	0.428800971775
0.534004735452	0.726053898467	0.433225908181
-0.609036920996	-0.0250796686351	0.792745258897
0.576564022413	-0.701642170016	0.418655229124
0.544712111886	0.712001215737	0.4431060698
-0.608984934774	-0.0274324476605	0.792707268627
0.586177009992	-0.686665086761	0.429985543308
0.531383843407	0.726474906904	0.435735490726
-0.611578056994	-0.0269307544512	0.790725624083
0.569406875697	-0.710239237731	0.413927565659
0.524396234566	0.701595251588	0.482465219805
-0.633075345909	-0.0576569539216	0.771939945308
0.232711559536	-0.948703862749	-0.214023967136
-0.802501477324	-0.0629993587456	-0.593314745442
0.549396629583	0.309825739845	-0.77599692857
0.224257910018	-0.948889523335	-0.222074382055
-0.810499459096	-0.0550743195176	-0.583144410751
0.541109032881	0.310765907862	-0.781425296204
0.212636641146	-0.956198404711	-0.201172278591
-0.8080020055	-0.0562921279512	-0.586484421711
0.549471049242	0.28725568511	-0.784579998273
0.212848809637	-0.953425086531	-0.213719542243
-0.814690209422	-0.0524195120118	-0.57752240632
0.539421264909	0.297040184995	-0.787903515924
0.250154959338	-0.94424385588	-0.214069855062
-0.806331999705	-0.0807841620338	-0.585920158489
0.535958084615	0.319182183879	-0.781582590904
0.240092185138	-0.943136220861	-0.229890764703
-0.813723033357	-0.0663938443637	-0.577448365899
0.52934914733	0.325708242444	-0.78339230833
0.242420395294	-0.948205329966	-0.205277583077
-0.785504676889	-0.0676502796952	-0.61514687341
0.56939848654	0.310370626037	-0.761219523897
0.225001105723	-0.950551191011	-0.214072421811
-0.816609719435	-0.0641125422188	-0.573618548166
0.531529053428	0.303878439416	-0.790654736356
0.947428951657	-0.201177993388	0.248808744486
-0.114779421658	-0.939544008469	-0.322618270506
0.298670488532	0.277099763762	-0.913242284806
0.944842856242	-0.214463118377	0.247543102769
-0.131161663594	-0.940311614684	-0.314025616167
0.300114369658	0.264236712934	-0.91657607967
0.947354011206	-0.190719199627	0.257189743868
-0.106887077242	-0.945541862381	-0.307450385209
0.301820360771	0.263774095658	-0.916148293914
0.949078934085	-0.191421045506	0.250214213472
-0.103269590581	-0.939383232855	-0.326946852613
0.297631585937	0.284458847832	-0.911316804447
0.952358127716	-0.185387848328	0.242167872462
-0.101958467076	-0.941886217962	-0.320081587046
0.287434172902	0.280141209155	-0.915914806589
0.943868929176	-0.21655251939	0.249432151238
-0.133628898451	-0.940898268777	-0.311210442015
0.302083944003	0.260410499147	-0.9170222784
0.947002514968	-0.186162059103	0.261782251124
-0.100428444241	-0.945679230301	-0.309201796586
0.305123559957	0.266524503892	-0.914256593428
0.941378598334	-0.220149340868	0.255618121964
-0.13408173883	-0.939466334559	-0.315318600992
0.309561696392	0.262560470244	-0.913911523402
-0.995941622017	0.074442887532	0.0506439587843
-0.082782006038	-0.53590516221	-0.84021284227
-0.0354075350988	-0.840992709443	0.53988796446
-0.99529857389	0.0868451480451	0.0426493112734
-0.08416538344	-0.559740021644	-0.824373636528
-0.0477203491339	-0.824095640464	0.564433204235
-0.994637796625	0.0704540360772	0.0756264629882
-0.10211235545	-0.556498505587	-0.824543940576
-0.0160062477815	-0.827850150617	0.560718441616
-0.994669030284	0.0716274486733	0.0742562211034
-0.100970741932	-0.527934540624	-0.843266519967
-0.021198751134	-0.846264156762	0.532344023135
-0.996362042065	0.0690266607127	0.0502752161127
-0.0797404604235	-0.541385172437	-0.836998449884
-0.0305570976335	-0.837950038037	0.544897003524
-0.995992801617	0.0665506171662	0.059802351869
-0.0867282775562	-0.553845806645	-0.828093262787
-0.0219889018915	-0.829958590145	0.557392834286
-0.997360709778	0.0602706598602	0.0407151716687
-0.0672072654106	-0.549611879224	-0.832721108802
-0.0278111689799	-0.833251888164	0.552197441098
-0.995152493641	0.0678618356734	0.0712988970125
-0.0960255011768	-0.510145433469	-0.854718546807
-0.0216301775282	-0.857414405286	0.514175916127
-0.989335330136	0.0706261945531	-0.127375839369
0.0678544295594	0.997357031562	0.0259754514091
0.128873737438	0.0170554486804	-0.991512847883
-0.990548445658	0.0520515026689	-0.126905677951
0.045849382335	0.997629520759	0.051314463884
0.129275845253	0.0450109001699	-0.990586900748
-0.984302520341	0.0610450839837	-0.165612416629
0.0475289447447	0.99529894412	0.0843861606016
0.169985217686	0.0751899089709	-0.982576676401
-0.985323039571	0.049006671748	-0.163482871204
0.0366817425107	0.996311407638	0.0775758326926
0.166681591123	0.0704407990851	-0.983486220447
-0.984309569295	0.0705780433651	-0.161713618059
0.0663762586351	0.997305289813	0.0312465730304
0.163483169656	0.0200223832572	-0.986341846378
-0.982507151853	0.0634741592257	-0.175054879549
0.0563202272205	0.997373558023	0.0455412903673
0.177485807177	0.0348856450862	-0.983501530215
-0.985496767615	0.0596910592081	-0.158865566252
0.0420812170865	0.992817768616	0.111991375514
0.164409433605	0.103681601413	-0.980930589517
-0.988735577616	0.0644601770537	-0.135050669826
0.0567905754643	0.996587768895	0.0598968732584
0.13845081576	0.0515527929593	-0.989022507462
-0.876394730963	-0.225568806509	-0.425502707658
-0.480896105746	0.362302686279	0.798421086216
-0.0259379292259	0.90435391798	-0.425995779702
-0.880815778975	-0.249016487754	-0.402681608047
-0.470873618281	0.37201099867	0.799928263327
-0.0493935647567	0.894202426573	-0.444927921923
-0.872392495007	-0.254969984401	-0.417036574744
-0.48564699303	0.355311461799	0.798686438765
-0.0554634634785	0.899301582541	-0.433795840703
-0.881797523655	-0.232258827578	-0.410473108247
-0.470102549683	0.362920367881	0.804544673298
-0.0378936454206	0.902410314415	-0.429207519494
-0.895548010538	-0.227856573087	-0.382199086935
-0.443328168613	0.383271053222	0.810286220882
-0.0381430841397	0.895089384887	-0.444253147937
-0.884642719534	-0.22657380638	-0.407518849814
-0.466161828612	0.410987208155	0.783442836462
-0.0100225863177	0.883036714254	-0.469196913117
-0.896412627216	-0.209018767885	-0.390835901142
-0.441870779804	0.352776002372	0.824801995505
-0.0345218902236	0.912063195456	-0.408591294729
-0.89440663182	-0.225322843229	-0.386352937545
-0.445036963259	0.362389013123	0.818912110458
-0.044509295251	0.904380760323	-0.424400773413
0.880654532338	0.00188690685242	-0.473755244357
-0.464201051923	0.203291114681	-0.862084733692
0.0946835538326	0.979116512093	0.179905146759
0.885321617998	0.0170458726067	-0.464666623171
-0.458945462159	0.192500981305	-0.86735946023
0.0746638816639	0.981148718958	0.178248406223
0.885954359045	0.0408737106976	-0.461967759702
-0.459929465616	0.205402853811	-0.863871829136
0.0595798446501	0.977823598759	0.200776578792
0.885693737008	0.03475306934	-0.462967415393
-0.459688018949	0.205397356482	-0.86400164725
0.0650655729169	0.978061422093	0.197894722149
0.894057190327	0.0327001795746	-0.446757694206
-0.442430292758	0.220583241051	-0.869251666608
0.0701225721626	0.974819840846	0.211681583367
0.89645455493	0.0306184105718	-0.442076627183
-0.440526569248	0.169672712473	-0.881559706322
0.0480163842261	0.985024713882	0.165592099107
0.885905622031	0.0335088019224	-0.462653640449
-0.459879370317	0.193920630462	-0.866548191258
0.0606810974183	0.980444778255	0.187205382554
0.902032179041	0.0308513995352	-0.430564906072
-0.426877381271	0.211953651142	-0.879119641942
0.0641377311233	0.976792626219	0.204358778798
0.206918797929	0.676749844563	0.706536803915
-0.36431265949	0.723527865769	-0.586330719232
-0.907998289392	-0.136077456116	0.39626005301
0.209562857978	0.667715077747	0.714310846519
-0.375758732211	0.729430268604	-0.57160900892
-0.902711906243	-0.14862051965	0.403761262303
0.201372395409	0.680983419005	0.70406727734
-0.373801743205	0.717819832278	-0.587372915187
-0.905384672257	-0.144900889435	0.399101891337
0.207111807756	0.660860355428	0.721365574043
-0.34992504544	0.738614536694	-0.576195304841
-0.913595733005	-0.133087029308	0.384227381361
0.207619185381	0.668024190677	0.714589353393
-0.347190073716	0.733270350134	-0.584614097313
-0.914523545911	-0.12672123237	0.384172363715
0.205386639289	0.687630947976	0.696405044044
-0.344884071203	0.716781334761	-0.606035879779
-0.915899166619	-0.115707344341	0.384370276794
0.209323856256	0.658311959154	0.723055251109
-0.377822641485	0.736460747805	-0.56113779178
-0.901905529035	-0.155727114585	0.402883964578
0.200771890193	0.665389186433	0.718990861808
-0.353397512147	0.73370977676	-0.580327627687
-0.913674355115	-0.137576115755	0.382455187244
-0.458880368534	0.793242178453	0.400242822449
0.859099767697	0.281212063051	0.427629168918
0.226660670917	0.540079589775	-0.810516698154
-0.460733553878	0.787203980786	0.409936012117
0.850705636841	0.259984532903	0.456852900641
0.253056438056	0.559217798368	-0.789464298646
-0.463433196601	0.795917982513	0.389547098034
0.845313007289	0.265187377634	0.463813467102
0.265853900069	0.544234855251	-0.795696829391
-0.462229181607	0.789509389821	0.403760312007
0.851174149933	0.267320796472	0.45171207978
0.248696667956	0.552463718193	-0.79557390495
-0.424600640221	0.799684274491	0.424516981171
0.871891784962	0.234823585683	0.429720932425
0.24395557277	0.552594268501	-0.796943747658
-0.455155077911	0.789471983723	0.411792179712
0.847103357129	0.241440682635	0.473418296339
0.274325927862	0.564307511808	-0.778658061544
-0.448267355064	0.798875825355	0.401063249959
0.858844952533	0.260495940792	0.44105119731
0.24787025298	0.54216070201	-0.802882022484
-0.469750830575	0.777706868123	0.417730325946
0.857378429841	0.289194890826	0.42575214309
0.210306504854	0.558152924006	-0.802637661775
-0.830423120357	0.540056705691	0.136878960071
-0.515610098622	-0.838046597179	0.178392207255
0.211052887378	0.0775648634929	0.974392305921
-0.827987942932	0.538436881322	0.156593319439
-0.506449350101	-0.83794410462	0.203367914379
0.240717258714	0.0890796141035	0.966498846151
-0.83807702028	0.532949792523	0.11658336157
-0.509363723617	-0.840943419166	0.182655458955
0.19538617814	0.0936959885636	0.976240393753
-0.838789849969	0.534634888216	0.102941173134
-0.504830539182	-0.834526008555	0.220708471842
0.203905555425	0.13316020102	0.969892200928
-0.823295578221	0.552412686709	0.130479503077
-0.533561291334	-0.831601775137	0.15411399535
0.193641487163	0.0572625421648	0.979399805467
-0.840600399386	0.522844533741	0.14150728825
-0.488944668949	-0.844861678594	0.217121175181
0.233074730071	0.113322934758	0.965833359348
-0.829544615383	0.551352027567	0.088695450536
-0.524476167052	-0.823747397148	0.215325765713
0.191782927922	0.132103659614	0.972506007607
-0.856742642118	0.506230042286	0.0986046104274
-0.482922150783	-0.854536572902	0.191188707753
0.181046737596	0.116181194587	0.976587940122
-0.0310531033501	0.574227366432	-0.818106776107
0.501679632648	0.716886976363	0.484139056444
0.864495987069	-0.395393489361	-0.310339739728
0.00769410079695	0.573904495832	-0.81888605355
0.499394189712	0.707271071565	0.500372917318
0.866340684903	-0.412796854115	-0.281162755632
-0.00852310125358	0.586056338462	-0.810225493469
0.520206497821	0.694579821671	0.496934682464
0.853997998677	-0.41724914279	-0.310790289546
0.00892566215256	0.581377441445	-0.813585046665
0.519598359624	0.692456654871	0.50052106206
0.854364033802	-0.427204938487	-0.295902130775
0.00621257442862	0.576348365823	-0.817180500287
0.490846784393	0.710216946707	0.504639796583
0.871223761779	-0.404245533379	-0.278486466425
0.00526380727085	0.581937760533	-0.8132163332
0.479436785401	0.712197720183	0.512752178196
0.877560670565	-0.39258485746	-0.275253497929
-0.0248943917597	0.578725713388	-0.815142240139
0.520980554716	0.703425483571	0.483499603124
0.853205476192	-0.412636829762	-0.319016192816
-0.00474404021937	0.56906681235	-0.822277590064
0.490351398541	0.717964668584	0.494046793762
0.871511892052	-0.400861187395	-0.282448760516
0.738714594154	-0.670999886989	0.0637173690243
0.666827795506	0.713789291465	-0.2141157208
0.0981908478184	0.200658920594	0.974727939113
0.736511555861	-0.675275379887	0.03941950182
0.664197450409	0.710938319644	-0.231102706611
0.128033131161	0.196392147124	0.972130465879
0.732111999613	-0.677074956151	0.0747095639076
0.674998057631	0.706339338862	-0.213219031202
0.091594963726	0.206529021753	0.974143790889
0.717254903865	-0.692303888351	0.0791247877266
0.689709909409	0.689183835661	-0.222094315096
0.0992252322818	0.213871386841	0.971809334935
0.74327598136	-0.667667528385	0.041962954197
0.657029787308	0.716750194162	-0.233625812923
0.125907412711	0.201219366397	0.971420655681
0.715627220783	-0.697725766837	0.0325029824452
0.684670573533	0.691508289204	-0.230309576742
0.138216841646	0.187069638618	0.97257444745
0.726641882096	-0.684029211416	0.063996977427
0.676953206644	0.696999675893	-0.236486379791
0.117157719352	0.215163867187	0.969524924411
0.703283409029	-0.709224273332	0.0489222006139
0.702652822367	0.683009542806	-0.199441673205
0.108034544551	0.174639342382	0.978687712008
-0.218429223316	-0.919742814488	0.326131788788
-0.954924396462	0.27029753713	0.122713922485
-0.201017873588	-0.284626887218	-0.937325733631
-0.195307482593	-0.925631926347	0.324131019045
-0.9588613966	0.249642197238	0.135143784121
-0.206010200452	-0.28440210478	-0.936309712266
-0.204648189057	-0.930431401485	0.304002439066
-0.965690827125	0.242643020169	0.0925537298081
-0.159879023746	-0.274631341303	-0.948165529847
-0.184367659614	-0.923956029401	0.335132263501
-0.970500462041	0.225038698535	0.0865234908512
-0.155361615221	-0.309293900723	-0.938189609935
-0.181711069531	-0.926795413638	0.328680416593
-0.962193479682	0.236538705708	0.135028902509
-0.202889779559	-0.291717942737	-0.934738202852
-0.195640274083	-0.924159920871	0.328105514464
-0.956832385718	0.253210831199	0.142674458641
-0.214933881941	-0.286029117686	-0.933804377945
-0.180725480333	-0.927688082187	0.326700271293
-0.973511894672	0.216024764673	0.0748856129127
-0.140045835451	-0.304512867145	-0.942156561382
-0.201331857237	-0.923302059184	0.327075525926
-0.96674299718	0.241063478921	0.0854173837857
-0.15771198292	-0.299000768487	-0.941129554806
0.0973371283156	0.929402127005	0.356002684867
0.851479127146	-0.262961081873	0.453691308527
0.515276160276	0.258967553406	-0.816962531714
0.0980740720096	0.920264271139	0.378809833005
0.868333366751	-0.265095307939	0.419194567252
0.486189656928	0.287820416737	-0.825095479365
0.0740231784129	0.929249688559	0.36196076534
0.874729856424	-0.234807521818	0.423925842192
0.478924062469	0.285237546113	-0.830223647569
0.0888682417938	0.920530207688	0.380432872925
0.867099769646	-0.259452687639	0.425236268684
0.490145920668	0.29208223407	-0.821249133354
0.104583247668	0.92495689504	0.36539981342
0.852188564466	-0.272751471351	0.446521215568
0.512676244742	0.264690928589	-0.8167629109
0.0819570486366	0.91891802183	0.385847239377
0.879025407943	-0.249104838774	0.406532203767
0.469683675649	0.305849259708	-0.828169179797
0.110509272561	0.928956579218	0.353303226574
0.870944749365	-0.261760509639	0.415849389441
0.478788825615	0.26175397814	-0.837996078172
0.0971105830765	0.928769460956	0.357703826622
0.877794376651	-0.249312188251	0.409040132141
0.469086102442	0.274270096397	-0.839478631527
0.931618433072	0.0015947293905	-0.36343444053
-0.0385209583728	-0.993924891233	-0.10310494243
-0.361390746273	0.110054305803	-0.925897359716
0.931955156084	0.0194151266896	-0.362052799254
-0.0301303551115	-0.990958175658	-0.130698301753
-0.361318887263	0.132713741699	-0.922943186241
0.930324464953	0.00480152319928	-0.366705578576
-0.0420563702677	-0.991915800007	-0.119683704957
-0.364317578088	0.12676700236	-0.922601248274
0.927240520389	0.00779969052304	-0.374385484254
-0.0430423455044	-0.990940871057	-0.127247758575
-0.371984787976	0.134103692703	-0.918505119936
0.93724953817	0.0227074007051	-0.347918988497
-0.0229819921298	-0.991682364861	-0.126634048954
-0.347900958092	0.126683575376	-0.928931922576
0.936280688342	-0.013674206036	-0.350986914499
-0.0484228077632	-0.994731172253	-0.0904174430506
-0.347899453505	0.101651849018	-0.932010052997
0.923245795298	0.0236584565892	-0.383480366398
-0.0307375506208	-0.990351219187	-0.135100743031
-0.382977958848	0.136518442774	-0.913610108517
0.928643028163	0.00891478836706	-0.370867486125
-0.0425190579874	-0.990565989923	-0.130277589785
-0.368529911166	0.136750309838	-0.919503191464
0.806860686679	0.166198776812	0.566880766091
-0.573518945127	-0.00964092084043	0.819135577043
0.141604576048	-0.986045151392	0.0875392640793
0.814712674227	0.135825339015	0.56373285647
-0.567274865453	-0.0147922634285	0.823395654301
0.120176882999	-0.990622356792	0.0649988580448
0.80736633073	0.134418140602	0.574535788896
-0.576124553132	-0.0307135103896	0.816784663301
0.127436684372	-0.990448610682	0.0526445361105
0.806787329838	0.134844925163	0.575248688179
-0.578496981504	-0.0177012187569	0.815492442249
0.120147615391	-0.990708598496	0.0637262612566
0.818636766581	0.16182615614	0.551040956951
-0.557349301814	-0.00760941052105	0.830243237861
0.138548175073	-0.986789933793	0.0839643544382
0.836874028134	0.128722726294	0.532045417369
-0.539893121532	0.0337293136714	0.84105753819
0.0903176822669	-0.991106868587	0.0977236973691
0.804803849294	0.142458678288	0.576191196547
-0.57800328632	-0.0325582409837	0.81538469008
0.134918386445	-0.989265139785	0.0561385823015
0.845073708489	0.127820953606	0.519145672909
-0.522963881613	-0.00428497175061	0.852344067181
0.111171958736	-0.991787998592	0.0632246260433
0.202760840966	-0.67778695036	-0.706748112459
0.978172417392	0.106684971498	0.178317251728
-0.0454617025149	-0.727477264478	0.684624031514
0.186407593207	-0.691534520438	-0.697876921362
0.981144009778	0.0941026385678	0.16882270133
-0.0510746747915	-0.716187600737	0.696036415065
0.226164370018	-0.661579901518	-0.714955761252
0.973158245741	0.121377974234	0.195526082495
-0.0425762302854	-0.739986117503	0.671273284733
0.211555730156	-0.685102821782	-0.69704968999
0.975876508757	0.108709752727	0.189333566957
-0.0539368740732	-0.720289027757	0.691573943853
0.173711520159	-0.671137151498	-0.720693556554
0.984609487277	0.104097702597	0.140384451537
-0.0191946904728	-0.733988120169	0.678891001536
0.182496727412	-0.668186803665	-0.721263711207
0.979495445881	0.0598802452662	0.192361714274
-0.0853441104818	-0.741579903334	0.665413878931
0.158425025001	-0.665519194836	-0.729373522077
0.986317140823	0.0725482910547	0.148038060554
-0.0456073581917	-0.742846532575	0.667906435499
0.229821396062	-0.67417131494	-0.701908217021
0.972396685377	0.129174456611	0.194315785914
-0.040333525487	-0.727191155405	0.685249022253
-0.486408354749	0.365653854059	-0.793538998164
-0.848558474137	0.0187425988126	0.528769525658
0.208219592176	0.930562171113	0.301162137562
-0.475381544807	0.340991990054	-0.811009772016
-0.853487475431	0.0449330934586	0.519172559818
0.213474862383	0.938991736015	0.269672028931
-0.48944158168	0.38749343292	-0.781214341774
-0.847771285613	-0.00157396187611	0.530359705443
0.204281314955	0.921871145721	0.32927612527
-0.488312323871	0.383896707986	-0.783692839938
-0.841884315517	0.0291867749837	0.538868240525
0.229743224186	0.922914675881	0.308944310517
-0.494582841757	0.353696378765	-0.793905920967
-0.834004101458	0.0639252362152	0.54804258707
0.244591288582	0.93317329052	0.263367946911
-0.490623055685	0.365069217263	-0.791210158561
-0.839351557913	0.0458889413505	0.541648582796
0.234047026541	0.929848746637	0.283907225552
-0.520114708728	0.385182512473	-0.762309156717
-0.829060094882	-0.0131679638694	0.559004516521
0.20528072828	0.922746510425	0.326188223397
-0.490257297432	0.383715733378	-0.782566258711
-0.834516540677	0.0523819046515	0.548487224579
0.25145547648	0.92196438551	0.294536555519
-0.291896230236	0.881011557133	0.372310678916
-0.175480220168	-0.431985742091	0.884644011573
0.940214495615	0.192891086058	0.280695100273
-0.302090141492	0.868384013083	0.393256681259
-0.197980901095	-0.460687527977	0.865199767348
0.932494061287	0.183510981795	0.311092558058
-0.259993497144	0.876903632314	0.404281346701
-0.168142309754	-0.453397027264	0.875305264754
0.950858323478	0.159596874876	0.265324876004
-0.273516453689	0.869871880316	0.410501725405
-0.182381678916	-0.465935536042	0.865818113343
0.944418168991	0.16194750394	0.286089725333
-0.266405154928	0.874550891691	0.40520263766
-0.164736884064	-0.455522872188	0.874849038456
0.949678997743	0.166312413547	0.2654243154
-0.273754352284	0.876029811981	0.397026844887
-0.168835051176	-0.450155636909	0.876843554712
0.946864970592	0.173007694817	0.271136608871
-0.266163228477	0.874824487906	0.404770590891
-0.146351269145	-0.451725259752	0.880071345338
0.952753074993	0.175003949174	0.248264343068
-0.276988258001	0.876728690917	0.393222947054
-0.177214496081	-0.448826297298	0.875870968234
0.94439001792	0.172921176088	0.279688664169
0.167237517999	0.762378120493	-0.625147331125
0.644486928057	-0.564377288058	-0.515859540907
-0.746100652582	-0.316629227606	-0.585726801588
0.175473486775	0.758744529226	-0.627307395078
0.651280811765	-0.567299802696	-0.503986017621
-0.738269011117	-0.320117698825	-0.59370123354
0.14754243103	0.748425636853	-0.646603038161
0.629098449315	-0.575484732514	-0.522553403063
-0.763198246806	-0.329675573989	-0.555744480047
0.165947405581	0.746220057262	-0.644681854541
0.633481686367	-0.581682573852	-0.510237005507
-0.755751295383	-0.323722836529	-0.569244240875
0.139394059408	0.769546939944	-0.623193152827
0.623196913814	-0.557254488389	-0.548724241734
-0.769543894214	-0.311881698847	-0.557258694414
0.169608732747	0.769527634158	-0.615678493914
0.636570592894	-0.562462264796	-0.5276494208
-0.752336804804	-0.302428919377	-0.585257130425
0.134918206158	0.763356270629	-0.631729252465
0.615585508186	-0.564163435592	-0.550245127508
-0.776433594354	-0.314646503755	-0.546025734324
0.156642144189	0.739666706828	-0.654489418501
0.626560634879	-0.586672648685	-0.513066242623
-0.763469060892	-0.329709510493	-0.555343701738
-0.200973432507	0.452203466715	-0.868977396663
-0.92019914168	-0.391343145452	0.00917037747832
-0.335921465333	0.801475252807	0.494766806917
-0.187504759088	0.478852122122	-0.857637848469
-0.916642279333	-0.399079576846	-0.0224166006718
-0.352999951454	0.781943870994	0.513765359872
-0.19786919032	0.419380835158	-0.885983939082
-0.912763008016	-0.408353177546	0.0105556903607
-0.357367480905	0.810781996903	0.463595789192
-0.184871359631	0.433598670544	-0.88193806966
-0.915475126921	-0.402331258529	-0.00590196138368
-0.357390343744	0.806301267556	0.471328337397
-0.176274300377	0.454093800875	-0.873341961728
-0.927071435359	-0.374804375227	-0.00776038844821
-0.330856337177	0.808282432009	0.487045778512
-0.178494488225	0.456799750732	-0.871477888991
-0.918631369664	-0.394671911549	-0.0187215257242
-0.352499829699	0.797225235795	0.490077336648
-0.183886991288	0.411660778637	-0.892592268219
-0.917832088356	-0.396923049978	0.00602708985155
-0.351809339752	0.820358136157	0.450824475159
-0.202255209409	0.421921516667	-0.883784548277
-0.91317785262	-0.407302136405	0.0145345714397
-0.353834853405	0.80999214691	0.467668308398
0.929005420564	0.15666624534	0.335267976078
0.0579071715755	0.833266177784	-0.549831097352
-0.365507438628	0.530210490001	0.765036696792
0.931353607075	0.201850768962	0.303045749937
0.00275402757469	0.828349121306	-0.560205454103
-0.364105581964	0.522583966979	0.770930039389
0.947772722124	0.154742545955	0.278893549463
0.0254542152813	0.834934360555	-0.549760581817
-0.317929159382	0.528147099648	0.787389161608
0.945288196225	0.180725903121	0.271603340687
-0.000572958158861	0.833453624584	-0.552589114419
-0.326235955177	0.522200350054	0.787957421746
0.940046454971	0.162249569787	0.299979563603
0.0299546839724	0.836906494576	-0.546525601842
-0.339728389134	0.522745247386	0.781870848823
0.935251133107	0.189154818194	0.299208575107
0.00519746076831	0.837829054081	-0.545907921848
-0.353946751736	0.512116126957	0.782597447532
0.948052191118	0.181141348335	0.261504981444
-0.00762091319772	0.834742643277	-0.550587543181
-0.318023529127	0.519992820092	0.792760054425
0.944150107019	0.185679385533	0.272220022961
-0.00530188614346	0.834574877796	-0.550869006624
-0.329473011211	0.518659751902	0.788948411175
-0.0591252033745	-0.833634543002	-0.549142613958
-0.0419566023653	0.551694147945	-0.832990510198
0.997368440081	-0.0262105947315	-0.0675954916504
-0.0950604139697	-0.873947274218	-0.476633636052
-0.0375135990782	0.481606787623	-0.875584150851
0.994764389699	-0.0653531730176	-0.0785666344476
-0.0793385523447	-0.83980935491	-0.537052694107
-0.0243672323909	0.540223878786	-0.841168460827
0.996549841617	-0.0536506189219	-0.0633244002222
-0.0624778487497	-0.868495759373	-0.491743473905
-0.0140458101456	0.49342238617	-0.869676416087
0.997947515351	-0.0474285718978	-0.0430266981776
-0.0478874715739	-0.841547138298	-0.538056876427
-0.0209815849156	0.539403516118	-0.841785969885
0.998632345432	-0.0290217164176	-0.0434876628841
-0.0474572664119	-0.866743449775	-0.496491288362
0.00125249596157	0.496999305463	-0.867750033868
0.998872483554	-0.0418028981814	-0.0225006355945
-0.0827813996613	-0.845452759753	-0.527595336634
-0.0212646875191	0.530790439494	-0.847236276777
0.996340815824	-0.0589162681121	-0.0619178570923
-0.0945933578465	-0.852445675538	-0.514187225509
-0.0227775671639	0.518221265799	-0.85494322498
0.995255401921	-0.0691600011722	-0.0684369366128
0.933064756602	-0.1211830636	0.338681008786
-0.0717143525814	0.85997152572	0.505278168833
-0.352487180263	-0.495745540941	0.793718557378
0.9319840019	-0.0873503623122	0.351817758865
-0.120154434215	0.84122938875	0.527158448558
-0.342006919794	-0.533575704236	0.773516798879
0.909322065857	-0.142410608791	0.390963681689
-0.0819828611238	0.859867766095	0.503891096764
-0.407936505326	-0.490251614398	0.770221504259
0.916075073815	-0.136982445052	0.376884954386
-0.0773168545268	0.861877546213	0.501187788435
-0.393482608385	-0.488265199474	0.77895348499
0.910153961445	-0.129992405839	0.393346847633
-0.102243396408	0.849635777226	0.517363833983
-0.401454924007	-0.511097860734	0.760008503346
0.914786476353	-0.10617351434	0.389734382909
-0.123187891159	0.845546640013	0.519495549637
-0.384695266205	-0.523238060039	0.760415340081
0.926511198528	-0.102147536193	0.36213654609
-0.0991956534139	0.862087457279	0.496956169997
-0.362956222579	-0.496357827987	0.788601091683
0.935205915303	-0.0810646349766	0.34470047914
-0.11555837935	0.850281731063	0.513485381832
-0.334718025098	-0.520047595273	0.785820806725
-0.954911283275	-0.276704543656	-0.107592855366
0.262167400295	-0.955981771623	0.131773635212
-0.139319349798	0.0976249570289	0.985423495536
-0.957513309666	-0.261421956003	-0.121770643692
0.250813655674	-0.963283667238	0.0958037432902
-0.142344788712	0.061191568213	0.98792386393
-0.967704670143	-0.235679168746	-0.0894600861115
0.227710928276	-0.969479529622	0.0908695828491
-0.108145784621	0.0675638761693	0.991836484682
-0.955963197595	-0.266059963194	-0.123885003684
0.255095871004	-0.961984334347	0.0975360115941
-0.145125789402	0.0616382425602	0.987491386754
-0.964070799492	-0.256898874731	-0.0675940145029
0.246825312882	-0.960358408303	0.129566525173
-0.0982000384702	0.108227481198	0.989264149001
-0.967689537179	-0.233504420464	-0.0951607966991
0.222418630178	-0.968251814402	0.114110953303
-0.118784866688	0.0892582900244	0.988899959373
-0.956734739706	-0.257376350747	-0.135709921746
0.240456618084	-0.962011487091	0.12928900773
-0.16383035007	0.0910628726554	0.982276529224
-0.955116297432	-0.257479637544	-0.146477684206
0.242519557793	-0.963604510984	0.112468759384
-0.170105084605	0.0718971070308	0.982799600136
0.217665466797	-0.136810264804	0.966387671812
0.259882398627	-0.946259802258	-0.1924957421
0.940788668973	0.293046793682	-0.170413936208
0.196451639528	-0.124049433287	0.972634682596
0.261273122613	-0.949476597489	-0.173867483325
0.945062348783	0.288279871754	-0.154115187191
0.185110371326	-0.161211689113	0.969404575201
0.227341825964	-0.952668358596	-0.201839997247
0.956059691282	0.257748873159	-0.1396989222
0.202641340975	-0.126102678666	0.971099744677
0.242634512296	-0.954285575778	-0.174550306932
0.948717604517	0.270993414386	-0.162780959147
0.201963343151	-0.141895300595	0.969059730966
0.264900916369	-0.944655528901	-0.193530353885
0.942888404329	0.295790833254	-0.153197823124
0.20157561919	-0.160226992474	0.966278781107
0.264759861722	-0.940891264519	-0.21124888728
0.943010915926	0.29841445615	-0.147239164745
0.210256651115	-0.131363416403	0.968780559267
0.240810086639	-0.953441716434	-0.181547080412
0.947524470056	0.271463612781	-0.168833805236
0.193313922961	-0.153795506402	0.969007818205
0.232917402343	-0.952210147056	-0.19759571549
0.953089026911	0.263896808061	-0.148253312386
-0.353488162178	-0.239939931314	0.904143265512
0.840302538593	-0.506136123991	0.194211159469
0.411020509031	0.828405190827	0.380535182222
-0.335322576004	-0.235486658253	0.912197817329
0.844294382296	-0.504720970366	0.18006609647
0.418002177242	0.830543699548	0.368064353857
-0.33639988924	-0.23319582361	0.91238961217
0.846423703253	-0.499565079501	0.184395297517
0.412797784777	0.834298758854	0.36543612482
-0.320989883724	-0.246131927148	0.914540659572
0.857690691575	-0.485078475993	0.170486377249
0.401661824371	0.839117394458	0.3668103061
-0.331884629302	-0.251768354767	0.90910135114
0.853692318803	-0.490169091568	0.175908107199
0.40132529938	0.834474045672	0.377612315774
-0.336801799597	-0.235678354032	0.911603249079
0.84637165653	-0.500007443741	0.183433434499
0.412577010161	0.833335778249	0.367874702297
-0.331347062061	-0.262864444676	0.906151936677
0.850831266221	-0.498342867129	0.166554669239
0.407793090967	0.826169828273	0.388777796421
-0.329174898216	-0.246508880751	0.911524718746
0.851928964956	-0.493871200515	0.174092899195
0.407260334238	0.833861301771	0.372578012539
0.629948371504	0.486680108711	-0.605233448668
0.18029111962	-0.849651397906	-0.495568003429
-0.755420523806	0.203064043152	-0.622980621283
0.607516958687	0.521765278788	-0.598902321598
0.193767951937	-0.828565184815	-0.52529327623
-0.770309663555	0.203076436599	-0.604468674409
0.636552306726	0.489204483152	-0.596221453743
0.178785072684	-0.845617633894	-0.502957397232
-0.750224597054	0.213563150635	-0.625742224211
0.639258601258	0.483830752594	-0.597709062044
0.184218945725	-0.850982510848	-0.491824691208
-0.746600093786	0.204293782799	-0.633128583925
0.634304489704	0.499934945734	-0.589680390528
0.186764929922	-0.839266806224	-0.510637429904
-0.750184493235	0.213768037606	-0.625721096439
0.642566245883	0.505516383998	-0.575814055611
0.193105284326	-0.834071947847	-0.516753756825
-0.741497801949	0.220855793532	-0.633564382152
0.627812755948	0.502069737327	-0.594791464769
0.190785955202	-0.840104574437	-0.50776358442
-0.754620187246	0.205302501753	-0.623216035996
0.624741953968	0.507711885533	-0.593233527792
0.177050797305	-0.832066280834	-0.525659741806
-0.760493518961	0.223369179321	-0.609717417684
-0.367988292538	0.114327592111	0.922775074793
0.805115645087	0.535644327187	0.25470367041
-0.465159580158	0.836668610243	-0.289157778497
-0.360432432315	0.101216413999	0.927277496608
0.806217418039	0.53379006391	0.255110943169
-0.469150075166	0.839537584633	-0.27399765788
-0.322902261979	0.092529097407	0.941898324068
0.821975106208	0.520734573878	0.23063480431
-0.469138584559	0.848689492287	-0.24420297751
-0.330504100868	0.102355779829	0.938237930056
0.810421900573	0.540274403341	0.226539046794
-0.483718370679	0.835240618616	-0.261514287368
-0.332625218104	0.068491495174	0.940568682003
0.804203844589	0.541522975639	0.244967479428
-0.492561373663	0.837891284546	-0.235205335427
-0.307554377101	0.0710570667504	0.948873613306
0.801432490778	0.556916365129	0.218059861429
-0.512948538832	0.827523433932	-0.22822949491
-0.338547817359	0.0886079333017	0.936767863186
0.796067919512	0.557743593687	0.234942456416
-0.501658512203	0.825270091823	-0.259360813296
-0.316715207875	0.102884535701	0.942924281325
0.814448286802	0.539034151943	0.21474672052
-0.48617426518	0.835976637331	-0.25451443757
0.741866953699	-0.266405553865	-0.615354766512
0.517353354645	-0.35641408412	0.77801955448
-0.426589866542	-0.895542853014	-0.126586009477
0.76362824981	-0.268720973989	-0.587078312092
0.485364238957	-0.360713678845	0.796434088117
-0.425785699539	-0.893126384848	-0.145023614074
0.751316079578	-0.298520105542	-0.588565983368
0.493078899919	-0.338842871889	0.801285731207
-0.438631244493	-0.892228317847	-0.10738415373
0.750678708508	-0.328395888682	-0.573269236131
0.48150552762	-0.322181303109	0.815077687024
-0.452364790483	-0.887893771411	-0.0837302090761
0.77650551629	-0.237657163923	-0.583573687117
0.481349612887	-0.37392990406	0.792766631537
-0.406622338336	-0.8964906326	-0.175962442461
0.768542347284	-0.249072730061	-0.58932626166
0.492800355438	-0.356989297034	0.793540479856
-0.408032446285	-0.900289652629	-0.151618269103
0.762652023184	-0.289968549568	-0.57816963976
0.485680282753	-0.333616662521	0.807969422995
-0.427172746115	-0.897005109133	-0.113601416021
0.743061958135	-0.299919486721	-0.598253475335
0.508462249557	-0.328214483908	0.796078737682
-0.43511499634	-0.895725134904	-0.0913859533681
-0.994898601224	-0.0537145412512	0.0894099393774
-0.0723756044157	-0.262088671406	-0.96255691563
0.0751076633025	-0.963778393615	0.256421410964
-0.991464863295	-0.063682551284	0.113462043036
-0.0918566163375	-0.274977597832	-0.957029749461
0.0921491431489	-0.959316481658	0.266824417868
-0.995387422813	-0.0364437420158	0.088267916014
-0.0745057408003	-0.281771058127	-0.95655615662
0.0597349639438	-0.958760992035	0.27781020245
-0.99468514283	-0.0657467920866	0.0792395102332
-0.0569335897054	-0.290027293475	-0.955323391985
0.0857910660555	-0.95475733893	0.284742591275
-0.988741584602	-0.069386490757	0.13304210862
-0.110256032223	-0.265501134248	-0.957826731601
0.101775709893	-0.961651680866	0.254783128821
-0.992111161485	-0.0567076566915	0.112506070677
-0.0932939078013	-0.26955636412	-0.958507309042
0.0846736147443	-0.961365828596	0.262039361114
-0.992746995454	-0.0416222505829	0.1132069291
-0.0969110534153	-0.283571533318	-0.954073638269
0.0718085528738	-0.958079249211	0.277420376421
-0.991276869228	-0.0782265010778	0.106069683819
-0.0791563707892	-0.290109781908	-0.953714097627
0.105377570004	-0.953790818564	0.281386993787
0.739968282136	0.613644365259	0.275476977379
0.263067130037	-0.640939849352	0.721104699752
