-0.178005122559	-0.859320016995	0.479461481708
0.702746240005	0.230053814685	0.673218376618
-0.688811967236	0.456776059848	0.562933135658
-0.168318749866	-0.842232101247	0.512165830223
0.706173426822	0.259479287849	0.658778839774
-0.687741115005	0.472562753625	0.551086730026
-0.147380670791	-0.861773381295	0.485412826147
0.698707272945	0.256651998132	0.667785834694
-0.700062225256	0.437580179596	0.564301763545
-0.140005232588	-0.856446865153	0.496887625749
0.70589661305	0.265572763451	0.656643804379
-0.694340346759	0.442684855529	0.567381358147
-0.160909756117	-0.859748966774	0.48470589427
0.705034725586	0.243544936399	0.666041984683
-0.690676570854	0.448907121545	0.56696409534
-0.168161288483	-0.851879175312	0.496007703586
0.710799936645	0.243843044766	0.659775729548
-0.682997233825	0.463510985743	0.564510709433
-0.160289758747	-0.857687574187	0.48854806554
0.696052867612	0.252720765928	0.672043611758
-0.699869696978	0.447776993268	0.556487348702
-0.159350991947	-0.852413381988	0.497994649559
0.702833030766	0.256288231502	0.663582747378
-0.693276983351	0.455749665894	0.558264507267
0.803560483434	0.212244762625	-0.556095955623
0.237944869842	0.741822632576	0.626962058576
0.545593979107	-0.636122114626	0.545596800837
0.794991274953	0.181880631837	-0.578712626602
0.291825586351	0.721684052901	0.627702118103
0.531814531182	-0.667900859172	0.520655103339
0.776427194774	0.230006465753	-0.586734893863
0.252629319271	0.739345802725	0.62413637098
0.577355381901	-0.63282288853	0.515941810707
0.778154232491	0.22989916833	-0.58448469914
0.250791222173	0.739456418072	0.624746324072
0.575829622378	-0.632732628336	0.517754448063
0.790054060301	0.189621789222	-0.582973542284
0.265049276715	0.751826877026	0.603742675828
0.55277794354	-0.63150606866	0.54372475879
0.794987794471	0.216946351844	-0.566505683266
0.271000820714	0.708485466534	0.651618678278
0.54272733847	-0.671552400881	0.504444659049
0.782984359678	0.197135109673	-0.58997732391
0.27350519992	0.742748390631	0.611162609983
0.558686316112	-0.639892630648	0.52764289545
0.784816617033	0.223642755565	-0.577967816547
0.255320493397	0.733106314216	0.630370192433
0.564689582631	-0.642292029952	0.518253438752
0.938003504842	-0.186066583199	0.2924528172
0.0658311392837	0.923984935936	0.376720184955
-0.340317035677	-0.334112351266	0.878950083653
0.945810685594	-0.160318626946	0.282382870158
0.047178224737	0.92824063768	0.368976333003
-0.321273034373	-0.335659436126	0.88550346208
0.953478673442	-0.165918275233	0.251693355723
0.0708089922706	0.934817784995	0.34799683272
-0.293026459531	-0.313985405573	0.903077327403
0.963904713744	-0.149244996297	0.220484998313
0.0566408200681	0.92411005949	0.377905301194
-0.260152879867	-0.351776250262	0.899207401252
0.948391458292	-0.159720794571	0.273939607924
0.043645417976	0.921412121752	0.386127929723
-0.314083935434	-0.354244221413	0.880830466764
0.953805933432	-0.166309085452	0.250190984489
0.0605026178424	0.922067837162	0.382269977476
-0.294268030642	-0.34947416291	0.889535909261
0.950945455847	-0.1726146458	0.256723437812
0.0674173267273	0.925544373066	0.372588938013
-0.301923241112	-0.337004149422	0.891779433809
0.95428903216	-0.170691860636	0.245350219925
0.0637904649776	0.918285933123	0.390745082009
-0.291998661439	-0.35723274101	0.887198707747
-0.618878988306	0.723596322454	-0.305609631447
0.344764816678	-0.0993555370403	-0.9334161759
-0.705780494122	-0.683035063801	-0.18798154027
-0.631691223609	0.725981179454	-0.271877196143
0.333523902871	-0.0620806293809	-0.940695272886
-0.699805465052	-0.6849066486	-0.202916143598
-0.568634038007	0.771594385035	-0.285128676556
0.335092464812	-0.0992800118227	-0.936940322797
-0.751245164536	-0.62832016794	-0.202101903134
-0.568617246753	0.77994954026	-0.261444561387
0.348203653458	-0.0597351788263	-0.93551376441
-0.745270930434	-0.62298515418	-0.237614878528
-0.618771568148	0.735219687519	-0.276718151135
0.30722034007	-0.0977178456872	-0.946607800316
-0.723005246682	-0.670747848343	-0.165409023824
-0.636605494481	0.719287868034	-0.278132692143
0.329700406086	-0.0721867024655	-0.941321581987
-0.697158858343	-0.690951258329	-0.19119476662
-0.605732061256	0.740282489521	-0.291667608629
0.321678860647	-0.107432362136	-0.940734099114
-0.727743683468	-0.663656364644	-0.173057756205
-0.601878265736	0.747510817472	-0.281017095665
0.351732101861	-0.0677849979354	-0.933643422605
-0.716957152704	-0.660782180311	-0.22212544954
0.57246323719	-0.711701440662	0.407144805197
0.547691536099	0.701448304994	0.456074829828
-0.610180149074	-0.0380963052992	0.791346228141
0.582756941649	-0.700436657414	0.412047118731
0.53332179214	0.712215986268	0.456416749818
-0.613157569579	-0.0462263175721	0.788606948011
0.556286766815	-0.71083221596	0.43042141573
0.553323112314	0.703288657791	0.446339106589
-0.619982715682	-0.0101304217878	0.784550066879
0.583912029728	-0.704028430557	0.404216154041
0.543700990105	0.708894711798	0.449285558442
-0.602856503306	-0.0425705136564	0.796713111639
0.583315820901	-0.690202965867	0.428208494611
0.53533314215	0.723172658146	0.436394008526
-0.610869115166	-0.0253213283633	0.791326577586
0.57201258504	-0.706260644234	0.417130079925
0.547671354973	0.707432942045	0.44676024723
-0.610620739996	-0.0271022871593	0.791459270741
0.583409361595	-0.689676887217	0.42892809235
0.533303969678	0.723618790872	0.438135506055
-0.612552359472	-0.0268633017034	0.789973398357
0.563686891066	-0.716814874659	0.410406538262
0.524500907411	0.694466576231	0.492559614931
-0.638087681518	-0.0623907974321	0.767431756144
0.234093775796	-0.948940757998	-0.211451120468
-0.798928562887	-0.0638293620642	-0.598029273302
0.553997554091	0.308929276913	-0.773077933697
0.224098090784	-0.94914451567	-0.221144089098
-0.808499488509	-0.0543615827776	-0.585980682405
0.544158613687	0.310112030474	-0.779565181505
0.209594686374	-0.957655039647	-0.197400119764
-0.806184736111	-0.0550129123383	-0.58910070193
0.55329571976	0.282613323806	-0.783577286198
0.210408382587	-0.954275835097	-0.212334424588
-0.81313948685	-0.0502576255004	-0.579895075989
0.542708441284	0.294672283697	-0.786533987369
0.254435647188	-0.943569577581	-0.211988392906
-0.803253091222	-0.0841205462775	-0.589668031125
0.538560208245	0.320312921614	-0.779328449831
0.243026155036	-0.942411428975	-0.229780268864
-0.811766213464	-0.0679143354903	-0.580020031716
0.531012135549	0.32748789451	-0.781522716633
0.244896892906	-0.94842075076	-0.201304958774
-0.77900396552	-0.0688696351548	-0.623225424393
0.577216102169	0.309443350927	-0.755689489786
0.224569617888	-0.95100116298	-0.212521402902
-0.815295095895	-0.0639146660696	-0.575507533227
0.533725084	0.302509177054	-0.789699878808
0.947352078994	-0.200907657837	0.249319341126
-0.113604905998	-0.938895080633	-0.324914304268
0.299362566415	0.279484333742	-0.912288288938
0.944357391072	-0.215984264266	0.248072265432
-0.132176497828	-0.939813713079	-0.315082901625
0.301194994495	0.264761513563	-0.916068022273
0.947356353284	-0.189019128744	0.258433235929
-0.104602664772	-0.945571613848	-0.308145520081
0.302612377451	0.264890822779	-0.915565202852
0.949333783589	-0.189132170324	0.250986830103
-0.0998422517818	-0.938767464481	-0.32976832695
0.29798807274	0.288001122999	-0.910087050267
0.953058332439	-0.182422188946	0.241664961486
-0.0986600871168	-0.941673569333	-0.321740289458
0.286262110381	0.282794574967	-0.915467625806
0.943487748469	-0.21821551278	0.249425176912
-0.134938540606	-0.940361629086	-0.312271790085
0.302692119413	0.260967566195	-0.916665401873
0.946904067605	-0.18345620839	0.264038787219
-0.0966642534554	-0.945676858893	-0.310403571545
0.306640968654	0.268399282278	-0.913198901445
0.940304113885	-0.222726656569	0.257334305671
-0.135719893945	-0.938792712424	-0.316616870586
0.31210289779	0.262790731963	-0.912979041238
-0.996013106723	0.0754681892984	0.0475292585246
-0.0807635940321	-0.537102003601	-0.839640429667
-0.0378380746193	-0.840132942846	0.541058345887
-0.99524977288	0.0891654253672	0.0392755984345
-0.0829560547401	-0.564059558387	-0.821563745755
-0.0511012592336	-0.820913041848	0.568765078689
-0.994617281264	0.0704906299179	0.0759513091804
-0.102467729204	-0.559968185518	-0.822153775
-0.0154238368808	-0.825510470176	0.564176215298
-0.994654259395	0.0705625458957	0.0752351143323
-0.101228039026	-0.527718159889	-0.843355454231
-0.0198060452081	-0.846472955967	0.532058023372
-0.996542803564	0.0685093585224	0.0470150368351
-0.076786708477	-0.543157098037	-0.836113228975
-0.0317450357539	-0.836832120595	0.54653874201
-0.996085058725	0.0669078808989	0.0577501717888
-0.0852853003178	-0.556112310291	-0.82671840799
-0.0231983710147	-0.828408259274	0.559643611482
-0.997557839748	0.0592309770474	0.0363494045189
-0.0631046320012	-0.552943357078	-0.830802946326
-0.0291100201109	-0.831088094947	0.555368643252
-0.99510287575	0.066974478898	0.0725346573471
-0.0965335339928	-0.506088003574	-0.857052237571
-0.0206914029242	-0.859867245734	0.510092577167
-0.989836957626	0.0675121250387	-0.125157278892
0.065858632588	0.997678860583	0.0173069638965
0.126035201434	0.00888838896729	-0.991985664261
-0.990978302657	0.0467490159999	-0.12557575634
0.0411711723636	0.998062317909	0.0466533714543
0.127513433189	0.0410625377308	-0.990982810017
-0.983931524397	0.0570601936773	-0.169182049
0.0431790132419	0.995476924293	0.0846242593859
0.173245502746	0.0759593757127	-0.981944929949
-0.985165614866	0.0437173990541	-0.165971442459
0.0311772877359	0.996510643175	0.0774243541849
0.168777093889	0.0711009346735	-0.983091023073
-0.984348560908	0.0679950458518	-0.162577560429
0.0647904170266	0.997587210149	0.0249390499726
0.163881027813	0.0140152806476	-0.986378961766
-0.982037173813	0.0592173418569	-0.179157274176
0.0528513609039	0.997796779869	0.0401038761401
0.18113739569	0.0299147731775	-0.983003247172
-0.985331931609	0.0543084299266	-0.16177469415
0.0357874786555	0.992688577239	0.115276376801
0.166852370675	0.107796016234	-0.980071313405
-0.989146512957	0.0593604006593	-0.134383471804
0.0519149050837	0.996951256311	0.0582496785688
0.137431500358	0.0506411419379	-0.989212543384
-0.873589965999	-0.228015713293	-0.429941342438
-0.485916577179	0.359768613115	0.79652474979
-0.0269407399392	0.904751585518	-0.425086909649
-0.878774798499	-0.253992107421	-0.404028980115
-0.474284467012	0.370846207221	0.798452366096
-0.052968403378	0.893286038143	-0.446353838728
-0.868849211812	-0.262178765022	-0.419957758328
-0.491301522934	0.352032730794	0.796678214789
-0.0610330825949	0.898518591643	-0.434672527834
-0.8793085698	-0.23635871887	-0.413463293675
-0.474494950769	0.360242806139	0.803168705032
-0.0408886401989	0.902418962047	-0.428915866393
-0.895236163886	-0.231128973641	-0.380961895293
-0.44371430365	0.383989047249	0.809734613591
-0.0408678951915	0.893941790753	-0.446316213596
-0.882412254184	-0.229554232687	-0.4106744694
-0.470402952761	0.414984435007	0.778786875123
-0.00835030511387	0.880393542165	-0.474170353312
-0.896910515361	-0.210411554887	-0.388947447888
-0.440527490094	0.348393770733	0.827380121103
-0.0385832880952	0.913427234045	-0.405170596492
-0.894189233724	-0.228256328362	-0.385127054497
-0.44499415006	0.358951188667	0.820447217317
-0.0490306634149	0.905015181394	-0.422542486158
0.878233918684	-0.00359395383795	-0.478217802611
-0.467370070563	0.205455966632	-0.859856416777
0.101342983874	0.97865975897	0.178758692559
0.883898030607	0.0136714508014	-0.467479797456
-0.460978799015	0.194069050795	-0.865930561445
0.0788848303226	0.980892594435	0.177839501585
0.885276011359	0.0397809985445	-0.463361476012
-0.46087640716	0.208477576662	-0.862629728382
0.0622842084388	0.977217776711	0.202894320453
0.884717894712	0.0336186743222	-0.464912927357
-0.461213040457	0.207577829919	-0.86266677553
0.0675039006201	0.977640639002	0.199153192365
0.894265179054	0.0309551370371	-0.446465645775
-0.441441514246	0.225107021298	-0.868594408547
0.0736150994455	0.973842203106	0.214970251542
0.896751520706	0.0287671782555	-0.441598417347
-0.43989607836	0.166748813926	-0.882432033966
0.0482509377253	0.985579679062	0.162186820104
0.884856728305	0.0317981067719	-0.464776779821
-0.461639615553	0.19388769321	-0.865619118176
0.0625894560317	0.980508272686	0.186242093659
0.903590704356	0.0283116747307	-0.427460274469
-0.423189230947	0.214098789007	-0.880382058239
0.0665936332232	0.976401629829	0.205438872248
0.209583485209	0.674825897447	0.707590829087
-0.362168142565	0.725767648598	-0.584889357416
-0.908245016383	-0.133683701484	0.396509352002
0.213266795351	0.663573631147	0.717068555423
-0.374892524382	0.73335138378	-0.567143142541
-0.902204451493	-0.14787083896	0.405168292267
0.20314222945	0.679947369646	0.704560019762
-0.373087412764	0.71903207721	-0.58634346481
-0.905283949583	-0.1437513506	0.399745580475
0.210716515457	0.656146509999	0.724617357227
-0.346118615514	0.743319714111	-0.572431400991
-0.914221231964	-0.13018280325	0.383734259774
0.210923713137	0.664322864663	0.717067867722
-0.342681187738	0.737269574884	-0.582239796175
-0.915467530284	-0.122917485191	0.383158582362
0.208643238428	0.686411987256	0.696639492916
-0.339792747785	0.718819078112	-0.606498162895
-0.917065367295	-0.11017130658	0.383214555483
0.212589961443	0.653747039848	0.726237101845
-0.376521539874	0.740639385647	-0.556493337213
-0.901685671516	-0.155139009416	0.403602337163
0.202630830563	0.66032034187	0.723130552366
-0.35178211303	0.738240351636	-0.575543681402
-0.913887353346	-0.137761498113	0.381879139877
-0.462335482898	0.790998428705	0.400714613274
0.857520192506	0.283858817046	0.429052035405
0.225632078722	0.541985253884	-0.809535735416
-0.464133799521	0.78474436154	0.410808990671
0.848164240023	0.260032448184	0.461524162332
0.255353013946	0.562639687101	-0.786283083773
-0.467567947389	0.793830277727	0.38887144911
0.841895463274	0.265813605473	0.469636889163
0.269443023083	0.546973736945	-0.792609048804
-0.466773440109	0.786444956774	0.404511280713
0.84819215011	0.268598170397	0.456537338347
0.250389941391	0.556201937051	-0.792431275318
-0.423968223042	0.797866158595	0.428560565957
0.871802561393	0.231317507089	0.431803727326
0.245387162813	0.556690001664	-0.793653540297
-0.459005397569	0.786497108068	0.413198771772
0.84275238904	0.238239284768	0.482709877148
0.2812104848	0.56979181613	-0.772174954929
-0.450710418936	0.797799576773	0.400479097189
0.856951822294	0.261040730331	0.444404274362
0.250002492489	0.543486356872	-0.801330589091
-0.475317664934	0.77319736394	0.419813641963
0.855403434363	0.294497455361	0.426096684331
0.205821821151	0.561639792317	-0.801376107221
-0.827752322925	0.544728867653	0.134521689897
-0.521704383251	-0.83544060476	0.172809325163
0.2065191536	0.0728627964897	0.975725804657
-0.825497101599	0.542155733363	0.156910977933
-0.510828385098	-0.83590732787	0.200780117286
0.240017197701	0.0855888736967	0.966988251177
-0.836996038492	0.536208911779	0.109169062256
-0.514468804953	-0.839070446006	0.176869684595
0.186439614772	0.0918751300758	0.978161149037
-0.838233305993	0.537277224364	0.0932621540956
-0.508796331582	-0.832111628711	0.220717583679
0.196191075676	0.137561415218	0.970868639126
-0.819056670592	0.559711338323	0.125975153056
-0.542793511111	-0.827114699488	0.145797225007
0.185800230709	0.0510376750611	0.981261144451
-0.839142451151	0.525752182143	0.139374236712
-0.492306982142	-0.843110012123	0.216332919989
0.23124525989	0.112919174228	0.966320288849
-0.826811553643	0.557089981977	0.0776723109309
-0.531610312518	-0.819067175536	0.215682684755
0.183773533267	0.137037574625	0.973369398279
-0.858569617826	0.504839943298	0.0894133635955
-0.48344988977	-0.855246188774	0.18662815283
0.170687791069	0.117006388706	0.978353301162
-0.0355908716048	0.569404476296	-0.821286693782
0.499476098429	0.721939376481	0.478881158632
0.865596278935	-0.393169275719	-0.310098377905
0.00993157387253	0.568073697625	-0.822917779609
0.496209688722	0.711683330081	0.497275368815
0.868145922497	-0.41327850377	-0.274815537165
-0.00755007614776	0.582479757985	-0.812810183371
0.521050495824	0.696058463568	0.493972687604
0.853492497598	-0.419785620091	-0.308756661199
0.0130888994331	0.577600783739	-0.816214448662
0.52118987504	0.692687130256	0.49854353583
0.853340380936	-0.431928093074	-0.291973168126
0.00738704933278	0.572699017428	-0.819732420142
0.485521830223	0.714589597472	0.503617168092
0.874193318192	-0.401718228436	-0.27277916643
0.00718889880694	0.57816073712	-0.815891223089
0.47254440602	0.717099612587	0.512318193813
0.881277544364	-0.389227837423	-0.268051465581
-0.0275615543001	0.574802575325	-0.817827819256
0.522537586903	0.705743267758	0.478414992536
0.852170647713	-0.414159913813	-0.319807332034
-0.00357796718298	0.563313829563	-0.8262352758
0.488107102773	0.722111685712	0.490210332941
0.872776407664	-0.401537350346	-0.277541173221
0.737439144649	-0.671562080304	0.0720269186173
0.668933506092	0.71146240735	-0.215288652285
0.093335251299	0.206943498746	0.973890609294
0.73563784671	-0.675980096248	0.0434496124877
0.664997870537	0.708502771216	-0.236223742053
0.128898376752	0.20266902478	0.970726776678
0.729384789876	-0.678789800207	0.0851013114621
0.678950303991	0.703027083697	-0.211611440765
0.0838111614754	0.212125727547	0.973641805136
0.712584274514	-0.695890822133	0.0892166493415
0.695217571536	0.683287392117	-0.22313866236
0.0943195370911	0.221030084112	0.97069538288
0.743280549821	-0.667384639547	0.0461710631633
0.656999572947	0.71522600139	-0.238334487629
0.126038031259	0.207483757782	0.970084998814
0.71087739825	-0.702469528614	0.0344947725125
0.688855885567	0.685529662514	-0.235640943657
0.141883391846	0.191273748268	0.971227808843
0.723331029998	-0.686699266035	0.0723625557503
0.681303983134	0.692718763444	-0.23657049222
0.112325883099	0.220419675279	0.96891592142
0.696752907378	-0.715203289024	0.0549512585124
0.709833737381	0.676431054385	-0.196410522326
0.103302713992	0.175855859653	0.978980728035
-0.217082291059	-0.920202594518	0.325732765488
-0.953778248548	0.270985113464	0.129898975566
-0.207802074261	-0.282478098794	-0.9364952857
-0.190103398298	-0.926767427426	0.323979508511
-0.958294350606	0.246888233255	0.143937720317
-0.213383514055	-0.283104689461	-0.935050281787
-0.199082778252	-0.932801624204	0.300410581744
-0.966945727731	0.236812874989	0.0945261974439
-0.159315245235	-0.271662239303	-0.949113906804
-0.17680964568	-0.924944523596	0.336475633047
-0.97209406259	0.217657546936	0.0875113826165
-0.154179625251	-0.311613120519	-0.937617032215
-0.175100582442	-0.927866693006	0.329246701431
-0.961386080251	0.233251062312	0.146050949933
-0.212312964965	-0.290959576724	-0.932880520631
-0.190052866794	-0.925455370811	0.327737925469
-0.955932417777	0.25052148421	0.153075553615
-0.223769979657	-0.284202866118	-0.932285116076
-0.172744356253	-0.929450844872	0.326007373983
-0.975517009843	0.207181843618	0.0737729328958
-0.13611114735	-0.305281851879	-0.942484606077
-0.197185599736	-0.924178758392	0.327126163614
-0.967816272507	0.236724667371	0.0853998597887
-0.156363573301	-0.299758395908	-0.941113937111
0.0926963316884	0.930641709515	0.353994720078
0.848137198635	-0.260044497733	0.461561017398
0.521602861977	0.257451527481	-0.813416801737
0.0935879168739	0.92043582926	0.379521862093
0.86787919531	-0.262215551622	0.421930616563
0.487877712074	0.289892440503	-0.823366867994
0.0653209486392	0.930650669435	0.360032426776
0.875357705453	-0.226652928788	0.427057892971
0.479043739499	0.287261010103	-0.829457568588
0.0837187367026	0.92071820825	0.381134968467
0.866666332182	-0.25603932368	0.428165951408
0.491808247037	0.294473418631	-0.81938974246
0.101242761066	0.926066356751	0.363530876519
0.847718494985	-0.271556480414	0.45567055486
0.520698519827	0.262037028296	-0.812537440909
0.0748593667619	0.918775430433	0.387622152833
0.879975310079	-0.243720718326	0.407735084915
0.469087069301	0.310573911095	-0.826745055312
0.107784658684	0.930440938868	0.350236772289
0.871250427165	-0.258091892976	0.417512206974
0.478862016191	0.260141133013	-0.838466053397
0.0920999749493	0.930290804774	0.355080096894
0.879468904407	-0.243230664992	0.409121614384
0.466966061764	0.274599831986	-0.840564273004
0.933807811197	0.00529483937495	-0.357736371432
-0.0340674677973	-0.994036943709	-0.103640048805
-0.356149904404	0.10896704435	-0.928059455298
0.934203864208	0.0257391451194	-0.355809708362
-0.0244484426187	-0.990427967634	-0.135838338539
-0.355900724655	0.13559969385	-0.92463226463
0.932032283784	0.00860949619599	-0.362273521257
-0.0385001440074	-0.991712765324	-0.122618990945
-0.360324807	0.128232424153	-0.923977251632
0.928566905977	0.0124489044232	-0.370956342225
-0.0395986257659	-0.990411653023	-0.132359319408
-0.369046788221	0.13759384207	-0.919170606609
0.940163738021	0.0295834661977	-0.339436284987
-0.0156869898035	-0.991409291956	-0.129855472219
-0.340361706702	0.127410140264	-0.931623017618
0.939060333087	-0.0122878144918	-0.343532504124
-0.045312863165	-0.995063264277	-0.0882720061448
-0.340752573294	0.0984591907952	-0.93498111824
0.924102729021	0.030331914126	-0.380938522619
-0.0254834435889	-0.989735252811	-0.140626059336
-0.381293557685	0.13966055079	-0.913844123321
0.93021796909	0.0139097621618	-0.366743696696
-0.0392380213412	-0.989783097989	-0.137064496542
-0.364903820521	0.14189015839	-0.920168122404
0.806092370113	0.172702759909	0.566029011355
-0.573470934821	-0.00817582668608	0.819185090349
0.146103291855	-0.984940039827	0.0924495461185
0.814653008807	0.13731467964	0.563458212469
-0.567120490057	-0.0145979004935	0.823505475748
0.121304691587	-0.990419909727	0.0659817425531
0.806823482434	0.133495194876	0.575512730803
-0.577046321667	-0.0308469474513	0.816128678648
0.126702064004	-0.99056928602	0.0521448680406
0.8058294431	0.134625260513	0.57664109423
-0.579880173523	-0.0177832723294	0.814507678857
0.119907867454	-0.990737005362	0.0637362323702
0.819896076964	0.166525763621	0.547758692059
-0.554773631344	-0.00522586839677	0.831984892846
0.141409450326	-0.986023231982	0.0880994399018
0.840674352757	0.127837083905	0.526235985423
-0.534742497236	0.0424671542165	0.843947273835
0.0855400141723	-0.990885573284	0.104060969038
0.803547767351	0.144506527923	0.577432985418
-0.579134584524	-0.0343361530437	0.814508551799
0.137528623455	-0.988907938756	0.0560979862081
0.849655935449	0.127053389678	0.511802922284
-0.515629058352	-0.00321496758415	0.856805907463
0.110505516922	-0.991890682007	0.0627808007053
0.199399041998	-0.680563900603	-0.705033914001
0.978886690007	0.105332318205	0.175174124633
-0.0449543192998	-0.725077859963	0.687198089516
0.181122741818	-0.696121178112	-0.694701249807
0.982133664646	0.0913502108864	0.164525283805
-0.0510684429697	-0.712088765273	0.700229671642
0.227573975091	-0.662401733797	-0.71374650088
0.972862424452	0.123186164344	0.195867087112
-0.041818985463	-0.738951389326	0.672459688779
0.21123338536	-0.688452397262	-0.693839865094
0.975936438168	0.109251700536	0.18871179079
-0.0541158973332	-0.717005835424	0.694963382828
0.165873009544	-0.673792180689	-0.720062667907
0.986017945139	0.10150085204	0.132159725164
-0.0159612134408	-0.731916442181	0.681207430061
0.176772362656	-0.670010008667	-0.720998003517
0.979997477676	0.0517790414188	0.192155863187
-0.0914137655843	-0.740544070461	0.665761221136
0.148384175937	-0.666784718339	-0.730328863009
0.987793907816	0.0645474584	0.141763151075
-0.0473846434491	-0.742449819659	0.668223727587
0.231542444483	-0.675572632462	-0.69999266104
0.972011329024	0.131239124535	0.194859643573
-0.0397754131368	-0.725519071226	0.687051670699
-0.480167056318	0.368766078411	-0.79589648755
-0.850719681324	0.0253899441232	0.525006096956
0.213812215014	0.929175418016	0.301525121385
-0.468578288401	0.340431017259	-0.815193943812
-0.855801957271	0.0540127217051	0.514476113958
0.219174481796	0.938716881914	0.266032310212
-0.485416942915	0.393489318518	-0.780728202939
-0.849183780523	0.000234610889574	0.528097375302
0.207983839631	0.919329150586	0.33403087578
-0.484142419658	0.390106606566	-0.783213223883
-0.842170071519	0.0350983180582	0.538068470922
0.237393532327	0.920100507703	0.311543523489
-0.49052422932	0.355587884148	-0.795577324737
-0.832844690124	0.077352573616	0.548075111475
0.256428830516	0.931436451044	0.258206145776
-0.487392325512	0.36816846648	-0.791770641443
-0.838747597543	0.0547367524384	0.541762296239
0.242798756126	0.928146485368	0.282122116408
-0.521324268388	0.390056344787	-0.758997410524
-0.827160027703	-0.0122785656177	0.561832301296
0.209826856863	0.920709125675	0.329040122564
-0.488034427315	0.389127862481	-0.781282227621
-0.832490760061	0.0614374659674	0.550621995133
0.262262362852	0.919132718247	0.293961742922
-0.289675485344	0.884487920209	0.365744611464
-0.177096358732	-0.425061026995	0.887671042663
0.940598150931	0.19236454783	0.279769435433
-0.301114097857	0.869575952742	0.391366843056
-0.202736193683	-0.459410168939	0.864777648348
0.93178773291	0.181052499908	0.314629362766
-0.252811749269	0.87950375194	0.403186391768
-0.167719681912	-0.450252797075	0.877007643927
0.952867369828	0.154095585693	0.261339367704
-0.268096448505	0.871261548956	0.411129657695
-0.183759707252	-0.465164070694	0.865941535706
0.945704315374	0.156606789703	0.284811612188
-0.261087522627	0.876465413216	0.404526381027
-0.164242726323	-0.453284961864	0.876103283955
0.951240001451	0.162299158169	0.262300188848
-0.269129914875	0.878576171086	0.394554145784
-0.168704781248	-0.446340637292	0.878816648689
0.94821292922	0.169952689973	0.268343639234
-0.261243347782	0.875870832047	0.405711906904
-0.141715279975	-0.450555350814	0.881428726985
0.954813408607	0.172771834804	0.241828905108
-0.272883709633	0.878912242238	0.39121312546
-0.17763763469	-0.445686952899	0.877387008758
0.945504791014	0.169930464716	0.277748633732
0.166759277983	0.764834343851	-0.622266629323
0.646013736189	-0.561524570289	-0.517057918934
-0.744884946927	-0.315770589737	-0.587730981183
0.176308921666	0.761274517234	-0.623999451931
0.652678490337	-0.564947173426	-0.504820423755
-0.736834441956	-0.31826715413	-0.596472269139
0.143365333873	0.748304137584	-0.647679842948
0.627858111258	-0.57465186342	-0.524950363583
-0.765011407374	-0.331390418953	-0.552214943475
0.162678552583	0.745507752547	-0.64633927754
0.633694445738	-0.581047596366	-0.510701615084
-0.756285409246	-0.326501119603	-0.566948400039
0.135522311451	0.773194137344	-0.619517097919
0.621409061679	-0.553340935139	-0.554670196841
-0.77167440459	-0.30980489857	-0.555458342492
0.169813202534	0.7736710324	-0.610406654787
0.635769905062	-0.559270654504	-0.531989051734
-0.752967315626	-0.297739579116	-0.58684814232
0.130401280526	0.765876756651	-0.629623906249
0.612795041544	-0.561480661945	-0.556073778201
-0.779407279128	-0.313318692971	-0.542542235875
0.15531675789	0.738786356778	-0.655800323796
0.625320391984	-0.587453851037	-0.51368992934
-0.764757316423	-0.330299341771	-0.553220975747
-0.195333544692	0.453975403678	-0.869339497872
-0.921940511096	-0.387300525823	0.00490141182493
-0.334470512457	0.802436703232	0.494191079946
-0.180163528676	0.485345758728	-0.855558619821
-0.917710803219	-0.39600638234	-0.0313970224062
-0.354045108878	0.779498804261	0.51675299362
-0.192493383473	0.417822134498	-0.887902552191
-0.91270138621	-0.408588798347	0.00559919330903
-0.360447579924	0.811467704397	0.459997498057
-0.177304424261	0.433679691137	-0.883450628323
-0.91586382073	-0.401272832015	-0.0131723935595
-0.360217363638	0.806784962409	0.468339034249
-0.166540437684	0.458545035172	-0.872926561108
-0.9293731987	-0.368776771645	-0.0164075063312
-0.329438595047	0.808542020828	0.48757566964
-0.169601040406	0.461843173957	-0.870595412586
-0.920084763312	-0.390715256434	-0.0280289112407
-0.353099869821	0.79626784075	0.491200579065
-0.176723572891	0.410306488924	-0.894660507788
-0.918962950058	-0.394343399774	0.00067148048552
-0.352527921547	0.822278504894	0.446746184374
-0.197432420218	0.42205084184	-0.884812711523
-0.913783601729	-0.406073214487	0.0102021187494
-0.354992924975	0.810541572603	0.465835148872
0.925896106494	0.149626085214	0.34688389149
0.0702506095688	0.834011235808	-0.547256895292
-0.371188969943	0.531071833384	0.761696432319
0.928456541112	0.201983797459	0.311722630284
0.00757672274714	0.8287517927	-0.559565065673
-0.37136376498	0.521893681714	0.767929647553
0.948163075714	0.147861099198	0.28128966916
0.0327074549642	0.835051998314	-0.549197946991
-0.316096512195	0.529929483925	0.786929310832
0.945340252295	0.177559407239	0.273504047771
0.0028245528672	0.83425901038	-0.551365509495
-0.326073349337	0.522000536456	0.788157097431
0.938674418567	0.1565320356	0.30722639359
0.038303842227	0.838162106831	-0.544074531775
-0.342670615545	0.522476795931	0.780765549927
0.933439093463	0.1867922074	0.306268067767
0.0104661057538	0.839198866704	-0.543723938249
-0.3585832103	0.510738613822	0.781386042422
0.948161730971	0.178095002857	0.263194798507
-0.00451253567561	0.835670096367	-0.549213189317
-0.317756147109	0.51955525236	0.793154065139
0.943989586879	0.182618155848	0.274834987184
-0.00194701132766	0.835963876696	-0.548781021365
-0.329969498852	0.517508463136	0.789496754128
-0.0540096911948	-0.833041585707	-0.550567569389
-0.0431871150669	0.552805194689	-0.832190651708
0.997606037007	-0.0211689437557	-0.0658334962793
-0.0956364091429	-0.878141662281	-0.468743961091
-0.0402261523417	0.473927221005	-0.879644727845
0.994603205686	-0.065270295877	-0.0806489585993
-0.0796216071308	-0.839824357542	-0.536987314264
-0.0235771308715	0.540133544574	-0.841248977446
0.996546258887	-0.0543210054573	-0.0628069336708
-0.0597632261213	-0.872915762092	-0.484196715122
-0.0118254316853	0.485648797469	-0.874074035289
0.99814254784	-0.04651163608	-0.0393465521392
-0.0426252994007	-0.841963658591	-0.537847836833
-0.0212815520518	0.538980128276	-0.842049596586
0.998864452024	-0.0244463735605	-0.040892485899
-0.0404262297904	-0.870556201486	-0.490405557186
0.00351859193477	0.490679706898	-0.871332910034
0.999176325768	-0.0369502456215	-0.016773196127
-0.0843046418314	-0.84657043258	-0.525558042648
-0.0197514783803	0.528751808111	-0.848546649209
0.996244263528	-0.0611558620546	-0.0612972553557
-0.097824102111	-0.854041363842	-0.51092444551
-0.022404322199	0.515146557834	-0.85680923673
0.994951499582	-0.0723696804293	-0.0695279662236
0.93448181453	-0.124673383609	0.333467066436
-0.0651041216413	0.861036547143	0.504358518315
-0.350007414669	-0.49302394371	0.796506243829
0.933300223308	-0.0858256215312	0.348689912481
-0.120901964054	0.83922715118	0.530170257455
-0.338132233697	-0.536965314979	0.772874401395
0.907537200299	-0.149954370206	0.392288054965
-0.076524025744	0.859400079793	0.505544832896
-0.41294104264	-0.488820203592	0.768462430256
0.915111778778	-0.143728332971	0.376712885404
-0.0711290635211	0.862107121122	0.501709046199
-0.396876666045	-0.485915092395	0.778701119387
0.907588103699	-0.137042752202	0.396866623044
-0.0985383453919	0.849306739443	0.518621494161
-0.40813481462	-0.509801278723	0.757316727064
0.912862472007	-0.110141457054	0.393129707012
-0.122440555129	0.844741831503	0.520979412631
-0.38947454032	-0.523717574045	0.757647335369
0.927763319321	-0.10246970647	0.358824723744
-0.0968339680975	0.862515570615	0.496679043925
-0.360386467194	-0.49554702028	0.790287760473
0.937413668615	-0.0788269009878	0.339178322342
-0.114843268364	0.849557299527	0.514843102691
-0.328734905931	-0.521573308709	0.787333885901
-0.953885227852	-0.27825412978	-0.112604874655
0.261995813953	-0.954846638794	0.140101168479
-0.146503965839	0.104138288821	0.983713283188
-0.957024350574	-0.260282957155	-0.127881091551
0.248862004679	-0.963499893651	0.0986511256847
-0.148890879468	0.062586933032	0.986870993427
-0.968927194974	-0.229192944154	-0.093031505147
0.220673231498	-0.970858791389	0.0934917747134
-0.111747892598	0.0700569867247	0.991264064535
-0.955340814932	-0.264295687287	-0.132181948563
0.252526233584	-0.962477872152	0.0993337745656
-0.153475663206	0.0615181851078	0.986235639273
-0.965001474463	-0.254166388515	-0.0645790938096
0.243824174996	-0.960255140674	0.135862788789
-0.0965442079858	0.11536192023	0.988620673794
-0.96948294765	-0.226153160799	-0.0946460318967
0.214646641743	-0.969538085235	0.117995888716
-0.118448059003	0.0940795324505	0.988493348839
-0.955826919674	-0.254503959961	-0.147044347307
0.235296850853	-0.962342817153	0.136128976929
-0.176152484199	0.0955167040105	0.979717742723
-0.953714204091	-0.254940647194	-0.159472133112
0.238209244301	-0.9641668187	0.116771412859
-0.183527792883	0.0733789706918	0.980271923689
0.21709032411	-0.133363588275	0.9669985773
0.264297427117	-0.9455919494	-0.189745858223
0.93969088811	0.296767205088	-0.170031512093
0.1933088689	-0.118062588719	0.974008582979
0.265205469581	-0.949491340345	-0.167725378186
0.944615029245	0.290735220998	-0.15223406721
0.181604490769	-0.161373005758	0.970040713974
0.226265339603	-0.95311960746	-0.200917952942
0.956987058349	0.255974179817	-0.136578107344
0.201859881852	-0.120275195397	0.972001192013
0.243386101269	-0.955139642559	-0.168733831507
0.948691543976	0.270632181305	-0.163530916922
0.199833691374	-0.138676640289	0.969966732332
0.269286978347	-0.94404139843	-0.190448918098
0.942099355528	0.299257508761	-0.151307639809
0.200246011196	-0.159104811384	0.966740296758
0.269052011536	-0.939860228473	-0.210411058882
0.942078636564	0.302237419268	-0.145395400966
0.208633195691	-0.125529833922	0.969904600558
0.241221851817	-0.954484222722	-0.175422579742
0.947778819976	0.270561128163	-0.168857036605
0.189587960254	-0.152095914565	0.970011948835
0.231887488879	-0.953046377435	-0.194757944821
0.954088329565	0.261857398869	-0.145416921909
-0.356612599643	-0.239987734876	0.902902746271
0.840576585212	-0.504218349518	0.197976998224
0.407748067449	0.829559988512	0.381538663663
-0.335554009076	-0.233788808159	0.91254940632
0.845163429804	-0.502559954078	0.182023084076
0.416055768759	0.832331916602	0.366225660303
-0.33740027553	-0.231171418574	0.912535353278
0.847461472604	-0.496630449975	0.187529153312
0.409841491555	0.836610964621	0.363472169383
-0.319703343115	-0.246610209007	0.914862359621
0.860402405601	-0.479965065468	0.171292706576
0.39685946212	0.841912641373	0.365630486033
-0.332358607825	-0.252236945802	0.908798201258
0.855553315705	-0.486171130399	0.177949529577
0.396946056063	0.836668413568	0.37738540469
-0.338342035531	-0.233744207238	0.91153070127
0.847012889172	-0.497679041535	0.186774283237
0.409992364993	0.83527187962	0.366370172954
-0.331567623064	-0.266293462163	0.905069419308
0.85222494995	-0.496055748353	0.166256649505
0.404691853685	0.826448081147	0.391417999164
-0.329064917103	-0.246865933683	0.911467850283
0.853995645497	-0.489723610403	0.17567695386
0.402998596504	0.836198639937	0.371973167213
0.627830509413	0.48740834564	-0.60684587896
0.17963986665	-0.849345449838	-0.496328167687
-0.75733634174	0.202596239675	-0.620802928215
0.601839901942	0.528295701635	-0.598909437493
0.195538481962	-0.824586648266	-0.530869247992
-0.774308442906	0.202388507645	-0.599571388992
0.636434858171	0.49036488942	-0.595393190709
0.178315396226	-0.844530950534	-0.504947151533
-0.750436137048	0.215198237904	-0.624928629499
0.639375686785	0.483211885885	-0.598084494411
0.183714639143	-0.851327551396	-0.491416960623
-0.746624216377	0.204323202703	-0.633091281622
0.633241683139	0.502986180321	-0.58822616509
0.18740004553	-0.837058459804	-0.514018579335
-0.75092365912	0.215264440565	-0.624320058112
0.642933068542	0.508818625331	-0.572486598039
0.194360791564	-0.831366293002	-0.520629565337
-0.740851659322	0.223461110971	-0.633407450636
0.626029746237	0.504717168473	-0.594430420362
0.19120463457	-0.838368559583	-0.510470244073
-0.755994532072	0.205911782599	-0.6213480669
0.622465873105	0.511665986147	-0.592228256956
0.175927789178	-0.828809626471	-0.531154174144
-0.762617730394	0.226436000531	-0.605922095101
-0.376295973262	0.117967626031	0.918958675894
0.802805883761	0.536641022314	0.259844471094
-0.462497699228	0.835523832914	-0.296640973526
-0.367697119584	0.103573396295	0.924159806492
0.804629556328	0.533666235497	0.260329820226
-0.466229635951	0.839328832935	-0.279565747055
-0.322691589123	0.0935564202582	0.9418690718
0.82295687621	0.519299629768	0.230369007169
-0.467559763115	0.849455764471	-0.244566525057
-0.33230400849	0.104593899856	0.937354913199
0.809395883987	0.541834645375	0.226480781869
-0.484202870881	0.833951651887	-0.264711710688
-0.334338902496	0.0648917792086	0.940216198603
0.802095399583	0.543394901422	0.247719462706
-0.494833722671	0.836965363218	-0.233727441022
-0.305834944898	0.0684377752053	0.949621689074
0.799089816939	0.560705043779	0.216945500737
-0.517610419042	0.825182499057	-0.226171144297
-0.34106427554	0.0882868138771	0.935884931577
0.79334521719	0.561086820118	0.236188375766
-0.504260382163	0.82303524893	-0.261408592645
-0.31630092336	0.105755144836	0.942745735993
0.814185829939	0.540296495029	0.212558494196
-0.486883053432	0.834802688346	-0.257000610287
0.736809218133	-0.267500693974	-0.620931205339
0.520433311286	-0.361849258631	0.773443157945
-0.431580063886	-0.893033330168	-0.127397603983
0.762368220484	-0.270889489477	-0.58771897887
0.482587547476	-0.36710484532	0.795200220532
-0.431165829647	-0.88986123424	-0.149141189819
0.748230703987	-0.304085649991	-0.589646274062
0.492314330792	-0.341278674368	0.800721832131
-0.444721722814	-0.889415971424	-0.105649457016
0.747939375998	-0.340105205003	-0.570013281052
0.477237851199	-0.321318582487	0.817923228852
-0.461335804408	-0.883788902648	-0.0780157440581
0.777275179951	-0.234856800061	-0.583682758151
0.478530570049	-0.381627766444	0.7908025307
-0.408474934636	-0.893981226033	-0.184243617396
0.767878930547	-0.249735845681	-0.589910110763
0.490975589994	-0.362059714939	0.792373419103
-0.411466768315	-0.898078322115	-0.155403806814
0.761476573452	-0.294589134745	-0.577382604495
0.483783003994	-0.3345452243	0.808723383025
-0.43140170993	-0.895151801034	-0.112231136639
0.739388640299	-0.305234794329	-0.600113460991
0.509653265764	-0.328695421106	0.795118170597
-0.439952263805	-0.893751126907	-0.0874697575986
-0.995065970052	-0.0465997161628	0.0884869450057
-0.0734856540621	-0.259521659308	-0.96298907696
0.0678331160272	-0.964663967478	0.254717550717
-0.991601836974	-0.0569448439427	0.116059468377
-0.0962978942342	-0.273598509791	-0.95700683264
0.0862509769089	-0.960152408164	0.265825555708
-0.99569906074	-0.0259185315429	0.0880643156081
-0.0773013749479	-0.280627759342	-0.956646366244
0.0495135475605	-0.959414405948	0.277517256138
-0.99533343809	-0.0583745023549	0.0768359211919
-0.0566655291558	-0.290921351045	-0.955067422551
0.0781047957304	-0.95496449216	0.286255930165
-0.988162538315	-0.0626488342415	0.139981112857
-0.118975789798	-0.262771614476	-0.957489519441
0.0967695707867	-0.962816982591	0.252216945602
-0.992181710114	-0.0486166925006	0.115210545902
-0.0982142762117	-0.267340190841	-0.958604383811
0.0774016060871	-0.962395358428	0.26043623572
-0.992770024008	-0.0299456487861	0.116103188322
-0.102936373603	-0.283693307549	-0.953363649949
0.0614881712957	-0.958436958893	0.278579580482
-0.991563700654	-0.0722027883191	0.107648486193
-0.0822408959527	-0.291480262335	-0.953034993729
0.100189192299	-0.953848007598	0.283083218065
0.737800123979	0.615803046029	0.276473494129
0.267022354405	-0.642424288415	0.718324538247
0.619959713774	-0.456155333742	-0.638413902597
