-0.17871302523	-0.859301982971	0.479230426198
0.702545524982	0.229552622705	0.673598847955
-0.688833423013	0.457062057823	0.562674690413
-0.168864708155	-0.841949641658	0.512450477677
0.706087946938	0.259418602545	0.658894367627
-0.687695064944	0.473099120072	0.550683859274
-0.147543003314	-0.861927050322	0.485090509847
0.698438626557	0.256468661146	0.668137185198
-0.700296028658	0.437384925705	0.564163000969
-0.140000803814	-0.856492210593	0.496810699384
0.705701838766	0.265640695793	0.656825652184
-0.694539194424	0.442556341949	0.567238215135
-0.161363655972	-0.859716381957	0.484612715908
0.704880628656	0.243284265974	0.666300267575
-0.690727906755	0.44911077678	0.566740203532
-0.168514329241	-0.851834780631	0.495964151619
0.710782163682	0.243595364317	0.659886370722
-0.68292872906	0.463722775999	0.564419651186
-0.160792275061	-0.857686855585	0.48838414782
0.695824227541	0.252425534584	0.672391238035
-0.699981758657	0.447944851936	0.556211234296
-0.159911243879	-0.85232151064	0.497972320765
0.702704186114	0.256004372993	0.663828731713
-0.69327859953	0.456080914673	0.557991918448
0.804025970052	0.212075716706	-0.555487291273
0.237569919678	0.741838138693	0.627085887602
0.545071347299	-0.636160410234	0.5460743181
0.795285635357	0.18107369692	-0.57856121218
0.292472900458	0.721344015152	0.627791698494
0.531018231752	-0.668487195453	0.520715384049
0.776373405959	0.230261339306	-0.586706099258
0.252677588224	0.739084438266	0.62442631731
0.577406587853	-0.63303546896	0.515623622753
0.778048000315	0.230224838833	-0.584497925778
0.250787502507	0.739237125788	0.625007273214
0.575974765281	-0.632870434267	0.517424455134
0.790146896517	0.189191278446	-0.582987595531
0.265279110897	0.75190016907	0.603550430803
0.552534948853	-0.631547931166	0.543923090971
0.795243776884	0.216792681501	-0.566205144772
0.271398597643	0.707804621229	0.652192774906
0.542153238407	-0.67231952797	0.50403999055
0.783151487702	0.196644511997	-0.589919212573
0.273859319269	0.742652379729	0.611120699364
0.558278438336	-0.640154959243	0.527756383863
0.784992705935	0.223639955163	-0.577729709731
0.25545865798	0.732733433455	0.630747638815
0.564382247342	-0.642718352206	0.518059637844
0.937754566635	-0.186158876488	0.293191483427
0.0655077364354	0.923863210819	0.37707493256
-0.341064670871	-0.33439742972	0.87855179144
0.945637007864	-0.160134238576	0.283068321076
0.0466622846073	0.928179346406	0.369196060802
-0.32185909954	-0.335916843508	0.885192969374
0.953641252897	-0.1653808311	0.251430987084
0.0703752234207	0.934854755247	0.347985508641
-0.292601586616	-0.314158824483	0.903154773042
0.964163350993	-0.148579894598	0.219802292249
0.0561487869957	0.923983207365	0.37828870794
-0.259299723246	-0.352390476258	0.899213326304
0.948372066331	-0.159054057329	0.274394298609
0.0426177367279	0.921222660796	0.386694373442
-0.314283554737	-0.355036078142	0.880440362262
0.953859068883	-0.165942714617	0.250231678019
0.059944475934	0.921867821954	0.382839887568
-0.294210021963	-0.350175292066	0.889279331271
0.951012213985	-0.172087222761	0.256830208035
0.0667714323346	0.925480214408	0.372864515962
-0.301856495409	-0.337449787675	0.891633498186
0.954429741527	-0.17019889962	0.245145271415
0.0632366864748	0.918118459929	0.391228343668
-0.291659032112	-0.357897792635	0.887042378689
-0.619372082744	0.723277143319	-0.305365767865
0.343658886035	-0.099942249371	-0.933761221313
-0.705887135653	-0.683287364387	-0.186659109656
-0.632563772905	0.725524233473	-0.271066907078
0.332204179657	-0.0619951373597	-0.941167748668
-0.699644956023	-0.685398376682	-0.201806125717
-0.567848848062	0.772441795956	-0.284397535481
0.333670369279	-0.0998352140284	-0.93738862592
-0.752470843949	-0.627189782441	-0.201049908922
-0.567610967956	0.781086624175	-0.260232658961
0.346970230848	-0.0596948067496	-0.935974301465
-0.746611686328	-0.621562482483	-0.237130185138
-0.618972251107	0.735330448521	-0.275975592792
0.305344806088	-0.0984421476088	-0.947139758857
-0.723628320157	-0.670520920547	-0.163596396609
-0.637020447665	0.719185433061	-0.277447120581
0.32832109061	-0.0725077325831	-0.941778984696
-0.697430895004	-0.691024389893	-0.189934671578
-0.605568505997	0.740611079574	-0.291174062858
0.32013941133	-0.10825731039	-0.941164881408
-0.728558757673	-0.663155943572	-0.171541731749
-0.601682359147	0.747951659238	-0.280262324123
0.350549402511	-0.06800692081	-0.93407193832
-0.717700335293	-0.66026024036	-0.221275585668
0.571886049059	-0.712477498914	0.406598272508
0.548062092398	0.700641479483	0.456869189648
-0.61038863402	-0.0384360132536	0.791168999516
0.582418987317	-0.700970480141	0.411616948414
0.533397128883	0.711657987991	0.457198439549
-0.613413098288	-0.0467257551745	0.788378764422
0.555540360397	-0.711530106225	0.430232283958
0.553830368361	0.702585166542	0.446817645516
-0.620199027172	-0.0099495326244	0.784381396126
0.583666757573	-0.704561058677	0.403641946539
0.543951924645	0.708339084426	0.449857797929
-0.60286765553	-0.0430052238615	0.796681326442
0.582859801866	-0.690674974868	0.428068375865
0.535548791936	0.722719531987	0.436879814332
-0.61111533018	-0.0253881824114	0.791134309327
0.571338161568	-0.706956930891	0.416874807641
0.548128239378	0.706738836069	0.447298169372
-0.610842156843	-0.0270576605081	0.79128992381
0.583001735473	-0.690147692845	0.428725024451
0.53362018378	0.723169710473	0.438491818271
-0.61266506673	-0.0268651686988	0.789885930244
0.562855270767	-0.717792137677	0.409839454953
0.524552301352	0.693394476106	0.494013132354
-0.638779159721	-0.0630756599699	0.766800260562
0.234311202357	-0.948979535823	-0.211035720103
-0.798404911284	-0.063990627358	-0.59871091629
0.554660105116	0.308776625147	-0.772663641982
0.224099242462	-0.949185595581	-0.220966713324
-0.808194563457	-0.0542985489069	-0.586407101074
0.54461099039	0.309997493109	-0.779294903499
0.209158827984	-0.957866865193	-0.196834173322
-0.805925446545	-0.0548494569508	-0.589470748296
0.553838241577	0.281926687369	-0.783441530709
0.21006366556	-0.954400483619	-0.212115882808
-0.812899891387	-0.0499572084035	-0.580257077335
0.543200881308	0.294319938303	-0.786326249708
0.255072387905	-0.943473000393	-0.21165267486
-0.80279727684	-0.084635135774	-0.590214827867
0.538938484007	0.320461711077	-0.779005644395
0.243478487516	-0.942310977208	-0.22971336987
-0.811456430184	-0.0681741708769	-0.58042288176
0.531278337575	0.327722873769	-0.78124324524
0.245256984574	-0.94845909126	-0.200684855856
-0.778051796033	-0.0690772275531	-0.6243907485
0.578346316538	0.309279414654	-0.754891974126
0.224522181108	-0.951067560591	-0.21227415042
-0.815083557047	-0.0639020033315	-0.57580844866
0.534067987036	0.302302943599	-0.789546948394
0.94734183225	-0.20083317691	0.249418286631
-0.113395062923	-0.938808875977	-0.32523718304
0.299474550436	0.27982798391	-0.912146406751
0.944288205103	-0.216166380996	0.248177126028
-0.132278580422	-0.939750655677	-0.315232037377
0.301367163636	0.264841378856	-0.915989645084
0.947357403077	-0.188750091158	0.258626030041
-0.104241314493	-0.945575682724	-0.308257919442
0.302733824803	0.265070933212	-0.915473735426
0.949369196924	-0.188773081425	0.251123091012
-0.0993160240084	-0.938684534161	-0.330160501079
0.298051019936	0.288503644391	-0.9099063391
0.953157793525	-0.181966285871	0.241616476457
-0.0981536095008	-0.941649793364	-0.32196706256
0.286105085294	0.283169898185	-0.91540151068
0.943439671386	-0.21841049545	0.249436177099
-0.135077912142	-0.940287807078	-0.312428520054
0.302779637063	0.261064126163	-0.916607228261
0.94689180477	-0.183040110958	0.26437133962
-0.0960856886629	-0.945672019946	-0.310598039459
0.306860600055	0.268700426985	-0.913036602534
0.940151986504	-0.223055528466	0.257605299239
-0.135905386869	-0.938703149424	-0.316806982519
0.312480375056	0.262836773632	-0.912838090519
-0.996017885733	0.075655719955	0.047103032529
-0.0805140745448	-0.537276457801	-0.839551640568
-0.0382095202211	-0.840003384171	0.541232846304
-0.995218827957	0.0895222693178	0.0388562161784
-0.0828518674281	-0.56465043304	-0.821153668156
-0.051571409746	-0.820453253976	0.569379938969
-0.994601411384	0.0705351322745	0.0760019060463
-0.102543509021	-0.560433673253	-0.821818707866
-0.0153728125378	-0.825182376784	0.564653975537
-0.994669117483	0.0704251038608	0.0754071446186
-0.10129988615	-0.527698911705	-0.843375261165
-0.0196026982689	-0.846512730457	0.532010229528
-0.996550341351	0.0684711768303	0.0465744939518
-0.0764056012954	-0.54339218917	-0.835980845968
-0.0319322663474	-0.836668087522	0.546772390536
-0.996094810713	0.067021723947	0.0574909579413
-0.085142318049	-0.556408612822	-0.826536022059
-0.0234074219657	-0.828202329508	0.559940562484
-0.997606425233	0.059136047031	0.0357584161933
-0.0625766413256	-0.553442567297	-0.830530594579
-0.0293240574871	-0.830782662621	0.555822816451
-0.995103086288	0.0668774282075	0.0727648819019
-0.0966676066183	-0.505483015735	-0.857403280909
-0.0205594813298	-0.860239746744	0.509474497893
-0.989911049521	0.0670198500059	-0.124882376097
0.0655238777302	0.99772187349	0.0160529553889
0.12567374269	0.00770815378045	-0.992047307771
-0.991034330437	0.0459423836857	-0.125440730999
0.0404516112596	0.998123226654	0.0459748514239
0.127317503741	0.0404884822909	-0.991032824766
-0.983875246573	0.0564566151505	-0.16970424025
0.0425266110605	0.995504614883	0.0846288553674
0.173719215704	0.0760473958452	-0.981853252642
-0.985136866747	0.0429340870762	-0.166314320766
0.0303681874359	0.996539410511	0.0773755372316
0.169060824311	0.0711748883873	-0.983031540671
-0.984360579462	0.0675796880243	-0.162685986618
0.0645200251458	0.997627194398	0.0240238787041
0.163923490783	0.0131516599463	-0.986385126292
-0.981970270789	0.0585603844224	-0.179743915064
0.0523141342997	0.997857051905	0.0393006151384
0.181660190957	0.0291888398892	-0.982929496121
-0.985302446324	0.0534855006955	-0.16222126888
0.0348400241456	0.992675352221	0.115679765006
0.167220248712	0.108327912053	-0.979948880622
-0.989208305253	0.0585643495	-0.134323577863
0.0511471661306	0.99700416682	0.0580229893398
0.137319241183	0.0505263976824	-0.989240206933
-0.873184136968	-0.228394164648	-0.430567064852
-0.486638291683	0.359401688654	0.796250230695
-0.0271120793828	0.904802388574	-0.424969905342
-0.878476809695	-0.254688627807	-0.404238727193
-0.474780835	0.370669283481	0.798239533267
-0.0534640478604	0.893161181769	-0.446544731166
-0.868335922114	-0.263202584299	-0.420379304719
-0.492110020432	0.351559226718	0.796388350592
-0.0618230378447	0.898404739962	-0.43479660754
-0.878928922946	-0.23697279309	-0.413916828565
-0.475157617676	0.359842765963	0.802955903342
-0.041333811812	0.902417220404	-0.428875438651
-0.895173646768	-0.23162035465	-0.380811318265
-0.443805096743	0.384097619942	0.809633506046
-0.0412587555816	0.893768084751	-0.44662867185
-0.882066341104	-0.230007731001	-0.411161523294
-0.47105336992	0.415513077434	0.778111241094
-0.00812879109793	0.880025468103	-0.474855591114
-0.89697874973	-0.210651896104	-0.388660657651
-0.440334162817	0.347759202485	0.827750035035
-0.0392065452996	0.913613744485	-0.404690506337
-0.894144411738	-0.228715875624	-0.384964672036
-0.445013710736	0.358432720502	0.820664237875
-0.0497146631848	0.905105542082	-0.422273190265
0.877896237559	-0.00435261055491	-0.478831131359
-0.467806645666	0.205728212358	-0.859553869548
0.102250378231	0.978599492727	0.178571842863
0.883701139966	0.0131900241641	-0.467865702863
-0.461254027109	0.194283813428	-0.865735816814
0.0794796522905	0.980856669091	0.177772780269
0.8852057928	0.0395911757389	-0.463511853649
-0.46095811459	0.20889030396	-0.862486188267
0.0626762814985	0.977137322571	0.203160783092
0.884597957889	0.0334377528251	-0.465154134457
-0.461393481392	0.207849402536	-0.862504884518
0.0678417824463	0.977589145385	0.19929111858
0.894308186836	0.0306901562743	-0.446397781239
-0.441273204631	0.225707298324	-0.868524126583
0.0741000921861	0.973711617416	0.215394629309
0.896800672497	0.028485642834	-0.441516841815
-0.439791738899	0.166310726314	-0.882566692013
0.048288506402	0.985661862713	0.161675321766
0.884720466211	0.0315259484603	-0.465054633389
-0.461863911335	0.193840415882	-0.865510038148
0.062860360076	0.980526396025	0.186055280603
0.903825379622	0.0279305571183	-0.426988959369
-0.422634998946	0.214345639956	-0.880588234857
0.066927909795	0.976358471915	0.205535458432
0.209966305221	0.674539627985	0.707750272798
-0.361862567707	0.726095627628	-0.584671381461
-0.908278393699	-0.133347037779	0.39654625573
0.21379941333	0.662962244384	0.71747534477
-0.374748303063	0.733927115693	-0.566493333744
-0.902138302691	-0.147756726908	0.405357163721
0.203397607692	0.679795817831	0.70463258417
-0.372987671396	0.719207731884	-0.586191472331
-0.905267711564	-0.143589314738	0.399840585397
0.211246122966	0.655463328452	0.725081306091
-0.345590660481	0.743993466115	-0.571874826968
-0.914298731694	-0.129774987519	0.383687739869
0.211406252674	0.663779314996	0.717429047994
-0.342053267716	0.737847259433	-0.581877127038
-0.915591054984	-0.122386477636	0.383033401961
0.209118993453	0.686206331423	0.696699445513
-0.339068004915	0.719134449111	-0.606529910372
-0.917225236627	-0.10939156662	0.383055283887
0.21304704182	0.653098150256	0.726686838724
-0.376319543359	0.741231096022	-0.555841760526
-0.901662107847	-0.155046017656	0.403690690708
0.202900055333	0.659565530047	0.723743668989
-0.351588406339	0.73890195997	-0.574812571537
-0.913902171656	-0.137830371987	0.381818836827
-0.46282925329	0.790671330961	0.40077882121
0.857282442125	0.284230919764	0.429275566169
0.225503063301	0.542263352701	-0.809378495614
-0.464622004579	0.784388659173	0.410914730694
0.847790417844	0.260061383507	0.462184463672
0.255671453145	0.563114111356	-0.785826014039
-0.468163689255	0.793523930342	0.388781634516
0.841410182745	0.265916698695	0.470448219665
0.26992645616	0.547368609794	-0.792172862786
-0.467453177523	0.78599175785	0.404608571002
0.847753077488	0.26881352495	0.45722621132
0.250610970923	0.556738758574	-0.791985168511
-0.423917081586	0.797592859182	0.429117905442
0.87176923028	0.230853018336	0.432118620134
0.245591031853	0.557273473001	-0.793179764966
-0.459589913229	0.786073927204	0.413359610622
0.842103544991	0.237804499987	0.484057130035
0.282205609863	0.570558907207	-0.771248387028
-0.45107815319	0.797648089062	0.400367568246
0.856667237412	0.261139977048	0.444894722002
0.250315616838	0.543661287325	-0.801114617243
-0.476126866201	0.772552548927	0.420083436588
0.855111359638	0.295290210723	0.426134157193
0.205163586357	0.562110590947	-0.801214619587
-0.827347422706	0.545425944926	0.134187303544
-0.522594458459	-0.835041834628	0.172045388746
0.205890081884	0.0722158043856	0.9759068319
-0.825127482561	0.542704508477	0.156959340629
-0.511466040439	-0.835601022838	0.200432530942
0.239931047616	0.0851030343793	0.967052512519
-0.836821065086	0.53670078562	0.108084795601
-0.515215754049	-0.838779923872	0.176069636527
0.185156104691	0.091651824001	0.978425855537
-0.838148866645	0.537652659747	0.0918501921186
-0.509367417958	-0.831761795126	0.220720437236
0.195068382491	0.138211053677	0.971002593467
-0.818416463983	0.560787117927	0.125347330123
-0.544123136551	-0.826436243274	0.144681719183
0.184727250487	0.0502055371695	0.981506619152
-0.838895292394	0.526219490278	0.139093520735
-0.492832508576	-0.842826912115	0.216236408146
0.231019648407	0.112849961313	0.966382323387
-0.826403570985	0.557911406861	0.0761090096934
-0.532629836692	-0.818387474111	0.215749804475
0.182655895959	0.137758423188	0.973478016678
-0.858809606292	0.504659881516	0.0881181008455
-0.483536580877	-0.85533749798	0.185985145762
0.169229934299	0.117117477252	0.978593240179
-0.036284903775	0.56869427094	-0.821748269528
0.499152280183	0.722683553722	0.478095679502
0.865754233868	-0.39282986619	-0.31008754525
0.0102126492042	0.567196015626	-0.823519510848
0.495737765342	0.71235709826	0.496781071975
0.8684122137	-0.413323172973	-0.27390543215
-0.00741800277688	0.58192013004	-0.813212079021
0.521174175526	0.696297992673	0.493504375952
0.853418069867	-0.42016431616	-0.308446884373
0.0136834949212	0.577033981923	-0.816605485171
0.521437928323	0.692723581704	0.498233396878
0.85317947796	-0.432626645694	-0.291408524464
0.0075194100968	0.572171976577	-0.820099186183
0.484722783576	0.715242851165	0.503459515105
0.874635506391	-0.401306478252	-0.271966588821
0.00743078659677	0.577593431422	-0.816290731229
0.471528932997	0.717836783073	0.512221439424
0.881819253169	-0.38871090239	-0.267017922271
-0.0279587131529	0.574213794961	-0.818227837392
0.522767595543	0.706088347507	0.477653929953
0.852016617946	-0.414388408895	-0.319921686456
-0.00342171987845	0.562458027843	-0.826818741981
0.487835992816	0.722701076504	0.48961126495
0.872928582009	-0.401676628107	-0.276860151019
0.737202192161	-0.671692731085	0.0732242520175
0.66928714305	0.711071410948	-0.215481218929
0.0926694999656	0.207861277228	0.973758723723
0.735478530708	-0.676115672908	0.0440331999253
0.665143031755	0.708107533191	-0.236998867523
0.129058409859	0.203595954645	0.970511521589
0.728930393502	-0.679088784991	0.0865962563151
0.679575131597	0.702501150037	-0.211352273653
0.0826929865473	0.212909758259	0.973566282079
0.711870139079	-0.69643645369	0.0906486164622
0.696040104996	0.682402391642	-0.223282665668
0.0936433549814	0.222043334784	0.970529587188
0.743245308542	-0.667382054665	0.0467717941833
0.657028979919	0.714962682691	-0.239042418383
0.126092534138	0.208397580005	0.969882013983
0.710162572	-0.703178345907	0.0347755490724
0.689473927271	0.684628325487	-0.236452455072
0.142459919203	0.191896518321	0.971020544603
0.722798562556	-0.687131528793	0.0735697449948
0.681989903512	0.69206890203	-0.236496119271
0.111588604918	0.221112878551	0.968843165331
0.695785571302	-0.716077431725	0.0558171444199
0.710878506614	0.675457469762	-0.195982036553
0.102636205461	0.176040681638	0.979017613707
-0.216865594452	-0.920276420372	0.32566993145
-0.953615205543	0.271059034998	0.130939708076
-0.208776516638	-0.282167463578	-0.936372967612
-0.189331691234	-0.926929910997	0.323967264005
-0.958210965017	0.246470470463	0.145204226692
-0.214442520431	-0.282937203328	-0.934859076667
-0.19821778175	-0.933150646774	0.299899503983
-0.967135009853	0.235915361228	0.0948361673185
-0.159247338378	-0.271245085376	-0.949245280259
-0.175692541704	-0.925088066266	0.336665163895
-0.972322541878	0.216569491894	0.0876699382116
-0.154013757447	-0.311944246883	-0.937533617489
-0.174156966179	-0.928017462614	0.329322001644
-0.961252058866	0.232792100401	0.147656167542
-0.213691064409	-0.290846099461	-0.932601062709
-0.18922096719	-0.925648889218	0.327672948426
-0.955800614034	0.25010317718	0.154575509146
-0.22503469389	-0.283941077873	-0.932060541782
-0.171574331981	-0.929704065495	0.325901866252
-0.975799019509	0.205895627671	0.0736401778586
-0.135565295523	-0.30538001387	-0.942530714661
-0.196558672491	-0.92430521286	0.327145709202
-0.967974853878	0.236073282596	0.0854045080922
-0.156170175865	-0.299881845436	-0.941106452397
0.0920121392288	0.930818917071	0.353706154862
0.84764772824	-0.259612474374	0.462700879099
0.522518161574	0.257244860651	-0.812893675143
0.0929084738059	0.920472400389	0.379602344622
0.867808716498	-0.261770852998	0.422354315714
0.488134624351	0.290182178215	-0.823114581664
0.0640534731469	0.930854747087	0.359739410798
0.875438878328	-0.225468531537	0.42752587394
0.479071783941	0.287543113987	-0.829349516197
0.0829708003471	0.920757325317	0.381208796803
0.866606565143	-0.255534520266	0.428594114154
0.492043961588	0.294797899096	-0.819135929226
0.100749462603	0.926236896094	0.363228837185
0.847040204581	-0.271365608273	0.457038517519
0.521893540554	0.261622871681	-0.811899914938
0.0738158102531	0.91876460377	0.38785348716
0.880102587379	-0.24292824476	0.40794039573
0.469018294241	0.311235495465	-0.82654043694
0.107349910658	0.930658081783	0.34979291186
0.871295014633	-0.257526666357	0.417767895183
0.478878422829	0.259924126586	-0.838523831267
0.0913594933887	0.930508112656	0.354689664604
0.879705047356	-0.242322685549	0.409138342338
0.466657407047	0.274644872146	-0.84071059138
0.934113931983	0.00586718572144	-0.356926714387
-0.0333874065445	-0.994045265769	-0.103718427427
-0.355410163608	0.10880168765	-0.928355582985
0.934515297917	0.0266673849961	-0.354923067529
-0.0236077601025	-0.99035479194	-0.136570375811
-0.355139700611	0.136006045688	-0.924872521528
0.932263911258	0.00917648882597	-0.361662165462
-0.0379654310179	-0.99167298732	-0.123025918095
-0.359780983269	0.128423294337	-0.924152279031
0.928749010481	0.013146217709	-0.370476070929
-0.0390822805636	-0.990330372047	-0.133117208031
-0.368643347311	0.138111522647	-0.919254635477
0.940565893017	0.0305892775108	-0.338230444309
-0.0146075267072	-0.991365229947	-0.130279588102
-0.339296562787	0.12747724116	-0.931997225731
0.939445800594	-0.0120485198147	-0.342485799857
-0.0448260564751	-0.995117376643	-0.0879511123772
-0.339753314325	0.0979775825267	-0.935399029696
0.924216632648	0.0312977496002	-0.380583862488
-0.0247236371573	-0.989640528239	-0.141423541608
-0.381067405169	0.140115406809	-0.913868451914
0.930432967092	0.0146588893796	-0.366168740881
-0.038748728465	-0.989661930208	-0.138079585842
-0.364407691848	0.142662373968	-0.920246008975
0.806002969171	0.173659076941	0.565863715777
-0.573429251063	-0.00794237994646	0.81921660419
0.146758692631	-0.984773819489	0.0931796079335
0.814649259142	0.137532766228	0.563410439199
-0.567091409797	-0.014561103641	0.823526143068
0.121465705937	-0.990390182501	0.0661314578533
0.806755871775	0.133343856252	0.575642581533
-0.577174652898	-0.0308075190098	0.81603941644
0.126547958205	-0.990590896956	0.0521085454366
0.805702091152	0.134566780332	0.576832658667
-0.580068517324	-0.0177954878401	0.814373259157
0.119852616507	-0.990744705588	0.0637200951279
0.820102942515	0.167174198972	0.547251272487
-0.554372391357	-0.00484513515161	0.832254648971
0.141783002305	-0.985915481282	0.0887032475468
0.841226675008	0.127675293117	0.525391950262
-0.533986912937	0.0437326905019	0.844360960916
0.0848272284395	-0.990851388976	0.104966041021
0.803384051746	0.144816157524	0.577583187731
-0.57927470177	-0.0345511893215	0.814399777429
0.13789444557	-0.988855124934	0.0561304672302
0.850293384128	0.12692946073	0.510773997389
-0.514599220191	-0.0030745524424	0.857425339702
0.110402930163	-0.991906992909	0.0627035273904
0.198864585748	-0.680958593104	-0.704803690693
0.978998279359	0.105091125792	0.174694568732
-0.0448911678106	-0.724742173336	0.687556218856
0.180328757445	-0.696767740347	-0.694259528514
0.982279486559	0.0909184022081	0.163892941331
-0.0510743302074	-0.711511491084	0.700815827877
0.227729378088	-0.662537092164	-0.713571250697
0.972829526469	0.123396247716	0.195898127
-0.0417377616069	-0.738794941266	0.672636598135
0.211161877433	-0.688908807514	-0.69340848192
0.975950904609	0.109309839063	0.188603282173
-0.0541340896429	-0.716558456222	0.695423239191
0.16470724284	-0.674192061321	-0.719955964259
0.986219892605	0.101059294994	0.130986046324
-0.0155515095803	-0.731609243622	0.681546818573
0.175923103133	-0.670283415929	-0.720951610159
0.980069240913	0.050605825075	0.192102463842
-0.0922787346954	-0.740377752184	0.665826874897
0.146913210623	-0.666974494619	-0.730452968398
0.987998475867	0.0633339089772	0.140882345629
-0.0477024862857	-0.742383894729	0.668274366079
0.231737922286	-0.675749535618	-0.69975717262
0.971966271343	0.131459606285	0.194935731593
-0.0397379276209	-0.725314371285	0.687269932396
-0.479206661343	0.369206579849	-0.796271013701
-0.851068017557	0.0263343523135	0.524394664716
0.214579251921	0.928974184942	0.301600285196
-0.467569458904	0.340359534866	-0.815802827909
-0.85615289604	0.0552765078866	0.513757499895
0.219957008526	0.938669237337	0.265554156918
-0.484831375445	0.394302499784	-0.780681784172
-0.849405395495	0.000454378453391	0.527740702292
0.208444197755	0.918980583808	0.33470239094
-0.483519443659	0.390975414658	-0.783164918224
-0.842236043071	0.0359013342525	0.537912276859
0.23842716237	0.919700709458	0.311934523987
-0.489895109346	0.355863109391	-0.795841868761
-0.832703485925	0.0792428422836	0.54801962365
0.258084748147	0.931172406567	0.257507742345
-0.486911723133	0.368600876687	-0.791865058859
-0.838675735833	0.0559682876053	0.541747634853
0.244007966797	0.92790133282	0.281885051499
-0.521475055223	0.390692367019	-0.758566670166
-0.826912866173	-0.0121557698193	0.562198763876
0.210425831331	0.920441096812	0.329407382708
-0.487731143668	0.389867196889	-0.781102967305
-0.832206477313	0.0626565292658	0.550914243745
0.263724583345	0.918737010049	0.293890497498
-0.289329763279	0.884992611048	0.364796231362
-0.177358034614	-0.4240596127	0.888097679556
0.940655271384	0.19225358063	0.279653676285
-0.300925098041	0.869754654596	0.391114807237
-0.203423502615	-0.459229416124	0.864712132411
0.931698894608	0.180651692943	0.315122301995
-0.25177911674	0.879885336874	0.403000062558
-0.167684385064	-0.449779288543	0.877257382727
0.953146999929	0.1532982795	0.260788079241
-0.26730649862	0.87145900079	0.411225553574
-0.183944157278	-0.46505352241	0.865961765934
0.94589206201	0.155834665586	0.284611612153
-0.26033337741	0.876743192258	0.40441059858
-0.164197271285	-0.452953860265	0.87628310789
0.951454577748	0.161722614063	0.261877828601
-0.268458787417	0.878946952347	0.394185486812
-0.168724842544	-0.445785689504	0.879094488111
0.948399636525	0.169491729822	0.267975222102
-0.260557042711	0.87600669973	0.405859913777
-0.14107980616	-0.450414859701	0.881602472515
0.955095019292	0.172449103446	0.240945634646
-0.272289539141	0.879230790989	0.390911340888
-0.177713325961	-0.445225187666	0.877606156931
0.945661902602	0.169492799506	0.277481147465
0.166640322382	0.76517757113	-0.621877140655
0.64626845057	-0.561090834464	-0.517212084505
-0.744691199912	-0.315712741587	-0.588008976303
0.176391028875	0.761655664386	-0.623515403597
0.652887201252	-0.564586520576	-0.5049644647
-0.736633634893	-0.318011724746	-0.5968654444
0.14272396751	0.748278135062	-0.647848610658
0.627698653937	-0.574510705279	-0.52528887068
-0.765259687681	-0.331683328497	-0.551688660691
0.162127775808	0.745388123215	-0.64661179813
0.633763643922	-0.580916251575	-0.510756121047
-0.756342459045	-0.326993451484	-0.56658035971
0.134957853403	0.773719434931	-0.618987299013
0.621185724928	-0.552762767074	-0.555502302177
-0.771955526877	-0.309536344535	-0.555223474885
0.169833395324	0.774286344825	-0.609618832819
0.635663345634	-0.558779715429	-0.532628668529
-0.753051509612	-0.297055287343	-0.587083865076
0.129730695006	0.766255824209	-0.629300586934
0.612437395693	-0.561049928992	-0.556900814079
-0.779799751992	-0.313161447547	-0.5420677239
0.155110271672	0.738698067313	-0.655950524115
0.625182392245	-0.587516748248	-0.513790491684
-0.76491365602	-0.330391976698	-0.552953572609
-0.194501725406	0.454177129388	-0.869420608683
-0.922182929396	-0.38673026013	0.00428116751432
-0.334286859436	0.802597544729	0.494054115144
-0.17909240332	0.486222265877	-0.855285814251
-0.917858303867	-0.395560730354	-0.0326779486742
-0.354206225123	0.779178812901	0.517125061842
-0.191693793171	0.417605951528	-0.888177240953
-0.912681862613	-0.408642137526	0.00484593438747
-0.360922927722	0.811552176185	0.459475493752
-0.176205708307	0.433669048148	-0.88367567633
-0.91590590517	-0.401140726843	-0.0142297314685
-0.360649299367	0.806856411675	0.467883331558
-0.165094679723	0.459164895083	-0.872875342193
-0.929682724212	-0.367935401791	-0.0177085447149
-0.329292872968	0.808573533685	0.487621832963
-0.168312268193	0.462562463479	-0.870463625505
-0.92028851132	-0.390136333541	-0.0293712123842
-0.353185520484	0.796134146714	0.49135567354
-0.175690022531	0.410164916781	-0.89492892357
-0.919121181699	-0.393974951234	-0.000127704619722
-0.352631947719	0.82252568592	0.446208712873
-0.196717428576	0.422087760151	-0.884954338475
-0.913869886219	-0.405894868225	0.00954950651836
-0.355167692109	0.810611673209	0.465579883633
0.925460844977	0.148581161194	0.348490833743
0.0720098456674	0.834119558614	-0.546862999453
-0.371936560171	0.531195064531	0.761245685059
0.928042564424	0.201938866347	0.312981937123
0.00832213339245	0.828826844089	-0.559443299029
-0.372381176757	0.521791871335	0.767506027662
0.94822978665	0.1468500803	0.281594258243
0.0337486463376	0.835059514791	-0.549123517706
-0.315786797112	0.530198701189	0.786872314103
0.945361244293	0.177056785059	0.273757215762
0.00333741106205	0.834382830881	-0.551175248737
-0.326007637954	0.521973359471	0.788202279904
0.938477445937	0.155691218659	0.308253675984
0.0395099344694	0.838340803424	-0.543712851279
-0.343072950556	0.522441330678	0.780612586149
0.933186783238	0.186391339226	0.307279506473
0.0112780430902	0.839390005696	-0.543412570072
-0.359214743825	0.510570939468	0.781205529817
0.948185448489	0.177610497618	0.263436645442
-0.00402934041459	0.835809495679	-0.549004781916
-0.31769186241	0.519496869371	0.79321805469
0.943982201773	0.182106661181	0.275199502295
-0.00142083918781	0.836182270809	-0.548449805701
-0.329993308002	0.517335840737	0.789599925415
-0.0532541283746	-0.832977407723	-0.550738288831
-0.0433342877021	0.552929084435	-0.832100702109
0.997640297938	-0.0204469353278	-0.0655422446012
-0.0956830920518	-0.878735127307	-0.467620883842
-0.0406371042197	0.472833011062	-0.880214493479
0.994581992964	-0.0652188991561	-0.0809513678244
-0.0796873253759	-0.839849560721	-0.536938184673
-0.0234583199152	0.540081974041	-0.84128541838
0.99654383046	-0.0544441301714	-0.0627391407429
-0.059394037175	-0.873558788427	-0.483081191834
-0.0114936240543	0.484501870537	-0.874714728713
0.99816846842	-0.0464004653393	-0.0388168901515
-0.0418786809163	-0.842038936165	-0.537788569579
-0.021367778254	0.538892530315	-0.842103456856
0.998894155374	-0.0237748602045	-0.0405605961691
-0.0393926757078	-0.871104890392	-0.489514538406
0.00378486569547	0.489761198494	-0.871848405064
0.999216637255	-0.0361971898981	-0.0159959880935
-0.0845640411393	-0.84675478096	-0.525219278323
-0.0195266259731	0.528414390636	-0.848762012669
0.996226711286	-0.0615189742533	-0.0612191262033
-0.0983082122165	-0.8542786111	-0.510434670727
-0.0223604832647	0.514685964375	-0.857087141551
0.994904772956	-0.0728451373951	-0.0696999403116
0.934670605993	-0.125202071789	0.332739088592
-0.0641362862018	0.86119691752	0.504208696246
-0.349681850615	-0.492609697223	0.796905448856
0.933472472748	-0.0856697718843	0.348266896744
-0.120959312771	0.838956375673	0.530585564154
-0.33763587759	-0.53741314314	0.772780125799
0.907290229764	-0.151066918033	0.392432445684
-0.0757113509954	0.859303631247	0.505831058164
-0.413632964692	-0.488647167544	0.768200308583
0.914974875507	-0.14471502741	0.376667676242
-0.0702290474361	0.862116799303	0.501819196257
-0.397352310149	-0.485604968753	0.778652012587
0.907203183854	-0.138113144405	0.397375318596
-0.0979457307534	0.849274891791	0.518785884621
-0.409132030418	-0.509565422294	0.756937292942
0.912572910991	-0.11079186104	0.393618908338
-0.122257715983	0.844641207948	0.521185456015
-0.390209856816	-0.523742677473	0.757251526001
0.927950269658	-0.10253438681	0.358322473431
-0.0964761260112	0.862562017729	0.496668017524
-0.360000906324	-0.495452784878	0.790522536526
0.937735535674	-0.0785564077653	0.338350348073
-0.11467913963	0.849451827346	0.515053679773
-0.327873088521	-0.521785865	0.787552383084
-0.953743419069	-0.278481686229	-0.113237285789
0.261983579284	-0.954679179274	0.141256898297
-0.14744265544	0.105056449426	0.983475376557
-0.956964760614	-0.26013187546	-0.128653267586
0.248605137284	-0.963531469828	0.0990172075251
-0.149718875253	0.0627720402697	0.986733977127
-0.969099731605	-0.228248050341	-0.0935286904621
0.219649473301	-0.971052725839	0.0938604806437
-0.112244809692	0.0704166774525	0.991182420196
-0.955259645673	-0.26400686211	-0.133339552451
0.252130350405	-0.962560239502	0.099539550237
-0.154626472164	0.0614671653431	0.986059045924
-0.965141156062	-0.253764921689	-0.0640824511151
0.243401071167	-0.960244691072	0.13669929537
-0.0962242930631	0.116336337058	0.988537680556
-0.969754358035	-0.22506151271	-0.0944657777075
0.213516228674	-0.969730510381	0.118463242904
-0.118267864418	0.09471027042	0.988454691334
-0.955696136847	-0.254057835903	-0.148665935954
0.234522465501	-0.962403264653	0.13704461636
-0.177893669566	0.0961073863691	0.979345309005
-0.953513525203	-0.25453690461	-0.161323615173
0.237557612144	-0.964263961223	0.117319199215
-0.185420402149	0.0735416737896	0.979903526498
0.216959822475	-0.132861083612	0.967096900868
0.264963829652	-0.945487523541	-0.189334704959
0.939533209728	0.29732371918	-0.169929471281
0.192836101427	-0.117207295052	0.974205463978
0.265786775597	-0.949483922946	-0.166843337405
0.944548159691	0.291104378712	-0.151942229507
0.181103061817	-0.161380882932	0.97013315516
0.226141874121	-0.953178765895	-0.200776391658
0.957111268811	0.255748934117	-0.136129064261
0.201745299041	-0.119432353974	0.972128635416
0.243507167696	-0.95525605951	-0.167894297835
0.948684578905	0.270592218641	-0.163635124551
0.19948795444	-0.138210047425	0.970104640011
0.269931833803	-0.943949800004	-0.189991396148
0.941988235001	0.299763086956	-0.150999794654
0.200052004381	-0.158910670214	0.966812512594
0.26967070169	-0.939717630985	-0.210257220741
0.941943070608	0.302783396367	-0.145138684297
0.208373856459	-0.124682377583	0.970069385927
0.241298187965	-0.954628013383	-0.17452929126
0.947816170614	0.270443328154	-0.168833861799
0.189035837173	-0.151837074733	0.970160120488
0.2317535043	-0.953165113664	-0.194334421455
0.954230302334	0.261574189962	-0.144993295967
-0.357073071191	-0.239993890537	0.90271899965
0.840612182604	-0.503941100449	0.198530466673
0.407271185186	0.82972653341	0.381685718438
-0.335603537055	-0.233527863497	0.912597937294
0.845281800157	-0.5022509786	0.182325599194
0.415775103279	0.832591546179	0.365954064131
-0.33758336417	-0.230862715381	0.912545816645
0.847592583758	-0.496222207083	0.188016808813
0.409419433817	0.836938417737	0.363193896834
-0.319562292214	-0.24666544585	0.914896797115
0.860771732643	-0.479247286828	0.171447130544
0.396171699935	0.842305320007	0.365471963595
-0.332457193905	-0.252265060786	0.908754407653
0.855798160191	-0.485619490179	0.178278552225
0.396335392484	0.836980329683	0.377335651352
-0.338597190281	-0.233440499532	0.911513894313
0.847087849153	-0.497357464804	0.187290800426
0.409626930469	0.83554844341	0.366148365575
-0.33163685454	-0.266770982382	0.904903381638
0.852401262882	-0.495757144662	0.166243247921
0.404263495974	0.826473213965	0.391807353654
-0.329074913295	-0.246907827176	0.911452850007
0.854283201776	-0.489130334177	0.175931257667
0.402380397224	0.836533395114	0.37188967257
0.627516269782	0.48754910487	-0.607058000177
0.179580443681	-0.84928387401	-0.496456270423
-0.757610988229	0.202518726382	-0.62049390596
0.601026007808	0.529252598821	-0.598881644262
0.195815975605	-0.823997985636	-0.531678949755
-0.774870080007	0.202282200295	-0.598880176722
0.636420890815	0.490572713522	-0.595236798903
0.178290359882	-0.844350484398	-0.50525709036
-0.750453850409	0.215431178183	-0.624826660483
0.639397171667	0.483135727287	-0.598122877084
0.183661830665	-0.851370229525	-0.491361674522
-0.746618670427	0.20432286277	-0.633097188701
0.63308319081	0.503456776855	-0.587993924696
0.187518378613	-0.836719933657	-0.514525169841
-0.751027588922	0.215477531442	-0.624120651358
0.642985061475	0.509303051462	-0.571996844866
0.194553914894	-0.830967986041	-0.52119079239
-0.740755535224	0.223833575777	-0.633386731723
0.625778357799	0.505113640316	-0.5943581465
0.191275873669	-0.838105489509	-0.510874229407
-0.756184459042	0.206007641816	-0.62108428948
0.622152807448	0.512242293539	-0.592058802754
0.175787797752	-0.828333513984	-0.531941537727
-0.762905265004	0.226872171294	-0.605395893599
-0.377520325331	0.118461291737	0.918392783131
0.802453483886	0.536790887864	0.260622219765
-0.462111228977	0.835357682431	-0.297709142502
-0.368763707931	0.103914250931	0.923696450268
0.804391523203	0.533649069496	0.261099482711
-0.465797790016	0.839297617611	-0.280378147342
-0.322677381786	0.0936988246234	0.941859769806
0.823083761016	0.519110168986	0.230342680806
-0.467346143738	0.84955585956	-0.244627088716
-0.33258117002	0.104899624986	0.937222408716
0.809236059588	0.542068374974	0.226492560442
-0.484279645022	0.833761326011	-0.265170295403
-0.334597718202	0.0643648278277	0.940160333947
0.801780126647	0.543673573319	0.248128285406
-0.495169580146	0.836825063226	-0.233518359682
-0.30563651644	0.068044834097	0.949713771019
0.798736043532	0.56125096818	0.216836556839
-0.518273170319	0.824843779253	-0.225888657593
-0.34142945731	0.0882270694036	0.935757447589
0.792960560348	0.561548849581	0.236382040245
-0.504618238103	0.822726505858	-0.261689922898
-0.316277714038	0.106167704982	0.942707166793
0.814134151859	0.540487021177	0.212271888018
-0.486984565137	0.83462697661	-0.257378749309
0.736060522873	-0.267665245709	-0.621747721933
0.520883700672	-0.362639129295	0.772769737696
-0.432313640617	-0.892663549925	-0.127501889847
0.762158949336	-0.271208894945	-0.58784307282
0.482206242584	-0.368042297651	0.794998142819
-0.431961667943	-0.889376547237	-0.149728115426
0.747774909423	-0.304863682827	-0.58982270587
0.492224046151	-0.341638854972	0.800623760444
-0.445587452536	-0.889011277932	-0.105407732829
0.747523331903	-0.34178290955	-0.569555363957
0.476634103141	-0.321206656226	0.818319145663
-0.462632469241	-0.883182164208	-0.0772040809151
0.777359474674	-0.234472005991	-0.583725199423
0.478150636526	-0.382730279667	0.790499459593
-0.408759340963	-0.893610824259	-0.185406054104
0.767748966286	-0.24987947062	-0.590018451041
0.490727791038	-0.36278792114	0.792193881277
-0.41200456006	-0.897744485136	-0.155907248563
0.761287046357	-0.295246733086	-0.577296628649
0.48353858505	-0.334681176378	0.808813287872
-0.43200980037	-0.894884274346	-0.112025254552
0.738865633029	-0.305959962761	-0.60038826262
0.509828872526	-0.328784405582	0.794968726577
-0.440626923194	-0.893470344602	-0.086940263913
-0.995020726452	-0.0455791473053	0.0883801169291
-0.0736642636023	-0.259152721538	-0.963008246918
0.0667988024249	-0.964745483895	0.254533225622
-0.99155052613	-0.0559519619462	0.116439673747
-0.0969466768918	-0.273372445417	-0.956964023801
0.0853824426183	-0.960233398171	0.265726379764
-0.995844551764	-0.0244126342202	0.0880881567709
-0.0777519311721	-0.280514859377	-0.956716126621
0.0480638873987	-0.959559864224	0.277411481386
-0.995422333684	-0.0572651151577	0.0765185297668
-0.0566699665049	-0.291047191734	-0.955028820435
0.0769603385389	-0.954993319114	0.286469661871
-0.988070518145	-0.0616346022186	0.14098692124
-0.120244914859	-0.262391068695	-0.957426948215
0.0960067528978	-0.962977869178	0.251875129349
-0.992144726125	-0.0474320130362	0.115607757289
-0.0989314468517	-0.267012179862	-0.958590375777
0.0763381833029	-0.962513970729	0.260243640081
-0.992793448185	-0.0282253056503	0.11654061865
-0.10383532678	-0.283730407324	-0.953271404258
0.0599717315651	-0.958494380465	0.278743868967
-0.991605591235	-0.0712647227319	0.107887342633
-0.0827168164524	-0.29168405021	-0.952931443142
0.0993794127694	-0.953856250358	0.283340751822
0.737456229772	0.616159390854	0.276597040756
0.267626714157	-0.642599665099	0.71794266265
0.620108264549	-0.455426536388	-0.638789843872
