-0.138372922049	-0.862497935857	0.486775387072
0.711748172675	0.255169186549	0.654448810916
-0.68867082522	0.437019471031	0.578572803038
-0.138282567199	-0.862349995364	0.487063029452
0.71174394251	0.255447721592	0.654344715843
-0.688693305807	0.437148638734	0.578448433205
-0.137916977596	-0.86258286248	0.486754239351
0.711650788681	0.25550550845	0.654423467637
-0.688862859457	0.436655156137	0.578619241745
-0.137972416772	-0.862508951467	0.486869495967
0.711633683402	0.255568471044	0.654417487243
-0.688869434735	0.436764302114	0.578529031964
-0.138163766118	-0.862494953057	0.48683998518
0.711725227454	0.255366077285	0.654396919992
-0.68873646326	0.436910270241	0.578577115231
-0.138187921805	-0.862412083105	0.486980011434
0.71176398997	0.255432330984	0.654328945825
-0.688691625624	0.437035176704	0.578536180235
-0.13806999396	-0.862475152034	0.486901747662
0.711708192807	0.255483509899	0.654369650502
-0.688772929233	0.436880765576	0.578556010372
-0.138178088684	-0.862374775143	0.487048879523
0.711695738105	0.25553416236	0.654363430863
-0.688764139753	0.437049276954	0.578439199136
0.769982813366	0.217925391437	-0.599695746892
0.258756033422	0.752466623357	0.605672596126
0.583242471225	-0.62153238234	0.522996857749
0.769796034711	0.217692698691	-0.600019958059
0.259557749483	0.752047886277	0.605849607844
0.583132777175	-0.622120455843	0.522419653822
0.769646219964	0.217971611794	-0.600110879271
0.259093303259	0.752422663256	0.605583017029
0.583536932142	-0.62156939014	0.52262427368
0.769627449355	0.218031093296	-0.600113347723
0.259035140094	0.752444763142	0.605580443104
0.583587511823	-0.621521776955	0.522624429043
0.769886895319	0.21775451303	-0.599880939109
0.259027868514	0.752452681883	0.605573716027
0.583248431103	-0.621609149116	0.522898971759
0.769861630903	0.218024433265	-0.59981531802
0.259297684441	0.751919561116	0.606120189748
0.583161881535	-0.622159400858	0.522340788931
0.769827182246	0.217674816875	-0.5999864855
0.259195054797	0.752419174336	0.60554381246
0.583252974491	-0.621677616888	0.522812496761
0.769729269263	0.218042538015	-0.599978583417
0.258933186976	0.752432348588	0.605639465484
0.583498460688	-0.621532790032	0.522710752587
0.949598322989	-0.197900371514	0.243101765484
0.103426991143	0.929893469594	0.352988658934
-0.295915330678	-0.310054154605	0.90349351915
0.949734498853	-0.197250380591	0.243098065907
0.102936290725	0.930115458962	0.352546952744
-0.295649289434	-0.309802390556	0.903666961672
0.949720315362	-0.197709584676	0.242780235596
0.10354667709	0.930110290545	0.352381800318
-0.295481654816	-0.309525067901	0.903816808961
0.949855810781	-0.197476980709	0.242439230432
0.103292027987	0.929974610102	0.352814371891
-0.295135045897	-0.310080741338	0.903739585189
0.94970716202	-0.197629865629	0.242896567569
0.103230867165	0.929915022453	0.352989290156
-0.29563439311	-0.31016203364	0.903548459319
0.949797519214	-0.19768137277	0.242501024594
0.10348845481	0.929972587598	0.352762137202
-0.295253809104	-0.30995654628	0.903743396552
0.949737494187	-0.197758273221	0.24267335507
0.103543638252	0.930010246224	0.352646645457
-0.295427498493	-0.309794459194	0.90374221198
0.94979443713	-0.197813690664	0.242405177669
0.10355599129	0.929855633551	0.353050501026
-0.295240043088	-0.310222893082	0.903656501105
-0.609730083164	0.730776047308	-0.306915160263
0.405870979626	-0.0447356208985	-0.91283532448
-0.680807825173	-0.681150460912	-0.269324704805
-0.609800881858	0.730982737985	-0.306278593527
0.40557010695	-0.0442053940171	-0.912994204998
-0.680922336565	-0.680962382793	-0.269508024864
-0.60942768854	0.731160477327	-0.306598340027
0.405719444679	-0.0446402783557	-0.912906987657
-0.681168054097	-0.680743558397	-0.269441127332
-0.609401103507	0.731351610423	-0.306191501282
0.405855652094	-0.0440081571362	-0.91287636142
-0.68110909786	-0.680578344872	-0.27000375658
-0.609806046744	0.730927063978	-0.306400654589
0.405499025143	-0.0444262117467	-0.913014950568
-0.680959818636	-0.681007625872	-0.269298473117
-0.609893963535	0.730863844104	-0.306379034124
0.405528550096	-0.0443271424623	-0.913007209836
-0.68086464604	-0.681082675992	-0.269351607198
-0.609818685405	0.730897634546	-0.306445288111
0.40553477339	-0.044439822674	-0.912998320576
-0.680927025725	-0.681038202759	-0.269303697399
-0.60986026882	0.73089347327	-0.306374588457
0.405773203017	-0.0440932056818	-0.912909650521
-0.680748680082	-0.681065821366	-0.269686379668
0.599480477658	-0.682648364838	0.417868830549
0.534556563561	0.730052089883	0.425761930495
-0.595711700333	-0.0318614357713	0.802566143925
0.599483553572	-0.682643297673	0.417872697197
0.534524675845	0.730055379474	0.425796324219
-0.595737218775	-0.0318946225391	0.802545884186
0.599112937853	-0.682648082572	0.418396083266
0.534553865594	0.730072103589	0.425731004227
-0.596083762496	-0.0314057087411	0.802307814538
0.599389011277	-0.682707445441	0.417903539845
0.53458247918	0.729998267488	0.425821688244
-0.595780494502	-0.0318289359714	0.802516371722
0.599397446247	-0.68248599412	0.418252981951
0.534483317118	0.73021801282	0.425569300065
-0.595860950897	-0.0315359043976	0.802468197401
0.599318624203	-0.682675313241	0.418056936774
0.534569311851	0.730034115392	0.425776749629
-0.595863102165	-0.0316955263135	0.802460314659
0.599443302805	-0.682497623764	0.418168304906
0.534379061855	0.730198173381	0.425734251872
-0.595908345237	-0.0317431649713	0.802424838197
0.599257926139	-0.682781637761	0.417970295241
0.534321962741	0.729915817677	0.426289731993
-0.596145932386	-0.032126789556	0.802233067152
0.228801043036	-0.949263669501	-0.215751441721
-0.819493688594	-0.0681949923025	-0.569016430552
0.525433433648	0.306998517339	-0.793518674791
0.22874303134	-0.949267099652	-0.215797477572
-0.819502602372	-0.0681199397385	-0.569012383266
0.525444633157	0.307004203753	-0.7935088186
0.228655503136	-0.949323733152	-0.215641255143
-0.819554109872	-0.0681645081248	-0.568932963286
0.525402476428	0.306819336738	-0.793608358206
0.228521669441	-0.949320752754	-0.215796166456
-0.819735963478	-0.0680567450431	-0.568683806539
0.525176948511	0.30685245645	-0.793744803807
0.229038874099	-0.949165560729	-0.215930773397
-0.819582857615	-0.0683550260304	-0.568868843001
0.525190727333	0.307266267854	-0.793575785749
0.229037087715	-0.949123026132	-0.216118964242
-0.819549084901	-0.0682206139936	-0.568933321842
0.525243965102	0.307426915756	-0.793477955697
0.229009620918	-0.949219060554	-0.215726112306
-0.819291246547	-0.0682805876555	-0.569297458769
0.525658095896	0.307117108463	-0.793323778472
0.228807373328	-0.949272094199	-0.215707153866
-0.819682059715	-0.0683371466364	-0.568727716623
0.525136559417	0.306940362038	-0.793737345431
0.947295277438	-0.195461103967	0.253823924174
-0.112852888456	-0.945116265314	-0.306624158575
0.299826371779	0.261818841741	-0.917362502258
0.947274350308	-0.195682142645	0.253731779465
-0.113167625636	-0.945146865687	-0.30641625144
0.299773923763	0.261546037417	-0.917458275456
0.94730732519	-0.195388854796	0.253834654647
-0.112888076658	-0.94522217408	-0.306286634255
0.299775113421	0.261492668342	-0.917472965148
0.947345658791	-0.195492532091	0.253611602802
-0.112891715006	-0.945059023148	-0.306786382099
0.299652525205	0.262002086739	-0.917367029048
0.947415111379	-0.195291616548	0.253507011779
-0.11276082002	-0.945114920015	-0.306664793106
0.299482249863	0.261953206448	-0.917437410558
0.947273300671	-0.195760770173	0.253675050163
-0.113297490807	-0.945166400618	-0.306308272735
0.299728191518	0.261416908845	-0.917510112541
0.947314800868	-0.195216645404	0.253939244465
-0.112691958352	-0.945251095076	-0.30626994005
0.299825284199	0.261517140954	-0.91744970697
0.94725248787	-0.195807918856	0.253716442662
-0.113231688688	-0.945074615881	-0.306617683838
0.299818877059	0.261715643932	-0.917395980653
-0.993734207632	0.0818125144592	0.0761364459482
-0.108024337793	-0.528509071372	-0.842025627266
-0.0286494043234	-0.844975222718	0.534037032491
-0.993717636583	0.0820469389021	0.0760895090268
-0.108122082585	-0.528858999351	-0.841792580598
-0.0288258360608	-0.844732758516	0.534410625414
-0.993708703736	0.0817076690389	0.076489834703
-0.108285474043	-0.529035784167	-0.841654911917
-0.0283036058476	-0.844649389666	0.534567618337
-0.993684310931	0.082004362875	0.0766105253038
-0.108528090483	-0.528490475184	-0.841974649032
-0.0285576906267	-0.844970378478	0.53405063264
-0.993740164944	0.0817914542039	0.0761389127901
-0.108017212502	-0.528573338973	-0.841990192361
-0.0286226802537	-0.84494103951	0.534094466247
-0.993719047559	0.0818322424689	0.0762967260222
-0.108183863302	-0.528897197362	-0.84176027772
-0.0285299497057	-0.844729304286	0.53443178766
-0.993752407598	0.0816184814305	0.0760837462558
-0.107889561799	-0.528916503265	-0.841785422204
-0.0284632290886	-0.844737401841	0.534422307642
-0.993718598302	0.0817230020746	0.0764689723887
-0.108249555053	-0.528255072293	-0.842158395361
-0.0284286235533	-0.845145005297	0.533781218679
-0.986035818194	0.0761402142858	-0.148099250552
0.0652708304739	0.994898239135	0.0769233752507
0.153200649264	0.0661827374714	-0.985975030827
-0.986097623299	0.0758250053777	-0.147855239436
0.0649306099666	0.994901170234	0.0771730206309
0.152952996567	0.0664998329578	-0.98599304209
-0.986008367037	0.0757239020927	-0.148495068443
0.0647314644916	0.994887400213	0.0775170413206
0.153605768788	0.0668202427576	-0.985869016504
-0.986035835146	0.0756319689248	-0.148381954298
0.0646903889868	0.994912027488	0.077234846752
0.153468409314	0.0665572930387	-0.985911578747
-0.985966703754	0.0760707188816	-0.14861452569
0.0651670623989	0.994905660941	0.0769154630564
0.15370844315	0.0661511920355	-0.985901164729
-0.985950695345	0.0759398667985	-0.148768071879
0.0650090305978	0.994908269389	0.0770152921709
0.153859119069	0.0662621001634	-0.985867273975
-0.985978679081	0.0759104456923	-0.148617683848
0.064837340655	0.994843440672	0.0779913910004
0.153771684567	0.0672617428276	-0.985816257731
-0.9860414409	0.075877801434	-0.148210692468
0.0649594151535	0.994899149765	0.0771748678041
0.153310549197	0.0664698810531	-0.985940770849
-0.890189863186	-0.220858682213	-0.398477683916
-0.454725850639	0.37684994395	0.806975126628
-0.0280610557189	0.899558723335	-0.435898441359
-0.890185421339	-0.221340197462	-0.398216792197
-0.454706090826	0.377013194768	0.806909426392
-0.0284687120476	0.899371429623	-0.436255867376
-0.890102826382	-0.221206808722	-0.398478651278
-0.454876670873	0.376754364381	0.80693469605
-0.0283707956304	0.899513166757	-0.435972149162
-0.890269995835	-0.22090836237	-0.398273990731
-0.454563382964	0.376861203978	0.80706187212
-0.0281923238736	0.899542233581	-0.435926027442
-0.890380550451	-0.221098307314	-0.397918074208
-0.454337078871	0.377269905781	0.806997827673
-0.0283032514179	0.8993237535	-0.436367167578
-0.890259539217	-0.2210771346	-0.398200219191
-0.45459439396	0.377619507531	0.806689301579
-0.0279723253761	0.899182180016	-0.436679954509
-0.890379474538	-0.22076269071	-0.398107918096
-0.454343652534	0.376695973204	0.807262377416
-0.0282475744613	0.899646894609	-0.43570497142
-0.890380233925	-0.22097594818	-0.397984937195
-0.454330188836	0.376834980659	0.807204595863
-0.0283982291705	0.899535886108	-0.435922274625
0.894960680478	0.0348269089427	-0.444783617514
-0.443418654862	0.17948214294	-0.87816060817
0.0492470965206	0.983144569041	0.17607236209
0.894958185461	0.0349667146937	-0.444777669536
-0.443451132612	0.179206762702	-0.878200450113
0.0489993820321	0.983189842531	0.175888588318
0.894993255556	0.0355033291551	-0.444664572905
-0.443423616323	0.179425537458	-0.878169655498
0.0486062266124	0.983130693738	0.176327662316
0.895014093764	0.0352081247409	-0.444646107296
-0.443347584383	0.179545809211	-0.878183482086
0.048915153106	0.983119370544	0.176305466378
0.895115654547	0.0351574293538	-0.444445631439
-0.443126352205	0.179858974035	-0.87823105096
0.0490611875708	0.983063933857	0.176573767099
0.895159804027	0.0350060477843	-0.444368654689
-0.443060970307	0.179120476021	-0.878414951455
0.0488456880545	0.983204163421	0.175851264002
0.894972723129	0.0352993027665	-0.444722141739
-0.443448154499	0.179345979161	-0.878173529755
0.0487602132892	0.983152568687	0.176163170371
0.895154769591	0.0352688845057	-0.44435801207
-0.443059209381	0.17987546283	-0.878261546528
0.048953795443	0.983056922519	0.176642583235
0.192821967943	0.685367594252	0.702204349764
-0.376431633939	0.712546384759	-0.592095325369
-0.906156119578	-0.150162945169	0.395388639695
0.192788066322	0.685331281759	0.702249096066
-0.37674022045	0.712521067104	-0.591929501064
-0.90603507933	-0.150448536642	0.395557417763
0.192803106204	0.685465761302	0.702113700375
-0.376738748672	0.712410038629	-0.592064059592
-0.906032490268	-0.150361649013	0.395596382744
0.192908818927	0.685108496364	0.702433293547
-0.376168654744	0.712820474864	-0.59193252353
-0.906246835504	-0.150044384878	0.395225698528
0.192965546272	0.685219529549	0.702309377126
-0.376237448772	0.71272341233	-0.592005665416
-0.906206183501	-0.149998406881	0.395336320282
0.192772996544	0.68559026325	0.702000394087
-0.376403067467	0.712356451942	-0.592341972862
-0.906178400297	-0.150047568951	0.395381368828
0.192793197782	0.685265797027	0.70231159536
-0.376957935444	0.712540797521	-0.591767124083
-0.905943433365	-0.150653249767	0.395689396959
0.19284668427	0.685282636349	0.702280474735
-0.375983219679	0.712695695078	-0.592200527625
-0.906337009834	-0.149841765599	0.395095773539
-0.442652505312	0.803708253331	0.397636147047
0.865030644364	0.265936190727	0.425442477684
0.236185194756	0.532289734106	-0.81294993004
-0.442993203355	0.803410257996	0.397863445371
0.864723708333	0.265738516027	0.426191478642
0.236677569836	0.53283977476	-0.812449055747
-0.442780353676	0.803737543912	0.397428730062
0.864768587441	0.26569722859	0.426121219804
0.236894333295	0.532362624814	-0.812692250476
-0.442790714351	0.803592434505	0.397707718592
0.864821901897	0.265691999491	0.426014936012
0.236675533634	0.532583183092	-0.812609763221
-0.442203952463	0.80386161458	0.397828580888
0.865232583398	0.265467685474	0.425326040058
0.236291455181	0.532293310432	-0.812918803715
-0.442614061209	0.80370741228	0.397680261425
0.864881089725	0.265506687645	0.426014227977
0.236803495578	0.532505227437	-0.812628639292
-0.44255905107	0.803758797959	0.39763173991
0.864916560964	0.26552037192	0.425930878877
0.236766865189	0.532418600082	-0.812692451228
-0.44286866212	0.803448146106	0.397912255448
0.864946132423	0.266005739066	0.425566642134
0.236074722332	0.532644210904	-0.812744434631
-0.839339397365	0.521097127409	0.154815418905
-0.484333570986	-0.846169284567	0.222304274352
0.246842099613	0.111606371613	0.962607401266
-0.83928202956	0.521019579826	0.155384515255
-0.484051344933	-0.846189676376	0.22283940996
0.247588460176	0.111811021818	0.962391942676
-0.839447384326	0.520930228594	0.154790055032
-0.484117122527	-0.846240432007	0.222503750109
0.246898513313	0.111843659066	0.962565386671
-0.839471320152	0.520896328711	0.154773725078
-0.483953790641	-0.846199301533	0.223014481957
0.247136844203	0.112310931678	0.962449808889
-0.839276975052	0.521111180152	0.155104847075
-0.484365443622	-0.846203494201	0.222103536127
0.246990875722	0.111278936265	0.962607142117
-0.839442779834	0.520818945938	0.155190488233
-0.48383888883	-0.84627777808	0.222967479855
0.247459879054	0.112081189185	0.962393593302
-0.839408518955	0.521102359513	0.154420868944
-0.484273144981	-0.846088746091	0.22274086026
0.246724532436	0.112188683427	0.962569845343
-0.839674280107	0.520620809551	0.154600556123
-0.48381750131	-0.846401636033	0.222542474255
0.246714378822	0.112064713821	0.962586889795
-0.0176575816502	0.599214772939	-0.800393566916
0.516509096383	0.690897066592	0.50584542658
0.856099620034	-0.40447855089	-0.321699452266
-0.0172228587949	0.59943888941	-0.80023521192
0.516517384436	0.690621555091	0.506213058161
0.856103479791	-0.404616962744	-0.32151508482
-0.0176199196817	0.599299322382	-0.800331104188
0.516895304933	0.690649819076	0.5057885684
0.85586727819	-0.404775436975	-0.321944200368
-0.0173618776624	0.599376024972	-0.80027927121
0.516803743611	0.690567492996	0.505994484038
0.855927813445	-0.404802307277	-0.321749321783
-0.0173385680909	0.599288785433	-0.800345171656
0.516381943202	0.690815072652	0.50608719093
0.856182884012	-0.404508971151	-0.321439651907
-0.0173743000604	0.599509307178	-0.800179179415
0.516323753627	0.690713748905	0.506284798263
0.856217209593	-0.404355173232	-0.321541563733
-0.0177932350165	0.599189293579	-0.800409627713
0.516835582451	0.690799367453	0.50564533898
0.855899738514	-0.404683108839	-0.321973902993
-0.0175942638437	0.599333289978	-0.800306191584
0.516350451824	0.690878176224	0.506033142787
0.856196591715	-0.404335180539	-0.321621507866
0.732855634794	-0.680233487208	0.0143184791376
0.666746309679	0.713814536497	-0.214285238047
0.135543256911	0.16658693705	0.976666175151
0.732748990706	-0.680356111928	0.0139455893832
0.666796359614	0.713751616189	-0.214339093982
0.135873225127	0.166355623187	0.976659753185
0.732764678433	-0.680327841592	0.0144896085233
0.666870227504	0.713706514626	-0.214259433945
0.135425331709	0.166664433281	0.976669312384
0.732602152505	-0.680502095874	0.0145252244847
0.667015394513	0.713504866885	-0.214479059106
0.135589631304	0.166816368574	0.976620576747
0.732965844615	-0.680120423015	0.0140457691441
0.666568920437	0.71393273015	-0.214443312169
0.135819541086	0.166542096853	0.976635439906
0.732672862272	-0.680439036291	0.0138995301902
0.666906196673	0.713728198246	-0.214075188144
0.135744627471	0.166116763847	0.976718289513
0.732739411376	-0.680360432694	0.01423487852
0.666782204082	0.713621326341	-0.214816409261
0.135994273635	0.166896012513	0.976550704325
0.732492787874	-0.680629375347	0.0140702127363
0.667091724506	0.713493949901	-0.214277895348
0.135804817907	0.166343135579	0.976671394499
-0.217765791148	-0.918615088693	0.329733482774
-0.962172971002	0.25872614392	0.0853453506609
-0.163710185114	-0.298675365291	-0.940208310897
-0.217191680793	-0.918759271515	0.329710208381
-0.962252542389	0.258272047796	0.0858217845745
-0.164004466926	-0.298624739509	-0.940172982301
-0.217534597268	-0.918821678842	0.32931009091
-0.962259278978	0.258405911153	0.0853422005934
-0.163509918679	-0.298316834374	-0.940356909805
-0.217091328116	-0.918755551168	0.329787296895
-0.962378760168	0.257995282124	0.0852384789105
-0.163396897074	-0.298875749278	-0.940199367208
-0.217507276387	-0.918699655865	0.329668454336
-0.962273691033	0.258398279116	0.0852028660592
-0.163461588813	-0.298699057836	-0.940244012876
-0.217335973927	-0.918736225236	0.329680750976
-0.962186044324	0.258467697713	0.0859814829767
-0.164206166854	-0.298527298158	-0.940169507561
-0.217383204497	-0.918743772879	0.329627841334
-0.962319298163	0.258245005387	0.0851536339725
-0.163359120865	-0.298696255067	-0.940262990234
-0.217277611548	-0.918738262409	0.329713610359
-0.962315337414	0.258203916906	0.0853247126314
-0.163524466209	-0.298749260071	-0.940217856146
0.116408587945	0.922202787918	0.368763647484
0.869325898213	-0.274163940678	0.411217979715
0.480330191063	0.272708199547	-0.833608991401
0.116424523274	0.922055867767	0.369137098495
0.869450417614	-0.274282750921	0.410889954287
0.480109562579	0.273107231575	-0.833615811633
0.116129728061	0.922192169443	0.368893255535
0.869549943224	-0.273893040206	0.410944303109
0.48000367457	0.273045649363	-0.833700509373
0.11623245542	0.922106112144	0.369068825111
0.869566703937	-0.274034396026	0.410805315021
0.479942941532	0.273180485013	-0.833684731686
0.116491967383	0.922165649511	0.368840422871
0.869313257314	-0.274279648342	0.411180783571
0.480340715887	0.272737402977	-0.833602773028
0.116184177685	0.922066368675	0.36918283786
0.8696633955	-0.273992310019	0.410628062614
0.479779047624	0.273355883487	-0.833721145483
0.116430164148	0.922196428146	0.368783344587
0.86948815998	-0.274107373434	0.410926242185
0.480039318165	0.272807230068	-0.833753863415
0.116351598876	0.922184261626	0.368844067223
0.869663450068	-0.27397919377	0.410647817486
0.479744975932	0.272987790936	-0.833869229141
0.916703178814	-0.0117943690777	-0.399394300838
-0.0574433937356	-0.993066550596	-0.102519729243
-0.395417717357	0.11692275752	-0.911024407791
0.916706648208	-0.0116788954948	-0.399390022796
-0.0574621712332	-0.993033836279	-0.102852745286
-0.395407240432	0.117235624858	-0.91099168109
0.916659570362	-0.0116398167281	-0.399499270061
-0.057483553928	-0.993021676081	-0.102964459404
-0.395513328651	0.117348001853	-0.910931841639
0.916677011837	-0.011706498485	-0.399457075679
-0.0575666893609	-0.993010712463	-0.10300299434
-0.395460584247	0.117415920812	-0.91094374038
0.916790370314	-0.011633676878	-0.39919980921
-0.0573505400035	-0.993055471376	-0.102769857775
-0.395229990857	0.117112704982	-0.911091301115
0.916824642007	-0.0120213234489	-0.399108521696
-0.0576183961397	-0.993062797773	-0.102447943556
-0.395110420938	0.116922831368	-0.911156645378
0.916571058361	-0.0115827862466	-0.399702979201
-0.0575286094392	-0.992990987909	-0.103144337181
-0.39571086871	0.117533545251	-0.910812286325
0.916702708638	-0.0116796562791	-0.399398498312
-0.0575616736308	-0.992999577789	-0.103077032078
-0.395401351228	0.117481089722	-0.910957138335
0.81624057049	0.127822196633	0.563394021729
-0.566409775465	-0.0148950794494	0.823989162089
0.113715891281	-0.991685262082	0.0602417689077
0.816291224543	0.12749799243	0.56339409011
-0.566401475158	-0.0147946876963	0.82399666129
0.113393155808	-0.991728486434	0.0601382757694
0.816160539066	0.127816587388	0.563511215845
-0.566510409415	-0.0150461312109	0.823917196962
0.113788955608	-0.991683675077	0.0601293715632
0.816251290924	0.12765251735	0.563416954789
-0.566426106898	-0.0148638196129	0.823978478267
0.113557454858	-0.991707568811	0.0601731064461
0.816389708664	0.127801650405	0.56318254517
-0.566196433067	-0.0148828393945	0.824135963379
0.113707696363	-0.99168806845	0.0602106434842
0.81640440672	0.127526028369	0.563223718551
-0.566275478985	-0.0144072634005	0.824090113192
0.113207450954	-0.991730580777	0.0604527092141
0.816248700917	0.127703465678	0.56340916699
-0.566414825462	-0.0149209309893	0.823985222168
0.113632346152	-0.991700169258	0.060153941219
0.816454667687	0.127518796187	0.563152487414
-0.566172710795	-0.0146735662483	0.824155994306
0.113358850615	-0.991727582564	0.060217366597
0.209830335215	-0.660232386407	-0.721154925006
0.976262846175	0.10097905619	0.191609198154
-0.0536850547072	-0.744242182075	0.665748818331
0.209586493773	-0.66036797524	-0.721101688661
0.97631125688	0.100788452402	0.191462855222
-0.0537572116336	-0.744147722242	0.665848580701
0.210010050822	-0.659968198483	-0.72134443088
0.976226149853	0.101062073548	0.191752440716
-0.0536499330266	-0.744465224956	0.665502236843
0.209728021329	-0.660230886906	-0.721186056707
0.976280736953	0.100849966157	0.191586016405
-0.0537594184014	-0.744261012685	0.665721764674
0.209569301876	-0.660028094271	-0.721417778084
0.976345842859	0.101116361998	0.191113220059
-0.0531929590794	-0.744404716886	0.665606581644
0.209576337082	-0.659979789028	-0.721459924869
0.976302297344	0.100524406569	0.191647207547
-0.0539589595719	-0.744527706694	0.665407332991
0.20927492233	-0.659970320107	-0.721556079754
0.97638907349	0.100616255424	0.191156318464
-0.0535572294083	-0.744523698412	0.665444274618
0.209883302515	-0.660025901191	-0.721328528552
0.976253443368	0.100988691378	0.191652134479
-0.0536493304661	-0.744424029767	0.665548367076
-0.505528467661	0.343062849473	-0.791674698485
-0.846041171122	-0.017078024188	0.532843939018
0.169278715956	0.939157179546	0.298878735326
-0.505410953533	0.342695630804	-0.791908712024
-0.84607677935	-0.0165899742543	0.532802789637
0.169451429611	0.939299970099	0.29833160931
-0.505554181477	0.343217493368	-0.791591250826
-0.846052019524	-0.0173383499478	0.532818311238
0.1691476763	0.939095908188	0.299145336857
-0.505615613768	0.343015586382	-0.791639561509
-0.845897997373	-0.01657781299	0.533087027566
0.169733514334	0.939183426396	0.298538176468
-0.505645736119	0.342850392418	-0.791691775127
-0.84590434496	-0.0166145213506	0.533075705973
0.169611607985	0.939243034331	0.298419777798
-0.505543152075	0.342938276888	-0.79171929356
-0.845941719651	-0.0164978963041	0.533020086841
0.169731283222	0.939213045196	0.29844620618
-0.505751382498	0.34317728466	-0.791482710528
-0.84589407259	-0.0171716014742	0.533074429848
0.169348007751	0.939113667824	0.298976197771
-0.505625152185	0.343162468154	-0.791569668834
-0.845827200931	-0.016321596593	0.533207114134
0.170056950266	0.939134176169	0.298508871694
-0.299919367007	0.863675479218	0.405108546163
-0.176857333259	-0.467636304927	0.866047141112
0.937427197839	0.188097936071	0.293000610408
-0.299934311997	0.86358289533	0.405294946805
-0.176887332269	-0.467833943986	0.865934336649
0.937416813747	0.188031876551	0.293076324665
-0.29965008786	0.863680020084	0.405298187348
-0.176521211753	-0.467674738898	0.866095011999
0.937576695296	0.187981730273	0.292596641778
-0.29973539999	0.863520869662	0.405574236424
-0.17683274145	-0.468040715074	0.865833784521
0.937490765364	0.187802205861	0.292987083207
-0.299596012955	0.863636668023	0.405430635075
-0.176784773174	-0.467843455345	0.865950182686
0.937544365982	0.187761232863	0.292841794696
-0.299670550463	0.863662951756	0.405319311362
-0.176759279203	-0.467750023919	0.866005735359
0.937525250655	0.187872515879	0.292831445294
-0.29952069772	0.8636738655	0.405406927252
-0.176447034178	-0.467728430391	0.866081131736
0.937631999635	0.187876386682	0.292487060882
-0.299678677735	0.863767109576	0.405091398092
-0.176838137444	-0.467539865598	0.866103177264
0.937507831188	0.187917058661	0.292858719106
0.160918330222	0.747491221361	-0.644490073444
0.642676453523	-0.574951634007	-0.50636698503
-0.749051104308	-0.332712220139	-0.572917915387
0.161207911605	0.747420794105	-0.644494870806
0.642838245963	-0.57502662069	-0.506065593508
-0.748846093321	-0.332724438456	-0.573169248693
0.160815495133	0.747340036251	-0.644683833802
0.642592085221	-0.575056818722	-0.506337394912
-0.749139364445	-0.332843830783	-0.572710833116
0.161188624337	0.74723803134	-0.644708819387
0.64264254899	-0.575244502027	-0.50605991355
-0.749015815255	-0.332748262797	-0.572927772399
0.160789066914	0.747529231582	-0.644470747445
0.642423533474	-0.574973163349	-0.506645483329
-0.74928932998	-0.332562310054	-0.572677572984
0.161194290623	0.747611861638	-0.644275433868
0.642654161863	-0.574950992886	-0.506382362212
-0.749005980343	-0.332421378459	-0.573133654378
0.160645213255	0.747596831103	-0.644429827882
0.642370314379	-0.574896842326	-0.506803415679
-0.749367202473	-0.332548193597	-0.572587288849
0.160942507002	0.747390545417	-0.64459879411
0.642556465675	-0.575088262588	-0.506359349549
-0.749147129185	-0.332695018113	-0.572798139441
-0.222927204784	0.426491536941	-0.876589086693
-0.909758231793	-0.414059750825	0.0299078338911
-0.350204822462	0.804151408481	0.480309372309
-0.222828801042	0.42673545258	-0.876495396541
-0.909701295925	-0.414206388073	0.0296077976715
-0.350415294813	0.803946467746	0.480498906011
-0.222916528439	0.426146275	-0.876759684745
-0.909639024539	-0.414322385053	0.0298960349161
-0.350521094266	0.804199154546	0.479998614614
-0.222867419467	0.426234197148	-0.876729407363
-0.909636277429	-0.414335457088	0.0297975205104
-0.350559392028	0.804145794384	0.480060022069
-0.22254953501	0.426220014651	-0.876817084356
-0.90987868611	-0.413803372678	0.0297916181523
-0.35013208489	0.804427288859	0.4799002587
-0.222789384139	0.426185774456	-0.876772818419
-0.909710538734	-0.414169605204	0.0298374405966
-0.350416359755	0.804256938295	0.479978282487
-0.222757285483	0.425776895538	-0.876979611286
-0.909695986256	-0.41419159259	0.0299758345859
-0.350474558243	0.804462163992	0.479591717688
-0.2230694229	0.425775008941	-0.8769011342
-0.909608048653	-0.414368651049	0.0301948990687
-0.350504144378	0.804371913896	0.479721415963
0.949093118481	0.18560348658	0.254506577897
-0.013052083346	0.83044678615	-0.556945040733
-0.314725111079	0.525270864456	0.790593842178
0.949147410332	0.185898999901	0.254088086357
-0.0135493369461	0.830431156499	-0.556956471275
-0.314540314207	0.525191067387	0.790720389802
0.949246622967	0.185521591895	0.253993285869
-0.0133194406774	0.83051114267	-0.556842742205
-0.314250605132	0.525198044538	0.790830941185
0.949231003704	0.18574808147	0.253886100285
-0.0136056441799	0.830549981244	-0.55677788693
-0.314285520084	0.525056548533	0.790911014618
0.949247885561	0.185573656179	0.25395052913
-0.0133498785344	0.830443226696	-0.556943293796
-0.314245499341	0.525287035718	0.790773862641
0.949183441296	0.185793432581	0.254030698186
-0.0135267999144	0.830493039255	-0.556864740225
-0.314432537908	0.525130568174	0.790803431512
0.949327666661	0.185735349503	0.253533745955
-0.0137572428613	0.830476703367	-0.556883453121
-0.313986812879	0.52517694355	0.790949717436
0.949242755193	0.185745581589	0.253843987647
-0.0136351309946	0.830561668416	-0.55675972938
-0.314248745975	0.525038943296	0.790937311884
-0.0843644749072	-0.845533395985	-0.527215229707
-0.0279634584277	0.530902127731	-0.846971646543
0.996042502684	-0.0567115625692	-0.0684333142459
-0.084729404182	-0.846093978959	-0.526256559764
-0.0280060975278	0.52996936104	-0.847554222924
0.996010364618	-0.0570743468233	-0.0685997921018
-0.084472211137	-0.845634415862	-0.527035947163
-0.0277591814514	0.530718281769	-0.847093582366
0.996039096992	-0.0569257775583	-0.0683050680351
-0.0844236248779	-0.846009212623	-0.526441918358
-0.02772522446	0.530117940909	-0.847470526637
0.996044172302	-0.0569508011054	-0.0682102801527
-0.0842110912727	-0.845646359143	-0.527058534446
-0.0279395041286	0.53073326418	-0.847078257308
0.996056146797	-0.056607642279	-0.0683205608855
-0.0842081448349	-0.846037336439	-0.526431142851
-0.027400917187	0.530073913262	-0.847508588637
0.996071339086	-0.0569424571643	-0.0678187251571
-0.0845118094166	-0.845774274741	-0.52680508838
-0.0277723376202	0.530490516125	-0.847235797734
0.996035351893	-0.0569708336303	-0.0683218355858
-0.0846803049161	-0.845870350593	-0.526623722561
-0.0278063203329	0.530322379777	-0.847339931826
0.996020081989	-0.0571095570428	-0.0684283913768
0.923568832134	-0.105173337645	0.368726431844
-0.105298634059	0.85510344123	0.507651753472
-0.368690670016	-0.507677726699	0.778672277777
0.92353433289	-0.104793689657	0.368920883711
-0.105909920741	0.854849344871	0.507952444616
-0.368601986591	-0.508183903632	0.778384028072
0.923314653413	-0.105297316344	0.369327124416
-0.105460118981	0.855191696254	0.507469529942
-0.369280669631	-0.50750333564	0.778506357119
0.923390075078	-0.105212444987	0.369162715453
-0.105495045509	0.855117804439	0.507586776377
-0.369082056505	-0.507645429014	0.77850790197
0.923317953728	-0.105264474865	0.369328236996
-0.105753173348	0.854827564534	0.5080217527
-0.369188600363	-0.508123238221	0.778145585419
0.923379273108	-0.104514809481	0.369387835025
-0.10633908414	0.854935534012	0.507717669579
-0.368866801501	-0.508096336749	0.778315742831
0.923430839105	-0.104884711087	0.369154008731
-0.10573722142	0.855158106709	0.507468473294
-0.368910727397	-0.507645357273	0.778589150127
0.92361009425	-0.104475744065	0.368821382467
-0.106051124629	0.854948533419	0.507756007498
-0.368371486719	-0.50808249634	0.778559325376
-0.961602550293	-0.266157069206	-0.0669197002001
0.261300317049	-0.96247277389	0.0732502499902
-0.0839045652695	0.0529515752875	0.995065901235
-0.961598356433	-0.266073753796	-0.0673358754096
0.261230269708	-0.962525396096	0.0728311066132
-0.0841909066615	0.0524440792006	0.995068596483
-0.961727111815	-0.265748674707	-0.066753839618
0.260944430991	-0.962609130043	0.0727264488864
-0.0835849098027	0.0525240356851	0.995115461759
-0.961635723219	-0.265989578473	-0.0671360151815
0.261175327791	-0.962557211765	0.0726087270651
-0.0839353831458	0.0522888442848	0.995098352239
-0.961602700428	-0.266202146712	-0.0667685796448
0.261347984371	-0.96245697262	0.0733156677233
-0.0837786202261	0.0530506659197	0.995071240216
-0.961688695928	-0.265777855504	-0.0671973217517
0.260921210658	-0.962589935915	0.073070054171
-0.0841039259225	0.0527374867772	0.995060442057
-0.961574886824	-0.266103140493	-0.0675304364351
0.261216350417	-0.962497909684	0.0732208655319
-0.0844823028831	0.0527673714898	0.995026802995
-0.961610061411	-0.265916046072	-0.0677945872909
0.261055979561	-0.962579881899	0.0727399958967
-0.0846003851062	0.0522492862045	0.995044114784
0.20627463736	-0.160243738685	0.965284002425
0.244113784041	-0.946879393671	-0.209353932763
0.947554600836	0.278823515748	-0.156199984341
0.205907784717	-0.160242820954	0.965362126662
0.244092245722	-0.946908478468	-0.209243520033
0.947639579608	0.278722287286	-0.15586161053
0.205688535746	-0.160566072868	0.965355372924
0.24366276343	-0.946979097951	-0.209426880253
0.947797930736	0.27829785608	-0.155659004099
0.205987795384	-0.160111201789	0.96536710747
0.243833931301	-0.947008353318	-0.209095037101
0.947688906272	0.278460273029	-0.156031839682
0.205897699505	-0.160559644707	0.965311644983
0.244147056929	-0.946824298499	-0.20956038669
0.947627662134	0.278826005903	-0.155748614605
0.205820744284	-0.160852785792	0.965279102531
0.244071130071	-0.946787510356	-0.20981318852
0.947663784232	0.278780687842	-0.155608532977
0.206241460322	-0.160452550315	0.965256340448
0.2438214216	-0.946922035192	-0.209500991775
0.947637028639	0.278557947801	-0.156173177377
0.2058645182	-0.160645664381	0.965304616291
0.243738680435	-0.946928308471	-0.209568132123
0.947740200359	0.278424705903	-0.155783608874
-0.338812628613	-0.242812167355	0.90898192076
0.83734456127	-0.51836506866	0.17364216988
0.42902210502	0.819963272857	0.378946180962
-0.338586263219	-0.242849127793	0.909056469368
0.837428136325	-0.518295179908	0.173448109836
0.429037853646	0.819996604533	0.378856303159
-0.338620833596	-0.242601953364	0.909109539182
0.837304718875	-0.518471102646	0.173517852528
0.429251289756	0.81995849262	0.378696934996
-0.338375976763	-0.24289307667	0.909122973513
0.837477856147	-0.518285047812	0.173237898531
0.429106592964	0.819989928188	0.378792841451
-0.338536356167	-0.243113464069	0.909004461796
0.837527284074	-0.518174415369	0.173330533619
0.428883802922	0.819994676228	0.379034927128
-0.338623028843	-0.242867709962	0.909037795745
0.837449355158	-0.518244721522	0.173496339135
0.428967383586	0.820022973828	0.378879009142
-0.338556435356	-0.243110646534	0.908997663427
0.83743039794	-0.518351572385	0.173268503498
0.429056950975	0.819883442472	0.379079507335
-0.338476411648	-0.242961198604	0.909067443443
0.837402611459	-0.518405377773	0.173241964493
0.429174355102	0.819893754039	0.378924299165
0.640298722648	0.491064073593	-0.590655221321
0.191121684463	-0.846624247561	-0.4966887621
-0.74396909652	0.205142146557	-0.635945392679
0.640069234793	0.491558769834	-0.590492324633
0.191447014106	-0.846350569608	-0.497029081245
-0.744082824987	0.205084964375	-0.635830289429
0.640226422259	0.491202213219	-0.590618805593
0.191200755886	-0.846546903754	-0.496790616195
-0.744011060899	0.205131740887	-0.635899977135
0.640231892388	0.491275075041	-0.590552400366
0.191420230232	-0.846545292722	-0.496709629358
-0.74395002009	0.204965755879	-0.636025451516
0.640288844119	0.491357406591	-0.590421845959
0.191318055605	-0.84643360326	-0.496937464764
-0.743927052067	0.205225099037	-0.635967427006
0.640357398194	0.491397071604	-0.590314514767
0.191424909954	-0.846413906777	-0.496930094049
-0.743840582501	0.20521192105	-0.636072972634
0.64013368757	0.491412467693	-0.590544274368
0.191511816715	-0.846476757578	-0.496789457898
-0.744010737457	0.204915416736	-0.635969496616
0.640100358507	0.491310108573	-0.590665691759
0.1910810062	-0.846452332271	-0.49699774726
-0.74415027466	0.205263462228	-0.635694511815
-0.328180424047	0.0863753608101	0.940657742484
0.812683289372	0.533414874243	0.234551640326
-0.481501363056	0.841432051831	-0.245252148966
-0.32803213781	0.0862204790867	0.940723676406
0.812613813654	0.533562226604	0.234457185302
-0.481719624079	0.841354509626	-0.245089528748
-0.327835012261	0.0861928233618	0.94079488982
0.812733195137	0.53343255887	0.234338359346
-0.481652344572	0.841439546456	-0.244929642918
-0.327754548309	0.0863251532888	0.940810790804
0.812625273642	0.533688960569	0.234128736107
-0.48188913748	0.841263376323	-0.245068989682
-0.327727932016	0.0860480054166	0.940845420842
0.812670519843	0.533552505121	0.234282601382
-0.4818308742	0.841378304864	-0.244788728676
-0.327436855393	0.0857754210025	0.940971612913
0.812523038128	0.533868444345	0.234074260055
-0.482277214544	0.841205696522	-0.244502688239
-0.327775360564	0.08637368107	0.940799054236
0.812450529875	0.533996900261	0.234032974295
-0.48216948238	0.841062948756	-0.245205361259
-0.32773154523	0.0862074094641	0.940829617419
0.812588770949	0.533733388381	0.234154175248
-0.48196636375	0.841247271028	-0.24497245181
0.764333310959	-0.261690369828	-0.589332452154
0.503865727203	-0.327941148056	0.799108207373
-0.402385285234	-0.907729446741	-0.118799534115
0.764467216936	-0.261657247129	-0.589173462381
0.503714611945	-0.327917325055	0.799213282744
-0.402320113172	-0.907747633776	-0.118881475155
0.76437389036	-0.262081910377	-0.589105791812
0.503593842978	-0.327899087007	0.799296855759
-0.402648485665	-0.907631695438	-0.118654669982
0.76433937821	-0.262109285403	-0.589138396208
0.503708714437	-0.327708566934	0.799302631284
-0.402570314829	-0.90769261751	-0.118453842857
0.764812587922	-0.261069396371	-0.588985961581
0.503523459798	-0.328088469043	0.799263417297
-0.40190274706	-0.907854974693	-0.119471613391
0.764710205129	-0.260976665307	-0.589159984196
0.503816730689	-0.327865569886	0.799170129669
-0.401730019654	-0.907962209809	-0.119237741279
0.76441575536	-0.261850091141	-0.589154547381
0.503687439043	-0.327874451617	0.799247956708
-0.402451878715	-0.907707476184	-0.118741792863
0.764241840321	-0.261846429718	-0.589381757373
0.503917508709	-0.32789249393	0.799095521331
-0.402494165295	-0.907702018857	-0.118640161685
-0.990444801027	-0.0954208753947	0.100423209041
-0.0693431578521	-0.28614447429	-0.95573180046
0.119922853678	-0.953481307887	0.276683930157
-0.990362342617	-0.0957572701423	0.100859812644
-0.0696336719244	-0.286430868358	-0.955621130606
0.120388156918	-0.953357823035	0.276899948714
-0.990696001182	-0.0949406336111	0.100307638449
-0.0693067099017	-0.286741997193	-0.955684908407
0.119465167326	-0.953479596155	0.277138720374
-0.990675169229	-0.0954195543763	0.100371545697
-0.0692255407211	-0.286829417221	-0.955685783545
0.119946500803	-0.953426767508	0.27715364706
-0.990390831997	-0.0959627294799	0.100836373709
-0.0695897007247	-0.286173585259	-0.955732195899
0.120557427249	-0.953445284889	0.276584809567
-0.990008368552	-0.0956433496265	0.100676117789
-0.0695027491836	-0.286072409257	-0.955481094282
0.120219378125	-0.953219336431	0.27695154468
-0.990460650522	-0.0955339849933	0.100679608572
-0.0695140243515	-0.286534346847	-0.955637949315
0.120128790427	-0.953388350812	0.276983342935
-0.990431876972	-0.0959485456255	0.100611691627
-0.069325341275	-0.28659176574	-0.955637389841
0.120510717187	-0.953332418623	0.277015657244
0.744203165273	0.612397968813	0.266702820444
0.247973874256	-0.624051135417	0.740992072392
0.620218207026	-0.485313322973	-0.616279536374
