-0.179889720868	-0.85927186345	0.478843956438
0.702209970008	0.228718759254	0.674232063286
-0.688869238647	0.457536426775	0.562245127498
-0.169777311165	-0.841490730133	0.512902562485
0.705949500713	0.259296053275	0.659090944934
-0.687612528934	0.473981985259	0.550027359782
-0.147806746767	-0.86220050322	0.484524006746
0.697989697585	0.256144928714	0.668730284471
-0.700687949755	0.437035586138	0.563947084849
-0.139993966987	-0.856584129076	0.496654150152
0.705367388982	0.265737900387	0.657145517753
-0.694880249834	0.442320036576	0.567004791381
-0.16211789219	-0.859662163191	0.484457154703
0.704626572198	0.242849294167	0.666727531598
-0.690810511875	0.449449855731	0.566370600051
-0.169082006629	-0.851777782309	0.495868741158
0.710744509828	0.243183520572	0.660078758771
-0.6828275336	0.464043463046	0.56427847326
-0.161638076578	-0.857692999982	0.488094124791
0.69545550809	0.251907241664	0.672966859327
-0.700153406861	0.448224804388	0.555769503506
-0.160862686006	-0.852173946245	0.497918407112
0.702494420664	0.255504019828	0.664243382376
-0.693271060795	0.456636887949	0.557546393274
0.804782979621	0.211784603628	-0.554501253092
0.236952053937	0.741889587799	0.627258771717
0.544222456491	-0.636197394074	0.546877316195
0.795757432328	0.179715686037	-0.578335872023
0.29355571468	0.720806317804	0.627903889375
0.529712328585	-0.669432987017	0.52083041801
0.776268563974	0.230683665659	-0.586678925058
0.252772625472	0.738652971375	0.624898220111
0.577505943278	-0.633385216187	0.515082565543
0.777851707927	0.230769206146	-0.584544518848
0.250794742564	0.738877589484	0.62542937691
0.576236685853	-0.63309200113	0.516861491282
0.790271322292	0.188480478396	-0.583049181008
0.265680891146	0.752029142139	0.603212926496
0.552163836456	-0.631606902968	0.544231403092
0.79564895086	0.216523007576	-0.565738923783
0.272077978675	0.70669113737	0.653116531492
0.541217438941	-0.673576586127	0.503366919803
0.783427635545	0.195814993351	-0.58982847323
0.274449881285	0.742505569319	0.61103415756
0.557600575785	-0.640579399779	0.527957980873
0.785279887942	0.223621316252	-0.577346520144
0.255708552895	0.732111220609	0.631368589968
0.5638693407	-0.64343349877	0.517730334106
0.937338506338	-0.186342641036	0.294402690425
0.0650090432956	0.923662149193	0.377653356641
-0.342301545844	-0.334850195796	0.877898056177
0.945340999407	-0.159878256466	0.284199467847
0.045857300315	0.928075301085	0.369558307936
-0.322842844776	-0.336325999687	0.884679217917
0.953916728239	-0.164493692005	0.250967530187
0.0696678786637	0.934912495759	0.347972717934
-0.291871996943	-0.314452621288	0.903288595668
0.9645892331	-0.147507470501	0.218653054214
0.0553730796752	0.923772968308	0.378915988478
-0.257878719591	-0.353390789953	0.899229401886
0.948340361145	-0.157960371759	0.275134659261
0.040929856065	0.92090499174	0.387632227257
-0.314603411704	-0.356346064493	0.879796667691
0.953944462012	-0.165365116087	0.250288516504
0.0590504618608	0.921530543089	0.383789656741
-0.294113933819	-0.351334365027	0.888853844677
0.951126028403	-0.17121279554	0.256993107042
0.0657062052047	0.925372679799	0.373320369901
-0.301731624165	-0.338188679037	0.891395784757
0.95466780419	-0.169393976469	0.244775540071
0.0623497876636	0.917846024185	0.392009159361
-0.291070246262	-0.358976820673	0.886799726857
-0.620217929542	0.722731999762	-0.304940206991
0.341832361825	-0.100873898473	-0.93433148998
-0.706031663404	-0.683727396905	-0.184489553592
-0.634047703597	0.724735270347	-0.269706794808
0.330028663482	-0.0618086125326	-0.94194502191
-0.699331143687	-0.686249321264	-0.199993555585
-0.566553540747	0.773847967761	-0.283154062284
0.331309587138	-0.100706174875	-0.938132236753
-0.754487148774	-0.625313888345	-0.199327723952
-0.565933345217	0.782983107707	-0.258181303764
0.344912363431	-0.0595825705522	-0.936742142495
-0.748836159731	-0.61918319827	-0.236341094042
-0.619308025112	0.735516221571	-0.274725593368
0.302240998792	-0.0996081900947	-0.948013216288
-0.724643803875	-0.670145183832	-0.16061533978
-0.637695383852	0.719031895832	-0.27629288911
0.3260439889	-0.0730118710748	-0.942530956463
-0.697882472268	-0.69113126059	-0.187876708438
-0.605290064679	0.741172112195	-0.290323583216
0.317592300145	-0.109573829466	-0.941875081395
-0.729903427691	-0.662312190865	-0.169066579237
-0.601352958534	0.748694405764	-0.27898389523
0.348581180781	-0.0683450012198	-0.934783714768
-0.718934271979	-0.659383135792	-0.219881631712
0.570928189219	-0.713788570626	0.405643788954
0.548690675037	0.699272758787	0.45820972815
-0.610720517258	-0.0390318880987	0.790883659975
0.581852775397	-0.701878255301	0.410870118513
0.533538991518	0.710706655244	0.458510838521
-0.613826917038	-0.0475705712315	0.788006061213
0.554303252931	-0.712703398016	0.429885749196
0.554683276865	0.701398875376	0.447622688606
-0.620543594981	-0.00966827000744	0.784112342105
0.583261150412	-0.705455902302	0.402664130782
0.544375476158	0.707402585222	0.450818061646
-0.602877909089	-0.0437441842596	0.796633337238
0.582095675003	-0.691482504655	0.427804348882
0.535921970558	0.721942387962	0.437706320835
-0.611516358439	-0.0255172016936	0.790820213945
0.570199670181	-0.708138305514	0.416428242405
0.548909347684	0.705557931317	0.448203677794
-0.611204441111	-0.0269842366515	0.791012632274
0.582315270285	-0.690954323164	0.428358549844
0.534167949804	0.72239862337	0.439095466818
-0.612840538253	-0.026876586069	0.789749405036
0.561461794652	-0.719441066867	0.408858418448
0.524656702393	0.691577844282	0.496442777426
-0.63991874458	-0.0642233441161	0.765754114199
0.234684588452	-0.949046881943	-0.210316440895
-0.797524841576	-0.0642834718451	-0.59985127111
0.555767142341	0.308508405489	-0.771974798488
0.22411609441	-0.949256414701	-0.220645068044
-0.807674283315	-0.0542163850006	-0.587131033225
0.545375319367	0.309794863181	-0.778840759238
0.208433004154	-0.958221709684	-0.195874497282
-0.805492258028	-0.0545888529272	-0.59008664943
0.554741278303	0.28076892041	-0.783218286471
0.20949115714	-0.954609864505	-0.211739070974
-0.81248992041	-0.0494609013203	-0.580873232276
0.544034518041	0.293723661511	-0.785972513346
0.256149264249	-0.943311448625	-0.211071226287
-0.802028174929	-0.0855155698408	-0.591132717688
0.539572384667	0.320703280608	-0.778467109733
0.244251489654	-0.942145079567	-0.22957295605
-0.81092193742	-0.0686309914761	-0.581115507801
0.531739320074	0.328104055207	-0.780769331791
0.245860418361	-0.948527145815	-0.199621493739
-0.776450264883	-0.0694414878043	-0.626340664735
0.580239151793	0.3089885043	-0.75355705908
0.224451166064	-0.951179603607	-0.211846958083
-0.814717153579	-0.0638900987703	-0.576328161086
0.534656648355	0.301952895795	-0.789282549529
0.947325264574	-0.200688037327	0.249597936734
-0.113020572117	-0.938667907021	-0.325772926451
0.299668431148	0.280403211473	-0.911905681497
0.944173302012	-0.216449327283	0.248367453423
-0.132423661166	-0.939645550403	-0.31548009815
0.301663184967	0.26497812567	-0.915851202674
0.94735936671	-0.188286214919	0.258956654572
-0.103618331105	-0.945579737478	-0.308452335828
0.302941395545	0.26538256026	-0.915313738309
0.9494272958	-0.188157276307	0.251365561712
-0.0984188328133	-0.93855176754	-0.330808357408
0.298163612115	0.289339377472	-0.909604883197
0.953323285742	-0.181187717081	0.241548591798
-0.0972887629871	-0.941611269572	-0.322339940094
0.285848924463	0.283794206358	-0.915287476822
0.943362945823	-0.218711533788	0.249462562207
-0.135283031705	-0.940170163143	-0.312693042304
0.302927064303	0.261234956239	-0.916509620369
0.946872202585	-0.182329999114	0.264931719745
-0.095098377968	-0.945661852561	-0.31093476072
0.30722848698	0.269220909922	-0.912760218715
0.939899340712	-0.223580986322	0.258071289237
-0.136186078251	-0.938554133076	-0.317127870609
0.313117549594	0.262922568034	-0.912595041805
-0.996030600049	0.07598998014	0.0464026393167
-0.0801189133141	-0.537576063629	-0.839402471086
-0.0388412377068	-0.839786324998	0.541526870959
-0.995205818236	0.0901301870421	0.0381910786958
-0.0827150424644	-0.565662683328	-0.820485831698
-0.0523472144274	-0.819704414805	0.570392866545
-0.994590954576	0.0706315459169	0.0760877952531
-0.102683427795	-0.561211653975	-0.821272941961
-0.0153062575877	-0.824647995367	0.565437068629
-0.994648368055	0.0702060812573	0.0757099395056
-0.101438591494	-0.527630663878	-0.843389337989
-0.0192639804076	-0.846561556788	0.531939100426
-0.996593574288	0.0684287039261	0.0458547201549
-0.07579425595	-0.543805625774	-0.835774024236
-0.0322548236156	-0.83640929054	0.547152147321
-0.996104515135	0.0672448054243	0.0570819395213
-0.0849417671274	-0.556886013603	-0.826236230716
-0.0237719976724	-0.827864450797	0.560425120666
-0.997626540664	0.0590068886351	0.0347929092984
-0.0617297475863	-0.554232194818	-0.830047014449
-0.0296950788308	-0.830245021079	0.556597293774
-0.995079725389	0.0667329349121	0.0731798386729
-0.0969268612066	-0.504439575254	-0.85798603823
-0.0203410168582	-0.860860949061	0.508431662829
-0.990019713632	0.0661730651679	-0.124445922585
0.0649389882507	0.997791705556	0.0139515353489
0.125094324438	0.00573087950525	-0.992130670615
-0.991124551662	0.0445677701851	-0.125244216549
0.0392215613743	0.998224220709	0.0448338550751
0.127019955289	0.0395236549203	-0.991112550865
-0.983783799579	0.0554298725903	-0.170579929214
0.0414206651032	0.995552058022	0.0846193210669
0.174511637229	0.0761815608926	-0.98170392941
-0.985099213971	0.0416110727632	-0.166879479351
0.029005457803	0.996587700919	0.0772763806313
0.169525589285	0.0712844598025	-0.98294471003
-0.984384937357	0.0668573266765	-0.16285956058
0.0640415585538	0.997693906341	0.022484572075
0.163987247616	0.0117036350366	-0.986396501404
-0.981855285138	0.0574388898052	-0.180718276259
0.0513964465893	0.997957146568	0.0379465012481
0.18252870107	0.027969726794	-0.982801653011
-0.985255149651	0.0520829220512	-0.162981045081
0.0332335454621	0.992656325731	0.116314066813
0.167842137978	0.109182415769	-0.979750667148
-0.989295797314	0.0571990496755	-0.134242478048
0.0498276463986	0.997092882671	0.0576453592694
0.13714947995	0.0503393534637	-0.989269891605
-0.872500838638	-0.22904129159	-0.431604762414
-0.487843243595	0.35878692945	0.79578955186
-0.0274144828711	0.904882383472	-0.424778229982
-0.877979090774	-0.255841327547	-0.404598603924
-0.475613606809	0.370366959968	0.797885151962
-0.0542817851204	0.892958136658	-0.446856656134
-0.867476357754	-0.264902813505	-0.421084615664
-0.493456972908	0.350766882356	0.795903984606
-0.0631345392034	0.898214582503	-0.435000403388
-0.878283540611	-0.23801144785	-0.414687371398
-0.476281358066	0.359166272658	0.802592454286
-0.0420848341237	0.902412948938	-0.428809382998
-0.895059243278	-0.232451897647	-0.380574139916
-0.443975311306	0.384282891863	0.809452348792
-0.0419104240468	0.893472605788	-0.447159309737
-0.881478150338	-0.230778682616	-0.411992066959
-0.472160879161	0.416369891358	0.776981477014
-0.00776967029064	0.879418734781	-0.475985625555
-0.897089963425	-0.211073767615	-0.388173263258
-0.440010335518	0.346696713644	0.828367457533
-0.0402681303382	0.913919911528	-0.403893089736
-0.894055979023	-0.229504719373	-0.384699946026
-0.44505961239	0.357555772962	0.821021728333
-0.0508763806325	0.905252628143	-0.421818910901
0.877339330488	-0.00560312725289	-0.479837788693
-0.46852334689	0.206162543462	-0.859059296349
0.103737996467	0.978501714965	0.178249312184
0.883377116905	0.0123871937313	-0.468499123795
-0.461703239948	0.194637300257	-0.865416925542
0.0804673212338	0.980797070869	0.177657343667
0.885104066823	0.0392558498054	-0.463734585515
-0.461063627365	0.209564687067	-0.862266171453
0.0633333961455	0.977006446841	0.203586002878
0.884409719111	0.0331255415665	-0.465534257083
-0.461671922894	0.208281098553	-0.862251703951
0.0683994271464	0.977507884291	0.199498961596
0.894387296443	0.0302395708466	-0.446270020104
-0.440977476576	0.226683623423	-0.868420053456
0.0749014528626	0.973498891857	0.216077923408
0.89688692491	0.0280064510472	-0.441372273705
-0.439608631813	0.165569707412	-0.882797221285
0.048353863665	0.985800345796	0.160809182712
0.884501129449	0.0310556741629	-0.465503275309
-0.462222063708	0.19374001679	-0.865341311389
0.0633128584289	0.980561250752	0.18571788044
0.904223578219	0.0272850874091	-0.426186867129
-0.42169490501	0.21472638362	-0.880946080309
0.0674768760097	0.97629304685	0.205666640773
0.21060722222	0.674055263923	0.708021249137
-0.361353620364	0.726647639906	-0.584300235361
-0.908332620301	-0.132788196653	0.396609553797
0.21468947354	0.661932472628	0.718160035563
-0.374495949107	0.734895194274	-0.565404137975
-0.902031717348	-0.147561705119	0.405665290482
0.203826140106	0.679540341862	0.704755153433
-0.372822875015	0.719502786101	-0.585934163467
-0.905239198431	-0.14332014455	0.400001660257
0.212137502618	0.654319523637	0.725853745713
-0.344719560083	0.74511707558	-0.570936927152
-0.914421196208	-0.1290988415	0.383624008719
0.212217266788	0.662864760046	0.718034906361
-0.341014667864	0.738814132803	-0.581259553522
-0.915790812995	-0.121507127971	0.382835725973
0.209918492716	0.685846289947	0.696813532443
-0.337860354827	0.719673536105	-0.606564410595
-0.91748820868	-0.108096577792	0.3827930531
0.213804698198	0.652017845973	0.72743403151
-0.375976339713	0.742214633104	-0.554760513477
-0.901625938869	-0.154887584619	0.403832261452
0.203351296082	0.658291442434	0.724776255099
-0.351285384854	0.740011747094	-0.57356881905
-0.913918388876	-0.137967346195	0.381730512582
-0.463661988715	0.790127090494	0.400886963626
0.85688465027	0.28484315917	0.429662602264
0.225299518129	0.542734222729	-0.80911791507
-0.465458556802	0.783803801648	0.411085397355
0.847172420137	0.260113083225	0.463287888479
0.256200105302	0.563904581975	-0.785087572317
-0.469144366979	0.793000452722	0.388631304479
0.840594701971	0.266105405213	0.471782462907
0.27071120379	0.548022287202	-0.791431091878
-0.46860207539	0.785228059924	0.404765254737
0.847014413513	0.269190381564	0.458373285644
0.250967330218	0.557634629123	-0.791243479159
-0.423852893575	0.797130472578	0.430034761265
0.871702737726	0.23009981104	0.432651614984
0.24592930539	0.558243757327	-0.792389026882
-0.460578691157	0.785367224098	0.41360415361
0.841003749252	0.237093660311	0.486313432105
0.283871038176	0.571827232488	-0.769697503236
-0.451693014287	0.797391443602	0.400165373716
0.85618022	0.261320913783	0.445715997314
0.250840330753	0.543943200206	-0.800746541934
-0.47747917641	0.771475693315	0.42051802263
0.85461767587	0.296631669826	0.42618848208
0.204055827711	0.562879426513	-0.800951761588
-0.826660008867	0.546604404962	0.133629576546
-0.524089385951	-0.834362699313	0.170789961885
0.204850078803	0.0711513880595	0.976203833897
-0.824504020676	0.543628329968	0.157040283837
-0.512535398269	-0.835082034638	0.199864340597
0.23979340569	0.0843002252515	0.967156967543
-0.836518530105	0.537535667407	0.10626396422
-0.516471147549	-0.838283715888	0.174750794966
0.183014145836	0.0913000156475	0.978861649125
-0.838004291693	0.538277378038	0.0894800560199
-0.510322341963	-0.831175141106	0.220724714542
0.193184687348	0.139304546262	0.971222902515
-0.81733168529	0.562597341066	0.124311822582
-0.54634463119	-0.825286834364	0.142861707304
0.18296650343	0.0488482883018	0.981904835589
-0.838464177985	0.527026659562	0.138640283799
-0.493732773946	-0.842339401585	0.21608490755
0.230664639926	0.112728166181	0.966481345831
-0.825712318409	0.559281260966	0.0735100804368
-0.534329741002	-0.817247262594	0.215867396323
0.18080649511	0.138965736953	0.973651650555
-0.85919696019	0.504370737809	0.0859696220638
-0.483688246471	-0.855483202707	0.184916747538
0.166812161732	0.117297408906	0.978986731749
-0.0374667342208	0.567499120871	-0.822521150129
0.498605837265	0.723936462267	0.476768529955
0.866018772108	-0.392250889	-0.310081909418
0.0106599087781	0.565707874212	-0.824536836078
0.494941812668	0.713504047252	0.495928003189
0.868860745499	-0.413384304646	-0.272386592693
-0.00720262401015	0.580959721312	-0.813900412521
0.521382435068	0.696713159773	0.492697794269
0.853292702237	-0.420804660489	-0.307920357052
0.0146728463373	0.576074004874	-0.817265837973
0.5218629248	0.692786642097	0.497700468853
0.852903157884	-0.433803423091	-0.290466513142
0.00772079838414	0.571290205388	-0.82071185001
0.483369152217	0.716347475093	0.503190393367
0.875382603325	-0.400591825328	-0.270613287955
0.00781545992547	0.576632307606	-0.816966394077
0.469819085436	0.719085834775	0.512040609688
0.882728120197	-0.387828236252	-0.265292876823
-0.0286290921587	0.573216342177	-0.818903742569
0.523153447356	0.706671940272	0.476366688681
0.851757468445	-0.414774368333	-0.320111481541
-0.00316666907211	0.561011302724	-0.827802080898
0.487410623088	0.723682739354	0.488583847263
0.87316713831	-0.401932344458	-0.275734532359
0.736777097666	-0.671937886556	0.075226224067
0.669905599277	0.710387228591	-0.215815831942
0.0915750852249	0.209402631002	0.973531993248
0.735193821302	-0.676360858432	0.0450115663901
0.665402220735	0.70742222426	-0.238314264757
0.129344256033	0.205157971638	0.970144458765
0.728136563519	-0.679617353014	0.0890920868081
0.680649630495	0.701594634666	-0.210905312529
0.0808283796471	0.214208365449	0.973438004893
0.710653517381	-0.697364345494	0.0930298136609
0.697430774268	0.680903209274	-0.223519871373
0.0925304906505	0.223727037768	0.970249617729
0.743166646363	-0.667398703051	0.0477734552569
0.657096672106	0.714498126759	-0.240242348599
0.126203388894	0.209931878758	0.969536647298
0.70895141053	-0.704376186632	0.0352432675403
0.690514598585	0.683099924548	-0.237832052414
0.143448559914	0.192947359974	0.970666692129
0.721876960216	-0.687880762095	0.0755891417258
0.683168999677	0.690963174462	-0.236326082105
0.110334849834	0.222238512283	0.968729201246
0.694153351237	-0.717545878525	0.0572628846659
0.712630439166	0.673814588578	-0.195273547181
0.101533161689	0.176357061855	0.979075688527
-0.216489374546	-0.920403509744	0.325561008107
-0.953343182215	0.271168622966	0.132681945489
-0.210402869929	-0.281647121384	-0.936165537387
-0.188029271981	-0.927200249054	0.323952525412
-0.958070388652	0.245760780653	0.147319777315
-0.216209784592	-0.282668860251	-0.93453332542
-0.19673615618	-0.933737140909	0.299048082385
-0.967454892412	0.234384056147	0.0953682000355
-0.159140928235	-0.270553163199	-0.949460383039
-0.173810784271	-0.925329893795	0.336978818171
-0.972704738346	0.214735977057	0.0879441274956
-0.153738831288	-0.312495224302	-0.937396203813
-0.172584690856	-0.928268267316	0.329442782141
-0.961019112272	0.23203137182	0.150345293394
-0.216001825594	-0.290653514155	-0.932128608775
-0.187816778862	-0.92597593375	0.327557620033
-0.95557899781	0.249387618605	0.157082630402
-0.227143574134	-0.283504398459	-0.931682335593
-0.169607896673	-0.930127526013	0.325722741844
-0.97626730272	0.203737972802	0.0734340172083
-0.134665039419	-0.305537537131	-0.94260865366
-0.195493623332	-0.924517464178	0.327184469996
-0.968242477911	0.234968676107	0.085417853482
-0.155848397316	-0.300095258467	-0.941091958052
0.0908593836368	0.931114772565	0.353225336856
0.846825877435	-0.25888557582	0.464609318031
0.524050371236	0.256906919731	-0.812013932504
0.0917588842174	0.920534194633	0.379722999147
0.867682577297	-0.261002934726	0.423076747208
0.488569037727	0.290660945922	-0.822679380559
0.0619391208676	0.931185735391	0.35923587364
0.87555797212	-0.223468435689	0.428312891368
0.479119530142	0.288004898671	-0.829147423794
0.0817191587014	0.920827125993	0.381316091532
0.866506134954	-0.254679964247	0.429311957705
0.492434437985	0.295328703273	-0.81871508368
0.09991268748	0.926533003897	0.362708997051
0.845893283933	-0.271043452708	0.459353155242
0.523913901369	0.260916388379	-0.810829479475
0.0720709178001	0.91874126541	0.388222902273
0.880299905413	-0.241581560393	0.408296558992
0.468907891964	0.312327537672	-0.826178252908
0.10659963375	0.93102170516	0.349050300923
0.871368780623	-0.256560016706	0.418204287996
0.478909152356	0.259570728054	-0.838612627761
0.0901012343513	0.930880455259	0.354036762925
0.880107311491	-0.240804075287	0.409173218674
0.466145440551	0.274723826117	-0.840971215219
0.934620001174	0.0068459303177	-0.355582774376
-0.0322288310097	-0.994078700882	-0.103849814268
-0.354185373282	0.108520112006	-0.928865722378
0.935029884982	0.0282293534579	-0.353443099519
-0.0221886714248	-0.990210241976	-0.13778759539
-0.353873683473	0.136677950622	-0.925249603633
0.932643010196	0.010135648565	-0.360658023541
-0.0370572546706	-0.991626877446	-0.123696003803
-0.358892325347	0.128729212336	-0.92445820255
0.929049526781	0.0143272077031	-0.369677198411
-0.0382078512275	-0.990183948175	-0.134396920206
-0.367976439477	0.138985981939	-0.919382040274
0.941227666118	0.0322799058978	-0.336227286504
-0.0127863678734	-0.991309578456	-0.130965614983
-0.337531167911	0.127567594579	-0.932635557908
0.940082207762	-0.0116261626457	-0.340749442718
-0.0439904556473	-0.995199274134	-0.0874080760755
-0.338097900292	0.0971605078898	-0.936080479318
0.924402334658	0.0329136249184	-0.379996193622
-0.0234527218581	-0.989481053239	-0.14275709693
-0.380697233652	0.140876939849	-0.913906771803
0.930785685174	0.0159265001844	-0.365218504596
-0.0379217701425	-0.989456986565	-0.139794832452
-0.363593383956	0.143968755023	-0.92036863916
0.805865540899	0.175272381073	0.565561959436
-0.573338994616	-0.00753959246752	0.819283583939
0.147861877372	-0.984491130531	0.0944145872391
0.814645964665	0.137901362981	0.563325092469
-0.567038062011	-0.0144959209737	0.823564004022
0.121736526762	-0.990339864177	0.0663862827836
0.80664885121	0.133083810911	0.575852700196
-0.577385434999	-0.03071284548	0.815893860957
0.126268335305	-0.990628806451	0.0520661709534
0.805494420852	0.134455816779	0.577148477553
-0.580377830234	-0.0178177454202	0.814152362794
0.119751016615	-0.99075936988	0.0636830850529
0.820463477145	0.168242329443	0.546382836921
-0.553683897769	-0.00418762742146	0.83271641222
0.142386190517	-0.985736780491	0.0897172709227
0.84215330455	0.127385704338	0.523975854573
-0.532714770616	0.0458506637733	0.845051893768
0.0836228857019	-0.99079292101	0.106473532749
0.803119784129	0.145346752773	0.577817390533
-0.579495423068	-0.0348893710157	0.814228347714
0.138505126209	-0.9887654267	0.0562074316745
0.851345561898	0.126717454218	0.509071135716
-0.512893611169	-0.00284979081378	0.858447449507
0.110231021241	-0.991934759317	0.0625664157969
0.197942384327	-0.681614296749	-0.704429399176
0.979189796135	0.104661802756	0.173877161979
-0.0447903014257	-0.724187734486	0.6881467577
0.178982667905	-0.697839971515	-0.693530492238
0.982524935273	0.0901767453961	0.162827722705
-0.0510873866596	-0.710554353916	0.701785277925
0.227960883361	-0.662772050777	-0.713279081102
0.972780474743	0.123718126404	0.195938706634
-0.0416171453552	-0.738530322673	0.67293460087
0.211026872825	-0.689656026934	-0.692706466027
0.975978724386	0.109395222375	0.188409773244
-0.0541591461082	-0.715826290117	0.69617491965
0.162737267703	-0.67486928965	-0.719769408469
0.986556956516	0.100283174479	0.129029580285
-0.0148973497648	-0.73109144635	0.682116821085
0.174488293143	-0.670745536069	-0.720870485015
0.980189160128	0.0486411224069	0.191998035265
-0.0937178781697	-0.740090846466	0.665944814659
0.144441269477	-0.6672945761	-0.730653592674
0.988335416385	0.0612715050807	0.13942349835
-0.0482682970443	-0.742269328398	0.668360993186
0.232034279892	-0.676031012097	-0.699386998088
0.971897166213	0.131784475319	0.195060916283
-0.0396988755174	-0.72499305751	0.687611132611
-0.47756791044	0.369938354855	-0.796915609834
-0.85167043292	0.0279041758744	0.523334329635
0.215838711264	0.928637152225	0.301739428953
-0.465867271215	0.340245511128	-0.816823542383
-0.856749061749	0.0573642685773	0.512533315782
0.221243649457	0.938585290079	0.264780874815
-0.483851280202	0.395631807243	-0.780617353315
-0.849785251225	0.000798596139618	0.527128462854
0.209172192221	0.918408875528	0.335815648093
-0.482466057849	0.392412236683	-0.783095812563
-0.842359879263	0.0372177885803	0.537628694318
0.24011715674	0.919036134027	0.312596056673
-0.488818842325	0.356323876119	-0.796297259088
-0.832482180858	0.082377577163	0.54789349843
0.260824554209	0.930723999032	0.256365626932
-0.486099303336	0.369315391883	-0.792031400252
-0.838564747468	0.0580045034523	0.541705385355
0.246001548719	0.927492157129	0.281498844623
-0.521714555682	0.391717943839	-0.757872661156
-0.82651450903	-0.0119541502798	0.562788469826
0.211394617754	0.920007689034	0.329997220888
-0.487233219507	0.391079575648	-0.780807665261
-0.831736951242	0.0646470812383	0.551393174873
0.266115554896	0.918083631741	0.293777096791
-0.288738125406	0.88583809578	0.363209495948
-0.177810098295	-0.422383360884	0.888805849294
0.940751741336	0.192049829106	0.279469158058
-0.300582692561	0.870057540205	0.390704282817
-0.204570827815	-0.458928162164	0.86460142434
0.931558230218	0.179957559709	0.315934321785
-0.250055384368	0.880527402193	0.402670796072
-0.167639081448	-0.448974565967	0.877678155241
0.953608627474	0.151964797912	0.259879335066
-0.265982181287	0.871787020075	0.411388910396
-0.184242553008	-0.464869167371	0.86599728526
0.946207231863	0.154544518007	0.284267209478
-0.25908003587	0.877208999712	0.404205320857
-0.16413375048	-0.452393713479	0.87658432623
0.951807586931	0.160761748753	0.261185754727
-0.267335082811	0.879568403505	0.39356239744
-0.168779114343	-0.444855079365	0.879555313926
0.948707303484	0.168710886579	0.267378158418
-0.259423195578	0.876226448679	0.406111904448
-0.14003645513	-0.450193506458	0.881881891287
0.955557146137	0.171910120642	0.239494235318
-0.271294220683	0.879765877121	0.390399240938
-0.17784837485	-0.444447036254	0.877973190893
0.945922576872	0.168757132639	0.277040749741
0.166411808648	0.765746975615	-0.621240438303
0.646714831069	-0.560353818915	-0.517460532013
-0.74435746797	-0.315653360907	-0.588469903003
0.176518633561	0.762294580129	-0.62269173689
0.653232266095	-0.563951398187	-0.505213274072
-0.736291812135	-0.317584349226	-0.597501837338
0.141624254761	0.74823621594	-0.648141186421
0.627446688047	-0.574273186896	-0.52585585026
-0.765672962849	-0.332199167292	-0.550810304097
0.161157068989	0.745185710352	-0.647090772578
0.633904494207	-0.580690014292	-0.510846204644
-0.756434599349	-0.327867365962	-0.565958775729
0.134017271594	0.774593617002	-0.618096587823
0.620825614016	-0.551779941028	-0.556878070864
-0.772408065961	-0.309099267754	-0.554835247586
0.169861117005	0.775329246801	-0.608287482851
0.635494306367	-0.557949477314	-0.533706788908
-0.753190606229	-0.295906250368	-0.587492160414
0.128594941727	0.766899770019	-0.628749766091
0.611863439796	-0.560306908811	-0.558279543313
-0.780438759068	-0.312917976769	-0.541289638067
0.154756526375	0.738570654747	-0.656176084393
0.624971354362	-0.587585000093	-0.513965733216
-0.765156501645	-0.330550081894	-0.552519807449
-0.193098238027	0.45448721563	-0.869571429836
-0.922584313997	-0.385781970143	0.00323886684359
-0.333992940532	0.802878370315	0.493796568442
-0.177293265833	0.487655820016	-0.854844308339
-0.918101547595	-0.394813213818	-0.0348130295048
-0.354480660401	0.778661800735	0.517715382619
-0.190342240813	0.417249327787	-0.888635321534
-0.912644559256	-0.408738398516	0.00356615157519
-0.361731453812	0.811687013225	0.458600593774
-0.174364435331	0.433641048526	-0.884054614057
-0.915969786788	-0.400928155909	-0.0160016888351
-0.36138133501	0.806977165344	0.467109644265
-0.162654239222	0.460188574213	-0.872794373598
-0.930188708883	-0.366541157747	-0.0199117973212
-0.329078270759	0.808624752262	0.487681737456
-0.166155142202	0.463761358642	-0.87024011665
-0.920626402712	-0.38916265008	-0.0316140177034
-0.353326315219	0.795913199864	0.491612335847
-0.173960870892	0.40995796881	-0.895361390246
-0.919383711002	-0.393359040112	-0.00147858622222
-0.352804687155	0.822923482519	0.445337811398
-0.195511059682	0.42215849476	-0.885187936254
-0.914014056157	-0.40559470337	0.00844407870486
-0.355462772078	0.810725109159	0.465157003764
0.9247403923	0.146817440545	0.351140776434
0.0749406315442	0.834300606161	-0.546192638015
-0.373147567949	0.531401105786	0.760508878132
0.927352145286	0.201828984033	0.315092145756
0.0095954392588	0.828961615848	-0.559223182751
-0.374066740915	0.521620265888	0.766802695025
0.948346164822	0.145150306899	0.282083215855
0.0354868353198	0.835067637774	-0.549001572634
-0.315246311285	0.530653776621	0.786782266593
0.945403609485	0.176190745625	0.274169358312
0.00420790871582	0.834594230472	-0.550849131897
-0.32587468356	0.521928437397	0.788287003315
0.938147941106	0.154277572823	0.309962695039
0.0415271506137	0.838638455968	-0.543103156912
-0.34373527249	0.522382976187	0.780360232761
0.932769455477	0.185688966365	0.308967230664
0.0126638081313	0.839705669308	-0.542894109687
-0.360250981702	0.510307744542	0.780900270546
0.94822967754	0.176775785416	0.263838585718
-0.00320345091443	0.836045931273	-0.54865010299
-0.3175692295	0.519401115997	0.793329856459
0.943978603282	0.181211858291	0.275801850468
-0.000517307371523	0.836557830333	-0.547878393478
-0.330006258577	0.517042806798	0.789786434327
-0.0519808980381	-0.832881279109	-0.551005249257
-0.0435634365357	0.553117085127	-0.831963777544
0.99769746757	-0.0192425325535	-0.0650346984072
-0.0957403144282	-0.879722160841	-0.46574958346
-0.0413347534783	0.471009000442	-0.88115943029
0.994547732853	-0.0651108528626	-0.0814576391707
-0.0798123819052	-0.839904801208	-0.536833243068
-0.0232572194523	0.539973696076	-0.841360516528
0.996538563077	-0.0546657290856	-0.0626304420498
-0.0587901387883	-0.87463767458	-0.481199235199
-0.010930043685	0.482568033003	-0.875790300375
0.99821054888	-0.046228284544	-0.037930081363
-0.0406375534215	-0.842173040102	-0.537673826144
-0.0215352254017	0.538731581279	-0.842202178877
0.998941843584	-0.0226461158355	-0.0400291160079
-0.0376551344689	-0.872020790656	-0.488018287046
0.00419676879007	0.488222322001	-0.872709206899
0.99928198971	-0.0349100750285	-0.0147244119218
-0.0850206899276	-0.847075717215	-0.524627690527
-0.0191474162684	0.527825957724	-0.849136700248
0.996195192125	-0.0621489224483	-0.0610954389311
-0.0991283644896	-0.854679287496	-0.509604654461
-0.0222925609821	0.513905950197	-0.857556835055
0.99482492432	-0.0736478047968	-0.0699956513959
0.934977341934	-0.126099838961	0.331536122259
-0.062510578979	0.861468840905	0.503948274113
-0.349155835215	-0.491904732727	0.797571273088
0.933751666727	-0.085443167241	0.347573431711
-0.121027445646	0.838514123885	0.531268691306
-0.336838511248	-0.538138950582	0.772622992472
0.906883268176	-0.152941504127	0.392646957349
-0.0743378862805	0.859125486613	0.506337116205
-0.414772968579	-0.488377203501	0.767757180942
0.914747594136	-0.146372018503	0.376579436235
-0.0687205252512	0.86211895546	0.502024299184
-0.398138580151	-0.48510425659	0.778562478366
0.906551677714	-0.139927024109	0.398226671006
-0.0969263409206	0.849231129462	0.519048908937
-0.410815454934	-0.509143313181	0.756309290744
0.912083853607	-0.111915765058	0.394433653925
-0.121914019536	0.844481863734	0.521524071253
-0.391458832647	-0.523760676824	0.756594171807
0.928266197685	-0.102652744067	0.357469269299
-0.095867992056	0.862631507266	0.496665085522
-0.359348288513	-0.495307271512	0.790910556801
0.938274988928	-0.0781363006581	0.336949199258
-0.114368600761	0.849274997182	0.515414202743
-0.326435089292	-0.522136663861	0.787917149206
-0.953511842506	-0.278859813662	-0.114248906612
0.26196591094	-0.954399741262	0.143162277583
-0.148961303175	0.106577579919	0.983082780565
-0.956863299153	-0.259882202202	-0.129886116322
0.248185197062	-0.963576560833	0.099603428594
-0.151040624317	0.0630711979188	0.986513421055
-0.969393246587	-0.226662273605	-0.0943508919915
0.217932154338	-0.971381342285	0.0944722644185
-0.113063934132	0.0710186339115	0.991046369064
-0.95513096966	-0.263504809458	-0.135252091885
0.25145428745	-0.962705811451	0.0998566774571
-0.156520459653	0.0613663596952	0.985766472369
-0.965375017165	-0.25308800103	-0.0632260647034
0.242696624381	-0.960228080944	0.138059321968
-0.0956526007866	0.117934268145	0.988403808335
-0.970215066888	-0.223219680693	-0.0941153405873
0.211620745156	-0.970057155133	0.119196371727
-0.117904128012	0.0957292482181	0.988399989581
-0.955473774877	-0.253292707878	-0.15136595325
0.233210341853	-0.962506978168	0.138536031107
-0.180781039162	0.0970675002132	0.978721668916
-0.953172252842	-0.253839041411	-0.164403396396
0.23644988674	-0.964427827883	0.118196851064
-0.188558178691	0.0737887904534	0.979285978912
0.216716349716	-0.132015940727	0.967266902476
0.266094597994	-0.945308514281	-0.18863748446
0.939269468337	0.298265363426	-0.169734530089
0.192034050089	-0.11578033484	0.974534659038
0.266766894689	-0.949467417796	-0.165369161486
0.944435445915	0.291730097414	-0.151443677493
0.180264512412	-0.161383710265	0.970288818842
0.225951932907	-0.953275124636	-0.200532257043
0.95731437779	0.25538747064	-0.135377102171
0.201550464389	-0.118019999505	0.972341720474
0.243717303931	-0.955449057164	-0.166488188757
0.948672239196	0.270532291876	-0.16380741758
0.198887932435	-0.137427180458	0.970338969415
0.271017075133	-0.943794140636	-0.189217406296
0.941803424543	0.300611463405	-0.150464506222
0.199725539507	-0.158567919743	0.966936339488
0.27070500015	-0.9394821006	-0.20998116784
0.941715706935	0.303693106247	-0.144713401721
0.207927464556	-0.123261130922	0.970346580368
0.24143558783	-0.954865753766	-0.173029820054
0.947879026753	0.270253871948	-0.168782815942
0.188104308256	-0.15139597578	0.970410003311
0.231538222004	-0.95336305314	-0.193617794312
0.954466535694	0.261107366883	-0.144277290154
-0.357850124138	-0.240003506309	0.902408774432
0.840669324035	-0.503477447573	0.199463121801
0.406470622357	0.830005280881	0.381933060328
-0.335696688227	-0.233082824309	0.912677402716
0.845476231615	-0.50173480828	0.182844260949
0.415304209214	0.833027297872	0.365496774931
-0.337911772844	-0.230337259754	0.912557054695
0.847801747337	-0.495546845278	0.188853166741
0.408714849886	0.837483174843	0.362731446338
-0.319351634474	-0.246750464262	0.914947394875
0.861377144633	-0.478057762622	0.171727059472
0.395023976115	0.842956094134	0.365213743583
-0.332638660533	-0.252291617541	0.908680591945
0.856194915624	-0.484709999111	0.178847519548
0.395324859981	0.837499318512	0.377244120499
-0.339042274119	-0.232919368105	0.911481661744
0.847203892512	-0.496825748072	0.188174509341
0.409018112368	0.836009957725	0.365775196339
-0.331774803103	-0.267560379735	0.904619806099
0.852682782182	-0.49527452115	0.166238685848
0.403556220818	0.826507514121	0.392463677096
-0.329106310188	-0.246973121195	0.911423821226
0.854758283468	-0.488141033034	0.176370872688
0.401344467178	0.837091802192	0.371752559456
0.626987137777	0.487804179751	-0.607399464367
0.179500018917	-0.849168494036	-0.496681091302
-0.758067787407	0.202384400255	-0.61997850075
0.599667411193	0.530862065806	-0.598819162051
0.196292775526	-0.823006861506	-0.533037066534
-0.775801564853	0.202101051733	-0.597734724374
0.636399170149	0.490943130627	-0.594954588816
0.178272840157	-0.844036205565	-0.505788295661
-0.750476458475	0.215819016899	-0.624665786314
0.639435516937	0.483016869513	-0.598177998119
0.183585217682	-0.851438694767	-0.491272415299
-0.746604769283	0.204320390444	-0.633114894236
0.632815100099	0.504261014806	-0.58759325704
0.187730951058	-0.836143967461	-0.515383492262
-0.751200437158	0.215832998006	-0.623789894964
0.643070675725	0.510118727067	-0.57117322817
0.194883797743	-0.830300001753	-0.522131713897
-0.740594543363	0.224455130428	-0.633355354244
0.625361396004	0.505785011102	-0.594226080774
0.191401236106	-0.837659973229	-0.511557697519
-0.756497640012	0.206172824637	-0.620648077199
0.621638287977	0.513208904353	-0.591762347177
0.175566055861	-0.827536455892	-0.533255115398
-0.763375801996	0.227598502986	-0.604530580601
-0.379582219432	0.119268151949	0.917437946368
0.801853331755	0.537044478369	0.261943585672
-0.461463445853	0.835079825916	-0.299488088003
-0.37055630198	0.104482697583	0.922914635336
0.803987743593	0.533621994345	0.262395285597
-0.465071786249	0.839244269362	-0.281739807462
-0.322663089575	0.0939322307218	0.941841474692
0.8232874691	0.518803188178	0.230306383701
-0.466997184833	0.849717613788	-0.244731888535
-0.333053794441	0.105400609765	0.936998355497
0.808962258491	0.54246410507	0.226523225422
-0.484412294518	0.833440711016	-0.265934851092
-0.335036576555	0.0634791201621	0.940064304931
0.801246332255	0.544145100461	0.248818057959
-0.495736634867	0.836586225217	-0.233170924592
-0.305333756516	0.0673777449189	0.949858674188
0.798134154385	0.562165078656	0.216684757128
-0.519377640109	0.824275834814	-0.225424447635
-0.342039827659	0.0881185884905	0.935544661637
0.792321545942	0.562310898639	0.236712911779
-0.505208142642	0.822217458541	-0.26215096818
-0.316259216962	0.106855127139	0.94263569588
0.814039978309	0.540810113972	0.21180963708
-0.487153966481	0.834329905043	-0.258020521798
0.734798630054	-0.267942230141	-0.623119507288
0.521640529001	-0.363962302264	0.771636266597
-0.433545980906	-0.892041664235	-0.127669460983
0.761793956143	-0.271744808983	-0.588068641185
0.481579789091	-0.369618884208	0.794646326804
-0.433302290201	-0.888558741308	-0.150706623856
0.747007246738	-0.306150485695	-0.590128847843
0.492084185659	-0.342245357888	0.800450678351
-0.447027215247	-0.888335530279	-0.105007953577
0.746815516494	-0.344579763192	-0.568798193879
0.475633286458	-0.32102685663	0.818971799526
-0.464800575919	-0.882160199966	-0.0758542465399
0.777485661122	-0.23383572849	-0.583812393539
0.477531237877	-0.384571483242	0.789980231343
-0.409243174188	-0.892986954632	-0.187334960347
0.767514209792	-0.250136950996	-0.590214741141
0.490323921654	-0.364006677356	0.791884823663
-0.412921768338	-0.897179261821	-0.156732163867
0.760958589774	-0.296339711526	-0.577169648904
0.483147451302	-0.33491072444	0.808952017756
-0.433024905223	-0.894437030821	-0.111677419703
0.737994977011	-0.307148858626	-0.600851894884
0.510124340932	-0.328945693847	0.794712478174
-0.441742660074	-0.893002992617	-0.0860761674711
-0.995191589275	-0.0438826682808	0.0882285705779
-0.0739836918952	-0.258716685529	-0.963153903035
0.0650874993776	-0.964993958023	0.254152989743
-0.991702321285	-0.0542907934935	0.117094411336
-0.0980485078247	-0.273156988768	-0.957003752692
0.0839349839907	-0.960480193599	0.26548338507
-0.995867367166	-0.0218926018166	0.0881480207413
-0.0785247461932	-0.280176911194	-0.956731683789
0.0456423466771	-0.959699101029	0.277299181853
-0.995568024515	-0.0553844018459	0.0760059282256
-0.0567032477438	-0.291254535136	-0.954963639795
0.0750271603392	-0.955041035593	0.286823210899
-0.987990424377	-0.0599219665943	0.142680324018
-0.122380239618	-0.261811595062	-0.957352782985
0.0947174423933	-0.963281180164	0.251287914793
-0.992144963837	-0.0454444093792	0.116280844495
-0.100138875672	-0.266514564239	-0.958594185774
0.0745562520474	-0.962738496725	0.259909485463
-0.992768897378	-0.0253259322076	0.117279592364
-0.105352745059	-0.283753501153	-0.95308746916
0.0574169377076	-0.958558043062	0.279042477828
-0.991675473182	-0.0696565705373	0.108294631307
-0.0835319953992	-0.292027513715	-0.952755132697
0.0979906665636	-0.953869959332	0.283777964651
0.736863872329	0.616780389217	0.276791618784
0.268657256034	-0.642871344592	0.717314301634
