-0.1384556278	-0.862460120856	0.486818813026
0.71174831754	0.255149321888	0.65445637089
-0.68865401274	0.437105649531	0.578527694767
-0.138359432237	-0.862282342192	0.487160945674
0.711731427434	0.255480980456	0.654345333744
-0.688690786819	0.43726262467	0.578365266368
-0.137939988145	-0.86254840389	0.486808801759
0.711632318347	0.255543950528	0.654428553841
-0.68887734903	0.436700743696	0.578567591577
-0.137992745529	-0.862464029739	0.486943290033
0.711617212345	0.255621952813	0.654414501277
-0.688882365427	0.436821695653	0.578470293966
-0.138214274771	-0.86245709302	0.486892784376
0.711725059728	0.255374053865	0.65439402216
-0.688726549607	0.436980388098	0.578535982201
-0.138247550488	-0.862358997858	0.487057041833
0.711754907572	0.255458535897	0.6543285722
-0.688689011624	0.437124567674	0.57847173942
-0.138107375982	-0.862431931376	0.486967680097
0.711692226052	0.255519839713	0.654372822
-0.688781919836	0.436944823218	0.578496923265
-0.138227312344	-0.862317517808	0.487136251129
0.711679920146	0.255579132032	0.654363057231
-0.688770585858	0.437135926103	0.57836603379
0.770090582392	0.217931702755	-0.599555054256
0.258674770615	0.752430832183	0.605751764916
0.583136221818	-0.621573495723	0.523066464551
0.769874115567	0.217651270461	-0.599934808801
0.259593226147	0.751967728534	0.605933904539
0.583013899734	-0.622231841196	0.52241969446
0.769699406555	0.217999541446	-0.600032520187
0.259040468618	0.752393577688	0.605641760293
0.583490240681	-0.621594808635	0.522646186865
0.769680582801	0.218054521909	-0.600036694117
0.258986447087	0.752415867247	0.605637178449
0.58353905528	-0.621548547717	0.522646717301
0.76996979137	0.217728446445	-0.599783992862
0.258995975575	0.752423785665	0.6056232534
0.583153152371	-0.62165325064	0.52295279388
0.769944657621	0.218049694808	-0.599699551476
0.259286363633	0.751816564055	0.606252779519
0.583057289707	-0.622275004829	0.522319834551
0.769900424331	0.217651856184	-0.599900831212
0.25917277956	0.752387287684	0.60559296638
0.583166192542	-0.621724247632	0.522853855504
0.769798309314	0.218069911284	-0.599880054782
0.258874744457	0.752392719236	0.605713683462
0.583433314969	-0.621571165228	0.522737850646
0.94957617263	-0.197831361775	0.243244414798
0.103291095014	0.92988496555	0.353050848255
-0.296033854016	-0.31012369155	0.903430824402
0.949733830672	-0.197101217414	0.243221630474
0.102738875245	0.930125886111	0.352577027438
-0.295720095614	-0.309866014363	0.903621978077
0.949717111778	-0.197614650101	0.242870042169
0.103431058258	0.930131819292	0.352358928569
-0.295532440698	-0.309520998351	0.903801597444
0.949876434677	-0.1973510869	0.242460940382
0.103144075706	0.929970814319	0.352867658666
-0.295120413998	-0.310172264049	0.903712956843
0.94970224645	-0.197529777516	0.242997182483
0.103075646232	0.929905100456	0.353060782518
-0.295704336887	-0.310255526934	0.90349347221
0.949805467666	-0.197584586766	0.242548768035
0.103361522231	0.92996797235	0.352811516848
-0.295272703657	-0.310032097969	0.9037113085
0.949733463578	-0.197682192693	0.242751104451
0.10342916273	0.930006891722	0.35268908326
-0.295480551504	-0.309853081066	0.903704770137
0.949799367592	-0.197745619224	0.242441397037
0.103448758019	0.929834543871	0.353137473128
-0.295261774336	-0.310329487063	0.903612800542
-0.609709611201	0.730760476333	-0.306991984065
0.40579726432	-0.0449151248289	-0.912859083593
-0.680869688209	-0.681155086935	-0.269155746816
-0.609794080183	0.730993125445	-0.306267160127
0.405465725666	-0.0442987907723	-0.913035999438
-0.680990505169	-0.68094510903	-0.269379235144
-0.609355142268	0.731206072683	-0.306632933424
0.405632807131	-0.0448055537253	-0.91293720278
-0.681284156845	-0.680683472482	-0.269298576609
-0.609334457466	0.731417959099	-0.306166154634
0.405799811249	-0.0440654600274	-0.912898530728
-0.681202215444	-0.680503477818	-0.269957990116
-0.609801105166	0.730926499295	-0.306415941198
0.405376509357	-0.0445717187816	-0.913063156333
-0.681039031227	-0.68099992248	-0.269121265563
-0.609913106498	0.730844853194	-0.306386293747
0.405416099103	-0.044439261214	-0.913051712857
-0.680914493181	-0.681095767365	-0.269192507626
-0.609811016085	0.730897430505	-0.306464041301
0.405420337047	-0.0445825496487	-0.913042838736
-0.681003386804	-0.681029970809	-0.269134070193
-0.609843298527	0.730905536004	-0.306378523301
0.405715796538	-0.0441635677783	-0.91293153106
-0.680797616433	-0.681048005211	-0.269606872765
0.599453275555	-0.682652584085	0.417900972486
0.534546741476	0.730048752613	0.425779992444
-0.595747895121	-0.0318476094779	0.802539828717
0.599455361464	-0.682637999119	0.417921802656
0.53450380796	0.730061202306	0.425812542188
-0.595784315213	-0.0318748171156	0.802511711101
0.599032950735	-0.682653667885	0.418501472705
0.534544465584	0.730070203558	0.425746056688
-0.59617256499	-0.0313282651183	0.80224485485
0.599356470248	-0.682714159715	0.417939216364
0.534574572814	0.729992765025	0.425841030156
-0.595820307266	-0.0318108941857	0.802487522622
0.599376819471	-0.682455175718	0.418332842327
0.534462994735	0.73024940968	0.425540962376
-0.595899942182	-0.031475967608	0.802441602304
0.599277972014	-0.682670660498	0.418122811509
0.534554175851	0.730040252121	0.425785234624
-0.595917569207	-0.0316544189512	0.802421491748
0.599412116839	-0.682463488111	0.418268693138
0.534331121912	0.730232054615	0.425736300161
-0.595982688021	-0.0316975158845	0.802371424041
0.599200113586	-0.682796007349	0.418029718735
0.534271949575	0.729901651113	0.426376676208
-0.596248871944	-0.0321434046864	0.802155900645
0.228797398982	-0.949254066007	-0.215797066731
-0.819472581403	-0.0681518173794	-0.569051744043
0.525467738467	0.307037322224	-0.793480635624
0.228719714666	-0.949260545271	-0.215851367946
-0.819481862085	-0.0680545501018	-0.569050261019
0.525487272506	0.307039311888	-0.793467219608
0.228622171885	-0.94932898335	-0.215653320709
-0.81953843884	-0.0681178905086	-0.568961035465
0.525441357931	0.306813288476	-0.793584852165
0.228468737731	-0.949323054582	-0.215842174738
-0.819745239049	-0.0679867179646	-0.568678860864
0.525185538084	0.306860948602	-0.79373589604
0.229061711148	-0.949146874787	-0.215988067151
-0.819573171975	-0.0683354589778	-0.568884826507
0.525195631026	0.307327740584	-0.793548349116
0.229051783613	-0.949100487142	-0.216202530878
-0.819534175306	-0.0681751694472	-0.568960337826
0.525260891898	0.307506741098	-0.793435928835
0.229031163676	-0.949207254642	-0.215755189415
-0.819239743942	-0.0682525563722	-0.569374932546
0.525728975776	0.307159827452	-0.793260270292
0.228793431467	-0.949268185338	-0.215739454996
-0.819688045224	-0.0683087921321	-0.568722660981
0.52513341986	0.306959067144	-0.793732387206
0.947296409056	-0.195504843789	0.253786014827
-0.112891293663	-0.94509579523	-0.306673206743
0.299808340581	0.261860184018	-0.917356626305
0.947272526489	-0.195753978427	0.253683197582
-0.113245690103	-0.945130380454	-0.306439018521
0.29975022682	0.261552744832	-0.917464356216
0.947311892344	-0.195411551423	0.253800068698
-0.112920779414	-0.945217848457	-0.30628586968
0.299748305878	0.261488932767	-0.917482111014
0.947356225115	-0.195529453625	0.25354372065
-0.11292836832	-0.945035808105	-0.306846228147
0.299605355667	0.262060406899	-0.917366380042
0.947431116057	-0.195306406068	0.253435848593
-0.112779521095	-0.945096974607	-0.306714876511
0.299424616932	0.262008861683	-0.917440875873
0.947270269729	-0.195846595642	0.253620211178
-0.113397509631	-0.945154108321	-0.306312085979
0.299700025612	0.261400459416	-0.917524952454
0.947319339564	-0.195217007888	0.253922008736
-0.112701268983	-0.945253760673	-0.30625752357
0.299807422621	0.261506341424	-0.917458371119
0.947247354517	-0.195896570284	0.253666996845
-0.113325190444	-0.945052813367	-0.306645049809
0.299799620995	0.261721835376	-0.91739876465
-0.993745983312	0.0817369955194	0.0760489563975
-0.107910328864	-0.528524906215	-0.842029277079
-0.0286311217066	-0.844971600763	0.534043248838
-0.993737097314	0.0820106123258	0.0759886637018
-0.108019656999	-0.528938034309	-0.84176398909
-0.0288404446407	-0.844694689869	0.534473803771
-0.993727074006	0.0816180763629	0.0764733763329
-0.108226449988	-0.52913121837	-0.841611330897
-0.0282262856223	-0.844607060344	0.534642809638
-0.993685476883	0.0819459296639	0.0765965419981
-0.108485575778	-0.528505421672	-0.841966464135
-0.0285139524219	-0.844962432	0.534063484386
-0.993751459303	0.0817034789401	0.0760563709932
-0.107901377134	-0.528607646104	-0.841981458972
-0.0285888588828	-0.844926047633	0.534119010018
-0.993738399919	0.0817435228082	0.0762453844045
-0.108095378354	-0.528979089074	-0.841727528223
-0.0284736956264	-0.844693932184	0.534494213454
-0.993767289936	0.0815100406858	0.0759879205466
-0.107752625122	-0.528985248958	-0.841758541562
-0.0284151822238	-0.84470360706	0.534477692421
-0.993723522945	0.0816382504967	0.0764341898682
-0.108173426244	-0.528213103848	-0.842190234043
-0.0283813174394	-0.845175175049	0.533733910905
-0.98604151313	0.076197571634	-0.148065733585
0.0653430517303	0.994899506973	0.0768457911136
0.153165978518	0.0660978070619	-0.985991206725
-0.986107287086	0.0758179256933	-0.147798178074
0.0649310106652	0.994902974924	0.0771494326656
0.152894156698	0.0664809239571	-0.986004008373
-0.986001736614	0.0757279097835	-0.148541316268
0.0647304951946	0.994886538139	0.0775289351235
0.153652861837	0.0668285602818	-0.985861757671
-0.986032112513	0.0755952471382	-0.148413280549
0.0646538162119	0.994915707983	0.0772179983012
0.153496017155	0.066543924009	-0.985906359147
-0.985954207938	0.0761090257462	-0.148674849739
0.0652159714397	0.994909559203	0.0768235150872
0.153764988909	0.0660484034715	-0.985898793696
-0.985941227192	0.075957376994	-0.148841277422
0.0650301543248	0.994911061285	0.0769614692689
0.153929620324	0.0662001933814	-0.985863357019
-0.985966193628	0.0759287873491	-0.148660724584
0.0648369366511	0.994835449566	0.0780934421064
0.153822506246	0.0673589883091	-0.98579710412
-0.986044617056	0.0758984421352	-0.148199364051
0.0649872084121	0.994900425166	0.0771351171087
0.153298035756	0.0664273289393	-0.985948646576
-0.890186173014	-0.22079212912	-0.398521609532
-0.454735740503	0.376827709752	0.806979741573
-0.0280007831029	0.899584199905	-0.435848906312
-0.890187843796	-0.22134618041	-0.398213197726
-0.454705621571	0.377017642005	0.806908449998
-0.028472445223	0.899368843904	-0.436264523758
-0.890081387279	-0.22119610148	-0.398531693105
-0.454918803149	0.376714822656	0.806929277242
-0.0283568027205	0.899532245458	-0.435933146691
-0.890279562584	-0.22084096491	-0.398285760212
-0.454544011947	0.376847813116	0.807078347957
-0.0281428458572	0.899563775813	-0.435881838179
-0.890420193857	-0.22103733172	-0.397863298076
-0.454262006779	0.377314088827	0.807019442252
-0.0282619030945	0.899320214919	-0.436377181686
-0.890272532757	-0.221020286688	-0.398200407359
-0.45457260848	0.377718333695	0.806654932855
-0.0278796550955	0.899154308198	-0.43674165994
-0.890416458695	-0.220660153154	-0.398082652503
-0.454274314765	0.376650922842	0.80732251625
-0.0282054668309	0.899690999794	-0.435617039931
-0.89040902553	-0.22092529491	-0.397948467645
-0.454274171148	0.376812761359	0.807246466142
-0.0283891926583	0.899557610017	-0.435877911291
0.894924596909	0.0348129919769	-0.444857300681
-0.443485254884	0.179547069776	-0.87811368931
0.0493030534567	0.983133194559	0.176120139343
0.894922996885	0.0349823600873	-0.444847235693
-0.443520926751	0.179231161523	-0.878160219019
0.0490103678273	0.9831848337	0.175913497467
0.894959923997	0.0356007898953	-0.444723867966
-0.443495637665	0.179492594862	-0.878119600049
0.0485628906949	0.983114945658	0.176427473809
0.894989671851	0.0352542416904	-0.444691605367
-0.443396559193	0.179621868728	-0.878143189462
0.0489180614571	0.983103813616	0.176391327704
0.895106240216	0.0352120400975	-0.444460272281
-0.44314467892	0.179972465956	-0.878198568653
0.0490674530576	0.983041222264	0.17669850425
0.895155623189	0.0350398878565	-0.444374409325
-0.443072649557	0.179118608761	-0.878409440069
0.0488163560554	0.98320329711	0.175864246224
0.894941171903	0.0353552525804	-0.444781188135
-0.443513183488	0.179401381944	-0.878129377213
0.048747874583	0.983140454445	0.176234203443
0.895154475569	0.0353354446677	-0.444353317782
-0.443060691646	0.179988940262	-0.878237555208
0.0489457678649	0.983033766566	0.176773652077
0.192791103613	0.685376443834	0.702204179374
-0.376409999161	0.712538192122	-0.592118935143
-0.906171667966	-0.150161416685	0.395353574436
0.192746674132	0.685335351366	0.702256477008
-0.376746879679	0.71251073297	-0.591937697953
-0.906041109433	-0.150478921359	0.395532034168
0.192773583989	0.685487266068	0.702100806137
-0.376748208518	0.712386200131	-0.592086720997
-0.906034834484	-0.150376546914	0.395585343898
0.192875280878	0.685081103623	0.702469225317
-0.376100680053	0.712850135242	-0.591940001132
-0.906282190889	-0.150028557064	0.395150637497
0.192947602377	0.685207071698	0.702326474282
-0.376173284852	0.712742034755	-0.592024025072
-0.906236650852	-0.149966847648	0.39527846628
0.192720774805	0.685635800073	0.701970272618
-0.376350139668	0.712319497734	-0.592420044772
-0.906211501998	-0.150014955036	0.395317891284
0.192754794569	0.68524968081	0.702337856154
-0.376993691392	0.712543045353	-0.591741637197
-0.905936722894	-0.15071590325	0.395680895002
0.192809964663	0.685287057946	0.702286251133
-0.375888675858	0.712702479081	-0.592252382204
-0.906384043152	-0.149789282248	0.395007780722
-0.442637810693	0.803712435083	0.397634161487
0.865038402395	0.26594186115	0.425418454399
0.236167667284	0.532276827087	-0.812957393027
-0.443023957204	0.803372980903	0.397912131655
0.864698590587	0.265701373921	0.426269229892
0.236724646795	0.5329174068	-0.812389131118
-0.442782328735	0.803756178272	0.397387490311
0.864743293178	0.265667749873	0.426190283553
0.236980692187	0.532348689095	-0.812675370857
-0.442799005003	0.803585939015	0.397719767268
0.864810638036	0.265663902203	0.426059196679
0.236714881236	0.532610098807	-0.812585674997
-0.442111004682	0.803897041815	0.397861308082
0.86528118326	0.265389249311	0.425276599459
0.236289119943	0.532279304794	-0.812929275085
-0.442599020538	0.803709957632	0.397695291537
0.864868197474	0.265437556058	0.426085107669
0.236884448427	0.532537155494	-0.812586233395
-0.442520380206	0.803773775284	0.397635249968
0.864920749848	0.265470585192	0.425949007027
0.236808298703	0.532417297117	-0.812675543304
-0.442897557205	0.803416559685	0.397948749519
0.864947924603	0.266036278232	0.425546230166
0.236022167064	0.532678456395	-0.812740255928
-0.839339469928	0.52111238337	0.154761760498
-0.484384267564	-0.846169679148	0.222190954043
0.246741159822	0.111529469742	0.962642186244
-0.839262943906	0.521039309952	0.155420728778
-0.48407438114	-0.846183927953	0.222810698826
0.247607671474	0.111761583168	0.962392740298
-0.839462273731	0.520924212285	0.154728904376
-0.484139232091	-0.846249208522	0.222421803687
0.246804118166	0.111804382119	0.962594154846
-0.83948597401	0.520895015285	0.154698073007
-0.483958918765	-0.846193751831	0.223024011984
0.247076659538	0.112358034983	0.962459761463
-0.839259696239	0.521140934936	0.155095975024
-0.484437970408	-0.846203980217	0.221941767068
0.246905828936	0.111132448346	0.96264587459
-0.839459113896	0.520785983581	0.15521061804
-0.483805093985	-0.84629855584	0.222960458141
0.24746920552	0.112074502747	0.962391966797
-0.839404700729	0.521140221874	0.154311561767
-0.48433345147	-0.846063375527	0.222704537244
0.246617713753	0.112201035054	0.962595771661
-0.839729147103	0.520555910258	0.154517851461
-0.483781013103	-0.84644163593	0.222467409419
0.246597148169	0.112059632288	0.962617509888
-0.0176119603994	0.599143297558	-0.800448082758
0.516472489719	0.690945909905	0.50581609165
0.856122649836	-0.404501001483	-0.321609942605
-0.0170859193821	0.599400419804	-0.800266990868
0.516490180107	0.690617804478	0.506245944939
0.856122662815	-0.404680367269	-0.321384271033
-0.0175606715516	0.599258527026	-0.80036294327
0.51691202806	0.690649980716	0.505771252142
0.855858386896	-0.404835549368	-0.321892218007
-0.0172456858969	0.59933762803	-0.800310572083
0.516815891408	0.690551276705	0.506004223358
0.855922857826	-0.404886832702	-0.321656240942
-0.0172214000766	0.599242488039	-0.800382300008
0.516327539576	0.690835046678	0.506115400562
0.85621799649	-0.404543406001	-0.32130254609
-0.0172723550515	0.599481700986	-0.800202046868
0.516255735486	0.690732875668	0.506328053589
0.856260264877	-0.404363416318	-0.321416449826
-0.0177492286523	0.599130884308	-0.80045436992
0.516835943359	0.690822949613	0.505612771913
0.85590047465	-0.404729355172	-0.321913950401
-0.0175229396267	0.599275450934	-0.800351083068
0.516290645827	0.690921693144	0.50603475729
0.856234133454	-0.404346559849	-0.321507288646
0.732908963764	-0.680173030787	0.0144603156554
0.666713186807	0.71385021915	-0.214269440153
0.135417794536	0.166680876634	0.976667551645
0.732774913758	-0.68032645581	0.0140299451287
0.666779881737	0.713763576479	-0.214350521987
0.135814267093	0.166425570423	0.976656036878
0.732800785814	-0.680285392847	0.0146555820623
0.666857482348	0.713720596994	-0.214252189474
0.135292645931	0.166777356787	0.976668425133
0.732607674963	-0.680492398178	0.014699837406
0.66703164872	0.713482389374	-0.21450327244
0.135479772677	0.166951999996	0.976612646048
0.733028604295	-0.680050895842	0.0141364378936
0.666514231531	0.713979393197	-0.214457919865
0.135749176712	0.166625926227	0.976630923764
0.732688899949	-0.680420098345	0.0139808729228
0.666902544458	0.713734452335	-0.214065706811
0.135675978841	0.16616744689	0.976719206469
0.73276512249	-0.680330153915	0.0143581930017
0.666763905076	0.713618223001	-0.214883520806
0.135945470392	0.167032674349	0.97653413399
0.732485342417	-0.68063551319	0.0141605357729
0.66711568701	0.713478019591	-0.214256330385
0.135727236522	0.166386337028	0.976674820024
-0.217822009405	-0.918609795707	0.329711587037
-0.9621494986	0.258796965093	0.0853963892858
-0.163774325644	-0.298630614956	-0.940211630203
-0.217184692358	-0.918773564265	0.329676436793
-0.962241026328	0.258286238956	0.0859115549401
-0.164084193695	-0.298569465332	-0.94017743945
-0.217559029633	-0.918845473854	0.329227779389
-0.962252437203	0.258423818676	0.0853656604416
-0.163518141627	-0.298228174495	-0.940383730829
-0.217075210836	-0.918761220647	0.329782723221
-0.962386336995	0.257972449945	0.0852234789344
-0.163374916878	-0.298878440895	-0.940202673341
-0.217511388418	-0.918712085623	0.329631120078
-0.962267643351	0.258408060825	0.0852415393424
-0.163491755613	-0.298652375178	-0.940253607903
-0.217345286705	-0.918742398429	0.329657365646
-0.962165693451	0.258507478319	0.0860894605121
-0.164312968884	-0.29847382162	-0.940167803073
-0.217382445348	-0.918752946988	0.329602105007
-0.962324299946	0.258233008318	0.0851319186621
-0.163329320565	-0.29867796076	-0.94027360666
-0.217284315407	-0.918744358506	0.329690931278
-0.962315175023	0.258205571358	0.085318537741
-0.163513945503	-0.298728225441	-0.940225657261
0.116417559951	0.922221151192	0.368715916279
0.869290855724	-0.274170470869	0.411289027624
0.480392221811	0.272641530924	-0.833595997145
0.116430288536	0.922048650312	0.369150440696
0.869436584043	-0.274298285605	0.410905140642
0.480131011012	0.273110407595	-0.83359978282
0.116105472695	0.922195104453	0.36887701503
0.869546560142	-0.273853160578	0.410956643263
0.480002961075	0.273043535391	-0.833686431293
0.116212425102	0.922108719769	0.369078414487
0.869564364376	-0.274033861627	0.410823311247
0.479959564256	0.27319129888	-0.83368061689
0.116519515007	0.922164077424	0.368820994169
0.869279498719	-0.274297472714	0.411221298205
0.480383872062	0.272696199643	-0.833577924277
0.1161482876	0.922062514158	0.369201986599
0.869683442445	-0.273959946856	0.410604902495
0.47975003581	0.273397871245	-0.833722445627
0.11645893709	0.922206419124	0.368750125547
0.869484382286	-0.27411779957	0.410928383012
0.480039835353	0.272764637609	-0.83376828282
0.116362010397	0.922192123281	0.368807508524
0.869669165956	-0.273954713332	0.410634411578
0.479721619662	0.27295927525	-0.833879501137
0.91672720833	-0.0117926877529	-0.39934000665
-0.0574226715208	-0.99307823144	-0.102494067075
-0.395365837157	0.116890245554	-0.911059283156
0.916729102909	-0.0116446102681	-0.399340125929
-0.0574334981563	-0.99303798438	-0.102888676588
-0.395359995972	0.117256511684	-0.911015989666
0.916676272849	-0.0116211441611	-0.399461584376
-0.0574699850087	-0.993020542139	-0.102991970674
-0.395476686047	0.117367347284	-0.910946234017
0.916694067355	-0.0116856319472	-0.399419457844
-0.0575553334892	-0.993016149594	-0.103041567463
-0.395423622063	0.117446273011	-0.910965050442
0.916826600881	-0.011589348906	-0.399118041825
-0.0573038529915	-0.993056659743	-0.102799262754
-0.395152872634	0.117120053716	-0.911125412546
0.916862902896	-0.0120637853896	-0.399020157356
-0.0576356434529	-0.993073566754	-0.102410471185
-0.395019940634	0.116894127683	-0.911207819281
0.916572656267	-0.0115420917949	-0.399702162142
-0.0575129917792	-0.993001007556	-0.10321115653
-0.395711124535	0.117588550347	-0.910821860387
0.916726846433	-0.0116667587483	-0.39934428769
-0.0575581591749	-0.993003289267	-0.1031190786
-0.395346723375	0.117517542517	-0.910984374729
0.816225752526	0.127842976219	0.563410766156
-0.566428469055	-0.0148905583469	0.823976361655
0.113729096682	-0.991682624913	0.0602598461669
0.816286288955	0.127458575517	0.563410160638
-0.566416156143	-0.0147870685366	0.823986709781
0.113355351187	-0.991733669572	0.0601241129156
0.81612656828	0.127826493613	0.563558164779
-0.566552314528	-0.0150992460044	0.823887400731
0.113823953811	-0.991681582824	0.0600975049135
0.816233038764	0.127637730519	0.563446739142
-0.566454483588	-0.0148706452936	0.823958819321
0.11354706568	-0.991709346362	0.0601630585957
0.816402158643	0.127823791598	0.56315946718
-0.566175454165	-0.0148744459401	0.824150508516
0.113722742994	-0.991685325034	0.0602271692571
0.816435685315	0.127495455971	0.563185294945
-0.566243198284	-0.0143337661713	0.824113560981
0.113143307943	-0.991735564404	0.06049083937
0.816233764476	0.12770768904	0.56342984741
-0.566431463725	-0.0149601679193	0.823973068884
0.113656692258	-0.991699030706	0.0601266554875
0.816497585564	0.127479047493	0.563099264914
-0.566120921655	-0.0146353263774	0.82419226659
0.113308392281	-0.99173327195	0.0602188493694
0.209842258777	-0.660303774945	-0.721086074203
0.976261075862	0.101017583989	0.19159783728
-0.0536704143287	-0.744173598219	0.665826653
0.20956532459	-0.660463159292	-0.721020665284
0.976315791399	0.100798666316	0.191434363433
-0.0537574182112	-0.74406186252	0.66594450886
0.210055311582	-0.659998110415	-0.721303860933
0.976217516779	0.101117446423	0.191767101877
-0.0536295206251	-0.744431162483	0.665541973595
0.209747444026	-0.660306991649	-0.721110709401
0.976275919365	0.100875123856	0.191597241767
-0.0537708815361	-0.744190063468	0.66580014156
0.209528356141	-0.660064172069	-0.721396661383
0.976358879288	0.101156623524	0.191025288399
-0.0531149050413	-0.744367255274	0.665654708055
0.209563786644	-0.660007680417	-0.721438066606
0.976302122115	0.100483295344	0.191669707913
-0.0540110036181	-0.744508544188	0.665424556443
0.209186250395	-0.660009643234	-0.721545816789
0.976410189473	0.100593798503	0.191060224537
-0.0535185648305	-0.744491865869	0.665482995547
0.209939191359	-0.660077288408	-0.721265220037
0.976242348891	0.101054686087	0.191673775414
-0.05363227143	-0.744369487068	0.665610734385
-0.505517569286	0.343140445476	-0.791647989985
-0.846031345601	-0.0170352585055	0.532860870197
0.169360171321	0.939129586056	0.298919244756
-0.505390305059	0.342723703953	-0.791909792085
-0.84606524649	-0.0164677180154	0.532824946943
0.169570795636	0.93929190785	0.29828923012
-0.505560125291	0.343329621017	-0.791538847983
-0.846032726109	-0.0173288509599	0.532849273849
0.169226484	0.939055106808	0.299228861108
-0.505621892575	0.343107326268	-0.791595807994
-0.845864878656	-0.0164797391606	0.533142630979
0.169879862344	0.9391516494	0.298554918237
-0.505663035662	0.342887418234	-0.79166468839
-0.845866365469	-0.0164937168011	0.533139717758
0.169749380547	0.939231646241	0.298377278107
-0.505540714464	0.343005322246	-0.791691788054
-0.845910764904	-0.0163628420845	0.533073356158
0.169892660761	0.939190914637	0.298424006197
-0.505790491063	0.343286795139	-0.791410262877
-0.845852571011	-0.0171611453576	0.533140653241
0.16943864972	0.939073854554	0.299049932904
-0.505627994222	0.343266933625	-0.791522662778
-0.845787048872	-0.0161804029614	0.533275210694
0.170248586993	0.939098501042	0.29851200237
-0.299891203052	0.863693821162	0.405090314693
-0.176825803786	-0.467602875161	0.866071641683
0.937442166156	0.188096881151	0.292953411538
-0.299916656854	0.863586246553	0.405300757358
-0.176891267714	-0.467835003025	0.865932900381
0.937421670625	0.188013572168	0.293072447174
-0.299572490635	0.863701482939	0.405309811432
-0.176472762896	-0.467652402423	0.866116945259
0.937610611517	0.187938679568	0.292515604131
-0.299686514359	0.863516669018	0.405619083943
-0.176816527503	-0.468067074812	0.865822730185
0.937509357037	0.18775528443	0.292957499513
-0.299514306242	0.863649279902	0.405464211094
-0.176737888625	-0.467842161898	0.865960490575
0.937579342711	0.187706616392	0.292764871874
-0.299607760411	0.863678888915	0.405331881926
-0.176732434394	-0.467737608044	0.86601797917
0.937550427602	0.187830430055	0.292777915331
-0.299431793341	0.863697919176	0.405421408245
-0.176378545238	-0.467701435444	0.866109687295
0.93767330272	0.187833133545	0.292382451995
-0.299619681962	0.863794114047	0.405077433742
-0.176820908135	-0.467503929018	0.866126081634
0.937529927648	0.187882280636	0.292810275774
0.160912927063	0.747503290034	-0.644473618044
0.642659196711	-0.574939917674	-0.506393095277
-0.74906379558	-0.332691510938	-0.572905320946
0.161225960542	0.747431305699	-0.644483289779
0.642854777627	-0.57502810767	-0.506055158246
-0.748832426131	-0.332716894019	-0.573202290378
0.160794282298	0.747334838765	-0.644697335867
0.642550350087	-0.575076642811	-0.506373066795
-0.749181595949	-0.332829196346	-0.572668705294
0.161225308676	0.747223296078	-0.644720164733
0.642603912266	-0.575293265619	-0.506061773638
-0.749044028716	-0.332709561925	-0.572920620799
0.160750045798	0.747555634934	-0.644448890603
0.642359516579	-0.574965169493	-0.506733414418
-0.749351754106	-0.332513269669	-0.572622334324
0.161224071235	0.747654631228	-0.644219145633
0.642633273692	-0.574938708729	-0.506424720084
-0.749018177844	-0.332349325215	-0.573161179654
0.16058654183	0.747627712787	-0.644406863683
0.642289079726	-0.574884416931	-0.506916255866
-0.749447890752	-0.332493842755	-0.572509529793
0.160933381617	0.747397284656	-0.644591569094
0.642500083594	-0.575101265293	-0.506412086176
-0.74919599214	-0.33265125482	-0.572756082716
-0.222929974272	0.426596032692	-0.87653751541
-0.909774197029	-0.414026389396	0.0298834102946
-0.350161536225	0.804113134255	0.480404986201
-0.222802144481	0.426885624246	-0.876429022306
-0.909709940835	-0.414193627211	0.029519821031
-0.350409747118	0.803873286096	0.480625356461
-0.22289589765	0.426157368063	-0.876759546247
-0.909641878964	-0.414317848653	0.0298723204224
-0.350526826825	0.804195623675	0.480000350378
-0.222832268937	0.426285554854	-0.876713432145
-0.909644464763	-0.414321312695	0.029746255934
-0.350560642552	0.804125934004	0.480092421995
-0.222489098169	0.426293644607	-0.876796603322
-0.909914430678	-0.413728395473	0.0297403805419
-0.350077539801	0.804426808329	0.479940836488
-0.222745176349	0.426256905375	-0.87674949476
-0.909720291318	-0.414153148086	0.0297692326089
-0.350419202535	0.804227745273	0.480025137923
-0.222715874135	0.425768182377	-0.876994346198
-0.909708037277	-0.414166847612	0.0299515693749
-0.350469564018	0.804479499098	0.479566278566
-0.223075363799	0.425774706492	-0.87689976225
-0.909605907311	-0.414373065987	0.0301985663034
-0.350505901671	0.804369790167	0.479723687116
0.949040551415	0.185624650545	0.254687101974
-0.0129640569394	0.830445484732	-0.556949034376
-0.314887224303	0.525265440302	0.790532889394
0.949102664688	0.185981229122	0.254195029202
-0.013556849968	0.830427185308	-0.556962204257
-0.314674978789	0.525168227872	0.790681974181
0.949222885911	0.185526505777	0.254078389746
-0.0132864269302	0.830532147564	-0.556812195856
-0.314323691982	0.525163085383	0.790825106357
0.949202830815	0.185796990931	0.253955636322
-0.0136152925566	0.830562039499	-0.556759666258
-0.314370181263	0.52502017135	0.790901519329
0.949219409814	0.185589003181	0.254045730174
-0.0133084964099	0.830444767521	-0.556941979904
-0.314333254754	0.525279170494	0.790744202792
0.949141108222	0.18586212994	0.254138594674
-0.0135326130186	0.830507095932	-0.556843633237
-0.314560049964	0.525084023891	0.790783625702
0.949312467411	0.185784863674	0.253554377634
-0.0137933293422	0.830484135833	-0.556871475368
-0.314031180065	0.52514767489	0.79095153608
0.949216688966	0.185800308083	0.253901401537
-0.0136578411788	0.830575081589	-0.556739160836
-0.314326485617	0.524998357474	0.790933360115
-0.0842921431896	-0.845474914787	-0.527320633269
-0.0279732822899	0.531003262181	-0.84690793564
0.996048380995	-0.0566367763785	-0.0684101220255
-0.0847213073005	-0.846144658558	-0.526176323161
-0.0280038854557	0.529888327187	-0.847604946768
0.996011088624	-0.057075215107	-0.0685881712834
-0.0844123047002	-0.845594879538	-0.527108982179
-0.0277304913107	0.530785686343	-0.847052290121
0.996044978526	-0.0568846380503	-0.0682536082559
-0.0843320362653	-0.846034670706	-0.526415703647
-0.0276770577681	0.530082639685	-0.847494186998
0.99605328048	-0.056901252062	-0.0681187099272
-0.0840930122216	-0.845604605724	-0.52714443909
-0.0279187073304	0.530809988968	-0.847030885067
0.996066742074	-0.0565121690894	-0.0682456081453
-0.0840949883254	-0.846067127775	-0.526401406126
-0.0273140510574	0.530031422502	-0.847537981665
0.996083313627	-0.0568955450712	-0.0676825052489
-0.0844618562699	-0.845752546689	-0.526847997791
-0.0277512391416	0.53052885334	-0.847212487738
0.996040185802	-0.0569364595222	-0.0682801302871
-0.0846440666542	-0.845873229442	-0.526624968197
-0.0277806150299	0.53031963784	-0.847342502872
0.996023902748	-0.0570925516884	-0.0683872883021
0.923572003667	-0.105198671979	0.368711260737
-0.105261413318	0.855113799528	0.507642024822
-0.36869335395	-0.507655030422	0.778685804302
0.923530269903	-0.104759706729	0.368940707595
-0.105973257297	0.854816521424	0.50799447429
-0.368593964427	-0.508246122481	0.778347205393
0.923265619719	-0.1053556162	0.369433067679
-0.105446543086	0.855222811384	0.507419917869
-0.369407124878	-0.507438804817	0.778488433427
0.923360587981	-0.105259673783	0.369223002
-0.105471992978	0.855140325911	0.507553623649
-0.369162407117	-0.507597698239	0.778500926565
0.923274999539	-0.105291742329	0.369427832993
-0.105801645164	0.85480465811	0.508050201783
-0.369282123414	-0.508156122317	0.778079730762
0.923350986217	-0.104455084055	0.369475427293
-0.10645459637	0.854912054217	0.507732998644
-0.36890428958	-0.508148122515	0.778264164578
0.923409508808	-0.104867141467	0.369212351806
-0.105765301507	0.855183960296	0.507419050922
-0.368956066602	-0.507605432282	0.778593695883
0.923619329212	-0.104397974711	0.368820278465
-0.10612355898	0.854938145913	0.507758365089
-0.368327470005	-0.50811596114	0.778558312219
-0.961585961444	-0.266211541543	-0.066958111716
0.26134076511	-0.962452093358	0.0733928272916
-0.0839820103771	0.0530746432436	0.995052814178
-0.961583626091	-0.266098206634	-0.0674303545551
0.261244142657	-0.962515268086	0.0728974212041
-0.0843006892996	0.0524812396696	0.995057339391
-0.961732586941	-0.265727639259	-0.0667724802282
0.260919332443	-0.962614136354	0.0727628841272
-0.0836112692144	0.0525562278202	0.995111549959
-0.961622452279	-0.266018692505	-0.0672232276984
0.261195745218	-0.962548846257	0.0726577616801
-0.0840338609405	0.0523108295669	0.995088887464
-0.961588514426	-0.266240673504	-0.0667777898343
0.261373115339	-0.962435560789	0.0734692087248
-0.0838299708994	0.0531933626011	0.995059290534
-0.961688817607	-0.265754606363	-0.06728125868
0.260884437922	-0.96259134483	0.0731769930702
-0.0842115705982	0.052820937721	0.995046910456
-0.961558545825	-0.266137416411	-0.0676598679243
0.261232500028	-0.962485655897	0.0733536854661
-0.0846437420664	0.0528588481522	0.995008232996
-0.961596472567	-0.265920228745	-0.0679547504873
0.261046283459	-0.962576534737	0.0728041515681
-0.0847717763275	0.0522689060303	0.995028494744
0.206348060736	-0.160193466663	0.965276499789
0.244138545276	-0.946877948802	-0.20932985169
0.94753207783	0.278856001076	-0.156277218187
0.205935323194	-0.160175675281	0.965367500215
0.244116133324	-0.946914503187	-0.209189563073
0.947627548604	0.278741301023	-0.155901692482
0.205688178181	-0.160563332535	0.965355685056
0.243613677525	-0.946993591599	-0.209415963063
0.947810402215	0.278248244753	-0.155669772117
0.206030185796	-0.160037678804	0.965370040668
0.243818077121	-0.947025720264	-0.20903245732
0.947683554424	0.278441671284	-0.156095617864
0.205935672912	-0.160533530208	0.965307860438
0.244179578927	-0.946817905207	-0.209551070127
0.947611002986	0.278862517086	-0.155784354164
0.205850589818	-0.160873609785	0.965269718541
0.244087648388	-0.946777312392	-0.209845070297
0.947653506173	0.27880712921	-0.155627819488
0.206318794452	-0.160409063709	0.965246856183
0.243805094945	-0.946930887585	-0.209477885752
0.947624206513	0.278551326007	-0.156261098172
0.20588968106	-0.160637292782	0.965300682305
0.243705760916	-0.946938287871	-0.209561770952
0.947743240117	0.278395930135	-0.155816895684
-0.338804704401	-0.242784729962	0.90899221178
0.837365606065	-0.51832251728	0.173667756182
0.428987305125	0.819998306495	0.3789097784
-0.338540453701	-0.242820119113	0.909081203474
0.837453598529	-0.518257501226	0.173437310423
0.429024142756	0.820028914179	0.378801809393
-0.338577529202	-0.242556553284	0.909137750596
0.837327901324	-0.51843386618	0.173517058423
0.429240162105	0.819995428255	0.378629532082
-0.338296378937	-0.242877837507	0.909156690528
0.83752696565	-0.518217332989	0.173203191961
0.429073552778	0.820037267412	0.378727809001
-0.338482645041	-0.243125137076	0.909021256388
0.837572056666	-0.518110408283	0.173305018923
0.42883857888	0.820031552693	0.379006221016
-0.33857964629	-0.242846973036	0.909059535493
0.837483845855	-0.518190753491	0.17349129187
0.428934376468	0.820063270797	0.378829201954
-0.338511702525	-0.243129721004	0.909009235879
0.837465012353	-0.518305388149	0.173239446837
0.429024714014	0.819907001812	0.379065053381
-0.338409943644	-0.242951793239	0.909094601273
0.837437363699	-0.518361144489	0.173205728867
0.4291587466	0.819924379924	0.378875593644
0.640266782474	0.49101685166	-0.590728961292
0.191066266891	-0.846655600165	-0.496655802285
-0.744010709587	0.205123756969	-0.635902060824
0.63999903606	0.491584250846	-0.590547378607
0.191421935477	-0.846339123848	-0.497059329812
-0.744149799891	0.205073789294	-0.6357562704
0.640189256968	0.4911738761	-0.590682651024
0.191153509193	-0.846566317823	-0.496775694243
-0.744055177193	0.205119423517	-0.63585231604
0.640203427646	0.491244678385	-0.590608388267
0.191397895105	-0.846570762232	-0.496673886884
-0.743980139575	0.20493113507	-0.636000725804
0.640264718231	0.491349909435	-0.590454198842
0.19128466023	-0.846436133204	-0.496945715685
-0.743956365113	0.205231898289	-0.635930737336
0.640344793194	0.491405283189	-0.590321317897
0.19140671668	-0.846404781612	-0.496952433127
-0.743856087909	0.205229382974	-0.636049059579
0.640078068055	0.491417699672	-0.590600279997
0.191503056504	-0.846483088508	-0.4967825027
-0.744060901831	0.204877817463	-0.635923235185
0.640040560888	0.49130481916	-0.590734641642
0.19101967352	-0.846452889439	-0.497018881079
-0.74421725759	0.205270208482	-0.635612879374
-0.328236082462	0.0864598064576	0.940630498072
0.812693855063	0.533393140815	0.234564363179
-0.481445458988	0.841437130389	-0.245344219656
-0.328075071188	0.086270480256	0.940704037777
0.812609336178	0.533563731312	0.234469163178
-0.481697777876	0.841348397492	-0.245153143339
-0.327830247019	0.086233702504	0.940792798474
0.812759903275	0.533398147231	0.234324049906
-0.481610507295	0.841457170205	-0.244951344549
-0.327744348062	0.0863881632706	0.940808601166
0.812628224494	0.533703962596	0.234084350061
-0.481891178106	0.841247406792	-0.245119936956
-0.327712325158	0.0860568396283	0.940850008779
0.812678020401	0.533548350259	0.23426598835
-0.481828759855	0.841380020261	-0.244786849084
-0.32736626624	0.0857541825075	0.940998144296
0.812511917521	0.53391321573	0.234010785626
-0.482343934628	0.841179460095	-0.244461462852
-0.327781196824	0.0864423682367	0.940790758097
0.81242641261	0.534053567951	0.233987450483
-0.482206239736	0.841019928339	-0.245280790407
-0.327698791686	0.0862805084745	0.940834341251
0.812591454522	0.5337611371	0.234081621058
-0.481984140671	0.841222177035	-0.245023700483
0.76430396763	-0.261720906998	-0.589356940866
0.503864277099	-0.327992727576	0.79908792692
-0.402442824722	-0.907701983873	-0.118814319734
0.764469205703	-0.261688611829	-0.589156938243
0.503667809641	-0.327974212344	0.799219381162
-0.402374905991	-0.907717991522	-0.118922049924
0.764355594519	-0.262177742661	-0.589086882064
0.503545783817	-0.327933292084	0.799313073595
-0.402743301579	-0.907591635744	-0.118639147843
0.764316108999	-0.262228279208	-0.589115617677
0.50366771331	-0.327710654169	0.79932755396
-0.402665762111	-0.907657442835	-0.118398610432
0.764868684801	-0.261012441382	-0.588938361345
0.503450029627	-0.32815969251	0.799280454153
-0.401887988983	-0.907845626837	-0.119592344472
0.76473455232	-0.260923608959	-0.589151887421
0.50380013901	-0.32790042516	0.799166313741
-0.40170448852	-0.907964893249	-0.119303445391
0.764417136711	-0.261937587576	-0.589113863121
0.503618211431	-0.327907660426	0.799277972236
-0.402535887371	-0.907670248494	-0.118741697797
0.764193188748	-0.261931663127	-0.589406961002
0.503920490174	-0.327918914576	0.799082772612
-0.402582788266	-0.90766785872	-0.118600660935
-0.990332200117	-0.0953629910628	0.100379230341
-0.0693261474053	-0.285993082803	-0.955696234776
0.119849802813	-0.953450212552	0.276663215019
-0.990247757398	-0.0957423611021	0.100874141926
-0.0696547491884	-0.286333603648	-0.955572006345
0.120376111144	-0.953311619401	0.27691539918
-0.990208323453	-0.0948207078957	0.10022998435
-0.0692657230878	-0.286416801166	-0.955445713067
0.119328437574	-0.95324880507	0.277333504529
-0.990652790943	-0.095395796062	0.100317790413
-0.0691785067931	-0.286824841125	-0.955670386851
0.119909762645	-0.95341029793	0.277187102975
-0.989959522636	-0.0959471326124	0.100855716317
-0.0696209456574	-0.285834401548	-0.955542966689
0.120543152838	-0.953259453143	0.276670908446
-0.990377385528	-0.0956231421566	0.100713236214
-0.0695490157938	-0.286270550859	-0.955666731293
0.120207635642	-0.953410814697	0.276779233989
-0.99027142883	-0.0954757115657	0.100687420379
-0.0695391080195	-0.286401209626	-0.955546050084
0.120074479292	-0.953303902161	0.277045522757
-0.990021805305	-0.0959594793924	0.100584708233
-0.0692961536654	-0.28633023589	-0.955442096248
0.120513685127	-0.953133429542	0.277164438393
0.744233472994	0.612361169867	0.266702746896
0.247991404943	-0.624101211755	0.740944037595
0.620174830703	-0.485295375428	-0.616337329418
