-0.186945334291	-0.859070363813	0.476497128089
0.700127479262	0.223738484035	0.678057945964
-0.689110234897	0.46036852121	0.559631927606
-0.175356055584	-0.839053328781	0.51501434376
0.705195907803	0.257982605203	0.66041177514
-0.686985439756	0.478993207244	0.546458156193
-0.149198022919	-0.864288462731	0.480359749707
0.695233391193	0.253753026642	0.672502779979
-0.703129125921	0.434298181553	0.563022694462
-0.140023328945	-0.85756952966	0.494942386986
0.703071103446	0.265860653252	0.659552222953
-0.697197596191	0.440332389341	0.565705663511
-0.166593051038	-0.859337319959	0.483514330209
0.703145633113	0.24023680635	0.669232757384
-0.691254624307	0.451470525557	0.564217513085
-0.172028723472	-0.851880727142	0.494677022498
0.710261943012	0.240699184076	0.661507280825
-0.682593658168	0.465148510693	0.563651279723
-0.16697406609	-0.857915519336	0.485901807414
0.693510354897	0.248106877091	0.676377356802
-0.70083021654	0.44991543964	0.55354591783
-0.16707266366	-0.851424615355	0.497154729008
0.701310057669	0.251796171952	0.666905446725
-0.693001373173	0.460081293063	0.555044404602
0.808826702034	0.209766080035	-0.549361047068
0.233489861144	0.742853210183	0.627416604776
0.539705339155	-0.635741537791	0.551861259186
0.798102194225	0.171211417174	-0.577684636031
0.300166453576	0.718347348366	0.627596357498
0.522429888334	-0.674287578431	0.521922671035
0.775244971409	0.233123965136	-0.587067671618
0.253737143747	0.736189371289	0.627409492546
0.578457168737	-0.635356928295	0.511574899044
0.776190230438	0.234044076464	-0.585450340742
0.251188011429	0.736891791644	0.627610608767
0.578302095896	-0.634203329851	0.513179143409
0.790242507057	0.184358163055	-0.584404690468
0.268602891143	0.752967541569	0.600743174509
0.550789670742	-0.631705582186	0.54550782221
0.797491756421	0.214563246773	-0.56388785267
0.276618119286	0.700571236231	0.65778595097
0.536180299281	-0.680560470748	0.499347703893
0.785027763058	0.190499740569	-0.58944148746
0.278030726043	0.741959804577	0.610077513314
0.553561499448	-0.642810629749	0.529494264444
0.786828470117	0.223137130819	-0.575422265365
0.257742678605	0.728354477709	0.634876737283
0.560775957272	-0.647849967791	0.515578077601
0.934832846462	-0.188230093783	0.30109297786
0.06312121802	0.922524035188	0.380742848586
-0.34943277087	-0.33692556553	0.874287082487
0.943473504365	-0.15965649066	0.290460930904
0.0425285366408	0.927408692161	0.371624060499
-0.328708185117	-0.338264576567	0.881775485605
0.9556695254	-0.15942665675	0.247545753022
0.0658620621888	0.935173259936	0.348013165552
-0.286980744103	-0.316281703155	0.904216753796
0.967001286883	-0.142011316564	0.211521386264
0.0518622341789	0.922579306843	0.382305807667
-0.249437005164	-0.358720236225	0.899500401167
0.948185062814	-0.151956276872	0.2790239709
0.031588533989	0.91894728116	0.393113289773
-0.316144351425	-0.363930191101	0.876132161548
0.954378750003	-0.16279774301	0.250315990681
0.0546825588468	0.919414246181	0.389470486066
-0.29354900456	-0.358014436343	0.886371616336
0.951868738061	-0.166187427469	0.257541538835
0.0597176631017	0.924701591181	0.375979743637
-0.300632177233	-0.342503585182	0.890118861518
0.956174123087	-0.165106620295	0.241807467242
0.0580743554696	0.916383559572	0.396066336337
-0.286981561283	-0.364665569361	0.8858107069
-0.625757917787	0.719318091346	-0.301675591233
0.331164687349	-0.105169336786	-0.937693512245
-0.706227037671	-0.686673617168	-0.172402038127
-0.643526053276	0.71946381083	-0.261236895277
0.317505464463	-0.0596355614471	-0.946378900604
-0.696464766219	-0.691964282588	-0.190056042524
-0.559237213293	0.782004659846	-0.275177822925
0.317479854301	-0.10460623995	-0.942477770556
-0.765807197906	-0.61443186592	-0.18977120438
-0.556206234435	0.794038483995	-0.245229509374
0.332526842254	-0.0577885537978	-0.941321615225
-0.761617046496	-0.605114344602	-0.231896756501
-0.62135831383	0.736674907492	-0.266877402468
0.284196081446	-0.10551601781	-0.952942127917
-0.730168511076	-0.667964215014	-0.143796682291
-0.641335417517	0.718545151224	-0.269038342784
0.312938642969	-0.0751864428173	-0.946792652725
-0.700541340659	-0.691404214023	-0.176640760486
-0.60353723402	0.744887967269	-0.284404146276
0.302768458288	-0.115873786039	-0.945994301681
-0.737614440523	-0.657050891762	-0.155594922327
-0.599323581633	0.753283046992	-0.270878735539
0.336964421781	-0.069547954654	-0.938944969117
-0.726130578276	-0.654008660257	-0.212147580993
0.565289136067	-0.72211450581	0.398746591343
0.552741823154	0.690409694103	0.466702195232
-0.61231093453	-0.0434177682058	0.789423981248
0.578368018674	-0.707792793117	0.405610399476
0.534816230931	0.704432193975	0.466633563567
-0.616004897126	-0.0529589041286	0.785960126706
0.546977454213	-0.720064361426	0.42699296406
0.560014288095	0.693855205425	0.45271288773
-0.622253704755	-0.00850158760397	0.782769477802
0.580876737611	-0.711028655931	0.396258077185
0.547052243784	0.701484071919	0.456786534058
-0.602757045467	-0.0485628002715	0.796445602284
0.577419085879	-0.69682350229	0.425469406781
0.538519894374	0.716745969509	0.443025445527
-0.613664022747	-0.0266876127962	0.789116115406
0.562967516765	-0.715767691088	0.413212038296
0.554117074061	0.69783410851	0.453852207239
-0.613206200582	-0.0265362050127	0.789477033191
0.577990476066	-0.696343228868	0.425479851987
0.537895455309	0.7171925021	0.443061378988
-0.613673753712	-0.0272215723815	0.789090301318
0.55292985211	-0.729816918602	0.402039608036
0.525713796387	0.679913409983	0.511216941206
-0.646446892943	-0.0713093402701	0.759619242725
0.237188247156	-0.949519423629	-0.205316002548
-0.792062846804	-0.0666487774012	-0.606790303939
0.562475104749	0.306546718127	-0.767887366938
0.224620347818	-0.949746421258	-0.218007927995
-0.804207435529	-0.0543422677511	-0.591859230317
0.55026913597	0.308267226897	-0.775999513689
0.204116585607	-0.960396430399	-0.189671383973
-0.802835307027	-0.0533567461464	-0.593808625338
0.560171408777	0.273481096628	-0.781931164897
0.206081373348	-0.955929590659	-0.209115000463
-0.809752358394	-0.0466142045636	-0.584917286101
0.549392012858	0.289871922073	-0.783672559723
0.263054668257	-0.94231009733	-0.207012288997
-0.797146263235	-0.0914167895091	-0.5968258131
0.543470553329	0.322016919807	-0.775206592113
0.249398891537	-0.941182608162	-0.227981261257
-0.807201380288	-0.0719812787662	-0.585870784778
0.535001017806	0.330142307024	-0.777675950485
0.24952772708	-0.949050144174	-0.192457152004
-0.766419545629	-0.072072695203	-0.638284131508
0.59189273656	0.306772515555	-0.745354717026
0.224225466388	-0.951890239499	-0.208872974184
-0.812136838219	-0.0640491754687	-0.579940918516
0.538661956522	0.299670961071	-0.787426585922
0.947239072462	-0.199253659442	0.25106989824
-0.110104080036	-0.937909506241	-0.328940619975
0.301023597352	0.283941576929	-0.910363152587
0.943499811907	-0.217601409031	0.249915508748
-0.132626389934	-0.939112633325	-0.316983793235
0.303674785615	0.265928771043	-0.914912303504
0.947366210568	-0.185095424089	0.261221975099
-0.0993286466925	-0.945599778736	-0.309796527541
0.304353505384	0.267543926322	-0.914214535704
0.949747421984	-0.184019629358	0.253212647486
-0.0925142285212	-0.937825521851	-0.334553037095
0.299033420134	0.294315125537	-0.907721833195
0.95430677167	-0.17602219365	0.241484457207
-0.0915450894031	-0.941454399545	-0.324471637223
0.284460985613	0.287538752343	-0.914550252474
0.942994075664	-0.219873753883	0.249835437192
-0.135776949622	-0.939538332208	-0.31437828369
0.30385330881	0.262534983684	-0.915832897095
0.946768882334	-0.177648631225	0.268457989109
-0.0885891665913	-0.945526337681	-0.313262727091
0.309484551562	0.272804949453	-0.910932694963
0.938403473293	-0.226158799267	0.261249115311
-0.137125657534	-0.937711479326	-0.319207066382
0.317167868458	0.263721054708	-0.910963869881
-0.996016264292	0.0785105483761	0.0424560576538
-0.0782600162396	-0.539478096754	-0.838361607332
-0.0429161146423	-0.838338182707	0.54346176372
-0.994946942265	0.0940688764619	0.0350030257996
-0.0827597985102	-0.571560818742	-0.816372458689
-0.056788916916	-0.815146748774	0.576462864868
-0.99447062207	0.0717762025364	0.0766358987903
-0.103867591702	-0.565600248983	-0.818110807423
-0.0153755529308	-0.821548505311	0.569930640279
-0.994562023694	0.069149340591	0.0779457794123
-0.102762636641	-0.527209182186	-0.843503754685
-0.0172341620929	-0.846922140667	0.531439937535
-0.996752812836	0.0687028933252	0.042010216645
-0.0728180240905	-0.546180217361	-0.834497195627
-0.0343872246826	-0.834846061613	0.549408612938
-0.996062294661	0.0693998754176	0.0553409644288
-0.0847905307857	-0.55947571376	-0.824507357544
-0.026258921169	-0.82594520039	0.563142225781
-0.9978446218	0.059017954878	0.0294271689574
-0.0574648878356	-0.559205088478	-0.827055613993
-0.0323552768012	-0.82694623947	0.561357717257
-0.994858762795	0.0663764633264	0.0764300283139
-0.0994005642806	-0.497680085084	-0.861642362341
-0.019154945379	-0.864813389048	0.501725749397
-0.990646036556	0.0605206120391	-0.122286661451
0.0608570988853	0.998146001292	0.000984993509306
0.122119554395	-0.0064662365687	-0.992492488949
-0.99156854417	0.0355234150735	-0.124657287537
0.03105248557	0.998809231694	0.0376280151029
0.125845522345	0.0334396674951	-0.991490909143
-0.983194029294	0.0486731809382	-0.175950960797
0.0342527386551	0.995869612551	0.0840860344564
0.179316951353	0.0766461528932	-0.980800243995
-0.984855765679	0.0331301716186	-0.170168356253
0.0203829285719	0.996890466244	0.0761178552429
0.172161011742	0.0714967369358	-0.982468607477
-0.984575691782	0.0616183165387	-0.163740139269
0.0603477951065	0.998096268043	0.0127271525341
0.164212648011	0.00264950047838	-0.986419853069
-0.981219180132	0.0500870663658	-0.186285336559
0.0453759673968	0.998535174842	0.0294707936674
0.187488566096	0.020464405182	-0.982054615003
-0.984878794438	0.0428312571897	-0.167863124413
0.0228710772648	0.992620643502	0.11908470683
0.171724951463	0.113444863187	-0.978590615516
-0.98979139069	0.0480108147984	-0.134183946016
0.0409000626331	0.997634109527	0.0552572642685
0.136519429323	0.0492051017702	-0.989413296184
-0.868304290551	-0.233380760084	-0.437699019737
-0.495140085946	0.354929579552	0.793007607233
-0.0297204701371	0.905294532548	-0.423742857425
-0.874878306674	-0.262506695075	-0.407032881133
-0.480739028735	0.368357890577	0.795739678753
-0.0589535201113	0.891853062523	-0.448464859124
-0.862272401578	-0.274847932755	-0.425375634684
-0.50146914333	0.345917373252	0.793013050023
-0.0708132403634	0.897106244031	-0.436102619809
-0.874097977611	-0.244610572587	-0.419666676469
-0.483490476738	0.35486095853	0.800194509592
-0.0468125032857	0.902352459993	-0.428450630841
-0.894148473248	-0.237720011186	-0.379461307509
-0.445425777149	0.38552828962	0.808062402607
-0.0457991775702	0.891548184754	-0.450607040361
-0.877610389516	-0.235753519638	-0.417396333393
-0.479338048204	0.42090994216	0.770110171539
-0.0058699826229	0.875930886967	-0.482400418974
-0.897740012644	-0.214112869614	-0.384990952702
-0.43798855614	0.34017632163	0.832133352172
-0.0472057124394	0.915661274802	-0.399168724684
-0.893314520953	-0.234819588658	-0.383213352228
-0.445624527928	0.351966292777	0.82312801102
-0.0584079844899	0.906079854759	-0.419059019505
0.874190904778	-0.012713352928	-0.48541593796
-0.472489944438	0.208296677389	-0.856367764238
0.111997832895	0.977983060118	0.176084129389
0.881556534307	0.00754227726339	-0.47201821175
-0.464120878795	0.196659216034	-0.863664849219
0.0863127339201	0.980442897859	0.176866744716
0.884892827949	0.0367510961085	-0.464342591271
-0.460894594929	0.213301013743	-0.861439994535
0.0673858850147	0.976295062342	0.205686917834
0.883610830963	0.0309732854185	-0.467196489421
-0.462714327517	0.210359794092	-0.861187691643
0.0716055531829	0.977133278892	0.200207973233
0.895049870469	0.0273095876435	-0.445129095089
-0.438813766046	0.231973134808	-0.868119179906
0.0795500069146	0.972338736354	0.21961134925
0.89753054234	0.0248668331542	-0.440250571458
-0.438240620505	0.160858372761	-0.88434706892
0.0488270785523	0.986664188251	0.155272959175
0.883391033256	0.0277807057031	-0.467812481563
-0.463952813657	0.192624952851	-0.864663770532
0.0660913928942	0.980879137183	0.183052091259
0.90680733937	0.0231495422173	-0.420909191884
-0.41559406958	0.216282129499	-0.883461152827
0.0705834148154	0.976056421484	0.205747034928
0.214572192399	0.670937137533	0.709790203118
-0.358297182392	0.730124161808	-0.581843482115
-0.908615377403	-0.129468397953	0.397059227857
0.220102356252	0.655490814479	0.722417300158
-0.372649402586	0.740910706043	-0.558734061934
-0.901491756028	-0.146229686953	0.407344449538
0.206511197224	0.677906227588	0.705546798181
-0.371874796869	0.721358765293	-0.584252232811
-0.905020592738	-0.141720438502	0.40106489923
0.2177248861	0.647335880433	0.73044653688
-0.339737868871	0.751862673852	-0.565049293184
-0.914972166676	-0.125135051751	0.383623724482
0.217274602268	0.657147455991	0.721767955319
-0.334944020926	0.744730349761	-0.577225444034
-0.916844732268	-0.116335426585	0.381918598296
0.214898958748	0.683253058869	0.697842177299
-0.330582311672	0.723246810843	-0.606324491596
-0.918985191437	-0.100395774042	0.381296359589
0.218273782086	0.64555447898	0.731857900595
-0.37383380928	0.748045862642	-0.548339015172
-0.901445980097	-0.153905188964	0.404608885119
0.206125520772	0.650269286016	0.731205947793
-0.349969251772	0.746816741725	-0.565496490843
-0.913801841341	-0.139336334116	0.381512241849
-0.468760619882	0.786780328916	0.401537802706
0.854364962743	0.288409870682	0.432292239736
0.224313181529	0.545703934501	-0.807391772726
-0.470697398141	0.78023548599	0.411923831614
0.843356506784	0.260701374182	0.469879726328
0.259226655873	0.568568149962	-0.780728817971
-0.475219531511	0.789777042105	0.387831293251
0.835788311197	0.267437447295	0.479512643412
0.274988703634	0.552020561293	-0.787177133366
-0.475915446027	0.780406290704	0.405545699917
0.842372233087	0.271933623929	0.465252134915
0.252804893576	0.563042227145	-0.786809550207
-0.424025690078	0.794190362989	0.435266782036
0.871038273871	0.226043891346	0.436111038374
0.247967396369	0.564058666873	-0.78761765311
-0.46693262046	0.781179421215	0.414404703628
0.833978109626	0.233197500315	0.500098706659
0.294029010784	0.579117359098	-0.760373834005
-0.455651722131	0.795928574124	0.398587226053
0.853123105088	0.262667821769	0.450758046284
0.254076837678	0.545435196533	-0.798709094839
-0.485791407003	0.765025038305	0.422776298139
0.851540166918	0.305109622409	0.4263634343
0.197186337326	0.567135896191	-0.79966871981
-0.822199097785	0.554102128948	0.130227181076
-0.533360773121	-0.829896114248	0.16370207129
0.198782729863	0.0651376476697	0.977876530471
-0.820595488277	0.549384896042	0.15747648032
-0.519115563153	-0.831763562943	0.196692567207
0.239043171719	0.079656574763	0.967736112985
-0.83437538241	0.542941753376	0.0950347618892
-0.52428561021	-0.834968910014	0.167185975538
0.170123344822	0.0896705298884	0.981334417961
-0.837040528104	0.541996013313	0.0748582148132
-0.516136277527	-0.827585140532	0.220695385608
0.181567546087	0.146093914184	0.97246583415
-0.810347679565	0.573851172961	0.118454734069
-0.559776956998	-0.817912086861	0.13292716546
0.173165964168	0.0414089868777	0.984021770664
-0.835338190915	0.532556531105	0.136357095921
-0.499713483181	-0.838977414843	0.215413418728
0.22912038573	0.111803610939	0.966955942324
-0.821306471874	0.567518756682	0.0581209165241
-0.544559910005	-0.810265323821	0.216620661282
0.170029657819	0.146261639856	0.974524215595
-0.861209294158	0.502927065216	0.0733651405268
-0.484795838274	-0.856207890086	0.178551310658
0.152614127665	0.118202971279	0.981191612693
-0.045157102451	0.560052638049	-0.82722540358
0.495102082486	0.731764317083	0.468396103204
0.867660505977	-0.388409608781	-0.310327583621
0.0128266531534	0.556121938195	-0.831001753153
0.489915870394	0.720987679492	0.490060424047
0.871675377546	-0.4134067841	-0.263205104574
-0.00603987126207	0.574466285221	-0.818505985533
0.522686180584	0.699618504023	0.487168469601
0.852503793443	-0.424879333801	-0.304491194233
0.0205218154111	0.569929611069	-0.821437216657
0.524717640263	0.693221692566	0.494080039333
0.85102894221	-0.441162017514	-0.284825953028
0.008452597991	0.565914750504	-0.824420447514
0.474645257401	0.723383836846	0.501425678778
0.880136613682	-0.395545606565	-0.262494279727
0.0096672471373	0.570462244566	-0.821266955358
0.459108102138	0.727090314609	0.510450228725
0.888327830809	-0.381984964337	-0.254874876851
-0.0328399640826	0.566814756556	-0.823190443567
0.525473570986	0.710404111601	0.468191741699
0.850175864645	-0.417189420468	-0.321175819686
-0.00175647507122	0.551760004944	-0.834001080512
0.485509442276	0.729581268638	0.481655220426
0.874229653359	-0.404069383704	-0.269166183567
0.733470567708	-0.674076967433	0.0874137875405
0.67433477144	0.705457885695	-0.218178343826
0.0854022499886	0.218973550147	0.971986131712
0.732985711179	-0.678324169818	0.0510712507774
0.667406730947	0.702606540615	-0.246804193496
0.131530253183	0.214989244105	0.967718666761
0.722427394555	-0.683563591793	0.104112772747
0.687924979374	0.695375514137	-0.207875227895
0.0696984664642	0.221796536479	0.972598796819
0.7026644435	-0.703402401212	0.107180851555
0.706277130839	0.671271306879	-0.22487205122
0.0862281127331	0.233708979148	0.968475515907
0.742183931805	-0.668032124108	0.0538153586482
0.657976911002	0.711035721127	-0.247981023872
0.127394647667	0.219456794775	0.967269000336
0.701183311481	-0.711961745052	0.038110933059
0.697012425633	0.673249376573	-0.246797410743
0.150052151435	0.199614020093	0.968317404295
0.715431592753	-0.693129469264	0.0879157172741
0.69116563667	0.683700554864	-0.23418713074
0.102213977486	0.228309194634	0.968208249436
0.683825488881	-0.726652619725	0.0660202754572
0.723410191649	0.663396644116	-0.191265766238
0.095186139448	0.178552146341	0.979315439617
-0.213857336077	-0.921290784517	0.324790615462
-0.95172724072	0.271441242641	0.143301358755
-0.220183815933	-0.278465995257	-0.934867239211
-0.179812035937	-0.928801706636	0.324028669762
-0.957191637361	0.241157004134	0.1600849275
-0.226828918887	-0.281372358978	-0.932404157079
-0.186837606598	-0.937396122329	0.293905517677
-0.969491375797	0.224261980168	0.0989605473041
-0.158677080055	-0.26644929632	-0.950698029103
-0.16195906332	-0.926819302889	0.338785368827
-0.975004711004	0.203215343189	0.0898305789884
-0.152103122446	-0.315768426532	-0.936565755917
-0.163168774871	-0.929769455467	0.330006393888
-0.959391473804	0.227539813129	0.166713249738
-0.230094459555	-0.289402949755	-0.929140279353
-0.17897879349	-0.9280356772	0.326675174367
-0.954178632026	0.244665804012	0.17228456783
-0.239812480676	-0.280871173266	-0.929301803982
-0.157353974219	-0.932695506682	0.324529699041
-0.979009507766	0.190437121565	0.0726263102505
-0.129540794538	-0.306289550998	-0.943083814088
-0.188537482908	-0.925830934515	0.327552294869
-0.969926391115	0.227824927131	0.0856648902576
-0.153935769063	-0.301550589951	-0.940941393802
0.0836151993325	0.932878351208	0.350355769807
0.84172478914	-0.254315266442	0.476263372454
0.53339531582	0.255079208168	-0.806491988754
0.0842556510388	0.921058207195	0.380206057346
0.866847961586	-0.255926597707	0.427880254183
0.491405615127	0.293527987395	-0.819981436918
0.0489085929303	0.933214860242	0.355977314801
0.876123445314	-0.211222269053	0.433353491746
0.479601430984	0.290684648476	-0.827942332052
0.0740454205032	0.921367403655	0.381583168096
0.865875717787	-0.249234661361	0.433762453723
0.494755341596	0.298282973695	-0.816245574385
0.0947031323627	0.928478153091	0.359112154251
0.838473232132	-0.268858048244	0.474004912057
0.536652456527	0.256215411105	-0.803966166475
0.0611976483782	0.918718305673	0.390151748604
0.881356743421	-0.233209611366	0.410892424983
0.468478391117	0.318714557094	-0.823991726122
0.101389044137	0.933285234003	0.344533324293
0.871834752588	-0.250171541579	0.42109893777
0.479195892862	0.257679691097	-0.839035891825
0.0821359530529	0.933126912993	0.350045251946
0.882497654837	-0.231304811866	0.409513259497
0.463093298773	0.275276923743	-0.842481393237
0.937575555351	0.013419803207	-0.34752229195
-0.0245613064866	-0.994201305088	-0.104655285562
-0.346912923865	0.10665784291	-0.931808989426
0.937986576873	0.0380011315624	-0.344582214341
-0.0131683346649	-0.989347832879	-0.144952626429
-0.346421107039	0.140501184858	-0.927494382564
0.934769504354	0.016281986361	-0.354881489297
-0.0311186874904	-0.991356573405	-0.127451151281
-0.353889250775	0.130180895657	-0.926183219511
0.930782252048	0.0218977660094	-0.364917693442
-0.0326028473522	-0.989255121732	-0.142521539978
-0.364117411679	0.144553875275	-0.920067216396
0.944981368204	0.042823730798	-0.324308523925
-0.00125964713045	-0.99090471406	-0.134516050704
-0.327121237309	0.127523655407	-0.936332227836
0.943733192058	-0.00844830292014	-0.330599365546
-0.0383132893473	-0.995729153736	-0.0839238052755
-0.328480450227	0.0918680543513	-0.940025988812
0.92543444357	0.0427663537457	-0.376486614356
-0.0156965938613	-0.988430675419	-0.150862566926
-0.378582552085	0.145522974632	-0.914056547122
0.932756844102	0.0239842004249	-0.359707112564
-0.0326773830584	-0.988048840857	-0.150615870358
-0.359021778359	0.152242273687	-0.920825356661
0.805348426372	0.185568556958	0.563008200269
-0.572216450399	-0.00475902572091	0.820088861718
0.154862057309	-0.98261982368	0.102352698752
0.81471141299	0.140302553851	0.562637094914
-0.566562816423	-0.0140470556629	0.823898792632
0.123498511075	-0.990009009473	0.068045918078
0.806180907844	0.131387163809	0.576896663407
-0.5784968837	-0.0295578748137	0.815148885039
0.124151933591	-0.9908903887	0.0521780681692
0.804343981898	0.133475715924	0.578977541096
-0.582135890912	-0.0180430003352	0.812891296617
0.118947737879	-0.990887828597	0.0631882253265
0.823054771423	0.174283587707	0.540560887605
-0.549016481863	0.000365266798804	0.835811439913
0.145470769554	-0.984695430833	0.0959851975872
0.84790056989	0.125118232731	0.515179625214
-0.524679355856	0.0587330838185	0.84927143266
0.0760012627253	-0.990401848056	0.115446772554
0.801747799896	0.149075033337	0.578772060647
-0.580457938641	-0.0364578428765	0.813473661981
0.142369397058	-0.988153556743	0.0573017924255
0.857365307778	0.12536898048	0.499206720707
-0.502974631475	-0.00184237428775	0.864299219909
0.109276032863	-0.99210848206	0.0614778273347
0.191568228622	-0.685461320577	-0.70245598897
0.980479739012	0.101361204563	0.168479716917
-0.0442845326629	-0.721019217233	0.691498501777
0.170280549602	-0.704114865386	-0.68936692054
0.984062601007	0.0851331969487	0.156118840548
-0.0512376042694	-0.704964219955	0.707389668085
0.228574771565	-0.664403811381	-0.711562470564
0.972651585653	0.124877296515	0.195843187444
-0.0412609624052	-0.736867177017	0.674777219931
0.209760574577	-0.693751218629	-0.688991858418
0.976252851177	0.109587174724	0.18687177113
-0.0541378322787	-0.711828585354	0.70026364513
0.150173567461	-0.679184065463	-0.718440601473
0.988590313791	0.0945524023363	0.117256245975
-0.0117082920496	-0.727852210935	0.685634065913
0.165316321645	-0.673660558516	-0.720313784413
0.980926829522	0.0365981764323	0.190900781026
-0.102240164511	-0.73813413752	0.666862007263
0.129104062087	-0.669282493364	-0.731705585904
0.990233125914	0.0478471194835	0.130954139966
-0.0526353180777	-0.741465828281	0.668922970813
0.233011283472	-0.67737610943	-0.697758810539
0.971647721461	0.132593722263	0.195753980753
-0.0400806273704	-0.723588641408	0.689066778477
-0.466759919331	0.374260763879	-0.801288965266
-0.855844129567	0.0371633841394	0.515896960954
0.222858589966	0.926578506688	0.302962530499
-0.455117371694	0.339711226848	-0.823082359042
-0.860617540452	0.0693731937529	0.504504587731
0.228485746775	0.937967863164	0.260788432994
-0.477916230922	0.402881578249	-0.780565506624
-0.852316036183	0.00227708800135	0.523022169068
0.212493413283	0.915249282315	0.342294172508
-0.475787017499	0.400718363759	-0.782976000529
-0.843455639842	0.0445663693367	0.535346957017
0.249417738098	0.915116699506	0.31678411697
-0.481642371128	0.359114941169	-0.799410499412
-0.831535909365	0.10075082127	0.546257577154
0.276710532826	0.927839300844	0.250091071035
-0.480891488021	0.373440510994	-0.793275235073
-0.838139735693	0.0698390820889	0.540966088916
0.257420273646	0.925021464969	0.279410289909
-0.522883897832	0.396964292131	-0.754328705749
-0.824474562802	-0.0108552213987	0.565794901165
0.216411970177	0.917769865307	0.332962971778
-0.484427919152	0.397783316638	-0.779164925456
-0.82907020304	0.075536663671	0.554018757838
0.279234930635	0.914364598292	0.293198250994
-0.284792217068	0.891018101894	0.353525219972
-0.180910890973	-0.412129051444	0.892984230034
0.941363154466	0.190358418934	0.27856606651
-0.297823864963	0.872002643982	0.388474308786
-0.211421536764	-0.457086350625	0.863928787857
0.930914514598	0.175166793615	0.320491399207
-0.239668720802	0.884549928646	0.400162811958
-0.167695062418	-0.443698221476	0.880346632768
0.956262107574	0.143886245061	0.25467528125
-0.257856352066	0.873720400518	0.412459293102
-0.18577238124	-0.463764630921	0.866262592393
0.94815538237	0.146747805196	0.281897850908
-0.251672132242	0.880094743942	0.402609537862
-0.164016969825	-0.448767723675	0.87846800383
0.95381320598	0.155051094255	0.257292755693
-0.260493977264	0.883369116869	0.389617668042
-0.169608057652	-0.439144356229	0.882261515858
0.95046095694	0.16374150038	0.264220951943
-0.252943482783	0.877381197394	0.407703019758
-0.134217300235	-0.449154461093	0.883315287843
0.958125896831	0.168708078875	0.231370488434
-0.265181863821	0.883078456338	0.387106170799
-0.178916260187	-0.439574479368	0.880206476096
0.947453280832	0.164155135993	0.274564142846
0.164328195616	0.76907053505	-0.617675259867
0.649913816796	-0.555465110921	-0.518712869386
-0.742027118959	-0.316198548774	-0.591106217359
0.176840593694	0.766441833378	-0.617493452658
0.655438672901	-0.559741859121	-0.50704682246
-0.734255673518	-0.315060708674	-0.601342525487
0.134353276575	0.747929540377	-0.650038211137
0.626134184103	-0.572515371405	-0.529320748608
-0.768052248746	-0.335895629685	-0.545223092123
0.154173443508	0.743767425791	-0.650416076684
0.63515441157	-0.578854228784	-0.511378139901
-0.756842077279	-0.334273458171	-0.561651370152
0.128309147968	0.779891442224	-0.612621577365
0.619017611905	-0.545599409422	-0.564922010534
-0.774824531658	-0.306739335887	-0.552771485263
0.170044821259	0.781936186363	-0.599719264971
0.634633379986	-0.55247351846	-0.540387285284
-0.753875234591	-0.288710487417	-0.590189324432
0.121298348665	0.771047536083	-0.625119795197
0.60892951841	-0.555149893724	-0.566584148497
-0.783896614903	-0.311926999182	-0.536853569979
0.152250433885	0.738396849891	-0.656955165636
0.62424078252	-0.587182815972	-0.515305876071
-0.766252858411	-0.331642567451	-0.550336366166
-0.184125628494	0.455774279561	-0.870842999445
-0.924962578092	-0.380043509461	-0.00333554370962
-0.332478499638	0.804883036728	0.491549928153
-0.166115276195	0.49559110834	-0.852522844249
-0.919508452875	-0.390171616955	-0.0476482120065
-0.356244230443	0.775986855784	0.520513651047
-0.181747826452	0.415200668768	-0.891390022579
-0.912334811493	-0.409418237846	-0.00468466721331
-0.366896387879	0.812394706422	0.453212864008
-0.163056996614	0.433270283983	-0.88639114824
-0.916229448273	-0.399752962574	-0.0268543472148
-0.365972683102	0.80775888659	0.462157518716
-0.147263551064	0.466077472492	-0.872401985405
-0.933010582403	-0.358248691542	-0.0338985825113
-0.32833624172	0.808968262918	0.487612198981
-0.153018207663	0.470970594469	-0.868776212928
-0.922619975027	-0.383057712517	-0.0451569222535
-0.354059021471	0.794640462783	0.493141699533
-0.163393673063	0.409467593356	-0.897573866672
-0.920947893933	-0.38955583013	-0.0100642856892
-0.35377610547	0.824974304556	0.440749234094
-0.187888206948	0.422775328388	-0.886543271843
-0.914899587403	-0.403678989086	0.00139117907989
-0.357290772501	0.8113594839	0.462643555946
0.920537001193	0.135665860689	0.366341920927
0.0925151526093	0.835379096227	-0.54183273321
-0.379542586968	0.532669258062	0.756446220296
0.923180159946	0.200298397825	0.328053265861
0.0180050479484	0.83001621485	-0.557448566091
-0.383945584246	0.520532071459	0.762648119657
0.949149267633	0.134606407514	0.284599337511
0.0459811664427	0.835024121769	-0.548288654569
-0.311450477906	0.533493984458	0.786373174002
0.945845220862	0.170249224958	0.276391064119
0.0098449069458	0.835998971705	-0.548642688268
-0.324468637515	0.521652109153	0.789049544205
0.936114830349	0.145515854488	0.320178328021
0.0537972552873	0.840426430587	-0.539248804538
-0.347555579678	0.522023518594	0.778907291895
0.930329879108	0.180648367395	0.319143356896
0.0217712144451	0.84151386559	-0.539796652115
-0.366076944255	0.509137092315	0.778952558555
0.948621385481	0.171088577239	0.266169433288
0.00222537828639	0.837579399953	-0.546311084564
-0.316405619688	0.518834706013	0.794164993915
0.94418133467	0.174735717485	0.279265172175
0.00558475126534	0.839120015941	-0.543917649714
-0.329378836461	0.515116519006	0.791305601073
-0.0439724248583	-0.832568410594	-0.55217410059
-0.0445283016149	0.553792786271	-0.831463028242
0.998039892006	-0.0119740828248	-0.0614244627877
-0.0955055869826	-0.885622716655	-0.454478940657
-0.0458719573513	0.459996554752	-0.88673499054
0.994371393034	-0.0638402981189	-0.0845574937148
-0.0810185633346	-0.840588517752	-0.535580931072
-0.0219633302511	0.538722592839	-0.842196876642
0.996470572586	-0.05647044116	-0.0621086531755
-0.0555050896119	-0.881320745741	-0.469247158055
-0.00718697073008	0.470312162346	-0.882470849907
0.998432521339	-0.0456091724391	-0.0324387365285
-0.0332769231461	-0.843196637572	-0.536574369086
-0.0231253631569	0.537377577005	-0.84302464194
0.999178583013	-0.0156447987198	-0.0373814956364
-0.0269014957124	-0.877519046554	-0.478786627806
0.00584137379984	0.478813795195	-0.877897049291
0.99962102338	-0.026413514269	-0.00775489114941
-0.0884246965667	-0.84933900491	-0.520388663745
-0.0167667179615	0.523630224751	-0.851780652277
0.995941757225	-0.066593221597	-0.0605424790642
-0.10441304909	-0.857217797574	-0.504257450072
-0.0220011561476	0.508895684495	-0.860546998904
0.994290640386	-0.0787580835086	-0.0719951358446
0.936604139619	-0.131895017226	0.324617299048
-0.0524520542219	0.863231153884	0.502076446985
-0.346441147121	-0.487273722912	0.80158770757
0.935272982043	-0.0848505022881	0.343605647764
-0.120741655206	0.836103042545	0.535119757225
-0.332694907704	-0.541970565747	0.771739595805
0.904570882618	-0.164742442814	0.393206619968
-0.0655819503942	0.85757029309	0.510168795977
-0.421248770008	-0.487271095123	0.764928986213
0.913425628867	-0.156651321737	0.375651411346
-0.0594420693197	0.861721951929	0.503886808949
-0.402641602226	-0.482592622442	0.77780723714
0.902400918355	-0.151375485804	0.403432826909
-0.0901246501464	0.849248268101	0.520245065403
-0.42136697897	-0.505828867245	0.752719754341
0.909033616406	-0.119461602799	0.399232776352
-0.118961989216	0.843772385507	0.523350940192
-0.399381934217	-0.523237123048	0.752806073118
0.93026909698	-0.103650185328	0.351931878288
-0.0918941302708	0.862853049532	0.497031271704
-0.355182877819	-0.49471330618	0.793160683582
0.941556580781	-0.0765458003803	0.328042596282
-0.111453051977	0.848201139617	0.517815645042
-0.317882716952	-0.52411407679	0.790098101766
-0.952280311239	-0.280882596756	-0.119442050216
0.261719614481	-0.952783695117	0.153965259745
-0.157048654614	0.115357811405	0.980830407282
-0.956442751559	-0.258253476889	-0.136093502279
0.245682322114	-0.963912934048	0.102523583606
-0.157659431334	0.0646222118886	0.985376814342
-0.971169807382	-0.216801708798	-0.099101611104
0.207282850285	-0.97335181205	0.098055950086
-0.117719710495	0.0746871369885	0.990234253138
-0.954492085131	-0.259972746117	-0.146149974867
0.246992742078	-0.963720241028	0.101186316039
-0.167153310582	0.0604835222914	0.984073940659
-0.966858361819	-0.248728644596	-0.0576063991216
0.238363477839	-0.96023460748	0.145368085568
-0.0914728828398	0.126819120114	0.987699154361
-0.973094985222	-0.21161786607	-0.0910985346311
0.199927365868	-0.972109370621	0.122586039108
-0.114499400126	0.101075058084	0.988268025267
-0.954183518112	-0.24807242535	-0.167312699771
0.224746634737	-0.963328219934	0.146585617287
-0.197540927147	0.102266635818	0.974945697392
-0.95115552232	-0.248956699812	-0.18255308971
0.229201610243	-0.965620936205	0.122657001718
-0.206813178511	0.0748243264403	0.975515070702
0.214610257646	-0.126744900142	0.968441023631
0.273377265538	-0.944116467188	-0.184142858747
0.937660469813	0.304268716809	-0.16796775359
0.186856089744	-0.107145036938	0.976527008011
0.272960026382	-0.94923054534	-0.156380325105
0.943704339458	0.29577343211	-0.148123448563
0.175083394357	-0.161110415861	0.971282471393
0.225176036552	-0.953820526086	-0.198804186891
0.958458114837	0.253516835858	-0.130720330296
0.20027664578	-0.109320372381	0.973621519884
0.245198756419	-0.956538199661	-0.157840330795
0.948560687383	0.27034247975	-0.164767582774
0.194612302841	-0.132541288164	0.971884211014
0.277832041952	-0.942802501258	-0.184208977747
0.940710087727	0.305869903636	-0.146656809913
0.19762272961	-0.155996551421	0.967786290596
0.277027050349	-0.938126534396	-0.207784865149
0.940319755027	0.30916599547	-0.142179833635
0.20493079039	-0.11451676651	0.972054288458
0.242497248807	-0.956228565657	-0.163776220046
0.948260889124	0.26928326372	-0.168190932161
0.182217247886	-0.148501577029	0.97197928358
0.230482322922	-0.954535920847	-0.189045101859
0.955863141307	0.258471339487	-0.139705492363
-0.362787685229	-0.240037494106	0.900426062788
0.840957737761	-0.500611460112	0.205373432429
0.401466283048	0.831727217825	0.383477062749
-0.336581166353	-0.230161526075	0.913092996003
0.846577323207	-0.498563383106	0.186390507665
0.412334795119	0.835739347782	0.362656549811
-0.340488280344	-0.22689700411	0.912461214849
0.848824602502	-0.491596148222	0.19449937797
0.404431098291	0.840744291309	0.359978496161
-0.31874109281	-0.247076515774	0.915072268981
0.864747937103	-0.471095027994	0.174012700771
0.388091570873	0.846771876072	0.36381629517
-0.334170422189	-0.251994194219	0.90820097928
0.858308134844	-0.479479885768	0.182773478948
0.389406263876	0.840593793117	0.376516692443
-0.342259169577	-0.229428385948	0.911164753064
0.847692082073	-0.493701827958	0.194104512837
0.405310653075	0.838821222689	0.363458660633
-0.333201134168	-0.272146516913	0.902725467576
0.854073232538	-0.492715875461	0.166703242013
0.399419466151	0.826539370367	0.396606550377
-0.329680592477	-0.247265860833	0.911136758021
0.8575052168	-0.482174896809	0.179421432198
0.394962531022	0.840456329167	0.370995560886
0.623684096911	0.489890709802	-0.609118166716
0.179509833738	-0.848182273849	-0.498358889751
-0.760785165579	0.201475695438	-0.616937754233
0.591468033655	0.540922593881	-0.597970300938
0.199517172386	-0.81671555007	-0.541451157743
-0.781254524018	0.200945778077	-0.590984617443
0.636321770811	0.493775812746	-0.592688916921
0.178780374886	-0.84178106293	-0.509355213664
-0.750421403646	0.218152705409	-0.623921122664
0.639743963394	0.482532461841	-0.598239164395
0.183418934901	-0.851721587311	-0.49084406904
-0.746381382985	0.204286145055	-0.633389344818
0.631131622422	0.509575472415	-0.584812565811
0.189365477503	-0.832347841566	-0.520901052007
-0.752205832966	0.218013825169	-0.621817065204
0.643582464389	0.515208805367	-0.566004894893
0.197026113435	-0.82611102863	-0.527940808675
-0.739582561176	0.228255719998	-0.633180193054
0.622922109366	0.510098032298	-0.593100241795
0.192326567711	-0.834755998666	-0.515938176747
-0.758273295536	0.207320303682	-0.618093256068
0.618777380187	0.51911567614	-0.589604474159
0.174497713303	-0.822624653814	-0.541146071873
-0.765940643402	0.231964302936	-0.599606000751
-0.392508616132	0.123646704241	0.91139925591
0.797912014409	0.538641842621	0.270557616811
-0.457464237295	0.83341256247	-0.310080779477
-0.381665648524	0.107802400214	0.917992355921
0.801352480275	0.533530275069	0.270517364808
-0.460614291332	0.838882640668	-0.29001789727
-0.322835071251	0.0951966267389	0.9416555832
0.824300229208	0.517188251165	0.230316061485
-0.465087913456	0.850560966838	-0.245437132215
-0.336161476247	0.108173166347	0.935571551304
0.807129179073	0.544990534604	0.226997443625
-0.485322624464	0.831434854457	-0.270514561017
-0.337864752908	0.0579571911872	0.939408533802
0.797798529434	0.547193036105	0.253174435239
-0.499364532003	0.834997456413	-0.231115406154
-0.304309298057	0.0630180098445	0.950486480131
0.794152476671	0.567803994377	0.21661130384
-0.526039601431	0.820748039041	-0.222833937129
-0.34572646918	0.0872306220524	0.934271945504
0.788537792145	0.566693206504	0.238886946662
-0.508607314082	0.819298261626	-0.264705491362
-0.31667755319	0.11094512615	0.942022551071
0.81326552305	0.542888033574	0.209455878954
-0.488174658049	0.83244444571	-0.262148296376
0.726882634243	-0.269606663172	-0.63162794764
0.526365088041	-0.372034115218	0.764545823291
-0.441113830161	-0.888201986596	-0.12851358476
0.759203847812	-0.2750317549	-0.589887304749
0.478041549992	-0.379422317448	0.79215836352
-0.441685153689	-0.883400322736	-0.156582258691
0.742195829487	-0.313608139398	-0.59227973447
0.491530418751	-0.346026915972	0.799164070654
-0.455569090702	-0.884259746503	-0.10267179216
0.742199572774	-0.361292463753	-0.564453319712
0.469825881507	-0.320115884185	0.822672148198
-0.477915720148	-0.875781695395	-0.0678453225367
0.777881610229	-0.230030684525	-0.584795776224
0.474204884117	-0.395760987671	0.786449657839
-0.412346872902	-0.889077735979	-0.198773534639
0.765752241896	-0.251742494203	-0.591818565887
0.488174664877	-0.371563377477	0.78970001876
-0.418699169916	-0.893625391129	-0.161631176149
0.75863266314	-0.302786687012	-0.576885350033
0.481264105443	-0.336406480165	0.809453862022
-0.439159817978	-0.891712350536	-0.109488582303
0.73278940152	-0.313783980586	-0.603787468099
0.511957012437	-0.330275268547	0.792980620716
-0.448240683698	-0.890201022771	-0.0813783072073
-0.995672282642	-0.0336066348877	0.0878075638122
-0.076333930197	-0.256368896305	-0.963626398228
0.0548881159431	-0.966060711525	0.252566775624
-0.991641501995	-0.0439067930188	0.121261288598
-0.104960959425	-0.271562786626	-0.956675105379
0.074935329333	-0.961413674638	0.264693965723
-0.995989844172	-0.00665756941388	0.0893150690762
-0.083955784073	-0.277909307819	-0.956937251203
0.03119184373	-0.960590002648	0.27622487158
-0.996361258417	-0.0432867735519	0.0734198671956
-0.0576370984211	-0.292385806436	-0.954561936935
0.0627868342023	-0.955320250908	0.288826979613
-0.987003314834	-0.0488802979128	0.152997515011
-0.135493658705	-0.258116635018	-0.956556437273
0.0862495888354	-0.964867589732	0.248155901871
-0.992164768832	-0.0331433192871	0.120556023684
-0.10766341547	-0.263764816345	-0.958567370854
0.0635674714716	-0.964025070153	0.258115219636
-0.99250537259	-0.00717917829	0.122076581121
-0.115035752293	-0.283852014339	-0.951949807207
0.041485032887	-0.958848329584	0.280885216799
-0.991918925589	-0.0588037259393	0.111028600998
-0.0890636629873	-0.294047363608	-0.951525811829
0.0886165467569	-0.953874115624	0.286635099175
0.732808745835	0.621206356446	0.277658139051
0.275472654263	-0.643975637812	0.713729938448
0.622178588689	-0.446540335238	-0.643036362136
