-0.138539385013	-0.862423471008	0.48685996976
0.71174866816	0.255126939096	0.654464743911
-0.688636846875	0.437191061556	0.578483605359
-0.138436362966	-0.862214858637	0.487258578837
0.711720054045	0.25551327063	0.654345123655
-0.688687120378	0.437376855499	0.578283270406
-0.137964539832	-0.862514190943	0.486862458291
0.711613721579	0.255580806661	0.65443438223
-0.688891641793	0.436746745616	0.578515846798
-0.138012449945	-0.862419676178	0.487016297067
0.711603630192	0.255673409422	0.654409188749
-0.688892477071	0.436879176618	0.578414853686
-0.138264976494	-0.862421150413	0.486942010749
0.711726193222	0.255378369892	0.654391084892
-0.688715172182	0.437048767788	0.578497859701
-0.138307951851	-0.862306297022	0.487133268793
0.711747109694	0.255482833063	0.654327604298
-0.688684995692	0.437214377645	0.578408668053
-0.138145656294	-0.86239052608	0.48703015304
0.71167563603	0.255553373725	0.654377773136
-0.688791389699	0.437006935209	0.578438730052
-0.138274200082	-0.862261818427	0.487221492347
0.711665166837	0.255623305737	0.654361828917
-0.688776390735	0.43721993243	0.578295605239
0.770197628213	0.217935725476	-0.599416078031
0.258596881653	0.752394484248	0.605830169715
0.583029388487	-0.621616088353	0.523134948237
0.769951957271	0.217606423671	-0.599851168252
0.25963067847	0.751889114431	0.606015401025
0.582894407653	-0.622342510085	0.522421191894
0.769751479955	0.218026797571	-0.599955807623
0.258988018431	0.752365940308	0.605698517712
0.583444823328	-0.6216186963	0.522668467756
0.769734794009	0.218075366678	-0.599959569751
0.25893920845	0.752386852931	0.605693415979
0.583488506497	-0.621576352736	0.522670076421
0.77005157353	0.217697706202	-0.599690153599
0.258968439081	0.752396135894	0.605669381399
0.583057389259	-0.621697483282	0.523006993199
0.770026527843	0.218072951514	-0.599585969168
0.2592770315	0.751714644391	0.606383141707
0.582953315062	-0.622389975359	0.52229891003
0.769970858358	0.217627558512	-0.599819246702
0.259153071446	0.752357012196	0.605639016123
0.583081956931	-0.621769392996	0.522894124246
0.769866652267	0.218095729472	-0.59978295124
0.258818695667	0.75235282879	0.605787175272
0.583367995854	-0.621610385801	0.522764101394
0.949554324076	-0.197761204741	0.243386713509
0.103155243495	0.929877678334	0.353109756545
-0.296151282545	-0.310190280839	0.903369475367
0.949733173822	-0.196955367493	0.243342315155
0.102544740272	0.93013484764	0.352609900975
-0.295789579553	-0.309931846118	0.903576657797
0.94971352506	-0.197520466479	0.242960665071
0.103315940169	0.93015332462	0.352335930613
-0.295584228194	-0.309516488763	0.903786205675
0.949897532928	-0.197226671872	0.242479516478
0.102997997406	0.929966054865	0.352922864139
-0.295103521733	-0.310265652955	0.903686413682
0.949697874525	-0.197429913086	0.2430954045
0.102921728986	0.929895349701	0.35313135675
-0.295771979695	-0.310348299231	0.903439465352
0.949813314296	-0.197489500812	0.242595477611
0.103236287066	0.929962788957	0.352861844308
-0.295291276067	-0.310108221763	0.903679121383
0.949729447889	-0.197607669397	0.24282748037
0.103315797286	0.930002392254	0.352734173298
-0.295533115333	-0.309914117098	0.903666652346
0.949804540764	-0.197678595777	0.242475786414
0.103342719381	0.929812788141	0.353225793501
-0.295282265936	-0.310437355379	0.903569051916
-0.609690338757	0.730745452139	-0.307063810918
0.405717926714	-0.0450929511149	-0.912885100096
-0.680933230016	-0.6811588113	-0.268983538745
-0.609790380965	0.731003176216	-0.306251710579
0.405357252601	-0.0443901959092	-0.913079979452
-0.681058919356	-0.680928709539	-0.269248751602
-0.609282946126	0.731253141262	-0.306662139989
0.405540490248	-0.044969146229	-0.912969733438
-0.681402770378	-0.680621529779	-0.269153192249
-0.609270557624	0.731484288132	-0.30613775697
0.405740434086	-0.0441219551458	-0.91292282508
-0.681296037105	-0.680429364901	-0.269910631386
-0.609796803603	0.730924615362	-0.306426855757
0.405247339705	-0.0447158718426	-0.913112979607
-0.681118789151	-0.680991869644	-0.268937812077
-0.609934708807	0.73082474124	-0.30638918816
0.405299666043	-0.0445479366275	-0.913097655556
-0.680963521589	-0.681109642765	-0.269031469657
-0.609802556364	0.730897839254	-0.306478015863
0.405299807971	-0.0447240406008	-0.913089018374
-0.681081853591	-0.681019704848	-0.268959740313
-0.609826330199	0.730919803369	-0.306378790502
0.405655230271	-0.0442330663291	-0.91295519554
-0.680849143628	-0.681028337114	-0.269526898978
0.599423814203	-0.682659981726	0.417931144742
0.534539999487	0.730042458786	0.425799246455
-0.595783585997	-0.0318332952017	0.802513900613
0.599425625815	-0.682634726731	0.417969796121
0.534485145839	0.730065158604	0.425829184151
-0.595830973923	-0.0318542784981	0.802477885173
0.598949715869	-0.682663142256	0.418605150998
0.534539282747	0.730064742728	0.42576193686
-0.596260843455	-0.0312490941265	0.80218233642
0.599321177142	-0.682722905368	0.417975557738
0.534568926603	0.729985479033	0.425860619202
-0.595860885686	-0.0317905451804	0.802458203884
0.599354985965	-0.682426160305	0.418411445978
0.534444028408	0.730279090485	0.425513844164
-0.595938908693	-0.0314163461613	0.802414999291
0.599235800585	-0.682669105231	0.418185796248
0.534542498888	0.730043499189	0.425794333382
-0.595970455898	-0.0316131336849	0.802383842966
0.59937945697	-0.682430571646	0.418369199222
0.534285002618	0.73026487374	0.425737893313
-0.596056883151	-0.0316501612664	0.802318180033
0.599140903862	-0.682812203086	0.418088116148
0.534223269307	0.729885758674	0.426464861354
-0.596351973316	-0.0321601423417	0.802078580489
0.228795543374	-0.949244072675	-0.215843005093
-0.819452157258	-0.0681106702039	-0.569086090243
0.52550040373	0.307077362621	-0.79344351833
0.228697900931	-0.949253027239	-0.21590695771
-0.819462423125	-0.0679898923576	-0.569085678492
0.525526841557	0.307076314058	-0.793426327186
0.228591292455	-0.949333473838	-0.215666436139
-0.819522902167	-0.0680730666346	-0.568988856812
0.525479085263	0.3068094878	-0.793561434936
0.228417582117	-0.949325037706	-0.21588752314
-0.819754315126	-0.0679185165902	-0.568673892164
0.525193595444	0.306869851208	-0.793727080694
0.229086491416	-0.949128458667	-0.216043099475
-0.81956393497	-0.0683196655399	-0.56890023745
0.525199398684	0.307388504377	-0.793522568997
0.229066254913	-0.94907815628	-0.216285350199
-0.819520844745	-0.0681308740318	-0.568984917496
0.525275436763	0.30758560529	-0.793395817961
0.229053917531	-0.949195265576	-0.215783787508
-0.819187998577	-0.0682257657111	-0.569452594323
0.525799693923	0.307202835279	-0.793196748548
0.228780537104	-0.949264075217	-0.215771361818
-0.819694187102	-0.0682816495058	-0.568717147123
0.52512951232	0.306977962244	-0.793727759874
0.947298295435	-0.195547048328	0.253746378773
-0.112928707479	-0.945074737579	-0.306722005728
0.299788225048	0.26190195429	-0.917350512556
0.947271118853	-0.195825104543	0.253633419155
-0.113323022552	-0.945112095313	-0.306462686305
0.299725333332	0.261560727115	-0.917468850788
0.947316720553	-0.195431346797	0.253766899529
-0.112950178587	-0.945215464107	-0.306285339188
0.299722050848	0.261486214805	-0.91749243419
0.947367010365	-0.195563778054	0.253476993188
-0.11296284176	-0.945013513926	-0.306903815669
0.299558297738	0.262117081481	-0.9173660902
0.947447242511	-0.195319116907	0.253365588592
-0.11279640426	-0.945077640142	-0.306763110856
0.299367082523	0.262063117524	-0.917442464808
0.947267287226	-0.195931108384	0.25356586999
-0.113495843201	-0.945138988313	-0.306316217983
0.299672059479	0.261384644902	-0.917536583762
0.94732418367	-0.195215960158	0.253904764682
-0.11270940782	-0.945257254158	-0.306244456528
0.299789075881	0.261495328189	-0.917467739247
0.947242603146	-0.195982602117	0.253618428417
-0.113417048631	-0.945035442713	-0.306669106837
0.299780020423	0.261725405101	-0.917405629158
-0.993760292488	0.0816623002743	0.0759627339634
-0.107797835722	-0.528542849992	-0.842033846805
-0.0286128441599	-0.844969017933	0.534048999341
-0.993733877815	0.0819754958805	0.075888777597
-0.107918725843	-0.529000706167	-0.841725102383
-0.0288554518687	-0.844646445233	0.534543265156
-0.993734461043	0.0815308375461	0.0764586450793
-0.108170071413	-0.529216514929	-0.841564124221
-0.0281502669416	-0.844561224574	0.534718825824
-0.993699302109	0.081887922661	0.0765823937479
-0.108443104251	-0.528528782178	-0.841964467622
-0.028470828059	-0.844960614301	0.534072119012
-0.993761644973	0.0816168188594	0.0759745723161
-0.107786916242	-0.528642485802	-0.841971356988
-0.0285555852052	-0.844909746766	0.534145187612
-0.993744543044	0.0816553280227	0.0761950264933
-0.108008044911	-0.529052287969	-0.841688233664
-0.0284171935854	-0.84465213423	0.534561112911
-0.993782283183	0.0814018605425	0.0758917114311
-0.107615405493	-0.529051339484	-0.841733449631
-0.0283679266847	-0.844671541386	0.534530344737
-0.993733630521	0.0815548059157	0.076399945712
-0.108098389525	-0.528173156878	-0.842225484341
-0.0283350711108	-0.845208756416	0.533683458957
-0.986041322602	0.076251519829	-0.148033553249
0.0654120500981	0.994901131057	0.0767659937743
0.153132265919	0.0660110583308	-0.986001402758
-0.986114390213	0.0758083842929	-0.147743640508
0.064928748482	0.994904950446	0.0771257978486
0.152837665711	0.0664621692705	-0.986012227709
-0.985993365813	0.0757321088097	-0.148588766384
0.0647292776487	0.994885513176	0.0775430737223
0.153701315594	0.0668390257444	-0.98585259632
-0.986031701856	0.0755572469832	-0.148446046768
0.0646154360773	0.994919294663	0.0772039626445
0.15352515036	0.0665335167851	-0.985904134566
-0.985942678918	0.0761439756367	-0.148736045914
0.0652621195529	0.994913960431	0.0767272800094
0.153821884436	0.0659417524821	-0.985897456922
-0.985926484063	0.0759720623561	-0.148914411565
0.0650487437912	0.994914165537	0.0769055249036
0.153999731044	0.0661365600169	-0.985854110169
-0.98596359669	0.0759460487462	-0.14870315657
0.0648353555299	0.994827463689	0.0781965872802
0.153872699877	0.0674575960793	-0.985787659512
-0.986040959992	0.075918289617	-0.148186446471
0.0650143947157	0.994901781284	0.0770945718678
0.153283848124	0.0663841685447	-0.985949688619
-0.890181401806	-0.220729968792	-0.398568388721
-0.454750052935	0.376801972063	0.806983969691
-0.0279440327489	0.899610481742	-0.435799473956
-0.890185963218	-0.2213540547	-0.39821080411
-0.454707013856	0.377021027443	0.806905722426
-0.028477949222	0.899365162658	-0.436270213295
-0.890059531491	-0.221189733179	-0.398586427391
-0.45496430579	0.37667265241	0.806923698703
-0.0283464040315	0.899551820079	-0.435895090229
-0.890289395421	-0.220778009512	-0.398298825603
-0.454527697184	0.376831588777	0.807095134651
-0.0280972677285	0.899586046135	-0.435838913698
-0.890459414482	-0.220977326941	-0.397809166311
-0.454187816095	0.377354160447	0.807042515134
-0.028223031982	0.899318194246	-0.436384082043
-0.890284811411	-0.220965494867	-0.398201970307
-0.454552893992	0.377814904822	0.806620589735
-0.0277889481912	0.899126998426	-0.436802694874
-0.890450666846	-0.220558850612	-0.398058061331
-0.454206152405	0.376606730171	0.807380797243
-0.0281637691258	0.899733723974	-0.435528563502
-0.890438092113	-0.220878483631	-0.397912666496
-0.454220430829	0.376789598185	0.807288045995
-0.0283830038426	0.899579281919	-0.43583584137
0.894889433286	0.0347963477786	-0.44492934048
-0.443549720633	0.179612701174	-0.878067728451
0.0493614137193	0.98312181575	0.176167417905
0.894889002991	0.0349942649852	-0.444914683092
-0.443587919777	0.179256847889	-0.878121148544
0.0490248023085	0.983179737133	0.175938014375
0.894927249908	0.0356941001404	-0.444782139309
-0.443565875114	0.179560867768	-0.878070174607
0.0485235475526	0.983099104015	0.176526596959
0.894965949886	0.0352970778566	-0.44473594912
-0.443443770744	0.179699031017	-0.878103568673
0.0489241283325	0.983088180899	0.176476783483
0.895097293979	0.0352648510798	-0.444474100745
-0.443161903395	0.180085837994	-0.878166630639
0.0490750785413	0.983018562423	0.176822384004
0.895152389058	0.0350725715319	-0.444378348257
-0.443082337334	0.179116875608	-0.878404916576
0.0487877445266	0.983202456185	0.175876935457
0.894910508547	0.0354075290496	-0.444838720761
-0.443576014764	0.179458201961	-0.878086023327
0.0487390985565	0.983128197197	0.176304961937
0.895155509774	0.0353995637159	-0.444346130754
-0.443059299036	0.180102581308	-0.878214959701
0.0489394581658	0.98301064531	0.176903924011
0.192765074056	0.6853827906	0.702205120718
-0.376388125385	0.712532823732	-0.592139295493
-0.906186283434	-0.150157905374	0.39532139385
0.192709749528	0.68533723357	0.702264784217
-0.376751077149	0.712503283853	-0.591943997188
-0.906047226548	-0.150505635186	0.395507870803
0.192747828881	0.685506534676	0.702089074508
-0.376755553384	0.712365130408	-0.592107401661
-0.906037267789	-0.1503885402	0.395575225115
0.192844776381	0.685052093345	0.702505896409
-0.376032624167	0.712881593139	-0.591945355841
-0.906316926162	-0.150011560031	0.395077423867
0.192931622131	0.685193056885	0.702344537627
-0.376108681138	0.712762309346	-0.592040661785
-0.906266867269	-0.149934519145	0.395221449867
0.192671879494	0.685679021084	0.701941477821
-0.3762946401	0.712285374405	-0.592496323448
-0.906244945957	-0.1499794303	0.395254698827
0.192720293076	0.685229962084	0.702366562406
-0.377027745035	0.712549155063	-0.591712583266
-0.905929891547	-0.150776658616	0.395673389342
0.192776640925	0.685290084738	0.702292437572
-0.375794751984	0.712710798399	-0.592301969205
-0.906430070382	-0.149735827719	0.394922410674
-0.442634169738	0.803718381859	0.397634467628
0.865048044659	0.265945163509	0.425400717721
0.236153102066	0.532269342408	-0.812971609755
-0.443046942629	0.803330556117	0.397959545248
0.864668384753	0.265667840052	0.426345390458
0.236770704382	0.532993269343	-0.812318159135
-0.442790544832	0.803776263918	0.397347695726
0.864719330991	0.265635973415	0.426263442966
0.237069509524	0.532338014575	-0.812662594634
-0.442809915417	0.803579319561	0.39773122529
0.864799131	0.265637424916	0.426103920826
0.236753697791	0.532637179979	-0.812562906031
-0.442016953694	0.803930663646	0.397895199189
0.865328335346	0.265310131637	0.425228749396
0.236287903915	0.532266949297	-0.812936074813
-0.442575946433	0.80370494124	0.397708755466
0.864847624269	0.265373587495	0.426156082314
0.236965131494	0.53256810562	-0.812528677415
-0.442493170045	0.803792843544	0.397643462888
0.864930400574	0.265415322163	0.425971681197
0.236851559154	0.532422328313	-0.812669771028
-0.442929687498	0.803383362034	0.397986723632
0.864948761204	0.266067202379	0.425528389827
0.235970123261	0.532715631143	-0.812735133241
-0.839339974525	0.521127477781	0.154707620877
-0.484435453518	-0.846170645576	0.222075253953
0.246638576525	0.111450791587	0.962677584329
-0.839244025657	0.521060295694	0.155452795813
-0.484099857218	-0.846177661537	0.222779332973
0.24762215514	0.111711553611	0.962394823244
-0.839476624927	0.520919508724	0.154667892614
-0.484163247557	-0.846257812079	0.222337494979
0.246708818832	0.111762593875	0.962623440044
-0.839499649712	0.520895943853	0.154620315698
-0.48396675208	-0.846186885042	0.223032790292
0.247014593152	0.112404885758	0.962470220873
-0.839242150466	0.521172155187	0.155085581381
-0.484512846424	-0.846204167268	0.221777245141
0.246818262178	0.110983915366	0.962685463999
-0.83947638846	0.520753313402	0.15522822566
-0.483772407672	-0.846319872556	0.222951462667
0.24747539885	0.112067317765	0.962391215611
-0.839400640548	0.521180464777	0.154200047797
-0.484396622626	-0.846037404037	0.22266744378
0.246508911795	0.112213197378	0.96262223023
-0.83978479015	0.520491656042	0.154433149583
-0.483745340131	-0.846481906996	0.222392628573
0.246478412039	0.11205566176	0.962648385482
-0.0175703461467	0.599072031582	-0.800502318409
0.51643543681	0.690996023948	0.50578545627
0.856145840619	-0.40452093783	-0.321523065582
-0.0169534747333	0.599361203068	-0.800299156972
0.516461871021	0.690616388437	0.506276746124
0.856142352751	-0.404740850597	-0.321255555878
-0.017504960235	0.599219706866	-0.800393283019
0.516927030894	0.690650761225	0.505754878943
0.855850518098	-0.404891708667	-0.321842678252
-0.017133160054	0.599299580666	-0.800341473431
0.516825885388	0.6905369463	0.506013568999
0.855919076591	-0.404967579482	-0.321564616431
-0.0171061804771	0.599195857295	-0.800419718636
0.516274173507	0.690855323743	0.506142179978
0.856252520668	-0.404577870357	-0.321167241902
-0.0171741170352	0.59945348184	-0.800225361052
0.516187044786	0.690753815466	0.506369547005
0.856303707895	-0.404369517211	-0.321293208287
-0.0177071900617	0.599073474688	-0.800498246126
0.516834204478	0.690847476333	0.50558102614
0.855902374811	-0.404772455629	-0.321854630318
-0.0174528142635	0.599215184729	-0.800397741827
0.51622894911	0.690967994373	0.506034482845
0.856272768942	-0.404356758467	-0.32139156113
0.732961139464	-0.680113824216	0.014599743636
0.666680959853	0.713885202183	-0.2142531543
0.135293991642	0.166772607066	0.976669049994
0.732799768704	-0.680297954933	0.0141135610863
0.666764334782	0.713774498818	-0.214362515112
0.135756480344	0.166495220761	0.976652199918
0.732836176629	-0.680243725265	0.0148194387151
0.666844850098	0.713733899685	-0.214247216734
0.135163188127	0.166890377846	0.976667043903
0.732611827485	-0.680484136466	0.014874611796
0.66704938757	0.713458602751	-0.214527249568
0.135369969347	0.16708730138	0.976604733478
0.733089467745	-0.679983440289	0.0142249326427
0.666461047282	0.714024301081	-0.214473693246
0.135681613462	0.166708768731	0.976626175055
0.732702475321	-0.680403810829	0.0140620111969
0.66690106979	0.713737868405	-0.214058921427
0.135609915062	0.166219472199	0.976719528977
0.732789608939	-0.680301136902	0.0144827408023
0.666746728489	0.713613338713	-0.214953018844
0.135897706752	0.167171658456	0.976516999186
0.732475114676	-0.680644626074	0.0142510646824
0.667142634935	0.713459405109	-0.214234392467
0.135649933653	0.166428853449	0.976678315348
-0.217874809767	-0.918604882212	0.329689691611
-0.962125869246	0.258866122945	0.0854513442697
-0.163841490797	-0.298585315925	-0.940213925422
-0.21717497526	-0.91878798035	0.329642229052
-0.962229454787	0.258298841619	0.0860022145349
-0.164164028792	-0.298513905422	-0.940180904407
-0.217582284936	-0.918870186822	0.329144615988
-0.962246334569	0.258439752819	0.0853889990082
-0.163525502821	-0.298139010049	-0.940411386144
-0.217056831374	-0.918767134997	0.329777889539
-0.962393920276	0.257948275048	0.0852099465467
-0.163353748034	-0.298880819764	-0.940205341453
-0.217509830976	-0.918726118129	0.329593877461
-0.962262661975	0.258412947665	0.0852849301816
-0.163524840806	-0.298605542171	-0.940263199184
-0.217352043267	-0.91874820865	0.329635432429
-0.962145516046	0.258545570607	0.0861975121651
-0.164419570499	-0.298422074005	-0.94016487508
-0.217377415218	-0.918762853194	0.329576767367
-0.962330510665	0.258216524125	0.0851092548359
-0.163297318536	-0.298661039652	-0.940283958263
-0.217290512967	-0.918751521772	0.329668222485
-0.962316199011	0.258205022909	0.0853117993246
-0.163502381625	-0.298707568072	-0.940234979277
0.116421745925	0.922242719502	0.368670017569
0.869258958668	-0.274180282326	0.411362012866
0.480456114858	0.272576978448	-0.833588887226
0.116431473402	0.922043753849	0.36916595684
0.869426859604	-0.274315147248	0.410919202289
0.480151146516	0.27311713787	-0.83358934345
0.116073014858	0.922205178945	0.368863566216
0.869550852983	-0.273821057857	0.41097092181
0.480004204805	0.273044671113	-0.833686741482
0.116198606493	0.922102182748	0.369085296996
0.869552820565	-0.274019616228	0.410839374297
0.479973211892	0.273200775617	-0.833656977802
0.116537349269	0.922169271205	0.368807621304
0.869253817294	-0.274324896051	0.411264078869
0.480430044238	0.272661285652	-0.833567554476
0.116109290791	0.922059192417	0.369223286346
0.869705095051	-0.273927618278	0.410581565576
0.479720790819	0.273442900854	-0.833725184504
0.11648741925	0.922216860275	0.368716524433
0.869481889228	-0.274127728296	0.410928988097
0.480038599561	0.272722297547	-0.833784230073
0.116365147972	0.922206808062	0.368774108316
0.869681287737	-0.273939489832	0.410624476399
0.479702196743	0.272933336224	-0.833903121258
0.916752124239	-0.0117894506308	-0.399282504678
-0.0574003786075	-0.993078305622	-0.102468946585
-0.395310898185	0.116857594243	-0.911083332378
0.916752132256	-0.0116083627477	-0.39928789737
-0.0574032511472	-0.993031888326	-0.102925983848
-0.395310568831	0.117278034208	-0.91103050947
0.916693542604	-0.0116028875656	-0.399423041264
-0.0574562397398	-0.993023952076	-0.103018600442
-0.395439215819	0.117385793528	-0.910965743426
0.916712230549	-0.0116641986383	-0.399377713982
-0.0575423537952	-0.993006539928	-0.103078167893
-0.395382712666	0.117474157356	-0.910972351765
0.916864054532	-0.0115423169312	-0.399032100034
-0.0572551073831	-0.993044054614	-0.102831147872
-0.395071758819	0.117128848769	-0.911146794721
0.916901820981	-0.012106377399	-0.398929109072
-0.057653159602	-0.993073279754	-0.102373439936
-0.39492671678	0.116865921648	-0.91124861764
0.916575206756	-0.0114987080529	-0.399697452221
-0.0574945395424	-0.992994019585	-0.103278315589
-0.395707785521	0.117642731443	-0.910815192112
0.916751948945	-0.0116533154444	-0.39928664597
-0.0575528649435	-0.992995581899	-0.103158749618
-0.395288873038	0.117551095806	-0.911001079793
0.816209340599	0.127869561486	0.563428508243
-0.566448762841	-0.0148839991199	0.823962526711
0.113745803139	-0.99167929372	0.0602830983817
0.816280557823	0.127423555449	0.56342638391
-0.566431461974	-0.0147776801662	0.823976351704
0.1133201282	-0.991738305602	0.0601139766325
0.816092198528	0.127838269413	0.563605271456
-0.56659446603	-0.0151526095885	0.823857462506
0.113860599873	-0.991679274936	0.0600665283697
0.816213686915	0.127626400613	0.563477336781
-0.566484082318	-0.0148758350764	0.823938370434
0.113538503067	-0.991710721763	0.0601564713442
0.816413041345	0.127850186012	0.563137708937
-0.566156391123	-0.0148632858294	0.824163844238
0.113739571308	-0.991682122101	0.0602486171546
0.816468516686	0.127466377636	0.563144277806
-0.566208812575	-0.0142565346386	0.824138518382
0.113078448946	-0.991740409326	0.0605325790031
0.816216355396	0.127716154505	0.563453134773
-0.566450997542	-0.0149993233514	0.823958877967
0.113684293506	-0.991697307184	0.0601022571094
0.816542448703	0.12744227094	0.563042534705
-0.566066190178	-0.0145934204701	0.824230607304
0.113258538957	-0.991738621441	0.0602246143075
0.2098541518	-0.660372970678	-0.721019249481
0.976259531401	0.101058312689	0.191584253193
-0.0536520817103	-0.744106671333	0.665902927499
0.209543649281	-0.660557561506	-0.720940471647
0.976320571314	0.100810334661	0.191403800045
-0.0537549788331	-0.743976465072	0.666040104097
0.210100376819	-0.660026081616	-0.721265155104
0.976209095901	0.101174165215	0.191780116152
-0.0536064684663	-0.744398672391	0.665580176879
0.209767848791	-0.660382856699	-0.721035318364
0.976271043447	0.100902620889	0.191607694794
-0.0537800843906	-0.744119037221	0.665878787903
0.209486341694	-0.660099401113	-0.721376641575
0.976372287634	0.101197857165	0.190934952651
-0.0530342747605	-0.744330424512	0.665702326316
0.209549306339	-0.660034635489	-0.721417602057
0.976302346761	0.100440651256	0.191690871118
-0.0540629661624	-0.744490391017	0.665440642325
0.209099068354	-0.660047712	-0.721536279102
0.97643118891	0.100574764658	0.190962968209
-0.0534763265445	-0.744460703991	0.665521257844
0.209997457613	-0.660130260418	-0.72119974927
0.976230921318	0.10112537017	0.191694588034
-0.0536118207964	-0.744312881858	0.665675667583
-0.505506980777	0.343218879163	-0.791620864599
-0.846020950616	-0.0169903408207	0.53287892332
0.169444219143	0.939101803207	0.298959037879
-0.50536759574	0.342752611638	-0.791911741274
-0.846054458617	-0.0163429860544	0.532845884492
0.169692108852	0.939283519914	0.298246611657
-0.505566018216	0.343444244122	-0.791485286315
-0.846012516762	-0.0173162637836	0.532881698886
0.169309564869	0.939013383667	0.299312700723
-0.505624610966	0.343202732457	-0.791552553478
-0.845833279239	-0.0163802972961	0.53319566744
0.170028304157	0.939118437941	0.29857469035
-0.505679990235	0.342924491062	-0.791637921659
-0.845828070746	-0.0163694359311	0.533204421892
0.169890200766	0.939220354452	0.298332821765
-0.505537158072	0.343074128112	-0.791664222606
-0.845879957	-0.0162258275367	0.533126406016
0.170056452624	0.939168147387	0.298402337693
-0.505829599775	0.34340037368	-0.791335860631
-0.845810458439	-0.0171509702803	0.533207659261
0.169531499604	0.939032439726	0.299127189718
-0.505627754729	0.343373273966	-0.791476727907
-0.84574833	-0.0160375249008	0.533340968556
0.170441715535	0.939062096543	0.298516365074
-0.299862897282	0.863712819059	0.40507088003
-0.176794303815	-0.467568220017	0.866096844313
0.937457212781	0.188096081255	0.292905860681
-0.299901105889	0.863589638843	0.405305022462
-0.176898946987	-0.467835942128	0.86593081687
0.937425190671	0.18799561892	0.293072694328
-0.29949288512	0.863723051491	0.405322697429
-0.176427501497	-0.467631355966	0.866137539258
0.937644567756	0.187891965022	0.292436774261
-0.299636919087	0.863513584764	0.40566225653
-0.176801804869	-0.468091870266	0.865812315377
0.937527972511	0.187707572016	0.292928476586
-0.29943092991	0.863662503434	0.405497405479
-0.176690228509	-0.467839762283	0.865971397128
0.937614861677	0.187651212778	0.292686461789
-0.299544215297	0.863694845691	0.405344920356
-0.176706642851	-0.467725634131	0.866029748336
0.937575625379	0.187787050024	0.292725102607
-0.299343144976	0.863722498268	0.405434597037
-0.176311110407	-0.467673457935	0.866138571492
0.93771432688	0.187789985529	0.292278649169
-0.299560136518	0.863820382199	0.40506543948
-0.176804579058	-0.467469981282	0.866147728631
0.937552027243	0.187845932314	0.292762819322
0.160909297004	0.747516549036	-0.644456093405
0.642644262716	-0.574928440709	-0.506417787143
-0.749074761962	-0.332670456239	-0.572896773082
0.161252988522	0.747434983499	-0.644464647925
0.642867217309	-0.575013090475	-0.506038209857
-0.748809373534	-0.332706889571	-0.573222154896
0.160775312481	0.74732782554	-0.644710449562
0.642506978028	-0.575095332577	-0.506407478713
-0.749223081455	-0.332813570165	-0.572624045177
0.161265278587	0.747206873512	-0.644728211337
0.642563290214	-0.575336047362	-0.506062348834
-0.749069420272	-0.332668860904	-0.572908967923
0.160703826612	0.747587646011	-0.644430769241
0.642301405433	-0.57496540544	-0.506824663567
-0.749417913711	-0.332468113589	-0.572577754616
0.161254102977	0.747698023402	-0.644162294912
0.642615153873	-0.574925274792	-0.506465420484
-0.74902814393	-0.332278684139	-0.573191281173
0.160523031724	0.747661448347	-0.64438804744
0.642210818159	-0.574879897441	-0.507031257636
-0.749532428963	-0.332442160136	-0.572438356638
0.160923722659	0.747404367236	-0.644585487683
0.642444879321	-0.575116249664	-0.506464432193
-0.749245164234	-0.33260841222	-0.572716048437
-0.22293082547	0.426699804437	-0.876486778511
-0.909789813388	-0.413993973673	0.0298567613594
-0.350120395673	0.804074752518	0.480499197932
-0.222772636616	0.427035456486	-0.876363535292
-0.909718865566	-0.414180486742	0.0294292505242
-0.350405354864	0.803800481499	0.480750311997
-0.22287375896	0.426166172757	-0.876760906526
-0.909645263419	-0.41431214436	0.0298487727048
-0.350532150813	0.804193911746	0.479999339893
-0.22279311399	0.426335241327	-0.876699194256
-0.909654025307	-0.414304039015	0.0296934721344
-0.350560650173	0.804108456644	0.480121666781
-0.222427391014	0.426368545911	-0.876775840443
-0.909950334409	-0.413653234301	0.0296873595235
-0.350023428124	0.804425766286	0.479982049052
-0.222698404778	0.42632997518	-0.876725864254
-0.909730310388	-0.414136314934	0.0296977100815
-0.350422960363	0.80419770199	0.480072738237
-0.222671264369	0.425757887704	-0.877010702018
-0.90972089495	-0.414140555628	0.0299256158206
-0.350464611176	0.804498520974	0.479538011111
-0.223078715812	0.425774180968	-0.87689921177
-0.909604734103	-0.414375596314	0.0302007649595
-0.350506930714	0.804368824189	0.479724591551
0.948988362673	0.185640611466	0.25486986885
-0.0128695799373	0.830443294977	-0.556954490921
-0.315048346425	0.525263262012	0.790470139572
0.949057858989	0.186061928082	0.254303245262
-0.0135615169667	0.830421962583	-0.556969885883
-0.314809890076	0.525147910061	0.790641771714
0.949200142762	0.185526962756	0.254163007992
-0.0132494323042	0.830552591425	-0.556782582299
-0.314393926603	0.5251305909	0.790818765333
0.949175377655	0.185843694766	0.254024059262
-0.0136220075214	0.830571360902	-0.556745590385
-0.314452766691	0.524988888089	0.790889449459
0.949190535076	0.185601758832	0.25414427979
-0.0132627616954	0.830446140303	-0.556941025815
-0.314422370362	0.525272495189	0.790713208195
0.949098278408	0.185930892586	0.254248228364
-0.0135368241521	0.830520068984	-0.556824183333
-0.314689073271	0.525039160382	0.790762081396
0.949297423176	0.18583283001	0.253575552797
-0.0138275121769	0.830491198237	-0.556860096732
-0.314075152779	0.525119535645	0.79095276025
0.949190975454	0.185853895372	0.253958308068
-0.0136782223231	0.830585776111	-0.556722710666
-0.314403242502	0.524962474766	0.790926673866
-0.0842210845608	-0.845417197047	-0.527424507841
-0.0279849704334	0.531103092513	-0.846844946662
0.996054059759	-0.0565622240995	-0.0683890625843
-0.0847159374101	-0.846197840292	-0.526091664855
-0.0280026239339	0.529803075816	-0.847658280395
0.996011585172	-0.0570782126112	-0.0685785274226
-0.084354685206	-0.845556458333	-0.527179837426
-0.0277040674031	0.530851200586	-0.847012098692
0.996050596038	-0.0568444056436	-0.0682051430893
-0.0842404338167	-0.846061115152	-0.526387822348
-0.0276295384379	0.530045749827	-0.847518797451
0.996062326711	-0.05685149827	-0.0680275621843
-0.0839752598046	-0.845563301528	-0.52722939193
-0.0278960407618	0.530885758087	-0.846984126785
0.996077275875	-0.0564181107967	-0.0681691317184
-0.0839846256401	-0.846098717005	-0.526368233894
-0.0272281129672	0.529985790322	-0.847569277765
0.996094968582	-0.0568507856443	-0.0675483237897
-0.0844138691116	-0.845731526316	-0.526889502877
-0.0277324707072	0.530566025574	-0.847189843154
0.996044814712	-0.0569025980889	-0.0682413701798
-0.0846088175917	-0.84587728611	-0.526624082604
-0.027755143184	0.530314884924	-0.847346303077
0.996027589759	-0.0570764588425	-0.0683467514951
0.92357580268	-0.105225155329	0.368694187757
-0.105222137844	0.855124212102	0.507632627896
-0.368695048932	-0.507632002422	0.778700014784
0.92352729018	-0.104726659438	0.368957548443
-0.10603445985	0.854783285686	0.508037627153
-0.368583829101	-0.508308827468	0.778311056755
0.9232159113	-0.105416289762	0.369539967586
-0.105431272879	0.855254208742	0.507370167025
-0.36953569312	-0.507373280279	0.778470120106
0.923330675043	-0.105309432533	0.369283614485
-0.10544580796	0.855164455483	0.507518409154
-0.369244696768	-0.507546724417	0.778495135755
0.923232668332	-0.105318756958	0.369525910193
-0.105848306974	0.854783398968	0.508076248596
-0.369374572462	-0.508186282685	0.778016146158
0.923323043877	-0.104400169952	0.369560768535
-0.106565792961	0.854887228466	0.507751473938
-0.368942121337	-0.508201172794	0.778211591063
0.923388548406	-0.104851280989	0.369269274466
-0.105790888609	0.855210178801	0.507369527121
-0.369001187094	-0.507564535837	0.778598975398
0.923629140879	-0.104322428914	0.368817085044
-0.106193172845	0.854927472242	0.507761784374
-0.368282800896	-0.50814943713	0.778557596975
-0.961567837038	-0.266265301075	-0.067000364182
0.261380137835	-0.96243009816	0.0735370235274
-0.0840635646558	0.0531983056793	0.995039323219
-0.961571529784	-0.266119989479	-0.0675277594695
0.261255291378	-0.96250808171	0.0729624505757
-0.0844127942095	0.0525166418074	0.995045969608
-0.961737254738	-0.265704684843	-0.0667931755324
0.260892278563	-0.962618547645	0.0727983873302
-0.0836392660876	0.052587134015	0.995107563859
-0.961607228975	-0.26604783859	-0.0673166047588
0.261215623953	-0.962538910725	0.0727095890524
-0.0841390248195	0.0523338716211	0.995078787834
-0.961580660508	-0.266275968328	-0.0667877708397
0.261394772753	-0.96242037508	0.0736251253674
-0.0838824798188	0.0533384945283	0.995047102786
-0.961691090222	-0.265729093966	-0.0673685696224
0.260845100465	-0.962595110093	0.0732851707983
-0.0843226488928	0.0529049271393	0.995033044751
-0.961539890293	-0.266168498	-0.0677909880839
0.261245078842	-0.962471075864	0.0734893532533
-0.0848074063621	0.0529528746445	0.994989295182
-0.961585136419	-0.265923196272	-0.0681161914851
0.261034971281	-0.96257536835	0.072872086057
-0.0849453096176	0.0522919768482	0.995012485305
0.206421236728	-0.160142538124	0.965269431607
0.24416221959	-0.946877663873	-0.209304963083
0.947510168092	0.278887297182	-0.156355335094
0.205961734826	-0.160106315392	0.965373465383
0.244139552933	-0.946921187338	-0.209133030635
0.947615870798	0.278759239453	-0.155941441955
0.205685478955	-0.16056050309	0.965356650179
0.243562713778	-0.947009140967	-0.209404016017
0.947824003523	0.278196265817	-0.155679130977
0.206069830851	-0.159964262248	0.965373672566
0.243801669477	-0.947043732721	-0.208969137049
0.947679080091	0.278421962284	-0.156157256322
0.205972065278	-0.160505122474	0.9653048101
0.244212263295	-0.94681210425	-0.209539082733
0.947594660812	0.278898480447	-0.155819288184
0.205879613207	-0.160893527441	0.965260078458
0.244104476995	-0.9467658566	-0.209875707709
0.947642733602	0.278833429135	-0.155645119053
0.206394359764	-0.16036374628	0.965238136595
0.243787857299	-0.94694073785	-0.209452347556
0.947612089461	0.278543127975	-0.156348316767
0.205915131256	-0.160629043375	0.965296612759
0.243672212566	-0.946948276768	-0.209555491546
0.947746323128	0.278366595766	-0.155850425233
-0.338798531073	-0.242756334432	0.909002214665
0.837385016195	-0.518282528291	0.17369421102
0.428954541678	0.820032137408	0.378873785425
-0.33849585286	-0.242790901127	0.90910570206
0.837477079567	-0.518223518658	0.173425987343
0.429013683217	0.820059150438	0.37874829201
-0.338535082655	-0.242512200762	0.909165480808
0.837350915383	-0.518397133337	0.173516291426
0.429228940681	0.820031884358	0.378563395279
-0.338217858905	-0.24286233997	0.909190069606
0.837576139811	-0.518149043997	0.173169857938
0.429039519002	0.820085040409	0.378662945665
-0.338429315864	-0.243136939345	0.909037897633
0.837616133751	-0.518047668624	0.173279199092
0.42879445319	0.820067617385	0.378978047707
-0.338536244977	-0.242825416434	0.909081460438
0.837516906154	-0.518139272877	0.173485473294
0.428904087744	0.820102185506	0.378779253745
-0.338466460495	-0.24314814196	0.90902114943
0.837499386212	-0.518259666134	0.173210023827
0.428993294987	0.819930433221	0.379049922829
-0.338344283749	-0.242941859859	0.909121780253
0.837471943599	-0.518317288392	0.173170283037
0.429143218852	0.819955154854	0.378826672439
0.640234817782	0.490971130926	-0.590801646984
0.191012782652	-0.846686854227	-0.496623364276
-0.744051983631	0.205104845577	-0.635860054243
0.639928435024	0.491609911876	-0.590602323522
0.191396008687	-0.846326059073	-0.497090339242
-0.744217023363	0.205063239159	-0.635680136441
0.640152746965	0.491146702719	-0.590744800434
0.191106904697	-0.846584747288	-0.496762149919
-0.74409855114	0.205108261715	-0.635805111146
0.640176315883	0.491213407474	-0.590663749701
0.191375222164	-0.846596977325	-0.496637738061
-0.744009274966	0.20489730804	-0.635977402872
0.64023994459	0.491343905544	-0.590486173914
0.191252385593	-0.846438441587	-0.496954918108
-0.743986075208	0.205238476195	-0.63589434885
0.64033293912	0.491414474762	-0.590326685882
0.191388713634	-0.846395391169	-0.496976341902
-0.743871052242	0.20524847895	-0.636026076249
0.640023061471	0.491424193663	-0.590654601699
0.191494023484	-0.846488279603	-0.496777843364
-0.744110633975	0.204842496984	-0.635876908099
0.639981430682	0.491300610178	-0.590802329255
0.1909597938	-0.846454083551	-0.497040639793
-0.744283574296	0.205277253713	-0.635533489969
-0.328293279952	0.0865449318706	0.940602734498
0.812703431588	0.533372728207	0.234577636535
-0.481390342303	0.841441328938	-0.245438046954
-0.328119235045	0.0863209701942	0.940684035873
0.812605019646	0.533564663955	0.234482047499
-0.481675043249	0.841342640461	-0.245217682578
-0.32782532943	0.0862732101325	0.940790868784
0.812787206853	0.533362397853	0.234310689385
-0.481567733502	0.841475772674	-0.244971459517
-0.327734225475	0.086450327672	0.940806392904
0.812630739547	0.5337194082	0.23404036454
-0.481893773799	0.841231211937	-0.245170321042
-0.327698742217	0.0860627503976	0.940854330652
0.81268444526	0.533544648941	0.234252315151
-0.481827418215	0.841381814467	-0.244783796696
-0.327296658918	0.0857321986622	0.94102440225
0.812500111169	0.533958562952	0.233948361616
-0.482411136757	0.841152932983	-0.244420282551
-0.327789066408	0.0865082322841	0.940781891938
0.812401707399	0.534109545671	0.233945354816
-0.48224237502	0.840977579352	-0.245354687295
-0.327665547867	0.0863533257223	0.940839187459
0.812594452379	0.533788397259	0.234008968997
-0.4820015866	0.841197387505	-0.245074297913
0.764273588017	-0.261750626276	-0.589383141366
0.503864747574	-0.32804428019	0.799066479305
-0.40249993023	-0.907674794098	-0.118828661116
0.764471394183	-0.261719146931	-0.589140539535
0.503620495832	-0.32803284457	0.799225154427
-0.402429973252	-0.907688018771	-0.118964599214
0.764336893085	-0.262274504477	-0.589068075395
0.503498553461	-0.32796559774	0.799329574894
-0.402837833142	-0.907552007843	-0.118621371722
0.764291079139	-0.262352095916	-0.589092966457
0.503626657651	-0.327711740028	0.799352988101
-0.402764614959	-0.907621279858	-0.118339649306
0.764923476079	-0.260956359327	-0.588892053509
0.50337724644	-0.328232252675	0.799296513079
-0.401874880934	-0.907835528375	-0.119713058697
0.76475685819	-0.260874734502	-0.589144560018
0.503783507962	-0.327935833553	0.799162198911
-0.401682856003	-0.907966087451	-0.119366781181
0.764418806042	-0.262027142957	-0.589071868255
0.503548683211	-0.327937793653	0.799309408661
-0.402619688108	-0.907633507255	-0.118738394489
0.764143057755	-0.262021816815	-0.589431905835
0.503924005185	-0.327942090786	0.799071133745
-0.40267356643	-0.907633542406	-0.11855560452
-0.990350763314	-0.0953096682863	0.100343250786
-0.0693158517318	-0.285923738104	-0.955724281944
0.11978319392	-0.953482908882	0.276592095919
-0.990390885889	-0.0957390462429	0.100906634087
-0.0696901773483	-0.286401725642	-0.955646876872
0.120380201692	-0.953389589369	0.276835035581
-0.990377709078	-0.0947270947643	0.100186245668
-0.0692500579306	-0.286514021545	-0.955522209266
0.119226405549	-0.953333645919	0.27728802609
-0.990186563455	-0.0953572390339	0.100240881824
-0.0691138503811	-0.286530711831	-0.95544322075
0.119852046752	-0.953181760923	0.277378178589
-0.990041121527	-0.0959504186999	0.100904183305
-0.0696750000011	-0.285824848915	-0.95560003642
0.12055509708	-0.953320277966	0.276569051028
-0.990428526358	-0.0955875434558	0.100730521868
-0.0695807032864	-0.286262107674	-0.955700077318
0.120175464342	-0.953450121187	0.276722117762
-0.989996518182	-0.0954134792668	0.100692053636
-0.0695625350458	-0.286210669437	-0.955413607759
0.120015313228	-0.953179089231	0.27713652313
-0.990312015077	-0.0959981239133	0.100595650792
-0.0692957794957	-0.286518874902	-0.955583222801
0.120553804159	-0.953270979816	0.277056808137
0.744262431226	0.61232509866	0.266704759569
0.248007756021	-0.624151272042	0.74089640353
0.620133540602	-0.485276520512	-0.616393728068
