-0.190787218031	-0.858931123363	0.475223744736
0.698925257577	0.221073099711	0.680169242332
-0.689277713671	0.461913454244	0.558150706217
-0.178436368444	-0.837964515257	0.515728528792
0.704810340833	0.256886475408	0.661250112095
-0.686587814992	0.481481877604	0.544768177138
-0.149820999465	-0.865690627843	0.477633136323
0.693690618724	0.252191662032	0.674679699008
-0.704518985936	0.432410808866	0.562737855353
-0.140141020255	-0.858386513859	0.493490728033
0.701624098152	0.26558141707	0.661203556505
-0.698630181658	0.438906722513	0.565045805713
-0.168983578498	-0.859154287214	0.483009759464
0.702351984148	0.238842883399	0.670563752212
-0.691481169186	0.452557141342	0.563068214397
-0.173378749794	-0.852225697275	0.493610345591
0.709782445196	0.239331304968	0.662517478306
-0.6827508278	0.465222408611	0.563399874755
-0.17005870555	-0.858151093874	0.484413783626
0.692588909712	0.245603067721	0.678232792226
-0.700999725982	0.450839016048	0.552579005205
-0.170774826766	-0.851101461845	0.49644968966
0.700679298443	0.249339362606	0.668489659531
-0.692736972776	0.462013209565	0.553768267204
0.810647754581	0.208473421706	-0.547164553565
0.231868960036	0.743786683814	0.626911598214
0.53766811474	-0.635074955455	0.554610489636
0.799029605111	0.166421726342	-0.577802296932
0.303781256076	0.717552710142	0.62676554616
0.518911007588	-0.676329734964	0.522790057639
0.774440728299	0.234329631894	-0.587648856006
0.254521018236	0.734983807728	0.6285044542
0.579189611116	-0.636308432515	0.509559578833
0.774998529307	0.235761452958	-0.58633933426
0.251631338641	0.735964794007	0.628520078504
0.579705914249	-0.634643488085	0.511046662969
0.78972596711	0.182212009474	-0.585774427709
0.270534946962	0.753559530775	0.599131768208
0.550584906283	-0.631622368831	0.545810812899
0.79805719785	0.213304385761	-0.563565388569
0.279377520302	0.69768120316	0.659688668037
0.533903464428	-0.6839167907	0.497197055625
0.785854799278	0.187392947464	-0.589335325584
0.279996258407	0.741888683258	0.609264545924
0.551393088475	-0.643805152886	0.530547458072
0.787530935916	0.222615959374	-0.574662647072
0.259206490842	0.726333623999	0.636593637736
0.55911270636	-0.650293471544	0.514306697062
0.933501666488	-0.189766437203	0.304242235458
0.0628892104922	0.92197594409	0.38210640607
-0.353014993632	-0.337563412809	0.872600341701
0.942462298436	-0.160412431239	0.293313259297
0.0418087425536	0.927028844693	0.372652049963
-0.331687873191	-0.338947449024	0.880396377712
0.95665449108	-0.156918186305	0.245334196675
0.0641431849617	0.935265721739	0.348085740001
-0.284073647272	-0.317261269896	0.904791385221
0.968186616216	-0.139707283018	0.207597089063
0.0507477960606	0.92201460094	0.383814717256
-0.245029258479	-0.361069177664	0.899772033272
0.948143013134	-0.149206163824	0.280646302423
0.0272427531923	0.917868353913	0.395948881643
-0.316674373427	-0.367770587666	0.874335253456
0.954565370117	-0.162050800637	0.250088965842
0.0530624107859	0.918237700937	0.392458791095
-0.29323937898	-0.361357247276	0.885116717185
0.952297796548	-0.163729295611	0.257529851632
0.0568697671298	0.92431925073	0.37735891717
-0.299824509187	-0.344712402649	0.889538432687
0.957013088562	-0.163289905755	0.239713068748
0.0565910737532	0.915707811081	0.397839987608
-0.284470383382	-0.367172455458	0.885585111553
-0.62892294978	0.717529291177	-0.299343210447
0.325581813121	-0.106564798946	-0.939488986505
-0.706010711181	-0.688327530397	-0.166592822562
-0.648821262221	0.716419812276	-0.256465240878
0.31108829005	-0.0578533603439	-0.948618772826
-0.694446429175	-0.695266965232	-0.185333692001
-0.555696956082	0.786089427785	-0.270673752379
0.310402400808	-0.105858003014	-0.944692762489
-0.77126598413	-0.608980687255	-0.185179064053
-0.551525559521	0.79947706534	-0.238025913582
0.325920189158	-0.056135265876	-0.943729359929
-0.767851511583	-0.598068136995	-0.229605840694
-0.622451715513	0.737345604759	-0.262442251834
0.274984090191	-0.107909256146	-0.955374147773
-0.732760688457	-0.666841413856	-0.135590310706
-0.642978248278	0.718595115911	-0.264952916067
0.306341885101	-0.0757632890391	-0.948901777851
-0.701949882667	-0.691289370644	-0.171421643145
-0.602577747691	0.747092499701	-0.280630590579
0.29515527126	-0.118083077768	-0.948124581725
-0.741474272869	-0.654148036391	-0.149354384538
-0.598248188783	0.755747101406	-0.266356256237
0.33099212418	-0.069655128688	-0.941059260612
-0.729755815497	-0.651148705726	-0.20847538974
0.562348214282	-0.726865352957	0.394247706803
0.555094359549	0.685215869175	0.471539469869
-0.61289048585	-0.0463247052717	0.788808771974
0.576445100926	-0.711252445572	0.402282246786
0.535786216862	0.700699510964	0.471119227397
-0.61696367578	-0.0560370883473	0.784994056288
0.54304819099	-0.724263252587	0.424901634483
0.563027201324	0.689474636885	0.455658965442
-0.622975945445	-0.00821359672049	0.782197868963
0.579595746872	-0.714155932204	0.392492128587
0.548566858037	0.698097656178	0.460145696538
-0.602613614821	-0.0513903130713	0.796376710584
0.574857808434	-0.699976916359	0.423757975036
0.540170435859	0.713635793772	0.446026745025
-0.61461728341	-0.0275004294176	0.788345941631
0.558807019303	-0.720201604695	0.411150041411
0.557265765338	0.693268202111	0.45698365584
-0.614157613923	-0.0262458285696	0.788746840429
0.575504113333	-0.699578463723	0.423538658902
0.540094852756	0.714021139314	0.445501254009
-0.614078637078	-0.0276367579832	0.788760825949
0.548270793108	-0.735646541277	0.397772922474
0.52652335628	0.673173014719	0.519241026203
-0.64974786405	-0.0752479521832	0.756416192109
0.238679739786	-0.94981360519	-0.202203091847
-0.789029360653	-0.068298417704	-0.610547282806
0.566095966232	0.305269441494	-0.76573226992
0.225181524497	-0.95004725664	-0.216109920895
-0.802093209914	-0.054840743495	-0.594675528864
0.553118224585	0.307250243564	-0.774375576113
0.201872377602	-0.96157411881	-0.18607194379
-0.801345389562	-0.0529314473607	-0.595855555577
0.563110220879	0.269394674259	-0.781238384444
0.204269292596	-0.956677261274	-0.207467422336
-0.808096769731	-0.0451779715986	-0.587314768343
0.552497714311	0.287624136896	-0.782316278926
0.267077792558	-0.941735398774	-0.204460290287
-0.794333529477	-0.0950069764139	-0.600006746629
0.545622411157	0.322658163926	-0.7734262611
0.252502414709	-0.940679240312	-0.22663862103
-0.804830181684	-0.0741641368162	-0.588853132985
0.53711346692	0.331092434861	-0.775813666509
0.251481600484	-0.949406859512	-0.188105617233
-0.760741827125	-0.0737433374806	-0.64485187533
0.598355229429	0.305268216108	-0.740798607158
0.224222486312	-0.952299439199	-0.207002603083
-0.810485088117	-0.0642733349481	-0.582222373186
0.541145286888	0.298319875302	-0.786236022654
0.947204233887	-0.198095802559	0.252115486852
-0.108081493868	-0.937559587463	-0.330607591125
0.301865129462	0.285903902797	-0.909470921254
0.943160707891	-0.217835358073	0.250989302813
-0.132270521214	-0.938880153506	-0.317818141178
0.304880931794	0.266555094525	-0.914328062449
0.947364906454	-0.18310385924	0.262626653652
-0.0966527013121	-0.945606422221	-0.310626046461
0.305218016844	0.268892659146	-0.913531861338
0.949897525544	-0.181529260463	0.254444170715
-0.089028074629	-0.937477815082	-0.336466971599
0.299614269258	0.29695647601	-0.906669071438
0.954829627053	-0.172912135996	0.241664496816
-0.0880858677406	-0.941410834339	-0.325552574983
0.283797843016	0.289559997926	-0.914118033292
0.942867385162	-0.220040864001	0.250166179665
-0.135525620233	-0.939247884012	-0.315351229381
0.304358186253	0.263430464793	-0.915407374729
0.946717973086	-0.174875900024	0.270450507496
-0.0847362427648	-0.945405171502	-0.31468718878
0.31071663389	0.275003049458	-0.909850376068
0.937621724078	-0.22715108095	0.263187880571
-0.137116998418	-0.93728478729	-0.32046103
0.319475199039	0.264383678443	-0.909964832142
-0.995961493192	0.0801515102469	0.0405269583613
-0.0775930836714	-0.540609740566	-0.837690306135
-0.0452328676433	-0.837449384161	0.544641060078
-0.994779732063	0.0963195439274	0.0337895159351
-0.0832973543709	-0.574687381522	-0.814125679946
-0.0589977684689	-0.812687896705	0.579705864419
-0.994376004451	0.0727439055812	0.0769505841379
-0.104721071326	-0.567789839034	-0.816483684352
-0.0157024016883	-0.819951482585	0.57221699934
-0.994463410306	0.0687468533522	0.0794102971189
-0.103784892976	-0.526906836452	-0.843557893334
-0.0161499574102	-0.847133456765	0.531132413175
-0.996790513288	0.0691812578042	0.0403286669856
-0.0717266183893	-0.547419035407	-0.833780916959
-0.0356053370529	-0.833995970518	0.550621313375
-0.995964368931	0.071056413496	0.0550108105068
-0.085495320117	-0.560754179357	-0.823566097802
-0.0276722498114	-0.824937302655	0.564550357523
-0.997837273849	0.0595445379285	0.026846828828
-0.0557354495259	-0.561902549039	-0.825297825052
-0.0340567743831	-0.825031749918	0.564048634077
-0.994678332046	0.0665567009893	0.078665629783
-0.101343265251	-0.493733230029	-0.863689372206
-0.0186445258471	-0.867064008379	0.497848528541
-0.990960365082	0.0571950868956	-0.121360965946
0.0583763652734	0.998275408472	-0.00619763894317
0.120797193667	-0.0132262158611	-0.99259020457
-0.991751336019	0.0301415217015	-0.124604081423
0.0261566475871	0.999096587114	0.0334939077028
0.12550106862	0.0299583166369	-0.991643777615
-0.982854664739	0.0446118835381	-0.178905952761
0.0300167065135	0.996057786554	0.0834738574013
0.181924592665	0.0766724682436	-0.980319145071
-0.984705432812	0.028156178596	-0.171933827499
0.0154049168923	0.99706056981	0.0750526940893
0.17354163756	0.0712562134933	-0.982244701894
-0.984727305221	0.05812298054	-0.164104149178
0.0577458209743	0.998306267678	0.00707198221241
0.164237245485	-0.00251235060389	-0.98641579998
-0.980932839738	0.0457794810304	-0.188884912386
0.0418418119321	0.998816803675	0.0247842080473
0.189796032057	0.0164083305329	-0.981687700313
-0.984627041238	0.0372936793531	-0.17063821592
0.0168282103653	0.99265004631	0.11984444844
0.173853474477	0.115130630009	-0.978017659145
-0.990017429481	0.0424143855102	-0.134421807051
0.0354504284091	0.997923093514	0.0537844716222
0.136423859477	0.048482183984	-0.989464865791
-0.865991525828	-0.236003245905	-0.440862840675
-0.499076541259	0.352708012634	0.79152971007
-0.0313078637047	0.905482823625	-0.423225512189
-0.873167508628	-0.265849854812	-0.408538755716
-0.483557458982	0.367132924114	0.794598091111
-0.0612555637374	0.89136849688	-0.449122660587
-0.85950794065	-0.279884044903	-0.427684548168
-0.505634223001	0.343271601946	0.791517351352
-0.0747207057166	0.896566007815	-0.436564505095
-0.871664023297	-0.248335517808	-0.422527995499
-0.4875996484	0.35240204187	0.798785892091
-0.0494673555513	0.902298060022	-0.428264086489
-0.893534934273	-0.240673223808	-0.379046597232
-0.446444193199	0.386301743814	0.80713074325
-0.0478278777493	0.890420604929	-0.452622548128
-0.875344288819	-0.238602021492	-0.420523223448
-0.48347241596	0.422934267463	0.766407538167
-0.0050128958932	0.874182570687	-0.485570160889
-0.898084328547	-0.216032879939	-0.383111701703
-0.436825575818	0.33658408429	0.834203006006
-0.0512659488082	0.916537524439	-0.396649652888
-0.892794209434	-0.238016718046	-0.382446887117
-0.446066834943	0.348798394184	0.824235247024
-0.0627850165185	0.906469748863	-0.417576276901
0.872675715278	-0.0161830508368	-0.488031970602
-0.474344201873	0.209144793032	-0.855135094938
0.115908039468	0.977750766459	0.174839245705
0.880685322544	0.00494950443292	-0.473675911954
-0.465195958579	0.19767861883	-0.862853356061
0.0893649107909	0.980254403892	0.176395145794
0.885041933681	0.0350926790064	-0.464186687516
-0.460275388169	0.215105219082	-0.861322425728
0.0696228700414	0.97596017229	0.206529434863
0.883436714103	0.029650585282	-0.467611395669
-0.462796604705	0.211141314447	-0.860952184619
0.0732043526058	0.977005734025	0.200252178158
0.895523933774	0.0256244857976	-0.444274987531
-0.437409130745	0.234452992778	-0.868161856034
0.0819153902413	0.971789659164	0.221166652714
0.897969062457	0.0230291522839	-0.439455597038
-0.437307838371	0.158182200118	-0.885291055122
0.0491265521104	0.987141355595	0.152113550388
0.882943064374	0.0257325824003	-0.46877434226
-0.464584542473	0.191709852356	-0.864527945036
0.0676221313863	0.981114264017	0.181223842399
0.908329476098	0.0207854306464	-0.417738588354
-0.411991620236	0.216667711622	-0.885052542576
0.0721142647651	0.976024110428	0.205369092464
0.216787112475	0.669107631045	0.710843381647
-0.356652393741	0.732110029755	-0.580356760987
-0.908736708399	-0.127710132965	0.397350861286
0.223025806141	0.651892012081	0.724773274844
-0.371415907421	0.744244064413	-0.555113500221
-0.90128226381	-0.145387685163	0.408108694065
0.208037999554	0.676945811885	0.70602023416
-0.37139987312	0.722424445225	-0.583236709733
-0.904865922399	-0.1408804213	0.401709321329
0.220861297702	0.643541397683	0.73285384828
-0.33726578749	0.755447445525	-0.561739216731
-0.915135007559	-0.123100075112	0.38389359779
0.22009981725	0.653936328406	0.723825503135
-0.331772265916	0.747969449167	-0.574864218718
-0.917323958134	-0.113617713339	0.381585873819
0.217671790422	0.681591844008	0.698606852008
-0.326645488098	0.725367545035	-0.605924619108
-0.919740017938	-0.0963040867149	0.380530957331
0.220616787486	0.64211278943	0.734179421492
-0.372704031191	0.751102849053	-0.544918547134
-0.901343420915	-0.15341343985	0.405023915999
0.207634044364	0.645774410947	0.734754041383
-0.34960593106	0.750503273345	-0.560821295728
-0.913599356463	-0.140428782453	0.381596597476
-0.471548092613	0.78493543437	0.401885953916
0.852927585153	0.290241187801	0.433902617081
0.223943052066	0.547387714967	-0.806354942551
-0.473639631428	0.778276423945	0.412252500915
0.841239432826	0.2612088591	0.473377817604
0.26073460307	0.571013265583	-0.778435805522
-0.478527816132	0.787971591023	0.387443659975
0.833253180054	0.268334508808	0.483410870933
0.276949374154	0.554163968467	-0.784985459539
-0.48008799823	0.777694569346	0.40582796856
0.839752839323	0.273699381254	0.4689336287
0.253614573918	0.565928207538	-0.784469538345
-0.424474958395	0.79252122879	0.437872922315
0.870508780479	0.224171561273	0.438135181424
0.249072393669	0.567149077413	-0.78505213347
-0.470573443392	0.779016711153	0.414349217757
0.829944528974	0.231353919121	0.507605252315
0.299573679313	0.582755503704	-0.755408298509
-0.457884792851	0.795200514658	0.397495334547
0.851410615308	0.263574920353	0.453465204922
0.255824869078	0.546064894883	-0.797729771435
-0.490316615541	0.76159868738	0.423744880803
0.84980819723	0.309862863856	0.426394499344
0.193438136228	0.569169289869	-0.799144059551
-0.819591330597	0.558385013791	0.128360395602
-0.538509488848	-0.827247936288	0.160214066157
0.195646991304	0.0621867586169	0.978700701832
-0.8184171931	0.552577139054	0.157642636748
-0.522724627342	-0.829869834815	0.195126663801
0.238645468207	0.077291373071	0.968026019051
-0.832993726817	0.546091189138	0.0889158946655
-0.528641591319	-0.832976320476	0.163366733297
0.163277956583	0.0890788121071	0.982550393499
-0.836448899446	0.543951163267	0.0668575698696
-0.519286563422	-0.825636090362	0.220603893802
0.175197795983	0.149805690453	0.973069360836
-0.806311682463	0.580076196453	0.115642021083
-0.566977581719	-0.813680986012	0.128295264288
0.16851674267	0.0378795369409	0.984970683889
-0.833318299225	0.535930861082	0.135495978768
-0.503246437464	-0.836911634	0.215226338667
0.228744554694	0.111164139074	0.967118643549
-0.818776642856	0.571922130985	0.0500993634073
-0.550043158131	-0.806460128914	0.216966922052
0.164491319886	0.150090629823	0.974892511698
-0.862067250399	0.50236391208	0.0668668290637
-0.485528745439	-0.856492850406	0.175164065686
0.145267031159	0.118537388173	0.982265943185
-0.0496070437747	0.555919889638	-0.82975429895
0.493043605516	0.73612403596	0.463712628135
0.868589156841	-0.386101637832	-0.310609684012
0.0136513628849	0.550585627234	-0.834667066965
0.487050681985	0.725361598765	0.486448543724
0.87326701459	-0.413165849987	-0.258260930835
-0.00550984204509	0.570503239128	-0.82127685173
0.523416344616	0.701443148729	0.483748726922
0.852059236927	-0.427204347771	-0.302475560946
0.0235440838673	0.566397012212	-0.823796140857
0.526454092004	0.693489809898	0.491851569706
0.849877488904	-0.445271043486	-0.281854442522
0.00852970855845	0.562990971344	-0.82641903501
0.469539709824	0.727418817422	0.500394172658
0.882870158143	-0.392304770957	-0.258141946839
0.0103718665477	0.566908428608	-0.823715537475
0.453096637664	0.731675441422	0.50926858645
0.891401082589	-0.378504808135	-0.249275462957
-0.0351823913284	0.563132911067	-0.825617038872
0.526659636836	0.712552468478	0.463571567893
0.849347865913	-0.418509612918	-0.321648674207
-0.00106462649276	0.546402628755	-0.837521951002
0.484914059972	0.732747088436	0.477430680524
0.87456115027	-0.405617883671	-0.265738419032
0.731238138144	-0.675614281841	0.0940006617365
0.677126900009	0.702310455546	-0.21967972572
0.0824011135755	0.224288570331	0.971032797267
0.731468071222	-0.679697398799	0.0544601708798
0.668779428346	0.69954937445	-0.251723564036
0.132998272046	0.220549592011	0.966265666118
0.718762877246	-0.686159681554	0.112092872322
0.69231634212	0.691552589106	-0.206041482978
0.0638592440489	0.22569869668	0.972101895227
0.697940854326	-0.706919910471	0.114642055105
0.711315868337	0.665705951035	-0.225533409094
0.083116160105	0.238955693269	0.967466733399
0.741323498262	-0.668716546589	0.0570758325352
0.658752087063	0.708726593518	-0.252492183591
0.128394540895	0.224777212595	0.965914098918
0.696712280126	-0.716248432313	0.0397514182695
0.700629552688	0.66753184382	-0.25203067287
0.153981238938	0.203443882623	0.966902458343
0.711354598716	-0.696431356188	0.0946467036499
0.696035010103	0.679372206063	-0.23235461599
0.0975187013044	0.231163943943	0.968015151555
0.677948220963	-0.73169471894	0.0707746430766
0.72932658519	0.657437407787	-0.189364170972
0.0920268654358	0.179996931609	0.979352929636
-0.212201741507	-0.921852702779	0.324281195584
-0.950878793878	0.27131612011	0.149054519397
-0.225389038739	-0.276722468871	-0.934143940112
-0.175172693397	-0.929634380107	0.324183753779
-0.956701266532	0.238472399334	0.166895262589
-0.232460477302	-0.280911483179	-0.931156242907
-0.180883539943	-0.939438163919	0.291097343178
-0.970643877668	0.218228097342	0.10113033971
-0.158531352668	-0.264258999916	-0.951333775809
-0.155259589682	-0.927643582739	0.339665368312
-0.976231739439	0.196706725768	0.0909865651912
-0.151217624432	-0.317465506058	-0.936135720866
-0.158177734143	-0.930581516329	0.330148493431
-0.958383745256	0.22516693104	0.175500916345
-0.237656439163	-0.288648603456	-0.927470594276
-0.174043118517	-0.929188949492	0.326062479438
-0.953370494273	0.2419007296	0.180467841326
-0.246563470541	-0.279449167551	-0.927962485138
-0.15050275365	-0.934086675032	0.323775377627
-0.98041742502	0.183098381531	0.0725003008459
-0.127004269008	-0.306523578921	-0.943351657963
-0.184425421561	-0.926575733715	0.327786777423
-0.970874203735	0.223645336506	0.0859401818516
-0.152938034131	-0.302390218138	-0.940834358909
0.0795471263724	0.933795929908	0.348851898083
0.838890076637	-0.251748340547	0.482583180659
0.538456985125	0.254260197871	-0.803378042509
0.0798674124795	0.921402732975	0.380313135121
0.866323451644	-0.252881651681	0.43073702519
0.493056542609	0.295072383333	-0.818429776173
0.0417798345849	0.934291784657	0.354060278157
0.876282815827	-0.204511367652	0.436245667596
0.479987756232	0.292028623481	-0.827249227723
0.0698411628231	0.921737541442	0.381481399853
0.865510989909	-0.246138825053	0.436250347115
0.496002903302	0.299705761887	-0.814965747763
0.0918396573611	0.929624228229	0.356884165429
0.83418109869	-0.26754829562	0.482247494221
0.543791695259	0.253415755987	-0.800046924948
0.055191242641	0.918755360689	0.390962196215
0.881796606626	-0.228543291576	0.412570374096
0.468398971184	0.321975396956	-0.82277060348
0.0981503762098	0.934533438006	0.342066467584
0.872078379908	-0.246353627712	0.422827698364
0.479417891086	0.256809689178	-0.839165373028
0.0776349440764	0.934304019899	0.347914851324
0.883728584738	-0.22602636888	0.409793190582
0.461511141674	0.27564954005	-0.843218040415
0.939093113767	0.0174219894412	-0.343220848108
-0.0199637760219	-0.994261290539	-0.105092256204
-0.343082386518	0.105543398424	-0.933356075153
0.93947488402	0.0434873995697	-0.339846556866
-0.0079875022778	-0.988860765896	-0.148617283696
-0.342524504149	0.142336725003	-0.928662391774
0.935807936403	0.0198556623015	-0.351950292629
-0.0275676967052	-0.991228557551	-0.129221525826
-0.35143033151	0.130628991089	-0.927051925743
0.931663303937	0.0262562491121	-0.362373134008
-0.0293785307435	-0.988677861888	-0.147168403515
-0.362133374324	0.14775739049	-0.920343704081
0.946811482302	0.0487534455492	-0.318073885025
0.00532000749401	-0.990690287745	-0.136014256337
-0.321744607272	0.127087693951	-0.93825618721
0.945555128116	-0.00628609796147	-0.325400742774
-0.0348071421413	-0.996026148078	-0.0819015494284
-0.323594841246	0.0887687214914	-0.942016093252
0.925943641847	0.0481054783958	-0.374585513584
-0.011478469598	-0.987812362063	-0.155231802331
-0.377487335912	0.148035572304	-0.914106470465
0.933697163262	0.0285449632208	-0.356924276576
-0.029713717406	-0.987204382895	-0.156681210602
-0.356828879342	0.156898348724	-0.920901901716
0.805283726165	0.191538635089	0.561098095367
-0.571196493314	-0.00302003718576	0.820807803607
0.15891094167	-0.981480430627	0.10697420913
0.814817375216	0.141737668375	0.562123717119
-0.566174374362	-0.0138051961783	0.824169865173
0.124576152612	-0.98980797239	0.0689995256646
0.806086876809	0.1303921393	0.577253700071
-0.578912089125	-0.0286968425662	0.814884819737
0.122819938534	-0.991047106036	0.052353439554
0.803774963201	0.132737806631	0.579936618302
-0.583032795595	-0.0182512863382	0.812243583884
0.118400024567	-0.990983125482	0.0627205688711
0.824740594563	0.177175078129	0.537039976169
-0.546154987479	0.00321509138713	0.837677951806
0.146689038325	-0.984174076564	0.0994166746643
0.851117722436	0.123523334429	0.510235834398
-0.520056133702	0.0656513400067	0.851605254013
0.0716954576751	-0.990167600315	0.12011608787
0.801151617278	0.151541294906	0.578957099856
-0.58070496991	-0.037058129486	0.813270213569
0.144699085893	-0.987756011521	0.0583116016892
0.860348819271	0.12463272436	0.49423333891
-0.497937238976	-0.00164581919036	0.867211507063
0.108896351236	-0.992201580305	0.0606432959899
0.187583016694	-0.687439076481	-0.701598288062
0.981258936348	0.0990915722492	0.165262800512
-0.0440856158162	-0.719450074378	0.693143607217
0.165198134906	-0.707343622499	-0.687295136624
0.984922305292	0.0820304343574	0.152312481922
-0.0513581313426	-0.702094038802	0.710229760749
0.228324827208	-0.665421799008	-0.710690906233
0.972708448584	0.124945258528	0.195517039629
-0.0413038599848	-0.735936456589	0.675789543308
0.208738400533	-0.695653210906	-0.68738264569
0.976480234834	0.109453287504	0.185758826297
-0.0539874283313	-0.709990563829	0.702138705036
0.142943164251	-0.681632763206	-0.717596003525
0.989675217808	0.0907495765969	0.110939054166
-0.0104981620983	-0.726044961836	0.687567088114
0.160005760144	-0.675298859162	-0.719978890414
0.981335829215	0.0300041978771	0.189946657663
-0.106668374534	-0.736933642382	0.667495814716
0.120625672607	-0.670375873192	-0.732151392007
0.991136442081	0.0399780099618	0.126689933556
-0.0556599079606	-0.740943975431	0.669256310651
0.23296761051	-0.67788547725	-0.697278527402
0.971631939704	0.132234873996	0.196074681778
-0.0407116542092	-0.723177147608	0.689461647441
-0.460344749434	0.376526850779	-0.803934170274
-0.858437192123	0.0419477414807	0.511200463315
0.226203905078	0.925455486317	0.303914284357
-0.44902328659	0.339555786579	-0.826486471641
-0.862874878914	0.0753845713706	0.499764010596
0.232002076161	0.937560126471	0.259144768599
-0.474758687706	0.40623166658	-0.780756073078
-0.853815858587	0.00265961379068	0.52056836477
0.213547868649	0.913766258866	0.345584349562
-0.472000191857	0.404927349205	-0.783102561069
-0.844267660265	0.0481344737697	0.533755716277
0.253826509881	0.91308098693	0.319147608282
-0.477330721484	0.360616115048	-0.801318507286
-0.831294032619	0.110229829022	0.544793159049
0.28479038587	0.926177829784	0.247161967884
-0.47786736881	0.375542301727	-0.794109991672
-0.838084768461	0.07591722773	0.540231844934
0.26316652548	0.923690697702	0.278457961794
-0.523351341108	0.399166102855	-0.752841199318
-0.823615942748	-0.0103704162741	0.567053157349
0.21854113551	0.916820007821	0.334186891216
-0.483049434888	0.400938696211	-0.778403137195
-0.827776067907	0.0806533748749	0.55523133781
0.285394575131	0.912547652985	0.292927868169
-0.282413254215	0.89384833052	0.348250078299
-0.182818099119	-0.406523944279	0.895162580762
0.941711472609	0.189139275107	0.278219248418
-0.295884172092	0.873125822897	0.387432340335
-0.214977158551	-0.456055073189	0.86359628956
0.930718723487	0.172235383794	0.322641614845
-0.234109267789	0.886814950685	0.398437125034
-0.167931021472	-0.440552038437	0.881880451205
0.957597029752	0.139546413186	0.252061017707
-0.253390743682	0.874723421196	0.41310050962
-0.186409993311	-0.4631857698	0.866435349336
0.949233590341	0.142540648928	0.280424202748
-0.247796844604	0.881707682618	0.401482713759
-0.164094240061	-0.446617124905	0.879548930198
0.954814059079	0.152068414361	0.255353401406
-0.256790671196	0.885427223831	0.387397835049
-0.170346123785	-0.436029522252	0.883663023842
0.951336244139	0.16092474295	0.262797486866
-0.249766497144	0.877887295359	0.408571440936
-0.131426049597	-0.448774619188	0.883927920162
0.959345568181	0.167078637778	0.227466101673
-0.261842026948	0.884897002751	0.385222087479
-0.179687326973	-0.436867722568	0.881396090314
0.948235849715	0.161567007825	0.273395099839
0.16272430018	0.770811262723	-0.61593031735
0.651977005597	-0.552548383817	-0.519244715303
-0.740571497388	-0.317078992456	-0.592463961584
0.176776722106	0.768850818071	-0.614504564139
0.656684413347	-0.557189572907	-0.508232757916
-0.733152795168	-0.313693121542	-0.603389290917
0.129973082457	0.747758585883	-0.651125562414
0.625565607024	-0.571340481264	-0.531261191455
-0.769269180521	-0.338271901695	-0.542031145432
0.149677694057	0.742883487752	-0.652473701573
0.635995491556	-0.577607184681	-0.511744015965
-0.757038666345	-0.33837305859	-0.558926083693
0.125257531223	0.782733750194	-0.609622185678
0.618251871914	-0.542149439183	-0.569069404623
-0.775935535879	-0.305619437716	-0.55183529329
0.170189225741	0.785667900472	-0.594778688392
0.634310905366	-0.549253921624	-0.544031259507
-0.754112334689	-0.284686294287	-0.591834869363
0.117074608726	0.773434983086	-0.622970941396
0.607675896477	-0.55193977669	-0.571046516497
-0.785509052606	-0.311708912451	-0.53461640469
0.150615711369	0.738701449609	-0.656991894804
0.62418841002	-0.58641540399	-0.516247922704
-0.766620512567	-0.332330042645	-0.549413964855
-0.178890968803	0.456151147965	-0.871736273153
-0.926241049882	-0.376864338595	-0.00712478969995
-0.331776306017	0.80616336764	0.489923563541
-0.159883994329	0.499414828233	-0.851482177205
-0.920232179948	-0.387557025017	-0.0545182535789
-0.357225144333	0.774844716267	0.521541796593
-0.176848300891	0.414172707836	-0.892852540059
-0.912131668289	-0.409788990716	-0.00942426918884
-0.369784410043	0.812732406902	0.450250519535
-0.156863359017	0.432996404781	-0.887641824167
-0.91630910574	-0.399128931128	-0.0327677998832
-0.368471867721	0.808214216293	0.459367246332
-0.138607423296	0.469057968934	-0.872222777416
-0.93440804712	-0.353749503067	-0.0417475058014
-0.328130390455	0.809225478185	0.487323874404
-0.145927926146	0.474837261914	-0.867890877983
-0.92366368723	-0.379606796795	-0.052383449555
-0.354330910704	0.793995092928	0.493985203131
-0.1576149928	0.40972310292	-0.898490122243
-0.921786219008	-0.38740974043	-0.0149622058685
-0.354214182778	0.82585754225	0.438738687512
-0.183567331685	0.423208648265	-0.887241484888
-0.915389990508	-0.402559606092	-0.00262724877255
-0.358279468782	0.811689704993	0.461297772511
0.918356081169	0.129359317929	0.374016408915
0.101890524835	0.83592739385	-0.539299278078
-0.38241394878	0.533377499761	0.754498516763
0.920913275242	0.198934068409	0.335177531753
0.0229814196655	0.830732393653	-0.556197400676
-0.389089444365	0.519912425889	0.760460702072
0.949618337708	0.12879702622	0.285720735045
0.0516042838423	0.834955711891	-0.547892285138
-0.309131056814	0.535032974929	0.786242776891
0.946198586627	0.166572820304	0.277419774505
0.0131334978174	0.836852469573	-0.547270918921
-0.323319883374	0.521470462248	0.789640940087
0.93496770335	0.140683918085	0.325643101231
0.0604457769655	0.841386366447	-0.537043100327
-0.349544993147	0.521801704437	0.778165329924
0.929047489026	0.177477439212	0.324611340484
0.0271024045515	0.842414432939	-0.538148106307
-0.368966425935	0.508762894898	0.777832948255
0.948913448507	0.167631251541	0.267325700772
0.00538721195362	0.838479758298	-0.544906112492
-0.315490482795	0.51850887841	0.794741653901
0.944433510838	0.170552530112	0.280993197478
0.00927035209754	0.840695224225	-0.541429217468
-0.328571762525	0.513948802342	0.792399660223
-0.0394295001791	-0.832563199651	-0.552524953598
-0.0447997977855	0.553871878459	-0.83139576413
0.998217553383	-0.00802851677236	-0.0591375525235
-0.0949315318379	-0.88877826414	-0.448398487425
-0.0485802204065	0.454032194147	-0.889659895632
0.994297726297	-0.0626734784574	-0.086279016183
-0.0819993117685	-0.841193223627	-0.534481103739
-0.0211977588702	0.537637866233	-0.84290934858
0.996406917253	-0.0577881945398	-0.0619173409709
-0.0540051560968	-0.885041139279	-0.462369560853
-0.00486895647363	0.46327320626	-0.88620213408
0.998528778896	-0.0456082335481	-0.0293283648503
-0.029391121932	-0.843880720676	-0.53572517767
-0.0243357198844	0.536401976465	-0.843611688526
0.99927168951	-0.0117574466257	-0.0363018951318
-0.0209834001887	-0.880424255288	-0.473722327522
0.00616122245177	0.473703773005	-0.880662695368
0.999760847518	-0.0213979993513	-0.00451543039734
-0.0906962579663	-0.850744850935	-0.517694306108
-0.015445668252	0.520975893385	-0.853431633464
0.995758819846	-0.0694069180404	-0.0603908884313
-0.107461177681	-0.858652626037	-0.5011664095
-0.0219157979487	0.506008772848	-0.862249860938
0.993967705719	-0.0816749207931	-0.0731943577582
0.93731339185	-0.135261646437	0.321166456405
-0.0468876761962	0.864272034954	0.500834699255
-0.3453189128	-0.484497819561	0.80375164828
0.936014227876	-0.0850054126879	0.34154274467
-0.120118091693	0.834983088007	0.537005484542
-0.330830788578	-0.543670236627	0.771345362451
0.903427460815	-0.171433688086	0.392974955802
-0.0605469503817	0.856378891796	0.512785787473
-0.424444215531	-0.487058197369	0.763296420664
0.912761312848	-0.16238515115	0.374830430611
-0.0543265085539	0.86118629768	0.505377874804
-0.404864692823	-0.481652601528	0.777235717313
0.900034383707	-0.157708195648	0.406283440601
-0.0861389615152	0.849467260582	0.52056263208
-0.427221474636	-0.503521101479	0.750964922154
0.907354217095	-0.123898548232	0.401693259016
-0.116857436643	0.843569521519	0.524151506389
-0.403797801002	-0.522531924283	0.750937896013
0.93139760582	-0.104392732542	0.34871285841
-0.0895435838516	0.862845251744	0.497473636329
-0.352817866354	-0.494570752919	0.794304302267
0.943311665819	-0.0764352686997	0.322987231102
-0.109109618544	0.847625472666	0.519255381209
-0.313461629067	-0.525060672182	0.791235173598
-0.951765436631	-0.281621227406	-0.121786064628
0.261320491888	-0.952024508893	0.159250565429
-0.160791671995	0.119744003375	0.979697611445
-0.956351204784	-0.257164445225	-0.138775115128
0.244213345941	-0.964158669967	0.103718903769
-0.160474066849	0.0653009758485	0.984877583353
-0.972146416041	-0.211259833215	-0.101491340435
0.201323368909	-0.974416781573	0.0999034548855
-0.120000460184	0.0766882131553	0.989807459465
-0.954268841798	-0.257759213903	-0.151433240052
0.244361936591	-0.964349115034	0.101581955538
-0.172218124744	0.0599319396771	0.983233994277
-0.967708687461	-0.246121914001	-0.0544272698177
0.235880418805	-0.960331786089	0.148733730482
-0.0888749248995	0.131092707681	0.987378316368
-0.974681557617	-0.205065205094	-0.0891041220302
0.193440318707	-0.973257073925	0.123882751498
-0.112125492203	0.103510167036	0.988288162514
-0.953555093962	-0.244811402042	-0.175499940531
0.219810097139	-0.963899532239	0.150271030993
-0.205952355878	0.104715037078	0.972943158904
-0.950134727164	-0.245848272537	-0.191840817515
0.224903460051	-0.966386689142	0.124561130017
-0.216015522663	0.0752041777071	0.973489408943
0.213086442866	-0.123800746561	0.969158331249
0.277578786551	-0.943394903535	-0.181540307685
0.936773458813	0.307701545671	-0.166660529098
0.183849830631	-0.102461402682	0.977599807229
0.276498409542	-0.949004026069	-0.151463328614
0.94326473042	0.298151255832	-0.146144293008
0.17217840362	-0.160759381791	0.971859797551
0.224976219396	-0.954101434599	-0.197679563395
0.959031149461	0.25268147982	-0.128109071062
0.199530140614	-0.104507883468	0.97430240654
0.246143812856	-0.957069425137	-0.153067827196
0.948472614517	0.270360201626	-0.165239585659
0.191827600379	-0.129777146802	0.972810442277
0.281689168586	-0.942232489664	-0.181243953031
0.940134818384	0.308797749955	-0.144189473029
0.196348683589	-0.154276746505	0.968321049666
0.280495536334	-0.93743781481	-0.206233013166
0.939557993864	0.312103327619	-0.140790518394
0.203161432019	-0.109714380591	0.972979108142
0.243205339522	-0.956906931354	-0.15868419807
0.948460201072	0.268872212362	-0.167723616193
0.178895672593	-0.14680033086	0.972854602342
0.230108492987	-0.955138719272	-0.186441115716
0.956580626969	0.257215611956	-0.137090256668
-0.365624069097	-0.240026512099	0.899281034202
0.841081461953	-0.498993814555	0.208775522082
0.398623982401	0.832701938122	0.384325945205
-0.337321461709	-0.228427824113	0.913255185166
0.847126472261	-0.496781978405	0.188638509254
0.410598397532	0.837274433116	0.361082420335
-0.342257717567	-0.224855931523	0.912304482646
0.849223120091	-0.48953130129	0.197937369022
0.402094206996	0.842495649729	0.358498718143
-0.318862374733	-0.247115973203	0.915019419092
0.866366308363	-0.467499578632	0.175652001185
0.384364750284	0.848750788851	0.363160934004
-0.335279091876	-0.251590117747	0.907904406619
0.859278336232	-0.476806082883	0.185193887071
0.386301358771	0.842234199958	0.376048992253
-0.344350935701	-0.2273451628	0.910898849276
0.847835114428	-0.492022872618	0.197709955541
0.40323461583	0.840373598305	0.362179663993
-0.334361554759	-0.274496130659	0.901584287416
0.854639209793	-0.491530748085	0.167300171583
0.397233148347	0.826468027561	0.39894413937
-0.330235636394	-0.24735745667	0.910910913517
0.858908430948	-0.47895542714	0.181322869552
0.391434171965	0.842268344654	0.370625572255
0.621847961765	0.49139208308	-0.609785916438
0.179831318171	-0.847435954161	-0.499512424562
-0.762211086383	0.2009621506	-0.615343950986
0.587046295907	0.546594796367	-0.59716872996
0.201477570124	-0.813086528446	-0.546164666978
-0.784081087767	0.200307721527	-0.587445807369
0.636310043641	0.495694058692	-0.591098079423
0.179445984518	-0.840323561832	-0.51152273217
-0.750272402505	0.219416879623	-0.623656639429
0.639954800587	0.48245080006	-0.598079421299
0.183528067588	-0.851770822778	-0.490717310717
-0.746173717754	0.204272504638	-0.633638022193
0.630193722953	0.512711882329	-0.583079990941
0.190436407661	-0.830096047443	-0.524093432227
-0.752721545297	0.219240682324	-0.620760232495
0.643846851386	0.518051201008	-0.563102214735
0.198244252704	-0.823745373686	-0.531170746154
-0.739026635092	0.230360800558	-0.633066476326
0.62165365206	0.512598298509	-0.59227503136
0.192925877889	-0.833041583332	-0.518479782664
-0.759161599429	0.20804966656	-0.616756812682
0.617409451731	0.522308674482	-0.588216988757
0.174077269462	-0.819935267547	-0.545346954872
-0.767139284327	0.234307160566	-0.597157858497
-0.39978938104	0.125635035928	0.907956089011
0.795571961101	0.539520175496	0.275650549443
-0.455229257116	0.832546580346	-0.315646143298
-0.387817202455	0.109432203801	0.915217126469
0.799777804048	0.533547554803	0.275104459492
-0.458206569095	0.838660594193	-0.294440363358
-0.323119229372	0.095765624003	0.941500340882
0.824696909444	0.516473770546	0.230499122957
-0.46418633562	0.850931127289	-0.245860217276
-0.338013319508	0.109508689779	0.934748598299
0.806030918198	0.546424318177	0.227452538089
-0.48586135272	0.830318219141	-0.272966106669
-0.339525106453	0.0548704375013	0.938995186043
0.795768301605	0.548992508166	0.255656104221
-0.501473363685	0.834024261369	-0.230060899288
-0.304366927729	0.0604305770122	0.950636089515
0.791740456583	0.570939201193	0.217199208971
-0.529629945089	0.81876528525	-0.221620354213
-0.347695437981	0.0866060160908	0.933599056084
0.786547181836	0.568919886942	0.2401534228
-0.510344325225	0.817819988575	-0.265930551386
-0.317268684767	0.113099567471	0.941567352799
0.812712631999	0.544084375398	0.208495500721
-0.488711335871	0.831372770705	-0.264538383341
0.722448630185	-0.270454786139	-0.636334954736
0.529021539373	-0.376372776778	0.760578523445
-0.445201276777	-0.88611381216	-0.128833579532
0.757576859175	-0.276826339701	-0.591138297276
0.476281774303	-0.384843720622	0.790601681516
-0.446355217652	-0.880489934637	-0.159701363083
0.739484259447	-0.317430243979	-0.593633795897
0.491430207004	-0.348117919939	0.798317189324
-0.460064555327	-0.8820725726	-0.101432924756
0.739495701932	-0.370098024823	-0.562293127546
0.466901629947	-0.319728453116	0.824485655774
-0.484921619663	-0.872239176284	-0.0636384482528
0.777850885557	-0.227937686293	-0.58565555045
0.4727220805	-0.401844730589	0.78425424938
-0.414103667229	-0.886885169698	-0.204824114302
0.764664577622	-0.252349153566	-0.592965423933
0.487240448189	-0.375817026004	0.788262862943
-0.421763956419	-0.891673426845	-0.164419258042
0.757119533316	-0.306148686521	-0.577098776057
0.480608752854	-0.337304992556	0.809469324261
-0.442476261809	-0.890223759502	-0.108242463351
0.73000846991	-0.31702974201	-0.605458315899
0.512961211197	-0.331241351109	0.791927990518
-0.451617565443	-0.888690772452	-0.0791850273381
-0.995748426668	-0.0280744167505	0.0879485091746
-0.0779167352705	-0.255430992945	-0.963694931425
0.0495186379731	-0.966431976713	0.252133683751
-0.99157942506	-0.0381487355064	0.123691142223
-0.108879034264	-0.270954983325	-0.956409385662
0.0700012898661	-0.961830666523	0.26452957156
-0.995882564104	0.00156056686496	0.0905325391057
-0.0874343393025	-0.276433108017	-0.957041066479
0.0235332173023	-0.961025458168	0.275443704978
-0.996710002394	-0.0363144086737	0.072410717028
-0.0586623692948	-0.292872168488	-0.954347948739
0.0558638939436	-0.955459336945	0.289782931216
-0.986431856453	-0.0425222958199	0.158598115483
-0.14267429288	-0.256127250924	-0.956058977287
0.0812745595366	-0.965710399787	0.246579404766
-0.992060687424	-0.0263709984252	0.122997683272
-0.111858874513	-0.262361481996	-0.95846715324
0.0575452156216	-0.964611974884	0.257323470026
-0.992169852581	0.00297217653754	0.124887618624
-0.120591000648	-0.28377459845	-0.95128026831
0.0326122934153	-0.958888682007	0.281906674686
-0.992217601784	-0.0522067684536	0.112750654918
-0.0925190660959	-0.295249249878	-0.950907571563
0.082936597866	-0.953970356235	0.288164028203
0.730324050471	0.624013778647	0.277909288613
0.279550758083	-0.644231418235	0.711910932763
0.62328014752	-0.442235917346	-0.644941217365
