-0.19300164933	-0.858840241771	0.474493273722
0.698206410069	0.219556167812	0.68139778412
-0.689389756692	0.46280511058	0.557273018246
-0.180213807593	-0.837409944827	0.516011233212
0.704582361883	0.256156895926	0.661775910497
-0.686357562659	0.482833557963	0.543861251722
-0.150147939662	-0.866554206225	0.475961526132
0.692791754393	0.251235449176	0.675958811539
-0.705333362126	0.431236057776	0.562619142506
-0.140254773225	-0.858926295544	0.492518187853
0.700739742016	0.265315767867	0.662247177229
-0.699494360593	0.438010420665	0.564672020749
-0.170349886471	-0.859043489327	0.482726859517
0.701890160213	0.238056067178	0.671326690759
-0.691614878707	0.453181648101	0.562401334751
-0.174109967668	-0.85249727794	0.492883467792
0.709431053912	0.238536305981	0.663180225983
-0.682929938914	0.465133124485	0.56325649219
-0.171887717873	-0.85831384205	0.483479060233
0.692078308829	0.244052655263	0.679312845572
-0.701057963073	0.451370885475	0.552070712601
-0.172990917658	-0.850934469645	0.495968448808
0.700309014375	0.247816534145	0.669443253717
-0.692561519453	0.46313876315	0.553047050275
0.811579722473	0.207671345803	-0.546086956748
0.23104232702	0.744420416235	0.626464431934
0.536616991273	-0.634595031091	0.556175643822
0.799460964868	0.163647442437	-0.577997988693
0.30584922371	0.717246793925	0.626109640145
0.517028444774	-0.677330453849	0.523359370776
0.773918266437	0.234968387672	-0.588081943185
0.25503703315	0.734347627056	0.629038689018
0.579660786002	-0.636807205796	0.508399402018
0.774246555118	0.236704731371	-0.586952420778
0.251947248366	0.735489976086	0.628949188506
0.580572870665	-0.634842789853	0.509813474564
0.789301219376	0.180998259292	-0.586722435736
0.271742933498	0.753910768394	0.598142401937
0.550599096037	-0.631552202937	0.545877690848
0.798251599828	0.212543030182	-0.563577719693
0.281032134691	0.6961560278	0.660596494015
0.53274320745	-0.685705657665	0.495976241426
0.786318090893	0.185545941788	-0.589301754189
0.28113078137	0.74191081464	0.608714891985
0.55015392189	-0.644314394876	0.531215219828
0.787888782326	0.222240441051	-0.574317386107
0.260145269838	0.725193650133	0.637509699831
0.558171758695	-0.651692692271	0.51355714244
0.93275592733	-0.190780400002	0.305890863586
0.0629824039696	0.921685493056	0.382791157595
-0.354964221071	-0.33778497971	0.871723414822
0.941897908687	-0.161084070032	0.294754564479
0.0417118862516	0.926808241119	0.373211206103
-0.3332993391	-0.339232086038	0.879677864348
0.957217702691	-0.155567410002	0.243993955068
0.0632682120699	0.935308221407	0.348131675616
-0.282367495485	-0.3178007413	0.905136058963
0.968822739631	-0.138589886413	0.205366361475
0.0503333681957	0.921723234869	0.384568368458
-0.242588233614	-0.36224179957	0.899962125389
0.948136878807	-0.147806423331	0.28140668183
0.0250070573888	0.917251507871	0.397522727506
-0.316877115673	-0.369868805153	0.87337618544
0.954661084869	-0.161810669427	0.249879010923
0.0523645176239	0.917566968692	0.394117767807
-0.293053186528	-0.363164101842	0.884438615448
0.95254657122	-0.162426399567	0.257434839246
0.0553832477546	0.924096434249	0.378124952097
-0.299312090638	-0.345924049835	0.889240591173
0.957489315736	-0.162434134709	0.238389096591
0.0560099034739	0.915351645888	0.398740835092
-0.282978974846	-0.368437938788	0.885537341399
-0.630743097388	0.716554912626	-0.297845519827
0.322449925243	-0.107099927991	-0.940508097975
-0.7058250082	-0.689259380667	-0.163500417693
-0.651839409801	0.714661849032	-0.253701018753
0.307524991522	-0.0566994831267	-0.949849352415
-0.693205701771	-0.697168454702	-0.182817597656
-0.553820179935	0.788296606326	-0.268087807232
0.306517835641	-0.106342976774	-0.945905684043
-0.774163696104	-0.606035648394	-0.182731799559
-0.549087181485	0.802365036768	-0.23390854761
0.322203340096	-0.0550150775283	-0.945070405945
-0.771160079688	-0.594292362675	-0.22831644056
-0.623052176078	0.737748601891	-0.259869478604
0.269925454117	-0.109029227287	-0.956688195069
-0.734129004141	-0.666212468941	-0.131205814622
-0.643796928647	0.718727457193	-0.262596619526
0.302748042015	-0.0759254315304	-0.950041768934
-0.70275868217	-0.691134272005	-0.168713066891
-0.602042520901	0.748388600953	-0.278315104565
0.290947628625	-0.118982222042	-0.949311699577
-0.743568606696	-0.652501132198	-0.14610952812
-0.597661566387	0.7571151231	-0.263774745149
0.327710566349	-0.0695692932487	-0.942213217202
-0.731714569015	-0.649566511097	-0.206535629576
0.560709719845	-0.729627144404	0.391470093446
0.556477951936	0.682149630187	0.474346040975
-0.613136928363	-0.0481259569119	0.788509350854
0.575343979656	-0.713282685323	0.400258818867
0.536417562918	0.698487201512	0.473679038919
-0.61744271755	-0.0578225262091	0.784487762268
0.540799945619	-0.726722359038	0.423568208079
0.564780474328	0.68688308323	0.457399871578
-0.623344551464	-0.00813876986023	0.781904935595
0.578854548956	-0.715967045286	0.390280170016
0.549444510481	0.69611559309	0.462097195507
-0.602526473232	-0.0530497715167	0.796333834255
0.573392491012	-0.701832285809	0.422673036562
0.541188427521	0.711792416198	0.44773501483
-0.615090350402	-0.0279821404331	0.787959936575
0.556367443137	-0.722801352324	0.409894469822
0.559153711019	0.69056472983	0.458767352289
-0.614656325734	-0.0260492063699	0.78836478965
0.574033588086	-0.701503279021	0.422348897914
0.541369257162	0.712118124357	0.446997881331
-0.614332783958	-0.02794508969	0.788552029771
0.5456162036	-0.739004677561	0.39518986675
0.527037972185	0.669226143547	0.523800853743
-0.651562675507	-0.0775141603215	0.754624162882
0.239556714936	-0.949990176544	-0.200327784576
-0.787287198887	-0.0693310933663	-0.612676123968
0.568147360526	0.304486175188	-0.764523833022
0.22558601554	-0.950225926147	-0.214899348546
-0.800817526088	-0.0552469180076	-0.596354921287
0.554799360704	0.306624512249	-0.773420510815
0.200639473326	-0.962235731371	-0.183973323181
-0.800475341566	-0.0527601315975	-0.597039006942
0.564785812423	0.267055697447	-0.780831740067
0.203252396356	-0.957108324205	-0.206475482164
-0.807106798326	-0.0443912181236	-0.588734272162
0.554316773238	0.286309418043	-0.781511256871
0.269452723535	-0.941393910809	-0.202910500486
-0.792680441304	-0.0971636321815	-0.60184454101
0.546857279818	0.323011823717	-0.772405543586
0.254357186398	-0.940393684353	-0.22574759381
-0.803373394455	-0.0755017730676	-0.590669480106
0.538417539428	0.331600609282	-0.774691679778
0.252565995385	-0.94963048449	-0.185505944816
-0.757439479737	-0.0747470210404	-0.648612714563
0.602076363238	0.304327064003	-0.738166181205
0.224246853203	-0.952539434081	-0.205869008986
-0.809470524436	-0.0644310383662	-0.583614780683
0.54265172294	0.297518686276	-0.785501055445
0.94718875094	-0.197328202421	0.25277469066
-0.106806464488	-0.9373759054	-0.331539676221
0.302367066415	0.287032678095	-0.90894783573
0.942979499852	-0.217852521545	0.2516543586
-0.131932724124	-0.938763284956	-0.318302346319
0.305586965774	0.266951130778	-0.91397639125
0.947364209784	-0.181891555888	0.263470167183
-0.0950287608333	-0.945607548171	-0.311121170774
0.30572962191	0.269707823739	-0.913119687377
0.94997673823	-0.180049835416	0.255198413535
-0.0869739266955	-0.937289648187	-0.337524441244
0.299966180726	0.298444750546	-0.906062985012
0.955126242533	-0.171049123604	0.241818184676
-0.0860172267746	-0.941397373867	-0.326145666626
0.283434073153	0.290709746096	-0.913866488567
0.942821794417	-0.219994170192	0.250378947811
-0.135229108455	-0.939099469734	-0.31591910759
0.30463115509	0.263996892777	-0.915153054498
0.946689163489	-0.17323653233	0.271603944462
-0.0824614746565	-0.945324901875	-0.31553110565
0.311415645045	0.276313006031	-0.90921415622
0.937188108226	-0.227600482823	0.264341565834
-0.13696402085	-0.937048010703	-0.321219052047
0.320810380446	0.264837389022	-0.909363324995
-0.995921475731	0.0811403145658	0.0394979705604
-0.0773067573441	-0.541295598398	-0.837272587736
-0.046556477478	-0.836909774263	0.545357960036
-0.994666057941	0.0976142364223	0.0332366350197
-0.0837312859815	-0.57643984853	-0.812835319632
-0.0601854202247	-0.811285181635	0.581543432898
-0.994309853356	0.0733802940538	0.0771375147485
-0.105262738855	-0.568986369219	-0.815575869679
-0.015956802494	-0.819060178399	0.573483228414
-0.994413460035	0.0685557884589	0.0803163264873
-0.104448391734	-0.526727626781	-0.843596603569
-0.0155287441803	-0.847269024548	0.530938897801
-0.996802110832	0.0695305194197	0.0395030734482
-0.0712594438853	-0.548122120108	-0.83336159461
-0.0362915637551	-0.83350762599	0.551316678206
-0.995869429896	0.0721258555784	0.0550282083387
-0.0861397350893	-0.561456699095	-0.823003946947
-0.0284638155317	-0.824350296663	0.565361288538
-0.997891383645	0.0599877664328	0.0254736446824
-0.0549177175879	-0.563518775087	-0.824292273851
-0.035092491931	-0.823938818308	0.565597803343
-0.99455990985	0.0667671410816	0.0800715374834
-0.10262002065	-0.491415401008	-0.864866481104
-0.0183965650313	-0.868370340147	0.495579713184
-0.991131285407	0.0552419411445	-0.120885312102
0.0569012413228	0.998326527099	-0.010314998832
0.120113194444	-0.0171019999873	-0.992615989375
-0.991838473322	0.0269320128441	-0.124613185801
0.0232279399366	0.999246875841	0.0310828396544
0.125356460534	0.0279346880927	-0.991717070398
-0.982652524093	0.0421730907403	-0.18060566372
0.027490913286	0.996166968976	0.0830399020237
0.183415443834	0.0766342355532	-0.980045368068
-0.984606781611	0.0251982124661	-0.172957271645
0.0124663343792	0.997157400495	0.074308200688
0.17433805733	0.0710082267829	-0.982122067777
-0.984823419952	0.0559262433301	-0.164272426988
0.0560733513187	0.998419623652	0.00374522228358
0.164222270821	-0.00552292721713	-0.986403000201
-0.980792026778	0.043239049685	-0.190189766216
0.03974915303	0.998964640812	0.0221280026764
0.190949646306	0.0141431344256	-0.981495269905
-0.984469735908	0.0339821827405	-0.172244156732
0.0132589078316	0.99267756302	0.120064441661
0.175062959061	0.115915831725	-0.977711597351
-0.990127373187	0.0390493572749	-0.134643833637
0.03217402483	0.998083116462	0.0528671028846
0.136450160742	0.0480129788452	-0.989485793191
-0.864665744124	-0.237563866332	-0.442623060082
-0.501306417539	0.35139856385	0.790702499423
-0.0323054118798	0.905583776508	-0.42293418594
-0.872185531342	-0.267651520989	-0.409454856144
-0.485166900179	0.366399062017	0.793954786435
-0.0624795556834	0.891130622998	-0.449423116332
-0.857963716887	-0.282611927184	-0.428983968565
-0.507928570899	0.341771161517	0.790696214552
-0.0768460378737	0.896282564516	-0.436773488608
-0.870247048443	-0.250475859195	-0.424182904741
-0.489967977553	0.350968631336	0.797967498979
-0.050996800741	0.902265256127	-0.428154337569
-0.893153856023	-0.242364601581	-0.378859777908
-0.447078899829	0.386773662358	0.806552114556
-0.0489467950267	0.889755728314	-0.45380424884
-0.874017403722	-0.240243213298	-0.422346080131
-0.485872598412	0.423961596668	0.764319441711
-0.00456410454497	0.873235128318	-0.487277263145
-0.898273400946	-0.217189761298	-0.382011487411
-0.436149271624	0.334520176348	0.835386024053
-0.0536468245848	0.917019413049	-0.395217508548
-0.892474810196	-0.239908758155	-0.382010737033
-0.446339282742	0.346974385124	0.824857513767
-0.0653426363778	0.906671087604	-0.416746512758
0.871880888385	-0.0180175392563	-0.489386434626
-0.475302250558	0.209549957859	-0.854503698797
0.117946957279	0.977631918936	0.174138827312
0.880229726305	0.00349846811865	-0.474534921902
-0.465730563701	0.198236914535	-0.862436771122
0.0910531351388	0.980147898468	0.176123367552
0.885196100602	0.0340717147146	-0.463968731645
-0.459783437565	0.216068868716	-0.861343978673
0.0709017364348	0.975783468455	0.206928929147
0.88342118655	0.0288632170027	-0.467689988473
-0.462689588525	0.211490974606	-0.860923884981
0.0740631844016	0.976953686602	0.200190316168
0.89582329186	0.0246613684673	-0.443725643643
-0.436552611403	0.235761002135	-0.868238773909
0.0832012463731	0.971498104963	0.221966181761
0.898246462481	0.0219586478279	-0.438943174076
-0.436717988391	0.156635901121	-0.885856980633
0.0493020374653	0.987412279297	0.150287380754
0.882734835812	0.0244974648139	-0.46923243801
-0.46485218168	0.191108163192	-0.864517263324
0.0684956630051	0.981263228505	0.180085534372
0.909233501447	0.0194176619943	-0.415833370541
-0.4098474143	0.216768643647	-0.886022817532
0.0729351399799	0.97602986153	0.205051592382
0.218062381053	0.668021677811	0.711474400844
-0.355717868726	0.733271962324	-0.579462701769
-0.908797877942	-0.126725146862	0.397526281235
0.224670061428	0.649824747556	0.726120614243
-0.370642146356	0.746149860605	-0.55306851303
-0.901192403602	-0.144872972721	0.408489978308
0.208925758487	0.67637464827	0.706305432934
-0.371143187824	0.723049747107	-0.582624920538
-0.904766690117	-0.140415095618	0.402095559374
0.222664960484	0.641391622974	0.734191474815
-0.335936617898	0.757453594852	-0.559830909068
-0.915186824898	-0.121987064773	0.384125302051
0.221723005331	0.652079747136	0.725004083735
-0.329994483773	0.749817918911	-0.573477752054
-0.917574279684	-0.11209413364	0.381434599557
0.219257678942	0.680582328419	0.699094957575
-0.324407653232	0.726616271357	-0.605630635831
-0.920155280367	-0.0940025891989	0.380102314457
0.221924682358	0.6401743343	0.73547691092
-0.372090543258	0.752806771049	-0.542983059064
-0.901275813728	-0.153162647263	0.405269211229
0.208482566296	0.64319731328	0.736771500448
-0.349499269991	0.752578729819	-0.558099917794
-0.913446926733	-0.141146994854	0.381696534223
-0.473137854615	0.783885598305	0.402078413574
0.85209387553	0.291246233795	0.434871424122
0.223784961908	0.548361648006	-0.805744132878
-0.475333780278	0.777159652255	0.412402775255
0.840024671099	0.261544757983	0.475342589558
0.261556353537	0.572376537264	-0.777153655667
-0.480412420735	0.786935382613	0.387234050311
0.831840389498	0.268895933523	0.485533994461
0.277955162801	0.555368703629	-0.783787546244
-0.482520904418	0.7761434171	0.40594222076
0.838243767956	0.274763312631	0.471019545049
0.254037548375	0.567550369949	-0.783178445548
-0.424820311847	0.791554536257	0.439282161808
0.870159413252	0.223200163021	0.439322340206
0.249699813939	0.568878668265	-0.783598549517
-0.472682866224	0.777833659157	0.414168460271
0.827595014081	0.230379497374	0.511865659064
0.302732897898	0.584717674559	-0.752626004589
-0.459157578934	0.794804097879	0.396807229338
0.850425781477	0.264148173267	0.4549717782
0.256798600969	0.546360480592	-0.797206879326
-0.492877915056	0.759680939576	0.424220738667
0.848803711793	0.312575402412	0.426417755121
0.191339028733	0.570249693626	-0.798882408695
-0.818054922129	0.56087535099	0.127296756071
-0.541464214764	-0.825679061811	0.158335302151
0.19391268031	0.060600366569	0.979145271148
-0.817167905439	0.554403254485	0.157714625928
-0.52477972796	-0.828771632732	0.194278349387
0.238417929146	0.075992574202	0.968184912213
-0.832141842094	0.547937759244	0.0854640009242
-0.531142464793	-0.831790831994	0.161281191525
0.159460231884	0.0888152725665	0.983201038015
-0.8360900145	0.545039710699	0.0623259061211
-0.521068098845	-0.824534571005	0.220522332297
0.171583335959	0.151900547849	0.973388603019
-0.803951377921	0.583633136733	0.114168994196
-0.571030366437	-0.811218237893	0.12589402992
0.166091896661	0.0360187155351	0.985452248524
-0.832080321163	0.537943058101	0.135129823027
-0.505320377263	-0.835672894176	0.215180377517
0.228679074584	0.110763463233	0.967180099241
-0.817298828349	0.574401614803	0.0456593914953
-0.553135874135	-0.804299594485	0.217122641616
0.161439461919	0.152198297196	0.975075879009
-0.862481400434	0.502116132976	0.0632862962212
-0.485989432333	-0.856618311909	0.173260705165
0.141209199223	0.118677669756	0.982840562926
-0.0521974259456	0.5535557892	-0.831174734335
0.491820427386	0.738622611536	0.461030704407
0.869130667944	-0.38472409782	-0.310804243923
0.0140147268646	0.547364144845	-0.836777212221
0.485378056092	0.727923531049	0.484288634829
0.874192057055	-0.412940470405	-0.255476895163
-0.00523977565697	0.568130494706	-0.822921792308
0.523837150685	0.702545379851	0.481689345955
0.851802309713	-0.42855306256	-0.301289039737
0.0252020191587	0.564332284313	-0.82516297204
0.527496911865	0.693652758031	0.490502659557
0.849183057719	-0.447632576944	-0.280202087143
0.00847141751826	0.561322818502	-0.827553584313
0.466518293127	0.729781112557	0.499780163347
0.884470985199	-0.390302732409	-0.255685082699
0.0106935793933	0.564837324797	-0.825132974256
0.449634540259	0.734334494216	0.508509218988
0.893148592841	-0.376446067991	-0.246117706558
-0.0365224613692	0.560993004384	-0.827014472533
0.5272947436	0.713806034907	0.460913432311
0.848897132825	-0.419246690798	-0.321878615735
-0.000687293885139	0.54325599516	-0.839566821086
0.48470036233	0.734533624313	0.474895685783
0.874679988397	-0.406611949334	-0.263821218156
0.729866269037	-0.676572342415	0.0976990360739
0.678795794944	0.700410576588	-0.220593065545
0.0808177266243	0.227321132496	0.970460508487
0.7305164416	-0.68056094862	0.0564138637677
0.669637260666	0.69768661058	-0.254596411671
0.133909177949	0.22376368991	0.965400509205
0.716535726239	-0.687744598239	0.11655010164
0.694911797197	0.689271612037	-0.204944492651
0.0606147895771	0.227842091249	0.971809564315
0.695155108785	-0.708973062792	0.118813134794
0.714232491693	0.662458257452	-0.225878272326
0.0814328715844	0.241880636542	0.966882849165
0.740747803624	-0.669194280727	0.0589212193318
0.659268021958	0.707295116868	-0.255145639618
0.129067310614	0.227843448083	0.965105690087
0.694104559116	-0.718721144071	0.0407280265738
0.702702767977	0.664179097729	-0.255097901806
0.156293553804	0.205684313193	0.966057083038
0.708873847298	-0.698426787208	0.0984779006766
0.698937352349	0.676801012561	-0.231142754326
0.094786346607	0.232680936684	0.967923101695
0.674536556396	-0.73457532376	0.0734815704679
0.732695169747	0.653966164174	-0.188377436495
0.0903229522561	0.180907059217	0.979343862528
-0.211199804181	-0.922195500305	0.323959918238
-0.950406080654	0.271165157604	0.152307895545
-0.228304295324	-0.275726082202	-0.933730239038
-0.172494007756	-0.930093427013	0.324302251956
-0.956418414424	0.236899458636	0.170711477583
-0.235604647973	-0.280721942598	-0.9304222176
-0.177342647942	-0.940610102558	0.289486822867
-0.971307090663	0.214649198157	0.102413497467
-0.158469307041	-0.263018295567	-0.951687721215
-0.151381778236	-0.928115600686	0.340124386168
-0.976918810944	0.192938084149	0.0916747429533
-0.150707674408	-0.318396063788	-0.935900895481
-0.155382192048	-0.931046163016	0.330166081397
-0.95778182643	0.22382790519	0.18043057581
-0.241889586242	-0.288191363611	-0.926517965544
-0.171222510975	-0.929849622025	0.325673075849
-0.952894327416	0.240288194702	0.185079055576
-0.250351098842	-0.278642309161	-0.927191178904
-0.146556991156	-0.934878031951	0.323302731098
-0.98119197343	0.178895741459	0.0725190545435
-0.125633999526	-0.306593814958	-0.943513248396
-0.181992448203	-0.927013733947	0.327908214756
-0.971419790351	0.221183097257	0.0861470050863
-0.152387175134	-0.30285846966	-0.940773136313
0.0772047903723	0.934303429875	0.348019849503
0.837268260273	-0.250275836071	0.486153905617
0.541315596545	0.253852044569	-0.801585361294
0.0772907439152	0.921610833981	0.380334261706
0.866003813126	-0.251076201142	0.432424250588
0.494022343209	0.295950684294	-0.817523308559
0.037732920721	0.934889203182	0.352927000777
0.876323348155	-0.200688705574	0.437927236287
0.480242313401	0.292754252879	-0.826837644129
0.0674487642486	0.921964152245	0.381357808909
0.865292115597	-0.244345317899	0.437682842915
0.496710409722	0.300464337771	-0.814249298361
0.0902225450224	0.9302941171	0.355546624148
0.831683000691	-0.266772258803	0.486966999665
0.547872186387	0.25176641573	-0.797778811083
0.0517668127821	0.918792913987	0.391350002048
0.882007251813	-0.225876892278	0.413596770434
0.468399883268	0.323757103352	-0.822077732729
0.0961968652323	0.935253886087	0.340658030476
0.872217980726	-0.244100320682	0.42385490174
0.479565969672	0.256353958794	-0.839227208384
0.0750341748003	0.934956537399	0.346736789695
0.884405122909	-0.223024188855	0.409985521261
0.460649223081	0.275892773095	-0.84361482939
0.939926521749	0.0198250945169	-0.340800227919
-0.0172234781575	-0.994281823924	-0.105341894442
-0.340941610136	0.104883404559	-0.93421009533
0.940284377238	0.0466547042399	-0.337177625199
-0.00495744102752	-0.988582410612	-0.150613142125
-0.340353986521	0.143290730246	-0.929317430345
0.936365290634	0.0219597527459	-0.350339407161
-0.0254443167076	-0.991168151501	-0.130133746189
-0.350103581384	0.130766870457	-0.927536591802
0.932146305691	0.0287974077725	-0.360934650184
-0.0275022116042	-0.988319257333	-0.149880647466
-0.361035650254	0.149637192681	-0.920465999776
0.947781472998	0.0521889054362	-0.314620858114
0.00915105130114	-0.99055785917	-0.136745916307
-0.318788683098	0.126726104319	-0.939309659885
0.946538885524	-0.00491714882895	-0.32255217068
-0.0326819767733	-0.996199832776	-0.0807195900187
-0.320929851459	0.0869458766475	-0.943102524786
0.926222198481	0.0511244740369	-0.373495313679
-0.00908489897524	-0.987446811687	-0.157692280257
-0.376868578945	0.149451258933	-0.914130718198
0.93418826314	0.0311743728004	-0.355415920122
-0.0280085784264	-0.986693409324	-0.160163992382
-0.355679402454	0.159578016662	-0.920884281226
0.805307535593	0.195038657556	0.559856855729
-0.570497084489	-0.00196531217311	0.82129728682
0.16128500686	-0.980793596435	0.10968630186
0.814905345332	0.142588905951	0.561780813909
-0.565903894642	-0.0136775173491	0.824357757338
0.125228036023	-0.989687493078	0.0695457346117
0.806092950915	0.129786823941	0.577381618607
-0.57907218759	-0.0281856851102	0.814788906258
0.122022763181	-0.991141231376	0.0524356589041
0.803461938698	0.132250213131	0.580481521578
-0.583535036937	-0.0183961871365	0.811879581571
0.118049889596	-0.991045647502	0.0623919949157
0.82577959623	0.178666765541	0.534945089671
-0.544439365416	0.00494020339374	0.838785665387
0.14722037718	-0.983897251731	0.101352736803
0.85297800746	0.122504439254	0.507366908831
-0.517337080042	0.0695245522745	0.852952915504
0.0692160633628	-0.990029793903	0.122679003629
0.800854434149	0.153080216114	0.578963407226
-0.580760592158	-0.0373540423019	0.813216964799
0.146114044734	-0.987507541579	0.0589878034541
0.861953267148	0.124215608446	0.491535402256
-0.495189281197	-0.00167316233217	0.868783519574
0.108738883751	-0.992253853968	0.0600680473717
0.185169511383	-0.688529791383	-0.701169718847
0.981721101256	0.0976619816537	0.163357927498
-0.0439991772624	-0.718602017465	0.694028249762
0.162209326343	-0.709124516654	-0.686170949654
0.985414911103	0.0801647052693	0.150103606124
-0.0514354473518	-0.700511284332	0.711785319749
0.228002289979	-0.66604033266	-0.710214917488
0.972780553952	0.124819759705	0.195238364976
-0.0413877711966	-0.73539805587	0.676370276531
0.208051889862	-0.696640016984	-0.686590937867
0.976633904029	0.109303749377	0.185037640037
-0.0538576524397	-0.709045412837	0.703103095281
0.138719876627	-0.683044662934	-0.71708215772
0.990281650562	0.0883940736861	0.107372152318
-0.00995414702982	-0.725007941316	0.688668580114
0.156891537092	-0.676242654175	-0.719778363822
0.981569702774	0.0262493475242	0.189293056403
-0.109114338873	-0.736211121405	0.667897623765
0.11579220073	-0.671000535939	-0.73235952102
0.991603498008	0.0353538756853	0.124389023352
-0.0575733444871	-0.740613534283	0.669460163635
0.232778259221	-0.678125718446	-0.697108161286
0.971657058386	0.131805087521	0.196239587875
-0.0411927109815	-0.723030376224	0.689587002639
-0.456552699025	0.3777944574	-0.80550048246
-0.859995918548	0.0445813487909	0.508349834044
0.227962056855	0.924815593321	0.304547929032
-0.445491249314	0.339516439708	-0.828411847218
-0.864199659554	0.0786382579862	0.496965801286
0.233872935311	0.9373071249	0.258377305087
-0.472997994092	0.407966188648	-0.780920267905
-0.854695059798	0.00275674486369	0.519123049418
0.213937445675	0.912992866675	0.347382764588
-0.469807458379	0.40723390401	-0.783225036461
-0.844786514633	0.0500501301773	0.532757639258
0.256157480876	0.91195148167	0.320511810667
-0.474768388582	0.361465927222	-0.802457038495
-0.831231895825	0.115463064074	0.543803070047
0.289220418599	0.925208423593	0.245643828843
-0.476088674925	0.376703047296	-0.794628486445
-0.838104552487	0.079276276813	0.539718499124
0.266308798978	0.922935595452	0.2779739765
-0.523578947886	0.400247137506	-0.752108578997
-0.823193450015	-0.0101359905961	0.567670508112
0.219585130496	0.916351183142	0.334787813058
-0.482305996769	0.402587004548	-0.778013260307
-0.827089778537	0.083344072983	0.555856335926
0.288623331842	0.911579657364	0.292778247976
-0.280990679819	0.895458619577	0.345250777598
-0.183963794726	-0.403329824234	0.89637178456
0.941913775797	0.188358473532	0.278063886451
-0.294659077478	0.873783243249	0.386883613148
-0.216923373391	-0.455450374209	0.863428788141
0.930655863562	0.17049300845	0.323746549188
-0.230973976092	0.8881242693	0.397348995141
-0.168117406911	-0.438679228377	0.882777988941
0.958325351409	0.137097492844	0.250632697728
-0.250831521724	0.875279963837	0.413483328214
-0.186723544373	-0.462864264462	0.866539617621
0.949851459851	0.140148406469	0.279536380671
-0.24563446869	0.882640210557	0.400761659314
-0.164166884851	-0.445333998295	0.880185659683
0.955360080173	0.150412168062	0.25428971988
-0.254690328792	0.886589354072	0.386124597408
-0.170828753914	-0.434262388649	0.884439807453
0.951814280369	0.159297060289	0.262057345439
-0.248078795336	0.878139496911	0.409057376369
-0.129946245682	-0.448605978443	0.884232238462
0.959984836563	0.166203797391	0.225400560063
-0.25995419557	0.885928022372	0.384129415416
-0.180189323915	-0.435323411318	0.882057478176
0.948659937047	0.160078500853	0.272798877661
0.161683618736	0.771784348533	-0.614983927437
0.653233511493	-0.55080931536	-0.519510539411
-0.739690672584	-0.317732813	-0.593211248557
0.176681275911	0.770266226985	-0.612759980481
0.657401911475	-0.555682060002	-0.508961987949
-0.73253503732	-0.312904966331	-0.604553635552
0.127348273032	0.747665946197	-0.651751387484
0.625285272312	-0.570597940527	-0.532390454115
-0.769936728842	-0.339730629029	-0.54017010925
0.146930824672	0.74234736495	-0.653708951514
0.636487966108	-0.576844689495	-0.511996150768
-0.757164495032	-0.340848029411	-0.557253307937
0.123545437545	0.784328389167	-0.607920546504
0.617867040634	-0.540178174454	-0.57135906205
-0.776517052623	-0.305024319742	-0.551348141611
0.170291802858	0.787808287445	-0.591909483823
0.634172606769	-0.547371643824	-0.546082154854
-0.754204110059	-0.282380447729	-0.592818409679
0.114611727281	0.774827886113	-0.621696476936
0.607056248674	-0.550005851193	-0.573565465735
-0.786350731849	-0.311667097138	-0.533401541539
0.149621765347	0.738978687585	-0.656901575702
0.624241355718	-0.585823582152	-0.516842072479
-0.766767181533	-0.332736378185	-0.548950853198
-0.175799113987	0.456290279956	-0.872292283369
-0.926969552903	-0.375019949975	-0.00935182754499
-0.331394168926	0.806944353165	0.488895392827
-0.156301693886	0.501460736202	-0.850944676316
-0.920633608891	-0.386036806909	-0.0583888681164
-0.357775726236	0.774282010503	0.521999875153
-0.17400817193	0.413618762805	-0.893666956736
-0.912009726451	-0.40998773678	-0.0121761976429
-0.371428821398	0.812914214408	0.448565590781
-0.153339901025	0.432840477907	-0.888333317719
-0.916341829814	-0.398764172196	-0.036123296479
-0.369871077023	0.808477805694	0.457776217622
-0.133626739965	0.470696150757	-0.872117540688
-0.935172796749	-0.351160600119	-0.0462390033401
-0.328017852158	0.80940184017	0.487106702144
-0.14193183598	0.477019058459	-0.867356991188
-0.924243820913	-0.37760919249	-0.0564325362355
-0.354441379921	0.793639773139	0.494476702294
-0.154323295739	0.410023538555	-0.898924316026
-0.922260882174	-0.386157555806	-0.0178072033907
-0.354427839376	0.826294698707	0.437741856139
-0.18106522444	0.423480761382	-0.8876256645
-0.915670680669	-0.401898620025	-0.00495726269632
-0.358834892539	0.81187524573	0.460538875124
0.917138207078	0.125723151289	0.378221100143
0.107163062119	0.836219949987	-0.53782179
-0.38389267964	0.533788243512	0.753456387781
0.919617757298	0.19802129191	0.339250273572
0.0259156834018	0.831173544612	-0.555408782316
-0.391958617104	0.519555681395	0.759230093929
0.949883959187	0.125493732511	0.286307153543
0.0547667865151	0.834909026045	-0.547656383146
-0.307767870585	0.535890136134	0.786193802777
0.946426879254	0.16435960657	0.277960574593
0.0150630965364	0.837369626825	-0.546429509074
-0.322566682134	0.521342521757	0.790033358132
0.934296646511	0.137925393052	0.328734483955
0.064216389425	0.841929162474	-0.535753243114
-0.35066512561	0.521662599896	0.777754522362
0.928321362358	0.175582039075	0.327704737432
0.0302156665347	0.842902869299	-0.537216683144
-0.370548864358	0.508611540084	0.777179411654
0.949099193845	0.165576255114	0.267946305844
0.00722852132945	0.839010499755	-0.544067207321
-0.314894375232	0.518310603157	0.795107317534
0.94461279937	0.168003653083	0.2819245129
0.0114522789601	0.841639058117	-0.539919011284
-0.327987048112	0.513243086647	0.793099002098
-0.0367847859735	-0.832601976141	-0.552648965319
-0.0449004289949	0.553841754309	-0.831410418617
0.998314019243	-0.00576905848337	-0.0577571465628
-0.0944546341097	-0.890561086735	-0.444948599651
-0.0502081603317	0.450639464418	-0.891292996402
0.99426226227	-0.0618467104386	-0.0872784153452
-0.0826510720374	-0.841601855839	-0.533736952891
-0.0207363458075	0.536905745145	-0.843387356224
0.996362796674	-0.0586391074683	-0.0618275866334
-0.0532385496229	-0.887178658011	-0.458344518811
-0.00345078247322	0.459156160064	-0.888348872405
0.99857586655	-0.0457127528303	-0.0275062718898
-0.0272022176063	-0.844299673659	-0.535180405339
-0.0251068506359	0.535786699782	-0.843980001511
0.999314590732	-0.00952144734751	-0.0357722846205
-0.0176074243013	-0.882043123472	-0.470839547947
0.00618758542173	0.470807419653	-0.882214301248
0.999825817511	-0.0184468934137	-0.00283198160404
-0.0921010427807	-0.851579354778	-0.516071667538
-0.014696973078	0.519380633074	-0.854416609056
0.995641181602	-0.0711079838352	-0.0603511286879
-0.109227061215	-0.859479863985	-0.4993633968
-0.0218891807334	0.504327079672	-0.863235226234
0.993775780761	-0.0833579957089	-0.0738994723848
0.937660078605	-0.137239996558	0.319309818684
-0.0436996074673	0.864889701658	0.50005614506
-0.344795477451	-0.482836398017	0.804975211663
0.936418573157	-0.0852234818124	0.340378045906
-0.119624414303	0.83440253392	0.538017110562
-0.329863995443	-0.544526739383	0.771155221155
0.902810006273	-0.175320072365	0.39267921285
-0.0576030037228	0.85559349415	0.514433344414
-0.426164271075	-0.487055072973	0.762339405051
0.912403114103	-0.165691735341	0.374255001606
-0.0513942410485	0.860776593295	0.506381564084
-0.406053185401	-0.481258667763	0.776859643283
0.898660832192	-0.161297293852	0.407911619831
-0.0838235118495	0.849651122862	0.520640552767
-0.430560478282	-0.50207185673	0.750027679539
0.906398467886	-0.12649198843	0.403040439247
-0.115532720814	0.843503832645	0.52455073831
-0.406317621113	-0.522016344095	0.749936617981
0.932044090243	-0.104880425559	0.346834124958
-0.0881492155064	0.862806517649	0.497789743793
-0.351459143723	-0.494535144913	0.794928588563
0.944293173909	-0.0766123143324	0.320063986855
-0.107546461869	0.847300181666	0.520111682769
-0.311037233991	-0.525559661034	0.791860394455
-0.951526640015	-0.281893861081	-0.123019557544
0.260973382209	-0.951642622994	0.162080594287
-0.162760112533	0.122119107233	0.979079199627
-0.956342029997	-0.256455688583	-0.140136188161
0.243311853302	-0.964322521822	0.104303195286
-0.16188580383	0.0656528316021	0.984623112939
-0.972704389563	-0.208054269011	-0.102789456475
0.197883745377	-0.975018723974	0.100928682938
-0.121219942796	0.0778331347856	0.989569482527
-0.954181958926	-0.256428451554	-0.154216029266
0.242818995102	-0.964723063181	0.101733472516
-0.174863003711	0.0596256073016	0.982785698277
-0.968210655866	-0.244549397771	-0.0526068701203
0.234405155833	-0.960421690758	0.150493019134
-0.0873276225085	0.133377351672	0.987210409625
-0.975585337772	-0.201268457447	-0.0878961180885
0.18970567676	-0.973914637259	0.124513072035
-0.110663795992	0.104798649511	0.988317143439
-0.953226977435	-0.242834354623	-0.179979479388
0.21691218497	-0.964258496209	0.152175818225
-0.210499978141	0.106018167576	0.971828147276
-0.949587587546	-0.243949902026	-0.196912054878
0.222358840735	-0.966853674687	0.12551110825
-0.221003298622	0.0753985255064	0.972354174043
0.212124745348	-0.12210873725	0.969583657296
0.280027305464	-0.94296195673	-0.180020161563
0.936262634309	0.309696636504	-0.165831704623
0.182092932907	-0.0997978287829	0.97820377886
0.278563217531	-0.948843395206	-0.148657074738
0.942997758981	0.299560987782	-0.144977747583
0.170498200087	-0.160504735258	0.972197732354
0.224919908497	-0.954256995829	-0.196987910325
0.959344169523	0.252252714579	-0.12659822709
0.199095303419	-0.101747187983	0.974683954819
0.246720899631	-0.957355083117	-0.150335071331
0.948414518937	0.270405890698	-0.16550198352
0.190097655351	-0.128172824906	0.97336270886
0.2839250762	-0.941899266958	-0.179480283774
0.939813698106	0.310480833732	-0.142661715427
0.195566541593	-0.153209604619	0.968648704081
0.282479457261	-0.937058930484	-0.205244625031
0.939126642733	0.313762357415	-0.139978576466
0.202130790408	-0.106973345402	0.973498604227
0.243641589757	-0.957272729069	-0.155778452902
0.94856818669	0.268672391625	-0.167430824499
0.176987610843	-0.145801034137	0.973353519821
0.229962039427	-0.95546594458	-0.184936235588
0.956970467949	0.256565799076	-0.135576562809
-0.36728019371	-0.240006069573	0.89861135668
0.841144521801	-0.498047676437	0.21077104227
0.396964957182	0.833274039787	0.384802817557
-0.337830552208	-0.227396297397	0.913324347527
0.847425517497	-0.495741426349	0.190027216826
0.409561267884	0.838171387468	0.36017808888
-0.343359325497	-0.223644211365	0.912188438277
0.849407971429	-0.488374429259	0.199991582413
0.400762496094	0.843489064355	0.357653003643
-0.319059808556	-0.247094569416	0.914956407437
0.867224352746	-0.46551015965	0.176698447178
0.382260219941	0.84984980614	0.362811916693
-0.335986502815	-0.251313710155	0.907719405728
0.859786278067	-0.475322099704	0.186645362345
0.384552540618	0.843155000178	0.37577786449
-0.345635237235	-0.226120418771	0.910717172461
0.847890638844	-0.491053985788	0.199868379622
0.402017010288	0.841270147352	0.361451005013
-0.335120651743	-0.275787385016	0.900908123684
0.854916600675	-0.490898708205	0.167738016413
0.395994614792	0.826413791345	0.400285525183
-0.330611115743	-0.247388083091	0.910766327151
0.859683316598	-0.477126830266	0.182467656181
0.389410787591	0.843296499894	0.370418942807
0.620793912756	0.492354679017	-0.610083392979
0.180096822887	-0.846944521864	-0.500249846499
-0.763007215382	0.200677962382	-0.614449483531
0.584539087065	0.549881910811	-0.596610345711
0.202645515929	-0.810956143867	-0.548894137303
-0.785651841035	0.199949651798	-0.585466640315
0.636307263781	0.496889740373	-0.590096183135
0.179924994851	-0.839427225412	-0.51282373961
-0.750159926726	0.220140358844	-0.623536408095
0.640082567206	0.482462681575	-0.597933243732
0.183646447701	-0.851765310779	-0.49068353454
-0.746035109977	0.204269698463	-0.633802761398
0.62965836513	0.51455010535	-0.582038240699
0.191078842299	-0.828767787225	-0.525958875474
-0.753006773261	0.219959204737	-0.620160193818
0.643986788587	0.519686441804	-0.561432954449
0.198940094496	-0.822374059319	-0.533032324308
-0.738717672008	0.231574226028	-0.63298445643
0.620943318204	0.514064966751	-0.591748761752
0.193288593603	-0.832025575881	-0.519973960471
-0.759650516131	0.208496066976	-0.616003609687
0.616684832306	0.524107507278	-0.587376328808
0.173873058369	-0.818405947437	-0.547703367468
-0.767768057686	0.235631364587	-0.595826562043
-0.404004131273	0.126642277562	0.905948282988
0.794181516492	0.540015478195	0.278673587015
-0.45393422076	0.832072702816	-0.318745419995
-0.391344359449	0.110288349653	0.913611538385
0.798834060991	0.533581755178	0.277767247452
-0.456851952102	0.838526672615	-0.296916294544
-0.3233410604	0.0960547911194	0.941394703556
0.824878370967	0.516112058058	0.230659920943
-0.46370915873	0.851117972506	-0.246113729609
-0.339117287937	0.110229062573	0.934263886272
0.805381099419	0.547250258331	0.227768382818
-0.486169456185	0.829678675921	-0.274358425177
-0.340517463202	0.0530950876454	0.938737881483
0.794560536979	0.550063235809	0.257106988467
-0.50271408528	0.833433477915	-0.229493407631
-0.304592838313	0.0588985851847	0.95065981129
0.790290111943	0.572745260715	0.21772546522
-0.531662166326	0.817614698929	-0.221001057876
-0.34880293191	0.0862177798443	0.933221819554
0.785432171255	0.570147425455	0.240890438539
-0.511304972019	0.817005748731	-0.26658730317
-0.317711045681	0.114310113265	0.941271942314
0.812363056018	0.544780080183	0.208040675158
-0.489005047622	0.830751379962	-0.265943958026
0.719901564164	-0.270914101788	-0.639020579147
0.530553674511	-0.378804282638	0.75830084988
-0.44749810009	-0.884936681305	-0.128967335896
0.75660019651	-0.277844966062	-0.591910742069
0.475321620099	-0.387932996272	0.789669171087
-0.449027292276	-0.87881182123	-0.161444470592
0.73791344955	-0.319550719145	-0.594450228916
0.491427157041	-0.34930708582	0.797799403014
-0.462583058582	-0.880835896192	-0.100722491109
0.737905552365	-0.375010255906	-0.561126277427
0.465314473775	-0.319532911039	0.825458137294
-0.488853589277	-0.870210321644	-0.0612874048297
0.777763967759	-0.22673343687	-0.586238152231
0.47197649808	-0.405297368427	0.782925478403
-0.415116137709	-0.885621853884	-0.208212847246
0.76402599543	-0.252566931156	-0.593695395758
0.486784222218	-0.378277775646	0.787367158104
-0.423444681932	-0.89057052834	-0.16606845633
0.756179331212	-0.308025566501	-0.5773327191
0.480349900561	-0.33783815556	0.809400610832
-0.444361104501	-0.889373726937	-0.107506179428
0.728435821283	-0.318788714264	-0.606428065016
0.513529949333	-0.331859597304	0.79130028466
-0.453506596997	-0.887830448353	-0.078030854527
-0.995776701723	-0.0249632881124	0.0881421781317
-0.0789085873504	-0.255021733834	-0.963698275104
0.0465364820496	-0.966601140514	0.251997801498
-0.991509847828	-0.0348680931505	0.12511948293
-0.111145829725	-0.270679765048	-0.956219174074
0.0672106648047	-0.962025322126	0.264530031942
-0.995786226133	0.00621109239759	0.0914101183701
-0.08957739437	-0.275536575148	-0.957102732715
0.0192426044781	-0.961265401897	0.274941726447
-0.99676047397	-0.0322505790119	0.0719436753856
-0.059383131129	-0.293024003148	-0.954173477902
0.0518617008196	-0.955475422158	0.290322779569
-0.98606671602	-0.038827570704	0.161769340754
-0.146756114987	-0.254968484009	-0.955749202632
0.078355233193	-0.966170955562	0.245714954912
-0.991967456513	-0.0225245488276	0.124418184813
-0.114266066014	-0.261588025579	-0.958387464273
0.0541341497564	-0.964912384737	0.256921413685
-0.991913045525	0.00880257870878	0.126543429909
-0.123826193699	-0.283678861363	-0.950884806832
0.0275281455791	-0.958872961721	0.28248617322
-0.99236299319	-0.0482715942998	0.113806454281
-0.0946194694478	-0.295899695793	-0.950543893132
0.079556343893	-0.954021168504	0.289029550037
0.728843537037	0.625708181336	0.277986255889
0.281974453404	-0.644288312503	0.710902880885
0.623921064143	-0.439751941703	-0.646019089084
