-0.19810349205	-0.858610035472	0.472804208587
0.696473954625	0.216105927039	0.684267683663
-0.689694891383	0.46485163156	0.555188184088
-0.18429602996	-0.836315206658	0.516344674295
0.704004474509	0.254271885681	0.66311649941
-0.685866348082	0.485718711839	0.541908364547
-0.150856176857	-0.868629786614	0.471937176124
0.690698650238	0.248926378651	0.678948471071
-0.707232478722	0.428389945747	0.562409345415
-0.140659953535	-0.860308020352	0.489984574358
0.69859412408	0.264446325086	0.664856667305
-0.70155614372	0.435819054629	0.563809122946
-0.173484378955	-0.858766451717	0.482103094177
0.700789794087	0.236298317553	0.673094938917
-0.69195149867	0.454624365492	0.560820671351
-0.175736531981	-0.853276320307	0.490954383685
0.708415321501	0.236681771104	0.664928177169
-0.683567420171	0.46465177255	0.56288037599
-0.17623194258	-0.858738485751	0.481155402884
0.690907116952	0.240256578878	0.681853456446
-0.701134555116	0.452598048397	0.550967643862
-0.178294389361	-0.850580644575	0.494695559607
0.699415016206	0.244078642324	0.671747172373
-0.692119761838	0.465766245621	0.551391010907
0.813437660452	0.20567824968	-0.544073185006
0.229461501323	0.746054941363	0.625099547692
0.534477868995	-0.633323363475	0.55967394611
0.800205843502	0.157268043703	-0.578737739171
0.310565453119	0.716870894415	0.62421568426
0.513049420271	-0.679236986314	0.524802257488
0.772597194137	0.236269921167	-0.58929627753
0.256353318794	0.733061716002	0.630002777535
0.580841247074	-0.637806434673	0.505792846489
0.77237356639	0.238709112482	-0.588606006823
0.25282677062	0.73457308339	0.629667377704
0.582681470194	-0.635153794057	0.507012778166
0.788049665482	0.178234588338	-0.589245412051
0.274759199453	0.754715071173	0.595745367528
0.550894823373	-0.631377535342	0.54578136657
0.798378532348	0.210753621313	-0.564069702688
0.28496168718	0.692980041551	0.662250328644
0.530460700926	-0.689464699642	0.493203681015
0.787354402811	0.181141102138	-0.589288513798
0.283763402525	0.742105272537	0.607254563057
0.547312874657	-0.645343066967	0.532898638145
0.788582862396	0.22118809136	-0.57377077124
0.262532793604	0.722659295727	0.639406033213
0.556069781567	-0.654858283346	0.511807608424
0.93111191502	-0.193379448063	0.309249075273
0.0637125509907	0.921075728814	0.384135669246
-0.359125761171	-0.337970251069	0.869945283707
0.940670838479	-0.163149059159	0.297524385423
0.0422320586021	0.926298173539	0.374417079137
-0.336682088404	-0.339638161017	0.878231800041
0.958488650809	-0.152729257338	0.240776412523
0.0615690021285	0.935382639056	0.3482363816
-0.278403959834	-0.31895625632	0.905957031581
0.970163090867	-0.13650343891	0.200375617425
0.0498802443241	0.921144248034	0.386011962176
-0.237266807874	-0.364499773501	0.900468975726
0.948182615412	-0.145055982757	0.282680896788
0.0205666948975	0.915855898143	0.400980029966
-0.317059519023	-0.37438848171	0.871381963003
0.954864824426	-0.161692650318	0.249175947266
0.0513312581181	0.91606290135	0.39773591799
-0.292571816487	-0.366993522222	0.883016128792
0.953118848207	-0.159739332362	0.256997680355
0.0523807759446	0.923584516896	0.379799810158
-0.298028046202	-0.348532619967	0.88865308104
0.958549978384	-0.160963492951	0.235101452756
0.0553450188423	0.914606678229	0.400539078572
-0.27949752779	-0.370925030849	0.885604739164
-0.63484706694	0.714492345324	-0.294057254179
0.315473431816	-0.107712989491	-0.942801291759
-0.705298159702	-0.691301996525	-0.157021969405
-0.65861421095	0.710659974796	-0.247365015846
0.2996709287	-0.0538277254076	-0.952522828458
-0.690235021811	-0.701473309873	-0.177512304672
-0.549944772956	0.79296341661	-0.262238837958
0.298112721477	-0.106932497557	-0.948521927741
-0.780185230255	-0.599811688807	-0.177585247554
-0.544178303606	0.808341542768	-0.224619250456
0.313936600971	-0.0520877243573	-0.94801402954
-0.778019066611	-0.586404928245	-0.225422935194
-0.624318490316	0.738738120736	-0.253952059404
0.258983732403	-0.110966095075	-0.959486023939
-0.73698920335	-0.664794699705	-0.122042591853
-0.645295958398	0.719324945376	-0.257225550325
0.295044629739	-0.0759139548915	-0.952463065634
-0.704657382877	-0.690513466845	-0.163246105017
-0.600886589169	0.751379861029	-0.272697785048
0.281759215982	-0.120158262504	-0.951931754605
-0.748029091505	-0.648837903993	-0.139506944474
-0.596445127881	0.760070578823	-0.257965942654
0.320595161686	-0.0690491740663	-0.944696401312
-0.735848119292	-0.646161948397	-0.202491137102
0.55710754168	-0.735969423754	0.384681943385
0.559708357351	0.674973846132	0.480766954091
-0.613480028184	-0.0525291988582	0.787961255298
0.572851601328	-0.717989435	0.395388685906
0.538037429052	0.693295178024	0.479434583909
-0.618350035703	-0.0619109565247	0.783460443309
0.535645944778	-0.732455769119	0.420228477476
0.568834623756	0.680765697067	0.461503239486
-0.624107841494	-0.00816183337207	0.781295583688
0.577112819421	-0.720137234274	0.385153420742
0.551466290411	0.691495945466	0.466602923235
-0.602350167458	-0.0568834004201	0.796202583855
0.570064748916	-0.706139397737	0.419992075566
0.543701279047	0.707477002405	0.451514360121
-0.615966810581	-0.0290421968339	0.787236587233
0.550686717828	-0.728829397086	0.406880634472
0.563653753873	0.684220709886	0.462748816622
-0.615661097124	-0.0254898309583	0.787598681393
0.570537995543	-0.706042778028	0.419511613184
0.544256079661	0.707583004993	0.450679056983
-0.615037980741	-0.0288077809996	0.787971062391
0.539619538396	-0.746650324937	0.389003903602
0.528309537295	0.660059857431	0.534050569461
-0.655514894987	-0.0826696450255	0.750643688675
0.241583965186	-0.950408383848	-0.195860090348
-0.783322319033	-0.0718690348902	-0.617447248013
0.572750744727	0.30258695194	-0.761838509447
0.226704345056	-0.950641414959	-0.21186313352
-0.797756216365	-0.0564530552428	-0.600331574827
0.558739748389	0.305112898202	-0.771178249235
0.197993612318	-0.963690229988	-0.179163972179
-0.798444637394	-0.0525371343621	-0.599771696335
0.568581348022	0.261803489918	-0.779855315995
0.201004531857	-0.958083104947	-0.204142017468
-0.80476386533	-0.0426865215556	-0.592058282166
0.558526919977	0.283292520971	-0.779610847947
0.275020868442	-0.940580039365	-0.199180027645
-0.788811653001	-0.102303195802	-0.606061209416
0.549672329624	0.323795001531	-0.770076008278
0.258757516399	-0.939741259733	-0.223452139066
-0.799818998495	-0.0787375313857	-0.59505452876
0.541603234245	0.332696088505	-0.771996839525
0.254898785818	-0.950185577911	-0.179371001573
-0.749811153454	-0.0770935077279	-0.657145186287
0.610581544785	0.301999882836	-0.732110784455
0.224340203457	-0.953099118786	-0.203158678246
-0.806997584419	-0.0648314019425	-0.58698522857
0.546284063028	0.295632930486	-0.783692973021
0.947163776498	-0.195339072705	0.254407924299
-0.103643205227	-0.937004745621	-0.333584924051
0.30354378808	0.289591889075	-0.907742493698
0.942610749581	-0.2175822595	0.253264666977
-0.130821068012	-0.938542258439	-0.319415376699
0.307198436441	0.267952038729	-0.913144405999
0.947368284796	-0.178949714854	0.265462504423
-0.0911167796993	-0.945613641996	-0.312270548572
0.306905643737	0.271647128831	-0.912149702989
0.950142798876	-0.176572426518	0.257003623184
-0.0821893059814	-0.936889620101	-0.339828821047
0.300788301166	0.301762966292	-0.904691309497
0.955799996722	-0.166597332987	0.242263690012
-0.081097271475	-0.941393785275	-0.327415637274
0.282612100618	0.293296941023	-0.913294766503
0.942800331328	-0.219510182283	0.250884088737
-0.134167596242	-0.938813145091	-0.317221220559
0.305166515571	0.265415761643	-0.914564505485
0.946621767632	-0.169395015914	0.27424915222
-0.0771473509859	-0.945121365843	-0.31748282276
0.31297852186	0.279378569499	-0.9077408686
0.936243881546	-0.228334258392	0.26704104865
-0.136263023212	-0.936524928601	-0.323040706392
0.32385157669	0.266057091478	-0.907929294815
-0.995815621787	0.083459850501	0.037384236799
-0.0768996289859	-0.542968096721	-0.836230397535
-0.0494931800203	-0.8356011513	0.547104959771
-0.994408858906	0.100519383874	0.0322821673349
-0.0849589159821	-0.580368723165	-0.809907633371
-0.0626758921548	-0.808123904771	0.585667570464
-0.99416455653	0.0749844334513	0.0776052853864
-0.106621650657	-0.571610462653	-0.813572327073
-0.0166453954924	-0.817095736439	0.576263199892
-0.994245660104	0.0681811768632	0.0825393522522
-0.106127518036	-0.52626487843	-0.843665454019
-0.0140842984998	-0.847576412786	0.530483294414
-0.996797426407	0.0704550844906	0.0379967466679
-0.0705838325144	-0.549718977756	-0.832368240282
-0.0377570427272	-0.832379147932	0.55292153281
-0.995649559418	0.0748153653679	0.0555951341671
-0.0881930935444	-0.563096860727	-0.821674365067
-0.0301684618312	-0.82300027039	0.567240481612
-0.997864285577	0.0613102734687	0.0226282429441
-0.0534837908444	-0.567145495098	-0.821881197522
-0.0375562395409	-0.821334444115	0.569210108867
-0.994216461651	0.0674896923836	0.0835704572542
-0.105912058241	-0.486021620222	-0.867507656793
-0.0179308623033	-0.871339222173	0.490354755685
-0.99149098188	0.0506860207456	-0.119902685995
0.053412624045	0.998379472603	-0.0196346722647
0.11871317703	-0.0258719164982	-0.992591516962
-0.992011135364	0.0193068311479	-0.124669709599
0.0162441004928	0.999541894745	0.025536839419
0.125105633045	0.0233076648199	-0.991870312162
-0.982161940905	0.0363286308133	-0.184500470518
0.0214778392695	0.996412210042	0.0818621659257
0.186812460662	0.076439141629	-0.979418414277
-0.984337643165	0.0181775633479	-0.175352915102
0.00554362034896	0.997369616395	0.0722711292316
0.176205382771	0.0701671150734	-0.981849226644
-0.985079840182	0.0504481853409	-0.16452947617
0.0518100285394	0.998648972679	-0.00399355040606
0.164105724689	-0.0124582542081	-0.98636269228
-0.980561972364	0.0372680961642	-0.192623054084
0.0347882821712	0.999262724885	0.0162413044554
0.193086321059	0.00922461680144	-0.981135521233
-0.984055356517	0.0260903353205	-0.175927189218
0.00485827516369	0.992755658951	0.120052423027
0.177784922493	0.117283764925	-0.977053263664
-0.990304898645	0.030999695014	-0.135399534186
0.0243408019354	0.998424288111	0.0505614926117
0.136753575126	0.0467756141919	-0.989499019567
-0.861648373865	-0.241227364663	-0.446509575894
-0.506313181047	0.348333359336	0.788866662051
-0.0347621277473	0.905799650218	-0.422277280336
-0.869967509801	-0.271429276265	-0.411683634529
-0.488808399237	0.364658933092	0.792521583994
-0.0649893513416	0.89070211645	-0.449918541416
-0.85458345017	-0.288387930943	-0.431878379837
-0.512899762942	0.338411246715	0.78893057345
-0.0813656368411	0.895717599379	-0.437114579694
-0.867004665921	-0.255309125725	-0.427928050725
-0.49531488711	0.347657914376	0.796114266791
-0.054482372223	0.902192891517	-0.427880104428
-0.892235940966	-0.246193270213	-0.378554994011
-0.448637629873	0.387911499194	0.805139081603
-0.0513739900233	0.888208048469	-0.456560142343
-0.87094552029	-0.243942743856	-0.426551255456
-0.491366437394	0.425980101308	0.759670993884
-0.00361386413007	0.871224960883	-0.490870772397
-0.89866429628	-0.219932884412	-0.379515652746
-0.434630483823	0.329797108172	0.83805146199
-0.0591518964766	0.918075942809	-0.391966459819
-0.891710174672	-0.244317567336	-0.381006324328
-0.446969872701	0.342847391559	0.826241468157
-0.071237811483	0.907064472403	-0.414924276805
0.870270881589	-0.0217550854544	-0.492092789225
-0.477212696464	0.210304234782	-0.853252715961
0.122051789351	0.977393918141	0.172639847291
0.879310152437	0.00031871541542	-0.476249464627
-0.46673711371	0.199444495191	-0.861613804936
0.0947107217946	0.979909067512	0.175522326457
0.885697951202	0.0315968806029	-0.463185468003
-0.458360396129	0.218083662507	-0.861594610568
0.0737894836223	0.975418455247	0.207639011148
0.883601941415	0.0270213300879	-0.467458507598
-0.462052467972	0.212064353477	-0.86112497542
0.0758625431051	0.976882057452	0.199865746926
0.896562060152	0.0225416449474	-0.442344148222
-0.434506456403	0.238475934101	-0.86852366709
0.0859104799597	0.970886757142	0.223602965501
0.898940876447	0.0195152524971	-0.437635072759
-0.435242324311	0.153111967334	-0.887198318182
0.0496932703349	0.98801613933	0.146132469344
0.882385087902	0.021555677173	-0.470033945354
-0.465221708524	0.189567796376	-0.86465762874
0.0704650191345	0.981630992686	0.177299965472
0.911371849011	0.0163011686481	-0.411261018266
-0.404757355752	0.216730684067	-0.888368897026
0.0746514313922	0.976095326359	0.204120262016
0.220959364161	0.665450568057	0.712988421157
-0.353607450866	0.735976878042	-0.577321229092
-0.908921733662	-0.124553491882	0.397929265498
0.228286125079	0.64513903516	0.729164653591
-0.368712726658	0.750443806453	-0.548529876629
-0.901075131126	-0.143630517879	0.409186875357
0.210966400333	0.675024326558	0.706990346873
-0.370607231145	0.724504456076	-0.581157102914
-0.904512836969	-0.139411106439	0.403014989571
0.226750515287	0.636594172241	0.737110625348
-0.333154294966	0.761866334976	-0.555488889675
-0.91520075933	-0.119614174227	0.384837664025
0.225405225366	0.647824818118	0.727678145034
-0.32603985645	0.753992354136	-0.570257432919
-0.918090676206	-0.108713075679	0.381170528936
0.222820179845	0.678171924557	0.700309934187
-0.319374271427	0.729507320304	-0.604829846226
-0.921059844923	-0.0888926818	0.37913961779
0.224809072707	0.635847513739	0.738348720778
-0.370809371409	0.756558762219	-0.538627193507
-0.901088954698	-0.152698339161	0.405859487002
0.210351681306	0.637387623954	0.741275388299
-0.349498460126	0.757160118185	-0.551868993689
-0.913018625678	-0.142988029768	0.382035893201
-0.476688656895	0.781525777417	0.402473887341
0.850166247922	0.293415847202	0.437177787627
0.22357352628	0.550567458476	-0.804294824242
-0.47919000235	0.774660329334	0.412651699626
0.837276319972	0.262383802763	0.479713096133
0.263340872371	0.575376107207	-0.774336909892
-0.484631426424	0.784575711089	0.386776524499
0.828731308776	0.27030778906	0.490050300002
0.279927748158	0.558019562602	-0.781205423139
-0.488045665157	0.772607522308	0.406053048411
0.834760086834	0.277317421207	0.475674053033
0.254905980864	0.571111043294	-0.780284046125
-0.425806144152	0.789358713666	0.442265882172
0.86927006487	0.22123030918	0.442069173763
0.251109226622	0.572685272405	-0.780366702937
-0.477490216044	0.775312504712	0.413394140096
0.822192630711	0.228354630079	0.521396218029
0.309844272227	0.588850794521	-0.74649351688
-0.462047568666	0.793974600368	0.395117898857
0.848221264415	0.265567333492	0.458252735927
0.258910228884	0.546881355836	-0.796171123294
-0.498574747166	0.755446312893	0.425113802974
0.846481619347	0.318622112183	0.426553339924
0.1867879687	0.572520525421	-0.798328058787
-0.814469299713	0.566601263146	0.124911045068
-0.548166645904	-0.822000708979	0.15436373769
0.190139656298	0.0572524566823	0.980086255038
-0.814332073397	0.558527837426	0.157827982089
-0.52939700064	-0.826250361206	0.19248090166
0.237911397001	0.073189730228	0.968525387435
-0.830059694518	0.552217366132	0.077824225869
-0.53680974063	-0.829000729497	0.156820977774
0.151115624454	0.0883939887551	0.984556026078
-0.835225001603	0.547422128941	0.0522345730217
-0.52503458855	-0.822084685289	0.220262775996
0.163517946109	0.156543995121	0.974040996213
-0.79848655266	0.591656182548	0.111187035445
-0.580024327496	-0.805546970039	0.121104211334
0.161218406859	0.0322088829911	0.9863930332
-0.829081621845	0.542679191142	0.134621045371
-0.510117113084	-0.832733143311	0.215257772775
0.228919333597	0.109793776245	0.967233820233
-0.813884164234	0.579910503377	0.0360039314457
-0.560020996581	-0.799463295224	0.217335757547
0.154819115085	0.156723183327	0.97543266511
-0.863222435259	0.501760479451	0.055527479422
-0.487152698993	-0.856799163523	0.169048200827
0.13239761166	0.118875849526	0.984042378946
-0.0581616187396	0.548211744992	-0.834314746172
0.488926074473	0.744281400729	0.454968666029
0.870384114473	-0.381456519175	-0.311323627507
0.0145567455788	0.539995944436	-0.841541716871
0.48149642938	0.733836528467	0.479213034676
0.876327147666	-0.412175113394	-0.249323847461
-0.00472066819202	0.562517547717	-0.826771857812
0.52480187427	0.70516687672	0.476783664973
0.851211306975	-0.431640682667	-0.298539122187
0.0287489749976	0.559540935343	-0.82830398679
0.529989965742	0.694049320009	0.487243466226
0.847516483066	-0.453000552806	-0.276597874623
0.00804253210059	0.557525137107	-0.830121080457
0.459401109855	0.735294989508	0.498288962761
0.888192494333	-0.385366048893	-0.250214033102
0.0112401498731	0.560067936114	-0.828370404904
0.441764368943	0.740411084758	0.506592200748
0.897060679729	-0.371638698824	-0.239095726623
-0.0395615575574	0.556098595059	-0.830174196348
0.528595045007	0.716698553305	0.4548960885
0.847951721564	-0.420829568248	-0.322304672941
0.00011777854751	0.535933550896	-0.844260168318
0.484541234078	0.738501545355	0.468865934295
0.874768423792	-0.409134086686	-0.25959492451
0.726577688408	-0.678889038929	0.10580424189
0.682685908905	0.69591937201	-0.222791785641
0.0776196789682	0.234106605605	0.969107467149
0.728170328123	-0.682689329533	0.0608543357053
0.671738902183	0.693206091181	-0.261212862865
0.136142638902	0.231085680588	0.963361090026
0.711219115092	-0.69152695411	0.126324338811
0.700930173461	0.683929809957	-0.202328700787
0.0535187702355	0.232444580429	0.971136065602
0.688672290819	-0.713683779405	0.128007592382
0.720882122351	0.654983877921	-0.22655041535
0.0778424457925	0.248297378229	0.965551120414
0.73925854542	-0.67046429468	0.0630430514285
0.660588247053	0.703796517117	-0.261330486645
0.130843282706	0.234836293946	0.963188428883
0.688087171051	-0.724348948817	0.0430655744226
0.707393540521	0.656392284572	-0.262189903943
0.161649071083	0.210873818309	0.964054879338
0.702908630301	-0.703174708227	0.107073782555
0.705748738905	0.670757146182	-0.228042927912
0.0885335119283	0.235860529014	0.967745642698
0.666709382661	-0.741057028729	0.0795806343927
0.74025506739	0.645971096796	-0.186396822175
0.0867238859906	0.183182478109	0.979246213777
-0.208810208158	-0.923021634031	0.323156044005
-0.94936813872	0.270632218801	0.159557582495
-0.234731554868	-0.273476777913	-0.932798101683
-0.166395710972	-0.931087996257	0.324634379291
-0.955773796333	0.233261218377	0.179124449866
-0.242505231357	-0.280471498591	-0.92872317493
-0.169022388034	-0.943260079561	0.28581640653
-0.972807532488	0.206250093347	0.105384229465
-0.158354351599	-0.26023211445	-0.952471390117
-0.14250874511	-0.929185733907	0.341035128808
-0.978433356397	0.184299378583	0.0932833559295
-0.149530111575	-0.320386468671	-0.935410587809
-0.149195591494	-0.932107930871	0.330024105818
-0.95637274334	0.220810000055	0.191296657171
-0.251181768863	-0.287085423623	-0.92438649825
-0.164887430362	-0.931334235333	0.3246985724
-0.951776184701	0.236597072389	0.19530549852
-0.25871744251	-0.276836929639	-0.92543362908
-0.137559173104	-0.936655426132	0.322109515398
-0.982861602413	0.16937216992	0.0727768477218
-0.122723256618	-0.306577904878	-0.943901353517
-0.176294094372	-0.928045800293	0.328101651367
-0.972653976048	0.215443199161	0.0867641042696
-0.151208280031	-0.303833440341	-0.940648795359
0.0718923016173	0.935396907392	0.346215744535
0.833608982625	-0.246943379945	0.494081642203
0.547657539169	0.253087397389	-0.797508840243
0.0713021816052	0.922110564994	0.380293223508
0.865241296577	-0.24686126449	0.436360029069
0.496254298337	0.297934023229	-0.815448885398
0.0286578211426	0.936203664877	0.350287458642
0.876304513551	-0.192123311463	0.441790539939
0.480904361947	0.294297773558	-0.825905311177
0.0620540969756	0.922512009536	0.380952298641
0.864784553443	-0.240261120489	0.44093906448
0.498297840357	0.302078093744	-0.812684058171
0.0866411950921	0.931830921705	0.352398647428
0.825982728536	-0.264960106348	0.497543150586
0.556997491479	0.247967312139	-0.792632785639
0.0441154189755	0.918896497706	0.392026156263
0.882360817412	-0.219863055356	0.416054655478
0.468502581195	0.327553529904	-0.820497885243
0.09158664568	0.936874127726	0.33745922338
0.872503674368	-0.238831204097	0.426259259613
0.479947077145	0.255394766958	-0.839299863035
0.0691333279911	0.936343702246	0.344207082754
0.885835560728	-0.216302242561	0.410494071141
0.458817397123	0.276532989636	-0.844399829578
0.941715086926	0.0255612997472	-0.335439516719
-0.0107390064613	-0.994322928388	-0.105918426397
-0.336240573342	0.103347275075	-0.936094754168
0.94200853186	0.0538931140688	-0.331232972929
0.00207220120475	-0.98793304578	-0.154848237151
-0.335582264254	0.145181964522	-0.930752860834
0.937544694128	0.0268724966454	-0.346824624448
-0.0203987699342	-0.991041171614	-0.131929890565
-0.347265520005	0.130764959999	-0.928596730961
0.93318845654	0.0346509656587	-0.357713315276
-0.0232002874187	-0.987459575089	-0.156177163788
-0.358638051537	0.154041781358	-0.920682165126
0.949768808587	0.0600834986098	-0.307130746307
0.0179765665807	-0.990253084933	-0.138130751132
-0.312435857716	0.1256711365	-0.941591697838
0.948617771614	-0.00145977617283	-0.316422439633
-0.0275531880143	-0.996590919684	-0.0780062166874
-0.315223909436	0.0827164860542	-0.945425044763
0.926832945671	0.0578516354048	-0.370989959657
-0.00371958592822	-0.986591313446	-0.163140472797
-0.375455092608	0.152583870264	-0.914189821872
0.935173466388	0.0371473366474	-0.352236814854
-0.0241554928864	-0.98548215801	-0.168061939923
-0.353365548012	0.165675522836	-0.920699564101
0.805500308722	0.203134076648	0.556691840334
-0.568642972059	0.000571774225506	0.822584264302
0.166776582642	-0.979150779224	0.115971324972
0.815194128988	0.144569496005	0.560854877689
-0.565141236097	-0.0134254923338	0.82488492808
0.126782949427	-0.989403568892	0.0707578004609
0.806275952482	0.128250967461	0.57746928973
-0.579216424626	-0.0270577119489	0.814724633505
0.120114215146	-0.991372575948	0.052469082389
0.802775621899	0.130957332199	0.581722863007
-0.584663394147	-0.0187691369814	0.811058871787
0.117132522155	-0.991210348565	0.0614985447574
0.828310538443	0.181555800268	0.530036925841
-0.540381066373	0.0090623016855	0.841371603209
0.14795254128	-0.98333888511	0.105615717364
0.857241112602	0.119928272738	0.500754314147
-0.510971529113	0.0779991572956	0.856051529185
0.0636063689814	-0.98971376346	0.128144018048
0.800294754623	0.156838202914	0.578731441727
-0.580665623704	-0.0379599669406	0.813256701786
0.149518349996	-0.986894527119	0.0606913921201
0.865325611672	0.123272840086	0.485814156364
-0.489313628372	-0.00215338740099	0.87210524005
0.108553031813	-0.992370487031	0.0584556980564
0.179388622773	-0.690905933941	-0.700334700088
0.982798869049	0.0941012381611	0.158906631525
-0.0438871814712	-0.716794199888	0.69590227962
0.155258762737	-0.712994307984	-0.683764458349
0.986523955356	0.0757326362592	0.145034666703
-0.0516256063185	-0.69706792052	0.715144119275
0.226822108772	-0.66753215755	-0.709191475756
0.9730434302	0.12414926163	0.194353912784
-0.0416918888164	-0.734157870697	0.677697577954
0.206240306358	-0.698630926465	-0.685112982199
0.977040174151	0.108781787917	0.183191316976
-0.0534552886644	-0.707164329634	0.705025641769
0.128967171096	-0.686242876151	-0.715847865067
0.991607489488	0.0826509699718	0.0994152162226
-0.00905747091703	-0.722661409899	0.691142852494
0.149671395922	-0.678388071587	-0.719296940348
0.982092487285	0.0178113454655	0.187555569872
-0.114423819563	-0.73448782815	0.668905685611
0.104963139538	-0.672409531498	-0.732699225328
0.9925191432	0.0246321691922	0.119578424251
-0.0623577038266	-0.739769336426	0.669964807481
0.231977093904	-0.678575584512	-0.696937437076
0.971789231677	0.130316559989	0.196578912613
-0.0425711673685	-0.722878105763	0.689662913851
-0.447697806153	0.380601302404	-0.809141099926
-0.863682105523	0.0502746051633	0.501523361823
0.231559693341	0.923371599338	0.30621070578
-0.437386867952	0.339566505962	-0.832698848774
-0.867273234315	0.0855375003834	0.490428903429
0.237760219048	0.936684557525	0.257083930616
-0.469154154612	0.411464968577	-0.781403233503
-0.856713136777	0.00268914102177	0.515786202589
0.214329267646	0.911421628633	0.351245788515
-0.464778486739	0.412228245426	-0.783612702035
-0.846081327509	0.0541182642551	0.530299559892
0.261012222624	0.909471885026	0.323625595529
-0.468757058406	0.363370502319	-0.80512653643
-0.831258809243	0.126845870031	0.541219864693
0.298790317237	0.922969137039	0.242595011821
-0.471936372386	0.379248777119	-0.795893422083
-0.838268867048	0.0866110157958	0.538334268849
0.273095735593	0.921232241909	0.277037602773
-0.524030143011	0.402304468251	-0.750695428553
-0.822379144334	-0.00972718742553	0.568856741754
0.221551471647	0.915454294053	0.335944080961
-0.480735372177	0.405938871549	-0.777243301622
-0.825662962748	0.088901490078	0.55711507473
0.295252754935	0.909565922356	0.292430591692
-0.277613499831	0.899079297736	0.338507292939
-0.186687002823	-0.396127985144	0.899016468748
0.94237929411	0.186384185179	0.277816875661
-0.291614431307	0.875310730967	0.385735891501
-0.221066135135	-0.454018354306	0.863132163658
0.930640004317	0.166428640261	0.325899840246
-0.223971016005	0.891120726458	0.394640200686
-0.168644806155	-0.434255216621	0.884862361305
0.959893726658	0.131629479878	0.247543422882
-0.245005171153	0.87650535878	0.414379997228
-0.187337235843	-0.462151270371	0.866787699695
0.9512503278	0.134738681551	0.277431574121
-0.240852981089	0.884781853901	0.398937419962
-0.16437454368	-0.442285736807	0.881682773852
0.956541166615	0.146780704879	0.251961332754
-0.249965401137	0.88917536604	0.383255008643
-0.172018725996	-0.430305321264	0.886141531588
0.95285192508	0.15557771218	0.260516306366
-0.244608605611	0.878619038154	0.410116168544
-0.126865066003	-0.448329824895	0.88481957942
0.961286607072	0.164405045209	0.221131352646
-0.255783435346	0.888224231858	0.381618374428
-0.181497004967	-0.431852282636	0.883494472939
0.949543946824	0.156720644671	0.271670670496
0.159039775804	0.77394852983	-0.612954436721
0.656253853907	-0.546717347866	-0.520035341691
-0.737590907993	-0.319545850467	-0.594857979902
0.176373513699	0.773545665145	-0.608704888187
0.659001333117	-0.55215472361	-0.510731301293
-0.73117151197	-0.311056784377	-0.607154098021
0.121097204129	0.747477393567	-0.653155058143
0.624766748368	-0.568710829923	-0.535006406154
-0.771362751243	-0.343282523002	-0.535867542765
0.140321641941	0.74104244887	-0.656632442521
0.637563480727	-0.575025348924	-0.512697858041
-0.757510979223	-0.346702140992	-0.553150226623
0.119760711232	0.787837930648	-0.604125926773
0.617099352806	-0.535747796258	-0.576334612432
-0.77771789817	-0.303783791127	-0.550335503635
0.17057897439	0.792621805457	-0.585366964168
0.633964969901	-0.543068885909	-0.55060553445
-0.754315733737	-0.277179925577	-0.595131059235
0.108966541895	0.778054727422	-0.618676057198
0.605894876824	-0.545393191737	-0.579174193275
-0.788048615792	-0.311740579736	-0.530850472153
0.147261128411	0.739851706289	-0.656453667101
0.624548249506	-0.584196877157	-0.51831401064
-0.766975520072	-0.333660579463	-0.548101435075
-0.168551508527	0.45644070619	-0.873643090783
-0.928610365454	-0.370770694106	-0.0145553206876
-0.330564906655	0.808820715562	0.486349548676
-0.148163356428	0.505767735849	-0.849850979299
-0.92151030599	-0.382531266234	-0.0669975401874
-0.35897972867	0.773219834078	0.522747234922
-0.167519831355	0.412465998927	-0.895437836498
-0.91172306796	-0.410389891042	-0.018471616811
-0.375097542852	0.813296964833	0.444803199873
-0.145438595311	0.432528136576	-0.889812886995
-0.916389586126	-0.397902244343	-0.0436333207388
-0.372931212467	0.809069311808	0.454234669072
-0.12232323039	0.474259255914	-0.871845837117
-0.936833502264	-0.345207963705	-0.0563420332893
-0.327688868524	0.809882456817	0.486528931943
-0.133068119538	0.481868950987	-0.86608038767
-0.925507487393	-0.373047457866	-0.0653570459282
-0.354582592089	0.792866928777	0.495614003159
-0.146918316764	0.411093385135	-0.899676160166
-0.923323689784	-0.38325037974	-0.0243404514151
-0.354807452509	0.827116268967	0.435878799378
-0.175342424064	0.424165724249	-0.888447195197
-0.916303576497	-0.40035191487	-0.010297357433
-0.360059350634	0.812281797312	0.458863292164
0.914435765487	0.11746713597	0.387309568216
0.118863829259	0.836810898457	-0.53443325884
-0.38688321204	0.534741984538	0.751247220905
0.916669189368	0.195670879311	0.348468801838
0.0327508662409	0.832229285639	-0.553463458692
-0.398302623171	0.518755555476	0.756470553767
0.950459926898	0.118109658621	0.287534409308
0.0617702792208	0.834791707824	-0.547089790864
-0.304647928929	0.53774800344	0.786140398996
0.946995288923	0.159111450056	0.279076102382
0.0195200188106	0.838620709026	-0.544365943496
-0.320653852815	0.520959555085	0.791064002055
0.932732144613	0.13169602328	0.335658912328
0.0726764427963	0.843139632799	-0.532760450785
-0.353169764611	0.521317293699	0.776852239395
0.926676587541	0.171150050885	0.334631380967
0.037363454527	0.843952424886	-0.53511519745
-0.373997958967	0.508381709307	0.775676196033
0.949555151814	0.160774404222	0.269251935676
0.0114445872995	0.840246004543	-0.542084563584
-0.313391185805	0.517820667415	0.796019925685
0.945092110759	0.161910982868	0.283876269188
0.0165191833588	0.843865036755	-0.536301144378
-0.326386303577	0.511543384774	0.794855551547
-0.0306613636219	-0.832777369344	-0.552758275167
-0.0450186389923	0.553607684311	-0.831559885998
0.998515488013	-0.000612344133151	-0.0544648655236
-0.0929573610803	-0.894547116985	-0.437200631287
-0.0540762292643	0.442989695001	-0.894894348717
0.994200532052	-0.059544852263	-0.0895528899373
-0.0843431277739	-0.842674318121	-0.531776484989
-0.0196074725848	0.534978332826	-0.844638224484
0.996243837334	-0.0608126370023	-0.0616444593846
-0.0517410256322	-0.892014982186	-0.449034705009
9.00371003915e-06	0.44963654697	-0.893211615717
0.99866055027	-0.0462197153624	-0.0232566324952
-0.0222938232148	-0.845299318262	-0.53382778163
-0.0269883701736	0.534274718985	-0.844879977525
0.99938714509	-0.00442844129039	-0.03472428867
-0.00998819269253	-0.88559465195	-0.464351534182
0.00593075863184	0.464314065743	-0.885650762912
0.999932528204	-0.0116000078579	0.000614590078425
-0.0955121743754	-0.853511441762	-0.512245654545
-0.0130429689607	0.515627164113	-0.856713776077
0.995342791595	-0.075145405317	-0.0603809870942
-0.113236757681	-0.861376397764	-0.495184956227
-0.0218870234537	0.500432224818	-0.865499016648
0.993326933946	-0.0871681764777	-0.0755202886707
0.938284485797	-0.141856578087	0.315434516252
-0.03649090687	0.866324539676	0.498146769208
-0.343934058368	-0.47891387661	0.807682400087
0.937299521744	-0.0860366230141	0.337738515896
-0.118138865126	0.83325052897	0.540126616703
-0.327891467053	-0.546160464538	0.770841053296
0.901501232661	-0.184258371122	0.391592109913
-0.0507821696767	0.853548086239	0.518533351157
-0.429786806589	-0.487344352271	0.760117612004
0.911645993819	-0.173250912551	0.372673723226
-0.044723871026	0.859593177384	0.509018021207
-0.408535626406	-0.480711651464	0.775896224989
0.895507481159	-0.169279860324	0.411595283973
-0.0785620156585	0.850185157649	0.520589285453
-0.438057483209	-0.498527354638	0.748048202033
0.90425312222	-0.132473197813	0.405927507694
-0.112252426381	0.843468430949	0.525319328234
-0.411977769319	-0.520587990358	0.747838524295
0.933500404001	-0.106174172027	0.342496775582
-0.084841915531	0.862635336696	0.498660331281
-0.348394669102	-0.494557703225	0.796262415176
0.946440317829	-0.0775705516536	0.313422295889
-0.103515402992	0.84657400344	0.522108247053
-0.305835392634	-0.526588330496	0.793202021964
-0.951135212121	-0.282077202609	-0.12561167171
0.259827932307	-0.950929202265	0.168009313686
-0.166839101815	0.12716184829	0.977749775978
-0.956445713684	-0.254587324074	-0.142809165079
0.241065753886	-0.964767744054	0.105394774159
-0.164610040743	0.0663780877786	0.984122687575
-0.973950138954	-0.20070861918	-0.105553344844
0.190019824681	-0.976345468979	0.103181046117
-0.12376560366	0.0804357646594	0.989046099609
-0.954080817143	-0.25330370516	-0.15989242924
0.239277096089	-0.965586114816	0.101923889788
-0.180207733639	0.0589850911225	0.981858400386
-0.96937788424	-0.240746766953	-0.0484972320312
0.23088213739	-0.960702007496	0.154108862512
-0.0836924485677	0.138192246787	0.986862962522
-0.977603316345	-0.192539824519	-0.0849894418482
0.181170450177	-0.975381336756	0.125743969486
-0.107107689894	0.107529967235	0.988415533407
-0.952553632637	-0.238127631092	-0.189570191032
0.210218745327	-0.96512373243	0.156026631052
-0.220112937218	0.108772523159	0.969390960265
-0.948435820583	-0.239386084076	-0.207751560652
0.216418204311	-0.967957834975	0.127348630143
-0.231580588662	0.0758209437262	0.969856467579
0.209752117857	-0.118269861054	0.970575086087
0.285667046595	-0.941932031251	-0.176515356811
0.935092560261	0.314285813658	-0.163786147466
0.178034268188	-0.093800705831	0.979543078826
0.283344778259	-0.948398790754	-0.142316853584
0.942347575115	0.302885750352	-0.142268966431
0.166646622588	-0.159816142408	0.972978476851
0.224931645902	-0.954596121915	-0.195321839525
0.960017744868	0.251403394865	-0.123131924975
0.198110545737	-0.0954791566765	0.975518099761
0.248111058172	-0.957946669601	-0.144146296439
0.948257736659	0.27059375936	-0.166089525932
0.185818267991	-0.124486778463	0.974666437495
0.289054940854	-0.941123602563	-0.175310375401
0.939105352748	0.314308015398	-0.138894490144
0.193620088514	-0.150600256728	0.969448608274
0.286976245834	-0.936234024389	-0.202755907097
0.938166123743	0.317466354452	-0.13805479958
0.199776632053	-0.100783871313	0.974644301975
0.244707768957	-0.95804423089	-0.149225994287
0.948792396629	0.268314928474	-0.166731862503
0.172686712524	-0.143479081612	0.974470698029
0.22980496027	-0.956161609337	-0.181507209693
0.957793854862	0.255282079424	-0.13214428899
-0.371105358903	-0.23991924409	0.897061659147
0.841275678238	-0.495833672936	0.215416475848
0.39311079507	0.834618344621	0.385844715717
-0.339198725809	-0.224958809408	0.913420847145
0.848070023266	-0.493314797171	0.193436343213
0.407088866917	0.840258244415	0.358112666983
-0.346040842087	-0.220792455987	0.911869666998
0.849731014653	-0.485798843379	0.204832943754
0.397759727661	0.84572455533	0.355720550148
-0.319810148533	-0.246931848282	0.914738182192
0.869006383067	-0.461158924104	0.179332493991
0.377556864385	0.852265744657	0.362068809994
-0.337760201026	-0.250630787809	0.907249779901
0.860838510792	-0.472046100543	0.190077448486
0.380624504289	0.845196182131	0.375191094816
-0.348738971852	-0.223304677848	0.910228649483
0.847972627636	-0.488804835217	0.204969032763
0.399153599844	0.843329652308	0.359821514285
-0.337028275056	-0.278569894269	0.89933903204
0.855455232426	-0.489543942159	0.168946754193
0.393202525244	0.826284136629	0.40329427513
-0.331568750189	-0.247397439078	0.910415616029
0.861379443213	-0.473007157538	0.185174507991
0.384821441167	0.845611406461	0.369937523356
0.618388353246	0.494802233957	-0.610546367425
0.180902508281	-0.845664974186	-0.502121851725
-0.764768200177	0.200057043749	-0.612460555874
0.578921960535	0.55740311409	-0.595106066313
0.205384742866	-0.806001894492	-0.555138248038
-0.789092243757	0.199156058002	-0.5810943675
0.636296138311	0.499826950545	-0.587622437628
0.181231436844	-0.837249416899	-0.515914722526
-0.749854836615	0.221778840578	-0.623322836134
0.640373378448	0.482640148412	-0.597478386662
0.184055135857	-0.851665875126	-0.490702496482
-0.745684680245	0.204263849543	-0.634216551217
0.628456105741	0.518790064187	-0.579568669046
0.192583588691	-0.825674155273	-0.530258422662
-0.753627583231	0.221628749799	-0.618810455243
0.644248664167	0.523431421686	-0.557640940216
0.200515405703	-0.819210991801	-0.537296948286
-0.738063305881	0.234337332395	-0.632731813107
0.619358444888	0.517469829011	-0.590440558917
0.19415243535	-0.829642478924	-0.52344818331
-0.760723280437	0.20956656419	-0.614314072398
0.615176728789	0.528092396349	-0.585385325262
0.173487258047	-0.814984332649	-0.552903741468
-0.769064190694	0.238576606046	-0.592976670612
-0.413660602064	0.128589818089	0.901304399177
0.790890717714	0.541128906911	0.285782078846
-0.450973207548	0.831050048215	-0.325544213585
-0.399337946606	0.112028103562	0.909933498919
0.79657888064	0.533736886965	0.283878572194
-0.453862705409	0.838197268454	-0.302380626692
-0.323996618271	0.0966354883939	0.941109844544
0.825176095191	0.515411805753	0.231160268832
-0.462720832727	0.851476506043	-0.246732969787
-0.341728225887	0.111789309903	0.933126499073
0.803857991024	0.549139566322	0.228600302642
-0.48686162649	0.828220331972	-0.277519237777
-0.342925153205	0.0490709238919	0.938080207133
0.791686754045	0.552603299195	0.260502797682
-0.505603119112	0.831998598893	-0.228350390592
-0.305541097316	0.0553563120608	0.950568405478
0.786842293555	0.576868810742	0.219320707613
-0.536212476404	0.814958923155	-0.21981381249
-0.351272823527	0.0852938142291	0.932379921353
0.782957710015	0.572829925216	0.242575936553
-0.513404885852	0.815224402187	-0.268001025073
-0.318957647024	0.117033505375	0.940515410819
0.811492481763	0.546391212	0.207211525049
-0.48963867434	0.829312861766	-0.269247476502
0.714119853129	-0.271884386442	-0.645067226161
0.534044499494	-0.384170118377	0.753133350409
-0.452580731381	-0.882322079145	-0.129145157358
0.754306492388	-0.280123068751	-0.593761549902
0.473241762458	-0.394856132482	0.787483871328
-0.455042795849	-0.874996959818	-0.1652766059
0.734307783863	-0.324229123317	-0.59637870799
0.491529760636	-0.35197220649	0.796563937825
-0.468177938566	-0.878060982066	-0.0990876765245
0.734205184338	-0.385819027495	-0.558646958678
0.461928536821	-0.319148243931	0.827506145556
-0.497558813899	-0.865614274423	-0.0560994755494
0.77741527055	-0.223995848518	-0.587751100821
0.470517934341	-0.41302531268	0.779758271332
-0.41741869883	-0.882743421439	-0.215698120834
0.762560138427	-0.252709416402	-0.595516571962
0.485946210372	-0.383895881454	0.785162556815
-0.427034327947	-0.888122689081	-0.169940514548
0.753859709689	-0.312185345852	-0.578131345668
0.480040223635	-0.339092698503	0.809059671583
-0.448616681257	-0.887443788825	-0.105766804787
0.72490741204	-0.322568414871	-0.608653312933
0.514791907604	-0.333421992838	0.789822154515
-0.457710093271	-0.885877735145	-0.0756444581678
-0.995906801439	-0.0181030761578	0.0888596417071
-0.0813592467584	-0.25446506036	-0.963671218814
0.0400553399386	-0.966930102767	0.251916709789
-0.991345073917	-0.0275285207353	0.128433107694
-0.116314554649	-0.27028796913	-0.955733634947
0.0610230037174	-0.962391831396	0.264735300249
-0.995443535232	0.016624874681	0.093862659667
-0.0948241322639	-0.273365246631	-0.957223204519
0.00974521822889	-0.961764780427	0.273699663531
-0.997164206272	-0.0229291895326	0.0711554831065
-0.061323845565	-0.293468468064	-0.953974458603
0.0427578820087	-0.955668422608	0.29127842851
-0.985174782097	-0.0303931571451	0.168871753352
-0.155917694783	-0.252301132658	-0.955008168215
0.0716315959266	-0.967174847121	0.243815155146
-0.99171393287	-0.0139587602958	0.127687640416
-0.119710749705	-0.259931483672	-0.958176453907
0.0465651898856	-0.965524693329	0.256109490006
-0.991218433287	0.0220058180128	0.130412403235
-0.131278780129	-0.283357331355	-0.949988492273
0.016047829503	-0.9587637861	0.283754288056
-0.992409317529	-0.0390269171339	0.116355196735
-0.099651687954	-0.297097751492	-0.949611515009
0.0716322075333	-0.954027980768	0.290993702867
0.725377240229	0.629718128952	0.277998064114
0.28766560963	-0.64422118353	0.708680097964
0.625360969855	-0.43408992419	-0.648451626885
