-0.201023381256	-0.858471328098	0.471822655999
0.695432609241	0.214152033213	0.68593907794
-0.689900808729	0.466010634508	0.553959364378
-0.186620224098	-0.835790830891	0.516358913574
0.703620654304	0.253099197808	0.663971941122
-0.685631690827	0.487231413969	0.540846294167
-0.15125743753	-0.869843806226	0.469566741138
0.689484272997	0.247556738791	0.680681340956
-0.708330861182	0.42671700623	0.562298836578
-0.140983686763	-0.861160711927	0.488391057347
0.697309418039	0.263809227155	0.666456498944
-0.702768220808	0.434519179904	0.563302679574
-0.17527951378	-0.858591491936	0.481765255052
0.700124387981	0.235330590837	0.674125631244
-0.692172631902	0.455456008108	0.559872199186
-0.176658966654	-0.853797012586	0.489716521164
0.70770943759	0.235604174838	0.666061577439
-0.684060641865	0.464242753625	0.562618613334
-0.178796918485	-0.858999207444	0.479741563414
0.690219506793	0.237976098673	0.683347914885
-0.701162348176	0.453307513665	0.550348651528
-0.181451984148	-0.850385725933	0.493881832839
0.698866128487	0.24181773109	0.673134682125
-0.691853512047	0.467298922485	0.550427491668
0.81434455821	0.204451590182	-0.543178138845
0.228762909175	0.747057266251	0.624157813419
0.533395233042	-0.632538530003	0.561591078886
0.800498329184	0.153631384496	-0.579309779147
0.31324922574	0.716806523268	0.622947290938
0.51095728304	-0.680136605699	0.525677512033
0.77178613997	0.236910547522	-0.590101298963
0.257162536887	0.732440258164	0.630395664357
0.581561329687	-0.638282583572	0.504362722193
0.7712217444	0.239744740114	-0.589694393421
0.253425868735	0.734154428836	0.629914756362
0.583945500111	-0.6352477712	0.505438340228
0.787196792133	0.176655371938	-0.590858775008
0.276621525441	0.755159317181	0.594318887146
0.551182133329	-0.631290176956	0.545592313556
0.798277189561	0.209738767953	-0.564591159211
0.287261343809	0.691330385419	0.662980555784
0.52937174858	-0.691427469958	0.491623436804
0.787931721807	0.178519048346	-0.589317022535
0.285299577368	0.742288095993	0.606310593682
0.545681000975	-0.645863247317	0.53394092849
0.788898723241	0.220481773891	-0.573608400226
0.264028256812	0.721265863145	0.640362897751
0.554912505746	-0.65663029826	0.510792300126
0.930220478295	-0.194986386957	0.310918268646
0.0643852140878	0.920751349907	0.38480059102
-0.361309292828	-0.33793085024	0.869056001484
0.940020375052	-0.164582998152	0.298787771955
0.0429118046206	0.92600273041	0.375070022935
-0.338408441052	-0.339751941568	0.87752398726
0.95920033829	-0.151277035536	0.238851352951
0.0607910006627	0.93540560894	0.348311354727
-0.276114404777	-0.319580356269	0.906437659008
0.970862250567	-0.135544893821	0.197621032003
0.0498506896895	0.920858393711	0.38669720423
-0.234395817515	-0.365578173282	0.900783658996
0.948251446124	-0.1437283352	0.283127817311
0.0184114586583	0.915072796047	0.402868212572
-0.316986140809	-0.376807569154	0.870365350438
0.954981089312	-0.161836194949	0.248636611655
0.0510387950079	0.915230513479	0.399685060814
-0.292243323371	-0.369001561567	0.882287757167
0.953447614607	-0.158385891539	0.256615579536
0.0509105286774	0.923292227952	0.380709311727
-0.297230153869	-0.349921950337	0.888374281787
0.959133060534	-0.160388022684	0.233108245512
0.0553127564266	0.914216974209	0.401432214121
-0.277496434072	-0.372133048435	0.885727228134
-0.637121338408	0.713425161623	-0.291719569233
0.31161725738	-0.107745188688	-0.944079038901
-0.704961313274	-0.692398068709	-0.153668526332
-0.662366941548	0.708409242776	-0.243776382997
0.295369230655	-0.052103554638	-0.95396152038
-0.688496621444	-0.703876345342	-0.174730873488
-0.547984833222	0.795389276535	-0.258975936113
0.293609690459	-0.107006814866	-0.949917312909
-0.783266229568	-0.596578117657	-0.174895894446
-0.541765406685	0.811376266524	-0.219450454627
0.309393518016	-0.0502510488965	-0.949605329239
-0.781514938388	-0.582360012734	-0.223810146162
-0.62495546246	0.739349960889	-0.250583417882
0.253130584563	-0.111726436564	-0.960958862499
-0.738481767644	-0.663986945347	-0.117327913426
-0.645905727935	0.71985130824	-0.254204993971
0.290969722642	-0.0757161962415	-0.953731550536
-0.705792253741	-0.689986481032	-0.160549550224
-0.600272587221	0.753070413223	-0.269366023701
0.276796369902	-0.120373160126	-0.953359464545
-0.7503711559	-0.646834949393	-0.136190587494
-0.595841701194	0.761629512975	-0.254742887525
0.316769144008	-0.0685997661154	-0.946018978802
-0.737991031913	-0.644371852127	-0.200386488382
0.555154536674	-0.739556788348	0.38060373778
0.561571241475	0.670829306898	0.484381861417
-0.613548033289	-0.0551706781698	0.787727751785
0.57145851832	-0.720680315344	0.392498471765
0.539053182753	0.690286453896	0.482624369101
-0.61875425932	-0.0642222590879	0.782955088596
0.532694687219	-0.735770012403	0.418185208602
0.571155165171	0.677180984658	0.463904837195
-0.62451433702	-0.00827100495571	0.780969549887
0.576081375729	-0.722519740675	0.382224366776
0.552622332956	0.688822907661	0.469181792447
-0.602278008349	-0.0590611681249	0.796098596934
0.568190703352	-0.708598718654	0.418386391605
0.545237734307	0.704991403675	0.453544847241
-0.616340108906	-0.0295799136701	0.786924326082
0.547416226592	-0.732273796328	0.405105627472
0.566303095095	0.680547816598	0.464925240212
-0.616146319216	-0.0250950535305	0.787231830564
0.568461891668	-0.708688856567	0.417865031282
0.545857666527	0.704909302447	0.452926356745
-0.615540809115	-0.0293765436589	0.787557319829
0.53626076462	-0.750949748531	0.385355510706
0.529072097764	0.654792319172	0.539749697267
-0.657652727371	-0.0855657379639	0.748445987242
0.242736365716	-0.950651961198	-0.193235262665
-0.781086164346	-0.073395750474	-0.620094680541
0.575311586824	0.301452911145	-0.760356909933
0.227438121878	-0.950878636644	-0.210004071787
-0.795941965387	-0.0572808570298	-0.602656850075
0.561024312779	0.304218194032	-0.769872061092
0.196597833953	-0.964474793871	-0.176458722668
-0.797264691789	-0.0524931268494	-0.601343084524
0.570717373175	0.258907060673	-0.779261735127
0.199778256434	-0.958623598306	-0.202803930927
-0.803396652429	-0.0417684381313	-0.593977442844
0.560929992508	0.281595775025	-0.778499415141
0.278245071815	-0.940097728429	-0.196966774858
-0.786564448533	-0.105320083711	-0.608460353175
0.551267646157	0.324228151283	-0.768752244348
0.261340959121	-0.939365653906	-0.222020370741
-0.797679691229	-0.0806641289542	-0.59766242143
0.543514477234	0.333294806516	-0.770393744714
0.256111967165	-0.9505255591	-0.175806259732
-0.745444453868	-0.0784243871187	-0.661938221831
0.615401694555	0.300584106069	-0.728649431558
0.22439615636	-0.953424053106	-0.201566261537
-0.805512623701	-0.0650625849514	-0.58899600811
0.548448535316	0.294532611895	-0.78259490517
0.94715403982	-0.194089040038	0.255398988422
-0.101725920913	-0.936824084676	-0.33468121357
0.304222017225	0.291013955402	-0.907060582337
0.942433256276	-0.21724006929	0.254217034098
-0.129989985605	-0.938442605117	-0.320043381769
0.308094387767	0.268573853654	-0.912658546891
0.947376742009	-0.177180781173	0.266616371007
-0.0887897453777	-0.94562156539	-0.312916280638
0.307560887666	0.272776810516	-0.911591722311
0.950230193042	-0.174555762759	0.258055967566
-0.0794422692565	-0.936677156387	-0.341065201575
0.301249933716	0.303589906877	-0.903926034697
0.956182902966	-0.163953166126	0.242556322124
-0.0781963874093	-0.941408181809	-0.32807609257
0.282133895662	0.294733704956	-0.912978915538
0.942841891344	-0.219007369637	0.251167183608
-0.133340817451	-0.938683563698	-0.317952627912
0.305400406808	0.266288225874	-0.914232818368
0.946581181877	-0.167170271095	0.275750193621
-0.0740830300412	-0.944995354077	-0.318583715683
0.313840363051	0.281136941188	-0.906899301663
0.935738814839	-0.22858794901	0.268589652187
-0.135676780077	-0.936236828566	-0.324117028928
0.325552857525	0.26684749701	-0.907087203658
-0.995743833653	0.0847871346057	0.036354916731
-0.0768263893544	-0.543970875665	-0.835587229632
-0.0510709708537	-0.834817018413	0.548156908835
-0.994251787854	0.102108463086	0.0318819678748
-0.0857437556609	-0.5825365043	-0.808259077407
-0.0639578492022	-0.806355126239	0.587959615619
-0.994063083335	0.0759492702675	0.0779078267921
-0.107455860834	-0.573020396937	-0.812465591829
-0.0170633848351	-0.816013975541	0.577780141374
-0.994162985814	0.0679796356765	0.0838845950071
-0.107158025721	-0.526025179138	-0.843699214886
-0.0132292732145	-0.847755847404	0.530225636836
-0.996787441263	0.0710267963985	0.0373767455732
-0.0704253670594	-0.550634081256	-0.831783245054
-0.0384979816462	-0.831732104268	0.553846234619
-0.995494240481	0.0764472195862	0.0562024738944
-0.0896582892181	-0.564039828475	-0.820871254425
-0.0310529648954	-0.8222068157	0.568343374891
-0.997831590469	0.0622089683525	0.0211878810171
-0.0529091217108	-0.569212671915	-0.820479837304
-0.0389808528033	-0.819827166444	0.571280202825
-0.993990734742	0.0680125523628	0.0857095701862
-0.107973745066	-0.482953838706	-0.868958796743
-0.0177061592918	-0.872995998147	0.487403076451
-0.99168518581	0.0480499078291	-0.119381047486
0.0513629984813	0.998371322209	-0.0248303340626
0.117993519009	-0.0307556411129	-0.992538037541
-0.992087269874	0.0148290783988	-0.12468805386
0.012127531402	0.999675580618	0.0223977046891
0.124979739653	0.0207082743629	-0.991945258136
-0.981864458968	0.0328586111576	-0.186717896224
0.0179314250857	0.996546360978	0.0810790743179
0.188737185239	0.0762605007238	-0.979062656982
-0.984153829335	0.0140468385719	-0.176758155503
0.00149970601283	0.997480950467	0.0709189941158
0.177309080682	0.0695301313868	-0.981695762615
-0.985235720571	0.0471119496837	-0.16458806444
0.0491646628692	0.998755210344	-0.00841811149311
0.163986593001	-0.0163857521389	-0.98632555239
-0.980484542919	0.0337872943201	-0.193660407911
0.0318617401936	0.999407088399	0.0130499016806
0.193986505617	0.00662488977754	-0.980979724151
-0.983795025121	0.0214360723873	-0.178018641716
-3.90010321264e-05	0.992802431458	0.119763686925
0.179304602498	0.117829695016	-0.97671326702
-0.990364571486	0.0262349592883	-0.135985943468
0.0197087237973	0.998598498562	0.0491182918104
0.137083974687	0.045964848474	-0.989493633071
-0.859942801352	-0.24334166763	-0.448644989828
-0.509101865865	0.346564714065	0.787850162446
-0.0362323650217	0.905912479817	-0.42191126863
-0.868723847762	-0.273361997752	-0.413024943215
-0.490845846085	0.363647771869	0.791725839676
-0.0662324762768	0.890523816646	-0.450087389592
-0.852752708713	-0.291393259648	-0.433478987589
-0.515562186125	0.336556943424	0.787988262909
-0.0837239313863	0.895443933743	-0.43723155411
-0.865184698348	-0.257988800567	-0.429997957789
-0.498267432016	0.345769350718	0.795093379791
-0.056444938772	0.902156136807	-0.427702069156
-0.891687844065	-0.248338663536	-0.378445094379
-0.4495755225	0.388592280835	0.80428719151
-0.0526747646953	0.887312766194	-0.458149995467
-0.869192242078	-0.24598517213	-0.428948981545
-0.494465700723	0.426948554128	0.757112234941
-0.0030991103008	0.870176166406	-0.492731877699
-0.89885375607	-0.221522220041	-0.378144360443
-0.433804937269	0.327114123897	0.839530109646
-0.0622778267765	0.918654143097	-0.390126226578
-0.89126116562	-0.246835216291	-0.380425696864
-0.447313367731	0.340551288979	0.827003508811
-0.0745793931625	0.907246619467	-0.413932169521
0.869477338254	-0.023597362795	-0.493408880112
-0.478140815505	0.210653517227	-0.852646736749
0.124058530751	0.977275939338	0.171875597077
0.878858368694	-0.00139272023395	-0.477080735734
-0.467188168866	0.200093395059	-0.861218816631
0.0966601414766	0.979775839454	0.175203092232
0.886057132325	0.0301259090425	-0.46259614324
-0.457403396699	0.219115509786	-0.861841373257
0.0753982415252	0.975233740994	0.207928551624
0.883823337143	0.0259612992851	-0.467099903515
-0.461475017622	0.21227852707	-0.86138181803
0.0767926886772	0.976864289071	0.199597207153
0.897004580489	0.0214157528937	-0.44150214822
-0.433314474696	0.239874090004	-0.868734123831
0.087300328603	0.970567760343	0.224447913711
0.899364254368	0.0181487921015	-0.436823257551
-0.434342822866	0.151132362285	-0.887978216564
0.0499023969024	0.988346913899	0.143805842361
0.882259834128	0.0198345026279	-0.470344748453
-0.465292313108	0.188610976902	-0.864828882425
0.0715587398851	0.981851579935	0.175632728665
0.912622980854	0.0145531920453	-0.408543143492
-0.401764064122	0.216574231959	-0.889764713216
0.0755310020638	0.976157678199	0.203497570442
0.222581013282	0.663939720284	0.713891983016
-0.352423811067	0.73753832647	-0.576050937127
-0.908985793607	-0.123374521684	0.398150188085
0.230231510722	0.642520602986	0.730862988246
-0.367527428821	0.752827169175	-0.546053876863
-0.901064382779	-0.142893394218	0.40946848681
0.212124615404	0.674236535494	0.707395395102
-0.370337516602	0.725339178903	-0.580287170704
-0.904352406202	-0.138881859477	0.403557377553
0.229029090943	0.633958020298	0.738676435065
-0.331730416926	0.764254165325	-0.553055596321
-0.91515057652	-0.118375633627	0.385339602311
0.227465292947	0.645413447027	0.729178317141
-0.32385764658	0.756322227712	-0.56841262401
-0.918354920793	-0.106855831751	0.381059138326
0.224784927806	0.676763933902	0.701043730598
-0.316573727126	0.73114914215	-0.604319457411
-0.921549135822	-0.0860901218649	0.378596988562
0.226383337151	0.633452371344	0.7399247829
-0.370163574233	0.758603445757	-0.536190024533
-0.90096033177	-0.15250871233	0.406216171752
0.211363746074	0.634169472104	0.743743528134
-0.349628167504	0.759641924711	-0.548365103828
-0.912735174888	-0.144129189478	0.382284276392
-0.478641696247	0.780228131522	0.40266586606
0.849069290866	0.294553185686	0.438539293154
0.223555532737	0.551796552284	-0.803452360349
-0.481341718106	0.77327957227	0.41273703623
0.835735584042	0.262886244996	0.482118608138
0.264308894159	0.57700175204	-0.772795824201
-0.486958276413	0.783242665181	0.386529651122
0.827039800535	0.271182728973	0.492408746366
0.28085478826	0.559456997995	-0.779827913996
-0.491176524861	0.770639309539	0.406036308842
0.832791218413	0.278800285967	0.47825883419
0.255360952454	0.573051289625	-0.778722504265
-0.426459296541	0.788135301019	0.44382111372
0.868723701383	0.22023892768	0.443638388448
0.251899909391	0.574750934176	-0.778595048641
-0.48018041153	0.77399964763	0.412760331659
0.819134192002	0.227316181861	0.526646799231
0.313792481451	0.590984112406	-0.743165758223
-0.463653964645	0.793535955082	0.394111065268
0.847002155911	0.26643650295	0.459997670181
0.260019598603	0.547093407638	-0.795660709737
-0.501705163456	0.753141220679	0.425524145848
0.845155354609	0.321902609394	0.426721681114
0.184404239542	0.573722291942	-0.798021608902
-0.812401814824	0.56984896778	0.123594622995
-0.551919924032	-0.819872543532	0.152294439253
0.188116650965	0.0555099332596	0.980576756266
-0.812742949517	0.56082631689	0.15786896624
-0.531955286446	-0.824822899172	0.191547977193
0.237639099139	0.071700046225	0.968703649054
-0.828807351549	0.554664001062	0.0736658789498
-0.539978697703	-0.827380767208	0.154481434206
0.14663499522	0.0882573136484	0.985245567525
-0.834711393586	0.548703851462	0.046698462118
-0.527208683728	-0.820741996891	0.220075790628
0.159083835681	0.159079958542	0.974364355286
-0.795361612785	0.596122310063	0.10971822893
-0.584949627021	-0.80232118632	0.118805055493
0.158851604217	0.0303133437279	0.986837002236
-0.827296336742	0.545422494119	0.134516269628
-0.512845754915	-0.831012856456	0.21542148415
0.229280517165	0.109231346585	0.967211946445
-0.811937203312	0.582930331749	0.0308247557407
-0.563805217224	-0.796792474329	0.217360045974
0.151266699148	0.159103553955	0.97560465574
-0.863526337999	0.501680716455	0.0513767229953
-0.487874791444	-0.85683934128	0.166749433044
0.127676531915	0.118927054468	0.984659873191
-0.0615589724775	0.545222021075	-0.836028391353
0.487229503127	0.747451113615	0.451579728615
0.871101563939	-0.379538914669	-0.311660576989
0.0147033166698	0.535860600131	-0.844178443752
0.479260536091	0.737191688241	0.476295871686
0.87754952351	-0.411584543038	-0.245977675667
-0.00448746041269	0.559246225004	-0.828989447012
0.525351388101	0.706697845946	0.473903015322
0.850873529062	-0.4333841353	-0.296972059196
0.0306075104189	0.556787816043	-0.830090657689
0.531467584129	0.694286105549	0.485292703497
0.846525474571	-0.456019877804	-0.274664306254
0.00761800656768	0.555369310577	-0.831568942877
0.455245040853	0.738490567649	0.497376756002
0.89033360639	-0.382356657456	-0.247203298528
0.0114582618478	0.557356322814	-0.830194353394
0.437344993163	0.743832652265	0.505413048221
0.899220824905	-0.368872500705	-0.235233968018
-0.0412718938779	0.553346145312	-0.831928255798
0.529233861128	0.718345677071	0.451542904442
0.847471592186	-0.421648571426	-0.322497003565
0.000532228479873	0.531728253016	-0.846914866386
0.484642133364	0.740669955558	0.465327864947
0.874712369027	-0.410698288617	-0.257303709274
0.72465445566	-0.680251896202	0.110151171498
0.684900224388	0.693317956558	-0.224102425383
0.0760763136674	0.237839383079	0.968320619783
0.726759427152	-0.683965741356	0.063337186974
0.672991336624	0.690561750302	-0.264966279641
0.137489619356	0.235192119702	0.962175280985
0.708109320216	-0.693730535201	0.131602168978
0.704352615186	0.68086299202	-0.200780912703
0.0496848048277	0.23486916774	0.970756351402
0.68495831269	-0.716336960818	0.133016823294
0.724613432859	0.650747534427	-0.226854638342
0.0759439901139	0.251771746989	0.964802310604
0.738326622125	-0.671272637121	0.0653210861574
0.661403654344	0.7016950952	-0.264894691862
0.13198107313	0.238782408081	0.962062346068
0.68465739097	-0.727507842324	0.0444589413057
0.710012840488	0.651923258905	-0.266228909159
0.164699800993	0.21384200964	0.962883986053
0.69937932684	-0.70594894662	0.111824175284
0.709676089143	0.667252469756	-0.226128270633
0.0850200559352	0.237508381002	0.96765766648
0.66227647626	-0.744650524536	0.0829786633151
0.744439322075	0.641426104755	-0.185425566566
0.0848525662916	0.18457557069	0.979148558842
-0.207411888519	-0.923508410932	0.322664875265
-0.948803012849	0.27023354042	0.16354429323
-0.238229405407	-0.272224370653	-0.932277211843
-0.162976314762	-0.931616366901	0.324852614039
-0.95540881256	0.231192759407	0.18369435149
-0.246236221558	-0.280429240291	-0.927753430019
-0.164208529179	-0.944736060092	0.283741736395
-0.973642643878	0.201388461065	0.107064071171
-0.158289602416	-0.258682218321	-0.952905018458
-0.137493488349	-0.92978343752	0.341465678577
-0.979254458219	0.179405805283	0.0942052587131
-0.148851457472	-0.321429127528	-0.935161711504
-0.145804754706	-0.932711510724	0.329833843822
-0.955564289159	0.219111903718	0.197197787474
-0.256199172621	-0.286425061514	-0.923213369343
-0.161391472325	-0.932151918289	0.324106941326
-0.951125507232	0.23452633658	0.20089171074
-0.263273199694	-0.275844179171	-0.924444016563
-0.132485208509	-0.93764197579	0.321364314418
-0.983747301012	0.164032478363	0.0730374335146
-0.121197133202	-0.306464915087	-0.944134638248
-0.17300262469	-0.928651740202	0.328140002684
-0.973339309343	0.212143557043	0.0872099876274
-0.150600480838	-0.3043040231	-0.940594634088
0.0689232812114	0.935973956207	0.345258380014
0.831575646023	-0.245088945461	0.498412189072
0.551119352418	0.252755847758	-0.795225689111
0.0678719475258	0.922402157185	0.380221240795
0.864789499638	-0.244437116075	0.438623219751
0.497526936805	0.299040913605	-0.814274226634
0.0236413933277	0.936910299727	0.348772865031
0.876228539416	-0.187385657796	0.443974102381
0.481317948793	0.295107687357	-0.825378006418
0.0590508478401	0.922822133652	0.380673465734
0.864488319508	-0.2379603114	0.442758184545
0.499172238117	0.302942526214	-0.811820709864
0.0846950461216	0.932690491819	0.350592608717
0.822797825479	-0.263918271609	0.503339705332
0.561987961795	0.245836464032	-0.789768274796
0.0399037476121	0.918975530096	0.3922953473
0.882500408121	-0.216547306686	0.417498896401
0.468619989004	0.329539487641	-0.819638068195
0.0889159087263	0.937778157838	0.33566293015
0.872647089608	-0.235814325591	0.427648720823
0.480192183394	0.254889187895	-0.839317618486
0.0658329847897	0.937060375839	0.34289791157
0.886574526459	-0.212612969947	0.410822325819
0.457871963284	0.276960694663	-0.844770014552
0.942655536799	0.0289492746288	-0.3325088371
-0.00694352766178	-0.994308771993	-0.106252634636
-0.333694433089	0.102468407043	-0.937089307811
0.942909196838	0.0579856214978	-0.327963568941
0.00610875011686	-0.987575846309	-0.157045177319
-0.332994171158	0.146075912616	-0.931548754313
0.93816372953	0.0297040322584	-0.344915287604
-0.0174389893401	-0.990993502314	-0.132777888037
-0.345752464642	0.13058237388	-0.929196220309
0.933745410086	0.0379775556129	-0.355917485883
-0.0207731464553	-0.986930361938	-0.159806779999
-0.357334616115	0.156612374406	-0.920752824528
0.950756878659	0.0645739799171	-0.303135940851
0.0229958267688	-0.990053322886	-0.138777293123
-0.309083143296	0.124972582005	-0.942784782076
0.949698895007	0.000689130747029	-0.313164813393
-0.0244942645027	-0.996783865934	-0.0764749007934
-0.312206191891	0.0802988452202	-0.946628321748
0.927171059897	0.0615488298465	-0.369547750139
-0.000746019522754	-0.986106641974	-0.166109546405
-0.374637480163	0.154287651795	-0.914243596363
0.935650474589	0.0404891897374	-0.350597886811
-0.0220181267328	-0.984766624486	-0.172487247129
-0.352240620623	0.169107285003	-0.920505926726
0.805678802118	0.207744163904	0.554728792166
-0.56746377286	0.00208048443382	0.823395744356
0.169901550865	-0.978180989233	0.119563487097
0.815417184732	0.145698024917	0.560238251372
-0.564614162754	-0.0133098033997	0.825247650673
0.127693617626	-0.989239568184	0.0714101274521
0.806480579452	0.127249026851	0.577405189242
-0.579168623133	-0.0264731523515	0.814777784453
0.118965429332	-0.99151743163	0.0523485657534
0.802401598255	0.1301135872	0.582427780792
-0.585297286094	-0.0189865239198	0.81059641546
0.116527903542	-0.991317263186	0.060920319148
0.829824672293	0.182860226397	0.52721262238
-0.538020192619	0.0114802743141	0.842853763116
0.148071887708	-0.983071885096	0.107909110399
0.859656206765	0.118336322057	0.496978595986
-0.507278879834	0.0825362789804	0.857820450717
0.0604925454997	-0.989537418431	0.130982338839
0.800052563596	0.159059339682	0.57846004832
-0.580480149468	-0.0382854020836	0.813373870329
0.151521276119	-0.986526423022	0.0617004510174
0.867065636689	0.122744310986	0.482836424281
-0.486222508955	-0.002692992143	0.873830873562
0.108558050265	-0.992434661792	0.057346048209
0.175979402527	-0.692188483585	-0.699933092889
0.983415263783	0.0919228278849	0.156347664582
-0.0438822320068	-0.715838862074	0.696885260593
0.151273078951	-0.715072154854	-0.682486834149
0.987137138988	0.0731436246388	0.142162898683
-0.0517371652233	-0.695213517046	0.716938933757
0.225910940981	-0.668415985235	-0.708649627531
0.973246195189	0.123572951854	0.19370478382
-0.0419054586836	-0.733450591661	0.678449815862
0.205083114281	-0.699611494479	-0.684459383819
0.977299203935	0.108386676597	0.182040013071
-0.0531710192895	-0.706254951958	0.705958055638
0.123410131287	-0.68802088745	-0.715120385686
0.992317376061	0.079223292067	0.0950255841759
-0.00872540874948	-0.721353515908	0.692512065698
0.145545853568	-0.679589074409	-0.719009825905
0.98237707063	0.0131297075414	0.186448230468
-0.117267774363	-0.733475522079	0.669523667437
0.0990025193484	-0.673187490331	-0.732814483931
0.992942933215	0.0185128586935	0.117139088459
-0.0652900940079	-0.739240040533	0.670269612068
0.231346725429	-0.678785796174	-0.696942259103
0.971898143283	0.129217452301	0.196765909197
-0.0435048123006	-0.722878044246	0.68960470935
-0.442603656042	0.382141249252	-0.811215148444
-0.865819377827	0.0533094416585	0.497508667408
0.233363999848	0.922564975916	0.307270375592
-0.432786821009	0.339679688061	-0.835052910169
-0.869032561933	0.0891415167778	0.486658248434
0.239745822827	0.936307403574	0.256613388027
-0.46709818684	0.413195856774	-0.78172145766
-0.857844284808	0.00249752687269	0.513903614204
0.214295208633	0.910638745944	0.353291132819
-0.461923417245	0.414911714006	-0.783884531791
-0.846866581034	0.0562685042283	0.528820202061
0.263521694606	0.908120081135	0.325383164582
-0.465287503418	0.364425044392	-0.806660960856
-0.831354487802	0.13296678559	0.539601276373
0.303903330621	0.921690950846	0.241098623378
-0.469539834193	0.38063920796	-0.796646862196
-0.838422285913	0.0905802971488	0.537441469568
0.27673181994	0.920276619333	0.276605288936
-0.524268863359	0.403261540291	-0.750014897533
-0.821984442117	-0.0095724858059	0.569429523742
0.222449529819	0.91503471831	0.336493233207
-0.479925874298	0.407609183462	-0.776869350223
-0.824925374119	0.0917392978258	0.557747323252
0.298612392398	0.908536572196	0.292219050834
-0.275629893071	0.901092025843	0.334755639566
-0.188281249795	-0.392107667252	0.900445314753
0.942644338144	0.185161429154	0.277735315602
-0.289765778533	0.876189403558	0.385133533861
-0.223221487975	-0.453168465765	0.86302399419
0.930702894117	0.164104772432	0.326897082924
-0.220089780621	0.892815731522	0.392989151028
-0.168987639192	-0.431672784344	0.886059639696
0.960730753687	0.12860239828	0.245881657357
-0.241710703182	0.877177742507	0.414891738719
-0.187641056989	-0.461752329557	0.866934618435
0.952032972401	0.131696647487	0.276205030403
-0.238223999441	0.88600080251	0.397808756649
-0.164499858625	-0.440492311953	0.882556630802
0.957177635252	0.144806726408	0.25068292274
-0.247324767918	0.89059589529	0.381666623952
-0.17271153903	-0.428117172816	0.887066182535
0.953415536287	0.153475207132	0.259700167073
-0.242874353476	0.878835044788	0.410683529367
-0.125275574638	-0.448230493615	0.885096263325
0.961934523572	0.163518589175	0.218960295922
-0.253530559663	0.889482208217	0.380188887704
-0.182336054122	-0.429928175016	0.884259719836
0.949987238038	0.154864747511	0.271184658535
0.157420927339	0.775136004948	-0.611866266684
0.658029924892	-0.544330606119	-0.520284760716
-0.73635098453	-0.320723850252	-0.595750543527
0.176171422618	0.775420027658	-0.606371979341
0.65986909239	-0.550132075439	-0.511787715081
-0.730435471162	-0.309963973883	-0.608593058986
0.117411725306	0.747389220009	-0.653928948109
0.624546550522	-0.567534407579	-0.53651181943
-0.772110951607	-0.345416675874	-0.533414152607
0.13641582498	0.740255325529	-0.658343605431
0.638119786474	-0.573987636787	-0.513174199935
-0.757758132847	-0.350095236179	-0.550674378417
0.117689368969	0.789738717617	-0.602048211576
0.616717699112	-0.533303264822	-0.579005219457
-0.778337054731	-0.30315098953	-0.549810008165
0.170783825546	0.795271582779	-0.581699752447
0.633893079933	-0.540656116832	-0.553053287864
-0.754328214762	-0.274283586144	-0.5964518235
0.105794476968	0.779904555245	-0.616892107202
0.605379830762	-0.542673372314	-0.582254186272
-0.788874037934	-0.311855033039	-0.529550058569
0.145917501154	0.74045720405	-0.656069059047
0.624803271956	-0.583141007799	-0.519190626647
-0.767023045692	-0.334157394674	-0.54772816632
-0.164352470946	0.456439694638	-0.874443252736
-0.929518172269	-0.368357392342	-0.0175703950763
-0.330127497369	0.809923179394	0.484809497418
-0.143595600172	0.508005594111	-0.849300095986
-0.921979869508	-0.38053600399	-0.0717322090918
-0.359629610728	0.772737151915	0.523014197641
-0.163874865526	0.411886505722	-0.89637856506
-0.911558069349	-0.410581695914	-0.0220125783292
-0.37710331701	0.813493806863	0.442742490712
-0.141069646929	0.432392332042	-0.890581944724
-0.916403379953	-0.397393694799	-0.0477814309988
-0.374571988126	0.809391803226	0.45230600513
-0.115995459122	0.476180526914	-0.871663436492
-0.937729653417	-0.341799930834	-0.0619345547719
-0.32742653807	0.810200529351	0.486175851462
-0.12822152533	0.48452382842	-0.865329932522
-0.926182155219	-0.370483085664	-0.0702060456971
-0.354606609892	0.792451218178	0.496261237102
-0.142803135448	0.411915762798	-0.899962577751
-0.923911200388	-0.381577617945	-0.0280460696174
-0.354958209923	0.827480448459	0.43506409071
-0.172115218599	0.424594545314	-0.888873327326
-0.916655248454	-0.399456859621	-0.0133167215418
-0.360720772099	0.812498401033	0.457959450486
0.912943426899	0.112850443589	0.392172256971
0.12528334664	0.837089329008	-0.532527504403
-0.388379176592	0.535300137561	0.750076919402
0.914996384091	0.194222730767	0.353637030276
0.036673252653	0.832840713797	-0.552296496819
-0.401791850177	0.51831831794	0.754923462321
0.95076111151	0.114048484414	0.288177463755
0.0655919794735	0.83472252925	-0.546750387838
-0.302904274717	0.53873113663	0.786141053872
0.947336986851	0.156064922004	0.279636143994
0.0220397636439	0.839368066704	-0.543116466407
-0.319479078699	0.520677431222	0.791724781197
0.931827763555	0.128212615271	0.339497492088
0.0773767674169	0.84380390905	-0.531044070963
-0.354555859792	0.521110827681	0.776359231722
0.925746963254	0.168613328035	0.338470242026
0.0413954950822	0.844516486127	-0.533927256999
-0.375870951412	0.508292679849	0.774828740286
0.949824911368	0.158025075301	0.269927238271
0.0138126430958	0.840954705494	-0.540929197055
-0.312476957991	0.517516435403	0.796576984609
0.94539597853	0.158353836748	0.284869282184
0.01939579426	0.845152007799	-0.534174027714
-0.325346351923	0.510531244007	0.795931910894
-0.0271380442177	-0.832911991242	-0.552739685121
-0.04502685434	0.553400625147	-0.831697263641
0.998617107329	0.00231749948363	-0.0525216212557
-0.091858044516	-0.896752479207	-0.432893852681
-0.0563188443894	0.438714666597	-0.896859870623
0.994178195506	-0.0580037137079	-0.0908035339327
-0.0854117782707	-0.843352956635	-0.530528591587
-0.018910657552	0.533750678623	-0.845430414806
0.996166242646	-0.0621770840686	-0.0615369463079
-0.0510514067651	-0.894703204976	-0.443734056948
0.00209734356021	0.444216409263	-0.89591705791
0.998693816663	-0.0466684959023	-0.0208013682533
-0.0195543138525	-0.845877106852	-0.533019291233
-0.0280824877242	0.533375556805	-0.845412264265
0.999414337803	-0.00156294243741	-0.0341841300358
-0.00572890886505	-0.887515971997	-0.460741336075
0.00565844857985	0.460712749504	-0.887531263816
0.999967580113	-0.00769166701148	0.00238258221437
-0.097537786752	-0.854603742604	-0.510038055466
-0.0121524747281	0.513466167716	-0.85802378151
0.995157621814	-0.0774915182911	-0.0604679027011
-0.115469993731	-0.862457928935	-0.492780830637
-0.0219116432013	0.498190188193	-0.866790858191
0.99306923531	-0.089290720504	-0.076423875153
0.938536724887	-0.144528965447	0.313464820062
-0.0324693983231	0.867129890497	0.497022624753
-0.343648881043	-0.476652000405	0.809140478952
0.937780141714	-0.08668126707	0.336236170294
-0.117076342749	0.83270272224	0.541201720454
-0.326896825073	-0.546893527291	0.770743751138
0.900818526419	-0.189326630867	0.39074468541
-0.0468860845629	0.852249991735	0.52102941037
-0.431656897785	-0.487673434012	0.758845797275
0.911245692604	-0.177527160083	0.371638800246
-0.0409614003046	0.858798601893	0.510673211923
-0.409821246522	-0.480571610818	0.77530476564
0.893718219452	-0.173649119238	0.413658954594
-0.0756394211451	0.850528047156	0.520462028721
-0.442206315306	-0.496435321829	0.746997692996
0.903064609678	-0.135881608111	0.407443863159
-0.110258912427	0.843503031632	0.525685848749
-0.415111172193	-0.519652603113	0.746755577692
0.934308645262	-0.107019184429	0.340020954306
-0.0828967451038	0.862486322572	0.499244902468
-0.346692204778	-0.494635458851	0.796956885547
0.947589619682	-0.0783665559097	0.309729876226
-0.101048753302	0.846170819636	0.523243820159
-0.303089199359	-0.527118230374	0.793903842388
-0.951000230498	-0.28191068753	-0.126978089296
0.258957207358	-0.950619192524	0.171063804367
-0.168932636463	0.129799940923	0.977043357346
-0.956581165698	-0.253370203098	-0.144068924063
0.239671774189	-0.965063887767	0.105872441002
-0.165860650414	0.0667463353956	0.98388778326
-0.974643032449	-0.196531826364	-0.106996200704
0.185560783638	-0.977072214008	0.104398625824
-0.125060550594	0.0818970007033	0.988763243282
-0.954077758187	-0.251522018556	-0.162717329638
0.237296075578	-0.966074573204	0.101956577824
-0.182840990202	0.0586621294186	0.981390834942
-0.970052161498	-0.238461496408	-0.0462062128444
0.228785155241	-0.960905660872	0.155941523023
-0.0815858573277	0.140700108715	0.986684968942
-0.978715340373	-0.18756714008	-0.083253575761
0.17633443036	-0.976185473047	0.126350318558
-0.104970274765	0.108980742759	0.98848592182
-0.952214013994	-0.235392298097	-0.194616834179
0.206427295213	-0.965628413194	0.157943951632
-0.225106681243	0.110222439016	0.96807951288
-0.947844036729	-0.236702786709	-0.213448948327
0.213013095831	-0.968598909778	0.128212797922
-0.237095094386	0.0760584729737	0.968504504939
0.208324225857	-0.116120667194	0.97114218168
0.288879542615	-0.941323670146	-0.174524139747
0.934424826428	0.316900703922	-0.162555768048
0.175715579265	-0.0904570049222	0.980276312684
0.286088230592	-0.948101632642	-0.13876965238
0.941954161977	0.304829497204	-0.140717625987
0.164457034643	-0.159382040293	0.973422576345
0.225016449897	-0.954776542139	-0.194344970354
0.960375834859	0.25099748098	-0.121156400829
0.197562856915	-0.0919619211675	0.975967412779
0.24893098979	-0.958249856537	-0.140683038468
0.948157554457	0.270742239123	-0.166422872324
0.183203515627	-0.122392696163	0.97542641314
0.291966620067	-0.940676433655	-0.172869273768
0.938718356213	0.316462195171	-0.136600834096
0.192409358808	-0.149036212622	0.969931590595
0.289502428115	-0.935788451513	-0.201219739353
0.937639284172	0.319514079059	-0.136908552571
0.198455038277	-0.0973250330206	0.975265950939
0.245354497362	-0.958441603952	-0.145572824399
0.948903054973	0.268175529321	-0.166328668564
0.170311096275	-0.142146266112	0.975083818394
0.229817801109	-0.956521910563	-0.1795810065
0.958215942341	0.254676262405	-0.130238436503
-0.373285179817	-0.2398494956	0.896175375132
0.841348287751	-0.494539433569	0.218091055097
0.390885075478	0.835405811013	0.386401278512
-0.340077323117	-0.223538421284	0.913442960405
0.848416097273	-0.491909489906	0.195487183931
0.405632337952	0.841460449102	0.356940813905
-0.347628502807	-0.219136921925	0.911665232809
0.849864573913	-0.484374150713	0.207634192204
0.396086724432	0.84697152326	0.354618916296
-0.320392355568	-0.246774895287	0.914576872852
0.86992031505	-0.458796524826	0.180954020671
0.374949797657	0.853585299305	0.36166942088
-0.338841699623	-0.250244793882	0.906953001037
0.861383082876	-0.470243564904	0.192067865035
0.378424876943	0.846314612529	0.374894842067
-0.350570516854	-0.221727001839	0.909910693406
0.84800481481	-0.48749842526	0.207925809183
0.397477253913	0.84450129942	0.358928123281
-0.338172265917	-0.280043445248	0.898451579611
0.855720676761	-0.488809036867	0.169728926341
0.391639752189	0.82622118942	0.404940581417
-0.332143408362	-0.247368457804	0.910214090465
0.862303447833	-0.470703676389	0.186737543548
0.382248097776	0.846904358472	0.369647725603
0.61702304341	0.496329903071	-0.610687572918
0.181478723352	-0.844850967959	-0.503282123034
-0.765733737907	0.199709913905	-0.611365929629
0.575815442714	0.561636245642	-0.594138983965
0.206958583388	-0.803165609887	-0.55865232471
-0.790951673269	0.198718400565	-0.578710472077
0.636280437719	0.501591826556	-0.586133647616
0.182080278872	-0.835950710004	-0.517718279729
-0.749662447627	0.222690558066	-0.623228911789
0.64052823247	0.482823891056	-0.597163904402
0.184366119517	-0.851565428185	-0.49076036844
-0.745474863741	0.204249101546	-0.634468109929
0.627790862262	0.521197212819	-0.578128212904
0.193452296737	-0.823900175593	-0.532696307571
-0.753959530806	0.222581698625	-0.618063901981
0.644346144907	0.525568020516	-0.55551445743
0.201405328685	-0.817396643153	-0.539720925899
-0.737735691274	0.235883530765	-0.632538584197
0.618479071634	0.519418400402	-0.589650999677
0.194658574338	-0.82826619856	-0.525436776178
-0.761309277188	0.210191083653	-0.613374662837
0.614403211061	0.530262837466	-0.584234553358
0.173310810979	-0.813100372102	-0.555725767255
-0.769722062131	0.240185529947	-0.591471758697
-0.419112233801	0.129496318318	0.898652113685
0.788962331631	0.541759882446	0.289887328734
-0.449314318886	0.830497999778	-0.329225908357
-0.403802508545	0.112898732903	0.90785314337
0.795247952822	0.533877232501	0.287325194675
-0.452243460262	0.837991020281	-0.305363435814
-0.324449699945	0.0969319670286	0.940923251634
0.825280132779	0.515088038053	0.2315102762
-0.462217561478	0.851638714077	-0.247116181659
-0.343246401892	0.112644310159	0.932466159514
0.80297468142	0.550217486135	0.229112132942
-0.487251003333	0.827388643777	-0.279310696019
-0.344393535723	0.0468336170076	0.937656518197
0.789992415672	0.554089368299	0.262482320926
-0.507252517963	0.831138735673	-0.227823007519
-0.306261080807	0.0533741219409	0.950450068711
0.784842095382	0.579188135328	0.220372372696
-0.538727217914	0.813444712588	-0.219273038058
-0.352642075112	0.0847717619716	0.931910609287
0.7816001571	0.574279898794	0.243523743836
-0.514533604103	0.814258170216	-0.268772890578
-0.319785099288	0.118571398337	0.940041666045
0.810956319351	0.547328821931	0.20683572151
-0.489987100349	0.828475703376	-0.271183830263
0.710865135371	-0.272382168743	-0.6484433103
0.536016465452	-0.38710804178	0.750222484413
-0.455364822189	-0.880883296189	-0.129180295676
0.752991412367	-0.281379155568	-0.594835864028
0.472115792581	-0.398679454107	0.78623239523
-0.458378241977	-0.872857646885	-0.167358663558
0.732260812034	-0.326797871809	-0.597492479897
0.491633058567	-0.353452323472	0.795844481187
-0.471265369273	-0.876512779994	-0.0981546573239
0.732080883818	-0.391696660498	-0.557343080504
0.460140348694	-0.318967655072	0.82857136847
-0.502323046191	-0.863037298904	-0.053274688557
0.777149251409	-0.222452616249	-0.588688261912
0.469817021932	-0.417290302669	0.777907924104
-0.418701566861	-0.881126328063	-0.219784816083
0.761737293844	-0.252584497671	-0.596621620183
0.485582192202	-0.387060730212	0.783832809436
-0.428912835841	-0.886783519281	-0.172188050498
0.752450881225	-0.314475894448	-0.578724958334
0.480005979064	-0.339841546164	0.808765696858
-0.451012112532	-0.886347902442	-0.104763755671
0.722942705035	-0.324590599698	-0.609913750262
0.515474492151	-0.334396196606	0.788964642579
-0.460043354602	-0.884771214431	-0.0744311114822
-0.995922142892	-0.0143824343639	0.0894087407567
-0.082835636388	-0.25429224666	-0.963593524058
0.0365928228774	-0.96704052027	0.252025230195
-0.991199309388	-0.0234844496283	0.130319732229
-0.11921345422	-0.270165560493	-0.955408617337
0.0576446382209	-0.96253101476	0.264981388801
-0.995171659977	0.0224045194366	0.0955019250202
-0.0979898073099	-0.272070122594	-0.957271627354
0.00453628009814	-0.962012998032	0.272958756942
-0.997366587497	-0.0176494101463	0.0708323721219
-0.0625497045396	-0.293644367159	-0.953889460976
0.0376332443584	-0.955775113518	0.291722609852
-0.984616629597	-0.0256669683299	0.172807816402
-0.16099562998	-0.250769219816	-0.9545625626
0.0678361393374	-0.967703717843	0.242784742328
-0.991537456564	-0.00927535717918	0.129538669638
-0.122739355951	-0.259047871072	-0.958038287428
0.0424423100571	-0.965824144152	0.255709144664
-0.990727567432	0.0293773386567	0.132649585794
-0.13551987969	-0.283093467482	-0.949469581064
0.00965933986267	-0.958642318662	0.284449681413
-0.992485905117	-0.0337082578815	0.117867698037
-0.102609766928	-0.297731669114	-0.949138776716
0.0670841011044	-0.954073862489	0.291998550614
0.723381909843	0.632041119275	0.277925538499
0.29095112556	-0.644087420518	0.707459293796
0.626151757915	-0.430900491284	-0.649814248181
