-0.205407103807	-0.858260799481	0.470315061661
0.693799089359	0.211237625134	0.688492154705
-0.690254069713	0.467725371945	0.552070893722
-0.190096354034	-0.835122468515	0.516172254829
0.702948448615	0.251250680601	0.665384511087
-0.685366188736	0.489329675767	0.539286231466
-0.151883262895	-0.871676760309	0.465951810549
0.68763021887	0.245449170558	0.683314993297
-0.709997286131	0.424186661159	0.562111667101
-0.141589361152	-0.862495638895	0.485853569437
0.695311508608	0.26269874915	0.668977765506
-0.704623533558	0.432539729541	0.562507817726
-0.17798714592	-0.858305414421	0.481282100248
0.699059347408	0.233933221968	0.675715414242
-0.69255806489	0.456713376002	0.558369272649
-0.178061565696	-0.8546566879	0.487704877894
0.70649088271	0.23395943258	0.667932355622
-0.684956009348	0.463492119531	0.562147960097
-0.182749797815	-0.859396638232	0.477535231174
0.689148066682	0.234442279431	0.68564694903
-0.701197134196	0.454394338346	0.549407273215
-0.186370506415	-0.850088240923	0.492560702179
0.697976110159	0.238273209251	0.675318625244
-0.691444439079	0.469655063423	0.548934167133
0.815531319018	0.202501311573	-0.542127187815
0.22798198429	0.748606734031	0.622585073958
0.531914357576	-0.631332858552	0.564345586396
0.800784853146	0.148187595801	-0.580330984061
0.317285719709	0.716841620945	0.620860577225
0.508009238774	-0.681306480766	0.527018104275
0.770511796627	0.237740354736	-0.591431390428
0.258426161606	0.731660505355	0.630784287678
0.582689870215	-0.63886807896	0.502314723171
0.769388865654	0.2411616161	-0.591508114544
0.254453839315	0.733650010168	0.630088015815
0.585912978444	-0.635294214467	0.503097649998
0.785769747596	0.174267477448	-0.593461668626
0.279586351569	0.755794124463	0.592120524718
0.55172219263	-0.631194177793	0.545157350179
0.797928693434	0.208263065965	-0.565629110815
0.29075905338	0.689015414897	0.663865139853
0.527985765456	-0.694178828825	0.489230797877
0.788780388703	0.174427849263	-0.589406843757
0.287676018685	0.742635882851	0.60475983518
0.543201629544	-0.6465809117	0.53559791108
0.789265216638	0.219303770067	-0.573555819163
0.266435159447	0.719237913387	0.641645645479
0.553238399854	-0.65924402537	0.509239232572
0.928946941424	-0.197508235102	0.313126295024
0.0656471731014	0.920276834103	0.385721397866
-0.364346028155	-0.337758856545	0.867854207661
0.939113051256	-0.166992137248	0.30030035312
0.0443374681825	0.92554713057	0.376027521355
-0.340735769918	-0.339817795294	0.876597398538
0.960253062661	-0.149315091823	0.235836931649
0.0598653489309	0.935403300529	0.348477838982
-0.272635645089	-0.320508451711	0.907162684326
0.971837365672	-0.134335267771	0.19361345432
0.0500128684159	0.920465537857	0.387610505904
-0.230284274004	-0.367011208449	0.901261295704
0.948416380572	-0.141983272426	0.283455673869
0.0155919902843	0.91391293922	0.405610686193
-0.316643740718	-0.380268180718	0.868983803801
0.955166968302	-0.162250250194	0.247650801981
0.0509094338978	0.914015963573	0.402471178224
-0.2916578354	-0.371819413254	0.881297925192
0.953947442152	-0.156580882749	0.25586461916
0.0490095180962	0.922849317357	0.382030368153
-0.295943142033	-0.351897090372	0.888023699566
0.959980386249	-0.159805585402	0.229999635659
0.0556272335772	0.913665245692	0.40264305364
-0.27448728279	-0.373735190522	0.885990258163
-0.640431268291	0.711960732377	-0.288028175493
0.305983393825	-0.107450080821	-0.945954013895
-0.704430604835	-0.693950105737	-0.149034024852
-0.667842186387	0.705076712429	-0.2384391775
0.289117473423	-0.0494507352199	-0.956015406888
-0.685855304228	-0.707404552739	-0.170824524025
-0.54534195217	0.798740484703	-0.254196538959
0.287198969114	-0.106850987749	-0.951892683529
-0.787476345335	-0.592111954712	-0.171127159293
-0.538592685913	0.815484659036	-0.211901831286
0.302814648708	-0.0473456903596	-0.951872610997
-0.786270248549	-0.576838755558	-0.221440523457
-0.625785212253	0.740335719391	-0.245551621155
0.244811640783	-0.112479428545	-0.963024111244
-0.740580742792	-0.662760289166	-0.110854692949
-0.646488151813	0.720885834247	-0.249753148683
0.285250803977	-0.0752226889009	-0.955496464872
-0.707590983638	-0.688959454202	-0.157002663736
-0.599404283942	0.755559908873	-0.264280828215
0.269698041206	-0.120226960342	-0.955410322424
-0.753643217064	-0.643952748057	-0.131708783942
-0.595060089429	0.763792925056	-0.250048014447
0.311291866478	-0.0677951656204	-0.947893079988
-0.740946027562	-0.641891178361	-0.197420397716
0.552363087679	-0.7448633151	0.374264163463
0.564377860552	0.664579436271	0.489705835733
-0.613492178233	-0.0592690210009	0.787473511781
0.569411583177	-0.724703839408	0.388039683461
0.540682205571	0.685731307099	0.487273361054
-0.619219834447	-0.0676529449556	0.782297818354
0.528233234088	-0.740789399713	0.414970737943
0.57463647309	0.671683109512	0.46758392035
-0.625110047808	-0.00853604403365	0.780489950606
0.574473625206	-0.726094909847	0.377844194793
0.554359487355	0.684766709513	0.473054026619
-0.602217246867	-0.0622955473207	0.795898016216
0.565411398841	-0.712257921998	0.415931026923
0.547669529612	0.701265676993	0.45638201978
-0.616739858401	-0.0302508544552	0.786585558594
0.542495784756	-0.737410359551	0.402398172959
0.570355839561	0.675004120403	0.468042366545
-0.616759713546	-0.024400865321	0.786773191964
0.565224163578	-0.712719925357	0.415393733467
0.548184029149	0.700793708202	0.456489265317
-0.616454309736	-0.0303065531162	0.786807217358
0.531301511668	-0.757298269832	0.379760486837
0.530247649586	0.646860615722	0.548095583616
-0.660723941569	-0.0898369032164	0.745233654727
0.244450931451	-0.951020382261	-0.189219292747
-0.777761481619	-0.0757671823164	-0.623976252386
0.579077530158	0.299699046304	-0.758188378208
0.228633914143	-0.951231048403	-0.207089534055
-0.793144688902	-0.0586627673913	-0.606201492733
0.5644892249	0.302850193792	-0.767876154068
0.194639672953	-0.965590908095	-0.172480699899
-0.795461966559	-0.0525042088932	-0.603724740652
0.573895158885	0.254710621925	-0.778310244492
0.198008414048	-0.959409532799	-0.200813815152
-0.801316557182	-0.040449382263	-0.596871716385
0.56452158078	0.279101091022	-0.776800068821
0.283108925783	-0.939353387622	-0.193557376274
-0.783139627246	-0.109911674791	-0.612055231561
0.553661962739	0.324860732327	-0.766761834189
0.265301146035	-0.938791045064	-0.219742138818
-0.794337817544	-0.0836415103963	-0.601690476069
0.546482081577	0.334178651443	-0.767907416095
0.257748135129	-0.951066622773	-0.170405833265
-0.738885173837	-0.0803741994857	-0.669020660712
0.622586997012	0.298349163936	-0.723445324932
0.224450597719	-0.953922457243	-0.199132897048
-0.803203589464	-0.0653846524965	-0.592105472408
0.551802463741	0.292842691817	-0.780869567454
0.947143349431	-0.192086768129	0.256947771697
-0.0987360819961	-0.936594700346	-0.336216976625
0.305238709836	0.293075660485	-0.906055342936
0.942212311104	-0.21649389523	0.255668416827
-0.128506949124	-0.938330181633	-0.320970308388
0.309389576524	0.269567001259	-0.911927208236
0.947399228485	-0.174414061814	0.268355120544
-0.0851894252597	-0.94564192292	-0.313855645522
0.308508504752	0.274485590593	-0.910758690001
0.950353677359	-0.171507794996	0.259640105073
-0.0753263203697	-0.936377330595	-0.342818055796
0.301916964356	0.306240673614	-0.90280870738
0.956758977274	-0.15984221678	0.243028299912
-0.0737222371602	-0.941457402764	-0.32897463634
0.281384648784	0.296832857585	-0.912531772178
0.942974050752	-0.217966954406	0.251575717164
-0.131827543672	-0.93853276577	-0.319025984428
0.305649199915	0.26766861377	-0.913746088567
0.94651380897	-0.163805673565	0.277991619567
-0.0694663624421	-0.944800445644	-0.320199354205
0.315096911649	0.283762053933	-0.905645678633
0.935025611663	-0.228776912054	0.270902748353
-0.134589860996	-0.9358241327	-0.325761904382
0.32804381395	0.268134991265	-0.905810635331
-0.995613787229	0.0867564797973	0.0350608479966
-0.0769246473337	-0.545510951088	-0.834567277589
-0.0532780300091	-0.833602576414	0.549789795727
-0.994047057977	0.104385692833	0.0314120966526
-0.08697106296	-0.585713516122	-0.805844754132
-0.065720064607	-0.803774446401	0.591295276836
-0.993907993386	0.0774129264612	0.0784125406517
-0.108759737704	-0.575040037774	-0.8108611722
-0.0176807004737	-0.814451815606	0.579960731819
-0.993993045732	0.0676633615781	0.0859884222473
-0.108770797701	-0.525679385293	-0.84369775398
-0.0118849833061	-0.847985056474	0.529885645977
-0.996746831396	0.0719180767547	0.0367575628867
-0.0704692090739	-0.552006126069	-0.830869881387
-0.0394641453216	-0.830745724912	0.555256934633
-0.995220704699	0.0789702510028	0.0574230234875
-0.0921601156206	-0.565477343357	-0.819597634749
-0.0322523992704	-0.820973488764	0.570054271859
-0.997786542998	0.0636894171665	0.0192497943875
-0.0523196207752	-0.572316028244	-0.818364749509
-0.0411041813555	-0.817558477479	0.574377595521
-0.993635058536	0.0688934925913	0.0890739770804
-0.111256323385	-0.478434085927	-0.871043206711
-0.017393022197	-0.875413002033	0.483060301766
-0.991962137594	0.0440562352727	-0.118603737951
0.048214367051	0.998310742664	-0.0324196402807
0.11697509706	-0.0378775183935	-0.992410600742
-0.992170770974	0.00799001262173	-0.124641546649
0.005821405655	0.999825450896	0.0177532861307
0.124761639493	0.0168886835054	-0.992044101726
-0.981392372928	0.0274912560395	-0.190038297651
0.0124798718876	0.996737457059	0.0797414362545
0.191610481264	0.0758859321589	-0.978533627551
-0.98383152873	0.00770366810267	-0.178924534957
-0.00467347154389	0.99762980163	0.0686508190005
0.179029311498	0.0683771144717	-0.981463647359
-0.985476512714	0.0419159680031	-0.164544073792
0.0449904947899	0.998874774544	-0.0150012564933
0.163730131535	-0.0221863458952	-0.986253449215
-0.980438218507	0.0284847371734	-0.194750623065
0.0273485962755	0.999589641453	0.00852071750212
0.194913415951	0.00302788592178	-0.980814904866
-0.983352815636	0.0142844804922	-0.181134288712
-0.00749734589963	0.992865859871	0.119000677694
0.181541914539	0.118377891113	-0.976230330356
-0.990379312194	0.01888181938	-0.137066704071
0.0125694909892	0.998826444764	0.046773263529
0.137789013946	0.0446005289406	-0.989454379582
-0.857401293673	-0.246521612322	-0.451763702177
-0.513207664406	0.343908033753	0.786349332541
-0.0384868957028	0.906065380782	-0.421384069869
-0.86689594759	-0.275982742296	-0.415118640182
-0.493847702728	0.362124081667	0.790556828005
-0.0678557733871	0.89033655308	-0.450216930808
-0.850120711871	-0.295550144537	-0.435827802703
-0.519354976042	0.333865887636	0.786641171722
-0.0869837364408	0.895088842659	-0.437322031891
-0.862525607228	-0.261873947397	-0.432981633578
-0.502523170724	0.342947491654	0.793635939099
-0.0593424150688	0.9021139488	-0.427399154519
-0.890837626414	-0.251514844023	-0.378352977357
-0.451040289723	0.389652195429	0.8029536651
-0.0545284264006	0.885952715718	-0.460560816877
-0.86656949432	-0.248938277359	-0.432534541489
-0.499050050969	0.428205391154	0.753384967339
-0.00233284013473	0.868717213165	-0.495302157884
-0.899080746748	-0.22390604084	-0.376196881942
-0.432645008616	0.323105329603	0.84167852468
-0.0669051988045	0.919494713015	-0.387370925804
-0.890595220917	-0.250572757585	-0.379544621298
-0.447790281636	0.337186480645	0.828124010766
-0.0795279200763	0.907479369844	-0.412500917253
0.86843408841	-0.0260006854459	-0.495122410756
-0.479349612646	0.211108848419	-0.851855047586
0.126673541565	0.977116695998	0.170870700729
0.878265695198	-0.00382597901048	-0.478157643747
-0.467724236596	0.201026322027	-0.86071044367
0.099415335286	0.979578374213	0.17476501867
0.886671182652	0.0278661138959	-0.461560067721
-0.455817142537	0.220510702009	-0.862325797194
0.0777492700145	0.974986424333	0.208222336204
0.884283370393	0.0243652648481	-0.466314549823
-0.460375057608	0.212493496897	-0.861917253469
0.0780879750059	0.97685867932	0.199121623769
0.897684025245	0.0198598906309	-0.440191976152
-0.431519304225	0.241821501745	-0.869087713432
0.0891878983156	0.970117492009	0.225649225136
0.900022525472	0.0161536566923	-0.435543926403
-0.432943555712	0.148219225039	-0.889151802979
0.0501929279719	0.988822588005	0.140394263359
0.882163641517	0.0172237385091	-0.47062793552
-0.465227426586	0.187091963193	-0.86519364749
0.0731488373962	0.982191401376	0.17305868253
0.914530517188	0.011983438672	-0.404339375144
-0.397172687298	0.216204819195	-0.891913298636
0.0767319331108	0.976274486513	0.202485399673
0.224964760629	0.661617357753	0.715299465703
-0.350670407988	0.739902149067	-0.574086294768
-0.909077069712	-0.121685170827	0.398461539401
0.232980718391	0.638679573515	0.733354209927
-0.365645607731	0.756302794459	-0.542502880926
-0.901123345825	-0.141755030389	0.409734346441
0.213850781416	0.673041496551	0.708013418995
-0.369980689013	0.726589156048	-0.578949473645
-0.904091890968	-0.138142488743	0.404394011207
0.232363950732	0.630150659214	0.740889419371
-0.329795585741	0.767658951569	-0.549485762209
-0.915009211248	-0.116661381513	0.386197174916
0.230490054356	0.641828301421	0.731389619052
-0.320673284063	0.759741477082	-0.565651425835
-0.918718122304	-0.104160079476	0.380930041408
0.227628698753	0.674634093676	0.702178067283
-0.312463408079	0.733580396206	-0.603511747072
-0.922253662034	-0.0820283480978	0.377782412927
0.228659413367	0.629946888572	0.742214104435
-0.369311808461	0.761553061363	-0.53258400155
-0.900735059479	-0.152328093776	0.40678310454
0.212811903564	0.629498410803	0.747290335457
-0.349969100374	0.763175912302	-0.543216490873
-0.912267901142	-0.145925590524	0.382717910917
-0.481467066596	0.778369179336	0.402912819961
0.847446134655	0.29609702967	0.440641952831
0.223679164628	0.553598864157	-0.802187936651
-0.484488475616	0.771280376995	0.412800227229
0.833468525494	0.263635789503	0.485622926671
0.265721027676	0.57933236571	-0.770567410776
-0.49036682523	0.781275430153	0.386189618522
0.824624159764	0.27255895936	0.495684737825
0.282008358651	0.561531002187	-0.777911484211
-0.495800613948	0.767741013923	0.40590760005
0.829850543895	0.281051061694	0.482038396515
0.255998669987	0.575835633196	-0.776456391685
-0.427505739678	0.78634569206	0.445976229578
0.867861779115	0.218885719711	0.44598487971
0.253081562191	0.577708432652	-0.776013591294
-0.484071642276	0.772172341646	0.411589085776
0.814582655729	0.225907732682	0.534238628226
0.31954780193	0.593890301066	-0.738350406149
-0.466008616833	0.792911943627	0.392586476237
0.845238444043	0.267798126062	0.46244448214
0.261544383199	0.547333149009	-0.79499555112
-0.506224910884	0.749815285254	0.426044760707
0.843160092879	0.3265413694	0.427144158208
0.181157825949	0.575454700314	-0.797517797663
-0.809286173578	0.574671973552	0.121688047708
-0.557440291082	-0.816659916526	0.14942179017
0.185246268572	0.0530911698219	0.98125692219
-0.810403748777	0.564188876762	0.157912408617
-0.535679778443	-0.822706720933	0.190264230564
0.237260600236	0.069600386515	0.968949528009
-0.826856179437	0.558323676851	0.0677023982734
-0.54463541958	-0.824923669605	0.151239159324
0.140289709541	0.088179903843	0.986175999806
-0.833925967249	0.550518162127	0.0386953988062
-0.530341498976	-0.818808444816	0.219751504916
0.152661308734	0.162734700102	0.974788153173
-0.790685671134	0.60265781606	0.10779433933
-0.592062213771	-0.797514607374	0.115899434989
0.155815268428	0.0278190716406	0.987394399735
-0.824542473904	0.549562746381	0.134575460175
-0.516901022101	-0.828390224001	0.215831017732
0.230093676666	0.108399643241	0.967112412467
-0.809035820968	0.587290942786	0.0234584075955
-0.56928777683	-0.792913100346	0.217255957907
0.146192939356	0.162413277214	0.975832747267
-0.863841855245	0.501705298235	0.0454838631309
-0.489022752236	-0.856822073366	0.163439353664
0.120969979242	0.118943130333	0.985504334764
-0.0666395927221	0.540808542663	-0.838501788136
0.484630449707	0.752127681932	0.44658399981
0.872176848892	-0.376603321615	-0.312213769596
0.0147417706113	0.529799671956	-0.847994668479
0.475874872991	0.742162186956	0.471951677242
0.879389421945	-0.410496757588	-0.241177566857
-0.0042183510547	0.554270692075	-0.832325789846
0.526174731458	0.709024426722	0.469493896274
0.85036602267	-0.435968309136	-0.2946341465
0.0331862474597	0.55264255974	-0.832757362773
0.533752774927	0.694646889985	0.482258911841
0.844989111969	-0.460490916259	-0.27192177621
0.00675231813362	0.55213063901	-0.833730274738
0.448895155841	0.743347459085	0.495910975915
0.893558925092	-0.37760603072	-0.242829450742
0.0116981195603	0.553312593441	-0.832891528484
0.43081712101	0.748884798087	0.503555518178
0.902363414887	-0.364714580985	-0.229615994473
-0.0438075125968	0.549289457518	-0.834483038046
0.530058316904	0.720802415517	0.446634128019
0.846828807733	-0.422758743837	-0.322732006236
0.0010846970307	0.525414165243	-0.85084592669
0.485025312885	0.743788731178	0.459922572241
0.874499446463	-0.413180688753	-0.25403238447
0.72174217533	-0.682324040604	0.116284675529
0.688179742622	0.689394854179	-0.226148989583
0.0741408389118	0.24324602208	0.967126934555
0.724583852873	-0.685925120709	0.0669698998039
0.674901550414	0.686525109117	-0.270538666631
0.139592750341	0.24122603855	0.960376937545
0.703390054362	-0.697053348527	0.139136850043
0.70942875196	0.676277151871	-0.198393705211
0.0441959231635	0.238255840816	0.970196307416
0.67940181565	-0.720239932402	0.140241250873
0.730099504129	0.644461187801	-0.227210226023
0.07326583612	0.256757108009	0.963694922819
0.736839043161	-0.672573509734	0.0686520468947
0.662689623315	0.698422895567	-0.270273801732
0.133830836093	0.244643288803	0.960332738856
0.679533674167	-0.732160992449	0.0466289938772
0.713856153662	0.645206017604	-0.272247282056
0.169243534037	0.218287589761	0.961096849381
0.693954976501	-0.71016227892	0.118726706177
0.71557534048	0.661941844245	-0.22312536784
0.0798650440278	0.239796862523	0.967532448934
0.655689501936	-0.749888970973	0.0879648491475
0.750535473702	0.634653031975	-0.184152215663
0.0822665557	0.186767414268	0.97895359807
-0.20529332054	-0.92424847435	0.321899338013
-0.947986083737	0.269539000965	0.169325056616
-0.243262843841	-0.270394799169	-0.931509247724
-0.157957365536	-0.93235586735	0.325210035097
-0.954863475287	0.228128832624	0.190243753515
-0.251564651478	-0.280480799354	-0.926307192437
-0.156944145355	-0.946891493766	0.280652045827
-0.974858291118	0.194044939011	0.109536512907
-0.158178329844	-0.256404825334	-0.953539242771
-0.13005128795	-0.930658207961	0.3419964391
-0.980425642558	0.172131005866	0.0955833907561
-0.147823624014	-0.322871375517	-0.934827026483
-0.140885877609	-0.933615581226	0.329413695336
-0.954356328677	0.216580676733	0.205662323992
-0.263354198932	-0.28540311857	-0.921515097535
-0.156335055848	-0.933329768519	0.323195200712
-0.950135536532	0.231498114669	0.208928809538
-0.269818562716	-0.274416341409	-0.922981051256
-0.12496382989	-0.939083298501	0.320166572725
-0.98499019986	0.156151645199	0.0735594713849
-0.119073011185	-0.306168659611	-0.944501153877
-0.168041638612	-0.929582208718	0.32808403351
-0.974332720364	0.20719433265	0.0880136341955
-0.149793076733	-0.304873034248	-0.940539639201
0.0645694526153	0.936776232627	0.343921982047
0.828608763126	-0.242384376976	0.504637490589
0.55609311938	0.252392094213	-0.791871880669
0.0627454451691	0.922833334538	0.380050582394
0.864076685043	-0.240787533307	0.44202783741
0.499430967078	0.300658882036	-0.812506465396
0.0163470937701	0.937903542323	0.346507726316
0.876031179233	-0.180485892379	0.447204292615
0.481975136404	0.296241880257	-0.824582801218
0.0546377094157	0.923268616223	0.380242122795
0.864040195965	-0.234572001131	0.445424581525
0.500443352845	0.304209763763	-0.810556557194
0.0819134257128	0.933938585006	0.347920992371
0.818160198413	-0.262362283697	0.511644474889
0.569125809666	0.242744512583	-0.785602394417
0.0338428244064	0.919098407045	0.39255763556
0.882616668955	-0.211742150161	0.419689081427
0.468861594453	0.332278840062	-0.818375427358
0.084917348045	0.939089448346	0.333009640987
0.872817666425	-0.231310405134	0.42974246507
0.480597268159	0.254165837815	-0.839295349975
0.0609854214532	0.93802974209	0.341149008304
0.887582874147	-0.207314617581	0.411362894536
0.456595099002	0.277710267067	-0.845222570723
0.943956368952	0.034173950245	-0.328295849181
-0.00113431523147	-0.994277783631	-0.106761163339
-0.330067776061	0.10115025355	-0.938515733163
0.944154651093	0.0640667858033	-0.323213892217
0.0121849248617	-0.987029153228	-0.160053402497
-0.329276936289	0.147176801846	-0.932688596089
0.939036882658	0.0339630825907	-0.342134674599
-0.0129228045702	-0.990917601515	-0.133835089605
-0.343573322108	0.130097421606	-0.930069170854
0.934536438223	0.0429286698845	-0.353268500291
-0.0171903685632	-0.986090694195	-0.165303771753
-0.355451818429	0.160555208664	-0.920799584011
0.952052886916	0.0712798759747	-0.297513615181
0.0304741934347	-0.989735109451	-0.139608025748
-0.304411720326	0.12384771536	-0.944452239957
0.951192926408	0.00412162963231	-0.308570532814
-0.0197535947717	-0.99706223388	-0.0742103269884
-0.307965188041	0.0766836964896	-0.948317871377
0.927678797767	0.0669007457848	-0.367337049029
0.00360045680397	-0.985376386931	-0.170367419836
-0.373362095139	0.156723677995	-0.914353822904
0.936261098046	0.0453934439937	-0.348359741025
-0.0189136775663	-0.983664040992	-0.179010513685
-0.35079530602	0.174189340808	-0.92010773592
0.806015750636	0.214609707415	0.551616976274
-0.565572803199	0.00442434618106	0.824686520241
0.174545178427	-0.976689882137	0.124943502224
0.815830836159	0.1473749144	0.559196458957
-0.563700331934	-0.013176303947	0.82587427107
0.12908129563	-0.988992927398	0.0723256543208
0.806909888537	0.125525138469	0.577182702343
-0.578943871765	-0.0257041411775	0.814962142111
0.117134220521	-0.991757399439	0.0519310836331
0.801863713448	0.128710214512	0.583479444769
-0.586237620098	-0.019290211791	0.80990945401
0.115499067392	-0.991494604924	0.0599866512666
0.832167764833	0.184364960887	0.522978372877
-0.53444351127	0.015155876928	0.845068321861
0.147874780005	-0.98274101194	0.111144884462
0.863244270693	0.115825397154	0.491318439767
-0.501672859112	0.0889152535367	0.860475704799
0.0559792310751	-0.989281847348	0.134862039493
0.799800139373	0.162410806417	0.577877549193
-0.580028612615	-0.0387684372133	0.813673024049
0.154552710912	-0.985961313377	0.063195917125
0.869449131222	0.121970978243	0.478728823473
-0.481911006706	-0.00385890248716	0.876211659995
0.108719766249	-0.992526156815	0.0554240391421
0.170752811338	-0.694025282507	-0.699408600606
0.984332735892	0.0884834250324	0.15251149162
-0.0439607599157	-0.714492545284	0.698260593535
0.145297057909	-0.718030641671	-0.680676717132
0.988025893573	0.0692124123191	0.137893107147
-0.0519001854651	-0.692561674504	0.719489199237
0.224277775346	-0.669765717223	-0.707893600158
0.973609321878	0.1225090362	0.192552351688
-0.0422416081942	-0.732397026087	0.67956621221
0.203213007896	-0.700895387437	-0.68370325623
0.977716069911	0.107682620506	0.180210307031
-0.0526856085468	-0.705088734836	0.707159181191
0.115116387897	-0.690603310567	-0.71401350512
0.993316357631	0.0739389829543	0.0886320558483
-0.0084161584713	-0.719444296033	0.694499152963
0.139383958478	-0.681347742855	-0.718566186438
0.982779666604	0.00628604871483	0.184674338211
-0.121310502003	-0.73193287779	0.670490882921
0.0903996053978	-0.674299777609	-0.732903597088
0.993448435206	0.00939303418788	0.113894404687
-0.069914800258	-0.738397954188	0.670731218872
0.230249282943	-0.679051809383	-0.697046551377
0.972086973118	0.12731388589	0.197073783927
-0.0450796107659	-0.722965974159	0.689411360234
-0.434950963593	0.384375015274	-0.81429327513
-0.869037648662	0.0575998574924	0.491381564567
0.235777979243	0.921378382871	0.308983227733
-0.425925793728	0.339954820184	-0.838461657601
-0.871667626591	0.0941534335486	0.480968489439
0.242451602978	0.935716762335	0.256225228216
-0.464209573921	0.415485991616	-0.782228154548
-0.859492288451	0.00203905637933	0.511144660905
0.213968458168	0.909597300484	0.356160441658
-0.45766743843	0.418749218833	-0.784340184725
-0.848086172688	0.0593097972248	0.5265283835
0.267002392017	0.906163002259	0.327991307995
-0.460071420301	0.365957117535	-0.808955877128
-0.831573003076	0.141698500631	0.537036159993
0.311160028873	0.919780889512	0.239128663566
-0.46592340217	0.382657477753	-0.797802369796
-0.838711490734	0.0962845642056	0.535996555646
0.281919140614	0.918859361966	0.276078001293
-0.524638839208	0.40446595206	-0.749107057828
-0.821447363951	-0.00943882714981	0.570206224247
0.223558311682	0.914504348561	0.337199464177
-0.478837095518	0.409836874813	-0.776368972063
-0.823890431315	0.0956215827644	0.55862427039
0.303182456494	0.907132986019	0.291873513625
-0.272588451293	0.904040189653	0.329251959027
-0.190709529252	-0.386190321406	0.902489274286
0.943040504158	0.183216675661	0.277680115211
-0.286882950339	0.877513102341	0.384277194699
-0.226191782307	-0.451845559446	0.862944324258
0.9308788776	0.160643656495	0.328113012231
-0.214398420605	0.895329890099	0.39040714166
-0.169533702288	-0.427746063048	0.887857908634
0.961920824263	0.12416815224	0.243496647213
-0.236792564191	0.878159205961	0.415650884469
-0.188054297519	-0.461154449663	0.867163258001
0.953186671098	0.127172889515	0.274339583339
-0.234385806366	0.887822898415	0.396022423894
-0.164672759983	-0.437742521139	0.883891581026
0.958095058591	0.141957549777	0.248800907777
-0.243418896526	0.892653795934	0.379363229954
-0.173725780987	-0.424928987014	0.888400096008
0.95423614093	0.15034818978	0.258512708386
-0.240577946966	0.879085322859	0.41149866339
-0.123071486114	-0.448155585441	0.885443317094
0.962795702184	0.162374424138	0.216006761927
-0.250336857824	0.891294821363	0.378054237065
-0.183711484808	-0.427124356439	0.885333204298
0.950569069085	0.152178624301	0.270666058766
0.154895527796	0.77686458049	-0.610317759839
0.660751573421	-0.540729608214	-0.520592901648
-0.734447889653	-0.322631422223	-0.597070610786
0.17587288213	0.778225045836	-0.602853396335
0.661108594573	-0.547118690333	-0.513412374314
-0.729384580054	-0.308257389124	-0.610713550656
0.11175154524	0.747274845607	-0.655052992771
0.624302536018	-0.565654463235	-0.538781796546
-0.773149702022	-0.348740284295	-0.529739655662
0.130442033253	0.739002487974	-0.660959436034
0.638845405893	-0.572467377917	-0.513975318256
-0.758200897311	-0.355203326526	-0.546785847796
0.114694818595	0.792447548688	-0.599059215848
0.616199773134	-0.529758262024	-0.582798386534
-0.779193750683	-0.30229621621	-0.549066509352
0.171151228277	0.799096431357	-0.576326567484
0.633829261881	-0.53714392331	-0.556540360398
-0.754299599481	-0.270039995856	-0.598423618477
0.101130911319	0.782691883023	-0.614138464644
0.604793118413	-0.53850934748	-0.586713844718
-0.789935390666	-0.312091762008	-0.527826655707
0.143948466186	0.741465298513	-0.65536647018
0.62526407657	-0.581462873457	-0.520519466345
-0.767020751796	-0.334850550835	-0.547310827338
-0.157993925342	0.456338071013	-0.875667413378
-0.930830902671	-0.364778160142	-0.0221505563169
-0.329532524252	0.81159865787	0.482406368802
-0.136853590648	0.51110183881	-0.848555213003
-0.922640982406	-0.377562912369	-0.0786116876962
-0.360561585216	0.772153540575	0.52323439273
-0.158522597666	0.411124184836	-0.897690079908
-0.911311641228	-0.410816590058	-0.0272177950974
-0.379975877504	0.813760788224	0.439785978282
-0.134708456944	0.432255521811	-0.891632673707
-0.916409477197	-0.396607030891	-0.0538197849423
-0.376891670194	0.80985064241	0.449549352302
-0.10668963434	0.478928382303	-0.871346620575
-0.939016466234	-0.336658312583	-0.0700661453788
-0.326902745024	0.810733490866	0.485639583611
-0.121233755349	0.488349048123	-0.86418613749
-0.927130522504	-0.366708533977	-0.0771619267517
-0.354586332612	0.791858684296	0.497220675443
-0.136778155562	0.413397228557	-0.900219111894
-0.924766385716	-0.379052543557	-0.0335600810239
-0.355103998636	0.827902094822	0.434141984264
-0.167346716528	0.425283107458	-0.889454513473
-0.917169984878	-0.398099065307	-0.0177855268865
-0.36165490715	0.812804641128	0.456677492971
0.910754956801	0.106075319163	0.399090764307
0.134593101851	0.837418481232	-0.529731053816
-0.390397372461	0.53617004682	0.748406026458
0.912481838394	0.191976764715	0.361278031608
0.0425483747486	0.833747856841	-0.550503539018
-0.406898673037	0.517696274348	0.75261147785
0.951174272139	0.108171975663	0.289078409979
0.0710871279745	0.834622931278	-0.546215324607
-0.300356660774	0.540095717702	0.786182224094
0.947864122188	0.151485789011	0.280367011177
0.0257361022778	0.84052808482	-0.541156344979
-0.317633843077	0.520158237846	0.79280776156
0.930457138277	0.123075756492	0.34511139011
0.0842709869764	0.844760707698	-0.528467356198
-0.356578061823	0.52079910136	0.775641915142
0.924356908034	0.164837673574	0.344082617603
0.0473397674847	0.845330103362	-0.532142802591
-0.378580576338	0.508178666716	0.773583343478
0.950235679729	0.153928888651	0.270846912798
0.0172819901872	0.842018619587	-0.539171565427
-0.311052223507	0.517020832644	0.797455937786
0.945881674182	0.152989847801	0.28618519251
0.023628659762	0.847084227015	-0.530933138309
-0.323650342778	0.508962098183	0.797626501783
-0.021794089984	-0.833130297486	-0.552647200604
-0.0449788135034	0.553035866767	-0.831942448635
0.998750182609	0.006725988108	-0.0495261263929
-0.0898921210478	-0.899971434016	-0.426580376815
-0.0596958744413	0.432413087195	-0.899697349744
0.994160853435	-0.0554106173682	-0.0925951095802
-0.087135979624	-0.844434727025	-0.528523634794
-0.0177830867888	0.531775592648	-0.846698556924
0.996037651179	-0.0643791601897	-0.0613534249961
-0.0502427450574	-0.898616857793	-0.43584796971
0.00537178435895	0.436149648545	-0.899858128386
0.998722611011	-0.0475526043348	-0.0170861919077
-0.0155061608079	-0.846729632658	-0.531797361656
-0.0296992624228	0.532016693484	-0.846212837675
0.999438571648	0.00267245451218	-0.0333967699317
0.000547939259515	-0.890255988738	-0.455460186381
0.00516708830849	0.455456691594	-0.890242948385
0.99998650394	-0.00186560077317	0.00484959196371
-0.100646427115	-0.85620617241	-0.506735906312
-0.010902831595	0.510240690908	-0.859962535181
0.994862511447	-0.081027303913	-0.0606889722223
-0.118727072943	-0.864071723144	-0.489166522373
-0.0219582040566	0.494815494935	-0.868720576136
0.992684071909	-0.0923994555761	-0.0777214456871
0.938784626978	-0.148593576614	0.310810830943
-0.026557601977	0.868296580996	0.495333968262
-0.343479427942	-0.473266304871	0.811197192849
0.93848117667	-0.0878719076412	0.333963483653
-0.115207417299	0.832010664276	0.542665186139
-0.325546204963	-0.547756132869	0.77070285168
0.899874126677	-0.196834541753	0.389207810331
-0.0410802065289	0.850153794	0.524929465402
-0.434210747313	-0.488359181534	0.756945399279
0.910670523748	-0.183880533281	0.369955601937
-0.0353802919418	0.857485391048	0.513290405399
-0.411615637296	-0.480527579659	0.774380923196
0.891053583834	-0.179943040786	0.416706147511
-0.0714088388061	0.851054141426	0.520199602916
-0.44824579088	-0.493282222674	0.745485319152
0.90133190114	-0.140979549248	0.409543127487
-0.107132440765	0.843599651715	0.526177034722
-0.419670640757	-0.518135501994	0.745259794669
0.935485449096	-0.10840302787	0.336326860983
-0.0799348809493	0.862192628093	0.500234230598
-0.34420544545	-0.494846091429	0.797903474773
0.949208179938	-0.0797735324261	0.304368223942
-0.0972576087472	0.845570749461	0.524929584316
-0.299240354501	-0.527869580933	0.794864089099
-0.950913728655	-0.281317277268	-0.128920141598
0.257369743272	-0.950284307026	0.175263472709
-0.171815682193	0.133480557117	0.976044195774
-0.956880814191	-0.251348702673	-0.14561406542
0.237434641953	-0.965557795657	0.106411725378
-0.167345203649	0.0672494919061	0.983602100955
-0.975661672915	-0.19027655908	-0.1089855622
0.178901825463	-0.978125352804	0.106130349817
-0.126795735533	0.0840496601485	0.988361517133
-0.954113434951	-0.248905785888	-0.166463169372
0.234423525125	-0.966773405571	0.101937698556
-0.186305361903	0.0582373872228	0.980764336952
-0.971078029493	-0.234882483172	-0.0428475049866
0.225519677711	-0.961269828538	0.158427994591
-0.0784000290168	0.144183125239	0.986440393365
-0.980340156996	-0.180122047221	-0.0805460883798
0.169124797428	-0.977354708788	0.127173213024
-0.101628869635	0.11105076011	0.9886047201
-0.951758490059	-0.231274743548	-0.201659252518
0.200820977816	-0.966388339444	0.160509149037
-0.232003008598	0.112268628977	0.966214435919
-0.947032820616	-0.232623402974	-0.221386362227
0.207929502228	-0.969558059207	0.129302693095
-0.244726155313	0.0764213106897	0.966575830488
0.20610790832	-0.11296219515	0.971987412365
0.293691089877	-0.940378645861	-0.17156533331
0.933416054637	0.320824971494	-0.160643938642
0.172236466578	-0.0855376542323	0.981334949706
0.290222372044	-0.947597155221	-0.1335345898
0.94133200762	0.307804843393	-0.138386214874
0.161168860201	-0.158706286448	0.974082528535
0.225232443315	-0.955024681491	-0.192867509425
0.960882305089	0.25047922939	-0.118174294133
0.196760661617	-0.0867839422116	0.976603039266
0.250177573036	-0.95865782562	-0.135593659855
0.947995849611	0.271003701114	-0.166914460979
0.179064466611	-0.119268987287	0.976581343795
0.29631093521	-0.939997255635	-0.169132160079
0.938155659819	0.319657264221	-0.132979695104
0.190455741257	-0.14661830399	0.970685282945
0.29324341085	-0.93514321587	-0.198786391583
0.936875203848	0.322507054839	-0.135108776394
0.196510824078	-0.0922329209964	0.976153974278
0.24637486709	-0.958979187552	-0.140208187585
0.94904315923	0.26805223238	-0.16572591398
0.166878445272	-0.140147999998	0.975966050141
0.229958711985	-0.957015474306	-0.176746861116
0.958785786145	0.253927155359	-0.127476610157
-0.376538360653	-0.239728374051	0.894845887627
0.84146325512	-0.492545247259	0.222123303739
0.387502833809	0.83661788079	0.387184803684
-0.341485488467	-0.221384662774	0.913442125444
0.84891749582	-0.489767984239	0.19866160643
0.403394063835	0.843277047991	0.355185953081
-0.350042044105	-0.216638461816	0.911338777687
0.850011451972	-0.482291288819	0.21183878314
0.393638314153	0.848800869102	0.352967383058
-0.321427965257	-0.246470550704	0.914295567411
0.871176501107	-0.45538562042	0.183508855065
0.371127499479	0.855497670134	0.361092981846
-0.340526004927	-0.249707911378	0.906470047713
0.862146939868	-0.467603278076	0.195063507499
0.375159489394	0.847934594692	0.374516029807
-0.353352983223	-0.21943904427	0.909389006411
0.84805426034	-0.485492991162	0.212369337418
0.394899772917	0.846252485849	0.357646459048
-0.339902021631	-0.282108029069	0.897151945636
0.856088528691	-0.487727885588	0.170979155887
0.389331458613	0.82615767299	0.407289193618
-0.333006236971	-0.247291313107	0.909919673997
0.863645149772	-0.467299565895	0.189071752355
0.378449285823	0.848809801266	0.369185645244
0.614976483535	0.49877351241	-0.610760926968
0.182481897043	-0.84353397817	-0.505124533151
-0.767140328652	0.199186897304	-0.609770697898
0.57129064025	0.567871472959	-0.592578315494
0.20929878128	-0.79892632883	-0.563835983082
-0.793612682578	0.198088328436	-0.575273990908
0.636242002901	0.504318978567	-0.583830897093
0.183456104178	-0.833951598102	-0.520450540692
-0.749359730959	0.22402516672	-0.623115457654
0.640739935543	0.48318996939	-0.596640483507
0.184919699161	-0.851368461034	-0.490893930268
-0.745155767568	0.204204797674	-0.63485717919
0.626823139931	0.52477162762	-0.575940516102
0.194762182072	-0.821242010724	-0.536310724926
-0.754427220928	0.224000535894	-0.616979153803
0.644406928209	0.528773590118	-0.552393186388
0.202722950966	-0.814667363581	-0.543342111909
-0.737321603594	0.238150657809	-0.632171859389
0.617194021295	0.522327314384	-0.588426363957
0.195420916445	-0.826192037028	-0.528409650532
-0.762156200897	0.211140403542	-0.611994366063
0.613347971761	0.53337107126	-0.582511528933
0.173089797537	-0.810375920524	-0.559760064696
-0.770612939799	0.242500945117	-0.589363608682
-0.427160448798	0.130624377596	0.89469057483
0.786018678414	0.54271032455	0.296040776523
-0.446887670333	0.829700413498	-0.334497586782
-0.410341645168	0.114073283692	0.904768992368
0.793207399268	0.534158468588	0.292398225445
-0.449935179052	0.83765266456	-0.30967121926
-0.325214284167	0.0973504211326	0.940616064384
0.825363936605	0.514689213437	0.232097805833
-0.461530126021	0.851832093095	-0.247733814266
-0.345537342933	0.113906867075	0.931466155448
0.801640398073	0.551834391126	0.22989451153
-0.487828499875	0.82613802714	-0.281991740928
-0.346723527068	0.043589122113	0.936954007493
0.787399604436	0.556338521076	0.26549825255
-0.509690775527	0.829811694065	-0.227217717624
-0.307471076536	0.0504991467895	0.950216525521
0.781850220621	0.58259183212	0.222029305908
-0.542376107249	0.811194561336	-0.218612920822
-0.354647166996	0.0840197717732	0.931217545673
0.779638788659	0.576349332194	0.244917992211
-0.516128664807	0.812872770882	-0.269905740798
-0.321154581121	0.120875568174	0.939280995014
0.810098760807	0.548775025033	0.206363646164
-0.490509621022	0.827185017839	-0.274162752903
0.706027192296	-0.273047194331	-0.653430073129
0.538959309012	-0.391377808713	0.745886319867
-0.459400145875	-0.878788238772	-0.12916207383
0.751038828114	-0.283196378136	-0.596439836402
0.470480542993	-0.404242900014	0.78436960093
-0.463237224002	-0.869705365977	-0.170363716864
0.729211835088	-0.330540622269	-0.599160239087
0.491821711267	-0.355620678605	0.794761168388
-0.475774630891	-0.874229264828	-0.0967557487584
0.728896192473	-0.400144823335	-0.555512778684
0.457623384453	-0.318743494403	0.830050213091
-0.509206406995	-0.859236078508	-0.0492152774833
0.776689048203	-0.220146388347	-0.590160733574
0.468919485276	-0.423481953191	0.775098419733
-0.420557534807	-0.87874832099	-0.225682865322
0.760533423339	-0.252143063195	-0.598341701586
0.48516579663	-0.391744144266	0.78176128042
-0.431512532789	-0.884850510237	-0.175603328978
0.750235490056	-0.317817885164	-0.579774525596
0.48009852719	-0.341043110624	0.808204798663
-0.45459004922	-0.884692819154	-0.103278745865
0.720050187354	-0.327482979139	-0.611786413551
0.516438145796	-0.335964482294	0.787667099248
-0.463486093641	-0.883109685172	-0.0727865759402
-0.995870449335	-0.00905592871865	0.0903811010094
-0.0851237004813	-0.254177739568	-0.96340702847
0.0316971431048	-0.967117954049	0.252351768357
-0.990958685636	-0.0176002564155	0.133103549342
-0.123461853179	-0.270118761345	-0.954887037917
0.0527588351173	-0.962674563571	0.265487430186
-0.994675103675	0.0308887101832	0.0982260284558
-0.102923348534	-0.270076209789	-0.957315801844
-0.00304128419759	-0.962337075934	0.271829315241
-0.997455201669	-0.00980706828459	0.0704594696053
-0.0644818855338	-0.293685563901	-0.953717130431
0.0300466617682	-0.955844181784	0.292320304302
-0.983753561453	-0.0187522311893	0.178569574743
-0.168411471808	-0.248492494647	-0.953884285207
0.0622600623368	-0.968455475088	0.241291170421
-0.99120789364	-0.00254985534812	0.132275079429
-0.127153544531	-0.257778201594	-0.957799576844
0.0365400398668	-0.966199540223	0.255189899965
-0.989892341114	0.0401789127452	0.136038401257
-0.141847395285	-0.282614247568	-0.948690374738
0.000328780884968	-0.958394368536	0.285452043631
-0.992407127155	-0.025751524958	0.120161359504
-0.107087518442	-0.298433451338	-0.94839478268
0.0602839675995	-0.954074032444	0.293426809044
0.72037460533	0.635535640744	0.277767579365
0.295880211619	-0.643800108224	0.705674168316
0.627307961988	-0.426163795742	-0.651819644856
