-0.205686114479	-0.858247454889	0.47021755931
0.693692330592	0.211052736848	0.688656451971
-0.690278347759	0.467833372624	0.551949044039
-0.190317226975	-0.835084284753	0.51615267126
0.702901457339	0.251130158399	0.665479660285
-0.68535310896	0.489456713451	0.539187571872
-0.151924511867	-0.871793502625	0.46571990506
0.687510794346	0.245313099101	0.68348400865
-0.710104111272	0.424025436978	0.56209837162
-0.141632559323	-0.862582269875	0.485687202338
0.69518166426	0.262622642068	0.669142592979
-0.704742991802	0.43241320951	0.562455452997
-0.178160008719	-0.858286273243	0.48125222752
0.698988545178	0.233846676686	0.675818585009
-0.692585046793	0.456793628783	0.55827013347
-0.178151948794	-0.854714100035	0.487571176129
0.706407244532	0.233853552421	0.66805785365
-0.68501872198	0.463439638089	0.562114790818
-0.183005242483	-0.859421798451	0.477392106475
0.689078262584	0.23421363024	0.685795234647
-0.701199115096	0.454464661088	0.54934657666
-0.18669094932	-0.850068802496	0.492472813421
0.697916453222	0.238041801731	0.675461837416
-0.69141815514	0.469807514315	0.548836784295
0.815600599753	0.202373072937	-0.542070844821
0.227942541673	0.748706383017	0.622479677913
0.531825026818	-0.63125580478	0.564515942416
0.800797479844	0.14784176314	-0.580401763113
0.317543384076	0.716847784147	0.620721716813
0.507828310339	-0.681375126906	0.527103725266
0.770428726378	0.237788063179	-0.591520427989
0.258508083115	0.731616939092	0.630801258645
0.58276337452	-0.638900222221	0.502188570181
0.769268095992	0.24124679889	-0.591630443337
0.254524180548	0.733622479083	0.630091662481
0.586040989158	-0.635293667242	0.502949223864
0.785673745151	0.174114632513	-0.593633611442
0.279781240131	0.755833180732	0.59197860164
0.551760117768	-0.631189592654	0.545124277974
0.79789941137	0.208171752036	-0.56570403489
0.290982958615	0.688873336633	0.663914490117
0.527906669055	-0.694347214328	0.489077197478
0.788833626293	0.174160910123	-0.589414529102
0.287830782407	0.74266047325	0.604655986332
0.543042309982	-0.646624619461	0.535706683196
0.789284335577	0.219224741206	-0.573559720222
0.266594355449	0.719111094248	0.641721658284
0.553134422596	-0.659408636516	0.509139043646
0.928868395477	-0.197672104626	0.313255877287
0.0657357739513	0.92024677239	0.385778029253
-0.364530264347	-0.337744902084	0.867782271474
0.939057959862	-0.167154180368	0.300382467834
0.044442263881	0.92551750886	0.376088054481
-0.340873924168	-0.339818803964	0.87654329398
0.960319569338	-0.149198232015	0.235640005242
0.0598153827881	0.935401645273	0.348490863025
-0.272412269343	-0.3205676983	0.90720885454
0.971896796472	-0.134265691915	0.193363234224
0.0500295153474	0.920441591736	0.387665218978
-0.230029702363	-0.367096715302	0.901291481943
0.948429356969	-0.141880322312	0.283463806696
0.0154269346328	0.913839686896	0.405782007431
-0.316612958126	-0.380482590939	0.868901165027
0.955179419883	-0.1622827617	0.247581463361
0.0509115564156	0.913940000664	0.402643376256
-0.29161668191	-0.371991908883	0.881238747632
0.953979617432	-0.156474351001	0.255809824245
0.0488999569297	0.92282094223	0.38211294327
-0.295857538207	-0.35201886978	0.888003958552
0.960033358467	-0.159778134809	0.229797514281
0.0556597393886	0.913631214865	0.402715774619
-0.274295357861	-0.373830107606	0.886009653059
-0.640638032744	0.711872710215	-0.287786799043
0.305630399214	-0.107419288328	-0.946071820098
-0.704396235317	-0.694045440989	-0.148753588501
-0.668184834666	0.704866167676	-0.238101281035
0.288726654422	-0.0492799754601	-0.95614229765
-0.68568611871	-0.707626214886	-0.170585289876
-0.545184432083	0.798942952717	-0.253897168945
0.286803513134	-0.106832040727	-0.952013881228
-0.787729242157	-0.591841907522	-0.170896326375
-0.53840732881	0.815729776821	-0.211429958908
0.30240512868	-0.0471563618117	-0.952012350998
-0.786555042235	-0.576507857284	-0.221291602967
-0.625833157881	0.740401127611	-0.245232417462
0.24429915217	-0.112513534443	-0.963150334645
-0.740709587214	-0.662681532193	-0.110464622043
-0.646511626925	0.720961212585	-0.249473225972
0.284901827047	-0.075184183397	-0.955603366476
-0.707709622285	-0.68888444243	-0.156795358837
-0.599350739546	0.755716213611	-0.263954795398
0.26925910416	-0.120201392133	-0.955537266307
-0.753842599191	-0.643773979716	-0.131440895126
-0.595015208269	0.763923649002	-0.249755060078
0.310952309776	-0.0677404728895	-0.948008390891
-0.741124545933	-0.6417413082	-0.197237225169
0.552190920351	-0.745197540317	0.373852658039
0.564556771721	0.664180880853	0.490040208977
-0.613482547039	-0.0595347026169	0.787460971743
0.569282998614	-0.724959114673	0.387751404449
0.540789743779	0.68543998418	0.487563824182
-0.61924415429	-0.0678698142117	0.782259782146
0.527947484742	-0.741110621817	0.414760773996
0.574857951276	0.671328410174	0.467821014482
-0.625147813937	-0.00855639912616	0.780459479276
0.57436884132	-0.726322411918	0.37756613436
0.554470182038	0.684506771715	0.473300427887
-0.602215284679	-0.0624998540252	0.79588348272
0.565235798103	-0.712488941573	0.41577397712
0.547828980066	0.701029371264	0.456553642841
-0.616759191673	-0.0302874285558	0.786568986707
0.542182529171	-0.737735374164	0.402224606064
0.570616142559	0.674650624102	0.468234728566
-0.616794401618	-0.0243528415354	0.786747488299
0.565012788585	-0.712978839121	0.415236948358
0.548329056062	0.700527625055	0.456723431108
-0.616519095076	-0.0303680952811	0.786754081012
0.530988865049	-0.757698098779	0.379400071466
0.530323584914	0.646354842512	0.548618548066
-0.660914304888	-0.0901055331524	0.745032397526
0.244559437493	-0.951043845455	-0.188961007453
-0.777550817768	-0.0759209042748	-0.624220080593
0.579314581298	0.299585692665	-0.758052092284
0.22871309645	-0.951253233458	-0.206899897363
-0.792963741328	-0.0587551494144	-0.606429126479
0.564711241815	0.302762392543	-0.767747393581
0.194520079495	-0.965659519818	-0.172230933102
-0.795345684674	-0.0525072955915	-0.603877510666
0.574096720425	0.254449401261	-0.778246848526
0.197898447296	-0.9594584037	-0.200688181569
-0.801182978265	-0.0403672338507	-0.597056348244
0.564749510835	0.278944473347	-0.776690353072
0.283418650132	-0.9393054016	-0.193337261242
-0.782919443405	-0.110205577643	-0.612284228906
0.553815022546	0.324900283709	-0.766634781001
0.265556356522	-0.938753954069	-0.219592405518
-0.794120005266	-0.0838342080707	-0.601951183277
0.546674700419	0.334234683317	-0.767746001429
0.257844431237	-0.951102378335	-0.170060326801
-0.73846757647	-0.0804960451006	-0.66946697048
0.623042444243	0.298202367508	-0.723113725239
0.224451969346	-0.953954820276	-0.198976448525
-0.803053860307	-0.0654036209893	-0.59230652426
0.552019858013	0.292733192699	-0.78075707689
0.947142805068	-0.191954723513	0.257048451367
-0.0985419144393	-0.936581841357	-0.336310140404
0.305303149882	0.293203689542	-0.905992350512
0.942199992696	-0.216437825255	0.255761347304
-0.128403970293	-0.938325019817	-0.321028695127
0.309469900618	0.269632472972	-0.911881321276
0.947401063329	-0.174233602261	0.268465750469
-0.0849561783424	-0.945642509342	-0.313914050646
0.308567099823	0.27459467452	-0.910704924995
0.950361261842	-0.171313224927	0.259740664807
-0.0750649111428	-0.936357678306	-0.34292575733
0.301958098259	0.306405931551	-0.902737644828
0.956795812497	-0.159574430736	0.243059160542
-0.0734323228917	-0.941460231352	-0.329028092316
0.281335117649	0.296964295217	-0.91250311248
0.942985150581	-0.217889895115	0.25160078299
-0.131720994983	-0.938524116488	-0.319093276351
0.305660824894	0.267759095342	-0.913714946522
0.946509174589	-0.163590717724	0.27813387602
-0.069172057918	-0.944787055589	-0.320300498813
0.315175510341	0.28392826596	-0.905565517113
0.934981935695	-0.228781871606	0.271049255476
-0.134513177086	-0.935798332473	-0.325867433252
0.328199708806	0.268220495281	-0.905728759339
-0.995604122739	0.0868800468975	0.0349888544595
-0.0769390053815	-0.545609581943	-0.83450016216
-0.0534111592854	-0.833523838078	0.549895666481
-0.994028748542	0.104526279322	0.0313859872849
-0.0870499109711	-0.585907440758	-0.805690974409
-0.0658265620141	-0.803610533887	0.591504681401
-0.993891978854	0.0775060311414	0.078446255525
-0.1088440537	-0.5751602455	-0.810758690267
-0.0177192506442	-0.814352194696	0.580097230093
-0.993981095743	0.0676418504901	0.0861258619303
-0.108875777643	-0.525658912607	-0.843695603344
-0.0117961465543	-0.847998105023	0.52986607869
-0.996725925044	0.0719757210568	0.036729976506
-0.0704825092002	-0.552080139587	-0.830803012345
-0.0395197607865	-0.830674981568	0.555351707294
-0.995192562705	0.0791332042656	0.0575113846811
-0.092329748825	-0.565562895939	-0.8195098876
-0.0323239983169	-0.820889258289	0.570167707875
-0.997765111695	0.0637877884591	0.0191345980503
-0.0522917245245	-0.572498620564	-0.818222142493
-0.0412382146231	-0.817406274116	0.574578152929
-0.993618557157	0.0689524625197	0.089293709496
-0.111471840297	-0.478155509219	-0.87117479523
-0.0173734701183	-0.875566703876	0.482786261516
-0.991984226599	0.0438010037592	-0.118553513482
0.0480114795914	0.998304999649	-0.0328942358485
0.116911767229	-0.0383223824195	-0.992405765958
-0.992174153847	0.00755075611325	-0.124634434015
0.00541567955317	0.999832884142	0.0174606480327
0.124745446711	0.016649020898	-0.99204923831
-0.981358731014	0.0271436036066	-0.190249340214
0.0121281309486	0.996749138685	0.0796495907276
0.191792844258	0.0758575879305	-0.97849766573
-0.983810548222	0.00729444772683	-0.179064771537
-0.00507031790234	0.99763841752	0.0684973026853
0.179141545292	0.068296263669	-0.981450214008
-0.985491534826	0.0415791480209	-0.164535599717
0.0447179472412	0.998880679984	-0.0154171711666
0.163710397712	-0.0225512399239	-0.986247788056
-0.980436241131	0.0281443502891	-0.194801607527
0.0270565748352	0.99959991579	0.00824312437188
0.194955668054	0.00281120757435	-0.980805473753
-0.983325400734	0.0138229827376	-0.181331492073
-0.00797618581184	0.992869383618	0.118940200237
0.181682595008	0.11840319219	-0.976203433539
-0.990381510123	0.0184059577544	-0.13714317845
0.0121078962941	0.998839462407	0.0466168283091
0.137842045558	0.0445078706906	-0.989454993922
-0.857240280866	-0.246723850669	-0.451959331372
-0.513466169537	0.343739288802	0.786254459405
-0.0386314437178	0.906074458146	-0.421351748717
-0.866781303542	-0.276139038524	-0.415254907159
-0.494036662302	0.362027137927	0.790483311753
-0.0679498551765	0.890327648263	-0.450220947293
-0.84995713022	-0.295801761312	-0.435975699287
-0.519589277667	0.333698201716	0.786557508653
-0.0871807025482	0.895068181699	-0.437324768891
-0.862358299082	-0.262114999537	-0.433166066332
-0.502786187177	0.342769073019	0.793545866361
-0.0595244822638	0.902111256471	-0.42737724811
-0.890779230659	-0.251714943264	-0.378349454608
-0.451135156963	0.389722184387	0.802865190652
-0.0546424067581	0.88586400285	-0.460712886683
-0.86640378888	-0.249121762348	-0.432762341233
-0.499339244795	0.428278589432	0.753151975144
-0.00228365313594	0.868628762235	-0.495458571785
-0.89909003832	-0.224056573223	-0.376077550352
-0.432574094843	0.32285177982	0.841811065771
-0.0671961632373	0.919546012976	-0.387193440427
-0.890553801415	-0.250808350913	-0.379488261117
-0.447818897835	0.336975031757	0.828194934266
-0.0798398644464	0.907493132489	-0.412411791569
0.868373056421	-0.0261402134967	-0.49522209395
-0.47941995088	0.211135942815	-0.851808730677
0.126825643291	0.97710710375	0.170812624731
0.87823106531	-0.00397586797289	-0.47822002389
-0.467753267595	0.201084376213	-0.860681109937
0.0995845340892	0.979565865485	0.174738819586
0.886712858477	0.0277206582366	-0.461488755751
-0.455710977188	0.220593388404	-0.862360749355
0.0778961606741	0.97497185696	0.208235602261
0.884317013305	0.0242634879237	-0.466256047057
-0.460296981242	0.212503937569	-0.861956352667
0.0781671754847	0.976858919188	0.199089258391
0.897727714958	0.0197663447507	-0.440107079329
-0.431405064588	0.241940846693	-0.869111210344
0.0893007273656	0.970089643957	0.225724304747
0.900065062137	0.0160290742705	-0.43546062043
-0.432853078987	0.14803631343	-0.889226324112
0.0502105086475	0.988852017372	0.140180548144
0.882161015446	0.0170569406411	-0.470638930304
-0.465216839168	0.1869921474	-0.865220910086
0.0732477610282	0.982213312612	0.172892359032
0.914652913774	0.0118220778957	-0.404067180282
-0.396876781729	0.216176904334	-0.892051775214
0.0768040873348	0.976282637361	0.202418743509
0.225114567843	0.66146730891	0.715391107408
-0.350559507696	0.74005347897	-0.573958954831
-0.909082762393	-0.121580629667	0.398480471598
0.233149054094	0.638438654547	0.733510444203
-0.365521805878	0.756519998611	-0.542283404894
-0.901130011043	-0.141681213208	0.409745180577
0.213960249524	0.6729651003	0.708052948176
-0.369959780682	0.726668481576	-0.578863261735
-0.904074534715	-0.138097389137	0.404448192908
0.23257281668	0.62991428981	0.741024856712
-0.329679930113	0.767868674313	-0.549262079843
-0.914997811173	-0.116557608792	0.386255488056
0.230679885497	0.641601507777	0.731528733399
-0.320473844891	0.75995605025	-0.565476183387
-0.918740059707	-0.103991848024	0.380923078733
0.227805501395	0.674498198464	0.702251267782
-0.312205137774	0.733733610147	-0.603459148985
-0.922297465453	-0.0817751356784	0.377730353424
0.22880114677	0.629726999097	0.742357030278
-0.369262284942	0.761736373117	-0.532356148198
-0.900719389552	-0.152320747807	0.406820581273
0.212901489709	0.629207735678	0.747509597791
-0.349996144155	0.763393207338	-0.542893650176
-0.912236631858	-0.146042602303	0.382747827853
-0.481635231593	0.77825021692	0.402925266362
0.847339570004	0.296192530581	0.440775571595
0.223691357709	0.553709356318	-0.802098272282
-0.484679669201	0.771153398728	0.412800644975
0.833323248601	0.26368512615	0.485840191655
0.265808766227	0.579474558644	-0.770422316495
-0.490581214483	0.781151692233	0.386169233656
0.824475328288	0.272648836185	0.495883450176
0.282072820997	0.561660036709	-0.777795893591
-0.496086446045	0.767555406288	0.405894261288
0.829660585121	0.281197807311	0.482273622316
0.256036650824	0.576006277364	-0.776307893842
-0.427575305256	0.786234742518	0.446107305735
0.867806500311	0.218802763578	0.446134316003
0.253157414644	0.577891754185	-0.775853890626
-0.484317849296	0.772063929063	0.411508089769
0.814297157747	0.225820508528	0.534712652393
0.31990898298	0.59406630201	-0.738055806066
-0.466154028173	0.792871914914	0.392489182877
0.845127605012	0.267887906892	0.462592704347
0.261635172295	0.547345234207	-0.794954035543
-0.5065094302	0.749610686025	0.426076005373
0.843035125455	0.326822118696	0.42718027579
0.180966074739	0.575564966074	-0.797487733258
-0.809087828664	0.574976569347	0.121569561367
-0.557787054845	-0.816455256729	0.149247259886
0.185069757109	0.0529441955099	0.981298171076
-0.810257075093	0.564399257938	0.15791479424
-0.535912140568	-0.822573575777	0.190186811491
0.237237817797	0.0694717447008	0.968964342359
-0.826729070592	0.558556013622	0.0673336141455
-0.544927961311	-0.82476609137	0.151043053645
0.139900510822	0.0881797409832	0.98623130009
-0.833875809493	0.550629265845	0.0381977519191
-0.530535690248	-0.818688858624	0.219729270076
0.152261413465	0.162961597776	0.974812795768
-0.790388740627	0.603067104153	0.107682307682
-0.59250413961	-0.797210147595	0.115735029528
0.155641434214	0.0276734602692	0.987425907072
-0.824364578892	0.549826798829	0.134587189459
-0.517157258597	-0.8282218886	0.215863504819
0.23015557816	0.108347469382	0.967103530627
-0.808852330992	0.587561728395	0.0230044500828
-0.569629130923	-0.792671463658	0.217243379453
0.145878862768	0.162613800266	0.975846355973
-0.863856738808	0.5017121585	0.0451211518378
-0.489098146381	-0.856818045174	0.163233930827
0.120557088289	0.118942099274	0.985555052447
-0.0669622954056	0.540529994697	-0.838655647087
0.484462885589	0.752422461335	0.446269126502
0.872245196057	-0.376414327058	-0.312250656017
0.0147377479666	0.529420322763	-0.848231666041
0.475658035862	0.742475470365	0.471677452215
0.8795068336	-0.410419672839	-0.240880614555
-0.00420429830429	0.553951373801	-0.832538395567
0.526227107749	0.709173547571	0.469209873001
0.850333661394	-0.436131573399	-0.294485806407
0.0333425376675	0.552378305453	-0.832926462034
0.533900925177	0.694669781737	0.482061924509
0.844889392516	-0.460773376652	-0.271753234966
0.00668837034858	0.551923751906	-0.833867747268
0.448486566619	0.743659130915	0.495813364042
0.893764536897	-0.377294665324	-0.242556520783
0.0117106019214	0.553056186337	-0.833061662012
0.430405652422	0.749202964075	0.503434104013
0.902559611506	-0.364449965668	-0.229264891116
-0.0439678422381	0.549034196125	-0.83464264582
0.530105787502	0.720958101183	0.446326436598
0.84679085304	-0.422824887436	-0.322745176964
0.00111699581886	0.525012459818	-0.851093817625
0.485058333937	0.743981907093	0.459575172268
0.874481093016	-0.413343493141	-0.253830644385
0.721556151293	-0.682456742523	0.116659825458
0.68838642955	0.689144562949	-0.226282775971
0.0740327218313	0.24358276966	0.967050459074
0.724443768938	-0.686050860604	0.0671970639479
0.675023587027	0.686266283842	-0.270890657162
0.139729687954	0.241604651952	0.960261842887
0.703088134139	-0.697264906515	0.13960206613
0.709749046217	0.675986258027	-0.198239457365
0.0438563349846	0.238462242726	0.970161008179
0.679049114846	-0.720484909326	0.140690432235
0.730444017142	0.644063993045	-0.227229209473
0.0731015739282	0.257066277931	0.963624973183
0.736741055782	-0.672659474254	0.0688610976602
0.662773710846	0.698210034205	-0.270617366479
0.133953825202	0.245014249636	0.960221011301
0.679208565571	-0.732453589608	0.0467703157472
0.714097256492	0.644778128268	-0.272628451138
0.169531211387	0.2185701333	0.960981927542
0.693604961821	-0.71043206032	0.1191572027
0.715950540941	0.661601739525	-0.22293038138
0.0795422794013	0.239936282553	0.967524472819
0.655272786209	-0.750216360808	0.0882779320993
0.750916425466	0.634223810118	-0.184077936364
0.0821103116788	0.186910611437	0.978939385455
-0.2051584252	-0.924296054889	0.321849858205
-0.947935495425	0.269491264338	0.169685187114
-0.243575090726	-0.270280537831	-0.931461442993
-0.157642855234	-0.932400866922	0.325233862759
-0.954828843053	0.227935863062	0.190648710146
-0.251893474697	-0.280488277064	-0.926215700854
-0.156479895212	-0.947025543887	0.280456274033
-0.974933451849	0.193576550898	0.109691512678
-0.158170372963	-0.256261746492	-0.953577717101
-0.129581386251	-0.930713345018	0.342025787436
-0.980498124566	0.17167042481	0.0956708786039
-0.147757901944	-0.322958447322	-0.934807984048
-0.140578797504	-0.933672974211	0.329381849775
-0.954279611212	0.216420005353	0.206186375457
-0.263795468798	-0.285336949986	-0.921409146966
-0.156020967288	-0.933402462564	0.3231368392
-0.950071914754	0.231309128176	0.209426648939
-0.270223853062	-0.274328283942	-0.922888538857
-0.124488167084	-0.939173064635	0.320087472459
-0.98506566088	0.155655250431	0.0735974899199
-0.118944016734	-0.306145229313	-0.944524365275
-0.167725232737	-0.929642035231	0.328075777655
-0.974394215807	0.206880093907	0.0880703794081
-0.149746257896	-0.304903535334	-0.940536831914
0.064297089564	0.936824286843	0.343840271882
0.828422809506	-0.242214348455	0.50502262169
0.556400508336	0.252373642265	-0.791660283871
0.0624200885302	0.922860273854	0.380037352851
0.864029535787	-0.240554734147	0.442245121295
0.499552235416	0.300760205085	-0.812393151326
0.0158891134281	0.937966956923	0.346365463361
0.876018359492	-0.180059017136	0.447408977962
0.482019584998	0.296312246537	-0.824537858758
0.0543582942408	0.923298302529	0.380215602482
0.864014032719	-0.234361900389	0.445592046629
0.500523137415	0.304290593516	-0.810481906708
0.0817421211871	0.934015625662	0.347753395898
0.817870849318	-0.262263384791	0.512156567048
0.569565524918	0.242552852702	-0.785341986669
0.0334668020388	0.919107102534	0.392569669282
0.882621311328	-0.211444783173	0.419829410724
0.468879976069	0.332444352321	-0.818297819909
0.0846585623811	0.939176299346	0.33284517914
0.872831799758	-0.231032919339	0.429878247274
0.480627385676	0.254123074306	-0.839302711043
0.0606859730502	0.938083048706	0.341044857986
0.887639160995	-0.206982191617	0.411397162112
0.456517383345	0.277760866316	-0.845239234725
0.944034592206	0.0345122836005	-0.328036049476
-0.000759806222146	-0.994281955527	-0.106793770146
-0.329845676293	0.101066260088	-0.938610396378
0.944229807343	0.0644516423073	-0.322917702222
0.0125724998963	-0.986995175745	-0.160233640072
-0.32904678824	0.147237471345	-0.932760371537
0.93909048188	0.0342340488365	-0.341960755585
-0.0126330293337	-0.990916101745	-0.133894361124
-0.343437818287	0.130058922305	-0.930127461304
0.934585200925	0.0432419987349	-0.35310108883
-0.0169649230362	-0.986033786944	-0.165655928011
-0.355334266253	0.160809902196	-0.920798735233
0.952128192826	0.0717053504527	-0.297170303794
0.0309477371961	-0.989715084188	-0.139656335742
-0.304128401013	0.123773976534	-0.944554696811
0.951283456408	0.00434798623603	-0.308287577221
-0.0194461437205	-0.997070801739	-0.0740675291817
-0.307704375574	0.0764542111356	-0.948412756477
0.927711570738	0.0672335522648	-0.367193293931
0.00387264931835	-0.985327812371	-0.170630500482
-0.37327773607	0.156873881055	-0.914360408395
0.93629601659	0.0457009223711	-0.348225682788
-0.0187205302108	-0.983593114555	-0.179421243487
-0.350712477975	0.174510362329	-0.920078700847
0.806039561101	0.215044208443	0.551412929144
-0.565448291028	0.00457705826058	0.824771060117
0.174838383045	-0.976593600146	0.125285666889
0.815860200649	0.147480894047	0.559125675773
-0.563637431544	-0.0131693761324	0.825917324325
0.129170357203	-0.988977232675	0.0723813806951
0.806941784953	0.125405478892	0.57716411656
-0.578923996868	-0.0256598926396	0.814977640119
0.117012637912	-0.991773670707	0.051894204386
0.801830480011	0.128615531391	0.583545996792
-0.586296972567	-0.0193081245042	0.809866085637
0.115428528733	-0.991506561648	0.0599250511673
0.832319419891	0.184443208887	0.522709370206
-0.53421473174	0.0153911482048	0.84520869102
0.147847906301	-0.982722653489	0.111342631112
0.863471060672	0.115661645628	0.490958364691
-0.501313624583	0.0893040178362	0.860644801226
0.0556990299484	-0.989265994463	0.135094190628
0.799788760682	0.162623294068	0.577833539627
-0.579992882537	-0.0387991888625	0.813697034287
0.154745570205	-0.985925084186	0.06328920018
0.869592255749	0.12192276232	0.478481081267
-0.481648950651	-0.00394723324194	0.876355338702
0.108736348291	-0.992531728139	0.0552914897192
0.170416096077	-0.694138918371	-0.699377946075
0.984390701799	0.0882580123436	0.15226773872
-0.0439692581856	-0.714410022358	0.698344487029
0.144917081571	-0.718213009316	-0.680565305964
0.988081169646	0.0689607892924	0.137622806013
-0.0519101591569	-0.692397651493	0.719646326408
0.224164288701	-0.669852086464	-0.707847823241
0.973634532532	0.122434526513	0.192472255149
-0.0422629349316	-0.7323304952	0.679636582841
0.203089261334	-0.700970004554	-0.683663518508
0.97774355555	0.107633803888	0.180090271698
-0.0526525726217	-0.705021999015	0.707228172655
0.114590460946	-0.690763820968	-0.713942835802
0.993377278485	0.0735978154646	0.0882323476688
-0.00840307934751	-0.719325175582	0.694622689688
0.138993275114	-0.681457719762	-0.718537584116
0.982804217379	0.00585724990507	0.184557793789
-0.121559672227	-0.731834055728	0.670553626769
0.0898662625107	-0.674367905843	-0.732906520776
0.993475495589	0.00881594451689	0.113704455868
-0.0702173788465	-0.738342868312	0.670760257745
0.230175083388	-0.679066846033	-0.697056424282
0.972099593024	0.127184043734	0.197095434994
-0.0451865163066	-0.722974721461	0.689395194728
-0.434463929468	0.384514312217	-0.814487447296
-0.869242449333	0.0578631642467	0.490988182067
0.235920796837	0.921303736209	0.309096725932
-0.425490561448	0.339976318999	-0.838673886093
-0.871835044698	0.0944579046518	0.480605202554
0.242613766161	0.935678261159	0.256212320953
-0.464033684903	0.415620475248	-0.782261082245
-0.859594882294	0.00200360577245	0.510972261306
0.213937884854	0.909535944339	0.35633546749
-0.457397831341	0.418986707452	-0.784370712393
-0.848165095326	0.0594967833702	0.526380221073
0.267213859207	0.906041006271	0.328156170427
-0.459739669552	0.366052415356	-0.809101409387
-0.831589344755	0.14223747499	0.536868398415
0.311606519747	0.919659798371	0.239013065036
-0.465692644004	0.382783491633	-0.797876633229
-0.838731836059	0.0966385239384	0.535900997807
0.282239668546	0.918769704987	0.276048872351
-0.52466359978	0.404534390666	-0.749052795108
-0.82141465833	-0.0094341191957	0.570253446782
0.22362048692	0.914474144662	0.337240182848
-0.478773118371	0.409968581945	-0.776338872133
-0.823826673478	0.0958551080941	0.558678260694
0.303456577839	0.907048812757	0.291850214589
-0.272392349775	0.904225103085	0.328906368145
-0.190865271265	-0.385817952966	0.902615635908
0.943065683969	0.18308877877	0.277679006872
-0.286695767648	0.877597481789	0.384224155009
-0.226371049105	-0.451759426108	0.862942393298
0.93089295274	0.160424705024	0.328180174473
-0.214040730628	0.895488543862	0.390239382735
-0.169569255359	-0.427494510474	0.887972208695
0.961994166127	0.123889642792	0.243348607646
-0.236479919691	0.878220739816	0.415698802101
-0.188079145696	-0.461116231658	0.867178156216
0.953259354459	0.126885979612	0.274219804219
-0.234145176339	0.88793858481	0.395905530632
-0.16468273508	-0.437565464779	0.883977464471
0.958152240694	0.141780219112	0.248681932921
-0.243171904029	0.892781910153	0.37921999004
-0.173788550643	-0.424729706831	0.888483043292
0.954287629391	0.15015005646	0.258437671684
-0.240443257131	0.879098337588	0.41154964601
-0.12293739945	-0.448153921216	0.885462822423
0.96284650599	0.162308739529	0.215829684099
-0.25014098943	0.891407183381	0.377918861954
-0.183803447513	-0.426949194758	0.88539856434
0.950602822154	0.152011705042	0.270641248434
0.154731868634	0.776972554846	-0.610222360942
0.660926901026	-0.540500214706	-0.520609718148
-0.73432507262	-0.322757643048	-0.597154499384
0.175853873347	0.778403706972	-0.602629308656
0.661185808603	-0.546929200459	-0.513517183885
-0.729320054009	-0.308146459684	-0.610848641286
0.111387249382	0.747267334148	-0.655122399855
0.624289421722	-0.565528875121	-0.538926226282
-0.77321183734	-0.348956001186	-0.529504290344
0.130063564747	0.73891458741	-0.66112353032
0.638881900223	-0.572362335299	-0.514026613479
-0.758227543287	-0.35552591229	-0.546520386672
0.114508146953	0.792614490812	-0.598874633246
0.616168947046	-0.529538432225	-0.583031766011
-0.779246036941	-0.302245728566	-0.549021229982
0.171178890772	0.799332148473	-0.575988983745
0.633825129907	-0.536922536758	-0.556754060016
-0.754294967288	-0.269773043618	-0.598545406375
0.100838985499	0.782868817154	-0.613959473099
0.604761913124	-0.538239519455	-0.586990949578
-0.78999547335	-0.312108573384	-0.527723921102
0.143824741366	0.741533225564	-0.655318838773
0.62529683688	-0.581356029877	-0.520604241363
-0.767019015966	-0.334893095962	-0.547291688913
-0.157587283053	0.456327833106	-0.875746060376
-0.930912308524	-0.364552510632	-0.0224443109102
-0.329497385984	0.811705846959	0.482250031642
-0.136428824934	0.51128915587	-0.848510809091
-0.922681355089	-0.377374668348	-0.0790411214119
-0.360619343666	0.772121610236	0.523241737317
-0.158187265467	0.411079901892	-0.897769535512
-0.911296081108	-0.410829424599	-0.0275441426389
-0.380152965516	0.813776714767	0.439603456006
-0.134310987434	0.432249484938	-0.891695514801
-0.916409315188	-0.396555908432	-0.054197016373
-0.377033785465	0.809878838048	0.449379314031
-0.106104832662	0.479098165423	-0.871324665698
-0.939096277564	-0.336329529866	-0.0705732336028
-0.326863743218	0.810769602122	0.485605526492
-0.120799891782	0.48858627159	-0.864112723132
-0.927188312226	-0.366471281867	-0.0775924011412
-0.354583102723	0.791822077399	0.497281209864
-0.136400397239	0.413500605028	-0.900228983976
-0.924819829065	-0.378891157372	-0.0339090840414
-0.355110205032	0.827924387763	0.434094426941
-0.167046443332	0.425328448392	-0.889489302614
-0.917202308797	-0.398011977251	-0.0180670391013
-0.361711809614	0.812823599652	0.456598700399
0.910617276493	0.105650253176	0.399517458854
0.135173737584	0.837435719914	-0.529555923387
-0.390517908158	0.536227040843	0.748302294907
0.912321051963	0.191832364568	0.36176047506
0.0429213615441	0.833804713022	-0.550388459065
-0.407219908813	0.517658229968	0.752463886667
0.951199102802	0.107806446209	0.289133251152
0.0714274590756	0.834616942793	-0.546180077157
-0.300197243252	0.540178052821	0.786186546644
0.947898192872	0.151195065795	0.280408753211
0.0259669197036	0.840603388496	-0.541028340221
-0.317513363308	0.520121137737	0.792880362708
0.930369311481	0.122752063004	0.345463274765
0.0847040489592	0.844819923276	-0.528303434532
-0.356704593849	0.52077944072	0.775596933593
0.924268446072	0.164599161186	0.344434253017
0.047713372447	0.845380853467	-0.532028800416
-0.378749617299	0.508171552253	0.773505266718
0.950262030449	0.153669830806	0.270901560488
0.0174989518	0.842086365093	-0.53905875086
-0.310959577856	0.516987556227	0.797513638202
0.945913657285	0.152648729128	0.286261625884
0.0238935713145	0.847206957529	-0.530725417096
-0.323537401559	0.508860232871	0.797737308378
-0.0214508457755	-0.833144307601	-0.552639535124
-0.0449739252202	0.553011267876	-0.831959072065
0.998757848089	0.00700815624306	-0.0493323357419
-0.0897545595592	-0.900172923296	-0.426184061477
-0.0599111249444	0.43201604332	-0.899873774217
0.99416035085	-0.0552345958511	-0.0927057891839
-0.0872505039861	-0.844505617582	-0.528391584852
-0.017707856559	0.531645325718	-0.846781969206
0.996029034158	-0.0645254479219	-0.061340719569
-0.0502003143866	-0.898860942753	-0.435349273754
0.00558556644801	0.435639349427	-0.900103987793
0.99872357838	-0.0476171501381	-0.0168486007501
-0.0152505868976	-0.846782860427	-0.531720053568
-0.0298003620349	0.531930588414	-0.846263429106
0.999439526186	0.00293943965591	-0.0333466913471
0.000943229301458	-0.890424699041	-0.45512958257
0.00513402886397	0.455128113022	-0.89041115605
0.999986361577	-0.00149679934344	0.00500076416981
-0.100846559707	-0.856306363777	-0.506526766246
-0.0108270132398	0.510036715788	-0.860084482128
0.994843067701	-0.0812523966979	-0.0607066841572
-0.118930590468	-0.864173852972	-0.488936696227
-0.0219611554805	0.494600694803	-0.868842835205
0.992659684246	-0.0925943652561	-0.0778014154799
0.938795401257	-0.148854766119	0.310653267979
-0.0261857286871	0.868368883515	0.495227007706
-0.343478531957	-0.473051519554	0.811322843929
0.938525150884	-0.0879560599667	0.333817724034
-0.115077998732	0.831971391078	0.542752852776
-0.325465198711	-0.547802278659	0.770704267985
0.899817037957	-0.197307819717	0.389100143815
-0.0407128950888	0.850014921814	0.52518291292
-0.434363623952	-0.488409926321	0.756824936621
0.910634588616	-0.184282396741	0.369844078427
-0.0350276351044	0.857397513583	0.513461357277
-0.41172528326	-0.480530434925	0.774320855581
0.89088480643	-0.180333118608	0.416898341688
-0.0711465065387	0.851087476308	0.520181008227
-0.448622821061	-0.493082217329	0.745390830195
0.901223617882	-0.141303241677	0.409669847353
-0.106928602285	0.843607047745	0.526206634324
-0.41995507373	-0.518035270889	0.74516923751
0.935558868819	-0.108494946903	0.336092915586
-0.0797453841035	0.86217125678	0.500301303569
-0.344049814889	-0.494863180217	0.79795999451
0.949307053513	-0.0798696437604	0.304034469492
-0.0970146441586	0.845532533156	0.525036089869
-0.29900548064	-0.527916259317	0.794921472631
-0.95091385966	-0.281266300374	-0.129040329719
0.257257731266	-0.950269206264	0.175516957789
-0.171990110541	0.133704940229	0.975982777667
-0.956904669072	-0.251212519152	-0.145698750694
0.237286660331	-0.965592092232	0.106439486715
-0.167424300988	0.0672799652542	0.983586564495
-0.975729960236	-0.189878787856	-0.109105694777
0.178479108949	-0.978195192996	0.106237200489
-0.126898441201	0.0841853967216	0.988336807823
-0.954118784633	-0.248742752131	-0.166683763956
0.234245620314	-0.96681817165	0.101934761026
-0.186508507227	0.0582129659442	0.980727188541
-0.971146448669	-0.234648738981	-0.0426369938665
0.225306968212	-0.961297799199	0.158576994587
-0.0781966369265	0.144394814421	0.986425591082
-0.980439597422	-0.179648690459	-0.0803694977644
0.168667576674	-0.977425361177	0.127222766446
-0.10141083144	0.11117882775	0.988612705322
-0.951729902809	-0.23101295606	-0.20208743164
0.200468002998	-0.966434995441	0.160661364216
-0.232419654221	0.112394431847	0.966099647394
-0.946986379801	-0.23236252431	-0.221868694746
0.207607611379	-0.969621103361	0.129364888003
-0.245187968933	0.076445090404	0.966456946697
0.205964450154	-0.112764040348	0.972040528416
0.293997218493	-0.94031629846	-0.171378477586
0.933351034283	0.321075097548	-0.160519288726
0.172014959072	-0.0852280192516	0.981400614365
0.290486461625	-0.947562397793	-0.133204419227
0.941290920361	0.30799673119	-0.138237447183
0.160958527378	-0.158662822056	0.974124567646
0.225249294233	-0.955040165919	-0.192773262517
0.960913794178	0.250449364526	-0.117983381683
0.196710070443	-0.0864587217933	0.976642063334
0.250257110559	-0.958682162438	-0.135274222545
0.947985342218	0.271021449514	-0.166945210352
0.178792752555	-0.119070931019	0.976655185662
0.296586462615	-0.939953390216	-0.168891382647
0.938120305977	0.319859253931	-0.1327421136
0.190326340544	-0.146462108329	0.970733917953
0.293479744956	-0.935102147892	-0.198626954818
0.936827160121	0.322694714403	-0.134990514525
0.196388343706	-0.0919125639605	0.976209161463
0.246441680868	-0.959012025047	-0.139871242123
0.949051497164	0.268047658128	-0.165688320302
0.166665509708	-0.140021054128	0.976020730435
0.229972200415	-0.957045261554	-0.176568900351
0.958819664418	0.253885592218	-0.127305240904
-0.3767445803	-0.239720246121	0.894761291123
0.841471010521	-0.492415929729	0.222380614071
0.387285557366	0.836696362286	0.38723263506
-0.341577821646	-0.221246991573	0.913440938919
0.848948996247	-0.489630098328	0.198866678248
0.403249528139	0.843393219481	0.355074203259
-0.350196150793	-0.216479385218	0.911317429787
0.850018924156	-0.48216100926	0.212105464661
0.393485210187	0.848915528976	0.352862401597
-0.321499456131	-0.246448927608	0.914276267874
0.871252379332	-0.455173217617	0.183675552486
0.370887394535	0.855616937159	0.361057101302
-0.340635054671	-0.249675938359	0.906437871364
0.862193858751	-0.46743720072	0.195254029249
0.374952582029	0.848035560464	0.374494614696
-0.353530454383	-0.219297376879	0.909354090163
0.848057838671	-0.485363014653	0.212651422748
0.39473295159	0.846363625058	0.357567480384
-0.340011644658	-0.282233856061	0.897070858452
0.856111236474	-0.487659402593	0.17106095457
0.389185849401	0.826155160903	0.407433456756
-0.333060560926	-0.247285342467	0.909901428506
0.863729127991	-0.467084603076	0.18921932567
0.37820978789	0.848929867037	0.369155023334
0.614846003123	0.498934538336	-0.610760958983
0.182550684781	-0.843447293901	-0.505245496075
-0.76722869475	0.199153433998	-0.609671224031
0.571007900396	0.568263342494	-0.592475273152
0.20944625687	-0.798657628236	-0.564162289281
-0.793777324696	0.198049480538	-0.575060596061
0.636239059007	0.50449484804	-0.583682081543
0.183546858218	-0.833822489623	-0.52062503422
-0.749339959465	0.224108955019	-0.623108852268
0.640752641253	0.483216272484	-0.59660538265
0.184957774173	-0.851353851373	-0.490903967103
-0.745135269849	0.204201168338	-0.634881751676
0.626762879643	0.524997367089	-0.575800256138
0.194845719759	-0.821072894054	-0.536538769809
-0.754455642109	0.224090317878	-0.616911406751
0.644407099945	0.528977653086	-0.552197647617
0.2028059569	-0.814493569594	-0.543572009971
-0.737298679875	0.238292737434	-0.632145341391
0.617113491164	0.522511663705	-0.588347338819
0.195469322473	-0.826060523544	-0.528598324216
-0.762209140444	0.211201339209	-0.611908165263
0.613284950792	0.533562796171	-0.582402010412
0.173076884802	-0.810205724062	-0.560009012345
-0.77066578433	0.242644687769	-0.589234199268
-0.427666842149	0.130687769583	0.89443938758
0.785829540423	0.542771162383	0.296431123855
-0.446735989789	0.829650640133	-0.334823546459
-0.410751380195	0.114143436701	0.904574290612
0.793076006622	0.5341791913	0.292716691804
-0.449793084761	0.83762992413	-0.309939274657
-0.325265864498	0.0973763191239	0.940595502188
0.82536665584	0.514667038153	0.232137237893
-0.461488818596	0.851842512594	-0.247774770862
-0.345683248819	0.11398686148	0.931402256435
0.801555354667	0.551937183751	0.229944306375
-0.487864921147	0.826058330894	-0.282162232526
-0.346876765878	0.0433874795873	0.936906636326
0.787232920035	0.556481961951	0.26569184913
-0.509843944938	0.829726072686	-0.22718671742
-0.307551598148	0.0503205241104	0.950199907069
0.781660839303	0.582805075011	0.222136395347
-0.542603308911	0.811052458656	-0.218576216126
-0.35477284378	0.0839733584019	0.931173787073
0.779516789148	0.576477108412	0.245005496005
-0.516226425215	0.812786929468	-0.269977050333
-0.321246482407	0.121022349348	0.939230751499
0.810042156031	0.548868759284	0.206336691267
-0.490543085829	0.827101393826	-0.27435538489
0.705720737036	-0.273086178452	-0.653744735123
0.539146196693	-0.391644499689	0.745611129316
-0.459651626946	-0.87865722367	-0.129158268835
0.750915964619	-0.283309128257	-0.596540983967
0.470377955464	-0.404590356233	0.784251991848
-0.463540490918	-0.869507070443	-0.170550982932
0.72901878681	-0.330774968653	-0.59926581569
0.49183460495	-0.355756448159	0.794692404173
-0.476057054474	-0.87408535967	-0.0966665477015
0.728693930785	-0.400668351121	-0.555400773494
0.457469286256	-0.318730776278	0.830140050424
-0.509634181468	-0.858996812331	-0.0489637091904
0.776657817557	-0.219999598818	-0.590256550722
0.468868029756	-0.423867787333	0.774918558391
-0.420672544651	-0.878598985878	-0.226049437793
0.76045822986	-0.252105200367	-0.598453200315
0.485144025011	-0.392039522667	0.781626635227
-0.431669480061	-0.884730405179	-0.175822334952
0.750090640175	-0.318027230962	-0.579847130332
0.480109301345	-0.34112308745	0.808164590259
-0.454817626033	-0.884586698155	-0.103185386459
0.719868003391	-0.327662285386	-0.611904801456
0.516496960105	-0.336068399072	0.787584236162
-0.463703514664	-0.883003661139	-0.0726883146668
-0.995852171456	-0.00872656554916	0.0904482230551
-0.0852718031127	-0.2541675278	-0.963386800944
0.0313967131085	-0.967113879382	0.252382581833
-0.990919767655	-0.0172308874058	0.133276241045
-0.123726351626	-0.27010607581	-0.954841694265
0.0524523576303	-0.962670227914	0.265533308048
-0.994648229697	0.0314224532314	0.09840840795
-0.103243523978	-0.26995271239	-0.957321366091
-0.00351569037962	-0.962359627505	0.27175425919
-0.997507356216	-0.00931341074502	0.0704420390268
-0.0646095849956	-0.2937150615	-0.953730693812
0.0295706274649	-0.95587127542	0.292336094321
-0.983687529845	-0.0183197363053	0.178930538343
-0.168875231478	-0.248342291727	-0.953835834129
0.0619104715156	-0.968496788604	0.241201887729
-0.991184906701	-0.00213392470506	0.132447215438
-0.127428952796	-0.257699731494	-0.957783448349
0.0361756893696	-0.966220843444	0.255159720829
-0.98982654808	0.0408560923713	0.136254675829
-0.142247994296	-0.28257492554	-0.948636503945
-0.000255123394668	-0.958371790181	0.285517547198
-0.992403256073	-0.0252479971464	0.120308094809
-0.107373239946	-0.298473925856	-0.94835039962
0.0598538752291	-0.954075485355	0.293511282564
0.720182496372	0.635757868419	0.277757173275
0.296192829738	-0.643779229051	0.705562027688
0.627381002401	-0.425863710647	-0.651945426524
