-0.207088760402	-0.858180227443	0.469724328862
0.693150398568	0.210124254455	0.689485550498
-0.690403340711	0.468374312496	0.551333593652
-0.191427462711	-0.834899479304	0.516041107418
0.702657049742	0.250519780568	0.665967667574
-0.685294561145	0.490084404224	0.538691615058
-0.152134979341	-0.872380455792	0.46455059649
0.686907330692	0.244625372876	0.68433670455
-0.710642832504	0.423214775858	0.562028474413
-0.141857435287	-0.863020113721	0.484842998929
0.694523760066	0.262231533408	0.66997862512
-0.705346154027	0.431776440681	0.562188492824
-0.179030597796	-0.858188635159	0.48110316579
0.698626691055	0.233415489407	0.676341570383
-0.692725585059	0.457197375065	0.557765007201
-0.178609233582	-0.855007407852	0.486889121809
0.705976428799	0.233318320824	0.66870008666
-0.685343684874	0.463168280906	0.561942306543
-0.184296726858	-0.859547504393	0.476668502833
0.688724628481	0.233057691621	0.686543906602
-0.70120835707	0.454821104678	0.549039729512
-0.188316908091	-0.849970008812	0.492024137871
0.697610829392	0.236867129707	0.676190143582
-0.691285685403	0.470579391476	0.548342180903
0.815938838295	0.201721034683	-0.541804793071
0.227761797346	0.749208568612	0.621941380629
0.531383452225	-0.63086856114	0.565364023693
0.800851675895	0.14610357012	-0.580767023828
0.318841004626	0.716884248018	0.620014018355
0.506928992007	-0.681711607637	0.527534142471
0.770007589603	0.238019081548	-0.591975701718
0.258922206953	0.731408839903	0.630872731028
0.583136009308	-0.639052446069	0.501561931935
0.76865341764	0.241667083738	-0.592257492336
0.254886291264	0.733491669044	0.630097565423
0.58668977758	-0.635284962882	0.502203251527
0.785182284869	0.173344473658	-0.594508595744
0.28077150446	0.756027343499	0.591261376425
0.551956646165	-0.631169031576	0.544949088355
0.797740265402	0.207718068646	-0.566095112866
0.292110690759	0.688166833665	0.664151909878
0.527524233753	-0.69518315501	0.488301723991
0.789099997235	0.172805913049	-0.58945679084
0.28861635204	0.742788061779	0.604124567909
0.542237764442	-0.646841563778	0.536259445287
0.789372965301	0.218821101491	-0.573591883723
0.267405085866	0.718476891756	0.642094602513
0.552616362031	-0.660233507228	0.508632359108
0.928477722852	-0.198501054759	0.313889230112
0.0661939935736	0.920095416168	0.386060590631
-0.365441476485	-0.337671076172	0.867427674439
0.938785454406	-0.16798288616	0.300771709195
0.0449918856969	0.925367282307	0.376392247084
-0.34155175496	-0.339819280502	0.876279211377
0.960653414255	-0.148623516035	0.234640295611
0.0595788832783	0.935390699723	0.348560749091
-0.271284674301	-0.320866466962	0.907441092442
0.972191447692	-0.133926677622	0.19211307692
0.0501221463906	0.920322750049	0.387935312842
-0.228760922676	-0.367518273736	0.901442599212
0.948499067141	-0.141374632759	0.283483214842
0.0146195776335	0.913472233995	0.406638348039
-0.316442392601	-0.381551688973	0.868494399206
0.955243310075	-0.162454962991	0.247221766525
0.0509380397577	0.913560297639	0.403500799719
-0.29140269894	-0.372848446783	0.880947500265
0.954142262931	-0.155952247308	0.255521895315
0.0483680344357	0.922677930865	0.382525776526
-0.295420168016	-0.352624918321	0.887909112539
0.960298361304	-0.159655075011	0.228773501678
0.0558430855601	0.913461779619	0.403074594395
-0.273328754144	-0.374296454532	0.886111481976
-0.641669601322	0.711437664245	-0.286561651919
0.303862831806	-0.107244065084	-0.94666085248
-0.70422191808	-0.694518423129	-0.14736469837
-0.669898902533	0.703809781393	-0.236404813726
0.286772443375	-0.0484186454757	-0.956774367558
-0.684833563764	-0.708736492859	-0.169397645772
-0.544411456517	0.799943664603	-0.252401369723
0.284835824303	-0.10672490468	-0.952616636854
-0.788977104338	-0.590508287054	-0.169750425181
-0.537500572062	0.816934824492	-0.209071310134
0.300360382106	-0.0461968069201	-0.952706472048
-0.787957461447	-0.574876920351	-0.220544127973
-0.626064799658	0.740734808316	-0.243629231093
0.241749830713	-0.112662582829	-0.963776130603
-0.741350307104	-0.662283439563	-0.108538633595
-0.646608754084	0.721357614043	-0.248072324907
0.283172667268	-0.0749810367365	-0.956133255194
-0.70831484965	-0.688491651247	-0.155785158803
-0.599083965806	0.756498817498	-0.262312498377
0.267072770888	-0.120048069677	-0.956169718206
-0.754831400202	-0.642882519662	-0.130121314874
-0.594798115877	0.764568952752	-0.248291824142
0.309258578254	-0.0674608737856	-0.94858194261
-0.742006499449	-0.641001471571	-0.196323590524
0.551334450002	-0.746871991587	0.371769491591
0.565457062292	0.662175185985	0.491713672392
-0.613423701367	-0.0608790037405	0.787404032671
0.568639111185	-0.72624147588	0.386293754321
0.541337066353	0.683972279489	0.489015429473
-0.619357511062	-0.0689581640001	0.782074828499
0.526506619263	-0.742729258173	0.413695557351
0.575971770651	0.669535785061	0.469018487524
-0.625337736373	-0.00866436838783	0.780306117715
0.573837408017	-0.727466562235	0.376168878586
0.555027267492	0.683196190509	0.4745394547
-0.602208731859	-0.0635245035877	0.795807312375
0.564354689193	-0.713646929906	0.414984128701
0.54863871987	0.699843017039	0.45740058455
-0.616846271527	-0.030459795191	0.786494036707
0.540607409594	-0.739365809685	0.401349999529
0.571928269142	0.672872304233	0.469191765542
-0.616961650032	-0.0241051314965	0.786623964942
0.563939611973	-0.714285423365	0.414449580988
0.549053619299	0.699181687594	0.457913851953
-0.616856745402	-0.0306807210386	0.786477242212
0.529421083031	-0.759701697621	0.377579988899
0.530707688537	0.643809094066	0.551234251599
-0.661863027153	-0.0914504316044	0.744025639439
0.24510486892	-0.951161676963	-0.187656976242
-0.776492113193	-0.0766994598708	-0.62544168029
0.580502949695	0.299012978934	-0.757368955191
0.229115899791	-0.951364551384	-0.205940194701
-0.792049144108	-0.059226940876	-0.607577386136
0.565830386902	0.302320388322	-0.767097311241
0.193925640633	-0.966001285557	-0.170980975565
-0.794758690838	-0.0525266911762	-0.604648445087
0.575110077325	0.253145482106	-0.77792419589
0.197348929629	-0.959703072897	-0.200058233641
-0.800509914747	-0.0399578298486	-0.597985868752
0.565895009138	0.278160447777	-0.776137455257
0.284976552188	-0.939062300573	-0.192224965592
-0.781806591401	-0.111684499627	-0.613437157319
0.554587139587	0.325097966744	-0.765992563232
0.266846226504	-0.93856583586	-0.218831619385
-0.793015227225	-0.0848088100086	-0.603269704666
0.547649482128	0.33451705328	-0.766927911019
0.258314384649	-0.951284548759	-0.16831945465
-0.736367008208	-0.0811045046964	-0.671703629258
0.625329801579	0.297455616233	-0.721445020957
0.224454949682	-0.954118513657	-0.198186467117
-0.802295708253	-0.0654957791103	-0.593322805934
0.553119887883	0.292178399987	-0.780186041979
0.947140268195	-0.191282558116	0.257558319494
-0.0975587096543	-0.936518986419	-0.336770271528
0.30562657468	0.293841624987	-0.905676117671
0.942141305312	-0.216140536953	0.256228456854
-0.127870856215	-0.93829711023	-0.321321244671
0.309869001268	0.269965861604	-0.911646534607
0.947410870947	-0.173317971443	0.26902330854
-0.0837756197801	-0.945651884851	-0.314205075994
0.308859685446	0.275143717036	-0.910440711469
0.950398789596	-0.170334286327	0.26024677445
-0.0737518438047	-0.936266835228	-0.343461127736
0.302163562074	0.307231364987	-0.902389344697
0.956981386668	-0.158216487723	0.243216323915
-0.0719650798612	-0.941482560176	-0.329290360082
0.28108302063	0.297621667516	-0.912367357889
0.943045376326	-0.217484384414	0.251725900291
-0.131168290611	-0.938487266874	-0.319429875617
0.305712717889	0.268218396898	-0.91356310981
0.946484985333	-0.162508459431	0.278849666405
-0.0676912457169	-0.944722181236	-0.320806112624
0.315569376039	0.284762475156	-0.905165727996
0.934765046438	-0.228795360692	0.271784858146
-0.13411534942	-0.935669313918	-0.326399370533
0.328979329505	0.268656209606	-0.905315952779
-0.995552934296	0.0875006747984	0.0346391801209
-0.077021816597	-0.546106123994	-0.834159281384
-0.0540729198187	-0.833125260006	0.550431048937
-0.993956419496	0.105225509299	0.031259618066
-0.0874462367169	-0.58689166832	-0.804928865221
-0.0663530497628	-0.802798177985	0.592547163241
-0.993853631356	0.0779727223254	0.0786199941096
-0.109270724382	-0.575792932725	-0.810263575638
-0.0179097094777	-0.813871862019	0.580769380087
-0.993947812865	0.0675329679838	0.0868186208912
-0.109404790939	-0.525580579609	-0.843693621974
-0.0113475291497	-0.848072894435	0.529764830382
-0.996705303148	0.0722662964546	0.0366122914658
-0.0705675697244	-0.55251988449	-0.830499739996
-0.0397881338193	-0.830353649012	0.555811333079
-0.995104401872	0.0799550914621	0.0579757199669
-0.0932011103774	-0.566039953304	-0.819086039801
-0.0326734415209	-0.820484960814	0.570731135485
-0.997763758676	0.064288243048	0.0185695413428
-0.0521674422993	-0.57350037413	-0.817547558546
-0.0419089969319	-0.816683827638	0.575563510903
-0.993493801012	0.0692539437567	0.0904070858819
-0.112565867707	-0.476731841706	-0.871811500967
-0.0172764386075	-0.87631630081	0.481426142828
-0.992073184086	0.0425153895765	-0.118298435289
0.0469865761249	0.998272798972	-0.0352659932259
0.116594767493	-0.0405446699742	-0.992357330936
-0.992194095597	0.00533520116653	-0.124589755294
0.00336806581537	0.999866411883	0.0159942031536
0.124658443871	0.0154497258995	-0.992079519576
-0.981201059869	0.0253849811224	-0.191310217428
0.0103512554733	0.99680687527	0.0791764115507
0.192709231925	0.0757076968963	-0.978330728184
-0.983692435952	0.00522687421767	-0.17977435714
-0.00707292328002	0.99768004391	0.0677089371547
0.179711194575	0.0678764038548	-0.981373339846
-0.985574477978	0.0398757250744	-0.164482338815
0.0433363260466	0.998907200769	-0.0175033698953
0.163604633422	-0.0243789184071	-0.986225510544
-0.980441791232	0.026427655263	-0.195025655596
0.0255796599818	0.999649209192	0.00686581927292
0.195138689907	0.00174284720268	-0.980773871697
-0.98317167036	0.0114909033531	-0.182321192163
-0.010391746158	0.992885942021	0.118614991811
0.182387142045	0.118513559606	-0.976057918077
-0.990364200669	0.0159983037805	-0.137540968893
0.00977324683419	0.998902066831	0.0458163902053
0.138122943403	0.0440308101365	-0.989433199641
-0.856428461655	-0.247741454619	-0.452939877505
-0.51476317026	0.342891016943	0.785776465759
-0.0393603800191	0.906118064747	-0.421189823601
-0.8662057468	-0.276906652017	-0.41594492744
-0.494982821508	0.361540881753	0.790114013022
-0.068406746791	0.890286949938	-0.450232789335
-0.849143079494	-0.297045905522	-0.436717273414
-0.520756382874	0.332860856874	0.786140724854
-0.0881534830927	0.894968256192	-0.437335690957
-0.861528051767	-0.263317951472	-0.434085009129
-0.504096695693	0.341870840701	0.793101311942
-0.0604372410783	0.902101339122	-0.427268066999
-0.890499108104	-0.252723197558	-0.378339130858
-0.451620559314	0.390070731115	0.802423271117
-0.055212162862	0.885423752246	-0.461492128259
-0.865566715875	-0.25003600935	-0.433907190487
-0.500788696805	0.428638129093	0.751983902132
-0.00203398164427	0.868188402331	-0.496229902158
-0.899146322546	-0.224815720304	-0.375489466332
-0.432227709873	0.321571217383	0.842478868225
-0.068656057559	0.919809397915	-0.386310708834
-0.890339529284	-0.251987890655	-0.379203835022
-0.447958753759	0.335918302668	0.82854759621
-0.0814027055022	0.907557307952	-0.411960897281
0.868074891454	-0.026819576166	-0.495708280117
-0.47976307816	0.211269542236	-0.851582411825
0.127567148893	0.977059837282	0.170530740517
0.878061892649	-0.00472166490831	-0.478523786513
-0.467891003556	0.201374551138	-0.860538361022
0.100425679834	0.97950291877	0.174610096648
0.886926681908	0.0269865506436	-0.461121229613
-0.455168547005	0.220998156027	-0.862543574823
0.0786298679465	0.974900790201	0.208292589658
0.884493016651	0.0237509454685	-0.465948494017
-0.459891623343	0.212551277196	-0.862161046291
0.0785608125332	0.976861232495	0.198922979908
0.89794809049	0.0193053961364	-0.439677755728
-0.43083065072	0.242535050275	-0.869230523439
0.0898564277149	0.96995054212	0.226101241476
0.90027983401	0.0154068403311	-0.435038910845
-0.432396110297	0.147120921113	-0.889600513894
0.0502974003161	0.988998533766	0.139111854337
0.882153762616	0.0162172834945	-0.470682207329
-0.465152683147	0.186484165295	-0.865365037225
0.0737409109052	0.982324114539	0.172051220366
0.915270061373	0.0110143477827	-0.402690204066
-0.395382159503	0.216029732016	-0.892750870744
0.0771599912822	0.976324665984	0.202080422044
0.225865158731	0.660708554344	0.715855544845
-0.350002400322	0.740816333742	-0.573314475425
-0.909111255368	-0.121059382864	0.398574171828
0.233983855472	0.637233186425	0.734292456009
-0.364891897975	0.757605493729	-0.541191107952
-0.90116893401	-0.141307390654	0.409788684076
0.21451000902	0.672580538781	0.708251973347
-0.36985784909	0.727066836358	-0.578428025758
-0.903985956951	-0.137873958265	0.404722310089
0.233617010853	0.628736141456	0.741696672163
-0.329111125933	0.768911199251	-0.548143624881
-0.914936585703	-0.116044953087	0.386554796204
0.231629637619	0.640463634158	0.732225416085
-0.319475994682	0.761029674749	-0.564596252064
-0.918848635772	-0.103151211063	0.380889780403
0.228687598238	0.673814527264	0.702620758928
-0.310911395082	0.734501264465	-0.603193157348
-0.922516152941	-0.0805100211832	0.377467954005
0.229509150592	0.628626099806	0.743071188368
-0.369021364469	0.762651080125	-0.531212355871
-0.900637994371	-0.152291040797	0.407011858773
0.213347979978	0.627757632091	0.748600700382
-0.350141263649	0.764472666078	-0.541278710507
-0.912076613422	-0.146635269665	0.382902546063
-0.482505298398	0.777678275364	0.402992798798
0.846825385349	0.296642880077	0.441462169916
0.223771004789	0.55427302006	-0.801689215067
-0.485658068513	0.770531879991	0.412804270448
0.832607375711	0.263919372364	0.486936153502
0.266254956188	0.580191762776	-0.769723654429
-0.491656284827	0.780532248603	0.386069274959
0.823735721694	0.27310428113	0.496866607698
0.282381899175	0.562304520639	-0.77722661576
-0.497547545829	0.766643176271	0.405826218235
0.828723082735	0.281922195687	0.483459664845
0.25623179208	0.576865179801	-0.775603159018
-0.427922280754	0.785676954452	0.446754199584
0.867522893612	0.218395325017	0.446883443986
0.253538203557	0.578802649175	-0.775048220519
-0.485541574792	0.771528817354	0.411086313518
0.812864876924	0.225391606876	0.537074433662
0.321713171991	0.594929860927	-0.736585548501
-0.466898831544	0.792681446305	0.392004648187
0.844584515325	0.268334588314	0.463332016001
0.262084940412	0.547408152352	-0.794772411976
-0.507902044273	0.748575305365	0.426222477011
0.842391406916	0.328225488469	0.427366999025
0.180020291261	0.576108363504	-0.797299176707
-0.808088660386	0.576503915514	0.120978770605
-0.559522884165	-0.815424208307	0.148382656753
0.184192208401	0.0522159566282	0.981502278817
-0.809521778374	0.565450546912	0.157926514703
-0.53707224352	-0.821905320045	0.189804291415
0.237125515896	0.0688327160358	0.969037438612
-0.826086896369	0.55972350123	0.0654972467312
-0.546392793631	-0.823973584711	0.150074296448
0.137968120325	0.088187196109	0.986502820619
-0.833621743898	0.551180041303	0.0357146298907
-0.531502985487	-0.818091841173	0.219614432311
0.150264929833	0.164092914319	0.974932802226
-0.788897373235	0.605114034603	0.107136465775
-0.594708510449	-0.795682281593	0.114942499102
0.154799886213	0.0269628564273	0.987577845825
-0.823464746995	0.551155580707	0.134659615074
-0.51844261723	-0.827372192035	0.216037922225
0.230484139834	0.108086340747	0.967054497938
-0.80793087076	0.588911882643	0.0207461094538
-0.571332939859	-0.791464633907	0.217168838771
0.144313126249	0.163604483994	0.975913568436
-0.863924060752	0.501755584625	0.0433170937764
-0.489481370302	-0.856793990023	0.162209332461
0.118503271865	0.118933648343	0.985805133116
-0.0685844231103	0.5391323592	-0.839423883523
0.483616265231	0.75390046894	0.444690213906
0.872588943873	-0.375460221065	-0.312439006745
0.0147076944688	0.527523730463	-0.849412936537
0.474564765162	0.744045369485	0.470302834384
0.880097668799	-0.41001851929	-0.239400983243
-0.0041392241178	0.552340493433	-0.833608317719
0.526490793459	0.709925280401	0.467775090432
0.850170743121	-0.436950878406	-0.293740724485
0.034116006907	0.551048522271	-0.833775525247
0.534650390424	0.694784527572	0.48106488232
0.844384426916	-0.46219042297	-0.270915033833
0.00635105725192	0.55088112349	-0.834559574018
0.446423625893	0.745231391106	0.495314170839
0.894799218287	-0.375712881563	-0.241193341465
0.0117696624652	0.551767867253	-0.833914663833
0.428342830584	0.750797270677	0.502817929751
0.903539631325	-0.363119362825	-0.227509179482
-0.0447717640017	0.547754767157	-0.83544014138
0.530336084582	0.721740013911	0.444786461726
0.846604483902	-0.423150179252	-0.322807692101
0.00127418829799	0.522992317267	-0.852336457539
0.485238765068	0.744944439805	0.457822158365
0.874380776119	-0.414170042248	-0.252826946695
0.720619688561	-0.683125292435	0.118520444199
0.689422036037	0.687884643826	-0.226962483665
0.0735154207194	0.245264240363	0.966664851376
0.72373723617	-0.686684151889	0.0683321649346
0.675637165307	0.684962052979	-0.272656198435
0.140423751822	0.243499193497	0.959681880699
0.70156712675	-0.698328556034	0.141918272603
0.711354850319	0.674524908624	-0.197459935998
0.0421645016255	0.239485651398	0.969983905917
0.677277095844	-0.721710515659	0.142932384478
0.732168363888	0.642071319109	-0.22731895553
0.0722856961363	0.258608492146	0.963273806281
0.736242398854	-0.67309730422	0.0699081850241
0.663200565463	0.697131061089	-0.272347754812
0.134581370373	0.246877112413	0.959655952362
0.677575027841	-0.733918980865	0.0474869942695
0.715303762647	0.642625126439	-0.274542306102
0.170975472632	0.21999063667	0.960401743001
0.691835954534	-0.711791761641	0.121307452589
0.717837087388	0.659886818929	-0.221944362273
0.0779289802605	0.240628078232	0.96748395428
0.653180994163	-0.751852628081	0.0898454918649
0.752820435674	0.63206798309	-0.183715688372
0.0813386648085	0.187637118315	0.978864818711
-0.204477788643	-0.924533883736	0.321599378778
-0.947680811093	0.269247804591	0.171484222986
-0.245132908629	-0.2697088361	-0.931218216882
-0.156069571286	-0.932623163448	0.325355299499
-0.954654113041	0.226969931143	0.19266552788
-0.253530196163	-0.280532558144	-0.925755638385
-0.154147948793	-0.947699849523	0.279471831869
-0.975312476075	0.191214829301	0.110468247496
-0.158129957963	-0.255543841459	-0.953778864891
-0.12722144908	-0.93098716184	0.342165781017
-0.980856699194	0.169359893891	0.096110484128
-0.147426771168	-0.323388302202	-0.934711203765
-0.139045018814	-0.933962367456	0.329212780063
-0.95389481632	0.215611495554	0.208797874024
-0.265991424258	-0.285002050826	-0.92088156572
-0.154455650614	-0.93376449603	0.322842697608
-0.949750938595	0.230365588426	0.211907786406
-0.272243817342	-0.273889797651	-0.922424973435
-0.122104324954	-0.939624057924	0.319684080996
-0.985441433107	0.153165454826	0.0737976280193
-0.118306651495	-0.306018851962	-0.944646650788
-0.166134319955	-0.929945389143	0.328025759924
-0.974701622835	0.205300057408	0.0883662309639
-0.149519471657	-0.30504658258	-0.940526664832
0.062932023921	0.937063755334	0.343439772929
0.827494861425	-0.241371353333	0.506943643418
0.55793513378	0.252291739311	-0.790605388517
0.0607819433255	0.923001062757	0.37996867227
0.863795351869	-0.239393125832	0.443340310182
0.500164716715	0.301267453756	-0.811835119283
0.0136162373863	0.938265946753	0.345644843664
0.875933078177	-0.177906031821	0.448429693217
0.482239139166	0.296656300063	-0.824280373643
0.0529654641358	0.923436118233	0.380083940032
0.863872541058	-0.233301662825	0.446429168964
0.500921449665	0.304697400117	-0.810088702676
0.0808889954896	0.934401201928	0.346916129542
0.816429364407	-0.261770047448	0.514702595558
0.571751257134	0.241598970976	-0.784046773972
0.0315883401687	0.919157687159	0.392624508286
0.882645431491	-0.20997192787	0.420537967703
0.468979637767	0.333263088486	-0.817923497145
0.0833846230486	0.939585273837	0.332010117289
0.87287480173	-0.229607955934	0.430552437502
0.480771032091	0.253900244433	-0.839286785693
0.0591653307392	0.938361092751	0.340548452176
0.887932881062	-0.205351639556	0.411582207482
0.456146892347	0.278034484189	-0.845350618815
0.944421281466	0.0362236051411	-0.326736099284
0.00113176156863	-0.994266251869	-0.106957836301
-0.328735984128	0.100643479972	-0.939047388624
0.944600683375	0.066383420844	-0.321438275047
0.0145231954571	-0.986823782714	-0.161120460664
-0.327899984785	0.147526158656	-0.933118296631
0.939357660216	0.0355967697535	-0.341086645213
-0.0111715379324	-0.99089483601	-0.134179150574
-0.342757095186	0.129852676876	-0.930407027323
0.934827254617	0.044814012698	-0.352263864642
-0.0158364514494	-0.985758377903	-0.167431615003
-0.354749676352	0.162098251573	-0.920804225031
0.952494685392	0.0738435717704	-0.295467645988
0.0333255449714	-0.98960846546	-0.139892386715
-0.302726627455	0.123400156875	-0.945057805858
0.951729821793	0.00550043926821	-0.306888202269
-0.0178894482621	-0.997151435884	-0.0733515584149
-0.30641571625	0.0753009206376	-0.948920635651
0.927877140169	0.068894520428	-0.366466113988
0.00523493069037	-0.985091522205	-0.171939799201
-0.372849115792	0.157620570052	-0.914404418807
0.936465002979	0.0472398933868	-0.347565392368
-0.0177563919772	-0.983234514901	-0.181479894392
-0.350311318748	0.176121077664	-0.919925914145
0.806162922273	0.217225066833	0.550376794365
-0.564815618583	0.00535204924694	0.825199785715
0.176308429864	-0.976106879229	0.127006731972
0.81601310185	0.148012421762	0.558761979785
-0.563312940563	-0.0131369582625	0.826139215448
0.129619281139	-0.98889827349	0.0726573755612
0.807109857854	0.124784340962	0.577063724213
-0.578815000252	-0.025446179065	0.815061756702
0.116391017847	-0.991857520012	0.051689189039
0.801665511214	0.128129789931	0.583879404295
-0.586594095128	-0.0193945089763	0.809648805466
0.115064196814	-0.991567737255	0.0596122736364
0.833086559898	0.184806201749	0.521357325225
-0.533061917729	0.0165759233839	0.84591387503
0.14768813303	-0.982635212017	0.112322320179
0.864608843902	0.114832309972	0.489147306837
-0.499502481926	0.0912291664526	0.861495508269
0.0543030178622	-0.989186929151	0.136236567871
0.799740525524	0.16368841688	0.577599513368
-0.579800267416	-0.0389536853913	0.81382693502
0.155713665323	-0.985742731365	0.0637537441577
0.870297534826	0.121682313711	0.477258434233
-0.480351949602	-0.00441649368779	0.877064695922
0.108831075665	-0.992559263142	0.05460667477
0.168715436943	-0.694705076727	-0.69922812486
0.984681419817	0.0871127992102	0.15104262919
-0.0440183562963	-0.71400016158	0.698760444103
0.143006519649	-0.719120431756	-0.680010984665
0.988356899406	0.0676929982855	0.136265537145
-0.0519593497872	-0.691580408809	0.720428180939
0.223577573312	-0.670286966608	-0.707621699004
0.973764823629	0.122048933331	0.19205766388
-0.0423692667764	-0.731996899166	0.67998925887
0.202458995856	-0.701333320933	-0.683477816142
0.977883361978	0.107381315111	0.179480863631
-0.052483164675	-0.70469910103	0.707562501416
0.111948210723	-0.69156386916	-0.713587402307
0.993678962547	0.0718738643074	0.0862335973308
-0.00834776920849	-0.718730498023	0.695238645999
0.137031154569	-0.682006950371	-0.718393352555
0.982925598629	0.00371172123518	0.183966087848
-0.122799661683	-0.731336293072	0.670870687762
0.0872094562823	-0.674705125592	-0.732917123458
0.993602536418	0.00592014082407	0.112778356434
-0.0717531600801	-0.738063650071	0.670905011525
0.229796429677	-0.679138971273	-0.69711107261
0.972163485582	0.12651757348	0.197209148797
-0.0457356224158	-0.723023892251	0.689307405747
-0.432014765344	0.385209664087	-0.815461135159
-0.870272353907	0.0591710218543	0.489003977148
0.236620747794	0.920930168001	0.309674503875
-0.423303485	0.340091108946	-0.839733361938
-0.872676611277	0.0959650907684	0.478775713574
0.243412435315	0.935483131539	0.256167242538
-0.46316306514	0.41627811834	-0.78242730517
-0.860106473716	0.00181480958449	0.510111311213
0.213768130354	0.909235516325	0.357202961255
-0.456043663303	0.420170313131	-0.784526064182
-0.848563605535	0.0604267978337	0.525631475796
0.268261150335	0.905431139817	0.328983941919
-0.458071804221	0.366527562257	-0.809831982849
-0.831674839142	0.144920834354	0.536017682569
0.313826793434	0.91905143501	0.238447564924
-0.464531371702	0.383413352373	-0.798251094263
-0.838837079403	0.098403820289	0.535414834093
0.283836154301	0.918319602083	0.275909673091
-0.524791113087	0.404865275062	-0.748784594254
-0.821251590812	-0.00941681060759	0.570488500915
0.223919816299	0.914327848278	0.337438126965
-0.478461462665	0.410614741374	-0.776189462966
-0.823508697223	0.097006930351	0.558948147775
0.304808093482	0.906633961679	0.291730778491
-0.27140133841	0.90515042552	0.327175738407
-0.191650676641	-0.383951654167	0.903244752811
0.943192066741	0.182438407468	0.277677727585
-0.285748550474	0.878022189082	0.383959442234
-0.227256302892	-0.451322813766	0.862938207031
0.930968522882	0.159326117874	0.328500874689
-0.212249094721	0.896284170512	0.389390647492
-0.169748656388	-0.426227417452	0.888546939277
0.962359488091	0.122494715535	0.242609363748
-0.234907357479	0.878528753559	0.415939612157
-0.188201820214	-0.460924191305	0.867253690008
0.95362393356	0.125443681124	0.273615195593
-0.232939605626	0.888519720515	0.39531231991
-0.164730517785	-0.436670912707	0.884410737004
0.958437781249	0.140894291844	0.248084276349
-0.24193204542	0.893421633758	0.378505742264
-0.174100415193	-0.423734064007	0.888897297198
0.954545890999	0.149154764826	0.258059982586
-0.23978485251	0.879158502301	0.411805155887
-0.122272806385	-0.448151033086	0.885556285823
0.963095280542	0.161990439141	0.214957057296
-0.249168722878	0.891967091691	0.37723953673
-0.184273567069	-0.426074692858	0.885722091656
0.950767170874	0.151178961854	0.270530434489
0.153907067396	0.777511136107	-0.609745920242
0.661811725669	-0.539343522784	-0.520687713766
-0.733702183307	-0.323398962164	-0.597575250565
0.17576749791	0.779296574274	-0.601497835972
0.661566254774	-0.545972143998	-0.514041731375
-0.728994436123	-0.307580331582	-0.611519097881
0.109543224653	0.747231703234	-0.655473057484
0.624230366183	-0.564897358517	-0.539654693168
-0.773522202229	-0.350050738614	-0.528325327958
0.128124253589	0.73849243784	-0.6619783356
0.639083334447	-0.571897969818	-0.514304588364
-0.758392305593	-0.357163320111	-0.545233355081
0.113578896761	0.793442392166	-0.597952547079
0.616015517528	-0.528435234909	-0.584190086272
-0.779501738554	-0.301997260001	-0.548791059008
0.171315767234	0.800513305189	-0.574306802994
0.63381371689	-0.535832077083	-0.55781915301
-0.754274504429	-0.2684408378	-0.599172310912
0.0993754708848	0.783762855868	-0.61305638885
0.604620857577	-0.53688423282	-0.588375087462
-0.790288535113	-0.312197710953	-0.527231399075
0.14321159185	0.741874869416	-0.65506916589
0.625461931775	-0.58080528793	-0.521026905246
-0.767001503174	-0.335101987786	-0.547194354339
-0.155538228334	0.456269834742	-0.876142530339
-0.931317623154	-0.363421335705	-0.0239261379788
-0.329325644868	0.812245537495	0.481458017509
-0.13429915461	0.512214903629	-0.848292109825
-0.922881121838	-0.376429172388	-0.0811871926974
-0.360907254078	0.771969440978	0.523267697458
-0.156510395019	0.410864460811	-0.898161954209
-0.911217969313	-0.410889966507	-0.0291762539616
-0.381033218428	0.813854923336	0.438695626365
-0.132324844224	0.432223959367	-0.89200482651
-0.916407690843	-0.396297537342	-0.0560824222086
-0.377739468062	0.810018976855	0.448533347755
-0.103176683712	0.479943491736	-0.871211124414
-0.939494363746	-0.334672914098	-0.0731053286156
-0.326657188886	0.810955173437	0.485434641033
-0.118636993867	0.489768688592	-0.863742962339
-0.927474762288	-0.365284323144	-0.0797366937985
-0.354564294079	0.791640073956	0.497584323503
-0.134509653805	0.414035797912	-0.900267457589
-0.925086825293	-0.378077548097	-0.0356610991994
-0.355135893448	0.828028807696	0.433874155583
-0.165541759969	0.425558750038	-0.88966044001
-0.917364235516	-0.397572033347	-0.0194772875788
-0.361992828173	0.81291835728	0.456207131979
0.909927001683	0.103523006715	0.401641430662
0.138074642099	0.837515589244	-0.52868046231
-0.391111550524	0.536517124703	0.747784146883
0.911510091671	0.191105432002	0.364181368851
0.044795277653	0.834088422183	-0.54980895981
-0.408830941415	0.517470021399	0.751719393182
0.951321589241	0.105982548005	0.289404446615
0.0731227830115	0.834587569151	-0.546000594543
-0.299399887787	0.540584211899	0.786211433784
0.948070541596	0.149735216624	0.280609362682
0.0271185735375	0.840984735194	-0.540378813718
-0.316901928822	0.519926960494	0.793252247831
0.929926338438	0.121129136914	0.347224331996
0.0868731182153	0.845114648347	-0.527479185645
-0.357337467768	0.520681248124	0.775371504669
0.923823243399	0.163403241221	0.34619357851
0.0495838134331	0.84563448731	-0.531454377573
-0.37959459755	0.508135504324	0.773114639015
0.950394974486	0.152370111002	0.271169211643
0.0185828832079	0.842427210277	-0.538489619732
-0.310490045769	0.516816934108	0.79780711106
0.946076372514	0.150934936849	0.286632417886
0.0252166803899	0.847823448517	-0.529678696344
-0.322960705311	0.50834441786	0.798299654612
-0.0197172479904	-0.833214056004	-0.55259895403
-0.044946946461	0.55288629372	-0.832043589266
0.998794793299	0.00843204074962	-0.0483518313189
-0.0890402962449	-0.901180729941	-0.424199319886
-0.0609942085299	0.430025048547	-0.900754203738
0.994158678247	-0.0543297433274	-0.0932563488886
-0.0878343854174	-0.844864669298	-0.527720376952
-0.0173228541814	0.530983269763	-0.847205216852
0.99598444988	-0.065272132722	-0.0612740532056
-0.0500029216168	-0.900079489079	-0.432847103098
0.00667017712415	0.433078625414	-0.901331464796
0.998726794503	-0.0479563763729	-0.0156515050787
-0.0139673992043	-0.84704805543	-0.53133274397
-0.0303047970431	0.53149908691	-0.846516586508
0.999443101081	0.00427828808956	-0.0330932751771
0.00292434343966	-0.891263175854	-0.453476984574
0.00496608241917	0.453486287176	-0.891249410765
0.99998338096	0.00035430454486	0.00575224266106
-0.101857020543	-0.856806697506	-0.505477461185
-0.010452699098	0.509013892221	-0.860694843392
0.994744148884	-0.0823841942952	-0.0608025891081
-0.119947208743	-0.864685948572	-0.487781582369
-0.0219754107359	0.49352095032	-0.869456238401
0.992537023531	-0.0935696506024	-0.078198288013
0.938840912483	-0.150173592306	0.309880028687
-0.0243221194667	0.868728780681	0.494690547597
-0.343491156378	-0.471972663987	0.811945581139
0.938745252712	-0.08839350675	0.333082479636
-0.114409235462	0.831781889424	0.543184512501
-0.325065958102	-0.548019594307	0.770718266461
0.899534985342	-0.199679676962	0.38854193906
-0.0388697875261	0.849307184829	0.526465998804
-0.43511602064	-0.488677127445	0.756220019378
0.910454658427	-0.186299455648	0.369276085534
-0.0332581599404	0.856948373966	0.514328084469
-0.412269583306	-0.480553843498	0.774016662031
0.890037137043	-0.182276641337	0.417862558882
-0.0698402871764	0.851254120041	0.520085333281
-0.450506633003	-0.492078901834	0.744917526963
0.900682428273	-0.142929774502	0.410295315109
-0.105895464102	0.843645862256	0.526353316638
-0.421375505604	-0.517525596288	0.744721389009
0.935925467172	-0.10896326117	0.334918688314
-0.078791278226	0.86205916041	0.500645522094
-0.34327169202	-0.494955565715	0.798237767809
0.949797181093	-0.0803627905236	0.302369207404
-0.0957914081202	0.845340047204	0.525570369686
-0.297841101625	-0.52814962772	0.795203529034
-0.950915485216	-0.280986900906	-0.129638598419
0.256675217768	-0.950195210707	0.176768093315
-0.172851489044	0.134816496579	0.97567764953
-0.95702722467	-0.25051465788	-0.146099614621
0.236532910084	-0.965763603638	0.106567637044
-0.167794140697	0.0674305939849	0.983513229883
-0.976049073481	-0.18787852795	-0.109697525929
0.176354801942	-0.978521008198	0.106767538396
-0.127400440703	0.0848644929203	0.988214130395
-0.954141272225	-0.247930507175	-0.167762907873
0.233360816725	-0.967034091634	0.101918048084
-0.187501090299	0.0580949474571	0.980544906268
-0.971477028781	-0.233462437135	-0.0415836439814
0.224228233951	-0.961427824048	0.159310253638
-0.0771725864496	0.145441906828	0.986352398591
-0.980950270424	-0.177268418829	-0.0794738450965
0.166370403608	-0.977791476029	0.127468936822
-0.100304901036	0.11181837388	0.988653427047
-0.95159605671	-0.229697729517	-0.204208425787
0.198699896167	-0.966675938715	0.161409858007
-0.234479166177	0.113020989437	0.965528729155
-0.946743996662	-0.231049058888	-0.224253491957
0.20599228337	-0.969923440773	0.129665569238
-0.24746813019	0.0765657432597	0.965866019443
0.20523696293	-0.111771943991	0.972308919299
0.295538072462	-0.940003534687	-0.170441033647
0.933024570811	0.322335121825	-0.159890420408
0.170899366406	-0.0836769217269	0.981728851075
0.291816187499	-0.947384861029	-0.131548996407
0.941082715268	0.308966015142	-0.137489150404
0.159899186157	-0.158444968652	0.974334009242
0.225337865162	-0.955113626026	-0.192299828304
0.96106941278	0.250302955137	-0.117017560711
0.196455830254	-0.0848312595029	0.97683617299
0.250656650112	-0.95880256773	-0.133675848911
0.94793274825	0.271111870339	-0.167098978785
0.177410026313	-0.118075830909	0.977028137954
0.297970989672	-0.939733456566	-0.167674671302
0.937944120677	0.320873190275	-0.131535164936
0.189663958782	-0.145673057047	0.970982313712
0.294665718469	-0.934900878819	-0.197817515721
0.936589241583	0.323634076724	-0.134391857837
0.195777381357	-0.0903072238657	0.976481240871
0.246781085363	-0.959168288287	-0.138183872936
0.949089091899	0.268030394079	-0.165497133914
0.165605283674	-0.139383965813	0.976292254568
0.230046933807	-0.957190832603	-0.17567897077
0.958985330701	0.253686425729	-0.126450572591
-0.377780334341	-0.23967911151	0.894335398888
0.841510923237	-0.491760226599	0.223676323076
0.386188099598	0.837093575974	0.387470045267
-0.34204580395	-0.220553513713	0.913433543764
0.849107358508	-0.488933231195	0.199902513723
0.402518800817	0.843978950481	0.354511152622
-0.350971162871	-0.215679823854	0.911208801893
0.850053176782	-0.481509250365	0.213444290223
0.392719828513	0.849488717975	0.352335161375
-0.32186780582	-0.246336961113	0.914176838381
0.87162747053	-0.454112204294	0.184520298787
0.369684653265	0.856212759562	0.360878100755
-0.341186279222	-0.249519605169	0.906273628793
0.862427454462	-0.466604640359	0.19621161075
0.373912836633	0.848539967851	0.374391658435
-0.354423783735	-0.21859221638	0.909176112682
0.848077456348	-0.48470533444	0.214068550309
0.393888802797	0.846922758659	0.357174246167
-0.340560385686	-0.282857034557	0.896666405284
0.856224741585	-0.487314765086	0.171474912152
0.388455835663	0.826145478473	0.408149195037
-0.333332044857	-0.247254344576	0.909810402412
0.864149329312	-0.466005817709	0.189959045744
0.377008774299	0.849531512952	0.368999403966
0.614189237839	0.499753576303	-0.610751859131
0.182904642607	-0.843001226361	-0.505859961067
-0.767670086803	0.198984349812	-0.609169441917
0.569594543871	0.570225313318	-0.591950433475
0.210184603942	-0.79730592026	-0.565797139908
-0.794597165806	0.197856168246	-0.573993811233
0.636223041737	0.505383311192	-0.58293064121
0.18400876073	-0.833172035738	-0.52150364779
-0.749240415132	0.224528366699	-0.623078347627
0.640814254235	0.483354474796	-0.596427183841
0.18515482117	-0.851280058163	-0.490957373177
-0.745033305381	0.204181051458	-0.63500768068
0.626460994554	0.526130761625	-0.575094059788
0.195267196419	-0.820224814502	-0.537682645102
-0.75459756025	0.224540255885	-0.616575035065
0.644401842432	0.530003404363	-0.551219215112
0.203220864876	-0.813617421774	-0.544727270349
-0.737188925462	0.239003996507	-0.632004290374
0.616711526689	0.52343687036	-0.587946311758
0.195712070846	-0.825395905844	-0.529546034491
-0.762472168729	0.211509007061	-0.611474184281
0.612973636783	0.53451789395	-0.581853857481
0.173015037934	-0.809361423175	-0.56124837833
-0.770927420103	0.24336097998	-0.588596825026
-0.430202912005	0.130992957976	0.893177650605
0.784875297573	0.54307782412	0.298391101317
-0.445977844561	0.829401788669	-0.336446801349
-0.412800248291	0.114488524299	0.903597466046
0.792412039738	0.53428897074	0.294310160868
-0.449087031787	0.837512799494	-0.311276714449
-0.325530445514	0.0975058566578	0.940490595658
0.825376320983	0.514560616163	0.232338782133
-0.46128503267	0.851892005385	-0.247984176869
-0.346416632721	0.114388934671	0.931080424243
0.801127604543	0.552453817685	0.230194185932
-0.48804727847	0.825657297929	-0.283019337417
-0.347656016262	0.0423823443716	0.936663763155
0.786391913659	0.557203648007	0.266668041253
-0.510610444913	0.829293568635	-0.227044327966
-0.307961728946	0.0494302146011	0.950113809731
0.780710701632	0.583871508432	0.222676603288
-0.543737434719	0.810339881271	-0.218400781392
-0.355402513867	0.0837428884577	0.930954404425
0.778907926567	0.577113421708	0.245443508526
-0.516712121416	0.812359035512	-0.270335545737
-0.321715521407	0.121760942872	0.938974613439
0.809753538009	0.549343687958	0.206205469958
-0.490711992491	0.826677543513	-0.275328731861
0.704181096437	-0.27327641746	-0.655323585285
0.540085972343	-0.392978469553	0.744227889395
-0.460907956375	-0.878002282762	-0.129135267281
0.7503013679	-0.283870764601	-0.597047120241
0.469863436592	-0.406326765081	0.783662560829
-0.465055078176	-0.868513700119	-0.171487051587
0.728049593145	-0.331947449722	-0.599795523886
0.491900738201	-0.356435271623	0.794347222989
-0.477469835285	-0.873364034946	-0.0962173490721
0.727677639291	-0.403277526397	-0.5548445611
0.456704457503	-0.318668652183	0.830584922874
-0.511767807484	-0.857798060333	-0.0477094056321
0.776497697376	-0.21926069904	-0.590741970461
0.468618863338	-0.425794921469	0.774012319188
-0.421245404404	-0.877851613422	-0.227879080133
0.760082782551	-0.25189783817	-0.599017238085
0.485042307322	-0.393521308442	0.780944934426
-0.432444369261	-0.884131500187	-0.176927670782
0.749355320862	-0.319075044343	-0.580222118865
0.480171117834	-0.341532591113	0.807954901482
-0.455963034402	-0.884051209663	-0.102718632012
0.718954671836	-0.328556490064	-0.61249882706
0.516788381219	-0.336597759299	0.787166894436
-0.464794523796	-0.882469593525	-0.0722043553919
-0.995844746072	-0.00708624407349	0.09079453467
-0.0860208819032	-0.254178493709	-0.963324499445
0.0299043518172	-0.967131567317	0.252512363446
-0.990836636403	-0.0153889621266	0.134146778372
-0.125054066315	-0.270123204715	-0.954666530175
0.0509279766054	-0.962699269338	0.265730230193
-0.994464769779	0.0340967752901	0.099341313336
-0.104864718679	-0.269301880525	-0.957326723806
-0.00588875172663	-0.962449206583	0.271392205804
-0.997503179419	-0.00682640578807	0.0703459390199
-0.065245478323	-0.29368362249	-0.953676031355
0.0271694407558	-0.955880926374	0.292499946859
-0.983400235077	-0.0161620505874	0.180740618205
-0.171196812463	-0.24761799988	-0.953614045934
0.0601667212906	-0.968724359826	0.240737962759
-0.991073316658	-6.37607476701e-05	0.13330955747
-0.128804479052	-0.257313253165	-0.957704485818
0.0343634741334	-0.966327310964	0.255009494016
-0.989532175354	0.044240327878	0.137347937288
-0.144262315379	-0.282400129921	-0.948385843144
-0.0031696765622	-0.958274551736	0.285829062715
-0.992404034198	-0.0227226674576	0.121047319974
-0.108810780944	-0.298681756303	-0.948141306131
0.0576973763657	-0.954094022004	0.29391810185
0.719214348459	0.636875203305	0.277706022413
0.297762802296	-0.643670713613	0.704999975878
