-0.207370798329	-0.858166723812	0.469624525051
0.693040401375	0.209937735369	0.68965290447
-0.69042908575	0.468482657869	0.551209275208
-0.191650621022	-0.834863696394	0.51601612137
0.702606227102	0.250396270306	0.666067707458
-0.685284261244	0.490208434978	0.538591837614
-0.152178031862	-0.872498478755	0.464314856017
0.686785373823	0.244486337735	0.684508804527
-0.710751525676	0.423051838127	0.562013722303
-0.141904210194	-0.863108617193	0.484671719295
0.694390493506	0.262151174896	0.670148178906
-0.705467932004	0.431648299069	0.562134085044
-0.179205980552	-0.858168731091	0.481073429435
0.698552717807	0.233329590481	0.676447634335
-0.692754874379	0.457278613683	0.557662042026
-0.178701777386	-0.855067294632	0.486750022962
0.705887752975	0.23321010379	0.668831458719
-0.685410930321	0.463112255963	0.561906478588
-0.184557706037	-0.859572542454	0.476522264593
0.688652979587	0.232824129948	0.686694968382
-0.701210024244	0.454893339316	0.548977723409
-0.188646755562	-0.849949832816	0.491932577336
0.697548154931	0.23662879284	0.676338207847
-0.691258960521	0.470735681182	0.548241697928
0.81600487532	0.201588493771	-0.541754668583
0.227728930302	0.749309733577	0.621831532773
0.531296128403	-0.630790773574	0.565532863677
0.800860715386	0.145754194902	-0.580842343761
0.319102413105	0.716892569801	0.619869899265
0.50675019841	-0.681777644642	0.527620581015
0.769922231515	0.238063799208	-0.5920687374
0.259005920952	0.731369128215	0.630884408512
0.583211535561	-0.639081240139	0.501437417696
0.76852829086	0.241750066158	-0.592385999711
0.254960780022	0.733466860426	0.630096315219
0.58682132527	-0.635282040761	0.502053247207
0.785081744044	0.173189285973	-0.59468657578
0.280972663144	0.756065929307	0.591116460373
0.551997295966	-0.631165412853	0.544912103511
0.797705937267	0.207627965626	-0.566176531582
0.292337803659	0.688026271299	0.664197604324
0.527450325222	-0.695349176262	0.488145138166
0.78915325025	0.172530869519	-0.589466072049
0.288775900876	0.742814446969	0.60401587778
0.542075299296	-0.646884688797	0.536371677848
0.789389322919	0.218738736147	-0.573600785566
0.2675701096	0.718350011606	0.642167809827
0.552513106036	-0.660398837702	0.508529881677
0.928400004289	-0.198668679222	0.314013036815
0.0662885550415	0.920064917563	0.38611704731
-0.365621742877	-0.337655597687	0.867357733174
0.938731540398	-0.168152214036	0.300845356524
0.0451067900203	0.925336800596	0.376453428257
-0.341684756935	-0.339818538439	0.876227646764
0.960720439265	-0.148510455131	0.234437371472
0.059534219117	0.935387996714	0.348575630909
-0.271057029387	-0.320926686996	0.90748782123
0.972249889037	-0.133860544198	0.191863254392
0.0501424326666	0.920299148025	0.387988679952
-0.228507965124	-0.367601460867	0.901472837806
0.948513974051	-0.141275197278	0.28348290926
0.0144615750652	0.913398524316	0.406809536423
-0.316404968443	-0.381764920746	0.86841432605
0.955256418599	-0.16249121376	0.247147284727
0.0509463807133	0.913484392709	0.403671563157
-0.291358269472	-0.373018592111	0.880890168641
0.954175151379	-0.155849902244	0.255461521289
0.0482647956298	0.922649109028	0.382608326864
-0.295330815175	-0.352745560218	0.887890916909
0.960351395583	-0.159633200969	0.228566046071
0.05588380212	0.913428035369	0.403145412055
-0.273134027409	-0.374388119134	0.886132798861
-0.641874910653	0.711351588724	-0.286312841674
0.303508803604	-0.107204341148	-0.946778388227
-0.704186432859	-0.694611997808	-0.14708946199
-0.67024217428	0.703597846291	-0.236064174706
0.286381604931	-0.0482450647385	-0.95690045966
-0.684661814505	-0.708959084882	-0.169161972576
-0.544259148546	0.800141241451	-0.252102238924
0.284443881413	-0.10670066318	-0.952736236173
-0.789223177225	-0.590244568902	-0.169522260093
-0.537323375571	0.817171880613	-0.208599873921
0.299952158342	-0.0460025676105	-0.952844479663
-0.788233780404	-0.574555495364	-0.22039430298
-0.626109141803	0.740802626514	-0.243307016864
0.24124234488	-0.112687837874	-0.963900013255
-0.7414775566	-0.662202818679	-0.108157823222
-0.646624125546	0.72144080334	-0.247791961369
0.282830040982	-0.0749383387639	-0.956238310329
-0.708438322482	-0.688409547798	-0.155588407507
-0.599031088097	0.756655664708	-0.261981742373
0.26663729694	-0.120012568441	-0.956295909458
-0.755027668467	-0.642704846435	-0.129861596627
-0.594756549224	0.764696381997	-0.24799954511
0.308920674037	-0.0674039157397	-0.948696219923
-0.742180805577	-0.640855634214	-0.19614145612
0.551164076075	-0.747207455554	0.371347786575
0.565638251386	0.661771543009	0.492048567387
-0.613409756035	-0.061150980887	0.787393820307
0.568510113722	-0.726499143338	0.385999025802
0.541448470855	0.683676528251	0.489305589617
-0.619378564854	-0.0691765953893	0.782038869469
0.526215963276	-0.743055480756	0.413479522347
0.576195818148	0.669173436691	0.469260367805
-0.625376000524	-0.0086871262099	0.780275203468
0.573729625538	-0.72769668337	0.375888083042
0.555139396228	0.682931929916	0.474788613763
-0.60220807427	-0.0637300087547	0.795791379645
0.564177913885	-0.713878990839	0.414825321601
0.54880308943	0.699604890017	0.45756764831
-0.616861759259	-0.0304921331816	0.786480635327
0.540290716892	-0.739692865009	0.401173768542
0.572192730312	0.672514576403	0.469382161824
-0.616993846395	-0.0240541039132	0.786600271445
0.563721688894	-0.714549107446	0.414291469498
0.549198405849	0.698909410827	0.458155803612
-0.616927029448	-0.0307441444632	0.78641962946
0.529106640748	-0.760103230423	0.377212468344
0.530785377079	0.643296652141	0.55175746864
-0.662052151006	-0.0917196806679	0.743824207693
0.245214443494	-0.951185276855	-0.187393797576
-0.776279261459	-0.0768568644574	-0.625686435636
0.580741228521	0.298897267643	-0.75723181696
0.229197665431	-0.951386908917	-0.205746053633
-0.791864315896	-0.0593230993896	-0.607808979873
0.566055999222	0.302231368895	-0.766966062081
0.193807670305	-0.966069166203	-0.17073084159
-0.794640008946	-0.0525311394969	-0.604803954463
0.57531374948	0.252885217566	-0.77785815201
0.197239184443	-0.959752017647	-0.199931938766
-0.800374263912	-0.0398762295983	-0.598173000679
0.56612520981	0.278003535404	-0.77602597014
0.285289746546	-0.939013138651	-0.192000249509
-0.781581714987	-0.111982026367	-0.613669344111
0.554742997404	0.325137457923	-0.765862823641
0.267106856778	-0.938527663881	-0.218677112846
-0.792791148359	-0.0850057889181	-0.603536332848
0.547846740098	0.33457395911	-0.766762051005
0.258405943582	-0.951321721683	-0.167968585475
-0.735944450508	-0.0812260629869	-0.672151940964
0.625789285319	0.297303629019	-0.721109245722
0.224454506768	-0.954151721494	-0.198026970372
-0.802142293947	-0.0655135602313	-0.593528207622
0.553342505946	0.292065892138	-0.780070265061
0.947139798764	-0.191145744381	0.257661636469
-0.0973596388677	-0.936507428761	-0.336861112877
0.305691536066	0.293968728021	-0.905613348486
0.942130060133	-0.216078036303	0.256322600445
-0.12776094007	-0.938292892281	-0.321379910259
0.309948601326	0.270033677072	-0.911600303839
0.947412999542	-0.173132136967	0.269135450298
-0.0835366254118	-0.945653781437	-0.314263053443
0.308917885	0.275254241918	-0.910387576077
0.950406239245	-0.170137280686	0.260348406064
-0.0734880213571	-0.936248410868	-0.343567568782
0.30220439695	0.307396274087	-0.902319388691
0.957018808901	-0.157940934816	0.243248175196
-0.0716679351719	-0.941487305354	-0.329341772571
0.281031529717	0.297753181681	-0.912340372173
0.94305837381	-0.217399270096	0.251750871444
-0.131053821006	-0.938481649715	-0.319497201686
0.305721834206	0.268311615939	-0.913534012455
0.946479926474	-0.162290602633	0.278993717893
-0.0673933249794	-0.944709580977	-0.320907186127
0.315648339255	0.284929890775	-0.905085945488
0.934721988957	-0.228795732244	0.271932562152
-0.134032855615	-0.93564347364	-0.326506578584
0.32913522915	0.268744981627	-0.905232675513
-0.995551029969	0.0876246730183	0.0345724611225
-0.0770411749984	-0.546213015973	-0.834093683523
-0.0542032816765	-0.833048337263	0.550537363897
-0.993946934489	0.105364512221	0.0312352198788
-0.0875258785325	-0.587092218539	-0.804778341058
-0.0664570536784	-0.802637699845	0.592754402427
-0.993844284623	0.0780663829921	0.0786555122455
-0.109356913281	-0.575917851133	-0.810163953504
-0.0179475702474	-0.813775279722	0.580903828346
-0.993916410642	0.0675106691792	0.0869586287967
-0.109511571877	-0.525546786108	-0.843682181703
-0.0112565181249	-0.848077070581	0.529750937255
-0.996719350167	0.0723251202055	0.0365922531048
-0.070587967997	-0.552622879058	-0.830445880941
-0.039840366139	-0.830296392491	0.555900131334
-0.995085498851	0.0801214972588	0.0580717606293
-0.0933792715815	-0.566135974983	-0.818999458173
-0.0327428670777	-0.820402551511	0.570845642447
-0.997763554283	0.0643902477952	0.0184581633084
-0.0521452854244	-0.573701841498	-0.817411749748
-0.042043751163	-0.816538422492	0.575761534803
-0.99347144022	0.0693155570308	0.0906325591413
-0.112787830981	-0.476449157149	-0.871939431317
-0.0172572421226	-0.876467238553	0.481153317642
-0.992079672362	0.0422562426528	-0.118246566484
0.046779359748	0.998265667027	-0.035739904272
0.116531249156	-0.0409885253782	-0.992335792111
-0.992197345597	0.00488834041049	-0.12457890047
0.00295484536205	0.999872376637	0.015700295744
0.124639749692	0.0152096852562	-0.992085162287
-0.981168164527	0.025029245211	-0.191523498714
0.00999231301828	0.996818281817	0.0790788505031
0.192893409312	0.0756759393765	-0.978296461975
-0.983670700456	0.00480915383388	-0.1799179435
-0.0074770309874	0.997688056835	0.0675472957956
0.179826828815	0.067789491819	-0.981360553423
-0.985585795476	0.0395311397334	-0.16446946871
0.0430561696013	0.998911894094	-0.0179217706961
0.163582038763	-0.0247449509394	-0.986215432317
-0.980443475541	0.0260813932765	-0.195064266083
0.0252809252489	0.99965864835	0.0065925372866
0.195169623139	0.00153220562348	-0.980768161296
-0.983142569974	0.0110196446787	-0.182519823381
-0.0108790524516	0.99288900377	0.118545719376
0.182528257302	0.118532733014	-0.976031578746
-0.990358850542	0.0155111851313	-0.137623590825
0.00930106939313	0.998914067552	0.0456527230205
0.138182269933	0.0439327229621	-0.989427654034
-0.856264676405	-0.24794582911	-0.453136271362
-0.515023111181	0.342720720117	0.785680139638
-0.0395070822282	0.906126344777	-0.421157128864
-0.866090650503	-0.277057789217	-0.416084815856
-0.495172642122	0.361443216163	0.790039912816
-0.0684955987294	0.890279726144	-0.450234199327
-0.848978536315	-0.297291295115	-0.436865591732
-0.520988272016	0.332694538384	0.786056562953
-0.088345230845	0.894947811656	-0.437335279415
-0.861364220152	-0.263558094929	-0.434268178789
-0.504357909392	0.341689714877	0.793014030281
-0.0606202915292	0.902100484196	-0.427246916369
-0.890443701205	-0.252925781571	-0.378338122383
-0.451719222628	0.390140959582	0.802334190522
-0.0553256698109	0.885335506116	-0.461650319121
-0.865399737884	-0.25021872785	-0.434137610939
-0.501079776549	0.428708114104	0.751750553935
-0.00198356573181	0.868101621955	-0.496383832874
-0.899157528178	-0.224968338786	-0.375373311794
-0.432159642158	0.321313312494	0.842612513504
-0.068948679126	0.919862517319	-0.386133563648
-0.890298227081	-0.252224308213	-0.379146598418
-0.447986316641	0.335706202682	0.828619133316
-0.0817160011724	0.907570551716	-0.411871729641
0.868016644665	-0.0269518250416	-0.495803093161
-0.479829994757	0.211296001886	-0.851538135664
0.127711723004	0.977050469263	0.17047615132
0.878028859208	-0.00487013925002	-0.478582912585
-0.467917062064	0.201432521212	-0.860510640798
0.100592969456	0.97949028665	0.174584745528
0.886970494407	0.0268384227922	-0.461045596627
-0.455057821197	0.221077349985	-0.862581701617
0.0787764081083	0.974886922498	0.20830212015
0.884529720143	0.0236477513147	-0.465884057089
-0.459807632835	0.212559980632	-0.862203672161
0.0786391224419	0.976861819992	0.198889038231
0.897992549403	0.0192145605679	-0.439590925757
-0.430715116382	0.242653517525	-0.869254715205
0.0899659372528	0.969922714471	0.226177052461
0.900323182186	0.015282545576	-0.43495357703
-0.432303839957	0.146937787553	-0.889675615101
0.0503146134728	0.989027681083	0.138898198345
0.882153496976	0.0160482850305	-0.470688496678
-0.465137592665	0.186380838098	-0.865395405073
0.0738392053551	0.982346496802	0.171881168506
0.915394487953	0.0108526232037	-0.402411669392
-0.395080270773	0.215998869577	-0.892891967103
0.077230244976	0.976333296493	0.202011832068
0.226015604756	0.660555082215	0.715949656597
-0.34989048277	0.740970144742	-0.573183991676
-0.909116921792	-0.120955452984	0.398592757276
0.234149466365	0.636991926889	0.734448982611
-0.364763727922	0.757822475096	-0.540973675546
-0.901177810297	-0.141231653389	0.409795279258
0.214620449882	0.672503150682	0.708291998805
-0.369837992211	0.727146813097	-0.578340181065
-0.903967866002	-0.137829669667	0.404777796834
0.233825857959	0.628501295911	0.741829884344
-0.328999221457	0.769118455954	-0.547919984497
-0.914923476881	-0.115943599082	0.38661622285
0.231819757255	0.640235252508	0.732364945495
-0.31927626597	0.761244565405	-0.564419502745
-0.918870098508	-0.102983156572	0.380883453198
0.228863530901	0.673677008751	0.702695367964
-0.310652214881	0.734655064386	-0.603139403897
-0.922559859125	-0.080257255274	0.377415004751
0.22965064981	0.628405649105	0.743213904408
-0.36897451814	0.762833642777	-0.53098270675
-0.900621103737	-0.152286473716	0.407050916433
0.213437018604	0.627468348404	0.748817806833
-0.350172280411	0.764687098635	-0.540955649118
-0.912043864138	-0.146755279403	0.382934557718
-0.482676906193	0.777563079023	0.403005649004
0.846720977449	0.296731976904	0.441600834238
0.22378892139	0.554385577547	-0.801603980669
-0.485853899134	0.770408229776	0.412804291836
0.832464234777	0.263965690558	0.487155596198
0.266344742171	0.580334762515	-0.769584571222
-0.491865952628	0.780405452112	0.386048858463
0.823585977415	0.273198348415	0.497059425488
0.282440309821	0.562431564703	-0.777107731885
-0.497845131652	0.766463066231	0.405812512167
0.828537310253	0.282065216171	0.483699035425
0.256272028216	0.577038299818	-0.775467924697
-0.427996837357	0.785567982309	0.446883227939
0.867467923277	0.218312258189	0.447035551346
0.25361600172	0.578985601938	-0.774892433963
-0.48578471888	0.771422820575	0.410998716124
0.812577145584	0.225307279496	0.53754531269
0.322073741921	0.59509949808	-0.736291370406
-0.467049304628	0.792643618949	0.391908140184
0.844476592906	0.268424200558	0.463479441854
0.262173951866	0.547421229335	-0.794737826228
-0.508185591185	0.748371640432	0.426252602948
0.842264929998	0.328500205027	0.427409848926
0.179836540831	0.576219818351	-0.797266763941
-0.807887610906	0.576810140806	0.120860991111
-0.559870343012	-0.81521673057	0.148211300517
0.184017707636	0.0520716050218	0.981542677759
-0.809374238404	0.565660604721	0.1579288512
-0.537303856129	-0.821771080739	0.189728641217
0.237103369786	0.0687056866338	0.969051867736
-0.825957124674	0.559958149852	0.0651315140698
-0.546686182557	-0.823814150982	0.149882879162
0.137584379611	0.0881903060316	0.986556137008
-0.833570478615	0.551289261355	0.0352190384087
-0.531695722567	-0.817972821651	0.219590744435
0.149866236877	0.164318552672	0.97495616513
-0.788597544141	0.605523419082	0.107030155214
-0.595148253739	-0.795375386952	0.114789817857
0.154637062999	0.0268241524717	0.987607130717
-0.823282868821	0.551422973	0.1346768299
-0.518700461067	-0.827200801031	0.216075199515
0.230553627933	0.108034091861	0.967043771757
-0.807746103604	0.589181097038	0.0202966652533
-0.571673063748	-0.791223861223	0.217151551757
0.144000791358	0.163800253783	0.975926867196
-0.863936124675	0.501766072241	0.042958168381
-0.489559246572	-0.856788406488	0.162004915822
0.118094621294	0.118931313801	0.985854454122
-0.0689105476985	0.538851815707	-0.839577320328
0.483445185668	0.75419689634	0.444373489906
0.872658070812	-0.375267593573	-0.312477437312
0.014699583973	0.527144616469	-0.849648438278
0.474344378337	0.744359933711	0.470027337543
0.88021663588	-0.409935166367	-0.239106304035
-0.00412726540369	0.552015479262	-0.833823651544
0.526543911155	0.710076826411	0.467485199573
0.850137918719	-0.43711533129	-0.29359106499
0.0342691150837	0.5507809245	-0.833946032529
0.534802051724	0.694807473532	0.480863114833
0.844282166953	-0.462474802495	-0.2707483312
0.00628009479407	0.550670903031	-0.834698862967
0.446007113759	0.745548598034	0.495212037028
0.895007424417	-0.37539161378	-0.240921024496
0.0117807263361	0.551508994132	-0.83408576131
0.427929253608	0.751116778159	0.502692891172
0.903735460041	-0.362851785609	-0.227158131074
-0.0449329944453	0.547498256066	-0.835599551182
0.530380815366	0.721897049091	0.444478144642
0.846567859668	-0.423214236501	-0.322819567553
0.00130481142686	0.522585990594	-0.852585574596
0.485277893708	0.745136249967	0.457468392676
0.874358991177	-0.414337841446	-0.252627166495
0.720431125188	-0.683260034064	0.118889531781
0.689629603883	0.687630949834	-0.227100610871
0.0734166490927	0.245600089293	0.966587084489
0.723594768038	-0.686811683431	0.06855897066
0.675760509715	0.684699273732	-0.273010345326
0.140564413935	0.243878302946	0.959565016164
0.701260688182	-0.698542417029	0.142379553328
0.711676835081	0.674231292476	-0.197302419885
0.0418273595079	0.239688660756	0.969948358285
0.676920986921	-0.721955787175	0.143380004457
0.732513595588	0.64167143027	-0.22733590884
0.0721236202036	0.25891625004	0.963203280546
0.736140964368	-0.673186414481	0.0701179889961
0.663287169694	0.696912370089	-0.272696313591
0.134709359519	0.247251289754	0.959541655292
0.67724673799	-0.734212515182	0.0476323472956
0.71554523962	0.642191827902	-0.274926660284
0.171265489856	0.220276283399	0.960284588657
0.691478377544	-0.712065833828	0.121737032968
0.718216460922	0.659540937719	-0.221745057688
0.0776065213862	0.240765453591	0.967475697145
0.652760971647	-0.75217976194	0.0901594222187
0.753201106972	0.631634854972	-0.183645049869
0.0811862558721	0.187784497799	0.978849209201
-0.204340932049	-0.924581823346	0.321548795503
-0.947629985806	0.269197779716	0.1718435438
-0.245443651277	-0.269594594685	-0.931169585994
-0.155755145988	-0.932667246944	0.325380176893
-0.954619101173	0.226776427254	0.193067094612
-0.25385591329	-0.280542934012	-0.925663564675
-0.153677314357	-0.947833564523	0.27927403816
-0.975387122873	0.19074010753	0.11062364424
-0.158121519601	-0.255400008015	-0.953817077653
-0.126747932504	-0.93104200012	0.342192508311
-0.980928107565	0.168895864789	0.0961987682969
-0.147359989553	-0.323473258933	-0.934692468471
-0.138738108718	-0.934020261116	0.32917693453
-0.953817109413	0.215449254961	0.209318515125
-0.266428647469	-0.284934151706	-0.920775527268
-0.15414365361	-0.93383650984	0.322783565078
-0.949686159746	0.230177271915	0.212402220995
-0.272646391835	-0.273802626698	-0.922331974619
-0.121625405864	-0.939713740753	0.319601973322
-0.985515439915	0.152666615586	0.0738395492469
-0.118180597398	-0.305991906401	-0.94467054051
-0.165814602499	-0.930006969408	0.328014004332
-0.974763143495	0.204982349942	0.0884278331899
-0.149475631017	-0.305073277185	-0.940525589357
0.062659827262	0.937110322139	0.343360046222
0.827308612487	-0.241201836632	0.507325988918
0.558240393474	0.252276521831	-0.790392718833
0.0604532111507	0.92302877847	0.379953540589
0.863747131264	-0.239158369293	0.44356062356
0.500287629391	0.301368557844	-0.811721626173
0.0131608617765	0.938326299312	0.34550064591
0.875916004302	-0.177477229061	0.448634777813
0.482284245764	0.296725068836	-0.824230801709
0.0526873421189	0.923462328434	0.380057418294
0.863843020916	-0.233087953863	0.446596232408
0.501000547357	0.304779079907	-0.810007715897
0.0807183033181	0.934478922284	0.346749401076
0.816142661965	-0.261672605752	0.515209267969
0.572186297162	0.241409565444	-0.783790196702
0.0312234871516	0.919159612458	0.392629506977
0.882640859884	-0.209666919157	0.420676774975
0.468996199758	0.333420820233	-0.817831986181
0.0831318085038	0.93966440445	0.331841631441
0.872880261003	-0.229319109142	0.430687125757
0.480799450188	0.253854598835	-0.839278048638
0.0588624251787	0.938414059364	0.340451398492
0.887989245139	-0.205025400396	0.411619457537
0.45607368052	0.278090867335	-0.845368747754
0.944497914184	0.0365698472883	-0.326474771349
0.00151393076478	-0.994248733398	-0.10699084617
-0.328513071386	0.100558338391	-0.939120660934
0.944673761062	0.0667715136826	-0.321143327301
0.0149161386237	-0.986793269294	-0.161294976526
-0.327672062462	0.14758091206	-0.933193669008
0.939410806113	0.0358706084734	-0.340911724382
-0.0108770052248	-0.990892765108	-0.134233776494
-0.342621066385	0.12980876489	-0.930465373238
0.934875446251	0.0451296250317	-0.352095653454
-0.0156103690173	-0.985701243769	-0.167789768707
-0.354632695357	0.162358883489	-0.920803532046
0.952566257096	0.0742728010126	-0.295128293949
0.03380252871	-0.989575275162	-0.139938454452
-0.302447595316	0.123324502883	-0.945146269105
0.951817889117	0.00573477921315	-0.306611120615
-0.0175745102646	-0.997173498953	-0.0732079514939
-0.306160747919	0.0750691673082	-0.949027349732
0.927910541916	0.0692261315945	-0.366319445991
0.00550772278268	-0.98504887974	-0.172200420037
-0.372762469672	0.157769015893	-0.914418684063
0.936497720215	0.0475476637208	-0.347435187827
-0.0175642174012	-0.983161058581	-0.181892537772
-0.350233476887	0.176444372834	-0.919892922551
0.806188460643	0.217662782648	0.550166406514
-0.564687086961	0.00550942933771	0.825286688896
0.17660310197	-0.976008472351	0.127353004385
0.816044873453	0.14811903647	0.558687314765
-0.563246082153	-0.0131308330019	0.826184866055
0.129709735887	-0.9888823656	0.0727121179307
0.807145171202	0.124655503435	0.577042182318
-0.578791302042	-0.025404985494	0.815079889692
0.116263938478	-0.991874792181	0.0516440083012
0.801632762231	0.128030178129	0.583946220114
-0.586653593005	-0.0194112296877	0.809605314872
0.114989026918	-0.991580293038	0.0595486863541
0.833241745668	0.184873180537	0.521085499441
-0.532829565855	0.0168146803445	0.846055497326
0.147651089942	-0.982618521057	0.112516592225
0.864837114455	0.1146644353	0.488783009326
-0.499137327162	0.0916104076619	0.861666666886
0.0540249161175	-0.989171159843	0.136461382059
0.799732623076	0.163901885053	0.577549915951
-0.579758952359	-0.038984699735	0.813854876145
0.15590795521	-0.985706028358	0.0638462476648
0.870436510784	0.121634386293	0.4770171455
-0.48009523023	-0.00451590957954	0.877204753222
0.108852427349	-0.992564700781	0.0544652758692
0.168371939692	-0.694817857555	-0.699198843825
0.98473970432	0.0868801952407	0.150796331982
-0.0440294574084	-0.713918737551	0.698842928615
0.142622291606	-0.719301041004	-0.679900646418
0.988411907318	0.0674375519868	0.135992912455
-0.0519690105914	-0.691417517261	0.72058381679
0.223456513398	-0.670374431922	-0.707577066756
0.973791680024	0.121969317115	0.19197199551
-0.0423904268812	-0.73193005415	0.68005988458
0.202330688974	-0.701404019702	-0.683443266035
0.977911785733	0.107329192092	0.179357154369
-0.0524484134029	-0.704636679888	0.707627242916
0.111417268749	-0.691723283393	-0.71351598854
0.993738714593	0.0715254808537	0.0858338279896
-0.00833869351785	-0.718611841065	0.695361401946
0.136637112782	-0.682116619614	-0.718364254909
0.982949563	0.00328237734903	0.183846040261
-0.12304650374	-0.73123602699	0.670934740076
0.0866802396347	-0.674771848908	-0.732918481282
0.993626292953	0.00533906545681	0.11259794691
-0.0720648196856	-0.738007086428	0.670933831724
0.229719259631	-0.6791527912	-0.697123066196
0.972176428142	0.126380847951	0.197233106195
-0.045848400006	-0.723034848274	0.68928843096
-0.431522136655	0.385348589836	-0.815656302769
-0.870479403319	0.0594309214245	0.488603761727
0.236757995288	0.920855304534	0.309792196923
-0.422863991343	0.340115549635	-0.839944922842
-0.872845826078	0.0962634494098	0.478407276458
0.243569752656	0.935443622656	0.256162082721
-0.46299085646	0.416406743541	-0.782460817341
-0.860208488688	0.00177464279072	0.509939441365
0.213730818387	0.909176716489	0.357374947353
-0.45577173023	0.420406285734	-0.784557676143
-0.848644073992	0.0606118150553	0.525480241105
0.268468672209	0.905309230611	0.329150114307
-0.457736491676	0.366622308117	-0.809978658055
-0.831692686457	0.145455152569	0.535845217224
0.31426838627	0.918929216381	0.23833694031
-0.464297541393	0.383539223251	-0.798326604368
-0.838858789626	0.0987560923182	0.535315897277
0.284154243468	0.918229188732	0.275883088197
-0.524817493905	0.40492923713	-0.748731549131
-0.821219070194	-0.00941471884873	0.570535376778
0.223977361572	0.914299562683	0.33747660747
-0.478400870132	0.410741511637	-0.776159760051
-0.82344519729	0.0972342128989	0.559002224908
0.305074695058	0.906552199826	0.291706218461
-0.271201153004	0.905335662276	0.326829128763
-0.191809090465	-0.383577623385	0.903370071669
0.943217479488	0.182306204458	0.277678298972
-0.285556834255	0.878107650798	0.383906616986
-0.227431209166	-0.451234319858	0.862938399718
0.930984630406	0.159105594561	0.328562094509
-0.211889944586	0.896443650357	0.389218976111
-0.169784858592	-0.425972081204	0.888662400595
0.962432195754	0.12221514707	0.242461775969
-0.234590911079	0.878590396812	0.415988021567
-0.188226082156	-0.460885566201	0.86726896326
0.953697049095	0.125153614683	0.273493181115
-0.232698185236	0.888636500805	0.395192019561
-0.164739667208	-0.436490338793	0.884498183074
0.958494864324	0.140717316808	0.247964184667
-0.241682985762	0.893549359319	0.378363319707
-0.174162306908	-0.423535051321	0.888980013833
0.954597690177	0.148954746828	0.257983891735
-0.239656237181	0.879169572436	0.411856448791
-0.122141021944	-0.448151650157	0.885574192248
0.963144040248	0.161928818069	0.214785020844
-0.248975558275	0.892078620221	0.377103064907
-0.184369596814	-0.425899814007	0.88578608524
0.95079905237	0.151012821905	0.270510963703
0.153742112262	0.777617720644	-0.609650192848
0.661989478152	-0.539109144987	-0.520701462737
-0.73357522308	-0.323528612367	-0.597658208597
0.175749283844	0.779477227222	-0.601271116886
0.661643434058	-0.54578282013	-0.514148002989
-0.728930497322	-0.307466185219	-0.611656705826
0.109171977733	0.747223000016	-0.655541577885
0.624217848267	-0.564764963418	-0.539800608553
-0.773581960747	-0.350271904863	-0.528084094868
0.127735461804	0.738404671131	-0.662149195847
0.639120618282	-0.571801747257	-0.514360234915
-0.758424585042	-0.357491479098	-0.544968682476
0.113392154299	0.793607704477	-0.59776994863
0.61598604186	-0.528217046253	-0.584420860963
-0.77955326715	-0.301949263768	-0.548746879237
0.171344344903	0.800748732772	-0.573970391807
0.633811977591	-0.53561461413	-0.55803073628
-0.75426979309	-0.268174183203	-0.599298409139
0.099081695464	0.783943475437	-0.612874228317
0.604595483494	-0.536611873096	-0.588651792346
-0.790345806438	-0.312216685354	-0.527136782864
0.143091518773	0.741942552359	-0.65501598868
0.625494209559	-0.580689827612	-0.521110444179
-0.766995234819	-0.335142283549	-0.547172496919
-0.15512539278	0.456256895219	-0.87622245958
-0.931398333157	-0.363194630971	-0.024225047575
-0.329292116667	0.812354204459	0.481297586349
-0.133872217884	0.51239787597	-0.848249145473
-0.922920713241	-0.376239442829	-0.0816161653814
-0.360964753354	0.771940579373	0.523270651576
-0.156175092138	0.410822538305	-0.898239482417
-0.911202313732	-0.410901350858	-0.0295026303734
-0.381208170428	0.813870323682	0.438515016641
-0.131927790645	0.432219713743	-0.892065716755
-0.916407197897	-0.396245218364	-0.0564593292311
-0.37787957288	0.810046867327	0.448364955421
-0.102590256088	0.480111816294	-0.8711876393
-0.939573756091	-0.334339045202	-0.0736110284426
-0.326613557402	0.810993261685	0.48540037371
-0.118205601596	0.490004344733	-0.863668426971
-0.927531496732	-0.365046631368	-0.0801638795082
-0.354559913378	0.791603857463	0.497645043107
-0.134131144326	0.414146389565	-0.900273049683
-0.925140206018	-0.377913515722	-0.0360128458543
-0.355139965624	0.82804836445	0.433833482924
-0.165240304889	0.425605475669	-0.889694144398
-0.917396724458	-0.397483160989	-0.0197597185289
-0.362048258454	0.812937374958	0.456129264811
0.909788560164	0.103097215643	0.402064348367
0.138654373934	0.837530266447	-0.528505456857
-0.391228501889	0.536576199123	0.747680575314
0.911346446111	0.190959199369	0.36466729748
0.0451717814807	0.83414500557	-0.549692293069
-0.409154205444	0.517432788947	0.751569119193
0.951345760659	0.105618554114	0.289458053252
0.0734605220544	0.834581834775	-0.545964021145
-0.299240363696	0.540664296688	0.786217096312
0.948105414736	0.149442112116	0.280647780669
0.0273482837206	0.841061957448	-0.540247029067
-0.316777829158	0.519886368512	0.793328410738
0.929836977081	0.120803663599	0.347576856141
0.0873076786274	0.845173311939	-0.527313419193
-0.357464075561	0.520661644131	0.775326310044
0.923733622276	0.16316343912	0.346545649096
0.0499583079768	0.845685209102	-0.531338586926
-0.379763560966	0.508128151775	0.773036492174
0.950421802043	0.152109339139	0.271221583434
0.0187994197519	0.842495806357	-0.538374775258
-0.310394877843	0.516781932505	0.797866815168
0.946109471231	0.150590660488	0.286704241498
0.0254808836335	0.847947300822	-0.529467753027
-0.322842986123	0.508239933397	0.798413789289
-0.0193669852965	-0.833227935457	-0.552590409009
-0.0449410893259	0.552860915499	-0.832060767574
0.99880190781	0.00871951947566	-0.0481534270023
-0.0888922132355	-0.901382392319	-0.423801789412
-0.0612122435588	0.429625687387	-0.900929980462
0.994158556333	-0.0541438018139	-0.0933660166139
-0.0879535871892	-0.844937403546	-0.527584080992
-0.0172441088118	0.530848768299	-0.84729111352
0.995975310506	-0.065424570525	-0.0612602486705
-0.0499664807157	-0.900322808053	-0.432345030748
0.0068901846113	0.432564695399	-0.901576578977
0.998727144754	-0.048027530672	-0.0154103547597
-0.0137098594915	-0.847100925349	-0.531255201435
-0.0304054009697	0.531412610032	-0.846567281428
0.999443634414	0.00454672016313	-0.0330420415015
0.00332148762335	-0.891429832396	-0.453146561246
0.00493210209051	0.453158160526	-0.89141648365
0.999982313056	0.000725856716232	0.00590178647911
-0.102060944201	-0.856906567962	-0.505266903489
-0.0103788033886	0.508808813519	-0.860816965327
0.994723977	-0.0826117493965	-0.0608231597475
-0.120150355248	-0.864788668676	-0.487549435304
-0.0219782055155	0.493303882406	-0.869579345793
0.992512393786	-0.0937648051085	-0.0782771400983
0.938848335362	-0.150439949991	0.309728305433
-0.0239485430582	0.868800419323	0.494582951143
-0.343497116473	-0.471755921767	0.812069009875
0.938789315758	-0.0884842888361	0.332934153958
-0.114271202768	0.831745343842	0.543269522594
-0.324987249689	-0.548060409618	0.77072243612
0.899479254926	-0.200155037095	0.388426355151
-0.0384999351697	0.849162993246	0.526725705974
-0.43526408908	-0.488733235485	0.756098540439
0.910418598555	-0.186704372656	0.369160467387
-0.0329030879252	0.85685660638	0.514503780146
-0.412377691268	-0.480560329418	0.773955040427
0.889866890332	-0.182663869027	0.418056008554
-0.0695802084241	0.851287432514	0.520065667902
-0.450883033537	-0.491877642597	0.744822710308
0.90057425726	-0.143256614438	0.410418749972
-0.105686100653	0.843653984332	0.526382374348
-0.421659170465	-0.517421973167	0.74463282735
0.935998678675	-0.109058605173	0.334682973778
-0.0785991937305	0.862035705414	0.500716093917
-0.343116072261	-0.494975414137	0.798292362805
0.949894348194	-0.0804638319082	0.302036917694
-0.0955452077455	0.845301254539	0.525677566847
-0.297610216848	-0.528196329752	0.795258950671
-0.950916557932	-0.280926137565	-0.1297578278
0.256554216744	-0.950181268	0.177015199978
-0.173021740001	0.135036855657	0.975616990019
-0.957048813937	-0.250371688803	-0.146174959763
0.236379405658	-0.965794307724	0.10659101962
-0.167862676008	0.0674602574004	0.983499465184
-0.976111751667	-0.187476263935	-0.109814318499
0.175927846139	-0.978584816146	0.106872995886
-0.127498733482	0.0850005573953	0.98818975015
-0.954148059914	-0.247768782636	-0.167974319018
0.233184910754	-0.967078862313	0.101914448356
-0.187695335306	0.0580722630678	0.980509105465
-0.971544311442	-0.233221695733	-0.0413729136623
0.224009468245	-0.961455321396	0.159454812155
-0.076966456864	0.145649303542	0.986337904427
-0.98104799645	-0.176789697806	-0.0792917928821
0.165908831556	-0.977860175908	0.127517441508
-0.100080194247	0.111945705709	0.988661770413
-0.951568592607	-0.229433500273	-0.204628381198
0.198345742123	-0.966723118891	0.161556904209
-0.234886083072	0.113145639193	0.965415200251
-0.946697684025	-0.230784666008	-0.224725547409
0.205668110186	-0.969985554785	0.129723884846
-0.24791886208	0.0765904418477	0.965748484692
0.205089541887	-0.111573353119	0.972362847862
0.295848265581	-0.939940079368	-0.170252939633
0.932958694038	0.322588974664	-0.159762939964
0.17067492901	-0.0833658687078	0.981794176202
0.292084250668	-0.947347883454	-0.13121679808
0.941040096383	0.309162076461	-0.137338283959
0.159685094008	-0.158401151027	0.974376464741
0.225356589233	-0.95512890851	-0.192204556861
0.96110084142	0.250274368129	-0.116822855656
0.196405162794	-0.0845056424632	0.976874282644
0.250736785422	-0.958825396796	-0.133356064013
0.947921743677	0.271130174943	-0.167129143969
0.177128820557	-0.117875832259	0.977103421783
0.298249219418	-0.939689317312	-0.167428785988
0.937908957099	0.32107675629	-0.131290109507
0.189528731662	-0.145513738617	0.971032776811
0.294903685227	-0.93486099759	-0.197653311726
0.93654189346	0.323822122578	-0.134270523021
0.195654581597	-0.0899854650171	0.976535938276
0.24685002366	-0.959200129412	-0.137845884587
0.949096880449	0.268028054808	-0.165459520231
0.165393974784	-0.139256119523	0.976346487101
0.230063289609	-0.957219948377	-0.175501027657
0.959018045958	0.253648302005	-0.126280587871
-0.377988377617	-0.239670772631	0.894249730089
0.841519172709	-0.491627372811	0.223937201897
0.385966502407	0.837174001733	0.387517087662
-0.342140623762	-0.220413819998	0.913431787485
0.849139212519	-0.48879238716	0.200111715272
0.402371072763	0.844097061232	0.35439767743
-0.351127091585	-0.215519185705	0.91118679307
0.850059453803	-0.481379086315	0.213712980643
0.392566957693	0.849603315488	0.352229258172
-0.321943659509	-0.246313852825	0.914156379148
0.871701659999	-0.453900219932	0.184691466393
0.369443656846	0.856331832709	0.360842395648
-0.341297682183	-0.249489033283	0.90624014863
0.86247397059	-0.466437777513	0.196404050318
0.37370394	0.848640750376	0.374371854194
-0.354603382867	-0.218451937799	0.909139760282
0.848081702228	-0.484572040544	0.21435313718
0.393717892911	0.847035177514	0.357096047427
-0.340670126979	-0.282980521764	0.896585629297
0.856247404967	-0.487245214531	0.171558658889
0.388309345556	0.826144065073	0.408291308439
-0.333386356892	-0.247247885679	0.909792315856
0.864233482863	-0.465789354146	0.190107354814
0.376767915383	0.849652165467	0.368967686395
0.614056892463	0.499920084073	-0.610748688792
0.182977347567	-0.842910630775	-0.505984752384
-0.767758648013	0.19895021716	-0.609069068098
0.569312044121	0.57061803727	-0.591843656173
0.210332293199	-0.797034148539	-0.566124675894
-0.794760457149	0.197817789292	-0.573780587266
0.636219901759	0.505562383608	-0.582778500682
0.184102345184	-0.833039755919	-0.521680387097
-0.74921988166	0.224612502022	-0.623071588015
0.640826127265	0.4833834353	-0.596391161095
0.185195538691	-0.851265422109	-0.490968682132
-0.745013137471	0.204176611938	-0.63503364986
0.626400804955	0.526358091902	-0.5749515862
0.195352086495	-0.820054225828	-0.537911973036
-0.754625555946	0.224630557858	-0.61650788358
0.644399450421	0.53020982792	-0.551023571415
0.20330405583	-0.813441470408	-0.544959532384
-0.737168161793	0.239146334763	-0.631975112585
0.616631316243	0.523622355164	-0.587865116793
0.19576049477	-0.825261771736	-0.529736332786
-0.762524488169	0.211571223843	-0.611386782229
0.612912340262	0.534707884718	-0.581743855115
0.173002864648	-0.809192939931	-0.561495024852
-0.770978886719	0.243503864713	-0.588470312194
-0.430710931239	0.131051624804	0.892924212177
0.784682760626	0.543139672562	0.298784684815
-0.445826358835	0.829352032818	-0.336770160941
-0.413210174194	0.114556462053	0.903401501686
0.792277925196	0.534312102845	0.294629089485
-0.448946706741	0.837488762985	-0.311543774101
-0.325584577807	0.0975318132774	0.940469156748
0.825377437367	0.514540256636	0.232379888635
-0.461244810575	0.85190132771	-0.24802693175
-0.346563956587	0.114469810126	0.931015594098
0.80104154229	0.552557713092	0.230244228108
-0.488083826212	0.825576537712	-0.283191651036
-0.347814611511	0.042181912314	0.936613987901
0.78622219662	0.55734885797	0.266865011473
-0.510763872646	0.829206224699	-0.227018448998
-0.308045104558	0.049252751053	0.9500960036
0.780520106435	0.584084753728	0.222785491794
-0.543963797502	0.810196999759	-0.218367218482
-0.355528579309	0.0836970710604	0.930910379976
0.778786329314	0.577240218795	0.245531166555
-0.516808657557	0.812273661257	-0.270407512036
-0.321811425383	0.121909575894	0.938922496394
0.80969479157	0.549439843051	0.206180020357
-0.490746108934	0.826591744209	-0.275525566276
0.703871774396	-0.273313499405	-0.655640334937
0.540274941013	-0.393245095042	0.743949761921
-0.461158872696	-0.877871283954	-0.129129680998
0.750178459297	-0.283982613368	-0.59714836243
0.469760200696	-0.406673774637	0.783544423624
-0.465357545646	-0.868314681009	-0.171674188122
0.727855016941	-0.332182148386	-0.599901728781
0.491914233278	-0.356570922176	0.794277981976
-0.477752499732	-0.873219414493	-0.0961267975796
0.727473435566	-0.403797553891	-0.554734114392
0.456552667505	-0.318656535783	0.830673029533
-0.512193385346	-0.857557902226	-0.0474593161391
0.776464924554	-0.219111978176	-0.590840207413
0.468570575949	-0.426179724882	0.773829687722
-0.421359496191	-0.877701948993	-0.228244171498
0.760007818757	-0.251852773244	-0.599131277483
0.48502335686	-0.393818435476	0.780806848405
-0.432597330492	-0.884011974933	-0.177150604647
0.749206072153	-0.319284838362	-0.580299461131
0.480185020046	-0.341616415644	0.807911276513
-0.456193620209	-0.883943140811	-0.102625307323
0.718771511551	-0.328734945848	-0.612618030347
0.516846108839	-0.336705602798	0.78708286995
-0.465013564863	-0.882361989078	-0.0721090189696
-0.995829505651	-0.00675961608411	0.090866086021
-0.0861725211178	-0.254174064733	-0.963304979305
0.0296080158501	-0.967127961616	0.252544867455
-0.990819379986	-0.0150205705119	0.134320957926
-0.12531962877	-0.270128105935	-0.954630774381
0.0506233930259	-0.962704163911	0.265771640409
-0.994431806066	0.0346330028838	0.0995317111592
-0.105192713731	-0.269173600468	-0.957329860837
-0.00636391333682	-0.96246897331	0.27131753309
-0.997508018866	-0.00632799861024	0.0703285077237
-0.0653747406509	-0.293679978108	-0.953668520858
0.0266886839293	-0.955885694434	0.292529015594
-0.983335228641	-0.0157314023093	0.181103420439
-0.171661440851	-0.247468557536	-0.953565912991
0.0598186897061	-0.968766289502	0.240647752811
-0.991043311441	0.000348726211494	0.133481759487
-0.129078796384	-0.257231800502	-0.957685011405
0.0340024418223	-0.966344553012	0.254982708554
-0.989473123461	0.0449173905711	0.13756803337
-0.14466670446	-0.282364894186	-0.9483360965
-0.00375238612795	-0.958254786227	0.285890783193
-0.992380245617	-0.0222151255221	0.12119472014
-0.109098862296	-0.298706216759	-0.948088698514
0.057263515761	-0.954086594708	0.294006358592
0.71901918922	0.637099864816	0.277696205306
0.298078033066	-0.643648523355	0.704887331654
0.627822352576	-0.424052386354	-0.652701121069
