-0.138880706449	-0.862287888363	0.487002844153
0.711747219726	0.255018704923	0.654508495409
-0.688569580974	0.437521511395	0.578313814321
-0.138740943582	-0.861949261267	0.487641694821
0.711682025355	0.255634156431	0.654339264812
-0.688665119135	0.437829475584	0.577966871325
-0.138069835587	-0.862383466922	0.487064135063
0.711536604203	0.255715659084	0.654465552515
-0.6889501989	0.436925914234	0.578310787658
-0.138084293955	-0.86225053275	0.487295342261
0.711568806525	0.255861487308	0.654373544349
-0.688914047903	0.437102872028	0.578220127088
-0.138467274315	-0.862296209266	0.487105787081
0.711737587521	0.255366482267	0.654383341272
-0.68866276713	0.437302181919	0.578368731704
-0.13855640445	-0.862099147802	0.48742918105
0.711726390357	0.255562229802	0.654319117799
-0.688656440069	0.437576304212	0.578168915267
-0.138305612067	-0.862241160531	0.487249183009
0.711601782184	0.255664543207	0.654414672037
-0.688835603645	0.437236595531	0.578212487673
-0.138443509842	-0.862051193129	0.487546028263
0.711615200627	0.255793485005	0.654349673936
-0.688794015281	0.437535632798	0.578035788311
0.770617697762	0.21793503561	-0.598876188085
0.258309940481	0.752248057674	0.606134340919
0.582601358607	-0.621793522679	0.523400880269
0.77026235682	0.217404675403	-0.599525737622
0.259793040076	0.751584315861	0.606323835814
0.582411778114	-0.622781040704	0.522436884933
0.769948749787	0.218128468538	-0.599665647611
0.258786584879	0.752265590092	0.605909217687
0.583273881808	-0.621704469828	0.522757229167
0.769959630548	0.218138746641	-0.599647943236
0.258761204503	0.752270538705	0.605913918826
0.583270784162	-0.621694881109	0.522772101222
0.770371079826	0.217539208774	-0.599337206945
0.258887546901	0.752298189943	0.605825607529
0.582671119108	-0.621871466884	0.523230576829
0.770343818846	0.218149614462	-0.599150357237
0.259255629906	0.751316810061	0.60688514047
0.582543494711	-0.622843319842	0.522215744909
0.770230702798	0.217519486048	-0.599524760075
0.259093263843	0.752249983516	0.605797526605
0.58276525753	-0.621936681502	0.523048199894
0.770131160997	0.218187584053	-0.599409857269
0.258613495599	0.752193807159	0.606072223946
0.583109817033	-0.621770583824	0.522861636189
0.949468376945	-0.197477339069	0.24395184345
0.102616885444	0.929855942974	0.353323789739
-0.296613513162	-0.310436186886	0.903133322405
0.949729933757	-0.196399542734	0.243803756575
0.101796638921	0.930160714331	0.352758399872
-0.296058265229	-0.31020680842	0.903394287132
0.949695308948	-0.197154656449	0.243328710226
0.102864145836	0.930238069516	0.352244376809
-0.295800248953	-0.309495032161	0.903722876248
0.949984550531	-0.196742984532	0.242531547501
0.102431391301	0.92994074698	0.353154381005
-0.295020615503	-0.310648361953	0.903582000236
0.949684037242	-0.197038264496	0.24346694044
0.102322174685	0.929855947513	0.353409236643
-0.296024325572	-0.310715043571	0.903230734159
0.949843539328	-0.197126782288	0.242772078716
0.102754698347	0.929938210306	0.353067127562
-0.295362019337	-0.310412558222	0.903551504155
0.949713436001	-0.197327373087	0.243117866261
0.102878900707	0.929975620035	0.352932397708
-0.295736911552	-0.310172941104	0.903511164822
0.949826812802	-0.197419675765	0.242599458514
0.102928598645	0.929720297666	0.353589976733
-0.29535525936	-0.310878818329	0.903393397708
-0.609633202805	0.730690095626	-0.307312236028
0.405362878048	-0.0457877769039	-0.91300896518
-0.681197301345	-0.681172825024	-0.268281523678
-0.609790772586	0.731041600378	-0.306158064707
0.404895951421	-0.0447337202221	-0.913267623918
-0.681332408293	-0.68086464359	-0.268717302638
-0.609002348262	0.731455426648	-0.306741608036
0.405133318141	-0.0456146118876	-0.913119464567
-0.681897682798	-0.680362492254	-0.268558124911
-0.609022716636	0.731747716133	-0.305999999607
0.405470728342	-0.0443412516069	-0.913031732978
-0.681677495802	-0.680131411494	-0.269697187285
-0.609803170154	0.730914343391	-0.306438894202
0.404686857257	-0.0452880827338	-0.913333372068
-0.681446344782	-0.680965141248	-0.268174818721
-0.610046890246	0.730740425081	-0.306367939356
0.404807713718	-0.0449584365957	-0.913295961461
-0.681156074646	-0.681173420987	-0.268382645726
-0.609776556727	0.730909037733	-0.306503773646
0.404778587962	-0.0452903162793	-0.913292452585
-0.681415350156	-0.68097047497	-0.268239369682
-0.609759386643	0.730988093394	-0.306350569219
0.4053860686	-0.0445005825436	-0.9130620655
-0.681070039959	-0.68093803491	-0.269198074242
0.599289943739	-0.682713868846	0.41803508967
0.534535286199	0.729994585745	0.425887229564
-0.595922470392	-0.031775427339	0.802413067746
0.599297944652	-0.682637203046	0.418148805778
0.534426879577	0.730066468834	0.42590006139
-0.596011648495	-0.0317710705483	0.802347003818
0.598598379547	-0.682727820191	0.419002038615
0.534548514572	0.730018085947	0.425830345328
-0.596605288608	-0.0309244397029	0.801938782585
0.599164211542	-0.682771147245	0.418121755604
0.534563123233	0.729944534455	0.425938070773
-0.596023916717	-0.0316943740256	0.802340921679
0.599258384613	-0.682324654564	0.418715258738
0.534373991982	0.730383755137	0.425422162226
-0.596098849872	-0.0311872601152	0.802305130685
0.599060293486	-0.68268692842	0.418408088464
0.53452020535	0.730033625246	0.42583924208
-0.596166856509	-0.0314558069023	0.802244111447
0.599242806337	-0.682308216438	0.418764324858
0.534114281788	0.730387645441	0.425741498277
-0.59634721093	-0.0314545250383	0.802110103616
0.598895778341	-0.682892789117	0.418307644266
0.534040103682	0.729807155735	0.426828634341
-0.596762108666	-0.0322328094646	0.80177056048
0.228798512426	-0.9492020227	-0.216025131244
-0.819371781497	-0.0679573486844	-0.569220358122
0.52562460075	0.30724168421	-0.793297895497
0.228619430075	-0.949220181601	-0.216134905237
-0.819397569792	-0.0677445205577	-0.569208602345
0.525662318451	0.307232578361	-0.793276426483
0.228481394559	-0.949346830299	-0.215724297979
-0.819459905079	-0.0679022282641	-0.569100100007
0.525625190517	0.306806218419	-0.793466062963
0.228226861028	-0.949331272486	-0.216061635279
-0.819787371996	-0.0676608425095	-0.56865689879
0.52522486601	0.306907378382	-0.793691810585
0.229201800286	-0.949056127513	-0.216238378896
-0.819525101627	-0.0682842629971	-0.568960381437
0.525209650979	0.307619529079	-0.793426196394
0.229121249813	-0.948990160215	-0.216612839891
-0.819481247652	-0.0679610678703	-0.56906218402
0.525313174533	0.307894398049	-0.793250965126
0.229150602883	-0.949147607111	-0.215890708799
-0.818977440619	-0.0681260577571	-0.569767285992
0.526085477834	0.307372133325	-0.792941604563
0.228735874514	-0.949247156345	-0.215893205376
-0.819719647132	-0.0681831311038	-0.568692320131
0.525109264879	0.307052261092	-0.793712476319
0.947310105197	-0.195701562714	0.253583177431
-0.113067806613	-0.94499754562	-0.306910435465
0.299698516233	0.262067248318	-0.917333244059
0.947267232172	-0.196102417138	0.253433665401
-0.113624683645	-0.945044912739	-0.306560225956
0.299623450405	0.261598132379	-0.9174921462
0.947338044057	-0.19548362782	0.253646986412
-0.113036359752	-0.945204941727	-0.306285568412
0.29962213509	0.261484644477	-0.9175253677
0.947410184034	-0.195677488282	0.253227546907
-0.113077840939	-0.944928623197	-0.30711657357
0.299378141856	0.262330914023	-0.917361732871
0.947512530063	-0.195353808211	0.253094693271
-0.112850139247	-0.945014769912	-0.306941357359
0.299140235034	0.262269022957	-0.917459061982
0.947254236818	-0.196257526612	0.253362273025
-0.113874095118	-0.945089813656	-0.306332628637
0.299569939422	0.261323500962	-0.917589014403
0.947344673386	-0.195202586508	0.253838522453
-0.112731834209	-0.945270732329	-0.306192536365
0.299715830107	0.261454175699	-0.917502720054
0.947225566598	-0.196304903012	0.253432548662
-0.113765784186	-0.944966285532	-0.306747557159
0.299701548238	0.261727152829	-0.917428965133
-0.993798959157	0.0813752211812	0.0756326967893
-0.107366641593	-0.528599950087	-0.842043996593
-0.0285418240311	-0.844951928397	0.534075465364
-0.993789511913	0.0818444919411	0.0755020282097
-0.107531035262	-0.529307992902	-0.841595456527
-0.0289163203113	-0.844480500148	0.534808770493
-0.993763230196	0.0812078411493	0.0764173702254
-0.107972667107	-0.529540731243	-0.841384737166
-0.0278609241441	-0.844388334425	0.535006575915
-0.993716842444	0.0816617465997	0.0765233433198
-0.108273833296	-0.528580838627	-0.841948486447
-0.0283061822553	-0.844944871544	0.534103332052
-0.993811102602	0.0812901412905	0.0756565166305
-0.107347495311	-0.528790509265	-0.841933111525
-0.0284343248565	-0.844847182608	0.534249919028
-0.993792492577	0.0813114888459	0.0760025687252
-0.107671236298	-0.529370537975	-0.8415358188
-0.0281931471343	-0.844490421042	0.534830581184
-0.993857124052	0.0809770306576	0.075509287497
-0.107071957923	-0.529304184397	-0.841653757856
-0.0281873698477	-0.844563895032	0.53471473377
-0.993769858647	0.081234640836	0.0762681348835
-0.107809641004	-0.528001721855	-0.842369866576
-0.0281598397876	-0.845346582141	0.533474343809
-0.98604220185	0.076442401118	-0.147911891457
0.0656644657323	0.994910106246	0.0764333693372
0.153001785163	0.0656539512859	-0.986042901993
-0.98615019558	0.0757539317206	-0.1475421208
0.0649030849532	0.994914415998	0.0770252765952
0.152626751079	0.0663825692473	-0.986051709192
-0.985964671415	0.0757517673923	-0.148781938842
0.0647241332485	0.994879969978	0.0776185144909
0.153899909565	0.0668993045815	-0.985819471149
-0.986027163007	0.0753988220782	-0.148582159495
0.0644512816758	0.994932415895	0.0771722015105
0.153647885704	0.0665171709023	-0.985889952834
-0.985894688575	0.0762597979314	-0.148980358949
0.0654268325575	0.994934799838	0.0763156026396
0.15404555727	0.065491868535	-0.985890370445
-0.985878863851	0.0760139003614	-0.149208168351
0.0651085004429	0.994928709588	0.0766664315739
0.154279207027	0.0658691544809	-0.985828334726
-0.98593098415	0.076005225415	-0.14886498848
0.0648187076399	0.994795675114	0.0786135695765
0.154065292086	0.0678584106157	-0.985726436053
-0.986046508542	0.0759951922078	-0.14812187348
0.0651215466637	0.994907312119	0.0769326480678
0.153214042444	0.0662131326846	-0.985973809893
-0.890143101728	-0.220513733952	-0.398772283208
-0.454836266964	0.376682779879	0.80699081758
-0.0277418631427	0.899713233504	-0.435599330609
-0.890174522314	-0.221403142467	-0.398209496661
-0.454727327481	0.377018269219	0.806895629863
-0.0285168786332	0.899354295234	-0.436290354805
-0.88995843456	-0.22119325802	-0.398808700954
-0.455161575529	0.376488732955	0.806898045231
-0.0283333286548	0.899627732921	-0.435738238319
-0.89031505165	-0.220563140098	-0.398358768205
-0.454485055391	0.376747297923	0.807158211697
-0.0279489069982	0.899673799504	-0.435666069787
-0.89060823964	-0.220753753337	-0.397601326136
-0.453905144486	0.377482310602	0.807141813313
-0.0280918843577	0.899319502389	-0.436390710087
-0.890329404096	-0.220764750445	-0.398216768459
-0.454489225352	0.378182556303	0.806484678592
-0.0274447401172	0.899022200908	-0.437042283826
-0.890585876066	-0.220170619856	-0.39797134075
-0.453951614867	0.376427947948	0.807607431858
-0.0280039508985	0.899903734177	-0.435188077428
-0.890541433838	-0.220712042552	-0.397772043636
-0.454016885858	0.376696132649	0.807445873915
-0.0283737868725	0.899659027754	-0.435670636584
0.894754668843	0.0347057112796	-0.445207366134
-0.443793209519	0.179878084782	-0.877890359115
0.0496152440354	0.983076502133	0.176348913887
0.894761900925	0.0350100819664	-0.445168991437
-0.443834661256	0.179368607114	-0.877973613508
0.0491114064554	0.983158769838	0.176030885615
0.894801821009	0.0360301954304	-0.44500733175
-0.443832423761	0.179838194354	-0.877878691531
0.0483991726425	0.983036134862	0.176910913162
0.89487500243	0.0354446697475	-0.444907189975
-0.443622119403	0.180013929455	-0.877948983799
0.0489708840157	0.983025268425	0.176814003969
0.895063990632	0.0354574573466	-0.444525837935
-0.443224215018	0.180535932851	-0.878042747203
0.0491197220611	0.982929061231	0.177306816597
0.895146440892	0.0351913732384	-0.444380936982
-0.443106031707	0.179110877303	-0.878394184048
0.0486815629281	0.983199300831	0.175923973824
0.894793225829	0.035590320084	-0.445060010302
-0.443813782927	0.179691061534	-0.8779182499
0.0487279153881	0.983079069322	0.176581818882
0.895168555734	0.0356344881376	-0.444301070864
-0.443034149436	0.180554173558	-0.878134923853
0.0489285269433	0.982919317804	0.177413713196
0.192699377471	0.685388485735	0.702217627375
-0.3762996692	0.712533511464	-0.592194699458
-0.906237017305	-0.150128700546	0.395216217668
0.192599364029	0.6853249525	0.702307048293
-0.376752629382	0.712497917206	-0.591949468007
-0.906070050744	-0.150586938014	0.395424624889
0.192670202945	0.685566081747	0.702052220237
-0.37677167441	0.712301355964	-0.592173856518
-0.90604706155	-0.150419142864	0.395541133583
0.192747479062	0.684921330693	0.702660073729
-0.375763111827	0.713022791114	-0.591946435782
-0.906449387579	-0.149937553021	0.394801516341
0.192883642479	0.685125589781	0.702423562303
-0.375850140639	0.712855257904	-0.592092953194
-0.906384359106	-0.149800933469	0.395002657617
0.192504650281	0.685834475156	0.701835470272
-0.376057050828	0.712170053773	-0.592785717826
-0.906379086898	-0.149816172104	0.395008938736
0.192613090612	0.685125532587	0.702497848452
-0.377152946751	0.712601227287	-0.591570075799
-0.905900589048	-0.151004981448	0.395653430631
0.1926707915	0.68528901013	0.702322528163
-0.375431284584	0.712756959434	-0.592476890273
-0.906603172025	-0.149520859905	0.39460638246
-0.442630432226	0.803716375187	0.397629767178
0.865059270218	0.265984310499	0.425347268846
0.236097231029	0.532247901228	-0.812993934988
-0.443161507412	0.803176019672	0.398148754674
0.864561114792	0.265527630854	0.426652490442
0.236956173616	0.533297806327	-0.812067174353
-0.442814736913	0.803833726047	0.397189505868
0.864601793884	0.265521077101	0.426566242994
0.237427674704	0.53230288607	-0.812571849496
-0.442836623509	0.803540944675	0.397768501413
0.864741623024	0.265551670022	0.426269055618
0.236896086705	0.532733829034	-0.812451571795
-0.441653593137	0.804054798732	0.398042852301
0.865508618007	0.264984097167	0.425062731423
0.23629867496	0.532239959159	-0.812947552433
-0.442541697891	0.803703103612	0.397775608477
0.86478469188	0.265099412794	0.426466224464
0.237300548133	0.532716927799	-0.812348604777
-0.442366033225	0.803836519659	0.39768442448
0.864946837366	0.265216565514	0.426056290463
0.237008481582	0.532450790003	-0.812597866798
-0.443055252532	0.803231889851	0.398146527483
0.864939267285	0.266198928532	0.425462379737
0.235758754089	0.532875880285	-0.812687646247
-0.83934449205	0.521184084798	0.154493909657
-0.484638365124	-0.846178617582	0.221602794129
0.24622524935	0.111127373177	0.962820773297
-0.839168800874	0.521152090768	0.15555104219
-0.484218168517	-0.846148042197	0.222634589412
0.247645701996	0.111507369318	0.962412443251
-0.839527698137	0.520908482651	0.154426313271
-0.484270833154	-0.846288745664	0.221984252099
0.246322742929	0.11157777882	0.962743737113
-0.839547079387	0.520916401063	0.154293982781
-0.484019847001	-0.846150465175	0.223056060002
0.246749504007	0.112584729419	0.962517198537
-0.839169548952	0.521305096575	0.155033914866
-0.484824585489	-0.846201427355	0.221107024314
0.246454133215	0.110382023813	0.962847947527
-0.839545962538	0.520626604503	0.155276831479
-0.48365169769	-0.846401883101	0.222901924489
0.247475233168	0.112036473093	0.962394849015
-0.839376092982	0.521355392527	0.153739266464
-0.484666256118	-0.845922848096	0.222514237904
0.246060617635	0.112260948562	0.962731343826
-0.840004272604	0.520243817383	0.154075902689
-0.483613258785	-0.846635499252	0.222096238895
0.245990303148	0.112048622831	0.96277405488
-0.0174335850084	0.598795713955	-0.800712045327
0.516285302215	0.691200686698	0.505659077268
0.856239203318	-0.404580410619	-0.321199532115
-0.0164650510627	0.599200318732	-0.800429824483
0.516340146938	0.690629619324	0.506382848066
0.856225308287	-0.404956434923	-0.320762432626
-0.0173045061166	0.599082991212	-0.800499932502
0.516971632569	0.690656102293	0.505701972535
0.855827613141	-0.405084835002	-0.321660374802
-0.0167172181359	0.599152092429	-0.80046069438
0.5168471379	0.690495668156	0.506048193289
0.855914475374	-0.405256101774	-0.32121321089
-0.0166579598817	0.599004244356	-0.800572517928
0.516066407709	0.690940734249	0.506237437335
0.856386538926	-0.404715696963	-0.320635631441
-0.0168051685792	0.599336143114	-0.800321018883
0.51590787945	0.690849640906	0.506523268209
0.856479191593	-0.40437970878	-0.320812083247
-0.0175568195313	0.598851741047	-0.800667430947
0.516815067024	0.690951628081	0.505458237133
0.855917010715	-0.404922752181	-0.321626515688
-0.0171820678421	0.598957665259	-0.800596334018
0.515967734153	0.691173312025	0.506020503076
0.856435678921	-0.404387397735	-0.320918616131
0.73316057604	-0.679887164099	0.0151331760113
0.666558098333	0.714019632308	-0.21418745376
0.134817915981	0.167120937931	0.976675340922
0.73289323221	-0.680190440308	0.0144387139142
0.666706506122	0.713813067258	-0.214413948173
0.135535774766	0.166768916136	0.976636156657
0.732976456145	-0.68007851029	0.0154509371141
0.666788931841	0.713785588841	-0.214249037787
0.134677511081	0.16734201403	0.976656857897
0.732619646405	-0.68046017123	0.0155695161841
0.667128725521	0.713355536774	-0.21462325726
0.134935977595	0.1676240864	0.976572807156
0.733319464769	-0.679728259308	0.0145621472643
0.666258285778	0.71419111979	-0.21454822556
0.135434335624	0.167034541212	0.976604834506
0.732738037918	-0.680358816277	0.0143821022971
0.666911374439	0.71373047675	-0.214051444471
0.135366843784	0.166435222686	0.976716506414
0.732878861748	-0.680194006701	0.0149896091646
0.666685475568	0.713580456117	-0.215251969856
0.135716807363	0.167746973472	0.976443496158
0.7324123648	-0.680704417546	0.0146158020949
0.667273399512	0.713362993497	-0.214148190535
0.135345247575	0.166597518407	0.97669182992
-0.2180646877	-0.918591419181	0.329601424852
-0.96203354927	0.259127341937	0.0856981227973
-0.164130267582	-0.298399937632	-0.940222282397
-0.21711932853	-0.918851310849	0.329501588253
-0.962187046647	0.258332729408	0.0863723633877
-0.164484392496	-0.298289065243	-0.940195856549
-0.217665165256	-0.918969331871	0.328811458949
-0.962223290096	0.258494953983	0.0854782775896
-0.163548000452	-0.297784423743	-0.94051903884
-0.216969413349	-0.918795569207	0.329757188661
-0.962427242067	0.257838801416	0.0851672533302
-0.163275549905	-0.298888539955	-0.94021702561
-0.217459985886	-0.918789706749	0.329448489465
-0.962247930092	0.258399602098	0.0854890078704
-0.163675757132	-0.298420716782	-0.940295064851
-0.217364890521	-0.918772992259	0.329558692194
-0.962070581084	0.258681112162	0.0866280813635
-0.164842166685	-0.298228798348	-0.940152659987
-0.217327991906	-0.918810198135	0.329479372912
-0.962366590328	0.258115323031	0.0850129676523
-0.16315447647	-0.298604217404	-0.940327924648
-0.21730136075	-0.91878001874	0.329579891855
-0.962321390562	0.258192970896	0.085285591054
-0.163453874892	-0.29862914784	-0.940267345369
0.116445528336	0.922311555539	0.368485101879
0.869112562333	-0.27419425575	0.411655258666
0.480711170853	0.272319834958	-0.833521150955
0.116436155103	0.922010065276	0.369231798438
0.869388998706	-0.274353575206	0.410951861473
0.48020563343	0.273159482809	-0.833528625288
0.115923784471	0.922248203492	0.36881484527
0.869573790764	-0.273682170361	0.411030316985
0.480007876342	0.273061806595	-0.833689957201
0.11610507967	0.92209652115	0.369138215943
0.869529456388	-0.273993049967	0.410918635957
0.480045353337	0.273264718883	-0.833603063408
0.116597022842	0.922180921878	0.368769100059
0.86915013298	-0.274421750025	0.411430819312
0.480610391248	0.272542877474	-0.833511011375
0.115945907616	0.922036507834	0.369318230047
0.869792083014	-0.273781374887	0.410477934792
0.479592544927	0.273640422538	-0.833722185531
0.116597511232	0.922252320191	0.368580705251
0.869468830963	-0.27414808722	0.410927113542
0.480026072587	0.272557881126	-0.83383390911
0.116377181949	0.922258829109	0.368639896985
0.869722639553	-0.27386524337	0.410586034985
0.479624073382	0.272831475468	-0.833981116191
0.916854757436	-0.0117748248536	-0.399047698022
-0.0573092633072	-0.993098401933	-0.102370869214
-0.395086522341	0.116728317147	-0.911202156294
0.916845485709	-0.0114552525925	-0.399078010745
-0.057276373555	-0.993023797915	-0.103083349917
-0.395112513728	0.117369234409	-0.911105626847
0.916771467428	-0.0115361315901	-0.399246233164
-0.0574026303138	-0.99301807702	-0.103118664972
-0.395266460834	0.11745398546	-0.911033400277
0.91678767954	-0.0115851285954	-0.399206993232
-0.0574885067616	-0.992998281183	-0.103206554887
-0.395215776811	0.117568304303	-0.911034689082
0.917016792307	-0.0113413556115	-0.398687697037
-0.0570514554725	-0.993050169199	-0.102974666524
-0.394747561796	0.117175185812	-0.911291022855
0.917060454076	-0.0122701900829	-0.398558568089
-0.0577170991157	-0.993077327369	-0.102229778498
-0.39454812917	0.116754586965	-0.911419515635
0.916589816411	-0.0113082502631	-0.399668189497
-0.0574013313873	-0.992959917815	-0.103547399487
-0.395686271401	0.117852026973	-0.910785491386
0.916855782551	-0.0115963035807	-0.399049714169
-0.0575199724719	-0.99298158899	-0.103301585535
-0.395052656493	0.117666012724	-0.911087607973
0.816128632691	0.128025278398	0.56351006208
-0.566545128873	-0.0148450708587	0.823897008041
0.113844977599	-0.991659816167	0.060416605483
0.816251051945	0.127321050974	0.563492302837
-0.566496802954	-0.0147332759025	0.823932237156
0.113205996396	-0.991752140991	0.0601009127271
0.815952240181	0.127900533888	0.563793752796
-0.566764316943	-0.0153634930056	0.823736714596
0.114018206007	-0.991667998558	0.0599535818269
0.816125376916	0.127607789408	0.563609452307
-0.566614824761	-0.0148888051563	0.823848243266
0.113520936429	-0.99171293208	0.0601533380939
0.816443493848	0.127994282236	0.56306081752
-0.566094817529	-0.0148005100994	0.824207254165
0.113827404777	-0.991664461381	0.0603731202636
0.816609193338	0.127363597844	0.562963523693
-0.566058034207	-0.0139227531815	0.824247779467
0.112817183859	-0.991758344553	0.0607257468206
0.816127422418	0.127783767366	0.563566619688
-0.566552095629	-0.0151527637512	0.823886577556
0.11381893062	-0.991686280301	0.0600295782293
0.816732375319	0.127321247102	0.562794387705
-0.565829690455	-0.01440585678	0.824396269298
0.113070704407	-0.991756899381	0.0602764152431
0.209908042802	-0.660630231895	-0.720767872202
0.976253324948	0.101239041801	0.191520545576
-0.0535544061838	-0.743853729274	0.666193336426
0.209451875345	-0.660926992187	-0.720628471583
0.976341789475	0.100865080736	0.191266601354
-0.0537270247045	-0.743640849918	0.666417047331
0.210281419907	-0.660122205732	-0.721124388869
0.976176093103	0.101410500117	0.191823174067
-0.0534971585825	-0.74428124278	0.665720271482
0.209851169109	-0.660683457354	-0.720735627163
0.97625195553	0.101024922829	0.191640473108
-0.0538014349822	-0.743835546871	0.666193725462
0.209311311666	-0.660234492471	-0.721303817305
0.976428288768	0.101370380149	0.190556687074
-0.0526932519403	-0.744187119646	0.665889596819
0.209473588314	-0.660135525979	-0.721347257321
0.976307254516	0.100258519408	0.191761131072
-0.0542671455191	-0.744425465679	0.665496646949
0.208764229378	-0.660187511421	-0.72150533489
0.976513237976	0.10052136932	0.1905711222
-0.0532859697101	-0.744343943566	0.665667108956
0.210242759607	-0.660351054066	-0.720926097844
0.976183994418	0.101438347834	0.191768187607
-0.0535047867036	-0.744074400937	0.665950832612
-0.505467286698	0.343534843434	-0.791509039629
-0.84597428013	-0.016797285445	0.53295902173
0.169794775616	0.938989676638	0.2991121647
-0.505262553192	0.342869369978	-0.791928243609
-0.84601831556	-0.0158310191951	0.532918741993
0.170184481172	0.9392496851	0.298072590711
-0.505585510051	0.343918690355	-0.791266789515
-0.845929047195	-0.0172460961291	0.533016468405
0.169668043177	0.938841010451	0.299650243404
-0.505608386243	0.343607751033	-0.791387314731
-0.845721247294	-0.0159746542601	0.533385778012
0.170633350676	0.938977385106	0.29867328967
-0.505740711596	0.343071372938	-0.791535503027
-0.845674691963	-0.0158476199473	0.533463426024
0.170472094062	0.939175672919	0.298141511742
-0.505510930712	0.343358227354	-0.79155775238
-0.845761975903	-0.0156697665165	0.533330138349
0.17071973454	0.939073737287	0.298320662484
-0.505989628433	0.343879415289	-0.791025687705
-0.845638261542	-0.0171169620557	0.533482025838
0.169913570632	0.938857864118	0.29945847823
-0.505599974592	0.343807462187	-0.791305955769
-0.845607605247	-0.0154538351383	0.533581269433
0.171220514654	0.938913000276	0.298539650731
-0.299752170765	0.863794500765	0.404978563127
-0.176672985021	-0.467416609267	0.866203383756
0.93751545721	0.188097597313	0.292718343701
-0.299857116673	0.863603617707	0.405307855867
-0.176957551678	-0.467836757343	0.865918440031
0.937428232692	0.187929538297	0.293105397055
-0.299162297691	0.863811103868	0.405379147737
-0.176271917057	-0.467553466518	0.866211243617
0.937779338567	0.187680803883	0.292140042706
-0.299436259228	0.863509585079	0.405819020252
-0.176757018153	-0.468177261122	0.865775350075
0.937600574475	0.187513190847	0.292820663552
-0.299088917629	0.863723555364	0.405619705781
-0.17649971529	-0.467817295487	0.866022357017
0.937759871349	0.187425964743	0.292366004307
-0.299286848795	0.863760048577	0.405396119339
-0.17661081808	-0.467677257068	0.866075436654
0.937675878985	0.1876076265	0.292518979356
-0.298992112187	0.863826784269	0.405471250724
-0.176052046044	-0.467548688952	0.866258519839
0.937874898624	0.187620449018	0.291871897104
-0.299318796477	0.86392229198	0.405026667597
-0.176752826585	-0.467345235446	0.866225691271
0.937638931753	0.187687994671	0.292585865024
0.160906476328	0.747581418496	-0.644386274757
0.642601307374	-0.574905498596	-0.506509624288
-0.74911628479	-0.332581512496	-0.572904089176
0.161352746208	0.747463892534	-0.644407908863
0.642950366571	-0.574991955563	-0.505960789891
-0.748718004173	-0.332684872123	-0.573357979529
0.160702803955	0.747302769857	-0.644761135912
0.642337977128	-0.575172284263	-0.506542981499
-0.749386599397	-0.332749814623	-0.572454626099
0.161425539003	0.747148681283	-0.644760396047
0.642409909368	-0.575515884967	-0.506064204352
-0.749170627161	-0.332506118195	-0.572881349376
0.16053029915	0.747708510308	-0.644333940487
0.642064284234	-0.574915231764	-0.507182263724
-0.749658387642	-0.332283579699	-0.572370360122
0.161379481236	0.74786798127	-0.643931524545
0.642554799393	-0.574857812326	-0.506613695126
-0.74905117014	-0.33200540493	-0.573315245403
0.160268910191	0.747788420088	-0.644303693718
0.641892722017	-0.574831700633	-0.507487858938
-0.749858989662	-0.332238878416	-0.572128043372
0.160887002938	0.747434514476	-0.644561395391
0.642239826632	-0.575174321648	-0.506662570604
-0.749430284246	-0.332446389564	-0.57257147624
-0.222922493107	0.427106859539	-0.876290689434
-0.909849403049	-0.413871788073	0.029737166205
-0.349971006836	0.803921616712	0.480864182932
-0.222635050294	0.427628931284	-0.876109066893
-0.909756186724	-0.414125210401	0.0290508350993
-0.350395891358	0.803513389703	0.481236882714
-0.222779320373	0.426190255339	-0.876773179256
-0.909662933891	-0.414279731346	0.0297592499397
-0.350546271287	0.804197819262	0.47998246346
-0.22261290516	0.426520846539	-0.876654679545
-0.909699149675	-0.41422071647	0.0294722738137
-0.350558007725	0.804052936884	0.480216558577
-0.222173882239	0.426672038738	-0.876692451492
-0.910093339976	-0.413354322577	0.0294655843789
-0.349812515036	0.804418472868	0.480147987155
-0.222496164519	0.426633729099	-0.876629400915
-0.90977241242	-0.414065463948	0.0293927874234
-0.350442010826	0.804073031228	0.480267584419
-0.222471035727	0.425704856341	-0.877087215865
-0.909778068835	-0.414023043965	0.0298119207914
-0.350443254197	0.80458701235	0.479405102873
-0.223072578175	0.425768114949	-0.876903738311
-0.909605674123	-0.414373766349	0.0301982287834
-0.350508447221	0.804373002849	0.479716492415
0.948783896506	0.185664551245	0.255612581272
-0.0124465870614	0.83042966194	-0.556984432094
-0.315680534344	0.525276355393	0.790209180478
0.948880569529	0.186369535872	0.254739202826
-0.01355971267	0.830392406149	-0.557013992601
-0.315343938501	0.525085564322	0.790470336572
0.949118141974	0.185493993727	0.254493086105
-0.0130713869206	0.830627192007	-0.556675495033
-0.314648838276	0.525024233933	0.790788000913
0.949072554381	0.186010700313	0.254285875975
-0.0136281069016	0.830591531162	-0.5567153544
-0.314762707533	0.524897828621	0.790826599745
0.949072943029	0.185632781093	0.254560445345
-0.0130498046379	0.830452554614	-0.55693649572
-0.314786042177	0.525251395286	0.79058252148
0.94892526851	0.186198909458	0.254697469981
-0.0135371771936	0.830565193983	-0.556756862933
-0.315210374086	0.52487277097	0.790664907312
0.949240367536	0.186008156866	0.253660581922
-0.013948170811	0.830517286556	-0.556818181519
-0.314242221499	0.525016194339	0.790955007813
0.949091275338	0.186058807007	0.2541807826
-0.013743439869	0.830610165066	-0.556684711179
-0.314701235728	0.524851283827	0.790881949026
-0.0839520381682	-0.845193119795	-0.527826301417
-0.0280514043574	0.53149086692	-0.846599409013
0.996074863115	-0.0562674939924	-0.0683285863371
-0.0847157302492	-0.846427204348	-0.525722620259
-0.0280110447485	0.529433849742	-0.847888670617
0.996011378994	-0.0571034510965	-0.0685606946201
-0.0841453188818	-0.845412448195	-0.52744417457
-0.0276220628592	0.531096983567	-0.846860682456
0.996070573049	-0.0566902662204	-0.0680413607228
-0.0838839707775	-0.846173423633	-0.526264196877
-0.0274495531913	0.529887339417	-0.84762369274
0.99609737968	-0.0566563288754	-0.0676761338781
-0.083512204845	-0.84540661227	-0.527554165987
-0.0277966632324	0.531173766536	-0.846806817824
0.996119010778	-0.0560544479137	-0.0678589812147
-0.0835684349372	-0.846236972262	-0.52621224761
-0.0268916973219	0.529782171016	-0.847707319305
0.996139136553	-0.0566908225875	-0.0670298212669
-0.084234834262	-0.845651935983	-0.527045832533
-0.0276738388573	0.530707028545	-0.847103426056
0.996061576944	-0.0567702295356	-0.0681064570694
-0.0844836215216	-0.845900724203	-0.526606581929
-0.027656790361	0.530283099467	-0.84736942389
0.996040977714	-0.0570245858368	-0.0681951378309
0.923596975772	-0.105338503579	0.368608772693
-0.105048467378	0.855167094305	0.507596358122
-0.368691533866	-0.507536247908	0.778764093723
0.92352543048	-0.104599098148	0.368998385826
-0.106261859121	0.854648779059	0.508216374495
-0.36852299436	-0.508561200521	0.778174986957
0.923017157659	-0.105670579736	0.36996358633
-0.105358623926	0.855379018328	0.507174817299
-0.370052546263	-0.507109912658	0.778396203348
0.923212264103	-0.105520100177	0.369519451277
-0.105321668864	0.855269021942	0.507367961213
-0.369576057776	-0.507326729491	0.778481297114
0.923070639746	-0.105425559313	0.369900047075
-0.10601799968	0.854709494645	0.508165191908
-0.369730681885	-0.508288431864	0.777780233105
0.923215381751	-0.104215858605	0.369881622288
-0.106975486603	0.854779719563	0.507846313159
-0.36909294894	-0.5084197944	0.777997242923
0.923311959069	-0.104797529889	0.369475985625
-0.105873237265	0.855315393327	0.507174955552
-0.369169180533	-0.507398320491	0.778627677688
0.923674707044	-0.104036563009	0.368783715437
-0.106448055178	0.854882644997	0.507783885291
-0.36809488826	-0.508283440778	0.778558986875
-0.961496524906	-0.266474909832	-0.0672014703368
0.261529706666	-0.962345477497	0.0741206939529
-0.0844223176454	0.0536915931116	0.994982455296
-0.961522591703	-0.266188491051	-0.0679416685295
0.261281143959	-0.962481659168	0.073207213314
-0.0848796023917	0.052638574274	0.994999813415
-0.961760029682	-0.265601014512	-0.066896400398
0.260771388395	-0.962642122513	0.0729370246815
-0.0837693875492	0.0527032035577	0.995090481063
-0.961545678441	-0.266164576089	-0.0677377225536
0.261291200841	-0.962501696417	0.0729346701927
-0.0846102179664	0.0524306798405	0.995033738159
-0.961546131056	-0.266393359263	-0.0668327842966
0.261456344764	-0.962356071464	0.074258856747
-0.0840988864318	0.0539293627177	0.994996989343
-0.96169626176	-0.265613831654	-0.0677431209151
0.260672591552	-0.962608110314	0.0737222058535
-0.0847917331521	0.0532396098435	0.994975328714
-0.961473606933	-0.266268737002	-0.0683279948249
0.261268817501	-0.962421226264	0.0740489019964
-0.0854772495046	0.0533441147719	0.994911073059
-0.961534944932	-0.265927345112	-0.0687715561136
0.260978817389	-0.962565385853	0.0731728299194
-0.0856559203013	0.0524104310804	0.99494532542
0.206712855254	-0.159935946684	0.965240982245
0.244247455973	-0.946878024061	-0.209200519607
0.947424319457	0.279002096966	-0.156667777469
0.206059171193	-0.159815294519	0.965400940953
0.244227321968	-0.946952280992	-0.208890155314
0.947572118817	0.278821006061	-0.15609722742
0.205653433823	-0.160549553583	0.965365317166
0.243341920425	-0.947078376694	-0.209347790256
0.947887685597	0.277966955528	-0.15570117374
0.206204885348	-0.159673204656	0.965393221981
0.24373021162	-0.947119599663	-0.208710793288
0.947668290741	0.278332676856	-0.156383564457
0.206103386791	-0.160376997492	0.965298268258
0.244342891672	-0.946793532145	-0.209472880229
0.947532627045	0.279036834374	-0.155950508057
0.205983188773	-0.160964793145	0.965226125951
0.244174682916	-0.946723130759	-0.209987046993
0.947602164979	0.278937575543	-0.155705734539
0.20667856703	-0.160174848827	0.965208695269
0.243711111752	-0.946986170546	-0.209336304677
0.94756989274	0.278497418749	-0.156685192241
0.206014873371	-0.160600084013	0.965280034054
0.243530643039	-0.9469894963	-0.209532491307
0.947760917652	0.278242074509	-0.155982938499
-0.338787761686	-0.24264079572	0.909036946972
0.83745015918	-0.518139507493	0.173806038399
0.428835583408	0.820156541367	0.378739002042
-0.33832963832	-0.242678888864	0.909197553679
0.837560183578	-0.5181040728	0.1733819816
0.428982719466	0.820167866695	0.378547988905
-0.338375069598	-0.242345061783	0.909269587225
0.837440076585	-0.518253164299	0.173515920391
0.429181114858	0.820172254792	0.378313418517
-0.33791548046	-0.242800760467	0.909318919298
0.837772694032	-0.517871526413	0.173049040867
0.428893948909	0.820278518631	0.378408671067
-0.33822178376	-0.243185989052	0.909102078919
0.83778838119	-0.517803308975	0.173177222564
0.42862179542	0.820207471802	0.378870763098
-0.338364155032	-0.242734864406	0.909169752167
0.837639555283	-0.517950336201	0.173457774086
0.428800452516	0.82024838285	0.378580023097
-0.338283057713	-0.243217969978	0.909070781089
0.837635075008	-0.518080461604	0.173090213507
0.428873113013	0.820023024052	0.378985667478
-0.338090000636	-0.242899247698	0.909227812271
0.837608462878	-0.518140935945	0.173038017706
0.42907729147	0.820079293803	0.378632644947
0.640110097838	0.490803531943	-0.59107612581
0.190817184387	-0.84680317083	-0.496501107948
-0.744209577749	0.205027903182	-0.635701033035
0.639642590655	0.491715573539	-0.590824074791
0.191290044059	-0.846274579057	-0.497219398255
-0.744490034626	0.205023914938	-0.635373507464
0.640013226773	0.491047753916	-0.590978062251
0.190923734532	-0.846649351576	-0.496721728317
-0.744265472987	0.205076695808	-0.635619372874
0.640081286892	0.491083618584	-0.590874531127
0.191283684554	-0.846702545456	-0.496492462803
-0.744114496565	0.204770830821	-0.635894648357
0.640140019053	0.491325835742	-0.590609597583
0.19112959043	-0.84644319559	-0.496994453389
-0.744103657623	0.205263075513	-0.635749083071
0.640297083728	0.491454694501	-0.590332058281
0.191317383281	-0.846350044893	-0.497080796164
-0.743920234054	0.205338604051	-0.635939300596
0.639808912461	0.491463277639	-0.590853907173
0.191457543672	-0.846494401522	-0.496780551165
-0.744304038589	0.204721161038	-0.63568896473
0.639755817617	0.491290982005	-0.591054667907
0.190730909941	-0.846451524497	-0.497133090072
-0.744536210971	0.205311373897	-0.635226627977
-0.3285313429	0.0868887381692	0.940487850002
0.812733069255	0.533302785195	0.234633884031
-0.481177729079	0.841450205642	-0.245824008735
-0.328299595914	0.0865205238883	0.940602782935
0.812587873203	0.533565831934	0.234538821281
-0.481581088335	0.841321406664	-0.245474979853
-0.327801035662	0.0864180210884	0.94078606243
0.812901157504	0.533209895364	0.234262499438
-0.481391937781	0.841557565557	-0.24503606708
-0.327694250319	0.0866884515713	0.940798383346
0.812638037009	0.533783213632	0.233869417115
-0.481908608088	0.841166211768	-0.245364024676
-0.32765625806	0.0860587175701	0.94086939055
0.812697995803	0.533538339774	0.234219523652
-0.481833249746	0.841386186464	-0.244756910072
-0.327028150601	0.0856387591565	0.941126288688
0.812447865924	0.53414273577	0.233709302232
-0.482681213105	0.841045525358	-0.244256758745
-0.327835002127	0.0867444497729	0.940744233332
0.812299526968	0.534326613504	0.23380458489
-0.482383447685	0.840815381556	-0.245633462774
-0.327531204915	0.0866375832232	0.940859856543
0.812610906211	0.533888640681	0.233723009629
-0.482065198484	0.841104547185	-0.245267841123
0.764148494054	-0.261858834124	-0.589497259257
0.503880010748	-0.328245436564	0.798974219981
-0.402718266842	-0.907570834931	-0.118882813161
0.764483639062	-0.261828915601	-0.589075878375
0.503431721206	-0.328272137342	0.799245856621
-0.402642861121	-0.907569862984	-0.119145702105
0.764262143625	-0.262665358002	-0.588990922067
0.503316465204	-0.328073688047	0.799399967455
-0.403207058999	-0.907399956919	-0.118530520169
0.764177298733	-0.262880228679	-0.589005135103
0.503467030604	-0.327702302568	0.799457436877
-0.40317987661	-0.90747188918	-0.118071139507
0.765130439538	-0.260740996795	-0.588718560635
0.50309416513	-0.328529424832	0.799352663826
-0.401835379302	-0.90778992765	-0.120190589648
0.76483377073	-0.260705050336	-0.589119828821
0.503715876235	-0.32808305118	0.799144409394
-0.40162122953	-0.907961644435	-0.119607717515
0.764426880297	-0.262392017615	-0.588898939606
0.503276106346	-0.328032011378	0.799442361079
-0.402945024487	-0.907493998326	-0.11870084214
0.763938743119	-0.262407704414	-0.589525068663
0.503942326485	-0.328001649611	0.799035120282
-0.403038139008	-0.907500517097	-0.118334831316
-0.990230571149	-0.0950728535366	0.100184812151
-0.0692694663715	-0.285501649684	-0.955747420715
0.119488849245	-0.953526372837	0.276362486556
-0.990062733733	-0.0956620185154	0.100974958478
-0.0697923658865	-0.286076267937	-0.95551682339
0.120317038237	-0.953274437048	0.276831902431
-0.990341121696	-0.0943271649813	0.0999683370722
-0.0691555423473	-0.286424345621	-0.955491109134
0.118780442132	-0.953335268738	0.277348338938
-0.990295758547	-0.0952901488933	0.100033132265
-0.0689284003172	-0.286613354186	-0.955486584941
0.119731848965	-0.953218508998	0.277409757808
-0.990423737017	-0.0959544230047	0.101104446918
-0.0699002194944	-0.285820202308	-0.955855035489
0.1205956873	-0.953591966336	0.276139582819
-0.99025060098	-0.0954152587335	0.100759901984
-0.0696789267938	-0.285968487492	-0.955652558993
0.120006152375	-0.953426921557	0.276626385971
-0.990188161979	-0.0952023138401	0.100773705612
-0.0697078948018	-0.286266424186	-0.95550662217
0.119831672381	-0.953304051732	0.277019232723
-0.990336714098	-0.0960886656505	0.100566426014
-0.0692441865068	-0.286522489853	-0.955606317745
0.120631174838	-0.953281259762	0.277027376554
0.744365865079	0.612188684401	0.266729255185
0.248064967451	-0.624350114509	0.740709690817
0.61998649405	-0.485192836754	-0.616607490489
