-0.210503882976	-0.858017483368	0.468501952061
0.691796264038	0.20786930742	0.691526035363
-0.690728608003	0.469676832253	0.549816015169
-0.194131325982	-0.834496260381	0.515683106809
0.702004312777	0.249005817238	0.667222659508
-0.685202904314	0.491540561835	0.53748011515
-0.152671712786	-0.873808844085	0.461681113232
0.685415999894	0.242925198024	0.686434449946
-0.711966469299	0.421242745911	0.561834757672
-0.142458834756	-0.864099791892	0.482739086728
0.692887493722	0.261223643475	0.672063335126
-0.706832651515	0.430225237553	0.561510325919
-0.181158505556	-0.857941396538	0.48074747257
0.697702579196	0.232395390398	0.677645540216
-0.693103659823	0.458180016258	0.556487538571
-0.179742787815	-0.855751005335	0.485162642831
0.704858752566	0.231994534168	0.67033775291
-0.686197283631	0.462459491106	0.561484214356
-0.187487477151	-0.859844813819	0.474884593268
0.687847246651	0.230204407587	0.688383700128
-0.701223677616	0.455711366411	0.548281422024
-0.192379800917	-0.849718793915	0.490884860756
0.69682325454	0.233931365715	0.67802171376
-0.69096116185	0.472497686412	0.54710016918
0.816697290209	0.200084770598	-0.541268532038
0.227439025917	0.750435762764	0.620578487853
0.530355568171	-0.629930357	0.567371768598
0.800921782823	0.141875500458	-0.581717838295
0.322018528955	0.717002691417	0.61823232857
0.50480527734	-0.682479660832	0.52857653386
0.768960288731	0.238521030616	-0.593133867627
0.259944042634	0.730976544825	0.630953545849
0.584062635058	-0.6393598363	0.500089814016
0.767104832225	0.242640239243	-0.593865217099
0.255822536592	0.733224383448	0.630029237001
0.588306902519	-0.635222578318	0.500387126165
0.783928975746	0.171458087908	-0.596705526095
0.283247999893	0.756486544874	0.58949018461
0.552472561616	-0.631134083445	0.544466561825
0.797275196795	0.20665554808	-0.567138203685
0.294865877493	0.686494128615	0.664665269977
0.526693812306	-0.697150838249	0.486389071986
0.789737542475	0.16941489741	-0.589587326235
0.290587906687	0.743121790438	0.602767520453
0.540252988153	-0.647355086302	0.537641256041
0.78953880535	0.217800548447	-0.573752029466
0.269444530976	0.716954431576	0.642943217981
0.551387445402	-0.662222966921	0.507378178784
0.927554789329	-0.200548443596	0.315313228756
0.0673867579299	0.919723483355	0.386739882134
-0.36756106338	-0.337474492885	0.866608231578
0.938151558354	-0.170087977637	0.30156547058
0.0464734701924	0.924991689221	0.377134711989
-0.343091634627	-0.339794723741	0.875686973304
0.961463333518	-0.147305858719	0.232140564404
0.0590985888363	0.93534740678	0.348758633362
-0.268506265201	-0.321599458231	0.908007804192
0.972882500406	-0.133164537426	0.189121249106
0.0503983895224	0.920043088239	0.388562375372
-0.225742426727	-0.368494129116	0.901805098315
0.948699096939	-0.140213611499	0.283390483765
0.0127941137544	0.912583558075	0.40869005325
-0.315921404453	-0.384098154281	0.867561106343
0.955408126283	-0.162923084983	0.246275012245
0.0510977632916	0.912650990636	0.405533216793
-0.290833856116	-0.37486562888	0.880279178001
0.954545051483	-0.154767247675	0.254736809933
0.04719589016	0.922327709589	0.383515503832
-0.294306458033	-0.354060295394	0.887707729223
0.960935962171	-0.159447367276	0.226226908983
0.0564150335538	0.9130604015	0.403903514094
-0.270960183917	-0.375362813525	0.886387803904
-0.644136602175	0.71043195569	-0.283505049289
0.299608550901	-0.10669047314	-0.948078208388
-0.70379215175	-0.695632093371	-0.144128562081
-0.674014123726	0.701247608302	-0.232286029937
0.282079791663	-0.0462999149853	-0.958273102138
-0.682741531612	-0.711412776802	-0.166601004362
-0.542643178547	0.802263720248	-0.24881875676
0.280173970673	-0.10638320182	-0.954036047664
-0.791858823717	-0.587413957325	-0.167045038557
-0.535465325024	0.819691825971	-0.203424871431
0.29547600852	-0.0438214017352	-0.95434441431
-0.791182846294	-0.57112576826	-0.218734198417
-0.626569618447	0.74157789611	-0.239736593349
0.235720771185	-0.112879479837	-0.965243261953
-0.742864138468	-0.661302548548	-0.104078911854
-0.646687559358	0.722437310485	-0.244702990339
0.279131937293	-0.0744133355746	-0.957365150003
-0.709845463918	-0.687420541792	-0.153533157434
-0.598449113872	0.758382568626	-0.258292213523
0.261881122856	-0.119513196815	-0.957671710087
-0.757150754774	-0.640759476258	-0.127083676043
-0.594329576271	0.766059421287	-0.244796781061
0.305217199312	-0.0667606683946	-0.949939772941
-0.744053064106	-0.639293417789	-0.194136738569
0.549310590488	-0.750906035948	0.366603329381
0.567653908681	0.657280372912	0.495733347597
-0.613210335771	-0.0642077653978	0.78730581563
0.567087402335	-0.729356038304	0.38269001142
0.542713415889	0.680377789136	0.4924918378
-0.619575680337	-0.0715949123502	0.781664981637
0.522964461291	-0.746695397261	0.411040335205
0.578686477777	0.665105778212	0.471970618884
-0.62580359051	-0.00896037724295	0.779929213655
0.572511947305	-0.730254049318	0.372772173166
0.556387369616	0.679980059448	0.477556502694
-0.602215214491	-0.0660010741415	0.795600837971
0.562222207879	-0.716438069072	0.413064977402
0.550661490235	0.696970534113	0.459351709677
-0.616991171366	-0.0307987531587	0.786367171264
0.53677355836	-0.743306956843	0.39921036628
0.575140215799	0.668538916785	0.471454610809
-0.617323157518	-0.0234624336071	0.78635973583
0.561250529171	-0.717500671117	0.412541654458
0.55078937176	0.695847171925	0.460898873639
-0.617761197934	-0.0314561712923	0.785736345654
0.525629973482	-0.764533929155	0.373096517172
0.5316590745	0.637591570181	0.557508408003
-0.664117285166	-0.0946829850748	0.741608635852
0.246431940374	-0.951446374199	-0.184448351509
-0.773914833806	-0.0786298076781	-0.628389468782
0.583375717156	0.297602573045	-0.755715363644
0.230124648334	-0.951632284744	-0.20356507095
-0.789786600692	-0.0604156822373	-0.610399217443
0.568577056206	0.301240890189	-0.765489568998
0.192528422526	-0.966807659835	-0.167975420438
-0.793306764335	-0.0525950067492	-0.606546061965
0.577578713811	0.250033390788	-0.777101089345
0.196036327964	-0.960287899162	-0.198537005669
-0.798856288578	-0.0389794867067	-0.600257672562
0.568681300991	0.276274852262	-0.774773423963
0.288764956581	-0.938462265098	-0.189481706264
-0.779058464134	-0.115289396713	-0.616259823978
0.556491374132	0.325571556151	-0.764408505919
0.270031256511	-0.9380974019	-0.216925116349
-0.790258749766	-0.0872214433955	-0.606534177536
0.550067586731	0.335210179812	-0.764892200275
0.259359756448	-0.951745169403	-0.164053643299
-0.731247203591	-0.0825595837145	-0.677097753126
0.630880331444	0.295575663012	-0.717373623511
0.224425180899	-0.954527934179	-0.196239148357
-0.800418575391	-0.0656961707416	-0.595830660035
0.555844838641	0.290792871545	-0.778765765954
0.94713564626	-0.189590863037	0.258823050084
-0.0951203173879	-0.936387571944	-0.337831917348
0.30640853745	0.295353320299	-0.904919990386
0.942018399223	-0.215321019076	0.257367857785
-0.126477464818	-0.938244282369	-0.322027614416
0.310813137384	0.270804712473	-0.911076648222
0.947439488391	-0.17102976483	0.27038354533
-0.0808459107274	-0.945677648536	-0.314894734593
0.30955190318	0.276484311847	-0.909799426658
0.950486596098	-0.16794435813	0.261476442892
-0.0705604715547	-0.936048458533	-0.344724202754
0.302649066526	0.30920583546	-0.901551752158
0.957437521508	-0.154821754348	0.243605442384
-0.0683181741357	-0.941546150339	-0.329883669274
0.280438967088	0.299200321777	-0.912048747711
0.943222341848	-0.216376134768	0.252017838192
-0.129710295811	-0.938415972069	-0.320235845839
0.305788916778	0.269364299978	-0.913201129476
0.946419463782	-0.159863312285	0.280595688412
-0.0640779626779	-0.94456353246	-0.32201628534
0.31651893098	0.286782486757	-0.904197045137
0.934254977147	-0.228752516805	0.273568861243
-0.133065648972	-0.935363051957	-0.327703278118
0.33084916329	0.269755799717	-0.904306687443
-0.995447742474	0.0889895403963	0.0338970926811
-0.0773073514718	-0.547348343261	-0.833319408175
-0.0556032786857	-0.832152945276	0.551748346223
-0.993790593077	0.10687594621	0.0309758617177
-0.0884024226805	-0.589251365465	-0.80309974898
-0.0675794610188	-0.800850627314	0.59503918986
-0.993723676752	0.0791023438362	0.0790636157283
-0.110323363027	-0.577272763081	-0.809061766886
-0.0183573337606	-0.812708438658	0.582380417681
-0.993805469347	0.0672496121106	0.0885336181322
-0.110707855624	-0.525373479088	-0.843643376172
-0.0102216716683	-0.848214515985	0.529556434386
-0.996667183517	0.072980472234	0.0364574878127
-0.07088994852	-0.553614757971	-0.829750514309
-0.0403721803218	-0.829569256585	0.556942642459
-0.994870999057	0.0819806440278	0.0592189523976
-0.0954326407508	-0.567220990569	-0.818015787309
-0.0334712025124	-0.819473240083	0.572138473363
-0.997704383111	0.0655464866258	0.0172762993049
-0.0519624798499	-0.575895587495	-0.81587447145
-0.0435283024538	-0.814895643973	0.577972530161
-0.993190362589	0.0700149689207	0.093178745007
-0.115299358558	-0.473320371338	-0.873316874276
-0.0170420747047	-0.878108312856	0.478161438998
-0.9922766618	0.0393742869077	-0.117655197062
0.0444635214684	0.998171475941	-0.0409475937307
0.115827782176	-0.0458625741124	-0.992212982377
-0.992235839008	-0.000104297486558	-0.124412581115
-0.00166688651663	0.999921035117	0.012455739013
0.124401457817	0.0125663466073	-0.992157661486
-0.980795747966	0.0210339951706	-0.193892013194
0.00597181296026	0.996939946968	0.0779427655996
0.19493814194	0.0752881684364	-0.977920067316
-0.983384684188	0.000125985293323	-0.181533741379
-0.0119969345624	0.997768554415	0.0656809357989
0.181136933541	0.0667674763191	-0.981188803286
-0.985768542111	0.035663825277	-0.164277609369
0.0398986756836	0.998949234047	-0.0225504493673
0.163300756434	-0.0287839999755	-0.986155669264
-0.980483122546	0.0222120930712	-0.195351798106
0.021924312533	0.999753023153	0.00363559800287
0.195384304952	-0.000718313496621	-0.980727950788
-0.982771497359	0.00573330519029	-0.18471786527
-0.0163273494015	0.992916575056	0.117686316022
0.184084160644	0.118675104925	-0.975716475928
-0.990295158567	0.0100351832584	-0.13859815371
0.00399724904085	0.999033456948	0.0437740939655
0.138903474093	0.0427953782477	-0.989378106259
-0.854451790709	-0.250216800668	-0.455308287308
-0.51790108154	0.340828508172	0.78461142589
-0.0411406558902	0.906216404929	-0.420809654338
-0.864816366103	-0.278658904194	-0.417659276395
-0.497264333128	0.360364116059	0.7892179649
-0.0694135364577	0.890216843379	-0.450215185442
-0.847196168432	-0.299940162682	-0.438511362654
-0.523528986955	0.330862701094	0.785141023449
-0.0904086068098	0.894742938331	-0.437332299948
-0.859550232716	-0.266175671347	-0.436258498449
-0.507195993193	0.339689843016	0.792061974517
-0.062635373194	0.90208672475	-0.426983002966
-0.889799784339	-0.255170151093	-0.378349863745
-0.452836736538	0.390933388015	0.801318470801
-0.0565624915138	0.884341899718	-0.463403981033
-0.863530770239	-0.252211130953	-0.436694808281
-0.504292405939	0.429458000727	0.749169169301
-0.00140693560202	0.867153285379	-0.498037904452
-0.899252064843	-0.226657769712	-0.37412721052
-0.431434444221	0.318448279449	0.844070330665
-0.0721750272732	0.920443728969	-0.384152986677
-0.889827787787	-0.25482835199	-0.378508428431
-0.448276180283	0.333367432926	0.829406103027
-0.0851738549242	0.907705088985	-0.410872967803
0.867405572715	-0.0283308308299	-0.496794662915
-0.480529464754	0.211582478299	-0.851072436557
0.129224636116	0.976949447407	0.169914021567
0.877682408198	-0.00648952414399	-0.479198785374
-0.4681718368	0.202070679219	-0.860222394782
0.102414457253	0.979349438829	0.174315668123
0.887474042936	0.0251816871864	-0.460169212896
-0.453793472861	0.221907318971	-0.863034539948
0.0803822483838	0.974742538204	0.208364271355
0.884963168598	0.0224974530425	-0.465117246976
-0.458825617782	0.212639650757	-0.862707031287
0.0794936556911	0.976871656858	0.198500667507
0.898489702587	0.0182448352181	-0.438615297795
-0.429430055762	0.243954256656	-0.869526389111
0.0911377017491	0.969615098964	0.227025268477
0.900807549082	0.0139195206603	-0.433995399902
-0.431271872946	0.144923727624	-0.89050642367
0.0505008098682	0.989344917578	0.136551485321
0.882175866406	0.0141676139539	-0.470706930059
-0.464923709958	0.185204294213	-0.865762828786
0.0749111420929	0.98259788851	0.169969620718
0.916783166759	0.009070924968	-0.399282285519
-0.391697757393	0.215630878471	-0.894469782427
0.0779839218188	0.976432815477	0.201239820558
0.227676831579	0.658829228115	0.71701275151
-0.348647965956	0.742689339742	-0.571714205614
-0.909179758618	-0.119818968645	0.398792632315
0.235941555765	0.634336410259	0.73617177898
-0.363307179714	0.760204981803	-0.538605862221
-0.901298764404	-0.140376993379	0.40982292175
0.215845721115	0.671641948224	0.708736712145
-0.36963024497	0.728032940824	-0.577357360937
-0.903761094405	-0.137350404479	0.405401970289
0.23612113083	0.625936877417	0.743269679418
-0.327808696342	0.771369803198	-0.545463178514
-0.914761307367	-0.11485489106	0.387324267149
0.23391209901	0.637707733446	0.733903245024
-0.31707686848	0.763609901388	-0.562460822522
-0.919101401277	-0.101137352645	0.380819966881
0.230788448041	0.672147758925	0.703529732613
-0.307792536295	0.736351687752	-0.602536262242
-0.923038704009	-0.0774827909152	0.376823526114
0.23120372289	0.625975631499	0.744781407062
-0.368490375256	0.764832613163	-0.528437239673
-0.900421944912	-0.152268124368	0.407498143702
0.214410485926	0.624305674393	0.751179442155
-0.350556066673	0.767011866127	-0.537404165548
-0.911668017161	-0.148105428499	0.383309532158
-0.484564334634	0.7763233355	0.403137852056
0.845580535264	0.29766418354	0.443158996984
0.224034835202	0.555624348804	-0.800681432304
-0.487999504451	0.769058800615	0.412787775046
0.830885804571	0.264463462833	0.489573561411
0.267346153504	0.581895225506	-0.768056350007
-0.494204744061	0.779018063824	0.385833550373
0.821968992035	0.274255831624	0.499137829651
0.283025879541	0.563828389754	-0.775863510918
-0.501079471269	0.764446032466	0.405614626887
0.826442492427	0.283690425295	0.486316530913
0.256697816137	0.578906922549	-0.773919414514
-0.428784814103	0.784347739449	0.448263666532
0.866824116936	0.217433119337	0.448706755678
0.254475227497	0.580965081493	-0.773123266109
-0.488431775477	0.770286741136	0.409973404156
0.80939227569	0.224394175948	0.54270048701
0.326042941557	0.596907037131	-0.733062789753
-0.468670427847	0.792210927373	0.390834414355
0.843282034761	0.269451848253	0.465050468713
0.263106637589	0.547538469106	-0.794341585002
-0.511234325212	0.746113598523	0.426560534429
0.840829193769	0.331478615122	0.427934763955
0.177892266107	0.577439514922	-0.796817332344
-0.805655114799	0.580190455906	0.119576239472
-0.563694679744	-0.812912962971	0.14635719064
0.182120153194	0.050508950682	0.98197815239
-0.807754486291	0.56796319774	0.157956642298
-0.539839074103	-0.820295622345	0.188914450578
0.236867618946	0.0673253412764	0.969206389885
-0.824490530034	0.56256248128	0.0611436490154
-0.549921079759	-0.822030274451	0.147826789079
0.133423750494	0.0882576239683	0.987121417393
-0.83300126344	0.55246800493	0.0297924322475
-0.533797439825	-0.81667687922	0.21931430007
0.14549494399	0.166786008129	0.975199283851
-0.785272264331	0.61002253951	0.105923740317
-0.599957709895	-0.791977750565	0.113233630376
0.15296432202	0.0253694698386	0.987906020472
-0.821242759715	0.554396326193	0.134925294791
-0.521550839296	-0.825286383759	0.216533827389
0.23139758793	0.107456455732	0.966906542869
-0.805700700014	0.592122930728	0.0154013124086
-0.57539908246	-0.788586363263	0.216905102442
0.140579733325	0.165898651193	0.976071196785
-0.86403207697	0.501920092936	0.0390505503902
-0.490442376499	-0.856703838217	0.159765338917
0.113644183804	0.118890321274	0.986382325536
-0.0725310694119	0.535741313328	-0.841261203081
0.481525137056	0.75747529928	0.440868116189
0.873425846308	-0.373111777733	-0.312913402759
0.0145699681382	0.522981334885	-0.852219594322
0.471883256396	0.74782929796	0.466987722345
0.881540643372	-0.408952153496	-0.235890286294
-0.00401820576553	0.548378959207	-0.836220309874
0.527136579065	0.711768851564	0.464232850145
0.849771096566	-0.438936930824	-0.291930642296
0.0359197565492	0.547803991982	-0.835835247332
0.536509031006	0.695057491523	0.478594968785
0.843129784768	-0.465624173413	-0.268935493036
0.00542402629535	0.548319287252	-0.836251501727
0.441342509937	0.749096572243	0.494035548518
0.897322352243	-0.371753000667	-0.23793349111
0.0118900681106	0.548634645584	-0.835977665448
0.423362073543	0.754642537767	0.501277563994
0.905882545448	-0.359881462629	-0.223298350026
-0.0467193782281	0.544666285038	-0.837350547038
0.530844861985	0.723637113899	0.441081693286
0.846180260457	-0.423896173125	-0.322941174933
0.00162212664899	0.5180702996	-0.85533653707
0.48577289698	0.747229305847	0.453511931262
0.874083588414	-0.416234962382	-0.250452409726
0.718331239787	-0.684762892698	0.122882085943
0.691920223261	0.684804380473	-0.228668670797
0.0724336310265	0.249284450269	0.965717676913
0.72200546554	-0.688230024655	0.0710460541386
0.677127076308	0.68177056863	-0.27692564946
0.142151437475	0.248049039428	0.958261260304
0.697842310377	-0.700917778493	0.147412267952
0.71523493719	0.67097265553	-0.195536899785
0.0381456888007	0.241888326188	0.969553992302
0.672968452591	-0.724654563979	0.148287640898
0.736316612645	0.637244299388	-0.227502853901
0.0703655276582	0.262288897007	0.962420504245
0.734987401619	-0.674200716528	0.0724355272166
0.664267537085	0.694442892199	-0.276582175457
0.136169566881	0.25140098337	0.958256434053
0.673603559745	-0.737448456335	0.0492748403719
0.718202767325	0.637369396	-0.279186368639
0.174479284304	0.223450257723	0.958971824708
0.687463339475	-0.715125358742	0.126451095503
0.722431980926	0.655672238775	-0.219512983147
0.0740688274911	0.242259443816	0.967380055005
0.648106151838	-0.755773536306	0.0936203611431
0.757383533377	0.626829417115	-0.182907241829
0.079552457982	0.189449828617	0.978662438493
-0.202818491129	-0.925113405526	0.320983409522
-0.947070147336	0.268623040728	0.175784253084
-0.24884392357	-0.268341488636	-0.930629009823
-0.152297460741	-0.93313905221	0.325663016412
-0.954225923834	0.22464830829	0.197447778492
-0.257405861047	-0.280685318799	-0.9246388403
-0.148447386716	-0.949311364242	0.277077506551
-0.97621338422	0.185441350573	0.112336041209
-0.158023540607	-0.253810739341	-0.954258745875
-0.121505219891	-0.931643012309	0.342457451291
-0.981702211642	0.163756598409	0.0971804618166
-0.146617106729	-0.324383372135	-0.934493280164
-0.135369600791	-0.93466781205	0.328742017535
-0.952958808601	0.213640465683	0.215005517581
-0.271191338512	-0.284172385356	-0.919620349312
-0.150737271645	-0.934618265599	0.322129080672
-0.948960692852	0.228117506098	0.217798352268
-0.277041604143	-0.272857502076	-0.921301807457
-0.116327594513	-0.940701253882	0.31866831817
-0.986316330901	0.147151860418	0.0743422707273
-0.116826544326	-0.305659661655	-0.944946836095
-0.162254093954	-0.930693346576	0.327847105099
-0.975430208759	0.201460901245	0.0891603316267
-0.149029317664	-0.30532532082	-0.940514263266
0.0596566043942	0.937617756508	0.342510317373
0.825268544338	-0.239359733699	0.511505430675
0.561580096292	0.252148604131	-0.788065681164
0.0568081190015	0.923335565824	0.379770045885
0.863196625013	-0.236557913257	0.446019364932
0.501662676939	0.302478297094	-0.810458753405
0.00816876964971	0.938971639663	0.343903821865
0.875697375328	-0.172767199114	0.450899872647
0.482795697609	0.297470751868	-0.823667036156
0.0496156470647	0.923742575825	0.379779168346
0.863514704884	-0.230740345328	0.448434871916
0.501871415356	0.305697781328	-0.809112508917
0.0788752980039	0.935311841964	0.344919390785
0.812993395328	-0.260583000623	0.520707968997
0.576904989588	0.239346627521	-0.780955681439
0.0271646641267	0.919262409474	0.39269231931
0.88264548805	-0.206451443374	0.422256497211
0.469241491711	0.335142103499	-0.816988870864
0.08030274204	0.940558225968	0.330001845422
0.872951180795	-0.226172603677	0.432205455471
0.481151982608	0.253368394543	-0.839223614994
0.0555077419699	0.938983368732	0.339462750743
0.888601887084	-0.201502850407	0.412056683893
0.455314629863	0.278772770758	-0.84556828968
0.945311375672	0.0404694437791	-0.323649113738
0.00580623175914	-0.994205744191	-0.107357640057
-0.326117789113	0.0996072252701	-0.940069095777
0.945456601936	0.0710720087713	-0.317900576868
0.0192935413992	-0.986416312521	-0.163149192967
-0.325176515856	0.148117080293	-0.933985235277
0.939992037856	0.0389112810413	-0.3389702317
-0.00758860131772	-0.990844684131	-0.134785514946
-0.341111886191	0.129269617919	-0.931090768772
0.935400172133	0.0486195470334	-0.350232119259
-0.0131229645445	-0.985043681299	-0.171793592359
-0.3533471176	0.165291833495	-0.9207718765
0.953305953882	0.0790409605261	-0.291479679
0.0390914651807	-0.989322018689	-0.140423807483
-0.299465747726	0.12247250678	-0.946216511548
0.952765368016	0.00840225951431	-0.303590861975
-0.0140261962483	-0.997330236464	-0.0716210388559
-0.303383050381	0.0724962717873	-0.95010371398
0.92829081417	0.0728522940095	-0.364649072561
0.00850839545241	-0.984528596971	-0.175036140082
-0.371757999334	0.159381888511	-0.914548944642
0.936833553379	0.0509345368501	-0.34604729713
-0.0154622788522	-0.982345240953	-0.186450914495
-0.349433794627	0.180024160988	-0.919506583917
0.806486806151	0.222508441282	0.547785564974
-0.5632327389	0.00729468844364	0.826266101218
0.17985525699	-0.974903473042	0.131207108689
0.816418935532	0.149298728579	0.557826153953
-0.562470151907	-0.0130714922058	0.826714280263
0.13071899863	-0.988705751284	0.0733042598764
0.807569920823	0.123131917622	0.57677495283
-0.578490605745	-0.0249863199842	0.815306238305
0.114801717819	-0.992075689662	0.0510524624853
0.801279071325	0.126882493116	0.584681684789
-0.587307796262	-0.0195786373735	0.809126798913
0.114111314234	-0.991724486544	0.0588311322042
0.834985489678	0.185486223209	0.518067653281
-0.530236725104	0.0194752522834	0.847625938714
0.147133435113	-0.982453855216	0.114613160335
0.867361249599	0.112778635985	0.484732337333
-0.49505959236	0.0957180000474	0.863570520181
0.0509947017209	-0.988999000292	0.138854231744
0.799687020202	0.166252054871	0.576941008808
-0.57924062699	-0.039328203618	0.814207349206
0.158053691628	-0.985298719023	0.0648496877488
0.871919694545	0.121112391631	0.474434222915
-0.477330505569	-0.00572963161721	0.87870514755
0.109140422084	-0.992622252658	0.0528148626537
0.164520221945	-0.696048621026	-0.698891564996
0.98538380495	0.0842435988229	0.148060053521
-0.0441798528439	-0.71303530044	0.699734809084
0.13835132752	-0.72126792771	-0.678698366307
0.989013444361	0.0645883996572	0.132968906455
-0.0520701723023	-0.689638238258	0.722279580849
0.222045198488	-0.6713454016	-0.707100612435
0.97410453479	0.12104155903	0.19096934337
-0.0426178326343	-0.731193740779	0.680837301814
0.200872329258	-0.702137936246	-0.683119774244
0.978233825076	0.106722041344	0.177957830747
-0.0520470071653	-0.70399767367	0.70829258401
0.105525500447	-0.693459949329	-0.712725517683
0.994382121727	0.0676181023786	0.0814369951538
-0.00828014907243	-0.717315193529	0.69669961314
0.13226840378	-0.683317672718	-0.718040415769
0.983206499111	-0.00144680703493	0.182490820977
-0.125738063579	-0.73011976948	0.671651000004
0.0809129974662	-0.675486669828	-0.732919396359
0.993850841234	-0.00108767156039	0.11072180368
-0.0755882798614	-0.737371393069	0.671244991892
0.228846789981	-0.679289694212	-0.697276614916
0.972319786169	0.124807935141	0.19752780832
-0.0471529404939	-0.723179447282	0.689048688525
-0.426044880593	0.386871182762	-0.817812037609
-0.872779137052	0.0622526378975	0.48412936328
0.238206672527	0.920030081254	0.311130631682
-0.417983178237	0.340414827832	-0.842263525743
-0.87472485923	0.0994811104532	0.4742994351
0.245247879606	0.934998009882	0.256187859926
-0.461138710631	0.41775744698	-0.782834455508
-0.861322049881	0.0012834247035	0.508057738176
0.213249608737	0.908557678095	0.359231876422
-0.452759238479	0.422986262884	-0.784915038038
-0.849544054422	0.0626249062846	0.523787143202
0.27070998342	0.903969409438	0.330991505139
-0.45401468371	0.367655110735	-0.81160362
-0.831904130799	0.151280259187	0.5339005799
0.319070891194	0.917575082273	0.237170320106
-0.461696437598	0.384921700062	-0.799169454316
-0.839111	0.102611389852	0.534194453008
0.287626948615	0.917227490194	0.275616645484
-0.52512758429	0.405584140068	-0.74815941694
-0.820861266608	-0.00941974907244	0.57104994625
0.224561325286	0.914009171428	0.337874888611
-0.477774071809	0.412083742737	-0.775834395228
-0.822746815563	0.0996672160939	0.559601799866
0.307928071679	0.905678467175	0.291422128233
-0.268954437118	0.907375504569	0.323006447828
-0.193579162165	-0.379445636582	0.904736466781
0.943499114788	0.180805586354	0.27770260724
-0.28340268949	0.87905823877	0.383326779861
-0.229309561943	-0.45023595393	0.862962680672
0.931182008047	0.156665491675	0.329174626924
-0.207923820639	0.898204619284	0.387293216154
-0.170187001829	-0.423127398355	0.889943513875
0.963225808308	0.119128230815	0.240841102808
-0.231066338333	0.879269064357	0.416526444109
-0.188484638045	-0.460455860663	0.867441043535
0.954506106528	0.121927582005	0.272124545963
-0.230033646161	0.88993231441	0.393833743873
-0.164828245983	-0.43446762495	0.885477021723
0.9591226154	0.138774574189	0.246628138478
-0.238919221156	0.89494883181	0.376807793058
-0.174829699979	-0.421349788878	0.88988698055
0.95517124144	0.146733944909	0.257132262062
-0.238305575393	0.879268953918	0.412427602367
-0.120713857593	-0.448185546963	0.885752698217
0.963658956843	0.161294093166	0.212945086651
-0.246883965053	0.893295802181	0.375594128006
-0.185467995698	-0.423984965412	0.886475271805
0.951130885714	0.149195826872	0.270352846947
0.151887304969	0.778792125838	-0.608612731295
0.663988275187	-0.536514208096	-0.520831571963
-0.732151761847	-0.325005816367	-0.598596862493
0.175581435526	0.781464852954	-0.598733896017
0.662475742961	-0.543664697886	-0.515317044331
-0.728213900327	-0.306167355849	-0.613158220684
0.104986469571	0.74714235858	-0.656320028438
0.624116285601	-0.563317491393	-0.541435121547
-0.774245791568	-0.352776735078	-0.525444346242
0.123372328333	0.737402080191	-0.664085162485
0.639499841822	-0.570784150092	-0.515005307174
-0.758822036588	-0.361149119115	-0.541983177399
0.111355008235	0.795395419809	-0.595773618004
0.615666494581	-0.525812970978	-0.586920364125
-0.780099253437	-0.301441325171	-0.548250225247
0.171692474203	0.80331185939	-0.57027328061
0.633798633834	-0.53323526535	-0.560320614704
-0.754202127923	-0.265235661396	-0.60069037847
0.0958556981133	0.785946859332	-0.610818530733
0.604357732745	-0.53354528349	-0.591676651376
-0.790925707037	-0.312437294858	-0.526136446846
0.14176404739	0.742720134722	-0.65442309233
0.625883884894	-0.579437491105	-0.522035668269
-0.766923819507	-0.3355870644	-0.546999877711
-0.150520979213	0.456086283111	-0.877113886469
-0.932276959039	-0.360693399014	-0.0275677743328
-0.328942455643	0.813563527264	0.479490628436
-0.129153710161	0.514363092022	-0.847791225292
-0.923346716327	-0.374136721452	-0.0863284149366
-0.361593962289	0.771655598919	0.52325658812
-0.152492745775	0.410387842104	-0.899070467481
-0.911029638604	-0.411011050719	-0.0330880744857
-0.383106883297	0.814034177502	0.436551757129
-0.12756585519	0.43219259963	-0.89271300549
-0.916397595549	-0.395655291624	-0.0605998186469
-0.379397417255	0.810349583805	0.44653236409
-0.0961248514046	0.481945614475	-0.870912418923
-0.940441776854	-0.330611253739	-0.0791547084162
-0.326081709227	0.811433686881	0.485021744346
-0.113489180953	0.492579314938	-0.8628359079
-0.92814290143	-0.362429624855	-0.0848262734377
-0.354500973189	0.791208165172	0.49831585386
-0.129961353594	0.415439309818	-0.900288937382
-0.925726828831	-0.376081103416	-0.0399095759663
-0.355161694578	0.828234939935	0.433459371877
-0.161914070927	0.426132914403	-0.89005312137
-0.917756083629	-0.396485307525	-0.0228725820254
-0.362639753145	0.813148278796	0.455282636996
0.908256128907	0.0984086063322	0.406677453649
0.145022105854	0.837661424631	-0.526585157332
-0.3924785267	0.537251417223	0.746539699544
0.909511627205	0.189339800936	0.370052752077
0.0493480593089	0.834760415116	-0.548397499623
-0.412738862455	0.517035287318	0.749880751766
0.951605005911	0.101633487416	0.290031978516
0.0771436823136	0.83452286758	-0.545546002862
-0.297484061094	0.541518442156	0.786295756868
0.948498454978	0.146198407161	0.281027942564
0.0298543184723	0.841931850926	-0.538757340068
-0.315371841524	0.519400401956	0.794206406072
0.928836860431	0.117204678278	0.351461452435
0.0921045886679	0.845810851307	-0.52547193443
-0.358857679177	0.520448914416	0.774825206961
0.922734548426	0.160515213741	0.350422347107
0.0540832340548	0.846243410514	-0.530044430254
-0.381622796736	0.508042282106	0.772176849343
0.95072210349	0.149225382974	0.271770612613
0.0211725373769	0.843259889787	-0.537088892397
-0.30932055293	0.516376354757	0.798546336261
0.946485821173	0.146776699166	0.287439018939
0.0283715228397	0.849319820522	-0.527115637717
-0.32149594977	0.507062559667	0.79970488934
-0.0154312713919	-0.833377265818	-0.552489110026
-0.0448701395461	0.552575418357	-0.832254216653
0.998873642888	0.0119475260182	-0.0459206971027
-0.0871457655827	-0.903601582453	-0.419415993081
-0.0636403889506	0.425207466323	-0.902855747421
0.994160699262	-0.0519882673809	-0.0945605810041
-0.0893178604185	-0.84575558952	-0.526041669377
-0.0163382285737	0.529325655995	-0.848261414572
0.995869176856	-0.0671702907526	-0.0610963912842
-0.0496313848913	-0.902987790167	-0.426790052735
0.0093767914331	0.42687658398	-0.904261269164
0.99872357241	-0.0488816728111	-0.0127193399237
-0.0108544007741	-0.847675491076	-0.530404024749
-0.0315023809191	0.530461869926	-0.847123248347
0.999444729657	0.00751396842988	-0.0324616387696
0.00770921459463	-0.893238301069	-0.449517367158
0.00455498541105	0.449557451223	-0.893239792432
0.999959888186	0.00483861333224	0.00753443397742
-0.104344830954	-0.858000746916	-0.502938249222
-0.00959092284267	0.506543356821	-0.862161148178
0.994494936356	-0.0851384138937	-0.0610842018412
-0.122380389628	-0.865923260542	-0.484974155378
-0.022006388026	0.490894576884	-0.870941000384
0.992239257145	-0.0959135762873	-0.0791317089942
0.938892809367	-0.15342843582	0.308123362103
-0.0198195041441	0.869579402077	0.493395224851
-0.343638586959	-0.46935208078	0.813400972318
0.939274246611	-0.0895530776057	0.331276525976
-0.112661507813	0.8313735128	0.544174116312
-0.32414699602	-0.548450846018	0.770798545134
0.898880423355	-0.205400956439	0.387071611206
-0.0344088614157	0.847520512988	0.529646118861
-0.436840949733	-0.489407221097	0.754751984447
0.910019309395	-0.191189575001	0.367846986001
-0.0289733940657	0.855805840227	0.516485149593
-0.413552174623	-0.480669235259	0.773260428712
0.887979045579	-0.186888109978	0.420197626575
-0.066750127908	0.851650918905	0.519841445066
-0.455013880507	-0.489656555079	0.743773364956
0.899386480946	-0.146882585888	0.411739557925
-0.103326454465	0.843749174145	0.526698181582
-0.424767702874	-0.516248812722	0.743679743714
0.936800920528	-0.110141356956	0.332073659024
-0.0764613053904	0.861756323021	0.501527371778
-0.341405480781	-0.495222088919	0.798872564752
0.950943777492	-0.0816232077381	0.298401715874
-0.0928086377284	0.844868339167	0.526862454848
-0.295114365698	-0.528710829778	0.795846951214
-0.950967501933	-0.280151216041	-0.131060433259
0.255125077714	-0.950069130203	0.179667951977
-0.174850609769	0.137421520864	0.974957742287
-0.957367907595	-0.248728271805	-0.146903154044
0.234633359827	-0.966198190205	0.106807500922
-0.168503638892	0.0677857108948	0.983367488624
-0.97681687163	-0.183006262779	-0.111065995976
0.171188527346	-0.979297482977	0.108023488173
-0.12853573738	0.0865060325949	0.987924723463
-0.954205803843	-0.246012584083	-0.170201411359
0.23127923835	-0.967538861309	0.101871928949
-0.1897383089	0.057842756439	0.980129370975
-0.972287819142	-0.230498515668	-0.0390563850043
0.221537373361	-0.96176842998	0.161000798482
-0.0746736843822	0.147886778254	0.98618118602
-0.982159161429	-0.1714688933	-0.0772335680106
0.160787140717	-0.978649634329	0.12804533055
-0.0975402520874	0.113342533614	0.988756485482
-0.95128812948	-0.226506723573	-0.209157442805
0.194443048428	-0.967255788513	0.163123841366
-0.239257251975	0.114508475145	0.964180376903
-0.94619275857	-0.227844037183	-0.229805104348
0.202082671157	-0.970660272866	0.130327690719
-0.252756573173	0.0768752734649	0.96447103667
0.203431738681	-0.109389252272	0.972958876893
0.29930192301	-0.939219879739	-0.168175665079
0.932219579026	0.325420784416	-0.158326181862
0.168170301932	-0.079931513797	0.982511867805
0.295074618031	-0.946923245806	-0.127542254801
0.940558125301	0.311363148217	-0.135658476614
0.15729008759	-0.157918049918	0.97484429584
0.225579292549	-0.955288455161	-0.191147103914
0.96144344316	0.249970242372	-0.114634046468
0.19583731721	-0.080921713774	0.977292071332
0.251623238857	-0.959077332813	-0.129835741622
0.947804759492	0.271336046951	-0.167461716504
0.173937254176	-0.115656798833	0.977941306129
0.301335835702	-0.939191278025	-0.164669769041
0.937519283786	0.323330981501	-0.128508676941
0.1879864048	-0.143728757984	0.971598107663
0.297539179438	-0.934416083317	-0.195796756268
0.936018843499	0.325895653844	-0.132892312216
0.194307322094	-0.0864331567099	0.977125731269
0.247628674526	-0.959527943973	-0.134119040848
0.94917091445	0.268024601458	-0.165040692931
0.163092997857	-0.137839413696	0.976934696864
0.230275758095	-0.957526257225	-0.173544092567
0.959361340235	0.253268183677	-0.124425183206
-0.380296131551	-0.239578519175	0.893295590377
0.841616343548	-0.49012569773	0.226845231606
0.383479867673	0.838080522372	0.388026082597
-0.343204888086	-0.218857436751	0.913406748635
0.849494219448	-0.48720913709	0.202452205987
0.400711912972	0.845416315766	0.353130634964
-0.352856311029	-0.213737265111	0.910938482968
0.850115983843	-0.479948940891	0.21668399431
0.390890460698	0.85086163439	0.351054385777
-0.322820137919	-0.246045344912	0.913919508205
0.872500530041	-0.45157127008	0.186617887151
0.366783320651	0.857639259231	0.360450976853
-0.342544575586	-0.249169485865	0.905857489208
0.862982002797	-0.46459051529	0.198538979893
0.371382937531	0.849747157102	0.374171734945
-0.356597281127	-0.216929436922	0.9087244287
0.848137153984	-0.483068621512	0.217504418465
0.391793103503	0.848284400078	0.356246800383
-0.341876732066	-0.284312101907	0.895704760123
0.856499430829	-0.486469957715	0.172498705198
0.386689945031	0.826143877913	0.409825839026
-0.333978955505	-0.247171968582	0.909595530387
0.865161954996	-0.463388715154	0.191743681706
0.374102663156	0.850985819973	0.368605900249
0.612578692807	0.501809937511	-0.610683370028
0.183818770204	-0.841878017963	-0.507397560684
-0.768737960253	0.198565887006	-0.607958658781
0.566206405054	0.574945845089	-0.590633112662
0.211958431087	-0.794021315043	-0.569739700906
-0.796544927829	0.197400553473	-0.571444491665
0.636178727984	0.507567844121	-0.581078093543
0.185163250891	-0.831569496766	-0.523648695621
-0.748993616595	0.225539951053	-0.623009926418
0.640951322295	0.483724231974	-0.595980194506
0.185664872781	-0.851085200304	-0.491104029554
-0.744788614211	0.204121239048	-0.635314880484
0.625739572756	0.528875107215	-0.573359545706
0.196301142024	-0.81815861589	-0.540446699752
-0.754927751063	0.225627778875	-0.615773056972
0.644342616329	0.532505360092	-0.548872119705
0.204219010318	-0.811477223858	-0.547539181986
-0.736964828293	0.240712694845	-0.631617052203
0.615748828179	0.525680007478	-0.586953123751
0.196298318048	-0.823773709983	-0.531849721067
-0.763099213781	0.212267956145	-0.610427843899
0.612258745975	0.536775448677	-0.580526653272
0.172873550412	-0.80734967631	-0.564181295458
-0.771526936036	0.245067166862	-0.587101059962
-0.436309659073	0.131647186413	0.890113992645
0.782528849378	0.543832290212	0.30314195755
-0.444164948509	0.828803634672	-0.340297006324
-0.417717907283	0.115280833806	0.901233631883
0.790773694183	0.534594009397	0.298137892796
-0.447424512591	0.837209393097	-0.314470537647
-0.32620630213	0.0978180220501	0.940223968367
0.82537222413	0.514336499034	0.232849023044
-0.460814678331	0.851991555392	-0.248516091699
-0.348199879907	0.115369989325	0.930293840774
0.800086258699	0.553710257181	0.230796309938
-0.488486277453	0.824678557744	-0.285107792143
-0.349614956143	0.0399929399255	0.936039495787
0.784323297686	0.558963647966	0.2690661663
-0.512451302686	0.828227143902	-0.226789443806
-0.30898817946	0.0473152259489	0.949888178059
0.778412044992	0.586429502926	0.223998033194
-0.546443930915	0.808617152957	-0.218030521746
-0.356918949037	0.083199477894	0.93042293557
0.777452386124	0.578625297385	0.246496637685
-0.51785787574	0.811338802202	-0.271205989622
-0.322907664	0.123564825614	0.938329522564
0.809026376565	0.550522978625	0.205914410233
-0.491128171728	0.825624706626	-0.27773527691
0.7004386636	-0.273700113802	-0.659146369826
0.542375002594	-0.396178449441	0.740858989445
-0.463912756574	-0.876430792125	-0.129050613782
0.74882988859	-0.285200462779	-0.598259559354
0.468615188161	-0.410484892914	0.782241646748
-0.468672177276	-0.866119440097	-0.173734094291
0.725700026747	-0.334767845054	-0.601074006417
0.492067638259	-0.358059029388	0.79351318282
-0.480862673381	-0.871621604739	-0.0951150244136
0.7252089433	-0.409476642566	-0.553534893542
0.454908574863	-0.318526794014	0.831624266695
-0.516846386939	-0.854909124781	-0.0447240543887
0.7760893132	-0.21745510143	-0.591944811167
0.468072700084	-0.430399493068	0.771792874321
-0.422603038372	-0.876053407207	-0.232243653019
0.759187359434	-0.251277775662	-0.600411552111
0.484845190151	-0.397104186341	0.779251821936
-0.43423460714	-0.882704786359	-0.179645656941
0.747518054481	-0.321596465151	-0.581199161754
0.480369665582	-0.342577852383	0.807394182824
-0.458761088596	-0.882732176638	-0.101597937242
0.716746013158	-0.330690051681	-0.613937484595
0.5174689933	-0.337933320191	0.786146854828
-0.467440890643	-0.881161237289	-0.0710905046839
-0.995780676397	-0.00319319733726	0.0916944846118
-0.0878736169853	-0.254235157295	-0.963141200324
0.0263875435644	-0.967136261245	0.252883595702
-0.990623775427	-0.0109581120829	0.136223750322
-0.12823009701	-0.270214269475	-0.954227037026
0.0472655539805	-0.962741977765	0.266267614306
-0.993985358214	0.0405616479482	0.101707264038
-0.108880521867	-0.267700022668	-0.95732936298
-0.0116037407873	-0.962646991363	0.270508494112
-0.997509484103	-0.00081203738166	0.0701538447381
-0.0668244455586	-0.293573919971	-0.953579980145
0.0213708870203	-0.955918210755	0.292822531273
-0.982654204259	-0.0110146931816	0.18510251947
-0.176770355317	-0.245845188399	-0.953052114344
0.0560045325035	-0.969244431353	0.239637750613
-0.990781970399	0.00483555710423	0.135384509775
-0.132088715765	-0.256395622078	-0.957504387432
0.030081876057	-0.966560240322	0.254670089833
-0.988762803686	0.052357173954	0.140027975275
-0.149151634927	-0.281934662795	-0.947769631039
-0.0101438317603	-0.958004284988	0.286575029572
-0.992286374557	-0.0166158278175	0.122843096949
-0.112304018129	-0.29905069211	-0.947605236056
0.0524816131073	-0.954092128756	0.294878706819
0.716839461439	0.639592626284	0.277601215342
0.301564314554	-0.643386372957	0.70364252218
0.628649446467	-0.420684094346	-0.6540830414
0.745040296218	0.602241514776	0.286740589106
