-0.216605349266	-0.857731413827	0.466239191159
0.689260649695	0.203854176491	0.695243307778
-0.69137682809	0.471953728624	0.54704458148
-0.198989741303	-0.833921153257	0.514760732202
0.700621466925	0.246213622812	0.669707715052
-0.68522453353	0.493917375344	0.535269065161
-0.15373504638	-0.87635978031	0.45646365071
0.68266103697	0.239782834175	0.690273928757
-0.714380457156	0.417729246731	0.56139365544
-0.143716244108	-0.866059002166	0.478839633811
0.689839485402	0.259255333715	0.675949793451
-0.709554137837	0.427467476718	0.560182525789
-0.184986723142	-0.857474259758	0.480122662357
0.695891388034	0.230673738728	0.680091743418
-0.693912857005	0.459921185919	0.55403739619
-0.181847234057	-0.857173549724	0.481855905104
0.70264525454	0.229539812732	0.673499173271
-0.687910789203	0.461047715294	0.560547731514
-0.193346120132	-0.860318729317	0.471666203699
0.686245134437	0.224994902383	0.691697144109
-0.701202495137	0.45741557439	0.546887621496
-0.200059615603	-0.84921765099	0.488677384762
0.695240142246	0.228394523626	0.681525583895
-0.690374789329	0.47609385434	0.544717645167
0.817858517231	0.196988934285	-0.540650355617
0.227246785171	0.752628801019	0.617987692838
0.52864576598	-0.628287553305	0.570778773195
0.800851323138	0.134315150329	-0.583606541839
0.327787610241	0.717269250633	0.614882184235
0.50119101933	-0.683728204998	0.530399186361
0.76701776717	0.239210807151	-0.595367064691
0.261803694434	0.73046573246	0.630776226194
0.585783729338	-0.639685869543	0.497653922042
0.764156992714	0.244238409867	-0.597002255131
0.257656607499	0.732916515298	0.629639942835
0.591335070919	-0.634965340902	0.497133640133
0.7815050539	0.16805287368	-0.600839484725
0.287860459754	0.757281577002	0.586226042852
0.553521644082	-0.631096545115	0.543443602129
0.796199741653	0.204933978987	-0.569269737469
0.299798421932	0.68362940756	0.665410953294
0.525534847511	-0.700466198195	0.482866674198
0.790828351613	0.162990027872	-0.589936240506
0.294377932159	0.743775480086	0.600116377684
0.53659309547	-0.648253256467	0.540218069536
0.789671187985	0.215890267593	-0.57429157007
0.273278185827	0.714292112694	0.644287056523
0.549307243941	-0.665716283721	0.505057800534
0.92599191398	-0.204285012611	0.317500562736
0.0697237606558	0.919031032599	0.387969788319
-0.371049283675	-0.337119553083	0.865258824417
0.93710934191	-0.174104917846	0.302512080793
0.0495391599318	0.92427866746	0.378490180425
-0.345502464647	-0.339700489588	0.87477518516
0.962906642376	-0.145188581359	0.227444661937
0.0585323086262	0.935220720532	0.349193604346
-0.263409884491	-0.32292798007	0.909028466692
0.974042140317	-0.131957947575	0.183926638325
0.0510128593813	0.919573624855	0.389592138732
-0.220543865005	-0.370096536671	0.902435014071
0.949157590363	-0.13830566387	0.282792172409
0.0099212128731	0.911015553293	0.412252631955
-0.314644941115	-0.388487073608	0.866069487235
0.955735563157	-0.163859771226	0.244375753305
0.0516252390704	0.911075109273	0.408995085765
-0.289662507274	-0.378275191974	0.879206182488
0.955293179008	-0.152896881443	0.253056290497
0.0454675402823	0.921692797871	0.385246790758
-0.292143193136	-0.356517784485	0.88743868802
0.962059645596	-0.159325504085	0.221487294029
0.057802381584	0.91238005749	0.405242537107
-0.266646061946	-0.377064998303	0.886973428448
-0.648414980829	0.708790972925	-0.277801025924
0.292121008134	-0.10532314743	-0.950564242169
-0.703010220346	-0.697511590287	-0.138759646867
-0.681221128552	0.696665376356	-0.224933464086
0.273867070607	-0.0424293090488	-0.960831172269
-0.678921598947	-0.716140396398	-0.161889934233
-0.539823918874	0.8060591509	-0.242608779832
0.272222249712	-0.105557534844	-0.956427114115
-0.79654593186	-0.582345621691	-0.162444868028
-0.532349815347	0.824079235416	-0.193640932763
0.287010302168	-0.0394940835724	-0.957112906556
-0.79638463291	-0.565095959286	-0.215494439671
-0.627280932228	0.743180133154	-0.232813517097
0.225488610317	-0.112821839648	-0.967691202858
-0.745435262565	-0.659510930279	-0.0968077737301
-0.646300348845	0.724747109886	-0.238825379667
0.272462803599	-0.0731724150273	-0.959379939332
-0.712783246097	-0.685118583932	-0.150175308409
-0.597340514678	0.761688300943	-0.251028630897
0.252972999191	-0.118075874479	-0.960241033179
-0.761044744417	-0.637094272716	-0.122155136038
-0.59368400532	0.768457311922	-0.238772256012
0.298203754955	-0.0654980347865	-0.952252179227
-0.747404409285	-0.636539906107	-0.190271503087
0.545871968269	-0.757974492826	0.357069266752
0.571603429995	0.648482024215	0.502733112238
-0.612611877008	-0.0703258952873	0.787248979692
0.564345179394	-0.734907973523	0.3760648745
0.545314919238	0.673864000989	0.498536806756
-0.619795255094	-0.076273057407	0.781048182203
0.516477329094	-0.75387763966	0.406103039035
0.583563029877	0.656945270727	0.477364750724
-0.626662081232	-0.00956135414935	0.779232454984
0.570029932733	-0.735245772427	0.3667145069
0.55883257764	0.674138197081	0.482953249437
-0.602305591548	-0.0703657949743	0.795158241561
0.558445360516	-0.721316219153	0.40968487745
0.554430901228	0.691906476922	0.462462764116
-0.617045510953	-0.0311182328741	0.786311958848
0.529932318557	-0.750235493547	0.395371287393
0.58089602434	0.660797737322	0.475295874778
-0.617844284249	-0.0222050421649	0.785986884374
0.556148810442	-0.723381268304	0.409167500139
0.553827179152	0.689667239129	0.466513189743
-0.619656322598	-0.0328426740367	0.784185820791
0.518913288206	-0.773023128162	0.364916756342
0.533417344441	0.626398033275	0.568411327975
-0.667978242447	-0.100303262396	0.737390209598
0.248831087989	-0.951938436724	-0.178595370498
-0.769276366926	-0.0822122478061	-0.633604784861
0.588470020446	0.295049766645	-0.752760705424
0.232006268236	-0.952093512282	-0.199226381342
-0.785615236029	-0.0626373790417	-0.615536692399
0.573569444855	0.299323675376	-0.762511439066
0.190184744901	-0.968170939836	-0.16271083293
-0.790620147142	-0.0527859723959	-0.61002741862
0.582021964215	0.244660376423	-0.77549453874
0.193769105716	-0.961298692374	-0.195852895278
-0.79583417192	-0.0372842594629	-0.604365661962
0.573673690659	0.272973820345	-0.772258886377
0.295487002826	-0.937365878817	-0.184479363872
-0.773990620371	-0.121692003562	-0.621393247767
0.56002316563	0.326398924665	-0.761470803245
0.27591073528	-0.937209186533	-0.213336037953
-0.785087821462	-0.0916903596681	-0.612560265086
0.554536235969	0.336499489524	-0.761089875263
0.260890503209	-0.952628469307	-0.156317316896
-0.722072517712	-0.0850907797106	-0.686564474634
0.640739715689	0.291990578838	-0.71006621043
0.224216929394	-0.95530738838	-0.192651629146
-0.796964550093	-0.0659709657901	-0.600412740033
0.560869291726	0.288159237583	-0.776137934078
0.947134673068	-0.186375631909	0.261151356941
-0.0906145935465	-0.936224936818	-0.339516904802
0.307774110084	0.297904107122	-0.903619448616
0.941862135529	-0.213554213283	0.259403758089
-0.123684483108	-0.938185788358	-0.323279101222
0.312406562607	0.272400122316	-0.910055008228
0.947507511075	-0.166707603624	0.272833493598
-0.0753879830145	-0.945740213224	-0.316058517034
0.310718831666	0.278899460499	-0.908663725917
0.950631313687	-0.163636734365	0.263672335717
-0.0648546941865	-0.935671468185	-0.346859960144
0.303469850394	0.312635542566	-0.900091186712
0.958277653734	-0.148383917171	0.244307410824
-0.0614858622434	-0.941700612952	-0.330783251813
0.279147607195	0.301960732647	-0.911534132102
0.943634278138	-0.21401772526	0.252489194705
-0.126764080198	-0.938347732433	-0.32161385018
0.305753574206	0.271479306634	-0.912586867843
0.946274470183	-0.155082177047	0.283750085183
-0.0575662289303	-0.944266502912	-0.324107464567
0.318199185678	0.290360186085	-0.902462750099
0.933399076561	-0.228430702148	0.276741038514
-0.130920051394	-0.93483377976	-0.33007036764
0.334104965878	0.271856435949	-0.902479164015
-0.995241619871	0.0915785397049	0.032908178707
-0.0780765225533	-0.549623582614	-0.831744500506
-0.0580829905073	-0.830366321909	0.554177457282
-0.993505635159	0.109651605794	0.0305066339417
-0.0900480270292	-0.593342563777	-0.799901250437
-0.0696094978855	-0.797450426653	0.599357036754
-0.993490531769	0.0811171560839	0.0799366800912
-0.112271045212	-0.579841752856	-0.806953187193
-0.0191070207528	-0.810677643026	0.585179705048
-0.993554957016	0.0666795003742	0.0916771418177
-0.113071627584	-0.525108701234	-0.843491211338
-0.00810315602049	-0.848419979019	0.529262149362
-0.996570441031	0.0742722561702	0.0365988870083
-0.0718286001936	-0.555601690007	-0.828344149204
-0.0411885756137	-0.828128618808	0.559024478191
-0.994401560313	0.0856704024177	0.0617939279573
-0.099761681487	-0.569395086199	-0.815984582631
-0.0347205168409	-0.817584132878	0.574759988731
-0.99756841236	0.0679170712526	0.0152162412631
-0.0518983155791	-0.580176015605	-0.812829669755
-0.046377013765	-0.811648186486	0.582300331096
-0.99258852599	0.0714410563076	0.0983301951459
-0.120401417736	-0.46733858673	-0.875843340005
-0.016617773948	-0.881189101781	0.472473113781
-0.992631809975	0.0337321467746	-0.116408774836
0.0398725651253	0.997911106146	-0.0508292226753
0.114451033788	-0.055096039798	-0.991903299494
-0.992259720536	-0.00996982283003	-0.123817785794
-0.0108220630795	0.999922141925	0.00621235970074
0.123746209627	0.00750420516023	-0.99229035927
-0.980011697907	0.0130594310367	-0.198512087099
-0.0019989720995	0.997146270354	0.0754673464936
0.198931147822	0.0743556826156	-0.977188904787
-0.982732423396	-0.00919521879575	-0.184800948448
-0.0209401929768	0.997874810399	0.0617038894442
0.183840830378	0.0645082134751	-0.980836479269
-0.986121371723	0.027932296831	-0.163651910438
0.0335256376749	0.99894082104	-0.0315161285104
0.162598255263	-0.0365653050246	-0.986013340049
-0.980655575192	0.0145573230694	-0.195206226869
0.015193402418	0.999883022075	-0.0017614909215
0.195157749491	-0.00469325818122	-0.980762035413
-0.981969613239	-0.00481435608817	-0.188967861316
-0.0271059223334	0.992930722458	0.115558800453
0.187075652102	0.118597594256	-0.975158282292
-0.990038824276	-0.00096485835604	-0.140780927024
-0.00663018298439	0.999186519647	0.0397786177854
0.140628023662	0.0403158381741	-0.989239843146
-0.850885435254	-0.254615175815	-0.45952864924
-0.523480969758	0.337145444352	0.782496746114
-0.0443073529895	0.906368907026	-0.42015878783
-0.862375809801	-0.281430407822	-0.420839487636
-0.501283868611	0.358291726996	0.787617839578
-0.0708761728049	0.890182174448	-0.450058920845
-0.843815021866	-0.304760534513	-0.441698624932
-0.528314013231	0.327400480715	0.783385851755
-0.0941326834199	0.894388118162	-0.437274836482
-0.856149958495	-0.271064735064	-0.439923595656
-0.512432551989	0.335823525101	0.790339178125
-0.0664961673511	0.902079290429	-0.426418166043
-0.888462207105	-0.259538087291	-0.378511096906
-0.45515445177	0.392503545315	0.799233400738
-0.0588650513402	0.882371568596	-0.466853327454
-0.859886260207	-0.255947269763	-0.441686506597
-0.510485984649	0.430814496209	0.744179439469
-0.000185703693937	0.865384292526	-0.501109048697
-0.899320346001	-0.229956487868	-0.371945501614
-0.430209885094	0.312814570327	0.846797903934
-0.0783766371496	0.921556970039	-0.38025022926
-0.888922288127	-0.259801868102	-0.377257769246
-0.448764268061	0.328847041817	0.83094609721
-0.0918208409738	0.907944807843	-0.408910256286
0.866382953291	-0.0306165345711	-0.498440773348
-0.481684088404	0.212118278516	-0.850285990663
0.131761207124	0.976764277987	0.169028163559
0.877104135079	-0.0095313179183	-0.480205674233
-0.468498174741	0.203298384766	-0.859755327328
0.105819638309	0.979070434944	0.173848449129
0.88853041976	0.0218893594838	-0.458295263024
-0.451173083132	0.223261250069	-0.864058595448
0.0834058824457	0.974512833805	0.208250302475
0.88590955013	0.0202262746394	-0.463416836721
-0.456710756734	0.212737165757	-0.863804472952
0.0811144341404	0.976900087328	0.197703444983
0.899478781848	0.0165241197223	-0.436651893257
-0.42689873795	0.2464802172	-0.870060331616
0.0932490748179	0.969006948676	0.22875785079
0.901762234588	0.0113429123645	-0.432083572833
-0.429230340373	0.141115388504	-0.89210301586
0.0508546013257	0.989928186457	0.132121248707
0.882342142377	0.0104818149344	-0.470491733297
-0.464283545421	0.182746497204	-0.866628223497
0.0768968724763	0.98310417549	0.166111471875
0.919516300407	0.00565975305294	-0.393011121538
-0.384960505118	0.214808969756	-0.897587058411
0.079342195306	0.976639690532	0.199699130083
0.230886603063	0.655340359829	0.719180344628
-0.346217794993	0.746110028288	-0.568729335553
-0.909298957302	-0.117681058234	0.399157310112
0.239208691848	0.629271855654	0.739456655114
-0.360295453964	0.76472072212	-0.534218500735
-0.901646493346	-0.138633157493	0.409651629436
0.218229035645	0.669959678781	0.709598546167
-0.369287565816	0.729745660239	-0.575411120984
-0.903328711847	-0.136474514934	0.406659476565
0.24047645123	0.621160811998	0.745875529038
-0.325741939925	0.775506723089	-0.540815593272
-0.914364942325	-0.112909534544	0.388829236807
0.23789591692	0.63282090122	0.736846810569
-0.312874290402	0.768117688038	-0.558663485849
-0.919519001256	-0.0976366682884	0.380725456408
0.234397061944	0.669159108573	0.705183728016
-0.302309578485	0.739600185587	-0.601332253668
-0.923940973007	-0.0722332884402	0.375653322373
0.23415831313	0.621314893616	0.747755094127
-0.367721547233	0.768599902684	-0.523483573104
-0.899972633763	-0.152387632633	0.408444932424
0.21624993073	0.618393004717	0.755530300376
-0.351504712521	0.771261460887	-0.530660144449
-0.910867926839	-0.15081725216	0.384153299011
-0.488074541211	0.774014880159	0.403328230298
0.843368043402	0.299263643791	0.446280907807
0.224728813088	0.557976048407	-0.798840998807
-0.492043978312	0.766553546953	0.41267091804
0.827861692476	0.265332579893	0.494214552789
0.269344844155	0.584806519895	-0.765156992068
-0.49868373258	0.776349319783	0.385466257244
0.818979157772	0.276397580897	0.502863506872
0.283858487516	0.566462974149	-0.77364708829
-0.507353524223	0.760594020871	0.405086772588
0.822364340809	0.286860422659	0.491356186018
0.257517861274	0.582418016538	-0.771025964868
-0.430349464159	0.782057122591	0.450760529178
0.865546540621	0.21579783044	0.451951287711
0.256178811925	0.584651552165	-0.769775171412
-0.493385305393	0.768319693675	0.407724050485
0.803259280792	0.222674401317	0.552432664426
0.333659378492	0.600076802762	-0.727021128
-0.471777171702	0.791370086947	0.388806725466
0.841054909506	0.271516203366	0.467879287053
0.264695907556	0.547738782216	-0.793682360526
-0.516953802982	0.741846148977	0.427111666997
0.838010315904	0.336789796088	0.429315642
0.174639042815	0.579859897972	-0.795779658694
-0.801316602435	0.5866468336	0.117203832948
-0.570954224883	-0.808440783908	0.1429486389
0.178612762475	0.0476291182182	0.982765965939
-0.804693425706	0.57226817009	0.15804362365
-0.544568794994	-0.817505943033	0.18742736346
0.23646029898	0.0647559306666	0.969480891544
-0.821523951618	0.567639049369	0.0537059628308
-0.55612874381	-0.81850242822	0.144134031932
0.125774564678	0.0885421283055	0.988099716907
-0.831896027543	0.55458670446	0.0195599659573
-0.537700061116	-0.814278908893	0.218697298629
0.137213881616	0.171416018469	0.975596688893
-0.778818717558	0.618543266333	0.104141903277
-0.608965695821	-0.785417274658	0.110816915608
0.150339913722	0.0228874451436	0.988369401875
-0.817171433008	0.560195028268	0.135693615233
-0.527034581221	-0.821510693323	0.21761229214
0.233379041707	0.106311287253	0.96655684781
-0.801753139399	0.597622407697	0.00629259294235
-0.582420157172	-0.783633778511	0.216113615426
0.134085418399	0.169604811462	0.976347945966
-0.864047538311	0.502406008251	0.0317783021106
-0.492263786785	-0.856441322214	0.155513448581
0.105347149141	0.118727719351	0.987322493164
-0.0795820504707	0.529662899414	-0.844466644754
0.477678231636	0.763815669394	0.43406120658
0.874922972689	-0.36883985281	-0.313794454311
0.0141516030486	0.515095124627	-0.85701620956
0.467036495591	0.754455923488	0.461165025719
0.884124811692	-0.40678407263	-0.229891461185
-0.00393742033852	0.541150764281	-0.840916328855
0.528328613097	0.715100754123	0.457711444885
0.849030799441	-0.442477954834	-0.288721085018
0.038926778439	0.54198445459	-0.839486485088
0.539950565297	0.69549913331	0.474061539415
0.840796107685	-0.471734890696	-0.265571271971
0.00341698928912	0.543616955324	-0.839326491056
0.43206716065	0.756140205739	0.491497675408
0.901834974589	-0.364324857961	-0.2322953115
0.0120482925217	0.543016975173	-0.839635294558
0.414603446969	0.76140098372	0.498369872363
0.909922438978	-0.354120195119	-0.215963128023
-0.05018353132	0.539215098797	-0.840671588586
0.531610738217	0.727004617885	0.434573717844
0.845500837161	-0.425101600159	-0.323136195741
0.00213331501083	0.509243623396	-0.860619784417
0.487018183848	0.751130362785	0.445664082879
0.873389243064	-0.420088226682	-0.24640850693
0.71420305226	-0.687727802052	0.130170953234
0.696320719467	0.679231863681	-0.231908469989
0.0710736408432	0.256270468638	0.963988581529
0.718891052126	-0.690985975764	0.0757234440457
0.67975235174	0.676029970424	-0.284464801751
0.145369869591	0.255972389973	0.955691235253
0.691084873881	-0.705553412114	0.156831359236
0.722097575988	0.664605977991	-0.192025987499
0.0312535331826	0.245953800089	0.968777551572
0.665255486911	-0.729796341093	0.157583115936
0.743590185015	0.628651607222	-0.227751606659
0.0671474098565	0.268690264269	0.960883326594
0.732596279804	-0.676303271547	0.0769192700659
0.666278298601	0.68940989404	-0.284230935944
0.139197406677	0.259476166593	0.95566531834
0.666501989012	-0.743643448532	0.05262626683
0.723266556084	0.627896015124	-0.287457974931
0.180722415202	0.229654131153	0.956346375114
0.67938753223	-0.721180797867	0.135391380166
0.730677365013	0.647950796564	-0.215105416712
0.0674029472226	0.245067355696	0.967160189755
0.639047418168	-0.762605708719	0.100254315885
0.765337962031	0.617451383267	-0.181690920294
0.0766563676316	0.192837547361	0.978231813773
-0.199840574721	-0.926143500691	0.319878637932
-0.945998940354	0.267413070895	0.183238881553
-0.255245238401	-0.265986275946	-0.929570752499
-0.145750865843	-0.933978170977	0.326253577402
-0.953441412078	0.220614012623	0.205618304902
-0.264019117424	-0.281094627685	-0.922648149473
-0.138156462631	-0.952101839707	0.272789728562
-0.977754367516	0.175006763423	0.115622505308
-0.157824415048	-0.250747390329	-0.955100045191
-0.111343381445	-0.932775841011	0.342828565288
-0.983121559872	0.153780634319	0.0991118928674
-0.145169532847	-0.326006747198	-0.934154490843
-0.12895073329	-0.935937513027	0.327708122251
-0.95128022543	0.210083503661	0.225678549102
-0.280067089083	-0.282640843698	-0.917429270187
-0.144388184736	-0.936047324027	0.320886116901
-0.947510846938	0.224272562886	0.22787126019
-0.285264242015	-0.271141150451	-0.919297301162
-0.10605679565	-0.942559701815	0.316754961233
-0.98775587739	0.136517462079	0.0755098103963
-0.114415137251	-0.304868190042	-0.945497495715
-0.155281504833	-0.932057324446	0.327348244444
-0.976661923922	0.194621000002	0.0908526552163
-0.148388731226	-0.305600822226	-0.940525942105
0.0539666306164	0.938513380704	0.341000718169
0.82136599463	-0.235924182499	0.519325831856
0.567843956046	0.252059617963	-0.783595273388
0.0497300363479	0.923927058624	0.379317879457
0.86202924435	-0.231508661563	0.450893089445
0.504409402389	0.304561630161	-0.807964358426
-0.00128665812988	0.94012405129	0.340829915073
0.8751423523	-0.163856855333	0.455276508531
0.483863747385	0.298860509595	-0.822531531969
0.0436871283264	0.924219960559	0.379361092973
0.862864548552	-0.226303310122	0.451950438758
0.503549545932	0.307590462705	-0.807364346101
0.0754805529409	0.936840734716	0.34151651949
0.807073376413	-0.258539676351	0.530840577896
0.585607940856	0.235560166057	-0.775614243176
0.0196543491219	0.919478868789	0.392660893232
0.88254467184	-0.200518278456	0.425346784733
0.469828553229	0.338176869295	-0.815424145183
0.0748572072904	0.942222719439	0.326515170788
0.872972314604	-0.220183258826	0.435244636931
0.481990817046	0.252457725205	-0.839016554646
0.0491284045925	0.939876213088	0.337962679326
0.889614298358	-0.195004054325	0.412988380676
0.454062185943	0.280367092376	-0.845707503633
0.946730874354	0.048359179246	-0.318374411817
0.0144380259614	-0.99404424758	-0.108055500817
-0.321702377554	0.0977028025864	-0.941790813373
0.946835090618	0.0794255882674	-0.311761022739
0.0279134903276	-0.985674256222	-0.166339705931
-0.320506156615	0.148793940199	-0.935488065946
0.941090782213	0.0448146057819	-0.335171797013
-0.00111539109691	-0.990768410422	-0.135603452571
-0.338152684903	0.127989029042	-0.932353373877
0.93637395061	0.0553308890429	-0.346615127441
-0.0084098030585	-0.983673006028	-0.179744960248
-0.350902876969	0.171223445356	-0.920620187336
0.954495713856	0.0883232137647	-0.284845705442
0.0493419101921	-0.988747484552	-0.141243173168
-0.29411467474	0.120761202289	-0.948113398781
0.954458458402	0.01392738096	-0.298019903523
-0.00685105897902	-0.997640407225	-0.0685642404414
-0.298266487939	0.0674834804677	-0.952111691353
0.929087370884	0.0796423173402	-0.361183998173
0.0142260976959	-0.9835152925	-0.180273957099
-0.369586792773	0.162352033411	-0.914904756724
0.937361823242	0.0573619689567	-0.343602071114
-0.0115491159486	-0.980689768096	-0.195225856687
-0.348165760346	0.186965562914	-0.918598635602
0.807129143658	0.231880889969	0.542930751983
-0.560284598035	0.0110060538226	0.828227053413
0.186074495259	-0.972681929341	0.138802595428
0.817238384512	0.151580546969	0.556007882928
-0.560815791613	-0.0129626891616	0.827839142272
0.132691657518	-0.988359921982	0.0744151534374
0.808551137863	0.119658428945	0.576130986532
-0.577733632408	-0.0243686420492	0.815861505892
0.111664243361	-0.992515998457	0.0494274084552
0.800651793155	0.124448951469	0.586062421741
-0.58853328587	-0.0197942297311	0.808230627677
0.11218411261	-0.992028545239	0.0573940664813
0.838490210834	0.186034132811	0.512177188999
-0.525106663732	0.024722966844	0.850677258312
0.145592455871	-0.982232206524	0.118417724421
0.872219339424	0.109032225173	0.476807507691
-0.487004223902	0.103127326489	0.867289831338
0.0453906534286	-0.988674233261	0.143048801749
0.799837359192	0.170686717624	0.575435697481
-0.577903096085	-0.0399788892102	0.815125568875
0.162136390254	-0.984513954154	0.066663774427
0.874518492315	0.120164397051	0.46987011227
-0.472360578487	-0.0086389964279	0.881363056039
0.109967670768	-0.992716409827	0.0492059633439
0.156806802276	-0.698342036796	-0.698376708712
0.986621904778	0.078833060735	0.142697464919
-0.0445964644212	-0.711409691477	0.701361109944
0.129983718837	-0.72492414948	-0.676453420356
0.990140078101	0.0589715456107	0.127062991143
-0.0522195188557	-0.686299756288	0.725441777503
0.218983078374	-0.673212739637	-0.706279707898
0.974780646154	0.119041852442	0.188763707809
-0.0430012846481	-0.729803845353	0.682302894439
0.197872003397	-0.703316153403	-0.682783320281
0.978890477304	0.105406219364	0.17510844247
-0.0511869860029	-0.703019147352	0.709326421548
0.0940336773959	-0.696652227557	-0.711219620217
0.995534008825	0.0598068192633	0.0730423762349
-0.00834934811666	-0.714911760494	0.699164834184
0.12378234381	-0.685560478095	-0.717415354819
0.983655439492	-0.0105016929255	0.179754622629
-0.130766726704	-0.727939955542	0.673055343318
0.0702428455662	-0.676726119166	-0.732876325643
0.994091375226	-0.0134608400192	0.107708636924
-0.0827543760304	-0.736111793415	0.671782065185
0.227125860309	-0.679462024827	-0.697671283316
0.972582927089	0.121502302248	0.198291861329
-0.0499631131997	-0.723580381956	0.688429463267
-0.415316325056	0.389740166451	-0.821957954831
-0.877263727401	0.0674546044129	0.475245389922
0.24066705101	0.918451104147	0.31388995575
-0.408446393096	0.341124346765	-0.84664380969
-0.878394970386	0.105300395826	0.466191069311
0.24818105577	0.934101716704	0.256632334485
-0.457838299031	0.420023907339	-0.783558569173
-0.863391708219	9.12158365397e-05	0.504534206006
0.21198790588	0.907513043496	0.362603382936
-0.446939664917	0.427842824656	-0.785617914872
-0.851312012475	0.0663507351605	0.520447377507
0.274796011967	0.901414517705	0.33457292823
-0.446775802673	0.369557208808	-0.814750771913
-0.832368277518	0.162132956298	0.529977298548
0.327954877225	0.914953745177	0.235170632055
-0.456603234367	0.387533591331	-0.800831587831
-0.839644624649	0.109879952195	0.5319053664
0.294126538714	0.915283633688	0.275218938503
-0.525842865209	0.406600081796	-0.747104866365
-0.820162958032	-0.00958107741569	0.572049773123
0.225437419554	0.913556015875	0.338516450593
-0.476810523077	0.414402373211	-0.775191852712
-0.821388058289	0.103981210561	0.560811529688
0.313007017708	0.904134164385	0.290805819454
-0.264459824464	0.911273408211	0.315661049599
-0.197096135937	-0.371477074771	0.907280567357
0.944041437621	0.177723634312	0.277849137579
-0.279097229398	0.880915522837	0.382220752048
-0.232690155245	-0.448217023244	0.863108876909
0.931643791008	0.151952240433	0.33007639849
-0.200264029427	0.901576395812	0.383476506393
-0.170950282631	-0.417556610808	0.89242499475
0.964712511223	0.113165245993	0.2377463787
-0.224105772246	0.880553360529	0.417615069712
-0.188924123102	-0.459638739195	0.867778694497
0.956077529753	0.115576667951	0.269365494529
-0.224907954575	0.892451012738	0.391085357414
-0.164924775951	-0.430444499683	0.887421845529
0.960320980297	0.1350885025	0.24399755517
-0.233517856434	0.897583671848	0.373915745139
-0.176014355382	-0.417215391266	0.891599847985
0.956288857579	0.142389937354	0.255414838471
-0.236035345002	0.87934076844	0.413578523298
-0.118089645522	-0.44840612725	0.885994840887
0.964542491336	0.160286728767	0.209680683966
-0.243050565711	0.895555494457	0.372702040419
-0.187740431995	-0.420388603993	0.887708842177
0.951672204479	0.14578688087	0.270307638474
0.148257539531	0.780998817343	-0.606682127731
0.667984238523	-0.531457107024	-0.52091762682
-0.729259496944	-0.328022810421	-0.600488643174
0.175388205347	0.785303506393	-0.593749541602
0.664075824756	-0.539603897711	-0.517525899879
-0.726803559622	-0.303526211253	-0.616141749042
0.0966008766972	0.74692950611	-0.657847310298
0.623969355868	-0.560380816747	-0.544640241403
-0.775454069369	-0.357864586848	-0.520193617698
0.114696311541	0.735252237022	-0.668024079369
0.640032863319	-0.568990420648	-0.516353283426
-0.759743349122	-0.368329916498	-0.535850466351
0.10750677493	0.798675394217	-0.592080284519
0.615120685259	-0.521295878984	-0.59150292416
-0.78106849329	-0.300610680774	-0.547324184492
0.172544525859	0.808066067916	-0.563255973027
0.633830545169	-0.528800506267	-0.564471667587
-0.753980703519	-0.25961250621	-0.603418440992
0.0896890008647	0.789876267544	-0.606673557959
0.604132935635	-0.527419071105	-0.597373364906
-0.791821141443	-0.312932936888	-0.524494680554
0.139304674692	0.744251644046	-0.653208283578
0.626707231433	-0.576986096485	-0.523755916824
-0.766700474416	-0.336410024633	-0.546803383474
-0.141446766603	0.455634193744	-0.878857378866
-0.933897865687	-0.355899762574	-0.0342072199442
-0.328371112253	0.815924530163	0.475856672865
-0.120049458337	0.517880036436	-0.846987865978
-0.924103782572	-0.370069201985	-0.0952945201677
-0.362795226389	0.771264620217	0.52300146317
-0.145521446742	0.409683264378	-0.900546006379
-0.91070043337	-0.411138194206	-0.0398757952105
-0.386585317073	0.814324862247	0.432928170195
-0.119275073673	0.432230098462	-0.89384032729
-0.916360633159	-0.394456135556	-0.0684650442413
-0.382173492935	0.810913937647	0.443127490852
-0.0837352786689	0.485349489512	-0.870301273734
-0.942063258825	-0.323240239619	-0.0896247824265
-0.324815717608	0.812374087648	0.484296506315
-0.104637854124	0.497401929466	-0.861186556357
-0.929241412313	-0.357436237044	-0.0935403075933
-0.354346386927	0.790462340701	0.499607792474
-0.121971413538	0.418258528257	-0.900101561109
-0.926842649435	-0.372437200888	-0.047468795644
-0.35508551077	0.828462664766	0.433086497826
-0.155541036349	0.427193519741	-0.890681033248
-0.918459865183	-0.394464050786	-0.0288030061781
-0.363646094912	0.813574725399	0.453715432223
0.905270305779	0.0894513668407	0.415312083494
0.157145844578	0.837738687637	-0.52297139042
-0.394703505505	0.538695038623	0.744323047327
0.90579976631	0.186269910373	0.380565768775
0.057476260998	0.835863858793	-0.545919490304
-0.419789546434	0.516367244277	0.746419189964
0.952073102975	0.0941336630566	0.291025187362
0.0839861585481	0.834440695632	-0.544660489929
-0.29411414684	0.542998690235	0.786542617589
0.949304293858	0.13995412105	0.281485704557
0.0344676051408	0.843690406782	-0.535722392977
-0.312463345154	0.518265706122	0.796095042457
0.926836909039	0.110240242234	0.358915634955
0.101354761771	0.846977102722	-0.521878338013
-0.361525319015	0.520073914375	0.773836266424
0.920755069262	0.155427871504	0.357843932795
0.0619653037272	0.847312708349	-0.527467039185
-0.38518879087	0.50784185831	0.770536336181
0.951321310528	0.143664213626	0.272668952973
0.0256312329159	0.844768245717	-0.534518148532
-0.307133202522	0.515487347016	0.799963743685
0.947267385317	0.139415190172	0.288527133181
0.0337561486178	0.85197352875	-0.522495580726
-0.318661300228	0.504682587571	0.802340617026
-0.0074387161366	-0.833626653933	-0.55227827318
-0.0447370893592	0.552017987096	-0.832631218058
0.9989711117	0.0185136247457	-0.0414003400818
-0.08320174757	-0.907840595274	-0.410978047301
-0.0684314823432	0.416639386556	-0.906492565521
0.994180383037	-0.0472979142754	-0.0967900113049
-0.0922075978727	-0.847383374462	-0.522914161344
-0.0144041191063	0.526231557749	-0.850219317769
0.995635638575	-0.0708645443072	-0.0607283692246
-0.0493285009465	-0.9079948151	-0.416067458623
0.0144439163171	0.415882501661	-0.909303649313
0.99867817021	-0.0508642224442	-0.00739986383882
-0.00528488335589	-0.8487236204	-0.528810246291
-0.0335185939824	0.528670830811	-0.848164873127
0.999424116311	0.0132425195314	-0.0312419839833
0.0161723320147	-0.896551860044	-0.442643473935
0.00386401939752	0.442754091693	-0.896634763427
0.999861766505	0.0127903042882	0.0106246523547
-0.108892464087	-0.860052061823	-0.498450473134
-0.00824417602015	0.502196339292	-0.864714326671
0.994019344266	-0.0900515637904	-0.0617758154466
-0.126599478306	-0.868099661802	-0.479974497795
-0.0220487325242	0.486210854033	-0.873563303256
0.991708825588	-0.10000984242	-0.0806945300793
0.938783951619	-0.15945449168	0.305383294294
-0.011816702542	0.871011451559	0.49112057078
-0.344303727676	-0.464664733528	0.815807346144
0.940187673722	-0.0919337156886	0.328017272441
-0.109159785854	0.83081682369	0.545735787008
-0.32269378713	-0.548900355246	0.771088272036
0.897800890777	-0.215458117673	0.384098111787
-0.0265259409932	0.84411529897	0.535505121943
-0.439602018198	-0.49096553922	0.752132238046
0.909232656573	-0.199893783581	0.365155380409
-0.0213716605569	0.853598418671	0.520493028107
-0.415739375908	-0.481053235587	0.771847495748
0.884306195442	-0.194752781028	0.424351160745
-0.0615388102174	0.8523109499	0.519402560963
-0.462834234019	-0.485424968229	0.741718998995
0.897136131557	-0.153926804888	0.414069197772
-0.0985682459953	0.84394765135	0.52729181977
-0.430617071988	-0.513866617959	0.741963635998
0.938309152304	-0.112358630733	0.327034360004
-0.072278284566	0.861123546763	0.503231642874
-0.338159406351	-0.495824338762	0.799879016108
0.95284420145	-0.084040423286	0.291590698172
-0.0874860485912	0.844013495347	0.52913836733
-0.290575496744	-0.529696543063	0.796861000432
-0.951220813206	-0.27814278848	-0.133474612066
0.25191339009	-0.95001597733	0.184415848255
-0.178096958825	0.141796157956	0.973742944389
-0.958135425356	-0.24526636989	-0.147705527408
0.231045149852	-0.967036062571	0.107029821172
-0.169087710245	0.0684225963503	0.983223097956
-0.978160018312	-0.174279470424	-0.11328579506
0.161958451887	-0.98062895045	0.110183270175
-0.13029376438	0.089429074425	0.987434049033
-0.954333319306	-0.242836587656	-0.17399965072
0.22784145869	-0.968358887751	0.1018179153
-0.19321945155	0.0575239938593	0.979467818846
-0.973754961203	-0.224945508132	-0.0346638808435
0.216503999939	-0.962448931251	0.163764644982
-0.0702003153449	0.151961703421	0.985890238349
-0.984235184035	-0.161071139662	-0.0729947547533
0.150825840147	-0.980100229514	0.12902003124
-0.0923239524581	0.115977111902	0.988951741719
-0.950780928165	-0.22086832143	-0.217335729872
0.187009645331	-0.968253031206	0.165877926062
-0.247072919284	0.1170695451	0.961899024529
-0.945295067383	-0.222116983766	-0.238922417919
0.195182346468	-0.971935268617	0.131333019799
-0.261388079087	0.0775148758952	0.962116296272
0.200084748876	-0.105233586432	0.974110879995
0.306112484037	-0.937731415258	-0.164179751352
0.930731573202	0.331037363335	-0.155412460928
0.163212060655	-0.073307945898	0.983863494221
0.300996937284	-0.945991234687	-0.120418078176
0.939554295365	0.315793627032	-0.132331323949
0.152481554402	-0.15700366672	0.975755503919
0.226057921091	-0.955585659547	-0.189084353328
0.962105384615	0.249409151792	-0.110216843989
0.194721219593	-0.0740888109433	0.97805632068
0.253308960236	-0.959518769317	-0.123115811725
0.947585293782	0.271723720948	-0.168070979826
0.167367156056	-0.111325303766	0.979589366007
0.307339680639	-0.938200549386	-0.159132064523
0.936766230154	0.327700122057	-0.122809684344
0.1847808429	-0.140180981903	0.97273088424
0.302645095439	-0.93355869223	-0.192026589329
0.935019800351	0.329875062888	-0.130078715852
0.191747339107	-0.0795818599676	0.978212637729
0.249200132229	-0.960094907604	-0.126955658973
0.949280006714	0.268114104091	-0.164264110756
0.158847602332	-0.135103621395	0.978015408234
0.230822942344	-0.958058234058	-0.169836577966
0.959941611008	0.252726542757	-0.120999926746
-0.384787838121	-0.239409977284	0.891415266325
0.841836711678	-0.487050646982	0.232578185509
0.378482846548	0.83991935582	0.388955277914
-0.345302567792	-0.215784620079	0.913347214514
0.850203026501	-0.484018347838	0.207077407065
0.397392690236	0.848034926477	0.350593515554
-0.356195821208	-0.21028219495	0.910442689986
0.85016445484	-0.477247839771	0.222384467914
0.387743333907	0.853238448694	0.348768168991
-0.324673116915	-0.245479633237	0.913415103155
0.873952220057	-0.447129516962	0.190480311587
0.361655800539	0.860124980285	0.359708377147
-0.345014246475	-0.248640689019	0.905065168573
0.863937494393	-0.461009708848	0.202687035689
0.366847594215	0.851849655995	0.373864945882
-0.36045868202	-0.214148904304	0.90785999758
0.848296333929	-0.480003341246	0.223584684647
0.387895421813	0.850727352418	0.354683110364
-0.344128308361	-0.286711268269	0.894076264256
0.857002802051	-0.484918890033	0.174355609934
0.383564746731	0.826226560991	0.412586669039
-0.335070033638	-0.247010847255	0.909237988168
0.866957539991	-0.458703367717	0.194873933646
0.368934549266	0.853567142936	0.367845665102
0.609622065628	0.505687450382	-0.610443175598
0.185614322635	-0.839742372918	-0.510273262749
-0.770654261872	0.197766736259	-0.605788098442
0.560292611123	0.58320797289	-0.588167145358
0.215031378513	-0.788164435821	-0.576678495174
-0.799896016227	0.196634282107	-0.567010679472
0.636081238251	0.5115288993	-0.577701358447
0.187300016511	-0.828648607058	-0.527503810759
-0.748544840464	0.227331809764	-0.622897215881
0.641144009294	0.484484616648	-0.595154696523
0.186664227377	-0.850688226325	-0.491412768623
-0.744372838556	0.203972300032	-0.635849684435
0.624480550953	0.533762307075	-0.57019442509
0.198207468895	-0.814448316047	-0.5453319845
-0.755471827491	0.227532357236	-0.614402687442
0.644072426031	0.537010127376	-0.544785195681
0.205954173277	-0.807605839965	-0.552590330457
-0.736718171926	0.243707443261	-0.630756186562
0.614073617615	0.52967670747	-0.585112084688
0.197329314435	-0.820845399231	-0.535979336588
-0.764182378591	0.213670992763	-0.608580225165
0.611110504638	0.540595502032	-0.578187111401
0.172638357056	-0.803896905853	-0.569161851053
-0.772489372276	0.248003464098	-0.584597270442
-0.44700254206	0.132552726067	0.884657250891
0.778250960505	0.545220833704	0.311544008206
-0.441037548532	0.827746338795	-0.346874375317
-0.426302305001	0.116549669326	0.897040911417
0.787757387877	0.535278256263	0.304820350829
-0.444639764328	0.836596272412	-0.320003192991
-0.327507521869	0.0983895317011	0.939711806364
0.825284305244	0.514043292082	0.233806101762
-0.460048469715	0.852102680288	-0.24955237166
-0.351376709847	0.11714771244	0.928876113949
0.798226571114	0.555954272483	0.231838721132
-0.489253270569	0.822916317081	-0.288859802495
-0.353332683727	0.035906477045	0.934808412845
0.780538184713	0.562135022051	0.273430738285
-0.515670617764	0.826265666321	-0.226647058463
-0.310893496436	0.0437092993551	0.949439168604
0.774343929081	0.590893033211	0.226355702382
-0.551123141615	0.805564970475	-0.217550832454
-0.359588387128	0.082286365385	0.929475731598
0.774919703658	0.581229115358	0.248338811255
-0.519803457512	0.809568815089	-0.27276856411
-0.325190047954	0.126814522776	0.937107015252
0.807643868956	0.552715432607	0.205467875517
-0.491897206903	0.82366482488	-0.282158538823
0.693737146043	-0.274328215035	-0.665937514764
0.54648380169	-0.401770425856	0.734803270516
-0.469131322366	-0.873684395137	-0.128807115249
0.746302572503	-0.287439688156	-0.600342320539
0.466363833238	-0.417721501954	0.779752239323
-0.474907623865	-0.861909047031	-0.177695162429
0.721525786124	-0.339724329118	-0.603314125937
0.492377015944	-0.360860001718	0.792051137026
-0.486790949505	-0.868543326322	-0.0930973591209
0.720814851693	-0.42007631369	-0.551327341611
0.451918241306	-0.318273476098	0.833349797556
-0.52554338556	-0.849845793417	-0.0395760969292
0.775305257104	-0.214199369354	-0.594155194845
0.467277387576	-0.438366951286	0.767780114646
-0.424916001644	-0.87289924479	-0.239777686816
0.757651424488	-0.249789233282	-0.602967368875
0.484643002078	-0.403453624059	0.77610970615
-0.437133240019	-0.880244542374	-0.184618599584
0.744072800997	-0.326025784877	-0.583149079572
0.480866997573	-0.344613380268	0.806231058928
-0.463813100349	-0.880311750081	-0.0996423975213
0.712819577056	-0.334388336548	-0.61650035513
0.518608519426	-0.340465492215	0.784301241776
-0.472158290272	-0.878787616352	-0.0692738250459
-0.99560351933	0.00346550251134	0.0934881393542
-0.0912894522887	-0.254445941481	-0.962761614805
0.0204518411984	-0.967073772436	0.253657182417
-0.990182929447	-0.00315225046551	0.139787531033
-0.133732778872	-0.270498624145	-0.953390875326
0.0408170842976	-0.962719419466	0.267413479134
-0.992978470998	0.0520778175674	0.106213657312
-0.116279942147	-0.264732595618	-0.957285447141
-0.0217351129873	-0.962914509793	0.268929573975
-0.997511254637	0.00984129572806	0.0699209822258
-0.0697295341403	-0.293202737368	-0.953508957989
0.0111169656655	-0.956004544861	0.293149882509
-0.981231913652	-0.00221249294816	0.192822703757
-0.186531937647	-0.242683994428	-0.952003830176
0.0489011906464	-0.970103376609	0.237715611421
-0.990209219499	0.0131289688949	0.139021358263
-0.137756313189	-0.254817593392	-0.957131010341
0.0228583913264	-0.96690444355	0.254122785779
-0.987212607945	0.0664932914737	0.144885514504
-0.157856311583	-0.280961403801	-0.946648457142
-0.0222385929756	-0.957413473221	0.287863801792
-0.991991114591	-0.00585799929751	0.126028179415
-0.118505424681	-0.299464915517	-0.946706716478
0.0432883642993	-0.954076950014	0.296395851613
0.712511372987	0.644438769199	0.277536021512
0.308267440177	-0.642829509709	0.701242869299
0.630316393416	-0.414088214237	-0.656682839197
