-0.218073725494	-0.857663598455	0.465679050886
0.68862912377	0.202889430591	0.696150697293
-0.691544471777	0.472492344203	0.546367293492
-0.20016982398	-0.833808014368	0.514486389611
0.700243999983	0.245525088068	0.670354963335
-0.685266656425	0.49445083836	0.534722340355
-0.15401506999	-0.876974424423	0.455186997201
0.681978145538	0.239002381183	0.69121896755
-0.714972134087	0.416885728949	0.561267432591
-0.14405363874	-0.86653399805	0.477877984921
0.68908142706	0.258752742047	0.67691491215
-0.710222025235	0.426808905289	0.559838216842
-0.185913081536	-0.85735899122	0.479970719806
0.69542402117	0.230276519508	0.680704164058
-0.694133821734	0.46033497408	0.553416616362
-0.182368661772	-0.857533067771	0.48101839969
0.702075034073	0.228929616102	0.674301024883
-0.688354784753	0.460682388751	0.560302975194
-0.194786893806	-0.860416232789	0.470894820341
0.685857058322	0.223724011624	0.692493780361
-0.701183371893	0.457855268226	0.546544066801
-0.2020015441	-0.849083675848	0.488110958895
0.694820509447	0.22699931063	0.682419069102
-0.69023174111	0.476999200871	0.54410652794
0.818106139427	0.19620908152	-0.540559282202
0.22727095436	0.753154821416	0.617337609163
0.528252074819	-0.627901112208	0.571567958131
0.800800348632	0.132489423885	-0.584093621914
0.329199235573	0.717336200909	0.614049383372
0.500346549804	-0.684014133245	0.530827662551
0.766537441923	0.239338170004	-0.595934213973
0.262254859519	0.73039357782	0.630672344826
0.586210487507	-0.639720609523	0.497106426588
0.763413406787	0.244602263207	-0.597804071075
0.25812287652	0.732873597998	0.629498907656
0.592091678017	-0.634874812036	0.496348090409
0.780887186676	0.167228240614	-0.601872010529
0.288999695425	0.757472434073	0.585418386692
0.553799943626	-0.631086544758	0.543171607426
0.795898328064	0.204559283058	-0.56982572186
0.300983132522	0.682956742769	0.665566859789
0.525314198852	-0.701231481485	0.481995235892
0.791079783444	0.161364422545	-0.590046013404
0.295352937088	0.743939849367	0.59943318337
0.535685931634	-0.648471296133	0.540856318812
0.789674028744	0.215423059764	-0.574463087025
0.274229091707	0.713658798559	0.644584774027
0.548829061088	-0.666546345701	0.504482548582
0.92562931873	-0.205197367241	0.317969186003
0.0703160358767	0.918855987817	0.38827738419
-0.371841388052	-0.337042597385	0.864948707662
0.936873033228	-0.175113766411	0.302661671455
0.0503438199368	0.924097229732	0.378826884642
-0.346026615088	-0.339675547466	0.874577670655
0.963254031365	-0.144717011629	0.226271201778
0.0584452934284	0.935182179471	0.349311375961
-0.262156094503	-0.323251104012	0.90927603277
0.974309704676	-0.131688584821	0.182698429004
0.0511777389178	0.919466193425	0.389824009084
-0.219320401176	-0.370459222651	0.902584359395
0.949286120027	-0.137866018433	0.282575340442
0.00928790951136	0.910641828087	0.413092235727
-0.314276306459	-0.389518191414	0.865740134837
0.955820400552	-0.164093938838	0.24388632884
0.05178396665	0.910703947215	0.409800856357
-0.289354078866	-0.379066617245	0.87896684663
0.955479257144	-0.15248446748	0.252602208792
0.0451098063555	0.921537410217	0.385660350738
-0.291589598717	-0.357095628562	0.887388424998
0.962328676768	-0.159332657946	0.220310285033
0.0581945229639	0.912222923984	0.405540052001
-0.265587866961	-0.377441969569	0.887130567425
-0.649425894696	0.708419870508	-0.276383534189
0.290329288615	-0.104933183986	-0.951156300838
-0.702819660421	-0.697947484786	-0.137528986384
-0.682939506061	0.695552698901	-0.22315909339
0.271914384892	-0.0414779497824	-0.961427110771
-0.677979428301	-0.717276770213	-0.160803810471
-0.539197763235	0.80691628742	-0.241145806915
0.270368358372	-0.105325713113	-0.95697807215
-0.797600241906	-0.581198920234	-0.161372965045
-0.531683457682	0.825047001973	-0.19133820397
0.285009727612	-0.0384461795528	-0.957753338241
-0.797547690693	-0.563754774951	-0.214705295713
-0.627419308594	0.743581638887	-0.231151716391
0.223114819482	-0.11273323316	-0.968251429294
-0.7460325375	-0.659073136543	-0.095172953861
-0.646110860308	0.725371621156	-0.237437640375
0.270955077911	-0.0728361427819	-0.959832357498
-0.713529233879	-0.684493111701	-0.149482837204
-0.597074386166	0.762476028381	-0.249262911332
0.250882984577	-0.11765103338	-0.960841102
-0.761944499863	-0.6362296766	-0.121045601365
-0.593562305903	0.768988482034	-0.237362232576
0.296543619907	-0.0652020250038	-0.952791055427
-0.748161744844	-0.635928949104	-0.189337314095
0.545068512466	-0.759652509785	0.354722945252
0.572561130428	0.646350822088	0.504385127104
-0.612432898721	-0.0718238741396	0.78725298951
0.563684390996	-0.736245859587	0.374435503837
0.545967947519	0.672273945613	0.499966744941
-0.619821678046	-0.0773936690273	0.780916967355
0.514877831224	-0.755626264792	0.404882411197
0.584745641965	0.654931033231	0.478683481992
-0.626875867412	-0.00971028760753	0.779058635267
0.569409572132	-0.736450486146	0.365258017415
0.559423990287	0.672712393759	0.484254926006
-0.602343371278	-0.0714052919942	0.795036946763
0.557538797457	-0.72246923073	0.40888713922
0.555365482729	0.690701556676	0.463142024712
-0.617024847608	-0.0311378404631	0.786327392866
0.528286795828	-0.75188028623	0.394447842168
0.582278134333	0.658936310285	0.476188109795
-0.617952457143	-0.0218855388669	0.785910800002
0.554859049895	-0.724826225557	0.408360597005
0.554552069388	0.688132750259	0.467915932773
-0.620164040218	-0.0331701756133	0.783770567527
0.51730158676	-0.775041286115	0.362918835902
0.533849593039	0.623685100285	0.570982936843
-0.668882417655	-0.101626310424	0.736388762078
0.24942127442	-0.952051741017	-0.177162561927
-0.768146973981	-0.0831039793199	-0.634857500528
0.589694257464	0.294433867003	-0.752043567796
0.232472601956	-0.95219981884	-0.198171510464
-0.784585716476	-0.0631841481719	-0.616792470868
0.574788392419	0.298869877403	-0.76177095832
0.189648189815	-0.968485654147	-0.161459320378
-0.789952934535	-0.052845295963	-0.610886036287
0.583101994204	0.243398697247	-0.775080099829
0.193237501723	-0.961536130257	-0.195211302132
-0.795090338536	-0.0368851993609	-0.605368256141
0.57488306275	0.272190452049	-0.771635687272
0.297090722814	-0.937097882498	-0.183261243963
-0.772737836111	-0.123216051413	-0.622650847004
0.56090405736	0.326596692039	-0.760737336769
0.277370882038	-0.936981993249	-0.212438417778
-0.783793168595	-0.0928019657627	-0.614048840202
0.555638016954	0.336827038132	-0.760140646332
0.261197174423	-0.952852049044	-0.154431134738
-0.719856419733	-0.0856903180237	-0.688813367602
0.643103986702	0.291084340099	-0.708298730883
0.224134546052	-0.955505720538	-0.19176161439
-0.796114376944	-0.0660233100866	-0.601533716738
0.562108172469	0.287488663376	-0.775489945728
0.947136469879	-0.185564406766	0.261721932962
-0.0895024394523	-0.936200057078	-0.339881155102
0.30809386976	0.298489090593	-0.903317693833
0.941835295783	-0.213076684248	0.259893346084
-0.122958775234	-0.938176118844	-0.323581540368
0.312773663057	0.272804326036	-0.909806992645
0.947527401704	-0.165615713838	0.273428785147
-0.0740241395863	-0.945758977967	-0.316325697776
0.310985999646	0.279486950759	-0.908392143873
0.950663972435	-0.162588368988	0.264202653116
-0.0634748450281	-0.935583626914	-0.347353623898
0.303659288829	0.313446356266	-0.89974592585
0.958486921911	-0.146749150843	0.244473961523
-0.0597685658343	-0.941747314247	-0.330968595118
0.278801990083	0.302617215543	-0.911423479914
0.943749916381	-0.213385230846	0.252592085141
-0.125998414106	-0.938340179799	-0.321930814593
0.30571296646	0.271995942981	-0.912444610597
0.946233495163	-0.153915017537	0.284521253803
-0.0559807304956	-0.94419430456	-0.324597308291
0.318603726127	0.291217139112	-0.902044555474
0.933202624321	-0.228307462152	0.277504181857
-0.130351475295	-0.934708383801	-0.33064922734
0.33487514257	0.272389649909	-0.902032535914
-0.995202225029	0.0921893272597	0.0327301396044
-0.0783082988065	-0.550196522229	-0.831354157223
-0.0586339870481	-0.829929546609	0.554777854914
-0.993428642004	0.110288452043	0.0303970654452
-0.0904302339417	-0.594300816634	-0.799136601338
-0.0700706574177	-0.796638809094	0.600378466783
-0.993429530805	0.0816079353437	0.0801652912339
-0.11275898167	-0.580447377491	-0.806447261396
-0.0192805882254	-0.810192519251	0.585844658801
-0.993492441416	0.0665322347384	0.0924479598507
-0.113647621979	-0.525062878337	-0.843441458406
-0.0075750616052	-0.848459037008	0.529206929446
-0.996551092027	0.0745871999956	0.0367048368371
-0.0721176302337	-0.556093189155	-0.827996718288
-0.0413466184819	-0.827777909637	0.559535173962
-0.994282707891	0.086571497686	0.0624730889886
-0.100861730211	-0.569930216793	-0.815477165131
-0.0349917481453	-0.817117782979	0.575406962555
-0.997543420109	0.0685118954987	0.0147642075949
-0.0519380014031	-0.581221518393	-0.812088505042
-0.0470564093508	-0.810858443988	0.58334832316
-0.992435143016	0.0717917251635	0.099607352684
-0.121667763288	-0.465915524486	-0.876425710566
-0.0165115682829	-0.881913271792	0.471123333965
-0.99271340444	0.0323686281713	-0.116088528215
0.0387529636296	0.99783342442	-0.0531664317289
0.114116091252	-0.0572776881794	-0.991816999301
-0.992251606516	-0.0123712174175	-0.123615518868
-0.0130542885093	0.999903661597	0.00471730166946
0.123545251131	0.0062944708382	-0.992317512001
-0.979810879835	0.0111092333	-0.199628295742
-0.00393843424802	0.997189001249	0.0748237297372
0.199898374833	0.0740991682247	-0.977012885685
-0.982554404634	-0.0114718481304	-0.185613987311
-0.0231149365531	0.997889257646	0.0606854704437
0.184526028768	0.0639173162398	-0.980745653824
-0.986208608254	0.0260339737486	-0.163452597784
0.0319512714248	0.998921888522	-0.0336775583835
0.162399617506	-0.0384355811091	-0.985977184634
-0.980715234943	0.0126912036127	-0.195039466407
0.0135361469499	0.999903882175	-0.00299988722103
0.194982647513	-0.00558210967714	-0.980792760742
-0.981757914918	-0.00739726450614	-0.18998934692
-0.0297279435056	0.992925474704	0.114957594227
0.187794890346	0.118508563292	-0.975032346651
-0.989952731062	-0.00367637411997	-0.141361703557
-0.00924358670906	0.999206324521	0.0387463335167
0.141107062417	0.0396636676262	-0.989201013923
-0.850015184622	-0.255662931533	-0.460553458741
-0.524826420875	0.336257111337	0.781976959872
-0.045058305224	0.90640344398	-0.420001968091
-0.861792306506	-0.282035874531	-0.421626832648
-0.502243476317	0.357801453455	0.78722893968
-0.0711681883174	0.890187440066	-0.450001048104
-0.843007388732	-0.305878456694	-0.442463290994
-0.529445167643	0.326583432905	0.782962275859
-0.0949905711462	0.894304467555	-0.437257195992
-0.85535121597	-0.272209496403	-0.440765812701
-0.513641298914	0.334901602887	0.789944866609
-0.0674175617158	0.902076641035	-0.426276006001
-0.88812726824	-0.260592788341	-0.378582248786
-0.455746233346	0.392879719515	0.798712660777
-0.0594011045481	0.881894518839	-0.467692234997
-0.859006636714	-0.256823485838	-0.44289060182
-0.511967158066	0.431132498725	0.742977288587
0.000130846916155	0.864966657979	-0.501831562774
-0.899311610992	-0.23076107388	-0.371468822033
-0.42995531147	0.31144169423	0.847433131194
-0.0798635655356	0.921820919967	-0.379300441519
-0.888703080821	-0.260983949139	-0.376955621019
-0.448868250086	0.327759179174	0.831319245012
-0.0934101492913	0.907998772772	-0.408428405968
0.866166557883	-0.0311029188208	-0.498786626988
-0.48192384726	0.212244879298	-0.850118519921
0.132306070394	0.976721403938	0.168850179306
0.876982312462	-0.0102503512976	-0.480413310667
-0.468544472846	0.20359440581	-0.859660027811
0.106621272424	0.979001642874	0.173745949207
0.888797661702	0.0210806883913	-0.457814722728
-0.450514198463	0.223535237193	-0.864331504255
0.0841170182116	0.974467853159	0.208174745897
0.886150819969	0.0196711823825	-0.462979233542
-0.456173180368	0.212753948637	-0.864084370634
0.0815031019062	0.976907782057	0.197505551068
0.899721705374	0.0161342741837	-0.436165721713
-0.426279691056	0.247098892974	-0.87018834311
0.0937362074864	0.96885592979	0.229197951322
0.901994256588	0.0107350076491	-0.431614549578
-0.428732216643	0.140223288681	-0.892483111579
0.0509415960598	0.990061703962	0.131083045238
0.882404283901	0.00958751419881	-0.47039426173
-0.464088978261	0.182119674223	-0.866864383532
0.0773569787018	0.983229636835	0.165152639468
0.92017853513	0.00484606364901	-0.391469000724
-0.383310316855	0.214593833766	-0.898344411321
0.079653398249	0.976691351465	0.199322186048
0.231658794638	0.654471220663	0.719723281364
-0.345628199884	0.746951554466	-0.567982847744
-0.909326854249	-0.11717845028	0.399241612781
0.239956275913	0.628069741859	0.740236036774
-0.359534667598	0.76578746841	-0.533202004499
-0.901751525406	-0.138195347852	0.409568353566
0.218802875447	0.669553684746	0.7098050161
-0.369215262378	0.730155830696	-0.574936997876
-0.90321945709	-0.136272978768	0.40696963586
0.241505134011	0.620051445849	0.746465976822
-0.325289932602	0.776457477006	-0.53972237326
-0.914254729164	-0.112472151889	0.38921496501
0.238837924778	0.63164824193	0.73754792681
-0.311875939912	0.76918659988	-0.557750278104
-0.91961396465	-0.0968115338571	0.380706820382
0.235240489876	0.668435852702	0.70558869888
-0.301004369084	0.740373467496	-0.601035352344
-0.924152731402	-0.0709974351476	0.375367932112
0.234860544532	0.620201929832	0.748458473121
-0.36756669042	0.769487160178	-0.522287504109
-0.89985290345	-0.152443678411	0.408687745477
0.216686776709	0.617013576303	0.756532294919
-0.351772126879	0.772234671903	-0.529065203696
-0.910660879443	-0.151485529572	0.384381213455
-0.488901981952	0.773479379215	0.403362000074
0.84283707241	0.299609344418	0.447055049377
0.224937597003	0.558535762268	-0.79839622542
-0.492992321768	0.765970445522	0.412625479471
0.827138877758	0.265525134994	0.495321666172
0.269836592447	0.585484032801	-0.764467638732
-0.499751060319	0.775713001854	0.385388335676
0.818288480408	0.276926363657	0.503704895714
0.284004917831	0.567083766201	-0.773152149808
-0.508852390544	0.759669934653	0.404931275818
0.821371888064	0.28763105148	0.49256054755
0.257712959024	0.583240312298	-0.770333053015
-0.430728600245	0.781518449519	0.451326901928
0.865231981013	0.215419069313	0.452730665585
0.256594384924	0.585508624693	-0.768981003666
-0.494551013124	0.767897801982	0.407137845743
0.80179603635	0.222257896015	0.554733457297
0.335486774433	0.600782038897	-0.725616921081
-0.472499166711	0.791154505438	0.388328461095
0.840525032705	0.272034561872	0.468513536023
0.265032289668	0.547778981494	-0.793518493965
-0.518294240421	0.740835005127	0.42723745495
0.837323361717	0.337985135844	0.429714375351
0.173948083221	0.580455296848	-0.795493859933
-0.800276743628	0.588173383599	0.116659476785
-0.572663849467	-0.807370447057	0.142159441208
0.177801794736	0.0469602176003	0.982945197822
-0.803978060599	0.573263880784	0.158076095502
-0.545662465518	-0.816855619968	0.187081860551
0.236372592966	0.0641535019362	0.96954233003
-0.820787016232	0.568865772395	0.0519654347368
-0.557612422796	-0.817639965106	0.143294357293
0.124004271514	0.0886375760369	0.988314889474
-0.83163210059	0.555062000772	0.0171471398413
-0.538604493121	-0.81372527893	0.21853185629
0.135251798862	0.172502601496	0.975679148452
-0.777270309779	0.620548043147	0.103784203563
-0.611069347962	-0.783850300611	0.110331899586
0.149817511473	0.0223383578539	0.988461285091
-0.816173329816	0.561590251573	0.13593189219
-0.528342130534	-0.820594577249	0.21789705633
0.233913836871	0.106023221005	0.966459204221
-0.800808057545	0.598906589783	0.00416679572921
-0.584071980678	-0.782474238873	0.215856427474
0.132538246779	0.170425856633	0.976416223067
-0.864020137795	0.502558342198	0.0300782173584
-0.492724427005	-0.856360123138	0.154500362258
0.103403218062	0.118671123664	0.987534779882
-0.081279966685	0.528184731538	-0.845230431826
0.476729829842	0.76533930844	0.432416949305
0.875284104078	-0.3677997255	-0.314008170708
0.0140278330576	0.513232780112	-0.858134793334
0.465863538398	0.756025562798	0.459778761542
0.884745372242	-0.406223410689	-0.228491038575
-0.00394616272611	0.539381444724	-0.842052316466
0.52862906483	0.715907178599	0.456101116816
0.848843777379	-0.443333479484	-0.287957794935
0.0396208859743	0.540579390761	-0.840359514379
0.540802371737	0.695592452835	0.472952361342
0.840216035223	-0.473207210067	-0.264786627378
0.00287164174263	0.542453304448	-0.840081049654
0.429799572148	0.757862509563	0.490832706029
0.902919755724	-0.362475971645	-0.230969888561
0.0120791686122	0.541655006784	-0.840514074503
0.41252258696	0.763009091268	0.497636647369
0.91086726314	-0.352742074584	-0.214228408968
-0.0510180151064	0.537911925286	-0.841455804915
0.531774435014	0.727810908699	0.433021036671
0.845347893625	-0.425372811271	-0.32317927809
0.00223829296117	0.507108962366	-0.861879032056
0.487366562912	0.752038714051	0.443747225175
0.873194593985	-0.421044257512	-0.245464669047
0.713199001333	-0.688450263402	0.131846206754
0.697372330763	0.677872176539	-0.23272547741
0.0708450400526	0.257925474452	0.963563921232
0.718140589666	-0.69164533426	0.0768168687704
0.680373837455	0.674643629086	-0.286264601836
0.146169562626	0.257842418065	0.955066357593
0.689432077738	-0.706674348681	0.159043314885
0.72374372545	0.663060858647	-0.191168299113
0.0296383360585	0.246904158797	0.968586550338
0.663388556961	-0.731016181113	0.159784134134
0.745322205422	0.626578150695	-0.227803941363
0.0664111186115	0.270213190919	0.960507363458
0.731990905673	-0.676834764736	0.0780001148608
0.666784105045	0.688151761131	-0.286087598488
0.139958114925	0.261422757223	0.955023491083
0.664786444813	-0.745117831858	0.0534640379567
0.724466871587	0.625593165041	-0.289449387975
0.182227162303	0.231154954247	0.955699036812
0.677386381854	-0.722660980177	0.137509260089
0.732675113725	0.646045576232	-0.214038058025
0.0658397038881	0.245736078518	0.967098192029
0.636857197517	-0.764226570313	0.101836467969
0.767225668247	0.615179224085	-0.181436775943
0.0760111239427	0.193680868725	0.978115550714
-0.199118680717	-0.926389625837	0.319615344475
-0.945742896367	0.267105633812	0.18499980444
-0.256752957632	-0.26543702608	-0.929312129271
-0.14420839748	-0.934164911611	0.326404004077
-0.953246504171	0.219665996644	0.207527732589
-0.265564979335	-0.281216243169	-0.922167117376
-0.135652172405	-0.952759052049	0.271753038949
-0.978113139401	0.172464591366	0.116410511273
-0.157778997236	-0.250013818306	-0.955301347576
-0.108896414086	-0.933040820856	0.342893874063
-0.983446859617	0.151377068355	0.0995847028475
-0.144822845445	-0.326373505892	-0.934080483089
-0.127422935975	-0.936245919831	0.327424930604
-0.950872959264	0.209215558566	0.228187519573
-0.282142026155	-0.282263186313	-0.916909789177
-0.142908595269	-0.936373158137	0.320596805419
-0.947152836959	0.22337857554	0.230224731018
-0.287190714275	-0.27075308318	-0.918811211584
-0.103583272496	-0.942994128197	0.316279551267
-0.988080333202	0.133968279827	0.0758280438718
-0.113876843572	-0.304655069357	-0.94563082713
-0.153591795589	-0.932389994541	0.327198773008
-0.97694547979	0.192975495787	0.0913147981108
-0.148282394427	-0.305630104727	-0.940533648508
0.0526279141362	0.938711738165	0.340663313956
0.82043186384	-0.23512900178	0.521159386753
0.569317817778	0.252063131451	-0.782523563696
0.0480283556604	0.924068782615	0.37919130223
0.861725542831	-0.230299178803	0.452090759284
0.505092315843	0.305047292716	-0.807353753207
-0.00352199252791	0.940381905256	0.340096146827
0.874983152567	-0.161753572406	0.456328327707
0.484136343961	0.299187119058	-0.822247932098
0.0422709951216	0.924312718653	0.379288545235
0.862697013163	-0.225253217362	0.452786560757
0.503952047213	0.308071102602	-0.806923624803
0.0747007745008	0.937188564126	0.340730209214
0.805677293126	-0.258065956963	0.533184427897
0.587625373466	0.234689433257	-0.774349202931
0.0179349709031	0.919519329426	0.392618597637
0.882485115883	-0.199131389784	0.426087574375
0.469984234463	0.338843331945	-0.815031081237
0.0735566333243	0.942610059847	0.3256965855
0.872951661218	-0.218773373602	0.436001132853
0.482231674516	0.25224564565	-0.838945675094
0.0476126027799	0.940054426975	0.337689637229
0.889828811473	-0.193515189613	0.41323242846
0.45380756168	0.280809593826	-0.845701839035
0.947041864824	0.0503210306128	-0.317142512873
0.0165764123162	-0.993986772397	-0.108216215068
-0.320681777075	0.0972281879244	-0.942181103394
0.947139927702	0.0814372977877	-0.310312686027
0.0300116843247	-0.985496068846	-0.167027753892
-0.319413987459	0.148885655103	-0.935846783908
0.941352510262	0.0462308004294	-0.334242717509
0.000453984460834	-0.990742705272	-0.135756008068
-0.337424473052	0.127642520031	-0.932659150246
0.936600122945	0.0569266201565	-0.345744927777
-0.00730454180296	-0.983328179367	-0.181691718801
-0.3503239056	0.172697993414	-0.920569456353
0.954736849748	0.0905619223421	-0.28333052286
0.0518059504038	-0.988595752659	-0.141417611609
-0.292905770625	0.120338421097	-0.948540534546
0.954840922127	0.0153230810619	-0.29672146655
-0.00506905279241	-0.997675181681	-0.0678334499994
-0.297073610792	0.0662742440304	-0.952543029161
0.929293015984	0.081226109348	-0.360300844654
0.0155800802706	-0.983268945517	-0.181483690702
-0.369014417872	0.163037995732	-0.915010364183
0.937467084805	0.0588771876349	-0.343058326113
-0.0106424225093	-0.98028203972	-0.197322545234
-0.347911306488	0.188634367999	-0.918355623231
0.807292069852	0.234131387226	0.541721342816
-0.559557282575	0.0119535916521	0.828705489823
0.187550439252	-0.97213149052	0.140659957718
0.817448666764	0.152128797097	0.555548834563
-0.560397270994	-0.0129284121354	0.828123035518
0.133163723112	-0.98827612153	0.0746842485183
0.808814658676	0.118717799336	0.575955671302
-0.577522305399	-0.0242563328105	0.816014481872
0.110846010081	-0.992631720216	0.0489432973578
0.800514266737	0.123829479663	0.586381426318
-0.588816185148	-0.0198212446815	0.808023923766
0.111679977043	-0.992105549443	0.0570456068446
0.839356020728	0.186046315276	0.510752623708
-0.523852707899	0.0260048140136	0.851411834433
0.145120000274	-0.982196792887	0.119288160429
0.873377257567	0.108121938191	0.474891373527
-0.485044122555	0.104813250449	0.868185701002
0.0440950036172	-0.988596914183	0.143985417121
0.799925249553	0.171720816083	0.57500570074
-0.577511490993	-0.0401298246084	0.815395653649
0.163095286044	-0.984327971534	0.0670698850031
0.875092073096	0.119954176797	0.468854841453
-0.471238202797	-0.00943927191382	0.881955488038
0.110219885272	-0.99273456781	0.0482667562663
0.154902024486	-0.698876549816	-0.698267097446
0.986917326832	0.0774760759173	0.141391855777
-0.0447164539717	-0.711033779084	0.701734569995
0.127952038863	-0.725776080913	-0.675927041754
0.990403468781	0.0576044735318	0.1256292326
-0.0522422666696	-0.68551500015	0.726181749407
0.21819022734	-0.67365310515	-0.706105183438
0.974955042948	0.118528600639	0.188185142842
-0.0430778410291	-0.729480964575	0.682643264516
0.197120733126	-0.703553553531	-0.682756073527
0.979053679994	0.105066441191	0.174398914847
-0.0509642062111	-0.702832474437	0.709527432716
0.0912540092336	-0.697381487227	-0.71086692188
0.995792278909	0.0578862085427	0.071041805831
-0.00839384395675	-0.714358636948	0.699729437482
0.121737282281	-0.686080405608	-0.717268218245
0.983753314122	-0.0126628743366	0.179078340817
-0.1319448249	-0.727415501785	0.673392341544
0.0677803692474	-0.676990557645	-0.73286399376
0.994112442996	-0.0164121297595	0.107103324204
-0.0845357863267	-0.735808708997	0.67189229351
0.226718690854	-0.679482917862	-0.697783336639
0.972640175743	0.12066686152	0.198520982244
-0.0506922981138	-0.723700529359	0.688249830227
-0.412713623481	0.390413387708	-0.82294888748
-0.878346786805	0.068657653353	0.473067713695
0.241193712222	0.918075991588	0.314582384151
-0.406136157358	0.341315358845	-0.847677597823
-0.879283547433	0.106623970724	0.464210956023
0.248825093685	0.93388178818	0.256809095264
-0.457100431576	0.420506043909	-0.783730750041
-0.863871709826	-0.000241758627952	0.503711850577
0.211624409003	0.907289714747	0.363373766828
-0.445550237995	0.428988336152	-0.785782380685
-0.851736606532	0.0672129510538	0.519641361431
0.27573482813	0.900805971817	0.33543834887
-0.445033430444	0.369991668189	-0.815506856588
-0.832487992322	0.164664648528	0.529007853263
0.330013651702	0.914325834506	0.234732336147
-0.455371760089	0.388146177844	-0.801235979474
-0.839778645917	0.111593545948	0.531336710852
0.29564907583	0.91481660406	0.275140327741
-0.526039908895	0.406799136293	-0.746857808369
-0.819991530288	-0.00965032603105	0.572294359184
0.22560144828	0.913466696716	0.338648236
-0.476631985727	0.414911920012	-0.775029136502
-0.821054583609	0.104946404056	0.561120033395
0.314151929057	0.903788924348	0.290644456809
-0.263354540456	0.912200352517	0.313902493727
-0.197960758242	-0.369565054527	0.907872827352
0.944169368756	0.176952110232	0.277906604843
-0.278043917597	0.881363089782	0.381956440041
-0.233461488384	-0.447717793287	0.863159634322
0.931765717099	0.150824152082	0.330249517219
-0.198422244386	0.9023759518	0.382552299614
-0.171125411596	-0.416213870285	0.89301854204
0.9650620259	0.111730320561	0.23700554074
-0.222402207179	0.880852623714	0.417894687941
-0.189013780224	-0.459452813854	0.86785769017
0.956457581808	0.114025588348	0.26867655891
-0.223681896789	0.893056721138	0.390405170966
-0.164931803299	-0.429459877894	0.887897418208
0.960606061269	0.134216309852	0.243355781437
-0.232208255804	0.89820163815	0.373246803295
-0.176275378775	-0.416242640913	0.892002854627
0.956559642565	0.141336191577	0.254985786124
-0.235549411377	0.87933421248	0.413869436188
-0.117481319966	-0.448491998644	0.886032265342
0.964735563202	0.160082411683	0.208947299288
-0.242167665041	0.896078098555	0.372019986494
-0.188304226856	-0.419550195645	0.887986013146
0.951785872562	0.144988560529	0.270336779313
0.147392349472	0.781511232094	-0.606228540069
0.668963655667	-0.530232079342	-0.520900008968
-0.728533098823	-0.328769502929	-0.600953549154
0.175375648729	0.786219271873	-0.592540867346
0.664464446757	-0.538639291649	-0.518033320279
-0.726451940554	-0.302870894046	-0.616879892442
0.0945303589306	0.746860338923	-0.658227730729
0.623935653445	-0.5596634906	-0.545418417455
-0.775737334229	-0.359133100511	-0.518898036557
0.112580501649	0.734680214537	-0.669000783993
0.640110948695	-0.568575330086	-0.51668649088
-0.759983578755	-0.370070180999	-0.534282897515
0.106598617077	0.799430428689	-0.591226771082
0.615006326382	-0.520238358596	-0.592555145562
-0.781284406389	-0.300441960633	-0.547112125273
0.172789985288	0.809169034232	-0.561595150416
0.633854130973	-0.527769777308	-0.565409617848
-0.753904887622	-0.258272277541	-0.604088475206
0.0882198284848	0.790827691465	-0.605645746986
0.604117274194	-0.52590810494	-0.598714913511
-0.791995913784	-0.313063557529	-0.524147163443
0.138734549767	0.744618106184	-0.652911884129
0.626914847193	-0.576400130723	-0.524152432647
-0.766634089291	-0.336603437629	-0.546777376818
-0.139239935879	0.455506743567	-0.879275716255
-0.934271155222	-0.354758156374	-0.0358327465269
-0.328252322386	0.81649261097	0.474963367723
-0.117865665672	0.518674135071	-0.846808607203
-0.924270808834	-0.36909585445	-0.0974254117682
-0.36308559261	0.771197368078	0.522899099224
-0.14387681951	0.40953676903	-0.900876829367
-0.910622308614	-0.411152902514	-0.041476016571
-0.387384096127	0.814391112248	0.432088719494
-0.117309080527	0.432253970669	-0.894088997066
-0.916348652079	-0.394156269591	-0.0703281282517
-0.382810367763	0.811047102597	0.442333409049
-0.0807807086634	0.486140785557	-0.870138829148
-0.942439915794	-0.321442790984	-0.0920950511192
-0.324471031821	0.812614071956	0.484124885149
-0.102559755689	0.498532916547	-0.86078245918
-0.929488991259	-0.356250607404	-0.0955810523425
-0.354304566782	0.790285045763	0.499917820179
-0.120063290643	0.418988748361	-0.900018487731
-0.927107081841	-0.371541639295	-0.0492881533079
-0.355045501748	0.828495800836	0.433055910465
-0.154023960694	0.42745400635	-0.890819676229
-0.918632078493	-0.393957799263	-0.0302053153463
-0.363856740305	0.813683187222	0.453351899807
0.904545092382	0.0873206473785	0.417340724502
0.160030401488	0.837719261609	-0.522127100644
-0.395206840004	0.539074710192	0.743780888625
0.904867790122	0.185559009692	0.383121568371
0.059439727595	0.836104322401	-0.545340701354
-0.421522479843	0.516233876932	0.745534293538
0.952181041119	0.092370687068	0.291236881196
0.0855735149388	0.834429388404	-0.544430683225
-0.29330604893	0.543318738372	0.786623359421
0.949508877508	0.138465837375	0.281531710698
0.0355203866821	0.844127053155	-0.534965253516
-0.311722944902	0.51795437272	0.796587770609
0.926342308914	0.108564087141	0.360698994737
0.103577145327	0.847242437831	-0.52101058017
-0.36216253366	0.519994315994	0.773591757839
0.920268481139	0.154213067462	0.359616813987
0.0638417642019	0.847568381144	-0.526832107317
-0.386044236094	0.507785555112	0.770145232481
0.951468693486	0.142333604272	0.272852470822
0.0266744027543	0.845137458148	-0.533883090596
-0.306587348037	0.515251223464	0.800325169219
0.947466022488	0.137657641775	0.288718738549
0.0350023092397	0.85260788821	-0.521377624747
-0.317935488231	0.504093406919	0.802998669235
-0.00542881480488	-0.833675219256	-0.552228322745
-0.0447139763717	0.551886508252	-0.832719596345
0.99898506093	0.0201716290233	-0.0402730162363
-0.082140798692	-0.908848880578	-0.408957944664
-0.0696044478306	0.414574136605	-0.90734971515
0.994187159982	-0.0460651387932	-0.0973133749394
-0.0929538466823	-0.847778369713	-0.522141212816
-0.0139039773894	0.525465790674	-0.850701119285
0.995573347216	-0.0718160900284	-0.060631564293
-0.0493199204255	-0.909166508011	-0.413501884356
0.0157085744371	0.413248416993	-0.910482832225
0.998659495696	-0.0514004649533	-0.00609966993745
-0.00393350907532	-0.848961323524	-0.528440333324
-0.0339782759794	0.528252753285	-0.848407036393
0.999414824528	0.0146182693992	-0.0309241263143
0.0182028826689	-0.897311590244	-0.441022225008
0.00371342421999	0.441152920976	-0.897424276668
0.99982743682	0.0146980232266	0.0113623428045
-0.110008168139	-0.860530925337	-0.497377854844
-0.00796151476008	0.501161890455	-0.865316921302
0.993898796777	-0.0912320478045	-0.061983031422
-0.127593616276	-0.868617239873	-0.478773443311
-0.0220571714448	0.485084576321	-0.874189028752
0.991581262738	-0.100980529798	-0.0810529472049
0.938719243649	-0.160957366484	0.304793220196
-0.0098822259108	0.871340421826	0.490579462913
-0.344541031684	-0.463528417679	0.816353404715
0.940399065324	-0.09256335693	0.327233285588
-0.108251671964	0.830713738064	0.546073494849
-0.322383581716	-0.548950554434	0.771182284676
0.89755360074	-0.217852444449	0.38332473057
-0.0246443274112	0.843256047627	0.536946831243
-0.440216076201	-0.491385342581	0.751498674779
0.909037983386	-0.20199099113	0.364485372207
-0.0195470575686	0.853035196903	0.521487170583
-0.416254561045	-0.481176262969	0.771493065499
0.883419757165	-0.196585116558	0.42535141444
-0.0603401974066	0.852457442275	0.519302774077
-0.464681174995	-0.484428119059	0.741215761881
0.896604350434	-0.155621124743	0.414587388597
-0.0973942934857	0.84399494259	0.52743424819
-0.431989570298	-0.513278287191	0.741572927782
0.938662111903	-0.112911465646	0.325828851665
-0.0712674661292	0.860955754261	0.503662721886
-0.337393520867	-0.495990110861	0.800099632497
0.953276113766	-0.0846481672486	0.289998859471
-0.0862076631745	0.843805857374	0.529679066196
-0.289539098436	-0.529930525765	0.7970826478
-0.951312686846	-0.277566240214	-0.13402682869
0.25106005273	-0.950033798413	0.185490342416
-0.178815710826	0.142810362018	0.973462978115
-0.958349797989	-0.244389585798	-0.147768288077
0.230151839907	-0.967246534968	0.10705290864
-0.169091298402	0.0685851661372	0.983211154389
-0.978478374508	-0.172172728963	-0.113780766129
0.15973370891	-0.980938974839	0.11069472589
-0.130670017897	0.0901372925234	0.987319945825
-0.954364859834	-0.242126492078	-0.174824576871
0.227071794456	-0.968541551547	0.101817621316
-0.19397750129	0.0574733823794	0.97932096452
-0.97410813691	-0.223562673334	-0.0336269298156
0.215251206752	-0.962620748421	0.164395644062
-0.0691227698287	0.152901082032	0.985821122363
-0.984724203247	-0.158558956515	-0.0719218567286
0.148428999652	-0.980438436464	0.129246921864
-0.0910083964739	0.116597564545	0.989000735345
-0.95066141926	-0.219527956996	-0.21919183576
0.185255187598	-0.968481030408	0.166492281502
-0.248833478927	0.117671748643	0.961371496746
-0.945095798387	-0.220742802959	-0.240980812536
0.193538013954	-0.972235496927	0.131553994598
-0.263329022752	0.077691899719	0.961572616774
0.199255852322	-0.104249603285	0.974386631805
0.307776206003	-0.937353514638	-0.163225726133
0.930360733825	0.332416682596	-0.154687806758
0.161995673125	-0.071718748315	0.984181889075
0.302446436481	-0.945746664138	-0.11870042055
0.939299591559	0.31689123989	-0.131515952982
0.15128909297	-0.156789497933	0.975975583442
0.226174233952	-0.955656871295	-0.188585294165
0.96226633633	0.249271439634	-0.109118392866
0.194448982936	-0.0724644222367	0.978232713621
0.253703749825	-0.959619769112	-0.121515882683
0.947536142747	0.271809878278	-0.168213327401
0.165719801718	-0.110275650288	0.979987901525
0.3087856454	-0.937956528836	-0.157762834471
0.936583381967	0.328750616271	-0.12138649037
0.183974306557	-0.139313063104	0.973008556564
0.303871387165	-0.933352738859	-0.191090600772
0.934781236847	0.330825192647	-0.129379992932
0.191143122983	-0.0779347578021	0.97846322281
0.249584465292	-0.960220042927	-0.125238073717
0.949300637075	0.268147634615	-0.164087952818
0.157872130129	-0.134448640096	0.978263735406
0.230976335657	-0.958176109332	-0.168962820552
0.960065781705	0.252630294182	-0.120214831545
-0.385872263004	-0.239372868233	0.890956364565
0.841895755238	-0.486278551528	0.233975908644
0.377245478325	0.840377188213	0.389168392975
-0.345805139709	-0.215030605616	0.913334983244
0.850378413973	-0.483228182225	0.208199999144
0.39657975997	0.848676926305	0.349960054921
-0.356990341634	-0.209452168802	0.910322841758
0.850165633699	-0.476612994361	0.223737434009
0.387009408826	0.853797302106	0.348215278527
-0.325140252338	-0.245337938493	0.913286967182
0.874286750729	-0.446069804917	0.191427208829
0.36042539587	0.860715397048	0.359530980374
-0.345614976196	-0.248527482893	0.904867034255
0.864162489031	-0.460147125147	0.203685503961
0.365750532446	0.852348920466	0.373801889234
-0.361381389179	-0.213513722411	0.907642749223
0.848345974692	-0.479236461642	0.225036658121
0.386927095326	0.851319141461	0.35432066268
-0.344645777038	-0.287252278821	0.893703185848
0.857129125102	-0.484534194488	0.17480343712
0.382817082933	0.82626430822	0.413204985312
-0.335317647205	-0.246970246286	0.909157701915
0.867391337901	-0.45756559464	0.1956168279
0.367687770313	0.854189307983	0.367649708174
0.608885071978	0.50665860909	-0.610373698937
0.186075429497	-0.839207088262	-0.510986825455
-0.771125756966	0.197556713593	-0.605257410127
0.558887134716	0.585168138793	-0.58755711477
0.215749040893	-0.786754158216	-0.578333827057
-0.800685621908	0.196458426914	-0.565956199247
0.636053887838	0.512491432013	-0.576877782094
0.187823069277	-0.827934850481	-0.528437636614
-0.748436996686	0.227763854146	-0.622868887694
0.641178448993	0.484684366242	-0.594954732321
0.186919453995	-0.850584728488	-0.491493719626
-0.744278970622	0.203926515769	-0.635973431644
0.624179146879	0.534943028804	-0.569417430494
0.198683708426	-0.813547767041	-0.546501735557
-0.755595816706	0.227980961692	-0.614083910021
0.643975778483	0.538104811575	-0.543818378342
0.206360647346	-0.806660285201	-0.553818173847
-0.736688876045	0.244422785797	-0.630513357439
0.613676354267	0.53064203419	-0.584654157925
0.197574453132	-0.820130906275	-0.536982495343
-0.76443821745	0.214020784939	-0.608136347699
0.610854593423	0.541478156411	-0.577631432355
0.172582968437	-0.803090352207	-0.570316582582
-0.772704202474	0.248691156843	-0.584021338017
-0.449538390295	0.132729235931	0.88334491049
0.777203995629	0.545565758212	0.313547391713
-0.440305837048	0.82749076587	-0.348410453931
-0.428339152362	0.116830428709	0.896033597516
0.787012038399	0.535470101569	0.306404662687
-0.444001811219	0.836434346993	-0.321309760544
-0.327834549261	0.0985363116583	0.93958243497
0.825251652869	0.513989557695	0.234039444907
-0.459874185247	0.852118153556	-0.249820799338
-0.352140447189	0.117583430117	0.928531781101
0.797778009182	0.556496537354	0.232081581646
-0.489435776806	0.822487537557	-0.289770419197
-0.354269282118	0.0349544198158	0.934489965542
0.779605491543	0.562909437759	0.274496361683
-0.516438364879	0.825779125164	-0.226672186604
-0.311363387494	0.0428725898289	0.949323370448
0.773367953303	0.591954090407	0.226919343506
-0.552227244386	0.804830616151	-0.217469133134
-0.360225563039	0.082078998517	0.929247230595
0.774320220183	0.581841373998	0.248774518463
-0.520255297119	0.809149925801	-0.273149533891
-0.325764850311	0.127603222878	0.936800240233
0.807294671686	0.55326184642	0.205369534816
-0.49209001784	0.823176014151	-0.2832466664
0.692114356565	-0.274457112731	-0.667570972475
0.547479286014	-0.403099474841	0.733332946872
-0.470365965399	-0.873031541729	-0.128731342529
0.745714826921	-0.287952521116	-0.6008267088
0.465812048643	-0.419436644617	0.779161080346
-0.476370154149	-0.860904291644	-0.178648362811
0.720522705933	-0.340906934305	-0.603845596112
0.492452605204	-0.361517503728	0.791704226631
-0.488198190726	-0.867806207043	-0.0926010734444
0.719759245638	-0.42254578322	-0.550819108229
0.45124024898	-0.31820688864	0.833742536095
-0.527568826418	-0.84864565036	-0.0383626862878
0.775107323174	-0.213410673663	-0.5946969975
0.467114808037	-0.44024289509	0.766805014087
-0.42545550952	-0.872147956418	-0.241548203186
0.757293090291	-0.249362920283	-0.603593660782
0.48461776519	-0.404979418363	0.775330433108
-0.437781675051	-0.879664591096	-0.185842412139
0.743212181107	-0.327081058195	-0.58365540546
0.481011714766	-0.345134279011	0.805921860052
-0.465041268287	-0.879716031241	-0.0991781767683
0.711871478144	-0.33526203411	-0.617121043821
0.518875416346	-0.341098647486	0.783849531338
-0.473294112106	-0.878209060504	-0.0688591860508
-0.995539755095	0.00501841929018	0.0939578176992
-0.0921362850981	-0.254504411711	-0.962657077524
0.0190830030994	-0.967043204519	0.253861338163
-0.990064812781	-0.00128284350266	0.140622320397
-0.135033109898	-0.270583559822	-0.953180750777
0.0392726611326	-0.962697168758	0.267719102727
-0.992707508071	0.0548689697507	0.107346454019
-0.118105549681	-0.263992713313	-0.957267065218
-0.0241856190021	-0.962963421515	0.268546572132
-0.997496780782	0.0123952634386	0.0698840100191
-0.0704443177455	-0.293068912945	-0.953505280934
0.00866114942947	-0.956023577175	0.293184384941
-0.98086301589	-0.000174377588012	0.194686457021
-0.188862195917	-0.241917597978	-0.951737293829
0.0472643407714	-0.970295199979	0.237258132278
-0.990058219076	0.0150435732779	0.139887368876
-0.139088194993	-0.254443225154	-0.957036813275
0.0211957326269	-0.966973980442	0.253999673284
-0.986804721256	0.0698422301082	0.146068882995
-0.159950804386	-0.280696723267	-0.946373896213
-0.0250957339471	-0.957251207443	0.288165707498
-0.99191212472	-0.00329306509656	0.126786355371
-0.119987134331	-0.299527476275	-0.946504229241
0.0410939384945	-0.95407354229	0.296725864991
0.71145004724	0.645603960736	0.277550737862
0.309861844762	-0.642688891829	0.700668925987
