-0.219251053936	-0.857609695937	0.465225282076
0.688116782163	0.202116116498	0.696881880492
-0.691682186958	0.47292142126	0.545821466668
-0.201120255777	-0.833724223664	0.514251411738
0.699928141543	0.244967830901	0.670888462325
-0.685311018644	0.494868316909	0.534279082854
-0.154247133343	-0.877467756658	0.454156467901
0.681424433799	0.238368835862	0.691983380697
-0.71544986011	0.416209795854	0.561160298386
-0.144333856112	-0.86691553491	0.477100794225
0.68846671683	0.258341944655	0.67769683705
-0.710761065574	0.426282627445	0.559555019103
-0.186656590617	-0.857266784831	0.47984684389
0.695040105657	0.229962226341	0.681202346501
-0.694318792411	0.460663700518	0.552910820888
-0.182789749598	-0.857826584215	0.480334716544
0.701608068114	0.228434699879	0.674954586839
-0.688719106211	0.460381501531	0.560102543062
-0.195952281697	-0.86048894434	0.470278132527
0.685545689773	0.222699651129	0.693132021982
-0.70116321388	0.458217927772	0.546265955458
-0.203586768047	-0.848971759032	0.487646789606
0.694472397615	0.225862240161	0.683150308941
-0.690116314833	0.477737593267	0.543604882444
0.818296659798	0.195573504002	-0.540501230339
0.227309699089	0.753575804107	0.616809376287
0.527940220257	-0.627594224406	0.572192809063
0.800750697126	0.131022730515	-0.584492396583
0.330338621185	0.717389159452	0.613375239411
0.499674607048	-0.684241063556	0.531168001513
0.766148768439	0.239429829156	-0.596397031317
0.262617093956	0.73034997312	0.630572101958
0.586556326379	-0.639736094586	0.496678366497
0.762807572939	0.244889773211	-0.598459360901
0.258502490601	0.732847444019	0.629373567352
0.592706563171	-0.634794158688	0.495716963809
0.780381889243	0.166566294981	-0.602710355875
0.289920208408	0.757625976432	0.5847641824
0.554031024817	-0.631077289749	0.54294665591
0.795645672995	0.204271150594	-0.570281731663
0.301931453709	0.68242058566	0.66568726235
0.525152695598	-0.701837182707	0.481289100746
0.79127822329	0.160037915595	-0.590141200428
0.296153600701	0.744072576118	0.598873144517
0.534950292702	-0.648647719493	0.541372621112
0.789668578728	0.215047925231	-0.574611108245
0.274998232243	0.713152281494	0.64481764538
0.548451919614	-0.667209272555	0.504016149258
0.925341705167	-0.205932597777	0.318330794739
0.0707977459229	0.918712601646	0.388529066953
-0.372465312315	-0.33698504695	0.864702648958
0.936686990598	-0.175933568608	0.302762053141
0.0510054911855	0.923948540319	0.379100955421
-0.346433141103	-0.339656405753	0.87442415581
0.963532789904	-0.144348067005	0.22531799328
0.0583880611166	0.93514922421	0.349409161814
-0.261142483834	-0.323511303655	0.909475144773
0.974521597972	-0.131477011594	0.181718051576
0.0513138899184	0.919381607832	0.390005568066
-0.218345001197	-0.370744189224	0.902703830552
0.949393998841	-0.137516518183	0.282383146951
0.00879312859471	0.910343164131	0.413760804703
-0.313964512875	-0.390338993499	0.865483537369
0.955890000762	-0.164282483876	0.243486287072
0.0519175660902	0.910408223396	0.410440535546
-0.289100108668	-0.379694788455	0.878779264062
0.95563030985	-0.152162522182	0.252224655081
0.0448371319915	0.921411948603	0.385991775305
-0.291136293482	-0.357556409328	0.887351717163
0.962544303299	-0.159346430921	0.219356283563
0.0585229998596	0.91209865958	0.405772218959
-0.264732927067	-0.377736350043	0.88726079998
-0.650231953382	0.70812741459	-0.275234581922
0.288892751342	-0.104605585531	-0.951629507229
-0.702665986513	-0.698293137238	-0.136555033674
-0.684315933097	0.694655222822	-0.221734054602
0.270353926349	-0.0407087423343	-0.961900023539
-0.677215345419	-0.718190101702	-0.15994520301
-0.538708776422	0.807590581641	-0.239980678391
0.26889688538	-0.105132408422	-0.957414196113
-0.798428292703	-0.580297277549	-0.160523043089
-0.531168339741	0.825801309	-0.18950461102
0.283412929426	-0.0376054313461	-0.958260233486
-0.79845908535	-0.562705750549	-0.214067778696
-0.627522696321	0.743907533003	-0.229820030239
0.221233359886	-0.112643544676	-0.968693710441
-0.74650617173	-0.65872094738	-0.0938909835647
-0.645933177561	0.725890927802	-0.236332579712
0.269772135506	-0.0725574145365	-0.960186791887
-0.714138447504	-0.683972251882	-0.148958093779
-0.596861296713	0.763106362705	-0.247841555933
0.249219106321	-0.117290893273	-0.961318261015
-0.762657586793	-0.635540432321	-0.120174373522
-0.59347241697	0.769402261026	-0.236242197069
0.295217807539	-0.0649682266228	-0.953218438564
-0.748756743582	-0.635451891361	-0.188584271142
0.544428312648	-0.760992645995	0.352828598945
0.573331952317	0.644636954977	0.505701177092
-0.61228122619	-0.0730301362555	0.787259999179
0.563152387906	-0.73732035571	0.373119391134
0.546499319736	0.670991253755	0.501108002481
-0.619836978981	-0.0782906742719	0.780815400272
0.513582817975	-0.757034485158	0.403895381711
0.585697288696	0.653300987277	0.479746294895
-0.627049740531	-0.00982902502835	0.778917206177
0.568905284226	-0.737417820326	0.364090283928
0.559899028906	0.671563043428	0.485300067355
-0.602378497305	-0.0722359758718	0.794935286235
0.556811119914	-0.723388090223	0.408253653871
0.556122527033	0.689739233255	0.463667471147
-0.617000089062	-0.0311361493553	0.786346888752
0.526966458419	-0.753193559816	0.39370778181
0.583385047743	0.657443395943	0.476896288851
-0.618035793524	-0.0216251173527	0.785852476087
0.553806798193	-0.725994115824	0.407713834192
0.555132383352	0.686887843149	0.469055567551
-0.620585259055	-0.0334310078439	0.783426003061
0.516009558489	-0.776653116102	0.361308856857
0.534197682982	0.621503666498	0.573032321527
-0.669602111923	-0.102679809437	0.735588116995
0.24990017733	-0.952140550303	-0.176006583751
-0.767235915351	-0.0838283206002	-0.63586313463
0.590676726519	0.29394089245	-0.751465141239
0.232850038738	-0.952283544767	-0.197324351513
-0.783752961385	-0.0636248549554	-0.617805114346
0.575770913518	0.298509487552	-0.761170097771
0.189225733484	-0.968734472682	-0.160459341347
-0.789411455085	-0.0528969614361	-0.611581180281
0.583971945704	0.242395352536	-0.774739559124
0.192815447964	-0.961724988889	-0.194697873113
-0.794488362741	-0.0365678251961	-0.606177409965
0.575856281999	0.271565565985	-0.771130154011
0.298373415981	-0.936881478872	-0.182281081161
-0.771723028268	-0.124433043383	-0.623666557323
0.561619858661	0.326756027687	-0.760140523906
0.278556078607	-0.936795210729	-0.211710222015
-0.782740449796	-0.0937041755381	-0.61525350559
0.556528411856	0.337096753237	-0.75936937129
0.261426824476	-0.953034124646	-0.152911740336
-0.71807619122	-0.0861691140547	-0.690609519205
0.644998160211	0.290346141138	-0.706878034388
0.224059322051	-0.955668008796	-0.191039630167
-0.79542723941	-0.066062115996	-0.60243787262
0.563110104807	0.286939959793	-0.774966201679
0.947138627365	-0.184903285257	0.262181645706
-0.0886029366171	-0.936183874025	-0.340161718661
0.308347141816	0.298950247234	-0.903078899479
0.941816398537	-0.212680561289	0.260286116587
-0.122362991616	-0.938171024717	-0.323825312116
0.313064181792	0.273134606621	-0.909609094536
0.94754452214	-0.164724122628	0.273907514803
-0.0729147455541	-0.945773449273	-0.316536655348
0.311195763342	0.279960671742	-0.90817325538
0.95068961536	-0.16174342722	0.26462866772
-0.0623652809893	-0.935513273595	-0.347744142129
0.303808886893	0.314093107866	-0.899469939589
0.958657074913	-0.14541250029	0.244605476241
-0.0583694868665	-0.941785979566	-0.331109019591
0.278513262253	0.303142515347	-0.911337464083
0.943846890588	-0.212861021427	0.252672127327
-0.125369866757	-0.938339546508	-0.322180538364
0.305672070822	0.272411615662	-0.912335200144
0.946198851785	-0.15297305055	0.285143830881
-0.0547024554761	-0.944135782179	-0.324986447964
0.3189285184	0.291903744068	-0.90170821741
0.933047573064	-0.228195773017	0.278116754338
-0.129880534064	-0.934608693196	-0.33111633394
0.335489622399	0.272825345061	-0.901672571868
-0.995165345957	0.0926764573653	0.0326023664783
-0.0785062123339	-0.550657755875	-0.831033934679
-0.0590644958902	-0.829573203649	0.555266604036
-0.99337740984	0.110791106183	0.0303091056909
-0.0907325032766	-0.595073776686	-0.798528899438
-0.0704338267182	-0.795993794686	0.601191610251
-0.993393085158	0.0820042602136	0.0803547625272
-0.113157082407	-0.580941264164	-0.806047002365
-0.0194180651726	-0.809809605172	0.586373353166
-0.993452606909	0.0664117423844	0.0930704289481
-0.114112010782	-0.525040017043	-0.843402199687
-0.00714655626637	-0.8484917807	0.52916492277
-0.996518905292	0.0748417159064	0.0368081397373
-0.0723660285132	-0.556477372469	-0.827708166295
-0.041464195494	-0.827487986738	0.559951503085
-0.994187544984	0.08729782799	0.0630328837735
-0.101758955925	-0.570363698806	-0.815066054447
-0.0352018479305	-0.816741481407	0.575929514337
-0.997510570779	0.0689967513456	0.0144129112848
-0.0519850648568	-0.58205302278	-0.811485283101
-0.0476008060834	-0.810216181004	0.584194310204
-0.992304558273	0.0720745024996	0.100641084157
-0.122692980079	-0.464774152411	-0.876883866997
-0.0164254184144	-0.882487478467	0.470046644146
-0.992786223827	0.0312736600431	-0.115825753397
0.0378512412103	0.997766931545	-0.0550313926228
0.113846082503	-0.0590180381127	-0.991753025939
-0.992257788823	-0.0143048164273	-0.123435691906
-0.0148526259536	0.999883501974	0.00351894146222
0.123370974349	0.00532500457409	-0.992354656918
-0.979639607462	0.00953803463162	-0.200525207971
-0.00549843283115	0.997221150433	0.0742949357511
0.200676606442	0.0738850197078	-0.976864885239
-0.982405530145	-0.0133054752906	-0.186274136942
-0.024863986585	0.99789749003	0.0598529616473
0.185086120326	0.0634315313873	-0.980670835736
-0.986280017421	0.0245013628402	-0.163278924233
0.0306778867044	0.998901745673	-0.0354143263732
0.162231905454	-0.0399373317097	-0.985948484252
-0.980765511842	0.011187955654	-0.19487023201
0.0121967912751	0.999917704338	-0.003977795632
0.194809691643	-0.00627807484698	-0.980821256258
-0.981580941226	-0.00947975964288	-0.190809341814
-0.031837270977	0.992918654385	0.114450562011
0.188373190616	0.118417385232	-0.974931834289
-0.989875347342	-0.00586846384117	-0.141843335443
-0.0113543826797	0.999217119667	0.0378976065371
0.141509888953	0.0391243111047	-0.989167028872
-0.849315030267	-0.256498150361	-0.461380465518
-0.525907657874	0.33554335626	0.781557115025
-0.0456549065214	0.90643206448	-0.419876137162
-0.861326137864	-0.282506165272	-0.422265010374
-0.503012386328	0.357410885844	0.7869155373
-0.0713863544637	0.890195366325	-0.449951491556
-0.842363150995	-0.306769921491	-0.443076265819
-0.530349894473	0.325930297953	0.782622798686
-0.095673149295	0.89423803926	-0.437247080058
-0.854717715533	-0.273121828568	-0.441431133843
-0.514598632586	0.334164322504	0.78963423205
-0.0681558985474	0.902074520117	-0.426164094796
-0.887848868493	-0.26143883767	-0.378649190008
-0.456230661295	0.393181551289	0.798287041865
-0.0598252340547	0.881509133063	-0.468362505021
-0.858298306438	-0.257520765359	-0.443856767093
-0.51315262943	0.431387616541	0.742010539586
0.000391400443175	0.864631897027	-0.502407155656
-0.899296119881	-0.231411236791	-0.371099541171
-0.429762530593	0.310335313723	0.847936314683
-0.0810567533806	0.922030729394	-0.378535076028
-0.888526244223	-0.26192944235	-0.376713468002
-0.448948879902	0.326885411168	0.831619179218
-0.094683541225	0.908041036098	-0.408038877697
0.866000839813	-0.0314780804385	-0.499050771243
-0.482105724054	0.21234620414	-0.849990081803
0.13272758817	0.976687359794	0.168716229574
0.876889185936	-0.0108250804489	-0.480570679192
-0.46857274382	0.203832624747	-0.859588200122
0.107261101123	0.978945916623	0.173666285044
0.889015400992	0.0204266971148	-0.457421432059
-0.449978106638	0.223740508782	-0.864557624406
0.0846836466385	0.974434673243	0.20810032477
0.88634667642	0.0192232164458	-0.462622999112
-0.455736488579	0.212766426685	-0.864311700488
0.0818157951437	0.976913983201	0.197345535376
0.899917854198	0.0158267524029	-0.435772152805
-0.425780059776	0.247599977363	-0.870290519638
0.0941233018398	0.96873307045	0.229558356094
0.902181091527	0.0102507253034	-0.431235666349
-0.428330513197	0.139515260133	-0.892786904414
0.0510122413197	0.990166858595	0.13025872846
0.882459800253	0.00886767185136	-0.470304226761
-0.463922436211	0.181607103268	-0.867061033511
0.0777217761829	0.983331188893	0.164374879843
0.920710455832	0.00419456653312	-0.390223864571
-0.381979417037	0.21441679765	-0.898953383168
0.0798998362267	0.97673326234	0.199018024635
0.232278721829	0.653765131373	0.72016507216
-0.34515364037	0.747632240081	-0.567375530374
-0.909348966403	-0.116778341007	0.39930848087
0.240545717898	0.627109604913	0.74085849163
-0.35891391055	0.766638164731	-0.532397154665
-0.901841763287	-0.137838561034	0.409489887394
0.219263165687	0.669227686243	0.709970400358
-0.369159552737	0.730484366396	-0.574555319795
-0.903130605196	-0.136113536605	0.407220107629
0.242325083839	0.619172636381	0.746929581726
-0.324939634689	0.777207958699	-0.538852505544
-0.914162341988	-0.11212954686	0.389530714038
0.239588224583	0.630707746866	0.738109219539
-0.311078661558	0.770040195488	-0.557017202103
-0.919688832295	-0.0961552658915	0.380692285199
0.235909833942	0.667854228025	0.705915929805
-0.299961379761	0.740991742413	-0.60079481936
-0.924321232308	-0.07001410163	0.375137709516
0.235422172752	0.619310899543	0.749019623012
-0.367449955178	0.770194233181	-0.521326547586
-0.899753808766	-0.152495404803	0.408886565952
0.21703675106	0.615918402535	0.757323955598
-0.35199766888	0.773002363208	-0.527792562117
-0.910490358767	-0.152025882472	0.384571762474
-0.489560610593	0.773054017762	0.4033855467
0.842410161237	0.299876748947	0.447682921416
0.225116711752	0.558983330256	-0.798036667665
-0.493735483914	0.765500340169	0.412581337015
0.826552841371	0.265682742649	0.496203187772
0.270230514327	0.586017433473	-0.763901747742
-0.500592570851	0.775196208668	0.385325852681
0.8177341959	0.277360766415	0.504361847807
0.284105542946	0.567574600149	-0.772748901779
-0.510067885524	0.75893570798	0.404802135947
0.820579189235	0.288245307125	0.49353080011
0.257872007611	0.583900203473	-0.769794130424
-0.431037118749	0.781091554113	0.451772350156
0.864979250379	0.215117796224	0.453357073288
0.256930279815	0.586189153414	-0.768351002359
-0.495444884927	0.767556415454	0.406647023274
0.800608085052	0.221939517183	0.556555554537
0.336944129778	0.601319000391	-0.724465215955
-0.473103992908	0.790994253026	0.38795417937
0.840118017064	0.272442188294	0.469021102971
0.265296194875	0.547820380515	-0.793423080576
-0.519363881402	0.740028471363	0.427337223949
0.836771041763	0.338922552926	0.430052197491
0.173417026463	0.58093763045	-0.795258284467
-0.799444009026	0.589389448281	0.116230371811
-0.574024135951	-0.806513804048	0.14153416704
0.177160132148	0.0464295956079	0.983086253382
-0.803411238781	0.574049658668	0.158106254843
-0.546525828946	-0.816341146149	0.186807039465
0.2363051348	0.0636737079278	0.969590401069
-0.820189271922	0.569851700259	0.0505802079954
-0.558800872373	-0.816943885251	0.14263251144
0.122600582234	0.0887214066419	0.988482477193
-0.831421788972	0.555433293984	0.0152228976776
-0.539320329025	-0.813288068284	0.218394532517
0.133684192709	0.173367947057	0.97574181652
-0.77602964362	0.622143035383	0.103516777595
-0.612739319353	-0.782596817699	0.109965602742
0.149426256856	0.021907779263	0.988530141651
-0.815368460875	0.56270860962	0.136137251135
-0.529387421092	-0.81985859428	0.218130468741
0.234357182261	0.105787351146	0.966377642811
-0.800051329685	0.599926532553	0.00247723255621
-0.585387586309	-0.781552839324	0.215630803157
0.131298724053	0.171065557648	0.9764718232
-0.863989301624	0.502690267318	0.028725530706
-0.493100571877	-0.856289527195	0.15368879335
0.101855225615	0.118620884885	0.987701675525
-0.0826419858358	0.526992681486	-0.845842201239
0.47596252249	0.766561878228	0.431094614855
0.875574093336	-0.366962673077	-0.314178961908
0.0139239446777	0.511747407785	-0.859023116853
0.464922237268	0.757277355103	0.458670165766
0.88524202225	-0.40576544739	-0.227378461746
-0.00396165397786	0.537954220742	-0.842964762273
0.52887536046	0.71655434846	0.454797457028
0.848690277514	-0.444021542501	-0.287349472792
0.040171599401	0.539451295379	-0.841057989767
0.541492158416	0.695662811904	0.472058782772
0.839745487997	-0.474389662548	-0.264162758497
0.00241792338593	0.541509583624	-0.840691104471
0.427971944245	0.759251270512	0.490283107247
0.903788790167	-0.360977674041	-0.229915097965
0.0121024024591	0.540558882988	-0.841219138377
0.410861768759	0.764293991815	0.497038533843
0.911617327458	-0.351640144431	-0.212845185367
-0.0516884142044	0.536868818423	-0.842080891274
0.531901367327	0.728456180607	0.431778346741
0.845227360584	-0.425586039579	-0.323214003388
0.00231815242502	0.505393703091	-0.862885763363
0.487658519852	0.752759060178	0.442202405813
0.873031387611	-0.42181868684	-0.244714534952
0.712390133575	-0.689032469177	0.133171143282
0.698214616394	0.676775462515	-0.233390921232
0.070686960865	0.259247428301	0.963220703892
0.717539196113	-0.692172369437	0.0776846480888
0.680868604704	0.673531263048	-0.287703964212
0.146817698829	0.259331908724	0.954563524897
0.688097747492	-0.707575378236	0.160806000864
0.725063862983	0.661816369593	-0.190476988357
0.0283527846241	0.247661407191	0.968431694327
0.661886982573	-0.731990271698	0.16154214504
0.746707385887	0.624911723559	-0.227845161949
0.0658308616543	0.271432459558	0.960203477172
0.731496926253	-0.677268017396	0.0788687656363
0.667196105853	0.687129430005	-0.287580433793
0.140575979157	0.2629851368	0.954503647119
0.663408096542	-0.746296214641	0.0541448040849
0.725424838483	0.623738942179	-0.291047312911
0.183435284252	0.232361129825	0.955175273
0.675764279441	-0.723854767063	0.139200974582
0.734281910679	0.644502915461	-0.213180824106
0.0645965229253	0.246272743756	0.967045513175
0.635095652721	-0.765521648898	0.103102512796
0.768734153733	0.61335059132	-0.181242558081
0.0755071119861	0.194364783447	0.978018919893
-0.198538138272	-0.926586809105	0.319405581169
-0.945538105911	0.26685436233	0.186404678314
-0.257954899855	-0.26500169626	-0.929103905196
-0.142980308815	-0.93431061444	0.326527071305
-0.953088163707	0.218912411538	0.209045567887
-0.266794311694	-0.281319698912	-0.921780551675
-0.133633067381	-0.953281123593	0.270919662835
-0.978396196321	0.170416902774	0.117043069417
-0.1577442466	-0.249425933843	-0.95545995935
-0.106931696659	-0.933251359082	0.342940222968
-0.983703531838	0.149446745223	0.0999670111251
-0.144545692454	-0.326661816924	-0.934023257173
-0.126200558601	-0.936494076959	0.327188515423
-0.950544799081	0.208515617776	0.230186588472
-0.283792293312	-0.281957664186	-0.916494361697
-0.141734619478	-0.936629976235	0.320368152435
-0.946863318883	0.22266967038	0.232095212176
-0.288723606293	-0.270448922679	-0.918420568911
-0.101597101117	-0.943338796553	0.31589500858
-0.988334640917	0.13192482611	0.0760937004733
-0.113456507488	-0.304479110296	-0.945737587528
-0.15223202823	-0.932656945651	0.327071738455
-0.977168561881	0.191656337328	0.0917011057541
-0.148211005119	-0.305644422252	-0.940539274837
0.0515623835406	0.938866914049	0.340399452259
0.819683075682	-0.234501319367	0.522619175487
0.570493229439	0.252071547084	-0.781665094372
0.0466596114611	0.924186546805	0.379086768971
0.861478943827	-0.229337038729	0.453061337288
0.505649662362	0.305433745201	-0.806868948028
-0.00531099107913	0.94058804343	0.339512161261
0.874852703311	-0.160083357998	0.457175070603
0.484362594134	0.299450213273	-0.822026232108
0.0411316783022	0.924385718573	0.379241528765
0.862564198245	-0.224422764805	0.453457489537
0.504277798191	0.308466747331	-0.806573875453
0.0740844530496	0.937463228756	0.340109128902
0.804564480835	-0.25769376012	0.535042021063
0.589226205299	0.234001416353	-0.77334072409
0.0165663624366	0.919560588021	0.392581222447
0.88243964972	-0.198045842537	0.42668632377
0.470119086894	0.339365996011	-0.814735037227
0.0725190264413	0.942914400625	0.325045381925
0.872924242544	-0.217649299422	0.436615920937
0.482436870477	0.252076632654	-0.838876731964
0.0464088916525	0.94018068126	0.3374925442
0.889986417802	-0.192333440013	0.413431272534
0.453613389279	0.281178817776	-0.845673186515
0.947282540434	0.0519136547853	-0.316165961111
0.018310455959	-0.993947918767	-0.108342439041
-0.319876022423	0.0968417747757	-0.942500224314
0.947377185864	0.0830517574308	-0.309157959475
0.0317016556022	-0.985348088819	-0.167557436922
-0.318545512213	0.148939233325	-0.936128955726
0.941562012489	0.0473647518668	-0.333492961094
0.00171496596909	-0.990725555333	-0.135867107667
-0.336835321352	0.127355378114	-0.932910774833
0.936779465032	0.0581996532588	-0.345046330937
-0.00642767190348	-0.983041990452	-0.183262462077
-0.349861194142	0.173894351068	-0.920519398233
0.954918317745	0.0923592599451	-0.282136266877
0.0537820982157	-0.988471080141	-0.141551406248
-0.291956489732	0.119996174113	-0.948876509269
0.955140204615	0.0164609927042	-0.295697154461
-0.00362399678576	-0.997742665325	-0.0672484540592
-0.296132804809	0.0653033203233	-0.952925060561
0.92946211242	0.0824825984874	-0.359578450777
0.0166600157955	-0.983073708923	-0.182440630048
-0.368541022398	0.163581051976	-0.915103789847
0.937545809125	0.0600833445286	-0.342633847461
-0.00992541020159	-0.979950894795	-0.199000221206
-0.347720358834	0.189972612547	-0.91815260809
0.807424106905	0.235936668659	0.540740418403
-0.558970215773	0.0127303266868	0.829090005542
0.188728931515	-0.971685045575	0.142160343142
0.817619731376	0.152568500994	0.555176399376
-0.560057986022	-0.0128964679671	0.828353048277
0.133540384199	-0.988208769846	0.0749027954965
0.809033068513	0.117932746852	0.575810185501
-0.577345622039	-0.0241757461421	0.816141906384
0.110170482526	-0.992727276679	0.0485289711679
0.800407740875	0.12332450396	0.586633203474
-0.589039499102	-0.0198353033889	0.807860774524
0.111265076247	-0.992168145649	0.0567666734236
0.84005667372	0.18602381411	0.509607614346
-0.522841202589	0.0270394180444	0.852001124883
0.144713015623	-0.982173090911	0.119975562153
0.874302311194	0.107390342383	0.473352707558
-0.483467185767	0.106142186751	0.868903525152
0.0430691499341	-0.988534860335	0.144720064006
0.8000114371	0.172539633719	0.574640557178
-0.57717649916	-0.0402488364263	0.815626931965
0.163856595763	-0.984179901302	0.0673862964012
0.875538331947	0.119792179247	0.468062457943
-0.470357476692	-0.010107343483	0.882418096772
0.110437651479	-0.992747544536	0.0474957794424
0.153359749816	-0.699300963365	-0.698182580768
0.987153571165	0.0763725614657	0.14033895412
-0.0448171885302	-0.710735786171	0.702029949513
0.126316320739	-0.726452655477	-0.675507733149
0.990612678843	0.056503726873	0.124474166526
-0.0522558964022	-0.684889653132	0.726770579536
0.217540029764	-0.674002652552	-0.70597220515
0.975097829912	0.118109210791	0.187708365258
-0.0431341186646	-0.72922605044	0.682912009702
0.196510880243	-0.703731604187	-0.682748324074
0.979185752304	0.104788445597	0.173823507138
-0.0507809732339	-0.702695651344	0.70967605553
0.0890192386642	-0.697955216779	-0.710587144911
0.995994184599	0.0563347447725	0.0694404836616
-0.00843560238197	-0.713922202972	0.700174213117
0.120094913866	-0.686491718603	-0.717151548641
0.983828971075	-0.0143935867653	0.178531212665
-0.132882576363	-0.726995157145	0.67366183412
0.0658346225164	-0.677191773913	-0.732855446201
0.994119366147	-0.0187714782923	0.106650451327
-0.0859795878944	-0.735567083454	0.671973642807
0.226396627568	-0.679493234175	-0.697877889013
0.972683801634	0.119987537595	0.198719033014
-0.051291571444	-0.723803824772	0.688096804639
-0.410618965945	0.390948667424	-0.823742194885
-0.879216805799	0.0696102919706	0.47130904431
0.241598577386	0.917776414105	0.315145332855
-0.404277555238	0.341473203644	-0.848502092776
-0.87999825503	0.107665744627	0.462613463908
0.249324730816	0.933704555541	0.256968928478
-0.456523847957	0.420876666769	-0.783867897305
-0.864251807467	-0.000521689810461	0.503059232243
0.211316971269	0.907117748268	0.3639815383
-0.44444017955	0.429902397538	-0.785911508025
-0.852075822209	0.0678953074945	0.518996192866
0.27647741872	0.900318934375	0.336134010674
-0.443635480287	0.370333214603	-0.816113244544
-0.832585881151	0.166675545096	0.528223426616
0.331644792308	0.913823039806	0.234391042741
-0.454382798822	0.388632826804	-0.801561478549
-0.839887059929	0.112959800296	0.530876457979
0.296860244101	0.91444224148	0.275080688844
-0.526205523627	0.406947097267	-0.746660496114
-0.819852420603	-0.00971454214183	0.572492528624
0.225720723154	0.913400102324	0.338748353503
-0.476504038831	0.415309012258	-0.774895036952
-0.820783883012	0.105702335792	0.561374054747
0.31505191849	0.903518365222	0.290511357762
-0.262461838706	0.912941328885	0.312493027283
-0.198660053609	-0.368031845274	0.908342843347
0.944271118475	0.176325460368	0.277959304127
-0.27719556165	0.881721910522	0.38174481825
-0.234070363953	-0.447314366035	0.863203879488
0.931865708391	0.149921130431	0.330378514847
-0.196943638671	0.90301338162	0.381811537036
-0.171262082199	-0.415137770188	0.893493115547
0.965340621957	0.110577940586	0.236410684181
-0.22102637259	0.881088966663	0.418126157482
-0.189080035154	-0.459308372953	0.867919609779
0.956763288934	0.112773851389	0.268115669668
-0.222699801598	0.893542335268	0.389854828178
-0.164932771686	-0.428665765317	0.888280765382
0.960833946525	0.133520157305	0.242838277278
-0.231153969523	0.898692893397	0.372718153809
-0.176477489461	-0.415468572848	0.892323619341
0.956777630662	0.140487826084	0.254636355406
-0.23517439044	0.879322319286	0.414107854654
-0.116998166783	-0.448570373662	0.886056492527
0.964885736992	0.159927914341	0.208371324961
-0.241469118474	0.896491235446	0.371478266283
-0.188758233238	-0.418885823802	0.888203222711
0.951873398587	0.144354079325	0.270368113537
0.146698362121	0.781920816985	-0.605871410103
0.669757690516	-0.529257345296	-0.520876782903
-0.727945716114	-0.329374897251	-0.601339004562
0.175377973039	0.786949578412	-0.591566915511
0.664777282365	-0.537864512891	-0.518430429945
-0.726162667274	-0.302339720974	-0.617475107084
0.0928550206351	0.746797866963	-0.658537559897
0.623906679296	-0.559086104141	-0.546044507897
-0.775963418871	-0.360162595189	-0.517846561188
0.110860307455	0.734215337167	-0.669804404923
0.640170055757	-0.568271155618	-0.516962655656
-0.760192345329	-0.371478029363	-0.533021445518
0.105876396136	0.800025557311	-0.590550639799
0.614917908938	-0.519395515501	-0.593384831489
-0.78145180004	-0.30031433636	-0.546942137303
0.172999664979	0.810043165559	-0.56026942405
0.633878598088	-0.526953109678	-0.566144440812
-0.753836640446	-0.257199679059	-0.604632028311
0.0870394504598	0.791595618097	-0.604815910291
0.604116479723	-0.524692155726	-0.599786948091
-0.792129526567	-0.313173245317	-0.523885762782
0.13828305204	0.744910434759	-0.652674060737
0.627083198107	-0.575931918237	-0.524465389969
-0.766577881251	-0.336757667782	-0.546760987481
-0.137464133985	0.455400439322	-0.879610211072
-0.934565959156	-0.353845834705	-0.0371440247481
-0.32816177648	0.816947764825	0.474242797668
-0.116114920335	0.519297856708	-0.846668188256
-0.924400132279	-0.36831738151	-0.0991294735554
-0.363320355099	0.771149786424	0.522806187074
-0.142565967239	0.409424425355	-0.901136281334
-0.910559712657	-0.411161004746	-0.0427510638519
-0.388015421473	0.814443542363	0.431422942468
-0.115738783468	0.432276495135	-0.894282693158
-0.916338137948	-0.393912352005	-0.0718153034435
-0.383313084136	0.811153532089	0.441702401693
-0.0784166454657	0.486768788892	-0.870004007832
-0.942737989825	-0.319994987384	-0.0940653382482
-0.324184993521	0.812809541947	0.483988364973
-0.100905225897	0.499433179188	-0.860456053747
-0.929683099699	-0.35530345549	-0.0972047880542
-0.354270313514	0.790142984663	0.500166574427
-0.118535228727	0.419586899267	-0.899942338462
-0.927318034185	-0.370817825068	-0.0507481862115
-0.355007946487	0.828517319609	0.433045492318
-0.152811250884	0.427664096433	-0.890927672727
-0.91877130143	-0.393545578981	-0.0313232132006
-0.364016473634	0.813772246171	0.453063711641
0.903960462626	0.0856172784699	0.418957233449
0.162338373019	0.837692249135	-0.521457522803
-0.395603001098	0.539389819212	0.743341703379
0.904107162983	0.184998913109	0.385182607133
0.0610183574252	0.836288688893	-0.544883464909
-0.422926706116	0.516136253738	0.744806264127
0.952266812337	0.090966978474	0.291398228374
0.0868306545451	0.834423163077	-0.54424114532
-0.292657403979	0.543565079503	0.78669476336
0.949676585613	0.137276072683	0.281548684592
0.0363477400269	0.844481185109	-0.534350416189
-0.31111609364	0.517693737025	0.79699433351
0.925941431184	0.107218210396	0.36212804434
0.105360899863	0.847450741902	-0.52031367368
-0.362672780779	0.519934124286	0.773393145685
0.919874627978	0.153240184334	0.361037552287
0.0653433753525	0.847773199293	-0.52631819731
-0.386731058429	0.50773816818	0.769831825432
0.951587924474	0.141267922512	0.272990467419
0.0275030981659	0.845435667513	-0.533368642922
-0.306143758427	0.515055243377	0.800621066613
0.947628574403	0.13625212345	0.288851938976
0.0359876263492	0.853115157809	-0.520479985167
-0.317340471016	0.503616801809	0.80353291032
-0.00378825847591	-0.833710199074	-0.552189220617
-0.0446994657081	0.551782432395	-0.832789347414
0.998993287851	0.0215277346783	-0.039356691294
-0.0812574216146	-0.909654732115	-0.407339573641
-0.0705522776312	0.41291545625	-0.908032608211
0.994192957144	-0.0450456412435	-0.0977306660432
-0.0935677428494	-0.848095247115	-0.521516607515
-0.0134931211948	0.524846693401	-0.851089832282
0.995521499403	-0.0725976497892	-0.0605521822942
-0.0493303576306	-0.910097161618	-0.411448290126
0.0167357396956	0.411138794837	-0.911419123908
0.998642305358	-0.051846512159	-0.00505048159492
-0.00284471997385	-0.849147910138	-0.528147446026
-0.0343395042024	0.527921046921	-0.848598940714
0.999406171928	0.0157222911277	-0.0306611036641
0.0198315781558	-0.897910772416	-0.439730536719
0.00359826901601	0.439878288728	-0.898050187232
0.999796855668	0.0162274799481	0.0119544075295
-0.110909289057	-0.860910908507	-0.496519422371
-0.00774730807388	0.500335467316	-0.865796973414
0.993800336283	-0.0921782380412	-0.062161592898
-0.128385476422	-0.869030424127	-0.477810929481
-0.0220633844968	0.484181767645	-0.874689213218
0.991478879984	-0.101755268158	-0.0813356575414
0.938656412157	-0.162179876864	0.304338342888
-0.00832524038904	0.871600028882	0.490146997308
-0.344753288286	-0.462613311673	0.816782769512
0.94056563297	-0.0930837748708	0.326606339784
-0.107506713098	0.830639186172	0.546334009344
-0.322146856217	-0.548975367373	0.771263541233
0.897357931438	-0.219766206193	0.382689900037
-0.0231396659194	0.842555903416	0.538111613596
-0.440696381692	-0.491734041369	0.750988905906
0.908879639499	-0.203675092804	0.363942655278
-0.0180844288795	0.852574295688	0.522293042183
-0.416666237163	-0.481283206701	0.771204070842
0.882707519036	-0.198040038248	0.42615440672
-0.0593935920792	0.852570843838	0.519225727936
-0.466154305285	-0.483635295013	0.740808385137
0.896179944536	-0.156980005711	0.414992511692
-0.0964457668953	0.84403208839	0.527549095089
-0.433081656275	-0.512803189819	0.741264573122
0.93894251959	-0.11335980831	0.324863815907
-0.0704556399428	0.860817089164	0.504013831234
-0.336783235666	-0.496128504658	0.800270928767
0.953615920363	-0.0851417198846	0.288734416951
-0.0851834207842	0.843638949145	0.530110466645
-0.288722116958	-0.530117165878	0.797254869992
-0.951393994292	-0.277078783408	-0.13445988984
0.250354105338	-0.950054993656	0.186335653374
-0.179373733114	0.143615812371	0.973241798628
-0.958531078809	-0.243676275449	-0.147779441568
0.229429125352	-0.967418298245	0.107064590129
-0.169053739997	0.0687198865146	0.983208217629
-0.978722528258	-0.170481229939	-0.114166585531
0.157948305093	-0.981174774735	0.111103714069
-0.130958741333	0.0907075112661	0.987229419826
-0.954386881428	-0.241573625927	-0.17546410985
0.226471742864	-0.968680874159	0.101821914232
-0.19456623621	0.0574398449723	0.979206128301
-0.97439541691	-0.222441690695	-0.0327997967281
0.214235765207	-0.962764225825	0.164895810166
-0.0682581081667	0.153646625558	0.985765470884
-0.985112352313	-0.156541413907	-0.0710442426486
0.146507137176	-0.980705460349	0.129426839261
-0.0899341839237	0.117091561167	0.989040647542
-0.950571811453	-0.218459070345	-0.220652435729
0.183858632425	-0.968666325757	0.166973565186
-0.250215639183	0.118151609267	0.960953850995
-0.944934209805	-0.219643067072	-0.242596418999
0.192224313071	-0.972468211125	0.131727393638
-0.264850736998	0.0778409651625	0.961142448614
0.198584936696	-0.103464825252	0.974606956547
0.309118786654	-0.937043553472	-0.162462763465
0.930058743065	0.333532013022	-0.154099484239
0.161012847597	-0.0704449116051	0.984435104551
0.303616285437	-0.945543846705	-0.117320977729
0.939091109457	0.317780702729	-0.130856581216
0.150321485164	-0.156619548224	0.976152598244
0.226266295292	-0.955714726347	-0.188183998845
0.962396561486	0.249158525683	-0.108226858794
0.194230738682	-0.0711659637523	0.978370928359
0.254016593354	-0.959697067657	-0.120236176898
0.947496616435	0.271876026044	-0.168325183751
0.164381237727	-0.109430935183	0.980307966864
0.309945810637	-0.937759659999	-0.156654032647
0.936436027682	0.329593328059	-0.120232464143
0.183319206815	-0.138612802949	0.973232019015
0.304854784283	-0.933186604753	-0.190332156106
0.934589552947	0.331585976795	-0.12881425559
0.190660937467	-0.0766119933067	0.978662168459
0.249893146163	-0.960319575101	-0.123859825978
0.949316834883	0.268176142623	-0.16395124393
0.157103173013	-0.133924258489	0.978459555027
0.231104361277	-0.958267943684	-0.168267113119
0.960161227104	0.252561557144	-0.1195966686
-0.386743510077	-0.239344313041	0.89058624494
0.841944680318	-0.485650185591	0.235102450593
0.376242893814	0.840748658521	0.38933664503
-0.346205901316	-0.21442009867	0.913326543237
0.850520517818	-0.482587728633	0.209102367576
0.395924490358	0.849195485529	0.349443510475
-0.357623990071	-0.20878669863	0.910226967505
0.850164127896	-0.4761075031	0.224816662493
0.386427190474	0.854242173257	0.347770477798
-0.325519179889	-0.245223217449	0.913182792339
0.874552048006	-0.445220756416	0.192190442552
0.359438386831	0.86118756639	0.359388382564
-0.346098330803	-0.24843945	0.90470647525
0.864341880944	-0.459454241867	0.20448700577
0.364868578427	0.852748299538	0.373752950493
-0.362119069641	-0.213013255302	0.907466351144
0.848389080461	-0.478613170902	0.226197813243
0.386142193429	0.851795066684	0.354033038905
-0.345052784224	-0.287676151433	0.893409679279
0.857232395968	-0.484221783075	0.175161968777
0.382218579397	0.826299901912	0.413687518528
-0.335511679617	-0.24693707677	0.909095191698
0.867740575947	-0.456648659219	0.196210031004
0.366685533266	0.854689512939	0.367488219542
0.608284646528	0.507447618807	-0.610316853449
0.186452600921	-0.838771284864	-0.511564233646
-0.771508376524	0.197381487742	-0.604826589859
0.557763384963	0.586732712221	-0.587064571645
0.216317322683	-0.785623030047	-0.579658171257
-0.801315732266	0.196319902221	-0.565112270284
0.636030925331	0.513265277367	-0.5762145612
0.188243518691	-0.827358990659	-0.529188521726
-0.748350748754	0.22811152734	-0.622844612761
0.641202082249	0.484849108824	-0.594795000167
0.187128214607	-0.850500420009	-0.491560117488
-0.74420614204	0.203886388655	-0.636071477182
0.623937077013	0.535892582355	-0.568789603656
0.199071696816	-0.812822791476	-0.547438876887
-0.755693676417	0.228337479572	-0.613831283425
0.643889279079	0.538986307924	-0.543047175058
0.206682873314	-0.805897053446	-0.554807634558
-0.736674055704	0.244996084367	-0.630307620612
0.613359094583	0.531418007842	-0.584281978295
0.197769743434	-0.819553265381	-0.53779098303
-0.764642176316	0.214305655053	-0.607778780788
0.610654252605	0.542176403669	-0.577188173605
0.172538571624	-0.802449784979	-0.571231167076
-0.772872487379	0.249237541797	-0.583565760221
-0.451561998159	0.132860870188	0.882292382053
0.776359335607	0.545846031442	0.315148095578
-0.4397249598	0.827284793347	-0.349631120025
-0.429965975752	0.117049399728	0.895225465288
0.786408487672	0.53563154781	0.307669489417
-0.443498462448	0.836300342117	-0.322351969717
-0.328099442033	0.0986582996913	0.939477135318
0.825223139174	0.513950430045	0.234225794924
-0.459736357552	0.852127626789	-0.250041959354
-0.352752968738	0.117935680717	0.928254593662
0.797417514891	0.55693291241	0.232273678517
-0.489582191655	0.822141672706	-0.290503729197
-0.355032143999	0.0341991231653	0.934228368243
0.77885034763	0.5635350504	0.27535504029
-0.517053536931	0.825383960463	-0.226709065991
-0.31174294776	0.0422102201839	0.949228420014
0.772585063066	0.592803010488	0.227369521135
-0.553108141666	0.804240558618	-0.217413136199
-0.360735395496	0.0819170008957	0.929063805436
0.773842191285	0.582328770675	0.249121372449
-0.520613304282	0.808815677511	-0.273457426268
-0.326232332086	0.128238038174	0.936550863991
0.807009742609	0.553706110906	0.205292072008
-0.492247692337	0.822778563807	-0.284126191195
0.690808854737	-0.274554978093	-0.66888168008
0.548279871265	-0.404161751571	0.732149243381
-0.471351589271	-0.872509539101	-0.128665559774
0.745249257123	-0.288356745641	-0.601210392108
0.465365534623	-0.420807005737	0.778688900049
-0.477533734431	-0.860099919264	-0.179414820804
0.719718182377	-0.341853204157	-0.604269922751
0.492513206814	-0.362041172734	0.791427193223
-0.489322484511	-0.867215456427	-0.092200411449
0.718913160745	-0.424504600367	-0.550417752142
0.45070851604	-0.318150759532	0.834051486592
-0.529174537535	-0.847688558956	-0.03739491995
0.774946209452	-0.212777207806	-0.595133795575
0.466991294906	-0.441737089826	0.766020553872
-0.425884380178	-0.871547025874	-0.24295738174
0.757008788529	-0.249003112931	-0.604098615345
0.484602778535	-0.406203869178	0.774698989589
-0.438289669451	-0.879201812546	-0.186832292062
0.742513165913	-0.327924887235	-0.584071446452
0.481134464447	-0.345560283726	0.805665968991
-0.466029841695	-0.879234493637	-0.0988070833221
0.71110898057	-0.335958887361	-0.617620954126
0.519088994242	-0.341611949145	0.783484453344
-0.474205264658	-0.877743070937	-0.0685307632006
-0.99551319084	0.00625023240557	0.0943469904821
-0.0928242710013	-0.254571806672	-0.962584352087
0.0180020757477	-0.967029428076	0.254017963399
-0.989971132462	0.000215040120796	0.141287648858
-0.136071853622	-0.270657984919	-0.95301204367
0.0380354652122	-0.962677234843	0.267969619481
-0.992482662956	0.0571186647875	0.108267725853
-0.119582962884	-0.263391386438	-0.95725068486
-0.0261602239336	-0.962998658778	0.268237826865
-0.997464365975	0.0144417343423	0.0698592356816
-0.0710216135025	-0.292938005449	-0.953498198665
0.00669379685447	-0.956030501998	0.293205351321
-0.980567419871	0.00143553035682	0.196187912088
-0.190730287941	-0.241306166762	-0.951522956934
0.045975154799	-0.970449338998	0.236888143456
-0.989929161009	0.0165570383226	0.140580553393
-0.140148818001	-0.254141303748	-0.956957925768
0.0198830662477	-0.967024315805	0.253904363438
-0.986469929875	0.0725176450887	0.147021063285
-0.161630797657	-0.28047658633	-0.946153469195
-0.0273767629102	-0.957116551509	0.288404781431
-0.991838594423	-0.00124069379307	0.127390155177
-0.121171028299	-0.299563456148	-0.946341421217
0.039336660485	-0.954066540808	0.296985422072
0.71059285864	0.6465380497	0.277572277205
0.311134756329	-0.642574573254	0.700209432119
