-0.223085416924	-0.857439098884	0.463714481212
0.686409296463	0.199596667648	0.699287829644
-0.692152588748	0.474298832662	0.544027042541
-0.204247715453	-0.833495669356	0.513388562142
0.698817796717	0.243113241446	0.672718086304
-0.685519170822	0.496166207852	0.532806298056
-0.155049627889	-0.879080007839	0.450752640276
0.679580678177	0.236254545871	0.694517015483
-0.717028384895	0.414007394578	0.560774614875
-0.145304763631	-0.868163061859	0.474530754853
0.686424004314	0.256954632801	0.680291416831
-0.712536753845	0.424578877874	0.558591224538
-0.189072396756	-0.8569772752	0.479417904307
0.69373006504	0.228962893838	0.682872284283
-0.6949749449	0.461698938241	0.551220370552
-0.184171233278	-0.858820710817	0.478025042781
0.700029339155	0.226785098112	0.677146544187
-0.689956432811	0.4593424699	0.559432404705
-0.199822584778	-0.860693742895	0.468270425809
0.684527287817	0.219316355915	0.69521414883
-0.701065833556	0.459463384221	0.545344007518
-0.208914835003	-0.848577901717	0.486076258236
0.693267598753	0.222052641096	0.685618447974
-0.689735181517	0.480216788962	0.541901478215
0.818871023765	0.193438110752	-0.540399799546
0.227553395433	0.754941411165	0.615047085513
0.526943733493	-0.626614045869	0.574182147336
0.80053821936	0.126223907265	-0.585837936489
0.334100336227	0.717550284475	0.611145284843
0.497509324463	-0.684973809052	0.532254977062
0.764860625486	0.239666103306	-0.597953494966
0.263799398127	0.7302938776	0.630143419762
0.587705794394	-0.639711662273	0.495349258206
0.760771845048	0.245809293004	-0.600669614551
0.259772113176	0.732808773434	0.628895654899
0.594764359715	-0.634483322876	0.493645883152
0.778675313998	0.164406284685	-0.605504196926
0.292959302659	0.758130575185	0.5825915223
0.554832953171	-0.631037723458	0.542173213126
0.794761670257	0.203409695502	-0.571820235612
0.305008032795	0.680686103415	0.666060452476
0.524713241695	-0.703769083008	0.478941633407
0.791907923464	0.155584138503	-0.590487438227
0.298872467747	0.744502478112	0.596985180535
0.532500785803	-0.649237732731	0.543077596069
0.789601951783	0.213822008417	-0.575159898016
0.277549908803	0.711506741411	0.645541793812
0.547261187819	-0.669356637489	0.502460832783
0.924420617847	-0.208355034846	0.319428710559
0.0724070489828	0.918223196087	0.389388471622
-0.374437899968	-0.336829841357	0.863910827409
0.936099250129	-0.178670779633	0.302976807634
0.0532569765875	0.923442330626	0.380023625468
-0.347680726965	-0.339604201938	0.873949138815
0.964444455739	-0.143194498353	0.222131104379
0.0582728592232	0.935029372994	0.349748975258
-0.257781236262	-0.324369245548	0.910128247567
0.975198389413	-0.13080783263	0.178542464922
0.051778207718	0.91911555396	0.390570882522
-0.215190887501	-0.371639486588	0.903093003111
0.949773440436	-0.136385677242	0.281654679477
0.00724620572328	0.909375934227	0.415912132551
-0.312854445279	-0.392981369207	0.864689388398
0.95612545649	-0.164899107538	0.242141272209
0.0523851844445	0.909453807175	0.412491896776
-0.28823584757	-0.381709387871	0.878190206717
0.956135449173	-0.151160938083	0.250909094357
0.0440300951012	0.920997293875	0.387072777907
-0.289596881128	-0.359046453079	0.887253791745
0.963247736868	-0.159432424448	0.216183022443
0.05967134402	0.911703407194	0.406492592043
-0.261902897771	-0.378653137737	0.887709790767
-0.652842411934	0.707199463767	-0.271415398724
0.284203151387	-0.103456372599	-0.953166175604
-0.70215807975	-0.69940410924	-0.133447910383
-0.688805152187	0.691682414272	-0.21707733114
0.265299246767	-0.0381605875094	-0.963410543269
-0.674658016756	-0.72119276411	-0.157217459732
-0.537176528752	0.809715304296	-0.23622593928
0.264183524768	-0.104456631443	-0.958799256852
-0.801029733306	-0.577451362183	-0.157801884863
-0.52959616997	0.828141639854	-0.18360119802
0.278243492271	-0.0348708255952	-0.959877407724
-0.801316750469	-0.559433198148	-0.211957601137
-0.627812269551	0.744989895508	-0.225481159298
0.21522388725	-0.11223981884	-0.970093223744
-0.748017630784	-0.657565388375	-0.0898740571871
-0.645196715276	0.727691738565	-0.23277850171
0.266073374707	-0.0715935621133	-0.961290411433
-0.716188562116	-0.68215762802	-0.147427417171
-0.596159288809	0.765154827959	-0.243171204002
0.243857790357	-0.116001280917	-0.962848436079
-0.764936287077	-0.633310209951	-0.117433745895
-0.593226138821	0.770683190423	-0.232660120272
0.290926507311	-0.0642406338107	-0.954586446905
-0.750629788184	-0.633972347402	-0.18610320581
0.542352941866	-0.76533299596	0.346581426921
0.575867117337	0.63901420307	0.509939120395
-0.611743690905	-0.0769821319151	0.787301343258
0.561395832583	-0.740838471936	0.368772387346
0.5482783875	0.666756442164	0.504803579228
-0.61985927836	-0.0812046938368	0.780500013282
0.509278863237	-0.76166367731	0.400628836614
0.588821111107	0.647892147846	0.483244711704
-0.627634225624	-0.0102075923391	0.778441440333
0.567218749551	-0.740579918512	0.360283611917
0.561450823656	0.667777699478	0.488718652941
-0.60252457986	-0.0749288556799	0.794575232666
0.554425665321	-0.726349116821	0.406237794325
0.558637736779	0.686625901748	0.465262025631
-0.616876052454	-0.031013447755	0.786449047048
0.522643911532	-0.757450244067	0.391295891786
0.586987891557	0.652563049448	0.479172918277
-0.618294882989	-0.0207508604206	0.785672222939
0.550267083322	-0.729861906392	0.40559551227
0.557017871516	0.68273455154	0.472868493704
-0.622042774082	-0.0342800105529	0.78223248514
0.511797917138	-0.781870479166	0.356007654005
0.535334949911	0.614349938573	0.579647002451
-0.671922158665	-0.106078790791	0.73298561034
0.25150480738	-0.952414434215	-0.172197918694
-0.764225821754	-0.086249472073	-0.639155684052
0.59388910671	0.292348833742	-0.749551863108
0.234105321777	-0.95254428826	-0.19456092883
-0.780991868598	-0.0650723456411	-0.621141788237
0.579004557243	0.29736307574	-0.759163120298
0.187898744101	-0.969523484205	-0.157220492015
-0.787603611444	-0.0530915792024	-0.613890743759
0.586834406604	0.239176728818	-0.773576039021
0.191469303957	-0.962329006604	-0.193034405032
-0.792486405781	-0.0355462457667	-0.608852711096
0.579055001816	0.269553724155	-0.769438665611
0.302553252245	-0.936161885642	-0.179060342163
-0.768342802905	-0.128384348519	-0.62703033686
0.564013314992	0.327289825675	-0.758136356779
0.282504865975	-0.936155123751	-0.209295760158
-0.779219789546	-0.096701923625	-0.619245877362
0.559470866557	0.338027397298	-0.756789367696
0.262084059723	-0.953641833177	-0.147915999513
-0.71224677693	-0.087722570062	-0.696426016039
0.651165430326	0.287874835783	-0.702219004572
0.223766104364	-0.956213077095	-0.188640534379
-0.793152113941	-0.0661715922166	-0.605418039552
0.566426009439	0.285092668542	-0.773229381525
0.947149978091	-0.182684596298	0.263691569766
-0.0856250558471	-0.936152490821	-0.341007882662
0.309152479371	0.300406998091	-0.902319179013
0.941769361353	-0.211312947431	0.261566977773
-0.120339287081	-0.93815422439	-0.324629473406
0.313988696609	0.27424929766	-0.908954135879
0.947608353289	-0.161715027041	0.275475433777
-0.0691968762343	-0.945829108348	-0.317208390263
0.311849734496	0.281527299854	-0.907465786902
0.950769602876	-0.15896244229	0.266022799877
-0.0587284515911	-0.935286568874	-0.348985701551
0.304283021358	0.316181898366	-0.898577680338
0.959223939585	-0.140909922455	0.245018017448
-0.0536848205669	-0.941917581151	-0.331525680282
0.27750202731	0.304853621266	-0.911074618082
0.944188999294	-0.211042465316	0.252919350241
-0.123225832032	-0.938354112934	-0.322965132181
0.305487338875	0.273773921545	-0.911989504158
0.946075065433	-0.1498656036	0.287197265089
-0.0504926206207	-0.943938743764	-0.326236200654
0.31998822397	0.294142591632	-0.90060401372
0.932555534559	-0.227754586371	0.280121436749
-0.128253065976	-0.934285548758	-0.33265830674
0.33747788373	0.274295910217	-0.900483380324
-0.995028275601	0.094246497178	0.0322758663746
-0.0792229792238	-0.552187967413	-0.829949620105
-0.0603974613992	-0.828378084041	0.556904925949
-0.993215322187	0.112379470043	0.0300219108758
-0.0916918803527	-0.5975806095	-0.796552405254
-0.0715755509737	-0.793897972004	0.603824783397
-0.993235052847	0.0833181017375	0.0810077099596
-0.114497674134	-0.582513654028	-0.80472605554
-0.0198604573961	-0.808549216665	0.588096815765
-0.993284356195	0.0660067695353	0.0951212620064
-0.115638199153	-0.524975608128	-0.84323352075
-0.00572319899876	-0.848562354807	0.529068622491
-0.996429067291	0.0756827091542	0.0372624215564
-0.0732813606295	-0.557759851365	-0.826755005614
-0.0417875903764	-0.826538640754	0.561324211432
-0.993860213478	0.0896910989856	0.0649432209375
-0.104771736803	-0.571792652581	-0.813690359073
-0.0358468736467	-0.815490419346	0.577663106515
-0.997416399554	0.0706275978709	0.0133411300266
-0.0522372817968	-0.58479555791	-0.809499819751
-0.0493711426026	-0.808102984901	0.586969537826
-0.991883971314	0.0730004394889	0.104073976527
-0.126096076286	-0.46109141845	-0.878345193978
-0.0161318412171	-0.884342374917	0.466558456039
-0.992979877882	0.0276917438139	-0.114930497758
0.0348855177988	0.9975242581	-0.0610601046499
0.112955091246	-0.0646413416978	-0.991487541772
-0.99222040087	-0.02066084179	-0.12273816578
-0.0207698046686	0.999784207195	-0.00039176962486
0.122719774024	0.00216052908768	-0.992435408494
-0.97907422324	0.00437607962337	-0.203462409088
-0.0106084838353	0.99731207203	0.0724989266417
0.203232778004	0.0731401683114	-0.976396121984
-0.981886878622	-0.0193269616219	-0.188478906751
-0.0305923158529	0.997902792979	0.0570449439391
0.186981121898	0.0617776980206	-0.980418914785
-0.986496286864	0.0194398609051	-0.16262418014
0.0264585890868	0.99880444116	-0.0411051220018
0.161630675374	-0.0448528683502	-0.985831223544
-0.980959301447	0.00624573421143	-0.194105151241
0.00776694160365	0.999944794042	-0.00707696270778
0.194050234611	-0.00844982764333	-0.980953656856
-0.980965785035	-0.0163339059901	-0.193492918203
-0.0387513619017	0.992879277959	0.112645781049
0.190275163462	0.117999760815	-0.974613562053
-0.989554885756	-0.013124874879	-0.143515899434
-0.0183283538486	0.999219394177	0.0349952713406
0.142944559799	0.0372603707767	-0.989022986826
-0.847006955818	-0.259176652875	-0.464120419446
-0.529451768842	0.333207727972	0.780162691977
-0.0475512945387	0.90653210869	-0.419451121869
-0.859807780676	-0.28394433382	-0.424387034635
-0.50551506403	0.356162262196	0.785876787991
-0.0719948603317	0.890237845272	-0.449768700867
-0.840249896789	-0.309667566767	-0.445067490214
-0.533289739838	0.323820663965	0.781499743762
-0.0978832270447	0.894005477729	-0.437232511174
-0.8526748366	-0.276070603978	-0.443539979276
-0.517652163159	0.331783987441	0.788640961627
-0.0705615304083	0.90205507038	-0.425811536256
-0.88690742749	-0.264200699461	-0.378938810006
-0.457880777252	0.394154974803	0.796861032045
-0.0611704597627	0.880250135458	-0.470551779972
-0.855983329494	-0.259763140856	-0.447008472107
-0.517002721011	0.432225863455	0.738843198554
0.00128450390562	0.863541658656	-0.50427661318
-0.899198140046	-0.233581558814	-0.36997756267
-0.429213122478	0.306687012588	0.84954078784
-0.0849696239277	0.922704237605	-0.376028993478
-0.88795181975	-0.265002842805	-0.375926657168
-0.449198212287	0.324019688816	0.832606918855
-0.0988348336502	0.908177740618	-0.406754450737
0.865506286351	-0.0326207744965	-0.499834726778
-0.482636300761	0.212678533207	-0.8496058186
0.134018917355	0.976577560096	0.168330637285
0.876611794036	-0.0126937912126	-0.48103079721
-0.468612066964	0.204618515835	-0.859379996557
0.109336594495	0.978759477835	0.173422541402
0.889746079768	0.0182563623331	-0.456090584229
-0.44818242845	0.224320640132	-0.865339688831
0.0865125806825	0.974344380326	0.207770590018
0.886993628353	0.017744422857	-0.461440614634
-0.454289234277	0.212805026713	-0.865063770462
0.0828468285268	0.976933554958	0.19681780214
0.900563467388	0.0148505995147	-0.434470832021
-0.424133990136	0.249271276	-0.870617144237
0.0953719172172	0.968319840302	0.230783247452
0.902795415069	0.00869524896783	-0.429982362591
-0.427006305673	0.137253547511	-0.893771272288
0.0512450427781	0.990497786417	0.1276247991
0.882672432345	0.00650215061498	-0.46994372218
-0.463320567216	0.179874575362	-0.867743745994
0.0788887316068	0.983668073464	0.161782907878
0.922446376092	0.00207236162182	-0.386119652068
-0.377599897703	0.21381414303	-0.900944948766
0.0806907531868	0.97687214556	0.198014606062
0.234305803983	0.651403771522	0.721646664909
-0.343593282816	0.749890014251	-0.565339384811
-0.909419836232	-0.115490650968	0.39952154507
0.242406391076	0.624000858536	0.742874203722
-0.356821913252	0.769384745904	-0.529835105275
-0.902173639735	-0.136638373469	0.409160956554
0.220763162862	0.668161383106	0.710509683817
-0.368990996645	0.731553757646	-0.573301622645
-0.90283403185	-0.13560778834	0.408045650531
0.244968389315	0.61637358285	0.748380981953
-0.323873207798	0.779582275756	-0.536057478696
-0.91383621785	-0.111063412338	0.390599904019
0.241996631411	0.62763506966	0.739940425176
-0.308499358126	0.772805119892	-0.554617334418
-0.91992704032	-0.0940556268019	0.380641255959
0.238046751044	0.665946374936	0.707000137139
-0.296583910184	0.742997580675	-0.599993822792
-0.924863099289	-0.0668582745576	0.374377133799
0.237247245868	0.616413237315	0.750831838981
-0.367112962742	0.772474261383	-0.518181033697
-0.899411920174	-0.152703084316	0.40956068471
0.218179551933	0.612412404292	0.759834663845
-0.352804470784	0.775429714741	-0.523677151425
-0.909904761338	-0.153817426188	0.385244745374
-0.491673402402	0.771682904806	0.40343564042
0.841001318541	0.300700128131	0.449772241782
0.225768916692	0.560431781481	-0.796832272674
-0.496166039364	0.764017609824	0.412416917955
0.824669985045	0.266161249215	0.499072507665
0.271532756959	0.587733820722	-0.762121212914
-0.503311463681	0.773516446373	0.385139169016
0.815968185684	0.278796726709	0.506418615905
0.284351529398	0.569153935042	-0.771483733208
-0.514001236024	0.756523748655	0.404333388705
0.817955216188	0.290272152942	0.49668548494
0.258385246892	0.586019645029	-0.768004438607
-0.432055379673	0.779720101237	0.45316716577
0.864140841842	0.214159377487	0.455405362195
0.258039767994	0.588362135237	-0.766316028505
-0.498372144846	0.766551640004	0.404984698603
0.796772267788	0.220866353075	0.562464392375
0.34171329529	0.603001511287	-0.720838649486
-0.475010470252	0.790429083089	0.386744180714
0.838780251722	0.273823226174	0.470596136501
0.266076842343	0.547936947992	-0.793063011034
-0.522813259621	0.737411830291	0.427655224559
0.834952566489	0.341866262077	0.431255372666
0.171812136528	0.582538219594	-0.794435975872
-0.796741527323	0.593301678851	0.114875643881
-0.578391348168	-0.803736463388	0.139540331873
0.175119228096	0.0447344802945	0.983530419202
-0.801611292552	0.576525864154	0.158231205003
-0.549249949902	-0.814713425826	0.185920348125
0.236100992815	0.062127379435	0.969740433006
-0.818199611975	0.573081957171	0.0461165949086
-0.562672210862	-0.814646709122	0.140538239991
0.11810864949	0.089039789652	0.989000639251
-0.830744561878	0.556580241075	0.00900250479202
-0.541594688544	-0.811902103384	0.217920429701
0.128599390309	0.176160596008	0.975925012425
-0.771996613012	0.627264922535	0.102761646349
-0.618081623638	-0.778534684602	0.10889839729
0.148311649997	0.0205541083005	0.988727051904
-0.812716717034	0.566350582696	0.136888726518
-0.532776113891	-0.817450159934	0.218917373733
0.23588369684	0.104986768381	0.966093504498
-0.797589706186	0.603193215104	-0.00295082157332
-0.589624711303	-0.778597678328	0.21477536069
0.127253534004	0.173042483197	0.976659018497
-0.863838053972	0.503179377587	0.0243667632836
-0.49436956021	-0.856028075369	0.151043315869
0.0968605343747	0.118430820745	0.988226782598
-0.0870852339016	0.523055804698	-0.84783774178
0.473416281669	0.770557656845	0.426752776334
0.876523379874	-0.364216327241	-0.314727327987
0.0135632688951	0.506945243623	-0.86187152644
0.46185483649	0.761316761696	0.455068007232
0.886851801673	-0.404231741904	-0.22380916863
-0.00406937952872	0.533250634395	-0.845947514122
0.529719893658	0.718662676518	0.45046730226
0.848162879402	-0.446282104793	-0.285397980529
0.0419400651849	0.535764307941	-0.843325317274
0.543783099616	0.695861250147	0.469123700478
0.838177144159	-0.478261133812	-0.262155109844
0.000843478022056	0.538360085415	-0.842714507452
0.42196121447	0.763825256395	0.488384806515
0.906613509783	-0.356004781125	-0.226522805798
0.0121714337581	0.536956354815	-0.843522196256
0.405497744519	0.768455664939	0.495022688699
0.91401498989	-0.348071481395	-0.208381383373
-0.0538848763462	0.53347863053	-0.844095379877
0.532292736518	0.730551366983	0.427737247547
0.844843714667	-0.426257270972	-0.323332470193
0.0025570489713	0.499779666572	-0.866148794865
0.488684500366	0.755057855051	0.43712136964
0.872456823612	-0.424391231736	-0.24230385674
0.70972672132	-0.690949742896	0.13739156823
0.700959021943	0.673155950744	-0.235621573454
0.0703167105774	0.263532785648	0.962084212687
0.715585710609	-0.69387590592	0.0804569413383
0.682455125402	0.669906403824	-0.292370336415
0.148970111223	0.264124287007	0.95291461696
0.68368743812	-0.710527124134	0.16650132267
0.729373274121	0.65771992837	-0.188199681862
0.0242097414122	0.250111373441	0.967914350062
0.656961264233	-0.735140776755	0.167242140938
0.751203143476	0.619451104739	-0.227978428614
0.0639979107868	0.275405818809	0.95919544523
0.729834939355	-0.67872175059	0.0817174823912
0.668578361657	0.683714925175	-0.292466879892
0.142632170204	0.268087088061	0.952777716627
0.658898510881	-0.750113024241	0.0564198403101
0.728519366258	0.617647254009	-0.296262378938
0.187382711325	0.236309786194	0.953438725763
0.670366906606	-0.727787155899	0.144686076958
0.739551048485	0.639379051299	-0.210377445488
0.0606007577672	0.248032817574	0.96685431634
0.629313125482	-0.769720217404	0.107218335333
0.773626426044	0.607341611006	-0.180660772033
0.0739400935795	0.19663913279	0.977683953883
-0.196629804407	-0.927224337979	0.318733690696
-0.944869577809	0.266009617818	0.190945037857
-0.26183509974	-0.263616299971	-0.928411487345
-0.139030565815	-0.934761777995	0.32694179173
-0.952558234809	0.216497824455	0.213919404518
-0.270745869918	-0.28168975972	-0.920514844259
-0.12699042019	-0.954959570433	0.268188404043
-0.979296444918	0.163678168182	0.119111129905
-0.157642869155	-0.247510014211	-0.955974069662
-0.100501398421	-0.933922625633	0.343056986095
-0.984512663932	0.143131499914	0.101233710665
-0.143646722672	-0.32756980775	-0.93384356901
-0.12222890745	-0.937309036721	0.326361784828
-0.94946421193	0.206207847947	0.236635036135
-0.289098521578	-0.280945189928	-0.915145945906
-0.137977730316	-0.937437894489	0.319644333777
-0.945901217605	0.220409194707	0.238098263688
-0.293654887023	-0.269499704294	-0.917135206283
-0.0950997080655	-0.944440348966	0.314624421579
-0.989129646642	0.125259011611	0.0770244453688
-0.11215454312	-0.303879335092	-0.946086044669
-0.147775981052	-0.933532762357	0.326617379304
-0.977874684163	0.18735356848	0.093058008933
-0.148065637235	-0.305639121449	-0.940564413149
0.0481436145055	0.93934628653	0.339576166108
0.817233416313	-0.232514444136	0.527321689587
0.574293445781	0.252125316124	-0.778859521806
0.0422189499048	0.924555408958	0.378705015379
0.860612559322	-0.226194768969	0.456273294913
0.507509818274	0.306653864609	-0.805234222879
-0.0110889718092	0.941220934942	0.33761049947
0.874374802663	-0.154676909213	0.459939686701
0.485125140755	0.300298122808	-0.821264774319
0.0374312531457	0.924580357424	0.379145322826
0.862104378096	-0.22174759896	0.455637416012
0.505347459105	0.309807321197	-0.805385283401
0.0721378335414	0.938326724991	0.338139843721
0.8009613242	-0.256525389045	0.540975928987
0.594353896159	0.23181232878	-0.770068482274
0.0122086814316	0.91971112199	0.392415775329
0.882268020584	-0.194611640885	0.428647652876
0.470597310334	0.340979651224	-0.813809106823
0.0691563042354	0.943882759379	0.322957805874
0.872778650092	-0.214044258373	0.438681185016
0.483191303494	0.251533478269	-0.838603066278
0.0425012471435	0.94054140706	0.337006578675
0.890463551473	-0.188619775876	0.414119152051
0.453063169947	0.28249224804	-0.845534092196
0.948015461465	0.0572253754025	-0.313036589949
0.024082980085	-0.99377823626	-0.10873592193
-0.317311613887	0.0955444768563	-0.943495256798
0.948104490052	0.0883261923159	-0.30544415907
0.0372594956721	-0.984881770441	-0.169147887423
-0.315767921964	0.14898913245	-0.937061601572
0.94224422077	0.0510495598911	-0.331013293959
0.00583787593237	-0.990669453002	-0.136165286421
-0.334875764347	0.126368542195	-0.933750617481
0.937349590342	0.0623078764164	-0.34277309763
-0.00363014463993	-0.982075823532	-0.188444806214
-0.348371195669	0.177882971291	-0.920322107259
0.955438856342	0.098235506025	-0.278363520163
0.0602302024335	-0.988036580936	-0.141951879929
-0.288978868979	0.118860417535	-0.949925166784
0.956079939672	0.0202879273237	-0.29240400376
0.0011892189176	-0.997874493546	-0.065346854114
-0.293104566953	0.0621291042035	-0.954072464087
0.930040126007	0.0864938553338	-0.357133283642
0.0201421249573	-0.982441104838	-0.18548293697
-0.366905524758	0.165313151607	-0.915451824147
0.9377668101	0.0639642428747	-0.341323796636
-0.00764767004639	-0.978846731163	-0.204447932195
-0.347181323892	0.194334812809	-0.917440748218
0.807858260265	0.241833060016	0.537477264882
-0.557038844596	0.015371389566	0.83034419747
0.192542890788	-0.970196130555	0.147128305744
0.818185328159	0.154001521937	0.553946115154
-0.558941257127	-0.0127547890745	0.829109147159
0.134749539274	-0.987988278302	0.0756420241251
0.809786381949	0.115174905975	0.575309272223
-0.576729363184	-0.0239681651017	0.81658360246
0.107839043551	-0.993056030242	0.0470156550619
0.80008142217	0.121632174122	0.587431130791
-0.589748143685	-0.0198325100397	0.807343672313
0.10984919765	-0.992377091847	0.0558647251635
0.84237992528	0.185754443826	0.505857041389
-0.519505385934	0.030455934248	0.853924223347
0.143213874013	-0.982124081688	0.122155903038
0.877292497043	0.104997489009	0.46833044231
-0.478303190913	0.110346822668	0.871234552477
0.0397986614707	-0.98833148041	0.147027072811
0.800395758289	0.175137727385	0.573317898085
-0.57594810533	-0.0406202584469	0.816476456678
0.166284141709	-0.983705647432	0.068357955288
0.876909610391	0.119314876165	0.465610888187
-0.467603693937	-0.0124404344852	0.883850695071
0.111248929385	-0.992778538289	0.0448829375904
0.148236774596	-0.700662077963	-0.697924428153
0.987919805945	0.0726811828481	0.136864526451
-0.045169812161	-0.709781722844	0.702971971475
0.120940839007	-0.728622255949	-0.674153503817
0.991282762857	0.0528897447386	0.120669739453
-0.0522668406779	-0.682870639355	0.728667190851
0.215338837591	-0.675114985972	-0.705584104662
0.975579682321	0.116699639315	0.186079187791
-0.0432834434558	-0.728423596819	0.683758438549
0.194481282182	-0.704238051645	-0.682807273916
0.979623204	0.103853077658	0.171909538829
-0.0501536128434	-0.702327044881	0.710085437425
0.0816958627433	-0.699756856385	-0.709694391403
0.996620182571	0.0512108387922	0.0642313238325
-0.00860226369282	-0.712543186909	0.701575518566
0.114721711647	-0.687798661058	-0.716778868665
0.984057563479	-0.0200285868033	0.176718945571
-0.135903114308	-0.725625162057	0.67453574667
0.0596717877018	-0.677771408844	-0.732847313806
0.994081895066	-0.0264152156453	0.105372727208
-0.0907769458742	-0.734798028774	0.672184051884
0.225390986202	-0.679480897576	-0.698215287556
0.972807658523	0.117729025983	0.199462044113
-0.0533304553531	-0.724186134465	0.687539304287
-0.403740766432	0.392666053627	-0.826321234975
-0.882063287641	0.0726442056311	0.465496711998
0.242812210645	0.916807614832	0.317026871489
-0.398175215484	0.342011947565	-0.851166434297
-0.882343899078	0.110946793439	0.457340175206
0.250849984875	0.933123046452	0.257595906668
-0.454735743198	0.421992708194	-0.784307038307
-0.865460943235	-0.00151310236848	0.500974098284
0.210220674157	0.906597951491	0.365906286381
-0.440853034123	0.432862169514	-0.78630717151
-0.853166901102	0.0700673219352	0.516910847635
0.27884559281	0.898732956857	0.338414270386
-0.43907265663	0.371406118708	-0.818090848984
-0.832914401455	0.173123602366	0.525625136081
0.336851216494	0.912187304679	0.233335696297
-0.451151024628	0.390191434049	-0.802629041891
-0.84024304328	0.117373161534	0.529353528074
0.300756317158	0.913221864751	0.274902626385
-0.526799370325	0.407361799448	-0.746015273276
-0.819383150369	-0.00997852899731	0.573159386185
0.226039103922	0.913212348489	0.339042077251
-0.476183198863	0.416543112507	-0.774429685552
-0.819875283728	0.108064052416	0.562251406626
0.317889951985	0.902670460657	0.290055149347
-0.259511128914	0.915343798895	0.307895560497
-0.200978688698	-0.363026125808	0.909845903865
0.944595952266	0.174234703532	0.278173936985
-0.274410481749	0.88288953969	0.381057553384
-0.236000939517	-0.445982916014	0.863367067902
0.932202957962	0.146987067788	0.330745219492
-0.192105958196	0.905064825352	0.379411411282
-0.171673576896	-0.411643410148	0.895029581922
0.966241967674	0.106805577713	0.234454824245
-0.216477786093	0.88183253666	0.418937736185
-0.189255509176	-0.45887777552	0.868109231019
0.957768135698	0.108640057171	0.266228445718
-0.2195026427	0.895125155	0.388033073501
-0.164905454369	-0.426051354705	0.889542901659
0.961574178295	0.131268197441	0.241130326327
-0.227687313352	0.900269310604	0.371043853612
-0.177088816037	-0.412982137192	0.893356129382
0.957495652289	0.137698188279	0.253458507875
-0.234030653218	0.879243058302	0.414923314733
-0.115439164303	-0.448886407163	0.886100932437
0.96535149662	0.1594763542	0.20655221754
-0.239243796025	0.897800994119	0.369751100403
-0.190233948627	-0.416771363294	0.888882885647
0.952141557795	0.142320464325	0.270502117203
0.144463614665	0.783224187226	-0.604723586983
0.6723718265	-0.526073625307	-0.520733640183
-0.725979938454	-0.331371799696	-0.602616593377
0.175449686109	0.789318555434	-0.588380497611
0.665826374132	-0.535369864522	-0.519663924335
-0.725183170951	-0.300585383533	-0.619478681428
0.0873032016961	0.746540093243	-0.659586247778
0.623786651909	-0.557203476634	-0.54809766361
-0.776702222204	-0.363591426104	-0.514326334346
0.105186848742	0.732590276311	-0.672492835945
0.640277344296	-0.56732047866	-0.517871940539
-0.760907385773	-0.376108909056	-0.528735297271
0.103548271933	0.80191189596	-0.588398985882
0.614657765119	-0.516686562972	-0.596010026243
-0.781966679116	-0.299949046877	-0.546402552739
0.173766153181	0.812833511258	-0.555974655988
0.633996509934	-0.524341322407	-0.568433021084
-0.753561252	-0.253711168543	-0.6064467491
0.0831999062907	0.79410974925	-0.602051735572
0.604156124048	-0.520651901448	-0.603253680004
-0.792509914093	-0.313543188109	-0.523083864447
0.136837261998	0.745854548843	-0.651901991785
0.627644829185	-0.574417488928	-0.525457781925
-0.766379268587	-0.337260884418	-0.546733287337
-0.131642208679	0.45503325955	-0.880690105274
-0.93549780353	-0.350891245684	-0.0414631548222
-0.327893562629	0.818425357819	0.471874713491
-0.110407728652	0.521255263344	-0.846228727681
-0.924790850624	-0.365796869426	-0.104663761566
-0.364104369265	0.771028904011	0.522438921784
-0.138335756652	0.409081406208	-0.901951036008
-0.910353057769	-0.41117059436	-0.0468627177627
-0.390026381762	0.814611077264	0.429288060993
-0.110657575302	0.432365468614	-0.894882654242
-0.91629780186	-0.393099736242	-0.0766217225486
-0.384906744055	0.811500247449	0.439675025153
-0.070734447836	0.48877966665	-0.869535000131
-0.943683323634	-0.315237756114	-0.100434019604
-0.323200346038	0.813461520336	0.48355135309
-0.0955769537453	0.502329386361	-0.859377813306
-0.930289291255	-0.352236179924	-0.102428017952
-0.354156565633	0.789680221281	0.500977316568
-0.113562254861	0.421604865295	-0.899640456313
-0.927997655171	-0.368426730376	-0.0555166179796
-0.354857668752	0.828559642051	0.433087697683
-0.148876472832	0.428351869518	-0.891263439617
-0.919232795303	-0.392162043412	-0.0349293114106
-0.364481701813	0.814078414305	0.452138747353
0.902031390861	0.0800929068135	0.424175078057
0.169843882184	0.837528979561	-0.519324816642
-0.396853154518	0.540490828575	0.741874140083
0.901535910052	0.183243090952	0.391988486846
0.0661981876138	0.836831450978	-0.543443580135
-0.427610575358	0.515882830158	0.742303243178
0.952544152134	0.0864483330591	0.291866963734
0.0908321205719	0.83442161684	-0.543590004711
-0.290532553564	0.544304375382	0.786971146124
0.950249533918	0.133415732415	0.281471253025
0.0389392486524	0.845661193522	-0.532297738762
-0.309046208275	0.516775957375	0.798394046602
0.924607250124	0.102813183737	0.366784514931
0.111194610071	0.848100969629	-0.51803523068
-0.364331154081	0.519763591246	0.772728033481
0.918564943795	0.150068175587	0.36567470122
0.070233177933	0.848439258418	-0.524612358079
-0.388980391734	0.507573017612	0.768806794839
0.951985148834	0.137796948731	0.273379361874
0.0301583698692	0.846421385739	-0.531659011644
-0.304655128473	0.514376158911	0.801624857594
0.948180510674	0.131690988056	0.289156017739
0.0391156205163	0.854758501807	-0.517549873082
-0.315315218728	0.502041219981	0.805314178038
0.00175639278457	-0.833795439392	-0.552070737982
-0.0446822828941	0.551454759023	-0.833007293524
0.998999713754	0.0261308767331	-0.0362873165282
-0.0781698120167	-0.912265042294	-0.402072085393
-0.0736915939341	0.407490248615	-0.910231421171
0.994212763058	-0.0415232911989	-0.0990796982091
-0.0956737581896	-0.849124629305	-0.51945537227
-0.0120932490312	0.522802239222	-0.852368210759
0.995339275423	-0.0752673720386	-0.0602871277816
-0.0494724563941	-0.913076601476	-0.404775983893
0.0201669488847	0.404276400571	-0.914414504925
0.998571865952	-0.0534014277259	-0.00158657782908
0.000744414511161	-0.849732564137	-0.527213434708
-0.0354712357083	0.52685937135	-0.849211981624
0.999370415676	0.0193330737653	-0.0297488601937
0.0251510083078	-0.899803402371	-0.435570074949
0.00326043995717	0.435779408243	-0.900047605475
0.999678359594	0.021216966594	0.0138940390165
-0.11389006688	-0.862124547138	-0.493731004176
-0.00712588406999	0.497660664527	-0.867342538282
0.993467795673	-0.0952634355871	-0.0628220026138
-0.130940136806	-0.870364600189	-0.47467899214
-0.0220776343276	0.481242582595	-0.87630939502
0.991144419802	-0.104264281874	-0.0822295615458
0.938382987281	-0.16628165335	0.302964983413
-0.00320283837264	0.872420182063	0.488746118386
-0.345582278541	-0.459601390522	0.818131683334
0.941087916913	-0.0948737228867	0.324580511966
-0.104983385896	0.830442066929	0.547123807231
-0.321452983698	-0.548967165192	0.771558830221
0.896734634111	-0.225969658218	0.380532142249
-0.018259203978	0.840204061528	0.541962857717
-0.442191812667	-0.492945079333	0.749314055507
0.90834785439	-0.209184120081	0.362141102166
-0.01331813135	0.851012225509	0.524976968112
-0.418003350883	-0.481684745011	0.7702291876
0.880374561927	-0.202704634262	0.428779033729
-0.0563923043435	0.85291284443	0.518998636913
-0.470914574555	-0.481093035031	0.739451790407
0.894805126438	-0.161410978352	0.416257469785
-0.0933163746348	0.844146250497	0.527929125057
-0.436595738996	-0.511237325443	0.740284105085
0.939841961168	-0.114850577528	0.321724156982
-0.0678003845757	0.860340051789	0.505191155777
-0.334813673848	-0.496612868204	0.800796768218
0.954686162042	-0.0867830692194	0.284680578243
-0.081851410713	0.843092503278	0.531502944487
-0.286137518156	-0.530720013124	0.797785429559
-0.95170797439	-0.275336827232	-0.135803385751
0.247920383619	-0.950164935088	0.18900549002
-0.18107570626	0.146209518984	0.972540168416
-0.959167812516	-0.241296555928	-0.147556842509
0.227043304511	-0.967981706709	0.107063977765
-0.168666498009	0.0691905308239	0.983241721246
-0.979532671451	-0.164954492128	-0.115364668118
0.152118420922	-0.981947257018	0.112440295147
-0.131829348551	0.0925896834603	0.986938799922
-0.954452169733	-0.239879590538	-0.177429435195
0.224626201126	-0.969107183959	0.101866187971
-0.196383533419	0.057371007722	0.978847332779
-0.975321884497	-0.218717004365	-0.0301203529593
0.210863251978	-0.963229384098	0.166502258579
-0.0654297533688	0.156042254369	0.985580915686
-0.986347202423	-0.149946152007	-0.0680594488605
0.140245647395	-0.981543531315	0.130000781577
-0.0862965553626	0.118681069772	0.989175257702
-0.950277280731	-0.215017327109	-0.225251044458
0.179374224505	-0.969246084726	0.168476359591
-0.254549349969	0.119695217953	0.959623691498
-0.944439354827	-0.216079788296	-0.247671486545
0.187975374968	-0.973223459284	0.13228247185
-0.269623623896	0.078376776173	0.959770872271
0.196355012412	-0.100932269429	0.975324116016
0.313556113208	-0.935994514902	-0.159988181152
0.929046294952	0.337233348331	-0.152139032822
0.157756590143	-0.0662969550375	0.985249961247
0.307481455218	-0.944843131118	-0.112811408844
0.938385809293	0.320742845628	-0.128670061822
0.147093442725	-0.156078270098	0.97673066831
0.226555028538	-0.955903847633	-0.186868879821
0.962827110056	0.248770441983	-0.105246577022
0.193511596867	-0.066952796876	0.978810951106
0.255016697348	-0.959944163758	-0.116079278628
0.947375342242	0.272075794299	-0.168686537263
0.159916783627	-0.106658815893	0.981351461013
0.313730508533	-0.937108523832	-0.152974430029
0.935948695738	0.332343053515	-0.116397425248
0.181133468479	-0.13630202621	0.973967560742
0.308066976967	-0.932642729976	-0.187811567502
0.933962413285	0.334066168351	-0.126943041397
0.189106537792	-0.072280048697	0.979292568259
0.250898287327	-0.960626988509	-0.119352105955
0.949362095885	0.268273126384	-0.163525529016
0.154677100412	-0.132217636658	0.979078164515
0.231552445935	-0.958550917229	-0.16602681653
0.960447302279	0.252388461666	-0.117651118908
-0.389596174415	-0.239262451734	0.889363973528
0.842114562783	-0.483540564245	0.238812817252
0.372904627711	0.841986922538	0.38987196739
-0.347497096802	-0.212384701305	0.913311796642
0.850993990369	-0.480458260111	0.212058985688
0.393770145632	0.850912759163	0.347696010263
-0.3596641375	-0.206620144578	0.909917450692
0.850148064164	-0.474477398877	0.228296748036
0.384564585234	0.855674734944	0.346310266047
-0.326776802158	-0.244846797217	0.912834584602
0.875402906309	-0.442449578779	0.194700113605
0.356211572775	0.862721524309	0.358921847225
-0.347684680501	-0.248167362634	0.904172695924
0.864922705468	-0.457180666063	0.207109846064
0.361972398807	0.854048438259	0.373600348206
-0.364511722584	-0.211435640969	0.906877213126
0.848549251637	-0.476529048159	0.229965972175
0.383530282384	0.853355231155	0.353113894007
-0.346328267533	-0.288997231254	0.892489485391
0.857583882085	-0.483176225564	0.176325793896
0.380271963724	0.826451148425	0.415176827476
-0.336114113894	-0.246823374594	0.908903487259
0.868890162145	-0.45362350178	0.198130340713
0.363396771484	0.856331692475	0.366931643174
0.606258985527	0.510082935375	-0.610135479887
0.187726621908	-0.83731704302	-0.513476623024
-0.772792740782	0.196761088644	-0.60338701767
0.554115456923	0.591790678633	-0.585439888499
0.21812151624	-0.781929071309	-0.583960590633
-0.80335488703	0.195884557692	-0.562361272185
0.635949535454	0.515799879912	-0.574037215695
0.189617156866	-0.825464923835	-0.531651444012
-0.748073241696	0.229256205982	-0.62275858266
0.641254777107	0.485410656886	-0.594279932809
0.187830638246	-0.850216409502	-0.491783336177
-0.743983733488	0.203734367713	-0.636380194807
0.623143777427	0.539008326568	-0.566711375372
0.200376458206	-0.810437526362	-0.550490633375
-0.756003329412	0.229479163164	-0.613023624913
0.64355323599	0.541882911529	-0.540557258967
0.207708323206	-0.803380155398	-0.558065960922
-0.736679368857	0.2468669165	-0.629571495303
0.612326575337	0.533966659589	-0.583040233672
0.198399155422	-0.817644246267	-0.540459369227
-0.765306528628	0.215263004497	-0.606603945481
0.61002755368	0.544396742745	-0.575759061901
0.172392531796	-0.800397829972	-0.574146141929
-0.773399719326	0.250988373833	-0.582114606135
-0.458099758964	0.133234283967	0.878859022248
0.773574299259	0.546783511582	0.320328858769
-0.437866827857	0.826605347073	-0.353548002117
-0.435234591863	0.117728167363	0.892586722488
0.784405001589	0.53620310076	0.311761238361
-0.441904709225	0.835838713432	-0.325720726689
-0.328973660853	0.0990902865481	0.939125815279
0.825120606477	0.513843569647	0.234820604547
-0.459295293443	0.852141916974	-0.250802405983
-0.35475060917	0.119103566573	0.927343667034
0.796235040591	0.558369020651	0.232881460061
-0.490062951561	0.820998388996	-0.292916170573
-0.357591634971	0.0317853114555	0.933336983543
0.776340538914	0.565607408433	0.278179132597
-0.519060303349	0.824061864273	-0.22693270548
-0.312996700412	0.0401038398761	0.948907136832
0.770027669312	0.595564834407	0.228822897888
-0.555959045972	0.802305560327	-0.217290895691
-0.362388166242	0.0814190541376	0.928464178376
0.772298466133	0.583899925848	0.250231789454
-0.521756525702	0.807732509478	-0.27447822957
-0.327791794856	0.130325079002	0.935717842137
0.80604958538	0.555195676355	0.20504101014
-0.492784508908	0.821445752143	-0.287037057125
0.686523073886	-0.274843143938	-0.673162188113
0.55090485263	-0.407605771141	0.728259192639
-0.474541809142	-0.87081505186	-0.128418360594
0.7437661894	-0.289634740493	-0.602431370044
0.463878953317	-0.425252098831	0.777159491094
-0.481277627969	-0.857480189291	-0.181932656255
0.717093305032	-0.344927968126	-0.605641731068
0.492707548995	-0.363731358189	0.79053074304
-0.492967017933	-0.865288553797	-0.0908807254458
0.716157996093	-0.430762369044	-0.549146161759
0.449049394719	-0.317947104545	0.83502352309
-0.53429614135	-0.844602524521	-0.0342667810935
0.77440816095	-0.210708501403	-0.596568449571
0.466624570424	-0.446549813599	0.76344920789
-0.427262797191	-0.86959479655	-0.247490044048
0.756101134501	-0.24772599896	-0.605758107874
0.484579080738	-0.410206925588	0.772601634239
-0.439879722569	-0.877702683235	-0.190115067285
0.7401803116	-0.330663730285	-0.585486631632
0.481573145011	-0.346998896398	0.804785083462
-0.469276468993	-0.877640713523	-0.0976029709129
0.708605864885	-0.338210953157	-0.619266563548
0.519786821921	-0.343316264614	0.7822759039
-0.477178567542	-0.876211892883	-0.06747831952
-0.995369137974	0.0101921146448	0.0956902390826
-0.0951218318482	-0.254784678346	-0.962314564624
0.0145718276981	-0.966950673499	0.254561606364
-0.989640024424	0.00510312154264	0.143428821498
-0.139434819544	-0.270913804081	-0.952446438341
0.0339970555241	-0.962585188417	0.268828074324
-0.991676051855	0.0645469240698	0.111349746819
-0.124487329289	-0.261361558588	-0.957175254356
-0.0326799077431	-0.963075935375	0.267229837361
-0.997347998624	0.0211072899072	0.0698004226947
-0.0729214288623	-0.292440803152	-0.953506267482
0.000286196206175	-0.956057644302	0.293191073045
-0.97953948269	0.00653006135352	0.201137986598
-0.196829002827	-0.239292167944	-0.950786808128
0.0419222494636	-0.970924594993	0.235683459478
-0.989512972842	0.0213597999531	0.14283723439
-0.143566397427	-0.253182960513	-0.956704605302
0.0157291484897	-0.967180836877	0.253597736122
-0.985323029415	0.0811943973311	0.150143916099
-0.167113613068	-0.279705889667	-0.945428923551
-0.0347673126177	-0.956645325605	0.289171146098
-0.991593986605	0.00543054912943	0.129326746075
-0.124999965795	-0.299636667358	-0.945833868517
0.0336140843317	-0.954042560591	0.297787940106
0.70775918387	0.649580016708	0.277709741752
0.315246328688	-0.642197026121	0.698714901392
0.632215668123	-0.406974892433	-0.659298540246
