-0.228099966992	-0.85723582572	0.461646164166
0.684084080991	0.196287713144	0.702495642577
-0.692819898619	0.476044007216	0.541648137613
-0.208423732187	-0.833307694128	0.512013506882
0.697172869512	0.240573884902	0.675332654101
-0.685936975486	0.497717279775	0.530818211538
-0.156203336817	-0.881204414871	0.446183042587
0.677076768372	0.2333660736	0.697930750524
-0.719143642126	0.411119279538	0.560190471229
-0.146710934193	-0.869804076538	0.4710803913
0.683671422615	0.255017037867	0.683783352718
-0.714891077387	0.422382712707	0.557246424756
-0.192191406238	-0.856646594148	0.478768282281
0.691881004233	0.227703999847	0.685165351768
-0.695962018623	0.462933576246	0.548934758963
-0.185985449259	-0.860218893485	0.474797758309
0.697841275735	0.224530358672	0.680149763106
-0.69168418363	0.457831411837	0.558536842639
-0.205079965551	-0.860894770319	0.46562043339
0.683172791307	0.214755282349	0.697964968091
-0.70086883992	0.461237849599	0.54409788638
-0.216231685496	-0.847990818283	0.483896037907
0.691533856132	0.21684866402	0.68902652159
-0.689220377832	0.48361988559	0.539524843078
0.819521079018	0.190493408047	-0.540460416233
0.228142085872	0.756707742677	0.612653719037
0.525677076424	-0.625384403617	0.576678382325
0.800154060087	0.119888987245	-0.587690491687
0.33914324999	0.717716176986	0.608165561123
0.494707326879	-0.685937405663	0.533623972109
0.763127334395	0.239835152315	-0.600096469536
0.265345225023	0.730416528374	0.629351736617
0.589261049614	-0.639508245873	0.493761705835
0.757954682805	0.24700202573	-0.603733953725
0.261500080711	0.732853561179	0.628126860812
0.597597184886	-0.633968173311	0.490878738843
0.776312669316	0.161575294947	-0.609288159203
0.297011174177	0.758803897712	0.57965593627
0.555988308597	-0.630959639044	0.541079411284
0.793487540475	0.202460030119	-0.573922868637
0.308992395203	0.67842712202	0.666528573693
0.524310235115	-0.706219920455	0.475764858805
0.792696222955	0.149478544381	-0.591006654172
0.302670751598	0.74503791173	0.594397955208
0.529172104927	-0.650057441922	0.545345955167
0.789393441993	0.212208558442	-0.57604298797
0.281010214807	0.709357837582	0.646409097184
0.545794151159	-0.672145065795	0.500329652412
0.923242095179	-0.211603249418	0.320699389073
0.0746029438503	0.917521062374	0.390627060592
-0.376906399634	-0.336718227208	0.862880293386
0.935365789095	-0.182402613674	0.303018360664
0.0564064019284	0.922721646941	0.381317557726
-0.349154920052	-0.339579222765	0.873370936571
0.965652600919	-0.141768234029	0.217754041828
0.0582664588542	0.934845779984	0.350240472398
-0.253219420039	-0.325522866406	0.910996591787
0.976061111818	-0.129955675777	0.174402489848
0.0524221096672	0.918790458315	0.391249302343
-0.211084410959	-0.372740682646	0.903608186933
0.950327668862	-0.134900065442	0.280498297353
0.00533269036068	0.90812036618	0.418675249085
-0.311205534796	-0.396382863059	0.863731290881
0.95645025682	-0.165708157466	0.240299216044
0.0530538901228	0.90821438205	0.415128801623
-0.287033432591	-0.384301240882	0.877453341272
0.95683165574	-0.149941029578	0.248979657865
0.043146708429	0.920439773644	0.388495797006
-0.287422239803	-0.360982423933	0.887175374531
0.964173672797	-0.159617138177	0.211876137186
0.0613308166269	0.911204934299	0.407362366582
-0.258084597062	-0.379773532485	0.888349257674
-0.65623893943	0.706020254698	-0.266243965752
0.278005171624	-0.101796715106	-0.955170429817
-0.70147243274	-0.700837231746	-0.129474311244
-0.694749880729	0.687617444758	-0.210963308095
0.258748316531	-0.0347315274246	-0.965320379661
-0.671098037838	-0.72524228804	-0.153790440608
-0.535275825851	0.812364295966	-0.231396202312
0.258182749994	-0.103482998574	-0.960537897599
-0.804252211319	-0.573895143521	-0.154346578503
-0.527717210113	0.830982700151	-0.176018188808
0.271517560047	-0.0313262749886	-0.961923567488
-0.804855804059	-0.555415598585	-0.209095026956
-0.628101741601	0.74644461473	-0.219792492717
0.207592906556	-0.111480725865	-0.971842220491
-0.749928988546	-0.656043103403	-0.0849354201615
-0.643888672164	0.73028134096	-0.228246742471
0.261583197001	-0.0702264323565	-0.96262272035
-0.719014355524	-0.679527360548	-0.145811340075
-0.59521751511	0.767833214486	-0.236955650771
0.236945521319	-0.114063155675	-0.964803719987
-0.767836340392	-0.630413794984	-0.114042111201
-0.592981645142	0.772221831264	-0.228135122501
0.285359678449	-0.0633978502084	-0.956321170341
-0.752955539667	-0.632181754124	-0.18276694473
0.539606854404	-0.770974330834	0.338264696954
0.579256303379	0.63154449309	0.515377214573
-0.61097181523	-0.0821591108819	0.787377490706
0.559013901403	-0.745495912783	0.362959085029
0.550712051637	0.66106869224	0.509612025705
-0.619854571301	-0.0849942620726	0.780100175317
0.503432093272	-0.767826028244	0.396231398596
0.592973463161	0.640569491223	0.487906959754
-0.628441407667	-0.0106733190749	0.777783696744
0.564911836515	-0.744745725229	0.355286403703
0.563486045763	0.662722871315	0.493236127473
-0.602791921092	-0.0784359991779	0.794033813628
0.551232715865	-0.730153143131	0.403755973363
0.562048912323	0.682600902108	0.467072834235
-0.616638888335	-0.0305352239196	0.786653725665
0.516895473792	-0.762998688122	0.388139252972
0.591705274681	0.646104682878	0.482113692999
-0.618630702186	-0.019538346588	0.785438928972
0.54538463804	-0.735080411073	0.402755983164
0.559469411735	0.677053758038	0.478113149065
-0.62413906307	-0.0354259118854	0.780509726299
0.506278978348	-0.788629060697	0.348920897843
0.536805802871	0.604859980203	0.58820398515
-0.674923046229	-0.110492546205	0.729568553772
0.253725987246	-0.952729105925	-0.167123775382
-0.760168254351	-0.0895598198063	-0.643524077043
0.5981365485	0.29032096614	-0.746958073957
0.235811766894	-0.95285423436	-0.190949364793
-0.777263063572	-0.0669882007229	-0.625599527315
0.583313793647	0.29594162707	-0.756415009328
0.186272634631	-0.970508392586	-0.153022780243
-0.78512775494	-0.053403572531	-0.617027126087
0.590658039626	0.235077701675	-0.771920699913
0.18978701212	-0.963090299279	-0.190887279329
-0.789757131249	-0.0342378689858	-0.612463408359
0.583321996513	0.266992187849	-0.767105334172
0.308078165258	-0.935170199853	-0.174769869637
-0.763722624761	-0.133564757173	-0.631575927551
0.567287900854	0.328050449078	-0.755359023237
0.28786592644	-0.935238619988	-0.206062787439
-0.774408599084	-0.100740145505	-0.624614002768
0.563404357766	0.33938187116	-0.75325648233
0.262754456376	-0.954464746632	-0.141269548542
-0.704527093091	-0.0897538041099	-0.703978511315
0.659243212335	0.28450169899	-0.696029480279
0.223294467617	-0.956955729664	-0.185405770263
-0.7900833475	-0.0662873402984	-0.609404853355
0.570883413831	0.282562741268	-0.770876382082
0.947174236811	-0.179633955117	0.265692717312
-0.0816192651354	-0.936160451226	-0.341968378834
0.310160077093	0.302217998691	-0.901368662899
0.941734305631	-0.209364788122	0.263254415016
-0.117516228445	-0.938138692104	-0.325708245643
0.315160970907	0.275793964259	-0.908081153045
0.947714925338	-0.157516743569	0.277533651313
-0.0640713754579	-0.945901847654	-0.318065618769
0.312620074471	0.283653581842	-0.906537641236
0.95086594294	-0.155248825513	0.267865113336
-0.0539056445285	-0.934991523714	-0.350547266813
0.304873905498	0.318884002356	-0.897420347965
0.95998724694	-0.134706236582	0.245517212985
-0.0472851806992	-0.942091960454	-0.332003292784
0.276022795675	0.307109596983	-0.910765864036
0.944696466384	-0.208392209115	0.253221774529
-0.12018262476	-0.938420131463	-0.323919073563
0.305130655001	0.275572343845	-0.91156730003
0.945889702453	-0.145702459921	0.289936969139
-0.044866991301	-0.943664403315	-0.327847227075
0.321371445515	0.297098711512	-0.899139656361
0.931936416316	-0.22700118196	0.282780831373
-0.125903389573	-0.933866123176	-0.334728169818
0.340063040769	0.276342314105	-0.898884080975
-0.994831548018	0.0962646389683	0.0320300086916
-0.0803072219412	-0.55427494336	-0.828442206007
-0.0619963892221	-0.826739897352	0.559154492972
-0.99299458352	0.114350546094	0.0296258117662
-0.0928788297456	-0.600843298401	-0.793948619882
-0.072988075052	-0.791141479532	0.607261327315
-0.992993244216	0.0851001659711	0.0819457578542
-0.116360270015	-0.584549522494	-0.80296722353
-0.0204311781493	-0.806879195576	0.590361784108
-0.993051822719	0.0654421997303	0.0978483493388
-0.117654477335	-0.524985258764	-0.842944075622
-0.00379538364294	-0.84859566883	0.529030329824
-0.996299792329	0.0768179405192	0.0381259003922
-0.0747253787061	-0.559472370782	-0.82545846302
-0.0420796630637	-0.82526635725	0.563167566417
-0.993382007543	0.0929027108615	0.0676184891266
-0.108911784166	-0.573703456791	-0.811795072979
-0.0366250874001	-0.81378258986	0.580016218898
-0.997269131468	0.0729015626464	0.0121037010771
-0.0528070322719	-0.588427181137	-0.806827319817
-0.0516967577192	-0.80526037331	0.590664525723
-0.991297887419	0.0742194401063	0.108723359733
-0.130699756559	-0.456324686549	-0.880162448709
-0.0157120296816	-0.886712939565	0.462053579066
-0.99325620976	0.0229647694641	-0.113661836341
0.0309362220132	0.997145607235	-0.0688737561407
0.111755732938	-0.0719254021945	-0.991131514988
-0.992163887002	-0.0291289692396	-0.121559193792
-0.0286663720035	0.999573612312	-0.00555299465803
0.121669115064	-0.00202479247262	-0.992575862456
-0.978262771508	-0.00246155769409	-0.207349416624
-0.0173444735802	0.997396919595	0.0699896509592
0.206637385477	0.0720647121613	-0.975758966555
-0.981112270591	-0.0273054008383	-0.191499113445
-0.0381469306546	0.997857267655	0.0531571608908
0.189637303943	0.0594582808144	-0.980051625842
-0.986783554848	0.0126389921645	-0.161543802195
0.0207546656022	0.998600238247	-0.0486498362666
0.160702794022	-0.0513596981113	-0.985664609712
-0.981273415275	-0.000332542554007	-0.192624719352
0.00180961386208	0.999938465989	-0.0109448432254
0.19261650601	-0.0110884494412	-0.981212431871
-0.980065649312	-0.0254684451398	-0.197050260032
-0.047901834118	0.992784144409	0.109932157324
0.192828579222	0.117179448829	-0.974213642559
-0.989023952489	-0.0228984738509	-0.145965455768
-0.0276871594409	0.999140170383	0.0308600151874
0.14513330281	0.0345626855232	-0.988807553729
-0.843917311089	-0.262543940499	-0.467839618507
-0.534148240044	0.330117441687	0.778272450912
-0.0498887461747	0.906693459499	-0.418829105729
-0.857822884599	-0.285625178416	-0.427267349582
-0.508797545035	0.354598233512	0.78446471184
-0.0725547292042	0.890324706729	-0.449507651301
-0.837438496097	-0.31353392384	-0.447653029221
-0.537152967667	0.321088586046	0.779980003466
-0.100813914197	0.893643438448	-0.43730761754
-0.850034145573	-0.279922301342	-0.446187323545
-0.521539861729	0.328723360242	0.787360324144
-0.0737278448689	0.90198869872	-0.425416029218
-0.885580043238	-0.267815374474	-0.379504818914
-0.460218601564	0.395394305286	0.794897792978
-0.0628316891168	0.878600357218	-0.473407191459
-0.852933577174	-0.262642358012	-0.451136448585
-0.522013966508	0.433356249253	0.734645507545
0.00255386654654	0.86210300705	-0.506727269674
-0.898944509361	-0.236586249665	-0.368687097437
-0.428680918411	0.301794239623	0.851560066626
-0.0901992213794	0.923552285121	-0.372717723435
-0.887169272466	-0.269026347514	-0.374906367573
-0.449502059337	0.320208514963	0.833914951036
-0.104296973857	0.90834523792	-0.405006830243
0.864953272865	-0.0339708864946	-0.500701323827
-0.483196934338	0.213126960458	-0.849174674314
0.135560169141	0.976433757979	0.167930233423
0.876302127938	-0.015160108523	-0.481523364308
-0.468547520766	0.205673473683	-0.859163334076
0.11206159043	0.978503237064	0.173128871867
0.890752629082	0.0153096584394	-0.454230526527
-0.445713555834	0.224869798869	-0.866471593074
0.0888773481643	0.974268551179	0.207127085552
0.887841801725	0.015763950975	-0.459878714578
-0.452372812225	0.21285797708	-0.866054452372
0.0842364115551	0.976955973196	0.196115393073
0.901414919814	0.0136151234833	-0.432742154542
-0.421950216849	0.25155826043	-0.871020360278
0.0970008165208	0.967746393396	0.232503272828
0.903613720898	0.0067202642259	-0.428295556735
-0.425235802524	0.134390174689	-0.89504961613
0.0515437495899	0.99090571758	0.124294501651
0.883012906524	0.00335357616403	-0.469336722529
-0.462415451661	0.177459851305	-0.868723167605
0.0803750934835	0.984122322374	0.158250085082
0.924713410235	-0.000717949104898	-0.380663361332
-0.371789333859	0.212967972332	-0.903558158795
0.0817178153183	0.977058923324	0.196667413684
0.236988372464	0.648161012233	0.723687654677
-0.341506284177	0.752947552488	-0.562533060058
-0.909510845003	-0.11383008395	0.399790871704
0.244707313503	0.619962570871	0.745496306911
-0.353904964721	0.772935862791	-0.526613167907
-0.902701284393	-0.134968749668	0.408550889701
0.222720519396	0.666749950822	0.711224349732
-0.368790123288	0.732956764961	-0.571636446061
-0.902435270553	-0.13497734839	0.409135307272
0.248365917868	0.612851354253	0.75015169508
-0.322645065415	0.782535073251	-0.532483815998
-0.913353441886	-0.109781920761	0.392088512492
0.24504662764	0.623573659911	0.742366509741
-0.305155844436	0.776401981719	-0.55143437648
-0.920234782393	-0.091410347464	0.380541835537
0.240735138676	0.663408822063	0.708473917849
-0.292203569171	0.74561348616	-0.598896979047
-0.925561252229	-0.0628430756457	0.373345800674
0.239634476882	0.612629126741	0.753167208928
-0.366762299107	0.775409511725	-0.514028693181
-0.898921969634	-0.15305435155	0.410504126484
0.219698320433	0.607953200749	0.762971518851
-0.354032744952	0.7784488191	-0.518341824716
-0.90906185069	-0.156238079375	0.386259242323
-0.49440219055	0.769934661289	0.40343697862
0.839122421642	0.301663293242	0.452625847076
0.226791401666	0.562314158891	-0.795211672927
-0.499282915329	0.762132145253	0.412143128609
0.822218157139	0.266758046161	0.50278518771
0.27324836204	0.589906972397	-0.75982517182
-0.506817083439	0.771318698971	0.384928304065
0.813733364193	0.280724717854	0.508935519301
0.284500169862	0.571178444468	-0.76991867941
-0.519175255002	0.753348849547	0.403625397537
0.81445308758	0.292955188629	0.50083848543
0.259063927982	0.58876016445	-0.765661001306
-0.433435241963	0.777972593129	0.45485674714
0.863004460156	0.212960040344	0.458118423278
0.259536736955	0.591107293422	-0.763698542948
-0.502099833788	0.765410957596	0.402623075958
0.791752753518	0.219458672657	0.570086374662
0.347975362059	0.604993358037	-0.716218372304
-0.477519490025	0.789663711783	0.385212316737
0.837072113749	0.275683671914	0.472546345592
0.266959890351	0.548106736541	-0.792647329852
-0.527273366015	0.73399429288	0.42805951298
0.832526075507	0.345509907493	0.433039420089
0.169949705011	0.584700935325	-0.793247530903
-0.79324054653	0.598295270625	0.113192317429
-0.583950341519	-0.800143407202	0.13701395523
0.172544864359	0.0425863174745	0.98408062575
-0.799387211511	0.579545180395	0.158455320619
-0.552588243887	-0.812719102141	0.184755289488
0.235853635691	0.0601304262209	0.96992649449
-0.815492781368	0.577359238061	0.0403478285833
-0.567754230109	-0.811563835628	0.137910797823
0.112368906902	0.0895576026325	0.989622486214
-0.829892240992	0.557922972171	0.000930966283932
-0.544430421861	-0.810185015145	0.217245938457
0.121960753224	0.179783867872	0.9761164562
-0.766736163457	0.633802413717	0.102029868234
-0.62486046575	-0.773264893098	0.107753149439
0.147190325726	0.0188638076378	0.988928290821
-0.809184619773	0.571107840681	0.138043424316
-0.537173771715	-0.814278341281	0.219988688771
0.238043045827	0.103858165387	0.965685760457
-0.794375571778	0.607345472577	-0.00992387365597
-0.59506856322	-0.774831523476	0.213375433227
0.12190328706	0.17540566518	0.97691987159
-0.863528852278	0.503951483885	0.0187214046091
-0.496134406408	-0.855615674995	0.147553843424
0.0903783153117	0.118128691778	0.988876822621
-0.092913224689	0.517737379977	-0.850479355317
0.469953140923	0.775844984257	0.420961524217
0.877787658709	-0.36057255152	-0.315398567236
0.0130537295078	0.500701110068	-0.865521785101
0.457845012847	0.766531788997	0.450340928265
0.888936165491	-0.402153460554	-0.219237407516
-0.00436681102388	0.526966801251	-0.849874639167
0.530944398011	0.721415423005	0.444587256217
0.847395396577	-0.44929475019	-0.282940355884
0.0442229983821	0.530897611807	-0.846281289702
0.546877319048	0.69605011117	0.465230513646
0.836043954247	-0.483385931419	-0.259554439691
-0.00141242843505	0.534025061841	-0.845467451113
0.413964647765	0.76993593359	0.485625289965
0.910291847688	-0.349307722759	-0.222154975901
0.0122544656404	0.532144632677	-0.846564790195
0.398579445222	0.773860882796	0.492213130544
0.917051950508	-0.343455135276	-0.20261866102
-0.0568087524305	0.529046977945	-0.84668884844
0.5327627315	0.733285026931	0.422441626024
0.844355720576	-0.427085881996	-0.323513520617
0.00283060217824	0.492361672595	-0.870386107458
0.490187026932	0.757962475602	0.430359809254
0.871612684237	-0.427870155718	-0.23920381423
0.706160918896	-0.693513546286	0.142743528681
0.704569127264	0.668290643309	-0.238683803086
0.0701362871096	0.269121857281	0.960548971575
0.713057873015	-0.696060365768	0.0839549917145
0.684457713036	0.665177758094	-0.298422843484
0.151875318901	0.270256399842	0.950734119766
0.677749585534	-0.714430594106	0.173909249594
0.735051131587	0.652240132512	-0.185155732288
0.0188503273477	0.253321411358	0.967198494554
0.650426684841	-0.739210125918	0.174681184022
0.757057431226	0.612213615376	-0.228163392098
0.0617184910458	0.280647247284	0.957824592655
0.727543230355	-0.680712175366	0.0855089220428
0.670476484302	0.679055778705	-0.298905546485
0.145403319898	0.274798428	0.950443947503
0.652957462509	-0.755051309629	0.0595320051464
0.732502823309	0.6095589145	-0.303113064235
0.192577656165	0.241527298028	0.951093270355
0.663036008865	-0.733026588611	0.151839611081
0.746529375859	0.632437936043	-0.206678842262
0.055471957622	0.250388245031	0.966555010481
0.621616750621	-0.775186126662	0.112601453782
0.780001813935	0.599333506433	-0.179990337288
0.0720401875385	0.199714346731	0.977202328728
-0.194088555847	-0.928049424367	0.317889259398
-0.943991461473	0.264841345714	0.19682222179
-0.266850962103	-0.26188381442	-0.92747340651
-0.13397294259	-0.935301075468	0.327510096625
-0.951828370581	0.213432094757	0.220157434255
-0.2758146445	-0.282238270134	-0.918840224229
-0.118137659268	-0.957103961191	0.264566649624
-0.98041992732	0.15469613043	0.121843677632
-0.157544503979	-0.244992087909	-0.956639234849
-0.0919900820678	-0.93476937447	0.34313901697
-0.985513908009	0.134774397617	0.102948876275
-0.142479842559	-0.32869796251	-0.93362613093
-0.117047672644	-0.938390362494	0.325151284849
-0.948014664882	0.203127848062	0.2449638015
-0.295918951118	-0.279575743679	-0.91338346689
-0.133204585034	-0.938433439447	0.3187463969
-0.944597394182	0.217558151346	0.245772753444
-0.299987247586	-0.268348957811	-0.91542152479
-0.0865087972645	-0.945828259764	0.312930859343
-0.990092814742	0.116494178008	0.0783951901313
-0.110603064581	-0.303048660565	-0.946535541594
-0.141874366974	-0.93468329622	0.325942829391
-0.978745433824	0.181713775577	0.0950653887086
-0.148084327439	-0.30552772072	-0.940597534513
0.0437946749095	0.939923236267	0.338564169493
0.813987145321	-0.230053605077	0.533384892346
0.579229068842	0.25222772658	-0.775160417285
0.0364119876798	0.92504345952	0.378117318886
0.859362717256	-0.222110499989	0.460616592401
0.510072376269	0.308166388506	-0.803036128408
-0.0186009018518	0.941990342404	0.335126853797
0.873649981285	-0.147683660242	0.463602504891
0.486201114271	0.301406315726	-0.820223102677
0.0325909460139	0.924755063287	0.379164966071
0.861448076001	-0.218355361954	0.458506663265
0.506798984731	0.311687697591	-0.803744911091
0.069736336028	0.939392114254	0.335675291593
0.796262825104	-0.255115462292	0.54852504814
0.600916765506	0.229034213069	-0.765793521166
0.00678147881679	0.9199043623	0.392068515168
0.881947230438	-0.19027717591	0.431218033474
0.47128636633	0.342864220779	-0.812595176992
0.0647990575273	0.945098351024	0.320299927625
0.87243832209	-0.209467428452	0.44156219162
0.484411303434	0.250828431025	-0.838113615489
0.0374534966094	0.940862942658	0.336702801413
0.890968609772	-0.184011985882	0.415099873336
0.452511645979	0.284446641	-0.845170397663
0.948852338155	0.0644807535679	-0.309065981508
0.0319424438745	-0.993511272668	-0.109210992351
-0.314100666643	0.0937528292389	-0.94475546783
0.948948242818	0.0952737829456	-0.300699022264
0.0446636243531	-0.984269446964	-0.170908205436
-0.312253352851	0.148752681686	-0.938275809592
0.943136558119	0.0558456928709	-0.327680621789
0.0112566828036	-0.990584847189	-0.136423593399
-0.332214717315	0.124977471295	-0.934885320159
0.938055801464	0.0675901369425	-0.339827713531
-0.000116204956392	-0.980726865736	-0.195382759258
-0.346484181446	0.183319419339	-0.919968660016
0.955962046701	0.105986928446	-0.273684510845
0.0687077994174	-0.987419274725	-0.142396567694
-0.285334328073	0.117321418294	-0.951217365751
0.957232239409	0.025586219133	-0.288187937606
0.00775131126971	-0.998004081557	-0.0628588084448
-0.289217667449	0.0579366724621	-0.955520509163
0.930858904857	0.0915583508442	-0.3537214914
0.0246162178348	-0.981612002747	-0.189302732436
-0.364548853938	0.167506868752	-0.915996216812
0.93796736695	0.0689535147712	-0.339798080678
-0.0047832879036	-0.977360563447	-0.211534332157
-0.346690702195	0.200037662267	-0.916402593135
0.808416080669	0.249626095073	0.53305745244
-0.554489304645	0.0191064729939	0.831971468979
0.197496951818	-0.9681537723	0.153860984637
0.81891867356	0.155881578718	0.552334261714
-0.557496716584	-0.0124476798437	0.830085809025
0.136270371853	-0.987697308269	0.0767098329696
0.810857515886	0.111064318271	0.574608394264
-0.575847853272	-0.0238160846589	0.817209916336
0.10444778329	-0.993527812737	0.0446446975837
0.799687775641	0.11933087926	0.588438280149
-0.590649124276	-0.0197029811135	0.806687944086
0.107856758161	-0.992659039347	0.0547264415315
0.845509991881	0.184970340389	0.50089801752
-0.515043654781	0.0350422418754	0.856447346395
0.140864773625	-0.982119135672	0.124896368038
0.881134707332	0.101853149687	0.461765701192
-0.471518700267	0.115606607495	0.874245516356
0.0356614945999	-0.988059230749	0.14989065943
0.801161357557	0.178348067166	0.571255162016
-0.573998284577	-0.0410568920942	0.817826616339
0.169311731712	-0.983110559412	0.0694782782859
0.878510794727	0.118845016181	0.462703628758
-0.464271060706	-0.01582627506	0.885551766517
0.112566283265	-0.992786689637	0.0412727464857
0.141293053185	-0.702402181983	-0.697615565429
0.988913588166	0.0676307556437	0.132196928117
-0.0456751302579	-0.708560009744	0.704170792598
0.113790124952	-0.731392297871	-0.672396532015
0.992133583896	0.0481078706767	0.11557060764
-0.0521798941649	-0.680257980667	0.731113078107
0.212289886422	-0.67648625214	-0.70519454207
0.976243199516	0.11477768888	0.183780530383
-0.0433844084637	-0.72745612831	0.684781256633
0.191742283917	-0.704730353599	-0.683073947726
0.980208792443	0.102581989265	0.169315240563
-0.0492505082467	-0.702019982754	0.710452200129
0.0720077809701	-0.701959973635	-0.708566892848
0.997364634214	0.0443601705641	0.0574101684483
-0.00886750496206	-0.710833550444	0.703304358217
0.107619536372	-0.689437797577	-0.71630548071
0.984315106361	-0.0274180887427	0.174275644492
-0.139791951886	-0.723825774718	0.675673332221
0.0520272898527	-0.67831950701	-0.732922794257
0.993898934953	-0.0363011549788	0.104149649305
-0.0972526762234	-0.733869803684	0.672292371912
0.224230454056	-0.679335636669	-0.698730123656
0.972914951271	0.114708537036	0.200694885628
-0.0561888827554	-0.724806893094	0.686656954329
-0.394601163889	0.394846824188	-0.829690217969
-0.885822775583	0.0764538265919	0.457681974898
0.24414725602	0.915560355912	0.319595569602
-0.390058302429	0.342752217429	-0.854620060354
-0.885465741975	0.11498798549	0.450253471914
0.25259641704	0.932361886088	0.258643322911
-0.452598117383	0.423254058355	-0.784863600891
-0.866979255682	-0.0029959620452	0.498335171525
0.208570947487	0.906006056849	0.368308501857
-0.436261123619	0.436715947412	-0.786737152556
-0.854537559725	0.0727904810054	0.514263611618
0.281854084512	0.896649699989	0.341434562184
-0.433069062859	0.372721796325	-0.820688518824
-0.833367789695	0.18134965829	0.522121083676
0.343437489925	0.91004986757	0.232077415291
-0.446901330152	0.39216486155	-0.804043481564
-0.840708757053	0.123083284148	0.527313274656
0.305758049274	0.91162340096	0.274690351139
-0.527721658878	0.407757420221	-0.745146741118
-0.818715672811	-0.0104530856305	0.574103939193
0.2263060464	0.913030433314	0.339353754085
-0.475991586358	0.418053076917	-0.773733583608
-0.818604304141	0.110946355471	0.563540516545
0.321432771764	0.901622174432	0.28941050304
-0.255554584119	0.918468484081	0.301840156131
-0.204117557608	-0.356427239717	0.911754147536
0.94500151258	0.171392084486	0.278562172603
-0.270730293197	0.884406637483	0.380170969018
-0.238426510162	-0.444217598596	0.863610720375
0.932661710032	0.143162762859	0.331129182854
-0.185707964302	0.907672882688	0.376354245629
-0.172098710526	-0.407141898047	0.897004761484
0.967416463579	0.101810835984	0.23181880408
-0.210357578329	0.882726506571	0.420170974103
-0.189368783255	-0.45843919965	0.868316196291
0.959108542768	0.103089608637	0.263596969507
-0.215314525451	0.897197100871	0.38558656746
-0.164796602375	-0.422567917435	0.891222988879
0.962539203702	0.128349905526	0.238840057093
-0.223056396115	0.902280367166	0.368966009707
-0.177774109692	-0.409806801269	0.894681325662
0.958458211512	0.133971816408	0.251812168674
-0.232677104029	0.879045484216	0.416101322154
-0.113390373438	-0.44944564442	0.886081896986
0.965921268443	0.158989124264	0.204251076806
-0.236426241053	0.899426562987	0.367606486172
-0.192096518077	-0.414132498146	0.889715260954
0.952471311182	0.139736092777	0.270688471062
0.141610185651	0.78487061244	-0.603261972065
0.675856816587	-0.521925195153	-0.520396232725
-0.72330107748	-0.334025144697	-0.604370226441
0.175703248033	0.792384818833	-0.584171528521
0.667290166657	-0.53214261309	-0.521105791634
-0.723777527514	-0.298251087969	-0.62225054365
0.0797996132828	0.746058500817	-0.661083274533
0.623536087087	-0.554789335905	-0.550831670935
-0.777712755849	-0.368251944954	-0.509467611328
0.0975308617931	0.730203225857	-0.676235505218
0.640247121101	-0.566245579991	-0.519091132811
-0.7619546138	-0.382328692607	-0.522738755711
0.100544623765	0.80426883834	-0.585699464634
0.614387036735	-0.513224166302	-0.5992761978
-0.782573189094	-0.299591434845	-0.545734977136
0.174967951817	0.816374730483	-0.550378847895
0.634261381045	-0.521014164208	-0.571186238871
-0.753058481989	-0.249145576702	-0.608955013012
0.0781379111252	0.797446055272	-0.598308228469
0.60428659425	-0.515212162754	-0.607775979952
-0.792925380683	-0.314060055928	-0.522142808973
0.134982089436	0.747067904595	-0.650899100594
0.628408408288	-0.572441980102	-0.526700598309
-0.766082871251	-0.3379351917	-0.546733300044
-0.123953181713	0.454511743301	-0.882074058699
-0.936648238189	-0.347074334148	-0.0472169231622
-0.327605933594	0.82034043856	0.468738625188
-0.102916580297	0.523654050064	-0.845691796524
-0.925221794415	-0.362551460072	-0.111897594327
-0.365202423317	0.770936363345	0.521808695082
-0.132871747187	0.408650085768	-0.902967479193
-0.910067691961	-0.411164276363	-0.0521613982555
-0.392583694422	0.81483073262	0.42653130199
-0.10407821973	0.432496153128	-0.89560862475
-0.916228867758	-0.392000747411	-0.0828256286787
-0.386901011997	0.81196212991	0.437064194468
-0.0607033994843	0.491346296767	-0.868846343903
-0.94485450079	-0.308928070994	-0.108689868967
-0.321815358548	0.814335515579	0.483003695698
-0.088720962958	0.506039071355	-0.857935363531
-0.931022357668	-0.34826198367	-0.109137567106
-0.354014122963	0.789074202654	0.502031793105
-0.107049193252	0.424358484051	-0.899144226953
-0.928863498667	-0.365232729592	-0.061787103964
-0.354616785689	0.828567995029	0.433268980724
-0.143747407158	0.429241868113	-0.891677142309
-0.919855055953	-0.390257026439	-0.0395747287936
-0.364970387147	0.81452495467	0.450938717008
0.899437784838	0.0729059408061	0.430925045572
0.179681194817	0.837122162199	-0.51666348199
-0.398404743113	0.542135784825	0.739839476655
0.89792229435	0.181137487225	0.401154288294
0.0730872824114	0.837383604535	-0.541707436158
-0.434043547867	0.515730460571	0.738666560768
0.952912238116	0.0806448922868	0.292326305033
0.0958510653491	0.834466944126	-0.542657806824
-0.287699218868	0.545125052978	0.78744386452
0.951076561563	0.128381206194	0.281018930305
0.0420834668971	0.847268844079	-0.52949455646
-0.306075734268	0.515416112867	0.80041481272
0.922794364965	0.0969743429926	0.372889441419
0.118912883034	0.848879873437	-0.51503658534
-0.366483676266	0.519614217272	0.771810065035
0.916780629875	0.145882473206	0.371795079355
0.0766715713493	0.849305924899	-0.522303471831
-0.391962685938	0.507343818876	0.76744218233
0.95253123329	0.133241594777	0.273735139956
0.0335390949702	0.847741025731	-0.529348922565
-0.302587803016	0.513402210877	0.803031002254
0.948959719433	0.125754970335	0.289242352533
0.0430281229542	0.856879777021	-0.513717460128
-0.312448446464	0.499942732362	0.807733392461
0.00953763017496	-0.833824370452	-0.551947410071
-0.0447524566435	0.551063517586	-0.833262391426
0.998952572382	0.032648347281	-0.0320598470271
-0.0736197759477	-0.915642378767	-0.395195098797
-0.0779372583231	0.400340828003	-0.913046004894
0.994236347994	-0.0364178183401	-0.10083565955
-0.0987151156955	-0.85044953353	-0.51671165744
-0.0101172610675	0.520078679353	-0.854058438916
0.995064313019	-0.0790807623453	-0.0599438516989
-0.0499127653787	-0.916855982522	-0.396085581825
0.0248588742517	0.395316588722	-0.918208478982
0.998444148256	-0.0556765823011	0.00306067440641
0.00556048154505	-0.850449744466	-0.52602689694
-0.036847147945	0.52550355125	-0.849993116007
0.999305434717	0.0241089549211	-0.0284145910172
0.0321679602875	-0.902144668729	-0.430232722698
0.00290917431658	0.430538193783	-0.902567663208
0.99947823173	0.0277821282143	0.0164740382957
-0.117906211895	-0.863652098584	-0.490105279267
-0.00649781025483	0.494208336803	-0.869319217229
0.993003479659	-0.0993135217076	-0.0638820820844
-0.134245589754	-0.872075797806	-0.470597424631
-0.0220810471126	0.477410745134	-0.878402762469
0.990702054377	-0.107530407962	-0.0833466367339
0.937861698816	-0.171950057132	0.301411034409
0.00364686480566	0.873432555124	0.486931485793
-0.346990106758	-0.455575185158	0.819786018567
0.941718163598	-0.0974213642778	0.321987542643
-0.101492070943	0.830270074824	0.54804284585
-0.320727702842	-0.548781084891	0.771992914139
0.895945473319	-0.234035685297	0.377503654175
-0.0119105145441	0.836954542521	0.547142793645
-0.444004336185	-0.49470637251	0.747078148171
0.907610243872	-0.216460605315	0.359706065735
-0.0070725536672	0.8488173217	0.528638947585
-0.419754245201	-0.482342165134	0.768864366957
0.877283639199	-0.208666985095	0.432240099889
-0.0526392247383	0.853291581793	0.518770263546
-0.477077065724	-0.477861448175	0.7375946759
0.893009695762	-0.167218264172	0.417817824005
-0.0891566015573	0.844270842228	0.528448524837
-0.441117651344	-0.509160873528	0.739033435817
0.940993236654	-0.116864206515	0.317607440615
-0.0642967170702	0.859657806872	0.506808039117
-0.332261435127	-0.497324052882	0.801418197278
0.95601213354	-0.0889941879434	0.279501047397
-0.0775000729484	0.842370458765	0.533297056561
-0.282903763985	-0.531499808425	0.798419323457
-0.952239751041	-0.272700966414	-0.137378349381
0.24442127246	-0.950396762465	0.192362698234
-0.183021500187	0.149597289479	0.971660315862
-0.960118570177	-0.238074260391	-0.146604266178
0.223875549995	-0.968729417696	0.106971425123
-0.167487021696	0.0698841485455	0.98339427593
-0.980559140079	-0.157686065157	-0.116806617361
0.144456480424	-0.982899528587	0.114218019427
-0.132819449884	0.0951237906824	0.986564996071
-0.954500045413	-0.237932207978	-0.179779724997
0.222482514584	-0.969588228795	0.101995298307
-0.198579998534	0.0573565565459	0.978404947239
-0.976538972649	-0.213681752853	-0.0266060836126
0.206310843058	-0.963847643615	0.16861115327
-0.0616734239717	0.159166558887	0.985323483252
-0.987916916309	-0.141259687837	-0.0637840802206
0.132057246868	-0.982585625871	0.130724543953
-0.0811393360032	0.120721677565	0.98936479537
-0.949894931953	-0.21062659367	-0.230948772781
0.173667767206	-0.969965508862	0.170316501784
-0.259885367506	0.121674328374	0.957943099127
-0.943810920749	-0.211493992068	-0.253942766748
0.182506165646	-0.974163198894	0.133015734915
-0.275514313541	0.0791958177727	0.958029118792
0.193325764248	-0.097680054872	0.976260158132
0.319539278479	-0.934513178933	-0.156780435906
0.927642139505	0.342263147963	-0.149452998975
0.153345034908	-0.0608876234471	0.986295309873
0.312675301117	-0.943828344263	-0.106879485549
0.937400606485	0.324779564737	-0.125693767677
0.142677324898	-0.155401275015	0.97749376042
0.226891874814	-0.956163536521	-0.18512790932
0.96341252072	0.248198931081	-0.101163995317
0.192558025607	-0.0614678449769	0.979358613674
0.256288807855	-0.960245338681	-0.110658852694
0.947226286118	0.272306883397	-0.169149607318
0.153858421881	-0.102985575948	0.982711304191
0.318697899427	-0.93622870221	-0.148011324397
0.935285616878	0.33596082271	-0.111225334759
0.178164834458	-0.133206418337	0.974942718011
0.312310570298	-0.931911315275	-0.184399885304
0.933123443585	0.337338494889	-0.124432014599
0.187084944631	-0.0665342435849	0.980087901999
0.252195507227	-0.961011012537	-0.113379737788
0.949419047285	0.268385419196	-0.163010933604
0.151679845109	-0.129987415605	0.979845438436
0.232207793064	-0.958885869583	-0.163152643486
0.960767064527	0.25227468367	-0.1152601545
-0.393370636673	-0.2391973849	0.887718468835
0.842362749988	-0.480627574831	0.243766391863
0.36835372441	0.843671540011	0.390555801654
-0.349142278932	-0.20958432803	0.913331351431
0.85163883617	-0.477564572151	0.215970967201
0.390910527857	0.853233013538	0.345228072671
-0.362259934376	-0.20379449335	0.909524942456
0.850118027059	-0.472358941912	0.232758357043
0.382187331734	0.857522546167	0.34436603071
-0.328457302282	-0.244361326287	0.912361463086
0.876501411011	-0.438783516854	0.198026276996
0.351939161794	0.864729247858	0.358304620293
-0.349790528467	-0.247839430529	0.903450180465
0.865681832474	-0.45414706851	0.210583552983
0.358108331137	0.855760529902	0.373406414738
-0.367626034147	-0.209485940203	0.90607217911
0.848802917138	-0.473674227717	0.234875268847
0.379979947837	0.855422950894	0.351947211751
-0.347865083641	-0.290593050779	0.891372936572
0.858088023602	-0.48172807514	0.17782904674
0.377723413314	0.826736901893	0.416930669069
-0.33683153774	-0.24664885028	0.908685180384
0.870430273575	-0.449555515544	0.20062618431
0.359020265776	0.858524357047	0.36611518458
0.603412315894	0.513678589543	-0.609941152299
0.189485901674	-0.835339972345	-0.516046248383
-0.774589565957	0.195813544088	-0.601389536815
0.549352466127	0.598329675265	-0.583278247528
0.220364552803	-0.777071213018	-0.589576099127
-0.806009539775	0.195351254135	-0.558736672972
0.635834099181	0.519137964015	-0.571148830104
0.1914028827	-0.822938768104	-0.534918488317
-0.747716622997	0.230799971766	-0.622617198596
0.641260779881	0.48620503974	-0.593623996034
0.188800154448	-0.849823495481	-0.492092919757
-0.743733346716	0.203483658622	-0.636754205253
0.622090274818	0.543147133129	-0.563910370234
0.202184872168	-0.807256832979	-0.554488771214
-0.756389444235	0.230927936182	-0.612002776886
0.642993319476	0.545734368114	-0.537339231329
0.208992294817	-0.800004462199	-0.562418322994
-0.736805042581	0.24933140354	-0.628451698288
0.610962780355	0.537368183363	-0.581343005814
0.199200828898	-0.815059273424	-0.544055471067
-0.76618749968	0.216593539472	-0.605014893291
0.609254171905	0.547192039047	-0.573925326026
0.172193350349	-0.797784904902	-0.577831239594
-0.774053523696	0.253219990836	-0.580276653672
-0.466547786395	0.133608199502	0.874346750099
0.769848100687	0.548069692517	0.327037588175
-0.435508085173	0.825692758378	-0.358558763862
-0.44207366615	0.118551551293	0.889109922068
0.781699455272	0.537046605618	0.317059806847
-0.439905541522	0.835180512929	-0.330085854901
-0.330127351203	0.0997587899035	0.938650192594
0.824976266391	0.513742621422	0.235547667725
-0.458726672554	0.852124831064	-0.251899139323
-0.357372883868	0.120682683362	0.926131965008
0.79465694405	0.560302143954	0.233627658255
-0.490718929681	0.81944934643	-0.29613814472
-0.36111451281	0.0287218943632	0.932079076685
0.772930192987	0.568408903207	0.281940152168
-0.521704197012	0.822244723558	-0.2274607326
-0.314673781516	0.0374632382639	0.948460298552
0.766652537311	0.599188776944	0.230687457392
-0.559664470182	0.799730780789	-0.217270288918
-0.36453208929	0.0808437469225	0.927674815849
0.770299628637	0.585936364297	0.251628763633
-0.523215784832	0.806314356284	-0.275866500471
-0.329900019196	0.133112987244	0.934583770018
0.804716815912	0.557255410381	0.204688116164
-0.493555201311	0.819601922483	-0.290956814117
0.680824294985	-0.275168028452	-0.678793663489
0.554380062244	-0.412078923367	0.723086244417
-0.478686774479	-0.868604355501	-0.128005675738
0.741897423742	-0.291235765422	-0.603961872817
0.461834857261	-0.43106286682	0.775173130241
-0.486103671551	-0.854029593262	-0.185301604391
0.713647778741	-0.348941279197	-0.607409929499
0.492938952898	-0.365928159483	0.789371729499
-0.497712796196	-0.862749397153	-0.0891370604399
0.712558947797	-0.438682253458	-0.547556050718
0.447047357462	-0.31761416621	0.836223601664
-0.540748008192	-0.840642095243	-0.0302070761686
0.773678757475	-0.208000027668	-0.59846232738
0.466206452716	-0.452736649151	0.760053285368
-0.429036959071	-0.867044082872	-0.253301762365
0.754960667078	-0.245837671175	-0.607945921823
0.484573068605	-0.415500901313	0.769771406854
-0.441840860053	-0.875741352831	-0.194560535538
0.737001422861	-0.334240414949	-0.58746256046
0.482223413138	-0.34899023089	0.80353373375
-0.473592118546	-0.875493704413	-0.0960277550179
0.7052757704	-0.341132434088	-0.621461779533
0.520713863891	-0.34560518724	0.780649790885
-0.481085390506	-0.874177148221	-0.0661145703254
-0.995111540216	0.0151848367404	0.0976543534724
-0.0982893208984	-0.25508694576	-0.961914041003
0.0103034662259	-0.966803410014	0.255323724235
-0.989188693226	0.0115335418121	0.146186139105
-0.143807911107	-0.271290694073	-0.95169278747
0.0286826525313	-0.962427583994	0.270017776956
-0.990494812552	0.0745771337415	0.115573172399
-0.131138753507	-0.258561488241	-0.957051658188
-0.0414913772259	-0.963111364399	0.265884472261
-0.997110891396	0.0298347885008	0.0697441693955
-0.0754224916701	-0.291588600398	-0.953560437193
-0.00811242995778	-0.956073190202	0.293006406128
-0.978082124664	0.0128298974912	0.207816294447
-0.204900004404	-0.236623730185	-0.949749038526
0.0369892782127	-0.971515641519	0.234068229728
-0.988933480738	0.0273636858182	0.145798143294
-0.147966904639	-0.251967442112	-0.956355187291
0.0105671671374	-0.967347237462	0.253230906855
-0.983688320221	0.0925222404277	0.15425932815
-0.174309686574	-0.278569075449	-0.944465335282
-0.0444121431775	-0.955948885354	0.290153301272
-0.991181169541	0.0141575869371	0.131765274027
-0.129928956533	-0.299603382903	-0.945176173728
0.0260958035235	-0.953959692996	0.298798998154
0.703953138366	0.653551382577	0.278065815522
0.320532036578	-0.641702186907	0.696762279823
0.633805349423	-0.401359005616	-0.66121243732
