-0.229277612901	-0.857192749501	0.46114252835
0.683522885322	0.195506034509	0.703259481464
-0.692985069458	0.47644309548	0.541085662861
-0.209420547301	-0.833283727269	0.511645625233
0.696753079791	0.239955141796	0.675985698187
-0.686059882046	0.498055968964	0.530341477612
-0.156491851019	-0.881706347621	0.445089028055
0.676473924958	0.232665590635	0.698748716551
-0.719648077314	0.410439589459	0.560041068159
-0.147064609841	-0.870190715381	0.470255342518
0.683013761452	0.254539709432	0.684617935087
-0.715446832384	0.421873955395	0.556918471
-0.192915426698	-0.856579057375	0.478597966405
0.691425987085	0.227413770288	0.685720874903
-0.696213903455	0.463201179144	0.548389359664
-0.186409872695	-0.860563829093	0.474005615547
0.697308704705	0.223985148302	0.680875369109
-0.692106926606	0.457450099982	0.558325562322
-0.206349077628	-0.86093101935	0.464992330033
0.682848175005	0.213660622237	0.698618298672
-0.700812711757	0.461678391598	0.543796484636
-0.21800577655	-0.847840207942	0.483363673085
0.691100996606	0.21559111972	0.689854960807
-0.689095690853	0.484445493587	0.538943117581
0.819656998977	0.189776788017	-0.540506405835
0.228326032421	0.757117606234	0.612078551526
0.525385217662	-0.625106151824	0.577245763945
0.800047522155	0.118391287557	-0.588138986996
0.340348300568	0.717745156389	0.60745775869
0.494051616022	-0.686167178844	0.533935960277
0.762713118005	0.239852327152	-0.600615978718
0.265705841823	0.730478294806	0.629127855536
0.589634716034	-0.639431242707	0.49341521337
0.757266461818	0.247285012437	-0.604481288574
0.261913944317	0.73287911224	0.627924591334
0.598288050511	-0.633828312127	0.490217379288
0.775737406752	0.160911846146	-0.610195750494
0.297972026452	0.758964185972	0.578952533701
0.556277042132	-0.630936401388	0.540809680562
0.793171365618	0.202266856375	-0.574427801104
0.309920518938	0.677895308092	0.666638744439
0.524240833788	-0.706785725986	0.47500049822
0.792875457594	0.148000193623	-0.591138269489
0.30360197821	0.745157290099	0.593773066561
0.528369520122	-0.650258839566	0.545883775765
0.789323644634	0.211829663035	-0.576278034245
0.281842649695	0.708853570146	0.646599822008
0.545465764011	-0.672796256579	0.499812250005
0.92296864527	-0.212380275515	0.32097273616
0.0751325633251	0.917344746924	0.390939524839
-0.377470497807	-0.336709418824	0.862637112967
0.935198823828	-0.183303102299	0.302990318474
0.0571767432548	0.92254116888	0.38163937472
-0.349476723734	-0.339584694875	0.873240090429
0.96593990156	-0.141442003931	0.216689329897
0.058285322701	0.934799026844	0.350362098106
-0.252116892184	-0.325798922889	0.911203672873
0.976261207079	-0.129755718678	0.173428685813
0.0525774079859	0.918718208053	0.391398097209
-0.210118232817	-0.372988348075	0.903731166112
0.950466392174	-0.134548754131	0.280196840996
0.00489761104997	0.90782581694	0.419318850935
-0.310788755184	-0.397176180183	0.863516896435
0.956528729081	-0.165897746391	0.239855638332
0.0532169111001	0.907922816651	0.415745255383
-0.286741608195	-0.384907904235	0.877282823676
0.957001604783	-0.149666265153	0.248491322331
0.0429650093089	0.920306508024	0.388831504397
-0.286883140274	-0.361435941644	0.887165217575
0.964392488933	-0.159668747998	0.210838842948
0.0617426068422	0.911090623189	0.407555794429
-0.257167216579	-0.380026006985	0.888507318566
-0.657036744495	0.705745755339	-0.265000791888
0.276532738114	-0.101387003342	-0.955641235202
-0.701307447295	-0.701172913402	-0.128546708623
-0.696167084961	0.686622079122	-0.209526761524
0.257219489324	-0.0339114470999	-0.965757795585
-0.670215993277	-0.726223179114	-0.153004525665
-0.534839655584	0.812969837867	-0.230274338257
0.256797884189	-0.103242231567	-0.960934785566
-0.804985139501	-0.57308014985	-0.153550742522
-0.527294335172	0.83162152278	-0.174259077733
0.26993908989	-0.0305048708293	-0.962394031887
-0.805663373297	-0.554504308109	-0.208402066891
-0.628157936831	0.74679028537	-0.218453372067
0.205831806323	-0.111268772218	-0.972240982281
-0.750367159194	-0.655685541855	-0.083818830837
-0.643527693299	0.730924585419	-0.227205053369
0.26058385666	-0.0698939145264	-0.962918169289
-0.719700590173	-0.678870088844	-0.14548884886
-0.594991115538	0.768463462396	-0.235477304382
0.23533456008	-0.113569483623	-0.965256273801
-0.768507188482	-0.629734814222	-0.113273217859
-0.592933414522	0.772563920284	-0.227101448972
0.284058527017	-0.0632242655583	-0.956720189485
-0.753485787708	-0.631781415376	-0.181965641902
0.538947756173	-0.772295818998	0.336295213943
0.580066038893	0.629769060813	0.516637503481
-0.610785308832	-0.0833671844244	0.787395207637
0.558436763788	-0.74660014722	0.361575156351
0.55130082753	0.659706794029	0.510739011461
-0.619851410488	-0.0858787542638	0.780005810767
0.502020943106	-0.769292490197	0.395175969456
0.593961818504	0.638805865354	0.489015778406
-0.628636890794	-0.0107767294439	0.777624283271
0.564354333516	-0.745729013471	0.354107908817
0.563963488551	0.661517988587	0.494306710223
-0.60286761084	-0.0792601959309	0.79389448839
0.550465134755	-0.731035461718	0.403206273134
0.5628715846	0.681663632089	0.467450830261
-0.616574183886	-0.0303620350413	0.786711145931
0.515524960476	-0.764300637986	0.387399740494
0.592814571117	0.644573020753	0.48280069575
-0.618712298595	-0.0192396029052	0.785382030129
0.544197413318	-0.736333143842	0.402072978701
0.560041475165	0.675676426053	0.479390150005
-0.624662088666	-0.0357053372318	0.780078461186
0.504981255923	-0.790206075019	0.347229468847
0.537144064599	0.602607244841	0.590204010036
-0.675625783181	-0.111529720698	0.728759857635
0.254269331786	-0.952795090562	-0.165917435082
-0.759193303472	-0.0903609197516	-0.644562171241
0.599143228141	0.289855791787	-0.746331661393
0.236223397931	-0.952921391051	-0.190103465318
-0.776367307226	-0.0674404578404	-0.626662259282
0.584339207411	0.295622403442	-0.755748028417
0.18590655277	-0.970732396093	-0.152043991059
-0.784526174513	-0.053483409038	-0.617784925966
0.591572008759	0.234132758112	-0.771507889766
0.18940623636	-0.963263861696	-0.190389262871
-0.789095692197	-0.0339344456731	-0.613332307813
0.584340078397	0.266404324295	-0.766534762288
0.309388562592	-0.934927731198	-0.173749529835
-0.762602954548	-0.134785607701	-0.632668670422
0.568080536011	0.328242365116	-0.754679777795
0.289157460716	-0.935009444669	-0.205293170826
-0.773245657399	-0.101707428389	-0.625896739569
0.564339526279	0.339724761638	-0.752401453798
0.262881229166	-0.954662179585	-0.139690980151
-0.702694928284	-0.090229658077	-0.705746716886
0.661145433947	0.283687704177	-0.694555954135
0.223172337042	-0.95713391919	-0.184631312189
-0.789345473241	-0.0663113972482	-0.610357647268
0.571950858536	0.281952823075	-0.770308193678
0.947181400566	-0.178893991925	0.266166012599
-0.0806610744371	-0.936169342185	-0.342171302977
0.310388784721	0.302629061994	-0.90115198043
0.941729450168	-0.208883772252	0.263653643647
-0.116826566515	-0.938135675406	-0.32596633779
0.315431811133	0.276170363555	-0.907873191574
0.947744287945	-0.156484681891	0.278016758007
-0.0628211458785	-0.945917880001	-0.318265915661
0.312784713548	0.284169375152	-0.906318822339
0.950887123457	-0.154362211785	0.268302122861
-0.0527593408137	-0.934924287896	-0.350905580587
0.305008481055	0.319516168766	-0.897151553445
0.960169620145	-0.133198082476	0.245626788936
-0.0457375385161	-0.942130864728	-0.332106879069
0.275648918353	0.307644555257	-0.910697540484
0.944825262681	-0.207724474758	0.253289916984
-0.119428009182	-0.938443759723	-0.32413089755
0.30502817916	0.275997157069	-0.911473504524
0.945842621629	-0.144706726207	0.290588457439
-0.0435234495833	-0.943595491967	-0.328224882704
0.321694571826	0.29780165829	-0.898790926929
0.931794374649	-0.226794990841	0.283413655684
-0.125313791576	-0.933767633955	-0.335224045154
0.340669519827	0.276844250325	-0.898499987517
-0.99479957965	0.09673381422	0.0319972454038
-0.0805825683074	-0.554793047517	-0.828080272199
-0.062351457176	-0.826349234105	0.559697137115
-0.992951619439	0.114796695719	0.0295267889684
-0.0931449779771	-0.601618496908	-0.793335763232
-0.0733084285223	-0.790493098513	0.608068360972
-0.992943813089	0.0855308692321	0.0821800754606
-0.116816930903	-0.585038582312	-0.802551456109
-0.0205645094425	-0.806485899106	0.59089671848
-0.992992389018	0.0653020844205	0.0984929553509
-0.118127581443	-0.525003286864	-0.842862231689
-0.00333151404781	-0.848590893703	0.529038926374
-0.99627869598	0.0770912392038	0.038372005656
-0.0751047061783	-0.559888979116	-0.825150428361
-0.0421278184805	-0.824967203683	0.563605761612
-0.993272121676	0.0936735921838	0.0682725291517
-0.109916100528	-0.574168170722	-0.811338038281
-0.0368012357686	-0.813373358086	0.580581425324
-0.997228824123	0.0734617731453	0.0118407891939
-0.0529827677726	-0.58928717721	-0.806185568675
-0.0522461742287	-0.804577971801	0.5915446451
-0.991147655869	0.0745068127264	0.109843604001
-0.131807922388	-0.455210800629	-0.880569644124
-0.015606219215	-0.887256987244	0.461008599351
-0.993312510962	0.0218461571209	-0.113347073633
0.0299959020637	0.997046447219	-0.0707009185512
0.111467751127	-0.0736282516677	-0.99103399808
-0.992140465716	-0.0311452718239	-0.121237561025
-0.0305486088406	0.999510305693	-0.00677746882014
0.121389277361	-0.0030205345089	-0.992606064973
-0.978061967724	-0.00407882137414	-0.208271426603
-0.0189325363394	0.997410945481	0.0693755243602
0.207449229911	0.0717967097344	-0.975606932917
-0.980917759984	-0.0291945154601	-0.192232889341
-0.0399298633271	0.997837538221	0.0522097623734
0.190292957021	0.058889163175	-0.979962300125
-0.986851157879	0.0110081290716	-0.161249862791
0.0193803623208	0.998539017344	-0.0504403693208
0.160459025025	-0.052902272118	-0.985622725565
-0.981354462855	-0.00189741953421	-0.192200154141
0.000382344361571	0.999930025425	-0.0118236248675
0.192209139391	-0.0116766472641	-0.981285067563
-0.979832477469	-0.0276441359952	-0.197896181248
-0.050070871605	0.992754016237	0.109235372474
0.193442509868	0.116941269566	-0.974116789239
-0.988873133357	-0.0252418049666	-0.146587533422
-0.0299248543623	0.999106940599	0.0298298868682
0.145703660778	0.0338846623298	-0.988745366996
-0.8431817252	-0.263310189337	-0.468736757524
-0.535261477322	0.329382486918	0.777819382855
-0.0504138329992	0.906738984296	-0.418669636784
-0.857354516527	-0.285989625202	-0.427960055063
-0.509570462451	0.354244812505	0.784122049768
-0.0726485942697	0.890347897966	-0.449444302889
-0.836765453703	-0.314463138709	-0.448255902052
-0.53806594027	0.320450760877	0.779612202373
-0.101515827597	0.893545229164	-0.437343103713
-0.849415103572	-0.280831615617	-0.446795210076
-0.52244193404	0.328012686581	0.78705877308
-0.0744767187359	0.901964905301	-0.425336660794
-0.885252490544	-0.268661751984	-0.37967024019
-0.460797085999	0.395677897209	0.794421323742
-0.0632034318712	0.878214129414	-0.474073558063
-0.852213393104	-0.263311765644	-0.452105380893
-0.523186526748	0.43362825983	0.733650052338
0.0028669824167	0.861761832028	-0.507304985846
-0.898857340611	-0.237323459014	-0.368411438418
-0.428585987314	0.300623175013	0.852019672774
-0.0914519744637	0.923742955112	-0.371928896871
-0.886981767396	-0.269974917651	-0.374670121439
-0.449572116614	0.319297125669	0.834226917769
-0.105589147277	0.908384930636	-0.404584174186
0.864836850968	-0.0342698417061	-0.500882020719
-0.483308764493	0.213235631967	-0.849083741833
0.135903859012	0.97639958031	0.167851117769
0.876237229922	-0.0157480866305	-0.481622583878
-0.468513838261	0.20592578972	-0.859121262531
0.112708024967	0.978440881271	0.173061647542
0.890997555312	0.014597772999	-0.453773356089
-0.445113200316	0.224962466331	-0.866756083367
0.0894292601854	0.974258063438	0.206938670145
0.888038720448	0.0152918758452	-0.459514298496
-0.451923850307	0.212870455243	-0.866285755319
0.0845698853762	0.976960764247	0.19594796968
0.901614576524	0.0133291707172	-0.432334925204
-0.421434728356	0.252111521547	-0.871109948522
0.0973854407967	0.967606379622	0.232924798602
0.903808750482	0.00626725814845	-0.427890716885
-0.424812972829	0.133731001225	-0.895349078046
0.0516108732476	0.99099785818	0.123529660982
0.883101514683	0.00260470297303	-0.469174731575
-0.462186372819	0.176867712904	-0.868965797991
0.080718461372	0.984231180578	0.157396004024
0.925243618383	-0.00137729034764	-0.3793709924
-0.370414339355	0.212759623001	-0.904171754553
0.0819601366737	0.977103601263	0.196344315274
0.237626068466	0.647372381335	0.724184272823
-0.341006739492	0.75368427058	-0.561849114071
-0.909531893196	-0.113441717397	0.399853372524
0.245226384628	0.619015809681	0.746112219278
-0.353186610554	0.773765811206	-0.525876113136
-0.902841754969	-0.134558149536	0.408375889135
0.223177692104	0.666414558514	0.711395352002
-0.368743718044	0.733288048273	-0.571241372999
-0.902341277484	-0.134834239062	0.409389718395
0.249154636564	0.612045413306	0.750548069021
-0.322381967256	0.783205298833	-0.531657158538
-0.913231547335	-0.109498306318	0.392451630035
0.245743712146	0.622610516716	0.742944249048
-0.304373495411	0.777245301808	-0.550678228744
-0.920307985411	-0.0908068323217	0.380509288574
0.241347885169	0.662803737457	0.708831710119
-0.291178764765	0.746228701961	-0.598629808606
-0.925724642973	-0.0619187081169	0.373095095335
0.240196011235	0.611741314462	0.753709796134
-0.366693188617	0.776091610079	-0.513047681045
-0.89880031043	-0.153148234677	0.41073547804
0.220061885681	0.606924722993	0.763685243917
-0.354350139297	0.779134181289	-0.517093712642
-0.908850235152	-0.156819353058	0.386521596105
-0.495040636315	0.769531652163	0.403424422481
0.838673814963	0.301872721277	0.453317738686
0.227060477474	0.56275374404	-0.794824705648
-0.500014777158	0.761704652767	0.412073766066
0.821652083854	0.266886998331	0.503652462246
0.273654197527	0.590410002949	-0.759305797368
-0.507657838458	0.770815912646	0.384888683921
0.813232902449	0.281173181882	0.509509629998
0.284514879351	0.571656055246	-0.769594594039
-0.520401838153	0.752600569815	0.40344458857
0.813619513601	0.293588673965	0.501822509132
0.259226620583	0.5894021767	-0.765113566747
-0.433769502104	0.777569589185	0.455229426093
0.862728890943	0.212688239434	0.458764560885
0.259898359246	0.591736086078	-0.763090104194
-0.502907580033	0.765142425545	0.402023016257
0.79054312373	0.219157243669	0.571840926529
0.349438129706	0.605406924606	-0.715090416814
-0.478118471499	0.789481558136	0.38486201688
0.836679078869	0.276126608563	0.472991365435
0.267147939646	0.548152882102	-0.792563543683
-0.528316287389	0.733189174711	0.428153396883
0.831947693407	0.346339148919	0.433488341721
0.169542716184	0.585220250042	-0.792951630192
-0.792426383686	0.599445339972	0.112808985884
-0.585229221051	-0.799308280468	0.136430160433
0.171951568002	0.0420917359294	0.984205743433
-0.798889686278	0.580213530873	0.158516728365
-0.553331808234	-0.812276144218	0.184476017794
0.23579483577	0.0596636383144	0.969969610922
-0.814839035978	0.578373731956	0.0389985807679
-0.56895357193	-0.810825792364	0.13730653925
0.111035562351	0.0896943639049	0.989760588923
-0.82969901269	0.558209822837	-0.00096040491037
-0.545072032746	-0.809798079549	0.217078636421
0.120397706823	0.18063346578	0.976153644547
-0.765502463554	0.635313011588	0.101898390279
-0.62642123562	-0.772033665839	0.107519209652
0.14697734587	0.0184749069504	0.988967308435
-0.808346228978	0.572222401808	0.138339976462
-0.538200447847	-0.813531239931	0.220243619352
0.23857222	0.103578457206	0.965585211175
-0.793622178625	0.608301463455	-0.0115476068739
-0.596332368522	-0.773963218875	0.212999577883
0.12063052648	0.175927381281	0.976984050488
-0.863438473109	0.504153434676	0.0173959037859
-0.496566470223	-0.855507412822	0.146724606815
0.0888540590752	0.118049497667	0.989024402208
-0.0942846931864	0.516454123406	-0.851108427561
0.469113283305	0.777101302652	0.419578713715
0.878090624296	-0.35970641917	-0.315544247418
0.0129287992612	0.499231990939	-0.866371896591
0.456902172929	0.767750352551	0.44922132632
0.889422986184	-0.401655094416	-0.218174091264
-0.00446590087408	0.52546722738	-0.850802144513
0.531254003923	0.72206134575	0.443166568546
0.847200849548	-0.450012907715	-0.282381222872
0.0447580536549	0.529743400451	-0.846976161949
0.547617879745	0.696084789547	0.464306595718
0.835530578145	-0.484600749816	-0.258941557402
-0.00196917425015	0.532963983427	-0.846135628955
0.412062160383	0.771394988073	0.484927361146
0.911153601868	-0.347705567941	-0.221133301508
0.0122751287232	0.530993398018	-0.847287038637
0.396966989822	0.775127720329	0.49152235418
0.917750796007	-0.34237848491	-0.201272058244
-0.0575068753174	0.528002809282	-0.847293362527
0.532866548296	0.733928424563	0.421191549987
0.844243004413	-0.427272879391	-0.323560964876
0.00288949299494	0.490604428871	-0.87137760993
0.490563748701	0.758629813695	0.428751691255
0.871400512495	-0.42870514187	-0.238480692224
0.705307647035	-0.694125913576	0.14398036615
0.705422915026	0.667122957368	-0.239427396673
0.0701401503474	0.270437023026	0.960179242012
0.712471093974	-0.696564111672	0.084754816898
0.684913661518	0.664071830196	-0.29983642387
0.152572005697	0.27167451692	0.95021825914
0.676323579905	-0.715354916833	0.17565235398
0.73639446757	0.650929284166	-0.184429514154
0.0175953013382	0.254083451883	0.967022235503
0.648875225338	-0.740157175995	0.176432133136
0.758429538273	0.610495147806	-0.228211110398
0.0612011295233	0.281891876891	0.957492241007
0.726986688399	-0.681192349827	0.0864137826373
0.670936215485	0.677930121097	-0.30042528331
0.146064896684	0.276383318307	0.94988278652
0.65155626465	-0.756201038679	0.0602861178149
0.733426501432	0.607639624432	-0.30472880702
0.193804008983	0.242763399076	0.950529293164
0.661268931214	-0.734271526493	0.153521093268
0.748182535015	0.630767525444	-0.205803846504
0.0542797844001	0.250953490351	0.966476099391
0.619783162754	-0.776468211714	0.113868164638
0.781498616632	0.597424591699	-0.179843770169
0.0716153260266	0.200451953507	0.977082524718
-0.193483117958	-0.928241739906	0.317697679221
-0.943784247077	0.264556400181	0.198195273204
-0.268022085012	-0.261490618663	-0.927247128968
-0.132801842107	-0.93542058125	0.327646167704
-0.951650747209	0.212726416357	0.221603993901
-0.276991931967	-0.282375301592	-0.918444155062
-0.116029765168	-0.957598805118	0.26370651621
-0.980673908878	0.152558353164	0.122491865839
-0.157528672632	-0.244397424673	-0.956793471762
-0.0899688012225	-0.934962519033	0.343148456288
-0.985739656312	0.132791060133	0.103363396884
-0.14220796399	-0.328955543875	-0.933576686404
-0.115832228222	-0.938646836866	0.324845629911
-0.94766668855	0.202395321628	0.246908378264
-0.297506999989	-0.279245439509	-0.912968240628
-0.132104796492	-0.938657921778	0.318543360403
-0.944283527361	0.216904997823	0.247550016229
-0.301458432504	-0.268092701251	-0.915013403977
-0.0844722425648	-0.946144907372	0.312529494628
-0.990306465523	0.114424810285	0.078742737423
-0.110263208285	-0.302848359097	-0.946639144068
-0.140474900234	-0.934953559041	0.325773444737
-0.97894107163	0.180386625034	0.0955762667477
-0.148124519025	-0.305486966866	-0.94060422954
0.0427928026424	0.940053040433	0.338334792377
0.813216084886	-0.229500324435	0.534799930712
0.58038758588	0.252253142258	-0.774287511327
0.0350483494699	0.925158648482	0.377963055194
0.859048573962	-0.221153089756	0.46166073383
0.510695744575	0.30850698651	-0.802507861309
-0.0203643669827	0.942161529948	0.334541507655
0.873462050845	-0.146046253774	0.464473622895
0.486467280084	0.301667618609	-0.819968385385
0.0314523063691	0.924785342752	0.379194043635
0.86128475958	-0.217580965434	0.459188141972
0.50715344405	0.312149413973	-0.803347992183
0.0691965133342	0.939633932372	0.335112963541
0.795156564971	-0.254808038735	0.550272619409
0.60244390808	0.228389998955	-0.764788094768
0.0055438815188	0.919955484896	0.391967247543
0.881861798792	-0.189290526397	0.43182577414
0.471461753664	0.343271958059	-0.81232060362
0.0637860229613	0.945372691534	0.319685518752
0.872327020547	-0.208412822886	0.442273455795
0.484741091739	0.250660556492	-0.837967479304
0.0362739908683	0.940916833146	0.33668464302
0.891069826348	-0.182970796274	0.415346085968
0.452410875549	0.284944415036	-0.845059185298
0.949028486504	0.0662389952276	-0.308151771853
0.0338426861498	-0.993434336448	-0.109317026115
-0.313368459771	0.0933163175216	-0.945039372737
0.949127965403	0.0969158914128	-0.299605308408
0.0464269835689	-0.984128584547	-0.171267511082
-0.311449138755	0.148644997048	-0.938563403073
0.94334544562	0.0569686529527	-0.326885710109
0.0125328026081	-0.990571330522	-0.136465289154
-0.331575969804	0.124637148819	-0.935165251178
0.938213456223	0.0688171889822	-0.339145582397
0.000685464551439	-0.980395726307	-0.197039140618
-0.346056442935	0.184632302964	-0.91986765537
0.956059647184	0.107820390749	-0.27262534397
0.0707086837173	-0.987264566894	-0.142487885659
-0.284517305068	0.116949898894	-0.9515075279
0.957491008793	0.0268820594894	-0.28720976696
0.00934085397887	-0.998042041519	-0.0622721216349
-0.288313793993	0.0569422827394	-0.955868505377
0.931061308869	0.0927188494816	-0.352885615083
0.0256540929541	-0.98141783177	-0.190175573865
-0.363960038872	0.168012191018	-0.916138986839
0.937998508471	0.0701161202869	-0.339473859121
-0.00412531160873	-0.977001194541	-0.213191919515
-0.346614704181	0.201374135425	-0.916136385899
0.808541421093	0.251479290759	0.531995236094
-0.553890563214	0.0200337504436	0.83234840351
0.198660536821	-0.967655303898	0.155490127719
0.819085504071	0.156325601576	0.55196127642
-0.557167224052	-0.0123494706379	0.830308506625
0.136614892371	-0.987628390653	0.0769842236024
0.811120025853	0.110008171274	0.574441035523
-0.575633378254	-0.0238001006536	0.817361459112
0.103588198556	-0.993645682955	0.0440196387897
0.799597733595	0.118780301459	0.588671981343
-0.590860126965	-0.0196493546269	0.806534685549
0.107367462465	-0.992726109567	0.0544709664906
0.846258960105	0.184720619358	0.499723986391
-0.513979451023	0.036140261666	0.857040832625
0.140252963308	-0.982126345052	0.125526624883
0.882022666178	0.101113789776	0.460230401234
-0.469926877817	0.116809381136	0.874942472724
0.0347095117726	-0.987993725987	0.150544606518
0.801388203438	0.179064689214	0.570712529813
-0.573479758565	-0.0411516513823	0.818185520495
0.169993885552	-0.982976305162	0.069711521144
0.878854107399	0.118766333432	0.462071438333
-0.463534515827	-0.0166717469154	0.885922000038
0.112921250065	-0.99278224982	0.0404002629542
0.139619986157	-0.702805043589	-0.697546657689
0.989145456422	0.0664082266641	0.131077167194
-0.0457988535543	-0.708276096184	0.704448323047
0.112089353976	-0.73203252997	-0.671985372431
0.992329366544	0.0469777653541	0.114348178902
-0.0521382200491	-0.679648035964	0.731683093892
0.211549688851	-0.676789946114	-0.705125576064
0.976403646911	0.114317517212	0.183214085512
-0.0433892553599	-0.72724607367	0.685004023984
0.191087515604	-0.704817117144	-0.683167930744
0.980348109315	0.102279277004	0.168690740884
-0.0490221865989	-0.701977074325	0.710510395887
0.0697143954994	-0.70245271831	-0.708307924261
0.997527004189	0.0427297372768	0.0558039463102
-0.00893380916679	-0.710446608162	0.70369440443
0.105936372853	-0.68981188693	-0.716196238811
0.984368859149	-0.0291594796021	0.173688462093
-0.14069627207	-0.723401198075	0.675940284464
0.0503034140143	-0.678407595988	-0.732961623768
0.993834747437	-0.0386009304002	0.103935116939
-0.0988033551975	-0.73367100764	0.672283246802
0.22399147945	-0.679275795234	-0.698864938646
0.972929195153	0.113993258368	0.201033102653
-0.0568910333811	-0.724975807288	0.686420778869
-0.392428938547	0.395346044027	-0.830482444856
-0.886713446654	0.07732068478	0.455807868914
0.244415321257	0.915272120909	0.320215745269
-0.388126482217	0.342927819125	-0.855428753011
-0.886210167774	0.115894953438	0.44855312131
0.252961220629	0.932185000401	0.258924215782
-0.45212828491	0.423518129264	-0.784991975753
-0.867326221789	-0.00337579245602	0.497728665797
0.208147142204	0.905881335466	0.368854674045
-0.435207546989	0.437620751369	-0.78681795416
-0.854845173848	0.0734086531983	0.513664203408
0.282549365185	0.896158056977	0.342149973166
-0.431650850474	0.373016505887	-0.821301579798
-0.833479643414	0.183248937858	0.521278756875
0.344948231851	0.909548538942	0.231802075822
-0.44589956351	0.392616507194	-0.804379149586
-0.8408177825	0.124416230461	0.526826378657
0.306918547243	0.911247965647	0.274641820864
-0.527964914774	0.407826037607	-0.744936856931
-0.818548022308	-0.0105859293362	0.574340525771
0.22634516328	0.912998262549	0.339414227151
-0.475985454182	0.418394704867	-0.773552654622
-0.81828923006	0.111592452799	0.563870424039
0.322243036391	0.901383930452	0.289251501549
-0.254609985228	0.919200433269	0.300406871352
-0.204875456318	-0.354865424288	0.912193260805
0.94509246758	0.170707530991	0.278673911634
-0.269862678074	0.884759502685	0.379966828403
-0.23898462745	-0.443802944684	0.863669689168
0.932770344791	0.142265971174	0.331209744513
-0.184191889189	0.908269040322	0.375660347691
-0.172173745895	-0.406105597129	0.89745999543
0.967692899457	0.100626003425	0.231181441269
-0.208889904456	0.882920462105	0.420495449294
-0.189371135619	-0.458362382439	0.868356175798
0.959428756227	0.101761154907	0.262946958802
-0.214329418032	0.897683867792	0.385001918913
-0.164758911749	-0.421739659666	0.891622143891
0.962765446545	0.127668398525	0.238292707448
-0.221950644838	0.902744610595	0.368496945756
-0.177915985895	-0.409073714716	0.894988550393
0.958688548462	0.133081822244	0.251406933998
-0.232377621174	0.878983633098	0.416399304091
-0.112900918845	-0.449601755686	0.886065237119
0.966050718247	0.158889882162	0.2037154719
-0.235776716698	0.899792252683	0.367128459197
-0.192512588001	-0.413538009157	0.889901843621
0.952548322659	0.139141258551	0.270723919789
0.140955153018	0.785247918898	-0.602924463546
0.676684853369	-0.520955759164	-0.520291931739
-0.722654697693	-0.334651745668	-0.604797023394
0.175789885336	0.793097907574	-0.583175877939
0.667653376133	-0.531385973828	-0.521410401578
-0.723420600305	-0.297700430865	-0.62292698808
0.0779941974134	0.745917387487	-0.661460251145
0.623454339983	-0.554237049762	-0.55148459898
-0.777963430219	-0.369374915228	-0.508275597462
0.0956919500546	0.729588023102	-0.677157465565
0.640206924355	-0.566019878606	-0.519377411323
-0.762217823613	-0.383821726756	-0.521249730408
0.0998466011662	0.80480375539	-0.585083159343
0.614334907639	-0.512421332448	-0.600015190531
-0.782703014747	-0.299527165581	-0.545582921566
0.175281247566	0.817193266227	-0.549064018992
0.634347494915	-0.520244549281	-0.571793856263
-0.752913930681	-0.248072819948	-0.609573457577
0.0769380047367	0.798236017636	-0.597409570841
0.604324644021	-0.513909549741	-0.608839931052
-0.793013656763	-0.314187200825	-0.521932075442
0.134546059532	0.747349281395	-0.650665448694
0.628591735447	-0.571975718772	-0.526986340242
-0.766008423357	-0.338099429565	-0.546734206334
-0.122136819271	0.454382898258	-0.882393780685
-0.936906097484	-0.346188442721	-0.0485853133454
-0.327550861574	0.820786056136	0.467996458882
-0.101150524782	0.524191147994	-0.845572109266
-0.925307863046	-0.361801316316	-0.113600799703
-0.365477646633	0.770923746861	0.521634601772
-0.131596019169	0.408544739938	-0.903201863325
-0.909996965671	-0.411162293463	-0.0533947049373
-0.393176719702	0.814884450406	0.42588186197
-0.102542120042	0.432525467279	-0.895771640155
-0.916210163233	-0.391736691017	-0.0842692030712
-0.387355196092	0.812073938723	0.436453741933
-0.0583475922061	0.491942539228	-0.868670299373
-0.945117518889	-0.307433799694	-0.110622443217
-0.321478500686	0.814540967387	0.482881540697
-0.0871255719269	0.506897544507	-0.857591953087
-0.931184435244	-0.347334930879	-0.110697442772
-0.353983934927	0.788931717989	0.502276908173
-0.105516094647	0.425014956404	-0.899015370203
-0.929062263559	-0.364473485246	-0.0632643907004
-0.354555580211	0.828565845019	0.433323180291
-0.142543834315	0.429446564624	-0.891771789325
-0.920004083207	-0.389794413229	-0.0406549825476
-0.365066792501	0.814638563324	0.450655365175
0.898815813168	0.0712221140654	0.432501495854
0.18200170497	0.836990895276	-0.516063581088
-0.398754953369	0.542562117002	0.73933810597
0.897027844029	0.180679144833	0.403356038818
0.0747279846401	0.837482811867	-0.541330092233
-0.435610807648	0.515730149466	0.737743612774
0.953001184777	0.0792975686615	0.292404921684
0.0969936512535	0.834486168712	-0.542425173351
-0.287020860282	0.54529325383	0.787574946741
0.951286298443	0.127198340617	0.280846865879
0.0427798389121	0.84765730742	-0.528816583857
-0.3053264897	0.51507055451	0.800923257771
0.922357742471	0.0955862556853	0.374325339776
0.120744064943	0.849049834282	-0.514329898581
-0.366983736772	0.519593727365	0.771586215333
0.916349114877	0.144888595426	0.373244685751
0.0781966603633	0.849508494955	-0.521747640969
-0.392669814009	0.507289476989	0.767116553139
0.952664399096	0.132168082074	0.273792145612
0.0343187689044	0.848055088999	-0.528795596069
-0.302080722687	0.513160947853	0.803376045946
0.949152735316	0.124365997523	0.289209582303
0.0439178543389	0.85737170093	-0.512820616915
-0.311737559344	0.499446555422	0.808314807378
0.0114604727513	-0.833814839733	-0.551925243245
-0.0447885681816	0.550979466267	-0.833316034596
0.998930750979	0.0342701385215	-0.0310308883658
-0.0724637776616	-0.916428010753	-0.393584420199
-0.078960861853	0.398654530692	-0.91369565172
0.994240502601	-0.0351320762731	-0.101249957173
-0.0994834271066	-0.850754536836	-0.51606177311
-0.00962885018336	0.519433421412	-0.85445666986
0.994992623519	-0.0800352014828	-0.0598668020272
-0.0500576363818	-0.91772407776	-0.394051641628
0.025994720699	0.393215463826	-0.91907880096
0.998407959536	-0.0562501998082	0.00417256132803
0.00671350462826	-0.850610944072	-0.525752781536
-0.037152616868	0.525189435995	-0.850173956835
0.999287070129	0.0252407536572	-0.0280765689091
0.0338284665293	-0.902672358309	-0.428996784321
0.00284156833287	0.429327598121	-0.903144359772
0.999423610339	0.0293329617042	0.0170885016041
-0.118869822323	-0.863999492347	-0.489259516514
-0.00638411785249	0.493408079476	-0.869774525154
0.99288933941	-0.100266439009	-0.0641672133337
-0.135018892242	-0.872470540061	-0.469643508693
-0.0220807949745	0.476515489783	-0.878888737303
0.990596944789	-0.108296494824	-0.0836034290332
0.93771181959	-0.173333376243	0.301084846411
0.00528354238012	0.873660374488	0.486507590446
-0.347373902644	-0.454613123503	0.820157473658
0.941856944194	-0.0980501283863	0.321390211044
-0.100647140012	0.830239951703	0.54824426324
-0.320586413684	-0.548714672021	0.772098798859
0.895762995485	-0.235926076418	0.376759261813
-0.0104234988072	0.836160960975	0.548385080398
-0.44440972713	-0.495150211751	0.746542872006
0.90742938199	-0.218183133536	0.359121198273
-0.00560383756557	0.84827467559	0.529526834689
-0.42016724267	-0.48252066473	0.76852670192
0.876550101239	-0.210047341997	0.43305892609
-0.0517851078158	0.853369044467	0.518728807525
-0.478516689316	-0.477117791816	0.737143398089
0.892586355499	-0.168583379637	0.418173694716
-0.0881736963494	0.844294222132	0.528576069456
-0.442170774831	-0.508671707529	0.738740883003
0.941260493764	-0.117346099913	0.316636346123
-0.0634684556725	0.859488201227	0.507199947769
-0.331663139322	-0.497503693169	0.80155451293
0.956312997659	-0.0895224767497	0.278300515711
-0.0764784472754	0.84219925615	0.533714775339
-0.282163955868	-0.531682368025	0.798559555257
-0.952385665934	-0.272022187647	-0.137713882406
0.243545576993	-0.95046420004	0.193139838923
-0.183430466134	0.150404038776	0.971458637288
-0.96036236838	-0.237302217598	-0.146259348667
0.223128389602	-0.968906434602	0.106930168653
-0.167086388744	0.0700570962674	0.983450121822
-0.980792871134	-0.155973977098	-0.117127028588
0.142651819935	-0.983111612687	0.114644211322
-0.133030374828	0.0957337734996	0.986477558139
-0.954499404757	-0.237523677955	-0.180303938247
0.222027790537	-0.96968458974	0.10203699297
-0.199074528672	0.0573619221772	0.978304093247
-0.976830084717	-0.212472645089	-0.0257711701845
0.205219479755	-0.963996773833	0.169118124682
-0.0607761733983	0.159910443861	0.985258823805
-0.988279135262	-0.139208698061	-0.0627028951195
0.130135527465	-0.982822012588	0.130889199183
-0.0798464724568	0.121194786832	0.989412147878
-0.949803689636	-0.209617210805	-0.232241663635
0.172355906784	-0.970127165633	0.170731852295
-0.261091950834	0.122133324387	0.957556526368
-0.943665821163	-0.210436238199	-0.255367160714
0.181240858287	-0.974377700099	0.133194757626
-0.276852936423	0.0794083233927	0.9576256007
0.192593958332	-0.0969278935874	0.976479496242
0.320979076198	-0.934144128926	-0.156033184923
0.927296962024	0.343480575286	-0.148798350323
0.152280345427	-0.0596217958765	0.986537107128
0.313919134573	-0.943571626806	-0.105481159617
0.937157937187	0.325755643914	-0.124970524731
0.141608493978	-0.155247072939	0.977673700545
0.226961497899	-0.956226909303	-0.184715130169
0.963553837034	0.248051501076	-0.100175227609
0.192332697751	-0.0601818024125	0.979482691347
0.256584329257	-0.960311962294	-0.109387199068
0.94719199425	0.272358638561	-0.169257740997
0.152403244468	-0.102115977402	0.983028937471
0.319867942636	-0.936017211504	-0.146823007408
0.93512462486	0.336815711316	-0.109988741988
0.177450422171	-0.132466815483	0.975173800599
0.313315756548	-0.931735934192	-0.183579697109
0.932922630918	0.338113607072	-0.123833044819
0.186607200903	-0.0651681428757	0.980270591541
0.252494580487	-0.961098636732	-0.111959158278
0.94943341331	0.268405438566	-0.162892894453
0.151003597671	-0.129463476449	0.98001906588
0.232374491781	-0.958958256042	-0.162486092793
0.960833105587	0.252267403854	-0.114722384173
-0.394265469766	-0.2391912608	0.887323102653
0.842425230279	-0.479917397755	0.244946997597
0.367252609432	0.844077508881	0.390715604417
-0.349520050014	-0.208899210395	0.913343811501
0.851794426142	-0.476866558725	0.216897695295
0.390233332384	0.853791235916	0.344613555441
-0.362854281241	-0.203133337884	0.909435882576
0.850112564178	-0.471859147434	0.233789607665
0.381635173566	0.857954427382	0.34390230902
-0.328854977007	-0.244250867809	0.912247708918
0.876759614502	-0.437910895655	0.198812946524
0.350922993303	0.86520259067	0.358158502405
-0.350290485372	-0.2477655962	0.903276673331
0.865860481571	-0.453422686279	0.211408265237
0.357186457886	0.856165893677	0.373360120814
-0.368355408307	-0.209044802584	0.905877799268
0.848869782292	-0.472981457665	0.236026817839
0.37912321138	0.855914035718	0.351677075168
-0.348201629287	-0.290946752269	0.891126023806
0.858215808432	-0.48137130234	0.178177638399
0.377122299946	0.826820193278	0.417309392644
-0.336987884406	-0.246600891807	0.908640309102
0.870799232862	-0.448578484557	0.201211551433
0.357977523333	0.859049121147	0.36590534538
0.602706172848	0.514547301889	-0.60990676792
0.189912541271	-0.83486218498	-0.516660429648
-0.775034462527	0.195565454552	-0.600895516283
0.548231430548	0.599854943026	-0.582766233151
0.220871251691	-0.775924892955	-0.590895073346
-0.806633947556	0.195231003829	-0.557877227437
0.635806589354	0.519923753943	-0.570464046444
0.191816501226	-0.822336847628	-0.53569424587
-0.747633846249	0.231173496073	-0.622577108688
0.641250179529	0.486402430954	-0.593473615889
0.189035707536	-0.849726299729	-0.492169662189
-0.743682565932	0.203416199613	-0.63683461004
0.621838908614	0.544130679041	-0.563239048033
0.20262676087	-0.80649901463	-0.555429537403
-0.756477902441	0.231260414613	-0.611767941436
0.642842537641	0.546649866916	-0.536588606104
0.209284731365	-0.799197543215	-0.563456185328
-0.736853656038	0.249913774265	-0.628163601015
0.610637004167	0.538181496266	-0.580932863657
0.199384314421	-0.81443574799	-0.5449217214
-0.766399510805	0.216920410215	-0.604629450693
0.609077885161	0.547833182707	-0.573500664493
0.172143840089	-0.797180722543	-0.578679319261
-0.774203272125	0.253736201883	-0.579851317402
-0.468518572263	0.133679331022	0.873281236588
0.76895785399	0.54838238601	0.328603952028
-0.434964481891	0.825473545887	-0.359721091512
-0.443673864858	0.118738026631	0.888287575731
0.781051338923	0.537257797787	0.318296835909
-0.439445493927	0.835018173943	-0.331107745129
-0.330398163424	0.0999365170533	0.938535939157
0.824941972368	0.513724579936	0.235706988956
-0.45859323889	0.852114860202	-0.25217547734
-0.357989905503	0.121062172555	0.925844015663
0.794278612338	0.56076942334	0.233792916899
-0.490881530458	0.819073618417	-0.296906880553
-0.361970921624	0.0280153241226	0.931768320558
0.772106434427	0.569083315897	0.282835352367
-0.522330082896	0.821802484935	-0.227622426363
-0.315073727946	0.0368611732796	0.948351093684
0.76585302449	0.600044342934	0.231118866579
-0.560533395853	0.799117037432	-0.217288448541
-0.365032749521	0.0807219427126	0.927488569966
0.769830999901	0.58641581745	0.251945861054
-0.523556406746	0.80597794838	-0.27620322981
-0.330403193927	0.133779722233	0.934310796997
0.804390761037	0.557759733061	0.204596107298
-0.49375012205	0.819150199586	-0.291896760795
0.679468502625	-0.275240416486	-0.680121516224
0.555202727358	-0.413123638369	0.721857904282
-0.47965872788	-0.868085027847	-0.12789027927
0.741468856478	-0.291604394669	-0.604310197855
0.461333548074	-0.432433560811	0.774708068541
-0.487232280995	-0.853210472891	-0.186109131081
0.712837248768	-0.349883746737	-0.607819396634
0.492985356218	-0.366445973241	0.78910251525
-0.498827118058	-0.862147727937	-0.0887287742802
0.711715348129	-0.440501493492	-0.547192569177
0.446604507885	-0.317521639246	0.836495349173
-0.542222912709	-0.839725246663	-0.0292550815835
0.773504123776	-0.207365619268	-0.598908077566
0.466114951048	-0.454173950461	0.759251586081
-0.429451088993	-0.866444238542	-0.254649222158
0.754701784615	-0.245363047777	-0.608458864693
0.48456914121	-0.416757697686	0.769094118218
-0.442287194733	-0.875277093311	-0.195632415841
0.736234249482	-0.335083179926	-0.587944218874
0.482385701682	-0.349474592726	0.803225750143
-0.474618980646	-0.874978190249	-0.0956558414781
0.704483036017	-0.341818327856	-0.621983834172
0.520934288549	-0.346150197553	0.780261200397
-0.482007392312	-0.873693484337	-0.0657920617342
-0.995047134608	0.016328506887	0.0981542836857
-0.0990638371855	-0.255167220403	-0.961815174339
0.0093402197567	-0.966765459297	0.25550861501
-0.989074882806	0.0130511603893	0.146827189925
-0.144831842965	-0.271381631688	-0.951511568257
0.0274279738989	-0.962382561394	0.270308454893
-0.990190619929	0.0769955223206	0.116597362085
-0.132742918491	-0.257874622103	-0.957016432128
-0.0436184925595	-0.963105821452	0.265565188154
-0.997050768224	0.0318861101969	0.0697300930191
-0.0760080049531	-0.291361938755	-0.953584840918
-0.0100892556216	-0.956077685977	0.292933195777
-0.977719658424	0.014250939863	0.209424695775
-0.206817882916	-0.235988787215	-0.949491499473
0.0358908873351	-0.971650479842	0.233679758285
-0.988794345714	0.0287302160605	0.146495414644
-0.148989973034	-0.251692130733	-0.956270584382
0.00939785943122	-0.967381009378	0.253151899998
-0.983282270772	0.0951859328375	0.155227594746
-0.176002348639	-0.278280360954	-0.944236839369
-0.0466812730597	-0.955771768645	0.290381098117
-0.991072720854	0.0162106741967	0.132320107525
-0.131072056591	-0.299579361593	-0.945023841161
0.0243210360466	-0.953932470579	0.299031952892
0.703043292788	0.654480765749	0.278181787662
0.321755002428	-0.641587761302	0.696303918061
