-0.139523928935	-0.862073404202	0.487198634813
0.711727219215	0.254769998481	0.654627074942
-0.688460187246	0.438088675484	0.578014601512
-0.139294632151	-0.861478510691	0.488315256124
0.711627480196	0.255827628021	0.654322978037
-0.688609717602	0.438642229813	0.57741636115
-0.138259480116	-0.862172492554	0.487383758013
0.711383096168	0.255934861057	0.654546751093
-0.689070696647	0.437213851523	0.577949504591
-0.138194220037	-0.861968306429	0.487763248325
0.71153745281	0.256166515739	0.654288287401
-0.688924379706	0.437480683565	0.577922007631
-0.138836603168	-0.862113327539	0.487324328132
0.711761920893	0.255281494513	0.654390037932
-0.688563256554	0.437712193408	0.578177027179
-0.139039443509	-0.861730923413	0.487942488357
0.711713264228	0.255652476649	0.654298139873
-0.688572643831	0.438248379293	0.577759535448
-0.138610377147	-0.862007913878	0.487575163987
0.711437704275	0.255822071096	0.654531492333
-0.688943812702	0.43760420237	0.577805324233
-0.138720501639	-0.861693760781	0.488098915995
0.711545088859	0.256081391641	0.654313343113
-0.68881076914	0.438071029728	0.577610181684
0.771369988621	0.217892413076	-0.59792243293
0.257836972412	0.751982110015	0.606665476683
0.581814777343	-0.622130051729	0.523875711548
0.770840065813	0.216968457072	-0.598940966155
0.260138447253	0.751029762149	0.606862656568
0.581492545579	-0.623601623084	0.522481993758
0.77028178682	0.218292326573	-0.599178134073
0.258454219345	0.752095246535	0.606262455146
0.582981468569	-0.621853043874	0.522906697499
0.770390996922	0.218209005281	-0.59906806089
0.258455938979	0.752059823287	0.606305656812
0.582836374268	-0.621925117591	0.522982703654
0.770941088821	0.217160066959	-0.598741463054
0.258802643416	0.752156501416	0.606037775689
0.581954487931	-0.622175296134	0.523666752796
0.770907872308	0.218250788103	-0.598387540574
0.259256623041	0.750600633432	0.607770265444
0.581796406513	-0.623670815126	0.522060974968
0.770658964496	0.217285444472	-0.599059092758
0.259036039445	0.752085307729	0.606026419196
0.582224262002	-0.622217587437	0.523316523502
0.770591673909	0.218328610789	-0.598766309878
0.25828722192	0.751901912256	0.606573350634
0.582645850519	-0.622074060235	0.52301786283
0.949305617278	-0.196967125364	0.244995500015
0.101645215921	0.929823659952	0.353689425051
-0.297467802598	-0.310856736839	0.902707589807
0.949721775958	-0.195420817121	0.244620630894
0.100465170459	0.930192268565	0.353056785507
-0.296538864818	-0.310729864197	0.90305683886
0.949651139468	-0.196518346041	0.24401485999
0.102065802247	0.930389771815	0.352075905196
-0.296218305036	-0.309443711646	0.903603509851
0.950154357495	-0.195867343345	0.242575103746
0.101417803667	0.92988671158	0.353588932274
-0.294823890223	-0.311362630607	0.903400346707
0.949664493125	-0.196343288076	0.244103796714
0.101259544241	0.929778170684	0.353919564031
-0.296452112562	-0.311387004115	0.902858947083
0.949898925825	-0.196494636523	0.243067663625
0.101911919726	0.929886433458	0.353447566521
-0.295475873635	-0.31096797179	0.903323269772
0.949683091194	-0.196863604473	0.243611877134
0.10212586285	0.92990480031	0.35333747227
-0.296095142791	-0.310679549386	0.903219730946
0.949868930096	-0.196960482133	0.242807708409
0.102179419862	0.929535772791	0.354291704757
-0.295479916308	-0.311720731394	0.903062457988
-0.609558294503	0.730594956243	-0.307683937623
0.40462156471	-0.0470290933251	-0.913274036134
-0.681703590229	-0.681189463819	-0.266947375237
-0.609828742288	0.731115421855	-0.305909309506
0.403975269401	-0.0453250137094	-0.913646818174
-0.681846205115	-0.680747211946	-0.26771263974
-0.608474481987	0.731871632199	-0.306793959664
0.404289183478	-0.0467791678348	-0.913434094579
-0.68286812477	-0.679834908636	-0.267423774836
-0.608576603482	0.732250288519	-0.305685374001
0.404884502681	-0.0447530400903	-0.913271805122
-0.682424041489	-0.679563363865	-0.269240932208
-0.609863191366	0.73089412353	-0.30636797639
0.403532599425	-0.0463229917138	-0.913792129766
-0.68207697364	-0.68091731907	-0.266689206704
-0.610302318808	0.730576657436	-0.30625071277
0.403832130811	-0.0456621524723	-0.913693063451
-0.681506684917	-0.681302540494	-0.267162900455
-0.609742226919	0.730944601653	-0.306488783741
0.403712270616	-0.046353974852	-0.913711300756
-0.682079018735	-0.680861166383	-0.266827746915
-0.609644514612	0.731131537129	-0.306235231525
0.404812379051	-0.0449858769661	-0.913292430219
-0.681513227589	-0.680751643952	-0.26854560729
0.599006811412	-0.682874869481	0.418177895649
0.53457288824	0.729847908096	0.426091372991
-0.596173353092	-0.0316850691794	0.80223025959
0.599042010117	-0.682683345559	0.418440099169
0.534352901695	0.730029402026	0.426056388828
-0.596335177015	-0.0316309928273	0.802112108971
0.597922482154	-0.682902276917	0.419682248188
0.534628569679	0.729880225265	0.425966139368
-0.597211019444	-0.0303206132284	0.801510861191
0.598853299678	-0.682889555361	0.418373736629
0.53459092531	0.729842190937	0.426078538334
-0.59631138753	-0.0314997370187	0.802134961886
0.599066968118	-0.682168652074	0.419243000122
0.534246276362	0.730545589405	0.425304661207
-0.59640563312	-0.0308069599043	0.802091796299
0.598728349378	-0.682777842096	0.418734733817
0.534529189059	0.72995933274	0.425955297461
-0.59649216676	-0.0312055721526	0.802012035412
0.598997698284	-0.682100238851	0.41945322245
0.533827063986	0.730596901622	0.425742671683
-0.596850406233	-0.0311033904113	0.801749439588
0.598430338011	-0.683086396557	0.418657494668
0.533726750511	0.729618273798	0.427542892876
-0.597508894321	-0.0324059299799	0.801207197406
0.228821020532	-0.949123594042	-0.216345571298
-0.819210025546	-0.0676908958699	-0.569484822528
0.525866843444	0.30754256986	-0.793020665451
0.228493829616	-0.949156161508	-0.216547999401
-0.819296117983	-0.0673236069605	-0.569404288808
0.525874819736	0.307522282323	-0.793022983852
0.22828938528	-0.949369506928	-0.21582753102
-0.819333331677	-0.0675926624488	-0.569319032969
0.525905766686	0.306804186759	-0.793280769276
0.227907610602	-0.949341279526	-0.216354418801
-0.819828433056	-0.0672204993282	-0.56864990559
0.52529938121	0.306973141762	-0.793617036379
0.229444481016	-0.948932350501	-0.216524126015
-0.819438935145	-0.0682822586336	-0.569084761448
0.52523816935	0.30800166934	-0.793259104369
0.229222415368	-0.948831888449	-0.217198402338
-0.819435271037	-0.0676745284983	-0.569162555405
0.525340779968	0.308444849781	-0.79301883498
0.229339617816	-0.949065212173	-0.216052153254
-0.818567279739	-0.0679604284983	-0.570376145521
0.526641166662	0.307663065514	-0.792459746829
0.228672408982	-0.94921662232	-0.21609401428
-0.819762724844	-0.0680303238406	-0.56864821929
0.525069418318	0.307179957447	-0.793689059552
0.947338944265	-0.19594443178	0.25328782831
-0.113286558149	-0.944865193037	-0.307240374827
0.29952479039	0.2623666744	-0.917305479665
0.947261584012	-0.196590891077	0.253076117903
-0.114155998423	-0.944923875641	-0.306737002939
0.29943932262	0.261670025974	-0.917532123083
0.947379477259	-0.195519115219	0.253464733424
-0.113122645209	-0.945192883822	-0.306288344148
0.299458448949	0.261498677251	-0.917573956386
0.947484593234	-0.195822942807	0.252836676124
-0.113217409505	-0.944797789881	-0.307475738302
0.299089999679	0.262703038677	-0.917351964769
0.947636429576	-0.195368235024	0.252619272273
-0.112900515112	-0.944909711807	-0.307247201018
0.2987285016	0.26263781447	-0.917488075471
0.94722551323	-0.196825494803	0.253028741016
-0.114527461864	-0.945001855276	-0.306357083816
0.299411555661	0.261210503083	-0.917671785721
0.947381941802	-0.195158290721	0.253733525996
-0.112741353966	-0.945293805732	-0.306119530767
0.299594472175	0.261405856043	-0.91755669447
0.947190533915	-0.196867848608	0.253126827078
-0.114368672344	-0.944849983337	-0.306887734038
0.299582955437	0.261731398004	-0.917468511057
-0.993889168884	0.0808920428456	0.0750645034434
-0.106630443007	-0.528724142728	-0.842066528874
-0.0284279949544	-0.844927551823	0.534123442528
-0.993855145975	0.0816366853558	0.0747995701113
-0.106843572632	-0.529852474532	-0.841336210202
-0.0290512490592	-0.844154973458	0.535313152465
-0.993815263373	0.0806923728028	0.0763892162238
-0.107690409239	-0.530103642354	-0.841073530317
-0.0273742057736	-0.844091611506	0.535503109333
-0.993749633278	0.0812568754285	0.0764035730634
-0.107957860795	-0.528643715492	-0.841940884396
-0.028022956195	-0.844935898587	0.534128282272
-0.993902763046	0.0807481544097	0.0750965707702
-0.106591248326	-0.529047195303	-0.841872471792
-0.0282500471222	-0.84474297188	0.534426628377
-0.993861676404	0.0807047037131	0.0756542844886
-0.107070312118	-0.529953358421	-0.84123940574
-0.0277987090683	-0.844176841844	0.53534305902
-0.993968648113	0.0802239055613	0.0748035331261
-0.106083785476	-0.52970336228	-0.841525106013
-0.027886807825	-0.844382850707	0.535015065815
-0.993844113011	0.0806805552537	0.0760326617686
-0.107303076834	-0.527688455192	-0.842640812725
-0.0278633693875	-0.845605190128	0.533084744337
-0.986051750359	0.0767377152597	-0.147679284662
0.0660802632128	0.994933042569	0.0757735386856
0.152745693475	0.0649580896266	-0.986126311388
-0.986212575674	0.0756186302027	-0.147188574012
0.0648258383592	0.994937092463	0.076797053102
0.152250662509	0.0661966725025	-0.986121510962
-0.985907593295	0.0757918645723	-0.149142069814
0.0647127618178	0.99486714613	0.0777921847346
0.154272558096	0.0670444540027	-0.985751776628
-0.986009671151	0.0750869616014	-0.148826877719
0.0641192897302	0.994953547422	0.0771761729316
0.153870751017	0.0665536864594	-0.985848346111
-0.98581436549	0.0764292520907	-0.149420842809
0.0656959307816	0.99497920064	0.0755011911811
0.154441132861	0.0646138887228	-0.985885877696
-0.985790055183	0.0760565724503	-0.149771481097
0.0651901167165	0.994960789606	0.0761792037753
0.154810682594	0.0653331477312	-0.985780586151
-0.985879375685	0.0760951641941	-0.149135418981
0.06476775594	0.994736658773	0.0793983057488
0.154392308742	0.0686183587064	-0.985618855223
-0.986058272731	0.0761367564559	-0.147968754456
0.0653210093737	0.994917232035	0.0766346753638
0.153051376059	0.0659006984036	-0.986019700305
-0.890041389554	-0.220196891325	-0.399174716256
-0.455054972069	0.376449700546	0.806976368514
-0.0274243950168	0.899888446417	-0.435257733064
-0.890135419657	-0.221544874702	-0.398216942428
-0.454795284066	0.376983134899	0.806873560443
-0.0286376384182	0.899333954349	-0.436323585291
-0.889758421626	-0.221282565606	-0.399209049364
-0.45555175246	0.376106273665	0.806856836913
-0.0283978831224	0.899766292213	-0.435450494059
-0.890333092705	-0.220270441384	-0.398482558188
-0.454462350816	0.376537500382	0.80726923956
-0.0277738765455	0.899833643571	-0.435348543211
-0.890864906624	-0.220401178146	-0.397221704097
-0.453411365892	0.377652550668	0.807339678699
-0.027926596896	0.899334500725	-0.436370385366
-0.890387784918	-0.22044951478	-0.398260240612
-0.454409189615	0.378827040299	0.80622716125
-0.0268606815314	0.898828102908	-0.437477145365
-0.89081521243	-0.219482889625	-0.397839366751
-0.45352019951	0.37609313282	0.808005938308
-0.0277187519839	0.900211879985	-0.434569591636
-0.890721234323	-0.220443032664	-0.397517178546
-0.453662000579	0.376515300249	0.807729413397
-0.0283870942551	0.899800469763	-0.435376616223
0.894511440097	0.0344647331492	-0.445714557242
-0.444222989087	0.180378217256	-0.877570305545
0.0501519724011	0.982993330281	0.176660405256
0.894545658049	0.0349554404033	-0.445607654479
-0.444243969082	0.17959846015	-0.877719590937
0.0493493716151	0.983118762697	0.176187766848
0.894580229249	0.0365453276593	-0.445410654487
-0.444293772076	0.180355642761	-0.877539102183
0.0482623683498	0.982922311677	0.177579454373
0.894707424374	0.0356647965539	-0.445226515552
-0.443944581128	0.180609511276	-0.87766362429
0.0491104545982	0.982908058163	0.177425862318
0.895006198683	0.0357587723251	-0.444618053539
-0.443326494265	0.181367697442	-0.877819668329
0.0492495970893	0.982765007937	0.178178025104
0.895151940429	0.0353779265273	-0.444355043652
-0.443113808186	0.179102329946	-0.878391996913
0.0485093341447	0.983194156594	0.176000246442
0.894583320076	0.0358726230052	-0.445459131704
-0.444233499787	0.180128233542	-0.877616325331
0.0487573662837	0.982988795328	0.177075534232
0.89521153532	0.0360088013575	-0.444184274649
-0.442945178552	0.181374653356	-0.878010693149
0.0489476497717	0.98275458519	0.1783186085
0.192674510792	0.685354120802	0.702257986541
-0.376130782295	0.712586986007	-0.5922376451
-0.906312410359	-0.150031739186	0.395080125172
0.192497206765	0.685244320403	0.70241373114
-0.376740606059	0.71255355824	-0.591890144737
-0.906096763092	-0.150690573843	0.395323929303
0.192581079396	0.685630070004	0.702014194932
-0.376780284611	0.712233469919	-0.592250031359
-0.906062437091	-0.150448960192	0.395494584876
0.192634463371	0.68463824725	0.702966867262
-0.375274732353	0.713326201503	-0.591890698785
-0.906675697988	-0.149787163848	0.39433865031
0.192837880101	0.684973477169	0.702584430973
-0.375377447562	0.713055137576	-0.592152126473
-0.906589939792	-0.149544991893	0.394627638124
0.192277113221	0.686088447573	0.701649602416
-0.375584478376	0.71200169423	-0.593287359417
-0.906623307702	-0.149453114212	0.394585798819
0.192496286916	0.684867625486	0.702781255128
-0.377361888636	0.712767007218	-0.591237000206
-0.905838375209	-0.151391944865	0.395647949785
0.192552743498	0.685243083058	0.702399721013
-0.374807851495	0.712881981379	-0.592721147449
-0.906886170043	-0.149134842665	0.394101865996
-0.442713136643	0.803685818693	0.397608837179
0.865047131559	0.266105566413	0.425300573168
0.236002421072	0.532236998138	-0.813034366209
-0.443357782592	0.802903760007	0.398479050862
0.864368427327	0.265275968687	0.427199017127
0.237291431891	0.533832680304	-0.811617603168
-0.442904687643	0.803924828403	0.396915061429
0.864375918739	0.265309919	0.427159874696
0.238098649338	0.532274513501	-0.812400428155
-0.442902879381	0.803468936032	0.39782703793
0.864636474198	0.265423200219	0.426556019979
0.237133824587	0.532901435094	-0.81226419009
-0.441010593819	0.804257719461	0.398352750944
0.865819721166	0.264342273882	0.424832086461
0.236371749448	0.532255213159	-0.812920661712
-0.442479766026	0.803663795888	0.397908956757
0.864643758237	0.264621071001	0.427041571554
0.237903774729	0.533008288559	-0.811971768234
-0.442184377455	0.803890779624	0.397798317942
0.86497695745	0.264863626843	0.426224921846
0.237273577127	0.532552753591	-0.812466938796
-0.443313663544	0.802926531679	0.398467683683
0.864914110548	0.26645398642	0.425350521992
0.235353121053	0.533205841969	-0.812584487631
-0.839353392263	0.521280595368	0.154119355504
-0.485003522331	-0.846199102411	0.220723844809
0.245474679295	0.110516845925	0.96308266294
-0.839024030153	0.521348004069	0.155677578868
-0.484479720864	-0.846079194908	0.222328521104
0.24762602848	0.111116289885	0.962462743091
-0.839614565561	0.520901697075	0.153976327364
-0.484494251812	-0.846343151523	0.221288263572
0.245586252396	0.111196212245	0.962976008594
-0.839619617786	0.520992153156	0.153640760467
-0.484175509942	-0.846063447343	0.223047362846
0.24619582145	0.112885901909	0.962623695248
-0.839029799437	0.521566696252	0.154909625594
-0.485424272929	-0.846185357309	0.219848654064
0.245748013203	0.109262696298	0.963156048364
-0.839677020727	0.520403678585	0.155311723095
-0.483452175688	-0.846545205672	0.222787847097
0.247418095213	0.111984116311	0.962415621186
-0.839324572597	0.521700924054	0.152847255703
-0.485194916114	-0.845697942526	0.222217818485
0.245193864342	0.112352175401	0.962941823306
-0.840402404769	0.519814138282	0.153350866297
-0.48340457214	-0.846897350488	0.221549822496
0.245037234285	0.112060545491	0.963015667823
-0.0172517686951	0.598321875549	-0.801070054418
0.516004284836	0.691578337995	0.505429477682
0.856412212008	-0.404636024246	-0.320667600825
-0.015672033875	0.598894437815	-0.800674623553
0.516085704828	0.690706157582	0.506537810176
0.856393569406	-0.405278250367	-0.319905628389
-0.0169772933274	0.598882315784	-0.800657047545
0.517010150581	0.690666756764	0.505648024299
0.855810867037	-0.405363284132	-0.321353888299
-0.0160340052062	0.598891834146	-0.800669412229
0.516833523638	0.690462039399	0.50610798148
0.855935771849	-0.405697856867	-0.320598248918
-0.0158501552853	0.598627907147	-0.800870379017
0.515686673036	0.691116753891	0.506384119399
0.856630603268	-0.404971912496	-0.319658741599
-0.0161640113484	0.599110011165	-0.800503551801
0.515372458999	0.691053944583	0.506789580997
0.856813848178	-0.404365732257	-0.319935003511
-0.0173293826923	0.598456989216	-0.800967505201
0.516761611389	0.691158110897	0.505230550102
0.855953941123	-0.405153926083	-0.321236941547
-0.0167127642135	0.598450960833	-0.800985088244
0.515443684775	0.691600890131	0.505970365446
0.856760451898	-0.404406540949	-0.320026330967
0.733507024661	-0.679492236663	0.0160545553025
0.666343449067	0.71425510451	-0.214070216258
0.133992000943	0.167719855468	0.97668633352
0.733062940853	-0.679995297958	0.0150038840353
0.666596591901	0.713885379442	-0.214514907421
0.135158075775	0.167254466592	0.976605466756
0.733242680027	-0.679765382873	0.0165589121943
0.66666128291	0.71388719535	-0.214307739956
0.133857787198	0.168178767341	0.976625821449
0.732616624031	-0.68043324009	0.0168369380709
0.667290243949	0.713150508193	-0.214802414105
0.134151433217	0.168602943494	0.976512385958
0.733719027213	-0.679284028513	0.0151525439436
0.665900774496	0.714473672713	-0.214717329378
0.135027958241	0.16763228095	0.976558686942
0.732754912848	-0.680328205975	0.0149587372832
0.666973455993	0.71366394718	-0.214079828653
0.13496903596	0.166845126357	0.97670162415
0.733022282487	-0.680017879936	0.0159379986048
0.66658938792	0.713487964295	-0.215855313638
0.135413901594	0.168850855729	0.976295275048
0.732234649044	-0.680880784353	0.0152896617278
0.667579532305	0.713124954431	-0.213986833133
0.134796084158	0.166895638666	0.97671687877
-0.218360809907	-0.918577715505	0.329443328581
-0.961868807424	0.259569804226	0.0862063272094
-0.164700708784	-0.298057232967	-0.940231119614
-0.216981221388	-0.918983211619	0.329225865624
-0.962113609415	0.258365271569	0.0870930182825
-0.165097596624	-0.297855078887	-0.940226671931
-0.217811720683	-0.919151166284	0.328206615905
-0.962185719812	0.258585522942	0.0856294827543
-0.163575945039	-0.2971445797	-0.940717087243
-0.216771460888	-0.918855033161	0.329720280967
-0.962493918183	0.257607475361	0.0851104355931
-0.16314255456	-0.29890426029	-0.940234329116
-0.217263366103	-0.918927422635	0.329194321795
-0.962237886064	0.258288938654	0.0859360318242
-0.163996220068	-0.298092507237	-0.940343503922
-0.217340427753	-0.918819680611	0.329443150482
-0.961941793362	0.258889183966	0.0874295368689
-0.1656211975	-0.297903226326	-0.940118131728
-0.217150418451	-0.918909688007	0.329319569426
-0.962456960689	0.257840411868	0.0848253870324
-0.162858811063	-0.298535982339	-0.940401184218
-0.217291268373	-0.918837119244	0.329428220324
-0.962336052559	0.258146799125	0.0852620231881
-0.163382759161	-0.298493951284	-0.940323132454
0.116475748641	0.922438901348	0.368163325177
0.868833106441	-0.274238396109	0.412223997866
0.481213875399	0.271856698548	-0.833388379148
0.116391964429	0.921956369245	0.369394575228
0.869366714322	-0.274418772654	0.410974650504
0.4802680658	0.273304044129	-0.833458868352
0.115608391609	0.922321706934	0.368724924735
0.869619458838	-0.273367081251	0.411136772388
0.47999728959	0.273119237178	-0.833672560757
0.11589684196	0.922058009365	0.36928250172
0.869472944	-0.273911843235	0.411069900513
0.480184691928	0.27344229889	-0.83344865429
0.116674095168	0.922184567979	0.368735874045
0.868955772451	-0.274576954857	0.411738046956
0.48094322716	0.272374698472	-0.833374239827
0.115600160709	0.921998099297	0.369536380352
0.869988635986	-0.27351195463	0.410259022058
0.479330162586	0.27406604463	-0.833746083223
0.116754646917	0.922333745104	0.368339978011
0.869461027723	-0.274179139892	0.410939521077
0.4800118728	0.27227602053	-0.833945946204
0.11637637822	0.922346490575	0.368414305252
0.869801062299	-0.273713434386	0.410512777387
0.479477070374	0.272674860774	-0.834110932624
0.917062258168	-0.0117431840543	-0.398571333686
-0.0571366072316	-0.993123613526	-0.10220372244
-0.394629469911	0.116500173368	-0.911427343654
0.9170295148	-0.0111512158649	-0.39866285298
-0.0570252424689	-0.99299869938	-0.103396899895
-0.394720840193	0.117551893099	-0.911244570544
0.916945168924	-0.011429406694	-0.398850106403
-0.0573100754906	-0.993003704121	-0.103299340463
-0.394876681969	0.117577919507	-0.911185447323
0.916941346446	-0.0114562250027	-0.398856851317
-0.057387100468	-0.992975766817	-0.103407099124
-0.394873085477	0.117707528893	-0.911157445894
0.917315696048	-0.0109406632742	-0.398009979482
-0.0566541037893	-0.993034589358	-0.103276632666
-0.394109064098	0.117286197901	-0.911545779071
0.91736682466	-0.012547692276	-0.397844320054
-0.0578059647153	-0.993099784221	-0.101969345192
-0.393822317834	0.116541118641	-0.911761570045
0.916634441324	-0.0109110450685	-0.399577281322
-0.057175777325	-0.992924463476	-0.104048314277
-0.395615956631	0.118220431026	-0.910772363806
0.91705928706	-0.0114738724539	-0.398585026137
-0.057424818852	-0.992959264696	-0.103537833128
-0.394593541495	0.117839055326	-0.91126081363
0.815934011016	0.128450633711	0.56369506383
-0.5667696132	-0.0147452050956	0.823744370478
0.114122284591	-0.991606281263	0.0607708012102
0.816178427527	0.127233455725	0.563617262943
-0.566626687698	-0.0146534050025	0.823844316252
0.113079477055	-0.991764542811	0.0601340807069
0.815685240336	0.128063158778	0.564143084558
-0.567082045885	-0.0157530646429	0.823510664832
0.114348352523	-0.991640907396	0.0597727730895
0.815927059073	0.127646444043	0.563887777818
-0.56689447383	-0.0149209723829	0.823655301253
0.113550412548	-0.991707509836	0.060187634128
0.816465489382	0.128375107568	0.562942217325
-0.566015114862	-0.0146564143138	0.824264580944
0.114065761899	-0.9916173866	0.060695792202
0.816885197615	0.127228480422	0.562593539664
-0.565752986229	-0.0132465537332	0.824468377204
0.112348278472	-0.991784986882	0.0611589768289
0.815916965712	0.127992664425	0.563823893401
-0.566792483481	-0.015432037465	0.823716050637
0.114130563768	-0.991655045497	0.0599540190573
0.817102892011	0.127166584096	0.562291313919
-0.565354287663	-0.0140380513655	0.824728713688
0.112771411451	-0.991782023254	0.0604236426377
0.210037368048	-0.661057718912	-0.72033812948
0.976237706026	0.101613387298	0.191401903618
-0.0533316964704	-0.743422786605	0.666692058481
0.209267260185	-0.661589727008	-0.720073786858
0.976386144555	0.10097654921	0.190981272397
-0.0536406760253	-0.743036192122	0.667098118684
0.210626317078	-0.660258714082	-0.720898746367
0.976114269373	0.101864157256	0.191897489515
-0.0532682378247	-0.744098208461	0.665943209593
0.209992972483	-0.661231259827	-0.720191768216
0.97622122335	0.101267083129	0.191669279928
-0.0538059946468	-0.743315687184	0.666773356203
0.208965360489	-0.660463527005	-0.721194431905
0.9765388815	0.101706119317	0.189809587076
-0.05201242191	-0.743938032314	0.666221368964
0.209277869023	-0.660302246916	-0.721251496787
0.976328824652	0.0998859324051	0.191845856785
-0.0546333694107	-0.744327716352	0.665576027126
0.208160196276	-0.660411591584	-0.721474759436
0.976662998145	0.100447815139	0.189840949201
-0.0529026167155	-0.744155042744	0.665908831002
0.210711796747	-0.66076331509	-0.720411241747
0.976097055546	0.102076284403	0.19187220814
-0.0532452247511	-0.743621037581	0.666477823208
-0.505407462569	0.344108513773	-0.791298066343
-0.845875897228	-0.0164181203078	0.533127014273
0.17046191815	0.938786332244	0.299370936983
-0.505029226872	0.343059695755	-0.791994637408
-0.845974498	-0.0148536950893	0.533016419397
0.171092399798	0.939196145521	0.297721315805
-0.505595017409	0.344824480662	-0.790866453207
-0.845782053819	-0.0170801078712	0.533255080806
0.170371320092	0.938511769401	0.300281980406
-0.505510440421	0.344401733331	-0.79110469635
-0.845547391721	-0.01519453697	0.533684114736
0.171781264587	0.93869940452	0.298888984468
-0.505830432218	0.343329488398	-0.7913662794
-0.845395625471	-0.0148213110696	0.533935078043
0.171586602652	0.939098127741	0.297746226037
-0.505426013233	0.343892468251	-0.791380077468
-0.845563964807	-0.0146307953346	0.533673553457
0.171947777404	0.938895015707	0.298177916871
-0.506306224009	0.344798592599	-0.79042270456
-0.845304789273	-0.0170774045122	0.534011472101
0.170628059166	0.938521374101	0.300106228964
-0.505483494294	0.34461712771	-0.791028118221
-0.845380813546	-0.0143328846067	0.533971774794
0.172678106936	0.938633907057	0.298577737416
-0.299565388273	0.863965311334	0.40475239542
-0.176470405176	-0.467090723102	0.866420471185
0.937613330154	0.188122772687	0.292388536129
-0.299827843703	0.86362863067	0.405276342255
-0.177128205863	-0.467830208938	0.865887153943
0.937405421359	0.187831182082	0.293241464158
-0.298523929666	0.863983349893	0.405482792395
-0.176038054731	-0.46741146608	0.866335496748
0.938026719826	0.187241450393	0.291627408003
-0.299067939671	0.863520826745	0.406066435209
-0.176711265397	-0.468300853258	0.865717745055
0.937726664176	0.187151989569	0.29264778745
-0.298437350996	0.863862854488	0.405802948532
-0.176163810246	-0.46773053587	0.866137612511
0.938030583915	0.187000054766	0.291769699959
-0.298809755651	0.863885479154	0.405480636545
-0.176441265164	-0.467578961505	0.866162989511
0.937859876342	0.187274459971	0.292142251443
-0.298357852322	0.864039545375	0.405485156039
-0.175591165704	-0.467272864123	0.866500873058
0.938163253526	0.187327746241	0.291132274198
-0.298871674521	0.864111170806	0.404953679952
-0.176705538593	-0.467122742008	0.866355213955
0.937790355596	0.187371525601	0.292303084006
0.160980392665	0.747705634632	-0.644219990168
0.642525788345	-0.574859395419	-0.506648946273
-0.749162013922	-0.332368511426	-0.572960140359
0.161593862303	0.747508205611	-0.644294392282
0.643132902819	-0.574956615128	-0.505764884065
-0.748507749254	-0.332640242885	-0.573654758281
0.160596737189	0.74725633563	-0.644840456624
0.642021951093	-0.575310110823	-0.506784856341
-0.749679304738	-0.332612454913	-0.572149180869
0.16174599391	0.747044755536	-0.644798187517
0.642131640034	-0.575827568937	-0.506057268541
-0.749338058733	-0.332191413801	-0.572840048645
0.160194827209	0.74795843795	-0.644123361476
0.641641275436	-0.574780298243	-0.507860628456
-0.750088796981	-0.331939933389	-0.57199739137
0.161620862838	0.748183169294	-0.643504750737
0.642478265692	-0.574727848847	-0.506858263961
-0.749064815053	-0.331520085088	-0.573578295464
0.159773203533	0.748035221688	-0.644137751504
0.641320257775	-0.574712166893	-0.508340218165
-0.750452172204	-0.331880637505	-0.571552546905
0.160843566245	0.747469120981	-0.644533555707
0.641887956621	-0.575291013924	-0.506979356104
-0.749742250641	-0.332171837384	-0.572325414539
-0.222881118866	0.42783396831	-0.875946376084
-0.909955746027	-0.413655065236	0.0294952716456
-0.349720600603	0.803646393843	0.481505923695
-0.222340912554	0.428710311129	-0.875655169106
-0.909828901813	-0.414016048029	0.0283207852585
-0.350393886186	0.802993254383	0.48210574838
-0.222598394838	0.426223418561	-0.876803031767
-0.909709372672	-0.414188422542	0.0296110288459
-0.350540748442	0.804227301966	0.4799371129
-0.222232727325	0.426828425917	-0.876601477898
-0.909793842045	-0.414043014609	0.029044704021
-0.35055359248	0.803981296227	0.4803397461
-0.221688551927	0.427218085132	-0.876549397649
-0.910357588925	-0.412801877091	0.0290450687074
-0.349432681741	0.804412371528	0.480434717113
-0.222088301015	0.427208405557	-0.876452927645
-0.909858513054	-0.413918052518	0.0287975147172
-0.350477163847	0.803843758981	0.480625588011
-0.22205033051	0.425574369146	-0.877257124405
-0.909899287508	-0.413772950909	0.0295834403736
-0.350395337563	0.804784660439	0.479108274477
-0.223007517697	0.425732293188	-0.876937670537
-0.909617743433	-0.414349955702	0.0301611344037
-0.350518507786	0.804404219117	0.479656788705
0.948415677772	0.185613437304	0.257012365615
-0.011562052435	0.830400673524	-0.557046718894
-0.316818596566	0.525340251626	0.789711089683
0.948559149982	0.186898942274	0.255547107388
-0.0135083234116	0.830317759544	-0.557126504932
-0.316311656307	0.525015430893	0.790130199595
0.948991296744	0.185344948804	0.255074047261
-0.0126715336018	0.83074812147	-0.556504262332
-0.315047539062	0.524885522481	0.790721341708
0.948901463235	0.186266749989	0.254736553756
-0.0135973096981	0.830603649821	-0.556698026811
-0.315279442939	0.524787840689	0.790693745271
0.948854648084	0.185634567217	0.255371620969
-0.0125884685657	0.830474468168	-0.556914436827
-0.315462181254	0.525216114511	0.790336414093
0.948604805551	0.186654432746	0.255556345341
-0.013479598729	0.830637811836	-0.556649913359
-0.316175937297	0.524595985841	0.790463046832
0.949149956232	0.186277318267	0.253801341962
-0.0141302063266	0.830561877936	-0.556747073498
-0.314507071067	0.524850195083	0.790959907043
0.948915558628	0.186415941463	0.254574858004
-0.0138361342164	0.830623755278	-0.55666213732
-0.315226621574	0.524703030775	0.790771080849
-0.0834974881728	-0.844789941494	-0.528543418891
-0.0282386398654	0.532188431648	-0.846154868622
0.996107810491	-0.0557264499556	-0.0682921209744
-0.0847780984717	-0.846889615214	-0.524967308937
-0.028071992254	0.528685041171	-0.848353758736
0.996004346908	-0.057184931172	-0.0685947960953
-0.0838170108693	-0.845169001776	-0.527886437483
-0.0275371126417	0.531512736449	-0.846602580132
0.996100617342	-0.0564232194745	-0.0678233281203
-0.0832709571729	-0.846395187841	-0.526004881887
-0.0271503783921	0.529569075678	-0.847832207421
0.99615701911	-0.0563185669877	-0.0670776739067
-0.0826743783282	-0.845144606287	-0.528105606679
-0.0276055383479	0.531658509282	-0.846508806516
0.996194193717	-0.0554059538439	-0.0672852063811
-0.0828546286246	-0.846514653249	-0.525878379825
-0.0262682156843	0.52936454343	-0.847987717384
0.996215393064	-0.0564458131732	-0.066096736199
-0.0839355748511	-0.845511969724	-0.527318093181
-0.0275918846812	0.530954613608	-0.846950945937
0.99608912766	-0.0565395965515	-0.0678952591152
-0.0843157631624	-0.845951269323	-0.526552324904
-0.0274946232683	0.530207955781	-0.847421731184
0.99605971037	-0.056973631809	-0.0679640108304
0.923658074681	-0.105561540385	0.368391806337
-0.10467898186	0.855252622281	0.507528584596
-0.368643557575	-0.507345754508	0.778910915892
0.923551448413	-0.104361197349	0.369000626548
-0.106639979776	0.854404876415	0.508547167364
-0.368348526017	-0.509019692358	0.777957785169
0.922660667525	-0.106151838089	0.370714283618
-0.105201836909	0.855602294973	0.506830629236
-0.370984994736	-0.506632510298	0.778263216258
0.923007685377	-0.105915095513	0.369917296515
-0.105058517163	0.855472728504	0.507079008245
-0.37016148056	-0.506900784349	0.778480620159
0.922789342985	-0.105623787096	0.370544793725
-0.106291485777	0.854592162362	0.508305376954
-0.370353815436	-0.508444541507	0.777381630762
0.923026342364	-0.103945673527	0.370429032181
-0.107657105746	0.854568884386	0.508057052617
-0.369367457297	-0.50882936048	0.777599101286
0.923199612036	-0.104707807048	0.369782031975
-0.105975866063	0.855509160365	0.506826589441
-0.369420616426	-0.507090081835	0.778709224406
0.923778580458	-0.103534094637	0.368664922153
-0.106866024082	0.854799371644	0.507836278524
-0.36771291312	-0.508526030932	0.778581073064
-0.961361009889	-0.266844747433	-0.0676604510022
0.261781724325	-0.962191405744	0.0752135248104
-0.0851726756168	0.0545951121667	0.994869331402
-0.961441151847	-0.266272308938	-0.0687814740511
0.261285481341	-0.962450815265	0.0736155422045
-0.0858005298348	0.0528053814186	0.994911987648
-0.961801499037	-0.265382812463	-0.0671504867953
0.260516866005	-0.962689619727	0.0732052380602
-0.0840725136679	0.0529150942723	0.995053668704
-0.96142168661	-0.266384590846	-0.0686198606475
0.261425029058	-0.962429481386	0.0733998849017
-0.0855943321569	0.0526292568964	0.994939080772
-0.961493321901	-0.266556275444	-0.0669307890722
0.26151295249	-0.962247067423	0.0754516004703
-0.0845159995743	0.0550428955934	0.994900662913
-0.961708488783	-0.265374301809	-0.0684963170988
0.260321886402	-0.962639227535	0.074543378424
-0.0857191984159	0.0538579589837	0.994862571064
-0.961365307961	-0.266392470892	-0.0693543319302
0.261244384949	-0.962344232738	0.0751210717374
-0.0867544998126	0.0541004208737	0.994759667702
-0.961445862822	-0.265926545404	-0.0700150219618
0.260856742121	-0.962550076316	0.0738125129914
-0.0870217842875	0.052702935723	0.994811339984
0.207241490631	-0.15954368354	0.965192685001
0.244375506629	-0.946891887512	-0.208989743317
0.947275946014	0.279180791055	-0.157246859037
0.206208537785	-0.159253178186	0.965461715231
0.244369598084	-0.947021852599	-0.208405291091
0.947502716551	0.278904447903	-0.156367216002
0.205527475548	-0.160533596586	0.965394752616
0.242893542338	-0.947221095855	-0.209222274057
0.94802995264	0.277489093908	-0.155686994621
0.206388530593	-0.159147932549	0.965440607389
0.243574768881	-0.947266761776	-0.208222625163
0.947668171247	0.278131740782	-0.156740430824
0.206295592924	-0.160116544129	0.965300381758
0.244588831304	-0.946765122357	-0.209313454784
0.947427273371	0.279282135212	-0.156150760249
0.206139105868	-0.161074414617	0.965174475786
0.244317218894	-0.946647121063	-0.210163004215
0.947531441328	0.279131554548	-0.155787804688
0.207146806249	-0.15984101366	0.965163665504
0.243539827356	-0.94707905829	-0.209115379527
0.94751169035	0.278373382017	-0.157256599802
0.206177892861	-0.160565636566	0.965250975862
0.243238203714	-0.94707244533	-0.2094974678
0.947800583616	0.277979655937	-0.156209797527
-0.338811351229	-0.242439345986	0.909081898128
0.837550817459	-0.517899736173	0.17403545383
0.428620300686	0.820367524061	0.378525693934
-0.338061771504	-0.242495389514	0.909346188975
0.837708382077	-0.517883465785	0.173325373202
0.428904618693	0.820361508399	0.37821679964
-0.338111501671	-0.24206776343	0.909441501026
0.837601965446	-0.517986977036	0.173529470233
0.429072946433	0.820422286061	0.377893761156
-0.337390844499	-0.242695290186	0.909541901107
0.838140558861	-0.517338540642	0.172862087086
0.428588237519	0.820646022156	0.377958006775
-0.337856876183	-0.243285907877	0.909211070273
0.838106976378	-0.517345461613	0.173004194246
0.428286702368	0.820466770874	0.378688278051
-0.338047635045	-0.242568528276	0.909331860623
0.837856182832	-0.51761956713	0.173398803054
0.428626808009	0.820506329714	0.378217505506
-0.337940994175	-0.243352060759	0.909162172887
0.837888384616	-0.517746087807	0.172864882707
0.42864803395	0.820194481372	0.378869327692
-0.33764540686	-0.242820645006	0.909413978809
0.837864627807	-0.517797834998	0.172824617483
0.428927168602	0.820319216706	0.378282830516
0.639890891644	0.490535031904	-0.591535991275
0.190498676051	-0.8469908641	-0.496302028267
-0.744479483211	0.204892243178	-0.635427854396
0.639103664036	0.491926089934	-0.591232112633
0.191092790178	-0.846168687343	-0.497476663693
-0.745003513085	0.204959038393	-0.634793182137
0.639771938639	0.490893414141	-0.591367696175
0.190598225118	-0.846746185472	-0.496683391119
-0.744556520828	0.205050555681	-0.635288044257
0.639940673982	0.490838174125	-0.591230738198
0.191112134954	-0.846894198723	-0.496231991579
-0.744279551541	0.204567652414	-0.635767148082
0.639960094338	0.491300578565	-0.590825354677
0.190914715976	-0.846446236055	-0.497070634184
-0.744313394647	0.205308026257	-0.635488149495
0.640269363512	0.491534484143	-0.59029551767
0.19118962955	-0.846253402563	-0.497293378296
-0.743976795899	0.205543254432	-0.635806268932
0.639430639274	0.49156473027	-0.591178966104
0.191393936141	-0.846479212138	-0.496831245452
-0.744645429193	0.204541050166	-0.635347249531
0.639371541599	0.491304170958	-0.591459632024
0.190337565414	-0.846421957693	-0.497335677071
-0.744967043504	0.205405394511	-0.634691952418
-0.328991652221	0.0875347215266	0.940267100955
0.812761794362	0.53321287829	0.234738815848
-0.480814740037	0.841440264408	-0.246567474689
-0.328635915912	0.086876808895	0.940452475366
0.812556005312	0.533563795839	0.23465382003
-0.481405418101	0.841285978191	-0.245940500272
-0.327724728167	0.0866555196743	0.94079077311
0.813121646414	0.532916597234	0.234164627567
-0.481071352287	0.841718899385	-0.245111416542
-0.327618681279	0.0871000190774	0.940786688393
0.812648845235	0.533899359201	0.233566544984
-0.481941760713	0.841049976681	-0.245697135304
-0.327606641027	0.0859679840949	0.940894991155
0.81268108268	0.533566882158	0.234213228861
-0.481895565992	0.841377373377	-0.24466460633
-0.326555565664	0.0854515231695	0.941307328304
0.812338771626	0.534490345574	0.233293347309
-0.483184405009	0.840843685219	-0.243956379737
-0.327944447447	0.0870966325873	0.940673532124
0.812095427083	0.53472231826	0.233608833339
-0.482652602558	0.840527362015	-0.246090008318
-0.327271745045	0.0871392133867	0.940903827352
0.812658013705	0.534043255219	0.233205428429
-0.482162013846	0.840954562731	-0.245591658434
0.763914997388	-0.262024160971	-0.589726398693
0.503941360364	-0.328595927418	0.798791509196
-0.40308434795	-0.90739633508	-0.118974553858
0.764526489112	-0.261988418659	-0.588949339677
0.503087056319	-0.32870118245	0.799286554316
-0.402992146302	-0.907368530771	-0.119497786934
0.764125965352	-0.263390288032	-0.588843853592
0.503000512444	-0.328215564967	0.799540575905
-0.403858901381	-0.907138470249	-0.118312603212
0.763937581606	-0.263923592766	-0.588849475533
0.503193967143	-0.327631327008	0.799658379479
-0.403974255473	-0.907194593029	-0.117485120396
0.765481383983	-0.260361492937	-0.588430242073
0.502593397791	-0.329099374975	0.799433244227
-0.401793645155	-0.907692419531	-0.12106348331
0.764969181037	-0.260425115773	-0.589067824965
0.503572409204	-0.328371846374	0.799116205476
-0.401543238049	-0.907937575079	-0.120051431195
0.764447801787	-0.2630637195	-0.588572029322
0.502792248499	-0.328144679723	0.799700569437
-0.403508995026	-0.907258797362	-0.118583076158
0.763576825686	-0.263134282197	-0.58967006155
0.503989774619	-0.328013574168	0.799000254108
-0.403664141379	-0.907285759019	-0.117846576809
-0.9906046385	-0.0946249287489	0.0999335904233
-0.0692274939182	-0.285093240499	-0.956076954369
0.118946011793	-0.953898166184	0.275711418616
-0.990094612664	-0.0954732878401	0.101109052068
-0.0700044615461	-0.285857028722	-0.955585254934
0.120156416661	-0.953377498892	0.276582098523
-0.990351829685	-0.0935923879302	0.0995784571322
-0.0689962853944	-0.286275499477	-0.955481410396
0.117961505607	-0.953386426342	0.27739460599
-0.990576335698	-0.0951528214023	0.0996183541452
-0.0685644932196	-0.286775317655	-0.955615311947
0.119485506121	-0.953335017052	0.277407976722
-0.990345641321	-0.0958969001604	0.101400006163
-0.0702599664165	-0.285324460618	-0.955940957179
0.120589028644	-0.953710312953	0.275663773134
-0.990628422247	-0.0951048666002	0.10082292846
-0.0698678576709	-0.285865739362	-0.9559067344
0.119702468725	-0.953726515703	0.276186184893
-0.990151686763	-0.0947594557876	0.100890728974
-0.0699626346106	-0.286082527302	-0.955498200322
0.119429993772	-0.953358393574	0.276918574177
-0.990318620273	-0.0962081821917	0.100493512904
-0.0691484706758	-0.286449197665	-0.955625913934
0.120720542823	-0.953281901674	0.276968197981
0.744520103273	0.611961439797	0.26682009809
0.248154879161	-0.624715876795	0.740370804773
0.619765217233	-0.485008215203	-0.616974721896
