-0.14009734409	-0.861909877321	0.487323451011
0.711692799071	0.254521126022	0.654761321226
-0.688379359277	0.438554889837	0.577757288338
-0.139778929109	-0.861078628918	0.48888183786
0.711582413296	0.25597839546	0.65431302432
-0.6885581498	0.43933888916	0.576948019228
-0.13841168704	-0.862012127542	0.487624149501
0.711238583422	0.256112198277	0.654634423705
-0.689189303935	0.437426157447	0.577647353871
-0.138273628314	-0.861740103497	0.48814384039
0.711516746746	0.256418027158	0.654212291039
-0.688929846925	0.437782819069	0.577686656838
-0.139158650383	-0.861973771416	0.487479297256
0.711776307262	0.255184719703	0.654412127608
-0.68848335948	0.438043333167	0.578021361004
-0.139482615193	-0.861421099405	0.488362858266
0.711708733339	0.255692273722	0.654287501542
-0.688487669259	0.438833847015	0.57741629778
-0.138877311444	-0.861826738159	0.487819364179
0.711270312031	0.255943924613	0.654665738118
-0.689062843214	0.437889665139	0.577446990437
-0.138953832478	-0.861402625297	0.488546188447
0.711487298752	0.256309292866	0.654286931574
-0.688823406127	0.43851007086	0.57726185009
0.772017154955	0.217836049173	-0.597107168918
0.257452186916	0.751747692663	0.607119248036
0.581126394982	-0.622433020946	0.524279747681
0.771349973811	0.216544876701	-0.5984375736
0.260487179166	0.750529569393	0.607331696639
0.580659661602	-0.624350603929	0.522513799608
0.770554511793	0.218426482877	-0.598778436211
0.258192794523	0.751943756211	0.606561677053
0.582736840221	-0.621989114688	0.523017509952
0.770772894333	0.218260335761	-0.598557908328
0.258194479185	0.751874038817	0.606647376133
0.582447211949	-0.622131701397	0.523170515356
0.771427430504	0.216779655997	-0.598252702558
0.258766538683	0.752053418531	0.606181103048
0.581325720943	-0.622432511988	0.524059315025
0.771399574828	0.218320031538	-0.597728245007
0.259282712712	0.749965604243	0.608542572032
0.58113265778	-0.62441008233	0.521916538238
0.771005735733	0.217058522768	-0.598695040031
0.259027687974	0.751948612302	0.606199586715
0.581768691257	-0.622461950455	0.523532525756
0.77097686306	0.218443725778	-0.598228226618
0.258033369256	0.75163919742	0.607006830874
0.582248617692	-0.622351067361	0.523130660029
0.949156593749	-0.196537281553	0.245916360656
0.100805316885	0.92979057628	0.354016625143
-0.298228180369	-0.31122753694	0.902328859474
0.949714344307	-0.194564805213	0.245330797854
0.0992977611385	0.930214305781	0.353328882741
-0.296955583272	-0.311200709058	0.902757719127
0.949609751188	-0.195981102178	0.244607292516
0.101388072481	0.93051858588	0.351931270876
-0.296583510535	-0.309397104464	0.903499669119
0.950315388817	-0.195082077179	0.242577092228
0.100524416771	0.929838787807	0.353969873516
-0.294610767188	-0.311998097571	0.903250621032
0.949648144705	-0.195744281664	0.244647864818
0.100337127194	0.929701920413	0.35438228019
-0.296817894459	-0.311991211097	0.902530122665
0.949951860249	-0.195943786554	0.243305355972
0.101180062838	0.929835626176	0.353791328207
-0.295557200247	-0.311467079386	0.903124687326
0.949657492463	-0.196480781561	0.244020387088
0.10148949849	0.929830970239	0.353714925105
-0.296395898308	-0.311142522042	0.902961683635
0.949905744571	-0.196560202651	0.242987989904
0.101518162973	0.929365064759	0.354929062061
-0.2955894773	-0.312481460638	0.902763644488
-0.609505205576	0.730518523191	-0.307972422149
0.403919729923	-0.0481174719158	-0.913528412549
-0.682167997863	-0.681196004121	-0.26574339328
-0.609870827041	0.731190007696	-0.305644090981
0.403113466272	-0.0458319323662	-0.914001468075
-0.682317133756	-0.680632296455	-0.266800791665
-0.607986103827	0.732279180375	-0.306788993068
0.403488724318	-0.0478068618668	-0.913734618847
-0.683775645681	-0.679324154084	-0.266400219699
-0.608166354846	0.732724450002	-0.305363521359
0.404306314359	-0.0451278077456	-0.91350905308
-0.683131322644	-0.679026705115	-0.26879918215
-0.609934873755	0.730885295254	-0.306243799578
0.402432380301	-0.0472297080237	-0.914230259799
-0.682661525856	-0.680863770388	-0.265324486947
-0.610556070451	0.730425200057	-0.306105543078
0.402923187804	-0.0462647058887	-0.914063822233
-0.681817043723	-0.681424092257	-0.266058178911
-0.609716774458	0.730981667467	-0.306448671533
0.402701993414	-0.0473233467008	-0.91410683213
-0.682697657062	-0.680753992184	-0.265513733838
-0.609546345657	0.731268141964	-0.306102013552
0.404255752066	-0.0454226178419	-0.913516808395
-0.681930220092	-0.680575180893	-0.267931423302
0.598737905132	-0.683056166802	0.418266882922
0.534627863731	0.729680616205	0.426308855014
-0.596394131158	-0.0316301364735	0.802068307904
0.598804425397	-0.682752558284	0.41866716899
0.53430049748	0.729968966064	0.426225624535
-0.596620677337	-0.0315317106211	0.801903682302
0.597314445749	-0.683085550868	0.420249420379
0.534728715814	0.729730367888	0.426097154947
-0.597729575659	-0.0297945492401	0.80114395422
0.598576865797	-0.683014474674	0.41856534848
0.534633852676	0.729732064712	0.426213267168
-0.596550389435	-0.0313421907818	0.801963399376
0.598905892227	-0.682042013885	0.419678961926
0.534127522229	0.730676275836	0.425229320467
-0.596673721379	-0.0305102652159	0.801903733407
0.598431675357	-0.682890251703	0.418975467241
0.534558638506	0.72986227627	0.426084645488
-0.596763437235	-0.0310155968882	0.801817583196
0.598799300811	-0.68192172475	0.420026371345
0.533580298947	0.73077561288	0.425745304313
-0.5972700025	-0.0308181907868	0.801447927343
0.598017101463	-0.683286971989	0.418920583661
0.53345470911	0.729421510429	0.428217620126
-0.598165206974	-0.0326062994983	0.800709193149
0.228846597248	-0.949057430288	-0.21660875012
-0.819049090406	-0.0674620011681	-0.569743481178
0.526106399998	0.307797077399	-0.792763078048
0.228390457571	-0.949101207799	-0.216898079984
-0.819206057137	-0.066967551263	-0.569576065888
0.526060182579	0.30776997293	-0.792804210339
0.22810952223	-0.949397073277	-0.215896143141
-0.819205568321	-0.0673142164682	-0.569535685357
0.526182652888	0.306779818955	-0.793106379793
0.227641265451	-0.949352618365	-0.216585035513
-0.819846447616	-0.066851921775	-0.568667430789
0.52538678508	0.307018648475	-0.793541628285
0.229674848058	-0.94882948623	-0.216730614934
-0.819346620896	-0.068312918842	-0.569214005166
0.5252815133	0.308311652249	-0.793109995241
0.229320670606	-0.94869609555	-0.217687081304
-0.819399911964	-0.0674494564904	-0.569240054981
0.525352958831	0.30891127239	-0.792829049331
0.229512574779	-0.948999218994	-0.216158631315
-0.818179600292	-0.0678264337524	-0.570948199198
0.527168107162	0.307896389797	-0.792018823932
0.228631659756	-0.949190556748	-0.216251798276
-0.819792806847	-0.0679165942527	-0.568618567234
0.525040290948	0.307285873646	-0.793667474096
0.947366647237	-0.196136439347	0.253035345434
-0.113456303382	-0.944750095637	-0.307527549826
0.299372771142	0.262632868923	-0.917277610315
0.947252544636	-0.197021035178	0.252775355741
-0.114620780273	-0.944818814633	-0.306889890515
0.299290403292	0.261728943504	-0.917564770667
0.947413844172	-0.195528277491	0.253329181175
-0.113170557951	-0.945187452325	-0.306287647705
0.299331598978	0.261511741657	-0.917611701702
0.947544024298	-0.195919235143	0.252539030826
-0.113295701238	-0.944684286219	-0.307790826835
0.298871866977	0.263033766471	-0.917326747324
0.947744660787	-0.195351840476	0.252225496078
-0.11290782086	-0.944818888417	-0.307519942726
0.298382081295	0.262972146069	-0.917503795715
0.9471930412	-0.197312118091	0.252771087164
-0.115078264453	-0.944926416912	-0.306380943576
0.299303002828	0.261113419017	-0.917734026103
0.947412725117	-0.195110683837	0.253655209678
-0.112728973427	-0.945308257735	-0.306080169953
0.299501791137	0.261389963352	-0.917591711892
0.947151936247	-0.197361243649	0.252886883997
-0.114883711321	-0.944741928566	-0.307026728891
0.299507878803	0.261748388507	-0.917487759445
-0.993966926309	0.0805010150754	0.0745795468781
-0.106013817004	-0.528840805454	-0.842079726896
-0.0283477132227	-0.844900457106	0.534174698665
-0.993911588909	0.0814769721024	0.0741701114865
-0.106242022813	-0.530342115156	-0.841100371139
-0.0291947770922	-0.843859410541	0.535769491811
-0.993845730412	0.0802788792911	0.0763765710905
-0.107473248356	-0.530586167798	-0.840793382193
-0.0269736901358	-0.843824218775	0.535942938786
-0.993795047294	0.0809096497475	0.0762947982127
-0.107681182307	-0.528694011848	-0.841952631323
-0.0277854392356	-0.844945618956	0.534129107876
-0.99398142953	0.0803059463434	0.0746079031313
-0.105947377808	-0.529262266648	-0.841824032174
-0.0281164962864	-0.844655848847	0.534573976494
-0.993932583048	0.080180105699	0.0753468763126
-0.106545585262	-0.530480528205	-0.84097834291
-0.0274597775149	-0.843900281806	0.535798593657
-0.994059443778	0.0795775836197	0.0741717457765
-0.105213370374	-0.530037571678	-0.841416233846
-0.0276439212269	-0.844226592847	0.535270518097
-0.993885130613	0.0802160934191	0.07582502957
-0.106869564893	-0.527396298342	-0.842867539901
-0.027621601191	-0.845820413608	0.532750347057
-0.986076344996	0.0769621157283	-0.147445155854
0.0664198273057	0.994958292931	0.0751427091878
0.152484910017	0.0643028222244	-0.986216659444
-0.986279897427	0.0754718932532	-0.146857297944
0.0647381174587	0.994961749958	0.0765514235372
0.151894860936	0.0659934665436	-0.986196695305
-0.985854952699	0.0758105269629	-0.149455161124
0.0646851039487	0.994856465354	0.0779514933037
0.154595984787	0.0671815598416	-0.98568797748
-0.986003099829	0.0747910778666	-0.149031767585
0.0638023655558	0.994971740896	0.0772043320243
0.154056584499	0.0666149037783	-0.985817076708
-0.98574464361	0.0765595365063	-0.149804153905
0.0659211877481	0.995021568702	0.0747426428763
0.154780632391	0.0638020613162	-0.985884071294
-0.985710404426	0.0760794140595	-0.150289043163
0.0652519248623	0.994992280018	0.0757135964725
0.155296683932	0.0648250348661	-0.985738570791
-0.985850178083	0.0761567136976	-0.149350106447
0.0647050595615	0.994684672491	0.0800978982075
0.154656246573	0.0693005987628	-0.985537794529
-0.986074750035	0.0762656133248	-0.14780300644
0.0655045684053	0.99492617476	0.0763614599333
0.152876826257	0.0656161357388	-0.98606733231
-0.889934940046	-0.219967219056	-0.399539143896
-0.455278593124	0.376247740502	0.806944527387
-0.0271754964498	0.900029160737	-0.434982748114
-0.890090347073	-0.221711763661	-0.398226488822
-0.454876029413	0.376941982627	0.806847543066
-0.0287791662594	0.899310321158	-0.436364148202
-0.889572123689	-0.221417944685	-0.3995476192
-0.455906938568	0.375750315742	0.806821838157
-0.0285143753651	0.899881497161	-0.435203774104
-0.890328305769	-0.22008030258	-0.39859664939
-0.454475881083	0.376325367785	0.807360267115
-0.0276821603592	0.899968659354	-0.43507406556
-0.891082755355	-0.22013737231	-0.396874045997
-0.452984228427	0.37777949713	0.807519204209
-0.0278345086119	0.899345047066	-0.436350968656
-0.890428882344	-0.220210843135	-0.398303633091
-0.45436004584	0.379393913891	0.80598878847
-0.0263732499455	0.898647963866	-0.437878930261
-0.891008363523	-0.218889050021	-0.397735749638
-0.453157089486	0.3757905682	0.808350652055
-0.0274735328615	0.900483041601	-0.434024249112
-0.890876385617	-0.220219710795	-0.397290354256
-0.45335308644	0.376349230086	0.807979748076
-0.0284134760839	0.899924204177	-0.435117094271
0.894294036135	0.0341978644919	-0.446171136882
-0.444600346129	0.180835791477	-0.877284988904
0.0506824382281	0.982918575263	0.17692475204
0.89436214132	0.0348564234576	-0.445983620214
-0.444584425817	0.179817247942	-0.877502388842
0.0496089515806	0.983082287424	0.176318362126
0.894388271989	0.0369333309103	-0.445764005911
-0.444686507715	0.18081894233	-0.877244793354
0.0482030056595	0.982822693409	0.178146094842
0.894551518979	0.0358325943215	-0.445526210871
-0.444241435094	0.181146455852	-0.877402703991
0.0492658779948	0.982803125153	0.177963160609
0.894956778105	0.0359885403115	-0.444698986997
-0.443409263234	0.182115757898	-0.877622963598
0.049402321289	0.982618270704	0.178943384683
0.895165788946	0.0355225870109	-0.444315601552
-0.44310090377	0.179094536505	-0.878400089839
0.0483714487007	0.983190355202	0.176059393606
0.894398081516	0.0360945899853	-0.445813021423
-0.444600519829	0.180519432305	-0.877350041095
0.0488103192429	0.982908895787	0.177503908509
0.895260648282	0.0362988833465	-0.444061664903
-0.442840761306	0.182095213179	-0.877914226905
0.0489941965401	0.982610665902	0.179097303963
0.192708951976	0.68530591305	0.702295561966
-0.37597409908	0.712658365346	-0.59225123716
-0.906370083156	-0.14991283012	0.394992922688
0.192473039843	0.685135765947	0.702526238199
-0.376736835562	0.71264225704	-0.591785748146
-0.906103465322	-0.150764708064	0.39528030065
0.192533705266	0.685660513998	0.701997461482
-0.376780894636	0.712201049254	-0.592288632611
-0.906072256402	-0.150463704685	0.395466487558
0.192580513803	0.684361288405	0.703251292727
-0.374842902564	0.713623141098	-0.59180639888
-0.906865785101	-0.149638371717	0.39395788048
0.192828644833	0.68482177374	0.702734829925
-0.37495757225	0.71325089924	-0.592182378939
-0.906765637852	-0.149306025079	0.394314317284
0.192137828012	0.686296198962	0.701484558676
-0.375138755443	0.711879919424	-0.593715332305
-0.90683734646	-0.149078868186	0.394235362338
0.192449426018	0.684594077958	0.703060571206
-0.377534883128	0.712961494544	-0.590891969226
-0.905776258456	-0.151713070296	0.39566717563
0.192499693069	0.685164622878	0.702490791721
-0.374280549671	0.713027444978	-0.592879359167
-0.907115176278	-0.148799542826	0.393701354545
-0.442816791129	0.803636974289	0.397583577934
0.865016347362	0.266250543844	0.425268380841
0.23590635151	0.532234995564	-0.813058298396
-0.443533884942	0.802665290571	0.398760218836
0.864195046163	0.265061189022	0.427681324063
0.237588305689	0.534296569405	-0.811223443152
-0.443006051203	0.803981110451	0.396678515346
0.864157006141	0.265143576483	0.427701311031
0.238688372643	0.532268838802	-0.812225336767
-0.442990662723	0.803398566162	0.397877443582
0.864538507378	0.265327476553	0.426816926457
0.237337071448	0.5330574672	-0.812106141404
-0.440456282673	0.804408094894	0.398658471132
0.866074643146	0.263753670445	0.424676455851
0.236464949274	0.532318510409	-0.81284975554
-0.442450811756	0.803612314083	0.39805148765
0.86451628051	0.264198507598	0.427564010938
0.238430994	0.533297882398	-0.811630831225
-0.442044842707	0.80390823548	0.397912561809
0.864987320353	0.26458083238	0.426376868636
0.237486407076	0.532664854676	-0.812327845885
-0.443571046506	0.802637655933	0.398777956694
0.864890415867	0.266686011103	0.425260343822
0.234980071515	0.53353030351	-0.812488609102
-0.839354770944	0.521373438389	0.153795603712
-0.485333842486	-0.846213338138	0.219940510968
0.24481505533	0.109965925495	0.963313593569
-0.838888773058	0.521538727974	0.155767274845
-0.484736061597	-0.846008282639	0.222039186484
0.247582388866	0.110760123558	0.962515020753
-0.839688293876	0.52090543209	0.153562873017
-0.484710666552	-0.846388324101	0.220641864204
0.244907318961	0.11083678689	0.963190334729
-0.839681131652	0.521075727674	0.153021542941
-0.484343496827	-0.845978454719	0.223006144196
0.245656027113	0.113139070601	0.962731876075
-0.838903936191	0.521811349587	0.154766324801
-0.485975371404	-0.846161827755	0.218718110195
0.245087001366	0.108270904592	0.963436434497
-0.839800224298	0.520208071848	0.155304064947
-0.483283329824	-0.846670294046	0.222681037372
0.247331788736	0.111951700634	0.962441586403
-0.839280328177	0.522015215685	0.152014708205
-0.485678849886	-0.845491793869	0.221944828434
0.244385784551	0.112443615599	0.963136552176
-0.840755713391	0.519447861371	0.152654590996
-0.48324212605	-0.84711878438	0.221057653275
0.244144531878	0.112086385336	0.963239369666
-0.0171351090964	0.597926146695	-0.801368038535
0.515750713059	0.691912962257	0.505230305227
0.8565673424	-0.404648961989	-0.320236840662
-0.0150285929249	0.59861499219	-0.800895931265
0.515836359549	0.690808292068	0.506652516143
0.856555340745	-0.405516970141	-0.319169255103
-0.0167077626299	0.598727936579	-0.800778185801
0.517019982172	0.690678947092	0.505621328983
0.855810249372	-0.405570521917	-0.321094006983
-0.015471757769	0.598663030653	-0.800851564037
0.516793011217	0.69045735761	0.506155736078
0.855970580948	-0.406043373714	-0.320067459368
-0.0151405939913	0.59827535269	-0.801147513373
0.515342344019	0.691290345622	0.50649769834
0.856850631254	-0.405196560112	-0.318783169011
-0.0156036650431	0.598902551212	-0.800669900569
0.514873413124	0.691253365109	0.507024814746
0.857124217359	-0.404332200625	-0.319145086717
-0.0171594981209	0.598110659004	-0.801229770254
0.51671509254	0.691347795208	0.505018539363
0.855985407759	-0.405341647929	-0.320915985598
-0.0163214673039	0.597993633645	-0.801334671249
0.514951071637	0.692005558614	0.505918679453
0.857064195405	-0.404390814089	-0.319232008656
0.733797959676	-0.679158909124	0.0168443243327
0.666164832312	0.714451662286	-0.213970183037
0.133285300371	0.168231980301	0.976694952159
0.733219561565	-0.679815755531	0.0154792394168
0.666489018754	0.713959478652	-0.214602525746
0.134838630227	0.167667512381	0.976578797919
0.733477498353	-0.67948787833	0.0175207819806
0.666542833798	0.713976035932	-0.214380189535
0.133159323038	0.168921396378	0.976593137448
0.732602165225	-0.680420340289	0.0179506403295
0.667444347153	0.712960145624	-0.214955510463
0.133462011152	0.169457925592	0.976458858739
0.734061984454	-0.678901720224	0.0156669325069
0.665592026534	0.714712104726	-0.214881029329
0.134685755415	0.168163779774	0.976514562136
0.732736364718	-0.68033713121	0.0154536504958
0.667059123329	0.713572035774	-0.214119321609
0.134646030023	0.167201512551	0.976685262233
0.733133497967	-0.679877857673	0.0167739972005
0.666518052113	0.713388039397	-0.216405141344
0.135162696568	0.169834029684	0.976159539879
0.732033287833	-0.681083881607	0.0158748049253
0.667896545181	0.712875503193	-0.213828715169
0.134318532419	0.167132464564	0.976742172192
-0.218592490777	-0.918570741411	0.32931155863
-0.961727544065	0.259936990778	0.0866803957765
-0.165222397421	-0.297760227447	-0.940235064904
-0.216839121245	-0.919105101044	0.328978532173
-0.962047148163	0.258384457404	0.08776627449
-0.165669387959	-0.297461673937	-0.940250301997
-0.217939280584	-0.919307490642	0.327683858891
-0.962154110725	0.258662557575	0.0857522894594
-0.163592300991	-0.296593535974	-0.940888216656
-0.216566990441	-0.918912280443	0.329694687499
-0.962559688929	0.257375353577	0.0850678859145
-0.163025186287	-0.298927952549	-0.940246921654
-0.217016313308	-0.919060154268	0.328987254883
-0.962241275618	0.258130742778	0.0863736441403
-0.164304316854	-0.297820603284	-0.940376199348
-0.217280927782	-0.918864696955	0.329357995597
-0.961834937071	0.259040649447	0.0881561639748
-0.166320697459	-0.297633371965	-0.940080760783
-0.216935264869	-0.919001909089	0.329202441643
-0.962552340818	0.257539817397	0.0846524048361
-0.16257843547	-0.298510518321	-0.94045690471
-0.217257738422	-0.918889202859	0.329304999229
-0.962351240899	0.258089705246	0.0852633486586
-0.163337805752	-0.298382945816	-0.940366150868
0.116488709791	0.922547646004	0.367889472092
0.868572540719	-0.274275689139	0.412751595444
0.481683053816	0.271455298133	-0.833250757195
0.11632704115	0.921901137108	0.369557177466
0.869358033413	-0.274450128185	0.41097770102
0.480302845877	0.273467282128	-0.833389269099
0.115288166979	0.922387301922	0.368646774121
0.869667828083	-0.273043110249	0.411231250292
0.479975673981	0.273193956143	-0.83364739518
0.115668414154	0.922021143905	0.369452171817
0.869431667796	-0.27384003463	0.411212843966
0.480319135681	0.273650211406	-0.833308486923
0.116716177927	0.922179845044	0.368727039702
0.868782547185	-0.27469662664	0.412014209444
0.481240254052	0.272255682165	-0.833234920559
0.115277442246	0.921949678574	0.369755470325
0.870174461518	-0.273250914251	0.410035610891
0.479068600704	0.274484217859	-0.833756586165
0.116875392984	0.922404624019	0.368124762139
0.869451380764	-0.274182793933	0.410958309481
0.480000445209	0.272033353159	-0.834032291818
0.116355283663	0.922422060878	0.368234868428
0.869879195602	-0.273575818991	0.410443018079
0.479342843672	0.27256343782	-0.8342273738
0.917260976427	-0.0117067348987	-0.398114471149
-0.0569779322326	-0.993142232353	-0.102073985002
-0.394189922523	0.11631223295	-0.911637518887
0.917206246986	-0.0108661995913	-0.39826450875
-0.0567899010788	-0.992986438852	-0.103695055228
-0.39434451988	0.117727155108	-0.911390448073
0.917122802371	-0.011332809528	-0.398442851596
-0.0572227943444	-0.992977571314	-0.103469906449
-0.394475208812	0.117694677711	-0.911330245764
0.917088114169	-0.0113402479557	-0.398522806801
-0.0572910062266	-0.992965029904	-0.103583234494
-0.394546282925	0.117826756889	-0.911285761532
0.917595680298	-0.0105733114879	-0.397373397833
-0.0562940936189	-0.993018755692	-0.103568619091
-0.393507798201	0.117403956156	-0.911784185749
0.91765144277	-0.0127720658458	-0.397180865292
-0.0578561483673	-0.993126861399	-0.101735688629
-0.393151919131	0.116337262211	-0.912083176101
0.916689479166	-0.0105266495831	-0.399460927427
-0.0569384814463	-0.992887133228	-0.104498097376
-0.3955222525	0.1185370519	-0.910768008553
0.917247715495	-0.0113455467517	-0.39815579211
-0.0573139424096	-0.992953047669	-0.103742156598
-0.394172383898	0.117977123287	-0.911434299432
0.815737641828	0.128915327038	0.563873152881
-0.566989956055	-0.0146436568899	0.823594513159
0.114431131333	-0.991547462721	0.061148317438
0.816107143527	0.127215921134	0.563724437425
-0.566740766913	-0.0145922523816	0.823766944244
0.113022276828	-0.991767707036	0.0601896061331
0.815445459244	0.12824645376	0.564448001491
-0.56736004615	-0.0161080084962	0.82331226741
0.114679018663	-0.991611495865	0.0596267141548
0.815731496863	0.127734089139	0.564150804252
-0.567159554121	-0.0149716989899	0.823471858562
0.113631719322	-0.991695449292	0.060232720896
0.816467327427	0.128788247775	0.562845178016
-0.565957590867	-0.0145275258806	0.824306361793
0.114337712594	-0.991565711381	0.0610274334347
0.817135952038	0.127159416849	0.562244895584
-0.565468922084	-0.0126087735352	0.824673231791
0.1119541784	-0.991802159597	0.061601613388
0.815708336822	0.128220575035	0.564073921905
-0.567029042065	-0.0156903510293	0.823548332687
0.114446365998	-0.991621538166	0.0599060425159
0.817444667377	0.127072856446	0.561815542661
-0.564904108027	-0.0137229564609	0.82504243763
0.112550271236	-0.99179844944	0.0605662217184
0.210159703141	-0.661413415133	-0.719975846137
0.976222829164	0.101954044062	0.191296601601
-0.053121676917	-0.743059685521	0.667113485075
0.209088341346	-0.662168079152	-0.719593996792
0.976429111228	0.101067886882	0.190713123406
-0.0535562882714	-0.742508410488	0.667692288888
0.210936768358	-0.660348488281	-0.720725726733
0.976058767846	0.102268199547	0.191964890379
-0.0530563932152	-0.74396311162	0.666111038712
0.210103236619	-0.661707267666	-0.719722274749
0.976198270417	0.101482086931	0.191672528037
-0.0537921712381	-0.742862647525	0.667279178633
0.208637170753	-0.66064652906	-0.721121842613
0.976642875809	0.102009824282	0.189110307708
-0.0513735475149	-0.743733943686	0.666498752365
0.209064204575	-0.660437087456	-0.721189991162
0.976356406768	0.099524463616	0.191893299512
-0.0549574089799	-0.744256491371	0.665628991741
0.207608912963	-0.660586632569	-0.721473395076
0.976799093406	0.100370462361	0.189180664293
-0.0525555901195	-0.744010143407	0.666098209535
0.211125849053	-0.661115867869	-0.719966454751
0.976021843179	0.102661531727	0.191942657808
-0.0529834724434	-0.743227039	0.666938021655
-0.505358847955	0.344600439655	-0.791115041211
-0.845783590687	-0.0160620132952	0.533284308966
0.171063114568	0.938612046297	0.299574455572
-0.504791587829	0.343193930986	-0.792087956539
-0.845954197047	-0.0139570802632	0.53307285081
0.171892122158	0.939160845386	0.297371791808
-0.505574393959	0.345629876899	-0.790527985612
-0.84566625352	-0.0169103284516	0.533444103927
0.17100612708	0.938218531341	0.300836966894
-0.505390539101	0.345117195685	-0.790869542666
-0.845407203596	-0.0144726136469	0.533926284435
0.172821215085	0.93844804776	0.299078819305
-0.505892307341	0.343544731593	-0.791233185681
-0.845151444221	-0.0138626820931	0.534347113499
0.172603514043	0.93903398169	0.297360372399
-0.505323833268	0.344360693985	-0.791241759472
-0.845402881807	-0.0136945454632	0.53395357233
0.173036923594	0.938737536488	0.298043711756
-0.506605271962	0.345610572842	-0.789876176244
-0.844997988197	-0.0170527552171	0.534497488582
0.171258406514	0.938223053062	0.300679288691
-0.505343825216	0.34533422185	-0.790804493172
-0.845194200744	-0.013296558133	0.534293800771
0.173994925873	0.938385516584	0.298593903972
-0.299416827051	0.864133520225	0.404503216999
-0.176303120157	-0.46676083857	0.866632311237
0.937692275302	0.188169105542	0.292105461633
-0.299833978289	0.863650361311	0.405225364739
-0.177309145916	-0.467817249237	0.865857055141
0.937369195992	0.18776321943	0.293400648692
-0.297944215271	0.864143035685	0.405568841413
-0.175848775233	-0.467279445679	0.866445126961
0.938246491865	0.186833518575	0.291181681086
-0.298743472386	0.863540620431	0.406263353566
-0.176688312665	-0.468392246819	0.865673101278
0.937834503392	0.186832210751	0.292506678936
-0.297850356039	0.864002891868	0.405936313135
-0.175877607376	-0.467624438034	0.866253190595
0.938270938856	0.186618664223	0.291240770025
-0.298384222719	0.864001167262	0.405547555419
-0.176285299217	-0.467482138727	0.866247032834
0.938024695845	0.186982383085	0.291800013867
-0.297800154342	0.86424172341	0.405464234213
-0.175177659401	-0.466996034774	0.866733763121
0.938417705158	0.187085199855	0.290467386047
-0.298484684832	0.864283555693	0.404871315063
-0.176689481789	-0.466916102437	0.866469923169
0.937916666569	0.187091517956	0.292077156108
0.161080043417	0.747834678785	-0.644049932792
0.642465528147	-0.574829181412	-0.506770753476
-0.749196281269	-0.332147323701	-0.573053416952
0.161839907097	0.747556189537	-0.644178623991
0.643309155941	-0.57492996864	-0.50557498394
-0.748304540949	-0.332584542618	-0.573955608983
0.160515354787	0.747222862218	-0.644899401342
0.641738913034	-0.575433359415	-0.507003119469
-0.749938938295	-0.332474043847	-0.571889093749
0.162042823814	0.746970291598	-0.644807012104
0.641887362463	-0.576091318729	-0.506060004633
-0.749480695747	-0.331890792053	-0.572821539664
0.159880529567	0.748209214911	-0.64391207166
0.641269899115	-0.574640983164	-0.508491492378
-0.750474984124	-0.331622755634	-0.571678739749
0.161841257408	0.748466783019	-0.643121874176
0.642420821639	-0.574611705507	-0.507068532804
-0.749068593823	-0.331089842418	-0.573826958525
0.159323702368	0.748273209862	-0.643970676094
0.640820876889	-0.574583816491	-0.509109819637
-0.750972457557	-0.331559056745	-0.571051440305
0.160826016451	0.747472426437	-0.644530101032
0.641578814529	-0.575410772986	-0.507225150253
-0.750007136078	-0.331942314292	-0.572103037383
-0.2228255243	0.428460418654	-0.875654301913
-0.910055161047	-0.413451951856	0.0292760758969
-0.349497339995	0.803417173338	0.4820502623
-0.222055907836	0.429663164303	-0.875260394763
-0.909898089483	-0.41390892196	0.0276567127326
-0.350395005892	0.802539090789	0.482860596753
-0.222422981198	0.426245513848	-0.876836832705
-0.909761544772	-0.414083095588	0.029481885225
-0.350516762676	0.804269862563	0.47988332885
-0.221864595506	0.427075797657	-0.876574222678
-0.909885680338	-0.413868263547	0.0286550736893
-0.350548361176	0.803939878093	0.48041286452
-0.221234912136	0.427681865295	-0.876437875337
-0.910597858826	-0.412298245036	0.0286655253235
-0.349094065733	0.804424263022	0.48066094506
-0.221692461594	0.42771597635	-0.876305605685
-0.909944902547	-0.413766077548	0.0282476338255
-0.350503559624	0.803652100142	0.480926776643
-0.221640500767	0.425434332808	-0.877428712817
-0.910018194	-0.413526828494	0.0293680519921
-0.350346120568	0.804985232384	0.478807251301
-0.222911094795	0.425677226731	-0.876988859083
-0.909635229161	-0.414315392511	0.0301066242399
-0.350534320976	0.804451090867	0.479566571692
0.948091540774	0.185511352436	0.258278860204
-0.0107150320546	0.830379363575	-0.557095417815
-0.317816959269	0.525409987134	0.789263410202
0.948274991464	0.187349547041	0.256270731873
-0.0134347608634	0.83024022372	-0.557243823532
-0.31716564756	0.524977446075	0.789813037398
0.948893569756	0.185157787951	0.255573055569
-0.0122762462471	0.830852445079	-0.556357356331
-0.315357395585	0.524786440113	0.790663585162
0.948760435344	0.1864625929	0.255118283487
-0.0135518381296	0.830612579479	-0.556685811855
-0.315705534959	0.524704151772	0.790579263298
0.94866438501	0.185592978839	0.256107655067
-0.0121384853314	0.830505703521	-0.556877844894
-0.316051486236	0.525181419289	0.790124000112
0.948321524344	0.18702533792	0.256335345691
-0.0133887152441	0.830701191502	-0.556557519732
-0.317028435284	0.52436347455	0.790275849192
0.949081611919	0.186477271332	0.253910065679
-0.0142672532656	0.830601986971	-0.556683739287
-0.314707069607	0.524715701479	0.790969591087
0.948765613313	0.186718158444	0.254912024248
-0.0139087512884	0.830629078781	-0.556652386567
-0.315674448502	0.524587134936	0.790669323814
-0.0831145377279	-0.844438655663	-0.529164772203
-0.0284500535467	0.532796249355	-0.845765193309
0.996133823225	-0.055240606274	-0.0683074446576
-0.0848797494355	-0.847320487524	-0.524255120132
-0.0281503775961	0.527983146103	-0.848788170655
0.995993471768	-0.0572869428889	-0.0686674713872
-0.0835603583177	-0.844964620013	-0.528254134761
-0.0274923930957	0.531861066443	-0.846385233126
0.996123390092	-0.056201294086	-0.0676725948422
-0.0827576087731	-0.846606679568	-0.52574550562
-0.0269028119088	0.529260791439	-0.848032585279
0.996206527423	-0.0560371046222	-0.0665764641589
-0.0819413650854	-0.844930847088	-0.528561724794
-0.0274344281347	0.532056472496	-0.846264303355
0.996259497034	-0.0548432550121	-0.0667776328589
-0.0822468795289	-0.846773430105	-0.52555708726
-0.0256984823906	0.528970313253	-0.848251150577
0.996280624074	-0.056259972631	-0.065266959427
-0.0836929389264	-0.845393008936	-0.527547306253
-0.0275246327856	0.53116387641	-0.846821902417
0.996111386584	-0.056352464579	-0.0677237997701
-0.0842107937703	-0.845994628939	-0.526499385192
-0.0273672695934	0.530140512365	-0.847468027612
0.996072059319	-0.0569571161178	-0.0677961102937
0.923731999373	-0.105762835378	0.368148631315
-0.104318339164	0.855331336018	0.507470183726
-0.368560546179	-0.507171101217	0.779063921814
0.923594376697	-0.104134599438	0.368957195941
-0.106957825592	0.854195914398	0.508831370088
-0.368148680266	-0.509416651515	0.777792532811
0.922353686867	-0.106588390385	0.371352380246
-0.105044525777	0.855792288198	0.506542402102
-0.371792042523	-0.50621978681	0.778146645291
0.922835527136	-0.106262007	0.370247182688
-0.10481397176	0.855654654559	0.506822596687
-0.370659711519	-0.50652097593	0.778490771186
0.922549611203	-0.105806645968	0.371089164539
-0.106509891369	0.854492744399	0.508426781228
-0.370887931065	-0.508573595951	0.777042494753
0.922865214768	-0.103729178762	0.370890889536
-0.108230968571	0.854379434685	0.508253713535
-0.369602288832	-0.509191552712	0.777250350997
0.92311991874	-0.104632067378	0.370002358636
-0.106035972829	0.855680211534	0.506525168903
-0.369602472105	-0.506817032806	0.778800684285
0.923884359366	-0.103088174887	0.368524786172
-0.107215990252	0.854727746011	0.507883067554
-0.367345098319	-0.508736972386	0.778616895303
-0.961242216641	-0.267154358879	-0.0681252689017
0.261981464371	-0.962059811513	0.0761953660392
-0.0858965427531	0.0553946749413	0.994762892118
-0.961368998676	-0.266327463307	-0.0695781857272
0.261268384538	-0.962429434684	0.0739608593794
-0.0866618305941	0.0529250391336	0.994830976637
-0.961840983001	-0.265166637736	-0.0674119563949
0.260264578027	-0.962736244421	0.0734647221205
-0.0843804897916	0.0531165718374	0.995016860187
-0.961306377001	-0.266582210557	-0.0694500923765
0.261539707883	-0.962362829814	0.0738519154627
-0.0865238205206	0.0528303817053	0.994848017297
-0.961454042123	-0.266667282183	-0.0670319265723
0.261526996295	-0.962157032416	0.0765249525205
-0.0849019951224	0.0560446140365	0.994811866004
-0.961722566437	-0.265140176446	-0.0691960344497
0.259985058873	-0.962672010755	0.0752865652123
-0.0865746701542	0.0544149296859	0.994758179543
-0.961277040348	-0.266462991345	-0.0702938158414
0.261177738798	-0.962285096019	0.0760978051432
-0.0879200492403	0.0547919833072	0.994619473007
-0.961364673315	-0.265921976802	-0.0711435038079
0.260737243655	-0.962534869314	0.0744355081227
-0.0882722246875	0.053009974083	0.994684850287
0.207692085836	-0.159185758736	0.965155017448
0.244471990559	-0.946912377478	-0.208784989228
0.947152447772	0.279316344152	-0.157750062855
0.206306049177	-0.158740812934	0.965525122979
0.244495218599	-0.947088821728	-0.207951575159
0.947448941567	0.278967962028	-0.156578378805
0.205369010963	-0.160527279426	0.965429609559
0.24248435552	-0.947352373625	-0.209103447374
0.948169117711	0.277044954721	-0.155631235649
0.206506369685	-0.158683558479	0.96549183608
0.243424142227	-0.947403526024	-0.207775956856
0.947681193361	0.277931087745	-0.157017291983
0.206421298879	-0.159878333319	0.965313147275
0.244817311656	-0.946741718022	-0.209153902429
0.947341035573	0.279499176247	-0.156286977177
0.206247345296	-0.161159456115	0.965136798898
0.24446207251	-0.946578093266	-0.210301411957
0.947470161001	0.279313477068	-0.155831223706
0.207521917658	-0.159560792397	0.965129648316
0.243376277138	-0.94716440394	-0.208921389086
0.947471831906	0.278245417969	-0.157724292208
0.206292744698	-0.160543051023	0.965230130257
0.242963838916	-0.947150316516	-0.209463081391
0.947845899167	0.277726733058	-0.156384054603
-0.338866088815	-0.242280601853	0.909103840408
0.837636918431	-0.517684453647	0.174261573459
0.428408771572	0.820550311114	0.378368958875
-0.337850674689	-0.242350965721	0.909463015597
0.837846845406	-0.517667715249	0.173299890614
0.428800222675	0.82054018662	0.377947340815
-0.337901464347	-0.241847927573	0.909577955957
0.83774900913	-0.517740237474	0.173555482189
0.428951134439	0.820642728369	0.377553148196
-0.336949939357	-0.242618492495	0.909725911586
0.838473835338	-0.516846136607	0.172719304221
0.428283311097	0.820979048269	0.377580341426
-0.337548923647	-0.2433851534	0.909298922157
0.838397083296	-0.516920641783	0.172868556977
0.427961672878	0.820705108047	0.378539293289
-0.337771390336	-0.242429070342	0.909471671051
0.838053010237	-0.517316868242	0.173350824127
0.428459714121	0.82073838831	0.377903177623
-0.337640935122	-0.243493275687	0.909235661153
0.838122723654	-0.517433060691	0.172664916507
0.42842591298	0.820349863163	0.378783943539
-0.337268684271	-0.242766585803	0.909568122283
0.838100600386	-0.517472847515	0.172653348005
0.428762367621	0.820540175593	0.377990249779
0.639704518572	0.490319269403	-0.591916504213
0.190234559282	-0.847142745999	-0.496145146037
-0.744707289049	0.204783318495	-0.635196716576
0.638615594771	0.49213694766	-0.591583697359
0.190925843863	-0.846057532946	-0.497728425412
-0.745464531939	0.204908487053	-0.634267136464
0.639574434893	0.490771181422	-0.591682563574
0.190317607956	-0.846816731621	-0.496669881279
-0.744797836096	0.205049775308	-0.635004782533
0.639839872979	0.490624555618	-0.591516913349
0.190958970458	-0.847054008433	-0.496017168771
-0.744405390197	0.204416010965	-0.635667911771
0.639806351813	0.491284114254	-0.591005741401
0.190730255974	-0.846445632181	-0.49714378321
-0.744493006511	0.205353088142	-0.635264064646
0.640268836802	0.491608255644	-0.590234798775
0.191081338664	-0.84616193917	-0.497491489612
-0.744005185948	0.20574543301	-0.635708266755
0.639110899508	0.49166398579	-0.59144207819
0.191342093886	-0.84645519633	-0.496891880565
-0.744933157998	0.204401230283	-0.635054717732
0.639051781165	0.491349634002	-0.591767082652
0.19000525422	-0.846365262038	-0.497557481463
-0.745325932941	0.205526108211	-0.634230178384
-0.32942052621	0.0881120668266	0.94006295369
0.812767188391	0.533160081475	0.234839981002
-0.480511800787	0.841413443488	-0.24724846652
-0.328937898489	0.0871862265522	0.940318226258
0.812527665799	0.53355878702	0.234763272425
-0.481246918996	0.841257132908	-0.246348916076
-0.327628711046	0.0868488147087	0.940806410588
0.813319136126	0.53266087029	0.234060626653
-0.480802871905	0.841860842135	-0.245150795471
-0.327549104972	0.0874474045348	0.940778734958
0.812663867743	0.533989516588	0.233308094248
-0.481963810647	0.840956705316	-0.245973153371
-0.327580888928	0.0858345331598	0.940916107715
0.812636539524	0.533622580193	0.234240839985
-0.481988115488	0.841355661657	-0.244556822196
-0.326143656042	0.0852760969485	0.941466104296
0.812234237679	0.53480618751	0.232933312254
-0.483638275358	0.84066067596	-0.243687836186
-0.328046895879	0.0873520511128	0.940614093475
0.81189748523	0.535085986771	0.233464059525
-0.48291585929	0.840269369178	-0.246454211644
-0.327026796184	0.0875630041357	0.940949620832
0.81271268779	0.534158578264	0.2327502917
-0.4822359959	0.84083728003	-0.245847731721
0.763703869545	-0.262146900016	-0.589945252814
0.504017045182	-0.328902662328	0.798617461925
-0.403389658608	-0.907249709362	-0.119057728902
0.764580136024	-0.262104375213	-0.588828090277
0.502778189332	-0.329075040349	0.799327063367
-0.40327573165	-0.907199514105	-0.119823883301
0.764004584421	-0.264027499181	-0.588715949433
0.502733237523	-0.328319901676	0.799665744455
-0.404420920985	-0.906915371268	-0.118102505339
0.763717979767	-0.264880514901	-0.588704642403
0.502952688177	-0.327541973938	0.799846750985
-0.404689308751	-0.90694792818	-0.11692732362
0.765776898487	-0.260020230604	-0.58819657362
0.502160306382	-0.329634232432	0.799484978116
-0.401772020226	-0.907596101367	-0.121854429968
0.765098748636	-0.260172354735	-0.589011249402
0.503425014459	-0.328650618621	0.799094508049
-0.401481208661	-0.907909204606	-0.120472906784
0.764474738379	-0.263642554509	-0.588277980953
0.502371157182	-0.328221807321	0.799933556031
-0.403982177645	-0.907062884856	-0.118470869857
0.763272915186	-0.26377169255	-0.589778738362
0.504033466542	-0.327976669457	0.798987872114
-0.404184030635	-0.907114022265	-0.117385956609
-0.99063042383	-0.0941805580218	0.0996931810476
-0.0691847169359	-0.284541646998	-0.956217056684
0.118415297995	-0.954079455309	0.275258960849
-0.990493015396	-0.0952647081415	0.101235470487
-0.070212652425	-0.285884958614	-0.95582353849
0.119975699796	-0.953652498908	0.276221532137
-0.990604797937	-0.0929286550649	0.0992588554032
-0.0688856165775	-0.286283618386	-0.955593076936
0.117229804815	-0.953555253735	0.277329824559
-0.990603316886	-0.0949881078514	0.0992071258882
-0.0682138653311	-0.286757352035	-0.95562562699
0.119212679849	-0.953336629817	0.277480777911
-0.989848443131	-0.0958065521485	0.101628567373
-0.0705546569592	-0.284631225014	-0.955803243676
0.120537552333	-0.953603117028	0.275426072353
-0.990218314578	-0.0947745559255	0.100828135568
-0.0700022695104	-0.285289167442	-0.955773853283
0.119365872998	-0.953636073093	0.276068715497
-0.990162057437	-0.0943266561983	0.100993194402
-0.0701997688768	-0.285933169777	-0.95551180057
0.119034179271	-0.953432373328	0.27680758386
-0.990370546309	-0.0962760662123	0.100427257743
-0.0690736015721	-0.28641823307	-0.955675304077
0.120762380686	-0.953319132469	0.276889101208
0.744627075876	0.611781431626	0.266934470972
0.248234061788	-0.625045250041	0.740066466658
0.619605021319	-0.484811308058	-0.61729061374
