-0.144096752135	-0.861132101762	0.487532187553
0.711160345328	0.252469807282	0.656132580065
-0.688103984742	0.441260130429	0.576022920696
-0.143054277591	-0.858593823824	0.49229275909
0.711168584909	0.256756228947	0.654458180169
-0.688312980265	0.443726167181	0.573874851473
-0.139301301039	-0.861246597876	0.48872226007
0.710104870687	0.257101309918	0.655476918413
-0.690178399015	0.438352843715	0.575760855565
-0.138637207962	-0.860455100478	0.490302718548
0.711279029904	0.257977844069	0.653857462202
-0.689102225633	0.439391009603	0.57625833397
-0.141325531667	-0.86128111849	0.488079803055
0.711609640025	0.254366042045	0.654911913229
-0.688214195902	0.439878084017	0.576947552929
-0.142756366637	-0.859616199835	0.49059214001
0.711583932535	0.255382658765	0.654544139093
-0.687945467183	0.442537808603	0.575231550476
-0.140731544475	-0.860862960017	0.488988278519
0.709826181733	0.256573117976	0.655985508834
-0.690174879421	0.43941456524	0.57495517507
-0.140575638043	-0.85975259791	0.490982673752
0.710832354922	0.257548897215	0.654511990242
-0.68917042793	0.441014798574	0.57493484694
0.776164087975	0.217418214745	-0.591860311737
0.255129030413	0.75010487274	0.610124461014
0.576609474907	-0.624557443302	0.526734766114
0.774661418454	0.213371600786	-0.595291731787
0.263441633264	0.746893894202	0.610530929408
0.574889721441	-0.629779381909	0.522378920515
0.77210538165	0.219424558231	-0.596411052994
0.256720987507	0.750816773087	0.608579090343
0.581332620331	-0.622998425259	0.52337878186
0.773093156652	0.21878402006	-0.595365876835
0.256601691955	0.750516049154	0.609000193432
0.580071156341	-0.623585773155	0.524078471835
0.774476379334	0.213811806516	-0.595374535754
0.25893609889	0.751553270438	0.606728741532
0.577181447313	-0.624061039085	0.526696660706
0.774734643218	0.218666324318	-0.593271671254
0.2597535792	0.745391255645	0.613938074581
0.576467098277	-0.62974353505	0.520681068102
0.773000103754	0.215345358082	-0.596738816027
0.259557073542	0.750944391694	0.607217131007
0.578879057641	-0.624266686094	0.524585681751
0.773282175428	0.2192736891	-0.594940100793
0.256689849206	0.749711466692	0.609953305443
0.579780126925	-0.624381103794	0.52345318372
0.948102017053	-0.193959562185	0.251956846376
0.0953921991564	0.929407659684	0.356513294304
-0.303319785933	-0.313976255333	0.899675506222
0.949662923073	-0.188889262194	0.249922345128
0.0915037347728	0.930237295	0.355366909993
-0.299612080012	-0.314609950292	0.900695941789
0.949440256786	-0.192479852778	0.248021580551
0.0970716213761	0.931279680155	0.351134243232
-0.298563725974	-0.309305128831	0.9028787502
0.951603174204	-0.189542594688	0.241919414515
0.09443623261	0.929422926245	0.356727937475
-0.292460589295	-0.316617479309	0.902341495469
0.949524246825	-0.191737009166	0.248275297478
0.0940302480476	0.929031912208	0.35785194929
-0.299269137189	-0.316443714544	0.900167405391
0.950393644136	-0.192175953704	0.244581935612
0.0961830326741	0.92934340339	0.356468317938
-0.295805247816	-0.315260591077	0.901726130008
0.949550189784	-0.194059639477	0.24636415014
0.0974385074743	0.929237843121	0.356402538808
-0.298094239142	-0.314416743724	0.901266851684
0.950166683063	-0.193900163952	0.244102439505
0.0970248917906	0.928073135035	0.359536405144
-0.296259084123	-0.317935500802	0.900637314747
-0.609294502645	0.730134886245	-0.30929477755
0.398379814366	-0.0553912861434	-0.915546465536
-0.685604649223	-0.681054223199	-0.25712139539
-0.610314941496	0.731824302208	-0.303231583713
0.39660545541	-0.0490709747727	-0.916676877511
-0.685726122736	-0.679724632275	-0.260296992006
-0.60423728995	0.7356554095	-0.306117370672
0.397297484085	-0.0548575094835	-0.916048572485
-0.690689101763	-0.675130651418	-0.259126841215
-0.605031903328	0.736540087563	-0.30239962995
0.399554529292	-0.0476482394038	-0.915470431605
-0.688689345717	-0.674713741103	-0.265459413517
-0.61058378567	0.731040653954	-0.304579162487
0.393845257531	-0.053369029999	-0.917626621663
-0.687077009567	-0.680244269311	-0.255331270142
-0.612871201311	0.729197544756	-0.30439996604
0.395954621734	-0.0499697240345	-0.916909288816
-0.683818935194	-0.682476114683	-0.25810391895
-0.609591708927	0.731366514035	-0.305779595664
0.394847064086	-0.0543458212539	-0.917138186167
-0.687381942561	-0.679815915297	-0.255649242154
-0.608871743943	0.732401598053	-0.304736384089
0.399830687599	-0.0484467963557	-0.915308193174
-0.685136326487	-0.679147676435	-0.263339253942
0.596684141244	-0.684819121634	0.418319029318
0.535279016221	0.728025333924	0.4283170446
-0.597866552366	-0.0316525914529	0.800970474498
0.59714319375	-0.683628754818	0.419609006037
0.53402505616	0.729150851733	0.427967598697
-0.59852922381	-0.0314762089046	0.800482360633
0.592980897051	-0.684802943388	0.423578300329
0.535737282118	0.728246526351	0.427367003989
-0.601131609825	-0.0264937780978	0.79871075081
0.59678011593	-0.684236827236	0.419134181903
0.535083171982	0.728605075065	0.427575311479
-0.5979460655	-0.030896798852	0.800940630147
0.59801548854	-0.681350120131	0.422065726476
0.533303669866	0.731378950698	0.425055312048
-0.598301478667	-0.0291004534263	0.800742466956
0.596312345264	-0.684099238533	0.420023581167
0.534995395524	0.728765094682	0.427412396674
-0.59849102221	-0.0301606018051	0.800561571335
0.597633188055	-0.680899861026	0.423331971455
0.531969008278	0.731785866271	0.426026318828
-0.599869613361	-0.0294079811773	0.799557140379
0.59512149397	-0.685110874234	0.420063675212
0.531584732475	0.727609931174	0.433591346885
-0.60270064993	-0.0347400906728	0.797210793689
0.229024139391	-0.948728452346	-0.217858221761
-0.817661712787	-0.066058807089	-0.571896381377
0.52818292714	0.309112392665	-0.790867990887
0.227708251119	-0.948811038049	-0.218875610968
-0.818447692903	-0.0647186811313	-0.570924531166
0.527534162858	0.309142459687	-0.7912891818
0.226641429469	-0.949806288881	-0.215642249389
-0.818037108583	-0.0654628273553	-0.571427838403
0.528629222707	0.305912567776	-0.791813376111
0.22587946985	-0.949569755114	-0.217475858502
-0.819688492335	-0.0646336135428	-0.56915136537
0.526392671294	0.306822067886	-0.792950807409
0.231491373089	-0.948192815656	-0.21758246888
-0.818456451768	-0.0689229842386	-0.570419724342
0.525871451007	0.310129021051	-0.792009603819
0.230133861141	-0.94783949679	-0.22054205062
-0.819116054236	-0.0663037486183	-0.569783154916
0.52544019399	0.311775948811	-0.791649289281
0.230801671976	-0.948656911205	-0.216288527205
-0.815065736126	-0.067095902563	-0.575470319185
0.531411806391	0.309108892288	-0.788703592445
0.228357116315	-0.949096325386	-0.216953976879
-0.819835546959	-0.0672722280366	-0.568633357954
0.525092885962	0.307718028354	-0.793464992198
0.947511783384	-0.197306558209	0.251578094529
-0.114403061288	-0.943998315782	-0.309481731246
0.298552097844	0.264456280877	-0.917021998344
0.947086667583	-0.199979495844	0.251067763506
-0.117723156354	-0.944102532374	-0.30791363233
0.29861024612	0.262064396206	-0.917689121116
0.947535204763	-0.195464482552	0.252924284471
-0.113219341284	-0.945179833498	-0.306296056701
0.298928818239	0.261590385245	-0.917721543697
0.947823106715	-0.196367838494	0.251139461421
-0.113363393656	-0.943890804172	-0.310191621992
0.297959893369	0.265536764649	-0.916902438
0.948421256428	-0.194935008862	0.249994826098
-0.112523481228	-0.944250627416	-0.309398366426
0.296370607396	0.265309678103	-0.917482094577
0.946831489117	-0.200516441118	0.25160147985
-0.118493863594	-0.9443935182	-0.306725764076
0.299114279351	0.26060438772	-0.917941501406
0.947525075051	-0.194670756782	0.253573600967
-0.112288584436	-0.945336691075	-0.306155826381
0.299311791379	0.261616919705	-0.91758955536
0.946712781899	-0.200700514829	0.251901164194
-0.118138336456	-0.943984358235	-0.308117351886
0.299630149742	0.261939444188	-0.917392471248
-0.994374754223	0.0783378550745	0.0712537493004
-0.102064639893	-0.529637888068	-0.842058628722
-0.0282263283239	-0.844596415682	0.534657851596
-0.994278902459	0.0808778274097	0.0697248496495
-0.102291038331	-0.53397453621	-0.839286956281
-0.0306483458348	-0.841620358915	0.539197835086
-0.994055605415	0.0778580417635	0.0761244953485
-0.106061469972	-0.534034173726	-0.838785461742
-0.0246531549035	-0.841871849853	0.539114818012
-0.994005189281	0.0789479801854	0.0755526154654
-0.106005217651	-0.528789311739	-0.842101548972
-0.0265306447281	-0.84506765491	0.533997954064
-0.9944207737	0.0778206755287	0.0712525726077
-0.101821718656	-0.530716653925	-0.841413403917
-0.0276644944433	-0.843971635271	0.535675155987
-0.99433951478	0.0769017066333	0.0733068312978
-0.103169669631	-0.53411885764	-0.839090083813
-0.0253728844698	-0.841903959488	0.539030305618
-0.994702035319	0.0756230286859	0.069682113197
-0.0993650846578	-0.532370821476	-0.840662204503
-0.0264767694061	-0.843129598378	0.537059575631
-0.994203352773	0.0775599256712	0.074421550077
-0.104203678612	-0.525546620341	-0.844356602029
-0.0263761739017	-0.847219532327	0.530586512311
-0.986330253039	0.0778551048102	-0.145233357876
0.0682483634414	0.995209401402	0.0700029420781
0.149987687737	0.059134031378	-0.986918625801
-0.986809632447	0.0738130171025	-0.144070070713
0.0636088583792	0.995212803972	0.0741982657341
0.148857179553	0.0640555072454	-0.986780740377
-0.985602751559	0.0753329102554	-0.15135001154
0.0639084134855	0.994825046169	0.0789862537202
0.156517053532	0.0681767278728	-0.985316702254
-0.985968328146	0.0724003263189	-0.150377450863
0.061275342889	0.995119561719	0.0773457338198
0.155243413171	0.0670464237317	-0.985592710479
-0.985333539723	0.0770106060534	-0.152247538786
0.0671327231555	0.995355555628	0.0689963546402
0.156853893776	0.0577638816841	-0.985927136578
-0.985176398907	0.075934546373	-0.153825686362
0.0654531217433	0.995247449926	0.0720999619011
0.15856949887	0.0609627781455	-0.985464452898
-0.985700557291	0.0760656174051	-0.150379100947
0.0637971337663	0.994353896711	0.0847954555941
0.15598005602	0.0739889546824	-0.984987967213
-0.986279861679	0.0768918933126	-0.146090556921
0.0665951089712	0.995023436514	0.0741178737799
0.151062588154	0.063371953539	-0.98649220468
-0.888932809704	-0.219092829803	-0.402240583951
-0.457304789404	0.374838513505	0.806454368581
-0.0259130283244	0.900829978933	-0.433398652376
-0.889542790878	-0.223632257849	-0.398372332358
-0.455842715174	0.3766070717	0.80645766454
-0.0303203061012	0.898974504045	-0.436948751163
-0.888117219752	-0.22328308717	-0.401735191069
-0.458625396049	0.373177451451	0.806474366103
-0.0301537204753	0.900490322028	-0.433828241837
-0.890036543999	-0.219637185084	-0.399493424324
-0.455047309147	0.374757533382	0.807767860126
-0.0277026278055	0.900731078815	-0.433493364106
-0.892453813693	-0.219028906403	-0.39440353316
-0.450284810243	0.378642524364	0.808624733593
-0.0277740611573	0.89925341716	-0.436546815079
-0.890507235354	-0.219194971472	-0.398684625735
-0.454368181974	0.383482841523	0.804046105756
-0.023354261403	0.897158932104	-0.441089184492
-0.892156785136	-0.215233578291	-0.397153671354
-0.450969873872	0.373519444068	0.810622898906
-0.0261286194321	0.902306942313	-0.430301841167
-0.891854608564	-0.219103534651	-0.395711438834
-0.451392983031	0.37512901918	0.809643201112
-0.0289530065949	0.900706044911	-0.433461925967
0.892769730411	0.0315289646292	-0.449408644868
-0.447121731946	0.184182503529	-0.87530505605
0.0551757420769	0.982386231945	0.178529850605
0.893186704504	0.0335889725071	-0.448429804279
-0.446673351707	0.181505946762	-0.876092740147
0.0519656166596	0.982816032322	0.177121998544
0.893109096361	0.0388655485113	-0.448158018515
-0.447217709432	0.184131260014	-0.875266809277
0.0485021730508	0.9821329524	0.181830665595
0.893366560209	0.0365907011326	-0.447836250006
-0.446447690785	0.184966328577	-0.875483806097
0.0508000553263	0.982063417471	0.181578568131
0.894683011798	0.0369789335979	-0.445168358179
-0.443772901212	0.187507812605	-0.876302707014
0.0510678059437	0.981566798868	0.184170303041
0.895323118779	0.0360468989144	-0.44395623031
-0.442849577414	0.178907053814	-0.878565035045
0.0477573568848	0.983205416024	0.176142975162
0.893168875201	0.0371176471633	-0.448187062886
-0.446972491063	0.183288138221	-0.875568998563
0.0496483162074	0.98235826422	0.180297826156
0.895772773179	0.0375435752055	-0.442923943993
-0.441699654869	0.187092305841	-0.877438256896
0.0499254953897	0.981624653184	0.184175177188
0.193590710751	0.684766462456	0.702579207536
-0.37479148208	0.713430344054	-0.592071359051
-0.906671934013	-0.14870118071	0.394758120409
0.193152870951	0.684003539221	0.703442333445
-0.376826428039	0.713674621775	-0.590483169711
-0.905921520487	-0.151022147096	0.395598915689
0.192764501887	0.685563029019	0.702029335514
-0.376726924213	0.712324567106	-0.592174415586
-0.906045627578	-0.150323142406	0.395580939246
0.192924211031	0.682164684948	0.705288296731
-0.371803714815	0.716013645855	-0.590835385801
-0.908043080776	-0.14824236262	0.391767734656
0.193417394899	0.683522159283	0.703837463356
-0.371933942611	0.714920278348	-0.592076126826
-0.90788482716	-0.147263218057	0.392503107651
0.192145744859	0.687431378075	0.700369979554
-0.371707516006	0.711474661614	-0.596353357224
-0.908247505016	-0.145746027617	0.392230240258
0.193023181211	0.682089932631	0.70533353218
-0.378516636421	0.714972743229	-0.587825771934
-0.905244289552	-0.153516468173	0.396188695483
0.192697749149	0.684068739774	0.703503747848
-0.370723724006	0.714557601422	-0.59327173364
-0.908532599542	-0.146483407734	0.391294156164
-0.443868956442	0.803048014744	0.397606982005
0.864732980832	0.267511179244	0.425056652436
0.234977228654	0.532494292865	-0.813161643829
-0.445046143387	0.800874968745	0.400653911951
0.862846692779	0.263790644653	0.431167206916
0.239624409201	0.537595442686	-0.808430081342
-0.444336023607	0.80394980136	0.395265778207
0.862398354446	0.26438511953	0.431708283336
0.242568334245	0.532698489339	-0.810801434473
-0.444175193205	0.802498385858	0.398381310576
0.863576099824	0.265041025685	0.428941797592
0.238637062782	0.534556906797	-0.810743448691
-0.437075096984	0.804946733631	0.401288999591
0.867587460198	0.259646491939	0.424121649206
0.237200556669	0.533524067342	-0.811847565884
-0.442663622753	0.802749764381	0.399544398832
0.86339659637	0.261303349664	0.431582902136
0.242052118825	0.536013339224	-0.80876012608
-0.441581439868	0.803738546031	0.398762978894
0.864882540363	0.263063683758	0.427523771191
0.238716893179	0.533669123316	-0.811303696294
-0.445652796942	0.800221571663	0.401286292679
0.864566633442	0.268478348524	0.424781939978
0.232184816009	0.536246768231	-0.811491943338
-0.839111331686	0.522438757485	0.151491303144
-0.488041080171	-0.846057185958	0.214482722445
0.240224424897	0.106040930017	0.964908047985
-0.837910075738	0.523023967654	0.156053000038
-0.486751134485	-0.845409771041	0.219898968395
0.246941172426	0.108296594974	0.96295996955
-0.840053590155	0.521293998737	0.150207492874
-0.486651896458	-0.846469578911	0.216006808172
0.239749151633	0.108358554731	0.96476876156
-0.840019236269	0.521945236586	0.148124104
-0.485921354629	-0.845196735396	0.22253721663
0.241346260167	0.114958886888	0.963605954216
-0.837962044712	0.523839718936	0.153007927794
-0.490264379145	-0.845756371658	0.210563204884
0.239708814282	0.101429648398	0.965531826642
-0.840685485391	0.518998571349	0.154557587742
-0.482311002301	-0.847387362165	0.222059461781
0.246218728065	0.112137373099	0.962705323773
-0.838917904486	0.524453403086	0.145481767032
-0.489354668527	-0.843841210756	0.220144464559
0.238219069216	0.113490990287	0.964557650864
-0.84319269409	0.517118644546	0.147017256574
-0.482454377582	-0.848496309539	0.217466022586
0.237199367241	0.112436670577	0.964932354784
-0.0170310022414	0.595334013149	-0.803297818071
0.513913829967	0.69437867215	0.503717026787
0.857672750586	-0.404247053786	-0.317776347593
-0.011148616659	0.596476086744	-0.802553417536
0.5139219848	0.691905332618	0.507100783627
0.85776448026	-0.406796373089	-0.314255961707
-0.0151851042897	0.59768098218	-0.801590198544
0.517069634028	0.690859961475	0.50532316811
0.85580862138	-0.406804565121	-0.319533467263
-0.0120761737091	0.596964496064	-0.802176779527
0.51646746962	0.690665073311	0.50620462092
0.856221669894	-0.408185197987	-0.316653334204
-0.0105596321317	0.595577925523	-0.803228142606
0.512812823137	0.692821915605	0.506972196326
0.85843550886	-0.406552252546	-0.312735941997
-0.0118958935334	0.597318114048	-0.801916183931
0.511075915104	0.692939047165	0.508563553799
0.859453259009	-0.403790230047	-0.313518030897
-0.0165891477708	0.595765491965	-0.802987110205
0.516593774799	0.692709338236	0.503273932094
0.856069910937	-0.406469257717	-0.31926020201
-0.0140241770001	0.59481405581	-0.803740976445
0.511360400568	0.695018329223	0.505430570401
0.859251918204	-0.403913059674	-0.313911413899
0.73550763588	-0.677150474942	0.0222655480195
0.665207637393	0.715519374636	-0.213379536662
0.128558622806	0.171753491368	0.976715628497
0.734310157411	-0.678561379369	0.0185215102638
0.665692637507	0.714508999002	-0.215244516411
0.132822830429	0.170385867677	0.976384530675
0.734747281582	-0.677912023413	0.0241189478818
0.666072461259	0.714270760262	-0.21485986256
0.128428624097	0.173932667142	0.976347026459
0.732139295298	-0.680676224185	0.0255328416408
0.668869195032	0.71134143662	-0.215887368916
0.128786832053	0.175137757064	0.976084380355
0.736192344852	-0.676501625814	0.0191411443367
0.663665062151	0.716106030145	-0.216196301446
0.132550060035	0.171865371003	0.976162269294
0.732059436101	-0.680990398037	0.0184679939724
0.668143153084	0.712430567737	-0.21454002111
0.132942528961	0.169395311188	0.976540584489
0.733581685124	-0.679231705521	0.0224096395456
0.66635054126	0.712407496828	-0.220119295717
0.133547212222	0.17640815854	0.97521551609
0.729987334135	-0.68317675955	0.0196977582375
0.670753832987	0.710586261355	-0.212500481823
0.131178435738	0.168335006615	0.976962406172
-0.219708534959	-0.91855296443	0.328614970223
-0.960822551947	0.262082036781	0.0901805859346
-0.168959672077	-0.295927298413	-0.9401480579
-0.215473505177	-0.919922832943	0.327587623336
-0.961603884198	0.258279173975	0.0927908610415
-0.169969525002	-0.295015517263	-0.940253691742
-0.218430609679	-0.920381127829	0.324324197085
-0.962054192061	0.258792806579	0.0864738853927
-0.163521670787	-0.29312894919	-0.941984789486
-0.214536495037	-0.91935857308	0.329778650045
-0.96316721213	0.255179941423	0.0848065482882
-0.162120527387	-0.299437878797	-0.940241444424
-0.214210408856	-0.920065409638	0.328015369229
-0.962431735493	0.256167360292	0.090020934651
-0.166852015205	-0.296408933988	-0.940373867875
-0.21621304521	-0.919251103356	0.328981412551
-0.961179454281	0.259567757071	0.0935857696975
-0.171421753266	-0.29597575678	-0.939687205173
-0.214525701293	-0.919717938744	0.328782221299
-0.963467271172	0.254526326647	0.0833500774927
-0.160342300314	-0.298890165763	-0.940720572303
-0.216567529728	-0.919257270873	0.328731702754
-0.96256540972	0.257275958895	0.0853046714163
-0.162991700581	-0.297951547911	-0.940562870125
0.115843765692	0.923289325875	0.366221030122
0.866711226147	-0.274060091322	0.416777962391
0.485172827607	0.269126439039	-0.83197352436
0.115272593501	0.9215026963	0.370862133801
0.869371281887	-0.274192940889	0.411099440425
0.480520047247	0.275030828088	-0.832733752684
0.112184391005	0.922957749204	0.368192781288
0.870224149064	-0.270133642453	0.411996348422
0.479715396244	0.274189813654	-0.833485314635
0.113510847951	0.921660850595	0.371021450988
0.869154880594	-0.273034349383	0.412337901275
0.481337131492	0.275670143049	-0.832058452303
0.11646420749	0.922177030109	0.368809725062
0.867616786026	-0.275192419688	0.414129240733
0.483396525399	0.271756215315	-0.832145413959
0.112543509573	0.921489676986	0.371740266956
0.871552905594	-0.271220347924	0.408454633959
0.477210209049	0.278022356041	-0.833651112198
0.117238879535	0.922929261281	0.366683603593
0.869506393029	-0.273783754926	0.411097842701
0.479806126424	0.270636993892	-0.834591037671
0.115672438589	0.922922004703	0.367194264865
0.870523442272	-0.272216062834	0.409978904216
0.478336274362	0.272229202478	-0.834912548546
0.918867428611	-0.011100904765	-0.394410760647
-0.0556000720062	-0.993278076623	-0.101576808839
-0.390629889018	0.115264851601	-0.913308509752
0.918740515811	-0.00844627120479	-0.394771972246
-0.0547407629429	-0.992846460096	-0.106154587796
-0.391049483366	0.119138608941	-0.912631006687
0.918651307641	-0.0103328065608	-0.39493505967
-0.0562697672877	-0.992896926991	-0.104911342276
-0.391042429331	0.118599787341	-0.91270817329
0.918288673603	-0.0101215806227	-0.395782008013
-0.0563258458298	-0.992843657387	-0.105295871903
-0.391884221872	0.11898476858	-0.912287124632
0.919827882374	-0.00770529553783	-0.392246551261
-0.0535192485761	-0.992925697619	-0.105998980948
-0.388654626355	0.118493554047	-0.913733184793
0.919866616442	-0.0139203736431	-0.39198502301
-0.0577126735694	-0.993304028514	-0.100159640122
-0.387962990988	0.114755955826	-0.914511219652
0.917302691956	-0.00734281099865	-0.398122375974
-0.0547474043211	-0.992655204646	-0.107833429233
-0.394408499965	0.120712094947	-0.910966865655
0.91869196151	-0.010006309311	-0.394848490711
-0.0561526760562	-0.992838357	-0.105489874642
-0.390963340755	0.119084467728	-0.912674873032
0.814326028838	0.132988667127	0.564966493792
-0.568426677945	-0.0140233058736	0.822614424324
0.117321082897	-0.99101836195	0.064174759059
0.815714981834	0.127723175434	0.564177154427
-0.567254122945	-0.0143717118531	0.823417408617
0.113277672654	-0.991705732195	0.0607282752806
0.813827333379	0.129978887423	0.566383761216
-0.569120072142	-0.0186652138373	0.822042565195
0.117419843424	-0.991341073664	0.0587833292554
0.81433321127	0.128937839145	0.565894382795
-0.56892661882	-0.0155563624441	0.822241138635
0.114821257791	-0.99153064567	0.060688107815
0.816392463301	0.132515785839	0.562087990509
-0.565509977196	-0.0138391935693	0.824625323539
0.117054723368	-0.991084267373	0.0636407880422
0.819010910041	0.127336059548	0.559469980603
-0.563222493194	-0.00775337790153	0.826268914792
0.109551606183	-0.991829332259	0.0653684304216
0.814174004589	0.130109614427	0.565855256226
-0.568705746239	-0.0177212270731	0.822350102637
0.117023318019	-0.991341215398	0.0595659282527
0.82016953793	0.127008718051	0.557844701238
-0.561094644867	-0.0119371127112	0.827665562256
0.111779804356	-0.991829758064	0.0614734580733
0.210619812399	-0.663626358668	-0.717801751252
0.976200117906	0.103949001073	0.190336383356
-0.0516974643433	-0.740806766377	0.669725845768
0.207433992204	-0.666040059208	-0.716492722711
0.97680867088	0.101292310087	0.188639172758
-0.0530660217319	-0.739006465827	0.671605136028
0.213048081418	-0.660572171863	-0.719899247686
0.975681840721	0.104978899878	0.192417211166
-0.0515312210714	-0.743386738667	0.666873820593
0.210627732497	-0.66484857332	-0.716667499314
0.976095669158	0.102835485162	0.191473432872
-0.053602002482	-0.739865667131	0.670615842438
0.205862737976	-0.661665045253	-0.720985362138
0.977468408116	0.103914417716	0.183731584757
-0.0466479974045	-0.742563904316	0.668148792379
0.206997631376	-0.66126488688	-0.721027552496
0.976650605177	0.0963580787765	0.19201228539
-0.0574941517515	-0.743938083252	0.665770644759
0.203163704546	-0.661420215777	-0.721974930708
0.977855037042	0.0992245462845	0.184266134492
-0.0502397147762	-0.743423015484	0.66693192178
0.213869571318	-0.663277134182	-0.717163337144
0.975532963989	0.106731085035	0.192207997738
-0.0509435476089	-0.740723917188	0.669875237991
-0.504771763929	0.347705696711	-0.79013043527
-0.84523599874	-0.0130480424453	0.53423382607
0.175446466762	0.937512892156	0.300479721733
-0.502665923701	0.343603358	-0.793261493852
-0.846070244581	-0.0071706025128	0.53302325288
0.177460436413	0.939087524807	0.294316936982
-0.504891815165	0.35108278134	-0.788558827338
-0.845160057758	-0.0153621857649	0.534292433804
0.175466863814	0.936218355244	0.304477453182
-0.50425363583	0.349948037998	-0.789471036039
-0.844540070161	-0.00905036193167	0.53541579841
0.180222684301	0.936725348219	0.300108893642
-0.505919374343	0.344872747479	-0.790638006073
-0.843523914995	-0.00620022523189	0.537055878644
0.180313819307	0.938629000192	0.294045175062
-0.504270224911	0.347292577162	-0.790632181458
-0.844421620235	-0.00669376828488	0.535637203554
0.180730483838	0.937732879022	0.296636924729
-0.508710388905	0.351071904746	-0.786105848047
-0.842837770137	-0.0168355916712	0.537904410434
0.175608598498	0.936197190357	0.304461012942
-0.503896575399	0.350292673385	-0.789546237802
-0.844032386267	-0.00542171885662	0.536264786049
0.183568923259	0.936624595448	0.298390360184
-0.298621129542	0.865553451438	0.402048026684
-0.175197826962	-0.463828079308	0.868429158185
0.938153033617	0.188893366907	0.290151970844
-0.300224211119	0.863857562289	0.404494208278
-0.178797577872	-0.467505211946	0.865719548196
0.936961513938	0.187587371797	0.294811999899
-0.293889963578	0.865341063433	0.405972366608
-0.174589131183	-0.466181628227	0.86729081505
0.939759199894	0.184009691412	0.288085223068
-0.296447762893	0.863837566354	0.407312411595
-0.176718134306	-0.468733297915	0.865482418428
0.938557106782	0.184590830097	0.291610686504
-0.293932367853	0.865110376838	0.406432809255
-0.173945209023	-0.466529979145	0.867232753929
0.939865233323	0.184210806188	0.287610201768
-0.295475049122	0.86495576238	0.405642572368
-0.175127943999	-0.466445116918	0.867040374661
0.939161631787	0.185149499559	0.289300919451
-0.293942854043	0.865775663549	0.405006415501
-0.172089036411	-0.464737686479	0.868564538094
0.940203733101	0.185611135693	0.285596744509
-0.296021948028	0.865600126282	0.403865541243
-0.176708934411	-0.465145357361	0.867417828927
0.938693190836	0.185408087264	0.290652552114
0.1621116449	0.749072910925	-0.642345129941
0.642113389155	-0.574357865404	-0.507739178683
-0.749271571134	-0.330149136331	-0.574098682147
0.163852674993	0.748245235795	-0.642867622704
0.644453939313	-0.574580571596	-0.504511064178
-0.746879396767	-0.33163437832	-0.576354862338
0.159905772723	0.747231712765	-0.645037716882
0.639767280048	-0.576079736152	-0.508751029813
-0.751749104517	-0.331322426641	-0.570172243844
0.164177314356	0.746837143733	-0.644424726221
0.640269641712	-0.577655751331	-0.506334416349
-0.750402380678	-0.329475395163	-0.573016697805
0.157558113333	0.750392674771	-0.641941844273
0.638612329331	-0.573264968723	-0.513368558793
-0.753228246022	-0.329065066486	-0.569534096057
0.163426981022	0.750653056619	-0.640165612503
0.641861407277	-0.573678204386	-0.508830036378
-0.749203548236	-0.32774084375	-0.575569924349
0.156214408165	0.750211584325	-0.642479710763
0.637367951627	-0.573479530873	-0.51466914746
-0.75455927152	-0.329096970288	-0.567746858794
0.160696728212	0.747093106259	-0.645000431612
0.639392281521	-0.576626085316	-0.508600461247
-0.751898381785	-0.330679315092	-0.570346032528
-0.222019195034	0.432509594312	-0.873866613261
-0.910931594023	-0.411625893047	0.0277069344211
-0.347722645155	0.802184202059	0.485375564378
-0.219529670342	0.436210649643	-0.872655120381
-0.910512817469	-0.412858341803	0.0226794976536
-0.350389924535	0.799542506391	0.487810072715
-0.220607074612	0.426133894055	-0.877349676066
-0.910260564954	-0.413070933686	0.0282514365486
-0.350368739539	0.804849267947	0.4790192225
-0.218738646716	0.428412833622	-0.87670742003
-0.910642793963	-0.412395565635	0.0256838356343
-0.350546941438	0.803985324242	0.480337862746
-0.21744083218	0.4307163689	-0.87590114009
-0.912447330012	-0.408386630355	0.0256929879159
-0.346639968272	0.804800390926	0.48180600473
-0.218155047226	0.431126975272	-0.875521480284
-0.910764641311	-0.412230969983	0.0239446104907
-0.35059392377	0.802617659553	0.482585509985
-0.218149717873	0.42409916669	-0.878948548492
-0.910979102553	-0.411532510827	0.0275320422777
-0.350039610323	0.806709883077	0.476121219596
-0.221627386493	0.425031306382	-0.877627291023
-0.909894285564	-0.4137988445	0.0293746957256
-0.350676007807	0.805058303632	0.478442737704
0.94584588818	0.183959195079	0.267459476394
-0.00395339060039	0.83039246484	-0.55716490257
-0.324591940242	0.525934760687	0.786150560891
0.946295211579	0.190183161273	0.261449301383
-0.0125500825422	0.829678792283	-0.558099986941
-0.323060160735	0.524846134752	0.787507882714
0.948393274941	0.183074382621	0.258909186769
-0.00895949683815	0.831644597948	-0.555235978495
-0.316969910215	0.524262372126	0.790366398135
0.947925788404	0.187294811991	0.257599212058
-0.0129263754443	0.830769069804	-0.556467128081
-0.318228863351	0.524159717279	0.789928468429
0.947472869355	0.184523174487	0.261240042479
-0.00844482151448	0.830941480734	-0.556295730887
-0.319724642007	0.524868986787	0.788852774303
0.946452380632	0.188999575716	0.261738516063
-0.0122951025472	0.831242002859	-0.555774739138
-0.322609238654	0.522796222815	0.789054741735
0.948756109623	0.187289279825	0.254528128369
-0.0148330536349	0.830951010008	-0.556147815729
-0.315660930411	0.523873208022	0.791147919697
0.947850390997	0.188352197819	0.257105206702
-0.0141328140714	0.830737026813	-0.556485633735
-0.318402106311	0.523831505891	0.790076362113
-0.0806111167193	-0.842230828483	-0.533056312135
-0.0303054209838	0.536620504659	-0.843279310232
0.996284789512	-0.0518232106329	-0.0687817275118
-0.0861230504298	-0.850513929184	-0.518853482352
-0.0287124287894	0.522690987826	-0.852038587104
0.995870712652	-0.0584825935171	-0.0694360765064
-0.0822102940461	-0.843748186825	-0.530405887916
-0.0272030319257	0.533908913956	-0.845104278364
0.996243646786	-0.0550476473945	-0.0668453045839
-0.0796068359892	-0.848457019216	-0.523243224916
-0.0252254283043	0.526455660264	-0.849828294745
0.996507131758	-0.0544530928941	-0.0633121688716
-0.0771803407946	-0.843697620284	-0.531241494583
-0.0262179185711	0.534364048888	-0.844847729583
0.996672373845	-0.051277587344	-0.0633623960314
-0.0783199439504	-0.848771316635	-0.522927520825
-0.0215457041588	0.525857372613	-0.85029982118
0.996695401119	-0.0553286121605	-0.0594724850287
-0.0824511581632	-0.844716993916	-0.528824214484
-0.0270010752709	0.532329584815	-0.846106478934
0.996229286645	-0.0554836187404	-0.066699467556
-0.0840560080811	-0.846370505805	-0.525919687792
-0.02654474851	0.529502125162	-0.847893189014
0.996107387499	-0.0573101260969	-0.0669745189481
0.924538851225	-0.107223548849	0.365692524403
-0.101365477701	0.855840999643	0.507209248574
-0.367359431297	-0.506003253429	0.780389488391
0.924174010653	-0.102235151875	0.368035826493
-0.10909040128	0.852740499679	0.510815935868
-0.366062399339	-0.512231988174	0.776927733892
0.920389055622	-0.109914558705	0.375236958441
-0.10349983978	0.856957920535	0.504887020658
-0.377056717697	-0.503529453208	0.777358551974
0.921731288252	-0.108848173278	0.372241193539
-0.102860417324	0.856823402824	0.50524586946
-0.37394005608	-0.503989810643	0.778564770361
0.921031229177	-0.107291505318	0.374419564418
-0.107619882207	0.853781065324	0.509387728539
-0.374325310774	-0.509456995162	0.77481232488
0.921892198947	-0.102373137899	0.37367701907
-0.111882708795	0.853033135032	0.50972220945
-0.370940741112	-0.511716925625	0.774950808653
0.922841439027	-0.104118239266	0.370841028986
-0.106094319505	0.856821450642	0.504580017031
-0.370280531349	-0.504991475641	0.779663986757
0.924869407952	-0.0999029086806	0.36692776883
-0.109387900112	0.85420781189	0.508294503533
-0.364212665912	-0.510243494667	0.779102503855
-0.960452664667	-0.268930878685	-0.0721583568626
0.262897703601	-0.961229720215	0.0831996961821
-0.0917357259565	0.0609391047943	0.993916989485
-0.960832691754	-0.266561907621	-0.0757958548269
0.260938602595	-0.962318558751	0.0765098731972
-0.0933343874416	0.0537351321436	0.994183698757
-0.962255352188	-0.263104820167	-0.0695636896944
0.257901674594	-0.963209534782	0.0755826290053
-0.0868906183696	0.0547892432016	0.994710086175
-0.960510480554	-0.267725357945	-0.075774645671
0.262021710937	-0.961953015851	0.0773955105975
-0.0936124308554	0.05448462881	0.994116761329
-0.961346463986	-0.26680992443	-0.0680164712778
0.260954068118	-0.961682600868	0.0840853709962
-0.0878450366965	0.0630859691885	0.994134504185
-0.961945595728	-0.262967288013	-0.0742114032561
0.257048070912	-0.963032650435	0.0805782765913
-0.0926575208957	0.0584360749292	0.993981792707
-0.960739883245	-0.266429286803	-0.0774338184959
0.260076183473	-0.962000982022	0.0831635426929
-0.0966485380298	0.0597597789218	0.993522941096
-0.960800240977	-0.265601543653	-0.0794859786677
0.259504051935	-0.962479166567	0.0793145901787
-0.0975697075176	0.055578567766	0.993675587269
0.210312832129	-0.156432468915	0.965037645919
0.245243217325	-0.947110668195	-0.206972931446
0.946374418361	0.28019798833	-0.16082578716
0.206395251701	-0.154955956826	0.966121058484
0.245677899828	-0.94754345394	-0.204461197652
0.947123866101	0.279554401241	-0.157499463204
0.203659675186	-0.160509440583	0.965794620944
0.239815798121	-0.948238542041	-0.208162305772
0.949215946627	0.274007083953	-0.154625047881
0.206729291257	-0.155252812137	0.966001700866
0.242480920921	-0.948397302997	-0.204315625693
0.947874319065	0.276475019191	-0.158415379609
0.206675289615	-0.158067271692	0.965556914479
0.246625318545	-0.946581183303	-0.207750435411
0.946816439301	0.281067658724	-0.156651641589
0.206498779746	-0.16155290928	0.965017644683
0.24587833557	-0.946058200172	-0.210993073103
0.947049228469	0.280846738103	-0.15563764627
0.209510908746	-0.157392360686	0.965056003433
0.242396629931	-0.947793454372	-0.207200619469
0.947285236221	0.277337101211	-0.160421955447
0.206399330548	-0.160253912926	0.965255469824
0.241168885708	-0.947730518586	-0.208913218417
0.948281080271	0.275909129343	-0.156962809031
-0.339796033471	-0.24143351954	0.908982051711
0.838187393131	-0.516119315847	0.176245812172
0.426591618161	0.821784976716	0.377741946172
-0.336809618665	-0.241539969976	0.910064646771
0.83877730376	-0.516109481675	0.173446149798
0.427798846533	0.821759925457	0.37642893449
-0.336885048766	-0.240642538673	0.910274507769
0.838812687987	-0.515842632201	0.174068108975
0.427670182951	0.822190732538	0.375633645846
-0.334234388212	-0.242483519406	0.910762902702
0.840858973174	-0.513217844748	0.171940607555
0.425727036203	0.823291642196	0.375429538494
-0.335784177762	-0.244267910214	0.909715447737
0.840477452187	-0.513726453997	0.172286991921
0.425260696722	0.822446559516	0.377802867564
-0.336246135912	-0.241663565689	0.910240096813
0.839450041002	-0.515045234629	0.173354497542
0.426921469932	0.822390949716	0.37604664616
-0.335888777913	-0.244991888328	0.909482105407
0.839873786048	-0.514990313338	0.171455524091
0.426369263562	0.821440166954	0.378741734681
-0.33510528624	-0.242867197894	0.910340640626
0.839850563504	-0.514919048874	0.171783380003
0.427031133256	0.82211557755	0.376524156003
0.638569073669	0.489087021726	-0.594157740681
0.18854900338	-0.847970782431	-0.495373407214
-0.746109113305	0.204302286894	-0.63370478554
0.63515191165	0.494230582599	-0.59356395542
0.190186499839	-0.84489189014	-0.499986732563
-0.748606126898	0.204679673353	-0.630630674908
0.638563872541	0.490033814725	-0.593382744981
0.188352996525	-0.847127169416	-0.496889239878
-0.746163099004	0.205530115634	-0.633244175814
0.639466023476	0.489315443299	-0.59300384372
0.189888544939	-0.847941995986	-0.494910588912
-0.745000337059	0.203873851843	-0.635145459584
0.638936598971	0.491348305209	-0.5918927047
0.189551764591	-0.846268505844	-0.497895871562
-0.7455402467	0.205929632026	-0.633847945318
0.640448440181	0.492354577581	-0.589417327233
0.190537473361	-0.84533845242	-0.499097661763
-0.743990112134	0.2073402389	-0.635207706521
0.637299906724	0.492368577529	-0.592808428214
0.190949677039	-0.846172019507	-0.497524086912
-0.746583464549	0.203875403325	-0.63328282699
0.637116493101	0.492170893593	-0.593169975639
0.187784546061	-0.845511356322	-0.499848679171
-0.747542488933	0.207073777451	-0.631111504404
-0.332802262092	0.0918903115107	0.938508806133
0.812575346501	0.532956601466	0.235963029223
-0.478501739597	0.841138166743	-0.252036954867
-0.331291814592	0.0891829185501	0.939304058169
0.812219490887	0.533566734035	0.235809307531
-0.480151231672	0.841042768196	-0.249202390677
-0.326754558109	0.0878010282243	0.941021993385
0.814631153079	0.530975871959	0.233325291193
-0.479173764958	0.842825952686	-0.245024229691
-0.327066192211	0.0895315355333	0.94075063656
0.812796542672	0.53448129558	0.231714279671
-0.482067875164	0.84042479219	-0.247581674454
-0.327597593887	0.0843986413046	0.941040182032
0.812113850431	0.534168924894	0.234807648921
-0.482856965147	0.841154211426	-0.243533747323
-0.323332483506	0.0837560413178	0.94257147163
0.811318439036	0.537213987209	0.230572124093
-0.487050761284	0.839277093379	-0.241651542761
-0.32877539616	0.0883846044053	0.940263232475
0.810276022505	0.537840534551	0.232766712964
-0.485138693565	0.83840070194	-0.248444669867
-0.325247077946	0.0899427561298	0.941341932879
0.81315401478	0.534736620893	0.229863640036
-0.482695434227	0.840218450989	-0.247058835779
0.762007819573	-0.262730870459	-0.591875457463
0.504837896612	-0.331407464192	0.797061919971
-0.40556474894	-0.90616858025	-0.11989856455
0.764989391991	-0.262593054959	-0.588078322123
0.500628804973	-0.331984872701	0.799472837201
-0.405169131468	-0.905997188339	-0.122503254197
0.763114947712	-0.26825348855	-0.587958874064
0.501011179676	-0.329111622203	0.800420708536
-0.408219756442	-0.905386977316	-0.116751997002
0.762217775313	-0.271689465797	-0.587544805436
0.501099833691	-0.326939453609	0.80125498886
-0.409784114986	-0.905149399091	-0.113055518027
0.767696059876	-0.257231915553	-0.586919506087
0.499254649321	-0.334092866101	0.799454052901
-0.401730705991	-0.906760017419	-0.128057552196
0.766038845442	-0.258091804703	-0.588704593539
0.50226596264	-0.331210012938	0.798767036099
-0.401140101313	-0.907572859626	-0.124088998533
0.764688308984	-0.267185943647	-0.586398707059
0.499668938593	-0.328781646009	0.801394708938
-0.406918571618	-0.905822388345	-0.117910946995
0.761188150887	-0.26819466927	-0.590477951608
0.50431106112	-0.327671187208	0.798937987488
-0.407753535352	-0.905926693279	-0.114165880225
-0.991144166999	-0.0903698080995	0.098085995375
-0.0691049495556	-0.281116814938	-0.957234107109
0.114070463537	-0.955461107345	0.27228368233
-0.990455468721	-0.0927911248432	0.102019349114
-0.0718549263106	-0.284189328211	-0.956078611985
0.11770730652	-0.954274200574	0.27479645382
-0.99136770383	-0.0876246646553	0.0971817714845
-0.0684540823608	-0.285621472512	-0.955871700543
0.111518685309	-0.954305290478	0.27720105265
-0.991098219143	-0.0932020743489	0.0961724696983
-0.065779661119	-0.286846859559	-0.955786888308
0.116656790518	-0.953503493972	0.278026891299
-0.989942001086	-0.0945592274717	0.103754117127
-0.0732699161223	-0.282239933035	-0.956437856641
0.11974090242	-0.954568178144	0.272670062101
-0.990964986987	-0.0918896112282	0.101299861918
-0.0715083840926	-0.283616409101	-0.956509554421
0.116584362934	-0.954767131841	0.274024163273
-0.990486920969	-0.0903261868052	0.101874316494
-0.0722768796377	-0.285075227006	-0.955641625571
0.115383053581	-0.954104839015	0.276090188493
-0.990296291005	-0.0959907182865	0.100239832909
-0.0690001332574	-0.286124329056	-0.955687650264
0.120421026857	-0.953354962886	0.276757210138
0.744917741433	0.61093600748	0.268057407506
0.249072751979	-0.627408601619	0.737781364189
0.618918688663	-0.482820641531	-0.619535321683
