-0.151159504884	-0.860429558691	0.486633103828
0.709746565882	0.248186871201	0.659289836576
-0.688048410673	0.445044099977	0.573171120454
-0.148513359044	-0.854800807927	0.497251835871
0.71018637469	0.25772086917	0.655145239209
-0.688170852851	0.450439285611	0.568792877525
-0.140791265393	-0.860530611611	0.489555782148
0.707947078609	0.258162605307	0.657391046982
-0.692090117863	0.439134513836	0.572863106849
-0.139128720239	-0.858818293195	0.493025704808
0.710618018527	0.260159111084	0.653711919191
-0.68968488317	0.441303048732	0.574096145058
-0.145051597084	-0.860737909772	0.487944969931
0.710702608131	0.252469447581	0.656628499678
-0.688376238546	0.442028771094	0.575107575155
-0.148902529514	-0.857252423709	0.492895815628
0.711155111844	0.253505407617	0.655738814865
-0.687085445864	0.448166563307	0.571891868332
-0.1441781787	-0.859710936226	0.49000994598
0.706952388607	0.257002103682	0.658914433981
-0.692409532913	0.441414790417	0.570720612138
-0.14360707762	-0.857574509093	0.493905843332
0.709140254548	0.258944034786	0.65579577229
-0.690287708208	0.44442542336	0.570954400999
0.782645040837	0.216644676054	-0.583551048301
0.251565606917	0.747423293133	0.61487654707
0.569369376637	-0.628031453876	0.530466784358
0.779800144605	0.207550104595	-0.590622291493
0.269186403489	0.740606090186	0.615663302852
0.565199449134	-0.639081822919	0.521655070015
0.774056732262	0.221373384244	-0.593152591195
0.254836907036	0.748690200335	0.61198131572
0.57956390718	-0.624865429294	0.52311458141
0.775909502548	0.220218860189	-0.591158264374
0.254494615476	0.74818261001	0.612744047993
0.577232128883	-0.62588052476	0.524477482607
0.779074807032	0.208306614983	-0.591312769218
0.259815756905	0.751101035055	0.606912677745
0.570559558109	-0.626462752363	0.531042553123
0.780084566153	0.219083664592	-0.586063491391
0.261072871859	0.737273259224	0.623112425553
0.568602693988	-0.639085665	0.517938689068
0.775709206595	0.212088432822	-0.594385162799
0.261607733283	0.749040606794	0.608686751413
0.574314042123	-0.627659672213	0.52555372064
0.776436005659	0.22068091453	-0.590294049537
0.255230866083	0.746307595772	0.614721221025
0.576198174203	-0.627952950899	0.523135507709
0.946217432894	-0.190572289559	0.261447456003
0.0872164016641	0.928439014854	0.361101502521
-0.311553958535	-0.318878030436	0.895126210565
0.949431526651	-0.180261057133	0.25707144637
0.0794145052489	0.930015485589	0.358837754958
-0.303764898587	-0.320276676185	0.897301364773
0.949604688907	-0.186726256879	0.251762268001
0.0904881063385	0.932307093675	0.350164797505
-0.300104710406	-0.309736642638	0.902219693086
0.954080168402	-0.180247588128	0.239252666483
0.0847336668071	0.928476304868	0.361596398951
-0.28731731092	-0.324719197152	0.901113868546
0.94929679956	-0.185082598123	0.254125987387
0.0834148391162	0.927649305275	0.364017485794
-0.303113098049	-0.3243627556	0.896053151899
0.951225703814	-0.185960576288	0.246146956842
0.0878812443691	0.928177780431	0.36161152449
-0.295713623602	-0.322342475983	0.899249009325
0.949556879113	-0.190124542989	0.24938803406
0.0911359921318	0.928237742083	0.36065069691
-0.300059934542	-0.319730124318	0.898741722291
0.950683521325	-0.189459938008	0.245572340993
0.0896200952947	0.925777053174	0.367294278574
-0.296932789179	-0.327172401715	0.89710040647
-0.609509333409	0.729641872026	-0.310035501938
0.387672054149	-0.0668121130751	-0.919373219881
-0.6915270438	-0.680558210287	-0.242139558417
-0.611966885712	0.732648041074	-0.297863126927
0.384253378933	-0.053747913434	-0.921661483683
-0.691263289385	-0.678481685557	-0.248630130593
-0.597215771694	0.742409283062	-0.30358239792
0.385408187052	-0.0663158608044	-0.920360291227
-0.703416196328	-0.66665657781	-0.246525956921
-0.598985991204	0.74410527286	-0.295842580009
0.390097283692	-0.0514911550819	-0.919332680516
-0.699313662458	-0.666074929051	-0.259430837668
-0.612017005675	0.731710816685	-0.300058096529
0.377127612893	-0.0634684621684	-0.923984187639
-0.69513332832	-0.678654032743	-0.237104752029
-0.617969637384	0.726739887072	-0.299939544982
0.382658157421	-0.0552394927466	-0.922237512135
-0.686794968432	-0.6846885648	-0.243957088009
-0.609331645693	0.732395202207	-0.303830354079
0.379990220355	-0.0665913735635	-0.922590627485
-0.695933221444	-0.677615895086	-0.237727082728
-0.607705720141	0.734770092976	-0.301338992794
0.391153458368	-0.0532924908064	-0.918780666464
-0.691152117928	-0.67621878969	-0.255021064497
0.592590207716	-0.68893366702	0.417381417525
0.537093523666	0.724107930409	0.432664132597
-0.600306081999	-0.0322196717246	0.799121079961
0.594328407686	-0.685971213062	0.419782366432
0.533668088238	0.726885826663	0.432244565304
-0.601641182028	-0.0328707695346	0.798089843849
0.585267345221	-0.688914183402	0.427620603051
0.53827470181	0.724515456718	0.430508648918
-0.60640125135	-0.0217853002837	0.794860315955
0.593934758058	-0.687280184062	0.418195473876
0.536274844377	0.725699334992	0.431010171852
-0.599708926949	-0.0317242107476	0.799589131163
0.596294363842	-0.681053079077	0.42497026445
0.532408081583	0.731716590184	0.425596593062
-0.600811665043	-0.0275232418226	0.798916647463
0.592280396475	-0.687186416308	0.420688439002
0.536421362241	0.725889433584	0.430507437058
-0.601212155233	-0.0293148507246	0.798551554176
0.595506310966	-0.68036270871	0.427175396262
0.530062787392	0.732335797107	0.427454936037
-0.603660232247	-0.0281223312968	0.796745542175
0.589756754695	-0.689482385255	0.420477130419
0.528808182143	0.723217968487	0.444204548531
-0.610367826217	-0.0396208891936	0.791126605016
0.229401868462	-0.948486403112	-0.218514155002
-0.814723507051	-0.0642865869767	-0.576275102555
0.532541547565	0.31022722298	-0.787501635288
0.22663186334	-0.948588653711	-0.220946942544
-0.816856964735	-0.0615680464363	-0.573545165416
0.530455167317	0.310465656165	-0.788814529146
0.223668661441	-0.951020779165	-0.213381611888
-0.8156409283	-0.0627836398203	-0.575141687181
0.533574840839	0.302683930609	-0.789734200803
0.222833521219	-0.950315374639	-0.2173613705
-0.818924564626	-0.0615149650059	-0.570594901342
0.528874119345	0.305150246125	-0.791944202343
0.235252155676	-0.947192685371	-0.217904654447
-0.816331999069	-0.0708801326948	-0.573217298976
0.52750212222	0.312733147153	-0.789898402315
0.231794289633	-0.946556257889	-0.224282262553
-0.818444657013	-0.0651546913419	-0.570879178786
0.525756242047	0.315889132476	-0.789806393694
0.233304183335	-0.948307310784	-0.215133390154
-0.808833932125	-0.06644263142	-0.584271349378
0.539774769221	0.310320131116	-0.782524474022
0.227599552007	-0.949225323654	-0.217185834083
-0.819556193806	-0.0662843975038	-0.569151970392
0.525857439604	0.307534721845	-0.793029791244
0.947590808118	-0.19892846975	0.24999835246
-0.115407520863	-0.942795733997	-0.312760664871
0.297914109163	0.267517463515	-0.91634245207
0.946632020985	-0.204472253097	0.249156363509
-0.122234405948	-0.943015605712	-0.309482713249
0.298239074848	0.262510756943	-0.917682297499
0.947507096216	-0.194905362181	0.253460387385
-0.112512952737	-0.945266960978	-0.306284070261
0.299284319079	0.261688738815	-0.917576504845
0.94811454895	-0.196388216728	0.250020896448
-0.112324411088	-0.94260359456	-0.3144532975
0.297425632729	0.270054287071	-0.91575535619
0.949432234666	-0.193565024644	0.24720652816
-0.111045776516	-0.943482752406	-0.312267878753
0.293678943489	0.269025972384	-0.917267557872
0.946037712499	-0.205405583005	0.250641492158
-0.123368059616	-0.943495143691	-0.307564562999
0.29965468958	0.260046505488	-0.917922449606
0.947473535338	-0.19349359648	0.254664648373
-0.110661312208	-0.945386158892	-0.306589994017
0.300079871018	0.262304362472	-0.917140587052
0.945597276058	-0.206045557761	0.251775791107
-0.122917500341	-0.94278867664	-0.309906191329
0.301226009784	0.262098812361	-0.916825031124
-0.994950923266	0.0758674568384	0.0656831188067
-0.0960745238811	-0.53113873317	-0.841819101724
-0.0289798026965	-0.843880230341	0.535747834426
-0.994753721837	0.0811622515027	0.0622574785076
-0.0964066535529	-0.540446025968	-0.835836416754
-0.0341915464677	-0.837454146418	0.54543661133
-0.994332088061	0.0748300851464	0.0755851615025
-0.104125305903	-0.539916497236	-0.83525745422
-0.0216928318338	-0.838389857117	0.544641087554
-0.994276505796	0.076741363338	0.0744021281922
-0.103845652708	-0.528664540005	-0.842459538338
-0.0253178581273	-0.845359542725	0.533599801469
-0.995044060833	0.0747670299843	0.0657254980693
-0.0955927156374	-0.533364225622	-0.840477263739
-0.027784574609	-0.842585241607	0.537850695746
-0.994912541137	0.0725557050097	0.0699840848468
-0.0981823065889	-0.540044223542	-0.835896260794
-0.0228546961077	-0.838509388026	0.544410372089
-0.995586537737	0.0703929636246	0.062004873246
-0.0901860248679	-0.53637484323	-0.839143969598
-0.0258119071871	-0.841035642209	0.540361940604
-0.994599234427	0.0743214209436	0.0723897481958
-0.100665634418	-0.522455855578	-0.846699407696
-0.02510735554	-0.849417319893	0.527122227448
-0.987024612859	0.0777307245822	-0.140518167689
0.069881135592	0.995751355304	0.0599656235225
0.144582322166	0.0493678394504	-0.988263011071
-0.987880165848	0.0695868441121	-0.13876990441
0.0604248800532	0.995772434144	0.0691816983376
0.1429973745	0.0599578572068	-0.987908621108
-0.985338691435	0.073141126034	-0.154143427414
0.0612239335451	0.994856698328	0.0806956339755
0.159252788025	0.0700751815119	-0.984748787851
-0.985918659108	0.0674957679683	-0.153017059897
0.0561401108378	0.995421423212	0.0773594910117
0.157537891532	0.0676795700403	-0.985193782062
-0.984845843088	0.0766310044323	-0.155597369603
0.068184221605	0.995931166778	0.0589239471516
0.159479667017	0.0474216067157	-0.986063697998
-0.984409859536	0.074555399533	-0.159288147162
0.0647860417922	0.995735685577	0.0656749598297
0.163505321671	0.0543316110584	-0.985042170107
-0.985647627404	0.0742926552185	-0.151587860761
0.0606914936789	0.993864664741	0.0924638810689
0.157527206363	0.081936732226	-0.984109280057
-0.986855158929	0.0763650199091	-0.142450654975
0.0669266169583	0.995305136131	0.0699180252958
0.147121151814	0.059464998554	-0.98733286807
-0.886508279005	-0.219267474557	-0.407461377152
-0.462042333628	0.372102139223	0.805019786068
-0.0248974136198	0.901921143242	-0.431182462023
-0.887975233782	-0.228754701054	-0.398962300416
-0.458611654079	0.37579972781	0.805263806683
-0.0342779980565	0.898023237092	-0.4386103224
-0.885016742806	-0.228836649929	-0.405436168693
-0.464254403387	0.368658984333	0.805331099139
-0.0348216623892	0.900957334147	-0.432507604518
-0.888872860742	-0.220770444315	-0.401455975486
-0.457237045806	0.372003661756	0.807804457959
-0.0289960907528	0.901595346745	-0.43160880189
-0.894132008665	-0.219123928162	-0.39052818804
-0.446862740728	0.380121900263	0.809827700446
-0.0290043530513	0.898605540584	-0.437797366655
-0.890018526896	-0.219185198179	-0.399780649223
-0.455521593323	0.39066426027	0.799925881577
-0.0191519348847	0.894057708932	-0.44754193578
-0.893638505276	-0.210901183488	-0.396145343458
-0.448060763481	0.369049809893	0.81427505396
-0.0255341843268	0.905164627057	-0.424293729824
-0.893105948087	-0.218777407819	-0.393059168157
-0.448762302214	0.372770810462	0.812190509586
-0.0311682523758	0.90176353529	-0.431102104081
0.890102371238	0.0251813274522	-0.455064468296
-0.451185797835	0.189802339008	-0.872012874985
0.0644138602297	0.98149935255	0.180304968951
0.891317819376	0.0302309405788	-0.452370017341
-0.449772677125	0.184558333458	-0.873866546831
0.0570708443011	0.982356499948	0.17809718358
0.891062807563	0.040747006267	-0.452047291945
-0.451087891281	0.189805596357	-0.872062811768
0.0502671564121	0.98097579726	0.187509188863
0.89129250894	0.0368998867191	-0.451924840832
-0.450174354323	0.191211998779	-0.872227620199
0.0542283515393	0.980854917452	0.18703720486
0.894397493563	0.037172466911	-0.445725624291
-0.443857520424	0.196683657065	-0.874245988122
0.0551690675036	0.979762090453	0.192412648445
0.895607884797	0.0356871892291	-0.443410578537
-0.442299750022	0.177901239808	-0.879046119133
0.0475126063647	0.983401023468	0.17511418799
0.891256270213	0.0374039093845	-0.451954870401
-0.450494011969	0.187577961462	-0.872851434941
0.0521287108675	0.981537278896	0.184030273196
0.896987810217	0.0376549116716	-0.440448609261
-0.43887732407	0.195115367223	-0.87710700557
0.052910908045	0.98005719855	0.191541992157
0.196328979903	0.683262182356	0.703283530968
-0.372531222223	0.715437897618	-0.591074533562
-0.907014566166	-0.14595001171	0.394997687578
0.196037896962	0.681182971959	0.705378533795
-0.376995393272	0.71640588273	-0.587057983138
-0.905231236026	-0.150838857152	0.397245552783
0.194399430101	0.684791556263	0.70233140051
-0.376381137705	0.713259789087	-0.591267888562
-0.905840002898	-0.149402146356	0.396399918487
0.195124522135	0.677776701868	0.708904215642
-0.36650171119	0.720823682645	-0.588293908221
-0.909726849249	-0.145024029595	0.389056690696
0.195937223304	0.680630135265	0.705939958005
-0.366329324517	0.718579456333	-0.59113990833
-0.909621586891	-0.142780195371	0.390131240854
0.194149378301	0.688560256223	0.698706517098
-0.365436902782	0.711758908078	-0.599879261597
-0.910363605144	-0.138866957768	0.389812875541
0.195974551485	0.676760128015	0.709640548974
-0.379496762282	0.719626198987	-0.581481162809
-0.904199196548	-0.155350778602	0.397856697672
0.194075034579	0.681019940873	0.706078408641
-0.365116259555	0.718198169149	-0.592352518492
-0.910508097726	-0.142839872889	0.388035788578
-0.446558497712	0.801289418261	0.398139953321
0.863901415389	0.270290557762	0.42498783293
0.232925951188	0.53373737159	-0.812934935624
-0.448342471503	0.797526239003	0.403661659719
0.860191582288	0.262172385553	0.43742085417
0.243025264503	0.543340096075	-0.803568611704
-0.447997245405	0.802819185326	0.393430927705
0.85875021703	0.263986052022	0.43916230668
0.248705858301	0.534599684372	-0.807687222574
-0.447493498828	0.799987446617	0.399716143883
0.861245762657	0.265135972371	0.433543941356
0.240849842704	0.538260808564	-0.807632855095
-0.432518696266	0.80468218811	0.406707745362
0.869496874885	0.252922194794	0.42426878568
0.238536786604	0.537136290038	-0.809061842532
-0.444242654112	0.800241927096	0.402816758997
0.86065475125	0.256309924181	0.439975717139
0.248841078527	0.5421421314	-0.802595820226
-0.441923931956	0.802905070267	0.400073586027
0.864175605259	0.261386776028	0.429981068949
0.240657327692	0.535748676638	-0.809365615535
-0.450300283604	0.795291476353	0.405892314848
0.863524727925	0.272283140354	0.424488720036
0.227073001203	0.541642960644	-0.809363977799
-0.837962842851	0.525410530899	0.147518387119
-0.493760885861	-0.84506752824	0.205087019049
0.232417916934	0.0990165229066	0.967562728451
-0.836006377368	0.526073340534	0.15601289272
-0.490848656536	-0.844064043092	0.215924366786
0.245276942846	0.103935442343	0.963865468874
-0.840194680361	0.523058589556	0.143118128997
-0.491177532814	-0.845877700631	0.207932044856
0.229821056944	0.10440697252	0.967616385341
-0.840158674586	0.524398019652	0.138345005491
-0.489771941562	-0.843181250217	0.221738686982
0.232929321506	0.118538251344	0.965242249105
-0.835730958172	0.528712634497	0.148380751171
-0.499198164291	-0.844054116933	0.19589275815
0.228812346615	0.0896422336294	0.969334401631
-0.841797777286	0.518006726717	0.151806812376
-0.481878593946	-0.847883366836	0.221103123557
0.243247400612	0.112971685063	0.963362909809
-0.83767728281	0.529804774929	0.132677840019
-0.496835759472	-0.840081537201	0.217754397264
0.226827548767	0.116488840154	0.966943436062
-0.847077921157	0.513794292589	0.135920227707
-0.481970409969	-0.850415109218	0.210946802852
0.223971889556	0.113178861199	0.968001619898
-0.0186333024492	0.590806207296	-0.806598319082
0.51071902239	0.69917322794	0.500322780073
0.859545753927	-0.402622440397	-0.314763874886
-0.0055892056997	0.592170278343	-0.805793478022
0.510536174092	0.694563388229	0.506887084863
0.859838114252	-0.408553623535	-0.306206405981
-0.013268924966	0.595627387102	-0.803151263855
0.517433782156	0.691403764624	0.504205430092
0.855620370247	-0.40888733214	-0.31737191634
-0.00708277798596	0.593717565572	-0.804642314969
0.51629256252	0.691287784373	0.50553257006
0.856382970752	-0.411850266282	-0.311428201175
-0.00431513631496	0.590794226284	-0.806810751552
0.50819649374	0.696158423179	0.507050078163
0.861230358487	-0.407830406179	-0.303243572878
-0.00654650095934	0.594243791423	-0.804258317125
0.503994670233	0.696613907515	0.510605944444
0.863681941855	-0.401999221991	-0.304056087255
-0.0172297837126	0.591906724317	-0.80582228656
0.516894100053	0.69516178531	0.499570394993
0.8558759356	-0.407917295456	-0.317930580774
-0.0111149302555	0.589133207163	-0.807959492933
0.505263332686	0.700578195351	0.503884076618
0.862893645037	-0.402631670691	-0.305454285476
0.737601073675	-0.67448941652	0.0317598277133
0.664358161052	0.716505662076	-0.212715476359
0.120718240122	0.177999064719	0.976597890524
0.735792989592	-0.676799104922	0.0234871725546
0.664581074006	0.714975051853	-0.217123629462
0.130156335886	0.175367174734	0.975861507687
0.735791952218	-0.676275309384	0.0355234191135
0.666435126006	0.713771566933	-0.215393541597
0.12030972618	0.182158889033	0.975880991376
0.730154174997	-0.682206054102	0.038337639897
0.672448794473	0.707493672457	-0.217405878268
0.121191970437	0.184519909062	0.975328103218
0.738997919987	-0.673252689458	0.0247567175467
0.661086810015	0.717584641115	-0.219172346604
0.129793330147	0.178334248054	0.975372025363
0.729612199816	-0.683485559504	0.0226611974105
0.671060450991	0.70918048562	-0.216196466492
0.131696283297	0.172946613027	0.976086859961
0.733403698577	-0.679040984198	0.031974367315
0.667107804731	0.709876940212	-0.225924567945
0.130714173878	0.187024263971	0.973619910323
0.725020343193	-0.688231236702	0.0261393663149
0.677096240753	0.705317074461	-0.209924998266
0.12604039988	0.169898760932	0.977368010836
-0.220511868773	-0.918632908628	0.3278536903
-0.959400459097	0.264880145414	0.096898069774
-0.175855685558	-0.293175810779	-0.939746049803
-0.211967595138	-0.921259349958	0.326115433318
-0.960926598684	0.257259571706	0.102165479397
-0.178017239826	-0.291717197562	-0.939793308415
-0.217695301035	-0.922374694167	0.319113173567
-0.962319760142	0.25742663789	0.0875895179523
-0.162938556589	-0.288021124183	-0.943659960732
-0.209267988235	-0.920296341419	0.330548075511
-0.964600414276	0.249753974314	0.084671654792
-0.160478743241	-0.301127701013	-0.939983747802
-0.207379840772	-0.921849322531	0.32739522339
-0.962873828623	0.251471559976	0.0981640016276
-0.172823019017	-0.294883040563	-0.939774720028
-0.212883580479	-0.920125797985	0.32870783668
-0.96016480088	0.25932836725	0.104077842393
-0.181007958837	-0.293457250736	-0.938679153382
-0.20828171398	-0.921238572034	0.328539648135
-0.965551525983	0.247237548897	0.08114120125
-0.155977747361	-0.300321722932	-0.940998370125
-0.214143485833	-0.920025556013	0.3281710167
-0.96325155966	0.254664954647	0.0853967592185
-0.162140903943	-0.297824025148	-0.94075089805
0.112810081352	0.924635807305	0.363754879111
0.863390783101	-0.272400439665	0.424673206637
0.491757403487	0.266157097647	-0.829050637216
0.112108910141	0.920921992257	0.373282430901
0.869359384968	-0.272851131178	0.412036891523
0.481301723256	0.278321440759	-0.831202239801
0.104827471162	0.924169699099	0.367325844347
0.871353904155	-0.263386726276	0.413979797175
0.479333164274	0.276671765854	-0.832890259955
0.10837463688	0.921063917432	0.374024604815
0.868723588739	-0.270656956287	0.414803065397
0.483293359536	0.279970563985	-0.829481966531
0.114788817322	0.922371062672	0.368854851558
0.865182432568	-0.275283079175	0.419138146474
0.488141001298	0.271014852359	-0.829618425459
0.106491438488	0.920614778586	0.375678608227
0.873761176653	-0.266976552122	0.406539077194
0.474560210515	0.284957969816	-0.832829345234
0.116707851114	0.924016794953	0.364097529686
0.869839033876	-0.272025925205	0.411551237255
0.479326719082	0.26867699638	-0.835492490716
0.112785722542	0.923926640033	0.365567659276
0.871934700488	-0.268452921084	0.409467955421
0.476455693382	0.272568692755	-0.83588149339
0.922011321775	-0.00905112267561	-0.387057152984
-0.0523673835871	-0.993455448818	-0.101513300705
-0.383605030772	0.113865579795	-0.916451194827
0.92194189588	-0.00290345920178	-0.387317494477
-0.0498877315123	-0.992534586801	-0.111308812536
-0.384102181519	0.12194263991	-0.915204196047
0.921705135776	-0.00764835866617	-0.387815774205
-0.0536593763016	-0.992706009546	-0.107952090305
-0.384161741259	0.120309954185	-0.915392563341
0.920647620836	-0.00687941683888	-0.390333788611
-0.0538796364187	-0.992513549002	-0.109588722798
-0.386658476807	0.121923652378	-0.914125733679
0.92413452973	-0.00160193914204	-0.382063612426
-0.0475836630737	-0.992685456323	-0.110932886396
-0.379092291082	0.12069690993	-0.917450933504
0.92398114579	-0.0149091824503	-0.382146992843
-0.0564669172825	-0.993603253646	-0.0977645916693
-0.378246077459	0.11191132387	-0.91891231602
0.918774864891	-0.000778671944061	-0.394781232237
-0.0498496179432	-0.992223631765	-0.114058066964
-0.391622066855	0.124473373533	-0.911669029397
0.921293073693	-0.00663795975329	-0.388812172914
-0.0534373843233	-0.992528661089	-0.109675287989
-0.38517971685	0.121820196721	-0.914764392685
0.812103571945	0.14094572747	0.56623500816
-0.570352902171	-0.0131941545865	0.821293765704
0.123228850285	-0.989929383596	0.0696737888766
0.815346688115	0.12954327723	0.564294538812
-0.567478460465	-0.0144382088176	0.823261674459
0.114795401112	-0.991468671744	0.0617408674078
0.811486364074	0.132883602831	0.56906224001
-0.571491723803	-0.0228616262331	0.820289325355
0.122012681848	-0.990867960812	0.0573899784577
0.812128679314	0.131430918043	0.568483004919
-0.571585303481	-0.0165056579878	0.820376639361
0.117206032029	-0.991187925344	0.0617192595096
0.816368243863	0.140022839487	0.560300362333
-0.564318065464	-0.0129405153896	0.825456037987
0.122833271548	-0.990063712132	0.0684531912137
0.822793187061	0.128331450881	0.553662725558
-0.558427395164	0.00138781091897	0.829552251984
0.105689258148	-0.991730373214	0.0728056766551
0.811597230624	0.133589265998	0.568738816585
-0.571365060154	-0.0215741978382	0.820412403894
0.12186837783	-0.990801923918	0.0588186810422
0.825775922999	0.127783636701	0.549331839507
-0.552816455114	-0.00960207143321	0.833247731997
0.111750143891	-0.991755593942	0.0627117357452
0.210247376042	-0.667008168852	-0.714770011203
0.976393275106	0.106226334249	0.188074897164
-0.0495200823708	-0.737438876993	0.673596076758
0.203469614095	-0.672371696982	-0.711699669806
0.977683353868	0.100700630458	0.184376369734
-0.0523008458295	-0.733331907968	0.677856131786
0.216621234455	-0.660482650428	-0.718914406646
0.975033814282	0.109538393199	0.193159049133
-0.0488294645134	-0.742808202526	0.667721247183
0.211078505295	-0.669971530169	-0.711747163524
0.976010675698	0.104698361673	0.190896377506
-0.0533763706581	-0.73496694809	0.675998929704
0.199737929002	-0.663291354389	-0.72121378497
0.979089181213	0.106116636355	0.173561567328
-0.0385891133622	-0.740799447634	0.670616919281
0.20218016952	-0.662587826445	-0.721179960532
0.977327103422	0.0892182323415	0.192020368364
-0.0628879650062	-0.743651437971	0.665603212152
0.193909336949	-0.662181631841	-0.723819485843
0.979897065841	0.0954539686837	0.175186391893
-0.046913771868	-0.743238870082	0.667379260205
0.2183405833	-0.666367336141	-0.712938969166
0.974717394484	0.113378362262	0.192539242886
-0.0474700044405	-0.736953141309	0.674274922173
-0.502610328629	0.352398630089	-0.789428884835
-0.84484696775	-0.00655443655723	0.534967825411
0.183347647338	0.935827002524	0.301017301127
-0.497708103807	0.343385288221	-0.796475465366
-0.846966615218	0.00547047023837	0.531617920292
0.186906863979	0.939178686035	0.288113189981
-0.502488262262	0.360181888677	-0.78598638408
-0.844964871071	-0.0120171840194	0.53468680799
0.183139169885	0.932804707885	0.310379511172
-0.50146499678	0.358055077288	-0.7876099198
-0.843374736812	0.000781386946013	0.53732524682
0.193007454382	0.933700128088	0.301582788094
-0.504829807242	0.346875441241	-0.790458220793
-0.84090008123	0.00926617155831	0.541111013378
0.195022624182	0.937865397419	0.287009803479
-0.501690196418	0.351747364516	-0.790304283294
-0.842970698362	0.00629019833083	0.537922778584
0.194184114543	0.936073878266	0.293356918124
-0.512122248091	0.36003226333	-0.77981250853
-0.83918058581	-0.0162459186608	0.543610153011
0.183048418455	0.932798383049	0.310451996577
-0.500690625824	0.358698188043	-0.787809993444
-0.842064679885	0.00906712235384	0.539300393219
0.200589258851	0.933409582729	0.297507204832
-0.297538499801	0.868602969793	0.396231712978
-0.173870927545	-0.457387852528	0.872103825585
0.938743623178	0.190591350572	0.287115418813
-0.301261425478	0.864568848047	0.402197009782
-0.182092335191	-0.466192768197	0.86574065435
0.935993648032	0.187577200413	0.297877120147
-0.286614878736	0.867701707158	0.406134995984
-0.172622191039	-0.463754825361	0.868983897508
0.942365887927	0.178955811204	0.282703621633
-0.2920312954	0.864853701848	0.408345162327
-0.177433305126	-0.468536366453	0.86544269988
0.939805894549	0.180282331199	0.290281152894
-0.287516920167	0.867231854039	0.40650088458
-0.170801914496	-0.46404483202	0.869188783975
0.942422815847	0.180475337715	0.281545572527
-0.29061253945	0.867100254637	0.404575702771
-0.173167361873	-0.463504189177	0.869009165778
0.94104060255	0.182485653773	0.284853593866
-0.287295761589	0.868436543062	0.404078218409
-0.166290940926	-0.460678807541	0.871850022646
0.94329664416	0.183284231993	0.276764127534
-0.291978971123	0.8681762686	0.401270772484
-0.176843462326	-0.461324378592	0.86942865807
0.939933325317	0.1828927781	0.288228325893
0.164101519511	0.751983791532	-0.638427834735
0.641964465322	-0.572805471944	-0.509679992202
-0.748966853842	-0.326209206584	-0.576744639072
0.167539575717	0.750280889874	-0.639537633667
0.64614859522	-0.573516481366	-0.503556879126
-0.744595052014	-0.328870983683	-0.580879308037
0.158344993454	0.747688780698	-0.644894311417
0.636655937108	-0.576543528054	-0.512120476393
-0.754716107834	-0.329483917383	-0.567313445601
0.167331876168	0.747024595192	-0.643390474451
0.63772463744	-0.579690006681	-0.507209129876
-0.751867232454	-0.325435199088	-0.573395096831
0.153467306653	0.754884839332	-0.637646621264
0.634150624549	-0.570115905848	-0.522316415143
-0.75782406906	-0.324207235408	-0.566203111137
0.165899468256	0.754899640535	-0.634514524517
0.640539606069	-0.571712621281	-0.512701378785
-0.749794079837	-0.321372406206	-0.578392310421
0.151131582956	0.753708384187	-0.639596093533
0.631482920796	-0.571408049068	-0.52413988471
-0.760518778202	-0.324679795504	-0.562311899477
0.160155725416	0.745552307134	-0.646920847082
0.635650759702	-0.579305634775	-0.51025669672
-0.755184041643	-0.329492856044	-0.56669238048
-0.219048728487	0.438667754106	-0.871543567198
-0.912883272	-0.407494463289	0.0243375692346
-0.344473104495	0.80094867943	0.489713656487
-0.213460244539	0.447273006247	-0.868551468152
-0.911885450079	-0.410243710559	0.0128493707951
-0.350570564764	0.794762252676	0.495432407439
-0.216091666257	0.425181886392	-0.878933859532
-0.911221096082	-0.411149865889	0.0251370616051
-0.350685728257	0.806334993223	0.47628078649
-0.211969349204	0.430174965136	-0.877506951404
-0.912068736084	-0.409571611275	0.0195362232244
-0.350997964454	0.804487751759	0.479165803298
-0.209217825265	0.435914504216	-0.875332153877
-0.916001153304	-0.400706828813	0.019386770885
-0.34230063065	0.80586134338	0.483133257878
-0.210259721726	0.436904217935	-0.874588812827
-0.912534151339	-0.408717820681	0.0152055792523
-0.350816632747	0.801289268212	0.484626882161
-0.210797781564	0.42111218442	-0.882172765674
-0.912745858536	-0.40785651875	0.023409767865
-0.34994179243	0.810134277536	0.470343681784
-0.218109550823	0.423779177874	-0.879112821147
-0.910607200653	-0.412381127391	0.0271337282016
-0.351030867621	0.806444617744	0.475840702433
0.941932942997	0.179318696136	0.283913958721
0.00955611268653	0.830826215965	-0.556449889137
-0.335665028639	0.526851595448	0.780868993067
0.94284990311	0.194259866921	0.270734491062
-0.0101692352089	0.82888159802	-0.55933164057
-0.333062527466	0.524612620504	0.783486408627
0.947859954663	0.177821501852	0.264463642615
-0.00184852397578	0.832907289035	-0.553409455855
-0.31868179701	0.524065793913	0.789808172667
0.946841019452	0.187369201623	0.261505001471
-0.0109647844807	0.831203816853	-0.555859682987
-0.321514940574	0.523443402817	0.789072332274
0.94565945412	0.180830731671	0.270237754504
-0.000633970452415	0.832118685242	-0.554597235601
-0.325158108553	0.524288796503	0.787015542935
0.943505340593	0.190908104921	0.270835314206
-0.00944190118997	0.832508767068	-0.553931405761
-0.331222768613	0.520080039284	0.787279003314
0.948424070619	0.187357221313	0.255712836805
-0.014661873177	0.831716459401	-0.555006994503
-0.31666514295	0.522632764084	0.791566917732
0.946572478619	0.189697017202	0.260797977962
-0.0134336713163	0.831190030482	-0.555826117251
-0.322211235247	0.522626231458	0.789329934635
-0.0763097813973	-0.839165341106	-0.538496397073
-0.033739436415	0.541935075695	-0.839742837761
0.996513165896	-0.0459120183335	-0.0696679175991
-0.0888769668909	-0.856260389616	-0.508840850088
-0.0299451021158	0.512928638886	-0.857908791001
0.995592364577	-0.0610110481033	-0.0712283420078
-0.080787766975	-0.842171078318	-0.533124021921
-0.0266507451917	0.536506259808	-0.843475415036
0.99637497243	-0.0539343381667	-0.0657876319926
-0.0750255112395	-0.852536140896	-0.517255558608
-0.0224190307326	0.520028469405	-0.853854661713
0.996929571988	-0.0524645092884	-0.058128438442
-0.0697569416874	-0.842295583443	-0.534483073895
-0.0242511873258	0.537061747915	-0.843194268771
0.997269214446	-0.0458567888812	-0.0578904612389
-0.0717675102282	-0.852628158965	-0.517566068837
-0.0146075865259	0.519746955661	-0.85419536137
0.997314409545	-0.0537430880313	-0.0497557818906
-0.0813606777939	-0.844052257299	-0.530053019111
-0.0259157366152	0.533427898937	-0.845448425914
0.996347725804	-0.0550495525252	-0.0652742860476
-0.0851952792723	-0.847377994857	-0.524110949428
-0.0253450384509	0.527696320571	-0.849054896655
0.996041857808	-0.0590518614374	-0.0664340607954
0.926464989412	-0.110048996871	0.359933107267
-0.0952171633296	0.856663692658	0.507011843589
-0.364137769569	-0.504000531766	0.783190365638
0.925774269261	-0.0984360129986	0.365037468338
-0.112479977444	0.850084178899	0.514495036512
-0.36095741663	-0.517365672679	0.775913979009
0.917424965146	-0.116499473894	0.380472477832
-0.0996215470076	0.858479519224	0.503078983126
-0.385236266694	-0.499440475406	0.775984685188
0.920144738733	-0.114161554045	0.374567480212
-0.098309587008	0.858571492627	0.503180100343
-0.379036782855	-0.499822096207	0.778786866538
0.918638576462	-0.110675478246	0.37928103592
-0.108396263685	0.85253115918	0.511312890888
-0.379938699941	-0.510824393391	0.771171202135
0.920463780397	-0.100931163855	0.377570297911
-0.11686241252	0.850801270803	0.512328386389
-0.372947189615	-0.515703499235	0.771336694783
0.92305587649	-0.10319567562	0.370565111812
-0.105450549134	0.858553621866	0.501762754018
-0.369929765288	-0.502231353228	0.781610925283
0.927097819448	-0.0945408665704	0.362700504586
-0.112225341158	0.853259400126	0.509267970212
-0.357624250129	-0.512845412605	0.780445048277
-0.959141954285	-0.27119368038	-0.080631481156
0.263408067609	-0.95995976497	0.0953633911249
-0.103264892146	0.0702280155656	0.992171553121
-0.959921852081	-0.266209154451	-0.0876540006344
0.259454877055	-0.962329154855	0.0812789329703
-0.105989171678	0.0552791485007	0.992829548843
-0.96327718228	-0.258089662546	-0.0740716821633
0.252274393087	-0.964385426049	0.0794870959704
-0.091948456236	0.0578817235415	0.994080070682
-0.9592409071	-0.268658786746	-0.0876256156992
0.261664331225	-0.961531631456	0.0835919151284
-0.106712557776	0.0572563255407	0.992639984639
-0.9615561891	-0.265583993796	-0.0698208498515
0.258461622592	-0.961175560324	0.0966397717845
-0.0927760663188	0.0748785555612	0.992867465399
-0.962730975925	-0.257630523833	-0.0822987625051
0.250300738422	-0.964000801975	0.0897189926904
-0.102450541561	0.0657759111923	0.992561034186
-0.959871075563	-0.265268087998	-0.0909825095383
0.256744503364	-0.96175604836	0.0954202192706
-0.11281505017	0.0682319554371	0.991270474385
-0.959747026626	-0.264325472277	-0.0949463354066
0.256368515331	-0.962543551612	0.0882168266351
-0.114708091469	0.0603246952768	0.991565919384
0.213622531618	-0.151304283082	0.96512827809
0.247276417078	-0.94738694742	-0.203255392722
0.945103144003	0.282073385902	-0.164969381967
0.205313833021	-0.147916163381	0.967453641418
0.248488311592	-0.948241462852	-0.197713138537
0.946625215534	0.280994189902	-0.157931162734
0.199560952664	-0.160443097638	0.966660737726
0.235808759642	-0.949648947902	-0.206300732311
0.951088428232	0.269116658155	-0.151678504865
0.20601255023	-0.148701401809	0.967185197632
0.241593373557	-0.950061202011	-0.197528589504
0.948257325451	0.274358879788	-0.15979974092
0.206246549726	-0.154455678614	0.966232881947
0.250188989488	-0.946315868967	-0.204675798165
0.945974634095	0.283954496635	-0.156531450414
0.205947425742	-0.161746773732	0.965102941054
0.249324496973	-0.945023180527	-0.211585917759
0.94626793291	0.284199378205	-0.154297706012
0.211459765967	-0.152447711048	0.965424510351
0.241304506245	-0.949041150939	-0.202714292762
0.947130891196	0.275827200654	-0.163897722394
0.204800861636	-0.159167656057	0.965775411602
0.23863343025	-0.948796964862	-0.206973705035
0.949268441673	0.272854697365	-0.156331593691
-0.342467406012	-0.240515072545	0.908222701831
0.838883693615	-0.513575649748	0.180316633468
0.423072245403	0.823645821696	0.377647175828
-0.335885927038	-0.240349943015	0.910720856027
0.840223392275	-0.513434238001	0.174384212404
0.4256820689	0.823782196551	0.374403038808
-0.336040832608	-0.239067270661	0.911001309482
0.84071366558	-0.512179430961	0.175706426312
0.424590483037	0.824935788919	0.373100334704
-0.330257904949	-0.243097230634	0.912048991352
0.845053911367	-0.506610414993	0.170966874909
0.420491989285	0.827193763208	0.372742434659
-0.333775663183	-0.246217995563	0.909928709841
0.843987003288	-0.507993309823	0.172129180221
0.419856519079	0.825420629172	0.377360798699
-0.334967241813	-0.240593033449	0.910995009788
0.841634181722	-0.511083309078	0.174487019283
0.42361399854	0.82517198692	0.373687513244
-0.333936969583	-0.248687598568	0.909197698988
0.842873137731	-0.51057969253	0.169920899789
0.421960722365	0.823081233422	0.380113634187
-0.33263829104	-0.243813848972	0.910992006145
0.842894249678	-0.510099742548	0.171252383522
0.422943154655	0.824835075668	0.375188113683
0.636833244945	0.487591775147	-0.597241736859
0.185997324077	-0.848910410262	-0.494728388631
-0.748230196446	0.203974125541	-0.631305147292
0.629052189481	0.499364832742	-0.59575837885
0.189994315011	-0.841904645782	-0.505072693759
-0.753787398683	0.20452635414	-0.624478391915
0.637619710197	0.489030703599	-0.595222991668
0.185192048247	-0.847312529358	-0.497762075689
-0.747760218345	0.207152479264	-0.630828033601
0.63928500157	0.487542319038	-0.594657286599
0.188172074893	-0.848990317976	-0.493768465571
-0.745591088727	0.203760924883	-0.634488717898
0.637857843653	0.492149041122	-0.592390636688
0.187911585992	-0.845390782075	-0.500003528024
-0.746877888923	0.20761409757	-0.631719627348
0.640976721896	0.494537769356	-0.587010383305
0.190328939357	-0.843294381564	-0.502622365018
-0.743588387665	0.210444153289	-0.634656880592
0.634944152951	0.49389479221	-0.594065371169
0.190453386914	-0.845294376894	-0.499203320409
-0.748714390411	0.203824389909	-0.630778505962
0.63420064037	0.494670394059	-0.594214435919
0.184352698919	-0.843126458238	-0.505125819898
-0.750868615015	0.2108061023	-0.62590519929
-0.33972473795	0.0976551201402	0.935441386042
0.811621199197	0.533006178416	0.239113874859
-0.475245345296	0.84045695526	-0.260334351388
-0.336487450913	0.0921886251267	0.937164595605
0.811258389145	0.53370757867	0.238780350429
-0.478159019469	0.840629220945	-0.25437470363
-0.325387281522	0.0887960376248	0.94140234497
0.816701176952	0.528164895248	0.232467264352
-0.476573497982	0.844486296592	-0.244377966727
-0.326755761976	0.0926034256998	0.940561172967
0.812762129325	0.535427223922	0.229641947192
-0.482336434121	0.839489314002	-0.250218496663
-0.328054190324	0.0811318122567	0.941168420502
0.810802262348	0.535431983532	0.236457721109
-0.484747416786	0.840672463889	-0.241432545844
-0.318769428585	0.0806342063168	0.944396202593
0.809346765063	0.541719108602	0.226932203937
-0.493298972817	0.836683055926	-0.237944527048
-0.330375754489	0.0888839919054	0.939655012372
0.807086046406	0.542762402188	0.232424405103
-0.489350610492	0.835169818883	-0.251052576911
-0.322378960353	0.0928832145603	0.942042707503
0.813816473094	0.535502253378	0.225699062068
-0.483502329289	0.839410523492	-0.248224539282
0.758325553522	-0.263400629489	-0.596290600138
0.506997540267	-0.336660354353	0.793481815494
-0.409750979977	-0.904035400712	-0.121754693943
0.765412734857	-0.263115114077	-0.587293600674
0.497056597368	-0.337936824012	0.799207978273
-0.408751850958	-0.903642125106	-0.127878037139
0.761144677941	-0.275329458081	-0.587241406694
0.49849675361	-0.330888801351	0.801257507453
-0.414921398416	-0.902610822072	-0.114603410047
0.759660527604	-0.283999507134	-0.585030042241
0.497307415301	-0.325986678488	0.804001213678
-0.419047974656	-0.901707766883	-0.106404139445
0.770562200492	-0.251871974892	-0.585486463558
0.494582860046	-0.343123255365	0.798532529241
-0.402021996032	-0.904890553587	-0.139826244811
0.767414849675	-0.254315456774	-0.58855592894
0.500173845861	-0.336842408506	0.79772377859
-0.401124116654	-0.906565359727	-0.131295911656
0.7648422879	-0.272442194038	-0.583773521555
0.495689598507	-0.329905604715	0.803401585642
-0.411470649613	-0.903845969614	-0.117278994696
0.757283375702	-0.275934035666	-0.591930982905
0.50490051996	-0.327531081963	0.798623071148
-0.414243099528	-0.903650238083	-0.108714597401
-0.99203033327	-0.0821623036712	0.0955260846879
-0.0694918388575	-0.275640049884	-0.958745787524
0.105103574309	-0.95774315796	0.267733643354
-0.990753418739	-0.0869912610848	0.104116103739
-0.0757800148328	-0.281724329131	-0.95649818526
0.112539023965	-0.955543776887	0.2725271564
-0.9926081433	-0.0767045261564	0.0940503328056
-0.0686027499141	-0.284639076849	-0.956176888913
0.100113496283	-0.955561089546	0.27727293981
-0.99185270665	-0.0884635422332	0.0913401931986
-0.0624081168277	-0.287163095676	-0.955826454866
0.110788339423	-0.95376788925	0.279340784196
-0.989932830579	-0.0903733585859	0.108929738016
-0.079951076665	-0.278022891646	-0.957241413271
0.116794079929	-0.956313731993	0.267998514759
-0.991032389448	-0.084999250832	0.103101862478
-0.0755557591346	-0.279937239267	-0.957040495608
0.11020977248	-0.956248038079	0.271004647589
-0.991280016353	-0.0809992942232	0.103937538357
-0.0769910755772	-0.284111884122	-0.955694925791
0.10694050601	-0.955363559717	0.275398230617
-0.990606510731	-0.09374770113	0.100920517665
-0.0702561769701	-0.286462875988	-0.955604892821
0.118480597358	-0.953586917967	0.277009315149
0.744629973305	0.610383741373	0.270107283041
0.251402400249	-0.631339860899	0.7336260309
0.618322803423	-0.478374339125	-0.623566548846
