0.494619309902	0.685946643353	0.533693671227	
-0.242737308145	-0.480602145195	0.842674434185	
0.834524035454	-0.546350419521	-0.0712102502584	
0.48299536109	0.690726339817	0.538156688213	
-0.24839386344	-0.481268376112	0.84064334631	
0.839652299881	-0.539701640606	-0.0608782172203	
0.469244480133	0.695696651936	0.543889522552	
-0.251661062241	-0.485015422106	0.837512254715	
0.846449255943	-0.529873788357	-0.0525110438466	
0.491534888744	0.689209401608	0.532338142395	
-0.231045082211	-0.486167550087	0.842768788338	
0.839649677277	-0.53724437952	-0.0797298848629	
0.479327112436	0.692609965801	0.539014816284	
-0.241330504417	-0.486473858356	0.839703977108	
0.843803942204	-0.532573580742	-0.0660322085023	
0.465263217688	0.695971608162	0.546949386597	
-0.249397516251	-0.489800363779	0.835402011871	
0.849312067032	-0.525089621544	-0.0543124936521	
0.486183971167	0.690292656422	0.535836875439	
-0.227808743715	-0.491862654686	0.840341806412	
0.843639910221	-0.530629038811	-0.0818810388446	
0.476096600294	0.692068755627	0.542561411858	
-0.23896241188	-0.491943031549	0.837191164494	
0.846303105354	-0.5282356143	-0.068833976984	
0.464486122131	0.693630039692	0.550572454929	
-0.248087957501	-0.494896173477	0.832784593105	
0.850120604038	-0.523407280445	-0.0577911436558	
0.494089365005	0.687352359295	0.532374322414	
-0.242838919163	-0.478860706091	0.843635976315	
0.834808349609	-0.546112775803	-0.0696840882301	
0.48125436902	0.693586349487	0.536033809185	
-0.248445108533	-0.47850510478	0.842204213142	
0.840636253357	-0.53848940134	-0.0579645447433	
0.46662029624	0.700135469437	0.540440380573	
-0.251380980015	-0.480857282877	0.839990377426	
0.847981750965	-0.527813017368	-0.0483770370483	
0.493748724461	0.692741692066	0.525662600994	
-0.232571661472	-0.477271229029	0.847421169281	
0.83792757988	-0.540667355061	-0.0745399743319	
0.480868607759	0.697418749332	0.531387329102	
-0.243265360594	-0.47614222765	0.845050632954	
0.842370092869	-0.535626411438	-0.0593040250242	
0.466409027576	0.702257394791	0.53786355257	
-0.251434415579	-0.477719753981	0.841762781143	
0.848082184792	-0.527843117714	-0.0462411344051	
0.491354852915	0.693387985229	0.527051687241	
-0.230882585049	-0.479792386293	0.846458792686	
0.839799761772	-0.537598669529	-0.0756571143866	
0.481082975864	0.696255862713	0.532716572285	
-0.242836847901	-0.478044271469	0.844099462032	
0.842371344566	-0.535445094109	-0.0609023794532	
0.469545722008	0.699152231216	0.539178073406	
-0.252453148365	-0.478871583939	0.840802848339	
0.846046209335	-0.530912578106	-0.0483489222825	
0.482813298702	0.696300148964	0.531090795994	
-0.243335470557	-0.475905507803	0.845163762569	
0.841236710548	-0.537289559841	-0.0603389814496	
0.471351474524	0.703875541687	0.531400978565	
-0.245024845004	-0.474300056696	0.845578074455	
0.847225248814	-0.528770923615	-0.0510950386524	
0.458460986614	0.711867749691	0.532031774521	
-0.243860885501	-0.474907487631	0.845573604107	
0.854602456093	-0.517404258251	-0.0441298447549	
0.48880469799	0.701353549957	0.5188190341	
-0.236868590117	-0.465669184923	0.852669596672	
0.839620888233	-0.539680838585	-0.0614926554263	
0.477832525969	0.707280993462	0.520989120007	
-0.244051367044	-0.462845146656	0.852181494236	
0.84386909008	-0.534348130226	-0.0485495589674	
0.465588778257	0.71355175972	0.523517847061	
-0.24851590395	-0.46233022213	0.851170122623	
0.84939211607	-0.526397764683	-0.0379267930984	
0.492809027433	0.699235260487	0.517889261246	
-0.238954871893	-0.463545143604	0.853244662285	
0.836683809757	-0.544238865376	-0.0613535605371	
0.485000342131	0.703156590462	0.519947528839	
-0.247771471739	-0.45970633626	0.85280674696	
0.838679909706	-0.542439758778	-0.0487355664372	
0.47620806098	0.707315564156	0.522427558899	
-0.254068851471	-0.45810213685	0.851816534996	
0.841828286648	-0.538374483585	-0.0384450741112	
-0.0549387075007	-0.0112367765978	0.998426496983	
0.0119600873441	0.999857544899	0.0119109889492	
-0.998418092728	0.0125956423581	-0.054796487093	
-0.0484931692481	-0.0150603493676	0.998709976673	
-0.0018773751799	0.99988591671	0.0149869257584	
-0.998821735382	-0.00114818976726	-0.0485159121454	
-0.0355602987111	-0.0161312911659	0.99923735857	
-0.0102235330269	0.999823272228	0.0157769210637	
-0.999315261841	-0.00965470448136	-0.0357189327478	
-0.0577728077769	-0.0138496924192	0.998233675957	
0.0134086264297	0.999802827835	0.014647487551	
-0.998239696026	0.014231168665	-0.0575757101178	
-0.0554086342454	-0.0171553846449	0.998316347599	
0.00769688934088	0.99981534481	0.0176083352417	
-0.998434066772	0.00865958444774	-0.0552663616836	
-0.0462877340615	-0.0179262068123	0.998767316341	
0.00507426820695	0.999821841717	0.0181802995503	
-0.99891525507	0.00590953836218	-0.0461885258555	
-0.0576966255903	-0.0144616523758	0.998229384422	
0.0181155689061	0.999715268612	0.0155302397907	
-0.998169779778	0.0189795345068	-0.0574182160199	
-0.05745196715	-0.0171038359404	0.998201727867	
0.0202644150704	0.999627232552	0.018294589594	
-0.99814260006	0.0212790351361	-0.057083953172	
-0.0501710735261	-0.0172960944474	0.998590886593	
0.0230565909296	0.999563515186	0.0184713471681	
-0.998474478722	0.0239508282393	-0.0497503839433	
-0.0560499355197	-0.0120658921078	0.998355031013	
0.0127707170323	0.999836504459	0.012800774537	
-0.998346269131	0.0134671926498	-0.0558866783977	
-0.0499831959605	-0.0147328078747	0.998641371727	
0.000727722479496	0.999890387058	0.0147876581177	
-0.998749792576	0.00146586820483	-0.049966994673	
-0.0378136783838	-0.0170301273465	0.999139666557	
-0.00585812842473	0.99984139204	0.0168203786016	
-0.99926763773	-0.00521704787388	-0.0379074439406	
-0.0587050355971	-0.00743476813659	0.998247683048	
0.0189807768911	0.999783158302	0.00856242701411	
-0.998094916344	0.0194501727819	-0.0585511922836	
-0.0565480552614	-0.010105451569	0.998348712921	
0.0140724759549	0.99984139204	0.0109176477417	
-0.998300671577	0.0146666103974	-0.0563968755305	
-0.0480487570167	-0.012587194331	0.998765707016	
0.0121778929606	0.999838888645	0.0131865749136	
-0.998770773411	0.0127964597195	-0.0478877313435	
-0.0583393089473	-0.00282884691842	0.998292803764	
0.0283778067678	0.99958717823	0.00449088774621	
-0.99789339304	0.0285913553089	-0.0582349486649	
-0.0581017509103	-0.0053582880646	0.998296260834	
0.0304287411273	0.999511480331	0.00713579077274	
-0.997846841812	0.0307915005833	-0.0579103194177	
-0.0512707009912	-0.00776894390583	0.998654603958	
0.033037699759	0.999409258366	0.00947096291929	
-0.998138189316	0.033478833735	-0.0509837418795	
-0.0531015843153	-0.00821149908006	0.998555362225	
0.0151091488078	0.999845087528	0.00902558583766	
-0.998474776745	0.0155665939674	-0.0529692918062	
-0.0479318164289	-0.010110068135	0.998799443245	
0.00478990655392	0.999934971333	0.0103514268994	
-0.998839139938	0.00528031866997	-0.0478802733123	
-0.0370338670909	-0.0140677988529	0.999215006828	
-0.000134207191877	0.999900996685	0.0140724824741	
-0.999314010143	0.000387056614272	-0.0370320864022	
-0.0555432513356	0.00346592720598	0.998450279236	
0.0255207400769	0.999672174454	-0.0020504638087	
-0.998130083084	0.0253672990948	-0.0556134954095	
-0.0541007071733	0.00102813390549	0.998534977436	
0.0213760342449	0.999771475792	0.000128748157294	
-0.998306632042	0.0213516820222	-0.0541103221476	
-0.0467297174037	-0.00359064084478	0.998901128769	
0.0201544314623	0.999786615372	0.00453667063266	
-0.998704254627	0.0203442815691	-0.0466473773122	
-0.0547744892538	0.0129799097776	0.99841439724	
0.0390845909715	0.99917703867	-0.0108455866575	
-0.997733533382	0.038428556174	-0.0552367269993	
-0.0550677068532	0.0101534146816	0.998430967331	
0.0410248376429	0.999126911163	-0.00789779797196	
-0.997639477253	0.0405255556107	-0.055436167866	
-0.0492206290364	0.00510917138308	0.998774886131	
0.0434260852635	0.999052226543	-0.00297050899826	
-0.997843444347	0.0432266704738	-0.0493958480656	
-0.494705140591	0.567124605179	-0.658510804176	
0.867477893829	0.276529312134	-0.413537919521	
-0.0524299815297	-0.775822937489	-0.628768563271	
-0.482787579298	0.576029598713	-0.659625709057	
0.873388767242	0.261580914259	-0.41081315279	
-0.0640950575471	-0.774445176125	-0.629385828972	
-0.466176360846	0.586009502411	-0.66277629137	
0.881835639477	0.247643172741	-0.401296287775	
-0.0710314288735	-0.771534621716	-0.632209479809	
-0.486572265625	0.569592416286	-0.662428796291	
0.872322976589	0.275131493807	-0.404172301292	
-0.0479584410787	-0.774510920048	-0.630739927292	
-0.482819139957	0.57422631979	-0.66117310524	
0.873914301395	0.267479509115	-0.405867636204	
-0.0562096126378	-0.773769259453	-0.630968809128	
-0.472669273615	0.581605911255	-0.662056148052	
0.879055142403	0.258312821388	-0.400670111179	
-0.0620145127177	-0.771368324757	-0.633360207081	
-0.480101555586	0.576078772545	-0.661540448666	
0.875696897507	0.270426660776	-0.400030523539	
-0.0515509359539	-0.771364152431	-0.634302616119	
-0.482572883368	0.576588571072	-0.659294307232	
0.874153017998	0.270151525736	-0.403577357531	
-0.0545887239277	-0.771079599857	-0.634394466877	
-0.47691065073	0.581324338913	-0.659255862236	
0.877078533173	0.265806406736	-0.400100201368	
-0.0573535487056	-0.769031226635	-0.636632978916	
-0.49233046174	0.566370785236	-0.660934865475	
0.868900120258	0.275119751692	-0.411487162113	
-0.0512180700898	-0.776874005795	-0.627569496632	
-0.479990363121	0.575452983379	-0.662165462971	
0.875087559223	0.26081392169	-0.407673686743	
-0.061895083636	-0.775132238865	-0.628759920597	
-0.462658077478	0.583805441856	-0.667172193527	
0.883939921856	0.246219411492	-0.397525131702	
-0.0678065866232	-0.773658335209	-0.629964292049	
-0.482507526875	0.5709015131	-0.664272487164	
0.874458789825	0.270616829395	-0.402601927519	
-0.0500827282667	-0.775137424469	-0.629804491997	
-0.478028774261	0.575697660446	-0.663370728493	
0.876480460167	0.263477861881	-0.402941018343	
-0.0571886822581	-0.774048864841	-0.630537688732	
-0.466888606548	0.581399261951	-0.666325688362	
0.882159590721	0.25362020731	-0.396826446056	
-0.061720944941	-0.77307933569	-0.631299316883	
-0.474307268858	0.57743781805	-0.664528548717	
0.878519117832	0.2616725564	-0.399664372206	
-0.0568924546242	-0.773364722729	-0.631403386593	
-0.475842475891	0.578085958958	-0.662865459919	
0.877577662468	0.26186645031	-0.401600986719	
-0.0585776530206	-0.772814750671	-0.631922483444	
-0.468976140022	0.581114351749	-0.665107131004	
0.881180047989	0.256818801165	-0.396945595741	
-0.0598587803543	-0.772237122059	-0.632508277893	
-0.489527195692	0.564489841461	-0.664615929127	
0.870246052742	0.268114060163	-0.41326341033	
-0.0550901331007	-0.780683100224	-0.622494161129	
-0.4766690135	0.573615133762	-0.666147351265	
0.876689910889	0.254313081503	-0.408337712288	
-0.0648187100887	-0.778646588326	-0.624105751514	
-0.458492487669	0.58017206192	-0.673190176487	
0.885955572128	0.238928407431	-0.397487044334	
-0.0697666183114	-0.778661429882	-0.623553514481	
-0.477972060442	0.570926785469	-0.667521715164	
0.876504063606	0.260435521603	-0.404862970114	
-0.0573007576168	-0.778598666191	-0.624900579453	
-0.472704976797	0.575780570507	-0.667103290558	
0.878944993019	0.253692418337	-0.403851270676	
-0.0632906705141	-0.777249574661	-0.626001119614	
-0.460484743118	0.579669237137	-0.672262847424	
0.885165035725	0.243031725287	-0.396759957075	
-0.0666083395481	-0.777765452862	-0.625015377998	
-0.467951744795	0.577393233776	-0.66905772686	
0.88117992878	0.247101709247	-0.40306660533	
-0.0674026086926	-0.77817595005	-0.624418973923	
-0.468529522419	0.578084290028	-0.668055832386	
0.88084602356	0.247686326504	-0.403437495232	
-0.067752584815	-0.777476727962	-0.625251591206	
-0.460409015417	0.57926928997	-0.672659337521	
0.885129272938	0.241862386465	-0.397553443909	
-0.0675995126367	-0.778427660465	-0.624083817005	
0.731519341469	0.671673417091	0.117193341255	
-0.577860474586	0.701982021332	-0.416291326284	
-0.361879438162	0.236803755164	0.901646971703	
0.72937130928	0.672282934189	0.126700997353	
-0.575151264668	0.702870726585	-0.418537586927	
-0.370430111885	0.232397079468	0.899318158627	
0.72570669651	0.674776554108	0.134262189269	
-0.57428508997	0.701574683189	-0.421888113022	
-0.378875166178	0.229062274098	0.896651566029	
0.727439463139	0.673828780651	0.129563078284	
-0.577202618122	0.703011035919	-0.415466696024	
-0.371037721634	0.227442711592	0.900333762169	
0.726659536362	0.67344802618	0.135770708323	
-0.575039148331	0.704374492168	-0.416156858206	
-0.375893443823	0.224330887198	0.89909940958	
0.725014269352	0.674371778965	0.139917939901	
-0.574220716953	0.704037964344	-0.41785299778	
-0.380295783281	0.222605600953	0.897675812244	
0.723224759102	0.67663615942	0.138236895204	
-0.576713085175	0.701842367649	-0.418113946915	
-0.379931539297	0.222667321563	0.897814750671	
0.723650634289	0.675452888012	0.141750305891	
-0.574879765511	0.703567624092	-0.417739003897	
-0.381893932819	0.22080771625	0.897441327572	
0.723817288876	0.674995958805	0.14306999743	
-0.573908567429	0.704066038132	-0.418234318495	
-0.383037209511	0.220616132021	0.89700114727	
0.737155020237	0.667005002499	0.108197644353	
-0.575914382935	0.703919351101	-0.415716439486	
-0.353447377682	0.244134888053	0.903035521507	
0.734810292721	0.667542159557	0.120171904564	
-0.571256101131	0.704602241516	-0.420953780413	
-0.365677773952	0.240672230721	0.899086534977	
0.730872094631	0.670073866844	0.129719033837	
-0.568376779556	0.702774763107	-0.427849888802	
-0.377854287624	0.238974243402	0.894492864609	
0.730220556259	0.672088265419	0.122781515121	
-0.578507304192	0.703851699829	-0.412216097116	
-0.363465577364	0.229978680611	0.90277493	
0.729016005993	0.671668231487	0.131899505854	
-0.574446856976	0.705127239227	-0.415699928999	
-0.372218370438	0.227282628417	0.899886727333	
0.72687214613	0.672660946846	0.138507008553	
-0.571662127972	0.704376220703	-0.420780867338	
-0.38060387969	0.22667466104	0.896526217461	
0.722995936871	0.677903950214	0.133128002286	
-0.581385731697	0.701126217842	-0.41281068325	
-0.373185515404	0.221061736345	0.901035130024	
0.722808241844	0.676716327667	0.140011757612	
-0.577672958374	0.702886641026	-0.415023267269	
-0.379265427589	0.219101235271	0.898972988129	
0.722298681736	0.676364183426	0.144277840853	
-0.574743032455	0.703095138073	-0.418721526861	
-0.384649276733	0.21951931715	0.896580278873	
0.74346446991	0.661337196827	0.0994668155909	
-0.573007762432	0.706608653069	-0.415170162916	
-0.344851583242	0.251669019461	0.904289841652	
0.740982174873	0.661801695824	0.113859146833	
-0.566452145576	0.707055330276	-0.423325806856	
-0.360662460327	0.249181121588	0.898794412613	
0.736816704273	0.66437202692	0.125343203545	
-0.561602175236	0.704656839371	-0.43366086483	
-0.376436114311	0.249135568738	0.892315685749	
0.733831882477	0.669319033623	0.11620182544	
-0.578703641891	0.705506920815	-0.409099072218	
-0.355798989534	0.232963517308	0.905060827732	
0.732240319252	0.6688773036	0.128168597817	
-0.57282525301	0.706670999527	-0.415315926075	
-0.368368446827	0.230692878366	0.900602817535	
0.729616343975	0.669958949089	0.137167826295	
-0.568140029907	0.705478310585	-0.423694759607	
-0.380627036095	0.231204077601	0.895358979702	
0.723730742931	0.678076505661	0.128164097667	
-0.584806919098	0.701248705387	-0.407739013433	
-0.366353154182	0.220142021775	0.904059112072	
0.722947955132	0.676909983158	0.138344109058	
-0.579317450523	0.703021883965	-0.412494271994	
-0.376480430365	0.218066737056	0.900394022465	
0.721754729748	0.676689326763	0.145470649004	
-0.574513137341	0.702919363976	-0.419331669807	
-0.386011391878	0.219079822302	0.896102249622	
0.0223310217261	-0.996948838234	-0.0747950524092	
-0.945577144623	-0.0453546717763	0.32222160697	
-0.324630767107	0.0635289624333	-0.943704903126	
0.0181374121457	-0.996863901615	-0.0770284831524	
-0.9442486763	-0.0424082875252	0.326490461826	
-0.328733205795	0.0668123438954	-0.942056596279	
0.0145163759589	-0.996686935425	-0.0800274759531	
-0.943703114986	-0.040109295398	0.328353017569	
-0.330475002527	0.0707556754351	-0.94115883112	
0.0104557489976	-0.996826767921	-0.0789121687412	
-0.945800304413	-0.0354749001563	0.322805434465	
-0.324580490589	0.0712599754333	-0.943169951439	
0.00778849842027	-0.996631324291	-0.0816415175796	
-0.943175315857	-0.0344449207187	0.330505490303	
-0.332204252481	0.0744281187654	-0.940266311169	
0.00597029319033	-0.99634873867	-0.0851677432656	
-0.941528141499	-0.0342933312058	0.33518460393	
-0.336881458759	0.0781866759062	-0.938295125961	
-0.00304496707395	-0.996467649937	-0.0839220359921	
-0.946364343166	-0.0242428798229	0.322190612555	
-0.32308703661	0.0804018825293	-0.942947685719	
-0.00481519754976	-0.996188104153	-0.0870980173349	
-0.942271590233	-0.0246423594654	0.333941578865	
-0.334814935923	0.0836779847741	-0.938561081886	
-0.00543678365648	-0.995828092098	-0.0910868123174	
-0.93932145834	-0.0261575188488	0.342039436102	
-0.342995077372	0.0874193906784	-0.935260534286	
0.0117324078456	-0.997391521931	-0.0712218210101	
-0.946772038937	-0.0339950360358	0.320104748011	
-0.321690946817	0.0636752322316	-0.944701194763	
0.00777293322608	-0.997318089008	-0.0727748051286	
-0.945512533188	-0.0310192462057	0.324104636908	
-0.325492829084	0.0662902444601	-0.943217933178	
0.00435238145292	-0.997149348259	-0.0753277540207	
-0.944915652275	-0.0287551041692	0.326048463583	
-0.327285081148	0.0697592869401	-0.942347109318	
0.00202436884865	-0.99698638916	-0.0775500461459	
-0.946930766106	-0.0268382765353	0.320315241814	
-0.32143124938	0.0727860853076	-0.944131433964	
-0.000881655490957	-0.9969201684	-0.0784178525209	
-0.944491744041	-0.0249327924103	0.327587664127	
-0.328533917665	0.0743538364768	-0.941560924053	
-0.00297362171113	-0.996765136719	-0.0803143978119	
-0.942913174629	-0.0239521469921	0.332176208496	
-0.333025366068	0.0767172724009	-0.939791738987	
-0.00920163094997	-0.996298193932	-0.0854705348611	
-0.947465598583	-0.0186427216977	0.319314002991	
-0.319725364447	0.0839186012745	-0.943786740303	
-0.0116739617661	-0.99625992775	-0.0856147632003	
-0.943655848503	-0.0173420924693	0.330473780632	
-0.330722540617	0.0846488028765	-0.939924001694	
-0.0130312973633	-0.996140539646	-0.0867998600006	
-0.940879046917	-0.0171704143286	0.338307231665	
-0.338491946459	0.0860767513514	-0.937023997307	
0.000916251563467	-0.997602045536	-0.0692050158978	
-0.947819650173	-0.022929335013	0.317981421947	
-0.318805754185	0.0653025209904	-0.945567786694	
-0.00284809200093	-0.997544527054	-0.0699769034982	
-0.946521878242	-0.0198874454945	0.32202616334	
-0.322627127171	0.0671518296003	-0.944141089916	
-0.00610511563718	-0.997387886047	-0.071972951293	
-0.945766508579	-0.0176178142428	0.324369162321	
-0.324789911509	0.070049919188	-0.943188488483	
-0.00691927410662	-0.996958434582	-0.0776274800301	
-0.947967886925	-0.0181696843356	0.317847073078	
-0.318290799856	0.0757876336575	-0.944958865643	
-0.0101287709549	-0.997015535831	-0.0765341445804	
-0.945591568947	-0.0153412595391	0.324994206429	
-0.325198411942	0.0756618306041	-0.942614078522	
-0.0125587694347	-0.996975541115	-0.0766943842173	
-0.94395673275	-0.0134791666642	0.329793810844	
-0.329830139875	0.07653798908	-0.940932512283	
-0.0161601994187	-0.995959281921	-0.0883397907019	
-0.948509573936	-0.012682187371	0.31649440527	
-0.316335886717	0.0889057517052	-0.944472014904	
-0.0194171760231	-0.9961617589	-0.0853504613042	
-0.944850862026	-0.00963089521974	0.327359288931	
-0.326924800873	0.086999848485	-0.941037297249	
-0.0215961318463	-0.996262848377	-0.083630092442	
-0.942110180855	-0.00771693792194	0.335214674473	
-0.334607303143	0.0860280990601	-0.938422679901	
-0.130979940295	-0.542038977146	-0.83008313179	
0.982391238213	0.0415634475648	-0.182153522968	
0.133235424757	-0.839324831963	0.527050375938	
-0.129942804575	-0.542173802853	-0.830158054829	
0.98243612051	0.042679823935	-0.181652635336	
0.133918300271	-0.83918172121	0.527105212212	
-0.133008912206	-0.544575989246	-0.828097581863	
0.982538700104	0.0372263714671	-0.182296141982	
0.130101174116	-0.837884962559	0.530115544796	
-0.138613820076	-0.53328537941	-0.834501564503	
0.981007099152	0.0415130369365	-0.189477682114	
0.135688379407	-0.844916164875	0.517402470112	
-0.137957572937	-0.532757103443	-0.834947645664	
0.981359899044	0.0403497032821	-0.187895163894	
0.133792385459	-0.845305740833	0.517259955406	
-0.140604779124	-0.534736275673	-0.833239138126	
0.981639266014	0.0342742837965	-0.187642261386	
0.12889778614	-0.844323635101	0.520098984241	
-0.147050380707	-0.526455163956	-0.837389469147	
0.979534745216	0.04012164101	-0.197235807776	
0.137433260679	-0.849255681038	0.509781241417	
-0.147349327803	-0.525296866894	-0.838064074516	
0.980011701584	0.0369640439749	-0.195475697517	
0.133661001921	-0.850115835667	0.509350419044	
-0.150163799524	-0.526892542839	-0.836561441422	
0.980283439159	0.0305717736483	-0.195217132568	
0.12843362987	-0.849381864071	0.511913299561	
-0.133818164468	-0.543246686459	-0.828840017319	
0.983205854893	0.0319495536387	-0.179681584239	
0.124092489481	-0.838964998722	0.529847860336	
-0.132048815489	-0.544406235218	-0.828362822533	
0.98335725069	0.0332562588155	-0.178612664342	
0.124786101282	-0.838162183762	0.530954420567	
-0.134242415428	-0.546494483948	-0.826633393764	
0.983549654484	0.0282668732107	-0.178412556648	
0.120867826045	-0.836985528469	0.53370988369	
-0.140528351068	-0.536168754101	-0.832331001759	
0.981995940208	0.0317065156996	-0.186221972108	
0.126236721873	-0.843515098095	0.522059857845	
-0.138728663325	-0.536394536495	-0.832487404346	
0.982469081879	0.0311645139009	-0.183802306652	
0.124534614384	-0.843391776085	0.522667646408	
-0.140075013041	-0.537797927856	-0.831355750561	
0.982876718044	0.0259958337992	-0.182421267033	
0.119717568159	-0.842672884464	0.524947702885	
-0.147898465395	-0.530386269093	-0.83475536108	
0.980679988861	0.0306195542216	-0.193207800388	
0.128034606576	-0.847202956676	0.515610575676	
-0.146626025438	-0.529694974422	-0.835418522358	
0.981309652328	0.0285143665969	-0.190311148763	
0.124628283083	-0.847708761692	0.515613794327	
-0.147699639201	-0.530438780785	-0.83475714922	
0.981769859791	0.0234614890069	-0.188620045781	
0.119636029005	-0.847398519516	0.517303526402	
-0.139280453324	-0.544264674187	-0.827270746231	
0.983913183212	0.0183194130659	-0.177705407143	
0.111873887479	-0.838713526726	0.532957673073	
-0.136112749577	-0.546367526054	-0.826411426067	
0.984323978424	0.0198556482792	-0.175248682499	
0.112159125507	-0.837310135365	0.53510004282	
-0.136739119887	-0.548060417175	-0.825186133385	
0.984732627869	0.0153815038502	-0.173392951488	
0.10772241652	-0.836297333241	0.537589669228	
-0.144644141197	-0.538890659809	-0.829864442348	
0.982843995094	0.0187491569668	-0.183483421803	
0.114436753094	-0.842167079449	0.52693349123	
-0.141028285027	-0.539782702923	-0.829907059669	
0.983593344688	0.0188601016998	-0.179411455989	
0.112495332956	-0.84159308672	0.528266847134	
-0.140363797545	-0.540533900261	-0.829530656338	
0.984265208244	0.0146457394585	-0.176089599729	
0.107331492007	-0.841194748878	0.529972970486	
-0.150500804186	-0.534200966358	-0.831852674484	
0.981662034988	0.018830569461	-0.189697340131	
0.117000758648	-0.845147788525	0.52157074213	
-0.146980732679	-0.533891141415	-0.832680583	
0.982603251934	0.0178068801761	-0.1848616153	
0.113523416221	-0.845365703106	0.521985888481	
-0.145595595241	-0.53371655941	-0.833035767078	
0.983393490314	0.0141406031325	-0.180934414268	
0.108347319067	-0.845545172691	0.522794604301	
0.294572085142	-0.93493282795	-0.197807773948	
0.949033558369	0.261925846338	0.175300076604	
-0.112082831562	-0.239364728332	0.964438676834	
0.293208658695	-0.936730206013	-0.191220343113	
0.948782205582	0.260487884283	0.178769186139	
-0.117647916079	-0.233843132854	0.965130209923	
0.291371315718	-0.937948286533	-0.188031151891	
0.949049472809	0.258765548468	0.179848387837	
-0.120032504201	-0.230853542686	0.965556263924	
0.303136795759	-0.934623003006	-0.185978263617	
0.945650517941	0.270926862955	0.179843574762	
-0.117699429393	-0.23038764298	0.965954661369	
0.297915220261	-0.937156438828	-0.181616023183	
0.947177886963	0.266535371542	0.178361803293	
-0.118745811284	-0.22515937686	0.967058777809	
0.291345000267	-0.9394094944	-0.180631801486	
0.949434936047	0.260859429836	0.174716070294	
-0.117010422051	-0.222400799394	0.967908263206	
0.305213958025	-0.935341477394	-0.17883169651	
0.944471240044	0.273318678141	0.182403430343	
-0.121731445193	-0.224573463202	0.966823756695	
0.296772658825	-0.938560783863	-0.176152274013	
0.947340011597	0.266117662191	0.178124442697	
-0.12030338496	-0.219738572836	0.968112647533	
0.286011874676	-0.941777288914	-0.176784291863	
0.95111656189	0.256584554911	0.171876817942	
-0.116509564221	-0.217301279306	0.969126224518	
0.296811819077	-0.933257818222	-0.202317893505	
0.949045717716	0.264789164066	0.170876801014	
-0.105900533497	-0.242727205157	0.964296936989	
0.2958304286	-0.934981822968	-0.195686772466	
0.948561966419	0.263350367546	0.175717994571	
-0.112758949399	-0.237603768706	0.964795231819	
0.294337838888	-0.93631118536	-0.191537514329	
0.948565900326	0.261768162251	0.178045421839	
-0.116567499936	-0.234091460705	0.96520113945	
0.30646058917	-0.932720661163	-0.190037161112	
0.945276856422	0.274726390839	0.176003172994	
-0.111953563988	-0.233575761318	0.965872049332	
0.301576644182	-0.93518191576	-0.18570484221	
0.946598291397	0.270382881165	0.17562687397	
-0.114031679928	-0.228752851486	0.966782748699	
0.295330911875	-0.937543094158	-0.183827549219	
0.948637068272	0.264917641878	0.172934621572	
-0.113434508443	-0.225458562374	0.967626512051	
0.309691101313	-0.933567464352	-0.180397316813	
0.943680107594	0.278542816639	0.178554743528	
-0.116444520652	-0.225534155965	0.967251241207	
0.301549047232	-0.936725080013	-0.177803978324	
0.946394562721	0.271421015263	0.175122603774	
-0.115782000124	-0.221080780029	0.968358337879	
0.291117787361	-0.940058588982	-0.177595943213	
0.950011312962	0.262169420719	0.169545531273	
-0.112822502851	-0.218075871468	0.969388484955	
0.297489374876	-0.932052254677	-0.206829920411	
0.949634313583	0.266533911228	0.164785638452	
-0.0984616428614	-0.245434761047	0.96439987421	
0.297136157751	-0.933689057827	-0.199837207794	
0.948760271072	0.265136271715	0.171920612454	
-0.107536301017	-0.240681424737	0.964628636837	
0.296223104	-0.935121536255	-0.194421187043	
0.94833034277	0.263733655214	0.176391944289	
-0.113672494888	-0.236626878381	0.964928150177	
0.309251010418	-0.930885672569	-0.194462582469	
0.94519764185	0.27835893631	0.170639291406	
-0.104715272784	-0.236575946212	0.965953707695	
0.304900735617	-0.93327152729	-0.189841479063	
0.946156382561	0.274069666862	0.1722612679	
-0.108736746013	-0.232142314315	0.966584861279	
0.2991746068	-0.935741424561	-0.186768576503	
0.947815179825	0.268822729588	0.171408072114	
-0.110186003149	-0.228303030133	0.967334866524	
0.314652532339	-0.931459128857	-0.182695522904	
0.942879140377	0.284523755312	0.173277720809	
-0.109419897199	-0.22678206861	0.967779517174	
0.306963592768	-0.934568583965	-0.179874837399	
0.945292115211	0.277463793755	0.171571075916	
-0.110436178744	-0.222700327635	0.968611598015	
0.297019571066	-0.938032627106	-0.178533226252	
0.948603630066	0.268479079008	0.167541339993	
-0.109226807952	-0.219120323658	0.969564735889	
-0.442252218723	0.886250138283	-0.137744873762	
-0.604009449482	-0.407832443714	-0.684722781181	
-0.663012504578	-0.219620972872	0.715668261051	
-0.443835914135	0.88694190979	-0.127842664719	
-0.612988054752	-0.40456661582	-0.678654134274	
-0.653647661209	-0.222845062613	0.723245978355	
-0.44574585557	0.887343466282	-0.118034563959	
-0.619122207165	-0.400835633278	-0.675291419029	
-0.646527886391	-0.227930516005	0.728044867516	
-0.433544129133	0.890311837196	-0.139227509499	
-0.610788345337	-0.40392562747	-0.681015193462	
-0.662553429604	-0.210211604834	0.718911707401	
-0.435764729977	0.890547454357	-0.130515605211	
-0.617977619171	-0.401458054781	-0.675969719887	
-0.654379665852	-0.213908031583	0.725279688835	
-0.438597768545	0.890401184559	-0.121727861464	
-0.622504174709	-0.39870300889	-0.67344224453	
-0.648167073727	-0.219594165683	0.729148745537	
-0.427484124899	0.892785072327	-0.142099171877	
-0.614796638489	-0.402344584465	-0.678339123726	
-0.66278386116	-0.202617108822	0.720877170563	
-0.430526405573	0.892452180386	-0.13481862843	
-0.619748055935	-0.400892913342	-0.67468303442	
-0.656170189381	-0.206915289164	0.725690543652	
-0.434481680393	0.891641736031	-0.127282083035	
-0.622222781181	-0.399317651987	-0.673338115215	
-0.651202321053	-0.213355258107	0.728295981884	
-0.438467055559	0.888786494732	-0.133435964584	
-0.606640994549	-0.402223616838	-0.685713410378	
-0.663123965263	-0.219715029001	0.715536117554	
-0.438786953688	0.889469504356	-0.127710536122	
-0.613600611687	-0.400412619114	-0.680561602116	
-0.656475663185	-0.220258280635	0.721474826336	
-0.439474880695	0.889953970909	-0.121835172176	
-0.617753982544	-0.397912800312	-0.678266465664	
-0.652105689049	-0.22281691432	0.724645256996	
-0.433656066656	0.891034305096	-0.134165003896	
-0.611627042294	-0.400412559509	-0.682335793972	
-0.661705970764	-0.21384011209	0.718622028828	
-0.434574484825	0.891366958618	-0.128879576921	
-0.617039382458	-0.39890730381	-0.678332805634	
-0.65605443716	-0.215262338519	0.72336345911	
-0.436150223017	0.891392052174	-0.123260907829	
-0.619828820229	-0.39688795805	-0.676972806454	
-0.65236890316	-0.218861162663	0.725613236427	
-0.431176453829	0.891844928265	-0.136746004224	
-0.614040434361	-0.401095062494	-0.679762482643	
-0.661090910435	-0.209130004048	0.720571637154	
-0.432856857777	0.891722559929	-0.132158473134	
-0.617454826832	-0.40009573102	-0.677253961563	
-0.656798660755	-0.211552143097	0.723782539368	
-0.43549567461	0.891181111336	-0.127042368054	
-0.618430137634	-0.398742645979	-0.677162051201	
-0.654131233692	-0.216334342957	0.724783957005	
-0.433998912573	0.891659379005	-0.128796368837	
-0.608992040157	-0.395710170269	-0.687417030334	
-0.663907885551	-0.219902291894	0.714751243591	
-0.432929039001	0.892353534698	-0.127583935857	
-0.613453984261	-0.395362824202	-0.683639109135	
-0.660489678383	-0.217700347304	0.718581855297	
-0.432258546352	0.892909884453	-0.125954166055	
-0.61514878273	-0.394115209579	-0.682836174965	
-0.659351587296	-0.217681214213	0.719632089138	
-0.433765411377	0.891761481762	-0.128875792027	
-0.611916601658	-0.396543443203	-0.684332787991	
-0.661366462708	-0.217978656292	0.717690527439	
-0.433274537325	0.892217338085	-0.12736338377	
-0.615061044693	-0.396012037992	-0.681816935539	
-0.658766329288	-0.21707765758	0.720350086689	
-0.433478176594	0.892418146133	-0.125245943666	
-0.615626990795	-0.394751340151	-0.682037174702	
-0.658103406429	-0.218543440104	0.720512807369	
-0.435501217842	0.890567719936	-0.131254777312	
-0.612471103668	-0.399996936321	-0.681822240353	
-0.659710407257	-0.216544657946	0.719646155834	
-0.435726106167	0.890683531761	-0.12971355021	
-0.613849520683	-0.399459332228	-0.68089723587	
-0.658279240131	-0.217060089111	0.72080051899	
-0.436949193478	0.89042365551	-0.127362370491	
-0.612831771374	-0.398345947266	-0.682464420795	
-0.658416748047	-0.220150575042	0.719736814499	
0.212401092052	-0.181022152305	0.960269093513	
0.442300587893	0.894074976444	0.0707116797566	
-0.8713529706	0.409708350897	0.26996871829	
0.216600641608	-0.185934752226	0.958390533924	
0.44564601779	0.892277598381	0.0723903104663	
-0.868610262871	0.411423116922	0.276128977537	
0.218860462308	-0.188020527363	0.957469761372	
0.450439095497	0.88991600275	0.0717925056815	
-0.865566134453	0.41556930542	0.27945920825	
0.209913611412	-0.175277784467	0.96188044548	
0.45009753108	0.890677452087	0.0640769526362	
-0.867956519127	0.419489383698	0.265857428312	
0.211263343692	-0.179518580437	0.960802197456	
0.452379137278	0.889328420162	0.0666941106319	
-0.866441547871	0.420556843281	0.269092947245	
0.210816413164	-0.180690228939	0.96068072319	
0.455128997564	0.887891888618	0.0671239867806	
-0.865109264851	0.423082828522	0.269419521093	
0.204771131277	-0.164861738682	0.964826107025	
0.454955607653	0.888794660568	0.0553120002151	
-0.866651117802	0.427626729012	0.257004261017	
0.202962398529	-0.168470069766	0.964584946632	
0.456495285034	0.88776743412	0.0590003654361	
-0.866266906261	0.428353607655	0.257089197636	
0.199412867427	-0.168774142861	0.965271890163	
0.457558423281	0.887113332748	0.0605826713145	
-0.866530299187	0.429587304592	0.254125833511	
0.20360442996	-0.178383409977	0.962665379047	
0.448322057724	0.891103208065	0.0703023821115	
-0.870374977589	0.417270243168	0.26140576601	
0.204478651285	-0.182594701648	0.96169000864	
0.450383245945	0.88983052969	0.0731884241104	
-0.869104921818	0.418163597584	0.264188945293	
0.203663498163	-0.184946611524	0.961413502693	
0.453925192356	0.887907445431	0.0746478810906	
-0.867452085018	0.421206742525	0.264786243439	
0.202481627464	-0.171846941113	0.964090168476	
0.45344093442	0.889040231705	0.0632361844182	
-0.867981851101	0.42435374856	0.257936745882	
0.200891762972	-0.17500191927	0.963855206966	
0.45465195179	0.888183057308	0.0665016025305	
-0.86771774292	0.424859017134	0.257993608713	
0.19771873951	-0.176072850823	0.964316129684	
0.456358879805	0.887161672115	0.0684157162905	
-0.867550492287	0.426547169685	0.255760908127	
0.198629066348	-0.160440936685	0.966853260994	
0.455947637558	0.888382077217	0.0537500344217	
-0.867558777332	0.430158138275	0.2496111691	
0.194252610207	-0.162562057376	0.967387974262	
0.45664525032	0.887789309025	0.0574912279844	
-0.868182599545	0.430585324764	0.246688589454	
0.188316404819	-0.16237527132	0.968592405319	
0.456885159016	0.887503027916	0.0599525421858	
-0.869363486767	0.431245416403	0.241318225861	
0.191890850663	-0.175437018275	0.965608477592	
0.455608189106	0.88736987114	0.0706813260913	
-0.869252026081	0.42637604475	0.250208705664	
0.188221469522	-0.178981617093	0.96568018198	
0.45627066493	0.886640787125	0.0754001885653	
-0.869706690311	0.426419615746	0.248548895121	
0.183069631457	-0.181630834937	0.966175854206	
0.458387225866	0.885185182095	0.0795508846641	
-0.86969345808	0.428319305182	0.245307773352	
0.192349269986	-0.167891383171	0.966857910156	
0.456898510456	0.887272596359	0.0631750896573	
-0.868473112583	0.429604262114	0.247375562787	
0.186620548368	-0.169993057847	0.967613101006	
0.456939339638	0.886918723583	0.0676879510283	
-0.869700670242	0.429508537054	0.243193760514	
0.179490789771	-0.170999228954	0.968783915043	
0.457458287477	0.886336445808	0.0716912150383	
-0.870927631855	0.430310308933	0.237314239144	
0.189979121089	-0.155279383063	0.969430863857	
0.455919414759	0.888443946838	0.0529608167708	
-0.869508743286	0.431920915842	0.239580690861	
0.181836873293	-0.155941024423	0.970885038376	
0.455695211887	0.888287901878	0.0573274157941	
-0.871365129948	0.432003438473	0.232585072517	
0.172285765409	-0.155296951532	0.97272837162	
0.454995781183	0.888385057449	0.0612444207072	
-0.873668372631	0.43203574419	0.223715558648	
0.175572350621	-0.1168474406	0.977507531643	
-0.625784337521	-0.779760062695	0.0191890709102	
0.759979188442	-0.615077972412	-0.21002560854	
0.174439370632	-0.120517663658	0.977264761925	
-0.617670536041	-0.786324799061	0.0132820019498	
0.766846776009	-0.605944573879	-0.211606219411	
0.173525288701	-0.127244964242	0.976574480534	
-0.607309520245	-0.794453144073	0.00439639016986	
0.775283277035	-0.593845844269	-0.21513479948	
0.171735852957	-0.11652623862	0.978227198124	
-0.617399275303	-0.786512613297	0.0147003065795	
0.767675042152	-0.606481313705	-0.207015633583	
0.173738896847	-0.120566308498	0.977383553982	
-0.611767411232	-0.790958702564	0.0111776236445	
0.771722376347	-0.599873363972	-0.211178839207	
0.176149368286	-0.12774336338	0.976039469242	
-0.604280591011	-0.796757280827	0.00477766897529	
0.777056217194	-0.590643286705	-0.217541113496	
0.166218459606	-0.116411454976	0.97919344902	
-0.610477566719	-0.791976869106	0.00947458483279	
0.774395644665	-0.599350452423	-0.202707752585	
0.17148052156	-0.120797507465	0.97775375843	
-0.607347488403	-0.794392168522	0.0083739599213	
0.775708377361	-0.595272243023	-0.209588840604	
0.177269741893	-0.128443658352	0.975744664669	
-0.602734208107	-0.797929525375	0.00446585519239	
0.778001904488	-0.588906347752	-0.218866154552	
0.182486698031	-0.123846620321	0.975377142429	
-0.626598775387	-0.779127061367	0.0183043964207	
0.757675766945	-0.614510416985	-0.219782471657	
0.175022289157	-0.124580487609	0.976650834084	
-0.619819939137	-0.78466719389	0.0109845679253	
0.764977395535	-0.607270240784	-0.214551717043	
0.167342454195	-0.128074258566	0.977544605732	
-0.610711395741	-0.791852831841	0.000799939443823	
0.773969054222	-0.597131490707	-0.210727006197	
0.178775906563	-0.124671310186	0.975959122181	
-0.616671979427	-0.787122368813	0.0124129336327	
0.766651690006	-0.604065775871	-0.21759980917	
0.174342676997	-0.126013562083	0.97658854723	
-0.611753940582	-0.791015863419	0.00714331865311	
0.771596908569	-0.598677277565	-0.214997127652	
0.169929355383	-0.130151793361	0.976823687553	
-0.604911148548	-0.796292483807	-0.000866816611961	
0.777950167656	-0.590744256973	-0.214043751359	
0.173447594047	-0.125779926777	0.976778030396	
-0.60801589489	-0.793904185295	0.00573486275971	
0.774746835232	-0.594891250134	-0.214176952839	
0.172166198492	-0.127677947283	0.976758480072	
-0.604957461357	-0.796253681183	0.00254842243157	
0.777422189713	-0.591336131096	-0.214327707887	
0.171079441905	-0.132444828749	0.976314604282	
-0.6003703475	-0.799715340137	-0.00328493840061	
0.78120881319	-0.585588395596	-0.21633079648	
0.18863068521	-0.12662512064	0.973850369453	
-0.627620220184	-0.778253018856	0.0203748326749	
0.755322039127	-0.61505150795	-0.226274877787	
0.175299942493	-0.124743118882	0.976580321789	
-0.622146427631	-0.782813668251	0.0116852773353	
0.763022780418	-0.609624385834	-0.214835688472	
0.161379158497	-0.12527500093	0.97890907526	
-0.614245891571	-0.789114654064	0.000275973085081	
0.772436857224	-0.601335406303	-0.204296320677	
0.184922501445	-0.128711372614	0.974287986755	
-0.616581439972	-0.787183225155	0.0130355246365	
0.765265285969	-0.603138446808	-0.224928930402	
0.174519822001	-0.127699762583	0.976337850094	
-0.612339138985	-0.790572047234	0.00605268077925	
0.771092474461	-0.598906219006	-0.216166064143	
0.163794517517	-0.129114672542	0.978008568287	
-0.606080055237	-0.795395970345	-0.00350169884041	
0.778356194496	-0.592177927494	-0.208535328507	
0.179673582315	-0.131161108613	0.974943161011	
-0.606628119946	-0.794970929623	0.00484723551199	
0.77441573143	-0.592298865318	-0.222401291132	
0.172322660685	-0.130943983793	0.976298391819	
-0.603597164154	-0.79728937149	-0.000396158720832	
0.778444170952	-0.589222669601	-0.216428443789	
0.16486492753	-0.133195340633	0.977281212807	
-0.598959982395	-0.800738096237	-0.00809090584517	
0.783623933792	-0.584018409252	-0.211792305112	
0.0858681499958	-0.531060755253	0.842971622944	
0.0578261949122	0.847326874733	0.527914106846	
-0.994626939297	0.00341483461671	0.103467613459	
0.0911488384008	-0.531093895435	0.842396080494	
0.0490335077047	0.847284853458	0.528870522976	
-0.994629383087	-0.00690030073747	0.103270426393	
0.10151732713	-0.528684616089	0.842725813389	
0.0476922504604	0.848714530468	0.526696443558	
-0.993689954281	-0.0132773248479	0.111373387277	
