0.478736370802	0.693781077862	0.538032829762	
-0.233054742217	-0.490415155888	0.839749038219	
0.846461415291	-0.527409493923	-0.0730905979872	
0.477844357491	0.694150328636	0.53834939003	
-0.233780935407	-0.490253508091	0.839641571045	
0.846765160561	-0.527073800564	-0.071985758841	
0.476879030466	0.694501280785	0.538752555847	
-0.234381392598	-0.490268945694	0.839465141296	
0.847143292427	-0.526596903801	-0.071020796895	
0.478401780128	0.694170236588	0.537828505039	
-0.232471674681	-0.490495890379	0.839863479137	
0.846810877323	-0.526822090149	-0.0732791870832	
0.477454066277	0.694367587566	0.538415491581	
-0.23345451057	-0.490496337414	0.839590549469	
0.847075343132	-0.526561439037	-0.0720862224698	
0.476418584585	0.694541692734	0.53910779953	
-0.234349861741	-0.490671187639	0.839238882065	
0.847411036491	-0.526168823242	-0.0709991380572	
0.477875113487	0.694514632225	0.537852048874	
-0.232288137078	-0.490583479404	0.83986312151	
0.847158551216	-0.526286363602	-0.0731101334095	
0.477062612772	0.69451624155	0.538570761681	
-0.2333073318	-0.490735203028	0.839491903782	
0.847336411476	-0.526142656803	-0.0720756873488	
0.47614812851	0.694489479065	0.539413869381	
-0.234277352691	-0.491058588028	0.839032530785	
0.847583055496	-0.525876224041	-0.0711134821177	
0.478700876236	0.694009363651	0.537769854069	
-0.233189448714	-0.490009278059	0.83994859457	
0.846444427967	-0.527486383915	-0.0727322101593	
0.477655023336	0.694489717484	0.538079619408	
-0.233849778771	-0.489864975214	0.839849174023	
0.846852958202	-0.526987969875	-0.0715801864862	
0.476584136486	0.694956958294	0.538425803185	
-0.234309539199	-0.489888906479	0.839707016945	
0.847329080105	-0.526349365711	-0.0706382393837	
0.478427708149	0.694538772106	0.537329316139	
-0.232584148645	-0.489824742079	0.840223968029	
0.846765339375	-0.526960730553	-0.0728070139885	
0.477398097515	0.694841563702	0.537853419781	
-0.233566999435	-0.48974108696	0.840000092983	
0.847075879574	-0.526639223099	-0.0715094134212	
0.476328998804	0.695126473904	0.538432836533	
-0.23438744247	-0.489823371172	0.839723527431	
0.847451031208	-0.526186585426	-0.070388160646	
0.477978110313	0.694856464863	0.537318766117	
-0.232389524579	-0.489886283875	0.840241968632	
0.847072601318	-0.526484489441	-0.0726775527	
0.477155447006	0.69495767355	0.537918686867	
-0.233474165201	-0.489852964878	0.839960634708	
0.847238183022	-0.526381909847	-0.0714813321829	
0.476279109716	0.695036411285	0.538593173027	
-0.234434813261	-0.489982664585	0.839617371559	
0.847465932369	-0.526157200336	-0.0704277902842	
0.478003263474	0.694590628147	0.537639975548	
-0.233401805162	-0.489647775888	0.8401004076	
0.846780061722	-0.527056872845	-0.0719345360994	
0.476979315281	0.695193529129	0.537770152092	
-0.233721837401	-0.489501625299	0.840096592903	
0.847269058228	-0.526397287846	-0.0710002481937	
0.475979179144	0.69578820467	0.53788715601	
-0.233766883612	-0.489514321089	0.840076625347	
0.847818851471	-0.525599181652	-0.0703463926911	
0.478019893169	0.695121228695	0.536938965321	
-0.232935160398	-0.489092081785	0.840553462505	
0.846899151802	-0.526873230934	-0.0718775764108	
0.477084338665	0.695541024208	0.537227332592	
-0.233643382788	-0.488905102015	0.840465664864	
0.847231566906	-0.526492655277	-0.0707404240966	
0.476157873869	0.69594836235	0.537521719933	
-0.23411475122	-0.488875120878	0.840351939201	
0.847622513771	-0.525981962681	-0.069849960506	
0.477875500917	0.695273637772	0.536870121956	
-0.232889965177	-0.489022135735	0.840606689453	
0.846993088722	-0.526737034321	-0.0717694535851	
0.477218985558	0.69548612833	0.537178814411	
-0.233765169978	-0.488784343004	0.840502083302	
0.847122132778	-0.526677250862	-0.0706767290831	
0.476557314396	0.695681750774	0.537512779236	
-0.234442234039	-0.48870074749	0.840362071991	
0.847307503223	-0.52649641037	-0.0697967410088	
-0.0344275534153	-0.00960841216147	0.999360978603	
0.0367748215795	0.999264419079	0.0108743598685	
-0.998730361462	0.0371256992221	-0.0340488813818	
-0.0339064560831	-0.0098531069234	0.999376416206	
0.0352389663458	0.999317824841	0.0110481027514	
-0.998803555965	0.0355915948749	-0.0335361137986	
-0.0326633788645	-0.0098803434521	0.999417543411	
0.0340325683355	0.999360263348	0.0109920427203	
-0.998886823654	0.0343717820942	-0.0323062315583	
-0.0348600633442	-0.00986160617322	0.999343574047	
0.0367632955313	0.999261856079	0.011143213138	
-0.998715817928	0.0371276177466	-0.0344717875123	
-0.034663092345	-0.00993532966822	0.999349653721	
0.0359676852822	0.999290406704	0.0111823035404	
-0.99875164032	0.0363319069147	-0.034281142056	
-0.0336875021458	-0.00979795306921	0.999384403229	
0.0353496707976	0.99931460619	0.0109888445586	
-0.998807072639	0.0356980934739	-0.0333180576563	
-0.0350407287478	-0.00997001491487	0.999336123466	
0.0368893891573	0.999255895615	0.011262703687	
-0.998704850674	0.0372595526278	-0.0346468649805	
-0.0350805334747	-0.00987444259226	0.999335706234	
0.0367473401129	0.999262213707	0.0111636891961	
-0.998708665371	0.0371145568788	-0.0346917919815	
-0.0342849083245	-0.00957330688834	0.999366223812	
0.0366305708885	0.999270200729	0.0108290584758	
-0.998740553856	0.0369786284864	-0.0339092127979	
-0.0344945974648	-0.00969793926924	0.999357819557	
0.0364179424942	0.999276578426	0.0109541807324	
-0.998741149902	0.0367724187672	-0.0341164655983	
-0.0340139567852	-0.00990072172135	0.999372303486	
0.0354446209967	0.999309897423	0.0111064724624	
-0.998792648315	0.0358001478016	-0.0336395576596	
-0.0329084768891	-0.0100395232439	0.999407947063	
0.0347996540368	0.999331712723	0.0111846392974	
-0.998852372169	0.0351471230388	-0.0325371101499	
-0.0348805561662	-0.00948461331427	0.999346494675	
0.036721650511	0.99926751852	0.0107655730098	
-0.998716592789	0.037073161453	-0.0345067195594	
-0.034639082849	-0.00966417323798	0.999353170395	
0.0363213419914	0.999280452728	0.0109224226326	
-0.998739659786	0.0366761907935	-0.0342631414533	
-0.0337162613869	-0.00978551898152	0.999383509159	
0.0360971391201	0.999287724495	0.0110023925081	
-0.99877935648	0.0364458486438	-0.0333390161395	
-0.0350146815181	-0.00921219494194	0.999344348907	
0.0371997207403	0.999252557755	0.0105147399008	
-0.998694241047	0.0375435017049	-0.0346458181739	
-0.0349248088896	-0.00937047321349	0.999346017838	
0.0372861474752	0.999247610569	0.0106726149097	
-0.998694121838	0.0376345030963	-0.0345491468906	
-0.0340967848897	-0.00947589892894	0.999373614788	
0.0373961292207	0.999242663383	0.0107505442575	
-0.998718619347	0.0377392619848	-0.0337166003883	
-0.0342719443142	-0.00950375385582	0.9993673563	
0.0361364707351	0.999289155006	0.0107422610745	
-0.998759031296	0.0364817678928	-0.0339041464031	
-0.0338737890124	-0.00973360892385	0.999378740788	
0.0357248447835	0.999301731586	0.0109437471256	
-0.998787403107	0.0360733568668	-0.0335024036467	
-0.0329482741654	-0.0100529249758	0.999406516552	
0.0356399677694	0.999301612377	0.0112268431112	
-0.998821377754	0.0359887182713	-0.0325669795275	
-0.0346109978855	-0.00887209456414	0.999361455441	
0.0367129184306	0.999274373055	0.0101428031921	
-0.998726308346	0.03704052791	-0.034260161221	
-0.0343668535352	-0.00922656618059	0.999366700649	
0.03670713678	0.999271035194	0.0104879913852	
-0.998734951019	0.0370443277061	-0.0340031199157	
-0.0335389114916	-0.00967570208013	0.999390602112	
0.036875769496	0.999260306358	0.0109119685367	
-0.998756885529	0.0372192710638	-0.0331573039293	
-0.0346979349852	-0.00826738961041	0.999363660812	
0.0375006869435	0.999250769615	0.00956848077476	
-0.998694002628	0.0378088280559	-0.0343619026244	
-0.0345203615725	-0.00874854717404	0.99936568737	
0.0378149040043	0.999234199524	0.0100536085665	
-0.998688340187	0.0381379723549	-0.0341630987823	
-0.0337021239102	-0.00932963751256	0.99938839674	
0.0381509698927	0.999215602875	0.0106145804748	
-0.998703479767	0.0384853705764	-0.0333197526634	
-0.47475874424	0.576850116253	-0.664716541767	
0.876720786095	0.243692472577	-0.414698302746	
-0.0772323533893	-0.779652416706	-0.621431589127	
-0.474043667316	0.577536165714	-0.664631187916	
0.877015471458	0.242602139711	-0.414714425802	
-0.0782716274261	-0.779484570026	-0.621512174606	
-0.473162680864	0.578327775002	-0.664570629597	
0.877439498901	0.241851449013	-0.414255738258	
-0.0788482278585	-0.779130876064	-0.621882677078	
-0.473877161741	0.576847136021	-0.665347933769	
0.877221107483	0.243196338415	-0.41393071413	
-0.0769645646214	-0.77980953455	-0.621267676353	
-0.473713725805	0.577248573303	-0.665116071701	
0.877232611179	0.242537125945	-0.414292961359	
-0.0778346657753	-0.779717803001	-0.621274411678	
-0.473195314407	0.577886819839	-0.664930820465	
0.877459526062	0.241976931691	-0.414139986038	
-0.0784281119704	-0.779419004917	-0.621574640274	
-0.473202735186	0.577107012272	-0.665602505207	
0.877582907677	0.242775946856	-0.413410305977	
-0.0769897028804	-0.779748260975	-0.621341466904	
-0.47339501977	0.577243030071	-0.665347754955	
0.877429127693	0.242514744401	-0.413889795542	
-0.077558375895	-0.779728829861	-0.621295154095	
-0.473043203354	0.577746272087	-0.665161192417	
0.87757652998	0.242111697793	-0.413813203573	
-0.0780357345939	-0.779481351376	-0.621545851231	
-0.47421258688	0.57705950737	-0.664924621582	
0.876989543438	0.243099614978	-0.414477884769	
-0.077535495162	-0.779682576656	-0.621356070042	
-0.473768740892	0.57759898901	-0.664772570133	
0.877160668373	0.242379307747	-0.414537638426	
-0.0783094093204	-0.779507339001	-0.62147885561	
-0.473193347454	0.578063726425	-0.664778470993	
0.877440333366	0.241884693503	-0.414234519005	
-0.0786542147398	-0.779316484928	-0.621674656868	
-0.473441541195	0.577285647392	-0.665277659893	
0.877413570881	0.24267603457	-0.413828194141	
-0.0774501413107	-0.779647111893	-0.621411204338	
-0.47343853116	0.577532231808	-0.665065765381	
0.877359092236	0.242264613509	-0.414184600115	
-0.0780830681324	-0.779592454433	-0.621400594711	
-0.47311514616	0.577834427357	-0.665033400059	
0.877498805523	0.241838693619	-0.414137482643	
-0.0784720927477	-0.779500722885	-0.621466577053	
-0.472895562649	0.577586174011	-0.665405154228	
0.877691805363	0.242247223854	-0.413489282131	
-0.0776331573725	-0.779557883739	-0.621500313282	
-0.473137527704	0.577558815479	-0.665256857872	
0.877529501915	0.242111697793	-0.413912892342	
-0.0779925510287	-0.779620289803	-0.621376991272	
-0.472870051861	0.577716886997	-0.665309786797	
0.877646923065	0.241721153259	-0.413892239332	
-0.0782930776477	-0.779624342918	-0.621334135532	
-0.473687559366	0.577331066132	-0.665063142776	
0.877223134041	0.242330878973	-0.414433687925	
-0.0781001001596	-0.779720842838	-0.621237277985	
-0.473506033421	0.577693998814	-0.664877176285	
0.877276360989	0.241960570216	-0.414537400007	
-0.0786017030478	-0.77956700325	-0.621367096901	
-0.473227411509	0.577801346779	-0.664982318878	
0.877417266369	0.241702452302	-0.414389818907	
-0.0787071287632	-0.779567539692	-0.621353089809	
-0.473033696413	0.577748596668	-0.665165901184	
0.877568125725	0.24197037518	-0.413913667202	
-0.0781875997782	-0.779523491859	-0.621473908424	
-0.47318264842	0.577810049057	-0.665006577969	
0.877453148365	0.241787165403	-0.414264380932	
-0.0785760506988	-0.779534816742	-0.621410727501	
-0.473045647144	0.577745735645	-0.665159881115	
0.87751108408	0.241476044059	-0.414323031902	
-0.0787531808019	-0.779678881168	-0.621207475662	
-0.472622841597	0.578052043915	-0.6651943326	
0.877759873867	0.241523832083	-0.413767874241	
-0.0785190761089	-0.77943700552	-0.621540546417	
-0.472906440496	0.577830553055	-0.665185213089	
0.877594351768	0.241494759917	-0.414135754108	
-0.0786615535617	-0.779610276222	-0.62130522728	
-0.47271502018	0.577612996101	-0.665510118008	
0.877687036991	0.241097316146	-0.414170861244	
-0.0787777751684	-0.779894411564	-0.620933771133	
0.729140877724	0.671667516232	0.131210967898	
-0.578073263168	0.707093894482	-0.407246261835	
-0.366312563419	0.221090361476	0.903844118118	
0.729023516178	0.671626985073	0.132067844272	
-0.577780723572	0.707261919975	-0.407369673252	
-0.367007017136	0.220675811172	0.903663694859	
0.72881102562	0.671703636646	0.132848471403	
-0.577565789223	0.707289397717	-0.407626628876	
-0.367766618729	0.220354035497	0.903433322906	
0.728825867176	0.671839594841	0.132077306509	
-0.578062176704	0.707141697407	-0.407179027796	
-0.366956353188	0.220413714647	0.903748214245	
0.728890419006	0.671689391136	0.132484406233	
-0.577790796757	0.707321882248	-0.407251179218	
-0.367255419493	0.220293194056	0.903656125069	
0.72886121273	0.671670377254	0.132741436362	
-0.577651560307	0.707350730896	-0.407398611307	
-0.36753231287	0.220258742571	0.90355193615	
0.728579044342	0.671966254711	0.132792904973	
-0.577973306179	0.707154035568	-0.407283723354	
-0.36758595705	0.219987615943	0.903596162796	
0.728746056557	0.671788334846	0.132776662707	
-0.577787339687	0.707281708717	-0.407325893641	
-0.367547273636	0.220120459795	0.9035795331	
0.728820323944	0.671755254269	0.132536157966	
-0.577788114548	0.707247078419	-0.407384932041	
-0.367398768663	0.220332607627	0.903588235378	
0.729296207428	0.671586334705	0.130762606859	
-0.578079223633	0.707058131695	-0.407299906015	
-0.365993797779	0.221451118588	0.903884887695	
0.729195654392	0.671553969383	0.131487563252	
-0.577725589275	0.707133829594	-0.407670080662	
-0.366751760244	0.221307516098	0.903612792492	
0.728991091251	0.671636581421	0.132197976112	
-0.577421724796	0.70707654953	-0.408199578524	
-0.367635846138	0.221239864826	0.903270065784	
0.728918850422	0.671811580658	0.131706222892	
-0.578173696995	0.707122683525	-0.407053619623	
-0.366595804691	0.220559999347	0.903858840466	
0.728927195072	0.671700298786	0.132226243615	
-0.577841699123	0.707250833511	-0.407302469015	
-0.367102324963	0.220488026738	0.903670787811	
0.72883272171	0.671717703342	0.13265798986	
-0.577614068985	0.70723515749	-0.40765234828	
-0.367647707462	0.220485270023	0.903449714184	
0.72857105732	0.67203772068	0.132474660873	
-0.578231036663	0.707103610039	-0.407005310059	
-0.367196202278	0.219931319356	0.90376830101	
0.72860878706	0.671929359436	0.132816314697	
-0.577984750271	0.707219362259	-0.407153964043	
-0.367508977652	0.219890132546	0.903651177883	
0.728544771671	0.671963274479	0.13299562037	
-0.577897489071	0.707180500031	-0.407345294952	
-0.367772996426	0.219911456108	0.903538584709	
0.729547023773	0.671404242516	0.130297735333	
-0.578013062477	0.707112014294	-0.407300323248	
-0.365598261356	0.221830934286	0.903951883316	
0.729457378387	0.67137825489	0.130931973457	
-0.577580034733	0.707100212574	-0.407934606075	
-0.366460442543	0.221947222948	0.903574109077	
0.729254901409	0.671464920044	0.131613701582	
-0.577168822289	0.706962883472	-0.408753782511	
-0.367509812117	0.222122356296	0.9031047225	
0.729077041149	0.671726644039	0.131263017654	
-0.578245043755	0.70713365078	-0.406933307648	
-0.366168439388	0.220783546567	0.903977513313	
0.729023337364	0.671652793884	0.131937354803	
-0.577834010124	0.707214593887	-0.407376229763	
-0.366923421621	0.220748886466	0.903679788113	
0.728857517242	0.671705186367	0.132585257292	
-0.577499687672	0.707159340382	-0.407945811749	
-0.367778211832	0.220766425133	0.903327941895	
0.728597998619	0.672096252441	0.132028773427	
-0.578480482101	0.707023382187	-0.4067902565	
-0.366749614477	0.220010504127	0.903930366039	
0.728500425816	0.672056019306	0.132769972086	
-0.578155696392	0.707132101059	-0.407062888145	
-0.367454975843	0.219783782959	0.903699040413	
0.728291749954	0.672155320644	0.133410528302	
-0.577962100506	0.707094013691	-0.407403886318	
-0.368172466755	0.219602644444	0.903451025486	
0.00800412427634	-0.995818316936	-0.0910042747855	
-0.942196249962	-0.0379956774414	0.332900136709	
-0.334965854883	0.083079315722	-0.938560426235	
0.00804610736668	-0.995826423168	-0.0909122228622	
-0.942115008831	-0.0380243510008	0.333126723766	
-0.335193276405	0.0829693973064	-0.938488960266	
0.00810589082539	-0.995827674866	-0.0908929929137	
-0.942027211189	-0.0380956307054	0.33336687088	
-0.335438579321	0.0829214379191	-0.938405573368	
0.00718956859782	-0.995834887028	-0.0908912196755	
-0.942050874233	-0.0372309312224	0.333397656679	
-0.335392981768	0.0832271650434	-0.938394784927	
0.00741643644869	-0.995818972588	-0.0910472795367	
-0.941880464554	-0.0375379659235	0.333844333887	
-0.335866242647	0.0832797214389	-0.938220858574	
0.00764486799017	-0.995796382427	-0.0912749767303	
-0.941770851612	-0.0378554351628	0.334117740393	
-0.336168497801	0.0834058225155	-0.938101410866	
0.00646785879508	-0.995846390724	-0.0908189341426	
-0.941928982735	-0.0365609303117	0.333815932274	
-0.335749834776	0.0833859145641	-0.938253104687	
0.00668258499354	-0.995808005333	-0.0912236198783	
-0.941664457321	-0.0369635745883	0.334517210722	
-0.336486846209	0.083666600287	-0.93796402216	
0.00688268989325	-0.995763063431	-0.0916984453797	
-0.941528141499	-0.0373444706202	0.334858447313	
-0.336864113808	0.0840319395065	-0.937795937061	
0.00763691123575	-0.995868265629	-0.090488165617	
-0.942206859589	-0.0374765358865	0.332929074764	
-0.334944665432	0.0827160179615	-0.938600063324	
0.00747494306415	-0.99584966898	-0.0907060727477	
-0.942137479782	-0.0374148339033	0.333132326603	
-0.335143476725	0.0829674378037	-0.938506901264	
0.00732383923605	-0.995827376842	-0.0909628346562	
-0.942036449909	-0.0373842529953	0.333421230316	
-0.335430562496	0.0832483768463	-0.938379466534	
0.00702337315306	-0.995845556259	-0.0907871797681	
-0.942139923573	-0.0370183289051	0.333169728518	
-0.33514636755	0.0831942483783	-0.93848580122	
0.0069538988173	-0.995839178562	-0.0908624231815	
-0.941995024681	-0.037014387548	0.333579480648	
-0.335554718971	0.0832722708583	-0.938332974911	
0.00687893060967	-0.9958294034	-0.0909753441811	
-0.941886007786	-0.0370090864599	0.333887904882	
-0.335862278938	0.0833916142583	-0.93821233511	
0.00650815758854	-0.995814621449	-0.0911637842655	
-0.9420966506	-0.0366724431515	0.333330214024	
-0.335278302431	0.083715736866	-0.938392341137	
0.00633441843092	-0.995821893215	-0.0910968855023	
-0.941871225834	-0.0365434959531	0.333980768919	
-0.335914343596	0.0836859568954	-0.938167452812	
0.00613893708214	-0.995825946331	-0.0910661667585	
-0.941748976707	-0.0363805368543	0.334343105555	
-0.336260586977	0.0837089568377	-0.938041388988	
0.00728375231847	-0.995906412601	-0.0900960937142	
-0.942229032516	-0.0370091274381	0.332918614149	
-0.334890156984	0.0824662595987	-0.938641488552	
0.00691313436255	-0.995862960815	-0.0906047672033	
-0.94215464592	-0.0368503667414	0.333146631718	
-0.335107207298	0.0830606147647	-0.938511669636	
0.00654640933499	-0.995818555355	-0.0911182239652	
-0.942023575306	-0.0367112569511	0.333532392979	
-0.335482805967	0.0836520791054	-0.938324928284	
0.00682122260332	-0.995847344398	-0.0907829925418	
-0.942242443562	-0.0368020571768	0.332903623581	
-0.334862172604	0.083268776536	-0.93858063221	
0.00645051524043	-0.995852053165	-0.0907583087683	
-0.942106127739	-0.0364803485572	0.333324432373	
-0.335252702236	0.0833538472652	-0.938433647156	
0.00606720615178	-0.995856404305	-0.0907372385263	
-0.941980600357	-0.0361453965306	0.333715617657	
-0.335612565279	0.0834479928017	-0.938296675682	
0.00646281382069	-0.995776355267	-0.0915842354298	
-0.942279458046	-0.0367247909307	0.332807302475	
-0.334765046835	0.0841470733285	-0.938536942005	
0.00589548703283	-0.995831012726	-0.0910266786814	
-0.942076146603	-0.0360576398671	0.333455204964	
-0.335347235203	0.0837881788611	-0.938361227512	
0.00529912626371	-0.995884954929	-0.0904713794589	
-0.941950678825	-0.035344067961	0.33388581872	
-0.335709482431	0.0834502726793	-0.938261806965	
-0.147057980299	-0.542326688766	-0.827197492123	
0.981941759586	0.0205799955875	-0.188060835004	
0.119014136493	-0.839915573597	0.529506802559	
-0.147308081388	-0.542303740978	-0.827168047428	
0.981915473938	0.0203689802438	-0.188220828772	
0.118921436369	-0.839935541153	0.529495954514	
-0.147699460387	-0.542385220528	-0.827044844627	
0.981907784939	0.0197744369507	-0.188324272633	
0.118498645723	-0.839897155762	0.529651582241	
-0.147733420134	-0.541699528694	-0.827488064766	
0.981814265251	0.0205372590572	-0.188729971647	
0.119229279459	-0.840321242809	0.528814256191	
-0.147851005197	-0.541589796543	-0.827538847923	
0.981835246086	0.020225038752	-0.188654586673	
0.11891040951	-0.840399563313	0.528761684895	
-0.148131087422	-0.541606366634	-0.827477931976	
0.981848955154	0.0196718778461	-0.188641607761	
0.11844753474	-0.840402066708	0.528861582279	
-0.148549556732	-0.541137933731	-0.827709376812	
0.981685578823	0.0202580783516	-0.189428046346	
0.119274504483	-0.840689778328	0.528217971325	
-0.148564040661	-0.540953695774	-0.82782715559	
0.981735408306	0.0199251677841	-0.189205169678	
0.118845827878	-0.840816318989	0.528113245964	
-0.148762300611	-0.540917515755	-0.827815175056	
0.981752097607	0.0194940697402	-0.189163461328	
0.118459314108	-0.84084969759	0.528146922588	
-0.147570610046	-0.54212641716	-0.827237486839	
0.981932580471	0.0198655631393	-0.188185423613	
0.11845382303	-0.840062081814	0.529399991035	
-0.147777453065	-0.542311191559	-0.827079415321	
0.981888711452	0.0198007021099	-0.188421025872	
0.118559584022	-0.83994436264	0.529563128948	
-0.148058995605	-0.542480885983	-0.826917767525	
0.981878399849	0.019380133599	-0.188518479466	
0.118293449283	-0.839844584465	0.529780864716	
-0.148033440113	-0.541894614697	-0.827306628227	
0.98186904192	0.0196214430034	-0.188542187214	
0.118402950466	-0.840217351913	0.529164969921	
-0.148051202297	-0.541838169098	-0.827340424061	
0.981872677803	0.0195800755173	-0.188527777791	
0.118350937963	-0.840254724026	0.529117226601	
-0.148164838552	-0.541788518429	-0.827352643013	
0.981884181499	0.0193256121129	-0.188494116068	
0.118113033473	-0.84029263258	0.529110133648	
-0.148611754179	-0.541661739349	-0.827355444431	
0.98180347681	0.0192034486681	-0.188926428556	
0.118222303689	-0.840377151966	0.528951525688	
-0.148469671607	-0.54137635231	-0.827567756176	
0.981836259365	0.0192660968751	-0.18874964118	
0.118128590286	-0.840559601784	0.528682470322	
-0.148444756866	-0.541119396687	-0.827740252018	
0.981851220131	0.019258344546	-0.188672378659	
0.118035197258	-0.840725243092	0.528439998627	
-0.148210957646	-0.541919946671	-0.82725828886	
0.981913745403	0.0190100837499	-0.188372015953	
0.117808796465	-0.840215086937	0.52930110693	
-0.1483309865	-0.542306780815	-0.826983273029	
0.981862366199	0.019092861563	-0.188631162047	
0.118085429072	-0.839963614941	0.529638528824	
-0.148459121585	-0.542558789253	-0.826794922352	
0.981859564781	0.0188475642353	-0.188670620322	
0.117947973311	-0.839806377888	0.529918432236	
-0.148432835937	-0.542061924934	-0.827125489712	
0.981912851334	0.0186234600842	-0.188415393233	
0.117536745965	-0.840132176876	0.5294932127	
-0.148306846619	-0.542052984238	-0.827153921127	
0.981909453869	0.0188544355333	-0.188409924507	
0.117723673582	-0.840132772923	0.529450714588	
-0.148210078478	-0.541931211948	-0.827251076698	
0.981929004192	0.0189001206309	-0.188303589821	
0.117682740092	-0.840210258961	0.529336810112	
-0.148744985461	-0.542136132717	-0.827020764351	
0.981908917427	0.0181255936623	-0.188484460115	
0.117174483836	-0.840095162392	0.529632210732	
-0.148402124643	-0.54174387455	-0.827339351177	
0.98193526268	0.0185852702707	-0.188302099705	
0.117387831211	-0.840338110924	0.529199302197	
-0.148109793663	-0.541260361671	-0.82770806551	
0.981958866119	0.0190023761243	-0.188137531281	
0.117559812963	-0.840640306473	0.528680980206	
0.281691610813	-0.938394725323	-0.200162827969	
0.954523205757	0.252833455801	0.15798933804	
-0.0976485088468	-0.235564336181	0.966940641403	
0.281498342752	-0.938584029675	-0.19954636693	
0.954554378986	0.252690434456	0.158029839396	
-0.0979008153081	-0.234962999821	0.967061460018	
0.28135690093	-0.938693940639	-0.199228420854	
0.954594910145	0.25260591507	0.157920286059	
-0.0979125350714	-0.234614387155	0.967144906521	
0.282262891531	-0.938345968723	-0.199585899711	
0.954329431057	0.253416150808	0.158226385713	
-0.0978927910328	-0.235132128	0.967021167278	
0.282056152821	-0.938508987427	-0.199111148715	
0.954383075237	0.25328078866	0.158119380474	
-0.097965426743	-0.234626859426	0.967136502266	
0.281675696373	-0.938664138317	-0.198918253183	
0.954500496387	0.252961814404	0.157921299338	
-0.0979163348675	-0.234350159764	0.967208564281	
0.282378226519	-0.938374042511	-0.199290588498	
0.954285085201	0.253551572561	0.158276960254	
-0.097992554307	-0.234873995185	0.967073738575	
0.282201141119	-0.938512206078	-0.198890373111	
0.954324483871	0.25341886282	0.158251807094	
-0.0981186851859	-0.234464794397	0.967160284519	
0.281624644995	-0.938713908195	-0.19875536859	
0.954482138157	0.252860546112	0.158194318414	
-0.0982418209314	-0.234259858727	0.967197418213	
0.281782209873	-0.93827855587	-0.200579360127	
0.954530417919	0.252931922674	0.157788366079	
-0.0973165109754	-0.235921055079	0.966887116432	
0.281762182713	-0.938375711441	-0.200152680278	
0.954497873783	0.252891600132	0.158049672842	
-0.0976930484176	-0.235577717423	0.966932892799	
0.281795114279	-0.938444197178	-0.199784755707	
0.954473137856	0.2529489398	0.158107146621	
-0.0978393927217	-0.235243007541	0.966999590397	
0.282393187284	-0.938253521919	-0.199836090207	
0.954320192337	0.25356900692	0.15803706646	
-0.0976065918803	-0.235336199403	0.967000424862	
0.282357573509	-0.938333928585	-0.199508473277	
0.954317986965	0.253559529781	0.158065482974	
-0.0977309346199	-0.235025525093	0.967063426971	
0.282149791718	-0.938457071781	-0.199222967029	
0.954378128052	0.253405898809	0.157948836684	
-0.0977439284325	-0.23469927907	0.967141330242	
0.282590001822	-0.938340306282	-0.199149176478	
0.954248070717	0.253839403391	0.158038467169	
-0.0977419540286	-0.234697803855	0.967141926289	
0.282582014799	-0.938405394554	-0.198853433132	
0.954239666462	0.253855645657	0.158063322306	
-0.097847416997	-0.234419673681	0.96719866991	
0.282176464796	-0.938584685326	-0.198583126068	
0.954348087311	0.253486007452	0.158001869917	
-0.0979600846767	-0.234101831913	0.96726423502	
0.281848281622	-0.938201487064	-0.200846925378	
0.954541504383	0.253024339676	0.157572969794	
-0.0970160365105	-0.236128404737	0.966866731644	
0.281999915838	-0.93820554018	-0.20061506331	
0.954446554184	0.25308650732	0.158047407866	
-0.0975079834461	-0.236045718193	0.966837406158	
0.282205760479	-0.938231766224	-0.200202509761	
0.954357922077	0.253285467625	0.158263921738	
-0.0977798551321	-0.235727831721	0.966887533665	
0.2824909091	-0.938179194927	-0.200046613812	
0.954317033291	0.253689199686	0.157863005996	
-0.0973541215062	-0.235502764583	0.966985344887	
0.282624542713	-0.9381762743	-0.199871495366	
0.954260468483	0.253805100918	0.158018901944	
-0.0975211858749	-0.235389485955	0.966996073723	
0.282587468624	-0.93826675415	-0.199498876929	
0.954264640808	0.253816187382	0.15797559917	
-0.0975872129202	-0.235016658902	0.967080116272	
0.282760977745	-0.938304007053	-0.199077531695	
0.954219400883	0.254067629576	0.157844722271	
-0.0975271761417	-0.234595969319	0.967188298702	
0.282919943333	-0.938295423985	-0.198891818523	
0.954164505005	0.254232168198	0.157911539078	
-0.0976029783487	-0.234451845288	0.96721559763	
0.282683044672	-0.938451528549	-0.198491826653	
0.954225182533	0.254050165415	0.157837793231	
-0.0976962298155	-0.234023973346	0.967309772968	
-0.460852593184	0.878738343716	-0.124233067036	
-0.6101359725	-0.415369570255	-0.674686789513	
-0.644475758076	-0.235132098198	0.727573990822	
-0.461097329855	0.878723859787	-0.123424448073	
-0.610632717609	-0.415142595768	-0.674376964569	
-0.643829882145	-0.235586419702	0.727998673916	
-0.46128615737	0.87873095274	-0.122666396201	
-0.610903918743	-0.414824157953	-0.6743273139	
-0.64343726635	-0.236120477319	0.728172779083	
-0.460321545601	0.879016518593	-0.124233752489	
-0.610293924809	-0.414967507124	-0.674791276455	
-0.644705653191	-0.234801843762	0.72747695446	
-0.460362434387	0.879083812237	-0.123604632914	
-0.610784888268	-0.414699077606	-0.674512028694	
-0.644211351871	-0.235024169087	0.727842986584	
-0.460498899221	0.879102647305	-0.122960403562	
-0.611083447933	-0.414432168007	-0.674405634403	
-0.643830537796	-0.235423982143	0.728050649166	
-0.459809452295	0.879272222519	-0.124320633709	
-0.610236048698	-0.414569765329	-0.675088047981	
-0.645125746727	-0.2345469594	0.72718667984	
-0.459792286158	0.879347741604	-0.123849280179	
-0.610686898232	-0.414357125759	-0.674810826778	
-0.644711196423	-0.234639689326	0.727524340153	
-0.460022419691	0.879304945469	-0.123297020793	
-0.610978662968	-0.414239019156	-0.674619197845	
-0.644270420074	-0.235008105636	0.72779583931	
-0.460927993059	0.878740251064	-0.12393912673	
-0.610001385212	-0.415160059929	-0.674937367439	
-0.644549250603	-0.235494494438	0.727391660213	
-0.460791349411	0.87883669138	-0.123763561249	
-0.610546171665	-0.415105760098	-0.674477994442	
-0.64413100481	-0.235230267048	0.727847516537	
-0.460594534874	0.878973960876	-0.123520955443	
-0.610842108727	-0.414857000113	-0.674363136292	
-0.643991172314	-0.235156178474	0.727995157242	
-0.460561364889	0.87891972065	-0.124029606581	
-0.610164582729	-0.414971381426	-0.674905896187	
-0.644656836987	-0.235157102346	0.727405488491	
-0.460269510746	0.879110217094	-0.123762510717	
-0.610688686371	-0.414704591036	-0.674595713615	
-0.644368886948	-0.234915480018	0.727738559246	
-0.460069090128	0.879271388054	-0.123362444341	
-0.610997259617	-0.414336442947	-0.674542546272	
-0.644219517708	-0.234962061048	0.727855801582	
-0.460184067488	0.879098236561	-0.124164894223	
-0.61012583971	-0.414734363556	-0.675086557865	
-0.644962847233	-0.234907850623	0.727214694023	
-0.459882855415	0.879309475422	-0.123784482479	
-0.610595107079	-0.41435238719	-0.674896776676	
-0.644733548164	-0.234791278839	0.727455615997	
-0.459824800491	0.879421234131	-0.12320497632	
-0.610882163048	-0.413961976767	-0.674876630306	
-0.644502997398	-0.235061302781	0.727572739124	
-0.460932135582	0.878780424595	-0.123638778925	
-0.609877824783	-0.414887756109	-0.675216376781	
-0.644663155079	-0.235824376345	0.727183818817	
-0.460402101278	0.878990113735	-0.124122135341	
-0.610407888889	-0.414993137121	-0.674672424793	
-0.644540190697	-0.234855487943	0.727606236935	
-0.459807515144	0.879259109497	-0.124420449138	
-0.610665857792	-0.414800882339	-0.674557209015	
-0.644720315933	-0.234187170863	0.727662086487	
-0.460811674595	0.878815412521	-0.123838819563	
-0.6100076437	-0.414984464645	-0.67503964901	
-0.644626438618	-0.2355235219	0.727313816547	
-0.46017563343	0.879131615162	-0.123959496617	
-0.610502123833	-0.41470643878	-0.674763441086	
-0.644612729549	-0.234832182527	0.727549493313	
-0.459626734257	0.879437088966	-0.123829089105	
-0.610757887363	-0.414224088192	-0.674828290939	
-0.644762039185	-0.234539538622	0.727511584759	
-0.460650771856	0.87887108326	-0.124042138457	
-0.60994964838	-0.414980083704	-0.675094783306	
-0.644796311855	-0.235323473811	0.727228045464	
-0.460054457188	0.879220545292	-0.123778432608	
-0.610374391079	-0.414415925741	-0.675057411194	
-0.644820153713	-0.235011994839	0.727307617664	
-0.459696918726	0.879489183426	-0.123197108507	
-0.610593914986	-0.413740038872	-0.675273478031	
-0.644867300987	-0.235197737813	0.727205753326	
0.205607324839	-0.15784367919	0.965821385384	
0.452986240387	0.890167355537	0.0490463376045	
-0.867484331131	0.427419513464	0.254525959492	
0.205593660474	-0.15830540657	0.965748727322	
0.453251421452	0.890012800694	0.0494002401829	
-0.867349088192	0.427570611238	0.254733145237	
0.205722600222	-0.158545196056	0.965681970119	
0.45353859663	0.889862120152	0.04947822541	
-0.867168366909	0.427795261145	0.254971116781	
0.205244913697	-0.157702147961	0.965921640396	
0.453535705805	0.889894485474	0.0489194728434	
-0.867283046246	0.428039461374	0.254169881344	
0.205080062151	-0.158069431782	0.965896606445	
0.453674316406	0.889803290367	0.0492921769619	
-0.867249548435	0.428093641996	0.254192948341	
0.204987898469	-0.158211827278	0.965892851353	
0.453817993402	0.889722764492	0.0494231432676	
-0.867196142673	0.42820841074	0.25418177247	
0.204781532288	-0.15718048811	0.966104984283	
0.453743100166	0.889806866646	0.048589002341	
-0.867284119129	0.428413331509	0.253535598516	
0.204467147589	-0.157484948635	0.966121971607	
0.453893452883	0.889709413052	0.0489684939384	
-0.867279589176	0.428503990173	0.253397732973	
0.204155221581	-0.157561287284	0.966175496578	
0.454032093287	0.8896291852	0.0491402409971	
-0.86728054285	0.428642421961	0.253160327673	
0.204827368259	-0.157235071063	0.966086387634	
0.453680098057	0.88983643055	0.0486368462443	
-0.867306232452	0.428332000971	0.253597259521	
0.204636752605	-0.157955691218	0.966009199619	
0.45359647274	0.88983631134	0.0494117513299	
-0.867394983768	0.428066909313	0.253741383553	
0.204612642527	-0.158468797803	0.96593028307	
0.453535884619	0.889839231968	0.0499131046236	
-0.867432355881	0.427871197462	0.253943651915	
0.204692170024	-0.1572663486	0.966109931469	
0.453981488943	0.889682531357	0.0486390590668	
-0.867180466652	0.42863997817	0.253507047892	
0.204504996538	-0.15768148005	0.966081917286	
0.453821361065	0.889735996723	0.0491533428431	
-0.867308437824	0.428376495838	0.253514677286	
0.204414233565	-0.157886222005	0.966067671776	
0.453667581081	0.889799177647	0.0494281239808	
-0.867410242558	0.42816978693	0.253515481949	
0.204431593418	-0.156975522637	0.966212391853	
0.454079210758	0.889642357826	0.0484613366425	
-0.867190778255	0.428829938173	0.253150314093	
0.204249605536	-0.157116502523	0.966227948666	
0.453980863094	0.889679372311	0.0487026870251	
-0.867285132408	0.428701519966	0.25304454565	
0.204093754292	-0.157043963671	0.966272711754	
0.453872293234	0.889732837677	0.0487384796143	
-0.867378592491	0.428617209196	0.2528668046	
0.203812465072	-0.15673558414	0.966382145882	
0.454383134842	0.889488697052	0.0484338216484	
-0.867177307606	0.429236322641	0.252506881952	
0.203459650278	-0.157693564892	0.966300606728	
0.45395091176	0.889644980431	0.0496021509171	
-0.867486476898	0.428561002016	0.252591997385	
0.203297004104	-0.158458471298	0.966209709644	
0.453542530537	0.889802753925	0.0504993349314	
-0.867738127708	0.427950829268	0.252761900425	
0.203902259469	-0.156955197453	0.966327548027	
0.454449981451	0.889446794987	0.0485755763948	
-0.86712116003	0.429242879152	0.252688497305	
0.203707545996	-0.157396629453	0.96629679203	
0.453991681337	0.889646291733	0.049204133451	
-0.867406964302	0.428667455912	0.252684414387	
0.203632831573	-0.157642155886	0.96627253294	
0.453540921211	0.889854431152	0.0495954714715	
-0.867660224438	0.428144872189	0.252700746059	
0.203842222691	-0.15691074729	0.966347455978	
0.454451411963	0.889446854591	0.0485616065562	
-0.867134511471	0.429259032011	0.252615123987	
0.203807264566	-0.15686661005	0.966361999512	
0.45410528779	0.889619469643	0.0486377030611	
-0.867324054241	0.428917378187	0.252544850111	
0.203822031617	-0.156623497605	0.96639829874	
0.453750312328	0.889807522297	0.0485104843974	
-0.867506325245	0.428616017103	0.252430349588	
0.174585074186	-0.124309048057	0.976763665676	
-0.600240290165	-0.799800813198	0.00549827376381	
0.780532896519	-0.587252855301	-0.214248582721	
0.174562379718	-0.124397203326	0.976756513119	
-0.59949362278	-0.800362586975	0.00520720612258	
0.781111598015	-0.586468338966	-0.214288532734	
0.174678623676	-0.124752432108	0.976690411568	
-0.598541498184	-0.801077842712	0.00472615798935	
0.781815469265	-0.585415303707	-0.21460069716	
0.174221128225	-0.124150417745	0.976848840714	
-0.599517822266	-0.800344467163	0.005206101574	
0.781169235706	-0.586545348167	-0.213867306709	
0.174471631646	-0.124182730913	0.976800024509	
-0.59909504652	-0.800660908222	0.00521788466722	
0.781437635422	-0.586106419563	-0.214089885354	
0.174938753247	-0.124493651092	0.976676881313	
-0.598518610001	-0.801092684269	0.00509190978482	
0.781774818897	-0.58545011282	-0.214653924108	
0.173828050494	-0.124064482749	0.976929783821	
-0.598995983601	-0.800737082958	0.00489213783294	
0.781656980515	-0.586027383804	-0.213504701853	
0.1743247509	-0.124027006328	0.976846039295	
-0.598835110664	-0.800855576992	0.0051840916276	
0.781669616699	-0.585873425007	-0.213880673051	
0.175115302205	-0.124279998243	0.97667247057	
-0.598572254181	-0.801050662994	0.00539032556117	
0.781694233418	-0.585552990437	-0.214666798711	
0.175215005875	-0.124973751605	0.976566076279	
-0.600273787975	-0.799776673317	0.0053512910381	
0.780366003513	-0.587144613266	-0.215151354671	
0.174739405513	-0.124840825796	0.97666823864	
-0.599841356277	-0.800103008747	0.00504819164053	
0.780804991722	-0.586728155613	-0.214694216847	
0.174321189523	-0.124912381172	0.976733863354	
-0.599203944206	-0.800583481789	0.00455718114972	
0.781387746334	-0.586057186127	-0.214406654239	
0.174798280001	-0.12481636554	0.976660847664	
-0.599481284618	-0.800373136997	0.00500545091927	
0.781068325043	-0.586364865303	-0.214728921652	
0.174509391189	-0.124761156738	0.976719558239	
-0.599243223667	-0.800552606583	0.00480762310326	
0.781315565109	-0.586131513119	-0.214466229081	
0.174355626106	-0.124921649694	0.976726531982	
-0.598851919174	-0.800847291946	0.00447416352108	
0.781649827957	-0.585694670677	-0.214441791177	
0.174361199141	-0.124682761729	0.976756036282	
-0.598833501339	-0.800859928131	0.00466841319576	
0.78166270256	-0.585728287697	-0.21430310607	
0.17423209548	-0.124691158533	0.976778030396	
-0.59872764349	-0.80093973875	0.00455320253968	
0.781772613525	-0.585617303848	-0.21420545876	
0.174315616488	-0.12492672354	0.976733028889	
-0.59852039814	-0.801095724106	0.00435450999066	
0.781912624836	-0.585353732109	-0.214414700866	
0.175856903195	-0.125327423215	0.976405322552	
-0.60031414032	-0.799745619297	0.00546834850684	
0.780190527439	-0.587111592293	-0.215876609087	
0.174929156899	-0.125050142407	0.976607501507	
-0.600195586681	-0.799837052822	0.00509105669335	
0.780490279198	-0.587046086788	-0.214969366789	
0.17397749424	-0.124914094806	0.97679489851	
-0.599872529507	-0.800082802773	0.00452777463943	
0.780951201916	-0.586740195751	-0.214128941298	
0.175386875868	-0.125132843852	0.976514816284	
-0.59945255518	-0.800394058228	0.00510030472651	
0.780958414078	-0.58626884222	-0.215389817953	
0.174559399486	-0.125066846609	0.976671516895	
-0.599398851395	-0.800437092781	0.00463058473542	
0.781185030937	-0.586224138737	-0.214688748121	
0.173785731196	-0.125153288245	0.976798415184	
-0.599192142487	-0.800595104694	0.00402737176046	
0.78151601553	-0.585989832878	-0.214122876525	
0.17490530014	-0.124913156033	0.976629316807	
-0.598679900169	-0.800974190235	0.00477159302682	
0.781658828259	-0.585522949696	-0.214877620339	
0.174151226878	-0.125044360757	0.976747274399	
-0.598628640175	-0.801015734673	0.00418676994741	
0.781866431236	-0.585438013077	-0.214353010058	
0.17352874577	-0.125339388847	0.976820230484	
-0.598476111889	-0.801132917404	0.00352091551758	
0.782121539116	-0.585214555264	-0.21403221786	
0.0887200832367	-0.538082122803	0.838210225105	
0.0569202080369	0.842892408371	0.53506308794	
-0.994428873062	0.000240259425482	0.105409227312	
0.0890549197793	-0.53796350956	0.838250815868	
0.0564455240965	0.842968046665	0.534994184971	
-0.994426012039	-0.000328355614329	0.105436086655	
0.089668661356	-0.5376547575	0.838383495808	
0.0563414953649	0.843164801598	0.534695029259	
-0.994376778603	-0.000709611049388	0.105897732079	
