0.477748274803	0.694760382175	0.537647306919	
-0.232405200601	-0.490249991417	0.840025484562	
0.847198009491	-0.526272714138	-0.0727501511574	
0.477647840977	0.694820404053	0.537658929825	
-0.232508853078	-0.490189224482	0.840032219887	
0.847226142883	-0.526250064373	-0.0725859329104	
0.477546930313	0.694860100746	0.537697315216	
-0.232621014118	-0.490155518055	0.8400208354	
0.847252249718	-0.526229083538	-0.0724332109094	
0.477742254734	0.694803237915	0.537597239017	
-0.232290029526	-0.490260332823	0.840051293373	
0.847232937813	-0.526206493378	-0.0728222057223	
0.477600753307	0.694836974144	0.537679374218	
-0.232475250959	-0.490229904652	0.840017795563	
0.84726190567	-0.526190280914	-0.072601787746	
0.47744807601	0.69485771656	0.537788152695	
-0.232661232352	-0.49023014307	0.83996617794	
0.847296953201	-0.526162683964	-0.0723929703236	
0.477685630322	0.694848656654	0.537588894367	
-0.232249379158	-0.490269601345	0.840057134628	
0.847276031971	-0.526137888432	-0.0728165656328	
0.47754496336	0.694851577282	0.537710011005	
-0.232465237379	-0.490267395973	0.839998662472	
0.847296118736	-0.526136040688	-0.0725958868861	
0.477382391691	0.694849014282	0.537857711315	
-0.232674121857	-0.49029943347	0.839922130108	
0.847330391407	-0.526109576225	-0.0723869353533	
0.477744519711	0.694784462452	0.53761947155	
-0.232441827655	-0.49019318819	0.840048491955	
0.847190022469	-0.526293814182	-0.0726901292801	
0.477598279715	0.694878160954	0.537628352642	
-0.23253634572	-0.490130066872	0.840059161186	
0.847246587276	-0.526228904724	-0.0725008547306	
0.477462887764	0.694943070412	0.537664711475	
-0.232621639967	-0.490107029676	0.840048968792	
0.847299456596	-0.526164650917	-0.0723491236567	
0.477734684944	0.694890916348	0.537490606308	
-0.232287183404	-0.490132391453	0.840126693249	
0.847238004208	-0.526209831238	-0.0727389901876	
0.477561712265	0.694949924946	0.537568032742	
-0.23248450458	-0.490085572004	0.840099453926	
0.847281396389	-0.526175558567	-0.0724810138345	
0.477388858795	0.694987595081	0.537672877312	
-0.232664868236	-0.490082412958	0.840051352978	
0.847329318523	-0.526128768921	-0.0722606852651	
0.47767457366	0.694964170456	0.537449300289	
-0.232207283378	-0.490125864744	0.840152621269	
0.847293794155	-0.526119172573	-0.0727449208498	
0.477516770363	0.694984078407	0.537563860416	
-0.232456490397	-0.490093231201	0.840102732182	
0.847314417362	-0.526123344898	-0.0724741816521	
0.477348357439	0.694990098476	0.537705659866	
-0.232680976391	-0.490107864141	0.840032041073	
0.847347676754	-0.526101768017	-0.072241216898	
0.477611899376	0.694863915443	0.53763461113	
-0.232498183846	-0.490162730217	0.840050637722	
0.84724932909	-0.526217281818	-0.0725529566407	
0.477452218533	0.694994688034	0.537607431412	
-0.232532918453	-0.490091770887	0.840082406998	
0.847329795361	-0.526110649109	-0.0723862573504	
0.477314800024	0.695088386536	0.537608325481	
-0.232540741563	-0.490073859692	0.840090692043	
0.847405076027	-0.526003539562	-0.072283141315	
0.477640211582	0.695010244846	0.537420272827	
-0.232333675027	-0.490008741617	0.84018599987	
0.847278535366	-0.526167452335	-0.0725735798478	
0.477468132973	0.695098042488	0.537459671497	
-0.232492446899	-0.489939957857	0.840182185173	
0.847331941128	-0.52611553669	-0.0723256766796	
0.47730755806	0.695156157017	0.537527143955	
-0.232616573572	-0.489927917719	0.840154826641	
0.847388327122	-0.526049971581	-0.0721414610744	
0.477618545294	0.69508767128	0.537339389324	
-0.232244089246	-0.489964336157	0.840236663818	
0.847315311432	-0.526106476784	-0.0725860223174	
0.477475970984	0.695128023624	0.537413954735	
-0.232475981116	-0.489895701408	0.840212523937	
0.847332060337	-0.526117146015	-0.072312861681	
0.477334171534	0.695146143436	0.537516474724	
-0.232665449381	-0.48988738656	0.840164959431	
0.847359955311	-0.526100933552	-0.0721035152674	
-0.0323663204908	-0.00905003398657	0.999435126781	
0.0377315469086	0.999235153198	0.0102701447904	
-0.998763620853	0.0380426421762	-0.0320000946522	
-0.0322866104543	-0.00911137741059	0.999437093735	
0.0374588929117	0.999244868755	0.0103197265416	
-0.998776435852	0.0377709977329	-0.031920928508	
-0.0321032069623	-0.0091544399038	0.999442636967	
0.0372141487896	0.999253749847	0.0103480694816	
-0.998791515827	0.0375256128609	-0.0317385755479	
-0.0324927121401	-0.00910249259323	0.999430537224	
0.0377410762012	0.999234199524	0.010327713564	
-0.998759150505	0.0380551591516	-0.0321242883801	
-0.0324546918273	-0.00913441739976	0.999431490898	
0.0375624336302	0.999240636826	0.010352444835	
-0.998767137527	0.0378770641983	-0.0320869386196	
-0.0323237106204	-0.00914840959013	0.999435603619	
0.0374018810689	0.999246656895	0.0103563303128	
-0.998777389526	0.037715524435	-0.0319571942091	
-0.032559055835	-0.00915191601962	0.999427914619	
0.0377819128335	0.999232113361	0.0103809703141	
-0.998755455017	0.0380982942879	-0.0321882776916	
-0.0325641930103	-0.00915513001382	0.999427735806	
0.0376739688218	0.999236166477	0.010380900465	
-0.998759329319	0.0379904545844	-0.0321944095194	
-0.032487090677	-0.0091407392174	0.99943035841	
0.0375742949545	0.999240100384	0.0103603750467	
-0.998765647411	0.0378894694149	-0.0321189500391	
-0.032415304333	-0.00906432140619	0.999433398247	
0.0376044437289	0.999239802361	0.0102822165936	
-0.998766839504	0.0379164367914	-0.0320498049259	
-0.0323557369411	-0.00912416912615	0.999434769154	
0.0374978743494	0.99924325943	0.0103363785893	
-0.998772740364	0.0378111228347	-0.0319891162217	
-0.0321915820241	-0.00917547009885	0.99943959713	
0.0374192334712	0.999245762825	0.0103789502755	
-0.99878102541	0.0377323776484	-0.0318239629269	
-0.0325227119029	-0.00905598234385	0.999429941177	
0.037645008415	0.999238312244	0.0102792615071	
-0.998761773109	0.0379578582942	-0.0321570262313	
-0.0324703678489	-0.00909919571131	0.99943125248	
0.0376220084727	0.999238729477	0.0103197386488	
-0.998764395714	0.0379357002676	-0.0321033224463	
-0.0323241613805	-0.00913419574499	0.999435722828	
0.0376171097159	0.999238610268	0.0103490222245	
-0.998769283295	0.03793040663	-0.0319559499621	
-0.0325702726841	-0.00904222298414	0.999428570271	
0.0377387367189	0.999234855175	0.0102703338489	
-0.998756706715	0.0380516797304	-0.0322041101754	
-0.0325266160071	-0.00906953122467	0.999429702759	
0.037776004523	0.999233186245	0.0102971745655	
-0.998756706715	0.0380893908441	-0.0321590602398	
-0.0323997959495	-0.0090889474377	0.999433636665	
0.0378215536475	0.999231278896	0.0103132119402	
-0.998759150505	0.0381342768669	-0.0320311337709	
-0.0324179455638	-0.00903970282525	0.999433517456	
0.0374760366976	0.99924492836	0.0102535821497	
-0.998771548271	0.037787206471	-0.0320546962321	
-0.0323820710182	-0.00910972617567	0.999434053898	
0.0375354997814	0.999241948128	0.0103241410106	
-0.998770475388	0.0378485731781	-0.0320155844092	
-0.0322407223284	-0.00918092951179	0.999437987804	
0.0376228801906	0.999237954617	0.0103927636519	
-0.99877178669	0.0379368029535	-0.0318707413971	
-0.0325063355267	-0.00898322742432	0.99943113327	
0.0375440753996	0.999242901802	0.0102026499808	
-0.998766124249	0.0378543697298	-0.0321444571018	
-0.0324432104826	-0.00904940441251	0.999432623386	
0.0376766696572	0.999237179756	0.0102706803009	
-0.998763203621	0.0379885062575	-0.0320775136352	
-0.0322853215039	-0.00911708548665	0.999437093735	
0.0378273501992	0.999230802059	0.0103371599689	
-0.998762607574	0.0381397977471	-0.0319156125188	
-0.0325350761414	-0.00891895033419	0.999430775642	
0.0376871265471	0.999238073826	0.0101440828294	
-0.998759806156	0.0379957146943	-0.0321741588414	
-0.0324461609125	-0.00898203440011	0.999433100224	
0.0378695614636	0.999230504036	0.0102096330374	
-0.998755812645	0.0381793566048	-0.0320810489357	
-0.0322731584311	-0.00904694572091	0.999438166618	
0.0380602888763	0.999222636223	0.0102740107104	
-0.998754143715	0.0383704788983	-0.0319037437439	
-0.473594337702	0.577167510986	-0.665271401405	
0.877198517323	0.241406798363	-0.415024727583	
-0.078937754035	-0.780128479004	-0.620619356632	
-0.473490983248	0.577281534672	-0.665246069431	
0.87723916769	0.241242796183	-0.415034145117	
-0.0791057273746	-0.780094861984	-0.620640277863	
-0.473361849785	0.577408134937	-0.665228068829	
0.877300202847	0.241129368544	-0.414971023798	
-0.0792016237974	-0.780036211014	-0.620701730251	
-0.473379522562	0.57720631361	-0.665390610695	
0.877318501472	0.24129280448	-0.414837360382	
-0.0788927748799	-0.780135035515	-0.620616853237	
-0.473363816738	0.577267408371	-0.665348827839	
0.877315282822	0.241202428937	-0.414896667004	
-0.0790225863457	-0.780117750168	-0.620622038841	
-0.473301619291	0.57735824585	-0.665314257145	
0.877341091633	0.241131022573	-0.414883613586	
-0.0791085660458	-0.780072629452	-0.620667815208	
-0.473188877106	0.577282905579	-0.665459811687	
0.877421855927	0.241187527776	-0.414679944515	
-0.0788870304823	-0.780110895634	-0.620647907257	
-0.473231524229	0.57729780674	-0.665416538715	
0.877391397953	0.241158440709	-0.414761304855	
-0.0789699852467	-0.780108869076	-0.620639920235	
-0.473207056522	0.577359497547	-0.665380418301	
0.87739855051	0.241116732359	-0.414770483971	
-0.0790373235941	-0.780076086521	-0.620672523975	
-0.473410815001	0.577231585979	-0.665346443653	
0.877287507057	0.241195365787	-0.414959490299	
-0.079049244523	-0.780146479607	-0.620582580566	
-0.47340464592	0.577291786671	-0.665298581123	
0.877285182476	0.241172105074	-0.414977908134	
-0.0791118741035	-0.780109107494	-0.620621562004	
-0.473384201527	0.577340662479	-0.66527068615	
0.877296149731	0.241184473038	-0.414947658777	
-0.0791132003069	-0.780069112778	-0.62067168951	
-0.473258495331	0.577297925949	-0.66539722681	
0.877368271351	0.241095975041	-0.414846599102	
-0.0790654942393	-0.780128061771	-0.620603621006	
-0.473321884871	0.577306687832	-0.665344595909	
0.877330720425	0.241120859981	-0.41491150856	
-0.0791027396917	-0.780113935471	-0.620616674423	
-0.473350316286	0.577321171761	-0.66531175375	
0.877314984798	0.241149783134	-0.41492792964	
-0.0791068971157	-0.780094265938	-0.620640814304	
-0.473134636879	0.577377438545	-0.665416300297	
0.877430558205	0.240998670459	-0.414771288633	
-0.0791151598096	-0.780099272728	-0.620633482933	
-0.473238319159	0.57734143734	-0.66537386179	
0.877374351025	0.241059377789	-0.414854884148	
-0.0791183039546	-0.780107200146	-0.620623111725	
-0.473286360502	0.577328205109	-0.66535115242	
0.877348601818	0.241092517972	-0.414890110493	
-0.0791165679693	-0.780106782913	-0.620623886585	
-0.473230600357	0.577314257622	-0.665402889252	
0.877370119095	0.240953356028	-0.414925456047	
-0.0792113244534	-0.780160069466	-0.620544791222	
-0.473317027092	0.577317297459	-0.665338754654	
0.877327740192	0.241068676114	-0.41494807601	
-0.079164378345	-0.780122160912	-0.620598435402	
-0.473400682211	0.57728511095	-0.665307223797	
0.877291381359	0.241204693913	-0.414945870638	
-0.0790668651462	-0.780103981495	-0.620633721352	
-0.473144739866	0.577404856682	-0.665385425091	
0.877409934998	0.24087446928	-0.414887070656	
-0.0792834460735	-0.78011739254	-0.620589256287	
-0.473282635212	0.577357828617	-0.665328085423	
0.877340972424	0.241012483835	-0.414952814579	
-0.0792238712311	-0.780109584332	-0.620606660843	
-0.47339707613	0.577292621136	-0.66530328989	
0.877286612988	0.241139605641	-0.414993882179	
-0.0791419371963	-0.780118525028	-0.620605826378	
-0.473091602325	0.577483892441	-0.665354549885	
0.877429544926	0.240791067481	-0.414893984795	
-0.0793831720948	-0.780084609985	-0.620617687702	
-0.473251730204	0.577393531799	-0.665319085121	
0.877350509167	0.240939453244	-0.414974987507	
-0.0793022364378	-0.78010571003	-0.620601534843	
-0.473367720842	0.577301979065	-0.665316045284	
0.877294719219	0.241045325994	-0.415031462908	
-0.0792271569371	-0.780140757561	-0.620567023754	
0.729196310043	0.671572387218	0.131389915943	
-0.578140676022	0.707325935364	-0.406747281551	
-0.366095721722	0.220636770129	0.904042780399	
0.729185581207	0.671548247337	0.131572529674	
-0.57806044817	0.707372128963	-0.406781047583	
-0.366243839264	0.220561996102	0.904000997543	
0.729153513908	0.671550095081	0.131740644574	
-0.578001558781	0.707390666008	-0.406832486391	
-0.366400510073	0.220497056842	0.903953373432	
0.729142010212	0.671614527702	0.131475880742	
-0.578170657158	0.707314789295	-0.406724065542	
-0.366156637669	0.220544099808	0.904040694237	
0.729161500931	0.671573996544	0.131574422121	
-0.57809984684	0.7073610425	-0.406744241714	
-0.366229474545	0.220519095659	0.904017329216	
0.729160130024	0.671561062336	0.131648078561	
-0.57805788517	0.707378327847	-0.406773895025	
-0.366298526525	0.220503091812	0.90399324894	
0.729086101055	0.671662390232	0.131541445851	
-0.578208565712	0.70729380846	-0.406706690788	
-0.366208016872	0.220465794206	0.904039025307	
0.729123473167	0.671616971493	0.131566271186	
-0.578152656555	0.707331001759	-0.406721502542	
-0.366221964359	0.220484808087	0.904028713703	
0.729140222073	0.671600759029	0.131555855274	
-0.578132867813	0.707337915897	-0.406737625599	
-0.366219729185	0.220512002707	0.904022991657	
0.729179561138	0.671614646912	0.131266742945	
-0.578197598457	0.707260608673	-0.406780004501	
-0.366039186716	0.220717549324	0.904045939445	
0.729171872139	0.671591997147	0.131425097585	
-0.578113734722	0.707294464111	-0.406840354204	
-0.366186976433	0.220677897334	0.903995752335	
0.729140281677	0.671594977379	0.131585046649	
-0.578043103218	0.707301557064	-0.406928360462	
-0.366361349821	0.22064602375	0.903932869434	
0.72913569212	0.671632945538	0.131416574121	
-0.578202962875	0.707288980484	-0.406723111868	
-0.366118133068	0.220570877194	0.904049754143	
0.72913891077	0.671608746052	0.131522148848	
-0.578140556812	0.707320153713	-0.406757593155	
-0.366210222244	0.220544502139	0.904018878937	
0.729118585587	0.671611845493	0.131618976593	
-0.578098773956	0.707323253155	-0.406811505556	
-0.366316586733	0.220525071025	0.90398055315	
0.729087173939	0.671662151814	0.131536409259	
-0.578219532967	0.707298994064	-0.406682133675	
-0.366188555956	0.220449820161	0.904050767422	
0.729088902473	0.671647906303	0.131599605083	
-0.578183889389	0.707318365574	-0.406699001789	
-0.366241335869	0.220430955291	0.904034018517	
0.729067444801	0.671662569046	0.131643667817	
-0.578176379204	0.707308411598	-0.406727045774	
-0.36629602313	0.220418184996	0.90401494503	
0.729178965092	0.671644210815	0.131118834019	
-0.578249275684	0.707201242447	-0.406809806824	
-0.365958839655	0.220817759633	0.904053986073	
0.729172825813	0.671622276306	0.131264925003	
-0.578157246113	0.707225084305	-0.406899154186	
-0.366116374731	0.220808044076	0.903992593288	
0.729140162468	0.671625673771	0.131428703666	
-0.578070342541	0.707223117352	-0.407026052475	
-0.366318553686	0.220804020762	0.903911650181	
0.729138076305	0.671648263931	0.131325259805	
-0.578237891197	0.707258224487	-0.406726926565	
-0.366058290005	0.220622837543	0.904061317444	
0.729123532772	0.671639680862	0.131449863315	
-0.578179299831	0.707276642323	-0.406778097153	
-0.366179704666	0.220589876175	0.904020190239	
0.729082763195	0.671658039093	0.131581813097	
-0.578133285046	0.707267999649	-0.406858593225	
-0.366333454847	0.220561772585	0.903964757919	
0.72908949852	0.671668350697	0.131492093205	
-0.578240931034	0.707288444042	-0.406670033932	
-0.366150230169	0.220464736223	0.904062688351	
0.729054093361	0.67168456316	0.131605654955	
-0.578221142292	0.707292377949	-0.406691282988	
-0.366251915693	0.220402762294	0.904036581516	
0.728992819786	0.671729326248	0.131716147065	
-0.578221321106	0.70726788044	-0.40673366189	
-0.366373538971	0.22034484148	0.904001414776	
0.0072318399325	-0.995793640614	-0.0913382023573	
-0.941686093807	-0.03751097247	0.334395289421	
-0.336414903402	0.08359362185	-0.937996327877	
0.00732948957011	-0.995793104172	-0.0913368687034	
-0.941667854786	-0.0376064814627	0.334435939789	
-0.336463838816	0.0835577473044	-0.937981963158	
0.00742402952164	-0.995792984962	-0.0913301631808	
-0.941658616066	-0.0376950353384	0.334451973438	
-0.336487621069	0.0835188552737	-0.937976896763	
0.00707625830546	-0.995797932148	-0.0913041308522	
-0.941638231277	-0.0373657532036	0.334546327591	
-0.336552202702	0.0836081206799	-0.937945783138	
0.00718408077955	-0.995792090893	-0.0913588777184	
-0.941610455513	-0.037491992116	0.334610342979	
-0.336627572775	0.0836206078529	-0.937917649746	
0.00728855095804	-0.995786845684	-0.0914080217481	
-0.941603004932	-0.0376081727445	0.334618359804	
-0.336646258831	0.0836311802268	-0.937909960747	
0.00696725072339	-0.995803177357	-0.0912552550435	
-0.941594302654	-0.0372581705451	0.334681898355	
-0.336677283049	0.0835936143994	-0.937902212143	
0.00704840291291	-0.995792388916	-0.0913662016392	
-0.941553771496	-0.0373815074563	0.334782123566	
-0.336788892746	0.0836665183306	-0.937855601311	
0.00712595647201	-0.995782196522	-0.0914712995291	
-0.941544830799	-0.037491671741	0.334794998169	
-0.336812317371	0.0837385952473	-0.937840759754	
0.00725524686277	-0.995802223682	-0.0912432521582	
-0.941670656204	-0.0375048406422	0.334439516068	
-0.336457669735	0.0834946557879	-0.937989830971	
0.00720956549048	-0.995801866055	-0.0912504121661	
-0.941652536392	-0.0374689586461	0.334494441748	
-0.336509227753	0.0835146233439	-0.937969505787	
0.00715973228216	-0.995802342892	-0.0912489667535	
-0.941639780998	-0.03742499277	0.334535390139	
-0.336546123028	0.0835284739733	-0.937955081463	
0.00712514715269	-0.995798945427	-0.0912890359759	
-0.941644728184	-0.0374048464	0.334523737431	
-0.336533039808	0.0835783034563	-0.937955319881	
0.0070891007781	-0.995799720287	-0.0912833213806	
-0.941625952721	-0.0373738370836	0.334580034018	
-0.336586296558	0.0835828781128	-0.937935769558	
0.00704865437001	-0.995801329613	-0.0912687778473	
-0.941623687744	-0.0373316332698	0.334591001272	
-0.336593359709	0.083582431078	-0.937933325768	
0.00705125881359	-0.995795369148	-0.0913336351514	
-0.941622376442	-0.0373561903834	0.334591954947	
-0.336596995592	0.0836424976587	-0.937926650047	
0.00698801781982	-0.995797514915	-0.0913151800632	
-0.941599667072	-0.0372964181006	0.334662526846	
-0.336661845446	0.0836437121034	-0.937903285027	
0.00692013278604	-0.995800495148	-0.0912876427174	
-0.941604793072	-0.0372223369777	0.334656357765	
-0.336648911238	0.0836410224438	-0.937908172607	
0.0072860554792	-0.995808422565	-0.0911725983024	
-0.941655337811	-0.0375137478113	0.334481596947	
-0.336499810219	0.0834161117673	-0.937981665134	
0.00709619326517	-0.995807647705	-0.0911965444684	
-0.941634356976	-0.0373492315412	0.334559082985	
-0.336562603712	0.0834997072816	-0.937951683998	
0.00690113985911	-0.995807886124	-0.0912086516619	
-0.941614866257	-0.037175513804	0.334633290768	
-0.336621195078	0.0835740715265	-0.937924087048	
0.00717228278518	-0.99579924345	-0.0912818834186	
-0.941651701927	-0.0374448411167	0.334499567747	
-0.336512476206	0.0835566148162	-0.937964618206	
0.00699150888249	-0.995805859566	-0.0912240296602	
-0.941638827324	-0.0372593402863	0.334556490183	
-0.336552262306	0.0835610330105	-0.937949955463	
0.00680528767407	-0.995813548565	-0.0911541059613	
-0.941638767719	-0.0370615012944	0.334578722715	
-0.336556345224	0.0835573300719	-0.937948822975	
0.00712436530739	-0.995788455009	-0.0914036110044	
-0.941651284695	-0.0374409593642	0.334501087666	
-0.336514562368	0.0836872234941	-0.93795222044	
0.00691586919129	-0.99580270052	-0.0912640765309	
-0.941643357277	-0.0372008495033	0.334550321102	
-0.336541205645	0.0836245045066	-0.937948286533	
0.00670167244971	-0.995818078518	-0.0911122411489	
-0.941659390926	-0.0369452834129	0.334533393383	
-0.336500585079	0.0835547670722	-0.937969088554	
-0.148654535413	-0.542462229729	-0.826823174953	
0.981771826744	0.0191757697612	-0.189093589783	
0.118431091309	-0.83986133337	0.529723525047	
-0.148719295859	-0.542482018471	-0.826798558235	
0.981760144234	0.0191488433629	-0.18915681541	
0.118446402252	-0.839849174023	0.529739439487	
-0.148837178946	-0.542516827583	-0.826754510403	
0.981742143631	0.019077481702	-0.189257606864	
0.118447825313	-0.839828312397	0.529772162437	
-0.148851811886	-0.542354285717	-0.826858460903	
0.981745362282	0.0190681144595	-0.189241886139	
0.118402779102	-0.83993345499	0.529615461826	
-0.148885980248	-0.542361497879	-0.826847612858	
0.981743276119	0.0190257653594	-0.189256951213	
0.1183770895	-0.839929759502	0.529627084732	
-0.148981601	-0.542386651039	-0.826813876629	
0.981730043888	0.0189585722983	-0.189332321286	
0.118366532028	-0.839915037155	0.529652774334	
-0.149071380496	-0.542258262634	-0.826881945133	
0.981715857983	0.0189428292215	-0.189407497644	
0.118371255696	-0.839998304844	0.529519677162	
-0.149072647095	-0.542255818844	-0.82688331604	
0.981720983982	0.0189046878368	-0.189384549856	
0.118326842785	-0.840000748634	0.529525756836	
-0.149143695831	-0.542274355888	-0.826858341694	
0.981710255146	0.0188612993807	-0.189444646239	
0.118326589465	-0.83998978138	0.529543220997	
-0.148853063583	-0.54248213768	-0.826774418354	
0.981756091118	0.0189604982734	-0.189196869731	
0.118311971426	-0.839853346348	0.529762804508	
-0.148884147406	-0.54251408577	-0.826747834682	
0.981738328934	0.0190288703889	-0.189282268286	
0.118420369923	-0.83983117342	0.529773771763	
-0.148958474398	-0.542544543743	-0.826714456081	
0.981716394424	0.0190566144884	-0.189393132925	
0.118508584797	-0.839810848236	0.529786229134	
-0.14894169569	-0.542434453964	-0.826789736748	
0.981753468513	0.0188458822668	-0.189221858978	
0.118222035468	-0.839886724949	0.529729962349	
-0.14894489944	-0.542417824268	-0.826800048351	
0.981745004654	0.0189049765468	-0.189260140061	
0.118288710713	-0.839896142483	0.529700160027	
-0.148999646306	-0.542402625084	-0.826800107956	
0.981727540493	0.0189430341125	-0.189346626401	
0.118364214897	-0.839905083179	0.529669106007	
-0.149049952626	-0.542390823364	-0.826798856258	
0.981747746468	0.0187204089016	-0.18926396966	
0.118133053184	-0.839917719364	0.529700696468	
-0.149022936821	-0.542328596115	-0.826844513416	
0.981746196747	0.0187898464501	-0.189265295863	
0.118180260062	-0.839956343174	0.529628872871	
-0.149055808783	-0.54227077961	-0.826876521111	
0.981730937958	0.0188578441739	-0.189337536693	
0.118265330791	-0.839992105961	0.529553174973	
-0.149074912071	-0.542472183704	-0.826740980148	
0.981737494469	0.0187343731523	-0.189316019416	
0.118187144399	-0.839864850044	0.529772460461	
-0.149064138532	-0.542527854443	-0.82670634985	
0.98171544075	0.0188953913748	-0.18941411376	
0.11838337779	-0.83982527256	0.529791414738	
-0.149086683989	-0.542565643787	-0.826677501202	
0.981691539288	0.0190195757896	-0.189525559545	
0.118553109467	-0.839798092842	0.529796540737	
-0.149049535394	-0.542480587959	-0.826740026474	
0.981758534908	0.018623854965	-0.189217582345	
0.11804395169	-0.839861869812	0.529809117317	
-0.149013549089	-0.542451739311	-0.826765418053	
0.981745541096	0.0187817327678	-0.189269602299	
0.118197709322	-0.839877009392	0.529750823975	
-0.149019211531	-0.542407870293	-0.826793193817	
0.981725811958	0.0189223755151	-0.189357697964	
0.118354000151	-0.839902162552	0.529676020145	
-0.149041101336	-0.542485296726	-0.826738476753	
0.981776416302	0.0185092631727	-0.189136058092	
0.117905847728	-0.839861392975	0.529840648174	
-0.148977562785	-0.542374849319	-0.826822340488	
0.981770038605	0.0186836123466	-0.189152151346	
0.118039399385	-0.839928865433	0.529703915119	
-0.148964047432	-0.542252361774	-0.82690513134	
0.981752216816	0.0188603270799	-0.189227074385	
0.118204534054	-0.840003967285	0.529547929764	
0.280737549067	-0.938748240471	-0.199845209718	
0.954937458038	0.252298027277	0.156333357096	
-0.0963371172547	-0.234728321433	0.967275440693	
0.280697673559	-0.938779771328	-0.199753284454	
0.954939186573	0.252250790596	0.156399220228	
-0.0964365005493	-0.234653130174	0.967283785343	
0.280668705702	-0.938798010349	-0.199708178639	
0.954943180084	0.252219736576	0.156424745917	
-0.0964809060097	-0.234613493085	0.967288970947	
0.280879288912	-0.938727021217	-0.199745729566	
0.954886615276	0.252427697182	0.156434729695	
-0.0964281484485	-0.234673798084	0.967279613018	
0.280827641487	-0.938757002354	-0.199677422643	
0.954896688461	0.252377271652	0.156454637647	
-0.0964788496494	-0.234608098865	0.967290461063	
0.280744791031	-0.938787221909	-0.199651941657	
0.954918920994	0.25229716301	0.156447961926	
-0.0964997187257	-0.234573364258	0.96729683876	
0.280952692032	-0.938722074032	-0.199665918946	
0.954855382442	0.252487689257	0.15652859211	
-0.0965236499906	-0.234629198909	0.967280864716	
0.280883848667	-0.938753783703	-0.199613496661	
0.954872429371	0.252422869205	0.156528994441	
-0.0965551808476	-0.234571903944	0.967291653156	
0.280741631985	-0.938799262047	-0.199599906802	
0.954911530018	0.252282649279	0.156516522169	
-0.0965820103884	-0.234540954232	0.967296481133	
0.280733674765	-0.938744187355	-0.199869766831	
0.954936563969	0.252285212278	0.156359672546	
-0.0963575467467	-0.234758362174	0.967266142368	
0.280746281147	-0.938749015331	-0.199829548597	
0.954923510551	0.252281278372	0.156445473433	
-0.0964497774839	-0.234743416309	0.967260539532	
0.280769407749	-0.93875014782	-0.199791714549	
0.954913139343	0.252301007509	0.156477019191	
-0.0964851751924	-0.234717696905	0.967263281345	
0.280861228704	-0.938726246357	-0.199774906039	
0.954891860485	0.252405434847	0.156438544393	
-0.0964286923409	-0.234700948	0.967272937298	
0.28086322546	-0.938734471798	-0.199733391404	
0.954886734486	0.252403199673	0.156473487616	
-0.0964737012982	-0.234670415521	0.967275857925	
0.280833601952	-0.938752532005	-0.199690282345	
0.954894125462	0.252378791571	0.156467884779	
-0.0964870229363	-0.234624505043	0.967285692692	
0.280941218138	-0.938723802567	-0.199673727155	
0.954861223698	0.252481460571	0.156502917409	
-0.0964991152287	-0.23462882638	0.967283427715	
0.280927181244	-0.938738763332	-0.199623182416	
0.954862594604	0.252469748259	0.156513437629	
-0.096526414156	-0.234581589699	0.967292189598	
0.2808393538	-0.93877696991	-0.199567034841	
0.954886317253	0.252390086651	0.156497120857	
-0.0965471565723	-0.234514385462	0.967306375504	
0.280739605427	-0.938745498657	-0.199855238199	
0.954928338528	0.252277582884	0.156422093511	
-0.0964215397835	-0.234761312604	0.967259049416	
0.280801385641	-0.938723027706	-0.199874043465	
0.954903244972	0.252316534519	0.156512588263	
-0.0964904502034	-0.234809324145	0.967240512371	
0.280873268843	-0.938706457615	-0.199850842357	
0.954881072044	0.252386599779	0.156534895301	
-0.0965006425977	-0.234800249338	0.967241704464	
0.28083729744	-0.938731431961	-0.19978415966	
0.954894065857	0.252369225025	0.156483620405	
-0.096476726234	-0.234719142318	0.967263758183	
0.280889600515	-0.938717365265	-0.199776783586	
0.954876363277	0.252414733171	0.15651832521	
-0.0964998677373	-0.23472648859	0.967259645462	
0.280909836292	-0.938722670078	-0.199723377824	
0.954871416092	0.252445578575	0.156498536468	
-0.0964894518256	-0.234672129154	0.967273890972	
0.280908167362	-0.938732206821	-0.199680805206	
0.954868197441	0.252442091703	0.156523689628	
-0.0965259894729	-0.234637632966	0.967278599739	
0.280945569277	-0.938729822636	-0.199639469385	
0.954856514931	0.252483040094	0.156529024243	
-0.0965328887105	-0.234603196383	0.967286288738	
0.280908793211	-0.938760221004	-0.199548110366	
0.954867482185	0.252463489771	0.156493604183	
-0.0965313538909	-0.234502434731	0.967310845852	
-0.461802870035	0.878363370895	-0.123352564871	
-0.610622882843	-0.415696442127	-0.674044668674	
-0.643333375454	-0.235953867435	0.728318572044	
-0.461868613958	0.878352940083	-0.123180873692	
-0.610696196556	-0.415648728609	-0.67400765419	
-0.64321655035	-0.236076876521	0.728381872177	
-0.461918503046	0.878347277641	-0.123034119606	
-0.610709488392	-0.41558432579	-0.674035310745	
-0.643168151379	-0.236211284995	0.728381097317	
-0.461706638336	0.878410041332	-0.123380623758	
-0.610634624958	-0.415638685226	-0.674069583416	
-0.643391251564	-0.235881924629	0.728290736675	
-0.461724281311	0.878418564796	-0.123253680766	
-0.610709369183	-0.415583997965	-0.674035608768	
-0.643307685852	-0.235946431756	0.7283436656	
-0.461755603552	0.878419280052	-0.123131304979	
-0.610742330551	-0.41552940011	-0.674039423466	
-0.643253922462	-0.236039981246	0.728360831738	
-0.461607336998	0.878456473351	-0.123421765864	
-0.610611557961	-0.415575563908	-0.674129426479	
-0.643484413624	-0.235820323229	0.728228390217	
-0.461617916822	0.878462731838	-0.123337283731	
-0.610671877861	-0.415542006493	-0.674095451832	
-0.64341956377	-0.235855951905	0.728274106979	
-0.461671769619	0.878448545933	-0.123236998916	
-0.610708713531	-0.415525346994	-0.67407232523	
-0.643345952034	-0.23593826592	0.728312492371	
-0.461877793074	0.878331065178	-0.123302169144	
-0.610560417175	-0.415699928999	-0.674099087715	
-0.643338859081	-0.236067965627	0.728276729584	
-0.461816310883	0.878364801407	-0.123292177916	
-0.610663056374	-0.415676534176	-0.674020469189	
-0.643285572529	-0.235983684659	0.728351175785	
-0.461735606194	0.878406763077	-0.123295642436	
-0.610687255859	-0.415617913008	-0.674034774303	
-0.643320560455	-0.235930770636	0.728337407112	
-0.46179369092	0.878367125988	-0.12336038053	
-0.610582590103	-0.415679693222	-0.674091398716	
-0.643378138542	-0.235969468951	0.72827398777	
-0.461716473103	0.87841463089	-0.123311206698	
-0.610678851604	-0.415610164404	-0.67404717207	
-0.643342256546	-0.235915124416	0.728323280811	
-0.461649566889	0.878457665443	-0.123255096376	
-0.61071485281	-0.415522187948	-0.674068748951	
-0.643356084824	-0.235909804702	0.728312790394	
-0.46170091629	0.878406465054	-0.123427309096	
-0.610572636127	-0.41564682126	-0.674120724201	
-0.643454194069	-0.235880821943	0.72823548317	
-0.461649000645	0.878446519375	-0.123336657882	
-0.610646605492	-0.415559262037	-0.674107730389	
-0.643421292305	-0.23588603735	0.728262901306	
-0.461636990309	0.878469407558	-0.123218692839	
-0.610678732395	-0.415470093489	-0.674133598804	
-0.6433994174	-0.235957950354	0.728258907795	
-0.461942911148	0.878301382065	-0.123269729316	
-0.610494494438	-0.415707409382	-0.674154162407	
-0.643354654312	-0.236165225506	0.72823125124	
-0.461752444506	0.878380298615	-0.123420961201	
-0.610616862774	-0.415702909231	-0.674046039581	
-0.643375217915	-0.23587949574	0.728305697441	
-0.461539328098	0.878470778465	-0.123574145138	
-0.610642313957	-0.415644705296	-0.674058914185	
-0.643503963947	-0.235645100474	0.728267788887	
-0.461883455515	0.87832069397	-0.123354703188	
-0.610521197319	-0.415730804205	-0.674115538597	
-0.643371999264	-0.236052155495	0.728252589703	
-0.461709618568	0.878408193588	-0.123382814229	
-0.610629320145	-0.415641009808	-0.674072980881	
-0.643394172192	-0.235884800553	0.728287220001	
-0.461542725563	0.878494501114	-0.123392477632	
-0.610658824444	-0.415514290333	-0.674124360085	
-0.64348590374	-0.235786482692	0.728238046169	
-0.461809694767	0.878346979618	-0.123444035649	
-0.610518395901	-0.415734261274	-0.67411595583	
-0.643427610397	-0.235948428512	0.728237092495	
-0.461693555117	0.878421664238	-0.123346738517	
-0.610596477985	-0.415587306023	-0.674135863781	
-0.643436908722	-0.235929086804	0.728235125542	
-0.461613923311	0.87848263979	-0.123210594058	
-0.61061424017	-0.415420204401	-0.674222707748	
-0.643477141857	-0.235996454954	0.728177785873	
0.20554818213	-0.156120896339	0.966113984585	
0.453643202782	0.889927625656	0.0472933463752	
-0.867155015469	0.428549975157	0.253746181726	
0.205518335104	-0.156161636114	0.966113746166	
0.453660577536	0.889916300774	0.0473393686116	
-0.867152988911	0.42855861783	0.253738492727	
0.205563992262	-0.156143844128	0.966106891632	
0.453677177429	0.889910101891	0.0472973510623	
-0.867133498192	0.428578019142	0.253772377968	
0.20547761023	-0.156081825495	0.966135323048	
0.453763753176	0.88986825943	0.0472542122006	
-0.867108643055	0.428687512875	0.253672271967	
0.205426871777	-0.156120300293	0.966139853001	
0.453760743141	0.889866650105	0.0473136417568	
-0.867122232914	0.428676843643	0.253643780947	
0.205428868532	-0.156100511551	0.966142654419	
0.453756958246	0.889869511127	0.0472956225276	
-0.867123782635	0.428678065538	0.253636568785	
0.205389484763	-0.155955731869	0.966174423695	
0.453787714243	0.889860451221	0.0471711941063	
-0.867116987705	0.428749620914	0.253538757563	
0.205321505666	-0.155999019742	0.966181874275	
0.453795343637	0.889852881432	0.0472397990525	
-0.867129087448	0.428749471903	0.253497570753	
0.205283507705	-0.155984312296	0.966192305088	
0.453802227974	0.889849305153	0.0472415462136	
-0.867134511471	0.428762316704	0.253457427025	
0.205349296331	-0.155927821994	0.966187417507	
0.453782737255	0.889863312244	0.0471652559936	
-0.867129087448	0.428753823042	0.253490149975	
0.20532129705	-0.156057775021	0.966172397137	
0.453722894192	0.8898858428	0.0473151877522	
-0.867167055607	0.42865973711	0.253519505262	
0.205377161503	-0.156128004193	0.96614921093	
0.453662663698	0.889913499355	0.0473720505834	
-0.867185354233	0.428576678038	0.253597348928	
0.205334186554	-0.155964970589	0.966184675694	
0.453859806061	0.889823019505	0.0471838153899	
-0.867092370987	0.428823947906	0.253497302532	
0.205293908715	-0.156040906906	0.966180980206	
0.453797489405	0.889849126339	0.0472903177142	
-0.867134511471	0.428742080927	0.253491580486	
0.205314725637	-0.15605738759	0.966173887253	
0.453734844923	0.889879822731	0.0473143383861	
-0.86716234684	0.428672403097	0.253514111042	
0.205298572779	-0.155927985907	0.966198205948	
0.453856915236	0.889825344086	0.0471668206155	
-0.867102324963	0.428832441568	0.253448873758	
0.20524969697	-0.155956998467	0.966203927994	
0.453823179007	0.889839470387	0.0472256578505	
-0.867131531239	0.42879268527	0.253416180611	
0.205239146948	-0.155926778913	0.966211020947	
0.453789144754	0.889857530594	0.0472125932574	
-0.867151856422	0.428766191006	0.253391474485	
0.205111086369	-0.155777022243	0.966262340546	
0.453917771578	0.889798104763	0.0470954142511	
-0.867114782333	0.428943872452	0.253217428923	
0.205093279481	-0.155985742807	0.966232478619	
0.453781098127	0.889855086803	0.0473356582224	
-0.867190539837	0.428749799728	0.25328668952	
0.205167680979	-0.156133517623	0.966192781925	
0.453644454479	0.889917194843	0.0474778078496	
-0.867244422436	0.42856708169	0.253411352634	
0.205150097609	-0.155885800719	0.966236531734	
0.453959047794	0.889773309231	0.0471657663584	
-0.867083966732	0.428955763578	0.253302842379	
0.205128610134	-0.155988767743	0.966224491596	
0.453837841749	0.889827728271	0.0473057702184	
-0.867152512074	0.428805470467	0.253322720528	
0.205176576972	-0.156031027436	0.966207504272	
0.453716725111	0.889886677265	0.0473582483828	
-0.867204546928	0.42866769433	0.253377795219	
0.205165669322	-0.155933365226	0.96622556448	
0.453936964273	0.889782309532	0.0472089275718	
-0.867091834545	0.42891985178	0.253336697817	
0.20514421165	-0.155937612057	0.966229438782	
0.453862279654	0.889818489552	0.0472444295883	
-0.867136001587	0.428843170404	0.253315329552	
0.205169424415	-0.155881434679	0.96623313427	
0.453787714243	0.889858722687	0.047202989459	
-0.867169082165	0.428780138493	0.25330889225	
0.175354927778	-0.124159649014	0.97664475441	
-0.598623275757	-0.801010787487	0.00565028795972	
0.78160148859	-0.585633099079	-0.214786037803	
0.175319388509	-0.124179601669	0.976648628712	
-0.598472416401	-0.801124036312	0.00557063985616	
0.78172492981	-0.585473895073	-0.214770644903	
0.17533442378	-0.124248974025	0.976637125015	
-0.598280787468	-0.80126786232	0.00547030335292	
0.781868219376	-0.585262358189	-0.214825600386	
0.175300419331	-0.124109879136	0.976660907269	
-0.598446190357	-0.801143348217	0.00560897123069	
0.781749248505	-0.585462272167	-0.214713856578	
0.175342082977	-0.124094180763	0.976655423641	
-0.598383784294	-0.80118983984	0.00563030736521	
0.781787693501	-0.585402011871	-0.214738249779	
0.175451025367	-0.124130256474	0.97663128376	
-0.598291218281	-0.801258862019	0.00564218871295	
0.781834125519	-0.58529984951	-0.21484772861	
0.175261512399	-0.124099366367	0.976669192314	
-0.59832495451	-0.8012342453	0.00556039996445	
0.781850814819	-0.585340082645	-0.214677274227	
0.175362542272	-0.124043755233	0.976658165455	
-0.598331749439	-0.801228404045	0.00566994352266	
0.781822919846	-0.585359871387	-0.214724779129	
0.175547540188	-0.124042309821	0.976625084877	
-0.59831905365	-0.801237106323	0.00578126264736	
0.78179115057	-0.585348248482	-0.214872077107	
0.175421699882	-0.12428470701	0.976616859436	
-0.598608911037	-0.80102199316	0.00558480387554	
0.781597495079	-0.585591256618	-0.214914575219	
0.175342276692	-0.124256581068	0.976634740829	
-0.598546087742	-0.801069200039	0.00554180098698	
0.781663417816	-0.585532605648	-0.214834585786	
0.175282508135	-0.12426481396	0.976644396782	
-0.598442673683	-0.8011469841	0.00546990148723	
0.781755983829	-0.585424482822	-0.2147924155	
0.175341114402	-0.124256417155	0.976634979248	
-0.598472058773	-0.801124632359	0.00552087742835	
0.781720340252	-0.58545678854	-0.214834079146	
0.17530632019	-0.12422593683	0.976645052433	
-0.598458647728	-0.801134705544	0.00552081037313	
0.781738400459	-0.585449516773	-0.214788049459	
0.175307869911	-0.12423415482	0.976643741131	
-0.598415195942	-0.80116724968	0.00550308730453	
0.781771302223	-0.585403203964	-0.214794531465	
0.175280794501	-0.124239958823	0.976647853851	
-0.598360955715	-0.801208019257	0.00546680018306	
0.78181886673	-0.585346221924	-0.214776709676	
0.175272792578	-0.124202854931	0.976654052734	
-0.598377645016	-0.801195323467	0.00549690425396	
0.781807899475	-0.585371434689	-0.214747965336	
0.175317823887	-0.12420681864	0.976645469666	
-0.598375022411	-0.801197171211	0.00552058871835	
0.781799852848	-0.585368096828	-0.214786395431	
0.175525203347	-0.124333530664	0.976592063904	
-0.598620593548	-0.801013052464	0.00561156962067	
0.781565308571	-0.585593104362	-0.215026587248	
0.175377458334	-0.124274261296	0.976626157761	
-0.598645925522	-0.800994336605	0.00557635817677	
0.781579077244	-0.585631251335	-0.21487262845	
0.175218433142	-0.12423825264	0.976659297943	
-0.598630845547	-0.801006138325	0.00550402980298	
0.781626224518	-0.585622787476	-0.214723899961	
0.175421625376	-0.124320290983	0.976612389088	
-0.598503947258	-0.801100790501	0.00552670750767	
0.78167784214	-0.585475862026	-0.214936584234	
0.175285935402	-0.124291948974	0.976640343666	
-0.598539590836	-0.801074504852	0.00547637604177	
0.781681001186	-0.585517823696	-0.214810743928	
0.17515565455	-0.124289222062	0.976664066315	
-0.598545372486	-0.801070690155	0.00540017709136	
0.781705796719	-0.585523664951	-0.214704811573	
0.175342977047	-0.124291457236	0.976630151272	
-0.598382949829	-0.801191568375	0.00546878809109	
0.781788110733	-0.585357785225	-0.214857205749	
0.175201505423	-0.124289803207	0.976655781269	
-0.598409593105	-0.801172196865	0.00539057748392	
0.781799435616	-0.585384607315	-0.214742794633	
0.175082162023	-0.124316111207	0.976673841476	
-0.598417103291	-0.801167190075	0.00529775256291	
0.781820416451	-0.585385859013	-0.214662984014	
0.0892614722252	-0.538213551044	0.838068366051	
0.0573189668357	0.842808425426	0.535152733326	
-0.994357526302	0.000268689240329	0.106080166996	
0.0892406478524	-0.538115680218	0.838133394718	
0.0572963729501	0.842870950699	0.535056710243	
-0.994360744953	0.000273198384093	0.106050424278	
0.0892720445991	-0.538002490997	0.83820271492	
0.057326644659	0.842943191528	0.534939646721	
