0.47876983881	0.693755030632	0.538036584854	
-0.233075812459	-0.490410119295	0.839746117592	
0.846436738968	-0.527448415756	-0.0730960592628	
0.477849930525	0.69413369894	0.538365900517	
-0.23381921649	-0.490250170231	0.839632868767	
0.846751451492	-0.52709877491	-0.0719642192125	
0.476855158806	0.694494962692	0.538781881332	
-0.234432399273	-0.490270286798	0.839450120926	
0.847142636776	-0.526604056358	-0.0709757953882	
0.478420495987	0.694153189659	0.537833750248	
-0.232483416796	-0.490496963263	0.839859604836	
0.84679710865	-0.526843488216	-0.0732846856117	
0.477447867393	0.69435608387	0.538435816765	
-0.233485892415	-0.49050077796	0.839579224586	
0.847070157528	-0.526572525501	-0.0720662027597	
0.476386100054	0.694535970688	0.53914386034	
-0.234397754073	-0.490681737661	0.839219331741	
0.847416043282	-0.526166558266	-0.0709562748671	
0.477878123522	0.694503724575	0.537863433361	
-0.232300192118	-0.490590065718	0.839855968952	
0.847153544426	-0.526294589043	-0.0731089115143	
0.477047264576	0.694506525993	0.538596868515	
-0.233337163925	-0.490746706724	0.839476883411	
0.847336828709	-0.52614480257	-0.0720551982522	
0.476113200188	0.694480776787	0.53945595026	
-0.234323203564	-0.491077452898	0.839008688927	
0.84759002924	-0.525870144367	-0.0710755065084	
0.478734046221	0.693987309933	0.53776884079	
-0.233216434717	-0.489994615316	0.839949607849	
0.846418201923	-0.527529001236	-0.0727278515697	
0.47765904665	0.694479346275	0.538089513779	
-0.233891010284	-0.489851653576	0.83984541893	
0.846839308739	-0.52701407671	-0.0715496167541	
0.476558566093	0.694959521294	0.538445115089	
-0.234358847141	-0.48987904191	0.839699029922	
0.847329854965	-0.526355147362	-0.0705861523747	
0.47845068574	0.694526851177	0.537324309349	
-0.232601374388	-0.489810317755	0.840227603912	
0.846747636795	-0.526989817619	-0.0728021860123	
0.477395236492	0.694837331772	0.537861406803	
-0.233603611588	-0.489727705717	0.839997708797	
0.84706735611	-0.526657283306	-0.0714771673083	
0.47629994154	0.695130825043	0.538452863693	
-0.234438627958	-0.489812850952	0.839715361595	
0.847453176975	-0.526190519333	-0.070332325995	
0.477989703417	0.694848835468	0.537318229675	
-0.232406511903	-0.489876329899	0.840243041515	
0.847061395645	-0.526503801346	-0.0726684555411	
0.47714805603	0.694953501225	0.5379306674	
-0.233511328697	-0.489843547344	0.839955806732	
0.847232103348	-0.526396155357	-0.0714483782649	
0.476252526045	0.695036053658	0.538617134094	
-0.234488725662	-0.489975452423	0.839606523514	
0.847465991974	-0.526164352894	-0.070373930037	
0.478022485971	0.694580793381	0.537635564804	
-0.233435422182	-0.489623457193	0.840105235577	
0.846759915352	-0.527092397213	-0.0719112679362	
0.476971924305	0.695197463036	0.537771522999	
-0.233760878444	-0.489478349686	0.840099275112	
0.847262442112	-0.526413738728	-0.0709574446082	
0.475945800543	0.695807814598	0.537891328335	
-0.233803600073	-0.489493250847	0.84007871151	
0.847827494144	-0.52559286356	-0.0702898949385	
0.478038370609	0.695120155811	0.53692394495	
-0.23296199739	-0.489059060812	0.840565264225	
0.846881330013	-0.526905298233	-0.0718524307013	
0.477079808712	0.695549845695	0.537219941616	
-0.233683496714	-0.488870769739	0.840474486351	
0.847223043442	-0.526512861252	-0.0706918463111	
0.476131051779	0.69596850872	0.537519335747	
-0.234161704779	-0.488840460777	0.840359032154	
0.847624599934	-0.525987505913	-0.0697829425335	
0.477891862392	0.695272684097	0.53685683012	
-0.232919409871	-0.488989412785	0.840617537498	
0.846975743771	-0.526768684387	-0.071741566062	
0.477219432592	0.695490837097	0.537172317505	
-0.233811363578	-0.488747835159	0.840510427952	
0.847109138966	-0.526704907417	-0.070626296103	
0.476542770863	0.695693075657	0.537511050701	
-0.234500110149	-0.48866122961	0.840368926525	
0.84729963541	-0.526518106461	-0.0697278603911	
-0.0344899818301	-0.00962250959128	0.999358713627	
0.0367387980223	0.999265551567	0.0108895460144	
-0.998729526997	0.037090819329	-0.0341111309826	
-0.0339554361999	-0.00987065397203	0.999374628067	
0.0351682081819	0.999320149422	0.011065014638	
-0.99880439043	0.0355219319463	-0.03358521685	
-0.0326803997159	-0.00989679247141	0.999416828156	
0.033935919404	0.999363422394	0.011005949229	
-0.998889565468	0.0342758074403	-0.0323237404227	
-0.0349281057715	-0.00987927801907	0.999341011047	
0.0367293469608	0.999262928963	0.0111622391269	
-0.99871468544	0.0370950177312	-0.0345394983888	
-0.0347259603441	-0.00995333585888	0.99934732914	
0.0359187908471	0.999291956425	0.0112009141594	
-0.998751223087	0.0362843126059	-0.0343438610435	
-0.0337254293263	-0.00981194805354	0.999382972717	
0.035290595144	0.999316513538	0.0110022211447	
-0.9988078475	0.0356398746371	-0.0333561077714	
-0.0351093448699	-0.00998801551759	0.999333560467	
0.0368595942855	0.999256789684	0.0112822270021	
-0.998703539371	0.0372311398387	-0.0347150973976	
-0.0351497530937	-0.00988966040313	0.999333143234	
0.0367208756506	0.999262988567	0.0111805573106	
-0.998707175255	0.037089381367	-0.0347606912255	
-0.0343336947262	-0.00958155747503	0.999364495277	
0.0366080999374	0.999270915985	0.0108383512124	
-0.998739719391	0.0369569547474	-0.0339579023421	
-0.0345552377403	-0.00971139688045	0.999355614185	
0.0363836809993	0.999277710915	0.0109686972573	
-0.998740315437	0.0367392636836	-0.0341769419611	
-0.0340629704297	-0.00991631764919	0.999370515347	
0.0353840999305	0.999311923981	0.0111217824742	
-0.998793125153	0.0357406660914	-0.0336886532605	
-0.0329295098782	-0.0100568458438	0.999407052994	
0.0347216874361	0.999334275723	0.0112001597881	
-0.998854398727	0.0350699163973	-0.0325583964586	
-0.0349480845034	-0.00949135050178	0.999344050884	
0.0366957038641	0.99926841259	0.0107739185914	
-0.998715221882	0.0370481610298	-0.0345742255449	
-0.0347015075386	-0.00967279821634	0.999350905418	
0.0362850576639	0.999281704426	0.0109320925549	
-0.998738825321	0.0366408638656	-0.0343256033957	
-0.033755980432	-0.00979579892009	0.999382078648	
0.0360552296042	0.999289095402	0.0110127199441	
-0.998779535294	0.0364046953619	-0.0333787947893	
-0.0350840426981	-0.00921145640314	0.999341905117	
0.0371846184134	0.999253094196	0.0105160837993	
-0.998692333698	0.0375290922821	-0.0347153134644	
-0.0349930897355	-0.00937137939036	0.999343633652	
0.0372751280665	0.999248027802	0.0106757115573	
-0.998692154884	0.0376242399216	-0.0346174538136	
-0.0341451130807	-0.00947836972773	0.999371945858	
0.0373897887766	0.999242901802	0.0107546262443	
-0.99871724844	0.0377335250378	-0.0337648652494	
-0.0343237668276	-0.00950984470546	0.999365508556	
0.0361069478095	0.999290108681	0.0107492413372	
-0.99875831604	0.0364529937506	-0.0339560285211	
-0.0339171290398	-0.00974216870964	0.999377191067	
0.0356775000691	0.999303340912	0.0109522817656	
-0.998787641525	0.0360267497599	-0.033545922488	
-0.0329689458013	-0.0100676808506	0.999405682087	
0.0355835705996	0.999303460121	0.0112405018881	
-0.998822748661	0.0359330102801	-0.032587736845	
-0.0346709564328	-0.00886248983443	0.999359488487	
0.0366966128349	0.99927508831	0.0101348627359	
-0.99872481823	0.0370244942605	-0.0343206003308	
-0.0344231054187	-0.00922205019742	0.999364793301	
0.0366850607097	0.999271869659	0.0104848081246	
-0.998733818531	0.0370226763189	-0.0340597294271	
-0.0335760228336	-0.00968015287071	0.99938929081	
0.0368525832891	0.999261081219	0.0109170302749	
-0.998756468296	0.0371966250241	-0.0331944748759	
-0.0347609594464	-0.00824384111911	0.999361634254	
0.0375005789101	0.999251008034	0.00954731646925	
-0.998691856861	0.0378085114062	-0.0344257727265	
-0.0345819406211	-0.00873271282762	0.999363720417	
0.0378196015954	0.999234139919	0.0100402887911	
-0.998686015606	0.0381427519023	-0.0342251881957	
-0.0337455682456	-0.00932554807514	0.999386966228	
0.0381610095501	0.999215245247	0.0106125008315	
-0.998701632023	0.0384957417846	-0.0333632156253	
-0.474796831608	0.576835989952	-0.664701581001	
0.876705050468	0.243764728308	-0.414689093828	
-0.0771767869592	-0.779640316963	-0.62145370245	
-0.474064558744	0.577539145947	-0.66461366415	
0.877006709576	0.242646813393	-0.414706796408	
-0.0782430320978	-0.779468417168	-0.621536016464	
-0.473162382841	0.578351080418	-0.664550542831	
0.877440571785	0.241875097156	-0.414239645004	
-0.0788377001882	-0.779106199741	-0.621914863586	
-0.473895460367	0.576833605766	-0.665346562862	
0.877216398716	0.24325555563	-0.413905918598	
-0.076905593276	-0.77980107069	-0.621285617352	
-0.473727166653	0.577245891094	-0.665108799934	
0.877228617668	0.242579475045	-0.414276629686	
-0.0777977332473	-0.779706597328	-0.621293127537	
-0.473195225	0.577901124954	-0.664918482304	
0.877461373806	0.242003574967	-0.414120554924	
-0.0784080848098	-0.779400110245	-0.621600866318	
-0.473206222057	0.577100455761	-0.665605664253	
0.877585887909	0.242824077606	-0.413375705481	
-0.0769342407584	-0.779738128185	-0.621361076832	
-0.473401248455	0.57724148035	-0.665344655514	
0.877429425716	0.242556065321	-0.413864850998	
-0.077516593039	-0.77971714735	-0.621315062046	
-0.47303879261	0.577758729458	-0.665153503418	
0.87758153677	0.242141991854	-0.413784891367	
-0.0780062526464	-0.779462695122	-0.621572911739	
-0.474237769842	0.57704949379	-0.664915382862	
0.876980125904	0.243156313896	-0.414464592934	
-0.0774881988764	-0.779672324657	-0.621374845505	
-0.47377961874	0.577604413033	-0.664760112762	
0.877157151699	0.242415592074	-0.414523780346	
-0.0782825276256	-0.779492020607	-0.621501386166	
-0.473186194897	0.578083693981	-0.664766132832	
0.877445578575	0.241904571652	-0.41421186924	
-0.078639164567	-0.779295444489	-0.62170290947	
-0.473448067904	0.577281236649	-0.665276885033	
0.877414286137	0.24272146821	-0.413800001144	
-0.0774019956589	-0.779636263847	-0.621430814266	
-0.4734416008	0.577536404133	-0.66505998373	
0.877360224724	0.242297425866	-0.414163023233	
-0.0780519023538	-0.779579162598	-0.621421158314	
-0.473106324673	0.577849268913	-0.665026783943	
0.877505302429	0.241857543588	-0.41411280632	
-0.0784530565143	-0.779483914375	-0.621490120888	
-0.472888410091	0.577589392662	-0.665407419205	
0.877699375153	0.242280736566	-0.413453549147	
-0.0775909870863	-0.779545068741	-0.62152159214	
-0.473133027554	0.577564120293	-0.665255486965	
0.877534806728	0.242139771581	-0.413885295391	
-0.0779604911804	-0.779607594013	-0.621396899223	
-0.4728551507	0.577729344368	-0.665309548378	
0.87765699625	0.241737022996	-0.413861572742	
-0.0782700181007	-0.779610157013	-0.621354818344	
-0.473699301481	0.577325463295	-0.665059566498	
0.877219676971	0.242365926504	-0.414420515299	
-0.0780677422881	-0.779714107513	-0.621249854565	
-0.473505973816	0.577701091766	-0.664871037006	
0.877278089523	0.241981640458	-0.414521485567	
-0.0785829275846	-0.77955520153	-0.621384263039	
-0.473212063313	0.57781624794	-0.664980232716	
0.877426683903	0.241711005569	-0.414364755154	
-0.0786936581135	-0.779553830624	-0.621371984482	
-0.473028153181	0.577753245831	-0.665165781975	
0.877573907375	0.241996243596	-0.413886338472	
-0.07815656811	-0.779511988163	-0.62149220705	
-0.473174661398	0.577819943428	-0.665003657341	
0.877459168434	0.241803973913	-0.414241790771	
-0.0785566419363	-0.779522240162	-0.621428906918	
-0.473027169704	0.577758908272	-0.665161550045	
0.877522170544	0.24147990346	-0.4142973423	
-0.0787408426404	-0.779667913914	-0.621222794056	
-0.47260504961	0.578064620495	-0.66519600153	
0.877771496773	0.241537287831	-0.413735300303	
-0.078496105969	-0.77942353487	-0.621560394764	
-0.472890913486	0.577841341496	-0.665186882019	
0.87760424614	0.241503432393	-0.414109766483	
-0.0786448195577	-0.779599606991	-0.621320784092	
-0.472688943148	0.577622950077	-0.665520012379	
0.877702116966	0.241091951728	-0.414142102003	
-0.0787664502859	-0.779888749123	-0.620942354202	
0.729142248631	0.671667277813	0.131204605103	
-0.578064262867	0.70708668232	-0.407271623611	
-0.366324037313	0.221114248037	0.903833627701	
0.729020833969	0.671628057957	0.132077381015	
-0.577768743038	0.707256436348	-0.407396107912	
-0.367031216621	0.220690056682	0.903650343418	
0.728802680969	0.671707868576	0.132872819901	
-0.577551722527	0.707283318043	-0.407657176256	
-0.367805272341	0.220360696316	0.903415977955	
0.728820741177	0.671842932701	0.132088512182	
-0.578053772449	0.707135796547	-0.407201170921	
-0.366979748011	0.220422402024	0.903736591339	
0.728884577751	0.671691656113	0.132505178452	
-0.577778398991	0.707318305969	-0.407275021076	
-0.36728656292	0.220297843218	0.903642296791	
0.728853344917	0.671673417091	0.13276912272	
-0.577636897564	0.707346975803	-0.407425940037	
-0.367571026087	0.220261409879	0.903535544872	
0.728568315506	0.671973109245	0.132817015052	
-0.577964544296	0.707147419453	-0.407307654619	
-0.367621004581	0.219987943769	0.903581798077	
0.728736042976	0.67179363966	0.132804587483	
-0.577775001526	0.707276403904	-0.407352656126	
-0.36758646369	0.220121398568	0.903563380241	
0.728809952736	0.671761035919	0.132563710213	
-0.577774941921	0.707240462303	-0.407415091991	
-0.367439985275	0.220336183906	0.903570592403	
0.729306697845	0.671578586102	0.1307438761	
-0.578067362309	0.707055330276	-0.407321542501	
-0.365991562605	0.221483573318	0.903877854347	
0.729201972485	0.671547591686	0.13148508966	
-0.577707290649	0.707130730152	-0.407701402903	
-0.366768032312	0.221336767077	0.903599023819	
0.728991508484	0.671633481979	0.132211312652	
-0.577397525311	0.707070708275	-0.408243983984	
-0.367673069239	0.221267908812	0.903248012066	
0.72891908884	0.671811401844	0.131705716252	
-0.578166782856	0.707118570805	-0.407070636749	
-0.366606265306	0.220573693514	0.903851270676	
0.728925585747	0.671699404716	0.132240086794	
-0.577827394009	0.707248210907	-0.407327234745	
-0.367128014565	0.220499292016	0.903657615185	
0.728827774525	0.671717941761	0.132684186101	
-0.577593922615	0.707231581211	-0.407687067986	
-0.367689162493	0.220496073365	0.903430223465	
0.728561401367	0.672045648098	0.132487207651	
-0.578228533268	0.707095324993	-0.407023280859	
-0.36721932888	0.219933584332	0.903758347034	
0.728597640991	0.671936392784	0.13284188509	
-0.577975690365	0.707212865353	-0.407178252935	
-0.367545366287	0.219889730215	0.903636515141	
0.728530943394	0.671971380711	0.133030653	
-0.577884197235	0.707173228264	-0.407376885414	
-0.36782130599	0.219910353422	0.903519153595	
0.729568600655	0.671386957169	0.130265817046	
-0.577996432781	0.707114934921	-0.407318711281	
-0.365581393242	0.221873760223	0.903948187828	
0.729474544525	0.671362400055	0.130917385221	
-0.577553272247	0.707100868225	-0.407971322536	
-0.366468429565	0.221992954612	0.903559625149	
0.729265868664	0.671452462673	0.13161662221	
-0.577132046223	0.706958830357	-0.408812642097	
-0.36754578352	0.222172915936	0.903077661991	
0.729084193707	0.671721577644	0.131249442697	
-0.578238129616	0.70713186264	-0.406946212053	
-0.366165220737	0.220804616809	0.903973639011	
0.729027330875	0.671647250652	0.131943613291	
-0.57781624794	0.707213640213	-0.407403022051	
-0.366943448782	0.220768779516	0.9036667943	
0.728856801987	0.671701073647	0.132609978318	
-0.57747220993	0.707156777382	-0.407989084721	
-0.367822766304	0.220787063241	0.903304755688	
0.728590548038	0.672104537487	0.13202778995	
-0.578483223915	0.707013249397	-0.406803905964	
-0.366760134697	0.220017626882	0.90392434597	
0.728489160538	0.672063827515	0.132791921496	
-0.578148543835	0.70712441206	-0.407086461782	
-0.367488503456	0.219784632325	0.903685212135	
0.728275358677	0.672164678574	0.133452504873	
-0.577947080135	0.707086145878	-0.407438755035	
-0.368228375912	0.219599112868	0.903429090977	
0.00802945904434	-0.995820105076	-0.0909825786948	
-0.942210078239	-0.0380087271333	0.332859516144	
-0.334926337004	0.0830520242453	-0.938576936722	
0.00806464534253	-0.995828390121	-0.0908887013793	
-0.942126572132	-0.0380309820175	0.333093285561	
-0.335160344839	0.0829423815012	-0.938503146172	
0.00811833981425	-0.995829701424	-0.0908694788814	
-0.942036688328	-0.0380970798433	0.333339959383	
-0.335411697626	0.0828962177038	-0.938417375088	
0.00719492137432	-0.995836853981	-0.0908691585064	
-0.942063987255	-0.0372253023088	0.333361178637	
-0.335355997086	0.0832060575485	-0.938409864902	
0.0074199824594	-0.995820641518	-0.0910286828876	
-0.941889166832	-0.0375328920782	0.333820343018	
-0.33584177494	0.0832619890571	-0.938231170177	
0.0076469858177	-0.99579757452	-0.0912616476417	
-0.941776394844	-0.0378515571356	0.334102421999	
-0.336152791977	0.0833931937814	-0.938108146191	
0.00645443238318	-0.995848417282	-0.0907980725169	
-0.941941916943	-0.0365381501615	0.333781957626	
-0.33571383357	0.0833721384406	-0.938267171383	
0.00666876044124	-0.995809197426	-0.0912115052342	
-0.941670656204	-0.036945015192	0.334501773119	
-0.336469739676	0.0836604908109	-0.93797069788	
0.00686851935461	-0.995763301849	-0.0916968807578	
-0.941530048847	-0.0373301953077	0.334854573011	
-0.336858958006	0.0840354189277	-0.937797486782	
0.0076473983936	-0.995871067047	-0.0904560536146	
-0.942222714424	-0.0374717004597	0.332884639502	
-0.33489972353	0.0826840475202	-0.938618957996	
0.00747849559411	-0.995852172375	-0.0906784310937	
-0.942151248455	-0.0374055020511	0.333094388247	
-0.335104614496	0.0829417556524	-0.938523054123	
0.00732102710754	-0.9958294034	-0.0909408852458	
-0.942047834396	-0.0373714491725	0.333390504122	
-0.335398674011	0.083229906857	-0.938392519951	
0.00701847532764	-0.995847821236	-0.0907629579306	
-0.942155897617	-0.0370016656816	0.333126306534	
-0.335101485252	0.0831748172641	-0.938503563404	
0.00694499909878	-0.99584120512	-0.0908411517739	
-0.942006826401	-0.0369960069656	0.333548307419	
-0.335521906614	0.0832564905286	-0.938346087933	
0.00686626369134	-0.995831012726	-0.0909582227468	
-0.941894292831	-0.0369894094765	0.33386656642	
-0.335839182138	0.0833806172013	-0.93822157383	
0.00648841634393	-0.99581605196	-0.0911498367786	
-0.942113339901	-0.0366451181471	0.333286106586	
-0.335231870413	0.083710975945	-0.938409328461	
0.00631003454328	-0.995823204517	-0.0910843685269	
-0.941881358624	-0.0365139357746	0.333955436945	
-0.335886418819	0.0836833938956	-0.938177704811	
0.00610981881618	-0.995827019215	-0.0910562574863	
-0.941754519939	-0.0363485626876	0.334331005812	
-0.336245596409	0.0837099403143	-0.938046634197	
0.00727933645248	-0.99590998888	-0.0900569111109	
-0.942247211933	-0.0369874127209	0.332869529724	
-0.334839046001	0.0824327990413	-0.938662707806	
0.00690154545009	-0.995865643024	-0.0905758515	
-0.94217056036	-0.0368258953094	0.333104342222	
-0.335062712431	0.0830389708281	-0.93852943182	
0.00652807718143	-0.995820343494	-0.0911001712084	
-0.942036390305	-0.0366848409176	0.333499103785	
-0.33544716239	0.0836425721645	-0.938338458538	
0.00680492492393	-0.995849609375	-0.0907595455647	
-0.942261636257	-0.0367741808295	0.332852393389	
-0.334808528423	0.0832541957498	-0.938601076603	
0.00642790878192	-0.995854139328	-0.0907367914915	
-0.942120909691	-0.0364483036101	0.333286255598	
-0.335211724043	0.0833426937461	-0.938449323177	
0.00603838218376	-0.995858311653	-0.0907182320952	
-0.941991209984	-0.036109380424	0.333689510822	
-0.335583239794	0.0834408327937	-0.938307762146	
0.00643452489749	-0.995776951313	-0.0915797203779	
-0.942300200462	-0.0366915650666	0.332752257586	
-0.33470723033	0.0841544866562	-0.938556909561	
0.00585819035769	-0.995832204819	-0.091015778482	
-0.942090153694	-0.036015547812	0.333420217037	
-0.335308551788	0.0837918296456	-0.938374698162	
0.00525258062407	-0.995886743069	-0.0904546380043	
-0.941959381104	-0.0352926775813	0.333866715431	
-0.335685819387	0.0834509283304	-0.93827021122	
-0.147013515234	-0.542329847813	-0.827203333378	
0.981945931911	0.0206208918244	-0.18803435564	
0.119034312665	-0.839912593365	0.529507040977	
-0.147266358137	-0.542304813862	-0.827174782753	
0.981919884682	0.0204046182334	-0.188193961978	
0.118936672807	-0.839933991432	0.529495000839	
-0.147662237287	-0.542386412621	-0.827050685883	
0.981913387775	0.0197947770357	-0.188293099403	
0.118498899043	-0.839895904064	0.52965348959	
-0.147699639201	-0.541686117649	-0.827502846718	
0.981816291809	0.0205802321434	-0.188714683056	
0.11925432086	-0.840328872204	0.528796553612	
-0.14781871438	-0.541573822498	-0.827555119991	
0.98183786869	0.0202618110925	-0.188636720181	
0.118928469718	-0.840408980846	0.528742611408	
-0.14810192585	-0.541590332985	-0.827493667603	
0.981852829456	0.0196951702237	-0.188618987799	
0.118451841176	-0.840411841869	0.528845071793	
-0.148530513048	-0.541109263897	-0.827731490135	
0.981685400009	0.0202966071665	-0.189424857497	
0.119299687445	-0.840707302094	0.52818441391	
-0.148546949029	-0.540921986103	-0.827850937843	
0.981735765934	0.0199572909623	-0.189199760556	
0.118863977492	-0.840835928917	0.52807790041	
-0.148748710752	-0.540885806084	-0.827838361263	
0.981753230095	0.0195152722299	-0.189155355096	
0.118466943502	-0.840869605541	0.528113543987	
-0.147533729672	-0.542124688625	-0.827245175838	
0.981937766075	0.0198886524886	-0.188155904412	
0.118456751108	-0.84006267786	0.529398441315	
-0.147743090987	-0.542312204838	-0.827084898949	
0.981893837452	0.0198196340352	-0.188392341137	
0.118559986353	-0.839943230152	0.529564797878	
-0.148028701544	-0.542484462261	-0.826920866966	
0.981884419918	0.019385414198	-0.188486427069	
0.118281170726	-0.839842140675	0.529787480831	
-0.148005530238	-0.541883647442	-0.827318847179	
0.981872618198	0.0196436401457	-0.188521206379	
0.118408106267	-0.840223908424	0.529153347015	
-0.148023098707	-0.541827380657	-0.827352583408	
0.981876850128	0.0195980407298	-0.188503935933	
0.118351086974	-0.840261280537	0.529106795788	
-0.14813798666	-0.541778147221	-0.827364265919	
0.981889605522	0.0193326119334	-0.188464924693	
0.118101291358	-0.840299189091	0.529102444649	
-0.148595899343	-0.541640937328	-0.827371954918	
0.981805324554	0.0192204732448	-0.188914850354	
0.118226498365	-0.840390205383	0.528929889202	
-0.148452624679	-0.541353285313	-0.827585875988	
0.981838941574	0.0192795526236	-0.188734039664	
0.118127278984	-0.840574145317	0.528659701347	
-0.148427858949	-0.541094839573	-0.827759325504	
0.981855034828	0.0192642584443	-0.188651964068	
0.118024781346	-0.840740919113	0.528417348862	
-0.148185297847	-0.541913449764	-0.827267169952	
0.981919646263	0.0190110243857	-0.188341081142	
0.117791764438	-0.840219259262	0.529298305511	
-0.148307442665	-0.542307674885	-0.826986908913	
0.981868028641	0.0190907809883	-0.188602030277	
0.118068151176	-0.839963078499	0.529643237591	
-0.148438975215	-0.542564570904	-0.826794743538	
0.981865942478	0.018833508715	-0.188638806343	
0.117920175195	-0.839802920818	0.529930055141	
-0.148414313793	-0.542053222656	-0.827134490013	
0.98191767931	0.0186208654195	-0.188390314579	
0.117519542575	-0.840137839317	0.529488027096	
-0.148286238313	-0.542047142982	-0.827161490917	
0.981915056705	0.0188496112823	-0.188381448388	
0.117703296244	-0.840136647224	0.529449105263	
-0.148188591003	-0.541926205158	-0.827258169651	
0.981935918331	0.0188868828118	-0.188268899918	
0.117652185261	-0.840213835239	0.529338002205	
-0.148735702038	-0.542122840881	-0.827031135559	
0.98191255331	0.0181174185127	-0.188466072083	
0.117155432701	-0.840103924274	0.529622554779	
-0.148388281465	-0.541729032993	-0.827351570129	
0.981940150261	0.0185763947666	-0.188277617097	
0.117364659905	-0.840347886086	0.529188930988	
-0.148092508316	-0.541242361069	-0.827722966671	
0.981965184212	0.0189893804491	-0.188105866313	
0.117528811097	-0.840652167797	0.528668999672	
0.281716376543	-0.938387334347	-0.200162544847	
0.954512298107	0.252848446369	0.158031404018	
-0.0976838767529	-0.235577642918	0.966933846474	
0.28152307868	-0.938580155373	-0.199529603124	
0.95454210043	0.252704918385	0.158080875874	
-0.0979494601488	-0.234962835908	0.967056572437	
0.281381517649	-0.938691914082	-0.199203252792	
0.954581916332	0.252619922161	0.157976523042	
-0.0979685783386	-0.234607502818	0.967140853405	
0.282304793596	-0.938336610794	-0.199570596218	
0.954312801361	0.253448575735	0.158274769783	
-0.0979341268539	-0.235134497285	0.967016398907	
0.28209400177	-0.93850338459	-0.199083968997	
0.954367041588	0.253309816122	0.158169940114	
-0.0980130955577	-0.234617963433	0.967133820057	
0.281706124544	-0.938661634922	-0.198886990547	
0.954486370087	0.252983868122	0.157971292734	
-0.0979663953185	-0.234336405993	0.967206835747	
0.282422482967	-0.938365519047	-0.199267968535	
0.954267263412	0.253586322069	0.158328846097	
-0.0980387032032	-0.234870508313	0.967069923878	
0.282238334417	-0.938507556915	-0.198859378695	
0.954308450222	0.253447532654	0.158302813768	
-0.0981679707766	-0.234452307224	0.967158317566	
0.281648159027	-0.938713610172	-0.198723509908	
0.954469978809	0.252876013517	0.158242762089	
-0.0982922241092	-0.234244406223	0.967196047306	
0.281808793545	-0.93826854229	-0.200588896871	
0.954519987106	0.252949565649	0.15782289207	
-0.097341388464	-0.235942006111	0.966879546642	
0.281791061163	-0.938368201256	-0.200147271156	
0.954485118389	0.252909958363	0.158097118139	
-0.0977340713143	-0.23558793962	0.966926276684	
0.281826376915	-0.938438236713	-0.199768692255	
0.954458534718	0.252968639135	0.158163741231	
-0.0978916957974	-0.235245645046	0.966993629932	
0.282440662384	-0.938241481781	-0.199825286865	
0.954302847385	0.253608256578	0.15807877481	
-0.0976387262344	-0.235341712832	0.966995835304	
0.282403111458	-0.938324809074	-0.199487030506	
0.9543004632	0.253596901894	0.158111363649	
-0.097770512104	-0.235021710396	0.96706032753	
0.282190233469	-0.938450872898	-0.199194908142	
0.95436167717	0.253438413143	0.157996162772	
-0.0977879911661	-0.234688952565	0.967139363289	
0.282644331455	-0.938329696655	-0.199122041464	
0.954228103161	0.25388649106	0.158083513379	
-0.0977800488472	-0.234689250588	0.967140138149	
0.282631188631	-0.938397943974	-0.198818877339	
0.954220890999	0.253898501396	0.158107548952	
-0.0978879779577	-0.234403252602	0.967198550701	
0.282214045525	-0.938581466675	-0.198544874787	
0.954332649708	0.253518044949	0.158043593168	
-0.098002076149	-0.23407997191	0.967265307903	
0.281875044107	-0.938189148903	-0.200866997242	
0.954532265663	0.253043293953	0.157598435879	
-0.0970290973783	-0.236157089472	0.966858386993	
0.282031387091	-0.938194870949	-0.200620815158	
0.954433977604	0.253107577562	0.158089786768	
-0.0975403785706	-0.236065611243	0.966829299927	
0.282242208719	-0.938222527504	-0.200194478035	
0.954342246056	0.253309816122	0.158319488168	
-0.0978276729584	-0.235738486052	0.966880083084	
0.282542705536	-0.938164293766	-0.200043424964	
0.954299509525	0.253733873367	0.157897144556	
-0.0973756760359	-0.235514044762	0.966980397701	
0.282676547766	-0.938163518906	-0.199858039618	
0.954241931438	0.253849565983	0.158059284091	
-0.0975515767932	-0.235392570496	0.966992259026	
0.282636731863	-0.938256919384	-0.199475392699	
0.954246282578	0.253858029842	0.158019512892	
-0.0976244732738	-0.235010758042	0.967077791691	
0.282824397087	-0.938290417194	-0.199051424861	
0.954197704792	0.254125595093	0.157882675529	
-0.0975557416677	-0.234587475657	0.967187464237	
0.282980173826	-0.938284397125	-0.198858365417	
0.95414352417	0.254287809134	0.157948806882	
-0.0976336449385	-0.234435811639	0.96721637249	
0.282733798027	-0.938444852829	-0.198450997472	
0.954206824303	0.254097521305	0.157872706652	
-0.0977289304137	-0.233999252319	0.967312455177	
-0.460821390152	0.87874943018	-0.124270424247	
-0.610111296177	-0.415362209082	-0.674713611603	
-0.644521415234	-0.235103666782	0.727542698383	
-0.4610696733	0.878736138344	-0.123440548778	
-0.610624313354	-0.415127873421	-0.67439365387	
-0.643857717514	-0.235566675663	0.727980494499	
-0.461261123419	0.878744661808	-0.122662052512	
-0.610906898975	-0.414800196886	-0.674339294434	
-0.643452346325	-0.236111417413	0.728162407875	
-0.460274726152	0.87903636694	-0.124266810715	
-0.610279858112	-0.414947211742	-0.674816548824	
-0.644752442837	-0.234763458371	0.727447867393	
-0.460317522287	0.879104971886	-0.123621284962	
-0.610784113407	-0.414672613144	-0.674529016018	
-0.644244194031	-0.234991595149	0.727824449539	
-0.460457444191	0.879124343395	-0.12296050787	
-0.61109161377	-0.414399296045	-0.674418449402	
-0.643852472305	-0.235400870442	0.728038787842	
-0.459749132395	0.879299521446	-0.124350532889	
-0.610228359699	-0.41453769803	-0.675114691257	
-0.645176053047	-0.234501183033	0.727156817913	
-0.459734022617	0.879375576973	-0.123867630959	
-0.61068880558	-0.414321422577	-0.674831032753	
-0.644750952721	-0.234598204494	0.727502524853	
-0.459970384836	0.879331350327	-0.123302705586	
-0.610986113548	-0.414201021194	-0.674635767937	
-0.64430052042	-0.234976246953	0.727779507637	
-0.460892915726	0.878754496574	-0.123968668282	
-0.609977900982	-0.415143758059	-0.674968600273	
-0.644596517086	-0.235470086336	0.727357685566	
-0.460755050182	0.878853082657	-0.123782098293	
-0.610537648201	-0.415085434914	-0.674498260021	
-0.644165039063	-0.235204860568	0.727825582027	
-0.460556149483	0.878993272781	-0.123527005315	
-0.610843718052	-0.414828926325	-0.674378931522	
-0.644017100334	-0.235133647919	0.727979540825	
-0.460516542196	0.878939330578	-0.124057076871	
-0.610150337219	-0.41494846344	-0.674932837486	
-0.644702315331	-0.235124260187	0.727375805378	
-0.460222244263	0.879132509232	-0.123779959977	
-0.610686540604	-0.414676219225	-0.67461514473	
-0.644404709339	-0.234882131219	0.727717638016	
-0.46002098918	0.879295825958	-0.123367421329	
-0.611002743244	-0.414300560951	-0.674559652805	
-0.644248664379	-0.234933748841	0.727839112282	
-0.460130602121	0.879122495651	-0.12419141829	
-0.610117256641	-0.414705306292	-0.675112187862	
-0.645009160042	-0.234868451953	0.727186381817	
-0.459827512503	0.879335939884	-0.123801968992	
-0.610594809055	-0.414317786694	-0.674918353558	
-0.644773304462	-0.234753191471	0.727432668209	
-0.459771811962	0.879448235035	-0.12320998311	
-0.610886156559	-0.413921326399	-0.674897968769	
-0.644537031651	-0.235031783581	0.727552115917	
-0.460891544819	0.878798902035	-0.123658597469	
-0.60985660553	-0.414860010147	-0.675252616405	
-0.644712269306	-0.235804215074	0.727146744728	
-0.460355222225	0.879011869431	-0.124141924083	
-0.61039853096	-0.414964318275	-0.674698650837	
-0.644582569599	-0.234825000167	0.727578520775	
-0.459753453732	0.879285156727	-0.12443639338	
-0.610663712025	-0.414765506983	-0.674580931664	
-0.644760906696	-0.234152123332	0.727637350559	
-0.460769414902	0.878834664822	-0.12385956198	
-0.60999327898	-0.414958536625	-0.675068616867	
-0.644670248032	-0.235497459769	0.727283418179	
-0.460126280785	0.879154980183	-0.123977318406	
-0.610496759415	-0.414675414562	-0.674787342548	
-0.644653022289	-0.234799638391	0.727524340153	
-0.459571897984	0.879464328289	-0.123839192092	
-0.610757231712	-0.414184123278	-0.674853384495	
-0.644801735878	-0.234507963061	0.727486610413	
-0.46060693264	0.878890872002	-0.124064907432	
-0.609939038754	-0.414955705404	-0.67511934042	
-0.644837677479	-0.235292628407	0.727201282978	
-0.460004508495	0.879244327545	-0.123795382679	
-0.610369086266	-0.414383769035	-0.675082027912	
-0.644860804081	-0.234979897738	0.727281928062	
-0.459645092487	0.879515528679	-0.123202443123	
-0.610589921474	-0.413697808981	-0.675302922726	
-0.644907951355	-0.235173508525	0.727177500725	
0.205604299903	-0.15789487958	0.965813696384	
0.452965170145	0.890175044537	0.0491010807455	
-0.867496073246	0.42738455534	0.254544705153	
0.20559437573	-0.158366471529	0.965738594532	
0.453235805035	0.890017390251	0.0494607761502	
-0.867357075214	0.427538454533	0.254759937525	
0.205726549029	-0.158610448241	0.965670406818	
0.453530728817	0.889862775803	0.0495388843119	
-0.867171525955	0.427769720554	0.255003094673	
0.205234959722	-0.1577501297	0.96591591835	
0.453527063131	0.889896094799	0.0489707477391	
-0.867289960384	0.428018480539	0.254181742668	
0.205071315169	-0.158125773072	0.965889215469	
0.453669130802	0.889802753925	0.0493495725095	
-0.867254316807	0.428073942661	0.254209816456	
0.204979985952	-0.158270582557	0.96588486433	
0.453817486763	0.88971978426	0.049481023103	
-0.867198288441	0.428192824125	0.254200696945	
0.204761087894	-0.157216861844	0.966103374958	
0.45374366641	0.889804303646	0.0486316345632	
-0.867288649082	0.428405433893	0.253533452749	
0.204444810748	-0.15752863884	0.966119587421	
0.453897625208	0.889704585075	0.0490176714957	
-0.867282688618	0.428497970104	0.253397345543	
0.204130738974	-0.157606109977	0.966173350811	
0.4540399611	0.88962239027	0.0491903610528	
-0.867282152176	0.428640037775	0.25315874815	
0.204808354378	-0.15728007257	0.966083049774	
0.453672707081	0.889837324619	0.0486891046166	
-0.867314577103	0.428313612938	0.253599792719	
0.204615280032	-0.15801307559	0.966004371643	
0.453591406345	0.889835357666	0.0494758561254	
-0.867402672768	0.428047776222	0.253747284412	
0.204588383436	-0.158534064889	0.965924680233	
0.453535437584	0.889835476875	0.0499843917787	
-0.867438316345	0.427854835987	0.253950834274	
0.204670727253	-0.157306879759	0.966107904911	
0.453979730606	0.889680862427	0.048686645925	
-0.867186427116	0.428628653288	0.253505766392	
0.204480975866	-0.15773050487	0.966078996658	
0.453819960356	0.889733552933	0.0492098331451	
-0.867314815521	0.428363442421	0.2535148561	
0.20438747108	-0.15793903172	0.966064691544	
0.453667759895	0.889795720577	0.0494888871908	
-0.867416441441	0.428157508373	0.253514945507	
0.20440377295	-0.157003492117	0.96621376276	
0.45408219099	0.889638841152	0.0484988875687	
-0.867195725441	0.428827106953	0.253138005733	
0.204218506813	-0.157149583101	0.966229140759	
0.453984379768	0.889675199986	0.0487462840974	
-0.867290616035	0.428698062897	0.253031611443	
0.20405934751	-0.15707719326	0.966274559498	
0.453876435757	0.889728248119	0.0487835220993	
-0.867384552956	0.428614526987	0.252851009369	
0.203771308064	-0.156776949763	0.966384112835	
0.454392015934	0.889481186867	0.0484880656004	
-0.867182314396	0.429236739874	0.252488940954	
0.203408420086	-0.1577501297	0.966302156448	
0.45395886898	0.889636874199	0.0496752262115	
-0.867494285107	0.428557097912	0.252571702003	
0.203235596418	-0.158526957035	0.966211438179	
0.453551858664	0.889793038368	0.0505875833333	
-0.867747664452	0.427945792675	0.252737820148	
0.203863412142	-0.156990453601	0.966329991817	
0.454456418753	0.889440894127	0.0486238449812	
-0.867126882076	0.429242283106	0.252669781446	
0.203660935163	-0.157440871	0.966299414635	
0.453995287418	0.889641046524	0.0492650195956	
-0.867415964603	0.428662031889	0.252662569284	
0.203578516841	-0.157691881061	0.9662758708	
0.453542947769	0.889849483967	0.0496653616428	
-0.867671906948	0.428136795759	0.252674281597	
0.203801319003	-0.156932145357	0.966352581978	
0.454456806183	0.88944208622	0.0485983602703	
-0.8671413064	0.429261118174	0.252588361502	
0.20376034081	-0.156891256571	0.966367840767	
0.454108089209	0.889615654945	0.0486809425056	
-0.867333590984	0.428916215897	0.252513974905	
0.203769251704	-0.156647622585	0.966405510902	
0.453750640154	0.889804840088	0.0485566183925	
-0.867518544197	0.42861276865	0.252393811941	
0.174570932984	-0.124310009181	0.976766109467	
-0.600293159485	-0.799761116505	0.00550328847021	
0.780495405197	-0.5873067379	-0.214237496257	
0.174545124173	-0.124400563538	0.976759195328	
-0.599531114101	-0.800334513187	0.00520411459729	
0.781086683273	-0.586505889893	-0.214276492596	
0.174661576748	-0.124765299261	0.976691842079	
-0.598557591438	-0.801065981388	0.0047095506452	
0.781807005405	-0.585428893566	-0.214594662189	
0.174195453525	-0.124148391187	0.97685366869	
-0.599552690983	-0.800318360329	0.00520151946694	
0.781148195267	-0.586581349373	-0.213845327497	
0.174449473619	-0.124182239175	0.976804077625	
-0.599119603634	-0.800642549992	0.00521138962358	
0.78142374754	-0.586131572723	-0.214071691036	
0.174924537539	-0.124502256513	0.976678371429	
-0.598528981209	-0.801085054874	0.00507895927876	
0.78177011013	-0.585458695889	-0.214647650719	
0.173788934946	-0.12406027317	0.976937294006	
-0.599017441273	-0.800721108913	0.00487741176039	
0.781649231911	-0.586050093174	-0.213470742106	
0.174295663834	-0.124023266137	0.976851701736	
-0.598850488663	-0.8008441329	0.00517349084839	
0.781664311886	-0.585889816284	-0.213855057955	
0.175101786852	-0.124284774065	0.976674258709	
-0.598579764366	-0.801045179367	0.00538016669452	
0.781691551208	-0.585559546947	-0.214658781886	
0.175217777491	-0.124989233911	0.976563572884	
-0.600329220295	-0.799735069275	0.00535559514537	
0.780322730541	-0.587198019028	-0.215162485838	
0.174724534154	-0.124855466187	0.976669073105	
-0.599884867668	-0.800070464611	0.00503898831084	
0.780774950981	-0.586769402027	-0.214690849185	
0.174291178584	-0.124930724502	0.976736843586	
-0.59922939539	-0.800564587116	0.00453067943454	
0.781374871731	-0.586079061031	-0.214393496513	
0.174788549542	-0.124828845263	0.976661026478	
-0.599514245987	-0.800348460674	0.00499831885099	
0.781045198441	-0.586395859718	-0.214728429914	
0.174488574266	-0.1247741431	0.976721644402	
-0.599268019199	-0.800534129143	0.00479097897187	
0.78130120039	-0.58615398407	-0.214457213879	
0.174327328801	-0.124940149486	0.976729214191	
-0.598864614964	-0.800837934017	0.0044450876303	
0.781646430492	-0.58570343256	-0.214430168271	
0.174337089062	-0.124692812562	0.976759076118	
-0.598848700523	-0.800848662853	0.00464951619506	
0.781656444073	-0.585741460323	-0.214289754629	
0.174203321338	-0.124702863395	0.976781666279	
-0.598737478256	-0.800932526588	0.00452863238752	
0.781771481037	-0.585624694824	-0.214189395308	
0.174286931753	-0.124945551157	0.976735711098	
-0.598523199558	-0.801093816757	0.00432221172377	
0.78191691637	-0.585352301598	-0.214402988553	
0.175874099135	-0.125348880887	0.976399481297	
-0.600370466709	-0.799703299999	0.00547695625573	
0.78014332056	-0.587164640427	-0.215902850032	
0.17491646111	-0.125068277121	0.976607501507	
-0.600243330002	-0.799801290035	0.00508153578267	
0.780456423759	-0.587090969086	-0.214969798923	
0.173936590552	-0.124930851161	0.976800024509	
-0.599905610085	-0.80005812645	0.00449795275927	
0.780934870243	-0.586770236492	-0.214106112719	
0.175390318036	-0.125151380897	0.976511836052	
-0.599483907223	-0.800370573997	0.00509588047862	
0.780933618546	-0.586296856403	-0.215403482318	
0.174539402127	-0.125085622072	0.976672708988	
-0.599424064159	-0.800418376923	0.00460982741788	
0.781170129776	-0.586245715618	-0.214683875442	
0.173745125532	-0.125174731016	0.976802885532	
-0.599207282066	-0.800583958626	0.00398898869753	
0.78151345253	-0.58600050211	-0.21410317719	
0.174893096089	-0.124929100275	0.976629495621	
-0.598690867424	-0.800966084003	0.00475402828306	
0.781653165817	-0.58553057909	-0.214877352118	
0.174121946096	-0.12506391108	0.976750016212	
-0.598635077477	-0.801011145115	0.00415450613946	
0.781868040562	-0.585440158844	-0.214341267943	
0.173486322165	-0.125365436077	0.976824462414	
-0.598476171494	-0.801133036613	0.00347353634425	
0.782130897045	-0.585208773613	-0.21401385963	
0.0887025520205	-0.538075864315	0.83821606636	
0.0569145344198	0.842896401882	0.535057425499	
-0.994430780411	0.00024571994436	0.105391398072	
0.0890491530299	-0.537958741188	0.838254511356	
0.0564210191369	0.842971086502	0.534991919994	
-0.994427919388	-0.000345404376276	0.105418048799	
0.0896830633283	-0.537645936012	0.838387608528	
0.0563099049032	0.843170404434	0.534689545631	
-0.99437725544	-0.000743066251744	0.105892889202	
