0.493353515863	0.686407864094	0.53427195549	
-0.242029756308	-0.481641680002	0.842284321785	
0.835478246212	-0.544853627682	-0.0714884996414	
0.482602328062	0.690755367279	0.53847193718	
-0.247434154153	-0.482233256102	0.840373396873	
0.840161502361	-0.538802504539	-0.0618104152381	
0.469997853041	0.695235967636	0.543828129768	
-0.25072273612	-0.485585927963	0.837463080883	
0.84630972147	-0.529955923557	-0.0539128817618	
0.49029815197	0.689467012882	0.53314447403	
-0.231604531407	-0.486652761698	0.842335104942	
0.840218484402	-0.536473989487	-0.0789212733507	
0.479066491127	0.692521810532	0.539359688759	
-0.241133913398	-0.486991167068	0.839460551739	
0.844008147717	-0.532215356827	-0.0663106590509	
0.466164648533	0.695534467697	0.546737909317	
-0.248703941703	-0.490045368671	0.835465073586	
0.849021136761	-0.52544015646	-0.0554596558213	
0.485166251659	0.690558731556	0.536416172981	
-0.228816896677	-0.49181458354	0.840095996857	
0.843952894211	-0.530327320099	-0.0806003287435	
0.475945711136	0.692099392414	0.542654693127	
-0.23902708292	-0.492000669241	0.837138831615	
0.846369743347	-0.528141796589	-0.0687351077795	
0.465290904045	0.693466246128	0.550099074841	
-0.247451543808	-0.494785815477	0.833039462566	
0.849865913391	-0.52372854948	-0.0586200505495	
0.492779910564	0.687822639942	0.532980263233	
-0.242169171572	-0.479907006025	0.843233883381	
0.835776329041	-0.544600069523	-0.0699190795422	
0.480927139521	0.693502783775	0.536435425282	
-0.247483894229	-0.479580193758	0.841875612736	
0.841106891632	-0.537639975548	-0.0590123608708	
0.467532664537	0.699403941631	0.540599107742	
-0.250390231609	-0.481728225946	0.839787244797	
0.847772359848	-0.527988731861	-0.050099760294	
0.492239952087	0.692744493484	0.527072012424	
-0.233001470566	-0.478553891182	0.846579253674	
0.838695526123	-0.539528727531	-0.0741528570652	
0.480404436588	0.696981012821	0.532380521297	
-0.2428855896	-0.477546989918	0.844366908073	
0.842744410038	-0.534945189953	-0.0601290650666	
0.46716722846	0.701327502728	0.538418531418	
-0.250496804714	-0.479019463062	0.84130358696	
0.84794229269	-0.52790158987	-0.0481018871069	
0.48980602622	0.693346858025	0.528545379639	
-0.23158107698	-0.480998933315	0.845582783222	
0.840511918068	-0.536572635174	-0.0750301629305	
0.480435460806	0.69591319561	0.533747732639	
-0.242534771562	-0.47942891717	0.843400716782	
0.842827796936	-0.534651994705	-0.0615515075624	
0.469883769751	0.698494315147	0.539735972881	
-0.251388192177	-0.480234324932	0.840344548225	
0.846175611019	-0.530547499657	-0.0500610880554	
0.482517361641	0.696022689342	0.531723022461	
-0.242688924074	-0.477059543133	0.844698905945	
0.841593146324	-0.53662520647	-0.0612725131214	
0.471912235022	0.702951133251	0.532126486301	
-0.244388341904	-0.475610435009	0.84502607584	
0.847096920013	-0.528823673725	-0.0526533313096	
0.460115462542	0.710169732571	0.532872140408	
-0.243468239903	-0.476248621941	0.844932198524	
0.853824913502	-0.518503844738	-0.0462255850434	
0.487733364105	0.700600802898	0.520840346813	
-0.236937597394	-0.467985838652	0.851381123066	
0.840224206448	-0.538653612137	-0.0622536204755	
0.477641135454	0.706005990505	0.52289056778	
-0.243605926633	-0.465404897928	0.850913882256	
0.844106078148	-0.533810675144	-0.0503092743456	
0.466443240643	0.711658418179	0.525331377983	
-0.247781842947	-0.464996993542	0.849930584431	
0.849137723446	-0.526611924171	-0.0405586697161	
0.491116851568	0.698619782925	0.520321667194	
-0.238923028111	-0.466380387545	0.851707160473	
0.837687313557	-0.54260456562	-0.0621309243143	
0.48399990797	0.702188968658	0.522182703018	
-0.247033208609	-0.462821602821	0.851334691048	
0.839475274086	-0.541042387486	-0.0505416207016	
0.475976645947	0.705932676792	0.524504840374	
-0.252836078405	-0.461378484964	0.850413918495	
0.842330157757	-0.537390887737	-0.0411201566458	
-0.0536488331854	-0.0113716004416	0.998495101929	
0.0148698184639	0.999815165997	0.0121855847538	
-0.998449146748	0.0155011834577	-0.053469825536	
-0.0476868972182	-0.0148400189355	0.998752117157	
0.0020304354839	0.999886095524	0.0149538153782	
-0.998860239983	0.00274100271054	-0.047651335597	
-0.0355327241123	-0.0157594587654	0.999244272709	
-0.00589743908495	0.99986153841	0.0155594842508	
-0.999351084232	-0.00534011097625	-0.0356207452714	
-0.0563634186983	-0.0137397842482	0.998315751553	
0.0160909760743	0.999762952328	0.014668174088	
-0.998280644417	0.0168906226754	-0.0561289712787	
-0.0540780313313	-0.0166717302054	0.998397529125	
0.0107837058604	0.999792575836	0.0172791220248	
-0.998478472233	0.0117008462548	-0.0538870282471	
-0.0453398860991	-0.0172490179539	0.998822689056	
0.00824061129242	0.99981045723	0.0176401436329	
-0.998937606812	0.00903071183711	-0.0451891496778	
-0.056335285306	-0.0142648983747	0.998309969902	
0.0201862379909	0.999677240849	0.0154235577211	
-0.998207807541	0.0210210140795	-0.0560291521251	
-0.0560422316194	-0.0165412053466	0.998291373253	
0.0221580434591	0.999595880508	0.0178067330271	
-0.998182475567	0.0231181122363	-0.0556530617177	
-0.0490286834538	-0.0165456254035	0.998660326004	
0.024706967175	0.999536752701	0.0177731215954	
-0.998491764069	0.0255452599376	-0.0485971756279	
-0.0546123497188	-0.0121351722628	0.998433887959	
0.01547206752	0.999795794487	0.0129980165511	
-0.998387753963	0.016157688573	-0.0544134415686	
-0.0489537715912	-0.0146690793335	0.998693346977	
0.00436313683167	0.999879479408	0.0149003732949	
-0.998791515827	0.00508686481044	-0.0488838665187	
-0.037488412112	-0.016794629395	0.999155938625	
-0.00186226447113	0.99985820055	0.0167365614325	
-0.999295353889	-0.00123326538596	-0.0375143736601	
-0.057154905051	-0.0080234836787	0.998333096504	
0.0210382826626	0.999735951424	0.00923920702189	
-0.998143613338	0.0215312801301	-0.0569710172713	
-0.0550185404718	-0.0105233006179	0.998429894447	
0.016532484442	0.99979776144	0.0114487418905	
-0.998348474503	0.017136419192	-0.0548334382474	
-0.0468410663307	-0.0127780428156	0.998820602894	
0.0147256245837	0.999800682068	0.0134811587632	
-0.998793780804	0.0153397293761	-0.0466435663402	
-0.056868661195	-0.00380491977558	0.998374402523	
0.0294092968106	0.999552428722	0.0054845996201	
-0.997948408127	0.0296733919531	-0.0567313060164	
-0.0565465129912	-0.00615241052583	0.998381018639	
0.0313269048929	0.999477684498	0.00793346855789	
-0.997908353806	0.0317247956991	-0.0563242435455	
-0.0499404110014	-0.00832541380078	0.998717486858	
0.0337461046875	0.999380230904	0.0100183971226	
-0.998181939125	0.0342031493783	-0.0496285110712	
-0.0518502704799	-0.00866084266454	0.998617291451	
0.0174639821053	0.999801635742	0.00957788061351	
-0.998502135277	0.0179364513606	-0.0516887307167	
-0.0470080971718	-0.0106215337291	0.99883800745	
0.00802311208099	0.999907195568	0.0110104931518	
-0.998862266541	0.00853137113154	-0.046918515116	
-0.0367370098829	-0.0143522890285	0.999221920967	
0.00341373495758	0.99988925457	0.0144873820245	
-0.999319136143	0.00394330173731	-0.0366839468479	
-0.0541933551431	0.0017405343242	0.998528957367	
0.0268199015409	0.999640226364	-0.000286869704723	
-0.99817019701	0.0267649013549	-0.0542205385864	
-0.0527107827365	-0.000699492287822	0.998609602451	
0.0230793338269	0.999731779099	0.00191850191914	
-0.998343110085	0.0231483690441	-0.0526804998517	
-0.045599013567	-0.00502352556214	0.998947203159	
0.0219593383372	0.999740660191	0.0060298955068	
-0.998718440533	0.0222111754119	-0.0454768761992	
-0.053555522114	0.0104231834412	0.998510479927	
0.0389449074864	0.999206542969	-0.00834162347019	
-0.997805118561	0.0384401604533	-0.0539189577103	
-0.0537242256105	0.00762579031289	0.99852669239	
0.0407939963043	0.999152779579	-0.00543571263552	
-0.9977222085	0.0404418669641	-0.0539897941053	
-0.0480544827878	0.00290115573443	0.998840510845	
0.0430592149496	0.999072194099	-0.000830238335766	
-0.997916162014	0.0429693944752	-0.0481348186731	
-0.492699176073	0.568312227726	-0.658990681171	
0.86846446991	0.273331880569	-0.413592934608	
-0.0549267604947	-0.77608692646	-0.628229379654	
-0.481922030449	0.57647973299	-0.659865319729	
0.873741090298	0.259631097317	-0.411300599575	
-0.0657849162817	-0.774766266346	-0.628816008568	
-0.466836184263	0.585671782494	-0.662610411644	
0.881391108036	0.246960759163	-0.402691096067	
-0.072206042707	-0.772009670734	-0.63149613142	
-0.485256552696	0.570400178432	-0.662698805332	
0.872892081738	0.271948605776	-0.405096679926	
-0.0508472174406	-0.775040388107	-0.62986266613	
-0.481868088245	0.574716031551	-0.661441326141	
0.874284029007	0.264886051416	-0.406771242619	
-0.0585713684559	-0.774297654629	-0.63010519743	
-0.472597241402	0.581564188004	-0.662144184113	
0.878955602646	0.256532907486	-0.402029722929	
-0.0639443099499	-0.771993517876	-0.632405877113	
-0.479316234589	0.576120555401	-0.662073254585	
0.87598669529	0.267735719681	-0.401204258204	
-0.0538813658059	-0.772271096706	-0.633004069328	
-0.481552839279	0.576703250408	-0.659939587116	
0.874572992325	0.267384976149	-0.40450873971	
-0.056823592633	-0.77195763588	-0.633129119873	
-0.476307481527	0.581168413162	-0.659829139709	
0.877269506454	0.263398677111	-0.401272118092	
-0.0594085454941	-0.769976913929	-0.63530009985	
-0.490532130003	0.56783169508	-0.661018490791	
0.869748711586	0.272022992373	-0.411753118038	
-0.0539942495525	-0.776898145676	-0.627306878567	
-0.479433596134	0.576049149036	-0.662050485611	
0.875249385834	0.258945941925	-0.408516228199	
-0.0638901516795	-0.775315642357	-0.62833404541	
-0.463779419661	0.583629131317	-0.666547596455	
0.883234679699	0.245716646314	-0.399399369955	
-0.0693192631006	-0.773951113224	-0.62943983078	
-0.481561183929	0.571824073792	-0.66416567564	
0.874814033508	0.267877221107	-0.403661042452	
-0.0529082603753	-0.775408923626	-0.629238963127	
-0.47756960988	0.57617688179	-0.663285374641	
0.87657481432	0.261315822601	-0.404141813517	
-0.0595301985741	-0.774425148964	-0.629858613014	
-0.46747609973	0.581367313862	-0.665941536427	
0.881708145142	0.252359241247	-0.398629665375	
-0.063693754375	-0.773515939713	-0.630568146706	
-0.47407490015	0.577611327171	-0.664543569088	
0.878517687321	0.259886264801	-0.40083143115	
-0.0588190369308	-0.773837387562	-0.630647301674	
-0.475501477718	0.57821148634	-0.663000583649	
0.877633631229	0.259982407093	-0.402701377869	
-0.0604780651629	-0.773356735706	-0.631079852581	
-0.469222635031	0.580992817879	-0.665039420128	
0.88092404604	0.255365133286	-0.398448824883	
-0.0616680271924	-0.772810459137	-0.631633639336	
-0.487966328859	0.566326141357	-0.664201438427	
0.870959997177	0.265696704388	-0.413320630789	
-0.057598143816	-0.780179440975	-0.622898459435	
-0.476474076509	0.574470043182	-0.665549874306	
0.876664578915	0.253119319677	-0.409133076668	
-0.0665711686015	-0.778405308723	-0.624222278595	
-0.460155963898	0.580286860466	-0.671955108643	
0.884989500046	0.239212110639	-0.399463534355	
-0.0710636600852	-0.778488755226	-0.623622655869	
-0.477423548698	0.572090625763	-0.666917622089	
0.876655101776	0.258716017008	-0.405637532473	
-0.0595191530883	-0.778317630291	-0.625043272972	
-0.472786039114	0.576379597187	-0.66652828455	
0.878771603107	0.252551138401	-0.404942512512	
-0.0650681257248	-0.777177274227	-0.62590867281	
-0.461804687977	0.579788029194	-0.671254277229	
0.884365439415	0.242892101407	-0.398624151945	
-0.0680751353502	-0.777720570564	-0.624913156033	
-0.468310058117	0.577842712402	-0.668418645859	
0.880914747715	0.246811434627	-0.4038233459	
-0.0683730021119	-0.777934372425	-0.624614417553	
-0.468919306993	0.578365385532	-0.667538881302	
0.880559921265	0.247282892466	-0.404308527708	
-0.0687671229243	-0.777396082878	-0.625241100788	
-0.461575895548	0.57933652401	-0.67180120945	
0.884443700314	0.241968274117	-0.399012118578	
-0.0686077326536	-0.778344750404	-0.624077260494	
0.731299936771	0.671574175358	0.119115747511	
-0.577556550503	0.702636599541	-0.415608286858	
-0.362806886435	0.235138237476	0.901710152626	
0.729339301586	0.672109186649	0.12780199945	
-0.575109779835	0.703481197357	-0.417567938566	
-0.370557546616	0.231048539281	0.899613082409	
0.725975871086	0.674393177032	0.134732544422	
-0.574344694614	0.702302575111	-0.42059391737	
-0.378268688917	0.227958127856	0.897188901901	
0.7276019454	0.673502027988	0.130347505212	
-0.576974272728	0.703597724438	-0.414790272713	
-0.371074289083	0.226595059037	0.900532364845	
0.726891458035	0.67315864563	0.135964334011	
-0.575043618679	0.704839527607	-0.415362596512	
-0.375437945127	0.223738089204	0.899437367916	
0.725374102592	0.67403370142	0.139681816101	
-0.57436054945	0.704500257969	-0.416880577803	
-0.379397422075	0.222166657448	0.898164570332	
0.723836123943	0.675995588303	0.13817088306	
-0.576533973217	0.702590048313	-0.417104095221	
-0.379038006067	0.222254812717	0.898294508457	
0.724189400673	0.674968540668	0.141305357218	
-0.57492929697	0.704105019569	-0.416764199734	
-0.380796521902	0.220575630665	0.897964596748	
0.724294543266	0.674629867077	0.142379701138	
-0.574150621891	0.70447152853	-0.417218148708	
-0.381770253181	0.220441415906	0.897584021091	
0.736389696598	0.667403817177	0.110915966332	
-0.575875163078	0.704370260239	-0.415006399155	
-0.355102777481	0.241732686758	0.903032302856	
0.73426347971	0.667844951153	0.121820569038	
-0.571618080139	0.705031216145	-0.419742435217	
-0.36621016264	0.238566726446	0.899430930614	
0.730666577816	0.670136094093	0.130552351475	
-0.568973779678	0.703371763229	-0.426071614027	
-0.377352803946	0.237035423517	0.89522010088	
0.730130195618	0.671937823296	0.124134801328	
-0.578201293945	0.704350948334	-0.411792427301	
-0.364133358002	0.228887200356	0.902783215046	
0.729028463364	0.671546399593	0.132449656725	
-0.574519097805	0.705530107021	-0.414915710688	
-0.372082382441	0.226390510798	0.900167763233	
0.72705334425	0.672471940517	0.138473451138	
-0.572011947632	0.704830467701	-0.419543027878	
-0.379731237888	0.225821688771	0.897111356258	
0.723672091961	0.677125394344	0.13341614604	
-0.580769956112	0.701931536198	-0.412308603525	
-0.372833609581	0.22089214623	0.901222348213	
0.723439395428	0.676097333431	0.139742165804	
-0.577444732189	0.703507840633	-0.414287745953	
-0.378408521414	0.219018697739	0.899354100227	
0.722901463509	0.675856292248	0.14363758266	
-0.574864327908	0.703639268875	-0.417639553547	
-0.383333355188	0.219340130687	0.897187530994	
0.742123603821	0.662317276001	0.102900020778	
-0.573308050632	0.706781327724	-0.414461135864	
-0.347232580185	0.248587980866	0.904230892658	
0.739877581596	0.662662267685	0.116016745567	
-0.567267477512	0.707236945629	-0.421928346157	
-0.361647337675	0.246362790465	0.899175524712	
0.736081302166	0.664959490299	0.126543492079	
-0.562762618065	0.705066502094	-0.431485116482	
-0.376141697168	0.24639415741	0.89320063591	
0.733405888081	0.669466018677	0.118029773235	
-0.578447639942	0.70579624176	-0.40896204114	
-0.357091158628	0.231661140919	0.904886186123	
0.731940507889	0.669040858746	0.129025027156	
-0.573063969612	0.706896662712	-0.414601951838	
-0.368593007326	0.229524359107	0.900809526443	
0.72951734066	0.670033216476	0.137331366539	
-0.5687713027	0.705817222595	-0.42228102684	
-0.379873156548	0.229951187968	0.896001577377	
0.724338412285	0.677326202393	0.128697469831	
-0.583934783936	0.701947569847	-0.407786458731	
-0.366543322802	0.220224484801	0.903961896896	
0.723531603813	0.67631816864	0.138187304139	
-0.578958630562	0.703569591045	-0.412064045668	
-0.375910788774	0.218136638403	0.900615036488	
0.722338318825	0.676196217537	0.144865468144	
-0.574630379677	0.703451752663	-0.418276876211	
-0.384743124247	0.218893319368	0.896693050861	
0.0208338592201	-0.996853590012	-0.076478227973	
-0.945452153683	-0.0445173829794	0.32270488143	
-0.325094103813	0.0655833184719	-0.943404793739	
0.0169939342886	-0.996781289577	-0.0783469676971	
-0.944252610207	-0.0417661294341	0.326561868191	
-0.328783005476	0.0684297531843	-0.941923081875	
0.0136590795591	-0.996622681618	-0.0809731483459	
-0.943738937378	-0.0396087281406	0.328310698271	
-0.330409139395	0.0719330906868	-0.941092669964	
0.0101153533906	-0.996740102768	-0.0800427943468	
-0.945575833321	-0.0355707705021	0.323451727629	
-0.325244486332	0.0724147111177	-0.942853212357	
0.00770948687568	-0.996565818787	-0.0824449285865	
-0.943225681782	-0.0346257910132	0.33034285903	
-0.332063138485	0.0752173960209	-0.940253376961	
0.00604084413499	-0.996308803558	-0.0856287255883	
-0.94176197052	-0.0344598963857	0.334509938955	
-0.336225956678	0.0786211565137	-0.938493907452	
-0.00198981887661	-0.99642843008	-0.0844178423285	
-0.946037948132	-0.0254799555987	0.32305252552	
-0.324049681425	0.0805053040385	-0.942608475685	
-0.00359170371667	-0.99617421627	-0.0873158574104	
-0.94236177206	-0.0258424282074	0.333596289158	
-0.334576457739	0.0834813043475	-0.93866366148	
-0.0042049670592	-0.995841383934	-0.0910071283579	
-0.939748167992	-0.0271753333509	0.340785712004	
-0.341841667891	0.0869567766786	-0.935725808144	
0.0112880403176	-0.997257590294	-0.0731429755688	
-0.946537435055	-0.0342406481504	0.320771664381	
-0.322396427393	0.0656116828322	-0.944328129292	
0.00763185601681	-0.997186779976	-0.0745675936341	
-0.945398390293	-0.0314928665757	0.324391901493	
-0.325827658176	0.0680203735828	-0.942979097366	
0.00444914959371	-0.997026085854	-0.0769361555576	
-0.944828391075	-0.0293910894543	0.326244533062	
-0.327535539865	0.0712399557233	-0.942149341106	
0.00252684019506	-0.996891856194	-0.0787417069077	
-0.94663143158	-0.0277638249099	0.321120083332	
-0.322308182716	0.0737279579043	-0.943759322166	
-0.000142893375596	-0.996833980083	-0.0795113369823	
-0.944443702698	-0.0259987264872	0.327643424273	
-0.328673273325	0.0751407966018	-0.941449820995	
-0.0021096477285	-0.996691703796	-0.0812478512526	
-0.943027019501	-0.0250491723418	0.331771910191	
-0.332709521055	0.0773188397288	-0.939854323864	
-0.00752158416435	-0.996280252934	-0.0858436226845	
-0.947092354298	-0.020448917523	0.320309042931	
-0.320872962475	0.083711065352	-0.94341558218	
-0.00982712302357	-0.996252834797	-0.0859288424253	
-0.943664014339	-0.0191848557442	0.330348551273	
-0.330759197474	0.0843343362212	-0.939939379692	
-0.0111779235303	-0.996146500111	-0.0869899243116	
-0.941187560558	-0.0188988354057	0.337355554104	
-0.337699562311	0.0856447666883	-0.937349438667	
0.00162363552954	-0.997459828854	-0.0712129697204	
-0.947516918182	-0.024301469326	0.318780660629	
-0.319701492786	0.0669579058886	-0.945149481297	
-0.00188866944518	-0.997395038605	-0.0721082612872	
-0.946317791939	-0.0215251594782	0.322520166636	
-0.323232144117	0.0688464641571	-0.943812012672	
-0.00495722610503	-0.997236669064	-0.0741246193647	
-0.945570766926	-0.0194445941597	0.324835032225	
-0.325378715992	0.0717003494501	-0.942861497402	
-0.00553094409406	-0.996879041195	-0.0787504687905	
-0.947628438473	-0.0199228357524	0.318752884865	
-0.319326996803	0.0763891860843	-0.944560706615	
-0.00852685701102	-0.996932268143	-0.0778030455112	
-0.945468366146	-0.0172969605774	0.325254261494	
-0.32560223341	0.0763337165117	-0.942420482635	
-0.0108535345644	-0.996894180775	-0.0780011564493	
-0.943962216377	-0.0155189521611	0.329688459635	
-0.329874992371	0.077208429575	-0.940861999989	
-0.013867340982	-0.995981097221	-0.0884834378958	
-0.948119878769	-0.0150110833347	0.317558377981	
-0.317610383034	0.0882965996861	-0.944101333618	
-0.016955319792	-0.996179401875	-0.0856688395143	
-0.944796800613	-0.0120777115226	0.32743409276	
-0.327217787504	0.0864913985133	-0.940982341766	
-0.0191253963858	-0.996281087399	-0.0840131342411	
-0.94230979681	-0.0101254731417	0.33458891511	
-0.334195286036	0.0855655446649	-0.938611745834	
-0.132064595819	-0.542196571827	-0.829808294773	
0.98245626688	0.0396078936756	-0.182238429785	
0.131676003337	-0.839317619801	0.52745360136	
-0.131288990378	-0.54219186306	-0.829934418201	
0.982485175133	0.0405076481402	-0.181884720922	
0.132235109806	-0.839277744293	0.52737724781	
-0.134130731225	-0.544224858284	-0.828147470951	
0.982576549053	0.0354584269226	-0.182444646955	
0.128655716777	-0.838189721107	0.52998650074	
-0.13894122839	-0.534175336361	-0.83387774229	
0.981214046478	0.0395485647023	-0.188824996352	
0.133844316006	-0.844448149204	0.518645405769	
-0.138471513987	-0.533586084843	-0.834333002567	
0.981524586678	0.0383815318346	-0.187446787953	
0.132041975856	-0.844874382019	0.518413126469	
-0.140912979841	-0.535256624222	-0.832852840424	
0.981779038906	0.0327802188694	-0.187177404761	
0.127489045262	-0.844053208828	0.52088457346	
-0.146663606167	-0.527832090855	-0.836590111256	
0.979881584644	0.0382047072053	-0.195888802409	
0.135358080268	-0.848489046097	0.511609733105	
-0.147004455328	-0.526693642139	-0.837247550488	
0.98030847311	0.0352531187236	-0.194300115108	
0.131852224469	-0.849323868752	0.51113986969	
-0.149559989572	-0.528042316437	-0.835944473743	
0.980560064316	0.0293994192034	-0.194004133344	
0.127018675208	-0.848709046841	0.513380229473	
-0.134738668799	-0.543111920357	-0.828779160976	
0.983172059059	0.0308530852199	-0.180057570338	
0.123361811042	-0.839093267918	0.529815375805	
-0.133334994316	-0.544175505638	-0.828308403492	
0.983278512955	0.0319647043943	-0.179280862212	
0.124036885798	-0.838362276554	0.530814051628	
-0.135409131646	-0.54605036974	-0.826736569405	
0.983438611031	0.0273826513439	-0.179160922766	
0.120469130576	-0.837304711342	0.533299207687	
-0.140788182616	-0.536718189716	-0.831932842731	
0.982096970081	0.0305160433054	-0.185887798667	
0.125156655908	-0.843209564686	0.522813022137	
-0.139302700758	-0.536903321743	-0.832063436508	
0.982503950596	0.0299534015357	-0.18381716311	
0.123615175486	-0.843111872673	0.523337066174	
-0.140574902296	-0.538128018379	-0.831057727337	
0.982866406441	0.0252221934497	-0.182585537434	
0.119215488434	-0.842485666275	0.525362372398	
-0.147534027696	-0.531435966492	-0.834151983261	
0.98091506958	0.0293731894344	-0.192205175757	
0.126646444201	-0.84658908844	0.516960024834	
-0.14645807445	-0.530764400959	-0.834768950939	
0.981472790241	0.0274178087711	-0.189629733562	
0.123536244035	-0.847075819969	0.516915261745	
-0.147432506084	-0.531367719173	-0.83421343565	
0.981889843941	0.0228281076998	-0.188072502613	
0.118979163468	-0.846833646297	0.518378913403	
-0.139859989285	-0.543852984905	-0.82744371891	
0.983776628971	0.0184965226799	-0.178441599011	
0.112350828946	-0.838976621628	0.532442986965	
-0.137216985226	-0.545922040939	-0.826523184776	
0.98410230875	0.0198511164635	-0.176489561796	
0.112756952643	-0.837600767612	0.534519255161	
-0.13789190352	-0.547573506832	-0.825317561626	
0.984451413155	0.0157768111676	-0.174947008491	
0.108817227185	-0.836608827114	0.536884009838	
-0.14469371736	-0.539111971855	-0.829711973667	
0.982836484909	0.01867489703	-0.183531314135	
0.114438712597	-0.842027008533	0.527156770229	
-0.141575008631	-0.54000300169	-0.829670608044	
0.983484447002	0.0187410898507	-0.180019706488	
0.11276011169	-0.841454446316	0.528431296349	
-0.141031086445	-0.540721535683	-0.829295158386	
0.984083175659	0.0149175832048	-0.1770811975	
0.108122698963	-0.841069340706	0.530011117458	
-0.150054514408	-0.534929096699	-0.831465244293	
0.981783032417	0.0185246039182	-0.189100295305	
0.116557821631	-0.84469383955	0.522404611111	
-0.146940529346	-0.534658133984	-0.832195341587	
0.982618689537	0.0175879914314	-0.184800446033	
0.113441713154	-0.844885408878	0.522780716419	
-0.145678415895	-0.534465491772	-0.832540988922	
0.983334124088	0.014299839735	-0.181244343519	
0.10877404362	-0.845069348812	0.523474931717	
0.293231844902	-0.93525415659	-0.198279336095	
0.949591636658	0.260870933533	0.173844978213	
-0.110863931477	-0.239261284471	0.964605212212	
0.292113155127	-0.936876535416	-0.192177772522	
0.949311137199	0.259646326303	0.177178293467	
-0.116095937788	-0.234192609787	0.965233445168	
0.290560632944	-0.937964737415	-0.189199954271	
0.949508666992	0.258179217577	0.178260311484	
-0.118354387581	-0.231442421675	0.965622425079	
0.301314771175	-0.934890151024	-0.187589600682	
0.946466624737	0.269346833229	0.177913352847	
-0.115802772343	-0.231155216694	0.966000497341	
0.296663850546	-0.937181651592	-0.183524236083	
0.947791397572	0.265403598547	0.176783517003	
-0.116970270872	-0.2263879776	0.966988325119	
0.290765404701	-0.93921649456	-0.182559177279	
0.949791669846	0.260292232037	0.173619389534	
-0.115547455847	-0.223875701427	0.967743992805	
0.303389579058	-0.935501754284	-0.181083500385	
0.945356428623	0.271700143814	0.180222690105	
-0.119398221374	-0.225866138935	0.966813623905	
0.295769631863	-0.938421726227	-0.178563565016	
0.947900831699	0.265161186457	0.176560476422	
-0.118340067565	-0.221481785178	0.967957377434	
0.286008358002	-0.941344618797	-0.179079800844	
0.951290369034	0.256488829851	0.171055778861	
-0.115090459585	-0.219280272722	0.968850016594	
0.295181572437	-0.933733642101	-0.202507674694	
0.949628829956	0.263376712799	0.169816955924	
-0.105227999389	-0.242433965206	0.964444339275	
0.294454097748	-0.935267448425	-0.196396395564	
0.94911801815	0.262179613113	0.174461588264	
-0.111677117646	-0.237774282694	0.96487903595	
0.293263733387	-0.936441123486	-0.192547142506	
0.949055671692	0.260872632265	0.176745116711	
-0.115281112492	-0.234570890665	0.965239226818	
0.304209530354	-0.933208048344	-0.191257163882	
0.946162343025	0.272688388824	0.174407169223	
-0.110604569316	-0.234016656876	0.965920746326	
0.299918740988	-0.935411691666	-0.187226504087	
0.947281718254	0.268835097551	0.174313127995	
-0.112721472979	-0.229636013508	0.966727018356	
0.294373065233	-0.937529027462	-0.185428768396	
0.949062883854	0.263965249062	0.172052338719	
-0.1123573035	-0.226631134748	0.967478275299	
0.307304561138	-0.933975338936	-0.182356670499	
0.944679141045	0.276324301958	0.176709339023	
-0.114652581513	-0.22657212615	0.967222750187	
0.300019145012	-0.936815917492	-0.17990116775	
0.947063982487	0.269922703505	0.173814535141	
-0.114272817969	-0.22252561152	0.968206644058	
0.29062217474	-0.939828753471	-0.17961256206	
0.950286328793	0.26157233119	0.168925344944	
-0.111779220402	-0.219776824117	0.969125151634	
0.295790404081	-0.932633399963	-0.206646949053	
0.950164496899	0.264949589968	0.164283528924	
-0.0984652861953	-0.244942098856	0.964524745941	
0.295667588711	-0.934067428112	-0.200246557593	
0.94928663969	0.263816714287	0.171042606235	
-0.106936946511	-0.240663141012	0.964699804783	
0.295043110847	-0.935320496559	-0.195256531239	
0.948817074299	0.262703329325	0.17530849576	
-0.112675085664	-0.23698630929	0.964956879616	
0.306654900312	-0.931589722633	-0.195200771093	
0.946113705635	0.275913059711	0.16953125596	
-0.104075133801	-0.236669704318	0.965999901295	
0.30289503932	-0.933703243732	-0.190926194191	
0.946891844273	0.272155344486	0.171252027154	
-0.107937000692	-0.232657849789	0.966550529003	
0.297871440649	-0.935904383659	-0.188030704856	
0.948313772678	0.267532587051	0.170667171478	
-0.109423816204	-0.229148983955	0.96722137928	
0.311650663614	-0.932157337666	-0.184273049235	
0.943997621536	0.281623065472	0.171921476722	
-0.108362324536	-0.227532759309	0.967722296715	
0.304835736752	-0.934929788113	-0.181608125567	
0.946094155312	0.275344729424	0.17056132853	
-0.10945802182	-0.22381156683	0.968466460705	
0.295940965414	-0.938043951988	-0.180256873369	
0.949021875858	0.267303109169	0.167052611709	
-0.108519464731	-0.220505431294	0.969330132008	
-0.444188892841	0.885433018208	-0.136764764786	
-0.604176938534	-0.408748775721	-0.68402826786	
-0.661563634872	-0.221207648516	0.716519892216	
-0.445586740971	0.886082231998	-0.127713382244	
-0.612362444401	-0.405737370253	-0.678520023823	
-0.65304261446	-0.224132627249	0.723394691944	
-0.447233200073	0.886500298977	-0.118741877377	
-0.617972552776	-0.402243345976	-0.675507366657	
-0.646600663662	-0.228730112314	0.727729439735	
-0.436381280422	0.88912665844	-0.137931570411	
-0.610282182693	-0.40513125062	-0.680752754211	
-0.661155819893	-0.212890595198	0.719409883022	
-0.438302338123	0.889375329018	-0.130010083318	
-0.616848707199	-0.402840346098	-0.676178514957	
-0.653749763966	-0.216174080968	0.725175857544	
-0.440767258406	0.889293134212	-0.121991753578	
-0.621022164822	-0.40024587512	-0.673895180225	
-0.648117005825	-0.22127135098	0.728686034679	
-0.430895298719	0.8914296031	-0.140294149518	
-0.613895773888	-0.403518617153	-0.67845761776	
-0.661408483982	-0.206218197942	0.721119165421	
-0.433542370796	0.891155123711	-0.133729487658	
-0.618407249451	-0.402167707682	-0.67515450716	
-0.655449092388	-0.210008814931	0.725453495979	
-0.437042295933	0.890446543694	-0.126881986856	
-0.620711147785	-0.400681763887	-0.673922657967	
-0.650931358337	-0.21577565372	0.727824985981	
-0.440766572952	0.887744724751	-0.13279338181	
-0.606506645679	-0.403600633144	-0.685022771358	
-0.661720871925	-0.221395075321	0.716316759586	
-0.440964639187	0.888410151005	-0.127583801746	
-0.612924933434	-0.401921421289	-0.680280983448	
-0.655647158623	-0.22178055346	0.721761882305	
-0.441445469856	0.888927638531	-0.122202731669	
-0.616800367832	-0.399536639452	-0.678179740906	
-0.651677191257	-0.22400470078	0.724664568901	
-0.436422020197	0.8898011446	-0.133378326893	
-0.611036837101	-0.401922255754	-0.681976854801	
-0.66043150425	-0.216130644083	0.719108998775	
-0.437116593122	0.890172958374	-0.128534898162	
-0.616055846214	-0.400456160307	-0.67831414938	
-0.655289471149	-0.217317685485	0.723442256451	
-0.438391804695	0.890281915665	-0.123331949115	
-0.618715107441	-0.398462146521	-0.677066862583	
-0.65192347765	-0.220513224602	0.725513398647	
-0.434087187052	0.890608072281	-0.135593309999	
-0.613261222839	-0.402389883995	-0.679700732231	
-0.659908354282	-0.211895257235	0.720847666264	
-0.435465067625	0.89057046175	-0.131356179714	
-0.616442739964	-0.401343762875	-0.677437484264	
-0.656024813652	-0.214026808739	0.723756849766	
-0.437732875347	0.890153050423	-0.126560002565	
-0.617448449135	-0.399935126305	-0.677354633808	
-0.653565108776	-0.218356087804	0.724688410759	
-0.43663969636	0.890412151814	-0.128499105573	
-0.608645796776	-0.397561401129	-0.686655044556	
-0.662492275238	-0.221610426903	0.7155367136	
-0.43551877141	0.891110241413	-0.127459645271	
-0.612825274467	-0.397221148014	-0.683125555515	
-0.659369826317	-0.219403505325	0.719092130661	
-0.434706002474	0.891717731953	-0.12597681582	
-0.614495515823	-0.395961523056	-0.682355999947	
-0.658350944519	-0.219212055206	0.720083415508	
-0.43642064929	0.890503466129	-0.128610119224	
-0.611331224442	-0.398360311985	-0.683800578117	
-0.660159945488	-0.219801306725	0.718245267868	
-0.43578633666	0.89101934433	-0.127180054784	
-0.614320993423	-0.397728711367	-0.681484818459	
-0.657799303532	-0.218852385879	0.720696687698	
-0.435763329268	0.891322851181	-0.125115349889	
-0.614988982677	-0.396353274584	-0.681683659554	
-0.657190144062	-0.220108166337	0.720870018005	
-0.437862634659	0.889480173588	-0.130772054195	
-0.611901581287	-0.401414304972	-0.681500554085	
-0.658675014973	-0.218383997679	0.72003865242	
-0.437881052494	0.889700472355	-0.129202246666	
-0.613265395164	-0.400680929422	-0.680705785751	
-0.657393097878	-0.21883289516	0.721073150635	
-0.438822090626	0.889583945274	-0.126789316535	
-0.612490177155	-0.399363011122	-0.682176589966	
-0.6574883461	-0.221696943045	0.72011077404	
0.211270183325	-0.179053917527	0.960887432098	
0.443285137415	0.893715500832	0.069071918726	
-0.871127545834	0.411354243755	0.268187373877	
0.215063303709	-0.183627426624	0.959181308746	
0.446390479803	0.892042040825	0.0706865042448	
-0.868609964848	0.412967324257	0.27381503582	
0.217088863254	-0.185566067696	0.958351552486	
0.450778335333	0.889871656895	0.0701945275068	
-0.865835607052	0.416765660048	0.276830404997	
0.209022983909	-0.173969492316	0.962311804295	
0.450324118137	0.89062589407	0.0631953626871	
-0.868053913116	0.420142948627	0.264503955841	
0.210279598832	-0.177916869521	0.96131581068	
0.452439188957	0.88937664032	0.0656354278326	
-0.866649448872	0.421135157347	0.267514318228	
0.20987983048	-0.179009407759	0.961200356483	
0.454940378666	0.888068854809	0.0660526901484	
-0.865436136723	0.423425704241	0.267826348543	
0.204313114285	-0.164558619261	0.964974939823	
0.454763710499	0.888893783092	0.0552977398038	
-0.866859912872	0.427537530661	0.256447941065	
0.20280097425	-0.167925775051	0.964713811874	
0.456216335297	0.887933671474	0.0586555711925	
-0.866451621056	0.428222775459	0.256684303284	
0.199672207236	-0.168223634362	0.965314388275	
0.457188904285	0.887338876724	0.0600669085979	
-0.866665661335	0.429337322712	0.254086881876	
0.203275710344	-0.176723957062	0.963040828705	
0.448916643858	0.89092618227	0.0687345117331	
-0.870145320892	0.418352991343	0.260437965393	
0.203995347023	-0.180684298277	0.962153375149	
0.450821340084	0.889745652676	0.0715037882328	
-0.868991374969	0.419172823429	0.262960314751	
0.203197866678	-0.18290117383	0.961903214455	
0.454035878181	0.887993216515	0.0729344412684	
-0.867503345013	0.421918451786	0.263482034206	
0.202324405313	-0.170916557312	0.964288532734	
0.453479230404	0.88907712698	0.0624378360808	
-0.867998540401	0.424652099609	0.257389098406	
0.200901150703	-0.173853099346	0.964061141014	
0.454614162445	0.888280510902	0.0654500052333	
-0.867735385895	0.425126850605	0.257492661476	
0.198042824864	-0.174841403961	0.964473724365	
0.456159442663	0.887357532978	0.0671949237585	
-0.867581486702	0.42664629221	0.255490362644	
0.198837175965	-0.16067071259	0.966772317886	
0.455785751343	0.888455271721	0.0539129897952	
-0.867596149445	0.429921150208	0.249889343977	
0.195027425885	-0.162614360452	0.967223286629	
0.456491887569	0.887885034084	0.0572302378714	
-0.868089556694	0.430368125439	0.247394070029	
0.189796805382	-0.16240490973	0.968298435211	
0.456735908985	0.887620449066	0.0593483410776	
-0.869119942188	0.430992543697	0.242643684149	
0.192558959126	-0.174120202661	0.965713858604	
0.455654680729	0.887466132641	0.0691565051675	
-0.869079887867	0.426715314388	0.250228255987	
0.189131200314	-0.177497535944	0.965776383877	
0.456257760525	0.886796057224	0.0736314728856	
-0.869516074657	0.426716953516	0.248705431819	
0.184400811791	-0.180020034313	0.966224133968	
0.458147883415	0.885487318039	0.0775416493416	
-0.86953830719	0.428374826908	0.245760381222	
0.193094611168	-0.167399168015	0.966794729233	
0.456727951765	0.887412905693	0.0624335929751	
-0.868397414684	0.429506570101	0.247810512781	
0.187933281064	-0.169353425503	0.967471182346	
0.456796497107	0.887078583241	0.0665472373366	
-0.86949300766	0.429430991411	0.244071647525	
0.181532800198	-0.170269072056	0.968532025814	
0.457262396812	0.886560559273	0.0701533034444	
-0.870607197285	0.430138140917	0.238797470927	
0.19100163877	-0.156127050519	0.969093739986	
0.455900669098	0.888434648514	0.0532775111496	
-0.869294524193	0.431634396315	0.240870907903	
0.183836951852	-0.156671211123	0.970390677452	
0.455791831017	0.888255417347	0.0570622459054	
-0.870894789696	0.431805998087	0.234703615308	
0.175422921777	-0.155982986093	0.972057640553	
0.455210238695	0.888333082199	0.0603982023895	
-0.872932076454	0.431895345449	0.226839035749	
0.175258591771	-0.117874018848	0.977440595627	
-0.623480856419	-0.781642019749	0.017530573532	
0.761942267418	-0.612487912178	-0.210481673479	
0.174208953977	-0.121181502938	0.977223753929	
-0.616029202938	-0.78762960434	0.0121483579278	
0.76821821928	-0.604114770889	-0.211863473058	
0.173396170139	-0.127294287086	0.97659099102	
-0.606470048428	-0.795096099377	0.00404303288087	
0.775968968868	-0.592974185944	-0.215066790581	
0.17146384716	-0.117492802441	0.978159308434	
-0.615844488144	-0.787754952908	0.0133306747302	
0.768983602524	-0.604679703712	-0.207428798079	
0.17333342135	-0.121120341122	0.977387011051	
-0.610691845417	-0.791802883148	0.0101800691336	
0.77266484499	-0.598646819592	-0.211213111877	
0.175641790032	-0.127632334828	0.976145446301	
-0.603809416294	-0.797116458416	0.00442181061953	
0.777537226677	-0.590182483196	-0.217072561383	
0.166118085384	-0.117247730494	0.979110717773	
-0.609587430954	-0.792673230171	0.00850195903331	
0.775117993355	-0.598265886307	-0.203150093555	
0.171039238572	-0.121171697974	0.977784752846	
-0.606737375259	-0.794865727425	0.00763017404824	
0.776283025742	-0.594563603401	-0.209472626448	
0.176543876529	-0.128095164895	0.975922048092	
-0.602517187595	-0.798094630241	0.00424076383933	
0.778334975243	-0.588758468628	-0.218078255653	
0.18172802031	-0.124243818223	0.975468277931	
-0.624275267124	-0.781023263931	0.0168236996979	
0.75977319479	-0.612018048763	-0.219496160746	
0.174778610468	-0.124894231558	0.976654410362	
-0.618117928505	-0.786020517349	0.0101001607254	
0.766408920288	-0.605452895164	-0.214578926563	
0.167651101947	-0.128045096993	0.977495551109	
-0.609785139561	-0.792566418648	0.000764096854255	
0.774632334709	-0.596190333366	-0.210954621434	
0.178049340844	-0.12488783896	0.976064264774	
-0.615140795708	-0.788335680962	0.0113433869556	
0.768049657345	-0.602436602116	-0.217186242342	
0.173915177584	-0.126108914614	0.976652503014	
-0.610677242279	-0.79185295105	0.00649804575369	
0.7725456357	-0.597549557686	-0.214727088809	
0.169844150543	-0.129871502519	0.976875841618	
-0.604425907135	-0.796660959721	-0.000824412330985	
0.778345882893	-0.590309023857	-0.213805899024	
0.17287479341	-0.125756308436	0.976882636547	
-0.607203602791	-0.794529438019	0.00517268152907	
0.77551150322	-0.594060838223	-0.213713794947	
0.171686708927	-0.127499818802	0.97686612606	
-0.604419767857	-0.796662867069	0.00224848883227	
0.777946293354	-0.590823233128	-0.213839828968	
0.170752704144	-0.131856441498	0.976451456547	
-0.600228786469	-0.799822568893	-0.00304272049107	
0.781389117241	-0.585574686527	-0.215715900064	
0.187445625663	-0.126760795712	0.974061489105	
-0.625206768513	-0.780233263969	0.0187763161957	
0.757615089417	-0.61250936985	-0.225503027439	
0.17506736517	-0.125073298812	0.976579785347	
-0.620316803455	-0.784277617931	0.0107569741085	
0.764564275742	-0.607672035694	-0.21488648653	
0.162147507071	-0.125536844134	0.978748559952	
-0.613170683384	-0.789950430393	0.000261775334366	
0.773129940033	-0.60018235445	-0.205063998699	
0.183768361807	-0.12853628397	0.974529445171	
-0.615003228188	-0.788433551788	0.0119809806347	
0.766811728477	-0.601540505886	-0.223939374089	
0.174102410674	-0.127689182758	0.976413726807	
-0.611195743084	-0.791460514069	0.00547894043848	
0.772093296051	-0.597733855247	-0.215838268399	
0.164162352681	-0.129015207291	0.977959990501	
-0.605522751808	-0.795821011066	-0.00334264268167	
0.778712332249	-0.591628313065	-0.208765491843	
0.178662508726	-0.130626693368	0.975200712681	
-0.605821847916	-0.795588076115	0.00442227954045	
0.775280356407	-0.59158796072	-0.221278250217	
0.171842947602	-0.130551964045	0.976435422897	
-0.603066027164	-0.797691106796	-0.000519745692145	
0.778961718082	-0.588765740395	-0.215809047222	
0.164974212646	-0.132696330547	0.977330625057	
-0.598837435246	-0.800834059715	-0.00764839584008	
0.783694624901	-0.584000408649	-0.211580500007	
0.0859508141875	-0.532039582729	0.842345774174	
0.0575208477676	0.846714198589	0.52892947197	
-0.994637548923	0.00299052265473	0.103379145265	
0.0908577740192	-0.53212505579	0.841776549816	
0.0493587963283	0.846640110016	0.529871940613	
-0.994639933109	-0.00659390632063	0.103188887239	
0.100462421775	-0.529964745045	0.842047870159	
0.0479916781187	0.847925662994	0.527938306332	
-0.993782699108	-0.012626670301	0.110618561506	
