0.4777302742	0.694869637489	0.53752207756	
-0.232144832611	-0.490258395672	0.840092539787	
0.84727948904	-0.526120603085	-0.0729008764029	
0.477728426456	0.694868803024	0.537524819374	
-0.232149645686	-0.490258514881	0.84009116888	
0.847279250622	-0.526121616364	-0.0728968754411	
0.477724969387	0.694868087769	0.537528812885	
-0.232158020139	-0.490257799625	0.840089261532	
0.847278892994	-0.526123225689	-0.0728892087936	
0.477727115154	0.694869875908	0.537524580956	
-0.232148200274	-0.490258961916	0.84009128809	
0.84728038311	-0.526119709015	-0.0728972032666	
0.477725714445	0.694868922234	0.537527084351	
-0.232151523232	-0.490259796381	0.840089857578	
0.847280263901	-0.526120245457	-0.0728948414326	
0.477722853422	0.694868206978	0.53753054142	
-0.232157737017	-0.490259855986	0.840088129044	
0.847280144691	-0.526121139526	-0.0728893131018	
0.477723419666	0.694870054722	0.537527620792	
-0.232152551413	-0.490259617567	0.840089678764	
0.84728127718	-0.526118934155	-0.0728926435113	
0.477722257376	0.694869160652	0.53752976656	
-0.232153847814	-0.490261256695	0.840088367462	
0.847281575203	-0.526118516922	-0.0728921741247	
0.477719724178	0.69486874342	0.537532567978	
-0.232157349586	-0.490262210369	0.840086877346	
0.84728205204	-0.526118218899	-0.0728890448809	
0.477727174759	0.694870114326	0.537524223328	
-0.232150033116	-0.490257412195	0.840091705322	
0.847279846668	-0.526120901108	-0.0728951692581	
0.477726429701	0.694871425629	0.537523150444	
-0.232152059674	-0.490254789591	0.840092658997	
0.847279667854	-0.526121556759	-0.072891831398	
0.477724313736	0.694872736931	0.537523388863	
-0.232157319784	-0.490251630545	0.840093016624	
0.847279429436	-0.526122868061	-0.0728853344917	
0.477726966143	0.694870054722	0.537524521351	
-0.232149675488	-0.490257978439	0.840091466904	
0.847280025482	-0.526120483875	-0.0728956013918	
0.47772538662	0.694870591164	0.537525177002	
-0.232152253389	-0.490257024765	0.84009128809	
0.847280204296	-0.526120603085	-0.0728924572468	
0.477722555399	0.694871246815	0.537526905537	
-0.232157409191	-0.490255594254	0.840090692043	
0.847280442715	-0.526121139526	-0.0728866532445	
0.477725893259	0.694869935513	0.537525594234	
-0.232150062919	-0.490258961916	0.840090751648	
0.847280561924	-0.526119709015	-0.0728953033686	
0.477723300457	0.694869935513	0.537527859211	
-0.232152670622	-0.490259796381	0.840089559555	
0.84728127718	-0.52611887455	-0.0728926062584	
0.477719515562	0.694870233536	0.537530839443	
-0.232157170773	-0.490260243416	0.840088069439	
0.847282171249	-0.526118099689	-0.072887763381	
0.477722465992	0.694870114326	0.537528336048	
-0.232155755162	-0.490258395672	0.840089559555	
0.847280919552	-0.526119947433	-0.0728893503547	
0.477723330259	0.694873452187	0.537523329258	
-0.232154220343	-0.490253329277	0.840092897415	
0.847280859947	-0.526120305061	-0.0728876590729	
0.477723032236	0.694876492023	0.53751963377	
-0.232155576348	-0.490247994661	0.840095639229	
0.847280681133	-0.526121199131	-0.0728832930326	
0.477725833654	0.694870352745	0.537525057793	
-0.232152104378	-0.490257024765	0.840091347694	
0.847280025482	-0.526120901108	-0.0728928372264	
0.477724611759	0.694872260094	0.53752374649	
-0.232153177261	-0.490254610777	0.840092420578	
0.847280442715	-0.526120662689	-0.0728898942471	
0.477722287178	0.694874048233	0.537523448467	
-0.232156485319	-0.490251988173	0.840093076229	
0.847280800343	-0.526120722294	-0.0728847831488	
0.477728068829	0.694870591164	0.537522792816	
-0.232149004936	-0.490256458521	0.840092539787	
0.84727960825	-0.526121139526	-0.0728957653046	
0.47772449255	0.694871306419	0.537525057793	
-0.232152149081	-0.490256816149	0.840091466904	
0.847280740738	-0.526119828224	-0.0728918239474	
0.477719962597	0.694872140884	0.537528038025	
-0.232156872749	-0.490257054567	0.840090036392	
0.84728205204	-0.526118576527	-0.0728862285614	
-0.0318479686975	-0.00913047976792	0.999451041222	
0.0379548668861	0.999225974083	0.010337873362	
-0.99877178669	0.0382632724941	-0.0314767695963	
-0.031847730279	-0.00913177151233	0.999451041222	
0.037950232625	0.999226152897	0.0103390095755	
-0.998772025108	0.0382586717606	-0.0314765311778	
-0.0318420156837	-0.00913311075419	0.999451160431	
0.037946484983	0.999226272106	0.0103400116786	
-0.998772323132	0.0382549054921	-0.0314708091319	
-0.0318483635783	-0.0091304089874	0.999450981617	
0.0379546694458	0.999225974083	0.0103378109634	
-0.99877178669	0.0382630713284	-0.0314771719277	
-0.0318493023515	-0.00913034565747	0.999450981617	
0.037952054292	0.999226093292	0.0103377019987	
-0.998771905899	0.0382604673505	-0.0314781367779	
-0.0318458974361	-0.00913035031408	0.999451100826	
0.0379496999085	0.999226152897	0.0103375017643	
-0.998772084713	0.0382580757141	-0.0314747616649	
-0.031849142164	-0.00913042854518	0.999450981617	
0.0379524119198	0.999226093292	0.010337789543	
-0.998771846294	0.0382608249784	-0.0314779728651	
-0.0318512693048	-0.00912898499519	0.999450922012	
0.0379526205361	0.999226093292	0.0103364344686	
-0.99877178669	0.0382610112429	-0.0314801521599	
-0.0318501852453	-0.00912762898952	0.999450981617	
0.0379524603486	0.999226093292	0.0103350328282	
-0.998771846294	0.038260795176	-0.0314791202545	
-0.0318473428488	-0.00912621896714	0.999451100826	
0.0379535444081	0.999226093292	0.0103335473686	
-0.998771905899	0.038261808455	-0.0314763225615	
-0.0318492613733	-0.00913112796843	0.999450981617	
0.0379505902529	0.999226152897	0.0103384358808	
-0.998771905899	0.0382590256631	-0.0314780846238	
-0.0318457596004	-0.00913670100272	0.999451041222	
0.0379485189915	0.999226152897	0.0103438086808	
-0.998772144318	0.0382570922375	-0.0314743928611	
-0.0318482145667	-0.00912792794406	0.999451041222	
0.0379533134401	0.999226093292	0.0103352824226	
-0.998771846294	0.0382616370916	-0.0314771309495	
-0.0318502150476	-0.00912953633815	0.999450981617	
0.0379526875913	0.999226093292	0.010336946696	
-0.998771846294	0.0382610857487	-0.031479075551	
-0.0318479314446	-0.00913182739168	0.999450981617	
0.0379523225129	0.999226033688	0.0103391390294	
-0.998771905899	0.0382607653737	-0.0314767062664	
-0.0318494737148	-0.00912970956415	0.999450981617	
0.0379514880478	0.999226093292	0.0103370537981	
-0.998771905899	0.0382598824799	-0.0314783379436	
-0.031851567328	-0.00912799034268	0.999450922012	
0.0379539914429	0.999226033688	0.0103354947641	
-0.998771727085	0.0382623560727	-0.0314804725349	
-0.0318505093455	-0.00912697520107	0.999450981617	
0.0379561260343	0.999225974083	0.0103345066309	
-0.99877166748	0.0382644459605	-0.0314794294536	
-0.031846024096	-0.00912008993328	0.999451160431	
0.0379527360201	0.999226152897	0.010327343829	
-0.998771965504	0.0382607914507	-0.0314752496779	
-0.0318503379822	-0.00912826135755	0.999450981617	
0.0379514545202	0.999226152897	0.0103356381878	
-0.998771846294	0.0382598116994	-0.0314792580903	
-0.0318492874503	-0.00913771241903	0.999450922012	
0.0379510633647	0.999226033688	0.0103450343013	
-0.998771905899	0.038259703666	-0.0314778499305	
-0.0318473689258	-0.00912422128022	0.999451100826	
0.0379522331059	0.999226152897	0.0103315096349	
-0.998771905899	0.0382604300976	-0.0314764380455	
-0.0318506658077	-0.00912714470178	0.999450981617	
0.0379535928369	0.999226033688	0.0103346025571	
-0.99877178669	0.0382619202137	-0.0314796082675	
-0.0318497382104	-0.00913136731833	0.999450981617	
0.0379552096128	0.999225974083	0.0103388400748	
-0.998771727085	0.0382636599243	-0.0314785018563	
-0.0318491011858	-0.00912840664387	0.999450981617	
0.0379505977035	0.999226152897	0.0103357098997	
-0.998771965504	0.038258947432	-0.0314780287445	
-0.0318514034152	-0.00912605691701	0.999450922012	
0.0379553958774	0.999225974083	0.0103335995227	
-0.99877166748	0.0382636971772	-0.0314803682268	
-0.0318506062031	-0.00912502594292	0.999450981617	
0.0379598252475	0.999225854874	0.0103326784447	
-0.998771548271	0.0382680855691	-0.0314795672894	
-0.473257899284	0.577446937561	-0.665268361568	
0.877314269543	0.240654528141	-0.41521692276	
-0.0796658918262	-0.780154109001	-0.620494067669	
-0.473255574703	0.577447474003	-0.665269553661	
0.877315282822	0.240650847554	-0.415216863155	
-0.0796682611108	-0.780154824257	-0.620492875576	
-0.473252862692	0.577447772026	-0.665271222591	
0.877316772938	0.240648761392	-0.415214985609	
-0.0796682611108	-0.780155301094	-0.62049227953	
-0.473254263401	0.577445983887	-0.665271818638	
0.877316474915	0.240653470159	-0.41521281004	
-0.0796630010009	-0.780155181885	-0.620493173599	
-0.473252236843	0.577446103096	-0.66527312994	
0.877317547798	0.240651518106	-0.415211707354	
-0.0796633958817	-0.780155658722	-0.620492458344	
-0.473249614239	0.577446341515	-0.665274739265	
0.877319037914	0.240650311112	-0.415209263563	
-0.0796624943614	-0.780155837536	-0.620492339134	
-0.473250061274	0.577445209026	-0.665275454521	
0.87731897831	0.240651935339	-0.415208429098	
-0.079660281539	-0.780156195164	-0.62049216032	
-0.47324860096	0.577444791794	-0.665276885033	
0.877319931984	0.240651920438	-0.415206432343	
-0.0796586275101	-0.780156493187	-0.620491981506	
-0.473246365786	0.577444911003	-0.665278315544	
0.877321302891	0.240651831031	-0.415203601122	
-0.0796567723155	-0.780156433582	-0.620492339134	
-0.473254442215	0.577447593212	-0.665270268917	
0.877316296101	0.240653514862	-0.415213257074	
-0.0796642750502	-0.780153930187	-0.620494544506	
-0.473253160715	0.577447474003	-0.665271282196	
0.877316772938	0.240650624037	-0.415213853121	
-0.0796662345529	-0.780154943466	-0.620492994785	
-0.473251312971	0.577446341515	-0.665273547173	
0.877317845821	0.240648925304	-0.415212631226	
-0.0796656608582	-0.780156254768	-0.62049138546	
-0.473251581192	0.577446341515	-0.665273368359	
0.877317845821	0.240650594234	-0.415211617947	
-0.0796639919281	-0.780155777931	-0.620492219925	
-0.473251581192	0.577446162701	-0.665273547173	
0.877317786217	0.240649998188	-0.415212064981	
-0.0796645358205	-0.780156075954	-0.620491743088	
-0.473250836134	0.577445447445	-0.665274679661	
0.877318263054	0.240649759769	-0.415211200714	
-0.0796636268497	-0.780156672001	-0.620491147041	
-0.473247885704	0.577445626259	-0.665276646614	
0.877319812775	0.240646839142	-0.415209621191	
-0.0796642675996	-0.780157446861	-0.620490133762	
-0.473249405622	0.577445268631	-0.665275812149	
0.877319097519	0.24064874649	-0.415210098028	
-0.0796633288264	-0.780157089233	-0.6204906106	
-0.473250001669	0.577444911003	-0.665275752544	
0.8773188591	0.240650162101	-0.415209710598	
-0.0796620249748	-0.780156970024	-0.620491027832	
-0.47325116396	0.57744795084	-0.66527223587	
0.877318203449	0.240652441978	-0.41520985961	
-0.0796626955271	-0.780153989792	-0.620494663715	
-0.473251014948	0.577447116375	-0.66527312994	
0.877318143845	0.240650326014	-0.415211200714	
-0.0796643123031	-0.780155301094	-0.620492815971	
-0.473250091076	0.577444672585	-0.665275871754	
0.877318680286	0.240649014711	-0.415210694075	
-0.0796632170677	-0.780157506466	-0.620490193367	
-0.473249018192	0.577446937561	-0.665274679661	
0.877319097519	0.240647882223	-0.415210485458	
-0.0796650871634	-0.780156135559	-0.620491623878	
-0.473251104355	0.577446460724	-0.665273606777	
0.877317905426	0.240648627281	-0.415212601423	
-0.0796658471227	-0.780156314373	-0.620491325855	
-0.473252266645	0.577444791794	-0.665274202824	
0.877317368984	0.240649342537	-0.415213346481	
-0.0796649903059	-0.780157268047	-0.620490193367	
-0.473245739937	0.577446818352	-0.665277123451	
0.877320587635	0.240642115474	-0.415210753679	
-0.0796684473753	-0.780157983303	-0.620488882065	
-0.473250359297	0.577446579933	-0.66527402401	
0.877318143845	0.240645930171	-0.415213763714	
-0.0796682834625	-0.780157029629	-0.620490133762	
-0.473253846169	0.577445685863	-0.66527235508	
0.877316296101	0.2406488657	-0.415215909481	
-0.0796675905585	-0.78015679121	-0.62049049139	
0.729250788689	0.671534121037	0.131282925606	
-0.578251540661	0.707409501076	-0.406444311142	
-0.365812003613	0.220485299826	0.90419459343	
0.72925055027	0.671534180641	0.131284087896	
-0.578252077103	0.707410097122	-0.406442463398	
-0.365811675787	0.220483094454	0.904195249081	
0.729250192642	0.67153429985	0.13128516078	
-0.578252732754	0.707410693169	-0.406440466642	
-0.365811228752	0.220480784774	0.904195964336	
0.729252338409	0.671531915665	0.131285741925	
-0.578249156475	0.707412004471	-0.406443297863	
-0.365812748671	0.220483854413	0.90419459343	
0.729252576828	0.671531617641	0.131285637617	
-0.578249394894	0.707412540913	-0.406442016363	
-0.365811765194	0.22048304975	0.904195189476	
0.729252636433	0.671531617641	0.131285235286	
-0.578250169754	0.707412838936	-0.406440407038	
-0.365810453892	0.220482036471	0.904195964336	
0.72925388813	0.671529889107	0.131287425756	
-0.578247308731	0.707414269447	-0.406442016363	
-0.365812569857	0.220482826233	0.904194951057	
0.729254424572	0.671529471874	0.131286308169	
-0.578247368336	0.707414448261	-0.406441509724	
-0.365811318159	0.22048330307	0.904195308685	
0.729254603386	0.671529591084	0.131284698844	
-0.57824832201	0.707414329052	-0.406440526247	
-0.36580953002	0.220483481884	0.904196023941	
0.729251921177	0.671534121037	0.131276637316	
-0.578253865242	0.707408726215	-0.406442344189	
-0.365806162357	0.220487639308	0.904196381569	
0.729251027107	0.671534717083	0.131278648973	
-0.578253865242	0.707408607006	-0.406442433596	
-0.36580786109	0.220486178994	0.904196023941	
0.729250013828	0.671535313129	0.131281077862	
-0.578253924847	0.707408607006	-0.406442463398	
-0.365809857845	0.220484375954	0.904195666313	
0.729252338409	0.671532869339	0.131280869246	
-0.578251898289	0.707410752773	-0.406441599131	
-0.365808367729	0.220485061407	0.904196083546	
0.7292522192	0.671532809734	0.131281703711	
-0.578251719475	0.707410931587	-0.406441569328	
-0.365808963776	0.220484524965	0.904195964336	
0.729251801968	0.671533048153	0.131282761693	
-0.578251779079	0.707410991192	-0.406441301107	
-0.365809649229	0.22048355639	0.904195964336	
0.729252934456	0.671531677246	0.131283730268	
-0.578250408173	0.707412421703	-0.40644082427	
-0.365809619427	0.22048330307	0.904196023941	
0.729253292084	0.671531260014	0.131283655763	
-0.57824999094	0.707412719727	-0.406440883875	
-0.365809500217	0.220483571291	0.904196023941	
0.729253232479	0.671531379223	0.131283581257	
-0.578250229359	0.707412719727	-0.406440526247	
-0.365809231997	0.22048330307	0.904196202755	
0.729253649712	0.671533703804	0.131269037724	
-0.578256249428	0.707408189774	-0.406439840794	
-0.365798860788	0.220490589738	0.904198586941	
0.729252099991	0.671534895897	0.13127180934	
-0.578255593777	0.70740711689	-0.406442701817	
-0.365803062916	0.220490530133	0.904196918011	
0.729250311852	0.67153608799	0.131275519729	
-0.578254699707	0.707406163216	-0.40644556284	
-0.365807980299	0.220489859581	0.904195070267	
0.729252636433	0.671533703804	0.131274849176	
-0.578255176544	0.707409501076	-0.40643915534	
-0.365802675486	0.220486447215	0.904198050499	
0.729251980782	0.671534061432	0.13127656281	
-0.57825422287	0.707409083843	-0.406441181898	
-0.365805327892	0.220486834645	0.904196918011	
0.729251086712	0.671534597874	0.131278991699	
-0.578253448009	0.707408666611	-0.406443059444	
-0.365808457136	0.220486521721	0.904195725918	
0.729251861572	0.671533763409	0.131279066205	
-0.578254342079	0.707410395145	-0.406438708305	
-0.365805476904	0.220483496785	0.904197633266	
0.729251921177	0.671533465385	0.131279960275	
-0.578253269196	0.70741045475	-0.406440138817	
-0.36580696702	0.22048419714	0.904196858406	
0.729251563549	0.671533584595	0.131281360984	
-0.578252613544	0.707410395145	-0.4064412117	
-0.365808725357	0.220484107733	0.904196202755	
0.00707407901064	-0.995788097382	-0.0914111807942	
-0.941461801529	-0.0374435223639	0.335033863783	
-0.337045490742	0.0836900770664	-0.937761306763	
0.00707376562059	-0.995788216591	-0.0914098918438	
-0.941461443901	-0.0374428853393	0.335034936666	
-0.337046504021	0.0836889222264	-0.937761068344	
0.00707415072247	-0.9957883358	-0.0914084389806	
-0.941461920738	-0.0374426357448	0.33503356576	
-0.337045103312	0.083687491715	-0.937761723995	
0.00706967618316	-0.995788156986	-0.0914109349251	
-0.94146168232	-0.0374393388629	0.335034579039	
-0.337045818567	0.0836913064122	-0.937761127949	
0.00707208877429	-0.995788276196	-0.0914096534252	
-0.941460847855	-0.0374413840473	0.33503678441	
-0.337048202753	0.0836891978979	-0.937760412693	
0.00707483803853	-0.995788395405	-0.0914082080126	
-0.941461086273	-0.0374434143305	0.335035920143	
-0.337047487497	0.0836869478226	-0.93776088953	
0.00706562632695	-0.995788156986	-0.0914110466838	
-0.941461503506	-0.0374356433749	0.33503562212	
-0.337046533823	0.0836927443743	-0.937760710716	
0.00706986617297	-0.995788276196	-0.0914097726345	
-0.94146001339	-0.0374395474792	0.335039258003	
-0.337050497532	0.0836899653077	-0.937759518623	
0.0070740818046	-0.995788395405	-0.0914083346725	
-0.94145989418	-0.0374430380762	0.335039198399	
-0.33705073595	0.0836871936917	-0.937759697437	
0.00707484176382	-0.9957883358	-0.0914088264108	
-0.94146156311	-0.0374435000122	0.335034489632	
-0.33704611659	0.0836875811219	-0.937761306763	
0.007072200533	-0.9957883358	-0.0914085432887	
-0.941461443901	-0.0374409593642	0.335035055876	
-0.337046444416	0.0836881846189	-0.937761187553	
0.00707019167021	-0.995788455009	-0.0914076790214	
-0.941461980343	-0.0374386571348	0.335033833981	
-0.337045013905	0.0836881026626	-0.937761664391	
0.00707093952224	-0.995788216591	-0.0914103463292	
-0.94146156311	-0.0374403558671	0.335034757853	
-0.33704611659	0.0836903229356	-0.937761068344	
0.00707105686888	-0.995788395405	-0.0914085507393	
-0.941461145878	-0.0374399758875	0.335036128759	
-0.337047427893	0.0836885347962	-0.937760770321	
0.00707144476473	-0.995788574219	-0.0914061740041	
-0.941461503506	-0.037439443171	0.33503511548	
-0.337046355009	0.0836862102151	-0.937761366367	
0.007067526225	-0.995788037777	-0.0914125591516	
-0.941461503506	-0.0374379307032	0.335035353899	
-0.337046474218	0.0836935341358	-0.937760651112	
0.00706950342283	-0.9957883358	-0.0914092510939	
-0.941460549831	-0.0374388992786	0.335037857294	
-0.337049037218	0.0836896523833	-0.93776011467	
0.0070713898167	-0.995788633823	-0.0914053544402	
-0.941460728645	-0.0374393127859	0.335037320852	
-0.337048530579	0.0836853682995	-0.937760651112	
0.00707562733442	-0.995788574219	-0.091405980289	
-0.941461265087	-0.0374433510005	0.335035324097	
-0.337046891451	0.0836846083403	-0.937761306763	
0.00707065919414	-0.995788455009	-0.0914074257016	
-0.941461443901	-0.0374391451478	0.335035324097	
-0.337046533823	0.0836876481771	-0.937761187553	
0.00706625543535	-0.995788455009	-0.091407880187	
-0.941461980343	-0.0374350398779	0.335034251213	
-0.337045103312	0.0836896076798	-0.937761485577	
0.00707222381607	-0.9957883358	-0.0914090201259	
-0.941461443901	-0.0374411530793	0.335035145283	
-0.337046563625	0.0836886242032	-0.937761068344	
0.00707004638389	-0.995788455009	-0.0914074257016	
-0.941461324692	-0.0374385975301	0.335035651922	
-0.337046802044	0.0836878418922	-0.937761068344	
0.00706807244569	-0.995788753033	-0.0914048403502	
-0.941461861134	-0.0374357439578	0.335034489632	
-0.337045371532	0.0836861208081	-0.937761723995	
0.00706944428384	-0.995787978172	-0.0914130806923	
-0.941461443901	-0.0374399162829	0.335035294294	
-0.33704662323	0.0836933776736	-0.937760651112	
0.00706915929914	-0.995788395405	-0.0914084538817	
-0.941461026669	-0.0374381914735	0.335036605597	
-0.337047725916	0.0836890637875	-0.937760591507	
0.00706871645525	-0.995788931847	-0.0914028212428	
-0.941461443901	-0.0374357700348	0.33503562212	
-0.337046504021	0.0836839601398	-0.937761485577	
-0.149409681559	-0.54247623682	-0.826677858829	
0.981665790081	0.0186974909157	-0.189690962434	
0.118359640241	-0.839863061905	0.529736757278	
-0.149406284094	-0.54247713089	-0.826677918434	
0.981666564941	0.0186973195523	-0.189686968923	
0.118357494473	-0.839862465858	0.529738128185	
-0.149405390024	-0.542477786541	-0.826677620411	
0.981666862965	0.0186965726316	-0.189685553312	
0.118356235325	-0.839862048626	0.52973908186	
-0.14941161871	-0.542476832867	-0.826677143574	
0.981665313244	0.0186976157129	-0.189693450928	
0.118361189961	-0.839862644672	0.529737055302	
-0.149409741163	-0.542476177216	-0.826677858829	
0.981666088104	0.0186953749508	-0.189689695835	
0.118357189	-0.83986312151	0.529737174511	
-0.149410620332	-0.542475342751	-0.826678276062	
0.981666266918	0.0186927206814	-0.189688920975	
0.118354432285	-0.839863717556	0.529736876488	
-0.14941483736	-0.542477369308	-0.826676189899	
0.981664657593	0.0186967998743	-0.189696833491	
0.118362434208	-0.839862346649	0.52973729372	
-0.149413600564	-0.542475283146	-0.826677799225	
0.981665551662	0.018693016842	-0.189692631364	
0.118356667459	-0.839863777161	0.529736340046	
-0.149415373802	-0.542473077774	-0.826678931713	
0.981665790081	0.0186889823526	-0.189691826701	
0.118352487683	-0.839865267277	0.52973484993	
-0.14941367507	-0.542477786541	-0.826676130295	
0.981665611267	0.0186918713152	-0.189692422748	
0.118356056511	-0.839862167835	0.529739022255	
-0.14941188693	-0.542478978634	-0.826675653458	
0.981665790081	0.0186934173107	-0.189691469073	
0.118357032537	-0.839861392975	0.529740035534	
-0.149412348866	-0.542479813099	-0.826675057411	
0.981665492058	0.0186944194138	-0.189692780375	
0.118358708918	-0.839860796928	0.529740512371	
-0.149413704872	-0.542479395866	-0.826675057411	
0.981665432453	0.0186927150935	-0.189693257213	
0.118357479572	-0.839861094952	0.529740333557	
-0.149412110448	-0.542478322983	-0.82667607069	
0.981665849686	0.0186926778406	-0.189691156149	
0.118356131017	-0.839861810207	0.529739499092	
-0.149413019419	-0.542476892471	-0.826676845551	
0.981665730476	0.0186922568828	-0.189691737294	
0.118355840445	-0.839862763882	0.529738128185	
-0.149414405227	-0.542481660843	-0.826673448086	
0.981665074825	0.0186935495585	-0.189695000648	
0.118359513581	-0.83985966444	0.529742181301	
-0.149412155151	-0.542478382587	-0.826676011086	
0.981665849686	0.0186924561858	-0.189691081643	
0.11835591495	-0.839861750603	0.529739618301	
-0.149412617087	-0.542474806309	-0.826678216457	
0.981666088104	0.0186911411583	-0.189690217376	
0.11835373193	-0.839864075184	0.529736459255	
-0.149417847395	-0.54247635603	-0.826676309109	
0.981665432453	0.0186868458986	-0.189693972468	
0.118352465332	-0.839863181114	0.529738128185	
-0.149417623878	-0.542477786541	-0.826675415039	
0.981664955616	0.0186901055276	-0.189695999026	
0.118356518447	-0.839862167835	0.529738843441	
-0.149419337511	-0.54247879982	-0.82667440176	
0.981664180756	0.0186928510666	-0.189699932933	
0.118361093104	-0.839861512184	0.529738903046	
-0.149415925145	-0.542479157448	-0.826674818993	
0.981665551662	0.0186884347349	-0.189693152905	
0.118353843689	-0.83986133337	0.52974075079	
-0.149414569139	-0.542477667332	-0.82667607069	
0.981665611267	0.018690597266	-0.189692646265	
0.118355087936	-0.839862287045	0.529739022255	
-0.149415418506	-0.542475700378	-0.826677203178	
0.981665194035	0.0186924058944	-0.189694464207	
0.118357218802	-0.839863538742	0.529736578465	
-0.149414077401	-0.542483448982	-0.826672315598	
0.981665492058	0.0186909455806	-0.189693257213	
0.118356741965	-0.839858531952	0.529744565487	
-0.14941072464	-0.542478978634	-0.826675832272	
0.981666147709	0.0186925362796	-0.189689546824	
0.11835526675	-0.839861392975	0.529740393162	
-0.14940983057	-0.542474150658	-0.826679229736	
0.981666326523	0.0186939369887	-0.189688548446	
0.118355020881	-0.839864492416	0.529735565186	
0.28043782711	-0.938819110394	-0.19993327558	
0.955054223537	0.252066880465	0.155992746353	
-0.0960524231195	-0.234693393111	0.967312216759	
0.280437856913	-0.938819587231	-0.199930906296	
0.955053985119	0.252066791058	0.155994191766	
-0.0960544645786	-0.234691500664	0.967312455177	
0.280438482761	-0.938819885254	-0.19992865622	
0.955053567886	0.252067118883	0.155996337533	
-0.0960570201278	-0.234689950943	0.967312633991	
0.280441522598	-0.938818216324	-0.1999322474	
0.955053806305	0.252072304487	0.155986323953	
-0.0960454270244	-0.234691098332	0.967313468456	
0.280442118645	-0.938818573952	-0.199929788709	
0.955053269863	0.252072274685	0.155989870429	
-0.0960494279861	-0.234689712524	0.967313408852	
0.280442535877	-0.938818991184	-0.199927166104	
0.955052554607	0.252071738243	0.155994966626	
-0.0960550457239	-0.234688580036	0.967313110828	
0.280445128679	-0.938817381859	-0.19993121922	
0.955053448677	0.252077579498	0.155979990959	
-0.0960385501385	-0.234688833356	0.967314720154	
0.2804453969	-0.938817799091	-0.199928700924	
0.955052793026	0.252076774836	0.155985474586	
-0.0960445553064	-0.23468786478	0.967314362526	
0.280444741249	-0.938818633556	-0.199925795197	
0.95505207777	0.252074509859	0.1559933424	
-0.0960532650352	-0.234687060118	0.967313706875	
0.280439347029	-0.938818097115	-0.199935972691	
0.955053985119	0.252068340778	0.155991867185	
-0.0960504487157	-0.234695896506	0.967311799526	
0.280439674854	-0.938818454742	-0.199933812022	
0.955053627491	0.252068459988	0.155993759632	
-0.0960528105497	-0.234694361687	0.96731197834	
0.280440628529	-0.93881881237	-0.199930787086	
0.955053031445	0.252069115639	0.155996277928	
-0.0960558578372	-0.234692201018	0.967312157154	
0.28044167161	-0.938817977905	-0.199933096766	
0.955053567886	0.252071797848	0.155988618731	
-0.09604742378	-0.234692528844	0.967312932014	
0.280443042517	-0.938818275928	-0.199929758906	
0.95505297184	0.252073138952	0.155990198255	
-0.0960495322943	-0.234689876437	0.967313349247	
0.280444294214	-0.938818871975	-0.199925288558	
0.95505219698	0.252074122429	0.155993252993	
-0.0960534289479	-0.234686508775	0.967313826084	
0.280443549156	-0.938817977905	-0.199930399656	
0.955053329468	0.252074748278	0.155985489488	
-0.0960445851088	-0.234689325094	0.967314004898	
0.280445098877	-0.938818514347	-0.199925899506	
0.955052673817	0.252076506615	0.155986607075	
-0.0960464850068	-0.234685450792	0.967314720154	
0.28044578433	-0.938819527626	-0.199920043349	
0.955052018166	0.25207695365	0.155990049243	
-0.0960512682796	-0.234680786729	0.967315375805	
0.280441462994	-0.938817441463	-0.1999360919	
0.955053448677	0.252070575953	0.155991598964	
-0.0960496217012	-0.234696164727	0.967311859131	
0.280441969633	-0.938817501068	-0.199935078621	
0.955053091049	0.252070695162	0.155993506312	
-0.0960516557097	-0.234695732594	0.967311739922	
0.280443102121	-0.938817739487	-0.199932217598	
0.955052435398	0.252071559429	0.155995950103	
-0.096054546535	-0.234693735838	0.967311918736	
0.280441761017	-0.938817977905	-0.199932992458	
0.955053210258	0.252071112394	0.155991956592	
-0.0960507169366	-0.234693303704	0.967312395573	
0.280443817377	-0.938818097115	-0.199929684401	
0.955052673817	0.252073705196	0.155991151929	
-0.0960502922535	-0.234690129757	0.967313230038	
0.280445754528	-0.938818633556	-0.19992429018	
0.955051958561	0.252076089382	0.155991733074	
-0.0960518121719	-0.234685301781	0.967314243317	
0.280441313982	-0.938818693161	-0.199930220842	
0.955053210258	0.252070814371	0.155992478132	
-0.0960520878434	-0.234690740705	0.967312932014	
0.280444055796	-0.938819050789	-0.19992467761	
0.955052733421	0.252075016499	0.155988797545	
-0.096049234271	-0.234684735537	0.967314660549	
0.28044590354	-0.938820183277	-0.199916779995	
0.955052137375	0.252078056335	0.155987352133	
-0.0960494354367	-0.234676972032	0.967316508293	
-0.462015360594	0.878299295902	-0.123012699187	
-0.610826253891	-0.415694952011	-0.673861265182	
-0.642987668514	-0.236194878817	0.728545725346	
-0.46201890707	0.878297507763	-0.123012475669	
-0.61082649231	-0.415697962046	-0.67385917902	
-0.642984867096	-0.236196413636	0.728547692299	
-0.462022304535	0.878295898438	-0.123011186719	
-0.610827744007	-0.415700376034	-0.673856556416	
-0.642981231213	-0.23619812727	0.728550314903	
-0.462016254663	0.878298819065	-0.123012952507	
-0.610825479031	-0.415695667267	-0.673861503601	
-0.642987728119	-0.236195534468	0.728545427322	
-0.462016671896	0.87829875946	-0.123011559248	
-0.610827207565	-0.415695607662	-0.673860013485	
-0.642985761166	-0.236195757985	0.728547096252	
-0.462017655373	0.87829875946	-0.123008273542	
-0.610830903053	-0.415695250034	-0.673856854439	
-0.64298158884	-0.236196503043	0.728550553322	
-0.462015062571	0.878299415112	-0.123013071716	
-0.610825896263	-0.415694862604	-0.67386162281	
-0.642988204956	-0.236194655299	0.728545308113	
-0.462013781071	0.878300428391	-0.123010672629	
-0.61082816124	-0.415692746639	-0.673860907555	
-0.642986953259	-0.236194625497	0.728546440601	
-0.462013721466	0.878301203251	-0.123005561531	
-0.610833406448	-0.415690660477	-0.673857450485	
-0.642982065678	-0.236195474863	0.728550493717	
-0.462017178535	0.878298819065	-0.123009249568	
-0.610825479031	-0.415693610907	-0.673862755299	
-0.642987072468	-0.236198976636	0.728544890881	
-0.462018609047	0.878297686577	-0.123012274504	
-0.610825955868	-0.415697336197	-0.67386007309	
-0.642985582352	-0.236196786165	0.728546917439	
-0.462019830942	0.878296792507	-0.123013950884	
-0.610827147961	-0.415700137615	-0.673857271671	
-0.642983615398	-0.236195161939	0.728549182415	
-0.462018251419	0.878297865391	-0.123012185097	
-0.610825359821	-0.41569674015	-0.673860967159	
-0.642986416817	-0.23619709909	0.728546082973	
-0.46201685071	0.878298699856	-0.123011343181	
-0.610826611519	-0.415695339441	-0.673860669136	
-0.642986238003	-0.236196398735	0.728546500206	
-0.46201595664	0.878299593925	-0.123008318245	
-0.610829532146	-0.415693342686	-0.673859238625	
-0.642984092236	-0.236196622252	0.728548288345	
-0.462017506361	0.878297805786	-0.123015291989	
-0.610826253891	-0.415698796511	-0.673858880997	
-0.642986118793	-0.236193627119	0.72854745388	
-0.462014704943	0.878299951553	-0.123010739684	
-0.610827326775	-0.415693312883	-0.673861265182	
-0.642987072468	-0.236195504665	0.728546023369	
-0.46201312542	0.878301799297	-0.123003177345	
-0.610831141472	-0.415687501431	-0.673861443996	
-0.642984628677	-0.23619864881	0.728547155857	
-0.462019115686	0.878298163414	-0.123006619513	
-0.61082482338	-0.415693044662	-0.673863708973	
-0.642986297607	-0.236202418804	0.728544473648	
-0.462018400431	0.878297686577	-0.123012974858	
-0.610825300217	-0.415697455406	-0.673860609531	
-0.642986357212	-0.236196547747	0.728546321392	
-0.462017416954	0.878297567368	-0.123017676175	
-0.610826194286	-0.415700554848	-0.673857867718	
-0.642986238003	-0.236191645265	0.728548049927	
-0.462020605803	0.878296554089	-0.123012572527	
-0.610825181007	-0.415699034929	-0.673859715462	
-0.642984867096	-0.236197888851	0.728547155857	
-0.462017387152	0.878298282623	-0.12301235646	
-0.610825717449	-0.415696263313	-0.673860907555	
-0.642986655235	-0.23619633913	0.728546082973	
-0.462014585733	0.878300130367	-0.123009651899	
-0.610827744007	-0.415692508221	-0.673861384392	
-0.642986774445	-0.236196100712	0.728546082973	
-0.462020576	0.878295660019	-0.123019002378	
-0.6108263731	-0.415704399347	-0.673855304718	
-0.642983734608	-0.236191764474	0.728550195694	
-0.462016284466	0.87829887867	-0.123012371361	
-0.610826134682	-0.415695458651	-0.673861026764	
-0.642987072468	-0.236195594072	0.728545963764	
-0.46201312542	0.878301918507	-0.123002432287	
-0.610828280449	-0.415685892105	-0.67386496067	
-0.642987310886	-0.236201092601	0.728543996811	
0.205780282617	-0.155768111348	0.96612149477	
0.453734487295	0.889905273914	0.0468359962106	
-0.867052197456	0.428724706173	0.253802329302	
0.205777570605	-0.155771762133	0.96612149477	
0.453737467527	0.88990354538	0.0468397177756	
-0.867051243782	0.428726971149	0.253801673651	
0.205774337053	-0.155774995685	0.966121673584	
0.453740537167	0.889901816845	0.0468432605267	
-0.867050409317	0.428729444742	0.253800362349	
0.205782234669	-0.15577109158	0.9661206007	
0.453737348318	0.889903783798	0.0468370057642	
-0.867050230503	0.428726792336	0.253805547953	
0.20578058064	-0.155772179365	0.966120779514	
0.453737318516	0.889903664589	0.046838760376	
-0.867050647736	0.428726553917	0.253804564476	
0.205777540803	-0.155772745609	0.966121375561	
0.45373699069	0.889903783798	0.0468407683074	
-0.867051541805	0.428726196289	0.253802061081	
0.205784097314	-0.155773788691	0.966119766235	
0.453738927841	0.889902889729	0.0468381792307	
-0.867048978806	0.428727596998	0.253808498383	
0.205784276128	-0.155772447586	0.966119945049	
0.45373660326	0.889904141426	0.0468375496566	
-0.867050111294	0.428725540638	0.253807932138	
0.205782175064	-0.155770525336	0.96612071991	
0.453733563423	0.889905631542	0.0468376167119	
-0.867052197456	0.428723067045	0.253805041313	
0.205777332187	-0.155763342977	0.966122925282	
0.45373532176	0.889905035496	0.0468326956034	
-0.867052435875	0.428727000952	0.253797620535	
0.205775424838	-0.155769348145	0.966122329235	
0.453736513853	0.889904081821	0.0468387380242	
-0.867052257061	0.428726732731	0.253798633814	
0.205773517489	-0.155775278807	0.966121792793	
0.453737825155	0.889903128147	0.0468446947634	
-0.867052018642	0.428726583719	0.25379961729	
0.205778747797	-0.155768364668	0.966121792793	
0.453737527132	0.889903724194	0.0468360334635	
-0.867050945759	0.428727835417	0.253801226616	
0.205777853727	-0.155770391226	0.966121673584	
0.453736960888	0.889903903008	0.0468384772539	
-0.867051482201	0.428726762533	0.253801286221	
0.20577609539	-0.155772283673	0.966121733189	
0.453736096621	0.889904201031	0.0468412674963	
-0.867052316666	0.428725510836	0.25380051136	
0.205779984593	-0.155774086714	0.9661206007	
0.453738927841	0.889902770519	0.0468403324485	
-0.86704993248	0.428727716208	0.253804951906	
0.205780848861	-0.155772313476	0.96612071991	
0.453737348318	0.889903664589	0.0468387641013	
-0.867050528526	0.428726524115	0.253804862499	
0.205779984593	-0.15577031672	0.966121196747	
0.453735083342	0.889904856682	0.0468379817903	
-0.867051959038	0.428724765778	0.25380307436	
0.205774009228	-0.1557597965	0.966124176979	
0.45373621583	0.889904677868	0.0468306876719	
-0.867052793503	0.428728997707	0.253793120384	
0.205773338675	-0.155767306685	0.966123104095	
0.453735619783	0.889904618263	0.0468380711973	
-0.86705327034	0.428726434708	0.253795802593	
0.205773219466	-0.155775114894	0.966121912003	
0.453735142946	0.889904439449	0.0468454621732	
-0.867053508759	0.42872390151	0.253799140453	
0.20577481389	-0.155766546726	0.966122925282	
0.453738123178	0.88990342617	0.0468359738588	
-0.86705160141	0.428729116917	0.253796935081	
0.205775111914	-0.155768692493	0.966122508049	
0.453737020493	0.889903843403	0.0468381270766	
-0.867052078247	0.428727447987	0.253798097372	
0.20577506721	-0.155771061778	0.966122150421	
0.45373570919	0.889904439449	0.046840723604	
-0.867052793503	0.428725451231	0.253799051046	
0.205775350332	-0.155774995685	0.966121435165	
0.453739762306	0.889902234077	0.0468430221081	
-0.867050588131	0.428728580475	0.253801256418	
0.205777347088	-0.155771940947	0.96612149477	
0.453738957644	0.889902830124	0.0468395352364	
-0.867050528526	0.428728461266	0.253801643848	
0.205778151751	-0.15576903522	0.966121792793	
0.453737467527	0.889903724194	0.0468369275331	
-0.867051124573	0.428727656603	0.253800988197	
0.17556001246	-0.124227114022	0.97659933567	
-0.598389565945	-0.801185309887	0.00565671315417	
0.781734347343	-0.585379958153	-0.214992314577	
0.175559207797	-0.124228067696	0.976599395275	
-0.598390161991	-0.801184892654	0.00565559929237	
0.781734108925	-0.585380315781	-0.214992240071	
0.175558567047	-0.124229624867	0.976599276066	
-0.598389744759	-0.801185190678	0.00565380742773	
0.781734526157	-0.585379600525	-0.214992657304	
0.175562858582	-0.124226428568	0.976598918438	
-0.59838783741	-0.801186621189	0.00565854134038	
0.781735062599	-0.585378348827	-0.214994192123	
0.175562009215	-0.124225005507	0.976599276066	
-0.598387598991	-0.801186800003	0.00565912155434	
0.781735420227	-0.585378408432	-0.214992657304	
0.175561890006	-0.124224320054	0.976599395275	
-0.59838694334	-0.80118727684	0.00565943447873	
0.781735956669	-0.585377931595	-0.214992165565	
0.175566211343	-0.124226480722	0.976598322392	
-0.598387181759	-0.801187098026	0.00566037278622	
0.781734824181	-0.585377693176	-0.214996919036	
0.17556515336	-0.12422259897	0.976598978043	
-0.598385751247	-0.80118817091	0.00566251482815	
0.781736135483	-0.585377037525	-0.21499375999	
0.175565391779	-0.124219596386	0.97659933567	
-0.598384559155	-0.801189005375	0.0056648007594	
0.781736969948	-0.585376501083	-0.214992165565	
0.175565958023	-0.12422760576	0.976598203182	
-0.598388910294	-0.801185786724	0.00565978512168	
0.781733512878	-0.585379242897	-0.214997380972	
0.175562277436	-0.124229349196	0.976598680019	
-0.598390519619	-0.801184654236	0.00565652828664	
0.781733155251	-0.58538043499	-0.214995458722	
0.175558060408	-0.124230951071	0.976599216461	
-0.598391115665	-0.801184177399	0.00565278483555	
0.781733632088	-0.585380673409	-0.214993044734	
0.175564274192	-0.124225996435	0.976598739624	
-0.598387420177	-0.801186919212	0.00565964914858	
0.781735062599	-0.585378050804	-0.214995071292	
0.175561860204	-0.124226421118	0.976599097252	
-0.598387956619	-0.80118650198	0.00565796624869	
0.781735181808	-0.585378468037	-0.214993387461	
0.175559490919	-0.124226845801	0.976599514484	
-0.598388135433	-0.801186382771	0.00565620698035	
0.781735599041	-0.585378527641	-0.214991748333	
0.175563126802	-0.124224834144	0.976599097252	
-0.598386645317	-0.801187515259	0.00565969292074	
0.781735897064	-0.585377454758	-0.214993461967	
0.175561830401	-0.124223858118	0.97659945488	
-0.598385751247	-0.80118817091	0.0056594517082	
0.781736850739	-0.585376799107	-0.214991852641	
0.175561144948	-0.124223023653	0.976599693298	
-0.598385155201	-0.801188647747	0.00565954530612	
0.78173750639	-0.585376322269	-0.21499080956	
0.17557092011	-0.124225206673	0.97659766674	
-0.598388195038	-0.801186323166	0.00566459167749	
0.781732976437	-0.585379004478	-0.214999914169	
0.175564438105	-0.124227315187	0.97659856081	
-0.598390758038	-0.801184415817	0.00565959373489	
0.781732439995	-0.585381150246	-0.214995980263	
0.175556749105	-0.124228559434	0.976599752903	
-0.598392367363	-0.801183223724	0.00565429963171	
0.781732916832	-0.585382521152	-0.21499055624	
0.175564661622	-0.124224416912	0.976598858833	
-0.598387002945	-0.801187217236	0.00566107453778	
0.781735301018	-0.585377931595	-0.214994445443	
0.17556078732	-0.124226272106	0.97659933567	
-0.598388314247	-0.801186263561	0.00565753038973	
0.781735122204	-0.585378885269	-0.214992433786	
0.175556272268	-0.124227382243	0.976599991322	
-0.598389267921	-0.801185548306	0.00565410079435	
0.781735420227	-0.58537954092	-0.214989483356	
0.175559028983	-0.124223776162	0.976599931717	
-0.59838616848	-0.801187872887	0.00565791409463	
0.781737148762	-0.585377216339	-0.214989542961	
0.17555758357	-0.12422529608	0.976600050926	
-0.598385870457	-0.801188111305	0.00565569195896	
0.781737744808	-0.585376560688	-0.214989304543	
0.175556078553	-0.124226205051	0.976600170135	
-0.598385810852	-0.80118817091	0.00565399462357	
0.781738162041	-0.585376262665	-0.214988648891	
0.0894013270736	-0.53826802969	0.838018417358	
0.0575866401196	0.842773616314	0.535178899765	
-0.994329512119	0.000412964262068	0.106342121959	
0.0893992707133	-0.538265049458	0.838020563126	
0.0575818642974	0.842775523663	0.53517639637	
-0.994329988956	0.000410404609283	0.106337822974	
0.0893988609314	-0.538262009621	0.838022589684	
0.057578265667	0.842777490616	0.535173714161	
-0.994330227375	0.000407972314861	0.106335535645	
