0.478061705828	0.694346964359	0.537902712822	
-0.232676967978	-0.490422487259	0.839849531651	
0.846946537495	-0.52665746212	-0.0728936642408	
0.477705329657	0.694524466991	0.537990152836	
-0.233010172844	-0.490284115076	0.839837908745	
0.847056031227	-0.526552200317	-0.072380065918	
0.477327793837	0.694668471813	0.538139283657	
-0.233322203159	-0.490231692791	0.839781880379	
0.847182929516	-0.526411116123	-0.0719196423888	
0.4779984653	0.694536745548	0.537713825703	
-0.232302799821	-0.490420103073	0.83995449543	
0.84708493948	-0.526409387589	-0.0730772390962	
0.477561295033	0.694615900517	0.537999927998	
-0.232842072845	-0.490385562181	0.839825332165	
0.847183465958	-0.526337087154	-0.0724533423781	
0.47707465291	0.694674551487	0.538355886936	
-0.233361393213	-0.490443170071	0.839647531509	
0.847314715385	-0.526206016541	-0.0718677937984	
0.477789372206	0.694727361202	0.537653446198	
-0.232145622373	-0.490422874689	0.839996337891	
0.847245931625	-0.526155233383	-0.0730409324169	
0.477385610342	0.694695293903	0.538053333759	
-0.232754796743	-0.49048614502	0.839790761471	
0.84730643034	-0.526138544083	-0.0724573656917	
0.476904153824	0.69465559721	0.53853136301	
-0.233345195651	-0.490647822618	0.83953243494	
0.847415149212	-0.526040196419	-0.0718974396586	
0.478052049875	0.694458782673	0.537766873837	
-0.232691556215	-0.490248143673	0.839947283268	
0.846947968006	-0.526672303677	-0.07276943326	
0.477581232786	0.694717347622	0.537851214409	
-0.23300793767	-0.4901047647	0.839943230152	
0.847126603127	-0.526464700699	-0.0721901729703	
0.47711583972	0.694927752018	0.537992477417	
-0.233261793852	-0.490070015192	0.839893043041	
0.847318947315	-0.526219367981	-0.071720071137	
0.477972865105	0.694767832756	0.537437975407	
-0.232307910919	-0.490080654621	0.840151190758	
0.847097992897	-0.526420533657	-0.0728451907635	
0.477477163076	0.694920361042	0.537681341171	
-0.23284702003	-0.48998862505	0.840055584908	
0.847229480743	-0.526304841042	-0.0721482411027	
0.476958543062	0.695037782192	0.537989854813	
-0.233324810863	-0.49001160264	0.839909613132	
0.847390174866	-0.526128470898	-0.0715456753969	
0.477764129639	0.694970965385	0.537360906601	
-0.232152730227	-0.490062177181	0.840204834938	
0.847258269787	-0.526169538498	-0.0727947205305	
0.477357685566	0.695004582405	0.537678539753	
-0.232778266072	-0.490015685558	0.840058863163	
0.847315728664	-0.52616840601	-0.0721307843924	
0.476900070906	0.695016086102	0.538069665432	
-0.233343675733	-0.490090399981	0.839858412743	
0.847417891026	-0.526083707809	-0.0715465396643	
0.477686464787	0.694747984409	0.537718236446	
-0.232755258679	-0.490111857653	0.840009152889	
0.847136735916	-0.526417732239	-0.0724135562778	
0.477192282677	0.695096135139	0.537707030773	
-0.232912614942	-0.489949673414	0.840060114861	
0.847371935844	-0.526108980179	-0.0719035491347	
0.476730287075	0.695381402969	0.537748038769	
-0.23296622932	-0.489918678999	0.840063333511	
0.847617208958	-0.525760769844	-0.0715586915612	
0.477709382772	0.695097386837	0.53724604845	
-0.232445463538	-0.489735841751	0.840314149857	
0.847208857536	-0.526306390762	-0.0723791643977	
0.477246254683	0.695331931114	0.537354171276	
-0.232842117548	-0.489572525024	0.840299487114	
0.847360908985	-0.526148498058	-0.07174410671	
0.476786851883	0.695516705513	0.537522852421	
-0.233136206865	-0.489546984434	0.840232849121	
0.847538650036	-0.525928020477	-0.0712594464421	
0.477619051933	0.695234358311	0.537149131298	
-0.232375457883	-0.489652842283	0.840381920338	
0.847279012203	-0.52620267868	-0.0723121091723	
0.477301061153	0.695342302322	0.537292063236	
-0.232874959707	-0.489482700825	0.840342760086	
0.847321033478	-0.526218354702	-0.0717028006911	
0.476958543062	0.695413589478	0.537503957748	
-0.233273178339	-0.489456534386	0.840247511864	
0.847404360771	-0.526148498058	-0.0712291449308	
-0.0331496708095	-0.00930186919868	0.999407112598	
0.0374452769756	0.999243080616	0.0105423778296	
-0.998748719692	0.0377725549042	-0.0327762700617	
-0.0328924693167	-0.00945405475795	0.999414205551	
0.0366742648184	0.999270439148	0.0106597095728	
-0.998785793781	0.0370034016669	-0.032521750778	
-0.0323040634394	-0.00950439367443	0.99943292141	
0.0360359810293	0.99929356575	0.0106678381562	
-0.998828232288	0.0363601595163	-0.031938739121	
-0.0334446802735	-0.00945934280753	0.999395787716	
0.037427727133	0.999241948128	0.0107104023919	
-0.998739540577	0.0377633199096	-0.0330652855337	
-0.0333339385688	-0.00951671414077	0.999398946762	
0.0369702205062	0.999258577824	0.010748481378	
-0.998760282993	0.0373062901199	-0.0329573862255	
-0.0328711345792	-0.00947444885969	0.999414682388	
0.0365880429745	0.99927341938	0.0106765041128	
-0.998789668083	0.036917578429	-0.0325005985796	
-0.033587500453	-0.00954908970743	0.999390184879	
0.0375003032386	0.999238193035	0.0108079472557	
-0.998731970787	0.0378404445946	-0.033203817904	
-0.0335948877037	-0.00951296463609	0.999390244484	
0.0373057499528	0.999245882034	0.0107656372711	
-0.99873906374	0.0376446731389	-0.0332146659493	
-0.0332292988896	-0.00937923975289	0.999403715134	
0.0371290445328	0.999254107475	0.010612343438	
-0.998757839203	0.0374595448375	-0.0328562743962	
-0.0332117080688	-0.00938401836902	0.99940431118	
0.0371395871043	0.999253690243	0.0106168091297	
-0.998758018017	0.0374700650573	-0.0328384004533	
-0.0329833030701	-0.00953225139529	0.999410450459	
0.0367230847478	0.999267756939	0.0107428533956	
-0.99878102541	0.0370557717979	-0.0326090976596	
-0.03246184811	-0.00963656976819	0.999426543713	
0.0364389196038	0.999277293682	0.0108186844736	
-0.998808503151	0.0367692187428	-0.0320872440934	
-0.0334511436522	-0.00930680893362	0.999397039413	
0.0372713319957	0.999249458313	0.0105529557914	
-0.998745143414	0.037601865828	-0.03307916224	
-0.0333149470389	-0.00943346042186	0.999400377274	
0.0371012687683	0.999254584312	0.0106688523665	
-0.998756051064	0.037434451282	-0.0329401157796	
-0.032864831388	-0.00951824616641	0.999414503574	
0.0370060503483	0.999257385731	0.0107336603105	
-0.998774468899	0.0373371429741	-0.032488193363	
-0.0335385911167	-0.00918884202838	0.999395191669	
0.0375223308802	0.999241173267	0.0104466332123	
-0.998732805252	0.0378499999642	-0.0331683531404	
-0.0334662161767	-0.00929534994066	0.999396622181	
0.0375482290983	0.999239087105	0.0105512402952	
-0.998734295368	0.0378786846995	-0.0330917276442	
-0.0330589599907	-0.00936195254326	0.999409556389	
0.0375914499164	0.999236941338	0.0106038041413	
-0.998746216297	0.0379198044538	-0.0326818041503	
-0.0331356599927	-0.00932554714382	0.999407351017	
0.0368482284248	0.999265253544	0.0105459345505	
-0.998771369457	0.0371758379042	-0.0327676832676	
-0.0329489633441	-0.00949889514595	0.99941188097	
0.0367860198021	0.999265789986	0.0107102813199	
-0.998779833317	0.0371172763407	-0.0325753428042	
-0.0325074568391	-0.00968623626977	0.999424576759	
0.0368555672467	0.999261319637	0.0108834244311	
-0.998791754246	0.0371881537139	-0.0321264527738	
-0.033319439739	-0.00903865508735	0.999403893948	
0.0371162332594	0.999258160591	0.0102747669443	
-0.998755335808	0.0374364592135	-0.03295924142	
-0.0331706181169	-0.00926368217915	0.999406754971	
0.0372334159911	0.999251425266	0.0104980310425	
-0.998755931854	0.0375595539808	-0.0328008718789	
-0.0327461026609	-0.00950459763408	0.999418497086	
0.0374248735607	0.999241828918	0.010729148984	
-0.998762786388	0.0377544499934	-0.0323655679822	
-0.0333513580263	-0.00873806327581	0.999405503273	
0.0375326573849	0.999245464802	0.00998917408288	
-0.998738706112	0.0378434956074	-0.0329982303083	
-0.0332120656967	-0.00901630055159	0.99940764904	
0.037778865546	0.999233365059	0.0102701857686	
-0.99873405695	0.0380975827575	-0.0328459776938	
-0.0327760353684	-0.00931234937161	0.999419331551	
0.0380418598652	0.999220371246	0.0105580808595	
-0.998738467693	0.0383658222854	-0.0323962233961	
-0.473963707685	0.577142834663	-0.665029764175	
0.877047181129	0.242175504565	-0.414896726608	
-0.0784007534385	-0.77990847826	-0.620963871479	
-0.473637253046	0.577452838421	-0.664993226528	
0.877182126045	0.241687297821	-0.414896130562	
-0.0788625478745	-0.779830396175	-0.621003389359	
-0.473239213228	0.577802121639	-0.664973199368	
0.877376973629	0.241377562284	-0.414664387703	
-0.07908436656	-0.779667615891	-0.621179580688	
-0.473505139351	0.577129662037	-0.665367722511	
0.877312719822	0.241964876652	-0.414457947016	
-0.0782003551722	-0.779983580112	-0.620894789696	
-0.473437398672	0.577300131321	-0.665268063545	
0.877314448357	0.241668641567	-0.414627075195	
-0.0785898342729	-0.779949247837	-0.620888710022	
-0.473214149475	0.57757371664	-0.665189385414	
0.877412617207	0.241432934999	-0.414556711912	
-0.0788384377956	-0.779819667339	-0.62101995945	
-0.473144412041	0.577242016792	-0.665526866913	
0.877512276173	0.24178506434	-0.414140343666	
-0.0781447440386	-0.779956161976	-0.620936214924	
-0.473241448402	0.577284574509	-0.665420949459	
0.877436637878	0.241659730673	-0.41437369585	
-0.0784061104059	-0.779963493347	-0.620894014835	
-0.473098993301	0.57749402523	-0.665340483189	
0.877493798733	0.241476967931	-0.414359152317	
-0.0786255300045	-0.779865086079	-0.620989918709	
-0.473675519228	0.577276110649	-0.665119349957	
0.877189874649	0.241890460253	-0.414761334658	
-0.0785457715392	-0.779898285866	-0.620958328247	
-0.473543852568	0.577487647533	-0.665029466152	
0.877231359482	0.241619810462	-0.414831310511	
-0.0788756757975	-0.779825508595	-0.621007859707	
-0.473361253738	0.577649652958	-0.665018856525	
0.877320051193	0.241471871734	-0.414729863405	
-0.078985221684	-0.779751420021	-0.621087014675	
-0.47329723835	0.577374577522	-0.665303170681	
0.877399265766	0.241689935327	-0.414435178041	
-0.0784872621298	-0.77988755703	-0.620979189873	
-0.473363548517	0.577445209026	-0.665194690228	
0.877340316772	0.241558670998	-0.414636492729	
-0.078746303916	-0.779875934124	-0.620961010456	
-0.473294973373	0.577529907227	-0.6651699543	
0.877364933491	0.241432279348	-0.414657980204	
-0.0788838863373	-0.779852330685	-0.620973169804	
-0.473030388355	0.577507436275	-0.665377676487	
0.877537071705	0.241490915418	-0.414259314537	
-0.0785551816225	-0.779850780964	-0.621016740799	
-0.473200649023	0.5774487257	-0.66530752182	
0.877433419228	0.241478025913	-0.414486348629	
-0.0786874890327	-0.779898285866	-0.620940387249	
-0.473152130842	0.577467739582	-0.665325582027	
0.8774497509	0.2413520962	-0.414525151253	
-0.0787971764803	-0.779923200607	-0.620895147324	
-0.47341388464	0.577450871468	-0.665153980255	
0.877306818962	0.241541683674	-0.414717167616	
-0.0788163766265	-0.779877007008	-0.620950758457	
-0.473470956087	0.577555716038	-0.66502225399	
0.877258718014	0.24148312211	-0.414853096008	
-0.0790091231465	-0.779817461967	-0.621001064777	
-0.473497718573	0.577521979809	-0.665032505989	
0.877244949341	0.24149158597	-0.414877176285	
-0.0790009275079	-0.779839873314	-0.620973944664	
-0.473120838404	0.577637255192	-0.665200650692	
0.877458035946	0.241346642375	-0.414510816336	
-0.0788929462433	-0.779799342155	-0.621038556099	
-0.47331520915	0.57759976387	-0.665094912052	
0.877342104912	0.241375029087	-0.414739608765	
-0.0790161788464	-0.779818356037	-0.620999038219	
-0.4733954072	0.577487170696	-0.665135622025	
0.877296924591	0.241352602839	-0.414848208427	
-0.0790372937918	-0.779908657074	-0.620882928371	
-0.472952753305	0.577766895294	-0.665207564831	
0.87753200531	0.241123870015	-0.414483845234	
-0.079077616334	-0.779772222042	-0.621049106121	
-0.473190486431	0.577598512173	-0.665184676647	
0.877404034138	0.241218164563	-0.414699852467	
-0.0790753811598	-0.779867768288	-0.620929419994	
-0.473230063915	0.577418684959	-0.66531264782	
0.877383172512	0.241143763065	-0.414787203074	
-0.0790698826313	-0.780023932457	-0.620733916759	
0.729137957096	0.671644747257	0.131343886256	
-0.578190088272	0.707240521908	-0.40682554245	
-0.366133958101	0.220690220594	0.904014229774	
0.729115784168	0.671571612358	0.131839782	
-0.57796728611	0.707373738289	-0.406910598278	
-0.366529613733	0.220485880971	0.903903782368	
0.729025483131	0.671580851078	0.132291570306	
-0.577807486057	0.707416534424	-0.407063096762	
-0.366961032152	0.220320314169	0.903769075871	
0.728951394558	0.671757817268	0.131800428033	
-0.57820224762	0.707245528698	-0.406799614429	
-0.36648607254	0.22032982111	0.903959453106	
0.729033708572	0.671627342701	0.132009789348	
-0.578008592129	0.707378864288	-0.406842976809	
-0.366627812386	0.220299452543	0.903909385204	
0.729050695896	0.671584010124	0.132136330009	
-0.577904045582	0.707418143749	-0.406923234463	
-0.36675876379	0.220305547118	0.90385478735	
0.728806853294	0.671837389469	0.132193386555	
-0.57817196846	0.707249522209	-0.406835764647	
-0.366821199656	0.220074161887	0.90388584137	
0.728951990604	0.671691477299	0.132134646177	
-0.578037559986	0.707349896431	-0.406852185726	
-0.366744577885	0.220196917653	0.903887033463	
0.729034543037	0.671637356281	0.131954267621	
-0.5780184865	0.707352459431	-0.406874835491	
-0.366610497236	0.220353797078	0.903903186321	
0.729146897793	0.671674787998	0.131140485406	
-0.578237950802	0.7071595788	-0.406898289919	
-0.366040557623	0.220858201385	0.904011011124	
0.729135215282	0.6716132164	0.131519928575	
-0.578018069267	0.707239508629	-0.407071709633	
-0.366410821676	0.220789447427	0.903877854347	
0.72904920578	0.671633243561	0.131894111633	
-0.577841818333	0.707231640816	-0.407335489988	
-0.366859734058	0.220753669739	0.903704464436	
0.728971123695	0.671764016151	0.131659463048	
-0.578261911869	0.707225561142	-0.406749486923	
-0.366352587938	0.220374971628	0.904002547264	
0.729014992714	0.671671152115	0.131890356541	
-0.578074932098	0.707318425179	-0.406853765249	
-0.366560429335	0.22035998106	0.903921961784	
0.728987216949	0.671664535999	0.132077306509	
-0.577957749367	0.707319796085	-0.407017797232	
-0.366800308228	0.220375671983	0.903820812702	
0.728815495968	0.671846807003	0.132097870111	
-0.578266561031	0.707261323929	-0.406680762768	
-0.366654872894	0.220007449389	0.903969526291	
0.728873074055	0.671764552593	0.132198661566	
-0.578142642975	0.707333922386	-0.406730592251	
-0.3667357862	0.220025286078	0.903932392597	
0.728861868382	0.671773135662	0.132216736674	
-0.578114688396	0.70731139183	-0.406809538603	
-0.366802126169	0.22007150948	0.90389418602	
0.729200839996	0.671658098698	0.130925863981	
-0.578259468079	0.707123279572	-0.406930804253	
-0.365899085999	0.221025139093	0.90402752161	
0.729196071625	0.671607017517	0.131214261055	
-0.578031361103	0.707153141499	-0.407202839851	
-0.366268873215	0.221084743738	0.903863191605	
0.729110658169	0.67163670063	0.131536349654	
-0.577827513218	0.707097828388	-0.407588094473	
-0.366760164499	0.2211715132	0.903642714024	
0.7290173769	0.671750843525	0.131470292807	
-0.578314721584	0.707211971283	-0.406698048115	
-0.366177111864	0.220458731055	0.904053270817	
0.729019105434	0.671694517136	0.131748169661	
-0.578123271465	0.707267582417	-0.406873524189	
-0.366475909948	0.220451876521	0.903933823109	
0.728942930698	0.671723663807	0.132020995021	
-0.57798230648	0.707234323025	-0.407131582499	
-0.366849690676	0.220469877124	0.903777837753	
0.728832125664	0.671864271164	0.131917119026	
-0.578373789787	0.707241117954	-0.406563311815	
-0.36645257473	0.220018997788	0.904048740864	
0.728798508644	0.671844542027	0.132203012705	
-0.57824921608	0.707289218903	-0.406656891108	
-0.366715967655	0.219924643636	0.903964877129	
0.728689789772	0.671914815903	0.132445037365	
-0.578201174736	0.707244813442	-0.406802415848	
-0.367007613182	0.219852879643	0.903863966465	
0.00747858267277	-0.995790660381	-0.091350927949	
-0.94190710783	-0.0376913361251	0.333752006292	
-0.335790246725	0.083548091352	-0.938224196434	
0.0076412325725	-0.995793521404	-0.0913065895438	
-0.941868364811	-0.037838421762	0.333844691515	
-0.335895270109	0.0834477990866	-0.9381955266	
0.00780200166628	-0.995793700218	-0.0912906229496	
-0.941827118397	-0.0379938483238	0.333943396807	
-0.336007207632	0.0833745524287	-0.938161969185	
0.00708838785067	-0.995801866055	-0.0912599340081	
-0.941792845726	-0.0373238436878	0.334115535021	
-0.336119055748	0.0835796073079	-0.938103616238	
0.00732266996056	-0.995792508125	-0.0913439542055	
-0.941709458828	-0.0375921465456	0.334320396185	
-0.336347550154	0.083571344614	-0.938022494316	
0.00755028193817	-0.995780527592	-0.0914556011558	
-0.941661298275	-0.0378546975553	0.334426343441	
-0.336477249861	0.0835951864719	-0.937973797321	
0.00675986567512	-0.995811641216	-0.091177970171	
-0.941692173481	-0.037013720721	0.334433674812	
-0.336407780647	0.0836008563638	-0.937998235226	
0.0069534489885	-0.995790839195	-0.09139059484	
-0.94156062603	-0.0372991077602	0.334772020578	
-0.336771726608	0.0837219655514	-0.937856853008	
0.0071355602704	-0.995767533779	-0.091630011797	
-0.941502273083	-0.0375646315515	0.334906578064	
-0.336931169033	0.0838801190257	-0.937785446644	
0.00740932952613	-0.995815396309	-0.0910867378116	
-0.941879689693	-0.0375447310507	0.333845794201	
-0.335868626833	0.0833191722631	-0.938216507435	
0.00736009329557	-0.995806694031	-0.0911857262254	
-0.941846132278	-0.0375401452184	0.333941012621	
-0.335963815451	0.0834250822663	-0.938172996044	
0.00730559742078	-0.99579679966	-0.0912982746959	
-0.941797912121	-0.0375388488173	0.33407714963	
-0.336100190878	0.0835438966751	-0.938113570213	
0.00710528250784	-0.995805382729	-0.0912204384804	
-0.941819429398	-0.0373197980225	0.334040999413	
-0.33604413271	0.08353972435	-0.938134014606	
0.00709037436172	-0.995804905891	-0.0912264361978	
-0.941755890846	-0.0373236425221	0.334219604731	
-0.336222440004	0.0835432931781	-0.938069820404	
0.0070653706789	-0.995803415775	-0.0912452489138	
-0.941715538502	-0.037316583097	0.334334224463	
-0.336336106062	0.0835648700595	-0.938027143478	
0.00688115274534	-0.99579179287	-0.0913858190179	
-0.941772222519	-0.0371771603823	0.334190040827	
-0.336181163788	0.0837650150061	-0.938064813614	
0.00678832828999	-0.995800375938	-0.0912990868092	
-0.941675245762	-0.0370852611959	0.334473371506	
-0.336454570293	0.0837035775185	-0.937972307205	
0.0066805887036	-0.995807945728	-0.0912243425846	
-0.941639184952	-0.0369682237506	0.334587782621	
-0.33655756712	0.0836651697755	-0.93793874979	
0.00735113024712	-0.99583530426	-0.090873837471	
-0.94185757637	-0.037424325943	0.333921670914	
-0.335931897163	0.0831355080009	-0.938210129738	
0.0070875599049	-0.995815455914	-0.0911120325327	
-0.941820502281	-0.0372665710747	0.334043890238	
-0.336041480303	0.0834436267614	-0.93814355135	
0.00681534875184	-0.995795607567	-0.0913489460945	
-0.941756486893	-0.0371070690453	0.334242045879	
-0.336226463318	0.0837504863739	-0.938049912453	
0.00710742920637	-0.995806217194	-0.0912113189697	
-0.941852271557	-0.0373105853796	0.333949387074	
-0.335952013731	0.0835340693593	-0.938167512417	
0.00684084044769	-0.995815038681	-0.0911352187395	
-0.941799879074	-0.0370484218001	0.334126263857	
-0.336104363203	0.0835454389453	-0.938111960888	
0.00656071444973	-0.995824038982	-0.0910570919514	
-0.941758394241	-0.0367701724172	0.334273964167	
-0.336226254702	0.0835607051849	-0.938066899776	
0.00696197710931	-0.995771288872	-0.0916031077504	
-0.94185936451	-0.0373039916158	0.333930164576	
-0.335935235023	0.0839524269104	-0.938136219978	
0.00658020749688	-0.995809674263	-0.0912129878998	
-0.941788196564	-0.0368333384395	0.334183037281	
-0.336142390966	0.0837043225765	-0.938084185123	
0.00618000235409	-0.995848119259	-0.0908200517297	
-0.941765606403	-0.0363322384655	0.33430147171	
-0.336213201284	0.083465218544	-0.938080072403	
-0.147970736027	-0.542337536812	-0.82702755928	
0.981854319572	0.0197263006121	-0.188607990742	
0.118603393435	-0.839929044247	0.529577553272	
-0.148120239377	-0.542354226112	-0.826989889145	
0.98183465004	0.0196202024817	-0.188721388578	
0.118579544127	-0.839920818806	0.529596030712	
-0.148363411427	-0.542419850826	-0.826903283596	
0.981815755367	0.0193455256522	-0.188847884536	
0.118431724608	-0.839884757996	0.52968621254	
-0.148414671421	-0.542059659958	-0.827130198479	
0.981773078442	0.019647475332	-0.189038723707	
0.118721283972	-0.840110301971	0.529263615608	
-0.148469701409	-0.542004883289	-0.827156245708	
0.981784164906	0.0194923188537	-0.188997104764	
0.118560545146	-0.840149283409	0.529237806797	
-0.148629292846	-0.542010366917	-0.827123999596	
0.981782674789	0.0192429088056	-0.189030334353	
0.118372671306	-0.840151429176	0.529276311398	
-0.148922458291	-0.541813910007	-0.827199995518	
0.981690466404	0.01946615614	-0.189485967159	
0.118768528104	-0.840273022652	0.528994560242	
-0.148887351155	-0.541695594788	-0.827283799648	
0.9817237854	0.0193142462522	-0.189328849316	
0.118536964059	-0.840352833271	0.528919756413	
-0.148967668414	-0.541648864746	-0.827299892902	
0.981731116772	0.0191424451768	-0.189308226109	
0.118375129998	-0.840386867523	0.528901934624	
-0.148351579905	-0.54225730896	-0.827012002468	
0.98182696104	0.019322598353	-0.188792183995	
0.118353955448	-0.839990258217	0.529536247253	
-0.14846406877	-0.542363464832	-0.826922178268	
0.981793999672	0.0193497631699	-0.188960626721	
0.118486084044	-0.839921116829	0.529616415501	
-0.148626282811	-0.542456150055	-0.826832234859	
0.981771826744	0.0192227959633	-0.189088687301	
0.118466354907	-0.839864134789	0.529711186886	
-0.148614451289	-0.54219353199	-0.827006578445	
0.981795430183	0.0191346462816	-0.188975125551	
0.118285566568	-0.840035736561	0.529479444027	
-0.148612141609	-0.542139708996	-0.827042281628	
0.981790840626	0.0191833749413	-0.188994109631	
0.118326678872	-0.84006935358	0.529416918755	
-0.148670449853	-0.542083799839	-0.827068448067	
0.981783688068	0.0191523041576	-0.189034387469	
0.118312746286	-0.840106129646	0.529361665249	
-0.148932993412	-0.542131066322	-0.826990246773	
0.981762349606	0.0188665576279	-0.189173877239	
0.118159487844	-0.840082108974	0.529433965683	
-0.148820161819	-0.541925251484	-0.827145457268	
0.98177754879	0.0189891364425	-0.189082801342	
0.118175521493	-0.840212166309	0.529224038124	
-0.148778811097	-0.541728615761	-0.827281713486	
0.981776833534	0.0191062744707	-0.189074665308	
0.118233419955	-0.84033626318	0.529013991356	
-0.148784667253	-0.542157590389	-0.826999604702	
0.981794118881	0.0188758261502	-0.189008057117	
0.11808244884	-0.840064823627	0.529478669167	
-0.148832574487	-0.542356312275	-0.82686060667	
0.981754243374	0.0190355852246	-0.189198866487	
0.118352979422	-0.839932858944	0.529627561569	
-0.148886263371	-0.542479217052	-0.826770305634	
0.981735169888	0.0190555937588	-0.18929579854	
0.118443638086	-0.839853048325	0.529733836651	
-0.148848444223	-0.542294025421	-0.826898634434	
0.981811642647	0.0186159666628	-0.188942715526	
0.117856018245	-0.839982509613	0.529659628868	
-0.148761108518	-0.542244315147	-0.826946914196	
0.981797814369	0.0188679154962	-0.188989579678	
0.11808128655	-0.840008974075	0.529567480087	
-0.148690447211	-0.542130053043	-0.827034533024	
0.981791377068	0.0190544780344	-0.189004197717	
0.118223570287	-0.840078532696	0.529425382614	
-0.148959755898	-0.542400836945	-0.826808512211	
0.981827318668	0.0182983893901	-0.188892364502	
0.117584638298	-0.839920520782	0.529818236828	
-0.148741364479	-0.542110681534	-0.827038109303	
0.981830894947	0.0186947826296	-0.188834711909	
0.117830611765	-0.840099096298	0.529480338097	
-0.148550614715	-0.541767120361	-0.827297449112	
0.981828570366	0.0191001519561	-0.188806414604	
0.118090614676	-0.840311586857	0.529085099697	
0.281197458506	-0.938561916351	-0.200073882937	
0.954745650291	0.252561956644	0.15707705915	
-0.0968954861164	-0.235189333558	0.967107653618	
0.281014502048	-0.938677608967	-0.199787974358	
0.954794228077	0.252422183752	0.157006368041	
-0.0969474464655	-0.234877482057	0.967178225517	
0.280877709389	-0.938751459122	-0.199633166194	
0.954840600491	0.252332091331	0.15686930716	
-0.0968874394894	-0.234678953886	0.967232465744	
0.281442373991	-0.93854868412	-0.199791148305	
0.954658746719	0.25280764699	0.157209962606	
-0.097040489316	-0.234977915883	0.967144548893	
0.281291544437	-0.938641309738	-0.199568524957	
0.954704999924	0.252705127001	0.157093837857	
-0.0970227718353	-0.234718233347	0.967209339142	
0.28105583787	-0.938733458519	-0.199467122555	
0.954780578613	0.252511709929	0.156945511699	
-0.0969622135162	-0.234557777643	0.967254340649	
0.281517505646	-0.938561916351	-0.199623093009	
0.954630076885	0.252891778946	0.157248750329	
-0.0971046462655	-0.234834477305	0.967172920704	
0.281409263611	-0.938636004925	-0.199427381158	
0.95465773344	0.252810806036	0.157211080194	
-0.0971465781331	-0.234625548124	0.967219412327	
0.281085073948	-0.938751041889	-0.199343070388	
0.954746305943	0.25249838829	0.15717536211	
-0.0972147285938	-0.234501704574	0.967242598534	
0.281204640865	-0.938515067101	-0.200283229351	
0.95475590229	0.252563863993	0.157011643052	
-0.0967734903097	-0.235373988748	0.967074930668	
0.281148403883	-0.938566446304	-0.200121507049	
0.954761564732	0.252510726452	0.157062575221	
-0.0968808233738	-0.235226213932	0.967100143433	
0.281136125326	-0.938605427742	-0.199955806136	
0.954766631126	0.252530187368	0.157000631094	
-0.0968667641282	-0.235049679875	0.967144489288	
0.281451672316	-0.938510835171	-0.19995598495	
0.954668164253	0.252818405628	0.157135292888	
-0.0969206094742	-0.235117614269	0.967122614384	
0.281420081854	-0.938549935818	-0.199816852808	
0.954676568508	0.252809196711	0.157099336386	
-0.0969300270081	-0.234971374273	0.967157185078	
0.281301498413	-0.938618004322	-0.199663877487	
0.954715847969	0.252732008696	0.156984642148	
-0.0968871638179	-0.234782278538	0.967207431793	
0.281556814909	-0.93855047226	-0.199621647596	
0.954631149769	0.25296023488	0.157131999731	
-0.0969799682498	-0.234806627035	0.967192173004	
0.281560391188	-0.938581883907	-0.199468716979	
0.954625964165	0.25297921896	0.157133087516	
-0.0970208272338	-0.234660461545	0.967223584652	
0.281345963478	-0.938683688641	-0.199292108417	
0.954683303833	0.252789705992	0.157089591026	
-0.0970784500241	-0.234457373619	0.967267036438	
0.281220674515	-0.938489317894	-0.200381621718	
0.954758822918	0.252581238747	0.156966120005	
-0.0966983959079	-0.235458225012	0.967061936855	
0.28128811717	-0.938474535942	-0.200356125832	
0.954723954201	0.252613484859	0.157126113772	
-0.0968462005258	-0.235482499003	0.967041254044	
0.28139731288	-0.938476860523	-0.200191676617	
0.954690039158	0.252741187811	0.157126709819	
-0.0968630984426	-0.23533603549	0.967075228691	
0.281455397606	-0.938486337662	-0.2000657022	
0.954674124718	0.252820700407	0.157095566392	
-0.0968512892723	-0.235212936997	0.967106342316	
0.281539976597	-0.938470244408	-0.200022146106	
0.954647004604	0.252903461456	0.157127171755	
-0.0968728736043	-0.235188126564	0.967110216618	
0.281535357237	-0.93851262331	-0.199829742312	
0.954652428627	0.252941161394	0.157033488154	
-0.0968327447772	-0.234978437424	0.967165231705	
0.281576156616	-0.938544809818	-0.199620857835	
0.954632639885	0.252996206284	0.157065227628	
-0.0969094336033	-0.234790399671	0.967203199863	
0.281688392162	-0.93853199482	-0.1995228827	
0.954596996307	0.253113746643	0.157092422247	
-0.0969342812896	-0.2347150594	0.967218995094	
0.281580507755	-0.938618898392	-0.199266165495	
0.954625546932	0.253045707941	0.157028481364	
-0.0969664528966	-0.234440729022	0.967282295227	
-0.461470991373	0.878507196903	-0.123570412397	
-0.610548496246	-0.415548145771	-0.674203455448	
-0.643642008305	-0.235679626465	0.728134632111	
-0.461635679007	0.878474831581	-0.123184740543	
-0.610750973225	-0.415469378233	-0.674068570137	
-0.643331766129	-0.235938891768	0.728324830532	
-0.461767286062	0.878455340862	-0.122829943895	
-0.610828697681	-0.415340036154	-0.674077868462	
-0.643163502216	-0.236239045858	0.728376150131	
-0.461235284805	0.878623008728	-0.123627096415	
-0.610549151897	-0.415387272835	-0.674301981926	
-0.643810331821	-0.235531464219	0.728033781052	
-0.461254894733	0.878655135632	-0.123325251043	
-0.610776543617	-0.415255874395	-0.674176990986	
-0.643580555916	-0.23564325273	0.728200733662	
-0.461328059435	0.878660559654	-0.123012363911	
-0.610904812813	-0.415126353502	-0.674140512943	
-0.643406331539	-0.235851094127	0.728287398815	
-0.460992276669	0.878735542297	-0.123733244836	
-0.610431373119	-0.4152148664	-0.674514710903	
-0.644095957279	-0.235415428877	0.727818608284	
-0.46096470952	0.878782868385	-0.123499646783	
-0.610662162304	-0.415096014738	-0.674378991127	
-0.64389693737	-0.235448345542	0.727984070778	
-0.461077392101	0.878763973713	-0.123213075101	
-0.610819458961	-0.415031462908	-0.674276232719	
-0.643666982651	-0.2356325984	0.728127777576	
-0.461590707302	0.878465771675	-0.123417586088	
-0.610429704189	-0.415491253138	-0.674346029758	
-0.643668830395	-0.235934108496	0.728028535843	
-0.461487114429	0.878519296646	-0.123423926532	
-0.610688090324	-0.415500849485	-0.674106121063	
-0.643498003483	-0.235717758536	0.72824960947	
-0.461345940828	0.878596425056	-0.123402610421	
-0.610797226429	-0.415401875973	-0.674068212509	
-0.643495619297	-0.235604673624	0.728288292885	
-0.4614161551	0.878542542458	-0.123523697257	
-0.610451340675	-0.415429115295	-0.674364745617	
-0.643773436546	-0.235757574439	0.727993190289	
-0.461211591959	0.878662347794	-0.123435564339	
-0.610721111298	-0.415282636881	-0.674210727215	
-0.643664181232	-0.23556907475	0.728150784969	
-0.461056113243	0.87876611948	-0.123277768493	
-0.610867261887	-0.415080100298	-0.674203038216	
-0.643636882305	-0.235539078712	0.728184640408	
-0.461222350597	0.878626585007	-0.123649656773	
-0.610360264778	-0.415324270725	-0.674511730671	
-0.643998682499	-0.235629066825	0.727835595608	
-0.46101474762	0.878763437271	-0.123451456428	
-0.610619783401	-0.41508692503	-0.67442291975	
-0.643901288509	-0.235537022352	0.727951526642	
-0.460942924023	0.878844559193	-0.123141542077	
-0.610781431198	-0.414845913649	-0.674424886703	
-0.643799424171	-0.235658794641	0.728002250195	
-0.461674690247	0.878439962864	-0.123287320137	
-0.610309183598	-0.415419965982	-0.674499094486	
-0.643722951412	-0.236155763268	0.727908790112	
-0.461297333241	0.878580868244	-0.123694725335	
-0.610594213009	-0.415509521961	-0.674185812473	
-0.643723130226	-0.235472843051	0.728129863739	
-0.460877776146	0.878755807877	-0.124015823007	
-0.610705554485	-0.415432482958	-0.674132466316	
-0.643918037415	-0.234955534339	0.72812461853	
-0.461599349976	0.878457248211	-0.123446017504	
-0.610333800316	-0.415485411882	-0.674436450005	
-0.6437535882	-0.235976159573	0.727939903736	
-0.461165308952	0.878666222095	-0.123580627143	
-0.610616564751	-0.415315568447	-0.674285113811	
-0.643796503544	-0.235496520996	0.728057324886	
-0.460775852203	0.878869652748	-0.123586855829	
-0.610751330853	-0.415031671524	-0.674337863922	
-0.643947541714	-0.235237762332	0.728007376194	
-0.461492836475	0.878492236137	-0.123594902456	
-0.610251307487	-0.415477067232	-0.674516260624	
-0.643908143044	-0.235860466957	0.727840721607	
-0.461099982262	0.878720164299	-0.123441137373	
-0.610510289669	-0.415112912655	-0.67450606823	
-0.643944084644	-0.235652655363	0.727876245975	
-0.460838377476	0.878902852535	-0.1231168136	
-0.610647022724	-0.414687037468	-0.674644291401	
-0.644001722336	-0.235721066594	0.727803111076	
0.205659523606	-0.156735554338	0.965990722179	
0.453386008739	0.890027105808	0.0478842481971	
-0.86726307869	0.428118824959	0.25410425663	
0.205573946238	-0.156987830997	0.96596801281	
0.453499466181	0.889956474304	0.0481223650277	
-0.867224097252	0.428173243999	0.254145771265	
0.205606505275	-0.157121345401	0.965939342976	
0.453600525856	0.889900684357	0.0482009202242	
-0.867163479328	0.428240180016	0.254239708185	
0.2054489851	-0.156679049134	0.966044723988	
0.453671813011	0.889883577824	0.0478442683816	
-0.867163538933	0.428437709808	0.253906548023	
0.205305024981	-0.156866967678	0.966044843197	
0.453717112541	0.889848351479	0.0480696186423	
-0.867173910141	0.428442120552	0.253863573074	
0.205228641629	-0.156934961677	0.966050028801	
0.453742444515	0.889830589294	0.0481595993042	
-0.867178738117	0.42845416069	0.253826767206	
0.205198436975	-0.156421110034	0.966139733791	
0.453736901283	0.889858067036	0.0477016717196	
-0.867188811302	0.428584963083	0.253571510315	
0.205008089542	-0.156563222408	0.966157138348	
0.453795611858	0.889817357063	0.0479020364583	
-0.867203116417	0.428617596626	0.253467470407	
0.204834640026	-0.156584203243	0.966190516949	
0.453826874495	0.889796614647	0.0479911789298	
-0.867227733135	0.428652971983	0.253323286772	
0.205212190747	-0.156317442656	0.966153621674	
0.453789800406	0.889837384224	0.0475844629109	
-0.867157876492	0.428665757179	0.253540724516	
0.205087855458	-0.156735897064	0.966112196445	
0.453671813011	0.889871895313	0.0480609685183	
-0.867249011993	0.428441166878	0.253608584404	
0.205092221498	-0.157041057944	0.966061770916	
0.453541904688	0.889920949936	0.0483780838549	
-0.867315948009	0.428227514029	0.253740549088	
0.205135077238	-0.156427323818	0.966152191162	
0.453960418701	0.88974571228	0.0476708933711	
-0.867086827755	0.428815871477	0.253529876471	
0.205030187964	-0.156649395823	0.966138482094	
0.453806579113	0.889808237553	0.0479681491852	
-0.867192149162	0.428605079651	0.253526061773	
0.205003336072	-0.156757056713	0.966126739979	
0.453633368015	0.889887809753	0.0481301620603	
-0.867289125919	0.428400456905	0.253540188074	
0.205005541444	-0.156378254294	0.966187655926	
0.45398080349	0.889734864235	0.0476787388325	
-0.867106795311	0.428856253624	0.253393292427	
0.20493209362	-0.156422421336	0.966196060181	
0.453872710466	0.889784395695	0.04778444767	
-0.86718070507	0.428737461567	0.25334122777	
0.20488601923	-0.156350985169	0.966217398643	
0.453737765551	0.889853477478	0.0477790459991	
-0.867262244225	0.428620070219	0.253260880709	
0.204655274749	-0.15597961843	0.966326355934	
0.454168498516	0.889653086662	0.0474164560437	
-0.867091238499	0.429170936346	0.252913236618	
0.204518437386	-0.15654425323	0.966264009476	
0.453820228577	0.889794111252	0.0481002703309	
-0.86730581522	0.428672730923	0.253022253513	
0.20452080667	-0.157001048326	0.96618938446	
0.453460454941	0.889949023724	0.0486248657107	
-0.867493450642	0.428183883429	0.253206849098	
0.204707399011	-0.156267926097	0.966268718243	
0.454248011112	0.889600813389	0.0476349368691	
-0.867037296295	0.429174423218	0.253092259169	
0.204667791724	-0.156504124403	0.966238856316	
0.453896313906	0.889762163162	0.047973126173	
-0.867230772972	0.428753703833	0.253142297268	
0.204716697335	-0.156631335616	0.966207921505	
0.453525751829	0.889940142632	0.0481761991978	
-0.86741310358	0.428337663412	0.253221958876	
0.204694643617	-0.156439781189	0.966243624687	
0.454247772694	0.889592170715	0.0477990359068	
-0.867040395737	0.429129809141	0.253157168627	
0.204764276743	-0.156365931034	0.966240823269	
0.453974217176	0.889732837677	0.0477791875601	
-0.867167234421	0.4288649261	0.253171622753	
0.204871758819	-0.156181886792	0.966247797012	
0.453674346209	0.889892816544	0.0476483218372	
-0.867298781872	0.428600013256	0.253169625998	
0.174966454506	-0.12424530834	0.976703584194	
-0.599211454391	-0.800571918488	0.00550279114395	
0.781237721443	-0.586214780807	-0.214522436261	
0.174962997437	-0.12428868562	0.976698637009	
-0.59879809618	-0.800882160664	0.00535161187872	
0.781555354595	-0.585781633854	-0.214548572898	
0.175051778555	-0.124453611672	0.976661741734	
-0.598284721375	-0.801267206669	0.00512993009761	
0.781928539276	-0.585219800472	-0.214721933007	
0.174813404679	-0.124171726406	0.976740300655	
-0.598820924759	-0.800864994526	0.00536185735837	
0.78157132864	-0.585829854012	-0.214358568192	
0.174958094954	-0.124171055853	0.976714491844	
-0.598616659641	-0.801017463207	0.00539527507499	
0.78169542551	-0.585621535778	-0.214475348592	
0.175244599581	-0.124296739697	0.976647138596	
-0.598333954811	-0.801228702068	0.0053905560635	
0.781847715378	-0.585305809975	-0.214781969786	
0.17466956377	-0.124145194888	0.976769447327	
-0.598542928696	-0.801073729992	0.00521902134642	
0.781816422939	-0.585550069809	-0.214229434729	
0.174939081073	-0.12409131974	0.976728022099	
-0.598506510258	-0.801099658012	0.00541876768693	
0.781784057617	-0.585526049137	-0.21441309154	
0.175399884582	-0.124168723822	0.976635575294	
-0.59841299057	-0.801168143749	0.0056126890704	
0.781752347946	-0.585415899754	-0.214828982949	
0.175231218338	-0.124600864947	0.976610779762	
-0.599197626114	-0.800583124161	0.00537038967013	
0.781188964844	-0.586123943329	-0.2149477005	
0.175057828426	-0.124515555799	0.976652741432	
-0.599005758762	-0.800727307796	0.0052809426561	
0.78137499094	-0.585945129395	-0.214759111404	
0.174914568663	-0.124525517225	0.976677179337	
-0.598714351654	-0.800946354866	0.00510465912521	
0.781630337238	-0.585643529892	-0.214652404189	
0.175056234002	-0.12453392148	0.976650714874	
-0.598828732967	-0.800860106945	0.00521625392139	
0.781511008739	-0.58575963974	-0.214770048857	
0.174952253699	-0.124487109482	0.976675331593	
-0.598750591278	-0.800918877125	0.00516925705597	
0.781594157219	-0.585689306259	-0.214659288526	
0.174927949905	-0.124540306628	0.976672887802	
-0.598594307899	-0.801036298275	0.00506779411808	
0.781719267368	-0.585517346859	-0.214672759175	
0.174898579717	-0.12447284162	0.97668671608	
-0.598520159721	-0.801091611385	0.00508471997455	
0.781782627106	-0.58545601368	-0.21460929513	
0.174840733409	-0.124455340207	0.976699352264	
-0.598514318466	-0.801096141338	0.00506193330511	
0.781800091267	-0.585453569889	-0.214552536607	
0.174912080169	-0.124542631209	0.976675450802	
-0.598451852798	-0.801143050194	0.00501701701432	
0.781831920147	-0.585370779037	-0.214662373066	
0.175542682409	-0.12479814887	0.976529657841	
-0.599203824997	-0.800578296185	0.00540195172653	
0.781114280224	-0.586088597775	-0.215315192938	
0.175173521042	-0.124638795853	0.976616322994	
-0.59923350811	-0.800556659698	0.00531367398798	
0.78117442131	-0.586152017117	-0.214924067259	
0.174772441387	-0.124548248947	0.976699709892	
-0.599164068699	-0.800609886646	0.00512215076014	
0.781317472458	-0.58609855175	-0.214549377561	
0.175348967314	-0.124703198671	0.976576626301	
-0.598835468292	-0.800854802132	0.00525921117514	
0.781440258026	-0.585730910301	-0.215105757117	
0.174970477819	-0.124664872885	0.976649343967	
-0.598883390427	-0.800820171833	0.00507118646055	
0.781488358974	-0.585786402225	-0.214779615402	
0.174609601498	-0.124700091779	0.976709485054	
-0.598853588104	-0.800844073296	0.00481233792379	
0.781591892242	-0.585746228695	-0.214512169361	
0.175180703402	-0.124572940171	0.976623415947	
-0.598475158215	-0.801124751568	0.00516353175044	
0.781753957272	-0.585389375687	-0.214895397425	
0.174769639969	-0.124646484852	0.976687669754	
-0.598499894142	-0.801108181477	0.00485753221437	
0.781826972961	-0.585396409035	-0.214610293508	
0.174425765872	-0.124798350036	0.976729750633	
-0.598468363285	-0.801133751869	0.00451314775273	
0.78192794323	-0.585329055786	-0.214426234365	
0.0890761613846	-0.538204312325	0.838093996048	
0.0570831857622	0.842814385891	0.535168588161	
-0.994387745857	0.000170311075635	0.105797089636	
0.0891782268882	-0.538065731525	0.838172137737	
0.0569450668991	0.842902898788	0.535043895245	
-0.99438649416	1.55029156303e-05	0.105808772147	
0.089401230216	-0.537849068642	0.83828741312	
0.056960914284	0.84304112196	0.534824371338	
-0.994365572929	-6.43367311568e-05	0.106005288661	
