-0.513146020059   -0.780481393735   -0.357113365937
-0.0730978283599   0.454298310871   -0.887845567781
0.855182945098   -0.429490208006   -0.2901728651
-0.152999193448   -0.856468057585   0.493004780039
0.706476995638   0.25403719187   0.660571994397
-0.691000362835   0.449363518194   0.56620749472
0.78435093614   0.213083992394   -0.582570872223
0.259870752015   0.739891334218   0.620506249603
0.563259088896   -0.638087788423   0.52496016329
0.950647843172   -0.17516072453   0.256100368712
0.0714319641526   0.926789902131   0.368724764296
-0.301937332521   -0.332233649545   0.89356289613
-0.607112992932   0.738775764858   -0.292616101866
0.358989234976   -0.073520480153   -0.930441544735
-0.708900940177   -0.669929181523   -0.220577307897
0.583877296507   -0.693804272986   0.42157197892
0.536078787108   0.719459600727   0.441585118562
-0.609677649777   -0.0318357300657   0.792009879771
0.229405812537   -0.948940277197   -0.216530190707
-0.810986186966   -0.063339307561   -0.58162662995
0.538214063105   0.309031523361   -0.784107862379
0.946965317204   -0.200834842146   0.250842688139
-0.116769649579   -0.942332094644   -0.313648007072
0.29936856373   0.267722971714   -0.915807225057
-0.995535445381   0.0716933753084   0.0613941115077
-0.0904716681217   -0.539359886233   -0.837201164828
-0.0269082563205   -0.839017862181   0.543438103819
-0.986360504536   0.0668618803406   -0.150407593053
0.057610063035   0.996217349207   0.0650543909099
0.154188312553   0.0555020909234   -0.986481364332
-0.887535821598   -0.22649495306   -0.401223381195
-0.459540887403   0.372417249552   0.806304883428
-0.0332014786436   0.900003015814   -0.434617341281
0.890675259021   0.0309792183862   -0.453583367194
-0.450333609194   0.197109138792   -0.870831572599
0.0624277454132   0.979891971307   0.189511216475
0.201749979515   0.675284568497   0.709427725223
-0.364721220034   0.724026837662   -0.585460135279
-0.908996907268   -0.14062677517   0.392363011359
-0.450950523782   0.795155936582   0.405426518149
0.858548250156   0.262261077343   0.440583737177
0.244005178745   0.546759694774   -0.800946508149
-0.837847071035   0.53018548086   0.130060145485
-0.501334466303   -0.841572649913   0.201045337713
0.216046380334   0.103241613724   0.970909434881
-0.00651185544157   0.583617558725   -0.812002549803
0.505837353994   0.702389071087   0.500777559523
0.86260429343   -0.407480230153   -0.299789417745
0.730262404054   -0.681633317354   0.045747588984
0.672926811827   0.706151254315   -0.22027235858
0.117840261157   0.191641401327   0.974365047684
-0.202695842016   -0.923519298689   0.325617107318
-0.963412604786   0.247617802043   0.102574738857
-0.175358343314   -0.292912152462   -0.939921232003
0.101068141988   0.924104526661   0.368532297744
0.868560831935   -0.262603691293   0.420287261938
0.485167303003   0.277615066458   -0.82918186363
0.927754796051   0.00289711711324   -0.37317910595
-0.0433543020895   -0.992362469488   -0.115486508486
-0.370663517081   0.123322081819   -0.920543437998
0.816929090199   0.139061090476   0.559722140622
-0.563773510301   -0.0120711901224   0.825841216852
0.121598892551   -0.990210229943   0.0685376527598
0.201082658872   -0.671138981342   -0.713539229492
0.97839978612   0.101944063718   0.179836777085
-0.0479543827045   -0.734288686822   0.677141419191
-0.496747702362   0.36486757257   -0.787472777107
-0.841611686721   0.0190925293687   0.539745536431
0.211970490807   0.93086364727   0.297592643084
-0.282505520825   0.871891986263   0.399993743693
-0.172695868714   -0.456392986844   0.872858280873
0.943592479639   0.177510016198   0.279505682442
0.159385624367   0.75489461186   -0.63618420896
0.634142743247   -0.572178691624   -0.520071654716
-0.756610338241   -0.320539654078   -0.569907998041
-0.198942502109   0.438143817101   -0.876613869609
-0.915976254155   -0.401164825573   0.00736780483888
-0.348438491961   0.804423258154   0.481138066527
0.942164236269   0.181176722928   0.281960186842
0.0052827104052   0.833159204472   -0.553007986356
-0.335109899683   0.522513861129   0.784015701413
-0.0737944420087   -0.850554571716   -0.52068349394
-0.0234361093951   0.523441893672   -0.851739005051
0.996998058727   -0.0506508092906   -0.0585607924567
0.922519735194   -0.109778895297   0.370008016569
-0.102619654559   0.854415901816   0.509355154309
-0.37205717931   -0.507860276918   0.776950059176
-0.96034141501   -0.259611171896   -0.101717284883
0.249181346828   -0.962780940794   0.104697260882
-0.125112041826   0.0751990656204   0.989288672491
0.203777739518   -0.146762589053   0.967954221713
0.246795403752   -0.949069334437   -0.195855628253
0.947399948049   0.278797670158   -0.157178871197
-0.334096376355   -0.243758664928   0.910473132266
0.84665515273   -0.502106251807   0.176250856033
0.414191578454   0.829741541186   0.374131408958
0.632676706338   0.49631852394   -0.594464555757
0.18591216678   -0.842523313152   -0.505560217025
-0.751769147745   0.209337979328   -0.625316526976
-0.331779349958   0.0914860581864   0.938910413244
0.809456078762   0.538738935226   0.233540609374
-0.484461886525   0.837490692981   -0.252796399647
0.760092254794   -0.274892083794   -0.588807359388
0.495278923591   -0.341507959326   0.798793528744
-0.420664417378   -0.898780649538   -0.123429299469
-0.991789841796   -0.067236309891   0.108775862866
-0.0863414630409   -0.275373479537   -0.957452139027
0.0943295365725   -0.958983172637   0.267307338339
0.741203310491   0.608982737114   0.282414019507
0.254018883431   -0.64387333299   0.721735088467
0.621363065669   -0.463213942969   -0.63193416086
-0.501872852527   0.393174773749   0.770413679255
-0.855106768616   -0.0916045542953   -0.510295032211
-0.130061732124   -0.914889175212   0.382180249251
0.380315810604   0.873693097061   -0.303348407532
-0.44831441978   -0.112728236689   -0.886739265889
-0.808933906584   0.473236428016   0.34881688316
0.72552395829   0.666198355136   0.1726115221
0.578027625636   -0.726022622591   0.372525456161
0.373495716105   -0.17050191524   -0.911827860372
0.612725439905   -0.784838608969   0.0927140397341
-0.74348130988   -0.532671645082   0.404346955453
-0.267960961992   -0.31668482186   -0.909894305099
0.47299253781   -0.843077162313   0.255927641264
-0.808718032864   -0.300159779686   0.505845084961
-0.349647254381   -0.446234249073   -0.8237850402
0.643367151151   -0.697412651224   -0.315744046235
0.0299248734422   -0.389211388833   0.920662259872
-0.76497268629   -0.60177245593   -0.229535837104
-0.168313031987   -0.568536892647   -0.805255564999
0.347109424266   0.730402734764   -0.588240505775
0.922597296142   -0.378520338618   0.0744082146213
0.891600275494   0.444962298485   0.0840089380134
0.320198778548   -0.488337810098   -0.811787487859
-0.320190085661   0.750689507157   -0.577878510493
-0.234388330056   0.797482844003   0.555952537771
0.628671937134   0.560550334681   -0.539031462671
-0.741507724973   0.223169074492   -0.632741541229
0.118138577662   -0.0557916250853   0.991428550647
0.879273959033   -0.458075848198   -0.130551990654
0.461433181982   0.887160533313   -0.00506030609753
0.0520011378556   -0.692269258821   -0.719763263131
0.969220122738   0.208659758975   -0.130665445563
0.240641300157   -0.690814286387   0.681811840894
0.140000795124   -0.511483817367   -0.847811348082
0.98604828097   -0.00584890760948   0.166356778872
-0.0900475705474   -0.859273003679   0.503528887142
-0.387303325586   0.335886878525   0.858589621895
0.530988730187   0.842575514172   -0.0900970106718
-0.75368899581   0.421006541223   -0.50468444581
-0.109891891009   -0.993942392764   -0.00151398718017
-0.959336570829   0.105667128917   0.261739950594
-0.259994454096   0.030215521393   -0.96513724729
0.47326433901   0.160354853604   -0.866202739748
-0.23433862861   0.970780407453   0.0516798572562
0.849179764574   0.178526528646   0.497013084342
-0.799104756082   -0.346535260786   -0.49126866564
-0.440659089931   -0.218255789155   0.870737605115
-0.408963513371   0.912292564659   0.0217053265089
-0.704293490816   -0.138957487964   -0.696176339251
-0.326050425778   -0.807789598188   0.491087655016
-0.630604312262   0.572858430678   0.523613807837
0.0680022483845   -0.313139502397   -0.947269415875
0.668928356936   -0.690125166666   0.27615594801
-0.740209799653   -0.652434599306   0.16253782983
-0.89990640307   0.418616583613   0.122182738707
-0.436061240828   -0.861014007966   -0.261735500712
-0.00436577156026   -0.28881660965   0.957374485783
0.482849618763   -0.870679042549   0.0936709695016
-0.544176594147   -0.214523089788   0.81108056217
-0.686096261499   -0.442603489383   -0.577385548089
-0.596072544641   -0.177963949406   -0.782959995298
-0.440509295965   -0.742790534542   0.504196174087
-0.671304015848   0.645438652784   0.36436227
-0.340767039664   -0.894953499873   -0.287986211031
0.93879552154   -0.340342738681   -0.0531957607668
-0.0504062834883   -0.2884875271   0.956155925199
0.643446667677   0.361207598614   -0.674911443493
-0.543761534236   -0.404894929078   -0.735107808619
-0.538794747321   0.839993551827   -0.0641174948746
0.758914196341   -0.578259329288   0.29944179849
-0.510964973892   -0.813862205035   -0.276664248993
0.40368804546   0.0569601554329   -0.913121844359
-0.692104650373   -0.360306790071   -0.625435983903
-0.626641438862   -0.130077927621   0.768375064566
-0.35820616973   0.923720060286   -0.135755626744
-0.896221946654   0.187551637492   0.402008215849
0.102696664009   -0.793889638177   0.599326820354
0.431554883575   0.578414752292   0.692240389456
0.571533347626   0.147346533496   0.807241371349
-0.379456968155   -0.824789052316   0.41920809689
0.727572705556   -0.54590477031   -0.415482779287
-0.442155079222   -0.468581606664   0.764807272334
0.410387663761   -0.863886890481   -0.292029803082
0.797546770635   0.184745009003   0.574272087339
0.800272377013   0.132461890564   0.584823024631
0.175290087505   0.881014660188   -0.439416150997
-0.57344355242   0.454166286819   0.681832439903
-0.632036685387   0.521912705552   -0.57283222335
-0.0317062590232   -0.755994167807   -0.653810011686
-0.774289572101   -0.395069545809   0.494363947422
-0.590469519144   -0.376171463617   0.7140313557
-0.520415121074   0.853693207327   0.0193909649407
-0.616858045842   -0.360142940683   -0.699845135409
0.574879102222   0.498481696984   -0.648868257507
0.0479120837435   -0.812153162931   -0.581473707206
-0.81683440798   0.303188452472   -0.490773177983
0.925754940777   0.362769065068   0.10666018496
0.345113232021   -0.925890004017   0.153702822178
0.154514228181   -0.105481305883   -0.982343650358
0.688770540219   0.724781174542   -0.0169526386106
0.29949560594   -0.26316456454   0.917086034128
0.660225359214   -0.636739083927   -0.398328776328
0.220283719207   -0.169329480236   -0.960626155263
0.792158902512   0.605703345849   0.0748847781465
0.569174275792   -0.77746445832   0.267562440986
-0.303870047108   0.268027274462   -0.914234310565
-0.276960023045   0.893315658959   0.353949543148
0.911567956932   0.360761020072   -0.197219031258
-0.169289636124   0.0798169016688   -0.982329008687
-0.0139012076597   -0.996809480228   -0.0785978151889
-0.985468302649   0.000349764006423   0.169859065518
0.562307291542   -0.82519133583   -0.0535702263481
0.311119332371   0.151092978661   0.938283364887
-0.766169218192   -0.544270310665   0.341693661084
0.186713893697   0.885380123712   -0.425722865766
0.365755670373   0.33954287041   0.866564151545
0.911789839541   -0.317510119035   -0.260435429272
-0.467396674506   -0.623717579254   0.626511556151
0.17696792398   -0.76035202301   -0.624937720887
0.866153971614   -0.181221363074   0.465764012159
0.178886016929   0.463410565477   -0.867900017716
0.806409581454   0.436305830279   0.399175161307
0.563651825054   -0.771289744694   -0.295649708006
0.253095321309   0.531954257585   -0.808063998808
0.360193461184   0.723395231857   0.58903311371
0.897888316469   -0.440140893765   -0.00851849659095
0.28004065763   0.247540689147   -0.927524035964
0.77150205547   -0.632999977202   0.0639969317113
-0.57128084904   -0.733508443086   -0.368243880385
0.950494956557   0.296447218389   -0.0931578459819
0.238265203286   -0.887731181127   -0.39390740404
-0.199471878875   0.35221072778   -0.914417067193
0.749639009075   0.568323274124   0.339190230051
-0.0303965633645   -0.482386094686   0.875431153541
0.66114854988   -0.666567559774   -0.344340359598
0.6088945826   0.0258937200448   0.792828419359
0.338857259678   -0.912177481304   -0.230451730664
0.717232978079   0.408976475931   -0.564194201753
-0.743096572852   0.528232738096   -0.410825580776
-0.201745920881   0.408514371947   0.890176719152
0.638048639857   0.74436965435   -0.196996829567
-0.765013592669   -0.441693618651   -0.468680008401
0.396627645787   -0.896489706628   0.197465735021
-0.507386158295   -0.0348274769824   0.861014711383
0.0352610385863   -0.980699443639   -0.192315523046
0.921450151553   -0.0425943203834   0.386154557236
-0.386893108443   -0.1908253786   0.902163730994
-0.63421281323   0.55788766584   0.535290070745
-0.631422874262   0.025808403415   -0.775009083929
-0.446182990928   -0.829515086431   0.335895013345
0.991914010407   -0.126425217991   0.0111022616738
-0.00664382029358   -0.139087751885   -0.99025777297
0.126737743432   0.982176797492   -0.138803036199
-0.473681557969   -0.880141902171   0.0312412176908
-0.854241552176   0.450534626856   -0.259403007961
0.214236206501   -0.149561967245   -0.965263728614
0.104417592606   -0.983733593491   -0.146168339228
-0.0508728732399   0.141496128133   -0.988630768534
0.993231552621   0.110666448219   -0.0352706693408
0.350704215586   -0.305385042718   0.885294600037
-0.850996934018   0.29068090025   0.437388651569
-0.390910183369   -0.906777034289   -0.15793871794
0.395318539394   0.247249505482   -0.884641698345
0.442115027384   0.792974461114   0.419196620432
0.805144431125   -0.556829584397   0.204164783858
-0.442690579001   0.210708730428   0.871565764693
-0.8874905316   -0.241721219522   -0.392340933824
0.128006279474   -0.947191998992   0.294009709808
-0.775179362069   0.622203294795   0.109361860669
-0.616320941176   -0.782854742177   0.0853636346411
0.138727985968   -0.00122987705154   0.990329759884
-0.592116421748   -0.750859336572   -0.29258913134
0.767723839739   -0.635966432477   0.0784015475544
-0.244945400023   -0.178204807581   0.953018781328
0.0346115472658   -0.734969077665   0.677216727254
0.852682494081   -0.331727185975   -0.403595884979
0.52128169456   0.591419926078   0.615213675039
0.990904705371   0.127267979321   0.0437118555251
-0.0716316930488   0.223882925302   0.971980111067
0.11391560659   -0.9662708198   0.230963064964
-0.759895193379   0.116676446592   -0.639488781676
0.0207653518462   0.987614808843   0.15551781093
0.649713856434   0.104898027458   -0.752906573616
0.732969795672   -0.564917319354   -0.378977177316
-0.407375929663   -0.810677791676   0.420531057134
-0.544793658703   -0.153850383091   -0.824336053475
0.0794801496392   0.920846501501   -0.381738950706
0.879460924515   0.115508370284   0.46174267579
0.469288171665   -0.372423867477   -0.800667892992
-0.399596344259   0.849674563759   -0.344057985455
0.91115490443   0.409333574586   -0.0473578383145
0.100595734441   -0.332414139918   -0.937753345926
-0.965157129747   0.251216217664   -0.0732265449175
0.17143697926   0.395652976481   -0.902257216288
-0.197689344782   -0.883373722829   -0.424935040654
0.588008977873   0.739589580732   -0.327494570969
-0.805780777907   0.500349249549   -0.316809037799
-0.0704470006221   0.450175388652   0.890156918501
-0.649345523988   0.1815733656   -0.738499494503
-0.365730416199   0.776853456311   0.512581671623
0.666777064051   0.602934341634   -0.438039412079
-0.79509587183   0.471697974457   -0.38121329396
0.434543578276   0.00459661809029   -0.900639078478
-0.423077337112   -0.88174820215   -0.208628077754
-0.972817945863   -0.144215181366   0.181182851482
0.195156617464   -0.0893977453752   0.976689273916
-0.124656082353   0.985499885634   0.115112278003
-0.578510064105   0.517137505495   0.63078911384
0.687687163841   0.725102355835   0.0362344898019
-0.438648458811   0.454747593696   -0.775107834827
0.931767242748   0.362897906655   -0.0107198268142
-0.354365572769   0.902644864962   -0.244248415744
-0.0789610421503   0.231381410453   0.969653441555
0.997850556936   -0.0600656395851   -0.0261989496829
-0.0011794797073   0.383269723176   -0.923635711807
0.0655200339658   0.921681310561   0.382375060524
-0.852530207736   -0.404566860256   0.330934888581
-0.512465206617   0.52243724195   -0.681497424963
0.102818563034   -0.750589757329   -0.65271997004
-0.339616468756   -0.794997174045   0.502633213597
-0.436292738976   -0.340270330035   -0.832985443099
0.833252242761   -0.502190796171   -0.231290086634
0.437653134088   0.292374910304   -0.8502803338
0.342545454463   0.82012542126   0.458319653767
0.831337684608   -0.491844696248   0.258778764436
0.163152001542   -0.40235185446   0.900829844979
-0.957301824496   -0.285423771483   0.0458964866822
0.238651715289   -0.869854157825   -0.431739623969
0.0443717450046   -0.590598242236   -0.805744912806
0.997764094925   0.0665491041081   0.00616665399575
0.0499795870765   -0.804216968865   0.592230620507
-0.996352910717   0.0256558139348   -0.0813797058089
0.0811045232051   -0.01159172712   -0.996638193217
-0.0265128953883   -0.999603626981   0.00946864849959
-0.582494882638   -0.130360387403   0.80231283244
0.333526750945   0.861802464884   0.382173282587
-0.741255433778   0.490206773633   -0.458516849177
-0.828191640261   0.552774784746   0.0924047853216
-0.0033299559115   -0.169728074705   0.985485307882
0.560435115241   0.815862989727   0.142408088251
-0.93487690561   -0.0177559470138   0.354527710769
0.257482846883   0.653586916037   0.711706910706
-0.244351703327   0.756643158649   -0.606451461825
-0.582488241347   0.170777714631   -0.794696433161
0.529491686195   -0.662070693322   -0.530378121056
-0.616721981887   -0.72972417339   0.295223013716
0.296768877525   -0.110321236146   0.948555458678
0.73100091294   -0.612899319672   -0.299986815087
0.614463911563   0.782421656654   -0.101244518796
-0.241737180865   -0.816672258116   -0.524032020215
-0.223864687081   0.572418462898   -0.788810310032
0.94416510064   -0.0733725163582   -0.321198905007
0.950626408974   -0.126115721834   0.283556441062
-0.218341422973   0.377511236434   0.89989571028
-0.220536739741   -0.917376744349   0.331335864874
0.999471222074   -0.00836544899779   0.0314212588817
0.00948966800662   0.999313849368   -0.0358019086444
-0.0311002001243   0.0360811547005   0.998864819597
0.892532190944   -0.40177828284   -0.204842621459
-0.250186682902   -0.8190266356   0.516335156537
-0.375223815645   -0.409596852545   -0.83152721336
0.855733733696   -0.517246898446   0.0132447371757
0.517106551541   0.855826783667   0.0127016027229
-0.0179050654313   -0.00402024955502   0.999831608935
