-0.512992429785   -0.781110939368   -0.355955709862
-0.0733592846939   0.453053579596   -0.888459829911
0.855252700862   -0.429660510654   -0.289714796398
-0.153875834189   -0.85627453587   0.493068095574
0.706125973479   0.253760508038   0.661053488107
-0.691164479145   0.449888345905   0.565590080348
0.784939139578   0.212771390748   -0.581892500757
0.260101468447   0.739251321681   0.621172045012
0.562332440172   -0.638933344467   0.524925145195
0.950728029743   -0.174021353637   0.256578997462
0.0698625046723   0.926573681544   0.369567914071
-0.302052054952   -0.333433323392   0.893077138298
-0.607031637746   0.739301635987   -0.291454424915
0.356022496528   -0.0748877985879   -0.931471845838
-0.710465039774   -0.669197212076   -0.217748751107
0.582836839701   -0.694853297045   0.421283887508
0.536428198888   0.718434387934   0.442828203338
-0.610365468982   -0.0321080335678   0.791468930821
0.22951436722   -0.948994374401   -0.216177780067
-0.810315515876   -0.063267715048   -0.58256841741
0.539177076637   0.30888003106   -0.783505715641
0.946926797952   -0.200888196593   0.250945356182
-0.116651773337   -0.942202995841   -0.31407941417
0.299536313487   0.268136993154   -0.915631230248
-0.995593478957   0.0714722524728   0.0607070159484
-0.0897908915187   -0.539901868643   -0.836925067157
-0.0270410883504   -0.83868807632   0.543940336966
-0.986395332567   0.0658639235841   -0.150619359513
0.0567104206105   0.996318902969   0.0642850821022
0.154298982771   0.0548688177093   -0.986499486446
-0.887171862432   -0.227376436974   -0.401529628319
-0.460192289509   0.372051358611   0.806102253583
-0.0338990145181   0.899932076584   -0.434710379851
0.890460281991   0.0303909952894   -0.454045012748
-0.45062773473   0.197823882821   -0.870517292234
0.0633650604697   0.979766349081   0.189849335845
0.202563143145   0.67444044832   0.709998770921
-0.363979600888   0.724940699023   -0.584790418045
-0.909113317016   -0.13996808411   0.39232883179
-0.451781478056   0.794474860261   0.405836411006
0.85797887987   0.262269471539   0.44168650194
0.244470320862   0.547744850009   -0.800131140193
-0.837529373265   0.531090553624   0.128403164951
-0.502675144335   -0.841047106606   0.199893631057
0.214154729545   0.102871708064   0.97136767678
-0.00619773542985   0.58252672955   -0.812787916639
0.505266821538   0.703239151629   0.500160109035
0.862940917519   -0.407574907196   -0.298689919306
0.729702610468   -0.682101847698   0.047656790109
0.673691026399   0.705284070899   -0.220714250298
0.116938023008   0.193161716454   0.974173521541
-0.201332476072   -0.923863707737   0.325485919211
-0.963544816223   0.24656834268   0.103852970671
-0.17620051421   -0.292711294477   -0.93982630144
0.0997598066566   0.924313521783   0.36836462157
0.868449000975   -0.2615741746   0.421159451856
0.485638048016   0.277891102109   -0.828813743665
0.928392721975   0.00409544635968   -0.371577961002
-0.0422217470469   -0.992301224123   -0.116428538945
-0.369194092395   0.123780078864   -0.921072317583
0.817104320452   0.139617530843   0.559327698742
-0.563447863441   -0.0117944373629   0.826067428502
0.121930450185   -0.990135261633   0.0690299137257
0.200258883126   -0.671811399231   -0.713138011602
0.978572234625   0.10158008349   0.179102954355
-0.0478827876128   -0.733724015213   0.67775829626
-0.495872356283   0.366070163447   -0.787466343222
-0.841520343352   0.021286350335   0.539805893831
0.214369116243   0.930343768036   0.297500176937
-0.281348479252   0.872468844966   0.399551182937
-0.172636828845   -0.455596307962   0.873286052504
0.943948917341   0.176720453641   0.278801583059
0.159025316097   0.755364056408   -0.635716989805
0.633801037516   -0.571814301122   -0.520888327643
-0.756972386341   -0.32008365675   -0.569683472639
-0.197080627329   0.438762714663   -0.876724875062
-0.916351968551   -0.400333953766   0.00563872274084
-0.348508674301   0.804499848156   0.480959144058
0.941821864632   0.180379014897   0.283610624422
0.00680601773682   0.8333890646   -0.552644863477
-0.33604352906   0.522423274739   0.783676380011
-0.0732559304804   -0.851039341197   -0.519966930087
-0.0232633711917   0.522684044774   -0.852209014796
0.997041816681   -0.0503331806407   -0.0580877501402
0.9225440794   -0.110403274517   0.369761461675
-0.102004562066   0.854349593196   0.509589876197
-0.372165945355   -0.507836479175   0.776913521273
-0.960328064238   -0.258902829922   -0.103630756517
0.248114083413   -0.962876154693   0.106343369963
-0.12731618377   0.0764122724542   0.988914432076
0.203316784688   -0.145845152824   0.968189793616
0.247241791859   -0.949150467254   -0.19489711868
0.94738259506   0.279002834948   -0.156919204269
-0.334113951939   -0.24383309967   0.91044675112
0.847137122808   -0.501146829879   0.176665078785
0.413190709334   0.830299508856   0.374000218333
0.632239901151   0.496915957209   -0.594430179974
0.185811784301   -0.842090441934   -0.506317754398
-0.752161344532   0.209662154608   -0.624736018425
-0.332309943139   0.0917237471659   0.938699555714
0.809138723715   0.539118312849   0.233764776081
-0.48462833953   0.837220519909   -0.253371611604
0.759642419199   -0.275838832439   -0.588945102257
0.494841654698   -0.342457362853   0.79865805662
-0.42198949244   -0.89812910717   -0.123648595316
-0.992436545682   -0.0671737558596   0.10274915726
-0.0802460135325   -0.278417501261   -0.95710201771
0.0928993008914   -0.958108230585   0.270921277087
0.740750867202   0.609073220636   0.28340424246
0.254549432123   -0.644895577213   0.720634637731
0.62168540223   -0.461670343855   -0.632746200509
-0.502237631144   0.393108625537   0.770209692481
-0.854824536014   -0.0912765955446   -0.510826385119
-0.130508139557   -0.914950376597   0.381881439553
0.380021902803   0.873657088986   -0.303820085337
-0.447580992972   -0.113764285576   -0.886977419136
-0.809477984951   0.473054942043   0.34779938713
0.725819575376   0.665881215271   0.172592442331
0.577302893095   -0.726084206561   0.373527903385
0.374041860792   -0.171475747942   -0.911421282527
0.612288733144   -0.785319659346   0.0915179758798
-0.743589089457   -0.532651838185   0.404174820243
-0.26865921407   -0.315523457009   -0.910091849635
0.473297708956   -0.843152295754   0.255114650427
-0.808424584025   -0.300704784617   0.505990439092
-0.34991280434   -0.445725070726   -0.823947929596
0.643145491095   -0.69735670328   -0.316318677405
0.0301919412882   -0.389672095815   0.920458638085
-0.76514856333   -0.60153909776   -0.229561298786
-0.168918904284   -0.568958914463   -0.804830514722
0.346757815424   0.730056723729   -0.588877064913
0.92261878434   -0.378553739635   0.0739705684081
0.891656320524   0.444747361824   0.0845505187435
0.320430351989   -0.488077511422   -0.811852654346
-0.319802119432   0.750986103064   -0.577707951661
-0.234638842205   0.797498892216   0.555823830582
0.628815183126   0.560564758396   -0.538849345471
-0.741307007386   0.223075477269   -0.633009677842
0.118312252816   -0.0546478107164   0.99147154655
0.879156750065   -0.458407643917   -0.130176191423
0.461611979533   0.887060341117   -0.00619124939236
0.0508318369513   -0.693128736422   -0.719019248072
0.96925261803   0.207797845204   -0.131793087719
0.24076022677   -0.690212003862   0.682379588595
0.139176732234   -0.511524596735   -0.847922416345
0.986296734384   -0.00499945080295   0.164905297778
-0.0885922623508   -0.859254090725   0.503819232091
-0.386676858327   0.335025393279   0.85920835255
0.531463392721   0.84236338633   -0.0892781472017
-0.753676103795   0.422115992624   -0.503776159956
-0.109256652784   -0.994010185941   -0.00259500820394
-0.959013672044   0.10472263186   0.263298209657
-0.26144934625   0.0312557294179   -0.964711002697
0.473631503129   0.158393101265   -0.866362986695
-0.234420250441   0.970882095311   0.0493467647108
0.848952498922   0.17972084597   0.49697089663
-0.798112531511   -0.345683130275   -0.493477011104
-0.444302049558   -0.2155342668   0.869563493135
-0.406954636051   0.913262368259   0.0184328760241
-0.704366155555   -0.138669925598   -0.696160161632
-0.326083523119   -0.807915782314   0.490858049377
-0.630506030787   0.572750155323   0.523850555711
0.0685913430319   -0.312013084689   -0.947598576742
0.668682118842   -0.690519058834   0.275767389894
-0.740377911342   -0.652557479745   0.161273940942
-0.899784233301   0.41875922515   0.12259300492
-0.436314405462   -0.860761871486   -0.262142595129
-0.00425124566931   -0.289360868029   0.957210642943
0.482683406845   -0.870806102574   0.0933459183646
-0.544425255476   -0.214855843227   0.810825571767
-0.686015940016   -0.442191924791   -0.577796185253
-0.596287681043   -0.177065146743   -0.78299995865
-0.441150027167   -0.742619336333   0.503888057841
-0.670691922545   0.645882694545   0.364702467663
-0.340733415411   -0.895239019737   -0.287137314124
0.938874102175   -0.339977329474   -0.0541371933892
-0.0491544493074   -0.288032138804   0.956358367522
0.643328969725   0.361580050627   -0.674824202071
-0.54345300752   -0.405169689867   -0.735184569364
-0.539246386479   0.839700773729   -0.0641556331733
0.758699774892   -0.577784435354   0.30089831811
-0.510173738914   -0.814216832524   -0.277080684563
0.405089382361   0.0567106330221   -0.91251657322
-0.691900802703   -0.361532244272   -0.624954170777
-0.626839054826   -0.128708212045   0.768444529876
-0.358254209415   0.923433068773   -0.13756921506
-0.896292993275   0.187256989911   0.401987176332
0.102883264699   -0.793936730178   0.599232427626
0.431362845005   0.578445579293   0.692334317903
0.571868597644   0.14752614257   0.806971092597
-0.379176752517   -0.824775292291   0.419488626278
0.727455357654   -0.545877050704   -0.415724606123
-0.44220150263   -0.46873111162   0.764688809956
0.410967622956   -0.863699385688   -0.2917687167
0.797222330316   0.185241777584   0.574562476919
0.79955141279   0.132248609883   0.58585650418
0.175871937842   0.88114230176   -0.438927449048
-0.574270493571   0.453980780686   0.681259752944
-0.632603653405   0.521488242317   -0.572592901479
-0.0320172611824   -0.756307080713   -0.653432853972
-0.773813616245   -0.395031154199   0.495139247613
-0.590334492034   -0.37589420818   0.714288969376
-0.52110280404   0.853296124312   0.0183736728884
-0.616406566429   -0.361371371985   -0.699609660005
0.575462245404   0.49947663045   -0.647584974925
0.0485451022029   -0.811300479442   -0.582610423104
-0.816386291633   0.303833223482   -0.49111993967
0.925477902299   0.363565462143   0.106352278273
0.345894783259   -0.925547530721   0.154008335134
0.154426200079   -0.105744612694   -0.982329183938
0.688718091126   0.724809551711   -0.0178467001139
0.299562869464   -0.262058006317   0.917380885218
0.660249557512   -0.637163020799   -0.397610119001
0.22101797567   -0.169914140959   -0.960354225863
0.792005195356   0.605880633689   0.075076149674
0.569103527454   -0.777198714887   0.26848339356
-0.303043147275   0.26693836982   -0.914827173628
-0.278666570047   0.893186656136   0.352934186554
0.911323100568   0.361886037334   -0.196287295448
-0.169519156164   0.0804040890323   -0.982241537586
-0.0115629941904   -0.996760062337   -0.0795969553173
-0.985459056916   -0.00213555550591   0.16989963668
0.56271723984   -0.824776969995   -0.0556080727376
0.312797441951   0.150177865074   0.937872256307
-0.765184336155   -0.545150950296   0.342495800113
0.187572810335   0.885694983648   -0.424689106011
0.364042288216   0.338887580054   0.867541595819
0.912299102934   -0.317332009143   -0.25886433273
-0.4676269468   -0.622943961765   0.627109128563
0.175521404956   -0.760771753268   -0.624834838842
0.866324001184   -0.182118532636   0.465097371571
0.179065615576   0.464340456857   -0.867365808321
0.80583350018   0.436551872828   0.400068534525
0.564418174145   -0.770590943663   -0.296009665785
0.252335123598   0.53242702809   -0.807990374422
0.359645022285   0.723590400606   0.589128500496
0.898322015396   -0.439247529202   -0.00889745721145
0.279777576648   0.247723647616   -0.927554581692
0.771732991231   -0.632739259778   0.0637904333091
-0.5710978006   -0.733671604703   -0.368202768324
0.950522181596   0.29663022392   -0.0922935130474
0.23889822196   -0.887869527242   -0.39321157427
-0.198583035121   0.351707567239   -0.914804113081
0.749207309096   0.569077744783   0.338878928809
-0.0297235324597   -0.482238859303   0.875535375754
0.661668285182   -0.666030181727   -0.3443818773
0.608898309082   0.024891594161   0.792857652884
0.339337135395   -0.911610490043   -0.231984100716
0.717002899393   0.410300771366   -0.563524728187
-0.743509517254   0.528328045705   -0.409954965667
-0.201386720561   0.40768105162   0.890639965941
0.637680944152   0.744758777237   -0.196716489379
-0.765385875926   -0.440630945653   -0.469072308568
0.396088078914   -0.896984194631   0.196299741022
-0.507246187442   -0.0355489003459   0.861067698273
0.0352601579099   -0.980449758496   -0.193584587015
0.920953213876   -0.0433410455357   0.387255382949
-0.38807460509   -0.191937033522   0.901420144021
-0.634059546524   0.558062378186   0.535289523076
-0.63196400824   0.0249615829713   -0.774595643975
-0.445634361053   -0.82942347533   0.336848207387
0.99201271945   -0.125687514156   0.0106495650363
-0.00692841578215   -0.138594568084   -0.990324968257
0.125947455334   0.982341180284   -0.138358389743
-0.473451071536   -0.880258234812   0.0314566830277
-0.854555578932   0.45038450378   -0.258628229841
0.213492026496   -0.149329296524   -0.965464611378
0.104295079329   -0.98384570373   -0.14549971711
-0.0500202374456   0.140923382661   -0.988756075109
0.993287728845   0.110400323689   -0.0345145803364
0.35129939563   -0.306875453578   0.884542927517
-0.850800259973   0.289716392301   0.43841000178
-0.390803853946   -0.906582521353   -0.159312522164
0.396884376893   0.246221117335   -0.884227319617
0.442279606261   0.79283408737   0.419288516168
0.804283246912   -0.557484772243   0.205764883917
-0.443433871884   0.210191265052   0.871312821759
-0.886999961833   -0.242636359328   -0.39288505296
0.128831164605   -0.947072979885   0.294032824355
-0.775442840853   0.621956381222   0.10889747668
-0.615974222892   -0.783051811644   0.0860558947086
0.138795379254   -0.000346611108089   0.990321019952
-0.59266235391   -0.750508445712   -0.292384006356
0.767012512475   -0.636682872957   0.0795407127848
-0.245851865897   -0.177121405252   0.95298733876
0.0345188129418   -0.734524371738   0.677703769265
0.85215678234   -0.332650859019   -0.403945818528
0.522146789577   0.591453593545   0.614447212393
0.990966349235   0.126507010276   0.0445159638278
-0.0722929602005   0.224318905298   0.97183062137
0.11295761413   -0.966269633734   0.231438052906
-0.75953369386   0.117099673353   -0.639840788316
0.0197466959266   0.987359825205   0.157259796424
0.650168159703   0.106809372585   -0.752245386849
0.732422760539   -0.565537941295   -0.379109135738
-0.406216171006   -0.809830560734   0.423276369899
-0.546393010805   -0.1560169858   -0.822868991933
0.0787376834073   0.920489465546   -0.382752558489
0.879020824813   0.117000771989   0.462204726175
0.470236926194   -0.372840399062   -0.799917039493
-0.398698665194   0.849665199291   -0.345120882427
0.911391852611   0.40895377849   -0.0460618937083
0.102001300807   -0.332905175948   -0.937427265691
-0.965384587659   0.250548316585   -0.0725130261834
0.170740662155   0.39686580444   -0.901856507186
-0.197180689208   -0.883019294423   -0.425906916451
0.58764491228   0.739889286029   -0.3274710697
-0.8059458444   0.499449224447   -0.317807753357
-0.0715873799355   0.450682057129   0.88980949108
-0.649660757923   0.182206301356   -0.738066232368
-0.366096727416   0.775883454495   0.513787943822
0.66626877894   0.603991497281   -0.437355902466
-0.795210158598   0.471710514276   -0.380959308042
0.434324032978   0.00473164790752   -0.900744273301
-0.423087979078   -0.881740779498   -0.208637867442
-0.972788655678   -0.144119989416   0.181415710549
0.195329332838   -0.089002939804   0.976690804932
-0.124614136904   0.985549544851   0.114731911545
-0.579044420314   0.516548950685   0.630781056191
0.686941022548   0.725809488918   0.0362300612386
-0.439112275897   0.454288198552   -0.775114599148
0.931765789044   0.362884081985   -0.011298557881
-0.354578744659   0.902871449702   -0.243098867026
-0.0780155638585   0.23051743612   0.969935710983
0.997847344321   -0.0596177801546   -0.0273202804047
-0.00237199810914   0.383514116966   -0.923531967889
0.065536639042   0.921608725207   0.382547129863
-0.852408040275   -0.404419997047   0.331428723653
-0.512752760064   0.522399862066   -0.681309761533
0.102396972226   -0.750694911467   -0.652665312375
-0.339557794778   -0.794555339154   0.503370953699
-0.434820232816   -0.341947218772   -0.833068703474
0.834045483855   -0.50175084713   -0.22937789402
0.43730289348   0.291283673642   -0.850834884583
0.344211422373   0.819837622835   0.457585804951
0.830833723474   -0.492970682347   0.258254197031
0.163984834696   -0.401681155606   0.900977926045
-0.956978016868   -0.286412412344   0.0464866140702
0.239378464407   -0.869839168632   -0.431367327798
0.0447882205518   -0.589952372559   -0.806194897907
0.997746581933   0.0667729776611   0.00656716804596
0.0499577175387   -0.804672335529   0.591613606075
-0.996393627471   0.026438069051   -0.0806273380442
0.0803347918185   -0.0119485449131   -0.996696319597
-0.0273141054902   -0.999579041787   0.00978155723564
-0.583720843108   -0.130085522803   0.801465990593
0.333238805185   0.861737208947   0.382571406975
-0.740420067286   0.490394473331   -0.459664425954
-0.827952319598   0.55320850392   0.0919527469042
-0.00392644714066   -0.169681990144   0.985491047769
0.560784753257   0.815578551343   0.142660741282
-0.935244786723   -0.0182461032584   0.353531142366
0.256508983871   0.653326414298   0.712297506365
-0.243967887437   0.756856443519   -0.606339833595
-0.582813465172   0.171160144102   -0.794375647842
0.529433362543   -0.661627169024   -0.530989457367
-0.616464743063   -0.730036775978   0.294987332405
0.296433143013   -0.110599645463   0.948628014633
0.731794102041   -0.611935515915   -0.300020526932
0.613681337456   0.783136413906   -0.100461800067
-0.24118211041   -0.817115903835   -0.523596017286
-0.223995902746   0.571825216767   -0.789203241898
0.944275926396   -0.0730583408572   -0.320944627093
0.9508103258   -0.126782831067   0.28264082879
-0.217187424214   0.377756577031   0.900071992272
-0.220883107357   -0.917183777798   0.331639217566
0.999411377435   -0.00917698731061   0.0330557341126
0.0104395821537   0.999214504737   -0.0382281133195
-0.0326789500792   0.0385506994413   0.998722148445
0.892421520821   -0.40131906056   -0.206220369524
-0.248321105707   -0.818449947814   0.518146997853
-0.376723317086   -0.411196661653   -0.830058340003
0.855018493096   -0.518414700678   0.0137686086427
0.518260158438   0.855118575705   0.0133652407518
-0.0187025302958   -0.00429180671087   0.999815880928
