-0.511747605655   -0.785287234679   -0.348480052739
-0.0753160323528   0.445061395345   -0.892327209965
0.855828185664   -0.430400178234   -0.286903822211
-0.159092022537   -0.855420084415   0.492895736992
0.704068858523   0.251676930156   0.664037472802
-0.692081477012   0.452675603503   0.562234850547
0.787897743743   0.210780845118   -0.578609177888
0.261829467248   0.735771048701   0.624568886493
0.557371039332   -0.643593349271   0.524523712799
0.951245557906   -0.167726943227   0.258842734263
0.0612690751233   0.925246886258   0.374385229281
-0.302287924004   -0.340273231368   0.890413465204
-0.606687979723   0.742582063047   -0.283727994566
0.338238954095   -0.0818596970053   -0.937493146609
-0.719391482568   -0.66473368325   -0.201506886138
0.576361996163   -0.701956056715   0.418407150775
0.539154807976   0.711396651859   0.450806939566
-0.614100107813   -0.0342417605405   0.788484977294
0.230420984811   -0.94944029484   -0.213235307334
-0.805874438344   -0.0633654818952   -0.588685998924
0.54541045038   0.307486491149   -0.779730401086
0.946712377408   -0.200545961436   0.252025776092
-0.115124170924   -0.941502188453   -0.316733412205
0.300802426407   0.270841183149   -0.914419462708
-0.995843064775   0.0709142385926   0.0571643342001
-0.0866094410282   -0.542888072884   -0.835327088657
-0.0282027492363   -0.83680565909   0.546773164896
-0.986567453371   0.0588419991881   -0.152388579231
0.0502853966468   0.996966256496   0.0594109610401
0.15542213109   0.0509500003846   -0.986533354037
-0.884620734361   -0.233418087256   -0.403685710523
-0.464707210082   0.36954293758   0.804664666915
-0.0386440841083   0.899418708848   -0.435376412932
0.889354323209   0.0264525198635   -0.456452792721
-0.451998097092   0.201298168247   -0.869009072269
0.0688956313203   0.979172769052   0.190981884826
0.207658011475   0.668917184675   0.713742215591
-0.35950058532   0.73077308595   -0.580284435433
-0.909745832321   -0.13609003232   0.392227005289
-0.457368341078   0.790160034269   0.407996716682
0.854197178841   0.262768334578   0.448664665427
0.247308269653   0.553714658093   -0.79513438938
-0.835124227783   0.53720535059   0.118228319232
-0.511265591957   -0.83737067417   0.193436936807
0.202916284835   0.101097800857   0.973963149206
-0.00481667509379   0.575286088063   -0.817938088441
0.501841165038   0.708879621914   0.495625994787
0.864946382566   -0.408087733847   -0.292116683483
0.725310592967   -0.685851908779   0.059428132684
0.67929113596   0.699006030161   -0.223504188784
0.111750151391   0.202478959457   0.972889600439
-0.192217899469   -0.926063063479   0.324745256445
-0.964390777746   0.239511992463   0.112180360426
-0.181666471653   -0.291618257189   -0.939125170119
0.0911348583713   0.925793721933   0.366879301704
0.867596371598   -0.254663725664   0.427109965723
0.488846574683   0.279378544737   -0.826424016568
0.932079241887   0.0120475391003   -0.362054061772
-0.0347047705535   -0.991880062995   -0.122349987878
-0.360588221861   0.126604887088   -0.924092710079
0.818438731686   0.142606114407   0.556616150151
-0.561197803171   -0.00956634995425   0.82762643183
0.123349374507   -0.989733287852   0.0722007668008
0.194445705205   -0.676044089343   -0.710742750221
0.979735056695   0.0983477230954   0.174490527094
-0.0480633582975   -0.730268522276   0.681467386573
-0.489868604239   0.373096915681   -0.787926038465
-0.841423038822   0.0341452913472   0.539297106257
0.228114051124   0.927163842364   0.297205634354
-0.273939309305   0.876080367114   0.396787657538
-0.172801259771   -0.450691252631   0.875795135533
0.946095650259   0.171349307436   0.274849841553
0.156008445281   0.758324981644   -0.632933319723
0.63232251891   -0.568945901603   -0.525802998402
-0.758834367356   -0.318188282725   -0.568266328104
-0.185081399116   0.442330122734   -0.877547114532
-0.918466378303   -0.39545912495   -0.00562071352807
-0.34952022492   0.804957230551   0.479457473981
0.939940475534   0.174379556793   0.293434273094
0.0168400642665   0.834920896429   -0.550112269398
-0.340922740058   0.522014240112   0.781839381479
-0.0700037220671   -0.854352055261   -0.514958294008
-0.0224267423042   0.517442156944   -0.855424254652
0.99729460047   -0.048334044815   -0.0553832103209
0.922664265879   -0.115220812846   0.367987522555
-0.0972586818314   0.853922316674   0.51123128415
-0.37313724188   -0.507484818859   0.776677383055
-0.960390675884   -0.254157901695   -0.114251961385
0.241276664121   -0.963575158128   0.115362411508
-0.139410620202   0.0832266522477   0.986730968061
0.199995052875   -0.140083189636   0.969731240503
0.250452859603   -0.949537156388   -0.188818838453
0.947246189722   0.28063479581   -0.154818498372
-0.334791999312   -0.243955460879   0.910164847873
0.849802606421   -0.495494770966   0.179778925535
0.407123872203   0.833649005909   0.373201671526
0.629530340621   0.501121109278   -0.593775364994
0.185720007022   -0.839112273455   -0.511271622064
-0.754453198833   0.211585033432   -0.621314851262
-0.336188938468   0.0930711685129   0.937184483036
0.806960169717   0.541537846326   0.235694814297
-0.485584474774   0.835508538908   -0.257163759636
0.756435519577   -0.281974763923   -0.590165686254
0.492377784829   -0.348455470797   0.797585670557
-0.430545493216   -0.893906604395   -0.124745985464
-0.992990488552   -0.0536199394396   0.105331817316
-0.0865827678963   -0.276641526597   -0.957064726163
0.0804569073982   -0.9594760903   0.270059841878
0.737377246198   0.61030088555   0.289495467818
0.258133934667   -0.650644602765   0.71416277743
0.624212839153   -0.451878777982   -0.637309894358
-0.50410646967   0.392969082009   0.769059144554
-0.853261257114   -0.0889707360709   -0.513837946468
-0.133498667952   -0.915237405654   0.380156016587
0.378299532127   0.873512162935   -0.306375529696
-0.443268688105   -0.119617187558   -0.888371880794
-0.812651422283   0.471877345975   0.341949464421
0.727188530612   0.664404019645   0.172522866965
0.573254251478   -0.726043647276   0.379789659432
0.377592907916   -0.17727921742   -0.908843041984
0.609948137779   -0.788070169596   0.0831184517044
-0.743804354615   -0.533173175289   0.403089874852
-0.273346577216   -0.30768778485   -0.911378009269
0.475605952558   -0.843567643602   0.249384459338
-0.806177171133   -0.304561094302   0.507268083544
-0.351962138072   -0.44230777803   -0.824916045946
0.64176877981   -0.696793778909   -0.320329928255
0.032196286257   -0.392847143691   0.919039999589
-0.766222051636   -0.6001246132   -0.22968286009
-0.172746515906   -0.571995990543   -0.801859855614
0.344447903468   0.727614480397   -0.593239251663
0.922775315577   -0.378678959965   0.0713299533231
0.89164310711   0.444098008554   0.0880314054287
0.322338654704   -0.486172900981   -0.812239928861
-0.31791565112   0.752604058686   -0.576642670657
-0.236021222942   0.797059997232   0.555868098683
0.629771358614   0.561104625723   -0.537168162554
-0.740055415621   0.223286721067   -0.634398157315
0.118420452337   -0.0475713833521   0.991823351184
0.878491101049   -0.460575205865   -0.126979782328
0.462849848057   0.886344991089   -0.0127504872747
0.0432015014591   -0.698726885695   -0.714082886981
0.969313456766   0.202447198276   -0.139450903344
0.242002175207   -0.686145663192   0.68603139584
0.133672856284   -0.512620809164   -0.84814590343
0.98782431008   0.000187889548596   0.155573446042
-0.0795908280434   -0.858615088797   0.506404412877
-0.384305652603   0.329692235613   0.862329516573
0.534366021934   0.841124718671   -0.0834395724107
-0.752836051196   0.428733294039   -0.499425312336
-0.104854201025   -0.994450308647   -0.0086127904795
-0.957099841058   0.0985560620103   0.272482287291
-0.270121251985   0.0368142129263   -0.962122249484
0.475596623075   0.145796875992   -0.867497044992
-0.234526600425   0.971490267852   0.0346977400095
0.847823758698   0.186949004864   0.49623073642
-0.791398128362   -0.342001618797   -0.506679282353
-0.466004664609   -0.198915464528   0.862132408934
-0.395637024289   0.918404883868   -0.00195302333393
-0.70425870628   -0.136691846268   -0.696659898223
-0.327022514861   -0.808523439022   0.489230133298
-0.63013962691   0.572368052669   0.524708359835
0.0722660551561   -0.30444920151   -0.949783291584
0.667352853242   -0.692941371704   0.272896362472
-0.741227216541   -0.653561733183   0.153098903908
-0.898802950814   0.420253528481   0.12466044845
-0.438335802031   -0.859147293796   -0.264059940584
-0.00387043483157   -0.291980991442   0.95641629031
0.482036591205   -0.871368822937   0.0914171709981
-0.546054693669   -0.217189471516   0.809106300176
-0.685175157358   -0.439937618165   -0.580508308177
-0.597081449302   -0.171316105152   -0.783673742711
-0.445329193145   -0.741772840018   0.501452852764
-0.667214847431   0.648400991615   0.366606739491
-0.340919444494   -0.896777923284   -0.282069652173
0.939161241077   -0.338241475757   -0.0597399978001
-0.0418341442532   -0.285275411469   0.957532163421
0.642604521925   0.364206390835   -0.674101723241
-0.541634530649   -0.406353260661   -0.735872993633
-0.541933080381   0.837992083748   -0.0638576852406
0.757230626754   -0.574707126427   0.31034415854
-0.50519828713   -0.816523321219   -0.279399993891
0.413976410665   0.0547848951739   -0.908637522158
-0.690224107023   -0.369449530125   -0.622171782368
-0.628270581275   -0.120583627116   0.768593303104
-0.358980164897   0.92139385366   -0.148884544696
-0.896917735531   0.185611391367   0.401356433966
0.103512339947   -0.794294139412   0.598650161259
0.429911352687   0.578485290644   0.693203431425
0.57371178279   0.149285837762   0.80533752485
-0.3770756533   -0.824712543228   0.421501094579
0.727096102298   -0.545493317728   -0.416855248662
-0.442806237547   -0.46983818437   0.763658769672
0.414405337761   -0.862526125325   -0.290373723274
0.795104302607   0.187884974495   0.576635399828
0.79461893048   0.130530689191   0.592910190925
0.179997612736   0.882049657203   -0.435418490234
-0.579811706274   0.452714193954   0.677398142793
-0.636204897795   0.519083398976   -0.57078520735
-0.0341447614285   -0.758037711279   -0.651316331398
-0.770764207322   -0.394881315318   0.499991283448
-0.58922978245   -0.374664232347   0.715845637323
-0.525757423206   0.850544161089   0.0124000798932
-0.61350419348   -0.369054661315   -0.698148452369
0.578882190278   0.505788870477   -0.639588170841
0.0524492681418   -0.805847178422   -0.589796065857
-0.813722608787   0.307876506948   -0.493018835765
0.923542284193   0.368999574098   0.104445984238
0.351297968084   -0.923257458424   0.155516568521
0.153816081499   -0.106934464884   -0.982296102655
0.687553867665   0.725747931002   -0.0236562825621
0.300541768052   -0.254765941476   0.91911313815
0.661017643271   -0.639049493944   -0.393282874754
0.224886170457   -0.17387511812   -0.958745875421
0.791326619924   0.60670333099   0.0755860355216
0.568531785336   -0.775679387031   0.274031198221
-0.29763571529   0.259762110596   -0.918660234735
-0.289631047919   0.892349349184   0.346159638163
0.909685020799   0.369101997977   -0.190359864531
-0.17128278222   0.0843808970128   -0.981601789289
0.00290106013684   -0.996278064482   -0.0861487207231
-0.985217637055   -0.0176034783913   0.170400484692
0.564658732416   -0.822492244728   -0.0683156151178
0.323360747878   0.144316602743   0.935206151019
-0.759340728947   -0.550162908178   0.34745133735
0.1925259552   0.887341530957   -0.41899733175
0.353879886357   0.335471066529   0.873056807747
0.915261046154   -0.316360823999   -0.24942543261
-0.469079841603   -0.618239968321   0.630669044565
0.167266013688   -0.763376076327   -0.62392230827
0.8671713688   -0.187179880495   0.461494863971
0.179162459889   0.469753162121   -0.864426271954
0.802073891146   0.439068460928   0.404841153738
0.569717724938   -0.765866080523   -0.298112161101
0.247228371857   0.534879682713   -0.807949167442
0.356636408899   0.72506867228   0.589139959879
0.90093762492   -0.433796202726   -0.0115000219032
0.277534143505   0.249310383765   -0.927803390668
0.773327216823   -0.63099068802   0.0617718977585
-0.570034924289   -0.734639424602   -0.367919965361
0.950424722656   0.298656628848   -0.0865855912326
0.243647489492   -0.888260071501   -0.389396900658
-0.193206489093   0.348996079381   -0.916991269942
0.74649513103   0.574044683419   0.336478410582
-0.0250417711181   -0.481089803876   0.876313591305
0.664919490652   -0.662589844508   -0.344756100608
0.608766150557   0.0196340522896   0.793106725432
0.342907576589   -0.908000298879   -0.240727753185
0.715414682442   0.418509212833   -0.559492511943
-0.745913830135   0.528594111773   -0.40521700731
-0.199441135547   0.403214082935   0.893107852823
0.635480756172   0.746998439304   -0.195339551071
-0.767994017893   -0.433477574858   -0.471468324043
0.392048230073   -0.900294250847   0.18912548001
-0.506441876011   -0.0395910846979   0.861364714993
0.0351416752065   -0.978751761609   -0.202014979175
0.917898847738   -0.0483360779546   0.393859529387
-0.395255319995   -0.199270200269   0.89669650345
-0.632850153619   0.559267153068   0.535463289651
-0.635377259818   0.0201101041584   -0.771939972677
-0.442488893386   -0.828743528005   0.342618948717
0.992558723769   -0.121464416472   0.00857761044348
-0.00808876707698   -0.136057459091   -0.990667926034
0.121497949436   0.983226710051   -0.136027515327
-0.47126151581   -0.881390994352   0.0325959934908
-0.856697658649   0.448645285627   -0.254531980998
0.209718157016   -0.147876038492   -0.966514858581
0.104121246951   -0.984512413193   -0.141046354799
-0.0445520502771   0.137057801665   -0.989560646863
0.993566243765   0.109318192775   -0.0295914173174
0.355270223513   -0.316114583233   0.879690080967
-0.849475512163   0.283550670573   0.444961089818
-0.390095401818   -0.905356607909   -0.167794487382
0.406029899873   0.239913996739   -0.881805531043
0.443451021826   0.791980852768   0.419663579657
0.799056263132   -0.561433525021   0.215177799347
-0.447238122281   0.207694729167   0.86996606914
-0.884327126898   -0.248356110234   -0.395328692536
0.13395370324   -0.946140656555   0.294744403514
-0.776882443413   0.620661340045   0.105986650525
-0.614094921838   -0.784062979676   0.090181322204
0.139072269303   0.0049744220738   0.990269740543
-0.596110201755   -0.748292241868   -0.291052139871
0.762601279239   -0.641083627048   0.0863195924053
-0.251181042807   -0.170500744547   0.952805111155
0.0334754472427   -0.731873692304   0.680617582013
0.84907201905   -0.338409214829   -0.405654914657
0.527215421719   0.591472824255   0.610085073797
0.991322969164   0.121957015404   0.0490434216021
-0.0759083055786   0.226525602721   0.971042779931
0.107315888632   -0.96633981482   0.233817583473
-0.757463391394   0.118706072813   -0.641995388594
0.0126320309646   0.985812469448   0.167374451082
0.652755423181   0.118670313722   -0.748216355174
0.729413106076   -0.568757754344   -0.380093590525
-0.398324468159   -0.804849810433   0.439948179577
-0.556142192925   -0.169503390881   -0.813618130162
0.0738925945285   0.918445081489   -0.38858527605
0.876268828113   0.126234410828   0.464992273485
0.476122699891   -0.37486464999   -0.795477007107
-0.393510238435   0.849254639769   -0.352017398827
0.912640804985   0.406952085364   -0.0384286519961
0.110618503529   -0.336387510243   -0.93520425022
-0.966817454705   0.246322080693   -0.0677454193386
0.165865640097   0.403556226647   -0.899794955181
-0.194300279757   -0.881174105667   -0.431021573461
0.585881952025   0.741141820005   -0.327797408366
-0.806587133988   0.494122467318   -0.324438256956
-0.0784826960372   0.454479691439   0.887292892168
-0.651433460302   0.185764243968   -0.735612732667
-0.368514731358   0.770040202973   0.520802245173
0.663197813304   0.610352137268   -0.433173093533
-0.796144087004   0.471796950726   -0.378896067561
0.432541503755   0.00583834830668   -0.901595120449
-0.423157701403   -0.881687898848   -0.208719929017
-0.972770215369   -0.143648641085   0.181887811589
0.195345973112   -0.085815801792   0.976972670525
-0.12473194811   0.985900966668   0.11154023957
-0.582843143258   0.512186237334   0.630840018264
0.681595532031   0.730824603296   0.0363721037695
-0.442404115118   0.451176969163   -0.77505995989
0.93204187782   0.362058846384   -0.014537184918
-0.355093944361   0.904652100941   -0.235611686767
-0.0721542006276   0.224762025303   0.971738546788
0.997789872023   -0.0572087681278   -0.0338013038004
-0.00917772729689   0.385160164894   -0.922804105269
0.065811401831   0.921074809246   0.383783865164
-0.851389342111   -0.403831222958   0.334748460047
-0.514886475056   0.521578704712   -0.680329017899
0.100140431116   -0.751582329592   -0.65199378517
-0.339575443563   -0.791092624756   0.508783821662
-0.426677996356   -0.352506473539   -0.832877586167
0.838232906509   -0.499911637361   -0.217839273952
0.434497825006   0.284248965489   -0.854642712298
0.354220823131   0.818499156437   0.452312656658
0.828093743803   -0.499261110573   0.254949200711
0.169776557325   -0.397746419551   0.901650545565
-0.95499413153   -0.292222778388   0.050912243471
0.243232665008   -0.869714685127   -0.429458073794
0.0469328627463   -0.586310510627   -0.808725720825
0.997685118434   0.0674000989106   0.00903499435068
0.0492108814238   -0.807277654711   0.588116550825
-0.996679730851   0.0307969564063   -0.0753728172878
0.0749696244082   -0.0140450212659   -0.997086903331
-0.0317658547169   -0.99942697825   0.0116895517604
-0.591377948959   -0.128537950033   0.796084239818
0.331183802185   0.861400078993   0.385106729467
-0.735247856614   0.491393833205   -0.466843324931
-0.826494483048   0.555923565322   0.088633283877
-0.00797482646037   -0.168992287372   0.985585109948
0.562888329631   0.813873820889   0.144104587149
-0.937516852046   -0.0215174862424   0.347273883145
0.250132459906   0.652107050319   0.715674610019
-0.241859266166   0.757821478127   -0.605979127248
-0.58486728113   0.173925778254   -0.792262637717
0.528635777925   -0.659078222117   -0.534939353037
-0.615202794012   -0.731686900791   0.293529898733
0.294319697339   -0.11188626595   0.949135069023
0.736685445348   -0.606102997963   -0.299889497103
0.608827126835   0.787477377041   -0.0959630672568
-0.237271116504   -0.819825806219   -0.521141117866
-0.224523546792   0.568215564624   -0.791656648463
0.945141044611   -0.0708288047063   -0.318891339197
0.9519296984   -0.131257529764   0.276769416996
-0.209717517349   0.379302175723   0.901192777606
-0.22326757987   -0.915915563997   0.333542002463
0.998997764842   -0.0146736925263   0.0422865059829
0.0169223324638   0.998434155856   -0.0533185810467
-0.0414379114409   0.0539807296032   0.997681803145
0.892101464857   -0.397903662949   -0.214073939123
-0.236577531665   -0.814996871728   0.528971805095
-0.384949409547   -0.421251438082   -0.821194969543
0.850416364313   -0.525858143984   0.0162855677012
0.525617408656   0.850552111469   0.0169542146214
-0.0227672358283   -0.0058581636645   0.999723629255
