-0.511541992591   -0.785891719433   -0.347417609141
-0.0756363134595   0.443937047839   -0.892860036984
0.855922857448   -0.430458015237   -0.286534394473
-0.159779935877   -0.855351331362   0.492792524323
0.703803105915   0.251336869406   0.664447865661
-0.692193296843   0.452994346559   0.561840334784
0.78821229297   0.210490885696   -0.57828623384
0.262110670834   0.735366550687   0.624927221656
0.556793837471   -0.644150311007   0.524453047836
0.951316046675   -0.166984813057   0.259063412214
0.0602583752828   0.925066581535   0.374994330538
-0.30226926332   -0.341127383737   0.890092916788
-0.606665646231   0.743030691445   -0.282598983107
0.33590942473   -0.0825919590568   -0.938266181143
-0.720500972977   -0.664141520965   -0.199485307905
0.575477202194   -0.703002680149   0.417867468772
0.53960034922   0.710345322177   0.451930289296
-0.614538406348   -0.0345941463942   0.788128030309
0.23058345296   -0.949513800407   -0.212731789018
-0.805229206204   -0.0634585275075   -0.589558259007
0.546294056985   0.307240228688   -0.779208730173
0.946687519905   -0.200405624493   0.252230698622
-0.114805226295   -0.941419441301   -0.317094931456
0.301002491138   0.271232411801   -0.914237649147
-0.995862683937   0.0709479038176   0.0567794829562
-0.0863173461328   -0.543249409962   -0.835122382847
-0.0284047618803   -0.836568271882   0.547125850223
-0.986584933096   0.057767663665   -0.152686171023
0.0492949738891   0.997057322397   0.0587086143981
0.155628324338   0.0503943735943   -0.986529387182
-0.884237107164   -0.234302890877   -0.404013482003
-0.465378776414   0.369167290547   0.804448945586
-0.0393361510179   0.899342908415   -0.43547100972
0.889239789857   0.0258819583197   -0.45670857269
-0.45211402946   0.201655035281   -0.868866014476
0.0696096293671   0.979114585214   0.191021277663
0.208356730528   0.668129399817   0.714276261641
-0.358909269806   0.731585994871   -0.579625800112
-0.909819547433   -0.135591434864   0.392228701016
-0.458181781385   0.789563757171   0.408238323248
0.853652473804   0.262896856078   0.449625062727
0.247683082132   0.554503666738   -0.794467604374
-0.834740679378   0.5381001342   0.116859932251
-0.51246976088   -0.836817463664   0.19264287345
0.201451588166   0.100919661524   0.974285625237
-0.00469920081555   0.57422887933   -0.818681324848
0.501381603066   0.709702745392   0.494912619854
0.86521350291   -0.408146061266   -0.291242831766
0.724590060887   -0.686472898968   0.0610262455487
0.680166564184   0.698029949592   -0.22389201513
0.111097653578   0.203737940635   0.972701476772
-0.190894059658   -0.92637156628   0.324646236964
-0.964508028286   0.238480734487   0.113363145023
-0.182438267253   -0.291483550936   -0.93901736841
0.089894614388   0.926017123231   0.366621392974
0.867458983413   -0.253655623915   0.427988009823
0.489319803809   0.279555203741   -0.826084146841
0.932546930683   0.0132022350823   -0.360807321242
-0.0336104281645   -0.991817335747   -0.1231613236
-0.35948096082   0.126980602854   -0.924472479475
0.818651740456   0.142969948006   0.556209422623
-0.560859589367   -0.0091961769953   0.82785986214
0.123474081743   -0.98968430537   0.0726576000276
0.193551292021   -0.676624706118   -0.710434306905
0.979907268068   0.0977767141107   0.17384320569
-0.04816267584   -0.729807317892   0.681954276625
-0.488977988263   0.373993605295   -0.788054128974
-0.841474393482   0.0357909726168   0.539110240483
0.22982900624   0.926740411053   0.297205044393
-0.272901891602   0.876578046417   0.396403186288
-0.172887580292   -0.450021600108   0.876122391003
0.946379650109   0.170562270082   0.274361203314
0.155497515332   0.758744507166   -0.632556160014
0.632206095719   -0.568467786716   -0.52645971166
-0.759036214723   -0.31804268316   -0.568078230905
-0.183389528951   0.442783951718   -0.877673431734
-0.918726933961   -0.394827389175   -0.0072217430112
-0.349727181509   0.805017828907   0.479204751287
0.939714447458   0.17342603107   0.294720492986
0.0182832371257   0.835142713973   -0.549729361175
-0.341471053647   0.521977067547   0.78162488476
-0.0695718589909   -0.854841834037   -0.514203457025
-0.0223433510363   0.516658410165   -0.855900030301
0.997326692263   -0.0480575278741   -0.0550449172369
0.92267267493   -0.116005064613   0.367719947679
-0.0964905476492   0.853860603541   0.511479856822
-0.373315830298   -0.5074099868   0.776640454872
-0.960420110126   -0.25346599387   -0.115534419188
0.240321700993   -0.963685384962   0.116430059879
-0.140849892075   0.0840563427882   0.986456202342
0.199485866121   -0.139277639664   0.969952126812
0.250943583188   -0.949577497049   -0.187962483371
0.947223683865   0.280899121016   -0.154476459492
-0.334965123641   -0.243922635587   0.910109945991
0.850121833267   -0.494763576304   0.180282756154
0.406314206676   0.834092771466   0.37309250065
0.629163132481   0.501758773016   -0.593626049317
0.185777896659   -0.838667785688   -0.51197941205
-0.754745205907   0.211835971807   -0.620874540635
-0.336791110617   0.0932308313364   0.936952378671
0.80663428975   0.541877878467   0.236028573328
-0.485708627069   0.835270241848   -0.257702837925
0.755942020186   -0.282831756786   -0.590387888994
0.492081436931   -0.349293756971   0.797401862782
-0.431749373532   -0.893308495815   -0.124869570994
-0.993049932238   -0.0516844823153   0.105738102735
-0.08751691557   -0.276428519815   -0.9570413068
0.0786932117235   -0.959643677476   0.269984056396
0.736841794662   0.610559990539   0.290311328736
0.258667637751   -0.651344913487   0.713330818663
0.624624065194   -0.450517814995   -0.637870265456
-0.504304817808   0.392985817983   0.768920540498
-0.853076507703   -0.0886248541275   -0.514204343852
-0.133929543942   -0.915263777332   0.379940910096
0.378084752888   0.873502953937   -0.306666772079
-0.442711924187   -0.120328373924   -0.888553450622
-0.813054777869   0.471713548558   0.34121585
0.727309378538   0.664272435363   0.172520142323
0.572765776364   -0.725978744817   0.38064974386
0.378101088754   -0.178036495391   -0.908483666882
0.609683773347   -0.788406269451   0.0818611678864
-0.743772402063   -0.533330000111   0.402941341775
-0.274022463398   -0.306552875165   -0.911557471738
0.4759700449   -0.843617094092   0.248521055274
-0.805818453369   -0.305143097708   0.507488236446
-0.352291266664   -0.441812051078   -0.825041195914
0.641576705345   -0.69668774279   -0.320944730765
0.0325219174998   -0.393327097777   0.918823225129
-0.766369138236   -0.599933315628   -0.229691882221
-0.173274256745   -0.572466738951   -0.801409923038
0.344107488845   0.727245257989   -0.59388919072
0.922803374544   -0.378676864263   0.0709772104381
0.891592740207   0.444100354419   0.0885283051698
0.322667405613   -0.485875530476   -0.812287334777
-0.317723356028   0.752794689202   -0.576499804808
-0.236197267961   0.796932435734   0.555976207659
0.629904061981   0.561239125088   -0.536871974655
-0.739886290795   0.223403977911   -0.634554126412
0.118302676245   -0.046607329972   0.991883175372
0.878407480151   -0.460887249315   -0.126424848165
0.463038632955   0.886233998564   -0.0135839677637
0.042108883435   -0.699522063694   -0.713369276281
0.969301875986   0.201716828156   -0.140585185736
0.242241026967   -0.685550292571   0.686542119036
0.132876700613   -0.512878907946   -0.848114973467
0.988028806353   0.000877111482629   0.1542670039
-0.0783764011104   -0.858460515376   0.506855682901
-0.384189040055   0.328967707129   0.862658118358
0.534754765349   0.840966394569   -0.0825400759749
-0.752619507081   0.429599547104   -0.499007120881
-0.10418607957   -0.994513853446   -0.00935179807698
-0.956854459874   0.0976675063267   0.273661471214
-0.271246757479   0.037460025513   -0.961780610662
0.475830033569   0.144019288939   -0.867665963126
-0.234486685567   0.97157011377   0.0326727458255
0.84770382413   0.18790944213   0.496072845572
-0.790423008314   -0.341707826568   -0.508396724213
-0.468840283081   -0.196668824579   0.861109843399
-0.394233759195   0.918997897006   -0.0047548301738
-0.704174550384   -0.136385536441   -0.696804985661
-0.327249445772   -0.808586001114   0.488974926805
-0.63011586461   0.572352744601   0.524753592569
0.0727532182128   -0.303354327706   -0.950096374639
0.667200515581   -0.693266667731   0.272442286405
-0.7413166943   -0.653725844124   0.151960782692
-0.89863512771   0.420545583378   0.124885225491
-0.438679837473   -0.858914961745   -0.264244373044
-0.00386101534072   -0.292243906338   0.956336024506
0.482007437393   -0.871412078102   0.0911582165018
-0.546282288001   -0.217553044763   0.808854952714
-0.685014227672   -0.439672222061   -0.580899169421
-0.59712269868   -0.170503262057   -0.783819571297
-0.445927788836   -0.741685000051   0.501050663948
-0.666777991436   0.648715652908   0.366844806163
-0.341002206957   -0.89695680424   -0.281400046515
0.939172464854   -0.338080597478   -0.0604697516925
-0.0408971406248   -0.284903494077   0.957683362574
0.642511978161   0.364608665851   -0.673972461386
-0.541393700831   -0.406442441068   -0.736000952988
-0.542283337952   0.83777387336   -0.0637473018595
0.757015256152   -0.574265910239   0.311683439231
-0.50450968403   -0.816854657829   -0.279675609775
0.415208237723   0.0544713899297   -0.908094150959
-0.689942784723   -0.370555403261   -0.621826058414
-0.628496209113   -0.119530139516   0.768573393293
-0.359125979205   0.921086987673   -0.1504237089
-0.897026008889   0.185418844754   0.401203428933
0.103523145704   -0.794349436546   0.59857491675
0.429682787276   0.578471109624   0.693356962646
0.573933545254   0.149611042485   0.805119135034
-0.376737550895   -0.82470877283   0.421810689483
0.727096350821   -0.545409915553   -0.41696393206
-0.442935228798   -0.470002988384   0.763482530252
0.414843517364   -0.862371425933   -0.29020747722
0.794803899833   0.188182662974   0.576952377728
0.793882976888   0.130246965684   0.593957529574
0.180629076791   0.882186085064   -0.434880268507
-0.580622903119   0.452530042372   0.676826126213
-0.63671053059   0.518786939542   -0.570490851458
-0.0344621391945   -0.758242967493   -0.651060644801
-0.77033243551   -0.394876833465   0.500659789871
-0.589039460017   -0.374565200012   0.716054066034
-0.526441285474   0.850131799165   0.0116403177629
-0.613100389407   -0.370103816502   -0.697947761311
0.579319057274   0.506664344215   -0.638498764431
0.0529789034453   -0.805086255652   -0.59078706549
-0.813377320601   0.308427241439   -0.49324433202
0.923249922287   0.369807099402   0.104174326146
0.35211068648   -0.922921837136   0.155670636296
0.15371286694   -0.10704200937   -0.982300546048
0.687291291853   0.725969179347   -0.0244832755409
0.300747793534   -0.253720147547   0.919335004997
0.66119697884   -0.639214234328   -0.392713276839
0.225314445391   -0.174463731239   -0.958538370218
0.791272390402   0.606777656711   0.0755571274191
0.568437687777   -0.775489059755   0.274764104853
-0.296862216418   0.258724603543   -0.919203135321
-0.291178234557   0.892229136547   0.345170108232
0.909443819146   0.370119909513   -0.189534145732
-0.171567775375   0.0849708994759   -0.98150111803
0.00486273576624   -0.996188367571   -0.0870924228482
-0.985160318047   -0.0197150338313   0.170500631047
0.564835924641   -0.822224569785   -0.0700509463038
0.32481987687   0.143494156642   0.934826975755
-0.758585806502   -0.550777798983   0.348125538164
0.193136208908   0.887525359527   -0.4183265961
0.352575671276   0.33509832949   0.873727363425
0.915635735887   -0.316240171024   -0.248200228441
-0.469284321567   -0.617608018712   0.631135928905
0.166228752076   -0.763732981059   -0.623762723819
0.86726018444   -0.187809128814   0.461072124097
0.179043859883   0.47044021982   -0.864077135338
0.801541070699   0.439536502241   0.405388178394
0.570504345488   -0.765175576435   -0.298380845574
0.246484474099   0.535146945436   -0.807999474516
0.356280699531   0.7253057899   0.589063302439
0.901282124071   -0.433069576314   -0.0118859118873
0.277139220008   0.2495901078   -0.927846232315
0.773567616464   -0.630733160374   0.0613907416722
-0.569900864617   -0.73476558064   -0.367875720883
0.950375964143   0.29904811933   -0.0857656638982
0.244401779178   -0.888254799761   -0.388935960071
-0.192492330011   0.348674107194   -0.917263904152
0.746125343154   0.574754625579   0.33608643632
-0.0243340173348   -0.480904080095   0.876435463311
0.66536067505   -0.662109043982   -0.344828632763
0.608727428239   0.0190524154279   0.793150631076
0.343480835535   -0.907494408281   -0.241815662353
0.71517259017   0.41963186772   -0.558960876864
-0.74621400336   0.528590667059   -0.404668466634
-0.199220209638   0.402702827665   0.893387788512
0.635197582852   0.747276614975   -0.195196545692
-0.768392444814   -0.432425762618   -0.471784919827
0.3914018771   -0.900778336126   0.188156742552
-0.506337457981   -0.0400792837894   0.861403523127
0.0350960555631   -0.978502879676   -0.203224952574
0.917489727923   -0.0490717601955   0.394720865306
-0.396208109509   -0.200309951865   0.896044115623
-0.632650051502   0.559442246143   0.535516839665
-0.635849588896   0.0195131232753   -0.771566289
-0.442096383874   -0.828639614821   0.343376143776
0.992625146972   -0.120933164094   0.00839567870029
-0.00816346946167   -0.135784948305   -0.990704701503
0.120949061034   0.983329862069   -0.13577078846
-0.470860814271   -0.881600407858   0.0327233013186
-0.857016249829   0.44829997745   -0.25406746692
0.209316127216   -0.147674815332   -0.96663276781
0.104171924679   -0.9846004438   -0.140392934925
-0.0437846036471   0.136483932709   -0.989674211342
0.993595047588   0.109243316411   -0.0288925462245
0.355852349289   -0.317374562858   0.879000848894
-0.849276784238   0.282689299213   0.44588754621
-0.389997499044   -0.905185145128   -0.168943196899
0.40719737599   0.239055708998   -0.881500235384
0.443635849135   0.791868604935   0.419680051801
0.79835927398   -0.561957721286   0.216393135606
-0.447643965592   0.207441871877   0.869817653225
-0.884016097833   -0.249132575346   -0.395535710997
0.134649243746   -0.945991981834   0.294904648089
-0.777046193274   0.620523885606   0.105590344778
-0.613882018026   -0.784166994301   0.0907248201661
0.139097381222   0.00567736220925   0.990262432942
-0.596599790087   -0.747975724945   -0.290862519691
0.761993551569   -0.641687602755   0.0871943108105
-0.251862100832   -0.169615256872   0.952783368243
0.0332668435795   -0.731526340776   0.681001123252
0.848674390851   -0.339201415464   -0.405825304855
0.527868445194   0.591448740382   0.609543511219
0.991369176282   0.121358427795   0.0495912121416
-0.0763291034482   0.226762221751   0.970954562662
0.106588105741   -0.966359677755   0.234068256978
-0.757204711452   0.118779093268   -0.642286970098
0.0115557517999   0.9856088053   0.168646812945
0.653075408782   0.120278052522   -0.747680212742
0.729055376966   -0.569113544402   -0.380247328585
-0.397162389458   -0.804208377792   0.442166169544
-0.557440843245   -0.171343685813   -0.812342937197
0.0731926080292   0.918186566815   -0.389327973116
0.875889663111   0.127500680457   0.465361015276
0.476927814439   -0.375069333596   -0.794898015352
-0.39286072332   0.849152401259   -0.352988174743
0.912781914254   0.406725530047   -0.0374635852415
0.111757009105   -0.336919193047   -0.934877440241
-0.967015034965   0.2457381598   -0.0670423669788
0.16512122801   0.404353781069   -0.899573787855
-0.193950772652   -0.88097149588   -0.431592772453
0.585712752085   0.741233592929   -0.327892257851
-0.806621212061   0.493443667286   -0.325385260068
-0.0793901272172   0.455067146615   0.886910987513
-0.65164853977   0.186190763221   -0.735314341154
-0.368864666977   0.76927512119   0.521684430834
0.662791851241   0.611186377147   -0.432617815535
-0.796307523135   0.471801286933   -0.378547056846
0.432239247946   0.00602964341761   -0.901738806937
-0.423159025821   -0.88168429103   -0.208732483859
-0.972791490537   -0.143594448231   0.181816804437
0.195203232803   -0.0852999114965   0.977046377099
-0.124789478089   0.985953629506   0.111009128555
-0.583430404635   0.511498238716   0.630855383379
0.680765549655   0.7315959238   0.036409760821
-0.442907698455   0.450707173307   -0.775045685478
0.932118115866   0.361846865329   -0.0149219343725
-0.35505330467   0.904945755562   -0.234542811303
-0.0713650398803   0.223919685472   0.971991257955
0.997777682477   -0.0569317333057   -0.0346189845875
-0.0100236978493   0.385398005818   -0.922695996844
0.065872770038   0.920992483604   0.383970862584
-0.851217647709   -0.403788412776   0.335236385163
-0.515221509914   0.521389342865   -0.680220514884
0.0998764834778   -0.751736703144   -0.65185628569
-0.339622121454   -0.790524566248   0.509634893604
-0.425708674035   -0.353967878323   -0.832753784721
0.838706706466   -0.499777601813   -0.216317843127
0.434026495667   0.283253520835   -0.855212513937
0.355540968815   0.818379003201   0.451493551021
0.827775102641   -0.500023249514   0.254489939669
0.170646702561   -0.397236359897   0.901711138492
-0.954726034026   -0.292974794943   0.0516136559527
0.243675815086   -0.869694799285   -0.429247077146
0.0471639697   -0.585869284959   -0.809031977677
0.997683043726   0.0673859806463   0.00936343278893
0.0490316655171   -0.807599102621   0.587690041793
-0.996297178961   0.0277965792881   -0.0813589661567
0.0808905334357   -0.0175821696998   -0.996567904816
-0.0291316459317   -0.999458962383   0.0152685859456
-0.592436080233   -0.12835202313   0.795327133321
0.330860376283   0.86136376287   0.385465795396
-0.734541286956   0.491506079487   -0.46783637266
-0.826297412933   0.556299918922   0.0881078066281
-0.00858040463449   -0.168846793213   0.98560495995
0.563168679915   0.813646827948   0.144290946816
-0.937826526886   -0.0219878310462   0.346407189237
0.249220582917   0.651991215153   0.716098147194
-0.241599889321   0.75790763992   -0.605974836796
-0.585153754505   0.174353594739   -0.791957011201
0.528472625477   -0.658752969175   -0.535500896101
-0.615070538809   -0.731877960868   0.293330671231
0.294015179438   -0.112002236225   0.949215767537
0.73734695092   -0.605334516886   -0.299815937926
0.608173123566   0.788051788747   -0.0953930292254
-0.236684031333   -0.8201893431   -0.520835973006
-0.224575409856   0.567733621357   -0.791987639088
0.945275914535   -0.0704838750795   -0.318567840112
0.952082026499   -0.131903766622   0.275936969557
-0.208655255163   0.379512335245   0.901350859483
-0.223613057111   -0.915735651675   0.33380445914
0.998936818202   -0.0154886931652   0.0434204286624
0.0178850433817   0.998306505773   -0.0553556298371
-0.0424895100517   0.0560733529893   0.997522140416
0.892106077237   -0.397362899232   -0.215056907053
-0.234958439758   -0.814546923517   0.530384616082
-0.385929110775   -0.422629903939   -0.820026027485
0.849763863786   -0.526904161439   0.0165342209169
0.526652600979   0.849903165934   0.0173679710344
-0.0232037429173   -0.00605088372131   0.999712445217
