-0.510921769061   -0.78763614672   -0.34436644186
-0.0766069780317   0.440724281914   -0.894367641548
0.856206935744   -0.430571025164   -0.285514054772
-0.161699518442   -0.855221434124   0.492391677784
0.703065456233   0.250298142297   0.665619864648
-0.692497097458   0.453813991166   0.560803558686
0.788985509929   0.20963511395   -0.577542192503
0.262972625077   0.734322524258   0.625792161047
0.555290251654   -0.645618733748   0.524241535031
0.951512853748   -0.165066050737   0.259569813436
0.0576402967378   0.924559242398   0.376653426226
-0.302160363623   -0.343428895391   0.889244459339
-0.606642652156   0.744291519259   -0.279311344104
0.329480274149   -0.0843538958875   -0.940386712579
-0.723482855037   -0.662506267599   -0.194056702691
0.572982622115   -0.706047837961   0.416157860991
0.540944189677   0.707265177803   0.45514322133
-0.61568685093   -0.0356709795035   0.787183131687
0.23109967288   -0.949735187724   -0.211177684411
-0.803356005434   -0.0638322682594   -0.592068045128
0.548827905383   0.306477592537   -0.777727082944
0.94662356542   -0.199884589604   0.252883325331
-0.113757261707   -0.941201870064   -0.318116842053
0.30160091313   0.272369584623   -0.91370219359
-0.995899805403   0.0711837325962   0.0558252076696
-0.0856800569138   -0.544216712291   -0.83455802549
-0.0290259443415   -0.835919282154   0.548084344128
-0.986627204404   0.0545793464026   -0.153583379554
0.0463526606741   0.997317635643   0.0566477226697
0.156263208649   0.0487711859759   -0.986510608681
-0.883115757062   -0.236855633879   -0.404976503428
-0.467330958468   0.368065200145   0.803821985081
-0.0413320080139   0.899125918402   -0.435734148273
0.888971534668   0.024233945817   -0.457320813456
-0.452335073315   0.202528771707   -0.86854768325
0.07157228513   0.978976410595   0.191004176657
0.210333697879   0.665869405636   0.715805609208
-0.357270794264   0.733895108548   -0.577715803155
-0.910009513743   -0.13422333734   0.392258563464
-0.460532664251   0.787877073757   0.408851295468
0.852085955322   0.263337360469   0.452330586323
0.24871507775   0.556689456725   -0.792614445283
-0.833591540045   0.540691783572   0.113037779277
-0.515900036084   -0.835197289143   0.190506275426
0.197414024664   0.100488225113   0.975156305153
-0.00445619965933   0.571158338612   -0.820827810517
0.500089413591   0.71209291204   0.492782165908
0.865962309052   -0.408291362701   -0.288803466816
0.722406960776   -0.688357047268   0.0655191460479
0.682769332126   0.695127030656   -0.224998778574
0.109335365415   0.207275147397   0.972153686997
-0.187067820625   -0.927251248532   0.324362070197
-0.964839719575   0.235489276793   0.116743805174
-0.184634628435   -0.291118399644   -0.938701300399
0.0863221430028   0.926668343542   0.365833662617
0.867044464075   -0.250738044049   0.430539580741
0.490695817126   0.280028952687   -0.825106902596
0.933821797284   0.0165455780976   -0.357355697818
-0.0304335172891   -0.991634330336   -0.125439849828
-0.356441652929   0.128014056825   -0.925506212465
0.819290226846   0.143966505789   0.55501096332
-0.559861464737   -0.00808200786606   0.828546813072
0.123768592532   -0.989549557304   0.0739797887464
0.190889808397   -0.678253613606   -0.709600674098
0.980411181745   0.0959978491932   0.171983509845
-0.0485282985339   -0.728530334702   0.683292437878
-0.48638381255   0.376431250577   -0.788498763777
-0.841704413976   0.0402811752696   0.538433938764
0.234445017825   0.925568441828   0.297251733567
-0.269954583943   0.877987725525   0.395299982842
-0.173198749787   -0.448123627519   0.877033298987
0.947167733657   0.168293696513   0.273039403812
0.153938780907   0.75995736466   -0.631480526724
0.631980201027   -0.567005740679   -0.528304377747
-0.759541886431   -0.317756658366   -0.567562180577
-0.17855437262   0.444027682982   -0.87804199943
-0.919431776028   -0.393072284606   -0.0118062824439
-0.350376290935   0.805191651608   0.478437936342
0.939113532782   0.170575548868   0.298277982215
0.0224375338845   0.83578322223   -0.548600913699
-0.342873635059   0.521891164484   0.781068039811
-0.0683760990098   -0.856268197167   -0.511985823636
-0.0221441804618   0.514363040761   -0.857286590103
0.997413828035   -0.0472804062922   -0.0541314956839
0.922685864956   -0.118366809749   0.366933363107
-0.0941809263173   0.853680856923   0.512209866794
-0.373872635705   -0.507166928016   0.776531364079
-0.960533342924   -0.25144923915   -0.118949473567
0.237596216052   -0.964018502315   0.119232400431
-0.144650389729   0.0862647513501   0.98571530242
0.197980574968   -0.136968386714   0.970589178271
0.25238957216   -0.94967852531   -0.185499871781
0.947155317675   0.281691958718   -0.153448507954
-0.335565565739   -0.243767588449   0.909930279698
0.850964517276   -0.492750628938   0.181813662906
0.404048439457   0.83532878587   0.3727877118
0.628137412801   0.503636089012   -0.593122314944
0.186030674872   -0.837364966646   -0.514016050956
-0.755536881063   0.212533767855   -0.619672025248
-0.338575046739   0.0936343822792   0.9362689465
0.805675739303   0.542852749326   0.237060109778
-0.486059194775   0.834591813406   -0.259235345142
0.754481717664   -0.285240235719   -0.591096731202
0.491309724357   -0.351689764156   0.796824362416
-0.435169038953   -0.891600985707   -0.125202195759
-0.993192414325   -0.0461237462165   0.106964611727
-0.0902508658244   -0.27585696358   -0.956952306472
0.0736451583266   -0.96009142048   0.269816335635
0.735236074427   0.611412450888   0.292579441794
0.260237055306   -0.653202975343   0.71105734512
0.625863076006   -0.446654998743   -0.639370567191
-0.504783401708   0.393079844223   0.768558360455
-0.852598766709   -0.0876175934966   -0.51516841937
-0.135163088029   -0.91532037745   0.379367297297
0.377516805098   0.87349123278   -0.307398972226
-0.441183467808   -0.122200813281   -0.889057989653
-0.814148763802   0.471253676368   0.339237030568
0.727558517334   0.66399943786   0.172520579572
0.571478813741   -0.725713969442   0.383081192441
0.379566291047   -0.180122128231   -0.907460990689
0.609020599314   -0.789289382608   0.0782060107279
-0.743601190613   -0.53388358458   0.402524020942
-0.275955030631   -0.303299503163   -0.91206262529
0.477054632908   -0.843742994062   0.246001295102
-0.804746542471   -0.306846595161   0.508161558385
-0.353273094932   -0.44038951737   -0.825381847019
0.641028770102   -0.696347073108   -0.322773712801
0.0335145129157   -0.394746003411   0.91817883346
-0.766784776404   -0.599396652114   -0.229705812094
-0.17476811544   -0.573865636038   -0.800083956595
0.343102733584   0.726163007848   -0.595791742339
0.922895779616   -0.378636392608   0.0699847280508
0.891389643742   0.44421812285   0.0899708972975
0.323692294413   -0.484993754618   -0.812406521711
-0.317250376779   0.753293646139   -0.576108393551
-0.236686509238   0.796493438436   0.556397069433
0.630263105131   0.561696627155   -0.535971377365
-0.73942404252   0.223819350307   -0.634946441656
0.117792789709   -0.0438932954271   0.992067657627
0.87818106657   -0.461787224452   -0.124701939245
0.463597749144   0.88590402299   -0.0158489444268
0.0389571473141   -0.701795214573   -0.711312742382
0.969242855538   0.199653425611   -0.143898563686
0.243003349076   -0.683828916063   0.687987925689
0.130579730858   -0.513736555796   -0.847952643211
0.988597931423   0.00278059943069   0.150553639121
-0.0749870913876   -0.857943482699   0.508241986282
-0.384126155804   0.326932118737   0.863459603088
0.535829917314   0.840538839108   -0.0798796573708
-0.751886558025   0.431983622014   -0.49805296322
-0.102196888245   -0.994699608809   -0.0113350901459
-0.956189391743   0.0950851474573   0.276876618463
-0.274331265355   0.0391344217866   -0.960838620102
0.476451821239   0.138924274569   -0.868155347834
-0.234298836693   0.971791750618   0.0269230116341
0.847406465141   0.19058027014   0.495561745367
-0.787598300523   -0.341140972048   -0.513139117787
-0.476694604237   -0.190355476277   0.85821153974
-0.390449960052   0.920536598861   -0.0126964110483
-0.703850426849   -0.135460732459   -0.697312674907
-0.328020699292   -0.80874001607   0.488202834121
-0.630076977408   0.572354764433   0.524798081333
0.0740747171795   -0.300202796407   -0.950994856613
0.666807879681   -0.694180754344   0.271072558357
-0.741539066989   -0.654210487021   0.148756347097
-0.898111835756   0.421495673782   0.125445316602
-0.439749899538   -0.858238067551   -0.264664779036
-0.00389311326275   -0.292863135933   0.956146446566
0.482018082641   -0.871482744413   0.0904234162018
-0.546921407362   -0.218653196391   0.808126075484
-0.684496561113   -0.438985883485   -0.582027363554
-0.597155076363   -0.16817262466   -0.784298274312
-0.44765560848   -0.741468810444   0.499828429899
-0.665590167424   0.649570605441   0.367488445499
-0.341317755162   -0.89741829925   -0.279539954537
0.939165740495   -0.33773355983   -0.0624800323723
-0.038339299572   -0.283859892793   0.958098982033
0.642270056707   0.365799524751   -0.673557630756
-0.54071526571   -0.406595906451   -0.736414808573
-0.54324596242   0.837180074147   -0.0633509886709
0.756395953778   -0.572986511579   0.315518016375
-0.50255058276   -0.817815026607   -0.280395246078
0.418698068871   0.053526066591   -0.906546682372
-0.689084722514   -0.373684433615   -0.620904331819
-0.629174789022   -0.11664051016   0.768462150173
-0.359584941365   0.92019287949   -0.154737631103
-0.89735879487   0.184929488917   0.400684760626
0.103449588479   -0.794509744903   0.598374838958
0.429005100101   0.578407597964   0.693829427672
0.574520036053   0.150640242549   0.804508698212
-0.375711432208   -0.82470749482   0.422727415359
0.727164113445   -0.545128485142   -0.417213718381
-0.443369272083   -0.47046855549   0.762943659039
0.416023122374   -0.861953680624   -0.289759579841
0.793944865984   0.188931709236   0.577889573381
0.791734775181   0.129379536627   0.597006684445
0.182497523941   0.882583272394   -0.433291381228
-0.582967151326   0.452004095991   0.675160423664
-0.638153404971   0.517999187882   -0.569593779002
-0.0353951239332   -0.758775859323   -0.650389406825
-0.76909519367   -0.394887372123   0.502550043689
-0.588442014015   -0.374379592129   0.716642112312
-0.528428014369   0.84892397767   0.00958716680659
-0.611963912148   -0.373052276678   -0.697375199655
0.580508507473   0.50914629369   -0.635436798095
0.0544706689018   -0.802925594358   -0.593585239165
-0.812430193297   0.309968613808   -0.493838677579
0.92238742708   0.372176186122   0.103374662507
0.354508092243   -0.92194101155   0.156040968197
0.153380073342   -0.107283072783   -0.982326267284
0.686430746926   0.726699003949   -0.0268586547343
0.30142216095   -0.250718878761   0.919937348259
0.661783582875   -0.639569074841   -0.391144331346
0.226378066255   -0.176185946801   -0.95797259004
0.791172697429   0.606935011327   0.075336942258
0.568153794286   -0.774976389431   0.276790284986
-0.294645089547   0.255719915348   -0.920755991618
-0.295598916292   0.891883500915   0.342293881749
0.908738439758   0.373029684731   -0.187198564141
-0.172418523744   0.0866910964758   -0.981201562607
0.0103696598966   -0.995904722549   -0.0898123252068
-0.984969198921   -0.0256600350204   0.170813464865
0.565213129303   -0.821534256389   -0.0749372006588
0.328946945333   0.141142227176   0.933741280475
-0.756523645116   -0.552413194345   0.350016624024
0.194751051133   0.887990392796   -0.416587434261
0.349032600024   0.334179176019   0.875500155589
0.916650572576   -0.315907170885   -0.244855849797
-0.469880487992   -0.615830053578   0.632428392875
0.163408387361   -0.764746241903   -0.623266302984
0.867473357484   -0.189516570795   0.459971133279
0.178536248198   0.472303914876   -0.863165001649
0.800023382743   0.441008086652   0.40678551421
0.572789136719   -0.763178144013   -0.299118246446
0.244328306756   0.535806652938   -0.808217117602
0.355355004726   0.726021414155   0.588740797639
0.902234170897   -0.431050039851   -0.0130139928978
0.275902494687   0.250467636199   -0.927978327679
0.774275980941   -0.62998134857   0.0601681459868
-0.569538865015   -0.735111871535   -0.367744500388
0.95019333697   0.300293600883   -0.0834048898266
0.246658962588   -0.888166415629   -0.387710941713
-0.190504536832   0.347827789887   -0.917999918316
0.745084760898   0.576795700505   0.334896131593
-0.0222454609672   -0.480345525374   0.876797191898
0.666598708778   -0.660738144905   -0.34506704468
0.60858424111   0.0175960193359   0.793294145684
0.345215922405   -0.906051186052   -0.244739075693
0.714458668077   0.422802114891   -0.557482899516
-0.747016977586   0.528529695256   -0.403264176974
-0.198668042644   0.401395745282   0.894098688346
0.634426232142   0.74802260454   -0.194847476421
-0.769571490061   -0.429362274865   -0.472660299378
0.38945218299   -0.902184554915   0.185445479959
-0.506050114959   -0.041365031069   0.861511587475
0.0349066780356   -0.977782198755   -0.206696627031
0.916351300906   -0.0512273933109   0.397084433719
-0.398850620102   -0.203267621554   0.894203811707
-0.632034162384   0.559948591123   0.535714842877
-0.637191500421   0.0179299354479   -0.770496923554
-0.44104399936   -0.828333322229   0.345462151204
0.992802653409   -0.11949287365   0.00802150433067
-0.00825697067187   -0.135114446957   -0.990795593783
0.119476833822   0.983598261167   -0.135128630606
-0.469599659304   -0.882260578119   0.0330519633236
-0.857949553005   0.447186154088   -0.252877654392
0.208323605193   -0.147108177507   -0.966933534236
0.104398598069   -0.9848466575   -0.138484634284
-0.041600161042   0.134799349583   -0.989999273714
0.993665114273   0.109115519354   -0.0268969164366
0.357552141303   -0.320921204691   0.877021120971
-0.848688425917   0.280238823395   0.448546717273
-0.389723519901   -0.904696513888   -0.172162120672
0.410374910478   0.236629518475   -0.880680931914
0.444195747155   0.791561112159   0.419667897184
0.796418590353   -0.563415900294   0.219726994782
-0.448633949158   0.206837490134   0.869451454848
-0.883215191584   -0.25130103115   -0.39595292283
0.136596138369   -0.945550656717   0.295424187508
-0.777455876501   0.620199442703   0.104474931757
-0.613349054802   -0.784407016151   0.0922419101407
0.139159250745   0.0076344144549   0.990240586246
-0.598019507719   -0.747051507163   -0.290321742266
0.760263183452   -0.64340894898   0.0895813387952
-0.253717481218   -0.167149543873   0.952726859969
0.0325853157331   -0.730567615229   0.682062428797
0.847581071968   -0.341449508326   -0.406224765008
0.52966453878   0.591340166775   0.608089042425
0.991497172585   0.119704200345   0.0510319622874
-0.0774112443981   0.22734954641   0.970731519519
0.104598546815   -0.966428004647   0.234682883563
-0.756507633565   0.118782916428   -0.643107159906
0.00838986216139   0.985048851984   0.172070826749
0.653931044202   0.124777313523   -0.746193548256
0.728118696501   -0.570008062551   -0.380701946977
-0.393790865504   -0.802453902568   0.448326319213
-0.561045379672   -0.176517825953   -0.808745657836
0.0711591044124   0.917480521952   -0.391364119072
0.874815346311   0.131092092082   0.466382861234
0.479201932089   -0.375558724079   -0.793297644677
-0.391119759423   0.848805964205   -0.3557439654
0.913141164878   0.406149118754   -0.0348727162721
0.114884928489   -0.338483867362   -0.933932612527
-0.967572424676   0.244092147671   -0.0649817393685
0.162914718893   0.406449635139   -0.899031416839
-0.193034705103   -0.880464489653   -0.433035662602
0.58534226488   0.741385329739   -0.328210642414
-0.806640952744   0.491620027501   -0.328085540546
-0.0818828816107   0.456790478675   0.885797749089
-0.652215172838   0.187292198258   -0.73453182422
-0.369882272334   0.767177800682   0.524047065399
0.661666436305   0.613481747579   -0.431088937987
-0.796821155151   0.471793267423   -0.377474713746
0.431313906961   0.00663605209816   -0.90217751938
-0.423136337798   -0.881684226709   -0.208778744149
-0.972883798104   -0.143454305538   0.181433121588
0.194608059887   -0.083767933189   0.97729761915
-0.124999273652   0.986105367388   0.109413829083
-0.585177759411   0.509438282837   0.630903816655
0.678290043089   0.733885351326   0.0365364004114
-0.444398028053   0.449316065914   -0.775000300371
0.932385716196   0.361113974241   -0.0159240020771
-0.354786297347   0.905840630901   -0.231472319346
-0.069163281078   0.221471101989   0.972711155243
0.997738788393   -0.0562260041013   -0.0368231801841
-0.012285522509   0.386074631172   -0.922385735526
0.0660785598568   0.920752418204   0.384510868895
-0.850693045282   -0.403708196038   0.336661603336
-0.516220373656   0.520750005994   -0.679952907986
0.0991860299187   -0.752222788613   -0.651400804237
-0.339801336358   -0.788799125854   0.512182575711
-0.423167450069   -0.358118451473   -0.832274284066
0.839919258627   -0.499546908475   -0.212104986319
0.432572246473   0.280401895053   -0.856887407325
0.359204748759   0.818123440689   0.449050091042
0.826954170465   -0.502044632524   0.253175802367
0.173196856889   -0.395821406113   0.901847139612
-0.953971227304   -0.29504942932   0.053709698704
0.244830035413   -0.869638573616   -0.428703866368
0.0477282389884   -0.584703203522   -0.809842070403
0.997685470892   0.0672181388846   0.0102675691388
0.0484325961951   -0.808457720352   0.586558094335
-0.996408551576   0.0289461389366   -0.0795746152122
0.0790601706474   -0.018504587322   -0.996698083506
-0.0303230566188   -0.999409676403   0.0161496423672
-0.59544077024   -0.127869092586   0.793158108007
0.329882877912   0.861274927757   0.386500692986
-0.732548685069   0.491787549638   -0.470656382114
-0.825742894872   0.557370767807   0.086524555838
-0.0103659896243   -0.168369527703   0.98566944175
0.563951432154   0.813012625569   0.14480764081
-0.938700771423   -0.0233337684599   0.343942432652
0.246601797565   0.651721715621   0.717249160909
-0.240890878132   0.758099162799   -0.606017527961
-0.585973511096   0.175622203655   -0.791070089106
0.527946907746   -0.65785799734   -0.537117229232
-0.614741495993   -0.732379476036   0.292768161153
0.293118300989   -0.112253186523   0.949463471515
0.739201635464   -0.603213795083   -0.299523053451
0.606351881132   0.789640639492   -0.0938352636844
-0.234979993144   -0.821206249046   -0.520004518585
-0.224725333569   0.56638829793   -0.79290782593
0.945665335769   -0.0694592866047   -0.31763576661
0.952515049242   -0.133757165334   0.273539945327
-0.205602088647   0.380097729054   0.901805687226
-0.22459488443   -0.915223872662   0.334548054542
0.998760819133   -0.0178733587991   0.0464474887379
0.02069635501   0.997921592955   -0.0610258568469
-0.0452602149146   0.061911528489   0.997054900989
0.892180857352   -0.395741858298   -0.217719313259
-0.230381985423   -0.813315251773   0.534268136825
-0.388506703375   -0.426505196715   -0.816796093653
0.847889574155   -0.529896417848   0.0171188899234
0.529616401186   0.848036985134   0.0184320221455
-0.024284514308   -0.00656187453423   0.999683552014
