-0.510636674235   -0.788406486857   -0.343023903553
-0.0770536910059   0.439316792537   -0.895021499461
0.856336917124   -0.430599543981   -0.285080895702
-0.162522164046   -0.855194387836   0.492167761244
0.702749515742   0.24981242212   0.666135775859
-0.692625197577   0.454132483719   0.560387386468
0.789268006778   0.209246614691   -0.57729703595
0.263378019615   0.73391545996   0.626099126669
0.554696342389   -0.64620735981   0.524145033238
0.951597524474   -0.164319713626   0.259732907291
0.0566197362634   0.924341261522   0.377342599918
-0.302086671141   -0.344372275251   0.888904595082
-0.606652726918   0.744832548395   -0.277843379936
0.326766488001   -0.0849772511731   -0.941277073503
-0.724704168087   -0.661818208902   -0.191834634838
0.571904857468   -0.707404618788   0.415335453967
0.541562392477   0.705882507445   0.456552363632
-0.616145282429   -0.0361744523186   0.786801372609
0.231349237955   -0.949837075783   -0.210444908623
-0.802521225622   -0.0640444198551   -0.593176191963
0.549942917514   0.306117365978   -0.777081041928
0.946598450769   -0.199602626096   0.253199851218
-0.113236528759   -0.941114653491   -0.318560351487
0.30187557297   0.27287726296   -0.913459981501
-0.995907703649   0.0713487447501   0.0554725376703
-0.085489115761   -0.544613558939   -0.83431869361
-0.0293164953466   -0.835646712459   0.548484379958
-0.986642548798   0.0531290830519   -0.1539927967
0.045014137701   0.997431467389   0.0557153055213
0.156557364274   0.048039238091   -0.986499885096
-0.882614902389   -0.237981479608   -0.405408127009
-0.468197617684   0.367569846458   0.803544273062
-0.0422128520359   0.899031269388   -0.435844985958
0.888881398117   0.0235040559367   -0.457534063689
-0.452380679319   0.202850113093   -0.868448934939
0.0723987642182   0.978927674025   0.190942472926
0.211192607284   0.664876290726   0.716475540865
-0.356576038629   0.734899824107   -0.576867209333
-0.910083079342   -0.133647920141   0.392284363872
-0.461573084124   0.787146073536   0.409085989651
0.851396094902   0.263562644131   0.453496882244
0.24914850511   0.557616168646   -0.791826515637
-0.833065283936   0.541840647283   0.111404423851
-0.51739672066   -0.834471328312   0.189626569011
0.195711180445   0.100331027987   0.975515668081
-0.00439039320338   0.569792146973   -0.821777119233
0.499531600791   0.713156194237   0.491809335447
0.866284540009   -0.4083444035   -0.287760219404
0.72139630117   -0.689229528104   0.0674539416815
0.683952557063   0.693805196407   -0.225484476461
0.108610664049   0.208798963187   0.971908800571
-0.185373705461   -0.92763552688   0.324235899607
-0.964983384572   0.234159263708   0.118222276753
-0.185590023505   -0.290966954292   -0.938559840759
0.0847459548209   0.92695795171   0.365468300819
0.866853057841   -0.249445570826   0.431674279182
0.491308354553   0.280224665148   -0.824675838005
0.93435340083   0.0180292839709   -0.355891370051
-0.0290190059397   -0.991552544057   -0.126417758517
-0.355164215049   0.128446476377   -0.925937299743
0.819583102238   0.144389305427   0.554468454472
-0.559408580308   -0.00757323595641   0.828857458418
0.123877273155   -0.989491978025   0.0745657201414
0.189675090082   -0.678950885788   -0.709259511667
0.980637240251   0.0951523052867   0.171162618091
-0.0487233335853   -0.727991575148   0.683852544982
-0.485227364638   0.377440951345   -0.788728554608
-0.841842432591   0.0421522516783   0.538074814842
0.236338154548   0.925073789449   0.297292382645
-0.268673943038   0.878599454133   0.394813008309
-0.173361233318   -0.447297736476   0.87742271325
0.947502081852   0.16729535003   0.272492331532
0.153213591346   0.760496166523   -0.631008063444
0.631926476111   -0.566322893031   -0.52910047214
-0.759733192783   -0.31768531841   -0.567346026909
-0.176436632114   0.444550005986   -0.878205788541
-0.919724848112   -0.392320448263   -0.0138155579356
-0.35067979499   0.805270114963   0.478083385334
0.938869620951   0.169273520671   0.299783772167
0.0242683260204   0.836066665956   -0.548090848701
-0.34341648651   0.521861097685   0.78084960877
-0.0678716293634   -0.856904546854   -0.510987318344
-0.0220731901259   0.51333269007   -0.857905777801
0.997449856487   -0.0469483427498   -0.053755343063
0.922687828339   -0.119449874888   0.366577275379
-0.0931212167347   0.853600899193   0.512536773208
-0.374133145323   -0.507047564126   0.776483842256
-0.960596887516   -0.2505433563   -0.1203397121
0.236399088072   -0.964173708343   0.12035169836
-0.14618170492   0.0871612686531   0.985410484211
0.197297951699   -0.135951996902   0.970871038189
0.253042169393   -0.949716671987   -0.184412319165
0.947123634361   0.282055486543   -0.152975565849
-0.335877069564   -0.243673904243   0.909840437952
0.851303294451   -0.491901285397   0.182526234501
0.403074800747   0.835856539016   0.372658759707
0.627700060177   0.504482665343   -0.592865815191
0.186179668169   -0.836779220241   -0.514915204411
-0.75586358929   0.212832744054   -0.619170782131
-0.339383640537   0.0937843135031   0.935961135452
0.80524277909   0.543282085312   0.237547137432
-0.486212722231   0.834295558132   -0.259900193192
0.753821437981   -0.286269129363   -0.591441649881
0.491007249663   -0.352740783947   0.796546182038
-0.436652173267   -0.890855726206   -0.125343347117
-0.993241658216   -0.0436747198002   0.107533842274
-0.0914800973054   -0.275621065101   -0.9569035585
0.0714310869352   -0.960273683552   0.269762956124
0.7344989185   0.611836208241   0.293543511267
0.260945311976   -0.653952374421   0.710108327051
0.626433462452   -0.444974995111   -0.639983102
-0.504952579621   0.393141900982   0.768415472272
-0.852412871862   -0.0871696121961   -0.515551893211
-0.135702572628   -0.915336497908   0.379135737408
0.377290536713   0.873492677801   -0.307672541405
-0.440541739742   -0.122946393055   -0.889273388773
-0.814601022864   0.471057030796   0.338423473308
0.727623860178   0.663926895751   0.172524187283
0.570964656777   -0.725561833979   0.384134593319
0.380214253824   -0.181000282241   -0.907014894595
0.608772800236   -0.78963963642   0.0765827806117
-0.743490383337   -0.534172815943   0.402344942298
-0.27679907438   -0.301875218097   -0.912279356952
0.477548994134   -0.843790191942   0.244877663711
-0.804256997856   -0.307609515438   0.508475237756
-0.353719718988   -0.439766412991   -0.825522781275
0.640789428979   -0.696180150162   -0.32360795143
0.0339778957745   -0.395389316307   0.917884955291
-0.766964412674   -0.599166493615   -0.229706557638
-0.175416490275   -0.574501801029   -0.799485294145
0.342645836008   0.725677913172   -0.596645118475
0.922942515006   -0.378601699612   0.069554777303
0.891274844727   0.444317350672   0.090615909467
0.324181464049   -0.484594933781   -0.812449462133
-0.317073381922   0.753491766409   -0.575946723604
-0.23689540478   0.796269758183   0.556628277576
0.630406748759   0.561929372628   -0.535558317363
-0.739234670665   0.224030918359   -0.635092315577
0.117490745926   -0.0427228939574   0.992154564044
0.878087690895   -0.462184510237   -0.123884969203
0.463851195665   0.885754047594   -0.0167879555599
0.0375617043967   -0.702789531772   -0.710405512643
0.969205190376   0.198758998618   -0.145382803027
0.243373000373   -0.683067884254   0.688612988688
0.129564584823   -0.514163826859   -0.847849383741
0.9888400533   0.00358190255039   0.148937970188
-0.0735416028467   -0.85768451608   0.508889873673
-0.384218166727   0.326057147062   0.863749464374
0.536282148641   0.840363833895   -0.0786770851698
-0.751517037335   0.432984253215   -0.497741679049
-0.101284908785   -0.994783313553   -0.0121460416654
-0.955915232728   0.0939305929839   0.27821414691
-0.275621906044   0.0397894807377   -0.960442274232
0.476705074038   0.136683593417   -0.868371963894
-0.234182467064   0.971885938764   0.024419134983
0.847296196443   0.191716763284   0.495311859509
0.603235250121   -0.752554635775   -0.264137754184
0.443757065002   0.591878946455   -0.67287367314
0.662711777678   0.288688123963   0.690993680731
-0.703671175498   -0.135030755756   -0.697576928928
-0.328414524472   -0.808797068951   0.487843418908
-0.630072041031   0.572375747439   0.524781122807
0.0746143500585   -0.298813911372   -0.951390006851
0.666654088504   -0.694576261332   0.270436949169
-0.741623236588   -0.654426515023   0.147380159413
-0.897862052482   0.421965781395   0.125652751835
-0.440259301162   -0.857935043186   -0.264800319892
-0.00393477482493   -0.293073951428   0.956081678802
0.482068233308   -0.871488266088   0.0901022780277
-0.547195002809   -0.219165929729   0.807801908977
-0.684242535463   -0.438719155402   -0.582526956756
-0.597130536401   -0.167147856031   -0.784535988163
-0.448421817917   -0.741388429961   0.499260522309
-0.665096230416   0.649926757523   0.367752925401
-0.341492372365   -0.897597742372   -0.278749443955
0.939145222932   -0.33763271338   -0.0633277277362
-0.0372721056702   -0.283412144666   0.958273628143
0.642175585766   0.366339717944   -0.673354088205
-0.54042108489   -0.40661738466   -0.736618865831
-0.543650225837   0.836933398515   -0.0631420493669
0.756123908778   -0.572416442262   0.317200332915
-0.501695227589   -0.818242499306   -0.280679730196
0.420212485759   0.0530907614973   -0.905871314181
-0.688685142469   -0.375038544345   -0.620531115093
-0.629487242856   -0.115430215492   0.768389013738
-0.359803537537   0.919794518144   -0.156586904843
-0.897515250959   0.18474315609   0.400420205002
0.103370069169   -0.794580127822   0.598295118876
0.428696866208   0.578370458053   0.694050870006
0.574755362714   0.15113612207   0.804247564894
-0.375233900896   -0.824711949513   0.423142670915
0.727224719499   -0.544984470362   -0.417296219027
-0.443590783335   -0.470667458494   0.762692179359
0.416504861728   -0.861783436885   -0.289573838714
0.793568470327   0.189212714756   0.578314474553
0.790776208993   0.128972813535   0.598363602386
0.18334425374   0.882759857961   -0.432573598122
-0.584001602662   0.451775438178   0.674419069679
-0.638783526217   0.51768261973   -0.569175115288
-0.0358162933983   -0.75898409632   -0.650123322655
-0.768552405344   -0.394902325598   0.503368009986
-0.588154151384   -0.374341766591   0.71689813502
-0.529312074323   0.848382159958   0.00874291939896
-0.611476428152   -0.374320654587   -0.69712310632
0.581003379036   0.510223922398   -0.634118776384
0.0551153589366   -0.801986193401   -0.594794454247
-0.812032863103   0.31062790378   -0.494077862927
0.921996786975   0.373243565735   0.103010511331
0.355594131163   -0.921500351837   0.156172710314
0.153214681702   -0.107360803845   -0.98234358506
0.686007136973   0.727059513639   -0.0279046886695
0.301756237593   -0.249401081173   0.920185999558
0.662070525772   -0.639674576904   -0.390485664995
0.226769854413   -0.176957767478   -0.957737637173
0.791154218398   0.60697887061   0.0751774789673
0.568023270509   -0.774766157729   0.277645394339
-0.293673456984   0.254384533311   -0.921436058484
-0.29753379927   0.891731290852   0.341011646734
0.908421454478   0.374304440433   -0.186189814213
-0.172804562661   0.0874581154148   -0.981065574348
0.0127381044526   -0.995768280049   -0.0910124889372
-0.984873760346   -0.0282242891084   0.170959251536
0.565319885944   -0.821265837193   -0.077044475574
0.330734133749   0.140110112004   0.933265283447
-0.755664184231   -0.553074661483   0.350827677779
0.195397552814   0.888167226196   -0.415907170732
0.347566588981   0.333843485752   0.87621115791
0.917069933309   -0.315764952668   -0.243465053115
-0.470149767364   -0.615061416936   0.632976026121
0.162235032432   -0.765188413441   -0.623030084496
0.867547687738   -0.19022656316   0.459537663494
0.17823712129   0.473074683372   -0.862804654917
0.79936295386   0.441710905572   0.407320934761
0.573803447698   -0.762293788412   -0.299429096045
0.243369693828   0.536047690026   -0.808346501288
0.354991527708   0.726352447254   0.588551728927
0.902636254192   -0.43019181348   -0.0135202157068
0.275311017413   0.250888176139   -0.928040390697
0.774596008569   -0.629644583479   0.0595711507742
-0.569389907884   -0.735256976552   -0.36768507072
0.950094239679   0.300894233773   -0.082362587452
0.247691755878   -0.888094877464   -0.387216067192
-0.189656873853   0.347491221045   -0.918302848464
0.744635145496   0.577696170466   0.334343587826
-0.0213001586595   -0.480088885798   0.876961210644
0.667131773589   -0.66013771015   -0.345186037239
0.608504598701   0.0170497626769   0.793367165285
0.346020209281   -0.905420017878   -0.245936182767
0.714137359427   0.42417437077   -0.556851807085
-0.747343794318   0.52847943265   -0.402724151697
-0.198463912408   0.400892628574   0.894369708692
0.634105139993   0.748327862384   -0.194720522322
-0.770105568379   -0.427995012425   -0.473030319208
0.388551841077   -0.902810340149   0.184284987225
-0.505929718782   -0.0418779065827   0.861557520189
0.0347937024435   -0.977462535667   -0.208221972035
0.9158669093   -0.0521978329204   0.398074353215
-0.399971502384   -0.204554094572   0.893409435631
-0.631743000712   0.56017406933   0.535822538815
-0.637776219981   0.0172936461902   -0.770027546929
-0.440615789866   -0.828194386513   0.346340560531
0.992874970895   -0.118897003012   0.00792431989034
-0.00824263419987   -0.134869270577   -0.990829116869
0.118875359737   0.983704113303   -0.134888347602
-0.468995641508   -0.882576896018   0.0331829905365
-0.85836869878   0.446641190967   -0.25241795397
0.207957363901   -0.146866160659   -0.96704915369
0.104530931205   -0.984952508608   -0.137629358087
-0.0406484176339   0.134040541139   -0.99014182796
0.993690590961   0.109094862928   -0.0260253783349
0.358314308624   -0.32245018547   0.876148808209
-0.848420712524   0.279170361631   0.449717915751
-0.389606404973   -0.904483160196   -0.173542680993
0.411694553354   0.235577303305   -0.880347050263
0.444455915961   0.791432934718   0.419634184273
0.795591939066   -0.564036562654   0.221124902448
-0.448991207633   0.206625462139   0.869317441366
-0.882904430337   -0.252225926871   -0.396057885549
0.137428753758   -0.945350728677   0.295677759445
-0.777607950714   0.620089728857   0.103993284168
-0.613150803399   -0.784485164659   0.0928930499054
0.139183214783   0.00847080843657   0.990230416684
-0.598653310904   -0.746635137457   -0.290086512714
0.759505944894   -0.644163738587   0.0905748174794
-0.254489553842   -0.166099516571   0.952704580434
0.0322468945653   -0.730163889295   0.682510683111
0.847120375333   -0.342428685239   -0.40636149574
0.530421726069   0.591272602355   0.607494446245
0.991551468141   0.119006517837   0.051605568877
-0.07783044811   0.227568365835   0.970646722664
0.103769491537   -0.966462667455   0.234908077857
-0.756221318617   0.118691429429   -0.643460691767
0.00696377327059   0.984814065407   0.173472656167
0.654278857316   0.126702806425   -0.745563931339
0.727747107382   -0.570345600305   -0.380906870389
-0.392294104296   -0.801720837373   0.450942385075
-0.562573980408   -0.178744496795   -0.807193236737
0.0702519662032   0.917185035521   -0.392219672965
0.87434838579   0.132655682043   0.466816206111
0.480187006811   -0.375731394267   -0.792619932787
-0.39041109809   0.848630474632   -0.356939059246
0.913278803731   0.405928864942   -0.0338169079328
0.116193808543   -0.339187373193   -0.93351535859
-0.967812777539   0.243383448766   -0.0640540748008
0.161912008559   0.407285333534   -0.898834333219
-0.192673114669   -0.880274476487   -0.433582652938
0.585233627988   0.741400817719   -0.328369347165
-0.8066133099   0.490878751095   -0.329261324809
-0.0829250804225   0.457561885661   0.885302519948
-0.652440869163   0.187716837298   -0.734222923397
-0.37033779857   0.766302030956   0.525005821209
0.661188949694   0.614445755415   -0.430448122839
-0.797068677793   0.471777844021   -0.376971071533
0.430881573534   0.00693197075679   -0.902381857846
-0.423110614934   -0.881690202777   -0.208805636556
-0.972938295406   -0.143400597808   0.18118317218
0.194263222781   -0.08307574939   0.977425301564
-0.125111444751   0.986171733732   0.10868504028
-0.585973712231   0.508493159773   0.63092750379
0.677158357234   0.734926531505   0.0365998977883
-0.445074564318   0.448684409974   -0.774978020619
0.93252589031   0.360734173755   -0.0163193072027
-0.35459989907   0.906257838088   -0.230120930128
-0.0682229835288   0.220380549934   0.973025198918
0.997720140393   -0.0559573744454   -0.0377265648945
-0.0132033437921   0.386367321782   -0.922250488952
0.0661830277811   0.920646004121   0.38474763408
-0.850448672895   -0.403690291533   0.33729987147
-0.516675201508   0.520423522779   -0.679857406436
0.0989130472616   -0.752458308121   -0.651170257015
-0.339898938693   -0.78799719379   0.513350887849
-0.422156579991   -0.359926720266   -0.832007558865
0.840388323007   -0.499512941392   -0.210319490148
0.431884637899   0.279149353857   -0.857642873105
0.360761888199   0.818051049852   0.447932293835
0.826635663137   -0.502859938828   0.252597233461
0.17434088939   -0.395217419397   0.901891593093
-0.953645049368   -0.295926698295   0.0546672575904
0.245288348894   -0.869615191128   -0.428489259207
0.0479310634998   -0.584234807804   -0.810168070527
0.997690302247   0.0670873221163   0.0106466902378
0.0481318392909   -0.808807134341   0.586100968678
-0.996461576889   0.0293995823959   -0.0787400173861
0.0782060270046   -0.0188932984606   -0.996758175594
-0.0307919327615   -0.999389167356   0.0165272214419
-0.596748912543   -0.127680136402   0.792204846077
0.329429401812   0.861243009848   0.386958327485
-0.731687778086   0.491892529681   -0.471884238604
-0.825503542296   0.557838285517   0.0857924755949
-0.0111748061369   -0.16813220466   0.985701113657
0.564286297339   0.812741046686   0.145027465217
-0.939079352017   -0.0239223971783   0.342866868519
0.245449716707   0.651629019923   0.717728400555
-0.240591785361   0.758160497063   -0.606059612175
-0.586334065079   0.176197765699   -0.790674845616
0.527690607617   -0.657480275909   -0.53783111608
-0.614617756627   -0.732580394328   0.292525176841
0.292710911662   -0.112327894514   0.949580310615
0.739997711159   -0.602319904131   -0.299356176764
0.6055771707   0.790312075829   -0.09318322341
-0.2342259806   -0.821642048487   -0.519656169183
-0.224798126105   0.565812934546   -0.793297879488
0.945835076803   -0.0689932406797   -0.317231682259
0.952704542419   -0.13456952231   0.272479537801
-0.204255630908   0.380346773207   0.902006634872
-0.225019314942   -0.915001298237   0.334871515848
0.998683175446   -0.0189430847706   0.0476767723436
0.0219536388534   0.997744481679   -0.063434903794
-0.0463675837501   0.0643980497968   0.996846496889
0.8922410273   -0.394997730705   -0.218821255686
-0.228401187128   -0.81280153507   0.535897902875
-0.389536708053   -0.428171060822   -0.815432827248
0.847063482175   -0.531209432022   0.0173204069392
0.530918188302   0.847213517914   0.0188449567161
-0.0246847016483   -0.00676715558456   0.999672381888
