-0.509980103597   -0.790119806971   -0.340045562488
-0.0780734435071   0.436201745164   -0.896455562164
0.856635763527   -0.43062597245   -0.284141585302
-0.164313037632   -0.855193779197   0.491573825266
0.702057132495   0.248675057324   0.66729041547
-0.692904761404   0.454757425324   0.559534338299
0.789779982178   0.208356454564   -0.576918683692
0.264334847679   0.733116057035   0.626632216871
0.553511217641   -0.647401293449   0.523924514779
0.951783462677   -0.162866960507   0.259966523516
0.0546299093256   0.92386994386   0.378787407181
-0.301867211172   -0.346321642418   0.888221541515
-0.606719704253   0.746000903273   -0.274542988959
0.320971909676   -0.0860600589136   -0.943170556929
-0.727233273214   -0.660360748815   -0.187231001052
0.569548568243   -0.710448868181   0.413372512526
0.542984634328   0.702756885945   0.459674282662
-0.617075453487   -0.037351906993   0.786016997111
0.231947979672   -0.950071921162   -0.20871866075
-0.800642101009   -0.0646101098614   -0.595649024003
0.552424076972   0.305268534774   -0.775653763518
0.946548233394   -0.198871282956   0.253961915795
-0.111960027078   -0.940936892002   -0.319535158638
0.302508502683   0.274021856947   -0.912907787085
-0.995908914289   0.0718322724343   0.0548229794542
-0.0852407068514   -0.545444495543   -0.833801129873
-0.0299909375445   -0.835063127505   0.549336069038
-0.986670920699   0.049812923371   -0.154916645045
0.0419561666092   0.997681717112   0.0535805134656
0.157226506449   0.0463666259826   -0.9864734977
-0.881492047457   -0.240478675095   -0.406376398299
-0.470128363321   0.366448667402   0.802928823844
-0.0441711701334   0.898824443918   -0.436077432052
0.888739281648   0.0218746179542   -0.457890806137
-0.452374278743   0.203445896726   -0.868312892359
0.0741619928721   0.97884179937   0.190705874631
0.213081459058   0.662674985598   0.717954145658
-0.355085267945   0.737107048746   -0.574967521846
-0.9102256557   -0.132420021718   0.39236997025
-0.463893331279   0.785545462213   0.409537915205
0.849863594532   0.264123846183   0.456037788529
0.250069686055   0.559604253624   -0.790131781061
-0.831857069053   0.544404051369   0.107879773448
-0.520691975193   -0.832836447282   0.187785300405
0.19207728558   0.100038397286   0.976267706847
-0.00432280146477   0.566729917432   -0.823892295191
0.498310491746   0.715538788737   0.489582368584
0.866987870274   -0.408437807382   -0.285500595967
0.71905365911   -0.691249256757   0.0716679869471
0.686651332555   0.69078071511   -0.226565555929
0.107106408869   0.212123710758   0.971355624122
-0.181592999797   -0.928483184501   0.323949006054
-0.965297276894   0.231178224398   0.121481668514
-0.187683642456   -0.29064687279   -0.938242636897
0.0812401564218   0.927603779927   0.364624826979
0.866408456323   -0.246563112914   0.434215405256
0.492682883604   0.280638306036   -0.823714584907
0.935476111396   0.021349936317   -0.35274441913
-0.0258417358993   -0.991368235976   -0.128534918929
-0.352443824877   0.129356874258   -0.926849582936
0.820257821111   0.145308090692   0.553229306604
-0.558370686676   -0.00641883791795   0.829566739196
0.124093848225   -0.989365633777   0.0758706763746
0.18688517132   -0.680455015927   -0.708558327903
0.981147859595   0.0931461160029   0.169330087952
-0.0492220514884   -0.726845769317   0.685034610274
-0.482633066418   0.37955327553   -0.789306426069
-0.8422227987   0.0460954269693   0.537155442086
0.240262524232   0.924020845353   0.297421244706
-0.265867625808   0.879940121075   0.393725524789
-0.173767959004   -0.445479571824   0.878266842999
0.948218910363   0.165085839523   0.271343994992
0.151527184627   0.761704814015   -0.629956576778
0.631892038863   -0.564728760891   -0.530842611179
-0.760099969438   -0.317627459343   -0.566886967156
-0.17175398075   0.445663964642   -0.878569405748
-0.92034688849   -0.390676846803   -0.0182539370999
-0.351371847113   0.805453432541   0.477265746796
0.93836628757   0.16629367526   0.303010105313
0.0283335941218   0.836699246625   -0.546929225898
-0.344479197916   0.521805312608   0.780418668368
-0.0667989840845   -0.858334390458   -0.508723864078
-0.0219461120205   0.511003256911   -0.859298574183
0.997525069305   -0.0462357608722   -0.0529716011096
0.922686880071   -0.121931444229   0.365761731531
-0.0906869012064   0.85342224155   0.513270263679
-0.374732981327   -0.50675753624   0.776383920602
-0.960768345108   -0.248479257055   -0.123216256445
0.233728874049   -0.964538982931   0.122618774431
-0.149315104643   0.0890090401057   0.984775299398
0.195739057866   -0.133691263787   0.97150031766
0.254524114022   -0.949788831755   -0.181985302853
0.947049996889   0.28289188935   -0.151883120631
-0.336665629695   -0.243418737831   0.909617266687
0.851994263766   -0.490081543834   0.184189725293
0.400951403904   0.836999043289   0.372384979882
0.626758825174   0.506402945988   -0.592224139462
0.186583025023   -0.835451972724   -0.516920473617
-0.75654487629   0.21348549732   -0.618113090457
-0.341226134463   0.0940553068977   0.935263772635
0.804256490077   0.544238130129   0.238697205434
-0.486555467884   0.833641683793   -0.26135286437
0.752324648083   -0.288472823669   -0.592276163534
0.490413734342   -0.355070708482   0.7958763479
-0.439888614373   -0.889217758472   -0.125657411091
-0.993321555602   -0.0382369871588   0.108858715724
-0.0942630873296   -0.275123866545   -0.956776530034
0.0665338826698   -0.960648109804   0.26968213064
0.73280159525   0.612873555064   0.295614322222
0.262554944113   -0.655479913965   0.708103794447
0.627747340353   -0.441284588323   -0.641249708606
-0.505243666507   0.393319867063   0.768133009074
-0.852050591717   -0.0861689145867   -0.516318416594
-0.136889103327   -0.915354794783   0.378664723809
0.376838713529   0.873509921834   -0.308176897973
-0.439177940047   -0.124438380524   -0.88974031404
-0.815546026268   0.47063309054   0.336733088852
0.727679572306   0.663862741109   0.172536086125
0.569928657219   -0.72515088488   0.38644213
0.381659227229   -0.182872783992   -0.906031886385
0.608312129069   -0.790337651359   0.0729571824518
-0.743173345529   -0.53490513702   0.401957551098
-0.278657015205   -0.298735487067   -0.912747159209
0.478679568771   -0.843877209908   0.242357432397
-0.803135198536   -0.30932781476   0.509205416201
-0.354738950939   -0.438392013628   -0.825816395498
0.640260647189   -0.695774306141   -0.325521763597
0.0350623048147   -0.396857085498   0.917210493001
-0.76735711272   -0.598667327156   -0.229696523598
-0.17683794748   -0.575955045471   -0.798125382335
0.341595068127   0.724585506486   -0.598572178791
0.923060750852   -0.378485969868   0.0686091892549
0.890969702093   0.444629130464   0.0920756552819
0.325350154422   -0.483692597042   -0.812519998883
-0.31673374776   0.753887530013   -0.575615605348
-0.237348859883   0.795717209169   0.557224947166
0.630684218391   0.562508270054   -0.534623103498
-0.738852444934   0.224540796189   -0.635356982697
0.116661793487   -0.0401692837546   0.992359035119
0.877893275978   -0.46306771846   -0.121949514605
0.464428058942   0.885412173376   -0.0187579664326
0.0344404000372   -0.704982918835   -0.708387565529
0.969096760408   0.196797193813   -0.148735784106
0.244264872243   -0.681373574963   0.689974436867
0.127303476119   -0.515209547604   -0.847557046473
0.989360112761   0.00528223562325   0.145391420878
-0.0704300521525   -0.857047968345   0.510400223069
-0.384661612473   0.324160626115   0.864265776464
0.537237474497   0.840004384222   -0.0759508425484
-0.750607314037   0.435100589478   -0.497268677025
-0.0991735315831   -0.994974135182   -0.0138232033615
-0.955345377084   0.0913192438762   0.281026700123
-0.278351973439   0.0410763437483   -0.959600392281
0.477230069747   0.131705194008   -0.868852808248
-0.233853475109   0.972088004928   0.0189066880934
0.847091501969   0.19416140849   0.4947093437
0.585902533519   -0.763129342023   -0.272675317108
0.448436770997   0.585578632396   -0.675279296069
0.674998284171   0.273370211665   0.685307262285
-0.703200093296   -0.134022397095   -0.698246106946
-0.329402850066   -0.808902320746   0.48700184585
-0.630082051131   0.572464001112   0.52467282784
0.0757080743852   -0.295729090903   -0.952267080323
0.666348596927   -0.695446431607   0.268949452759
-0.74178692011   -0.654903478048   0.144407754619
-0.897266206677   0.423118368877   0.12603253657
-0.441471032763   -0.857250854007   -0.264998680252
-0.00408430973545   -0.293414074686   0.955976725235
0.482278340171   -0.871445479079   0.0893889232179
-0.547784869843   -0.220370993971   0.807073950384
-0.683622219485   -0.438200184857   -0.583644805527
-0.596998753922   -0.164872713402   -0.785117491966
-0.450139627715   -0.741234827605   0.497941006452
-0.664053313655   0.650682655925   0.368300526612
-0.341953298542   -0.897948583242   -0.277049243762
0.939064347188   -0.337512924153   -0.0651396796856
-0.0350156173098   -0.282441795567   0.958645157846
0.641990548398   0.367574447869   -0.672857459676
-0.539773447666   -0.406573110321   -0.737117989985
-0.544511488366   0.836413373421   -0.0626091670589
0.755522247479   -0.571133942913   0.320923905026
-0.499807027897   -0.819202530174   -0.28124748785
0.42353166166   0.052088710966   -0.904382495276
-0.687755719219   -0.377995152188   -0.619767485114
-0.630207703485   -0.11286777326   0.768179091246
-0.360319748487   0.918901806877   -0.160590000214
-0.895235169726   0.201604288584   0.397378537053
0.0869987824675   -0.795551697095   0.599607128959
0.437018538205   0.571360838765   0.694666530927
0.575232185275   0.152323364363   0.803682478155
-0.374119172486   -0.824733179743   0.424087287016
0.727422008054   -0.544621680526   -0.417425978227
-0.444147666576   -0.471091855114   0.762105841941
0.417494415081   -0.861436454136   -0.289180996715
0.792736566364   0.189735867802   0.579283209509
0.788625777542   0.128017599224   0.601399099838
0.185272359065   0.883153870299   -0.43094476948
-0.586296457403   0.451276783876   0.672759785044
-0.640172447729   0.517043720193   -0.568194534097
-0.0367745425149   -0.759390757753   -0.649594727551
-0.76735055235   -0.394957552717   0.505155086444
-0.587460471717   -0.374344313172   0.717465350638
-0.531293146886   0.847159207979   0.00699059426962
-0.610424267409   -0.377077726115   -0.696559116103
0.582045674964   0.512586422479   -0.631251132074
0.0565252329759   -0.799924370829   -0.597432756878
-0.81118908418   0.312051534916   -0.494566587291
0.921104909147   0.375669211643   0.10216843822
0.358074308723   -0.920500157528   0.156404122146
0.15280227674   -0.10748071183   -0.982394707237
0.684983431094   0.727931194127   -0.0302303778306
0.302574611432   -0.246486778047   0.920702380123
0.662756594568   -0.639812820179   -0.389092857158
0.227482735547   -0.17870044328   -0.957244878074
0.791164550089   0.607025068013   0.0746941864337
0.567723752992   -0.774329851146   0.279469178825
-0.291527995068   0.251388027742   -0.922938506944
-0.301809932184   0.891392277042   0.338128042707
0.907701599055   0.377125798557   -0.18399439974
-0.164999052305   0.105610075985   -0.980623181752
0.00581096435585   -0.994129304492   -0.108042392807
-0.986276606958   -0.0235252587775   0.163416696722
0.565436547394   -0.820741569628   -0.0816381452217
0.334643408327   0.137821164685   0.932211947911
-0.753853633098   -0.554426372433   0.352584879733
0.19669987419   0.888503728574   -0.414572410809
0.344505149873   0.333239856826   0.877648790538
0.917946273594   -0.315455737201   -0.240545872262
-0.470766783512   -0.61337622319   0.634151594153
0.159760742474   -0.766166712339   -0.622466926083
0.867672254198   -0.191724223112   0.458679279635
0.177418943224   0.474683673251   -0.862089281301
0.797916625946   0.44337754516   0.408344720164
0.576065600972   -0.760323459323   -0.30009441944
0.241220859528   0.536479463069   -0.808704076059
0.354275701691   0.727121766469   0.588032876562
0.90349389822   -0.428349999921   -0.0146647007327
0.273898208959   0.251892262729   -0.928186435533
0.775324313179   -0.628883060097   0.058123197751
-0.569079942119   -0.735565350394   -0.3675481394
0.949836860118   0.302330067102   -0.0800404253365
0.250061426708   -0.887869932654   -0.386207542082
-0.187827639166   0.346819136171   -0.918932676942
0.743650036043   0.579703269434   0.333059669279
-0.0191457122017   -0.479498439535   0.877333852184
0.668294894188   -0.658806015372   -0.345480199884
0.608288859043   0.0160241513154   0.793553961957
0.347890228347   -0.904025372372   -0.248416012223
0.713412260187   0.427178361674   -0.555483207966
-0.748015495142   0.528319988826   -0.401684961673
-0.198093299201   0.399920182856   0.894887083467
0.633428657261   0.748960504133   -0.194489843976
-0.771321564667   -0.424921670422   -0.47381918269
0.386466992251   -0.904212662696   0.18177657858
-0.505674112231   -0.0429072793954   0.861656925693
0.0344750748117   -0.976747822439   -0.211601419129
0.914825222853   -0.0544026232659   0.400168922099
-0.402375795556   -0.207374168937   0.891678009827
-0.631052979776   0.560682539999   0.53610374561
-0.639063078973   0.0160064867918   -0.768987758988
-0.439739147461   -0.827876127039   0.348210569153
0.993024218689   -0.11764915913   0.00784706655948
-0.00809594697031   -0.134425576661   -0.990890619585
0.117632294632   0.983914853885   -0.134440334589
-0.467556642782   -0.883329931046   0.0334517369996
-0.859316846904   0.445321065861   -0.251522772186
0.207280829836   -0.146346784108   -0.967273113636
0.104882270949   -0.985183281896   -0.135696758668
-0.0385565324347   0.132318443477   -0.990457077981
0.993736938554   0.109113384093   -0.0241073923223
0.360037790286   -0.325784699823   0.874206565365
-0.847806411889   0.276816033276   0.452324188699
-0.389354693726   -0.904011732823   -0.176538124469
0.414467798476   0.233267964454   -0.8796604463
0.445062038524   0.791163719581   0.419499404868
0.793811202926   -0.565372466237   0.224093169306
-0.449627474368   0.206261810806   0.86907491029
-0.882298960015   -0.254216014424   -0.396134779042
0.139225283082   -0.944896969734   0.296287085675
-0.777886660549   0.619915661652   0.102941322016
-0.612785614824   -0.784601052427   0.0943131952295
0.139234096415   0.0102840151807   0.990206092401
-0.600086758017   -0.745683930016   -0.289570991933
0.757826769704   -0.64584226846   0.0926625673609
-0.256114173706   -0.16383906978   0.952660636975
0.0314146399894   -0.729306917168   0.683465098571
0.846135253126   -0.34458619082   -0.406590076752
0.532041590302   0.591076795067   0.606267241835
0.991668030696   0.117521566882   0.0527560253776
-0.0786466922096   0.227979506287   0.97048443703
0.102025559055   -0.966547477381   0.235322670537
-0.75562514723   0.11829830489   -0.644232991964
0.00373187867321   0.984316937037   0.176369613435
0.654993671691   0.130865115755   -0.74421610539
0.727002777381   -0.570984539668   -0.381370708289
-0.388948428729   -0.800170422261   0.456559322682
-0.565849875382   -0.183586357876   -0.803809658894
0.0682106912785   0.916556499516   -0.394045028886
0.873320522082   0.136100563289   0.467747690943
0.48234693666   -0.376033003694   -0.79116408717
-0.388957858266   0.848195146567   -0.359550800073
0.913543318359   0.40550817851   -0.031650002265
0.118955411709   -0.340775748112   -0.932588601433
-0.968336132675   0.241841931387   -0.0619484816507
0.159618820463   0.408965961573   -0.89848131557
-0.191955636306   -0.879920065971   -0.434619041451
0.585108568905   0.741329400689   -0.328753223965
-0.806475374824   0.48936787421   -0.331838143517
-0.0851201057078   0.459292720784   0.884197242836
-0.652892126201   0.188529489195   -0.733613319978
-0.37137005446   0.764456718016   0.526963195044
0.660163732869   0.616492139435   -0.429093565344
-0.797660769217   0.471723357937   -0.375785006124
0.429873925411   0.00766054664752   -0.902856425063
-0.423019745997   -0.881713326201   -0.208892089116
-0.973087194855   -0.143299023208   0.180462464675
0.193329491599   -0.0815129659739   0.977741961898
-0.125399437347   0.986316899544   0.107023150707
-0.587794955351   0.50631435671   0.630985627929
0.674556801852   0.737307401535   0.0367548189591
-0.446620881217   0.447239944359   -0.77492336436
0.932883843733   0.359770941005   -0.0171056747974
-0.354042861955   0.907232360514   -0.227119122786
-0.0661920388003   0.217931902311   0.973716745237
0.997676129727   -0.0554490303694   -0.0395947623421
-0.0150806826169   0.387003220136   -0.921955031775
0.0664448130831   0.920409643928   0.385267665629
-0.849881872951   -0.403679498679   0.33873834205
-0.517710372408   0.519602846985   -0.679697617847
0.0983705867137   -0.753031037708   -0.650590104381
-0.340149977316   -0.78612937634   0.516041274111
-0.4201253143   -0.363910556807   -0.831302488225
0.841304174016   -0.49956952499   -0.206488683672
0.430255946475   0.276368890078   -0.85936026038
0.364111988223   0.817972057034   0.44535847802
0.826015908173   -0.504521506488   0.25130811554
0.176922233449   -0.393906452883   0.901962432526
-0.952930940134   -0.297807787624   0.0568607506676
0.246213619947   -0.869567839796   -0.428054465396
0.0482871977889   -0.583284650708   -0.810831278861
0.997708666285   0.0666810031363   0.0114481894365
0.047389489872   -0.809526194801   0.585167989709
-0.996834740474   0.0154349201406   -0.0779888673045
0.07755022457   -0.0272267405136   -0.996616609971
-0.0175060804388   -0.999510113926   0.0259435792907
-0.599629055743   -0.127306801052   0.790087320437
0.328372641641   0.861187646511   0.387978408832
-0.72980573013   0.492086187475   -0.474589064734
-0.82497890563   0.558872852549   0.0840888812482
-0.0130241179529   -0.167547220904   0.985778018176
0.56501343136   0.812150887121   0.145501748895
-0.939909339261   -0.0252157071519   0.340491706336
0.24289418601   0.651469124532   0.718742230695
-0.239943427444   0.758255991005   -0.606197165724
-0.587138601558   0.17750743959   -0.789784382886
0.527073375037   -0.656669697306   -0.539424291229
-0.614379296435   -0.732991144238   0.291996682483
0.291776615887   -0.112422189798   0.949856651112
0.74172427669   -0.600416715166   -0.298906114888
0.603913490319   0.791745552176   -0.0918012898613
-0.232551045791   -0.822586360066   -0.51891395369
-0.224991036894   0.564568802139   -0.794129146278
0.946202433108   -0.0679245749611   -0.316365623445
0.953124774481   -0.136363814511   0.270107523705
-0.201254988429   0.380883170474   0.902454674808
-0.225941571878   -0.914512394963   0.33558528805
0.99851075141   -0.0213605395073   0.0501996680246
0.0247841264895   0.997336519458   -0.068597478302
-0.0486006830402   0.0697394745262   0.996380639766
0.892429014761   -0.39328187585   -0.221133036296
-0.224069228946   -0.811720393932   0.539354227492
-0.391616437669   -0.431786252911   -0.812525198098
0.845223830786   -0.534120560817   0.0176607583134
0.533807298964   0.845377822053   0.0196495688174
-0.0254252521154   -0.00718084213624   0.999650935107
