-0.50976696624   -0.79065884553   -0.33911094072
-0.0783989399721   0.435224895923   -0.896901831964
0.856732890895   -0.43062498761   -0.283850090196
-0.164868428348   -0.85520897649   0.491361382147
0.701840264881   0.248301658777   0.66765749366
-0.692992528044   0.454932844253   0.55928299035
0.789910530549   0.208068501018   -0.576843871955
0.264651401423   0.732892441466   0.626760165427
0.55317356178   -0.647746993915   0.523853836888
0.951841569259   -0.162466029863   0.260004646441
0.0540799020191   0.923725524942   0.379218299623
-0.301783020112   -0.346894715601   0.888026500202
-0.606753101932   0.746358441441   -0.273495429919
0.319212439342   -0.0863210445659   -0.943743660024
-0.727979458409   -0.659922536481   -0.185871337163
0.568816799488   -0.711413830113   0.412720015198
0.543444239639   0.701759395709   0.460654001325
-0.617345775901   -0.0377374198615   0.785786281452
0.232148058638   -0.950147818269   -0.2081499515
-0.800043786964   -0.0648127024343   -0.596430425568
0.553206306734   0.304989240863   -0.775206001749
0.946533970481   -0.198613411814   0.254216748807
-0.11152674024   -0.940884984432   -0.319839385131
0.302713113257   0.274386877815   -0.912730306468
-0.99590496693   0.072014955418   0.0546547622824
-0.0852095043773   -0.545693618921   -0.83364129854
-0.0302098859278   -0.83488461506   0.549595344165
-0.986678389659   0.0487447718017   -0.155208577735
0.04097229073   0.997759415626   0.0528906411578
0.157438962054   0.0458268016749   -0.986464838439
-0.881137078977   -0.241260959728   -0.406682428147
-0.470735197779   0.366090576721   0.802736608863
-0.0447864000003   0.898760723968   -0.436146007006
0.888710439348   0.021360922799   -0.457971031804
-0.452342947517   0.203603122558   -0.868292362235
0.0746968059999   0.978820453128   0.190606683282
0.213670364568   0.661984363076   0.718416089984
-0.354630377779   0.737794199711   -0.574366619878
-0.910264945201   -0.132047044328   0.39240452039
-0.46462449126   0.785048752674   0.409661492024
0.849381972065   0.264315817383   0.456823176089
0.250348452466   0.56021032176   -0.789613859897
-0.831466874052   0.545212289773   0.106800732369
-0.521719691263   -0.832317026599   0.187234961964
0.190974870342   0.0999596234188   0.97649202382
-0.00432146984726   0.565760163705   -0.824558525553
0.49793051808   0.716293007578   0.488865550493
0.86720616007   -0.40846023608   -0.284804690057
0.718291555251   -0.691904938087   0.0729712155942
0.687517602801   0.689806340034   -0.226906939266
0.106662024608   0.213154333521   0.971178893205
-0.180400191258   -0.928748210039   0.323855729213
-0.965394430644   0.230233861303   0.12249882608
-0.188333120495   -0.290549705661   -0.938142582055
0.0801376618482   0.92780705056   0.364351522688
0.866263255314   -0.245654763837   0.435019205895
0.493118573618   0.280762914103   -0.823411354317
0.935813548216   0.0224004494149   -0.351782920053
-0.0248328342352   -0.99130966598   -0.129183886296
-0.351619586086   0.129627797948   -0.927124749254
0.820476517922   0.145592649159   0.552830049879
-0.558035065162   -0.00605188669971   0.829795300491
0.124157760884   -0.989326111643   0.0762803725345
0.185982766283   -0.680915502292   -0.708353364772
0.981310575683   0.0924807980115   0.168750869782
-0.0493959988114   -0.726499401746   0.685389418188
-0.481811197053   0.380182546445   -0.789505669247
-0.842361968321   0.0472781190071   0.536834326203
0.241421384142   0.923702338874   0.297472191032
-0.264996103418   0.880356615991   0.393381867724
-0.17390719287   -0.444912072128   0.878526912703
0.948437321831   0.164394272272   0.271000313289
0.150977295724   0.762087912123   -0.629625182448
0.631902407498   -0.564207583925   -0.531384182715
-0.760200765307   -0.317634721713   -0.566747721644
-0.170287734793   0.4460028646   -0.878682839338
-0.920535617244   -0.390164569724   -0.0196414336693
-0.351591047615   0.805514154625   0.477001763033
0.93821756646   0.165335077661   0.30399360204
0.0296101921735   0.836898871327   -0.546556049908
-0.344776789395   0.521789796055   0.780297619007
-0.0664746539545   -0.85878807889   -0.508000153483
-0.0219140193153   0.510260050294   -0.859740924251
0.997547440546   -0.0460186552545   -0.0527388588186
0.922685364686   -0.122730583218   0.365498182947
-0.089900786842   0.85336573423   0.513502455852
-0.374926081141   -0.506659774982   0.776354497698
-0.960830850844   -0.24781374387   -0.124066209803
0.232883515319   -0.964659782024   0.123275193118
-0.150230970038   0.0895536336205   0.984586614954
0.195237474806   -0.132979404703   0.971698927835
0.254998593404   -0.949808103034   -0.181218886359
0.947025894996   0.28316257757   -0.151528574435
-0.336939329812   -0.243326433261   0.909540617511
0.852195731178   -0.489525829812   0.184734668402
0.400292797573   0.83735100694   0.37230225273
0.626470916772   0.507017190797   -0.592003174548
0.186728236261   -0.835027387464   -0.517553695734
-0.756747485111   0.213688629601   -0.617794798746
-0.341818136826   0.0941232343058   0.935040736065
0.803939439631   0.544539527111   0.23907756235
-0.486663886828   0.833437172303   -0.261802866829
0.75184676045   -0.289141309137   -0.592556961103
0.490248531426   -0.355802018904   0.795651494549
-0.440888677827   -0.888708178591   -0.125757493096
-0.993338189123   -0.0365281954292   0.109292877028
-0.0951535545995   -0.274973572732   -0.956731590022
0.0650003313641   -0.960757630851   0.269665963156
0.732252616912   0.613224645032   0.296245910944
0.263070875113   -0.655923776768   0.707501034443
0.628171807465   -0.440135812898   -0.641623446042
-0.505312472644   0.393385751925   0.768054005375
-0.851950430529   -0.0858532805611   -0.516536231197
-0.137258037696   -0.915356140745   0.378527894202
0.376710298785   0.873519432472   -0.308306911831
-0.43876545496   -0.124862743352   -0.889884358137
-0.815827326291   0.470503024875   0.336233069849
0.727673431316   0.663868421362   0.172540130044
0.569631225317   -0.725002102094   0.387159165077
0.382114700713   -0.183441192423   -0.905724949652
0.608191121724   -0.790535596473   0.0718124652534
-0.743054756828   -0.535159039266   0.401838812271
-0.279236795232   -0.297755391893   -0.912890211793
0.479043213072   -0.843899860974   0.241558739559
-0.802773440233   -0.309873940953   0.509443759777
-0.355066759451   -0.437962515937   -0.825903402928
0.64009463458   -0.695637519753   -0.326140000451
0.0354181365392   -0.397329013022   0.916992481439
-0.767479259906   -0.598513238386   -0.229689984742
-0.177279269113   -0.576422621447   -0.797689803261
0.341254102717   0.724238549361   -0.599186249006
0.923102214341   -0.378438218345   0.0683141037739
0.890860360472   0.44475122433   0.0925427825178
0.325740559086   -0.483405413409   -0.812534488162
-0.31664002638   0.753999704737   -0.575520233311
-0.237489392857   0.795529757082   0.557432681028
0.630758007868   0.562706576182   -0.53432728232
-0.738744288499   0.22470806554   -0.635423607911
0.116358974475   -0.0393776457161   0.992426314684
0.877835683598   -0.463345248973   -0.121308255513
0.464612851372   0.885302536578   -0.0193472754529
0.0334524278909   -0.705668306256   -0.707752200007
0.969055717146   0.196186673951   -0.149805894515
0.244564821951   -0.680839944855   0.690394827149
0.126591412501   -0.515563931541   -0.847448197104
0.989518687742   0.00579459918577   0.144288562365
-0.0694793558566   -0.856831520845   0.510893691481
-0.384865199368   0.323578180915   0.864393393746
0.537523259051   0.839899777995   -0.0750806826207
-0.750298290212   0.435735612223   -0.49717899387
-0.0984848282076   -0.995035551362   -0.0143174766546
-0.955176845934   0.0904839852597   0.281868482459
-0.279173658509   0.0414354912648   -0.959346219286
0.47738607172   0.130139224408   -0.869003061444
-0.233730593668   0.972149492914   0.0171864193898
0.847037512812   0.194908044211   0.494508145727
0.580990927488   -0.765080716634   -0.277670738845
0.446586436142   0.584875501911   -0.677112400063
0.68044845303   0.269392175645   0.681482030923
-0.703033194215   -0.133689509482   -0.698477947316
-0.329744328902   -0.808929849343   0.486724949431
-0.630089680433   0.572502937893   0.524621178294
0.0760203759423   -0.294760087376   -0.952542593972
0.666261885528   -0.695718583991   0.268459963091
-0.741832866847   -0.655051252025   0.143498623288
-0.897067648559   0.423510063285   0.126130330235
-0.441873785197   -0.857032721491   -0.265032964459
-0.00414630736693   -0.293486184667   0.955954322938
0.482371640204   -0.871416925489   0.0891635727124
-0.547965232251   -0.220769078289   0.806842684986
-0.683411812139   -0.438056567173   -0.583998920363
-0.596936976833   -0.164157332904   -0.785314341996
-0.450684707419   -0.741192347939   0.497511002747
-0.663739060316   0.650911878375   0.36846191988
-0.342117700122   -0.8980463653   -0.276528850275
0.939029580119   -0.337502760947   -0.0656912019549
-0.0343355053018   -0.282142893096   0.958757769695
0.641938589522   0.367972857145   -0.672689247489
-0.539570835849   -0.406535097935   -0.73728727593
-0.544773494568   0.836256653517   -0.0624231452601
0.755333836958   -0.570726221432   0.322090631524
-0.499216478708   -0.819507171233   -0.281408783951
0.424562954263   0.0517646256415   -0.903917430632
-0.687452776964   -0.3789101305   -0.619544826828
-0.630440929878   -0.112096322784   0.768100675923
-0.360489824239   0.918619359377   -0.161819526627
-0.895326983333   0.201879109996   0.397032011131
0.0865205433063   -0.795580863236   0.599637628605
0.436925380931   0.571223174425   0.694838323999
0.575370073193   0.152718973764   0.803508676945
-0.373754119017   -0.824743104982   0.424389761071
0.727500609891   -0.544495845564   -0.417453155183
-0.444340212285   -0.471219838169   0.76191445705
0.417783197502   -0.861336235029   -0.289062432894
0.792476482699   0.189872995294   0.579594056238
0.787944492887   0.127703720452   0.602358062876
0.185890596091   0.883277924838   -0.4304239698
-0.587016322102   0.451122895979   0.672235055847
-0.640606441723   0.516860473275   -0.567872026067
-0.0370820147774   -0.759503099774   -0.649445891213
-0.766973474772   -0.394981382599   0.505708805931
-0.587227564716   -0.374367848398   0.717643714752
-0.531920200918   0.846769745991   0.00647279923276
-0.610102193975   -0.377928182809   -0.69638035695
0.582357975025   0.513320648606   -0.630365846663
0.0569628284942   -0.799283041622   -0.598248991262
-0.810934291478   0.3124876495   -0.49470904966
0.920817683879   0.376447279216   0.101893272727
0.3588731549   -0.920179402049   0.156460623598
0.152659266828   -0.107504948793   -0.982414288494
0.684641010149   0.728222502883   -0.0309624533242
0.302852706727   -0.245575312466   0.920854496615
0.662983352166   -0.639831815559   -0.388675086092
0.227664609504   -0.179256487477   -0.957097663395
0.791181419806   0.60702606277   0.0745071813412
0.567627330678   -0.774200536564   0.280022753811
-0.290857123073   0.250437119174   -0.923408567914
-0.303148942702   0.891285128619   0.33721141446
0.907470579411   0.378010672922   -0.183316880457
-0.165113342135   0.106404536101   -0.98051805641
0.00711374632126   -0.994009004051   -0.109066468167
-0.986248943656   -0.0249834857906   0.163367213894
0.56544077029   -0.820596066402   -0.0830592023783
0.335856181745   0.137102071991   0.931881777394
-0.753310932137   -0.554819896598   0.353125362812
0.197073507768   0.888594209073   -0.41420087414
0.34359582591   0.333088649836   0.878062560281
0.918206916198   -0.315360560237   -0.239674312544
-0.470966023211   -0.612851202426   0.634511157242
0.159017745753   -0.766474225452   -0.622278569656
0.867700617446   -0.192173529401   0.458437534547
0.177120986101   0.475160933039   -0.861887605199
0.797468574397   0.443928305659   0.408621502474
0.57677727862   -0.759703723269   -0.300296892623
0.240540490732   0.536586549882   -0.808835673548
0.354075593777   0.727373018281   0.587842637249
0.903753697757   -0.427788927816   -0.0150295384995
0.273426693778   0.252226285266   -0.928234746253
0.775558162501   -0.628639590845   0.057635070925
-0.568988031252   -0.735659001062   -0.367502999238
0.94974598439   0.302808049382   -0.0793085768636
0.25082600596   -0.887781439183   -0.385915056685
-0.18726686805   0.346628621829   -0.919118990479
0.743343454465   0.580336440547   0.332641134675
-0.0184534692208   -0.479307620484   0.877452947126
0.668655350818   -0.658387287787   -0.345580961719
0.608210019559   0.0157511952979   0.793619853554
0.348500825338   -0.903588547799   -0.249148371509
0.713181426319   0.428111709877   -0.555060912891
-0.748211929886   0.528257276397   -0.401401492162
-0.197999600439   0.399652962886   0.895027188125
0.63322592035   0.749147354791   -0.19443038499
-0.771711829414   -0.423946161919   -0.474057490329
0.38578891941   -0.904656477167   0.181007093728
-0.505596441842   -0.043200811495   0.86168783668
0.0343554936193   -0.976521925728   -0.212660830034
0.914506955999   -0.0551098083115   0.400799122325
-0.403108828342   -0.208249460024   0.891142769096
-0.630824263574   0.560844592876   0.536203404621
-0.639464253062   0.0156362609251   -0.76866180886
-0.439484035593   -0.827773429137   0.348776335885
0.993068189616   -0.117276549241   0.00786013811586
-0.00801871511309   -0.134313234888   -0.990906481532
0.117265813352   0.983974677485   -0.13432260825
-0.467078443283   -0.883579868625   0.0335312329182
-0.859619431882   0.444876757589   -0.251274954757
0.207104225334   -0.146189214095   -0.967334768077
0.105007060153   -0.9852547299   -0.135080104113
-0.0379052662178   0.131766990214   -0.990555728408
0.993748815401   0.109135592265   -0.0235098785616
0.360587874819   -0.326817645121   0.873594077001
-0.847607722671   0.276080552791   0.453145315367
-0.389278220559   -0.903863792398   -0.1774618601
0.415298264694   0.232548628596   -0.87945920126
0.445260033845   0.791083380019   0.419440804069
0.793265941285   -0.56578107179   0.224990944711
-0.449785839665   0.206175611323   0.869013415163
-0.88213124813   -0.25482371345   -0.396117831127
0.139775389501   -0.944752079838   0.296490047271
-0.777958169755   0.619879920379   0.102615644139
-0.612691107501   -0.78462176709   0.0947538357993
0.139250468226   0.0108428280211   0.99019782881
-0.600545753689   -0.745376648805   -0.289410520096
0.757298560765   -0.646371838697   0.0932863119788
-0.256600248615   -0.163147471803   0.952648526402
0.0311313608945   -0.729048570232   0.683753625666
0.845835331072   -0.345259978126   -0.406642521404
0.532534910667   0.591002309426   0.605906625789
0.991703618073   0.117072361775   0.0530848001732
-0.0788730219302   0.228090068264   0.970440089429
0.101503597535   -0.966575906418   0.235431596902
-0.755447623787   0.118123846985   -0.644473152651
0.0026988734622   0.984167217614   0.177221905687
0.655203482741   0.132142516046   -0.743805587272
0.726789964   -0.571156384625   -0.381518980565
-0.387891743436   -0.799703486136   0.458273204144
-0.566847725234   -0.185080303017   -0.802763313706
0.067562155194   0.916365603212   -0.394600350273
0.872999357978   0.137176862299   0.468032722595
0.483019126077   -0.376107151886   -0.790718618817
-0.388533970499   0.848046035556   -0.360359924721
0.913615509679   0.405394371714   -0.0310177990095
0.119783363792   -0.341281884898   -0.932297495867
-0.968497964614   0.241365429954   -0.0612733364743
0.158878979432   0.409447274296   -0.89839323209
-0.191752868125   -0.879827061868   -0.434896744954
0.585101230101   0.74127861036   -0.328880787454
-0.806411084086   0.488930901379   -0.332637546197
-0.0857771181425   0.459839749803   0.883849359622
-0.653020150957   0.188749239909   -0.733442844997
-0.371700836336   0.76390363911   0.527531722669
0.659850870054   0.617110164062   -0.428686219396
-0.79785854841   0.471698386482   -0.375396282506
0.429547061106   0.00791027098069   -0.903009828245
-0.422978792641   -0.881724480665   -0.208927932964
-0.973141403477   -0.143271815694   0.180191552707
0.192991187553   -0.0810166129735   0.977850044715
-0.125499842096   0.986361746648   0.106490818308
-0.588381728683   0.505607784326   0.631005316761
0.673714755996   0.738074305868   0.0368068821257
-0.447118965048   0.446774089946   -0.774904861029
0.933009035402   0.359435489166   -0.0173282713009
-0.353828835719   0.907551672958   -0.226174967502
-0.0655690084725   0.21715453032   0.973932551612
0.997661691953   -0.055313128266   -0.0401448159967
-0.0156274091736   0.38719891673   -0.921863755099
0.0665351973958   0.920335513128   0.385429125499
-0.849697934422   -0.403682643434   0.339195730557
-0.518041305403   0.519318827711   -0.679662534705
0.098217239495   -0.753225250888   -0.650388418786
-0.340237019374   -0.785518955494   0.516912701728
-0.419543296974   -0.365155317928   -0.831050549457
0.841559381513   -0.499621421027   -0.205319855443
0.429716194808   0.275494066176   -0.859911048552
0.365136677031   0.817969362923   0.444523709611
0.825844536827   -0.505004099806   0.250901694239
0.177744001483   -0.393501685104   0.901977546149
-0.952708932741   -0.29838176045   0.0575674778533
0.246480748564   -0.869554339217   -0.427928138519
0.0483734314006   -0.583010208777   -0.811023493862
0.997716482981   0.0665221113679   0.0116888103508
0.0471362994177   -0.809736935777   0.584896797834
-0.996887601402   0.0153066436383   -0.0773357409767
0.0768933570865   -0.0276417416759   -0.996656081983
-0.0173931540513   -0.999500695736   0.0263787303428
-0.600528739521   -0.127200970985   0.789420766125
0.328026897548   0.861174614864   0.388299674477
-0.72922121986   0.492136358842   -0.475434766094
-0.824814932172   0.559198381481   0.0835314181318
-0.0136209211914   -0.16734729756   0.985803911793
0.565238709018   0.811968011777   0.14564734697
-0.940167796187   -0.0256169115523   0.33974738977
0.242092040739   0.651430012112   0.719048248124
-0.239741441607   0.758276145716   -0.606251868463
-0.587393712048   0.17792638398   -0.789500366643
0.526866940129   -0.656421652613   -0.539927626058
-0.614312505525   -0.733111734912   0.291834421701
0.291474931575   -0.112432248221   0.949948079541
0.742255660611   -0.599840918848   -0.298743044047
0.603406080973   0.792180447648   -0.0913851180999
-0.232025171579   -0.822876727932   -0.518688934123
-0.22506339565   0.564187090186   -0.794379880917
0.946314317599   -0.0675782353684   -0.316105036993
0.953256796398   -0.136925265758   0.269356551282
-0.200308060887   0.381047846425   0.902595822879
-0.226225906706   -0.914359891034   0.335809214887
0.998456558577   -0.022131772242   0.0509380534685
0.0256837722441   0.997204480611   -0.0701681387328
-0.0492427098873   0.0713681196848   0.996233781306
0.89250247053   -0.39272527713   -0.221824698356
-0.222725060098   -0.811396809137   0.540396859471
-0.39221535883   -0.432899612872   -0.811643417686
0.844643848805   -0.535034632732   0.0177400804182
0.534715283405   0.844798595997   0.0198720379963
-0.0256190235811   -0.00729890252839   0.999645132861
