-0.509323649375   -0.791753539597   -0.337217663718
-0.0790625532425   0.433244744139   -0.89780181797
0.856935547671   -0.430610408852   -0.283259850537
-0.165989020878   -0.855259844746   0.490895348229
0.701398437188   0.247521729923   0.668410970531
-0.693172328688   0.455262112613   0.558792028899
0.790134941159   0.207471400568   -0.576751586652
0.265316428915   0.732475899773   0.626965907207
0.552534132255   -0.648409341541   0.523709230867
0.951959165351   -0.161729820092   0.260033099427
0.0530685146449   0.923437886899   0.380060786971
-0.30159157856   -0.348002779202   0.887657921392
-0.606837972246   0.747069685649   -0.271356887188
0.315726173673   -0.0867445514253   -0.94487690524
-0.72942762403   -0.659061656889   -0.183229565627
0.567341990476   -0.713382882534   0.411348913638
0.544393462499   0.69971390869   0.462640469451
-0.617866347871   -0.0385397054224   0.78533805923
0.232570234894   -0.950304272783   -0.206961046992
-0.798817855256   -0.0652567580382   -0.598023067828
0.554798269613   0.304406545037   -0.77429680057
0.946507333815   -0.198051901195   0.254753432688
-0.110603894204   -0.940784720047   -0.320454191911
0.303134698806   0.275135521078   -0.912364948593
-0.995891309497   0.0724241375723   0.0543621556316
-0.0852081163474   -0.54618489893   -0.833319646408
-0.0306606682339   -0.834527890773   0.550111918564
-0.986691593218   0.0465403976817   -0.155800164493
0.0389436489636   0.997915283331   0.0514633801789
0.157870491473   0.0447110576666   -0.986447073717
-0.880415408672   -0.242841405039   -0.407304259949
-0.471963677976   0.365356324929   0.802349700882
-0.0460325411519   0.898633856381   -0.43627766081
0.888674020903   0.0203183026968   -0.458089130135
-0.452238569867   0.203883039707   -0.868281050147
0.0757546071059   0.978784385192   0.190374280844
0.214858420286   0.660584960546   0.719349267834
-0.353725724596   0.73917911228   -0.57314252305
-0.910337284193   -0.131307843902   0.392484750199
-0.466109498381   0.784050524828   0.409886215962
0.848404855458   0.264725458578   0.458398988672
0.250900651164   0.561413578476   -0.788583322895
-0.830661017855   0.546854635244   0.104653147724
-0.523793189166   -0.831256223604   0.186155273098
0.188793454333   0.0998153226279   0.976930874202
-0.00434454472458   0.56378297169   -0.825911548389
0.49716339852   0.717830189678   0.487389345348
0.867646056928   -0.408495507465   -0.283410903597
0.716710874936   -0.693261904011   0.0755873944183
0.689298175372   0.687797197596   -0.22760281283
0.105799561326   0.215227664175   0.970815896757
-0.17797459683   -0.929284266687   0.323659998411
-0.965589280314   0.228307545857   0.12455121937
-0.189637508487   -0.290355671881   -0.937939869705
0.0779016069198   0.928219155373   0.363786392322
0.865960935851   -0.243810085512   0.436655813866
0.494007082155   0.281008615174   -0.822794725906
0.936476851157   0.0245419883209   -0.349869687249
-0.0227710528583   -0.991189662397   -0.130478091302
-0.34998940898   0.130156613229   -0.927667327028
0.820929628045   0.146164553016   0.552005859787
-0.55734007985   -0.00530541152502   0.830267359349
0.124284275714   -0.98924606446   0.0771079941395
0.184116000655   -0.681832983469   -0.707958389283
0.98164354478   0.0910830714711   0.167570358604
-0.0497719729786   -0.725815167068   0.686086797687
-0.480135390374   0.381412884315   -0.789933046903
-0.84267086123   0.0496004349332   0.536139549453
0.243671554646   0.92307313282   0.29759059952
-0.263242525427   0.881194856614   0.392681801825
-0.17420397208   -0.44376561001   0.879047814105
0.948871091834   0.162996036914   0.270325624076
0.149835210141   0.76286921818   -0.628951481241
0.631951126175   -0.563123449755   -0.53247512098
-0.760386207087   -0.317683075233   -0.566471781982
-0.167320635095   0.446677065986   -0.87891035026
-0.920910393409   -0.389127580392   -0.0224448989672
-0.352033879595   0.805642181679   0.476458626448
0.937927399492   0.163362653252   0.30594907551
0.0321973291403   0.837304946349   -0.545787283486
-0.345333932997   0.52175959056   0.780071409795
-0.065833202063   -0.859714077543   -0.50651524595
-0.0218594055067   0.508737205371   -0.860644306471
0.997591176734   -0.0455868483757   -0.052284637879
0.922680660565   -0.12437735308   0.364952973216
-0.0882775795877   0.853250192468   0.513975853514
-0.375323150846   -0.506452745174   0.776297719529
-0.960970201241   -0.246436789821   -0.12571865792
0.231155904699   -0.964913568043   0.124534147643
-0.151997434351   0.0906129948134   0.984218504765
0.194203939282   -0.131532778951   0.972102853626
0.255973384896   -0.949842347737   -0.179658399942
0.946975425337   0.283722826903   -0.150794234975
-0.337529808004   -0.243122898418   0.909376096549
0.852584105536   -0.488418053401   0.185871321346
0.398966128507   0.838056717279   0.372138370673
0.62589713453   0.508278158182   -0.591528605312
0.187046306156   -0.834155040109   -0.518843953819
-0.757143616721   0.214099703354   -0.617166801345
-0.34303801173   0.0942370958853   0.934582415984
0.803285957485   0.545152361989   0.239876161228
-0.486884578741   0.833023572281   -0.262707318146
0.750867647439   -0.290462596539   -0.593151967072
0.489942909042   -0.357283998501   0.795175509114
-0.442892449596   -0.88768216408   -0.125962905906
-0.993359330902   -0.03306358906   0.110199994501
-0.0969833471688   -0.274674459333   -0.956633770971
0.0618988697924   -0.960968646975   0.269643819602
0.731118977677   0.613969718975   0.297499957414
0.264131560974   -0.656775412453   0.706314785414
0.629046547544   -0.437821015689   -0.64234974838
-0.505421070453   0.393531240572   0.76790800506
-0.851766209412   -0.0852119240535   -0.516946082781
-0.137999514659   -0.915353533173   0.378264514938
0.37646797649   0.87354502179   -0.308530318743
-0.437950253436   -0.125661798095   -0.890173403341
-0.816377019638   0.470242711167   0.335261620829
0.727629134091   0.663915178127   0.172547035541
0.569066246347   -0.724673153685   0.38860317497
0.383039750535   -0.184568297875   -0.905105017625
0.607977767759   -0.790907838569   0.0694825503332
-0.742788094216   -0.535706251713   0.401602613247
-0.280408418209   -0.295776271471   -0.913174417202
0.479791387563   -0.843939807126   0.239928794372
-0.802027104838   -0.310989737651   0.509939120073
-0.355742529824   -0.43709379431   -0.826072797912
0.639756987198   -0.695347791143   -0.327417847228
0.0361608342624   -0.398301294725   0.916541582628
-0.767726117438   -0.598203584052   -0.22967168008
-0.178166035444   -0.577386203747   -0.7967948516
0.340546457541   0.723530177038   -0.600443330526
0.923192815218   -0.378324271808   0.0677183231521
0.890619918018   0.445031794447   0.0935032810191
0.326565892516   -0.482819044186   -0.812551837372
-0.316466237497   0.754209833204   -0.575340462702
-0.237773474694   0.795132252137   0.557878549814
0.630886103957   0.563131064219   -0.533728515582
-0.738543498086   0.225051341081   -0.635535518529
0.115687157303   -0.0377840937852   0.992566795683
0.877723681322   -0.463907754138   -0.119961389196
0.464992065397   0.885077373967   -0.0205041754347
0.0314371042   -0.707053743944   -0.706460693637
0.968962356878   0.194955553455   -0.152000931348
0.245201263115   -0.679755349631   0.691237300219
0.125145474003   -0.516318219423   -0.847203698427
0.989833481021   0.00680276153399   0.142068301481
-0.0675891277261   -0.856369790877   0.511920395263
-0.385367252495   0.322417042056   0.864603569098
0.538080994495   0.839699984358   -0.0732992471551
-0.749640529899   0.436979618818   -0.497079358524
-0.097050499694   -0.99516221696   -0.0152762051441
-0.954849507437   0.0887669675959   0.283518683003
-0.28079105872   0.0421021068154   -0.958845031246
0.4776921401   0.126960165672   -0.869305087768
-0.233453286235   0.972271316118   0.0137131688575
0.846941427982   0.196391456502   0.494085633652
0.569002469001   -0.77323697132   -0.27989422369
0.453451203953   0.578967224527   -0.677627448203
0.686016177582   0.258653318379   0.680059015812
-0.702669966383   -0.132991192618   -0.698976581174
-0.330478973634   -0.808978226603   0.486145941943
-0.630109963681   0.572597215823   0.524493910453
0.0766064855257   -0.292795726962   -0.9531013108
0.666098242705   -0.696269948693   0.267434645499
-0.741919522213   -0.655346336543   0.141691925455
-0.89664898861   0.424345275861   0.126299952808
-0.442721327221   -0.856585844605   -0.265063232544
-0.00429157878459   -0.293584362113   0.955923534951
0.482599149388   -0.87133799641   0.088702632549
-0.548323630289   -0.221605623015   0.80636973177
-0.682963584298   -0.43779109614   -0.584721898567
-0.59678467991   -0.162704285039   -0.785732372665
-0.451799472343   -0.741112279025   0.496618391392
-0.663117849719   0.651367719117   0.368774744087
-0.342477733646   -0.898228296665   -0.275490342891
0.938946456567   -0.337518959083   -0.0667870044295
-0.0329932365419   -0.28154374319   0.958981004511
0.64184065787   0.368797134898   -0.672331200523
-0.539160067996   -0.406426077081   -0.737647791936
-0.545295324557   0.835946479842   -0.0620200923607
0.754952614617   -0.569892680104   0.324451664886
-0.49802236856   -0.82012899119   -0.281712900351
0.426638336413   0.0510957040617   -0.902977828592
-0.686824123033   -0.380746233404   -0.619116248994
-0.630922589392   -0.110577979032   0.767925254663
-0.360845271848   0.918044016539   -0.164273776005
-0.895525221344   0.202438923051   0.396299205615
0.0855317606891   -0.79563544434   0.599707059841
0.436713745892   0.570948966322   0.695196649881
0.575634186326   0.153551074003   0.803160850145
-0.372993543538   -0.824767769228   0.425010521424
0.727682004733   -0.544224397207   -0.417490964541
-0.4447544914   -0.471471078279   0.761517212364
0.418337817739   -0.861145607362   -0.288828172398
0.791951332235   0.190113821874   0.580232558638
0.786554792084   0.127049209704   0.604309570802
0.187160534286   0.883529636997   -0.429355697475
-0.588474717771   0.450814683503   0.671165871959
-0.641484081367   0.516513094606   -0.567196964425
-0.0377144981114   -0.759709046162   -0.649168531132
-0.766208711765   -0.395039730002   0.506821291714
-0.586734512121   -0.374446004254   0.718006129629
-0.533197948291   0.845972846604   0.00546724310809
-0.609460876697   -0.379631574961   -0.696015306633
0.582970076485   0.514798741227   -0.628592193679
0.0578431632102   -0.797991310096   -0.599886687201
-0.8104320196   0.313356227068   -0.49498264269
0.920224797862   0.378048780953   0.101318510746
0.360522042333   -0.919518944839   0.156552761311
0.152348870662   -0.107536176712   -0.982459053756
0.683920298374   0.728834708264   -0.0324498613546
0.303446563561   -0.243734466014   0.921148029982
0.66345550607   -0.639838634428   -0.387857336347
0.227975981345   -0.180397539722   -0.956809113456
0.791233853714   0.607010160565   0.0740786994239
0.567429238467   -0.773947926306   0.281120377595
-0.289500382939   0.248494235229   -0.924359315059
-0.30586003344   0.891066252904   0.33533650693
0.90699458004   0.379804618184   -0.181959566343
-0.165363031199   0.107990449116   -0.980302571053
0.00973068131752   -0.993759988722   -0.111114349458
-0.986184760455   -0.0279132175496   0.163280343373
0.565404668533   -0.820327205974   -0.0859117916263
0.338294943607   0.135642661641   0.931212972135
-0.752246031516   -0.555575686547   0.354205540028
0.197783399374   0.888756218002   -0.413514343035
0.341824549007   0.332835545136   0.878849519309
0.918715246759   -0.315171199283   -0.237969347846
-0.471377185095   -0.611790217623   0.635229312133
0.157557489827   -0.767100261624   -0.621878465631
0.867743733352   -0.193054184716   0.457985692999
0.176461903378   0.476088459862   -0.861510867629
0.796570496579   0.445079713419   0.409120388984
0.578218505961   -0.758448302186   -0.300698407503
0.239154257932   0.53676307481   -0.809129558497
0.353704209832   0.727896182856   0.587418487053
0.904266870376   -0.426676163506   -0.0157758877799
0.272430945361   0.252928592676   -0.928336419094
0.776039688717   -0.628139286789   0.0565989216218
-0.568809090597   -0.735845203422   -0.367407206046
0.949547865106   0.303813632868   -0.0778211305238
0.252403592049   -0.88757733925   -0.385355541767
-0.186148539058   0.34627119911   -0.919480819851
0.742725039604   0.581624538287   0.331771626285
-0.017027818413   -0.478913643833   0.877696858346
0.669379988456   -0.657536780883   -0.34579735806
0.608034399999   0.0152641201644   0.793763929045
0.34977170187   -0.902703668297   -0.250571035467
0.712708864116   0.429991969552   -0.554213840617
-0.748589980382   0.528113187383   -0.400885897213
-0.19784155127   0.399162970618   0.895280762375
0.632828382631   0.749510096129   -0.194326668106
-0.772514898645   -0.421954509887   -0.474526208926
0.384382360715   -0.905560561409   0.179472199494
-0.505441324134   -0.0437545564068   0.861750895939
0.0340845884456   -0.976061887131   -0.214805570974
0.913873752875   -0.0565652126663   0.402038730128
-0.404565204433   -0.21000849794   0.890069337836
-0.63034398845   0.561176378089   0.536421036965
-0.640273248135   0.0149330433906   -0.768002065061
-0.438995015857   -0.827561524534   0.349893268245
0.993153550174   -0.116546183575   0.00793806465068
-0.00781893182289   -0.134122770831   -0.990933876023
0.116554236652   0.984087429774   -0.134115772673
-0.466072651536   -0.884104920656   0.0336863883771
-0.860239789871   0.443934999382   -0.250817105171
0.206794070063   -0.145877364916   -0.967448193441
0.105278885501   -0.985398253853   -0.133815685073
-0.0365929560968   0.130633595616   -0.990755176247
0.99376924476   0.109202312249   -0.0223056756857
0.361715319444   -0.328894601116   0.872347619379
-0.847196557214   0.274593757169   0.454814535792
-0.389127255694   -0.903563284934   -0.17931360516
0.416928687054   0.231096617115   -0.879070431461
0.44567169886   0.790926485341   0.419299453401
0.792178771961   -0.566594783196   0.226766719139
-0.450051054307   0.206037866616   0.868908767384
-0.881821608157   -0.256031556391   -0.396028399889
0.140871217442   -0.944455525503   0.29691591477
-0.778080649456   0.619834003791   0.101962300322
-0.612527516155   -0.784641773741   0.0956416690202
0.139285838818   0.0119622173883   0.990179963673
-0.601490825121   -0.744740249841   -0.289086055635
0.756224791262   -0.647450868997   0.0945062818882
-0.257551649921   -0.161769380607   0.952626797398
0.0305274886197   -0.728539879824   0.684322815595
0.845239824985   -0.346620612722   -0.406723234024
0.533514489679   0.590833135785   0.605209463707
0.99177443222   0.116184955474   0.0537078366431
-0.0792921225307   0.228291525   0.970358562037
0.100480022392   -0.966635420277   0.235626249313
-0.75509926682   0.1177004505   -0.644958681778
0.000579616125258   0.983872323887   0.178871222768
0.655610220553   0.134691700715   -0.74298949149
0.726386069581   -0.571466499147   -0.381823674319
-0.38574191349   -0.798783306186   0.461679982168
-0.568829020089   -0.188072512904   -0.800663647105
0.0662378851648   0.915986160979   -0.395704303065
0.872349588561   0.139352455768   0.468601204021
0.484374584291   -0.37623163871   -0.789829738694
-0.387719973369   0.847726243437   -0.361985411915
0.913747026903   0.405188947671   -0.029804152571
0.121406725828   -0.342318759161   -0.931707182569
-0.968822824741   0.240408041138   -0.0598857914447
0.157351674391   0.410359542189   -0.898245788579
-0.191370804532   -0.879664151759   -0.435394298634
0.585131222216   0.741137043715   -0.32914637355
-0.806251349108   0.48809839164   -0.334243507251
-0.0870644293015   0.460951019644   0.883144349832
-0.653260353973   0.189145768866   -0.73312672032
-0.372381709224   0.762818363258   0.528620854026
0.659228922729   0.618330027409   -0.427884569296
-0.798275109382   0.471639168459   -0.374584228869
0.428869402468   0.00844653498822   -0.903327012589
-0.422880462269   -0.881751184191   -0.209014266999
-0.973261608973   -0.143222770517   0.179580284288
0.192242793818   -0.0800048295311   0.978080740776
-0.125716143452   0.986451451039   0.105399174658
-0.589592213762   0.504143990009   0.631046637586
0.671971733438   0.739656103202   0.0369166419937
-0.448146193703   0.445811267617   -0.774865990179
0.93328067448   0.358709164137   -0.0177459349327
-0.353340279957   0.908217666932   -0.224257254137
-0.0643259605608   0.215565315015   0.974368393248
0.997631708832   -0.0550701105957   -0.0412099072024
-0.0166772646418   0.387589947225   -0.921681019472
0.066729621434   0.920185478982   0.385753602568
-0.849317135666   -0.40369731593   0.340130681026
-0.518719583165   0.518705414197   -0.679613630914
0.0979305728871   -0.753639947451   -0.649951100084
-0.340423120476   -0.784248562883   0.518716001933
-0.418438590379   -0.367672042929   -0.830497691104
0.842033992857   -0.49977140821   -0.202995798994
0.428582288773   0.273715517225   -0.861044155302
0.367177935611   0.817994663827   0.442792381994
0.825528670217   -0.50592938794   0.250075726668
0.17942529661   -0.392689643291   0.901998562631
-0.952261393411   -0.299523538265   0.0590244749496
0.246991500976   -0.869528892031   -0.427685286594
0.0485125504898   -0.582486799825   -0.811391188314
0.997735130386   0.0661568081486   0.0121608523303
0.0465955152217   -0.810143447029   0.584376978667
-0.996997587779   0.0150282257545   -0.0759602685254
0.0755113152294   -0.0284738474132   -0.996738321369
-0.0171420896071   -0.999481561833   0.0272535560934
-0.60234841694   -0.127000451048   0.788065523953
0.327306443908   0.861154441705   0.38895182132
-0.728043183051   0.492223438049   -0.477146948695
-0.824481757196   0.559861819465   0.0823685325553
-0.0148549829758   -0.16691868957   0.985858752841
0.565693522617   0.811598973741   0.145938152282
-0.940689635017   -0.0264215695002   0.338237950615
0.240466084288   0.651364227161   0.719653184446
-0.239330467928   0.758305046957   -0.606378085753
-0.587916182878   0.178784370452   -0.788917429641
0.526431713231   -0.655926561033   -0.540952861011
-0.614185813263   -0.733346095247   0.291512077575
0.290851950722   -0.112424667958   0.950139903802
0.743318085569   -0.598703957183   -0.298381962121
0.6023980133   0.79304115006   -0.0905669248944
-0.230959145459   -0.82345659474   -0.518244256801
-0.225231362555   0.563426329921   -0.79487206774
0.946535105767   -0.066858113419   -0.315596714526
0.953524521863   -0.138061810137   0.267824425302
-0.198379985466   0.381377916143   0.90288219965
-0.226795872038   -0.914051323319   0.33626449525
0.998346511694   -0.0237126445473   0.0523636617908
0.0275226839815   0.996931444151   -0.0732816315926
-0.0504652796884   0.0746016497874   0.995935665289
0.892670826461   -0.391571544187   -0.223182708488
-0.22002039127   -0.810763020721   0.542452165316
-0.393357118927   -0.435126475883   -0.809898220134
0.843464309944   -0.536888079808   0.0178647029214
0.53655759506   0.843619953331   0.0202810632345
-0.0259596809413   -0.0075209109701   0.999634698709
