-0.507968281563   -0.794880950914   -0.331862168378
-0.0809395236877   0.427612035958   -0.900331461301
0.857564585574   -0.430479059396   -0.281550636637
-0.169177179941   -0.855526345805   0.489340120388
0.700102091724   0.245147747618   0.670641217791
-0.693711858736   0.456045231826   0.557482379612
0.790516392948   0.205668810219   -0.576874486335
0.267370649157   0.731530559621   0.627196919882
0.550996160105   -0.650048752667   0.523297096023
0.952292244062   -0.16015369425   0.259788906842
0.0508908431449   0.922657049192   0.382248730097
-0.300914612447   -0.350791624465   0.886789508407
-0.607190080286   0.748995260269   -0.265191075448
0.306348913408   -0.087270728776   -0.947910419371
-0.733123829688   -0.656802801451   -0.176463963319
0.563189726305   -0.719060712866   0.407147422191
0.547204434811   0.693740244265   0.468286002365
-0.619180618809   -0.0409409904596   0.784180589273
0.233880283569   -0.950760856825   -0.203356352464
-0.795237375257   -0.0667305587376   -0.60261476046
0.559372442968   0.302656283035   -0.771687530279
0.946450343176   -0.196197003801   0.256395170783
-0.107687868999   -0.940530116963   -0.322190040126
0.304360100493   0.277326224482   -0.91129308921
-0.995815426914   0.073826951017   0.0538629448074
-0.0856151139647   -0.547507876832   -0.832409260561
-0.0319638511542   -0.833537465331   0.551537492931
-0.986714484707   0.0399928163277   -0.157464600187
0.032928886473   0.998341722186   0.0472175198151
0.159091841732   0.0414050767904   -0.986395156877
-0.87835917038   -0.247267954835   -0.409076675357
-0.475426399057   0.363215553181   0.801276607051
-0.0495470169496   0.898294506517   -0.436591425331
0.888721619632   0.017371331402   -0.458118019341
-0.451664298649   0.204436673362   -0.86844977282
0.0785699950718   0.978725642573   0.189533301677
0.218185217412   0.656617417421   0.72197560765
-0.351270487666   0.743053825005   -0.5696315104
-0.910496708065   -0.129323548841   0.392773680786
-0.470331710212   0.781282400061   0.410348502767
0.845627470478   0.266011706136   0.462765549034
0.252393073483   0.564655278514   -0.785787600376
-0.828271548228   0.551539698217   0.0988443406903
-0.529610702049   -0.828194016151   0.183322600589
0.182971983295   0.0994918735485   0.978070866771
-0.00457879677026   0.558099588009   -0.829761341884
0.494996446129   0.722245537472   0.483052690627
0.868882933967   -0.408517115268   -0.279564328185
0.71199963365   -0.697276014887   0.0828412985472
0.694493561137   0.681879630354   -0.229605886789
0.103610883704   0.221012055715   0.96975174968
-0.171045328337   -0.930800303091   0.323039148433
-0.966126617509   0.222758275188   0.130300075885
-0.19324299365   -0.289809500536   -0.937372710721
0.0715625620529   0.929382953978   0.362113413957
0.865047730596   -0.238566040267   0.441337363275
0.496559385677   0.281662154516   -0.821033012253
0.938218533074   0.0307039999244   -0.34467847131
-0.0168009479247   -0.990839380735   -0.133996454179
-0.345635230184   0.131508881724   -0.929108014002
0.822284266737   0.147740556646   0.549564657341
-0.555261628225   -0.00320357110664   0.831669562599
0.124631893581   -0.989020962899   0.0794004159199
0.178565958273   -0.684334681925   -0.7069655166
0.982605805398   0.0867922518499   0.16417349426
-0.0509904868091   -0.723984218152   0.687929372916
-0.475319817318   0.384618508327   -0.79128988008
-0.843719516326   0.0556982792534   0.533886766514
0.249416216463   0.921393675223   0.298035645896
-0.258352228876   0.883533480419   0.390669572418
-0.175131811582   -0.440532999781   0.880488230856
0.950043669737   0.159057426993   0.268547501406
0.14642193891   0.765113157929   -0.627026691114
0.632253342413   -0.559876108833   -0.535531935337
-0.760799794173   -0.318026096919   -0.565723496829
-0.158939572327   0.448523458555   -0.879525394446
-0.921929263578   -0.386169136628   -0.0303287136992
-0.353248701778   0.806039766415   0.474884459264
0.937165215793   0.157596614378   0.311263016505
0.0395211125058   0.838466208478   -0.54351862793
-0.346640216901   0.521668212926   0.779552971676
-0.0641032071431   -0.862378546233   -0.502189229107
-0.0217733977411   0.504313059076   -0.863246348151
0.997705717125   -0.0444024936444   -0.0511049955815
0.922655160647   -0.129227463179   0.36332866291
-0.0834749504528   0.852910285705   0.515340641891
-0.376482917512   -0.505810544867   0.776154820589
-0.96145464154   -0.242319975614   -0.129946149153
0.226133250525   -0.965693792659   0.127668523243
-0.156424823056   0.0933623491491   0.983267383011
0.191161526806   -0.127401591598   0.973255416182
0.258826851031   -0.949905157166   -0.175182343788
0.946818848489   0.285392758927   -0.148610367395
-0.339437135687   -0.242439295554   0.908848512618
0.853563631934   -0.485375763633   0.189313217491
0.395236077751   0.840019973601   0.371691924576
0.624326705988   0.511960531289   -0.590010659728
0.188088699231   -0.831596994903   -0.522560120263
-0.758181248391   0.215273901044   -0.615482202925
-0.346645378897   0.0944025568045   0.933233699862
0.801353017739   0.546906475454   0.242335816722
-0.487514432863   0.831854232648   -0.265232376182
0.74802288277   -0.293986248267   -0.595007439182
0.489269659437   -0.36147601997   0.79369407667
-0.44841606484   -0.8848204184   -0.126553782941
-0.993327729282   -0.0232542990383   0.112956893614
-0.102336380747   -0.273855857243   -0.956310741668
0.0531722428925   -0.961489577182   0.269648856026
0.727782814933   0.616287634603   0.300868286338
0.267241479798   -0.65887786775   0.703179882296
0.631596521336   -0.431357748076   -0.64421760874
-0.505522905184   0.394005141991   0.767597902824
-0.851371509926   -0.0833844519956   -0.517893411092
-0.140046936493   -0.915317967293   0.377597503075
0.375894201292   0.873666684412   -0.308885211664
-0.435771420339   -0.127515667963   -0.890978688656
-0.817806100889   0.469517069949   0.332786571807
0.727298682856   0.664277651036   0.172545148439
0.56771217184   -0.723559172969   0.392638527347
0.385667623557   -0.187609502818   -0.903362141443
0.607580824443   -0.79177165975   0.0627947496657
-0.741854865037   -0.537476264978   0.400962122658
-0.283719757843   -0.290201487593   -0.913939929978
0.481978400914   -0.844017640654   0.235225515874
-0.799824654835   -0.314209843283   0.511422228596
-0.357739210279   -0.434633634973   -0.826508475927
0.638782553977   -0.694445869765   -0.331212594418
0.0384104222906   -0.401168007578   0.915198814005
-0.768427932987   -0.597335051426   -0.229585165339
-0.180618027811   -0.580225579114   -0.794175928476
0.338424201877   0.721489331783   -0.604087910579
0.923496717706   -0.377877521777   0.0660483983266
0.88981058902   0.446046304364   0.0963317706268
0.329146546549   -0.481132728808   -0.812510829567
-0.316069085111   0.754688009467   -0.5749315975
-0.238589766271   0.793903764905   0.559277869669
0.631084377895   0.564480386518   -0.53206616244
-0.738110717581   0.226005985113   -0.635699507067
0.113406680943   -0.0333127067085   0.992990024265
0.877436645794   -0.465498911676   -0.11582614492
0.466094257995   0.884421294859   -0.0235608969192
0.0256264076714   -0.710962121712   -0.702763223797
0.968624161688   0.19150039606   -0.158413483338
0.247205421915   -0.67665387001   0.693562556353
0.121033267389   -0.518699398517   -0.84634619522
0.99067992689   0.0094502441898   0.135882211275
-0.0624838430437   -0.854904454815   0.515008876133
-0.387401791383   0.319267322431   0.864863127241
0.539497106493   0.839225409346   -0.0681438507437
-0.747571216754   0.440192104809   -0.497361223604
-0.0927034675876   -0.995536107803   -0.0177179332478
-0.954016348833   0.0837146082028   0.287827501348
-0.285059420571   0.043585805428   -0.957518357166
0.478511041315   0.117919149293   -0.87012772486
-0.232462054718   0.972597374248   0.00396745788871
0.846751779718   0.200373206382   0.492810310067
0.538186667076   -0.790226012152   -0.293083539454
0.459839965978   0.566728764873   -0.683641508947
0.706330175676   0.233155220364   0.668383367646
-0.701486335219   -0.130828636173   -0.700571758964
-0.332851214526   -0.809067639959   0.484375497894
-0.630180125432   0.572968953721   0.524003423255
0.0779269404128   -0.287229328789   -0.954686704967
0.665710035936   -0.697839213281   0.264292603871
-0.742130406338   -0.656140034665   0.136830971999
-0.895350697358   0.42698764242   0.126604431046
-0.445335729676   -0.855285704883   -0.264881956532
-0.00481836209097   -0.293543721179   0.955933505608
0.483504365108   -0.870973312535   0.0873442486604
-0.549286085906   -0.224197874487   0.804996962048
-0.681548475717   -0.437196525522   -0.586814172733
-0.596181432476   -0.158550308224   -0.787038435741
-0.455043629633   -0.740908813812   0.493952856805
-0.661440091544   0.652622348206   0.369568770218
-0.343673840941   -0.898643392534   -0.272632250674
0.938628511098   -0.337802095275   -0.069758602205
-0.0294076385732   -0.279874610286   0.959586053103
0.641602375831   0.371263884211   -0.671200059303
-0.537982981411   -0.405917210918   -0.738786525048
-0.546736410932   0.83510139873   -0.0607037955981
0.753868750056   -0.567485949091   0.331121737844
-0.494662314846   -0.821916905386   -0.282421307469
0.432424677788   0.0491151527135   -0.900331383333
-0.684945995648   -0.385826492677   -0.618050888353
-0.632344584754   -0.106579895394   0.767320696991
-0.361924452307   0.916394371134   -0.170973820732
-0.896151072904   0.204093905629   0.394029100724
0.0825588965866   -0.795768323135   0.599947334763
0.436001471473   0.570174055513   0.696278868912
0.576287699741   0.156099124597   0.802200442799
-0.370702359252   -0.82486812204   0.426816520401
0.72833525795   -0.543346707492   -0.417495038875
-0.446084470208   -0.472121605253   0.760335343972
0.419700392508   -0.860692482662   -0.28820137199
0.790481009239   0.190550885965   0.582091173176
0.782547296061   0.12508539201   0.609896199474
0.190859732869   0.884245907943   -0.426241406546
-0.592614792084   0.449958685871   0.668090479809
-0.643967077542   0.515689815122   -0.565128673509
-0.0395687232854   -0.760140521751   -0.648552776055
-0.764029265918   -0.395285215725   0.509910657909
-0.585199960649   -0.374862857633   0.719040224204
-0.536863969485   0.843663834882   0.00290034150902
-0.607715463293   -0.384329509249   -0.694962404735
0.5845604822   0.518922939784   -0.623705078716
0.0602949659367   -0.794383431474   -0.604416645107
-0.809106642991   0.315711809038   -0.495653602732
0.918466392211   0.382763041934   0.0995587269317
0.365407504899   -0.917569577772   0.156663414077
0.151317023966   -0.10751057472   -0.98262130782
0.681714767294   0.730697260804   -0.0366945378252
0.305345300296   -0.238581474675   0.921869365761
0.664852783434   -0.639656464827   -0.385759489014
0.228482467051   -0.183743169318   -0.956051363672
0.791496676556   0.606855118255   0.0725250056762
0.566858688961   -0.773282169183   0.284087862416
-0.285663032839   0.242872841868   -0.927043372422
-0.313544616284   0.890425788279   0.329896482503
0.905586221885   0.384908688199   -0.178210259188
-0.166173527477   0.112308168882   -0.979680169223
0.0169992599751   -0.993019280624   -0.116720749954
-0.985949990581   -0.0360497366386   0.163104360954
0.565006145163   -0.819734855202   -0.093823361142
0.345080443776   0.131482562261   0.929317934372
-0.749458166445   -0.557446950829   0.357162923271
0.199492914011   0.889064964059   -0.4120267794
0.337289264146   0.33248287368   0.880733268931
0.920020939735   -0.314672255517   -0.233544090176
-0.472582839444   -0.608775377887   0.637226803534
0.153725958411   -0.768923185782   -0.620584775899
0.867775195298   -0.195319414412   0.456964480873
0.174246189668   0.478434519586   -0.860661766232
0.79411303952   0.448542990357   0.410114211245
0.582256597945   -0.75492356982   -0.301774183588
0.235188587307   0.536979835506   -0.810147507964
0.352882525198   0.729475337768   0.585951922088
0.905626993751   -0.423696103179   -0.0179265261684
0.269327297829   0.255082085532   -0.928652753339
0.777458331363   -0.626668059548   0.0533449729373
-0.568349671979   -0.73635607744   -0.367094507692
0.948892152192   0.30690473133   -0.0735742441002
0.257058958061   -0.886832413259   -0.383990836967
-0.183096629102   0.345452973183   -0.920400927711
0.740986542136   0.585311003774   0.329165571155
-0.0128312200455   -0.477749534918   0.878402380278
0.671397277449   -0.655107938241   -0.346495721601
0.607427485509   0.0143181609485   0.794246082846
0.35361022717   -0.900187874866   -0.254207783488
0.711330905479   0.435266332505   -0.551861905461
-0.749524091023   0.527595314258   -0.399820986629
-0.197612925093   0.398114258278   0.895798062731
0.631793295954   0.75043202339   -0.194136574243
-0.774875989985   -0.416213634993   -0.475745110528
0.380181116004   -0.908150428111   0.175285820751
-0.505004474415   -0.0450445331691   0.861940526285
0.0331195173406   -0.974741727386   -0.220865711379
0.912156827151   -0.0608434541168   0.40529988499
-0.408500942781   -0.214887503087   0.887102215511
-0.62887061242   0.562137439819   0.537143604251
-0.642537065871   0.013260887942   -0.766139848743
-0.437798894261   -0.826937511306   0.352854758477
0.993371890217   -0.114629870618   0.00850179330439
-0.00696247291384   -0.133834449144   -0.990979245087
0.114733655473   0.984351732352   -0.133745487092
-0.46297488259   -0.885715488705   0.0340929781426
-0.862047811547   0.440987932085   -0.249806353727
0.206222764743   -0.145043844484   -0.967695434772
0.106167266767   -0.985797091711   -0.130125345116
-0.032926209757   0.127307869003   -0.99131658475
0.993802986602   0.109529906712   -0.0189426333295
0.364991835255   -0.334680443618   0.868774977112
-0.845973408013   0.270399684939   0.459579158926
-0.388728636881   -0.902703168846   -0.184437078225
0.42121740507   0.227004179533   -0.878091680942
0.446907304241   0.790522579571   0.418745641893
0.78920831159   -0.568808538669   0.23153204369
-0.450444230117   0.205878076744   0.868742892386
-0.881139549387   -0.259294132277   -0.395423377498
0.143850929994   -0.943599899577   0.298204861558
-0.778274641792   0.619884254862   0.100160334057
-0.612251678085   -0.784548828163   0.0981377547638
0.139414721699   0.015054793331   0.990119633464
-0.60428826571   -0.742832662424   -0.288158511174
0.753146648944   -0.650563163534   0.097661125515
-0.26001118651   -0.15801014489   0.952589616257
0.0286308490483   -0.727197087308   0.685831371908
0.843640518962   -0.350427164233   -0.406781854725
0.536144522725   0.590241644395   0.603459900883
0.991966815483   0.113816705112   0.0552050234857
-0.0802382327897   0.228746832456   0.970173547691
0.097793982327   -0.966809518095   0.236041718223
-0.754168389374   0.116043808356   -0.646346559526
-0.00559865950161   0.983090497381   0.183034775307
0.656657213073   0.141657716   -0.740766087248
0.725409862071   -0.572104728309   -0.382722761091
-0.37960180578   -0.796340374581   0.470897522675
-0.574180286199   -0.19631145575   -0.794845149247
0.0624320220132   0.914947915727   -0.398713624215
0.870509201683   0.145484283448   0.470157476869
0.488176169444   -0.376436760661   -0.787387701714
-0.385722188626   0.846695274866   -0.366504440247
0.91402083617   0.404778962114   -0.0268310058793
0.125635601035   -0.345342009246   -0.930029350291
-0.969728938695   0.237721920271   -0.0558038894796
0.152805992422   0.412525504513   -0.898038438379
-0.190462894387   -0.879381030469   -0.436363253623
0.585523240961   0.740484327153   -0.329917407142
-0.805597074602   0.486108082644   -0.33869202143
-0.0904206153846   0.464092548129   0.88115958775
-0.653807317282   0.189946618555   -0.732431753796
-0.374390440325   0.759975227214   0.531290365257
0.657546796861   0.621576975218   -0.425763166346
-0.800288258106   0.475489805343   -0.3653055556
0.419598523103   0.00888393493616   -0.907666323662
-0.428340732767   -0.879676372716   -0.206624528888
-0.973671298449   -0.143115164887   0.177432387561
0.189702967314   -0.0771125308295   0.978808684974
-0.126400105887   0.98669737365   0.102231629466
-0.593172071008   0.499775121789   0.631166952412
0.666773390713   0.744328746089   0.037255377907
-0.45117639523   0.442944178635   -0.774751776378
0.934172795021   0.356330407108   -0.0187037432948
-0.351579979486   0.910235282228   -0.218776710398
-0.0609319872252   0.210951112722   0.975595674946
0.997543137525   -0.0545957849411   -0.0438974833321
-0.019265717223   0.388658542556   -0.921180421762
0.0673537000922   0.919762924652   0.386651835013
-0.848190391269   -0.403783906904   0.342828844591
-0.520681724414   0.516711260638   -0.67963226453
0.0972810465583   -0.754962270352   -0.648512427272
-0.34100390091   -0.780420934154   0.524079674381
-0.415795643048   -0.374782309839   -0.828644799329
0.843107539278   -0.500481154257   -0.196693394517
0.425093536112   0.268611917312   -0.864374411603
0.372739035274   0.818275410388   0.437596805675
0.824840043365   -0.508205657812   0.247721440794
0.184299400356   -0.390434872142   0.901994646128
-0.951004495023   -0.302623457391   0.0633205612916
0.248242183108   -0.869470904431   -0.427078640152
0.048663110644   -0.581222195908   -0.812288532879
0.997806361431   0.0648324526354   0.0133872391897
0.0448816972752   -0.811158130126   0.583102153298
0.987233447878   -0.0690347816248   0.143542043729
0.127634067077   0.881999447177   -0.453636991549
-0.0952872725667   0.466166466089   0.879550545211
-0.607503733947   -0.12651937386   0.784176039725
0.325122031267   0.861140652064   0.39080998215
-0.724730900421   0.492371430326   -0.482011925758
-0.82351408047   0.561789645337   0.0788476610885
-0.0185263612685   -0.165547209447   0.986027837022
0.566993239118   0.810547047269   0.146738375889
-0.942163503872   -0.0286261208291   0.333928850473
0.235853930903   0.651252503659   0.72127879475
-0.238119413845   0.758320988556   -0.606834757629
-0.589450439365   0.181256760207   -0.787206558923
0.525092668931   -0.654562957328   -0.543897990371
-0.613861440854   -0.733957302419   0.29065582681
0.289006569629   -0.1122022568   0.950729118246
0.74623487213   -0.595683421832   -0.297144369914
0.599673843292   0.795343897018   -0.0884271855725
-0.227927395291   -0.825038665389   -0.517068953902
-0.225894872096   0.561364754237   -0.796141394139
0.947111719512   -0.0646592090427   -0.314322410033
0.954282093963   -0.141287232132   0.263407674865
-0.192839533864   0.382308083285   0.903688798002
-0.228382572279   -0.913169451685   0.337583994271
0.998031007417   -0.0283213231156   0.0559643716239
0.0328448239101   0.996120890632   -0.0816357078095
-0.053435248447   0.0833131076375   0.995089744857
0.893274562409   -0.388120437352   -0.22676658101
-0.212464120899   -0.809114474669   0.547898498092
-0.396130727771   -0.441244028844   -0.805223045824
0.840091667443   -0.542145978338   0.0179924557463
0.541792522022   0.840246015155   0.0211541271719
-0.0265867142152   -0.00802322799298   0.999614312843
