-0.506981210716   -0.796963482162   -0.328358432328
-0.0821423340961   0.423882504315   -0.901984622643
0.858034200327   -0.430317127984   -0.280364905853
-0.171324401454   -0.85577829279   0.488151065814
0.699190261495   0.243461631871   0.672204888436
-0.694104406914   0.456475571522   0.55664092996
0.790594884213   0.204384153458   -0.577223394251
0.268858703237   0.731067815082   0.627100348784
0.550158819569   -0.650973860894   0.523028016156
0.952513971399   -0.159477307026   0.259391832628
0.0499470985177   0.922168599742   0.383549685177
-0.300370473982   -0.352380564437   0.886343904005
-0.607495262393   0.750196746267   -0.261063877358
0.300520193885   -0.0871634909528   -0.949784259141
-0.735280299775   -0.655444404763   -0.172497863833
0.56045523198   -0.722867082775   0.404169659408
0.549142959888   0.689673104733   0.472009553095
-0.619945112531   -0.0425933005123   0.783488269345
0.234822128769   -0.951066008482   -0.20082832308
-0.792794514983   -0.0678435689243   -0.605701334957
0.562437040791   0.301447669864   -0.769931086189
0.946430437744   -0.194779800295   0.257546609197
-0.105551258351   -0.940383470918   -0.323323150245
0.305169392915   0.278818501935   -0.910566793051
-0.995739971146   0.0748980660404   0.0537790811164
-0.0861707575334   -0.548350366151   -0.831797136619
-0.0328102180493   -0.832887840976   0.552468400858
-0.986716253903   0.035435512817   -0.15854134702
0.0287468960799   0.998605239164   0.0442853506179
0.159889493868   0.0391395036373   -0.986358681721
-0.877002609145   -0.250121006721   -0.410251027482
-0.47768195307   0.36176485329   0.800591120757
-0.0518302543263   0.898090013819   -0.436747011226
0.888864594558   0.0154599145299   -0.457909077857
-0.451082148697   0.204644378136   -0.868703386447
0.0802784383746   0.978714294133   0.188874833665
0.220334729177   0.654008777092   0.723688556359
-0.349731693818   0.745561848938   -0.56729645843
-0.910571441161   -0.128101713081   0.393000765455
-0.473105417117   0.779513508632   0.410523999487
0.843796986878   0.266933500262   0.465567558334
0.253333592777   0.56666144769   -0.784038834799
-0.826621605726   0.554639985252   0.0952428879553
-0.533390283257   -0.826140110611   0.181624126609
0.179419972894   0.0993327961917   0.978744843627
-0.00486084489013   0.554309279436   -0.832296578701
0.49357013652   0.725189035171   0.480093098891
0.869692412593   -0.408463077888   -0.277115538142
0.708751315617   -0.700012692162   0.087486018444
0.697992678072   0.677843366791   -0.230942831573
0.102361095976   0.224745636017   0.969026111682
-0.166456371094   -0.931795935451   0.322565669593
-0.966467405834   0.21904368419   0.134017229773
-0.195532682644   -0.28944118417   -0.937011617284
0.06741100948   0.930137578327   0.360970692971
0.864408715574   -0.235121929913   0.444426878703
0.498250266674   0.282066948538   -0.819868836036
0.939261621207   0.0348283087031   -0.341430221043
-0.0127790376233   -0.990598561197   -0.13620274135
-0.342963996836   0.132293157293   -0.929986138288
0.823229680765   0.14871776629   0.547883125034
-0.553810086536   -0.00186268307458   0.832640930091
0.124849031868   -0.988877927958   0.0808279830255
0.174736448702   -0.685912712439   -0.70639289663
0.983246629093   0.0837436517673   0.161904500142
-0.051896434102   -0.72284905181   0.689054430669
-0.472113193671   0.386541462621   -0.792271941972
-0.844524054428   0.0593704772092   0.532216373225
0.252761258612   0.920359084331   0.298413977612
-0.255192039987   0.885045521744   0.389321778441
-0.175793037292   -0.438412289784   0.881414472428
0.950775383972   0.156489899377   0.267464166995
0.144065489105   0.766604205114   -0.625750051978
0.632552300273   -0.557629871713   -0.537518849524
-0.761001131582   -0.318381718815   -0.565252473551
-0.153457816571   0.449707461617   -0.879894253589
-0.922571719464   -0.384192932516   -0.035457200256
-0.353994521113   0.806324369947   0.473844794686
0.936694151037   0.153706178279   0.314608452162
0.0443147635739   0.839235410571   -0.541959525586
-0.347333080979   0.521592116891   0.779295447475
-0.0630091265274   -0.864153863669   -0.499267413197
-0.0217580747756   0.501331996141   -0.864981396232
0.997775744422   -0.0436386245296   -0.0503908155604
0.922627328508   -0.132546985215   0.362201752344
-0.0801735983234   0.852672291342   0.516257840338
-0.37726781843   -0.505352609856   0.776071989501
-0.961840483426   -0.239444164122   -0.132398552528
0.222722752642   -0.966249115389   0.129449690869
-0.158925957285   0.0950217831802   0.982707179592
0.189081802517   -0.124662542041   0.974016079215
0.260769967238   -0.94991893009   -0.172200611042
0.946703277772   0.286554142996   -0.147104136543
-0.340848835405   -0.24191723752   0.908459201942
0.854131605948   -0.483422935987   0.191732795012
0.392786546516   0.841295616982   0.371403303329
0.623325112155   0.514458677844   -0.588895638759
0.188864108284   -0.829850612693   -0.525050768226
-0.758812330659   0.216056079305   -0.614429505668
-0.349134515087   0.0944090900977   0.932304678784
0.800016663004   0.548079923278   0.24409370458
-0.487932812272   0.831080815208   -0.26688246346
0.746105879367   -0.296151135656   -0.596339267216
0.488958576386   -0.364216016597   0.792632451917
-0.451935313239   -0.882972931694   -0.126938073657
-0.993233734257   -0.0168415629765   0.114904790545
-0.105970443947   -0.273325290519   -0.956066708223
0.0475080429342   -0.961774218473   0.269691191064
0.725522429573   0.617939739807   0.302931811063
0.269360637806   -0.660042120422   0.701276868341
0.633294600473   -0.427194191482   -0.645324005269
-0.505441572332   0.394342444714   0.767478242855
-0.851206486813   -0.0821813737363   -0.518356767698
-0.141337658698   -0.9152815185   0.377204729724
0.375590407896   0.873789321714   -0.30890786127
-0.434427652117   -0.128435220063   -0.891502669275
-0.818660161833   0.469037968085   0.331359206785
0.726942015563   0.664674946267   0.172518178215
0.566995685588   -0.722699780664   0.395247921629
0.387390240627   -0.189505258063   -0.902228662055
0.60746487007   -0.792202441333   0.0583242966279
-0.741113190137   -0.538799096531   0.400558076916
-0.285898008099   -0.286549865686   -0.914413201699
0.483454468805   -0.844046903647   0.232070250216
-0.798317505841   -0.316364241843   0.512447876716
-0.359111314859   -0.433010959361   -0.826765125422
0.638123086608   -0.693796225549   -0.333834874978
0.0399897693736   -0.403137451762   0.914265286081
-0.768895145441   -0.596763765992   -0.229506563994
-0.182175248604   -0.582168166686   -0.792396620698
0.336947183938   0.720125144471   -0.606536372805
0.923730899143   -0.377491724409   0.0649709471234
0.889185817249   0.446866549708   0.0982795459622
0.331025411588   -0.480008064042   -0.812412724751
-0.315865096656   0.754918899754   -0.574740546254
-0.239143702374   0.793039994667   0.560265880162
0.631085016481   0.56546168905   -0.53102239142
-0.737930885373   0.226584741488   -0.635702259975
0.111654093888   -0.0303839974921   0.993282525777
0.877267522023   -0.466539245022   -0.112884133778
0.466835150907   0.883978475728   -0.025436122477
0.0217344127843   -0.713521005184   -0.700296644618
0.968343120563   0.189252639016   -0.162772969143
0.248674920647   -0.674589663267   0.695046451724
0.118330084442   -0.520441716211   -0.845658566529
0.991200791533   0.011031162463   0.131906422582
-0.0593210079122   -0.853825938633   0.517167559441
-0.389192919003   0.317311467308   0.864778760442
0.54028999374   0.838988534615   -0.0646912780008
-0.746066749334   0.442053923747   -0.497968607483
-0.0896254608467   -0.995791765539   -0.0191320791481
-0.953535340064   0.0802427923904   0.290398776716
-0.287641499121   0.0442702377891   -0.956714437034
0.479031151609   0.111973214349   -0.870626874761
-0.231649041768   0.972796603327   -0.0023430756897
0.846680504816   0.202802287522   0.491938364981
-0.833473711267   -0.447905001655   -0.323577938244
-0.228872175584   -0.253160408647   0.93996134747
-0.502930511969   0.857491059421   0.108489553157
-0.700607903288   -0.129258289413   -0.701741305944
-0.334613649334   -0.809099397926   0.483106478899
-0.630223985206   0.573280436517   0.523609844806
0.0785268751436   -0.283580777955   -0.955727718681
0.665505902851   -0.698878787023   0.262050251516
-0.742250242944   -0.656620425683   0.133843914415
-0.894415185577   0.428916997157   0.126695245997
-0.447207051275   -0.854406542984   -0.264566272596
-0.00522772404606   -0.293291099175   0.956008892242
0.484287551957   -0.870633043332   0.0863925394828
-0.549874335707   -0.226078893414   0.804068746366
-0.680517289971   -0.436905525041   -0.588225960188
-0.595670956516   -0.155785163223   -0.787976582446
-0.457248758753   -0.740776918424   0.492110891719
-0.660378440125   0.653437479832   0.370026723047
-0.344583195321   -0.898850430357   -0.27079572624
0.938361705357   -0.338154330906   -0.0716167467116
-0.0271980040164   -0.278782266898   0.959969122545
0.641465348342   0.372994772579   -0.670370872357
-0.53718826369   -0.405452588433   -0.739619475059
-0.547677803302   0.834555629159   -0.0597153716285
0.753144738152   -0.565881684102   0.33548609955
-0.492485098638   -0.823102773107   -0.282772439469
0.436155283143   0.0477466700517   -0.898603819536
-0.68364398236   -0.389075230423   -0.617455561522
-0.633315785445   -0.104177672695   0.766849482244
-0.362687222396   0.915296387835   -0.175187046118
-0.896604287507   0.205225582471   0.392406946834
0.0804937655942   -0.795837960131   0.600135563781
0.435455514748   0.569670432368   0.697032347285
0.576653251342   0.157894413967   0.801586166145
-0.36910717483   -0.824954872477   0.428029615641
0.728855898793   -0.542695874698   -0.417432948364
-0.447065927142   -0.47249890173   0.759524090897
0.420442508249   -0.860460182454   -0.287813084604
0.78953160421   0.19066479034   0.583341052626
0.779852987523   0.123733608987   0.613611694689
0.193344990656   0.884721633326   -0.424128926287
-0.595354543479   0.449396957636   0.666029535402
-0.64560217508   0.51526563772   -0.563648076477
-0.0408314053692   -0.760308834765   -0.648277156866
-0.762581554896   -0.395514599431   0.511896057583
-0.584098358045   -0.375267757306   0.719724404516
-0.539302884064   0.842110696879   0.00140479264478
-0.606614793233   -0.387328910009   -0.694258459151
0.585495206859   0.521585069392   -0.620600014608
0.0618698949029   -0.792051085206   -0.607311447717
-0.80831149865   0.317181484028   -0.496012527402
0.917249749922   0.385992269552   0.0982998683287
0.368776883031   -0.91622728821   0.156624285733
0.150520785307   -0.107412867876   -0.982754277022
0.680158084326   0.73200045908   -0.0395007371044
0.306758307642   -0.235265554525   0.922252383866
0.665796005559   -0.639394593941   -0.384564990895
0.228551240344   -0.186034353541   -0.955591727591
0.791740677333   0.606687511886   0.071252808908
0.566490097348   -0.772865759511   0.285950148423
-0.28312956918   0.239095788158   -0.928800759658
-0.31861094138   0.889979733701   0.326225599292
0.904613019522   0.388290197772   -0.175801044436
-0.166768475118   0.114982287833   -0.979268782915
0.0216827299913   -0.992509309186   -0.120229490551
-0.985757645127   -0.0412837094123   0.163026134132
0.564535301735   -0.819462497288   -0.0988994875236
0.349444547877   0.128728212461   0.928071955872
-0.74778900838   -0.558489268343   0.35902832213
0.200413160597   0.889151343405   -0.411393307652
0.334667471199   0.332520827762   0.881718539459
0.920778067061   -0.31438795719   -0.230928481554
-0.47339082802   -0.606762988311   0.638545064943
0.151437122063   -0.770185161067   -0.619581807136
0.867737242492   -0.196604917764   0.45648503185
0.172565676345   0.479754878397   -0.860265275367
0.792580561611   0.450928056634   0.410463081283
0.584839414459   -0.752661374321   -0.302429685879
0.232574447983   0.536909170091   -0.810948623045
0.35250785326   0.730582167421   0.584797323897
0.906447648536   -0.421874673001   -0.0193499546504
0.267077868597   0.256608796184   -0.92888176741
0.778429368476   -0.625658897172   0.0509770799928
-0.568081975071   -0.736683697465   -0.366851467884
0.948392666908   0.309102886822   -0.0707584250305
0.260246270161   -0.886222456658   -0.383251400758
-0.181171819613   0.345058201865   -0.920929752535
0.739851194503   0.58775988176   0.327350777281
-0.00995809894175   -0.476950659585   0.878873656783
0.672696845732   -0.653495516217   -0.347019544156
0.606948149462   0.0140035425563   0.794618049544
0.356315929251   -0.898518176981   -0.256328001196
0.710389261199   0.438712874704   -0.550343630055
-0.7500353966   0.527179191248   -0.399410821288
-0.197624929757   0.397670209371   0.895992629276
0.631182454593   0.750959722551   -0.194082982562
-0.776489998224   -0.41237743143   -0.476453708881
0.377270928397   -0.909866705282   0.172653483042
-0.504707766182   -0.0456884303472   0.862080412773
0.0323476718153   -0.97386075253   -0.224830742584
0.911084128918   -0.0637596667486   0.407259640684
-0.410949313373   -0.218013622461   0.885206598631
-0.627821930142   0.562780874468   0.537696300309
-0.644001821499   0.0123992353562   -0.764923468635
-0.437151321557   -0.826513125302   0.354647396388
0.993499197258   -0.113473545859   0.00911588932944
-0.00619268518164   -0.133829758464   -0.990984987979
0.113670557746   0.984486338219   -0.133662463549
-0.460759028061   -0.886860529536   0.0343441292182
-0.863274088521   0.438849217044   -0.249337547889
0.206055735537   -0.144532923072   -0.967807453991
0.106825444803   -0.986053885236   -0.12761684745
-0.030557663966   0.125034701807   -0.991681679027
0.993808106988   0.109836509206   -0.016774615641
0.367196545582   -0.338404596909   0.866400037918
-0.845128823777   0.267660126942   0.462725974704
-0.388489341081   -0.902131024428   -0.187711604943
0.423810494197   0.224318656859   -0.877533933927
0.447770056481   0.790286429389   0.418269453873
0.787328801409   -0.570200403112   0.234488504544
-0.450460533499   0.205922721071   0.868723857567
-0.880824097897   -0.261321378448   -0.39479114191
0.145719649753   -0.943030736568   0.299096662574
-0.778288316435   0.620050967204   0.0990156279053
-0.612207667104   -0.784376546086   0.0997757800732
0.139531605163   0.0170361973274   0.990071057622
-0.606225200892   -0.741496566482   -0.287530603065
0.75109125491   -0.652656073047   0.0995086785806
-0.26144393778   -0.155637052818   0.952588145627
0.0272710077174   -0.726385759087   0.686745965503
0.842666889933   -0.352863457126   -0.406693856895
0.537744181511   0.589789038234   0.602478286439
0.992087409893   0.112355502359   0.0560251034843
-0.0807164631555   0.228998711788   0.970074452078
0.0961635258636   -0.966920798767   0.236255677613
-0.753576521662   0.11464132562   -0.64728648407
-0.00978137236798   0.982610977957   0.185418420748
0.657287418679   0.146058318688   -0.739351213421
0.724875188044   -0.572364205555   -0.383347333313
-0.375545644143   -0.794846692087   0.476638442893
-0.577513143507   -0.201538959701   -0.791113529652
0.0599101896231   0.914280792363   -0.400626262115
0.869297151445   0.149486584743   0.471143527465
0.490645729289   -0.376489566521   -0.785825918783
-0.384641975233   0.845920388623   -0.36941744274
0.914128963288   0.40463758958   -0.025232113998
0.1281358239   -0.34740051412   -0.928920929586
-0.970319163943   0.235947363381   -0.0530052997134
0.14964159736   0.413644605582   -0.898056530856
-0.189968714329   -0.879333259912   -0.436674828207
0.586007878722   0.739882609887   -0.330406552087
-0.805017694769   0.485080526807   -0.341530955584
-0.0924190304278   0.466122951697   0.879879603535
-0.654066948202   0.190245881988   -0.732122210875
-0.375772854129   0.758269139042   0.532750105468
0.656499192207   0.62356588839   -0.424469543628
-0.801207719384   0.475630435255   -0.363100371053
0.417824236573   0.0102987289501   -0.9084695061
-0.428356274299   -0.879584916447   -0.206981344636
-0.973990123965   -0.143054429053   0.17572327321
0.187733744453   -0.075206275188   0.979336539381
-0.12688293665   0.986853305462   0.10010631292
-0.595637206858   0.496741580619   0.631240144391
0.663161065012   0.747536778523   0.0374988880818
-0.453247967075   0.44094961939   -0.774680394422
0.934849285698   0.354527087612   -0.0191665640957
-0.350142784076   0.911658096053   -0.215126815298
-0.0587949299636   0.20782218373   0.976398021383
0.997483604224   -0.0544367186041   -0.0454213933354
-0.0206851533399   0.389330949808   -0.920865644898
0.0678128581924   0.919487930964   0.387225207179
-0.847421240552   -0.403862707664   0.344633362313
-0.521989856213   0.515211920328   -0.679767068313
0.0969733523833   -0.755944171556   -0.647413761375
-0.341415505731   -0.777737507367   0.527787667609
-0.414403408664   -0.379448568499   -0.827217383009
0.843626260458   -0.501141849677   -0.192747449186
0.422594082172   0.265192440468   -0.866652878165
0.376239589529   0.818613701317   0.43395319942
0.824535028355   -0.50945517716   0.246165410814
0.187583833339   -0.388979043336   0.901946566774
-0.950183489883   -0.304565230569   0.0662673062792
0.24892497067   -0.869445411842   -0.426732978341
0.0485836166973   -0.580548289197   -0.812775071037
0.997865745073   0.063756898747   0.0141071851125
0.0436301157257   -0.811725779911   0.582406791881
0.985989969062   -0.0733091364851   0.14983174369
0.135582451656   0.875463044078   -0.463876985048
-0.0971657332216   0.477692609281   0.873137212199
-0.610908054254   -0.126274716164   0.781566404923
0.323564964816   0.861164274237   0.392048219383
-0.722562843489   0.492392921188   -0.485234117075
-0.822846129563   0.563107379049   0.0763827645706
-0.021059832016   -0.164539717815   0.986145610312
0.567873868511   0.80983749044   0.147249816773
-0.943134048762   -0.0300062475807   0.331055571123
0.232818266934   0.651219527713   0.722294109977
-0.237263188564   0.758295952667   -0.607201307246
-0.590507444755   0.18289140241   -0.786035427073
0.524145063005   -0.653688361104   -0.545860311329
-0.613655367952   -0.734331166083   0.290146218142
0.287730397111   -0.111898988792   0.951151846387
0.748087279905   -0.593844756876   -0.296165201155
0.597977123494   0.796760328479   -0.0871569775691
-0.225914704992   -0.826030223033   -0.516368682923
-0.226507893452   0.560086784688   -0.796866969965
0.94744747626   -0.0630623838243   -0.31363420648
0.954774258354   -0.143421991317   0.26045392681
-0.189135970663   0.382937087651   0.904205049479
-0.229420356955   -0.912572911776   0.338492216316
0.997818222942   -0.0314504792511   0.0580487839604
0.0364281197821   0.995560804356   -0.086785234448
-0.0550616568362   0.0887104964699   0.994534394459
0.893758348758   -0.385713930261   -0.228955842965
-0.207559252787   -0.808138570544   0.551208860035
-0.39763698345   -0.445125616878   -0.802339089532
0.837857195764   -0.545594898321   0.0179311581437
0.545233076529   0.838008483334   0.0215098609525
-0.0267621330397   -0.0082455312585   0.999607822823
