-0.506207837449   -0.798494572994   -0.325822102081
-0.0829906823361   0.421152688115   -0.90318489798
0.858409093586   -0.430159075451   -0.279458400941
-0.172928666467   -0.855990506537   0.487212406485
0.698486399702   0.242176142288   0.673399929862
-0.694415168142   0.456761391566   0.556018529754
0.79057857366   0.20339529735   -0.577594902925
0.270013980506   0.730794296125   0.626922760061
0.549616201727   -0.651590400303   0.522830738415
0.952680269096   -0.159133851333   0.258991741635
0.0494659618122   0.921822032751   0.384444090287
-0.299922362449   -0.353441023786   0.886073371233
-0.60774453622   0.751044256779   -0.258029267825
0.296413165885   -0.0869024817305   -0.951097888631
-0.736739990624   -0.654507817393   -0.169804897416
0.558451333134   -0.725671420569   0.401911803621
0.550596201099   0.686644644935   0.474724082933
-0.620464287333   -0.0438191847341   0.783009544765
0.23554126592   -0.951288496569   -0.198923373046
-0.790970933856   -0.0687112240746   -0.607983346385
0.564699295062   0.30054777321   -0.768625879199
0.946426103909   -0.193653462545   0.258410460864
-0.103894921336   -0.940286984258   -0.324139217862
0.305750674832   0.279926282582   -0.910031758325
-0.995674417109   0.0757273351028   0.0538314576458
-0.0866986570834   -0.54896275886   -0.831338217722
-0.0334035622945   -0.832409310438   0.5531536332
-0.98670960308   0.0319903494511   -0.159313454331
0.0255858929283   0.998786116026   0.0420910503195
0.160466573691   0.0374554665694   -0.986330353762
-0.876013677794   -0.252163698231   -0.411112521837
-0.479312827914   0.360690675016   0.800100899858
-0.0534719488573   0.897950837324   -0.436835260064
0.889018547343   0.0140892531721   -0.457654362402
-0.450567645772   0.204733644913   -0.868949326039
0.0814543986766   0.978716316195   0.188360169225
0.221877570835   0.652111272824   0.724928431927
-0.348644238547   0.747367433526   -0.565587406359
-0.910613825114   -0.127250961333   0.393178908834
-0.475117423561   0.778251540907   0.410594657667
0.842463112936   0.267630036101   0.467578942125
0.25400656915   0.568065755747   -0.782803909019
-0.825384962768   0.556903883687   0.0927239320279
-0.536119052181   -0.824626803227   0.180463285152
0.176963344015   0.099240615343   0.979201345557
-0.00512773707232   0.5515282423   -0.834140458351
0.492528578381   0.727348770416   0.477890537312
0.870281164791   -0.408387517097   -0.275373074372
0.706326869761   -0.702037422132   0.0908064478955
0.700565738608   0.674847635114   -0.2319230805
0.101538164952   0.227429389715   0.968486382843
-0.163104552135   -0.932520067364   0.322185085063
-0.966708752483   0.21631047151   0.136689311167
-0.197157533321   -0.28916449277   -0.936756533565
0.0644047267322   0.930677634475   0.360126605326
0.863927914803   -0.232624945446   0.446670116284
0.499480319131   0.282355760425   -0.819020534148
0.939974746191   0.0378659413911   -0.339136619972
-0.00980642371559   -0.990416524547   -0.137764080795
-0.341103079108   0.132820474273   -0.930595191819
0.823944355459   0.149386303923   0.546625494564
-0.552713004508   -0.000918174252105   0.83337116077
0.124996134958   -0.98877848336   0.0818112283815
0.171875165774   -0.687032555057   -0.706006512492
0.983713452509   0.0814301764216   0.16024034985
-0.0526001021138   -0.722049440592   0.689838991793
-0.46976547616   0.387868552316   -0.793018526601
-0.845154244038   0.0619021055246   0.530926014729
0.255019021236   0.919633685473   0.298729281042
-0.252913433832   0.886135957458   0.388327001235
-0.176291291221   -0.436866189065   0.882082373416
0.951291845664   0.154631813519   0.266707380139
0.14230933641   0.767693664066   -0.624815565526
0.632806142852   -0.555953134402   -0.538955005466
-0.761120514991   -0.318688798831   -0.564918588081
-0.149484917893   0.450562864397   -0.880140536817
-0.923027424052   -0.382735846874   -0.0391617921643
-0.35450618298   0.806539755216   0.473095116743
0.936358567886   0.150844125232   0.316983725497
0.0477859916043   0.839796127761   -0.540794751088
-0.347777416393   0.521525180295   0.779142063404
-0.0622219034222   -0.865453988454   -0.49710947346
-0.0217539676729   0.499132255675   -0.866252709222
0.997825235011   -0.0430857889969   -0.0498840170947
0.922600212641   -0.13502005442   0.361356378856
-0.0777100620797   0.852488969564   0.516936846261
-0.37784916817   -0.505007070916   0.776014087783
-0.962152123551   -0.237270821774   -0.134036742278
0.220186927212   -0.966671060818   0.130632221381
-0.160564654364   0.0961749307899   0.982328547105
0.187532364382   -0.122658361726   0.974569924945
0.262216653269   -0.949914819513   -0.17001253606
0.946611873504   0.287431316957   -0.145976706958
-0.341937571804   -0.241508389156   0.90815879391
0.854517534253   -0.482011285007   0.193558530632
0.390996778302   0.842222547248   0.37119092158
0.622604325445   0.516310524835   -0.588036815073
0.189468317793   -0.828551280249   -0.526881896207
-0.759253324319   0.216624601425   -0.613684097535
-0.350997138711   0.0943812083781   0.931607855335
0.799012472638   0.548949220278   0.245425797596
-0.488241822447   0.830510048742   -0.268091368292
0.74469152896   -0.297664401588   -0.597352852778
0.488783320788   -0.366203522784   0.791824377764
-0.454450648602   -0.881641017608   -0.127215266604
-0.993129708546   -0.0122038843163   0.11638061355
-0.108661061463   -0.272936322994   -0.955875795965
0.043429894365   -0.961954691655   0.269735083883
0.723857724962   0.619188470093   0.304361023321
0.270934001846   -0.660796904368   0.699958725798
0.634527194576   -0.424208780769   -0.646082153957
-0.505318261568   0.394590921505   0.767431729336
-0.851128735954   -0.0813095987524   -0.518621850661
-0.142243907983   -0.915252289708   0.37693489733
0.375396385307   0.873901308172   -0.30882690536
-0.433485054047   -0.128972250197   -0.891883886275
-0.819248595859   0.468681834782   0.330407439276
0.726625477765   0.665029750043   0.172484337317
0.566547464642   -0.722021530555   0.397125773179
0.388637858899   -0.190841140672   -0.901410158395
0.607441835242   -0.792455692243   0.0550308334512
-0.740517174734   -0.539833395856   0.400267683736
-0.287486922698   -0.283890613707   -0.914744439025
0.484541714916   -0.844059910696   0.229743756526
-0.797195764526   -0.317947815552   0.513213502948
-0.360136417942   -0.431824100465   -0.826939965614
0.637632497985   -0.693298404586   -0.33580071428
0.0411802016922   -0.404611616993   0.913560961503
-0.769239227095   -0.596344499088   -0.229443347924
-0.183280292182   -0.58361383143   -0.79107725935
0.335839051249   0.719122326469   -0.608338073138
0.92391583283   -0.377171016035   0.064199365333
0.88869007994   0.447528334413   0.0997413239979
0.332475867219   -0.479181484908   -0.812308378782
-0.315736820046   0.75505198127   -0.574636203217
-0.239554597658   0.792395260821   0.561002090343
0.631028704044   0.566208787264   -0.530292734156
-0.737845762618   0.226974359463   -0.63566207275
0.110276575379   -0.0282477188464   0.993499443031
0.877151100903   -0.46729312458   -0.110648460924
0.467381025617   0.883651063543   -0.0267539677929
0.0188732988554   -0.715380437662   -0.698480227351
0.968109282821   0.187629637249   -0.166010649484
0.249816362768   -0.673072023365   0.696107632667
0.11636904872   -0.52179013285   -0.845099580973
0.9915627954   0.0121088784507   0.129060442588
-0.057109257379   -0.852987943832   0.518796781407
-0.390702827633   0.315945464546   0.864598036033
0.540799995578   0.838851651097   -0.0621552269315
-0.744907152108   0.443290391149   -0.498605017877
-0.0872808122709   -0.995981390596   -0.0200780824811
-0.953213141919   0.0776432651479   0.292157884455
-0.289424888151   0.0446384695521   -0.956159317873
0.479409121434   0.107656466829   -0.87096324804
-0.230981667396   0.972933778247   -0.00687985999681
0.84664890221   0.204474810909   0.491299998057
-0.833567217072   -0.450130394881   -0.320231669618
-0.224048117818   -0.254396175071   0.940789576373
-0.5049436954   0.855958651871   0.111205443942
-0.699928307345   -0.12804218519   -0.702641845743
-0.335979433001   -0.809117574215   0.482127132298
-0.630252477328   0.57352763657   0.523304753383
0.0788365078369   -0.280936399408   -0.956482903412
0.66537997502   -0.699637773014   0.260339154591
-0.742330313185   -0.656948800181   0.131772455645
-0.893697953822   0.430401943473   0.1267206944
-0.448634856213   -0.85375660752   -0.264246893844
-0.00554374651387   -0.293008228843   0.956093847227
0.484940410388   -0.870341322779   0.0856666810134
-0.55028163087   -0.227532479449   0.803379796561
-0.679722682496   -0.436732129181   -0.589272536473
-0.595253784722   -0.153754904715   -0.788690282082
-0.458888508819   -0.740675912191   0.490734683483
-0.659616758616   0.654032585102   0.370333781036
-0.34529800863   -0.898974508613   -0.269470069025
0.938142310587   -0.338484155021   -0.072921066132
-0.0256571690237   -0.277980772112   0.960243927351
0.64137080194   0.374310320961   -0.669727764126
-0.536595149632   -0.405061781827   -0.740263870721
-0.548369528521   0.834156302215   -0.0589416971604
0.752607104597   -0.564710660132   0.338650876927
-0.490923622783   -0.823965652989   -0.282974555903
0.438835439207   0.0467169458332   -0.897352207479
-0.682667850221   -0.391400184013   -0.617066043653
-0.634035908761   -0.102530771229   0.766476292753
-0.36326721938   0.914490752772   -0.178167310184
-0.89694978224   0.206068151976   0.391173880621
0.0789454843986   -0.795880466237   0.600284844016
0.435027238954   0.569306771612   0.697596660804
0.57689074055   0.159245726648   0.801147846538
-0.367912931376   -0.825026427332   0.428918954035
0.729271656102   -0.542192025714   -0.417361544537
-0.44782618294   -0.472750159175   0.758919624778
0.420915420172   -0.860320320203   -0.287539833253
0.788848476537   0.190673106772   0.584261796988
0.777857916017   0.122732632097   0.616339000477
0.195168766798   0.885071463837   -0.422560831559
-0.59736606445   0.44898241048   0.664506267934
-0.646797420829   0.515007304665   -0.562512731012
-0.0417703932698   -0.760379379838   -0.648134579361
-0.761517124335   -0.395715396287   0.513323479383
-0.583259136542   -0.375614217005   0.720224089866
-0.541090006996   0.840964595215   0.000392333015146
-0.605830326056   -0.389477226008   -0.693741382975
0.586123462845   0.523499664186   -0.618390966865
0.0629948545332   -0.790370682903   -0.609381515891
-0.807769109712   0.318217355285   -0.496232586788
0.916335735613   0.388399678265   0.0973370924272
0.371298860904   -0.915221965706   0.156543634111
0.14988654219   -0.107305374576   -0.98286295131
0.67897958067   0.732980750304   -0.0415445389395
0.307860548617   -0.23289387571   0.922487032571
0.666489768592   -0.639139783099   -0.383786041985
0.228489409328   -0.187746922672   -0.955271523103
0.791943029117   0.606544465174   0.0702143176274
0.566232133015   -0.772563851596   0.287273853227
-0.281266757383   0.23631421372   -0.930077740614
-0.322313396723   0.889637535512   0.323510633056
0.903882229875   0.390769302533   -0.174058227941
-0.167226542353   0.116837479936   -0.978971034717
0.0250575596799   -0.992128893175   -0.12268813321
-0.985600021426   -0.0450473374316   0.162982622247
0.564101793761   -0.81931389083   -0.102537381322
0.352577375051   0.126716531676   0.927163478143
-0.746644735384   -0.559166941882   0.360352563789
0.20100051818   0.889159163463   -0.411089739255
0.332924350915   0.332669004026   0.882322339243
0.92128180719   -0.314209031999   -0.229156095165
-0.473977779399   -0.605275187313   0.63952092402
0.149878498013   -0.771143706535   -0.618767985359
0.867687443997   -0.197431840124   0.45622271758
0.17125728473   0.480610389134   -0.860049182479
0.791508846316   0.452696891792   0.410584060048
0.586672556568   -0.751052047476   -0.302879734137
0.230680221234   0.536762941464   -0.811586212428
0.352304853413   0.731415653551   0.583877069255
0.907010433122   -0.420614653111   -0.0203810646346
0.265348042263   0.257766552263   -0.929056952507
0.779151333899   -0.624905690719   0.049153602013
-0.567902822101   -0.736918775878   -0.366656654661
0.947998319086   0.310773048016   -0.0686971588761
0.262620063363   -0.885724882107   -0.382782099289
-0.179805142669   0.344835534485   -0.921280936971
0.739026781216   0.589553480324   0.325984831677
-0.00781504843072   -0.476354419218   0.879218626002
0.673630716093   -0.652313698406   -0.347431284151
0.606563747872   0.0139053652953   0.794913240916
0.358371276958   -0.897289882361   -0.257761313744
0.709683343202   0.441222741739   -0.54924679749
-0.750360823924   0.526844775401   -0.399240800211
-0.197704261945   0.397456884342   0.896069779592
0.630770686327   0.751307265852   -0.194076617729
-0.777691601055   -0.409561277714   -0.476922775138
0.375090040786   -0.911118837112   0.17079205474
-0.504483136439   -0.0460654366797   0.862191823547
0.0317315825119   -0.973212240496   -0.227708237925
0.910327811795   -0.065922347671   0.408604355276
-0.412669821703   -0.220254804773   0.883850348889
-0.627023842318   0.563253649684   0.538132351084
-0.645055913285   0.0118789072038   -0.764043035633
-0.436742452598   -0.826198655096   0.35588173937
0.993584819661   -0.112675406223   0.00966741807718
-0.0055437438057   -0.133910127978   -0.990977973786
0.112953410946   0.984567077683   -0.133675713943
-0.459065372911   -0.887731431604   0.0345237416286
-0.864184329713   0.437202047552   -0.249077927354
0.206020454502   -0.144177928123   -0.967867913183
0.107330269999   -0.986238595784   -0.125752317382
-0.0288535235197   0.123339847454   -0.991944936078
0.993804652496   0.110094115261   -0.0152183593905
0.368819939308   -0.341077580608   0.864660590276
-0.844496550844   0.265675444169   0.465018423268
-0.388326445123   -0.901710952785   -0.190052439199
0.425606095732   0.2223612863   -0.877162989205
0.448421167856   0.790126055794   0.417874708704
0.785988490688   -0.571188475296   0.236570958054
-0.450374564982   0.2060141229   0.868746759639
-0.880648412958   -0.262745912553   -0.394237185195
0.147041232217   -0.942614855921   0.299760086445
-0.778246850086   0.620232660049   0.0982002430757
-0.612236680273   -0.784200654278   0.100973170484
0.139635552993   0.0184602610497   0.990030873813
-0.607682843534   -0.740484864601   -0.287060493576
0.749578246538   -0.654203087388   0.10075104351
-0.262400483977   -0.153949620816   0.952599338788
0.0262419104792   -0.725829356935   0.6873740661
0.842000626835   -0.354589686123   -0.406572378433
0.538837922332   0.589438630484   0.601843662714
0.992172478941   0.111327323857   0.0565685336087
-0.0810197426076   0.2291771998   0.970007016675
0.0950240671593   -0.966997434358   0.236403021567
-0.7531439446   0.113491274268   -0.647992229412
-0.0128797834388   0.982273918305   0.187008183236
0.657729663229   0.149190080379   -0.738331910474
0.724525097697   -0.57248899355   -0.383822530698
-0.372590330329   -0.793805794576   0.480675364714
-0.579861904726   -0.205252802079   -0.788436084084
0.0580743187908   0.913796688668   -0.401998737905
0.868411875566   0.152385552668   0.471846858328
0.492430896546   -0.37650266283   -0.784702209127
-0.383963266726   0.845309686874   -0.371515468159
0.914175898157   0.404592440246   -0.0242360171104
0.129825409817   -0.348936227086   -0.928110377268
-0.970748496975   0.234637992891   -0.0509153013692
0.147251645597   0.414320092072   -0.898140197394
-0.1896425809   -0.879365608605   -0.436751437218
0.586462513848   0.739373453166   -0.330739499613
-0.804528770836   0.484463537978   -0.343552815833
-0.0937826036558   0.467570291103   0.878966919815
-0.654212680237   0.190367630482   -0.731960336549
-0.376806632885   0.757095898132   0.533687701232
0.655761031497   0.624952771253   -0.423569950861
-0.801913183865   0.475690745264   -0.361460316513
0.416521680936   0.0114091180528   -0.909054190538
-0.42830472196   -0.879538598866   -0.207284631006
-0.974243890471   -0.143007482447   0.1743493672
0.186169016636   -0.073820428047   0.979740599163
-0.127239691621   0.986964743224   0.0985426633956
-0.597482050654   0.494461355895   0.631286913117
0.660442439896   0.749930342812   0.0376863969454
-0.454786744234   0.439445614902   -0.774633183392
0.9353822728   0.353104175668   -0.0194279401051
-0.34896828716   0.912737597594   -0.212441080057
-0.057281221074   0.205493355282   0.976980727879
0.9974403111   -0.054387027242   -0.0464206533937
-0.0215915702406   0.389808656284   -0.920642718746
0.0681661931479   0.919288454596   0.387636566075
-0.846852929058   -0.40392222286   0.34595802408
-0.5229429985   0.514034856006   -0.6799255747
0.0968025664199   -0.756713290944   -0.646540221829
-0.341725906148   -0.775708158152   0.53056597935
-0.413540504933   -0.38284334584   -0.826084271322
0.843923963309   -0.501704919173   -0.189959254133
0.420679397513   0.262665815092   -0.868352183212
0.378721055302   0.818929431077   0.431190154324
0.824378072718   -0.510256069535   0.245029664988
0.190010780052   -0.387927584853   0.901891397217
-0.949586782906   -0.305936428331   0.068467828584
0.249360873424   -0.869433775931   -0.426502126695
0.0484478237287   -0.580127036854   -0.813083900644
0.997914035011   0.0628859031746   0.0145925292416
0.0426659946996   -0.812094812379   0.581963597318
0.984904409983   -0.075855692843   0.155593113794
0.141561511948   0.870262517936   -0.471808741135
-0.0996174760357   0.486712506249   0.867863638326
-0.613400095259   -0.126135992637   0.779634551888
0.322365965942   0.861197148051   0.392962665137
-0.720985788444   0.492370981629   -0.487596461545
-0.822339849765   0.564094442481   0.0745293998997
-0.0229525475659   -0.163763563208   0.986232566855
0.568533510049   0.809307701265   0.147616708488
-0.94384306389   -0.0309745179826   0.328938976078
0.230606817884   0.6512075328   0.723014000397
-0.23660254921   0.758267319921   -0.607494777959
-0.591299675181   0.184076140474   -0.78516282938
0.523430087527   -0.653060133976   -0.54729645064
-0.613502760876   -0.734594061996   0.289803254774
0.286770708992   -0.111605303019   0.951476125188
0.749408288566   -0.592571272735   -0.295375191506
0.596782856232   0.797749047675   -0.0862941448807
-0.224433728603   -0.826728749437   -0.515896381379
-0.227053163696   0.559194638434   -0.797338207539
0.947668909652   -0.0618136813441   -0.313213515797
0.955126671022   -0.144987880199   0.258285804678
-0.186411750681   0.383414048897   0.904568585745
-0.230181887886   -0.912125091039   0.339181539571
0.997659227649   -0.0337754312992   0.0594582687971
0.0390768564756   0.995140015035   -0.0903844553195
-0.0561165285435   0.0924963281215   0.994130456484
0.894146477543   -0.383898348932   -0.230486733639
-0.204008388669   -0.807474972716   0.553502254548
-0.398600870608   -0.447890864077   -0.800319386137
0.836226763093   -0.548093805863   0.0178320122716
0.547729165616   0.836375212745   0.0216625169247
-0.0267873444032   -0.00834766320558   0.99960629985
