-0.505201222472   -0.800376063202   -0.32275359373
-0.0839852777171   0.417811616828   -0.904643535306
0.858905232223   -0.429920469734   -0.278298745531
-0.174937947445   -0.856275159282   0.485993380759
0.697576581227   0.240549092237   0.67492447544
-0.694826329285   0.457087503462   0.555236333746
0.790483031868   0.202128773882   -0.578169988064
0.271506223087   0.730519900954   0.626597993242
0.549018166506   -0.652291831222   0.522584366172
0.952891623285   -0.158859610276   0.258381846296
0.0490817934122   0.921404525965   0.385492771769
-0.299313434092   -0.354650988655   0.885795769023
-0.60807083269   0.752049454735   -0.254305878942
0.291543783377   -0.0864096969004   -0.95264662213
-0.738411866647   -0.65341792286   -0.166712126974
0.555988723519   -0.729122283708   0.399070463351
0.55241127736   0.6828805706   0.478033374298
-0.62106225128   -0.045330141159   0.782449268859
0.236448139534   -0.951559152932   -0.196538687751
-0.788697080084   -0.0698214970827   -0.610804284868
0.567493782502   0.299433025929   -0.767001088529
0.946433047966   -0.192176007782   0.259485775622
-0.101768062679   -0.940181441043   -0.325118623484
0.306443709571   0.281295645097   -0.909376166893
-0.995583985506   0.0767769536838   0.0540169157415
-0.0874667931655   -0.549714426664   -0.830760861627
-0.0340894103284   -0.831816896018   0.554002313716
-0.986691283027   0.0276528749467   -0.160236171031
0.0216060660698   0.998991579727   0.0393573569237
0.161162929697   0.0353714877015   -0.986293753376
-0.874807713602   -0.254610001476   -0.412171337396
-0.481287335548   0.359365813104   0.799511546516
-0.055443348237   0.897791712771   -0.436916554523
0.889256991467   0.0124471745784   -0.457238527436
-0.449848495469   0.204784823688   -0.869309787769
0.0828150605331   0.978727870162   0.187705678967
0.223730685897   0.649803360759   0.726429743702
-0.347352769035   0.749543303247   -0.563498793612
-0.910653959543   -0.126255411388   0.393406834032
-0.477553975095   0.776742915601   0.410624699616
0.84083802613   0.268494144606   0.470002455446
0.254820750105   0.569720402808   -0.781335426011
-0.823842218674   0.55966620305   0.0897649145997
-0.539416425251   -0.822764876276   0.179130897771
0.174108928259   0.0991549269062   0.979721583702
-0.00551979845296   0.548118236675   -0.836382645952
0.491253790889   0.729996972983   0.475156955513
0.8709989924   -0.40825337483   -0.273294597784
0.703315406515   -0.704530490299   0.094785163379
0.703719575674   0.671142102858   -0.233124508761
0.100629010588   0.230662233601   0.967816478584
-0.159012888777   -0.933400700304   0.321680017835
-0.966994197284   0.212951954719   0.139905994871
-0.199090742182   -0.288815854227   -0.936455166425
0.0607658072025   0.931321196968   0.359093782671
0.86332632136   -0.229602315421   0.449388962481
0.500974230397   0.282707631364   -0.817986073015
0.940794989599   0.0416049984319   -0.336413156179
-0.00613714326526   -0.990185941229   -0.139621406903
-0.338920526108   0.133419735791   -0.931306636444
0.824844359108   0.150142742549   0.545058657492
-0.55133219001   0.000190179257869   0.834285790416
0.125158297792   -0.988664311428   0.0829353953518
0.168319984116   -0.688365008428   -0.705565020476
0.984279381292   0.0785194292044   0.158204926604
-0.0535021729604   -0.721102152548   0.690759873674
-0.466896316262   0.389416020955   -0.793954024163
-0.84596193064   0.0648459445555   0.529285759664
0.257597053107   0.918776450557   0.299154796272
-0.250156977432   0.887454283643   0.387099962653
-0.176910845902   -0.434977540349   0.882891325132
0.951905478104   0.152379243454   0.265812954763
0.140136489609   0.769021084523   -0.623673260481
0.633146957849   -0.553875239003   -0.540691362411
-0.761240234122   -0.319106238075   -0.564521491863
-0.144666776849   0.451601837834   -0.88041314378
-0.923569428276   -0.380939459005   -0.0436421783073
-0.355092994623   0.806809090577   0.472194934886
0.935953237217   0.147337892061   0.319817265491
0.051987293089   0.840478332203   -0.539345431477
-0.348265500876   0.521428536485   0.778988717658
-0.0612651607123   -0.867041688674   -0.494454538036
-0.0217450518237   0.496426967272   -0.867806095211
0.997884629005   -0.0424143403362   -0.0492675443854
0.922558177264   -0.138088579896   0.360302586259
-0.0746526686848   0.852250444749   0.517780029051
-0.378567548293   -0.504579749423   0.775941935876
-0.962564306555   -0.234536798786   -0.13587658283
0.217039448548   -0.967202498824   0.131959099883
-0.162369435302   0.0975285408641   0.981898340052
0.185605041937   -0.120206491262   0.975244158078
0.26401592007   -0.949893055437   -0.167328351401
0.946491607125   0.288536969367   -0.144568513001
-0.343317733323   -0.240985223065   0.907776985967
0.854964888225   -0.480292399142   0.195842414272
0.388803258587   0.843353623097   0.370926802107
0.621731813064   0.51859834776   -0.586945743937
0.190244189761   -0.826940765135   -0.529127696516
-0.759774111751   0.217312504608   -0.612795703684
-0.353312274866   0.0943258545739   0.930737916703
0.797758241003   0.550025695733   0.247090110983
-0.488622784304   0.829803812471   -0.26958005762
0.742949330815   -0.299443925429   -0.598631462057
0.488617797832   -0.368622141329   0.790803619469
-0.457470151467   -0.880029006594   -0.127553941807
-0.992963761026   -0.00659566584426   0.118234793868
-0.111979599945   -0.272455451397   -0.955629947312
0.0385167299373   -0.962145791549   0.269799809708
0.721816757754   0.620747900048   0.306027143913
0.272877275436   -0.661625556798   0.698419369105
0.636017736212   -0.42062295132   -0.646960409953
-0.505104523995   0.394891868084   0.767417638812
-0.851077087348   -0.0802558029789   -0.518870694374
-0.143308098972   -0.915215503916   0.376620990068
0.375183278094   0.874063783571   -0.308626003584
-0.43237063329   -0.129491707352   -0.892349445674
-0.819934840891   0.468235410853   0.329336388388
0.726185486758   0.665524550934   0.17242885758
0.566072417079   -0.721145135752   0.399389173368
0.390149532161   -0.192423401083   -0.900420222602
0.607475503913   -0.792701242042   0.0509730616233
-0.739733387856   -0.541168682243   0.399913706004
-0.28942706687   -0.28064425564   -0.915134293281
0.485876868239   -0.844067959401   0.226876505665
-0.795804026335   -0.319892499919   0.514164117927
-0.361413365246   -0.430369688069   -0.827141046626
0.637023179514   -0.692665861221   -0.338253563854
0.0426679535136   -0.406451733743   0.912675426359
-0.769662857688   -0.595827989303   -0.229364540981
-0.184594701801   -0.585404928518   -0.789446556604
0.334458118833   0.71789087256   -0.610549311557
0.924155053448   -0.376740978342   0.0632745796021
0.888044103105   0.448398363575   0.10157055914
0.334328742682   -0.478165139206   -0.812146779508
-0.315597786363   0.755180115729   -0.574544193296
-0.240059876505   0.791599702711   0.561908503549
0.630905730019   0.567144286956   -0.529438681627
-0.737786700559   0.227414310107   -0.635573375808
0.108501069907   -0.0256349231155   0.993765751345
0.87701397456   -0.46820809121   -0.107831682505
0.468053422438   0.88324630429   -0.0283188930264
0.0153650191416   -0.717643687859   -0.696240944977
0.967790552653   0.185671865881   -0.170021776298
0.251287409916   -0.671203021072   0.697381633055
0.113993179337   -0.523518370524   -0.844354233002
0.991984952295   0.0133463470557   0.125649231753
-0.0545106364332   -0.851909848953   0.520843738344
-0.39275880647   0.314348298179   0.864248614331
0.541350759377   0.838721019964   -0.0590457957263
-0.743424424715   0.444670887402   -0.49958775669
-0.0843121887824   -0.996215106064   -0.021140417967
-0.952847606611   0.0743990151169   0.294187397972
-0.291501103598   0.0449471800978   -0.955513923291
0.479873297334   0.102420416359   -0.871339013713
-0.230087191553   0.973091837731   -0.0123352999693
0.846629495582   0.206403327626   0.490526414738
-0.833637806296   -0.452646303858   -0.316479590997
-0.218504770845   -0.255970717776   0.941665894444
-0.507251094658   0.854160591016   0.114481490745
-0.69906252727   -0.126483534066   -0.703785122446
-0.337719203995   -0.809140813322   0.480870963429
-0.630283525264   0.573840622322   0.522924103435
0.0790777984538   -0.277734587842   -0.957397618813
0.665249723511   -0.700562649583   0.258175869085
-0.742421381131   -0.657324480547   0.129363905764
-0.892787795543   0.432289183048   0.126712329114
-0.450438294088   -0.852956825748   -0.263761249294
-0.00594098895283   -0.292558909673   0.956229046318
0.485820756329   -0.869940336092   0.0847467070795
-0.550757337094   -0.229392802698   0.802524328421
-0.678707999332   -0.436557846924   -0.59056980784
-0.594700937427   -0.151264198843   -0.789588460637
-0.460923511603   -0.740542491199   0.489025904407
-0.658695917305   0.654764049775   0.37068008801
-0.346219193667   -0.899100745987   -0.267862125919
0.937850311964   -0.338959812987   -0.0744515784144
-0.0238550264155   -0.276991143802   0.960576308249
0.641258091633   0.375976199186   -0.668902053787
-0.535853730507   -0.404534418698   -0.741088849997
-0.549225672576   0.833662882546   -0.057942720418
0.751936808575   -0.563286079279   0.342490625857
-0.489053927426   -0.825012417185   -0.283162087081
0.442060280934   0.0454236103868   -0.895834473349
-0.681451345254   -0.394194066856   -0.616632063476
-0.634923300331   -0.100628004706   0.765993738463
-0.364000641137   0.913501528364   -0.181709908723
-0.897383759488   0.207120156787   0.389619851728
0.0770099479688   -0.795922579243   0.600480404147
0.434478832766   0.568865967081   0.698297683925
0.577147729969   0.160931383988   0.800625747425
-0.366430624672   -0.825121156029   0.430004273439
0.729814425107   -0.541549783049   -0.417246614587
-0.448799917676   -0.473033551076   0.758167457393
0.421424000951   -0.860179182616   -0.287216965404
0.788023124861   0.190607012857   0.585396038023
0.775384773728   0.121504590856   0.619689508603
0.197399517452   0.885501666191   -0.420618865106
-0.5998432155   0.448467873514   0.662619561472
-0.648262369779   0.514742107897   -0.561067252909
-0.0429357855818   -0.760412393013   -0.648019684014
-0.760205510534   -0.395996912754   0.515047596678
-0.582200804955   -0.376083222434   0.720835371297
-0.543279163326   0.839551758527   -0.000771653942185
-0.60488839748   -0.39206409496   -0.693105888041
0.586833647699   0.525805969818   -0.615755107191
0.0643367281602   -0.78834084114   -0.611865592758
-0.807147480537   0.319447648755   -0.496453567182
0.915191811795   0.391389003252   0.0961176141847
0.374440830447   -0.913967580433   0.156388383238
0.149057076709   -0.107135008524   -0.983007669264
0.677495301   0.734208205107   -0.0440275899461
0.309276634154   -0.230054737743   0.922725734554
0.667344049715   -0.6387590541   -0.382934446237
0.228303496896   -0.189882075571   -0.954893874042
0.792208763519   0.606355780461   0.0688327139185
0.565935321666   -0.772190044535   0.288859389344
-0.278963253339   0.232896941813   -0.931632179447
-0.326848235307   0.889195708743   0.320158121294
0.902967183436   0.393814684907   -0.171930973326
-0.1678125947   0.118985041231   -0.978612023748
0.0291375474907   -0.991657082903   -0.125567644135
-0.985388216079   -0.0495861864896   0.162945615845
0.563479170002   -0.819183667174   -0.106908111994
0.35635065824   0.124262312965   0.926052420735
-0.745322368741   -0.559908025494   0.361935863989
0.201636237223   0.889109704356   -0.410885338579
0.330979335239   0.33297283313   0.88293927993
0.92184353742   -0.314027110323   -0.227137549733
-0.474685999856   -0.603432551805   0.640735793415
0.148095993095   -0.772360788777   -0.617678224311
0.86760634989   -0.198312801859   0.455994796295
0.169587206177   0.481539085881   -0.859860621421
0.790252918639   0.454873911081   0.410597186548
0.588846757726   -0.749139395431   -0.303396872313
0.228392911067   0.536488757419   -0.812413990117
0.352124675526   0.732456321291   0.582679972444
0.907659016955   -0.419150987789   -0.0216230981804
0.263147162841   0.259222940262   -0.929277696886
0.780042739378   -0.623971352362   0.0468302912134
-0.567703175464   -0.73719957859   -0.3664012635
0.947485219618   0.312878282095   -0.0661735536176
0.26556589989   -0.88506218659   -0.382282197708
-0.178175507354   0.344633292736   -0.921673142777
0.738023052262   0.591750068719   0.324274313662
-0.0051494841138   -0.475613067076   0.879639524601
0.674755850025   -0.650864092263   -0.347966199881
0.606059120182   0.0139141206673   0.795297893931
0.360967882709   -0.895774200508   -0.259404644054
0.708797947583   0.444291547241   -0.547914674518
-0.750709160883   0.526406829096   -0.399163633173
-0.197868713859   0.39731202911   0.896097719895
0.630304472333   0.751690762086   -0.194106337742
-0.779181912201   -0.406109136921   -0.47744205576
0.372370623761   -0.912644388747   0.168583327314
-0.504198042696   -0.0464283167714   0.862339112613
0.0309324337486   -0.97241265786   -0.231207282275
0.909431465227   -0.0685928390793   0.410157814119
-0.414701814077   -0.222954356902   0.882220924792
-0.626015858096   0.563835645013   0.538696121042
-0.646325890519   0.011355247072   -0.762976999397
-0.436310656136   -0.825808951136   0.357313010629
0.993681733722   -0.111747628063   0.010444122275
-0.00466477462348   -0.134096630163   -0.990957281449
0.112137647316   0.984647429998   -0.133770649447
-0.456917447241   -0.888830293768   0.0347441403258
-0.865312339699   0.435100517955   -0.248841503851
0.206060673518   -0.143764558064   -0.967920839053
0.107963917345   -0.986461513588   -0.123440166726
-0.0267991637782   0.121232985706   -0.992262247593
0.993793538605   0.110436612528   -0.0133475556153
0.370815694963   -0.344294874801   0.862529280404
-0.843707832375   0.263266413901   0.467811809278
-0.388140198843   -0.901194670699   -0.192860964285
0.427706507253   0.219971802851   -0.876743719455
0.449238677179   0.789940246509   0.417347598379
0.784379853502   -0.572369472366   0.239042742044
-0.450177513675   0.206182825307   0.868808867778
-0.880485402461   -0.264431017056   -0.393473878766
0.148612456525   -0.942106618046   0.300581865718
-0.778142937817   0.620516954149   0.097222826228
-0.612334793433   -0.783933258546   0.102443871934
0.139784366354   0.0201830562528   0.989976249798
-0.609510450749   -0.739209238199   -0.286472882815
0.747714881549   -0.656114336384   0.102158864035
-0.263475741458   -0.151933142375   0.952626292893
0.0249555624509   -0.725193514222   0.688092716742
0.841239078943   -0.356627654254   -0.406366248944
0.540087059614   0.588991581563   0.601161280262
0.992272870775   0.110106928388   0.057192781402
-0.0813601316297   0.229401702882   0.969925454711
0.0936753911373   -0.967083927607   0.236587400466
-0.752607085927   0.111964805749   -0.648880926277
-0.0167111164196   0.981872373408   0.188805140094
0.658257785978   0.152939610996   -0.737093048799
0.724131290475   -0.572580918539   -0.384428102355
-0.368991077352   -0.792582291164   0.48544710996
-0.582648658275   -0.20967690254   -0.785210887311
0.0558437366675   0.913204522611   -0.403657004099
0.867327482541   0.15590215796   0.47269181839
0.494595304369   -0.376499690606   -0.783341220586
-0.383251434742   0.844514449395   -0.374050374324
0.914200317559   0.404597687314   -0.0232054044437
0.131742617033   -0.350850475537   -0.927118021976
-0.971272010776   0.233015599878   -0.0483157458517
0.14424647645   0.414992324178   -0.898317496716
-0.189271326713   -0.879480017446   -0.436682108401
0.587121502053   0.738684320476   -0.331109976457
-0.803863859512   0.483852705358   -0.345961637884
-0.0953479795119   0.469288860085   0.877881955962
-0.654348644743   0.190421138025   -0.73182487066
-0.378092225221   0.75573446956   0.534707098089
0.654884814567   0.626582158789   -0.422517074137
-0.80280888715   0.475715344361   -0.359434002082
0.414927980634   0.0128393507196   -0.909763662695
-0.428173634873   -0.879505578273   -0.207695152055
-0.974575235278   -0.142942422399   0.172541515765
0.184126693835   -0.0721350426293   0.98025195549
-0.127673299485   0.987098779   0.0966205417873
-0.599780652904   0.491607825437   0.631335817431
0.657036967807   0.752903685937   0.0379270699765
-0.456689819612   0.437558893946   -0.774581579301
0.936074044011   0.351252771524   -0.019669128764
-0.347401090923   0.91409871818   -0.209131574484
-0.0554785197597   0.202595715448   0.977689679769
0.997388009838   -0.0543941219325   -0.0475230189615
-0.0225634516705   0.390382866182   -0.920376069028
0.0686152204743   0.919044339132   0.388135870835
-0.846156311847   -0.403988027045   0.347581889526
-0.524097763481   0.512509089405   -0.680188185425
0.0966490053547   -0.757712417268   -0.645392022326
-0.34211418051   -0.773154814626   0.534031384953
-0.412643644045   -0.386977759579   -0.824605018552
0.844205609152   -0.502473726887   -0.186646841024
0.418244784328   0.25954135823   -0.870465153668
0.381676699353   0.81938669055   0.427701237454
0.824253721589   -0.51112007857   0.243643320716
0.193004925258   -0.386651941598   0.90180340146
-0.948859320104   -0.307564008157   0.0712065413964
0.249830121238   -0.869427775577   -0.426239666828
0.048205237143   -0.579684773332   -0.813413682377
0.997977523492   0.0617371205898   0.0151456444549
0.0414381191255   -0.812498671696   0.581488427035
0.98344156763   -0.0797136134208   0.162752643272
0.1497372911   0.863301098901   -0.481964683655
-0.10208538931   0.498354243959   0.860942286578
-0.616456330595   -0.126012803372   0.777240224033
0.320826576264   0.861255564123   0.394092833264
-0.719063210318   0.492300341918   -0.490498188493
-0.821697491573   0.56533036795   0.0722136234811
-0.0253070797101   -0.162775343337   0.986338552079
0.569361733926   0.80864439816   0.148058951994
-0.944710179656   -0.0321130266016   0.326330246801
0.227911275321   0.65120061867   0.723874439958
-0.235752257754   0.758225894945   -0.607876932609
-0.592285890722   0.185506954325   -0.784082006903
0.522537599802   -0.65230422784   -0.54904794976
-0.613312221014   -0.734905683908   0.289416231948
0.285568328167   -0.11117269656   0.951888313558
0.750989645879   -0.591086308706   -0.294332341822
0.595369869686   0.798910262295   -0.0853059849582
-0.22260852679   -0.8275540933   -0.515363625475
-0.227840268072   0.558150338238   -0.797845230711
0.94791046837   -0.0601865648318   -0.312799170984
0.955547388004   -0.146910959455   0.255629339613
-0.183063092366   0.384024509546   0.904993414496
-0.231121382595   -0.911560390791   0.340059642486
0.997459708153   -0.036657447407   0.061076690812
0.0423465861375   0.994612422284   -0.094619744668
-0.0572791170798   0.0969657722506   0.993638134211
0.894653590916   -0.381620115161   -0.232295157002
-0.199696886365   -0.806712109776   0.556180479267
-0.399644974743   -0.451200243402   -0.797936234618
0.834241026456   -0.551116926082   0.0176647548555
0.550752496073   0.834385781445   0.0217268449508
-0.026713252287   -0.00839651760424   0.999607873441
