-0.504014904173   -0.802461476676   -0.319412828205
-0.0850214102314   0.414122406327   -0.906241685413
0.85950005013   -0.429602387131   -0.276950271344
-0.1772207098   -0.856614382033   0.484566425284
0.696505349996   0.238690085564   0.676688510675
-0.695322311913   0.457426325814   0.554335673584
0.790290406541   0.200661356281   -0.578943946704
0.273252703364   0.730279331124   0.6261190451
0.548428694941   -0.653013873228   0.522301491418
0.95313774453   -0.158711634713   0.257563694957
0.0488782485194   0.920946329734   0.386611917265
-0.298562148932   -0.355905148538   0.88554625428
-0.60844955567   0.753122985895   -0.250189740642
0.286339836564   -0.0856832451305   -0.954289201186
-0.740134201481   -0.652276129887   -0.163515180266
0.553250742965   -0.732953455742   0.395844473405
0.554458661913   0.678652917056   0.481669814709
-0.621682561794   -0.0470047858021   0.781857622891
0.237473730671   -0.951856183959   -0.193845382459
-0.786130863979   -0.0710954245144   -0.613957413273
0.570617640755   0.298186595394   -0.765166819972
0.946455975916   -0.190423896856   0.260691053086
-0.099300363583   -0.940080202313   -0.326172731864
0.307181580576   0.282821414899   -0.908653687512
-0.995472989474   0.0779631692962   0.0543624085299
-0.088449578443   -0.550553164   -0.830101129793
-0.0347879188962   -0.831151585358   0.554956613489
-0.986657225342   0.0227166274248   -0.161218716403
0.0170764527615   0.99919558959   0.0362845491106
0.161913292972   0.0330473687533   -0.986251467415
-0.873480053803   -0.257243424761   -0.413350234095
-0.483444367933   0.357893912297   0.798870133786
-0.057568556725   0.897628970098   -0.436976078657
0.889576210337   0.0106794324656   -0.456661927167
-0.448954191122   0.204782446089   -0.869772547306
0.0842276693016   0.978749252616   0.186964168299
0.225734363543   0.647273738798   0.728066414676
-0.345970307234   0.751904128954   -0.561199365087
-0.910685754598   -0.125207379673   0.393668094271
-0.480207126699   0.77511975742   0.410597707159
0.839053203391   0.269448785643   0.472638417603
0.255716322018   0.571477657982   -0.779757942621
-0.822106032816   0.56270317762   0.0866418184452
-0.543005198232   -0.820698310928   0.177762867701
0.171134524572   0.0990929681477   0.980251783045
-0.00603023224094   0.544342884276   -0.838841141479
0.489842931051   0.732927759535   0.472091942531
0.87178984807   -0.408053579375   -0.271062238536
0.69994056301   -0.707295042029   0.0990804308366
0.707201919869   0.66700487177   -0.234456702973
0.0997429335184   0.23417562759   0.967064177113
-0.154509561053   -0.934365317643   0.321073587717
-0.967295637894   0.209229519394   0.143395108444
-0.201161488498   -0.288417165579   -0.936135457156
0.0568017056122   0.932006100989   0.357963956227
0.862646504975   -0.226313759141   0.452352837813
0.502607773213   0.28310194302   -0.816846813157
0.941639801603   0.0457616056839   -0.333497165629
-0.00204668575708   -0.989919966753   -0.141613101444
-0.33661594602   0.134031096647   -0.93205438147
0.825870023178   0.150893308972   0.543295420672
-0.549759900132   0.00135065177929   0.835321631437
0.125310642097   -0.988549131327   0.0840705532873
0.164339468363   -0.689788210016   -0.705113299025
0.984894572017   0.0752177049029   0.155964671897
-0.0545455878042   -0.72009341213   0.691729901521
-0.463738531389   0.391041583673   -0.795005065609
-0.846889011627   0.0679249718408   0.527413689798
0.260241381205   0.917863104193   0.299669393616
-0.247144699334   0.888891488734   0.385734907478
-0.17760105298   -0.432894703591   0.883776013243
0.952563574556   0.149913631332   0.264855695747
0.137719887815   0.770474035804   -0.622417056846
0.633553563685   -0.551560278574   -0.54257823495
-0.761342967685   -0.319610730815   -0.564097390798
-0.139399387945   0.452741780868   -0.88067740433
-0.924149061815   -0.378937735277   -0.0485252957666
-0.355691329929   0.807112800444   0.4712245804
0.935508186036   0.143473546389   0.322861851797
0.0565628734993   0.841225326939   -0.537717947122
-0.348747867664   0.521301535392   0.778857903598
-0.0602089632736   -0.868785117663   -0.491515310106
-0.0217213931499   0.493432390855   -0.869512884743
0.997949428489   -0.0416760720535   -0.0485802758026
0.922499613658   -0.141521408926   0.359118578767
-0.0712350667519   0.851965146367   0.518730136622
-0.37936793231   -0.504110186557   0.775856231363
-0.963055306053   -0.231428771415   -0.137714201317
0.213509760159   -0.96780511794   0.133292295371
-0.164128181004   0.0989645262195   0.981462155537
0.183434978868   -0.11750197858   0.975984064192
0.266040006494   -0.949847063754   -0.164357142903
0.946347887128   0.289799655811   -0.142974948923
-0.344885352588   -0.240388463689   0.907340884175
0.855437061564   -0.478393172407   0.198412213072
0.386369676958   0.844602485859   0.370627998953
0.620776703738   0.521145752018   -0.585699060312
0.191138118234   -0.825139942625   -0.531611037173
-0.760330522769   0.218062331087   -0.611838472071
-0.355902801427   0.0942512016359   0.929757982986
0.79634654974   0.551229124331   0.248955066641
-0.489045364617   0.829013367491   -0.27124060881
0.741012937891   -0.301324723732   -0.600086024454
0.488487100953   -0.371281530673   0.78963939693
-0.460738730823   -0.878267291802   -0.127931177087
-0.992733674368   -0.000488009434034   0.120331266188
-0.115665654088   -0.271913926574   -0.955345106754
0.0331859645038   -0.962321452729   0.26988166551
0.719564866579   0.622494174269   0.307778176268
0.275033548423   -0.662439095633   0.69680053948
0.637638573196   -0.416743863276   -0.647874681087
-0.504800605527   0.395217706167   0.767449876795
-0.851067897608   -0.0791103042893   -0.519061647029
-0.144429160218   -0.915174586889   0.376292031793
0.374971398312   0.874273707313   -0.308288720437
-0.431182354731   -0.12991194494   -0.892863182985
-0.820657192387   0.467726812641   0.328258132147
0.725644809457   0.666133165393   0.172354914266
0.565624183281   -0.720130315675   0.401847746956
0.391802110504   -0.194110624155   -0.899339853334
0.607583309645   -0.792896199557   0.0464557700297
-0.738804981018   -0.542726294587   0.399518922189
-0.291564267125   -0.277062783305   -0.915547099959
0.487354579956   -0.844068189526   0.22368371605
-0.79424437324   -0.322047737078   0.515229202025
-0.362851745169   -0.428758844192   -0.827347849792
0.636339855266   -0.691939961023   -0.341014191698
0.044340049557   -0.40852751634   0.911668376329
-0.770133461554   -0.595251508803   -0.229281688458
-0.186000572228   -0.587404319109   -0.787629324633
0.332907245857   0.716527114722   -0.612994012634
0.924433098059   -0.376224746342   0.0622767007238
0.887286108941   0.449424451854   0.103638906572
0.336463168281   -0.477035967881   -0.811929320654
-0.315461403772   0.755284282521   -0.57448216274
-0.240615411324   0.790719376124   0.562909488332
0.630715429324   0.568192241766   -0.528541033042
-0.73776843999   0.227860581537   -0.635434720751
0.106443875233   -0.0227459917072   0.994058509992
0.876865356413   -0.469211507909   -0.104631293447
0.468803634956   0.882792830004   -0.0299995190804
0.0114916573032   -0.720130634959   -0.693743331792
0.967395888122   0.183552654402   -0.174509652189
0.253008176662   -0.669119041469   0.698760739371
0.111404003865   -0.525520628956   -0.843455521332
0.99242612149   0.0146222909209   0.121969594544
-0.0517642860266   -0.850655192866   0.523169381312
-0.395271588453   0.3126798804   0.863708089435
0.541877599052   0.838615746344   -0.0556084312871
-0.741706841688   0.446043632818   -0.500915201022
-0.0809146596208   -0.996473897506   -0.0221943562133
-0.952475194746   0.0707427350248   0.296287814187
-0.293672983526   0.0451136013912   -0.954840793911
0.480390286145   0.0967039404688   -0.871707244937
-0.229005358335   0.973254375472   -0.0182336633373
0.846629623171   0.208384904738   0.489687668465
-0.833670598636   -0.455176375252   -0.312742386609
-0.212815894929   -0.257776518098   0.942475814853
-0.509610368649   0.852270927657   0.118031936507
-0.698072383177   -0.124683373094   -0.705087940841
-0.339704621465   -0.809174291916   0.479413950004
-0.630313983663   0.57418727065   0.522506708303
0.0791835399813   -0.274248888874   -0.958393193813
0.665130480704   -0.701578130396   0.255713845124
-0.742516942995   -0.657704853184   0.126857855351
-0.891747978997   0.434446254006   0.126656994815
-0.452487301637   -0.852072938098   -0.263110148073
-0.00638622051832   -0.291938624615   0.956415733688
0.486884794891   -0.869447030505   0.0836962224369
-0.551259598963   -0.231540493034   0.801562133984
-0.677536752549   -0.436406761212   -0.592024566816
-0.594042917878   -0.148509075179   -0.790606138547
-0.46320650133   -0.740376526324   0.487116347903
-0.657687424879   0.655581920021   0.371025062897
-0.347280345451   -0.899214783947   -0.266099857185
0.937504049786   -0.339560920711   -0.0760561487373
-0.0219662991523   -0.275882499366   0.960940335424
0.641132920985   0.377885037193   -0.667945713584
-0.535014096617   -0.403900169292   -0.742040814017
-0.550189507398   0.833107167123   -0.0567798735254
0.751178677428   -0.561727689152   0.346688041066
-0.487045306229   -0.82615380503   -0.283296240911
0.445552987038   0.0439533124411   -0.894175956995
-0.680085769168   -0.397226433588   -0.616193562961
-0.635904838801   -0.0986518812803   0.765436373782
-0.364840215115   0.912402853338   -0.185506470658
-0.897876250225   0.208296298458   0.387854214016
0.0748357764901   -0.795956444143   0.600710367469
0.433840807023   0.568388943485   0.699082372175
0.577388207664   0.162822609143   0.800069781708
-0.3647790791   -0.825231893665   0.431194324092
0.730451285919   -0.54081523613   -0.417084882571
-0.449926721357   -0.473321964916   0.75731912886
0.42190708059   -0.860056324287   -0.286875468457
0.787121566696   0.190445363771   0.586660210566
0.77260706236   0.120154992909   0.623410863613
0.199856415914   0.88597877268   -0.418448356883
-0.602607451173   0.447888816605   0.660499710637
-0.649887255754   0.514504219645   -0.559403220206
-0.0442436137123   -0.760389385627   -0.647958706146
-0.758741759398   -0.396350085395   0.516930897077
-0.580997981659   -0.376644553214   0.721512457164
-0.545699653067   0.837978495274   -0.00198244819595
-0.603865244861   -0.394880895959   -0.692398616446
0.587550849441   0.528308018891   -0.612923026568
0.0657703736637   -0.786128162375   -0.61455412314
-0.806509923851   0.320769620594   -0.496637285385
0.913897939744   0.394737008381   0.0947272397263
0.377971860494   -0.912554443016   0.156146281439
0.148080479492   -0.106897533867   -0.98318110684
0.675802092027   0.735599895952   -0.0467367680565
0.310911379979   -0.226997906899   0.922933401748
0.668300565772   -0.638251316755   -0.382112039131
0.227977353336   -0.192287713716   -0.954490315048
0.792514707391   0.606141401426   0.0671791637814
0.565638369398   -0.771762940696   0.290577353615
-0.276373480516   0.229113447792   -0.933340627696
-0.331875116371   0.88867148119   0.316420457071
0.901929379941   0.397202752458   -0.169568178143
-0.168490808424   0.121200509547   -0.978223534762
0.0335960451501   -0.9911291102   -0.128586129366
-0.985130525985   -0.0545300229296   0.162924287239
0.56268213337   -0.81910031295   -0.111640020208
0.360454488485   0.121565370249   0.92482129219
-0.743949849464   -0.560621564054   0.363651046198
0.202247437581   0.888985653221   -0.410853358704
0.32905964826   0.333445764936   0.883478165963
0.922396726945   -0.313876456927   -0.225090754827
-0.475452590892   -0.601364533821   0.64211021739
0.146276719939   -0.77376449187   -0.616353496238
0.867495219017   -0.199121090253   0.455853963895
0.167678832241   0.482426042057   -0.859737706027
0.788933871871   0.457278353047   0.41046297476
0.591157470589   -0.747102149495   -0.303926345004
0.225915509128   0.536080201366   -0.813375805171
0.351996859702   0.73362499394   0.581285281962
0.908328351146   -0.417627089601   -0.0229612834145
0.260623392849   0.260875627011   -0.929526414004
0.781029524641   -0.622930856526   0.0441591397817
-0.56751064196   -0.737496478106   -0.366101920294
0.946881916456   0.315272709081   -0.0633857649458
0.268864975945   -0.884266639802   -0.381816886012
-0.176426361406   0.344493292595   -0.922061879896
0.736918550931   0.594178498892   0.322339821846
-0.00215414999027   -0.474780495995   0.880101607918
0.675978112761   -0.649257569903   -0.348594605511
0.60546291712   0.0140613803304   0.795749290653
0.36393243251   -0.894078509964   -0.261106879627
0.707790816951   0.447689508035   -0.546448775125
-0.751038072718   0.525892773001   -0.39922250016
-0.198118156229   0.397287225667   0.896053601351
0.629834112684   0.752063595468   -0.194188925719
-0.780848978949   -0.402293122075   -0.477948863378
0.369310928389   -0.914318366863   0.166226839556
-0.503869338466   -0.046713680516   0.862515809598
0.0300068163944   -0.971519869612   -0.235050492274
0.908475090496   -0.0715636167593   0.411766509936
-0.416860409392   -0.225893319301   0.880454205156
-0.62486644863   0.564485618325   0.539349523112
-0.647703719037   0.0109052128838   -0.761814261272
-0.435914915691   -0.825370863937   0.358805132686
0.993779512477   -0.110778912759   0.0114154749845
-0.00359998898838   -0.134406579033   -0.990919730146
0.111307325278   0.984714630744   -0.133969307451
-0.454456871814   -0.890081033964   0.0349957802886
-0.866576178534   0.432678853878   -0.248665912833
0.2061908787   -0.14333444242   -0.967956899431
0.108670853448   -0.98670434715   -0.120851880111
-0.0245680652258   0.118868903665   -0.99260596105
0.99377414727   0.110836433798   -0.0113238315496
0.37303207029   -0.347786705856   0.860169449449
-0.84281812681   0.260625439573   0.470884258994
-0.387949326145   -0.900621334123   -0.195899292665
0.429923391088   0.217338671683   -0.876316027234
0.450165694949   0.789743695806   0.416720220322
0.78263447719   -0.573645183651   0.241690873614
-0.449865408907   0.206433041749   0.868911107734
-0.880359171245   -0.266229319046   -0.392542582766
0.150295853147   -0.9415451922   0.301502583027
-0.777967459709   0.620902268399   0.0961613473862
-0.612514078499   -0.783577143703   0.104083444925
0.139975480976   0.0220733541646   0.989908900739
-0.611580656129   -0.737754022452   -0.285811307341
0.745639888102   -0.658248311039   0.103587249629
-0.264556720421   -0.149760353129   0.952670760709
0.0235111471139   -0.724555209708   0.688815631389
0.84046604407   -0.358773912111   -0.406076481409
0.541353908942   0.588473472701   0.600528864585
0.992378610178   0.108799968244   0.0578555180675
-0.0817210206816   0.229669932321   0.969831633309
0.0922299779868   -0.967168180359   0.236810772691
-0.751997806951   0.110149902341   -0.649897143674
-0.0209905104377   0.981437468127   0.190630256326
0.658831311348   0.156995207474   -0.735726721017
0.723726133406   -0.572620582031   -0.385131344946
-0.36503946101   -0.79128404797   0.490525990477
-0.585633567797   -0.214418339846   -0.781702053091
0.0534032325411   0.912546695331   -0.405470866518
0.866124398917   0.159752620021   0.473611260421
0.496967423837   -0.376480582816   -0.781847651661
-0.382607175648   0.843577208049   -0.37681460057
0.914189006575   0.404674417416   -0.0222952045602
0.133679502544   -0.353010070606   -0.9260203457
-0.971848314967   0.231191788438   -0.0454005468611
0.140832970824   0.415547849119   -0.898602281002
-0.188883368842   -0.879699006508   -0.43640890335
0.587965236414   0.737852525041   -0.331467241307
-0.803054771402   0.483349038207   -0.348535136526
-0.0969531582678   0.471112893641   0.876728422345
-0.654454670045   0.190377553863   -0.731741396834
-0.379530607723   0.754312897857   0.535694474423
0.653946177187   0.62830600754   -0.421409489963
-0.803833623138   0.475681951763   -0.357180888459
0.413170861018   0.0144924309477   -0.91053819747
-0.427950167565   -0.879497953501   -0.208187424857
-0.974964624512   -0.142857575749   0.170398632629
0.181723204197   -0.0702854610777   0.980834660388
-0.128143115332   0.987244481885   0.0944863745771
-0.602363901759   0.488381392145   0.631380507828
0.653185201832   0.756233506579   0.038209627504
-0.458810224347   0.435424504746   -0.774531263863
0.936884102341   0.349076247853   -0.0198482232107
-0.345516449732   0.915648797343   -0.205440168636
-0.0535402815137   0.199331515595   0.978468387402
0.997331272961   -0.0544808227096   -0.048602180303
-0.023478107919   0.391013102536   -0.920085611285
0.0691311103763   0.918771241171   0.388690488661
-0.845390099651   -0.404041026683   0.34938006264
-0.525352898601   0.510722013387   -0.680563999175
0.0965396879217   -0.758889895703   -0.644023458312
-0.342551334094   -0.770250286765   0.537934084483
-0.411836641523   -0.391522138585   -0.822861468108
0.844422384953   -0.503413260389   -0.183100860334
0.415446292276   0.256044739042   -0.872837596488
0.384850083143   0.819973189988   0.423714976376
0.824193418888   -0.511942437496   0.242115982438
0.196339780809   -0.385251149856   0.901683005278
-0.948056888889   -0.309305627574   0.0742843468127
0.250277497794   -0.869431757118   -0.425969005694
0.0478561407863   -0.579278927463   -0.813723364533
0.998051801383   0.0603795789623   0.0157133128216
0.0400298831441   -0.81289004831   0.581039910689
0.981700639831   -0.0843212714416   0.170744771333
0.159296715368   0.854931213244   -0.493677199285
-0.104347545385   0.511842303648   0.85271862063
-0.619845888231   -0.125933856211   0.77455260551
0.31903067597   0.861344760523   0.39535380523
-0.716945257766   0.492164471879   -0.493724244885
-0.820955800201   0.566733816517   0.0696014032418
-0.0279528106317   -0.161639547581   0.986453900107
0.570307122956   0.807889496079   0.14854072718
-0.945667477918   -0.0333145602945   0.323424119819
0.224947181406   0.651195790652   0.724805358572
-0.234758997241   0.758178199574   -0.608320664539
-0.593388137728   0.187059634218   -0.782878797292
0.521536779549   -0.651486395289   -0.550967208036
-0.613098609997   -0.735237492243   0.289025819642
0.284207505286   -0.11061493936   0.952360451263
0.752695128211   -0.589529625301   -0.293095317023
0.593865420703   0.800136960828   -0.0842894181356
-0.220574304589   -0.828429937068   -0.514830861085
-0.22887524091   0.557054864228   -0.798314475842
0.948136646404   -0.0582556229931   -0.312479090718
0.955997692822   -0.14904301007   0.252694662523
-0.179346864026   0.38474085194   0.905433144529
-0.232170441018   -0.910911992455   0.341080970328
0.997231899611   -0.0398816873118   0.0627534016205
0.0459897588498   0.99401308061   -0.0991107343208
-0.0584249987481   0.101722399666   0.993095701797
0.895245824028   -0.379042214535   -0.234226202977
-0.194970038026   -0.805920799332   0.558997629222
-0.400651468028   -0.454773201501   -0.795399105081
0.832065546764   -0.554403048942   0.0174409062887
0.554043344742   0.832206490588   0.0216409142942
-0.0265122242818   -0.00834364112914   0.999613668182
