-0.503919656696   -0.802623647356   -0.319155542489
-0.0850989515287   0.413835959914   -0.906365250178
0.859548223222   -0.42957546367   -0.27684250571
-0.177400828896   -0.856641631046   0.484452331883
0.696419184073   0.238543198956   0.676828975656
-0.695362686634   0.457451918994   0.554263904513
0.790271899692   0.200544571999   -0.579009671076
0.273392475239   0.730263011867   0.626077062335
0.548385702804   -0.653067996568   0.522278960728
0.953157485957   -0.158705921091   0.257494150563
0.0488708808653   0.920910782461   0.386697514539
-0.298500324903   -0.355999664828   0.885529104364
-0.608479515541   0.753204866917   -0.249870181533
0.285942602308   -0.0856199708908   -0.95441398186
-0.74026313386   -0.652189887255   -0.163275361309
0.553037209628   -0.733251695003   0.395590440409
0.554619404022   0.678321646211   0.481951305594
-0.621729170499   -0.0471348709259   0.781812728531
0.237554095062   -0.951879193399   -0.193633811855
-0.785929122656   -0.0711960325375   -0.614203988193
0.570862037694   0.298089124466   -0.765022488424
0.946458399112   -0.190282783512   0.260785277669
-0.0991037761808   -0.940072940349   -0.326253441927
0.307237595839   0.282940504562   -0.90859767256
-0.995463941387   0.0780559878771   0.0543948908896
-0.088531098409   -0.550618853779   -0.830048867524
-0.0348394318678   -0.831099356647   0.555031596729
-0.986653935103   0.0223272313052   -0.161293233237
0.0167191204559   0.999210347419   0.0360437598245
0.161970624982   0.0328660364715   -0.986248112946
-0.873377104722   -0.257444956142   -0.413442290415
-0.483610936909   0.357779350703   0.798820629373
-0.0577312276763   0.8976168619   -0.436979489889
0.889603204503   0.0105441111972   -0.456612483686
-0.448880779327   0.204780104578   -0.869810987928
0.0843337683837   0.978751209699   0.186906086103
0.225888175226   0.647078171325   0.728192538061
-0.345864687522   0.752085644811   -0.561021212428
-0.910687734747   -0.125128026694   0.393688743448
-0.48041152393   0.774995495999   0.410593167084
0.838914860894   0.269522468763   0.472841934479
0.255786285492   0.57161142397   -0.779636938672
-0.821969959222   0.562938292759   0.0864052352734
-0.543281592875   -0.820537482691   0.177660773224
0.170910786612   0.0990894446705   0.980291173568
-0.00607304584607   0.544049194285   -0.839031341675
0.489733184901   0.733155623352   0.471851925454
0.871851206182   -0.408035912814   -0.270891432372
0.699676499249   -0.707510031838   0.0994100158284
0.707472171503   0.66668169176   -0.234560543189
0.0996790998492   0.234446319488   0.967005170789
-0.154160550966   -0.934439836516   0.321024479532
-0.967318399813   0.208939975421   0.143663495902
-0.201319740487   -0.288385642159   -0.936111149109
0.0564964584328   0.932058032078   0.357877038971
0.862593090217   -0.226060857144   0.452581097239
0.50273383703   0.283133031816   -0.816758455971
0.941702910958   0.0460854225181   -0.333274303427
-0.00172745935142   -0.989898821805   -0.141765081997
-0.336441144002   0.134076308201   -0.932110991353
0.825951041325   0.15094775465   0.543157116037
-0.549635771539   0.00143800180623   0.835403166618
0.125321171314   -0.988540695934   0.0841540046782
0.164028378237   -0.689896573922   -0.705079717779
0.984941833096   0.0749578895907   0.155791207084
-0.0546285323768   -0.72001668875   0.691803217232
-0.463493946531   0.39116451668   -0.795087216864
-0.846962237509   0.0681572120534   0.527266121307
0.260438725543   0.917793503647   0.299711119082
-0.246911885323   0.889002309523   0.385628596644
-0.177654732893   -0.432733101418   0.883844363459
0.952613938995   0.149722932781   0.264782413752
0.137531792398   0.770586036573   -0.622319987079
0.633586360636   -0.551380002584   -0.542723148914
-0.761349676362   -0.319651768319   -0.564065082517
-0.138992611896   0.452829996072   -0.880696342956
-0.924193278483   -0.378781473579   -0.0489017308453
-0.355735629147   0.807136661248   0.471150265016
0.93547363829   0.143174134621   0.323094783677
0.0569152549819   0.841283010417   -0.537590504134
-0.348783207471   0.521290766809   0.778849286208
-0.0601267364598   -0.868919911517   -0.491287047389
-0.0217187800844   0.493199824335   -0.86964488607
0.997954442925   -0.0416187535378   -0.0485263763289
0.922494511451   -0.141789639171   0.359025868938
-0.0709682286924   0.851941953169   0.5188047985
-0.3794303452   -0.504074009104   0.775849216334
-0.963094878061   -0.231183786702   -0.137848876018
0.213233444909   -0.967852474616   0.133390724383
-0.164255148551   0.0990739327238   0.981429876267
0.183264601096   -0.117292214254   0.976041301616
0.266198744257   -0.949842525092   -0.164126189511
0.946336258706   0.289899489484   -0.142849471319
-0.345008485149   -0.240341585805   0.907306490282
0.855473047406   -0.478245318508   0.198613394534
0.386180023224   0.844699554551   0.370604441695
0.620702787038   0.521344316189   -0.585600678057
0.191208862881   -0.824999207899   -0.531803984305
-0.760373080086   0.218120175462   -0.611764961515
-0.35610516681   0.0942450911536   0.929681113589
0.796235876551   0.551323205326   0.249100686798
-0.489078254541   0.828951498016   -0.271370364764
0.740862110001   -0.301467308599   -0.600200629632
0.488478937119   -0.371487629835   0.789547508938
-0.460989871858   -0.878131199039   -0.127960678798
-0.992713853577   -1.73730090947e-05   0.120495662225
-0.115952338224   -0.271871294438   -0.955322487185
0.0327759084896   -0.962333621443   0.269888385937
0.71939024193   0.622630404066   0.307910798363
0.275201038143   -0.662498377246   0.696678038086
0.63776333261   -0.416446011001   -0.647943401463
-0.504774402543   0.39524270012   0.767454240029
-0.851069034404   -0.0790221452556   -0.519073211829
-0.144514017371   -0.915171409388   0.376267179305
0.374955780914   0.874291243911   -0.308257981533
-0.431091728227   -0.12993857873   -0.89290306731
-0.820711937414   0.467686632883   0.328178502053
0.725600809011   0.66618268013   0.172348782
0.565592143012   -0.720049812225   0.402037057594
0.391929832656   -0.194239297286   -0.899256415971
0.607594582276   -0.792908125722   0.0461034462127
-0.738730298959   -0.542850731169   0.399487958604
-0.291729959019   -0.276784731936   -0.915578420004
0.487469424561   -0.84406785485   0.223434591159
-0.79412227821   -0.322215421935   0.515312554784
-0.362964691629   -0.428633501112   -0.827363254173
0.636286358437   -0.691882480125   -0.341230572727
0.044470867964   -0.408690519826   0.911588942949
-0.77017011885   -0.595206428645   -0.229275588167
-0.186107824987   -0.587560302754   -0.787487630447
0.332785814407   0.716421125659   -0.613183799882
0.92445523375   -0.376183015747   0.0622001563941
0.887225459371   0.449506654404   0.10380150235
0.336632413294   -0.476947953719   -0.811910874273
-0.31545142663   0.755290948635   -0.574478877198
-0.240658275728   0.790651097143   0.562987066379
0.630698751696   0.56827392439   -0.528473113288
-0.737768716423   0.227893811774   -0.63542248278
0.106280376826   -0.0225213774961   0.994081117946
0.876853790496   -0.469289263331   -0.104379200104
0.468862358901   0.882757257052   -0.0301282845225
0.0111912444173   -0.720323307247   -0.693548188005
0.967363315063   0.183390241029   -0.174860619252
0.25314614893   -0.668956166376   0.698866707427
0.111204560773   -0.525680062076   -0.843382486182
0.992459335479   0.0147178541587   0.121687518629
-0.0515559219153   -0.850555028851   0.52335277759
-0.395476636163   0.312554546725   0.863659588942
0.541915399598   0.838608981585   -0.0553414463439
-0.741569908996   0.446144182218   -0.501028381178
-0.0806457927454   -0.996493986846   -0.0222708395134
-0.952447505937   0.0704558208851   0.296445147942
-0.293836697074   0.045118859511   -0.954790177981
0.480430647188   0.0962630931171   -0.871733795459
-0.228917392822   0.973266488496   -0.0186860813026
0.846630510026   0.208532393825   0.489623345256
-0.833670093008   -0.455359897862   -0.312476462222
-0.212401902144   -0.257917939908   0.942530513161
-0.509783883611   0.852130095521   0.118299164486
-0.69799426129   -0.124540604227   -0.705190505541
-0.339860880369   -0.809177378445   0.479297978513
-0.630316264427   0.574213904491   0.522474687126
0.0791851623321   -0.273980655036   -0.958469775597
0.66512206266   -0.701656742632   0.255519974332
-0.742524310598   -0.657732784789   0.12666977534
-0.891665946091   0.434616412483   0.126650758318
-0.452648442716   -0.852004456389   -0.263054734989
-0.00642089471609   -0.291885217669   0.956431801969
0.486971068329   -0.869406685853   0.0836133554153
-0.551297801812   -0.231711004998   0.801486583718
-0.677443659892   -0.436396636967   -0.592138550439
-0.593989935049   -0.148294862954   -0.790686151821
-0.463385410975   -0.740362662576   0.486967235816
-0.657609244123   0.655646064187   0.37105029384
-0.347364173876   -0.899222740166   -0.265963520573
0.937476318062   -0.339610400976   -0.0761769559752
-0.0218239267771   -0.275795647386   0.960968509943
0.641123026812   0.378036173697   -0.667869684795
-0.534947992451   -0.40384897987   -0.742116329715
-0.550265308614   0.833063414654   -0.0566871881564
0.751119040651   -0.561607324656   0.34701210305
-0.486891778191   -0.826241792809   -0.283303540652
0.445821245682   0.0438373437595   -0.894047931708
-0.67997895704   -0.397459898431   -0.616160893859
-0.635980967437   -0.0985032820269   0.765392260536
-0.364906600434   0.912317232419   -0.185796771744
-0.897916519563   0.208383508082   0.387714118205
0.0746689043756   -0.795958247955   0.600728742639
0.433786213031   0.568354450209   0.699144291482
0.577404968763   0.162970457175   0.800027582109
-0.364650599472   -0.825240628537   0.431286268407
0.730502185043   -0.540757371748   -0.417070764437
-0.450016369847   -0.47334352516   0.757252384651
0.421941471364   -0.860048052762   -0.286849684825
0.787051879874   0.190429131516   0.586758966064
0.772389114746   0.120050755661   0.623700947159
0.200046833272   0.886015872545   -0.418278780356
-0.602823622563   0.447843376264   0.660333241944
-0.650013856898   0.514487876956   -0.559271142028
-0.0443460735751   -0.760385226047   -0.647956583243
-0.758627320625   -0.396379278564   0.517076450756
-0.580903232936   -0.376689612219   0.721565222284
-0.545887758419   0.837855747977   -0.00207383454549
-0.603786377101   -0.395098318938   -0.692343360768
0.587603842138   0.528500410305   -0.612706325259
0.0658794717478   -0.785957447772   -0.614760754679
-0.806462410722   0.320871012401   -0.496648943917
0.913796200424   0.394998782776   0.0946174703513
0.378248459119   -0.912443573169   0.156124402184
0.148002051556   -0.106876973143   -0.983195151202
0.675668156569   0.735709641843   -0.0469453416048
0.311040916755   -0.226763872167   0.922947286894
0.668375710437   -0.638208014036   -0.382052928948
0.227947312617   -0.192476520512   -0.954459434299
0.792538665411   0.606124870584   0.0670455448815
0.565616907897   -0.771728858027   0.29070962005
-0.276169913745   0.228819439701   -0.933473000551
-0.332266768373   0.888628944954   0.316128759883
0.901847533332   0.397467309606   -0.169383483308
-0.168544965201   0.121365230127   -0.978193782244
0.0339410435433   -0.991087878908   -0.128813127613
-0.985109435681   -0.054911721868   0.162923609502
0.562615613267   -0.819096373679   -0.112003581792
0.360770902573   0.12135665315   0.924725320618
-0.74384677694   -0.560672536658   0.363783285863
0.202291307422   0.88897316565   -0.41085878072
0.328920319348   0.333487927466   0.883514134439
0.922436800253   -0.313867030743   -0.224939628681
-0.475511384524   -0.601202344931   0.642218548189
0.146141677369   -0.773876192998   -0.616245282373
0.86748575396   -0.199176751557   0.455847659109
0.167528593403   0.48248925321   -0.859731522587
0.788834300797   0.457464606049   0.410446805442
0.591332914929   -0.746947290476   -0.303965670715
0.225725495311   0.536044337154   -0.813452192432
0.351989563265   0.73371639106   0.581174332574
0.908378416806   -0.417512546033   -0.0230635163356
0.260423758572   0.261005725857   -0.929545844507
0.781105954738   -0.622849991924   0.0439474121423
-0.567497095538   -0.737518744596   -0.366078062611
0.946833513156   0.315461464726   -0.0631693172193
0.269122998241   -0.884202219004   -0.381784294761
-0.176292683293   0.34448584903   -0.922090228576
0.736832868924   0.594367233864   0.322187700855
-0.00191937135916   -0.474715226504   0.88013735845
0.67607221455   -0.649132532719   -0.348644970822
0.605415043054   0.0140780201508   0.795785420194
0.364166653051   -0.893945712419   -0.26123497479
0.707711293148   0.447954096529   -0.546334927452
-0.751061428759   0.525851708163   -0.39923265304
-0.198139901785   0.397290829429   0.896047195282
0.629799420095   0.752090405386   -0.194197612175
-0.780979260371   -0.401996710015   -0.477985397274
0.369071042422   -0.914447840776   0.166047318996
-0.503843190403   -0.046731056458   0.862530143153
0.0299334533153   -0.971450047327   -0.235348239679
0.908402197514   -0.071795016347   0.411887027204
-0.417024502785   -0.226120059206   0.880318284998
-0.624775710495   0.564536505537   0.539401376984
-0.647809651966   0.0108754127274   -0.761724609171
-0.435887561643   -0.825336452191   0.35891750346
0.993786724533   -0.110705921751   0.0114954352177
-0.00351356560182   -0.134434973907   -0.990916188508
0.11124567856   0.984718963299   -0.133988664901
-0.454261936868   -0.890179764099   0.0350154294915
-0.866675089991   0.432486480964   -0.248655850869
0.206204706788   -0.143301888935   -0.967958773671
0.108725671364   -0.986723076663   -0.120649485568
-0.0243964379764   0.118683818201   -0.992632341359
0.993772379472   0.110868035424   -0.0111685505257
0.37320479249   -0.348055395196   0.859985828219
-0.842748214973   0.260421013164   0.471122427893
-0.387935083517   -0.900576669572   -0.196132692835
0.430091606888   0.217134427582   -0.87628411491
0.450238663827   0.789728684679   0.416669833549
0.782500067272   -0.573743187282   0.241893364454
-0.449837669261   0.206455061046   0.868920237468
-0.880351374215   -0.26636655219   -0.392466963951
0.150424496782   -0.941501549464   0.301574705712
-0.7779513872   0.62093508601   0.0960794364874
-0.612530841823   -0.783546992726   0.104211698029
0.139991453201   0.0222200169303   0.989903360878
-0.611743517137   -0.737639046653   -0.285759524939
0.745477956537   -0.658415018543   0.103693199751
-0.264636515921   -0.149593783993   0.95267476834
0.0233981871075   -0.724508704184   0.688868392657
0.84040894427   -0.358935764432   -0.406051626523
0.541447440875   0.588432030547   0.600485149022
0.992386578394   0.108700097779   0.0579065433716
-0.081749089758   0.22969198622   0.969824044758
0.0921192995317   -0.967174172633   0.236829378339
-0.751949612766   0.110003911476   -0.649977629862
-0.0213249059724   0.981403915424   0.190765833355
0.658875578729   0.157307006362   -0.735620471101
0.723695529639   -0.572621432813   -0.385187584254
-0.364733660425   -0.791185213541   0.490912736469
-0.585861875644   -0.214780475271   -0.781431513384
0.0532146963763   0.912495329548   -0.40561122968
0.866030579891   0.160050453329   0.473682263846
0.497151114635   -0.376478586299   -0.781731823118
-0.382563105879   0.843501883255   -0.37702790741
0.914186556195   0.40468330915   -0.0222342026574
0.133822309398   -0.35317982989   -0.925934985442
-0.971892931288   0.231048793164   -0.0451728379586
0.140564385087   0.415583005069   -0.898628076316
-0.18885386879   -0.879719967419   -0.436379416526
0.588035352481   0.737785211023   -0.331492694682
-0.802989003615   0.483316982379   -0.348731063455
-0.0970725723666   0.471251182428   0.876640883574
-0.654461269976   0.190370274666   -0.731737387745
-0.37964284683   0.754205728347   0.535765833344
0.653874418334   0.628436852716   -0.421325725772
-0.803913695764   0.475677935383   -0.357005982516
0.413035262326   0.0146231381903   -0.910597625686
-0.427930650734   -0.87949796226   -0.20822750189
-0.974995807552   -0.14285040161   0.170226137873
0.181530394802   -0.0701422998763   0.980880611253
-0.12817913644   0.987255701694   0.0943201381133
-0.602566218831   0.488127687643   0.631383649202
0.652882418349   0.756493773119   0.038232434444
-0.458975489252   0.435256857257   -0.774527577609
0.936948902295   0.348901685859   -0.019858703206
-0.345363688242   0.915771105565   -0.205151663547
-0.0533917346782   0.199075100947   0.978528705175
0.99732691156   -0.0544908127918   -0.0486804149437
-0.02354268954   0.391062176408   -0.920063104332
0.0691720553911   0.918749762179   0.388733972336
-0.845330713391   -0.404043994892   0.349520292959
-0.525449615022   0.510578872619   -0.680596735893
0.0965333469443   -0.758984627662   -0.643912764201
-0.342585606121   -0.770021104285   0.538240282249
-0.411781509355   -0.391874208164   -0.822721455615
0.844435368179   -0.503489924361   -0.182829989431
0.415224338802   0.255771073417   -0.873023428362
0.385092929187   0.820022022899   0.423399714043
0.824191837109   -0.512001015589   0.241997470397
0.196599923446   -0.385142519952   0.901672728559
-0.947994532279   -0.309438701456   0.074525544686
0.250309482182   -0.869432532958   -0.42594862808
0.0478260053115   -0.579250684655   -0.81374524118
0.998057705004   0.0602708282656   0.0157557843835
0.0399185507917   -0.812918244098   0.581008121902
0.981564093425   -0.0847478468782   0.171317637587
0.160076313086   0.854273541825   -0.494562725776
-0.104438998882   0.512868909359   0.852090357489
-0.62010990137   -0.125930108478   0.774341861196
0.318886921195   0.861352825273   0.395452199242
-0.716780888217   0.492151316338   -0.493975950947
-0.820896639365   0.566844658243   0.0693962599871
-0.0281602201677   -0.161549473343   0.986462756348
0.570382073245   0.807829747585   0.148577890136
-0.945741817754   -0.0334055993331   0.323197277348
0.224717475651   0.651195317728   0.724877033921
-0.234679505472   0.758174600012   -0.608355821546
-0.593474071012   0.187178911185   -0.782785144369
0.521458658549   -0.65142358046   -0.551115401931
-0.613081882346   -0.735262792495   0.288996940314
0.284100487778   -0.110568589251   0.952397763498
0.752825879824   -0.589412066914   -0.292995921548
0.59375088001   0.800229968476   -0.0842133602291
-0.220415484072   -0.828496460769   -0.514791830621
-0.22896333031   0.556972221415   -0.798346878209
0.948152312529   -0.0580995616627   -0.312460610606
0.956032031521   -0.149208837908   0.252466784738
-0.179057509058   0.384798566433   0.905465886558
-0.232252369538   -0.910860464594   0.341162792348
0.997213852545   -0.0401336929349   0.0628794003097
0.0462739409395   0.993965780848   -0.0994522442886
-0.0585085863941   0.102084833328   0.993053589754
0.895292942127   -0.378839682943   -0.234373723795
-0.194604277217   -0.805861186441   0.559210982973
-0.400723998616   -0.455047517097   -0.795205655235
0.831897547562   -0.554655686183   0.0174224035101
0.554296539958   0.832038223585   0.0216273041472
-0.0264918128892   -0.00833452329703   0.999614285398
