-0.502734289349   -0.804585959743   -0.316069086905
-0.0860023220087   0.41037334146   -0.907853138579
0.860152216135   -0.429226227068   -0.27550501098
-0.179611705365   -0.85697929792   0.483038423143
0.695343122277   0.236740501054   0.678566045026
-0.695871811182   0.457755849878   0.55337329562
0.790010078094   0.199102809656   -0.579863904462
0.275127510627   0.730089026016   0.625519677538
0.547894998523   -0.653703361838   0.521999028079
0.953403958334   -0.158691815349   0.256588776011
0.0488650233341   0.920480937825   0.387720327807
-0.297713119845   -0.357115878731   0.885344648953
-0.608846909766   0.754178785009   -0.246007724902
0.281208544787   -0.0847866700642   -0.955893809436
-0.741773007603   -0.651172466265   -0.160459416583
0.550443944539   -0.736864021588   0.392482964738
0.556581268948   0.674284196115   0.485343294922
-0.622277072515   -0.0487056111582   0.781280364827
0.238531370804   -0.952156700138   -0.191050787815
-0.78346211588   -0.0724281033029   -0.617204409279
0.573837867453   0.296903668274   -0.763255077705
0.946494622284   -0.188520978989   0.261930850547
-0.0966737399514   -0.939992525777   -0.327212835152
0.307899525805   0.284383353882   -0.907922898733
-0.995350136132   0.079184643443   0.054844313691
-0.089568664413   -0.551420288231   -0.829405280959
-0.0354338941792   -0.830460991239   0.555948721712
-0.986606714796   0.0175538573093   -0.162169825842
0.0123388879762   0.99937558092   0.0331089127558
0.162649753039   0.0306644803303   -0.986207253818
-0.872132248356   -0.259849828689   -0.414564117969
-0.485617870418   0.356391642674   0.79822320247
-0.0596709754208   0.897475940381   -0.437008365057
0.889952042358   0.00892852456678   -0.455966713426
-0.44795242194   0.204731645708   -0.870300856557
0.0855803130494   0.978777418362   0.186200900437
0.227729240647   0.644723368065   0.729706222822
-0.344605293862   0.754260471983   -0.558872375275
-0.910706640141   -0.124189045709   0.393942250247
-0.482860091261   0.773512865222   0.410516722684
0.837248855253   0.270405035198   0.475284621376
0.25663298043   0.573200631782   -0.778190560904
-0.820312398461   0.565771399051   0.0836079717898
-0.546597781972   -0.818590352062   0.176467278139
0.168280817902   0.0990583642444   0.980749206882
-0.00662431224256   0.540490995217   -0.841323720441
0.488404393834   0.735913540402   0.468926869711
0.872592268228   -0.407799883696   -0.268853097967
0.696461327259   -0.710112228152   0.103354937286
0.710737750351   0.662751457958   -0.235822719854
0.098961961671   0.237699660082   0.966284327586
-0.149948814025   -0.935336168998   0.320408495732
-0.967585650056   0.205434954915   0.1468825691
-0.20320768435   -0.287997795589   -0.935822582949
0.0528318500289   0.93267077527   0.35683892806
0.861937567552   -0.22303183506   0.455324532825
0.504254325976   0.283517240227   -0.815687163825
0.942439588659   0.0500153839279   -0.330614704904
0.00215091428849   -0.989636257204   -0.143580820428
-0.334369548996   0.134605125451   -0.932779965965
0.82694601573   0.151561907255   0.541469551625
-0.548112260455   0.0024643160134   0.836401146033
0.125432200837   -0.988444695173   0.0851107958935
0.160247543416   -0.691181504085   -0.704690608167
0.985506757715   0.0717806327374   0.153700914967
-0.0556520918481   -0.719107550492   0.692666713145
-0.460545890726   0.392616888955   -0.796083827899
-0.847858356238   0.0708937751864   0.525461968555
0.262742631283   0.916965676101   0.30023367326
-0.244106015942   0.890333491126   0.384341680748
-0.178302863731   -0.430781443028   0.884666850927
0.953215789717   0.147423278087   0.263905352942
0.135256107061   0.771929969421   -0.621152081065
0.633993800399   -0.549197808798   -0.544457186441
-0.761418181132   -0.320165409001   -0.56368117258
-0.134098298059   0.453893156713   -0.880907854856
-0.924719191096   -0.376882420977   -0.0534233879284
-0.356247195185   0.807428413574   0.470263003941
0.935055200397   0.139564373295   0.325873530557
0.0611418571296   0.841976218099   -0.536038917861
-0.34918969847   0.521150490609   0.778761016372
-0.0591279724149   -0.870541743241   -0.488529381053
-0.0216774056214   0.490389927949   -0.871233498353
0.998015016402   -0.0409242207065   -0.0478668486109
0.922426106502   -0.145049330119   0.357897708676
-0.0677284666099   0.851649370569   0.519717427475
-0.380188023028   -0.503640786118   0.775759644287
-0.963588102476   -0.228184654164   -0.139390574901
0.209870352149   -0.968429706563   0.134530066286
-0.165687670199   0.100377622257   0.981056537053
0.18118192567   -0.114759134285   0.976731002328
0.268135093858   -0.949776786549   -0.161330800453
0.946190615707   0.291126084079   -0.141311435901
-0.346508282891   -0.239771541247   0.906885669694
0.855903085842   -0.476450253717   0.201059850242
0.383877477243   0.845875146662   0.370315161348
0.619810827318   0.523751847011   -0.584395877032
0.192076524749   -0.823288410596   -0.534137437013
-0.760881821954   0.218815437599   -0.610883505497
-0.358563341064   0.0941702821703   0.928743392117
0.794886516034   0.552468254512   0.250867005371
-0.48947702405   0.828197310858   -0.272949550678
0.739034398915   -0.303154131443   -0.601602634476
0.488399801127   -0.373975140812   0.788421352016
-0.463997620122   -0.876493107015   -0.128320075892
-0.992452279914   0.00563072587059   0.122502110265
-0.119424147704   -0.271346828496   -0.955043858475
0.027862968943   -0.962465164872   0.269971223227
0.717283378899   0.624279604081   0.309482681718
0.277221141759   -0.663176865653   0.695230093871
0.639259722583   -0.412881848463   -0.648749247624
-0.504431572139   0.395541654852   0.767525627133
-0.851101410519   -0.0779652873364   -0.519179933147
-0.145516933866   -0.915132893763   0.375974212827
0.374774651551   0.874516021154   -0.307840363339
-0.430012557689   -0.130200260869   -0.893385186971
-0.82136055468   0.467193344147   0.327257113597
0.725049383264   0.666802200838   0.172273668291
0.565229892049   -0.719061068544   0.404309718951
0.39346989842   -0.195770285442   -0.898251320275
0.607761092725   -0.793017736622   0.0418249156963
-0.737800212181   -0.544393413864   0.399107326226
-0.293729979873   -0.273420336377   -0.915949790425
0.488858294298   -0.844059984799   0.220409414857
-0.792635211962   -0.324245731533   0.516327537848
-0.36434460179   -0.427115262715   -0.82754188021
0.635635194947   -0.69117535765   -0.343867014879
0.046060725411   -0.410681032786   0.910614901528
-0.770614241056   -0.594657644605   -0.229207279977
-0.187383383523   -0.589452802166   -0.785768961972
0.331306637244   0.715139529474   -0.615476535298
0.924728814138   -0.375660548105   0.0612843609757
0.886473364009   0.450526311596   0.105787605429
0.338714461302   -0.475880244238   -0.811671427887
-0.315337103125   0.755356892934   -0.57445493791
-0.241171898851   0.789828018021   0.563921818299
0.630481307081   0.569261359172   -0.527669239557
-0.737786850401   0.228283172624   -0.635261644105
0.104264747906   -0.0198011903222   0.994352440137
0.87671170616   -0.470229998958   -0.101293298702
0.469580074775   0.88232174457   -0.031668476948
0.00756594079172   -0.722648940072   -0.691173831936
0.966946817915   0.181453802042   -0.179132266911
0.254865862492   -0.666973033292   0.700135961795
0.10881230641   -0.52765132567   -0.842463032122
0.992849674673   0.0158390749777   0.118315878928
-0.0490856952324   -0.849313371037   0.525601933311
-0.398060796634   0.311087826835   0.863001718526
0.542342573115   0.838539625102   -0.0521136308541
-0.739873053686   0.447298179214   -0.502505923648
-0.0773406632416   -0.996736236377   -0.0231364842052
-0.952125211545   0.0669552304834   0.298286068484
-0.295763424632   0.0450984722906   -0.954196061848
0.480920989293   0.0909686518731   -0.872031941177
-0.227810729247   0.97340732698   -0.0240924764684
0.846650620798   0.210244810064   0.488855649598
-0.833672284167   -0.457483650558   -0.309352924803
-0.20749657198   -0.259641967107   0.94314962839
-0.511796536945   0.85046737644   0.121530022556
-0.697038633002   -0.122783295187   -0.706442783618
-0.341768113092   -0.80922145475   0.477865246744
-0.630342526708   0.574530155514   0.5220952015
0.0791359901842   -0.27076626651   -0.959386847928
0.665026556234   -0.702605461139   0.253150637924
-0.742615091794   -0.658051057972   0.124465378886
-0.890661092719   0.436699872495   0.126554491343
-0.454616366105   -0.851179369744   -0.262331165117
-0.00683941417846   -0.291181905146   0.956643256668
0.488051009618   -0.868897967853   0.0825986287529
-0.551752790833   -0.233811224591   0.800563032536
-0.67629510557   -0.436289620226   -0.593528682934
-0.593329320789   -0.14570655728   -0.791662754118
-0.46556462399   -0.740182412118   0.485159332262
-0.656665742963   0.656429429533   0.371336109289
-0.348387530182   -0.899311367924   -0.264320245792
0.937134001422   -0.340233730762   -0.07759427704
-0.0201492479138   -0.27473636813   0.961308449893
0.641000119701   0.379895363292   -0.666932050132
-0.534138114181   -0.403211823012   -0.743045557663
-0.551194449829   0.832526118949   -0.0555422338808
0.750389712675   -0.560159237852   0.350908688066
-0.485063845853   -0.827298423421   -0.283355578825
0.449030449477   0.0424139936031   -0.89250922045
-0.678680413051   -0.400266274417   -0.61577577616
-0.636896889095   -0.096757151566   0.764853192634
-0.365725647996   0.911276556916   -0.189261161396
-0.898390924587   0.209496013977   0.386011873842
0.0725991831673   -0.795977406589   0.600957009114
0.433154828235   0.567918469788   0.699889638765
0.57758515471   0.164766040754   0.799529574733
-0.363098625187   -0.825346775233   0.43239112965
0.731132530699   -0.540050786896   -0.416881721987
-0.451125018791   -0.473595612943   0.75643467188
0.42232390239   -0.859961640541   -0.286545804835
0.786211637469   0.190192460941   0.587960958661
0.769726058364   0.118798500856   0.627223015577
0.202345175217   0.886464687547   -0.416217236307
-0.605457038229   0.447288803713   0.658296666354
-0.651550831697   0.514312293369   -0.557641801342
-0.0455969914863   -0.760310398016   -0.647957570398
-0.757233403966   -0.396750505429   0.518831965437
-0.579743384981   -0.377247629696   0.722206226406
-0.548164056441   0.836364884313   -0.00315396815216
-0.602838099988   -0.397715986826   -0.691670600088
0.588216927155   0.530805470299   -0.610119987633
0.0671724956381   -0.78390440106   -0.617237187659
-0.805908619161   0.322086079642   -0.496761366113
0.91255106537   0.398183732636   0.0932752279902
0.38161852096   -0.911090051291   0.155827542173
0.147030124643   -0.106605035076   -0.983370484072
0.674018661484   0.737057828886   -0.0494429049395
0.312631267439   -0.223970149958   0.923092120293
0.669298539211   -0.637638713384   -0.381387383908
0.227536098043   -0.194781489371   -0.954089878096
0.792826790215   0.605930626881   0.0653739713018
0.56537863844   -0.771302953972   0.292299073536
-0.273675755547   0.225264607754   -0.935070819414
-0.337022702987   0.888090907084   0.312586369547
0.900842538126   0.400687405902   -0.167129662998
-0.169215360346   0.123283806641   -0.977838056553
0.0380960803219   -0.990586065386   -0.1314835949
-0.984842551115   -0.0595008410349   0.162925748208
0.561760165787   -0.819076419388   -0.116358649604
0.364576590012   0.118841868423   0.923558617699
-0.742636806354   -0.561240081883   0.365376715647
0.202784085672   0.888791420527   -0.411009033229
0.327344656558   0.334054256482   0.88388530339
0.922888991386   -0.313779483911   -0.223200235338
-0.476214047396   -0.599219125125   0.643550014488
0.144576033103   -0.775260366056   -0.614873267817
0.867362641411   -0.199769379304   0.455822600775
0.165697406077   0.483194898971   -0.859690094876
0.787661562926   0.459705454401   0.410195267505
0.593408486549   -0.745113135572   -0.304422047967
0.223457030235   0.535569308613   -0.814390859054
0.351926102436   0.734826471998   0.579808653329
0.908963681377   -0.416167720664   -0.0242786781939
0.257972138675   0.262598286665   -0.929780896506
0.782024912158   -0.621874597577   0.0413403151069
-0.567351224933   -0.737776473418   -0.365784721987
0.946230895535   0.317774076326   -0.0605535197136
0.272262343409   -0.883394460705   -0.381428162511
-0.174700625918   0.344432668617   -0.922413046359
0.735797164846   0.596651762042   0.320326719236
0.000943990689894   -0.473918242359   0.880568343992
0.677201329803   -0.647617305522   -0.349270932805
0.604820247117   0.0143287915629   0.796233103061
0.367040421463   -0.89232592854   -0.262746581837
0.706734602018   0.451164186286   -0.544956034303
-0.751321305668   0.525344415592   -0.399411492894
-0.198423462701   0.397393596292   0.895938870167
0.629400051715   0.752390573195   -0.194329617578
-0.782562859959   -0.398412570986   -0.478396063417
0.366146686001   -0.916006960381   0.163914163099
-0.50351958705   -0.0468899969537   0.862710469186
0.0290333292473   -0.970599492853   -0.238942859835
0.907535583689   -0.0745987651965   0.413296731863
-0.418970440641   -0.228848527862   0.878687726763
-0.623662859065   0.565157238222   0.540038826667
-0.649078772347   0.010568762944   -0.760647782182
-0.435593142177   -0.82491550921   0.360240221454
0.993869866925   -0.109846215953   0.0125098545059
-0.00242940083013   -0.134825782716   -0.990866341303
0.110529569033   0.98476180732   -0.134266143215
-0.451866118613   -0.891388424189   0.0352659619458
-0.867881278431   0.430115996089   -0.248560488527
0.206395487833   -0.14292273133   -0.96797417087
0.109383616551   -0.986948251798   -0.118187870373
-0.0223395498887   0.116430399963   -0.992947584959
0.99374854412   0.111252461715   -0.00931240148414
0.375301486987   -0.351277973904   0.857760210616
-0.84189318983   0.257954788528   0.473999139233
-0.387768810999   -0.900035061609   -0.198927718257
0.432086557987   0.214667674578   -0.875910381202
0.451131349847   0.789548523077   0.416045231786
0.780885210253   -0.574918184787   0.244309985899
-0.449469324336   0.206749477813   0.869040839032
-0.880276121244   -0.268002267131   -0.391521053304
0.151958141767   -0.940972602277   0.302455426326
-0.777731765397   0.621362079932   0.0950918856454
-0.612762717482   -0.783156010997   0.105775774651
0.140196837184   0.0239964176969   0.989832823653
-0.61373561227   -0.736226240399   -0.285130708938
0.743509499519   -0.660442736095   0.10492386032
-0.265560204767   -0.147601881045   0.952728430538
0.0220254705161   -0.723985263871   0.689463716482
0.839750860653   -0.360835583984   -0.405729187222
0.542524995444   0.587914125556   0.60001967492
0.992479896719   0.107509782775   0.0585260729549
-0.0820963836226   0.229976044756   0.96972738573
0.0907955858179   -0.967239714572   0.237072765517
-0.751355776827   0.108186351502   -0.650968670503
-0.0253925559128   0.980999091539   0.192343444143
0.659408609841   0.161048116255   -0.73433220651
0.72333121989   -0.572610641734   -0.385887288343
-0.361046267428   -0.790008965484   0.495511278611
-0.588589448689   -0.219095612523   -0.778177083616
0.0509441659287   0.911870135066   -0.407305227971
0.864889707356   0.163642764125   0.47453855466
0.49937008928   -0.376449070292   -0.780330450136
-0.382095133992   0.842562485908   -0.379594212179
0.914140064576   0.404822519464   -0.0216025477939
0.135466788977   -0.355256506028   -0.924900840095
-0.972431532337   0.229300812573   -0.0424034464305
0.137275298198   0.415920766028   -0.89898020495
-0.18850041756   -0.880017643994   -0.435931805263
0.58892984959   0.73694402557   -0.331775730637
-0.802164307898   0.483004318844   -0.351054484536
-0.0984583942431   0.472885114119   0.875605855078
-0.654525283504   0.19024445338   -0.731712854344
-0.381002836549   0.752943206426   0.536575592474
0.65301875302   0.62998696483   -0.420336689273
-0.804907888658   0.475583204006   -0.354885765907
0.411390178046   0.0162296268919   -0.911314830681
-0.427646363464   -0.879521014688   -0.208713613687
-0.975382575989   -0.142755085322   0.168076815987
0.179134264129   -0.0684153157487   0.981442947902
-0.128606943331   0.987390667459   0.0923034340719
-0.605029917455   0.485025496029   0.631418298108
0.649182949538   0.759656292549   0.0385203221702
-0.460977545021   0.433211940501   -0.774485066088
0.937752859555   0.346729807553   -0.0199503120486
-0.343446540002   0.917271045902   -0.201639040146
-0.051614421986   0.19593945214   0.979256699001
0.997274631355   -0.0546467938714   -0.0495685139555
-0.0242557060775   0.391660953738   -0.919789844497
0.0696776174884   0.9184853974   0.389268036684
-0.844617293729   -0.404064293555   0.351217416721
-0.52660513108   0.50880209135   -0.681034116442
0.0964814130004   -0.760166086136   -0.642525375712
-0.34300162125   -0.767208525417   0.541978750826
-0.41119654702   -0.396125241848   -0.820976365366
0.844551530423   -0.504456015226   -0.179601896324
0.412488867148   0.252436145647   -0.875287910833
0.38799287498   0.820647105272   0.419523369521
0.824205352715   -0.512654192395   0.240564368883
0.199758450058   -0.383827901121   0.901539075111
-0.947239212371   -0.311025511946   0.0774661569095
0.250667979961   -0.869447682865   -0.425706812938
0.0474332893622   -0.578942859276   -0.813987253434
0.998130092665   0.0589247519013   0.0162539758488
0.0385538737069   -0.813236152238   0.580655284584
0.979893971974   -0.0894716275462   0.178332923356
0.169344721551   0.845587101494   -0.506265561806
-0.105499615976   0.526286311481   0.843737251386
-0.62331257604   -0.125910540651   0.771769375075
0.317098936391   0.861464041507   0.396645899676
-0.714793464639   0.491961625478   -0.497035272357
-0.820162575891   0.568206917714   0.0668898181292
-0.0306917732387   -0.160440864205   0.986568164978
0.571306716364   0.807093320351   0.149026870336
-0.94664068234   -0.0344809108149   0.320441079339
0.22194607425   0.651185499598   0.725739199189
-0.233690732943   0.758134890309   -0.608785782877
-0.594512405972   0.18860599589   -0.781653873181
0.520511031673   -0.650674304344   -0.552893493878
-0.612881118204   -0.735561505233   0.288662444679
0.282792140514   -0.109978275032   0.95285538477
0.754388834307   -0.588025091793   -0.291760137947
0.592390151789   0.801330936906   -0.0833224916835
-0.218484372101   -0.829284791331   -0.514345520069
-0.230121670535   0.555999165303   -0.798692021327
0.94831882608   -0.0561396744711   -0.312313530051
0.95644035819   -0.15121483473   0.24971166369
-0.175550043885   0.385522943062   0.905844491326
-0.233246700549   -0.910223123267   0.34218393088
0.996991325807   -0.0431973391365   0.0643605947539
0.0497231260303   0.993384796662   -0.103509692775
-0.0594634930299   0.106398475798   0.992543932199
0.895872526644   -0.376368546944   -0.236133718208
-0.190195044453   -0.805156588502   0.561737227766
-0.401544843161   -0.458333486517   -0.792901099802
0.829878673558   -0.557678957803   0.017192067886
0.55732866427   0.830016589004   0.0213827491358
-0.0261944107977   -0.00816345525887   0.999623534557
