-0.500931412093   -0.807404979017   -0.311712881091
-0.0871864141975   0.405402626257   -0.909971010419
0.861084345206   -0.428655934851   -0.273473654963
-0.182893872439   -0.857485099617   0.48090449713
0.693688588786   0.234070013625   0.681180864756
-0.696667763868   0.458181768141   0.552017657444
0.789519379425   0.196943728814   -0.581267853225
0.277754876664   0.729906024835   0.624571391755
0.547276326915   -0.654561198507   0.521572870659
0.953783988873   -0.158815476956   0.25509556415
0.04908480301   0.919862872059   0.389156753404
-0.296457053691   -0.358650165043   0.88514590573
-0.609385028964   0.755528573731   -0.240471330415
0.274609571391   -0.0834015149623   -0.957932028174
-0.743800692239   -0.649785165711   -0.156651743195
0.546677671559   -0.74206612229   0.387919313219
0.559452055902   0.668387958521   0.490174391469
-0.623022407756   -0.0509451376819   0.780543190592
0.239946045288   -0.95255317243   -0.187265450749
-0.779827759059   -0.074239220048   -0.621576386623
0.57818211798   0.295179592622   -0.760640813096
0.946568175538   -0.185815058552   0.263593347933
-0.0930161576168   -0.93989840175   -0.32854069582
0.308798775065   0.286467726634   -0.906961718109
-0.995173919588   0.0808162750412   0.0556560819633
-0.0912068935885   -0.552596938809   -0.82844307335
-0.0361963027528   -0.829521158807   0.557301062945
-0.986512335034   0.0105087304324   -0.163349255923
0.0058766982764   0.999567514549   0.0288140291417
0.163581408611   0.0274654408796   -0.98614743944
-0.870340289193   -0.263210411682   -0.416206751734
-0.488484710202   0.354392904462   0.79736337837
-0.0623736234775   0.897288107828   -0.43701668463
0.890517106103   0.00666389944616   -0.454900952057
-0.446500621614   0.204609808666   -0.871075209781
0.0872724391544   0.978820932879   0.185183969939
0.230319271186   0.641371866669   0.731843673175
-0.34284932624   0.757322724397   -0.555802690357
-0.910718053416   -0.122900039695   0.394319930292
-0.486310289706   0.771441786602   0.410341165385
0.834869169265   0.27163746979   0.478755214297
0.257867741946   0.575404774824   -0.776153060146
-0.817900668168   0.569801463879   0.0797796262913
-0.551277288106   -0.815793084723   0.174857068881
0.164717481248   0.0990350174435   0.981356314848
-0.00751432174378   0.535350909773   -0.844596316813
0.486495586079   0.73988103123   0.46464836635
0.873650719506   -0.407400862826   -0.266005558729
0.691769538313   -0.713858080092   0.1089107311
0.715423782032   0.657027365228   -0.237663319519
0.0981005502801   0.242325571965   0.965222564597
-0.14392044636   -0.936606494082   0.319460764983
-0.967941755861   0.200388251795   0.151437464995
-0.205853497374   -0.287424466229   -0.935420501075
0.0476578768087   0.933498251058   0.355400818865
0.860961400132   -0.218786480068   0.459214485423
0.506432813176   0.284101199243   -0.814132860366
0.943419848781   0.0556984374796   -0.326889389532
0.00777623042607   -0.989237372077   -0.146112805487
-0.331509455622   0.135303753641   -0.933699295857
0.828423316623   0.152304109176   0.53899746456
-0.545853633694   0.0038552333413   0.837871677382
0.125533338431   -0.988326158464   0.0863295166113
0.154763761626   -0.692941463667   -0.704187692322
0.986295312002   0.0671134144047   0.150722749215
-0.0571816020352   -0.717863439338   0.693831641575
-0.456345931225   0.394601758973   -0.797519807196
-0.849171873785   0.0746133998692   0.522819251111
0.265811060391   0.915817827068   0.301035193621
-0.240094296373   0.892216581781   0.38249745103
-0.179224790277   -0.427990531387   0.885834397387
0.954061425381   0.144130760901   0.262665415239
0.131990894746   0.773815726233   -0.619505952787
0.634615237516   -0.546068213064   -0.546875677823
-0.761473508414   -0.320965307339   -0.563151282932
-0.127137906931   0.455408927375   -0.881157569047
-0.92544756698   -0.374121982592   -0.0598292814032
-0.356907205577   0.807858558789   0.469022169624
0.934448783994   0.134420047095   0.329752514821
0.0671046379014   0.842955378258   -0.533781975939
-0.349717654207   0.520919841438   0.778678419588
-0.0576685110336   -0.872842991509   -0.484581732021
-0.0215861263708   0.486366222115   -0.873488372638
0.998102390531   -0.0399125313508   -0.0468893149631
0.922303537971   -0.149780345319   0.356261185091
-0.0630396477139   0.851189410605   0.52105910422
-0.38129016072   -0.503033234916   0.775612904681
-0.964338954826   -0.223772567012   -0.14133725078
0.204979130687   -0.96926745349   0.136029995174
-0.167433378357   0.102207836573   0.980571069303
0.178118272849   -0.111131112212   0.97771353513
0.270966293277   -0.949648515565   -0.15730532347
0.945965722838   0.292946365028   -0.139036967862
-0.348681910878   -0.238948086423   0.906269682281
0.85651248709   -0.473838612076   0.204605300923
0.380535523291   0.847573466846   0.369880972493
0.618528580897   0.527229830574   -0.582624321812
0.193354630557   -0.820802142548   -0.537492167042
-0.761601195808   0.219801156826   -0.609631913537
-0.362125066334   0.0940649450649   0.927371135222
0.792912592174   0.554140069514   0.25341350503
-0.490056177908   0.827091633055   -0.275253288855
0.736397806006   -0.305464972612   -0.603663334829
0.488341666204   -0.377535198376   0.786758915448
-0.468231447426   -0.874161497948   -0.128844818082
-0.992008717267   0.0136183350218   0.125432235961
-0.124420207767   -0.270556368178   -0.954630223457
0.0209360160091   -0.962607808295   0.270088671817
0.714274309463   0.626643519785   0.311657038992
0.280092721844   -0.664043972599   0.69324863478
0.641373742845   -0.407876821561   -0.649827839064
-0.503865709951   0.395963101722   0.767679990888
-0.851200215965   -0.0764731201526   -0.519239881207
-0.146892949718   -0.915076545415   0.375576060678
0.374533867971   0.874874365796   -0.307114352996
-0.428507527776   -0.13041117135   -0.89407730372
-0.822256456577   0.466463042974   0.326046851169
0.72420614309   0.667744173937   0.172171950339
0.564768917635   -0.717602389572   0.407532673726
0.39567857155   -0.197900299783   -0.896813213195
0.608090699669   -0.793068026258   0.0356203130684
-0.736384218724   -0.546728145195   0.398530573063
-0.296587227287   -0.268572971423   -0.916463079252
0.49085379651   -0.844036050867   0.21602244163
-0.790464244438   -0.327171067286   0.517808237667
-0.366372527241   -0.424926155428   -0.827773479713
0.634687691695   -0.690122726435   -0.347709873988
0.0483632306302   -0.413597897991   0.909174227913
-0.771253869964   -0.59385806489   -0.229128930584
-0.189149320046   -0.592186217153   -0.783286677367
0.329144608724   0.713302979652   -0.618758988434
0.925141265577   -0.374852428876   0.0599941271484
0.885337779826   0.45206407915   0.10869721227
0.34180566003   -0.474334427298   -0.811280310282
-0.315191856469   0.755410431105   -0.574464249709
-0.241888607   0.788658437534   0.565250184176
0.630140107244   0.570666282917   -0.5265581058
-0.737843714513   0.22881840496   -0.635002984643
0.101254940085   -0.0158759494691   0.994733829392
0.876491907437   -0.471595395944   -0.0967456392907
0.470647823012   0.881672125426   -0.0338362223283
0.00239054496198   -0.725981658422   -0.68770990754
0.966272119716   0.178771593843   -0.185361559913
0.257512088946   -0.664071794966   0.701923197492
0.105436370257   -0.530619368236   -0.841026906751
0.993376847062   0.0173605980828   0.113582786351
-0.0456684962309   -0.847432413639   0.528935433456
-0.402084013802   0.309148152546   0.861832852485
0.54288114958   0.838465854516   -0.0474875587981
-0.73729811018   0.448778821456   -0.504964420665
-0.0724246478009   -0.997080610407   -0.0241852587556
-0.951699878717   0.0618335942929   0.300739002237
-0.298365566446   0.0447980241414   -0.953399772285
0.481633064666   0.083478586096   -0.872388053955
-0.226088679265   0.973592166857   -0.0316575700823
0.846707446601   0.212484395424   0.487787742335
-0.83364900877   -0.460191229759   -0.305374134841
-0.201047757934   -0.262123736872   0.943859600575
-0.514401719677   0.848242405578   0.125998778455
-0.695641115197   -0.12017468236   -0.708266534976
-0.344541380029   -0.809310091735   0.475718838038
-0.630376614648   0.574956712402   0.52158422385
0.0788568066885   -0.266249599098   -0.960673073953
0.664895015398   -0.703969690061   0.24968238619
-0.742762561346   -0.65843589396   0.121515229528
-0.889181148391   0.439762310572   0.126356620511
-0.457495018532   -0.850006882894   -0.261125653759
-0.00742922371275   -0.289995533126   0.956999162697
0.489704631699   -0.868107958365   0.0811045394265
-0.552391954565   -0.23694065567   0.799201009898
-0.674575794277   -0.436173931264   -0.595566788414
-0.592325171585   -0.141986361862   -0.793089379674
-0.468747009421   -0.739880885602   0.482547941949
-0.655306899297   0.657583567439   0.371694390015
-0.349870297359   -0.899421805841   -0.261975552685
0.936627370765   -0.341189502937   -0.0794914550039
-0.0178869605936   -0.273185172115   0.961795154062
0.640808956607   0.382663082921   -0.665532002312
-0.532939873359   -0.402250591313   -0.74442565322
-0.552574856934   0.83172316714   -0.053829366763
0.749320412996   -0.558092881716   0.35644249753
-0.482519944678   -0.828799192106   -0.283313257991
0.453534366565   0.0403017932958   -0.89032709933
-0.676798569099   -0.40425694068   -0.615239809162
-0.638191510171   -0.094392142597   0.764069185193
-0.366954075072   0.909761754158   -0.194108880426
-0.899089019842   0.211091560241   0.383509175373
0.0696006698961   -0.795987464   0.601298348497
0.43219750248   0.5673132383   0.700971474811
0.577770217507   0.167362933791   0.798856197419
-0.360889616192   -0.825494331362   0.433955981425
0.73207940873   -0.539025748256   -0.416546494441
-0.452797672256   -0.473938332512   0.755219653462
0.422773600826   -0.85987628838   -0.286138517378
0.785007484324   0.189724077697   0.589718597212
0.765802534313   0.117024618476   0.63233829325
0.205640519168   0.887109211438   -0.413218131086
-0.609309818825   0.446477866923   0.655285479033
-0.653780416576   0.514126337459   -0.555198411411
-0.0474362962236   -0.76012938132   -0.648037901248
-0.755195977679   -0.397337932728   0.521345952811
-0.578032885907   -0.378078857516   0.723142005632
-0.551440878874   0.834201057533   -0.00464249044536
-0.601490598361   -0.401453575286   -0.690683782185
0.589015574484   0.534050129854   -0.606507305659
0.0689444873982   -0.780987432167   -0.620729641998
-0.80517532915   0.323804091389   -0.496833573471
0.910713546079   0.402822877165   0.0912938476654
0.386542243044   -0.909102290353   0.155300096641
0.14555387776   -0.106144973065   -0.983639829085
0.671543561729   0.739071566691   -0.0529383037949
0.314972386467   -0.220064136171   0.923235707571
0.670687438725   -0.63666709926   -0.380569788943
0.226809126982   -0.198161964744   -0.953566702253
0.793220583875   0.605687268927   0.0628015730421
0.565118328524   -0.77063270628   0.294561550066
-0.269974446807   0.220165130235   -0.9373585832
-0.343939042217   0.887231421118   0.307451363014
0.899344057249   0.40539822497   -0.163806428084
-0.170228554235   0.125791196269   -0.977342731218
0.0440469072268   -0.989856044125   -0.135073616494
-0.984419681481   -0.0660423110618   0.16296105014
0.560371306734   -0.819132771986   -0.122496940562
0.370001798906   0.115261144272   0.921853316655
-0.741001125097   -0.561904236039   0.36766963721
0.203377998756   0.888435717183   -0.41148434485
0.32543287277   0.335034748336   0.884220087268
0.9234342613   -0.313741444252   -0.220987491084
-0.477194776696   -0.596286393437   0.645544484986
0.142534617727   -0.777366741585   -0.612686568996
0.867161477375   -0.200358394084   0.455946801806
0.163052237422   0.484042015933   -0.859719311568
0.786072873178   0.462865595786   0.40968875783
0.596241063603   -0.742602697981   -0.305021027185
0.220297186136   0.5347724236   -0.815774236377
0.351900093879   0.736428883278   0.577787870938
0.90974472997   -0.414356072516   -0.0259532552936
0.254340715572   0.264943346631   -0.930116026891
0.783314393421   -0.620496659072   0.0374493943828
-0.567211919358   -0.73809817718   -0.365351501135
0.945309130932   0.321191040682   -0.0568063584707
0.276833223801   -0.882146785578   -0.381025478012
-0.172493516334   0.344460976134   -0.922817762477
0.734308237194   0.599946411401   0.31757789003
0.00513608658824   -0.47273780542   0.881188168294
0.67879675412   -0.645432622954   -0.35021664127
0.603920530597   0.0148188933841   0.796906765639
0.37129069893   -0.889949524186   -0.26482647392
0.705282361619   0.455818214642   -0.542960906133
-0.751630613598   0.524588749502   -0.399822541382
-0.198874700644   0.397718406731   0.895694659128
0.628888125302   0.752746114465   -0.194609899572
-0.78486210732   -0.393264414459   -0.478888894017
0.361874260358   -0.918225234705   0.160964089293
-0.503029315431   -0.0469629499909   0.862992461813
0.0277076473225   -0.969355166023   -0.244095981911
0.906336513993   -0.0786398886913   0.415174531143
-0.421647257412   -0.232736610811   0.876383055693
-0.622016517355   0.566069000713   0.540981828317
-0.650864362585   0.0102886321872   -0.75912431496
-0.435282705438   -0.824293655489   0.362034440167
0.993977238116   -0.10867434447   0.014111589577
-0.000752484542929   -0.135536328288   -0.990772091594
0.109584140611   0.984794288452   -0.13480180102
-0.448295306942   -0.893174116432   0.035655511638
-0.869648458216   0.426567398398   -0.248499122223
0.206743505088   -0.142408750995   -0.96797565607
0.110300574906   -0.98726830362   -0.114608375972
-0.0194464545891   0.113146176473   -0.993388030003
0.993708014751   0.111799997393   -0.00671877992017
0.378342559275   -0.355829551648   0.85454212185
-0.84063283957   0.254424485053   0.478126144904
-0.387547851081   -0.899251639742   -0.202862395587
0.434841217452   0.211135001   -0.875405692783
0.452443508671   0.789290892197   0.415108129234
0.778593595572   -0.576577747444   0.247689551832
-0.448853898052   0.207259680886   0.869237368549
-0.880218584558   -0.270286209712   -0.39007769513
0.154095495071   -0.940206780192   0.303752841764
-0.777342467861   0.622064479225   0.0936721481928
-0.613180670675   -0.782515004156   0.108072815183
0.140528120928   0.0265716382109   0.989720059043
-0.616664480012   -0.73412606575   -0.284224978982
0.740645798463   -0.663393347421   0.106550775773
-0.266774662048   -0.144803957765   0.95281849977
0.0200357146774   -0.72337516309   0.690164432264
0.838905380439   -0.363373552164   -0.40521281354
0.54390838641   0.58710138393   0.59956286758
0.992602844026   0.105853849477   0.0594521369054
-0.0826484879236   0.230452372193   0.969567394045
0.0889315550049   -0.967308982023   0.237496340651
-0.750464410693   0.105422524789   -0.652448664303
-0.0313174414902   0.980414864815   0.194437421061
0.660168452853   0.166351387483   -0.732464900006
0.722811185959   -0.572543743249   -0.386959495966
-0.355780337078   -0.788367131399   0.501894030527
-0.592422434755   -0.225102039521   -0.773540387183
0.047702967363   0.910956699814   -0.409734448111
0.863220123725   0.168792346044   0.475773225302
0.502568845932   -0.376386815632   -0.778304259346
-0.38162348986   0.841121241019   -0.383247400374
0.91402255115   0.405117977622   -0.0210285566887
0.137572846069   -0.358321757802   -0.923406318968
-0.973198556025   0.226736908429   -0.0384050114789
0.132451210716   0.416129452464   -0.899607111784
-0.187992678928   -0.880583132446   -0.435008160293
0.590345547211   0.735657868585   -0.332113889014
-0.80089901047   0.482776630043   -0.354242149542
-0.100264200566   0.475114960691   0.874192692838
-0.654575365715   0.18996071471   -0.73174176966
-0.382953646273   0.751229005713   0.537588584125
0.651826353721   0.63211542288   -0.418989852804
-0.806380074794   0.475348300562   -0.351845375311
0.409029647962   0.0185834606051   -0.91233184866
-0.427136889138   -0.87960141436   -0.209416880391
-0.975967323423   -0.142588829894   0.164791411182
0.175490528397   -0.0659476096827   0.98226981386
-0.129193103735   0.987582572936   0.0893857012098
-0.608617912908   0.480461378914   0.631459499461
0.643759571647   0.764234016475   0.0389869462148
-0.463851107576   0.430236250721   -0.774428123563
0.938971347959   0.343414690265   -0.0199789444596
-0.340471630379   0.91949247069   -0.196501056615
-0.0491108604912   0.191311125799   0.980300044133
0.997200710979   -0.0549787495506   -0.0506762184937
-0.0250794225956   0.392550192702   -0.919388584208
0.0704397940459   0.918085880137   0.390072495964
-0.843602735662   -0.404035925944   0.35367979152
-0.528231790566   0.506105655347   -0.681783133453
0.0964655369477   -0.761979026071   -0.640376735999
-0.343599989413   -0.763030449512   0.547470163929
-0.410610018847   -0.40222419702   -0.818300133053
0.844593665438   -0.505964651383   -0.175103717417
0.408392145407   0.247556614518   -0.878596368179
0.392056969831   0.821647247913   0.41374766755
0.824322259785   -0.513431127421   0.238497986194
0.204338683615   -0.381926822263   0.901319923676
-0.946147019368   -0.313240743599   0.0817682963639
0.251100617521   -0.869489585323   -0.425366125702
0.0467978209364   -0.578597112624   -0.81426982335
0.998235483838   0.0569152948393   0.0169283200379
0.0365497299792   -0.813625239577   0.580239680444
0.977557062468   -0.09239848598   0.1893269907
0.180195719094   0.832302813136   -0.524215156273
-0.109140700195   0.5465661415   0.830273304717
-0.627948844883   -0.125961241905   0.767993498507
0.314369865035   0.861668979752   0.398369372932
-0.711935275266   0.491589600043   -0.501485621889
-0.819040962375   0.570243138303   0.0632033635924
-0.0344110095052   -0.158787707244   0.986712899709
0.57270217773   0.805983391421   0.149676278607
-0.947932444394   -0.0359522898366   0.316435639145
0.217979963988   0.651147691901   0.726974152657
-0.232182721505   0.758099014764   -0.609407144402
-0.59598997454   0.190609045037   -0.78004111571
0.51914915604   -0.649628984587   -0.555397457833
-0.612601096988   -0.735969003651   0.288217837119
0.280869656353   -0.10905242403   0.95353018041
0.756578335736   -0.586133774653   -0.289890358766
0.590509490216   0.802841682416   -0.0821204903832
-0.215672503679   -0.830369418423   -0.513782055063
-0.232106177379   0.554679511385   -0.799035269605
0.948478831382   -0.0530779483173   -0.312362990483
0.957006825868   -0.154088967435   0.245752976294
-0.170481904351   0.386661360478   0.906327155393
-0.234678195688   -0.909257709579   0.343768180669
0.996657068623   -0.0476457886884   0.0663669072999
0.0547158464588   0.992518826821   -0.109144649669
-0.0606701220585   0.112411108105   0.991807884151
0.896726759645   -0.372763345749   -0.238597163861
-0.183899873   -0.80417910276   0.565222794476
-0.402569193117   -0.462972416836   -0.789680052934
0.827025145321   -0.561912081255   0.0168588832701
0.561581049439   0.827161043695   0.0207685508242
-0.0256151110995   -0.00770848440427   0.999642158651
