-0.499924528881   -0.808908935891   -0.30942171685
-0.0877634299867   0.402748840589   -0.911093272811
0.861610727521   -0.428321963994   -0.27233664715
-0.184700122446   -0.857762014496   0.479718866896
0.692753068169   0.232605705529   0.682632970415
-0.697121977354   0.458409110122   0.551254965008
0.789205927885   0.195751788702   -0.58209555969
0.279218160273   0.729836678027   0.623999713446
0.546983749635   -0.65499592413   0.521333978375
0.953999384987   -0.158934892298   0.254214227482
0.0492919487312   0.919531860409   0.389912120206
-0.29572872237   -0.359445208208   0.885067039869
-0.609675096231   0.756227345647   -0.237521533195
0.271168533979   -0.0825866029793   -0.958982314325
-0.744824746646   -0.649076000714   -0.154714065555
0.544641666952   -0.744848181318   0.385443434771
0.561007748136   0.665194724794   0.492733482359
-0.623406577725   -0.0521264318202   0.780158364663
0.240705781033   -0.9527632322   -0.185210556786
-0.777841690772   -0.0752236560392   -0.623942069161
0.580536847301   0.294250955717   -0.759205732319
0.946617772659   -0.184283981143   0.264488575896
-0.0909815559544   -0.939858334177   -0.329224343197
0.309252565004   0.287586032295   -0.906453046256
-0.995073934569   0.0816927407593   0.0561619163604
-0.0921465320648   -0.553238265044   -0.827910888151
-0.0365633883887   -0.829007670772   0.558040679907
-0.986447641655   0.00666753851004   -0.163940825311
0.0023562706913   0.999646616167   0.0264781187661
0.164059435151   0.0257329888505   -0.986114757532
-0.869377530352   -0.264968726574   -0.417102246047
-0.490014898731   0.353322642723   0.796899309299
-0.0637817273335   0.897192668314   -0.437009390267
0.890845622582   0.00547327012825   -0.454273177768
-0.445674008778   0.204525817957   -0.871518139621
0.0881405390591   0.978845867899   0.184640223871
0.231679906283   0.639594679903   0.732968666769
-0.341934570082   0.75893127388   -0.554169713454
-0.910716844473   -0.122237338678   0.394528658307
-0.488124806223   0.77036016578   0.410218708165
0.83360171724   0.272277871293   0.480596439665
0.25853887631   0.576550063553   -0.775079140252
-0.816602695196   0.571930522738   0.0778171919264
-0.553736104604   -0.814303315014   0.174029990562
0.162899860825   0.099023170609   0.981660861513
-0.00803084874141   0.532587727351   -0.846336704949
0.485480844944   0.742000684859   0.462323839816
0.874210417841   -0.407167405799   -0.264520035147
0.689224733969   -0.715864341958   0.111836979564
0.717928029663   0.653926186466   -0.238662705254
0.097716990894   0.244783141919   0.96464117843
-0.140705282309   -0.937275891481   0.318929344493
-0.968117353131   0.197685530843   0.153848046663
-0.207245781857   -0.287113799988   -0.93520845364
0.0449358190043   0.93391362694   0.354663375027
0.860418115837   -0.216574182845   0.461276803302
0.507603623027   0.284430941953   -0.813288141528
0.943910024857   0.058749723171   -0.324934354913
0.0108051844603   -0.989013436707   -0.147430220788
-0.330025927715   0.135649887726   -0.934174499222
0.829234576735   0.15263642967   0.537654291422
-0.544615210175   0.00456840276699   0.838673597141
0.125555922173   -0.988271850269   0.0869163987599
0.151811850424   -0.693837878927   -0.703947554749
0.986704891   0.0645758139044   0.149142288893
-0.0580225830899   -0.717230062131   0.6944166025
-0.454121164302   0.39561734099   -0.798286219123
-0.849882431639   0.0765081514021   0.521388871344
0.267345881817   0.91522315436   0.301484256965
-0.237954763029   0.893207471006   0.381520568897
-0.179709530591   -0.426509768344   0.886450169001
0.954506163085   0.142372157555   0.262007926191
0.130251979326   0.774797495651   -0.618646314638
0.634963065106   -0.544404555608   -0.548129168887
-0.761482979346   -0.321422650985   -0.562877563597
-0.12344667877   0.456213773122   -0.881266083947
-0.92582404534   -0.372630755811   -0.0632151634809
-0.357226475181   0.808093628881   0.468373710184
0.934120304802   0.131693588283   0.331777116392
0.0702413447281   0.843468663392   -0.532566209374
-0.349979156018   0.520785380633   0.778650870206
-0.0568695305449   -0.87405779075   -0.482481952953
-0.0215234552915   0.484225087243   -0.874678687152
0.998149586669   -0.0393578875726   -0.046350397171
0.922223936586   -0.152331452383   0.355384495165
-0.060520574736   0.850924461051   0.521790016787
-0.38189039111   -0.502715317252   0.775523719159
-0.964757583575   -0.221375835273   -0.142251694164
0.2023453162   -0.969715095206   0.136780872718
-0.168223595097   0.103176420207   0.980334355394
0.176448134277   -0.109194885467   0.978234395683
0.272499320812   -0.949564997879   -0.155146495161
0.945838345631   0.29394351803   -0.137793440125
-0.349843496198   -0.238506323102   0.905938332343
0.856837900817   -0.472422840374   0.206507800377
0.378732544009   0.848487709831   0.369635315378
0.617837883037   0.529097455855   -0.5816633326
0.19404874951   -0.819459928849   -0.539287036581
-0.761985192177   0.220320918704   -0.608964087352
-0.364039838877   0.0940138220065   0.926626352411
0.791840488742   0.555049056444   0.254772811205
-0.490370916857   0.826487716916   -0.276503919843
0.734983666662   -0.306649223642   -0.604785303541
0.488334997136   -0.379431634169   0.785850218276
-0.470455035377   -0.872924904348   -0.129128505981
-0.991739816358   0.0178308564725   0.127020459801
-0.127094973828   -0.270110672545   -0.954404050811
0.0172917401772   -0.962664160097   0.270145721023
0.712675855946   0.627898467212   0.312788489596
0.281604974237   -0.66446355479   0.6922332142
0.642488725844   -0.40525510389   -0.650366464337
-0.503532506636   0.396186513742   0.767783342545
-0.851274587891   -0.0756859529309   -0.519233292981
-0.14760281424   -0.915045290058   0.37537384881
0.374411329637   0.875079911751   -0.306677850993
-0.427719630377   -0.130461302339   -0.894447184792
-0.822722355373   0.466063296819   0.32544266673
0.723735373144   0.668266109508   0.172126455093
0.564540912747   -0.716809325003   0.409240698639
0.396863537622   -0.199009543669   -0.896043823724
0.608305271047   -0.793046720778   0.0322737645743
-0.735593839821   -0.548030986557   0.398200628565
-0.298104679656   -0.265967923699   -0.916730420315
0.491920159634   -0.844016590641   0.213659896258
-0.789287647838   -0.328738028336   0.518609986114
-0.367477299321   -0.423753824112   -0.827884732939
0.634177203967   -0.689542898466   -0.349785455878
0.0495999195506   -0.415180833737   0.908385778884
-0.771595180098   -0.593426883847   -0.229096947989
-0.19006134702   -0.593651977796   -0.7819552504
0.327968082548   0.712326472087   -0.620506191744
0.925372152811   -0.37439060675   0.0593131720558
0.884706645586   0.452916960305   0.110274105409
0.343498300228   -0.473502379969   -0.811051424944
-0.315123894677   0.755421553328   -0.574486908268
-0.242257315543   0.788041641166   0.565952087066
0.629957291034   0.571403369254   -0.525977186843
-0.737878854921   0.229103822302   -0.634859223818
0.0995948812342   -0.0137676951363   0.994932816929
0.876361321591   -0.472340502384   -0.094261783493
0.471244834085   0.88130862947   -0.0349772207321
-0.000356117625642   -0.727761958409   -0.685829720174
0.965872574877   0.177391567463   -0.188738975554
0.259017455551   -0.662491331027   0.702862144402
0.103658840724   -0.532269161235   -0.840204965909
0.993644169163   0.0181442191142   0.111094790159
-0.0438874677731   -0.846380722436   0.530766957206
-0.404367396422   0.308202339676   0.861102970921
0.54314574464   0.838430066926   -0.0450302448755
-0.735853048367   0.449495651472   -0.506432572527
-0.069722778794   -0.99726170586   -0.0246540897652
-0.951490012222   0.0590577329182   0.301958508449
-0.299675642586   0.0445115064616   -0.953002221946
0.482017647514   0.0795286773753   -0.872544656141
-0.225107082618   0.973683135565   -0.0356083258657
0.846750133652   0.213579823463   0.487234922978
-0.833633659132   -0.461484213463   -0.303458799654
-0.197874749278   -0.263414929468   0.944170619396
-0.515655413974   0.84713924219   0.128275478488
-0.694889390122   -0.118745561895   -0.709244828692
-0.346029895983   -0.809369948669   0.474535138085
-0.630390392204   0.575169346994   0.521333075583
0.0786132635124   -0.263888286795   -0.961344333157
0.664817450839   -0.704705531536   0.247806115505
-0.742857800564   -0.658599336406   0.120038336484
-0.888374127426   0.441426795953   0.126229131088
-0.459055131955   -0.849386393088   -0.260405723943
-0.00773275801073   -0.289283838213   0.957212131872
0.490627485679   -0.867662590701   0.0802888472571
-0.552729677348   -0.238661114319   0.798455243762
-0.673627919608   -0.436122117313   -0.596676566253
-0.5917674738   -0.139995404073   -0.793859272032
-0.470470938641   -0.739698403795   0.481147968215
-0.654574940589   0.658215434536   0.371865686628
-0.350658395094   -0.899477070638   -0.260729149399
0.936353776574   -0.341717779499   -0.0804398176903
-0.0167420144048   -0.272341621076   0.962054960168
0.640698321604   0.384186241676   -0.664760552681
-0.532281111421   -0.401721913716   -0.745182073365
-0.553337581516   0.831276389505   -0.0528874761574
0.748742525596   -0.556987800637   0.359373371726
-0.481193003888   -0.829597871218   -0.283232528286
0.455892447155   0.0391402863017   -0.889173838243
-0.675787947727   -0.406378492624   -0.614952982299
-0.638868446594   -0.0931887625689   0.763651073775
-0.36763807971   0.908940248456   -0.196646553704
-0.899469126079   0.211939090862   0.382148024978
0.0679914465078   -0.795985037234   0.601485647128
0.43166243111   0.56700056637   0.701553920454
0.577832287519   0.168756014594   0.798518161997
-0.359726947713   -0.825567192423   0.434781938315
0.732602464226   -0.538479543097   -0.41633329326
-0.453731854262   -0.474115802024   0.754547288577
0.422968867699   -0.859847384139   -0.285936728923
0.784362633853   0.189411410059   0.590676371928
0.763653930177   0.116083855628   0.635104096498
0.207404872012   0.88745375315   -0.411593312733
-0.61140485277   0.446038534751   0.653631189224
-0.65498249646   0.514058407013   -0.55384283286
-0.0484434693317   -0.759999276689   -0.648115984768
-0.754089623062   -0.39767455741   0.522688996229
-0.577097099552   -0.378531711405   0.723652320627
-0.553195536192   0.833033845628   -0.0054139426717
-0.600777526565   -0.403445604139   -0.690143469197
0.589406376277   0.535751579804   -0.604624154613
0.0698506835633   -0.779444221771   -0.622565327619
-0.80481116146   0.324710563249   -0.496832008333
0.909705766068   0.405337048896   0.0902069618957
0.389217050384   -0.90801624556   0.15497285404
0.144725626179   -0.105869611271   -0.983791704852
0.670164212064   0.740190382865   -0.0547551457144
0.316238896336   -0.218021277526   0.923287432488
0.671470691328   -0.636069901551   -0.380187047422
0.226363871078   -0.200001946004   -0.95328831917
0.793412626127   0.60558475287   0.0613474676992
0.565027258256   -0.770237839038   0.295766578135
-0.267934205442   0.217446313616   -0.938577840272
-0.347685370323   0.886724930317   0.304686365329
0.898513296962   0.407965683175   -0.161981037575
-0.166226187609   0.126689073872   -0.977915504077
-0.00340064872537   -0.991780307884   -0.127907218257
-0.986081786741   -0.0179359821461   0.165290684562
0.559555835713   -0.819200231942   -0.125730850254
0.3728948887   0.113363183552   0.920922467202
-0.740166649277   -0.562191932173   0.368908610224
0.203643099677   0.888201257472   -0.411859216455
0.324584375936   0.335633168257   0.884305014836
0.923674439861   -0.313765681027   -0.219946872124
-0.477702938376   -0.594669407934   0.646659259529
0.141540999257   -0.778557517148   -0.611403580315
0.867044432654   -0.200540489077   0.456089315862
0.161651143284   0.484429394329   -0.859765706333
0.785268145993   0.464510772401   0.409369858701
0.597681225039   -0.741321727885   -0.305318274923
0.218659170296   0.534302241482   -0.816522676962
0.351911136638   0.737283377169   0.576690362031
0.91013554988   -0.41344205942   -0.0268131375833
0.252352758545   0.266220796324   -0.930292735035
0.783980355548   -0.61978107924   0.0353017836961
-0.567179766362   -0.738239731674   -0.365115339597
0.944788828665   0.323062804169   -0.0548132629241
0.279305742074   -0.881441034469   -0.380854309676
-0.171354520438   0.344517238054   -0.923008938748
0.733511972831   0.601716257257   0.316066023903
0.00741421522472   -0.472080206439   0.881524422861
0.679636090217   -0.644265336985   -0.350737737395
0.603422853379   0.0151269908151   0.797277890179
0.373612791156   -0.888653797068   -0.265909592231
0.704481612467   0.458329142762   -0.541885647154
-0.75176936181   0.524176534739   -0.40010222078
-0.199124681054   0.397970160823   0.895527281823
0.6286431325   0.752900200241   -0.194805288525
-0.78610140701   -0.390513954884   -0.479106907629
0.359559600648   -0.919399908585   0.159438708211
-0.502753887581   -0.0469324955184   0.863154603409
0.0269879701967   -0.968678232721   -0.246848396627
0.905717536909   -0.0808032264475   0.41610885827
-0.423021740339   -0.234804855248   0.875168147931
-0.621115363231   0.566566772127   0.54149588944
-0.651800369047   0.0102105180612   -0.758321847391
-0.435168914869   -0.823952570263   0.362946521528
0.994029399277   -0.108071762101   0.0150348797876
0.000199999508182   -0.1359874966   -0.990710533288
0.109112388729   0.98479840323   -0.135153955255
-0.4463263123   -0.894150563579   0.0358830405493
-0.870611642207   0.424604522183   -0.248488165101
0.206949731581   -0.14214699924   -0.96797006111
0.110770685132   -0.987438190021   -0.11267509132
-0.0179328427347   0.11136848413   -0.993617367951
0.993684189502   0.112084261299   -0.00537121048268
0.37998167352   -0.358228426818   0.852810836005
-0.839943697947   0.252541855094   0.480330298549
-0.387438397771   -0.898829797929   -0.204930432799
0.436266535325   0.20925407806   -0.87514812516
0.453157037589   0.789152134385   0.414593304431
0.777380350561   -0.577452716342   0.249455709396
-0.448494200515   0.207573258953   0.869348200822
-0.880206403363   -0.271480865697   -0.389274744928
0.155208374718   -0.939793318623   0.304464905513
-0.777103293838   0.622477884546   0.0929072330666
-0.613439847805   -0.782137607008   0.109326651957
0.140719663979   0.027965102428   0.989654449399
-0.618258818121   -0.73297084717   -0.28374243781
0.739096817208   -0.664987919827   0.10736368696
-0.267379746072   -0.143334586483   0.952871065626
0.0189664232547   -0.723129161609   0.690452380993
0.838498340449   -0.364633411017   -0.404923460217
0.544573969129   0.586623125354   0.599426810333
0.992662166074   0.104994954479   0.0599823605626
-0.0829873188776   0.230748096021   0.969468112466
0.0879484448425   -0.967332091743   0.237768154582
-0.749969134242   0.103880428302   -0.653264995465
-0.0345252865536   0.980098048646   0.195488668801
0.660571193947   0.169164628859   -0.73145678346
0.722527221709   -0.572491731451   -0.387566292795
-0.352978840502   -0.78750574591   0.505213458171
-0.594441209917   -0.228227775654   -0.771071806236
0.0459759911451   0.910460816767   -0.411032005287
0.86230607457   0.171548847306   0.476444358501
0.504295986498   -0.376340396609   -0.777208764671
-0.381461651844   0.840307424187   -0.38518883814
0.913938050121   0.405316357293   -0.0208780040029
0.138579394979   -0.360002893553   -0.922601575937
-0.973603989351   0.225343272704   -0.0362723223152
0.129840067638   0.416111193591   -0.89999612855
-0.187714753695   -0.88094942194   -0.434386103863
0.59115275028   0.734938073238   -0.332271657445
-0.800193160806   0.482748491899   -0.355871885612
-0.101140156399   0.476256151744   0.873470518501
-0.654586471277   0.189768746293   -0.731781644038
-0.383986861788   0.750358859712   0.538066605195
0.651207065069   0.633205657415   -0.418306052816
-0.807186110844   0.475176245427   -0.350225810361
0.407764187264   0.0198461181173   -0.912871567736
-0.426824261313   -0.879666793381   -0.209779366422
-0.976292863399   -0.142482464156   0.162944752248
0.173450410371   -0.0646356585299   0.982719281783
-0.129488223477   0.987684655674   0.0878169740223
-0.610555668694   0.477972382994   0.631477771993
0.640818568976   0.766687146476   0.0392731598491
-0.465374405271   0.428641132562   -0.774398761876
0.939652739906   0.341547657928   -0.019948076356
-0.338775268724   0.920712349706   -0.193701023228
-0.0477916905678   0.188769612126   0.980857781664
0.997161601649   -0.0552054457348   -0.0511966694078
-0.0254321709818   0.393046351238   -0.919166889339
0.0708656819369   0.917859970006   0.390526734788
-0.843064967919   -0.403989660526   0.355012413946
-0.529087479423   0.504599038275   -0.682236212531
0.0964774532462   -0.763002073889   -0.639155643217
-0.343915124735   -0.760727256946   0.550469279359
-0.410416007267   -0.405489116571   -0.816784719079
0.844559700647   -0.506826022302   -0.172760803311
0.40612038982   0.244902414401   -0.880391410904
0.394188481784   0.822226369174   0.41055966517
0.824428086495   -0.513776804903   0.237385182651
0.206807965329   -0.380899575792   0.901191421751
-0.945558815022   -0.314395692638   0.0841063361761
0.25129463347   -0.869523353115   -0.425182485031
0.0464342755898   -0.578453137397   -0.814392918612
0.998291484575   0.0558192989273   0.0172718757745
0.0354678710379   -0.813803522788   0.580056769998
0.976440790536   -0.0990212065031   0.191724237486
0.188470202979   0.824033017626   -0.534273870268
-0.105082658731   0.557821106203   0.823281998048
-0.63044302013   -0.126025188666   0.76593684478
0.312835132103   0.861800014676   0.399293018755
-0.710405362094   0.49134345068   -0.503890697456
-0.818406006076   0.571373290314   0.0611896423775
-0.0364439469033   -0.157877566202   0.986785950865
0.573483607397   0.805361556821   0.150031046258
-0.948623013747   -0.0367074742357   0.314272078181
0.215866595142   0.651109221047   0.727638918262
-0.231335234866   0.758095867026   -0.609733274069
-0.596764716818   0.191658530708   -0.779191170617
0.518426110293   -0.64908530325   -0.556706958167
-0.612459174907   -0.736176117999   0.287990420605
0.279822929971   -0.108529654538   0.953897500756
0.757722052516   -0.585167748495   -0.288852898987
0.589539158151   0.803616836688   -0.0815080413135
-0.214148606744   -0.830928465082   -0.513515589001
-0.233331983184   0.554007717377   -0.79914431407
0.948523357569   -0.0513160306682   -0.312522167443
0.95730138485   -0.155614698096   0.243635227956
-0.167757330886   0.38732597999   0.906551743233
-0.23543902926   -0.908714834786   0.344682190634
0.996471058091   -0.0500429785726   0.067387911989
0.0574003602142   0.992039357803   -0.112085285459
-0.0612423793947   0.11555783342   0.991410993535
0.897188462346   -0.3708195173   -0.239886949673
-0.180553392962   -0.803663388837   0.567032300432
-0.403055002851   -0.465422435034   -0.787990242099
0.825526226537   -0.564116938837   0.0166891766625
0.563799190733   0.825662123561   0.0203108405969
-0.0252373102663   -0.00735778729942   0.999654410852
