-0.497213040705   -0.812765574029   -0.303630225483
-0.0890842317502   0.395928113555   -0.913950178374
0.863042983754   -0.427379281869   -0.269265217997
-0.189509221441   -0.858495051809   0.476521249273
0.690185717045   0.228717202393   0.686536319008
-0.69837663977   0.458993123423   0.549177003956
0.788250546088   0.192585889302   -0.584441401539
0.283148706796   0.729729939207   0.62235120765
0.546340449199   -0.656052506333   0.520679577574
0.95459119809   -0.159363517335   0.251711966087
0.0500464690229   0.918673947425   0.391833547902
-0.293685197903   -0.36144356083   0.88493364546
-0.610421825192   0.757957723061   -0.229968009476
0.262544454774   -0.080305302187   -0.961572393379
-0.747298872338   -0.647341601084   -0.149977488009
0.539299279193   -0.75201376567   0.378987577244
0.565071091216   0.65684101961   0.499253980285
-0.624380452396   -0.0550923878712   0.779175127596
0.2426919398   -0.953287431391   -0.179843530624
-0.772580684152   -0.0778087984414   -0.630130841461
0.586702402271   0.291871314172   -0.755375024165
0.946777268651   -0.180072833878   0.266808129683
-0.0854912036579   -0.939783327247   -0.330905654115
0.310328950733   0.290484203232   -0.905160135009
-0.994798195368   0.083966717079   0.0576727051253
-0.094754435596   -0.554938308388   -0.826477507751
-0.0373918096431   -0.827643077846   0.560007846611
-0.986229692465   -0.00341810146111   -0.165346031953
-0.0068729382715   0.99976976231   0.0203269547675
0.165238483471   0.0211834594202   -0.986026117619
-0.866865940498   -0.269412174859   -0.41947648473
-0.493976544835   0.350564396569   0.795670646066
-0.0673098384838   0.896951327495   -0.43697563061
0.891760018378   0.00244183565236   -0.452502051997
-0.443406937733   0.204269906173   -0.872733689623
0.0903014794661   0.978911560291   0.183242462152
0.235110787677   0.635055227749   0.735817759521
-0.339649706962   0.762992302006   -0.54998256667
-0.910692590328   -0.120613451941   0.395084043125
-0.492723969978   0.767640069121   0.409819245142
0.83034157353   0.273879811526   0.485306830888
0.260299751589   0.579412265247   -0.77235061093
-0.813254049982   0.577312694806   0.0729924832025
-0.559925122951   -0.810502101694   0.171959878572
0.158435181941   0.0989767425518   0.982395998341
-0.00946733908151   0.525411169552   -0.850795787719
0.482910237075   0.747441792182   0.456210993102
0.875618679802   -0.406538891386   -0.260802717341
0.682546622799   -0.721042991574   0.119277458087
0.724383667705   0.645795335603   -0.241281342989
0.0969453952848   0.251088408365   0.963097192145
-0.132431711177   -0.938964680873   0.317501448734
-0.968517804975   0.190706722196   0.16001314807
-0.210796355094   -0.286314991195   -0.934659629222
0.0380666662764   0.934896417754   0.352873372458
0.858928768926   -0.211078524286   0.466569637349
0.510678273308   0.285332340712   -0.811044484917
0.945073032076   0.0666359449593   -0.319994710709
0.0186627689805   -0.988402297921   -0.150706995587
-0.32632601045   0.136457129913   -0.935355967854
0.831381869202   0.153300672533   0.534137708239
-0.541344943679   0.00635276985141   0.840776601879
0.125498364589   -0.988159170436   0.0882701216123
0.144163176002   -0.695992992072   -0.703427845392
0.987718603941   0.057933353812   0.145105775025
-0.0602406682782   -0.715707678807   0.695797082763
-0.448469222698   0.398103492816   -0.800243066387
-0.851723791914   0.0811176686782   0.517674131202
0.271001731693   0.913746974187   0.302695438656
-0.232444082267   0.895699662115   0.379067096839
-0.180906205513   -0.422757021399   0.888003066247
0.955637323165   0.137835467661   0.260304995013
0.125804336485   0.777227138804   -0.61651540421
0.635899124475   -0.540171885953   -0.551222856128
-0.761449651923   -0.322695380092   -0.562194022784
-0.11401743845   0.458265511273   -0.881471919523
-0.926748464581   -0.368750681807   -0.0718346578147
-0.357962717509   0.808712344313   0.466740867109
0.933256359295   0.124746281325   0.336854468771
0.0781771414103   0.844748236736   -0.529423036042
-0.350600773524   0.520421734584   0.778614356262
-0.0547250671833   -0.877131068498   -0.477122893705
-0.0213251029712   0.47875666661   -0.877688608881
0.99827371347   -0.0378568732489   -0.0449049010997
0.921963996624   -0.158975386009   0.353141919873
-0.0540040137917   0.85017769928   0.523718861739
-0.383491793163   -0.501921015988   0.77524792053
-0.965879952251   -0.215131722771   -0.144202148726
0.195545302837   -0.970850241636   0.138606792238
-0.169817408937   0.105679469026   0.979792782913
0.172054574654   -0.10420946769   0.979559906379
0.276496858488   -0.949306289741   -0.14955619514
0.945487551788   0.296577064356   -0.134518899457
-0.352803600006   -0.237357315446   0.905091776908
0.857688033587   -0.468696465658   0.211411589372
0.374033229625   0.850873156166   0.368936329537
0.616020141267   0.533933944144   -0.579166408595
0.195853103529   -0.815961358765   -0.543919684181
-0.76299459198   0.221633942104   -0.607221251535
-0.368991734252   0.0939208791316   0.924675061044
0.789024230878   0.557452677554   0.258238795257
-0.49120857397   0.824879009765   -0.279801279674
0.73132586807   -0.309550538187   -0.607734266765
0.488386565458   -0.384297861993   0.783449880942
-0.476068311666   -0.869766415525   -0.129866643339
-0.990946939647   0.0285252831967   0.131188684814
-0.134011578517   -0.268876451797   -0.953806243685
0.00806595487277   -0.962752180931   0.27026501528
0.708590246982   0.631085451445   0.315643810104
0.285403645108   -0.665434996741   0.689739823753
0.645325205801   -0.398657018107   -0.651634836908
-0.502589894152   0.396764368802   0.768102489219
-0.851523345136   -0.0736825845481   -0.519113541938
-0.1493699802   -0.914958421123   0.374886244922
0.374101421115   0.875644567197   -0.305441841694
-0.425728059387   -0.130448751692   -0.895398650118
-0.823895470415   0.465005069993   0.323985398915
0.722468789581   0.669652575161   0.172058933687
0.563984653491   -0.714737977858   0.413607221448
0.399950195283   -0.201779710546   -0.894049657293
0.608954264506   -0.792856337292   0.0235272640998
-0.733471992618   -0.551556136189   0.39724635263
-0.301982681267   -0.259161449774   -0.91741037882
0.49466096975   -0.843945204043   0.20752594435
-0.786210903304   -0.332781019547   0.520700689988
-0.370382154715   -0.420729468425   -0.828132703054
0.632855114861   -0.687996391706   -0.355183570275
0.0527921985233   -0.419323754256   0.906300487086
-0.772468373054   -0.592307820407   -0.229050340569
-0.192302219254   -0.597436942459   -0.778517152191
0.324868172925   0.709834984595   -0.62497597143
0.926002444214   -0.37309971111   0.0575854050928
0.883003972283   0.455213792089   0.114387011606
0.3479647973   -0.471324107721   -0.810415995228
-0.314999182178   0.755403196295   -0.574579434243
-0.243137157939   0.786483350515   0.567739607384
0.629543364493   0.573229545946   -0.524483593526
-0.737942731282   0.229895252273   -0.634498777249
0.0951597822183   -0.00830302074517   0.995427383436
0.875958355607   -0.474348451419   -0.0876955294148
0.472907575633   0.880298021401   -0.0378657949341
-0.00735812771753   -0.732357259552   -0.680880828294
0.964709382219   0.174028256102   -0.197610662508
0.263214106414   -0.658306167721   0.705231397291
0.099167048515   -0.536715995469   -0.837915172733
0.994291252237   0.0201212814295   0.104785684892
-0.039380226173   -0.843523013463   0.535647387322
-0.410615636341   0.306116350227   0.858887407823
0.543807152738   0.838312756846   -0.0388008033441
-0.731893830978   0.451136899215   -0.510692586929
-0.0625803097119   -0.99771183294   -0.0255891236399
-0.951002034803   0.0518328103657   0.304808939454
-0.302785129486   0.0434103464844   -0.952069696598
0.483021745375   0.0695132611573   -0.872844717014
-0.222391910952   0.973894680006   -0.0455081333254
0.846895407614   0.216095022568   0.485871495133
-0.833618406166   -0.464310410786   -0.299159147173
-0.190620904972   -0.266501554835   0.944796587556
-0.518405269543   0.844625812834   0.13365333069
-0.692973227868   -0.114960289986   -0.711738882726
-0.349861979913   -0.809556155872   0.471397311725
-0.630384565539   0.575676091406   0.520780507809
0.0777004760665   -0.25799873583   -0.963015725899
0.664551826532   -0.706649315326   0.242935413233
-0.743191432857   -0.658850056887   0.116546542926
-0.88625226796   0.445778256748   0.125851751463
-0.463125741316   -0.847812767891   -0.258317746837
-0.00845371312052   -0.287219874681   0.957827373968
0.493091521516   -0.866461555072   0.078135299262
-0.55360048384   -0.2432226177   0.796473014314
-0.671108974535   -0.435989829951   -0.599604546746
-0.590293454789   -0.134859696355   -0.79584326317
-0.474969874838   -0.739155517846   0.477548676508
-0.652654008821   0.659895433183   0.372264371157
-0.352639902694   -0.899621584399   -0.257538548399
0.935654670849   -0.343095330728   -0.0826796888692
-0.01397984074   -0.27012330317   0.962724241482
0.640385707079   0.388236652399   -0.662705400538
-0.530520489762   -0.400333149721   -0.747182293137
-0.555386492554   0.830063654769   -0.0504001281765
0.747247893511   -0.554106096311   0.366861035917
-0.477847013595   -0.831665378691   -0.282833748845
0.461825526841   0.0360434726209   -0.88623814567
-0.673182287993   -0.411838681526   -0.614177911954
-0.6405435333   -0.090252347766   0.762599826692
-0.369499105656   0.906776385953   -0.203044322248
-0.900471634953   0.214076920288   0.378578798727
0.063856773342   -0.795954213095   0.601979404262
0.430201286776   0.566240198906   0.703063930236
0.57787052669   0.172349897745   0.797722487542
-0.356814375622   -0.825725399262   0.436876488682
0.733995337677   -0.537096897925   -0.415665450221
-0.456267135805   -0.474573131281   0.75272879834
0.423342487892   -0.859815659782   -0.285478841842
0.782688596269   0.188407468697   0.593212598492
0.757936075686   0.11366196771   0.642350264474
0.211977653133   0.888348176959   -0.407311908819
-0.616926559443   0.444880291303   0.649217333921
-0.658114190578   0.51397920732   -0.550191863446
-0.0511302344311   -0.759568078509   -0.648415016202
-0.751180012571   -0.398599684587   0.52616240854
-0.574619998398   -0.379706170687   0.725006952645
-0.557724343396   0.829993731733   -0.00734588781309
-0.598961947226   -0.408575120665   -0.688702371529
0.590310402324   0.540015391072   -0.599930834608
0.0720487822094   -0.775530927126   -0.627184784615
-0.803954353113   0.327009416494   -0.496711424908
0.907018076934   0.411939887356   0.087314015605
0.396260214853   -0.905133046651   0.153987044862
0.142464206875   -0.10506996272   -0.984207423612
0.666413833608   0.743224466995   -0.0592452026388
0.319494579158   -0.212870349564   0.923368522403
0.673658530908   -0.634274077932   -0.379315934017
0.225066984031   -0.204846687686   -0.952566368944
0.793817192569   0.605445434661   0.0573593098805
0.564977094652   -0.769073247612   0.298876600501
-0.262469179946   0.21047525034   -0.941705951225
-0.357510210518   0.885256271451   0.29750257685
0.896268028524   0.414754750246   -0.157105436552
-0.175731523024   0.196362993528   -0.964655382294
-0.08162879068   -0.979436545406   -0.184501474396
-0.981047996964   0.0463209271838   0.188146749526
0.557239837363   -0.819474064322   -0.133962761836
0.380380650309   0.108516299387   0.918441491679
-0.738101838858   -0.562749029916   0.37218168252
0.204160250127   0.887463927049   -0.413190477206
0.322952838233   0.337391347539   0.884233307947
0.924132055794   -0.313966330666   -0.217727092166
-0.478949560889   -0.590346387745   0.649691050116
0.139282030317   -0.781829178388   -0.6077364987
0.866722466626   -0.20058484065   0.456681385154
0.158144454267   0.485246845699   -0.859956877014
0.783353199077   0.468543614092   0.40844173047
0.601122364482   -0.738242765242   -0.306022094769
0.214617666465   0.532979085225   -0.818457422199
0.352012540853   0.739456418671   0.573839155138
0.911057862226   -0.41126329717   -0.0289149109838
0.247095775225   0.269566551114   -0.930740324895
0.785588318727   -0.618043085301   0.029559062763
-0.567269487409   -0.738482646535   -0.364484168959
0.943359206481   0.328025740667   -0.0497244508088
0.285763755623   -0.879504300255   -0.380540749205
-0.168560029426   0.344777173394   -0.923426346379
0.731457368542   0.606296973322   0.312048230479
0.0133950311995   -0.470312074206   0.882398507475
0.681755594876   -0.641256994501   -0.352134599067
0.602096804018   0.0160258719909   0.798262243889
0.379724631668   -0.885235748952   -0.268638926596
0.702345102279   0.464866475673   -0.539083033585
-0.752056290379   0.523099339142   -0.40097184127
-0.199759352707   0.398848691157   0.894994928795
0.628098349869   0.753184441523   -0.195462681705
-0.789323805091   -0.383430063218   -0.47953030909
0.353500245925   -0.92239133464   0.155665673522
-0.502001500842   -0.046643460445   0.863608059684
0.0251192274657   -0.966892199503   -0.253945858307
0.904193613258   -0.0863721566992   0.418298649639
-0.426383552866   -0.240123562123   0.872088149649
-0.618735123339   0.567884186634   0.542839200608
-0.654147341142   0.0102209402046   -0.756298081749
-0.435038048018   -0.823045006638   0.365155876065
0.994148842781   -0.106573995471   0.0176085742307
0.00281822138463   -0.137367886751   -0.990516088369
0.107982109746   0.984770047868   -0.136263776536
-0.441065549487   -0.896730651744   0.0365420207298
-0.87315840812   0.419345575057   -0.248482761997
0.207498374416   -0.141504158608   -0.967946794876
0.111895973587   -0.987874167894   -0.107628618416
-0.0141531291364   0.106713508466   -0.994189074596
0.993619132279   0.112769036167   -0.00204069874403
0.384231742249   -0.364312708239   0.848317286671
-0.838126375667   0.247701229131   0.485992057033
-0.387182317081   -0.897730667686   -0.210165414939
0.439813800913   0.204446915123   -0.87450859311
0.455032670653   0.788776245151   0.413252106738
0.774279722816   -0.579683960432   0.253884652655
-0.447509710581   0.208501017377   0.869633477213
-0.880211151483   -0.274502894544   -0.387138850661
0.157998062459   -0.93870947936   0.306367631482
-0.776409106031   0.623638793057   0.0909041025862
-0.614197682267   -0.781073036175   0.11263267403
0.141244848298   0.0316159446361   0.989469719028
-0.622438733861   -0.729904616112   -0.282505352106
0.735053155488   -0.669139039386   0.109315161697
-0.268825001063   -0.139614459669   0.95301674773
0.0162181379321   -0.722796428158   0.690870679247
0.83756999112   -0.367555396012   -0.404202351351
0.546089261913   0.585207958169   0.599431533804
0.992789328387   0.102873029993   0.0615344549094
-0.0840747848237   0.231665015216   0.969155689908
0.0854446019225   -0.967340922542   0.238643582728
-0.748626487427   0.0997447587937   -0.655445928675
-0.0429113784341   0.979255521956   0.198033422231
0.661601840931   0.176379153566   -0.728816436604
0.721745676042   -0.572342133283   -0.38923985097
-0.345809563149   -0.785312949624   0.513516618219
-0.599582292224   -0.236025535951   -0.764717608814
0.0415499913056   0.909158327281   -0.414372699581
0.85986029284   0.178674459283   0.478242317656
0.508835803594   -0.376173594947   -0.774325223304
-0.38131920384   0.838082614338   -0.390145096505
0.913657015676   0.405944958174   -0.020965415303
0.140806684814   -0.364453320025   -0.92051466856
-0.974628647153   0.221697717191   -0.0308078292263
0.123036440004   0.415665744464   -0.901157046974
-0.186978700874   -0.882083959196   -0.432396640075
0.593330206448   0.733014334822   -0.332639821822
-0.798328765186   0.482919655951   -0.359805209207
-0.103104067783   0.479039237266   0.871717247946
-0.65457526873   0.189175034737   -0.731945369409
-0.386589780687   0.748264580294   0.539118223904
0.649676503373   0.635856056124   -0.416662353537
-0.809312496285   0.474587294766   -0.346092737577
0.404479930389   0.0230369921827   -0.91425668327
-0.425921670344   -0.879906924986   -0.210605161601
-0.977167914182   -0.142148208934   0.157913755547
0.167912713777   -0.0612608218995   0.983896555666
-0.13018520671   0.987947872308   0.0837306010772
-0.61561174312   0.471417224635   0.631496620775
0.63311866214   0.773013693731   0.0401321436472
-0.469236551628   0.424518114597   -0.774339350024
0.94149548519   0.336447288974   -0.0197350730755
-0.33408107342   0.923944897556   -0.18632139615
-0.0444532085415   0.182013867667   0.982290621062
0.997061238306   -0.0559421916844   -0.0523388790267
-0.0260890600151   0.394410867822   -0.918563785641
0.0720294940684   0.91722981773   0.391792309076
-0.841692868442   -0.403762627369   0.358509213206
-0.531254503612   0.500525975189   -0.683551315231
0.096549301425   -0.765799901346   -0.635789857966
-0.344691183265   -0.754553282687   0.558423971339
-0.410278752383   -0.413957532065   -0.812594921834
0.844309974785   -0.509203795384   -0.166889667878
0.399996445226   0.237916953645   -0.885097942024
0.399577968878   0.823838699267   0.402028909877
0.824827430796   -0.514475772761   0.234466178048
0.2132373643   -0.378201200007   0.900829439339
-0.944026093058   -0.317283314308   0.0902553825955
0.251683456134   -0.869652316029   -0.424688458912
0.0454588826829   -0.578193260313   -0.814632459281
0.998431079117   0.052985529469   0.0181083936583
0.0326935810093   -0.814177552746   0.5796947838
-0.995500241773   0.0752709343006   0.0575634873829
-0.059298995551   -0.0210270102297   -0.998018784376
-0.0739114183115   -0.996941398122   0.0253958845656
-0.636907667221   -0.12631053535   0.760522367912
0.308642171935   0.862205248506   0.401674145485
-0.706462053573   0.490558618422   -0.510160375523
-0.816642982222   0.574433256495   0.0558629879241
-0.0418307265317   -0.155449185964   0.986957821237
0.575625251275   0.803655389091   0.150975447273
-0.95040000713   -0.0385594514841   0.308630839594
0.210448229988   0.650933288316   0.729381516531
-0.229022638493   0.758155012424   -0.610532233542
-0.598687469844   0.194292839959   -0.777060876504
0.51659635768   -0.64773642092   -0.559969402954
-0.612128676574   -0.736673483542   0.28742070552
0.277070641263   -0.107115103827   0.954860311398
0.760583027071   -0.582815096719   -0.286076951132
0.587150167063   0.805514070373   -0.0800110226716
-0.210138798138   -0.832311293879   -0.512932349924
-0.237050148614   0.552367324666   -0.799185563986
0.948498240673   -0.0463492041273   -0.313373321643
0.958037151759   -0.159487549058   0.238177533667
-0.160692618839   0.389245202861   0.90700940144
-0.237366168818   -0.907222075208   0.347282893555
0.995967180011   -0.0562622686897   0.0698851447919
0.0643527612971   0.99074580615   -0.119505103282
-0.0625147858841   0.123520462753   0.990370939006
0.898374292716   -0.365801597963   -0.243131283704
-0.172002326471   -0.80232036637   0.571574342842
-0.404151988583   -0.471668549551   -0.783702717546
0.821759418827   -0.569601097258   0.0163109647486
0.569326120084   0.821898683974   0.0187168980015
-0.0240671261002   -0.00609452894881   0.999691767575
