-0.495616581604   -0.814938201368   -0.30039962049
-0.0897482373728   0.392067748096   -0.915547996989
0.863892040667   -0.426800432116   -0.267454544209
-0.192327463639   -0.8589315788   0.474601611534
0.688631670621   0.226429207578   0.688851389034
-0.699139877956   0.459310741107   0.547938932871
0.787621609219   0.190740671377   -0.585892649701
0.285472289211   0.72970175051   0.621321919295
0.546038252125   -0.65662268586   0.520277690883
0.954950738448   -0.159664339706   0.250152724879
0.0505893394669   0.918179674499   0.39292086235
-0.292420597548   -0.362565006535   0.884893671672
-0.610842893235   0.758897421135   -0.22571146178
0.257777054677   -0.0789215903572   -0.962975790276
-0.748613351381   -0.646410153672   -0.147417649429
0.536181335859   -0.75609108951   0.375281013962
0.567411200419   0.652003791205   0.502927018456
-0.624943281199   -0.0567214299679   0.778606816478
0.243857089878   -0.953566310739   -0.176762582973
-0.769490533944   -0.0793114407296   -0.633714457418
0.5902694621   0.290552897752   -0.753100906732
0.946885773971   -0.177517129052   0.268132429863
-0.0822177497756   -0.939753296006   -0.331819204186
0.310881927221   0.292149638949   -0.904434085928
-0.994629734666   0.0852741831028   0.0586515525325
-0.0963488000002   -0.555944023395   -0.825616830975
-0.0377968207241   -0.826834056233   0.561174521691
-0.986069833201   -0.00925975897411   -0.16607390197
-0.0122080445369   0.999785331261   0.0167408196827
0.165883235139   0.0185350548638   -0.985971198383
-0.865408579648   -0.271903985951   -0.420875531121
-0.496256542238   0.348996447215   0.794940830576
-0.0692635153477   0.89681085088   -0.436958651575
0.892312149364   0.000728368336559   -0.451418317724
-0.442048234241   0.20410547114   -0.873461112618
0.0915007470027   0.97894863304   0.182447765587
0.237011016764   0.63249313889   0.737413186206
-0.338392039164   0.765253917014   -0.547610509693
-0.910668219366   -0.119745028093   0.39540425198
-0.495297980538   0.76613175052   0.409538827611
0.828488455135   0.274767496155   0.487964858125
0.261317412707   0.580986199408   -0.770823096381
-0.811361231124   0.580293890636   0.0703701152376
-0.563344121948   -0.808374835567   0.170802592163
0.156001131071   0.0989400106768   0.982789154087
-0.01034162016   0.521279838167   -0.853323139973
0.481483812604   0.750523141887   0.452645945184
0.87639396911   -0.406180186385   -0.258749429169
0.678674032813   -0.72398671613   0.123469802185
0.72805617599   0.641083152733   -0.24278920051
0.0966217459373   0.254667677863   0.962189488648
-0.127730093709   -0.939899994246   0.316659160576
-0.968710003553   0.186730179738   0.163501587122
-0.212804962765   -0.285866823522   -0.934341590122
0.034256534081   0.935403147143   0.351919653028
0.858015310089   -0.208090099281   0.469583047218
0.51248045575   0.285866162558   -0.809718666932
0.945669946954   0.0711320991714   -0.317251597153
0.0231599629781   -0.988032892386   -0.152494654587
-0.324302278042   0.136862076669   -0.936000429715
0.832627121482   0.153564480884   0.532118433042
-0.53945431137   0.00735689736455   0.841982732605
0.125383900548   -0.988111241851   0.088966573562
0.139806808987   -0.697110210265   -0.703200832554
0.988265955924   0.0541154179161   0.142835296427
-0.0615179365933   -0.714918789995   0.696495992228
-0.445317386263   0.399440659011   -0.801336125119
-0.85276885761   0.0835741363405   0.515558570122
0.272906029583   0.912941686891   0.303413538513
-0.229303973554   0.897070219189   0.377736296319
-0.181530650113   -0.420681386686   0.888860953111
0.956277318973   0.135248633043   0.259309653654
0.12329401367   0.778538556622   -0.615366802847
0.636450499385   -0.537807813793   -0.552895575362
-0.761399598125   -0.32348179435   -0.561809737099
-0.108704744997   0.459405603129   -0.881549641387
-0.927239075322   -0.366535877377   -0.0766756010179
-0.358344771988   0.809072272674   0.465823015726
0.932755294774   0.120840472561   0.339654442429
0.0826082923131   0.845439366687   -0.527643958836
-0.350917982029   0.520220969826   0.778605620608
-0.0534436330984   -0.87883638462   -0.474120646197
-0.0211929211327   0.475690498671   -0.879357384439
0.998345951149   -0.0369480519541   -0.0440477386672
0.921778091054   -0.162797730276   0.351883574311
-0.0502900436993   0.849706908348   0.524851485099
-0.384442534532   -0.50149284035   0.775054106963
-0.966541194131   -0.211564535385   -0.145046776645
0.191694658854   -0.971475282031   0.139602772788
-0.170444354012   0.107127138348   0.979526670599
0.169500813423   -0.10137978022   0.980301797617
0.278799532351   -0.949130574219   -0.146362474167
0.945272603544   0.298116241164   -0.13261376906
-0.354454193456   -0.236696313374   0.904619853849
0.858186864136   -0.466514177767   0.214195770658
0.371318638054   0.852255464739   0.368487573543
0.614952200493   0.536699149531   -0.577743726925
0.19687857969   -0.813945952859   -0.546562723467
-0.76359191717   0.222364585122   -0.606202421074
-0.371811308002   0.0939032345974   0.923546714451
0.787387970433   0.558865839843   0.260171399416
-0.491707774251   0.823924241413   -0.281730916217
0.729239105704   -0.311118282455   -0.609438873911
0.488446957278   -0.387054053358   0.782054173127
-0.479197137551   -0.867983049432   -0.130290173311
-0.990432802642   0.0345206027961   0.133608350915
-0.137965214535   -0.268119399856   -0.953455603056
0.00290912870608   -0.962767009927   0.270316891012
0.70628667261   0.632858654549   0.317252359259
0.287489759174   -0.665935719023   0.688388884643
0.646922541316   -0.394993090435   -0.652281905349
-0.502006759973   0.397097100443   0.768311854498
-0.851695264505   -0.0725515056604   -0.51899080478
-0.150347561874   -0.914904460502   0.374627066283
0.373922284287   0.87598398617   -0.304687021856
-0.42461702835   -0.130375143549   -0.895936772981
-0.824549879965   0.464386022527   0.323207545599
0.721719047638   0.670459294479   0.172063798413
0.563675547264   -0.713550159422   0.416072166101
0.401735601725   -0.203299051733   -0.892904251234
0.609367884542   -0.792672989368   0.0184475802079
-0.732220452488   -0.553664528516   0.396621732664
-0.304177563681   -0.255196241724   -0.917796757438
0.49621018998   -0.843893331321   0.204008560391
-0.784436290056   -0.335081604806   0.521900397551
-0.372068749297   -0.419004013672   -0.828251460803
0.632100591169   -0.687084349046   -0.358279136902
0.0546011014903   -0.421721065083   0.905080141745
-0.772960259237   -0.591664128169   -0.229054572273
-0.193503098326   -0.599592794658   -0.776559741122
0.323076174158   0.708430551676   -0.627493377768
0.926379153819   -0.372309862944   0.0566306394526
0.881979443846   0.456597198928   0.116752980968
0.350567101778   -0.470038517331   -0.810041047958
-0.314984075446   0.755369307132   -0.57463226681
-0.243570687181   0.78561684964   0.568752570024
0.629384187634   0.574202994282   -0.523609077188
-0.737935542376   0.230428051504   -0.634313840601
0.0925337073691   -0.0051810427377   0.995696073005
0.87566973397   -0.475574442811   -0.0838538392307
0.473962055453   0.879660221984   -0.0394697840075
-0.0112884068707   -0.734980935852   -0.677993802187
0.963953366039   0.172256485647   -0.20278464255
0.265831676012   -0.655843523325   0.706542845793
0.0966833531771   -0.539370607969   -0.836499657189
0.994633124754   0.0212492394529   0.101259157433
-0.0368412317891   -0.841800342766   0.538530320928
-0.414381045588   0.305199173741   0.857404113242
0.544206388996   0.838206201297   -0.0353520902278
-0.729470873465   0.451955560265   -0.513428102378
-0.0584403707397   -0.997953364355   -0.02595776646
-0.950754162692   0.0477104560219   0.306251913481
-0.304386670524   0.0425769298796   -0.951596532071
0.483597910223   0.063918718531   -0.872953296946
-0.220740374477   0.97399997015   -0.0509680804383
0.84699867078   0.217344094857   0.485133791987
-0.833653067895   -0.465591832835   -0.297063642319
-0.1870459949   -0.268074501481   0.945066059833
-0.51965022677   0.843421784669   0.136394042994
-0.691916411586   -0.112743164153   -0.713120367339
-0.352037233137   -0.809670842505   0.469577377312
-0.630334407964   0.575953214883   0.520534752348
0.0770095176653   -0.254785742363   -0.963926221076
0.664335026186   -0.707800541589   0.240161125724
-0.743457132033   -0.658864643774   0.114755714514
-0.885024638837   0.448280348329   0.125603017297
-0.465460633637   -0.846940894767   -0.25697766305
-0.00881970444972   -0.285894823448   0.958220414487
0.494530046401   -0.865753165885   0.0768862079129
-0.554111328761   -0.245886693261   0.795298918279
-0.669627260904   -0.435902729789   -0.601321994955
-0.589449942194   -0.131945153644   -0.796956235986
-0.477552806701   -0.738794823674   0.475526576885
-0.65153056909   0.66088780057   0.372471787655
-0.353719578411   -0.899710867046   -0.255739741862
0.935267688906   -0.343871405658   -0.0838260488095
-0.0125223774614   -0.268836031978   0.963104551943
0.640195123038   0.390613378024   -0.661491793862
-0.529474539487   -0.399530955452   -0.748352675996
-0.556603015149   0.829334796415   -0.0489579307365
0.746400859475   -0.552426054346   0.371094612537
-0.475970426182   -0.832859339629   -0.282484466462
0.465121393159   0.034216587673   -0.884585391443
-0.67170562607   -0.414957909774   -0.613694944596
-0.641440035098   -0.088673709035   0.762031268846
-0.370629509456   0.905509197326   -0.206607986966
-0.901057397959   0.215245383215   0.376516919392
0.0615338747464   -0.795919815377   0.602266743021
0.429312412868   0.565845449301   0.703924555377
0.577816357218   0.174388101338   0.797318661166
-0.355221741868   -0.825793035   0.43804494912
0.734810024044   -0.536334460441   -0.415210278182
-0.457783439123   -0.474844151866   0.751636450888
0.423485247893   -0.859816823977   -0.28526351681
0.781725378686   0.187718034949   0.594699396059
0.754555014506   0.112283394568   0.646559486349
0.214595694987   0.888866281936   -0.404802940368
-0.620157574958   0.444194970865   0.646602977167
-0.659924218641   0.513985251992   -0.548013856017
-0.0527214667154   -0.759270403757   -0.648636185335
-0.749480134893   -0.399158633519   0.528158984292
-0.573175960083   -0.380367482757   0.725802932513
-0.560303397535   0.828244599522   -0.00842532334696
-0.597937640138   -0.411499041826   -0.687851086415
0.590768800273   0.54234845668   -0.5973695474
0.0731958742887   -0.77335313803   -0.629735887405
-0.803513900696   0.328303328396   -0.496570574997
0.905428324916   0.415774322951   0.0856227821051
0.400361816042   -0.90343927882   0.15332281546
0.141102674307   -0.104542727436   -0.984459675885
0.664147011086   0.745055094671   -0.061657550798
0.321304222567   -0.209996195937   0.923398719001
0.675035068886   -0.63308333069   -0.378857693834
0.224253381809   -0.207665186506   -0.952147882979
0.793972533129   0.605465549462   0.0549462014258
0.56508232797   -0.768301138049   0.300658151208
-0.259219472197   0.2065386551   -0.943476045898
-0.36321173017   0.884311063083   0.293378906495
0.894920389923   0.4187310923   -0.154213384765
-0.204286108385   0.012177811994   -0.978835474846
0.328176644388   -0.941205536463   -0.0802011733666
-0.922262043022   -0.337614927137   0.188278742758
0.55579693674   -0.819679102815   -0.13862154782
0.384694074297   0.105774162498   0.916963628367
-0.736953346089   -0.562972463764   0.37411464918
0.204344915109   0.886967319496   -0.414164375357
0.322368592191   0.33851713349   0.88401619957
0.924295216063   -0.314157801876   -0.216756151199
-0.479613514356   -0.587806593284   0.651501562346
0.138170703326   -0.783796913037   -0.605451282811
0.866533169353   -0.200364188433   0.457137242417
0.156243472723   0.485594566858   -0.860108071041
0.782384165765   0.470670798236   0.407852935318
0.602878921833   -0.736659294604   -0.306382260065
0.212436750037   0.5321643561   -0.819555809772
0.352122440829   0.740664614731   0.572211250457
0.911526419748   -0.410142690514   -0.0300426283713
0.244025471865   0.271493672257   -0.930990201348
0.786414452805   -0.617145033099   0.026159444579
-0.567453854953   -0.738527720567   -0.364105655619
0.942489813717   0.330933686379   -0.0468598576491
0.28948716021   -0.87832320842   -0.380454367336
-0.167063266798   0.345009038679   -0.923611730175
0.730283096899   0.60890254888   0.30971645799
0.0168651343724   -0.469300152786   0.882877643753
0.682936428685   -0.639527210181   -0.352991192258
0.601308864124   0.0165906627171   0.798844415288
0.38326856738   -0.883245877846   -0.270151669487
0.701094041613   0.468616548127   -0.537462255081
-0.752181576285   0.522475219443   -0.40155014801
-0.200104122667   0.399491819522   0.894631000037
0.627838527322   0.753276795875   -0.195940941119
-0.791174488674   -0.379396239713   -0.479688880176
0.349986462604   -0.924072848505   0.153619161075
-0.50155000196   -0.0463450531093   0.863886411276
0.0240585942157   -0.965846942315   -0.257993930288
0.903374358331   -0.0895273729213   0.41940388435
-0.428177478102   -0.243155369093   0.870367459023
-0.617350978499   0.56865680984   0.543605741295
-0.655433832368   0.0103548270439   -0.755181613219
-0.435068110454   -0.822509702179   0.366324349568
0.994207517176   -0.105753334296   0.0191740729994
0.00439179161539   -0.138277796084   -0.990383745463
0.107387731872   0.984731173161   -0.137012377718
-0.437961928333   -0.898232992095   0.0369708160946
-0.874648980939   0.416235942262   -0.248468912568
0.207794392305   -0.141156410701   -0.967934067096
0.112469511572   -0.988122306037   -0.104713500937
-0.0120888151735   0.104013647028   -0.994502399082
0.993581637066   0.113117061241   -0.000246863848382
0.386651393062   -0.367719314195   0.845744173028
-0.837073121354   0.2449529342   0.489189788869
-0.38705205044   -0.897095628122   -0.213096560872
0.441769534811   0.201746197955   -0.874149958373
0.456125524725   0.788538585227   0.412500188245
0.772521316086   -0.580952124722   0.256330733573
-0.446933425764   0.209090765576   0.869788229793
-0.880223841671   -0.276203682824   -0.385898320997
0.159550936974   -0.938079195668   0.307491335106
-0.775981112535   0.624339472483   0.0897414959165
-0.61466692485   -0.780424642044   0.114551078502
0.141555234751   0.0337283440114   0.989355605596
-0.624846401822   -0.728118191166   -0.281799350289
0.732729641706   -0.671512905837   0.110352568884
-0.269581613422   -0.137529331371   0.953106204322
0.0146816652843   -0.722817582064   0.690882907418
0.837103909722   -0.369003205181   -0.40384858412
0.546846864335   0.584269952697   0.599655842414
0.992842505239   0.101729509416   0.0625688956693
-0.0848636062368   0.232291265792   0.968937013522
0.0840352790659   -0.967311674049   0.239261775304
-0.747811039263   0.0973135574522   -0.656740984781
-0.0477497005322   0.978754215995   0.199399475355
0.662192279972   0.180472314244   -0.72727651422
0.721252077539   -0.572267789162   -0.390262755247
-0.341773632725   -0.784070941523   0.518096074714
-0.602483381198   -0.240296350674   -0.761098836705
0.0390556452213   0.908401414503   -0.416270977496
0.858409163392   0.182736807104   0.479313016237
0.511476651257   -0.376050700649   -0.77264319434
-0.381406657961   0.836751294326   -0.39290740984
0.913461095332   0.406367917173   -0.0213059430064
0.141837190391   -0.367031861473   -0.919331183027
-0.975195677222   0.219604109591   -0.0277024579962
0.119111429244   0.415163796548   -0.901915455827
-0.186563282967   -0.882843733107   -0.431023299094
0.594601211527   0.731898163395   -0.332828000128
-0.797262097077   0.483152956849   -0.361851307655
-0.104031475111   0.480508375273   0.870797998091
-0.654541981345   0.188786265261   -0.732075502052
-0.388022226229   0.747170677164   0.539606088864
0.648855566832   0.637256404625   -0.415801308506
-0.810544050779   0.474164359171   -0.343782638071
0.402594039429   0.0247680781142   -0.915043486247
-0.425366173036   -0.880087894928   -0.210971363077
-0.977683369911   -0.141925262784   0.154894957899
0.164598095516   -0.0593204369111   0.984575315919
-0.130547673864   0.988098327875   0.0813572326237
-0.618529670036   0.46761217746   0.631474384892
0.62865235424   0.776622278902   0.0406700555848
-0.471399262614   0.422133494766   -0.774329418144
0.942589351925   0.33338145213   -0.0195479158141
-0.331226536832   0.925822017962   -0.182051015801
-0.0425945411437   0.178074137459   0.983094759742
0.997003492697   -0.0564614679844   -0.0528785228821
-0.0263154704969   0.395248319928   -0.918197289043
0.0727429141681   0.91683742737   0.392578145356
-0.840920704474   -0.403561899847   0.360541484129
-0.532465597588   0.498096977351   -0.684382779254
0.0966061911641   -0.767487585662   -0.633742889256
-0.345101628583   -0.750881633352   0.563100025434
-0.410413268001   -0.418829721558   -0.81002630438
0.844076901353   -0.510645118487   -0.163632966017
0.396337464106   0.233859841347   -0.887821034416
0.402589812174   0.824817026376   0.39698654402
0.825129115763   -0.514768343631   0.232756298982
0.216936641749   -0.376626324715   0.900605965447
-0.94314128455   -0.318873044884   0.0938322898825
0.251839255964   -0.869754328979   -0.424387083188
0.0448992385325   -0.578103703829   -0.814727049998
0.998505765307   0.0513996381295   0.0185556958671
0.0311495590364   -0.81434279319   0.579547685831
-0.995022009344   0.0770829767295   0.0631618209005
-0.0650858068795   -0.0227058129856   -0.997621312823
-0.075465479948   -0.996766101327   0.0276097913978
-0.64060303871   -0.126556527134   0.757371238056
0.306102766404   0.862478220691   0.403029050111
-0.704222154718   0.490015065354   -0.513766865934
-0.81554926301   0.576278396145   0.0527504477763
-0.0449825576495   -0.154009850334   0.987044849795
0.576936711531   0.80261084975   0.151525096113
-0.951407585937   -0.0395472098901   0.305384386652
0.207391407059   0.650781225069   0.730392087427
-0.227623394446   0.758234670328   -0.610956442812
-0.599727931387   0.195734724953   -0.775895821462
0.515583513875   -0.647009515409   -0.561740444681
-0.611964090886   -0.736930528895   0.287112080985
0.275469789145   -0.106265260593   0.955418279948
0.762158005076   -0.581561482891   -0.284431743862
0.58585968505   0.806532042767   -0.0792117000448
-0.20779585843   -0.833065620782   -0.512662220853
-0.239526784381   0.551481238436   -0.799059048643
0.948392218854   -0.0432448277145   -0.314137046673
0.958440554191   -0.161640725246   0.23508292159
-0.156658549325   0.390473049613   0.907187354657
-0.238431967246   -0.90631290042   0.348922804539
0.995664054212   -0.0598175254428   0.0712387170041
0.0683228496355   0.989970415942   -0.123655019218
-0.0631274850455   0.127986089909   0.989764861683
0.899034243424   -0.362970361661   -0.244928450178
-0.167197406408   -0.801528311773   0.574105733046
-0.404700452732   -0.475189311729   -0.78128910243
0.819677477016   -0.572597558967   0.0161514438375
0.572351527725   0.819820448005   0.0175545362774
-0.023292968544   -0.00514475445066   0.999715444073
