-0.514208925547   -0.7727850807   -0.372011290064
-0.0699713559289   0.470102327591   -0.879833967828
0.85480593718   -0.42638834487   -0.295803632706
-0.138616544315   -0.862054497896   0.487491021763
0.711623668566   0.255636120446   0.654401962298
-0.688750468587   0.437621087907   0.578022988678
0.770477739792   0.21784442547   -0.599089191003
0.258859197667   0.75190456011   0.606326189661
0.582542675062   -0.622240579501   0.522934692819
0.949743679858   -0.196774089769   0.243447941386
0.102128280414   0.929944949941   0.353231092089
-0.295899910289   -0.310616077617   0.903305538241
-0.609552849186   0.731111520206   -0.306465771451
0.404672431926   -0.0454588504033   -0.913331109598
-0.681678477648   -0.68074182914   -0.268151105107
0.598939875307   -0.682652880488   0.418635964208
0.534348921764   0.730065701457   0.425999180006
-0.596441326181   -0.0314502196677   0.802040290825
0.22878173874   -0.949162583302   -0.216215879342
-0.819416848264   -0.0678540433201   -0.569167688459
0.525561551866   0.307386107795   -0.793283578511
0.9473471995   -0.195883180396   0.253304289812
-0.113393775586   -0.945024123556   -0.306710380579
0.299458069281   0.261838090305   -0.91747789031
-0.99382208861   0.0811188648897   0.075745534188
-0.107340358728   -0.529068866101   -0.841762545087
-0.0282082182791   -0.844692763484   0.534507653584
-0.985979431636   0.0759751370473   -0.148567624139
0.0650590999589   0.994905435498   0.0770096612718
0.153661556364   0.0662642661418   -0.985899169859
-0.89035770516   -0.220633880416   -0.398225875194
-0.454401514736   0.376936003188   0.807117409617
-0.0279717762732   0.899577645517   -0.435864244254
0.894857330247   0.0354838816017   -0.444939605621
-0.443656379879   0.180103516682   -0.877913287217
0.0489834165431   0.983007435081   0.176909602561
0.192615134349   0.685295938685   0.702331037647
-0.37614146429   0.712625983593   -0.592183929493
-0.906320588347   -0.150112237778   0.395030767419
-0.442617758745   0.803617833128   0.397854116382
0.864873898358   0.265409313191   0.426088061803
0.236817777168   0.532687783556   -0.812502963482
-0.839482650526   0.520978173733   0.154436465768
-0.484336119588   -0.846247572644   0.221999029404
0.246348133194   0.111565175066   0.962738702341
-0.0167664823993   0.598885822122   -0.800658889371
0.516286082122   0.690944183237   0.506008712434
0.856252046114   -0.404885054939   -0.320781118229
0.732946022647   -0.680115022317   0.0152867362705
0.666764816128   0.713737915217   -0.214482792679
0.134962246053   0.167396967719   0.976608133971
-0.217397548971   -0.918835513739   0.32936242104
-0.962219695482   0.25840964596   0.0857771094296
-0.163925481023   -0.298271275128   -0.94029925189
0.116269492828   0.922189699215   0.368846260249
0.869452580293   -0.274026897409   0.411049230773
0.480139162805   0.272901847116   -0.833661181885
0.916937830629   -0.0115392189362   -0.398863211124
-0.0573251048581   -0.993022404662   -0.103055015371
-0.394890930656   0.117359917631   -0.911201296432
0.816282578197   0.127703406892   0.563360091238
-0.566387654379   -0.0147255661599   0.824007392363
0.113524347604   -0.991703079339   0.0603094099751
0.209647477998   -0.660577174866   -0.720892315825
0.976314620846   0.101115373828   0.191273213748
-0.0534574231613   -0.743917654867   0.666129737128
-0.505588611086   0.343799220461   -0.791316783817
-0.845701346569   -0.0159209694865   0.533418930244
0.170790482028   0.938908205705   0.298800924543
-0.299159377118   0.863803828417   0.405396858762
-0.17649060593   -0.467614077807   0.8661340198
0.937739160482   0.18756337662   0.29234439733
0.160923471145   0.747586644944   -0.64437399446
0.642267517138   -0.575051269195   -0.50676273958
-0.749397139615   -0.33231046643   -0.572689864619
-0.222516212561   0.426713407136   -0.876585536795
-0.90982334709   -0.413949717944   0.0294466993625
-0.350297034296   0.804090355112   0.480344343757
0.948916924347   0.186034481157   0.254848665895
-0.0132849367554   0.830534865482   -0.556808178526
-0.315246223044   0.52497905581   0.790580046433
-0.0838592810784   -0.845796749712   -0.526873304651
-0.0275703431833   0.530502661493   -0.847234797636
0.99609612847   -0.056522423211   -0.0678064784559
0.923270132421   -0.104961074723   0.369534078771
-0.105980718884   0.855022003442   0.507646984483
-0.369242941442   -0.507858785907   0.778292428187
-0.961540545355   -0.266112077986   -0.0680010410819
0.261142569653   -0.962467554535   0.0738969876361
-0.0851136766527   0.0532969831845   0.994944769135
0.206283144903   -0.160143102237   0.965298633033
0.243891239074   -0.946965511248   -0.209220897639
0.947609797138   0.278586624432   -0.156285524141
-0.338145866492   -0.242764888779   0.909242861809
0.837718403077   -0.517884648704   0.173272524602
0.428818434912   0.820280866175   0.37848916823
0.639854921696   0.491253736215   -0.590978380177
0.191010761265   -0.846537136929   -0.496880030672
-0.74437931746   0.205047902829   -0.635495703591
-0.327795263288   0.0865842141908   0.940772788307
0.812612808538   0.53375748074   0.234015758347
-0.481882442891   0.841193274823   -0.2453226154
0.764400538814   -0.262101886625   -0.589062320378
0.503399343814   -0.328228772409   0.799284038131
-0.402841056633   -0.907506734956   -0.118956332745
-0.990364944456   -0.0952531408055   0.10051923179
-0.069482457935   -0.286092240232   -0.955679558282
0.119789251739   -0.95345585595   0.276717303258
0.744289869731   0.612051548156   0.267255481169
0.247986907807   -0.624834163743   0.740327469013
0.620108928634   -0.484742375101   -0.616838509182
-0.493532739795   0.396615107842   0.774029644769
-0.860632621037   -0.094342136287   -0.500410884101
-0.125446906526   -0.913124316592   0.387900832805
0.386365561801   0.874225960109   -0.294024868549
-0.460621086118   -0.0932959733854   -0.882680053232
-0.799093153317   0.476471228955   0.366640560087
0.717714849091   0.674203058571   0.174171269755
0.591727828692   -0.722361100582   0.357844403502
0.367074341443   -0.153768254785   -0.917394000239
0.622351126427   -0.775698235853   0.104744080164
-0.738631066543   -0.537713589076   0.406556568832
-0.259042897938   -0.330388170214   -0.907601473121
0.473170934131   -0.840350961204   0.264423011663
-0.809717364148   -0.296595773743   0.506348434574
-0.347083645958   -0.453697265807   -0.820787264587
0.648385521891   -0.695600611994   -0.30941235204
0.0276738974617   -0.384616557773   0.922661508294
-0.760809023607   -0.606803009288   -0.230129827529
-0.161705376432   -0.564996922801   -0.809091990109
0.352368607051   0.732776560924   -0.582129604577
0.921785081241   -0.379232104371   0.08059326905
0.888918926753   0.451309675767   0.0783754950212
0.320237997619   -0.489948987484   -0.810800600977
-0.327522161909   0.745834811619   -0.580051434992
-0.227391089336   0.793211509746   0.564897152849
0.626252160021   0.563341471303   -0.538938418354
-0.745722149704   0.231218268127   -0.62484925216
0.108714879719   -0.0741992294631   0.99129992902
0.881615857652   -0.453529003046   -0.130632778937
0.459276120067   0.888147463963   0.0161098663051
0.0662044102664   -0.680115682337   -0.730109330649
0.968401960682   0.220121083393   -0.117236304931
0.240446706381   -0.699277746882   0.673198346779
0.147957630705   -0.514427520623   -0.844673230037
0.982676562962   -0.0199092921284   0.184256323343
-0.111603369666   -0.857302715563   0.502570136167
-0.404095879391   0.34733328572   0.846206894849
0.52224620035   0.847109088127   -0.0983112355378
-0.750976315525   0.402201170366   -0.523706780629
-0.114798003793   -0.993160888481   0.0212806935414
-0.964814698902   0.116571418792   0.235677111965
-0.236546010553   0.00652333606173   -0.971598389757
0.464936167421   0.185489249151   -0.865695153431
-0.229784984022   0.969580265482   0.0843384248421
0.855004807789   0.159711762987   0.493415576793
-0.810232925981   -0.369203810331   -0.455204516776
-0.379641720415   -0.261115151855   0.88751960068
-0.446536414838   0.891912228814   0.0713989237679
-0.697984033374   -0.143096968819   -0.701670539975
-0.330945234124   -0.804464383417   0.493266974187
-0.635053967128   0.576506993304   0.514146035195
0.0603456262851   -0.324219496923   -0.944055148391
0.672845554259   -0.685400062609   0.278398301521
-0.737317615077   -0.652003429432   0.176788751074
-0.900267221432   0.42110147766   0.110419543233
-0.4352137764   -0.864527070163   -0.25136012768
-0.0103874369906   -0.274347390124   0.961574547648
0.488753191052   -0.866728113534   0.0995122879124
-0.541123658385   -0.211700583327   0.813859969132
-0.684328506328   -0.451625110272   -0.572476423269
-0.587738405093   -0.191438380601   -0.786075641152
-0.432598204274   -0.746684423323   0.505293148208
-0.683682938823   0.637035099818   0.356039212394
-0.344124457048   -0.888281684419   -0.304194028848
0.936151482892   -0.349481581286   -0.0385100690885
-0.0721024211823   -0.298023947808   0.951831375503
0.646385870388   0.356201089607   -0.67476372926
-0.548625437094   -0.397631872509   -0.735458376619
-0.530278640279   0.845582448805   -0.0616026455265
0.7614037525   -0.583990349756   0.281459761016
-0.521084147024   -0.809609144705   -0.270193161516
0.385662595281   0.0590618675875   -0.920747554109
-0.691646180103   -0.345701682685   -0.634126097979
-0.625384058072   -0.152529286202   0.765264396637
-0.361275990703   0.925864549186   -0.110700023045
-0.896834237239   0.192627444992   0.398224833921
0.096631548849   -0.793166993822   0.601289001794
0.431683558504   0.577737645776   0.692725427547
0.564186137563   0.149982425155   0.811910878315
-0.381297019045   -0.824888794545   0.417338064286
0.732329560682   -0.545035548179   -0.408202971293
-0.444544551033   -0.467177761842   0.764280760577
0.401347202499   -0.86666883301   -0.296320024528
0.800812440708   0.175014492916   0.572773395049
0.810093242474   0.130510333198   0.571590755197
0.170438194984   0.880386494814   -0.442572526756
-0.560981069367   0.455945909815   0.690951204598
-0.622257294609   0.531106075641   -0.575084511809
-0.0290175674519   -0.749783090403   -0.661047122469
-0.782274785536   -0.394653840425   0.481969403752
-0.589829303935   -0.383302006308   0.710760834726
-0.513392544521   0.857384450704   0.0363317893866
-0.623321335628   -0.343469759441   -0.702494866102
0.566403695513   0.485552889511   -0.665901828497
0.0387721876861   -0.822812917954   -0.566988200503
-0.82321538565   0.295325741402   -0.484870225209
0.928079236154   0.354724209428   0.113312252938
0.33744450715   -0.92980683292   0.146936918609
0.157480589325   -0.0981325058387   -0.982634151291
0.683343749532   0.730073097518   -0.00588151818411
0.30336601194   -0.276602767742   0.911844269422
0.664086126022   -0.624887334772   -0.410494136458
0.203871456381   -0.161838516328   -0.965528209793
0.796532911426   0.600817460119   0.0674811131541
0.569185163448   -0.782832468827   0.251399235205
-0.315679509162   0.281021962938   -0.906296366451
-0.252106677009   0.895966160414   0.365632141368
0.914761537726   0.343905940252   -0.211990644502
-0.166091360973   0.0732943342191   -0.983382733416
-0.0486669345722   -0.996627999184   -0.0660617947207
-0.984908721298   0.0368859297531   0.169098311336
0.554282090006   -0.831924522707   -0.025941341848
0.287085747732   0.161834818865   0.94413519416
-0.781251008414   -0.530764618189   0.328535815294
0.171247776035   0.87862351454   -0.445752082328
0.392439116048   0.354163008843   0.848858117333
0.903695601073   -0.320295617928   -0.284156607767
-0.466330456024   -0.633839858308   0.617076121564
0.201445815781   -0.755330170097   -0.62361519982
0.861368381756   -0.166503357808   0.479917850001
0.168178507709   0.4481346086   -0.878004192541
0.813543971872   0.439870632887   0.380341993678
0.556652670322   -0.778260367035   -0.29060042279
0.259897080517   0.52263433077   -0.811977132584
0.371287835863   0.722144524208   0.583654546025
0.891402743141   -0.45316734487   -0.00636451606616
0.281160963505   0.249500893792   -0.92665949334
0.768855976055   -0.636416095451   0.0619277121729
-0.574289997027   -0.729879344445   -0.37076561581
0.948654034349   0.299562235107   -0.101577509371
0.234698767777   -0.881890887463   -0.408882563842
-0.212066054606   0.364047977481   -0.9069162357
0.75446225135   0.560930039832   0.340799356956
-0.0363611397834   -0.482721141222   0.875018952556
0.655335470428   -0.672560621976   -0.343798823393
0.606518857513   0.045931948674   0.793741224564
0.334531778973   -0.920400790862   -0.202363220566
0.721265113768   0.388268773238   -0.573606132629
-0.736881794769   0.523291424909   -0.427985169317
-0.209275195715   0.425415884979   0.880468748603
0.642813435607   0.73836807178   -0.203969305483
-0.760575903318   -0.453775594365   -0.464340398037
0.400000711456   -0.890846416688   0.215388237164
-0.511393905054   -0.0219173865271   0.859066878678
0.0348878242392   -0.983145096042   -0.179467433952
0.928467155112   -0.0345579235761   0.369803315015
-0.369772337524   -0.179531250894   0.91161227962
-0.633094575269   0.558085388662   0.536406522823
-0.625183185064   0.039965561551   -0.779454128864
-0.456439748356   -0.828820519082   0.323603620606
0.989715920039   -0.141049164598   0.023822904695
0.00263992282152   -0.148500743349   -0.988908772351
0.14302247526   0.978801646091   -0.146601190922
-0.472321989435   -0.880947411282   0.0290447387751
-0.851109344305   0.447260778086   -0.274901219392
0.229182945118   -0.154562139416   -0.961033674085
0.108756735986   -0.98204119184   -0.154165722218
-0.0624332944458   0.148031538732   -0.98701000364
0.992105869412   0.11696906031   -0.0452126399125
0.344514741214   -0.281343478213   0.89563130827
-0.853821958789   0.30269126285   0.423516306752
-0.39025332257   -0.9106172888   -0.135935637571
0.367332930633   0.263134741503   -0.892091153351
0.440484156577   0.795543874189   0.416033234303
0.819170449832   -0.545774726471   0.176322778075
-0.426506213902   0.224626838269   0.876147951565
-0.897047792136   -0.229013501957   -0.377965705514
0.115748469217   -0.94715130758   0.299176690976
-0.770156884845   0.627579474651   0.114027960264
-0.623198227222   -0.778441335393   0.0751868136032
0.135949778642   -0.0131563805441   0.990628369944
-0.583560198399   -0.75602296921   -0.296457020276
0.778314479411   -0.624860850396   0.0614450061634
-0.231698221798   -0.194879931416   0.953067545532
0.032152171617   -0.742661228543   0.668895012299
0.861461690264   -0.31875785963   -0.395319090269
0.506803703683   0.588937795139   0.629525439828
0.989613316256   0.140784667312   0.0290716655692
-0.0590430700734   0.213669892105   0.975120040346
0.131070210824   -0.966708257262   0.219762929488
-0.766876961164   0.104566727378   -0.633218387258
0.031265762451   0.991553270146   0.125875194383
0.641032119737   0.0767327308789   -0.7636687171
0.744059861922   -0.551158551792   -0.377623056318
-0.420209350665   -0.825475112886   0.376848695924
-0.519421816533   -0.121717249363   -0.845804875676
0.0887442528802   0.927559760565   -0.362983950281
0.886049697698   0.0929602380111   0.454174335865
0.455016912642   -0.361927181529   -0.813614358575
-0.415160215038   0.847693380785   -0.330239198192
0.906208449506   0.417327787752   -0.0679982618502
0.0801763175351   -0.327495724772   -0.941444798362
-0.961597360192   0.262147064935   -0.0812984207535
0.178863449908   0.373862870282   -0.910073854427
-0.20817872888   -0.889665932005   -0.406394077554
0.597614998699   0.729532475991   -0.332623931497
-0.800123177567   0.515954698792   -0.305930792033
-0.0515675678071   0.448968946887   0.892058109476
-0.643769247306   0.1689279282   -0.746340747445
-0.361246774421   0.792714483147   0.491023946645
0.674582777866   0.585719304174   -0.449300536973
-0.79387172909   0.473499621563   -0.381530845582
0.434880427781   0.00354363491434   -0.900481235887
-0.425025518392   -0.880786893086   -0.208728909556
-0.973894160013   -0.148635669217   0.171573899321
0.186163828463   -0.090457903337   0.978345744967
-0.129896859329   0.98474606146   0.115767009015
-0.572896517429   0.520014289345   0.633541410797
0.6945031078   0.718469643428   0.0382988867742
-0.435264303124   0.461937777573   -0.772760296649
0.933945070971   0.357410189017   -0.00213569546597
-0.345638460543   0.901630907719   -0.25999184764
-0.0909981263663   0.243556283089   0.965608449614
0.997514264808   -0.0702392171973   -0.00563416995676
0.0215610983502   0.380368209169   -0.924583768239
0.0670850992511   0.922164018936   0.380937149196
-0.851973059091   -0.408967741355   0.326936221784
-0.511736028022   0.518315247627   -0.685182852749
0.110761654952   -0.751062374646   -0.650874154644
-0.343936177252   -0.796051659671   0.498005683816
-0.462324401579   -0.31805902789   -0.827704417339
0.817290678818   -0.514917672947   -0.25864210099
0.43753707013   0.307423061437   -0.845016197217
0.317849482046   0.826197840933   0.465154634934
0.841149819607   -0.472110356732   0.263777921823
0.155280054567   -0.411838915628   0.897929179963
-0.961871023922   -0.270195110972   0.0424115001716
0.225149368184   -0.870277719801   -0.438091831041
0.0343530139859   -0.600605137692   -0.798807448017
0.9983562825   0.0573123763767   -0.000157184775772
0.0458759590972   -0.797489034465   0.601586765384
-0.995980664902   0.013052087875   -0.0886124040019
0.0885478733024   -0.00544281736087   -0.996057051515
-0.0134829252957   -0.999900004371   0.00426520623054
-0.56274019686   -0.136486756419   0.815288192089
0.336372212624   0.863118542976   0.376669769619
-0.755100791558   0.486207513406   -0.439801146538
-0.832754285444   0.545343091077   0.095505042221
0.00377896218855   -0.166900127518   0.985966564788
0.553629857865   0.821428792075   0.13692596551
-0.929257410592   -0.0129252120164   0.36920672225
0.269681027538   0.659310115748   0.701842086697
-0.252493184554   0.751760008358   -0.609183126479
-0.577784228259   0.168903757372   -0.798521700595
0.526552539681   -0.670391570359   -0.522797824543
-0.623624733739   -0.722527967028   0.298404973705
0.301501719326   -0.104194847978   0.947755320164
0.719741064117   -0.62707673578   -0.297905300502
0.625355509984   0.771957382955   -0.114071403228
-0.24870706689   -0.810119887744   -0.530895999572
-0.218296142951   0.580899078967   -0.784157544137
0.943658618809   -0.079132973767   -0.321319752912
0.947989711482   -0.117925149069   0.295650412043
-0.23358133072   0.373248945947   0.897844633714
-0.216229666935   -0.920205891943   0.326291047334
0.999998384581   0.000258542604368   0.00177876126716
-0.000256054769047   0.99999898901   -0.00139871922039
-0.00177912109736   0.00139826150057   0.999997439793
0.896852820844   -0.404041591315   -0.180015027795
-0.275854050485   -0.829033558262   0.486423583007
-0.345773857565   -0.386592487979   -0.854977594831
0.865697405522   -0.500566807738   0.000934378303608
0.500566604936   0.865697906731   0.000456403567022
-0.00103734981811   7.26111913211e-05   0.999999459316
