-0.513840235906   -0.77379976382   -0.370408068861
-0.070307156435   0.468299728662   -0.880767998901
0.855000067671   -0.426531698292   -0.295034904095
-0.141146791671   -0.860454108344   0.489587898784
0.710999404093   0.256017309353   0.654931282419
-0.688881289178   0.440538153565   0.575646336455
0.773751621039   0.217066932113   -0.595138955137
0.258365325369   0.749645706194   0.609326409925
0.578407976766   -0.625230567205   0.523957011831
0.949804339309   -0.192367271586   0.246711470858
0.095776941707   0.929541865136   0.356059964609
-0.297822924684   -0.314558029277   0.901307246032
-0.608890875264   0.732194440674   -0.305193714002
0.397543284629   -0.0512741602388   -0.916149713387
-0.686448278362   -0.67916291237   -0.259858614626
0.596494183404   -0.683538038647   0.42067854579
0.534009306959   0.729276637982   0.427772889949
-0.599190077727   -0.0305177819831   0.800024946946
0.228755743481   -0.948851813016   -0.21760295669
-0.818373139652   -0.0663866585368   -0.5708399214
0.52719656118   0.308663325493   -0.791701166713
0.947435640009   -0.197407414548   0.251785664253
-0.114941873926   -0.944432946434   -0.307952553664
0.298586794182   0.262824508696   -0.917479811205
-0.994276387538   0.0781484805175   0.0728510821995
-0.103360246869   -0.531025379964   -0.841028361711
-0.0270393149341   -0.843744547139   0.53606344272
-0.985907389295   0.075713821987   -0.149177869985
0.0650362934363   0.995044980966   0.0752048295628
0.154132735877   0.0644430214501   -0.98594634576
-0.890464156713   -0.219784239   -0.398457618695
-0.454219800357   0.376317411089   0.807508253255
-0.0275310474318   0.900044495788   -0.434927519282
0.893979788516   0.0360384725286   -0.446655758076
-0.445255534119   0.183713498896   -0.876354300303
0.0504742217415   0.98231898018   0.180282484225
0.192898994157   0.6842905251   0.703232859949
-0.37425754572   0.71382320082   -0.591935577105
-0.907039837893   -0.149006426805   0.393796669927
-0.442999499869   0.802833174741   0.399011699892
0.86430761977   0.264215294325   0.427975018726
0.238167549268   0.534461571846   -0.810942073576
-0.839732164392   0.521583018108   0.151000156647
-0.486318277337   -0.846111993391   0.218149095273
0.241545907053   0.109752675876   0.964162810382
-0.0137272963997   0.596407338301   -0.802564544541
0.51428681114   0.692546829405   0.505853699175
0.857508389009   -0.405804356682   -0.316231223753
0.733556233338   -0.679306779071   0.0209177541576
0.666820433205   0.713443401283   -0.215288232436
0.131323122075   0.171874410757   0.976326494845
-0.216320582788   -0.919519752545   0.328159763136
-0.96216572477   0.257811834753   0.0881486014554
-0.165657850824   -0.296675719499   -0.940500395492
0.114965905951   0.9223592539   0.368830919548
0.869341594716   -0.273074097629   0.411917138392
0.480653754968   0.273283632788   -0.833239475712
0.918657333189   -0.0100018977223   -0.39492868498
-0.0557601231455   -0.992954379205   -0.104558163167
-0.39110038717   0.118074395446   -0.912742529027
0.816011769823   0.129436011667   0.563357000839
-0.566546288676   -0.0142550379057   0.823906606771
0.114673860568   -0.991485306385   0.061699213321
0.209020150241   -0.66272156837   -0.719104095114
0.976528118942   0.102353207502   0.189516895896
-0.0519943238177   -0.741838219379   0.668560129353
-0.504985409411   0.347982937378   -0.789871895674
-0.844549659363   -0.0103626996456   0.535376958157
0.178116841291   0.937443592836   0.29912188335
-0.296250680689   0.864924839824   0.405142636176
-0.175459527063   -0.466249272719   0.867078756545
0.938855414084   0.185786536501   0.289885967755
0.160987315587   0.748637355247   -0.643136995165
0.640594960644   -0.574983062002   -0.508952428826
-0.750813679029   -0.330055432828   -0.572138296781
-0.21975473501   0.429142216379   -0.876096350045
-0.910737848506   -0.412129434724   0.0265687849379
-0.349663306253   0.803732721217   0.481403453566
0.947470309324   0.186706792533   0.259693254766
-0.0111808192199   0.830775761379   -0.5564949448
-0.319648247657   0.524358854153   0.789222902507
-0.0814485759896   -0.846046829166   -0.526849971365
-0.0266501371499   0.530265944898   -0.847412413097
0.996321182982   -0.0549799103284   -0.0657366701402
0.922718010087   -0.105217581027   0.370837881701
-0.106470331336   0.855037478701   0.50751845145
-0.370480151165   -0.507779647741   0.777755930182
-0.961139929311   -0.266052710647   -0.0736613293536
0.260260118418   -0.962251909457   0.0795985772904
-0.0920581720754   0.0573342646497   0.994101642213
0.207013867578   -0.158193717846   0.965463622445
0.243660558597   -0.947407671671   -0.20748068788
0.947509784021   0.278196785196   -0.157580956629
-0.336426529425   -0.242485948552   0.909954809347
0.839426873874   -0.515180542967   0.173065107881
0.426825155909   0.822064214586   0.37686962385
0.638282629882   0.491341103415   -0.592603749976
0.189560677754   -0.846428220571   -0.497620354157
-0.746097871489   0.205288059849   -0.633399383204
-0.327849853241   0.0880424061835   0.940618418087
0.812412488857   0.53444536319   0.233139661394
-0.482182975311   0.840604953875   -0.246744584219
0.764030240173   -0.264366299457   -0.588530586982
0.501734857347   -0.330016364351   0.799594479836
-0.405610558326   -0.906200672573   -0.11950069457
-0.990684607413   -0.0923335222817   0.100092603617
-0.0700906276775   -0.284442545172   -0.95612747184
0.116753212151   -0.95423632249   0.275321136663
0.744608901717   0.610591617007   0.269695125512
0.248483669691   -0.628553867872   0.737004681858
0.619526794724   -0.481765412233   -0.619748850902
-0.495569054549   0.395252249876   0.773425478726
-0.859426057536   -0.0942820794467   -0.502491533384
-0.125690746682   -0.913721264097   0.386413363815
0.384579614313   0.874376727356   -0.295911910731
-0.458475207463   -0.0973011713457   -0.883364571508
-0.801185998627   0.475392280872   0.363460004527
0.71975499655   0.672237990085   0.173345982437
0.588978135405   -0.723473507085   0.360126145345
0.367501701977   -0.157105598985   -0.916657149545
0.620002934803   -0.777777050565   0.103243500762
-0.74005350169   -0.536009324559   0.406220160286
-0.260609239039   -0.328263405819   -0.907923984113
0.47198529436   -0.841377432136   0.263275328506
-0.810172431349   -0.296192929164   0.505856086447
-0.347635604319   -0.452055046875   -0.821459506735
0.64690447847   -0.696717475627   -0.309998959499
0.0277465002869   -0.384743704501   0.922606315591
-0.762066091265   -0.60543954364   -0.229560953867
-0.16179778752   -0.565138653016   -0.808974522974
0.351426635698   0.733034330287   -0.582374441698
0.922128405199   -0.378522091149   0.0800014427154
0.889518244914   0.450132815006   0.0783437350451
0.31945881297   -0.490140403585   -0.810992263582
-0.326654800641   0.746420011541   -0.579787726319
-0.229256278605   0.794723718428   0.562010471511
0.626877781747   0.562252173975   -0.539348439891
-0.744624607082   0.228662861499   -0.627094482753
0.111660915568   -0.0706978841731   0.991228353664
0.88109857992   -0.454238738702   -0.131652803708
0.459561891802   0.88807036739   0.0115710918985
0.0647855331467   -0.682364824668   -0.728135345077
0.968520650726   0.218744916731   -0.118820917864
0.240355120214   -0.697516241718   0.675055930073
0.147604133889   -0.513951382015   -0.845024849684
0.983116789573   -0.017175156183   0.182171326146
-0.108140638608   -0.857647358146   0.502739108631
-0.400636469556   0.346170293952   0.848325731572
0.524115880877   0.846023451731   -0.0977080474382
-0.75152708712   0.4054755809   -0.520381197411
-0.115031726685   -0.993229063194   0.016239762421
-0.963770726692   0.115550699089   0.240403873329
-0.240652629795   0.0120026650209   -0.970537092442
0.466994092797   0.182480176598   -0.865226850278
-0.231144491741   0.969645743004   0.0797455767502
0.853515519033   0.162751707279   0.494998121761
-0.811307503961   -0.369740708529   -0.452848697108
-0.377762203575   -0.259620235367   0.888759276148
-0.446179169803   0.892126191659   0.0709577803283
-0.700208309459   -0.142351839535   -0.699602942494
-0.329119733854   -0.805224712618   0.493247770373
-0.633552305775   0.575629321674   0.516974235215
0.0612415345418   -0.32378583951   -0.944146283465
0.672357588939   -0.685725684785   0.278775102586
-0.737688787392   -0.65187653383   0.175704973174
-0.900558895522   0.419619904205   0.113634553244
-0.434655548004   -0.864126294225   -0.253693323165
-0.00826016257351   -0.277857667923   0.960586740534
0.486764347217   -0.867973184233   0.0984023461659
-0.541644142331   -0.21152367271   0.813559683712
-0.685333563571   -0.449310902757   -0.573094773408
-0.590322821545   -0.189160688828   -0.784689237957
-0.433404288863   -0.745841764516   0.505846601945
-0.680940297499   0.638700474484   0.358304361033
-0.34293744168   -0.889974691268   -0.300564402409
0.936890230246   -0.347233995049   -0.0408074644101
-0.0680485676782   -0.295590259623   0.952888131342
0.645292821546   0.357230851463   -0.675265350232
-0.547995090155   -0.399406254874   -0.734966682737
-0.532257978454   0.844310820925   -0.0619732364967
0.761127916247   -0.58349467071   0.283228290188
-0.520033940767   -0.809964270699   -0.271150476013
0.387619653218   0.0590918729138   -0.919923450617
-0.692569191124   -0.347143492099   -0.63232848378
-0.625097382701   -0.148655963756   0.76626018204
-0.360001635617   0.925955074684   -0.114043947758
-0.896278203278   0.191741232633   0.399900840256
0.0982924820893   -0.79340051481   0.600711420787
0.432462680811   0.577711799089   0.692260866219
0.565948298964   0.148334109574   0.810986753799
-0.381494868234   -0.824913598557   0.417108163942
0.730865369553   -0.545448940646   -0.410269746309
-0.443225636236   -0.467508690154   0.764844206368
0.402885359646   -0.866090333419   -0.295923843821
0.800771142316   0.176983499201   0.572225845837
0.808344305855   0.132186930452   0.573677695758
0.170454720698   0.880173283712   -0.442990043715
-0.563493275367   0.455874550789   0.688951175744
-0.624440796919   0.528751048927   -0.574887832017
-0.0288865917016   -0.751153972808   -0.65949471109
-0.780537799189   -0.395208852879   0.484325001051
-0.590753599697   -0.381655985512   0.710878958169
-0.513790439033   0.857269951475   0.0332808512045
-0.622117006039   -0.345582029367   -0.702526506102
0.567259921663   0.487215130587   -0.663956020985
0.0401140043026   -0.821612839932   -0.568632753117
-0.822561273057   0.295928636306   -0.485612185062
0.928112633133   0.355228535908   0.111443382467
0.337910892717   -0.929411071   0.148362022382
0.156279137449   -0.100038734393   -0.982633748056
0.685474157692   0.728061449455   -0.00719061568965
0.30175000482   -0.27508385877   0.912839419195
0.662625168348   -0.627897600299   -0.408255422267
0.207920394829   -0.163106473775   -0.964450821777
0.795409581864   0.602055829704   0.0696589907918
0.569291407359   -0.781616949747   0.254916137926
-0.313490647987   0.27979288901   -0.907435701791
-0.256120880792   0.895278090579   0.364526041526
0.914399096701   0.346688736171   -0.209000507571
-0.167123916335   0.0737102662545   -0.983176684649
-0.0430693587277   -0.99679531324   -0.0674101909355
-0.984994734467   0.0310789342138   0.169762990432
0.555446769298   -0.831033632316   -0.0293596395819
0.290694922258   0.160973268124   0.94317764452
-0.77908622671   -0.532419673669   0.330989338863
0.174881682708   0.879964446523   -0.441677450079
0.387921801536   0.350724936428   0.852354794003
0.904949210147   -0.320397552772   -0.280022026333
-0.465511775329   -0.632912230901   0.618644401095
0.197474348702   -0.755656012235   -0.624490090216
0.862729777297   -0.168541090388   0.476750702376
0.171551941876   0.450494617458   -0.876141844041
0.812565267638   0.438154353451   0.384393611263
0.557052616066   -0.777865902449   -0.290890049228
0.260088423858   0.524376477972   -0.810791786542
0.36887877257   0.722041235397   0.585307530734
0.892346604702   -0.45131559217   -0.00563678468464
0.281336468419   0.247841578319   -0.92705142446
0.769159709938   -0.635902340483   0.0634157234117
-0.573797117582   -0.730891760402   -0.369532275222
0.949098309973   0.298165884863   -0.101535723319
0.234159711648   -0.883508920049   -0.405686107274
-0.210669474408   0.361260423099   -0.908355260487
0.754263474854   0.561008884666   0.341109427936
-0.0363307069205   -0.483073308674   0.874825844487
0.655565931265   -0.672241928009   -0.343982703041
0.607691158287   0.0420036755625   0.793061881179
0.334734825815   -0.919111501961   -0.207813963318
0.720183346466   0.391752138734   -0.572596026244
-0.737694639199   0.525053084309   -0.424412391378
-0.207508393271   0.421870502409   0.882590248031
0.642453800689   0.739151228001   -0.202258686156
-0.761245286608   -0.452624513297   -0.464366949275
0.400408591728   -0.891372184588   0.212434903473
-0.510077026818   -0.0242214472244   0.859787618082
0.0351003809578   -0.983031908059   -0.180045080448
0.927454729   -0.0350695504102   0.372287324911
-0.372284419378   -0.180051088225   0.910486637308
-0.634286947209   0.557172779982   0.535946416956
-0.625555661752   0.0374577419034   -0.779279815998
-0.454268844024   -0.829551331033   0.32478363033
0.990265946927   -0.137669373295   0.0205060482052
7.57941601046e-05   -0.146792674633   -0.989167278538
0.139188176982   0.979540225989   -0.145353352413
-0.473315803677   -0.880428015983   0.0286122117591
-0.851267079288   0.448803312354   -0.271882229175
0.226531476202   -0.153042789744   -0.961905086169
0.10813889992   -0.982224306999   -0.153432034021
-0.0608564007352   0.147507204051   -0.987186974814
0.992271372566   0.11609063482   -0.0438233692623
0.344699551576   -0.285909667813   0.894112901705
-0.853369259416   0.301375947118   0.425362722371
-0.391079437235   -0.90963080442   -0.140102367654
0.373047946154   0.260537139773   -0.890480560523
0.440507730398   0.794956296947   0.417129986221
0.81657098242   -0.547873055318   0.181788189733
-0.430027387142   0.221011688477   0.875345805876
-0.895102438081   -0.230842953759   -0.381448759391
0.117762777008   -0.947557578333   0.297096893445
-0.771225151691   0.626260573108   0.114059019676
-0.621678777823   -0.779523349528   0.0765430907732
0.136847588957   -0.0118761151593   0.990520921175
-0.584892640205   -0.755460362785   -0.295263000889
0.776841712522   -0.626440307123   0.0639491618214
-0.233275701949   -0.191969221159   0.953273447133
0.0336075829001   -0.741046054985   0.670612611545
0.859940653161   -0.320479210637   -0.397234374885
0.509286366804   0.590037134375   0.626485096907
0.989923993081   0.137922262625   0.0320614627737
-0.0616442447736   0.215921728915   0.974462823338
0.127477350965   -0.966620533847   0.222248213797
-0.765223064918   0.107566812186   -0.634714929581
0.0303428705652   0.990872391394   0.131343877586
0.643049742339   0.0812482916103   -0.761502294145
0.741499191492   -0.554270437173   -0.378104789038
-0.418901763094   -0.822643141646   0.384421089926
-0.524118557097   -0.126659164611   -0.842174087779
0.0879566691052   0.926135561845   -0.366792237439
0.884993002941   0.0963592188985   0.455524187808
0.457220963107   -0.364674953923   -0.811148056076
-0.412118256398   0.848264697049   -0.332574121789
0.907283362301   0.415570110419   -0.0643302713957
0.0836387663379   -0.328250646713   -0.940880475777
-0.962269997392   0.259809452176   -0.0808424435499
0.178322117646   0.377748609388   -0.908574273499
-0.205518063629   -0.888709759519   -0.409825925067
0.595138085141   0.732382089769   -0.330797723996
-0.801723849173   0.512810766678   -0.307024408227
-0.0552225432499   0.447930342983   0.892361405795
-0.644622717978   0.171939634658   -0.744914970652
-0.361750731193   0.789791534871   0.49534406217
0.673496815099   0.588783571   -0.446918277286
-0.794058473295   0.472534466354   -0.382337964497
0.435569805558   0.00361297140712   -0.900147705059
-0.423969439317   -0.881304785273   -0.208690656189
-0.973664644031   -0.146944043651   0.174311815435
0.188767651106   -0.0908700907177   0.977808468213
-0.127843399754   0.984961966092   0.116215276496
-0.573525572883   0.520844300837   0.632289199287
0.694167507164   0.718835128203   0.0375170689044
-0.434971136108   0.460431615712   -0.773823518643
0.933134223581   0.3595153448   -0.00303934776728
-0.348112583824   0.90136005545   -0.25761925282
-0.0898785278327   0.241451376664   0.966241731112
0.997667736415   -0.0675773817529   -0.00961172155363
0.016880433382   0.380711448543   -0.924539801154
0.0661372715239   0.922221280617   0.380964264586
-0.852523880242   -0.408143634987   0.32652994784
-0.51106320899   0.519869899602   -0.684506891057
0.109624039489   -0.750435913791   -0.651788699855
-0.342491675997   -0.797042741574   0.497415641066
-0.457719147903   -0.32080314302   -0.829203548637
0.82048317077   -0.511671976497   -0.254949318397
0.438833351967   0.305141647319   -0.845170908321
0.321367398032   0.825066715736   0.464744994665
0.83913543882   -0.475555979519   0.264004215233
0.155660290322   -0.411036948454   0.898230761565
-0.961272744012   -0.272389284053   0.0419379249901
0.227430397345   -0.869972818506   -0.437518810367
0.0368688216977   -0.599389504307   -0.799607974018
0.998197882393   0.0599990424924   0.00104999378928
0.0473463575535   -0.798205698443   0.600521427927
-0.995979207885   0.0146859214887   -0.0883727399804
0.0882858114045   -0.00646694057972   -0.996074191104
-0.0151997686258   -0.999871242906   0.00514437986117
-0.566453929387   -0.134740683855   0.813003624836
0.336280749959   0.862875786379   0.377307082477
-0.752359756426   0.487124548134   -0.443468681551
-0.831602074513   0.547031918171   0.0958857140986
0.0030884490263   -0.168093548639   0.985766209803
0.555363350563   0.820061363197   0.138097463565
-0.930198043333   -0.0128304392431   0.366833722563
0.268331274638   0.658156456331   0.703440406886
-0.250459432306   0.752771850442   -0.60877303977
-0.578678905017   0.168140903512   -0.798034686874
0.527801564189   -0.668759345816   -0.523628156447
-0.621736466461   -0.724216524218   0.298251894079
0.301236897327   -0.105209285292   0.947727459757
0.721269444405   -0.624969527011   -0.298636030772
0.623720065619   0.773527049686   -0.112379638491
-0.247226270373   -0.811035575141   -0.530189086169
-0.219797068433   0.579851440891   -0.784513578725
0.943699327088   -0.0774183592698   -0.321617750913
0.948221774379   -0.119342349815   0.294334622726
-0.231639579138   0.374178136702   0.897960927541
-0.217298347833   -0.91964565217   0.327159445033
0.999970978282   -0.000236630492097   0.00761489334924
0.000287598964447   0.999977561186   -0.00669286267104
-0.00761313874468   0.00669485846811   0.999948608174
0.895558995307   -0.404777766694   -0.18474048153
-0.27231586384   -0.826983310188   0.491876686753
-0.351878041694   -0.390196827589   -0.850839749608
0.864260525059   -0.503030905011   0.00369505469455
0.503023761209   0.864268280519   0.00272670999086
-0.00456513796169   -0.000497887498062   0.999989455756
