-0.513824398224   -0.774231441365   -0.369526944878
-0.0704882206379   0.467380944201   -0.881241433291
0.854994677493   -0.426756052329   -0.294725929059
-0.142122576417   -0.859978443259   0.490141051538
0.710675711028   0.256025326151   0.655279380207
-0.68901466387   0.441461334093   0.574778812651
0.774867163392   0.216749052351   -0.593801926068
0.258334452419   0.748765438506   0.610420862023
0.576926502936   -0.626394577247   0.524200003629
0.949852875944   -0.190766611361   0.247765239794
0.0934707148515   0.929337157515   0.357205365478
-0.298400300813   -0.316133749623   0.900564663322
-0.608673808525   0.732696503648   -0.304420808023
0.394514538496   -0.0533996478001   -0.917336773781
-0.688385410748   -0.678457302383   -0.256556455994
0.595544245775   -0.684070107221   0.421159280713
0.53397244734   0.728782557642   0.428660015815
-0.600167040752   -0.0303985539699   0.79929684793
0.228758768181   -0.948793295738   -0.217854786366
-0.817876314182   -0.0659469819537   -0.571602423256
0.527965681348   0.308937335933   -0.791081513995
0.947421010045   -0.197901497023   0.25145263411
-0.115369527669   -0.944220341046   -0.3084441921
0.298468259301   0.263216536394   -0.917405991456
-0.994425338392   0.0772648461838   0.0717522815498
-0.101980066711   -0.53178267222   -0.840718297362
-0.0268013499091   -0.843348879806   0.536697637942
-0.985920994004   0.0753606242359   -0.14926677426
0.0648018866414   0.995121771295   0.0743866640102
0.154144442231   0.0636666051366   -0.985994956539
-0.890398641818   -0.21981293813   -0.398588172027
-0.454342738257   0.376055159762   0.807561262697
-0.0276212751628   0.900147093006   -0.434709415715
0.893671262674   0.0359551369461   -0.447279445534
-0.445780238874   0.185094645813   -0.875796751947
0.0512996383976   0.982062727232   0.181441855375
0.193339206943   0.68374335031   0.703644073354
-0.373499097213   0.714468575922   -0.591635934001
-0.907258714722   -0.148424003878   0.393512311921
-0.443362920803   0.80236084098   0.399557757175
0.863990827174   0.263872595149   0.428825260554
0.238640254394   0.535339457158   -0.810223731195
-0.83976122045   0.521989316403   0.149426390539
-0.487281676018   -0.845943181412   0.216648798841
0.239494594606   0.109120517701   0.964746107414
-0.0128037166536   0.595420042247   -0.803312540753
0.513507762954   0.693262082125   0.505665366496
0.857989418481   -0.406032829681   -0.314629145178
0.733605712456   -0.679185910528   0.0230034256634
0.667017966388   0.713160135764   -0.215614594296
0.130037268381   0.17351979627   0.976207554332
-0.215601977951   -0.919803388012   0.327837634365
-0.962205306109   0.257317658098   0.0891547627786
-0.166363265172   -0.296225168129   -0.94051789657
0.114161844324   0.922432340035   0.368897887442
0.869318903722   -0.272494369553   0.412348714311
0.48088638672   0.273615417366   -0.832996330392
0.919415374749   -0.00919906434879   -0.393180296924
-0.0549631291201   -0.992920929844   -0.105295211266
-0.389428328594   0.118420455553   -0.91341237817
0.815963563249   0.130314017512   0.563224396036
-0.566483467445   -0.0141202589707   0.82395212203
0.11532538559   -0.991372218254   0.0622991196732
0.208601162523   -0.663445218511   -0.71855827671
0.976646433412   0.102659386714   0.188740018073
-0.0514519105266   -0.741148765333   0.669366273836
-0.504582820556   0.349486284705   -0.789465334263
-0.844176115402   -0.00800749770381   0.536006125119
0.181005147396   0.93690726157   0.299068419986
-0.295181076348   0.86542353281   0.404858297463
-0.175100334513   -0.465562817893   0.867520106654
0.939259285298   0.18518469552   0.288961283784
0.161020561784   0.749138050329   -0.64254537601
0.639952818664   -0.574879623639   -0.509876267549
-0.751353956912   -0.329098161456   -0.571980446833
-0.218393434396   0.429976809076   -0.87602754036
-0.911153847147   -0.411290236878   0.0252786051404
-0.34943236061   0.803716544999   0.481598111139
0.946966163449   0.186668064941   0.261553281025
-0.0101405537241   0.830917383888   -0.556303397727
-0.32117324679   0.524148199161   0.788743564704
-0.0806964404803   -0.846252920666   -0.526634672955
-0.0263091763061   0.529982124692   -0.847600598601
0.996391445033   -0.0545430267964   -0.0650318882701
0.922607939359   -0.10536886012   0.371068718096
-0.106483884611   0.855018264771   0.507547977266
-0.370750283278   -0.507780631991   0.777626553831
-0.96102004863   -0.2658164931   -0.0760398456603
0.259671389303   -0.962221028844   0.0818624530966
-0.0949275287232   0.0589260862909   0.993738637995
0.207030842983   -0.157341803195   0.965599185491
0.243688868234   -0.947580993868   -0.206654289961
0.947498794486   0.278089584537   -0.157836046009
-0.335976796327   -0.242513603744   0.910113588696
0.840082206398   -0.514086738717   0.173137839793
0.425889045202   0.822740528401   0.376452578823
0.637781090016   0.491509513047   -0.593003945857
0.189074033632   -0.846268776322   -0.498076468053
-0.746650045888   0.205542104703   -0.63266590881
-0.327942839294   0.0884170336706   0.940550861098
0.81227468478   0.53473819506   0.232948275822
-0.482351874279   0.8403793732   -0.247182480121
0.763848787466   -0.265145360561   -0.588415641923
0.501136214733   -0.330843034597   0.799628276602
-0.406690944292   -0.905671476989   -0.119840108473
-0.990832395801   -0.0916053347555   0.0992956498334
-0.0696381223667   -0.28350457095   -0.956439067669
0.11576569157   -0.95458557547   0.274526289744
0.744545503075   0.61021176508   0.270727899575
0.24879654508   -0.629966127493   0.735692162095
0.619477419287   -0.480400124864   -0.620857026234
-0.496234577265   0.39493058594   0.773163033659
-0.859010266261   -0.0941962670435   -0.50321806976
-0.125907135559   -0.913869189526   0.385992872539
0.384097492962   0.874346967173   -0.296625179132
-0.457628107265   -0.0987447015634   -0.883643592946
-0.801901260344   0.475149308016   0.362198155367
0.720415683368   0.671573467742   0.173177136433
0.587957893264   -0.723829132891   0.361077418468
0.367840670545   -0.158304970875   -0.916314780678
0.619231746623   -0.778464665353   0.102687919301
-0.740511602779   -0.53547404993   0.406091255756
-0.261140977488   -0.327506193298   -0.908044648257
0.471744301874   -0.841643009554   0.262858056979
-0.810259063992   -0.296214041527   0.505704944429
-0.34776078397   -0.451546549175   -0.821686163362
0.646485133971   -0.696960921813   -0.310326352441
0.0278156410372   -0.384955076831   0.922516058904
-0.762419347648   -0.605024844355   -0.2294813196
-0.162107364498   -0.565244499494   -0.808838585978
0.351081001434   0.733008470601   -0.582615406988
0.922205688991   -0.378414108906   0.0796205336136
0.889768464461   0.449596490762   0.0785816463643
0.319292085999   -0.490131343937   -0.81106339426
-0.326135927904   0.74674912868   -0.579656014672
-0.229877648374   0.795178565882   0.561112569045
0.627059131286   0.561942668053   -0.539460178041
-0.744280264852   0.22784092298   -0.627802039792
0.112567730051   -0.069432511295   0.991215230173
0.880923290979   -0.454512720353   -0.131880030517
0.459676692429   0.888030018306   0.0100012511415
0.0640068063191   -0.683147058684   -0.727470428923
0.968579432563   0.218076296291   -0.119568439866
0.240326884806   -0.69695970128   0.675640557716
0.147295115643   -0.513639353773   -0.845268456269
0.983315784674   -0.0161839047129   0.181185399076
-0.106743695448   -0.857853539646   0.502685874079
-0.399251611243   0.345494684195   0.849253539358
0.524774190138   0.845659404211   -0.097325338091
-0.751804629066   0.406809040291   -0.51893757279
-0.114928340933   -0.993268593112   0.0144560848246
-0.963380847228   0.114995481867   0.242225891152
-0.242257754561   0.0139119045553   -0.970112178703
0.46765362511   0.181021129535   -0.865177113418
-0.231590097115   0.969704672418   0.0777102001641
0.853033477561   0.164024994903   0.495408606312
-0.811558528019   -0.370132099294   -0.452078516048
-0.377156983757   -0.259075239246   0.889175252699
-0.446234652625   0.892122328765   0.0706568136473
-0.700856613145   -0.142066153505   -0.699011599217
-0.328571784768   -0.805508629728   0.493149500343
-0.633119728065   0.575302577313   0.517867120478
0.0616890886278   -0.32331641876   -0.944278004459
0.67210058076   -0.685974606588   0.278782439295
-0.737885672504   -0.651847629801   0.174984004516
-0.900602298354   0.419241341962   0.114683030085
-0.434576991944   -0.863916238358   -0.254541884911
-0.00763794946092   -0.279079612819   0.960237591139
0.486215750971   -0.868329200404   0.0979726657478
-0.541817731074   -0.21161010331   0.813421606838
-0.685585727536   -0.448581724887   -0.573364322482
-0.591093032169   -0.188260931669   -0.784325728845
-0.433859434595   -0.745528127229   0.505918770676
-0.67998163088   0.639332177446   0.358997699921
-0.342597683053   -0.890522236973   -0.29932753469
0.937125199316   -0.346483600622   -0.0417788858925
-0.0665070550612   -0.294820725114   0.953235307608
0.645032462785   0.357555434956   -0.675342307935
-0.547677988284   -0.400004681335   -0.734877592568
-0.532899561928   0.843890019993   -0.06219076341
0.760987360384   -0.583183922832   0.284244172299
-0.519459982201   -0.810194594996   -0.271562230678
0.388663819036   0.0590019524205   -0.919488556418
-0.69274592164   -0.347940751548   -0.631696383925
-0.625108026998   -0.14711029676   0.766549747355
-0.359642937695   0.925902691431   -0.1155904986
-0.896165332254   0.191390891155   0.400321400937
0.0988179499661   -0.793450873573   0.600558676559
0.432576825582   0.577758806085   0.692150310237
0.566533286232   0.147929126023   0.810652212275
-0.381466277363   -0.824918601972   0.417124417118
0.730426940102   -0.54555134845   -0.410913873431
-0.4429250561   -0.467583035134   0.764972875293
0.40349060726   -0.865901785151   -0.295650855445
0.800632702637   0.177708198255   0.572194959556
0.807714958794   0.132559337565   0.574477647402
0.17060134081   0.880159948307   -0.442960097424
-0.564350713523   0.455792153751   0.688303555653
-0.625158422839   0.528014824372   -0.57478456103
-0.0289836396649   -0.751630544613   -0.65894724602
-0.779959547019   -0.395287072454   0.485191957235
-0.590916758203   -0.381072321449   0.711056446916
-0.514115989216   0.857119794923   0.0320999499023
-0.621692958387   -0.34659709026   -0.702401824112
0.567787875843   0.487969169673   -0.66295023757
0.0406914855288   -0.821010986133   -0.569460414475
-0.822168553918   0.296356289113   -0.486016274267
0.928036170977   0.355597886389   0.110900895189
0.33825342726   -0.929203139318   0.148882990392
0.155991936666   -0.100656192444   -0.98261632727
0.686085599657   0.727478973912   -0.00780336206157
0.301278147138   -0.274339776058   0.913219122298
0.662206937445   -0.628897471603   -0.407394087108
0.209230151761   -0.163543304536   -0.96409352821
0.795033509188   0.602473216897   0.0703401890091
0.569336862377   -0.781203949339   0.256077969913
-0.312730838768   0.27908019713   -0.907917213216
-0.257752493389   0.895060169969   0.363910626784
0.91420078464   0.347824001048   -0.207979301036
-0.167353715271   0.0740325408096   -0.983113379467
-0.0408119346514   -0.996842106055   -0.0681190251346
-0.985051836187   0.0287227870609   0.169846641204
0.556021951243   -0.83058850623   -0.0310213322422
0.292220233662   0.160409009217   0.942802357231
-0.778104700393   -0.533283867261   0.331905697669
0.176023857659   0.880492454266   -0.440168876131
0.386140549577   0.349551884936   0.853644513665
0.90548941325   -0.3202288521   -0.278464368951
-0.465442698774   -0.632346650588   0.619274420309
0.195795183785   -0.755911494248   -0.624709579621
0.863149662668   -0.169515563751   0.475643914585
0.172596546349   0.451545230695   -0.875395531646
0.812172226661   0.437599758539   0.385853243561
0.557303065153   -0.777568875382   -0.291204288445
0.259846631174   0.525060634507   -0.810426466966
0.368032006731   0.722063024588   0.585813477606
0.892766582198   -0.450484537598   -0.00561347453884
0.281367223305   0.24750009084   -0.927133318722
0.769301417099   -0.635695656125   0.0637680361412
-0.573592028623   -0.731187211197   -0.369266092246
0.949276067631   0.297714500958   -0.101197941396
0.23413758533   -0.884056046946   -0.40450524965
-0.209891730564   0.360292911085   -0.908919402182
0.754017520966   0.56132845034   0.341127467255
-0.0361095720448   -0.483126937602   0.874805384626
0.655861019488   -0.671936554298   -0.344016845684
0.607947625673   0.0404864343126   0.792944218136
0.334918948915   -0.91857474429   -0.209880291619
0.71988122777   0.393168269052   -0.57200500882
-0.738097026384   0.525531112599   -0.423119166824
-0.206920130205   0.420586527526   0.88334083602
0.642181313462   0.739543117441   -0.201690699058
-0.761501621409   -0.45198479459   -0.464569721409
0.400378285532   -0.891671074223   0.211234286679
-0.509718068216   -0.0251483767646   0.859973865929
0.035152387644   -0.982925346918   -0.180615813343
0.92702109805   -0.0354475672022   0.373330086853
-0.373357996316   -0.180558113543   0.909946467778
-0.63452251249   0.55702218765   0.535824097637
-0.625869698166   0.036476652919   -0.779074177925
-0.453506672565   -0.829696171051   0.325478050999
0.990443147261   -0.136549576832   0.0194058009389
-0.000760525408744   -0.146106682631   -0.989268547408
0.13791951872   0.979799494977   -0.144814212004
-0.473604836746   -0.880269927233   0.0286934455886
-0.851401840042   0.449248647324   -0.270722292489
0.225418201092   -0.152645039509   -0.962229768054
0.107764073501   -0.982334783533   -0.152987834559
-0.0601367901673   0.147161292266   -0.987282695345
0.992356020252   0.115593802253   -0.043215760435
0.344976351034   -0.287578239322   0.893470801703
-0.853184806096   0.30070335141   0.4262079083
-0.391237784314   -0.909327361691   -0.14162183944
0.375076913823   0.259487652548   -0.889934529554
0.440586626728   0.794756282481   0.417427689315
0.815598389568   -0.548660741837   0.183767944161
-0.431294140303   0.219835019665   0.87501881618
-0.894387442914   -0.231628560649   -0.382647764726
0.11855997005   -0.947639580231   0.296517722036
-0.771604988837   0.625827852947   0.113865006378
-0.621150391862   -0.779881211402   0.0771847575109
0.137105550184   -0.0111711493738   0.990493449514
-0.585473433054   -0.755123453388   -0.294973607855
0.776151097039   -0.627183571074   0.0650403162678
-0.234116068977   -0.190864712082   0.953289215259
0.0339442459746   -0.740497182172   0.671201692013
0.859330471091   -0.321279893963   -0.397907490744
0.510292984099   0.590290735935   0.625426188649
0.990025313854   0.136940305612   0.0331244717407
-0.0625759576177   0.216745860508   0.974220448092
0.126230453764   -0.966575700425   0.223153059336
-0.764699417257   0.108586923532   -0.635172166649
0.0298438437491   0.990609918379   0.133421642168
0.643695693816   0.0830714731203   -0.760759478492
0.740647786032   -0.555355898353   -0.37818075468
-0.418235305129   -0.821584629601   0.387398923524
-0.525851772451   -0.128757611691   -0.840774280554
0.0874272988466   0.925639282083   -0.368168965124
0.884562929962   0.097841594765   0.456043249343
0.458153784612   -0.365539247958   -0.810232169102
-0.411023811752   0.848479045331   -0.333380767003
0.907658090934   0.414966038849   -0.0629283446801
0.0849483144934   -0.32846079863   -0.940689793518
-0.962514852603   0.259029769443   -0.0804284592708
0.177948805428   0.379296712643   -0.908002327324
-0.204693383296   -0.888277874497   -0.411172757505
0.594323589628   0.733287851285   -0.330255049877
-0.80223613837   0.511689839644   -0.307555988884
-0.0565389167257   0.447730315216   0.892379356402
-0.645026179698   0.172901767166   -0.744342801681
-0.362006955429   0.788690848311   0.496908150479
0.672972653029   0.589976037396   -0.446134602529
-0.794131373775   0.472315439151   -0.382457170316
0.435667904834   0.00365822236998   -0.900100046721
-0.423732035471   -0.881422000717   -0.208677786952
-0.973569828674   -0.146524497933   0.175192352004
0.189616808946   -0.090983205321   0.977633633891
-0.127307715635   0.985014024192   0.116362011347
-0.573796561163   0.520916673529   0.631983643488
0.693904364017   0.719100823043   0.0372926252459
-0.435033607892   0.459934588327   -0.774083932442
0.932903167655   0.360109541786   -0.00357738651229
-0.348908481978   0.901336253254   -0.256623907253
-0.0891882894971   0.24065343647   0.966504719353
0.997707423801   -0.0667544066436   -0.0111241038561
0.015175730853   0.380876554131   -0.924501350841
0.0659514494611   0.922213044641   0.381016412517
-0.8526691339   -0.407767205693   0.326620963895
-0.510943753658   0.520350268861   -0.684231012374
0.109049661586   -0.750307606024   -0.65203271977
-0.342059613242   -0.797217471052   0.497432935016
-0.455885262117   -0.322101874521   -0.829710196523
0.821683545395   -0.510582692891   -0.253261653132
0.439074759386   0.304207736429   -0.845382167287
0.3229425943   0.824610307442   0.464463046589
0.83840410093   -0.476943910704   0.263823936719
0.155981459701   -0.410457615949   0.898439942199
-0.96099180894   -0.273377340984   0.0419472595928
0.228395550265   -0.869936420059   -0.43708820354
0.0377014400087   -0.598732246973   -0.800061433801
0.998144889707   0.0608651662546   0.00148683822904
0.0478056541884   -0.798633287543   0.599916237033
-0.9959923436   0.0155293094698   -0.0880800320031
0.0879815436955   -0.00691646920273   -0.996098092771
-0.0160779183737   -0.999855491059   0.00552245775098
-0.567828995999   -0.134238776959   0.812126949475
0.336152003975   0.862778394991   0.377644371546
-0.751380104558   0.487435525888   -0.444785955912
-0.831250158056   0.547574481089   0.0958402962856
0.0027004109923   -0.16842653108   0.985710510956
0.555891970181   0.819630826219   0.138525904433
-0.930573041858   -0.0130439391996   0.365873843581
0.267617913022   0.657725175773   0.704115221951
-0.249828874225   0.753145038358   -0.60857052574
-0.578968747391   0.168080755838   -0.797837106847
0.528172153263   -0.668144949043   -0.524038647035
-0.62115164498   -0.724797341735   0.29805946949
0.30094033569   -0.105689387003   0.947768256395
0.721972777302   -0.624061130725   -0.298836098812
0.623049133849   0.774194716201   -0.111500305905
-0.246797066052   -0.811456388606   -0.529744974095
-0.220338606126   0.579324679692   -0.784750797483
0.943685385517   -0.076950925206   -0.321770800837
0.948386194904   -0.119809408271   0.293614255454
-0.230721506984   0.374509963742   0.898058947549
-0.217557375263   -0.919449831555   0.32753747224
0.999952278373   -0.000648939622565   0.00974781273379
0.000735135172213   0.999960642297   -0.00884157409761
-0.00974169143451   0.0088483181233   0.999913399607
0.895163518915   -0.40483430382   -0.186524692346
-0.270747266736   -0.826258967295   0.493955500546
-0.354087830855   -0.391669893425   -0.849244665939
0.863633853872   -0.504097962574   0.00467017928528
0.504085577753   0.863646138652   0.00361628166972
-0.00585634252835   -0.000768973251881   0.999982555814
