-0.513825147516   -0.774603672607   -0.368744990697
-0.0706507564191   0.466572358223   -0.881656795561
0.854980811713   -0.426965320519   -0.294462946185
-0.142929340364   -0.859621042796   0.490533247034
0.710392217962   0.255993387234   0.65559917812
-0.689140116611   0.442175359416   0.574079133223
0.775740587532   0.216485837532   -0.592756630502
0.258344627843   0.748047231436   0.61129648519
0.575746987939   -0.627342985686   0.524362645685
0.949898727275   -0.189482275095   0.248573681928
0.0916252723671   0.929160402886   0.358142087966
-0.298826400082   -0.317423082232   0.8999696492
-0.608509166056   0.733124379868   -0.303719012359
0.391969719097   -0.0551012314988   -0.918326517965
-0.68998285061   -0.677858759574   -0.253832952812
0.594751807144   -0.684566358883   0.421472642274
0.533977838473   0.728318285888   0.429441663629
-0.600947548393   -0.0303541550094   0.798711881315
0.228766242601   -0.948761373127   -0.217985924105
-0.817445942452   -0.0656229353608   -0.572254979466
0.52862854389   0.309104330634   -0.790573447169
0.947398989056   -0.198272861746   0.251242965734
-0.115670196874   -0.944053524945   -0.308841945977
0.298421783874   0.263535224087   -0.9173296161
-0.99453929133   0.0766146256092   0.070864639584
-0.100899351706   -0.532399797045   -0.840458075654
-0.0266630610743   -0.843018775146   0.537222882912
-0.985941474197   0.0749957029446   -0.149315283873
0.0645378535643   0.995190071327   0.0736993038655
0.154124219108   0.0630267123749   -0.986039227725
-0.890310622481   -0.219944792683   -0.398712031007
-0.454505903383   0.375830191757   0.807574176627
-0.0277737157855   0.900208839734   -0.434571818663
0.893425942456   0.0358058441979   -0.44778122657
-0.446186616391   0.186201031428   -0.8753551732
0.0520344952919   0.981859010967   0.18233292046
0.193781813646   0.683252670981   0.703998861005
-0.372868904637   0.715044588962   -0.591337480421
-0.907423489147   -0.147908834735   0.393326312306
-0.443723176153   0.801930596788   0.400021325532
0.863699620634   0.263625024104   0.429563513329
0.239024493017   0.536105553601   -0.809603685229
-0.839755561267   0.5223823355   0.148078671246
-0.488134970185   -0.845765435539   0.215418381135
0.237770578927   0.108616405784   0.965229313786
-0.0121177167054   0.594599815236   -0.803930482481
0.512875335929   0.693873146097   0.50546903656
0.858377568869   -0.406190985678   -0.313363738197
0.733588761727   -0.679144662819   0.024699304275
0.667234678809   0.712872249137   -0.215895900388
0.129017099882   0.174859038582   0.976103941475
-0.214927694268   -0.920044011408   0.327605102691
-0.962252924836   0.256839864916   0.0900144012609
-0.166959261142   -0.295892380542   -0.940517040917
0.113420003122   0.922500720524   0.368955720277
0.869297802817   -0.27195775598   0.412747270105
0.481100023809   0.27391860031   -0.832773298981
0.920052583308   -0.00848114750802   -0.391703094302
-0.0542558275639   -0.992891153096   -0.105940848016
-0.388020037014   0.118723326436   -0.913972222026
0.815946990614   0.131056997842   0.563075991163
-0.566393391408   -0.0140135015212   0.824015866318
0.115883711872   -0.991275786596   0.0627955430811
0.208208540807   -0.664020282876   -0.718140840967
0.976752493574   0.102854774702   0.188083655905
-0.0510271479963   -0.740606480697   0.669998709639
-0.50420134813   0.350694750464   -0.789173106828
-0.843891271844   -0.00603165904255   0.536480326196
0.183380811018   0.936470400539   0.298989409619
-0.294305079552   0.8658520829   0.404579646902
-0.174823634287   -0.464959281017   0.867899512554
0.93958566243   0.184697150855   0.288211286076
0.161037306945   0.749564879006   -0.642043205659
0.639435045672   -0.574772805486   -0.510645713231
-0.751791066812   -0.328311916072   -0.571857917342
-0.21719536283   0.430639925792   -0.875999673903
-0.911506890741   -0.410574499113   0.0241613081113
-0.349258303404   0.803727463131   0.481706137092
0.946565542172   0.186554037886   0.263080340051
-0.00922140859179   0.83104569831   -0.556127694819
-0.322379651958   0.523985341655   0.788359512998
-0.0801170909382   -0.846454148332   -0.526399683237
-0.0260394180175   0.529694330175   -0.847788809368
0.996445282215   -0.0542152317405   -0.0644787422211
0.922543587198   -0.105520153911   0.37118570398
-0.106437371586   0.854995550796   0.50759599491
-0.37092373293   -0.507787460693   0.777539374638
-0.960931768619   -0.26556059064   -0.0780237704713
0.259117055149   -0.962211270754   0.083712735979
-0.0973061549448   0.060224937804   0.993430656401
0.206979693871   -0.156614827362   0.965728327313
0.243750923408   -0.947721293942   -0.205936486195
0.947494007191   0.278021842413   -0.157984054506
-0.335665394806   -0.24256650054   0.910214389881
0.840613072699   -0.513184571846   0.173237574527
0.425086349744   0.823287973941   0.37616287327
0.637389794571   0.491690024464   -0.593274952799
0.188703237862   -0.846105545748   -0.49849422612
-0.747077865953   0.205782227846   -0.632082539631
-0.328053241457   0.0886863036843   0.940487006986
0.812142258971   0.53498791334   0.232836603167
-0.482499763693   0.840192044785   -0.247530414125
0.763679707631   -0.26577838336   -0.588349517796
0.500658785852   -0.331555513727   0.799632241388
-0.407595491023   -0.905225271551   -0.120137935068
-0.990441239357   -0.0941100943833   0.100843648861
-0.0706402362467   -0.281872339554   -0.956847919587
0.118474083256   -0.954825258531   0.272530030028
0.74444660677   0.609951228291   0.271585619601
0.249087639937   -0.631105633492   0.734616244719
0.619479295295   -0.479233949632   -0.621755759299
-0.496750216396   0.394710019337   0.77294451492
-0.858681497078   -0.0941039417888   -0.503796124158
-0.12611625227   -0.913973986925   0.385676343763
0.38374910167   0.874305865736   -0.297196702719
-0.456925005834   -0.0998975524855   -0.883877829822
-0.802468794416   0.474983928304   0.361156616776
0.72091932663   0.671059706661   0.173072801406
0.587139613873   -0.724095033612   0.361874917781
0.368160832126   -0.159264724262   -0.916019841103
0.618637886778   -0.779000083519   0.102205845824
-0.740855147767   -0.535079620935   0.405984543163
-0.261573727791   -0.326877146857   -0.908146747939
0.471614318964   -0.841826729835   0.262502744905
-0.810295343471   -0.296290074891   0.505602262525
-0.347852541312   -0.451154018553   -0.82186292108
0.646178053742   -0.69711308322   -0.310624004328
0.0278929163164   -0.385165408157   0.922425928505
-0.762676804473   -0.604715600562   -0.229440916918
-0.162427531196   -0.565359490946   -0.808693973705
0.350797869496   0.732947132975   -0.582863067126
0.922257096403   -0.378361132069   0.0792761116169
0.889968805878   0.44915436946   0.07884083307
0.319201696106   -0.490099461899   -0.811118237158
-0.325677450505   0.747036056587   -0.579544069412
-0.23035346982   0.795508640232   0.560449179014
0.627195638628   0.561723350491   -0.539529895742
-0.744018084342   0.227228697194   -0.628334472509
0.113240174072   -0.0684084675761   0.991209838803
0.880784839198   -0.454743567736   -0.132008918795
0.459776826314   0.887991311425   0.00875790034535
0.0633021483652   -0.683777488946   -0.726939601083
0.968629955744   0.217489039592   -0.120226979058
0.240309897525   -0.696524847559   0.676094882309
0.146982170293   -0.513369052272   -0.845487112726
0.983488763348   -0.0153844943327   0.180314086254
-0.105575063266   -0.858030030654   0.502631447994
-0.398132116556   0.344886618907   0.850025904232
0.525296322428   0.845376712788   -0.0969638443946
-0.752033637154   0.407911060863   -0.517739292516
-0.114781148845   -0.993305160407   0.0130440092658
-0.963064802117   0.114487228528   0.243718816318
-0.243580530407   0.0154120995297   -0.969758213368
0.468162046937   0.179742437037   -0.865168743157
-0.231927293132   0.969761890744   0.0759710863509
0.852662904381   0.165089465409   0.495692888695
-0.811720118526   -0.370496799889   -0.451489280551
-0.376693026557   -0.258648910279   0.889495983664
-0.446332625879   0.892094648837   0.0703869632285
-0.701325943245   -0.141836629198   -0.698587354559
-0.328171585396   -0.805733311304   0.493048924139
-0.632807499853   0.575044521471   0.518534923082
0.0620830685968   -0.322843136339   -0.9444141051
0.671877200497   -0.686208898834   0.27874428176
-0.738056041264   -0.65183560541   0.174308988505
-0.900616049942   0.41899436352   0.115474906037
-0.434556043213   -0.863727627656   -0.255216830424
-0.00719554677788   -0.280032691953   0.959963496985
0.485824422925   -0.868587248814   0.0976259252799
-0.541959861594   -0.211721238308   0.813297993155
-0.68575078455   -0.448029361144   -0.573598773571
-0.591663208367   -0.187518339111   -0.784073670239
-0.434264184491   -0.745280106596   0.505936933599
-0.679226962018   0.639839382352   0.35952232039
-0.342351745745   -0.89094207545   -0.298358007061
0.937303378731   -0.345901495275   -0.0425973213342
-0.0652507348916   -0.294235235413   0.953502998337
0.644856968213   0.35780934615   -0.675375423268
-0.547399698673   -0.400470996825   -0.734830967363
-0.53339765695   0.843561172951   -0.0623817846051
0.760863251123   -0.582898505949   0.28516038444
-0.518944455708   -0.810406857989   -0.27191428137
0.389594359534   0.0589071836572   -0.919100744605
-0.692844744177   -0.348660237507   -0.631191095666
-0.625145229149   -0.145831940408   0.766763645218
-0.359387816903   0.925834263753   -0.116924390626
-0.896099940174   0.191097461323   0.400607860004
0.0992189473383   -0.793486264597   0.600445791379
0.432620500797   0.577807327897   0.692082505282
0.566986205894   0.147664455773   0.810383767623
-0.381415188443   -0.824918834789   0.417170672549
0.730102113646   -0.545622694278   -0.411396134083
-0.442734411724   -0.467633195826   0.765052569983
0.403989561961   -0.865755094092   -0.29539896899
0.800486523623   0.178289963865   0.57221850222
0.807203523615   0.132789807613   0.575142885253
0.170768314984   0.880165658884   -0.44288440424
-0.565031551385   0.455714033047   0.687796529523
-0.625719133245   0.52745326149   -0.574690023608
-0.0290951880436   -0.752004917835   -0.658515051904
-0.779505635851   -0.395324753203   0.485890217211
-0.591002733597   -0.380611654506   0.711231704394
-0.514429087277   0.856967586145   0.0311331087481
-0.621352140935   -0.347478524159   -0.70226789205
0.568263626138   0.488623789746   -0.662059848732
0.0411820954232   -0.820477312653   -0.570193839355
-0.821815360178   0.296755406887   -0.486369964387
0.927949044592   0.35594977553   0.110500352669
0.338580214366   -0.929016645908   0.149303416122
0.155801184463   -0.10113272925   -0.982597660283
0.686525123623   0.727058209969   -0.00834349754212
0.300939906925   -0.273679299719   0.91352876984
0.661905149591   -0.629671343021   -0.406688545109
0.210239825351   -0.163901556395   -0.963812998277
0.794743241591   0.602796207163   0.0708513413801
0.569370174651   -0.780879640176   0.256991423547
-0.312118208649   0.278433540498   -0.908326476194
-0.259113087331   0.894894159147   0.363352242181
0.914025509384   0.348768128489   -0.207166987589
-0.167505968616   0.0743445160229   -0.983063906069
-0.0389280867564   -0.996873730838   -0.0687558639467
-0.985102205124   0.0267517794341   0.169876389642
0.556516612831   -0.830201631957   -0.0324732187917
0.293510449699   0.159886154515   0.942490336031
-0.777264997   -0.534042758485   0.332652155486
0.176903400895   0.880921202197   -0.438956743053
0.38466896571   0.34863476923   0.854683324105
0.905944244185   -0.320049423064   -0.277188371374
-0.465450649904   -0.631827339057   0.619798278574
0.194385711131   -0.756156177639   -0.624853607116
0.863463889119   -0.170358588388   0.474771590925
0.173373723013   0.452432280952   -0.874783735172
0.811834135988   0.437200921862   0.387015102506
0.557554381036   -0.777277547004   -0.291500818372
0.259569181747   0.525621744557   -0.810151604045
0.367359304385   0.722097482033   0.586193114871
0.893124281032   -0.449774396882   -0.00565778589719
0.281375171291   0.247295574757   -0.927185478578
0.769426692903   -0.635521122964   0.0639958320195
-0.57342007048   -0.731408094686   -0.369095681088
0.949416825148   0.297388367193   -0.10083576342
0.234184824664   -0.88447463999   -0.403561741387
-0.209201242881   0.359534101682   -0.909378947252
0.753778955775   0.561659488233   0.341109813856
-0.0358717879819   -0.483148018254   0.874803524961
0.656148230705   -0.671644706475   -0.344039078604
0.608115551233   0.0392587806205   0.792877181216
0.335097707954   -0.918126292121   -0.211550556226
0.71965616962   0.394338509228   -0.571482403638
-0.738446975349   0.52587184705   -0.422083955011
-0.206461749741   0.419559146269   0.8839364619
0.641926483713   0.73988439858   -0.201249760861
-0.761714871406   -0.451405341784   -0.46478346796
0.4002995129   -0.891942652501   0.210234641822
-0.509461239597   -0.0259137426674   0.860103321287
0.0351831077822   -0.98282069208   -0.181178464908
0.926652062873   -0.0358115994993   0.374210480498
-0.37427009405   -0.181055285924   0.909472858385
-0.63465782201   0.556950486502   0.535738373226
-0.626170316965   0.0356703470563   -0.778869925272
-0.452901957506   -0.829779357376   0.326107397893
0.990579310061   -0.135676301136   0.0185626450005
-0.00139488707565   -0.145542860746   -0.989350964004
0.136933139778   0.980004702538   -0.144360999701
-0.473801456663   -0.880160254724   0.0288115544124
-0.851536380537   0.449561842837   -0.269777578918
0.224494927083   -0.152355096628   -0.962491533597
0.107438750518   -0.982433402965   -0.152582841848
-0.0595229113812   0.14683978741   -0.987367763224
0.992428303661   0.115163733756   -0.0427010130969
0.345258820344   -0.288927503596   0.892926225755
-0.853029956453   0.300105323314   0.426938740703
-0.391326258215   -0.909097185445   -0.142849805904
0.376699187508   0.258610687163   -0.889504488249
0.440665383555   0.794602106816   0.417638015008
0.814807794432   -0.549297737414   0.18536519038
-0.432300601408   0.218933528119   0.874748135344
-0.893813315801   -0.232297051911   -0.383582893479
0.11922225681   -0.947684646883   0.296107857955
-0.771904916057   0.625496091563   0.113654916333
-0.620736312575   -0.780156044245   0.077736586483
0.137292500952   -0.0105444804068   0.990474423251
-0.585962904512   -0.754823521673   -0.294769275308
0.77555881381   -0.627819450403   0.065964111583
-0.234853147429   -0.189958387089   0.953288943772
0.034159499086   -0.740061888055   0.671670700918
0.858825884762   -0.321973765556   -0.398435683589
0.511127409053   0.590458547354   0.624585843237
0.990103796505   0.136162984557   0.0339722501839
-0.0633188580217   0.217404129792   0.974025752518
0.12524054601   -0.966537679548   0.22387433897
-0.764294475925   0.109379682428   -0.63552343713
0.0293852322961   0.990393819145   0.135116953493
0.64419753352   0.0845941373292   -0.76016667234
0.739985175161   -0.556210240637   -0.378222300708
-0.417638086253   -0.820727335958   0.389852624619
-0.527257403412   -0.13052512487   -0.839620641912
0.0869413650899   0.925245538862   -0.36927211085
0.884202997574   0.0990957673523   0.456470248729
0.458940364446   -0.366197653882   -0.809489357665
-0.410141594469   0.848645905838   -0.334041912028
0.907955791438   0.414486622908   -0.0617828473292
0.0860241435892   -0.328635004124   -0.940531169491
-0.962712923724   0.258416512538   -0.0800295729288
0.177598458174   0.380573906329   -0.907536384657
-0.204065220333   -0.887910135019   -0.412277792248
0.593697542313   0.733973698305   -0.329857300129
-0.802623927102   0.510791658536   -0.308036869892
-0.0576026031955   0.44763209421   0.89236060443
-0.645367719032   0.173646770451   -0.743873178938
-0.36223403017   0.787792976307   0.498165367994
0.672522872933   0.590956026785   -0.445515386702
-0.794192131889   0.472174027857   -0.38250561442
0.435704883884   0.00369986678529   -0.900081976903
-0.423580112618   -0.881497588427   -0.20866693507
-0.9734939647   -0.146228446388   0.175860007279
0.190261110718   -0.0910530334855   0.977501946209
-0.126926003804   0.985051565432   0.116461165194
-0.574037003323   0.520902253426   0.631777145196
0.693641578307   0.719362687826   0.0371306370457
-0.435135472767   0.459541255753   -0.774260262832
0.93273596148   0.360537299771   -0.00405975807377
-0.3495145806   0.901339147999   -0.25578760375
-0.0885617530877   0.240001241159   0.966724479949
0.997734501992   -0.0661314127141   -0.0123490804236
0.0138124032502   0.381019943096   -0.92446363935
0.0658413323933   0.922198698338   0.381070176913
-0.852763658423   -0.407454026384   0.326764990867
-0.510891477201   0.520698916036   -0.684004778757
0.108554324627   -0.750235866394   -0.652197902006
-0.341741351982   -0.797295280395   0.49752696832
-0.454373541463   -0.323239552493   -0.83009690791
0.82265274154   -0.509741530154   -0.251805558462
0.439202962155   0.303418639759   -0.845599129068
0.324288734601   0.824236578644   0.464188408985
0.837817148694   -0.47809119577   0.263611900115
0.156300446315   -0.409926783947   0.898626842624
-0.960748355566   -0.274221526072   0.0420137110412
0.229200278704   -0.869921023106   -0.436697430494
0.0383400485862   -0.598157417651   -0.800460957438
0.998104281956   0.0615180488047   0.00183630374304
0.048144397541   -0.799013913133   0.599382084822
-0.996007359038   0.0162634998143   -0.0877772141006
0.0876684384315   -0.00728610572929   -0.996123063465
-0.0168400013202   -0.999841193009   0.00583121929295
-0.568942886043   -0.133871463066   0.811407680391
0.33602180604   0.862697311453   0.37794535938
-0.750595322585   0.487679997732   -0.445841767363
-0.83098488009   0.547992971672   0.0957487966459
0.00234676354837   -0.168663968903   0.985670816396
0.556290051827   0.819302244957   0.138871198043
-0.930883065525   -0.0132765856174   0.365075951815
0.266987891561   0.65737486604   0.704681311841
-0.249347516688   0.75344675842   -0.608394442897
-0.579204363167   0.168099054294   -0.797662217755
0.528434439012   -0.667645882163   -0.52441016361
-0.620708747606   -0.725252841412   0.297874078546
0.300657211977   -0.106089546743   0.947813404082
0.72257781047   -0.623293549338   -0.298975683241
0.622484175463   0.774758129628   -0.110739748388
-0.246467565167   -0.811818474832   -0.529343464342
-0.22075802348   0.578861876478   -0.784974409156
0.943673478694   -0.0766139144131   -0.321886119192
0.948536796434   -0.120189698401   0.292971640621
-0.22992359359   0.374767903632   0.898155977277
-0.217745463605   -0.919295085816   0.327846699349
0.999933682566   -0.00104544551668   0.0114689804828
0.00116764900562   0.999942566898   -0.0106536144874
-0.0114571840102   0.0106662997106   0.999877473986
0.894869865206   -0.404813055245   -0.187974239323
-0.269398573129   -0.825682193197   0.495654440748
-0.355854370694   -0.392906230722   -0.847934172396
0.86310070739   -0.505002519111   0.00544284797753
0.504984842952   0.863117291093   0.0043416823746
-0.00689037673855   -0.000998753397638   0.999975762306
