-0.513826361691   -0.775545508903   -0.366758276868
-0.0710665102115   0.464519331245   -0.88270682677
0.854945624679   -0.427493806411   -0.293797590737
-0.144850389723   -0.858861751505   0.491299151637
0.709683727195   0.255813637114   0.656436128211
-0.689468905718   0.443752042101   0.572465503921
0.777678875941   0.215857463905   -0.590441462967
0.258459015758   0.746377647927   0.613285695128
0.573074605168   -0.6295442494   0.524651822602
0.950020129866   -0.18653770598   0.250330655526
0.0874133011888   0.92872585531   0.360315418009
-0.299700963669   -0.320424671221   0.898614134347
-0.608160900357   0.734164411878   -0.301898883088
0.38582929606   -0.058987761572   -0.920682463332
-0.693740638553   -0.676404509385   -0.247388088039
0.592827113516   -0.685916875459   0.421988214812
0.534103700081   0.727045357725   0.431437464033
-0.602734809879   -0.0303823595436   0.797362941946
0.228807165375   -0.948725832645   -0.218097628471
-0.8163667902   -0.0649620614374   -0.573868621229
0.530275913965   0.309352913426   -0.789372047911
0.94732718058   -0.199042439169   0.250905002627
-0.116233397786   -0.943681757794   -0.309765293806
0.298430913567   0.264285541446   -0.917110757984
-0.994783760946   0.0752824902162   0.0688317922555
-0.098509257811   -0.533832096837   -0.839832851532
-0.0264800884399   -0.842232651382   0.538463523242
-0.986009273138   0.0739216343323   -0.149403163498
0.0637052907837   0.995364255999   0.0720529930333
0.154036843682   0.0615271473136   -0.986147585776
-0.890001381708   -0.220570748919   -0.399056493844
-0.455074896946   0.375267051818   0.807515620895
-0.0283615713112   0.900290611159   -0.434364405461
0.892865276823   0.0352401913308   -0.448942898773
-0.447086771146   0.188689705798   -0.874362404265
0.0538982050708   0.981404261169   0.184229909758
0.195025145486   0.681979201604   0.704889751102
-0.371358796936   0.716527057363   -0.590492692592
-0.907776314169   -0.146606086661   0.39299976945
-0.444747123589   0.800808124632   0.401131329595
0.862920361845   0.263138965126   0.431423613338
0.23993425177   0.538018803162   -0.80806393452
-0.83964488293   0.52348493102   0.144775680157
-0.49032221119   -0.845230919837   0.212529577626
0.233624912592   0.107462640704   0.966370105637
-0.0106902843822   0.592632969722   -0.805401689233
0.51141703169   0.695373926516   0.504883869835
0.859266162209   -0.406498789077   -0.310516339283
0.733377616289   -0.67921627209   0.0286797429327
0.667909410451   0.71202276015   -0.216611653563
0.126705530101   0.178013608344   0.975836494443
-0.213098362801   -0.920639469858   0.327126969708
-0.962405184707   0.255508821858   0.0921493483543
-0.168420153845   -0.295191816437   -0.940476710657
0.111455171374   0.922696907531   0.369063899083
0.869229110532   -0.270523259327   0.413833202592
0.481682985145   0.274677234214   -0.832186228453
0.921574294132   -0.00662948397529   -0.388145424213
-0.052447877901   -0.992813139331   -0.107569932951
-0.384642743983   0.119491088846   -0.91529877045
0.815976642507   0.132809188563   0.562622287433
-0.566078923669   -0.0137531270504   0.82423631543
0.117203972037   -0.991046200199   0.0639582520803
0.207148113911   -0.665348066026   -0.717217965432
0.977025098852   0.103140765497   0.186504527306
-0.0501160165653   -0.739374014642   0.67142717502
-0.503146568074   0.353490797644   -0.788598622251
-0.843285137149   -0.00127846387977   0.537464922571
0.188980709331   0.935437128572   0.298736790485
-0.292211147773   0.866916225688   0.40381790792
-0.174232580256   -0.463438472485   0.868831278326
0.940348686974   0.18352394901   0.286466938834
0.161015304082   0.750594269053   -0.640845000851
0.638255666119   -0.574457500965   -0.512472715618
-0.752797301083   -0.326507002758   -0.57156749438
-0.214151463431   0.432153850251   -0.876003539048
-0.91236171713   -0.408827661165   0.0213551066931
-0.348905786461   0.803805320448   0.481831670808
0.945653215536   0.186053594259   0.266690937246
-0.00686402130797   0.831379568631   -0.555662575737
-0.325104415776   0.523633529223   0.787473838243
-0.0788304859382   -0.847022655162   -0.525678966793
-0.0254418945526   0.528857617114   -0.848329140618
0.996563326883   -0.0534999295488   -0.0632399640255
0.922454630158   -0.105980323321   0.371275674358
-0.106152599339   0.854922412889   0.507778784112
-0.371226455084   -0.507814768404   0.777377051395
-0.960752214361   -0.264782595743   -0.0827366883111
0.257610722901   -0.962231737038   0.0880159058557
-0.10291694733   0.0632476183636   0.992677107988
0.206691707982   -0.154830892272   0.966077601774
0.244019416902   -0.948039151827   -0.204147718034
0.947487763523   0.277937333588   -0.158170087474
-0.335080932141   -0.242759473984   0.910378276711
0.841841371606   -0.511051347653   0.173578872893
0.423112129309   0.824557067675   0.375608530492
0.636499653871   0.49224700156   -0.593768540828
0.187922799016   -0.845628408135   -0.499597454922
-0.748032895154   0.206410960973   -0.630746623422
-0.328432626776   0.0892545691491   0.940300819714
0.811770401029   0.535612261566   0.2326979185
-0.482867296141   0.839733962125   -0.248366759391
0.763208112112   -0.267303795971   -0.588270395537
0.499566139272   -0.333319640663   0.799582196926
-0.409813433282   -0.904127589341   -0.120856328314
-0.991269989525   -0.0808481185445   0.104150802183
-0.0779236572572   -0.277967623181   -0.957424620585
0.106356530158   -0.957182105031   0.26924098184
0.744090393028   0.609474398469   0.273624641826
0.249863520268   -0.633725820886   0.732092757225
0.619594793589   -0.476374371218   -0.62383471385
-0.497886980827   0.394285210842   0.772429755275
-0.857937470849   -0.0938130160435   -0.50511623824
-0.12669589747   -0.914187229473   0.384980335904
0.383025690867   0.874179624357   -0.298498416235
-0.45525286201   -0.102530524212   -0.884438987854
-0.803763741262   0.474655112649   0.358700951029
0.722003178672   0.669936703239   0.172905244689
0.585264921231   -0.724645755958   0.363804206063
0.369020842181   -0.161472418778   -0.915286991064
0.617336750344   -0.78019735388   0.100932777995
-0.741570977247   -0.534285642849   0.405723227768
-0.262617254537   -0.325316677783   -0.908405876674
0.471500506735   -0.842175508566   0.261586859228
-0.810268710497   -0.296644024599   0.505437374419
-0.348068799146   -0.450269625271   -0.822256271256
0.645540603027   -0.697353088324   -0.311409698065
0.0281391124909   -0.385756131116   0.92217156628
-0.763207390027   -0.604061981515   -0.229398348504
-0.163340778666   -0.565725450805   -0.808253985042
0.350125233012   0.732688803722   -0.583591842052
0.922351403335   -0.378314460749   0.0783967955645
0.8904104861   0.448142201271   0.0796098843295
0.319122253455   -0.489949560209   -0.811240048199
-0.324546073143   0.747741931345   -0.579268375208
-0.231366791496   0.796162522999   0.559101640817
0.62749139789   0.561300550627   -0.539626016274
-0.74345406944   0.225979930166   -0.629451441968
0.114624332684   -0.0660142566329   0.991213085203
0.880470065453   -0.455314232574   -0.132141641644
0.46003665745   0.8878800975   0.00593348678841
0.0614643513553   -0.685264337094   -0.725696163569
0.968753388273   0.21599635864   -0.121911630964
0.240289421787   -0.695527397994   0.677128224501
0.146056708379   -0.512746434629   -0.846025136573
0.98392567507   -0.0135320895762   0.178065011973
-0.102750687953   -0.858433443155   0.502527929371
-0.395596557315   0.343329437739   0.851838165981
0.526477730233   0.844754260226   -0.09597624393
-0.7525453896   0.410505952469   -0.514937180226
-0.114249210495   -0.993403056422   0.00987346909547
-0.962331115501   0.113132861278   0.247224148979
-0.246710239027   0.0187436173076   -0.968908011511
0.469282524931   0.17650073285   -0.865229104398
-0.232630036912   0.969919989957   0.0716831849753
0.851855138929   0.167638612453   0.496225873866
-0.808800873473   -0.365355696151   -0.460821399632
-0.39082278216   -0.25159123137   0.885414820997
-0.439429971684   0.896223782092   0.0606978780427
-0.702256370747   -0.141306702698   -0.697759561395
-0.327381756641   -0.806228252754   0.492764842374
-0.632184447107   0.57448100076   0.519917690218
0.0630844655174   -0.32148294731   -0.944811655728
0.671324556388   -0.686837261732   0.278528124052
-0.738473892701   -0.651846063489   0.172490635436
-0.900589641517   0.418587336627   0.117144949561
-0.434624102596   -0.863244697384   -0.256730368054
-0.00633932446134   -0.282122728709   0.959357378098
0.485045038616   -0.869112146133   0.0968265870401
-0.542306651504   -0.212085235271   0.812971923694
-0.686028283854   -0.446837700316   -0.574196188883
-0.592839848328   -0.185750908207   -0.783605458336
-0.435300000665   -0.744726054906   0.505862641994
-0.677535846768   0.64099898849   0.360645910971
-0.341861149369   -0.89185334208   -0.296190092295
0.937682039325   -0.344623203305   -0.0445784799145
-0.0623165120974   -0.292971780152   0.954088144961
0.644524650985   0.358392861442   -0.675383247601
-0.546708092248   -0.401499245271   -0.734784742573
-0.534507470615   0.842824366588   -0.0628398833749
0.760547098029   -0.582146461526   0.287530188001
-0.517612611394   -0.810967067052   -0.272781232277
0.391976142393   0.0586337231396   -0.918104999608
-0.692954503956   -0.350532288508   -0.630032673884
-0.62530441956   -0.142800630516   0.767204251033
-0.358898924943   0.925599856654   -0.120235049119
-0.896011558164   0.190398166566   0.401138162987
0.100079298734   -0.793561054835   0.600204120457
0.432605387855   0.577935455234   0.691984962251
0.567985091858   0.147226225412   0.809763776652
-0.381217131384   -0.82490792292   0.417373235178
0.729428841057   -0.545757599355   -0.412410243059
-0.442420532871   -0.467740604109   0.765168477763
0.405178142063   -0.865420809265   -0.294749887338
0.800059213614   0.179626139965   0.572398204533
0.805991398921   0.133123926238   0.576763283443
0.171305715526   0.880226352582   -0.442556120789
-0.566597049669   0.455499273855   0.686649979847
-0.626978059989   0.526234527381   -0.574435143845
-0.0294395355135   -0.752843733175   -0.657540589749
-0.77848045964   -0.395352419507   0.487508603358
-0.591087627135   -0.379584425244   0.711709969833
-0.515294078566   0.856527331689   0.0288607460902
-0.620554131114   -0.349680703187   -0.701880314708
0.569472734023   0.490274672108   -0.659796598274
0.0423843517374   -0.819107700126   -0.572071798223
-0.820916787459   0.297814239895   -0.487239475601
0.927676078449   0.356921185119   0.109655647766
0.339487574774   -0.928530115124   0.150266469584
0.155451857652   -0.102171879306   -0.982545483442
0.687380520023   0.726232239922   -0.00973418668004
0.300296290369   -0.271976843768   0.914248726794
0.661309427335   -0.631359905404   -0.405036431899
0.212455960406   -0.164777915272   -0.963177399821
0.794114078967   0.603498503666   0.07191929963
0.569425407296   -0.780152417615   0.259069316621
-0.310668614134   0.276747949224   -0.909337992604
-0.262378158111   0.894537980125   0.361883274358
0.913587825191   0.351016202923   -0.205292257397
-0.167802208617   0.0752008434285   -0.982948244787
-0.0343809077082   -0.996926105193   -0.0704009514902
-0.985220976212   0.0219812177371   0.169871875537
0.55771630493   -0.829244989552   -0.0361285277494
0.296663809258   0.158494346189   0.941737822593
-0.775205203473   -0.535940565295   0.334401858518
0.178854613498   0.881902395941   -0.436187105798
0.381159138923   0.346607379727   0.857077029872
0.907043955961   -0.319548882571   -0.274152828914
-0.465627548843   -0.630463396938   0.621053049972
0.191001702598   -0.75682329002   -0.625089479425
0.864123449145   -0.172436692164   0.472817355681
0.174970578332   0.454564534127   -0.873359250842
0.810972747306   0.436465180513   0.389642591776
0.558308606278   -0.776446540667   -0.292270884013
0.258707246257   0.526934759835   -0.809574159427
0.365837386267   0.722224662989   0.586987685544
0.893998639564   -0.448030462188   -0.00592768153065
0.281330335542   0.247007933554   -0.927275753519
0.769750566703   -0.635091786052   0.0643621655132
-0.573007248963   -0.731878066382   -0.368805082103
0.949723217293   0.296772939569   -0.0997578712389
0.234494887979   -0.88536120113   -0.401432050345
-0.207455918321   0.357856627537   -0.910439825624
0.753128907543   0.562613744181   0.340973053894
-0.0351569122449   -0.483135929755   0.874839222315
0.656932903838   -0.670854267512   -0.344083872939
0.608411183645   0.0364380852621   0.792785026069
0.335600017606   -0.917046706654   -0.215401870925
0.719172065502   0.397111575956   -0.570170094308
-0.739311059859   0.52654681644   -0.419723250328
-0.205444969836   0.41721834087   0.885280306124
0.641257764974   0.740727551896   -0.200277738961
-0.762238950403   -0.449887423633   -0.465395625835
0.399958528787   -0.892655256739   0.207845538483
-0.508944945686   -0.0277109847138   0.860352918044
0.0352257354994   -0.982524768035   -0.182768235087
0.925740693842   -0.0368205838348   0.37636207616
-0.376514694698   -0.182453623709   0.90826612833
-0.634825917156   0.556913828364   0.535577298514
-0.626991511492   0.0337683572519   -0.778293866458
-0.451528182314   -0.829883537507   0.327743214654
0.990876270523   -0.133729797453   0.0167498593365
-0.00273734134738   -0.144223981824   -0.98954128263
0.134746886706   0.980467125578   -0.143274185334
-0.474133687187   -0.87996862992   0.0291968668048
-0.851919494975   0.450142061554   -0.267591663735
0.222329531901   -0.151747602211   -0.963089946198
0.106672569283   -0.982679894543   -0.151529494895
-0.058011519978   0.145988393155   -0.987583947122
0.992600436486   0.114138573343   -0.0414337973509
0.346066797586   -0.292071343716   0.891589648767
-0.852656632011   0.298565040273   0.428760521287
-0.391426160976   -0.908599607587   -0.145713120881
0.380422545781   0.256499426258   -0.888530658442
0.440883287924   0.794264469225   0.418050091922
0.812957940542   -0.550773998349   0.189069801007
-0.434570219023   0.216982542263   0.874109433133
-0.892497676843   -0.233944933534   -0.385639293775
0.120816478876   -0.947727990737   0.29532191589
-0.772581185979   0.624773278953   0.113033893046
-0.619809653412   -0.780754987291   0.0791052675751
0.137674633134   -0.00894425663222   0.990437123529
-0.587139394642   -0.754075099299   -0.294343465831
0.774108534939   -0.629366420967   0.0682193835621
-0.236692432059   -0.187799501536   0.953261789767
0.0345097120868   -0.73906615245   0.672748320008
0.857631236956   -0.323702836144   -0.399606225263
0.513105974598   0.590760269631   0.622675326841
0.990277134695   0.134391541634   0.0359181017943
-0.0650173567535   0.218882532278   0.973582652056
0.122979428443   -0.966451939106   0.225492149706
-0.763392639847   0.111117568335   -0.636305401073
0.0281476894921   0.989879292527   0.139092393046
0.645321148734   0.0882715822584   -0.758794269062
0.738509124479   -0.558121504513   -0.378291764729
-0.416076130935   -0.818735438408   0.395667708008
-0.530551530323   -0.134806038792   -0.836864627988
0.0856768246788   0.924349285109   -0.371803551396
0.88333277729   0.102139595033   0.457483013555
0.460849960701   -0.367621955607   -0.807757025026
-0.408087400504   0.848998456719   -0.335658001601
0.9086332399   0.413394960921   -0.0590782670148
0.0886019689334   -0.329099113905   -0.940129493383
-0.963174617524   0.257026014076   -0.0789448177244
0.176656662161   0.383585951031   -0.90645145589
-0.202699481675   -0.887017162326   -0.414865609407
0.592343719625   0.735422748517   -0.329062758124
-0.803442163636   0.508724569604   -0.309321842057
-0.0600800092631   0.447607744845   0.892209448079
-0.6461812403   0.175303018309   -0.742777662868
-0.362812254883   0.785688450466   0.501059803328
0.671429126856   0.593264283921   -0.444095054052
-0.794338883251   0.471935572161   -0.382495168969
0.435682451573   0.00381096119927   -0.900092371908
-0.423327934286   -0.881624802455   -0.208641241727
-0.973324932998   -0.145648024713   0.177271621255
0.19161753685   -0.0911153956094   0.977231141672
-0.126179611572   0.98513178691   0.116593602069
-0.574674715337   0.520653640238   0.631402216071
0.692873483322   0.720118788788   0.036813939538
-0.435517287443   0.458637893051   -0.774581161271
0.932404895482   0.361376835465   -0.00528144580526
-0.350802392604   0.901412680159   -0.25375748539
-0.0869413148274   0.238457465468   0.967253454343
0.997783662658   -0.0647871104197   -0.0151786974378
0.0107018373789   0.381381921817   -0.924355613597
0.0656752100047   0.922144489781   0.381229991943
-0.852907900628   -0.406736120293   0.32728251022
-0.510903376985   0.521376319228   -0.683479680117
0.107358522864   -0.75015495879   -0.652488839269
-0.341097010909   -0.797285517788   0.497984570317
-0.450802645674   -0.326125595768   -0.830914598763
0.824881690791   -0.507915247763   -0.248177954879
0.439309551194   0.301486536906   -0.846234592944
0.327598790616   0.823366711431   0.463407262454
0.836472444625   -0.480804665714   0.262946235589
0.157219318689   -0.408559317768   0.899089188955
-0.960140476969   -0.276291976013   0.0423439308104
0.231111121145   -0.869909206673   -0.43571277446
0.0397246607112   -0.596734269606   -0.801455028563
0.998017439632   0.0628822761207   0.00264755349413
0.0488174305039   -0.799971268752   0.598049184976
-0.996053882808   0.0180686126923   -0.0868918165243
0.0867564253771   -0.00814814941808   -0.996196230828
-0.0187078913646   -0.999803547151   0.00654842761687
-0.571539501415   -0.133101698027   0.809707685714
0.335654749942   0.862506669833   0.378705866517
-0.74878467343   0.488227592907   -0.448280414875
-0.830409651645   0.548927090478   0.0953879436537
0.00142142000361   -0.169118083688   0.985594771361
0.557151496472   0.81858299708   0.139657033015
-0.931622625596   -0.013955341208   0.363159100022
0.265388767452   0.656564298146   0.706039747118
-0.248290325199   0.754140948929   -0.607966564509
-0.579770436667   0.168318113537   -0.797204649649
0.528924001077   -0.666492837971   -0.525382430253
-0.619762568934   -0.726261873975   0.29738535364
0.299920225526   -0.107024316774   0.947941798814
0.724076322877   -0.62141978622   -0.299250610597
0.621096882112   0.776133522606   -0.108882588681
-0.245711008608   -0.812709009372   -0.528327707332
-0.221643663498   0.577701883834   -0.785579162049
0.943663174379   -0.0759249596676   -0.322079514747
0.948922684013   -0.121116267744   0.291335870523
-0.227926868209   0.375335705507   0.898427766111
-0.218162972372   -0.918941759775   0.32855891348
0.9998782222   -0.0021401293838   0.015458351004
0.00237340340762   0.999883353746   -0.0150879375161
-0.0154242577069   0.0151227890432   0.999766669541
0.894258480218   -0.404581870931   -0.191351196163
-0.266047202164   -0.824363272347   0.499643954658
-0.359889784211   -0.395902393173   -0.844831721883
0.861792909328   -0.50720943731   0.0071810957191
0.507175964282   0.861821424202   0.00603108948974
-0.00924784764643   -0.00155547101184   0.999956027945
