0.07800516214916953	0.9890935761218091	-0.12493635320695425
-0.9890935761218091	0.06107546611200121	-0.1340286727300276
-0.12493635320695425	0.1340286727300276	0.9830703039628317
0.7782836399308196	0.25851879431499386	0.5722260119934747
0.21564835049976883	0.7458376020580191	-0.6302555515686259
-0.5897205819222889	0.6139171803608903	0.5247240521597718
0.9900297963150988	0.1386136203460245	-0.025045292229320528
-0.1386136203460245	0.9271156691140674	-0.34819936866361956
-0.025045292229320528	0.34819936866361956	0.9370858727989686
-0.6080569839214083	0.3837805167568852	-0.6949670634369796
0.7345118639443858	-0.06023075113687293	-0.6759175825072407
-0.3012623873458892	-0.9214579597438542	-0.24526761383303164
0.7388834374078572	0.6665278939481065	-0.09895368873089413
-0.6665278939481065	0.7013835851723433	-0.25258985141903834
-0.09895368873089413	0.25258985141903834	0.962500147764486
0.22882869778327342	-0.8159946474893398	0.5308391115390421
-0.9487233503091514	-0.06477157844312886	0.3094004641304936
-0.21808583550746832	-0.5744191656749745	-0.7889747717489297
0.9473002324430837	-0.11637923421042862	0.2984596178009242
-0.19926547135859085	-0.9435649284418968	0.26453449253108113
0.25082970625011336	-0.31006628268651243	-0.9170296389994432
-0.9933233779217927	-0.1121318383396933	0.027113054136342688
0.1121318383396933	-0.9936921679097808	-0.001525209926791424
0.027113054136342688	0.001525209926791424	0.9996312100120118
-0.986035125386018	0.0633747192250032	0.15400771561234336
0.07351184869711239	0.99542464522922	0.06103919864656112
-0.14943473360003448	0.07150818577920642	-0.9861824576418168
-0.8898723605598382	-0.4553113519398198	-0.028613890095454397
-0.2208586098946757	0.37507269933789533	0.9003010300153923
-0.3991849901324606	0.807472626784412	-0.4343262606000575
0.892684699788153	-0.4473697261743307	0.05453764632654695
0.03500277370604338	0.1894679056618871	0.9812628182892603
-0.4493204119523379	-0.8740493354649969	0.18479428177348645
0.1954788744021625	-0.37085561345932766	-0.9078844219547824
0.6815300533501598	0.7170455246901588	-0.14615916633021414
0.7051984089906838	-0.5901794892128331	0.39291649808768214
-0.4451299425768769	0.8626353581539026	0.24024898144257542
0.8004188449882881	0.2630045936048392	0.5386633979865054
0.40148350751820605	0.43207501964987727	-0.8075408166683817
-0.8395802699821484	-0.49108581472622004	0.23224920415662847
0.5238945475879073	-0.8450240538809906	0.1070927232364483
0.1436644467652472	0.21158702922726919	0.9667427040316436
-0.010267381938874998	0.5109492421959507	0.8595495638807019
0.5919759003075089	0.6958815537281611	-0.4065875018197126
-0.8058902619607929	0.5046580377644492	-0.3096145193567321
0.7332612583712521	0.6681765289338089	0.12596846094866282
-0.6792853388172948	0.7116956344435705	0.17905516575021357
0.029989255403906803	-0.21686274483168033	0.9757413563359856
0.9786923090152981	-0.052284864271861506	0.1985639877781901
0.052284864271861506	-0.8717032721241513	-0.48723679903730754
0.1985639877781901	0.48723679903730754	-0.8503955811394495
0.11075748708181443	0.869193367618042	0.4819083613552783
0.9227773984820239	-0.2700069294088858	0.274914770286963
0.3690726918996721	0.41424527487950036	-0.8319772835444113
0.9220745296848849	-0.05181926140866978	-0.3835274773121976
-0.005981157590705277	-0.9927851476361533	0.11975757340117214
-0.38696613218765474	-0.10813146988791898	-0.9157318372534644
0.8654386895700902	-0.35917965808877983	0.34929335494743136
0.35917965808877983	-0.04125467883302569	-0.9323561683657222
0.34929335494743136	0.9323561683657222	0.09330663159688402
0.20676469976160594	0.9771200448154785	-0.04984753707346107
-0.6657827088256151	0.10318507473820082	-0.7389764711951917
-0.7169252008133897	0.18598187645861908	0.6718846612831788
-0.502756942337254	-0.8431039699720912	0.19081706618904476
0.35439935680659174	0.0003026657310619685	0.9350941152036674
-0.7884393146125892	0.5377505036824739	0.298643337381694
-0.29150865368751044	-0.17405626531936103	0.9405993415521681
0.867279385200271	-0.4629171206730591	0.18312347581455846
0.4035457506057221	0.8691444965544229	0.28589975739273243
0.16098370621412394	0.6378866470526526	-0.753116771719691
0.7509307045081287	-0.5743371458962612	-0.3259446576808137
-0.6404586820088322	-0.5130667289502037	-0.5714675916303986
-0.21309520411647243	-0.9126463936888107	-0.3488079615911418
0.43264098902255954	-0.40824130974766515	0.8038412826131118
-0.8760206667654254	0.02038610071395347	0.48184250362285386
0.9453609859681474	-0.006038581937662296	-0.3259695411192805
0.18582824997290712	0.8314973249071469	0.5235265611067554
0.26788144340610626	-0.5554959353590634	0.7871872700178912
-0.07842251262735012	-0.025256874624666914	0.9966002206488853
-0.847234971274599	0.528540224875212	-0.05327414136510972
-0.5253977664232525	-0.848532451337634	-0.06284795990645464
0.9999999967129437	7.796085962848522e-05	-2.2275927378746715e-05
-7.796085962848522e-05	0.8490391075778265	-0.5283299988885282
-2.2275927378746715e-05	0.5283299988885282	0.8490391108648829
-0.960641273036307	0.2611671352851877	-0.09465765677488557
-0.2611671352851877	-0.9652112431319768	-0.012608869043351826
-0.09465765677488557	0.012608869043351826	0.9954300299043302
0.2065560675488729	0.2441427115075946	0.9474855816193009
-0.15422816022592484	-0.9481385479678726	0.27793338851368765
0.9662030146672447	-0.20353778586565552	-0.15819008873135698
-0.33492514068380874	0.842238353272022	0.42244491524406336
-0.24283625399008046	-0.5103495240562741	0.8249690400515646
0.9104151272282311	0.17371793106403133	0.37545489281781397
0.6362102765181212	0.18769315993110647	-0.7483366633860804
0.49246724949046583	-0.845446878628684	0.20662909668367282
-0.5938960281328971	-0.4999908530484247	-0.6303147266531834
-0.3285931389198691	0.8116315685539818	-0.48299145539169774
0.08943205014521871	0.535828503022511	0.8395771100711822
0.94022787528429	0.23268436190526004	-0.2486554448692635
0.7630305350098663	0.49921435673707015	-0.4105720748786387
-0.2678240874466412	-0.33391957340652256	-0.903752165518501
-0.5882641080551585	0.7995515896573526	-0.1210892012132776
-0.9913119213380304	-0.0714363980317551	0.11044236347231953
-0.08613158900102781	-0.28203651530320517	-0.9555295670003012
0.0994083698149271	-0.9567404272172646	0.27343322939771786
0.7439426433152514	0.2501403191948056	0.6196605233272791
0.6093521330965374	-0.6345680152526523	-0.4754086788322337
0.2742978697471353	0.7312682508706575	-0.6245057437051744
-0.32654675606695305	-0.8401180504388178	0.4330922273939237
0.8401180504388178	-0.46794311211033035	-0.27428252798050967
0.4330922273939237	0.27428252798050967	0.8586036439566227
0.3828051411464022	-0.4547018606053525	-0.804180602771488
0.8741345982479223	-0.10337466482490432	0.47455493129698084
-0.29891291049037444	-0.8846241555792886	0.3578982750835831
0.7223338491397957	0.5846629882667131	0.3693277684360115
0.6695902221519205	-0.7248063522583037	-0.16218719469968623
0.17286626271609112	0.3644515631425518	-0.9150367825052295
0.9946757428832477	0.023930004779332884	-0.100237325338022
-0.023930004779332884	-0.8924460039810782	-0.45051912817267387
-0.100237325338022	0.45051912817267387	-0.887121746864326
0.9980215659544903	0.02175382398823155	-0.058989194193817276
-0.02175382398823155	-0.7608063512731069	-0.6486142667289942
-0.058989194193817276	0.6486142667289942	-0.7588279172275973
0.7310688568949919	0.3817230727239203	-0.5655314511399506
-0.3817230727239203	-0.4581791362375023	-0.802719985341629
-0.5655314511399506	0.802719985341629	-0.18924799313249419
-0.16367564077615615	0.34990126183853004	0.9223770333113891
-0.5658731369418154	0.7325747916742832	-0.3783143765322831
-0.8080828407435369	-0.5838692332767544	0.07809507621272116
0.8905441390861296	0.3191307639933189	-0.3241707756914323
0.4478251847379832	-0.48987907585030577	0.7479780043279628
0.07989831195798515	-0.811279265430278	-0.5791737332003011
-0.23166924899570573	0.6275835764715069	-0.7432820552206262
0.7963448137773735	0.5611852516459594	0.2256236931373595
0.5587166514787668	-0.5396387383039634	-0.6297822921312259
0.1150268780999878	0.8803692304105908	0.4601291508487966
-0.06522820429859882	-0.45551005226419994	0.88783775187263
0.9912184918969937	-0.13213860311252634	0.005029004764309231
0.06081671057442872	0.968794569632028	0.24028818024696894
-0.6857609996632551	0.21547782424483064	-0.6951986468625834
-0.7252814481673712	-0.12250056779544971	0.677466185011498
0.14570087157129086	0.9840768615144377	-0.10180366719946926
-0.5125578345859783	-0.012929843363421956	-0.8585553478693906
-0.8462007576384571	0.1772725296894347	0.5025124157566752
-0.39480240020697055	0.5268531549139973	-0.7526996864274509
0.3427908750722159	0.8445610786677795	0.4113526472100809
0.8524232990469229	-0.09561557172701729	-0.5140351949869544
0.9637002700492374	0.03473885781277864	-0.2647168322281197
-0.03473885781277864	-0.9667548975220102	-0.2533341269451685
-0.2647168322281197	0.2533341269451685	-0.9304551675712476
0.469633095229571	-0.23283408855984672	0.8516061549035435
0.17537624517662553	0.9699776132866907	0.16848324056238723
-0.8652675473475478	0.07022618405666488	0.4963671570319682
0.41263749282923023	-0.24523753530383313	0.8772621334525434
-0.43140253255234434	0.7956048574032515	0.4253290088669893
-0.8022606524185456	-0.5539598019301158	0.22250029983466635
-0.7025177741347897	-0.32715513652817985	-0.6320113081804226
-0.14114432020279546	-0.8063811044232152	0.5743063601455994
-0.6975292523609256	0.4926652322545445	0.5203209692376274
0.0634315917542092	0.6711379051222492	-0.7386137999493693
-0.3209734918857498	-0.6870618538635083	-0.6518604348112476
-0.9449616133336828	0.27842399550642016	0.1718360499198145
-0.8985809131100695	-0.43510529396461267	0.056883440105543165
0.43510529396461267	-0.9002851995778716	-0.013036202859691294
0.056883440105543165	0.013036202859691294	0.9982957135321978
0.902004866174018	0.20933458473709687	-0.3775794658496925
-0.20933458473709687	-0.552825057161825	-0.8065751594284143
-0.3775794658496925	0.8065751594284143	-0.45482992333584304
-0.5931842593709833	-0.4356617079204697	-0.6770017065608602
-0.1851636926899301	-0.7445522128608211	0.6413707268292523
-0.7834837849910659	0.5058071555206327	0.36098792234671717
-0.34172247752414653	0.9377956323612067	-0.061360412963112454
-0.8921336815525585	-0.3442276101075046	-0.2925830594534725
-0.2955050635678475	-0.04524051683966837	0.9542693818004653
0.6444304076299865	-0.5464753757045527	-0.5348589659624464
0.35858564963439565	-0.40181788190766654	0.8425904827705536
-0.6753708474594738	-0.7347836780493998	-0.06298543382455768
0.7604373341045616	-0.5171460968520286	0.39280399108290587
-0.5818802250236591	-0.8111653027108663	0.05853422421459642
0.28835822274796175	-0.27307648413713903	-0.9177574675179363
-0.6929598049076087	-0.6253731721501397	-0.3587688731443692
-0.3511928569043236	-0.1418019439281406	0.9255029907880252
-0.629658864816329	0.7673334374657943	-0.121363543558763
-0.8960242327712975	0.1008747570719878	0.4323943312212534
0.189637835970062	-0.7936095999982649	0.578118754201233
0.4014698811308259	0.600006738442379	0.6919637623232442
0.5759859044850593	-0.2654253255324379	0.7731685679077542
0.2654253255324379	-0.8338484399948014	-0.48398985080705487
0.7731685679077542	0.48398985080705487	-0.40983434447986067
-0.4423473545433725	0.4055731403284251	0.7998995222980319
-0.46777811661580543	-0.8653112317159881	0.18005584100919825
0.7651878537613166	-0.2945282670819549	0.5724863739390229
0.8055865332080159	0.17152182888625672	-0.5671072206641387
0.13318037717026493	0.880258869061824	0.4554199277313023
0.5773156196143289	-0.4424077142789356	0.6862813487891182
-0.627379341052847	-0.029572745185479254	-0.7781520514412913
0.5258578754211346	-0.7531091884175178	-0.3953480051532803
-0.574341934110392	-0.6572305554851374	0.48803620732383346
0.9224557341572991	-0.3205051270155238	0.21529487238919856
0.3205051270155238	0.32470834982966346	-0.889854455013661
0.21529487238919856	0.889854455013661	0.40225261567236437
0.5698859372699192	0.042791377397687375	-0.8206088693905242
0.49084633028026425	-0.8186290227890027	0.2981885361611351
-0.6590143386546181	-0.5727263055491092	-0.4875291584917618
0.9275687839393316	0.339824860815637	0.15535512554448455
0.3572782156744747	-0.9283589145052822	-0.10247927821290027
0.10940030925812377	0.1505615815213378	-0.9825287693009399
0.687613081597828	0.30012820072924346	0.6611439428313366
0.7260053189953799	-0.2713789597295393	-0.6318779447065153
-0.010223835188204633	0.9144815598704767	-0.40449839289038514
0.21314557356781916	0.7939226531016002	0.5694346190394132
-0.165080868554643	0.6037127033108005	-0.7799226107110948
-0.9629731415287189	0.07223429070241877	0.25974013155657794
-0.3101832243810483	-0.26346592348851977	0.9134396939442241
0.2761545143710668	0.8944297508295554	0.35175858912535407
-0.9096840393812878	0.3613601084670538	-0.20467979994035224
-0.167895627417308	-0.03280564966531282	-0.9852587719194309
0.0754602419592924	-0.9969414294101162	0.020335638892323017
-0.9829124122614351	-0.07093360047079716	0.16985762905049584
0.6686195029935973	0.603280942205192	-0.43474137712968003
-0.603280942205192	0.09827795695819819	-0.7914502814126344
-0.43474137712968003	0.7914502814126344	0.4296584539646009
0.17947372146753982	0.37999212370427676	0.9074112459217737
0.882213474138283	0.34597718280313094	-0.319373096907786
-0.4353028478558957	0.8578495059754494	-0.273140359057801
-0.4657204830074446	0.1898811410909134	0.8643203017199846
-0.6299829543929771	-0.7570639800962109	-0.17313465053298893
0.621470762692509	-0.625139410290934	0.47220208472590897
0.17543220183221608	0.8106693015614556	0.5586043555739273
0.4552694791635329	0.43628540053004194	-0.7761344926148473
-0.8728993320552298	0.3904744969779753	-0.2925344822535134
0.2583730965034182	0.36535441957457065	0.8942927323312897
0.5273607472260333	0.7222789006064865	-0.4474414285958389
-0.8094034749668642	0.58722171097126	-0.006056143620396748
0.2812953741521318	0.7698650820263951	-0.5728705507853447
0.24695978611040814	-0.6349452467699992	-0.7320214461670411
-0.9272991839341356	0.06443825789604202	-0.36873287674739497
0.9498149100380942	0.23465137946206407	-0.20685832539658022
0.2966166612760038	-0.8856232694254382	0.3573373488815217
-0.09934884459722458	-0.40076196771743244	-0.9107796947168114
0.7528953933541738	-0.03488245263392986	0.6572151406992277
0.5629688930603511	-0.48311640716713455	-0.6705703263434215
0.34090255515684686	0.8748609898859141	-0.34409838166340134
0.6084863313878957	0.33578790405664455	0.7190207702169288
0.03553518765408353	-0.9166854790140699	0.39802635968379435
0.7927683362448886	-0.2166430614028288	-0.5697228703444515
-0.7396017497715417	-0.20512604767244297	0.6410246144269013
0.526738748679705	0.4164722860635104	0.7410108808785282
-0.41896961987023984	0.8857054473736269	-0.19997579383133046
-0.7618789677132982	0.4255434231638393	-0.48831673487411925
-0.4255434231638393	-0.8972192708372999	-0.11794225298927338
-0.48831673487411925	0.11794225298927338	0.8646596968759983
0.04036526273538843	0.9586507468309896	-0.2817079891744089
-0.9586507468309896	-0.04233223463835056	-0.2814191313875257
-0.2817079891744089	0.2814191313875257	0.917302502626261
-0.4509592391433792	-0.8902838611722547	0.0634855193524201
0.8902838611722547	-0.4537369954432915	-0.03895363272297501
0.0634855193524201	0.03895363272297501	0.9972222437000877
0.9909681048309759	-0.003137666655811791	0.13406106912769683
-0.1331155777474644	-0.14379565599110133	0.9806136100825076
0.01620056075149441	-0.9896024274253001	-0.14291458101009602
-0.47420434067895867	-0.8520604420518653	0.22163764655765159
-0.8799259444603243	0.45028933332512366	-0.15155806992444232
0.02933556794815348	-0.2668942100983007	-0.9632792456339772
0.10643179161509497	-0.05749782163214434	0.9926561712099307
-0.9827628203811002	0.14568664202024206	0.11380967100141876
-0.15116055242749793	-0.9876585456747813	-0.04100103102837438
0.8559747549474626	-0.38559096088234057	0.3444224582957169
0.38559096088234057	0.03232172290303037	-0.9221035284144689
0.3444224582957169	0.9221035284144689	0.17634696795556792
0.38162419604639153	0.44096224062068956	0.8123516943656403
0.2557948143305365	0.7941590913330736	-0.551253435920932
-0.8882184336938476	0.41816700013249236	0.1902744702965704
-0.26999882389349894	-0.7164474937438843	0.6432756981296858
0.7164474937438843	-0.5958287506769082	-0.3628926681195173
0.6432756981296858	0.3628926681195173	0.6741700732165907
-0.7727962688260868	-0.6195164732704636	0.1377870321728637
0.6245493805286854	-0.7809402616491847	-0.008389220258070991
0.11280070110471008	0.07957164747465056	0.9904263499869417
-0.5875290799768178	0.7736215559131053	-0.23731681020985526
-0.7538234224170696	-0.6298820698671095	-0.18707973133223862
-0.2942105164622957	0.0689801876375549	0.9532480819369514
0.034587583137814404	0.8572387999313873	0.5137561084647847
-0.7387440678465633	-0.32429252696943633	0.5908397068353562
0.6730979878993825	-0.399969994929585	0.622063583439692
0.990331367494947	-0.06556356314551125	0.12225056950072996
0.1338210269894088	0.21934396905673836	-0.9664264876202101
0.03654743891284556	0.973442161828889	0.22599699618094637
-0.7631063852191788	0.027696190501148313	0.6456791508709592
0.11165285734245832	0.9897082387900439	0.0895055390373923
-0.6365550127718604	0.14039417047311334	-0.7583450353316645
0.8687699591193371	0.0769871667041162	-0.48919498596639155
-0.0769871667041162	-0.9548348549055374	-0.2869902019588711
-0.48919498596639155	0.2869902019588711	-0.8236048140248744
0.08523569644993467	0.8830412602854887	0.46148998763148763
0.9240617208162412	0.10315831143275789	-0.3680601838075799
-0.37261885643754256	0.45781709821254835	-0.8071918560115807
-0.40741527477815187	0.9088497646512205	0.0894701021060306
0.8490996813226505	0.41304578853071106	-0.3292763395004509
-0.3362179725345088	-0.05818317514938473	-0.9399852089657155
-0.9633230751620747	0.17629973131953564	-0.2023043687045441
0.25659728602839826	0.3845717096388833	-0.8867144032597457
-0.07852697411173398	-0.9061031976999564	-0.41570483453379437
0.5919310010698308	-0.8036853731821951	-0.06088933326506177
0.7358540271364618	0.5080560267929619	0.44765826741656484
-0.328841208974057	-0.30978846746182304	0.892129230945907
-0.6464462642487905	-0.36301281636799065	0.6710655128907773
0.1758266753597546	0.7849991213578374	0.5940213461647305
-0.7424231998467706	0.5019940981924017	-0.4436324128253921
-0.7944063146076812	0.4361037455531191	-0.42276722960274715
0.47143456582389603	0.003841453454662247	-0.8818926767933783
-0.38297265889078325	-0.8998881965832732	-0.20864605482066456
-0.9732726859616223	0.19201804568344838	-0.12597360395320695
-0.14548514560703524	-0.0911003420744414	0.985157246373197
0.17769173072698136	0.977153927385972	0.11660124795824867
-0.5749069404674623	0.6925786417252594	-0.43567973883156075
0.5205143967690996	0.7204067798713728	0.458343576666522
0.6313056094780425	0.03672732690183511	-0.7746640116206533
0.9323127995890019	-0.3511864793858166	-0.08637650386021029
0.3616080375061592	0.9014555049197315	0.23794453105893432
-0.005698327251189239	-0.2530731699459811	0.9674303591060345
0.9977962107713014	0.009706898443894486	0.06563914908827369
-0.06437238558804256	0.3815079896970017	0.9221213855946824
-0.016090921171178222	-0.9243145730323374	0.3812920827081394
-0.3953781265164389	-0.2146477687144365	0.8930859266936549
0.2146477687144365	-0.9669812334459411	-0.1373813289689685
0.8930859266936549	0.1373813289689685	0.4283968930704978
-0.3409136685184917	-0.44963109172515375	0.8255966036578097
-0.7972303477499381	-0.32712648025704905	-0.5073578998509312
0.4981983974721085	-0.8311559103253019	-0.2469376631612561
0.43929405256553167	0.32871853239132326	0.8360411842983854
0.30083120493921917	0.8230859052652116	-0.4816951096788971
-0.8464758245309606	0.463113073683136	0.2626879507483906
0.5438471371133751	-0.3679972177852595	0.7541938339418416
0.3679972177852595	-0.7031215556979851	-0.6084390894864943
0.7541938339418416	0.6084390894864943	-0.24696869281136014
0.040149766665752096	0.9979913726309806	0.04900220801981264
-0.5962553778815947	0.0632829310939319	-0.8002966918458662
-0.8017901973608572	0.0029138953810988744	0.597598517928003
-0.9960680466335099	0.08646902118491959	-0.019275758118080195
0.018616345204679655	-0.00842598468636302	-0.9997911954369701
-0.0866133833014564	-0.9962189072474922	0.0067831169596198615
-0.572388262036025	0.3355200799510225	-0.7481964671348282
-0.13286712149254754	0.862445155227879	0.48840012515379666
0.809146467278739	0.37896520971405684	-0.44907389627623373
-0.8302297568094732	0.0010955483399258115	0.5574202639677877
0.5492259214624315	-0.16923863972950604	0.818357605216845
0.09523359754743149	0.9855744936819041	0.1399052511588913
-0.9318686951437394	0.26483558810108676	-0.24795734771580463
-0.014205172522048892	0.6563035714538197	0.754363198446597
0.3625175141765205	0.7064897263033005	-0.6078267175298928
-0.5799621546194127	0.5290502978029488	-0.6194753276796583
0.16843109732247064	-0.666122091143587	-0.7265757532048834
-0.7970413192952779	-0.5257253485282086	0.2972170810214927
0.2996690592879021	0.7245861623711203	0.6206233545442811
-0.10732357842323037	-0.6207869250013245	0.7765985084081948
0.9479873967621809	-0.29933006372179327	-0.10826545401175203
-0.245457350789702	-0.22190108133138547	0.94366869135691
-0.8130089963627423	0.577306623332318	-0.07571944591638036
-0.5279839588250269	-0.7857970302569227	-0.3221117297815361
0.9978375833875509	-0.05422761424182458	0.037141930926276864
0.05422761424182458	0.35988325719973535	-0.9314201023388688
0.037141930926276864	0.9314201023388688	0.36204567381218444
0.999856423330468	0.002818137797783907	-0.01670900428381744
-0.002540125607677583	0.9998583788445708	0.01663640634884549
0.01675352162087567	-0.01659157477936882	0.9997219809325187
0.9555761378706186	0.07204529346305075	-0.2858036396235979
-0.07204529346305075	-0.883159093753261	-0.4635078109490079
-0.2858036396235979	0.4635078109490079	-0.8387352316238796
0.8613895850862554	0.5079435928546495	-0.0011354218770851863
-0.5079435928546495	0.8613802843216645	-0.00416080038438173
-0.0011354218770851863	0.00416080038438173	0.9999906992354091
