0.030655283609716255	0.9890218290911773	-0.14455474799518064
-0.9890218290911773	0.009098375303902673	-0.1474891221343854
-0.14455474799518064	0.1474891221343854	0.9784430916941864
0.7872357418944516	0.2868280173409959	0.5458842140528757
0.1896730457131255	0.729693279767784	-0.6569412859545677
-0.5867572090854949	0.6207071821156639	0.5200370868084632
0.9939696534462271	0.1074975512250583	-0.02164727485396688
-0.1074975512250583	0.9162619289523499	-0.3858864522539432
-0.02164727485396688	0.3858864522539432	0.9222922755061229
-0.6110811710112625	0.255087556914013	-0.7493398032556016
0.7594222876537358	-0.07810744360851896	-0.6458924184937522
-0.22328813548926035	-0.963758043058828	-0.14598918791865212
0.6753194208099884	0.7245667676436944	-0.137646936410624
-0.7245667676436944	0.6169645935810328	-0.30717696771366115
-0.137646936410624	0.30717696771366115	0.9416451727710444
0.24453906810450543	-0.7676848226290711	0.592334919851558
-0.9537185377074027	-0.08018258006556844	0.28981322379643426
-0.17499027116909532	-0.635791449265402	-0.7517630198654133
0.9469532041715074	-0.08029371821489123	0.3111792858217638
-0.17600200042540148	-0.9397384243607207	0.2931125886520179
0.2688920321533762	-0.3323320818026116	-0.9040201670588826
-0.9929959512451609	-0.1173506030549677	0.013706814850785086
0.1173506030549677	-0.9930902197624836	-0.0008070779008344072
0.013706814850785086	0.0008070779008344072	0.9999057314826775
-0.9859678081089187	-0.015289797753768484	0.16623388179773377
-0.01263853308006426	0.9997756898374174	0.016995219672022208
-0.1664564473202471	0.014655787074225164	-0.9859398861242792
-0.8645639319878433	-0.4975715279955306	-0.07036889962131038
-0.273323391062694	0.3480981915150876	0.8967284834117378
-0.4216912749912082	0.7945125698137939	-0.4369510785021262
0.8926367696045644	-0.441250611943931	0.09218185835094822
-0.0002539606399856176	0.2040033298671673	0.9789701613977317
-0.45077658884853505	-0.8738881729730721	0.1819888130733992
0.238082700794069	-0.33768079252242067	-0.9106526834880747
0.6310296513630315	0.7665362827480326	-0.11926318095489138
0.7383212083390621	-0.5462543451472565	0.39558562123071306
-0.49676212865970193	0.8274278927657214	0.2618978232111897
0.7652742912681524	0.27527099567145186	0.5818772534358725
0.4093685950992194	0.48947825407808004	-0.7699534999798141
-0.8102851814491219	-0.5652680514340926	0.15462844095400927
0.581971620403311	-0.8071709134065885	0.09891486033715194
0.0688981695628271	0.17013860989874616	0.983008593885432
-0.010858323168664086	0.48067428877958857	0.8768319821517696
0.5188893897277681	0.7522887447763593	-0.4059746860467461
-0.8547724247107582	0.45057060777312846	-0.2575853826696002
0.6764299117047949	0.730161827026531	0.09646906708537013
-0.7256721702380701	0.6383525810797708	0.25672141237295354
0.1258668975267636	-0.24365895957684972	0.9616588976996544
0.9927094663196313	-0.032262328671890945	0.1161337919300821
0.032262328671890945	-0.8572315968944972	-0.5139193822326388
0.1161337919300821	0.5139193822326388	-0.8499410632141287
0.03210903617396754	0.8574482969227523	0.5135673547844049
0.9356883424273544	-0.2064228828271506	0.28614143232128886
0.35136353772343687	0.47135126132174554	-0.8089324154766397
0.9459905211892978	0.025750664790584993	-0.32316998171681055
0.07370881179959746	-0.9878177698189796	0.13705132138344692
-0.31570388797588833	-0.15346972630685266	-0.9363642978158699
0.8732638422187251	-0.35355682942846256	0.3352727699021837
0.35355682942846256	-0.013679806742761258	-0.9353130124466215
0.3352727699021837	0.9353130124466215	0.11305635103851375
0.13731239812600726	0.988569796106175	-0.06225000841349737
-0.6977093168543296	0.051920151225969935	-0.7144970308345147
-0.7030981542398969	0.1415417116021565	0.696863637579966
-0.4435368993741562	-0.8533655948730257	0.2739382784142571
0.4001812772724682	0.08492432588463317	0.9124926324051152
-0.801953841697972	0.5143491230283648	0.30383386155235625
-0.22750301943784024	-0.1818651897252102	0.956643835977047
0.897837123832526	-0.4195182776358881	0.1337643965992289
0.3770024870140827	0.8893421543453518	0.2587269937396658
0.12185936433627798	0.6367694048696569	-0.7613639210952285
0.7792660329970659	-0.5364689181990616	-0.3239530052698149
-0.6147314414771496	-0.5538283351619631	-0.5615865294245888
-0.10567564895296755	-0.9275065945326146	-0.3585584670829585
0.46004602278251033	-0.36526984117654027	0.8092809154112426
-0.8815839801972147	-0.07943211079517404	0.46529584742855823
0.9324648959389926	0.08512631823227931	-0.3510879203072934
0.11861598361447034	0.8458185181537523	0.5201166049833078
0.3412322761296994	-0.5266351149443106	0.7785987345449114
-0.052684310975966486	-0.02111594474833045	0.9983879407596894
-0.8797986018141787	0.4739507245113306	-0.03640234856435853
-0.47241801788543564	-0.880298147000532	-0.043547546023006145
0.9979950443001695	0.06079468088976156	-0.017603929328837094
-0.06079468088976156	0.8434288721693357	-0.5337899815158341
-0.017603929328837094	0.5337899815158341	0.8454338278691661
-0.9667996127011285	0.20028930443732243	-0.15869059017144505
-0.20028930443732243	-0.9796035116069131	-0.016160277702381657
-0.15869059017144505	0.016160277702381657	0.9871961010942154
0.16801868947373788	0.28012766427602176	0.9451445453975746
-0.0997617356102755	-0.9490205168165475	0.299011128169636
0.9807228538662456	-0.14452871814457297	-0.13150716153857722
-0.35538638480906104	0.8584798514554144	0.36974702451464814
-0.23631493029664363	-0.46523942731893175	0.853057752433471
0.9043537865300497	0.21578836834510368	0.36821136440327207
0.6143235195263503	0.19746376259006654	-0.7639467755155014
0.5382905727482283	-0.8127814747960038	0.22277686935321195
-0.5769314280286197	-0.5480824177915284	-0.6056036580641257
-0.37343122678903473	0.7864365972447085	-0.4920026395996274
0.09390522577997534	0.5596934757622221	0.8233620235111739
0.9228926955123485	0.2612674715753328	-0.28285752750560533
0.7280440182164458	0.4884808608230662	-0.4809764611171818
-0.3119997191222117	-0.38863058231236947	-0.8669616172352788
-0.6104163192501595	0.7812507402243567	-0.13053427937512208
-0.9844767329263755	-0.13988409419327164	0.1060094454203861
0.13988409419327164	-0.9901396879673077	-0.007472516559412812
0.1060094454203861	0.007472516559412812	0.9943370449590679
0.7049738647812771	0.2886566127748454	0.6478342456807162
0.633858421297941	-0.6662108164188691	-0.3929206660843714
0.31817503315790147	0.6876339927518542	-0.6526286388805747
-0.32308621935774795	-0.8483521408821416	0.41942095789529166
0.8483521408821416	-0.45604349557153556	-0.2689293126596312
0.41942095789529166	0.2689293126596312	0.8670427237862124
0.3738176382730122	-0.4239853114580181	-0.8249223169388951
0.876183763695263	-0.13031608155910357	0.46402557162713
-0.3042406704449474	-0.8962444836956758	0.32277459610737713
0.7212788002906949	0.5634974768071676	0.4027747334220103
0.6709267758590997	-0.7128677446597924	-0.20414906333112326
0.1720876337408629	0.41748074477227937	-0.8922419369531192
0.983187416094176	0.03762342019432306	-0.178681233169404
-0.03762342019432306	-0.9158058181272035	-0.3998552009631053
-0.178681233169404	0.3998552009631053	-0.8989932342213796
0.9926929660463772	0.04020749917833867	-0.11377184261437501
-0.04020749917833867	-0.778755237701533	-0.6260380473759183
-0.11377184261437501	0.6260380473759183	-0.7714482037479102
0.7060263894631498	0.38799723583391943	-0.5924397710880548
-0.38799723583391943	-0.4879069085832406	-0.7819239052119991
-0.5924397710880548	0.7819239052119991	-0.19393329804639037
-0.19416820793487366	0.3220490437169832	0.9265976043938038
-0.6008324846709334	0.707623212250565	-0.37184635919737663
-0.7754347376739785	-0.6289306821305258	0.05609959610656212
0.8813685588416361	0.3520809099515588	-0.31500554968619165
0.45742504279295043	-0.4692749439251154	0.7553432049273678
0.11811771125146667	-0.8098271790028799	-0.5746548063289412
-0.2437875605188673	0.6293324903946679	-0.7379080172148182
0.7851258296201179	0.5747330712888683	0.23077982674008996
0.5693373841577425	-0.5230893932211871	-0.6342179670270378
0.0909915822122862	0.8754785864685788	0.4746132916401348
-0.0033900350105453003	-0.47631527946893515	0.8792680263759494
0.9958458915058754	-0.0816149445837519	-0.040372777851654496
-0.013524756553065176	0.9634843171706571	0.2674229824199347
-0.7364866399832379	0.17129693118598066	-0.6544041492017496
-0.6763168710644298	-0.20580411058202366	0.7072765781369842
0.095289872539991	0.9948203863824533	-0.03538698954670405
-0.5409354453493388	0.021906507151632004	-0.8407787752489522
-0.8356486607157488	0.09925977927782109	0.5402210770246691
-0.4166110702743382	0.5444434558604418	-0.7280223482116532
0.3047778794302619	0.8381315344991176	0.45237813285806283
0.8564728018652217	-0.03341936936708309	-0.5151091975651796
0.9389852988297158	0.04881269027933266	-0.34047603417768374
-0.04881269027933266	-0.9609491042878944	-0.2723860132899401
-0.34047603417768374	0.2723860132899401	-0.8999344031176102
0.48393409609425175	-0.21975843060464545	0.8470619946707694
0.06074082167594251	0.9740559727483038	0.21800347367757017
-0.8729938964388988	-0.054048072412796536	0.4847272043622992
0.4515335502183243	0.8922541415018684	1.2561990212601128e-16
-0.8922541415018684	0.4515335502183243	-2.590364183448116e-17
-7.983423209183317e-17	-1.0038851456588571e-16	1.0
-0.6913276688786212	-0.35326732415140616	-0.6302921956757487
-0.11147146658248955	-0.8097364078691125	0.5761085504565737
-0.7138908644749559	0.46853937663565803	0.5204139565394735
0.07656954723862464	0.6641777062745176	-0.7436431126041527
-0.25299233694954104	-0.7084819636869555	-0.6588233333565875
-0.9644335030889801	0.23858181325951064	0.11378372687393423
-0.8819728629214165	-0.46754300196551846	0.05939200605528635
0.46754300196551846	-0.8838471781428356	-0.014754897560391826
0.05939200605528635	0.014754897560391826	0.998125684778581
0.9046379581812742	0.19800026419454578	-0.3773937731289498
-0.19800026419454578	-0.5888919335889093	-0.7835829157994741
-0.3773937731289498	0.7835829157994741	-0.4935298917701836
-0.5889713890037471	-0.4790368110363934	-0.6508735949530282
-0.1302758192420674	-0.7385720000648499	0.6614677706744407
-0.7975844242810939	0.4743786824808731	0.37259086375259753
-0.3543180327998614	0.9350514976850873	-0.011722982116842168
-0.8997665375350662	-0.34430864335887645	-0.2680890449841783
-0.2547133870941909	-0.08444083600513098	0.9633228096799947
0.6400781658876087	-0.5288627509700938	-0.5573186989419067
0.3920006913236271	-0.3990678239822656	0.8289030883425746
-0.6607839280398348	-0.7490320837577015	-0.04812003684373578
0.7459198716079076	-0.4748931871024137	0.4669903703334304
-0.5514421808125837	-0.8335540421178564	0.033153884985688234
0.3735171567158654	-0.2822483298669709	-0.8836406588235972
-0.6708623858497322	-0.6419313697300295	-0.371305501990656
-0.4167539080308746	-0.08779954839908521	0.9047692630952435
-0.6134002277412345	0.7617186855115508	-0.2086259925070626
-0.5771397159295828	-0.5664901218914467	0.5882165333413666
0.803296104712578	-0.5235084206844165	0.28399700988937804
0.147054807640961	0.6364180035730624	0.7571968094741007
0.5822474290609713	-0.2656961137664485	0.7683706829918069
0.2656961137664485	-0.8310137871517811	-0.4886938312410557
0.7683706829918069	0.4886938312410557	-0.41326121621275225
-0.4586708026396673	0.4235485778706845	0.7811707220509511
-0.47500519717420037	-0.8598213197573132	0.18728951051324558
0.7509934470176037	-0.28515592274142376	0.5955627106041015
0.7525731926626529	0.2160982973636812	-0.6220410883229979
0.11149678608007063	0.889166529828628	0.4437920108861026
0.6490008138510741	-0.40334155266849664	0.6450686285284767
-0.6609751969768132	-0.053654007574627544	-0.7484871651889858
0.5140009504293424	-0.7590849198281346	-0.3994910605348343
-0.5467310233919372	-0.6487767967187912	0.5293145152932319
0.873689807580095	-0.39634214014753516	0.2820975506344005
0.39634214014753516	0.24366125209047929	-0.8851791356403353
0.2820975506344005	0.8851791356403353	0.36997144451038433
0.5910160055768259	0.0738046071095236	-0.8032763914876511
0.5436474602467447	-0.7721227261531407	0.3290500489668803
-0.5959425476665325	-0.631173015683696	-0.49646057663571996
0.9044975540103828	0.40274061663736943	0.14030028688419055
0.4179943454042167	-0.9024530355003539	-0.10420770569539065
0.08464574413008114	0.1529003414866957	-0.9846098636383429
0.662800910216923	0.3223156433018575	0.6758754171432247
0.7461418015000874	-0.2083623399872483	-0.6323429032805243
-0.06298702620240648	0.923416353200412	-0.37859592334338377
0.223767404578342	0.7940312800714624	0.5651924229113016
-0.20929950505675166	0.6055164312187089	-0.7678174058375842
-0.9519043364914731	0.05351801371719006	0.30168519416188666
-0.25730842787163377	-0.3665217353381198	0.8941220221373375
0.2042906593640453	0.8837308219859669	0.42105244420215754
-0.9444880620965158	0.2910011199235161	-0.15251442148343708
0.3241753272055323	0.6692693049389908	0.6685723257043071
-0.3158670497025159	0.7427561794431208	-0.5903738347956207
-0.8917053123893647	-0.0197953369645138	0.4521833483124372
0.6256759216317664	0.6309210385685419	-0.4587682249042889
-0.6309210385685419	0.06341370996931395	-0.7732511522652394
-0.4587682249042889	0.7732511522652394	0.4377377883375475
0.20441876451154994	0.3221474244338214	0.9243559950831859
0.8866603787029956	0.3391933749726117	-0.3142948093954935
-0.4147846930081098	0.8838375932858619	-0.21629786670428253
-0.47997599736834173	0.13758891374866203	0.8664250300884256
-0.5863303501061767	-0.7849539751480314	-0.20015987970537966
0.6525639911109363	-0.6040832291272181	0.4574316230789023
0.15519526495149893	0.7818729820898507	0.6038121144980101
0.48575635825632807	0.4718241209780031	-0.7358143510946796
-0.8602064811137985	0.4075004769828604	-0.3065749029332918
0.2112231402448641	0.35220406767205403	0.9117768804594454
0.5316814895075654	0.7413451235293952	-0.40953901100408285
-0.8201826496214822	0.5712790058582977	-0.03067113831340551
0.2422422197810834	0.7868518015991993	-0.5676116183409459
0.27260368537776836	-0.616668632327094	-0.7385167761278615
-0.9311315361827199	0.024166924171801496	-0.3638818793263583
0.9419730189049652	0.29163602855211546	-0.1662385590211123
0.33262752937269546	-0.8776196381404169	0.3451705338723178
-0.04523006034135664	-0.3804368510024153	-0.9237001916427665
0.7296105422440808	0.018875616236613546	0.683602346220364
0.6103908127202307	-0.4687253517050738	-0.6385292478936975
0.3083691171194588	0.8831422624813303	-0.3535084607563481
0.6008496654702637	0.3853160531736045	0.7003650610010381
0.016927623102264172	-0.88209180331702	0.470773306483104
0.7991827920321981	-0.27100846792608313	-0.5365270498604677
-0.7522413000835073	-0.20029242709016595	0.6277069141717381
0.5221168419107513	0.39990428146510126	0.7533064244110924
-0.40190425457043727	0.8944045557331491	-0.19624846710731192
-0.7920763727716189	0.36280121158357914	-0.49090762936670895
-0.36280121158357914	-0.926551836112351	-0.09938297575700576
-0.49090762936670895	0.09938297575700576	0.8655245366592679
0.027519686529731247	0.9377890476151067	-0.3461132315102332
-0.9377890476151067	-0.09566467758245678	-0.3337663428750651
-0.3461132315102332	0.3337663428750651	0.8768156358878121
-0.44029681094901996	-0.894325031280247	0.0795075889063955
0.894325031280247	-0.44468580677658354	-0.049368731774721675
0.0795075889063955	0.049368731774721675	0.9956110041724364
0.994237508044095	0.005316574851088628	0.10706778988155544
-0.10529843610662412	-0.13883666469349998	0.9847012845986766
0.0201001729287916	-0.9903010221991279	-0.13747679251275557
-0.43615619859105714	-0.8755169027339957	0.20793730655577414
-0.899099502904144	0.41442198506266015	-0.14097695618166062
0.037253916681606866	-0.24844430225665415	-0.967929529649801
0.11277380431763784	-0.01093641461005368	0.9935604983568962
-0.9882648735281998	0.10244783650152	0.11330039958644922
-0.10302722363539812	-0.9946782573433657	0.0007453578649311288
0.8950068935798376	-0.3186377457884525	0.3121420308183802
0.3186377457884525	-0.032984007208599175	-0.947302508297807
0.3121420308183802	0.947302508297807	0.07200909921156318
0.44287613738841636	0.4567603130125364	0.7715119852527286
0.20021317465945218	0.7883906807853974	-0.5816827478475887
-0.8739424532683491	0.4120802724074855	0.25770998713257587
-0.29463299894793726	-0.6943853667677665	0.6565214073811598
0.6943853667677665	-0.6275616039657304	-0.3521297994302011
0.6565214073811598	0.3521297994302011	0.6670713949822068
-0.7757296182704327	-0.6149430058530054	0.14173446613466772
0.6247485512324364	-0.7800433910953317	0.03495076167219803
0.08906630715921922	0.11566074338757155	0.9892875140059405
-0.626230296790633	0.7313950015027764	-0.2699943835680097
-0.7270864996935318	-0.6728716658159013	-0.1363412751353821
-0.2813908977648773	0.11092823409253325	0.9531600545218984
0.013815864069203654	0.8368536585980922	0.5472522964693787
-0.7229016140176147	-0.3697614072106834	0.5836863525801358
0.6908128388722583	-0.40367369969885647	0.5998542871570467
0.9928661330270324	-0.08537907180813452	0.08323013868262255
0.10109494829053799	0.23268768506059223	-0.9672829227538734
0.06321908982325372	0.968796601624058	0.23965911491865977
-0.7473240310750273	-0.050547603605735306	0.6625343254107581
0.09589602985204261	0.9784584876651135	0.1828194173897156
-0.6575034175092833	0.20015975541006328	-0.7263782267371428
0.8380007351849121	0.12429859484770976	-0.5313234675303092
-0.12429859484770976	-0.9046283284140175	-0.40767321073348023
-0.5313234675303092	0.40767321073348023	-0.7426290635989297
0.03763313655120559	0.857557438617657	0.5130097333431811
0.9079635628011069	0.18506739853911947	-0.37596838513827613
-0.4173558621354667	0.47994301481476553	-0.7716662405934802
-0.38150316937358575	0.9133416027066766	0.14234622763919189
0.835973012915589	0.40662118533375236	-0.36852182203311484
-0.3944673033785461	-0.021594638292258217	-0.9186562023751241
-0.9755034977645538	0.11678390783502533	-0.1864254401091806
0.21846259017206898	0.41479552458026103	-0.8832999317805343
-0.02582677959854847	-0.9023891575473224	-0.43014740008118335
0.5953291124400208	-0.7966573167650571	-0.10450056232421105
0.7312591886766292	0.4833229443441187	0.4813095993708518
-0.33293129449989367	-0.3629546130237653	0.8702992025891979
-0.6545156315541136	-0.38883227160413947	0.648397064005139
0.1885563182401081	0.7465629639824483	0.6380362494885984
-0.7321583181956309	0.5398640619349527	-0.4153203483192689
-0.8100377391644615	0.41262361721315677	-0.4166300657024868
0.4673906151325755	0.025283354987150508	-0.8836892920289272
-0.35409726632003363	-0.9105506589303662	-0.21333687797976975
-0.9779835094569502	0.1626470798063999	-0.13074472326146713
-0.1417864269357064	-0.0581920482475935	0.988185354403492
0.15311715895703076	0.9849668080454286	0.07997201186494585
-0.6202150689089805	0.626064449567105	-0.4726273090781639
0.4654098380571754	0.7786932112620112	0.4207500034153898
0.6314482963298123	0.040990092982263	-0.7743338177682046
0.9432292152710733	-0.3295345664495845	-0.04154054614469631
0.3315740520305544	0.926907283460634	0.1757883269380168
-0.01942409532396562	-0.17958245288031963	0.9835511410894369
0.9969698078460432	-0.026400563473087325	0.07317248452613363
-0.05679401726886589	0.3957498009015845	0.9166005316869611
-0.05315676669895887	-0.9179788152973137	0.3930512089021643
-0.38072894037615246	-0.2518936432414371	0.8897162842471796
0.2518936432414371	-0.9540457177002764	-0.16231562165214025
0.8897162842471796	0.16231562165214025	0.4266832226758762
-0.34532461371271106	-0.41055421413333637	0.8439171454719512
-0.748725197680855	-0.42164242581250333	-0.5114960831841364
0.5658281448654991	-0.8084942189108757	-0.16178877731709762
0.39418382624249526	0.4043005792999272	0.8253242712452904
0.23150927468764787	0.8253939678677423	-0.5149060628319923
-0.8893944945087222	0.39403786542068214	0.2317576185420599
0.5656029548832608	-0.36403560873628626	0.7399806571791764
0.36403560873628626	-0.6949290380361941	-0.6201223328232033
0.7399806571791764	0.6201223328232033	-0.26053199291945495
0.044580624694125714	0.9985467477316754	0.03028135559011652
-0.57806528636527	0.05050583215959048	-0.8144259853524478
-0.8147718040048513	0.018803018703411667	0.5794767932249913
0.9701312406793448	0.228812588871284	-0.08056162257536838
-0.12353290603128256	0.7518090024272545	0.6477058321466643
0.20877020138281627	-0.6184076511843603	0.7576192843184637
-0.6427273134312506	0.30459627407321166	-0.7029386249098594
-0.12672884649528837	0.8626464372952851	0.48967430368330067
0.7555404688270647	0.4038096507544968	-0.5158452926237775
-0.8148898987741056	-0.046816000549510406	0.5777220049197334
0.5773730075684443	-0.15316289486657153	0.8019859959921126
0.0509397978725597	0.9870913786112409	0.15184119093336623
-0.9519839136614647	0.20565013562020595	-0.22679208506733983
-0.04008902541954003	0.6506758351907098	0.7582966619600694
0.3035119407382716	0.7309780976323869	-0.6111886145953838
-0.6003081151030991	0.5150129604949956	-0.6118756552303294
0.19653783359663674	-0.6466079333717385	-0.7370692372266464
-0.775243862862845	-0.5627253602094985	0.28694445816322167
0.27453685843631925	0.763045402040004	0.5851420577821467
-0.10576079812189465	-0.5808705605824125	0.8070960571265937
0.9557427305193256	-0.2834627070256028	-0.07877008813744646
-0.20643168269569911	-0.24105839549389568	0.9483020670341972
-0.8334893387792415	0.5509839779675754	-0.04137847465010491
-0.5125246165022371	-0.7989414909647233	-0.3146601523776087
0.9999864754350436	0.004317677283179902	-0.002899415437177191
-0.004317677283179902	0.37840567750065845	-0.9256297860906088
-0.002899415437177191	0.9256297860906088	0.37841920206561486
0.9954845966843962	0.07060441261985853	-0.06344631338943073
-0.061861261848078074	0.9895118833359704	0.13053511795476538
0.07199723638215995	-0.1260208302444709	0.9894115161538325
0.9378965973138212	0.1004402652156294	-0.33205681120942215
-0.1004402652156294	-0.8375572603072334	-0.5370377908770059
-0.33205681120942215	0.5370377908770059	-0.7754538576210548
0.818688732730223	0.5742276633563388	-0.003368907374924823
-0.5742276633563388	0.8186261357550226	-0.01066960613698984
-0.003368907374924823	0.01066960613698984	0.9999374030247997
