-0.513217371845	-0.0729712067842	0.855150941189	
-0.780171614847	0.454915141764	-0.429400122474	
-0.35768726651	-0.887540093052	-0.290400417703	
-0.15255707775	0.706654114777	-0.690916999427	
-0.856570453727	0.254169944307	0.449093194352	
0.492963888973	0.660331433055	0.566523611766	
0.784044824683	0.259760051978	0.563736133563	
0.213240461371	0.740218947581	-0.637655404804	
-0.582925568595	0.62016177328	0.524973481654	
0.950608418283	0.0722345676738	-0.301870505883	
-0.175741745518	0.926898268532	-0.331623941648	
0.255848537168	0.368295760259	0.893811925969	
-0.607156652847	0.360479812828	-0.708106703434	
0.738512942961	-0.0728141862185	-0.670295999812	
-0.293188389918	-0.929920641146	-0.222009389865	
0.584396549344	0.535913600459	-0.609325271064	
-0.693290409138	0.719960464475	-0.0317070684672	
0.421697855949	0.440968867876	0.792286170428	
0.229354639727	-0.811316847846	0.537737316575	
-0.948915346548	-0.063383449595	0.309099018768	
-0.216693595479	-0.581160486199	-0.78440829608	
0.946984855124	-0.116815357661	0.299288917904	
-0.200797078845	-0.942398330754	0.267518072882	
0.250799157282	-0.313431903937	-0.915893129301	
-0.995504580252	-0.0908286874573	-0.0268473505587	
0.0718169202043	-0.539082614684	-0.839185476827	
0.061749175457	-0.837341079895	0.543182248651	
-0.986342426503	0.0580449240252	0.154140859203	
0.0673465049497	0.996166890557	0.055820913898	
-0.150309899714	0.065439383801	-0.986470790797	
-0.887712213052	-0.459224483375	-0.0328618421232	
-0.226066605744	0.372596036883	0.900036712066	
-0.401074701977	0.806402546603	-0.434573372707	
0.890785729995	-0.450180324452	0.0619552960942	
0.0312674196487	0.196734855952	0.979958032225	
-0.453346591149	-0.870995448857	0.189324579396	
0.201345358443	-0.365093211563	-0.908937287993	
0.675700854435	0.723573765305	-0.140958722603	
0.709146248632	-0.585788317596	0.392382014137	
-0.450543619946	0.858827834193	0.243772840449	
0.795494133972	0.262264457295	0.546265903435	
0.405215411037	0.440036482186	-0.801354082166	
-0.837998077315	-0.500669844443	0.216999837056	
0.529742580487	-0.84182768937	0.103435679674	
0.130889345771	0.20163295434	0.970676120489	
-0.00667918265627	0.506125496056	0.862433980523	
0.584155751186	0.701969635806	-0.407431821	
-0.811614099727	0.501074458189	-0.30034470276	
0.73052677707	0.672559426212	0.118298124232	
-0.681413452496	0.706569614684	0.190879769389	
0.0447921281191	-0.220052715996	0.974459064015	
-0.203364997425	-0.963347262065	-0.174942077543	
-0.923348273333	0.24813226467	-0.293015947285	
0.325684884445	0.101943277868	-0.939966448413	
0.101712874906	0.868614092299	0.484937160608	
0.924003410733	-0.263108925824	0.277473224123	
0.368608448129	0.419860991058	-0.829363949154	
0.927431342237	-0.0439126407324	-0.3714064962	
0.00230671498588	-0.992392342533	0.123093937899	
-0.373986342668	-0.115017904978	-0.920274468315	
0.81684546872	-0.563932862979	0.121421605506	
0.138773461796	-0.0122020680217	-0.990248976691	
0.559915535177	0.825730486048	0.0682917116434	
0.201483663118	0.978314958818	-0.0480018213215	
-0.670804597028	0.102109665534	-0.734571173414	
-0.713740517347	0.180203933249	0.676831601168	
-0.497174475567	-0.841665066447	0.210754494062	
0.36425975677	0.0179855998712	0.931123701661	
-0.78748483823	0.539700318807	0.297642731202	
-0.283079249156	-0.172734500118	0.943413446569	
0.871604345654	-0.456791987035	0.177895883084	
0.400214946416	0.872641892789	0.279864473657	
0.159552268691	0.634323792402	-0.756423426361	
0.754659604019	-0.572351664344	-0.320784124272	
-0.636421209277	-0.51966036862	-0.570018548529	
-0.199864228932	-0.915785125897	-0.348413394087	
0.437829619326	-0.401584362903	0.804384997319	
-0.876561186931	0.00822208355197	0.481220202099	
0.942339623657	0.00453111250311	-0.334627408779	
0.181557499159	0.833046332834	0.522561653637	
0.281127921391	-0.553184667513	0.784189910317	
-0.0740653167061	-0.0235262133658	0.996975850332	
-0.850317684817	0.523811262679	-0.050809408353	
-0.521031826042	-0.851509411795	-0.0588010023463	
0.92250764315	-0.102890624412	-0.372012322025	
-0.109502752044	0.854448761821	-0.507864608649	
0.370119974637	0.50924535622	0.776968706927	
-0.960350388011	0.249709359276	-0.123985354531	
-0.259958273533	-0.96273532323	0.0745814549856	
-0.100741393032	0.103855347941	0.989477255137	
0.203999428515	0.246580877247	0.947408097992	
-0.147220661819	-0.94902643381	0.278702179151	
0.967837956426	-0.196333132471	-0.157299050203	
-0.334096854157	0.84640910379	0.414693767814	
-0.24371664261	-0.502590459465	0.829460685126	
0.910484206429	0.176052432744	0.374197876487	
0.632894873627	0.185971421627	-0.75157082785	
0.496028914146	-0.842734381013	0.20917475801	
-0.59447404928	-0.505186493679	-0.625609471904	
-0.331524673384	0.809611059726	-0.484377252673	
0.0913657544734	0.538550555433	0.837624974647	
0.939012081843	0.233437852998	-0.252513522293	
0.760309895019	0.495501342786	-0.420008669951	
-0.274424817486	-0.341034751718	-0.899103062873	
-0.588744327433	0.798857757938	-0.123314230718	
-0.992275971639	-0.078843153756	0.0957713590476	
-0.0702762616915	-0.278916550019	-0.957740468586	
0.102223496079	-0.957073307135	0.271221388571	
0.741419788804	0.253758257409	0.621211271281	
0.608948561438	-0.643352970612	-0.463981254716	
0.281919042089	0.722290593876	-0.6315203494	
-0.501684204609	-0.855250683987	-0.129843083699	
0.393212371868	-0.0917632322449	-0.914857114427	
0.77051735182	-0.510025270694	0.382331314174	
0.380463674954	-0.448685029039	-0.808658850664	
0.873712439825	-0.112201795575	0.473325817556	
-0.303107183247	-0.886618577397	0.349332983954	
0.7253688334	0.578396904136	0.37322523604	
0.666364635838	-0.725984966489	-0.17001176588	
0.172621631427	0.372025334779	-0.912030110602	
0.612949568752	-0.743419703037	-0.267619078733	
-0.784594949729	-0.532692774201	-0.317252538483	
0.0932930384674	0.404432384274	-0.909797150756	
0.472847983794	-0.808856942874	-0.349521430224	
-0.843038541798	-0.29989637099	-0.446484247997	
0.256321675369	0.505779213325	-0.823702972014	
0.643478604076	0.0297965879803	-0.76488394508	
-0.697436878564	-0.388985827158	-0.601890211492	
-0.315463288698	0.920761744218	-0.229522817752	
-0.168012151797	0.347283855036	0.922586495067	
-0.568333084278	0.730570134225	-0.378503347797	
-0.805462241302	-0.58792959018	0.0746282441627	
0.891566381453	0.320090591714	-0.32039257257	
0.445080842243	-0.488462810945	0.750537891244	
0.0837402611085	-0.811754947888	-0.577963210983	
-0.234258606051	0.628601730272	-0.741608232283	
0.797465348249	0.560550572296	0.223230988532	
0.556032304667	-0.539113087021	-0.632601893428	
0.118035638289	0.879333756763	0.46134556713	
-0.0563640565695	-0.457911518912	0.88720918276	
0.991408433099	-0.130725609827	-0.00448706080496	
0.0525788534889	0.969201862841	0.240589304068	
-0.691844922486	0.209089506015	-0.691109384761	
-0.720129201877	-0.130112749337	0.681531074173	
0.140404633168	0.985924222878	-0.0907742569602	
-0.511477804293	-0.00627438423244	-0.859273581473	
-0.847748190621	0.167075009634	0.503397404101	
-0.387640764544	0.530750640255	-0.753683219617	
0.336317231137	0.842682968422	0.420447541045	
0.858268814361	-0.090494047315	-0.505158855902	
-0.110201800215	-0.959499001524	-0.259262857548	
-0.99390876903	0.106134425941	0.0296789904704	
-0.000960247168873	0.260954305779	-0.965350676294	
0.473074020248	-0.234291031017	0.84929893686	
0.161328110026	0.970729263495	0.177926776822	
-0.866125979452	0.0528432567101	0.497024524484	
-0.81202822101	-0.372734254914	-0.449087233727	
-0.375750594747	-0.254891438862	0.890978027194	
-0.44656652229	0.892244097548	0.0669239236831	
-0.704246999755	-0.326046490705	-0.630658266603	
-0.139098757267	-0.807723305858	0.5729176179	
-0.696195158747	0.491199294658	0.523484053114	
0.0677089427383	0.669054832303	-0.740122375317	
-0.313691011515	-0.689928239197	-0.652377938049	
-0.947107939132	0.27634155701	0.163162175463	
-0.899964055816	-0.435941601216	-0.0044292853403	
0.418555197231	-0.861139767186	-0.288530497939	
0.121968213524	-0.261520977551	0.95746046038	
0.482938668779	-0.544054483998	-0.686130425386	
-0.870611925854	-0.214360739934	-0.442814123234	
0.0938355836458	0.811205394223	-0.577183412465	
-0.595954948695	-0.440192807609	-0.671615955182	
-0.178411118427	-0.742879492164	0.645212781138	
-0.782947745349	0.504341503598	0.36418741851	
-0.340790376909	0.93875285763	-0.0510391153629	
-0.894806632613	-0.340534100164	-0.288717191829	
-0.2884146481	-0.0527219016742	0.956053027737	
0.64350554799	-0.543917512832	-0.538566940074	
0.361026352531	-0.404749075221	0.840141749282	
-0.674952281635	-0.735072734729	-0.0640897197136	
0.759018812327	-0.511358872667	0.402991992327	
-0.578494629204	-0.813686634128	0.0570791154721	
0.298721285676	-0.276452825608	-0.913421824076	
-0.692199213528	-0.626545770063	-0.358190796654	
-0.359701848063	-0.130768142316	0.923858362226	
-0.625679494063	0.76833592326	-0.134852066122	
-0.896189696258	0.102595194664	0.431645982667	
0.187701251518	-0.793867000219	0.578397290918	
0.402010284072	0.599374183624	0.692198179358	
0.57136134966	-0.379590941318	0.727637908155	
0.147268229089	-0.824796187702	-0.545915119275	
0.807377406679	0.419072745501	-0.415354977294	
-0.442137162822	0.410096247524	0.797706585794	
-0.468510807464	-0.863979796358	0.184489931361	
0.764861002105	-0.292164301809	0.574132099963	
0.800625580799	0.175008378847	-0.573036427031	
0.132560590016	0.880953235379	0.454256631267	
0.584317011001	-0.439651526107	0.682114481774	
-0.631754059088	-0.0315541719629	-0.7745263992	
0.522128741043	-0.755834568949	-0.395089460956	
-0.572947106287	-0.654001864381	0.493976897014	
-0.590532699486	-0.520078351091	-0.617081550173	
-0.376317760919	0.853886610745	-0.359531081837	
0.713902005639	0.01990388696	-0.699962685883	
0.574584805893	0.0475958530183	-0.817059933917	
0.497987885408	-0.812575682318	0.302867671587	
-0.649507788116	-0.580909111033	-0.490595798896	
0.925889414229	0.344732575171	0.154558222801	
0.362380071636	-0.926058196547	-0.105341825925	
0.106815150145	0.15354370135	-0.982351696428	
0.688781811352	0.299472125057	0.6602242518	
0.724780668174	-0.263709829158	-0.636514028947	
-0.016510584229	0.916937060173	-0.398690140697	
0.219905815676	0.79224033363	0.569207067772	
-0.169042479586	0.605609963685	-0.777599647621	
-0.960763275905	0.0747785106454	0.26709942347	
-0.304278668083	-0.276112941953	0.911688617586	
0.268564806535	0.893379718396	0.360202198009	
-0.913940609034	0.354449322252	-0.197682171969	
-0.169180592788	-0.0150686897889	-0.985469868444	
0.079528541441	-0.996831322273	0.00158934964201	
-0.982371181438	-0.0781040941568	0.169842904932	
0.562092918103	0.310283728461	-0.766665219813	
-0.825402711132	0.151546765146	-0.543823447849	
-0.0525539330103	0.938486859698	0.341292394142	
0.186280510443	0.366617104462	0.911532484416	
0.885217414375	0.339880707179	-0.317602320796	
-0.42625074864	0.866067551409	-0.261222693654	
-0.467282255392	0.177703170483	0.866065169024	
-0.624105420763	-0.760142551533	-0.180764280552	
0.626210601612	-0.624983907432	0.466106637885	
0.178778037014	0.806693749849	0.5632793334	
0.462940183995	0.436200896365	-0.771631494985	
-0.868173254324	0.398715402217	-0.295467812987	
0.253467672805	0.360473982202	0.897670678477	
0.531710029999	0.723302525655	-0.440588130094	
-0.808108026715	0.588975351383	-0.0083338239788	
0.280162741973	0.77138914883	-0.571373449749	
0.24745702192	-0.633128327342	-0.733425894974	
-0.927509493381	0.064088237491	-0.36826462972	
0.950476835488	0.237963326644	-0.199918084159	
0.29637142119	-0.887653413798	0.352470420992	
-0.0935829359609	-0.394264977071	-0.914219537065	
0.749853203574	-0.0307240807931	0.660890462897	
0.567952324497	-0.482455489161	-0.666833456027	
0.339338076537	0.875381477893	-0.344320981025	
0.608889513118	0.338626759031	0.717346136034	
0.0264094802521	-0.912459301731	0.408314293208	
0.79281530016	-0.229673552577	-0.564529856676	
-0.74288849189	-0.201929850592	0.638232735025	
0.528178706332	0.408942348974	0.744172970077	
-0.411271130516	0.88993847577	-0.197143517644	
-0.764832221835	0.396885652173	-0.507457832279	
-0.442215079358	-0.896246791408	-0.0344603029638	
-0.468484253771	0.198049155491	0.860987244957	
0.035260891968	0.92169852485	-0.386301046838	
-0.980821333885	-0.0422270756827	-0.19027975477	
-0.191692932821	0.385601741917	0.902532612229	
-0.634284490202	-0.631153904247	-0.446461571296	
0.557803638286	0.0262370820084	-0.829558145426	
0.535292711145	-0.775213754188	0.335418169921	
0.991863537226	-0.00649105499577	0.127140039827	
-0.126799456205	-0.139342061201	0.98209250475	
0.0113411387513	-0.990223033556	-0.139031371951	
-0.473783603324	-0.85408804878	0.214622231265	
-0.880090887837	0.450595577142	-0.149678505495	
0.0311307945377	-0.259802291737	-0.965159905321	
0.104488918086	-0.0512956717404	0.993202305705	
-0.983677016606	0.141777487095	0.110809165481	
-0.146497757659	-0.988568610777	-0.0356441971069	
0.35041135919	-0.851093983044	-0.390961521605	
-0.304639839289	0.291159025622	-0.906874296756	
0.885667233033	0.436881510051	-0.157251704306	
0.394526960985	0.442034817475	0.805576624037	
0.247765009024	0.79304489013	-0.556500047208	
-0.884850822093	0.419147971937	0.203356829887	
-0.44230551035	-0.88774178919	0.127594479664	
0.210980086752	-0.241265256835	-0.947247844462	
0.871695611156	-0.392053046884	0.29400879225	
-0.775045075643	-0.61649810125	0.138691102369	
0.622330021512	-0.782753182902	-0.00167301582286	
0.109592312898	0.085014974046	0.990334276465	
-0.591843382724	0.768079906542	-0.24448858356	
-0.751034943185	-0.635606717086	-0.178747350497	
-0.292690834226	0.0778290328925	0.953034478494	
0.0346503824036	0.852948087259	0.520844421532	
-0.735193002292	-0.331266023508	0.591400093887	
0.676971639273	-0.4034134134	0.615602970679	
0.990873343478	-0.0712937934957	0.114399353992	
0.12765131289	0.223656306071	-0.966272735345	
0.0433031119233	0.972057123714	0.230715818128	
-0.760078606455	0.021260975153	0.649483243006	
0.116448890673	0.987742518605	0.103944084974	
-0.63931226163	0.154637278415	-0.753237774049	
0.733249147783	-0.407942848882	-0.543992940507	
-0.564596474084	-0.811105756303	-0.152768692946	
-0.378914909613	0.419154010047	-0.825065698677	
0.0798478802704	0.87968062058	0.468813738912	
0.921027945653	0.114761206402	-0.372206110685	
-0.381224132686	0.461510423806	-0.801046995735	
-0.400050561577	0.911032749272	0.0998943338518	
0.849673163562	0.409529472521	-0.332176348135	
-0.343533205534	-0.0480097999483	-0.937912573646	
-0.965043906737	0.171776098933	-0.197947543318	
0.25154831235	0.395033813117	-0.883556298743	
-0.0735778813519	-0.902463992816	-0.424434962092	
0.58819937187	-0.805691638883	-0.0698747591395	
0.73942860861	0.50080236707	0.449935908665	
-0.327516154869	-0.316319414786	0.89032308525	
-0.64918492948	-0.365549420092	0.667032644484	
0.181251163213	0.777341143094	0.602402492597	
-0.738719800175	0.511971062389	-0.438381897558	
-0.795042254756	0.434646308895	-0.4230725698	
0.471692263889	0.00453327686499	-0.881751584965	
-0.381332166674	-0.900589826483	-0.208623448094	
-0.972834995571	0.195053285674	-0.124684751036	
-0.144265844786	-0.0895809218401	0.985475836574	
0.181050924939	0.976693132048	0.115286982738	
-0.578250657845	0.68804844593	-0.438423896196	
0.517418919673	0.724759248294	0.454974387825	
0.630796193921	0.0362404203339	-0.775101795681	
0.931772864332	-0.354245460679	-0.0794322534148	
0.36289203375	0.902538000846	0.231807094087	
-0.0104259836337	-0.244816892017	0.96951327389	
0.997851457651	-0.000573228511707	0.0655144249165	
-0.0602956077315	0.383150209203	0.92171598493	
-0.0256302194948	-0.923685871169	0.382292431591	
-0.852586318534	-0.512328182414	0.103035930395	
-0.404646688633	0.52244547586	-0.750540992972	
0.330692647071	-0.681594130152	-0.652741767406	
-0.339652936859	-0.437043701847	0.832843733938	
-0.795205475393	-0.339435746915	-0.5024257414	
0.502278940817	-0.832932275994	-0.23224919638	
0.437817439167	0.341708549874	0.831595548872	
0.292915869896	0.820276058555	-0.491271290556	
-0.850009519432	0.458674671967	0.259039306229	
0.162747072356	-0.957463919594	0.238277638721	
-0.402690866931	-0.2849247389	-0.86986088477	
0.900751606232	0.0456150834465	-0.431932642934	
0.04415632268	0.997773651008	0.0499796010561	
-0.590926210752	0.0664239290664	-0.803986364993	
-0.805516252235	0.00596682509593	0.592543639224	
-0.996332990246	0.0814807649408	-0.0261047408056	
0.0252575573007	-0.0114109759561	-0.999615848927	
-0.0817473445872	-0.996609589846	0.00931112670657	
-0.581882233701	0.333666739811	-0.741673494772	
-0.130500099959	0.861836224865	0.49011023803	
0.802734570088	0.381974905269	-0.45794364471	
-0.8283117334	-0.00303659566654	0.560259271586	
0.552558324366	-0.169743934736	0.81600630806	
0.0926227320124	0.985483523813	0.142278789029	
-0.934692836052	0.257963627323	-0.244548705191	
-0.0175155069173	0.653723742743	0.756530551393	
0.355024660059	0.711407081179	-0.606512535401	
-0.582326385079	0.529512813408	-0.616856678393	
0.170593607772	-0.66229626365	-0.729562526548	
-0.794854579296	-0.530075315019	0.295341087861	
0.296937505235	0.73060442499	0.614853878714	
-0.110174731064	-0.613382372018	0.782063676648	
0.948519713353	-0.29996539781	-0.101642085265	
-0.242005946389	-0.223792569838	0.944113344677	
-0.816449918625	0.572715958968	-0.0735252386624	
-0.524254377463	-0.788614808401	-0.321316093095	
0.950533730593	-0.218913422537	-0.220369100463	
-0.125789048185	0.377389655556	-0.917471614403	
0.284011870108	0.899807735748	0.331184686127	
0.999500249906	0.00902584569386	-0.0302949591186	
-0.00796822070906	0.999360721705	0.0348519063012	
0.0305901601371	-0.0345930921371	0.99893321102	
0.892593581795	-0.251115316976	-0.374456666811	
-0.401998249122	-0.81931640527	-0.408800728667	
-0.204142365622	0.515423831071	-0.832264482555	
0.856088740287	0.516532786946	-0.0174913911256	
-0.516666055142	0.856178211279	-0.00388046331418	
0.0129713614364	0.0123592290022	0.999839483738	
