-0.507697761221	-0.0812851917481	0.857692078111	
-0.795468221093	0.4265584947	-0.430439496132	
-0.330867484776	-0.900799960148	-0.28122257967	
-0.169779837072	0.699849566429	-0.693819422683	
-0.855592561194	0.244679596902	0.456172406102	
0.489015517293	0.671075613645	0.557244420895	
0.790550475559	0.267780213943	0.550748311495	
0.205314256361	0.731388878013	-0.650320202095	
-0.576954072461	0.627187425048	0.523220729838	
0.952354558992	0.0505871827831	-0.300768567017	
-0.159935678624	0.922516679484	-0.351259953278	
0.259694768277	0.38262764277	0.886653660861	
-0.607277337751	0.304672179778	-0.733750024139	
0.749334530805	-0.0872761957946	-0.656414980474	
-0.264030293711	-0.948450171868	-0.175300529052	
0.562417704066	0.547747607654	-0.619402037825	
-0.720132319658	0.692600353961	-0.0414028003421	
0.406319785804	0.469337094211	0.783981456198	
0.234140285549	-0.794554095099	0.560233983836	
-0.950847150861	-0.0670350423536	0.30231771168	
-0.202652467002	-0.603481642686	-0.771195101488	
0.946443196239	-0.107099127922	0.304589975364	
-0.195810729504	-0.940486988339	0.277745176334	
0.256716642438	-0.322512017705	-0.911088669632	
-0.995795969024	-0.0857512749386	-0.0322041444932	
0.0741192960562	-0.547750517493	-0.833352086779	
0.0538211671025	-0.832235597312	0.551803581484	
-0.986716121287	0.0317623777981	0.159318697422	
0.0387216068476	0.998418052989	0.0407679853293	
-0.157771775533	0.0463955043218	-0.986385078975	
-0.87797452837	-0.476068029583	-0.0501991906446	
-0.248083083435	0.362805138547	0.898235612274	
-0.40940873372	0.801081558053	-0.43663809511	
0.88875298732	-0.45151615223	0.0790651111759	
0.0168278524893	0.204507494096	0.978720342202	
-0.458077450777	-0.868510131855	0.189354693513	
0.218797496622	-0.350829380627	-0.910519852151	
0.655877639142	0.743767992843	-0.128971684085	
0.722462578924	-0.568970929407	0.392835720809	
-0.471118403696	0.845108746881	0.2526631268	
0.780778020782	0.266268323079	0.565231689123	
0.410406057415	0.463564867166	-0.785286242059	
-0.827810422569	-0.530684184653	0.181945597485	
0.55241601406	-0.827615643673	0.0994429170836	
0.0978082394036	0.182829544951	0.978267297725	
-0.00464787273076	0.494592487145	0.869112575527	
0.557029022244	0.723076750548	-0.408507871644	
-0.830480021227	0.482222235569	-0.278863138235	
0.711091543555	0.695478351166	0.103240882136	
-0.698043244365	0.680747525418	0.222077544193	
0.0841691492302	-0.229984064006	0.969547773254	
-0.169748577226	-0.966223599085	-0.193900430895	
-0.93108234657	0.221712553795	-0.289705380335	
0.322910334978	0.131360192072	-0.937269126507	
0.0703838906795	0.864871234946	0.497035064051	
0.929597630393	-0.23758831535	0.281780123459	
0.361793246897	0.442209836359	-0.820704640615	
0.938521445181	-0.01567113107	-0.344865064317	
0.0318654429786	-0.99077185327	0.131741141303	
-0.343747131594	-0.134631164368	-0.929361264042	
0.822542216227	-0.554863965811	0.124700769719	
0.148026564364	-0.00282661597279	-0.988979345833	
0.549101483122	0.83193628944	0.0798095955819	
0.177497386444	0.982786526732	-0.0512378832401	
-0.684788319172	0.0859490265979	-0.723655804062	
-0.706795328034	0.163534117848	0.688256461335	
-0.474411605553	-0.843939994259	0.250397513179	
0.385177303464	0.0567662628097	0.921095020236	
-0.79156305713	0.533425606337	0.298135957394	
-0.257450769236	-0.175314618758	0.950254642646	
0.88396389868	-0.439932389037	0.158326620967	
0.390290823938	0.88075210901	0.268232725862	
0.145761908779	0.632331445739	-0.760861622556	
0.765533937982	-0.559247924107	-0.31811876584	
-0.626666782068	-0.536095795648	-0.565588226665	
-0.157384324407	-0.922113248099	-0.353464753705	
0.448858553453	-0.38561232834	0.806119799549	
-0.879634113381	-0.0317850580016	0.47458775444	
0.937031502938	0.0408767439795	-0.346844423773	
0.156502465893	0.838684198125	0.521647193019	
0.312216176183	-0.54308186088	0.779476203429	
-0.0637935210542	-0.021765420554	0.997725740442	
-0.862878216236	0.50347650463	-0.0441881571311	
-0.501369694553	-0.863734725338	-0.0508994462617	
0.922647338314	-0.0825483849328	-0.376706322282	
-0.130160621398	0.852845041751	-0.505681270563	
0.36301529133	0.515597807313	0.776130658687	
-0.96155802376	0.225176965042	-0.15716711284	
-0.241519594497	-0.965848117139	0.0938386918784	
-0.130669248172	0.128190284476	0.983103656055	
0.190578782824	0.259372918226	0.946786890925	
-0.126626195718	-0.949911236712	0.285717428461	
0.97347086967	-0.174339701901	-0.148189521376	
-0.339825832411	0.853729732287	0.394542707239	
-0.24229607915	-0.484819880847	0.840382230395	
0.908741444887	0.189987439967	0.371609686365	
0.624042446601	0.188301205472	-0.758362499639	
0.512661223897	-0.83110776845	0.215495584024	
-0.589702886506	-0.523261438709	-0.615181251671	
-0.347338627899	0.800980465679	-0.487633234275	
0.0944109522306	0.547236748375	0.831636046192	
0.932975053079	0.242821405208	-0.265697789799	
0.747481747617	0.489175371893	-0.449420173682	
-0.294608771518	-0.362253427036	-0.884295271018	
-0.595379466159	0.793397699854	-0.126662469351	
-0.993307026398	-0.103356986286	0.0515604954822	
-0.0214333359303	-0.27370557958	-0.961574681352	
0.113497856453	-0.956244000814	0.269658390353	
0.727146268701	0.267836331037	0.63207752981	
0.616747150166	-0.659223805957	-0.43017081075	
0.301465183191	0.702629115136	-0.644539424618	
-0.505511009728	-0.851317520596	-0.140417584972	
0.394099180515	-0.0830431207012	-0.91530851412	
0.767557460364	-0.518036986353	0.377482749022	
0.375802944741	-0.435385048743	-0.818053791663	
0.873697524317	-0.127799550656	0.469382478214	
-0.308909020143	-0.891126890057	0.332367391739	
0.727209436168	0.567495320922	0.386154757423	
0.664377455968	-0.723325234374	-0.188157384438	
0.172537045152	0.393382340795	-0.903040033443	
0.607536843362	-0.741654789047	-0.284336346324	
-0.791904396438	-0.537838951639	-0.289165504515	
0.0615338188313	0.400845900543	-0.914076667002	
0.482392722336	-0.799403218338	-0.3581225432	
-0.844027670308	-0.314815860762	-0.434175385723	
0.234338543974	0.511708382112	-0.826583316118	
0.638597141122	0.0388497882228	-0.768559942558	
-0.694267742255	-0.401715803832	-0.597173940336	
-0.331942756232	0.914939947159	-0.229562409114	
-0.181063119226	0.338011640072	0.923560652059	
-0.580769164217	0.721105642918	-0.37777483988	
-0.793677090983	-0.604776638874	0.0657411007017	
0.889641390583	0.329664243176	-0.316005827372	
0.446265627649	-0.480815286759	0.754760657161	
0.0968771683167	-0.812488859487	-0.57487100072	
-0.238745039266	0.631094430448	-0.738051912865	
0.793662226349	0.564752197414	0.226175210806	
0.559554355441	-0.53176571474	-0.635707596253	
0.112927612197	0.877387396675	0.466303238847	
-0.032485323538	-0.465794124812	0.88429663408	
0.9930720307	-0.115009518942	-0.0240988048415	
0.0245285354747	0.968549681696	0.247608289511	
-0.711689914471	0.190859733945	-0.676069543463	
-0.702065393384	-0.159637326604	0.693988549882	
0.120266602992	0.99083036799	-0.0615721209054	
-0.519179679016	0.00991084961055	-0.854607650303	
-0.846160980607	0.134747752961	0.515610936628	
-0.387871201006	0.539739364071	-0.747152829281	
0.318704896494	0.839148270425	0.440746377402	
0.86486017389	-0.0671684383792	-0.497499025632	
-0.0918521658049	-0.953874353983	-0.285809195882	
-0.995607576235	0.0827466887711	0.0438011374496	
-0.0181310171089	0.288577030117	-0.957284996178	
0.478651926888	-0.232248101695	0.846730861694	
0.116239075879	0.972654142438	0.201078085423	
-0.870276283789	0.00217679983893	0.492559084189	
-0.806473722324	-0.374717412905	-0.457369648826	
-0.38381382241	-0.256635119778	0.887031772274	
-0.44976336548	0.890912608375	0.0631477577558	
-0.701245865805	-0.333334907181	-0.630192094005	
-0.130392666995	-0.809080168331	0.573050637909	
-0.700893706696	0.484021818587	0.523899695597	
0.0781113016592	0.665654886446	-0.742160492551	
-0.286194502083	-0.698129003328	-0.656283933744	
-0.954982372366	0.263665444954	0.13597500361	
-0.895091623926	-0.445854994029	-0.00493042359829	
0.427520626129	-0.855038327179	-0.293488625485	
0.126637668218	-0.264807068173	0.955949851004	
0.483713009768	-0.549456009084	-0.681263398594	
-0.870883940183	-0.224717409887	-0.437107822424	
0.0870797732657	0.804736093248	-0.587211148832	
-0.596044363742	-0.455665787451	-0.661135240777	
-0.157770719957	-0.740868495568	0.652857007467	
-0.787298873602	0.493439522557	0.369699771712	
-0.343923701768	0.938556768254	-0.028769430427	
-0.898706253097	-0.337890414486	-0.27956598227	
-0.272109459605	-0.070294100488	0.959695358658	
0.641567054627	-0.537756323453	-0.547000777882	
0.371744106907	-0.405793929132	0.834947666659	
-0.670967982393	-0.739019230917	-0.0604362717029	
0.753664743501	-0.494043477681	0.433486443346	
-0.567034272666	-0.822251207828	0.0487348422231	
0.332357620683	-0.282531402477	-0.899841329673	
-0.684582730472	-0.632616363383	-0.362136744779	
-0.386754816225	-0.105880944442	0.916084023292	
-0.617873123922	0.767193432183	-0.17218315931	
-0.899138110908	0.101549618422	0.425720956157	
0.18377490016	-0.795202445083	0.577823379074	
0.39721208892	0.597779847713	0.696334553275	
0.576395666753	-0.370255625816	0.728477046241	
0.156600372699	-0.824891609155	-0.543166785082	
0.802025160839	0.42715875819	-0.417481780061	
-0.446355672859	0.419922360328	0.790209987663	
-0.472231557876	-0.86062207139	0.190596447981	
0.760107866722	-0.28808828774	0.582444134158	
0.781787590131	0.191562423298	-0.593390261041	
0.124704158666	0.884381000866	0.44979897523	
0.610947654656	-0.425645490152	0.667509460595	
-0.644428301928	-0.0399224005556	-0.763621873448	
0.51556089823	-0.760197534372	-0.395343735185	
-0.564720394435	-0.648464270926	0.510475234895	
-0.584895652959	-0.537549428748	-0.607402409283	
-0.37496423654	0.843228648465	-0.385184718966	
0.719234938296	0.00246131295976	-0.69476258209	
0.584834353064	0.0607476327995	-0.808874838641	
0.519681419951	-0.793720366479	0.316131620681	
-0.622816185752	-0.605241856571	-0.495764353115	
0.918126182409	0.366350764496	0.151100729741	
0.383668669949	-0.91719387019	-0.107488400236	
0.0992102054991	0.15666053057	-0.982657017115	
0.681281362796	0.305732983662	0.665118822022	
0.73106106103	-0.237635171223	-0.639593035018	
-0.0374890617704	0.921985286271	-0.385405892726	
0.228521488505	0.791561035448	0.566753082437	
-0.184385228726	0.606811887151	-0.773163256395	
-0.955918415305	0.0721835214723	0.284621718266	
-0.284946395281	-0.31497865513	0.905314309303	
0.241810424197	0.890301143177	0.385864734341	
-0.927541519592	0.32886520228	-0.177522979253	
-0.176532095615	0.0332136513439	-0.983734350616	
0.0944852727198	-0.994243362912	-0.0505239403032	
-0.979749433507	-0.101867505462	0.172377663501	
0.564886036314	0.346330411235	-0.748971970257	
-0.819651062161	0.130710894006	-0.557751556239	
-0.0952675300214	0.928961736802	0.357706848246	
0.199766275318	0.336518541343	0.920243829959	
0.889098310358	0.332475216734	-0.31458611663	
-0.411822327909	0.88103093112	-0.232780730829	
-0.472812810322	0.153058146137	0.86776797031	
-0.608207153149	-0.769275394498	-0.195702392112	
0.637598702362	-0.620313284818	0.456814320512	
0.173784528325	0.793670124654	0.582998002523	
0.478826164419	0.449214956919	-0.754275431622	
-0.860537298426	0.410236097524	-0.301963412197	
0.23444849364	0.352763787344	0.905865119192	
0.536974666365	0.729784727134	-0.423169540166	
-0.810365418507	0.585638081396	-0.0183282870566	
0.268706160458	0.777729945385	-0.568272057542	
0.255506301532	-0.626386276113	-0.736448751085	
-0.928716064903	0.0526912245913	-0.367028753153	
0.948755602371	0.257953241804	-0.182545698421	
0.307515986112	-0.886668626447	0.34532979188	
-0.0727786043755	-0.383769295172	-0.920556572313	
0.740663744001	-0.0120256735324	0.67176826473	
0.586003404696	-0.477526458961	-0.65465142685	
0.328659745036	0.878535067125	-0.34663944932	
0.607296282538	0.354364632566	0.711067459811	
0.014204810306	-0.899715083702	0.436246480242	
0.794348442801	-0.25483028734	-0.55142730806	
-0.749678102135	-0.197604646399	0.631613130723	
0.527480747746	0.397970789248	0.750588643442	
-0.399683379612	0.895863636179	-0.194117339347	
-0.77532873844	0.379367244377	-0.504921618911	
-0.415130774681	-0.908636093216	-0.045242568646	
-0.475953555783	0.174530639139	0.861978693901	
0.0329108271978	0.911849342932	-0.40920368186	
-0.974493048831	-0.061662220235	-0.215780138974	
-0.221991385493	0.405867646395	0.886561491593	
-0.628577696014	-0.642954286439	-0.437606976206	
0.562320918192	0.0130000773677	-0.826816898081	
0.537294393268	-0.765794217488	0.353375086026	
0.993409801822	-0.0067585413724	0.114417165508	
-0.114289125299	-0.133818160499	0.984393567512	
0.00865802996508	-0.990982856582	-0.133708700083	
-0.46235781082	-0.862392989731	0.206163978512	
-0.886035139583	0.440394973281	-0.144893060333	
0.0341611796838	-0.249660967656	-0.967730548775	
0.106349369497	-0.0322507030933	0.993805666998	
-0.985870142603	0.12667091699	0.109610860376	
-0.129421302462	-0.991420380534	-0.0183236331021	
0.365613021905	-0.845737241409	-0.388658766411	
-0.335741887311	0.269621726805	-0.902541694072	
0.868103970339	0.46047002392	-0.185372203291	
0.421968641978	0.447147776789	0.788670609887	
0.226240638387	0.790454873755	-0.569206698924	
-0.87792803733	0.418616720007	0.232384171149	
-0.45046118085	-0.881043397177	0.144385791676	
0.205876292172	-0.259872312429	-0.943441218918	
0.868734526117	-0.395258034104	0.298448336581	
-0.778287247664	-0.612228706712	0.139445225092	
0.61992116543	-0.784508627401	0.0156192888794	
0.0998334051041	0.098601339805	0.990106593764	
-0.604830139436	0.752566206938	-0.260431577588	
-0.742459949809	-0.65115318069	-0.15733009314	
-0.28798216153	0.0982020338529	0.952587337302	
0.0282534915511	0.84335833404	0.53660829347	
-0.726961615554	-0.351123506736	0.590117863252	
0.686096603786	-0.406766522004	0.603168671973	
0.992001544661	-0.0803814916819	0.0973229221963	
0.113395736343	0.228819931506	-0.966841686071	
0.0554467525557	0.970144450451	0.236104643941	
-0.754000497409	-0.00677370111297	0.65683892004	
0.115670391383	0.982952164277	0.14291747024	
-0.646609318262	0.183736658606	-0.740362904136	
0.725248071412	-0.378454521338	-0.575141208915	
-0.572192916706	-0.795906648935	-0.197807664797	
-0.382897507154	0.472551353251	-0.793778758569	
0.0617179875422	0.870167104823	0.48887636443	
0.914758018674	0.146620292112	-0.376457510501	
-0.399260137361	0.470437774446	-0.786943227361	
-0.385398825029	0.914056764851	0.126364458201	
0.846483422181	0.404729336542	-0.345919036936	
-0.367333039132	-0.0263513713702	-0.929716109137	
-0.969896497277	0.151922849089	-0.190316138293	
0.237220794012	0.412867492095	-0.879355860195	
-0.0550189009218	-0.898031114102	-0.436477993311	
0.585645690683	-0.805442481645	-0.0910029326245	
0.740324284887	0.485796377109	0.464673899841	
-0.330059204068	-0.339505948033	0.880793184045	
-0.653886080126	-0.374769978821	0.65725220212	
0.190044013633	0.75949145797	0.622138246817	
-0.732336170826	0.531714385968	-0.425398101377	
-0.799824016188	0.42647653986	-0.422373417817	
0.471328238442	0.0105296123238	-0.881895015811	
-0.371660106517	-0.904437332386	-0.209432273086	
-0.973757616887	0.189168339459	-0.126536330361	
-0.143099456243	-0.0765748312129	0.986741526869	
0.176970757973	0.978954357757	0.10163521167	
-0.593861812335	0.665765527603	-0.45175702552	
0.498928060027	0.745226964554	0.44238847433	
0.631188512861	0.0373233647759	-0.77473093889	
0.934357509729	-0.351194713805	-0.0603184632509	
0.355838135083	0.910630971023	0.21007250233	
-0.0188484915732	-0.217746429613	0.975823358378	
0.997526237752	-0.0196890516588	0.0674814510862	
-0.0545403602455	0.388853516973	0.919683799706	
-0.0443481014275	-0.921089183295	0.386817737852	
-0.847974883846	-0.521050791278	0.0971836883147	
-0.403804512353	0.516302804172	-0.755230647027	
0.343337315434	-0.679659832058	-0.64821447108	
-0.341117853959	-0.415374880493	0.843268829239	
-0.779672964794	-0.376106466415	-0.500653566741	
0.525117775056	-0.828255778475	-0.195559933891	
0.424401270766	0.373744795963	0.824741407268	
0.267649236215	0.818357784312	-0.508580793198	
-0.865012975467	0.436583742651	0.247279574424	
0.185226272461	-0.950771103055	0.248446246872	
-0.390021825232	-0.303182097248	-0.869461667787	
0.901983483127	0.0641476850944	-0.426978770742	
0.0486554306105	0.997822340236	0.0445334301117	
-0.581021333613	0.0645414873904	-0.811325216107	
-0.812432679647	0.013600504801	0.582896360694	
-0.997504478265	0.0595449111723	-0.0379370451613	
0.0369137165679	-0.0181931354138	-0.999152834832	
-0.0601846605975	-0.998059824548	0.0159497100749	
-0.608466309465	0.324690393017	-0.724116633512	
-0.126442886877	0.861145828509	0.492382024855	
0.783441731467	0.391157271087	-0.482923433549	
-0.823327134168	-0.0192340740067	0.567241113231	
0.562159228096	-0.165272101639	0.810346922427	
0.0781628582426	0.986060435682	0.146885617997	
-0.942438000644	0.234993622936	-0.237883610453	
-0.0290239485961	0.65124130366	0.758315485016	
0.333118935743	0.721569651237	-0.606934109326	
-0.589745597516	0.524829256859	-0.613803210611	
0.181720360887	-0.654313366925	-0.734065207119	
-0.786878542502	-0.544452265133	0.290506265579	
0.288651053881	0.746764120772	0.599186045416	
-0.112128202779	-0.595151543356	0.79575241538	
0.95084585251	-0.296880427731	-0.0880578014464	
-0.227357591006	-0.226055428643	0.947210361532	
-0.825323752286	0.560996285623	-0.0642173763886	
-0.516864807977	-0.79635551778	-0.314115678655	
0.9544208326	-0.191799780403	-0.228678198648	
-0.141889490651	0.382487854823	-0.913000774017	
0.26257998161	0.903833992031	0.337840003711	
0.997971180353	0.0338562984679	-0.0539191453826	
-0.0292028762195	0.995964131664	0.0848683713744	
0.0565748637228	-0.0831215946267	0.994932201359	
0.893403555484	-0.211070666378	-0.396584493951	
-0.387453332939	-0.808825025066	-0.442359575031	
-0.22739833298	0.548863601109	-0.804387186333	
0.839460821064	0.542766560175	-0.0266456573035	
-0.543122797455	0.839614223137	-0.00809834493437	
0.0179765620337	0.0212701072225	0.999612137659	
