-0.51399182239	-0.0700567491609	0.854929504938	
-0.773110157564	0.469631838606	-0.426317511298	
-0.37163569633	-0.880078398817	-0.29554850896	
-0.139472798424	0.71146304153	-0.688743550995	
-0.861434310445	0.25583951144	0.438722091049	
0.488342366878	0.654497123694	0.577196021979	
0.771652012324	0.258591932419	0.581105312628	
0.217603054034	0.75116078449	-0.623222582003	
-0.597663854312	0.607361250272	0.523364336688	
0.949750094842	0.0999400054284	-0.296625610262	
-0.195252778301	0.929840948896	-0.311884854269	
0.244644864884	0.354129644441	0.902630093124	
-0.609317178806	0.402465926422	-0.683193789258	
0.731419003837	-0.0474429253955	-0.680275980508	
-0.306200614692	-0.91420476202	-0.265463437526	
0.598115155856	0.534195758742	-0.597405349556	
-0.682852439959	0.729898589015	-0.030993467003	
0.419488743089	0.426477362935	0.8013402856	
0.228762029044	-0.819126028276	0.526023273125	
-0.949027212698	-0.0672975514398	0.307925947475	
-0.216830080077	-0.569652165248	-0.79276801588	
0.94740524747	-0.113998294468	0.299044621962	
-0.196433510715	-0.944824087705	0.262147514124	
0.252660192619	-0.307102315444	-0.917524383826	
-0.993986540941	-0.105939596451	-0.0277048431071	
0.0799928916717	-0.52971759064	-0.844393516939	
0.0747789656902	-0.841531981609	0.535006570259	
-0.985932464931	0.0651556366127	0.153921790572	
0.0760110729562	0.99493871441	0.0657211636908	
-0.148860644172	0.0764963893685	-0.985894929001	
-0.890443644239	-0.454250474652	-0.0276879524959	
-0.220168209274	0.376740370334	0.899773667644	
-0.39829144613	0.807293750526	-0.435477581858	
0.89454987423	-0.444237127705	0.0493345404605	
0.0358302484774	0.18129228184	0.982776323402	
-0.445529702499	-0.877374767653	0.178092114587	
0.192519818622	-0.375531121163	-0.906593898322	
0.685051971189	0.71291934286	-0.149832597742	
0.702595129649	-0.592218192573	0.394509437376	
-0.442631519471	0.864734088613	0.237302115376	
0.803449697641	0.264948034641	0.533170819063	
0.398178253213	0.426658522628	-0.81204469319	
-0.839586478859	-0.484906427574	0.244867925654	
0.521107768365	-0.846251892803	0.110925324779	
0.153431542605	0.220733981129	0.963190153245	
-0.015627726927	0.515640155672	0.856662713096	
0.598071078007	0.691424141062	-0.4052698395	
-0.801290683711	0.506011745927	-0.319194851434	
0.733240688204	0.666697560734	0.133687903988	
-0.679751105024	0.713719682236	0.168945702543	
0.017219999429	-0.214752363666	0.976516714614	
-0.217198969893	-0.962168409066	-0.164488784032	
-0.919055014738	0.258350929502	-0.297645220204	
0.328880658238	0.0865260066104	-0.940399257134	
0.115990903047	0.869396004557	0.48030896064	
0.922249591703	-0.273815771476	0.272911366373	
0.368784220127	0.411309507004	-0.833560248832	
0.917450944489	-0.0569006269758	-0.393758914955	
-0.0111298076289	-0.993003066052	0.117562911639	
-0.397693213217	-0.103475743345	-0.911664893862	
0.816178172626	-0.566491836306	0.113754955615	
0.128122857634	-0.0145354688585	-0.991651780363	
0.563416119649	0.823939147961	0.0607170204826	
0.209531588235	0.976365894203	-0.0529731457292	
-0.661359003376	0.101609787696	-0.743155246027	
-0.720208846228	0.19074876587	0.667018834917	
-0.505476509611	-0.84528010562	0.173190765558	
0.345258213034	-0.0141936774958	0.938400397406	
-0.790752973161	0.534134891729	0.299014469339	
-0.298153836618	-0.176130648831	0.938127008593	
0.864142948533	-0.467246521501	0.186916164751	
0.405414916117	0.866405610951	0.29151340124	
0.160926204257	0.641713106623	-0.749871352681	
0.747877443376	-0.575068826831	-0.331625050466	
-0.644035780429	-0.507444709495	-0.572466401051	
-0.221748350651	-0.910088768055	-0.350094420468	
0.427588546243	-0.413427658417	0.803894026833	
-0.876353641007	0.0285658102523	0.480820434652	
0.948404185961	-0.0127052727299	-0.316809210877	
0.186418573026	0.830590211199	0.524755196916	
0.256471471479	-0.556739146374	0.790103731932	
-0.0829492540815	-0.0272547593929	0.996181007316	
-0.845823656344	0.5305241672	-0.0559146705669	
-0.526974158394	-0.847231542205	-0.067059304184	
0.923029599267	-0.106223312358	-0.369774210552	
-0.105035957915	0.85503955151	-0.507813758082	
0.370113234595	0.507566718043	0.778069547221	
-0.961389964665	0.26097418355	-0.0873029859891	
-0.26619895995	-0.962370163013	0.0546057054168	
-0.0697671094695	0.0757373412719	0.994684073248	
0.206680841014	0.243763303854	0.947556057261	
-0.159536396191	-0.947109149572	0.278446398949	
0.965314025718	-0.208719214477	-0.156860196545	
-0.337461667245	0.838279268421	0.428261008353	
-0.242588812698	-0.517026674297	0.820873976941	
0.909544001736	0.173122171315	0.377833855954	
0.639267989782	0.190495004865	-0.745015496726	
0.491214309562	-0.846564082318	0.205031111323	
-0.59164595775	-0.497032099215	-0.634755191415	
-0.327791912376	0.812576131581	-0.481946566089	
0.0871780906445	0.533970564206	0.840996680774	
0.940719109348	0.233656728869	-0.245870068048	
0.76428392471	0.502827750573	-0.40377510533	
-0.262920664018	-0.328759420668	-0.907077707671	
-0.588848713052	0.799425729243	-0.119061734246	
-0.990457515227	-0.0695965340154	0.118954751835	
-0.0944781968164	-0.285518432554	-0.953704930782	
0.100338331945	-0.955842846458	0.27621852222	
0.744502023729	0.248098461445	0.619809559536	
0.611470743857	-0.626068675535	-0.48388174477	
0.267993033624	0.739246350645	-0.617814346699	
-0.494280948348	-0.860201689823	-0.125456753209	
0.396035302778	-0.0943542468743	-0.913374684919	
0.773849069944	-0.501149008702	0.387307743305	
0.385654370297	-0.459904469898	-0.799849101542	
0.874332347843	-0.0946744212225	0.476003885994	
-0.294641565611	-0.882906921784	0.36559775065	
0.718453310801	0.590804898606	0.367116346657	
0.673509839613	-0.722761007847	-0.154922630625	
0.173808331629	0.358561148647	-0.917182951508	
0.621502420968	-0.739142031281	-0.259622414911	
-0.776453206967	-0.537099127925	-0.329613325236	
0.104188090114	0.406440136275	-0.907717608898	
0.472675703886	-0.809902206556	-0.347327071753	
-0.840762822334	-0.296387208161	-0.453070082239	
0.263999158214	0.506174909152	-0.821030697238	
0.64780497495	0.0276885748822	-0.76130286828	
-0.696078388581	-0.384559866256	-0.606290842926	
-0.309553858611	0.922684698088	-0.22984637594	
-0.161580539076	0.352035978063	0.921934053792	
-0.565039015617	0.732919983355	-0.378892080716	
-0.809087535575	-0.582150296872	0.0804884564962	
0.889095374394	0.319923563942	-0.327350467336	
0.450987152763	-0.49005514257	0.74596014993	
0.0782304497832	-0.810860574005	-0.579987177661	
-0.228059630274	0.626497329691	-0.745311948736	
0.793771509149	0.562928380977	0.230300736332	
0.563840044962	-0.539085089555	-0.625676969303	
0.109801967847	0.881432506463	0.45936942041	
-0.0729729888217	-0.453767942582	0.888127016359	
0.991271138871	-0.131039653675	0.0144961513997	
0.0658476922844	0.96843345717	0.240417803946	
-0.68092389775	0.219732492112	-0.698613109942	
-0.729387912495	-0.117704167062	0.673898361893	
0.147923137975	0.982808727122	-0.110479641314	
-0.514353439297	-0.0189630005428	-0.857368616228	
-0.844724383888	0.183650239596	0.502705982421	
-0.40300569453	0.522898407757	-0.751108291354	
0.347068693538	0.846722227046	0.403242845183	
0.846835126895	-0.0981770104984	-0.522715546418	
-0.114967277571	-0.964459983097	-0.237906422975	
-0.993177631514	0.116304137529	0.00845812357148	
0.0195119796201	0.237255745133	-0.971251251764	
0.465698976102	-0.23027104517	0.85445872306	
0.184646622046	0.969584415325	0.16066015849	
-0.86546524403	0.0829536455814	0.494053240107	
-0.810678674086	-0.378947752755	-0.446316802354	
-0.369281903854	-0.26061075408	0.892027415691	
-0.454346742992	0.887964321096	0.0713330329712	
-0.698832135845	-0.330259603665	-0.634477927195	
-0.142854859841	-0.804715549852	0.576216428823	
-0.70087526346	0.493316813025	0.515181897058	
0.0605876716141	0.672726221927	-0.737406647909	
-0.324229006106	-0.685439636431	-0.651957097062	
-0.944036379409	0.278589187051	0.176588162713	
-0.900394661096	-0.434968227237	-0.00959664341804	
0.420525764567	-0.864418562285	-0.2755696473	
0.11156852426	-0.252157074999	0.961233204754	
0.487981961907	-0.541317237126	-0.684725677657	
-0.867203907045	-0.211561451192	-0.45077614841	
0.0991513411865	0.813767412201	-0.572670595003	
-0.588725916769	-0.43277455287	-0.682721012795	
-0.190694369881	-0.746405966604	0.637584339766	
-0.785517315035	0.505553478285	0.356900866311	
-0.343662255126	0.936424883123	-0.0707438525196	
-0.888904161047	-0.348668782793	-0.297118616681	
-0.302895438847	-0.0392239489751	0.952216275303	
0.645930981976	-0.548454535053	-0.531009217908	
0.356591950544	-0.398267846884	0.845118277489	
-0.674992849837	-0.735241691635	-0.0616790689884	
0.761331627276	-0.520826146036	0.386153180636	
-0.583892674483	-0.809673986677	0.0591386505072	
0.281857229808	-0.270496138427	-0.920536985189	
-0.692052827519	-0.625220398176	-0.360780179094	
-0.346053872221	-0.151264148871	0.925940535233	
-0.633490016846	0.765649143518	-0.111677157852	
-0.896596511882	0.0972524384892	0.432037797061	
0.192325022521	-0.793272232313	0.577693907838	
0.398905728956	0.601050021753	0.692541039042	
0.5648206671	-0.381422416082	0.731774934339	
0.149313580896	-0.824896345914	-0.545207733857	
0.811592920482	0.417208531801	-0.408966957608	
-0.444000089645	0.401847247658	0.80086372745	
-0.467313705333	-0.866460444647	0.175682095472	
0.764514107916	-0.296251729803	0.572497241379	
0.80947941248	0.170374619505	-0.561885726638	
0.131222611381	0.880272661462	0.455961256847	
0.572296869669	-0.442823362653	0.690205594338	
-0.623057631155	-0.0288823451809	-0.781642500378	
0.530222873248	-0.750265374077	-0.39492476897	
-0.575032949443	-0.660505623441	0.482772646758	
-0.590244920153	-0.513431354226	-0.622895800862	
-0.382728063116	0.857403527211	-0.344061653239	
0.710725097304	0.0353190603428	-0.702582664203	
0.566573582838	0.039189442224	-0.823078709996	
0.486051006041	-0.822486241771	0.295416319157	
-0.665393714094	-0.567433317418	-0.485047044654	
0.9281377291	0.337511637069	0.15699124391	
0.354798989788	-0.929703696956	-0.098836798368	
0.112596770233	0.147434496333	-0.982641865902	
0.684164345926	0.302751580665	0.663521384862	
0.729300904049	-0.276169358901	-0.625979773281	
-0.00627209035092	0.912179787985	-0.409742230278	
0.205357574091	0.796133333602	0.569209962923	
-0.162305986634	0.601256041248	-0.782398836634	
-0.965134722962	0.0682853424288	0.252689688241	
-0.314897083378	-0.253397409505	0.914674575866	
0.28074570946	0.895710409249	0.344796620318	
-0.906654109073	0.365366412824	-0.210916359917	
-0.166525647433	-0.0468554590124	-0.984923232901	
0.0733588031917	-0.996690842242	0.035012154814	
-0.983304477129	-0.0664223678529	0.169411848192	
0.554594469003	0.288216016528	-0.780612901999	
-0.831686084205	0.161672677939	-0.531187539903	
-0.0268929784806	0.943818559377	0.329368023165	
0.172612155835	0.390960226289	0.90407695752	
0.879058794505	0.352933393646	-0.320458508162	
-0.444365479601	0.850051834366	-0.282756431278	
-0.465926726235	0.200212976289	0.861874149691	
-0.633641401431	-0.755371026502	-0.167072399617	
0.617584698785	-0.623962640265	0.478810780351	
0.169430179709	0.813214528046	0.556754475131	
0.448833055159	0.439268330349	-0.77819806126	
-0.877406577819	0.381740049415	-0.290572248971	
0.260141640699	0.370437237335	0.891685247141	
0.523203381175	0.722077877107	-0.452616572079	
-0.811532222836	0.584277153916	-0.00597149142364	
0.281232383543	0.768947247186	-0.574132804752	
0.248781115757	-0.636245614816	-0.73027356112	
-0.926831323861	0.0625431744737	-0.370232424886	
0.948790273696	0.234439842477	-0.211742713688	
0.299076092704	-0.882460512309	0.363066020151	
-0.101737443025	-0.407800692097	-0.907385303061	
0.754502711451	-0.0364639309456	0.655283175546	
0.560784958313	-0.482881456662	-0.672566524101	
0.340948513625	0.874926214347	-0.343886944366	
0.607033689283	0.334540068377	0.720828025764	
0.0446474350339	-0.919996186914	0.389375939946	
0.793420888697	-0.204181190893	-0.573405035437	
-0.737105663094	-0.208627561896	0.642767284367	
0.523988634107	0.424192808922	0.738577262164	
-0.426744833316	0.881212233957	-0.203356450505	
-0.760801117301	0.400235144437	-0.510875218689	
-0.453494430563	-0.890970884256	-0.022664616846	
-0.464246121536	0.214435800568	0.859356053143	
0.0349671829875	0.92815187336	-0.370555523629	
-0.983141918833	-0.0346379976617	-0.17953321852	
-0.179469394461	0.370586439439	0.911293820541	
-0.633618090312	-0.625209931467	-0.455676044164	
0.557669218479	0.0391387680743	-0.829140036179	
0.536221184205	-0.779474629753	0.323861302382	
0.989919121534	0.00172018547356	0.141623351832	
-0.139813062435	-0.147948603541	0.979062571179	
0.022637146345	-0.988993554919	-0.14621664725	
-0.472685978606	-0.851128859289	0.228358556913	
-0.880761816643	0.447842009579	-0.153935560547	
0.0287504430194	-0.273892678512	-0.961330438863	
0.108640175383	-0.0619815732166	0.992146963345	
-0.982078721516	0.147932306101	0.116779354156	
-0.154008756368	-0.987053350834	-0.0447993925026	
0.344469859697	-0.853674919373	-0.390614449035	
-0.282925150264	0.302335059804	-0.91024550038	
0.895150196955	0.424066791494	-0.137380789208	
0.369340442349	0.440448288301	0.818286589758	
0.262287723534	0.795338120865	-0.546481860249	
-0.891511518562	0.416464378827	0.178226354504	
-0.427722151987	-0.896383160287	0.116408722411	
0.223315060221	-0.229582128999	-0.947323825269	
0.875890486635	-0.379195564318	0.298373221694	
-0.770524671841	-0.622668819859	0.136291125392	
0.627104962731	-0.778828628538	-0.0128581914678	
0.114153825178	0.0755612873485	0.990585380496	
-0.58396563175	0.777895847033	-0.232082295973	
-0.755905975939	-0.625307137695	-0.193899817139	
-0.295956578698	0.0622015652237	0.953173997132	
0.0327556226193	0.860971030615	0.507598220671	
-0.742075509451	-0.319259673106	0.589404105348	
0.669515502031	-0.395982506646	0.628447966796	
0.989727639065	-0.0599429797584	0.12979229426	
0.139758439371	0.214444509748	-0.966685642214	
0.0301127729724	0.974895066875	0.220619195646	
-0.766254057663	0.0310287710494	0.641788075989	
0.105634809751	0.991325933953	0.0781932199116	
-0.633794924312	0.127711033347	-0.762885237685	
0.743134181339	-0.419854578782	-0.521031401359	
-0.552249688254	-0.824517578437	-0.123251956053	
-0.377851651246	0.379332170431	-0.844591755896	
0.0886129401098	0.885709998837	0.45570335176	
0.927056614764	0.0939899409878	-0.362948927557	
-0.364299025345	0.4546247782	-0.812774588173	
-0.414103375608	0.90658747474	0.0813482941097	
0.847877717784	0.416701425858	-0.327815950456	
-0.33109178485	-0.0667762857068	-0.941232786122	
-0.961830597226	0.178768918301	-0.20718005717	
0.261296858214	0.375123302404	-0.889385439436	
-0.0812764057227	-0.9095736264	-0.407516826683	
0.596716068963	-0.800710309349	-0.0528482123036	
0.730584680781	0.514852868605	0.448522628077	
-0.331927638572	-0.306250753783	0.892207665602	
-0.644002702147	-0.361381495923	0.674287723477	
0.170054963996	0.791720784004	0.586736320161	
-0.745883254168	0.49252575017	-0.448415606967	
-0.793939002928	0.435199162944	-0.424573371989	
0.473086625007	0.00355946864486	-0.881008726076	
-0.381903004529	-0.900327173174	-0.20871290419	
-0.97382810021	0.187101934667	-0.129041455682	
-0.14791133375	-0.0906189762776	0.984840311161	
0.172571922945	0.978151863047	0.115921802215	
-0.573103048967	0.694449255076	-0.435078300297	
0.520418144098	0.718537902541	0.461376460069	
0.633022788341	0.0379936144096	-0.773200255241	
0.933629618452	-0.346549630396	-0.0907694288921	
0.358232188449	0.901495282486	0.242849654755	
-0.00233124615707	-0.259248161666	0.965807929127	
0.997575409157	0.0199554397451	0.0666714591781	
-0.0692446116798	0.38046476305	0.922199407846	
-0.00696324620213	-0.924580090907	0.380924098345	
-0.852186048756	-0.511445455547	0.110464855525	
-0.408732955692	0.518881541388	-0.750799118898	
0.326674622885	-0.684971161442	-0.651228223249	
-0.343382220106	-0.460828434465	0.818367768734	
-0.796481142314	-0.318864976566	-0.513753750991	
0.49770115617	-0.828228398878	-0.257548594326	
0.438114874897	0.318898331033	0.840451789729	
0.306674514083	0.825841451063	-0.473219441821	
-0.844988815788	0.465069620777	0.264015433306	
0.155318614474	-0.961699810453	0.225853055265	
-0.411738584643	-0.27084408606	-0.870123450415	
0.897968521672	0.0421539514273	-0.438036046993	
0.0352519984687	0.998299944041	0.0464167893298	
-0.600318601277	0.0582851400158	-0.797634264193	
-0.798983650374	0.000253339813669	0.601352693728	
-0.995974193179	0.0885519116901	-0.0139271482189	
0.0134717854544	-0.00573792706555	-0.999892787848	
-0.0886223308098	-0.996055036195	0.00452187492377	
-0.564011647605	0.336386935797	-0.754145006475	
-0.135823983058	0.863036602362	0.486538455427	
0.814519924245	0.376844334451	-0.441073282573	
-0.832320600381	0.00360662628542	0.554282789222	
0.54596509166	-0.16737095038	0.820919657249	
0.0957315876255	0.985887395809	0.137337197856	
-0.929560958979	0.26935051472	-0.251727479155	
-0.0127448603749	0.658915798668	0.752108728044	
0.368448085998	0.702339142071	-0.609069566995	
-0.578132451815	0.527014692269	-0.622911215416	
0.168533554878	-0.669833556254	-0.723131694642	
-0.798347862174	-0.523047341116	0.298432856625	
0.30152459223	0.720185860814	0.624832174399	
-0.1044577749	-0.626435692808	0.772442163556	
0.947719100548	-0.298178887011	-0.113656754297	
-0.248122818007	-0.218799201553	0.943695913197	
-0.81039135602	0.580612108541	-0.0784565453217	
-0.530755044509	-0.784229869882	-0.321376094182	
0.948022106615	-0.233026496287	-0.216685803406	
-0.11846204277	0.37355763976	-0.920011648948	
0.295331728387	0.897860424456	0.326536105818	
0.999992804749	-0.000201564538789	-0.00378811599151	
0.000213412164201	0.999995086796	0.0031274333236	
0.00378746700007	-0.00312821925096	0.999987934596	
0.896375194042	-0.274771082968	-0.347868313404	
-0.404392106442	-0.828316984208	-0.387760232515	
-0.18159993324	0.488253853685	-0.853598054478	
0.865257167148	0.501323235537	-0.00224682208479	
-0.501324676144	0.865259244835	-9.11969502867e-05	
0.00189836443017	0.00120529616887	0.999997471734	
