-0.495001928329	-0.0899966810164	0.864218542012	
-0.815766771606	0.390586392778	-0.426575719093	
-0.299161603976	-0.916156573508	-0.266757319532	
-0.193429835464	0.688016109803	-0.699441728384	
-0.859103864922	0.22553054573	0.459430650064	
0.47384116329	0.689760687191	0.547452962707	
0.787362174986	0.286382795818	0.545935618604	
0.190024370634	0.729696204536	-0.656836499938	
-0.586473822064	0.620909287533	0.520115480147	
0.955095241534	0.0508140306818	-0.291909256252	
-0.159784828759	0.917986737915	-0.363000216956	
0.249523321752	0.393342450414	0.884884076365	
-0.611009557763	0.255960263208	-0.749100570004	
0.759243492015	-0.0783912182123	-0.64606821369	
-0.224090696273	-0.963503586172	-0.146438380483	
0.534966577396	0.56832116283	-0.625157433731	
-0.757658215584	0.650128731319	-0.0573294084362	
0.373851293199	0.504324983115	0.778390340369	
0.244311225151	-0.768286439837	0.591648520346	
-0.953669151103	-0.0798936537874	0.290055433182	
-0.175576694067	-0.635100740392	-0.752209993322	
0.946930838053	-0.0809267148783	0.311083356616	
-0.176501259903	-0.939743293507	0.292796597593	
0.268643431331	-0.332164731915	-0.904155571611	
-0.99456303671	-0.0969769108532	-0.0379452865492	
0.0857823117281	-0.556360015669	-0.826501620059	
0.0590403337094	-0.825262995491	0.561654010285	
-0.986000266338	-0.0142801500267	0.166131129223	
-0.0115306840842	0.999780324002	0.0175027729963	
-0.166344576425	0.0153421332683	-0.985948325644	
-0.864836246675	-0.497148009456	-0.0700151635775	
-0.272866601297	0.348383903987	0.89675664109	
-0.421428623059	0.794652447386	-0.436950115608	
0.892526744228	-0.441519294537	0.0919604446948	
6.9586571669e-05	0.204040743286	0.9789623947	
-0.450994463375	-0.873743719652	0.182142544109	
0.237733691314	-0.337915361462	-0.910656851126	
0.631505760859	0.76611921515	-0.119422871261	
0.738026534765	-0.546694207639	0.39552784645	
-0.496283287433	0.827774182688	0.261711293393	
0.765560053331	0.275110463698	0.581577198236	
0.40941507466	0.488982755564	-0.770243572776	
-0.810634435455	-0.564643669001	0.155078493389	
0.581427593535	-0.807562316837	0.0989194515771	
0.0693813053384	0.170354429005	0.982937232476	
-0.0106883643992	0.480932437117	0.87669250584	
0.519678229669	0.751711424117	-0.406035063091	
-0.854295204525	0.451258158686	-0.257964683135	
0.677169520229	0.729471422883	0.0965032852834	
-0.72511596826	0.639252618968	0.25605257608	
0.12509305915	-0.243367073246	0.961833766413	
-0.125921470219	-0.968775015362	-0.213585469891	
-0.940255039808	0.185201251214	-0.285693816286	
0.316329327526	0.164849829115	-0.934216404474	
0.0328020402246	0.857658613372	0.513172221643	
0.935587702677	-0.20695817875	0.286083838844	
0.351567456907	0.470733486335	-0.80920350227	
0.94588592249	0.0249018859046	-0.323542451176	
0.0728729765487	-0.987885185322	0.137012371374	
-0.3162109279	-0.153175574747	-0.936241364381	
0.83309450563	-0.538742170608	0.125341207497	
0.153653635387	0.00771988486546	-0.988094612732	
0.531360616739	0.842435325106	0.0892110867156	
0.138137531449	0.98847029647	-0.06200399505	
-0.6975216568	0.0526512601306	-0.714626743903	
-0.703122720939	0.141965903665	0.696752553993	
-0.444108875284	-0.853172064859	0.273614207669	
0.399945491805	0.0844972986856	0.912635639289	
-0.801754894266	0.51474035616	0.30369632079	
-0.228086884923	-0.181755132135	0.956525715738	
0.897587881437	-0.419897711838	0.134245695239	
0.377243115276	0.889185573171	0.258914365072	
0.122326130699	0.636665411354	-0.761376038324	
0.779027649677	-0.536906631378	-0.32380115846	
-0.614940841697	-0.553523642826	-0.561657669801	
-0.106667946286	-0.927420124796	-0.358488300168	
0.459832447432	-0.365684811348	0.809214890519	
-0.88157590117	-0.0785272619664	0.465464713598	
0.932565845539	0.0842904738668	-0.35102145198	
0.119345621083	0.845698537819	0.520144793167	
0.340701579778	-0.526962142042	0.778609873037	
-0.0529518687053	-0.0211375244596	0.998373329301	
-0.879480523537	0.474525546543	-0.0365993769986	
-0.472980029515	-0.879987903745	-0.0437170555159	
0.921697157422	-0.0488548454794	-0.384821457397	
-0.164283811742	0.849516385349	-0.501330968746	
0.351404580505	0.525295264682	0.774970777322	
-0.966796836596	0.190225200553	-0.170640703884	
-0.210197960633	-0.971710588556	0.107681704265	
-0.145329605013	0.139974659	0.979431672321	
0.168507144328	0.2796964753	0.945185285547	
-0.100288035583	-0.949056324069	0.298721280903	
0.980585362031	-0.145127445544	-0.131872560908	
-0.355081860908	0.858383624853	0.37026264278	
-0.23643730559	-0.465657700403	0.852795583115	
0.904441414675	0.215268341007	0.368300514228	
0.614537494782	0.197269607858	-0.763824828952	
0.537763695241	-0.813165832807	0.222646662757	
-0.5771948333	-0.547581984886	-0.605805327015	
-0.372882514189	0.78675399149	-0.491911361412	
0.0939042512935	0.559421728432	0.823546793659	
0.923114631127	0.260893630876	-0.282478125113	
0.728429483721	0.488485767999	-0.480387491207	
-0.31170024523	-0.388114833956	-0.867300312918	
-0.610109370826	0.781504017984	-0.130453154446	
-0.990223192718	-0.139488889969	0.000937111262896	
0.0368154125449	-0.267818419103	-0.962765765796	
0.134546103628	-0.953318490309	0.270335351063	
0.705401582755	0.288276655135	0.647537780482	
0.633533395562	-0.666121390136	-0.393595897224	
0.317874257774	0.687879977691	-0.652515971097	
-0.501774278052	-0.851766229025	-0.150721149736	
0.397224174611	-0.0721143004274	-0.914883863	
0.768398027711	-0.518935274159	0.37452723832	
0.373851341193	-0.424193995077	-0.824799750987	
0.876117291783	-0.130338585652	0.464144744803	
-0.304390646582	-0.896142459451	0.322916439102	
0.721432549298	0.563550787069	0.402424635437	
0.670768021167	-0.71309078724	-0.203891615652	
0.172062019611	0.417027624441	-0.892458750789	
0.609527348403	-0.731734801194	-0.305025560027	
-0.792594179791	-0.554494302837	-0.253634647244	
0.0164583629223	0.396358737563	-0.91794818669	
0.496801679769	-0.783750603173	-0.372723869647	
-0.843872448015	-0.335964717356	-0.418338379992	
0.202650888131	0.522362614204	-0.828293376058	
0.631809223552	0.0552932551279	-0.773149248834	
-0.686732362387	-0.42264105889	-0.591416264394	
-0.359465947601	0.904608860932	-0.22905685154	
-0.193949254451	0.322384377547	0.926526847863	
-0.600420286933	0.707893961617	-0.371996798569	
-0.775808717235	-0.628454017585	0.0562706143835	
0.881574226934	0.351581272699	-0.314988080875	
0.457142972927	-0.469527041324	0.755357306028	
0.11767406133	-0.809898120848	-0.574645846707	
-0.243719307286	0.629344217799	-0.737920561293	
0.785285447209	0.574563090687	0.230659968833	
0.569146436041	-0.523261990157	-0.634246973977	
0.0914947519382	0.875543157474	0.47439739646	
-0.00398279094335	-0.476070054353	0.879398340188	
0.995797593763	-0.0823497586445	-0.0400708061701	
-0.0127956268726	0.963641147662	0.266893256688	
-0.735997612215	0.171603179612	-0.654873929516	
-0.676863196478	-0.20481232209	0.707041813455	
0.0957408782689	0.994760406569	-0.0358527230654	
-0.540415186117	0.0216971129018	-0.841118696681	
-0.835933676102	0.0999047987568	0.539660930903	
-0.415856790409	0.544413342913	-0.728475972102	
0.304914269643	0.838126423559	0.452295684591	
0.85679076678	-0.0340324872758	-0.514539961297	
-0.0568433152409	-0.950661096452	-0.304979207823	
-0.998042807425	0.0461326975476	0.042217635705	
-0.0260651502961	0.306782095157	-0.951422805082	
0.48379903636	-0.22009956752	0.847050572749	
0.0617969907149	0.974035117843	0.217799727152	
-0.872994630199	-0.0530261217366	0.484838742324	
-0.79282798958	-0.392624730238	-0.46612187263	
-0.386599822206	-0.267247676706	0.882677323128	
-0.471130933403	0.880013920629	0.0600927873391	
-0.691522824938	-0.352877047124	-0.630296733454	
-0.111870202486	-0.809714151779	0.576062540185	
-0.713639433037	0.468871818328	0.520459390916	
0.0766969102934	0.664251455918	-0.743564111064	
-0.253570983619	-0.708245367081	-0.658855262007	
-0.964271403816	0.239078445953	0.114114663662	
-0.884547115486	-0.466365000924	-0.00894910039817	
0.449249801411	-0.846609302427	-0.285354700286	
0.125503053417	-0.256430058605	0.958380200456	
0.495090879771	-0.554312793838	-0.66904584847	
-0.865475522871	-0.246926431674	-0.435866328881	
0.0764011785128	0.794836249758	-0.601995179377	
-0.589124082973	-0.478563055026	-0.651083878794	
-0.130827716949	-0.738632581217	0.661291175234	
-0.797381291064	0.474762374593	0.372536930158	
-0.354128454163	0.935120095693	-0.0119768352796	
-0.899746055153	-0.344169167561	-0.268336766652	
-0.255049160337	-0.0842495740734	0.963250712473	
0.640138300006	-0.529046628301	-0.557075059529	
0.391537300529	-0.399217992983	0.829049779189	
-0.661000377579	-0.74882218127	-0.048413238661	
0.746078025408	-0.475250705925	0.466373612591	
-0.551772334937	-0.833321243478	0.0335111260094	
0.372712852478	-0.282333971895	-0.883952859553	
-0.671140742118	-0.64176994817	-0.37108144375	
-0.416168230984	-0.0880777024361	0.905011779953	
-0.613493364096	0.761822585619	-0.207971729452	
-0.90420526284	0.0916058355714	0.417158499305	
0.184649739498	-0.796881402299	0.575225611715	
0.38511987271	0.597150233659	0.703629364143	
0.577781837298	-0.35462026863	0.735127617196	
0.175172423129	-0.82581451489	-0.536045715561	
0.797171732228	0.438491564426	-0.415020935934	
-0.458383744542	0.423530377306	0.781349065552	
-0.474950250327	-0.859820408975	0.187432985421	
0.75120343613	-0.285185700569	0.595283557422	
0.753217911819	0.215615584042	-0.621427950155	
0.111742834353	0.889071656721	0.443920182224	
0.648210086535	-0.403808753165	0.645571200241	
-0.660626221264	-0.0533449038503	-0.748817278788	
0.513995473062	-0.759147347964	-0.399379465862	
-0.547157792095	-0.64872923883	0.528931682958	
-0.572619213335	-0.561283875379	-0.597551376669	
-0.380605653425	0.82757609603	-0.412622275043	
0.726117465085	-0.00884401036752	-0.687513789229	
0.590936309572	0.0736336223123	-0.803350712762	
0.54323037394	-0.772528656878	0.328786002031	
-0.596401742837	-0.630696094777	-0.496515253717	
0.90480174703	0.401963029365	0.140568565456	
0.417269721999	-0.902775402957	-0.104319465675	
0.0849692748786	0.153043441022	-0.984559763289	
0.663243393952	0.321987569928	0.675597665176	
0.745784578368	-0.208892685915	-0.632589288906	
-0.0625584770209	0.923410986822	-0.378680058056	
0.223929436042	0.794014460968	0.565151876443	
-0.208765772654	0.605496713814	-0.767978243005	
-0.951983434647	0.0539885666963	0.301351580093	
-0.257933429356	-0.365433800767	0.894387211043	
0.205029296027	0.883923955954	0.420287315845	
-0.944157472984	0.291781728946	-0.153068902333	
-0.189602436205	0.0853780451269	-0.978141863737	
0.11044177725	-0.988035515331	-0.107649590253	
-0.975629811979	-0.128438350402	0.177904637722	
0.555205444057	0.386423969871	-0.736494012466	
-0.819775459744	0.104759376663	-0.563021907747	
-0.140410507054	0.916352545973	0.374943863796	
0.204380223968	0.32220457101	0.924344599417	
0.886759365873	0.338990893049	-0.314233991584	
-0.414592029696	0.883894444405	-0.216434886425	
-0.479866372968	0.137765987139	0.866457614014	
-0.586806549933	-0.784577250035	-0.200241383544	
0.652216480205	-0.604532109581	0.457334222899	
0.15552931091	0.78202813434	0.603525169773	
0.485708562106	0.471464665157	-0.736076261134	
-0.860173137307	0.407618776076	-0.306511186166	
0.211623852983	0.352179416079	0.911693481242	
0.531839017838	0.741120982459	-0.409740098678	
-0.819977197216	0.571584944036	-0.0304638769158	
0.242829444469	0.786709596721	-0.567557813201	
0.272238270159	-0.616823949448	-0.73852186132	
-0.931085487568	0.0248238960314	-0.363955476709	
0.942143105852	0.290932789357	-0.166506697082	
0.332072428059	-0.87785198181	0.345114184808	
-0.0457632015852	-0.380439233137	-0.923672950384	
0.729826942617	0.0182169438016	0.683389183986	
0.609907967102	-0.468912943131	-0.638852818284	
0.308812087679	0.883056507095	-0.3533359588	
0.60099561085	0.384652681758	0.700604446286	
0.0168112055721	-0.882464621538	0.470078264868	
0.799075502757	-0.270736968571	-0.536823839582	
-0.752229437334	-0.200229797118	0.627741110613	
0.522225302703	0.399769711812	0.753302668743	
-0.401785523413	0.89447873416	-0.196153478969	
-0.791891827787	0.348617158993	-0.50137152845	
-0.377837843277	-0.924718148633	-0.0462050838779	
-0.479735236638	0.152847708665	0.863997500392	
0.0236523811507	0.903069775961	-0.428842097528	
-0.965437558611	-0.0907390921361	-0.24432915827	
-0.259559020819	0.419799234045	0.869711284167	
-0.616803852902	-0.655923923764	-0.435105519708	
0.568965192679	0.0104361747086	-0.822295382315	
0.543904050881	-0.754754855891	0.366760808897	
0.994230071943	0.00501797860208	0.107151219938	
-0.105425855112	-0.138650147407	0.984713930895	
0.0197978058736	-0.990328711345	-0.137321121346	
-0.436735315777	-0.875234202008	0.20791189381	
-0.898823256944	0.415008205687	-0.141013977991	
0.0371351145078	-0.248461829759	-0.967929595799	
0.112677981522	-0.0113068190646	0.993567223857	
-0.988217854495	0.102963506476	0.113243050078	
-0.103581583966	-0.994620868561	0.000428119603024	
0.387581098625	-0.836665274737	-0.387004018115	
-0.369025019718	0.243892936776	-0.896848242577	
0.844749327795	0.490415592574	-0.214222127125	
0.442515096992	0.456551810636	0.771842492442	
0.200699101188	0.788446976798	-0.581438935367	
-0.874013878446	0.412203601371	0.25727015237	
-0.446694596114	-0.880238498749	0.160137825396	
0.209314393066	-0.276838184948	-0.93784225977	
0.869857127727	-0.385409917717	0.307908708334	
-0.775814105494	-0.61485010904	0.141675040603	
0.624611472457	-0.780171286544	0.0345437711825	
0.0892915572199	0.115291400662	0.98931032075	
-0.625779589569	0.731828237238	-0.269865404341	
-0.727422138812	-0.672430582305	-0.136726529786	
-0.281526086262	0.110745397924	0.953141395383	
0.0141006394265	0.836935205987	0.54712030939	
-0.722868144066	-0.369516418705	0.583882918573	
0.690842108055	-0.403728965132	0.599783381273	
0.992859471025	-0.0851992930441	0.0834934204623	
0.101299378896	0.232553278384	-0.967293858426	
0.0629960842518	0.968844700237	0.239523360429	
-0.747486516257	-0.0496274575658	0.66242057899	
0.0963653524315	0.978555451644	0.182052044508	
-0.657250048965	0.199915841079	-0.726674638075	
0.721038108693	-0.340235776051	-0.603608865498	
-0.572261966157	-0.783577529715	-0.241914234834	
-0.390666466314	0.51985177851	-0.7596932542	
0.0380957868789	0.857844849672	0.512494804767	
0.908106717135	0.184301800266	-0.375998719031	
-0.417002279749	0.479723941773	-0.771993548142	
-0.381474471938	0.913378195033	0.142188255834	
0.836228598378	0.406544488899	-0.368026235206	
-0.393952990233	-0.0214907278525	-0.918879312044	
-0.975411018148	0.117585376161	-0.186405539051	
0.218794480368	0.414927834832	-0.88315563025	
-0.0265013402719	-0.902224235539	-0.430452213107	
0.595102208345	-0.796845913046	-0.104354935121	
0.731458731712	0.483270072987	0.481059414582	
-0.33289861133	-0.362610848455	0.870454988588	
-0.654510820296	-0.388531734621	0.64858205133	
0.188614578878	0.746819118274	0.637719174257	
-0.732147612678	0.539726130341	-0.415518444208	
-0.809836437744	0.413013236125	-0.416635345222	
0.467382107623	0.0249907870222	-0.883702113859	
-0.354568624637	-0.910382077674	-0.213273446715	
-0.977883154061	0.163303250218	-0.130677409955	
-0.141832154278	-0.0585756301356	0.988156129145	
0.15371459598	0.984835490842	0.0804417737272	
-0.619661795606	0.626918231528	-0.472221124098	
0.466134135461	0.77801132541	0.421209384145	
0.631457224857	0.0408889778773	-0.774331882764	
0.943018899742	-0.330092101227	-0.0418874615713	
0.332169432388	0.926551301636	0.176539382642	
-0.0194633737246	-0.180393708714	0.983401894924	
0.996981190692	-0.0263781845928	0.073025316054	
-0.0566769051877	0.395587505295	0.916677835487	
-0.0530681997578	-0.918049408818	0.392898268185	
-0.840628144708	-0.532924404741	0.0966224671356	
-0.403465149542	0.497150074094	-0.768152118355	
0.36133114373	-0.684714088259	-0.632934769081	
-0.345251361266	-0.410502049306	0.843972490701	
-0.749431347787	-0.420727417486	-0.511215311909	
0.564937299617	-0.808997223537	-0.162386390472	
0.394893000441	0.403744126381	0.825257655896	
0.232281047329	0.825202364477	-0.514865587036	
-0.888878525589	0.395008529117	0.232084529151	
0.218378485034	-0.942796001464	0.251885960106	
-0.376013120594	-0.319478395248	-0.869797498336	
0.900513725834	0.0952326340793	-0.424270874549	
0.0446890631958	0.998533643716	0.0305524139551	
-0.578084461186	0.0507902532199	-0.814394686815	
-0.81475225889	0.0187326598663	0.579506552239	
-0.99891956972	0.0237333485737	-0.0399552423984	
0.0393754164866	-0.0244155376573	-0.998926152474	
-0.0246833913014	-0.999420136722	0.0234546478864	
-0.64203131716	0.305093305392	-0.703358985718	
-0.126665615643	0.862592928618	0.489784913316	
0.756142585495	0.403548651966	-0.515166842778	
-0.815106938035	-0.0462088072789	0.577464653201	
0.577012852918	-0.153451566821	0.802189992587	
0.0515446130492	0.987075155583	0.151742512486	
-0.951795171582	0.206217465984	-0.227068950048	
-0.0399157493433	0.650714140564	0.758272932541	
0.304126099352	0.730784143228	-0.611115252386	
-0.600116092008	0.515202797542	-0.611904202892	
0.196277968169	-0.646735637345	-0.73702644091	
-0.775458338871	-0.562404741083	0.286993504949	
0.274847801145	0.762754615162	0.585375164536	
-0.105926695977	-0.581095044811	0.806912686711	
0.955634983289	-0.283785034744	-0.0789166190973	
-0.206874046661	-0.240548920381	0.94833503875	
-0.833350370654	0.551147897239	-0.0419899404593	
-0.512572227641	-0.798981984949	-0.314479727771	
0.958586998199	-0.155125339915	-0.238845338661	
-0.162455228899	0.390992525297	-0.905943234295	
0.233921494282	0.907227079665	0.349599428539	
0.995543937608	0.0698553099067	-0.0633443286294	
-0.0611899129402	0.989662997342	0.129703300829	
0.0717500024113	-0.125249300874	0.989527437611	
0.899278758153	-0.165350819009	-0.40491582062	
-0.361901468967	-0.801188259795	-0.476576016105	
-0.245611567103	0.575114318219	-0.780332287609	
0.818890336888	0.573490027195	-0.0229740039905	
-0.573724150467	0.819034898261	-0.00473651784632	
0.0161001652725	0.0170594296171	0.999724842414	
