-0.513828768283	-0.0709601575027	0.85495301212	
-0.775303566396	0.465045078786	-0.427361035461	
-0.367266084493	-0.88243851386	-0.293969203213	
-0.144371962593	0.709863393377	-0.689384289899	
-0.85904089116	0.255869964701	0.443372651928	
0.491126749151	0.656219874666	0.572861233077	
0.777212560746	0.258420867231	0.573724054576	
0.216014103992	0.746788049055	-0.629003590344	
-0.59099792072	0.612801978757	0.524590499853	
0.949988726399	0.0884410424384	-0.299498917739	
-0.187257929633	0.928835298107	-0.31968649765	
0.249911759436	0.359782116012	0.898944348385	
-0.60824261945	0.38736626564	-0.692811873548	
0.733903649589	-0.0580392047372	-0.676769446587	
-0.302367903397	-0.920097183431	-0.248987598161	
0.593312142745	0.534058583348	-0.602297377401	
-0.685560176376	0.727382612118	-0.0303608325934	
0.421886176401	0.430924546923	0.797694232786	
0.228793642285	-0.816642027566	0.529857780977	
-0.948730415781	-0.0651139785869	0.30930691548	
-0.218091878394	-0.573459648628	-0.789670794682	
0.947346706355	-0.116111144084	0.298416521289	
-0.198864719143	-0.943771498797	0.26409881018	
0.250972192561	-0.30953765567	-0.917169230995	
-0.994726002405	-0.0990827055994	-0.0265103298735	
0.0755903794053	-0.533480316558	-0.842427947297	
0.0693273011177	-0.839988910222	0.538156441961	
-0.985990693887	0.063936869414	0.154059820518	
0.074213143384	0.995319629688	0.0618970444083	
-0.149381260263	0.0724631733155	-0.986120848373	
-0.890090151992	-0.454911965486	-0.0281890933487	
-0.220378626826	0.375410726819	0.900277761042	
-0.398964637737	0.807540642845	-0.434402265174	
0.893002527446	-0.446869612642	0.0534231716701	
0.0354040123116	0.188089409492	0.981513591322	
-0.448656931169	-0.874602723146	0.18378529533	
0.194695843961	-0.371736215986	-0.907692521765	
0.682308522085	0.716145440709	-0.146938042869	
0.704662053068	-0.590718116767	0.393069329113	
-0.444473040052	0.863124685128	0.239707101668	
0.801097981213	0.263247939115	0.537533763636	
0.400856259979	0.430948141283	-0.808454054576	
-0.839684562702	-0.489759826456	0.234659641926	
0.523190671277	-0.845377187773	0.107744753379	
0.145606856459	0.213243341706	0.966087946602	
-0.011023147704	0.511773834528	0.859049493631	
0.593125001997	0.69499531982	-0.406428637567	
-0.805034919877	0.505043609722	-0.31120689269	
0.733450585733	0.667722282844	0.127268186445	
-0.679178420724	0.712254289272	0.177230077122	
0.027693160001	-0.216427309752	0.975905891202	
-0.213579914565	-0.962362949862	-0.168051101833	
-0.920488171163	0.255862776879	-0.295357014741	
0.327238669541	0.091606725413	-0.94049086174	
0.111966392964	0.869249083055	0.481528356854	
0.922643466148	-0.270898496661	0.27448686468	
0.369042763405	0.413545688062	-0.832338514466	
0.921196334688	-0.0529118826371	-0.385483651578	
-0.00710670623928	-0.992833498211	0.119294340001	
-0.389033170417	-0.107153989686	-0.914970608714	
0.815961025557	-0.566168306069	0.116880511528	
0.132379008271	-0.0138200838139	-0.991102821837	
0.562746304245	0.824173801141	0.0636721491097	
0.207426599814	0.976955060943	-0.0503290630525	
-0.665020363701	0.103091467064	-0.739675648701	
-0.717441371509	0.186898256591	0.671078922431	
-0.503426934236	-0.843427500934	0.187593636764	
0.352802584722	-0.00246610850057	0.935694530561	
-0.788727873286	0.53723734883	0.298804907797	
-0.292735835283	-0.174371388346	0.940159746887	
0.866646302407	-0.463825681164	0.183820358005	
0.404017223972	0.868596774354	0.286896717157	
0.161030228237	0.638542248395	-0.752551036548	
0.750337701498	-0.574543310876	-0.326945435261	
-0.641141637475	-0.512019316962	-0.571641163452	
-0.214931162234	-0.912147851087	-0.348985520128	
0.431783435045	-0.409266600347	0.803781011881	
-0.875995240125	0.022071420403	0.481814478487	
0.945875953497	-0.00747102164836	-0.324442390004	
0.186204717245	0.831293232084	0.523716875389	
0.265794062898	-0.555783902365	0.787691418006	
-0.0791421195738	-0.0255850653364	0.996534961424	
-0.846870439178	0.529083856269	-0.0536724536523	
-0.525877347064	-0.848183752183	-0.0635400533353	
0.922470138526	-0.106246565702	-0.371161030826	
-0.105850168927	0.854942845045	-0.507807516136	
0.371274272292	0.507724727566	0.777413027774	
-0.960793368972	0.258007282074	-0.101530017903	
-0.264995809102	-0.962221636399	0.0625039487063	
-0.081567906046	0.0869584086941	0.992867016201	
0.206781641407	0.243937488887	0.947489237032	
-0.15528075252	-0.947962430982	0.27794804792	
0.965986149318	-0.204601395306	-0.158142430629	
-0.335209324034	0.841539748485	0.423610151909	
-0.242705050758	-0.511580660047	0.824244797741	
0.910345520897	0.173482218069	0.375732554614	
0.636718296727	0.18810454205	-0.747801104487	
0.492092674429	-0.845757630151	0.206249438338	
-0.593662033809	-0.499310236527	-0.631074224884	
-0.328323167358	0.811869877192	-0.482774481807	
0.0891187406521	0.535452740284	0.839850113405	
0.940351927653	0.232717995502	-0.24815436069	
0.763334642569	0.499833649336	-0.409251202132	
-0.266918390469	-0.332873069802	-0.904405933323	
-0.588281222107	0.799601052021	-0.120678752575	
-0.991161842999	-0.071838441137	0.111523268233	
-0.0870019488111	-0.282617748262	-0.955278948408	
0.100144205451	-0.956538784756	0.273869843853	
0.744192533925	0.24966121564	0.619553669875	
0.609577092448	-0.633084460218	-0.477095204957	
0.273117631823	0.732716414198	-0.623324486565	
-0.497613870169	-0.858118572187	-0.126542294444	
0.394381240002	-0.0938943955251	-0.914137451384	
0.772556712319	-0.504793382045	0.385149020113	
0.383196292683	-0.455668422586	-0.803446880591	
0.874213025605	-0.101887310803	0.474732094723	
-0.29818146679	-0.88429930711	0.35930843061	
0.721746057179	0.585723388117	0.368796341575	
0.67020497904	-0.724518271695	-0.160930295622	
0.172939050003	0.363319950722	-0.915472937007	
0.617648758948	-0.741404510507	-0.262353506495	
-0.779906818812	-0.534466080317	-0.325716691255	
0.10126877377	0.405789798777	-0.908338744449	
0.471506405334	-0.81028922816	-0.348013040641	
-0.842097857092	-0.296535343459	-0.45048639176	
0.261826104141	0.505468254995	-0.822161136507	
0.645689965443	0.0280704587811	-0.763083558904	
-0.697306195734	-0.38559911813	-0.604216343281	
-0.311204977332	0.9222393233	-0.229403776435	
-0.163098015301	0.350293108417	0.922330621632	
-0.56562277571	0.732765942773	-0.378318580972	
-0.80837485921	-0.583394216038	0.0786210893484	
0.890305674795	0.319126389581	-0.324829421238	
0.448387161114	-0.48999594402	0.747564665157	
0.0794025136653	-0.811210405701	-0.579338345448	
-0.231128938976	0.627420502786	-0.743587873927	
0.796014947163	0.561394708715	0.226265739607	
0.559410061995	-0.539610501853	-0.629190661746	
0.114304507634	0.880546911545	0.459969146904	
-0.0666069626063	-0.455169186494	0.887910200526	
0.991210367211	-0.132129286062	0.00662266545818	
0.0619397681977	0.968722446407	0.240292086727	
-0.684893201044	0.216378917077	-0.695774005987	
-0.726006038734	-0.121478335815	0.67687387721	
0.146308982174	0.98381393851	-0.103459248642	
-0.51289522894	-0.013988160119	-0.858337238798	
-0.845891344007	0.178646202788	0.502546881756	
-0.396209248698	0.526190577021	-0.752423888443	
0.343728125134	0.844903487676	0.409864700242	
0.851392510677	-0.0962370675296	-0.515625076578	
-0.114403246142	-0.962511690976	-0.245933206391	
-0.993377410278	0.113487380133	0.0179425555776	
0.0106403957715	0.246357178268	-0.969120695628	
0.469012834486	-0.232467437468	0.852048033625	
0.177330798051	0.969878211476	0.167003122626	
-0.86520561091	0.0727677498697	0.496108965278	
-0.811934203395	-0.375927125469	-0.446588900102	
-0.37120590766	-0.257936374438	0.89200616638	
-0.450520835785	0.890026754136	0.0698809948824	
-0.702046004376	-0.327558994652	-0.632326270814	
-0.141436844438	-0.806110285011	0.574614503329	
-0.697944859408	0.492840048518	0.519597594108	
0.0628279568338	0.671464082389	-0.738368900957	
-0.321848205906	-0.686673162307	-0.651838707445	
-0.944704387729	0.278596400244	0.172967238447	
-0.900602775144	-0.434594052605	-0.00653076127809	
0.418668392049	-0.863368226792	-0.281624009037	
0.116753667614	-0.256365587409	0.959502614218	
0.485223333323	-0.542218452812	-0.685971913586	
-0.868990748329	-0.211983934132	-0.447121785411	
0.0970226577585	0.813057169638	-0.574042370197	
-0.592567085044	-0.435034068491	-0.677945137142	
-0.186191357621	-0.744859685094	0.640715871404	
-0.783707233646	0.505894661737	0.360379748539	
-0.341972664303	0.937592981279	-0.0630404499177	
-0.8916361258	-0.344929226101	-0.293272651553	
-0.296714873301	-0.0440820874854	0.953948139851	
0.644599563798	-0.546882472475	-0.534238676671	
0.358248397281	-0.401252790464	0.843003134033	
-0.675388398032	-0.734789602162	-0.062727604441	
0.760628185116	-0.517955687326	0.39136513638	
-0.5823416214	-0.810821655642	0.0587067178973	
0.286919849421	-0.272562192367	-0.918360959155	
-0.692941178831	-0.625257172928	-0.359006950327	
-0.35004820522	-0.143553602869	0.92566657989	
-0.63031640999	0.767102229697	-0.119395948387	
-0.896026529073	0.0998752293648	0.432621541022	
0.190572242723	-0.793543224767	0.577902561622	
0.401022043659	0.600261683756	0.692002334905	
0.567744878451	-0.381275315365	0.729585421241	
0.147313770831	-0.824911888146	-0.545727981432	
0.809916295624	0.417312246032	-0.412172395237	
-0.442484303107	0.404881619542	0.800174053354	
-0.46771371295	-0.865503191103	0.179298937278	
0.765148040723	-0.294915412191	0.572340261933	
0.806294170889	0.171155103412	-0.566211657039	
0.133065072613	0.88020573224	0.455556314172	
0.576353534249	-0.442655395887	0.686929984824	
-0.626672046098	-0.0293451216646	-0.778730383685	
0.52652555852	-0.752640502791	-0.395351880968	
-0.574502378467	-0.65777742238	0.487109720435	
-0.591079096393	-0.515064858302	-0.620752521984	
-0.379831680235	0.856646050945	-0.349120950517	
0.711585129481	0.0294233774715	-0.70198352428	
0.569165013795	0.0420810316703	-0.821145768939	
0.489852524341	-0.819460083807	0.297539367889	
-0.660375417069	-0.571589326196	-0.487021509495	
0.927751567477	0.339245997619	0.155528718065	
0.356663471251	-0.928656352481	-0.101924223184	
0.109855347248	0.150031770288	-0.982559041781	
0.687189897587	0.300436891494	0.661443662668	
0.726417340795	-0.272416024549	-0.630957491881	
-0.00937505447848	0.914071760748	-0.405444107807	
0.211924301654	0.79426334972	0.56941533318	
-0.164554776489	0.603331633758	-0.780328562365	
-0.96333266108	0.0716705727587	0.258560463136	
-0.311031087125	-0.261561411787	0.913698687044	
0.277184480513	0.894622265704	0.350456510097	
-0.909081089125	0.362265965239	-0.20575457182	
-0.167733034003	-0.0355214428978	-0.985192294123	
0.0749759138052	-0.996915913076	0.0231791847305	
-0.982977233538	-0.0699777775451	0.169878983387	
0.557417296616	0.295869084021	-0.775723818478	
-0.829486081803	0.158857362328	-0.535459782364	
-0.0351965556397	0.941926655083	0.333969128687	
0.178382038103	0.382034975919	0.906768507204	
0.881663753898	0.347093993077	-0.319679190803	
-0.436862533922	0.856489951572	-0.274911057091	
-0.465567277779	0.19184551688	0.863968985273	
-0.630816507514	-0.756648042065	-0.171913566328	
0.620739594121	-0.625043228979	0.473289888121	
0.174602630545	0.81119499816	0.558100883682	
0.454033194689	0.436620941234	-0.776669821608	
-0.873709207647	0.389004921094	-0.29207429164	
0.258944066645	0.366207080335	0.893778688861	
0.526611251485	0.722187697111	-0.448470199624	
-0.809708935457	0.586802611151	-0.00584254970664	
0.281349970357	0.769666732911	-0.573110211417	
0.247057990336	-0.635200578743	-0.731766748476	
-0.927256460528	0.0642910959184	-0.368865980262	
0.949650969328	0.234393983171	-0.207900209496	
0.296905759376	-0.885154031313	0.35825872062	
-0.100050020014	-0.401947510881	-0.910180307407	
0.753299273825	-0.0353518378153	0.656727075441	
0.562358198695	-0.483145939657	-0.671061291801	
0.341018269914	0.874825838985	-0.344073089661	
0.608348204476	0.335465660254	0.719288018044	
0.0371272531361	-0.917317081112	0.396422678179	
0.792801380666	-0.21445783616	-0.570503117716	
-0.73909345381	-0.205690094493	0.641430005194	
0.526393183852	0.41778859367	0.740515298285	
-0.420298801485	0.88495439206	-0.200510950931	
-0.762105544387	0.400061419131	-0.509063846818	
-0.450281413298	-0.892470238668	-0.0272675985358	
-0.465233047034	0.208441200378	0.860296738302	
0.0352181669222	0.925971721562	-0.375946873355	
-0.982603928481	-0.0365531333114	-0.182080718857	
-0.182343632883	0.375819423809	0.908576116919	
-0.634800800902	-0.626775526643	-0.451863234149	
0.556908483685	0.0342400029429	-0.829867798507	
0.53561262492	-0.778447211698	0.327321026862	
0.99080528449	-0.00242265853522	0.135273866477	
-0.134200532195	-0.144548961362	0.980354943338	
0.0171786316277	-0.989494683409	-0.143544996849	
-0.474067712188	-0.851817018909	0.222862223261	
-0.880007665087	0.450017369067	-0.151891003439	
0.0290914703723	-0.26812708523	-0.962944210491	
0.106858956615	-0.0583937378987	0.992557975519	
-0.982617721032	0.146209516993	0.114390521697	
-0.15180111233	-0.987528707692	-0.0417549252236	
0.345851029162	-0.852750010076	-0.391413446299	
-0.291294705097	0.298962179074	-0.908718333845	
0.891927385166	0.428297835389	-0.145005185393	
0.379509789676	0.440825941413	0.813415520455	
0.257027731591	0.794345492133	-0.550410741466	
-0.888768285175	0.417956610793	0.188157398902	
-0.434020194718	-0.892819280358	0.12041678952	
0.217446291248	-0.233527702919	-0.94772460261	
0.874267453929	-0.385147432279	0.295495980361	
-0.77241683423	-0.620034156122	0.137585898404	
0.624946151448	-0.780611811146	-0.0093545758084	
0.113201333858	0.0787581458696	0.990445663564	
-0.586845997904	0.774473188197	-0.236226703629	
-0.754263792398	-0.628978999288	-0.18833892304	
-0.294445081842	0.0676513061097	0.953270892538	
0.0344400082652	0.857927549674	0.512615065464	
-0.739310341378	-0.32326419336	0.590694913152	
0.672483535087	-0.399325156735	0.623141488136	
0.990235418799	-0.0646018298709	0.123533068173	
0.13482497985	0.218526229881	-0.966472199115	
0.0354406569286	0.973690346276	0.225102353176	
-0.763611287137	0.0284739093243	0.64504809018	
0.110702446358	0.990007644277	0.0873489132317	
-0.63611537517	0.138109017665	-0.759133142941	
0.738866254178	-0.416482285637	-0.529734994302	
-0.557659660584	-0.819226056773	-0.133732460014	
-0.378275509906	0.394222238914	-0.83755385794	
0.0860024038229	0.883551002461	0.460370733852	
0.924568247708	0.101376171027	-0.367282489751	
-0.371183434257	0.457231339694	-0.808184607707	
-0.40859488307	0.908468004932	0.0879551337039	
0.848916966172	0.413661379486	-0.328974539542	
-0.335246485552	-0.0597507082539	-0.940233825592	
-0.963060485227	0.176903258213	-0.203026449083	
0.257366024497	0.382840592445	-0.887240559381	
-0.0792289797238	-0.906718433699	-0.414227535011	
0.592665043357	-0.803250690196	-0.0594682695438	
0.735083360298	0.509231943758	0.447588293937	
-0.329242463537	-0.30898407104	0.892260188537	
-0.645980030959	-0.362664105614	0.671702721523	
0.174902271631	0.786209097552	0.592692542812	
-0.743047101455	0.50034987901	-0.444444601266	
-0.794302155548	0.435699627631	-0.423379168328	
0.471984482327	0.0037818451033	-0.881598744379	
-0.382511090211	-0.90008418058	-0.208647390915	
-0.973365413831	0.191301169226	-0.126347274649	
-0.145779369832	-0.0911145779548	0.985112434708	
0.176941081973	0.977293198757	0.116575542775	
-0.574507023337	0.693082358258	-0.435406160738	
0.520740737375	0.719914135929	0.458860241606	
0.631482988349	0.0368847063326	-0.774511945592	
0.932479571489	-0.350500214997	-0.0873581595655	
0.361188510787	0.901386326672	0.238842102159	
-0.00497075760162	-0.254268144634	0.967120986327	
0.997773107945	0.011460916321	0.0657074764327	
-0.0651077350743	0.381289162339	0.92216026672	
-0.0144847469969	-0.924384780316	0.381186266836	
-0.852881784508	-0.51088448245	0.10765550263	
-0.40690952183	0.521226029302	-0.750165360053	
0.327134991555	-0.683608420055	-0.652427946467	
-0.341244211322	-0.451687725533	0.824336452453	
-0.797310859271	-0.325386563311	-0.508349267832	
0.497843129839	-0.830723650211	-0.249099247395	
0.439305724183	0.326763614219	0.836801064246	
0.301974218592	0.823580397682	-0.480132169158	
-0.846062676168	0.463617157768	0.263129395959	
0.156971439808	-0.960294917653	0.230637460562	
-0.408909049246	-0.275770448867	-0.869910368358	
0.898973501572	0.042241338306	-0.435961366188	
0.0393949551161	0.99803788682	0.0486663537084	
-0.597092912343	0.0625650780339	-0.799728494578	
-0.801204150976	0.00244693328009	0.598386096911	
-0.99604111074	0.0870024064269	-0.0182397091951	
0.0176155979286	-0.0079359277986	-0.999813338459	
-0.0871309154388	-0.996176491555	0.00637191092884	
-0.570898219992	0.335752134265	-0.749230089323	
-0.133283553217	0.862553567087	0.488095111989	
0.810130061689	0.378512679103	-0.447680058643	
-0.830547637068	0.00166088107255	0.556945117615	
0.548699898338	-0.169018143957	0.818755939568	
0.0954936863085	0.985611540358	0.13946629481	
-0.931438070368	0.265797727628	-0.248545144906	
-0.0137741669857	0.656762989953	0.753971251012	
0.363639097722	0.705701029485	-0.608072909766	
-0.57962779433	0.5288181635	-0.61998626597	
0.168244726639	-0.666775255175	-0.726019607893	
-0.797323856408	-0.525130563802	0.297510603111	
0.300108093587	0.723696861874	0.62144829574	
-0.106795377136	-0.621891926589	0.775786812898	
0.94790815989	-0.299187706563	-0.10934732121	
-0.245899456212	-0.22143832669	0.943662293889	
-0.812484643759	0.577996282663	-0.0760854840548	
-0.528585055683	-0.785420501833	-0.322044211575	
0.948824363055	-0.228434765027	-0.218059363937	
-0.120880301422	0.375199418578	-0.919028481075	
0.291753801692	0.898355694826	0.328385086099	
0.999893496938	0.00205512640374	-0.0144489182009	
-0.00185287271094	0.999900315946	0.013997322379	
0.014476244141	-0.0139690596151	0.999797631388	
0.894401054128	-0.266897792379	-0.358904336556	
-0.404659507034	-0.82468621868	-0.395149748938	
-0.190518864531	0.498656403892	-0.845602952405	
0.862122920565	0.506624954289	-0.00867326517175	
-0.506654103912	0.862148252247	-0.00141779314158	
0.00675935102355	0.00561665735755	0.999961381421	
