-0.50283861788	-0.0859324359997	0.860098215794	
-0.804420354249	0.410664436818	-0.429258213669	
-0.316324545424	-0.907728118313	-0.275623738431	
-0.179424594033	0.695435844436	-0.695827422088	
-0.856950454034	0.236892885023	0.457731013104	
0.483159119119	0.67841782649	0.553449652916	
0.790033508355	0.27497817192	0.547936183003	
0.19922716826	0.730102869891	-0.653650009411	
-0.579789264391	0.625569184298	0.522022609235	
0.953383111724	0.0488589765034	-0.297780863545	
-0.158688394449	0.920516620703	-0.357025411528	
0.256668338028	0.387636364941	0.885358352775	
-0.608823989582	0.281598306632	-0.741643946521	
0.754089777528	-0.0848681927387	-0.651264920972	
-0.246337080312	-0.955771826098	-0.160680612709	
0.550664632775	0.556417497781	-0.622228278346	
-0.736558462714	0.674627690741	-0.0485706690356	
0.392746856404	0.485053653784	0.781327626375	
0.238447481505	-0.783674140563	0.573583158728	
-0.952133461865	-0.0723226678025	0.297003876269	
-0.191271193233	-0.616947544881	-0.763407530422	
0.946491182216	-0.09688073322	0.307845034908	
-0.18867214257	-0.939998804389	0.284262326671	
0.261834422116	-0.327133567946	-0.907979275159	
-0.995360173899	-0.0894751121026	-0.0353882541337	
0.0790903001071	-0.551360572964	-0.830509628487	
0.0547982540358	-0.829455075875	0.555878969255	
-0.986611051974	0.0127080206342	0.162595013249	
0.0179562866778	0.999362742004	0.030849338132	
-0.162099364251	0.0333559006175	-0.986210515054	
-0.872234864034	-0.485452758245	-0.0595143804092	
-0.25965388426	0.356503732498	0.897488133127	
-0.414470990965	0.798273579813	-0.437004678946	
0.889920022652	-0.448035480514	0.0854784270078	
0.00906384313771	0.204738732891	0.978774692154	
-0.45602653435	-0.870256433159	0.186262021128	
0.227576298326	-0.344710650534	-0.910704999354	
0.644918785603	0.754080413641	-0.124267814575	
0.729581241821	-0.559050352984	0.393921203303	
-0.482656178135	0.837387907943	0.256562868201	
0.773637609139	0.270332814903	0.57306633029	
0.410521453074	0.475080688744	-0.778312582289	
-0.820451897697	-0.546321381937	0.1684981638	
0.565534677858	-0.818753819441	0.0990591302742	
0.083840394235	0.176564806202	0.980711811648	
-0.00657498476641	0.4885159964	0.872530166147	
0.54078825728	0.735682779346	-0.407822153593	
-0.841133063411	0.469172643528	-0.269020817414	
0.696734446444	0.710462931274	0.0990127992937	
-0.709891118896	0.663084307855	0.237431674358	
0.103032569853	-0.235715133078	0.966345003396	
-0.150303402217	-0.967562739233	-0.203054753529	
-0.935261203841	0.205732020949	-0.288029193219	
0.320461179977	0.146617465553	-0.93584611498	
0.0531353171471	0.86199785425	0.504119368147	
0.932619703867	-0.223280728792	0.283489336854	
0.356927339988	0.455088360013	-0.815780275901	
0.942378900044	0.00182503422721	-0.334542490578	
0.0496873260775	-0.989658069463	0.134566248273	
-0.33083708737	-0.143434914847	-0.932723563991	
0.826852034425	-0.548253297737	0.125435380523	
0.15151917252	0.00236596411106	-0.988451487212	
0.541625011909	0.836308988194	0.0850271882433	
0.160571286223	0.985459160837	-0.0555617166973	
-0.691078283858	0.0720562571865	-0.719179185864	
-0.704718147645	0.153877022722	0.69259959158	
-0.460787988514	-0.847783580807	0.262559383292	
0.392499708321	0.0706741840425	0.917032790405	
-0.796001512944	0.525612176251	0.300188993081	
-0.244337167436	-0.178246944637	0.95316702384	
0.890222795492	-0.430945211159	0.147613005406	
0.384451197156	0.884598356152	0.263975425557	
0.13544598748	0.633959015775	-0.761413390211	
0.771816847087	-0.549381532512	-0.320122923714	
-0.621251268834	-0.544312316645	-0.563711772912	
-0.134507699873	-0.924675670914	-0.356205814515	
0.453801255472	-0.377042693527	0.807405243846	
-0.880892785307	-0.0530444236186	0.470334125826	
0.935092893067	0.0607822174251	-0.34915154787	
0.139868904751	0.841919236052	0.521160905526	
0.325634719922	-0.536169303494	0.77877115199	
-0.0592184576278	-0.0216794864085	0.998009606239	
-0.870403827966	0.490629270371	-0.0409889657886	
-0.488764105206	-0.871098684951	-0.0479242166167	
0.922430856011	-0.0679981457828	-0.380128357333	
-0.144778643157	0.851675939237	-0.503673742625	
0.35799505634	0.51963866936	0.775767486391	
-0.963544252252	0.210156646752	-0.165579762585	
-0.22844119093	-0.968381136407	0.100262639791	
-0.139273458485	0.134432728445	0.98108651264	
0.181358894761	0.267973387254	0.946202523255	
-0.114969287242	-0.949782794868	0.291023548125	
0.976673443011	-0.161563938723	-0.141442848608	
-0.346381797969	0.855867407817	0.384071126579	
-0.239818281949	-0.476600942111	0.845776999937	
0.906921629293	0.200854480196	0.370338542561	
0.619888308077	0.192001813919	-0.760837557538	
0.523547120936	-0.823433637881	0.218758899626	
-0.584497132301	-0.533940396915	-0.610958881492	
-0.358349275189	0.795002137863	-0.489446011082	
0.0941761455832	0.55237199937	0.828260845335	
0.928825414475	0.250712534799	-0.272812342683	
0.739185295473	0.488411903664	-0.463744446128	
-0.303010499299	-0.373766786042	-0.876631636987	
-0.601489597808	0.788512651776	-0.128288977386	
-0.992475904932	-0.119131484336	0.02827132062	
0.00516025156006	-0.271391758417	-0.962455134158	
0.122331312155	-0.955067643103	0.269964529454	
0.717459113238	0.277052204942	0.639135741896	
0.62414165461	-0.663122522542	-0.413177582982	
0.309353545015	0.695349261763	-0.648683118596	
-0.50446221956	-0.851097373636	-0.145434279404	
0.395515915873	-0.0780528927228	-0.915136550592	
0.767518748518	-0.51917338773	0.375997292737	
0.374789057062	-0.430103063948	-0.821306591408	
0.874495867025	-0.130183481402	0.467235743202	
-0.307880076105	-0.893344063367	0.327332007577	
0.725100444635	0.5652563383	0.393337790203	
0.666746659898	-0.719144941827	-0.195651333139	
0.1722737261	0.404123526482	-0.898335092624	
0.607743080423	-0.737881692805	-0.293562524212	
-0.79301257125	-0.544260793838	-0.273699196437	
0.0421830539176	0.3991375649	-0.91592018989	
0.488739513156	-0.792762781514	-0.364226386368	
-0.844061421944	-0.32407261303	-0.42724379161	
0.220667179857	0.516240364298	-0.827527571748	
0.635689714923	0.0459253162029	-0.770577349571	
-0.691238780854	-0.410506050973	-0.594704741833	
-0.343638668058	0.91070063547	-0.229209114935	
-0.187276503081	0.331431282653	0.924705799848	
-0.589291277075	0.715249380562	-0.375704823458	
-0.785915582081	-0.615281747239	0.0613601609944	
0.886539260195	0.338536429578	-0.315343029069	
0.450435662926	-0.475969784263	0.755354537971	
0.105621274835	-0.811693199625	-0.574454781497	
-0.241129120359	0.630500178826	-0.737784705599	
0.789896419024	0.569179121968	0.228251559313	
0.563844299898	-0.527735399246	-0.635275494455	
0.104434464504	0.876723739831	0.469519889504	
-0.0200331559515	-0.470151195533	0.882358501971	
0.994329983097	-0.101554602823	-0.0315364449353	
0.00786855989694	0.966983782582	0.254716410912	
-0.722457361602	0.181611719726	-0.667137574961	
-0.691370701167	-0.178772334216	0.700033574971	
0.109010827845	0.99281794301	-0.0492866254646	
-0.527482750938	0.0157494116835	-0.849419745176	
-0.842542928802	0.118593794394	0.525411196166	
-0.39783006981	0.54232497373	-0.740010039407	
0.311209609157	0.838534447736	0.447223164795	
0.863064200812	-0.052379412265	-0.502370960991	
-0.0776271318028	-0.952149718945	-0.295609440176	
-0.996715617696	0.0672568761208	0.0451053218099	
-0.0230652519862	0.298139942523	-0.954243453644	
0.480867557019	-0.227914282094	0.846653100523	
0.0914192986728	0.973394315706	0.210109538052	
-0.87201427995	-0.0236344276006	0.488909510436	
-0.800988811929	-0.381203047187	-0.461628811904	
-0.385791423855	-0.260972309409	0.884905888217	
-0.457801158195	0.886892152709	0.061971033708	
-0.697121869065	-0.341606840305	-0.630337898534	
-0.122927598638	-0.809219484986	0.574502071895	
-0.706335547148	0.477983882339	0.5221316913	
0.0791338272201	0.665045114099	-0.742598702936	
-0.27103218468	-0.702519326345	-0.658033548521	
-0.959311936889	0.253340861931	0.124655587196	
-0.890745734172	-0.45445103915	-0.00680368056065	
0.436524253811	-0.851248100173	-0.291244309451	
0.126564658925	-0.262394597825	0.95662451471	
0.487959548378	-0.551714476	-0.676392353681	
-0.868941181228	-0.233633577117	-0.436298722448	
0.0826843559095	0.800641298345	-0.593411163252	
-0.593384850713	-0.46538714733	-0.656741366175	
-0.145925202394	-0.740191762446	0.656370314771	
-0.791580857684	0.485315318022	0.371306864793	
-0.348303722569	0.937162249432	-0.0202838626313	
-0.89930348408	-0.340181542906	-0.274826784334	
-0.264457483096	-0.0774818437103	0.961279773807	
0.641020309245	-0.534198966049	-0.551111992073	
0.379734611028	-0.403265007737	0.832573695671	
-0.667004189135	-0.742972945811	-0.0556472233831	
0.750451352687	-0.485217121318	0.448761754643	
-0.560283535877	-0.827207797851	0.042539612132	
0.350578274677	-0.283357732125	-0.89263837525	
-0.678791080012	-0.636818737354	-0.365656348844	
-0.400034153405	-0.0968976711024	0.91136354845	
-0.615804632822	0.764900475284	-0.188975969652	
-0.901340633294	0.0975382987857	0.421985003338	
0.183894920003	-0.795941705869	0.576766381869	
0.392132275093	0.597463874329	0.699477803581	
0.577571220571	-0.363227214553	0.731079664453	
0.164616206543	-0.825338370843	-0.540109320561	
0.799570503278	0.432299160561	-0.416898604059	
-0.451032403802	0.42229439433	0.786280621177	
-0.473573470613	-0.859968679503	0.190215767498	
0.75650375984	-0.286568167791	0.587861162654	
0.76994794777	0.202156581145	-0.605237865987	
0.118898445697	0.886428845059	0.447333278729	
0.626931668793	-0.41638518147	0.658467966812	
-0.651419084202	-0.0454900107825	-0.757353177624	
0.514325582225	-0.760319102002	-0.396716597333	
-0.55778344562	-0.647954876553	0.518683049408	
-0.579844285169	-0.547965865452	-0.602921234703	
-0.377192232574	0.836495068024	-0.397494680289	
0.722154155733	-0.00306781216687	-0.69172535293	
0.588167830691	0.0670740562612	-0.805952649922	
0.53061488253	-0.784077651391	0.321978389069	
-0.6103330643	-0.617027801291	-0.496759743796	
0.912655808588	0.381335443784	0.147114426093	
0.397916681565	-0.911203960721	-0.106628591371	
0.0933899865246	0.155854487518	-0.983355321914	
0.674158535618	0.312496549363	0.669220573122	
0.736943738344	-0.22420063198	-0.637689582113	
-0.0492361185467	0.923081785789	-0.381439145047	
0.227574043061	0.7928028127	0.565396988937	
-0.194587450945	0.605946477136	-0.771339478298	
-0.954120421571	0.0655176847997	0.292167168106	
-0.273885313672	-0.336622845853	0.900928351538	
0.2255649373	0.888137074261	0.400416029128	
-0.934937053504	0.312885916864	-0.167317390049	
-0.181739378593	0.0568725853253	-0.981700721863	
0.102412974539	-0.991802395465	-0.0764172166158	
-0.977999172246	-0.114426908494	0.174425060406	
0.561830216629	0.364275898254	-0.742731363034	
-0.81908071176	0.119069610224	-0.561185544667	
-0.115989634473	0.92364792961	0.365268266925	
0.202740003028	0.327467605316	0.922855058306	
0.888807876263	0.334009297601	-0.313780732692	
-0.410995194942	0.883856751167	-0.223338740819	
-0.476158918837	0.144698813442	0.867372432926	
-0.59938369792	-0.775143505574	-0.199729137669	
0.643437539066	-0.614991706574	0.455821603444	
0.165849175224	0.787753848235	0.593243563529	
0.483140300701	0.459524647857	-0.745260053841	
-0.859691514973	0.410220638929	-0.304383847272	
0.223647500506	0.351930195457	0.908915250748	
0.535610008381	0.734733510866	-0.416279457735	
-0.814311804187	0.579923965306	-0.0241760216953	
0.258180874697	0.781947021364	-0.567363632709	
0.262462897554	-0.621957746249	-0.737754558975	
-0.929761186192	0.0415622143404	-0.365809675912	
0.946282269027	0.271998776232	-0.174832871778	
0.31757914199	-0.883464105517	0.344433829402	
-0.0607729865896	-0.381454899027	-0.92238755635	
0.73588246832	0.000702807700337	0.677108926895	
0.596461440952	-0.473986374804	-0.647742746743	
0.320485167016	0.880531897526	-0.349217461134	
0.604868799167	0.366800666	0.706817520451	
0.0143018708006	-0.892459825715	0.450900117515	
0.796196704519	-0.262626599769	-0.54506703882	
-0.751303811801	-0.198398607489	0.629428768742	
0.525383489226	0.397382565933	0.752369115223	
-0.399393003972	0.895949266889	-0.194319683868	
-0.78242979847	0.366393028214	-0.503547176879	
-0.398712204112	-0.915877052777	-0.0468807261991	
-0.478364075531	0.164089527616	0.862694869678	
0.029109900812	0.907608164457	-0.418807871805	
-0.970670954287	-0.0743631091936	-0.228622016645	
-0.238643064384	0.413179800816	0.878824180379	
-0.623753190064	-0.648974681935	-0.435618893177	
0.565108310975	0.0105938347433	-0.824948706	
0.539985698655	-0.760736243959	0.360133048158	
0.993864308091	-0.00252038206914	0.110577505749	
-0.109906393575	-0.134788739503	0.984760163875	
0.0124226307579	-0.990871153772	-0.134238723428	
-0.45206356796	-0.867781036941	0.206384598379	
-0.891289488013	0.43031315855	-0.142946263104	
0.0352360480189	-0.248569220748	-0.967973017918	
0.109330050281	-0.0225084472427	0.993750627627	
-0.986929279202	0.116621079313	0.11122104888	
-0.118395683872	-0.992921393496	-0.00946405714814	
0.375124923375	-0.841965879293	-0.387781832954	
-0.351009725421	0.258160634662	-0.900080696033	
0.857947238776	0.473757896839	-0.198695723808	
0.431922314126	0.451055675185	0.781019777242	
0.214868338682	0.789566340642	-0.574818746003	
-0.875942185074	0.416093464991	0.244113737426	
-0.449493350046	-0.880286329966	0.151827881299	
0.206715799621	-0.267856785171	-0.941021424212	
0.869036424122	-0.391597650547	0.302368936293	
-0.77775232136	-0.612740674785	0.140179142828	
0.621323482096	-0.783191240701	0.023845567432	
0.0951759277128	0.105642538563	0.989838975202	
-0.613568675087	0.743673863493	-0.265485716582	
-0.736344777166	-0.660273573285	-0.147767308838	
-0.285183888205	0.104823628913	0.952723546854	
0.0221418972319	0.839804195866	0.542437691345	
-0.724026157241	-0.360679453794	0.587959569393	
0.689417043608	-0.40575761757	0.600054077369	
0.992472533171	-0.0820637477052	0.0909055125584	
0.107607589352	0.229950360551	-0.967234944776	
0.0584711690909	0.969736238879	0.237050098903	
-0.751406890327	-0.0250484092545	0.659363528233	
0.108344463316	0.981032674955	0.160736952623	
-0.650883370842	0.192217241327	-0.734440855139	
0.723355395104	-0.361357953142	-0.588368423758	
-0.572620891867	-0.790100211536	-0.218739502439	
-0.3858267572	0.49513845077	-0.778444364099	
0.0511331477253	0.864988427426	0.499179748811	
0.911922533599	0.16334124831	-0.376453090457	
-0.407164210016	0.474462492743	-0.780450286093	
-0.382131987762	0.9141443423	0.135333903253	
0.842643083711	0.404810382637	-0.355079128621	
-0.379378145658	-0.0216489156648	-0.924988403737	
-0.972386722788	0.137552188624	-0.188529723784	
0.229447956812	0.41590182887	-0.87998824075	
-0.0426344515603	-0.898946641435	-0.435978485011	
0.588856605867	-0.802231644692	-0.0983477807701	
0.737012333212	0.483027833187	0.472754622463	
-0.33175400287	-0.350868209763	0.87568874662	
-0.654515194246	-0.380873986534	0.653104024549	
0.190249450566	0.753070960107	0.62983273621	
-0.731720579907	0.536487777516	-0.420435319063	
-0.80402811222	0.420580067708	-0.420298942904	
0.470032631703	0.0166653720723	-0.8824916943	
-0.364153978275	-0.907102349253	-0.211085783713	
-0.975348707318	0.179345129737	-0.128569917059	
-0.142763338337	-0.0685649460187	0.987379095082	
0.168266242484	0.98139399459	0.0924786409023	
-0.604822094585	0.649497077883	-0.460807747031	
0.485288469767	0.759388924951	0.4333861578	
0.631415342712	0.038496837311	-0.774488643238	
0.93768400143	-0.343612310999	-0.0517618893745	
0.346916270683	0.91714381388	0.196204805743	
-0.0199452900959	-0.201935148974	0.979195782779	
0.997278984806	-0.024201582279	0.0696341143344	
-0.0546303791784	0.391613475975	0.918506617889	
-0.0494989710476	-0.919811485496	0.38922574814	
-0.844678460586	-0.526507037144	0.0964812834681	
-0.404061696679	0.508958824771	-0.760062536878	
0.35107327369	-0.680992844695	-0.642647883351	
-0.342965564939	-0.411239300344	0.84454535646	
-0.767445727352	-0.395772895943	-0.504371758137	
0.541665650411	-0.821124870339	-0.179867369124	
0.412721566669	0.387755556878	0.82420054387	
0.252717872611	0.820590206484	-0.512606466879	
-0.875096900503	0.419853952146	0.240682516186	
0.199497479393	-0.947301702068	0.25063966361	
-0.38393978473	-0.310896011884	-0.86944459944	
0.90154922074	0.077221467569	-0.425729782291	
0.0474705457048	0.998124074134	0.0386636770589	
-0.578969893308	0.0590364074356	-0.813208807896	
-0.813965853051	0.0162183609011	0.580686279187	
-0.99822225573	0.044152021309	-0.0400365730157	
0.0391221151679	-0.0213850595234	-0.999005575227	
-0.0449642999423	-0.99879591421	0.0196197218938	
-0.623043349917	0.317251500394	-0.714960467174	
-0.12590835639	0.861455367798	0.491977372531	
0.771987091806	0.396542727571	-0.496779423181	
-0.820224396234	-0.0304752051639	0.571229552537	
0.568092057527	-0.160540068062	0.807154446634	
0.0671070338833	0.98655874048	0.148991602403	
-0.946565202842	0.222177036019	-0.233776990814	
-0.0343938156502	0.651187780738	0.758136887153	
0.32067332632	0.725666479096	-0.608750177744	
-0.594424506326	0.520591952469	-0.612897646678	
0.18848776347	-0.650735406019	-0.735537758634	
-0.781749236841	-0.552745375718	0.28868785967	
0.282904760814	0.754258416386	0.592502436805	
-0.110029058686	-0.588139280529	0.801240159343	
0.952816090625	-0.291867141024	-0.0833970589224	
-0.218643692521	-0.230020187288	0.948306727363	
-0.829220381229	0.556078494934	-0.0563051225658	
-0.51438166285	-0.798666025891	-0.312320482857	
0.956403655363	-0.175854965063	-0.233167491881	
-0.151044787986	0.38546873643	-0.910274313192	
0.249955036016	0.905808414897	0.342101732636	
0.997010351712	0.0494316846825	-0.0593874324091	
-0.0429378383031	0.993434009638	0.106043437028	
0.0642394008421	-0.103176436478	0.992586481036	
0.895820294384	-0.190561835756	-0.401487467952	
-0.376584712284	-0.805202676148	-0.458074889944	
-0.235987191693	0.561546825364	-0.793079572477	
0.830049171407	0.557073398123	-0.02622216906	
-0.557424598483	0.830187230528	-0.0081840866816	
0.0172101729321	0.0214100764284	0.999622638086	
