-0.511414470423	-0.0758355392395	0.855981431125	
-0.786259103395	0.443257026648	-0.430487898384	
-0.346773502116	-0.893180933135	-0.286314440632	
-0.160191775149	0.703644438892	-0.69225941582	
-0.85531572543	0.251125188425	0.453178937696	
0.49272061557	0.664695902917	0.561609963977	
0.788391055447	0.262285098319	0.556458507789	
0.210313942812	0.735132236391	-0.644475477018	
-0.578106901143	0.625129684321	0.524409466573	
0.95135817894	0.0596704716575	-0.302253288113	
-0.166553574141	0.924958067036	-0.341632084508	
0.259186269513	0.375355843217	0.889904752577	
-0.606657597082	0.334519747864	-0.721154004489	
0.74329846198	-0.083006329503	-0.663790136776	
-0.281911256108	-0.938725991731	-0.19829159369	
0.574945251303	0.539876806152	-0.614793454897	
-0.703640651282	0.709702673713	-0.0348130548658	
0.417525797848	0.452609267586	0.78791944958	
0.23068604063	-0.804836713139	0.546828872538	
-0.949559335125	-0.0635242620372	0.30708587921	
-0.212417089087	-0.590086886243	-0.778894374706	
0.946673150025	-0.114600042137	0.301125849709	
-0.200309932877	-0.941371101125	0.271470773303	
0.252360610659	-0.317312590846	-0.914126272393	
-0.995872887593	-0.0861577340094	-0.0285313271369	
0.0709808276243	-0.543462648846	-0.836426967176	
0.0565589415353	-0.835000116275	0.547335264672	
-0.986594826164	0.0486854261039	0.155757434084	
0.0571067889598	0.997112494197	0.0500548556084	
-0.152870741615	0.0582786684848	-0.986526296232	
-0.884002503446	-0.465788475528	-0.0397576403532	
-0.234841235831	0.368936357299	0.899297257983	
-0.404214259836	0.804317760794	-0.435527004693	
0.8891754494	-0.452174958991	0.0700344675473	
0.0255355516833	0.201857848564	0.979081888594	
-0.456853319769	-0.868787209525	0.191033580247	
0.208777577977	-0.358556119739	-0.909862314821	
0.667651666965	0.732076828428	-0.135295117718	
0.714600010169	-0.579224504209	0.392231818176	
-0.458676617785	0.853321693419	0.247906933824	
0.789204679624	0.262981344657	0.55497458142	
0.408376950814	0.450203176248	-0.794068867379	
-0.834503946366	-0.513196993497	0.200579184774	
0.538644458326	-0.836479287553	0.100819388059	
0.116040126739	0.19217504354	0.974475983094	
-0.00463617126442	0.501105401096	0.865373839973	
0.573584562235	0.710204295445	-0.40817962798	
-0.819133234512	0.494472684508	-0.290718950867	
0.72414357309	0.680705130403	0.110709579506	
-0.686857636889	0.697429568707	0.204495925	
0.0619892910079	-0.224126129972	0.972586657149	
-0.190089383561	-0.964578495003	-0.182905312213	
-0.926558056561	0.237853221155	-0.291403522641	
0.324586188984	0.114079674632	-0.938951347918	
0.089141348087	0.867374206038	0.48960780913	
0.926153489797	-0.253041971426	0.279659568108	
0.366460821096	0.428522750151	-0.825878150337	
0.932824215423	-0.0329441860923	-0.358822607599	
0.0139047558288	-0.991778975188	0.127205039763	
-0.36006338454	-0.12364928216	-0.924697363538	
0.81878124572	-0.560654804457	0.123545383952	
0.143186818094	-0.0089692087833	-0.989655035059	
0.555962954504	0.828001052857	0.0729345575585	
0.193001989192	0.980012305143	-0.0482298033931	
-0.676974242932	0.0974194337455	-0.72953089608	
-0.710250735005	0.17345124876	0.682245232837	
-0.488433563516	-0.841513219409	0.230842274273	
0.374525404648	0.0367690745525	0.926487321246	
-0.788139185236	0.538983800051	0.297208828905	
-0.272274598039	-0.172945379401	0.946549755167	
0.876878182446	-0.44961797703	0.170083296893	
0.396170665766	0.8763181902	0.274071583918	
0.155179514584	0.632145548095	-0.759151713611	
0.758999244108	-0.568170087379	-0.317966820991	
-0.632328605787	-0.526853639859	-0.567966351531	
-0.182365829265	-0.918880860316	-0.349858069595	
0.443052911295	-0.394450085102	0.805054810653	
-0.87775100234	-0.00819114812601	0.479047057169	
0.93958228814	0.019157264279	-0.341786663049	
0.172838484314	0.835277648721	0.521956040186	
0.29548601008	-0.549494539347	0.781500971896	
-0.0693142715782	-0.0222959235713	0.997345689091	
-0.855139812317	0.516180469984	-0.047891792588	
-0.513742574784	-0.856189590102	-0.0548448051781	
0.922676429614	-0.0960145922786	-0.373429249396	
-0.116491645594	0.853823231619	-0.507361395511	
0.367556666028	0.511631788709	0.776617673016	
-0.960440199102	0.239744839465	-0.141693457504	
-0.253044487159	-0.963753612317	0.0845426653477	
-0.11628891378	0.117052922627	0.98629382125	
0.199173546035	0.251244638704	0.94720960198	
-0.13878932099	-0.949600611464	0.281062631964	
0.970086296645	-0.18744281856	-0.154265248294	
-0.335079173027	0.850308721548	0.405828813495	
-0.243897042931	-0.494328108847	0.834358408152	
0.910074821239	0.180595677864	0.373026836681	
0.62894329877	0.18582068385	-0.754917876584	
0.502149202034	-0.838396153489	0.211986010648	
-0.593528858463	-0.512408590158	-0.620613350569	
-0.337160601813	0.806434962008	-0.485783265085	
0.093323017364	0.542083716116	0.835126373163	
0.936810302577	0.236236950483	-0.258028215921	
0.755638294798	0.49190950243	-0.432476367971	
-0.283347310447	-0.349800654389	-0.892946697094	
-0.590529481989	0.797285735234	-0.124941535505	
-0.993083571208	-0.0880867560485	0.0776256658987	
-0.0505113541384	-0.276303028264	-0.959742277737	
0.105988790447	-0.957025266114	0.269942616714	
0.736511031518	0.258994451242	0.624878687969	
0.610726773753	-0.651755888611	-0.449696641618	
0.29079942963	0.712836682478	-0.638200247446	
-0.504417033872	-0.852969126768	-0.134190628293	
0.392999905576	-0.0884136287956	-0.91527815688	
0.768839729825	-0.514418797309	0.379814126669	
0.377958671052	-0.442380904312	-0.813293537708	
0.873498537669	-0.120745017233	0.47161525156	
-0.306834723699	-0.88866178961	0.34078244676	
0.7273744938	0.572479607855	0.378409096559	
0.664201563921	-0.725932604001	-0.178488478433	
0.172518486702	0.381167880386	-0.908266711219	
0.609531866113	-0.743745956386	-0.274431879622	
-0.788602988649	-0.533434456363	-0.305864360556	
0.0810939608513	0.402851874918	-0.911665583637	
0.476193789842	-0.805597578496	-0.352493994329	
-0.843645820867	-0.305498322651	-0.441511612295	
0.24799436173	0.507625173114	-0.825115434452	
0.641460458642	0.0327242221845	-0.766457830074	
-0.696620826175	-0.393620511907	-0.59981857019	
-0.32132211959	0.91869038195	-0.229695619405	
-0.173592107516	0.343898856955	0.922821410888	
-0.572756083849	0.727019636129	-0.378672572411	
-0.801134351169	-0.594286147295	0.0707652917081	
0.891557192438	0.322873545791	-0.317613674201	
0.444111292888	-0.485692577885	0.752906288536	
0.0888309188339	-0.812314836265	-0.576414498988	
-0.236302311332	0.629982927317	-0.739785596608	
0.796848358773	0.561327102287	0.223482834595	
0.556052075601	-0.536687428143	-0.634643753371	
0.118216012386	0.878357982725	0.463154648686	
-0.0460284944515	-0.461076753613	0.886165675806	
0.991920537197	-0.126077283685	-0.0140771596819	
0.0414449938212	0.969292817281	0.242391721917	
-0.700004375916	0.20127606004	-0.685187435198	
-0.712934910202	-0.141277677009	0.686851098706	
0.132392883514	0.988151203288	-0.0776487207619	
-0.513046100476	0.00128835537139	-0.858360086984	
-0.84808951366	0.153478140403	0.50713769061	
-0.384141848352	0.534988576427	-0.752477417228	
0.328532677385	0.840871750793	0.430117400961	
0.862844899293	-0.0819873271404	-0.49877525796	
-0.103776632042	-0.956708791011	-0.271916714903	
-0.994552478301	0.0971280393295	0.0378353258309	
-0.00978665145373	0.274361865386	-0.961576719911	
0.475964322	-0.234457126428	0.847636608489	
0.142944730267	0.971617484146	0.188484133525	
-0.867769997333	0.0314534635438	0.495969667781	
-0.810578773244	-0.371760432996	-0.452499981022	
-0.37996770492	-0.254103703281	0.889413206107	
-0.445630559527	0.892874844778	0.0647141095763	
-0.704116567432	-0.327397143999	-0.630103935529	
-0.136194929884	-0.808622517406	0.572346543116	
-0.696900854169	0.48881564464	0.524774680233	
0.0730397630411	0.667114659616	-0.741365782823	
-0.302690291512	-0.693460261572	-0.653828305478	
-0.950286157133	0.272159689422	0.151278957608	
-0.898529699307	-0.438895745318	-0.00386059650534	
0.420732604673	-0.858773275547	-0.29239106787	
0.125013818551	-0.264346337117	0.956291043158	
0.481998215481	-0.546419051459	-0.684911629683	
-0.871433498583	-0.217778472666	-0.439518138865	
0.0910020759139	0.80870189628	-0.5811367009	
-0.597139844076	-0.446292333687	-0.666518686541	
-0.170011191969	-0.741634001641	0.648903076133	
-0.783913388852	0.500801518071	0.366984520485	
-0.341059741901	0.939175642736	-0.0403406066527	
-0.897060471978	-0.33799363028	-0.284680198652	
-0.280999576633	-0.0609049914328	0.957773365651	
0.642459136845	-0.541247938555	-0.54249140684	
0.364855540706	-0.406487075499	0.837644728909	
-0.673889228213	-0.736083505088	-0.0636740263861	
0.75688438781	-0.504094314977	0.415950652239	
-0.573997913788	-0.81705589173	0.0542776635164	
0.312493869472	-0.279836722746	-0.907765933567	
-0.689767813233	-0.628635490934	-0.359218294866	
-0.371222369142	-0.11890313022	0.920899559275	
-0.621622326237	0.768556741668	-0.151348004153	
-0.897093328674	0.103517273945	0.429543634155	
0.185311074328	-0.794382895712	0.578459696722	
0.401102686826	0.598531527153	0.69345269891	
0.574063363121	-0.376527312525	0.727102769934	
0.149817087694	-0.824707455093	-0.54535534631	
0.8049882579	0.422000943644	-0.417024109862	
-0.44301924428	0.415102464762	0.794621855316	
-0.470102164319	-0.862279951645	0.188354028612	
0.763372716502	-0.290108994586	0.577147179634	
0.793433025011	0.18101711768	-0.581116888353	
0.130070103441	0.882269579091	0.45241812298	
0.594597177098	-0.434549413666	0.676476905792	
-0.637015864244	-0.0346561748372	-0.770071255305	
0.518612686474	-0.75836266116	-0.394875873644	
-0.57030839914	-0.650910918409	0.501062177945	
-0.588919955428	-0.526857045007	-0.61285800984	
-0.37451261391	0.849880245693	-0.370734230957	
0.716179857383	0.0111902684503	-0.697826045495	
0.579578287081	0.0532982165778	-0.813171758766	
0.507192507247	-0.80462711767	0.30875712478	
-0.63784384432	-0.591383548655	-0.493376862696	
0.92307056943	0.352609198635	0.153647248234	
0.370301242623	-0.922716880803	-0.107100642353	
0.104008237961	0.15575721787	-0.982304421001	
0.687122315754	0.300880109865	0.661312394168	
0.726112032397	-0.253085962627	-0.639303380195	
-0.0249847873949	0.919466505648	-0.392373680807	
0.225559486167	0.791244463101	0.568379378419	
-0.174823614501	0.60681777284	-0.775376614542	
-0.958415161615	0.0755274134189	0.275201722032	
-0.296393118465	-0.292114477731	0.909296569457	
0.258094493803	0.892155805051	0.370736094523	
-0.919531593582	0.344568064994	-0.189035702953	
-0.171744630856	0.00604372208908	-0.985122964505	
0.0853303600471	-0.996131642902	-0.0209876073809	
-0.981439000359	-0.0876654061341	0.170564548312	
0.564930900911	0.325700387789	-0.758137411417	
-0.822069840066	0.142998402641	-0.551137582547	
-0.0710932855456	0.934596551586	0.348532682132	
0.193493782182	0.351802612926	0.915857564142	
0.887631118871	0.334886161348	-0.316168081484	
-0.417936781187	0.874120232277	-0.247472556974	
-0.469409200376	0.165613957198	0.867310221192	
-0.617228021584	-0.763948416108	-0.188181792151	
0.631414738483	-0.623662436505	0.460825990282	
0.178956904565	0.801218496201	0.570984542395	
0.470847060305	0.439832583744	-0.764755087645	
-0.863873527845	0.405704596502	-0.298540295885	
0.246031943717	0.356073167762	0.901487760245	
0.535298892601	0.725453096049	-0.432634835644	
-0.808036743132	0.589007389286	-0.0121209370917	
0.27689076081	0.77371480567	-0.569821819577	
0.249766217497	-0.630576152836	-0.734840494306	
-0.927873021041	0.0611483030197	-0.367848531141	
0.950342476031	0.244867624061	-0.192065158054	
0.299296734321	-0.888245019164	0.348485653587	
-0.0852680659834	-0.388665193473	-0.917425051056	
0.745902922064	-0.0238998453332	0.665625741877	
0.575185281058	-0.48078962515	-0.661818123658	
0.335843301722	0.876510201732	-0.344875547042	
0.608700683207	0.343836960446	0.715024211405	
0.0187182938809	-0.907188054191	0.420308767226	
0.793179112016	-0.242458200447	-0.558642029656	
-0.74639108966	-0.19909376592	0.635029143936	
0.528583352533	0.402407503988	0.747440860643	
-0.404351308519	0.89354903229	-0.19511572513	
-0.768637227871	0.391001546723	-0.506275223955	
-0.431784011543	-0.901073377202	-0.0403650377473	
-0.471973918036	0.187575476427	0.861426759125	
0.0350635879962	0.917245136855	-0.396776894126	
-0.978351338079	-0.0495213918271	-0.200938525499	
-0.203958829362	0.395232830958	0.895651609309	
-0.632524646918	-0.636134670283	-0.441865649609	
0.559549300741	0.0191631223141	-0.828575497334	
0.535553126291	-0.771340039157	0.343827562759	
0.992664464005	-0.00819769974766	0.120623627955	
-0.120616730957	-0.135629303823	0.983390205441	
0.00829856104515	-0.990725738872	-0.135623169928	
-0.470607215783	-0.857211125272	0.209088342964	
-0.881733110627	0.448079077891	-0.147552911121	
0.032795885066	-0.25379957972	-0.966700679247	
0.104210426896	-0.0433205512078	0.993611350966	
-0.984653164959	0.136132875746	0.109206157694	
-0.139994041528	-0.989742981781	-0.0284692527584	
0.356207683944	-0.849154818186	-0.389938688324	
-0.318132193904	0.282169004014	-0.905081521398	
0.878582946057	0.446449042922	-0.169632717873	
0.407889821122	0.443750389459	0.797942031528	
0.23853799422	0.791802243701	-0.562271137605	
-0.881320327202	0.419684165444	0.217116747712	
-0.447872550765	-0.883836665872	0.135066377503	
0.20729803736	-0.249596514293	-0.945901212474	
0.8697342709	-0.395644193833	0.295005033701	
-0.777140132914	-0.613759855081	0.13911166057	
0.62044670493	-0.784224906281	0.00609776277585	
0.105352266975	0.0910501875918	0.990257927604	
-0.596897994241	0.761626312438	-0.252266019654	
-0.74778245732	-0.642052706326	-0.169084945586	
-0.290747624228	0.0877136391993	0.952770768078	
0.033133292861	0.848437844345	0.528256953752	
-0.7313190222	-0.339679025226	0.591431016763	
0.681230264061	-0.405920415974	0.609224050103	
0.991396812214	-0.0765726265492	0.106155516084	
0.121000919439	0.226897300899	-0.966372801945	
0.0499113035956	0.970903830309	0.234210619028	
-0.757051994462	0.0108969143052	0.653263756028	
0.118805671369	0.98548743307	0.121242450122	
-0.642462053457	0.169398277794	-0.747359841943	
0.728845517067	-0.396454512824	-0.558218623402	
-0.569318683697	-0.803826674596	-0.172449742248	
-0.380342541197	0.443493513447	-0.811574429665	
0.0727662157252	0.875661286521	0.477412179503	
0.918033028103	0.128264221329	-0.375184819574	
-0.389769723249	0.465580928321	-0.794552680458	
-0.392477826818	0.9128634171	0.112434590656	
0.849085680345	0.406594595212	-0.337245226175	
-0.353574126442	-0.0368946725727	-0.934678618695	
-0.967134022099	0.164663553821	-0.19374647698	
0.245386632885	0.404820507004	-0.88085512856	
-0.0666121888292	-0.89944775899	-0.431921920198	
0.585620962498	-0.806634464423	-0.0799307768487	
0.741278657712	0.493043195394	0.455427666152	
-0.327954325942	-0.325958967172	0.886677343691	
-0.651773905562	-0.369075606593	0.662551109459	
0.186437543984	0.768823183783	0.611679617341	
-0.735140679205	0.522201214759	-0.432289339544	
-0.796410831478	0.432051440271	-0.423156401895	
0.471800875406	0.00615027384019	-0.881683678026	
-0.378330175206	-0.901827991965	-0.208740392443	
-0.972807058416	0.1951009882	-0.124828007668	
-0.143562762432	-0.0849829027083	0.985985618298	
0.18175852205	0.977094422587	0.110681204419	
-0.583791948336	0.680254247916	-0.443216785839	
0.511073606004	0.732070139012	0.450418783814	
0.630865065052	0.0364344583899	-0.775036644255	
0.932168559572	-0.355015454682	-0.0708929014947	
0.361707609359	0.90512840093	0.223405870919	
-0.0151453582757	-0.233894430814	0.972144029122	
0.997769909	-0.0105220782233	0.0659127799731	
-0.0567717281617	0.38554274417	0.920941780624	
-0.0351024155215	-0.922629979075	0.384085592202	
-0.851110765818	-0.5154279399	0.0997221293295	
-0.403766322396	0.521266685603	-0.7518336248	
0.335534232541	-0.680158129592	-0.651768131733	
-0.339654294382	-0.425142314408	0.838980913256	
-0.790171683216	-0.354850278251	-0.499709906915	
0.510160436874	-0.832667576242	-0.215408997311	
0.433731931649	0.356330925839	0.82758980344	
0.282650829091	0.818313412033	-0.500471446239	
-0.855561289612	0.450989391202	0.254211425276	
0.17117984671	-0.954564676549	0.243933881134	
-0.39693236512	-0.293423594556	-0.869682293529	
0.901743953459	0.0520468293213	-0.42912582066	
0.0472957869407	0.997682553468	0.048914527936	
-0.585611461368	0.067365628804	-0.807787774338	
-0.809210927294	0.0095600502817	0.587440448545	
-0.996751100826	0.0736476828806	-0.0326076955357	
0.031624118627	-0.0144823259357	-0.999394905609	
-0.0740753543555	-0.997179161957	0.0121062312589	
-0.593074524649	0.330659800992	-0.73411627432	
-0.128243357687	0.86134347645	0.491569991746	
0.794868699486	0.385683175138	-0.468435949724	
-0.826178647321	-0.00895101497692	0.563337130004	
0.55652748423	-0.168754330816	0.813510378008	
0.0877838368203	0.985617499419	0.14440271061	
-0.938012820814	0.248667435319	-0.24144658747	
-0.0222731637293	0.651927022338	0.757954526158	
0.345884162931	0.716348842505	-0.605977294687	
-0.585326956201	0.528368571898	-0.614995127277	
0.174616741038	-0.658559354753	-0.731989460318	
-0.791771019989	-0.535841607658	0.293210544504	
0.293829084232	0.737743995723	0.607781429491	
-0.112064938955	-0.604876155076	0.788394752949	
0.949265989445	-0.299764297066	-0.0950549708745	
-0.236325458725	-0.224607328603	0.945358040901	
-0.820407325442	0.567445037923	-0.0702705435985	
-0.520655450293	-0.792185380371	-0.318371206622	
0.952173425553	-0.208012528425	-0.223822598701	
-0.132295366008	0.379639454002	-0.915626463738	
0.275433664979	0.901445879121	0.33396350581	
0.998899774273	0.0184710546266	-0.0431052328444	
-0.0159847602516	0.99822741893	0.0573280693476	
0.0440877352252	-0.0565759687182	0.997424398822	
0.892113737131	-0.233983474197	-0.386503316707	
-0.397030260715	-0.814278220928	-0.423459503375	
-0.21563870733	0.531227552678	-0.8193273065	
0.849368531646	0.527278916446	-0.0234529682902	
-0.527536856019	0.849509766635	-0.00616619278837	
0.0166722221671	0.0176096752706	0.999705924932	
