-0.510041534901	-0.0654477849603	0.857656240463	
-0.793018937111	0.421955168247	-0.439402788877	
-0.333134561777	-0.904251277447	-0.267115980387	
-0.502506196499	-0.0891854092479	0.859961330891	
-0.797088325024	0.433047294617	-0.420856535435	
-0.334869652987	-0.896948158741	-0.288697600365	
-0.535508513451	-0.0835791304708	0.840383946896	
-0.778916478157	0.433438122272	-0.453233361244	
-0.326373577118	-0.897299230099	-0.297210991383	
-0.519072175026	-0.0790596157312	0.851066172123	
-0.780952215195	0.448554456234	-0.434640705585	
-0.34738701582	-0.890251934528	-0.294573903084	
-0.495328128338	-0.0509104467928	0.867212891579	
-0.792173922062	0.436175912619	-0.42686188221	
-0.356525629759	-0.898420095444	-0.256380110979	
-0.500861525536	-0.0806922987103	0.861757814884	
-0.786303400993	0.458556324244	-0.414068937302	
-0.361752301455	-0.884994268417	-0.29312184453	
-0.523270845413	-0.0765424519777	0.848721921444	
-0.773957788944	0.459480434656	-0.435737341642	
-0.356618702412	-0.884883582592	-0.299673348665	
-0.504169344902	-0.0812205001712	0.859777033329	
-0.786466360092	0.454465597868	-0.418248355389	
-0.356768727303	-0.887053668499	-0.29300481081	
-0.17776876688	0.702813088894	-0.688804745674	
-0.859326004982	0.230221033096	0.456680476665	
0.4795383811	0.673091411591	0.563019454479	
-0.168137058616	0.70620238781	-0.68775588274	
-0.842327475548	0.259497344494	0.472382873297	
0.512068748474	0.658740758896	0.551222503185	
-0.147325828671	0.698796749115	-0.699984431267	
-0.861723840237	0.25671133399	0.437642902136	
0.485517352819	0.667669415474	0.564349591732	
-0.14000672102	0.705960631371	-0.694274961948	
-0.856433331966	0.265548557043	0.442725509405	
0.496910482645	0.65658479929	0.567429661751	
-0.160758137703	0.705086350441	-0.690659105778	
-0.859759807587	0.243631839752	0.448839187622	
0.484736949205	0.665955483913	0.567039132118	
-0.168041497469	0.710805118084	-0.683021366596	
-0.851895689964	0.243925750256	0.46343716979	
0.496019989252	0.659739613533	0.564542114735	
-0.160123005509	0.696130335331	-0.699830830097	
-0.857688546181	0.252816617489	0.447721034288	
0.488601058722	0.671927273273	0.556581258774	
-0.159165978432	0.702876508236	-0.69327545166	
-0.852444589138	0.256380140781	0.455639630556	
0.498000442982	0.66350120306	0.558356285095	
0.803403437138	0.238070502877	0.545770406723	
0.212300211191	0.741820037365	-0.636106610298	
-0.556301653385	0.626917421818	0.545438349247	
0.794891297817	0.291610181332	0.532082080841	
0.182148337364	0.721800267696	-0.667702317238	
-0.578765809536	0.627668619156	0.520636439323	
0.776443600655	0.252614676952	0.577339708805	
0.229921281338	0.739433348179	-0.632751584053	
-0.586746573448	0.62403857708	0.516046822071	
0.77818775177	0.250793755054	0.575783252716	
0.229790791869	0.739530146122	-0.63268584013	
-0.584482729435	0.624658048153	0.517863154411	
0.790020048618	0.264974504709	0.552862346172	
0.18976598978	0.751803159714	-0.631491005421	
-0.582972705364	0.603805065155	0.543656408787	
0.794900357723	0.270869851112	0.542920768261	
0.216996222734	0.708714544773	-0.671294510365	
-0.566609323025	0.651423990726	0.504579663277	
0.782928407192	0.273387163877	0.558822512627	
0.197297483683	0.742781698704	-0.639803886414	
-0.589997291565	0.611174881458	0.52760630846	
0.784757256508	0.255276381969	0.564791977406	
0.22364230454	0.73323059082	-0.642150342464	
-0.578048527241	0.63024353981	0.518317401409	
0.938086330891	0.0659429058433	-0.340066969395	
-0.186038792133	0.924025654793	-0.334015130997	
0.292204678059	0.376600682735	0.879083812237	
0.945867836475	0.0473556220531	-0.321078598499	
-0.160385236144	0.928260862827	-0.33557164669	
0.282153487206	0.368902683258	0.885607242584	
0.953424930573	0.0709551125765	-0.293165892363	
-0.166098251939	0.934805095196	-0.313928097486	
0.251778155565	0.348001241684	0.903051972389	
0.963818013668	0.0568092577159	-0.26043727994	
-0.14947026968	0.924152433872	-0.351569235325	
0.220711350441	0.377776384354	0.89920604229	
0.948397994041	0.0439903400838	-0.314016133547	
-0.159944683313	0.921475112438	-0.353979319334	
0.273786365986	0.385938465595	0.880961120129	
0.953787922859	0.060692217201	-0.294287413359	
-0.166434451938	0.922134101391	-0.349239528179	
0.250176340342	0.382079988718	0.88962161541	
0.950923442841	0.0676336362958	-0.30194413662	
-0.172790810466	0.925565719604	-0.336855232716	
0.256686389446	0.372496724129	0.891828596592	
0.95424246788	0.0639785602689	-0.292109578848	
-0.170857742429	0.918342411518	-0.357008129358	
0.245415747166	0.390581518412	0.887252628803	
-0.61871701479	0.345135271549	-0.705741405487	
0.723701179028	-0.0991553142667	-0.682953000069	
-0.305689185858	-0.933300554752	-0.188425719738	
-0.631403803825	0.333966195583	-0.699854135513	
0.726130545139	-0.0621046796441	-0.684746265411	
-0.272146314383	-0.940536856651	-0.203289940953	
-0.568896472454	0.33556714654	-0.75083386898	
0.771311223507	-0.0990891605616	-0.628697395325	
-0.285369694233	-0.936790287495	-0.202455237508	
-0.568952083588	0.348614513874	-0.744823098183	
0.779570817947	-0.0597437433898	-0.623458087444	
-0.261845052242	-0.935360133648	-0.237778365612	
-0.618705391884	0.307847946882	-0.722795426846	
0.735183119774	-0.0974727272987	-0.670823991299	
-0.276964634657	-0.946429431438	-0.166017711163	
-0.636465907097	0.33016243577	-0.697068035603	
0.719323813915	-0.0720768645406	-0.690925598145	
-0.278360158205	-0.941168248653	-0.191619232297	
-0.605786442757	0.322194010019	-0.727470815182	
0.740174472332	-0.107152149081	-0.663822412491	
-0.291829675436	-0.94058996439	-0.173568457365	
-0.601943075657	0.352126330137	-0.71670883894	
0.747364521027	-0.0677075907588	-0.660955309868	
-0.281266391277	-0.933500230312	-0.222410619259	
0.572656035423	0.547569096088	-0.61010915041	
-0.711444497108	0.701714873314	-0.0379859767854	
0.407322704792	0.455811709166	0.791406273842	
0.582869291306	0.533298313618	-0.613071203232	
-0.700260519981	0.712399840355	-0.046061065048	
0.412187546492	0.456157147884	0.788683772087	
0.556536316872	0.55315476656	-0.619908988476	
-0.710600554943	0.703521847725	-0.0101927351207	
0.430481314659	0.446180284023	0.78460752964	
0.583994150162	0.543617904186	-0.60285192728	
-0.70385158062	0.709078907967	-0.0424270294607	
0.404405474663	0.44909542799	0.796724259853	
0.583467364311	0.535262644291	-0.610786139965	
-0.690047800541	0.723321437836	-0.0253008324653	
0.428252130747	0.436233818531	0.791391253471	
0.572236001492	0.54752099514	-0.61054623127	
-0.706030607224	0.707661926746	-0.0271172896028	
0.417213052511	0.446581840515	0.791516244411	
0.583544492722	0.533200740814	-0.612513482571	
-0.689522206783	0.723766207695	-0.0268634520471	
0.428992956877	0.43801766634	0.790003538132	
0.563963353634	0.524485707283	-0.637855827808	
-0.716491162777	0.694820940495	-0.0621630959213	
0.410591959953	0.492075771093	0.767642915249	
0.234022423625	-0.799102365971	0.553776919842	
-0.948928058147	-0.063777923584	0.308978825808	
-0.211586982012	-0.597802460194	-0.773216128349	
0.224099099636	-0.808600068092	0.544008791447	
-0.949131071568	-0.0543848797679	0.310149073601	
-0.221200704575	-0.585839748383	-0.77965503931	
0.209739908576	-0.806271195412	0.553114771843	
-0.957584738731	-0.0550686605275	0.282840847969	
-0.197587147355	-0.588977277279	-0.783623039722	
0.210523441434	-0.813218355179	0.542545676231	
-0.954234540462	-0.0503583848476	0.294788777828	
-0.212405920029	-0.579775810242	-0.786602675915	
0.254224985838	-0.803404033184	0.538434445858	
-0.943601608276	-0.0839511230588	0.320262670517	
-0.212098136544	-0.589486420155	-0.779435813427	
0.242877304554	-0.811867713928	0.530925035477	
-0.942445039749	-0.067830145359	0.327408581972	
-0.229799732566	-0.579887807369	-0.781615138054	
0.24477724731	-0.779319882393	0.576840221882	
-0.948408305645	-0.0688021853566	0.309496253729	
-0.201508700848	-0.622837662697	-0.755954682827	
0.224586322904	-0.815364181995	0.5336124897	
-0.950979113579	-0.0639197304845	0.302577316761	
-0.212602347136	-0.575409054756	-0.789749741554	
0.947355568409	-0.113672412932	0.299326002598	
-0.200930401683	-0.93892455101	0.279370039701	
0.249287873507	-0.324806451797	-0.912335634232	
0.94438046217	-0.132140100002	0.301138788462	
-0.215921625495	-0.939836740494	0.264735221863	
0.248039156199	-0.315033137798	-0.916095376015	
0.947356045246	-0.104721084237	0.302572399378	
-0.189107298851	-0.945569932461	0.264831930399	
0.258369863033	-0.308108776808	-0.915594875813	
0.94932192564	-0.100015625358	0.297967791557	
-0.189250096679	-0.938795149326	0.287833422422	
0.250942856073	-0.329636991024	-0.910146772861	
0.95302516222	-0.0988269597292	0.286315053701	
-0.182572379708	-0.941682219505	0.282669335604	
0.241682440042	-0.321664184332	-0.915489912033	
0.943504154682	-0.13488920033	0.302662819624	
-0.218147948384	-0.940384864807	0.260936379433	
0.249422028661	-0.312219828367	-0.916682839394	
0.94690823555	-0.0968549102545	0.306567966938	
-0.183593332767	-0.945678710938	0.268300741911	
0.2639285326	-0.31034001708	-0.91325289011	
0.940354824066	-0.135655477643	0.311978131533	
-0.222615018487	-0.938824355602	0.262776225805	
0.257245630026	-0.316553890705	-0.913026988506	
-0.996012568474	-0.0808489322662	-0.0377154350281	
0.0754078254104	-0.537045121193	-0.840176284313	
0.0476724654436	-0.839670181274	0.541000306606	
-0.995247006416	-0.0829945653677	-0.0509437173605	
0.0890478044748	-0.563852071762	-0.821061074734	
0.039418887347	-0.821695029736	0.568562567234	
-0.99461889267	-0.102443851531	-0.0154426638037	
0.0704780071974	-0.559809088707	-0.82561892271	
0.0759346410632	-0.822264552116	0.564016759396	
-0.994666934013	-0.101206250489	-0.0198733285069	
0.0706090703607	-0.527737975121	-0.846467375755	
0.075179874897	-0.843356311321	0.53206962347	
-0.996534049511	-0.0769163072109	-0.0316832624376	
0.0685239583254	-0.543073713779	-0.836884319782	
0.0471637025476	-0.83615475893	0.546462059021	
-0.996083676815	-0.0853364765644	-0.0231307782233	
0.0668735057116	-0.556013762951	-0.828478515148	
0.0578384026885	-0.826780736446	0.559542953968	
-0.997572958469	-0.0632840245962	-0.0290399417281	
0.0592654384673	-0.552801787853	-0.831202626228	
0.0365485176444	-0.830906331539	0.555210649967	
-0.995117723942	-0.096492215991	-0.0207358002663	
0.0670087039471	-0.506299257278	-0.859750509262	
0.0724607110023	-0.856942415237	0.510293185711	
-0.989814341068	0.0659675821662	0.126158058643	
0.0676736608148	0.99766433239	0.00928082689643	
-0.125251159072	0.0177238732576	-0.991966724396	
-0.990963280201	0.0414080731571	0.127581730485	
0.0470150150359	0.998041987419	0.0412532649934	
-0.125623703003	0.0468787290156	-0.990969777107	
-0.983949959278	0.0433946363628	0.173087924719	
0.0572593398392	0.995467841625	0.0759287923574	
-0.169008553028	0.0846210345626	-0.981975257397	
-0.985168874264	0.0314455218613	0.168681666255	
0.0439767204225	0.996501088142	0.0710747092962	
-0.165856480598	0.0774386525154	-0.983104705811	
-0.984346866608	0.0648779422045	0.163866147399	
0.0681306943297	0.997573852539	0.0143025098369	
-0.16254067421	0.0252429451793	-0.986378908157	
-0.982059299946	0.0530281811953	0.180962979794	
0.0594336502254	0.997776687145	0.0301558207721	
-0.178961530328	0.0403700917959	-0.983027458191	
-0.985341370106	0.0361005887389	0.166730687022	
0.0545796826482	0.992693305016	0.10761551559	
-0.161627456546	0.1151381284	-0.98011213541	
-0.98913115263	0.0521670021117	0.137470707297	
0.0596220940351	0.99693363905	0.0506801009178	
-0.134405359626	0.0583255551755	-0.989208459854	
-0.873725235462	-0.485676199198	-0.0268852263689	
-0.22789119184	0.359890580177	0.904734432697	
-0.429732233286	0.796616196632	-0.425126820803	
-0.878875494003	-0.474119991064	-0.0528026409447	
-0.253759562969	0.370903879404	0.893328845501	
-0.403960347176	0.798523962498	-0.446290820837	
-0.869019448757	-0.491031885147	-0.0607692599297	
-0.261836826801	0.352190345526	0.898556292057	
-0.419817447662	0.796774566174	-0.434630483389	
-0.87943315506	-0.474275797606	-0.0407410562038	
-0.236155346036	0.360375404358	0.902419090271	
-0.413313478231	0.803238451481	-0.428928822279	
-0.89525604248	-0.443685829639	-0.040737580508	
-0.230966299772	0.383953243494	0.893999159336	
-0.381013423204	0.809767127037	-0.446212917566	
-0.882525742054	-0.470188617706	-0.00842518080026	
-0.229404658079	0.41480588913	0.880516648293	
-0.410514116287	0.779011368752	-0.473940312862	
-0.896886944771	-0.44059163332	-0.0383777283132	
-0.210333481431	0.348605126143	0.913364291191	
-0.389041990042	0.82725661993	-0.40533053875	
-0.894205152988	-0.44498899579	-0.0488048121333	
-0.228105425835	0.359122097492	0.904985785484	
-0.385181814432	0.820375561714	-0.422633260489	
0.878347039223	-0.467223495245	0.101038046181	
-0.00333968317136	0.205363228917	0.97868013382	
-0.478011846542	-0.859958231449	0.178819805384	
0.883964061737	-0.460886150599	0.0786861628294	
0.0138319004327	0.193996995687	0.980904579163	
-0.46735021472	-0.865996062756	0.177861303091	
0.885300934315	-0.46084612608	0.0621538683772	
0.0398423969746	0.208338648081	0.977244913578	
-0.463308572769	-0.862679481506	0.202803611755	
0.884759008884	-0.461150705814	0.0673907324672	
0.0336779020727	0.207485169172	0.97765827179	
-0.464830368757	-0.862722396851	0.199104964733	
0.894251585007	-0.4414960742	0.0734527185559	
0.0310425907373	0.224904537201	0.973886191845	
-0.446486771107	-0.868619084358	0.21482641995	
0.896735548973	-0.439929962158	0.0482386797667	
0.028860045597	0.166893780231	0.985552430153	
-0.441624760628	-0.882387697697	0.162355989218	
0.884902954102	-0.461563289165	0.062499191612	
0.0318871922791	0.193901240826	0.980502665043	
-0.46468269825	-0.865656793118	0.186301738024	
0.90351319313	-0.423372358084	0.0664813369513	
0.0284377001226	0.214013323188	0.976416707039	
-0.427615731955	-0.880314767361	0.205403596163	
0.209456115961	-0.362270027399	-0.908233761787	
0.674920618534	0.725658833981	-0.133796155453	
0.707538187504	-0.584961295128	0.396497189999	
0.213089480996	-0.374939441681	-0.902226865292	
0.6637763381	0.733160316944	-0.147908434272	
0.716933608055	-0.567359149456	0.405104696751	
0.203057348728	-0.37312078476	-0.905289232731	
0.679997622967	0.718973755836	-0.143805474043	
0.704536020756	-0.586393773556	0.399714142084	
0.21054084599	-0.34629547596	-0.914194703102	
0.656373739243	0.743095219135	-0.130319103599	
0.724462628365	-0.572615921497	0.383751153946	
0.210763499141	-0.342891335487	-0.915425717831	
0.664503216743	0.737077414989	-0.12309512496	
0.716947853565	-0.582359373569	0.383201390505	
0.208485275507	-0.340034425259	-0.917011737823	
0.686478793621	0.718715310097	-0.110431768	
0.696620941162	-0.606485724449	0.383267998695	
0.212437152863	-0.37658816576	-0.901693880558	
0.653963446617	0.740441858768	-0.155169636011	
0.726086974144	-0.556711018085	0.403572261333	
0.202541306615	-0.351848691702	-0.913881540298	
0.660570323467	0.738020539284	-0.137740820646	
0.722927331924	-0.575784802437	0.381900429726	
-0.462167084217	0.857596814632	0.225675061345	
0.791105210781	0.283736377954	0.541891396046	
0.400692105293	0.428977072239	-0.80958288908	
-0.463964670897	0.84828466177	0.255244851112	
0.784859061241	0.260027229786	0.562478542328	
0.410771310329	0.461301416159	-0.78642731905	
-0.467366188765	0.842055499554	0.269279420376	
0.793929994106	0.265781760216	0.546841084957	
0.388900965452	0.469364076853	-0.792750537395	
-0.466547876596	0.848337054253	0.250314474106	
0.786594450474	0.268529415131	0.556022584438	
0.404477745295	0.456307113171	-0.792579054832	
-0.423985540867	0.871811270714	0.245318949223	
0.797955155373	0.231475189328	0.556495070457	
0.428373456001	0.43169939518	-0.793808400631	
-0.458814322948	0.842968523502	0.280879855156	
0.786639750004	0.238384366035	0.56953561306	
0.413143217564	0.482262343168	-0.772486686707	
-0.450584918261	0.857044041157	0.24989746511	
0.797848403454	0.261010855436	0.543425559998	
0.400513678789	0.444239646196	-0.80139875412	
-0.475046396255	0.85549902916	0.206039756536	
0.773410975933	0.294236212969	0.561480641365	
0.419721752405	0.426082760096	-0.801428198814	
-0.827886223793	-0.521408855915	0.206729784608	
0.544498205185	-0.835572302341	0.0730798393488	
0.134633213282	0.173065781593	0.975664973259	
-0.825619995594	-0.510616481304	0.240046620369	
0.541973769665	-0.836009025574	0.0857515409589	
0.156894981861	0.200897157192	0.966966569424	
-0.837052941322	-0.514220833778	0.186867147684	
0.53604644537	-0.839165747166	0.0919515937567	
0.109529078007	0.177137821913	0.978072404861	
-0.838261425495	-0.508606255054	0.196564093232	
0.537151992321	-0.832228243351	0.137346029282	
0.0937311425805	0.220716670156	0.970823705196	
-0.819267809391	-0.542350888252	0.186160579324	
0.559354484081	-0.827338516712	0.0513180568814	
0.126185432076	0.146173000336	0.981178224087	
-0.83922213316	-0.49213424325	0.231322467327	
0.525599241257	-0.843201994896	0.112941555679	
0.13946916163	0.216365963221	0.966299176216	
-0.826946973801	-0.531270563602	0.184147506952	
0.556816279888	-0.819293558598	0.136798039079	
0.0781940966845	0.21566106379	0.97333240509	
-0.858488559723	-0.483421653509	0.171174958348	
0.504901051521	-0.85521531105	0.116968922317	
0.0898461416364	0.186842903495	0.978272676468	
-0.0353620611131	0.499583423138	0.865543723106	
0.569640040398	0.721692562103	-0.393281131983	
-0.821133196354	0.479141116142	-0.310103267431	
0.00983579084277	0.496366024017	0.868057608604	
0.568363726139	0.711461186409	-0.413262248039	
-0.8227186203	0.497437208891	-0.275118649006	
-0.00759442150593	0.52100944519	0.853517115116	
0.582663536072	0.695980191231	-0.419660300016	
-0.812678039074	0.494126200676	-0.308858752251	
0.0128906117752	0.521108329296	0.85339319706	
0.577788233757	0.692675173283	-0.431696474552	
-0.81608492136	0.498645365238	-0.292161226273	
0.00734097557142	0.485785990953	0.874046981335	
0.572874367237	0.714373469353	-0.401852637529	
-0.81961029768	0.503669083118	-0.273050159216	
0.00710644526407	0.472881108522	0.881097555161	
0.578348219395	0.716856002808	-0.389398038387	
-0.815759062767	0.512348473072	-0.268395662308	
-0.0274300184101	0.522461235523	0.852221727371	
0.574997186661	0.705629050732	-0.4140843153	
-0.817695438862	0.478666782379	-0.319769173861	
-0.00363057479262	0.488200187683	0.872724115849	
0.563597083092	0.721915125847	-0.401493310928	
-0.82604187727	0.490407139063	-0.277769178152	
0.737515091896	0.668818593025	0.0935586988926	
-0.671521306038	0.711589455605	0.206638723612	
0.0716284364462	-0.215225845575	0.973933875561	
0.735688984394	0.664951205254	0.128846988082	
-0.675936877728	0.708631813526	0.202361762524	
0.0432556271553	-0.235967740417	0.970797717571	
0.729532599449	0.678745388985	0.0841837078333	
-0.678693175316	0.703199386597	0.211863562465	
0.0846034809947	-0.211696282029	0.973666727543	
0.712819695473	0.694945394993	0.0945463329554	
-0.695710778236	0.683579981327	0.22069182992	
0.0887387916446	-0.22309038043	0.970750272274	
0.743290305138	0.656991660595	0.12602186203	
-0.667387604713	0.715311229229	0.207180246711	
0.045970838517	-0.238100498915	0.97015196085	
0.71111369133	0.688650965691	0.141694039106	
-0.70223492384	0.685827493668	0.191067427397	
0.0344010964036	-0.235373169184	0.971296072006	
0.723505139351	0.681078910828	0.112569101155	
-0.686558067799	0.692933142185	0.220185562968	
0.071960888803	-0.236590608954	0.968940913677	
0.697073400021	0.709486544132	0.103525578976	
-0.714913010597	0.676753640175	0.175795018673	
0.0546628795564	-0.196553811431	0.978968143463	
-0.217153653502	-0.953832983971	-0.207477405667	
-0.920178771019	0.270958811045	-0.282581537962	
0.325753450394	0.129552677274	-0.936536610126	
-0.190359175205	-0.958322107792	-0.213030725718	
-0.926713347435	0.24702604115	-0.283161610365	
0.32398417592	0.143516004086	-0.935113608837	
-0.199367716908	-0.966883540154	-0.159338608384	
-0.932686209679	0.237108200788	-0.271801620722	
0.300581008196	0.0944244489074	-0.949070632458	
-0.17717987299	-0.972017943859	-0.154234960675	
-0.924896776676	0.218018323183	-0.311502814293	
0.336412370205	0.0874593853951	-0.937644720078	
-0.175415039063	-0.961429655552	-0.211855024099	
-0.927816212177	0.233404621482	-0.290997177362	
0.329221278429	0.145517244935	-0.932972729206	
-0.190328508615	-0.955976188183	-0.223348543048	
-0.925391376019	0.25065907836	-0.284290075302	
0.327758878469	0.152576297522	-0.932359695435	
-0.17313234508	-0.975422501564	-0.136294156313	
-0.929366290569	0.207609444857	-0.305248349905	
0.326042085886	0.0738188326359	-0.942468762398	
-0.197392523289	-0.967763602734	-0.156428083777	
-0.924136638641	0.236940056086	-0.299718022346	
0.327120274305	0.0853988304734	-0.941116034985	
0.0929225459695	0.848300218582	0.521298527718	
0.930583119392	-0.26018807292	0.257521212101	
0.354090958834	0.461182117462	-0.813591182232	
0.0938108414412	0.867903769016	0.487793624401	
0.920425653458	-0.262363880873	0.289796113968	
0.379494547844	0.421791732311	-0.823453485966	
0.0657419636846	0.875330448151	0.479035049677	
0.930583119392	-0.227047070861	0.287166565657	
0.360129147768	0.426903069019	-0.829494297504	
0.0839638784528	0.866689264774	0.491731464863	
0.92070877552	-0.256210952997	0.294365942478	
0.381110787392	0.428025364876	-0.819480836391	
0.101408928633	0.847940146923	0.520301580429	
0.926007866859	-0.271615892649	0.262172102928	
0.363628417253	0.455216765404	-0.812743544579	
0.0752067565918	0.87993144989	0.469110369682	
0.918778598309	-0.24398240447	0.310352236032	
0.38754338026	0.407667964697	-0.826811313629	
0.107928551733	0.871233761311	0.478856116533	
0.93036699295	-0.258275210857	0.260213732719	
0.350383639336	0.417427420616	-0.838442385197	
0.0923492312431	0.879386246204	0.467066824436	
0.930214583874	-0.243525892496	0.274583250284	
0.355207622051	0.409114807844	-0.840507388115	
0.933705687523	-0.0342912636697	-0.356395602226	
0.00510692829266	-0.994026243687	0.109021507204	
-0.358005076647	-0.103614084423	-0.927952826023	
0.934099435806	-0.0247270651162	-0.356155693531	
0.0254310555756	-0.99045586586	0.135463789105	
-0.356106102467	-0.135594069958	-0.924555420876	
0.931954741478	-0.038676854223	-0.360505849123	
0.00842176750302	-0.991716742516	0.128167659044	
-0.362476825714	-0.122482545674	-0.923909425735	
0.928505897522	-0.0397694781423	-0.369181782007	
0.0122182210907	-0.990437150002	0.137422442436	
-0.371116578579	-0.132108286023	-0.919140815735	
0.940028965473	-0.0160446893424	-0.340717107058	
0.0292495395988	-0.991421878338	0.127385661006	
-0.33983823657	-0.129712030292	-0.931495964527	
0.938931107521	-0.0454725213349	-0.341087371111	
-0.012365042232	-0.995048522949	0.0986182540655	
-0.343882888556	-0.0883781909943	-0.934844315052	
0.924064338207	-0.025736104697	-0.381369531155	
0.0300107430667	-0.989765882492	0.139509245753	
-0.3810569942	-0.140360713005	-0.913835048676	
0.930145680904	-0.0393999516964	-0.36507076025	
0.0136620048434	-0.989824712276	0.141634732485	
-0.366936475039	-0.136728540063	-0.920142889023	
0.806123316288	-0.573482811451	0.145885795355	
0.172385782003	-0.00825233664364	-0.98499494791	
0.5660815835	0.819176018238	0.092207878828	
0.814654529095	-0.567129731178	0.121251158416	
0.137242421508	-0.0146096898243	-0.990429759026	
0.563473582268	0.823498904705	0.0659324154258	
0.806846559048	-0.57700330019	0.126750975847	
0.133544743061	-0.0308570470661	-0.990562260151	
0.575468838215	0.81615871191	0.0521588586271	
0.805872380733	-0.579816937447	0.119925253093	
0.134643346071	-0.0177793148905	-0.990734636784	
0.576576888561	0.814552783966	0.0637406259775	
0.819828629494	-0.554905474186	0.141283005476	
0.166308358312	-0.00535055715591	-0.986059308052	
0.547925651073	0.831896185875	0.0878988802433	
0.840490818024	-0.534993112087	0.0857759788632	
0.127889066935	0.0420462228358	-0.990896821022	
0.526516437531	0.843809485435	0.103759236634	
0.803603231907	-0.579086601734	0.137406617403	
0.144404619932	-0.0342623740435	-0.988925397396	
0.577381312847	0.814545750618	0.0560894235969	
0.849442481995	-0.515973329544	0.110539495945	
0.127094060183	-0.00326257618144	-0.991885304451	
0.512147009373	0.856598436832	0.0628057792783	
0.199574127793	0.978850007057	-0.0449757985771	
-0.680432140827	0.105410061777	-0.725190162659	
-0.705111503601	0.175332173705	0.687078118324	
0.181385114789	0.982085347176	-0.0510668307543	
-0.695905148983	0.091491907835	-0.712281703949	
-0.694849252701	0.164734959602	0.700033545494	
0.227519527078	0.972873926163	-0.0418475270271	
-0.662357568741	0.123113401234	-0.739003121853	
-0.713804841042	0.195855662227	0.672401070595	
0.211255684495	0.975932002068	-0.0541093088686	
-0.688298940659	0.109231203794	-0.717156291008	
-0.693985283375	0.188746720552	0.694808661938	
0.166258946061	0.985950648785	-0.0161006581038	
-0.673659980297	0.101644054055	-0.732018232346	
-0.720097362995	0.132550954819	0.681094765663	
0.177053526044	0.979973614216	-0.0911252200603	
-0.669919550419	0.0521691776812	-0.740598499775	
-0.721013069153	0.192172139883	0.665740191936	
0.148872435093	0.987725377083	-0.047282282263	
-0.666721880436	0.0649479851127	-0.742471337318	
-0.730286896229	0.142057657242	0.66820704937	
0.231474414468	0.97202694416	-0.039790250361	
-0.675512373447	0.131161436439	-0.725589215755	
-0.700073301792	0.194834142923	0.686976671219	
-0.480483353138	-0.850605726242	0.21355471015	
0.368618994951	0.0250748116523	0.929242312908	
-0.795773684978	0.525205790997	0.301501393318	
-0.468912452459	-0.855686068535	0.218911871314	
0.34045535326	0.053589604795	0.938732266426	
-0.814991593361	0.51471298933	0.266194075346	
-0.48561167717	-0.84911096096	0.207826465368	
0.393215686083	0.000159146133228	0.919446229935	
-0.780744969845	0.528214454651	0.333806484938	
-0.484348624945	-0.842149496078	0.237045735121	
0.389815956354	0.0348283983767	0.92023396492	
-0.783230423927	0.538118243217	0.311414211988	
-0.490731090307	-0.832893192768	0.255874842405	
0.355496317148	0.0767209455371	0.931523621082	
-0.79549062252	0.548090159893	0.258441120386	
-0.48755133152	-0.83877235651	0.242393478751	
0.368023753166	0.0543245710433	0.928228080273	
-0.791740000248	0.541765391827	0.282202154398	
-0.52127289772	-0.827243745327	0.209624350071	
0.389840960503	-0.0123198004439	0.920799791813	
-0.759143352509	0.561708152294	0.328915476799	
-0.488136231899	-0.832585930824	0.261770367622	
0.388879477978	0.0610269829631	0.919265151024	
-0.78134226799	0.550523757935	0.293986111879	
-0.289789199829	-0.17701074481	0.940579295158	
0.88432019949	-0.425394207239	0.19239962101	
0.366060167551	0.887528598309	0.279808819294	
-0.301174253225	-0.202507406473	0.931818008423	
0.869516849518	-0.459470421076	0.181183367968	
0.391451835632	0.864799201488	0.314464241266	
-0.253155708313	-0.16773276031	0.952773809433	
0.879377186298	-0.450409203768	0.154360845685	
0.403246730566	0.876924872398	0.261524021626	
-0.268359005451	-0.183697402477	0.945641934872	
0.871195614338	-0.465200930834	0.156863793731	
0.411098062992	0.865934967995	0.284877240658	
-0.261339366436	-0.164259120822	0.951168060303	
0.876373112202	-0.453394621611	0.162491381168	
0.404563784599	0.876043558121	0.262442141771	
-0.269353151321	-0.168700233102	0.948150336742	
0.878452956676	-0.446525126696	0.170105069876	
0.394676178694	0.878723800182	0.268468171358	
-0.261473089457	-0.141928687692	0.954718828201	
0.875824868679	-0.450603574514	0.172879248857	
0.405663192272	0.881369769573	0.242125377059	
-0.273081332445	-0.177613228559	0.945452332497	
0.878806531429	-0.445840030909	0.170075803995	
0.391312807798	0.877314209938	0.277838259935	
0.166794165969	0.645932734013	-0.744950115681	
0.764721333981	-0.561671733856	-0.315794438124	
-0.622399389744	-0.517006576061	-0.587642073631	
0.17627851665	0.652610361576	-0.736902713776	
0.761149525642	-0.565068721771	-0.318353235722	
-0.624161243439	-0.504774332047	-0.596343517303	
0.143577978015	0.627910912037	-0.764926970005	
0.748311161995	-0.574694931507	-0.3312946558	
-0.647623181343	-0.524836778641	-0.552386283875	
0.162858530879	0.633672654629	-0.756264567375	
0.74554592371	-0.581087291241	-0.326341629028	
-0.646249473095	-0.510682463646	-0.567067086697	
0.135707750916	0.621486961842	-0.771581053734	
0.773021101952	-0.553536176682	-0.309896886349	
-0.619694888592	-0.554393053055	-0.555541694164	
0.16980586946	0.635805785656	-0.752938866615	
0.773467302322	-0.559431970119	-0.297966837883	
-0.610667109489	-0.531777083874	-0.58676981926	
0.130622655153	0.61291718483	-0.779275476933	
0.765752255917	-0.561623334885	-0.313373148441	
-0.629731059074	-0.55579829216	-0.542703449726	
0.155385956168	0.62536752224	-0.76470297575	
0.738816916943	-0.587428689003	-0.33026817441	
-0.65574747324	-0.513656497002	-0.553310275078	
-0.195609182119	-0.921859383583	-0.334532946348	
0.453905463219	-0.387490838766	0.802384376526	
-0.869314014912	0.00510742561892	0.49423378706	
-0.180519253016	-0.917661428452	-0.353992015123	
0.485050797462	-0.396154522896	0.779607176781	
-0.855650961399	-0.0309700015932	0.516625881195	
-0.192758142948	-0.912707388401	-0.360290914774	
0.417894601822	-0.408571958542	0.811438858509	
-0.887811005116	0.00584781728685	0.460171073675	
-0.177669718862	-0.915849149227	-0.360074698925	
0.433682143688	-0.401317745447	0.806761324406	
-0.883376061916	-0.0128209004179	0.468489438295	
-0.167019203305	-0.929268956184	-0.329490125179	
0.45833748579	-0.369058102369	0.808531284332	
-0.872944056988	-0.0159774199128	0.487558603287	
-0.17002967	-0.920016646385	-0.353071153164	
0.461603373289	-0.390907347202	0.796312630177	
-0.87063896656	-0.0275820679963	0.491148650646	
-0.177067428827	-0.91891002655	-0.352493196726	
0.410356611013	-0.394466042519	0.822194635868	
-0.894569516182	0.000935970223509	0.446927905083	
-0.197669267654	-0.913754880428	-0.354935079813	
0.42203950882	-0.406132400036	0.810517847538	
-0.884765207767	0.0104178451002	0.46592053771	
0.926041662693	0.0696640536189	-0.370936274529	
0.149972185493	0.833975195885	0.531030833721	
0.34634539485	-0.54738676548	0.761848151684	
0.928594470024	0.00733136711642	-0.371023595333	
0.201995253563	0.828727781773	0.521927416325	
0.311304003	-0.55960392952	0.768071115017	
0.948141396046	0.0323606729507	-0.316197246313	
0.148196592927	0.835049033165	0.529840409756	
0.281186193228	-0.549223005772	0.786948800087	
0.945334017277	0.0026551594492	-0.326092898846	
0.177724123001	0.834218204021	0.522009670734	
0.273418664932	-0.551428079605	0.788142979145	
0.938739955425	0.0379025302827	-0.34253564477	
0.15681104362	0.838102519512	0.522488713264	
0.306883633137	-0.544194400311	0.780816793442	
0.933523535728	0.0101987468079	-0.358371049166	
0.186922371387	0.83913487196	0.510796129704	
0.305931121111	-0.543827772141	0.781445741653	
0.948154270649	-0.00467150844634	-0.317776054144	
0.178253769875	0.835624039173	0.5195748806	
0.263114094734	-0.549281954765	0.79313325882	
0.943992912769	-0.00211975048296	-0.32995891571	
0.182784453034	0.83589220047	0.517565488815	
0.274712979794	-0.548889517784	0.789463818073	
-0.0542601719499	-0.0431364774704	0.99759465456	
-0.833064079285	0.552762031555	-0.0214094892144	
-0.550508916378	-0.832221925259	-0.065928414464	
-0.0956188216805	-0.0400904193521	0.994610369205	
-0.877943575382	0.474291980267	-0.0652852281928	
-0.469118416309	-0.879454314709	-0.0805483683944	
-0.0796012729406	-0.0236164350063	0.996546983719	
-0.839817345142	0.540148496628	-0.0542815811932	
-0.537001430988	-0.841238319874	-0.0628300011158	
-0.0598873868585	-0.0119350459427	0.998133778572	
-0.872702121735	0.486028969288	-0.0465499423444	
-0.484566360712	-0.873861193657	-0.0395227447152	
-0.0428744331002	-0.0212551932782	0.998854339123	
-0.84193944931	0.539007782936	-0.0246692243963	
-0.537865936756	-0.842032551765	-0.0410052388906	
-0.040769238025	0.00342668476515	0.999162733555	
-0.870373487473	0.490985035896	-0.0371980629861	
-0.490701407194	-0.871161282063	-0.0170345902443	
-0.0842205360532	-0.0198259688914	0.996249854565	
-0.846510350704	0.528861701488	-0.0610372573137	
-0.525668263435	-0.848476409912	-0.061323903501	
-0.0976640507579	-0.0224194135517	0.994966864586	
-0.853962779045	0.515298843384	-0.0722122192383	
-0.511086344719	-0.856717228889	-0.0694715231657	
0.934418082237	-0.0654254406691	-0.350117594004	
-0.124498836696	0.860983550549	-0.493160545826	
0.333710759878	0.504407405853	0.7963732481	
0.933241963387	-0.1208800897	-0.338300794363	
-0.0858809649944	0.839318275452	-0.53681397438	
0.348832160234	0.530030965805	0.772905766964	
0.907619953156	-0.0767930373549	-0.412709087133	
-0.149585530162	0.859430551529	-0.488879680634	
0.392237365246	0.505452275276	0.768549203873	
0.915157496929	-0.0714282169938	-0.396717518568	
-0.143400683999	0.862102508545	-0.486020028591	
0.376726716757	0.501674413681	0.778716742992	
0.907715380192	-0.0987325981259	-0.40780466795	
-0.136689156294	0.849318265915	-0.509877026081	
0.396697431803	0.518565714359	0.757443547249	
0.912958264351	-0.122497469187	-0.389232009649	
-0.109928891063	0.844776213169	-0.523706793785	
0.392966687679	0.520910322666	0.757779419422	
0.927701413631	-0.0969520956278	-0.360513985157	
-0.102449193597	0.862499296665	-0.495579600334	
0.358990550041	0.496684283018	0.790209174156	
0.937306702137	-0.114894367754	-0.329021930695	
-0.0789200216532	0.849592328072	-0.521502137184	
0.339452177286	0.514773905277	0.787261128426	
-0.953931570053	0.262000322342	-0.146186217666	
-0.278178334236	-0.954900979996	0.103831335902	
-0.11238951236	0.139713823795	0.983792960644	
-0.957047462463	0.248948603868	-0.14860920608	
-0.260333716869	-0.96349209547	0.0625245571136	
-0.127618402243	0.0985269546509	0.986917436123	
-0.968866705894	0.221013426781	-0.111581169069	
-0.229506850243	-0.970791101456	0.0699371993542	
-0.0928649455309	0.0933684706688	0.991291284561	
-0.955368101597	0.252656579018	-0.153089702129	
-0.264389902353	-0.962450861931	0.0615335144103	
-0.131794467568	0.0992625281215	0.986294686794	
-0.964956104755	0.243965387344	-0.0966467261314	
-0.254299491644	-0.960259735584	0.115034624934	
-0.0647414922714	0.135580584407	0.98864877224	
-0.969393014908	0.215022295713	-0.118501447141	
-0.226514771581	-0.969474196434	0.0938659980893	
-0.0947008132935	0.117835365236	0.988507270813	
-0.955871164799	0.235552832484	-0.175570875406	
-0.254650563002	-0.962324082851	0.0953174158931	
-0.146503791213	0.135820388794	0.979841530323	
-0.953783512115	0.238424316049	-0.182895630598	
-0.255072802305	-0.964137792587	0.0733223631978	
-0.158854752779	0.116585366428	0.980394303799	
0.217131361365	0.264077275991	0.939743161201	
-0.133530393243	-0.945625782013	0.296583086252	
0.966966211796	-0.189881756902	-0.170062676072	
0.193465054035	0.265012830496	0.944637238979	
-0.118347540498	-0.949493467808	0.290613234043	
0.973943114281	-0.168018996716	-0.152330175042	
0.18177165091	0.226308122277	0.956945002079	
-0.161369383335	-0.953099131584	0.256050735712	
0.970009803772	-0.200964391232	-0.136727198958	
0.201897889376	0.243346601725	0.948693692684	
-0.120555371046	-0.955100536346	0.270646214485	
0.971958637238	-0.169013023376	-0.163496032357	
0.199946656823	0.269073098898	0.942136406898	
-0.13883164525	-0.9440715909	0.299089580774	
0.969921171665	-0.190600320697	-0.151408091187	
0.200310111046	0.268846213818	0.942123949528	
-0.15916749835	-0.939908623695	0.302055507898	
0.966716885567	-0.210460290313	-0.145481616259	
0.208718597889	0.241197258234	0.947766005993	
-0.125811606646	-0.954435229301	0.270600944757	
0.969849467278	-0.175719410181	-0.168862968683	
0.189770847559	0.231932938099	0.954040944576	
-0.152181252837	-0.953006744385	0.261952280998	
0.969962835312	-0.194898054004	-0.145557045937	
-0.356459915638	0.840564489365	0.407906413078	
-0.239985600114	-0.504310488701	0.829504609108	
0.902963578701	0.197793468833	0.38148984313	
-0.335538446903	0.845123648643	0.416149020195	
-0.233874812722	-0.502662777901	0.832245588303	
0.912533044815	0.181923612952	0.366315811872	
-0.337341606617	0.847416818142	0.40998211503	
-0.231273248792	-0.496767133474	0.836501717567	
0.912531256676	0.187368929386	0.363565087318	
-0.31975287199	0.860278308392	0.397088557482	
-0.246591076255	-0.480205029249	0.841781437397	
0.914850234985	0.171243533492	0.365683883429	
-0.332327544689	0.855470597744	0.397150397301	
-0.252225488424	-0.486356109381	0.836564421654	
0.908812820911	0.177841946483	0.377401024103	
-0.338259100914	0.846987009048	0.410114318132	
-0.233843952417	-0.497786879539	0.835179746151	
0.911535918713	0.18660441041	0.366443753242	
-0.331546753645	0.852164924145	0.404835343361	
-0.266133636236	-0.496156781912	0.826438963413	
0.905124127865	0.166262850165	0.391288906336	
-0.329062968493	0.853899359703	0.403204023838	
-0.246851533651	-0.489921182394	0.836087048054	
0.911472380161	0.175593748689	0.372001260519	
0.627934575081	0.179661616683	-0.757244944572	
0.487363547087	-0.849365234375	0.202621504664	
-0.60677421093	-0.49628663063	-0.620906352997	
0.602111101151	0.1954472363	-0.774120509624	
0.527978003025	-0.824781119823	0.20242357254	
-0.598916888237	-0.530600130558	-0.599801719189	
0.636439740658	0.178325966001	-0.750429391861	
0.490297824144	-0.844589352608	0.215120613575	
-0.595443069935	-0.504845201969	-0.624963104725	
0.639368891716	0.183733224869	-0.746625423431	
0.483237922192	-0.851312577724	0.204323172569	
-0.598070681095	-0.491435587406	-0.633089661598	
0.633294343948	0.187361940742	-0.750888705254	
0.502831101418	-0.837169408798	0.215193510056	
-0.588301956654	-0.513850986958	-0.624386072159	
0.642916023731	0.194296896458	-0.740883052349	
0.508657574654	-0.831497430801	0.223337203264	
-0.572648644447	-0.520442843437	-0.633413612843	
0.626113891602	0.191181480885	-0.755930542946	
0.504585981369	-0.838454663754	0.205880388618	
-0.59445297718	-0.510336518288	-0.621435642242	
0.62257117033	0.175975337625	-0.762520730495	
0.511474192142	-0.828967213631	0.226290673018	
-0.592283070087	-0.53089171648	-0.60609793663	
-0.375889927149	0.802922070026	-0.462626159191	
0.117801442742	0.536591470242	0.835579097271	
0.919146120548	0.259587734938	-0.2962847054	
-0.367343097925	0.804708242416	-0.466372877359	
0.103459887207	0.53367203474	0.839339137077	
0.924313306808	0.260074555874	-0.279295772314	
-0.322697252035	0.822913825512	-0.46763163805	
0.0935085862875	0.519363641739	0.849421918392	
0.941871881485	0.230378523469	-0.244546726346	
-0.332212626934	0.809448421001	-0.484177708626	
0.104491114616	0.5417573452	0.834014713764	
0.937398731709	0.226477965713	-0.264558792114	
-0.334253430367	0.802199661732	-0.494722485542	
0.0650666952133	0.543302714825	0.837011635303	
0.940234541893	0.247584059834	-0.233797267079	
-0.305903762579	0.799206495285	-0.517389416695	
0.0685675442219	0.560523450375	0.825295031071	
0.949590086937	0.21698474884	-0.226265877485	
-0.340942770243	0.793473660946	-0.504140377045	
0.0883058831096	0.56093198061	0.823138773441	
0.935927391052	0.236124634743	-0.261314094067	
-0.316310703754	0.814202308655	-0.486849218607	
0.105617679656	0.540233492851	0.834860861301	
0.94275790453	0.212655544281	-0.256875813007	
0.737057387829	0.52028375864	-0.431336581707	
-0.267446190119	-0.361586689949	-0.893155992031	
-0.620660126209	0.77366656065	-0.127362236381	
0.762436330318	0.482715547085	-0.430902004242	
-0.27078345418	-0.36679366231	-0.89002174139	
-0.587679445744	0.795266091824	-0.148945435882	
0.748381853104	0.492345482111	-0.444432854652	
-0.303825318813	-0.341159284115	-0.889550745487	
-0.589588701725	0.80075353384	-0.105730384588	
