-0.505887746811	-0.081373564899	0.858752548695	
-0.816709756851	0.365569114685	-0.446479946375	
-0.277601748705	-0.927220344543	-0.251395523548	
-0.488363415003	-0.108044140041	0.865925908089	
-0.822319149971	0.389076143503	-0.41522398591	
-0.292048573494	-0.914847671986	-0.278857320547	
-0.53299510479	-0.103857703507	0.839720070362	
-0.802757322788	0.375699192286	-0.463066756725	
-0.267389088869	-0.920903742313	-0.283618360758	
-0.530449271202	-0.0989321395755	0.841924011707	
-0.791371226311	0.413833707571	-0.449970304966	
-0.303900003433	-0.904960811138	-0.297809809446	
-0.446679055691	-0.0333001725376	0.894074320793	
-0.82612234354	0.399027079344	-0.397868335247	
-0.343510806561	-0.916334271431	-0.205747053027	
-0.473897844553	-0.0868833959103	0.876283109188	
-0.808035850525	0.438429892063	-0.393519133329	
-0.349998444319	-0.894556045532	-0.27797588706	
-0.524774193764	-0.0856347233057	0.846923112869	
-0.787477552891	0.426651805639	-0.44480034709	
-0.32325091958	-0.900352656841	-0.291331291199	
-0.496747463942	-0.10234875977	0.86183911562	
-0.805869221687	0.423053085804	-0.414247334003	
-0.322205990553	-0.900305986404	-0.292630255222	
-0.2160192132	0.689510405064	-0.691311120987	
-0.857758581638	0.204239413142	0.471737742424	
0.466461062431	0.694882452488	0.547313868999	
-0.198520213366	0.700767099857	-0.685211777687	
-0.833968937397	0.246486589313	0.493700474501	
0.514864563942	0.669454872608	0.535485446453	
-0.153626143932	0.682931303978	-0.714145541191	
-0.876114606857	0.240091457963	0.41806614399	
0.456970691681	0.689899206161	0.561441779137	
-0.143585383892	0.69013941288	-0.709289014339	
-0.865869760513	0.259452879429	0.427731007338	
0.479221075773	0.675567805767	0.560317158699	
-0.184617504478	0.696074485779	-0.693827569485	
-0.857520163059	0.230833932757	0.459755241871	
0.480182826519	0.679849982262	0.554281949997	
-0.181640535593	0.702868938446	-0.687736868858	
-0.857031941414	0.229781255126	0.461190700531	
0.48218563199	0.673183381557	0.560643494129	
-0.192774534225	0.686399877071	-0.701208353043	
-0.860277712345	0.225500419736	0.457243710756	
0.471974819899	0.691378831863	0.547023832798	
-0.199295312166	0.695403158665	-0.690431594849	
-0.849269449711	0.228944286704	0.475737214088	
0.488899558783	0.681174695492	0.54495716095	
0.817756474018	0.227244675159	0.528804540634	
0.197296276689	0.752418577671	-0.628442883492	
-0.54069262743	0.618244409561	0.570460617542	
0.800868153572	0.327226996422	0.501530349255	
0.135042920709	0.71724241972	-0.6836130023	
-0.58341550827	0.615211963654	0.530226945877	
0.76720815897	0.261623829603	0.585614740849	
0.239155858755	0.730500102043	-0.639667153358	
-0.595143795013	0.630811035633	0.497876733541	
0.764450132847	0.257472872734	0.591036140919	
0.244091272354	0.732936918736	-0.634998321533	
-0.596687078476	0.629691302776	0.497446835041	
0.781747937202	0.287408590317	0.553413510323	
0.168381586671	0.757205545902	-0.63110011816	
-0.600431382656	0.586545825005	0.543549537659	
0.796315610409	0.299325078726	0.525629043579	
0.205088168383	0.683899343014	-0.700157523155	
-0.569052040577	0.665346682072	0.483211696148	
0.790726780891	0.293996095657	0.536952078342	
0.163629844785	0.743710398674	-0.648166716099	
-0.589895308018	0.600384116173	0.539965212345	
0.789667010307	0.272901326418	0.549500584602	
0.216076403856	0.714545488358	-0.66538387537	
-0.574227273464	0.644165813923	0.50528550148	
0.926137924194	0.0694901719689	-0.370728522539	
-0.203922256827	0.919099807739	-0.337151646614	
0.317307800055	0.387848734856	0.865383803844	
0.937205076218	0.0492246411741	-0.345287650824	
-0.173706546426	0.92434990406	-0.339710563421	
0.30244448781	0.378357201815	0.874856054783	
0.962768018246	0.0585720613599	-0.263907253742	
-0.145380571485	0.935235261917	-0.322799384594	
0.227908357978	0.34914791584	0.908929884434	
0.973934233189	0.0509486794472	-0.221034675837	
-0.132067367435	0.919617116451	-0.369949430227	
0.184418842196	0.389497876167	0.902375221252	
0.949108183384	0.0101794917136	-0.314785659313	
-0.138482660055	0.911165118217	-0.388073056936	
0.282871305943	0.411915689707	0.866203963757	
0.95570230484	0.0515646487474	-0.289782941341	
-0.163766801357	0.911224067211	-0.377956598997	
0.244567975402	0.408670812845	0.879303514957	
0.955219566822	0.0456160567701	-0.292360574007	
-0.153065100312	0.921754479408	-0.356286019087	
0.253232300282	0.385081589222	0.887460172176	
0.961952209473	0.0576516017318	-0.267066061497	
-0.159326061606	0.912443459034	-0.376911312342	
0.22195315361	0.40512123704	0.886912405491	
-0.648009777069	0.292836666107	-0.703086018562	
0.708941340446	-0.105472825468	-0.69733607769	
-0.278362065554	-0.950327396393	-0.139256611466	
-0.680534183979	0.274648696184	-0.679294705391	
0.697107851505	-0.0428067296743	-0.715687215328	
-0.225640937686	-0.960591316223	-0.162328317761	
-0.540078580379	0.272968053818	-0.796117782593	
0.805711448193	-0.105646684766	-0.582810282707	
-0.243195801973	-0.956204593182	-0.162875980139	
-0.532624185085	0.287812143564	-0.795911848545	
0.82368427515	-0.0399123169482	-0.565642297268	
-0.194565415382	-0.956854820251	-0.215808078647	
-0.627222061157	0.226444959641	-0.745194673538	
0.74302148819	-0.112849444151	-0.659684836864	
-0.233477115631	-0.967464566231	-0.0974718108773	
-0.646365702152	0.273074656725	-0.712489724159	
0.724505007267	-0.0733029395342	-0.685360610485	
-0.239382192492	-0.959195971489	-0.150463446975	
-0.597446322441	0.253812193871	-0.760682106018	
0.761373221874	-0.118237406015	-0.637440741062	
-0.251731306314	-0.959999620914	-0.12260530144	
-0.593736290932	0.298868983984	-0.747097432613	
0.768240749836	-0.0656177848577	-0.636789143085	
-0.239339411259	-0.952035546303	-0.190643668175	
0.54619461298	0.571222186089	-0.612679898739	
-0.757302463055	0.649330914021	-0.0697302892804	
0.358000516891	0.502070307732	0.787249028683	
0.564608454704	0.545057237148	-0.619782149792	
-0.734374463558	0.674495875835	-0.0758252218366	
0.376711428165	0.497963726521	0.781102180481	
0.517111122608	0.583092212677	-0.626577615738	
-0.753181993961	0.657743573189	-0.00950186420232	
0.406586945057	0.476840496063	0.77930110693	
0.570274949074	0.558596849442	-0.602292358875	
-0.734765350819	0.674705028534	-0.0699497461319	
0.367295980453	0.482434153557	0.795204997063	
0.558807194233	0.554060816765	-0.617050349712	
-0.720853805542	0.692388892174	-0.0311039406806	
0.410005331039	0.46218419075	0.786308705807	
0.530589044094	0.580343782902	-0.617799580097	
-0.749576568604	0.661540806293	-0.0223308671266	
0.395740091801	0.474936634302	0.786018431187	
0.556656658649	0.553537428379	-0.619459211826	
-0.722808003426	0.690274298191	-0.0327111370862	
0.409489929676	0.465958923101	0.784347057343	
0.519556760788	0.533245623112	-0.667615056038	
-0.77221506834	0.627478599548	-0.0997720807791	
0.365711152554	0.567379713058	0.737791061401	
0.248597353697	-0.769725382328	0.587981402874	
-0.95189255476	-0.0818597823381	0.295295745134	
-0.179164603353	-0.633104860783	-0.753045976162	
0.231821760535	-0.786023199558	0.573084831238	
-0.952050328255	-0.0624200925231	0.299506008625	
-0.199646681547	-0.615037620068	-0.762804031372	
0.190401867032	-0.790884017944	0.581592261791	
-0.968043923378	-0.0527637563646	0.245167210698	
-0.163211837411	-0.609687149525	-0.775656819344	
0.193982765079	-0.796128988266	0.573192179203	
-0.961203336716	-0.0374443903565	0.273287594318	
-0.196109354496	-0.603967308998	-0.772505402565	
0.294845223427	-0.774486899376	0.559675216675	
-0.937472403049	-0.121081531048	0.326320022345	
-0.184964239597	-0.620893955231	-0.761760413647	
0.275333404541	-0.785598874092	0.554099202156	
-0.937298119068	-0.0912507921457	0.336371123791	
-0.213690787554	-0.611970365047	-0.761464715004	
0.26076155901	-0.722956001759	0.639795303345	
-0.952540397644	-0.0848505869508	0.292347669601	
-0.157067492604	-0.685663938522	-0.71077054739	
0.224246382713	-0.797301709652	0.560378015041	
-0.955229341984	-0.0659486651421	0.288422703743	
-0.193003728986	-0.599967300892	-0.776394784451	
0.947134196758	-0.0910555198789	0.307645350695	
-0.186695337296	-0.936236560345	0.297667533159	
0.260924547911	-0.339367061853	-0.903741300106	
0.941873908043	-0.123968541622	0.31225836277	
-0.213739424944	-0.938189864159	0.27224111557	
0.259208291769	-0.323158740997	-0.910153567791	
0.947499990463	-0.0759264454246	0.310610622168	
-0.167137414217	-0.94573277235	0.278665840626	
0.272596538067	-0.315950542688	-0.908771932125	
0.950618028641	-0.0654044374824	0.303393483162	
-0.164053693414	-0.935707509518	0.312310516834	
0.263461053371	-0.34666082263	-0.900230288506	
0.958194971085	-0.0621629022062	0.279281526804	
-0.149026587605	-0.941684305668	0.301698088646	
0.24424059689	-0.330705970526	-0.911581099033	
0.943589806557	-0.127063855529	0.305766254663	
-0.214263409376	-0.938350558281	0.271273702383	
0.252446860075	-0.321485638618	-0.912643194199	
0.946290135384	-0.0581966787577	0.318037986755	
-0.155545935035	-0.944296121597	0.290017813444	
0.283443957567	-0.32391050458	-0.902630329132	
0.933478474617	-0.131141260266	0.333796232939	
-0.228474959731	-0.934883534908	0.27164670825	
0.276436537504	-0.329840421677	-0.902656137943	
-0.995273888111	-0.0779890120029	-0.0578581616282	
0.091333463788	-0.549409985542	-0.830546140671	
0.0329856202006	-0.831905305386	0.553936421871	
-0.993528842926	-0.0898941010237	-0.069422326982	
0.109394028783	-0.592952370644	-0.797772169113	
0.0305508803576	-0.80020403862	0.598949193954	
-0.993516981602	-0.112078748643	-0.0190371219069	
0.0809222534299	-0.579600989819	-0.810872554779	
0.0798476487398	-0.807156145573	0.58491307497	
-0.993578135967	-0.112842567265	-0.00831212941557	
0.0667373761535	-0.525127768517	-0.848402559757	
0.0913709998131	-0.843508958817	0.529286265373	
-0.996576786041	-0.071719892323	-0.041121520102	
0.0741470679641	-0.55540561676	-0.828267395496	
0.0365641266108	-0.828481078148	0.558822154999	
-0.994452655315	-0.0993285626173	-0.0346093960106	
0.0853122472763	-0.569186031818	-0.817770779133	
0.0615288168192	-0.816186904907	0.574502468109	
-0.997588038445	-0.0518887266517	-0.0461048185825	
0.0676821917295	-0.579767584801	-0.811965942383	
0.0154018010944	-0.813127994537	0.581881165504	
-0.992646157742	-0.11990018934	-0.0166592728347	
0.0713014751673	-0.467906117439	-0.880897223949	
0.0978247672319	-0.875607132912	0.473014265299	
-0.992595076561	0.0403177887201	0.114584237337	
0.0342756547034	0.997940480709	-0.0542213469744	
-0.116534329951	-0.0498923882842	-0.991932690144	
-0.992254793644	-0.00993420276791	0.123821459711	
-0.00901427771896	0.999927461147	0.00798748619854	
-0.123891830444	0.0068094599992	-0.992272377014	
-0.980090796947	-0.00122688093688	0.198546007276	
0.0138347847387	0.997128427029	0.0744547992945	
-0.198067203164	0.0757193043828	-0.977259397507	
-0.982801377773	-0.0200743358582	0.183571323752	
-0.00828983075917	0.997867763042	0.0647392868996	
-0.184479504824	0.062104087323	-0.980872273445	
-0.986088693142	0.0341497771442	0.162674337626	
0.0286859795451	0.998946487904	-0.0358193106949	
-0.163726165891	-0.0306545421481	-0.986029446125	
-0.980632424355	0.0158508084714	0.195214882493	
0.0152994981036	0.999873578548	-0.00433174194768	
-0.195258870721	-0.00126115663443	-0.980750918388	
-0.982054293156	-0.026062136516	0.18678894639	
-0.00378794432618	0.992931842804	0.118625640869	
-0.188560321927	0.115789271891	-0.975211679935	
-0.990072846413	-0.00559303117916	0.140443906188	
0.000110478154966	0.999176681042	0.040569987148	
-0.14055518806	0.0401827581227	-0.989257097244	
-0.851230084896	-0.522944450378	-0.0440057143569	
-0.254195153713	0.337500065565	0.906354546547	
-0.459121108055	0.78270226717	-0.420220136642	
-0.86260843277	-0.500899910927	-0.0707530453801	
-0.28118211031	0.358488827944	0.890181064606	
-0.420527428389	0.78777217865	-0.450079590082	
-0.84413677454	-0.527860820293	-0.093787163496	
-0.304311126471	0.327728480101	0.894420921803	
-0.441393047571	0.783554077148	-0.437281578779	
-0.856469333172	-0.511944711208	-0.0661276876926	
-0.270604789257	0.336193114519	0.9020794034	
-0.439583092928	0.790497839451	-0.426473766565	
-0.888597428799	-0.454922944307	-0.0586496070027	
-0.259118288755	0.392351865768	0.882563173771	
-0.378486931324	0.79944050312	-0.466521710157	
-0.860237300396	-0.509893774986	-0.000309472641675	
-0.255595207214	0.430687099695	0.865551710129	
-0.441206157207	0.744658946991	-0.500819504261	
-0.899320781231	-0.430316060781	-0.0777832344174	
-0.2296371907	0.313360482454	0.921451032162	
-0.372140973806	0.846541941166	-0.380628168583	
-0.889007627964	-0.448721140623	-0.0911855772138	
-0.259328454733	0.329281508923	0.907922029495	
-0.377378076315	0.830796599388	-0.409099936485	
0.866472423077	-0.481584370136	0.131537377834	
-0.030416270718	0.212067574263	0.97678154707	
-0.498297512531	-0.850355148315	0.169102698565	
0.877154588699	-0.468476235867	0.105498246849	
-0.00924336910248	0.203180477023	0.979097664356	
-0.480119168758	-0.859795153141	0.173890382051	
0.888425111771	-0.451433092356	0.0831205174327	
0.022210098803	0.223146259785	0.974531888962	
-0.458483964205	-0.863952517509	0.208275109529	
0.885814368725	-0.456922829151	0.0809594988823	
0.0204467829317	0.212729915977	0.976897060871	
-0.463589072227	-0.863694131374	0.197781831026	
0.899382352829	-0.427144557238	0.0930529981852	
0.0166818741709	0.246234983206	0.969066560268	
-0.436844438314	-0.870009124279	0.228584975004	
0.901669919491	-0.429428309202	0.0508202202618	
0.0115867545828	0.141474246979	0.989874124527	
-0.432269752026	-0.891950845718	0.132538750768	
0.882319629192	-0.464357018471	0.0767114907503	
0.0108377747238	0.182992726564	0.9830545187	
-0.470525920391	-0.866536915302	0.166490674019	
0.91925239563	-0.385616093874	0.0792165845633	
0.00598506256938	0.214893072844	0.976619243622	
-0.393623173237	-0.897285461426	0.199848905206	
0.230578556657	-0.346452474594	-0.909287750721	
0.655683815479	0.745776355267	-0.117882840335	
0.718966126442	-0.569024026394	0.399123311043	
0.238906353712	-0.360595077276	-0.901606857777	
0.629753232002	0.764293015003	-0.138805776834	
0.73914450407	-0.534628272057	0.409680366516	
0.218000024557	-0.369317412376	-0.903371810913	
0.670121610165	0.729581773281	-0.136555880308	
0.709516048431	-0.575599789619	0.40653643012	
0.240063890815	-0.325927078724	-0.914407372475	
0.621607780457	0.775122582912	-0.113087274134	
0.745635986328	-0.541254580021	0.38867777586	
0.237518101931	-0.313274085522	-0.91948056221	
0.63328909874	0.767689526081	-0.0979679375887	
0.73656642437	-0.559027850628	0.380733221769	
0.234057784081	-0.302831947803	-0.923855900764	
0.669447243214	0.739290773869	-0.0727294459939	
0.705022931099	-0.601449906826	0.37576675415	
0.233877331018	-0.367786377668	-0.900019228458	
0.621759772301	0.768243908882	-0.15236800909	
0.747473180294	-0.523960351944	0.408349633217	
0.216075181961	-0.351402252913	-0.910948932171	
0.618948042393	0.770867943764	-0.150552242994	
0.755125701427	-0.531299471855	0.384065151215	
-0.487748891115	0.843583345413	0.224651247263	
0.774233996868	0.299118757248	0.557754099369	
0.403314679861	0.44597658515	-0.799025774002	
-0.491658955812	0.828148722649	0.269149005413	
0.766786336899	0.265255570412	0.584532439709	
0.412686496973	0.493770390749	-0.765428423882	
-0.498265266418	0.819262623787	0.283796489239	
0.776608705521	0.276183456182	0.566216886044	
0.385500460863	0.502525031567	-0.773859143257	
-0.506750226021	0.822757124901	0.257439106703	
0.760960996151	0.286555230618	0.582086324692	
0.405145138502	0.490873485804	-0.771297991276	
-0.430198282003	0.865671098232	0.256013721228	
0.782273173332	0.215950503945	0.5843064785	
0.450530916452	0.451640307903	-0.770092785358	
-0.492929518223	0.803850829601	0.332932949066	
0.768500030041	0.222833842039	0.599793970585	
0.407956153154	0.551515102386	-0.727600753307	
-0.471476137638	0.841261506081	0.26455488801	
0.791449189186	0.271316021681	0.547718703747	
0.388996720314	0.467618077993	-0.793734788895	
-0.51641446352	0.838282644749	0.174923762679	
0.742250204086	0.336305201054	0.579623520374	
0.427060574293	0.42916315794	-0.795888364315	
-0.801732599735	-0.570267796516	0.178939893842	
0.586034536362	-0.808869123459	0.0478984452784	
0.117424018681	0.143266707659	0.982693374157	
-0.804981410503	-0.544127225876	0.236496418715	
0.571866095066	-0.817767977715	0.0649977847934	
0.158032134175	0.187566280365	0.969455897808	
-0.821815490723	-0.555535912514	0.126487761736	
0.567150235176	-0.818845033646	0.0885068327188	
0.0544051490724	0.144473850727	0.988011837006	
-0.832001686096	-0.537335395813	0.137999564409	
0.554393231869	-0.814502358437	0.170979753137	
0.0205274950713	0.218761473894	0.97556245327	
-0.779437422752	-0.608119368553	0.15055949986	
0.617738187313	-0.786044180393	0.0231108255684	
0.104292273521	0.111019790173	0.98833078146	
-0.817567586899	-0.52651143074	0.233171388507	
0.559638023376	-0.821875333786	0.106424488127	
0.13560411334	0.217500790954	0.966594517231	
-0.802130579948	-0.581757187843	0.134703740478	
0.59710586071	-0.784099698067	0.169269666076	
0.0071473242715	0.216208770871	0.976320981979	
-0.864055395126	-0.492082506418	0.1061277017	
0.502349019051	-0.856472015381	0.118748426437	
0.032461386174	0.155918359756	0.987236380577	
-0.0789045095444	0.478054225445	0.874778985977	
0.530250608921	0.763207614422	-0.36925381422	
-0.844161331654	0.434716284275	-0.313709080219	
0.0141990417615	0.46750420332	0.883876800537	
0.515841782093	0.753826737404	-0.407004266977	
-0.85656619072	0.461719661951	-0.230454578996	
-0.00393723882735	0.528210580349	0.84910428524	
0.54185372591	0.71477919817	-0.442137122154	
-0.840463578701	0.458349525928	-0.289027124643	
0.0386471524835	0.539613127708	0.841025590897	
0.542544722557	0.695460259914	-0.471147745848	
-0.839137434959	0.474502533674	-0.265886723995	
0.00362824089825	0.432968527079	0.901401758194	
0.544077515602	0.755455732346	-0.365056544542	
-0.839027106762	0.491756916046	-0.232827469707	
0.0120353810489	0.415436923504	0.909542381763	
0.543559134007	0.76075732708	-0.354671359062	
-0.839284539223	0.498658686876	-0.216658547521	
-0.0498507283628	0.531543433666	0.845562815666	
0.539736032486	0.726682364941	-0.424991488457	
-0.840357065201	0.435194551945	-0.323118776083	
0.00208971137181	0.486884087324	0.873464107513	
0.510094285011	0.750764667988	-0.419709682465	
-0.860115945339	0.446426093578	-0.246787905693	
0.714602470398	0.695900440216	0.0711749866605	
-0.687440514565	0.679772257805	0.255607634783	
0.129494681954	-0.231586411595	0.964157044888	
0.719190657139	0.679503023624	0.145053401589	
-0.690722227097	0.676582932472	0.25522211194	
0.0752835422754	-0.283744961023	0.955939948559	
0.691741287708	0.721440374851	0.0319022983313	
-0.705106794834	0.665220797062	0.245572209358	
0.155943647027	-0.192366972566	0.96885317564	
0.665999054909	0.74289727211	0.0674453154206	
-0.729307830334	0.629477977753	0.268081277609	
0.156701520085	-0.2277302742	0.961032569408	
0.73283457756	0.666078925133	0.138897001743	
-0.676093935966	0.689906835556	0.25869974494	
0.076488442719	-0.283491551876	0.955919504166	
0.667185783386	0.722785651684	0.180122330785	
-0.743053376675	0.62881231308	0.229056119919	
0.0522953309119	-0.286663502455	0.956602990627	
0.680179655552	0.729881763458	0.0680310800672	
-0.720592677593	0.648705661297	0.244800314307	
0.134543150663	-0.215530887246	0.967183828354	
0.639919877052	0.76458221674	0.0769192576408	
-0.761956751347	0.618356049061	0.192503973842	
0.0996216237545	-0.181796267629	0.978276848793	
-0.200127691031	-0.946101009846	-0.254640460014	
-0.926044821739	0.267534226179	-0.266207456589	
0.319984197617	0.182532995939	-0.929672956467	
-0.146369919181	-0.95351845026	-0.263397872448	
-0.933902025223	0.220994919538	-0.281048417091	
0.326194435358	0.204850777984	-0.922839820385	
-0.139153122902	-0.977610349655	-0.157842978835	
-0.951838552952	0.176017254591	-0.251040518284	
0.273202896118	0.115307949483	-0.955020546913	
-0.112319588661	-0.982990264893	-0.14530800283	
-0.932669460773	0.154738917947	-0.325858235359	
0.342800289392	0.0989240705967	-0.93418520689	
-0.129561811686	-0.951442360878	-0.279233157635	
-0.935814857483	0.21042829752	-0.282790631056	
0.327817559242	0.224671676755	-0.917637348175	
-0.144983246922	-0.94765239954	-0.284490346909	
-0.935915052891	0.224632874131	-0.271298795938	
0.321002840996	0.226925030351	-0.919490218163	
-0.107042849064	-0.987623810768	-0.114634551108	
-0.942384660244	0.137535631657	-0.304950982332	
0.31694316864	0.0753870233893	-0.945443689823	
-0.155954405665	-0.976547420025	-0.148436516523	
-0.93192499876	0.195277616382	-0.305585384369	
0.327404946089	0.0906743109226	-0.940523326397	
0.0545050390065	0.821738421917	0.567252337933	
0.938431859016	-0.236244231462	0.252060115337	
0.341137558222	0.518589138985	-0.78402197361	
0.050407577306	0.862149298191	0.504140496254	
0.923871994019	-0.231994345784	0.304366767406	
0.379367351532	0.450418919325	-0.808209896088	
-0.000390214088839	0.875202775002	0.483756124973	
0.94001865387	-0.164699211717	0.29872906208	
0.341122746468	0.454856365919	-0.822642683983	
0.0442568138242	0.862926661968	0.503387451172	
0.924177050591	-0.226719811559	0.307400256395	
0.379391789436	0.451614558697	-0.807530879974	
0.0757965743542	0.807632088661	0.584795057774	
0.93669885397	-0.258729726076	0.235911458731	
0.341833531857	0.529895603657	-0.77611887455	
0.0203583203256	0.882557153702	0.469764232635	
0.919453918934	-0.20106600225	0.33790075779	
0.392670363188	0.42504748702	-0.815563976765	
0.0753765106201	0.872978329659	0.4818995893	
0.942067503929	-0.220750361681	0.252543330193	
0.326844364405	0.434946089983	-0.839043915272	
0.049734339118	0.889526188374	0.454169183969	
0.939801752567	-0.195606872439	0.280197381973	
0.338081508875	0.412893563509	-0.845706701279	
0.946603655815	0.0135912746191	-0.322112977505	
0.0475829876959	-0.994059026241	0.0978901982307	
-0.318868845701	-0.107990317047	-0.941626667976	
0.946710586548	0.0270788371563	-0.3209451437	
0.0786230564117	-0.985744357109	0.148749634624	
-0.31234189868	-0.166056543589	-0.935343682766	
0.940986394882	-0.00174063560553	-0.338439911604	
0.0442488268018	-0.990770637989	0.128123521805	
-0.335539340973	-0.135538071394	-0.93222463131	
0.936282634735	-0.00885409023613	-0.351135849953	
0.0546919107437	-0.983814358711	0.170640140772	
-0.346963346004	-0.17897169292	-0.920644104481	
0.954394817352	0.0483585335314	-0.294604688883	
0.0874305292964	-0.988803386688	0.120928689837	
-0.28545820713	-0.14117115736	-0.947936892509	
0.954303860664	-0.00755618745461	-0.298742473125	
0.0133775016293	-0.99759799242	0.0679656937718	
-0.298538446426	-0.0688563510776	-0.951910495758	
0.929006993771	0.0136833563447	-0.369809031487	
0.0790048316121	-0.983610570431	0.162075400352	
-0.36153036356	-0.179785877466	-0.914862215519	
0.937317550182	-0.011914701201	-0.348272740841	
0.0567539259791	-0.980852425098	0.186299428344	
-0.343823850155	-0.194387570024	-0.918693959713	
0.807064831257	-0.560573220253	0.185483306646	
0.23098257184	0.0106341950595	-0.972899794579	
0.543409109116	0.828036606312	0.138065129519	
0.817155599594	-0.560981094837	0.132502660155	
0.151361703873	-0.0129748964682	-0.988393306732	
0.55618917942	0.827726900578	0.0743085518479	
0.808448791504	-0.577815055847	0.111983589828	
0.120022177696	-0.0244172737002	-0.992470920086	
0.576198995113	0.815802395344	0.0496105104685	
0.800708174706	-0.588418960571	0.112381130457	
0.124692842364	-0.0197806283832	-0.991998195648	
0.585933506489	0.808314204216	0.0575331263244	
0.838147103786	-0.525604844093	0.145770102739	
0.186016649008	0.0242138188332	-0.982248187065	
0.512744784355	0.850384175777	0.118065997958	
0.871755957603	-0.487784355879	0.0459131114185	
0.109394833446	0.10244499892	-0.988705098629	
0.477571308613	0.866932213306	0.142668128014	
0.799808204174	-0.578051507473	0.161750897765	
0.170270144939	-0.0399179421365	-0.984588563442	
0.57559967041	0.815023362637	0.0664982125163	
0.874284148216	-0.472816199064	0.109872877598	
0.120250567794	-0.00833005923778	-0.992708623409	
0.470283955336	0.881121695042	0.0495735779405	
0.157561421394	0.986503779888	-0.0445504523814	
-0.698127031326	0.0793686881661	-0.711561143398	
-0.698421835899	0.143216460943	0.701210379601	
0.130792289972	0.990034162998	-0.0522087737918	
-0.724581420422	0.0595154725015	-0.686614692211	
-0.67666476965	0.127633407712	0.725144505501	
0.219293758273	0.974712252617	-0.0429688133299	
-0.673035740852	0.11924353987	-0.729934155941	
-0.706351995468	0.188989549875	0.682165563107	
0.198168829083	0.978825867176	-0.0512741394341	
-0.703216552734	0.105539523065	-0.703098773956	
-0.682799816132	0.17538908124	0.709241211414	
0.0951410904527	0.995428919792	-0.00833414308727	
-0.696356892586	0.0605689771473	-0.715135276318	
-0.711361587048	0.0738422945142	0.698936343193	
0.124597892165	0.983615279198	-0.130293488503	
-0.685350775719	-0.0096377748996	-0.728149354458	
-0.717474520206	0.180022612214	0.672920644283	
0.0712368488312	0.994079053402	-0.0820493623614	
-0.676616609097	-0.0122801261023	-0.736233055592	
-0.732881486416	0.107962884009	0.671735644341	
0.227289751172	0.972559273243	-0.0496777817607	
-0.679451286793	0.121831864119	-0.723535001278	
-0.697628319263	0.198205724359	0.688497781754	
-0.41635248065	-0.876832008362	0.240449994802	
0.38946968317	0.0669695287943	0.918601334095	
-0.821561932564	0.476109951735	0.313616573811	
-0.409366369247	-0.878041088581	0.247917428613	
0.341050058603	0.104764297605	0.934189140797	
-0.846229314804	0.466977864504	0.256568968296	
-0.4581387043	-0.86319822073	0.21212670207	
0.419825077057	0.000219135341467	0.90760499239	
-0.783489525318	0.504865109921	0.362291872501	
-0.44749557972	-0.851142168045	0.274417042732	
0.427383631468	0.066003061831	0.901657819748	
-0.78555136919	0.520769238472	0.334228157997	
-0.447471112013	-0.832321226597	0.327125281096	
0.369381248951	0.161114647985	0.915204644203	
-0.814448952675	0.53036159277	0.235349699855	
-0.457094103098	-0.839591562748	0.293514877558	
0.387287348509	0.109192766249	0.915470063686	
-0.800670623779	0.532130599022	0.275251835585	
-0.525767087936	-0.820230841637	0.225367084146	
0.40651601553	-0.00955680757761	0.913593649864	
-0.747203946114	0.571952819824	0.338461637497	
-0.476887702942	-0.821520090103	0.312542527914	
0.414194256067	0.103588603437	0.904274582863	
-0.775255560875	0.560690760612	0.290868759155	
-0.264898300171	-0.196753263474	0.943989932537	
0.910902380943	-0.372240155935	0.178028419614	
0.316363304853	0.907042145729	0.277828812599	
-0.279515892267	-0.232378304005	0.931596040726	
0.880736887455	-0.448414862156	0.15240304172	
0.382326334715	0.8630900383	0.330003231764	
-0.200998827815	-0.170879140496	0.964572310448	
0.901255965233	-0.418092668056	0.113737523556	
0.38384526968	0.892187654972	0.238041982055	
-0.224782183766	-0.188886359334	0.955926179886	
0.880432665348	-0.459714651108	0.116192802787	
0.417506039143	0.867746710777	0.26963737607	
-0.225397765636	-0.164920195937	0.960206866264	
0.892209172249	-0.43083563447	0.135437965393	
0.391354858875	0.887232780457	0.244252711535	
-0.234039202332	-0.175907492638	0.956181049347	
0.897335350513	-0.417606025934	0.142809376121	
0.374185711145	0.891438007355	0.255584180355	
-0.236235275865	-0.118334554136	0.964463472366	
0.87934076786	-0.448375463486	0.160372063518	
0.413464218378	0.885977625847	0.209978505969	
-0.243406847119	-0.187516614795	0.951625227928	
0.895344614983	-0.420726239681	0.146107763052	
0.372976064682	0.887596189976	0.270299643278	
0.14860612154	0.667593836784	-0.72954416275	
0.780790865421	-0.531941235065	-0.327725708485	
-0.606862306595	-0.520919382572	-0.600300908089	
0.175398007035	0.663920938969	-0.726941883564	
0.784936487675	-0.539989948273	-0.303785413504	
-0.594230830669	-0.517319858074	-0.615848898888	
0.0974202975631	0.623982906342	-0.775341629982	
0.746955215931	-0.560668408871	-0.357363671064	
-0.657698392868	-0.544331014156	-0.520707786083	
0.115543365479	0.639992117882	-0.759644567966	
0.735470056534	-0.569147527218	-0.367634117603	
-0.667632758617	-0.516218185425	-0.536456227303	
0.107870206237	0.615168869495	-0.780981004238	
0.798371195793	-0.521722078323	-0.300681740046	
-0.592425048351	-0.591078102589	-0.547411382198	
0.172451078892	0.633823335171	-0.754008352757	
0.807621896267	-0.529216051102	-0.26014855504	
-0.563921570778	-0.564090788364	-0.603153467178	
0.0902777910233	0.604142010212	-0.791746377945	
0.789496302605	-0.528015971184	-0.312881320715	
-0.607079446316	-0.596834599972	-0.524636030197	
0.139532953501	0.626626193523	-0.766726911068	
0.744105935097	-0.577222943306	-0.336333185434	
-0.653327584267	-0.523596465588	-0.54681789875	
-0.142325028777	-0.933747112751	-0.32842040062	
0.455683320761	-0.356356561184	0.815697669983	
-0.878690123558	-0.033561501652	0.476211428642	
-0.120921291411	-0.92403537035	-0.362679809332	
0.517557859421	-0.37045827508	0.771294116974	
-0.847060739994	-0.0944418907166	0.523038029671	
-0.146181061864	-0.910731673241	-0.386262714863	
0.409743905067	-0.41113075614	0.814298152924	
-0.900411605835	-0.0392338186502	0.433266282082	
-0.120062448084	-0.916365146637	-0.381916195154	
0.432222008705	-0.394574642181	0.81086063385	
-0.893738865852	-0.0677186772227	0.443446785212	
-0.0849167779088	-0.941911399364	-0.324949264526	
0.485030919313	-0.323954999447	0.812279582024	
-0.870364367962	-0.0886342823505	0.48436537385	
-0.105472140014	-0.929140806198	-0.354362756014	
0.496947735548	-0.35791093111	0.790533185005	
-0.861346960068	-0.0927205383778	0.499484062195	
-0.122734040022	-0.926736712456	-0.355099260807	
0.417972266674	-0.372792452574	0.828447341919	
-0.900130867958	-0.0467429570854	0.43310457468	
-0.156148090959	-0.918391525745	-0.363558471203	
0.42709004879	-0.394663721323	0.813532233238	
-0.890624403954	-0.028240699321	0.453861862421	
0.90555870533	0.155992045999	-0.394499540329	
0.090304017067	0.83774214983	0.53854739666	
0.414498001337	-0.523311138153	0.744538009167	
0.906166911125	0.0566939041018	-0.419102966785	
0.186557233334	0.835764825344	0.516423821449	
0.379549592733	-0.546152889729	0.74676579237	
0.952029645443	0.0833464339375	-0.294436603785	
0.0948413833976	0.834446251392	0.542867004871	
0.290937542915	-0.544750273228	0.786512851715	
0.949223935604	0.0340409763157	-0.312754064798	
0.140549644828	0.843517661095	0.518385767937	
0.281459927559	-0.536021649837	0.795902729034	
0.927032709122	0.100468054414	-0.361270666122	
0.110908769071	0.846869528294	0.520106971264	
0.358203232288	-0.52222430706	0.773932933807	
0.92094796896	0.06121474877	-0.384847462177	
0.155913442373	0.847210586071	0.507863402367	
0.357135564089	-0.527718663216	0.770692646503	
0.951262831688	0.0252117738128	-0.307348906994	
0.144195944071	0.844621658325	0.515579044819	
0.27259221673	-0.534769654274	0.799821794033	
0.947189331055	0.0332533493638	-0.318946123123	
0.140118211508	0.851719856262	0.504916012287	
0.288442879915	-0.522941231728	0.802080512047	
-0.0082303378731	-0.0447476580739	0.998964428902	
-0.833605825901	0.552070915699	0.0178615190089	
-0.552298486233	-0.832595527172	-0.0418456383049	
-0.0836127102375	-0.067965939641	0.994177818298	
-0.907437026501	0.41746288538	-0.047778185457	
-0.411785066128	-0.906148672104	-0.0965800210834	
-0.0919155180454	-0.0145999463275	0.995659768581	
-0.847225904465	0.526535093784	-0.0704917684197	
-0.523220658302	-0.850028038025	-0.060766197741	
-0.0493386723101	0.013944145292	0.998684763908	
-0.90752363205	0.416934937239	-0.0506564378738	
-0.417092949152	-0.908829391003	-0.00791637506336	
-0.0058225505054	-0.0333323143423	0.999427378178	
-0.848627150059	0.528839111328	0.012693525292	
-0.528959393501	-0.84806728363	-0.0313658975065	
0.0153617793694	0.00392614677548	0.999874293804	
-0.896244704723	0.443396806717	0.0120285851881	
-0.443293839693	-0.896316826344	0.0103301526979	
-0.108449555933	-0.00836172234267	0.994066774845	
-0.859859347343	0.502610445023	-0.0895801782608	
-0.498879283667	-0.864472568035	-0.0616977848113	
-0.126200586557	-0.0220452379435	0.991759777069	
-0.867892444134	0.486660450697	-0.099620886147	
-0.480454087257	-0.873313009739	-0.0805497318506	
0.938805580139	-0.0125870201737	-0.344217449427	
-0.158861011267	0.870878517628	-0.465116947889	
0.305626004934	0.491337120533	0.815586030483	
0.940102219582	-0.109515525401	-0.322822123766	
-0.0916884690523	0.830861210823	-0.54887419939	
0.328330606222	0.545596957207	0.771053135395	
0.897900700569	-0.0272785890847	-0.439352035522	
-0.214499950409	0.844453930855	-0.490802705288	
0.384400963783	0.53493309021	0.752384543419	
0.909309566021	-0.0221001878381	-0.415533006191	
-0.19905744493	0.853819668293	-0.48100733757	
0.365420609713	0.520099520683	0.771987199783	
0.884659528732	-0.0620229840279	-0.462093770504	
-0.194015532732	0.852250993252	-0.485825330019	
0.423952192068	0.519443392754	0.741918563843	
0.897349298	-0.0990338772535	-0.430065780878	
-0.153250604868	0.843928575516	-0.514100015163	
0.413858115673	0.527235150337	0.742121696472	
0.938167214394	-0.0726812630892	-0.338466674089	
-0.112139977515	0.861188948154	-0.495760291815	
0.327516257763	0.503061711788	0.799788713455	
0.952669203281	-0.0879965871572	-0.290994822979	
-0.0838004201651	0.844096183777	-0.529602766037	
0.2922308743	0.528921723366	0.796770274639	
-0.95118778944	0.252245485783	-0.177803173661	
-0.278363078833	-0.950012326241	0.14138802886	
-0.133250713348	0.183980405331	0.97385597229	
-0.958055078983	0.231398925185	-0.169071108103	
-0.245612084866	-0.966954886913	0.0683592706919	
-0.14766587317	0.107017852366	0.983230352402	
-0.978031277657	0.162845894694	-0.130138650537	
-0.175119534135	-0.980502903461	0.0891472771764	
-0.113084055483	0.109978638589	0.98747998476	
-0.954322397709	0.228155121207	-0.192909315228	
-0.243126213551	-0.96828609705	0.0575470775366	
-0.173661753535	0.101819775999	0.979527592659	
-0.973613142967	0.216999709606	-0.0706301778555	
-0.225492611527	-0.962380230427	0.151583060622	
-0.0350796058774	0.163509830832	0.985917806625	
-0.984043896198	0.151782482862	-0.092842169106	
-0.162072658539	-0.979969084263	0.115728408098	
-0.0734169110656	0.128929018974	0.98893237114	
-0.950826644897	0.18771378696	-0.246357858181	
-0.221405357122	-0.96815854311	0.116827644408	
-0.216583311558	0.165627792478	0.962111771107	
-0.945375263691	0.195840448141	-0.26059949398	
-0.222666144371	-0.971813619137	0.0774470195174	
-0.238086879253	0.131243184209	0.962335646152	
0.200413033366	0.305451601744	0.930878043175	
-0.10562787205	-0.937880039215	0.330490291119	
0.974000692368	-0.164561226964	-0.155699178576	
0.163694411516	0.300421386957	0.939654767513	
-0.0739422887564	-0.946087241173	0.315359205008	
0.983736097813	-0.121102765203	-0.132655352354	
0.152953162789	0.226011276245	0.962041676044	
-0.157089725137	-0.955557882786	0.249463424087	
0.975668072701	-0.18928308785	-0.110651552677	
0.19482922554	0.253150194883	0.947605669498	
-0.0747386962175	-0.959478795528	0.271688431501	
0.977985501289	-0.123755671084	-0.168014392257	
0.168017983437	0.306762784719	0.936838567257	
-0.111743189394	-0.938296675682	0.327280879021	
0.979430139065	-0.159674406052	-0.123372070491	
0.185099184513	0.302155435085	0.935115158558	
-0.140525892377	-0.933640956879	0.329495161772	
0.972620546818	-0.192397192121	-0.130355522037	
0.191989943385	0.249047115445	0.949270963669	
-0.0802387967706	-0.960043370724	0.268101602793	
0.97811126709	-0.127641171217	-0.16433544457	
0.159241810441	0.230763927102	0.959890663624	
-0.135365217924	-0.958010613918	0.252768486738	
0.977915287018	-0.17018713057	-0.12131793797	
-0.384355634451	0.841813802719	0.378972709179	
-0.239425241947	-0.487355202436	0.839738309383	
0.891597628593	0.232022538781	0.388869196177	
-0.345101356506	0.850133597851	0.397715896368	
-0.216083526611	-0.484331339598	0.847780108452	
0.913352608681	0.206630215049	0.350843280554	
-0.355877548456	0.850162982941	0.388038814068	
-0.210613533854	-0.477502793074	0.853014051914	
0.910490572453	0.221842333674	0.348988354206	
-0.324488580227	0.873817384243	0.362146854401	
-0.245535746217	-0.447552919388	0.859888672829	
0.913465559483	0.190104067326	0.359779208899	
-0.344775110483	0.863847255707	0.367284715176	
-0.24868708849	-0.461353689432	0.851649880409	
0.905143558979	0.202288717031	0.373890936375	
-0.360089600086	0.848277807236	0.388278573751	
-0.214405909181	-0.480306148529	0.850491702557	
0.907945811749	0.223003983498	0.354829013348	
-0.343918830156	0.856953084469	0.383863627911	
-0.286491423845	-0.485071033239	0.826213479042	
0.894227325916	0.174176752567	0.412334769964	
-0.33496940136	0.86678481102	0.369431436062	
-0.247026860714	-0.459155917168	0.853319168091	
0.909270703793	0.194576323032	0.367922306061	
0.609912693501	0.185433417559	-0.770468056202	
0.505304038525	-0.839954733849	0.197848126292	
-0.610470592976	-0.509990692139	-0.605999290943	
0.560854971409	0.214742422104	-0.799579501152	
0.582422852516	-0.788727223873	0.19670535624	
-0.588409125805	-0.576016545296	-0.567432463169	
0.636091768742	0.1870919168	-0.748587906361	
0.51114565134	-0.828932225704	0.227159708738	
-0.578028917313	-0.527131855488	-0.622908174992	
0.641128957272	0.186563819647	-0.744410932064	
0.484406560659	-0.850728273392	0.20398940146	
-0.595234394073	-0.491381049156	-0.63579928875	
0.624600708485	0.198019683361	-0.755421817303	
0.53329205513	-0.814807116985	0.227352082729	
-0.57050293684	-0.544864714146	-0.61453139782	
0.644107699394	0.20579046011	-0.736733019352	
0.536574363708	-0.807981312275	0.243421763182	
-0.545172631741	-0.552101910114	-0.630848884583	
0.614232599735	0.197231188416	-0.764079928398	
0.529292166233	-0.821129381657	0.213532879949	
-0.58529317379	-0.535580396652	-0.608757376671	
0.611214518547	0.17266061902	-0.77240216732	
0.540239572525	-0.804221749306	0.24772696197	
-0.578409910202	-0.568696498871	-0.584830105305	
-0.44598659873	0.778666913509	-0.441331833601	
0.132478296757	0.545084476471	0.82784807682	
0.885181009769	0.310742229223	-0.346256822348	
-0.425486803055	0.788052678108	-0.444897681475	
0.116435132921	0.535204589367	0.836659371853	
0.897442936897	0.304185777903	-0.319479525089	
-0.32737827301	0.825296342373	-0.460118889809	
0.0983323603868	0.514066338539	0.852095425129	
0.939762830734	0.233712956309	-0.249447479844	
-0.351071864367	0.798405408859	-0.489180326462	
0.116974778473	0.555738270283	0.823086798191	
0.929013133049	0.231740862131	-0.288497358561	
-0.352963387966	0.780907809734	-0.515363812447	
0.0362897515297	0.561827540398	0.8264580369	
0.934933125973	0.273006975651	-0.226643502712	
-0.31070715189	0.774733543396	-0.55068051815	
0.0440465398133	0.590468525887	0.8058578372	
0.949484586716	0.226130217314	-0.217587128282	
-0.35933354497	0.775159955025	-0.519621431828	
0.082370609045	0.580983400345	0.809736609459	
0.929566800594	0.248163998127	-0.272617220879	
-0.324963152409	0.807781398296	-0.491821289063	
0.126500591636	0.552499592304	0.823857903481	
0.937228143215	0.205507770181	-0.281726837158	
0.694383382797	0.546087384224	-0.468636631966	
-0.274274498224	-0.401238590479	-0.873945713043	
-0.665285825729	0.735388457775	-0.128835573792	
0.746539354324	0.466582685709	-0.474320113659	
-0.287232279778	-0.417034596205	-0.862310707569	
-0.600147128105	0.77998894453	-0.177315145731	
0.721926152706	0.492346912622	-0.486227482557	
-0.339251428843	-0.360595941544	-0.868837714195	
-0.60310125351	0.792190074921	-0.0932942405343	
