-0.512026846409	-0.0643566176295	0.85655516386	
-0.786273658276	0.436601221561	-0.43721061945	
-0.345835626125	-0.897350311279	-0.274153441191	
-0.505594372749	-0.0833641439676	0.858734369278	
-0.790094077587	0.444576442242	-0.422022670507	
-0.34659153223	-0.89185321331	-0.290640860796	
-0.531364738941	-0.0790752843022	0.843444466591	
-0.775519549847	0.446074336767	-0.446751743555	
-0.340911895037	-0.89149582386	-0.298352599144	
-0.51695227623	-0.075253739953	0.852699935436	
-0.778333067894	0.455955415964	-0.431627452374	
-0.356311559677	-0.886815369129	-0.294279664755	
-0.503920018673	-0.0561650320888	0.861922323704	
-0.784664928913	0.446898728609	-0.429630637169	
-0.361061781645	-0.892819702625	-0.269271939993	
-0.505810439587	-0.0782611146569	0.85908728838	
-0.781586527824	0.463033258915	-0.417998433113	
-0.365072965622	-0.882879018784	-0.295374900103	
-0.521131694317	-0.0743747204542	0.850229501724	
-0.772039711475	0.465756744146	-0.432464212179	
-0.363835722208	-0.881781756878	-0.300140827894	
-0.506216347218	-0.0770785883069	0.858955144882	
-0.782298088074	0.460248917341	-0.419738739729	
-0.362980306149	-0.884437561035	-0.293283969164	
-0.167524397373	0.705662429333	-0.688459277153	
-0.859617173672	0.237356513739	0.452460199594	
0.482694447041	0.667609512806	0.566836476326	
-0.160485967994	0.707627177238	-0.68811917305	
-0.846827864647	0.259442001581	0.464297741652	
0.507076740265	0.657231807709	0.557601630688	
-0.144762322307	0.70254701376	-0.696757853031	
-0.860374748707	0.258398145437	0.439301401377	
0.488670825958	0.663067162037	0.567047417164	
-0.139954909682	0.708284437656	-0.691914558411	
-0.856554508209	0.263946741819	0.443448394537	
0.496716201305	0.654725313187	0.56974363327	
-0.154305875301	0.707400262356	-0.689764142036	
-0.860190391541	0.247264802456	0.446018576622	
0.486068040133	0.662151813507	0.570344507694	
-0.161901280284	0.710808813572	-0.684498906136	
-0.853293776512	0.247569456697	0.458910763264	
0.495658844709	0.658376932144	0.566446959972	
-0.153366968036	0.699983000755	-0.697497189045	
-0.858056664467	0.255756884813	0.445339441299	
0.490119755268	0.666792452335	0.561400413513	
-0.15207965672	0.705018877983	-0.692690491676	
-0.854022502899	0.259045064449	0.451155483723	
0.497511178255	0.660184860229	0.562706530094	
0.795993149281	0.2435195297	0.55415982008	
0.214310526848	0.742822408676	-0.634260118008	
-0.566097021103	0.623629033566	0.53909277916	
0.789857685566	0.282630950212	0.544283568859	
0.192917302251	0.727929651737	-0.657952368259	
-0.582157850266	0.62469047308	0.52043646574	
0.77645367384	0.25261169672	0.577327489853	
0.226319879293	0.743236839771	-0.62958586216	
-0.588131785393	0.619504928589	0.519917905331	
0.778702378273	0.251478642225	0.574787914753	
0.225394174457	0.742855846882	-0.630367040634	
-0.585508406162	0.620422184467	0.521781802177	
0.787248253822	0.262494474649	0.557975649834	
0.196303069592	0.751109778881	-0.630316734314	
-0.584555625916	0.60574811697	0.539781391621	
0.790277004242	0.266003549099	0.552000403404	
0.218541100621	0.71925508976	-0.659478545189	
-0.572452664375	0.64180546999	0.510278046131	
0.780433654785	0.268401116133	0.564698278904	
0.203688755631	0.744758188725	-0.63548886776	
-0.591129601002	0.610979616642	0.526564061642	
0.78196823597	0.25421577692	0.569122135639	
0.223065838218	0.738451361656	-0.636342048645	
-0.582037210464	0.624550998211	0.520738661289	
0.941490411758	0.0723414719105	-0.329184561968	
-0.186169788241	0.92579472065	-0.329006075859	
0.280956536531	0.371040284634	0.885094642639	
0.947859406471	0.0571619831026	-0.313520371914	
-0.165480867028	0.92903983593	-0.330909401178	
0.272357493639	0.365537196398	0.890058398247	
0.951409995556	0.0777762755752	-0.297942727804	
-0.17400585115	0.934074580669	-0.311811834574	
0.254049181938	0.348504662514	0.902221441269	
0.959989786148	0.0658108443022	-0.272192150354	
-0.160420045257	0.925939619541	-0.341908216476	
0.22953222692	0.371893465519	0.899449944496	
0.948696732521	0.0593171268702	-0.310573726892	
-0.169878557324	0.924056589603	-0.342433512211	
0.266675502062	0.377625346184	0.886726140976	
0.952904760838	0.070118650794	-0.295052349567	
-0.172991633415	0.924772083759	-0.338925540447	
0.249091163278	0.37400534749	0.893349647522	
0.950132489204	0.0770060569048	-0.302189260721	
-0.180174872279	0.926481842995	-0.330406486988	
0.254529565573	0.36837682128	0.894155025482	
0.952474296093	0.0732428878546	-0.295682549477	
-0.178337350488	0.921004354954	-0.346333384514	
0.246958434582	0.382604897022	0.890294909477	
-0.613188147545	0.36162725091	-0.702300548553	
0.727213203907	-0.0887674316764	-0.680647730827	
-0.308482170105	-0.928087353706	-0.20854896307	
-0.620963215828	0.353631347418	-0.699535250664	
0.730928957462	-0.0610910207033	-0.679713726044	
-0.283103406429	-0.933387815952	-0.220544114709	
-0.580290675163	0.355811327696	-0.732571482658	
0.759369254112	-0.0886773616076	-0.644588708878	
-0.294314473867	-0.930341124535	-0.218733534217	
-0.582395374775	0.365785241127	-0.72595924139	
0.764177024364	-0.0581920556724	-0.642376184464	
-0.277216792107	-0.928878247738	-0.245633900166	
-0.615923881531	0.335251659155	-0.712912380695	
0.733701705933	-0.0854649916291	-0.674075365067	
-0.28691393137	-0.93824416399	-0.193334773183	
-0.629824459553	0.350563287735	-0.693128108978	
0.721559524536	-0.0662648454309	-0.689173996449	
-0.287529110909	-0.934191823006	-0.211217060685	
-0.60775744915	0.344750404358	-0.715386629105	
0.736217975616	-0.0930832624435	-0.670312285423	
-0.297680944204	-0.93406778574	-0.197239398956	
-0.604521453381	0.368600904942	-0.706177830696	
0.74163299799	-0.0631368309259	-0.667828023434	
-0.290747851133	-0.927441179752	-0.235199004412	
0.580919206142	0.542864620686	-0.60649061203	
-0.701367020607	0.711963832378	-0.0345225408673	
0.413058310747	0.445427328348	0.794340848923	
0.587521195412	0.532968819141	-0.608903229237	
-0.693597435951	0.719269752502	-0.0396694354713	
0.41682305932	0.445640325546	0.792252004147	
0.567493140697	0.546432435513	-0.615924656391	
-0.701215684414	0.712817847729	-0.0136839700863	
0.431564718485	0.439661592245	0.787686228752	
0.587670147419	0.540335595608	-0.602230250835	
-0.696674644947	0.716430783272	-0.0370320603251	
0.411446541548	0.44132116437	0.797463059425	
0.589538633823	0.532979547977	-0.606940686703	
-0.684586048126	0.728495121002	-0.025236222893	
0.428702920675	0.43038085103	0.79434633255	
0.581060647964	0.542022645473	-0.607107877731	
-0.697245121002	0.716292440891	-0.0278286021203	
0.41978302598	0.439473092556	0.794131994247	
0.588923633099	0.529997229576	-0.610140860081	
-0.684058606625	0.728923738003	-0.0270933043212	
0.43038675189	0.433327972889	0.791829586029	
0.575190484524	0.524810016155	-0.627479374409	
-0.703874409199	0.708362281322	-0.0527606867254	
0.416793376207	0.47201409936	0.776843607426	
0.231511279941	-0.806067228317	0.544663369656	
-0.948526859283	-0.0626648962498	0.310434967279	
-0.21610018611	-0.588497042656	-0.779084026814	
0.224680617452	-0.812386155128	0.538096010685	
-0.948689043522	-0.0562744289637	0.311162799597	
-0.222503319383	-0.580398082733	-0.783345639706	
0.215759038925	-0.809942245483	0.545382082462	
-0.954722821712	-0.0578252747655	0.291822820902	
-0.204822763801	-0.58365213871	-0.785746634007	
0.215461611748	-0.816089391708	0.536259651184	
-0.952561497688	-0.0547689422965	0.299377530813	
-0.214948445559	-0.575324714184	-0.789175927639	
0.245926097035	-0.809354126453	0.533353745937	
-0.944969236851	-0.0777099281549	0.317796081305	
-0.21576268971	-0.582157254219	-0.783925652504	
0.237410545349	-0.815415740013	0.527952134609	
-0.943947434425	-0.065336227417	0.323565125465	
-0.229345694184	-0.57517683506	-0.785221099854	
0.239904478192	-0.792056202888	0.561331272125	
-0.94808113575	-0.066803842783	0.310933172703	
-0.208777457476	-0.606781840324	-0.766960084438	
0.225603982806	-0.817709803581	0.52957868576	
-0.950112819672	-0.0644977092743	0.305164903402	
-0.215379729867	-0.572005927563	-0.791467487812	
0.94750803709	-0.115520723164	0.298133403063	
-0.201046317816	-0.940305054188	0.274602860212	
0.248614028096	-0.320127010345	-0.914171636105	
0.945345759392	-0.129557952285	0.299225866795	
-0.212427467108	-0.940915465355	0.263728290796	
0.247378140688	-0.312878191471	-0.917012155056	
0.947367191315	-0.108867757022	0.301070064306	
-0.192191079259	-0.945496380329	0.262867242098	
0.256042897701	-0.306894779205	-0.916655659676	
0.948806643486	-0.106392763555	0.297399610281	
-0.193399190903	-0.940111339092	0.280691027641	
0.24972525239	-0.323838353157	-0.912560164928	
0.951613128185	-0.104981191456	0.28881034255	
-0.188098117709	-0.942194163799	0.277289152145	
0.243005260825	-0.318196684122	-0.916351079941	
0.944348037243	-0.131673663855	0.301444619894	
-0.214284166694	-0.941523253918	0.260031193495	
0.249577865005	-0.310154765844	-0.9173412323	
0.947126328945	-0.103859692812	0.303586781025	
-0.188627272844	-0.945627212524	0.264969706535	
0.259560227394	-0.308224529028	-0.915219187737	
0.94251781702	-0.131779044867	0.307073950768	
-0.216959297657	-0.940246164799	0.262422978878	
0.25414326787	-0.313960880041	-0.914789497852	
-0.995790064335	-0.0854423940182	-0.0331931859255	
0.0739370957017	-0.534664511681	-0.84182369709	
0.0541802160442	-0.840733885765	0.538730919361	
-0.995292723179	-0.0863193050027	-0.044060356915	
0.0847675874829	-0.555009305477	-0.827513813972	
0.0469765104353	-0.827353417873	0.55971378088	
-0.994630634785	-0.102080114186	-0.0170160476118	
0.0709160864353	-0.552548229694	-0.830458521843	
0.0753711089492	-0.827206194401	0.556820511818	
-0.994616448879	-0.101141937077	-0.0225475039333	
0.0728831216693	-0.528116166592	-0.846038639545	
0.073662288487	-0.843127310276	0.532644569874	
-0.99608451128	-0.0833230465651	-0.029545571655	
0.0700110271573	-0.539396107197	-0.839136660099	
0.0539826527238	-0.837919533253	0.543117582798	
-0.995805680752	-0.0889840498567	-0.0212799478322	
0.0670116469264	-0.550993204117	-0.831814825535	
0.0622931495309	-0.829751968384	0.554645121098	
-0.997024536133	-0.0722723826766	-0.0268099121749	
0.0620495602489	-0.54609054327	-0.835425019264	
0.045737516135	-0.83460277319	0.548950135708	
-0.995099782944	-0.0962570905685	-0.0226048808545	
0.0691365525126	-0.513933062553	-0.855039715767	
0.0706862360239	-0.852412700653	0.518069565296	
-0.98876708746	0.0693040788174	0.132425665855	
0.0733020305634	0.996982395649	0.0255515910685	
-0.130255222321	0.0349716432393	-0.99086356163	
-0.989992380142	0.0502195134759	0.131883025169	
0.0571211576462	0.997160196304	0.049078412354	
-0.12904381752	0.0561205670238	-0.990049600601	
-0.98464345932	0.0517237186432	0.166739165783	
0.0648259595037	0.995140373707	0.0741163119674	
-0.162095308304	0.0837871655822	-0.983211457729	
-0.985508978367	0.0421973727643	0.164290741086	
0.0542551837862	0.996097803116	0.0696099027991	
-0.16071228683	0.0775148048997	-0.983952760696	
-0.984336137772	0.0675434395671	0.162850350142	
0.0727928504348	0.996995508671	0.0264791063964	
-0.160572573543	0.0379186831415	-0.98629540205	
-0.982997834682	0.0594026297331	0.173742875457	
0.0673064738512	0.996932029724	0.0399540811777	
-0.170836463571	0.0509687960148	-0.983980238438	
-0.985597729683	0.048055909574	0.162135139108	
0.0646520033479	0.993016123772	0.0986866280437	
-0.156260326505	0.107747673988	-0.981821358204	
-0.988274931908	0.0609569400549	0.139988780022	
0.0689343139529	0.996219873428	0.0528580620885	
-0.136237546802	0.0618883259594	-0.988741219044	
-0.879251420498	-0.475690305233	-0.0252123773098	
-0.223354682326	0.364936739206	0.903843939304	
-0.420748859644	0.80033737421	-0.427118808031	
-0.882875144482	-0.467402219772	-0.0454601310194	
-0.243633210659	0.373128116131	0.895219683647	
-0.401465207338	0.801442801952	-0.443300247192	
-0.875996053219	-0.479757636786	-0.0496342182159	
-0.247458457947	0.3587218225	0.900046110153	
-0.41399911046	0.800719201565	-0.432958990335	
-0.884109735489	-0.465965330601	-0.0350186526775	
-0.228377282619	0.365501821041	0.902359247208	
-0.407668739557	0.805782079697	-0.429559618235	
-0.895617604256	-0.443417847157	-0.0353511720896	
-0.224778026342	0.38256123662	0.89617061615	
-0.383854031563	0.810572326183	-0.442299187183	
-0.886616170406	-0.462350070477	-0.0120075037703	
-0.223846614361	0.406246989965	0.885921001434	
-0.404727637768	0.78815972805	-0.463680654764	
-0.895844995975	-0.443291157484	-0.0308986324817	
-0.208189472556	0.357264399529	0.910504996777	
-0.39257979393	0.822104096413	-0.412342071533	
-0.894407272339	-0.445438444614	-0.0402520820498	
-0.222763523459	0.365628749132	0.903710126877	
-0.38782992959	0.817251622677	-0.426248431206	
0.883242070675	-0.460747390985	0.0871510505676	
0.00792394578457	0.200494676828	0.979662775993	
-0.468850374222	-0.864588737488	0.180736273527	
0.886879146099	-0.456650495529	0.0701119750738	
0.020604794845	0.190701812506	0.981431722641	
-0.461541771889	-0.868966698647	0.178538665175	
0.886986196041	-0.458286076784	0.056827340275	
0.0415674485266	0.201790839434	0.978546142578	
-0.459921300411	-0.865594804287	0.198035478592	
0.886941373348	-0.457651942968	0.0623678080738	
0.0356944836676	0.202541440725	0.978622972965	
-0.460500746965	-0.865754961967	0.195978030562	
0.894001841545	-0.443135499954	0.0662696138024	
0.0343194045126	0.215190798044	0.975968778133	
-0.446747034788	-0.870243549347	0.207589119673	
0.896205961704	-0.441054135561	0.0478129722178	
0.0323401801288	0.172438725829	0.984489202499	
-0.442457854748	-0.880758821964	0.168804392219	
0.887168049812	-0.457711607218	0.0585909485817	
0.0349824205041	0.193319141865	0.980512082577	
-0.460118502378	-0.86782938242	0.187518432736	
0.900537967682	-0.430430024862	0.061330255121	
0.0332584753633	0.208846151829	0.977382838726	
-0.433503508568	-0.878130555153	0.202389329672	
0.20411016047	-0.366564661264	-0.907727599144	
0.678643703461	0.721259117126	-0.138665005565	
0.705536484718	-0.587720692158	0.39598312974	
0.205729797482	-0.376413851976	-0.903320491314	
0.671786546707	0.725536048412	-0.149332717061	
0.711602449417	-0.576116383076	0.402134150267	
0.199512273073	-0.374570190907	-0.905478894711	
0.682050287724	0.716555476189	-0.14613583684	
0.703563988209	-0.588426232338	0.398437291384	
0.203523904085	-0.354119777679	-0.912785410881	
0.665655612946	0.733719468117	-0.136228889227	
0.7179697752	-0.579874932766	0.38505128026	
0.204273670912	-0.352139204741	-0.913383960724	
0.671719312668	0.729151785374	-0.130885124207	
0.712085306644	-0.586801230907	0.385485202074	
0.202100545168	-0.350280582905	-0.914581239223	
0.68849080801	0.714963257313	-0.121687792242	
0.696516871452	-0.605087637901	0.385659456253	
0.205758661032	-0.37888944149	-0.9022783041	
0.663162529469	0.732004344463	-0.156157240272	
0.719637989998	-0.566226482391	0.40188151598	
0.198865801096	-0.355619430542	-0.913228988647	
0.670266568661	0.729178547859	-0.137990549207	
0.714979112148	-0.584665238857	0.383368492126	
-0.455337971449	0.860625267029	0.228016361594	
0.795545935631	0.278316915035	0.538188099861	
0.399717450142	0.426454931498	-0.811395168304	
-0.457278579473	0.853300750256	0.250547617674	
0.789821088314	0.260177046061	0.555419325829	
0.408752948046	0.451869159937	-0.792928278446	
-0.459144920111	0.848931074142	0.261728852987	
0.798000514507	0.264675289392	0.541426062584	
0.390360206366	0.457452774048	-0.798971772194	
-0.457827150822	0.854129016399	0.246693998575	
0.792535364628	0.26636955142	0.548575401306	
0.402842402458	0.446666449308	-0.798878669739	
-0.425826400518	0.871714532375	0.242457583547	
0.801409780979	0.238980084658	0.548298120499	
0.420016914606	0.427787721157	-0.800364553928	
-0.451541781425	0.851284384727	0.267254412174	
0.792545378208	0.245080590248	0.558397054672	
0.40985584259	0.463950872421	-0.785345673561	
-0.446004927158	0.860625445843	0.24577113986	
0.800019443035	0.260213792324	0.540608644485	
0.401308506727	0.437735795975	-0.804573714733	
-0.464144289494	0.859313368797	0.214827015996	
0.78244048357	0.284086078405	0.554149746895	
0.415158927441	0.425294816494	-0.80421847105	
-0.832914888859	-0.509456455708	0.216117888689	
0.535547018051	-0.840433716774	0.0828282386065	
0.139435380697	0.184730157256	0.972847640514	
-0.830404162407	-0.502024769783	0.241661116481	
0.534783244133	-0.839865744114	0.0929103791714	
0.156319588423	0.20638948679	0.965902447701	
-0.838967263699	-0.504218876362	0.204688087106	
0.52985727787	-0.842628240585	0.0960674136877	
0.124036960304	0.189052894711	0.974101543427	
-0.839308440685	-0.50071310997	0.211772724986	
0.53183734417	-0.836988508701	0.128838300705	
0.112740300596	0.220763713121	0.968789458275	
-0.82729023695	-0.52403575182	0.20242869854	
0.545232117176	-0.835790753365	0.064620167017	
0.135324761271	0.163830265403	0.977162659168	
-0.841632425785	-0.486036777496	0.235421061516	
0.520491421223	-0.846278607845	0.11358333379	
0.144026130438	0.21813005209	0.965233504772	
-0.832162380219	-0.516992270947	0.200560972095	
0.545371949673	-0.828479230404	0.127246364951	
0.100375205278	0.215269967914	0.971382319927	
-0.854561686516	-0.482483178377	0.19218288362	
0.507903158665	-0.853665053844	0.115283869207	
0.108437284827	0.196127474308	0.974564194679	
-0.0268917772919	0.503943681717	0.863317787647	
0.579002022743	0.711863934994	-0.397500157356	
-0.814882516861	0.489173263311	-0.310927718878	
0.00484460964799	0.502520561218	0.864551663399	
0.579459071159	0.703204154968	-0.41198438406	
-0.814986944199	0.502968192101	-0.287783354521	
-0.00962533708662	0.519355297089	0.854504168034	
0.589214920998	0.693379878998	-0.414789229631	
-0.807919025421	0.49949413538	-0.312685906887	
0.00459582917392	0.518212914467	0.855239272118	
0.585001766682	0.692236721516	-0.422588855028	
-0.811019003391	0.502258598804	-0.299974054098	
0.00447590602562	0.495957106352	0.868335485458	
0.580125033855	0.705998778343	-0.40622740984	
-0.814515113831	0.505561411381	-0.284557133913	
0.00280648865737	0.486289352179	0.873793303967	
0.585565805435	0.707520782948	-0.39563497901	
-0.810620009899	0.512773811817	-0.282768756151	
-0.0223386473954	0.519507884979	0.854173600674	
0.582504749298	0.701143264771	-0.411201059818	
-0.812520265579	0.488374531269	-0.31827840209	
-0.00612770207226	0.493381112814	0.86979162693	
0.574720323086	0.71353828907	-0.400698959827	
-0.818326950073	0.497431606054	-0.287928521633	
0.739339232445	0.665306270123	0.103658735752	
-0.671073913574	0.715473711491	0.19431194663	
0.0551118440926	-0.213225111365	0.97544747591	
0.736972391605	0.663757562637	0.12766212225	
-0.675003707409	0.712877750397	0.19019806385	
0.0352379158139	-0.226343125105	0.973410010338	
0.73415106535	0.671641945839	0.0995957106352	
-0.675964176655	0.709154248238	0.200431272388	
0.0639893263578	-0.214469969273	0.974632263184	
0.721546053886	0.684408068657	0.104675032198	
-0.68897742033	0.694820761681	0.206238135695	
0.0684206560254	-0.220929041505	0.972886919975	
0.742800831795	0.657502055168	0.126245588064	
-0.668460667133	0.717764139175	0.19487169385	
0.0375139825046	-0.229141056538	0.972670078278	
0.720115244389	0.680567383766	0.13513725996	
-0.693193078041	0.697150290012	0.182933822274	
0.0302878115326	-0.225409656763	0.973793148994	
0.729374527931	0.673223316669	0.121586106718	
-0.681871533394	0.701028704643	0.20883013308	
0.0553539693356	-0.235221475363	0.970364272594	
0.709700882435	0.695378065109	0.113021999598	
-0.7032096982	0.689505875111	0.173429369926	
0.0426696464419	-0.202561154962	0.978339552879	
-0.219520792365	-0.956120252609	-0.194022446871	
-0.919347167015	0.269288063049	-0.286853075027	
0.326513946056	0.1154037714	-0.938120782375	
-0.200375080109	-0.959423899651	-0.198382586241	
-0.924450039864	0.252203941345	-0.2859813869	
0.324410229921	0.126091256738	-0.937474787235	
-0.209547892213	-0.964515149593	-0.160624265671	
-0.928078353405	0.247906759381	-0.277871876955	
0.307831496	0.09084443748	-0.947094023228	
-0.191809847951	-0.968849480152	-0.156651511788	
-0.922947645187	0.232343524694	-0.306894302368	
0.333731353283	0.0857158005238	-0.938763141632	
-0.188654452562	-0.962772011757	-0.193596482277	
-0.92562019825	0.240185037255	-0.292469441891	
0.328080356121	0.124021157622	-0.936473190784	
-0.201017349958	-0.957743406296	-0.205717355013	
-0.922919273376	0.2555565238	-0.287942558527	
0.328347504139	0.131979063153	-0.935291111469	
-0.188724145293	-0.971366286278	-0.1443284899	
-0.925867140293	0.224988475442	-0.303562581539	
0.327342689037	0.0763394162059	-0.941816866398	
-0.205275952816	-0.965688943863	-0.159080535173	
-0.922393798828	0.245231360197	-0.298414617777	
0.327187240124	0.085477553308	-0.941085577011	
0.10193362087	0.854830026627	0.508797764778	
0.928108870983	-0.265825480223	0.260673522949	
0.358082979918	0.445648342371	-0.82047188282	
0.102325968444	0.868722081184	0.484614640474	
0.920230507851	-0.267674297094	0.285528093576	
0.377763450146	0.416740238667	-0.826814591885	
0.0828418284655	0.873947024345	0.478908985853	
0.927811086178	-0.243037253618	0.283018529415	
0.36373591423	0.420891284943	-0.830991387367	
0.0941859856248	0.867549359798	0.488351464272	
0.920466423035	-0.262776404619	0.289292573929	
0.379302799702	0.422263801098	-0.823299884796	
0.107810653746	0.856375455856	0.504973232746	
0.923986375332	-0.27377229929	0.267016738653	
0.366914272308	0.437801122665	-0.820794820786	
0.0890352874994	0.877875566483	0.470539242029	
0.919175386429	-0.254384696484	0.300674319267	
0.383652627468	0.40573745966	-0.829570829868	
0.11280323565	0.870649814606	0.478794634342	
0.927488684654	-0.265119433403	0.26358371973	
0.356426894665	0.414343506098	-0.837424218655	
0.101955123246	0.876098096371	0.471229553223	
0.927276849747	-0.255229115486	0.27389010787	
0.360226094723	0.409035742283	-0.83840739727	
0.929223239422	-0.0426963120699	-0.367043852806	
-0.00178373605013	-0.993808865547	0.111088864505	
-0.369514524937	-0.10257165134	-0.923546493053	
0.92946767807	-0.0357725024223	-0.367165088654	
0.0130705870688	-0.991469025612	0.12968558073	
-0.36867198348	-0.125337615609	-0.921070814133	
0.928338527679	-0.045486394316	-0.368942499161	
0.00108806160279	-0.992148756981	0.125058397651	
-0.371734321117	-0.116497963667	-0.921000421047	
0.925723254681	-0.046341098845	-0.375351786613	
0.00334365409799	-0.99142318964	0.130647942424	
-0.378186821938	-0.122198879719	-0.917628526688	
0.934006929398	-0.0301670525223	-0.355978965759	
0.0157881341875	-0.991969525814	0.125487819314	
-0.35690587759	-0.122826732695	-0.926030099392	
0.93321698904	-0.0511702150106	-0.355651050806	
-0.0146303595975	-0.994398117065	0.104682013392	
-0.359015345573	-0.0924877300858	-0.928737878799	
0.922219693661	-0.0361135415733	-0.384976178408	
0.016838401556	-0.990933537483	0.133293509483	
-0.386299520731	-0.129408270121	-0.91325032711	
0.926865696907	-0.0457008890808	-0.372600823641	
0.00415310030803	-0.991252720356	0.131911933422	
-0.375370085239	-0.123812101781	-0.918568372726	
0.807922065258	-0.573161065578	0.136924341321	
0.159580886364	-0.0108739221469	-0.987124979496	
0.567270517349	0.819370567799	0.0826802775264	
0.814827561378	-0.567375063896	0.118918396533	
0.134262725711	-0.0148534392938	-0.990834414959	
0.563941121101	0.823325514793	0.0640743300319	
0.808084607124	-0.575119674206	0.127422988415	
0.1350081563	-0.0297355167568	-0.990398228168	
0.57338643074	0.81752872467	0.0536170303822	
0.80794018507	-0.576905846596	0.120050981641	
0.13466823101	-0.0175675656646	-0.990734994411	
0.573669850826	0.816621720791	0.0634973496199	
0.817642509937	-0.5596575737	0.135070756078	
0.156577900052	-0.00960174016654	-0.987618923187	
0.554025292397	0.828668355942	0.079779215157	
0.832988619804	-0.545086085796	0.094926789403	
0.129204019904	0.0248104501516	-0.991307616234	
0.537992835045	0.838012874126	0.0910941362381	
0.806333005428	-0.576555907726	0.131948322058	
0.140371143818	-0.030171122402	-0.989639163017	
0.574563324451	0.816500484943	0.0566038377583	
0.840070426464	-0.5308573246	0.111679114401	
0.128354385495	-0.00551357399672	-0.991713047028	
0.527073860168	0.847443282604	0.0635060742497	
0.20561952889	0.977542817593	-0.0461589507759	
-0.674879968166	0.107483588159	-0.73005771637	
-0.708701372147	0.181265875697	0.681824803352	
0.191487252712	0.980159342289	-0.0511888302863	
-0.686617612839	0.0965073928237	-0.720584869385	
-0.701347887516	0.173129960895	0.691474616528	
0.224155008793	0.973571956158	-0.0437289737165	
-0.660963773727	0.118900164962	-0.740938365459	
-0.716157376766	0.194988310337	0.670147836208	
0.211625471711	0.975874364376	-0.053702019155	
-0.681341469288	0.107914216816	-0.723967075348	
-0.700705707073	0.189799278975	0.687741041183	
0.181376218796	0.983138024807	-0.0232867021114	
-0.668636798859	0.105921708047	-0.736006379128	
-0.72112929821	0.149064406753	0.676573991776	
0.188154533505	0.978956222534	-0.0790098384023	
-0.666456103325	0.0681728050113	-0.742420852184	
-0.721411168575	0.192346438766	0.665258407593	
0.168485477567	0.984695196152	-0.0445877276361	
-0.664350926876	0.080023996532	-0.743124485016	
-0.728183031082	0.154827579856	0.667666018009	
0.22741176188	0.972915053368	-0.0414751805365	
-0.672415733337	0.126079916954	-0.729356527328	
-0.704372763634	0.193752810359	0.682875454426	
-0.492042899132	-0.846817374229	0.201975405216	
0.362325340509	0.0117580480874	0.931977510452	
-0.791589617729	0.531753718853	0.301037937403	
-0.482039034367	-0.851328372955	0.2070710361	
0.341669052839	0.0349770113826	0.939169228077	
-0.80678409338	0.52346599102	0.27401226759	
-0.493451654911	-0.846570312977	0.199559986591	
0.380710601807	-0.00393585348502	0.924685895443	
-0.782026171684	0.532262384892	0.324240446091	
-0.492323100567	-0.841902732849	0.220947429538	
0.377182245255	0.0224165637046	0.92586773634	
-0.784443438053	0.539163529873	0.306514561176	
-0.498208194971	-0.835514307022	0.231742203236	
0.351791858673	0.0495021045208	0.934768438339	
-0.792484104633	0.547234296799	0.269264757633	
-0.493808448315	-0.840146780014	0.224291369319	
0.361694544554	0.0361142978072	0.931596934795	
-0.790778279305	0.541155397892	0.286042958498	
-0.518519282341	-0.831367909908	0.199912831187	
0.379318743944	-0.0141129381955	0.925158441067	
-0.766325652599	0.55554318428	0.32267126441	
-0.492799580097	-0.836651742458	0.239086717367	
0.377604067326	0.0419245921075	0.925017535686	
-0.783941149712	0.54612839222	0.295262664557	
-0.293849676847	-0.174247309566	0.939835250378	
0.877480208874	-0.43909060955	0.192945420742	
0.379052609205	0.88138371706	0.281925201416	
-0.302505493164	-0.19319832325	0.93336212635	
0.8672336936	-0.462085783482	0.185425102711	
0.395469546318	0.865535199642	0.307331591845	
-0.267397075891	-0.168928772211	0.948663175106	
0.874291181564	-0.456441283226	0.165155395865	
0.405109554529	0.873569905758	0.26974400878	
-0.278943181038	-0.180875688791	0.943119645119	
0.868425905704	-0.466726571321	0.167340368032	
0.409911185503	0.865707993507	0.287267327309	
-0.27202257514	-0.165653079748	0.947925508022	
0.872579574585	-0.457786351442	0.170401185751	
0.405719906092	0.873493373394	0.269073724747	
-0.278445392847	-0.169471055269	0.945382297039	
0.873462677002	-0.454016536474	0.175874859095	
0.399413496256	0.874727725983	0.274445444345	
-0.271537005901	-0.151513233781	0.95042693615	
0.873508155346	-0.453380018473	0.177285268903	
0.404043525457	0.878345191479	0.255457490683	
-0.281195253134	-0.176967605948	0.943192303181	
0.87448656559	-0.452031910419	0.175898879766	
0.39522460103	0.874270915985	0.281865030527	
0.167116895318	0.643330872059	-0.747126042843	
0.759692668915	-0.567037045956	-0.318333089352	
-0.628441691399	-0.514387369156	-0.58349519968	
0.17410607636	0.649889528751	-0.739817976952	
0.756287038326	-0.569398581982	-0.322203636169	
-0.630648076534	-0.503417134285	-0.590638816357	
0.151309669018	0.630686342716	-0.76114398241	
0.748427271843	-0.576101660728	-0.3285779953	
-0.6457259655	-0.519943892956	-0.559192597866	
0.168171256781	0.633840203285	-0.754960298538	
0.746745109558	-0.581870257854	-0.322178125381	
-0.643498361111	-0.509581804276	-0.571170926094	
0.143320441246	0.625498712063	-0.766948878765	
0.765718817711	-0.56104850769	-0.314482480288	
-0.627003908157	-0.542195439339	-0.559365868568	
0.16917578876	0.637512564659	-0.751636385918	
0.765454828739	-0.565393090248	-0.307261317968	
-0.62085300684	-0.523362517357	-0.5836378932	
0.139388129115	0.61908853054	-0.772852063179	
0.760888636112	-0.566448390484	-0.316519677639	
-0.63373452425	-0.543935239315	-0.55001360178	
0.157838866115	0.628366649151	-0.76173633337	
0.740998566151	-0.585253119469	-0.329241424799	
-0.652692854404	-0.512478411198	-0.557994484901	
-0.206568866968	-0.918280124664	-0.337773472071	
0.44962066412	-0.395699441433	0.800789117813	
-0.86900550127	0.0135481692851	0.494616895914	
-0.194939896464	-0.915446817875	-0.352073311806	
0.471350938082	-0.402230769396	0.784881353378	
-0.860131800175	-0.0129453958943	0.509907543659	
-0.203137114644	-0.912648916245	-0.354693263769	
0.421068936586	-0.408463150263	0.809851109982	
-0.883988857269	0.0151604982093	0.467262119055	
-0.192566767335	-0.914854884148	-0.354906439781	
0.433158159256	-0.403780221939	0.805813610554	
-0.880506694317	0.00144230446313	0.474031507969	
-0.185814872384	-0.924395680428	-0.33311471343	
0.44924518466	-0.381434619427	0.807890117168	
-0.87387162447	0.000467805133667	0.48615655303	
-0.187539055943	-0.91704839468	-0.351925194263	
0.451472014189	-0.398670315742	0.798269987106	
-0.872354388237	-0.00917757302523	0.488787919283	
-0.191284254193	-0.916585206985	-0.351115137339	
0.413703322411	-0.399682164192	0.817987620831	
-0.890089809895	0.0112106548622	0.455647259951	
-0.206977725029	-0.912523686886	-0.352789878845	
0.422046631575	-0.408600330353	0.809272766113	
-0.882630646229	0.0186076499522	0.469698727131	
0.932371973991	0.0448952615261	-0.35870167613	
0.163540661335	0.832529902458	0.529290497303	
0.322392493486	-0.55215793848	0.768885374069	
0.934401869774	-0.00157109228894	-0.356217175722	
0.200872704387	0.828159153461	0.523261427879	
0.294182419777	-0.560490787029	0.774149060249	
0.947535932064	0.0179223250598	-0.319146454334	
0.161557719111	0.834663450718	0.526532113552	
0.275816559792	-0.550468683243	0.787978112698	
0.945419669151	-0.00379617395811	-0.325833141804	
0.183400675654	0.832716524601	0.522443711758	
0.269343346357	-0.5536865592	0.787962794304	
0.941496431828	0.0213928446174	-0.336343377829	
0.167882174253	0.835582613945	0.52308434248	
0.29223293066	-0.54894810915	0.783106565475	
0.937255740166	0.000428637838922	-0.348642408848	
0.190785318613	0.836355566978	0.513916611671	
0.29180932045	-0.54818713665	0.783797264099	
0.948036074638	-0.0103349611163	-0.3179949224	
0.18368896842	0.833850502968	0.520530164242	
0.259780555964	-0.551893532276	0.792418777943	
0.944520413876	-0.00823349598795	-0.328349500895	
0.187960669398	0.833363175392	0.519785106182	
0.269354760647	-0.552664458752	0.788676142693	
-0.0641694515944	-0.0402974709868	0.997125089169	
-0.834553182125	0.550027370453	-0.0314786061645	
-0.547177553177	-0.834173858166	-0.0689253360033	
-0.0940131396055	-0.0349991992116	0.994955539703	
-0.86944270134	0.489748984575	-0.0649257302284	
-0.485006123781	-0.871160745621	-0.0764726400375	
-0.0793352350593	-0.0251053068787	0.996531784534	
-0.840072929859	0.539850711823	-0.0532790459692	
-0.536640822887	-0.841386318207	-0.0639194697142	
-0.0655413046479	-0.0162590183318	0.997717380524	
-0.864002048969	0.501138150692	-0.0485907159746	
-0.499204218388	-0.865214526653	-0.0468930713832	
-0.053483016789	-0.0212220586836	0.998343229294	
-0.841330528259	0.539475440979	-0.0336037874222	
-0.537868499756	-0.841733813286	-0.0467075407505	
-0.0544310845435	-0.00188267696649	0.998515725136	
-0.862820625305	0.503405153751	-0.0460849143565	
-0.502571225166	-0.864048421383	-0.0290253013372	
-0.0817024484277	-0.0227174218744	0.996397852898	
-0.844601631165	0.532339692116	-0.0571183897555	
-0.529124498367	-0.846225976944	-0.0626806244254	
-0.0915065556765	-0.023292414844	0.995532035828	
-0.850892484188	0.521175265312	-0.0660177692771	
-0.517308950424	-0.853131771088	-0.067510291934	
0.931423783302	-0.0783483460546	-0.355403006077	
-0.117878332734	0.858961164951	-0.498287498951	
0.344317376614	0.506011128426	0.790821254253	
0.930410861969	-0.118766561151	-0.346742153168	
-0.0896956846118	0.843495130539	-0.529594838619	
0.355373471975	0.523842036724	0.774144172668	
0.911299884319	-0.0872900411487	-0.402384132147	
-0.134929224849	0.859994649887	-0.492141574621	
0.389007240534	0.502781927586	0.771935045719	
0.917090058327	-0.0835444629192	-0.389828324318	
-0.130245178938	0.861363768578	-0.491007745266	
0.376804977655	0.501071572304	0.77906692028	
0.91261690855	-0.105217635632	-0.395043879747	
-0.123531170189	0.850168049335	-0.511814773083	
0.389705628157	0.51589101553	0.762880027294	
0.916575551033	-0.122929513454	-0.380496531725	
-0.103209488094	0.846594572067	-0.52213549614	
0.386312156916	0.51784747839	0.763280332088	
0.925320327282	-0.1013879776	-0.365380227566	
-0.10205630213	0.861442744732	-0.497494667768	
0.365194112062	0.497631281614	0.786763191223	
0.93297535181	-0.115568593144	-0.340882539749	
-0.0839718356729	0.851035535336	-0.518350481987	
0.350008189678	0.512232780457	0.784290671349	
-0.956030488014	0.262540519238	-0.130683630705	
-0.275225520134	-0.957095563412	0.0906587764621	
-0.101275123656	0.122640021145	0.987270355225	
-0.958083331585	0.253162503242	-0.134108647704	
-0.262804389	-0.963007390499	0.0595872029662	
-0.11406237632	0.0923338457942	0.989173531532	
-0.966441810131	0.234837412834	-0.104122892022	
-0.242227494717	-0.968040585518	0.0649870708585	
-0.0855337828398	0.0880276486278	0.992438971996	
-0.956707775593	0.25742790103	-0.135798066854	
-0.267444849014	-0.961624503136	0.0612497553229	
-0.11481936276	0.0949166119099	0.988841414452	
-0.963194072247	0.250051409006	-0.0986481308937	
-0.25961253047	-0.960503160954	0.100175082684	
-0.0697029232979	0.122098334134	0.99006742239	
-0.966034412384	0.230314433575	-0.117187075317	
-0.240677550435	-0.967004954815	0.0835210978985	
-0.0940843597054	0.108888551593	0.989591538906	
-0.957635879517	0.2454110533	-0.150688245893	
-0.259975880384	-0.961797118187	0.0857836678624	
-0.123879261315	0.121324829757	0.9848523736	
-0.95651102066	0.246649339795	-0.155726537108	
-0.259707003832	-0.963172256947	0.0696529299021	
-0.132811620831	0.107067063451	0.98534142971	
0.217598602176	0.25573477149	0.941939771175	
-0.140386968851	-0.946829020977	0.289493143559	
0.965889394283	-0.195229366422	-0.170126840472	
0.199419766665	0.257414728403	0.945499539375	
-0.130369111896	-0.949333190918	0.285955220461	
0.97120320797	-0.180289059877	-0.155756875873	
0.188851460814	0.228905275464	0.954954206944	
-0.160928308964	-0.952091932297	0.260044306517	
0.968729674816	-0.20278891921	-0.142966613173	
0.203470110893	0.242014303803	0.948698580265	
-0.132140994072	-0.95331466198	0.271532535553	
0.970122992992	-0.180610731244	-0.161991029978	
0.203684389591	0.260547369719	0.943730771542	
-0.14523626864	-0.945231497288	0.292307883501	
0.968204081059	-0.196602478623	-0.154687970877	
0.202932447195	0.260335117579	0.943951308727	
-0.161008402705	-0.942016899586	0.294415533543	
0.965864777565	-0.211730539799	-0.149249643087	
0.211508899927	0.240598589182	0.947299480438	
-0.13731957972	-0.952298104763	0.272528290749	
0.967681407928	-0.187724918127	-0.168380632997	
0.196945637465	0.234160423279	0.952040612698	
-0.155401870608	-0.951327383518	0.266132503748	
0.968019962311	-0.20036251843	-0.150970801711	
-0.350358814001	0.839980721474	0.414344221354	
-0.239911496639	-0.508109807968	0.827204287052	
0.905367970467	0.19041235745	0.379541754723	
-0.33525198698	0.843303859234	0.420053213835	
-0.237034276128	-0.507013499737	0.828705072403	
0.911822795868	0.178258016706	0.369869202375	
-0.335821479559	0.845115423203	0.415937334299	
-0.235066220164	-0.502803742886	0.831824660301	
0.912122666836	0.181571766734	0.367510408163	
-0.322854876518	0.854612529278	0.406696677208	
-0.24546250701	-0.490612953901	0.836090385914	
0.914063930511	0.17010705173	0.368172109127	
-0.331786930561	0.851458251476	0.406123548746	
-0.250762224197	-0.494625508785	0.832144141197	
0.909415066242	0.174254119396	0.377623826265	
-0.335625916719	0.845465898514	0.415382504463	
-0.237357452512	-0.502635002136	0.831275820732	
0.911601185799	0.1804035604	0.369374960661	
-0.331553548574	0.849072575569	0.411276072264	
-0.259118765593	-0.501123785973	0.825670897961	
0.907154738903	0.167184770107	0.38616001606	
-0.329611331224	0.849664032459	0.411615550518	
-0.245998218656	-0.498211055994	0.831426858902	
0.911504924297	0.172791033983	0.373231858015	
0.632008552551	0.181375816464	-0.753437459469	
0.48636174202	-0.849749624729	0.203415349126	
-0.603338599205	-0.495003372431	-0.625263333321	
0.613416433334	0.19224075973	-0.766005039215	
0.515230476856	-0.832500517368	0.203667491674	
-0.598546385765	-0.519602179527	-0.609717786312	
0.636711597443	0.17980748415	-0.749845027924	
0.488517731428	-0.846448004246	0.211840063334	
-0.596614420414	-0.501193642616	-0.626782417297	
0.639190673828	0.184985473752	-0.746468782425	
0.484613358974	-0.85056334734	0.204185992479	
-0.597147524357	-0.492262512445	-0.633318603039	
0.635332345963	0.186476409435	-0.74938595295	
0.497184932232	-0.841304183006	0.21216610074	
-0.59089756012	-0.507379412651	-0.627221047878	
0.642166733742	0.191990464926	-0.742133140564	
0.502229332924	-0.836777567863	0.218103244901	
-0.579126596451	-0.512779653072	-0.63377392292	
0.629709005356	0.190484553576	-0.753114998341	
0.499520748854	-0.841754317284	0.204764887691	
-0.594933271408	-0.505138874054	-0.625211238861	
0.627235293388	0.178514435887	-0.758095264435	
0.503760159016	-0.835333168507	0.220100492239	
-0.593971014023	-0.519953012466	-0.613878905773	
-0.359757691622	0.807257056236	-0.467878639698	
0.110210716724	0.534708023071	0.837819159031	
0.926513910294	0.24984665215	-0.281333714724	
-0.353241980076	0.807755112648	-0.4719658494	
0.0988202989101	0.533883571625	0.839763581753	
0.930298149586	0.249999940395	-0.268412709236	
-0.323312997818	0.82078576088	-0.470934659243	
0.0914471298456	0.52243411541	0.847761809826	
0.941863119602	0.231026783586	-0.243968233466	
-0.328915655613	0.811326503754	-0.483284384012	
0.0998598262668	0.538770914078	0.836512982845	
0.93906468153	0.226881504059	-0.258229106665	
-0.331031233072	0.806239485741	-0.490302175283	
0.0721054896712	0.539690554142	0.838769853115	
0.9408608675	0.242305532098	-0.236788719893	
-0.309913754463	0.803702414036	-0.50795263052	
0.0736274719238	0.552940130234	0.829961538315	
0.947909533978	0.219817236066	-0.230538338423	
-0.336035490036	0.798979341984	-0.498710483313	
0.0888081118464	0.554021060467	0.827752232552	
0.937653064728	0.233864605427	-0.25712659955	
-0.317611455917	0.814537286758	-0.485439956188	
0.0999706983566	0.537859678268	0.837085902691	
0.942936301231	0.217338308692	-0.252260267735	
0.746811151505	0.514268279076	-0.421664774418	
-0.265403240919	-0.350897490978	-0.898015618324	
-0.609782099724	0.782559275627	-0.125565692782	
0.764580309391	0.488427579403	-0.420541882515	
-0.266662806273	-0.354298084974	-0.896305680275	
-0.586777567863	0.79744052887	-0.14064386487	
0.754336297512	0.49413049221	-0.432217270136	
-0.292487323284	-0.336458235979	-0.895124018192	
-0.587731122971	0.801642656326	-0.109275773168	
0.7532761693	0.48597458005	-0.443174630404	
