-0.505947947502	-0.0808501020074	0.858766496181	
-0.815965652466	0.36766821146	-0.446116745472	
-0.279672563076	-0.926435828209	-0.251991868019	
-0.488972693682	-0.107517786324	0.865647494793	
-0.821446299553	0.390637278557	-0.41548588872	
-0.293482065201	-0.914244174957	-0.279331058264	
-0.533499181271	-0.103154845536	0.839486598969	
-0.801735639572	0.377861857414	-0.463077098131	
-0.269441306591	-0.920097529888	-0.284291893244	
-0.530108213425	-0.0982032343745	0.842224061489	
-0.790970861912	0.415173768997	-0.449439495802	
-0.305532932281	-0.904426276684	-0.297762930393	
-0.448614507914	-0.0339572802186	0.893080055714	
-0.824924647808	0.400211781263	-0.399161398411	
-0.343866705894	-0.91579335928	-0.207552999258	
-0.475062847137	-0.0868656933308	0.875653803349	
-0.807179987431	0.439269602299	-0.39433825016	
-0.350393652916	-0.894145727158	-0.27879691124	
-0.525021791458	-0.085565187037	0.846776664257	
-0.786875128746	0.427928477526	-0.444640040398	
-0.324314147234	-0.899753212929	-0.292000889778	
-0.497149705887	-0.101630359888	0.86169219017	
-0.805089712143	0.424341678619	-0.414445102215	
-0.323531717062	-0.899780750275	-0.292782902718	
-0.214557826519	0.69012761116	-0.69115036726	
-0.857826650143	0.205200210214	0.471196651459	
0.46701002121	0.693986177444	0.547982513905	
-0.197352662683	0.701118052006	-0.685190081596	
-0.834094882011	0.247162714601	0.49314942956	
0.515109419823	0.668837845325	0.536020755768	
-0.153361260891	0.683599710464	-0.713562726974	
-0.875503480434	0.240854248405	0.418906718493	
0.458229154348	0.688970685005	0.561556220055	
-0.14326839149	0.690880477428	-0.708631277084	
-0.865398585796	0.259937852621	0.428389579058	
0.480166107416	0.674623191357	0.560646116734	
-0.183698236942	0.696522533894	-0.693621873856	
-0.857633829117	0.231237947941	0.459339976311	
0.48033234477	0.679253518581	0.554883301258	
-0.181129261851	0.703416824341	-0.687311410904	
-0.856683373451	0.230377823114	0.461540520191	
0.482996672392	0.672406733036	0.560877323151	
-0.191357687116	0.686785399914	-0.701218962669	
-0.860170722008	0.226756542921	0.456823587418	
0.472745776176	0.690584719181	0.547361075878	
-0.197415679693	0.695799052715	-0.690572738647	
-0.849394917488	0.230297684669	0.474859148264	
0.489443868399	0.680313646793	0.545543849468	
0.817493677139	0.227258250117	0.529204845428	
0.198053196073	0.751893877983	-0.628832697868	
-0.540813326836	0.618877470493	0.569659233093	
0.800901114941	0.325835615396	0.502382874489	
0.136855632067	0.717176020145	-0.683322072029	
-0.582947671413	0.616027355194	0.529794633389	
0.767679333687	0.261176198721	0.585196852684	
0.23900847137	0.730599462986	-0.639608800411	
-0.594595134258	0.630881488323	0.498442798853	
0.765171825886	0.257021129131	0.59029841423	
0.24371907115	0.732996225357	-0.635072827339	
-0.595913648605	0.629806816578	0.498227119446	
0.782344162464	0.286289453506	0.553150951862	
0.169199928641	0.757016062737	-0.63110858202	
-0.599423885345	0.587337195873	0.543806970119	
0.796593308449	0.298143953085	0.525879502296	
0.205483570695	0.684576630592	-0.699379265308	
-0.568520486355	0.665180444717	0.48406547308	
0.7904702425	0.293061584234	0.537839829922	
0.165203288198	0.74354994297	-0.64795166254	
-0.589800477028	0.601039469242	0.539339363575	
0.7896489501	0.271968752146	0.549988627434	
0.216539025307	0.715179085732	-0.664552271366	
-0.57407784462	0.643857002258	0.505848586559	
0.926505565643	0.0689153000712	-0.369916439056	
-0.203021153808	0.919268965721	-0.337234377861	
0.316812068224	0.387550383806	0.865699052811	
0.937447547913	0.0484577454627	-0.344737410545	
-0.172724246979	0.924524784088	-0.339735507965	
0.302255481482	0.37802875042	0.875063359737	
0.962422430515	0.0586841627955	-0.265140026808	
-0.14586918056	0.935269534588	-0.322479665279	
0.22905293107	0.349037408829	0.908684551716	
0.97366219759	0.0507929958403	-0.22226549685	
-0.132345512509	0.919727027416	-0.369576632977	
0.185651674867	0.389258652925	0.902225673199	
0.948989868164	0.0108384098858	-0.315120190382	
-0.138928711414	0.911539018154	-0.387034207582	
0.28304952383	0.411070793867	0.866547048092	
0.955621063709	0.0514214336872	-0.290076166391	
-0.163536831737	0.911597549915	-0.377154678106	
0.245038896799	0.407855093479	0.879551112652	
0.955037772655	0.0460014678538	-0.292893767357	
-0.153494268656	0.921907603741	-0.355704814196	
0.253658056259	0.384669035673	0.887517511845	
0.961683928967	0.0572907999158	-0.268107801676	
-0.15933676064	0.912603318691	-0.376519560814	
0.223104953766	0.404812246561	0.886764466763	
-0.646994829178	0.294623225927	-0.70327436924	
0.709322392941	-0.105830103159	-0.696894347668	
-0.279748857021	-0.949735283852	-0.140511333942	
-0.678817510605	0.276603490114	-0.68021851778	
0.698208093643	-0.0437421612442	-0.714557290077	
-0.227403268218	-0.959988117218	-0.163433849812	
-0.540727615356	0.274843364954	-0.795031309128	
0.804829955101	-0.105860672891	-0.583988189697	
-0.244667842984	-0.955643594265	-0.163960397243	
-0.533329546452	0.289820700884	-0.794709742069	
0.822676301003	-0.0409534797072	-0.567033112049	
-0.196884065866	-0.956204354763	-0.216586917639	
-0.62706720829	0.228852704167	-0.744589269161	
0.742629945278	-0.112898923457	-0.660117089748	
-0.235132917762	-0.966892063618	-0.0991576611996	
-0.646503150463	0.274626225233	-0.711768329144	
0.72391974926	-0.0736184120178	-0.685944974422	
-0.240777730942	-0.958728730679	-0.15121281147	
-0.597710669041	0.255918383598	-0.759768188	
0.760585665703	-0.118619665504	-0.63830935955	
-0.253478556871	-0.959393143654	-0.123747624457	
-0.593874931335	0.300534278154	-0.746318757534	
0.767688274384	-0.0659183487296	-0.637424051762	
-0.240763872862	-0.951490342617	-0.191569387913	
0.547005176544	0.570273518562	-0.612840473652	
-0.755620777607	0.651443719864	-0.0682516619563	
0.360308974981	0.500409007072	0.78725361824	
0.565264225006	0.544422030449	-0.619742691517	
-0.733044803143	0.676065206528	-0.0747071281075	
0.37831428647	0.496528446674	0.781241178513	
0.518680870533	0.581920862198	-0.626369059086	
-0.751452922821	0.659720420837	-0.00935417506844	
0.407785087824	0.475538700819	0.77947050333	
0.570879638195	0.558009803295	-0.602263629436	
-0.733568489552	0.676113009453	-0.068909406662	
0.368746161461	0.481140613556	0.795317530632	
0.559709727764	0.553145349026	-0.617053627968	
-0.719695091248	0.693595528603	-0.0310527086258	
0.410808980465	0.461470991373	0.786308169365	
0.532226800919	0.578965723515	-0.617683827877	
-0.747927486897	0.663394212723	-0.0226402264088	
0.396659970284	0.474032431841	0.786100566387	
0.557906031609	0.552813589573	-0.618981480598	
-0.721386671066	0.691775023937	-0.0323811434209	
0.410295188427	0.464590609074	0.784737825394	
0.521162331104	0.53281968832	-0.666703104973	
-0.770193576813	0.630167841911	-0.0984396785498	
0.36768424511	0.564793527126	0.738794028759	
0.248018443584	-0.770841121674	0.586762964725	
-0.951776623726	-0.0809891819954	0.295908838511	
-0.180577248335	-0.631858110428	-0.753755390644	
0.231364890933	-0.787033736706	0.57188129425	
-0.951941668987	-0.0618813820183	0.299962878227	
-0.200692102313	-0.613798499107	-0.763527393341	
0.190950617194	-0.791536390781	0.580523908138	
-0.967723667622	-0.052712123841	0.246439233422	
-0.164464965463	-0.608844459057	-0.776053905487	
0.194519400597	-0.796859622002	0.57199382782	
-0.960963904858	-0.0378461554646	0.27407297492	
-0.196749925613	-0.602977931499	-0.773115158081	
0.29324093461	-0.775715410709	0.558816075325	
-0.937736928463	-0.119554266334	0.326122999191	
-0.186169803143	-0.619655072689	-0.762475192547	
0.273906499147	-0.786859571934	0.553016483784	
-0.937516152859	-0.0901650488377	0.336056053638	
-0.214566171169	-0.610509872437	-0.762390375137	
0.260423570871	-0.725156486034	0.637438356876	
-0.952323675156	-0.0842491835356	0.29322630167	
-0.158931300044	-0.683410704136	-0.712524175644	
0.22431075573	-0.798137545586	0.559161126614	
-0.955037951469	-0.0658896490932	0.289069235325	
-0.193874076009	-0.598861455917	-0.777031421661	
0.947133660316	-0.0921474993229	0.307321757078	
-0.187482371926	-0.936269164085	0.297069787979	
0.260361641645	-0.338982224464	-0.904048025608	
0.94190621376	-0.124662585557	0.311884462833	
-0.214187398553	-0.938201069832	0.27185022831	
0.258720785379	-0.32285913825	-0.910398542881	
0.947482168674	-0.0772551372647	0.310337245464	
-0.168194830418	-0.945716202259	0.278085112572	
0.272007465363	-0.315677791834	-0.909043133259	
0.950584411621	-0.0667730048299	0.303200721741	
-0.165089890361	-0.935796618462	0.311496347189	
0.262934654951	-0.346158921719	-0.900577247143	
0.957990944386	-0.0638303905725	0.279605150223	
-0.150604918599	-0.941643416882	0.301041275263	
0.244072765112	-0.330504715443	-0.911698997021	
0.943483352661	-0.127796649933	0.30578944087	
-0.214859038591	-0.938361883163	0.270762860775	
0.252338558435	-0.321161866188	-0.912787079811	
0.946327507496	-0.0597631335258	0.317635983229	
-0.156697332859	-0.944367825985	0.289163142443	
0.282683908939	-0.323415726423	-0.903046011925	
0.933678984642	-0.131678581238	0.333023041487	
-0.22857286036	-0.935009241104	0.271131306887	
0.275677442551	-0.329269647598	-0.903096616268	
-0.995323121548	-0.0777831226587	-0.0572856552899	
0.0907193049788	-0.548857927322	-0.83097833395	
0.0331944003701	-0.832288861275	0.553347408772	
-0.993596851826	-0.0895062461495	-0.0689489766955	
0.108743779361	-0.591982483864	-0.798580944538	
0.0306613985449	-0.800965309143	0.597925126553	
-0.993573665619	-0.111604712903	-0.018861329183	
0.080438323319	-0.578991174698	-0.811356246471	
0.0796306356788	-0.807659327984	0.584247648716	
-0.99363809824	-0.112273477018	-0.00882829073817	
0.0668790861964	-0.52518248558	-0.84835755825	
0.0906115919352	-0.843550860882	0.529350101948	
-0.996602356434	-0.0714654698968	-0.040944378823	
0.0738361477852	-0.554926991463	-0.828615903854	
0.0364962816238	-0.828823685646	0.558318257332	
-0.994568228722	-0.098264016211	-0.0343244671822	
0.0844226330519	-0.56865978241	-0.818229138851	
0.0608835332096	-0.816682457924	0.573866665363	
-0.997619688511	-0.05187888816	-0.0454259589314	
0.0671038776636	-0.578738152981	-0.812747955322	
0.0158747248352	-0.813861608505	0.580841839314	
-0.992793440819	-0.118660233915	-0.016762085259	
0.0709555521607	-0.469329595566	-0.880167603493	
0.0965739563107	-0.875014007092	0.474366933107	
-0.992511212826	0.0414241962135	0.114915303886	
0.0356295146048	0.998009741306	-0.0520301349461	
-0.116841897368	-0.0475461147726	-0.992011785507	
-0.992252469063	-0.00772810727358	0.123997166753	
-0.00663896137848	0.999935686588	0.00919443834573	
-0.124060243368	0.00829999148846	-0.992239952087	
-0.98028498888	0.000692900794093	0.197587549686	
0.0157600920647	0.99708199501	0.0746934860945	
-0.196959242225	0.076334901154	-0.977435469627	
-0.982966542244	-0.0179210919887	0.182908833027	
-0.00604090187699	0.99784719944	0.0653030648828	
-0.183685362339	0.0630857944489	-0.980958640575	
-0.986003935337	0.0356952473521	0.162856116891	
0.0305551663041	0.998956024647	-0.0339592434466	
-0.163898274302	-0.0285078510642	-0.986065268517	
-0.980582714081	0.0174800287932	0.195325225592	
0.0171436518431	0.999847233295	-0.00341271492653	
-0.195355042815	2.13827752304e-06	-0.980732560158	
-0.982255399227	-0.0234667640179	0.186074212193	
-0.00124031701125	0.992932200432	0.118676297367	
-0.187544032931	0.116339638829	-0.975342154503	
-0.990146577358	-0.00302172871307	0.140002116561	
0.00277466676198	0.99914753437	0.0411885157228	
-0.14000724256	0.0411711260676	-0.989294171333	
-0.852088272572	-0.521608054638	-0.0432504788041	
-0.253145009279	0.33838275075	0.906319320202	
-0.458108246326	0.783212721348	-0.420374453068	
-0.863190710545	-0.499941319227	-0.0704306662083	
-0.280547499657	0.358981788158	0.890182673931	
-0.419755786657	0.788156569004	-0.450127035379	
-0.844941437244	-0.526726186275	-0.0929166227579	
-0.303180634975	0.328549534082	0.894503593445	
-0.440630733967	0.783973693848	-0.437298297882	
-0.857273519039	-0.510715246201	-0.0652075111866	
-0.269450336695	0.337115854025	0.902080595493	
-0.438723862171	0.790899991989	-0.426612913609	
-0.888924360275	-0.454353481531	-0.0581066645682	
-0.258071094751	0.391975283623	0.883037209511	
-0.378434658051	0.79994893074	-0.465691864491	
-0.861111879349	-0.508415162563	-0.000612012168858	
-0.254711896181	0.430367708206	0.865970849991	
-0.44000929594	0.745853662491	-0.500094115734	
-0.899315655231	-0.430591791868	-0.0763026997447	
-0.228844329715	0.314716398716	0.921186089516	
-0.372641474009	0.845898509026	-0.38156786561	
-0.889224529266	-0.448610752821	-0.0895996168256	
-0.258145004511	0.3303630054	0.907866418362	
-0.377678245306	0.830426812172	-0.40957352519	
0.86670333147	-0.481325507164	0.130962342024	
-0.0299005247653	0.211940586567	0.97682505846	
-0.497927039862	-0.850533306599	0.169297724962	
0.877284944057	-0.468412876129	0.104692585766	
-0.0085223428905	0.202886834741	0.979165077209	
-0.479894280434	-0.859899044037	0.173997581005	
0.888165891171	-0.452073872089	0.0824046954513	
0.0230053085834	0.222845628858	0.974582254887	
-0.458946704865	-0.863694965839	0.208323985338	
0.885580360889	-0.457444399595	0.0805731713772	
0.0209941975772	0.212710335851	0.9768897295	
-0.464011490345	-0.863422811031	0.197975769639	
0.899143338203	-0.427754670382	0.0925590395927	
0.0170813240111	0.245626941323	0.96921390295	
-0.437320768833	-0.869881212711	0.228160440922	
0.901440322399	-0.429920136929	0.0507352165878	
0.0121978335083	0.142375677824	0.989737510681	
-0.432731539011	-0.891570448875	0.133587270975	
0.882269322872	-0.464529424906	0.0762445926666	
0.0117232650518	0.183597192168	0.982931673527	
-0.470598965883	-0.866316616535	0.167427971959	
0.91859549284	-0.387243032455	0.0788994431496	
0.00679794233292	0.21509821713	0.976568758488	
-0.395140588284	-0.896535336971	0.20022071898	
0.229810684919	-0.347036212683	-0.909259557724	
0.656532049179	0.74494946003	-0.118389040232	
0.718437671661	-0.569750964642	0.399037748575	
0.238142311573	-0.361332386732	-0.901513814926	
0.630957841873	0.763221383095	-0.139231190085	
0.738363325596	-0.535660386086	0.409740805626	
0.217429175973	-0.369394421577	-0.903477907181	
0.670524954796	0.729172646999	-0.136761069298	
0.709310114384	-0.576068639755	0.406231582165	
0.239030182362	-0.326400727034	-0.914509236813	
0.622732996941	0.774152815342	-0.113538578153	
0.745028972626	-0.542355895042	0.388306409121	
0.236571595073	-0.314274311066	-0.919383227825	
0.634457230568	0.766617834568	-0.0987985506654	
0.735865414143	-0.559936404228	0.380753606558	
0.233205229044	-0.304138213396	-0.923642396927	
0.6701644063	0.738517165184	-0.0739739090204	
0.704624056816	-0.60174113512	0.376048654318	
0.233174532652	-0.367955893278	-0.900132238865	
0.622871160507	0.767351448536	-0.152326270938	
0.746767103672	-0.525147795677	0.408115953207	
0.215638265014	-0.351157188416	-0.911146938801	
0.620343327522	0.769873678684	-0.149895593524	
0.754104971886	-0.532900691032	0.383852243423	
-0.486918479204	0.844112217426	0.224465996027	
0.77477735281	0.298754304647	0.557194650173	
0.40327462554	0.445219546556	-0.799468040466	
-0.490704655647	0.828871309757	0.268665730953	
0.767377853394	0.265054702759	0.583846867085	
0.412722826004	0.492664515972	-0.766121089458	
-0.497202634811	0.819967627525	0.283624053001	
0.777247607708	0.275661379099	0.565594315529	
0.38558486104	0.501661121845	-0.774377465248	
-0.505253493786	0.82373803854	0.257244080305	
0.761881172657	0.285792559385	0.581256985664	
0.405285030603	0.489671558142	-0.771988213062	
-0.429821670055	0.86597943306	0.255603194237	
0.782815039158	0.216335788369	0.583437621593	
0.449948847294	0.450864136219	-0.770887494087	
-0.491761535406	0.805315792561	0.331114828587	
0.768950223923	0.223242923617	0.599064350128	
0.408516973257	0.549207627773	-0.729030072689	
-0.470737844706	0.841788053513	0.264194488525	
0.791652560234	0.270814836025	0.54767280817	
0.389476656914	0.466960579157	-0.793886482716	
-0.515062093735	0.838960766792	0.175658300519	
0.743263185024	0.335073828697	0.579038321972	
0.42693194747	0.428801029921	-0.796152472496	
-0.802770256996	-0.568546116352	0.179764300585	
0.584500312805	-0.809938132763	0.0485760755837	
0.117980219424	0.144067704678	0.982509613037	
-0.805705547333	-0.543013870716	0.236589312553	
0.570852339268	-0.818427562714	0.06560472399	
0.158006921411	0.18791565299	0.969392359257	
-0.822536289692	-0.554055273533	0.128284141421	
0.565932869911	-0.819695591927	0.0884259715676	
0.0561610683799	0.145333781838	0.987787425518	
-0.832265734673	-0.536417007446	0.139966234565	
0.553901553154	-0.815065801144	0.169884800911	
0.0229525901377	0.2189168185	0.97547352314	
-0.780981123447	-0.60599219799	0.151135623455	
0.61571854353	-0.787610292435	0.0236796867102	
0.104686267674	0.11155039072	0.988229393959	
-0.818551242352	-0.525203824043	0.232668861747	
0.558248996735	-0.822783410549	0.106702968478	
0.135395273566	0.217229008675	0.966684877872	
-0.80307328701	-0.580094337463	0.136248961091	
0.595807731152	-0.78527033329	0.168415129185	
0.00929560698569	0.216427877545	0.976254343987	
-0.864066302776	-0.491636574268	0.1080872491	
0.502216398716	-0.856543302536	0.118795216084	
0.0341773368418	0.1569301337	0.987018167973	
-0.0772154405713	0.478985607624	0.874420106411	
0.531711399555	0.761691272259	-0.370282888412	
-0.843398332596	0.436347603798	-0.313496440649	
0.0143114970997	0.468668878078	0.883257985115	
0.517712771893	0.752251207829	-0.407543420792	
-0.855434775352	0.463106513023	-0.231870025396	
-0.003944281023	0.527920126915	0.849284827709	
0.543598413467	0.713978528976	-0.441288381815	
-0.839336156845	0.459929347038	-0.289792686701	
0.0379424914718	0.538778185844	0.841592788696	
0.543940544128	0.695359706879	-0.469684541225	
-0.838265478611	0.475597441196	-0.266679644585	
0.00413830438629	0.43520668149	0.90032106638	
0.545216917992	0.753756403923	-0.366864800453	
-0.838284790516	0.49238845706	-0.234162777662	
0.0120013607666	0.417522519827	0.90858733654	
0.544908106327	0.759147465229	-0.35604813695	
-0.838409900665	0.499369651079	-0.218400612473	
-0.0490213371813	0.531370520592	0.845719993114	
0.541037023067	0.725877702236	-0.424712240696	
-0.839568853378	0.436745882034	-0.323074609041	
0.00197615916841	0.486562490463	0.873643517494	
0.512212395668	0.749844908714	-0.418773323298	
-0.8588565588	0.448318600655	-0.247741520405	
0.715595364571	0.694850802422	0.0714537203312	
-0.686726629734	0.681114375591	0.253948330879	
0.127788051963	-0.230793431401	0.964574813843	
0.719937503338	0.678878366947	0.144271075726	
-0.690063476563	0.677960515022	0.253341555595	
0.0741780027747	-0.281946271658	0.956558346748	
0.693370521069	0.719800651073	0.0335311517119	
-0.703994750977	0.666749894619	0.244613960385	
0.153716400266	-0.193213865161	0.969040572643	
0.667849838734	0.741164982319	0.0681983083487	
-0.72808521986	0.631536483765	0.266558855772	
0.154494360089	-0.22767546773	0.961402833462	
0.733420670033	0.665587663651	0.138156369328	
-0.675578832626	0.691133201122	0.256764829159	
0.075415045023	-0.281652122736	0.956548273563	
0.668888688087	0.721581816673	0.178626954556	
-0.741577982903	0.631090521812	0.227567240596	
0.0514786057174	-0.284682959318	0.95723849535	
0.682138860226	0.727901935577	0.0696082040668	
-0.71913254261	0.650574684143	0.244133219123	
0.132419705391	-0.2165902704	0.967240214348	
0.642092049122	0.76269119978	0.077588506043	
-0.760332763195	0.620606958866	0.191679731011	
0.0980404764414	-0.18206910789	0.978385865688	
-0.200842618942	-0.946356415749	-0.253124147654	
-0.925798714161	0.267831653357	-0.266763776541	
0.320248246193	0.180764481425	-0.929927527905	
-0.147922188044	-0.953708708286	-0.261837184429	
-0.933708131313	0.221950918436	-0.280939370394	
0.32604932785	0.202922344208	-0.923317015171	
-0.141629293561	-0.977247059345	-0.157890334725	
-0.951177239418	0.178529009223	-0.251772105694	
0.274231553078	0.114523388445	-0.954820096493	
-0.114752098918	-0.982658028603	-0.145654201508	
-0.9324015975	0.157127678394	-0.325481384993	
0.342723190784	0.0984585285187	-0.934262633324	
-0.131089478731	-0.951845526695	-0.277138292789	
-0.935509622097	0.211284711957	-0.28316166997	
0.328081250191	0.22214601934	-0.918157875538	
-0.146480277181	-0.948003411293	-0.282547384501	
-0.935581088066	0.225539147854	-0.271698534489	
0.321296662092	0.224547505379	-0.919971108437	
-0.109501473606	-0.987289249897	-0.115192629397	
-0.941945314407	0.140076130629	-0.305151879787	
0.317408919334	0.0750905796885	-0.945311069489	
-0.157629027963	-0.976258397102	-0.148568585515	
-0.931596159935	0.196914926171	-0.305537343025	
0.327538788319	0.0902443751693	-0.940518081188	
0.0558537468314	0.82266920805	0.565770030022	
0.938225507736	-0.237053230405	0.252068847418	
0.341486871243	0.516740858555	-0.785089552402	
0.0521022714674	0.86243802309	0.503473937511	
0.923730254173	-0.233200922608	0.30387455225	
0.379483550787	0.449241548777	-0.808810412884	
0.00185502390377	0.875346302986	0.483492940664	
0.939750730991	-0.166811227798	0.298400074244	
0.341855436563	0.453809291124	-0.82291674614	
0.0456713475287	0.863086462021	0.502986907959	
0.924072027206	-0.227773949504	0.30693641305	
0.379480004311	0.450777947903	-0.807956814766	
0.0765924453735	0.809034407139	0.582749426365	
0.936341702938	-0.25921151042	0.236798748374	
0.34263369441	0.527515590191	-0.777386307716	
0.0221196822822	0.882593929768	0.46961542964	
0.919403851032	-0.20246270299	0.337202370167	
0.392692387104	0.424307435751	-0.815938651562	
0.076675221324	0.872984886169	0.481682807207	
0.94167560339	-0.222171738744	0.252758413553	
0.327670574188	0.434208631516	-0.839103579521	
0.0512520261109	0.889297604561	0.454447984695	
0.939605176449	-0.197129115462	0.279789537191	
0.338401079178	0.412661910057	-0.845691919327	
0.946277976036	0.0114973392338	-0.323149740696	
0.045665409416	-0.994103312492	0.0983526408672	
-0.320113420486	-0.107825703919	-0.941223144531	
0.946393013	0.0250042621046	-0.322048246861	
0.0766225680709	-0.985921442509	0.148620054126	
-0.313798129559	-0.165329143405	-0.934985041618	
0.94072508812	-0.00329667842016	-0.339154034853	
0.0428368002176	-0.99079054594	0.128448918462	
-0.336454063654	-0.135363399982	-0.931920289993	
0.936053276062	-0.00997030269355	-0.351716965437	
0.0530928373337	-0.984150886536	0.169198572636	
-0.347829520702	-0.177052527666	-0.920688331127	
0.954131245613	0.0459060445428	-0.295848339796	
0.0852061584592	-0.988946795464	0.121343322098	
-0.28700786829	-0.140985563397	-0.947496473789	
0.953910648823	-0.00929920468479	-0.299946695566	
0.0120243923739	-0.997532606125	0.0691671445966	
-0.299849808216	-0.0695859491825	-0.951445162296	
0.928810358047	0.0123242922127	-0.370350331068	
0.0774019360542	-0.983852684498	0.161378100514	
-0.362381309271	-0.178555488586	-0.914766490459	
0.937201440334	-0.0128358732909	-0.34855234623	
0.0552291497588	-0.981253504753	0.184638217092	
-0.344388216734	-0.192293450236	-0.918923258781	
0.806906402111	-0.561288356781	0.184003770351	
0.228741765022	0.00972196832299	-0.973438560963	
0.544590890408	0.827563226223	0.136234804988	
0.81695240736	-0.561388194561	0.132030501962	
0.150815948844	-0.013002730906	-0.988476336002	
0.556635737419	0.82745039463	0.0740436911583	
0.808200776577	-0.578010499477	0.112762585282	
0.120900794864	-0.0245481226593	-0.992361009121	
0.576363146305	0.815660059452	0.0500421151519	
0.800852477551	-0.5881305933	0.112861670554	
0.125292181969	-0.0197398308665	-0.991923511028	
0.585608422756	0.808525025845	0.0578794665635	
0.837297677994	-0.526841759682	0.146185919642	
0.185941234231	0.0229495707899	-0.982292830944	
0.514158010483	0.849653482437	0.1171772331	
0.870597422123	-0.489723861217	0.0472298189998	
0.110296927392	0.100718423724	-0.988782286644	
0.479473352432	0.866040587425	0.141700237989	
0.799749553204	-0.578402519226	0.160783097148	
0.169222265482	-0.039764367044	-0.984775424004	
0.575990021229	0.814781785011	0.0660770460963	
0.87368619442	-0.473971635103	0.109650820494	
0.120470479131	-0.00758620491251	-0.992687940598	
0.471337765455	0.880507409573	0.0504716262221	
0.159429639578	0.986208498478	-0.0444407686591	
-0.697586238384	0.0806894600391	-0.711942851543	
-0.698538184166	0.144506052136	0.700829803944	
0.132803067565	0.989768028259	-0.0521782487631	
-0.723719596863	0.0608674027026	-0.687404632568	
-0.677195191383	0.129051864147	0.72439789772	
0.220053657889	0.97454470396	-0.0428834483027	
-0.672591805458	0.119738087058	-0.730262339115	
-0.706538498402	0.189539954066	0.681819558144	
0.198901161551	0.978666126728	-0.0514872036874	
-0.702955961227	0.105865798891	-0.703310310841	
-0.682855248451	0.176082462072	0.709016025066	
0.0978980064392	0.995161831379	-0.00830333586782	
-0.695609867573	0.0624583102763	-0.71569955349	
-0.711718261242	0.0758414417505	0.698358952999	
0.126630216837	0.983512341976	-0.129105404019	
-0.684822499752	-0.00747952889651	-0.728671550751	
-0.717623114586	0.18068613112	0.672584295273	
0.0737434923649	0.994038581848	-0.0803066194057	
-0.676334381104	-0.00932904519141	-0.736535668373	
-0.732894062996	0.108628839254	0.671614527702	
0.227700740099	0.972498476505	-0.048980537802	
-0.679418981075	0.12264316529	-0.723428308964	
-0.697525799274	0.198003455997	0.688659846783	
-0.418929934502	-0.87575674057	0.239891380072	
0.388790667057	0.0657473355532	0.918977200985	
-0.820572674274	0.478254586458	0.312942504883	
-0.411655753851	-0.877160251141	0.247243627906	
0.340869992971	0.103407360613	0.934405982494	
-0.845190644264	0.468931555748	0.256429374218	
-0.458902716637	-0.862711071968	0.212456822395	
0.419312596321	0.00052565272199	0.907841742039	
-0.783316850662	0.505696892738	0.361504405737	
-0.448884874582	-0.850718379021	0.273460537195	
0.426232784986	0.0651269704103	0.902266085148	
-0.785383939743	0.521571457386	0.333369553089	
-0.449204534292	-0.832206070423	0.325035840273	
0.368935972452	0.158554747701	0.91583108902	
-0.813696205616	0.531312942505	0.23580725491	
-0.45831656456	-0.839460670948	0.291978895664	
0.386668980122	0.107470132411	0.91593515873	
-0.800270617008	0.532687425613	0.275338083506	
-0.525584876537	-0.820399165154	0.225179329515	
0.406294375658	-0.00950447656214	0.913692772388	
-0.747452616692	0.571712255478	0.33831897378	
-0.477094650269	-0.821847259998	0.311364322901	
0.413662731647	0.102590508759	0.904631614685	
-0.775412023067	0.560394704342	0.291022211313	
-0.265985548496	-0.195903524756	0.943860948086	
0.909974515438	-0.374144345522	0.178780436516	
0.318116515875	0.906442403793	0.277784198523	
-0.280555814505	-0.231590032578	0.931479752064	
0.880291640759	-0.448904812336	0.153528898954	
0.382589995861	0.863047242165	0.329809635878	
-0.202830776572	-0.170699283481	0.964220643044	
0.90045362711	-0.419428795576	0.115164019167	
0.384763479233	0.89159476757	0.238779857755	
-0.226460665464	-0.188787639141	0.955549478531	
0.880128920078	-0.459906995296	0.117722667754	
0.417239308357	0.867666304111	0.270308315754	
-0.226621195674	-0.1649043262	0.95992153883	
0.891606211662	-0.431806713343	0.136313304305	
0.392021924257	0.886763513088	0.244886279106	
-0.235336318612	-0.175634488463	0.955912828445	
0.896711885929	-0.418585926294	0.143852800131	
0.37486615777	0.891032159328	0.256002008915	
-0.236749589443	-0.118951149285	0.96426153183	
0.879334509373	-0.448308140039	0.160594731569	
0.413183361292	0.885929167271	0.21073462069	
-0.24430552125	-0.186962604523	0.951503992081	
0.89481306076	-0.421575546265	0.146913632751	
0.373663425446	0.887310028076	0.270289808512	
0.149473741651	0.66662812233	-0.730249643326	
0.780270397663	-0.533154845238	-0.32699239254	
-0.607318460941	-0.520915389061	-0.599842846394	
0.175429746509	0.663537919521	-0.727283895016	
0.784020841122	-0.540957629681	-0.304427653551	
-0.595429062843	-0.516800045967	-0.615127623081	
0.0994515940547	0.624015390873	-0.77505749464	
0.747012853622	-0.561379134655	-0.356125354767	
-0.65732884407	-0.543560683727	-0.521977603436	
0.117635548115	0.639885365963	-0.759413301945	
0.73600679636	-0.569565415382	-0.365908801556	
-0.666675269604	-0.515889465809	-0.537961125374	
0.108782544732	0.615292429924	-0.780757069588	
0.797602415085	-0.522790312767	-0.300866514444	
-0.593293130398	-0.590004742146	-0.54762917757	
0.172229707241	0.633809387684	-0.75407063961	
0.80650305748	-0.530260980129	-0.261488229036	
-0.565587937832	-0.563124299049	-0.602495908737	
0.091746814549	0.604176402092	-0.791551232338	
0.78855240345	-0.529498100281	-0.312756896019	
-0.608085215092	-0.595485150814	-0.525004506111	
0.140111476183	0.626423835754	-0.766786813736	
0.743739068508	-0.577808737755	-0.336138784885	
-0.653621435165	-0.523192405701	-0.546853482723	
-0.144508644938	-0.933366656303	-0.328548163176	
0.455801039934	-0.35749861598	0.815131962299	
-0.878272533417	-0.0319589674473	0.477091133595	
-0.123096831143	-0.923860728741	-0.36239272356	
0.516740858555	-0.371430069208	0.771374464035	
-0.847246170044	-0.0923093706369	0.523118495941	
-0.147834390402	-0.910809934139	-0.385448157787	
0.409901112318	-0.411107867956	0.814230561256	
-0.900070011616	-0.0376243516803	0.434117883444	
-0.122032918036	-0.916375458241	-0.381266266108	
0.432205706835	-0.394866794348	0.810727119446	
-0.893479824066	-0.0658500567079	0.44424945116	
-0.0878694951534	-0.941529154778	-0.325271904469	
0.484229415655	-0.325731009245	0.812047541142	
-0.870517551899	-0.0861520245671	0.484537929296	
-0.107565835118	-0.928885638714	-0.354402452707	
0.49580770731	-0.359098732471	0.790710330009	
-0.861744940281	-0.090662047267	0.499175399542	
-0.124639041722	-0.926471471786	-0.355127751827	
0.417271971703	-0.3736731112	0.82840359211	
-0.900193989277	-0.0449334383011	0.433164834976	
-0.157666131854	-0.918222010136	-0.363331407309	
0.426833420992	-0.395156115294	0.813427865505	
-0.890479981899	-0.0268319603056	0.454230606556	
0.906275749207	0.153107255697	-0.393982797861	
0.0924363136292	0.837740361691	0.53818821907	
0.412455826998	-0.524165272713	0.74507111311	
0.907071471214	0.0547455437481	-0.417401880026	
0.187281742692	0.835510730743	0.516572713852	
0.377023786306	-0.546740114689	0.747615098953	
0.951920151711	0.0817356184125	-0.295241117477	
0.0966168642044	0.834462463856	0.542528867722	
0.290711581707	-0.544969439507	0.786444604397	
0.949026584625	0.0329614803195	-0.313467741013	
0.142038464546	0.84309053421	0.518674731255	
0.281377971172	-0.536760568619	0.795433521271	
0.927517235279	0.098256804049	-0.36063465476	
0.112575262785	0.846597075462	0.520192444324	
0.356424689293	-0.52308601141	0.774172127247	
0.921426057816	0.0593382157385	-0.383996069431	
0.157126560807	0.846955537796	0.507914960384	
0.35536634922	-0.528342008591	0.771083295345	
0.951117932796	0.0241579618305	-0.307881504297	
0.14552372694	0.844258010387	0.515801608562	
0.27239215374	-0.535392224789	0.79947334528	
0.946997523308	0.0319861881435	-0.319644451141	
0.141874998808	0.851086080074	0.505493760109	
0.288213759661	-0.524050891399	0.801438391209	
-0.0101798838004	-0.0447768829763	0.998945116997	
-0.833550691605	0.552203714848	0.0162576623261	
-0.552349209785	-0.832505881786	-0.0429451726377	
-0.0846072137356	-0.0668108686805	0.994171977043	
-0.906427800655	0.419514894485	-0.0489474460483	
-0.413799732924	-0.905286431313	-0.0960532203317	
-0.0912011936307	-0.0150788286701	0.995718300343	
-0.846833884716	0.527286529541	-0.0695793181658	
-0.523979663849	-0.849553763866	-0.0608584210277	
-0.0493810623884	0.0127101643011	0.998699128628	
-0.906340003014	0.419562071562	-0.050153978169	
-0.419653743505	-0.907637655735	-0.00919868983328	
-0.00715976813808	-0.0328607857227	0.999434292316	
-0.848382711411	0.529262244701	0.0113241542131	
-0.529334962368	-0.847821712494	-0.0316679179668	
0.0133394571021	0.00408559152856	0.999902665615	
-0.895468890667	0.445008903742	0.0101279299706	
-0.444924205542	-0.895516812801	0.00959469750524	
-0.107350990176	-0.00866627879441	0.994183421135	
-0.859374940395	0.503646075726	-0.0884042307734	
-0.499950438738	-0.863866627216	-0.0615144893527	
-0.125200301409	-0.0220360402018	0.991886734962	
-0.867374062538	0.487781733274	-0.0986470654607	
-0.481650441885	-0.872687458992	-0.0801839083433	
0.938849151134	-0.0145046552643	-0.344023168087	
-0.157396003604	0.870542883873	-0.466241955757	
0.306249588728	0.491878718138	0.815025448799	
0.939886808395	-0.11038530618	-0.323152959347	
-0.0910921245813	0.830980062485	-0.548793613911	
0.329112410545	0.545240581036	0.770971953869	
0.898152709007	-0.0291594024748	-0.438715666533	
-0.212104037404	0.845287740231	-0.49040850997	
0.385141015053	0.533515095711	0.753012657166	
0.909499764442	-0.0239177718759	-0.415015816689	
-0.19697317481	0.854362785816	-0.480901002884	
0.366076141596	0.519126296043	0.772331595421	
0.885539770126	-0.0632450133562	-0.460238397121	
-0.192161545157	0.852097988129	-0.48682948947	
0.422957748175	0.519546985626	0.742413401604	
0.897883236408	-0.100187309086	-0.42868193984	
-0.151564374566	0.843880653381	-0.514678239822	
0.413320600986	0.527093827724	0.742521464825	
0.937810659409	-0.073684938252	-0.339236944914	
-0.111599840224	0.861347854137	-0.495606064796	
0.328719705343	0.502643406391	0.799557983875	
0.952226161957	-0.0892703160644	-0.292055130005	
-0.0832087621093	0.844301939011	-0.529368042946	
0.29383957386	0.528379619122	0.796538293362	
-0.951113343239	0.253052175045	-0.177053794265	
-0.278887569904	-0.950010836124	0.140360578895	
-0.132684469223	0.18287691474	0.974141061306	
-0.957857370377	0.232273429632	-0.168992117047	
-0.246462717652	-0.966749370098	0.0682040154934	
-0.147531047463	0.106979973614	0.983254730701	
-0.977713465691	0.165057629347	-0.129739746451	
-0.17721234262	-0.9801902771	0.088446341455	
-0.112570889294	0.109466657043	0.987595498562	
-0.954291522503	0.228952914476	-0.192115068436	
-0.243863269687	-0.968096911907	0.0576115846634	
-0.172795653343	0.101828053594	0.979679882526	
-0.973260939121	0.218224659562	-0.0717019587755	
-0.226844444871	-0.962212324142	0.150628700852	
-0.0361216142774	0.162866219878	0.985986709595	
-0.983551800251	0.15416790545	-0.0941173136234	
-0.164567127824	-0.979626834393	0.115103967488	
-0.0744545087218	0.128699332476	0.988884747028	
-0.950944900513	0.18947891891	-0.244543626904	
-0.222749173641	-0.967923283577	0.116221129894	
-0.214678004384	0.164991781116	0.962647974491	
-0.94558262825	0.197485774755	-0.258597820997	
-0.224036797881	-0.971511542797	0.07728446275	
-0.235968187451	0.131014272571	0.962888479233	
0.201225250959	0.303810656071	0.931239724159	
-0.106615245342	-0.938245177269	0.32913389802	
0.973725616932	-0.165514409542	-0.156407788396	
0.164891153574	0.298992753029	0.939901173115	
-0.075525097549	-0.946319878101	0.314284324646	
0.983415901661	-0.12280882895	-0.133458316326	
0.154119849205	0.225894719362	0.961882889271	
-0.157306030393	-0.955487251282	0.249597460032	
0.975449562073	-0.189777895808	-0.111724950373	
0.195097997785	0.252750962973	0.947656989098	
-0.076364338398	-0.959376335144	0.271598100662	
0.977806329727	-0.125355437398	-0.167871251702	
0.169622629881	0.30532464385	0.937019228935	
-0.112782999873	-0.938536345959	0.326235383749	
0.979034304619	-0.161016747355	-0.12476156652	
0.185883834958	0.300934076309	0.935353338718	
-0.141381934285	-0.933846116066	0.328546136618	
0.972346842289	-0.193313479424	-0.131040260196	
0.19259762764	0.248666867614	0.949247539043	
-0.0818767622113	-0.959913015366	0.26807320118	
0.977855980396	-0.129351571202	-0.164516925812	
0.160237655044	0.230622217059	0.959758996964	
-0.136018544436	-0.957888185978	0.25288182497	
0.977661907673	-0.171066209674	-0.122120857239	
-0.383278995752	0.841758191586	0.380184710026	
-0.239464193583	-0.488105982542	0.839291036129	
0.892050504684	0.2306419909	0.388651698828	
-0.344598710537	0.849961817265	0.39851808548	
-0.216824620962	-0.485105633736	0.847147941589	
0.913366734982	0.205517545342	0.351459413767	
-0.355081170797	0.85015642643	0.388781905174	
-0.211440041661	-0.478142499924	0.852451086044	
0.910609960556	0.220485284925	0.349536508322	
-0.324033737183	0.873477458954	0.363372057676	
-0.245674222708	-0.44861087203	0.859297633171	
0.913589775562	0.189170286059	0.359955966473	
-0.344180464745	0.863620877266	0.368373125792	
-0.248806357384	-0.462210983038	0.851150035858	
0.905337095261	0.201295629144	0.373958349228	
-0.359167307615	0.848234653473	0.389225870371	
-0.215055793524	-0.481053292751	0.849905133247	
0.908157408237	0.221552863717	0.355196386576	
-0.343389749527	0.856830596924	0.38460996747	
-0.285933554173	-0.485447138548	0.826185882092	
0.894609093666	0.17373085022	0.411694198847	
-0.334714442492	0.866354763508	0.370669275522	
-0.24706633389	-0.460281223059	0.852701246738	
0.909353852272	0.193831518292	0.368109852076	
0.610630333424	0.184989929199	-0.7700060606	
0.504357993603	-0.840476572514	0.198045939207	
-0.610535502434	-0.50929158926	-0.606521606445	
0.562261641026	0.21401566267	-0.798786044121	
0.580457687378	-0.790129899979	0.196884900331	
-0.589008271694	-0.574362337589	-0.568486750126	
0.636116802692	0.186575099826	-0.748695611954	
0.510192394257	-0.829636573792	0.226730912924	
-0.578842937946	-0.52620613575	-0.622934937477	
0.641087889671	0.186317414045	-0.744507968426	
0.484216362238	-0.850826978683	0.20402918756	
-0.595433294773	-0.49130359292	-0.635672807693	
0.624900698662	0.197556227446	-0.755295097828	
0.53212082386	-0.815698385239	0.226899862289	
-0.571267545223	-0.543698132038	-0.61485427618	
0.644186854362	0.205379456282	-0.736778557301	
0.535491287708	-0.808914005756	0.242708072066	
-0.546143233776	-0.550887823105	-0.631070673466	
0.614630579948	0.19698561728	-0.763823211193	
0.528334438801	-0.821834504604	0.213191926479	
-0.585740506649	-0.534588396549	-0.609198927879	
0.611479461193	0.172716125846	-0.772180080414	
0.539342045784	-0.80503731966	0.247032597661	
-0.578967213631	-0.567524552345	-0.585416793823	
-0.443443328142	0.779699265957	-0.442071288824	
0.132281914353	0.544747591019	0.828101158142	
0.886487185955	0.308737903833	-0.344704777002	
-0.423445701599	0.788783609867	-0.445549309254	
0.116143062711	0.535028338432	0.836812674999	
0.898445606232	0.302597254515	-0.318167179823	
-0.327059477568	0.825323462486	-0.460296958685	
0.0981926470995	0.514128088951	0.852074205875	
0.939888477325	0.233481168747	-0.24919116497	
-0.35031157732	0.798850953579	-0.488997936249	
0.116545930505	0.555200397968	0.823510527611	
0.929354012012	0.231494560838	-0.287595957518	
-0.352053880692	0.781823337078	-0.514597296715	
0.0372536703944	0.561064183712	0.826933562756	
0.935238063335	0.271954536438	-0.226650610566	
-0.310245454311	0.775705575943	-0.549571335316	
0.0448957793415	0.589406907558	0.806587815285	
0.949595749378	0.225566759706	-0.217686712742	
-0.358696788549	0.775761663914	-0.519163250923	
0.0825841650367	0.580366849899	0.810156881809	
0.929793775082	0.247725993395	-0.272241353989	
-0.324404269457	0.808119833469	-0.491634249687	
0.125719577074	0.551966547966	0.824334621429	
0.937526762486	0.205609604716	-0.280656784773	
0.695991754532	0.545100748539	-0.467397719622	
-0.27413469553	-0.399908035994	-0.874599158764	
-0.663660824299	0.736843764782	-0.128901660442	
0.747135400772	0.467125415802	-0.472845137119	
-0.28670796752	-0.415315300226	-0.863314390182	
-0.599655926228	0.780581235886	-0.176368191838	
0.722924649715	0.492272138596	-0.484817564487	
-0.33806976676	-0.359933376312	-0.869572758675	
-0.60256844759	0.792537748814	-0.0937823876739	
