-0.514303445816	-0.0695549473166	0.854783058167	
-0.773020327091	0.469225794077	-0.426927089691	
-0.371391355991	-0.880334734917	-0.295091837645	
-0.513759255409	-0.0703879520297	0.855042099953	
-0.773229598999	0.469788551331	-0.42592805624	
-0.371708780527	-0.879968345165	-0.295784264803	
-0.515069782734	-0.0701586976647	0.854272127151	
-0.772473812103	0.469915032387	-0.427158147097	
-0.371466457844	-0.879919111729	-0.29623478651	
-0.514321386814	-0.0700343772769	0.854733109474	
-0.772695600986	0.470212697983	-0.426428824663	
-0.372041672468	-0.879769980907	-0.295955717564	
-0.514154195786	-0.0691966116428	0.854901909828	
-0.772705793381	0.469967842102	-0.42668017745	
-0.372251600027	-0.879967093468	-0.295104563236	
-0.513857483864	-0.0703293457627	0.854987859726	
-0.772886157036	0.470455944538	-0.425814777613	
-0.372286826372	-0.879616379738	-0.296103894711	
-0.51429349184	-0.0701017156243	0.854744374752	
-0.772490143776	0.470764547586	-0.426192075014	
-0.372506558895	-0.879469454288	-0.296264052391	
-0.513841569424	-0.0700181499124	0.855022966862	
-0.772849619389	0.470405966043	-0.425936281681	
-0.372384637594	-0.879667937756	-0.295827656984	
-0.139224946499	0.711739182472	-0.68850839138	
-0.86216801405	0.254890829325	0.437832117081	
0.487116724253	0.654567062855	0.578151583672	
-0.139039248228	0.71165138483	-0.688636600971	
-0.861693680286	0.255741894245	0.438269376755	
0.488008260727	0.65433049202	0.577667355537	
-0.138173997402	0.711455643177	-0.689012885094	
-0.862265586853	0.255836606026	0.437087714672	
0.487243264914	0.654506266117	0.578113794327	
-0.138146460056	0.711549580097	-0.688921451569	
-0.862095057964	0.256029427052	0.437311112881	
0.487552702427	0.654328763485	0.578053832054	
-0.138666287065	0.711751282215	-0.688608586788	
-0.862193107605	0.255326449871	0.437528759241	
0.487231642008	0.654384076595	0.578261911869	
-0.138812527061	0.711717009544	-0.688614547253	
-0.861899137497	0.2556181252	0.437937527895	
0.48770993948	0.654307484627	0.577945291996	
-0.138469174504	0.711517512798	-0.688889741898	
-0.862111032009	0.255753338337	0.43744122982	
0.487432956696	0.654471576214	0.577993154526	
-0.138595208526	0.711575508118	-0.688804507256	
-0.861855089664	0.255952507257	0.43782889843	
0.48784956336	0.654330670834	0.577801167965	
0.77102458477	0.258049577475	0.582178235054	
0.217916637659	0.752104699612	-0.621973395348	
-0.598358929157	0.606423079967	0.523657917976	
0.770571947098	0.259971290827	0.581922531128	
0.217178419232	0.751287281513	-0.623218178749	
-0.599209845066	0.606615483761	0.522460758686	
0.770131409168	0.258602172136	0.583114504814	
0.218219280243	0.752173542976	-0.621783971786	
-0.59939801693	0.60610216856	0.522840499878	
0.770190119743	0.258595198393	0.583040118217	
0.21818061173	0.752156794071	-0.62181776762	
-0.59933668375	0.606125950813	0.522883296013	
0.770679891109	0.258834630251	0.582286179066	
0.217345237732	0.752217411995	-0.622036993504	
-0.599010527134	0.605948507786	0.523462355137	
0.770648598671	0.259251356125	0.582142114639	
0.218208357692	0.75093126297	-0.623287498951	
-0.59873688221	0.607363939285	0.522133350372	
0.770466566086	0.259055316448	0.582470297813	
0.217398107052	0.75215870142	-0.622089505196	
-0.599265694618	0.605927109718	0.5231949687	
0.770382165909	0.25843167305	0.582858800888	
0.218266189098	0.752037405968	-0.621932208538	
-0.599058628082	0.60634380579	0.522949278355	
0.949382007122	0.102091923356	-0.29707083106	
-0.197200074792	0.929838716984	-0.310663878918	
0.244511708617	0.353521108627	0.902904689312	
0.949725747108	0.101078569889	-0.296317666769	
-0.195871055126	0.930178821087	-0.310486495495	
0.244244888425	0.352917075157	0.903213143349	
0.949672579765	0.102430358529	-0.296023666859	
-0.196807906032	0.930320262909	-0.309468626976	
0.243697836995	0.352153688669	0.903658747673	
0.950074136257	0.101885266602	-0.294921189547	
-0.196273267269	0.929911851883	-0.311031699181	
0.242561176419	0.353388309479	0.903482556343	
0.949673175812	0.101747103035	-0.296257346869	
-0.196661740541	0.929815173149	-0.311075419188	
0.243813559413	0.353682458401	0.903030276299	
0.949872910976	0.102298244834	-0.295426040888	
-0.196784600616	0.929911077023	-0.31071087718	
0.24293474853	0.353271126747	0.903428018093	
0.949697196484	0.102468371391	-0.295931577682	
-0.197072312236	0.929939925671	-0.310441970825	
0.243388101459	0.353145778179	0.903355002403	
0.949849545956	0.102525614202	-0.295422375202	
-0.197171598673	0.929622709751	-0.311327844858	
0.242712274194	0.353963494301	0.903216779232	
-0.609589934349	0.404973596334	-0.681466460228	
0.730637788773	-0.0464570969343	-0.681182920933	
-0.307520061731	-0.913147389889	-0.267569243908	
-0.609808087349	0.404410123825	-0.681605875492	
0.731079995632	-0.0450546778738	-0.680802583694	
-0.306032985449	-0.913467288017	-0.268181413412	
-0.608721494675	0.404690235853	-0.682410418987	
0.731672227383	-0.0462412536144	-0.680086374283	
-0.306779831648	-0.91328394413	-0.267952561378	
-0.608784735203	0.405166983604	-0.68207103014	
0.732013583183	-0.0445604808629	-0.679831206799	
-0.305838555098	-0.913156092167	-0.269459992647	
-0.609830379486	0.404081732035	-0.681780695915	
0.730902552605	-0.0458456240594	-0.680940270424	
-0.306412190199	-0.913573265076	-0.267386287451	
-0.610178768635	0.404291927814	-0.681344151497	
0.73065328598	-0.0453404709697	-0.681241512299	
-0.306312918663	-0.913505494595	-0.267731428146	
-0.609756410122	0.404218316078	-0.681765854359	
0.730926811695	-0.0458569601178	-0.680913448334	
-0.30650138855	-0.913512289524	-0.267492443323	
-0.609696567059	0.405087202787	-0.681303501129	
0.731063306332	-0.0447603240609	-0.680839896202	
-0.30629491806	-0.913181722164	-0.268854171038	
0.599141716957	0.534550905228	-0.596057474613	
-0.682793021202	0.729922831059	-0.0317232608795	
0.418118238449	0.425990611315	0.80231487751	
0.599162876606	0.534384071827	-0.596185803413	
-0.682656824589	0.730051517487	-0.0316926985979	
0.418310284615	0.425979405642	0.802220702171	
0.5982375741	0.534585237503	-0.596934199333	
-0.682815909386	0.729949355125	-0.0305996239185	
0.419373631477	0.42590200901	0.801706433296	
0.598998367786	0.53457403183	-0.596180796623	
-0.682831287384	0.729892849922	-0.0315894298255	
0.418261229992	0.426012903452	0.80222851038	
0.599155604839	0.534306108952	-0.596262991428	
-0.682238042355	0.730473637581	-0.0309766251594	
0.419003397226	0.425353109837	0.802191317081	
0.598882615566	0.534520328045	-0.596345245838	
-0.682729482651	0.72999984026	-0.0313158147037	
0.418592989445	0.425896972418	0.802116990089	
0.599108576775	0.533957779408	-0.596622169018	
-0.68219512701	0.73050147295	-0.0312626771629	
0.419140428305	0.425742506981	0.8019130826	
0.598646640778	0.533869802952	-0.597164273262	
-0.682991206646	0.72971123457	-0.0323187410831	
0.418503493071	0.427205473185	0.801467597485	
0.228809282184	-0.819287657738	0.525750935078	
-0.949159562588	-0.0678129419684	0.307404518127	
-0.216199994087	-0.56935852766	-0.793150961399	
0.228550121188	-0.819342255592	0.525778591633	
-0.949185788631	-0.0675150305033	0.307389110327	
-0.216358929873	-0.569315373898	-0.793138623238	
0.228379130363	-0.819394052029	0.525772154331	
-0.949358224869	-0.0677364766598	0.306807309389	
-0.215782120824	-0.569214522839	-0.79336810112	
0.228051841259	-0.81981253624	0.525261640549	
-0.949336588383	-0.0674204155803	0.306943893433	
-0.216223090887	-0.568649232388	-0.79365336895	
0.229329138994	-0.819481372833	0.525222241879	
-0.948988318443	-0.0682765766978	0.307830244303	
-0.216400787234	-0.569024205208	-0.793336093426	
0.229174628854	-0.819454550743	0.525331497192	
-0.948904514313	-0.0678027644753	0.30819311738	
-0.216931328177	-0.569119513035	-0.793122828007	
0.229250997305	-0.818760991096	0.526378571987	
-0.949102342129	-0.0680348798633	0.307532161474	
-0.215983241796	-0.570089161396	-0.792685031891	
0.228699013591	-0.819743871689	0.525087416172	
-0.949230670929	-0.068097114563	0.307122051716	
-0.216004475951	-0.568667590618	-0.793699741364	
0.947324991226	-0.113190211356	0.299605339766	
-0.195836961269	-0.944925546646	0.262228041887	
0.253423094749	-0.30708900094	-0.917318403721	
0.947264492512	-0.113912202418	0.299522995949	
-0.196366548538	-0.944979429245	0.261637181044	
0.253239423037	-0.306655913591	-0.917514026165	
0.947360336781	-0.113089703023	0.299531579018	
-0.195508539677	-0.945197701454	0.261491298676	
0.253544598818	-0.306287437677	-0.917552828789	
0.94745105505	-0.113161839545	0.299217075109	
-0.195762857795	-0.944856524467	0.262531906366	
0.25300860405	-0.307311743498	-0.917358219624	
0.947578966618	-0.112883836031	0.298916995525	
-0.195367395878	-0.944956541061	0.262466490269	
0.25283536315	-0.307106375694	-0.917474746704	
0.947239756584	-0.114230155945	0.299480170012	
-0.196566149592	-0.945041537285	0.261262774467	
0.25317710638	-0.30634611845	-0.917634665966	
0.947364926338	-0.112740844488	0.299648463726	
-0.195180684328	-0.945284187794	0.261423677206	
0.253779828548	-0.306149214506	-0.917533874512	
0.94720774889	-0.114093407989	0.299633383751	
-0.196609005332	-0.944904029369	0.261727392673	
0.253263413906	-0.306820839643	-0.917452216148	
-0.993854939938	-0.106964215636	-0.0284776687622	
0.0811093151569	-0.528671145439	-0.844942629337	
0.0753233060241	-0.842060267925	0.534098267555	
-0.993819236755	-0.107159875333	-0.02898501046	
0.0817286670208	-0.529595196247	-0.844304084778	
0.075125195086	-0.84145450592	0.53507989645	
-0.99378824234	-0.107812449336	-0.0275940746069	
0.080921985209	-0.52984303236	-0.844226300716	
0.076397575438	-0.841215133667	0.535276114941	
-0.993740856647	-0.1081045717	-0.0281515549868	
0.0814427360892	-0.528623223305	-0.844940602779	
0.0764603763819	-0.841944694519	0.534118831158	
-0.993862211704	-0.106935687363	-0.0283303651959	
0.0809920653701	-0.528932213783	-0.844790518284	
0.0753534063697	-0.841899871826	0.534346699715	
-0.993827819824	-0.107347041368	-0.0279793143272	
0.0809831172228	-0.529681384563	-0.844321846962	
0.0758153349161	-0.841376423836	0.535105347633	
-0.993913471699	-0.106540001929	-0.0280222240835	
0.0805691257119	-0.529519498348	-0.844462990761	
0.0751307681203	-0.841580867767	0.534880399704	
-0.993807017803	-0.107534855604	-0.0279973857105	
0.080932803452	-0.527831017971	-0.845484673977	
0.0761411860585	-0.842514514923	0.53326523304	
-0.986047267914	0.0658930316567	0.152868747711	
0.0766075178981	0.99492162466	0.0652862936258	
-0.147790506482	0.0760862678289	-0.986087620258	
-0.986183941364	0.0648646727204	0.152426421642	
0.0756854489446	0.99492585659	0.066289268434	
-0.147353157401	0.0769098699093	-0.986089229584	
-0.985933363438	0.0647193938494	0.154099985957	
0.0757742673159	0.994873166084	0.0669746547937	
-0.148975387216	0.0777093619108	-0.9857827425	
-0.986013948917	0.0642769783735	0.153769269586	
0.0752344280481	0.994944036007	0.0665295571089	
-0.148715496063	0.0771678090096	-0.985864520073	
-0.985851883888	0.0655740872025	0.154259890318	
0.0763546749949	0.994958043098	0.0650261715055	
-0.149218082428	0.0758846402168	-0.985888183117	
-0.985832452774	0.0651548802853	0.154561415315	
0.076040096581	0.994945347309	0.0655871927738	
-0.149506822228	0.0764108523726	-0.98580378294	
-0.985905826092	0.0647941082716	0.154244855046	
0.0760562196374	0.99476402998	0.0682643204927	
-0.149014100432	0.0790334641933	-0.985671579838	
-0.986050784588	0.0652276277542	0.153131276369	
0.0760705694556	0.994912683964	0.0660456046462	
-0.148044243455	0.0767731070518	-0.985996365547	
-0.890091359615	-0.454947859049	-0.0275653600693	
-0.220334127545	0.376557260752	0.899809718132	
-0.398986548185	0.806986391544	-0.435410916805	
-0.890155315399	-0.454760313034	-0.0285755507648	
-0.221472367644	0.377002000809	0.899343907833	
-0.398212879896	0.806884467602	-0.436307191849	
-0.889851152897	-0.455368876457	-0.0283568352461	
-0.221230909228	0.376288056374	0.899702250957	
-0.399026095867	0.806874513626	-0.43558204174	
-0.890328586102	-0.45446652174	-0.027842797339	
-0.220393240452	0.376640617847	0.899760365486	
-0.398424237967	0.807218670845	-0.435495257378	
-0.89074665308	-0.453637361526	-0.0279926676303	
-0.220555499196	0.37758025527	0.899326622486	
-0.397398680449	0.807246088982	-0.436380565166	
-0.8903632164	-0.454442083836	-0.0271253306419	
-0.22058840096	0.378530800343	0.898918926716	
-0.398238807917	0.806347846985	-0.437274545431	
-0.890711128712	-0.453715920448	-0.0278497301042	
-0.219798505306	0.37624925375	0.900069534779	
-0.397897422314	0.807823240757	-0.434855461121	
-0.890638768673	-0.453825086355	-0.0283781718463	
-0.220564603806	0.376600056887	0.899735331535	
-0.397635251284	0.807598412037	-0.435512363911	
0.894624173641	-0.444024950266	0.0498940013349	
0.0345857925713	0.180144563317	0.983031928539	
-0.445478856564	-0.877718508244	0.176518633962	
0.894644081593	-0.44405901432	0.0492299050093	
0.0349904447794	0.17948910594	0.983137488365	
-0.445407301188	-0.877835571766	0.17611669004	
0.894681930542	-0.444083273411	0.0483142286539	
0.0363196358085	0.180115297437	0.982974767685	
-0.445224761963	-0.877695024014	0.177274852991	
0.894785881042	-0.443794190884	0.0490398481488	
0.0355682633817	0.180332049727	0.982962489128	
-0.445076495409	-0.877796709538	0.17714355886	
0.895032644272	-0.443280488253	0.0491830632091	
0.0356258414686	0.180981174111	0.982841074467	
-0.444575488567	-0.877922654152	0.177776306868	
0.895147562027	-0.443114221096	0.0485864877701	
0.0352951809764	0.179106101394	0.983196437359	
-0.444370448589	-0.878391027451	0.175966188312	
0.894680261612	-0.44404026866	0.0487385988235	
0.0357473790646	0.179925143719	0.983030557632	
-0.445274472237	-0.877755761147	0.176848739386	
0.895189583302	-0.4429910779	0.0489338710904	
0.0358427166939	0.180996254086	0.982830405235	
-0.444241940975	-0.878065645695	0.177903965116	
0.192675113678	-0.376210063696	-0.90627938509	
0.685374319553	0.712556958199	-0.150082319975	
0.70223814249	-0.592223465443	0.395136684179	
0.192532151937	-0.376745909452	-0.90608716011	
0.685288846493	0.712520062923	-0.150646522641	
0.70236068964	-0.591927111149	0.395362794399	
0.192616507411	-0.376777917147	-0.906055867672	
0.685605704784	0.712259411812	-0.15043734014	
0.702028274536	-0.592220366001	0.395514011383	
0.192678570747	-0.375500202179	-0.90657299757	
0.684774398804	0.713180422783	-0.149858906865	
0.7028221488	-0.591923356056	0.394547522068	
0.192853868008	-0.375595957041	-0.906496047974	
0.685047149658	0.712959229946	-0.149664893746	
0.702508211136	-0.592129051685	0.394797891378	
0.192371889949	-0.375807702541	-0.906510710716	
0.685974061489	0.712074756622	-0.149629846215	
0.701735436916	-0.593058228493	0.39477750659	
0.192540407181	-0.37726739049	-0.90586835146	
0.684995114803	0.71268171072	-0.151216581464	
0.702644884586	-0.591400146484	0.395646333694	
0.192597746849	-0.375090867281	-0.906759619713	
0.685270726681	0.712818324566	-0.149311959743	
0.702360451221	-0.592618644238	0.394325971603	
-0.442669153214	0.865058064461	0.236047774553	
0.803704917431	0.26604115963	0.532241046429	
0.397620975971	0.425319463015	-0.813019633293	
-0.443264454603	0.864455401897	0.237135887146	
0.803026437759	0.265393048525	0.533586978912	
0.398327946663	0.426946550608	-0.811819851398	
-0.442860215902	0.86448341608	0.237788230181	
0.803886413574	0.265405088663	0.532284557819	
0.397040963173	0.426882356405	-0.812483787537	
-0.442871063948	0.864687085152	0.237026289105	
0.80350446701	0.265478044748	0.532824575901	
0.397801250219	0.426424264908	-0.812352478504	
-0.441304087639	0.865677893162	0.236331313848	
0.804166972637	0.26464509964	0.532239079475	
0.398203700781	0.424929112196	-0.812938511372	
-0.442504912615	0.864709973335	0.237625896931	
0.803684949875	0.264841407537	0.532869160175	
0.397844105959	0.426773577929	-0.812148034573	
-0.442261964083	0.864963769913	0.237154081464	
0.803869307041	0.265024095774	0.53250014782	
0.397741764784	0.426145464182	-0.812527835369	
-0.443192571402	0.864927411079	0.235543847084	
0.803072273731	0.266333580017	0.533049166203	
0.398315578699	0.425402164459	-0.812636256218	
-0.839349508286	-0.484834700823	0.245820447803	
0.521235883236	-0.846189260483	0.110801152885	
0.154290378094	0.221131339669	0.962961792946	
-0.839092314243	-0.484353423119	0.24764059484	
0.52125364542	-0.846112906933	0.111299425364	
0.15562364459	0.222474053502	0.962437808514	
-0.839574933052	-0.484387785196	0.245931640267	
0.520903468132	-0.846318304539	0.111377499998	
0.154186546803	0.221616387367	0.962866902351	
-0.839587271214	-0.484097063541	0.246461361647	
0.520953416824	-0.84610581398	0.112749986351	
0.153950437903	0.223058342934	0.962571680546	
-0.839094996452	-0.485143452883	0.246080026031	
0.521443486214	-0.846194267273	0.109781488776	
0.154971733689	0.220433920622	0.96301227808	
-0.839615821838	-0.483542472124	0.247450977564	
0.520506024361	-0.846479713917	0.11200684309	
0.15530218184	0.222842440009	0.962404549122	
-0.839348733425	-0.484947025776	0.245601475239	
0.521539092064	-0.845803558826	0.11230892688	
0.153266727924	0.22235712409	0.962843000889	
-0.840218484402	-0.483496844769	0.245486631989	
0.520010054111	-0.846778571606	0.112052075565	
0.153695985675	0.221803739667	0.962902188301	
-0.0173278544098	0.51613509655	0.856331884861	
0.598536610603	0.691403687	-0.40461692214	
-0.800908029079	0.505534827709	-0.320906281471	
-0.0160271562636	0.516207873821	0.856313347816	
0.599037349224	0.690664231777	-0.40513843298	
-0.80056065321	0.506470441818	-0.320297181606	
-0.0171247795224	0.516997635365	0.855815529823	
0.598969697952	0.690661609173	-0.405242919922	
-0.800588548183	0.505667865276	-0.32149335742	
-0.0163414794952	0.516846001148	0.855922400951	
0.599011361599	0.690472662449	-0.40550327301	
-0.800573766232	0.506080687046	-0.320879966021	
-0.0162230823189	0.515863358974	0.856517255306	
0.598805606365	0.691032350063	-0.404853224754	
-0.800730109215	0.506319344044	-0.320112526417	
-0.0164583586156	0.51562422514	0.856656730175	
0.599215865135	0.690956056118	-0.404376149178	
-0.800418317318	0.506666958332	-0.320342212915	
-0.0174288339913	0.516787230968	0.855936467648	
0.598638772964	0.691061019897	-0.405051022768	
-0.800829470158	0.505337178707	-0.321413248777	
-0.016925862059	0.515691816807	0.856606960297	
0.59868812561	0.691397428513	-0.404403328896	
-0.800803363323	0.505995571613	-0.320441097021	
0.733349204063	0.666441261768	0.134368881583	
-0.67967236042	0.714147746563	0.167446911335	
0.0156342964619	-0.214123874903	0.976681411266	
0.732983648777	0.666648983955	0.135329678655	
-0.680086433887	0.713850557804	0.167032554746	
0.0147469192743	-0.21446801722	0.976619660854	
0.733118474483	0.66672295332	0.134230315685	
-0.679911494255	0.713839352131	0.167790696025	
0.0160510297865	-0.214275196195	0.97664141655	
0.73261988163	0.667213857174	0.134513273835	
-0.680444002151	0.713246881962	0.168151333928	
0.0162517316639	-0.214719757438	0.976540505886	
0.733536243439	0.666064858437	0.135211661458	
-0.679487407207	0.714345216751	0.167355239391	
0.014881641604	-0.214635759592	0.976580798626	
0.732753038406	0.66693931818	0.135147765279	
-0.680335998535	0.713700890541	0.166655093431	
0.0146937565878	-0.214062929153	0.976709365845	
0.732958555222	0.666631698608	0.135550498962	
-0.680096745491	0.713534295559	0.168336644769	
0.0154986111447	-0.215571239591	0.976365089417	
0.732324838638	0.667429506779	0.135048776865	
-0.680790662766	0.713242411613	0.166761234403	
0.0149788493291	-0.214063331485	0.976704955101	
-0.218230083585	-0.961944639683	-0.164432913065	
-0.918583214283	0.259369313717	-0.298215359449	
0.329515516758	0.0859657600522	-0.940228402615	
-0.217048630118	-0.962147533894	-0.164808988571	
-0.918920516968	0.258352488279	-0.298058897257	
0.329355448484	0.0867530852556	-0.940212130547	
-0.217743784189	-0.962202847004	-0.1635645926	
-0.91906774044	0.258543908596	-0.2974383533	
0.328484624624	0.085561580956	-0.940625905991	
-0.216867625713	-0.962462007999	-0.163203418255	
-0.918826520443	0.257718831301	-0.298896074295	
0.329736679792	0.0851347446442	-0.940226435661	
-0.217367514968	-0.962240517139	-0.163843214512	
-0.918861508369	0.258350789547	-0.29824218154	
0.329309731722	0.0857210680842	-0.940322816372	
-0.217358410358	-0.962000310421	-0.165259435773	
-0.918797791004	0.258798331022	-0.298050493002	
0.329493522644	0.0870562195778	-0.940135776997	
-0.217242926359	-0.962411940098	-0.162999212742	
-0.91886228323	0.257978588343	-0.298561871052	
0.329389810562	0.0849133655429	-0.940368056297	
-0.217300131917	-0.962329030037	-0.163412004709	
-0.918810367584	0.258170694113	-0.298555463552	
0.3294968009	0.085268497467	-0.940298438072	
0.116463892162	0.868963837624	0.480976074934	
0.922379553318	-0.274215102196	0.272069871426	
0.368309795856	0.411956191063	-0.833450675011	
0.116416066885	0.869374930859	0.480244249105	
0.921983361244	-0.274393677711	0.273230344057	
0.369315594435	0.41096881032	-0.833493053913	
0.115762643516	0.86959528923	0.48000317812	
0.922285854816	-0.273517340422	0.273088097572	
0.368765324354	0.411086708307	-0.833678483963	
0.115998879075	0.86949968338	0.480119287968	
0.922078609467	-0.273952364922	0.273351669312	
0.369208991528	0.410999238491	-0.833525240421	
0.116644918919	0.869044005871	0.480787366629	
0.922182440758	-0.274504482746	0.272445946932	
0.368745803833	0.411594241858	-0.833436667919	
0.115761853755	0.869896352291	0.479457587004	
0.92201924324	-0.273641914129	0.273862481117	
0.36943167448	0.410366266966	-0.833738446236	
0.116686336696	0.869464039803	0.480017244816	
0.922295033932	-0.27416691184	0.272404909134	
0.368451118469	0.410931587219	-0.833893895149	
0.116378635168	0.869764983654	0.479546576738	
0.922308087349	-0.273786514997	0.272743016481	
0.368515729904	0.410548210144	-0.834054172039	
0.91696369648	-0.0572172664106	-0.394846528769	
-0.0117587856948	-0.993108928204	0.116603776813	
-0.398797363043	-0.102278515697	-0.911317586899	
0.916942179203	-0.0571435242891	-0.394907176495	
-0.0112945158035	-0.993012785912	0.117465153337	
-0.398860245943	-0.103248469532	-0.91118067503	
0.916860878468	-0.0573525242507	-0.39506560564	
-0.011477583088	-0.993004262447	0.11751960218	
-0.399041861296	-0.103214725852	-0.911104977131	
0.916868150234	-0.0574345327914	-0.395036756992	
-0.0115147605538	-0.992988884449	0.117645598948	
-0.399024009705	-0.103316754103	-0.911101222038	
0.917174994946	-0.0568399690092	-0.394410014153	
-0.0111289434135	-0.993042230606	0.117231555283	
-0.398329257965	-0.103132486343	-0.911426067352	
0.917222499847	-0.0577696822584	-0.394164353609	
-0.0124230263755	-0.993096292019	0.116642154753	
-0.398181527853	-0.102090097964	-0.911607980728	
0.916610896587	-0.0572869516909	-0.395654737949	
-0.011100763455	-0.992945373058	0.118051744998	
-0.399626374245	-0.103815443814	-0.910780489445	
0.916963338852	-0.0574734471738	-0.394810199738	
-0.0115334773436	-0.992974758148	0.117762684822	
-0.398804783821	-0.103430524468	-0.911184310913	
0.81602948904	-0.566660344601	0.113982133567	
0.128236785531	-0.0147945340723	-0.991633236408	
0.563605546951	0.823818683624	0.0605939216912	
0.816214025021	-0.566565752029	0.113127626479	
0.127262175083	-0.0146890599281	-0.991760313511	
0.563559234142	0.823885560036	0.0601129755378	
0.81580978632	-0.566934883595	0.114189341664	
0.127981245518	-0.0155714564025	-0.991654336452	
0.563981533051	0.823615431786	0.0598536841571	
0.816023230553	-0.566760599613	0.113527558744	
0.127619192004	-0.0149028394371	-0.991711258888	
0.563754796982	0.823747754097	0.0601684637368	
0.81645911932	-0.566048681736	0.113944731653	
0.128184422851	-0.0147247677669	-0.991641044617	
0.562994897366	0.824240326881	0.0605364479125	
0.816755950451	-0.56589704752	0.112562298775	
0.127282604575	-0.0135669531301	-0.991773724556	
0.562768936157	0.824364304543	0.0609479621053	
0.816019415855	-0.566675543785	0.113978631794	
0.127886757255	-0.0153018673882	-0.99167072773	
0.563699662685	0.823798894882	0.0599836818874	
0.816929042339	-0.565579235554	0.112903006375	
0.12723018229	-0.0142083670944	-0.991771459579	
0.562529504299	0.824571549892	0.0603515170515	
0.20997415483	0.976245462894	-0.053438231349	
-0.660864591599	0.101436398923	-0.743618607521	
-0.7205337286	0.191456124187	0.666465103626	
0.209354922175	0.976364970207	-0.0536834709346	
-0.66128462553	0.100924834609	-0.743314743042	
-0.720328509808	0.191116645932	0.666784286499	
0.210465058684	0.976143121719	-0.0533764138818	
-0.66020077467	0.101652726531	-0.744178533554	
-0.720998883247	0.191862717271	0.665844798088	
0.209929689765	0.976234734058	-0.0538076832891	
-0.660978734493	0.101154014468	-0.743555605412	
-0.720441937447	0.191660135984	0.666505634785	
0.209128960967	0.976486682892	-0.0523343831301	
-0.660360693932	0.101548857987	-0.7440508008	
-0.721241176128	0.190162137151	0.666070222855	
0.209375739098	0.976317286491	-0.0544647164643	
-0.660227537155	0.100063495338	-0.744370102882	
-0.721291482449	0.19181214273	0.665542423725	
0.208440840244	0.976593375206	-0.0530823804438	
-0.660311996937	0.100481949747	-0.744238853455	
-0.721484959126	0.190180703998	0.665800869465	
0.210493788123	0.976137161255	-0.0533721335232	
-0.660573661327	0.101775459945	-0.743830800056	
-0.720648884773	0.191827982664	0.666233599186	
-0.505433619022	-0.845922827721	0.170151263475	
0.343845188618	-0.0165965016931	0.938879668713	
-0.791395843029	0.533047020435	0.299254924059	
-0.505142569542	-0.845991551876	0.170672923326	
0.34297683835	-0.0153109505773	0.93921905756	
-0.791958272457	0.532976388931	0.297889709473	
-0.50559514761	-0.845848143101	0.170042544603	
0.344402939081	-0.0171608105302	0.938665091991	
-0.791050076485	0.533147633076	0.299989014864	
-0.505563020706	-0.845624625683	0.171245381236	
0.344030022621	-0.015560795553	0.93882972002	
-0.791232824326	0.533551096916	0.298787236214	
-0.505791723728	-0.845524251461	0.171065717936	
0.343212246895	-0.0153046315536	0.939133167267	
-0.791441738605	0.533717632294	0.297935247421	
-0.505470216274	-0.845652997494	0.171379208565	
0.343644946814	-0.01511374861	0.938978016376	
-0.79145938158	0.533519029617	0.298243939877	
-0.506155848503	-0.84546148777	0.170297279954	
0.344371587038	-0.0170929059386	0.938677847385	
-0.790705084801	0.533762812614	0.299804568291	
-0.505544483662	-0.845482707024	0.171999439597	
0.344242036343	-0.0148588363081	0.938763380051	
-0.79115241766	0.533796072006	0.298562467098	
-0.299649059772	-0.176561415195	0.937569439411	
0.863883376122	-0.467248439789	0.188107445836	
0.4048653543	0.866316914558	0.292539030313	
-0.299835145473	-0.177042722702	0.937419176102	
0.863617241383	-0.467834204435	0.1878734231	
0.405295163393	0.865902423859	0.293170303106	
-0.298822820187	-0.176141634583	0.937912046909	
0.863902151585	-0.467478007078	0.187449708581	
0.405435562134	0.866278469563	0.291862249374	
-0.299238115549	-0.176728501916	0.937669217587	
0.863513708115	-0.468247354031	0.187319308519	
0.405956476927	0.865743279457	0.292724937201	
-0.298741579056	-0.176316976547	0.937905013561	
0.863795042038	-0.46777638793	0.187198668718	
0.405723512173	0.86608171463	0.292045980692	
-0.299030989408	-0.176520124078	0.937774538994	
0.863826751709	-0.4676258564	0.18742839992	
0.405442744493	0.866121649742	0.292317420244	
-0.298650324345	-0.175804138184	0.938030302525	
0.863938450813	-0.467406630516	0.18746034801	
0.40548530221	0.866385579109	0.291475087404	
-0.299077957869	-0.176721632481	0.937721610069	
0.864023029804	-0.46722650528	0.18751963973	
0.404989600182	0.866296052933	0.292428702116	
0.160938054323	0.642560184002	-0.749143123627	
0.747646152973	-0.574879705906	-0.332473307848	
-0.64430129528	-0.506586372852	-0.57292765379	
0.161474153399	0.64304625988	-0.748610436916	
0.747488677502	-0.574974656105	-0.332663297653	
-0.644349932671	-0.505861282349	-0.573513329029	
0.160644769669	0.642167389393	-0.749542713165	
0.747275710106	-0.575242936611	-0.332677930593	
-0.644804060459	-0.506672084332	-0.572285830975	
0.161597132683	0.642258346081	-0.749260008335	
0.747089445591	-0.575680673122	-0.332338869572	
-0.644781947136	-0.506059229374	-0.572852790356	
0.160353258252	0.64183562994	-0.749889194965	
0.747837781906	-0.574846088886	-0.332100361586	
-0.644224703312	-0.507542133331	-0.572167396545	
0.161506086588	0.642512023449	-0.749062120914	
0.748038351536	-0.574790656567	-0.331744372845	
-0.643703639507	-0.506748497486	-0.573455810547	
0.160004839301	0.641583859921	-0.750179052353	
0.747918486595	-0.574772357941	-0.332046151161	
-0.644217610359	-0.507943809032	-0.571818828583	
0.160861849785	0.642047345638	-0.74959897995	
0.747455537319	-0.57523047924	-0.332295209169	
-0.644541442394	-0.506838321686	-0.572434484959	
-0.222903430462	-0.909906208515	-0.349835276604	
0.42750030756	-0.41375592351	0.803772032261	
-0.876103639603	0.0296088643372	0.481212794781	
-0.222481444478	-0.90979462862	-0.350393682718	
0.428210794926	-0.41406789422	0.803233027458	
-0.875863850117	0.0286620892584	0.481706291437	
-0.222683504224	-0.909685909748	-0.350547492504	
0.426208823919	-0.414235085249	0.80421102047	
-0.876788496971	0.0296780932695	0.479959487915	
-0.222414180636	-0.909748673439	-0.350555628538	
0.42669031024	-0.414128094912	0.804010748863	
-0.876622676849	0.029244704172	0.480288892984	
-0.221916377544	-0.910234689713	-0.349608331919	
0.426968455315	-0.41305911541	0.804412901402	
-0.876613378525	0.0292406696826	0.480306088924	
-0.222282141447	-0.909817218781	-0.350461453199	
0.426941841841	-0.413989275694	0.803948700428	
-0.876533687115	0.0290767792612	0.480461478233	
-0.222251564264	-0.909841120243	-0.350418865681	
0.425639003515	-0.413893193007	0.804688692093	
-0.877174854279	0.02969138138	0.479252278805	
-0.223044455051	-0.909611046314	-0.350512415171	
0.425752878189	-0.414363145828	0.804386496544	
-0.876918256283	0.0301822889596	0.479690909386	
0.948585510254	-0.0119835305959	-0.316294074059	
0.185647875071	0.830413818359	0.525307297707	
0.256359934807	-0.557018220425	0.789943218231	
0.948707580566	-0.0135375680402	-0.315864861012	
0.186657711864	0.830354630947	0.525042951107	
0.255172044039	-0.557070851326	0.790290653706	
0.949047207832	-0.0128646120429	-0.314871251583	
0.185424238443	0.830693423748	0.524944067001	
0.254808276892	-0.556581497192	0.790752708912	
0.948978602886	-0.0136154778302	-0.315046370029	
0.186154067516	0.830599367619	0.524834573269	
0.254531443119	-0.556703984737	0.790755629539	
0.948955535889	-0.0128098549321	-0.315149694681	
0.185640975833	0.830462515354	0.525232732296	
0.254991859198	-0.556927204132	0.790450036526	
0.948753297329	-0.0135139012709	-0.315728694201	
0.18644914031	0.830604851246	0.52472114563	
0.255154758692	-0.556698262691	0.790558755398	
0.949189722538	-0.0140505256131	-0.314390689135	
0.186159700155	0.830541372299	0.524924337864	
0.253739029169	-0.556779623032	0.79095697403	
0.948995947838	-0.0137952985242	-0.314986228943	
0.186252787709	0.830619692802	0.524767398834	
0.254394471645	-0.556669175625	0.790824174881	
-0.0837035998702	-0.0281434524804	0.996093213558	
-0.844975888729	0.531866788864	-0.0559776499867	
-0.528213500977	-0.846360266209	-0.0682997033	
-0.0847408697009	-0.02803834714	0.996008455753	
-0.846671164036	0.529039382935	-0.0571423470974	
-0.525325536728	-0.848133921623	-0.0685705170035	
-0.0839622914791	-0.0275692343712	0.996087491512	
-0.845279455185	0.531324088573	-0.0565446317196	
-0.527686417103	-0.846719920635	-0.0679148957133	
-0.0835489854217	-0.0272849891335	0.996130049229	
-0.846290409565	0.529720127583	-0.0564718395472	
-0.526129305363	-0.84773349762	-0.0673486068845	
-0.0830609127879	-0.0276943612844	0.996159553528	
-0.845262527466	0.531439840794	-0.0557043142617	
-0.527856171131	-0.846643209457	-0.0675508826971	
-0.0831800475717	-0.0265593286604	0.996180534363	
-0.846383750439	0.529562354088	-0.0565534234047	
-0.526037693024	-0.847855091095	-0.0665284097195	
-0.0840703845024	-0.0276281386614	0.996076703072	
-0.845576107502	0.530841350555	-0.0566439777613	
-0.527193784714	-0.847020745277	-0.0679897293448	
-0.0843850150704	-0.0275665316731	0.996051847935	
-0.845927894115	0.530243337154	-0.0569916777313	
-0.526578783989	-0.847397267818	-0.0680638849735	
0.923626482487	-0.104856304824	-0.368672281504	
-0.105457186699	0.855212211609	-0.507435619831	
0.368500858545	0.507560133934	0.778838813305	
0.923535764217	-0.106469139457	-0.368437319994	
-0.104473099113	0.8545165658	-0.508809149265	
0.369008272886	0.508395254612	0.778053462505	
0.922824144363	-0.105277143419	-0.370556741953	
-0.105927892029	0.855500042439	-0.506851971149	
0.370371252298	0.506987571716	0.778324306011	
0.923100471497	-0.105183161795	-0.369894653559	
-0.105732761323	0.855377674103	-0.507099211216	
0.369737923145	0.50721347332	0.778478205204	
0.92291778326	-0.106169171631	-0.370068728924	
-0.105531215668	0.854645133018	-0.508374750614	
0.370251178741	0.508241891861	0.777563035488	
0.923112869263	-0.107348419726	-0.369241088629	
-0.104064777493	0.854667246342	-0.508639752865	
0.370179951191	0.507956922054	0.777783155441	
0.923247873783	-0.105934068561	-0.369312047958	
-0.104748874903	0.855419456959	-0.507232964039	
0.36964994669	0.506986737251	0.77866768837	
0.923727989197	-0.106677293777	-0.36789470911	
-0.103765703738	0.854837536812	-0.508414626122	
0.368726491928	0.507811665535	0.778567969799	
-0.961423993111	0.261668592691	-0.0848143696785	
-0.266676127911	-0.962262272835	0.0541771948338	
-0.0674372017384	0.0747052207589	0.994922816753	
-0.96147865057	0.261288136244	-0.0853660926223	
-0.266237944365	-0.962463736534	0.0527347028255	
-0.0683828145266	0.0734309852123	0.994953095913	
-0.961781740189	0.260638892651	-0.0839241147041	
-0.265487313271	-0.962666630745	0.0528154745698	
-0.0670251697302	0.0730777457356	0.995071470737	
-0.961479365826	0.261363476515	-0.0851267054677	
-0.266281872988	-0.962462604046	0.0525332726538	
-0.0682009905577	0.0731773525476	0.994984269142	
-0.961515188217	0.26149314642	-0.084320306778	
-0.266486763954	-0.962295114994	0.054524295032	
-0.0668832883239	0.0748961791396	0.994945824146	
-0.961703002453	0.260488390923	-0.0852827206254	
-0.26548859477	-0.962624549866	0.0535704903305	
-0.068140745163	0.0741604864597	0.994915604591	
-0.961414635181	0.261263936758	-0.0861575081944	
-0.266342431307	-0.96237885952	0.0537460483611	
-0.0688742548227	0.0746196359396	0.994830787182	
-0.961489200592	0.260914951563	-0.0863821581006	
-0.265927284956	-0.962559223175	0.0525583475828	
-0.0694346874952	0.0735056549311	0.994874715805	
0.206998705864	0.244320094585	0.947343230247	
-0.159726917744	-0.94688385725	0.279102653265	
0.965214431286	-0.20909011364	-0.156979233027	
0.206144571304	0.24430526793	0.94753330946	
-0.159516200423	-0.946988224983	0.278868943453	
0.965432047844	-0.208634242415	-0.156245827675	
0.20559425652	0.243104934692	0.947961509228	
-0.160539895296	-0.94715410471	0.277715831995	
0.965379714966	-0.209282428026	-0.155701383948	
0.206311717629	0.243649706244	0.947665691376	
-0.159390196204	-0.947197556496	0.278229415417	
0.965417146683	-0.208450615406	-0.156582579017	
0.206213980913	0.244473561645	0.947474777699	
-0.16023902595	-0.946777760983	0.279169082642	
0.965297520161	-0.209390997887	-0.156064599752	
0.206071898341	0.244248613715	0.947563707829	
-0.161026224494	-0.946682035923	0.27904060483	
0.965196847916	-0.21008503437	-0.155754134059	
0.206937029958	0.243622615933	0.947536349297	
-0.159992054105	-0.947035551071	0.27843528986	
0.965183734894	-0.209216862917	-0.15699903667	
0.206106558442	0.243377476931	0.947780311108	
-0.160579398274	-0.947033047676	0.278105556965	
0.965263843536	-0.209513366222	-0.156108304858	
-0.338794797659	0.837505340576	0.428722321987	
-0.242529764771	-0.518010258675	0.820271074772	
0.909063994884	0.173925668001	0.378619164228	
-0.338180869818	0.837638676167	0.428946584463	
-0.242577135563	-0.517988622189	0.820270776749	
0.909279942513	0.173347249627	0.378365814686	
-0.338229477406	0.837526679039	0.429126828909	
-0.242191776633	-0.518111467361	0.820307075977	
0.909364581108	0.17352104187	0.378082662821	
-0.337629675865	0.837968945503	0.428735613823	
-0.242742165923	-0.517588973045	0.820474207401	
0.909440755844	0.17294421792	0.378163784742	
-0.338023394346	0.837958395481	0.428445994854	
-0.243238061666	-0.517560184002	0.820345461369	
0.909161925316	0.173081576824	0.378770798445	
-0.338194042444	0.83775550127	0.428707927465	
-0.242644682527	-0.517773151398	0.820386826992	
0.909257054329	0.173426225781	0.378384709358	
-0.338099390268	0.837769806385	0.428754687309	
-0.243287459016	-0.5179027915	0.820114552975	
0.909120440483	0.172969579697	0.378921508789	
-0.337848395109	0.837744653225	0.429001569748	
-0.242855727673	-0.517960011959	0.820206403732	
0.909329175949	0.172919929028	0.378443062305	
0.639990985394	0.190642029047	-0.744356870651	
0.490654915571	-0.846907198429	0.204953610897	
-0.591328382492	-0.49639081955	-0.635552406311	
0.639355063438	0.19118373096	-0.744764268398	
0.49182549119	-0.846219599247	0.204987943172	
-0.591043770313	-0.497354149818	-0.635063827038	
0.639881551266	0.190747246146	-0.744423985481	
0.490961760283	-0.846703767776	0.205059140921	
-0.591192126274	-0.496697276831	-0.635439753532	
0.640001654625	0.191191837192	-0.744206666946	
0.490951776505	-0.846806764603	0.204657405615	
-0.591070413589	-0.496350675821	-0.635823726654	
0.640042483807	0.191013365984	-0.744217395782	
0.491311639547	-0.846445679665	0.205286622047	
-0.590727090836	-0.497034817934	-0.635608255863	
0.640277206898	0.191248297691	-0.743955075741	
0.491497218609	-0.846299767494	0.205443963408	
-0.590318202972	-0.497192949057	-0.635864436626	
0.639603614807	0.191422447562	-0.744489550591	
0.491515100002	-0.846488833427	0.204620540142	
-0.591033101082	-0.496803879738	-0.635504305363	
0.639545798302	0.190516069531	-0.744771659374	
0.491292595863	-0.846439778805	0.205356538296	
-0.591280639172	-0.497235685587	-0.634936153889	
-0.328775525093	0.812752127647	-0.480978816748	
0.0872340723872	0.533249080181	0.841448545456	
0.940370619297	0.234689950943	-0.246218934655	
-0.32847982645	0.812570750713	-0.481487095356	
0.0867131277919	0.533565282822	0.84130191803	
0.940522134304	0.23459944129	-0.245725974441	
-0.327765136957	0.813018739223	-0.481217801571	
0.0865484476089	0.533052444458	0.841643929482	
0.940786600113	0.234212875366	-0.245081499219	
-0.327654004097	0.812643349171	-0.481926947832	
0.0869124680758	0.533847033978	0.841102600098	
0.940791726112	0.233705177903	-0.245545953512	
-0.327626347542	0.81269466877	-0.481859266758	
0.0860203653574	0.533547639847	0.841384232044	
0.940883338451	0.234209939837	-0.244712561369	
-0.326772540808	0.812390625477	-0.482950478792	
0.0855398625135	0.534328341484	0.840937674046	
0.941224038601	0.233483821154	-0.244095608592	
-0.327891796827	0.812192618847	-0.482524752617	
0.0869439989328	0.53453785181	0.840660452843	
0.940705955029	0.233693018556	-0.245885848999	
-0.327394276857	0.812633812428	-0.482119590044	
0.0869099274278	0.533975601196	0.841021239758	
0.940882384777	0.233444556594	-0.245446503162	
0.764023423195	0.503908932209	-0.402919322252	
-0.261952012777	-0.328435868025	-0.907475054264	
-0.589617967606	0.798877775669	-0.118932746351	
0.764503538609	0.503246724606	-0.402836203575	
-0.261919736862	-0.328504770994	-0.907459437847	
-0.589009642601	0.799266755581	-0.119332812726	
0.764189064503	0.503144204617	-0.403560310602	
-0.263054788113	-0.328155428171	-0.907257497311	
-0.588911890984	0.799474775791	-0.118418291211	
0.764051020145	0.503318727016	-0.403604149818	
