-0.514644920826	-0.0701020509005	0.854532778263	
-0.772596657276	0.470098614693	-0.42673382163	
-0.371799767017	-0.879825532436	-0.296094477177	
-0.514539301395	-0.0701310485601	0.854594051838	
-0.77261954546	0.470183640718	-0.426598608494	
-0.371898323298	-0.879777789116	-0.296112567186	
-0.51474404335	-0.0701496675611	0.854469180107	
-0.772502303123	0.470228433609	-0.42676153779	
-0.371858537197	-0.879752397537	-0.296238064766	
-0.514684557915	-0.0701333209872	0.854506373405	
-0.772516191006	0.470257729292	-0.42670416832	
-0.371912032366	-0.879738032818	-0.296213507652	
-0.514624536037	-0.0700452923775	0.854549705982	
-0.772523522377	0.47026720643	-0.426680356264	
-0.371979773045	-0.879739940166	-0.296122699976	
-0.514554321766	-0.0701092928648	0.854586780071	
-0.772578179836	0.470252871513	-0.426597207785	
-0.371963471174	-0.879742503166	-0.296135544777	
-0.514562010765	-0.0700791031122	0.854584574699	
-0.772543489933	0.470310717821	-0.42659625411	
-0.372024804354	-0.879714012146	-0.296143174171	
-0.514569818974	-0.0701335519552	0.854575455189	
-0.772569000721	0.470268428326	-0.426596730947	
-0.371961086988	-0.879732310772	-0.29616895318	
-0.138007223606	0.711761295795	-0.688730597496	
-0.862683057785	0.255223810673	0.43662199378	
0.486551105976	0.654413223267	0.578801691532	
-0.137948453426	0.711813390255	-0.688688576221	
-0.862648069859	0.255287945271	0.436653614044	
0.486629784107	0.654331564903	0.578827857971	
-0.137837231159	0.711741328239	-0.688785254955	
-0.862731337547	0.255316466093	0.436472445726	
0.486513704062	0.654398798943	0.578849434853	
-0.137871861458	0.711742818356	-0.688776791096	
-0.862704575062	0.25532194972	0.436522036791	
0.486551254988	0.654394984245	0.578822135925	
-0.137946933508	0.711758196354	-0.68874591589	
-0.862683236599	0.255276918411	0.43659055233	
0.486567825079	0.654395878315	0.578807175159	
-0.137924611568	0.71181344986	-0.688693225384	
-0.862653791904	0.255300521851	0.43663495779	
0.486626386642	0.654326558113	0.578836381435	
-0.137909129262	0.711777448654	-0.688733577728	
-0.862686753273	0.255292266607	0.436574697495	
0.486572384834	0.654368937016	0.578833818436	
-0.137934699655	0.711776435375	-0.688729524612	
-0.862645626068	0.255326390266	0.436635941267	
0.486637979746	0.654356777668	0.578792452812	
0.769508302212	0.259159117937	0.583689630032	
0.217860788107	0.752612531185	-0.621378362179	
-0.600327968597	0.605318844318	0.522680997849	
0.769450008869	0.259442716837	0.5836404562	
0.217795833945	0.752438604832	-0.621611714363	
-0.600426256657	0.605413556099	0.522458314896	
0.769408047199	0.259318679571	0.583750903606	
0.217842906713	0.752568304539	-0.621438145638	
-0.600462973118	0.605305492878	0.522541344166	
0.769404053688	0.259271591902	0.583777070045	
0.217882975936	0.75258231163	-0.621407210827	
-0.600453495979	0.605308294296	0.522549033165	
0.769499957561	0.259238868952	0.583665192127	
0.217805147171	0.752592682838	-0.621421873569	
-0.600358843803	0.60530936718	0.52265650034	
0.769481897354	0.259367823601	0.583631634712	
0.217883303761	0.752395927906	-0.621632754803	
-0.600353598595	0.605498731136	0.522443115711	
0.769477069378	0.259322941303	0.583657979965	
0.217757150531	0.752576112747	-0.621458768845	
-0.600405573845	0.605293989182	0.522620618343	
0.769426107407	0.259229272604	0.583766818047	
0.217889428139	0.752597212791	-0.621386885643	
-0.600422918797	0.605307877064	0.522584617138	
0.94969946146	0.104016140103	-0.295383810997	
-0.198178455234	0.929952800274	-0.309698313475	
0.242479383945	0.35265904665	0.903789460659	
0.949740350246	0.103836484253	-0.295315504074	
-0.197940200567	0.930048525333	-0.30956324935	
0.242513805628	0.352459520102	0.903858065605	
0.949734926224	0.10405009985	-0.295257747173	
-0.198116466403	0.930024504662	-0.309522688389	
0.242391079664	0.352459937334	0.903890788555	
0.949776172638	0.103954024613	-0.295158982277	
-0.198032975197	0.929982304573	-0.309702903032	
0.242297768593	0.352599650621	0.903861343861	
0.949738383293	0.103917747736	-0.295293241739	
-0.198055893183	0.9299685359	-0.309729546309	
0.242427036166	0.352646589279	0.903808355331	
0.949763655663	0.104050144553	-0.295165330172	
-0.198109582067	0.929990708828	-0.30962857604	
0.242284104228	0.352549046278	0.903884708881	
0.949754059315	0.104043781757	-0.295198440552	
-0.198102250695	0.930009365082	-0.309577256441	
0.242327734828	0.35250172019	0.903891503811	
0.949773073196	0.10403816402	-0.295139312744	
-0.198122516274	0.929944992065	-0.309757679701	
0.242236703634	0.352673232555	0.903849005699	
-0.609845221043	0.406103640795	-0.680564939976	
0.730849862099	-0.0439366772771	-0.681122601032	
-0.306508123875	-0.912770211697	-0.270006209612	
-0.609871149063	0.405968219042	-0.680622518063	
0.730922758579	-0.0437778346241	-0.681054651737	
-0.30628272891	-0.912838041782	-0.270032554865	
-0.60975253582	0.406023055315	-0.680696070194	
0.730979323387	-0.0439081452787	-0.680985569954	
-0.306383937597	-0.912807404995	-0.270021349192	
-0.609722018242	0.40606123209	-0.680700659752	
0.731054663658	-0.0437363646924	-0.68091571331	
-0.306264847517	-0.912798643112	-0.270185947418	
-0.60987007618	0.405955761671	-0.680630922318	
0.730918824673	-0.0438053272665	-0.681057095528	
-0.306294322014	-0.912842273712	-0.270005136728	
-0.60986328125	0.405959665775	-0.680634617805	
0.730921447277	-0.0438136197627	-0.681053698063	
-0.306301414967	-0.912840127945	-0.270004302263	
-0.60986995697	0.40596139431	-0.680627584457	
0.730910599232	-0.0438243970275	-0.681064724922	
-0.306314080954	-0.912838876247	-0.269994288683	
-0.609908759594	0.405996739864	-0.68057179451	
0.730882763863	-0.0437564514577	-0.681098937988	
-0.30630338192	-0.912826359272	-0.270048588514	
0.599567353725	0.534651279449	-0.595539271832	
-0.682676970959	0.730023264885	-0.0319087803364	
0.417697459459	0.425692409277	0.802692234516	
0.599572300911	0.534648239613	-0.595537006855	
-0.68269264698	0.730006873608	-0.0319488085806	
0.417664766312	0.425724357367	0.802692294121	
0.599417388439	0.534650504589	-0.595690906048	
-0.682678222656	0.730030119419	-0.0317249186337	
0.417910546064	0.425681680441	0.802586972713	
0.599491715431	0.534650444984	-0.595616102219	
-0.682707130909	0.729996621609	-0.0318732894957	
0.417756676674	0.425739139318	0.802636623383	
0.599482655525	0.534620583057	-0.595652103424	
-0.682648718357	0.730055093765	-0.0317863076925	
0.417865216732	0.425676465034	0.802613377571	
0.59947437048	0.534685969353	-0.595601677895	
-0.682728052139	0.729978144169	-0.0318483449519	
0.417747318745	0.425726234913	0.802648365498	
0.599554300308	0.534616529942	-0.595583558083	
-0.682660758495	0.730038642883	-0.0319039411843	
0.417742669582	0.425709694624	0.802659571171	
0.5994810462	0.534568667412	-0.595700263977	
-0.682740449905	0.729958891869	-0.0320241861045	
0.417717576027	0.425906568766	0.802568137646	
0.228854075074	-0.819604992867	0.525236606598	
-0.949289619923	-0.0684103295207	0.306869983673	
-0.215580567718	-0.568830132484	-0.793698489666	
0.228866443038	-0.819612026215	0.525220155716	
-0.949281990528	-0.0684132799506	0.306893080473	
-0.215601220727	-0.568819582462	-0.793700456619	
0.228841543198	-0.819628000259	0.525206148624	
-0.949287116528	-0.0683978274465	0.306880563498	
-0.215604931116	-0.568798482418	-0.79371458292	
0.228790804744	-0.819697499275	0.525119721889	
-0.949301302433	-0.0683976337314	0.306836754084	
-0.21559637785	-0.56869828701	-0.793788671494	
0.228966504335	-0.819637715816	0.525136530399	
-0.949243187904	-0.0684802234173	0.306998103857	
-0.215665772557	-0.568774580956	-0.793715178967	
0.228970691562	-0.819634258747	0.525140047073	
-0.949225783348	-0.0684387683868	0.307061165571	
-0.215737909079	-0.568784475327	-0.793688416481	
0.228940993547	-0.819525837898	0.525322258472	
-0.949262797832	-0.0684272274375	0.306949287653	
-0.21560652554	-0.568942129612	-0.793611168861	
0.228891134262	-0.819661438465	0.525132358074	
-0.94928252697	-0.0684817135334	0.306876033545	
-0.215572491288	-0.568740189075	-0.793765127659	
0.947302520275	-0.112679153681	0.2998688519	
-0.195257335901	-0.945203542709	0.261657774448	
0.2539537251	-0.306420683861	-0.917395174503	
0.947291731834	-0.112813264132	0.299852609634	
-0.195353224874	-0.945216238499	0.261540353298	
0.253920316696	-0.306332200766	-0.917433977127	
0.947295546532	-0.112704604864	0.299881279469	
-0.195249676704	-0.945242345333	0.261523455381	
0.253985583782	-0.306291729212	-0.917429387569	
0.947305262089	-0.112709328532	0.299848943949	
-0.195297494531	-0.945178568363	0.261718094349	
0.253912717104	-0.306486666203	-0.917384445667	
0.947343945503	-0.11266630888	0.299742817879	
-0.195211946964	-0.945203483105	0.261691868305	
0.253834098577	-0.306425601244	-0.917426645756	
0.947290420532	-0.112843967974	0.299845129251	
-0.195370435715	-0.945223629475	0.261500865221	
0.253911882639	-0.306298136711	-0.917447686195	
0.947302699089	-0.112639546394	0.299883127213	
-0.195195689797	-0.945243179798	0.261560708284	
0.254000395536	-0.306313067675	-0.917418181896	
0.947283506393	-0.112807929516	0.299880564213	
-0.195386871696	-0.945179641247	0.261647462845	
0.25392511487	-0.306447058916	-0.917394280434	
-0.993678748608	-0.108521416783	-0.0287350807339	
0.0821464881301	-0.528433203697	-0.844991266727	
0.0765150785446	-0.842010378838	0.534007489681	
-0.99367249012	-0.108566649258	-0.0287804733962	
0.0822211280465	-0.528561353683	-0.844903886318	
0.0765161365271	-0.841924071312	0.534143328667	
-0.993675589561	-0.108572080731	-0.0286524761468	
0.0821211263537	-0.528626263142	-0.844873011112	
0.0765831619501	-0.841882646084	0.53419905901	
-0.993659555912	-0.108694970608	-0.0287414081395	
0.082242615521	-0.528401851654	-0.845001578331	
0.0766604095697	-0.842007637024	0.53399091959	
-0.993677794933	-0.108522877097	-0.0287614520639	
0.0821703523397	-0.528440415859	-0.844984471798	
0.0765014365315	-0.842005670071	0.53401684761	
-0.993672966957	-0.108570978045	-0.0287477187812	
0.0821978673339	-0.52858620882	-0.844890594482	
0.0765349492431	-0.841907918453	0.534166157246	
-0.993685424328	-0.108475469053	-0.0286772828549	
0.0820855945349	-0.528576731682	-0.844907462597	
0.0764935910702	-0.841926217079	0.534143269062	
-0.993675112724	-0.108577795327	-0.0286459326744	
0.0820963233709	-0.528380930424	-0.845028877258	
0.0766154006124	-0.842035889626	0.533952832222	
-0.986033678055	0.0649282336235	0.15336856246	
0.0758597999811	0.99489659071	0.0665289312601	
-0.148266255856	0.0772342756391	-0.985926985741	
-0.986053824425	0.0648798495531	0.153259456158	
0.0758135989308	0.994895100594	0.0666037127376	
-0.148155838251	0.0772939994931	-0.98593890667	
-0.986033499241	0.0647404044867	0.153449103236	
0.0757158026099	0.994890093803	0.0667891129851	
-0.148341044784	0.0774748250842	-0.98589682579	
-0.986037611961	0.0648024529219	0.153396382928	
0.0757524743676	0.994897007942	0.0666444450617	
-0.148294880986	0.0773340910673	-0.985914826393	
-0.986015021801	0.0649191960692	0.153492316604	
0.0758609846234	0.994896233082	0.0665323287249	
-0.148389697075	0.0772459506989	-0.985907495022	
-0.986007452011	0.0648794770241	0.153557687998	
0.075825303793	0.994899332523	0.066527210176	
-0.148458182812	0.0772398784757	-0.985897660255	
-0.986012101173	0.0648188516498	0.153553321958	
0.0758136808872	0.994877994061	0.0668585970998	
-0.148433119059	0.0775648280978	-0.98587590456	
-0.986041009426	0.0648370757699	0.153359830379	
0.0757831558585	0.994895279408	0.0666354224086	
-0.148256525397	0.0773273557425	-0.985921144485	
-0.890168845654	-0.454746365547	-0.0283753443509	
-0.221212849021	0.376901477575	0.899449884892	
-0.398326873779	0.806939303875	-0.436101704836	
-0.890165627003	-0.454745769501	-0.0284861121327	
-0.221354559064	0.376962542534	0.899389445782	
-0.398255348206	0.806911110878	-0.436219125986	
-0.890160918236	-0.454755723476	-0.0284730214626	
-0.22131319344	0.37689447403	0.899428188801	
-0.398288786411	0.806937277317	-0.436140179634	
-0.890197038651	-0.454686254263	-0.0284547861665	
-0.221258684993	0.376898229122	0.89943999052	
-0.398238450289	0.806974649429	-0.436116963625	
-0.890199363232	-0.454677373171	-0.0285231340677	
-0.221380963922	0.377015918493	0.899360597134	
-0.398165255785	0.806924700737	-0.436276227236	
-0.890183746815	-0.454716354609	-0.0283882748336	
-0.221336364746	0.377158492804	0.89931178093	
-0.398224890232	0.806836128235	-0.436385631561	
-0.890207588673	-0.454666286707	-0.0284438189119	
-0.221232846379	0.376890420914	0.899449646473	
-0.398229241371	0.806989550591	-0.436097800732	
-0.890234172344	-0.454611629248	-0.0284848641604	
-0.221258714795	0.376919269562	0.899431169033	
-0.398155391216	0.807006895542	-0.436133205891	
0.89513194561	-0.443096399307	0.0490347184241	
0.0348534211516	0.179213777184	0.983192563057	
-0.444436788559	-0.878378033638	0.175863400102	
0.895131766796	-0.443101704121	0.0489895455539	
0.0348557680845	0.179118052125	0.983209967613	
-0.444436907768	-0.878394901752	0.175778910518	
0.895145773888	-0.443088620901	0.0488522648811	
0.0350253507495	0.179160892963	0.983196139336	
-0.444395422935	-0.878392755985	0.175894454122	
0.895138263702	-0.443092703819	0.0489522069693	
0.0349524356425	0.179231971502	0.983185768127	
-0.444416224957	-0.878376185894	0.175924569368	
0.895168781281	-0.443022191525	0.0490322485566	
0.0349127389491	0.179357945919	0.983164191246	
-0.444357872009	-0.878386080265	0.176022753119	
0.895192146301	-0.442981332541	0.0489755012095	
0.034850616008	0.179129689932	0.98320800066	
-0.444315761328	-0.8784532547	0.175793662667	
0.895128786564	-0.443120449781	0.0488751083612	
0.0349937640131	0.179134219885	0.9832020998	
-0.444432139397	-0.878382146358	0.17585465312	
0.895181298256	-0.443000197411	0.0490032806993	
0.0349482037127	0.179374709725	0.983159899712	
-0.444329977036	-0.87839370966	0.176054954529	
0.193015187979	-0.37652400136	-0.906076610088	
0.68529689312	0.712617695332	-0.15014731884	
0.702220261097	-0.591950774193	0.395576775074	
0.193018689752	-0.376662641764	-0.906018257141	
0.685286879539	0.712603628635	-0.150259628892	
0.70222902298	-0.591879546642	0.395667791367	
0.192994073033	-0.376663208008	-0.906023263931	
0.685336828232	0.712557971478	-0.150248259306	
0.70218706131	-0.591934084892	0.395660638809	
0.193087011576	-0.376456648111	-0.906089305878	
0.685210466385	0.712711751461	-0.150095403194	
0.702284872532	-0.591880381107	0.395567417145	
0.193069696426	-0.376500040293	-0.906074941158	
0.685250639915	0.71266824007	-0.150118350983	
0.702250421047	-0.59190517664	0.395591527224	
0.193030253053	-0.376579880714	-0.906050145626	
0.68536567688	0.712552547455	-0.150142520666	
0.702149033546	-0.591993629932	0.395639121532	
0.19301405549	-0.376758277416	-0.905979454517	
0.685277104378	0.71259534359	-0.150343447924	
0.702239871025	-0.591828584671	0.395724743605	
0.193050011992	-0.376389592886	-0.90612500906	
0.685253918171	0.712681055069	-0.150042697787	
0.702252626419	-0.591959953308	0.395505517721	
-0.442747235298	0.864950656891	0.236294895411	
0.803652048111	0.265930742025	0.532376050949	
0.397640943527	0.425606906414	-0.812859416008	
-0.44287776947	0.864828944206	0.236495614052	
0.803567111492	0.26588049531	0.532529294491	
0.397667199373	0.425885468721	-0.812700688839	
-0.442803710699	0.864852845669	0.236546978354	
0.803640186787	0.265833944082	0.532442271709	
0.397601991892	0.42586606741	-0.812742710114	
-0.442791938782	0.864867269993	0.236516132951	
0.803622722626	0.265819430351	0.532475888729	
0.397650361061	0.425845772028	-0.812729716301	
-0.442621678114	0.86500108242	0.236345469952	
0.803692698479	0.265785217285	0.532387316227	
0.397698462009	0.425595313311	-0.812837362289	
-0.442714244127	0.864908993244	0.236509010196	
0.803676486015	0.265783667564	0.532412588596	
0.397628188133	0.425783365965	-0.812773227692	
-0.44273301959	0.864882290363	0.236571446061	
0.803660571575	0.265751749277	0.532452523708	
0.397639513016	0.425857454538	-0.812728881836	
-0.442786514759	0.864920198917	0.236332654953	
0.803573071957	0.265872389078	0.53252440691	
0.397756785154	0.425705164671	-0.812751293182	
-0.839340686798	-0.484126508236	0.247242197394	
0.521032094955	-0.846167564392	0.111919760704	
0.155025005341	0.22275993228	0.962468326092	
-0.839354455471	-0.48399835825	0.247446373105	
0.520966053009	-0.846195459366	0.112016066909	
0.155172407627	0.222932338715	0.962404668331	
-0.839371144772	-0.484053432941	0.247281998396	
0.520978689194	-0.84619140625	0.111987881362	
0.155039787292	0.222828030586	0.962450146675	
-0.83939319849	-0.483969569206	0.247371226549	
0.520936012268	-0.846200406551	0.112118504941	
0.155063688755	0.222976088524	0.962412059307	
-0.839340567589	-0.484090983868	0.24731220305	
0.521003901958	-0.846192061901	0.111865736544	
0.155120432377	0.222744077444	0.962456583977	
-0.839375555515	-0.48398950696	0.247392073274	
0.520956635475	-0.846191227436	0.1120916605	
0.155089825392	0.222967550159	0.962409794331	
-0.839400947094	-0.484055668116	0.247176319361	
0.520977914333	-0.846174120903	0.112122349441	
0.154880747199	0.222889006138	0.962461650372	
-0.839437544346	-0.483973294497	0.247213289142	
0.520899057388	-0.846226334572	0.112094610929	
0.154947593808	0.222869589925	0.962455391884	
-0.017929630354	0.516658008099	0.856004118919	
0.599507808685	0.690722703934	-0.404342114925	
-0.800168097019	0.505931437016	-0.322124928236	
-0.0178757887334	0.516626834869	0.856024026871	
0.599586367607	0.690671682358	-0.40431278944	
-0.800110399723	0.506032943726	-0.322108715773	
-0.0179489757866	0.516784727573	0.855927228928	
0.599495887756	0.690676152706	-0.404439210892	
-0.800176501274	0.505865573883	-0.32220724225	
-0.0179204009473	0.516726374626	0.855963051319	
0.599536120892	0.690669775009	-0.404390543699	
-0.80014705658	0.505933940411	-0.322173237801	
-0.0178899057209	0.516630470753	0.856021523476	
0.599492371082	0.690733611584	-0.404346346855	
-0.800180494785	0.505944669247	-0.322073191404	
-0.0178893450648	0.516603052616	0.856038153172	
0.599612057209	0.690670728683	-0.404276311398	
-0.8000908494	0.506058514118	-0.322117030621	
-0.0180270597339	0.516784846783	0.855925500393	
0.599460661411	0.690721690655	-0.404413670301	
-0.800201177597	0.505803287029	-0.322243869305	
-0.0179443620145	0.516583681107	0.856048643589	
0.599550962448	0.690734922886	-0.404257237911	
-0.800135374069	0.505990624428	-0.322113037109	
0.732604265213	0.666907966137	0.13610573113	
-0.680517435074	0.713646411896	0.166146889329	
0.0136733148247	-0.21434225142	0.976662933826	
0.732603251934	0.666898369789	0.136158376932	
-0.680520713329	0.713665306568	0.166052341461	
0.0135685196146	-0.214309081435	0.976671636105	
0.732582449913	0.666945755482	0.136037871242	
-0.680539429188	0.713619947433	0.16617038846	
0.0137473037466	-0.214312642813	0.976668357849	
0.732553482056	0.666971087456	0.136069729924	
-0.680570304394	0.713579833508	0.166216358542	
0.0137648927048	-0.214367389679	0.976656079292	
0.732655584812	0.666838765144	0.136168271303	
-0.680463373661	0.713696420193	0.166153669357	
0.0136148966849	-0.214390933514	0.976653039455	
0.73256033659	0.666959166527	0.136091053486	
-0.680567264557	0.713649094105	0.165931373835	
0.0135481990874	-0.214173853397	0.976701617241	
0.732600092888	0.666888535023	0.136223480105	
-0.68052148819	0.713605344296	0.166306614876	
0.0136981671676	-0.214539244771	0.976619303226	
0.732488393784	0.667027711868	0.136142298579	
-0.680642366409	0.71353417635	0.166117250919	
0.0136626334861	-0.214343175292	0.976662874222	
-0.217465803027	-0.962277948856	-0.163492366672	
-0.918654382229	0.25838264823	-0.29885199666	
0.329822301865	0.0852028876543	-0.940190255642	
-0.217207506299	-0.962309241295	-0.163651406765	
-0.918705463409	0.258190184832	-0.298861414194	
0.329850286245	0.0854324921966	-0.940159618855	
-0.217396900058	-0.962298214436	-0.163464710116	
-0.918729186058	0.258293747902	-0.29869890213	
0.329659342766	0.0852435901761	-0.940243721008	
-0.217150479555	-0.96234947443	-0.163490474224	
-0.918732821941	0.25808262825	-0.298870146275	
0.329811602831	0.0853042751551	-0.940184831619	
-0.217388182878	-0.962313830853	-0.163384392858	
-0.918673276901	0.258275508881	-0.298886537552	
0.329820841551	0.0851224809885	-0.94019806385	
-0.217270940542	-0.962282836437	-0.163722604513	
-0.918704688549	0.258268654346	-0.298795968294	
0.329810649157	0.0854930505157	-0.940168023109	
-0.217325150967	-0.962317764759	-0.1634452492	
-0.918713510036	0.258228212595	-0.298803776503	
0.329750359058	0.0852217823267	-0.940213799477	
-0.217233449221	-0.962323248386	-0.16353456676	
-0.918714702129	0.258174449205	-0.298846453428	
0.329807341099	0.0853221714497	-0.94018471241	
0.116342321038	0.869488477707	0.480056524277	
0.922126531601	-0.274122983217	0.27301877737	
0.368981212378	0.410909205675	-0.833670496941	
0.116381049156	0.869522988796	0.479984611273	
0.922079980373	-0.274179726839	0.273119062185	
0.369085371494	0.410798311234	-0.833679020405	
0.116247631609	0.86954498291	0.479977041483	
0.922144174576	-0.274011224508	0.273071438074	
0.36896699667	0.410864114761	-0.833698987961	
0.116294905543	0.869585812092	0.479891657829	
0.922106146812	-0.274060279131	0.27315056324	
0.36904707551	0.410745024681	-0.833722233772	
0.116376623511	0.869457185268	0.480104833841	
0.922129809856	-0.274158865213	0.272971719503	
0.368962228298	0.410951465368	-0.833658099174	
0.116322018206	0.869578063488	0.479899168015	
0.922076582909	-0.274114757776	0.273195654154	
0.369112372398	0.41072511673	-0.833703160286	
0.116326883435	0.86951905489	0.480004876852	
0.922144174576	-0.274076133966	0.273006111383	
0.368941903114	0.410875767469	-0.833704352379	
0.116345062852	0.869602799416	0.479848742485	
0.92212420702	-0.274062275887	0.273087561131	
0.368986159563	0.410707771778	-0.833767592907	
0.916600227356	-0.0575181096792	-0.39564588666	
-0.0117864413187	-0.993054628372	0.117062181234	
-0.399631172419	-0.102635964751	-0.910912036896	
0.91660541296	-0.0575691871345	-0.395626425743	
-0.0118026239797	-0.99304330349	0.117156840861	
-0.399618804455	-0.102717168629	-0.910908341408	
0.916590988636	-0.0575292110443	-0.395665735006	
-0.0117163490504	-0.99303406477	0.117243818939	
-0.399654507637	-0.102828875184	-0.910880088806	
0.916604280472	-0.057589519769	-0.395626187325	
-0.0117867495865	-0.993033289909	0.117243312299	
-0.399621933699	-0.102802574635	-0.910897314548	
0.916633605957	-0.0575250126421	-0.395567536354	
-0.0117866341025	-0.993050098419	0.117100603878	
-0.399554610252	-0.102675937116	-0.910941123962	
0.91664993763	-0.0575594566762	-0.395524740219	
-0.0118480548263	-0.993054449558	0.117057539523	
-0.399515390396	-0.102614589036	-0.910965263844	
0.916559100151	-0.0575633272529	-0.395734667778	
-0.011727954261	-0.993029356003	0.117282398045	
-0.399727314711	-0.102855086327	-0.910845160484	
0.916600227356	-0.0575559549034	-0.395640403032	
-0.0117393163964	-0.993031322956	0.117264576256	
-0.39963260293	-0.102840192616	-0.910888433456	
0.816291213036	-0.566344559193	0.113677479327	
0.127796411514	-0.0148560507223	-0.991689145565	
0.563326537609	0.824034690857	0.0602499358356	
0.816308736801	-0.566339552402	0.113576106727	
0.127719566226	-0.0147876571864	-0.991700053215	
0.563318550587	0.824039340019	0.0602613501251	
0.816296577454	-0.566338717937	0.113667622209	
0.127802461386	-0.0148289268836	-0.991688787937	
0.563317298889	0.824039161205	0.0602746754885	
0.816318452358	-0.566316246986	0.113622553647	
0.12776657939	-0.0147983981296	-0.991693854332	
0.563293814659	0.82405513525	0.0602760910988	
0.816324710846	-0.5663022995	0.113647140563	
0.127752438188	-0.0148609606549	-0.991694748402	
0.563287913799	0.824063658714	0.0602151304483	
0.816299319267	-0.566372454166	0.113480009139	
0.127686500549	-0.0146695096046	-0.991706073284	
0.563339650631	0.824018836021	0.0603434070945	
0.816286981106	-0.566368877888	0.113586381078	
0.127746224403	-0.0147707238793	-0.991696894169	
0.563344061375	0.824019491673	0.060294341296	
0.816313862801	-0.566334724426	0.11356344074	
0.127719536424	-0.0147645566612	-0.991700410843	
0.563311100006	0.824043035507	0.0602794997394	
0.209762811661	0.976276814938	-0.0536943562329	
-0.659895718098	0.100835032761	-0.744560241699	
-0.721482634544	0.191613718867	0.66539233923	
0.209686428308	0.976292073727	-0.0537163317204	
-0.659942388535	0.100776933134	-0.744526743889	
-0.721462130547	0.191566839814	0.665428042412	
0.20981054008	0.976266622543	-0.0536935292184	
-0.659808278084	0.100845992565	-0.744636237621	
-0.721548736095	0.191659972072	0.665307343006	
0.209686979651	0.976294100285	-0.0536769740283	
-0.659888744354	0.100793093443	-0.744572103024	
-0.72151106596	0.191547900438	0.665380477905	
0.209726497531	0.976295232773	-0.0535013452172	
-0.659850120544	0.100944578648	-0.744585752487	
-0.721534907818	0.191462233663	0.665379285812	
0.209628939629	0.976302921772	-0.0537434704602	
-0.659839689732	0.100688531995	-0.744629740715	
-0.721572816372	0.191558003426	0.665310621262	
0.20965616405	0.976301431656	-0.0536643415689	
-0.659794270992	0.100755982101	-0.744660794735	
-0.721606373787	0.191530153155	0.665282189846	
0.20969440043	0.976292669773	-0.0536736659706	
-0.659820973873	0.100782833993	-0.744633555412	
-0.721570909023	0.19156049192	0.665311932564	
-0.50558423996	-0.846071243286	0.168961778283	
0.342743188143	-0.0172380935401	0.939270973206	
-0.791777551174	0.532791078091	0.298700451851	
-0.50549185276	-0.846123695374	0.168975427747	
0.342602372169	-0.0170895364136	0.939325034618	
-0.791897475719	0.532712578773	0.298522591591	
-0.505554974079	-0.846106112003	0.168874412775	
0.34276625514	-0.0173383634537	0.939260721207	
-0.791786253452	0.53273242712	0.298782140017	
-0.505570828915	-0.846048414707	0.169116005301	
0.342680633068	-0.017019174993	0.939297795296	
-0.791813194752	0.532834351063	0.298528820276	
-0.505577087402	-0.84605640173	0.169057443738	
0.342692524195	-0.0170947909355	0.93929207325	
-0.791804075241	0.532819271088	0.298579931259	
-0.505551338196	-0.846066653728	0.169082984328	
0.342685818672	-0.0170511715114	0.939295291901	
-0.791823387146	0.532804369926	0.298555284739	
-0.505589783192	-0.846065342426	0.168974637985	
0.342754691839	-0.0172339063138	0.939266860485	
-0.79176902771	0.532800614834	0.298706144094	
-0.505602478981	-0.846005558968	0.169235914946	
0.342741638422	-0.0169403329492	0.93927693367	
-0.79176658392	0.532904922962	0.298526406288	
-0.300034493208	-0.176986396313	0.937366068363	
0.863595962524	-0.467782974243	0.188098713756	
0.40519297123	0.865941643715	0.293195784092	
-0.30003285408	-0.176921144128	0.937378883362	
0.863563477993	-0.467840015888	0.188106030226	
0.40526342392	0.865924119949	0.293150007725	
-0.29995828867	-0.176790624857	0.937427401543	
0.863583624363	-0.467802762985	0.18810620904	
0.405275702477	0.865970909595	0.29299479723	
-0.299947053194	-0.176921501756	0.937406301498	
0.863546669483	-0.46791267395	0.188002243638	
0.405362635851	0.865884840488	0.293128997087	
-0.299925476313	-0.176953703165	0.937407135963	
0.863579630852	-0.467857986689	0.187986969948	
0.405308425426	0.865907788277	0.293136149645	
-0.299936205149	-0.176893800497	0.937415003777	
0.863584160805	-0.467831671238	0.188031598926	
0.405290812254	0.865934252739	0.293082356453	
-0.299909174442	-0.176763772964	0.937448143959	
0.86356985569	-0.467847824097	0.188057303429	
0.405341356993	0.865952074528	0.292959719896	
-0.299939036369	-0.176923394203	0.93740850687	
0.863625824451	-0.467747479677	0.188049957156	
0.405200004578	0.865973711014	0.293091326952	
0.160982489586	0.642776310444	-0.748948097229	
0.747427225113	-0.574971318245	-0.332807123661	
-0.644544184208	-0.506208062172	-0.572988808155	
0.161106839776	0.642833709717	-0.748872101307	
0.747387886047	-0.575020074844	-0.332811146975	
-0.644558727741	-0.506079792976	-0.573085784912	
0.160917505622	0.642786622047	-0.748953223228	
0.747365355492	-0.574992597103	-0.332909166813	
-0.644632101059	-0.506170809269	-0.572922825813	
0.161024555564	0.64281976223	-0.74890178442	
0.747323572636	-0.575048089027	-0.332907229662	
-0.644653856754	-0.50606572628	-0.572991192341	
0.160939097404	0.642718672752	-0.749006867409	
0.747420549393	-0.574986994267	-0.332794964314	
-0.644562780857	-0.506263375282	-0.572919011116	
0.161062598228	0.642790079117	-0.748919069767	
0.747436285019	-0.574986040592	-0.332761287689	
-0.64451366663	-0.50617390871	-0.573053359985	
0.160890951753	0.642723381519	-0.749013185501	
0.747455656528	-0.574940502644	-0.332796365023	
-0.644534051418	-0.506310224533	-0.57290995121	
0.160994425416	0.642801225185	-0.748924136162	
0.747369587421	-0.575009644032	-0.332870274782	
-0.644608020782	-0.50613284111	-0.572983443737	
-0.222893834114	-0.909678995609	-0.350431770086	
0.42601788044	-0.414228051901	0.804315805435	
-0.876827895641	0.0299868322909	0.479868412018	
-0.222913295031	-0.90966129303	-0.350465446711	
0.426074057817	-0.414269179106	0.804264843464	
-0.876795589924	0.0299570821226	0.479929178953	
-0.222969740629	-0.909630835056	-0.350508481264	
0.426029443741	-0.41433301568	0.804255604744	
-0.8768029809	0.0299977269024	0.479913234711	
-0.222953900695	-0.909625709057	-0.35053190589	
0.425973236561	-0.414344131947	0.804279625416	
-0.876834273338	0.0300000775605	0.479855835438	
-0.222800195217	-0.909719705582	-0.350385606289	
0.425915807486	-0.414138436317	0.804416000843	
-0.876901268959	0.0299892630428	0.479734152555	
-0.222933530807	-0.909665226936	-0.350442320108	
0.425891608	-0.414252251387	0.804370164871	
-0.876879096031	0.030070643872	0.47976949811	
-0.222890838981	-0.909651100636	-0.350506186485	
0.425790220499	-0.414284586906	0.804407179356	
-0.876939177513	0.0300528891385	0.479660779238	
-0.223001882434	-0.90962857008	-0.350494027138	
0.425768762827	-0.414326816797	0.804396808147	
-0.876921355724	0.0301525909454	0.479687094688	
0.949323654175	-0.0133576327935	-0.314016252756	
0.185460045934	0.830427527428	0.52535200119	
0.253750264645	-0.556966543198	0.790821790695	
0.949336230755	-0.0134808821604	-0.313972920179	
0.18553224206	0.830428957939	0.525324225426	
0.25365036726	-0.556961417198	0.790857434273	
0.949363231659	-0.0134244179353	-0.313893675804	
0.18544690311	0.830422639847	0.525364339352	
0.253611683846	-0.556972205639	0.790862262249	
0.949361622334	-0.0135232266039	-0.313894242048	
0.18551017344	0.830454945564	0.525290966034	
0.253571391106	-0.5569216609	0.79091078043	
0.949371159077	-0.0134736243635	-0.31386756897	
0.185469850898	0.830425441265	0.525351822376	
0.253565222025	-0.556966841221	0.790880918503	
0.949360787868	-0.0134851643816	-0.313898533583	
0.185500875115	0.830414891243	0.525357544422	
0.253581494093	-0.556982338428	0.790864825249	
0.949396014214	-0.0135814137757	-0.313787698746	
0.185507029295	0.830432772636	0.525327086449	
0.253444910049	-0.556953310966	0.790929019451	
0.949364304543	-0.0135151622817	-0.313886553049	
0.185495346785	0.830464243889	0.525281488895	
0.253572285175	-0.556908011436	0.790920078754	
-0.0846977308393	-0.0279418863356	0.99601483345	
-0.845791816711	0.530454874039	-0.0570420622826	
-0.526747107506	-0.847252547741	-0.0685613453388	
-0.0848108753562	-0.0280033089221	0.996003508568	
-0.845919370651	0.530242800713	-0.057122901082	
-0.526524066925	-0.847383260727	-0.0686588957906	
-0.0847682729363	-0.0278999786824	0.996010005474	
-0.845818161964	0.530403614044	-0.057128239423	
-0.526693403721	-0.847286045551	-0.0685597062111	
-0.0848048999906	-0.0279335640371	0.996005952358	
-0.845918834209	0.530240237713	-0.0571548417211	
-0.526525855064	-0.847387194633	-0.0685964971781	
-0.0847291126847	-0.0279973801225	0.996010601521	
-0.845820009708	0.530409812927	-0.0570430569351	
-0.526696741581	-0.847278892994	-0.0686218962073	
-0.0847194939852	-0.0277987141162	0.996016979218	
-0.845932662487	0.530218064785	-0.0571552552283	
-0.526517391205	-0.847405433655	-0.0684356465936	
-0.0847754701972	-0.0278942342848	0.996009528637	
-0.845871329308	0.5303170681	-0.0571443811059	
-0.526606917381	-0.847340345383	-0.068552814424	
-0.0848479866982	-0.0279344022274	0.99600225687	
-0.84587854147	0.530301094055	-0.0571860596538	
-0.52658367157	-0.847349047661	-0.0686240941286	
0.923559486866	-0.105444960296	-0.368672192097	
-0.105072110891	0.855058968067	-0.507773578167	
0.36877861619	0.507696330547	0.778618514538	
0.923558473587	-0.10561081022	-0.368627369404	
-0.10495813936	0.854989409447	-0.507914304733	
0.368813723326	0.50777900219	0.778548002243	
0.923505008221	-0.105500765145	-0.368792802095	
-0.105079643428	0.855075120926	-0.507744848728	
0.368913024664	0.507657527924	0.778580129147	
0.923505663872	-0.105540931225	-0.368779629469	
-0.105053298175	0.855054795742	-0.507784545422	
0.368918836117	0.507683396339	0.778560519218	
0.923496842384	-0.105552151799	-0.368798553944	
-0.105123274028	0.854959785938	-0.507930040359	
0.368921011686	0.507841050625	0.778456628323	
0.923499822617	-0.105788886547	-0.368723124266	
-0.104838192463	0.855020284653	-0.507887065411	
0.368994563818	0.507689893246	0.778520405293	
0.923519015312	-0.105592466891	-0.368731468916	
-0.104973644018	0.855068147182	-0.507778525352	
0.368908107281	0.507650196552	0.778587222099	
0.923570930958	-0.105704464018	-0.368569344282	
-0.104840412736	0.854998826981	-0.507922768593	
0.368816047907	0.507743656635	0.778569936752	
-0.961681544781	0.261108458042	-0.0836120545864	
-0.26590898633	-0.962570905685	0.0524367243052	
-0.0667908638716	0.0726606249809	0.995117783546	
-0.96166652441	0.26112690568	-0.0837273597717	
-0.265925139189	-0.962575137615	0.0522769317031	
-0.0669429600239	0.0725381821394	0.995116472244	
-0.961714208126	0.261027634144	-0.083488561213	
-0.265813618898	-0.962601721287	0.0523553714156	
-0.0667000338435	0.0725433006883	0.995132446289	
-0.961687982082	0.261090457439	-0.0835939198732	
-0.265875548124	-0.962591588497	0.0522264838219	
-0.0668309703469	0.0724511668086	0.995130360126	
-0.961665630341	0.261183440685	-0.0835609436035	
-0.26598289609	-0.96254837513	0.0524755306542	
-0.0667257159948	0.0726896971464	0.995120048523	
-0.961695551872	0.26104041934	-0.0836637094617	
-0.265841931105	-0.962591648102	0.0523963943124	
-0.0668564066291	0.0726307034492	0.995115578175	
-0.961666226387	0.261104494333	-0.0838002935052	
-0.265916913748	-0.962570250034	0.0524088107049	
-0.0669794902205	0.072683699429	0.995103418827	
-0.961668789387	0.261077493429	-0.083855137229	
-0.265881061554	-0.962590515614	0.052218798548	
-0.067085005343	0.072512678802	0.995108783245	
0.205938011408	0.24398624897	0.947660386562	
-0.160470023751	-0.946888685226	0.278659641743	
0.965318024158	-0.209457695484	-0.155847892165	
0.205769404769	0.24398702383	0.947696805	
-0.160505920649	-0.94689142704	0.278629660606	
0.965348005295	-0.20944441855	-0.155679926276	
0.205672845244	0.243859231472	0.947750687599	
-0.160589143634	-0.946917116642	0.27849444747	
0.96535474062	-0.209477216005	-0.15559399128	
0.205771252513	0.243905261159	0.947717487812	
-0.160447120667	-0.946928083897	0.27853885293	
0.965357422829	-0.209373831749	-0.155716687441	
0.205715298653	0.244007468224	0.947703301907	
-0.160640642047	-0.946859657764	0.278660058975	
0.965337157249	-0.209564298391	-0.155586004257	
0.205677747726	0.244007274508	0.947711527348	
-0.160742551088	-0.946839928627	0.278668135405	
0.965328156948	-0.209653392434	-0.155521556735	
0.205887362361	0.243898108602	0.947694122791	
-0.160606905818	-0.946888148785	0.278582692146	
0.96530610323	-0.20956286788	-0.155780568719	
0.20576043427	0.243888691068	0.947724103928	
-0.160670891404	-0.946885108948	0.27855604887	
0.965322494507	-0.209587484598	-0.155645668507	
-0.338858395815	0.837233364582	0.429203033447	
-0.242902234197	-0.51857817173	0.819801926613	
0.908940851688	0.173542380333	0.379090428352	
-0.338786959648	0.837279379368	0.429169684649	
-0.242943063378	-0.518524110317	0.819824039936	
0.908956587315	0.173481881618	0.379080444574	
-0.338804364204	0.837208509445	0.429294168949	
-0.242819726467	-0.518629550934	0.819793820381	
0.908983051777	0.173508644104	0.379004716873	
-0.338731944561	0.83726143837	0.429248154163	
-0.242937743664	-0.518577456474	0.819791853428	
0.908978521824	0.173409119248	0.379061162472	
-0.338764756918	0.837316095829	0.429115653038	
-0.243045300245	-0.518481612206	0.819820582867	
0.908937513828	0.173431769013	0.37914904952	
-0.338804513216	0.837281227112	0.429152190685	
-0.242938518524	-0.518513321877	0.819832205772	
0.908951222897	0.173505246639	0.379082500935	
-0.338740468025	0.837275803089	0.429213374853	
-0.243006929755	-0.518560111523	0.819782316685	
0.908956825733	0.173391625285	0.379121124744	
-0.338764727116	0.837244570255	0.429255217314	
-0.242984160781	-0.518606603146	0.81975966692	
0.908953905106	0.173403441906	0.379122793674	
0.640425920486	0.19138468802	-0.743791997433	
0.491289168596	-0.846477985382	0.205207064748	
-0.590330123901	-0.496836900711	-0.636131644249	
0.640364289284	0.191532686353	-0.743806958199	
0.491448074579	-0.846399366856	0.205150842667	
-0.590264678001	-0.4969137609	-0.6361322999	
0.640386283398	0.191434636712	-0.743813276291	
0.491345107555	-0.846453905106	0.205172553658	
-0.590326547623	-0.496858716011	-0.636117935181	
0.640372157097	0.191507309675	-0.74380671978	
0.49138751626	-0.846441507339	0.205122038722	
-0.590306520462	-0.496851801872	-0.636141896248	
0.640394151211	0.191461622715	-0.743799507618	
0.491398721933	-0.846414387226	0.205207183957	
-0.590273320675	-0.496915608644	-0.636122822762	
0.64042109251	0.1915037781	-0.74376553297	
0.491380244493	-0.846435308456	0.205165088177	
-0.590259492397	-0.496863722801	-0.636176168919	
0.640380561352	0.191551119089	-0.74378824234	
0.491402328014	-0.846439182758	0.205096155405	
-0.590285122395	-0.496838867664	-0.636171877384	
0.640369832516	0.191376954317	-0.743842303753	
0.491351991892	-0.846436023712	0.205229863524	
-0.590338647366	-0.496911406517	-0.636065542698	
-0.32794842124	0.812626600266	-0.481755018234	
0.0860323831439	0.53352946043	0.841394543648	
0.940770030022	0.234487488866	-0.2448823452	
-0.327874988317	0.812629818916	-0.481799483299	
0.086025826633	0.533554077148	0.841379582882	
0.940796256065	0.234420105815	-0.244846180081	
-0.32784768939	0.812629878521	-0.481817990541	
0.0860135704279	0.533562839031	0.841375291348	
0.940806865692	0.234400063753	-0.244824543595	
-0.327799081802	0.812610328197	-0.481884002686	
0.0860534980893	0.533627986908	0.841329872608	
0.940820157528	0.234319344163	-0.244850739837	
-0.327813178301	0.812629044056	-0.481842845678	
0.0859807357192	0.533571064472	0.841373383999	
0.940821886063	0.234384089708	-0.244782090187	
-0.327742010355	0.812567830086	-0.481994539499	
0.0858702510595	0.533681452274	0.841314673424	
0.94085675478	0.234345182776	-0.244685232639	
-0.327786386013	0.812550365925	-0.481993764639	
0.0860458165407	0.533736348152	0.841261923313	
0.940825283527	0.234280645847	-0.244868054986	
-0.327845573425	0.812589168549	-0.481888055801	
0.0859296098351	0.533613860607	0.841351509094	
0.940815269947	0.234424903989	-0.244768410921	
0.764434337616	0.503902554512	-0.402147144079	
-0.26156565547	-0.327717930079	-0.907845973969	
-0.589256763458	0.799176573753	-0.118715241551	
0.764465034008	0.503893792629	-0.402099758387	
-0.261523783207	-0.32770049572	-0.907864332199	
-0.5892354846	0.799189209938	-0.11873536557	
0.764438092709	0.50381976366	-0.402243763208	
-0.261682093143	-0.327735424042	-0.907806158066	
-0.58920019865	0.79922157526	-0.118692837656	
0.76442271471	0.503878057003	-0.402199923992	
