-0.51216584444	-0.0643807500601	0.856470227242	
-0.785806000233	0.43764141202	-0.437011420727	
-0.346691727638	-0.89684176445	-0.274735748768	
-0.505818963051	-0.0829581618309	0.858641445637	
-0.78958761692	0.445394635201	-0.422107815742	
-0.347416996956	-0.891482770443	-0.290791779757	
-0.530989706516	-0.0787716284394	0.843709051609	
-0.775334298611	0.44691541791	-0.44623234868	
-0.341916143894	-0.891101360321	-0.298381835222	
-0.516821682453	-0.0750260055065	0.85279917717	
-0.77815258503	0.456453353167	-0.431426614523	
-0.356894820929	-0.886578500271	-0.294286668301	
-0.504425287247	-0.0565560534596	0.861601114273	
-0.784180402756	0.447668343782	-0.429714024067	
-0.361408621073	-0.892409384251	-0.270165383816	
-0.506117463112	-0.078086309135	0.858922362328	
-0.781273066998	0.463344663382	-0.41823926568	
-0.365318357944	-0.88273113966	-0.295513570309	
-0.5209633708	-0.0742459744215	0.850343883038	
-0.771944344044	0.466129601002	-0.432232767344	
-0.364278882742	-0.881595551968	-0.300150215626	
-0.506386995316	-0.0768234655261	0.858877360821	
-0.782006919384	0.460630148649	-0.41986310482	
-0.363369494677	-0.884261310101	-0.293333619833	
-0.166758731008	0.705871164799	-0.688431143761	
-0.859643340111	0.237878516316	0.452136158943	
0.482912868261	0.667202889919	0.567129135132	
-0.159927517176	0.707744538784	-0.688128530979	
-0.847184479237	0.259388715029	0.463676512241	
0.50665730238	0.657126486301	0.558106780052	
-0.144564330578	0.702815949917	-0.696527779102	
-0.860328912735	0.258460074663	0.439354658127	
0.488810062408	0.662757992744	0.567288756371	
-0.139935731888	0.708426594734	-0.691772937775	
-0.856611728668	0.26379647851	0.443427354097	
0.496622979641	0.654632091522	0.569931924343	
-0.153841257095	0.707574605942	-0.689689099789	
-0.860217571259	0.247524216771	0.445822328329	
0.486167311668	0.66186851263	0.570588648319	
-0.161370038986	0.71080416441	-0.684629201889	
-0.853441298008	0.247849524021	0.458485126495	
0.495578169823	0.658276617527	0.566634118557	
-0.152896121144	0.700300633907	-0.697281718254	
-0.858107507229	0.25589376688	0.445162773132	
0.490177839994	0.666406333447	0.561808049679	
-0.151616990566	0.705198168755	-0.692609429359	
-0.854157626629	0.259148716927	0.450839966536	
0.497420370579	0.659952640533	0.563059031963	
0.795404314995	0.243914663792	0.554831147194	
0.214438006282	0.742971360683	-0.63404250145	
-0.566875934601	0.623297035694	0.538658082485	
0.789436638355	0.281985372305	0.545228481293	
0.193660765886	0.728456676006	-0.65715020895	
-0.582482039928	0.624367833138	0.52046084404	
0.776403367519	0.25265610218	0.577375710011	
0.226066216826	0.743513226509	-0.629350543022	
-0.588295757771	0.619155049324	0.520149171352	
0.7786693573	0.251570045948	0.57479262352	
0.22509765625	0.743108034134	-0.630175769329	
-0.585666358471	0.620083034039	0.522007644176	
0.78695255518	0.262350350618	0.558460354805	
0.196821182966	0.751081585884	-0.630188763142	
-0.584779560566	0.605845451355	0.539429485798	
0.789872348309	0.26569929719	0.552725553513	
0.218616172671	0.720074653625	-0.658558666706	
-0.572982192039	0.641012012959	0.510680913925	
0.780239760876	0.268043249846	0.56513607502	
0.204121589661	0.744938731194	-0.635138273239	
-0.591236293316	0.610916614532	0.526517391205	
0.781742751598	0.254194676876	0.569441258907	
0.222988337278	0.73882818222	-0.635931670666	
-0.582369685173	0.624113738537	0.520891129971	
0.941728711128	0.072923079133	-0.328373640776	
-0.186272844672	0.925925076008	-0.328580498695	
0.280088305473	0.370600789785	0.885553836823	
0.947970867157	0.0580375827849	-0.313022196293	
-0.166012227535	0.929092347622	-0.330495685339	
0.271645337343	0.365265786648	0.890387415886	
0.951286315918	0.0783186852932	-0.2981954813	
-0.174597859383	0.934007287025	-0.311682581902	
0.254106163979	0.34856364131	0.902182579041	
0.959705233574	0.0665919035673	-0.273004353046	
-0.161302641034	0.926067352295	-0.341146230698	
0.230102822185	0.371436148882	0.899493098259	
0.948721647263	0.0604632534087	-0.310276299715	
-0.170614466071	0.924238026142	-0.341576814651	
0.266116321087	0.376998960972	0.887160599232	
0.952833116055	0.0708944872022	-0.295098304749	
-0.173546820879	0.92495238781	-0.338148772717	
0.248978987336	0.37341272831	0.893628776073	
0.950087368488	0.0776901096106	-0.302155941725	
-0.180691704154	0.926552593708	-0.329925477505	
0.254331409931	0.368055105209	0.894343852997	
0.952363729477	0.0739905834198	-0.295852512121	
-0.17889547348	0.921215057373	-0.345484018326	
0.246981233358	0.381953120232	0.890568435192	
-0.612890660763	0.362873643637	-0.701917231083	
0.727396309376	-0.0878759324551	-0.680567741394	
-0.308641731739	-0.927685558796	-0.210094600916	
-0.620347738266	0.355109930038	-0.699332237244	
0.73115581274	-0.0608761720359	-0.679489016533	
-0.283865958452	-0.932840287685	-0.221876293421	
-0.581120252609	0.357275784016	-0.731199920177	
0.758519232273	-0.0877616032958	-0.645713925362	
-0.294869214296	-0.929866611958	-0.220000505447	
-0.583294510841	0.367008417845	-0.724618732929	
0.763125002384	-0.0579598136246	-0.643646597862	
-0.278222471476	-0.928410172462	-0.246265649796	
-0.615724742413	0.337286829948	-0.712124049664	
0.733599603176	-0.0844877660275	-0.67430961132	
-0.28760150075	-0.937602996826	-0.195412278175	
-0.629294276237	0.352093935013	-0.692833721638	
0.721768856049	-0.0657742023468	-0.68900179863	
-0.28816395998	-0.933650672436	-0.212739109993	
-0.607871592045	0.346431791782	-0.714476823807	
0.735978364944	-0.0919218510389	-0.670735538006	
-0.298040151596	-0.933560609818	-0.199089616537	
-0.604694843292	0.369760870934	-0.705422639847	
0.741253912449	-0.0627238601446	-0.66828763485	
-0.291353434324	-0.927007317543	-0.236157894135	
0.581519126892	0.542554616928	-0.606193006039	
-0.700693249702	0.712635219097	-0.0343504659832	
0.413357496262	0.444730818272	0.7945753932	
0.58785378933	0.532985210419	-0.608567714691	
-0.693168818951	0.71970552206	-0.0392553173006	
0.417067021132	0.444916546345	0.792530357838	
0.568319737911	0.545980215073	-0.615563333035	
-0.700566351414	0.713449954987	-0.0139971291646	
0.431531488895	0.439197808504	0.787963092327	
0.587954342365	0.540114104748	-0.602151453495	
-0.696177184582	0.716931521893	-0.036694381386	
0.411882221699	0.4407787323	0.797538161278	
0.589942514896	0.53287088871	-0.606643557549	
-0.684280991554	0.728779792786	-0.025288246572	
0.428634226322	0.430033296347	0.794571638107	
0.581656217575	0.541684865952	-0.606839001179	
-0.696676969528	0.716842710972	-0.0278881918639	
0.419901520014	0.438992112875	0.794335365295	
0.589286267757	0.529862463474	-0.609907746315	
-0.683748483658	0.729213654995	-0.0271199066192	
0.430383205414	0.43300485611	0.792008221149	
0.575961530209	0.524910330772	-0.626687645912	
-0.703049719334	0.709230005741	-0.0520951859653	
0.417120397091	0.470597416162	0.777527272701	
0.231365799904	-0.806538760662	0.544026792049	
-0.948508918285	-0.0626592189074	0.310491025448	
-0.216334745288	-0.58785122633	-0.779506385326	
0.224753573537	-0.812630295753	0.537696838379	
-0.948667705059	-0.0564701110125	0.311192363501	
-0.222520530224	-0.580037236214	-0.783607959747	
0.216176107526	-0.810211896896	0.544816076756	
-0.954525947571	-0.0580454990268	0.292422622442	
-0.205300167203	-0.583255887032	-0.78591632843	
0.215822130442	-0.816263437271	0.535849630833	
-0.95244538784	-0.0550944432616	0.299687117338	
-0.215101286769	-0.575046598911	-0.789336979389	
0.245364099741	-0.809749364853	0.533012568951	
-0.945071220398	-0.07731769979	0.317588359118	
-0.215955659747	-0.58165961504	-0.78424179554	
0.237072601914	-0.815620601177	0.527787446976	
-0.944063186646	-0.0652327314019	0.323248207569	
-0.229218900204	-0.574898004532	-0.785462319851	
0.239566341043	-0.792932093143	0.560238063335	
-0.948072493076	-0.0667206868529	0.310977250338	
-0.209204360843	-0.605646014214	-0.767741143703	
0.22569462657	-0.817840456963	0.529338181019	
-0.950056552887	-0.0645622834563	0.305326551199	
-0.21553312242	-0.571811795235	-0.79156601429	
0.947517573833	-0.115587666631	0.298077136278	
-0.200999855995	-0.940415203571	0.274259537458	
0.248615249991	-0.319779187441	-0.914292991161	
0.945413351059	-0.129297062755	0.299125254154	
-0.212115541101	-0.941004633904	0.263661205769	
0.247387632728	-0.312717944384	-0.917064249516	
0.94737046957	-0.109108701348	0.300972610712	
-0.192370086908	-0.945488750935	0.262763738632	
0.255896389484	-0.30683273077	-0.916717350483	
0.948769629002	-0.106781825423	0.297378271818	
-0.193635225296	-0.940217554569	0.280172049999	
0.249682992697	-0.323401629925	-0.912726581097	
0.95151001215	-0.105360560119	0.289011746645	
-0.188438013196	-0.942242622375	0.276893377304	
0.243145555258	-0.317927628756	-0.916407287121	
0.944419324398	-0.131363034248	0.30135679245	
-0.213934853673	-0.941612839699	0.259994447231	
0.249607771635	-0.310014516115	-0.917380511761	
0.947144150734	-0.104288801551	0.303383857012	
-0.188935592771	-0.945616960526	0.264786630869	
0.259270638227	-0.308111131191	-0.915339410305	
0.942673623562	-0.131423071027	0.306748181581	
-0.216488301754	-0.940359115601	0.262407183647	
0.253967106342	-0.313771694899	-0.914903283119	
-0.9957639575	-0.0858517810702	-0.0329179689288	
0.0739151909947	-0.534495055676	-0.841933250427	
0.0546869747341	-0.840799927711	0.53857666254	
-0.995283544064	-0.0866800248623	-0.0435570403934	
0.0845135226846	-0.554340004921	-0.82798832655	
0.0476246364415	-0.827764332294	0.559051096439	
-0.994625270367	-0.102104529738	-0.0171835143119	
0.0710180103779	-0.551981210709	-0.830826818943	
0.0753462016582	-0.827581644058	0.556265711784	
-0.994606792927	-0.101199127734	-0.022718174383	
0.0730612426996	-0.528141498566	-0.846007466316	
0.0736168026924	-0.843104541302	0.532686829567	
-0.996043980122	-0.0838485658169	-0.0294246282429	
0.0701779350638	-0.539116621017	-0.839302301407	
0.0545109882951	-0.838046967983	0.54286813736	
-0.995774507523	-0.0893439203501	-0.0212317854166	
0.0671397671103	-0.550561308861	-0.832090437412	
0.0626528263092	-0.829999923706	0.554233431816	
-0.996972680092	-0.0730241835117	-0.0267005711794	
0.0623455643654	-0.545609652996	-0.835717141628	
0.0464594699442	-0.834851801395	0.548510670662	
-0.995088219643	-0.0963461324573	-0.0227355509996	
0.0693355724216	-0.514418244362	-0.854731798172	
0.0706545189023	-0.852109909058	0.518571734428	
-0.988685846329	0.0694528371096	0.132953301072	
0.0736243128777	0.996928155422	0.0267147924751	
-0.13068947196	0.0362011343241	-0.990762174129	
-0.989907920361	0.0507848076522	0.132299691439	
0.057786565274	0.997094511986	0.049630690366	
-0.129394814372	0.0567749589682	-0.989966452122	
-0.984686374664	0.0522686131299	0.166315019131	
0.0653128549457	0.995120882988	0.073950573802	
-0.161638259888	0.0836806297302	-0.983295798302	
-0.985533595085	0.0429318025708	0.163952350616	
0.0549518354237	0.996067643166	0.0694951936603	
-0.160324066877	0.0774993300438	-0.984017312527	
-0.984345138073	0.0676658153534	0.162745177746	
0.073061324656	0.996951162815	0.0273927897215	
-0.160395443439	0.0388543382287	-0.98628783226	
-0.98306363821	0.0597794055939	0.173240453005	
0.0677812173963	0.996872067451	0.0406419709325	
-0.170269027352	0.0516960956156	-0.984040617943	
-0.985607087612	0.048820849508	0.161849349737	
0.0652749091387	0.993047833443	0.0979551151395	
-0.15594188869	0.107109956443	-0.981941759586	
-0.988209009171	0.0614487566054	0.140238925815	
0.069475851953	0.996170759201	0.0530752278864	
-0.136440500617	0.0621926374733	-0.988694131374	
-0.879634797573	-0.474984973669	-0.0251370165497	
-0.223079130054	0.365296125412	0.903766810894	
-0.420093178749	0.800592303276	-0.427286416292	
-0.883149862289	-0.466936141253	-0.0449106954038	
-0.242888122797	0.373274415731	0.895361125469	
-0.401312470436	0.801646351814	-0.443070471287	
-0.876477122307	-0.478959202766	-0.0488464906812	
-0.246447563171	0.359189510345	0.900136947632	
-0.413583695889	0.800987482071	-0.4328597188	
-0.884401917458	-0.465438008308	-0.0346506498754	
-0.227885216475	0.365838617086	0.902347207069	
-0.407310128212	0.805933952332	-0.429614812136	
-0.895605623722	-0.443471461535	-0.0349799394608	
-0.224389627576	0.382463723421	0.896309554577	
-0.384109139442	0.810589015484	-0.442047089338	
-0.886855483055	-0.461883187294	-0.0122982347384	
-0.223509341478	0.405557721853	0.886321902275	
-0.40438953042	0.788788199425	-0.462906301022	
-0.895761907101	-0.443489253521	-0.0304612331092	
-0.208135023713	0.357869267464	0.910279810429	
-0.392798185349	0.821734070778	-0.412871330976	
-0.894389510155	-0.445522934198	-0.0397084243596	
-0.22245490551	0.366041839123	0.90361893177	
-0.388048022985	0.817020595074	-0.426492750645	
0.883594870567	-0.460271477699	0.0860827118158	
0.00876749400049	0.200068488717	0.979742705822	
-0.468170046806	-0.864940881729	0.180814921856	
0.887095570564	-0.456326603889	0.0694800764322	
0.0210919044912	0.190440997481	0.981472015381	
-0.461103647947	-0.869194030762	0.178564161062	
0.887149572372	-0.458015024662	0.0564607381821	
0.0416244566441	0.201265305281	0.978652000427	
-0.459600895643	-0.865860581398	0.197617053986	
0.88712733984	-0.457342922688	0.0619884431362	
0.0358028039336	0.202102899551	0.978709638119	
-0.460133969784	-0.866020679474	0.195665165782	
0.894005537033	-0.443208396435	0.0657295957208	
0.0345223397017	0.21440063417	0.976135551929	
-0.446723937988	-0.870401442051	0.20697593689	
0.896175086498	-0.441119611263	0.0477883033454	
0.0325572453439	0.172789365053	0.984420597553	
-0.442504554987	-0.880657315254	0.169211164117	
0.887351751328	-0.457393288612	0.0582943968475	
0.0351609252393	0.193180978298	0.980532944202	
-0.459750562906	-0.868027925491	0.187501847744	
0.900343537331	-0.430893331766	0.0609294772148	
0.0335636660457	0.208348751068	0.977478504181	
-0.433883547783	-0.878021478653	0.20204782486	
0.203723847866	-0.366870939732	-0.907690644264	
0.678893744946	0.720954716206	-0.139023676515	
0.705407619476	-0.587903082371	0.39594206214	
0.205212727189	-0.376484036446	-0.903408825397	
0.672319352627	0.725023508072	-0.149424359202	
0.711248517036	-0.57671546936	0.40190154314	
0.199256464839	-0.374674886465	-0.905491888523	
0.682195305824	0.716382682323	-0.14630587399	
0.7034958601	-0.588569939137	0.398345321417	
0.20305082202	-0.354707866907	-0.912662446499	
0.6662966609	0.733056247234	-0.136664688587	
0.717508971691	-0.580354094505	0.385188341141	
0.203826323152	-0.352830827236	-0.913216948509	
0.672208607197	0.728596031666	-0.131466388702	
0.711751639843	-0.58707600832	0.385682970285	
0.201662749052	-0.351022869349	-0.914393305779	
0.688574850559	0.714740395546	-0.122518762946	
0.696560680866	-0.604920744896	0.38584202528	
0.205262213945	-0.379005402327	-0.902342677116	
0.663830757141	0.731390297413	-0.156195104122	
0.719163477421	-0.566941916943	0.401722252369	
0.198609486222	-0.35596832633	-0.9131488204	
0.670895218849	0.728579580784	-0.138099193573	
0.714460551739	-0.585199356079	0.383520275354	
-0.454862415791	0.860821664333	0.228223994374	
0.795855104923	0.277913421392	0.537939369678	
0.399643361568	0.42632162571	-0.811501741409	
-0.456815898418	0.853651344776	0.250197201967	
0.790184617043	0.260222554207	0.554880619049	
0.408567637205	0.451180249453	-0.79341596365	
-0.458563715219	0.849426686764	0.261139035225	
0.798275351524	0.264614611864	0.541050434113	
0.390481501818	0.45656695962	-0.799419045448	
-0.457253873348	0.854518711567	0.246407628059	
0.792934954166	0.266266137362	0.5480479002	
0.402707129717	0.445982247591	-0.79932898283	
-0.426039874554	0.87166672945	0.2422542274	
0.801627933979	0.23958620429	0.547714412212	
0.41938367486	0.427545934916	-0.800825715065	
-0.4510846138	0.851825237274	0.266301423311	
0.792958140373	0.245597228408	0.55758357048	
0.409560829401	0.462683230639	-0.78624689579	
-0.445722728968	0.860850214958	0.2454957515	
0.800174474716	0.260200411081	0.540385603905	
0.401312977076	0.437301576138	-0.804807603359	
-0.463398337364	0.85956376791	0.215434744954	
0.783085823059	0.283423900604	0.553577005863	
0.414775401354	0.425230562687	-0.804450333118	
-0.833229839802	-0.508634209633	0.216839373112	
0.534963011742	-0.840731799603	0.0835742428899	
0.139795035124	0.185637593269	0.972623288631	
-0.830718040466	-0.501434922218	0.24180687964	
0.534304976463	-0.840110719204	0.0934461429715	
0.156287387013	0.206826016307	0.965814292431	
-0.839070856571	-0.503531634808	0.205951318145	
0.529459536076	-0.842837393284	0.0964246541262	
0.125030606985	0.18995000422	0.973799943924	
-0.839373588562	-0.500153660774	0.212833970785	
0.531454324722	-0.837318599224	0.128272458911	
0.114053912461	0.220780044794	0.968631982803	
-0.827799737453	-0.522749125957	0.203668788075	
0.54429268837	-0.836318969727	0.0656966045499	
0.135989233851	0.165239065886	0.976833164692	
-0.841733932495	-0.485691249371	0.235771015286	
0.520226538181	-0.846438765526	0.113603509963	
0.144389495254	0.218278259039	0.96514570713	
-0.832498788834	-0.515971004963	0.201791271567	
0.544560909271	-0.829109013081	0.126616224647	
0.101976662874	0.215295493603	0.97120988369	
-0.854243576527	-0.482430666685	0.193723008037	
0.508147478104	-0.853535890579	0.115163601935	
0.109791077673	0.196817621589	0.974273443222	
-0.0263702515513	0.504254996777	0.863152086735	
0.579631745815	0.711197853088	-0.39777469635	
-0.814451754093	0.489820897579	-0.311036676168	
0.00441628834233	0.502932608128	0.864314377308	
0.580175459385	0.702691435814	-0.411850899458	
-0.814479529858	0.50327283144	-0.28868585825	
-0.00978286843747	0.519241929054	0.854571282864	
0.589604377747	0.693241298199	-0.41446736455	
-0.807632923126	0.499804288149	-0.312929183245	
0.00400888593867	0.518048048019	0.855342149734	
0.585472941399	0.6922057271	-0.421986609697	
-0.810682058334	0.502471327782	-0.300528138876	
0.00419270433486	0.496620714664	0.867957532406	
0.580639719963	0.705450892448	-0.406443834305	
-0.814149856567	0.50567471981	-0.285399973392	
0.00243530399166	0.487199425697	0.873287320137	
0.58603823185	0.706915915012	-0.396016508341	
-0.810279726982	0.512744188309	-0.283795922995	
-0.0220120809972	0.51932400465	0.854293882847	
0.58299857378	0.700840175152	-0.411017924547	
-0.812174916267	0.489004760981	-0.318192094564	
-0.00633173482493	0.493849545717	0.869524300098	
0.575468122959	0.712924778461	-0.400717765093	
-0.817799687386	0.49784630537	-0.288708716631	
0.73936933279	0.665151238441	0.104435771704	
-0.671135723591	0.7156457901	0.193463176489	
0.0539432540536	-0.213131308556	0.975533246994	
0.736998677254	0.663728892803	0.127659380436	
-0.675004601479	0.713093936443	0.18938280642	
0.0346657037735	-0.225745543838	0.973569333553	
0.734367132187	0.671245336533	0.10067050904	
-0.675864994526	0.709489345551	0.199578136206	
0.0625412389636	-0.214603289962	0.974696874619	
0.722084283829	0.683722317219	0.105442129076	
-0.68855792284	0.695547878742	0.205185621977	
0.0669499337673	-0.220764324069	0.973026633263	
0.742698788643	0.657601058483	0.126330211759	
-0.668608129025	0.717857420444	0.194020301104	
0.0369008742273	-0.228564053774	0.972829282284	
0.720687508583	0.680031478405	0.134784042835	
-0.692611992359	0.697870075703	0.182389467955	
0.029968816787	-0.224798858166	0.973944246769	
0.729692220688	0.672778487206	0.122140474617	
-0.681625664234	0.701544940472	0.20789693296	
0.0541815534234	-0.234954863787	0.97049498558	
0.710543811321	0.694406449795	0.113697640598	
-0.702408969402	0.690363228321	0.173263639212	
0.0418227277696	-0.202973648906	0.978290617466	
-0.219643577933	-0.956282675266	-0.19308064878	
-0.919298827648	0.269128262997	-0.287157833576	
0.326567530632	0.114426448941	-0.938221871853	
-0.201034292579	-0.959498763084	-0.197350800037	
-0.924289762974	0.252526283264	-0.286214858294	
0.324459075928	0.124870315194	-0.937621295452	
-0.210141301155	-0.964367389679	-0.160736262798	
-0.92776799202	0.248556435108	-0.278327703476	
0.308362185955	0.0906378105283	-0.946941137314	
-0.192786335945	-0.968626379967	-0.156832158566	
-0.922811627388	0.233305647969	-0.306573271751	
0.333544790745	0.0856234058738	-0.938837826252	
-0.189602166414	-0.962828159332	-0.192387446761	
-0.925453364849	0.240702480078	-0.292571932077	
0.328004658222	0.122573338449	-0.936690330505	
-0.201710402966	-0.957865893841	-0.204464882612	
-0.922759354115	0.255837529898	-0.288205295801	
0.328371822834	0.130537882447	-0.935484826565	
-0.18978638947	-0.971071243286	-0.144920006394	
-0.925621390343	0.226185590029	-0.30342233181	
0.327423512936	0.0765556320548	-0.941771268845	
-0.205785304308	-0.965550899506	-0.159260526299	
-0.922270357609	0.245771914721	-0.298351347446	
0.3272151649	0.085484944284	-0.941075205803	
0.10253893584	0.855276107788	0.507925748825	
0.92793315649	-0.266200870275	0.260916024446	
0.358365535736	0.444567084312	-0.820934951305	
0.102873377502	0.868768811226	0.484414935112	
0.920237839222	-0.267994314432	0.285204082727	
0.377596855164	0.416437029839	-0.827043414116	
0.0840187296271	0.873831510544	0.478914707899	
0.92761772871	-0.244132727385	0.282709240913	
0.363959014416	0.42049691081	-0.831093370914	
0.0949067398906	0.867610633373	0.488102912903	
0.920469105244	-0.26321208477	0.288887619972	
0.379116564989	0.42186626792	-0.823589384556	
0.108226627111	0.856906950474	0.503981590271	
0.92386931181	-0.273892730474	0.267298072577	
0.367086470127	0.436684370041	-0.82131254673	
0.0899715647101	0.877705991268	0.470677554607	
0.919220864773	-0.255076885223	0.299947947264	
0.383325070143	0.40566983819	-0.829755306244	
0.113076515496	0.870610415936	0.4788017869	
0.927295207977	-0.265540748835	0.263840407133	
0.356843590736	0.41415643692	-0.837339282036	
0.102583177388	0.875872194767	0.471513032913	
0.927082300186	-0.255995303392	0.273833632469	
0.360548377037	0.409040659666	-0.838266432285	
0.928887724876	-0.0432334840298	-0.367829412222	
-0.00221079518087	-0.993792891502	0.111224249005	
-0.370354861021	-0.102501638234	-0.923217594624	
0.929117679596	-0.0365218184888	-0.367976158857	
0.0122249061242	-0.991533100605	0.129277303815	
-0.369581997395	-0.124612309039	-0.92080450058	
0.928050279617	-0.0459343455732	-0.369611620903	
0.000602084968705	-0.992179572582	0.124817192554	
-0.372454494238	-0.116059161723	-0.920764863491	
0.925503909588	-0.0467674359679	-0.375839531422	
0.00276696472429	-0.991485357285	0.130188718438	
-0.37872800231	-0.121530100703	-0.917494177818	
0.933549523354	-0.0311127156019	-0.357095599174	
0.0148659581318	-0.992008209229	0.125294670463	
-0.358140021563	-0.122277349234	-0.925626277924	
0.932787060738	-0.0515081100166	-0.35672852397	
-0.0147244827822	-0.994355499744	0.105073072016	
-0.360127091408	-0.0927581563592	-0.928280353546	
0.922069132328	-0.0368350148201	-0.385268330574	
0.0159227289259	-0.991007268429	0.132857084274	
-0.386697500944	-0.128637939692	-0.913190722466	
0.926613509655	-0.046116694808	-0.373176515102	
0.00353999179788	-0.991336584091	0.131298109889	
-0.375998556614	-0.122983641922	-0.91842263937	
0.808086454868	-0.573083162308	0.136279270053	
0.158681660891	-0.0110205840319	-0.987268269062	
0.567288696766	0.819423139095	0.0820322036743	
0.814846634865	-0.567385852337	0.118736207485	
0.134044662118	-0.0148498518392	-0.990864038467	
0.563965439796	0.823318183422	0.0639546886086	
0.808197677135	-0.574977099895	0.127349421382	
0.13504780829	-0.0295340493321	-0.990398824215	
0.5732178092	0.81763625145	0.0537800453603	
0.808111190796	-0.576675891876	0.120005182922	
0.134608060122	-0.0175420735031	-0.990743637085	
0.573443055153	0.81678467989	0.0634492784739	
0.817530572414	-0.559944868088	0.134556651115	
0.155833423138	-0.00983604975045	-0.987734377384	
0.554400324821	0.8284714818	0.0792168527842	
0.832464814186	-0.545781373978	0.0955251455307	
0.129235699773	0.0236119553447	-0.991332769394	
0.538795411587	0.837594866753	0.0901905596256	
0.806558787823	-0.576338648796	0.131516754627	
0.140079930425	-0.0298059340566	-0.989691495895	
0.574317455292	0.816667199135	0.0566932372749	
0.839374065399	-0.531947493553	0.111727669835	
0.128399670124	-0.00568790500984	-0.991706192493	
0.528171122074	0.846758246422	0.0635276064277	
0.205960184336	0.977465808392	-0.0462709777057	
-0.674485206604	0.107543557882	-0.730413615704	
-0.708978235722	0.181645229459	0.68143594265	
0.19214785099	0.980028688908	-0.0512145981193	
-0.685937345028	0.0967989563942	-0.721193373203	
-0.701832711697	0.173705756664	0.690838038921	
0.223843932152	0.973635137081	-0.043915219605	
-0.660898983479	0.118519291282	-0.741057157516	
-0.71631449461	0.194904670119	0.670004308224	
0.211618736386	0.975877583027	-0.0536701530218	
-0.680810809135	0.107789255679	-0.724484741688	
-0.701223313808	0.18985375762	0.687198221684	
0.182381778955	0.982937216759	-0.0239026620984	
-0.668318271637	0.106100641191	-0.736269891262	
-0.721170961857	0.150256797671	0.676265716553	
0.188903689384	0.978880703449	-0.0781531557441	
-0.666234076023	0.0692873299122	-0.742516934872	
-0.721420526505	0.192332491279	0.665252327919	
0.169823393226	0.984468460083	-0.0445181205869	
-0.664206802845	0.0809718072414	-0.743150651455	
-0.728003621101	0.155773609877	0.667641580105	
0.227039515972	0.972993433475	-0.0416752621531	
-0.672155320644	0.125587850809	-0.729681372643	
-0.704741299152	0.193678751588	0.682516098022	
-0.492739468813	-0.846621692181	0.201095744967	
0.361863464117	0.0108084874228	0.932168424129	
-0.791367590427	0.532085359097	0.301035672426	
-0.482910454273	-0.851055264473	0.206161096692	
0.341765314341	0.033583458513	0.939185082912	
-0.80622202158	0.524001002312	0.274643391371	
-0.493976563215	-0.846430122852	0.198854699731	
0.379750847816	-0.0042906650342	0.925078868866	
-0.782161414623	0.532482504845	0.323552042246	
-0.492842435837	-0.841928839684	0.219686508179	
0.376252502203	0.0214455015957	0.926268935204	
-0.784563839436	0.539162218571	0.306208580732	
-0.498654127121	-0.835741698742	0.229956179857	
0.351537764072	0.0475096181035	0.934967398643	
-0.792316377163	0.547063648701	0.270103901625	
-0.494230419397	-0.840266227722	0.222910270095	
0.3612241745	0.0347353033721	0.9318318367	
-0.790729641914	0.541060209274	0.286357223988	
-0.518272638321	-0.83170747757	0.199138462543	
0.37846237421	-0.0142389209941	0.925507128239	
-0.766915738583	0.5550314188	0.322149634361	
-0.493164211512	-0.836939871311	0.237319931388	
0.376734703779	0.04042461887	0.925438702106	
-0.784130096436	0.545799911022	0.295368313789	
-0.294087648392	-0.174120366573	0.939784288406	
0.877008140087	-0.440047204494	0.192912444472	
0.379959493876	0.880931615829	0.282117426395	
-0.302519053221	-0.192568868399	0.933487772942	
0.867083668709	-0.462283045053	0.185635015368	
0.395788043737	0.865570127964	0.306822746992	
-0.268394559622	-0.169063284993	0.948357522488	
0.873942613602	-0.456840962172	0.165893554688	
0.405202060938	0.873334944248	0.27036523819	
-0.279659956694	-0.180673375726	0.942946135998	
0.868231594563	-0.466831713915	0.168053656816	
0.409834355116	0.865693509579	0.287420451641	
-0.27279111743	-0.165814727545	0.947676360607	
0.872312068939	-0.45809340477	0.170944780111	
0.405779123306	0.873301744461	0.269605994225	
-0.279073178768	-0.169594436884	0.945175051689	
0.873121082783	-0.454531252384	0.176241114736	
0.399722069502	0.874436438084	0.274923950434	
-0.272288352251	-0.152236446738	0.95009636879	
0.873308002949	-0.453645139933	0.177592799067	
0.403970509768	0.878083229065	0.256471604109	
-0.281761080027	-0.176948606968	0.943026959896	
0.874180674553	-0.452471107244	0.176289692521	
0.395498245955	0.874047517776	0.282173782587	
0.167055279016	0.643204927444	-0.747248232365	
0.759317934513	-0.567375779152	-0.318623483181	
-0.628910779953	-0.514171302319	-0.583180189133	
0.173878490925	0.649703621864	-0.740034818649	
0.755964338779	-0.569657981396	-0.322502285242	
-0.631097614765	-0.503363668919	-0.590204000473	
0.15177360177	0.630928277969	-0.760851025581	
0.748416602612	-0.576166987419	-0.328487664461	
-0.645629405975	-0.519577801228	-0.559644162655	
0.168374463916	0.633935689926	-0.754834771156	
0.746798336506	-0.581856012344	-0.322080463171	
-0.64338350296	-0.509479224682	-0.571391820908	
0.143844977021	0.625848710537	-0.766565024853	
0.765193939209	-0.561544120312	-0.314875274897	
-0.627524375916	-0.541277706623	-0.559670984745	
0.169092446566	0.637648582458	-0.751539766788	
0.764915764332	-0.565762639046	-0.307922840118	
-0.621539711952	-0.522797167301	-0.583413660526	
0.139983028173	0.619613289833	-0.772323846817	
0.76055675745	-0.566726922989	-0.316818535328	
-0.634001672268	-0.543046891689	-0.55058324337	
0.157987177372	0.628651916981	-0.761470198631	
0.74120503664	-0.58501803875	-0.329194486141	
-0.65242254734	-0.512397050858	-0.558385312557	
-0.207303971052	-0.918011724949	-0.338052630424	
0.449209213257	-0.396301239729	0.800722420216	
-0.86904323101	0.0141365863383	0.494534134865	
-0.195934250951	-0.915277659893	-0.351961106062	
0.470271706581	-0.402655154467	0.785310983658	
-0.860496520996	-0.0116480346769	0.509323120117	
-0.203830853105	-0.912616968155	-0.35437721014	
0.421299695969	-0.408512353897	0.809706270695	
-0.883719146252	0.0157441105694	0.467752665281	
-0.193596601486	-0.914751887321	-0.354611486197	
0.433067172766	-0.404008775949	0.805747926235	
-0.880325615406	0.00241946079768	0.474363744259	
-0.187070906162	-0.924010396004	-0.33348056674	
0.448573201895	-0.382364302874	0.807824015617	
-0.873948812485	0.00152993167285	0.48601552844	
-0.188747629523	-0.91682779789	-0.351853877306	
0.450740963221	-0.399204820395	0.798416018486	
-0.872471749783	-0.00789583753794	0.488600790501	
-0.192285180092	-0.916409194469	-0.351027876139	
0.414023607969	-0.400066107512	0.81763780117	
-0.889725148678	0.0118858059868	0.456341832876	
-0.207595944405	-0.912432074547	-0.352663546801	
0.422084897757	-0.408780992031	0.809161543846	
-0.882467150688	0.0191247109324	0.469985067844	
0.93283867836	0.0431149788201	-0.357705324888	
0.164437949657	0.832434117794	0.529163122177	
0.320580989122	-0.552444159985	0.769437015057	
0.934819579124	-0.00210614129901	-0.355116784573	
0.200674295425	0.828151881695	0.523349106312	
0.29298838973	-0.560499787331	0.774595201015	
0.947518765926	0.0169019028544	-0.319252967834	
0.162453681231	0.834612965584	0.526336431503	
0.275348752737	-0.55057746172	0.788065671921	
0.945453047752	-0.00421117292717	-0.325731128454	
0.183715671301	0.832623839378	0.522480726242	
0.269011229277	-0.553822934628	0.787980437279	
0.941696822643	0.0202412195504	-0.335853219032	
0.168618246913	0.835402190685	0.523135781288	
0.291161417961	-0.549266278744	0.783282577991	
0.937539219856	-0.000166617726791	-0.347879558802	
0.19094081223	0.836153805256	0.514187097549	
0.290795147419	-0.54849499464	0.783958852291	
0.948041141033	-0.0106604350731	-0.317969024181	
0.183985963464	0.833734333515	0.520611405373	
0.259551733732	-0.552062869072	0.792375862598	
0.944586932659	-0.0085897827521	-0.328149020672	
0.188201755285	0.833216071129	0.519933760166	
0.268952935934	-0.552880823612	0.788661599159	
-0.0648331344128	-0.0400417633355	0.997092425823	
-0.83470505476	0.549755215645	-0.0321969911456	
-0.546867549419	-0.834365546703	-0.0690654218197	
-0.0938359797001	-0.0346835814416	0.994983375072	
-0.868817389011	0.490870535374	-0.0648263916373	
-0.486159592867	-0.870541870594	-0.0761950165033	
-0.0793562233448	-0.0251978337765	0.996527791023	
-0.840129315853	0.53976547718	-0.0532534755766	
-0.536549448967	-0.841438233852	-0.0640031918883	
-0.0659753531218	-0.0165573433042	0.997683882713	
-0.863399982452	0.502158164978	-0.0487616509199	
-0.500187695026	-0.864617288113	-0.0474256686866	
-0.0542553961277	-0.0212959069759	0.998299956322	
-0.841320157051	0.539453089237	-0.0342161841691	
-0.53780734539	-0.841746330261	-0.0471849180758	
-0.0553526766598	-0.00237132632174	0.998464047909	
-0.862292528152	0.504261314869	-0.0466060191393	
-0.503376305103	-0.863547861576	-0.029956990853	
-0.0815948918462	-0.0229034274817	0.996402382851	
-0.844510793686	0.532505452633	-0.0569163300097	
-0.529286086559	-0.846116662025	-0.0627919137478	
-0.0911115035415	-0.023371938616	0.995566368103	
-0.850690305233	0.521556794643	-0.0656087622046	
-0.517711043358	-0.852896392345	-0.0674021095037	
0.931189775467	-0.0792324617505	-0.355820000172	
-0.117450661957	0.858831346035	-0.498612135649	
0.34509563446	0.506093800068	0.790429055691	
0.930184483528	-0.118534520268	-0.347428321838	
-0.0900644958019	0.843814313412	-0.52902340889	
0.355872541666	0.523380279541	0.774227201939	
0.911578953266	-0.0879816785455	-0.401600629091	
-0.133940309286	0.859984397888	-0.492429554462	
0.388695061207	0.502678930759	0.772159337997	
0.917229831219	-0.0843681097031	-0.389321833849	
-0.129356071353	0.861273348331	-0.491401284933	
0.376771122217	0.501089036465	0.77907204628	
0.912937641144	-0.105548150837	-0.394213676453	
-0.122725494206	0.85025537014	-0.511863529682	
0.389208555222	0.51567953825	0.763276696205	
0.916801214218	-0.12281254679	-0.379990309477	
-0.102898865938	0.846756219864	-0.521934568882	
0.385859280825	0.51761084795	0.763669848442	
0.925169408321	-0.101661883295	-0.365686237812	
-0.102064199746	0.861338973045	-0.497672617435	
0.365574151278	0.49775493145	0.786508440971	
0.932676255703	-0.115515932441	-0.341717749834	
-0.0844090506434	0.851140201092	-0.51810759306	
0.350699394941	0.512070775032	0.784087657928	
-0.956184208393	0.262602299452	-0.129428759217	
-0.275033771992	-0.957241475582	0.0896950736642	
-0.100340433419	0.121362291276	0.987523674965	
-0.958164691925	0.253499895334	-0.132884278893	
-0.263003200293	-0.96296697855	0.0593624338508	
-0.112914793193	0.0918279737234	0.989352226257	
-0.96627175808	0.23578684032	-0.103553913534	
-0.243097990751	-0.967845737934	0.0646373257041	
-0.0849835798144	0.0876309722662	0.992521345615	
-0.95681643486	0.257717937231	-0.134475782514	
-0.267597943544	-0.961588084698	0.061153113842	
-0.113550059497	0.0944977477193	0.989028096199	
-0.963083982468	0.250494301319	-0.0985995233059	
-0.259967535734	-0.960525870323	0.0990300998092	
-0.0699009150267	0.121006980538	0.990187466145	
-0.965827584267	0.231372594833	-0.116806901991	
-0.241616532207	-0.966841876507	0.0826936587691	
-0.093800753355	0.108090296388	0.989705979824	
-0.957754790783	0.246053755283	-0.14887355268	
-0.260302007198	-0.961777091026	0.0850158259273	
-0.122264705598	0.120176397264	0.985194921494	
-0.956693410873	0.247187957168	-0.153739586473	
-0.259984582663	-0.963123321533	0.0692928731441	
-0.130941823125	0.106261961162	0.985678792	
0.217533677816	0.255208730698	0.942097425461	
-0.140881285071	-0.946894586086	0.28903824091	
0.965832054615	-0.195599451661	-0.170027330518	
0.199796244502	0.256910741329	0.945557177067	
-0.131237000227	-0.949302852154	0.285658836365	
0.971008896828	-0.181165650487	-0.155950948596	
0.189370632172	0.229155883193	0.954791247845	
-0.160887494683	-0.95200252533	0.260396540165	
0.968635082245	-0.202925428748	-0.143413007259	
0.203587427735	0.241943225265	0.948691546917	
-0.132963985205	-0.953175187111	0.271620512009	
0.969985961914	-0.181440323591	-0.161884754896	
0.203880831599	0.259974390268	0.943846344948	
-0.145693048835	-0.945303559303	0.291847020388	
0.968094050884	-0.19701385498	-0.154852807522	
0.203112900257	0.259739786386	0.944076478481	
-0.161088332534	-0.942172527313	0.293873250484	
0.96581351757	-0.211769148707	-0.14952634275	
0.211636096239	0.240586549044	0.947274148464	
-0.138120979071	-0.952138602734	0.272680461407	
0.967539548874	-0.188547462225	-0.16827686131	
0.19741691649	0.234343335032	0.951897978783	
-0.155610173941	-0.951205730438	0.266445368528	
0.967890501022	-0.200725838542	-0.151317894459	
-0.349941432476	0.839934647083	0.414790093899	
-0.239912644029	-0.508376836777	0.827039837837	
0.905529081821	0.189902126789	0.379413038492	
-0.335253536701	0.843162536621	0.420335620642	
-0.237228766084	-0.507329583168	0.828455924988	
0.911771655083	0.178027078509	0.370106458664	
-0.335774570704	0.844920635223	0.416370660067	
-0.235302045941	-0.503258526325	0.831482887268	
0.912079155445	0.181217953563	0.367792993784	
-0.323146849871	0.854173898697	0.407385647297	
-0.245358809829	-0.491382747889	0.835668623447	
0.91398859024	0.170088037848	0.368367880583	
-0.331805586815	0.851131021976	0.406793564558	
-0.250587254763	-0.495254397392	0.831822752953	
0.90945649147	0.174066156149	0.377610772848	
-0.335500299931	0.845322668552	0.415775299072	
-0.237561300397	-0.503011405468	0.830989897251	
0.91159427166	0.180025234818	0.36957642436	
-0.331611931324	0.848809719086	0.411771297455	
-0.258598089218	-0.501533567905	0.825585305691	
0.907281935215	0.16729067266	0.385815083981	
-0.329695820808	0.849347174168	0.412201404572	
-0.245916724205	-0.498802751303	0.831096112728	
0.911496341228	0.172641709447	0.373321861029	
0.632277071476	0.181551888585	-0.753169715405	
0.486350625753	-0.849746823311	0.203453734517	
-0.603066146374	-0.494943678379	-0.625573277473	
0.614216029644	0.192059591413	-0.765409529209	
0.514364778996	-0.833018779755	0.203736498952	
-0.598470985889	-0.518837928772	-0.610442221165	
0.636737287045	0.179987296462	-0.749780118465	
0.488463371992	-0.846538305283	0.211604312062	
-0.596631526947	-0.500976502895	-0.626939713955	
0.639185845852	0.185107707977	-0.746442615986	
0.484729558229	-0.85050201416	0.204165443778	
-0.597058355808	-0.492322474718	-0.633356034756	
0.635466873646	0.186468139291	-0.749273955822	
0.496844768524	-0.841561079025	0.211943954229	
-0.591039001942	-0.506956219673	-0.627429902554	
0.642111003399	0.191855892539	-0.742216110229	
0.501795947552	-0.837135910988	0.217725351453	
-0.579563856125	-0.512244880199	-0.633806705475	
0.629969060421	0.190453618765	-0.7529053092	
0.499190330505	-0.841966331005	0.204698950052	
-0.594935297966	-0.504797041416	-0.625485360622	
0.627580583096	0.178738117218	-0.757756769657	
0.503239870071	-0.835765480995	0.219648897648	
-0.594047307968	-0.519180834293	-0.61445838213	
-0.358671575785	0.807527780533	-0.468245178461	
0.109627485275	0.534589886665	0.837971031666	
0.927004039288	0.249223873019	-0.280269443989	
-0.352298676968	0.807955563068	-0.472327679396	
0.098497249186	0.533890545368	0.839797079563	
0.930690050125	0.24933642149	-0.267670333385	
-0.323383033276	0.820611476898	-0.471190154552	
0.0913021638989	0.522681176662	0.847625076771	
0.941853106022	0.23108689487	-0.243949830532	
-0.328726381063	0.811436116695	-0.483229130507	
0.0995098128915	0.538575708866	0.836680352688	
0.939168155193	0.226952850819	-0.25778990984	
-0.330831617117	0.806503355503	-0.490002781153	
0.0725857466459	0.539450466633	0.838882923126	
0.940894126892	0.24196177721	-0.237007915974	
-0.310275316238	0.804001927376	-0.507257461548	
0.0739699229598	0.552392601967	0.830295622349	
0.947764575481	0.220098435879	-0.230865746737	
-0.335706800222	0.799380719662	-0.498288482428	
0.0888276994228	0.553495466709	0.828101694584	
0.937768936157	0.233737558126	-0.256819337606	
-0.31776958704	0.814534544945	-0.485341101885	
0.099585019052	0.537712574005	0.837226390839	
0.942923784256	0.217712372541	-0.251984119415	
0.747456789017	0.513860464096	-0.421017557383	
-0.265279054642	-0.35015848279	-0.898340761662	
-0.609044671059	0.783158004284	-0.125411912799	
0.764682650566	0.488853186369	-0.419860720634	
-0.266406297684	-0.35344183445	-0.896719872952	
-0.586760699749	0.797559678555	-0.1400372684	
0.754729688168	0.4942946136	-0.431341975927	
-0.291650623083	-0.336146533489	-0.895514070988	
-0.587641894817	0.80167222023	-0.109538443387	
0.753613650799	0.48657810688	-0.441936939955	
