-0.514223277569	-0.0694208219647	0.854842185974	
-0.773183107376	0.468867719173	-0.427025705576	
-0.37116342783	-0.880536079407	-0.294777721167	
-0.513551235199	-0.0705459266901	0.855154037476	
-0.77345085144	0.469588667154	-0.425746768713	
-0.37153595686	-0.88006234169	-0.295721650124	
-0.515258729458	-0.0702174529433	0.854153335094	
-0.772469639778	0.46973028779	-0.427368789911	
-0.37121295929	-0.880013048649	-0.296273499727	
-0.514244914055	-0.0700533390045	0.854777574539	
-0.772769331932	0.470138043165	-0.426377534866	
-0.371994286776	-0.879808366299	-0.295901179314	
-0.514065146446	-0.0689722746611	0.854973614216	
-0.772781848907	0.469781130552	-0.426748096943	
-0.372216671705	-0.880084395409	-0.294798642397	
-0.513702690601	-0.0704995244741	0.855066895485	
-0.772980034351	0.470500975847	-0.42559453845	
-0.372305601835	-0.879578649998	-0.296192348003	
-0.514295876026	-0.0701563954353	0.854738473892	
-0.772463977337	0.470850765705	-0.426144242287	
-0.372557520866	-0.87941890955	-0.296349912882	
-0.513650357723	-0.0700651034713	0.855134010315	
-0.772964537144	0.470382839441	-0.425753265619	
-0.372409909964	-0.879676580429	-0.295770168304	
-0.139651030302	0.711720883846	-0.688440978527	
-0.86203533411	0.254716545343	0.438194721937	
0.487229645252	0.654654800892	0.577957093716	
-0.139402508736	0.711617529392	-0.688598155975	
-0.861388504505	0.255862444639	0.438798636198	
0.48844319582	0.654320180416	0.577311336994	
-0.138294428587	0.711351633072	-0.689096152782	
-0.862135052681	0.255975276232	0.437263965607	
0.487440019846	0.654565095901	0.577881276608	
-0.138213083148	0.711532771587	-0.688925385475	
-0.861916184425	0.256223291159	0.437550097704	
0.487849980593	0.654271125793	0.57786822319	
-0.138908460736	0.711765885353	-0.688544690609	
-0.862081170082	0.255260854959	0.437787622213	
0.487360805273	0.654393792152	0.578142046928	
-0.139136895537	0.711712121964	-0.688554108143	
-0.861660838127	0.255663990974	0.438379466534	
0.488038480282	0.654294848442	0.577682197094	
-0.138669922948	0.711402118206	-0.688968598843	
-0.861966073513	0.255850046873	0.437670230865	
0.487632155418	0.654559254646	0.577725768089	
-0.138772681355	0.711532533169	-0.688813209534	
-0.861627280712	0.256133973598	0.438171029091	
0.488201379776	0.654306411743	0.577531397343	
0.771515071392	0.257749408484	0.581661224365	
0.217880710959	0.751930177212	-0.622196912766	
-0.597739517689	0.606767058372	0.52396684885	
0.770953655243	0.260212779045	0.581308662891	
0.216876506805	0.750919699669	-0.623766124249	
-0.598828017712	0.606966972351	0.522490262985	
0.770343899727	0.258394032717	0.582926034927	
0.218322426081	0.752061903477	-0.621882796288	
-0.599087297916	0.606329441071	0.522933125496	
0.770476222038	0.258397430182	0.582749664783	
0.218220293522	0.752018749714	-0.621970772743	
-0.598954319954	0.60638153553	0.523025035858	
0.771050453186	0.258792102337	0.581814289093	
0.217078119516	0.752132356167	-0.622233092785	
-0.598630309105	0.606072247028	0.523753881454	
0.771017313004	0.259260803461	0.58164948225	
0.218267247081	0.750460207462	-0.623834013939	
-0.598240494728	0.607941865921	0.522029697895	
0.770738124847	0.259031176567	0.582121670246	
0.21723613143	0.752054810524	-0.62227165699	
-0.598975121975	0.606066346169	0.523366391659	
0.770678818226	0.25822865963	0.582556545734	
0.218354359269	0.751844108105	-0.622134923935	
-0.598644793034	0.606669962406	0.52304494381	
0.949272811413	0.101457312703	-0.297636598349	
-0.196870073676	0.929816842079	-0.310938537121	
0.245200544596	0.353761225939	0.902623772621	
0.949720084667	0.100205652416	-0.29663208127	
-0.195230454206	0.93019759655	-0.310833632946	
0.244779139757	0.353116571903	0.90299052	
0.949641883373	0.101913429797	-0.296300470829	
-0.196397542953	0.930418848991	-0.309433043003	
0.244148150086	0.352043271065	0.903580248356	
0.950189232826	0.101219668984	-0.294779568911	
-0.195694208145	0.929876089096	-0.311503171921	
0.242578223348	0.353673607111	0.903366327286	
0.949660897255	0.101054087281	-0.296533793211	
-0.196209445596	0.929761886597	-0.311519920826	
0.244225472212	0.354021012783	0.902786254883	
0.949910283089	0.101749017835	-0.295495480299	
-0.196372196078	0.929875612259	-0.311077624559	
0.243122205138	0.353522956371	0.903279066086	
0.949677228928	0.101982854307	-0.296163290739	
-0.196777164936	0.929889023304	-0.31078144908	
0.243704617023	0.353420227766	0.903162360191	
0.949877142906	0.102032646537	-0.295504331589	
-0.196871340275	0.929498374462	-0.311888515949	
0.242847979069	0.354432106018	0.90299654007	
-0.609545946121	0.4044688344	-0.681805431843	
0.730577409267	-0.047271117568	-0.681191682816	
-0.30775052309	-0.913329303265	-0.266681879759	
-0.60983735323	0.403786808252	-0.681949138641	
0.731130838394	-0.0454378947616	-0.680722475052	
-0.305853068829	-0.913724064827	-0.267511248589	
-0.608368098736	0.404114961624	-0.683066129684	
0.731959283352	-0.0470073707402	-0.679724872112	
-0.306796133518	-0.91349953413	-0.267197906971	
-0.60848736763	0.404760301113	-0.682577610016	
0.732353210449	-0.0448358654976	-0.679447233677	
-0.305617213249	-0.913322985172	-0.269145429134	
-0.609877884388	0.403293609619	-0.682204663754	
0.730891227722	-0.0465245805681	-0.680906355381	
-0.30634444952	-0.913887143135	-0.266389459372	
-0.610356271267	0.403633534908	-0.681575536728	
0.730543494225	-0.0457968600094	-0.681328713894	
-0.30622112751	-0.913773834705	-0.266919463873	
-0.609735965729	0.4034922719	-0.682214081287	
0.730952262878	-0.0465667955577	-0.680837929249	
-0.306481391191	-0.913797318935	-0.266540169716	
-0.609623014927	0.40469199419	-0.681604146957	
0.731161177158	-0.0450823940337	-0.680713534355	
-0.30620765686	-0.913341104984	-0.268411815166	
0.598948180676	0.534583806992	-0.59622246027	
-0.682912528515	0.729813277721	-0.0316708832979	
0.418200314045	0.426137030125	0.802194297314	
0.598989903927	0.534340620041	-0.596398532391	
-0.682696759701	0.730017900467	-0.031606759876	
0.418492853642	0.426091492176	0.802065968513	
0.597788155079	0.534649133682	-0.597327113152	
-0.682941019535	0.72984880209	-0.0302029307932	
0.419810503721	0.425994157791	0.801428794861	
0.598791778088	0.534599483013	-0.596365511417	
-0.68291580677	0.729819178581	-0.0314629338682	
0.418418943882	0.426107198	0.802096128464	
0.599030137062	0.534220397472	-0.596465826035	
-0.682139992714	0.7305752635	-0.0307381153107	
0.419342249632	0.425286263227	0.802049696445	
0.598662734032	0.53453451395	-0.596553266048	
-0.682800769806	0.729939818382	-0.0311612337828	
0.418791204691	0.425982087851	0.801968336105	
0.598952174187	0.533772170544	-0.596945226192	
-0.682060360909	0.730636894703	-0.0310378409922	
0.419583082199	0.425742864609	0.801681399345	
0.598338544369	0.533666431904	-0.597654700279	
-0.683129012585	0.729576528072	-0.0324466489255	
0.418719172478	0.427689343691	0.801096796989	
0.228826507926	-0.81917566061	0.525917947292	
-0.949108481407	-0.0676395520568	0.307600259781	
-0.216405794024	-0.569540321827	-0.792964279652	
0.228470474482	-0.819276511669	0.525915563107	
-0.949143826962	-0.0672437623143	0.307578057051	
-0.216626942158	-0.569442033768	-0.792974472046	
0.228250414133	-0.819306313992	0.525964796543	
-0.949374914169	-0.0675311610103	0.306800961494	
-0.215844959021	-0.569365203381	-0.793242871761	
0.227847650647	-0.819833755493	0.525317072868	
-0.949343502522	-0.0671373084188	0.306984603405	
-0.216407969594	-0.568652033806	-0.793600916862	
0.229494601488	-0.819419562817	0.52524638176	
-0.948909044266	-0.0682869851589	0.308072209358	
-0.216572910547	-0.56911200285	-0.793226122856	
0.229243502021	-0.819427371025	0.525343835354	
-0.948801398277	-0.0676224827766	0.308550000191	
-0.217309266329	-0.569180071354	-0.792975902557	
0.229377672076	-0.818483173847	0.526755332947	
-0.949050009251	-0.0679298937321	0.307716697454	
-0.216078490019	-0.570500552654	-0.7923630476	
0.228662326932	-0.819770157337	0.525062263012	
-0.949210822582	-0.0680038183928	0.307204037905	
-0.216130465269	-0.568640768528	-0.793684601784	
0.947345077991	-0.113325558603	0.299490690231	
-0.195988237858	-0.94483935833	0.262425661087	
0.253231048584	-0.307304292917	-0.917299330235	
0.947260022163	-0.114259056747	0.299404919147	
-0.196685954928	-0.944900155067	0.261683553457	
0.253008037806	-0.306771099567	-0.917539358139	
0.947387397289	-0.11313469708	0.299428880215	
-0.195522114635	-0.945191979408	0.261501759291	
0.253432869911	-0.306288450956	-0.917583346367	
0.947498321533	-0.113237403333	0.299038738012	
-0.195845857263	-0.944771528244	0.262775808573	
0.252767235041	-0.307545155287	-0.917346537113	
0.947660684586	-0.112904593349	0.29864987731	
-0.195366293192	-0.94488877058	0.26271122694	
0.252529591322	-0.307307213545	-0.917491734028	
0.947218894958	-0.114651426673	0.299384981394	
-0.196934267879	-0.944985389709	0.261188566685	
0.252968788147	-0.306361913681	-0.917686879635	
0.947389006615	-0.11273996532	0.299572616816	
-0.195148125291	-0.945297300816	0.261400431395	
0.25371491909	-0.306108921766	-0.91756528616	
0.947182655334	-0.114483982325	0.299563765526	
-0.196977287531	-0.944825470448	0.261734217405	
0.25307109952	-0.306917369366	-0.917473018169	
-0.993907690048	-0.10649164021	-0.0284083560109	
0.0808026343584	-0.528750419617	-0.844922423363	
0.0749562457204	-0.842070400715	0.534133911133	
-0.993864834309	-0.10670979321	-0.0290812905878	
0.0815995335579	-0.52995800972	-0.844088852406	
0.0746606886387	-0.841283261776	0.535414099693	
-0.993815422058	-0.10764079541	-0.0272836983204	
0.0805984437466	-0.530205309391	-0.844029784203	
0.0763860717416	-0.841008782387	0.535601854324	
-0.993768632412	-0.107896246016	-0.0279686748981	
0.081178471446	-0.528662800789	-0.84494125843	
0.0763799920678	-0.841946601868	0.534127354622	
-0.993917882442	-0.106446832418	-0.0282185636461	
0.0806476920843	-0.529093563557	-0.844722390175	
0.0749877616763	-0.841860473156	0.534460246563	
-0.993877470493	-0.106953509152	-0.0277226101607	
0.0805873423815	-0.530070066452	-0.8441157341	
0.0755862146616	-0.841181695461	0.535443782806	
-0.993988215923	-0.105890497565	-0.0278311539441	
0.0800789967179	-0.529777526855	-0.844347774982	
0.0746640861034	-0.841500461102	0.535072207451	
-0.99384790659	-0.107205726206	-0.0278083346784	
0.0805756449699	-0.527619123459	-0.84565103054	
0.0759864225984	-0.842689156532	0.533011317253	
-0.986057162285	0.066157579422	0.152690753341	
0.0767901614308	0.994938254356	0.0648158565164	
-0.14762981236	0.0756372883916	-0.986146271229	
-0.98622661829	0.0648079887033	0.152174174786	
0.0755883082747	0.994942188263	0.0661544278264	
-0.147117167711	0.0767458453774	-0.986137211323	
-0.985895693302	0.0647085234523	0.154345229268	
0.075797945261	0.99486464262	0.0670745745301	
-0.149212315679	0.0778275877237	-0.98573756218	
-0.986006259918	0.0640504732728	0.153912842274	
0.0750227198005	0.994957566261	0.0665660500526	
-0.14887316525	0.0771815031767	-0.985839664936	
-0.985800087452	0.0657468214631	0.154517263174	
0.0764595717192	0.994988381863	0.0644363611937	
-0.149506390095	0.0753356963396	-0.985886573792	
-0.985773265362	0.0652044340968	0.154917731881	
0.0760625898838	0.994967579842	0.0652227848768	
-0.149885296822	0.07607832551	-0.985772013664	
-0.985875785351	0.0647554546595	0.154452905059	
0.0761105269194	0.994725048542	0.0687695071101	
-0.149184972048	0.0795536860824	-0.985603928566	
-0.986059963703	0.0653611719608	0.153015121818	
0.0761651173234	0.99491918087	0.0658385455608	
-0.147934392095	0.0765751674771	-0.986028254032	
-0.890018343925	-0.455102652311	-0.0273670367897	
-0.220142573118	0.376404672861	0.899920403957	
-0.399255096912	0.80697029829	-0.435194551945	
-0.890126168728	-0.454811692238	-0.028666600585	
-0.22157882154	0.376974463463	0.89932924509	
-0.398218870163	0.806868374348	-0.436331480742	
-0.889715731144	-0.455629557371	-0.0284195747226	
-0.221308335662	0.376028716564	0.899791657925	
-0.399285107851	0.806848227978	-0.43539327383	
-0.890333235264	-0.454463124275	-0.027749504894	
-0.220223650336	0.376491814852	0.899864137173	
-0.398507595062	0.807290017605	-0.435286700726	
-0.890913069248	-0.453315913677	-0.027902642265	
-0.220339238644	0.377681940794	0.89933693409	
-0.397145420313	0.807379126549	-0.436365067959	
-0.890397548676	-0.454397022724	-0.0267507769167	
-0.220393851399	0.378952383995	0.89878898859	
-0.39826977253	0.806175172329	-0.437564581633	
-0.89085829258	-0.453438282013	-0.0276635158807	
-0.21934980154	0.376026719809	0.900271952152	
-0.397815525532	0.808082699776	-0.434448093176	
-0.890756428242	-0.453593283892	-0.0283920560032	
-0.220392614603	0.376478582621	0.899828314781	
-0.397467076778	0.807785212994	-0.435319334269	
0.894463419914	-0.444306850433	0.0502656847239	
0.0344092771411	0.180478528142	0.982976853848	
-0.445815205574	-0.877507209778	0.176719710231	
0.894504487514	-0.444320827723	0.0494037978351	
0.0349367186427	0.179646000266	0.98311072588	
-0.445691764355	-0.877670943737	0.176217257977	
0.894537389278	-0.444381892681	0.0482451170683	
0.0366358272731	0.18045796454	0.98290014267	
-0.445489257574	-0.877473473549	0.177706688643	
0.894673466682	-0.444009363651	0.0491428077221	
0.035703741014	0.18072797358	0.982884883881	
-0.44529157877	-0.877606451511	0.177545323968	
0.894995093346	-0.443345427513	0.0492807403207	
0.0358123332262	0.181532621384	0.982732594013	
-0.444636076689	-0.877776026726	0.17834803462	
0.895154476166	-0.443112134933	0.0484776645899	
0.0354115329683	0.179100722075	0.983193218708	
-0.44434723258	-0.878393173218	0.176014095545	
0.894542217255	-0.444315195084	0.048767324537	
0.0359236821532	0.180214673281	0.982971072197	
-0.445537567139	-0.877557218075	0.177171081305	
0.895221710205	-0.442923784256	0.048955745995	
0.0360761024058	0.181534692645	0.982722580433	
-0.444158345461	-0.87798845768	0.178492754698	
0.192678570747	-0.376096576452	-0.906325697899	
0.685344278812	0.712601482868	-0.15000769496	
0.702266454697	-0.592241883278	0.395058691502	
0.192487478256	-0.376739025116	-0.906099498272	
0.685222566128	0.712570786476	-0.150708019733	
0.702437639236	-0.591870367527	0.395311027765	
0.19256837666	-0.37678077817	-0.906064927578	
0.685638427734	0.712224543095	-0.150453060865	
0.702009499073	-0.592260420322	0.395487308502	
0.192619264126	-0.375179052353	-0.906718552113	
0.684578418732	0.713390231133	-0.149755492806	
0.70302927494	-0.591874182224	0.394252210855	
0.192833468318	-0.375284612179	-0.906629323959	
0.684940934181	0.713097274303	-0.149493172765	
0.702617406845	-0.592160224915	0.39455679059	
0.192241758108	-0.375487625599	-0.906670928001	
0.686135709286	0.711972773075	-0.149373978376	
0.701613068581	-0.59338337183	0.394506365061	
0.192481890321	-0.377401083708	-0.905825138092	
0.684810042381	0.712806880474	-0.151464730501	
0.702841341496	-0.591163933277	0.395650476217	
0.192537635565	-0.374689698219	-0.906938195229	
0.685228407383	0.712911725044	-0.149060234427	
0.702418208122	-0.59276008606	0.394010365009	
-0.442735671997	0.865041792393	0.235982626677	
0.803676843643	0.266134947538	0.532236456871	
0.397603571415	0.42529386282	-0.813041508198	
-0.443393468857	0.864328682423	0.237356543541	
0.80284935236	0.265229225159	0.533934831619	
0.398541331291	0.42730474472	-0.811526596546	
-0.442925065756	0.864328563213	0.238229900599	
0.803938984871	0.26527145505	0.532271683216	
0.396862000227	0.427278757095	-0.812362849712	
-0.442923843861	0.864617884159	0.237180128694	
0.803456664085	0.265398383141	0.53293633461	
0.397839039564	0.426614135504	-0.812234222889	
-0.440883815289	0.865875899792	0.236390292645	
0.804291546345	0.264214366674	0.532264888287	
0.398417621851	0.424793690443	-0.812904477119	
-0.44247341156	0.864617228508	0.238021627069	
0.803655385971	0.264526128769	0.533070325851	
0.397938877344	0.427156805992	-0.81190007925	
-0.442145973444	0.864977240562	0.237321212888	
0.803893446922	0.264801204205	0.532574534416	
0.397821903229	0.426256656647	-0.812430262566	
-0.443370878696	0.864910125732	0.235271692276	
0.802865028381	0.26650428772	0.533275902271	
0.398534804583	0.425330430269	-0.81256633997	
-0.839354217052	-0.485075742006	0.245328292251	
0.521300196648	-0.846202671528	0.110395364463	
0.154047355056	0.220550507307	0.963133871555	
-0.838994026184	-0.484535187483	0.247617900372	
0.521389365196	-0.846063673496	0.111037760973	
0.155698806047	0.22226536274	0.962473869324	
-0.839631199837	-0.484540820122	0.245437607169	
0.520901679993	-0.846353530884	0.111117586493	
0.15388597548	0.221146658063	0.963023006916	
-0.839633643627	-0.484211027622	0.246079370379	
0.521009802818	-0.84604537487	0.112942576408	
0.153506278992	0.223040148616	0.962646842003	
-0.839002132416	-0.48554494977	0.245604410768	
0.521619975567	-0.846181035042	0.109042599797	
0.154880702496	0.219599142671	0.963217616081	
-0.839704096317	-0.483414411545	0.247401475906	
0.520360350609	-0.846573412418	0.111975602806	
0.155312895775	0.22276429832	0.962420880795	
-0.839314579964	-0.48530125618	0.24501773715	
0.521770179272	-0.845652759075	0.112371355295	
0.152665957808	0.222157865763	0.962984442711	
-0.840480923653	-0.483367145061	0.24484282732	
0.519732117653	-0.846947431564	0.112065315247	
0.153200298548	0.221441432834	0.963064551353	
-0.0172229371965	0.515948414803	0.856446504593	
0.598232746124	0.691652417183	-0.40464130044	
-0.801137328148	0.505385220051	-0.320569515228	
-0.0155257992446	0.516031980515	0.856428623199	
0.598833143711	0.690726578236	-0.405333995819	
-0.800723314285	0.506564736366	-0.319741129875	
-0.0169162321836	0.517013609409	0.855810046196	
0.598847031593	0.690669178963	-0.405411362648	
-0.80068475008	0.505641281605	-0.321295559406	
-0.0159067437053	0.516825973988	0.855942666531	
0.598841249943	0.690459489822	-0.405776917934	
-0.800709784031	0.506119191647	-0.320479661226	
-0.0156923290342	0.515611052513	0.856679022312	
0.598551094532	0.691153883934	-0.405022084713	
-0.800930917263	0.506410419941	-0.319465368986	
-0.0160395111889	0.515263676643	0.8568816185	
0.599064588547	0.691096842289	-0.404359698296	
-0.800540030003	0.506841659546	-0.319761067629	
-0.017289550975	0.516750812531	0.85596126318	
0.598380029202	0.691199839115	-0.405196368694	
-0.801025867462	0.505184471607	-0.321163922548	
-0.0166242495179	0.515336155891	0.856826841831	
0.598349750042	0.691689193249	-0.404405325651	
-0.801062583923	0.50595921278	-0.319850087166	
0.733572781086	0.666302859783	0.133833944798	
-0.679417073727	0.714299738407	0.16783426702	
0.0162308979779	-0.214047715068	0.976688325405	
0.733097136021	0.666573524475	0.135086387396	
-0.679956078529	0.713901042938	0.16734726727	
0.0151109416038	-0.21453461051	0.976599514484	
0.733295321465	0.666634678841	0.133701726794	
-0.679703354836	0.713907420635	0.168343558908	
0.0167730003595	-0.214323058724	0.976618826389	
0.732614398003	0.667323470116	0.133998289704	
-0.680429458618	0.713109016418	0.168793603778	
0.0170845538378	-0.214837014675	0.976500451565	
0.733795821667	0.665831744671	0.134951263666	
-0.679198503494	0.714527308941	0.167750000954	
0.0152669055387	-0.214752942324	0.976549088955	
0.732753157616	0.666990280151	0.134895384312	
-0.680327653885	0.713645756245	0.166925191879	
0.0150699559599	-0.214088022709	0.976698100567	
0.733048141003	0.666572511196	0.135357245803	
-0.679985642433	0.71346694231	0.169069305062	
0.0161240249872	-0.215976923704	0.976265311241	
0.732192993164	0.667646706104	0.134689554572	
-0.680922627449	0.713072180748	0.166950434446	
0.0154205365106	-0.213953092694	0.976722240448	
-0.21841442585	-0.961837291718	-0.16481551528	
-0.918576061726	0.25965282321	-0.297990709543	
0.329413414001	0.0863101035357	-0.940232634544	
-0.216950714588	-0.96209871769	-0.165222406387	
-0.91900986433	0.258370310068	-0.297767817974	
0.329170584679	0.0872400775552	-0.940231800079	
-0.217840224504	-0.962178349495	-0.163580268621	
-0.919185996056	0.258603274822	-0.297020971775	
0.328089535236	0.085657581687	-0.940755009651	
-0.216728463769	-0.962508022785	-0.163116753101	
-0.918867528439	0.257558107376	-0.298908501863	
0.329713881016	0.0851007029414	-0.940237522125	
-0.21721367538	-0.962237775326	-0.164063021541	
-0.918956279755	0.25825804472	-0.298030406237	
0.329146713018	0.0860304608941	-0.940351605415	
-0.217330336571	-0.961917877197	-0.16577540338	
-0.918829619884	0.258924871683	-0.297842234373	
0.329423159361	0.0875892043114	-0.94011092186	
-0.217106372118	-0.962476849556	-0.162797838449	
-0.918929696083	0.257777810097	-0.298527806997	
0.329291760921	0.0847874879837	-0.94041377306	
-0.217285558581	-0.962339162827	-0.163371860981	
-0.918848574162	0.258135467768	-0.298468470573	
0.329399973154	0.0852611064911	-0.940333008766	
0.116483159363	0.868773460388	0.481315255165	
0.922460615635	-0.27424415946	0.271765589714	
0.368100613356	0.412338256836	-0.833354115486	
0.116381667554	0.869362056255	0.480275839567	
0.921942353249	-0.274424791336	0.273337334394	
0.369428724051	0.410975188017	-0.833439767361	
0.115539841354	0.869630098343	0.479993790388	
0.922336757183	-0.27329942584	0.273134291172	
0.368707835674	0.411158025265	-0.833668768406	
0.11584533751	0.86946696043	0.480215698481	
0.92205375433	-0.273901373148	0.27348664403	
0.369319349527	0.41110253334	-0.833425402641	
0.116686709225	0.868916094303	0.481008321047	
0.922182679176	-0.274603098631	0.272345781326	
0.368732005358	0.411798417568	-0.833341956139	
0.115530759096	0.870028495789	0.479273468256	
0.921987771988	-0.273454636335	0.274155348539	
0.369582504034	0.410210877657	-0.833748042583	
0.116785816848	0.869455814362	0.480007946491	
0.922346413136	-0.274177163839	0.272220373154	
0.368290811777	0.410942137241	-0.833959519863	
0.116371110082	0.869819939137	0.479448735714	
0.922365486622	-0.273686528206	0.272649168968	
0.368374347687	0.410498470068	-0.834141075611	
0.91710537672	-0.0571020916104	-0.394534021616	
-0.0117360576987	-0.99312633276	0.116457358003	
-0.398472070694	-0.102173395455	-0.911471664906	
0.917067348957	-0.0569740012288	-0.394640862942	
-0.011089139618	-0.993000328541	0.117589741945	
-0.398578047752	-0.103461481631	-0.911280035973	
0.916983067989	-0.0572915263474	-0.394790679216	
-0.0114086549729	-0.992995142937	0.117603234947	
-0.398762911558	-0.103336147964	-0.911213338375	
0.916972875595	-0.0573666356504	-0.39480355382	
-0.0114313727245	-0.99297940731	0.117733567953	
-0.398785799742	-0.103445336223	-0.911190927029	
0.91737639904	-0.0565749332309	-0.393979519606	
-0.0108601311222	-0.993035852909	0.117310941219	
-0.397872656584	-0.103339612484	-0.911602020264	
0.917428672314	-0.0578192584217	-0.393676936626	
-0.0125990584493	-0.993111133575	0.116497069597	
-0.397700697184	-0.101917795837	-0.911837100983	
0.916645467281	-0.0571255348623	-0.39559802413	
-0.0108278682455	-0.992919921875	0.118291206658	
-0.39955458045	-0.104147613049	-0.910774052143	
0.917100250721	-0.0574021264911	-0.394502401352	
-0.0114470375702	-0.992963016033	0.117870278656	
-0.398492306471	-0.103582978249	-0.911303699017	
0.815891683102	-0.566817641258	0.114186622202	
0.128548175097	-0.014723229222	-0.991593956947	
0.56373411417	0.823711752892	0.0608508102596	
0.816162765026	-0.566652476788	0.113063298166	
0.127225890756	-0.0146390851587	-0.991765737534	
0.563641667366	0.823826849461	0.0601449906826	
0.815632164478	-0.567144215107	0.114418819547	
0.128100976348	-0.0158309135586	-0.991634786129	
0.564211249352	0.823466360569	0.0597395226359	
0.815884709358	-0.566952586174	0.11356446892	
0.127662166953	-0.0149304773659	-0.991705298424	
0.56394547224	0.823615133762	0.0601968467236	
0.816466808319	-0.56600189209	0.114121817052	
0.128461837769	-0.0146273644641	-0.991606593132	
0.562920451164	0.82427418232	0.0607668794692	
0.816940486431	-0.565690815449	0.112259157002	
0.127209499478	-0.0131075764075	-0.991789281368	
0.562517523766	0.82451325655	0.0612531378865	
0.81587177515	-0.566843926907	0.114198081195	
0.128040835261	-0.0154881887138	-0.991647958755	
0.563878297806	0.823679625988	0.0599427931011	
0.817177653313	-0.565256655216	0.112719014287	
0.127142906189	-0.0139667605981	-0.991786062717	
0.562187969685	0.82479685545	0.0604550465941	
0.210064843297	0.976234316826	-0.0532855354249	
-0.661137878895	0.101689219475	-0.743341088295	
-0.720256507397	0.191378906369	0.666786849499	
0.209228903055	0.976395368576	-0.0536219216883	
-0.661718547344	0.100997939706	-0.742918550968	
-0.7199665308	0.190922662616	0.667230606079	
0.210695177317	0.97610193491	-0.0532216802239	
-0.660280823708	0.101954035461	-0.744066238403	
-0.720858335495	0.191912427545	0.665982604027	
0.210018590093	0.976215839386	-0.0538039170206	
-0.661337673664	0.101315051317	-0.743214488029	
-0.720086574554	0.191671416163	0.666886329651	
0.208894267678	0.976561486721	-0.0518730282784	
-0.660505592823	0.10177334398	-0.743891477585	
-0.721176505089	0.189657092094	0.666284203529	
0.209233224392	0.976334393024	-0.0547048561275	
-0.660332918167	0.0998081862926	-0.74431091547	
-0.721236348152	0.191857993603	0.665588915348	
0.208039745688	0.976692855358	-0.0528258271515	
-0.660452127457	0.100432254374	-0.744121193886	
-0.72147244215	0.189695715904	0.6659527421	
0.210804104805	0.976080179214	-0.0531889870763	
-0.660842716694	0.102205343544	-0.743532717228	
-0.720311403275	0.191889315844	0.666580796242	
-0.505396723747	-0.845855593681	0.17059443891	
0.34421890974	-0.0163409318775	0.938747227192	
-0.791256904602	0.533161640167	0.299418151379	
-0.504978716373	-0.845968723297	0.171269997954	
0.343092113733	-0.0146572776139	0.939187407494	
-0.792012810707	0.533031046391	0.297646790743	
-0.505592703819	-0.845755159855	0.17051166296	
0.34500348568	-0.0170441288501	0.938446640968	
-0.790789842606	0.533298909664	0.300405859947	
-0.505485653877	-0.845515608788	0.172010496259	
0.344560325146	-0.0150366630405	0.938643753529	
-0.791051447392	0.533738970757	0.298931956291	
-0.505845367908	-0.845341265202	0.171809822321	
0.343378156424	-0.0146124018356	0.939083576202	
-0.791335523129	0.534026801586	0.297663331032	
-0.505405247211	-0.845527350903	0.172189041972	
0.34399703145	-0.0144247319549	0.938859939575	
-0.791347980499	0.533737242222	0.298149228096	
-0.506371438503	-0.845237374306	0.170768171549	
0.344979435205	-0.0170715302229	0.938454985619	
-0.790301918983	0.534118294716	0.300234049559	
-0.505454897881	-0.845338582993	0.172968134284	
0.344776242971	-0.0141063202173	0.938578903675	
-0.79097700119	0.534044623375	0.298582792282	
-0.299531251192	-0.176432713866	0.937631309032	
0.864001393318	-0.467020571232	0.188131213188	
0.404700636864	0.866465985775	0.292325377464	
-0.299827128649	-0.177166730165	0.937398314476	
0.863633394241	-0.467827916145	0.187814682722	
0.405266612768	0.865880489349	0.293274611235	
-0.298395901918	-0.17599542439	0.938075423241	
0.864018321037	-0.467382699251	0.187151610851	
0.405502408743	0.866359651089	0.291528373957	
-0.298996001482	-0.176705226302	0.93775087595	
0.863524615765	-0.468322426081	0.187081038952	
0.40611153841	0.865707457066	0.292615860701	
-0.29830750823	-0.176099702716	0.938083946705	
0.863892972469	-0.46770888567	0.186915427446	
0.405834466219	0.866162419319	0.291652351618	
-0.298715651035	-0.176407232881	0.937896311283	
0.863910794258	-0.467558354139	0.187209382653	
0.405496180058	0.866181075573	0.292067110538	
-0.298234075308	-0.175500318408	0.938219606876	
0.864083528519	-0.467213660479	0.187272772193	
0.405482590199	0.866551220417	0.290985941887	
-0.29878500104	-0.176700666547	0.937818944454	
0.864149034023	-0.467078059912	0.187308818102	
0.404937058687	0.866380393505	0.292251616716	
0.160999774933	0.642512619495	-0.749170660973	
0.747733294964	-0.574853897095	-0.332322120667	
-0.6441847682	-0.506676018238	-0.572979390621	
0.161645010114	0.64317291975	-0.74846470356	
0.747519314289	-0.574953913689	-0.33263027668	
-0.644271492958	-0.505723834038	-0.573722600937	
0.160579517484	0.641958475113	-0.7497356534	
0.747247159481	-0.575335323811	-0.332582265139	
-0.644853413105	-0.506831943989	-0.57208865881	
0.161811769009	0.642076849937	-0.749369263649	
0.747026026249	-0.575885593891	-0.332126259804	
-0.644801557064	-0.506056427956	-0.572833180428	
0.16012597084	0.641559541225	-0.750174045563	
0.748012363911	-0.574751377106	-0.331871002913	
-0.644078552723	-0.507998287678	-0.571927070618	
0.161668151617	0.642466068268	-0.749066591263	
0.748246312141	-0.57470369339	-0.331425875425	
-0.6434212327	-0.506905257702	-0.573634147644	
0.159672692418	0.641210317612	-0.750569045544	
0.748087584972	-0.574688255787	-0.331810742617	
-0.644103705883	-0.508510291576	-0.571443557739	
0.160840302706	0.641818225384	-0.749799847603	
0.747470498085	-0.575312793255	-0.332119077444	
-0.644529521465	-0.507035076618	-0.572273671627	
-0.222870215774	-0.909977197647	-0.349671751261	
0.427974194288	-0.413611352444	0.803594231606	
-0.875880658627	0.0294467266649	0.481628417969	
-0.222279444337	-0.909843802452	-0.350394189358	
0.428921878338	-0.413993269205	0.802892029285	
-0.875567138195	0.0281746536493	0.482274115086	
-0.222561076283	-0.909720182419	-0.35053640604	
0.426229029894	-0.414166718721	0.804235517979	
-0.876809775829	0.0295827351511	0.479926556349	
-0.222153350711	-0.909813582897	-0.350552588701	
0.426885098219	-0.414005547762	0.803970456123	
-0.876593947411	0.0289590544999	0.480358600616	
-0.221590071917	-0.910410284996	-0.349357992411	
0.427322387695	-0.412691652775	0.804413557053	
-0.87652349472	0.0289615765214	0.480487048626	
-0.222003430128	-0.909876823425	-0.350483417511	
0.427321314812	-0.413886159658	0.803800165653	
-0.876419425011	0.0286773573607	0.480693906546	
-0.221962168813	-0.909924924374	-0.350384771824	
0.425545066595	-0.413720041513	0.804827392101	
-0.87729370594	0.0295367259532	0.479044228792	
-0.222988843918	-0.909621119499	-0.350521683693	
0.425721734762	-0.414343357086	0.804413199425	
-0.876947522163	0.0301504787058	0.479639410973	
0.948343753815	-0.011378377676	-0.317040473223	
0.185594514012	0.830395460129	0.525355160236	
0.257291287184	-0.557058274746	0.789612114429	
0.948496162891	-0.0134937763214	-0.316501051188	
0.186999946833	0.830301225185	0.525005638599	
0.255706906319	-0.55715149641	0.7900608778	
0.948968708515	-0.012586504221	-0.315119057894	
0.185307130218	0.830771148205	0.524862468243	
0.255185633898	-0.556471824646	0.790708184242	
0.948869526386	-0.0135882915929	-0.315375953913	
0.186312243342	0.830605387688	0.524768948555	
0.254822254181	-0.556695640087	0.790667831898	
0.948812067509	-0.0124913770705	-0.315594017506	
0.185628518462	0.830480456352	0.525208771229	
0.255534082651	-0.556907653809	0.790288686752	
0.948541820049	-0.0134619697928	-0.316365540028	
0.186739042401	0.830651760101	0.524543821812	
0.255728185177	-0.556629538536	0.790421843529	
0.949133992195	-0.0141621911898	-0.314553767443	
0.186324268579	0.83057063818	0.524819672108	
0.253826528788	-0.556733191013	0.790961623192	
0.948881864548	-0.0138528281823	-0.31532728672	
0.186484143138	0.83062505722	0.524676799774	
0.254650503397	-0.556659817696	0.790748357773	
-0.0834114775062	-0.0282825734466	0.996113777161	
-0.844711482525	0.532324135303	-0.0556192845106	
-0.528682351112	-0.846068024635	-0.0682925581932	
-0.0847974717617	-0.0280881822109	0.99600225687	
-0.846983909607	0.52853178978	-0.0572052896023	
-0.524812042713	-0.848448693752	-0.0686083957553	
-0.0837579444051	-0.0275258403271	0.996105909348	
-0.845122933388	0.531591296196	-0.0563727803528	
-0.527969539165	-0.846553623676	-0.0677877143025	
-0.08315525949	-0.0270946249366	0.996168196201	
-0.846440792084	0.529502987862	-0.0562548749149	
-0.525949835777	-0.84787529707	-0.0669649541378	
-0.0825110152364	-0.0275677554309	0.996208786964	
-0.845095992088	0.531748890877	-0.0552801862359	
-0.528208971024	-0.846453309059	-0.0671725422144	
-0.0827183201909	-0.0261432286352	0.996230006218	
-0.846571147442	0.529278755188	-0.0564025230706	
-0.525808870792	-0.848045110703	-0.0659131556749	
-0.0838800519705	-0.0275768507272	0.996094226837	
-0.845485091209	0.531001925468	-0.05649664253	
-0.527369916439	-0.846921741962	-0.0678562894464	
-0.0842896699905	-0.0274654459208	0.99606269598	
-0.845961034298	0.53019297123	-0.0569680891931	
-0.52654081583	-0.847432017326	-0.0679244846106	
0.923673033714	-0.104601174593	-0.368628174067	
-0.10560605675	0.855270028114	-0.507307171822	
0.368341565132	0.507515311241	0.778943359852	
0.92355966568	-0.106711171567	-0.368307381868	
-0.104312442243	0.854358077049	-0.509108185768	
0.368993908167	0.508610844612	0.777919352055	
0.922591984272	-0.105168454349	-0.371165245771	
-0.106247641146	0.855645060539	-0.506540179253	
0.370857775211	0.506765305996	0.778237402439	
0.922969043255	-0.10500484705	-0.370273083448	
-0.105992123485	0.85551315546	-0.506816387177	
0.36999168992	0.507021903992	0.778482496738	
0.922735512257	-0.106341578066	-0.370473474264	
-0.105663657188	0.854570031166	-0.508473455906	
0.370667397976	0.508332133293	0.777305662632	
0.922990083694	-0.107785888016	-0.369420439005	
-0.10389675945	0.854526996613	-0.508909702301	
0.370533019304	0.50810021162	0.777521371841	
0.923180699348	-0.105991221964	-0.369463533163	
-0.104690663517	0.855547189713	-0.507029414177	
0.369834154844	0.506759166718	0.778728365898	
0.923801064491	-0.106944665313	-0.367633521557	
-0.103435650468	0.85478335619	-0.508572995663	
0.368636190891	0.507846653461	0.77858787775	
-0.961335062981	0.261827856302	-0.0853292495012	
-0.266914874315	-0.96216237545	0.0547724179924	
-0.067759655416	0.0754302889109	0.99484616518	
-0.961424648762	0.261282771826	-0.0859883353114	
-0.266285449266	-0.96244519949	0.0528332106769	
-0.068954654038	0.0736925899982	0.994894266129	
-0.961810648441	0.260463058949	-0.0841385573149	
-0.265336751938	-0.962700247765	0.0529585368931	
-0.0672064721584	0.0732611343265	0.995045781136	
-0.961396038532	0.261450886726	-0.0857970193028	
-0.266428411007	-0.962414443493	0.0526719912887	
-0.0688011497259	0.0734974071383	0.994919359684	
-0.96148365736	0.261518657207	-0.084600277245	
-0.266583263874	-0.962226212025	0.0552640892565	
-0.0669520124793	0.0756885334849	0.994881212711	
-0.961712181568	0.260249257088	-0.0859070643783	
-0.265324145555	-0.962646961212	0.0539807602763	
-0.0686497241259	0.074707172811	0.994839727879	
-0.961346268654	0.26123264432	-0.0870104879141	
-0.266410708427	-0.962331533432	0.0542524978518	
-0.0695604160428	0.0753359645605	0.994729042053	
-0.961429357529	0.260831236839	-0.0872963741422	
-0.265926003456	-0.962548136711	0.0527680963278	
-0.0702633932233	0.0739471688867	0.994783818722	
0.207343250513	0.244397625327	0.947247922421	
-0.159465178847	-0.946895718575	0.279212117195	
0.965183734894	-0.208945795894	-0.157359525561	
0.206232845783	0.244396924973	0.94749045372	
-0.159140452743	-0.947036743164	0.278918743134	
0.965475201607	-0.208306267858	-0.156416639686	
0.205495178699	0.242802977562	0.948060333729	
-0.16053161025	-0.947250545025	0.277391344309	
0.965402185917	-0.20919623971	-0.155677884817	
0.206417575479	0.243541926146	0.947670340538	
-0.159045234323	-0.947296917439	0.278088510036	
0.965451419353	-0.208124816418	-0.156804546714	
0.206326752901	0.244638457894	0.947407662868	
-0.160064205527	-0.946759819984	0.279330015182	
0.965302407742	-0.209279313684	-0.156184017658	
0.206165343523	0.244347646832	0.947517871857	
-0.161094114184	-0.946632087231	0.279170840979	
0.965165555477	-0.210194900632	-0.155799761415	
0.207232654095	0.243503883481	0.94750225544	
-0.159778147936	-0.947097957134	0.278345823288	
0.965155720711	-0.209072500467	-0.157363027334	
0.206205874681	0.243177890778	0.947809934616	
-0.160560443997	-0.947089374065	0.277924597263	
0.965245842934	-0.209490463138	-0.15625064075	
-0.338821142912	0.837569952011	0.428575307131	
-0.242402598262	-0.517852604389	0.82040822506	
0.909088134766	0.174083888531	0.378488540649	
-0.338012993336	0.837738573551	0.42888379097	
-0.242462158203	-0.517836809158	0.820400595665	
0.909373044968	0.173317968845	0.378155469894	
-0.338063210249	0.837634265423	0.429047942162	
-0.242017194629	-0.517933189869	0.820471167564	
0.909472882748	0.17353412509	0.377816051245	
-0.337291240692	0.838213980198	0.428523004055	
-0.242676734924	-0.517230629921	0.820719480515	
0.909583747387	0.172828957438	0.377872377634	
-0.337787300348	0.838170707226	0.428216814995	
-0.243307039142	-0.51725268364	0.82051897049	
0.909231245518	0.172972708941	0.37865421176	
-0.337985634804	0.837899327278	0.428591221571	
-0.242536842823	-0.517553389072	0.820557355881	
0.909363269806	0.173387438059	0.378147065639	
-0.33787381649	0.837939500809	0.428600847721	
-0.243381336331	-0.517678022385	0.820228636265	
0.909179210663	0.172820329666	0.378848701715	
-0.337560474873	0.837916254997	0.428893059492	
-0.242806985974	-0.517727255821	0.820367753506	
0.909449100494	0.172785520554	0.378216177225	
0.639848828316	0.190439268947	-0.744530916214	
0.490485936403	-0.847025990486	0.204867020249	
-0.5916223526	-0.496265888214	-0.635376393795	
0.638996243477	0.191054672003	-0.745105326176	
0.491970568895	-0.846145093441	0.204947382212	
-0.59131103754	-0.49753049016	-0.634676814079	
0.639726877213	0.190535500646	-0.744611144066	
0.490865379572	-0.846762239933	0.205048620701	
-0.591439545155	-0.496678948402	-0.635223805904	
0.639916598797	0.191078320146	-0.744308948517	
0.490790367126	-0.846930682659	0.204531744123	
-0.591296494007	-0.496182918549	-0.635744392872	
0.639925420284	0.190873458982	-0.744353950024	
0.491296499968	-0.846446990967	0.205317437649	
-0.5908665061	-0.497086346149	-0.635438382626	
0.640267729759	0.191165193915	-0.74398458004	
0.491550594568	-0.846234023571	0.205586925149	
-0.590283989906	-0.497336745262	-0.635783731937	
0.639358401299	0.191382229328	-0.744710445404	
0.491586446762	-0.846474409103	0.204508692026	
-0.59123903513	-0.496843934059	-0.635281443596	
0.6392993927	0.190262824297	-0.745047867298	
0.491311520338	-0.846411168575	0.205429181457	
-0.591531276703	-0.497381359339	-0.634588420391	
-0.329084992409	0.812764286995	-0.480746597052	
0.0876627117395	0.533199667931	0.841435313225	
0.940222501755	0.234760180116	-0.246717140079	
-0.328702449799	0.812549769878	-0.481370508671	
0.0869457796216	0.533562898636	0.841279447079	
0.940422832966	0.234677478671	-0.246031209826	
-0.327705383301	0.813165485859	-0.481010466814	
0.0866997465491	0.532859325409	0.841750621796	
0.940793454647	0.234142705798	-0.245122119784	
-0.327603489161	0.812651634216	-0.481947392225	
0.087178312242	0.533920526505	0.84102845192	
0.940784752369	0.233508482575	-0.245759814978	
-0.327599674463	0.812673032284	-0.481913924217	
0.085941657424	0.533577442169	0.841373383999	
0.940899848938	0.234217166901	-0.244642272592	
-0.326463967562	0.812316179276	-0.483284264803	
0.0854133665562	0.53455966711	0.84080350399	
0.941342592239	0.233213096857	-0.243897125125	
-0.327967107296	0.81205278635	-0.482708871365	
0.0871570184827	0.534801721573	0.840470552444	
0.940659999847	0.233575224876	-0.246173471212	
-0.327218443155	0.812669336796	-0.482179105282	
0.0872349366546	0.534070253372	0.840927481651	
0.940913498402	0.233104109764	-0.245650798082	
0.763868689537	0.503956735134	-0.403152883053	
-0.262052923441	-0.328663498163	-0.907363533974	
-0.589773595333	0.798753976822	-0.11899240315	
0.764537513256	0.503018915653	-0.403056293726	
-0.262015670538	-0.328783899546	-0.90733063221	
-0.588922917843	0.79929536581	-0.119568787515	
0.764099121094	0.502940475941	-0.40398439765	
-0.26353225112	-0.328239381313	-0.907088577747	
-0.588815152645	0.799568474293	-0.118266366422	
0.763888955116	0.503140985966	-0.404132157564	
