-0.505640745163	-0.0839441120625	0.858650565147	
-0.820349574089	0.354930400848	-0.448387086391	
-0.267121732235	-0.931116402149	-0.248330786824	
-0.485241383314	-0.110544487834	0.867364227772	
-0.826636612415	0.381302684546	-0.413860052824	
-0.284978359938	-0.917817056179	-0.276403963566	
-0.53019374609	-0.107287339866	0.841061234474	
-0.807928979397	0.364821076393	-0.462770313025	
-0.257187455893	-0.924875676632	-0.280106395483	
-0.532033085823	-0.102559499443	0.840489327908	
-0.793421983719	0.407011061907	-0.452574342489	
-0.295672655106	-0.907647252083	-0.297916322947	
-0.436830997467	-0.0299474820495	0.899044930935	
-0.832033753395	0.393327057362	-0.391169548035	
-0.341904163361	-0.918910741806	-0.196734786034	
-0.46793666482	-0.086646258831	0.879504263401	
-0.81236076355	0.434047311544	-0.389452129602	
-0.348001867533	-0.896713674068	-0.273494660854	
-0.523257613182	-0.0854671373963	0.847877860069	
-0.790524482727	0.420236557722	-0.445502281189	
-0.318233460188	-0.903380632401	-0.2874558568	
-0.494521796703	-0.10588349402	0.862691640854	
-0.809827506542	0.416577249765	-0.413089305162	
-0.315638393164	-0.902913093567	-0.29175388813	
-0.223380535841	0.686275303364	-0.692190229893	
-0.857426404953	0.199402555823	0.474403440952	
0.463595867157	0.69947463274	0.543887913227	
-0.204490691423	0.69872713089	-0.685539186001	
-0.83348095417	0.242967635393	0.496262222528	
0.513315677643	0.672864854336	0.532691180706	
-0.155114278197	0.679436206818	-0.717151284218	
-0.879204511642	0.236088484526	0.41383767128	
0.450487464666	0.694714784622	0.560742676258	
-0.145383194089	0.686264336109	-0.712674498558	
-0.868259370327	0.256844580173	0.42444846034	
0.474330455065	0.680494010448	0.558514595032	
-0.189257532358	0.69362539053	-0.695029079914	
-0.856956124306	0.228887394071	0.461775660515	
0.47938272357	0.683003902435	0.551087856293	
-0.184277951717	0.699904322624	-0.690054774284	
-0.858899891376	0.226655513048	0.459258407354	
0.477841645479	0.677319169044	0.559380114079	
-0.200125724077	0.684448480606	-0.701056361198	
-0.860707640648	0.219052314758	0.459563285112	
0.468115419149	0.695374965668	0.545272052288	
-0.20933483541	0.693170428276	-0.689705491066	
-0.848545670509	0.221753120422	0.480412125587	
0.485951840878	0.685813605785	0.541766107082	
0.818912446499	0.227579519153	0.526868104935	
0.193269565701	0.755046129227	-0.626539885998	
-0.54039734602	0.614908874035	0.574332475662	
0.800518810749	0.334393233061	0.497343719006	
0.125852957368	0.717561662197	-0.685030162334	
-0.585944235325	0.610971689224	0.532337248325	
0.764760077	0.263890534639	0.587795734406	
0.239680424333	0.730294942856	-0.639705121517	
-0.598076343536	0.630104064941	0.495250999928	
0.760610997677	0.259871870279	0.594926476479	
0.245879471302	0.732808530331	-0.634456455708	
-0.600844562054	0.628854751587	0.493485033512	
0.778540253639	0.29319563508	0.554897665977	
0.164239734411	0.758169770241	-0.631034016609	
-0.605723083019	0.582421600819	0.54211127758	
0.794690132141	0.305243939161	0.524684429169	
0.203348219395	0.680553019047	-0.703915536404	
-0.571941494942	0.666088342667	0.478757977486	
0.791955411434	0.299088507891	0.53230881691	
0.155233368278	0.744535028934	-0.649284362793	
-0.590516030788	0.596836328506	0.543210029602	
0.789593577385	0.277749627829	0.547171890736	
0.213727295399	0.711380183697	-0.669521391392	
-0.575206577778	0.645595371723	0.502338528633	
0.924350559711	0.072533480823	-0.374586433172	
-0.208543553948	0.918183922768	-0.336820185184	
0.319508492947	0.38945749402	0.863850176334	
0.936055064201	0.0534361563623	-0.347772240639	
-0.17888571322	0.923401892185	-0.339601069689	
0.302986562252	0.380096793175	0.873913943768	
0.964514970779	0.0582682080567	-0.257518261671	
-0.143108323216	0.935019373894	-0.324436098337	
0.221880242229	0.349776506424	0.91017884016	
0.975249767303	0.0518151000142	-0.214948996902	
-0.13075722754	0.919095695019	-0.371706426144	
0.178298681974	0.390612751245	0.90312308073	
0.94980430603	0.00713052647188	-0.312763333321	
-0.136298641562	0.909301817417	-0.393183082342	
0.2815926373	0.416076183319	0.864630639553	
0.956144094467	0.0524229854345	-0.288167178631	
-0.164946690202	0.909380733967	-0.381862908602	
0.242035269737	0.412648171186	0.878145992756	
0.956175267696	0.0439728796482	-0.289474129677	
-0.151086524129	0.920964956284	-0.3591606915	
0.250802189112	0.387156188488	0.887247622013	
0.963302016258	0.0597643554211	-0.261681944132	
-0.159441292286	0.911673545837	-0.378721356392	
0.215934470296	0.406545966864	0.887745857239	
-0.653042316437	0.283840805292	-0.702118337154	
0.707129180431	-0.103362895548	-0.699488699436	
-0.271116405725	-0.953284084797	-0.133211761713	
-0.689152121544	0.264911860228	-0.674456119537	
0.691449642181	-0.0379619151354	-0.721426606178	
-0.216718107462	-0.963525116444	-0.157011672854	
-0.537061870098	0.263825297356	-0.801224529743	
0.80987483263	-0.104401871562	-0.57723736763	
-0.235939174891	-0.95890378952	-0.157595202327	
-0.529480695724	0.277846872807	-0.801530599594	
0.828315138817	-0.0346608534455	-0.559189260006	
-0.183150738478	-0.959999859333	-0.211792528629	
-0.627831935883	0.214768156409	-0.748132169247	
0.74507445097	-0.112202107906	-0.657476007938	
-0.225146919489	-0.970198631287	-0.0895742028952	
-0.645130336285	0.265798360109	-0.716350495815	
0.727837145329	-0.0715161338449	-0.682010650635	
-0.232507944107	-0.961372315884	-0.147320687771	
-0.596104681492	0.243448197842	-0.765109300613	
0.765312373638	-0.115894943476	-0.633139252663	
-0.242808908224	-0.962964892387	-0.117228411138	
-0.593209326267	0.290597498417	-0.750770151615	
0.770777702332	-0.0641869679093	-0.633862555027	
-0.232388526201	-0.954690098763	-0.185909762979	
0.542192995548	0.576064169407	-0.611699998379	
-0.765665948391	0.638578355312	-0.0772872343659	
0.346095979214	0.510262429714	0.787305414677	
0.561258614063	0.548418343067	-0.619859695435	
-0.741110742092	0.666426479816	-0.0814285129309	
0.368434041739	0.505087137222	0.780476331711	
0.5089417696	0.589063286781	-0.627680420876	
-0.762022912502	0.647469162941	-0.0102360518649	
0.400374054909	0.483516424894	0.778403818607	
0.567086100578	0.561570525169	-0.602537870407	
-0.74082416296	0.667483508587	-0.0751355588436	
0.359990179539	0.488982945681	0.794545650482	
0.554240524769	0.558834552765	-0.616864144802	
-0.726575136185	0.68638753891	-0.0309959352016	
0.406086266041	0.465377360582	0.786459088326	
0.52230900526	0.587265312672	-0.618314445019	
-0.757777154446	0.652185559273	-0.0206818412989	
0.391110002995	0.479346871376	0.785658657551	
0.54998755455	0.557162702084	-0.622160255909	
-0.730163931847	0.682408213615	-0.0343459174037	
0.405431002378	0.473168849945	0.782136142254	
0.511473417282	0.535422384739	-0.672099590302	
-0.782270252705	0.613795757294	-0.106339074671	
0.355595558882	0.580153107643	0.732785224915	
0.251631587744	-0.763990998268	0.594137489796	
-0.952434360981	-0.0864397808909	0.292227566242	
-0.171902120113	-0.639410614967	-0.749402225018	
0.234203651547	-0.780776202679	0.579255700111	
-0.952563643456	-0.0651846304536	0.29727679491	
-0.194348081946	-0.621401190758	-0.759005486965	
0.187799677253	-0.787461459637	0.587056815624	
-0.969582915306	-0.0531082563102	0.238931983709	
-0.156972169876	-0.61407160759	-0.773482918739	
0.191367596388	-0.792329549789	0.579303324223	
-0.962374806404	-0.035468429327	0.269400596619	
-0.192907080054	-0.609061479568	-0.76930552721	
0.302876293659	-0.768077194691	0.56420147419	
-0.936105132103	-0.128688424826	0.327332347631	
-0.178810328245	-0.627293109894	-0.757977724075	
0.282814413309	-0.778942942619	0.559699833393	
-0.936103641987	-0.0969359576702	0.338102698326	
-0.209107652307	-0.619557380676	-0.756586194038	
0.262129276991	-0.711795687675	0.651640295982	
-0.953689515591	-0.0878421515226	0.287680596113	
-0.147528320551	-0.696871995926	-0.701858103275	
0.223740801215	-0.792974591255	0.566684544086	
-0.956255972385	-0.0661791190505	0.284947097301	
-0.188453108072	-0.605649769306	-0.773093640804	
0.947151124477	-0.0853927209973	0.309213280678	
-0.18250964582	-0.936151742935	0.300516426563	
0.263808637857	-0.341068893671	-0.902262151241	
0.941766500473	-0.120178535581	0.314058810472	
-0.211203143001	-0.93815356493	0.274337530136	
0.261665910482	-0.324692100286	-0.908903717995	
0.947613894939	-0.0689036771655	0.311897754669	
-0.161476373672	-0.945832312107	0.281649768353	
0.275596290827	-0.317259341478	-0.907410144806	
0.950775563717	-0.0584468320012	0.304318606853	
-0.158746361732	-0.935268700123	0.316341727972	
0.26613047719	-0.349079430103	-0.89850884676	
0.959268212318	-0.0533166266978	0.277419865131	
-0.140554532409	-0.941927909851	0.304985642433	
0.245048701763	-0.331555664539	-0.911055445671	
0.944216966629	-0.123054355383	0.305469959974	
-0.2108951509	-0.938356757164	0.273879289627	
0.252937763929	-0.323023617268	-0.911963939667	
0.946064889431	-0.0501654036343	0.320069819689	
-0.14962375164	-0.943923294544	0.294315427542	
0.28735691309	-0.326331555843	-0.900518596172	
0.932518422604	-0.128121763468	0.337630331516	
-0.227715745568	-0.934260845184	0.274412453175	
0.280276596546	-0.332778394222	-0.900390803814	
-0.995014846325	-0.0792826786637	-0.0604954622686	
0.0943661108613	-0.552306234837	-0.828283071518	
0.0322564840317	-0.829862713814	0.557034492493	
-0.993198871613	-0.0917639359832	-0.0716611817479	
0.112498819828	-0.597769975662	-0.793734908104	
0.0299993418157	-0.796398460865	0.604027807713	
-0.993212044239	-0.114603869617	-0.0198940634727	
0.0834207683802	-0.58262604475	-0.808447778225	
0.0810604467988	-0.804619669914	0.588231563568	
-0.993261754513	-0.115756481886	-0.00561178708449	
0.0659747198224	-0.524966001511	-0.848562300205	
0.0952805876732	-0.84321475029	0.529065668583	
-0.996428906918	-0.073358386755	-0.041809219867	
0.0757485553622	-0.557865083218	-0.826467633247	
0.0373044237494	-0.826683223248	0.561429679394	
-0.993823230267	-0.105009324849	-0.0358942225575	
0.0898772329092	-0.571895539761	-0.815387964249	
0.0650955960155	-0.813577592373	0.577801048756	
-0.997405409813	-0.0522629506886	-0.0495078340173	
0.0707568973303	-0.585005402565	-0.807936966419	
0.0132628213614	-0.809343755245	0.587185502052	
-0.991853356361	-0.126362159848	-0.016108289361	
0.0730719193816	-0.460811167955	-0.884484946728	
0.104342542589	-0.878456413746	0.46629062295	
-0.993003427982	0.0346554517746	0.112885639071	
0.0274150408804	0.997503876686	-0.065072208643	
-0.114858977497	-0.0615221634507	-0.991474866867	
-0.99222111702	-0.0212295055389	0.122664250433	
-0.0211542416364	0.99977439642	0.00191603938583	
-0.122677251697	-0.000693734386005	-0.992446362972	
-0.979027450085	-0.0110035091639	0.203431084752	
0.00397610897198	0.997318148613	0.0730798766017	
-0.203689649701	0.0723560675979	-0.976358115673	
-0.981844484806	-0.0310351550579	0.1871317029	
-0.0197934824973	0.997901797295	0.0616459697485	
-0.18865224719	0.0568227656186	-0.980398654938	
-0.98651355505	0.0261290073395	0.161580711603	
0.0190455596894	0.998794913292	-0.0452332310379	
-0.162567898631	-0.0415457971394	-0.985822319984	
-0.980977475643	0.00742154708132	0.193979546428	
0.00586224254221	0.999945759773	-0.00861130282283	
-0.194032922387	-0.00731033924967	-0.980967760086	
-0.980915725231	-0.0392864719033	0.190423116088	
-0.0168661195785	0.992875099182	0.117960043252	
-0.19370059669	0.112497158349	-0.974589407444	
-0.989533603191	-0.0188716966659	0.143063187599	
-0.0136911487207	0.999217391014	0.0371100008488	
-0.143651559949	0.0347628928721	-0.989017605782	
-0.846826851368	-0.529726028442	-0.0476935245097	
-0.2593793571	0.33302745223	0.906540155411	
-0.464334666729	0.780053257942	-0.419416576624	
-0.859691977501	-0.505708038807	-0.0720352977514	
-0.284049481153	0.356067478657	0.890242576599	
-0.424553394318	0.785795986652	-0.449754446745	
-0.840086758137	-0.533516347408	-0.0980537459254	
-0.309891849756	0.323658913374	0.893986523151	
-0.445220440626	0.781412303448	-0.437233954668	
-0.852520227432	-0.517884194851	-0.0707473158836	
-0.276297360659	0.33160161972	0.902053296566	
-0.443699240685	0.788565993309	-0.425787121058	
-0.886831581593	-0.458012580872	-0.0612714886665	
-0.26441347599	0.394229263067	0.880152702332	
-0.378966003656	0.796748220921	-0.470719695091	
-0.855804026127	-0.517298340797	0.0013561588712	
-0.259934008121	0.432291269302	0.863457322121	
-0.447251319885	0.738597750664	-0.504420042038	
-0.899186730385	-0.429175585508	-0.0852730944753	
-0.233752369881	0.306403428316	0.922755002975	
-0.369895935059	0.849661827087	-0.375834703445	
-0.887903988361	-0.449215829372	-0.099154420197	
-0.265238493681	0.323798924685	0.908186554909	
-0.375865668058	0.832682073116	-0.406651705503	
0.865470945835	-0.482673346996	0.134113773704	
-0.0327043011785	0.21270442009	0.976569116116	
-0.499890476465	-0.849578261375	0.168303996325	
0.876591980457	-0.468611866236	0.109496288002	
-0.0128378719091	0.204679727554	0.978744804859	
-0.481063097715	-0.859365522861	0.173404619098	
0.8898037076	-0.448040962219	0.0866525322199	
0.0180864930153	0.224359691143	0.974338531494	
-0.455984920263	-0.865402817726	0.207739561796	
0.887043714523	-0.454176753759	0.0829272270203	
0.0176292974502	0.212808042765	0.976934969425	
-0.461348742247	-0.865122079849	0.196776852012	
0.900613486767	-0.424006223679	0.0954676643014	
0.014776811935	0.249402716756	0.968287110329	
-0.434369653463	-0.870641708374	0.230880901217	
0.902843058109	-0.42690333724	0.0512629561126	
0.00857704784721	0.137082189322	0.990522563457	
-0.429884642363	-0.893846750259	0.127425268292	
0.882690668106	-0.463270753622	0.078977368772	
0.00631862087175	0.179737180471	0.983694374561	
-0.469912022352	-0.867798805237	0.161579564214	
0.922580063343	-0.37726020813	0.0807512104511	
0.00190873688553	0.213766112924	0.976882994175	
-0.38580095768	-0.901098668575	0.197936445475	
0.23446251452	-0.343472063541	-0.909425258636	
0.651217937469	0.750066578388	-0.11539234966	
0.721763491631	-0.56517881155	0.399537652731	
0.242545962334	-0.356656163931	-0.902201652527	
0.623762488365	0.769594848156	-0.136543408036	
0.743028819561	-0.529641509056	0.409130871296	
0.220878630877	-0.368978708982	-0.902810811996	
0.668078899384	0.731636106968	-0.135569706559	
0.710551321507	-0.573204398155	0.408109664917	
0.245170205832	-0.323795795441	-0.913809537888	
0.616162002087	0.779760718346	-0.110984489322	
0.74848908186	-0.535844624043	0.390684783459	
0.242179498076	-0.308301776648	-0.919945180416	
0.627397596836	0.77301722765	-0.0938966497779	
0.740081965923	-0.554431557655	0.380636721849	
0.238208442926	-0.296325057745	-0.924904406071	
0.665798485279	0.743151664734	-0.0666183903813	
0.707084953785	-0.599930882454	0.374317765236	
0.237387657166	-0.367089629173	-0.899384379387	
0.616190373898	0.772648453712	-0.152721390128	
0.750970363617	-0.517937839031	0.409614294767	
0.218267932534	-0.35287129879	-0.90985763073	
0.612146139145	0.77561211586	-0.153957471251	
0.760023772717	-0.52336192131	0.385300070047	
-0.491836249828	0.840892732143	0.225824132562	
0.771579325199	0.300759404898	0.560543596745	
0.403438329697	0.449936896563	-0.796739816666	
-0.496356010437	0.824527382851	0.271634459496	
0.763907074928	0.266195297241	0.587865650654	
0.41240349412	0.499294131994	-0.761989951134	
-0.50352871418	0.815839350224	0.284367710352	
0.773392081261	0.278903961182	0.569277882576	
0.38512802124	0.506575465202	-0.771399855614	
-0.514299631119	0.817748785019	0.258423805237	
0.756334960461	0.290431380272	0.5861800313	
0.404293596745	0.496927112341	-0.767860710621	
-0.43213686347	0.86407661438	0.258126676083	
0.779617130756	0.214086011052	0.588527262211	
0.453271329403	0.455564290285	-0.766163349152	
-0.498598217964	0.796479582787	0.342082023621	
0.766481637955	0.22078114748	0.603126466274	
0.40485265851	0.562917411327	-0.720568060875	
-0.475166022778	0.838683128357	0.266134947538	
0.790389537811	0.273926764727	0.547949373722	
0.386654436588	0.470717221498	-0.793047070503	
-0.52307754755	0.834811627865	0.171695783734	
0.737211108208	0.342086464167	0.582663416862	
0.427679359913	0.43135419488	-0.794370114803	
-0.796534001827	-0.578723430634	0.174964979291	
0.593599617481	-0.803523361683	0.044605974108	
0.114773921669	0.139389321208	0.98356372118	
-0.801476061344	-0.549453794956	0.236086085439	
0.576710820198	-0.81459158659	0.0620092228055	
0.158242538571	0.185852304101	0.969751656055	
-0.818043410778	-0.562970519066	0.117767170072	
0.573331952095	-0.814467608929	0.0890671536326	
0.0457753613591	0.140380486846	0.98903888464	
-0.830693721771	-0.541766107082	0.128208756447	
0.556664466858	-0.811798453331	0.176374465227	
0.00852596294135	0.217882409692	0.975937783718	
-0.771686553955	-0.618487000465	0.148235470057	
0.627654671669	-0.778223156929	0.0204525068402	
0.102710671723	0.108823612332	0.988740563393	
-0.812510728836	-0.533036053181	0.236006051302	
0.566630899906	-0.817264080048	0.104922987521	
0.13695153594	0.218979373574	0.966070532799	
-0.797400295734	-0.589948058128	0.126941010356	
0.603441298008	-0.778372883797	0.173188284039	
-0.00336465705186	0.214701846242	0.976673841476	
-0.863823652267	-0.494470119476	0.0964781790972	
0.50322073698	-0.856006324291	0.11841468513	
0.0240334104747	0.150839224458	0.98826611042	
-0.0874277129769	0.473216950893	0.876596868038	
0.52274864912	0.770866572857	-0.36400359869	
-0.847991883755	0.426415830851	-0.314768612385	
0.0135342832655	0.46161878109	0.886975169182	
0.506577193737	0.76162558794	-0.40411144495	
-0.862088382244	0.454790741205	-0.223537474871	
-0.00408164877445	0.529787957668	0.848120331764	
0.532885015011	0.718824863434	-0.446457564831	
-0.846177816391	0.450128316879	-0.285250067711	
0.0420750193298	0.543962240219	0.838054120541	
0.535479545593	0.695874512196	-0.478560686111	
-0.843499481678	0.468896299601	-0.262001723051	
0.000716522277799	0.421494841576	0.90683054924	
0.538112282753	0.764180719852	-0.355616390705	
-0.842872858047	0.488231450319	-0.226263985038	
0.0121763693169	0.405087679625	0.914196789265	
0.536676645279	0.768774747849	-0.347798168659	
-0.843700110912	0.49486297369	-0.208040207624	
-0.0540550686419	0.532321691513	0.84481459856	
0.533217906952	0.730712294579	-0.426307588816	
-0.8442491889	0.427426189184	-0.323342144489	
0.00257425312884	0.488768100739	0.872409939766	
0.499345600605	0.7552318573	-0.424592465162	
-0.866399049759	0.436727106571	-0.242120042443	
0.70951962471	0.701170623302	0.0702968910336	
-0.691098749638	0.672873973846	0.263861835003	
0.13771122694	-0.235797256231	0.961995482445	
0.715435862541	0.682575464249	0.149138331413	
-0.694006025791	0.669627487659	0.264489471912	
0.0806669071317	-0.292728155851	0.952786982059	
0.683343529701	0.729705929756	0.0238929465413	
-0.71075552702	0.657401502132	0.250299572945	
0.166937828064	-0.188022643328	0.967873573303	
0.65657967329	0.751548409462	0.0638601854444	
-0.735381901264	0.619028329849	0.275712430477	
0.167679965496	-0.227988794446	0.959116518497	
0.72970366478	0.668687283993	0.14279294014	
-0.678836226463	0.683446705341	0.26848077774	
0.0819383189082	-0.292844444513	0.952642738819	
0.658550083637	0.728755950928	0.187687426805	
-0.750405490398	0.61717492342	0.236615106463	
0.0565986894071	-0.296664565802	0.953303039074	
0.669944047928	0.739959061146	0.06029612571	
-0.728092610836	0.638978123665	0.248169481754	
0.145107358694	-0.210160821676	0.966838300228	
0.628864645958	0.7740021348	0.0738238319755	
-0.770042538643	0.606875240803	0.196817070246	
0.107534974813	-0.180618792772	0.977656960487	
-0.196482107043	-0.94481831789	-0.262131899595	
-0.927273452282	0.265942662954	-0.263511866331	
0.31868287921	0.191292569041	-0.928357899189	
-0.138729557395	-0.952516496181	-0.271047025919	
-0.934795022011	0.216314509511	-0.281720250845	
0.326974600554	0.214290484786	-0.920416891575	
-0.126474902034	-0.979364573956	-0.157636001706	
-0.955087721348	0.163154572248	-0.247362166643	
0.267976790667	0.119271107018	-0.956014037132	
-0.100003950298	-0.984573304653	-0.143577769399	
-0.933973431587	0.14264306426	-0.327637881041	
0.343063890934	0.101332738996	-0.933830201626	
-0.121923483908	-0.949380099773	-0.289503186941	
-0.937372088432	0.206028461456	-0.280866146088	
0.326294630766	0.237128034234	-0.915042161942	
-0.137692466378	-0.945825874805	-0.294030994177	
-0.937498271465	0.220238208771	-0.269429177046	
0.319589942694	0.238555192947	-0.917035281658	
-0.0945972502232	-0.989188671112	-0.112058468163	
-0.944523692131	0.124744921923	-0.303831756115	
0.314525663853	0.077100224793	-0.946112632751	
-0.147430986166	-0.977927565575	-0.148059993982	
-0.933600306511	0.187022060156	-0.305635750294	
0.326580107212	0.0931686758995	-0.94056636095	
0.0478842668235	0.817043364048	0.574584364891	
0.939381182194	-0.232364445925	0.252130508423	
0.339514523745	0.527680695057	-0.778641760349	
0.0418784022331	0.860541641712	0.50765568018	
0.924582779408	-0.225951746106	0.306744962931	
0.378672510386	0.456523746252	-0.805104494095	
-0.0115317609161	0.874335050583	0.485185831785	
0.941267728806	-0.154262945056	0.300363212824	
0.337464243174	0.460153460503	-0.821204423904	
0.0371467210352	0.862067103386	0.505430877209	
0.924592614174	-0.22154392302	0.309914082289	
0.379141867161	0.455805420876	-0.805290520191	
0.0719916075468	0.800685167313	0.594744026661	
0.938391685486	-0.256438881159	0.231646671891	
0.337991535664	0.541426241398	-0.769817709923	
0.0118850357831	0.882248461246	0.470634013414	
0.91971886158	-0.194346889853	0.341095983982	
0.392397671938	0.428797036409	-0.813730418682	
0.0688981637359	0.872764229774	0.483255296946	
0.943956434727	-0.213770985603	0.251491934061	
0.322799116373	0.438844621181	-0.838579833508	
0.0422016978264	0.890498042107	0.453025609255	
0.940566003323	-0.188342362642	0.2825999856	
0.336978644133	0.414174288511	-0.845520555973	
0.94806855917	0.0245354212821	-0.317118287086	
0.0576423071325	-0.993764638901	0.0954420790076	
-0.312799215317	-0.10876506567	-0.943571329117	
0.9481574893	0.0376910381019	-0.315557926893	
0.088733561337	-0.984850168228	0.148984879255	
-0.305161893368	-0.169261708856	-0.93713748455	
0.942296743393	0.006156233605	-0.334722131491	
0.0513327382505	-0.990664362907	0.126289576292	
-0.330819815397	-0.136184453964	-0.933815836906	
0.937392473221	-0.00341867585666	-0.348258048296	
0.0626216456294	-0.982000350952	0.178196027875	
-0.342598736286	-0.188848108053	-0.920305669308	
0.955474495888	0.0607277676463	-0.288757115602	
0.0986896827817	-0.988004863262	0.118771575391	
-0.278080701828	-0.141980558634	-0.950006663799	
0.956150352955	0.00156675465405	-0.292872041464	
0.0205903425813	-0.997870922089	0.0618838332593	
-0.292151540518	-0.0652005821466	-0.954146921635	
0.930086374283	0.0204080566764	-0.366773575544	
0.0867976769805	-0.982392132282	0.165444374084	
-0.35693910718	-0.185712650418	-0.915480911732	
0.937781453133	-0.00747562805191	-0.347145557404	
0.0642604157329	-0.978761434555	0.19467073679	
-0.341227978468	-0.204866319895	-0.917383909225	
0.807891726494	-0.556889176369	0.192835211754	
0.242288574576	0.0155821377411	-0.970079064369	
0.53722178936	0.83044064045	0.147516578436	
0.818229019642	-0.558855175972	0.134841218591	
0.154111936688	-0.012741021812	-0.987971246243	
0.553850829601	0.829167366028	0.0757011771202	
0.809846937656	-0.57667952776	0.107650697231	
0.114949338138	-0.0239555053413	-0.993082463741	
0.575269162655	0.816619157791	0.0468886382878	
0.800057411194	-0.589801728725	0.109736211598	
0.121499158442	-0.0198290292174	-0.992393434048	
0.587491333485	0.807304620743	0.0557960495353	
0.842561364174	-0.519245922565	0.1430875808	
0.185721501708	0.0307220444083	-0.982122004032	
0.505566895008	0.854072511196	0.122320339084	
0.877521038055	-0.477904349566	0.0395510196686	
0.104812756181	0.110663361847	-0.988315701485	
0.467943489552	0.871413230896	0.147199898958	
0.800432264805	-0.575844407082	0.166467308998	
0.175332993269	-0.0406475514174	-0.983669698238	
0.573207199574	0.816548228264	0.0684289187193	
0.877009928226	-0.467398971319	0.111318163574	
0.119281895459	-0.0126295797527	-0.992780089378	
0.465430289507	0.883956253529	0.0446759685874	
0.14783591032	0.987978577614	-0.0451983399689	
-0.700765669346	0.0723908990622	-0.709709107876	
-0.697905480862	0.136593937874	0.703043401241	
0.120523877442	0.991333603859	-0.0522652491927	
-0.728787302971	0.0526098795235	-0.682716071606	
-0.674049735069	0.12037383765	0.728812098503	
0.215164408088	0.97561776638	-0.0432925969362	
-0.675198614597	0.116588652134	-0.72836381197	
-0.705557286739	0.185949087143	0.683821499348	
0.194322496653	0.979657292366	-0.0501032173634	
-0.704272389412	0.10377945751	-0.702303469181	
-0.682817041874	0.171759679914	0.710112273693	
0.0811291113496	0.996666371822	-0.00861668679863	
-0.699891328812	0.0508120805025	-0.712439656258	
-0.709626793861	0.0638303458691	0.701680481434	
0.114306278527	0.984073996544	-0.136133819818	
-0.687897264957	-0.0204626601189	-0.725519537926	
-0.716750621796	0.176577523351	0.674602806568	
0.0592085644603	0.994075298309	-0.0911520645022	
-0.67781072855	-0.0270008873194	-0.734740495682	
-0.732848525047	0.10528677702	0.672196209431	
0.225317135453	0.972815871239	-0.0534927770495	
-0.679476737976	0.117552854121	-0.724218666553	
-0.698243200779	0.19952596724	0.68749243021	
-0.403207480907	-0.882283329964	0.242898926139	
0.392796605825	0.0728734731674	0.916733503342	
-0.826519548893	0.465043663979	0.317174762487	
-0.397702008486	-0.882525801659	0.250960856676	
0.342054694891	0.111192494631	0.933078110218	
-0.851370453835	0.456929415464	0.257650613785	
-0.454603731632	-0.865552246571	0.210130348802	
0.422073096037	-0.00159453251399	0.90656042099	
-0.784340322018	0.500816106796	0.366051197052	
-0.440579086542	-0.853249669075	0.279025167227	
0.433089345694	0.0702313780785	0.898610711098	
-0.786335587502	0.516751885414	0.338590860367	
-0.43872064352	-0.832940280437	0.337245732546	
0.371486276388	0.173614069819	0.912061452866	
-0.818243324757	0.525422334671	0.233257815242	
-0.450901627541	-0.840270519257	0.301053494215	
0.390309751034	0.117710955441	0.913127839565	
-0.80271166563	0.529234945774	0.274889707565	
-0.526848912239	-0.819345712662	0.226059421897	
0.407389640808	-0.0100023653358	0.913199663162	
-0.745965123177	0.573212504387	0.339062690735	
-0.476164698601	-0.81980329752	0.318103283644	
0.416634887457	0.108239918947	0.902607083321	
-0.774391710758	0.562322556973	0.290018618107	
-0.259281307459	-0.201159894466	0.944620490074	
0.915528178215	-0.362639635801	0.174070745707	
0.307540774345	0.909959971905	0.278193235397	
-0.274194896221	-0.236146479845	0.932229578495	
0.882979273796	-0.44587957859	0.146761611104	
0.38100489974	0.863380730152	0.330770343542	
-0.191731736064	-0.171702608466	0.966311097145	
0.905220925808	-0.41137561202	0.106513641775	
0.379228144884	0.89514708519	0.234302550554	
-0.216123044491	-0.189266160131	0.957846105099	
0.881887853146	-0.458847522736	0.108318001032	
0.419004380703	0.868122816086	0.266079038382	
-0.219256311655	-0.164901375771	0.961631000042	
0.895247042179	-0.425848186016	0.13109561801	
0.387890994549	0.88964086771	0.240997359157	
-0.22741805017	-0.177132770419	0.957551598549	
0.900389254093	-0.412792950869	0.137481495738	
0.370918035507	0.893434941769	0.253365010023	
-0.233946934342	-0.115319393575	0.965386092663	
0.879234373569	-0.4489146173	0.159444630146	
0.414988845587	0.886102199554	0.206414967775	
-0.239075243473	-0.190346494317	0.952161371708	
0.897899508476	-0.416611731052	0.142165988684	
0.369620800018	0.888933539391	0.270513564348	
0.144293263555	0.672574698925	-0.725825548172	
0.783322632313	-0.525828421116	-0.331526935101	
-0.604636311531	-0.520718455315	-0.602716505527	
0.175458565354	0.665910065174	-0.725105524063	
0.789500951767	-0.535180747509	-0.30044940114	
-0.58813482523	-0.519755065441	-0.619638681412	
0.0868682041764	0.623776197433	-0.776760697365	
0.746517419815	-0.557061076164	-0.363860845566	
-0.659670889378	-0.548257470131	-0.514050662518	
0.104743920267	0.640281260014	-0.760965585709	
0.732458770275	-0.567252099514	-0.37646946311	
-0.67270565033	-0.517943024635	-0.528395831585	
0.103369295597	0.61464035511	-0.782005131245	
0.80205476284	-0.516481697559	-0.299924701452	
-0.588237166405	-0.596207916737	-0.546363592148	
0.173831030726	0.634007930756	-0.753536164761	
0.813044667244	-0.524142444134	-0.253442466259	
-0.5556448102	-0.568602383137	-0.606588959694	
0.0829030498862	0.604162275791	-0.792537093163	
0.794305145741	-0.520337760448	-0.313572883606	
-0.601835846901	-0.603520154953	-0.523026823997	
0.136727526784	0.627688884735	-0.766362965107	
0.745926618576	-0.574301600456	-0.337299734354	
-0.651842832565	-0.52553242445	-0.546732723713	
-0.131191834807	-0.935567736626	-0.327874571085	
0.455003798008	-0.350664943457	0.818538725376	
-0.880772531033	-0.0417985767126	0.471691250801	
-0.109967887402	-0.924818873405	-0.36416631937	
0.521401464939	-0.365604013205	0.771021544933	
-0.846195936203	-0.105089247227	0.522406637669	
-0.138012245297	-0.910336792469	-0.390178799629	
0.409055948257	-0.41117054224	0.814623832703	
-0.902012109756	-0.0471768975258	0.429125279188	
-0.11026840657	-0.916294276714	-0.385026872158	
0.43237298727	-0.393036186695	0.811527073383	
-0.894927084446	-0.0769894272089	0.439520388842	
-0.0701437518001	-0.943754374981	-0.323121517897	
0.488932460546	-0.314868927002	0.813512504101	
-0.869496941566	-0.10092177242	0.483518242836	
-0.0951701849699	-0.930334329605	-0.354147791862	
0.502550125122	-0.352001070976	0.789644598961	
-0.859293878078	-0.102826401591	0.501039683819	
-0.113179385662	-0.928049385548	-0.354844629765	
0.421764045954	-0.368240684271	0.828561306	
-0.899614095688	-0.0558846481144	0.433095127344	
-0.148574188352	-0.919268846512	-0.364514142275	
0.428404808044	-0.392052859068	0.814103126526	
-0.891288399696	-0.035204898566	0.452068120241	
0.901881098747	0.170421674848	-0.396947056055	
0.079668879509	0.837511360645	0.540580749512	
0.42457434535	-0.519163906574	0.741758346558	
0.901331484318	0.0665997937322	-0.427978992462	
0.183112740517	0.836869239807	0.515867829323	
0.392519146204	-0.543336331844	0.742101311684	
0.952565550804	0.0911342874169	-0.290367811918	
0.0861035808921	0.834422767162	0.5443572402	
0.291899114847	-0.543537676334	0.786995351315	
0.950295567513	0.0391321405768	-0.308880269527	
0.133119180799	0.845753788948	0.516700923443	
0.281456261873	-0.532136499882	0.79850679636	
0.924502670765	0.111645743251	-0.364458531141	
0.102472290397	0.848149180412	0.519752264023	
0.367143332958	-0.517859280109	0.772675573826	
0.918462276459	0.0706102773547	-0.389154583216	
0.149823337793	0.848490417004	0.507559776306	
0.366032868624	-0.524478971958	0.768727362156	
0.952016413212	0.0303601585329	-0.304537415504	
0.137529462576	0.846498131752	0.514321446419	
0.273405253887	-0.531525313854	0.801704704762	
0.948224544525	0.0393514372408	-0.315153479576	
0.131340712309	0.854884386063	0.501918613911	
0.289171010256	-0.517324030399	0.805453896523	
0.00219704792835	-0.044683162123	0.998998820782	
-0.833799958229	0.551430404186	0.0264980830252	
-0.55206233263	-0.833023369312	-0.0360453017056	
-0.0779183804989	-0.0739368721843	0.994214296341	
-0.91246509552	0.407071083784	-0.0412388369441	
-0.401666820049	-0.910399079323	-0.099183127284	
-0.0958432480693	-0.0119815161452	0.995324313641	
-0.849203467369	0.522643268108	-0.0754812881351	
-0.519295215607	-0.852467238903	-0.0602665767074	
-0.0494903922081	0.0204366855323	0.998565495014	
-0.913302719593	0.40374854207	-0.0535277798772	
-0.404263287783	-0.914641737938	-0.00131679140031	
0.00102381862234	-0.0355555452406	0.999367177486	
-0.849776208401	0.526778697968	0.0196123309433	
-0.527142643929	-0.849258542061	-0.029674930498	
0.0255619026721	0.00323689403012	0.999668002129	
-0.899945378304	0.435467153788	0.0216019265354	
-0.435252666473	-0.900198817253	0.0140443965793	
-0.114122651517	-0.00708293030038	0.993441402912	
-0.862216413021	0.497455835342	-0.0955013334751	
-0.493516802788	-0.867460370064	-0.062877997756	
-0.131135582924	-0.0220782645047	0.991118550301	
-0.870466470718	0.481016516685	-0.104456841946	
-0.474438160658	-0.876433491707	-0.0822967663407	
0.93835747242	-0.00280471518636	-0.345654934645	
-0.166605502367	0.872481703758	-0.45936730504	
0.302866011858	0.488638758659	0.818232417107	
0.941126704216	-0.104783430696	-0.321404576302	
-0.0950174033642	0.830429553986	-0.548961281776	
0.324425905943	0.54718118906	0.771583199501	
0.896687448025	-0.017884593457	-0.442302763462	
-0.226445615292	0.840018391609	-0.493043124676	
0.380360305309	0.542263090611	0.749184072018	
0.908305823803	-0.0129509372637	-0.418106228113	
-0.209610000253	0.850887954235	-0.481719136238	
0.362000256777	0.525187551975	0.770151853561	
0.880193948746	-0.0561661534011	-0.471279025078	
-0.203059583902	0.852937340736	-0.480899870396	
0.428981781006	0.518982887268	0.739345252514	
0.894699513912	-0.0930732861161	-0.436863929033	
-0.161752447486	0.844154477119	-0.511115789413	
0.416351884604	0.527958869934	0.740209817886	
0.939910411835	-0.0675951763988	-0.334662914276	
-0.11496719718	0.860301733017	-0.496652305126	
0.321482390165	0.505283951759	0.800835311413	
0.954766392708	-0.0815951451659	-0.285942941904	
-0.0869113281369	0.84305024147	-0.530766129494	
0.284372210503	0.531609356403	0.797824501991	
-0.951734960079	0.247724443674	-0.1811991781	
-0.275192946196	-0.950175523758	0.146408140659	
-0.135902151465	0.18920648098	0.972487270832	
-0.959220051765	0.226857990026	-0.168619081378	
-0.241110116243	-0.968025445938	0.069229029119	
-0.14752240479	0.107061639428	0.983247160912	
-0.979592323303	0.151668593287	-0.131891950965	
-0.164527863264	-0.982003331184	0.092736274004	
-0.115453153849	0.112543649971	0.986916661263	
-0.954455077648	0.224491268396	-0.196517661214	
-0.23975622654	-0.969136655331	0.0573679842055	
-0.177573859692	0.101871497929	0.978820562363	
-0.975394964218	0.210599631071	-0.0652109086514	
-0.21842572093	-0.963267207146	0.156225696206	
-0.029914451763	0.166625499725	0.98556637764	
-0.986442625523	0.139763563871	-0.0860066637397	
-0.149436831474	-0.98160815239	0.118802428246	
-0.0678205937147	0.130044341087	0.989185929298	
-0.950256109238	0.179033204913	-0.254873335361	
-0.214755177498	-0.969291031361	0.119813039899	
-0.225595906377	0.168588444591	0.959523022175	
-0.944403409958	0.187650382519	-0.269980609417	
-0.215807065368	-0.973281800747	0.0784212946892	
-0.248051404953	0.132325053215	0.959666907787	
0.196180313826	0.31390234828	0.928966403008	
-0.100738748908	-0.935911238194	0.337523162365	
0.975379407406	-0.159798309207	-0.151985228062	
0.157501965761	0.307782679796	0.938329875469	
-0.0659779086709	-0.944786667824	0.320975214243	
0.98531216383	-0.112463273108	-0.128498896956	
0.146839544177	0.226576372981	0.962861001492	
-0.156037420034	-0.955919027328	0.248739048839	
0.976775527	-0.186767086387	-0.105012319982	
0.193456023932	0.255092412233	0.947366178036	
-0.0666294693947	-0.959962248802	0.272090107203	
0.978843867779	-0.115759968758	-0.168713793159	
0.159566819668	0.314022213221	0.935910522938	
-0.106444150209	-0.937057495117	0.332555115223	
0.981431663036	-0.152686953545	-0.116097450256	
0.18096229434	0.30831515789	0.933913469315	
-0.136122196913	-0.932599902153	0.334257602692	
0.974024355412	-0.187614381313	-0.126796886325	
0.188987255096	0.250975489616	0.949365675449	
-0.0719446241856	-0.96065056324	0.268280565739	
0.979340493679	-0.119003362954	-0.163494378328	
0.154495537281	0.231588736176	0.960467457771	
-0.132086411119	-0.958571016788	0.252378165722	
0.979124248028	-0.165856003761	-0.11750523001	
-0.389816910028	0.84212833643	0.372642725706	
-0.239257112145	-0.483374029398	0.842084050179	
0.889268696308	0.239101186395	0.389912575483	
-0.347595453262	0.851031124592	0.393603086472	
-0.212224602699	-0.480291455984	0.851046919823	
0.913311600685	0.212287768722	0.347556859255	
-0.359819471836	0.850146353245	0.384423077106	
-0.206453472376	-0.474352627993	0.85578417778	
0.909893929958	0.22856234014	0.346196979284	
-0.326874792576	0.875467777252	0.35596203804	
-0.24481780827	-0.442235440016	0.862839519978	
0.912807285786	0.194894656539	0.358885735273	
-0.3478076756	0.864967346191	0.361747592688	
-0.248147279024	-0.457004278898	0.854148685932	
0.904130935669	0.207312807441	0.373588889837	
-0.364695340395	0.848562777042	0.383325606585	
-0.211317449808	-0.476365089417	0.853475987911	
0.906830906868	0.230255305767	0.353044241667	
-0.346422940493	0.857612013817	0.380122095346	
-0.289095252752	-0.483093589544	0.826465070248	
0.892420887947	0.176414966583	0.415286242962	
-0.33615860343	0.86897957325	0.363141715527	
-0.246814101934	-0.453387796879	0.856459140778	
0.908889532089	0.198277622461	0.366886615753	
0.606097996235	0.187827467918	-0.772894620895	
0.510290026665	-0.837203264236	0.196709826589	
-0.610122382641	-0.51362580061	-0.603273689747	
0.55383515358	0.218257293105	-0.803511321545	
0.592177808285	-0.781644046307	0.195852085948	
-0.585313677788	-0.584291338921	-0.562149047852	
0.635942995548	0.189722850919	-0.748051941395	
0.515995740891	-0.825317561626	0.229345396161	
-0.573868334293	-0.53184223175	-0.622751116753	
0.641257107258	0.187886208296	-0.743967831135	
0.485455572605	-0.850194394588	0.203721210361	
-0.594240903854	-0.491800993681	-0.636403620243	
0.623082339764	0.200479745865	-0.756026625633	
0.539249897003	-0.810252487659	0.229565814137	
-0.566549181938	-0.550725698471	-0.612962663174	
0.643524050713	0.207785710692	-0.73668307066	
0.542107582092	-0.803184151649	0.247011363506	
-0.540366709232	-0.558319211006	-0.629510521889	
0.612247049809	0.198446974158	-0.765357673168	
0.534164369106	-0.817494750023	0.215338766575	
-0.582942545414	-0.540667295456	-0.606512010098	
0.6099807024	0.172381162643	-0.773439228535	
0.544564545155	-0.800242185593	0.251121431589	
-0.57565009594	-0.574366807938	-0.582004964352	
-0.458599984646	0.773357689381	-0.437725841999	
0.13325971365	0.546857237816	0.826552450657	
0.878594279289	0.320725739002	-0.353846162558	
-0.435638457537	0.784248352051	-0.44178467989	
0.117778412998	0.536249935627	0.835801541805	
0.892382979393	0.31207460165	-0.325978606939	
-0.329041540623	0.825112342834	-0.459261655807	
0.0991261154413	0.513836443424	0.852142095566	
0.939098358154	0.234865307808	-0.250863701105	
-0.354904681444	0.796143352985	-0.490100443363	
0.119194917381	0.558480799198	0.820909142494	
0.927273035049	0.232927009463	-0.293103694916	
-0.357793480158	0.776143968105	-0.519215166569	
0.0316022522748	0.565769314766	0.823957741261	
0.933265864849	0.27839833498	-0.226956471801	
-0.313094258308	0.769830107689	-0.556177675724	
0.0399448461831	0.595777571201	0.802155554295	
0.948881685734	0.228933855891	-0.217285275459	
-0.362514942884	0.772180378437	-0.521843254566	
0.0813827291131	0.584020078182	0.807649314404	
0.928417861462	0.250315904617	-0.274558126926	
-0.327913999557	0.80597358942	-0.492827534676	
0.130487188697	0.555313229561	0.821340560913	
0.935652434826	0.205021381378	-0.287264227867	
0.686190783978	0.551108062267	-0.474786370993	
-0.274863570929	-0.40786999464	-0.870684862137	
-0.67349255085	0.727957367897	-0.128397077322	
0.74365401268	0.463762104511	-0.481563478708	
-0.289730936289	-0.425593793392	-0.857278168201	
-0.602523565292	0.777042210102	-0.182128310204	
0.716890871525	0.492722153664	-0.493246763945	
-0.345164358616	-0.363860726357	-0.865139842033	
-0.605746686459	0.790462076664	-0.0907783210278	
