-0.512347519398	-0.0644309744239	0.856357812881	
-0.785186767578	0.439026325941	-0.436735212803	
-0.347824335098	-0.896161019802	-0.275524407625	
-0.506119370461	-0.0824185609818	0.858516395092	
-0.788910925388	0.446484088898	-0.422222048044	
-0.348514974117	-0.890987753868	-0.290995180607	
-0.530474185944	-0.0783685818315	0.844070792198	
-0.77509778738	0.448025763035	-0.445529252291	
-0.343249976635	-0.890579164028	-0.298409432173	
-0.516650795937	-0.0747307240963	0.852928638458	
-0.777913153172	0.457112491131	-0.431160420179	
-0.357663393021	-0.886263787746	-0.29430153966	
-0.505077958107	-0.0570789277554	0.861184239388	
-0.783544838428	0.448693841696	-0.429803818464	
-0.361875325441	-0.891860902309	-0.27134925127	
-0.506516814232	-0.0778516232967	0.858708262444	
-0.780860126019	0.463757783175	-0.418552488089	
-0.365647643805	-0.882534921169	-0.295692354441	
-0.520735085011	-0.0740773007274	0.850498378277	
-0.77182662487	0.46660900116	-0.431925624609	
-0.364854305983	-0.88135612011	-0.30015450716	
-0.506619930267	-0.076489277184	0.858769834042	
-0.781618833542	0.461133420467	-0.420033305883	
-0.363879412413	-0.884027898312	-0.293404847383	
-0.165729120374	0.706150233746	-0.68839353323	
-0.859679996967	0.238577887416	0.451697796583	
0.483202010393	0.666657626629	0.567523956299	
-0.159178137779	0.707903802395	-0.68813842535	
-0.847666978836	0.259310036898	0.462837994099	
0.506085991859	0.656985938549	0.558790206909	
-0.144298627973	0.703174710274	-0.696220695972	
-0.860277414322	0.25853073597	0.439414024353	
0.488979279995	0.662349760532	0.567619681358	
-0.13990598917	0.708611607552	-0.691589415073	
-0.856697440147	0.263589978218	0.443384468555	
0.496483415365	0.654515028	0.570187926292	
-0.153221786022	0.707807838917	-0.689587652683	
-0.860252737999	0.247870355844	0.445561975241	
0.486300587654	0.661489486694	0.570914506912	
-0.160641014576	0.710799455643	-0.684805512428	
-0.853646576405	0.248227924109	0.457897782326	
0.495461344719	0.658139050007	0.566895961761	
-0.152269780636	0.700731575489	-0.696985781193	
-0.858180403709	0.256062924862	0.444924861193	
0.490245103836	0.665888190269	0.562363445759	
-0.151007652283	0.705442607403	-0.692493617535	
-0.854343295097	0.259269356728	0.450418591499	
0.497286826372	0.659643948078	0.563538491726	
0.794606864452	0.244441911578	0.555741012096	
0.214606046677	0.743184566498	-0.633735656738	
-0.567929685116	0.622836112976	0.538080871105	
0.788862347603	0.281121730804	0.5465041399	
0.19464880228	0.729177057743	-0.656058430672	
-0.58293056488	0.623916149139	0.520500361919	
0.776325404644	0.252724915743	0.577450454235	
0.22572953999	0.743881762028	-0.629035830498	
-0.588527858257	0.618684113026	0.520446836948	
0.778609871864	0.251700878143	0.574815869331	
0.224707186222	0.74344676733	-0.62991553545	
-0.585895299911	0.619623720646	0.522296011448	
0.78653883934	0.262161374092	0.55913156271	
0.197525665164	0.751048207283	-0.630008101463	
-0.58509850502	0.605968654156	0.538944959641	
0.789316296577	0.265302419662	0.553709685802	
0.218709737062	0.721180856228	-0.657315909863	
-0.573712348938	0.639931857586	0.511215567589	
0.77997636795	0.267566561699	0.565725147724	
0.204695507884	0.745186507702	-0.634662747383	
-0.591385304928	0.610823333263	0.526458203793	
0.78143543005	0.254177391529	0.569870650768	
0.222878351808	0.73933249712	-0.63538390398	
-0.582824110985	0.623523294926	0.521089971066	
0.942045807838	0.0737243741751	-0.327283352613	
-0.186429128051	0.926099777222	-0.327999144793	
0.27891549468	0.370005369186	0.886172771454	
0.948113620281	0.0592421106994	-0.312363386154	
-0.166754454374	0.929162025452	-0.329925566912	
0.270690709352	0.364894926548	0.890830099583	
0.951126098633	0.079054877162	-0.298512130976	
-0.175393506885	0.933914244175	-0.311514496803	
0.25415802002	0.348646640778	0.902135908604	
0.959324061871	0.0676607564092	-0.274079203606	
-0.162498131394	0.926237642765	-0.340114921331	
0.230850055814	0.370817780495	0.899556815624	
0.948756098747	0.0620006136596	-0.309867292643	
-0.171599119902	0.924479722977	-0.340427696705	
0.265359312296	0.376155793667	0.887745022774	
0.952735841274	0.0719492435455	-0.295157045126	
-0.174303665757	0.925191521645	-0.337103664875	
0.248822420835	0.372617721558	0.894004166126	
0.950029909611	0.0786047130823	-0.302100032568	
-0.181377351284	0.926648914814	-0.32927814126	
0.254057854414	0.367618173361	0.894601285458	
0.952219903469	0.0750018283725	-0.296060830355	
-0.179641485214	0.921500146389	-0.344334661961	
0.246994361281	0.381067126989	0.890944242477	
-0.61251360178	0.364547759295	-0.701378643513	
0.727627933025	-0.0866547450423	-0.680476665497	
-0.308844029903	-0.927143931389	-0.212177932262	
-0.619554698467	0.357093989849	-0.6990249753	
0.731434106827	-0.0605626143515	-0.679217457771	
-0.284879267216	-0.932103037834	-0.22366887331	
-0.582228302956	0.35923153162	-0.729357898235	
0.757386982441	-0.0865067616105	-0.647210538387	
-0.295592814684	-0.929230511189	-0.221710592508	
-0.584480047226	0.368638932705	-0.722833573818	
0.761731982231	-0.0576302595437	-0.64532405138	
-0.279548674822	-0.927784502506	-0.247120335698	
-0.615459382534	0.340014874935	-0.711055278778	
0.733463943005	-0.0831616520882	-0.674621939659	
-0.288514018059	-0.936735808849	-0.198206052184	
-0.628576397896	0.35414904356	-0.692437827587	
0.722056984901	-0.0651074051857	-0.688763201237	
-0.289007663727	-0.932919859886	-0.214790821075	
-0.608017861843	0.348687678576	-0.71325391531	
0.735667645931	-0.0903435572982	-0.671290695667	
-0.298508703709	-0.932874560356	-0.201587736607	
-0.604923784733	0.371302187443	-0.704416036606	
0.740754544735	-0.0621583461761	-0.668893873692	
-0.292147099972	-0.926429212093	-0.237442716956	
0.582319736481	0.542144954205	-0.6057908535	
-0.699803054333	0.713519871235	-0.0341337621212	
0.413738340139	0.443811029196	0.794891417027	
0.58829843998	0.533012866974	-0.608113646507	
-0.692605495453	0.720277011395	-0.038712926209	
0.417375802994	0.44395762682	0.792905449867	
0.56943243742	0.545383632183	-0.615063726902	
-0.699704527855	0.714286625385	-0.0144280670211	
0.431462973356	0.438578695059	0.788345396519	
0.588338553905	0.539821088314	-0.602039039135	
-0.695516824722	0.717594563961	-0.0362545326352	
0.412448972464	0.440058201551	0.797643184662	
0.590472996235	0.532738029957	-0.606244087219	
-0.683893442154	0.72914069891	-0.0253686960787	
0.428522348404	0.429585874081	0.794873952866	
0.582444429398	0.541244387627	-0.606475889683	
-0.695930421352	0.717564284801	-0.0279700644314	
0.420046806335	0.438356041908	0.79460978508	
0.589765191078	0.529703974724	-0.609582424164	
-0.683352589607	0.729583263397	-0.0271570011973	
0.430355936289	0.432575970888	0.792257368565	
0.576982796192	0.525060772896	-0.625621318817	
-0.701966643333	0.710366487503	-0.0512084029615	
0.417532891035	0.468711644411	0.77844440937	
0.231178328395	-0.807161748409	0.543181836605	
-0.948487401009	-0.0626660883427	0.310555398464	
-0.216629356146	-0.586994826794	-0.780069768429	
0.224855586886	-0.812951505184	0.537168264389	
-0.948641717434	-0.0567423254251	0.311222076416	
-0.222528293729	-0.579560279846	-0.783958554268	
0.216728374362	-0.810573756695	0.544057905674	
-0.954265058041	-0.0583426989615	0.293213754892	
-0.205929577351	-0.582723200321	-0.786146759987	
0.216304317117	-0.816489577293	0.535310387611	
-0.95229113102	-0.0555301420391	0.300096720457	
-0.215299993753	-0.57468354702	-0.789547145367	
0.244619235396	-0.810269713402	0.532564043999	
-0.945208668709	-0.0768035650253	0.317303866148	
-0.2161988765	-0.581002771854	-0.784661591053	
0.236631780863	-0.815884530544	0.527577340603	
-0.944219589233	-0.0651098042727	0.322815775871	
-0.22902995348	-0.574537336826	-0.7857812047	
0.239116981626	-0.794093728065	0.558782815933	
-0.948064267635	-0.0666212886572	0.311023712158	
-0.209755152464	-0.604133069515	-0.768782138824	
0.225817859173	-0.818008005619	0.529026687145	
-0.949983000755	-0.0646525621414	0.305536240339	
-0.215728148818	-0.571561872959	-0.791693389416	
0.947529554367	-0.115664944053	0.298008978367	
-0.200928047299	-0.940564393997	0.273800253868	
0.248627528548	-0.319312185049	-0.914452850819	
0.94550293684	-0.128933280706	0.298999071121	
-0.211686745286	-0.941126048565	0.263572603464	
0.247412532568	-0.312502801418	-0.917130887508	
0.947375357151	-0.109419710934	0.300844222307	
-0.192601189017	-0.945477962494	0.262633234262	
0.255704343319	-0.30675521493	-0.916796863079	
0.948720395565	-0.107286579907	0.297353595495	
-0.193937018514	-0.940361857414	0.27947807312	
0.249635726213	-0.322814404964	-0.912947356701	
0.951371848583	-0.105854190886	0.289286077023	
-0.188880294561	-0.94230979681	0.276362985373	
0.243342936039	-0.31756439805	-0.916480779648	
0.944516539574	-0.130932599306	0.3012393713	
-0.213454306126	-0.941733896732	0.259950935841	
0.249651297927	-0.309828788042	-0.917431414127	
0.947168171406	-0.10484661907	0.30311653018	
-0.189336389303	-0.945602357388	0.264552354813	
0.258890300989	-0.307966560125	-0.915495693684	
0.942881286144	-0.130933687091	0.306318849325	
-0.215847536922	-0.940512239933	0.262386262417	
0.253741413355	-0.313517272472	-0.915053129196	
-0.995726883411	-0.0864158943295	-0.0325610861182	
0.0739040672779	-0.534268558025	-0.842077970505	
0.0553725585341	-0.840886116028	0.538372039795	
-0.995268583298	-0.087185151875	-0.0428856573999	
0.0841860175133	-0.553438067436	-0.828624784946	
0.048509221524	-0.828314602375	0.558159291744	
-0.994616687298	-0.102148465812	-0.017417576164	
0.0711684823036	-0.551214635372	-0.831322729588	
0.075317516923	-0.828087031841	0.555517017841	
-0.994592666626	-0.101287893951	-0.0229400303215	
0.0733006373048	-0.528175652027	-0.845965385437	
0.0735696852207	-0.843072474003	0.532744109631	
-0.995988130569	-0.0845630094409	-0.0292692165822	
0.0704121813178	-0.538740098476	-0.839524447918	
0.0552242100239	-0.838217318058	0.542532980442	
-0.995730698109	-0.0898417383432	-0.0211864765733	
0.0673346072435	-0.549968123436	-0.832466900349	
0.0631383880973	-0.830339431763	0.553669571877	
-0.996900677681	-0.0740494728088	-0.0265646204352	
0.0627598911524	-0.544967651367	-0.836104929447	
0.0474362745881	-0.83518075943	0.547925949097	
-0.995070695877	-0.0964859351516	-0.0229087304324	
0.069610118866	-0.515053808689	-0.854326605797	
0.0706312730908	-0.8517100811	0.519231379032	
-0.988576292992	0.069633051753	0.13367202878	
0.0740386396646	0.996854603291	0.0282692983747	
-0.13128310442	0.0378432534635	-0.990622341633	
-0.989791989326	0.0515291392803	0.132878124714	
0.0586663372815	0.997006237507	0.0503664352	
-0.12988498807	0.0576477646828	-0.98985183239	
-0.984742164612	0.0529848635197	0.165757387877	
0.0659513920546	0.995095670223	0.0737228319049	
-0.161038264632	0.0835299044847	-0.983407080173	
-0.98556625843	0.0439046807587	0.163497835398	
0.0558742620051	0.996026873589	0.0693436935544	
-0.159803718328	0.0774781256914	-0.984103620052	
-0.984359323978	0.0678151249886	0.162597313523	
0.0734072625637	0.996891081333	0.0286279525608	
-0.160150393844	0.0401160158217	-0.986277103424	
-0.983151376247	0.0602653287351	0.172572955489	
0.068396538496	0.996792197227	0.0415600501001	
-0.169514745474	0.0526632145047	-0.984119594097	
-0.985617995262	0.0498214066029	0.161477640271	
0.0660848245025	0.993091762066	0.0969617813826	
-0.155531346798	0.106238499284	-0.982101500034	
-0.98812019825	0.062075227499	0.140588477254	
0.0701719596982	0.99610555172	0.0533817335963	
-0.136727273464	0.0626129359007	-0.988627970219	
-0.880143523216	-0.474046498537	-0.0250451527536	
-0.22272156179	0.36577552557	0.903661072254	
-0.419216483831	0.800929546356	-0.427515357733	
-0.88351380825	-0.466317534447	-0.0441739112139	
-0.241891443729	0.373467534781	0.895550429821	
-0.401113331318	0.80191642046	-0.442761957645	
-0.877114415169	-0.477896898985	-0.0478004664183	
-0.245107293129	0.359815329313	0.900252938271	
-0.413028746843	0.801341056824	-0.432735204697	
-0.884782910347	-0.464748948812	-0.034169729799	
-0.227244377136	0.366282969713	0.902328550816	
-0.406840443611	0.80612975359	-0.42969250679	
-0.895581185818	-0.443559199572	-0.0344898737967	
-0.223884657025	0.382332295179	0.896491885185	
-0.384460628033	0.810603022575	-0.441715717316	
-0.887163341045	-0.461280882359	-0.0126940580085	
-0.22307357192	0.404623031616	0.886858701706	
-0.403954654932	0.789620280266	-0.461866289377	
-0.895648479462	-0.443756401539	-0.0299011282623	
-0.208086982369	0.35867318511	0.909974396229	
-0.393082231283	0.821239173412	-0.413585036993	
-0.894358932972	-0.445647090673	-0.0389972254634	
-0.222058743238	0.366582304239	0.90349727869	
-0.388345241547	0.816710531712	-0.426815986633	
0.884064495564	-0.459636151791	0.0846438705921	
0.00989878829569	0.199482947588	0.979851305485	
-0.467260092497	-0.865413844585	0.180905640125	
0.887385427952	-0.455891013145	0.0686333850026	
0.0217417776585	0.190086707473	0.981526553631	
-0.460515409708	-0.869500100613	0.178592056036	
0.887375235558	-0.457637280226	0.0559761151671	
0.0416858047247	0.200552135706	0.97879576683	
-0.459159553051	-0.866225719452	0.197041973472	
0.887380838394	-0.456919759512	0.0614782758057	
0.0359396114945	0.201498940587	0.978829145432	
-0.459634184837	-0.866384744644	0.195227816701	
0.894014239311	-0.4432977736	0.0650046914816	
0.0347856432199	0.213326022029	0.976361572742	
-0.446686118841	-0.870619952679	0.206136897206	
0.89613455534	-0.441205322742	0.0477565936744	
0.0328397341073	0.173246115446	0.984330892563	
-0.44256567955	-0.880524635315	0.169740900397	
0.887600600719	-0.456961125135	0.0578940249979	
0.0353909060359	0.192974537611	0.980565309525	
-0.459252268076	-0.868301451206	0.187456592917	
0.900087594986	-0.431503802538	0.0603890344501	
0.0339607857168	0.207656860352	0.977612018585	
-0.434383511543	-0.877885580063	0.201563566923	
0.203207418323	-0.367278546095	-0.907641589642	
0.679224193096	0.720550596714	-0.139503732324	
0.70523840189	-0.58814394474	0.395885705948	
0.204526215792	-0.376570612192	-0.903528392315	
0.673020839691	0.7243475914	-0.149544388056	
0.710782647133	-0.577507674694	0.401587933302	
0.198914527893	-0.374813824892	-0.905509591103	
0.682388365269	0.716152429581	-0.146532803774	
0.703405380249	-0.588761687279	0.398221701384	
0.202426686883	-0.355497717857	-0.91249370575	
0.667146205902	0.732174098492	-0.137248083949	
0.716895639896	-0.580984055996	0.385380536318	
0.203233420849	-0.35375842452	-0.91299021244	
0.672855257988	0.727857708931	-0.132245823741	
0.711310088634	-0.587433457375	0.385953217745	
0.201083272696	-0.35201510787	-0.914139449596	
0.688674330711	0.714452683926	-0.123632393777	
0.696629881859	-0.604683995247	0.386088252068	
0.20459741354	-0.379147738218	-0.902433872223	
0.664724349976	0.73056948185	-0.156236246228	
0.718527257442	-0.567904233932	0.401501357555	
0.198269337416	-0.356451690197	-0.913034200668	
0.671719372272	0.727788507938	-0.138264343143	
0.713780343533	-0.585889160633	0.38373363018	
-0.454232007265	0.86107891798	0.228509128094	
0.796265125275	0.277372926474	0.537611484528	
0.3995436728	0.426154196262	-0.811638712883	
-0.456201553345	0.854117572308	0.249726444483	
0.790672183037	0.260290980339	0.554153501987	
0.408310711384	0.45025742054	-0.794072151184	
-0.457790434361	0.850088000298	0.260342687368	
0.798637807369	0.26453691721	0.54055327177	
0.39064759016	0.455379635096	-0.800014913082	
-0.456499099731	0.855033159256	0.246022179723	
0.793463110924	0.266137033701	0.547345757484	
0.402523159981	0.445072382689	-0.799928545952	
-0.42634254694	0.871593952179	0.241983607411	
0.801911771297	0.240409076214	0.5469378829	
0.418532669544	0.427232384682	-0.801438033581	
-0.450488746166	0.852535188198	0.265035092831	
0.793505132198	0.246293440461	0.556497216225	
0.409157067537	0.46100243926	-0.787443459034	
-0.445357203484	0.861142873764	0.245132490993	
0.800380289555	0.260192483664	0.540084481239	
0.401308238506	0.436729729176	-0.80512034893	
-0.462411314249	0.859892189503	0.216243386269	
0.783946096897	0.282553315163	0.552803874016	
0.414251416922	0.425145924091	-0.804764986038	
-0.833640217781	-0.507543981075	0.217814266682	
0.534196138382	-0.841118752956	0.0845797806978	
0.140279710293	0.18686465919	0.972318470478	
-0.831130743027	-0.500653684139	0.242007434368	
0.533674776554	-0.84043097496	0.0941650718451	
0.156246453524	0.20741674304	0.965694248676	
-0.839202463627	-0.502620518208	0.20763386786	
0.528938055038	-0.843108773232	0.0969127193093	
0.126347616315	0.191154852509	0.973394095898	
-0.839457929134	-0.499408632517	0.214246124029	
0.53094369173	-0.83775639534	0.127526730299	
0.11579810828	0.220805957913	0.968419075012	
-0.82846570015	-0.521038591862	0.205337107182	
0.543055891991	-0.837006449699	0.067160487175	
0.136875271797	0.167149677873	0.976384222507	
-0.841854572296	-0.48525044322	0.236247628927	
0.519894719124	-0.846639871597	0.113623812795	
0.144880667329	0.218478620052	0.965026795864	
-0.83293902874	-0.514609456062	0.203444615006	
0.543482005596	-0.829942345619	0.125789538026	
0.104114823043	0.215343505144	0.97097235918	
-0.853811442852	-0.48236349225	0.195784315467	
0.50847953558	-0.853359460831	0.115005023777	
0.11160018295	0.19774492085	0.973880052567	
-0.0256919134408	0.504672467709	0.862928509712	
0.580463588238	0.710316121578	-0.398136973381	
-0.813880801201	0.490669667721	-0.31119337678	
0.00383031158708	0.50347751379	0.863999843597	
0.581116020679	0.702022790909	-0.411665081978	
-0.813811719418	0.503660976887	-0.289889901876	
-0.00999606028199	0.519092023373	0.85465991497	
0.59010964632	0.693065047264	-0.414042800665	
-0.807261228561	0.500204265118	-0.313249140978	
0.00322749302723	0.517837822437	0.855472743511	
0.586093485355	0.692163288593	-0.421193957329	
-0.810236990452	0.502746403217	-0.301267415285	
0.00379547616467	0.497494339943	0.867458939552	
0.581326782703	0.704730272293	-0.406711727381	
-0.813661336899	0.50582075119	-0.286531984806	
0.00192641664762	0.488405287266	0.87261480093	
0.58666074276	0.706120729446	-0.396513164043	
-0.809830546379	0.512692689896	-0.28516793251	
-0.0215858127922	0.519086062908	0.854449391365	
0.583650290966	0.700438201427	-0.410778135061	
-0.811718165874	0.489832639694	-0.318084269762	
-0.00661009876058	0.494494944811	0.869155347347	
0.576458096504	0.712102174759	-0.400757431984	
-0.817099988461	0.498382627964	-0.289762675762	
0.739389359951	0.66496360302	0.105483822525	
-0.671236991882	0.715854227543	0.192337304354	
0.0523862652481	-0.213016793132	0.975643157959	
0.737019956112	0.663702309132	0.127674922347	
-0.6750202775	0.713364005089	0.188306763768	
0.0339009352028	-0.224968999624	0.973775982857	
0.734632730484	0.670739114285	0.102096967399	
-0.675751805305	0.709918558598	0.198431804776	
0.0606154315174	-0.214766710997	0.974782526493	
0.722784519196	0.682821989059	0.106473818421	
-0.688011288643	0.696502029896	0.203777626157	
0.0649846121669	-0.220542505383	0.973210155964	
0.742548823357	0.65774589777	0.126457706094	
-0.66881942749	0.717965245247	0.192889794707	
0.0360802486539	-0.227807462215	0.973037481308	
0.721435308456	0.679326117039	0.134339675307	
-0.691851735115	0.698811113834	0.181670740247	
0.029535619542	-0.224006816745	0.974139928818	
0.730096101761	0.672208786011	0.122861728072	
-0.681315481663	0.702221333981	0.206626281142	
0.052619881928	-0.234564647079	0.970675289631	
0.71165573597	0.693119049072	0.114595450461	
-0.701348662376	0.691496014595	0.173041313887	
0.040695939213	-0.203517213464	0.978225231171	
-0.219797000289	-0.956499099731	-0.191830143332	
-0.919236242771	0.268906772137	-0.287565410137	
0.326640486717	0.113131202757	-0.938353538513	
-0.201900884509	-0.959598124027	-0.195978105068	
-0.924076378345	0.252945572138	-0.28653344512	
0.324528753757	0.123247377574	-0.937811911106	
-0.210904031992	-0.964175462723	-0.160888701677	
-0.927358031273	0.249396622181	-0.278941601515	
0.309073746204	0.0903715342283	-0.94673460722	
-0.194073468447	-0.968329966068	-0.157074853778	
-0.922630727291	0.234575390816	-0.306148588657	
0.333298772573	0.0855067670345	-0.938935875893	
-0.190865710378	-0.962894439697	-0.190799802542	
-0.925227999687	0.241400539875	-0.292709648609	
0.327907681465	0.120665073395	-0.936971962452	
-0.202618911862	-0.958028674126	-0.202796936035	
-0.922549664974	0.256197392941	-0.288556843996	
0.32840180397	0.12862315774	-0.935739457607	
-0.191191583872	-0.970677256584	-0.145710036159	
-0.925294995308	0.227771386504	-0.303231626749	
0.327528625727	0.0768494233489	-0.94171077013	
-0.206454262137	-0.96536898613	-0.159497246146	
-0.922106027603	0.246482402086	-0.29827311635	
0.327256858349	0.0854936167598	-0.941059947014	
0.103337652981	0.855867087841	0.506767094135	
0.927699029446	-0.266695410013	0.26124343276	
0.358742088079	0.443131059408	-0.821546673775	
0.103592075408	0.868828773499	0.484154105186	
0.920252025127	-0.268409699202	0.284767329693	
0.377365708351	0.416044175625	-0.827346563339	
0.0855775400996	0.873674511909	0.478925138712	
0.927361190319	-0.245582729578	0.282294809818	
0.364249527454	0.419978499413	-0.831228196621	
0.0958664268255	0.867692291737	0.487770169973	
0.920476913452	-0.263786613941	0.288338184357	
0.378856062889	0.421339213848	-0.823978960514	
0.108771577477	0.857600867748	0.50268226862	
0.9237190485	-0.274046212435	0.267659932375	
0.367303580046	0.43522337079	-0.821990668774	
0.0912093222141	0.877474546432	0.470870733261	
0.919285476208	-0.255989283323	0.298970997334	
0.382877320051	0.405595690012	-0.829998254776	
0.113426916301	0.870558202267	0.478813946247	
0.927039921284	-0.266089558601	0.264184355736	
0.357395231724	0.41391402483	-0.837223887444	
0.103407785296	0.875573575497	0.471887469292	
0.926826775074	-0.257001072168	0.273756474257	
0.360969513655	0.409049391747	-0.838080883026	
0.928436756134	-0.0439391210675	-0.368882805109	
-0.00276877731085	-0.99377143383	0.111403420568	
-0.37148013711	-0.102409683168	-0.922775566578	
0.928646922112	-0.0375140048563	-0.369063079357	
0.0111043648794	-0.991616785526	0.128735587001	
-0.370798528194	-0.123648121953	-0.92044532299	
0.927659034729	-0.0465248562396	-0.370518773794	
-3.83947844966e-05	-0.992220401764	0.124493807554	
-0.373428344727	-0.115473583341	-0.920444011688	
0.925206243992	-0.0473272949457	-0.376501619816	
0.00200925208628	-0.991566896439	0.129580184817	
-0.379459232092	-0.120644882321	-0.917308807373	
0.932933926582	-0.0323611982167	-0.358590334654	
0.0136443506926	-0.992059528828	0.125027105212	
-0.359788954258	-0.121534764767	-0.925084412098	
0.932209193707	-0.051945656538	-0.358172744513	
-0.014836885035	-0.994299352169	0.105587184429	
-0.361615747213	-0.0931151732802	-0.927665710449	
0.921864449978	-0.0377921648324	-0.385665208101	
0.0147073725238	-0.991103827953	0.132275775075	
-0.387233257294	-0.127612456679	-0.913107573986	
0.926273405552	-0.0466650277376	-0.373951733112	
0.00273554981686	-0.991444885731	0.130497246981	
-0.376842200756	-0.121899090707	-0.918221414089	
0.808312773705	-0.572968840599	0.135414794087	
0.157481208444	-0.0112089831382	-0.987458348274	
0.567300736904	0.819500505924	0.0811714529991	
0.814873218536	-0.567399382591	0.118488729	
0.133751183748	-0.014840814285	-0.990903794765	
0.56399667263	0.823309004307	0.0637969598174	
0.808355093002	-0.574783861637	0.127222433686	
0.135082423687	-0.0292403642088	-0.990402817726	
0.572987616062	0.817782700062	0.0540066026151	
0.808344781399	-0.576363921165	0.119930803776	
0.134513363242	-0.0175047945231	-0.990757167339	
0.573136031628	0.817005634308	0.0633787363768	
0.817389726639	-0.560318410397	0.133855760098	
0.154829055071	-0.0101353144273	-0.987889289856	
0.554889202118	0.828215301037	0.0784690603614	
0.831768393517	-0.546704053879	0.096312135458	
0.129265502095	0.0220200046897	-0.991365492344	
0.539862751961	0.837036311626	0.0889855101705	
0.80686622858	-0.576041817665	0.130930304527	
0.139687016606	-0.0293053463101	-0.989761948586	
0.573981225491	0.816894769669	0.0568200647831	
0.838440895081	-0.53340524435	0.111784033477	
0.12844863534	-0.00592318736017	-0.991698503494	
0.529639303684	0.845839083195	0.0635489374399	
0.206396594644	0.977366328239	-0.0464276522398	
-0.673959612846	0.107604980469	-0.730889618397	
-0.70935100317	0.182143494487	0.680914700031	
0.19301751256	0.979855775833	-0.0512532293797	
-0.685026288033	0.0971743091941	-0.722008407116	
-0.702483594418	0.174470067024	0.689983308315	
0.223416417837	0.973721563816	-0.0441746339202	
-0.660819649696	0.117995962501	-0.741211414337	
-0.716521143913	0.194790273905	0.669816553593	
0.211604744196	0.97588288784	-0.0536286011338	
-0.680097043514	0.107616744936	-0.725180447102	
-0.701919853687	0.189924269915	0.68646723032	
0.183708325028	0.982669234276	-0.0247463118285	
-0.667901873589	0.106313072145	-0.736617028713	
-0.721220016479	0.151850789785	0.675857245922	
0.189894840121	0.978779137135	-0.0770151764154	
-0.665943026543	0.0707664266229	-0.742638528347	
-0.721429049969	0.1923109442	0.665249288082	
0.171595290303	0.984164118767	-0.0444524995983	
-0.664020895958	0.0822084471583	-0.743180990219	
-0.727757692337	0.157043740153	0.66761213541	
0.226527929306	0.973100483418	-0.041958656162	
-0.671800732613	0.124906502664	-0.73012471199	
-0.705243825912	0.19358150661	0.682024478912	
-0.493641257286	-0.846376478672	0.199912905693	
0.361243724823	0.00954480748624	0.932422578335	
-0.79108864069	0.532499551773	0.301036477089	
-0.484058737755	-0.850699365139	0.204933419824	
0.341894119978	0.0317119136453	0.939203262329	
-0.805478453636	0.524695038795	0.275498688221	
-0.494666904211	-0.846252381802	0.197892725468	
0.378459244967	-0.00477472832426	0.925605654716	
-0.782351136208	0.532760798931	0.3226339221	
-0.493524760008	-0.841972053051	0.217982560396	
0.375008136034	0.0201325695962	0.926802873611	
-0.784730672836	0.539145410061	0.305810451508	
-0.499230712652	-0.83605247736	0.227562993765	
0.351200819016	0.0448446758091	0.935225605965	
-0.792102694511	0.546813666821	0.271234482527	
-0.494788914919	-0.840429246426	0.221048951149	
0.360593080521	0.03287833184	0.932143568993	
-0.790668427944	0.540922999382	0.286785125732	
-0.517932236195	-0.832169353962	0.198091745377	
0.377300411463	-0.0144048519433	0.925978899002	
-0.767717778683	0.554334402084	0.321438580751	
-0.493656873703	-0.837322056293	0.234935417771	
0.3755620718	0.0383982919157	0.926001429558	
-0.784382581711	0.545359790325	0.295510858297	
-0.294394910336	-0.173967495561	0.939716398716	
0.876382470131	-0.441317677498	0.19285351038	
0.381163209677	0.880326092243	0.282383739948	
-0.302522391081	-0.191739439964	0.933657407761	
0.866886019707	-0.462548553944	0.185896471143	
0.396218210459	0.865612387657	0.306147545576	
-0.269719362259	-0.169252455235	0.947947800159	
0.873480618	-0.457368642092	0.166869804263	
0.405318498611	0.873022079468	0.271199911833	
-0.280606329441	-0.180406376719	0.942716062069	
0.867974102497	-0.466970592737	0.168995276093	
0.409732848406	0.865674316883	0.287622958422	
-0.273816645145	-0.166045039892	0.947340250015	
0.871955573559	-0.458503067493	0.171663552523	
0.40585449338	0.873042941093	0.270329654217	
-0.279906123877	-0.16977147758	0.944896936417	
0.872668981552	-0.455212622881	0.176721140742	
0.400126814842	0.874047517776	0.275571107864	
-0.273297190666	-0.153206452727	0.949650704861	
0.873032867908	-0.454014241695	0.178001791239	
0.403883904219	0.877723693848	0.25783509016	
-0.282512158155	-0.176928117871	0.942806065083	
0.873771965504	-0.453059375286	0.17680439353	
0.395865470171	0.873746871948	0.282589614391	
0.166957125068	0.643047988415	-0.747405290604	
0.758815467358	-0.567819058895	-0.319030761719	
-0.629543066025	-0.51387822628	-0.58275616169	
0.17355915904	0.649456560612	-0.740326523781	
0.755538225174	-0.569994390011	-0.322906196117	
-0.631695508957	-0.503301680088	-0.589617013931	
0.152373641729	0.631260454655	-0.760455489159	
0.748398065567	-0.576246917248	-0.328389704227	
-0.645509541035	-0.519085466862	-0.560238957405	
0.168606847525	0.634080290794	-0.754661440849	
0.746862471104	-0.581822037697	-0.321993052959	
-0.643248140812	-0.509338080883	-0.571669995785	
0.14454062283	0.62632894516	-0.766041815281	
0.764492273331	-0.562197208405	-0.315413862467	
-0.628219366074	-0.540042936802	-0.560083985329	
0.168970733881	0.637832581997	-0.751411020756	
0.764201641083	-0.566245019436	-0.308808088303	
-0.622450590134	-0.522050023079	-0.583111524582	
0.140772029757	0.62033033371	-0.771604478359	
0.76011377573	-0.567088544369	-0.317234396935	
-0.634358167648	-0.541849434376	-0.551351845264	
0.158179283142	0.629046261311	-0.761104524136	
0.741487562656	-0.58469080925	-0.329139530659	
-0.652054846287	-0.512286484241	-0.55891597271	
-0.208271741867	-0.917651832104	-0.338434666395	
0.448638409376	-0.397105336189	0.800644099712	
-0.869106709957	0.0149167431518	0.494399666786	
-0.197252094746	-0.915049910545	-0.35181710124	
0.468811661005	-0.403218716383	0.785894572735	
-0.860992014408	-0.00991660915315	0.508521795273	
-0.204747498035	-0.912568032742	-0.353974699974	
0.421606302261	-0.408591687679	0.809506595135	
-0.883360981941	0.0165064893663	0.468402564526	
-0.194961726665	-0.91460776329	-0.354235202074	
0.432934463024	-0.404325187206	0.805660545826	
-0.880089581013	0.0037123488728	0.474793165922	
-0.188730373979	-0.923489451408	-0.3339882195	
0.447674721479	-0.383612722158	0.807730555534	
-0.874052762985	0.00292520341463	0.485822230577	
-0.190348863602	-0.916532039642	-0.351761668921	
0.449764847755	-0.399913221598	0.798611879349	
-0.872627556324	-0.00619517127052	0.488346934319	
-0.193616524339	-0.916172087193	-0.350914955139	
0.414463818073	-0.400581419468	0.817162334919	
-0.889231324196	0.0127745745704	0.457279384136	
-0.208410531282	-0.912308990955	-0.352501571178	
0.422143816948	-0.409023582935	0.8090082407	
-0.882246911526	0.0197994764894	0.470370411873	
0.933463454247	0.0407399907708	-0.356351256371	
0.165618747473	0.832308232784	0.528992891312	
0.318145245314	-0.552814006805	0.770182013512	
0.935377418995	-0.00280007580295	-0.353640019894	
0.200386121869	0.828149139881	0.523463845253	
0.291400939226	-0.56050080061	0.775193095207	
0.947501718998	0.0155445281416	-0.319372534752	
0.163635358214	0.834540188313	0.526085674763	
0.274706989527	-0.550727725029	0.788184642792	
0.945503532887	-0.00475573074073	-0.325577110052	
0.184117257595	0.832503139973	0.522531688213	
0.26855891943	-0.553999960423	0.788010239601	
0.941965341568	0.0187121685594	-0.335188239813	
0.169586777687	0.835162043571	0.523206174374	
0.289726823568	-0.549685537815	0.783520340919	
0.937921404839	-0.000941134174354	-0.346846610308	
0.191123366356	0.835885107517	0.514556050301	
0.28943964839	-0.548903644085	0.784174382687	
0.948050558567	-0.0110774021596	-0.317926853895	
0.184363305569	0.833581268787	0.520722985268	
0.259249597788	-0.552285730839	0.792319417	
0.944681584835	-0.00904912315309	-0.327864080667	
0.188497632742	0.833026409149	0.520130395889	
0.268412739038	-0.553159236908	0.788650453091	
-0.0657091215253	-0.03968963027	0.997049152851	
-0.834918439388	0.549374163151	-0.0331551320851	
-0.546437084675	-0.834633350372	-0.0692364946008	
-0.0935868918896	-0.0342730991542	0.995021045208	
-0.867979049683	0.492370843887	-0.0646784156561	
-0.487702608109	-0.869710445404	-0.0758277922869	
-0.0793920680881	-0.0253180488944	0.996521890163	
-0.840211868286	0.539639413357	-0.0532286763191	
-0.536414861679	-0.841515481472	-0.064115613699	
-0.0665600448847	-0.0169549416751	0.997638344765	
-0.862601399422	0.50350612402	-0.0489935800433	
-0.501486361027	-0.863825261593	-0.0481387488544	
-0.0552897080779	-0.0214087851346	0.998240828514	
-0.841314136982	0.539410293102	-0.035029515624	
-0.537711381912	-0.841770887375	-0.0478353500366	
-0.0565712600946	-0.00304603367113	0.998393893242	
-0.861591160297	0.505396306515	-0.0472777783871	
-0.50444060564	-0.862881958485	-0.0312153417617	
-0.0814661830664	-0.0231466908008	0.996407270432	
-0.844399213791	0.532709300518	-0.0566631034017	
-0.529483914375	-0.845981657505	-0.0629428476095	
-0.0905953869224	-0.0234813820571	0.995610892773	
-0.850424528122	0.522057294846	-0.065071515739	
-0.518238008022	-0.852587103844	-0.0672651305795	
0.930874407291	-0.0804041773081	-0.356381833553	
-0.116887904704	0.858661055565	-0.499037474394	
0.346135914326	0.506197929382	0.789907336235	
0.929879307747	-0.118210323155	-0.348354399204	
-0.0905717462301	0.844242990017	-0.528252363205	
0.356540650129	0.522762000561	0.774337589741	
0.911954760551	-0.0888918340206	-0.400545597076	
-0.132633134723	0.859960436821	-0.492825001478	
0.388261467218	0.50255972147	0.77245503664	
0.917417049408	-0.0854551792145	-0.38864299655	
-0.128182724118	0.861145198345	-0.491933077574	
0.376716285944	0.501125097275	0.77907538414	
0.913360595703	-0.105960540473	-0.393121868372	
-0.121679119766	0.850377261639	-0.51191085577	
0.388544261456	0.515393912792	0.763807892799	
0.917095601559	-0.122626550496	-0.379339367151	
-0.102518394589	0.846979439259	-0.521647274494	
0.385260432959	0.517289638519	0.764189660549	
0.924973011017	-0.10201690346	-0.366084009409	
-0.102082580328	0.861194610596	-0.497918605804	
0.366065710783	0.497932076454	0.786167621613	
0.932278990746	-0.115426331758	-0.342830389738	
-0.0850068107247	0.851280808449	-0.517778754234	
0.351610213518	0.511857151985	0.783819198608	
-0.956389427185	0.262686669827	-0.127730160952	
-0.274780422449	-0.957434356213	0.0884037837386	
-0.0990707352757	0.119646191597	0.987861216068	
-0.958274483681	0.253953129053	-0.131216585636	
-0.263269662857	-0.962912619114	0.0590620189905	
-0.111351132393	0.0911429747939	0.989592790604	
-0.966046154499	0.237043187022	-0.102787777781	
-0.244249105453	-0.967586934566	0.0641712918878	
-0.084244735539	0.0870982557535	0.992631196976	
-0.956964015961	0.258093982935	-0.132692724466	
-0.267788589001	-0.961544275284	0.0610076189041	
-0.111844234169	0.0939156934619	0.989277899265	
-0.962941110134	0.251084506512	-0.098493359983	
-0.260434150696	-0.960557460785	0.0974853336811	
-0.0701314806938	0.11952367425	0.990351259708	
-0.965558707714	0.232776343822	-0.11623929441	
-0.242854386568	-0.966626644135	0.0815760865808	
-0.0933710187674	0.106995716691	0.989865541458	
-0.957911849022	0.246898815036	-0.146443873644	
-0.260726839304	-0.961753487587	0.0839743837714	
-0.120109736919	0.118621908128	0.985648274422	
-0.956933379173	0.247897788882	-0.151080146432	
-0.260346353054	-0.963061392307	0.0687934234738	
-0.128445729613	0.105163887143	0.986124873161	
0.217425689101	0.254522770643	0.942307949066	
-0.141545176506	-0.946976900101	0.288443654776	
0.965759277344	-0.196094200015	-0.169870629907	
0.200286671519	0.256247520447	0.945633351803	
-0.132396489382	-0.949258267879	0.28527161479	
0.970750451088	-0.182334646583	-0.15619751811	
0.190066531301	0.229504644871	0.954569160938	
-0.160833775997	-0.951878786087	0.260881781578	
0.968507707119	-0.203111857176	-0.14400818944	
0.203746035695	0.241854012012	0.948680222034	
-0.134061962366	-0.952986180782	0.271743953228	
0.969801485538	-0.182548686862	-0.161743730307	
0.204129084945	0.259218752384	0.944000482559	
-0.146303027868	-0.945397019386	0.291238546371	
0.967949748039	-0.19756038487	-0.155058547854	
0.203350841999	0.258950144053	0.944242179394	
-0.161186128855	-0.942380309105	0.293152421713	
0.965747117996	-0.21181152761	-0.149894669652	
0.211787417531	0.240576922894	0.947242736816	
-0.139185264707	-0.951924860477	0.272885531187	
0.967353880405	-0.189635947347	-0.16812095046	
0.198035374284	0.234592601657	0.951708078384	
-0.155884519219	-0.951042950153	0.266865730286	
0.967720031738	-0.201205417514	-0.151770785451	
-0.34938827157	0.839872360229	0.415382087231	
-0.239916905761	-0.508732438087	0.826819896698	
0.905741512775	0.189224004745	0.379244744778	
-0.335259526968	0.842971861362	0.420713096857	
-0.237482383847	-0.507752358913	0.828124165535	
0.911703467369	0.177724584937	0.370419770479	
-0.335722774267	0.844655334949	0.416950345039	
-0.235609456897	-0.503869354725	0.831025779247	
0.912018835545	0.18075683713	0.368169218302	
-0.323549598455	0.853582024574	0.408305466175	
-0.24521625042	-0.492415010929	0.835102677345	
0.913884401321	0.170074000955	0.368632853031	
-0.331842690706	0.85068655014	0.407692044973	
-0.250341355801	-0.49610054493	0.831392467022	
0.909510672092	0.173829331994	0.377589344978	
-0.335346251726	0.845124125481	0.416302919388	
-0.237824514508	-0.503520548344	0.830606162548	
0.911582350731	0.179533615708	0.369844943285	
-0.331700146198	0.848450899124	0.412439137697	
-0.257901072502	-0.502091109753	0.825464427471	
0.907448112965	0.167438194156	0.385360091925	
-0.329817950726	0.848921656609	0.412979632616	
-0.245803445578	-0.499591737986	0.830655634403	
0.911482751369	0.172453314066	0.373442202806	
0.632630467415	0.181796252728	-0.75281393528	
0.486347347498	-0.849737107754	0.203501969576	
-0.602698087692	-0.494870603085	-0.625985741615	
0.615279972553	0.191828534007	-0.764612555504	
0.513220667839	-0.833702802658	0.203824028373	
-0.598360359669	-0.517823815346	-0.611410975456	
0.636773407459	0.180241957307	-0.749688208103	
0.488405019045	-0.846650600433	0.211289674044	
-0.596640706062	-0.500695168972	-0.627155661583	
0.63918107748	0.185277074575	-0.746404647827	
0.484888225794	-0.850418567657	0.204136326909	
-0.596934616566	-0.492402911186	-0.633410155773	
0.635644435883	0.186469122767	-0.749123096466	
0.496404439211	-0.841895759106	0.211646363139	
-0.59121799469	-0.506399869919	-0.627710461617	
0.642036318779	0.191683441401	-0.742325305939	
0.501224279404	-0.837609350681	0.217220589519	
-0.5801410079	-0.511534929276	-0.633852005005	
0.630316197872	0.190416201949	-0.752624213696	
0.498756349087	-0.842244207859	0.204613760114	
-0.594931602478	-0.504347443581	-0.625851452351	
0.628042280674	0.179045826197	-0.757301449776	
0.502554237843	-0.836336493492	0.219044536352	
-0.594139814377	-0.518154263496	-0.615234911442	
-0.357236891985	0.807880818844	-0.468732774258	
0.108842089772	0.534436285496	0.838171362877	
0.927650392056	0.248407885432	-0.278851807117	
-0.351055920124	0.808219373226	-0.472801417112	
0.0980669036508	0.533897161484	0.839843273163	
0.931204915047	0.248465776443	-0.266687333584	
-0.323481559753	0.820374667645	-0.471534818411	
0.0911102816463	0.523016452789	0.847438931465	
0.941837906837	0.231169179082	-0.243930742145	
-0.328485310078	0.811576902866	-0.483156651258	
0.0990399867296	0.538319289684	0.836901068687	
0.939302146435	0.227057874203	-0.257208555937	
-0.330572634935	0.806849956512	-0.489606827497	
0.0732212364674	0.539134025574	0.839031100273	
0.940935909748	0.241511106491	-0.237301513553	
-0.310771375895	0.804398238659	-0.506324589252	
0.0744248777628	0.551659882069	0.830742001534	
0.947566390038	0.220487698913	-0.231307342649	
-0.335274636745	0.799917280674	-0.497718036175	
0.0888513922691	0.552787959576	0.828571617603	
0.937921285629	0.233576104045	-0.256409555674	
-0.3179936409	0.814525306225	-0.485209852457	
0.0990758836269	0.537521481514	0.837409496307	
0.942901909351	0.218218311667	-0.251628220081	
0.748306751251	0.513322174549	-0.420163452625	
-0.265117973089	-0.349177747965	-0.898769915104	
-0.608070254326	0.783948481083	-0.125201135874	
0.764809191227	0.489422678947	-0.4189658463	
-0.266074955463	-0.352306455374	-0.897264897823	
-0.586746156216	0.797712743282	-0.139224082232	
0.755246818066	0.494521558285	-0.430175185204	
-0.29053029418	-0.335736006498	-0.896032094955	
-0.58753246069	0.801704287529	-0.109890051186	
