-0.50630992651	-0.0782425552607	0.858794689178	
-0.812313616276	0.377571254969	-0.444507062435	
-0.289476841688	-0.922668993473	-0.254725575447	
-0.491800457239	-0.104865305126	0.864370048046	
-0.817234456539	0.398126512766	-0.416681051254	
-0.300433248281	-0.911316931248	-0.281498342752	
-0.535589039326	-0.0997244790196	0.838569819927	
-0.796944379807	0.388142615557	-0.4628444314	
-0.279327750206	-0.916187942028	-0.287359803915	
-0.528358876705	-0.094697996974	0.843723416328	
-0.789099216461	0.421487927437	-0.446844935417	
-0.313303887844	-0.901875972748	-0.297423005104	
-0.457717120647	-0.0370486155152	0.888325631618	
-0.819136202335	0.406059473753	-0.405131548643	
-0.345703482628	-0.913095355034	-0.216208249331	
-0.480454325676	-0.0864919796586	0.872744381428	
-0.803149700165	0.443132966757	-0.398225754499	
-0.352298468351	-0.892273664474	-0.282371163368	
-0.525906383991	-0.0847993195057	0.846304655075	
-0.784065544605	0.433970451355	-0.443746417761	
-0.329641819	-0.89692735672	-0.294716060162	
-0.498893082142	-0.0981166213751	0.861091673374	
-0.801415205002	0.430445671082	-0.415271252394	
-0.329908162355	-0.897267878056	-0.293378531933	
-0.207653388381	0.69292986393	-0.690455138683	
-0.858153223991	0.209750920534	0.468591064215	
0.469524353743	0.689820826054	0.551084518433	
-0.19187425077	0.702554821968	-0.685274422169	
-0.834828317165	0.25027218461	0.490332007408	
0.515990197659	0.666168570518	0.538491845131	
-0.152221292257	0.686662971973	-0.710860490799	
-0.872616708279	0.24434684217	0.422888576984	
0.464078456163	0.684681355953	0.561998784542	
-0.141951665282	0.694256663322	-0.705590128899	
-0.863197386265	0.262070119381	0.431519955397	
0.484499692917	0.670318543911	0.562079250813	
-0.179381668568	0.698478162289	-0.692784547806	
-0.858148694038	0.233243897557	0.457359969616	
0.481043726206	0.676554143429	0.557558476925	
-0.178794652224	0.705798208714	-0.685478925705	
-0.855127573013	0.233101546764	0.463055670261	
0.48661005497	0.66896378994	0.561870217323	
-0.184819698334	0.688581049442	-0.701211690903	
-0.859597623348	0.232589691877	0.454965919256	
0.476375520229	0.686846554279	0.548915445805	
-0.188978224993	0.697484970093	-0.691232204437	
-0.849929571152	0.236389264464	0.470892608166	
0.491840392351	0.676487147808	0.548140645027	
0.816070377827	0.22769716382	0.531209111214	
0.201455265284	0.74941110611	-0.630712866783	
-0.541705548763	0.621720969677	0.565701425076	
0.800869166851	0.319364458323	0.50657171011	
0.145404234529	0.716901242733	-0.681843280792	
-0.580918371677	0.619724929333	0.527707159519	
0.769836544991	0.259089887142	0.583287358284	
0.238107949495	0.731330096722	-0.639109432697	
-0.592162370682	0.630895137787	0.501313269138	
0.768402457237	0.25503590703	0.58695346117	
0.24183267355	0.733442544937	-0.635278701782	
-0.592515528202	0.630094230175	0.501903057098	
0.784980475903	0.281174778938	0.552038371563	
0.173033699393	0.756104469299	-0.631161928177	
-0.594865500927	0.590971052647	0.544874548912	
0.797670781612	0.292565405369	0.527377307415	
0.207538127899	0.687885940075	-0.695514857769	
-0.566258966923	0.664242744446	0.48798802495	
0.789206504822	0.288936287165	0.541912257671	
0.17225445807	0.742841124535	-0.646927714348	
-0.589475631714	0.603906393051	0.536484479904	
0.789405226707	0.267736047506	0.552410006523	
0.218655854464	0.718223154545	-0.660564243793	
-0.573610544205	0.642240524292	0.508427023888	
0.928322434425	0.0663840547204	-0.365801334381	
-0.198836877942	0.920034348965	-0.337639898062	
0.314135879278	0.38617348671	0.86728811264	
0.938677847385	0.0452233180404	-0.341816902161	
-0.168322697282	0.925306200981	-0.339817523956	
0.300917595625	0.376514732838	0.876176476479	
0.960787534714	0.0594904124737	-0.270828664303	
-0.148397997022	0.935385107994	-0.320987075567	
0.23423345387	0.348590821028	0.907534658909	
0.972308158875	0.050163269043	-0.228255271912	
-0.133794933558	0.920275628567	-0.367684274912	
0.191613510251	0.388041824102	0.90150308609	
0.948529183865	0.0143046919256	-0.3163664639	
-0.141176298261	0.913324713707	-0.381977975368	
0.283481240273	0.40698069334	0.868334650993	
0.955269634724	0.0509556829929	-0.291313290596	
-0.162528023124	0.913408517838	-0.373188346624	
0.247071966529	0.40384209156	0.880833148956	
0.954208135605	0.0481625832617	-0.295240849257	
-0.155748233199	0.922620236874	-0.352865993977	
0.255400240421	0.38269084692	0.887872993946	
0.960404455662	0.0559258311987	-0.272938817739	
-0.159612193704	0.913394331932	-0.374479264021	
0.228357717395	0.403215914965	0.886154413223	
-0.642081201077	0.303154855967	-0.704151213169	
0.711266219616	-0.107164144516	-0.694705843925	
-0.286063224077	-0.946896493435	-0.14681571722	
-0.670584559441	0.285990595818	-0.684489369392	
0.703385412693	-0.0480704493821	-0.709181368351	
-0.235722914338	-0.957025945187	-0.168926313519	
-0.544108211994	0.284052878618	-0.789468348026	
0.80033826828	-0.106675826013	-0.589982092381	
-0.251803308725	-0.952855825424	-0.169295206666	
-0.537147581577	0.299544036388	-0.788508653641	
0.817407488823	-0.0458075776696	-0.574235737324	
-0.208128556609	-0.952982187271	-0.220244094729	
-0.626153767109	0.240736022592	-0.741604804993	
0.74087113142	-0.112712092698	-0.662122309208	
-0.242984518409	-0.964023947716	-0.10777926445	
-0.646637260914	0.2824883461	-0.70856231451	
0.721525073051	-0.0748942568898	-0.688325822353	
-0.247511267662	-0.956342637539	-0.155393004417	
-0.598977744579	0.266202151775	-0.755223155022	
0.756812334061	-0.119974963367	-0.642527103424	
-0.26164996624	-0.956421673298	-0.129602745175	
-0.594715237617	0.308583050966	-0.742354512215	
0.764823317528	-0.0673468858004	-0.640710294247	
-0.247707590461	-0.948810279369	-0.195959284902	
0.550994038582	0.565819740295	-0.613395154476	
-0.747543096542	0.661367118359	-0.0614239871502	
0.370924443007	0.492383539677	0.787383973598	
0.568381071091	0.541560471058	-0.61939907074	
-0.726757109165	0.683380126953	-0.0693952813745	
0.385703265667	0.489595651627	0.782003223896	
0.525924503803	0.576420247555	-0.62541437149	
-0.743382513523	0.668809831142	-0.00871026515961	
0.41326251626	0.46950301528	0.780244231224	
0.573621332645	0.555251777172	-0.60220760107	
-0.727927207947	0.682666957378	-0.0639357045293	
0.375606834888	0.475038200617	0.795775234699	
0.56400090456	0.548968315125	-0.616876661777	
-0.714111208916	0.69936645031	-0.0305237229913	
0.414666265249	0.457733929157	0.786467730999	
0.539973437786	0.572457849979	-0.617025673389	
-0.740020275116	0.672156155109	-0.0240025799721	
0.400997161865	0.469572275877	0.786576867104	
0.56350260973	0.549343168736	-0.616998255253	
-0.71481359005	0.698636114597	-0.0308078117669	
0.414133220911	0.458399027586	0.786361277103	
0.528791964054	0.530863344669	-0.66224104166	
-0.760505020618	0.642783164978	-0.091989018023	
0.376843780279	0.552280664444	0.743622779846	
0.245324254036	-0.776066124439	0.580979704857	
-0.951208949089	-0.0770150646567	0.298781245947	
-0.187129810452	-0.625931382179	-0.757094681263	
0.229280009866	-0.791678607464	0.566282272339	
-0.951409161091	-0.0594197660685	0.30214214325	
-0.205551102757	-0.608041286469	-0.766834080219	
0.193689987063	-0.79452085495	0.575517833233	
-0.966136932373	-0.0525358207524	0.252625077963	
-0.170480579138	-0.604959964752	-0.777791619301	
0.197129487991	-0.800238132477	0.566355824471	
-0.959800899029	-0.0397944897413	0.277846515179	
-0.199805527925	-0.598360538483	-0.775913894176	
0.28560346365	-0.781356096268	0.554899334908	
-0.938963830471	-0.112280234694	0.325176984072	
-0.191774785519	-0.61390209198	-0.765732765198	
0.26736831665	-0.79256606102	0.548044919968	
-0.938489437103	-0.0852037072182	0.334630966187	
-0.218521684408	-0.603804051876	-0.76659566164	
0.258496880531	-0.73552107811	0.62624925375	
-0.95135897398	-0.0813474878669	0.297150909901	
-0.167616963387	-0.672600388527	-0.72077268362	
0.224453806877	-0.801988303661	0.553565919399	
-0.954185068607	-0.0655312538147	0.291952878237	
-0.197866931558	-0.593734264374	-0.779954016209	
0.947139322758	-0.0971598103642	0.305756479502	
-0.19100818038	-0.936495423317	0.294095635414	
0.257765263319	-0.336951524019	-0.905549943447	
0.942119061947	-0.12764967978	0.310027837753	
-0.216014280915	-0.938287138939	0.270101904869	
0.256416708231	-0.321438580751	-0.911552369595	
0.947415173054	-0.0832967013121	0.308975994587	
-0.172945439816	-0.945655345917	0.275364995003	
0.269247800112	-0.3143209517	-0.910333991051	
0.950413644314	-0.0732237547636	0.30224519968	
-0.1699398458	-0.936230003834	0.307561099529	
0.26045024395	-0.343673765659	-0.902249395847	
0.957056343555	-0.0713695734739	0.280979573727	
-0.157664060593	-0.941491782665	0.297884732485	
0.243280053139	-0.329392850399	-0.912313103676	
0.943071722984	-0.130937948823	0.305730223656	
-0.217312723398	-0.938474178314	0.268405258656	
0.251775473356	-0.31956449151	-0.913502931595	
0.946474790573	-0.0670947656035	0.315727323294	
-0.162072226405	-0.944696784019	0.28509747982	
0.279138028622	-0.321008235216	-0.905005931854	
0.934679031372	-0.133949562907	0.329291135073	
-0.228795483708	-0.935617864132	0.268834263086	
0.272080421448	-0.32661408186	-0.905149400234	
-0.995544791222	-0.0770611837506	-0.0543334707618	
0.0877488851547	-0.546316921711	-0.832969367504	
0.0345063097775	-0.834026038647	0.550644993782	
-0.993929028511	-0.0876054167747	-0.0665610209107	
0.105503417552	-0.587286055088	-0.802473723888	
0.0312106888741	-0.804624378681	0.592963337898	
-0.993830323219	-0.109443463385	-0.0179851874709	
0.0781600549817	-0.576039016247	-0.813676893711	
0.078691445291	-0.810062468052	0.581039130688	
-0.993910968304	-0.109618775547	-0.0111648729071	
0.0674880817533	-0.525533258915	-0.848092079163	
0.0870993062854	-0.843681573868	0.529731214046	
-0.996706008911	-0.0706096589565	-0.0398917794228	
0.0723839923739	-0.552704930305	-0.830227553844	
0.0365737043321	-0.830380380154	0.555995345116	
-0.995072901249	-0.0935593917966	-0.0328108035028	
0.0802878588438	-0.566237449646	-0.82032251358	
0.0581701658666	-0.818915009499	0.57095927	
-0.997749507427	-0.0521239414811	-0.0421788282692	
0.0644929409027	-0.573892772198	-0.8163869977	
0.0183471869677	-0.817269980907	0.575962841511	
-0.99344420433	-0.113010913134	-0.017237951979	
0.0693775042892	-0.476162999868	-0.876615941525	
0.090859092772	-0.872064948082	0.480881810188	
-0.992101967335	0.0465719103813	0.116467669606	
0.0419969372451	0.998258292675	-0.0414325371385	
-0.118194408715	-0.0362140163779	-0.992329895496	
-0.992201209068	0.00254040537402	0.124620594084	
0.00444024475291	0.999878108501	0.0149695994332	
-0.124567374587	0.0154062006623	-0.992091536522	
-0.981136143208	0.00963222794235	0.193077877164	
0.0246722176671	0.996829628944	0.0756436437368	
-0.191737130284	0.078980371356	-0.978263258934	
-0.983645439148	-0.00788235384971	0.179943040013	
0.00439001247287	0.997695982456	0.0677014738321	
-0.18006208539	0.067384198308	-0.981344521046	
-0.98560577631	0.042774990201	0.163558959961	
0.0391855053604	0.998916387558	-0.0251112934202	
-0.164455845952	-0.0183406956494	-0.986213922501	
-0.980445504189	0.024981090799	0.195198655128	
0.0257341805845	0.999667942524	0.00132257689256	
-0.195100799203	0.00631999177858	-0.980762839317	
-0.983108639717	-0.0113677727059	0.182669430971	
0.010546753183	0.992891967297	0.118550620973	
-0.182718679309	0.118474714458	-0.976000845432	
-0.990359067917	0.00882725417614	0.138242647052	
0.0150223141536	0.998925864697	0.0438338816166	
-0.137707218528	0.0454880073667	-0.989427924156	
-0.856101870537	-0.51528352499	-0.039654225111	
-0.248150795698	0.342549800873	0.906135082245	
-0.453332930803	0.785584211349	-0.421125560999	
-0.865974962711	-0.49536216259	-0.0685833469033	
-0.277207553387	0.361345618963	0.89027261734	
-0.416225075722	0.789965629578	-0.450234383345	
-0.848816871643	-0.521220803261	-0.0885367840528	
-0.297536700964	0.332527130842	0.894928812981	
-0.437014639378	0.785973668098	-0.437336951494	
-0.861198723316	-0.504618346691	-0.0608032345772	
-0.2637976408	0.341508895159	0.902098953724	
-0.434450864792	0.792926192284	-0.427224159241	
-0.890385806561	-0.451818168163	-0.0554388910532	
-0.253128379583	0.390211969614	0.885246098042	
-0.378337353468	0.802243709564	-0.461807191372	
-0.865230560303	-0.501370429993	-0.00193250970915	
-0.250400602818	0.428778380156	0.868014216423	
-0.434368044138	0.751516342163	-0.496535629034	
-0.899167597294	-0.432091742754	-0.0692413151264	
-0.225120961666	0.321055263281	0.919915258884	
-0.375257492065	0.842745661736	-0.385955393314	
-0.890255510807	-0.448013722897	-0.0820295289159	
-0.252460807562	0.335494220257	0.907583117485	
-0.379089266062	0.828690111637	-0.411781489849	
0.867958843708	-0.479896336794	0.127855092287	
-0.0270829126239	0.211322382092	0.977041125298	
-0.495897084475	-0.851494193077	0.170422136784	
0.877996087074	-0.467942625284	0.10075994581	
-0.00501837162301	0.20149050653	0.979477584362	
-0.47864151001	-0.860483169556	0.174559563398	
0.887014627457	-0.45494633913	0.0789228752255	
0.0266898497939	0.221155926585	0.974873185158	
-0.460969269276	-0.862620353699	0.208311006427	
0.884566903114	-0.459722727537	0.0787172988057	
0.0235443171114	0.212568342686	0.976862490177	
-0.465818703175	-0.862246870995	0.198854774237	
0.898037135601	-0.430599361658	0.090074904263	
0.0191241912544	0.242771878839	0.969894886017	
-0.439503788948	-0.869279026985	0.226253032684	
0.900366663933	-0.432211279869	0.0503317676485	
0.015158300288	0.146754622459	0.989056766033	
-0.434867918491	-0.889750778675	0.138684555888	
0.882153630257	-0.465121775866	0.0739373862743	
0.0158789232373	0.186276897788	0.982368946075	
-0.470694035292	-0.865426301956	0.171710476279	
0.915519237518	-0.394777417183	0.077300183475	
0.0106908604503	0.215967535973	0.976342022419	
-0.402132123709	-0.893033504486	0.201942950487	
0.226166084409	-0.34977838397	-0.909122645855	
0.660401046276	0.741124391556	-0.120851658285	
0.71604424715	-0.573053002357	0.398611217737	
0.234314650297	-0.364634871483	-0.901187002659	
0.636750638485	0.758039414883	-0.141155585647	
0.734605491161	-0.540756583214	0.409801214933	
0.214731052518	-0.369818270206	-0.903949677944	
0.672425568104	0.727226912975	-0.137785479426	
0.708332121372	-0.578252077103	0.404833465815	
0.234034672379	-0.328887939453	-0.914910078049	
0.628266692162	0.769325315952	-0.115842655301	
0.741962730885	-0.547696352005	0.386678129435	
0.232009887695	-0.319076538086	-0.918891489506	
0.640006661415	0.761459469795	-0.102815166116	
0.732504546642	-0.56424254179	0.380877226591	
0.229039356112	-0.310392856598	-0.922603487968	
0.673539221287	0.734808981419	-0.0800045579672	
0.70277017355	-0.603085458279	0.377361923456	
0.229792028666	-0.368928194046	-0.900604009628	
0.628185153008	0.763016045094	-0.152282461524	
0.743356645107	-0.530752778053	0.407090216875	
0.213525921106	-0.350203931332	-0.912010908127	
0.627179324627	0.764901041985	-0.1468757689	
0.749034583569	-0.540632605553	0.382966846228	
-0.48285189271	0.846619129181	0.223808094859	
0.777450859547	0.296818614006	0.55449873209	
0.403018862009	0.441740572453	-0.801524221897	
-0.486054599285	0.832323789597	0.266435801983	
0.770287513733	0.264009416103	0.580479264259	
0.412805140018	0.48737680912	-0.769451618195	
-0.492080420256	0.823438823223	0.282498449087	
0.780280888081	0.273291349411	0.562559783459	
0.386029213667	0.497252821922	-0.776994943619	
-0.498139292002	0.82834893465	0.256310999393	
0.766280591488	0.282211154699	0.577209591866	
0.405797094107	0.483936935663	-0.775328159332	
-0.428066253662	0.867409527302	0.253692805767	
0.78545576334	0.218232259154	0.579166591167	
0.44701063633	0.447186142206	-0.774729669094	
-0.486027061939	0.812289059162	0.322434782982	
0.771317183971	0.225222468376	0.595268547535	
0.41091054678	0.538016080856	-0.735996723175	
-0.467191308737	0.844364762306	0.262260228395	
0.792601823807	0.268518388271	0.547430515289	
0.391809374094	0.463622748852	-0.794694542885	
-0.508462488651	0.842134714127	0.179652452469	
0.748164772987	0.328777313232	0.576328873634	
0.426280885935	0.427451223135	-0.79722648859	
-0.807686507702	-0.560217916965	0.183843553066	
0.57711660862	-0.815009176731	0.0519276596606	
0.120743371546	0.148040428758	0.981582939625	
-0.809226930141	-0.537535309792	0.237081348896	
0.565870583057	-0.821637034416	0.0685789734125	
0.157931193709	0.189653307199	0.969066202641	
-0.825826227665	-0.546979725361	0.137201547623	
0.560193181038	-0.823653697968	0.0881938785315	
0.0647663101554	0.149692192674	0.986609101295	
-0.833519279957	-0.531888186932	0.149467796087	
0.551398158073	-0.817854106426	0.164543971419	
0.0347238555551	0.219566836953	0.97497934103	
-0.788297235966	-0.595587611198	0.154476061463	
0.60593277216	-0.795068085194	0.0266865883023	
0.106924787164	0.11463907361	0.98763602972	
-0.823100507259	-0.518958508968	0.230624347925	
0.551690876484	-0.827029109001	0.107981793582	
0.134694963694	0.216113209724	0.967032730579	
-0.80756098032	-0.572012960911	0.143688708544	
0.589450061321	-0.790983080864	0.163995191455	
0.0198479611427	0.217133432627	0.975940108299	
-0.863947331905	-0.48963752389	0.117686673999	
0.501777112484	-0.856782138348	0.118928715587	
0.0425998829305	0.16180062294	0.985903561115	
-0.0692371353507	0.483273506165	0.872727274895	
0.53857088089	0.75449359417	-0.375074386597	
-0.839730679989	0.444056421518	-0.312516003847	
0.0146908825263	0.474123358727	0.880335867405	
0.526765584946	0.744674682617	-0.409850746393	
-0.849883615971	0.469751685858	-0.238811939955	
-0.00411558989435	0.52659714222	0.850104987621	
0.551689505577	0.710228800774	-0.437279999256	
-0.834039449692	0.467194318771	-0.29344111681	
0.0344216637313	0.534954369068	0.844179451466	
0.55051279068	0.694830417633	-0.462759554386	
-0.834116816521	0.480660557747	-0.27058199048	
0.00620807381347	0.445589244366	0.895215988159	
0.550460100174	0.745866715908	-0.375068694353	
-0.83483839035	0.495109111071	-0.240648701787	
0.0117916706949	0.427515387535	0.9039311409	
0.551249682903	0.751436471939	-0.362583816051	
-0.834257006645	0.502567231655	-0.226807042956	
-0.0450945943594	0.530425071716	0.846531569958	
0.547241687775	0.722054302692	-0.423277854919	
-0.835758924484	0.444169819355	-0.322831481695	
0.00133509072475	0.485318034887	0.874336659908	
0.522178947926	0.745327830315	-0.414506435394	
-0.852834880352	0.457113623619	-0.252427786589	
0.720242202282	0.689837276936	0.0733194351196	
-0.683395087719	0.687376737595	0.24593578279	
0.119257591665	-0.227239459753	0.966509103775	
0.723451912403	0.675884008408	0.140705689788	
-0.686939477921	0.684435904026	0.244257450104	
0.0687856823206	-0.273364812136	0.959447860718	
0.700953483582	0.711999118328	0.0414906255901	
-0.698756635189	0.6739372015	0.239891141653	
0.142840191722	-0.197144389153	0.96991276741	
0.676564335823	0.732858896255	0.0719619095325	
-0.722201108932	0.641271114349	0.259223788977	
0.14382737875	-0.227352529764	0.963132679462	
0.736038923264	0.663374245167	0.134838148952	
-0.67327606678	0.696692705154	0.247625976801	
0.0703279301524	-0.273045659065	0.959426939487	
0.676917970181	0.71578669548	0.171555861831	
-0.734506130219	0.641757726669	0.220562413335	
0.0477783493698	-0.275311499834	0.960167050362	
0.691119551659	0.718596458435	0.0772841721773	
-0.712340593338	0.659194111824	0.240902543068	
0.122166447341	-0.221545100212	0.967467367649	
0.65234041214	0.753581702709	0.081034488976	
-0.752506792545	0.631201088428	0.187932565808	
0.0904734730721	-0.18357501924	0.978833377361	
-0.204203560948	-0.947578907013	-0.245754167438	
-0.924629628658	0.269147604704	-0.269480347633	
0.321498036385	0.172202736139	-0.93112039566	
-0.155440449715	-0.954583764076	-0.254181206226	
-0.932711005211	0.2265830338	-0.280553668737	
0.32540512085	0.19346819818	-0.925570964813	
-0.153207033873	-0.975462913513	-0.158113017678	
-0.947968482971	0.190263256431	-0.255256026983	
0.279075890779	0.11077914387	-0.953857779503	
-0.12627390027	-0.980999290943	-0.147293061018	
-0.931096732616	0.16843137145	-0.323557883501	
0.34221881628	0.096287176013	-0.934673786163	
-0.138431787491	-0.953739881516	-0.266864955425	
-0.934078752995	0.215286180377	-0.284866243601	
0.329140633345	0.209838345647	-0.920670568943	
-0.153831928968	-0.949621140957	-0.273048430681	
-0.93390828371	0.229989141226	-0.273715645075	
0.322724342346	0.212896004319	-0.922238767147	
-0.121146313846	-0.985589444637	-0.118055127561	
-0.939803719521	0.152167215943	-0.305964291096	
0.319519281387	0.0738821998239	-0.944695115089	
-0.165493547916	-0.974824011326	-0.149432316422	
-0.930068135262	0.204664617777	-0.305099368095	
0.32800167799	0.088490255177	-0.940523445606	
0.0623855404556	0.827123939991	0.558546304703	
0.937158346176	-0.241034701467	0.25226277113	
0.343281656504	0.507708787918	-0.790183186531	
0.0601250492036	0.863697946072	0.500410676003	
0.923055827618	-0.238922938704	0.301469326019	
0.379938006401	0.443781167269	-0.811606645584	
0.0127064296976	0.875897824764	0.482329308987	
0.938385725021	-0.17704769969	0.296793401241	
0.345355987549	0.448839753866	-0.824179649353	
0.0524095781147	0.863812923431	0.501079320908	
0.923487901688	-0.232873395085	0.304860770702	
0.380030721426	0.446763068438	-0.809925556183	
0.0805496349931	0.815854489803	0.572619616985	
0.934554815292	-0.26157271862	0.241219878197	
0.346581995487	0.515714228153	-0.783530294895	
0.0308449305594	0.882648944855	0.469019681215	
0.919174611568	-0.20938013494	0.333583593369	
0.392640590668	0.420821636915	-0.817766785622	
0.0828752666712	0.872888565063	0.480829775333	
0.939746558666	-0.229034200311	0.253810375929	
0.33167463541	0.430823534727	-0.839275300503	
0.058554392308	0.888049840927	0.456003129482	
0.938471198082	-0.204705685377	0.278149932623	
0.340357422829	0.411658883095	-0.845395624638	
0.944573521614	0.00189766765106	-0.328294485807	
0.0369177013636	-0.994254648685	0.100472949445	
-0.326217651367	-0.107023969293	-0.939216673374	
0.944746613503	0.0153099857271	-0.327443808317	
0.0671601518989	-0.986759126186	0.147634655237	
-0.320847868919	-0.161468520761	-0.933265507221	
0.93946403265	-0.010581462644	-0.342484146357	
0.0361451506615	-0.990885913372	0.129763931036	
-0.340735793114	-0.134287685156	-0.930519163609	
0.934923648834	-0.0153843732551	-0.354515343904	
0.045445419848	-0.985641539097	0.162620529532	
-0.351926892996	-0.168148875237	-0.920800447464	
0.95263671875	0.0342808365822	-0.302172392607	
0.074703425169	-0.989560127258	0.123248428106	
-0.294792681932	-0.139984279871	-0.945252180099	
0.95190602541	-0.0172582175583	-0.305903702974	
0.0059705581516	-0.997177898884	0.0748370289803	
-0.306331962347	-0.0730642303824	-0.949116587639	
0.927944302559	0.00578033877537	-0.372674018145	
0.0695572569966	-0.984999477863	0.157917201519	
-0.366170883179	-0.172460541129	-0.914426743984	
0.936530053616	-0.0173719935119	-0.350156694651	
0.0478556901217	-0.983088433743	0.176768004894	
-0.347305804491	-0.182305529714	-0.919860541821	
0.806214272976	-0.564557909966	0.176898017526	
0.218101039529	0.00566755747423	-0.97590970993	
0.549955010414	0.825374007225	0.127699926496	
0.816077053547	-0.563178598881	0.129800468683	
0.148225799203	-0.0131248971447	-0.988866448402	
0.558612048626	0.826231002808	0.0727666690946	
0.807181060314	-0.578766942024	0.11613586545	
0.124525047839	-0.0253642704338	-0.99189221859	
0.577020168304	0.815098464489	0.0515974238515	
0.80160009861	-0.586713135242	0.114913098514	
0.127929791808	-0.0194276925176	-0.991592943668	
0.584013044834	0.809561789036	0.05948484689	
0.833397448063	-0.532596707344	0.147612378001	
0.184938266873	0.0170538797975	-0.98260217905	
0.520813286304	0.84619730711	0.112710162997	
0.865065634251	-0.498771220446	0.0537472032011	
0.114495895803	0.0919903218746	-0.98915541172	
0.48841804266	0.861838161945	0.136684924364	
0.799725353718	-0.579716682434	0.156102448702	
0.164115458727	-0.0390157811344	-0.985669255257	
0.577499330044	0.81388348341	0.0639385581017	
0.870574831963	-0.479839384556	0.108874551952	
0.121586509049	-0.00461710337549	-0.992570102215	
0.47677692771	0.877344191074	0.0543224662542	
0.168027281761	0.984798073769	-0.0440410040319	
-0.694930493832	0.0866463556886	-0.713837504387	
-0.699169814587	0.15054962039	0.69892513752	
0.142237380147	0.988466858864	-0.051978610456	
-0.719481348991	0.0671814903617	-0.691254854202	
-0.679790496826	0.135719925165	0.72073918581	
0.223334148526	0.973818838596	-0.0424115024507	
-0.670462071896	0.12188886106	-0.731863200665	
-0.707532644272	0.191885352135	0.680130541325	
0.202201649547	0.977940380573	-0.0524133369327	
-0.701474010944	0.107276566327	-0.704575002193	
-0.683409571648	0.179232820868	0.707691252232	
0.110885538161	0.99379825592	-0.0083302827552	
-0.691882491112	0.0711759179831	-0.718493282795	
-0.713444471359	0.0854340940714	0.695483982563	
0.136242449284	0.982973456383	-0.123292975128	
-0.682226240635	0.00285287946463	-0.731135547161	
-0.718335092068	0.183725401759	0.670998990536	
0.0861517935991	0.993649482727	-0.0723779797554	
-0.67483830452	0.00475738570094	-0.737950325012	
-0.732919573784	0.112419173121	0.670962572098	
0.229641705751	0.972189366817	-0.0459621287882	
-0.679166376591	0.126243084669	-0.723046123981	
-0.697135388851	0.197257488966	0.689269006252	
-0.4310285151	-0.87068682909	0.236894279718	
0.385487407446	0.0596902854741	0.920780420303	
-0.81585162878	0.488202363253	0.309910565615	
-0.42242372036	-0.873015284538	0.243726298213	
0.340140432119	0.0965609028935	0.935403883457	
-0.840156316757	0.478037983179	0.256158173084	
-0.462819159031	-0.86031037569	0.213692441583	
0.416534304619	0.00173385068774	0.909118354321	
-0.782494485378	0.509767651558	0.357546329498	
-0.455499380827	-0.848724782467	0.268675506115	
0.420641988516	0.0607964992523	0.905187308788	
-0.784589469433	0.525328457355	0.329316526651	
-0.457400619984	-0.83171081543	0.314709126949	
0.366716921329	0.145988658071	0.91880685091	
-0.810125529766	0.535672008991	0.238227114081	
-0.464063376188	-0.838880717754	0.284471929073	
0.383665114641	0.099107965827	0.918138742447	
-0.798402309418	0.535216510296	0.275856882334	
-0.524844110012	-0.821186542511	0.224034145474	
0.4049924016	-0.00941296759993	0.914271593094	
-0.748678743839	0.570582151413	0.337514668703	
-0.478340834379	-0.823381781578	0.305340021849	
0.410867452621	0.0974604263902	0.906470835209	
-0.776130139828	0.559056282043	0.291681468487	
-0.271000236273	-0.191967904568	0.943242907524	
0.905520915985	-0.383203268051	0.182173281908	
0.326482355595	0.903495192528	0.277679145336	
-0.285364419222	-0.227605387568	0.931001067162	
0.878193259239	-0.451145410538	0.158884868026	
0.383853793144	0.862938940525	0.328622370958	
-0.211530640721	-0.169821128249	0.962504863739	
0.896603286266	-0.425716221333	0.12193544209	
0.389046698809	0.888778090477	0.242314204574	
-0.234273806214	-0.188250184059	0.95377022028	
0.87865203619	-0.460846781731	0.124863065779	
0.416036456823	0.867284297943	0.273370742798	
-0.232456564903	-0.164748594165	0.958551943302	
0.888753473759	-0.436309129	0.140540391207	
0.395071148872	0.884585916996	0.247843801975	
-0.241433620453	-0.174223989248	0.954649567604	
0.893677055836	-0.42333611846	0.148754447699	
0.378221064806	0.889062702656	0.257907539606	
-0.239528551698	-0.122009575367	0.963192462921	
0.879180312157	-0.448152691126	0.161867812276	
0.411907851696	0.885591804981	0.214613780379	
-0.248783111572	-0.184466287494	0.950830757618	
0.892190098763	-0.425725340843	0.150846883655	
0.376966565847	0.885849952698	0.270492255688	
0.153574690223	0.662168800831	-0.733448922634	
0.777725338936	-0.53887617588	-0.32366001606	
-0.609555721283	-0.520715773106	-0.597743153572	
0.175732523203	0.661719501019	-0.728865802288	
0.779657065868	-0.545591652393	-0.307350873947	
-0.60104316473	-0.514253854752	-0.611792504787	
0.108796015382	0.62420886755	-0.773645043373	
0.747217476368	-0.564640402794	-0.350495696068	
-0.655613780022	-0.539948582649	-0.527850449085	
0.127343311906	0.639158308506	-0.758459150791	
0.73831731081	-0.571709156036	-0.357821404934	
-0.662322580814	-0.514417350292	-0.544704973698	
0.113206453621	0.615956127644	-0.77960395813	
0.793772041798	-0.527997732162	-0.301901131868	
-0.597586989403	-0.584650695324	-0.548701524734	
0.171373322606	0.633810222149	-0.754265069962	
0.800983726978	-0.535397648811	-0.267907530069	
-0.573634266853	-0.558241844177	-0.599424540997	
0.0987882316113	0.604570448399	-0.790402054787	
0.784124076366	-0.536337852478	-0.31223577261	
-0.612691104412	-0.588928043842	-0.527042090893	
0.142969861627	0.625528275967	-0.766990184784	
0.742012023926	-0.580577552319	-0.33518332243	
-0.654963970184	-0.521194815636	-0.547154605389	
-0.154711529613	-0.931478917599	-0.329258859158	
0.456243515015	-0.362967759371	0.812463104725	
-0.876302599907	-0.0245248060673	0.481136500835	
-0.133444935083	-0.922960162163	-0.361022144556	
0.512580156326	-0.376049399376	0.77191221714	
-0.848206341267	-0.0820450186729	0.523272931576	
-0.155839860439	-0.911186635494	-0.381382793188	
0.410781055689	-0.410912543535	0.813885629177	
-0.898316681385	-0.0298290029168	0.43833476305	
-0.131530791521	-0.916406571865	-0.378019303083	
0.432215809822	-0.396192640066	0.810074627399	
-0.892126202583	-0.0568361766636	0.448196947575	
-0.102003522217	-0.939653098583	-0.326569110155	
0.480279833078	-0.334004253149	0.811031699181	
-0.871163904667	-0.0741164684296	0.485366046429	
-0.117774695158	-0.927588045597	-0.354555398226	
0.490239828825	-0.364808946848	0.791567623615	
-0.863593697548	-0.0805905386806	0.497705847025	
-0.133752584457	-0.925193607807	-0.355143725872	
0.414258211851	-0.377749145031	0.828067481518	
-0.900277972221	-0.0363650508225	0.433793962002	
-0.164938554168	-0.917429208755	-0.362103492022	
0.425652444363	-0.397393971682	0.81295633316	
-0.889727652073	-0.0200423877686	0.456051558256	
0.909649968147	0.1392339468	-0.391344875097	
0.102671325207	0.837544500828	0.536635637283	
0.402486652136	-0.528330504894	0.747577011585	
0.911182284355	0.0455488450825	-0.409477859735	
0.19081273675	0.834201514721	0.517395734787	
0.365153819323	-0.549575448036	0.751418352127	
0.951369822025	0.0737977996469	-0.299080818892	
0.105254821479	0.834576189518	0.540743947029	
0.289511442184	-0.545927166939	0.786222994328	
0.948140442371	0.0275777354836	-0.316653102636	
0.149148657918	0.841139495373	0.519845187664	
0.280685603619	-0.540114581585	0.793405175209	
0.929747343063	0.0877424925566	-0.357590705156	
0.12047791481	0.845231831074	0.520642101765	
0.347929477692	-0.5271474123	0.775281071663	
0.923643827438	0.0503329113126	-0.379932522774	
0.162923455238	0.845735907555	0.508120715618	
0.346897780895	-0.531222462654	0.772958338261	
0.950448691845	0.0190158542246	-0.310299307108	
0.151848316193	0.842564582825	0.516746640205	
0.271273583174	-0.53825956583	0.797926843166	
0.946142733097	0.0257449056953	-0.322724461555	
0.150245919824	0.848071336746	0.508135020733	
0.286775261164	-0.529256284237	0.798528492451	
-0.0190154723823	-0.0449351072311	0.998808920383	
-0.833241760731	0.552835404873	0.00900796242058	
-0.552581727505	-0.832078039646	-0.0479542352259	
-0.0887423381209	-0.0614307075739	0.994158446789	
-0.901584029198	0.429225981236	-0.0539562031627	
-0.423404067755	-0.901105642319	-0.0934754610062	
-0.0880735367537	-0.0171647332609	0.995966076851	
-0.845010459423	0.530713558197	-0.0655780360103	
-0.527447044849	-0.847377419472	-0.0612461976707	
-0.0499309711158	0.00711124064401	0.998727381229	
-0.900565981865	0.432050198317	-0.0480997599661	
-0.431842386723	-0.901821494102	-0.0151685448363	
-0.0134519040585	-0.0305058751255	0.999444067478	
-0.847153663635	0.531326174736	0.00481541687623	
-0.531177699566	-0.846617937088	-0.0329905115068	
0.00371891981922	0.00489801773801	0.999981105328	
-0.891596138477	0.452830165625	0.00109782523941	
-0.452816218138	-0.891583323479	0.00605109287426	
-0.102265581489	-0.0103053078055	0.994703769684	
-0.857006430626	0.508603513241	-0.0828396826982	
-0.505056142807	-0.860939145088	-0.0608443468809	
-0.120353482664	-0.0219809319824	0.992487728596	
-0.864891469479	0.493086457253	-0.0939600542188	
-0.487316936255	-0.869702577591	-0.0783557891846	
0.938855171204	-0.0235746782273	-0.343504220247	
-0.150707185268	0.868871927261	-0.471538901329	
0.309577554464	0.49447530508	0.8121920228	
0.938833415508	-0.114131748676	-0.324908912182	
-0.0885761529207	0.831709265709	-0.548100292683	
0.332785397768	0.543354034424	0.770727097988	
0.899423718452	-0.0381297022104	-0.43541136384	
-0.200630694628	0.84901791811	-0.488790214062	
0.38830947876	0.526986420155	0.755976915359	
0.910382509232	-0.0325476229191	-0.412485569715	
-0.187109783292	0.85676419735	-0.480567395687	
0.369044184685	0.514680206776	0.773893177509	
0.889696419239	-0.0693205669522	-0.451259344816	
-0.183050602674	0.851320683956	-0.491676270962	
0.418249696493	0.520045876503	0.744727790356	
0.90046608448	-0.105475850403	-0.421942710876	
-0.143583983183	0.843662202358	-0.517317831516	
0.410541653633	0.526411414146	0.744544565678	
0.936071872711	-0.0784066990018	-0.342960447073	
-0.109154485166	0.862011909485	-0.494995683432	
0.33444699645	0.500787198544	0.79834663868	
0.949991226196	-0.0952985212207	-0.297380000353	
-0.0805656388402	0.845262408257	-0.528243005276	
0.301704883575	0.525784850121	0.795314073563	
-0.95091933012	0.256431728601	-0.173191383481	
-0.280863761902	-0.950169026852	0.135256722569	
-0.129876971245	0.177261412144	0.975556433201	
-0.9570774436	0.236225008965	-0.167929947376	
-0.250227659941	-0.965831875801	0.0674901977181	
-0.146249219775	0.106614068151	0.983485937119	
-0.976175606251	0.1755002141	-0.127596363425	
-0.187073290348	-0.978649735451	0.085136808455	
-0.109930619597	0.106978341937	0.988165438175	
-0.954151332378	0.233009412885	-0.187887847424	
-0.247607335448	-0.96711987257	0.0580497607589	
-0.168183937669	0.101910665631	0.980473577976	
-0.971610069275	0.223789691925	-0.0767599418759	
-0.232979789376	-0.961481392384	0.145855918527	
-0.0411622039974	0.159598588943	0.986323475838	
-0.981150567532	0.165446534753	-0.0998547747731	
-0.176310136914	-0.977933704853	0.112073220313	
-0.0791092216969	0.127566114068	0.988670110703	
-0.951544642448	0.197991415858	-0.235291719437	
-0.229168951511	-0.966773688793	0.113270431757	
-0.205047264695	0.161703437567	0.965301811695	
-0.94665068388	0.205343604088	-0.248367711902	
-0.230519741774	-0.970046758652	0.0766152963042	
-0.225195840001	0.129781588912	0.965631186962	
0.204941645265	0.296158999205	0.932892680168	
-0.111374825239	-0.939876496792	0.322843343019	
0.972416877747	-0.170064806938	-0.159635171294	
0.170449584723	0.292352825403	0.940997719765	
-0.0830547362566	-0.947311520576	0.309358716011	
0.981859862804	-0.130884379148	-0.137187570333	
0.159470558167	0.225375518203	0.96113216877	
-0.15835736692	-0.955143928528	0.250245898962	
0.974418818951	-0.192109212279	-0.116627454758	
0.196353763342	0.250817030668	0.947911381721	
-0.0841799676418	-0.958849430084	0.271148562431	
0.976912975311	-0.133036196232	-0.167159929872	
0.176846370101	0.298527866602	0.937873363495	
-0.117675557733	-0.939644217491	0.321280539036	
0.977178514004	-0.167182072997	-0.131043225527	
0.189392790198	0.295141935349	0.936494290829	
-0.145353868604	-0.934820652008	0.324010252953	
0.97108322382	-0.197488278151	-0.134148254991	
0.195532426238	0.246919125319	0.94910377264	
-0.0896636545658	-0.959230184555	0.268025934696	
0.976589739323	-0.137507870793	-0.165420934558	
0.165183022618	0.230080321431	0.959050357342	
-0.139127939939	-0.957248628139	0.253610908985	
0.97640055418	-0.175322920084	-0.126110613346	
-0.37819686532	0.84152752161	0.385744124651	
-0.23966242373	-0.491493970156	0.837254822254	
0.894163906574	0.224198773503	0.387564003468	
-0.342235684395	0.849171102047	0.402222782373	
-0.220273837447	-0.488650947809	0.844215452671	
0.913429915905	0.200321495533	0.354283958673	
-0.35128313303	0.850065529346	0.392414063215	
-0.215358257294	-0.481248766184	0.849717855453	
0.91116464138	0.213981941342	0.352123200893	
-0.322020024061	0.871775567532	0.369202524424	
-0.24629047513	-0.453688204288	0.856450796127	
0.914135694504	0.184863239527	0.360806703568	
-0.3414093256	0.862520396709	0.373494565487	
-0.249458730221	-0.466270565987	0.848741471767	
0.9062063694	0.19659678638	0.374352365732	
-0.35478335619	0.848086118698	0.393546372652	
-0.218311950564	-0.484438329935	0.84714782238	
0.909103214741	0.214638069272	0.357017993927	
-0.340780049562	0.856270194054	0.388162761927	
-0.283103585243	-0.487175673246	0.826142966747	
0.896505057812	0.171642795205	0.408432900906	
-0.333440512419	0.864317655563	0.376526772976	
-0.247241318226	-0.465572476387	0.849772930145	
0.909774243832	0.190255746245	0.368935763836	
0.613924205303	0.18305079639	-0.767847299576	
0.500087559223	-0.8428196311	0.198915913701	
-0.610745072365	-0.506110191345	-0.608968734741	
0.569029510021	0.210480138659	-0.794923603535	
0.571011006832	-0.796762049198	0.19777944684	
-0.591736257076	-0.5664524436	-0.573567569256	
0.636216342449	0.184196785092	-0.749199748039	
0.505742371082	-0.832908213139	0.22469650209	
-0.582626283169	-0.52185767889	-0.623065948486	
0.640838086605	0.185236349702	-0.744992613792	
0.483412504196	-0.851249694824	0.204172179103	
-0.596354663372	-0.490980058908	-0.635058820248	
0.62634062767	0.195437118411	-0.754653394222	
0.526585638523	-0.819882929325	0.224720939994	
-0.574808657169	-0.538141489029	-0.616440355778	
0.644396603107	0.203387215734	-0.737147629261	
0.530416607857	-0.813264489174	0.239288657904	
-0.550827741623	-0.545192122459	-0.631944835186	
0.616550981998	0.195809304714	-0.762576937675	
0.5238083601	-0.825127899647	0.211633548141	
-0.587783694267	-0.529927074909	-0.611299991608	
0.612851321697	0.172990754247	-0.771030128002	
0.534897565842	-0.809024691582	0.243646651506	
-0.581633746624	-0.561741292477	-0.588344156742	
-0.43121907115	0.784489631653	-0.445674955845	
0.131109505892	0.543201744556	0.829302191734	
0.89267039299	0.299178689718	-0.337092995644	
-0.413619965315	0.792143344879	-0.448806703091	
0.11462406069	0.534335672855	0.83746445179	
0.90320533514	0.294947952032	-0.311810582876	
-0.325639128685	0.825378239155	-0.461204797029	
0.0975576937199	0.514520227909	0.851910471916	
0.940447568893	0.232421308756	-0.248069927096	
-0.34671163559	0.800955414772	-0.488120377064	
0.114550843835	0.552661716938	0.82549571991	
0.930950641632	0.230294361711	-0.283364355564	
-0.347973883152	0.786051988602	-0.510917246342	
0.0419817455113	0.557494342327	0.829118549824	
0.936563789845	0.267062395811	-0.226993307471	
-0.308128893375	0.780329287052	-0.544190049171	
0.0490754507482	0.584298074245	0.810053944588	
0.950078010559	0.222894638777	-0.218334108591	
-0.355654776096	0.778664827347	-0.516904950142	
0.0836513862014	0.577366828918	0.812188386917	
0.93086630106	0.245618879795	-0.270479679108	
-0.321907937527	0.809635698795	-0.490780293941	
0.122058585286	0.549536347389	0.826505601406	
0.938870072365	0.206154748797	-0.275723099709	
0.703561961651	0.540464222431	-0.461409777403	
-0.273350298405	-0.393511891365	-0.877740263939	
-0.655957460403	0.743671178818	-0.129123941064	
0.750055551529	0.469656854868	-0.465659856796	
-0.284094303846	-0.407020688057	-0.868115544319	
-0.597249627113	0.783426165581	-0.171861276031	
0.727660179138	0.491927832365	-0.478035181761	
-0.332416892052	-0.35670658946	-0.873074710369	
-0.600008010864	0.794208705425	-0.0960360839963	
0.72726893425	0.456401228905	-0.512618601322	
