-0.511312544346	-0.0644254088402	0.856976568699	
-0.788646101952	0.43138679862	-0.438112735748	
-0.341462790966	-0.899863779545	-0.271382331848	
-0.504481494427	-0.085413351655	0.859187364578	
-0.792611598969	0.44047498703	-0.421602427959	
-0.342440068722	-0.893692553043	-0.289911091328	
-0.533085942268	-0.0806192234159	0.842211306095	
-0.776553213596	0.441755473614	-0.449240684509	
-0.335834056139	-0.893505811691	-0.298098742962	
-0.517640650272	-0.0764772519469	0.8521733284	
-0.779248416424	0.453413546085	-0.432652384043	
-0.353298872709	-0.888013184071	-0.294300049543	
-0.501183092594	-0.0542336963117	0.863640069962	
-0.787189424038	0.443052768707	-0.42899543047	
-0.359372109175	-0.894853591919	-0.264742732048	
-0.504180014133	-0.0791273638606	0.859965920448	
-0.78320145607	0.461458832026	-0.416714787483	
-0.363865315914	-0.883625805378	-0.294631004333	
-0.521938502789	-0.0750587880611	0.849674284458	
-0.772604346275	0.463731497526	-0.43363070488	
-0.361472934484	-0.882790625095	-0.300030082464	
-0.50541472435	-0.078423589468	0.85930532217	
-0.783760070801	0.458288311958	-0.419156312943	
-0.360937833786	-0.885336995125	-0.293090939522	
-0.171274274588	0.704629302025	-0.688594698906	
-0.859500050545	0.234775841236	0.454026401043	
0.481585711241	0.669610202312	0.56541788578	
-0.163241744041	0.707070112228	-0.68804359436	
-0.845113158226	0.259623914957	0.467310607433	
0.509053945541	0.65775924921	0.555172801018	
-0.14572905004	0.70120549202	-0.697906792164	
-0.860699772835	0.257973223925	0.438914179802	
0.487810313702	0.664650797844	0.565933227539	
-0.140013188124	0.707529008389	-0.692675232887	
-0.856362521648	0.264634490013	0.44340929389	
0.497030705214	0.655264258385	0.568849027157	
-0.15662536025	0.706542611122	-0.690120339394	
-0.860045790672	0.245969071984	0.447012782097	
0.485581815243	0.663548648357	0.569133996964	
-0.164362251759	0.710835754871	-0.683884203434	
-0.852645218372	0.246215671301	0.460840553045	
0.495964944363	0.658855378628	0.565622091293	
-0.155737996101	0.698474407196	-0.698483467102	
-0.857851743698	0.254935801029	0.446204185486	
0.489730656147	0.668686211109	0.559484302998	
-0.154471382499	0.70417624712	-0.693018317223	
-0.853395342827	0.258356034756	0.452734559774	
0.497850388288	0.661353111267	0.561032116413	
0.798819303513	0.241549342871	0.550946116447	
0.213649526238	0.742224574089	-0.635182321072	
-0.562353610992	0.625105261803	0.541296422482	
0.791840314865	0.285839259624	0.539708077908	
0.189160272479	0.72546851635	-0.661750555038	
-0.580695509911	0.626092135906	0.520385801792	
0.776602327824	0.252479076385	0.577185571194	
0.227600842714	0.741858422756	-0.630748748779	
-0.587440788746	0.621208846569	0.518664479256	
0.778723239899	0.251106649637	0.574922204018	
0.226918712258	0.741621315479	-0.631273090839	
-0.584891438484	0.622047662735	0.520536959171	
0.788535237312	0.263260871172	0.555793046951	
0.193833187222	0.751291513443	-0.630864262581	
-0.583644509315	0.605189800262	0.541391134262	
0.792145550251	0.267608642578	0.54853540659	
0.218101531267	0.715288341045	-0.663923382759	
-0.570032596588	0.645560383797	0.508246600628	
0.781364500523	0.270189791918	0.562553942204	
0.201487109065	0.743928849697	-0.637159943581	
-0.59065425396	0.611201584339	0.526839852333	
0.783036768436	0.254426568747	0.567556619644	
0.223386466503	0.736580073833	-0.63839507103	
-0.580475568771	0.62667131424	0.519933819771	
0.940291106701	0.0696814060211	-0.333162367344	
-0.185838401318	0.925150692463	-0.330998927355	
0.285160928965	0.373149693012	0.882860422134	
0.947242975235	0.0531364306808	-0.316081047058	
-0.163153097034	0.928773760796	-0.332806736231	
0.275883644819	0.36681842804	0.888443827629	
0.952071428299	0.0751817375422	-0.296492427588	
-0.171103179455	0.934380531311	-0.312500715256	
0.253542393446	0.348253786564	0.902460813522	
0.961393296719	0.0621748380363	-0.268062025309	
-0.156195566058	0.925301253796	-0.345572710037	
0.226552203298	0.374101370573	0.89928984642	
0.948581695557	0.0536791346967	-0.31194755435	
-0.166238486767	0.923145353794	-0.346651703119	
0.269364982843	0.380685150623	0.884602367878	
0.953246414661	0.066438831389	-0.294800251722	
-0.170380413532	0.923857212067	-0.342721939087	
0.24958331883	0.376926630735	0.891983449459	
0.950382530689	0.0736102685332	-0.302249103785	
-0.177560806274	0.926143407822	-0.332762032747	
0.255431324244	0.369918823242	0.893260836601	
0.953060746193	0.0696575045586	-0.294657558203	
-0.175577804446	0.919990539551	-0.350413769484	
0.246673226357	0.385700941086	0.889037191868	
-0.61486941576	0.355524480343	-0.703944563866	
0.726167976856	-0.0929194316268	-0.681209266186	
-0.307596713305	-0.930036723614	-0.201037168503	
-0.624306082726	0.346373766661	-0.700190782547	
0.729560256004	-0.0618931204081	-0.681110143661	
-0.27925568819	-0.936052620411	-0.214060276747	
-0.576165378094	0.348522096872	-0.739300906658	
0.763630390167	-0.0929226204753	-0.63893198967	
-0.29137969017	-0.932683110237	-0.212603256106	
-0.577768862247	0.359665751457	-0.732682526112	
0.769535064697	-0.0591392666101	-0.635860323906	
-0.272027492523	-0.93120521307	-0.242606565356	
-0.616918742657	0.325226634741	-0.716686069965	
0.734217882156	-0.090120382607	-0.672905981541	
-0.283434957266	-0.941331982613	-0.183190241456	
-0.632366895676	0.343052953482	-0.694569528103	
0.720605552197	-0.0685831308365	-0.689944922924	
-0.284323394299	-0.936808943748	-0.203836143017	
-0.607130169868	0.336482554674	-0.719841957092	
0.737501263618	-0.0985923111439	-0.668110370636	
-0.295778363943	-0.936514317989	-0.188297942281	
-0.603633701801	0.36275652051	-0.709953546524	
0.743588030338	-0.0650453716516	-0.665466666222	
-0.287581562996	-0.929611086845	-0.230477824807	
0.577934086323	0.544457912445	-0.60791260004	
-0.704819262028	0.708497166634	-0.0355185754597	
0.41136598587	0.448995918036	0.793209135532	
0.585865020752	0.53295391798	-0.610509872437	
-0.695825874805	0.716991484165	-0.041828352958	
0.415437757969	0.449314326048	0.790903329849	
0.563456535339	0.548752069473	-0.617566049099	
-0.704500555992	0.709597766399	-0.0122451381758	
0.431503981352	0.441975235939	0.786423683167	
0.586296975613	0.541466057301	-0.602553188801	
-0.699189245701	0.713882088661	-0.0388175621629	
0.4091334939	0.444057315588	0.797134160995	
0.587449789047	0.53363609314	-0.608387410641	
-0.686288535595	0.726896703243	-0.0250855702907	
0.428848236799	0.432265818119	0.793243646622	
0.578021526337	0.543813765049	-0.608405888081	
-0.700197100639	0.713417768478	-0.0275516100228	
0.419064611197	0.441929459572	0.793147683144	
0.58706754446	0.530868887901	-0.611170947552	
-0.685773611069	0.727314829826	-0.0269754342735	
0.430193275213	0.434961289167	0.791038811207	
0.571271300316	0.524467349052	-0.631334364414	
-0.708154439926	0.703825712204	-0.0560949407518	
0.414929419756	0.479127645493	0.773479342461	
0.232303395867	-0.803656160831	0.547879457474	
-0.948639273643	-0.0628357455134	0.310056835413	
-0.214752659202	-0.591767251492	-0.776976704597	
0.224368393421	-0.81111997366	0.540132582188	
-0.94881772995	-0.0554094649851	0.310925483704	
-0.222269430757	-0.582249224186	-0.782037138939	
0.213640615344	-0.808613300323	0.548180818558	
-0.955723047256	-0.0567624308169	0.288741230965	
-0.202363908291	-0.585595905781	-0.784937083721	
0.213674038649	-0.815159440041	0.538385093212	
-0.953147828579	-0.0531591549516	0.29779753089	
-0.214132383466	-0.576792180538	-0.788326144218	
0.248786062002	-0.807316541672	0.5351126194	
-0.944471180439	-0.0797649770975	0.318765968084	
-0.214661791921	-0.584702968597	-0.782331645489	
0.239198461175	-0.814298987389	0.528867900372	
-0.943387746811	-0.0659996643662	0.325059324503	
-0.229790374637	-0.57668119669	-0.783986747265	
0.241612017155	-0.787615180016	0.566820919514	
-0.948154389858	-0.0673345625401	0.310595035553	
-0.206462725997	-0.612477242947	-0.763049662113	
0.225179180503	-0.816988110542	0.53087168932	
-0.950407385826	-0.06421726197	0.304305583239	
-0.214522927999	-0.5730676651	-0.790931940079	
0.947455227375	-0.115065343678	0.298477083445	
-0.201178207994	-0.939777255058	0.276307791471	
0.24870853126	-0.321836322546	-0.913545548916	
0.945004045963	-0.13071039319	0.299803495407	
-0.213863492012	-0.940493822098	0.264071464539	
0.247446447611	-0.313665598631	-0.916724681854	
0.94735622406	-0.107559837401	0.301574230194	
-0.191219314933	-0.945529282093	0.263457000256	
0.25680989027	-0.307254433632	-0.916320562363	
0.948992431164	-0.104314647615	0.297542989254	
-0.192097142339	-0.939605474472	0.283267021179	
0.250024139881	-0.325975418091	-0.911717057228	
0.952122807503	-0.102966658771	0.287854254246	
-0.186292544007	-0.941975831985	0.279242932796	
0.242399036884	-0.31949865818	-0.916058599949	
0.944012820721	-0.13306927681	0.301881432533	
-0.215887457132	-0.941091418266	0.260268330574	
0.249464288354	-0.310869038105	-0.917130291462	
0.947040081024	-0.101575180888	0.304626882076	
-0.18698592484	-0.945667564869	0.265987098217	
0.261058062315	-0.308861404657	-0.914578199387	
0.941740095615	-0.133410185575	0.308751165867	
-0.219186261296	-0.939705252647	0.262509942055	
0.255113601685	-0.314890176058	-0.914199769497	
-0.995899140835	-0.083565197885	-0.0346657261252	
0.0742172002792	-0.535508513451	-0.84126240015	
0.0517364665866	-0.840385317802	0.539514422417	
-0.995313167572	-0.0847548693419	-0.0465646386147	
0.0861438140273	-0.558269917965	-0.825175106525	
0.0439419709146	-0.825318872929	0.562954545021	
-0.994644641876	-0.102063067257	-0.0162849146873	
0.0705464035273	-0.555282890797	-0.828664064407	
0.0755332633853	-0.825375080109	0.559509336948	
-0.994653224945	-0.100977376103	-0.0216442868114	
0.0720153525472	-0.527990460396	-0.846191346645	
0.0740182101727	-0.843225717545	0.532439351082	
-0.996270120144	-0.080828115344	-0.0302104596049	
0.0692928880453	-0.540757596493	-0.838319599628	
0.0514232553542	-0.837286114693	0.544341444969	
-0.995939671993	-0.08736910671	-0.0216975025833	
0.0666051954031	-0.552993774414	-0.830518901348	
0.0605631060898	-0.828591883183	0.556567668915	
-0.997257232666	-0.0687334388494	-0.0274539310485	
0.060761269182	-0.548488020897	-0.833947777748	
0.0422619506717	-0.833328604698	0.551159977913	
-0.995137751102	-0.0960173532367	-0.0219429861754	
0.0682314485312	-0.511392772198	-0.85663408041	
0.0710302516818	-0.853966116905	0.515457630157	
-0.989160597324	0.0683850198984	0.129941344261	
0.0715391337872	0.997242093086	0.0197571702302	
-0.128231883049	0.0288389064372	-0.991324841976	
-0.990383028984	0.0472884699702	0.130020067096	
0.0537070818245	0.997482299805	0.0463095493615	
-0.127502813935	0.0528471916914	-0.990429282188	
-0.984414339066	0.0489017665386	0.168929100037	
0.0622888840735	0.9952455163	0.0748764127493	
-0.164464339614	0.0842318236828	-0.982779979706	
-0.985385358334	0.038462344557	0.165940642357	
0.050705242902	0.996244549751	0.0701835379004	
-0.162618041039	0.0775718912482	-0.98363506794	
-0.98431122303	0.066799364984	0.163307234645	
0.0713315829635	0.997209072113	0.0220415163785	
-0.161379113793	0.0333446748555	-0.98632901907	
-0.982666671276	0.0573619529605	0.176283329725	
0.0647614449263	0.997232735157	0.0365076810122	
-0.173701345921	0.0472912453115	-0.983662247658	
-0.985534071922	0.0440507270396	0.163652434945	
0.0613437481225	0.992874264717	0.102164790034	
-0.15798586607	0.110725939274	-0.981213629246	
-0.988595485687	0.0582216978073	0.138885617256	
0.0659794434905	0.996469318867	0.0519192889333	
-0.135372415185	0.0604907684028	-0.98894649744	
-0.877311766148	-0.479233711958	-0.0256732515991	
-0.224826946855	0.363141238689	0.904201984406	
-0.424001067877	0.799039125443	-0.426332741976	
-0.881480157375	-0.469758689404	-0.048161637038	
-0.247320771217	0.3723757267	0.894521534443	
-0.402275025845	0.800414323807	-0.444422870874	
-0.873553335667	-0.483767896891	-0.0536024682224	
-0.252567082644	0.356395423412	0.899551093578	
-0.416070252657	0.799344062805	-0.433514237404	
-0.882565915585	-0.46873486042	-0.0369471125305	
-0.23097461462	0.363764822483	0.902400076389	
-0.40954631567	0.804961383343	-0.429312258959	
-0.89559918642	-0.443300127983	-0.0372442677617	
-0.226835384965	0.383043795824	0.895445764065	
-0.382685035467	0.810408830643	-0.44360986352	
-0.885311901569	-0.464876174927	-0.0106272660196	
-0.22565959394	0.409539669752	0.883942902088	
-0.406571686268	0.784963309765	-0.467474132776	
-0.896239519119	-0.442319214344	-0.0332939624786	
-0.20867857337	0.354214191437	0.911584079266	
-0.391417950392	0.823945403099	-0.409763276577	
-0.894431054592	-0.445123881102	-0.0431026406586	
-0.224452152848	0.363460600376	0.904166817665	
-0.386800140142	0.818389356136	-0.424999445677	
0.881475746632	-0.463111907244	0.0923464894295	
0.00377725623548	0.202462688088	0.979282677174	
-0.472214192152	-0.862865149975	0.180215239525	
0.885811030865	-0.45823147893	0.0732309892774	
0.0181753113866	0.191948458552	0.981236696243	
-0.4636901021	-0.867859244347	0.17835855484	
0.886249303818	-0.459474921227	0.0586936399341	
0.0411457419395	0.204299092293	0.978043377399	
-0.461377471685	-0.864375293255	0.199965372682	
0.886067569256	-0.459085613489	0.0642232224345	
0.0350803472102	0.204555287957	0.978226184845	
-0.462226778269	-0.864521563053	0.197354704142	
0.894022703171	-0.442689150572	0.0689180195332	
0.0332393199205	0.218942761421	0.975171387196	
-0.446786880493	-0.869534611702	0.210454493761	
0.89637029171	-0.440705537796	0.0479473620653	
0.0311904996634	0.170588120818	0.984848618507	
-0.44220751524	-0.881293535233	0.166655942798	
0.886290311813	-0.459223091602	0.0600302554667	
0.0340102799237	0.193804875016	0.980450391769	
-0.461879611015	-0.866922020912	0.187385678291	
0.901542782784	-0.428039133549	0.0632705539465	
0.031647298485	0.211065202951	0.976959526539	
-0.431531131268	-0.878768444061	0.203830584884	
0.206029236317	-0.365029454231	-0.907912671566	
0.67736440897	0.722798764706	-0.136891975999	
0.706207752228	-0.586784005165	0.39617562294	
0.208336919546	-0.375994265079	-0.902897596359	
0.66904091835	0.728166520596	-0.148854672909	
0.713428318501	-0.57306355238	0.403259545565	
0.200783088803	-0.374045103788	-0.905415058136	
0.681323647499	0.717418074608	-0.145290791988	
0.703906416893	-0.587708711624	0.398891180754	
0.20594869554	-0.351236850023	-0.913355231285	
0.662403166294	0.737052083015	-0.134075731039	
0.72028273344	-0.577396690845	0.384455323219	
0.206542536616	-0.348740041256	-0.914177536964	
0.669219791889	0.731952250004	-0.128026247025	
0.713782191277	-0.585342824459	0.384563028812	
0.204327270389	-0.346592694521	-0.915491044521	
0.687950968742	0.716167867184	-0.117588698864	
0.696400642395	-0.605786383152	0.384771406651	
0.208205357194	-0.378200292587	-0.902006149292	
0.659846246243	0.735051929951	-0.155889555812	
0.721978843212	-0.562728345394	0.40259578824	
0.200160801411	-0.354042500257	-0.913558721542	
0.666990995407	0.732242465019	-0.13763704896	
0.717675864697	-0.581785917282	0.382709413767	
-0.457744657993	0.859600782394	0.227060183883	
0.793981313705	0.280303955078	0.539465785027	
0.400079339743	0.427219122648	-0.810814619064	
-0.459618508816	0.851534724236	0.252268493176	
0.788026869297	0.260021299124	0.558034598827	
0.409590661526	0.455277383327	-0.790542840958	
-0.462063610554	0.846459925175	0.2645804286	
0.796592175961	0.265010893345	0.543332457542	
0.389792472124	0.461816847324	-0.796735227108	
-0.460788965225	0.852132260799	0.248080864549	
0.790490627289	0.26697909832	0.551222920418	
0.403482466936	0.450103074312	-0.796623587608	
-0.424928307533	0.871868252754	0.24347832799	
0.800256550312	0.236090645194	0.551226556301	
0.423113971949	0.429076880217	-0.798039853573	
-0.453955501318	0.848473787308	0.272060006857	
0.790456056595	0.242570146918	0.562440156937	
0.411222070456	0.470374286175	-0.780797302723	
-0.447512984276	0.85943621397	0.247187241912	
0.799240171909	0.26037183404	0.541684031487	
0.401182293892	0.439972609282	-0.803415775299	
-0.467943906784	0.858012676239	0.211760953069	
0.779214203358	0.287519007921	0.556918382645	
0.416957736015	0.425613701344	-0.803118467331	
-0.831250309944	-0.513628005981	0.21262460947	
0.538579046726	-0.838844358921	0.0792008563876	
0.137679174542	0.180350884795	0.973918914795	
-0.82877856493	-0.505023002625	0.240993484855	
0.537246823311	-0.83857947588	0.0902791768312	
0.156499132514	0.204294428229	0.966318666935	
-0.83838570118	-0.507705926895	0.198353514075	
0.531931638718	-0.841508865356	0.0944012105465	
0.11898817867	0.18465512991	0.975573837757	
-0.838962197304	-0.503517508507	0.206428155303	
0.533747732639	-0.835317134857	0.131752282381	
0.106093391776	0.220715746284	0.969550788403	
-0.824615716934	-0.530513942242	0.196376994252	
0.550074219704	-0.832993090153	0.0595048181713	
0.132012560964	0.157090529799	0.978721261024	
-0.840983688831	-0.487949639559	0.233776763082	
0.522018253803	-0.845358848572	0.11342549324	
0.142279326916	0.217424720526	0.965651631355	
-0.8304053545	-0.522096514702	0.194530591369	
0.549444615841	-0.825273215771	0.13051687181	
0.0923984870315	0.215265706182	0.972174465656	
-0.856077849865	-0.482771784067	0.184559300542	
0.506739735603	-0.854273438454	0.115895271301	
0.101713135839	0.192738905549	0.975964188576	
-0.0296642370522	0.502399682999	0.864126503468	
0.575776994228	0.715260863304	-0.396084219217	
-0.817068457603	0.485794603825	-0.310487866402	
0.00684312544763	0.500410676003	0.865761101246	
0.575730860233	0.705917000771	-0.412571340799	
-0.817610621452	0.501268684864	-0.283271193504	
-0.0088645061478	0.51993227005	0.854161500931	
0.587122321129	0.694161295891	-0.416446179152	
-0.809449672699	0.497805714607	-0.311417251825	
0.00754314288497	0.519125103951	0.854664981365	
0.582564949989	0.692386388779	-0.425698429346	
-0.812749147415	0.501108944416	-0.297201305628	
0.00572043238208	0.49252179265	0.870281338692	
0.577552616596	0.708835721016	-0.404950529337	
-0.816333413124	0.504949748516	-0.280402392149	
0.00453156465665	0.481654465199	0.876349508762	
0.583125591278	0.710661351681	-0.393605142832	
-0.812369346619	0.512805461884	-0.277644634247	
-0.024052452296	0.520490527153	0.853528618813	
0.579961180687	0.702686011791	-0.412161827087	
-0.814288914204	0.485099971294	-0.318765640259	
-0.00516424747184	0.491238623857	0.871009707451	
0.570901751518	0.716568291187	-0.400750666857	
-0.82100212574	0.495191425085	-0.28414952755	
0.738991379738	0.66626894474	0.099887304008	
-0.670950353146	0.714407265186	0.198614925146	
0.0609707385302	-0.213794127107	0.974974155426	
0.736708939075	0.664013564587	0.127851232886	
-0.675136387348	0.71162301302	0.194379910827	
0.0380890145898	-0.229518443346	0.972558736801	
0.732849121094	0.67384403944	0.0941616818309	
-0.676647245884	0.707304954529	0.204617351294	
0.0712791606784	-0.213667884469	0.974302470684	
0.718686282635	0.687970995903	0.100925497711	
-0.691197812557	0.691036164761	0.21145825088	
0.0757339820266	-0.221731618047	0.972162246704	
0.743176937103	0.657131433487	0.125961691141	
-0.6678647995	0.717136442661	0.199178218842	
0.0405545532703	-0.232150033116	0.971834182739	
0.717110216618	0.683332681656	0.137147277594	
-0.696233093739	0.693372607231	0.185725450516	
0.0318181142211	-0.228672102094	0.972983419895	
0.727590024471	0.675675988197	0.118637017906	
-0.683273673058	0.698329389095	0.213244393468	
0.0612364038825	-0.236216038465	0.969769060612	
0.70537084341	0.70031028986	0.10962421447	
-0.707283496857	0.685117602348	0.174252450466	
0.0469252988696	-0.20044799149	0.978579878807	
-0.218812093139	-0.955305755138	-0.198776826262	
-0.919608473778	0.270007312298	-0.285335481167	
0.326253801584	0.120361998677	-0.937588095665	
-0.196963325143	-0.959043264389	-0.203571647406	
-0.925254583359	0.250494152308	-0.284880042076	
0.324205815792	0.132244691253	-0.936697363853	
-0.206310585141	-0.965299844742	-0.160100281239	
-0.929667890072	0.244412317872	-0.275645017624	
0.305210590363	0.0919716060162	-0.947833180428	
-0.186788529158	-0.969972729683	-0.155765637755	
-0.923632800579	0.227409973741	-0.308524161577	
0.334682673216	0.0862414687872	-0.938376188278	
-0.183918550611	-0.962408840656	-0.199857875705	
-0.926429510117	0.237672314048	-0.291959315538	
0.328484892845	0.13145750761	-0.935316324234	
-0.197406157851	-0.957125127316	-0.211996048689	
-0.923752069473	0.254010885954	-0.286636680365	
0.328196465969	0.139247953892	-0.934289634228	
-0.183309912682	-0.972833454609	-0.141394808888	
-0.927105545998	0.218910634518	-0.304225891829	
0.326913952827	0.0753202885389	-0.942047834396	
-0.202628165483	-0.96639996767	-0.15815487504	
-0.923012495041	0.242429211736	-0.298790991306	
0.327092945576	0.0854354500771	-0.941122174263	
0.0988293513656	0.852560937405	0.513198435307	
0.928989589214	-0.263893097639	0.259497106075	
0.356666624546	0.451110064983	-0.818100631237	
0.0994746908545	0.868465602398	0.485666841269	
0.920236349106	-0.265961021185	0.287105828524	
0.378509998322	0.418368548155	-0.825650036335	
0.0768634229898	0.874493598938	0.478908091784	
0.928788244724	-0.237462237477	0.284541785717	
0.362552553415	0.422933369875	-0.83047157526	
0.0905680432916	0.867241978645	0.489580154419	
0.920493423939	-0.260534644127	0.291227698326	
0.380117475986	0.424279391766	-0.821886658669	
0.105642430484	0.853575944901	0.51014482975	
0.924626708031	-0.273102581501	0.265481412411	
0.365930438042	0.443647444248	-0.818090379238	
0.0842509046197	0.878675401211	0.469926953316	
0.918984591961	-0.250821858644	0.304229646921	
0.385187059641	0.406224042177	-0.828621149063	
0.11129566282	0.870850503445	0.478782445192	
0.928481638432	-0.262883543968	0.262324362993	
0.354309350252	0.415345162153	-0.837826550007	
0.0986953154206	0.877249062061	0.469780057669	
0.928284049034	-0.251251518726	0.274155706167	
0.358535796404	0.409031450748	-0.839133679867	
0.930868327618	-0.0398979596794	-0.363169878721	
0.000469811202493	-0.993887901306	0.110393054783	
-0.365354597569	-0.102932013571	-0.925159990788	
0.93117839098	-0.0319556705654	-0.363160550594	
0.0173680335283	-0.991131305695	0.131746143103	
-0.364149838686	-0.128986552358	-0.922365069389	
0.929716050625	-0.0431771501899	-0.3657374084	
0.00359084713273	-0.991993486881	0.126237899065	
-0.368259727955	-0.118678703904	-0.922117233276	
0.926774084568	-0.0441252961755	-0.373018413782	
0.00633758027107	-0.99109774828	0.13298535347	
-0.375565737486	-0.125611409545	-0.918244063854	
0.93623894453	-0.0253167618066	-0.350450694561	
0.0204757023603	-0.99177467823	0.126347795129	
-0.350766837597	-0.125467449427	-0.928019702435	
0.935322880745	-0.049350399524	-0.350336462259	
-0.0140306279063	-0.994618713856	0.102648921311	
-0.353516966105	-0.0910944491625	-0.93098205328	
0.922934055328	-0.0324632525444	-0.383586883545	
0.0214689020067	-0.990546584129	0.135486245155	
-0.384359002113	-0.133280053735	-0.913512229919	
0.928091406822	-0.0435581691563	-0.369795948267	
0.00734807783738	-0.99079823494	0.135147631168	
-0.372279942036	-0.128146648407	-0.919231235981	
0.807170689106	-0.573447287083	0.14012029767	
0.164082095027	-0.0100650265813	-0.986395359039	
0.567056059837	0.819180607796	0.0859682410955	
0.814744114876	-0.567311704159	0.119789347053	
0.1353328228	-0.0148285329342	-0.990689218044	
0.563805878162	0.823369622231	0.0646944269538	
0.807576060295	-0.575810372829	0.127527683973	
0.134656488895	-0.030497841537	-0.990422904491	
0.57418513298	0.817014217377	0.0529072806239	
0.807135939598	-0.578007936478	0.120159886777	
0.134837031364	-0.0176672618836	-0.990710258484	
0.574761331081	0.815839827061	0.0636769980192	
0.818286299706	-0.558123886585	0.137496471405	
0.160194575787	-0.00829734094441	-0.987050592899	
0.552037358284	0.829716145992	0.082618817687	
0.835628688335	-0.541564762592	0.0918273627758	
0.128924116492	0.0308657493442	-0.99117398262	
0.53395062685	0.840092182159	0.0956130698323	
0.805266320705	-0.577570915222	0.134007304907	
0.141798183322	-0.0318562239408	-0.989382863045	
0.575707733631	0.815718710423	0.0562457591295	
0.843502640724	-0.525454342365	0.111359886825	
0.128026053309	-0.00466634659097	-0.991759836674	
0.521644115448	0.850809037685	0.0633357688785	
0.203740850091	0.97795945406	-0.0456620380282	
-0.676860272884	0.107007279992	-0.728292286396	
-0.707354128361	0.179289713502	0.683743655682	
0.188070863485	0.98082536459	-0.051097728312	
-0.689982950687	0.0949192866683	-0.717575013638	
-0.698965609074	0.17021150887	0.694604337215	
0.225579574704	0.973279595375	-0.0429027564824	
-0.661356627941	0.120651297271	-0.740304410458	
-0.715346932411	0.195371583104	0.670901417732	
0.211603239179	0.975870251656	-0.0538640171289	
-0.68393188715	0.108480386436	-0.72143548727	
-0.698184251785	0.18949739635	0.690383553505	
0.176207467914	0.984141290188	-0.0204169861972	
-0.670310139656	0.104775995016	-0.734647035599	
-0.720857262611	0.143136009574	0.67814218998	
0.184330180287	0.979326188564	-0.0833220183849	
-0.667616248131	0.0625403150916	-0.741874158382	
-0.721325814724	0.192376926541	0.665342152119	
0.161675080657	0.985808908939	-0.0451880171895	
-0.665127515793	0.0750267580152	-0.742951154709	
-0.729017555714	0.150172472	0.667818546295	
0.229118227959	0.972550094128	-0.0406347587705	
-0.673643231392	0.12829002738	-0.727836847305	
-0.702644765377	0.194134011865	0.684545338154	
-0.488301515579	-0.847946286201	0.206273555756	
0.364604175091	0.0165189933032	0.931016087532	
-0.792859017849	0.529824733734	0.301098495722	
-0.477551043034	-0.852770924568	0.211487084627	
0.341199785471	0.0418152287602	0.939060270786	
-0.80964666605	0.52060854435	0.270996332169	
-0.490745037794	-0.847356975079	0.202868208289	
0.385386526585	-0.00227695307694	0.922752439976	
-0.78143876791	0.531018853188	0.327677369118	
-0.489627540112	-0.841856122017	0.227031081915	
0.381781339645	0.0270986966789	0.923855304718	
-0.783905506134	0.539021253586	0.308136701584	
-0.495804607868	-0.834453523159	0.240551680326	
0.353081941605	0.0593742057681	0.933706521988	
-0.793417274952	0.547870457172	0.265192478895	
-0.491655439138	-0.839588284492	0.23101170361	
0.36400949955	0.042840320617	0.930409491062	
-0.791057527065	0.541531324387	0.284555435181	
-0.51964610815	-0.829759299755	0.203635558486	
0.38339844346	-0.0134703563526	0.923484802246	
-0.763527095318	0.557958841324	0.325128227472	
-0.491041183472	-0.835198104382	0.247634232044	
0.381820946932	0.049160502851	0.922927975655	
-0.783001482487	0.547747552395	0.294756293297	
-0.292558521032	-0.175032839179	0.940092027187	
0.879875183105	-0.43426284194	0.192964851856	
0.374471843243	0.883617162704	0.281054347754	
-0.302285641432	-0.196430891752	0.932758450508	
0.86800801754	-0.461123734713	0.184192821383	
0.393935889006	0.865320622921	0.309894680977	
-0.262364685535	-0.168353959918	0.950169324875	
0.8760612607	-0.454389095306	0.161391600966	
0.404575645924	0.874749958515	0.266704022884	
-0.275274008512	-0.181902393699	0.943999886513	
0.869408845901	-0.46619027853	0.163691282272	
0.410307735205	0.865781784058	0.28647762537	
-0.268188565969	-0.164979681373	0.949134647846	
0.873921096325	-0.45624756813	0.167630657554	
0.405384719372	0.874425470829	0.266539603472	
-0.275264203548	-0.168983832002	0.94640058279	
0.875201404095	-0.451399743557	0.173956289887	
0.397809177637	0.876175045967	0.272149085999	
-0.267847687006	-0.147963568568	0.952031731606	
0.874432981014	-0.452199071646	0.175735592842	
0.40450540185	0.879558265209	0.25050470233	
-0.278337240219	-0.177114456892	0.944012105465	
0.876013457775	-0.449848115444	0.173888191581	
0.393863946199	0.875366866589	0.280364125967	
0.167264282703	0.644073009491	-0.746453404427	
0.761536478996	-0.56525939703	-0.317086726427	
-0.626166820526	-0.515414178371	-0.585032761097	
0.175094529986	0.65083193779	-0.738755524158	
0.757944107056	-0.568007051945	-0.320762753487	
-0.628380954266	-0.503771603107	-0.59274917841	
0.148811817169	0.629567742348	-0.762561142445	
0.748439729214	-0.575705111027	-0.329244017601	
-0.646291732788	-0.521735668182	-0.556865215302	
0.166791766882	0.633530795574	-0.755525827408	
0.746413230896	-0.581798613071	-0.323075294495	
-0.644241988659	-0.510048151016	-0.569914996624	
0.1406596452	0.623878598213	-0.768759012222	
0.76833075285	-0.558492004871	-0.312657207251	
-0.624405860901	-0.546682953835	-0.557902395725	
0.169501453638	0.636859357357	-0.752116620541	
0.768205821514	-0.56343883276	-0.303967863321	
-0.617356479168	-0.526257395744	-0.5847427845	
0.136363327503	0.616634726524	-0.775349378586	
0.762559711933	-0.564943373203	-0.315185070038	
-0.632382571697	-0.548270523548	-0.547258377075	
0.157043516636	0.62707978487	-0.762960195541	
0.740051150322	-0.586282908916	-0.329540014267	
-0.653958439827	-0.512877464294	-0.556143045425	
-0.202789515257	-0.91959887743	-0.336473315954	
0.451464295387	-0.392716288567	0.801220238209	
-0.868939816952	0.0105733741075	0.494804799557	
-0.189897254109	-0.916270554066	-0.352685779333	
0.476544111967	-0.400089234114	0.782837331295	
-0.858396649361	-0.0194116644561	0.512619197369	
-0.199581936002	-0.912748634815	-0.356450557709	
0.419914662838	-0.408342897892	0.81051081419	
-0.885346651077	0.0120844999328	0.464774399996	
-0.18734613061	-0.915303170681	-0.356541007757	
0.433501243591	-0.402750015259	0.806144595146	
-0.881463587284	-0.00353289488703	0.472238719463	
-0.179376810789	-0.92624938488	-0.33149060607	
0.452569156885	-0.376877307892	0.808173656464	
-0.87350165844	-0.00505480496213	0.486794948578	
-0.181404963136	-0.918134629726	-0.352308154106	
0.455110937357	-0.395959049463	0.79755282402	
-0.871760427952	-0.0156592484564	0.489682048559	
-0.186251387	-0.917443335056	-0.351579576731	
0.412247151136	-0.397791594267	0.819642663002	
-0.891831099987	0.00772191397846	0.452302634716	
-0.20379383862	-0.91297274828	-0.353481024504	
0.421931803226	-0.407711267471	0.80978089571	
-0.883426070213	0.0158834718168	0.468301296234	
0.930065274239	0.0537766069174	-0.363437265158	
0.158908858895	0.833025872707	0.529920637608	
0.331249982119	-0.550614178181	0.766222834587	
0.932321131229	0.00129917811137	-0.361629128456	
0.20163179934	0.828262746334	0.522805333138	
0.300203174353	-0.560338377953	0.77194494009	
0.947676718235	0.0230496469885	-0.318398475647	
0.156956553459	0.834866225719	0.527601242065	
0.277981162071	-0.549970149994	0.787565469742	
0.945308744907	-0.00163396052085	-0.32617276907	
0.181647136807	0.833207845688	0.52227294445	
0.270916312933	-0.55295753479	0.787935495377	
0.940504848957	0.0272091515362	-0.338689148426	
0.164084389806	0.836485803127	0.522845864296	
0.29753485322	-0.547312676907	0.782254338264	
0.935875713825	0.00360006000847	-0.352311939001	
0.189767509699	0.837362766266	0.512651860714	
0.296858459711	-0.546635746956	0.782984256744	
0.94803661108	-0.00854614097625	-0.318046540022	
0.182022899389	0.834450721741	0.520153522491	
0.260948836803	-0.551016330719	0.792645394802	
0.944245576859	-0.00629694620147	-0.329181820154	
0.186504840851	0.834163486958	0.519025266171	
0.271323174238	-0.551481306553	0.788829565048	
-0.0607644021511	-0.0414696633816	0.997290313244	
-0.833891570568	0.55122333765	-0.0278874412179	
-0.548573195934	-0.833326518536	-0.0680759549141	
-0.0947754383087	-0.0366759523749	0.994822859764	
-0.872528374195	0.484183341265	-0.0652743056417	
-0.479282677174	-0.874197542667	-0.0778894945979	
-0.0793068557978	-0.0246129538864	0.996546328068	
-0.839863836765	0.540154397488	-0.0534969232976	
-0.536972224712	-0.841205894947	-0.0635094791651	
-0.063429325819	-0.0147576602176	0.997877240181	
-0.867051184177	0.495922744274	-0.0477792397141	
-0.49416488409	-0.868241250515	-0.04425169155	
-0.0496567711234	-0.0209986120462	0.998545587063	
-0.841452598572	0.539469480515	-0.030500067398	
-0.538044393063	-0.841743290424	-0.0444576479495	
-0.0497188903391	0.00033992229146	0.998763203621	
-0.865486264229	0.499061703682	-0.0432541593909	
-0.498459160328	-0.866566419601	-0.0245185960084	
-0.0823823213577	-0.0217430926859	0.996363580227	
-0.845146775246	0.53134727478	-0.0582839660347	
-0.528147816658	-0.846875011921	-0.0621497258544	
-0.0935767740011	-0.0229280292988	0.995348036289	
-0.851938307285	0.519190490246	-0.0681345835328	
-0.5152130723	-0.854350924492	-0.0681174397469	
0.932558178902	-0.0738553702831	-0.353384464979	
-0.120096608996	0.859638571739	-0.496586620808	
0.340458512306	0.505536198616	0.792793273926	
0.931502580643	-0.119775675237	-0.343448281288	
-0.0880215167999	0.841934204102	-0.532352387905	
0.352923721075	0.526118457317	0.773721039295	
0.909938812256	-0.0837163999677	-0.40620547533	
-0.139985516667	0.859947085381	-0.490810573101	
0.390404105186	0.503470480442	0.770780205727	
0.916396975517	-0.0793307423592	-0.392330557108	
-0.134799569845	0.861742973328	-0.489109545946	
0.376889497042	0.501104474068	0.779004871845	
0.910960614681	-0.103293761611	-0.399350911379	
-0.127830892801	0.849784493446	-0.511395692825	
0.392186194658	0.516910731792	0.760916113853	
0.915381848812	-0.123221300542	-0.383265733719	
-0.105097010732	0.845855295658	-0.522956430912	
0.388626724482	0.518984854221	0.761330366135	
0.926117479801	-0.0999264195561	-0.363759696484	
-0.102090656757	0.861904203892	-0.496687650681	
0.363158226013	0.497127592564	0.788022994995	
0.93448805809	-0.115639396012	-0.336689263582	
-0.0819311589003	0.850520193577	-0.519521594048	
0.346438169479	0.513072013855	0.785326480865	
-0.955265820026	0.262266725302	-0.136687323451	
-0.276217579842	-0.956346094608	0.0954254642129	
-0.10569345206	0.128912121058	0.986007392406	
-0.95768892765	0.251531094313	-0.139871567488	
-0.261842876673	-0.963200211525	0.0606928318739	
-0.119458183646	0.0947492197156	0.988307833672	
-0.967300474644	0.230007469654	-0.10689432919	
-0.237791866064	-0.969020485878	0.0667410343885	
-0.0882318615913	0.089977234602	0.992027819157	
-0.95618981123	0.255876839161	-0.142225548625	
-0.266550779343	-0.96185195446	0.0615747384727	
-0.121044375002	0.0967874675989	0.987917244434	
-0.963779985905	0.247844785452	-0.0984940826893	
-0.257780998945	-0.960400998592	0.105729959905	
-0.0683891996741	0.127290323377	0.989504992962	
-0.96713578701	0.224957004189	-0.118501894176	
-0.235843136907	-0.967843711376	0.0875016525388	
-0.0950072035193	0.112573839724	0.98909085989	
-0.957026839256	0.242080420256	-0.159676939249	
-0.258245110512	-0.961929321289	0.0894508734345	
-0.131943628192	0.126842677593	0.983108222485	
-0.95557051897	0.243870645761	-0.165565893054	
-0.258228898048	-0.963452041149	0.0712600871921	
-0.14213655889	0.110847942531	0.98362082243	
0.217720940709	0.258508563042	0.941154062748	
-0.137944459915	-0.946456372738	0.291876196861	
0.966213703156	-0.193374544382	-0.170403540134	
0.197433575988	0.260015577078	0.945204675198	
-0.126052260399	-0.949445962906	0.287512004375	
0.972178399563	-0.175909712911	-0.154676958919	
0.186289355159	0.227788433433	0.955724179745	
-0.161128267646	-0.952498495579	0.25842666626	
0.969192445278	-0.202136307955	-0.140737175941	
0.202900663018	0.24241887033	0.948717236519	
-0.128026887774	-0.95398581028	0.271146029234	
0.97079372406	-0.17647702992	-0.16252823174	
0.202565819025	0.263487935066	0.943154931068	
-0.142958238721	-0.944846987724	0.294664442539	
0.968777596951	-0.194520711899	-0.153725922108	
0.202011987567	0.263342797756	0.943314254284	
-0.160515546799	-0.941245257854	0.297139823437	
0.966139674187	-0.211442410946	-0.14787222445	
0.21071138978	0.240719303489	0.947446525097	
-0.133273825049	-0.953083157539	0.271791398525	
0.968420803547	-0.183539360762	-0.168743893504	
0.194500923157	0.233294665813	0.952755451202	
-0.154323279858	-0.951930999756	0.264597207308	
0.968686580658	-0.198496758938	-0.149148672819	
-0.352478682995	0.840203285217	0.4120888412	
-0.239925861359	-0.506767630577	0.828023076057	
0.90454095602	0.192989706993	0.380211293697	
-0.335283517838	0.843988180161	0.418651282787	
-0.236003398895	-0.505445718765	0.829956054688	
0.912078559399	0.179467469454	0.368651717901	
-0.336168140173	0.846031248569	0.413789927959	
-0.233818247914	-0.500576674938	0.833517849445	
0.91231572628	0.183450505137	0.366095483303	
-0.321528851986	0.856737613678	0.403261512518	
-0.245937019587	-0.486818820238	0.838166117668	
0.914403736591	0.170317649841	0.367229789495	
-0.331809312105	0.853013217449	0.402828812599	
-0.25150385499	-0.491557002068	0.833737075329	
0.909202098846	0.175328716636	0.377639293671	
-0.336379528046	0.846110403538	0.413456171751	
-0.236249417067	-0.500819563866	0.832686007023	
0.911611258984	0.182419747114	0.368358522654	
-0.331368207932	0.850304424763	0.408873438835	
-0.26168820262	-0.499184697866	0.82603508234	
0.906484663486	0.166724428535	0.387928575277	
-0.329278886318	0.85121935606	0.408657610416	
-0.246362477541	-0.495252460241	0.83308494091	
0.911526679993	0.173639386892	0.37278470397	
0.630621492863	0.18059463799	-0.754786133766	
0.486532092094	-0.849705934525	0.203190326691	
-0.604651212692	-0.495363861322	-0.623707890511	
0.609400033951	0.19324503839	-0.768952488899	
0.519651770592	-0.829842925072	0.20328015089	
-0.598826885223	-0.523466467857	-0.60612642765	
0.636598289013	0.179053202271	-0.75012165308	
0.488929480314	-0.845915019512	0.213015958667	
-0.596397995949	-0.502362191677	-0.626052439213	
0.639230906963	0.184437647462	-0.746569931507	
0.484066456556	-0.850854933262	0.20426826179	
-0.59754794836	-0.491964042187	-0.633172869682	
0.634640216827	0.186630427837	-0.749933898449	
0.499011158943	-0.839944422245	0.213263273239	
-0.590101420879	-0.509570837021	-0.626193165779	
0.642440915108	0.192727118731	-0.741704761982	
0.504450678825	-0.834947168827	0.219983488321	
-0.576887488365	-0.51547986269	-0.633625507355	
0.628413617611	0.190675765276	-0.754147946835	
0.501234769821	-0.840648055077	0.205120950937	
-0.594861388206	-0.506905913353	-0.623847961426	
0.625526189804	0.177483618259	-0.759747684002	
0.506430745125	-0.833123207092	0.222336888313	
-0.593502283096	-0.523837089539	-0.611023485661	
-0.36531829834	0.805827021599	-0.466031461954	
0.113049216568	0.535333752632	0.837041020393	
0.92399263382	0.253101915121	-0.286665320396	
-0.358094960451	0.806719720364	-0.470075815916	
0.100446842611	0.53382652998	0.839606881142	
0.928266346455	0.253441333771	-0.272193014622	
-0.323012948036	0.821613788605	-0.469695091248	
0.0921825245023	0.521253883839	0.848408341408	
0.941894352436	0.230749204755	-0.244110196829	
-0.329962790012	0.810728549957	-0.483573943377	
0.101576298475	0.539782226086	0.8356539011	
0.938513100147	0.226615041494	-0.260458856821	
-0.33209425211	0.804870486259	-0.491830199957	
0.069658651948	0.540926337242	0.838180363178	
0.94067054987	0.244094640017	-0.23570472002	
-0.308247178793	0.802170991898	-0.511375963688	
0.0718893259764	0.555656433105	0.828298211098	
0.9485861063	0.218558087945	-0.228947043419	
-0.337731182575	0.796987771988	-0.500747561455	
0.0886837691069	0.556584298611	0.826044261456	
0.937055408955	0.234572723508	-0.258655756712	
-0.316949754953	0.814497351646	-0.485939174891	
0.10194312036	0.538642883301	0.836344122887	
0.942947745323	0.215540900826	-0.253755122423	
0.743479847908	0.516355097294	-0.424988359213	
-0.266069144011	-0.354639649391	-0.896346986294	
-0.613551020622	0.779492259026	-0.126281306148	
0.763970553875	0.486325532198	-0.424071282148	
-0.26803612709	-0.358644396067	-0.894164860249	
-0.58694601059	0.796782076359	-0.143640935421	
0.752301812172	0.49338516593	-0.436592519283	
-0.296621412039	-0.338065266609	-0.893155992031	
-0.588266670704	0.80142557621	-0.107978515327	
0.751531362534	0.482932806015	-0.449418008327	
