-0.50715982914	-0.073763102293	0.858689665794	
-0.806288480759	0.392558604479	-0.442489117384	
-0.30444663763	-0.916764259338	-0.258564293385	
-0.495840698481	-0.100252062082	0.862607419491	
-0.810604512691	0.409787863493	-0.418323129416	
-0.311548292637	-0.906655073166	-0.284454286098	
-0.53753221035	-0.094241283834	0.837960481644	
-0.789967894554	0.403897225857	-0.461321741343	
-0.29497435689	-0.909937143326	-0.291555345058	
-0.525245249271	-0.0892392769456	0.846258699894	
-0.786333560944	0.431028574705	-0.442599028349	
-0.325264453888	-0.897914648056	-0.29656752944	
-0.471338450909	-0.0416945032775	0.880966305733	
-0.810002028942	0.415631085634	-0.413699805737	
-0.348907977343	-0.908577084541	-0.229675546288	
-0.488123059273	-0.0851224213839	0.868613839149	
-0.797153294086	0.448705017567	-0.403993159533	
-0.355362504721	-0.889616787434	-0.286878883839	
-0.526147484779	-0.0824979692698	0.846382260323	
-0.780087947845	0.443081468344	-0.441748380661	
-0.338572949171	-0.892677366734	-0.297481864691	
-0.501016080379	-0.0923932045698	0.860491931438	
-0.79597735405	0.43948122859	-0.416264623404	
-0.339710056782	-0.893487393856	-0.293730050325	
-0.197321206331	0.696746706963	-0.689643681049	
-0.858646631241	0.216631621122	0.464539259672	
0.473064810038	0.683823645115	0.555513203144	
-0.183671802282	0.704099774361	-0.685935974121	
-0.836467683315	0.254576027393	0.485296696424	
0.516320168972	0.662898600101	0.542198300362	
-0.150749310851	0.691021740437	-0.706939637661	
-0.86830663681	0.24928805232	0.428834497929	
0.472565561533	0.67848688364	0.56243878603	
-0.140584543347	0.698931694031	-0.701234936714	
-0.860086143017	0.264600932598	0.436163067818	
0.490395605564	0.664440214634	0.563942670822	
-0.173003986478	0.700963020325	-0.691896259785	
-0.858811199665	0.236562490463	0.454402387142	
0.482195973396	0.672821700573	0.56106865406	
-0.175489515066	0.708589315414	-0.683450520039	
-0.853145122528	0.236968368292	0.464746594429	
0.491270631552	0.66464060545	0.562944054604	
-0.175554350019	0.691088378429	-0.701125860214	
-0.858670175076	0.240855619311	0.452409207821	
0.481524884701	0.681458294392	0.551133751869	
-0.177463725209	0.69955688715	-0.69218981266	
-0.850633263588	0.244670137763	0.465359658003	
0.494903743267	0.67138415575	0.55164629221	
0.813176631927	0.22967402637	0.534783661366	
0.205996483564	0.745792806149	-0.633528590202	
-0.544342875481	0.625334203243	0.559149265289	
0.800112009048	0.309845507145	0.51363068819	
0.158244103193	0.716904103756	-0.678975224495	
-0.578601360321	0.624535262585	0.524572372437	
0.772808492184	0.256142348051	0.580653250217	
0.236085668206	0.733242332935	-0.637667000294	
-0.589093029499	0.629878401756	0.506184339523	
0.772672474384	0.252678215504	0.582349479198	
0.238417997956	0.734697818756	-0.63511890173	
-0.588331580162	0.629581511021	0.507437765598	
0.788262784481	0.274276643991	0.550830364227	
0.178657129407	0.754593551159	-0.631403386593	
-0.588832259178	0.596121549606	0.545816540718	
0.798385560513	0.284350931644	0.530777752399	
0.211028069258	0.693440377712	-0.688917696476	
-0.563957095146	0.662030935287	0.493626773357	
0.787197947502	0.283356487751	0.547748565674	
0.181830570102	0.742064237595	-0.645196318626	
-0.589285194874	0.607494652271	0.532628595829	
0.788488209248	0.262147665024	0.556385576725	
0.221365168691	0.723039329052	-0.654378771782	
-0.573832511902	0.639134347439	0.512077629566	
0.931356847286	0.0635604336858	-0.358516991138	
-0.192961663008	0.921164929867	-0.337965935469	
0.308772027493	0.383946925402	0.870198011398	
0.94085162878	0.0420930273831	-0.336193948984	
-0.162792727351	0.926376700401	-0.33959504962	
0.297147661448	0.374238491058	0.878435432911	
0.958296179771	0.061801109463	-0.279014378786	
-0.153139486909	0.935373604298	-0.31878593564	
0.241281375289	0.348219454288	0.905829191208	
0.969967961311	0.0499125421047	-0.238056406379	
-0.13678599894	0.921225547791	-0.364188194275	
0.201126098633	0.385813653469	0.900386631489	
0.948169648647	0.0211882926524	-0.317057341337	
-0.145439237356	0.916067481041	-0.373721569777	
0.282527387142	0.40046402812	0.871668994427	
0.954834103584	0.0514433011413	-0.292652338743	
-0.16167716682	0.916289389133	-0.366434544325	
0.249303624034	0.397199422121	0.883221566677	
0.95303106308	0.052804466337	-0.298233956099	
-0.160124093294	0.923662722111	-0.348148524761	
0.257083803415	0.379550814629	0.888734579086	
0.958390891552	0.0553927384317	-0.280033171177	
-0.161147817969	0.914715051651	-0.370577633381	
0.235623240471	0.400284975767	0.885580956936	
-0.634228169918	0.316522568464	-0.705385088921	
0.714791893959	-0.107668332756	-0.69099932909	
-0.294664502144	-0.942454755306	-0.157961472869	
-0.657593667507	0.300845593214	-0.690697133541	
0.711267888546	-0.05428179726	-0.700821995735	
-0.248331487179	-0.952126801014	-0.178286463022	
-0.550500631332	0.299355059862	-0.779317438602	
0.792284607887	-0.1068835482	-0.600717067719	
-0.263123899698	-0.948136329651	-0.178334951401	
-0.544870853424	0.315176874399	-0.777032315731	
0.807483315468	-0.052562545985	-0.587543964386	
-0.226023063064	-0.947576224804	-0.225860282779	
-0.624137043953	0.260599881411	-0.736573576927	
0.738580286503	-0.110722579062	-0.665011048317	
-0.254857122898	-0.959076762199	-0.123367868364	
-0.645101666451	0.296175837517	-0.704360485077	
0.719206631184	-0.0759456083179	-0.690633118153	
-0.258041918278	-0.952109336853	-0.164018973708	
-0.601056396961	0.283124029636	-0.747376739979	
0.750923275948	-0.120049364865	-0.649386167526	
-0.273578941822	-0.951540291309	-0.140447989106	
-0.596618175507	0.321648478508	-0.735247612	
0.759636342525	-0.0691534355283	-0.646660983562	
-0.258842438459	-0.944330453873	-0.203077688813	
0.557644069195	0.559210538864	-0.613446593285	
-0.735001981258	0.67608076334	-0.0518350638449	
0.38575270772	0.479789972305	0.788033246994	
0.573229074478	0.537775576115	-0.618227958679	
-0.717267453671	0.694097399712	-0.0612879320979	
0.396151274443	0.47856682539	0.783605754375	
0.536435425282	0.568212687969	-0.623996257782	
-0.731571733952	0.681715846062	-0.00814330298454	
0.420761018991	0.460866361856	0.781384885311	
0.577384293079	0.551156461239	-0.602373540401	
-0.719498515129	0.692208468914	-0.0562972016633	
0.385939508677	0.465911984444	0.796226561069	
0.570570409298	0.543301522732	-0.615851283073	
-0.705478787422	0.70814204216	-0.0288879238069	
0.420415371656	0.450952619314	0.787332594395	
0.551561236382	0.56295222044	-0.615520119667	
-0.727904736996	0.685200691223	-0.0255861319602	
0.407351076603	0.46215236187	0.787705719471	
0.57108438015	0.543820083141	-0.614916563034	
-0.705339252949	0.708290100098	-0.0286637824029	
0.419951379299	0.450094223022	0.788071095943	
0.540527999401	0.528108775616	-0.654927909374	
-0.745488643646	0.661469042301	-0.081886716187	
0.389969438314	0.53250336647	0.751241624355	
0.241273924708	-0.783925294876	0.572055995464	
-0.950343489647	-0.0714680999517	0.302885472775	
-0.196555823088	-0.616728007793	-0.762241661549	
0.226518169045	-0.798235177994	0.558130919933	
-0.950577735901	-0.0562467314303	0.305349498987	
-0.21234767139	-0.599714040756	-0.7715254426	
0.198381707072	-0.798758327961	0.568005084991	
-0.963474035263	-0.0525579489768	0.262593626976	
-0.179895669222	-0.599351942539	-0.780009448528	
0.201340347528	-0.805127322674	0.557881712914	
-0.957935988903	-0.0429389923811	0.283751547337	
-0.204501241446	-0.591545581818	-0.779905796051	
0.274160683155	-0.789409637451	0.54924339056	
-0.940707266331	-0.101502895355	0.323677241802	
-0.1997641325	-0.605416834354	-0.770431518555	
0.258072942495	-0.800379931927	0.541101038456	
-0.939841389656	-0.0782298818231	0.332533091307	
-0.223822548985	-0.594366908073	-0.772419214249	
0.254557937384	-0.750981092453	0.609284520149	
-0.950097203255	-0.0767340809107	0.302369296551	
-0.180320739746	-0.655849993229	-0.733038306236	
0.224324420094	-0.807387471199	0.545714199543	
-0.953012764454	-0.0647688135505	0.295925050974	
-0.203580930829	-0.586455821991	-0.783979833126	
0.947166860104	-0.104145206511	0.303362429142	
-0.195661395788	-0.937057673931	0.289204925299	
0.254148811102	-0.333281636238	-0.907927155495	
0.942662537098	-0.131020352244	0.306954324245	
-0.21765114367	-0.938571155071	0.267791211605	
0.253012388945	-0.319245696068	-0.913272619247	
0.947366893291	-0.0917300283909	0.306727290154	
-0.17941339314	-0.94561201334	0.271346211433	
0.265154421329	-0.312095373869	-0.912299096584	
0.950118601322	-0.0829250961542	0.300662815571	
-0.177110075951	-0.936948060989	0.301264613867	
0.256723046303	-0.33948752284	-0.904898643494	
0.955697238445	-0.0818641707301	0.282738476992	
-0.1672937572	-0.941391825676	0.292906463146	
0.242189139128	-0.327230274677	-0.913380980492	
0.942795813084	-0.134362757206	0.305094510317	
-0.219617486	-0.938851952553	0.265189021826	
0.25080704689	-0.317023187876	-0.914654076099	
0.946632325649	-0.0779661685228	0.312743514776	
-0.169988229871	-0.945153355598	0.278907001019	
0.273845285177	-0.317185103893	-0.907966077328	
0.936383605003	-0.13639870286	0.323390156031	
-0.22824677825	-0.936602413654	0.265855908394	
0.266625583172	-0.322755873203	-0.908151686192	
-0.995828211308	-0.0769391283393	-0.0490565337241	
0.0831032767892	-0.54270029068	-0.835805118084	
0.0376831255853	-0.836395084858	0.546830177307	
-0.994451165199	-0.0847561359406	-0.0623158700764	
0.100083999336	-0.579778969288	-0.808603465557	
0.0324046723545	-0.810353457928	0.585044622421	
-0.994185447693	-0.10640437156	-0.0165346264839	
0.0747298896313	-0.571218490601	-0.817389070988	
0.077528886497	-0.813871979713	0.575848698616	
-0.99427819252	-0.105858899653	-0.0143090011552	
0.0682355463505	-0.526340067387	-0.847531735897	
0.0821873769164	-0.843658685684	0.530551791191	
-0.996794044971	-0.0706538185477	-0.0375451743603	
0.070305801928	-0.549470245838	-0.832550048828	
0.0381928831339	-0.832520544529	0.552676081657	
-0.995685756207	-0.0878330171108	-0.0299195721745	
0.0743872672319	-0.5628439188	-0.823209106922	
0.0554648935795	-0.821883261204	0.566949367523	
-0.997866690159	-0.0536661669612	-0.0371748916805	
0.0610847584903	-0.566586911678	-0.821734726429	
0.0230365451425	-0.822252511978	0.568656384945	
-0.994269251823	-0.105379730463	-0.0179947782308	
0.0673610195518	-0.486844718456	-0.870887339115	
0.0830132067204	-0.86710858345	0.491153180599	
-0.99143743515	0.0539550855756	0.118914462626	
0.0513887479901	0.998377025127	-0.0245452914387	
-0.120045810938	-0.0182242542505	-0.99260109663	
-0.991987705231	0.017333611846	0.125139787793	
0.0204939097166	0.99950158596	0.02401102148	
-0.1246612221	0.0263832397759	-0.991848528385	
-0.982238173485	0.0224156752229	0.186294719577	
0.0372434109449	0.996375441551	0.076478138566	
-0.183905169368	0.0820579975843	-0.979512810707	
-0.984383165836	0.00661740917712	0.175914674997	
0.0192709006369	0.997338414192	0.0703190565109	
-0.174981117249	0.0726109296083	-0.981890678406	
-0.985040664673	0.0524962805212	0.164131090045	
0.0513204596937	0.998617172241	-0.011399093084	
-0.16450253129	-0.00280528701842	-0.98637264967	
-0.980592370033	0.0355615913868	0.192805677652	
0.0381932705641	0.999220848083	0.00994859915227	
-0.192301675677	0.0171194002032	-0.981186509132	
-0.984124362469	0.0061601488851	0.177373334765	
0.0273213963956	0.992743074894	0.117110088468	
-0.175364732742	0.120096974075	-0.977150917053	
-0.990284740925	0.0255644228309	0.136684477329	
0.0322576873004	0.998374819756	0.0469798631966	
-0.135261327028	0.0509325675666	-0.989499986172	
-0.862108051777	-0.505557239056	-0.0343746431172	
-0.240662276745	0.3488060534	0.905768156052	
-0.445927590132	0.789142727852	-0.422377049923	
-0.87030351162	-0.488256514072	-0.064632691443	
-0.270883560181	0.364928752184	0.890757620335	
-0.411331892014	0.792737424374	-0.449859410524	
-0.855086684227	-0.512165188789	-0.0807064697146	
-0.287547260523	0.338916480541	0.895796954632	
-0.431443303823	0.789191007614	-0.437074661255	
-0.867496430874	-0.494508892298	-0.0539522394538	
-0.254579424858	0.348165363073	0.902202963829	
-0.427363097668	0.796393036842	-0.427924007177	
-0.892380297184	-0.448391377926	-0.0510150529444	
-0.245612964034	0.387732744217	0.888446748257	
-0.378591626883	0.805362343788	-0.456135809422	
-0.871416270733	-0.490529894829	-0.0037542199716	
-0.243385538459	0.425699353218	0.871517956257	
-0.425907433033	0.760368645191	-0.490349203348	
-0.898609340191	-0.434857666492	-0.0583098120987	
-0.219508051872	0.33051815629	0.917918264866	
-0.379891335964	0.837649405003	-0.392461448908	
-0.89182728529	-0.446874439716	-0.0703369677067	
-0.243640378118	0.343471944332	0.907009601593	
-0.381160646677	0.826032817364	-0.415194302797	
0.870498538017	-0.476944893599	0.121473804116	
-0.0212258528918	0.210201993585	0.97742754221	
-0.491713106632	-0.85342758894	0.172856971622	
0.879439949989	-0.466601759195	0.09417116642	
0.000790560792666	0.199265927076	0.979945123196	
-0.476009219885	-0.861728429794	0.175611287355	
0.885609745979	-0.458600908518	0.0733528584242	
0.031985130161	0.217792674899	0.975470781326	
-0.463327497244	-0.861540257931	0.207547724247	
0.883556187153	-0.462182670832	0.0756019875407	
0.0273049157113	0.21199452877	0.976889312267	
-0.467528522015	-0.861072301865	0.199928939342	
0.896445453167	-0.434824258089	0.0855185687542	
0.0228549465537	0.238083928823	0.970975637436	
-0.442564338446	-0.868472158909	0.223367139697	
0.898830235004	-0.435477435589	0.0496352091432	
0.0198859293014	0.153647378087	0.987925648689	
-0.437845647335	-0.886990368366	0.146762788296	
0.882427573204	-0.465186089277	0.0701676309109	
0.0220131445676	0.189815744758	0.981572926044	
-0.469933003187	-0.864622414112	0.17773886025	
0.911039710045	-0.405549913645	0.0744036287069	
0.0167743060738	0.216757670045	0.976081311703	
-0.411977261305	-0.888000786304	0.204277664423	
0.220520094037	-0.353927344084	-0.908903896809	
0.665850579739	0.735560119152	-0.124877229333	
0.712750911713	-0.577656269073	0.397868514061	
0.227749183774	-0.369020670652	-0.901084899902	
0.645848751068	0.749795794487	-0.143825098872	
0.728704094887	-0.549208521843	0.409096926451	
0.210654780269	-0.370684057474	-0.904553949833	
0.675233840942	0.724280834198	-0.139558434486	
0.706883192062	-0.581386744976	0.402871638536	
0.226132258773	-0.333555936813	-0.915207445621	
0.637314260006	0.76120954752	-0.119960404932	
0.736678183079	-0.556147813797	0.384714007378	
0.224847137928	-0.326634019613	-0.918016314507	
0.648474037647	0.753360748291	-0.109219960868	
0.727272391319	-0.570751965046	0.38120469451	
0.222284138203	-0.320134282112	-0.920925498009	
0.678546607494	0.729065060616	-0.0896582528949	
0.70011729002	-0.604961276054	0.379285633564	
0.224378272891	-0.370993256569	-0.901120603085	
0.636498689651	0.755998790264	-0.152758672833	
0.737918555737	-0.539286375046	0.405766457319	
0.21007348597	-0.349478662014	-0.913090229034	
0.638263881207	0.756477534771	-0.142691731453	
0.740599989891	-0.552816808224	0.381975471973	
-0.476154237986	0.850461065769	0.223591402173	
0.781880319118	0.293097645044	0.550233542919	
0.402418106794	0.436817765236	-0.804518461227	
-0.478604793549	0.837692439556	0.263075649738	
0.775035858154	0.262251406908	0.574929237366	
0.41262191534	0.479056954384	-0.774756491184	
-0.483984768391	0.829188346863	0.279652386904	
0.784928202629	0.27008754015	0.557620346546	
0.386841654778	0.489386796951	-0.781571567059	
-0.487207591534	0.835293710232	0.254780650139	
0.77314478159	0.276919335127	0.570581138134	
0.406049162149	0.474973797798	-0.780720174313	
-0.425642073154	0.869413495064	0.250896513462	
0.789692044258	0.221509709954	0.57211881876	
0.441831797361	0.441648811102	-0.780852735043	
-0.4767614007	0.82301813364	0.308771342039	
0.775681197643	0.228645816445	0.588251471519	
0.413542330265	0.519963681698	-0.747409164906	
-0.461610406637	0.848552763462	0.258600115776	
0.794095337391	0.265341520309	0.546814858913	
0.395383894444	0.457768559456	-0.796316206455	
-0.497720897198	0.846837818623	0.187455579638	
0.756078600883	0.317718625069	0.572188794613	
0.424992978573	0.426521480083	-0.79841119051	
-0.815021812916	-0.547150492668	0.190698087215	
0.565726816654	-0.822568714619	0.0577396005392	
0.125270023942	0.154942050576	0.979949176311	
-0.814762294292	-0.528700947762	0.237986817956	
0.55790412426	-0.826635122299	0.0736025571823	
0.157814532518	0.192742422223	0.968475580215	
-0.830388486385	-0.535951197147	0.152352392673	
0.551560997963	-0.829432547092	0.088443018496	
0.0789648890495	0.157473698258	0.984360992908	
-0.835360527039	-0.524440050125	0.164728477597	
0.547068595886	-0.822451710701	0.155849680305	
0.0537474006414	0.220308437943	0.973948359489	
-0.799324512482	-0.578677594662	0.161903008819	
0.590443789959	-0.806414008141	0.0327509529889	
0.111608609557	0.121773265302	0.986263036728	
-0.829552292824	-0.509383022785	0.228849098086	
0.541947126389	-0.833189964294	0.109944544733	
0.134670898318	0.215228870511	0.967233300209	
-0.814407289028	-0.558988034725	0.155798405409	
0.579085052013	-0.800191044807	0.156060039997	
0.0374328047037	0.217316970229	0.975383043289	
-0.863127112389	-0.486965745687	0.13370077312	
0.501796364784	-0.856781065464	0.118855297565	
0.0566738247871	0.16967779398	0.983868658543	
-0.0572492443025	0.489375889301	0.870191812515	
0.549020946026	0.743423759937	-0.38196477294	
-0.833845615387	0.455886363983	-0.311238080263	
0.0144985383376	0.482093542814	0.875999748707	
0.541115760803	0.73293274641	-0.412314653397	
-0.840823113918	0.4799952209	-0.250241965055	
-0.00479094451293	0.524654388428	0.851301848888	
0.563387751579	0.704759776592	-0.431170374155	
-0.826178729534	0.477547347546	-0.298960328102	
0.0282303355634	0.529600203037	0.847777485847	
0.560277402401	0.6939868927	-0.452185183764	
-0.82782381773	0.487755924463	-0.277131557465	
0.00813458394259	0.460504710674	0.887619972229	
0.558104157448	0.73444378376	-0.386150360107	
-0.829730987549	0.498525589705	-0.25103521347	
0.0111713865772	0.442959070206	0.896472215652	
0.560797095299	0.739486753941	-0.372378796339	
-0.827877879143	0.506898999214	-0.240149050951	
-0.0390999950469	0.528410971165	0.848087906837	
0.55684286356	0.716255903244	-0.420599013567	
-0.829697072506	0.455806255341	-0.322247475386	
7.4150511864e-07	0.484537005424	0.874770760536	
0.537059485912	0.737907767296	-0.408728808165	
-0.843544363976	0.469804257154	-0.260224670172	
0.727089345455	0.682089686394	0.0780685395002	
-0.678527295589	0.696613907814	0.233087539673	
0.104602985084	-0.222447097301	0.969317018986	
0.728541195393	0.671408116817	0.135789677501	
-0.682353258133	0.69390630722	0.229974105954	
0.0601811781526	-0.260202139616	0.963676869869	
0.71204584837	0.700008928776	0.0545729137957	
-0.690939724445	0.684751868248	0.231769710779	
0.124871954322	-0.202737256885	0.971238672733	
0.689668118954	0.719872295856	0.0783690065145	
-0.712966561317	0.656125128269	0.247342884541	
0.126635417342	-0.226458981633	0.965753495693	
0.739499270916	0.660376310349	0.13055254519	
-0.670256793499	0.70434820652	0.233772158623	
0.0624231435359	-0.260378062725	0.963486671448	
0.689008355141	0.706683516502	0.16082893312	
-0.723494529724	0.657588779926	0.210077777505	
0.0426991954446	-0.26110419631	0.964365780354	
0.703841507435	0.704698324203	0.0894842818379	
-0.70243704319	0.671691417694	0.235399231315	
0.105779618025	-0.228540822864	0.967770516872	
0.667903482914	0.739116251469	0.0872474685311	
-0.740079581738	0.64719337225	0.182819500566	
0.0786588788033	-0.186675846577	0.979267537594	
-0.209181681275	-0.949522674084	-0.233772799373	
-0.922892391682	0.270728737116	-0.27381670475	
0.323284178972	0.158469706774	-0.932938754559	
-0.167321488261	-0.955872058868	-0.241479068995	
-0.930941462517	0.233817979693	-0.28049454093	
0.324579060078	0.177870094776	-0.928983688354	
-0.170307889581	-0.972581028938	-0.158371061087	
-0.942859709263	0.207547023892	-0.260652691126	
0.286375313997	0.104930475354	-0.952354311943	
-0.143860921264	-0.978207826614	-0.149711191654	
-0.92902380228	0.18561707437	-0.320095419884	
0.340908795595	0.0930360406637	-0.9354814291	
-0.150121420622	-0.956589341164	-0.249800786376	
-0.931945621967	0.221267968416	-0.287259161472	
0.330061942339	0.189677000046	-0.924706280231	
-0.165840581059	-0.951949000359	-0.25746846199	
-0.931110620499	0.237158238888	-0.277108192444	
0.324853658676	0.193775817752	-0.925700306892	
-0.138927817345	-0.9826156497	-0.12314850837	
-0.936387002468	0.17081657052	-0.306595861912	
0.322301715612	0.0727199688554	-0.943839728832	
-0.177173539996	-0.972467839718	-0.151379913092	
-0.927885770798	0.216326162219	-0.303695619106	
0.328081667423	0.0866564437747	-0.94066631794	
0.0726975947618	0.834160864353	0.54670894146	
0.935235619545	-0.247446328402	0.253188937902	
0.346481442451	0.492895454168	-0.798125743866	
0.072218708694	0.865363478661	0.49591383338	
0.922035932541	-0.247513979673	0.297634989023	
0.380308061838	0.435755550861	-0.815771341324	
0.0300235766917	0.876317620277	0.480797290802	
0.936008989811	-0.193413302302	0.294072270393	
0.350693285465	0.441201478243	-0.826048135757	
0.0628709197044	0.864861428738	0.498058199883	
0.922425985336	-0.24087972939	0.301839858294	
0.381021767855	0.440444886684	-0.812914967537	
0.087175808847	0.826847076416	0.555629611015	
0.931597292423	-0.265238791704	0.248545408249	
0.352883577347	0.495955914259	-0.79341095686	
0.0452664494514	0.882315158844	0.468477189541	
0.918876707554	-0.220766320825	0.326998174191	
0.391939431429	0.415670752525	-0.820732176304	
0.0922998338938	0.872462630272	0.479885101318	
0.936628997326	-0.23964138329	0.255535036325	
0.337945103645	0.425888448954	-0.839292645454	
0.0700266510248	0.885628759861	0.459083855152	
0.936142861843	-0.21731236577	0.276426911354	
0.344576209784	0.410410821438	-0.844292700291	
0.941453099251	-0.011746047996	-0.336939305067	
0.0246660411358	-0.994314908981	0.103583015501	
-0.336240470409	-0.105829514563	-0.93581110239	
0.941756725311	0.000992115354165	-0.336293429136	
0.0527904257178	-0.988034129143	0.14491955936	
-0.332125604153	-0.154232054949	-0.930540204048	
0.937372267246	-0.0211839806288	-0.347684472799	
0.0261153839529	-0.991065740585	0.130792587996	
-0.347348868847	-0.131681263447	-0.928444266319	
0.933034718037	-0.0238556787372	-0.35899451375	
0.0337560400367	-0.987593710423	0.153359651566	
-0.358199238777	-0.15520812571	-0.920653998852	
0.949486136436	0.016626926139	-0.313368111849	
0.0588766932487	-0.990300774574	0.12584862113	
-0.308236241341	-0.137941598892	-0.941255807877	
0.948315739632	-0.0283581744879	-0.316058635712	
-0.00201526773162	-0.996517002583	0.0833652094007	
-0.317321896553	-0.0784196034074	-0.945069909096	
0.926741242409	-0.00452792691067	-0.37567293644	
0.056842315942	-0.98672670126	0.152116209269	
-0.37137529254	-0.162326484919	-0.914182960987	
0.935035347939	-0.0247372575104	-0.353690475225	
0.036241799593	-0.985669493675	0.16474892199	
-0.352697342634	-0.166864439845	-0.920739293098	
0.805460035801	-0.568945884705	0.165935993195	
0.201894700527	0.000174347558641	-0.979407191277	
0.557200729847	0.822374939919	0.115007586777	
0.815141618252	-0.565271139145	0.126541078091	
0.144265905023	-0.0134600866586	-0.989447414875	
0.561009347439	0.824795305729	0.0705774798989	
0.806233048439	-0.579213857651	0.120414167643	
0.128502443433	-0.0272229723632	-0.991335451603	
0.577473282814	0.814720928669	0.0524823330343	
0.802878022194	-0.584492325783	0.117284171283	
0.131170719862	-0.018710276112	-0.99118322134	
0.581533432007	0.811183452606	0.0616462118924	
0.827912151814	-0.541009843349	0.147884339094	
0.181163474917	0.00842033885419	-0.983416974545	
0.530793011189	0.840974092484	0.104982532561	
0.856590747833	-0.511955142021	0.0644537806511	
0.120341524482	0.0767441242933	-0.989761710167	
0.501767158508	0.855577170849	0.127347767353	
0.800369381905	-0.580699443817	0.148986697197	
0.156248837709	-0.0378712341189	-0.986991405487	
0.578787684441	0.813236713409	0.0604226402938	
0.864836871624	-0.490174204111	0.108565494418	
0.123415879905	-0.00204149866477	-0.992352962494	
0.486647456884	0.871622085571	0.0587297156453	
0.180290937424	0.98263335228	-0.0438960641623	
-0.690553307533	0.0946685001254	-0.717059254646	
-0.700450778008	0.159591853619	0.695628583431	
0.15632674098	0.986356854439	-0.0515957996249	
-0.712421417236	0.0764210373163	-0.697578310966	
-0.684118151665	0.1458081007	0.714648425579	
0.227039039135	0.97299516201	-0.0416381396353	
-0.66729849577	0.124282158911	-0.734347820282	
-0.709341943264	0.194510683417	0.677495062351	
0.206536635756	0.976973712444	-0.0535252802074	
-0.698349535465	0.108876526356	-0.707427620888	
-0.685310542583	0.183489084244	0.704756140709	
0.130460172892	0.991411149502	-0.00916670262814	
-0.685759365559	0.0835542455316	-0.723016440868	
-0.716040670872	0.100610993803	0.690770030022	
0.150778710842	0.982014238834	-0.11363876611	
-0.678062677383	0.0190838519484	-0.734756290913	
-0.71937251091	0.187839820981	0.668744623661	
0.106590755284	0.992393374443	-0.0615943185985	
-0.672197043896	0.0262758620083	-0.739905893803	
-0.732659220695	0.120270647109	0.669884622097	
0.23212762177	0.971763491631	-0.0423378832638	
-0.678514122963	0.130583569407	-0.722887635231	
-0.696947157383	0.196529045701	0.689667284489	
-0.44906103611	-0.863111615181	0.231046542525	
0.380180895329	0.0494349375367	0.923590123653	
-0.808583140373	0.502587795258	0.305939257145	
-0.438624203205	-0.86680150032	0.237200334668	
0.339546382427	0.0845314860344	0.936783134937	
-0.832055926323	0.491436302662	0.257241755724	
-0.469722986221	-0.856406331062	0.214309304953	
0.410969823599	0.00272301118821	0.911644876003	
-0.781322062016	0.516295194626	0.350678116083	
-0.46554633975	-0.845875620842	0.260309457779	
0.411489218473	0.0535221733153	0.90984171629	
-0.783545315266	0.530688047409	0.323151648045	
-0.469684422016	-0.831241846085	0.297377824783	
0.363083511591	0.125159591436	0.923312187195	
-0.804715394974	0.541638374329	0.243024691939	
-0.472576498985	-0.838234364986	0.272093057632	
0.378868818283	0.0855210125446	0.921490430832	
-0.795694589615	0.538562297821	0.277165621519	
-0.523965060711	-0.822492241859	0.221285253763	
0.402023345232	-0.00977813266218	0.915577232838	
-0.750891387463	0.568692266941	0.335784465075	
-0.480963379145	-0.825869262218	0.294302940369	
0.405462563038	0.0881019458175	0.909856140614	
-0.777350842953	0.556936264038	0.292485266924	
-0.278138995171	-0.186263620853	0.94230812788	
0.898532807827	-0.39721724391	0.186701014638	
0.339525431395	0.898623585701	0.277845591307	
-0.292098045349	-0.220462560654	0.930631518364	
0.875075757504	-0.454241991043	0.16705276072	
0.385903030634	0.86316883564	0.325604617596	
-0.225025445223	-0.168557092547	0.959662497044	
0.890663921833	-0.434941500425	0.132452383637	
0.395071268082	0.884541928768	0.248000636697	
-0.245892196894	-0.187250852585	0.951038479805	
0.876322031021	-0.462258845568	0.135559603572	
0.414242297411	0.866749048233	0.277757912874	
-0.241569325328	-0.164340883493	0.956366240978	
0.884454369545	-0.442760407925	0.147321626544	
0.399230122566	0.881450653076	0.25230935216	
-0.250680029392	-0.171832919121	0.952697753906	
0.888787567616	-0.430900990963	0.156144276261	
0.383687674999	0.88588809967	0.260741233826	
-0.245103418827	-0.127310618758	0.961101591587	
0.878554165363	-0.448363244534	0.16466024518	
0.409959644079	0.884738624096	0.22174462676	
-0.256404161453	-0.181283175945	0.949417352676	
0.887880146503	-0.432375609875	0.157226681709	
0.382002353668	0.883282363415	0.271820634604	
0.159463897347	0.655781567097	-0.737917244434	
0.77362293005	-0.547348558903	-0.319244682789	
-0.613252699375	-0.51996165514	-0.594609975815	
0.176427021623	0.658761322498	-0.731373429298	
0.77304148674	-0.552695035934	-0.311343938112	
-0.609327793121	-0.510452508926	-0.606760144234	
0.12207120657	0.624835252762	-0.77115470171	
0.747503876686	-0.569015741348	-0.342722952366	
-0.652944564819	-0.534604489803	-0.536527216434	
0.141355246305	0.637405753136	-0.757451355457	
0.74124789238	-0.575305581093	-0.345796257257	
-0.656178534031	-0.512579083443	-0.553798139095	
0.120326593518	0.617208063602	-0.777544677258	
0.787315547466	-0.536414921284	-0.30396270752	
-0.604694783688	-0.575598180294	-0.550482451916	
0.170529931784	0.633988618851	-0.754306316376	
0.791897535324	-0.543721795082	-0.277965605259	
-0.586359798908	-0.549931824207	-0.594774842262	
0.109826490283	0.606049239635	-0.787808656693	
0.777558088303	-0.546109974384	-0.311716645956	
-0.619145810604	-0.57833224535	-0.531215846539	
0.147622957826	0.624488949776	-0.766955673695	
0.739701449871	-0.584469020367	-0.333523184061	
-0.656543374062	-0.518082559109	-0.548216462135	
-0.169671043754	-0.928362965584	-0.330687075853	
0.456431001425	-0.371420353651	0.808528065681	
-0.873431444168	-0.0137520283461	0.486752927303	
-0.149398446083	-0.921380460262	-0.358801037073	
0.505141675472	-0.38306760788	0.773363471031	
-0.85000705719	-0.0657060444355	0.522657334805	
-0.168506070971	-0.911767244339	-0.374547958374	
0.412631213665	-0.410333663225	0.813241481781	
-0.895176649094	-0.0175140444189	0.445367336273	
-0.146628245711	-0.916384398937	-0.372477889061	
0.432570308447	-0.398036539555	0.808980762959	
-0.889597177505	-0.0425034463406	0.454764068127	
-0.124036766589	-0.93658721447	-0.327748775482	
0.473730772734	-0.346120238304	0.809802412987	
-0.871891081333	-0.0548194125295	0.486621797085	
-0.134394362569	-0.92532068491	-0.354569852352	
0.481142580509	-0.373740881681	0.792981445789	
-0.866279363632	-0.0640264302492	0.495439857244	
-0.148036032915	-0.923163712025	-0.354759156704	
0.410897701979	-0.38369756937	0.827006220818	
-0.899582326412	-0.0233430061489	0.436126917601	
-0.1762137115	-0.916208028793	-0.35987713933	
0.424055367708	-0.40059068799	0.812221705914	
-0.888327538967	-0.00948323495686	0.459112495184	
0.914841651917	0.117110788822	-0.386458069086	
0.118718251586	0.836728572845	0.534594476223	
0.385967314243	-0.534948885441	0.751570940018	
0.917118549347	0.031699962914	-0.397352069616	
0.196048602462	0.832065582275	0.518875479698	
0.347071319818	-0.553770661354	0.756888091564	
0.950375556946	0.0607233867049	-0.305121183395	
0.11921851337	0.834810197353	0.537474513054	
0.287355542183	-0.54717874527	0.786143898964	
0.946905374527	0.018839430064	-0.320959955454	
0.159924522042	0.838424086571	0.521027028561	
0.278916418552	-0.544692695141	0.790895402431	
0.932973384857	0.0714003220201	-0.352792650461	
0.132639050484	0.842958033085	0.521371901035	
0.334615528584	-0.533220171928	0.776986956596	
0.926926732063	0.036274459213	-0.37348484993	
0.171831160784	0.843797385693	0.508409321308	
0.333587825298	-0.535434544086	0.775905311108	
0.949483633041	0.010803502053	-0.3136305511	
0.161512449384	0.840056121349	0.517899036407	
0.269062399864	-0.542391896248	0.795874655247	
0.94501388073	0.0157435294241	-0.326651096344	
0.162858217955	0.843521058559	0.511809945107	
0.283594787121	-0.53686529398	0.794575154781	
-0.031602486968	-0.0450096614659	0.998486578465	
-0.832744419575	0.553655803204	-0.00139905256219	
-0.552754878998	-0.831528365612	-0.0549784451723	
-0.0932224169374	-0.0534772276878	0.994208097458	
-0.893947124481	0.444147288799	-0.0599312596023	
-0.438369870186	-0.894356429577	-0.0892102941871	
-0.0840684473515	-0.0197873935103	0.996263504028	
-0.842499673367	0.535293161869	-0.0604614950716	
-0.532096624374	-0.844434559345	-0.0616721324623	
-0.0519464425743	-0.000537461892236	0.998649716377	
-0.891284108162	0.451093941927	-0.046118862927	
-0.45046004653	-0.892476320267	-0.023911755532	
-0.0230354331434	-0.0266952719539	0.999378144741	
-0.84514439106	0.534512758255	-0.00520253926516	
-0.534041464329	-0.844738721848	-0.0348740927875	
-0.0111414026469	0.00599165912718	0.999920010567	
-0.885066330433	0.465292990208	-0.0126497698948	
-0.465331554413	-0.885136425495	0.000118999050756	
-0.0949771255255	-0.0132889412344	0.99539077282	
-0.853216350079	0.516206026077	-0.0745196864009	
-0.512836396694	-0.856361329556	-0.0603661052883	
-0.112630032003	-0.0218827743083	0.993395984173	
-0.861086130142	0.501031398773	-0.0865920558572	
-0.49582773447	-0.865152418613	-0.0752741396427	
0.938204288483	-0.0375812985003	-0.344035476446	
-0.141144454479	0.866105854511	-0.479519486427	
0.315992087126	0.498445928097	0.807279765606	
0.937168240547	-0.118397623301	-0.328173220158	
-0.0858854353428	0.83341050148	-0.545940101147	
0.338141024113	0.539823055267	0.770877242088	
0.901692032814	-0.0518283508718	-0.42926132679	
-0.182893037796	0.853881120682	-0.487275272608	
0.391792804003	0.517881155014	0.760458767414	
0.911756694317	-0.0457385480404	-0.408176124096	
-0.17209880054	0.859793186188	-0.480767786503	
0.372936666012	0.508589863777	0.776050627232	
0.895988941193	-0.0793575868011	-0.436928123236	
-0.168084442616	0.850096344948	-0.499083012342	
0.411037027836	0.520613670349	0.748338162899	
0.904576420784	-0.112773142755	-0.411124885082	
-0.131557956338	0.843464910984	-0.520825743675	
0.405504584312	0.525213420391	0.748142302036	
0.933280587196	-0.0853573307395	-0.348857313395	
-0.105960175395	0.86266887188	-0.494545131922	
0.343161404133	0.498514384031	0.796067655087	
0.946122407913	-0.104161866009	-0.306598603725	
-0.0773829445243	0.846683263779	-0.526440262794	
0.314426898956	0.521802425385	0.793005645275	
-0.951179563999	0.260034918785	-0.166250661016	
-0.282088965178	-0.9510217309	0.126425892115	
-0.125232845545	0.167151197791	0.977945387363	
-0.956420123577	0.241425812244	-0.164238005877	
-0.254895269871	-0.964694857597	0.0662740916014	
-0.14243927598	0.105249367654	0.984191834927	
-0.973759710789	0.191219091415	-0.123398676515	
-0.201830416918	-0.976144492626	0.0800403803587	
-0.105149693787	0.102845706046	0.989124000072	
-0.954088866711	0.239815086126	-0.179452508688	
-0.253783732653	-0.965455174446	0.0590769834816	
-0.159085810184	0.101906821132	0.981991171837	
-0.969195365906	0.231433779001	-0.0842541009188	
-0.241345629096	-0.960650026798	0.137491315603	
-0.0491185635328	0.15359030664	0.986913084984	
-0.977298140526	0.18247191608	-0.107667982578	
-0.193874880672	-0.975159466267	0.107128880918	
-0.0854454413056	0.125570967793	0.988398194313	
-0.952649474144	0.211241140962	-0.218714758754	
-0.238857403398	-0.964988648891	0.10836981982	
-0.188165098429	0.155480086803	0.96975249052	
-0.948603689671	0.217331513762	-0.230039194226	
-0.240098148584	-0.967788040638	0.0757572799921	
-0.206164747477	0.127095624804	0.97022819519	
0.210126951337	0.284804463387	0.935271680355	
-0.118851728737	-0.942093074322	0.313584029675	
0.970423042774	-0.177051112056	-0.164109632373	
0.1786557585	0.282610654831	0.94245070219	
-0.0947069972754	-0.948474049568	0.302369982004	
0.979342997074	-0.143276810646	-0.14268514514	
0.167234405875	0.224918037653	0.959919035435	
-0.159928664565	-0.954546868801	0.251521617174	
0.972859442234	-0.195581629872	-0.123662225902	
0.198259115219	0.247893735766	0.948283731937	
-0.0964304953814	-0.957861840725	0.270558446646	
0.975394546986	-0.145084157586	-0.166000321507	
0.186499044299	0.288271725178	0.939211130142	
-0.125049963593	-0.941242873669	0.313726484776	
0.974464297295	-0.175957992673	-0.13949252665	
0.193932056427	0.28629386425	0.938310265541	
-0.151011541486	-0.936356782913	0.316909223795	
0.969322383404	-0.203154534101	-0.138355925679	
0.200133994222	0.244539022446	0.948760807514	
-0.101720683277	-0.957933008671	0.268360316753	
0.974473834038	-0.15021660924	-0.166840285063	
0.173334732652	0.229813665152	0.95767468214	
-0.143835961819	-0.956060349941	0.255459934473	
0.974302947521	-0.182028144598	-0.132663011551	
-0.370519667864	0.841256260872	0.393704354763	
-0.239935770631	-0.496176600456	0.834409713745	
0.897299289703	0.214701458812	0.385690629482	
-0.338973879814	0.847974836826	0.407474368811	
-0.225336760283	-0.493689268827	0.839937031269	
0.913411200047	0.192897766829	0.358427673578	
-0.34562048316	0.849689543247	0.398213684559	
-0.221233725548	-0.486186295748	0.845386624336	
0.911922216415	0.20408461988	0.356015920639	
-0.319671541452	0.868749380112	0.378265231848	
-0.246966466308	-0.461806595325	0.851905047894	
0.914777398109	0.178910970688	0.36217841506	
-0.337477594614	0.86068636179	0.38121894002	
-0.250736266375	-0.472537010908	0.844890594482	
0.907325863838	0.189546227455	0.375275939703	
-0.348253428936	0.847962856293	0.399597942829	
-0.223732858896	-0.489151984453	0.843014776707	
0.910309374332	0.204179599881	0.360066026449	
-0.336726099253	0.85537981987	0.393625289202	
-0.278160750866	-0.489744693041	0.826303064823	
0.899578869343	0.168746694922	0.402842909098	
-0.33141669631	0.861126720905	0.385517507792	
-0.247401282191	-0.473630577326	0.845261275768	
0.910469949245	0.184756174684	0.370012938976	
0.618755459785	0.180761709809	-0.764504313469	
0.494407564402	-0.845872879028	0.200150534511	
-0.610493898392	-0.501820981503	-0.612758398056	
0.579767763615	0.204962566495	-0.788580834866	
0.556258678436	-0.806762397289	0.199275389314	
-0.595353364944	-0.554188370705	-0.581747055054	
0.636298954487	0.181015282869	-0.749904751778	
0.499363094568	-0.837592065334	0.221531122923	
-0.588013708591	-0.515434801579	-0.623351275921	
0.640330195427	0.183980807662	-0.745740115643	
0.482600331306	-0.851687908173	0.204265967011	
-0.597556829453	-0.490692079067	-0.63415068388	
0.628637254238	0.192351460457	-0.753535747528	
0.518141925335	-0.826149523258	0.221372723579	
-0.579951822758	-0.529601573944	-0.619013726711	
0.644215583801	0.200275540352	-0.73815715313	
0.522858381271	-0.81969588995	0.233918309212	
-0.558216273785	-0.53664547205	-0.632776618004	
0.619597256184	0.194018036127	-0.760563135147	
0.516947209835	-0.830010294914	0.209400221705	
-0.590647816658	-0.522914767265	-0.614569187164	
0.615394413471	0.173539638519	-0.768878221512	
0.527497112751	-0.815498709679	0.238135814667	
-0.585693180561	-0.552128493786	-0.593394994736	
-0.41218906641	0.791402280331	-0.451422929764	
0.128322839737	0.540959656239	0.83120149374	
0.902016341686	0.28468427062	-0.324532628059	
-0.398127168417	0.796931028366	-0.454307943583	
0.111780703068	0.533705711365	0.838250160217	
0.910494267941	0.282947272062	-0.301564246416	
-0.323884129524	0.825140595436	-0.462862879038	
0.0965525209904	0.51550757885	0.851427972317	
0.941157102585	0.23107342422	-0.24663412571	
-0.341323494911	0.804093420506	-0.486756652594	
0.111556723714	0.548850595951	0.828443169594	
0.933302402496	0.228466153145	-0.277037650347	
-0.342543274164	0.792135119438	-0.505159497261	
0.0496795251966	0.552208304405	0.832224667072	
0.938187658787	0.259976863861	-0.228508129716	
-0.305365532637	0.787376880646	-0.535527348518	
0.055895049125	0.57624143362	0.81536591053	
0.950593292713	0.219051331282	-0.21997474134	
-0.350900948048	0.783328652382	-0.513093292713	
0.0854356139898	0.572431087494	0.815489649773	
0.932506978512	0.242319658399	-0.267790794373	
-0.318748831749	0.811631381512	-0.48954436183	
0.116619862616	0.54614263773	0.829534828663	
0.940637528896	0.207322657108	-0.268734693527	
0.714997887611	0.533513426781	-0.451820164919	
-0.271743744612	-0.383367836475	-0.882714271545	
-0.644153177738	0.753918111324	-0.129128262401	
0.754659473896	0.473550379276	-0.454135537148	
-0.279780507088	-0.393814593554	-0.875575780869	
-0.593474447727	0.787819862366	-0.164705753326	
0.734858453274	0.491506516933	-0.467337608337	
-0.323528587818	-0.351570397615	-0.878480255604	
-0.596080839634	0.796755671501	-0.099338054657	
0.734774112701	0.462424874306	-0.496256232262	
