-0.51136058569	-0.0644104108214	0.856949031353	
-0.788486421108	0.431734979153	-0.438057184219	
-0.341759413481	-0.899697840214	-0.271559000015	
-0.504555225372	-0.085275657475	0.859157800674	
-0.792444586754	0.440748900175	-0.421630203724	
-0.342718064785	-0.893570661545	-0.289958387613	
-0.532979369164	-0.0805146172643	0.842288792133	
-0.776478469372	0.442049562931	-0.449080556631	
-0.336175858974	-0.893369793892	-0.298121154308	
-0.517592728138	-0.0763911306858	0.85221016407	
-0.779186725616	0.453585982323	-0.432582736015	
-0.35350510478	-0.887932538986	-0.294295758009	
-0.501376748085	-0.0543608926237	0.863519728184	
-0.787015795708	0.443308770657	-0.429049551487	
-0.359482347965	-0.894719064236	-0.265047580004	
-0.504293620586	-0.079069763422	0.859904587269	
-0.783091366291	0.46156463027	-0.416804581881	
-0.363944888115	-0.883575737476	-0.294682949781	
-0.521886408329	-0.0750106424093	0.849710524082	
-0.772562325001	0.463874489069	-0.433552652597	
-0.361637979746	-0.882719576359	-0.300040185452	
-0.505465567112	-0.0783298686147	0.859283983707	
-0.783662080765	0.458422094584	-0.41919323802	
-0.36107942462	-0.885276019573	-0.293100744486	
-0.1710280478	0.704697549343	-0.688586056232	
-0.859507203102	0.234946519136	0.453924506903	
0.481660366058	0.669478535652	0.565510213375	
-0.163059517741	0.707105636597	-0.688050270081	
-0.845223844051	0.25961664319	0.46711435914	
0.508928477764	0.657723963261	0.555329620838	
-0.145666047931	0.701294779778	-0.697830200195	
-0.860672950745	0.258007586002	0.438946604729	
0.487876445055	0.66454321146	0.566002547741	
-0.140011101961	0.707581758499	-0.692621767521	
-0.856370389462	0.264592170715	0.44341942668	
0.497017800808	0.655224382877	0.568906247616	
-0.156471058726	0.706598818302	-0.690097749233	
-0.860055863857	0.246055424213	0.446945875883	
0.48561373353	0.663456737995	0.569213926792	
-0.164208054543	0.710834205151	-0.683922827244	
-0.852683603764	0.246303662658	0.460722446442	
0.495949983597	0.658824145794	0.565671622753	
-0.155578896403	0.698570609093	-0.698422729969	
-0.857862830162	0.254997938871	0.446147292852	
0.489761769772	0.668561995029	0.55960547924	
-0.154307618737	0.704229652882	-0.693000555038	
-0.853434741497	0.258410871029	0.452628880739	
0.497833549976	0.661274850368	0.561139285564	
0.798637032509	0.241680264473	0.55115288496	
0.213695064187	0.742256522179	-0.635129630566	
-0.562595129013	0.625016689301	0.541147649288	
0.79171448946	0.285626024008	0.54000544548	
0.189413174987	0.725623428822	-0.661508321762	
-0.580784618855	0.626009881496	0.52038526535	
0.776597678661	0.252483338118	0.577189922333	
0.227514922619	0.741949915886	-0.630672097206	
-0.587480187416	0.621097803116	0.518752872944	
0.778729140759	0.251127064228	0.574905276299	
0.226815119386	0.741702139378	-0.631215333939	
-0.584923744202	0.621942996979	0.520625710487	
0.788459479809	0.263206750154	0.555926084518	
0.193992137909	0.751277267933	-0.630832433701	
-0.583693981171	0.605231106281	0.54129165411	
0.792028725147	0.267497271299	0.548758327961	
0.218134313822	0.71554595232	-0.663635015488	
-0.570182323456	0.645321011543	0.508382618427	
0.781304180622	0.270070761442	0.562694907188	
0.201636135578	0.743980109692	-0.637052953243	
-0.590683162212	0.611191749573	0.526818752289	
0.782968342304	0.254406988621	0.567659795284	
0.223368704319	0.736704349518	-0.638257920742	
-0.580574691296	0.626533150673	0.519989609718	
0.940371513367	0.0698458999395	-0.332900762558	
-0.185850858688	0.925193190575	-0.330873072147	
0.28488740325	0.373013526201	0.8830062747	
0.947287321091	0.0533866770566	-0.315906077623	
-0.163291037083	0.928791821003	-0.332688808441	
0.275649815798	0.366736501455	0.88855022192	
0.952025175095	0.075348906219	-0.296598434448	
-0.171293854713	0.934361755848	-0.3124525249	
0.253587275743	0.348268151283	0.90244269371	
0.96130079031	0.0624030642211	-0.268340528011	
-0.156467050314	0.925343811512	-0.345335870981	
0.226757243276	0.373958081007	0.899297773838	
0.948588967323	0.0540499687195	-0.311861485243	
-0.166478767991	0.92320638895	-0.346373826265	
0.269191026688	0.380484700203	0.884741544724	
0.953224480152	0.0666736811399	-0.294818103313	
-0.170545741916	0.923918962479	-0.342473179102	
0.249554097652	0.376733779907	0.892073094845	
0.950364649296	0.0738353207707	-0.302250474691	
-0.177736416459	0.926165342331	-0.332607239485	
0.255375742912	0.369819074869	0.893317997456	
0.953019976616	0.0698879733682	-0.294734865427	
-0.175759643316	0.920056045055	-0.350150614977	
0.246701255441	0.385503023863	0.889115214348	
-0.614747166634	0.355924218893	-0.703849315643	
0.726244688034	-0.092658162117	-0.681163012981	
-0.307659804821	-0.92990988493	-0.201526746154	
-0.62406951189	0.346850067377	-0.700165867805	
0.729663670063	-0.0618542097509	-0.681002914906	
-0.279514104128	-0.935878753662	-0.214482575655	
-0.576439082623	0.349006205797	-0.738858997822	
0.763345777988	-0.0926572307944	-0.639310419559	
-0.291583955288	-0.932528436184	-0.213001176715	
-0.578083992004	0.360073953867	-0.732233285904	
0.769172668457	-0.0590881668031	-0.636303365231	
-0.272382616997	-0.931050658226	-0.242801114917	
-0.616852521896	0.325886845589	-0.716443121433	
0.734183073044	-0.089822255075	-0.672983765602	
-0.283669084311	-0.941132128239	-0.183853521943	
-0.632203161716	0.343546003103	-0.694474875927	
0.720664083958	-0.068436101079	-0.689898371696	
-0.284538984299	-0.936639010906	-0.204315766692	
-0.607174873352	0.337026447058	-0.719549775124	
0.737411260605	-0.0982409343123	-0.66826146841	
-0.29591101408	-0.936355650425	-0.188877642155	
-0.603694021702	0.363148123026	-0.709702014923	
0.743454575539	-0.064926803112	-0.665627360344	
-0.287800014019	-0.929466485977	-0.230788215995	
0.578132152557	0.544349193573	-0.607821702957	
-0.704584538937	0.708734333515	-0.0354446284473	
0.411489844322	0.448753446341	0.793282091618	
0.58597522974	0.532950997353	-0.610406637192	
-0.695672571659	0.717148840427	-0.0416800267994	
0.415538996458	0.449066638947	0.790990829468	
0.563720881939	0.548594474792	-0.617464840412	
-0.704279541969	0.709815621376	-0.0123345116153	
0.431519538164	0.441821068525	0.786501765251	
0.586386144161	0.541389465332	-0.602535247803	
-0.699020147324	0.714054346085	-0.038693588227	
0.409294635057	0.443873673677	0.797153711319	
0.587592303753	0.533586621284	-0.608293235302	
-0.68616604805	0.727012097836	-0.0250898208469	
0.428848952055	0.43213275075	0.793315708637	
0.578227579594	0.543688833714	-0.608321726322	
-0.699994266033	0.713616073132	-0.0275691021234	
0.419119179249	0.441762953997	0.793211579323	
0.587193489075	0.530800819397	-0.61110907793	
-0.68565094471	0.727430224419	-0.026982434094	
0.430216908455	0.434851408005	0.791086375713	
0.571535825729	0.5244820714	-0.631082653999	
-0.707861065865	0.704138457775	-0.055872194469	
0.415065616369	0.478651821613	0.773700833321	
0.232247143984	-0.803819596767	0.547663509846	
-0.94863063097	-0.0628168135881	0.310087054968	
-0.214851558208	-0.591547250748	-0.777116894722	
0.224386170506	-0.811206996441	0.53999453783	
-0.948808073997	-0.0554610267282	0.310945808887	
-0.222292765975	-0.582123100758	-0.782124400139	
0.213783353567	-0.808700978756	0.547995746136	
-0.955655574799	-0.0568310804665	0.288950949907	
-0.202531740069	-0.585468113422	-0.784989178181	
0.213792413473	-0.815224587917	0.53823941946	
-0.953108370304	-0.0532654747367	0.297904640436	
-0.214189618826	-0.576690256596	-0.788385152817	
0.248592481017	-0.807455480099	0.534992933273	
-0.944503843784	-0.079622708261	0.31870469451	
-0.214742273092	-0.584530472755	-0.782438397408	
0.239073976874	-0.814378380775	0.528801977634	
-0.943424165249	-0.0659478008747	0.32496419549	
-0.229770481586	-0.576575040817	-0.784070611	
0.241497188807	-0.787914633751	0.566453576088	
-0.948147952557	-0.0672930628061	0.310623645782	
-0.20662650466	-0.612096607685	-0.763310730457	
0.225205779076	-0.817039906979	0.530780673027	
-0.950387179852	-0.0642336457968	0.304365336895	
-0.214584648609	-0.572991967201	-0.790970027447	
0.947458922863	-0.115102224052	0.298451095819	
-0.201174885035	-0.93981128931	0.276194542646	
0.24869710207	-0.321723848581	-0.913588285446	
0.945026993752	-0.130641430616	0.299761176109	
-0.213774159551	-0.940520703793	0.26404812932	
0.247435972095	-0.313613802195	-0.916745245457	
0.947356700897	-0.107652589679	0.301539689302	
-0.191288247705	-0.94552731514	0.263413876295	
0.256756842136	-0.307227909565	-0.916344344616	
0.948980033398	-0.104460023344	0.297531485558	
-0.192190185189	-0.939637959003	0.283096253872	
0.249999627471	-0.325835317373	-0.911773860455	
0.952089071274	-0.103107094765	0.287915527821	
-0.186418488622	-0.941989123821	0.279113948345	
0.242434680462	-0.319414108992	-0.91607862711	
0.944034039974	-0.132984489202	0.301852405071	
-0.215788066387	-0.94111931324	0.260249704123	
0.249469965696	-0.31082072854	-0.917145133018	
0.947045624256	-0.101734764874	0.304556429386	
-0.187100574374	-0.945665538311	0.265913724899	
0.260955840349	-0.308815091848	-0.914623022079	
0.941791832447	-0.133309438825	0.308636844158	
-0.21904464066	-0.93974006176	0.262503415346	
0.255044221878	-0.314828813076	-0.914240241051	
-0.995892941952	-0.0836817994714	-0.0345625728369	
0.0741898193955	-0.535452246666	-0.841300606728	
0.0518949404359	-0.840409576893	0.539461493492	
-0.995313107967	-0.0848465040326	-0.0463987030089	
0.0860466659069	-0.558056712151	-0.825329422951	
0.0441332086921	-0.825453698635	0.562741935253	
-0.994644343853	-0.102058932185	-0.0163280386478	
0.0705637857318	-0.555105686188	-0.828781306744	
0.0755207464099	-0.825494766235	0.559334397316	
-0.994651436806	-0.100982002914	-0.0217068269849	
0.0720717832446	-0.527998924255	-0.84618127346	
0.0739879012108	-0.843219876289	0.532452821732	
-0.996258616447	-0.0809875205159	-0.0301628727466	
0.0693345740438	-0.540668606758	-0.838373541832	
0.0515896752477	-0.837328135967	0.544261038303	
-0.995931923389	-0.0874667465687	-0.021660733968	
0.0666200369596	-0.552868247032	-0.830601274967	
0.0606744587421	-0.828665316105	0.556446194649	
-0.997243046761	-0.0689579844475	-0.0274058580399	
0.0608371309936	-0.548328459263	-0.834047198296	
0.0424868017435	-0.833415091038	0.55101197958	
-0.995136260986	-0.0960225313902	-0.021987484768	
0.068287037313	-0.511568248272	-0.856524825096	
0.0709975883365	-0.85386043787	0.515637218952	
-0.989135086536	0.068455465138	0.130098715425	
0.0716647282243	0.997225344181	0.0201429408044	
-0.128358855844	0.0292475782335	-0.991296410561	
-0.99035859108	0.0474899783731	0.130132868886	
0.0539399459958	0.997461140156	0.0464946478605	
-0.127594456077	0.0530657321215	-0.990405797958	
-0.98443031311	0.0490949489176	0.168779835105	
0.0624633990228	0.995238125324	0.0748294368386	
-0.164302378893	0.084206931293	-0.982809185982	
-0.985393583775	0.0387146957219	0.165833160281	
0.0509455837309	0.996234953403	0.0701459124684	
-0.162493124604	0.0775697976351	-0.983655869961	
-0.984311878681	0.0668558254838	0.16328021884	
0.0714353621006	0.997195184231	0.0223319716752	
-0.161329224706	0.0336456075311	-0.986326932907	
-0.982688903809	0.0575061030686	0.176112398505	
0.0649400874972	0.997212648392	0.0367384105921	
-0.173508837819	0.0475391820073	-0.983684241772	
-0.985539257526	0.0443269200623	0.163546800613	
0.0615742132068	0.992882847786	0.10194247216	
-0.157864004374	0.110538572073	-0.981254398823	
-0.988574564457	0.0584181621671	0.138951778412	
0.0661891773343	0.996452510357	0.0519749820232	
-0.135422557592	0.0605782493949	-0.988934278488	
-0.877442240715	-0.478996664286	-0.025638082996	
-0.224723860621	0.363260924816	0.904179573059	
-0.423785686493	0.799126803875	-0.426382482052	
-0.881574273109	-0.469600230455	-0.0479840859771	
-0.247077122331	0.372427076101	0.894567489624	
-0.402218520641	0.80048340559	-0.444349586964	
-0.8737180233	-0.483499765396	-0.0533368550241	
-0.252224445343	0.356550246477	0.899585902691	
-0.415932297707	0.799437224865	-0.433474808931	
-0.882673144341	-0.468543350697	-0.0368141978979	
-0.230794742703	0.36388361454	0.902398169041	
-0.409416615963	0.805019140244	-0.429327636957	
-0.895604372025	-0.443300366402	-0.0371165201068	
-0.226692572236	0.383011579514	0.895495712757	
-0.382757544518	0.810423910618	-0.443519711494	
-0.885404407978	-0.464697986841	-0.0107156485319	
-0.225532442331	0.409328222275	0.884073257446	
-0.406440854073	0.785179078579	-0.467225462198	
-0.896214127541	-0.442383378744	-0.0331240072846	
-0.208635449409	0.354418903589	0.911514401436	
-0.391499042511	0.823822915554	-0.409932076931	
-0.894432783127	-0.445139378309	-0.0429056994617	
-0.22433206439	0.36361053586	0.904136359692	
-0.386865705252	0.818314313889	-0.425084203482	
0.881593346596	-0.462955385447	0.0920079723001	
0.0040497421287	0.202339753509	0.979306995869	
-0.471992313862	-0.862977921963	0.180256232619	
0.88588142395	-0.45812818408	0.0730251297355	
0.0183368958533	0.191868111491	0.981249392033	
-0.46354919672	-0.867931544781	0.178373038769	
0.886294066906	-0.459404617548	0.0585677400231	
0.0411807671189	0.20413801074	0.978075563908	
-0.461288332939	-0.864450752735	0.199844941497	
0.886122822762	-0.458995997906	0.0641016662121	
0.0351250097156	0.204430043697	0.978250801563	
-0.462117493153	-0.864598751068	0.197272360325	
0.894019126892	-0.44272339344	0.0687442719936	
0.0333145670593	0.218702763319	0.97522264719	
-0.446788460016	-0.869577527046	0.210273593664	
0.896358668804	-0.440730154514	0.0479378327727	
0.031270403415	0.170716300607	0.98482388258	
-0.442225337029	-0.881256401539	0.166804850101	
0.886346638203	-0.459126681089	0.0599363259971	
0.0340793542564	0.193782746792	0.980452358723	
-0.4617664814	-0.866978049278	0.18740542233	
0.901473939419	-0.428202599287	0.063144646585	
0.0317588225007	0.210930809379	0.976984918118	
-0.431666642427	-0.878721058369	0.203747838736	
0.205901890993	-0.365131884813	-0.907900393009	
0.677451252937	0.722695171833	-0.137009039521	
0.706161618233	-0.58684784174	0.396163344383	
0.20816218853	-0.376025825739	-0.902924716473	
0.669228076935	0.727987825871	-0.14888754487	
0.713303744793	-0.573269844055	0.403186589479	
0.200698748231	-0.37408003211	-0.905419290066	
0.68137216568	0.717360675335	-0.14534676075	
0.703883528709	-0.587756574154	0.39886111021	
0.205784127116	-0.351426005363	-0.913319587708	
0.662622332573	0.736829161644	-0.134217843413	
0.720128118992	-0.577566027641	0.384490460157	
0.206389650702	-0.348963409662	-0.914126813412	
0.669389128685	0.731764554977	-0.128214225173	
0.713667690754	-0.585444450378	0.384620934725	
0.204176962376	-0.34683740139	-0.915431916714	
0.687993168831	0.71608287096	-0.117859080434	
0.696403026581	-0.605746746063	0.384829372168	
0.208044305444	-0.378251522779	-0.902021825314	
0.660066068172	0.734849989414	-0.155911013484	
0.721824288368	-0.562957644463	0.402552336454	
0.200073838234	-0.354139238596	-0.913540303707	
0.667216062546	0.732034742832	-0.137651026249	
0.717490911484	-0.58198839426	0.382748395205	
-0.45758292079	0.85967117548	0.227119639516	
0.794086456299	0.28017321229	0.539378941059	
0.400055676699	0.427163213491	-0.810855746269	
-0.459461063147	0.851653218269	0.252155333757	
0.788145422935	0.260028064251	0.557864010334	
0.409539192915	0.455051839352	-0.790699362755	
-0.461868464947	0.846624195576	0.264395475388	
0.796687722206	0.264986753464	0.543204128742	
0.38982847333	0.461529493332	-0.796884119511	
-0.460586458445	0.852267861366	0.247991129756	
0.790629446507	0.266933321953	0.551046013832	
0.403441697359	0.449873417616	-0.796773910522	
-0.42497959733	0.87186229229	0.243410140276	
0.800336480141	0.236275985837	0.551031053066	
0.422911226749	0.42898696661	-0.798195660114	
-0.453788101673	0.848666608334	0.271737545729	
0.790596425533	0.242733642459	0.562172234058	
0.411136984825	0.469941824675	-0.781102478504	
-0.447407662868	0.859518766403	0.247090786695	
0.799292206764	0.260356724262	0.541614532471	
0.401196122169	0.439820230007	-0.803492248058	
-0.467687129974	0.858101785183	0.211967229843	
0.779429256916	0.287283688784	0.556738853455	
0.416843861341	0.425593048334	-0.803188502789	
-0.83136588335	-0.513346672058	0.212851986289	
0.538371145725	-0.838955402374	0.0794374644756	
0.137794360518	0.180634975433	0.973849952221	
-0.828889846802	-0.504820644855	0.241034775972	
0.537078857422	-0.83866840601	0.0904520303011	
0.156486213207	0.204429447651	0.966292202473	
-0.838427841663	-0.507470786572	0.198776811361	
0.531788825989	-0.841587364674	0.0945058166981	
0.119329117239	0.184943601489	0.975477516651	
-0.838986217976	-0.503330171108	0.206786856055	
0.533620774746	-0.835429549217	0.131553635001	
0.106540940702	0.220717445016	0.969501316547	
-0.824800550938	-0.530079841614	0.196772500873	
0.549744129181	-0.833187520504	0.0598324462771	
0.132232427597	0.157524362206	0.978621840477	
-0.84103423357	-0.487812757492	0.233880579472	
0.521906077862	-0.845426380634	0.113438732922	
0.142391949892	0.21746955812	0.965624928474	
-0.830526292324	-0.521756410599	0.194926485419	
0.549172461033	-0.825489759445	0.130293101072	
0.092928558588	0.215260103345	0.972125172615	
-0.855980634689	-0.482751190662	0.185063481331	
0.506814301014	-0.854234755039	0.115854300559	
0.102158851922	0.192961856723	0.975873589516	
-0.0294708069414	0.502502381802	0.864073395729	
0.575996041298	0.715030789375	-0.396181195974	
-0.816921055317	0.486027061939	-0.310511916876	
0.0067173121497	0.500554144382	0.865679144859	
0.575987160206	0.705728232861	-0.412536561489	
-0.817431092262	0.501391232014	-0.28357219696	
-0.00891395378858	0.519893348217	0.854184687138	
0.58726978302	0.69410443306	-0.41633310914	
-0.80934214592	0.497925698757	-0.311504870653	
0.00734599027783	0.519059896469	0.854706287384	
0.582731842995	0.692376494408	-0.425486087799	
-0.812631309032	0.501190185547	-0.297386556864	
0.00564574636519	0.492757201195	0.870148539543	
0.577724337578	0.708641409874	-0.405045628548	
-0.816212415695	0.50499278307	-0.28067702055	
0.0044232159853	0.481968253851	0.876177489758	
0.583292603493	0.710445642471	-0.393747001886	
-0.812250077724	0.512809514999	-0.277986079454	
-0.0239342655987	0.520422041416	0.853573679924	
0.580135047436	0.702581465244	-0.412095367908	
-0.814168572426	0.485324800014	-0.318730831146	
-0.00522571662441	0.491371184587	0.870934605598	
0.571160912514	0.716367959976	-0.400739461184	
-0.820821464062	0.495349675417	-0.284395545721	
0.739024877548	0.666194856167	0.100132912397	
-0.670948863029	0.714489221573	0.198324859142	
0.060579109937	-0.213751077652	0.975008010864	
0.736733317375	0.663990616798	0.127829924226	
-0.675120472908	0.711715698242	0.194095626473	
0.0378991179168	-0.229297325015	0.972618341446	
0.732947587967	0.673685789108	0.0945268720388	
-0.676591873169	0.707437455654	0.204342186451	
0.0707905814052	-0.213728234172	0.97432488203	
0.718885660172	0.687726557255	0.10117097944	
-0.691043436527	0.69129627943	0.211112365127	
0.0752484574914	-0.221679195762	0.972211897373	
0.743158817291	0.657149672508	0.125973463058	
-0.667897164822	0.717186748981	0.198888361454	
0.0403529144824	-0.231942951679	0.971891999245	
0.717317938805	0.683143973351	0.137001097202	
-0.696023643017	0.693633675575	0.185535639524	
0.0317189767957	-0.228444039822	0.973040223122	
0.72771936655	0.675500512123	0.118842951953	
-0.683171033859	0.698515594006	0.21296299994	
0.0608429536223	-0.236167356372	0.969805717468	
0.705665528774	0.699977755547	0.109851323068	
-0.707008361816	0.685415506363	0.174197509885	
0.0466405712068	-0.200590983033	0.978564202785	
-0.218864113092	-0.955360174179	-0.198457717896	
-0.919589936733	0.269963473082	-0.285436570644	
0.326271057129	0.120027907193	-0.937624931335	
-0.197196647525	-0.959069013596	-0.203224152327	
-0.925200760365	0.250613093376	-0.284950166941	
0.324217498302	0.131831929088	-0.936751484871	
-0.206540286541	-0.965245306492	-0.1601331532	
-0.929560005665	0.244657889009	-0.275791049004	
0.305383861065	0.0918914154172	-0.947785139084	
-0.187130361795	-0.969897508621	-0.15582382679	
-0.923586845398	0.227745175362	-0.308414518833	
0.334618598223	0.0862031057477	-0.938402593136	
-0.184234037995	-0.962437272072	-0.199430063367	
-0.926376700401	0.237836167216	-0.291993498802	
0.328457087278	0.130952209234	-0.935396969318	
-0.19765432179	-0.957166671753	-0.211576730013	
-0.92369478941	0.254121124744	-0.28672349453	
0.328208297491	0.138760194182	-0.93435806036	
-0.183676108718	-0.972736179829	-0.1415887326	
-0.927022576332	0.219320386648	-0.30418369174	
0.326943784952	0.0753846690059	-0.942032337189	
-0.202810078859	-0.966351509094	-0.158217683434	
-0.922971129417	0.242621257901	-0.298762798309	
0.32709684968	0.0854382589459	-0.941120564938	
0.0990402474999	0.852714300156	0.512902915478	
0.92893075943	-0.264024734497	0.259573757648	
0.356761306524	0.450743049383	-0.818261623383	
0.0996709465981	0.868483901024	0.485593885183	
0.920233786106	-0.266081303358	0.287002712488	
0.378464698792	0.418254047632	-0.825728774071	
0.0772666335106	0.87445884943	0.478906691074	
0.92872262001	-0.237838789821	0.284441560507	
0.362635016441	0.422793626785	-0.830506682396	
0.0908100754023	0.867262482643	0.489499002695	
0.920489549637	-0.260687440634	0.291103214025	
0.380069166422	0.424143612385	-0.821979105473	
0.105791352689	0.853769958019	0.509789228439	
0.924581170082	-0.273150712252	0.265590488911	
0.366002470255	0.443244367838	-0.818276643753	
0.0845752060413	0.87862443924	0.469963908195	
0.918995499611	-0.251064658165	0.303996384144	
0.385089993477	0.40618416667	-0.828685760498	
0.111403755844	0.870836913586	0.478782087564	
0.928414165974	-0.263039499521	0.262406796217	
0.354452133179	0.415274947882	-0.83780092001	
0.0989186912775	0.877171337605	0.469878256321	
0.928215265274	-0.251524090767	0.27413880825	
0.358652412891	0.40903070569	-0.839084208012	
0.930760264397	-0.0400907881558	-0.36342549324	
0.00031308105099	-0.993882656097	0.110440634191	
-0.365629941225	-0.102907538414	-0.925053954124	
0.931066334248	-0.03221398592	-0.363424926996	
0.0170778464526	-0.99115473032	0.131608068943	
-0.364449977875	-0.128742352128	-0.922280669212	
0.929627418518	-0.0433349050581	-0.365943968296	
0.00342015759088	-0.992003858089	0.126161023974	
-0.368485033512	-0.118534326553	-0.922045767307	
0.926706254482	-0.044277433306	-0.373168855906	
0.00613214168698	-0.991120219231	0.132827147841	
-0.375736445189	-0.125380069017	-0.918205857277	
0.936092972755	-0.0256465487182	-0.350816458464	
0.0201591961086	-0.991787731647	0.126296281815	
-0.351174503565	-0.125297233462	-0.927888512611	
0.935184776783	-0.049478713423	-0.350686967373	
-0.0140774659812	-0.994603574276	0.102788753808	
-0.353880375624	-0.0911896899343	-0.930834650993	
0.92288839817	-0.032708697021	-0.383675813675	
0.0211575534195	-0.990573406219	0.135339334607	
-0.384485810995	-0.133020743728	-0.913496673107	
0.928011536598	-0.0437045097351	-0.369979083538	
0.00712823728099	-0.990830361843	0.134923413396	
-0.372483283281	-0.127847790718	-0.919190466404	
0.80721706152	-0.573433756828	0.139908194542	
0.163780942559	-0.0101231047884	-0.98644477129	
0.567077040672	0.819189369678	0.0857459753752	
0.814749002457	-0.567316532135	0.119733132422	
0.1352622509	-0.0148324426264	-0.990698814392	
0.563815712929	0.823366224766	0.064651787281	
0.807607352734	-0.575765192509	0.127533718944	
0.134687051177	-0.0304597821087	-0.990419924259	
0.57413393259	0.817047536373	0.0529485717416	
0.807187080383	-0.577936828136	0.120158523321	
0.1348323524	-0.0176618676633	-0.990711033344	
0.574690639973	0.815890371799	0.06366815418	
0.818238854408	-0.558231413364	0.137342110276	
0.159958675504	-0.00839140918106	-0.987088024616	
0.552175998688	0.829642891884	0.0824277773499	
0.835451543331	-0.541802048683	0.0920396968722	
0.128949165344	0.0304586663842	-0.991183340549	
0.534221708775	0.839954078197	0.0953116565943	
0.805334210396	-0.577506959438	0.13387478888	
0.141703888774	-0.0317514725029	-0.989399731159	
0.575635969639	0.815768063068	0.0562644340098	
0.843276560307	-0.52581179142	0.111384876072	
0.128052845597	-0.00472159218043	-0.991756081581	
0.522002995014	0.850587844849	0.0633500888944	
0.203875377774	0.977930009365	-0.0456921681762	
-0.676727950573	0.107048131526	-0.728409171104	
-0.707441926003	0.179425865412	0.683617055416	
0.188304767013	0.980780243874	-0.051101975143	
-0.689760327339	0.0950319766998	-0.717774033546	
-0.699122309685	0.170408383012	0.694398283958	
0.225491717458	0.973297774792	-0.0429524518549	
-0.661326825619	0.120542682707	-0.740348756313	
-0.715402185917	0.195348113775	0.670849323273	
0.211607933044	0.975869834423	-0.0538533404469	
-0.683762550354	0.108445763588	-0.721601188183	
-0.698348641396	0.189519435167	0.690211236477	
0.176559567451	0.984074413776	-0.0205975975841	
-0.670194387436	0.104865401983	-0.734739899635	
-0.720878720284	0.143529742956	0.678036153316	
0.18458943069	0.979301869869	-0.0830334797502	
-0.667536258698	0.0629187226295	-0.741914153099	
-0.721333563328	0.192377358675	0.665333628654	
0.16213555634	0.985735714436	-0.0451352410018	
-0.665072977543	0.0753732174635	-0.742964863777	
-0.728965044022	0.150479257107	0.667806863785	
0.229012802243	0.972572922707	-0.0406825058162	
-0.673565387726	0.128155916929	-0.72793251276	
-0.702753722668	0.194108188152	0.684440791607	
-0.488564312458	-0.847863197327	0.205992370844	
0.364453613758	0.0162012800574	0.931080579758	
-0.792766332626	0.529967427254	0.301091432571	
-0.47785705328	-0.852670788765	0.21119941771	
0.34123018384	0.0413660332561	0.939069151878	
-0.809453308582	0.520808398724	0.271189957857	
-0.490929335356	-0.847300171852	0.202659368515	
0.385081470013	-0.00238122674637	0.922879517078	
-0.781473398209	0.53110897541	0.327448606491	
-0.48981243372	-0.84185475111	0.226637020707	
0.381477475166	0.026795424521	0.923989713192	
-0.783937931061	0.539038538933	0.308023899794	
-0.495973885059	-0.834520161152	0.239970818162	
0.352994829416	0.0587210617959	0.933780729771	
-0.793350219727	0.547839343548	0.265457183123	
-0.491801381111	-0.839623451233	0.230572983623	
0.363857030869	0.0424003191292	0.930489242077	
-0.791036963463	0.54151147604	0.284650355577	
-0.519576251507	-0.829861879349	0.203395560384	
0.383137226105	-0.0135135632008	0.923592567444	
-0.763705670834	0.55780518055	0.324972301722	
-0.491155028343	-0.835295438766	0.247079536319	
0.381546497345	0.0486921221018	0.92306625843	
-0.78306388855	0.54764097929	0.294788658619	
-0.29264998436	-0.174972966313	0.940074682236	
0.879713773727	-0.434586912394	0.192971110344	
0.374779433012	0.883469700813	0.281107991934	
-0.302308559418	-0.196211382747	0.932797193527	
0.867955088615	-0.461186677217	0.184284627438	
0.394034892321	0.865336894989	0.309723347425	
-0.262702345848	-0.168387144804	0.950070142746	
0.875941812992	-0.454528898001	0.1616461128	
0.404615193605	0.874670922756	0.2669031322	
-0.275522857904	-0.181833669543	0.943940520287	
0.86934286356	-0.466226488352	0.163938462734	
0.410280525684	0.865776717663	0.286531865597	
-0.268443673849	-0.165017917752	0.94905591011	
0.873831391335	-0.456350624561	0.167817816138	
0.405409276485	0.874364435673	0.266702264547	
-0.275478541851	-0.169009283185	0.946333706379	
0.87508392334	-0.451576322317	0.174088969827	
0.397919237614	0.876079142094	0.272296905518	
-0.268090218306	-0.148196354508	0.951927244663	
0.8743750453	-0.452270627022	0.17583963275	
0.404469937086	0.879482328892	0.250828504562	
-0.278529196978	-0.177101835608	0.943957865238	
0.875911533833	-0.449993669987	0.174024954438	
0.393954902887	0.875294625759	0.280461907387	
0.167263075709	0.644017398357	-0.746501624584	
0.761415183544	-0.565382421017	-0.317158699036	
-0.626314640045	-0.515348732471	-0.584932208061	
0.175036251545	0.650768280029	-0.738825380802	
0.757831215858	-0.568104863167	-0.32085621357	
-0.628533363342	-0.503743469715	-0.59261149168	
0.148987546563	0.629637658596	-0.762469112873	
0.748440921307	-0.575735151768	-0.329188644886	
-0.646249830723	-0.521618068218	-0.557024002075	
0.16690222919	0.633542656898	-0.755491495132	
0.746438801289	-0.581810712814	-0.322994500399	
-0.644183814526	-0.510019659996	-0.57000631094	
0.140839055181	0.623979866505	-0.768643915653	
0.768157124519	-0.558666646481	-0.312771886587	
-0.624579071999	-0.546388804913	-0.557996690273	
0.169484019279	0.636901438236	-0.75208491087	
0.768019199371	-0.563574850559	-0.304187297821	
-0.617593467236	-0.526060760021	-0.584669470787	
0.13656796515	0.616789519787	-0.775190234184	
0.762447059155	-0.565050244331	-0.315266132355	
-0.632474303246	-0.547986268997	-0.5474370718	
0.157099291682	0.627158224583	-0.762884259224	
0.740109324455	-0.586222290993	-0.329517185688	
-0.653879165649	-0.512850821018	-0.556260764599	
-0.203046366572	-0.919512331486	-0.33655500412	
0.451352417469	-0.392913520336	0.801186561584	
-0.868937969208	0.0107731064782	0.494803786278	
-0.190236985683	-0.916216850281	-0.352642327547	
0.476208388805	-0.400232970715	0.78296816349	
-0.858507692814	-0.0189817398787	0.512449264526	
-0.199823692441	-0.912744939327	-0.356324464083	
0.419991314411	-0.408344686031	0.810470163822	
-0.885255753994	0.0122979693115	0.464941889048	
-0.187697723508	-0.915276706219	-0.356424003839	
0.433484137058	-0.402812957764	0.806122362614	
-0.881397247314	-0.00319682224654	0.472365021706	
-0.179814681411	-0.926129698753	-0.331587791443	
0.452349841595	-0.377176254988	0.808156967163	
-0.873525202274	-0.00467518251389	0.486756443977	
-0.181818366051	-0.918063163757	-0.352281361818	
0.45486921072	-0.396141797304	0.797599971294	
-0.871800482273	-0.0152236176655	0.489624500275	
-0.186588332057	-0.917387187481	-0.351547330618	
0.412336021662	-0.397916287184	0.819537460804	
-0.891719579697	0.00796048808843	0.452518314123	
-0.204010888934	-0.91294324398	-0.353431999683	
0.421935498714	-0.407769918442	0.809749424458	
-0.883374214172	0.0160721857101	0.468392670155	
0.930217564106	0.0531857609749	-0.363134294748	
0.159225046635	0.832991957664	0.529879033566	
0.33066996932	-0.550722897053	0.766395270824	
0.93245947361	0.00109744491056	-0.361272871494	
0.20159342885	0.828252375126	0.522836565971	
0.299798905849	-0.560354173183	0.772090554237	
0.947664499283	0.0227066967636	-0.318459391594	
0.157269433141	0.834855139256	0.527525544167	
0.277845829725	-0.550001204014	0.787591516972	
0.94531327486	-0.00178276200313	-0.326158851385	
0.181773364544	0.833173632622	0.522283613682	
0.270815819502	-0.553008675575	0.78793412447	
0.940570473671	0.0268185138702	-0.338537961245	
0.164343386889	0.836425602436	0.522860825062	
0.297184169292	-0.547423899174	0.782309830189	
0.935965895653	0.00337812188081	-0.352074503899	
0.189847871661	0.837295889854	0.512731313705	
0.296522587538	-0.546739637852	0.783039033413	
0.948035180569	-0.00867366697639	-0.31804728508	
0.18214340508	0.83440965414	0.52017724514	
0.260869890451	-0.55107653141	0.792629539967	
0.944260895252	-0.00643426319584	-0.329135149717	
0.18661506474	0.834106743336	0.519076883793	
0.271193981171	-0.551565587521	0.78881508112	
-0.0609959363937	-0.0413969866931	0.997279167175	
-0.833930850029	0.551151692867	-0.028126899153	
-0.548487782478	-0.833377540112	-0.0681402385235	
-0.0947310253978	-0.03655911237	0.994831383228	
-0.872324645519	0.484552413225	-0.0652586966753	
-0.479662150145	-0.873997926712	-0.0777935609221	
-0.0793047100306	-0.0246472619474	0.996545672417	
-0.83987390995	0.540140688419	-0.0534776970744	
-0.536956787109	-0.84121376276	-0.0635362938046	
-0.0635670572519	-0.0148585978895	0.997866928577	
-0.866845965385	0.496276438236	-0.0478308983147	
-0.494507163763	-0.86803740263	-0.0444269478321	
-0.0499102734029	-0.0210056882352	0.998532772064	
-0.841440975666	0.539475739002	-0.0307095460594	
-0.538039147854	-0.841739118099	-0.0446004271507	
-0.0500386506319	0.000203105679248	0.998747289181	
-0.865307331085	0.499354481697	-0.0434546731412	
-0.498737752438	-0.866397738457	-0.024811277166	
-0.0823295935988	-0.0218102559447	0.996366500854	
-0.84510576725	0.531421899796	-0.0581982284784	
-0.528221666813	-0.846826434135	-0.0621837228537	
-0.0934340804815	-0.0229505635798	0.995360910892	
-0.851866841316	0.519326746464	-0.0679899677634	
-0.515357136726	-0.854267537594	-0.0680736452341	
0.932484567165	-0.0741588398814	-0.353515177965	
-0.119944237173	0.859591901302	-0.496704250574	
0.340713799	0.505571126938	0.792661309242	
0.931432247162	-0.119716599584	-0.343659669161	
-0.0881234928966	0.842036187649	-0.532174110413	
0.35308393836	0.52596861124	0.773749768734	
0.910027861595	-0.0839606225491	-0.405955523252	
-0.13964253664	0.859955430031	-0.490893661976	
0.390319406986	0.503415584564	0.770858943462	
0.916442990303	-0.0796161592007	-0.392165184021	
-0.134490594268	0.861721515656	-0.489232420921	
0.376887977123	0.501096129417	0.779011011124	
0.911073982716	-0.103435970843	-0.399055331945	
-0.127530127764	0.849807322025	-0.511432886124	
0.392020702362	0.516844749451	0.761046171188	
0.915464878082	-0.123217202723	-0.383068650961	
-0.104953490198	0.845901191235	-0.522911012173	
0.388469845057	0.518911063671	0.761460781097	
0.9260622859	-0.100028380752	-0.363872140646	
-0.102084621787	0.861876368523	-0.49673718214	
0.36330062151	0.497155338526	0.787939846516	
0.934386134148	-0.115644901991	-0.336970001459	
-0.0820595100522	0.850554287434	-0.519445478916	
0.346682488918	0.513014256954	0.785256385803	
-0.955316483974	0.26228260994	-0.136302083731	
-0.276149362326	-0.956397175789	0.0951100587845	
-0.105413213372	0.128499940038	0.986091196537	
-0.957714557648	0.251636177301	-0.139506712556	
-0.261904656887	-0.963187992573	0.0606205053627	
-0.11911688	0.0945945978165	0.988363802433	
-0.967242836952	0.230333447456	-0.10671339184	
-0.238091573119	-0.968954920769	0.0666237473488	
-0.0880547910929	0.0898489058018	0.992055177689	
-0.956223011017	0.255985438824	-0.141806229949	
-0.266617059708	-0.961834490299	0.0615611635149	
-0.120635360479	0.0966741591692	0.987978339195	
-0.963739216328	0.247991099954	-0.0985247418284	
-0.257905721664	-0.960407316685	0.105368293822	
-0.0684934780002	0.126957654953	0.98954051733	
-0.967058897018	0.22531761229	-0.118444480002	
-0.236172839999	-0.967786490917	0.0872451364994	
-0.0949711054564	0.112344555557	0.989120423794	
-0.95706820488	0.242308691144	-0.159081637859	
-0.258365899324	-0.961918771267	0.0892153903842	
-0.131405934691	0.126486480236	0.983226120472	
-0.955634593964	0.244060650468	-0.164914757013	
-0.258332580328	-0.963431417942	0.0711631625891	
-0.141515940428	0.110608838499	0.983737230301	
0.217723086476	0.258316367865	0.941206336021	
-0.138106450438	-0.946483373642	0.29171192646	
0.966190099716	-0.193499088287	-0.170396134257	
0.197571098804	0.25983813405	0.945224761963	
-0.126338943839	-0.949440479279	0.287404417992	
0.972113251686	-0.176201492548	-0.154754325747	
0.186458528042	0.227856010199	0.955675065517	
-0.161115601659	-0.952473282814	0.258527338505	
0.969161987305	-0.202178806067	-0.140885606408	
0.202937930822	0.242389455438	0.948716819286	
-0.128301396966	-0.953942358494	0.271169215441	
0.970749676228	-0.176752209663	-0.162492185831	
0.2026476264	0.263288140297	0.943193137646	
-0.143109992146	-0.94487375021	0.294504851103	
0.968738079071	-0.194661065936	-0.153797253966	
0.202074050903	0.263140946627	0.943357229233	
-0.160553574562	-0.941296219826	0.296957820654	
0.966120421886	-0.21146684885	-0.147963315248	
0.210772335529	0.240708127618	0.947435796261	
-0.133545532823	-0.953031539917	0.271839141846	
0.968370079994	-0.183821991086	-0.168727189302	
0.194668233395	0.23334993422	0.952707767487	
-0.154397308826	-0.951890945435	0.264698088169	
0.968641161919	-0.198623821139	-0.14927431941	
-0.352335572243	0.840188860893	0.412240594625	
-0.239924117923	-0.506857514381	0.827968537807	
0.9045971632	0.19281630218	0.38016551733	
-0.335279285908	0.8439437747	0.418744236231	
-0.236075296998	-0.505549550056	0.829872310162	
0.91206151247	0.179383829236	0.368734568357	
-0.33613884449	0.845973312855	0.41393211484	
-0.233905062079	-0.500722646713	0.833405792713	
0.912304282188	0.183319240808	0.366189777851	
-0.321610093117	0.856599450111	0.403490155935	
-0.245907768607	-0.487068980932	0.838029325008	
0.91438305378	0.170297339559	0.367290765047	
-0.331801891327	0.852913796902	0.403045415878	
-0.251461684704	-0.491757571697	0.833631515503	
0.909216463566	0.175250023603	0.377641230822	
-0.336322844028	0.846071064472	0.413582712412	
-0.236328095198	-0.500937283039	0.832592844963	
0.911611735821	0.182278782129	0.368427038193	
-0.331374764442	0.850226640701	0.409029841423	
-0.261518895626	-0.499308228493	0.826014041901	
0.906531095505	0.166751176119	0.387808471918	
-0.329296410084	0.851117134094	0.408856332302	
-0.246340379119	-0.495449751616	0.83297419548	
0.911526322365	0.173577591777	0.372814357281	
0.630716264248	0.180641308427	-0.754695773125	
0.486514627934	-0.849711954594	0.203207194805	
-0.604566395283	-0.495336622	-0.623811781406	
0.609668672085	0.193173095584	-0.768757641315	
0.519352376461	-0.830023467541	0.203308105469	
-0.598813176155	-0.523206651211	-0.606364190578	
0.636605203152	0.179095908999	-0.750105619431	
0.488894581795	-0.845954835415	0.212937697768	
-0.596419215202	-0.502279818058	-0.626098275185	
0.639227390289	0.184470832348	-0.746564686298	
0.48410114646	-0.850836277008	0.204263940454	
-0.597523570061	-0.491983920336	-0.633180379868	
0.634687483311	0.18661442399	-0.749897897243	
0.49888291955	-0.840039014816	0.213190808892	
-0.590158998966	-0.50942081213	-0.62626093626	
0.6424228549	0.192674845457	-0.741733968258	
0.504299938679	-0.835071086884	0.21985861659	
-0.577039361	-0.515298604965	-0.63363468647	
0.628499686718	0.190661117435	-0.75407987833	
0.501117289066	-0.840724170208	0.205095827579	
-0.594869434834	-0.506785154343	-0.623938441277	
0.625639021397	0.17754791677	-0.75963973999	
0.506249368191	-0.833272874355	0.222188875079	
-0.593538045883	-0.523577213287	-0.611211538315	
-0.364940822124	0.805926382542	-0.466155469418	
0.112864121795	0.535290300846	0.837093770504	
0.924164414406	0.252877473831	-0.286309450865	
-0.357764661312	0.806790471077	-0.470205873251	
0.100337542593	0.533831298351	0.839616894722	
0.9284055233	0.253205955029	-0.271937340498	
-0.32303032279	0.821560800076	-0.469775736332	
0.0921330973506	0.521329760551	0.848367154598	
0.941893279552	0.230766400695	-0.244098246098	
-0.32988807559	0.81077092886	-0.483553856611	
0.101463750005	0.539712965488	0.835712313652	
0.938551545143	0.226628318429	-0.260308712721	
-0.332020133734	0.80496430397	-0.491726696491	
0.0698240920901	0.540842175484	0.838220953941	
0.940684437752	0.243971869349	-0.235776394606	
-0.308350682259	0.802275121212	-0.511150181293	
0.0720069333911	0.55547618866	0.828408837318	
0.948543548584	0.218634068966	-0.229050830007	
-0.337615698576	0.797119736671	-0.500615417957	
0.0886935815215	0.556416809559	0.826156020164	
0.937096059322	0.234521880746	-0.258554458618	
-0.316987127066	0.814502775669	-0.48590567708	
0.101809583604	0.538588285446	0.83639550209	
0.942949593067	0.215656772256	-0.253649741411	
0.743707299232	0.516213655472	-0.424762189388	
-0.266022384167	-0.354387640953	-0.896460533142	
-0.613295674324	0.77970045805	-0.12623628974	
0.764016389847	0.48646402359	-0.42382979393	
-0.267940342426	-0.358351051807	-0.894311189651	
-0.586930096149	0.796829521656	-0.143442720175	
0.752440810204	0.493431061506	-0.43630105257	
-0.296348512173	-0.337955623865	-0.893288075924	
-0.588226437569	0.801443576813	-0.108064055443	
0.751650989056	0.483136475086	-0.448998808861	
