-0.505608856678	-0.0843553245068	0.858629047871	
-0.820919036865	0.353211522102	-0.448702096939	
-0.265427261591	-0.931732714176	-0.247835770249	
-0.484733402729	-0.110924720764	0.867599725723	
-0.827318072319	0.380066633224	-0.413635343313	
-0.283863335848	-0.918283760548	-0.276001006365	
-0.529711067677	-0.107823953032	0.841296732426	
-0.808760225773	0.363074749708	-0.462691754103	
-0.255564361811	-0.925500273705	-0.279528439045	
-0.532269001007	-0.103137627244	0.840269207954	
-0.793756604195	0.405901759863	-0.45298370719	
-0.29434710741	-0.908078372478	-0.297915101051	
-0.43523389101	-0.029405400157	0.899837076664	
-0.832964360714	0.392454385757	-0.390063971281	
-0.341675013304	-0.919301331043	-0.195303097367	
-0.466972619295	-0.0865611210465	0.880024850368	
-0.813054919243	0.433319211006	-0.388813793659	
-0.347675532103	-0.897073924541	-0.272727161646	
-0.522978305817	-0.0853610634804	0.848060846329	
-0.79101151228	0.419213354588	-0.445601731539	
-0.317481398582	-0.903865933418	-0.286761075258	
-0.494130402803	-0.106447160244	0.862846553326	
-0.810472488403	0.415535569191	-0.412873566151	
-0.314594209194	-0.903326749802	-0.291601240635	
-0.224561095238	0.685735881329	-0.692342877388	
-0.857376396656	0.198625430465	0.474819600582	
0.463117718697	0.700224459171	0.543330192566	
-0.205465868115	0.698356926441	-0.685624778271	
-0.833426654339	0.242380678654	0.496640354395	
0.513014435768	0.67346060276	0.532228291035	
-0.155376881361	0.678854584694	-0.7176451087	
-0.879703164101	0.235419526696	0.413158506155	
0.449422210455	0.695509970188	0.560611784458	
-0.145702198148	0.685622692108	-0.713226795197	
-0.868645012379	0.2563996315	0.423928111792	
0.47352579236	0.681308150291	0.558204710484	
-0.189996123314	0.693201363087	-0.695250570774	
-0.856873393059	0.228587478399	0.46207767725	
0.479238450527	0.683534681797	0.550555050373	
-0.184705108404	0.699399292469	-0.690452516079	
-0.859220385551	0.226133242249	0.458916187286	
0.47709992528	0.678014993668	0.55917018652	
-0.201345935464	0.684132277966	-0.701015591621	
-0.860760629177	0.217990785837	0.459968656301	
0.467494338751	0.696019411087	0.544982552528	
-0.211028188467	0.692775785923	-0.689585983753	
-0.84841388464	0.220546528697	0.481199651957	
0.485449254513	0.686601042747	0.541219055653	
0.8190741539	0.227694541216	0.526566922665	
0.192589446902	0.7554641366	-0.626245319843	
-0.540395081043	0.614352583885	0.574929594994	
0.800437152386	0.335569649935	0.496682375669	
0.124366819859	0.717605412006	-0.68525570631	
-0.586372971535	0.610274910927	0.532664299011	
0.764355957508	0.264255076647	0.588157474995	
0.239732190967	0.730306744576	-0.639672219753	
-0.598572015762	0.629937529564	0.49486386776	
0.759961485863	0.260273575783	0.59558057785	
0.246159806848	0.732811152935	-0.634344696999	
-0.601551234722	0.628685534	0.492839336395	
0.777994811535	0.294143915176	0.555160701275	
0.163573279977	0.758327066898	-0.631018102169	
-0.606603562832	0.581738233566	0.541860461235	
0.794399440289	0.30618584156	0.524575769901	
0.203109234571	0.680021166801	-0.704498291016	
-0.57243001461	0.666199207306	0.478019267321	
0.792144060135	0.299962073565	0.531535983086	
0.153819426894	0.744664132595	-0.649472773075	
-0.590632975101	0.596236586571	0.543741345406	
0.789555311203	0.278553456068	0.546818375587	
0.213347986341	0.710874140263	-0.670179545879	
-0.575399875641	0.64580643177	0.501845657825	
0.924071192741	0.0730428099632	-0.375176161528	
-0.209300860763	0.918024420738	-0.336785286665	
0.319821149111	0.389738291502	0.863607823849	
0.935879528522	0.0541608519852	-0.348132252693	
-0.179751425982	0.923237681389	-0.33959031105	
0.303016334772	0.380392879248	0.873774766922	
0.964797735214	0.0582552216947	-0.256459742785	
-0.142766803503	0.934978306293	-0.32470485568	
0.22086854279	0.349888443947	0.91038185358	
0.975454449654	0.0519640780985	-0.213982090354	
-0.130555689335	0.919017076492	-0.371971547604	
0.177324026823	0.390777885914	0.903243482113	
0.949930131435	0.00667195394635	-0.312391161919	
-0.135950133204	0.909005641937	-0.393987715244	
0.281336665154	0.4167304039	0.864398896694	
0.956219255924	0.0525764301419	-0.287889629602	
-0.165137141943	0.909088730812	-0.382475346327	
0.241608023643	0.413271546364	0.877970516682	
0.956335902214	0.0437507666647	-0.288976699114	
-0.15079241991	0.920835018158	-0.359617114067	
0.250366330147	0.387490272522	0.887224912643	
0.963519394398	0.0601425357163	-0.260793566704	
-0.15947958827	0.911554694176	-0.378991156816	
0.214934110641	0.406756579876	0.887892127037	
-0.653842568398	0.282389104366	-0.70195889473	
0.706849575043	-0.102983951569	-0.699827075005	
-0.269914060831	-0.953756093979	-0.132271319628	
-0.690542519093	0.263364553452	-0.673639476299	
0.690511107445	-0.0371625721455	-0.722366452217	
-0.215279906988	-0.963980317116	-0.156193822622	
-0.536607444286	0.262399196625	-0.801996946335	
0.810508191586	-0.104179628193	-0.576387941837	
-0.234795480967	-0.95931917429	-0.156773135066	
-0.529026150703	0.27626183629	-0.802378177643	
0.829000651836	-0.0338219814003	-0.558224022388	
-0.181354001164	-0.960487127304	-0.211128532887	
-0.62790697813	0.212953940034	-0.748587667942	
0.745414197445	-0.112042032182	-0.657118201256	
-0.223809182644	-0.970616936684	-0.0883869156241	
-0.644851386547	0.264711856842	-0.717003703117	
0.72842758894	-0.0712019503117	-0.681412875652	
-0.231430113316	-0.961695313454	-0.14690874517	
-0.595885396004	0.241813614964	-0.765798091888	
0.765942692757	-0.115459643304	-0.632456243038	
-0.24135529995	-0.963428914547	-0.116414651275	
-0.593146324158	0.289283514023	-0.751327157021	
0.771150887012	-0.06397742033	-0.633429706097	
-0.231308743358	-0.955103099346	-0.185133263469	
0.541551947594	0.576855123043	-0.611522436142	
-0.766996324062	0.636830508709	-0.0785079523921	
0.344148427248	0.511551618576	0.787322580814	
0.560706436634	0.548982262611	-0.619860291481	
-0.742201924324	0.665100872517	-0.0823230519891	
0.367075741291	0.506220579147	0.780382037163	
0.507584810257	0.590034484863	-0.627866983414	
-0.763463973999	0.645767450333	-0.0103487120941	
0.399349987507	0.484606713057	0.778251826763	
0.566551566124	0.562049567699	-0.602594077587	
-0.741802275181	0.666302621365	-0.0759617760777	
0.35881575942	0.490041911602	0.794424414635	
0.553496897221	0.559626698494	-0.616813719273	
-0.727476537228	0.685435831547	-0.0309133287519	
0.405486285686	0.465827912092	0.78650188446	
0.520965516567	0.588375270367	-0.618392705917	
-0.759084284306	0.65067255497	-0.0204030685127	
0.390366494656	0.480041474104	0.785604357719	
0.548859536648	0.557741463184	-0.622637689114	
-0.731378376484	0.681093037128	-0.0346111133695	
0.40477013588	0.474380373955	0.781744480133	
0.510174930096	0.535771429539	-0.6728079319	
-0.783866882324	0.611573755741	-0.107379071414	
0.35394102335	0.58217394352	0.731983065605	
0.252143293619	-0.7630469203	0.595132946968	
-0.95251250267	-0.087206736207	0.291744589806	
-0.170715197921	-0.640433013439	-0.748800337315	
0.234599635005	-0.779908716679	0.580263257027	
-0.952639460564	-0.0656340271235	0.296934753656	
-0.193496972322	-0.622442483902	-0.758369505405	
0.187407791615	-0.786888659	0.587949454784	
-0.969818770885	-0.05317729339	0.237957492471	
-0.155980497599	-0.614799499512	-0.773105204105	
0.190964221954	-0.791697204113	0.580300033092	
-0.96255671978	-0.0351580902934	0.2687908113	
-0.192398697138	-0.609901130199	-0.768767416477	
0.304170519114	-0.767007470131	0.564960062504	
-0.93587654829	-0.129905968904	0.32750493288	
-0.177807047963	-0.628350257874	-0.757337868214	
0.28405970335	-0.77782779932	0.560619294643	
-0.935894966125	-0.0978769287467	0.3384090662	
-0.208352282643	-0.620809197426	-0.75576800108	
0.262302994728	-0.709987521172	0.653540194035	
-0.953881025314	-0.0883204117417	0.286898106337	
-0.145973145962	-0.698653817177	-0.700410366058	
0.223636299372	-0.792260587215	0.567723453045	
-0.956428587437	-0.0662081763148	0.284360319376	
-0.187699556351	-0.606580257416	-0.772547245026	
0.947156012058	-0.0844590514898	0.30945456028	
-0.181804060936	-0.936149597168	0.300950527191	
0.264277756214	-0.341307222843	-0.902034759521	
0.941756308079	-0.119528397918	0.314337462187	
-0.210757389665	-0.938149571419	0.274693906307	
0.262061834335	-0.32494366169	-0.9086997509	
0.947636783123	-0.0677206814289	0.312087148428	
-0.160511568189	-0.945849657059	0.282142609358	
0.27608063817	-0.317462325096	-0.907191932201	
0.950798928738	-0.0573178976774	0.304460197687	
-0.157879203558	-0.935199439526	0.316979795694	
0.266562372446	-0.349451988935	-0.898235917091	
0.959446251392	-0.0518332086504	0.277085125446	
-0.139120683074	-0.941969394684	0.305514484644	
0.245169907808	-0.331672996283	-0.9109801054	
0.944331347942	-0.122358910739	0.305395841599	
-0.210295051336	-0.938368141651	0.274301409721	
0.253010481596	-0.323254644871	-0.911861896515	
0.94602316618	-0.0488520264626	0.320396065712	
-0.148652657866	-0.943860530853	0.2950078547	
0.287997484207	-0.326712012291	-0.90017592907	
0.932370781898	-0.127588018775	0.338239639997	
-0.227553591132	-0.934161901474	0.274883359671	
0.280898779631	-0.333260834217	-0.900018393993	
-0.994971752167	-0.0795262381434	-0.0608835630119	
0.0948441103101	-0.552791297436	-0.827904820442	
0.0321842469275	-0.829516351223	0.557554364204	
-0.993147969246	-0.0920496731997	-0.072000131011	
0.112971827388	-0.598538637161	-0.793088197708	
0.0299086458981	-0.795787870884	0.604836463928	
-0.993159770966	-0.115032613277	-0.0200288146734	
0.083834245801	-0.583107352257	-0.808057963848	
0.0812740698457	-0.804209768772	0.588762462139	
-0.993208825588	-0.116230413318	-0.00516355177388	
0.0658451616764	-0.524960100651	-0.848576009274	
0.0959196835756	-0.843153238297	0.529048264027	
-0.996402025223	-0.0736770629883	-0.0418889895082	
0.0760124847293	-0.558267295361	-0.826171755791	
0.0374846532941	-0.826383292675	0.56185901165	
-0.993714809418	-0.105967104435	-0.0360817611217	
0.090625308454	-0.572341322899	-0.814992308617	
0.0657112970948	-0.813139855862	0.578347325325	
-0.99737226963	-0.0523756444454	-0.0500539056957	
0.0712791234255	-0.585855722427	-0.807274639606	
0.0129571612924	-0.808721125126	0.588049530983	
-0.991717994213	-0.127432376146	-0.0160128250718	
0.0733582600951	-0.459683746099	-0.885047674179	
0.105422891676	-0.878892362118	0.465224862099	
-0.993066906929	0.0337320230901	0.112606503069	
0.0263061784208	0.997420072556	-0.0667919069529	
-0.11456900835	-0.0633665844798	-0.991392254829	
-0.992208361626	-0.0230743549764	0.122434295714	
-0.0231337919831	0.999731957912	0.000936243101023	
-0.12242308259	-0.00190342136193	-0.992476165295	
-0.978842675686	-0.0125855933875	0.204226762056	
0.00237292726524	0.997341156006	0.0728349909186	
-0.204600423574	0.0717786103487	-0.976210296154	
-0.981670439243	-0.0328088626266	0.187740981579	
-0.0216635037214	0.997895717621	0.0611129403114	
-0.18935097754	0.0559256412089	-0.980315506458	
-0.986581385136	0.0248033441603	0.161375284195	
0.0174611881375	0.998753607273	-0.0467577651143	
-0.162333905697	-0.0433125346899	-0.985784828663	
-0.981046319008	0.00603354675695	0.193679511547	
0.00432378007099	0.99994790554	-0.00924932118505	
-0.19372522831	-0.00823658518493	-0.981021225452	
-0.980711877346	-0.0414309129119	0.19101755321	
-0.0190014187247	0.992856681347	0.117790438235	
-0.194533213973	0.111888878047	-0.974493563175	
-0.989419102669	-0.0210542194545	0.143550053239	
-0.0159671846777	0.999206185341	0.0364978462458	
-0.14420452714	0.0338195748627	-0.988969802856	
-0.846105694771	-0.530826210976	-0.0482570640743	
-0.260185271502	0.332303851843	0.906574726105	
-0.465197622776	0.779613792896	-0.419277340174	
-0.859224796295	-0.506479740143	-0.0721873342991	
-0.284461796284	0.355692535639	0.89026081562	
-0.425222575665	0.785468697548	-0.449694007635	
-0.839430093765	-0.534423112869	-0.0987374037504	
-0.310791939497	0.323013722897	0.893907427788	
-0.445831239223	0.78105956316	-0.437241852283	
-0.85189718008	-0.518806636333	-0.0714903399348	
-0.277202606201	0.330876320601	0.902041912079	
-0.444330871105	0.788264214993	-0.425687134266	
-0.886527478695	-0.458547234535	-0.0616717636585	
-0.265265077353	0.394524633884	0.879764020443	
-0.379082351923	0.796294391155	-0.471393495798	
-0.85508787632	-0.518480420113	0.00164663104806	
-0.260615974665	0.432554036379	0.863120079041	
-0.448223143816	0.737614393234	-0.50499600172	
-0.899137973785	-0.429033815861	-0.0864922702312	
-0.23444339633	0.305263251066	0.922957539558	
-0.369577080011	0.85014373064	-0.375057905912	
-0.88772302866	-0.449288725853	-0.100436381996	
-0.266184538603	0.322908431292	0.908226788044	
-0.375624299049	0.83298844099	-0.406246960163	
0.865333199501	-0.482816308737	0.134487524629	
-0.033032823354	0.212808534503	0.976535379887	
-0.500107288361	-0.849470973015	0.168201491237	
0.876514732838	-0.468606501818	0.110135495663	
-0.0134150804952	0.204925686121	0.978685617447	
-0.481188029051	-0.859309852123	0.173333987594	
0.890036225319	-0.447470396757	0.0872112363577	
0.0174027588218	0.224507525563	0.974316954613	
-0.455557584763	-0.86565965414	0.20760704577	
0.887244045734	-0.453726053238	0.0832505375147	
0.0171669255942	0.212820231915	0.976940572262	
-0.460980772972	-0.865355551243	0.19661256671	
0.900813758373	-0.423494070768	0.09585057199	
0.0144832162187	0.249932393432	0.968154966831	
-0.433964043856	-0.870739102364	0.231276094913	
0.903034329414	-0.426490008831	0.0513343773782	
0.00810661073774	0.136400476098	0.990620613098	
-0.429491847754	-0.894148290157	0.126631706953	
0.882765889168	-0.463066995144	0.0793304219842	
0.00558227859437	0.179181694984	0.983800172806	
-0.469779938459	-0.868022382259	0.160760462284	
0.923114597797	-0.375898331404	0.0809928700328	
0.00125361781102	0.213571891189	0.97692656517	
-0.384522855282	-0.901713609695	0.197622567415	
0.235090643167	-0.342985332012	-0.909446775913	
0.650468349457	0.75077688694	-0.11500005424	
0.722234904766	-0.564530909061	0.399601727724	
0.243098959327	-0.355986088514	-0.902317464352	
0.622810184956	0.770433664322	-0.136159598827	
0.743646681309	-0.528872251511	0.409003376961	
0.221340283751	-0.368930399418	-0.902717471123	
0.667748451233	0.731965720654	-0.135418638587	
0.710718274117	-0.572814583778	0.408366203308	
0.245975077152	-0.323492795229	-0.913700520992	
0.615321218967	0.780468583107	-0.110673315823	
0.748916566372	-0.534996449947	0.391027778387	
0.242907032371	-0.307512640953	-0.92001748085	
0.626445889473	0.773865103722	-0.0932647362351	
0.740649521351	-0.553686499596	0.380617290735	
0.238850861788	-0.295291185379	-0.925069391727	
0.665205359459	0.743767559528	-0.0656633153558	
0.70742636919	-0.5996773839	0.374078810215	
0.237949341536	-0.366999804974	-0.899272620678	
0.61529904604	0.773343324661	-0.152797758579	
0.751523256302	-0.516963481903	0.409831166267	
0.218622565269	-0.353145420551	-0.909666121006	
0.611086070538	0.776335716248	-0.154520630836	
0.760774612427	-0.52210265398	0.385526746511	
-0.492481261492	0.840454399586	0.226050063968	
0.771164298058	0.300995022058	0.560988068581	
0.403444945812	0.450597852468	-0.796362817287	
-0.497095227242	0.823948919773	0.272037804127	
0.763458609581	0.266338318586	0.588383197784	
0.412343621254	0.500172078609	-0.761446416378	
-0.504360377789	0.815308213234	0.284417152405	
0.772875785828	0.279352962971	0.569758713245	
0.385076165199	0.507182836533	-0.771026551723	
-0.515516519547	0.816931784153	0.258583068848	
0.755590617657	0.291059404612	0.586828112602	
0.404135465622	0.49790251255	-0.767311930656	
-0.432456433773	0.863812685013	0.258474439383	
0.779201388359	0.213798925281	0.589181780815	
0.45368117094	0.456199109554	-0.765542805195	
-0.499477207661	0.79529517889	0.343552201986	
0.766194939613	0.220452919602	0.603610634804	
0.404311567545	0.564717710018	-0.71946233511	
-0.475756376982	0.838278710842	0.26635441184	
0.790212631226	0.274359464645	0.547987997532	
0.386289834976	0.471185415983	-0.792946696281	
-0.524130761623	0.834244608879	0.171239301562	
0.736406981945	0.34296002984	0.583166480064	
0.427775263786	0.431757330894	-0.794099450111	
-0.795706152916	-0.580045819283	0.17435182631	
0.594786584377	-0.802673399448	0.0440947264433	
0.11437060684	0.138788565993	0.983695626259	
-0.800939977169	-0.550260186195	0.23602719605	
0.57744204998	-0.8141092062	0.0615375339985	
0.158290266991	0.185579895973	0.969796001911	
-0.817415356636	-0.564164578915	0.11640650034	
0.574334025383	-0.813748836517	0.0891806483269	
0.0444130972028	0.139753848314	0.989189743996	
-0.830489516258	-0.542446136475	0.126646503806	
0.556994915009	-0.811385631561	0.1772287637	
0.00662210164592	0.217728093266	0.975987017155	
-0.770446956158	-0.620100080967	0.147943943739	
0.629207313061	-0.776978909969	0.0200491975993	
0.102516807616	0.108534246683	0.988792479038	
-0.811684310436	-0.534074425697	0.236501783133	
0.567751824856	-0.816518902779	0.104664705694	
0.137209445238	0.219229027629	0.965977311134	
-0.796643197536	-0.591237723827	0.125688493252	
0.604429066181	-0.77747797966	0.173762872815	
-0.00501512270421	0.21439678967	0.976733803749	
-0.863760232925	-0.494876384735	0.0949506685138	
0.503391385078	-0.855915248394	0.11834795773	
0.0227021165192	0.150021612644	0.988422036171	
-0.0887984633446	0.472414523363	0.876891851425	
0.521513283253	0.772104620934	-0.363150656223	
-0.848609924316	0.42506352067	-0.314932137728	
0.0134171247482	0.460674643517	0.887467682362	
0.505106449127	0.762857973576	-0.403627574444	
-0.862952768803	0.453681141138	-0.222454369068	
-0.00413688784465	0.530065059662	0.847946882248	
0.531417429447	0.719473421574	-0.447161614895	
-0.847100019455	0.448763877153	-0.284662187099	
0.0426138564944	0.54468280077	0.837558805943	
0.534338653088	0.695924699306	-0.479761451483	
-0.844195663929	0.467984497547	-0.261389017105	
0.000200852489797	0.419624239206	0.907697916031	
0.537112593651	0.765607476234	-0.354055404663	
-0.843510568142	0.487607061863	-0.225231677294	
0.0121959904209	0.4034512043	0.91491985321	
0.535553812981	0.770049631596	-0.346706926823	
-0.844413042068	0.494217276573	-0.206678315997	
-0.0547380521894	0.532435774803	0.844698667526	
0.53217536211	0.731355786324	-0.426506817341	
-0.844862759113	0.426181674004	-0.323382198811	
0.00264165806584	0.489108711481	0.872218847275	
0.497606426477	0.755923986435	-0.425401866436	
-0.867398917675	0.43514546752	-0.241386756301	
0.708687961102	0.702017962933	0.0702294185758	
-0.691697180271	0.671740949154	0.265177547932	
0.138983413577	-0.236505627632	0.961638569832	
0.714837670326	0.683053910732	0.149814710021	
-0.69452470541	0.66851234436	0.265944868326	
0.0815017074347	-0.294157415628	0.952275633812	
0.681961238384	0.731038212776	0.0226279869676	
-0.711670637131	0.656123042107	0.251052647829	
0.168682321906	-0.187311843038	0.967708945274	
0.655049622059	0.752928495407	0.0633138790727	
-0.736344456673	0.61733353138	0.276940643787	
0.169430732727	-0.228030696511	0.958798825741	
0.729174017906	0.669126629829	0.1434391886	
-0.679297685623	0.682366371155	0.270056992769	
0.0828242450953	-0.29435646534	0.952099978924	
0.657154738903	0.729699671268	0.188907474279	
-0.751573085785	0.615281045437	0.237838417292	
0.0573194138706	-0.298274427652	0.95275747776	
0.668241798878	0.741594433784	0.0590813830495	
-0.729318201542	0.637364983559	0.248718321323	
0.14679171145	-0.209293112159	0.966772258282	
0.627065479755	0.775504052639	0.0733646303415	
-0.771330714226	0.605003893375	0.197532743216	
0.108801551163	-0.180454358459	0.977547168732	
-0.195888206363	-0.944612085819	-0.263317018747	
-0.927468538284	0.265673100948	-0.263096868992	
0.318480730057	0.19268065691	-0.928140163422	
-0.137529879808	-0.952347934246	-0.272247999907	
-0.934926092625	0.215584933758	-0.281844496727	
0.327106595039	0.215769708157	-0.92002427578	
-0.124405272305	-0.979633927345	-0.157609477639	
-0.955596923828	0.161054775119	-0.24677079916	
0.267128795385	0.119911551476	-0.956171214581	
-0.0980104804039	-0.984813928604	-0.143302112818	
-0.934175550938	0.140685364604	-0.327907979488	
0.34308886528	0.101730912924	-0.933777749538	
-0.120702803135	-0.949042379856	-0.291117459536	
-0.937625348568	0.205308437347	-0.280547976494	
0.326020807028	0.239096179605	-0.914627492428	
-0.136557281017	-0.945522904396	-0.295530885458	
-0.937737762928	0.219558164477	-0.269150733948	
0.319374412298	0.240375980735	-0.91663479805	
-0.0925837606192	-0.989421963692	-0.11168024689	
-0.944855034351	0.122686550021	-0.303639471531	
0.314129203558	0.0774095654488	-0.946219086647	
-0.146048218012	-0.97813719511	-0.148045912385	
-0.933870911598	0.185695484281	-0.305617839098	
0.326427608728	0.0936208367348	-0.940574347973	
0.0468494854867	0.816283762455	0.57574814558	
0.939521074295	-0.231773406267	0.252153307199	
0.339271754026	0.529114246368	-0.777774274349	
0.0405111536384	0.86025762558	0.508247613907	
0.924697041512	-0.224988177419	0.307108700275	
0.378542304039	0.457533717155	-0.804592192173	
-0.0133021185175	0.874173223972	0.485432058573	
0.941453695297	-0.152611717582	0.300623744726	
0.336879849434	0.461010724306	-0.82096350193	
0.0360068753362	0.861918389797	0.505766928196	
0.924640953541	-0.220735818148	0.310346186161	
0.379133969545	0.456478208303	-0.80491310358	
0.0714132115245	0.799579739571	0.596298933029	
0.938647806644	-0.256096065044	0.230987146497	
0.337402462959	0.543219149113	-0.768812417984	
0.0105837704614	0.882181227207	0.470791101456	
0.919764518738	-0.193313792348	0.341559618711	
0.392327874899	0.429401993752	-0.813444972038	
0.0678688287735	0.872697949409	0.483520567417	
0.944246768951	-0.212680980563	0.251326084137	
0.322167396545	0.439505517483	-0.838476657867	
0.0410083569586	0.890627264977	0.452881157398	
0.940654456615	-0.187236711383	0.28303989768	
0.336879014969	0.41439768672	-0.845450818539	
0.948276281357	0.0263580251485	-0.316350072622	
0.0593228153884	-0.993705391884	0.095028616488	
-0.311853975058	-0.108880154788	-0.943870842457	
0.948365628719	0.0394218862057	-0.314719855785	
0.0903643295169	-0.984706223011	0.148956105113	
-0.304034471512	-0.169704303145	-0.937423884869	
0.94250690937	0.00743007985875	-0.334104001522	
0.0524639338255	-0.990645825863	0.12596988678	
-0.330042749643	-0.136255905032	-0.93408036232	
0.937562584877	-0.00257870391943	-0.347807019949	
0.0638729408383	-0.981690108776	0.179456889629	
-0.341901481152	-0.190467536449	-0.920231223106	
0.955611050129	0.0627190843225	-0.287878245115	
0.100508287549	-0.987864434719	0.118414208293	
-0.276957839727	-0.142092064023	-0.950317919254	
0.956427931786	0.00308737973683	-0.291952192783	
0.0218115113676	-0.997905433178	0.0609011538327	
-0.291152656078	-0.0646154806018	-0.954491972923	
0.930273771286	0.0214682389051	-0.366237342358	
0.0880054458976	-0.982196629047	0.165966495872	
-0.356154084206	-0.186625152826	-0.915601074696	
0.937836706638	-0.00679255323485	-0.34701025486	
0.0654410943389	-0.978414952755	0.196014374495	
-0.340851485729	-0.20653821528	-0.917148947716	
0.80802500248	-0.55628991127	0.194003105164	
0.244113788009	0.0164360627532	-0.969607293606	
0.536194086075	0.830825746059	0.149078771472	
0.818403542042	-0.558511555195	0.135205417871	
0.154553741217	-0.0126810446382	-0.987902998924	
0.553469777107	0.829399824142	0.0759418383241	
0.810092449188	-0.5764772892	0.106883816421	
0.114027254283	-0.0239095371217	-0.993189871311	
0.575106978416	0.816763281822	0.0463651865721	
0.799962699413	-0.590015113354	0.109278783202	
0.120963692665	-0.0198101550341	-0.992459237576	
0.587730765343	0.807149171829	0.055523019284	
0.843290627003	-0.518204152584	0.142567098141	
0.185572743416	0.0317911729217	-0.982116103172	
0.504404246807	0.854665875435	0.122973762453	
0.878432452679	-0.476307839155	0.0385659337044	
0.104073286057	0.11192022264	-0.988252282143	
0.466396003962	0.872126579285	0.147885277867	
0.800588667393	-0.575416266918	0.167194187641	
0.176106736064	-0.040754750371	-0.983527064323	
0.572751402855	0.816844642162	0.0687068849802	
0.877403795719	-0.466590642929	0.111605189741	
0.119156062603	-0.0133993038908	-0.992785096169	
0.464719682932	0.884371876717	0.0438405051827	
0.14622284472	0.988213300705	-0.0453141331673	
-0.701178491116	0.0712210312486	-0.709419727325	
-0.697830677032	0.135506659746	0.70332801342	
0.118851214647	0.991536080837	-0.0522548519075	
-0.729444921017	0.051488224417	-0.682098984718	
-0.67363524437	0.119185335934	0.729390442371	
0.214460164309	0.97577136755	-0.0433254614472	
-0.675530016422	0.116141751409	-0.72812795639	
-0.705454528332	0.185422092676	0.684070587158	
0.193684235215	0.97979414463	-0.0498984158039	
-0.704403162003	0.10348328948	-0.702216029167	
-0.682863533497	0.171156778932	0.710213184357	
0.0788578242064	0.996848106384	-0.00867620110512	
-0.700423121452	0.0492112413049	-0.712029278278	
-0.709358096123	0.0622260943055	0.702096164227	
0.11264154315	0.984138190746	-0.137054249644	
-0.688288986683	-0.0221997965127	-0.725096821785	
-0.716638088226	0.176008954644	0.67487090826	
0.0573720596731	0.994043529034	-0.0926603004336	
-0.677959680557	-0.0293390471488	-0.734513401985	
-0.732856810093	0.104960486293	0.672238171101	
0.225028038025	0.972846448421	-0.0541494600475	
-0.679454922676	0.116845838726	-0.724353551865	
-0.698357641697	0.199791967869	0.687298893929	
-0.401068806648	-0.883164823055	0.243235990405	
0.393316179514	0.0737844333053	0.916437804699	
-0.827312648296	0.46322324872	0.3177703619	
-0.395803809166	-0.883255422115	0.251394569874	
0.342227101326	0.112165547907	0.932898461819	
-0.852185428143	0.455278784037	0.257878392935	
-0.454083442688	-0.865914940834	0.209760695696	
0.422386884689	-0.00192738836631	0.90641361475	
-0.784472763538	0.500187575817	0.366626322269	
-0.439487248659	-0.85357862711	0.279740065336	
0.433997273445	0.0708830803633	0.898121356964	
-0.786446034908	0.516119301319	0.339298576117	
-0.437310963869	-0.83304464817	0.338815122843	
0.371803492308	0.175567895174	0.911558032036	
-0.818853616714	0.524607002735	0.232951134443	
-0.449903041124	-0.840380311012	0.302238643169	
0.390780329704	0.119059845805	0.912751615047	
-0.803042948246	0.528758645058	0.274838715792	
-0.527052640915	-0.819193840027	0.226134747267	
0.407495319843	-0.0101028885692	0.9131513834	
-0.745763421059	0.573427736759	0.339142411947	
-0.476099461317	-0.819512188435	0.31895005703	
0.416997969151	0.108935385942	0.902355670929	
-0.774236381054	0.562612593174	0.28987082839	
-0.258358001709	-0.201888918877	0.944717943668	
0.916265070438	-0.361091643572	0.173410490155	
0.306120097637	0.910414040089	0.278274685144	
-0.273330897093	-0.236724868417	0.932336628437	
0.883337795734	-0.445465058088	0.145860269666	
0.380794614553	0.863436281681	0.330867379904	
-0.190232247114	-0.171814218163	0.966587603092	
0.905842542648	-0.410307258368	0.105343617499	
0.378498375416	0.895615875721	0.233690306544	
-0.214697524905	-0.189304172993	0.958159148693	
0.882106006145	-0.458731800318	0.107024110854	
0.41927793622	0.868175685406	0.265474915504	
-0.218271031976	-0.164882138371	0.961858451366	
0.895734727383	-0.425033479929	0.130406424403	
0.38732033968	0.890033960342	0.240463152528	
-0.226336911321	-0.177304133773	0.957776010036	
0.900866985321	-0.412038803101	0.136611551046	
0.370419085026	0.893748998642	0.252987027168	
-0.233617633581	-0.114839889109	0.965522944927	
0.879195988178	-0.449033409357	0.159321680665	
0.415255576372	0.886104285717	0.205868899822	
-0.238404840231	-0.190793856978	0.95223993063	
0.898290157318	-0.415978491306	0.141551062465	
0.369104236364	0.889134168625	0.270559519529	
0.143614545465	0.673389971256	-0.725203990936	
0.783715188503	-0.524849951267	-0.332149028778	
-0.604289114475	-0.520651936531	-0.603122055531	
0.175504907966	0.666244924068	-0.724786639214	
0.790225505829	-0.53441798687	-0.299901783466	
-0.587147057056	-0.520110666752	-0.620276689529	
0.085123360157	0.623727381229	-0.77699303627	
0.746417701244	-0.556486427784	-0.364943087101	
-0.660011053085	-0.548896193504	-0.512931168079	
0.102963753045	0.640289068222	-0.761201918125	
0.731921255589	-0.566982865334	-0.377917557955	
-0.673564910889	-0.518228054047	-0.527019917965	
0.102659001946	0.614570260048	-0.782153785229	
0.802618801594	-0.515659809113	-0.299829930067	
-0.587591826916	-0.596991121769	-0.546202778816	
0.174096614122	0.634059607983	-0.753431379795	
0.813886761665	-0.523353219032	-0.252368301153	
-0.554327249527	-0.569271326065	-0.607166707516	
0.0817159488797	0.604188024998	-0.79264074564	
0.795086801052	-0.519070625305	-0.313691943884	
-0.600965440273	-0.604584574699	-0.522798299789	
0.136289507151	0.627866029739	-0.766295909882	
0.746213912964	-0.573836386204	-0.33745610714	
-0.651605725288	-0.525828957558	-0.546730220318	
-0.129387542605	-0.93584471941	-0.327801018953	
0.454884409904	-0.349761635065	0.818991422653	
-0.88110101223	-0.0431442856789	0.470955997705	
-0.108207307756	-0.924927771091	-0.364417105913	
0.521979928017	-0.364834606647	0.770994603634	
-0.846066296101	-0.1067911461	0.522271454334	
-0.136721029878	-0.910271286964	-0.390785813332	
0.408954828978	-0.411169886589	0.814674973488	
-0.902254581451	-0.0484305471182	0.428475409746	
-0.108714267612	-0.916279435158	-0.385503828526	
0.432403594255	-0.392780452967	0.811634540558	
-0.895102441311	-0.0784569904208	0.438903361559	
-0.0677816495299	-0.944036126137	-0.322802513838	
0.489541202784	-0.313390463591	0.81371730566	
-0.869341731071	-0.102870032191	0.483386695385	
-0.0935474932194	-0.93051213026	-0.354113042355	
0.503430187702	-0.351062148809	0.789502024651	
-0.858956873417	-0.104415267706	0.501288890839	
-0.111647538841	-0.928255498409	-0.354790866375	
0.422405123711	-0.367493927479	0.82856631279	
-0.899504721165	-0.057358097285	0.433129668236	
-0.147365823388	-0.919413745403	-0.364639133215	
0.428616046906	-0.391612559557	0.814203858376	
-0.891387462616	-0.0363043695688	0.451785773039	
0.901277065277	0.172733724117	-0.397319436073	
0.0779742747545	0.837433338165	0.540948629379	
0.426168620586	-0.518525242805	0.741290688515	
0.900503873825	0.0682106763124	-0.429464876652	
0.182598933578	0.837014138699	0.515814840794	
0.394652247429	-0.542913079262	0.741279304028	
0.952651202679	0.0923345386982	-0.289706677198	
0.0847287625074	0.834429144859	0.544563174248	
0.292021691799	-0.54332524538	0.787096560001	
0.950482726097	0.0398940779269	-0.308206111193	
0.131933495402	0.846126616001	0.516394555569	
0.281382471323	-0.531486809254	0.798965394497	
0.924081742764	0.1134538427	-0.364967375994	
0.101105637848	0.848339080811	0.51971000433	
0.368579179049	-0.517154753208	0.772463798523	
0.918048620224	0.0721204653382	-0.389852970839	
0.148842483759	0.84869492054	0.507506489754	
0.367467850447	-0.523942351341	0.76840865612	
0.952142477036	0.0311636980623	-0.304061740637	
0.136458814144	0.846806466579	0.514099061489	
0.273502677679	-0.53098744154	0.802027821541	
0.948402822018	0.0402877554297	-0.314498007298	
0.129940763116	0.855386674404	0.501426994801	
0.289218753576	-0.516420900822	0.806016087532	
0.00398046849295	-0.0446904152632	0.998992979527	
-0.833814680576	0.551334559917	0.0279865264893	
-0.552030086517	-0.833086431026	-0.0350689552724	
-0.076892465353	-0.0749233737588	0.99422031641	
-0.913263738155	0.405392199755	-0.0400814116001	
-0.400046110153	-0.911067306995	-0.0995964035392	
-0.0965324565768	-0.0115289613605	0.995263040066	
-0.849518060684	0.522005617619	-0.0763495415449	
-0.518652677536	-0.852864146233	-0.060184545815	
-0.049572121352	0.0215235669166	0.998538613319	
-0.914202690125	0.40163770318	-0.054042622447	
-0.402213960886	-0.915545701981	-0.000233131941059	
0.00214638956822	-0.0358886346221	0.999353468418	
-0.849948942661	0.526457071304	0.0207315515727	
-0.526860713959	-0.849443912506	-0.0293735247105	
0.02720778808	0.00314628821798	0.999624848366	
-0.900508165359	0.434222847223	0.0231433268636	
-0.433987110853	-0.9007999897	0.0146475005895	
-0.115057617426	-0.00691825756803	0.993334710598	
-0.86258161068	0.496638417244	-0.0964535996318	
-0.492660880089	-0.86792999506	-0.0631095916033	
-0.131915971637	-0.0220800992101	0.991014957428	
-0.870872676373	0.48011264205	-0.105226546526	
-0.473475396633	-0.876928925514	-0.0825634822249	
0.938249111176	-0.0012062350288	-0.345958352089	
-0.167912900448	0.872725307941	-0.458427548409	
0.302479565144	0.488210111856	0.81863117218	
0.941279888153	-0.103976152837	-0.321218162775	
-0.0956002399325	0.830382704735	-0.548930943012	
0.323809742928	0.547406196594	0.77168238163	
0.896499812603	-0.0163875091821	-0.442740917206	
-0.228347569704	0.839268803596	-0.493442267179	
0.379664927721	0.543469727039	0.748662292957	
0.90813601017	-0.0114816678688	-0.418517768383	
-0.211316302419	0.850384891033	-0.481861919165	
0.361433774233	0.526035785675	0.769838929176	
0.879470050335	-0.0552682094276	-0.472734421492	
-0.20447409153	0.853032588959	-0.480130940676	
0.429793834686	0.518922746181	0.738915741444	
0.894277274609	-0.0920983180404	-0.437933832407	
-0.163118720055	0.844186425209	-0.510628581047	
0.416725844145	0.528078734875	0.73991382122	
0.940183341503	-0.0667731240392	-0.334060817957	
-0.115436159074	0.860146045685	-0.496813088655	
0.320514857769	0.505658090115	0.800986945629	
0.955084443092	-0.0805703774095	-0.285170286894	
-0.0874268338084	0.842880964279	-0.530950307846	
0.283143460751	0.532033920288	0.797978520393	
-0.951849758625	0.246928349137	-0.18168208003	
-0.274603396654	-0.950223326683	0.147202774882	
-0.13629001379	0.190005451441	0.972277224064	
-0.959433376789	0.226114988327	-0.168402984738	
-0.240360096097	-0.968200683594	0.0693860054016	
-0.147358670831	0.107048608363	0.983273088932	
-0.979836463928	0.149867832661	-0.132137000561	
-0.162819817662	-0.982232153416	0.0933257564902	
-0.115802682936	0.112958498299	0.986828327179	
-0.954470098019	0.223962143064	-0.197047770023	
-0.239273324609	-0.969256520271	0.0573589727283	
-0.17814360559	0.101895697415	0.9787145257	
-0.975681483746	0.209539696574	-0.0643330812454	
-0.217254206538	-0.963413000107	0.156958773732	
-0.0290902312845	0.167118400335	0.98550760746	
-0.98681563139	0.137835323811	-0.0848313495517	
-0.147397235036	-0.981857895851	0.119285985827	
-0.0668505057693	0.130217179656	0.989229261875	
-0.950166106224	0.177675426006	-0.256155788898	
-0.213710904121	-0.969463706017	0.120282262564	
-0.226962521672	0.169031411409	0.959122717381	
-0.944254934788	0.186353951693	-0.27139416337	
-0.214719101787	-0.973507642746	0.078603670001	
-0.249556198716	0.132495418191	0.959253191948	
0.195477560163	0.315293908119	0.928643226624	
-0.0999674797058	-0.935572504997	0.338689506054	
0.975599825382	-0.159040316939	-0.151364296675	
0.156477838755	0.308992981911	0.938103437424	
-0.0647024959326	-0.944556474686	0.321911007166	
0.985559880733	-0.111069574952	-0.127809524536	
0.145816877484	0.2266600281	0.962996721268	
-0.155875399709	-0.955978810787	0.24861086905	
0.976954579353	-0.186359167099	-0.104067131877	
0.19323246181	0.255394399166	0.947330415249	
-0.0653365924954	-0.960035085678	0.272146582603	
0.978975176811	-0.11448289454	-0.168823346496	
0.158158183098	0.315190047026	0.935757040977	
-0.105583250523	-0.936853051186	0.333404511213	
0.981752574444	-0.151530921459	-0.114892192185	
0.180272474885	0.309309899807	0.93371796608	
-0.13539981842	-0.932429790497	0.335024774075	
0.97425287962	-0.186820983887	-0.126210913062	
0.188511565328	0.2512832582	0.949378788471	
-0.0705999433994	-0.960742235184	0.268309503794	
0.979530036449	-0.117605537176	-0.16337043047	
0.153775021434	0.231736853719	0.9605473876	
-0.131561324	-0.958652853966	0.252341598272	
0.979308366776	-0.16517470777	-0.116929255426	
-0.390701442957	0.84218454361	0.37158793211	
-0.239237442613	-0.482701808214	0.842475175858	
0.888885736465	0.240258514881	0.390074372292	
-0.347986996174	0.85118073225	0.39293307066	
-0.211578696966	-0.47961974144	0.851586401463	
0.913312375546	0.213204741478	0.346993148327	
-0.360437840223	0.850139200687	0.383859217167	
-0.205787196755	-0.473853886127	0.856220841408	
0.909800112247	0.229621082544	0.345742642879	
-0.327268242836	0.875726878643	0.354961842299	
-0.244702219963	-0.441377282143	0.863311588764	
0.912697255611	0.195674523711	0.3587410748	
-0.348300695419	0.865145862103	0.360845148563	
-0.248068004847	-0.456295996904	0.854550302029	
0.903962850571	0.208126336336	0.373543232679	
-0.365429580212	0.848618745804	0.382501602173	
-0.210849136114	-0.475704401731	0.853960156441	
0.906644284725	0.231412172318	0.352766990662	
-0.346796900034	0.857726275921	0.379522740841	
-0.289482176304	-0.48276039958	0.826524317265	
0.892150223255	0.176771014929	0.415716260672	
-0.336333811283	0.86933863163	0.362118601799	
-0.246775984764	-0.452440708876	0.856970846653	
0.908835053444	0.198866099119	0.366703003645	
0.605446577072	0.188234075904	-0.773306131363	
0.511123597622	-0.836744010448	0.196499571204	
-0.610071361065	-0.514225006104	-0.602814733982	
0.552714109421	0.218795791268	-0.804136514664	
0.593723297119	-0.780502974987	0.195723593235	
-0.58480745554	-0.585613787174	-0.561299204826	
0.635916411877	0.190145209432	-0.747967302799	
0.516780078411	-0.824726939201	0.229703933001	
-0.573191702366	-0.532607078552	-0.622720599174	
0.641264438629	0.188110113144	-0.74390488863	
0.485637098551	-0.850103795528	0.203666746616	
-0.594084620476	-0.49187207222	-0.636494576931	
0.622836053371	0.200896471739	-0.756118953228	
0.540218412876	-0.809509158134	0.229910835624	
-0.56589692831	-0.551666140556	-0.612719476223	
0.643402397633	0.20809289813	-0.736702561378	
0.543008744717	-0.802396893501	0.247589766979	
-0.53960621357	-0.559335768223	-0.629260361195	
0.611927986145	0.198637887836	-0.765563249588	
0.534958302975	-0.816894710064	0.215644806623	
-0.582549333572	-0.541503548622	-0.606143712997	
0.60979527235	0.17233531177	-0.773595631123	
0.545231223106	-0.799621462822	0.251651376486	
-0.575215280056	-0.575244307518	-0.581568002701	
-0.460596680641	0.772487998009	-0.437164723873	
0.13335698843	0.547154724598	0.826339900494	
0.877534389496	0.322310447693	-0.355034321547	
-0.437252253294	0.783618450165	-0.441307872534	
0.117976859212	0.536440968513	0.835650980473	
0.891567111015	0.313326150179	-0.327008843422	
-0.329312860966	0.825078785419	-0.459127515554	
0.0992734730244	0.513809680939	0.852141082287	
0.938987672329	0.235041826963	-0.251112550497	
-0.355521202087	0.795775234699	-0.490251451731	
0.119562156498	0.558930039406	0.8205499053	
0.926989495754	0.233107358217	-0.293856084347	
-0.358607649803	0.775352597237	-0.519835472107	
0.030873671174	0.566420614719	0.823537826538	
0.932977676392	0.279277741909	-0.227060735226	
-0.313485860825	0.769038677216	-0.557051241398	
0.0393135100603	0.596628963947	0.801553726196	
0.948778688908	0.229376122355	-0.217268362641	
-0.363021224737	0.771708726883	-0.522188901901	
0.0812404677272	0.584499895573	0.807316422462	
0.928232491016	0.250650137663	-0.274879872799	
-0.328405350447	0.805666565895	-0.493002295494	
0.131137892604	0.555787920952	0.82091575861	
0.935389101505	0.204941853881	-0.288177132607	
0.684857845306	0.551922678947	-0.475763738155	
-0.274943381548	-0.408925890923	-0.870164215565	
-0.674815475941	0.726746857166	-0.128308609128	
0.743208289146	0.463290840387	-0.482703864574	
-0.29011285305	-0.426960170269	-0.856469213963	
-0.602889657021	0.77657365799	-0.182913720608	
0.716080665588	0.492779642344	-0.494364976883	
-0.34610953927	-0.364378005266	-0.864544272423	
-0.606165528297	0.790187895298	-0.0903683006763	
0.715098023415	0.448440462351	-0.536223828793	
