-0.50804567337	-0.0701825916767	0.858466088772	
-0.801407217979	0.403768002987	-0.441268414259	
-0.315651774406	-0.912165462971	-0.261377424002	
-0.498570561409	-0.0963069498539	0.861482620239	
-0.805514812469	0.418649941683	-0.419378250837	
-0.320270597935	-0.90302670002	-0.286303222179	
-0.537721574306	-0.0900371968746	0.838301122189	
-0.785218596458	0.415593504906	-0.459035664797	
-0.307062238455	-0.905083060265	-0.294172495604	
-0.522695600986	-0.0851531550288	0.848255991936	
-0.78430223465	0.438032507896	-0.439314842224	
-0.33415466547	-0.894917011261	-0.295743465424	
-0.48116505146	-0.0451221205294	0.875468015671	
-0.803027033806	0.423245340586	-0.419536560774	
-0.351607352495	-0.904890835285	-0.239885136485	
-0.493356913328	-0.0836155116558	0.865798711777	
-0.792841970921	0.452637225389	-0.408070087433	
-0.357771724463	-0.887765705585	-0.289605587721	
-0.525419652462	-0.0802272856236	0.847052395344	
-0.777471005917	0.44970279932	-0.439665973186	
-0.345648646355	-0.88956785202	-0.298657089472	
-0.502244114876	-0.0879211127758	0.860244572163	
-0.792141973972	0.445739150047	-0.416926503181	
-0.346788048744	-0.89083468914	-0.293515861034	
-0.189816728234	0.699234187603	-0.689232289791	
-0.858968615532	0.22174231708	0.461522787809	
0.47554448247	0.679633677006	0.558529794216	
-0.1776573807	0.704908192158	-0.686689376831	
-0.838223993778	0.257185131311	0.480870366096	
0.515575766563	0.661029696465	0.545180141926	
-0.149671137333	0.69408249855	-0.704164743423	
-0.86532330513	0.252599090338	0.43290796876	
0.478345215321	0.674124002457	0.562798976898	
-0.140102207661	0.7020008564	-0.698259413242	
-0.858164548874	0.265674382448	0.439284294844	
0.493887573481	0.66076618433	0.565210700035	
-0.168382540345	0.702552855015	-0.691423714161	
-0.859201490879	0.239191740751	0.452283233404	
0.483135730028	0.670228898525	0.563358783722	
-0.173049286008	0.709919095039	-0.682692348957	
-0.852122306824	0.239678099751	0.465233296156	
0.493904411793	0.662245631218	0.563461780548	
-0.169268593192	0.692816197872	-0.700966417789	
-0.85808545351	0.246259540319	0.450605779886	
0.484806627035	0.677762448788	0.55281150341	
-0.169821530581	0.700839519501	-0.692809224129	
-0.851178586483	0.249983891845	0.461522519588	
0.496644377708	0.668080806732	0.554086983204	
0.810212850571	0.232256814837	0.538156032562	
0.208812147379	0.743528962135	-0.635265409946	
-0.547679364681	0.627073705196	0.553918659687	
0.798817515373	0.302870750427	0.519769132137	
0.167636066675	0.717720091343	-0.675852119923	
-0.577744543552	0.627014517784	0.522555291653	
0.774657249451	0.254308521748	0.57899338007	
0.234036147594	0.735276758671	-0.636077940464	
-0.587480425835	0.628247797489	0.510070085526	
0.775314331055	0.251506179571	0.579337835312	
0.235336184502	0.736186981201	-0.634543597698	
-0.586092591286	0.628309905529	0.5115878582	
0.789884746075	0.270026504993	0.5506067276	
0.182748660445	0.753407120705	-0.631649136543	
-0.58539301157	0.599552690983	0.545757830143	
0.797942519188	0.27866563201	0.534446597099	
0.213631212711	0.698381364346	-0.683099687099	
-0.563603997231	0.659248769283	0.497736513615	
0.785648822784	0.279499411583	0.551938474178	
0.188189864159	0.741892933846	-0.643567740917	
-0.589356064796	0.60948741436	0.530268371105	
0.787363231182	0.258815944195	0.559529662132	
0.222763672471	0.726839661598	-0.649677157402	
-0.574835181236	0.636174798012	0.514632046223	
0.933833837509	0.0628984645009	-0.352133631706	
-0.189349621534	0.922109007835	-0.337433964014	
0.303481519222	0.381783634424	0.873006403446	
0.942714512348	0.0419218465686	-0.330956071615	
-0.160169631243	0.927125275135	-0.338798522949	
0.292634665966	0.372399389744	0.880729019642	
0.956406056881	0.0645532011986	-0.284816324711	
-0.157532468438	0.935244858265	-0.317018181086	
0.245908468962	0.348065942526	0.904643118382	
0.967896878719	0.0509798116982	-0.24612338841	
-0.14024426043	0.922150313854	-0.360514014959	
0.208583831787	0.383457779884	0.89969599247	
0.948150038719	0.0282849110663	-0.316561877728	
-0.149862334132	0.918140232563	-0.366823911667	
0.280272632837	0.395244807005	0.874773561954	
0.954521000385	0.0534214824438	-0.293318688869	
-0.162198334932	0.918533980846	-0.360537052155	
0.250162780285	0.391716003418	0.885424852371	
0.952188849449	0.0575573071837	-0.300039201975	
-0.164327070117	0.924416542053	-0.344166606665	
0.257551908493	0.377016156912	0.889677345753	
0.956802129745	0.0569078922272	-0.285116076469	
-0.163709357381	0.91587126255	-0.366577595472	
0.240268453956	0.397418379784	0.885623931885	
-0.628122925758	0.32697480917	-0.706080079079	
0.71797055006	-0.106271408498	-0.687913239002	
-0.299966424704	-0.939038813114	-0.168006777763	
-0.647487640381	0.312681019306	-0.694975078106	
0.717191159725	-0.058333158493	-0.69443076849	
-0.257675409317	-0.948065280914	-0.186482056975	
-0.55655759573	0.312150865793	-0.769938647747	
0.785087287426	-0.105593420565	-0.61031794548	
-0.271811723709	-0.944146096706	-0.186296850443	
-0.55265468359	0.327571630478	-0.766335189342	
0.798153460026	-0.0565900169313	-0.599790513515	
-0.239841267467	-0.943130135536	-0.230177685618	
-0.62218016386	0.277260422707	-0.732132852077	
0.737172961235	-0.107359498739	-0.667120635509	
-0.263567566872	-0.954777777195	-0.137591928244	
-0.642588973045	0.307965904474	-0.70159560442	
0.71856123209	-0.0756548196077	-0.691336452961	
-0.265987157822	-0.948384582996	-0.172677412629	
-0.60281676054	0.297041654587	-0.740525603294	
0.746528565884	-0.117604643106	-0.654877305031	
-0.281615078449	-0.94759452343	-0.150856018066	
-0.598513960838	0.33246833086	-0.728866100311	
0.755133867264	-0.0696603283286	-0.651859104633	
-0.267495572567	-0.940538287163	-0.209365427494	
0.563079893589	0.554493427277	-0.612762629986	
-0.725658118725	0.6865452528	-0.0455619767308	
0.395425438881	0.470311224461	0.78895252943	
0.576930046082	0.53552532196	-0.616736829281	
-0.710369110107	0.701656997204	-0.0552555844188	
0.403146952391	0.469989389181	0.785227656364	
0.544037044048	0.562261819839	-0.62280446291	
-0.723193407059	0.690596103668	-0.00826613046229	
0.425458610058	0.454905122519	0.782333850861	
0.579919397831	0.548182785511	-0.602651715279	
-0.713363289833	0.698960363865	-0.0506680607796	
0.393454283476	0.459293007851	0.796394169331	
0.575503110886	0.539739191532	-0.614392161369	
-0.699170589447	0.714433848858	-0.0272902753204	
0.424212932587	0.445270597935	0.788528680801	
0.559868097305	0.556453883648	-0.613927364349	
-0.719070255756	0.694438636303	-0.0263246130198	
0.411686450243	0.45619520545	0.788923442364	
0.57614004612	0.539535939693	-0.613973617554	
-0.698747038841	0.714839398861	-0.0275168679655	
0.424046218395	0.444865822792	0.788846731186	
0.549442589283	0.52630764246	-0.648932278156	
-0.734171807766	0.674891352654	-0.0742523744702	
0.398879170418	0.517225205898	0.757214307785	
0.238298326731	-0.789795398712	0.565187752247	
-0.949737608433	-0.0678629875183	0.305602878332	
-0.203008413315	-0.609604716301	-0.766269981861	
0.225022122264	-0.802640020847	0.552389383316	
-0.949969887733	-0.0546888522804	0.307516366243	
-0.216615393758	-0.593951284885	-0.774790048599	
0.202427819371	-0.801724255085	0.562371075153	
-0.961279511452	-0.0530230812728	0.270426124334	
-0.186988517642	-0.595337569714	-0.78141438961	
0.204721987247	-0.808523237705	0.551705598831	
-0.956487834454	-0.0455322898924	0.288197517395	
-0.20789398253	-0.586700081825	-0.782664120197	
0.266048520803	-0.795051395893	0.545079290867	
-0.941882550716	-0.0940800383687	0.322499871254	
-0.205122902989	-0.599201261997	-0.773874938488	
0.251703262329	-0.805449128151	0.536560535431	
-0.940805315971	-0.0735945105553	0.330861330032	
-0.22700406611	-0.588077843189	-0.776294767857	
0.250995546579	-0.762184023857	0.596721708775	
-0.94931268692	-0.0733109712601	0.305664747953	
-0.189226537943	-0.643195986748	-0.741951644421	
0.22421708703	-0.810916244984	0.540501236916	
-0.952195048332	-0.0642098784447	0.298666417599	
-0.207487925887	-0.581628739834	-0.786547362804	
0.947212100029	-0.10861684382	0.301648229361	
-0.198410362005	-0.937643647194	0.285407930613	
0.251838445663	-0.330191969872	-0.9096981287	
0.943243682384	-0.132388904691	0.304572790861	
-0.217801183462	-0.938935160637	0.266389489174	
0.250707089901	-0.317606508732	-0.914479136467	
0.947365403175	-0.0973469093442	0.30499574542	
-0.183621019125	-0.945604503155	0.268543183804	
0.262263506651	-0.3104121387	-0.913707911968	
0.949861228466	-0.089919924736	0.299463033676	
-0.182168930769	-0.937562406063	0.296295881271	
0.254122376442	-0.33599281311	-0.906934738159	
0.954698562622	-0.0889768004417	0.283960968256	
-0.173713564873	-0.941420435905	0.289052098989	
0.24160772562	-0.325285494328	-0.914229214191	
0.942893862724	-0.135621577501	0.304233342409	
-0.220028802752	-0.939317107201	0.263193190098	
0.250076919794	-0.31510335207	-0.915517032146	
0.946730673313	-0.0857227891684	0.310407191515	
-0.175586223602	-0.94543838501	0.274437069893	
0.269945383072	-0.314321219921	-0.910127282143	
0.937815904617	-0.137151345611	0.31889000535	
-0.226926743984	-0.937391102314	0.264200985432	
0.262689143419	-0.320136547089	-0.910223603249	
-0.995973408222	-0.0777406692505	-0.044647693634	
0.0797257870436	-0.540313899517	-0.837678134441	
0.0409978888929	-0.83786469698	0.54433619976	
-0.994822382927	-0.0831337124109	-0.0584566891193	
0.0957497209311	-0.573904871941	-0.813305079937	
0.0340644940734	-0.814691305161	0.578893482685	
-0.994403064251	-0.10449423641	-0.0156047614291	
0.0724815055728	-0.567251205444	-0.820349037647	
0.0768699273467	-0.81688863039	0.571650207043	
-0.994492828846	-0.103510171175	-0.0164224468172	
0.0688389465213	-0.52698892355	-0.847079575062	
0.0790269076824	-0.843545079231	0.53121227026	
-0.996782124043	-0.0719675943255	-0.0352994985878	
0.0690433904529	-0.547107815742	-0.834209859371	
0.0407234467566	-0.833962678909	0.550316154957	
-0.995983600616	-0.0852662622929	-0.0273185558617	
0.0706121772528	-0.560428678989	-0.825187027454	
0.0550505071878	-0.82380181551	0.564198613167	
-0.99785721302	-0.0561338998377	-0.033614654094	
0.0593811199069	-0.561231434345	-0.825525999069	
0.0274743903428	-0.82575315237	0.563362121582	
-0.994727909565	-0.100818224251	-0.0187632553279	
0.0664877519011	-0.494741857052	-0.86649286747	
0.0780753046274	-0.8631721735	0.49883672595	
-0.990882813931	0.059013620019	0.121114172041	
0.0580441579223	0.998247563839	-0.0115200774744	
-0.121581763029	-0.00438507692888	-0.99257171154	
-0.991705179214	0.0274170041084	0.125575214624	
0.0315249748528	0.999026954174	0.0308433137834	
-0.124607399106	0.0345462299883	-0.991604506969	
-0.982941687107	0.0311053097248	0.181268170476	
0.0456593744457	0.996009886265	0.0766781494021	
-0.178159788251	0.0836467370391	-0.980439841747	
-0.984746575356	0.0166778564453	0.173193484545	
0.0294327680022	0.997017681599	0.0713404491544	
-0.171487152576	0.075349830091	-0.982300639153	
-0.984688222408	0.0584402233362	0.164237096906	
0.0590454339981	0.998254597187	-0.00119872367941	
-0.164020478725	0.00851708184928	-0.986420154572	
-0.980998337269	0.0427467525005	0.189248368144	
0.046880889684	0.998748540878	0.0174205861986	
-0.18826687336	0.0259616989642	-0.981774687767	
-0.984694361687	0.0183743294328	0.173318728805	
0.0387192033231	0.992640078068	0.114745162427	
-0.169934749603	0.119699679315	-0.978158533573	
-0.989963591099	0.0368576161563	0.136431470513	
0.0438594482839	0.997851252556	0.0486752763391	
-0.134344249964	0.0541705600917	-0.989452958107	
-0.866575360298	-0.498089432716	-0.0308882612735	
-0.235329002142	0.353275775909	0.905437171459	
-0.440076619387	0.791898429394	-0.423354953527	
-0.873598456383	-0.482847690582	-0.060694463551	
-0.26503020525	0.367449134588	0.891481995583	
-0.408147871494	0.794883191586	-0.448972225189	
-0.860195338726	-0.504602491856	-0.0737584605813	
-0.278646290302	0.34393671155	0.896696031094	
-0.427106797695	0.791886270046	-0.436458349228	
-0.872283935547	-0.486559003592	-0.0487958565354	
-0.247393891215	0.353027313948	0.902312576771	
-0.421802014112	0.799144566059	-0.428311794996	
-0.893693387508	-0.446175426245	-0.0473248623312	
-0.239927500486	0.386101484299	0.890707850456	
-0.379139751196	0.807374238968	-0.452106118202	
-0.875923275948	-0.482422202826	-0.00521923135966	
-0.237880572677	0.42245221138	0.8746124506	
-0.41972759366	0.767334997654	-0.484794586897	
-0.897998690605	-0.437121719122	-0.0502294152975	
-0.215535804629	0.337490916252	0.9163210392	
-0.38359183073	0.833681285381	-0.397281765938	
-0.892930686474	-0.445950329304	-0.0616696849465	
-0.237196713686	0.34960013628	0.906376004219	
-0.382638931274	0.823958754539	-0.417946636677	
0.873042523861	-0.473898619413	0.114964358509	
-0.01533968281	0.208949044347	0.977806210518	
-0.487402707338	-0.855429947376	0.17515194416	
0.880895912647	-0.464942008257	0.0886074528098	
0.00559674901888	0.197427168489	0.980301558971	
-0.473276913166	-0.863047778606	0.176514953375	
0.884989082813	-0.460461854935	0.0690591037273	
0.035526599735	0.214665323496	0.976041316986	
-0.464254379272	-0.861332476139	0.206335112453	
0.883462846279	-0.462808430195	0.0728130191565	
0.0299910288304	0.210965692997	0.977033257484	
-0.467540293932	-0.860988855362	0.200260460377	
0.895398199558	-0.437775075436	0.0813327878714	
0.0260504260659	0.233852341771	0.971923053265	
-0.444503545761	-0.868139445782	0.220795184374	
0.897852957249	-0.437554836273	0.0490497499704	
0.0234971717	0.158860445023	0.987021386623	
-0.439668059349	-0.88504755497	0.152914613485	
0.883045732975	-0.464445382357	0.0672367215157	
0.02626273036	0.191957756877	0.981051743031	
-0.468551546335	-0.864547669888	0.181705072522	
0.907938957214	-0.412916690111	0.071740038693	
0.0213850364089	0.216596990824	0.976026833057	
-0.4185564816	-0.884638667107	0.205487087369	
0.216226875782	-0.357065320015	-0.908708035946	
0.669576823711	0.731604218483	-0.128148972988	
0.710572183132	-0.580740571022	0.397275149822	
0.222294256091	-0.371741205454	-0.901328861713	
0.652801215649	0.743403732777	-0.145607054234	
0.724179387093	-0.556020975113	0.407927513123	
0.207650050521	-0.371516495943	-0.904907166958	
0.677192389965	0.722152531147	-0.141089111567	
0.705897927284	-0.583499133587	0.401543140411	
0.220068275928	-0.33787098527	-0.915102779865	
0.644493639469	0.754553079605	-0.123602487147	
0.732255339622	-0.562576949596	0.383808910847	
0.219386011362	-0.332563251257	-0.917208492756	
0.654749751091	0.747154057026	-0.114295758307	
0.723306655884	-0.575467169285	0.381660878658	
0.216972395778	-0.327634513378	-0.919553458691	
0.682023704052	0.724824905396	-0.0973269343376	
0.698402881622	-0.606040000916	0.380721509457	
0.220033347607	-0.372982501984	-0.901370823383	
0.642973423004	0.750342071056	-0.153531566262	
0.733601033688	-0.545775413513	0.40491810441	
0.207256451249	-0.349675536156	-0.913658440113	
0.646909475327	0.749580442905	-0.140133097768	
0.733861625195	-0.56201082468	0.381563812494	
-0.470850765705	0.853294730186	0.22402600944	
0.785401940346	0.289786577225	0.546962141991	
0.40180015564	0.43348801136	-0.806625545025	
-0.472893834114	0.841773331165	0.260363399982	
0.778769016266	0.261071175337	0.570403933525	
0.412177413702	0.472503453493	-0.779005944729	
-0.477697044611	0.833885014057	0.276480257511	
0.788428246975	0.268097430468	0.55362868309	
0.387538969517	0.482451617718	-0.785527825356	
-0.479033052921	0.840419411659	0.253421723843	
0.778382480145	0.273238122463	0.565209329128	
0.405768424273	0.468012988567	-0.785057842731	
-0.424341917038	0.870652079582	0.24879488349	
0.7929443717	0.224621936679	0.566378116608	
0.437233507633	0.437618464231	-0.785695195198	
-0.469652891159	0.83097243309	0.298179447651	
0.779552638531	0.231799572706	0.581864774227	
0.414395719767	0.505721032619	-0.756652116776	
-0.457320123911	0.851842105389	0.255388468504	
0.795378088951	0.26333630085	0.545919120312	
0.397783845663	0.45279020071	-0.797965586185	
-0.489180803299	0.850247323513	0.194375097752	
0.762453317642	0.308664649725	0.568674862385	
0.423517525196	0.426386743784	-0.799266695976	
-0.820258021355	-0.537209570408	0.196424663067	
0.55729663372	-0.827926933765	0.0629085078835	
0.128830209374	0.16106800735	0.978498756886	
-0.818967461586	-0.521816790104	0.238745883107	
0.551772356033	-0.830350875854	0.0778758972883	
0.157605901361	0.195511192083	0.967954397202	
-0.833354949951	-0.527541399002	0.164983570576	
0.545287489891	-0.833488404751	0.0892114266753	
0.0904491692781	0.164308264852	0.982253372669	
-0.836602449417	-0.518496632576	0.176798120141	
0.543464660645	-0.826124846935	0.148875430226	
0.068865917623	0.220633074641	0.972922682762	
-0.807340085506	-0.565176546574	0.169639065862	
0.578507602215	-0.81475675106	0.0387351959944	
0.116322346032	0.129409968853	0.984744727612	
-0.833845078945	-0.502343893051	0.228807672858	
0.535062253475	-0.837444484234	0.111333191395	
0.135686174035	0.215260982513	0.967084288597	
-0.81942075491	-0.548670470715	0.165862396359	
0.570820689201	-0.807415902615	0.149142071605	
0.0520900785923	0.216887801886	0.974805772305	
-0.861866831779	-0.48533564806	0.147088140249	
0.502490460873	-0.856428384781	0.118464067578	
0.0684756189585	0.176010638475	0.982003748417	
-0.0484753586352	0.49357187748	0.868353009224	
0.556961894035	0.735023856163	-0.386695504189	
-0.829122185707	0.464894294739	-0.310531258583	
0.0134663488716	0.487779796124	0.872862815857	
0.551993966103	0.724245607853	-0.41324442625	
-0.833739340305	0.487379938364	-0.259498566389	
-0.00563652999699	0.523231685162	0.852171838284	
0.571525275707	0.700970292091	-0.426613986492	
-0.820565104485	0.484633117914	-0.30299115181	
0.0227967444807	0.526005983353	0.850175261497	
0.567296564579	0.693420350552	-0.444232851267	
-0.823197960854	0.492428600788	-0.282593667507	
0.00853121094406	0.470847457647	0.882173359394	
0.563726246357	0.726391017437	-0.393152445555	
-0.82591766119	0.500658333302	-0.259232074022	
0.0102121820673	0.454617410898	0.890628278255	
0.567812681198	0.730511248112	-0.379397034645	
-0.823094427586	0.509584486485	-0.25067743659	
-0.034591961652	0.526369214058	0.849552154541	
0.56406891346	0.71200555563	-0.418179810047	
-0.825002849102	0.464740276337	-0.321538180113	
-0.00123490067199	0.48503702879	0.874492764473	
0.547770380974	0.731954157352	-0.405204534531	
-0.836627781391	0.478520840406	-0.266592800617	
0.731822550297	0.676406085491	0.0831301808357	
-0.675208628178	0.703126609325	0.222949102521	
0.0923530906439	-0.219289392233	0.971279084682	
0.731868743896	0.668417513371	0.13261282444	
-0.679334163666	0.70034468174	0.219140201807	
0.0536024533212	-0.25047031045	0.966639220715	
0.719715774059	0.691190063953	0.0653108358383	
-0.685482621193	0.692537665367	0.224733561277	
0.110103391111	-0.206513732672	0.972229063511	
0.699150025845	0.710037648678	0.0838792771101	
-0.70602363348	0.667123258114	0.237649291754	
0.112782135606	-0.225373268127	0.967722654343	
0.741558849812	0.658540427685	0.128121003509	
-0.668524861336	0.709332764149	0.223431199789	
0.0562580600381	-0.25133946538	0.966262638569	
0.697850167751	0.699716687202	0.152976050973	
-0.715163052082	0.668990671635	0.202467918396	
0.0393306389451	-0.250695109367	0.967266798019	
0.712414503098	0.69478148222	0.0987131372094	
-0.695575416088	0.680483818054	0.230470389128	
0.0929538756609	-0.232852876186	0.96805948019	
0.679440617561	0.727838158607	0.0928011089563	
-0.730423986912	0.658953070641	0.179615274072	
0.0695792734623	-0.18982206285	0.979349970818	
-0.212630912662	-0.951089799404	-0.224090024829	
-0.921706318855	0.271364927292	-0.277161628008	
0.324415773153	0.147612065077	-0.934325993061	
-0.176347509027	-0.956825077534	-0.23105686903	
-0.929427802563	0.239157572389	-0.281011790037	
0.324138134718	0.165194943547	-0.931474685669	
-0.182413548231	-0.970352053642	-0.15856282413	
-0.93892210722	0.219776794314	-0.264808237553	
0.291805654764	0.100573532283	-0.951175272465	
-0.156957745552	-0.975925087929	-0.151441201568	
-0.927435278893	0.198357403278	-0.317045897245	
0.339452534914	0.0906891152263	-0.936241149902	
-0.159422814846	-0.958643615246	-0.235768616199	
-0.930377006531	0.225760325789	-0.288844078779	
0.330125719309	0.173305362463	-0.92789131403	
-0.175287753344	-0.953577101231	-0.244877293706	
-0.928897917271	0.242605030537	-0.27980619669	
0.326225250959	0.178419411182	-0.92830145359	
-0.152235642076	-0.980069339275	-0.127626121044	
-0.933737277985	0.184948816895	-0.306477695704	
0.323973685503	0.0725124403834	-0.943283081055	
-0.185479521751	-0.970634639263	-0.153185501695	
-0.926385939121	0.224714025855	-0.302179962397	
0.327729254961	0.0858606919646	-0.940862119198	
0.0805765464902	0.839604735374	0.537188351154	
0.933568000793	-0.252396583557	0.254453897476	
0.349225193262	0.480998814106	-0.804165363312	
0.080988958478	0.866459071636	0.492635250092	
0.921312510967	-0.253662228584	0.294684112072	
0.380294650793	0.430004864931	-0.81882339716	
0.0435739271343	0.876250386238	0.479881882668	
0.934021115303	-0.206196218729	0.291697919369	
0.354550242424	0.435509383678	-0.82742112875	
0.0709018707275	0.865601480007	0.495688438416	
0.921637237072	-0.246919929981	0.299358308315	
0.381520330906	0.435619860888	-0.815277576447	
0.0925591215491	0.835272192955	0.541990041733	
0.929330766201	-0.267882823944	0.254132062197	
0.357459276915	0.480165749788	-0.801039159298	
0.0567077361047	0.881691038609	0.468407064676	
0.918739020824	-0.229714900255	0.321169257164	
0.390772134066	0.412131071091	-0.823070526123	
0.0989868938923	0.872019171715	0.479358047247	
0.934219717979	-0.24733415246	0.257019996643	
0.342687994242	0.422384142876	-0.839140355587	
0.0787736475468	0.883425712585	0.46190226078	
0.934013187885	-0.227357029915	0.275550544262	
0.348445177078	0.409716695547	-0.843041062355	
0.938717842102	-0.0211462844163	-0.344037294388	
0.0163889508694	-0.994249224663	0.105829447508	
-0.344296723604	-0.10498239845	-0.93297290802	
0.939108550549	-0.00930728763342	-0.34349450469	
0.0420984141529	-0.988986253738	0.141893863678	
-0.341031998396	-0.147714316845	-0.928373634815	
0.935554087162	-0.028482010588	-0.352033108473	
0.0189423039556	-0.991261959076	0.130540803075	
-0.352675080299	-0.128796294332	-0.926839709282	
0.931445896626	-0.030198443681	-0.362624585629	
0.0251471549273	-0.988825619221	0.146940410137	
-0.363009870052	-0.145986020565	-0.920278191566	
0.946366250515	0.00364717235789	-0.323075324297	
0.0472500436008	-0.990748167038	0.127222388983	
-0.319622278214	-0.13566429913	-0.937782943249	
0.945108115673	-0.0357157997787	-0.324799954891	
-0.00685848342255	-0.995957732201	0.0895610302687	
-0.326685786247	-0.0824172198772	-0.941532671452	
0.925818324089	-0.012537593022	-0.377760827541	
0.0467668771744	-0.987969756126	0.147406473756	
-0.375064402819	-0.154138311744	-0.914094150066	
0.933470010757	-0.0304634124041	-0.357359409332	
0.027390409261	-0.987421274185	0.155720949173	
-0.35760807991	-0.155149057508	-0.920893728733	
0.805286765099	-0.57147872448	0.157877609134	
0.190015003085	-0.00347123993561	-0.981775045395	
0.561611533165	0.82060956955	0.10579418391	
0.814785301685	-0.566281914711	0.124296844006	
0.14136902988	-0.0138642247766	-0.989859879017	
0.562263071537	0.824095010757	0.068758353591	
0.806098341942	-0.578823208809	0.123163238168	
0.130649164319	-0.0289199277759	-0.991006791592	
0.577179610729	0.814940094948	0.0523104667664	
0.803915441036	-0.582809567451	0.118545338511	
0.13293723762	-0.0181930661201	-0.990957438946	
0.579696178436	0.812405109406	0.0628514066339	
0.824299573898	-0.546893537045	0.146416038275	
0.176479056478	0.00247603072785	-0.984301269054	
0.537945508957	0.837198495865	0.0985562503338	
0.850302696228	-0.521236598492	0.0727851837873	
0.123947948217	0.0639237165451	-0.99022758007	
0.511490166187	0.851014792919	0.118960723281	
0.801292479038	-0.580660939217	0.144094705582	
0.150891721249	-0.0369184538722	-0.987860679626	
0.578931868076	0.813308000565	0.0580344498158	
0.859618544579	-0.499178647995	0.108979858458	
0.12481726706	-0.00166717823595	-0.992178320885	
0.495455920696	0.866497516632	0.0608729757369	
0.188616529107	0.981058776379	-0.0441301912069	
-0.686949431896	0.0996918678284	-0.719834685326	
-0.701800704002	0.166087940335	0.692741334438	
0.166496947408	0.984705269337	-0.0513258315623	
-0.706544041634	0.0828322917223	-0.702804625034	
-0.687803924084	0.153278782964	0.709528982639	
0.228426009417	0.972685754299	-0.0412796661258	
-0.665157556534	0.124963641167	-0.736172199249	
-0.710905730724	0.195618361235	0.675534248352	
0.209017589688	0.976417899132	-0.0540346354246	
-0.695195734501	0.10950256139	-0.710430920124	
-0.687760531902	0.186057209969	0.701689481735	
0.144784703851	0.989404559135	-0.010770666413	
-0.681012570858	0.0917474105954	-0.726501405239	
-0.717815577984	0.112521253526	0.687080621719	
0.161360889673	0.981232643127	-0.105570547283	
-0.67488437891	0.0316629260778	-0.737243890762	
-0.720065116882	0.190210238099	0.66732776165	
0.122760660946	0.990918934345	-0.0548582933843	
-0.67010051012	0.0419887937605	-0.741081833839	
-0.73204857111	0.127736270428	0.669169843197	
0.233014404774	0.97162848711	-0.0405266731977	
-0.677769005299	0.132374241948	-0.723260879517	
-0.697376132011	0.195997908711	0.689384758472	
-0.46198874712	-0.857766807079	0.225394040346	
0.375962108374	0.040763489902	0.925737977028	
-0.803255200386	0.512420117855	0.303655534983	
-0.450569361448	-0.862298548222	0.231145873666	
0.339584797621	0.0739087313414	0.937667131424	
-0.825632750988	0.500977694988	0.259522467852	
-0.475545406342	-0.853432714939	0.213328763843	
0.405426800251	0.00258960667998	0.914123833179	
-0.780695617199	0.521196603775	0.344773024321	
-0.472960472107	-0.844051003456	0.25275734067	
0.403888642788	0.0472629331052	0.913586437702	
-0.783059597015	0.534176111221	0.318549126387	
-0.478438585997	-0.831338226795	0.282795369625	
0.360239744186	0.107881247997	0.926600754261	
-0.800826966763	0.545195698738	0.247866526246	
-0.478639960289	-0.838087558746	0.261749982834	
0.375021964312	0.0744110047817	0.924024641514	
-0.793890595436	0.540437102318	0.278685152531	
-0.523242712021	-0.823817074299	0.218042582273	
0.398650735617	-0.0104837547988	0.917042911053	
-0.753189682961	0.566758811474	0.33390083909	
-0.483387023211	-0.828090667725	0.283906340599	
0.400177121162	0.0794156119227	0.912990391254	
-0.77858543396	0.554940521717	0.292994469404	
-0.283025860786	-0.182325541973	0.941622912884	
0.893136739731	-0.40793389082	0.189464390278	
0.349575698376	0.894621312618	0.278297483921	
-0.296398222446	-0.21409855783	0.930757701397	
0.872839570045	-0.456317573786	0.172989353538	
0.387684345245	0.863675892353	0.322125405073	
-0.235500574112	-0.167860031128	0.957268238068	
0.886241078377	-0.44136056304	0.140632972121	
0.398893773556	0.881489574909	0.252705127001	
-0.254516810179	-0.186260908842	0.948961555958	
0.874474465847	-0.463329493999	0.143597260118	
0.412935346365	0.866390585899	0.280805557966	
-0.248761445284	-0.164068058133	0.954567670822	
0.881299138069	-0.447170078754	0.152809411287	
0.4017829597	0.879272758961	0.255831718445	
-0.257720023394	-0.17014592886	0.951120793819	
0.884911596775	-0.436811745167	0.161638468504	
0.387958616018	0.883315265179	0.263139247894	
-0.250540167093	-0.132104188204	0.959050655365	
0.87776774168	-0.448859542608	0.167477965355	
0.408354490995	0.883783698082	0.228414148092	
-0.262679964304	-0.179480373859	0.9480432868	
0.884440243244	-0.43754953146	0.162221670151	
0.385700285435	0.881099998951	0.273675143719	
0.163154691458	0.651440382004	-0.740949392319	
0.770377993584	-0.553299307823	-0.316824257374	
-0.616358876228	-0.519119739532	-0.592128694057	
0.176804974675	0.656369626522	-0.733429551125	
0.768236339092	-0.557846307755	-0.314038872719	
-0.615266561508	-0.507923603058	-0.602877020836	
0.131102100015	0.625699520111	-0.768968343735	
0.747800946236	-0.571651101112	-0.337651818991	
-0.650850176811	-0.53076839447	-0.542843341827	
0.15084952116	0.635779201984	-0.75698697567	
0.743112385273	-0.577932476997	-0.337310045958	
-0.651942074299	-0.51164329052	-0.559636235237	
0.126019567251	0.618432700634	-0.775667488575	
0.782023489475	-0.543018817902	-0.30589184165	
-0.610375583172	-0.568041861057	-0.55205988884	
0.170149311423	0.634381771088	-0.754061698914	
0.784724473953	-0.550074458122	-0.285701900721	
-0.596034109592	-0.543118655682	-0.591409683228	
0.118150942028	0.607970178127	-0.785119473934	
0.772826850414	-0.552769243717	-0.311744868755	
-0.623521447182	-0.569928467274	-0.535165846348	
0.151043847203	0.62418115139	-0.766540050507	
0.738600194454	-0.586638629436	-0.332151949406	
-0.657004952431	-0.515997111797	-0.54962849617	
-0.180230915546	-0.925919592381	-0.331948399544	
0.456073313951	-0.377670526505	0.805830061436	
-0.871500968933	-0.00615732325241	0.490355104208	
-0.161458685994	-0.920052528381	-0.356979608536	
0.498482197523	-0.388221055269	0.775112867355	
-0.851731538773	-0.052799269557	0.521311461926	
-0.178091868758	-0.912184178829	-0.369057297707	
0.414424866438	-0.409697979689	0.812649726868	
-0.892488241196	-0.00822020322084	0.45099568367	
-0.158420816064	-0.916291952133	-0.367847651243	
0.433066308498	-0.39928740263	0.808098495007	
-0.887331068516	-0.0312828011811	0.460070610046	
-0.140796512365	-0.934063732624	-0.32817876339	
0.468321591616	-0.35488525033	0.809154689312	
-0.872267842293	-0.0397670455277	0.487408816814	
-0.147703051567	-0.923404157162	-0.354271948338	
0.4738689363	-0.380481988192	0.794154703617	
-0.868119835854	-0.050579406321	0.493770897388	
-0.15906868875	-0.921576023102	-0.35411131382	
0.409625798464	-0.387955546379	0.825649559498	
-0.898278295994	-0.0137181309983	0.439212888479	
-0.18466322124	-0.915266275406	-0.358032286167	
0.423094272614	-0.402846157551	0.811607182026	
-0.887068629265	-0.00160740653519	0.461634814739	
0.918898940086	0.0995466560125	-0.381726652384	
0.130956113338	0.835793316364	0.533197939396	
0.37212267518	-0.539944410324	0.754973351955	
0.921483933926	0.0217078011483	-0.387809336185	
0.199307262897	0.830544710159	0.520069360733	
0.333382546902	-0.556528747082	0.761007070541	
0.949500203133	0.0501981526613	-0.309724926949	
0.13025803864	0.834974825382	0.534649372101	
0.285450905561	-0.547993838787	0.786270022392	
0.946103572845	0.0122938053682	-0.323630779982	
0.167523622513	0.836631476879	0.521520495415	
0.277171164751	-0.547628223896	0.789480507374	
0.935259759426	0.0587771125138	-0.349047958851	
0.141900777817	0.84114575386	0.521860122681	
0.324273645878	-0.537604928017	0.778349280357	
0.929368555546	0.0257436186075	-0.368254423141	
0.178295791149	0.842193365097	0.508842766285	
0.323240876198	-0.538560688496	0.77811807394	
0.948835611343	0.00458253687248	-0.315737247467	
0.168520122766	0.838249385357	0.518593251705	
0.267043024302	-0.545267820358	0.794588625431	
0.944362103939	0.00832437537611	-0.328802227974	
0.171641767025	0.840288698673	0.514250934124	
0.28056961298	-0.542075276375	0.792107999325	
-0.0405839420855	-0.044744156301	0.998173773289	
-0.832555234432	0.553868532181	-0.00902247149497	
-0.5524533391	-0.831400990486	-0.0597301535308	
-0.095106959343	-0.0478813834488	0.994314849377	
-0.887987911701	0.455530941486	-0.0630005374551	
-0.449924647808	-0.888931334019	-0.0858422517776	
-0.0817324370146	-0.021395297721	0.996424615383	
-0.841027140617	0.537935435772	-0.0574352629483	
-0.534783244133	-0.842714488506	-0.0619607977569	
-0.054363694042	-0.00547228334472	0.998506188393	
-0.884101092815	0.465066850185	-0.0455861203372	
-0.46412268281	-0.885258615017	-0.0301208049059	
-0.030362341553	-0.0240125972778	0.999250471592	
-0.843701958656	0.536660730839	-0.0127396965399	
-0.535952568054	-0.84345638752	-0.0365537516773	
-0.0224731490016	0.00611533690244	0.999728739262	
-0.879700958729	0.474986076355	-0.0226805023849	
-0.474995940924	-0.879972040653	-0.00529476488009	
-0.090100415051	-0.0157776735723	0.99580770731	
-0.850383162498	0.521662652493	-0.0686771646142	
-0.518392145634	-0.853005945683	-0.0604190900922	
-0.106687054038	-0.0219327136874	0.994050741196	
-0.858289539814	0.506743073463	-0.0809356346726	
-0.501953184605	-0.86181807518	-0.0728875398636	
0.937147021294	-0.0482914373279	-0.345576941967	
-0.134401977062	0.864004850388	-0.485213071108	
0.32201179862	0.501162171364	0.803209066391	
0.935832023621	-0.120304323733	-0.33127835393	
-0.0849382653832	0.835252642632	-0.543266534805	
0.342058420181	0.536544442177	0.771437704563	
0.903707742691	-0.0618295520544	-0.42366194725	
-0.169734701514	0.856701135635	-0.487086504698	
0.393068015575	0.512093961239	0.763712823391	
0.912924230099	-0.0556168220937	-0.404321849346	
-0.160934507847	0.861343085766	-0.481859117746	
0.375059276819	0.504970192909	0.777390241623	
0.900635242462	-0.0871527865529	-0.425747007132	
-0.156117528677	0.849399089813	-0.504131376743	
0.405565589666	0.520505070686	0.75139272213	
0.907776594162	-0.117414437234	-0.402685314417	
-0.122767478228	0.843609571457	-0.522734224796	
0.401085734367	0.523962557316	0.75139439106	
0.931112647057	-0.0901463031769	-0.353415995836	
-0.104192666709	0.862854719162	-0.494596391916	
0.349532723427	0.497348308563	0.794022381306	
0.942873716354	-0.109748236835	-0.314554333687	
-0.0764118358493	0.847769677639	-0.524831235409	
0.324268907309	0.51888525486	0.790953695774	
-0.951883852482	0.261444807053	-0.159886732697	
-0.281465530396	-0.95220541954	0.118667326868	
-0.121220059693	0.157960116863	0.979976654053	
-0.956365227699	0.244595244527	-0.159808397293	
-0.25745600462	-0.96409201622	0.0651384294033	
-0.138137444854	0.103439763188	0.984996557236	
-0.971901357174	0.202832102776	-0.11944399029	
-0.21266438067	-0.974150836468	0.0761842280626	
-0.100903853774	0.0994450375438	0.989913702011	
-0.954316020012	0.245033979416	-0.170994982123	
-0.25833183527	-0.96418684721	0.0600700750947	
-0.150151893497	0.101499281824	0.983439028263	
-0.967492520809	0.2365167588	-0.0895436257124	
-0.246795326471	-0.960301399231	0.13005118072	
-0.0552295856178	0.147922486067	0.987455606461	
-0.974285364151	0.195079907775	-0.112746931612	
-0.206726908684	-0.972970306873	0.102921113372	
-0.0896215736866	0.123582355678	0.988278985023	
-0.953707098961	0.221070960164	-0.203888148069	
-0.245657861233	-0.963748514652	0.104120075703	
-0.173478990793	0.149386793375	0.973441660404	
-0.950384378433	0.226005703211	-0.213754475117	
-0.246657967567	-0.966187179089	0.0751145482063	
-0.189550504088	0.124111935496	0.973995268345	
0.213490739465	0.276509702206	0.936997354031	
-0.12454469502	-0.943580627441	0.30682939291	
0.968973875046	-0.182203277946	-0.167007893324	
0.184616222978	0.27559787035	0.943378329277	
-0.10363843292	-0.949066996574	0.297541469336	
0.97733104229	-0.152701243758	-0.146650627255	
0.172914847732	0.225013926625	0.95888954401	
-0.160859778523	-0.954030990601	0.252881377935	
0.971712172031	-0.197973713279	-0.128770440817	
0.199719980359	0.245897606015	0.948496878147	
-0.105722598732	-0.956940293312	0.270348012447	
0.97413277626	-0.154271453619	-0.165123164654	
0.192558214068	0.28071051836	0.940278112888	
-0.13047888875	-0.942377626896	0.308057904243	
0.972572147846	-0.182005524635	-0.144835755229	
0.196680009365	0.279621630907	0.93974930048	
-0.154728293419	-0.93760830164	0.311367660761	
0.968181848526	-0.206645593047	-0.1411434412	
0.203612193465	0.243020147085	0.948410928249	
-0.110923454165	-0.956740319729	0.268968373537	
0.972747683525	-0.159966245294	-0.167847365141	
0.179735526443	0.230188578367	0.956403851509	
-0.147234842181	-0.954990267754	0.257517963648	
0.972634077072	-0.187101095915	-0.137753888965	
-0.364901840687	0.841052055359	0.399347096682	
-0.240032091737	-0.499405503273	0.832453429699	
0.899572789669	0.207907676697	0.384113460779	
-0.337116867304	0.846991360188	0.411044806242	
-0.228873118758	-0.497234970331	0.83688378334	
0.913219213486	0.188050553203	0.361479848623	
-0.341791808605	0.849132180214	0.402682125568	
-0.225379794836	-0.490046143532	0.842056214809	
0.912349879742	0.197051510215	0.358871012926	
-0.318803995848	0.865973055363	0.385298162699	
-0.247115299106	-0.468391120434	0.848259270191	
0.915039896965	0.175215378404	0.363320142031	
-0.334983795881	0.859044313431	0.387077122927	
-0.251702994108	-0.477469474077	0.841824531555	
0.907982051373	0.184569105506	0.376168578863	
-0.343804419041	0.847805261612	0.40376329422	
-0.227878138423	-0.492446750402	0.839980781078	
0.910972058773	0.196780279279	0.362501651049	
-0.334047704935	0.854507148266	0.39778098464	
-0.273915022612	-0.491818606853	0.826489567757	
0.901877343655	0.167128756642	0.398353219032	
-0.330082595348	0.858560979366	0.392324566841	
-0.247338920832	-0.479763776064	0.841813623905	
0.910971403122	0.180830895901	0.370717227459	
0.622311413288	0.179732441902	-0.761856138706	
0.490991592407	-0.847637951374	0.201089993119	
-0.609635770321	-0.499205559492	-0.615741848946	
0.588155686855	0.20097322762	-0.783379018307	
0.545156121254	-0.814013302326	0.200467213988	
-0.597392380238	-0.544969797134	-0.588328361511	
0.63631182909	0.179256469011	-0.750316202641	
0.495189249516	-0.840704143047	0.219098433852	
-0.591519117355	-0.510963439941	-0.623715877533	
0.639899790287	0.183488547802	-0.746230661869	
0.482459068298	-0.851765811443	0.204274863005	
-0.598131716251	-0.490741223097	-0.633570492268	
0.630430161953	0.190159142017	-0.752593755722	
0.511910974979	-0.830672979355	0.218928262591	
-0.58352804184	-0.523279964924	-0.621025800705	
0.643782138824	0.197937130928	-0.739165365696	
0.517332971096	-0.824345529079	0.229828342795	
-0.563836097717	-0.53035402298	-0.633098304272	
0.621969640255	0.192770406604	-0.758942246437	
0.51196038723	-0.833481252193	0.207859426737	
-0.592495024204	-0.517830610275	-0.617090821266	
0.617741644382	0.174174785614	-0.766849637032	
0.521509289742	-0.820611357689	0.233720123768	
-0.588577389717	-0.544297873974	-0.597759544849	
-0.397943735123	0.796172618866	-0.455795913935	
0.12516143918	0.539300143719	0.832760453224	
0.908831894398	0.274343729019	-0.314261227846	
-0.386264979839	0.800183534622	-0.458809018135	
0.109037108719	0.533538341522	0.838717937469	
0.915920436382	0.273940175772	-0.293336868286	
-0.323035091162	0.824606716633	-0.464405059814	
0.0956301614642	0.516643643379	0.850843250751	
0.941542983055	0.230441108346	-0.245751306415	
-0.337537109852	0.806312441826	-0.485725134611	
0.109182134271	0.546061515808	0.830599844456	
0.934958815575	0.227325752378	-0.27235096693	
-0.339098483324	0.79628944397	-0.500934481621	
0.0556507632136	0.548530459404	0.834276556969	
0.939103424549	0.255024522543	-0.230319961905	
-0.304311066866	0.792363345623	-0.528729736805	
0.0610943511128	0.570146501064	0.819268226624	
0.950611531734	0.217009991407	-0.22191080451	
-0.347203344107	0.787043631077	-0.509913921356	
0.0867706462741	0.568369030952	0.818185508251	
0.933766961098	0.239831194282	-0.265631914139	
-0.317097216845	0.812859296799	-0.488578647375	
0.112561829388	0.543780267239	0.831644654274	
0.941689550877	0.208716899157	-0.26392814517	
0.72356903553	0.528348982334	-0.444179266691	
-0.270246446133	-0.375289291143	-0.886636793613	
-0.635149359703	0.761580765247	-0.12876328826	
0.757997512817	0.476714879274	-0.445177167654	
-0.276375502348	-0.383478850126	-0.881226718426	
-0.590809941292	0.791003704071	-0.158923685551	
0.740171849728	0.491443395615	-0.458943367004	
-0.316482067108	-0.347591876984	-0.882620513439	
-0.593282997608	0.798538208008	-0.101744696498	
0.740186691284	0.467620402575	-0.483171641827	
