-0.510549366474	-0.0648845434189	0.857396841049	
-0.791224420071	0.425806105137	-0.438922673464	
-0.336605519056	-0.902485013008	-0.268733292818	
-0.503309607506	-0.0876372605562	0.859650611877	
-0.795271158218	0.436082392931	-0.421160161495	
-0.337969154119	-0.895629286766	-0.289179861546	
-0.534628272057	-0.0823378637433	0.841066598892	
-0.777870953083	0.436918407679	-0.451684683561	
-0.330286711454	-0.895724713802	-0.297637164593	
-0.518454372883	-0.0779472514987	0.851545214653	
-0.78024917841	0.450585633516	-0.433801621199	
-0.34988039732	-0.889323771	-0.294426381588	
-0.497860729694	-0.052237123251	0.86568236351	
-0.790073752403	0.438969522715	-0.427889257669	
-0.357656478882	-0.896982192993	-0.259816884995	
-0.502270877361	-0.0800517648458	0.860996901989	
-0.785009801388	0.459750801325	-0.415197402239	
-0.362606734037	-0.884432554245	-0.293760836124	
-0.522744238377	-0.0758922323585	0.849104702473	
-0.773357272148	0.461299866438	-0.434880405664	
-0.358687847853	-0.883992552757	-0.299833655357	
-0.504648983479	-0.08001562953	0.859608590603	
-0.785346627235	0.456076413393	-0.4185988307	
-0.358552753925	-0.886336147785	-0.292998492718	
-0.175153180957	0.703548669815	-0.688723921776	
-0.859393417835	0.232066199183	0.45561850071	
0.480379343033	0.671687841415	0.563977956772	
-0.166143253446	0.706535041332	-0.687898755074	
-0.843413889408	0.259629786015	0.470367282629	
0.510929942131	0.658331692219	0.552765727043	
-0.14670138061	0.699778556824	-0.699134230614	
-0.86123496294	0.257304131985	0.438256710768	
0.486572772264	0.666411697865	0.564926862717	
-0.140020132065	0.706634998322	-0.693585813046	
-0.856337249279	0.265233695507	0.443100005388	
0.497072309256	0.655986309052	0.567979812622	
-0.159083291888	0.705664873123	-0.690456032753	
-0.859878599644	0.24458578229	0.448092132807	
0.485078603029	0.664992392063	0.567876636982	
-0.166649907827	0.710839509964	-0.683326423168	
-0.852131605148	0.244842588902	0.46251899004	
0.496084183455	0.659362792969	0.564925849438	
-0.158311977983	0.697026014328	-0.699351131916	
-0.857723176479	0.253786623478	0.447105497122	
0.489130139351	0.670631825924	0.557677924633	
-0.157185971737	0.703374862671	-0.693221688271	
-0.852806210518	0.257301896811	0.454441726208	
0.498010158539	0.662615656853	0.559398233891	
0.80161523819	0.239470750093	0.547783493996	
0.212881743908	0.741875588894	-0.635847449303	
-0.558654069901	0.626318097115	0.543719828129	
0.793729603291	0.289251357317	0.535095334053	
0.185052454472	0.723172724247	-0.665414750576	
-0.579438447952	0.627180099487	0.520476937294	
0.776574254036	0.252499997616	0.577214121819	
0.228978693485	0.740408301353	-0.631952762604	
-0.586942255497	0.622927963734	0.517164945602	
0.778492331505	0.250865072012	0.575340270996	
0.22860608995	0.740359425545	-0.632144927979	
-0.584541678429	0.623646259308	0.519014835358	
0.78954666853	0.264209806919	0.553903698921	
0.191378220916	0.751564800739	-0.63128811121	
-0.583087027073	0.604436516762	0.542831480503	
0.793869614601	0.269479334354	0.545116424561	
0.217500954866	0.711302936077	-0.668387174606	
-0.567859470844	0.649175643921	0.506069779396	
0.782304465771	0.272087901831	0.560328364372	
0.199047088623	0.743192195892	-0.638784468174	
-0.59023720026	0.611255645752	0.527244329453	
0.784084439278	0.254852741957	0.565916717052	
0.223593011498	0.734595477581	-0.640605688095	
-0.578979969025	0.62882399559	0.519001543522	
0.938992321491	0.0673004612327	-0.337289214134	
-0.185830399394	0.924478590488	-0.33287602663	
0.289413958788	0.375246614218	0.880584776402	
0.946469068527	0.0494822897017	-0.318979263306	
-0.1612880826	0.928477168083	-0.334539026022	
0.279611200094	0.368078410625	0.886755824089	
0.952850103378	0.0726116523147	-0.294625520706	
-0.168104022741	0.934651315212	-0.313317596912	
0.252621650696	0.348072439432	0.902788937092	
0.962848484516	0.0588067658246	-0.263561218977	
-0.152064025402	0.924620091915	-0.349219471216	
0.223157539964	0.376323610544	0.899211466312	
0.948470890522	0.0478558279574	-0.313229680061	
-0.16245649755	0.92216193676	-0.351034551859	
0.272049456835	0.383832216263	0.882418215275	
0.953579545021	0.0628910660744	-0.294500797987	
-0.167915955186	0.922850728035	-0.346627771854	
0.249980464578	0.37998855114	0.890572011471	
0.95069038868	0.0700411424041	-0.302129209042	
-0.174735531211	0.925799608231	-0.335205346346	
0.256232917309	0.371469199657	0.892387449741	
0.953743100166	0.0661579668522	-0.293252885342	
-0.1727296561	0.918985545635	-0.354443222284	
0.246045917273	0.388701230288	0.887903571129	
-0.617024123669	0.349274545908	-0.705186843872	
0.724795758724	-0.0968056991696	-0.682128787041	
-0.306516349316	-0.932006418705	-0.193421274424	
-0.628351330757	0.338913232088	-0.700223088264	
0.727672576904	-0.0622175075114	-0.6830971241	
-0.275076776743	-0.938758134842	-0.207523405552	
-0.571823716164	0.340815931559	-0.746231973171	
0.768186807632	-0.096813313663	-0.632863461971	
-0.287935137749	-0.935131907463	-0.206450149417	
-0.572606623173	0.353125482798	-0.73988109827	
0.77543002367	-0.0596881881356	-0.628606081009	
-0.266138970852	-0.933670043945	-0.239646241069	
-0.617976427078	0.314825057983	-0.720409870148	
0.734783530235	-0.0946436226368	-0.671666383743	
-0.279639601707	-0.944419264793	-0.172840744257	
-0.634871304035	0.33531588316	-0.696061551571	
0.719773888588	-0.0707708373666	-0.690591752529	
-0.280827254057	-0.939443826675	-0.1964212358	
-0.606363594532	0.32792443037	-0.72442305088	
0.739028394222	-0.10388828814	-0.665615737438	
-0.293530732393	-0.938974320889	-0.179351389408	
-0.602646708488	0.356465339661	-0.713967382908	
0.745785832405	-0.0667543783784	-0.662832796574	
-0.283937364817	-0.93192076683	-0.225617498159	
0.574789702892	0.546257853508	-0.609277546406	
-0.708674788475	0.704571485519	-0.0368654541671	
0.409141510725	0.452969521284	0.792099654675	
0.584096968174	0.533092617989	-0.612080931664	
-0.698381245136	0.714354634285	-0.0442836396396	
0.413635551929	0.453331768513	0.789554238319	
0.559309780598	0.551327526569	-0.619039952755	
-0.70808172226	0.706045687199	-0.010943713598	
0.431036949158	0.444451808929	0.785283207893	
0.584910511971	0.542720615864	-0.602771997452	
-0.701927483082	0.71107339859	-0.0408953689039	
0.406420350075	0.447022348642	0.796864807606	
0.58511775732	0.534534275532	-0.609844565392	
-0.688413619995	0.724882721901	-0.0251348689198	
0.428630322218	0.434532135725	0.792122364044	
0.57464826107	0.54593026638	-0.609704494476	
-0.703567862511	0.710103988647	-0.0272866152227	
0.418057024479	0.444648683071	0.792159020901	
0.585008859634	0.532140731812	-0.612038314342	
-0.687894463539	0.725312530994	-0.0268871877342	
0.429611265659	0.43674698472	0.790370941162	
0.566978037357	0.524384438992	-0.635261237621	
-0.712999343872	0.698620676994	-0.0596749298275	
0.412514001131	0.48677521944	0.769988358021	
0.233274236321	-0.80099016428	0.551360070705	
-0.948797762394	-0.0632916018367	0.309478580952	
-0.212992846966	-0.595322549343	-0.774741947651	
0.224155321717	-0.809669673443	0.54239231348	
-0.948991775513	-0.0547127760947	0.310517430305	
-0.221740752459	-0.584330022335	-0.780633985996	
0.21133646369	-0.807221472263	0.551117360592	
-0.956817150116	-0.0557172596455	0.285300731659	
-0.199594140053	-0.587612986565	-0.784138441086	
0.211796537042	-0.814052343369	0.54079669714	
-0.953785777092	-0.0514814965427	0.296044498682	
-0.213154703379	-0.578505396843	-0.78733509779	
0.251954346895	-0.805035829544	0.537062644958	
-0.943954408169	-0.0821596235037	0.319687068462	
-0.213234677911	-0.587509214878	-0.780617654324	
0.241301298141	-0.812928080559	0.530020356178	
-0.942820608616	-0.0669823512435	0.326500654221	
-0.229919537902	-0.578499138355	-0.782608270645	
0.243472009897	-0.782751858234	0.572731137276	
-0.948286294937	-0.0681225210428	0.310020059347	
-0.203652888536	-0.618594288826	-0.758858799934	
0.224795907736	-0.816080570221	0.532427728176	
-0.950740754604	-0.064005151391	0.303307414055	
-0.213445156813	-0.574383020401	-0.790269136429	
0.947395205498	-0.114336878061	0.298947244883	
-0.201114028692	-0.939256727695	0.27811858058	
0.248989000916	-0.323610693216	-0.912842035294	
0.944634795189	-0.131659820676	0.300550729036	
-0.215166911483	-0.940088570118	0.264455378056	
0.247726172209	-0.314482331276	-0.916369259357	
0.947353601456	-0.105958908796	0.302148789167	
-0.190028741956	-0.94555580616	0.264221966267	
0.257701873779	-0.307728588581	-0.915910959244	
0.949189305305	-0.101855039597	0.297766983509	
-0.190488129854	-0.939110338688	0.285982608795	
0.250507265329	-0.328172713518	-0.910795688629	
0.952659070492	-0.100596636534	0.28691637516	
-0.184164375067	-0.941786706448	0.281285047531	
0.241917714477	-0.320808500051	-0.915727972984	
0.943696141243	-0.13425976038	0.302344024181	
-0.217327609658	-0.940661251545	0.260624498129	
0.249411940575	-0.311658024788	-0.916876733303	
0.946957588196	-0.0988757237792	0.30576941371	
-0.185046195984	-0.945684969425	0.267278552055	
0.262734204531	-0.309682905674	-0.913820147514	
0.940916061401	-0.134855151176	0.310630142689	
-0.221312403679	-0.939169883728	0.262641876936	
0.256315886974	-0.315870255232	-0.913525104523	
-0.995978653431	-0.081857457757	-0.0364121571183	
0.0748195052147	-0.536412775517	-0.840632736683	
0.0492801107466	-0.839976608753	0.540380179882	
-0.995289444923	-0.0835437178612	-0.0491870194674	
0.0878004208207	-0.561613857746	-0.822727739811	
0.0411096289754	-0.823170900345	0.566303491592	
-0.994637072086	-0.102227009833	-0.0157089903951	
0.0704113617539	-0.558023154736	-0.826832711697	
0.0757586583495	-0.823504567146	0.562228441238	
-0.99466997385	-0.101029351354	-0.0206097438931	
0.0711505562067	-0.527848541737	-0.846353054047	
0.0746276751161	-0.843308329582	0.532223403454	
-0.996437430382	-0.07841591537	-0.0310389902443	
0.0687521323562	-0.542149305344	-0.837464749813	
0.0488427989185	-0.836615264416	0.545609116554	
-0.996040642262	-0.086018063128	-0.0224494021386	
0.0666086748242	-0.554863989353	-0.829270303249	
0.0588758550584	-0.827482223511	0.55839663744	
-0.99745953083	-0.0653615295887	-0.0283258445561	
0.0597452968359	-0.551040887833	-0.832336723804	
0.0387941040099	-0.831914544106	0.553546011448	
-0.995140254498	-0.0961521938443	-0.02122704871	
0.0674393773079	-0.50845927	-0.858441114426	
0.0717479065061	-0.855700850487	0.512472689152	
-0.989556372166	0.067074239254	0.12759013474	
0.0693624764681	0.997499227524	0.0135714272037	
-0.126360759139	0.0222796592861	-0.991734147072	
-0.990745067596	0.0439167916775	0.12843503058	
0.0498474314809	0.997816443443	0.0433308407664	
-0.126251637936	0.0493319705129	-0.990770876408	
-0.984146118164	0.0457090102136	0.171368211508	
0.0593861341476	0.995371878147	0.0755517557263	
-0.167121708393	0.0845308676362	-0.982305884361	
-0.985255718231	0.0343545079231	0.167603418231	
0.0467782765627	0.996396660805	0.0707494467497	
-0.164568930864	0.0775464996696	-0.983312547207	
-0.984319984913	0.0657580792904	0.163676515222	
0.0695350393653	0.99742692709	0.017448136583	
-0.162108004093	0.0285558030009	-0.986359775066	
-0.982308089733	0.0548968650401	0.179045259953	
0.0617232993245	0.997554957867	0.0327774956822	
-0.176808103919	0.0432488620281	-0.983294665813	
-0.985432624817	0.0394553616643	0.165426179767	
0.0574634820223	0.992754757404	0.105526775122	
-0.160064026713	0.113495491445	-0.980560183525	
-0.988919794559	0.054808113724	0.137962728739	
0.0623752214015	0.996742010117	0.0511336773634	
-0.134710714221	0.0591725595295	-0.989116609097	
-0.875201702118	-0.483041286469	-0.026327541098	
-0.226575508714	0.361221909523	0.9045342803	
-0.427417308092	0.797615110874	-0.425587356091	
-0.879951953888	-0.472322762012	-0.0509483627975	
-0.251170277596	0.371525675058	0.89380210638	
-0.403234422207	0.79929959774	-0.445558190346	
-0.870885789394	-0.488068252802	-0.0578562505543	
-0.258064299822	0.353912502527	0.898970961571	
-0.418283104897	0.797831654549	-0.434170365334	
-0.880765378475	-0.471931815147	-0.0391500890255	
-0.2339720577	0.36179959774	0.902417957783	
-0.411715269089	0.80397850275	-0.429079413414	
-0.895442306995	-0.443438887596	-0.0393071621656	
-0.229221835732	0.3835709095	0.894612073898	
-0.38162869215	0.810083508492	-0.445111483335	
-0.883727133274	-0.467910528183	-0.00927990954369	
-0.227808490396	0.412764132023	0.881889462471	
-0.408814966679	0.781463682652	-0.471364855766	
-0.89663118124	-0.44129627943	-0.0361960269511	
-0.209551125765	0.350910186768	0.912661135197	
-0.390052437782	0.825905323029	-0.407111138105	
-0.894338548183	-0.444979190826	-0.0463907197118	
-0.226520135999	0.360956519842	0.904654085636	
-0.385807186365	0.819575428963	-0.423614054918	
0.879607021809	-0.465580493212	0.097603045404	
-0.000497917702887	0.204276040196	0.978913187981	
-0.475700825453	-0.861107468605	0.179450809956	
0.884702563286	-0.459838300943	0.0764862298965	
0.0155977644026	0.193188041449	0.981037735939	
-0.465894967318	-0.86673361063	0.178086400032	
0.885624468327	-0.460413992405	0.0607306584716	
0.0404559038579	0.206762313843	0.977554440498	
-0.462636560202	-0.863289237022	0.20174023509	
0.885247528553	-0.46039557457	0.0661266669631	
0.0342949330807	0.206393480301	0.977867901325	
-0.463854163885	-0.863387286663	0.198498547077	
0.894126653671	-0.442046493292	0.0716411694884	
0.031975671649	0.222593128681	0.974386930466	
-0.446671158075	-0.868934512138	0.213161185384	
0.896572649479	-0.440275758505	0.0481114424765	
0.0298500787467	0.16845113039	0.985257923603	
-0.441889613867	-0.881919205189	0.16417093575	
0.885436177254	-0.460673421621	0.0615043006837	
0.0328154340386	0.193973302841	0.980457782745	
-0.463601052761	-0.866114497185	0.186868175864	
0.902682721615	-0.425335973501	0.0652162954211	
0.0297903921455	0.21296544373	0.976605474949	
-0.429274260998	-0.879622101784	0.204911157489	
0.208059728146	-0.363392293453	-0.908106386662	
0.675941228867	0.724476993084	-0.135042786598	
0.706975698471	-0.585729539394	0.396366328001	
0.21114552021	-0.375417530537	-0.902485072613	
0.665970027447	0.73108714819	-0.148308649659	
0.715472877026	-0.569713294506	0.404382586479	
0.202128961682	-0.373492330313	-0.905343770981	
0.680543422699	0.718336939812	-0.144404605031	
0.704275906086	-0.586937367916	0.399374455214	
0.2086353302	-0.34827002883	-0.913881421089	
0.658855259418	0.740628302097	-0.131831288338	
0.722759306431	-0.574610948563	0.38398078084	
0.209020808339	-0.345232337713	-0.914945304394	
0.66645950079	0.734975457191	-0.125071287155	
0.715641021729	-0.583631515503	0.383708536625	
0.206767335534	-0.342696905136	-0.916409373283	
0.687156021595	0.71761828661	-0.113316327333	
0.69646525383	-0.606286108494	0.383866280317	
0.210739254951	-0.377292573452	-0.901797831059	
0.656349658966	0.738259911537	-0.155490905046	
0.724426746368	-0.559126615524	0.403216212988	
0.201563566923	-0.352648228407	-0.913789570332	
0.663264036179	0.735628843307	-0.137590020895	
0.72073084116	-0.578350663185	0.38217484951	
-0.460352927446	0.858436584473	0.226189687848	
0.792285561562	0.282360315323	0.540884673595	
0.400448232889	0.428204655647	-0.81011235714	
-0.462169855833	0.849621832371	0.254050761461	
0.786144554615	0.259981036186	0.560701906681	
0.410336196423	0.458860129118	-0.78808093071	
-0.465196937323	0.843842566013	0.267435133457	
0.795033752918	0.265437424183	0.545402884483	
0.389246851206	0.466339707375	-0.794363975525	
-0.464132040739	0.8499147892	0.249451950192	
0.788217782974	0.267821341753	0.554061770439	
0.404096752405	0.453780293465	-0.794222414494	
-0.42426854372	0.87188398838	0.244570106268	
0.798924744129	0.23326574266	0.554352164268	
0.426280975342	0.430587291718	-0.795536994934	
-0.456756383181	0.845281422138	0.277259707451	
0.788197994232	0.240034416318	0.566681087017	
0.412453114986	0.477370738983	-0.775886356831	
-0.449282795191	0.858055174351	0.248769551516	
0.798411250114	0.260697841644	0.542748630047	
0.400854587555	0.442468047142	-0.802207946777	
-0.472114741802	0.856547176838	0.20840960741	
0.775774776936	0.291414469481	0.559688389301	
0.418665975332	0.425916045904	-0.802068769932	
-0.829313635826	-0.518193721771	0.209079355001	
0.542014956474	-0.83696937561	0.0755124539137	
0.135862931609	0.175947636366	0.974978804588	
-0.826942265034	-0.508307874203	0.240394696593	
0.540003836155	-0.837095201015	0.0875640586019	
0.156723737717	0.202224478126	0.966717600822	
-0.837642908096	-0.511526226997	0.191560149193	
0.534307956696	-0.840173721313	0.0928605869412	
0.113443180919	0.18013612926	0.977078080177	
-0.838559091091	-0.506524264812	0.200628593564	
0.535770654678	-0.833499193192	0.13501444459	
0.0988356843591	0.220708489418	0.970319151878	
-0.821530044079	-0.537501454353	0.19021192193	
0.555489718914	-0.829735040665	0.0545059591532	
0.12852846086	0.150439053774	0.980228841305	
-0.84003251791	-0.49031701684	0.232238277793	
0.524012207985	-0.844159007072	0.113167092204	
0.140558287501	0.216759726405	0.966053068638	
-0.828400671482	-0.527533888817	0.188308939338	
0.553808510303	-0.821759700775	0.134190425277	
0.0839547067881	0.215450540185	0.972899079323	
-0.857557177544	-0.483132749796	0.176574140787	
0.505607545376	-0.854855954647	0.116543158889	
0.0946396365762	0.189219638705	0.977363407612	
-0.0329291522503	0.500746190548	0.86496758461	
0.572192430496	0.719019293785	-0.394470661879	
-0.819458067417	0.481938302517	-0.310199856758	
0.00871103070676	0.498054683208	0.867101848125	
0.571471631527	0.709097087383	-0.413039386272	
-0.820575594902	0.499122083187	-0.278447151184	
-0.00809621997178	0.520563900471	0.853784322739	
0.58459508419	0.695171654224	-0.418312013149	
-0.811284780502	0.495731383562	-0.309947371483	
0.0107084140182	0.520249247551	0.853947341442	
0.579799294472	0.692550778389	-0.429192453623	
-0.814688920975	0.499714046717	-0.294224023819	
0.00676987832412	0.488621115685	0.872469782829	
0.574792265892	0.712048351765	-0.403238177299	
-0.81827133894	0.504218757153	-0.276035159826	
0.00613867444918	0.476528286934	0.879137694836	
0.580359637737	0.714243710041	-0.391201496124	
-0.814337134361	0.512617528439	-0.272173285484	
-0.026012416929	0.521634161472	0.852772593498	
0.577085852623	0.704399049282	-0.413272202015	
-0.816269159317	0.481372773647	-0.319350808859	
-0.00422800099477	0.489314049482	0.872097432613	
0.566649734974	0.719748020172	-0.401087105274	
-0.823947906494	0.492477983236	-0.280312776566	
0.738250076771	0.667650997639	0.096067532897	
-0.671164870262	0.712879598141	0.20332325995	
0.0672643855214	-0.214580565691	0.974387347698	
0.736188769341	0.664494514465	0.128347560763	
-0.675524830818	0.709964990616	0.199037462473	
0.0411370433867	-0.233231112361	0.971550822258	
0.73103928566	0.676601529121	0.0882715433836	
-0.677729606628	0.70499765873	0.208951741457	
0.0791458413005	-0.212576180696	0.973933935165	
0.715322971344	0.692016780376	0.0970864295959	
-0.693791568279	0.686719954014	0.216953843832	
0.0834645107388	-0.222549811006	0.971341967583	
0.743331730366	0.656966269016	0.125909671187	
-0.667489528656	0.716164767742	0.203876852989	
0.0437681414187	-0.235591515899	0.970866084099	
0.713646411896	0.686433374882	0.139706864953	
-0.699711084366	0.689016878605	0.188838943839	
0.033364970237	-0.232518672943	0.97201949358	
0.725310504436	0.678721725941	0.115158684552	
-0.685098290443	0.695220530033	0.217505827546	
0.0675652548671	-0.236654281616	0.969241797924	
0.700535058975	0.705702066422	0.105995997787	
-0.711757302284	0.680238962173	0.175147205591	
0.0514991432428	-0.198140189052	0.978819847107	
-0.217888787389	-0.954433262348	-0.203915849328	
-0.919928789139	0.270626962185	-0.283711224794	
0.325968563557	0.125770568848	-0.936977207661	
-0.193119987845	-0.958622217178	-0.209160491824	
-0.926118016243	0.248498216271	-0.283820420504	
0.32405257225	0.138895899057	-0.935787320137	
-0.202368617058	-0.966213643551	-0.159618765116	
-0.931432127953	0.2402407974	-0.273346990347	
0.302458524704	0.0933571904898	-0.948579609394	
-0.181183412671	-0.971181809902	-0.154849857092	
-0.92437595129	0.22192505002	-0.310287535191	
0.335710674524	0.0869205370545	-0.937946259975	
-0.178876429796	-0.961876392365	-0.206874385476	
-0.927258610725	0.235111266375	-0.29140034318	
0.3289296031	0.139701411128	-0.933964014053	
-0.193297758698	-0.956451177597	-0.21871688962	
-0.924702167511	0.25211045146	-0.285247653723	
0.327966272831	0.147110253572	-0.933164894581	
-0.177347883582	-0.974377036095	-0.138336986303	
-0.928440868855	0.212269335985	-0.3048594594	
0.32641273737	0.0743715316057	-0.942296981812	
-0.199604585767	-0.967195034027	-0.157136291265	
-0.92367619276	0.239249840379	-0.299302279949	
0.327078491449	0.0854009315372	-0.941130340099	
0.0953792706132	0.850064516068	0.517970144749	
0.929932773113	-0.261733055115	0.258303850889	
0.35514485836	0.457040578127	-0.815466761589	
0.0962062850595	0.868148744106	0.486890286207	
0.920321047306	-0.263912796974	0.2887198627	
0.379148334265	0.420318722725	-0.824365615845	
0.0703267976642	0.875014364719	0.478961408138	
0.929847180843	-0.231347084045	0.286116659641	
0.361162483692	0.425239264965	-0.829899549484	
0.0866736099124	0.866914212704	0.490864008665	
0.920595705509	-0.258020371199	0.293136537075	
0.38077712059	0.426480084658	-0.820441067219	
0.103181160986	0.850328922272	0.516037225723	
0.925410330296	-0.272265046835	0.263604879379	
0.364649713039	0.450347095728	-0.814995765686	
0.0789583474398	0.87944662571	0.46940305829	
0.918843209743	-0.246834397316	0.307895988226	
0.38664290309	0.406996846199	-0.827563166618	
0.109408400953	0.871073842049	0.478811174631	
0.929584383965	-0.260247826576	0.261043906212	
0.351998090744	0.416534990072	-0.838209986687	
0.0950073227286	0.878508448601	0.468184262514	
0.92941313982	-0.246755897999	0.274413526058	
0.356601834297	0.409065306187	-0.839940905571	
0.932567596436	-0.0366745255888	-0.359127610922	
0.00311809126288	-0.993970632553	0.109602354467	
-0.360981911421	-0.103331401944	-0.926830470562	
0.932933390141	-0.0277361907065	-0.358979105949	
0.0220897458494	-0.990740954876	0.13395665586	
-0.35937076807	-0.132902398705	-0.923682630062	
0.931076586246	-0.0405702143908	-0.362560898066	
0.00640001194552	-0.991828203201	0.127420201898	
-0.364767581224	-0.120958358049	-0.923208355904	
0.927821338177	-0.0416027791798	-0.370697706938	
0.00974299944937	-0.990719497204	0.135572582483	
-0.372897654772	-0.129398837686	-0.918805360794	
0.938519954681	-0.0199101306498	-0.344650328159	
0.0256201978773	-0.991565585136	0.127048388124	
-0.344272941351	-0.128067463636	-0.930094003677	
0.937489390373	-0.0471519753337	-0.344804853201	
-0.0131401196122	-0.994868338108	0.100321337581	
-0.347765773535	-0.0895194113255	-0.933298051357	
0.923626661301	-0.0284993350506	-0.382232397795	
0.0264998544008	-0.99009770155	0.137856170535	
-0.382376223803	-0.137456744909	-0.913725376129	
0.929332852364	-0.0411435067654	-0.366943657398	
0.0110015226528	-0.990246117115	0.13889400661	
-0.369079113007	-0.133115708828	-0.919815659523	
0.806501269341	-0.573548674583	0.1435187608	
0.16895146668	-0.00904901884496	-0.985582828522	
0.566578447819	0.819121539593	0.0896038413048	
0.814680337906	-0.567218005657	0.120663583279	
0.136458560824	-0.0147237153724	-0.99053633213	
0.563626646996	0.823436081409	0.0654066354036	
0.807118594646	-0.576523542404	0.127201274037	
0.134056061506	-0.0308623015881	-0.990493059158	
0.574968278408	0.816497445107	0.0523769408464	
0.806361615658	-0.579104363918	0.120079271495	
0.134793505073	-0.0177377667278	-0.990714907646	
0.575857281685	0.815060436726	0.0637564510107	
0.819137096405	-0.556293666363	0.139827668667	
0.163875132799	-0.00664761476219	-0.986458718777	
0.549690246582	0.830959200859	0.0857173874974	
0.838489770889	-0.537712872028	0.0883159264922	
0.128395646811	0.0374474227428	-0.991015791893	
0.529574751854	0.842296004295	0.100439280272	
0.804241716862	-0.57851934433	0.136053949594	
0.143317520618	-0.0333798676729	-0.989113688469	
0.576762855053	0.814985394478	0.0560664720833	
0.847062468529	-0.519794285297	0.110901407897	
0.127516642213	-0.00381050701253	-0.991829097271	
0.515969693661	0.854282975197	0.0630546882749	
0.201399594545	0.978464365005	-0.0452287830412	
-0.678978800774	0.106176652014	-0.726439476013	
-0.705992937088	0.177014008164	0.685740470886	
0.18419906497	0.981561720371	-0.0510611869395	
-0.693512797356	0.0929797068238	-0.714419186115	
-0.69649887085	0.16700693965	0.697852432728	
0.226834744215	0.973018109798	-0.042210996151	
-0.661904454231	0.122223325074	-0.73955655098	
-0.714442789555	0.195696771145	0.671769499779	
0.211453258991	0.975893974304	-0.0540228225291	
-0.686569869518	0.108969882131	-0.718851447105	
-0.695635914803	0.189093917608	0.693061411381	
0.170418873429	0.985212206841	-0.0177300423384	
-0.672243416309	0.103089228272	-0.733117580414	
-0.720448613167	0.136855974793	0.679870784283	
0.18008762598	0.97971111536	-0.0879467502236	
-0.668947994709	0.0564312189817	-0.741164028645	
-0.721163630486	0.192306265235	0.665538370609	
0.15417611599	0.986959218979	-0.0462736971676	
-0.666046500206	0.0692241415381	-0.742691099644	
-0.729802548885	0.145325660706	0.66803342104	
0.230632528663	0.972217142582	-0.0400309562683	
-0.674806177616	0.130169272423	-0.726424515247	
-0.701031565666	0.194550260901	0.686079442501	
-0.48383679986	-0.849425137043	0.210662871599	
0.366993814707	0.0215976424515	0.929972648621	
-0.794491946697	0.527266919613	0.301284044981	
-0.472520709038	-0.854449033737	0.2159653157	
0.340739130974	0.0488743707538	0.938886642456	
-0.812785983086	0.517231225967	0.268050074577	
-0.487735033035	-0.848346233368	0.205969005823	
0.390125483274	-0.000742090516724	0.920761406422	
-0.780971586704	0.529441356659	0.331323415041	
-0.486566483974	-0.841969251633	0.233111128211	
0.386584371328	0.0317838042974	0.921706199646	
-0.783457458019	0.53858846426	0.310027211905	
-0.49291664362	-0.833471536636	0.249716609716	
0.354498535395	0.0697215348482	0.93245357275	
-0.794584155083	0.54814606905	0.261097550392	
-0.489265054464	-0.839072048664	0.23786085844	
0.366412520409	0.0497323386371	0.929122447968	
-0.791430056095	0.541742324829	0.283114224672	
-0.520667552948	-0.828209400177	0.207302898169	
0.387360483408	-0.0127817830071	0.92183971405	
-0.760826587677	0.560272991657	0.32747066021	
-0.489282160997	-0.833642721176	0.256208509207	
0.386085182428	0.0563749223948	0.920738875866	
-0.7820109725	0.549419403076	0.294273853302	
-0.29098752141	-0.176124766469	0.940375626087	
0.882489264011	-0.429035633802	0.192720368505	
0.369511842728	0.885950624943	0.280272215605	
-0.301745116711	-0.200003400445	0.932174086571	
0.868882536888	-0.460135787725	0.182532787323	
0.392419487238	0.865028142929	0.312623202801	
-0.256926864386	-0.167922720313	0.951730310917	
0.878003716469	-0.452083259821	0.157258525491	
0.403854042292	0.876026630402	0.263589113951	
-0.271218806505	-0.182987466455	0.9449634552	
0.870468318462	-0.465605735779	0.159675344825	
0.410761833191	0.865867674351	0.285565823317	
-0.264119118452	-0.164484798908	0.950360894203	
0.87536585331	-0.454578191042	0.164600268006	
0.404939115047	0.8753875494	0.264047175646	
-0.271789342165	-0.168720856309	0.947451233864	
0.877110183239	-0.448535740376	0.171736419201	
0.395990222692	0.877695262432	0.26989403367	
-0.264030486345	-0.144325748086	0.953655064106	
0.875294744968	-0.451180964708	0.174053996801	
0.405150532722	0.8806848526	0.245453119278	
-0.275240182877	-0.177373170853	0.94487118721	
0.877655863762	-0.447498291731	0.171655118465	
0.392381250858	0.876518130302	0.278842121363	
0.167105779052	0.64508908987	-0.745610952377	
0.763444602489	-0.563197612762	-0.316165715456	
-0.623881399632	-0.516399562359	-0.586603343487	
0.175884515047	0.65187048912	-0.737651348114	
0.759804368019	-0.566336929798	-0.319311469793	
-0.625908911228	-0.504308760166	-0.594903945923	
0.145823463798	0.628534734249	-0.763989269733	
0.748384058475	-0.575152814388	-0.330333918333	
-0.647036910057	-0.523586988449	-0.554256141186	
0.164677798748	0.633509457111	-0.756007254124	
0.745939671993	-0.581465482712	-0.324764341116	
-0.645333468914	-0.510454297066	-0.568314313889	
0.137749388814	0.622383594513	-0.770495772362	
0.771107554436	-0.555611848831	-0.310947984457	
-0.621625542641	-0.551302194595	-0.556459844112	
0.169714212418	0.636214971542	-0.752613842487	
0.771268665791	-0.561143815517	-0.300436764956	
-0.613466978073	-0.529479086399	-0.585926771164	
0.133016973734	0.614326834679	-0.777758955956	
0.764410436153	-0.563083708286	-0.31402772665	
-0.630859076977	-0.552756071091	-0.544497549534	
0.15609793365	0.625970423222	-0.76406443119	
0.739235818386	-0.58708101511	-0.329948842525	
-0.655105948448	-0.51331949234	-0.554381906986	
-0.198592692614	-0.920955896378	-0.335262864828	
0.453042775393	-0.389597445726	0.801851689816	
-0.869087576866	0.00735346600413	0.494603604078	
-0.184390246868	-0.917108416557	-0.353429466486	
0.481713116169	-0.397771328688	0.780852377415	
-0.856710374355	-0.0262700468302	0.515128314495	
-0.195611044765	-0.912754356861	-0.358630537987	
0.418703764677	-0.408420473337	0.811097919941	
-0.886805176735	0.0084997555241	0.462065249681	
-0.181654781103	-0.915663599968	-0.358555018902	
0.433669537306	-0.40184494853	0.806505680084	
-0.882571399212	-0.00898878462613	0.470092445612	
-0.172183915973	-0.92808765173	-0.330160528421	
0.456024855375	-0.372188210487	0.808404147625	
-0.873151779175	-0.0113672120497	0.487315863371	
-0.174711555243	-0.919260621071	-0.352754592896	
0.458964169025	-0.39299505949	0.796810388565	
-0.87110722065	-0.0226897355169	0.490568459034	
-0.180831044912	-0.918322503567	-0.352113455534	
0.411003708839	-0.39581489563	0.821222603321	
-0.893518924713	0.00378261576407	0.449009567499	
-0.200226783752	-0.913438498974	-0.354315251112	
0.421948164701	-0.406777620316	0.810241758823	
-0.884233534336	0.0127294370905	0.466871500015	
0.927659630775	0.063204869628	-0.368039101362	
0.15370708704	0.833581864834	0.530580282211	
0.340325981379	-0.548768103123	0.763565182686	
0.930111587048	0.00473611801863	-0.367246508598	
0.202004089952	0.828495383263	0.522292792797	
0.306735664606	-0.559975862503	0.769636452198	
0.947922408581	0.0285554118454	-0.317218691111	
0.151836276054	0.834999740124	0.528886735439	
0.279980123043	-0.549508929253	0.787179231644	
0.945289969444	0.000842662353534	-0.326230317354	
0.17944355309	0.833785951138	0.522112071514	
0.272446215153	-0.552087247372	0.788018226624	
0.939458906651	0.033512506634	-0.341018855572	
0.159836709499	0.837445855141	0.522624850273	
0.303099304438	-0.545491874218	0.781389415264	
0.934464037418	0.00736673921347	-0.355981320143	
0.188238188624	0.838422298431	0.511482596397	
0.302230656147	-0.544971346855	0.782088756561	
0.948087334633	-0.00634882040322	-0.317946702242	
0.17990976572	0.835130214691	0.51979804039	
0.26222679019	-0.550015687943	0.792918562889	
0.944058120251	-0.00393337663263	-0.329755693674	
0.184476882219	0.835140943527	0.518177449703	
0.273354291916	-0.55002194643	0.7891471982	
-0.056969743222	-0.0425265692174	0.997469782829	
-0.833348810673	0.552223920822	-0.0240523405373	
-0.54980379343	-0.832610487938	-0.0668995156884	
-0.0953595489264	-0.0386402644217	0.99469268322	
-0.875754952431	0.478308707476	-0.0653766021132	
-0.4732439816	-0.877341270447	-0.0794507041574	
-0.0794238895178	-0.0240378528833	0.996551036835	
-0.839782059193	0.540241658688	-0.0538984015584	
-0.537082791328	-0.841166555882	-0.0630946531892	
-0.0612878166139	-0.0131129324436	0.998034000397	
-0.870373547077	0.490142941475	-0.0470085032284	
-0.488562881947	-0.87154340744	-0.0414529405534	
-0.0456244423985	-0.0210450012237	0.998736977577	
-0.841701745987	0.539262890816	-0.0270875971764	
-0.538011729717	-0.841874480247	-0.0423171855509	
-0.0444888956845	0.00231010490097	0.999007225037	
-0.868370592594	0.494314998388	-0.0398142971098	
-0.493916213512	-0.869279801846	-0.0199855007231	
-0.083373054862	-0.0206297412515	0.996304869652	
-0.845894873142	0.529985249043	-0.0598123967648	
-0.526792943478	-0.847755908966	-0.0616370849311	
-0.0959447696805	-0.0226031485945	0.995130002499	
-0.853115856647	0.516934752464	-0.0705110430717	
-0.512823522091	-0.855726361275	-0.068880289793	
0.933691859245	-0.0689166411757	-0.351383000612	
-0.122634552419	0.860415756702	-0.494616568089	
0.336422771215	0.504911124706	0.794911623001	
0.932572245598	-0.120548188686	-0.340260356665	
-0.0866040885448	0.840349376202	-0.535081923008	
0.350440740585	0.5284704566	0.773246526718	
0.908545255661	-0.0796915963292	-0.410115599632	
-0.145592808723	0.85971057415	-0.48959210515	
0.391597092152	0.504526495934	0.769483447075	
0.915661692619	-0.0746900066733	-0.39494946599	
-0.139838397503	0.862009167671	-0.487222164869	
0.376840680838	0.501359760761	0.778864204884	
0.909081757069	-0.100754454732	-0.404250979424	
-0.132913574576	0.849472880363	-0.510617136955	
0.39484718442	0.517923176289	0.758848667145	
0.913985908031	-0.122985035181	-0.386657983065	
-0.107741840184	0.845180273056	-0.523509323597	
0.39117950201	0.520139396191	0.759232223034	
0.927035391331	-0.0982140600681	-0.361883163452	
-0.102257817984	0.862293183804	-0.495977580547	
0.360761374235	0.496794134378	0.789333164692	
0.936141967773	-0.115341581404	-0.332166433334	
-0.0800359249115	0.849973857403	-0.520709812641	
0.342392265797	0.514043569565	0.786464750767	
-0.954464912415	0.262071639299	-0.142531320453	
-0.27735465765	-0.955503880978	0.100432686508	
-0.10986866802	0.135391190648	0.984681725502	
-0.957295119762	0.249940752983	-0.145312279463	
-0.260912299156	-0.963381707668	0.0618099309504	
-0.124542362988	0.0970841050148	0.987453222275	
-0.9682264328	0.224721759558	-0.109716668725	
-0.232926279306	-0.970069944859	0.0686272978783	
-0.0910107940435	0.0920026600361	0.99159091711	
-0.955684781075	0.254037111998	-0.148767411709	
-0.265358358622	-0.962177395821	0.0616412125528	
-0.127481490374	0.0983862429857	0.986949145794	
-0.964461028576	0.245528668165	-0.097625002265	
-0.255743294954	-0.960310459137	0.111351393163	
-0.0664103552699	0.132361009717	0.988974332809	
-0.96843290329	0.219117417932	-0.118849985301	
-0.230416253209	-0.968789219856	0.0914100408554	
-0.0951110497117	0.115909457207	0.988695561886	
-0.956350266933	0.23829986155	-0.169136986136	
-0.256196647882	-0.96213644743	0.0930414274335	
-0.140561103821	0.132312521338	0.98119109869	
-0.954522788525	0.240723088384	-0.175893887877	
-0.256449460983	-0.963826537132	0.072609461844	
-0.152052417397	0.114415280521	0.981727659702	
0.217493012547	0.261720836163	0.940318584442	
-0.135345414281	-0.945986509323	0.294603407383	
0.96663248539	-0.191341981292	-0.170322731137	
0.195140257478	0.262929439545	0.944874823093	
-0.121481530368	-0.9494972229	0.289304703474	
0.973222732544	-0.171239838004	-0.153344064951	
0.183605492115	0.226833537221	0.956470370293	
-0.161300703883	-0.952870488167	0.25694334507	
0.969675779343	-0.201455548406	-0.138363853097	
0.202309295535	0.242936789989	0.948711037636	
-0.123618133366	-0.954659342766	0.270821094513	
0.971488296986	-0.172067523003	-0.16310505569	
0.201111316681	0.266753733158	0.942547976971	
-0.140523701906	-0.944398701191	0.297261059284	
0.969436585903	-0.192232891917	-0.152444049716	
0.201010122895	0.266591906548	0.942615330219	
-0.159795105457	-0.940443217754	0.300053447485	
0.966468036175	-0.210939094424	-0.146438524127	
0.209605172276	0.24096044898	0.94763058424	
-0.128883436322	-0.953894674778	0.271060824394	
0.969254732132	-0.178949639201	-0.168885454535	
0.191746637225	0.232456862926	0.953518271446	
-0.153090104461	-0.952569484711	0.263011038303	
0.969431102276	-0.196405678988	-0.147065147758	
-0.354807734489	0.840424835682	0.409630984068	
-0.239960640669	-0.505318522453	0.828898131847	
0.90362071991	0.195804148912	0.380959808826	
-0.335398882627	0.844675719738	0.417169630527	
-0.234786659479	-0.503793597221	0.831304550171	
0.912350177765	0.180872753263	0.367290407419	
-0.33677020669	0.846894264221	0.411528766155	
-0.232357367873	-0.498289883137	0.835294723511	
0.912466943264	0.185680612922	0.364591300488	
-0.320376038551	0.858879983425	0.399605304003	
-0.246356606483	-0.482867658138	0.840325713158	
0.914695382118	0.170774817467	0.366289973259	
-0.332041949034	0.854521989822	0.39942497015	
-0.25202870369	-0.488425791264	0.835417151451	
0.908971786499	0.176726981997	0.377541899681	
-0.337410628796	0.846671998501	0.411461472511	
-0.23489060998	-0.498991370201	0.834166646004	
0.911581277847	0.184808284044	0.367240309715	
-0.331387072802	0.851462960243	0.406439960003	
-0.264352709055	-0.49731951952	0.826311647892	
0.905704259872	0.166385516524	0.389891803265	
-0.32908987999	0.852826118469	0.40544718504	
-0.246676385403	-0.492094427347	0.834861576557	
0.911510050297	0.1747302562	0.372315376997	
0.629058599472	0.179962828755	-0.756239831448	
0.486938476563	-0.849547326565	0.202879950404	
-0.605950653553	-0.495865643024	-0.622045874596	
0.605088710785	0.194489821792	-0.772037148476	
0.524528741837	-0.826888084412	0.202794790268	
-0.598946809769	-0.527664482594	-0.602356135845	
0.636498212814	0.178521245718	-0.750333428383	
0.489639133215	-0.845188736916	0.21426512301	
-0.595922470093	-0.503771960735	-0.625372052193	
0.639302194118	0.183974415064	-0.746623158455	
0.483548283577	-0.851138472557	0.204314291477	
-0.5978910923	-0.491646915674	-0.63309520483	
0.63385951519	0.186994850636	-0.750503182411	
0.50119048357	-0.83835297823	0.214411735535	
-0.589092671871	-0.512051999569	-0.625118076801	
0.642725050449	0.193621531129	-0.741225481033	
0.506912171841	-0.83292722702	0.221973612905	
-0.574407994747	-0.518404185772	-0.633492290974	
0.627044379711	0.19094876945	-0.755217790604	
0.503177583218	-0.839381337166	0.205551117659	
-0.594666004181	-0.508898317814	-0.622410535812	
0.623750507832	0.176537811756	-0.761426091194	
0.509387552738	-0.830686271191	0.224687874317	
-0.592840313911	-0.528010189533	-0.608067154884	
-0.371493071318	0.804158687592	-0.464027702808	
0.115925058722	0.536059856415	0.836182534695	
0.921170055866	0.256843566895	-0.292364656925	
-0.363501280546	0.805552661419	-0.467922747135	
0.102218337357	0.533737838268	0.83944940567	
0.925968825817	0.257310658693	-0.276356637478	
-0.322788923979	0.822415292263	-0.468444645405	
0.0929737389088	0.520096600056	0.849032044411	
0.941893398762	0.230505079031	-0.244344443083	
-0.331244409084	0.810001790524	-0.483915507793	
0.1033346802	0.540927231312	0.834697365761	
0.937869429588	0.22648358345	-0.262880414724	
-0.333338111639	0.803320586681	-0.493519753218	
0.0669671595097	0.542309463024	0.837505757809	
0.940426051617	0.246122971177	-0.234568506479	
-0.306749075651	0.800454556942	-0.514953911304	
0.0699599087238	0.558535635471	0.826524972916	
0.949215769768	0.217509657145	-0.227330029011	
-0.339616060257	0.794894397259	-0.502795994282	
0.0884894132614	0.559200465679	0.824296355247	
0.936392307281	0.235452160239	-0.260253190994	
-0.316484123468	0.814357042313	-0.486477553844	
0.104108795524	0.539559423923	0.83548605442	
0.942867517471	0.213771492243	-0.255543708801	
0.739739179611	0.51865786314	-0.428695619106	
-0.266860604286	-0.358722954988	-0.894484937191	
-0.617714583874	0.776087522507	-0.126952067018	
0.763131797314	0.484152525663	-0.428049296141	
-0.269632965326	-0.363417208195	-0.891754448414	
-0.587305605412	0.795942366123	-0.146791741252	
0.750016748905	0.492722928524	-0.441247045994	
-0.300930172205	-0.33986800909	-0.891027927399	
-0.588995635509	0.801070451736	-0.10663150996	
0.74954020977	0.479670703411	-0.456185817719	
