-0.510976493359	-0.0645747035742	0.857165753841	
-0.78976893425	0.428947627544	-0.438484877348	
-0.33936420083	-0.901018321514	-0.270181268454	
-0.50396746397	-0.0863815695047	0.859392225742	
-0.793778121471	0.438555747271	-0.42140853405	
-0.340489447117	-0.89454293251	-0.289585620165	
-0.533798694611	-0.0813599899411	0.841688513756	
-0.777101039886	0.439670473337	-0.450337529182	
-0.333426117897	-0.89446657896	-0.297920465469	
-0.517985343933	-0.0770988836884	0.851907789707	
-0.779683053493	0.452193021774	-0.433146417141	
-0.351831674576	-0.888581573963	-0.294342070818	
-0.499781876802	-0.0533508956432	0.864506661892	
-0.78842663765	0.441263228655	-0.428567618132	
-0.358610540628	-0.895790398121	-0.262598633766	
-0.503365814686	-0.0795309171081	0.860405504704	
-0.783981859684	0.460715293884	-0.416069567204	
-0.363311588764	-0.883977532387	-0.294259130955	
-0.522297382355	-0.075408115983	0.849422812462	
-0.772915422916	0.462700337172	-0.434177577496	
-0.360287696123	-0.883301794529	-0.299951255322	
-0.50506901741	-0.079097956419	0.859446763992	
-0.784449279308	0.457337796688	-0.41890501976	
-0.359922975302	-0.885768413544	-0.293035507202	
-0.172984451056	0.704154133797	-0.688653290272	
-0.859451651573	0.233585834503	0.454731285572	
0.481060534716	0.670525670052	0.564779698849	
-0.164513498545	0.706828355789	-0.68798905611	
-0.844352841377	0.259653121233	0.468666791916	
0.509905517101	0.65800756216	0.554096102715	
-0.146163031459	0.700580954552	-0.698443055153	
-0.860909044743	0.257708311081	0.438659369946	
0.48731097579	0.665411770344	0.565469026566	
-0.140021771193	0.707149744034	-0.693060696125	
-0.856328010559	0.264915436506	0.443308144808	
0.497087717056	0.655560135841	0.568458199501	
-0.157703474164	0.706153333187	-0.690273225307	
-0.859973907471	0.245364308357	0.447483211756	
0.485360175371	0.66418659687	0.568578600883	
-0.165403798223	0.710843086243	-0.683625400066	
-0.852396607399	0.245607495308	0.461624234915	
0.496045917273	0.659074366093	0.565295875072	
-0.156856939197	0.697819530964	-0.698887586594	
-0.857784092426	0.254469633102	0.446600109339	
0.489491939545	0.669546961784	0.558663129807	
-0.155636534095	0.703813672066	-0.693125963211	
-0.8531280756	0.257936000824	0.453477144241	
0.497945547104	0.661902844906	0.560298919678	
0.800070524216	0.240635618567	0.549528539181	
0.213323369622	0.742033779621	-0.63551479578	
-0.56069624424	0.625683963299	0.542346179485	
0.792695701122	0.287331163883	0.53765630722	
0.187378153205	0.724421322346	-0.663402736187	
-0.580105960369	0.626621544361	0.520406067371	
0.776613593102	0.252467483282	0.577175438404	
0.22820340097	0.741220295429	-0.631281018257	
-0.587192058563	0.621974825859	0.518027842045	
0.778653621674	0.250981152058	0.575071275234	
0.227650493383	0.741061687469	-0.631666719913	
-0.584699749947	0.622764825821	0.519894361496	
0.789024293423	0.263655364513	0.554911196232	
0.192740038037	0.751400649548	-0.631069242954	
-0.583345413208	0.604882597923	0.542056441307	
0.792932987213	0.268406122923	0.5470058918	
0.217856958508	0.713513076305	-0.665910959244	
-0.569030463696	0.647191822529	0.507293879986	
0.781781256199	0.271021723747	0.561573982239	
0.200433194637	0.743586838245	-0.637891232967	
-0.590461373329	0.611249446869	0.527000486851	
0.783505737782	0.254586488008	0.566837310791	
0.223495304585	0.735711276531	-0.639358103275	
-0.579800546169	0.627626180649	0.519535124302	
0.939725637436	0.0685814246535	-0.334980994463	
-0.185790285468	0.924854755402	-0.331851810217	
0.287049889565	0.374085873365	0.881851553917	
0.946919560432	0.0514566898346	-0.317325621843	
-0.162257492542	0.928646206856	-0.333599686623	
0.277517288923	0.367380529642	0.887702465057	
0.952403247356	0.0740334913135	-0.295714497566	
-0.169779211283	0.934505999088	-0.312847465277	
0.253185808659	0.348163127899	0.902595937252	
0.962035894394	0.0606351010501	-0.266102135181	
-0.1543379426	0.925003290176	-0.347201198339	
0.225092768669	0.375089645386	0.8992446661	
0.948532223701	0.0511050447822	-0.31252977252	
-0.164568245411	0.922716975212	-0.348583757877	
0.270562142134	0.38207539916	0.883637070656	
0.953396260738	0.0648375675082	-0.294672042131	
-0.169259548187	0.923421442509	-0.344447404146	
0.249773353338	0.378270953894	0.891360938549	
0.95051240921	0.0720409154892	-0.302218973637	
-0.176327571273	0.925991714001	-0.333838224411	
0.25580227375	0.370606899261	0.892869353294	
0.953352451324	0.0680816322565	-0.294081538916	
-0.17431640625	0.919540941715	-0.352219104767	
0.246440365911	0.387052208185	0.888514339924	
-0.615766167641	0.352756023407	-0.704553186893	
0.72560107708	-0.0946875438094	-0.681569755077	
-0.307140260935	-0.930912137032	-0.197654768825	
-0.626016139984	0.343071997166	-0.700289487839	
0.728787958622	-0.0621049404144	-0.681917250156	
-0.277438133955	-0.937253773212	-0.211148038507	
-0.574256420135	0.345141112804	-0.742365956306	
0.765623569489	-0.0947079062462	-0.636278986931	
-0.289913982153	-0.933760166168	-0.209861561656	
-0.575537085533	0.356806695461	-0.735830128193	
0.772092223167	-0.0594436302781	-0.632724285126	
-0.269500672817	-0.932285070419	-0.241275668144	
-0.617381811142	0.320638477802	-0.718352735043	
0.73446315527	-0.092157073319	-0.672362267971	
-0.281786501408	-0.942707836628	-0.178601041436	
-0.633489489555	0.339632630348	-0.695227146149	
0.720216810703	-0.0695795118809	-0.690250992775	
-0.282805323601	-0.937981009483	-0.200531229377	
-0.606806457043	0.332705140114	-0.721867859364	
0.738149166107	-0.100985936821	-0.667036473751	
-0.29482498765	-0.93760818243	-0.18430711329	
-0.603207111359	0.360009223223	-0.711712360382	
0.744535088539	-0.0658377707005	-0.664328873158	
-0.28602206707	-0.930622756481	-0.228325694799	
0.57655274868	0.545230925083	-0.608531177044	
-0.706482291222	0.706811010838	-0.0360689163208	
0.410450637341	0.450712114573	0.792709827423	
0.585092961788	0.532992720604	-0.611216008663	
-0.696919381618	0.715866208076	-0.0428836196661	
0.414692223072	0.451059192419	0.790301203728	
0.561623990536	0.549866497517	-0.61824375391	
-0.706056535244	0.708059728146	-0.0116458265111	
0.43134984374	0.44305562973	0.785900115967	
0.585681498051	0.54200810194	-0.602664411068	
-0.700379371643	0.712665617466	-0.0397048145533	
0.407977879047	0.445348083973	0.797006368637	
0.586440980434	0.534004747868	-0.609036922455	
-0.687180280685	0.726053893566	-0.0250796768814	
0.428800970316	0.433225899935	0.792745292187	
0.576564073563	0.544712126255	-0.608984947205	
-0.701642155647	0.712001204491	-0.0274324622005	
0.418655216694	0.44310605526	0.792707264423	
0.586176991463	0.531383872032	-0.611578047276	
-0.686665058136	0.726474881172	-0.026930751279	
0.429985553026	0.435735493898	0.790725648403	
0.569406867027	0.524396240711	-0.633075356483	
-0.710239231586	0.701595246792	-0.0576569661498	
0.413927555084	0.482465207577	0.7719399333	
0.232711493969	-0.802501499653	0.549396634102	
-0.948703885078	-0.0629993751645	0.309825718403	
-0.214023962617	-0.593314766884	-0.775996983051	
0.224257871509	-0.810499489307	0.541108965874	
-0.948889553547	-0.055074300617	0.310765951872	
-0.222074449062	-0.583144366741	-0.781425356865	
0.212636679411	-0.808001995087	0.549471020699	
-0.956198394299	-0.0562921315432	0.287255734205	
-0.201172307134	-0.586484372616	-0.784579992294	
0.212848812342	-0.814690172672	0.539421319962	
-0.953425049782	-0.0524194650352	0.297040134668	
-0.21371948719	-0.577522456646	-0.787903428078	
0.250154852867	-0.806332111359	0.535958051682	
-0.944243967533	-0.0807842314243	0.319182187319	
-0.214069887996	-0.585920155048	-0.781582772732	
0.240092143416	-0.813723087311	0.529349148273	
-0.943136274815	-0.066393867135	0.325708240271	
-0.22989076376	-0.577448368073	-0.783392369747	
0.242420315742	-0.785504758358	0.569398462772	
-0.948205411434	-0.0676503553987	0.310370624065	
-0.205277606845	-0.615146875381	-0.761219680309	
0.225001171231	-0.816609680653	0.531529068947	
-0.950551152229	-0.0641125142574	0.303878456354	
-0.214072406292	-0.573618531227	-0.790654659271	
0.947428941727	-0.114779442549	0.298670500517	
-0.201178014278	-0.939544081688	0.277099758387	
0.248808756471	-0.322618275881	-0.913242399693	
0.944842875004	-0.131161630154	0.300114244223	
-0.214463084936	-0.940310895443	0.264236718416	
0.247542977333	-0.314025610685	-0.916575372219	
0.947354018688	-0.106887064874	0.301820337772	
-0.19071918726	-0.945541858673	0.263774096966	
0.257189720869	-0.307450383902	-0.916148304939	
0.949078917503	-0.10326962173	0.297631591558	
-0.191421076655	-0.939383387566	0.284458845854	
0.250214219093	-0.326946854591	-0.911316931248	
0.95235812664	-0.101958557963	0.287434339523	
-0.185387939215	-0.941887557507	0.280141204596	
0.242168039083	-0.320081591606	-0.915916144848	
0.943868935108	-0.133628979325	0.302084058523	
-0.216552600265	-0.940899193287	0.260410487652	
0.249432265759	-0.31121045351	-0.91702324152	
0.947002530098	-0.100428335369	0.305123507977	
-0.186161950231	-0.945678830147	0.266524523497	
0.261782199144	-0.309201776981	-0.914256155491	
0.941378593445	-0.134081676602	0.309561640024	
-0.220149278641	-0.939465939999	0.262560486794	
0.255618065596	-0.315318584442	-0.913911163807	
-0.9959384799	-0.0827819481492	-0.0354076400399	
0.0744429454207	-0.535902738571	-0.840991377831	
0.0506438538432	-0.840211510658	0.539888679981	
-0.995308458805	-0.084165468812	-0.0477201864123	
0.0868450626731	-0.559747755527	-0.824099719524	
0.042649473995	-0.824377715588	0.564431071281	
-0.994644105434	-0.102112367749	-0.0160062182695	
0.0704540237784	-0.556503415108	-0.827852725983	
0.0756264925003	-0.824546515942	0.560717105865	
-0.994663536549	-0.100970715284	-0.0211988054216	
0.0716274753213	-0.527930319309	-0.84626185894	
0.0742561668158	-0.843264222145	0.532345294952	
-0.99634718895	-0.0797403901815	-0.0305572226644	
0.0690267309546	-0.541373729706	-0.837943792343	
0.0502750910819	-0.836992204189	0.544900357723	
-0.995989322662	-0.0867280811071	-0.0219892691821	
0.0665508136153	-0.553843140602	-0.829957127571	
0.0598019845784	-0.828091800213	0.557393670082	
-0.9973513484	-0.0672071203589	-0.0278114397079	
0.0602708049119	-0.549604654312	-0.833247959614	
0.0407149009407	-0.832717180252	0.552199542522	
-0.995143830776	-0.0960253551602	-0.0216304305941	
0.0678619816899	-0.51013892889	-0.857410669327	
0.0712986439466	-0.854714810848	0.514178037643	
-0.989336788654	0.0678544864058	0.128873735666	
0.0706262513995	0.997357010841	0.0170554649085	
-0.127375841141	0.0259754676372	-0.991514325142	
-0.99054813385	0.0458493791521	0.129275843501	
0.052051499486	0.997629523277	0.0450108870864	
-0.126905679703	0.0513144508004	-0.990586578846	
-0.984299778938	0.0475289039314	0.169985219836	
0.0610450431705	0.995298922062	0.0751898065209	
-0.165612414479	0.0843860581517	-0.982573926449	
-0.985328197479	0.0366818346083	0.166681587696	
0.0490067638457	0.996311426163	0.0704409852624	
-0.163482874632	0.0775760188699	-0.983491361141	
-0.984310626984	0.066376298666	0.163483172655	
0.070578083396	0.99730527401	0.0200223997235	
-0.16171361506	0.0312465894967	-0.986342906952	
-0.982510447502	0.0563203282654	0.17748580873	
0.0634742602706	0.997373580933	0.0348857305944	
-0.175054877996	0.0455413758755	-0.983504831791	
-0.98549413681	0.0420811474323	0.164409428835	
0.0596909895539	0.992817759514	0.103681437671	
-0.158865571022	0.111991211772	-0.980928003788	
-0.988739669323	0.0567906983197	0.138450816274	
0.0644602999091	0.996587753296	0.0515528991818	
-0.135050669312	0.059896979481	-0.989026606083	
-0.876393914223	-0.480895996094	-0.0259378794581	
-0.225568696856	0.362302899361	0.904353559017	
-0.42550265789	0.798420727253	-0.425995141268	
-0.880816817284	-0.470873653889	-0.0493935756385	
-0.249016523361	0.37201076746	0.894202888012	
-0.402681618929	0.799928724766	-0.444928646088	
-0.872393608093	-0.485647141933	-0.0554635711014	
-0.254970133305	0.355311065912	0.899302124977	
-0.417036682367	0.798686981201	-0.433796614408	
-0.881797909737	-0.470102638006	-0.03789370507	
-0.232258915901	0.362920194864	0.902410507202	
-0.410473167896	0.804544866085	-0.429207801819	
-0.895547509193	-0.443328052759	-0.0381429865956	
-0.227856457233	0.383271276951	0.895089149475	
-0.382198989391	0.81028598547	-0.444252818823	
-0.884642779827	-0.466161668301	-0.0100224809721	
-0.226573646069	0.41098728776	0.883036732674	
-0.407518744469	0.783442854881	-0.469196885824	
-0.896413981915	-0.441871196032	-0.0345221683383	
-0.209019184113	0.352775424719	0.912063837051	
-0.390836179256	0.8248026371	-0.408592373133	
-0.8944054842	-0.44503685832	-0.0445092245936	
-0.22532273829	0.3623893857	0.904380202293	
-0.386352866888	0.818911552429	-0.424399971962	
0.880654513836	-0.464201062918	0.0946835577488	
0.00188689585775	0.203291103244	0.979116499424	
-0.47375524044	-0.862084746361	0.179905131459	
0.885321617126	-0.458945453167	0.0746638700366	
0.0170458815992	0.192500978708	0.981148719788	
-0.464666634798	-0.8673594594	0.178248405457	
0.885954380035	-0.459929466248	0.0595798380673	
0.0408737100661	0.205402821302	0.977823615074	
-0.461967766285	-0.86387181282	0.200776547194	
0.885693728924	-0.459688007832	0.0650655627251	
0.0347530804574	0.205397352576	0.978061437607	
-0.462967425585	-0.864001631737	0.197894722223	
0.89405721426	-0.4424302876	0.0701225623488	
0.0327001847327	0.220583215356	0.974819839001	
-0.44675770402	-0.869251668453	0.211681559682	
0.896454572678	-0.44052657485	0.0480163879693	
0.0306184049696	0.169672712684	0.985024690628	
-0.44207662344	-0.881559729576	0.165592089295	
0.885905623436	-0.459879368544	0.0606811009347	
0.0335088036954	0.193920642138	0.980444788933	
-0.462653636932	-0.86654818058	0.187205404043	
0.902032196522	-0.426877379417	0.0641377270222	
0.0308514013886	0.211953639984	0.976792633533	
-0.430564910173	-0.879119634628	0.204358756542	
0.206918805838	-0.364312678576	-0.907998263836	
0.676749825478	0.723527848721	-0.136077448726	
0.706536829472	-0.586330711842	0.396260052919	
0.20956286788	-0.375758737326	-0.902711927891	
0.667715072632	0.729430258274	-0.148620530963	
0.714310824871	-0.571609020233	0.403761267662	
0.201372399926	-0.373801738024	-0.905384659767	
0.680983424187	0.717819809914	-0.144900873303	
0.704067289829	-0.587372899055	0.399101883173	
0.207111805677	-0.349925041199	-0.913595736027	
0.660860359669	0.738614559174	-0.133087024093	
0.721365571022	-0.576195299625	0.384227365255	
0.207619175315	-0.347190082073	-0.914523541927	
0.66802418232	0.733270347118	-0.12672123313	
0.714589357376	-0.584614098072	0.384172350168	
0.205386608839	-0.344884067774	-0.915899157524	
0.687630951405	0.716781318188	-0.115707352757	
0.696405053139	-0.606035888195	0.384370267391	
0.209323868155	-0.377822637558	-0.901905536652	
0.658311963081	0.736460745335	-0.155727118254	
0.723055243492	-0.561137795448	0.402883976698	
0.20077188313	-0.353397518396	-0.913674354553	
0.665389180183	0.73370975256	-0.137576118112	
0.71899086237	-0.580327630043	0.382455170155	
-0.45888119936	0.859100043774	0.22666080296	
0.793242454529	0.281211853027	0.540079891682	
0.400242954493	0.427629470825	-0.81051748991	
-0.460726976395	0.850702047348	0.253054797649	
0.787200391293	0.25998800993	0.559215307236	
0.40993437171	0.456850409508	-0.789456486702	
-0.463431805372	0.845312178135	0.265853792429	
0.795917153358	0.265187799931	0.544234633446	
0.389546990395	0.463813245296	-0.795694947243	
-0.462227404118	0.85117328167	0.248696371913	
0.789508521557	0.2673214674	0.552463173866	
0.403760015965	0.451711535454	-0.795571863651	
-0.424602717161	0.87189334631	0.243956014514	
0.799685835838	0.234822273254	0.552594780922	
0.424517422915	0.429721444845	-0.796946942806	
-0.455152630806	0.847101867199	0.274325460196	
0.789470493793	0.241441860795	0.564306795597	
0.411791712046	0.473417580128	-0.778654873371	
-0.44826811552	0.85884565115	0.247870564461	
0.798876523972	0.26049515605	0.542160987854	
0.40106356144	0.441051483154	-0.802883327007	
-0.469754427671	0.85738068819	0.210307255387	
0.777709126472	0.28919300437	0.558153986931	
0.417731076479	0.425753206015	-0.802642464638	
-0.830423295498	-0.515610098839	0.211052894592	
0.540056705475	-0.838046789169	0.0775648728013	
0.136878967285	0.178392216563	0.974392294884	
-0.827988088131	-0.506449341774	0.240717276931	
0.538436889648	-0.837944209576	0.0890796333551	
0.156593337655	0.203367933631	0.966498851776	
-0.838076889515	-0.50936371088	0.195386171341	
0.53294980526	-0.840943276882	0.0936959832907	
0.116583354771	0.182655453682	0.9762403965	
-0.838789999485	-0.504830539227	0.203905567527	
0.534634888172	-0.834526121616	0.133160203695	
0.102941185236	0.220708474517	0.969892203808	
-0.823295414448	-0.53356128931	0.193641483784	
0.552412688732	-0.83160161972	0.0572625398636	
0.130479499698	0.154113993049	0.979399800301	
-0.840600550175	-0.488944649696	0.233074739575	
0.522844552994	-0.844861805439	0.11332295835	
0.141507297754	0.217121198773	0.965833365917	
-0.829544484615	-0.52447617054	0.19178289175	
0.551352024078	-0.82374727726	0.132103651762	
0.0886954143643	0.215325757861	0.972505986691	
-0.856742799282	-0.482922136784	0.181046754122	
0.506230056286	-0.854536771774	0.116181209683	
0.0986046269536	0.191188722849	0.976587951183	
-0.0310530569404	0.501679599285	0.864495992661	
0.574227333069	0.716886997223	-0.395393490791	
-0.818106770515	0.484139055014	-0.310339689255	
0.00769402133301	0.499394208193	0.866340696812	
0.573904514313	0.707271099091	-0.412796825171	
-0.818886041641	0.500372946262	-0.281162828207	
-0.00852308794856	0.520206511021	0.85399800539	
0.586056351662	0.694579839706	-0.417249143124	
-0.810225486755	0.496934682131	-0.310790270567	
0.00892567727715	0.51959836483	0.854364037514	
0.581377446651	0.692456662655	-0.427204936743	
-0.813585042953	0.500521063805	-0.295902103186	
0.00621258560568	0.490846782923	0.87122374773	
0.576348364353	0.710216939449	-0.404245525599	
-0.817180514336	0.504639804363	-0.278486460447	
0.0052638631314	0.47943675518	0.877560675144	
0.581937730312	0.712197721004	-0.392584860325	
-0.813216328621	0.512752175331	-0.275253415108	
-0.0248943343759	0.520980536938	0.853205502033	
0.57872569561	0.703425467014	-0.412636816502	
-0.815142214298	0.483499616385	-0.319016128778	
-0.00474405661225	0.49035140872	0.871511876583	
0.569066822529	0.7179646492	-0.400861203671	
-0.822277605534	0.494046777487	-0.282448768616	
0.738714635372	0.66682779789	0.098190844059	
-0.670999884605	0.713789284229	0.200658917427	
0.0637173652649	-0.214115723968	0.974727928638	
0.736511588097	0.664197444916	0.128033131361	
-0.67527538538	0.710938334465	0.196392148733	
0.0394195020199	-0.231102705002	0.972130477428	
0.732111990452	0.674998044968	0.0915949642658	
-0.677074968815	0.706339299679	0.206529021263	
0.0747095644474	-0.213219031692	0.97414380312	
0.717254936695	0.68970990181	0.099225230515	
-0.69230389595	0.689183831215	0.213871389627	
0.0791247859597	-0.22209431231	0.971809327602	
0.743276000023	0.657029807568	0.125907406211	
-0.667667508125	0.716750204563	0.201219365001	
0.0419629476964	-0.233625814319	0.971420645714	
0.715627253056	0.684670567513	0.138216838241	
-0.697725772858	0.691508293152	0.187069639564	
0.0325029790401	-0.230309575796	0.972574472427	
0.726641893387	0.676953196526	0.117157720029	
-0.684029221535	0.696999669075	0.215163871646	
0.0639969781041	-0.236486375332	0.969524919987	
0.703283429146	0.702652812004	0.108034543693	
-0.709224283695	0.683009564877	0.174639344215	
0.0489221997559	-0.199441671371	0.978687703609	
-0.218429163098	-0.954924345016	-0.201017901301	
-0.919742763042	0.270297586918	-0.284626841545	
0.326131761074	0.122713968158	-0.937325656414	
-0.19530723989	-0.958861231804	-0.206010237336	
-0.925631761551	0.249642297626	-0.284402042627	
0.324130982161	0.135143846273	-0.936309397221	
-0.204647704959	-0.965690433979	-0.159879118204	
-0.930431008339	0.242643356323	-0.274631232023	
0.304002344608	0.0925538390875	-0.948164761066	
-0.184367775917	-0.970500528812	-0.155361548066	
-0.923956096172	0.225038632751	-0.309293985367	
0.335132330656	0.0865234062076	-0.938189744949	
-0.181711316109	-0.962193727493	-0.202889740467	
-0.926795661449	0.236538484693	-0.291717976332	
0.328680455685	0.135028868914	-0.934738636017	
-0.195640340447	-0.956832408905	-0.214933827519	
-0.924159944057	0.253210812807	-0.286029189825	
0.328105568886	0.142674386501	-0.933804452419	
-0.18072552979	-0.97351193428	-0.140045896173	
-0.927688121796	0.216024771333	-0.304512798786	
0.326700210571	0.0748856812716	-0.942156612873	
-0.201332077384	-0.966743171215	-0.157711938024	
-0.923302233219	0.2410633564	-0.299000829458	
0.327075570822	0.0854173228145	-0.941129863262	
0.0973375365138	0.851478755474	0.515276014805	
0.929401755333	-0.262960612774	0.258967399597	
0.356002539396	0.453691154718	-0.816961765289	
0.0980749949813	0.868332564831	0.486189067364	
0.920263469219	-0.26509398222	0.287819951773	
0.378809243441	0.419194102287	-0.825093865395	
0.0740231573582	0.874729812145	0.478924155235	
0.929249644279	-0.234807565808	0.28523761034	
0.361960858107	0.42392590642	-0.830223560333	
0.088869780302	0.867098510265	0.490145236254	
0.920528948307	-0.259451031685	0.292081594467	
0.380432188511	0.425235629082	-0.821246623993	
0.10458342731	0.852188527584	0.512676298618	
0.924956858158	-0.27275171876	0.264690876007	
0.365399867296	0.446521162987	-0.816762983799	
0.0819594040513	0.879022717476	0.469682604074	
0.918915331364	-0.249101027846	0.305848449469	
0.385846167803	0.406531393528	-0.82816362381	
0.110507130623	0.87094694376	0.478789746761	
0.928958773613	-0.261763423681	0.261754751205	
0.35330414772	0.415850162506	-0.83800047636	
0.0971080362797	0.877796769142	0.469087272882	
0.928771853447	-0.249315455556	0.27427110076	
0.357704997063	0.409041136503	-0.839483439922	
0.931618452072	-0.038520719856	-0.361390650272	
0.00159496790729	-0.993924319744	0.110054261982	
-0.36343434453	-0.10310498625	-0.925896763802	
0.931954979897	-0.0301304534078	-0.361319988966	
0.0194150283933	-0.990964233875	0.132713764906	
-0.362053900957	-0.130698278546	-0.922949016094	
0.930324316025	-0.0420564040542	-0.364318519831	
0.00480148941278	-0.991920888424	0.126767009497	
-0.366706520319	-0.11968369782	-0.922606170177	
0.927240669727	-0.0430423133075	-0.371984004974	
0.00779972271994	-0.990936636925	0.134103685617	
-0.374384701252	-0.12724776566	-0.918501019478	
0.937249541283	-0.0229818224907	-0.347901105881	
0.0227075703442	-0.991683244705	0.126683548093	
-0.347919136286	-0.126634076238	-0.928932785988	
0.936280846596	-0.0484228394926	-0.347898542881	
-0.0136742377654	-0.994726061821	0.101651854813	
-0.350986003876	-0.0904174372554	-0.932005107403	
0.923245668411	-0.0307373814285	-0.38297867775	
0.0236586257815	-0.990354955196	0.136518403888	
-0.3834810853	-0.135100781918	-0.913613736629	
0.92864304781	-0.042518991977	-0.3685297966	
0.00891485437751	-0.990565419197	0.136750295758	
-0.370867371559	-0.130277603865	-0.919502675533	
0.806860685349	-0.573518931866	0.141604572535	
0.166198790073	-0.00964089855552	-0.986045122147	
0.566880762577	0.819135606289	0.0875392854214	
0.814712703228	-0.567274868488	0.120176889002	
0.135825335979	-0.0147922867909	-0.990622341633	
0.563732862473	0.82339566946	0.0649988278747	
0.80736631155	-0.576124548912	0.127436682582	
0.134418144822	-0.0307134930044	-0.990448594093	
0.574535787106	0.81678467989	0.0526445508003	
0.806787312031	-0.578496992588	0.120147585869	
0.134844914079	-0.0177011881024	-0.990708589554	
0.575248658657	0.815492451191	0.0637262761593	
0.818636775017	-0.557349324226	0.13854816556	
0.161826133728	-0.00760942697525	-0.986789941788	
0.551040947437	0.830243229866	0.0839643254876	
0.836874008179	-0.539893090725	0.0903176888824	
0.128722757101	0.033729352057	-0.99110686779	
0.532045423985	0.841057538986	0.0977237448096	
0.804803848267	-0.578003287315	0.134918376803	
0.142458677292	-0.0325582064688	-0.989265143871	
0.576191186905	0.815384685993	0.0561386086047	
0.845073699951	-0.522963881493	0.11117195338	
0.127820953727	-0.0042849755846	-0.991788029671	
0.519145667553	0.852344036102	0.0632246211171	
0.202760860324	0.978172421455	-0.045461717993	
-0.677786946297	0.106684975326	-0.727477252483	
-0.706748127937	0.178317263722	0.684624016285	
0.186407580972	0.981144011021	-0.0510746836662	
-0.691534519196	0.0941026210785	-0.716187596321	
-0.697876930237	0.168822705746	0.696036398411	
0.226164400578	0.973158240318	-0.0425762161613	
-0.66157990694	0.121378012002	-0.739986121655	
-0.714955747128	0.195526078343	0.671273291111	
0.211555704474	0.975876510143	-0.0539368614554	
-0.685102820396	0.108709737659	-0.720289051533	
-0.697049677372	0.189333543181	0.691573917866	
0.173711493611	0.984609484673	-0.0191947221756	
-0.671137154102	0.104097656906	-0.733988106251	
-0.720693588257	0.140384465456	0.678891003132	
0.182496741414	0.979495465755	-0.0853441059589	
-0.668186783791	0.0598802566528	-0.741579890251	
-0.721263706684	0.192361727357	0.665413856506	
0.158425033092	0.986317157745	-0.0456073507667	
-0.665519177914	0.0725483074784	-0.742846548557	
-0.729373514652	0.148038044572	0.667906463146	
0.229821369052	0.972396671772	-0.0403335392475	
-0.674171328545	0.129174426198	-0.727191150188	
-0.701908230782	0.19431579113	0.68524903059	
-0.486408382654	-0.848558485508	0.208219602704	
0.365653842688	0.0187426004559	0.930562198162	
-0.793538987637	0.528769552708	0.30116212368	
-0.475381523371	-0.853487491608	0.213474869728	
0.340991973877	0.0449331253767	0.938991725445	
-0.811009764671	0.519172549248	0.269671976566	
-0.489441543818	-0.847771286964	0.204281300306	
0.387493431568	-0.00157395447604	0.921871125698	
-0.781214356422	0.530359685421	0.329276174307	
-0.488312274218	-0.841884315014	0.229743227363	
0.383896708488	0.029186822474	0.922914624214	
-0.783692836761	0.538868188858	0.308944314718	
-0.494582891464	-0.834004104137	0.244591295719	
0.353696376085	0.0639252141118	0.933173298836	
-0.79390591383	0.548042595387	0.263367921114	
-0.490623027086	-0.839351534843	0.234047010541	
0.365069240332	0.045888915658	0.929848730564	
-0.791210174561	0.541648566723	0.283907264471	
-0.520114660263	-0.829060077667	0.20528075099	
0.385182529688	-0.0131679158658	0.922746479511	
-0.762309134007	0.559004485607	0.32618829608	
-0.490257352591	-0.834516525269	0.251455485821	
0.383715748787	0.0523818619549	0.921964406967	
-0.782566249371	0.548487246037	0.294536560774	
-0.291896253824	-0.175480231643	0.940214455128	
0.881011545658	-0.431985706091	0.192891106009	
0.372310638428	0.884644031525	0.280695110559	
-0.302090108395	-0.19798091054	0.932494044304	
0.868384003639	-0.460687488317	0.183510959148	
0.393256664276	0.865199744701	0.311092585325	
-0.259993493557	-0.168142288923	0.950858294964	
0.876903653145	-0.453397005796	0.159596905112	
0.404281318188	0.875305294991	0.265324860811	
-0.273516446352	-0.18238170445	0.94441819191	
0.869871854782	-0.465935558081	0.161947473884	
0.410501748323	0.865818083286	0.286089748144	
-0.266405075788	-0.164736896753	0.949678957462	
0.874550879002	-0.45552277565	0.166312396526	
0.40520259738	0.874849021435	0.265424370766	
-0.273754388094	-0.168835073709	0.946864962578	
0.876029789448	-0.450155645609	0.173007711768	
0.397026836872	0.876843571663	0.271136641502	
-0.266163259745	-0.146351292729	0.952753067017	
0.874824464321	-0.451725274324	0.175003945827	
0.404770582914	0.880071341991	0.248264357448	
-0.276988297701	-0.177214473486	0.944389998913	
0.876728713512	-0.448826283216	0.172921210527	
0.393222928047	0.875871002674	0.27968865633	
0.167236715555	0.644487679005	-0.746101558208	
0.762378871441	-0.564379394054	-0.316629648209	
-0.625148236752	-0.51585996151	-0.585728764534	
0.175472825766	0.651281297207	-0.73826956749	
0.758745014668	-0.567300975323	-0.320118039846	
-0.62730795145	-0.503986358643	-0.593702375889	
0.147545203567	0.629096329212	-0.763196051121	
0.74842351675	-0.575479984283	-0.329674184322	
-0.646600842476	-0.522552013397	-0.555739820004	
0.165946394205	0.633482635021	-0.755752325058	
0.746221005917	-0.581685006618	-0.323723345995	
-0.644682884216	-0.510237514973	-0.569246530533	
0.139395534992	0.623195588589	-0.769542813301	
0.769545614719	-0.557251989841	-0.311880975962	
-0.623192071915	-0.548723518848	-0.557255923748	
0.169608861208	0.636570513248	-0.752336919308	
0.769527554512	-0.562462568283	-0.302428841591	
-0.615678608418	-0.527649343014	-0.585257172585	
0.134916841984	0.615586400032	-0.776434719563	
0.763357162476	-0.564165711403	-0.314647197723	
-0.631730377674	-0.550245821476	-0.546027719975	
0.156642198563	0.62656056881	-0.763469099998	
0.739666640759	-0.586672723293	-0.329709500074	
-0.654489457607	-0.513066232204	-0.555343687534	
-0.200973406434	-0.920199155807	-0.335921496153	
0.452203452587	-0.391343146563	0.801475226879	
-0.868977427483	0.00917035154998	0.494766801596	
-0.187504723668	-0.916642248631	-0.352999925613	
0.478852152824	-0.399079531431	0.78194385767	
-0.857637822628	-0.022416613996	0.513765394688	
-0.19786913693	-0.912762999535	-0.357367485762	
0.419380843639	-0.408353149891	0.810781955719	
-0.885983943939	0.0105556491762	0.46359577775	
-0.184871390462	-0.915475130081	-0.357390314341	
0.433598667383	-0.402331262827	0.806301295757	
-0.881938040257	-0.00590193318203	0.471328347921	
-0.176274299622	-0.927071452141	-0.330856353045	
0.454093784094	-0.374804377556	0.80828243494	
-0.873341977596	-0.00776038551703	0.487045764923	
-0.178494483232	-0.918631374836	-0.352499842644	
0.45679974556	-0.394671916962	0.797225236893	
-0.871477901936	-0.018721524626	0.490077346563	
-0.183887034655	-0.91783207655	-0.351809322834	
0.411660790443	-0.396923065186	0.820358157158	
-0.892592251301	0.0060271108523	0.45082449913	
-0.202255174518	-0.913177847862	-0.353834837675	
0.421921521425	-0.407302111387	0.809992134571	
-0.883784532547	0.0145345591009	0.467668354511	
0.92900544405	0.0579071752727	-0.36550745368	
0.156666249037	0.83326613903	0.530210494995	
0.335267961025	-0.549831092358	0.765036702156	
0.931353628635	0.00275403051637	-0.364105582237	
0.201850771904	0.828349113464	0.522583961487	
0.303045749664	-0.560205459595	0.770930051804	
0.947772741318	0.0254542082548	-0.317929148674	
0.154742538929	0.834934353828	0.528147101402	
0.278893560171	-0.549760580063	0.787389159203	
0.945288181305	-0.000572958961129	-0.326235949993	
0.180725902319	0.833453655243	0.522200345993	
0.271603345871	-0.552589118481	0.787957429886	
0.940046429634	0.0299546793103	-0.33972838521	
0.162249565125	0.83690649271	0.522745251656	
0.299979567528	-0.546525597572	0.78187084198	
0.935251116753	0.00519746122882	-0.353946745396	
0.189154818654	0.837829053402	0.512116134167	
0.299208581448	-0.545907914639	0.7825974226	
0.948052167892	-0.00762091483921	-0.318023532629	
0.181141346693	0.834742665291	0.519992828369	
0.261504977942	-0.550587534904	0.792760074139	
0.944150090218	-0.00530188065022	-0.329473018646	
0.185679391026	0.834574878216	0.518659770489	
0.272220015526	-0.550868988037	0.78894841671	
-0.059125252068	-0.0419566147029	0.997368454933	
-0.83363455534	0.551694154739	-0.0262106116861	
-0.549142599106	-0.832990527153	-0.0675955414772	
-0.0950604751706	-0.0375135876238	0.994764387608	
-0.873947262764	0.481606781483	-0.0653532072902	
-0.476633638144	-0.875584185123	-0.0785666704178	
-0.0793385729194	-0.0243672356009	0.996549844742	
-0.83980935812	0.540223836899	-0.0536506213248	
-0.537052690983	-0.84116846323	-0.0633244216442	
-0.062477838248	-0.0140458131209	0.997947514057	
-0.868495762348	0.49342238903	-0.0474285669625	
-0.491743475199	-0.869676411152	-0.0430266931653	
-0.0478874668479	-0.0209815781564	0.998632371426	
-0.841547131538	0.539403498173	-0.0290217138827	
-0.538056850433	-0.84178596735	-0.0434876531363	
-0.0474572815001	0.00125250034034	0.998872458935	
-0.866743445396	0.496999323368	-0.0418029129505	
-0.496491312981	-0.867750048637	-0.0225006397814	
-0.0827814266086	-0.0212647132576	0.996340811253	
-0.845452785492	0.530790448189	-0.0589162670076	
-0.527595341206	-0.847236275673	-0.0619178973138	
-0.0945933237672	-0.0227775536478	0.995255410671	
-0.852445662022	0.518221259117	-0.0691599920392	
-0.514187216759	-0.854943215847	-0.0684368982911	
0.933064758778	-0.0717143490911	-0.352487176657	
-0.12118306011	0.859971523285	-0.495745539665	
0.338681012392	0.505278170109	0.793718576431	
0.931984007359	-0.120154425502	-0.342006921768	
-0.0873503535986	0.841229379177	-0.533575713634	
0.351817756891	0.527158439159	0.773516833782	
0.909322082996	-0.081982858479	-0.407936513424	
-0.142410606146	0.859867751598	-0.490251600742	
0.390963673592	0.50389111042	0.770221531391	
0.916075050831	-0.0773168504238	-0.393482595682	
-0.136982440948	0.861877560616	-0.488265186548	
0.376884967089	0.501187801361	0.778953492641	
0.910153985023	-0.10224340111	-0.401454925537	
-0.129992410541	0.849635779858	-0.511097848415	
0.393346846104	0.517363846302	0.760008513927	
0.914786458015	-0.123187884688	-0.384695261717	
-0.106173507869	0.845546662807	-0.523238062859	
0.389734387398	0.519495546818	0.760415375233	
0.92651116848	-0.0991956591606	-0.362956225872	
-0.10214754194	0.86208742857	-0.496357828379	
0.362136542797	0.496956169605	0.788601100445	
0.935205936432	-0.115558378398	-0.33471801877	
-0.0810646340251	0.850281715393	-0.520047605038	
0.344700485468	0.513485372066	0.785820782185	
-0.954912722111	0.262167394161	-0.139319479465	
-0.276704549789	-0.955983221531	0.0976250320673	
-0.107592985034	0.131773710251	0.985423505306	
-0.957512676716	0.250813663006	-0.142344757915	
-0.261421948671	-0.963283002377	0.0611915402114	
-0.121770612895	0.0958037152886	0.98792386055	
-0.967704594135	0.227710932493	-0.108145788312	
-0.235679164529	-0.969479501247	0.0675638839602	
-0.0894600898027	0.0908695906401	0.991836488247	
-0.955962657928	0.255095869303	-0.145125746727	
-0.266059964895	-0.961983799934	0.0616382285953	
-0.123884961009	0.0975359976292	0.987491369247	
-0.964071571827	0.246825307608	-0.0982000529766	
-0.256898880005	-0.960359156132	0.108227550983	
-0.0675940290093	0.129566594958	0.989264130592	
-0.967688024044	0.222418636084	-0.118784792721	
-0.233504414558	-0.968250334263	0.0892582014203	
-0.0951607227325	0.114110864699	0.988899946213	
-0.95673418045	0.240456625819	-0.163830280304	
-0.257376343012	-0.962010920048	0.091062836349	
-0.13570985198	0.129288971424	0.982276558876	
-0.955116987228	0.242519557476	-0.170105144382	
-0.257479637861	-0.963605225086	0.0718970969319	
-0.146477743983	0.112468749285	0.982799589634	
0.217665657401	0.259882330894	0.940788388252	
-0.136810332537	-0.946259260178	0.293046742678	
0.96638739109	-0.192495793104	-0.170413553715	
0.196451440454	0.261273235083	0.94506251812	
-0.124049320817	-0.949476897717	0.288279980421	
0.972634851933	-0.173867374659	-0.154115349054	
0.185110524297	0.227341786027	0.956059515476	
-0.16121172905	-0.952668011189	0.257748842239	
0.969404399395	-0.201840028167	-0.139698714018	
0.202641397715	0.242634475231	0.948717534542	
-0.126102715731	-0.954285442829	0.270993381739	
0.971099674702	-0.17455033958	-0.162780866027	
0.201963499188	0.264900922775	0.942888259888	
-0.141895294189	-0.944655239582	0.295790821314	
0.969059586525	-0.193530365825	-0.153197690845	
0.201575666666	0.264759898186	0.943010866642	
-0.16022695601	-0.94089114666	0.298414498568	
0.966278731823	-0.211248844862	-0.147239074111	
0.210256636143	0.240810185671	0.947524487972	
-0.13136331737	-0.953441739082	0.271463692188	
0.968780577183	-0.181547001004	-0.168833822012	
0.193313628435	0.23291733861	0.953089356422	
-0.153795570135	-0.952210783958	0.263896763325	
0.969008147717	-0.197595760226	-0.148253664374	
-0.353488117456	0.840302526951	0.411020457745	
-0.239939942956	-0.506136059761	0.828405201435	
0.904143214226	0.194211170077	0.380535215139	
-0.33532255888	0.844294369221	0.418002128601	
-0.235486671329	-0.504720926285	0.83054369688	
0.912197768688	0.180066093802	0.368064373732	
-0.336399883032	0.846423685551	0.412797808647	
-0.233195841312	-0.499565094709	0.834298729897	
0.91238963604	0.184395268559	0.36543610692	
-0.320989876986	0.857690691948	0.401661813259	
-0.246131926775	-0.485078424215	0.839117407799	
0.91454064846	0.170486390591	0.366810321808	
-0.331884652376	0.853692293167	0.401325315237	
-0.251768380404	-0.490169107914	0.834474027157	
0.909101366997	0.175908088684	0.377612322569	
-0.336801677942	0.846371650696	0.412576913834	
-0.235678359866	-0.500007271767	0.833335757256	
0.911603152752	0.183433413506	0.367874741554	
-0.331347107887	0.850831270218	0.407793104649	
-0.26286444068	-0.498342931271	0.826169848442	
0.906151950359	0.166554689407	0.388777792454	
-0.329174876213	0.851928949356	0.407260328531	
-0.246508896351	-0.493871182203	0.833861291409	
0.911524713039	0.174092888832	0.372578054667	
0.629948377609	0.180291101336	-0.755420565605	
0.486680090427	-0.849651396275	0.20306403935	
-0.605233490467	-0.495568007231	-0.622980594635	
0.607516884804	0.193768024445	-0.77030980587	
0.521765351295	-0.82856553793	0.203076422215	
-0.598902463913	-0.525293290615	-0.604469001293	
0.636552274227	0.17878511548	-0.750224709511	
0.489204525948	-0.845617949963	0.213563144207	
-0.5962215662	-0.50295740366	-0.62574249506	
0.639258503914	0.184219121933	-0.746600210667	
0.483830928802	-0.850982785225	0.204293698072	
-0.597709178925	-0.491824775934	-0.633128881454	
0.634304523468	0.186764866114	-0.750184416771	
0.499934881926	-0.83926653862	0.213768064976	
-0.589680314064	-0.510637402534	-0.625720858574	
0.642566263676	0.193105190992	-0.741497814655	
0.505516290665	-0.834071934223	0.220855817199	
-0.575814068317	-0.516753733158	-0.633564293385	
0.627812683582	0.190786108375	-0.754620373249	
0.502069890499	-0.840105175972	0.205302461982	
-0.594791650772	-0.507763624191	-0.623216629028	
0.624741911888	0.177050799131	-0.760493636131	
0.50771188736	-0.832066595554	0.223369181156	
-0.593233644962	-0.525659739971	-0.609717667103	
-0.3679882586	0.805115640163	-0.46515956521	
0.114327587187	0.535644292831	0.836668610573	
0.922775089741	0.25470367074	-0.289157748222	
-0.36043253541	0.806217432022	-0.469150066376	
0.101216427982	0.533790051937	0.839537620544	
0.927277505398	0.25511097908	-0.273997753859	
-0.322902292013	0.821975111961	-0.469138562679	
0.0925291031599	0.520734548569	0.848689496517	
0.941898345947	0.23063480854	-0.24420298636	
-0.330504059792	0.81042188406	-0.483718395233	
0.102355763316	0.540274441242	0.835240602493	
0.938237905502	0.226539030671	-0.261514246464	
-0.332625180483	0.804203808308	-0.492561370134	
0.0684914588928	0.541522979736	0.837891280651	
0.940568685532	0.244967475533	-0.235205277801	
-0.307554423809	0.801432490349	-0.512948513031	
0.0710570663214	0.556916356087	0.827523469925	
0.948873639107	0.218059897423	-0.228229537606	
-0.338547825813	0.796067893505	-0.501658499241	
0.0886079072952	0.557743608952	0.825270116329	
0.936767876148	0.234942480922	-0.259360790253	
-0.316715240479	0.814448297024	-0.486174225807	
0.102884545922	0.539034128189	0.835976660252	
0.942924320698	0.214746743441	-0.254514455795	
0.74186694622	0.517353355885	-0.426589876413	
-0.266405552626	-0.356414139271	-0.895542860031	
-0.615354776382	0.778019547462	-0.126586064696	
0.7636282444	0.485364258289	-0.425785660744	
-0.268720954657	-0.360713630915	-0.893126368523	
-0.587078273296	0.796434104443	-0.145023569465	
0.751316070557	0.493078887463	-0.438631206751	
-0.298520117998	-0.338842779398	-0.89222830534	
-0.588565945625	0.801285743713	-0.107384063303	
0.75067871809	0.481505513191	-0.452364802361	
