-0.51390427351	-0.0668047368526	0.855242371559	
-0.777222633362	0.458219379187	-0.43123075366	
-0.363080382347	-0.886325061321	-0.287403047085	
-0.510379135609	-0.0748543217778	0.856685459614	
-0.779238402843	0.461619496346	-0.42390447855	
-0.363731622696	-0.883914172649	-0.293930321932	
-0.521439194679	-0.0727877020836	0.85017824173	
-0.77287364006	0.462536841631	-0.434426099062	
-0.361617892981	-0.883607149124	-0.297440558672	
-0.514553129673	-0.07136593014	0.854483485222	
-0.774646520615	0.465955764055	-0.427560538054	
-0.367638230324	-0.881925225258	-0.295042365789	
-0.511923253536	-0.064378798008	0.856615364552	
-0.775820612907	0.462799578905	-0.42885774374	
-0.368831902742	-0.884122133255	-0.286864280701	
-0.511093735695	-0.073946274817	0.856338202953	
-0.775574326515	0.469125390053	-0.422381132841	
-0.370496481657	-0.880030274391	-0.297117888927	
-0.516796648502	-0.0716803148389	0.853102087975	
-0.771493673325	0.470950424671	-0.427788764238	
-0.371104747057	-0.879242658615	-0.298686504364	
-0.510500729084	-0.0721448436379	0.85684543848	
-0.776092767715	0.467699617147	-0.423009544611	
-0.37022832036	-0.880938231945	-0.294752061367	
-0.149999454618	0.709998011589	-0.688042879105	
-0.860517084599	0.248921111226	0.444464445114	
0.486837267876	0.658742070198	0.573627412319	
-0.147638037801	0.710358977318	-0.688180983067	
-0.855398535728	0.257574379444	0.449387073517	
0.496483951807	0.655015647411	0.569612324238	
-0.140538930893	0.708307445049	-0.691772639751	
-0.860617518425	0.258032292128	0.439040839672	
0.48947557807	0.657053947449	0.573318183422	
-0.139050900936	0.710739076138	-0.689575791359	
-0.859053969383	0.259835094213	0.441035151482	
0.492636919022	0.653709173203	0.574432909489	
-0.144436582923	0.710882544518	-0.688319802284	
-0.86079698801	0.252805620432	0.441721528769	
0.488023221493	0.656304299831	0.575411140919	
-0.14789173007	0.711222410202	-0.68723410368	
-0.857599675655	0.253875881433	0.447291702032	
0.492596060038	0.655522465706	0.572397947311	
-0.143592894077	0.707436561584	-0.692036569118	
-0.859874367714	0.256975322962	0.441111922264	
0.489895015955	0.658405065536	0.571406722069	
-0.143090367317	0.709435939789	-0.690091133118	
-0.857893764973	0.258771330118	0.443909525871	
0.493501156569	0.655544042587	0.571593046188	
0.781625568867	0.252130508423	0.570518791676	
0.216780602932	0.747839272022	-0.62748914957	
-0.584865510464	0.614138960838	0.529873251915	
0.778998672962	0.268238425255	0.566753268242	
0.208518698812	0.741608023643	-0.637602925301	
-0.591338336468	0.614870488644	0.521778941154	
0.773782789707	0.255101710558	0.579813122749	
0.221046328545	0.749046266079	-0.624554395676	
-0.593631744385	0.611434996128	0.523209869862	
0.775531947613	0.254798322916	0.577605426311	
0.219946220517	0.748559474945	-0.625525653362	
-0.59175491333	0.612157225609	0.524489879608	
0.778367638588	0.259651839733	0.571598410606	
0.209208771586	0.751150906086	-0.626102209091	
-0.591925263405	0.606921136379	0.530350089073	
0.779247760773	0.260829508305	0.569860458374	
0.219035714865	0.738592624664	-0.637576878071	
-0.587193608284	0.621650159359	0.518415629864	
0.775306403637	0.261216104031	0.575035810471	
0.21263615787	0.749357640743	-0.627095639706	
-0.594714939594	0.60846465826	0.525437772274	
0.775967299938	0.255420029163	0.576745510101	
0.220460698009	0.746861517429	-0.627371490002	
-0.5909922719	0.613969445229	0.523230016232	
0.946530818939	0.0884688794613	-0.310246109962	
-0.191055059433	0.928609788418	-0.318090826273	
0.259956419468	0.360356867313	0.895860254765	
0.949486672878	0.0812782123685	-0.303098917007	
-0.181572675705	0.930065214634	-0.319390058517	
0.255942314863	0.358291089535	0.897842407227	
0.949546575546	0.0915050432086	-0.299980223179	
-0.187650218606	0.932153701782	-0.309639960527	
0.25129404664	0.350308895111	0.902294278145	
0.95366948843	0.0862493291497	-0.288228392601	
-0.181733176112	0.928640246391	-0.323419839144	
0.239765748382	0.360816270113	0.901290178299	
0.949336588383	0.0851273462176	-0.302511811256	
-0.18615372479	0.927884101868	-0.323075741529	
0.253193318844	0.363021314144	0.896721065044	
0.951092243195	0.0892118960619	-0.295744389296	
-0.186951473355	0.928384006023	-0.32117331028	
0.245911866426	0.360755294561	0.899657130241	
0.949543952942	0.0921363458037	-0.299795180559	
-0.190769642591	0.928389728069	-0.318903476	
0.248944178224	0.36000469327	0.899123668671	
0.950591444969	0.0908075645566	-0.296866714954	
-0.1901897192	0.926143705845	-0.325708031654	
0.245364487171	0.366076260805	0.897654950619	
-0.609424710274	0.389459729195	-0.69059586525	
0.729731619358	-0.0650302842259	-0.680634140968	
-0.309989243746	-0.918744921684	-0.244570016861	
-0.611613512039	0.386327624321	-0.690420091152	
0.732563316822	-0.0530464909971	-0.678628802299	
-0.298797398806	-0.920834958553	-0.250565499067	
-0.598377525806	0.387397259474	-0.701332807541	
0.741274535656	-0.0645181387663	-0.668093919754	
-0.304066449404	-0.91965252161	-0.248561516404	
-0.600011944771	0.391694426537	-0.697539329529	
0.742823839188	-0.0509030334651	-0.667548954487	
-0.296982079744	-0.918686211109	-0.260417550802	
-0.611767470837	0.379945576191	-0.693816900253	
0.731585741043	-0.0618471391499	-0.67893832922	
-0.300870209932	-0.922938942909	-0.240126699209	
-0.617105722427	0.384877026081	-0.686330974102	
0.727146029472	-0.0544215366244	-0.684322237968	
-0.300731092691	-0.921362042427	-0.246277958155	
-0.609386444092	0.382449567318	-0.694536209106	
0.732203483582	-0.0646115317941	-0.678014338017	
-0.304181337357	-0.921714544296	-0.240657508373	
-0.607899844646	0.392617434263	-0.690151691437	
0.734361469746	-0.0525277815759	-0.676723062992	
-0.301945418119	-0.918200612068	-0.256391495466	
0.593303859234	0.536756575108	-0.599902451038	
-0.688200354576	0.724809587002	-0.0321146287024	
0.417577296495	0.431906819344	0.799428343773	
0.594790458679	0.533724009991	-0.601134777069	
-0.685541749001	0.727304816246	-0.0325612612069	
0.419829457998	0.431470096111	0.798484027386	
0.586532831192	0.537811517715	-0.605588972569	
-0.688176453114	0.725194692612	-0.0224904809147	
0.427074313164	0.429943501949	0.79545968771	
0.594390273094	0.536049544811	-0.599458992481	
-0.686726391315	0.726232886314	-0.0315061956644	
0.418457984924	0.430391281843	0.799785137177	
0.596620261669	0.532504856586	-0.600402235985	
-0.681027591228	0.731731534004	-0.027755158022	
0.424553483725	0.42544978857	0.799216389656	
0.592971563339	0.536141932011	-0.600779891014	
-0.686622738838	0.726417720318	-0.0294363293797	
0.420635133982	0.429964065552	0.798872351646	
0.595882058144	0.530293703079	-0.603086411953	
-0.680349290371	0.732342422009	-0.0282735005021	
0.426672488451	0.427157074213	0.797174632549	
0.590664863586	0.529219567776	-0.609131872654	
-0.688689053059	0.724019229412	-0.0387752652168	
0.420502573252	0.442405641079	0.792120456696	
0.229323193431	-0.81523668766	0.53178948164	
-0.94851064682	-0.064528785646	0.310102552176	
-0.218491241336	-0.57552164793	-0.788058638573	
0.226797550917	-0.817130565643	0.529962718487	
-0.948610126972	-0.0620357729495	0.310306966305	
-0.220684662461	-0.573104858398	-0.789207875729	
0.224172577262	-0.816041231155	0.532750785351	
-0.950798630714	-0.0631839260459	0.303298085928	
-0.213842466474	-0.574529826641	-0.79005497694	
0.223334893584	-0.819071173668	0.528435409069	
-0.950176715851	-0.0619955472648	0.305484563112	
-0.217452943325	-0.570332348347	-0.792108058929	
0.234596863389	-0.816717624664	0.527196884155	
-0.947353363037	-0.0705100744963	0.312329798937	
-0.217912569642	-0.572713375092	-0.790261685848	
0.231499180198	-0.818574130535	0.525684773922	
-0.946755826473	-0.0652895122766	0.315262854099	
-0.22374433279	-0.5706782341	-0.790104329586	
0.232879385352	-0.809895992279	0.538363873959	
-0.94835203886	-0.0665123835206	0.310168534517	
-0.215396374464	-0.582790315151	-0.783555865288	
0.227735996246	-0.819623529911	0.5256934762	
-0.949189245701	-0.0664384067059	0.307612895966	
-0.217200517654	-0.569037139416	-0.793108224869	
0.947585940361	-0.115286193788	0.29797655344	
-0.198694005609	-0.942984342575	0.267022907734	
0.250203162432	-0.312233299017	-0.916465342045	
0.946712315083	-0.121564649045	0.298258036375	
-0.20379191637	-0.94318318367	0.262439131737	
0.249408647418	-0.309236943722	-0.917697012424	
0.947519361973	-0.112670563161	0.299186259508	
-0.195024162531	-0.945248901844	0.26166793704	
0.253323197365	-0.306283980608	-0.917615115643	
0.948071420193	-0.112566143274	0.297471821308	
-0.196443289518	-0.942803144455	0.269318163395	
0.250141263008	-0.313769191504	-0.915957570076	
0.949273943901	-0.111334718764	0.294080883265	
-0.193829581141	-0.943594753742	0.268438100815	
0.247606709599	-0.311822861433	-0.917309880257	
0.946168839931	-0.122637212276	0.299540698528	
-0.204657107592	-0.943639755249	0.260114341974	
0.250758826733	-0.307415217161	-0.917941093445	
0.947491407394	-0.110980004072	0.299905866385	
-0.193719595671	-0.945374667645	0.262182116508	
0.254426419735	-0.306512951851	-0.917233347893	
0.945794582367	-0.122187465429	0.300903320313	
-0.205203473568	-0.942977368832	0.262078553438	
0.251722335815	-0.309618890285	-0.916936218739	
-0.994868576527	-0.0969885215163	-0.0288043059409	
0.0761924237013	-0.53089171648	-0.84400755167	
0.0665670782328	-0.841871261597	0.53555727005	
-0.994688987732	-0.0972989574075	-0.0335674993694	
0.0810472667217	-0.539393365383	-0.838144481182	
0.0634444952011	-0.836413621902	0.544414460659	
-0.994289934635	-0.104394607246	-0.0221188571304	
0.0752521380782	-0.538971304893	-0.838955938816	
0.0756610482931	-0.835829913616	0.543749690056	
-0.994234919548	-0.104151554406	-0.0254821553826	
0.0770486369729	-0.528692483902	-0.845309257507	
0.0745680481195	-0.842399358749	0.533669292927	
-0.994941174984	-0.0965575277805	-0.027724718675	
0.0752049461007	-0.532922446728	-0.842815458775	
0.0666050463915	-0.840636849403	0.537488102913	
-0.994822978973	-0.098944246769	-0.0231793168932	
0.073170132935	-0.539120316505	-0.839044332504	
0.0705221667886	-0.836396634579	0.543569087982	
-0.995459020138	-0.0916136950254	-0.0258508678526	
0.0711531862617	-0.535720944405	-0.841391861439	
0.0632341653109	-0.839410543442	0.539806842804	
-0.994548022747	-0.101168304682	-0.0252828020602	
0.0747822746634	-0.522968292236	-0.849065244198	
0.0726763904095	-0.846326887608	0.52768266201	
-0.986901283264	0.0697101950645	0.145486518741	
0.0778460353613	0.995660483837	0.0509921126068	
-0.14130051434	0.0616497322917	-0.988045275211	
-0.987704455853	0.0610079690814	0.143937379122	
0.0703401267529	0.995677053928	0.0606584586203	
-0.139614492655	0.0700372010469	-0.987725973129	
-0.985376834869	0.0617336295545	0.158812582493	
0.073570407927	0.99484705925	0.0697618350387	
-0.15368758142	0.0804256051779	-0.984841048717	
-0.985930681229	0.0570173859596	0.157129555941	
0.0683332756162	0.995371222496	0.067577406764	
-0.152549147606	0.0773638114333	-0.985263228416	
-0.984909653664	0.0680768415332	0.159117788076	
0.0767577663064	0.995842218399	0.0490559525788	
-0.155116632581	0.0605292096734	-0.986040055752	
-0.984526395798	0.0649683400989	0.162747874856	
0.0748581886292	0.995654940605	0.0553851649165	
-0.158442437649	0.0667111724615	-0.985111951828	
-0.985648691654	0.0613046996295	0.157284393907	
0.074692055583	0.993938922882	0.0806627869606	
-0.151386082172	0.0912530645728	-0.984253585339	
-0.986751556396	0.0670009404421	0.147757545114	
0.0765735358	0.995252609253	0.0600726567209	
-0.143031165004	0.0705910995603	-0.987197518349	
-0.886944055557	-0.461199998856	-0.0249950401485	
-0.21914409101	0.372569561005	0.90175819397	
-0.406578481197	0.805286586285	-0.431517630816	
-0.888268172741	-0.45809713006	-0.0335658192635	
-0.227825835347	0.375950276852	0.898196399212	
-0.398842096329	0.805486440659	-0.438311010599	
-0.885562062263	-0.463278204203	-0.0339583568275	
-0.227791085839	0.369387626648	0.900923967361	
-0.404834657907	0.805559456348	-0.432646304369	
-0.889103233814	-0.45680513978	-0.0287147928029	
-0.220473051071	0.372450679541	0.901483297348	
-0.401107370853	0.807842493057	-0.431860327721	
-0.893911421299	-0.447322756052	-0.0287184398621	
-0.218977987766	0.379897087812	0.89873623848	
-0.391115128994	0.809679269791	-0.437548190355	
-0.890140593052	-0.455256819725	-0.0197710935026	
-0.219078496099	0.38950240612	0.894590675831	
-0.399567633867	0.800642907619	-0.446448892355	
-0.893427312374	-0.44848382473	-0.0254921708256	
-0.21145221591	0.369809925556	0.904725670815	
-0.396327584982	0.813697040081	-0.425231188536	
-0.892936110497	-0.449133962393	-0.0307214856148	
-0.21872292459	0.373177796602	0.901608884335	
-0.393478602171	0.811798632145	-0.43145981431	
0.890544474125	-0.450533956289	0.0628464519978	
0.02630203031	0.188921838999	0.981639802456	
-0.454135149717	-0.872540950775	0.180093258619	
0.891619682312	-0.449284613132	0.0561931096017	
0.0308364685625	0.184070751071	0.982429146767	
-0.451733797789	-0.874220371246	0.177975445986	
0.891385674477	-0.450488567352	0.0499161481857	
0.0405218265951	0.188897848129	0.981160342693	
-0.451430559158	-0.872569561005	0.18663546443	
0.891625761986	-0.449583500624	0.0536488816142	
0.0368984341621	0.190245956182	0.981042802334	
-0.451267123222	-0.872743487358	0.18621712923	
0.89443808794	-0.443865180016	0.0544447377324	
0.0372275151312	0.195231109858	0.980050444603	
-0.445639610291	-0.874567627907	0.19114613533	
0.895563781261	-0.442388296127	0.0475194230676	
0.0358118489385	0.178124755621	0.983356058598	
-0.443489581347	-0.878956317902	0.175364822149	
0.891558110714	-0.449947595596	0.051684230566	
0.0374409295619	0.186948224902	0.981656014919	
-0.45135602355	-0.873268306255	0.183521658182	
0.896774053574	-0.439379364252	0.0523649267852	
0.0377549901605	0.193889081478	0.980296671391	
-0.44087511301	-0.877127587795	0.190463453531	
0.195830374956	-0.37291392684	-0.906965076923	
0.68353587389	0.7150785923	-0.146428659558	
0.703156590462	-0.591268002987	0.394934147596	
0.195482239127	-0.376978635788	-0.905358374119	
0.681699633598	0.715901196003	-0.150900781155	
0.705033540726	-0.587684094906	0.396932184696	
0.194082796574	-0.376460790634	-0.905874788761	
0.684945881367	0.713072657585	-0.149587661028	
0.702268481255	-0.59144282341	0.396250396967	
0.194680258632	-0.367368459702	-0.90947240591	
0.678529024124	0.720001459122	-0.145589485765	
0.70830643177	-0.588759958744	0.389440208673	
0.19545546174	-0.367272615433	-0.909344792366	
0.681144297123	0.717936694622	-0.143559545279	
0.705577492714	-0.591335535049	0.390490293503	
0.19372586906	-0.366470962763	-0.910038053989	
0.688430428505	0.711656212807	-0.1400321275	
0.69895195961	-0.599370062351	0.39015597105	
0.195398494601	-0.379391342402	-0.904368102551	
0.677668750286	0.718817591667	-0.155133441091	
0.708931982517	-0.582549154758	0.397557526827	
0.193802267313	-0.365968167782	-0.91022413969	
0.68158853054	0.717550992966	-0.143379405141	
0.705604493618	-0.592611074448	0.388502717018	
-0.446063309908	0.864065110683	0.233278855681	
0.801620364189	0.269795268774	0.533493459225	
0.398035556078	0.424972951412	-0.812997937202	
-0.44777405262	0.860640823841	0.242478311062	
0.798076510429	0.262400716543	0.542420327663	
0.403202593327	0.436397969723	-0.804353475571	
-0.447323054075	0.859377503395	0.247734576464	
0.803059458733	0.264006257057	0.534224867821	
0.39369738102	0.437916696072	-0.808227300644	
-0.446890026331	0.861661672592	0.240475401282	
0.800438761711	0.265100926161	0.537605106831	
0.399483472109	0.432736188173	-0.808178424835	
-0.433178305626	0.869234681129	0.23830164969	
0.804791629314	0.253989756107	0.536469578743	
0.405791759491	0.424170166254	-0.809575617313	
-0.443910777569	0.861160695553	0.247680231929	
0.800698637962	0.257122069597	0.541082143784	
0.402274608612	0.438509434462	-0.803669452667	
-0.44179058075	0.864326238632	0.240335732698	
0.803064525127	0.261603921652	0.535397768021	
0.399885565042	0.429538786411	-0.809683859348	
-0.449472606182	0.863729953766	0.227914214134	
0.79613173008	0.27160847187	0.540743052959	
0.40515255928	0.424498945475	-0.809723436832	
-0.838196694851	-0.492774695158	0.233665078878	
0.524860560894	-0.845273017883	0.100174307823	
0.148147419095	0.206607356668	0.967143058777	
-0.83633518219	-0.490146487951	0.245560392737	
0.525547087193	-0.844301521778	0.104667134583	
0.15602478385	0.216590359807	0.963714122772	
-0.840204119682	-0.490377217531	0.231489241123	
0.52270835638	-0.846016228199	0.105035752058	
0.144336506724	0.20925283432	0.967150568962	
-0.840165734291	-0.48908495903	0.234344780445	
0.523946046829	-0.843549013138	0.117921844125	
0.140007510781	0.221857920289	0.964975118637	
-0.836151361465	-0.497645646334	0.230650618672	
0.527815043926	-0.844411075115	0.091548755765	
0.149205103517	0.198289483786	0.968720376492	
-0.841662228107	-0.481846034527	0.243780851364	
0.518077135086	-0.847857534885	0.112843811512	
0.152318075299	0.22127366066	0.963243067265	
-0.837932169437	-0.495545506477	0.228701382875	
0.528856098652	-0.840757250786	0.11592450738	
0.134836480021	0.218087002635	0.966569781303	
-0.846475541592	-0.482003390789	0.22616790235	
0.51429194212	-0.850130617619	0.113056197762	
0.137778803706	0.212015628815	0.967505216599	
-0.0182690136135	0.511229813099	0.859249889851	
0.591556847095	0.698361814022	-0.402928441763	
-0.806056320667	0.500934004784	-0.315179854631	
-0.00643670419231	0.511084496975	0.859506368637	
0.592915058136	0.694087564945	-0.408281952143	
-0.805239260197	0.506986320019	-0.307497322559	
-0.0135566154495	0.517351686954	0.855665504932	
0.595981776714	0.691306710243	-0.40853485465	
-0.802883505821	0.504422724247	-0.317703962326	
-0.00787403434515	0.516283333302	0.856381654739	
0.594265043736	0.691187143326	-0.411229163408	
-0.804230749607	0.505679607391	-0.312251538038	
-0.0052082980983	0.508966445923	0.860770583153	
0.591561555862	0.695577263832	-0.407709628344	
-0.806243002415	0.507075369358	-0.304707765579	
-0.00734612205997	0.505170822144	0.862988114357	
0.594770312309	0.695968210697	-0.402338802814	
-0.803862094879	0.510324060917	-0.305573284626	
-0.0170346479863	0.516811072826	0.855929970741	
0.592530012131	0.694756865501	-0.407702177763	
-0.805368244648	0.500219166279	-0.318061023951	
-0.0115370284766	0.506232500076	0.862319886684	
0.590076446533	0.699660003185	-0.402846932411	
-0.807264924049	0.504186987877	-0.306787848473	
0.737316429615	0.664444565773	0.121975280344	
-0.674872457981	0.716403186321	0.1769567132	
0.0301944445819	-0.212790831923	0.976631104946	
0.735587537289	0.664736092091	0.130525439978	
-0.677049934864	0.714948952198	0.174503296614	
0.0226796083152	-0.216734692454	0.975967049599	
0.7356980443	0.666295826435	0.121648222208	
-0.676473557949	0.713919579983	0.180838018656	
0.0336445793509	-0.215333983302	0.975960731506	
0.73055690527	0.671792328358	0.122399538755	
-0.681888520718	0.708193063736	0.183004498482	
0.0362585186958	-0.217158034444	0.975462794304	
0.738598465919	0.661456763744	0.130181640387	
-0.673723340034	0.717408657074	0.177261531353	
0.0238574072719	-0.218631505966	0.975515782833	
0.730087935925	0.670527219772	0.131775692105	
-0.682997941971	0.709795176983	0.17235006392	
0.0220316518098	-0.215833231807	0.97618162632	
0.733498573303	0.666907608509	0.131202444434	
-0.679010510445	0.710347115993	0.185342162848	
0.0304068252444	-0.22503605485	0.973875880241	
0.725911676884	0.675983667374	0.126879349351	
-0.687330842018	0.706254184246	0.169650703669	
0.0250720288604	-0.210359498858	0.97730255127	
-0.220444917679	-0.959628283978	-0.174692884088	
-0.91860973835	0.264472693205	-0.293615967035	
0.327963680029	0.0957484319806	-0.939825534821	
-0.212610572577	-0.961032867432	-0.176670968533	
-0.921043097973	0.257480800152	-0.292204201221	
0.326307237148	0.100595869124	-0.939895749092	
-0.217933982611	-0.962244808674	-0.163063555956	
-0.92203360796	0.257768452168	-0.288806945086	
0.319935619831	0.0874092355371	-0.943398535252	
-0.210240468383	-0.96434378624	-0.160748392344	
-0.920130491257	0.250744134188	-0.300810933113	
0.330391854048	0.0846668705344	-0.94003868103	
-0.208577901125	-0.962811648846	-0.171723619103	
-0.921562492847	0.252273827791	-0.295093953609	
0.32744127512	0.0967039614916	-0.939909875393	
-0.21351236105	-0.960328161716	-0.179394111037	
-0.919969677925	0.259432822466	-0.293854355812	
0.328737348318	0.102295607328	-0.938864946365	
-0.209415793419	-0.965186297894	-0.15671774745	
-0.920966982841	0.248544946313	-0.300075381994	
0.328580051661	0.081491343677	-0.940953969955	
-0.214613184333	-0.963120281696	-0.162297472358	
-0.91988581419	0.255166441202	-0.297825813293	
0.328254967928	0.0853777900338	-0.940722763538	
0.113403111696	0.86394649744	0.49064874649	
0.9244120121	-0.272743761539	0.266595602036	
0.364145725965	0.423328846693	-0.829572498798	
0.112685032189	0.869370996952	0.481140434742	
0.921005010605	-0.273109853268	0.277778208256	
0.372896522284	0.411831319332	-0.831470489502	
0.106144219637	0.87116342783	0.479382574558	
0.923950135708	-0.264586418867	0.276242941618	
0.36749085784	0.41360399127	-0.832995891571	
0.109280474484	0.868795871735	0.482961177826	
0.921149432659	-0.271105140448	0.279259264469	
0.373552531004	0.414361834526	-0.829917311668	
0.115131914616	0.865631043911	0.487265318632	
0.922321200371	-0.275309145451	0.271161407232	
0.368874341249	0.418195784092	-0.830086767673	
0.10755713284	0.873418748379	0.474943339825	
0.920748412609	-0.267716437578	0.283813804388	
0.375038444996	0.406777143478	-0.832993745804	
0.11685090512	0.869782805443	0.479399353266	
0.923824727535	-0.272374987602	0.268997699022	
0.364545971155	0.411448359489	-0.835354089737	
0.113352790475	0.871686935425	0.476773530245	
0.923747003078	-0.269157350063	0.272480845451	
0.365845113993	0.409531652927	-0.835727930069	
0.921491503716	-0.0529409274459	-0.384773463011	
-0.00944048445672	-0.993427097797	0.114076539874	
-0.388283699751	-0.101488113403	-0.915934443474	
0.921404898167	-0.050750490278	-0.385275691748	
-0.00388276972808	-0.992588341236	0.121463000774	
-0.388584494591	-0.110420666635	-0.914772868156	
0.921201884747	-0.0541377179325	-0.385300189257	
-0.00814286060631	-0.992738187313	0.120019048452	
-0.388999760151	-0.107424326241	-0.914953112602	
0.920259416103	-0.05431625247	-0.387520819902	
-0.00746602797881	-0.992576420307	0.121393099427	
-0.391237646341	-0.108819894493	-0.913833320141	
0.923423409462	-0.048626344651	-0.380689769983	
-0.00266777002253	-0.992730081081	0.120332509279	
-0.383773505688	-0.110102258623	-0.916839897633	
0.92331045866	-0.0567181259394	-0.379843205214	
-0.0148017629981	-0.993555307388	0.112377867103	
-0.383769094944	-0.0981373116374	-0.918199539185	
0.918522596359	-0.0507025867701	-0.392103880644	
-0.00189961714204	-0.99229747057	0.123863108456	
-0.395363897085	-0.113026224077	-0.911544024944	
0.920874655247	-0.0539148822427	-0.386112779379	
-0.00724897766486	-0.992588043213	0.121311351657	
-0.389791429043	-0.108913630247	-0.914439976215	
0.812449574471	-0.570071101189	0.12224817276	
0.139630407095	-0.0133263356984	-0.990114033222	
0.566064476967	0.821487307549	0.0687722787261	
0.815394818783	-0.567466974258	0.114509984851	
0.129215627909	-0.0144083304331	-0.991511821747	
0.564300119877	0.823270082474	0.0615771263838	
0.811826705933	-0.571152508259	0.121335141361	
0.132477626204	-0.0222122967243	-0.990937054157	
0.568671345711	0.820543348789	0.0576323978603	
0.812471568584	-0.571170866489	0.116849273443	
0.131048873067	-0.0163738522679	-0.991240680218	
0.568081080914	0.820667862892	0.0615480057895	
0.816352546215	-0.564547598362	0.121879346669	
0.138786867261	-0.0130906170234	-0.990235745907	
0.560630679131	0.825296700001	0.0676652342081	
0.822143435478	-0.559261739254	0.106332071126	
0.128169775009	-0.00014508102322	-0.991752207279	
0.554664492607	0.828991115093	0.0715611726046	
0.812004566193	-0.570953011513	0.121083900332	
0.133037209511	-0.0209369082004	-0.990889847279	
0.568286657333	0.820715725422	0.0589571259916	
0.82482022047	-0.554247796535	0.111718513072	
0.127647265792	-0.00994681287557	-0.991769731045	
0.550797462463	0.832292258739	0.0625438839197	
0.210381835699	0.976347744465	-0.0498456284404	
-0.666469871998	0.105934292078	-0.737967371941	
-0.715232431889	0.188475549221	0.672993004322	
0.204177543521	0.977529406548	-0.0524195022881	
-0.671356499195	0.100853651762	-0.734240412712	
-0.712454915047	0.185107573867	0.676862776279	
0.2160436064	0.975140154362	-0.0492629222572	
-0.660501539707	0.108804605901	-0.742899239063	
-0.719070851803	0.193036869168	0.667588114738	
0.211021482944	0.976021945477	-0.0533956363797	
-0.66915088892	0.104423053563	-0.735753297806	
-0.712535619736	0.190989479423	0.675141453743	
0.200819402933	0.978817224503	-0.0398543402553	
-0.663009762764	0.105851836503	-0.741089344025	
-0.721172392368	0.17524895072	0.670222520828	
0.203031718731	0.977211534977	-0.0619336739182	
-0.662366747856	0.0904836431146	-0.743695497513	
-0.721143841743	0.19201657176	0.665643453598	
0.19550460577	0.979557871819	-0.04737476632	
-0.662072718143	0.0961938202381	-0.743240535259	
-0.723489940166	0.176672488451	0.667344808578	
0.217630669475	0.974849641323	-0.0480112321675	
-0.66589486599	0.11233419925	-0.737539827824	
-0.713597178459	0.192481726408	0.673594772816	
-0.503056585789	-0.844862997532	0.182045549154	
0.351663708687	-0.00768746854737	0.936094820499	
-0.789472401142	0.534927487373	0.300974875689	
-0.498602807522	-0.846772551537	0.185395538807	
0.343458920717	0.00338554312475	0.939161598682	
-0.795883893967	0.531944394112	0.289143562317	
-0.50295394659	-0.844955563545	0.181899651885	
0.358713835478	-0.0125902323052	0.933362662792	
-0.786359786987	0.534688353539	0.309429556131	
-0.501974582672	-0.843541204929	0.190944388509	
0.356735616922	-0.000819164910354	0.934205055237	
-0.787883996964	0.537063837051	0.301332384348	
-0.505085110664	-0.84131616354	0.192551702261	
0.346553355455	0.00662755779922	0.938006877899	
-0.790436446667	0.540502727032	0.288213461637	
-0.502157270908	-0.843193650246	0.191996142268	
0.351037174463	0.00415107607841	0.936352312565	
-0.790323317051	0.537593901157	0.293907850981	
-0.511587738991	-0.839768826962	0.181841567159	
0.358600229025	-0.0163545161486	0.933347940445	
-0.780822575092	0.542697787285	0.309508055449	
-0.501237511635	-0.842395842075	0.197813510895	
0.357336640358	0.0066924947314	0.933951675892	
-0.788080871105	0.538817644119	0.297664374113	
-0.297720760107	-0.174024343491	0.938657462597	
0.868066608906	-0.458516538143	0.19032330811	
0.397269099951	0.871480405331	0.287574619055	
-0.301093310118	-0.181490197778	0.936164557934	
0.864426910877	-0.466449707747	0.18759213388	
0.402627557516	0.86572855711	0.297329902649	
-0.287837058306	-0.172927558422	0.941937327385	
0.867296040058	-0.464183062315	0.179810166359	
0.406137228012	0.868694484234	0.283588469028	
-0.292800605297	-0.17727227509	0.939596891403	
0.864655852318	-0.468611359596	0.181035026908	
0.408213287592	0.865435123444	0.290489196777	
-0.288563966751	-0.17128752172	0.942014575005	
0.866875529289	-0.464470237494	0.181091785431	
0.406518936157	0.868865907192	0.282514333725	
-0.291408747435	-0.173480480909	0.940736651421	
0.866720020771	-0.464049339294	0.182905897498	
0.404817640781	0.86865568161	0.28558704257	
-0.288386523724	-0.167268246412	0.942790806293	
0.868016600609	-0.461316764355	0.183668151498	
0.404203385115	0.871325552464	0.278229147196	
-0.29265165329	-0.176825433969	0.93972748518	
0.867742538452	-0.461976200342	0.183305427432	
0.40171867609	0.869086146355	0.288637042046	
0.163786023855	0.641954481602	-0.749045133591	
0.751475214958	-0.573107361794	-0.326853066683	
-0.63910806179	-0.509354889393	-0.576279819012	
0.166954413056	0.645884513855	-0.744955956936	
0.749914646149	-0.573719084263	-0.329354643822	
-0.640120506287	-0.503666162491	-0.580143213272	
0.158650904894	0.637137830257	-0.754244863987	
0.74760645628	-0.576503872871	-0.329739034176	
-0.644914269447	-0.511564910412	-0.567791223526	
0.16690325737	0.638116657734	-0.751631855965	
0.746994018555	-0.579402804375	-0.326025098562	
-0.643539607525	-0.50704985857	-0.573373556137	
0.154134243727	0.634853899479	-0.75710183382	
0.754134178162	-0.57066744566	-0.32499268651	
-0.638376235962	-0.520863890648	-0.566724419594	
0.165539845824	0.640759885311	-0.749682128429	
0.754188477993	-0.572059452534	-0.322409301996	
-0.635449707508	-0.51203006506	-0.577952325344	
0.151942253113	0.63242906332	-0.759570240974	
0.753153800964	-0.571740269661	-0.325380414724	
-0.640056908131	-0.522634208202	-0.563187897205	
0.160267055035	0.636242747307	-0.754658639431	
0.745842695236	-0.578848898411	-0.32962501049	
-0.64655482769	-0.510028600693	-0.567307412624	
-0.219649150968	-0.912541985512	-0.344994723797	
0.437725663185	-0.408221483231	0.801093935966	
-0.871866106987	0.0249465573579	0.489108562469	
-0.214552000165	-0.911647200584	-0.350523650646	
0.445490777493	-0.410716950893	0.795518398285	
-0.869198143482	0.014524997212	0.494250565767	
-0.216887265444	-0.911071240902	-0.350584030151	
0.425383627415	-0.41144746542	0.80607676506	
-0.87864023447	0.0256950855255	0.476792484522	
-0.213152840734	-0.911838531494	-0.350879371166	
0.429907739162	-0.410031169653	0.804396510124	
-0.877351224422	0.0206136368215	0.479405760765	
-0.210650295019	-0.915408551693	-0.34300673008	
0.43505269289	-0.402004063129	0.805680990219	
-0.875417411327	0.0204909406602	0.48293325305	
-0.21164354682	-0.912233233452	-0.350767046213	
0.435950964689	-0.409330129623	0.801495850086	
-0.874730706215	0.0167141947895	0.484321027994	
-0.21205458045	-0.912461340427	-0.349924564362	
0.421629607677	-0.408450633287	0.809565663338	
-0.881624281406	0.0241335537285	0.471334517002	
-0.218749418855	-0.910480201244	-0.350962162018	
0.423969179392	-0.412633121014	0.806215882301	
-0.878862261772	0.0275621190667	0.476278781891	
0.942579269409	0.00725881382823	-0.333903610706	
0.180183514953	0.830734550953	0.52670109272	
0.281208485365	-0.556621432304	0.781725227833	
0.943417847157	-0.0106085948646	-0.331436574459	
0.193643391132	0.828994631767	0.524661958218	
0.269193232059	-0.55915594101	0.784142613411	
0.947929024696	-0.00308783631772	-0.318466722965	
0.178768083453	0.832723140717	0.524036347866	
0.263576477766	-0.553680956364	0.789914429188	
0.946995973587	-0.0113407345489	-0.321045219898	
0.187441244721	0.831125736237	0.52354156971	
0.260891586542	-0.555968880653	0.789198458195	
0.945948839188	-0.00199674302712	-0.324309676886	
0.18153513968	0.83190715313	0.524381101131	
0.268748492002	-0.554911315441	0.787304103374	
0.943971574306	-0.00996589940041	-0.32987627387	
0.190687477589	0.832280635834	0.520525872707	
0.26936212182	-0.554264903069	0.787549674511	
0.948469519615	-0.0147691452876	-0.316524028778	
0.187424242496	0.831585109234	0.522817730904	
0.255495101213	-0.555200994015	0.791501224041	
0.946763217449	-0.0136225679889	-0.321642309427	
0.189573794603	0.831098735332	0.522816121578	
0.260194420815	-0.555958032608	0.789436221123	
-0.0770353078842	-0.0331916511059	0.996475756168	
-0.839614212513	0.541156113148	-0.0468833036721	
-0.537692785263	-0.840266823769	-0.0695563107729	
-0.0884258300066	-0.0297053512186	0.995639741421	
-0.855321586132	0.514539718628	-0.0606122240424	
-0.510495662689	-0.856951892376	-0.0709062293172	
-0.080975420773	-0.0267416592687	0.996357321739	
-0.842395722866	0.53613948822	-0.0540730580688	
-0.532740533352	-0.843705713749	-0.0659411847591	
-0.0757359787822	-0.0228644199669	0.996865749359	
-0.851824700832	0.521162867546	-0.0527630634606	
-0.518323004246	-0.853150904179	-0.0589472614229	
-0.070932969451	-0.0245524868369	0.997178852558	
-0.842473506927	0.536708712578	-0.0467133931816	
-0.534047663212	-0.843410313129	-0.0587551631033	
-0.0728554353118	-0.0156879089773	0.997219145298	
-0.851976811886	0.520782053471	-0.0540514737368	
-0.518485844135	-0.853545546532	-0.0513075366616	
-0.0814789533615	-0.0261004716158	0.996333241463	
-0.844121456146	0.533317327499	-0.0550601892173	
-0.529924690723	-0.845512509346	-0.0654861032963	
-0.0849257037044	-0.0255234874785	0.996060311794	
-0.847190082073	0.528036952019	-0.0587021373212	
-0.524458348751	-0.848837733269	-0.0664671510458	
0.926129341125	-0.0962780192494	-0.364712148905	
-0.109566763043	0.85652756691	-0.504336833954	
0.360942572355	0.507041454315	0.782706439495	
0.925484001637	-0.1119492203	-0.361865580082	
-0.0990758314729	0.85052716732	-0.516514837742	
0.365599930286	0.51387834549	0.776057839394	
0.917886614799	-0.100323677063	-0.383952230215	
-0.115368641913	0.858270049095	-0.500062584877	
0.379702806473	0.503296792507	0.77622038126	
0.92038422823	-0.0991370081902	-0.378239005804	
-0.113229073584	0.858306825161	-0.500488340855	
0.374262034893	0.503469228745	0.778746843338	
0.919026732445	-0.108353428543	-0.379011154175	
-0.110048882663	0.852729380131	-0.510628819466	
0.378522336483	0.510991275311	0.771756947041	
0.920694112778	-0.116157107055	-0.372598797083	
-0.101072542369	0.85115224123	-0.515096306801	
0.376970410347	0.511905670166	0.77191054821	
0.922979533672	-0.10560311377	-0.370076686144	
-0.103339411318	0.858292162418	-0.502648472786	
0.370715171099	0.502177774906	0.781273126602	
0.926713526249	-0.111826807261	-0.358743339777	
-0.0953865274787	0.853415131569	-0.512429535389	
0.363460361958	0.509094655514	0.780204594135	
-0.959354817867	0.263382166624	-0.101332202554	
-0.270864158869	-0.960159957409	0.0687422305346	
-0.0791896432638	0.0933954492211	0.992474853992	
-0.960064947605	0.259767472744	-0.103904314339	
-0.266329467297	-0.962310552597	0.0550180561841	
-0.0856963172555	0.0804936885834	0.993064403534	
-0.963093161583	0.253284662962	-0.0910960659385	
-0.258996099234	-0.964172303677	0.0573823750019	
-0.0732982307673	0.0788580924273	0.994187474251	
-0.95944070816	0.261797815561	-0.10457278043	
-0.268576472998	-0.961580038071	0.0568371340632	
-0.0856752619147	0.0826176479459	0.992891788483	
-0.961497366428	0.258943289518	-0.0920391306281	
-0.265862345695	-0.961243391037	0.0729951635003	
-0.0695703998208	0.0946543961763	0.993076264858	
-0.962575912476	0.251503646374	-0.100963018835	
-0.25860068202	-0.963825106621	0.0645510703325	
-0.0810758620501	0.0882444083691	0.992793858051	
-0.960014462471	0.257368266582	-0.110153496265	
-0.265516966581	-0.961783289909	0.066885009408	
-0.0887297168374	0.0934581980109	0.991661548615	
-0.959932386875	0.256930619478	-0.111877128482	
-0.264566838741	-0.962526142597	0.0595639906824	
-0.0923808440566	0.0867763832211	0.991935312748	
0.213153406978	0.24688257277	0.945311903954	
-0.152134090662	-0.94735866785	0.281721025705	
0.965101480484	-0.203863978386	-0.164373472333	
0.205561921	0.247985005379	0.946703612804	
-0.149091631174	-0.948135375977	0.280732959509	
0.967220723629	-0.198853597045	-0.157928034663	
0.200275704265	0.236419260502	0.950786828995	
-0.160447061062	-0.949432373047	0.269879370928	
0.96651250124	-0.20660123229	-0.152215465903	
0.206172481179	0.24168138206	0.948199868202	
-0.149803161621	-0.949799954891	0.274661779404	
0.966980814934	-0.198671028018	-0.159617975354	
0.206345036626	0.249578148127	0.946114420891	
-0.155068233609	-0.946362614632	0.283463597298	
0.966113626957	-0.205203607678	-0.156575590372	
0.206082358956	0.248696297407	0.946403801441	
-0.161740228534	-0.945204138756	0.283600479364	
0.965075194836	-0.21151663363	-0.154565706849	
0.211232945323	0.241442933679	0.947146236897	
-0.153338074684	-0.948827326298	0.276069015265	
0.965333163738	-0.203548446298	-0.163401201367	
0.205162137747	0.239012017846	0.949095249176	
-0.159377977252	-0.948620796204	0.273344635963	
0.965664088726	-0.207344844937	-0.156527802348	
-0.341985821724	0.838786542416	0.42365410924	
-0.240627631545	-0.513972640038	0.823365330696	
0.908374369144	0.179636389017	0.377606600523	
-0.335994958878	0.839995741844	0.426045238972	
-0.240543007851	-0.513871192932	0.823453366756	
0.910629689693	0.17419397831	0.374713242054	
-0.336138337851	0.840398788452	0.425136268139	
-0.2393078655	-0.512800514698	0.824480056763	
0.910902142525	0.175400912762	0.373485952616	
-0.330867618322	0.844368219376	0.42138928175	
-0.24295604229	-0.507706403732	0.826563119888	
0.911865651608	0.171103909612	0.373127967119	
-0.334044456482	0.843425154686	0.420771062374	
-0.245881468058	-0.508933186531	0.82494199276	
0.909921228886	0.172107502818	0.37738892436	
-0.335092157125	0.841301262379	0.424176216125	
-0.240767672658	-0.511718153954	0.824727475643	
0.910902917385	0.174231797457	0.374030888081	
-0.334199249744	0.842394590378	0.422708243132	
-0.248029217124	-0.511293709278	0.822836697102	
0.909281253815	0.170147418976	0.379812449217	
-0.332969903946	0.842404186726	0.423658132553	
-0.24363951385	-0.510900378227	0.824391067028	
0.910917580128	0.171277537942	0.37535738945	
0.637119650841	0.186388969421	-0.747888803482	
0.487792760134	-0.848785877228	0.204011648893	
-0.59677195549	-0.49479457736	-0.631697356701	
0.630066454411	0.189964041114	-0.752947509289	
0.49844071269	-0.842446267605	0.204551130533	
-0.595460474491	-0.504180490971	-0.625482916832	
0.637733697891	0.185678377748	-0.747542142868	
0.489170372486	-0.847303032875	0.206857323647	
-0.5949857831	-0.497595369816	-0.631182014942	
0.63930284977	0.188438922167	-0.745508313179	
0.487802237272	-0.848842978477	0.203751325607	
-0.594424784184	-0.493919432163	-0.63458865881	
0.638022601604	0.188138887286	-0.746679961681	
0.491960853338	-0.845574140549	0.207313403487	
-0.592369556427	-0.499607950449	-0.632052361965	
0.640887916088	0.190315753222	-0.743668317795	
0.494123697281	-0.843666434288	0.209925428033	
-0.587455928326	-0.502002835274	-0.634735167027	
0.635304450989	0.190510734916	-0.74839425087	
0.493610739708	-0.845466792583	0.203799813986	
-0.593916416168	-0.498890370131	-0.631166934967	
0.634668171406	0.184869855642	-0.750346243382	
0.49419465661	-0.843564093113	0.210169702768	
-0.594111084938	-0.504205107689	-0.626744925976	
-0.338522315025	0.811820626259	-0.475762486458	
0.0967452153563	0.532963931561	0.840588986874	
0.935971677303	0.238530367613	-0.258959949017	
-0.33555200696	0.811443328857	-0.478502422571	
0.0917163565755	0.533680677414	0.840697944164	
0.937546253204	0.238211378455	-0.253500252962	
-0.325586825609	0.816377878189	-0.476990938187	
0.0886415243149	0.528611958027	0.844222784042	
0.941347897053	0.232586607337	-0.244474083185	
-0.326753169298	0.812792897224	-0.482286334038	
0.0921100005507	0.535254240036	0.839653909206	
0.940610527992	0.229936167598	-0.249762356281	
-0.327945411205	0.811045348644	-0.484414368868	
0.0816953256726	0.535199165344	0.840766131878	
0.941157639027	0.236150994897	-0.241774722934	
-0.319483548403	0.80969107151	-0.492270886898	
0.0811435580254	0.540965080261	0.837121546268	
0.944111227989	0.227501943707	-0.238530650735	
-0.330080717802	0.807623505592	-0.488662451506	
0.0888499096036	0.541960418224	0.835694074631	
0.93976187706	0.232428878546	-0.250647962093	
-0.32281857729	0.813720703125	-0.483370274305	
0.0924353972077	0.535377979279	0.83953922987	
0.941936254501	0.226338326931	-0.248046562076	
0.7589802742	0.506597876549	-0.409032434225	
-0.263294905424	-0.335757523775	-0.904401838779	
-0.595503747463	0.794119358063	-0.12144870311	
0.765373408794	0.497638076544	-0.40811753273	
-0.26300868392	-0.336913406849	-0.904055178165	
-0.587392568588	0.799278259277	-0.126981422305	
0.761506676674	0.49887612462	-0.413799703121	
-0.274167329073	-0.330571562052	-0.903080701828	
-0.587315797806	0.801152348518	-0.114956915379	
