-0.509261667728	-0.0667827650905	0.85801666975	
-0.795979619026	0.415614962578	-0.440091639757	
-0.327214032412	-0.907085597515	-0.264814466238	
-0.501176059246	-0.0917303189635	0.860469698906	
-0.800052762032	0.428038328886	-0.420355498791	
-0.329754680395	-0.899093270302	-0.287911653519	
-0.536635994911	-0.0857312977314	0.839447379112	
-0.780876278877	0.4274546206	-0.455537885427	
-0.319771826267	-0.899962604046	-0.29633307457	
-0.520205080509	-0.0810509473085	0.850186705589	
-0.78212416172	0.445051968098	-0.436131328344	
-0.34302842617	-0.891829311848	-0.29491019249	
-0.490756988525	-0.0488178394735	0.869927823544	
-0.795812487602	0.431614637375	-0.424724936485	
-0.354739427567	-0.900736153126	-0.250667750835	
-0.49839413166	-0.0817446559668	0.863088130951	
-0.788508236408	0.456551402807	-0.412086844444	
-0.360358208418	-0.885933756828	-0.291998893023	
-0.524092555046	-0.0777419880033	0.848105609417	
-0.775069653988	0.456266880035	-0.437135607004	
-0.352978736162	-0.886440455914	-0.299381554127	
-0.503451764584	-0.0833934247494	0.859989464283	
-0.788369059563	0.451638221741	-0.417728573084	
-0.353568285704	-0.88829523325	-0.293122857809	
-0.182002127171	0.70160061121	-0.688935279846	
-0.85921651125	0.227221518755	0.458385586739	
0.478144526482	0.675371706486	0.561472058296	
-0.171430319548	0.705711603165	-0.687446534634	
-0.840702593327	0.259006470442	0.475536316633	
0.513644576073	0.659459412098	0.548892021179	
-0.148258507252	0.697176098824	-0.701402127743	
-0.862747192383	0.255506545305	0.436329811811	
0.483411550522	0.669822275639	0.563605666161	
-0.139986336231	0.70473253727	-0.695525586605	
-0.856801748276	0.2658598423	0.441825032234	
0.496280789375	0.657777011395	0.566599309444	
-0.163468062878	0.704176545143	-0.690951228142	
-0.859564900398	0.242065563798	0.450058221817	
0.484175950289	0.667487621307	0.565715432167	
-0.170042946935	0.71064889431	-0.682688474655	
-0.851729273796	0.242442920804	0.46451985836	
0.495623499155	0.66045409441	0.564054727554	
-0.16318847239	0.694828093052	-0.700416624546	
-0.857726931572	0.250891298056	0.448729336262	
0.487518191338	0.673993647099	0.555030226707	
-0.162633016706	0.702129483223	-0.693227767944	
-0.851925551891	0.25451785326	0.45765003562	
0.497768431902	0.665007412434	0.556769013405	
0.806085765362	0.235865309834	0.542764544487	
0.211229622364	0.742062568665	-0.63618016243	
-0.552818059921	0.627463698387	0.548344314098	
0.796547591686	0.295518040657	0.527428686619	
0.177228942513	0.719930648804	-0.671036303043	
-0.578015446663	0.627987980843	0.521084725857	
0.776031792164	0.252990692854	0.577728629112	
0.231434568763	0.73789024353	-0.634000003338	
-0.586696445942	0.62571054697	0.514075517654	
0.777438640594	0.250850021839	0.576769888401	
0.231752276421	0.738250315189	-0.633464574814	
-0.584705114365	0.626147508621	0.515809237957	
0.790400385857	0.266464412212	0.551601290703	
0.187220424414	0.752282321453	-0.631680130959	
-0.583280146122	0.602551221848	0.544716656208	
0.796309053898	0.273354738951	0.539600849152	
0.215995267034	0.704754412174	-0.675771594048	
-0.565011441708	0.654674291611	0.502158999443	
0.783917307854	0.275515437126	0.55638551712	
0.194283142686	0.742282509804	-0.641303896904	
-0.58968436718	0.61082559824	0.528360128403	
0.78577631712	0.256221592426	0.562944114208	
0.223543196917	0.730988740921	-0.644735515118	
-0.576700985432	0.632460236549	0.517117083073	
0.93658721447	0.0642416924238	-0.344495922327	
-0.186768144369	0.923307180405	-0.335591316223	
0.296516597271	0.378651380539	0.876755952835	
0.944792330265	0.0445855632424	-0.324622124434	
-0.159577801824	0.927882432938	-0.337000221014	
0.286185830832	0.370197713375	0.883771061897	
0.954425871372	0.0684458017349	-0.290493428707	
-0.162925750017	0.935005187988	-0.314992934465	
0.250052899122	0.34796628356	0.903544723988	
0.965338885784	0.0541162714362	-0.255327820778	
-0.145691260695	0.923400342464	-0.355113893747	
0.216552361846	0.380004256964	0.899278521538	
0.948286235332	0.0379779599607	-0.315136343241	
-0.156052872539	0.920326948166	-0.358672231436	
0.276406824589	0.389301866293	0.878659963608	
0.954088270664	0.0575587265193	-0.293943047523	
-0.164432317019	0.920911312103	-0.353389799595	
0.25035482645	0.385498791933	0.888095200062	
0.951338589191	0.063830755651	-0.301463872194	
-0.169659212232	0.925176620483	-0.339505463839	
0.257236450911	0.374130785465	0.89098572731	
0.955106854439	0.0608729124069	-0.289940416813	
-0.168003305793	0.917376875877	-0.360824882984	
0.244020164013	0.393337249756	0.886419773102	
-0.621806323528	0.338587969542	-0.706197619438	
0.721720337868	-0.10239777714	-0.684568822384	
-0.304099828005	-0.93534642458	-0.18069422245	
-0.636802434921	0.326183974743	-0.698632001877	
0.723238050938	-0.0613389201462	-0.687869310379	
-0.267225295305	-0.943314135075	-0.196847900748	
-0.564271748066	0.327094316483	-0.758028149605	
0.776352703571	-0.102108456194	-0.621972978115	
-0.280844897032	-0.939458966255	-0.196323633194	
-0.562928259373	0.341200858355	-0.752790629864	
0.786380171776	-0.05923871696	-0.614895939827	
-0.254397392273	-0.938121914864	-0.234966441989	
-0.619917154312	0.296722829342	-0.726400911808	
0.735854625702	-0.101576641202	-0.669477522373	
-0.272434622049	-0.949546098709	-0.155375778675	
-0.638860344887	0.322011739016	-0.698688685894	
0.718808054924	-0.0738183930516	-0.691278398037	
-0.274175822735	-0.943853437901	-0.184304997325	
-0.604776918888	0.313063949347	-0.732281267643	
0.742224574089	-0.11175673455	-0.660767018795	
-0.28869971633	-0.943133831024	-0.164775878191	
-0.600750625134	0.34505328536	-0.721135854721	
0.750052452087	-0.068852186203	-0.657784700394	
-0.276622563601	-0.936054289341	-0.21744504571	
0.569217145443	0.549856305122	-0.611269056797	
-0.716204226017	0.696731925011	-0.0402004234493	
0.403786212206	0.460676252842	0.790401220322	
0.580823481083	0.533846080303	-0.614534378052	
-0.703569531441	0.708926022053	-0.0491303689778	
0.40943133831	0.460903733969	0.787358701229	
0.552093923092	0.556242883205	-0.621116876602	
-0.714850306511	0.699216663837	-0.00922571867704	
0.429163515568	0.449099034071	0.78366369009	
0.582539558411	0.545154571533	-0.602871596813	
-0.70709002018	0.705682516098	-0.0451204702258	
0.400838315487	0.452568978071	0.796561360359	
0.580708622932	0.536636531353	-0.612208068371	
-0.692998945713	0.720476746559	-0.0258022751659	
0.427235215902	0.439243167639	0.79027557373	
0.568103790283	0.550377547741	-0.611835479736	
-0.710330426693	0.703355908394	-0.0268537998199	
0.41555839777	0.449861139059	0.790529072285	
0.581056594849	0.535213947296	-0.613122522831	
-0.692474067211	0.720940113068	-0.0269267857075	
0.427613019943	0.44021743536	0.789528787136	
0.558931767941	0.524900376797	-0.641930639744	
-0.722470104694	0.688214957714	-0.0663112103939	
0.406979471445	0.500839114189	0.763889968395	
0.235389977694	-0.795918464661	0.557768166065	
-0.94917678833	-0.0648858472705	0.307982563972	
-0.208937749267	-0.601916611195	-0.770740807056	
0.224193498492	-0.806698322296	0.546786129475	
-0.949391961098	-0.0541418790817	0.309392154217	
-0.219982117414	-0.588478088379	-0.778011202812	
0.207129284739	-0.804707944393	0.556365549564	
-0.958866536617	-0.0541589669883	0.278642714024	
-0.194093808532	-0.591195344925	-0.782825410366	
0.208464965224	-0.81171900034	0.545577347279	
-0.954994082451	-0.0485839135945	0.292619049549	
-0.211018159986	-0.582023978233	-0.78531485796	
0.258138775826	-0.800613284111	0.540724277496	
-0.943018019199	-0.0871736258268	0.321119606495	
-0.209955736995	-0.59280616045	-0.777495622635	
0.245703682303	-0.809900760651	0.532625973225	
-0.941851198673	-0.0695283338428	0.32875841856	
-0.229229107499	-0.582431554794	-0.779889404774	
0.246954217553	-0.773519814014	0.583678662777	
-0.948663711548	-0.0701535716653	0.308408260345	
-0.197612762451	-0.629877448082	-0.751134872437	
0.224348768592	-0.814012527466	0.535771667957	
-0.951385438442	-0.0638971701264	0.301301985979	
-0.211029276252	-0.57732206583	-0.788774907589	
0.947296977043	-0.112266920507	0.300040990114	
-0.200359612703	-0.938425898552	0.281447798014	
0.24996894598	-0.326730757952	-0.911461770535	
0.943967759609	-0.132605522871	0.302226066589	
-0.216893821955	-0.939471185207	0.265237629414	
0.248760700226	-0.315926730633	-0.915591835976	
0.947362720966	-0.102431282401	0.303334355354	
-0.187402695417	-0.945587277412	0.265979111195	
0.259584516287	-0.308824360371	-0.915010035038	
0.949528813362	-0.0967394858599	0.298389852047	
-0.186993733048	-0.938320994377	0.290838450193	
0.251849919558	-0.331956535578	-0.909052550793	
0.953619897366	-0.0956663936377	0.28540673852	
-0.179727584124	-0.941552460194	0.284915745258	
0.241468533874	-0.322996795177	-0.915077030659	
0.943235695362	-0.135564446449	0.303197383881	
-0.219176381826	-0.939968347549	0.26157450676	
0.249535739422	-0.313180148602	-0.916324257851	
0.946839153767	-0.0932493060827	0.307896345854	
-0.181000083685	-0.945633471012	0.270215272903	
0.265959709883	-0.311579674482	-0.912240922451	
0.939446985722	-0.136601909995	0.314291715622	
-0.224456772208	-0.93829280138	0.263107985258	
0.258956581354	-0.317720919847	-0.912137567997	
-0.996033668518	-0.0794715732336	-0.0400152876973	
0.0766570493579	-0.538118600845	-0.839376032352	
0.0451735630631	-0.839114189148	0.542076289654	
-0.995135605335	-0.0825798884034	-0.053718522191	
0.0912632495165	-0.567441761494	-0.818340301514	
0.0370963215828	-0.81926214695	0.572218000889	
-0.994566857815	-0.10297755152	-0.0152448033914	
0.0708750709891	-0.562577366829	-0.82370108366	
0.0762463361025	-0.820306241512	0.566819310188	
-0.994635224342	-0.101749032736	-0.0186536442488	
0.0698429346085	-0.527521908283	-0.846665561199	
0.0763071924448	-0.84342622757	0.531798303127	
-0.996658802032	-0.0747750401497	-0.0328614003956	
0.0684164762497	-0.544534981251	-0.835943043232	
0.0446134917438	-0.835398316383	0.547831475735	
-0.996105670929	-0.0847025364637	-0.0244740583003	
0.0677493214607	-0.557702183723	-0.827271640301	
0.0564227700233	-0.825708031654	0.561268806458	
-0.997716486454	-0.0603041872382	-0.0304169189185	
0.0588705912232	-0.555712461472	-0.829287588596	
0.033106457442	-0.82918459177	0.557993650436	
-0.99503493309	-0.0975045487285	-0.0199593361467	
0.0665320754051	-0.502505660057	-0.86201018095	
0.0740202367306	-0.859058201313	0.506497859955	
-0.990213632584	0.0638087168336	0.124118708074	
0.0645723491907	0.997910737991	0.00213517923839	
-0.1237231493	0.0101289208978	-0.992265105247	
-0.991270899773	0.0369103588164	0.126568734646	
0.0419967994094	0.998404085636	0.0377561859787	
-0.124973148108	0.0427420921624	-0.991239011288	
-0.983612477779	0.0393686071038	0.175944983959	
0.0535130463541	0.99564152956	0.0763822868466	
-0.172171071172	0.084545917809	-0.981432199478	
-0.985029041767	0.0265036299825	0.170338928699	
0.0391696877778	0.996676027775	0.0714325681329	
-0.167879506946	0.0770352780819	-0.982792973518	
-0.984427392483	0.0630862638354	0.16408161819	
0.0654545128345	0.997814416885	0.00906155630946	
-0.163151338696	0.0196603275836	-0.986405134201	
-0.981656134129	0.0496784001589	0.184074193239	
0.0553404986858	0.998135507107	0.0257481168956	
-0.182451859117	0.0354625545442	-0.982575058937	
-0.985154211521	0.0302546638995	0.168984666467	
0.0494585596025	0.992631733418	0.110616952181	
-0.164392858744	0.117332495749	-0.979391694069	
-0.989454269409	0.0473292320967	0.13689494133	
0.0546214096248	0.997253954411	0.0500100441277	
-0.134152084589	0.0569600462914	-0.98932236433	
-0.871260523796	-0.490020632744	-0.0280156154186	
-0.230260878801	0.357663691044	0.905017495155	
-0.43345707655	0.794956862926	-0.424450844526	
-0.877065241337	-0.477127969265	-0.0557262711227	
-0.257887661457	0.369801968336	0.892603218555	
-0.405278265476	0.79724240303	-0.447385877371	
-0.865920722485	-0.495877206326	-0.0654762834311	
-0.267938882113	0.349329143763	0.897874116898	
-0.422362536192	0.795031428337	-0.435356110334	
-0.877085328102	-0.478364020586	-0.0434649549425	
-0.239928379655	0.357917368412	0.902402102947	
-0.416119813919	0.801912128925	-0.428697168827	
-0.894823014736	-0.444337338209	-0.0430826358497	
-0.233985424042	0.384631425142	0.892921864986	
-0.380187600851	0.809087753296	-0.448145508766	
-0.880375742912	-0.474222898483	-0.00715423887596	
-0.232210800052	0.417839109898	0.878344237804	
-0.413541644812	0.77493429184	-0.477975100279	
-0.897287070751	-0.439421057701	-0.0422496013343	
-0.211898237467	0.344767361879	0.914458632469	
-0.387266099453	0.829484522343	-0.40246784687	
-0.893868803978	-0.445180654526	-0.0530356243253	
-0.230995953083	0.355935782194	0.905511260033	
-0.384238809347	0.821659266949	-0.420994818211	
0.876357734203	-0.469776004553	0.106337398291	
-0.00780934421346	0.20688521862	0.978334069252	
-0.48159751296	-0.858201026917	0.177636817098	
0.882807731628	-0.462480157614	0.0822349190712	
0.0109392534941	0.195260807872	0.980690360069	
-0.46960708499	-0.864861428738	0.177436947823	
0.88496941328	-0.461156338453	0.0645287930965	
0.0385924130678	0.21073885262	0.976780295372	
-0.464047163725	-0.861930370331	0.204294577241	
0.884109020233	-0.46210038662	0.0693865567446	
0.0325294956565	0.208994314075	0.977375686169	
-0.466147065163	-0.861849546432	0.199805647135	
0.894552886486	-0.440397411585	0.0763236582279	
0.0294002387673	0.228368654847	0.973130702972	
-0.44599416852	-0.868272900581	0.21723562479	
0.897056639194	-0.439248144627	0.0484810695052	
0.0271117947996	0.164202779531	0.986053943634	
-0.441083103418	-0.883231878281	0.159207999706	
0.884131014347	-0.462816685438	0.0641333013773	
0.0301549565047	0.193494483829	0.980637848377	
-0.466264992952	-0.865078389645	0.185030698776	
0.904963195324	-0.419949293137	0.0684412419796	
0.0260907206684	0.215319216251	0.97619509697	
-0.424689143896	-0.881634950638	0.205812737346	
0.211772829294	-0.360437959433	-0.908425450325	
0.673159360886	0.727659583092	-0.131787672639	
0.708525717258	-0.58360606432	0.396730720997	
0.216300219297	-0.374003052711	-0.901851415634	
0.660045862198	0.736663818359	-0.14719325304	
0.71941202879	-0.56342536211	0.406199723482	
0.204609081149	-0.372530907393	-0.905182778835	
0.679069876671	0.720042705536	-0.142837762833	
0.704981684685	-0.585456490517	0.400301784277	
0.213770478964	-0.343180119991	-0.914619922638	
0.652245283127	0.747140944004	-0.127892628312	
0.727240204811	-0.56921684742	0.383554279804	
0.213699519634	-0.339167892933	-0.916131913662	
0.661191105843	0.740567862988	-0.119939729571	
0.7191375494	-0.580107212067	0.382513791323	
0.211379408836	-0.33568546176	-0.917950987816	
0.685144722462	0.720685720444	-0.105777144432	
0.697062015533	-0.606570124626	0.382331252098	
0.215157568455	-0.375342935324	-0.901567995548	
0.65007609129	0.743976831436	-0.15459471941	
0.728771746159	-0.552825570107	0.40407371521	
0.204171895981	-0.350801080465	-0.91392147541	
0.655949652195	0.742029845715	-0.138281449676	
0.726666271687	-0.571253299713	0.381609469652	
-0.465177059174	0.856155216694	0.224963515997	
0.789140939713	0.285929650068	0.543599843979	
0.401082098484	0.430398106575	-0.808635056019	
-0.466992765665	0.846048772335	0.257136672735	
0.78274679184	0.260236948729	0.565317749977	
0.411369919777	0.465272217989	-0.783770740032	
-0.470955997705	0.839150667191	0.272078216076	
0.792061686516	0.266455233097	0.549217522144	
0.388379573822	0.474160015583	-0.790147840977	
-0.470718204975	0.845657646656	0.25157019496	
0.78382140398	0.269929647446	0.559251248837	
0.405028820038	0.46043586731	-0.789905369282	
-0.423809498549	0.871552586555	0.246539250016	
0.796279430389	0.228799819946	0.559990823269	
0.431653290987	0.433643549681	-0.790966928005	
-0.462409883738	0.838971376419	0.286887049675	
0.784098386765	0.235861301422	0.574072480202	
0.413964778185	0.490404427052	-0.766900658607	
-0.452847182751	0.855292916298	0.2518004179	
0.796945273876	0.261672109365	0.544431746006	
0.399759441614	0.447215557098	-0.800119161606	
-0.479945600033	0.853718221188	0.202033117414	
0.769541084766	0.29909914732	0.564221739769	
0.421258479357	0.426268547773	-0.800522625446	
-0.82538151741	-0.526816606522	0.203001439571	
0.548777699471	-0.83309262991	0.0692798346281	
0.132621228695	0.168584957719	0.976724505424	
-0.823359370232	-0.514480769634	0.239559829235	
0.545318901539	-0.834121584892	0.0828765556216	
0.157183632255	0.19887368381	0.967337846756	
-0.835935473442	-0.518764734268	0.179150998592	
0.539086461067	-0.83734947443	0.0907285660505	
0.102945216	0.172421097755	0.979629158974	
-0.837732970715	-0.512051463127	0.189754471183	
0.539398729801	-0.830109655857	0.141304656863	
0.0851617679	0.220728889108	0.97161012888	
-0.815319895744	-0.550358533859	0.179885983467	
0.565906941891	-0.823157072067	0.0464945249259	
0.122485764325	0.139706641436	0.98258805275	
-0.837621092796	-0.495427101851	0.23009313643	
0.528566002846	-0.841406345367	0.112487062812	
0.137872681022	0.215840935707	0.966645658016	
-0.824437081814	-0.537392675877	0.177517876029	
0.561749577522	-0.815176963806	0.1411524266	
0.0688541978598	0.216091886163	0.973942220211	
-0.859856665134	-0.483984619379	0.162497356534	
0.50388520956	-0.855727314949	0.117602996528	
0.082135386765	0.183001726866	0.979675531387	
-0.0396704822779	0.49759799242	0.866500139236	
0.565312743187	0.726230800152	-0.391165286303	
-0.823922157288	0.474325865507	-0.310108423233	
0.0114001203328	0.493479341269	0.869682788849	
0.562949180603	0.715643107891	-0.413452774286	
-0.826412916183	0.494300603867	-0.269645363092	
-0.00683014467359	0.521763920784	0.853062570095	
0.579143106937	0.697510719299	-0.421985805035	
-0.81519728899	0.491163104773	-0.306940078735	
0.0164461545646	0.522664427757	0.852379858494	
0.574298620224	0.692907273769	-0.435959368944	
-0.818480670452	0.496690452099	-0.288769811392	
0.00802413094789	0.480862170458	0.876759469509	
0.569692254066	0.718385636806	-0.399215251207	
-0.821818888187	0.502686440945	-0.268179059029	
0.00845104828477	0.466686427593	0.884382486343	
0.574852883816	0.721397697926	-0.38617298007	
-0.818213164806	0.511653363705	-0.262179464102	
-0.0298609863967	0.523852646351	0.851285338402	
0.571369946003	0.707749843597	-0.415483474731	
-0.820149183273	0.473992109299	-0.320447772741	
-0.00272350362502	0.486726045609	0.873550415039	
0.558340787888	0.72544926405	-0.402466058731	
-0.829607248306	0.486642718315	-0.273734778166	
0.735918164253	0.671108663082	0.0896525084972	
-0.672463357449	0.709054172039	0.212215095758	
0.0788509100676	-0.216460973024	0.973101854324	
0.734620928764	0.665923058987	0.129917368293	
-0.676862239838	0.706104397774	0.208024218678	
0.0467928983271	-0.240755110979	0.969457268715	
0.726592540741	0.682686686516	0.077473834157	
-0.680663883686	0.699868083	0.216520935297	
0.0935944989324	-0.210056141019	0.973199129105	
0.708380281925	0.699995756149	0.0905723869801	
-0.699092507362	0.678128004074	0.226742386818	
0.0972990393639	-0.223938316107	0.969734251499	
0.742962777615	0.657276690006	0.126466169953	
-0.667493999004	0.713580787182	0.212730303407	
0.0495788343251	-0.242466107011	0.968892216682	
0.706709682941	0.692420125008	0.145312801003	
-0.706582665443	0.680266439915	0.194880619645	
0.0360878333449	-0.24039952457	0.970002949238	
0.720108985901	0.685403883457	0.108002454042	
-0.689320504665	0.68889939785	0.224175974727	
0.079248264432	-0.235879436135	0.968545615673	
0.691151618958	0.71581697464	0.0995764061809	
-0.720225393772	0.67079180479	0.176956936717	
0.0598737448454	-0.194021522999	0.97916841507	
-0.215766787529	-0.952855169773	-0.213334828615	
-0.920646905899	0.271320253611	-0.280703723431	
0.325352042913	0.135839521885	-0.935785055161	
-0.185635194182	-0.957812666893	-0.219395801425	
-0.92768484354	0.244441568851	-0.282221764326	
0.323945015669	0.151139870286	-0.933925271034	
-0.193946644664	-0.968045890331	-0.158971220255	
-0.934810101986	0.231514587998	-0.269315838814	
0.297514230013	0.0963750109076	-0.949840605259	
-0.17035523057	-0.973393261433	-0.153247028589	
-0.925769090652	0.211374148726	-0.313484460115	
0.337536126375	0.0884676501155	-0.937146127224	
-0.169755756855	-0.960570752621	-0.220197096467	
-0.928718388081	0.230673015118	-0.290296524763	
0.329643905163	0.155221581459	-0.931257843971	
-0.185234978795	-0.955172002316	-0.230942457914	
-0.926576852798	0.248045176268	-0.28271701932	
0.327327549458	0.16161686182	-0.930986940861	
-0.166014149785	-0.9771027565	-0.133077159524	
-0.93089312315	0.199811503291	-0.305799543858	
0.325387895107	0.0731135681272	-0.942749738693	
-0.193509876728	-0.968733727932	-0.15527035296	
-0.924903154373	0.232919752598	-0.300503820181	
0.327273726463	0.0854595825076	-0.941057145596	
0.0887435078621	0.845326423645	0.526828050613	
0.931647360325	-0.25755122304	0.25632122159	
0.35236030817	0.468071132898	-0.810402154922	
0.0896099805832	0.867452919483	0.489382773638	
0.920671880245	-0.259572952986	0.291522145271	
0.379912257195	0.4244376719	-0.821899831295	
0.05808082968	0.875764071941	0.479232609272	
0.931796133518	-0.219849079847	0.288829356432	
0.358305215836	0.429771631956	-0.828802585602	
0.0794505476952	0.866319656372	0.493130654097	
0.920964360237	-0.253097176552	0.296253979206	
0.381460636854	0.430618226528	-0.817958235741	
0.098383910954	0.843759119511	0.527627825737	
0.927083790302	-0.270426720381	0.259586155415	
0.361712872982	0.463616132736	-0.808841109276	
0.0688721686602	0.880647003651	0.468740344048	
0.918720543385	-0.239129185677	0.314276576042	
0.388856202364	0.408996492624	-0.825537860394	
0.105163149536	0.871505737305	0.478976428509	
0.931687176228	-0.254749894142	0.2589623034	
0.347706317902	0.419022917747	-0.838761031628	
0.087785191834	0.880829274654	0.465224176645	
0.931553244591	-0.238019287586	0.2748734653	
0.352848917246	0.409251242876	-0.841433942318	
0.935521364212	-0.0300582870841	-0.351989001036	
0.00869139004499	-0.994113683701	0.107992962003	
-0.353163152933	-0.104088999331	-0.929753303528	
0.935939729214	-0.0195753481239	-0.35161575675	
0.0310888309032	-0.989962756634	0.137866795063	
-0.350785315037	-0.139966323972	-0.925936877728	
0.93330681324	-0.0353674255311	-0.357333928347	
0.0119070019573	-0.991542100906	0.129238158464	
-0.358882457018	-0.124873623252	-0.924991846085	
0.929580688477	-0.0365902595222	-0.36679816246	
0.0165120419115	-0.989929080009	0.140597850084	
-0.368248701096	-0.136753633618	-0.91961479187	
0.942394137383	-0.00943791586906	-0.334371328354	
0.0353689342737	-0.991186976433	0.127661108971	
-0.33262938261	-0.132133439183	-0.933755040169	
0.941207826138	-0.0424074828625	-0.335155874491	
-0.0107893915847	-0.9953571558	0.0956436470151	
-0.337655812502	-0.0864044204354	-0.937295496464	
0.924725413322	-0.0211488325149	-0.380046963692	
0.0358426831663	-0.989180505276	0.14225782454	
-0.378943622112	-0.145171329379	-0.913962244987	
0.931403636932	-0.0363975577056	-0.362163633108	
0.0182661619037	-0.989060163498	0.146377325058	
-0.363529413939	-0.142951712012	-0.9205493927	
0.805655002594	-0.573108792305	0.14988771081	
0.17824421823	-0.00677117006853	-0.983962953091	
0.564932763577	0.819451332092	0.0966980978847	
0.814649701118	-0.566925227642	0.122236073017	
0.138584539294	-0.0143686942756	-0.990246355534	
0.563152015209	0.823643922806	0.0668616220355	
0.806475102901	-0.577751517296	0.125702366233	
0.132595986128	-0.0304598733783	-0.990702033043	
0.576208472252	0.815644145012	0.0520423986018	
0.805133700371	-0.580921173096	0.119542002678	
0.134216472507	-0.0178663283587	-0.990790963173	
0.577707231045	0.813763737679	0.0635844096541	
0.821163058281	-0.552380979061	0.14341019094	
0.170124202967	-0.00293150823563	-0.985418260098	
0.544746756554	0.833586633205	0.0915661305189	
0.843842029572	-0.530380785465	0.0814053416252	
0.126801609993	0.0496881790459	-0.990682840347	
0.521394252777	0.84630215168	0.109182111919	
0.802670657635	-0.579850792885	0.13961713016	
0.146357268095	-0.0354373380542	-0.988596856594	
0.578186273575	0.813951671124	0.0564208664	
0.853206038475	-0.509858906269	0.109924212098	
0.126322612166	-0.00247926451266	-0.991986095905	
0.506045520306	0.860254466534	0.0622913874686	
0.196182265878	0.979551672935	-0.0446211844683	
-0.682785749435	0.10380269587	-0.723207175732	
-0.703786969185	0.172347128391	0.689188182354	
0.176485598087	0.98297482729	-0.0511203892529	
-0.699752032757	0.0887708589435	-0.708848953247	
-0.69224268198	0.160873219371	0.703505456448	
0.228287771344	0.972711145878	-0.0414455160499	
-0.663222908974	0.124206535518	-0.738043427467	
-0.712755262852	0.195973902941	0.673479139805	
0.210731595755	0.976041018963	-0.0541854985058	
-0.690956234932	0.109511651099	-0.714553534985	
-0.691499590874	0.188018798828	0.697479188442	
0.159103661776	0.987165272236	-0.0138093903661	
-0.676120579243	0.0987579673529	-0.730142354965	
-0.719407439232	0.125505134463	0.683155477047	
0.171840846539	0.980406761169	-0.0962979122996	
-0.671596109867	0.0450741425157	-0.739545106888	
-0.720714509487	0.191757366061	0.666182935238	
0.139928415418	0.988928437233	-0.0494018644094	
-0.667880654335	0.0574327334762	-0.742049157619	
-0.730996251106	0.136828303337	0.668522655964	
0.232473000884	0.971792161465	-0.0397025644779	
-0.676495373249	0.132233291864	-0.724477946758	
-0.698792040348	0.19528016448	0.688153624535	
-0.474499374628	-0.852823138237	0.218043640256	
0.37124735117	0.0307138916105	0.928025901318	
-0.798138916492	0.521295845509	0.30203461647	
-0.462738066912	-0.857857644558	0.223503291607	
0.340056926012	0.0610622949898	0.938420295715	
-0.818678677082	0.510246634483	0.263464570045	
-0.482076913118	-0.850500822067	0.210357293487	
0.397939622402	0.00134802598041	0.917410612106	
-0.780542016029	0.525972008705	0.337798148394	
-0.480524986982	-0.842626333237	0.243056774139	
0.394961774349	0.0395192578435	0.917847156525	
-0.783007621765	0.537046670914	0.313815206289	
-0.486794561148	-0.832129359245	0.265691161156	
0.35715764761	0.0879692286253	0.929892361164	
-0.797163367271	0.547560155392	0.254378408194	
-0.484598010778	-0.838393211365	0.249522730708	
0.370581716299	0.0616213157773	0.926753461361	
-0.792359769344	0.541571438313	0.280831634998	
-0.522111654282	-0.825839996338	0.213043898344	
0.393454492092	-0.0116028850898	0.91927087307	
-0.756698727608	0.563785076141	0.33098846674	
-0.486359328032	-0.830907583237	0.27027246356	
0.393196165562	0.0681015178561	0.916929066181	
-0.780289292336	0.552227139473	0.293587863445	
-0.287625074387	-0.178672075272	0.940929353237	
0.887373387814	-0.419342547655	0.191625475883	
0.360333621502	0.890071988106	0.279162287712	
-0.299880087376	-0.206637337804	0.931328594685	
0.870618283749	-0.458383649588	0.178628593683	
0.389994472265	0.864398896694	0.317362368107	
-0.246945723891	-0.167598307133	0.954425811768	
0.881703197956	-0.44747453928	0.149552613497	
0.402016460896	0.878451704979	0.258273869753	
-0.263576239347	-0.184749320149	0.946781516075	
0.872373759747	-0.4645370543	0.152214735746	
0.411693543196	0.866067528725	0.283611387014	
-0.256836920977	-0.164054632187	0.952428936958	
0.878057479858	-0.451356351376	0.159036010504	
0.403794258833	0.877133667469	0.259974390268	
-0.265298694372	-0.168940573931	0.949250042439	
0.880697071552	-0.44316354394	0.16726835072	
0.392414629459	0.880377829075	0.26635619998	
-0.257417023182	-0.138210237026	0.956365227699	
0.876601696014	-0.449832230806	0.170939698815	
0.406578272581	0.882354199886	0.236949801445	
-0.269485652447	-0.178120732307	0.94638812542	
0.880742192268	-0.443019747734	0.167411640286	
0.38944914937	0.878638982773	0.276265919209	
0.165916532278	0.647579371929	-0.743715465069	
0.766756951809	-0.558967769146	-0.315656155348	
-0.620125412941	-0.517876386642	-0.589277982712	
0.1766859442	0.653873741627	-0.735684216022	
0.763486146927	-0.562770366669	-0.316825479269	
-0.62118512392	-0.505706071854	-0.598657131195	
0.139568343759	0.627016723156	-0.766401171684	
0.748149693012	-0.573802351952	-0.333200991154	
-0.648685395718	-0.526878476143	-0.549187004566	
0.159269660711	0.634213030338	-0.75657582283	
0.744793772697	-0.580218374729	-0.329588919878	
-0.648008823395	-0.510999441147	-0.564769089222	
0.132312089205	0.620224177837	-0.773185253143	
0.776175022125	-0.549975693226	-0.308348983526	
-0.61647862196	-0.559328794479	-0.554170906544	
0.169912412763	0.635203540325	-0.753423035145	
0.777247011662	-0.556388616562	-0.29380056262	
-0.605819106102	-0.535675466061	-0.588247418404	
0.126494660974	0.610895335674	-0.781540811062	
0.768094778061	-0.558884143829	-0.312536269426	
-0.627717673779	-0.560763239861	-0.539921343327	
0.154078856111	0.62465763092	-0.765547215939	
0.738412022591	-0.587610185146	-0.330850273371	
-0.656511485577	-0.514312267303	-0.551793038845	
-0.190511867404	-0.923300623894	-0.333498448133	
0.454969108105	-0.384075790644	0.80342322588	
-0.869889855385	0.00133016135078	0.49324426055	
-0.174010038376	-0.918532311916	-0.354991406202	
0.49015262723	-0.393451362848	0.777783036232	
-0.854090690613	-0.0386579222977	0.518685519695	
-0.187850534916	-0.912564992905	-0.363231837749	
0.416618824005	-0.408930033445	0.811914384365	
-0.889461040497	0.00118933164049	0.457009464502	
-0.171018242836	-0.916067481041	-0.362730175257	
0.433561772108	-0.400563389063	0.807200849056	
-0.884746849537	-0.0192198809236	0.465675473213	
-0.158166751266	-0.931070685387	-0.32877150178	
0.462000697851	-0.364049941301	0.808716893196	
-0.872661828995	-0.023980550468	0.487735897303	
-0.162245631218	-0.921229958534	-0.353570014238	
0.465920418501	-0.387380152941	0.795521736145	
-0.869824409485	-0.0356655716896	0.492070585489	
-0.170826688409	-0.919853806496	-0.353110790253	
0.409676611423	-0.392241299152	0.823596894741	
-0.89609336853	-0.00396889913827	0.443847864866	
-0.193292856216	-0.914275407791	-0.356003314257	
0.422311961651	-0.405042588711	0.810921132565	
-0.885601758957	0.0064008096233	0.46440127492	
0.923458993435	0.0802135616541	-0.375219017267	
0.143572941422	0.834626913071	0.531775057316	
0.355823457241	-0.544943749905	0.759227216244	
0.926107108593	0.0119829699397	-0.377070277929	
0.201522916555	0.829234540462	0.521304666996	
0.318926483393	-0.558772265911	0.765545189381	
0.948570430279	0.0386243239045	-0.31420108676	
0.14204607904	0.835069656372	0.531489908695	
0.28290823102	-0.548786640167	0.786635994911	
0.94550293684	0.00582463480532	-0.325561463833	
0.174542114139	0.834990859032	0.521848022938	
0.274880409241	-0.550233006477	0.788469672203	
0.937549710274	0.0451793707907	-0.34490481019	
0.151696562767	0.839174091816	0.522278666496	
0.31303140521	-0.541983127594	0.779913842678	
0.932027459145	0.0152581864968	-0.362066358328	
0.184319913387	0.840264081955	0.50988471508	
0.312011271715	-0.541962623596	0.780336797237	
0.94832444191	-0.00165535497945	-0.31729799509	
0.17518889904	0.836484968662	0.519231915474	
0.264555484056	-0.547987401485	0.793549120426	
0.943999528885	0.00119265599642	-0.329944610596	
0.17946703732	0.837270855904	0.516496896744	
0.276869028807	-0.546787023544	0.790169298649	
-0.0496452599764	-0.0439251586795	0.997800529003	
-0.832741379738	0.553398907185	-0.0170710776001	
-0.551431894302	-0.831757307053	-0.064051926136	
-0.0957765653729	-0.0426309257746	0.994489550591	
-0.881494164467	0.467721283436	-0.0648444220424	
-0.462379544973	-0.882847309113	-0.0823756530881	
-0.080089405179	-0.0228852052242	0.99652493	
-0.840046525002	0.539707064629	-0.0551190599799	
-0.536570131779	-0.84154176712	-0.0624494552612	
-0.0577416010201	-0.00987774785608	0.998282670975	
-0.876603543758	0.479013085365	-0.0459638573229	
-0.477736443281	-0.877752184868	-0.0363178513944	
-0.0384139157832	-0.0219097454101	0.999021708965	
-0.842441380024	0.538394629955	-0.020585520193	
-0.537416875362	-0.842407941818	-0.0391395203769	
-0.0344839803874	0.00483825290576	0.999393522739	
-0.873672068119	0.48542881012	-0.0324960239232	
-0.48529163003	-0.874262809753	-0.0125124705955	
-0.0859214887023	-0.01845109649	0.996131062508	
-0.847695708275	0.526685059071	-0.0633625090122	
-0.523478209972	-0.84986025095	-0.0608944781125	
-0.100648060441	-0.0221853926778	0.994674682617	
-0.855417191982	0.512462079525	-0.0751269832253	
-0.508066296577	-0.858423233032	-0.0705560743809	
0.935504257679	-0.0595461986959	-0.348261505365	
-0.12776646018	0.86197334528	-0.490589112043	
0.329404860735	0.503444314003	0.798771739006	
0.934232354164	-0.12106513232	-0.335489362478	
-0.0851337611675	0.837747037411	-0.53938126564	
0.346355497837	0.532468914986	0.772343695164	
0.906165957451	-0.0718045681715	-0.416782170534	
-0.15638114512	0.858748316765	-0.487951099873	
0.39294809103	0.507341563702	0.766939580441	
0.914342463017	-0.0659783557057	-0.399530619383	
-0.149394199252	0.862076401711	-0.484257876873	
0.376376450062	0.502465069294	0.778376281261	
0.905348598957	-0.0949997454882	-0.413907021284	
-0.143273875117	0.849183857441	-0.50829064846	
0.399770617485	0.519482254982	0.755196392536	
0.91118657589	-0.121180362999	-0.393769353628	
-0.114049635828	0.844223320484	-0.523717164993	
0.395893514156	0.522113323212	0.755424380302	
0.928848326206	-0.0947351977229	-0.358142405748	
-0.102899625897	0.862732350826	-0.49508035183	
0.355882585049	0.496707260609	0.791599333286	
0.939253628254	-0.113688260317	-0.323848158121	
-0.0774840414524	0.848954200745	-0.522755146027	
0.334363371134	0.516092777252	0.788574278355	
-0.95311152935	0.261931240559	-0.151559859514	
-0.27952504158	-0.953899085522	0.109280616045	
-0.115948796272	0.146521389484	0.982388615608	
-0.956706166267	0.247443884611	-0.153247669339	
-0.259428799152	-0.963667035103	0.0635807141662	
-0.13194707036	0.10058491677	0.98614025116	
-0.96992123127	0.214803352952	-0.114508919418	
-0.223770439625	-0.97197073698	0.0721091404557	
-0.095810033381	0.095563903451	0.990801692009	
-0.954910874367	0.250186830759	-0.159849092364	
-0.262536764145	-0.96298289299	0.0611425340176	
-0.138634875417	0.100351929665	0.985246062279	
-0.965805768967	0.241423919797	-0.0945180132985	
-0.251839786768	-0.96020925045	0.120726823807	
-0.061610724777	0.140402063727	0.988175809383	
-0.971060276031	0.208172008395	-0.117074005306	
-0.219835922122	-0.970655918121	0.0974643453956	
-0.0933492258191	0.120380826294	0.98832911253	
-0.955077826977	0.230779200792	-0.185922890902	
-0.251843959093	-0.962719202042	0.0987237468362	
-0.156208142638	0.141112416983	0.977592110634	
-0.95255959034	0.234385460615	-0.194148540497	
-0.252501755953	-0.964749693871	0.0741683319211	
-0.169920757413	0.119672603905	0.978164315224	
0.216196969151	0.26819139719	0.938793003559	
-0.130470812321	-0.944973707199	0.300003528595	
0.96759301424	-0.187344923615	-0.169309303164	
0.190546870232	0.268566995859	0.944226503372	
-0.113205522299	-0.94942098856	0.292889565229	
0.975128889084	-0.162700846791	-0.150505930185	
0.178741455078	0.225656792521	0.957669317722	
-0.161355152726	-0.953442931175	0.254776597023	
0.970575094223	-0.200064018369	-0.13400888443	
0.201187968254	0.244121417403	0.948645412922	
-0.115452677011	-0.955787837505	0.27044454217	
0.972725093365	-0.163933843374	-0.164108559489	
0.197729408741	0.273005545139	0.941472828388	
-0.135998278856	-0.943506777287	0.302157878876	
0.970776796341	-0.187784180045	-0.149430751801	
0.199124246836	0.272579401731	0.9413022995	
-0.157888770103	-0.939065337181	0.305331617594	
0.967171490192	-0.209419995546	-0.143953457475	
0.207082211971	0.241712957621	0.947993576527	
-0.120676159859	-0.955286979675	0.269933402538	
0.970852315426	-0.17029863596	-0.168653950095	
0.18639074266	0.231177270412	0.954890310764	
-0.150571480393	-0.953719079494	0.260284662247	
0.970869064331	-0.192293897271	-0.142955720425	
-0.359280139208	0.840765237808	0.405008137226	
-0.240018412471	-0.502634704113	0.830511569977	
0.901836454868	0.201176911592	0.38238582015	
-0.335900515318	0.845817685127	0.414443403482	
-0.23225094378	-0.500799715519	0.833822011948	
0.912814497948	0.183826372027	0.364660829306	
-0.338576674461	0.848149359226	0.407441407442	
-0.229357153177	-0.494345635176	0.838461518288	
0.912557482719	0.190433904529	0.361903011799	
-0.319050967693	0.862435340881	0.392952680588	
-0.246881350875	-0.475937843323	0.844116568565	
0.915017008781	0.172303512692	0.364767611027	
-0.333019644022	0.856875002384	0.393526524305	
-0.252279490232	-0.483102977276	0.83843100071	
0.908544421196	0.179935321212	0.377054780722	
-0.33990880847	0.847386181355	0.407919973135	
-0.231935560703	-0.495880663395	0.836844205856	
0.911409854889	0.189839571714	0.365093201399	
-0.332094728947	0.853151619434	0.402300089598	
-0.268962055445	-0.494449675083	0.826546370983	
0.904086530209	0.166288241744	0.393669575453	
-0.329209834337	0.85560041666	0.399460732937	
-0.24707788229	-0.486357659101	0.838098287582	
0.911357998848	0.177212283015	0.371513664722	
0.626017510891	0.179415792227	-0.758888721466	
0.488330215216	-0.848927617073	0.202127456665	
-0.607976734638	-0.497123599052	-0.619057714939	
0.597217023373	0.197194948792	-0.777461230755	
0.53380548954	-0.821183621883	0.201764985919	
-0.598651409149	-0.535510599613	-0.595688581467	
0.636366426945	0.178316086531	-0.750493884087	
0.491684049368	-0.843425810337	0.216517210007	
-0.594377458096	-0.506790161133	-0.624403059483	
0.639514148235	0.183482706547	-0.746562600136	
0.482828944921	-0.851547300816	0.204312056303	
-0.598245620728	-0.491122484207	-0.63316732645	
0.63232254982	0.188159614801	-0.751507937908	
0.505769371986	-0.835066020489	0.216476351023	
-0.586826622486	-0.516972601414	-0.623196482658	
0.643224596977	0.195499360561	-0.740298688412	
0.511610627174	-0.829076707363	0.225579991937	
-0.569663643837	-0.523843288422	-0.633302092552	
0.624618470669	0.191648319364	-0.757048666477	
0.507027506828	-0.836830794811	0.206488117576	
-0.593948543072	-0.512820780277	-0.619870901108	
0.620738744736	0.175200223923	-0.764191269875	
0.514963924885	-0.826083600521	0.228906095028	
-0.591181516647	-0.53562182188	-0.60300385952	
-0.383360683918	0.800732254982	-0.460285186768	
0.120667293668	0.537511765957	0.834578037262	
0.915682256222	0.264403045177	-0.302683055401	
-0.373827725649	0.803237020969	-0.463748961687	
0.105501361191	0.533580064774	0.839143455029	
0.921478331089	0.264768958092	-0.284209609032	
-0.322667211294	0.823629021645	-0.466391533613	
0.0943376868963	0.518278419971	0.849992871284	
0.941799461842	0.230266541243	-0.244930714369	
-0.333937287331	0.808445990086	-0.484665870667	
0.10627412051	0.543195664883	0.832853078842	
0.936585128307	0.226613283157	-0.267310172319	
-0.335849553347	0.800257623196	-0.49678248167	
0.0618602521718	0.545018196106	0.836139023304	
0.939882099628	0.250085830688	-0.232548251748	
-0.304880231619	0.797008991241	-0.521368145943	
0.0661358758807	0.563826799393	0.823240756989	
0.950091600418	0.216508701444	-0.224610537291	
-0.343143105507	0.791177868843	-0.506251335144	
0.0878947153687	0.563658297062	0.821318387985	
0.935161650181	0.237332910299	-0.2629558146	
-0.31628960371	0.813845217228	-0.487459540367	
0.108089737594	0.541408717632	0.833782494068	
0.942484736443	0.211027354002	-0.259210258722	
0.732484161854	0.523023486137	-0.43579056859	
-0.268445253372	-0.366363763809	-0.890906691551	
-0.625622987747	0.769560933113	-0.127952486277	
0.761086821556	0.480480343103	-0.435758501291	
-0.2727188766	-0.37250071764	-0.887055575848	
-0.588533103466	0.793965876102	-0.152469336987	
0.745600581169	0.491866499186	-0.449607700109	
-0.308434575796	-0.343355774879	-0.887116074562	
-0.590718090534	0.800108850002	-0.104297637939	
0.745496034622	0.473852157593	-0.468721419573	
