-0.513522744179	-0.0654523670673	0.855576038361	
-0.78048324585	0.449960768223	-0.434029072523	
-0.356567442417	-0.890646576881	-0.282149553299	
-0.508533477783	-0.078143812716	0.857488930225	
-0.783466041088	0.455100119114	-0.423160552979	
-0.357175916433	-0.887004733086	-0.292656689882	
-0.525759100914	-0.0751835256815	0.847304463387	
-0.773599565029	0.456470280886	-0.439520835876	
-0.353724569082	-0.886556446552	-0.298155337572	
-0.515393912792	-0.0726721435785	0.853866398335	
-0.776046991348	0.462210267782	-0.429083585739	
-0.363483399153	-0.883787572384	-0.29461735487	
-0.509474813938	-0.0612464435399	0.858303129673	
-0.778888463974	0.456788897514	-0.429740190506	
-0.365743279457	-0.887464225292	-0.280426561832	
-0.509317278862	-0.0758313536644	0.857231318951	
-0.777755916119	0.466936588287	-0.420792013407	
-0.368363440037	-0.881033360958	-0.296797156334	
-0.518706202507	-0.0727677345276	0.851850152016	
-0.771312713623	0.469644635916	-0.429547011852	
-0.368809700012	-0.879851579666	-0.299734264612	
-0.508687078953	-0.0739807635546	0.857767045498	
-0.778506278992	0.464971572161	-0.421579629183	
-0.367648512125	-0.882229149342	-0.294119536877	
-0.157125756145	0.708367884159	-0.688132584095	
-0.860061168671	0.244319364429	0.447887122631	
0.485392957926	0.662210702896	0.570850789547	
-0.15292930603	0.709263622761	-0.688155293465	
-0.85180824995	0.258440345526	0.455665737391	
0.501034259796	0.655861020088	0.56463354826	
-0.142155393958	0.706054151058	-0.693743050098	
-0.860230863094	0.258602946997	0.439462631941	
0.489688396454	0.659251153469	0.570607721806	
-0.139506235719	0.709916353226	-0.690330922604	
-0.857761323452	0.261687606573	0.442453563213	
0.49475607276	0.653864145279	0.572431743145	
-0.148279845715	0.709639489651	-0.688785076141	
-0.860514581203	0.250655204058	0.443493634462	
0.487368166447	0.65847080946	0.573487997055	
-0.153975650668	0.710896253586	-0.686234712601	
-0.85562312603	0.251417845488	0.45243576169	
0.494166523218	0.656822383404	0.569547057152	
-0.147324025631	0.704415261745	-0.694330453873	
-0.858974397182	0.256909936666	0.442899823189	
0.490365773439	0.661661863327	0.567225635052	
-0.146406516433	0.70759677887	-0.691282808781	
-0.856096148491	0.259504914284	0.446941405535	
0.495645582676	0.657239675522	0.567777693272	
0.787709116936	0.24868953228	0.563620269299	
0.215883225203	0.745449006557	-0.630634784698	
-0.576982438564	0.618432939053	0.533509075642	
0.783725082874	0.274045497179	0.55738145113	
0.20246373117	0.73566275835	-0.646381258965	
-0.587182641029	0.619434773922	0.521073043346	
0.775241971016	0.253707528114	0.578474223614	
0.223089054227	0.746806323528	-0.626507461071	
-0.59095788002	0.61474609375	0.522356212139	
0.777445793152	0.253134071827	0.575761437416	
0.221822977066	0.74625223875	-0.627616226673	
-0.588534295559	0.615654706955	0.52401971817	
0.782459199429	0.260717242956	0.565494596958	
0.20373994112	0.750958442688	-0.628133296967	
-0.588428139687	0.606702506542	0.534475803375	
0.784158229828	0.262514919043	0.562300443649	
0.219154179096	0.730581641197	-0.646700739861	
-0.580574989319	0.630346238613	0.515360355377	
0.777608692646	0.263841956854	0.570711970329	
0.209193512797	0.74741435051	-0.630563139915	
-0.592927336693	0.609720647335	0.526001811028	
0.778652966022	0.254508346319	0.573519945145	
0.221718862653	0.743468761444	-0.630947649479	
-0.586975574493	0.618449449539	0.522474825382	
0.944568693638	0.0812120437622	-0.318110913038	
-0.188455939293	0.927517652512	-0.322793006897	
0.268838822842	0.364850074053	0.891409039497	
0.949035704136	0.0704521164298	-0.307193398476	
-0.174077212811	0.929704964161	-0.324570149183	
0.262732565403	0.361504018307	0.894587278366	
0.950057804585	0.0855430439115	-0.300120979548	
-0.182045564055	0.933032035828	-0.310339540243	
0.253475099802	0.349476188421	0.902007102966	
0.956202328205	0.0773190557957	-0.282309830189	
-0.172794312239	0.927598297596	-0.331215143204	
0.236260890961	0.36549025774	0.90033197403	
0.949075400829	0.0746776908636	-0.306070506573	
-0.179617002606	0.926402628422	-0.330931842327	
0.258831292391	0.369054734707	0.89263933897	
0.951878786087	0.0811713710427	-0.295529991388	
-0.181003183126	0.927043616772	-0.328371733427	
0.247314795852	0.36606195569	0.897125422955	
0.949680328369	0.0860490947962	-0.301169037819	
-0.186720699072	0.927524864674	-0.323779344559	
0.251480847597	0.363721370697	0.896919250488	
0.951215684414	0.0835850611329	-0.296988725662	
-0.185607522726	0.923960447311	-0.334435254335	
0.24645203352	0.373243391514	0.894399642944	
-0.610271751881	0.37834957242	-0.696002840996	
0.729046106339	-0.0755013823509	-0.680287659168	
-0.309935718775	-0.922578513622	-0.229757934809	
-0.614329993725	0.37336653471	-0.695123076439	
0.732699453831	-0.0570098608732	-0.678160309792	
-0.292831242085	-0.925930500031	-0.238542601466	
-0.591193497181	0.374986618757	-0.714055538177	
0.74835395813	-0.075108140707	-0.659033477306	
-0.300760120153	-0.923982560635	-0.236219257116	
-0.593467056751	0.381646215916	-0.708620488644	
0.7509329319	-0.0542903207242	-0.658143043518	
-0.289649039507	-0.922712683678	-0.254371196032	
-0.613357305527	0.362298905849	-0.701806426048	
0.732392787933	-0.0716895982623	-0.677097737789	
-0.295623987913	-0.929300844669	-0.221373781562	
-0.622396588326	0.371119111776	-0.689124882221	
0.724707722664	-0.0593492947519	-0.68649572134	
-0.295670747757	-0.926686704159	-0.232014074922	
-0.608945846558	0.367286205292	-0.703054606915	
0.733518958092	-0.0765833631158	-0.675340592861	
-0.301885575056	-0.926949739456	-0.222776263952	
-0.60666012764	0.383401453495	-0.696395576	
0.737006902695	-0.0570906884968	-0.673469722271	
-0.297966986895	-0.921815574169	-0.247934862971	
0.588659405708	0.538996636868	-0.602463901043	
-0.693012416363	0.720178067684	-0.0328230708838	
0.416189730167	0.436836570501	0.797470927238	
0.591913819313	0.533378779888	-0.60427236557	
-0.688409149647	0.72448527813	-0.0348415710032	
0.419202685356	0.436609834433	0.796015679836	
0.578766644001	0.540896117687	-0.610295474529	
-0.693008840084	0.720692515373	-0.0184675324708	
0.429846346378	0.433628559113	0.79195857048	
0.591616213322	0.537582457066	-0.600828945637	
-0.690388321877	0.722676873207	-0.0331983119249	
0.416358351707	0.434445917606	0.798687934875	
0.594299674034	0.532200276852	-0.602968335152	
-0.681638658047	0.731210827827	-0.0264475904405	
0.426821529865	0.42672431469	0.797326624393	
0.588524878025	0.538102149963	-0.603394150734	
-0.690388381481	0.722868323326	-0.0287270117551	
0.42071646452	0.433482885361	0.796925485134	
0.593385457993	0.529347419739	-0.606370329857	
-0.680983543396	0.731779396534	-0.0275742206722	
0.42913299799	0.429290354252	0.794704139233	
0.584864735603	0.52694272995	-0.616655945778	
-0.69400280714	0.718617141247	-0.0441537536681	
0.419873028994	0.453784942627	0.78599357605	
0.229944720864	-0.811890780926	0.536617875099	
-0.948420524597	-0.0633020028472	0.310630679131	
-0.218229189515	-0.580367326736	-0.7845697999	
0.22583784163	-0.815376222134	0.53306555748	
-0.94854092598	-0.0593746602535	0.311038196087	
-0.221962571144	-0.575878679752	-0.786826789379	
0.220988452435	-0.813573777676	0.537830591202	
-0.952252566814	-0.0608775876462	0.299180448055	
-0.210663557053	-0.57826602459	-0.788181006908	
0.220219194889	-0.818072974682	0.531281590462	
-0.951078653336	-0.0590860769153	0.303246080875	
-0.216686069965	-0.572071194649	-0.791063666344	
0.238834917545	-0.814130067825	0.529292047024	
-0.946372747421	-0.0730228573084	0.314716160297	
-0.217569470406	-0.57607281208	-0.787910938263	
0.23349429667	-0.81762868166	0.526273429394	
-0.945567846298	-0.0647569969296	0.318916916847	
-0.226675748825	-0.572092533112	-0.788243770599	
0.235572934151	-0.803139448166	0.5472407341	
-0.948133528233	-0.066270314157	0.310887485743	
-0.213420197368	-0.59209394455	-0.777094960213	
0.226873144507	-0.81908839941	0.526899158955	
-0.949470877647	-0.0655431300402	0.306935042143	
-0.216872319579	-0.569910764694	-0.792570590973	
0.947590410709	-0.115800142288	0.297762870789	
-0.199958994985	-0.94185256958	0.270055711269	
0.249176234007	-0.315442562103	-0.915645778179	
0.946197867393	-0.12533710897	0.298328995705	
-0.207699179649	-0.942201018333	0.262903630733	
0.248134285212	-0.310721546412	-0.917541027069	
0.947440683842	-0.111508078873	0.299870073795	
-0.194155231118	-0.94536459446	0.261896014214	
0.254283040762	-0.306352287531	-0.917326807976	
0.948342144489	-0.110716126859	0.297303140163	
-0.195783287287	-0.941635370255	0.273846149445	
0.249631971121	-0.317906826735	-0.914668858051	
0.950229525566	-0.109291426837	0.291752010584	
-0.191970586777	-0.942951500416	0.272010505199	
0.245379582047	-0.314480215311	-0.917001128197	
0.945383429527	-0.12680414319	0.300284713507	
-0.208987534046	-0.942764997482	0.25984287262	
0.250148773193	-0.308406919241	-0.917774915695	
0.947360038757	-0.108711712062	0.301149100065	
-0.192107826471	-0.945467472076	0.263032138348	
0.256131976843	-0.30703920126	-0.916582405567	
0.944534540176	-0.126439332962	0.303096592426	
-0.210219919682	-0.941835165024	0.262210071087	
0.252313375473	-0.311383426189	-0.91617590189	
-0.995327830315	-0.0917309969664	-0.0301327332854	
0.0745949968696	-0.532413542271	-0.843191206455	
0.0613036938012	-0.841499388218	0.53676867485	
-0.995032548904	-0.0921907052398	-0.0375648587942	
0.0820513963699	-0.545818090439	-0.833876609802	
0.0563720911741	-0.8328166008	0.550671160221	
-0.994484901428	-0.103008002043	-0.0197266992182	
0.072986766696	-0.544645965099	-0.835484087467	
0.07531747967	-0.832316100597	0.549160420895	
-0.994430303574	-0.102515280247	-0.0244744811207	
0.075291313231	-0.528469145298	-0.845607221127	
0.0737536549568	-0.842740118504	0.533244252205	
-0.995463311672	-0.0908578559756	-0.0282428339124	
0.072753071785	-0.535571813583	-0.841349959373	
0.0613171868026	-0.839587807655	0.539752304554	
-0.995289206505	-0.0945021361113	-0.0216510761529	
0.0698790177703	-0.54445618391	-0.835873425007	
0.0672037601471	-0.833448708057	0.54849511385	
-0.996196568012	-0.0832061991096	-0.0258670970798	
0.0668749287724	-0.5397990942	-0.839133322239	
0.055858053267	-0.83767157793	0.543310403824	
-0.994843780994	-0.0984783545136	-0.0242449343204	
0.0721921622753	-0.519714057446	-0.851284682751	
0.071232676506	-0.848645567894	0.524143695831	
-0.987655043602	0.0702957883477	0.139985799789	
0.0767018198967	0.996214926243	0.0408986136317	
-0.136580944061	0.0511308908463	-0.989308476448	
-0.988720476627	0.0571313016117	0.138448044658	
0.0654386430979	0.996272146702	0.0562102496624	
-0.13472057879	0.0646360740066	-0.988773226738	
-0.98512762785	0.0582622513175	0.161644920707	
0.0705981776118	0.99492841959	0.0716474503279	
-0.156650781631	0.0819937214255	-0.984244644642	
-0.985804855824	0.0514320023358	0.159823283553	
0.0630128458142	0.995675981045	0.0682551562786	
-0.155621707439	0.0773571804166	-0.984783113003	
-0.984575331211	0.0684140473604	0.16103091836	
0.0756724849343	0.996354997158	0.0393749438226	
-0.157750174403	0.0509532094002	-0.98616361618	
-0.983874022961	0.0634437203407	0.167232871056	
0.0725752413273	0.996155381203	0.0490638390183	
-0.163477137685	0.0604096017778	-0.984695851803	
-0.985651612282	0.0569590851665	0.158891633153	
0.0716480016708	0.993513703346	0.0883013159037	
-0.152831450105	0.0984186008573	-0.983339369297	
-0.98737257719	0.0658176615834	0.144095093012	
0.0746265649796	0.995603919029	0.0566008500755	
-0.139736309648	0.0666394531727	-0.987943828106	
-0.884091794491	-0.466660946608	-0.024683939293	
-0.220300033689	0.369611859322	0.902693152428	
-0.412128180265	0.803501486778	-0.429576218128	
-0.886310219765	-0.461516439915	-0.038168117404	
-0.233866453171	0.374935388565	0.897067427635	
-0.399700790644	0.80400621891	-0.440242260695	
-0.882021129131	-0.469534575939	-0.0396991074085	
-0.234848916531	0.364992618561	0.900903105736	
-0.408515274525	0.803938865662	-0.432200878859	
-0.887470781803	-0.459836542606	-0.0307569038123	
-0.222831115127	0.369723975658	0.90202575922	
-0.403412818909	0.807375073433	-0.430585116148	
-0.894994854927	-0.44500669837	-0.0308749265969	
-0.22048471868	0.381144732237	0.897839188576	
-0.387776643038	0.810368895531	-0.439239740372	
-0.889159560204	-0.457308083773	-0.0162656866014	
-0.220243006945	0.396526962519	0.891212284565	
-0.401108801365	0.796012341976	-0.453294664621	
-0.894581377506	-0.446118861437	-0.0264978613704	
-0.208895564079	0.365000009537	0.90726929903	
-0.395078241825	0.817161500454	-0.419714450836	
-0.893810749054	-0.447162181139	-0.0338866636157	
-0.219578444958	0.370511800051	0.902500033379	
-0.391008466482	0.814105033875	-0.429354637861	
0.887756407261	-0.454548865557	0.0726216956973	
0.0191358160228	0.194072306156	0.980800569057	
-0.45991563797	-0.869322299957	0.180987104774	
0.889745652676	-0.452266812325	0.0617044456303	
0.0269260201603	0.18694961071	0.982000410557	
-0.455661803484	-0.872069120407	0.178515344858	
0.889463603497	-0.453999787569	0.0523324385285	
0.0415357127786	0.194346100092	0.980053246021	
-0.45511457324	-0.869548022747	0.191720992327	
0.88962584734	-0.45309266448	0.0572095960379	
0.0367168746889	0.195825055242	0.979951262474	
-0.455211788416	-0.86968934536	0.190847173333	
0.894203662872	-0.443746387959	0.0590668283403	
0.0365290790796	0.203834682703	0.978323578835	
-0.446167439222	-0.872662901878	0.198479369283	
0.895823001862	-0.44185885787	0.0475587844849	
0.0347855426371	0.176403418183	0.983703076839	
-0.443047463894	-0.879569530487	0.173396542668	
0.889734387398	-0.453215032816	0.0544870272279	
0.0368807092309	0.190344810486	0.981024265289	
-0.454986304045	-0.870841562748	0.18607121706	
0.898156344891	-0.4361102283	0.0558843389153	
0.0366272963583	0.200875803828	0.978931725025	
-0.438147962093	-0.877186834812	0.196391418576	
0.199036329985	-0.370488703251	-0.907261073589	
0.681743443012	0.717400550842	-0.143395423889	
0.703996002674	-0.589978396893	0.395367026329	
0.199214100838	-0.376980036497	-0.904543995857	
0.678224384785	0.719298005104	-0.150406315923	
0.707336843014	-0.583520710468	0.398971349001	
0.196158617735	-0.375850588083	-0.905681014061	
0.683895587921	0.714343547821	-0.148324221373	
0.702715158463	-0.590296208858	0.397167205811	
0.19775813818	-0.362032115459	-0.910947024822	
0.673709571362	0.725231289864	-0.141968131065	
0.712044298649	-0.585638403893	0.387324899435	
0.198670387268	-0.361332446337	-0.911026299	
0.677749276161	0.722111046314	-0.138605698943	
0.7079449296	-0.589910566807	0.388354897499	
0.196675866842	-0.360058426857	-0.911962985992	
0.688941121101	0.712556838989	-0.132751002908	
0.697623610497	-0.602179884911	0.388201802969	
0.199262782931	-0.379726052284	-0.903383910656	
0.67196559906	0.72394746542	-0.156084239483	
0.713271737099	-0.57594114542	0.399418652058	
0.195641770959	-0.361134976149	-0.911759734154	
0.677710413933	0.721787333488	-0.140469253063	
0.70882499218	-0.590427398682	0.385956704617	
-0.449402779341	0.862924873829	0.2310795784	
0.79941701889	0.273020982742	0.535156011581	
0.398709863424	0.425229549408	-0.812533259392	
-0.451389551163	0.857806861401	0.245794296265	
0.794713258743	0.261190503836	0.547914505005	
0.405805706978	0.442658871412	-0.799609184265	
-0.451726108789	0.855363726616	0.253567367792	
0.801334440708	0.264067947865	0.536778569221	
0.392181873322	0.445669144392	-0.804718792439	
-0.450842171907	0.858926594257	0.242871239781	
0.79750674963	0.26540440321	0.541796505451	
0.400904327631	0.437956184149	-0.804655253887	
-0.429552465677	0.870606422424	0.239852368832	
0.803841114044	0.247603029013	0.540862500668	
0.411490172148	0.425132006407	-0.806187689304	
-0.446327537298	0.857737720013	0.255103260279	
0.797705113888	0.252167731524	0.547793745995	
0.405534535646	0.447992622852	-0.796771228313	
-0.442930042744	0.863174796104	0.242368087173	
0.801964938641	0.260587394238	0.537537395954	
0.400830626488	0.432462155819	-0.807657897472	
-0.454859286547	0.862263202667	0.222722262144	
0.790817141533	0.276073426008	0.546252429485	
0.409525662661	0.424600571394	-0.807467103004	
-0.836510956287	-0.499072492123	0.226221159101	
0.528572499752	-0.84377104044	0.0930673703551	
0.144431501627	0.197426170111	0.969619750977	
-0.834198355675	-0.494618713856	0.243855282664	
0.528933465481	-0.842745006084	0.100051112473	
0.156020671129	0.212445691228	0.964636921883	
-0.839979946613	-0.495553433895	0.221044063568	
0.525140464306	-0.844972133636	0.10124052316	
0.136605978012	0.201119184494	0.969994783401	
-0.839996635914	-0.493510812521	0.225505560637	
0.526907145977	-0.841134250164	0.12190990895	
0.129516601563	0.221224397421	0.966584324837	
-0.833217322826	-0.507620155811	0.219250157475	
0.533890783787	-0.841753542423	0.080072760582	
0.143908053637	0.183773651719	0.972377359867	
-0.842198908329	-0.482612431049	0.240387678146	
0.518162608147	-0.847723066807	0.113459713757	
0.149025112391	0.220115557313	0.964023172855	
-0.836076140404	-0.503773987293	0.217229142785	
0.535030305386	-0.836297690868	0.11978624016	
0.121323041618	0.216374590993	0.968742847443	
-0.849997997284	-0.481980085373	0.212599664927	
0.511443376541	-0.851742684841	0.113842390478	
0.126210436225	0.205498501658	0.970485091209	
-0.0209769755602	0.508177638054	0.86099678278	
0.586829125881	0.703489601612	-0.400916427374	
-0.809439003468	0.496847987175	-0.312970519066	
-0.00147872162051	0.507727742195	0.861516296864	
0.588075757027	0.697241306305	-0.40990421176	
-0.808804512024	0.506030678749	-0.299613386393	
-0.0118606220931	0.517986834049	0.855306327343	
0.593657374382	0.691950142384	-0.410823464394	
-0.80463051796	0.502886295319	-0.31571367383	
-0.00299088237807	0.51660078764	0.856221139431	
0.590798318386	0.69173002243	-0.415291368961	
-0.806813716888	0.504611968994	-0.307275772095	
-0.000361587357474	0.50410169363	0.863644242287	
0.586920797825	0.699351727962	-0.407959789038	
-0.809644281864	0.506743252277	-0.296120613813	
-0.00276527344249	0.497847735882	0.867260038853	
0.591376841068	0.700169861317	-0.400044560432	
-0.806390583515	0.511771261692	-0.296351760626	
-0.0186192244291	0.517528891563	0.855463147163	
0.588671267033	0.697263598442	-0.409010529518	
-0.808158040047	0.495971143246	-0.317636907101	
-0.0091251032427	0.500515699387	0.865679383278	
0.584171414375	0.705294013023	-0.401626855135	
-0.811579048634	0.502040266991	-0.298822820187	
0.738751649857	0.664201974869	0.114375367761	
-0.672792971134	0.716698646545	0.183555647731	
0.0399453565478	-0.212552979589	0.976332724094	
0.73661416769	0.663964807987	0.128647953272	
-0.675746619701	0.714774608612	0.180176943541	
0.02767685242	-0.219654321671	0.975185096264	
0.735855400562	0.667604207993	0.113231800497	
-0.675615608692	0.712652742863	0.188864141703	
0.045391548425	-0.215477868915	0.975453197956	
0.727667093277	0.676203548908	0.115105874836	
-0.684173882008	0.703509569168	0.192302823067	
0.049057777971	-0.218684881926	0.974561572075	
0.740767240524	0.659436166286	0.128093108535	
-0.671120047569	0.718147814274	0.184015408158	
0.029356636107	-0.222278431058	0.974541187286	
0.726771175861	0.674082875252	0.131969451904	
-0.686399698257	0.70555138588	0.176217749715	
0.0256741419435	-0.218653768301	0.975464701653	
0.732542335987	0.668589293957	0.127945423126	
-0.679535746574	0.707144737244	0.195390477777	
0.0401600562036	-0.23007529974	0.972343862057	
0.720045149326	0.683188855648	0.121605791152	
-0.693197667599	0.70012396574	0.171182408929	
0.0318107865751	-0.207555919886	0.977705776691	
-0.220553472638	-0.958233773708	-0.182055383921	
-0.918814122677	0.266749471426	-0.290904372931	
0.32731756568	0.103115096688	-0.939271271229	
-0.208305001259	-0.960389018059	-0.185099825263	
-0.922378480434	0.255841493607	-0.289418518543	
0.325310587883	0.110444769263	-0.939135253429	
-0.215779989958	-0.962881147861	-0.162169411778	
-0.924246251583	0.25498226285	-0.284170508385	
0.314972728491	0.0885661616921	-0.94495934248	
-0.203707262874	-0.966019511223	-0.159089997411	
-0.921201169491	0.244148313999	-0.302952200174	
0.331499278545	0.0848403275013	-0.939633071423	
-0.200926527381	-0.963072896004	-0.179218009114	
-0.923281133175	0.247319057584	-0.293913632631	
0.327384293079	0.106413558125	-0.93888002634	
-0.209224864841	-0.959318399429	-0.189560368657	
-0.921008229256	0.258459538221	-0.29144898057	
0.32858607173	0.113608278334	-0.937616288662	
-0.201908022165	-0.967538297176	-0.151995912194	
-0.922763168812	0.239937841892	-0.301559209824	
0.328239679337	0.0793690085411	-0.941254079342	
-0.211381971836	-0.964015960693	-0.161216929555	
-0.920813798904	0.251725822687	-0.297886013985	
0.327749311924	0.0854830443859	-0.94088947773	
0.109344862401	0.860463917255	0.497639983892	
0.925838410854	-0.270366132259	0.264055609703	
0.361755311489	0.431861072779	-0.826213717461	
0.108936004341	0.869213223457	0.482287555933	
0.920548558235	-0.27130612731	0.281039774418	
0.375131070614	0.413353770971	-0.829707980156	
0.0975605621934	0.872313678265	0.479114592075	
0.925373256207	-0.256689101458	0.278917580843	
0.366287112236	0.416148483753	-0.832258462906	
0.103484414518	0.868332028389	0.485067486763	
0.920718610287	-0.268115252256	0.283533841372	
0.376255512238	0.417269319296	-0.827235221863	
0.112696401775	0.862541675568	0.493276178837	
0.922757863998	-0.274978488684	0.270008772612	
0.368534147739	0.424745470285	-0.826906204224	
0.100686885417	0.875388503075	0.472818225622	
0.919977009296	-0.2628647089	0.29076525569	
0.378819793463	0.405705660582	-0.831804335117	
0.115697525442	0.87013810873	0.47903418541	
0.925125718117	-0.269968867302	0.26694431901	
0.361602723598	0.412282019854	-0.83622187376	
0.109444178641	0.873300135136	0.47473025322	
0.924960315228	-0.264357089996	0.273063629866	
0.363964825869	0.409221410751	-0.836700320244	
0.924663841724	-0.0492115244269	-0.377591013908	
-0.00680137379095	-0.993589997292	0.112839274108	
-0.380723625422	-0.10177025944	-0.919071435928	
0.924702107906	-0.0451685898006	-0.378002405167	
0.00244355085306	-0.992211580276	0.124539829791	
-0.380683660507	-0.116085909307	-0.917389810085	
0.924234747887	-0.0509890988469	-0.378404855728	
-0.00484460918233	-0.992529571056	0.121908143163	
-0.38179397583	-0.110838517547	-0.917577326298	
0.922593414783	-0.0514633134007	-0.382325649261	
-0.00360487168655	-0.992168724537	0.124852873385	
-0.385756909847	-0.113810203969	-0.915553867817	
0.927765607834	-0.0418490320444	-0.370809406042	
0.0042130574584	-0.992453634739	0.122547999024	
-0.373139679432	-0.115258060396	-0.920588076115	
0.927380502224	-0.0549440868199	-0.370062917471	
-0.015200576745	-0.993873894215	0.10946995765	
-0.373810589314	-0.0958951339126	-0.922534406185	
0.920072317123	-0.045225199312	-0.389129281044	
0.005218971055	-0.99181073904	0.127609699965	
-0.391713768244	-0.119441002607	-0.912301599979	
0.923384010792	-0.0508467704058	-0.380495131016	
-0.00319792283699	-0.992173433304	0.124826580286	
-0.383864194155	-0.11404607445	-0.916319668293	
0.810423970222	-0.571635246277	0.12824267149	
0.147687494755	-0.0124848559499	-0.988955259323	
0.566922783852	0.820412874222	0.0743053480983	
0.815129995346	-0.567478477955	0.11632399261	
0.131271287799	-0.0146290380508	-0.991238534451	
0.564208269119	0.823258280754	0.0625690594316	
0.809969305992	-0.573016643524	0.124906465411	
0.134429603815	-0.0259094387293	-0.990584373474	
0.570857584476	0.819134056568	0.0560445524752	
0.810465693474	-0.573630750179	0.118714310229	
0.133090674877	-0.0170412622392	-0.990957379341	
0.570466637611	0.818936705589	0.0625335425138	
0.816590964794	-0.562939167023	0.127587929368	
0.146248042583	-0.0120473057032	-0.989174604416	
0.558382213116	0.826410531998	0.0724910348654	
0.826282978058	-0.553907692432	0.102189570665	
0.128992766142	0.00948412436992	-0.99160015583	
0.548285782337	0.832524061203	0.0792866498232	
0.809579491615	-0.573381543159	0.125756338239	
0.136252447963	-0.0248302966356	-0.990362942219	
0.570978403091	0.818912088871	0.0580225400627	
0.830827414989	-0.545163750648	0.11190290004	
0.128334671259	-0.00797927659005	-0.991698801517	
0.541531145573	0.838291585445	0.0633340105414	
0.209162354469	0.976700186729	-0.0480398088694	
-0.669776976109	0.107293844223	-0.734769940376	
-0.712495565414	0.18586216867	0.676613152027	
0.199555501342	0.978518366814	-0.0517625845969	
-0.677538514137	0.0996268466115	-0.72870850563	
-0.707897722721	0.180488929152	0.682864964008	
0.219530388713	0.974486291409	-0.0467211715877	
-0.660466611385	0.113200798631	-0.742273151875	
-0.71804612875	0.19380928576	0.668466687202	
0.211340174079	0.975953698158	-0.0533827841282	
-0.674136817455	0.106000393629	-0.730960667133	
-0.707725167274	0.190468654037	0.680328428745	
0.193743556738	0.980514585972	-0.0324751585722	
-0.664915561676	0.106899499893	-0.739229202271	
-0.721353411674	0.164814129472	0.672670483589	
0.197511300445	0.97792506218	-0.0682042464614	
-0.663812279701	0.0822248458862	-0.743365526199	
-0.721347749233	0.192097917199	0.66539901495	
0.185315534472	0.981641471386	-0.0451462417841	
-0.662789463997	0.0909391567111	-0.743263185024	
-0.725512385368	0.167660668492	0.667474091053	
0.221868693829	0.974041998386	-0.0449047349393	
-0.668684720993	0.118473351002	-0.734046876431	
-0.709672510624	0.192889139056	0.677612543106	
-0.499729961157	-0.845067083836	0.190083086491	
0.35607406497	-0.00037427560892	0.934457659721	
-0.789608240128	0.534660160542	0.301093518734	
-0.492668867111	-0.848208904266	0.194471105933	
0.34287828207	0.0161866415292	0.939240396023	
-0.799819886684	0.529414415359	0.282857775688	
-0.49972319603	-0.845227360725	0.189387097955	
0.367674589157	-0.00901818089187	0.929910778999	
-0.784278094769	0.534330844879	0.315275192261	
-0.498568981886	-0.842641830444	0.20342977345	
0.364876627922	0.00887650065124	0.931013584137	
-0.786316752434	0.538401246071	0.30303478241	
-0.503083705902	-0.838827848434	0.208025664091	
0.348566234112	0.0233192294836	0.936994016171	
-0.79082763195	0.543897151947	0.280655533075	
-0.499084532261	-0.841879010201	0.205315306783	
0.355367809534	0.0172500051558	0.934567391872	
-0.79033434391	0.539390563965	0.290567487478	
-0.514713525772	-0.836218953133	0.189229726791	
0.367256760597	-0.0156065924093	0.92998868227	
-0.774720907211	0.548173606396	0.315139979124	
-0.497824251652	-0.840266466141	0.214763298631	
0.365652412176	0.0211942158639	0.930510163307	
-0.78642821312	0.541759252548	0.296694457531	
-0.29647654295	-0.1734585464	0.939155876637	
0.871554791927	-0.451227813959	0.191795870662	
0.39050462842	0.875388801098	0.284957081079	
-0.302010923624	-0.185575604439	0.935067415237	
0.865408539772	-0.464753299952	0.187276303768	
0.39982175827	0.865774869919	0.300959289074	
-0.280077129602	-0.171124249697	0.944602191448	
0.86990737915	-0.461371898651	0.174347728491	
0.405977755785	0.870547235012	0.278081953526	
-0.287767231464	-0.178453356028	0.940927445889	
0.86600446701	-0.468003720045	0.176093131304	
0.408933132887	0.865521192551	0.289217531681	
-0.282059103251	-0.168533548713	0.944478213787	
0.869105279446	-0.461818754673	0.177142381668	
0.406323313713	0.870815634727	0.276733577251	
-0.286426186562	-0.171628519893	0.942604720592	
0.869201481342	-0.460417896509	0.18028897047	
0.403049379587	0.870952904224	0.281055510044	
-0.281633168459	-0.161105498672	0.945900499821	
0.870473325253	-0.4576369524	0.181230813265	
0.403681755066	0.874421775341	0.269123792648	
-0.288352102041	-0.176884874701	0.941044509411	
0.870436906815	-0.457939952612	0.180639341474	
0.398989528418	0.871207654476	0.286015093327	
0.165554404259	0.642189443111	-0.748454749584	
0.754703402519	-0.571033775806	-0.323022037745	
-0.634834289551	-0.511383593082	-0.579199671745	
0.170325607061	0.647484719753	-0.742800593376	
0.752282142639	-0.572318434715	-0.326379001141	
-0.636443853378	-0.50320494175	-0.584571659565	
0.156415104866	0.634302377701	-0.757096290588	
0.748068213463	-0.57659637928	-0.328527927399	
-0.644924998283	-0.514972925186	-0.564689815044	
0.1688234061	0.635918915272	-0.753064274788	
0.747106015682	-0.580916106701	-0.323062121868	
-0.642908453941	-0.50807839632	-0.573171079159	
0.149972334504	0.630726397038	-0.761375367641	
0.758773505688	-0.567130208015	-0.320353120565	
-0.633854150772	-0.529667377472	-0.563632309437	
0.167480647564	0.639407932758	-0.750405073166	
0.758591115475	-0.569727897644	-0.31614819169	
-0.629674375057	-0.516301870346	-0.580467522144	
0.146993473172	0.626732885838	-0.765244305134	
0.756424546242	-0.569724500179	-0.321303397417	
-0.637349843979	-0.531620085239	-0.557821929455	
0.159492924809	0.632743120193	-0.757758677006	
0.743931949139	-0.581613540649	-0.329075872898	
-0.648943185806	-0.511235594749	-0.563481032848	
-0.21533562243	-0.914740622044	-0.341877430677	
0.443160414696	-0.40350228548	0.800496578217	
-0.870195031166	0.0208688788116	0.492265224457	
-0.20737683773	-0.913155078888	-0.350916922092	
0.456278830767	-0.407593518496	0.790997564793	
-0.865334868431	0.0039186081849	0.50117880106	
-0.211767181754	-0.91190558672	-0.351543515921	
0.423926889896	-0.409809350967	0.807677090168	
-0.880591094494	0.0220107603818	0.473365485668	
-0.205500110984	-0.913198292255	-0.351907014847	
0.431455999613	-0.407288879156	0.804960548878	
-0.878416419029	0.0135870836675	0.477702826262	
-0.201424747705	-0.919070005417	-0.338730543852	
0.440498828888	-0.393870234489	0.806738495827	
-0.874865055084	0.0132866995409	0.484184473753	
-0.202689141035	-0.914123892784	-0.35113337636	
0.441951811314	-0.405374377966	0.800218880177	
-0.873839616776	0.00701163243502	0.486163675785	
-0.204101413488	-0.914172649384	-0.350187093019	
0.41837695241	-0.404858857393	0.813049852848	
-0.885044276714	0.0194344054908	0.465101003647	
-0.214519172907	-0.911288619041	-0.351474821568	
0.422938466072	-0.411033421755	0.807573258877	
-0.880400240421	0.0245877224952	0.473593562841	
0.938548207283	0.0217886213213	-0.344459682703	
0.174357697368	0.831369161606	0.527659654617	
0.297870129347	-0.555293262005	0.776481032372	
0.939876377583	-0.00761563749984	-0.341429948807	
0.197161018848	0.828419625759	0.524259924889	
0.27885466814	-0.560056209564	0.780113518238	
0.947594642639	0.00487140659243	-0.319438040257	
0.172539368272	0.833717882633	0.524542272091	
0.268876492977	-0.552169084549	0.789186120033	
0.946158230305	-0.00874878652394	-0.323586165905	
0.186561480165	0.83165448904	0.523015916348	
0.264536142349	-0.555224537849	0.788508951664	
0.944168150425	0.00678971130401	-0.329393982887	
0.176757693291	0.833281457424	0.523830831051	
0.278034567833	-0.552807271481	0.785557687283	
0.941169202328	-0.00643001729622	-0.337874591351	
0.191578388214	0.833784341812	0.517785072327	
0.278385192156	-0.552052795887	0.785963952541	
0.94822460413	-0.0136935999617	-0.317305117846	
0.186621174216	0.832424104214	0.521768808365	
0.256987512112	-0.553969860077	0.791880548	
0.945683419704	-0.0120868347585	-0.324864327908	
0.189829960465	0.831772565842	0.521650195122	
0.263908147812	-0.554984927177	0.7888879776	
-0.0723394751549	-0.0363922566175	0.996715903282	
-0.837132751942	0.54547303915	-0.0408408679068	
-0.542195379734	-0.837337911129	-0.069924376905	
-0.0910517275333	-0.0314128212631	0.995350599289	
-0.861055672169	0.504612863064	-0.0628414675593	
-0.500292658806	-0.862774074078	-0.0729940608144	
-0.0800134390593	-0.0261643584818	0.99645036459	
-0.841185986996	0.53810107708	-0.0534167215228	
-0.534793376923	-0.842474102974	-0.0650644078851	
-0.071491420269	-0.0201816260815	0.997237026691	
-0.856398761272	0.513790309429	-0.050996940583	
-0.511341512203	-0.857678353786	-0.0540151186287	
-0.063814856112	-0.022852813825	0.997700035572	
-0.841634631157	0.538450598717	-0.0414991267025	
-0.536263823509	-0.842347145081	-0.0535948649049	
-0.0659402906895	-0.00942692160606	0.997779011726	
-0.856103658676	0.51420968771	-0.0517191775143	
-0.512580096722	-0.857612669468	-0.041977558285	
-0.0810435563326	-0.0249053258449	0.996399343014	
-0.843922078609	0.533607602119	-0.0553039051592	
-0.530308902264	-0.845365405083	-0.0642636120319	
-0.0869719833136	-0.0245055798441	0.995909333229	
-0.848469316959	0.525698721409	-0.0611606985331	
-0.522049486637	-0.850317776203	-0.0665132924914	
0.928243458271	-0.0895040854812	-0.361044436693	
-0.112645700574	0.857403934002	-0.502164781094	
0.354506701231	0.506801307201	0.785797357559	
0.927374303341	-0.115051738918	-0.356005609035	
-0.0951327234507	0.84775441885	-0.521787464619	
0.361837893724	0.51776009798	0.7752404809	
0.91513299942	-0.0956721827388	-0.391635596752	
-0.122634477913	0.859338343143	-0.496486097574	
0.38404738903	0.502378821373	0.774676144123	
0.918985962868	-0.093605145812	-0.383018195629	
-0.119354620576	0.859795093536	-0.496494621038	
0.375791609287	0.501986563206	0.778967380524	
0.916596233845	-0.108099445701	-0.384923130274	
-0.114418648183	0.851566791534	-0.511607587337	
0.3830922544	0.512979984283	0.768174350262	
0.919222772121	-0.119902923703	-0.375037014484	
-0.100801967084	0.84909594059	-0.518531620502	
0.380615860224	0.514450550079	0.768421888351	
0.923638701439	-0.104393169284	-0.368773132563	
-0.102563522756	0.859773635864	-0.500270009041	
0.369286179543	0.499891400337	0.783413231373	
0.929137408733	-0.113939933479	-0.351740419865	
-0.0903978645802	0.8524543643	-0.514926970005	
0.35851341486	0.510234475136	0.781747341156	
-0.958039820194	0.263295948505	-0.113291181624	
-0.272735446692	-0.958944559097	0.0777220651507	
-0.0881760567427	0.105359360576	0.990517258644	
-0.959218144417	0.257502019405	-0.116590134799	
-0.265276581049	-0.962503254414	0.0567078106105	
-0.0976160094142	0.0853237956762	0.991559863091	
-0.964311361313	0.246608778834	-0.0963729470968	
-0.252973139286	-0.965584516525	0.0604241676629	
-0.078155092895	0.08264747262	0.993509531021	
-0.958262264729	0.260608166456	-0.117545045912	
-0.268717378378	-0.961401224136	0.059149172157	
-0.0975931957364	0.0882668122649	0.991304457188	
-0.961981117725	0.255698502064	-0.0959719642997	
-0.26381918788	-0.960878133774	0.0843367576599	
-0.0706525743008	0.106449611485	0.991804778576	
-0.963688790798	0.243650794029	-0.109262347221	
-0.252163559198	-0.964988648891	0.0721836388111	
-0.0878493189812	0.0971145480871	0.991388559341	
-0.95911771059	0.253163516521	-0.126497000456	
-0.263721853495	-0.961685121059	0.0749164074659	
-0.102684177458	0.105213671923	0.989134013653	
-0.958716154099	0.253230631351	-0.129373833537	
-0.262924164534	-0.962687492371	0.0640600770712	
-0.108324602246	0.0954309403896	0.989524483681	
0.215659573674	0.249712005258	0.943999409676	
-0.147175356746	-0.947391986847	0.284232079983	
0.965313613415	-0.200230807066	-0.167562693357	
0.203679546714	0.251325845718	0.946229338646	
-0.141746103764	-0.948736011982	0.282503038645	
0.968722164631	-0.191664412618	-0.157613664865	
0.195764929056	0.232924550772	0.952587127686	
-0.160503461957	-0.950673162937	0.265441417694	
0.967426836491	-0.20485766232	-0.148723274469	
0.205103233457	0.241432979703	0.948495030403	
-0.142891302705	-0.951327562332	0.27305290103	
0.968253433704	-0.19153572619	-0.16062168777	
0.205618590117	0.253545761108	0.945217192173	
-0.15122063458	-0.94602304697	0.286657840014	
0.966878116131	-0.201878517866	-0.156178578734	
0.205075383186	0.252893984318	0.945509791374	
-0.16166806221	-0.944019377232	0.287560194731	
0.96530175209	-0.211830258369	-0.15271024406	
0.212151393294	0.240796908736	0.947105407715	
-0.147452101111	-0.950183153152	0.274608641863	
0.96604847908	-0.197911292315	-0.166076660156	
0.202497065067	0.236842125654	0.950210869312	
-0.157954439521	-0.949708402157	0.270378142595	
0.966460227966	-0.204840809107	-0.154902890325	
-0.345108807087	0.839325368404	0.420039117336	
-0.240117505193	-0.511596381664	0.824992597103	
0.907327651978	0.183853462338	0.378093123436	
-0.335488528013	0.841363549232	0.423739105463	
-0.239303693175	-0.511167824268	0.825494527817	
0.911142766476	0.175541624427	0.372832357883	
-0.335703372955	0.842343986034	0.4216157794	
-0.237802609801	-0.50887876749	0.827340483665	
0.91145658493	0.177479669452	0.371143907309	
-0.327301323414	0.84856981039	0.415695905685	
-0.243940338492	-0.500894784927	0.830420076847	
0.912889361382	0.170392587781	0.370943933725	
-0.33267056942	0.846810698509	0.415020436049	
-0.247974261642	-0.503149032593	0.827858567238	
0.909856617451	0.172489792109	0.377370119095	
-0.33471056819	0.843213379383	0.420666158199	
-0.239624410868	-0.507902503014	0.827414751053	
0.911344587803	0.176142588258	0.372054845095	
-0.332806140184	0.845256686211	0.418068438768	
-0.252280533314	-0.506988525391	0.824207007885	
0.908622384071	0.168830618262	0.381970703602	
-0.331218957901	0.845377385616	0.419083625078	
-0.244700580835	-0.505918622017	0.827144443989	
0.911271452904	0.171415925026	0.374434173107	
0.635270357132	0.184119388461	-0.750021100044	
0.486798524857	-0.849406599998	0.203802838922	
-0.599548816681	-0.494579046965	-0.629231870174	
0.623674631119	0.190430983901	-0.758133232594	
0.504532456398	-0.83886307478	0.20434217155	
-0.597056865692	-0.509945869446	-0.619256258011	
0.637174189091	0.182888641953	-0.748706102371	
0.488490372896	-0.847226917744	0.208767190576	
-0.59614276886	-0.498756766319	-0.629170417786	
0.639212489128	0.186883285642	-0.745977222919	
0.486340612173	-0.849650502205	0.203879565001	
-0.595718204975	-0.493121385574	-0.633996129036	
0.637003183365	0.187003269792	-0.747834682465	
0.493460088968	-0.8442299366	0.209219872952	
-0.592219650745	-0.502300322056	-0.630055785179	
0.641418278217	0.190630227327	-0.743130385876	
0.496953129768	-0.841192424297	0.213149815798	
-0.584482848644	-0.506019175053	-0.634290456772	
0.633100926876	0.190297499299	-0.750313341618	
0.495593726635	-0.84424495697	0.204052269459	
-0.594617605209	-0.501036226749	-0.628802478313	
0.631760776043	0.18193936348	-0.753509402275	
0.497477948666	-0.840635359287	0.2141212672	
-0.594469547272	-0.510127723217	-0.62159126997	
-0.346321612597	0.81036400795	-0.472622007132	
0.102260902524	0.533407509327	0.83965420723	
0.932525634766	0.242459625006	-0.267599076033	
-0.341801166534	0.810170173645	-0.476231336594	
0.0945825949311	0.533834993839	0.840282261372	
0.935000598431	0.242166265845	-0.259093433619	
-0.324486106634	0.818284153938	-0.47446796298	
0.0896522477269	0.52595770359	0.845772385597	
0.941632211208	0.231904268265	-0.244026973844	
-0.327084362507	0.812457025051	-0.482627660036	
0.0951815471053	0.536446452141	0.838549733162	
0.940189480782	0.228339254856	-0.252794146538	
-0.328827083111	0.80939000845	-0.486580461264	
0.0781035944819	0.536774814129	0.840102732182	
0.941154897213	0.238244861364	-0.239722371101	
-0.315284818411	0.807460308075	-0.49860137701	
0.0780832767487	0.545689284801	0.83434176445	
0.945779323578	0.224122866988	-0.235096693039	
-0.332110017538	0.80424618721	-0.492839694023	
0.0889460369945	0.546870529652	0.832478940487	
0.939037561417	0.232638478279	-0.253155708313	
-0.320324361324	0.814224421978	-0.484180599451	
0.0952299982309	0.536200463772	0.838701546192	
0.942509174347	0.222548022866	-0.24929665029	
0.754644334316	0.509295344353	-0.413678884506	
-0.263998538256	-0.341510504484	-0.902039527893	
-0.600680232048	0.789929628372	-0.123265750706	
0.765417635441	0.494022011757	-0.412405282259	
-0.263940811157	-0.343468785286	-0.90131264925	
-0.5869166255	0.798731148243	-0.132504478097	
0.759040176868	0.496696412563	-0.420892685652	
-0.281407624483	-0.332670837641	-0.900077700615	
-0.587084114552	0.801637530327	-0.11273638159	
0.757475137711	0.493574351072	-0.427335649729	
