-0.51404607296	-0.0690069049597	0.854982256889	
-0.773714721203	0.46760815382	-0.427443742752	
-0.370300114155	-0.881238162518	-0.293763786554	
-0.512966990471	-0.0710883885622	0.855459690094	
-0.7741933465	0.468786895275	-0.425280511379	
-0.370795786381	-0.880446076393	-0.295508354902	
-0.515960693359	-0.0704506039619	0.85371029377	
-0.772474884987	0.468999803066	-0.428160905838	
-0.37022575736	-0.880383968353	-0.296406805515	
-0.514102637768	-0.0701606199145	0.854854345322	
-0.773010492325	0.469788789749	-0.426325351	
-0.371689736843	-0.879986345768	-0.295754551888	
-0.513819992542	-0.0682763233781	0.85517680645	
-0.773052692413	0.469082474709	-0.427025943995	
-0.37199267745	-0.88051122427	-0.293805152178	
-0.513258457184	-0.0710515081882	0.855287909508	
-0.773287117481	0.470571905375	-0.424957841635	
-0.372280567884	-0.879496335983	-0.296468228102	
-0.514445066452	-0.0703341513872	0.854634046555	
-0.77233839035	0.471060335636	-0.426140338182	
-0.372611999512	-0.879292488098	-0.296656429768	
-0.513107299805	-0.0702587366104	0.855444073677	
-0.773346602917	0.470214813948	-0.42524471879	
-0.372365325689	-0.879750967026	-0.295605003834	
-0.141038015485	0.711605846882	-0.688277125359	
-0.861679553986	0.254080086946	0.439262658358	
0.487459391356	0.655027091503	0.577341198921	
-0.140562802553	0.711501419544	-0.688482284546	
-0.860452353954	0.25619789958	0.440436571836	
0.489758968353	0.654315173626	0.576201200485	
-0.138639613986	0.710987389088	-0.689402639866	
-0.861786603928	0.256380140781	0.437713474035	
0.487957894802	0.654802381992	0.577174961567	
-0.138379514217	0.711477577686	-0.688949048519	
-0.861397147179	0.256812095642	0.438226550817	
0.488718807697	0.654100298882	0.57732719183	
-0.139678195119	0.711777091026	-0.688377380371	
-0.861769556999	0.255014359951	0.43854406476	
0.487691730261	0.654477715492	0.577767848969	
-0.140224784613	0.711697340012	-0.688348710537	
-0.860945701599	0.255702018738	0.439760178328	
0.488988310099	0.65429610014	0.576876997948	
-0.139310628176	0.710962831974	-0.689292728901	
-0.861561834812	0.256125301123	0.438304781914	
0.488163709641	0.654928803444	0.576857447624	
-0.139331683517	0.711374461651	-0.688863575459	
-0.860965788364	0.256643593311	0.439171880484	
0.489208072424	0.654278516769	0.576710522175	
0.773042738438	0.256865501404	0.580021560192	
0.217734381557	0.751360177994	-0.622936308384	
-0.595815956593	0.607847034931	0.524905085564	
0.772167205811	0.261120885611	0.579287290573	
0.215817734599	0.749690711498	-0.625608921051	
-0.597645819187	0.608095109463	0.522532045841	
0.770965695381	0.257805168629	0.582364439964	
0.218646913767	0.751688957214	-0.622219562531	
-0.598168373108	0.607042133808	0.52315813303	
0.771376550198	0.25778183341	0.581830561161	
0.218357145786	0.751562178135	-0.622474491596	
-0.59774440527	0.607209026814	0.523448884487	
0.772190093994	0.258757561445	0.580316305161	
0.216114163399	0.751908838749	-0.622838437557	
-0.597509145737	0.606364250183	0.524695396423	
0.772199451923	0.259357720613	0.580035865307	
0.218414530158	0.74891012907	-0.62564265728	
-0.596659958363	0.609809160233	0.521660447121	
0.7715280056	0.259078174829	0.581053376198	
0.216669648886	0.751721799374	-0.622871220112	
-0.598162829876	0.606459259987	0.523840069771	
0.771571397781	0.257662445307	0.581624984741	
0.218634262681	0.751196205616	-0.622818827629	
-0.597391545773	0.607712328434	0.523267686367	
0.94890922308	0.0994663313031	-0.29946243763	
-0.195870697498	0.929722607136	-0.31185016036	
0.247398406267	0.354573398829	0.901704907417	
0.949703216553	0.0974035263062	-0.297617793083	
-0.193178743124	0.930238604546	-0.311990648508	
0.246466562152	0.353791952133	0.902266860008	
0.949549019337	0.100318089128	-0.297141253948	
-0.195128902793	0.93071782589	-0.309336453676	
0.245522603393	0.35171097517	0.903337180614	
0.950597405434	0.099061653018	-0.294196039438	
-0.193776190281	0.929756104946	-0.313056468964	
0.242518663406	0.354598879814	0.903019547462	
0.949620306492	0.0988369584084	-0.297409772873	
-0.1947799474	0.929562389851	-0.313008755445	
0.245524123311	0.355168938637	0.901982784271	
0.95004683733	0.0999882668257	-0.295657485723	
-0.195044577122	0.929740130901	-0.31231534481	
0.243656784296	0.354380607605	0.902798831463	
0.949621677399	0.100483290851	-0.296853095293	
-0.195880115032	0.929699063301	-0.311914473772	
0.244641855359	0.354348361492	0.90254509449	
0.949966132641	0.100439824164	-0.295763671398	
-0.195913821459	0.929074585438	-0.313748538494	
0.243273675442	0.355994671583	0.902266979218	
-0.609430611134	0.402702510357	-0.682953178883	
0.730406343937	-0.0498831011355	-0.681188821793	
-0.308384269476	-0.913970649242	-0.263736188412	
-0.609950304031	0.401644825935	-0.683112025261	
0.731329739094	-0.0466414764524	-0.680427372456	
-0.305151462555	-0.914607048035	-0.265285819769	
-0.607147812843	0.40211135149	-0.685330569744	
0.733004868031	-0.0494890809059	-0.678420722485	
-0.306717067957	-0.914252281189	-0.264702409506	
-0.607465267181	0.403278440237	-0.684362769127	
0.733556270599	-0.0457447655499	-0.678087472916	
-0.304764091969	-0.913933217525	-0.26803907752	
-0.610070407391	0.400528460741	-0.683660030365	
0.73089236021	-0.0487046837807	-0.680752694607	
-0.305958271027	-0.914988994598	-0.263029903173	
-0.611021220684	0.401368469	-0.682316958904	
0.730161726475	-0.0472159273922	-0.681641042233	
-0.30580547452	-0.914698839188	-0.264213949442	
-0.60968208313	0.400957077742	-0.683755218983	
0.73105353117	-0.0489515811205	-0.680561900139	
-0.30634701252	-0.914788067341	-0.263276189566	
-0.609387516975	0.403283268213	-0.682648897171	
0.731509804726	-0.046148288995	-0.680267393589	
-0.305843532085	-0.913910806179	-0.266883462667	
0.598275840282	0.534744024277	-0.59675359726	
-0.683406054974	0.729354977608	-0.0315827317536	
0.418356508017	0.426720201969	0.801802754402	
0.598407447338	0.534224748611	-0.597086668015	
-0.682906806469	0.729829251766	-0.0314254537225	
0.41898304224	0.426559776068	0.801560938358	
0.596306204796	0.534924983978	-0.598560094833	
-0.683427870274	0.729443371296	-0.0289607848972	
0.421123832464	0.426342099905	0.800554275513	
0.598132789135	0.53472083807	-0.596917688847	
-0.683252036572	0.729518353939	-0.0311379190534	
0.418812334538	0.426469862461	0.801697969437	
0.59866964817	0.533924281597	-0.59709250927	
-0.681846380234	0.730876088142	-0.0300929453224	
0.420333325863	0.425141125917	0.801607728004	
0.597940921783	0.534629583359	-0.597191631794	
-0.683117389679	0.729660749435	-0.0307533238083	
0.41930565238	0.426340669394	0.801508843899	
0.598503470421	0.533177673817	-0.597925722599	
-0.681639075279	0.731056571007	-0.0304056741297	
0.420905858278	0.425767421722	0.800974607468	
0.597341299057	0.533005177975	-0.59924018383	
-0.683655560017	0.729057610035	-0.0330155193806	
0.419283181429	0.429395437241	0.799888253212	
0.228891730309	-0.818756341934	0.526542127132	
-0.948958694935	-0.0671006590128	0.308179914951	
-0.216992944479	-0.570206582546	-0.792324781418	
0.228227242827	-0.819046676159	0.526379048824	
-0.949016869068	-0.0664024874568	0.308152019978	
-0.217438012362	-0.569871306419	-0.792443931103	
0.227793261409	-0.818966209888	0.526692092419	
-0.949461221695	-0.0668577924371	0.306681275368	
-0.215948134661	-0.569933652878	-0.792806446552	
0.227219134569	-0.819845914841	0.525570273399	
-0.949381291866	-0.0662797689438	0.307053893805	
-0.216902211308	-0.568735122681	-0.793406426907	
0.230073362589	-0.819169461727	0.525383293629	
-0.948669314384	-0.0684029012918	0.308784008026	
-0.217008709908	-0.569458007813	-0.792858660221	
0.229497954249	-0.819339215755	0.525370299816	
-0.948481619358	-0.0671262070537	0.3096396029	
-0.218433752656	-0.569365739822	-0.792533516884	
0.229803174734	-0.817501187325	0.528093099594	
-0.94890242815	-0.0676229670644	0.308239072561	
-0.2162745893	-0.571943163872	-0.791268825531	
0.228576943278	-0.819825410843	0.525013208389	
-0.94915241003	-0.0677511915565	0.307440280914	
-0.21647708118	-0.568591296673	-0.793625593185	
0.947410702705	-0.113710440695	0.299137026072	
-0.196431279182	-0.944568276405	0.263069480658	
0.252641588449	-0.307994693518	-0.917230367661	
0.947227299213	-0.115380428731	0.299078226089	
-0.197732672095	-0.944644212723	0.261818885803	
0.252313733101	-0.307139545679	-0.917607247829	
0.947460770607	-0.113223709166	0.299162983894	
-0.19553090632	-0.9451816082	0.261532694101	
0.253151655197	-0.306287586689	-0.917661249638	
0.947628438473	-0.113373331726	0.298574626446	
-0.196052104235	-0.944499909878	0.263597249985	
0.25211879611	-0.308328449726	-0.917262077332	
0.947915554047	-0.112870313227	0.297853022814	
-0.195291548967	-0.944675385952	0.263532966375	
0.25162935257	-0.307975172997	-0.917515099049	
0.947125673294	-0.115941986442	0.299182832241	
-0.198094457388	-0.944803059101	0.260970890522	
0.252411365509	-0.306438714266	-0.917814671993	
0.947456002235	-0.112677052617	0.299384474754	
-0.19502414763	-0.945321500301	0.261405527592	
0.25356015563	-0.306057423353	-0.917625248432	
0.947073221207	-0.115699835122	0.299442559481	
-0.198166117072	-0.944560170174	0.26179432869	
0.252551972866	-0.307277798653	-0.917495429516	
-0.994066536427	-0.10503911972	-0.0282583553344	
0.0799157992005	-0.529021024704	-0.844837367535	
0.0737917125225	-0.842082858086	0.534276366234	
-0.994007110596	-0.105267696083	-0.0294714774936	
0.0812572836876	-0.531172573566	-0.843358159065	
0.0731239244342	-0.840698778629	0.53654307127	
-0.993895530701	-0.107129476964	-0.0263608656824	
0.0796456262469	-0.531387865543	-0.843376278877	
0.076342612505	-0.840327441692	0.536676466465	
-0.993854343891	-0.107244089246	-0.0274278260767	
0.0803743600845	-0.528745293617	-0.844966471195	
0.0761153250933	-0.84197807312	0.534115493298	
-0.99408775568	-0.10492169857	-0.0279448963702	
0.0796364620328	-0.52959549427	-0.844503760338	
0.0738072767854	-0.841736316681	0.534820020199	
-0.994033098221	-0.105704046786	-0.0269229728729	
0.0793459191918	-0.531339049339	-0.843435287476	
0.0748492926359	-0.840538799763	0.536555767059	
-0.994224190712	-0.103796198964	-0.0272885132581	
0.0785582959652	-0.530594170094	-0.843977749348	
0.0731225535274	-0.841246783733	0.535683572292	
-0.993972241879	-0.106187999249	-0.0272635985166	
0.0795044377446	-0.526947915554	-0.846170723438	
0.0754866823554	-0.843237817287	0.532214045525	
-0.986113250256	0.0669301748276	0.151990041137	
0.0772683769464	0.995007872581	0.06315754354	
-0.147004157305	0.0740245133638	-0.986362099648	
-0.98638522625	0.0645491406322	0.151253595948	
0.0751725658774	0.995010495186	0.0655986815691	
-0.146264582872	0.0760756880045	-0.986315965652	
-0.9857853055	0.0645890086889	0.155098795891	
0.0757879987359	0.994842946529	0.0674071982503	
-0.149945184588	0.0782036483288	-0.985596597195	
-0.985990285873	0.0632512047887	0.154345035553	
0.0742742195725	0.995003163815	0.0667239651084	
-0.149353414774	0.077253036201	-0.985761404037	
-0.985640048981	0.0662641227245	0.155315041542	
0.0767355263233	0.995095789433	0.0624179914594	
-0.150417268276	0.0734398514032	-0.985891103745	
-0.985578179359	0.0653393492103	0.15609754622	
0.0760948583484	0.995048046112	0.0639448985457	
-0.151146441698	0.0749009177089	-0.985669612885	
-0.985796391964	0.0645640864968	0.155038371682	
0.0762149021029	0.994602024555	0.0704135447741	
-0.149655282497	0.0812296569347	-0.985395908356	
-0.986104905605	0.0658085718751	0.15253315866	
0.0764710977674	0.994943082333	0.0651185959578	
-0.147476449609	0.0758781507611	-0.986150681973	
-0.889735579491	-0.455688178539	-0.0268117021769	
-0.219661161304	0.37592241168	0.90023958683	
-0.400149405003	0.80686467886	-0.434568554163	
-0.889994800091	-0.455043494701	-0.0290636345744	
-0.222055077553	0.376869976521	0.89925557375	
-0.398247182369	0.806786477566	-0.436457037926	
-0.889254212379	-0.456506550312	-0.028787760064	
-0.221726447344	0.375154823065	0.900053441525	
-0.400080442429	0.806759297848	-0.434827595949	
-0.890295922756	-0.454544872046	-0.0276063960046	
-0.219860985875	0.37596014142	0.900175035	
-0.39879104495	0.807491779327	-0.434652477503	
-0.891434013844	-0.45230036974	-0.0277452245355	
-0.219771504402	0.377976834774	0.899352014065	
-0.396290183067	0.807810544968	-0.436344146729	
-0.890476346016	-0.454308331013	-0.0256083086133	
-0.219877645373	0.380338907242	0.898329615593	
-0.398378819227	0.805571973324	-0.438575059175	
-0.891306996346	-0.452590107918	-0.0270928218961	
-0.217947334051	0.375283181667	0.900922596455	
-0.397581160069	0.80890339613	-0.433133333921	
-0.891127049923	-0.452859073877	-0.0284826066345	
-0.219883874059	0.37606972456	0.900123655796	
-0.39691773057	0.80838739872	-0.434702306986	
0.893934547901	-0.445213139057	0.0516362525523	
0.0336795859039	0.181609928608	0.982793748379	
-0.446930348873	-0.876814186573	0.177341982722	
0.894071280956	-0.445114552975	0.0500955022871	
0.0346314236522	0.18019606173	0.98302090168	
-0.446583896875	-0.877155900002	0.176523074508	
0.894078493118	-0.44531083107	0.048186276108	
0.0374837107956	0.181590214372	0.982659637928	
-0.446339130402	-0.876768648624	0.179047808051	
0.894282281399	-0.444749802351	0.0495661310852	
0.0360708683729	0.182040929794	0.98262912035	
-0.446047157049	-0.87695991993	0.17883849144	
0.894879937172	-0.443529725075	0.0497120060027	
0.036309376359	0.183366090059	0.982373893261	
-0.444827526808	-0.877301692963	0.180194929242	
0.895197272301	-0.443058907986	0.048172801733	
0.0357212796807	0.179074287415	0.983186841011	
-0.444236218929	-0.878425419331	0.176133438945	
0.894096970558	-0.445191562176	0.0489394515753	
0.0364152081311	0.181169897318	0.982777416706	
-0.44639056921	-0.87691617012	0.17819519341	
0.895358383656	-0.442628771067	0.0491230934858	
0.0367065630853	0.183275207877	0.982376098633	
-0.443830996752	-0.877775549889	0.180344387889	
0.192834302783	-0.37570720911	-0.906454086304	
0.685209572315	0.712801158428	-0.149673998356	
0.702355146408	-0.592248737812	0.39489069581	
0.192522287369	-0.376746028662	-0.906089186668	
0.684915006161	0.71283352375	-0.15086351335	
0.702727973461	-0.591549515724	0.395275354385	
0.192506030202	-0.376775532961	-0.906080365181	
0.685677945614	0.712183356285	-0.15046800673	
0.701987981796	-0.592313349247	0.395446270704	
0.19256208837	-0.374131858349	-0.907163262367	
0.683876633644	0.714145421982	-0.149362131953	
0.703727602959	-0.591626286507	0.393377363682	
0.192870363593	-0.374260574579	-0.907044708729	
0.684549868107	0.71360039711	-0.14888253808	
0.702988266945	-0.592202246189	0.39383238554	
0.192007303238	-0.374366700649	-0.907183945179	
0.686608791351	0.71172362566	-0.148384153843	
0.701214313507	-0.594389677048	0.393699616194	
0.192458868027	-0.377799034119	-0.905664086342	
0.68408036232	0.713349878788	-0.152203842998	
0.70355784893	-0.590254068375	0.395735412836	
0.192475751042	-0.373433083296	-0.907469451427	
0.684977352619	0.713320910931	-0.14825412631	
0.702679932117	-0.593060731888	0.393090188503	
-0.443028301001	0.864962637424	0.235723435879	
0.803539454937	0.266515702009	0.532253444195	
0.397555321455	0.425216406584	-0.813105642796	
-0.443845778704	0.863898932934	0.238074585795	
0.802265405655	0.264727562666	0.535060286522	
0.399213135242	0.428483277559	-0.810574471951	
-0.443236142397	0.863779425621	0.239638924599	
0.804040193558	0.264905124903	0.53230124712	
0.396309286356	0.428614467382	-0.811928927898	
-0.443184524775	0.864352822304	0.237658709288	
0.803249835968	0.265209436417	0.533342003822	
0.397966325283	0.427268236876	-0.81182795763	
-0.439588010311	0.866466581821	0.236638948321	
0.804606854916	0.262774080038	0.532501280308	
0.399212002754	0.424482494593	-0.812677264214	
-0.442437708378	0.864287436008	0.239282548428	
0.803478777409	0.263513416052	0.533837497234	
0.398334890604	0.428448289633	-0.811024904251	
-0.441866993904	0.864987015724	0.237804472446	
0.803904235363	0.264164507389	0.532874345779	
0.398109912872	0.426631599665	-0.812092363834	
-0.444010049105	0.864834010601	0.234344184399	
0.802118420601	0.267084032297	0.534108757973	
0.399325817823	0.425121426582	-0.812287271023	
-0.839337587357	-0.485907614231	0.24373395741	
0.52155816555	-0.846217930317	0.109051696956	
0.153263002634	0.218652620912	0.963691592216	
-0.83866328001	-0.4851796031	0.247476637363	
0.521866619587	-0.845882356167	0.11017408222	
0.155881896615	0.221548750997	0.962609469891	
-0.839798271656	-0.485101550817	0.243752598763	
0.520937979221	-0.846446454525	0.110236175358	
0.152847781777	0.219556152821	0.963552117348	
-0.839778125286	-0.484654784203	0.244708880782	
0.521233797073	-0.845825731754	0.113552324474	
0.151947394013	0.222909301519	0.962924420834	
-0.838696420193	-0.486914694309	0.243931055069	
0.522235751152	-0.84610581398	0.106652773917	
0.154460683465	0.216838821769	0.963910162449	
-0.840012550354	-0.483013391495	0.247137501836	
0.519888341427	-0.84686845541	0.111937306821	
0.155225738883	0.22251264751	0.962493181229	
-0.839210569859	-0.486494630575	0.242999121547	
0.522544145584	-0.845140695572	0.112626671791	
0.15057618916	0.221495270729	0.963465988636	
-0.841337740421	-0.48300498724	0.242604523897	
0.518863618374	-0.847468614578	0.112149462104	
0.15143096447	0.220234230161	0.963621079922	
-0.017010230571	0.51532715559	0.856824696064	
0.59730219841	0.692469000816	-0.404619306326	
-0.80183583498	0.504900574684	-0.319585084915	
-0.0140387639403	0.515400886536	0.856834173203	
0.598139584064	0.691018760204	-0.405859798193	
-0.801268994808	0.506808638573	-0.31798273325	
-0.0162979774177	0.517022132874	0.855816841125	
0.598488092422	0.690706729889	-0.405877143145	
-0.80096590519	0.505581200123	-0.320688694715	
-0.0146017726511	0.516707539558	0.856037437916	
0.598280310631	0.690478801727	-0.406570613384	
-0.801153838634	0.506213724613	-0.319218188524	
-0.0139956381172	0.514761686325	0.857219040394	
0.597669005394	0.69160592556	-0.405552655458	
-0.801620781422	0.50665730238	-0.317336589098	
-0.0146912802011	0.514017224312	0.857654035091	
0.598548233509	0.691608965397	-0.404248684645	
-0.800952017307	0.507408380508	-0.317824751139	
-0.0169329475611	0.516654789448	0.856026351452	
0.597547054291	0.69166380167	-0.405633747578	
-0.801655054092	0.504647433758	-0.320437461138	
-0.0157172363251	0.514114022255	0.857577800751	
0.597244381905	0.692693352699	-0.404320538044	
-0.801905333996	0.505828738213	-0.317938923836	
0.734246850014	0.665896654129	0.132148578763	
-0.678640604019	0.714748263359	0.169061675668	
0.0181246306747	-0.213814392686	0.976706147194	
0.733484625816	0.666299641132	0.134332090616	
-0.679512321949	0.714094221592	0.168322354555	
0.0162273533642	-0.214742153883	0.976535975933	
0.733836889267	0.666371643543	0.132031008601	
-0.679057478905	0.714098334312	0.170130938292	
0.0190873127431	-0.214505016804	0.976536393166	
0.732550859451	0.667724192142	0.1323389709	
-0.680425405502	0.712626874447	0.170834079385	
0.019761743024	-0.215191438794	0.976371943951	
0.734605431557	0.665102183819	0.134141325951	
-0.678293764591	0.715083360672	0.169036477804	
0.016504297033	-0.215162351727	0.976438820362	
0.732652723789	0.667248010635	0.134164318442	
-0.680409193039	0.713372707367	0.167758002877	
0.0162270311266	-0.214194998145	0.976656138897	
0.733287453651	0.666428744793	0.134767234325	
-0.679677009583	0.713198542595	0.171426311135	
0.0181276332587	-0.217302963138	0.975935876369	
0.7316390872	0.668481886387	0.133552223444	
-0.681484997272	0.712412536144	0.167471319437	
0.016807269305	-0.213542386889	0.976789236069	
-0.218923911452	-0.961501955986	-0.166091322899	
-0.918561816216	0.260501712561	-0.29729282856	
0.329114705324	0.0874806419015	-0.940229058266	
-0.21657538414	-0.961937963963	-0.166644573212	
-0.919304609299	0.258399277925	-0.2968313694	
0.328594177961	0.0889107584953	-0.940276920795	
-0.218124598265	-0.962110161781	-0.163602411747	
-0.91955935955	0.258763968945	-0.295722454786	
0.326851993799	0.0859377831221	-0.941160202026	
-0.216178953648	-0.962681412697	-0.162822633982	
-0.91901165247	0.256942868233	-0.298994988203	
0.329673022032	0.0849994793534	-0.940261006355	
-0.216499254107	-0.962265372276	-0.164843514562	
-0.919288218021	0.257780194283	-0.29741987586	
0.328690260649	0.0871475115418	-0.940408408642	
-0.217119455338	-0.961668908596	-0.167487442493	
-0.918944835663	0.259237319231	-0.29721441865	
0.329240858555	0.0893806964159	-0.940006136894	
-0.216496258974	-0.96273368597	-0.162090271711	
-0.919159591198	0.256958723068	-0.298526197672	
0.329051733017	0.0843570232391	-0.940536499023	
-0.217162892222	-0.962384045124	-0.163270309567	
-0.918974876404	0.257962673903	-0.298228889704	
0.329128354788	0.0852770656347	-0.940426707268	
0.116456396878	0.868132770061	0.482476383448	
0.922719359398	-0.27429741621	0.270831912756	
0.367460072041	0.41365018487	-0.832986593246	
0.116171874106	0.86935210228	0.480344712734	
0.92180365324	-0.274451881647	0.27377769351	
0.369840711355	0.410978227854	-0.833255529404	
0.114671416581	0.869781553745	0.479927569628	
0.922515749931	-0.27246183157	0.273366421461	
0.368531018496	0.411393433809	-0.833630800247	
0.115242667496	0.869363188744	0.480548381805	
0.921945869923	-0.273698329926	0.274053066969	
0.369776934385	0.411456972361	-0.833047509193	
0.116730213165	0.868510067463	0.481730490923	
0.922175765038	-0.27486795187	0.272101998329	
0.368735611439	0.412477642298	-0.833004355431	
0.114706374705	0.870497524738	0.478619396687	
0.921857059002	-0.272806435823	0.27523842454	
0.370164811611	0.409647077322	-0.833766937256	
0.117036826909	0.869441270828	0.479973137379	
0.922520279884	-0.274150073528	0.27165800333	
0.367775350809	0.410990983248	-0.834162890911	
0.116284228861	0.870015740395	0.479114353657	
0.922539830208	-0.273325771093	0.2724211514	
0.367964982986	0.410323798656	-0.834407687187	
0.917608201504	-0.0566988885403	-0.393421381712	
-0.0116204870865	-0.993177652359	0.116030842066	
-0.397316128016	-0.101899109781	-0.912006855011	
0.91752409935	-0.0563752874732	-0.393664002419	
-0.0103664230555	-0.99295514822	0.118036426604	
-0.397545039654	-0.104220375419	-0.911644697189	
0.917445003986	-0.0570538341999	-0.393750548363	
-0.0111508220434	-0.992963194847	0.117897212505	
-0.39770630002	-0.1037735641	-0.91162532568	
0.917345881462	-0.0571102611721	-0.39397329092	
-0.0111200269312	-0.992946028709	0.118044793606	
-0.397935777903	-0.103906914592	-0.911509990692	
0.918081998825	-0.0556893087924	-0.392459064722	
-0.0099511416629	-0.993007957935	0.117627449334	
-0.396265566349	-0.104086235166	-0.912216901779	
0.918142020702	-0.0578910559416	-0.391999840736	
-0.0131036648527	-0.993165075779	0.115980528295	
-0.396034777164	-0.101349957287	-0.912625133991	
0.916801869869	-0.0564965121448	-0.395325809717	
-0.00984854716808	-0.992839634418	0.119048155844	
-0.399220943451	-0.105250187218	-0.910793602467	
0.917571544647	-0.0570906922221	-0.39345023036	
-0.0110940365121	-0.992927372456	0.118203863502	
-0.397415846586	-0.104095548391	-0.911715269089	
0.815399706364	-0.567356348038	0.115022324026	
0.129781752825	-0.0144765684381	-0.991436898708	
0.564163148403	0.823345124722	0.0618283078074	
0.815993905067	-0.566908478737	0.112998880446	
0.127258375287	-0.0145104639232	-0.991763472557	
0.563878774643	0.823652982712	0.0603033974767	
0.815052509308	-0.567803144455	0.115277916193	
0.128603339195	-0.0167064256966	-0.991555392742	
0.564934134483	0.822994828224	0.059404771775	
0.815396249294	-0.567598998547	0.113843642175	
0.127950638533	-0.0150887779891	-0.991665780544	
0.564586222172	0.823166906834	0.0603213198483	
0.816455543041	-0.565866410732	0.114871993661	
0.129561766982	-0.0143328038976	-0.991467773914	
0.562684714794	0.82437235117	0.0616125576198	
0.817554950714	-0.564983427525	0.111344620585	
0.12712161243	-0.0115135163069	-0.991820335388	
0.561644017696	0.825021922588	0.0624086745083	
0.815351426601	-0.567428231239	0.11500980705	
0.128632858396	-0.0161399189383	-0.991560935974	
0.564495921135	0.823264658451	0.0598302148283	
0.818032681942	-0.564109325409	0.112264223397	
0.126978561282	-0.0132473437116	-0.991816997528	
0.560980379581	0.825593829155	0.0607930272818	
0.210333749652	0.976204037666	-0.0527763366699	
-0.661970436573	0.10248760134	-0.742490053177	
-0.719412863255	0.191107079387	0.667774796486	
0.208760678768	0.97650629282	-0.0534270703793	
-0.663104116917	0.101182669401	-0.741656899452	
-0.718826711178	0.190256506205	0.668648302555	
0.211442142725	0.975968539715	-0.0527034439147	
-0.660449743271	0.102920293808	-0.74378323555	
-0.720484793186	0.192075103521	0.666339874268	
0.210259974003	0.976166605949	-0.0537540391088	
-0.662470281124	0.10182505101	-0.742135286331	
-0.718974173069	0.191651806235	0.668091118336	
0.208055868745	0.976823449135	-0.0502865947783	
-0.660916626453	0.102498747408	-0.743426680565	
-0.721042275429	0.187909528613	0.66692429781	
0.208656832576	0.976412415504	-0.0555080063641	
-0.660644888878	0.0988734811544	-0.744158804417	
-0.721117675304	0.191944897175	0.665692508221	
0.206653118134	0.977031886578	-0.0519922561944	
-0.660837769508	0.100193023682	-0.743811011314	
-0.721517801285	0.188069313765	0.666364789009	
0.211791917682	0.975902497768	-0.0525217913091	
-0.661667048931	0.103630177677	-0.74260187149	
-0.719264149666	0.19202901423	0.667670488358	
-0.505266308784	-0.845634520054	0.172070458531	
0.345378965139	-0.0154302809387	0.93833643198	
-0.790834605694	0.533539295197	0.299860775471	
-0.504355490208	-0.845946788788	0.17320394516	
0.343361198902	-0.0124317761511	0.939121127129	
-0.792293250561	0.533122420311	0.296735316515	
-0.505488395691	-0.845504879951	0.172055214643	
0.34693941474	-0.0165944155306	0.93774074316	
-0.790009200573	0.533709764481	0.301727235317	
-0.505161523819	-0.845188617706	0.17455086112	
0.346282988787	-0.013244073838	0.938036620617	
-0.790506124496	0.534304022789	0.299364835024	
-0.505960285664	-0.844756245613	0.174330368638	
0.343880861998	-0.0121992025524	0.938934028149	
-0.791043698788	0.535012185574	0.296667814255	
-0.505120515823	-0.845154762268	0.174833387136	
0.34510371089	-0.0121163669974	0.938486337662	
-0.791047871113	0.53438436985	0.297786265612	
-0.507107973099	-0.844487369061	0.172286316752	
0.346925705671	-0.0170154478401	0.937738239765	
-0.788976609707	0.535305082798	0.30160304904	
-0.50506401062	-0.844904720783	0.176199674606	
0.346510052681	-0.0115264970809	0.937975466251	
-0.790468931198	0.534792602062	0.298589617014	
-0.299195557833	-0.176034793258	0.937813282013	
0.864435613155	-0.466154366732	0.18828471005	
0.404021114111	0.867013156414	0.291642069817	
-0.299884021282	-0.177633330226	0.937291800976	
0.863687872887	-0.46778061986	0.187681958079	
0.405108392239	0.865810394287	0.293699681759	
-0.29698741436	-0.175546720624	0.938606321812	
0.864412128925	-0.467050671577	0.186159312725	
0.40569704771	0.86662966013	0.290452897549	
-0.298210382462	-0.176667436957	0.938008069992	
0.863586485386	-0.46851631999	0.186308503151	
0.40655747056	0.86561024189	0.292284041643	
-0.296892344952	-0.175416246057	0.938660800457	
0.864249169827	-0.467413008213	0.186006635427	
0.406113654375	0.866460740566	0.290374696255	
-0.297685533762	-0.176016226411	0.938297212124	
0.864201128483	-0.467298597097	0.18651664257	
0.405634999275	0.866400778294	0.291221469641	
-0.296886980534	-0.174477279186	0.938837468624	
0.864589571953	-0.466501653194	0.18671117723	
0.405392378569	0.867141246796	0.289349496365	
-0.297873139381	-0.17668159306	0.938112556934	
0.864575624466	-0.466550111771	0.186654612422	
0.404698103666	0.866668701172	0.291727334261	
0.161292180419	0.642366528511	-0.749233007431	
0.748073279858	-0.574752986431	-0.33173084259	
-0.643716692924	-0.506975591183	-0.573240399361	
0.162280231714	0.643598258495	-0.747961521149	
0.747662365437	-0.574874162674	-0.332446485758	
-0.643945753574	-0.505273163319	-0.574484884739	
0.160386949778	0.641269028187	-0.75036662817	
0.747187316418	-0.575620830059	-0.332222551107	
-0.644970655441	-0.507380247116	-0.571470141411	
0.162541881204	0.641494452953	-0.749709904194	
0.74689078331	-0.576503157616	-0.331358224154	
-0.644774615765	-0.506091833115	-0.572832226753	
0.159349486232	0.640650331974	-0.75111579895	
0.748661935329	-0.574368536472	-0.331068128347	
-0.643516182899	-0.509576261044	-0.571155846119	
0.162213012576	0.642317652702	-0.749076068401	
0.748947203159	-0.574406266212	-0.330356687307	
-0.642467916012	-0.507430315018	-0.574238181114	
0.158579900861	0.640008807182	-0.751825213432	
0.748699069023	-0.574353039265	-0.331010967493	
-0.643663048744	-0.510399162769	-0.570254862309	
0.160804435611	0.641072511673	-0.750445187092	
0.747442543507	-0.575652182102	-0.331593453884	
-0.644570827484	-0.507592976093	-0.571732282639	
-0.222702354193	-0.910233557224	-0.349111020565	
0.429457396269	-0.413084208965	0.803073942661	
-0.87519711256	0.0289181489497	0.482901394367	
-0.221544966102	-0.910022854805	-0.350394338369	
0.431219667196	-0.413707643747	0.801807701588	
-0.874624192715	0.0265395380557	0.48407459259	
-0.222088232636	-0.90986263752	-0.350466579199	
0.426259189844	-0.413877248764	0.804368495941	
-0.876914978027	0.0292511824518	0.479754567146	
-0.221207618713	-0.910049676895	-0.350537776947	
0.427439957857	-0.413552582264	0.803908765316	
-0.876562774181	0.0279968958348	0.4804725945	
-0.220436647534	-0.911008059978	-0.348528295755	
0.428417563438	-0.411435484886	0.804474532604	
-0.876279711723	0.028020022437	0.48098731041	
-0.220970958471	-0.910108029842	-0.35053563118	
0.428538739681	-0.413470625877	0.803365767002	
-0.876085817814	0.0273024216294	0.48138153553	
-0.22090755403	-0.910229086876	-0.350261121988	
0.425166994333	-0.413089185953	0.80535107851	
-0.877743065357	0.0289886686951	0.478253871202	
-0.222693696618	-0.909677147865	-0.350563883781	
0.425554692745	-0.414232254028	0.804558813572	
-0.877103626728	0.0299860648811	0.479364275932	
0.947560250759	-0.00923772808164	-0.319443643093	
0.185263425112	0.830357909203	0.525531291962	
0.260397851467	-0.557153820992	0.78852558136	
0.94780766964	-0.0132784303278	-0.318566083908	
0.188065081835	0.83010417223	0.52493673563	
0.25747269392	-0.55745023489	0.789276301861	
0.948752582073	-0.0115725975484	-0.315807819366	
0.184772029519	0.831030070782	0.524641096592	
0.256374359131	-0.55610704422	0.790580272675	
0.948543012142	-0.0134519468993	-0.316362500191	
0.186737254262	0.830634832382	0.524571239948	
0.255725204945	-0.556655049324	0.790404856205	
0.948363125324	-0.0113440919667	-0.316983669996	
0.185451388359	0.830578863621	0.525115728378	
0.257322967052	-0.556785464287	0.789794147015	
0.947863161564	-0.0131903737783	-0.318404495716	
0.187579289079	0.830811917782	0.523990035057	
0.257622629404	-0.556396961212	0.78997027874	
0.94898557663	-0.014457588084	-0.314987838268	
0.18674968183	0.830672800541	0.524506688118	
0.254068732262	-0.556573152542	0.790996432304	
0.948531150818	-0.0140097197145	-0.316373854876	
0.18717905879	0.830640137196	0.524405300617	
0.255446076393	-0.556633353233	0.790510356426	
-0.0825060755014	-0.0288490541279	0.996172904968	
-0.84387922287	0.533764660358	-0.0544348806143	
-0.530151546001	-0.845140814781	-0.0683839470148	
-0.0851093605161	-0.0282895769924	0.995969951153	
-0.848051548004	0.526784241199	-0.0575063750148	
-0.523034393787	-0.849528133869	-0.068825289607	
-0.0831826999784	-0.027431782335	0.996156692505	
-0.844647228718	0.532399833202	-0.0558700859547	
-0.528821051121	-0.846048414707	-0.0674566328526	
-0.0819550603628	-0.0265066605061	0.996283471584	
-0.846987485886	0.528696477413	-0.0556076020002	
-0.525257587433	-0.848396956921	-0.0657801628113	
-0.0807643979788	-0.0271486807615	0.996363401413	
-0.844605326653	0.532664358616	-0.0539490990341	
-0.529262602329	-0.845891058445	-0.0659502372146	
-0.081281453371	-0.0247374419123	0.996384143829	
-0.847218155861	0.528285622597	-0.0559971630573	
-0.524990200996	-0.848706305027	-0.0638978332281	
-0.0833368971944	-0.0274136085063	0.996144294739	
-0.845210671425	0.53148239851	-0.0560836307704	
-0.527895689011	-0.846625626087	-0.0674623697996	
-0.0840952470899	-0.0271695908159	0.996087253094	
-0.846067547798	0.530022501945	-0.056972682476	
-0.52640068531	-0.847548186779	-0.0675596818328	
0.923883616924	-0.10368219763	-0.368359923363	
-0.106096565723	0.85545861721	-0.506886601448	
0.367671787739	0.507385969162	0.779343903065	
0.923692464828	-0.107471808791	-0.367752701044	
-0.103727541864	0.853858053684	-0.510065674782	
0.368826270103	0.50928992033	0.777554512024	
0.921864211559	-0.104748293757	-0.373087346554	
-0.107330709696	0.856089174747	-0.505560457706	
0.372352659702	0.506101846695	0.777955293655	
0.922560811043	-0.104397647083	-0.371460139751	
-0.106838747859	0.855946421623	-0.50590634346	
0.370765417814	0.506415724754	0.778508901596	
0.922170341015	-0.106830239296	-0.37173807621	
-0.106124453247	0.854330122471	-0.508780539036	
0.37194019556	0.508632838726	0.776500582695	
0.922613978386	-0.109141804278	-0.369961500168	
-0.103388808668	0.854064643383	-0.509788513184	
0.371610283852	0.508587896824	0.776687979698	
0.923015415668	-0.106094181538	-0.369846642017	
-0.104514040053	0.855957686901	-0.506372630596	
0.370296269655	0.50604391098	0.778973817825	
0.924080312252	-0.107767648995	-0.366690248251	
-0.102346986532	0.854610145092	-0.509084045887	
0.368239998817	0.507964193821	0.778698682785	
-0.961050927639	0.262265175581	-0.0871670246124	
-0.26762726903	-0.961852312088	0.0567077249289	
-0.0689693391323	0.0778272822499	0.994578361511	
-0.961246073246	0.261222243309	-0.0881414413452	
-0.266404658556	-0.962397098541	0.0531068481505	
-0.0709543824196	0.0745300427079	0.994691312313	
-0.961921691895	0.259796738625	-0.0849254503846	
-0.26476329565	-0.962829470634	0.053477358073	
-0.067875482142	0.0739261731505	0.994951188564	
-0.961115777493	0.261710107327	-0.0881151929498	
-0.266897588968	-0.96225553751	0.0531973429024	
-0.0708670467138	0.0746465399861	0.994688749313	
-0.961406648159	0.261488080025	-0.085564263165	
-0.266791880131	-0.962025105953	0.0577039048076	
-0.0672260895371	0.0783047676086	0.994660258293	
-0.96175724268	0.259380549192	-0.0880041643977	
-0.264709442854	-0.96273881197	0.0553438663483	
-0.0703698992729	0.0765228942037	0.994581460953	
-0.961143434048	0.2610039711	-0.0898901149631	
-0.266524225473	-0.962203025818	0.0559484027326	
-0.0718897879124	0.0777323320508	0.994378983974	
-0.961231291294	0.260509818792	-0.0903828367591	
-0.265894144773	-0.962512671947	0.0535694994032	
-0.0730392411351	0.0755249410868	0.9944652915	
0.208385884762	0.244628250599	0.946959555149	
-0.158577084541	-0.946953177452	0.279522746801	
0.9651055336	-0.208414673805	-0.158539235592	
0.206405222416	0.24472604692	0.947367966175	
-0.157879501581	-0.947200238705	0.279080301523	
0.965645372868	-0.207173600793	-0.156869843602	
0.205046400428	0.241822898388	0.948407948017	
-0.160526767373	-0.947566151619	0.276314228773	
0.965498387814	-0.208902105689	-0.155475988984	
0.206638336182	0.243175074458	0.947716474533	
-0.15791079402	-0.947634398937	0.277584582567	
0.96559035778	-0.207014277577	-0.157417625189	
0.206560015678	0.245215058327	0.94720774889	
-0.159477293491	-0.94670188427	0.279861718416	
0.965349674225	-0.208866372705	-0.156444519758	
0.20637512207	0.244740277529	0.947370827198	
-0.161281898618	-0.94646191597	0.279639095068	
0.965089380741	-0.210504308343	-0.155854016542	
0.20807737112	0.243114486337	0.947417080402	
-0.159099310637	-0.947305500507	0.278028190136	
0.965086102486	-0.208584785461	-0.158433496952	
0.206420168281	0.242514312267	0.947933316231	
-0.160503536463	-0.94728243351	0.277298748493	
0.9652094841	-0.209386706352	-0.156613796949	
-0.339009195566	0.837776720524	0.428022146225	
-0.242049455643	-0.51731967926	0.820848584175	
0.909112095833	0.174672693014	0.37815952301	
-0.337544649839	0.838076651096	0.428592056036	
-0.242136612535	-0.517298519611	0.820836246014	
0.909633696079	0.173291042447	0.377540379763	
-0.337596893311	0.837997317314	0.428706020117	
-0.241524145007	-0.517314612865	0.821006536484	
0.909777104855	0.17362639308	0.3770403862	
-0.33626267314	0.839029788971	0.427734017372	
-0.242530211806	-0.516012489796	0.821529209614	
0.910003602505	0.172511190176	0.377005815506	
-0.337073415518	0.838884294033	0.42738109827	
-0.243566632271	-0.516193091869	0.821108996868	
0.909426629543	0.172678217292	0.378319203854	
-0.337343603373	0.838383972645	0.428149014711	
-0.242220461369	-0.516798853874	0.821126163006	
0.909685969353	0.173295199871	0.377412557602	
-0.337169319391	0.838524878025	0.428010433912	
-0.243774741888	-0.51688760519	0.820610225201	
0.909335315228	0.172346442938	0.378689825535	
-0.336686879396	0.838502705097	0.428433388472	
-0.242722824216	-0.516905903816	0.820910394192	
0.909795343876	0.172399222851	0.377559185028	
0.639412939548	0.189817741513	-0.745063960552	
0.489993035793	-0.84736853838	0.204629793763	
-0.592501401901	-0.495919078588	-0.634827792645	
0.637802064419	0.190685614944	-0.746222198009	
0.492539584637	-0.845841050148	0.204835832119	
-0.592126071453	-0.49818867445	-0.633399367332	
0.639284431934	0.189857080579	-0.745164215565	
0.490584641695	-0.846913278103	0.20509660244	
-0.592150449753	-0.496681183577	-0.634559452534	
0.639710068703	0.190704882145	-0.744582235813	
0.490287989378	-0.847296833992	0.204219922423	
-0.591936409473	-0.495701253414	-0.635524630547	
0.639569580555	0.190437629819	-0.744771242142	
0.491271317005	-0.84643048048	0.205445617437	
-0.59127253294	-0.497281521559	-0.634907782078	
0.64029109478	0.190917387605	-0.744028091431	
0.491742908955	-0.845997869968	0.206098288298	
-0.590098440647	-0.497833460569	-0.635567188263	
0.638622760773	0.191253110766	-0.745374500751	
0.491827279329	-0.84640622139	0.204211816192	
-0.591833472252	-0.497009843588	-0.63459777832	
0.638556301594	0.189472019672	-0.745886206627	
0.491478443146	-0.84622502327	0.205796405673	
-0.592194914818	-0.497999578714	-0.633483707905	
-0.33016243577	0.812751591206	-0.48002871871	
0.0890490710735	0.533096730709	0.841354966164	
0.939714312553	0.235037684441	-0.248383283615	
-0.329449504614	0.812475562096	-0.480984896421	
0.0876841247082	0.533550798893	0.8412104249	
0.940092802048	0.234961628914	-0.247019261122	
-0.327436953783	0.813639163971	-0.480391889811	
0.0871317386627	0.532254099846	0.84208881855	
0.940847039223	0.233873620629	-0.245173469186	
-0.327428638935	0.812697470188	-0.481988936663	
0.0879874154925	0.534116744995	0.84081953764	
0.94077026844	0.232899442315	-0.246392279863	
-0.32756280899	0.81253439188	-0.482172697783	
0.085556216538	0.533739507198	0.841309845448	
0.940947771072	0.234328940511	-0.24435056746	
-0.325472563505	0.812045156956	-0.484407156706	
0.0849657207727	0.535345733166	0.840348601341	
0.941726326942	0.232352420688	-0.243236348033	
-0.328213691711	0.811545670033	-0.483393609524	
0.0876938700676	0.535710513592	0.839835703373	
0.940524101257	0.233254939318	-0.246995106339	
-0.326608687639	0.812814772129	-0.482347309589	
0.088212095201	0.534320950508	0.840666294098	
0.941034197807	0.232020050287	-0.246213957667	
0.763339936733	0.504170417786	-0.403886497021	
-0.262318730354	-0.329432070255	-0.907007932663	
-0.590339720249	0.798302412033	-0.11921531707	
0.764680087566	0.502264380455	-0.403726130724	
-0.262264162302	-0.329707890749	-0.906923472881	
-0.588627099991	0.799389243126	-0.120395116508	
0.763803839684	0.502306938171	-0.40532875061	
-0.265055030584	-0.328489273787	-0.906554281712	
-0.588514626026	0.799864053726	-0.117762394249	
0.763359308243	0.502540528774	-0.405876338482	
