-0.513663053513	-0.065741546452	0.85546964407	
-0.779664516449	0.451969444752	-0.433413028717	
-0.358152896166	-0.889607608318	-0.283416360617	
-0.50898039341	-0.0773476585746	0.857295930386	
-0.782446324825	0.456686288118	-0.423338353634	
-0.358771055937	-0.88625895977	-0.292964756489	
-0.524768054485	-0.0745944529772	0.847970604897	
-0.773391127586	0.457968324423	-0.438327729702	
-0.355646878481	-0.885833323002	-0.298017829657	
-0.515179097652	-0.0723375678062	0.854024469852	
-0.775706112385	0.463131546974	-0.428706407547	
-0.36451408267	-0.88333261013	-0.294708371162	
-0.510141730309	-0.0620106905699	0.857852041721	
-0.778102695942	0.458266347647	-0.429590702057	
-0.366485476494	-0.886649131775	-0.282031476498	
-0.509771168232	-0.0754086226225	0.856998801231	
-0.777212142944	0.467495769262	-0.421175777912	
-0.368883013725	-0.880773067474	-0.296924352646	
-0.518276333809	-0.0725155621767	0.852133274078	
-0.771308064461	0.470044881105	-0.42911735177	
-0.369423180819	-0.879658639431	-0.299544990063	
-0.509108841419	-0.0735309943557	0.857555449009	
-0.777922451496	0.465652793646	-0.421905398369	
-0.368299990892	-0.881907403469	-0.294269382954	
-0.155444145203	0.708770573139	-0.688099861145	
-0.860154092312	0.245421230793	0.447105556726	
0.485769569874	0.661371827126	0.571502625942	
-0.151696577668	0.709528028965	-0.688155591488	
-0.852640151978	0.258243381977	0.454219251871	
0.49999293685	0.655652582645	0.565797448158	
-0.141759634018	0.70659506321	-0.693273127079	
-0.860290467739	0.258517444134	0.439396232367	
0.489698410034	0.658704936504	0.571229636669	
-0.139404937625	0.710128545761	-0.690133094788	
-0.858033835888	0.261277139187	0.44216760993	
0.494311839342	0.653797924519	0.572890996933	
-0.147356674075	0.709960341454	-0.688652515411	
-0.860568463802	0.251178234816	0.44309297204	
0.487552970648	0.657925367355	0.573956727982	
-0.152573794127	0.710952758789	-0.686489224434	
-0.856059193611	0.252027779818	0.451270073652	
0.493846058846	0.656527400017	0.57016479969	
-0.146414145827	0.705136477947	-0.693790614605	
-0.859165906906	0.256974279881	0.442490816116	
0.49030277133	0.660868167877	0.568204581738	
-0.145591035485	0.70803207159	-0.691009283066	
-0.856487810612	0.259403079748	0.446249604225	
0.495208978653	0.656810939312	0.568654060364	
0.786308586597	0.249499559402	0.565215706825	
0.216108292341	0.745976150036	-0.629933953285	
-0.578805685043	0.617470264435	0.532648563385	
0.782650232315	0.272677153349	0.55955851078	
0.20391818881	0.73702031374	-0.644374489784	
-0.588112175465	0.618423998356	0.521225273609	
0.774944067001	0.253987491131	0.578750431538	
0.222599133849	0.747347414494	-0.626036286354	
-0.591533064842	0.613972425461	0.522615075111	
0.777076900005	0.253485530615	0.576104640961	
0.221337646246	0.746796309948	-0.627140283585	
-0.589203774929	0.614849865437	0.524212300777	
0.781547963619	0.260454773903	0.566873967648	
0.205011472106	0.750980615616	-0.627692937851	
-0.58919698	0.606787800789	0.533531188965	
0.783049166203	0.26207280159	0.56404954195	
0.219165876508	0.732452392578	-0.644577264786	
-0.582065582275	0.628356099129	0.516108810902	
0.777099132538	0.263178855181	0.571711301804	
0.210023999214	0.747870028019	-0.629746258259	
-0.593301653862	0.609448373318	0.525895297527	
0.778056561947	0.254670798779	0.574256718159	
0.221444010735	0.744268655777	-0.630100548267	
-0.587869465351	0.617419540882	0.522687792778	
0.945040285587	0.0828348398209	-0.316286593676	
-0.188993215561	0.927783668041	-0.321712642908	
0.266796529293	0.363807439804	0.892448186874	
0.949166297913	0.0728772804141	-0.306222438812	
-0.175728335977	0.929800093174	-0.32340580225	
0.261156737804	0.360777884722	0.895341575146	
0.949905335903	0.0868935361505	-0.300215542316	
-0.183355361223	0.932837665081	-0.310152709484	
0.253102123737	0.34966185689	0.902039885521	
0.955602169037	0.0793482214212	-0.283775180578	
-0.17486654222	0.927851378918	-0.329413920641	
0.237162783742	0.364411443472	0.900532126427	
0.949139893055	0.0771351978183	-0.305259972811	
-0.181156054139	0.926760673523	-0.329085290432	
0.25751888752	0.36764767766	0.893599033356	
0.951700270176	0.0830406323075	-0.29558557272	
-0.182377442718	0.927375555038	-0.326669543982	
0.246991991997	0.364799648523	0.897728323936	
0.949636220932	0.0874799787998	-0.30089583993	
-0.187698766589	0.927715182304	-0.322666585445	
0.250918775797	0.362893670797	0.897411823273	
0.951054513454	0.0852778851986	-0.29702347517	
-0.186714068055	0.924461483955	-0.332428753376	
0.246237948537	0.371616333723	0.895135819912	
-0.609998166561	0.380998462439	-0.694796681404	
0.72923964262	-0.0731304436922	-0.680339276791	
-0.310018986464	-0.921678960323	-0.233229726553	
-0.61356896162	0.376470565796	-0.6941203475	
0.732753872871	-0.0561499260366	-0.678173243999	
-0.294287055731	-0.924725413322	-0.241408407688	
-0.592900812626	0.377958714962	-0.71106672287	
0.7466583848	-0.0727038308978	-0.6612226367	
-0.301612138748	-0.922963380814	-0.239099889994	
-0.59506893158	0.384070426226	-0.705962359905	
0.748964607716	-0.0535388179123	-0.660443484783	
-0.2914532125	-0.921750247478	-0.255795866251	
-0.61297005415	0.366533100605	-0.69994366169	
0.732195198536	-0.0693900734186	-0.677550911903	
-0.296913981438	-0.927813827991	-0.225839734077	
-0.621156394482	0.374390870333	-0.688473820686	
0.725267767906	-0.0582012869418	-0.6860024333	
-0.29690310359	-0.925442636013	-0.235381528735	
-0.609073281288	0.370877593756	-0.701056003571	
0.733177006245	-0.0737992674112	-0.676021575928	
-0.302458673716	-0.925744831562	-0.226969748735	
-0.606965899467	0.385628581047	-0.694897830486	
0.736351430416	-0.0560424365103	-0.674274265766	
-0.298963218927	-0.92095053196	-0.249942317605	
0.589810311794	0.538434624672	-0.601840496063	
-0.691811561584	0.721340060234	-0.0326384566724	
0.416557997465	0.435610681772	0.797949135303	
0.592601716518	0.533460617065	-0.603525519371	
-0.687684118748	0.725202858448	-0.0342249423265	
0.419420748949	0.43531665206	0.796608805656	
0.580597400665	0.540117561817	-0.609245181084	
-0.691806793213	0.721823215485	-0.0193548314273	
0.429313391447	0.432717323303	0.792745709419	
0.592266499996	0.537190914154	-0.600538372993	
-0.689471483231	0.723573088646	-0.0327273271978	
0.416952550411	0.433437377214	0.798925936222	
0.594916880131	0.532210588455	-0.602350234985	
-0.681395411491	0.731427252293	-0.0267291534692	
0.426349848509	0.426340341568	0.797784268856	
0.589618682861	0.537588238716	-0.602784156799	
-0.689435184002	0.723771095276	-0.0288876444101	
0.420748114586	0.432613283396	0.797381222248	
0.594015359879	0.529470264912	-0.605645954609	
-0.680719256401	0.732020616531	-0.0276968795806	
0.428680628538	0.428727209568	0.795252084732	
0.58628475666	0.527425944805	-0.614891886711	
-0.692652285099	0.719997882843	-0.042846404016	
0.420122563839	0.451026499271	0.787446558475	
0.229767382145	-0.81272315979	0.535432517529	
-0.948429763317	-0.0635359883308	0.310554653406	
-0.218375727534	-0.57917547226	-0.785409331322	
0.226052328944	-0.815806984901	0.532315015793	
-0.948544502258	-0.0599603280425	0.310914874077	
-0.221728742123	-0.575207531452	-0.787383437157	
0.221760869026	-0.814157307148	0.536628305912	
-0.95189166069	-0.0613947212696	0.300221502781	
-0.211481392384	-0.577389419079	-0.78860449791	
0.220963224769	-0.818329930305	0.530576467514	
-0.950856506824	-0.059768974781	0.303808391094	
-0.216903492808	-0.571632564068	-0.791321098804	
0.237789824605	-0.814788222313	0.528749585152	
-0.946603000164	-0.0723799392581	0.314171850681	
-0.217712655663	-0.575222790241	-0.788492202759	
0.232981145382	-0.817886531353	0.526100158691	
-0.945841133595	-0.0648188441992	0.318092852831	
-0.226062640548	-0.571716845036	-0.788692295551	
0.234918951988	-0.804786264896	0.545098304749	
-0.948173046112	-0.0662875548005	0.310763239861	
-0.213964745402	-0.589851737022	-0.778648853302	
0.227080255747	-0.819241344929	0.526572048664	
-0.949392318726	-0.065743021667	0.307135254145	
-0.216999471188	-0.569667816162	-0.79271042347	
0.947594225407	-0.115728229284	0.297778695822	
-0.199697732925	-0.942113339901	0.269338667393	
0.249371185899	-0.314689487219	-0.915851831436	
0.946323752403	-0.124516569078	0.298273265362	
-0.206831932068	-0.942424058914	0.262787759304	
0.248378485441	-0.310374736786	-0.917592287064	
0.94745850563	-0.111824162304	0.299696058035	
-0.194390743971	-0.945338070393	0.261816978455	
0.25403663516	-0.306318879128	-0.917406201363	
0.948275744915	-0.111230783165	0.297322750092	
-0.196008250117	-0.941900074482	0.272772878408	
0.249707579613	-0.316941618919	-0.914983153343	
0.950006484985	-0.109833016992	0.292274475098	
-0.192461013794	-0.943093299866	0.271171241999	
0.245858535171	-0.313865870237	-0.917083323002	
0.945563793182	-0.125886395574	0.30010291934	
-0.208020493388	-0.942969679832	0.259876161814	
0.25027307868	-0.30815705657	-0.917824923992	
0.947394490242	-0.109316177666	0.300821632147	
-0.192538678646	-0.94544249773	0.262806653976	
0.255680531263	-0.306901365519	-0.916754603386	
0.944841265678	-0.125482290983	0.302537977695	
-0.209067329764	-0.942100942135	0.2621768713	
0.252122730017	-0.310966342688	-0.916370034218	
-0.995230615139	-0.0928979590535	-0.0297656264156	
0.0748880431056	-0.5320546031	-0.843391776085	
0.062512435019	-0.841598391533	0.536473989487	
-0.994963824749	-0.0933181419969	-0.0365878380835	
0.0817526727915	-0.544311404228	-0.834890186787	
0.0579952187836	-0.833676695824	0.549199163914	
-0.994446337223	-0.103278882802	-0.0202478095889	
0.0734555572271	-0.543328464031	-0.836300492287	
0.0753709673882	-0.833143234253	0.547897398472	
-0.994389593601	-0.102850541472	-0.024720987305	
0.0756863132119	-0.528526008129	-0.845536410809	
0.0738981887698	-0.842663645744	0.533345162868	
-0.995348036289	-0.0921580865979	-0.0280919503421	
0.0732857808471	-0.534948825836	-0.841700017452	
0.0625417083502	-0.839843213558	0.539214193821	
-0.995187938213	-0.0955023914576	-0.0219152197242	
0.0705564618111	-0.543261945248	-0.836593210697	
0.0679909437895	-0.834113717079	0.547386050224	
-0.996036469936	-0.0851173400879	-0.0258140750229	
0.0678077563643	-0.538824677467	-0.839684486389	
0.0575624480844	-0.838106811047	0.542460680008	
-0.994783163071	-0.0990292131901	-0.0244878493249	
0.0727588459849	-0.520516395569	-0.850746035576	
0.0715023800731	-0.848089516163	0.525006234646	
-0.987475454807	0.0702533647418	0.141268119216	
0.0770612880588	0.99608540535	0.0433061867952	
-0.137672692537	0.0536500997841	-0.989023685455	
-0.988490521908	0.0581080578268	0.139677837491	
0.0666526034474	0.996130108833	0.0572909638286	
-0.135808244348	0.0659414678812	-0.988538265228	
-0.985189676285	0.0591534562409	0.160941407084	
0.0713701546192	0.994904518127	0.071212887764	
-0.155908852816	0.0816446170211	-0.984391510487	
-0.985841691494	0.0527947507799	0.159150630236	
0.0643083676696	0.995605051517	0.0680810958147	
-0.154856845737	0.0773518979549	-0.984904050827	
-0.984639942646	0.0684020370245	0.160640329123	
0.0759926140308	0.996240794659	0.0415864810348	
-0.157191842794	0.0531551875174	-0.986136555672	
-0.984019935131	0.0638909190893	0.166200891137	
0.0732056051493	0.996035993099	0.0505299717188	
-0.162313655019	0.0618893355131	-0.984796404839	
-0.985650777817	0.0581090301275	0.158480018377	
0.0724923536181	0.993607580662	0.0865381807089	
-0.152438297868	0.0967850163579	-0.983562529087	
-0.987225592136	0.066251501441	0.144901424646	
0.075227022171	0.995515286922	0.0573607683182	
-0.140451341867	0.0675285160542	-0.987782001495	
-0.88480079174	-0.465314358473	-0.0247007068247	
-0.219948753715	0.370327711105	0.902485430241	
-0.410792052746	0.803952693939	-0.430011570454	
-0.886804282665	-0.460658371449	-0.0370402261615	
-0.232377812266	0.375192850828	0.897346556187	
-0.399472981691	0.804378151894	-0.439769417048	
-0.882897973061	-0.468003839254	-0.0382567942142	
-0.233054682612	0.366013795137	0.900954723358	
-0.407647758722	0.804367005825	-0.432223320007	
-0.887901723385	-0.45904019475	-0.0302103366703	
-0.222164973617	0.370366573334	0.901926457882	
-0.402831614017	0.807533681393	-0.430831760168	
-0.894794225693	-0.445450365543	-0.0302861183882	
-0.220007255673	0.38087785244	0.898069500923	
-0.388510107994	0.810250580311	-0.438809603453	
-0.889441609383	-0.456731170416	-0.0170358289033	
-0.219864591956	0.39489364624	0.892030596733	
-0.400690823793	0.797154724598	-0.45165386796	
-0.894336998463	-0.4466316998	-0.0261050052941	
-0.209329068661	0.366165995598	0.906699419022	
-0.395401924849	0.816359341145	-0.420968800783	
-0.89364105463	-0.447563707829	-0.0330520421267	
-0.219270721078	0.371179431677	0.902300477028	
-0.391568720341	0.813580095768	-0.429838776588	
0.888432383537	-0.453593671322	0.070289708674	
0.0208791792393	0.192911684513	0.980993926525	
-0.458532333374	-0.870079219341	0.180859655142	
0.890193581581	-0.4515632689	0.0603819452226	
0.0278849825263	0.186295107007	0.982098042965	
-0.454728245735	-0.87257361412	0.17843054235	
0.889904022217	-0.453207433224	0.051709651947	
0.0413716360927	0.193086490035	0.980309128761	
-0.454267829657	-0.870241701603	0.190578371286	
0.890087366104	-0.45229062438	0.0563710965216	
0.0367980860174	0.194583311677	0.980195522308	
-0.454302102327	-0.870385289192	0.189839571714	
0.894255638123	-0.443789750338	0.057944111526	
0.0367644354701	0.201870322227	0.97872197628	
-0.446043998003	-0.873097360134	0.196839347482	
0.895763754845	-0.441981494427	0.0475357957184	
0.0350793562829	0.176883727312	0.983606398106	
-0.443144142628	-0.879411458969	0.173950448632	
0.890159606934	-0.452459663153	0.0538159161806	
0.0370771810412	0.18964394927	0.98115259409	
-0.454137831926	-0.871387064457	0.185589313507	
0.897814929485	-0.436921685934	0.0550250299275	
0.0369951240718	0.199342384934	0.97923129797	
-0.438816219568	-0.877132892609	0.195136547089	
0.198254138231	-0.371077805758	-0.907191574574	
0.682189583778	0.716829299927	-0.144128918648	
0.703784525394	-0.590302467346	0.395259797573	
0.198271244764	-0.377003341913	-0.904741406441	
0.679109811783	0.718433201313	-0.150544434786	
0.706752002239	-0.584570109844	0.398471295834	
0.195645779371	-0.3760189116	-0.905722081661	
0.684163033962	0.714020609856	-0.14864563942	
0.702597796917	-0.590579688549	0.396953344345	
0.19696199894	-0.363295525312	-0.910616457462	
0.674891471863	0.723957896233	-0.142851248384	
0.711145222187	-0.586430966854	0.387777239084	
0.197861418128	-0.36276486516	-0.910633027554	
0.678602099419	0.721077859402	-0.139806643128	
0.70735424757	-0.590295135975	0.388846486807	
0.19591280818	-0.361587107182	-0.911522328854	
0.688880801201	0.712288439274	-0.134493380785	
0.697897851467	-0.601581215858	0.388636827469	
0.198290154338	-0.379713505507	-0.903603136539	
0.673335850239	0.722705006599	-0.155936807394	
0.712249875069	-0.577507674694	0.398980021477	
0.195176139474	-0.362192004919	-0.911440193653	
0.678709089756	0.720731377602	-0.141068294644	
0.707997322083	-0.591069579124	0.386492580175	
-0.448556691408	0.863224923611	0.231602206826	
0.79997330904	0.272221386433	0.534731924534	
0.398546874523	0.425133168697	-0.81266361475	
-0.450508594513	0.858491361141	0.245019644499	
0.795502960682	0.261436522007	0.546649754047	
0.40523698926	0.441184282303	-0.800711810589	
-0.450630068779	0.85634124279	0.252214640379	
0.801788032055	0.264020204544	0.536124289036	
0.392515599728	0.443816393614	-0.805579602718	
-0.449854820967	0.859609723091	0.242284536362	
0.798230588436	0.265314280987	0.540773808956	
0.400572866201	0.436668604612	-0.805519640446	
-0.430323302746	0.870332181454	0.239465460181	
0.804122626781	0.249073848128	0.539767563343	
0.410132527351	0.424834161997	-0.807036101818	
-0.445676118135	0.858613848686	0.253288477659	
0.798450648785	0.253329277039	0.546169221401	
0.404783040285	0.445652931929	-0.798463642597	
-0.442587047815	0.863489627838	0.241872563958	
0.802243709564	0.260766029358	0.537034511566	
0.400651603937	0.431725263596	-0.808140814304	
-0.453519195318	0.862650096416	0.223953396082	
0.792100429535	0.274952530861	0.544956862926	
0.408530533314	0.424541980028	-0.808001816273	
-0.836962819099	-0.497533887625	0.227932587266	
0.527624189854	-0.844178199768	0.0947411358356	
0.145278796554	0.199557557702	0.969056665897	
-0.834729969501	-0.493527442217	0.244246929884	
0.528098762035	-0.843135356903	0.101165726781	
0.15600515902	0.213432565331	0.964421570301	
-0.840067505836	-0.494277745485	0.223553344607	
0.524508237839	-0.845258593559	0.102122418582	
0.138483554125	0.203045293689	0.969327032566	
-0.840062141418	-0.492426097393	0.227622762322	
0.526172578335	-0.841736376286	0.120922617614	
0.132052913308	0.221351385117	0.966211974621	
-0.833986878395	-0.505174040794	0.22195725143	
0.532336056232	-0.842481315136	0.0827256590128	
0.145203977823	0.187147960067	0.971540749073	
-0.842136740685	-0.482312738895	0.241205498576	
0.518032550812	-0.847816765308	0.11335324496	
0.149826362729	0.220411241055	0.963831365108	
-0.836575865746	-0.501769483089	0.219927832484	
0.53350174427	-0.837415635586	0.118789516389	
0.124566048384	0.216708317399	0.968256592751	
-0.849202334881	-0.481951147318	0.215820431709	
0.512075066566	-0.851389169693	0.113647080958	
0.128974840045	0.207025632262	0.969796836376	
-0.020240470767	0.508880674839	0.86059910059	
0.587975621223	0.702246069908	-0.401416391134	
-0.808625340462	0.497886449099	-0.313423246145	
-0.0025997958146	0.508521437645	0.86104542017	
0.589279234409	0.696444094181	-0.409530967474	
-0.807925224304	0.506331503391	-0.301471740007	
-0.0122469188645	0.517809987068	0.855407953262	
0.59424239397	0.691785097122	-0.410255223513	
-0.804192721844	0.503295361996	-0.316176891327	
-0.00415518227965	0.516468584538	0.856296062469	
0.591641664505	0.691619217396	-0.414274066687	
-0.806190311909	0.504899024963	-0.308438152075	
-0.00137561711017	0.505284070969	0.862951993942	
0.588004529476	0.698414325714	-0.408005058765	
-0.808856487274	0.506858408451	-0.298070073128	
-0.00378122390248	0.499601125717	0.866247296333	
0.592213749886	0.699126601219	-0.400630563498	
-0.805772066116	0.511488676071	-0.298514217138	
-0.0181678831577	0.517314136028	0.855602741241	
0.589593410492	0.696666896343	-0.40869897604	
-0.807495832443	0.497032523155	-0.317661970854	
-0.00966091640294	0.501811087132	0.864923298359	
0.585592567921	0.70396643877	-0.401886284351	
-0.810547947884	0.50261002779	-0.300657778978	
0.738480687141	0.664196133614	0.11614536494	
-0.67322486639	0.716701984406	0.181952014565	
0.037610206753	-0.212559998035	0.976423919201	
0.736423909664	0.664106190205	0.129006832838	
-0.676001667976	0.714890122414	0.178756430745	
0.0264875497669	-0.218849346042	0.975399076939	
0.735908448696	0.667197167873	0.115268170834	
-0.675741732121	0.713028490543	0.186985224485	
0.0425665266812	-0.215495511889	0.975576639175	
0.728438258171	0.675080835819	0.116805888712	
-0.683563947678	0.704699099064	0.190103843808	
0.0460224561393	-0.218323215842	0.974790692329	
0.740313768387	0.659861207008	0.128525048494	
-0.671675622463	0.718045055866	0.182381868362	
0.0280599389225	-0.221346944571	0.97479134798	
0.727638840675	0.673183381557	0.13177934289	
-0.685509860516	0.706654787064	0.175257533789	
0.0248579550534	-0.217860236764	0.975663363934	
0.732849061489	0.668093562126	0.128776103258	
-0.679339051247	0.707968354225	0.193078503013	
0.0378250963986	-0.228980019689	0.972695946693	
0.721513211727	0.681409180164	0.12288300693	
-0.691742777824	0.70165002346	0.170818969607	
0.0301767494529	-0.208251580596	0.977609634399	
-0.220590353012	-0.958563268185	-0.180267542601	
-0.918753027916	0.266257435083	-0.291547447443	
0.327464222908	0.10130879283	-0.939416706562	
-0.209397375584	-0.96053981781	-0.18307377398	
-0.922060251236	0.256288260221	-0.290036529303	
0.325511276722	0.108072161674	-0.939341664314	
-0.21643717587	-0.962694168091	-0.16240337491	
-0.923697531223	0.255787044764	-0.285229444504	
0.316129416227	0.0882773324847	-0.944600105286	
-0.205366432667	-0.965603530407	-0.159481808543	
-0.920938193798	0.245812997222	-0.302405148745	
0.331206172705	0.0847690179944	-0.939742863178	
-0.202790334821	-0.963039577007	-0.177287444472	
-0.922884762287	0.248489260674	-0.294171333313	
0.327352672815	0.10396078229	-0.939165771008	
-0.210327908397	-0.959559321404	-0.187104329467	
-0.920745611191	0.258759617805	-0.29201194644	
0.328617811203	0.110857225955	-0.937934458256	
-0.203792870045	-0.966961026192	-0.15314976871	
-0.922312676907	0.242090448737	-0.301216751337	
0.328340947628	0.0798661485314	-0.941176712513	
-0.212215214968	-0.963785707951	-0.161498606205	
-0.920580804348	0.252612680197	-0.297855347395	
0.327865302563	0.0854630842805	-0.940850913525	
0.110382318497	0.861305892467	0.495951473713	
0.92549341917	-0.270985603333	0.264629483223	
0.3623226583	0.42978939414	-0.827044963837	
0.109868690372	0.869264662266	0.481983184814	
0.920640468597	-0.271773189306	0.280286282301	
0.374633073807	0.412938535213	-0.830139636993	
0.0996945872903	0.872042477131	0.479168981314	
0.925017893314	-0.258658051491	0.278276592493	
0.366609930992	0.415497243404	-0.832441687584	
0.10489603132	0.868447124958	0.484557926655	
0.920801281929	-0.268870264292	0.282548755407	
0.375661879778	0.41654330492	-0.827870666981	
0.113338060677	0.863345682621	0.491720169783	
0.922627031803	-0.275092691183	0.270339369774	
0.36866492033	0.423034578562	-0.827724516392	
0.102381639183	0.874946296215	0.473272681236	
0.92014336586	-0.264071404934	0.289140969515	
0.377960592508	0.405875980854	-0.832112073898	
0.116024464369	0.870055913925	0.479104369879	
0.924795925617	-0.270597815514	0.267449647188	
0.36234074831	0.412043064833	-0.836020171642	
0.110455341637	0.872899055481	0.475233435631	
0.924648821354	-0.265590637922	0.272921472788	
0.364450454712	0.409278422594	-0.836461007595	
0.923920333385	-0.050136461854	-0.379285514355	
-0.00747678335756	-0.993553042412	0.113121323287	
-0.382511794567	-0.101679258049	-0.918338775635	
0.923926115036	-0.0465448200703	-0.379729002714	
0.000885030720383	-0.992308735847	0.123784430325	
-0.382569909096	-0.114703737199	-0.916778743267	
0.923533558846	-0.0517755001783	-0.38000664115	
-0.00567784858868	-0.99258261919	0.121439397335	
-0.383475571871	-0.109995737672	-0.916977345943	
0.922055244446	-0.0521752610803	-0.38352560997	
-0.00457242550328	-0.992272078991	0.123996995389	
-0.387031316757	-0.112578436732	-0.915168225765	
0.926747024059	-0.0435290411115	-0.373155623674	
0.00251780776307	-0.992522954941	0.122032046318	
-0.375677466393	-0.114032372832	-0.919708132744	
0.926429688931	-0.0554134771228	-0.372367322445	
-0.0151616791263	-0.993797183037	0.110169507563	
-0.376162469387	-0.096418581903	-0.921523332596	
0.919708907604	-0.0465691387653	-0.389829218388	
0.00348688941449	-0.991932034492	0.12672303617	
-0.392585456371	-0.117907598615	-0.912126362324	
0.922804117203	-0.0515989549458	-0.381798475981	
-0.00421772804111	-0.992284476757	0.123910143971	
-0.38524633646	-0.112734466791	-0.915901839733	
0.810880184174	-0.571302056313	0.126835793257	
0.145790845156	-0.0126927290112	-0.989234030247	
0.566761314869	0.820641756058	0.0729983225465	
0.8151871562	-0.567485392094	0.115889035165	
0.13078148663	-0.0145728774369	-0.99130409956	
0.564239442348	0.823254466057	0.0623369589448	
0.810359656811	-0.572619378567	0.124194614589	
0.134087324142	-0.0251032803208	-0.990651488304	
0.570383965969	0.819436907768	0.0564383193851	
0.810917794704	-0.573067724705	0.118345946074	
0.132677808404	-0.0169121455401	-0.991014897823	
0.569920122623	0.81933349371	0.0623190104961	
0.816503345966	-0.563361346722	0.126278579235	
0.144518375397	-0.0123251285404	-0.989425361156	
0.55896037817	0.826118707657	0.0713525563478	
0.825274586678	-0.555219352245	0.10321482271	
0.128840476274	0.00716271158308	-0.991639494896	
0.549838125706	0.83167308569	0.0774459317327	
0.810136437416	-0.572828352451	0.1246862486	
0.135530799627	-0.0239187646657	-0.99048435688	
0.570359885693	0.819326281548	0.0582584254444	
0.829382717609	-0.54736584425	0.111869893968	
0.128211885691	-0.00841465033591	-0.991711080074	
0.543770134449	0.836851119995	0.0631998479366	
0.209534436464	0.976601421833	-0.048424962908	
-0.668991804123	0.107064530253	-0.735518276691	
-0.713123619556	0.186512321234	0.675772070885	
0.200704544783	0.978276073933	-0.0519005283713	
-0.676086783409	0.0999778211117	-0.730007588863	
-0.708960056305	0.181605100632	0.681465506554	
0.218722850084	0.974640369415	-0.0472914688289	
-0.660453677177	0.112190440297	-0.742438018322	
-0.718304395676	0.193621993065	0.668243467808	
0.211270555854	0.975969791412	-0.0533644072711	
-0.672969043255	0.105649977922	-0.732086539268	
-0.708856403828	0.190580934286	0.679118156433	
0.195507436991	0.98010802269	-0.0341328121722	
-0.664424777031	0.106776334345	-0.739688158035	
-0.721329748631	0.167293220758	0.672083616257	
0.198875069618	0.977756679058	-0.0666375979781	
-0.663449823856	0.0842758491635	-0.743459403515	
-0.721306502819	0.192066252232	0.665452837944	
0.187804669142	0.981150150299	-0.0455394871533	
-0.66260445118	0.0923331603408	-0.74325633049	
-0.725041210651	0.169761672616	0.667455017567	
0.220895245671	0.974231481552	-0.0455886572599	
-0.668046891689	0.117084659636	-0.734849989414	
-0.710576295853	0.19278024137	0.676695764065	
-0.500644505024	-0.844952225685	0.188177615404	
0.35505142808	-0.00217499490827	0.934844255447	
-0.789489448071	0.53483736515	0.30109038949	
-0.494162708521	-0.847818732262	0.19237101078	
0.343039751053	0.013166628778	0.939228594303	
-0.798828482628	0.530122637749	0.28432905674	
-0.500563800335	-0.845117509365	0.187649294734	
0.365568071604	-0.00986713729799	0.930732309818	
-0.78472661972	0.534489512444	0.313887089491	
-0.499431699514	-0.842828035355	0.200521662831	
0.362943083048	0.00661862036213	0.931787788868	
-0.786664009094	0.538142323494	0.302593052387	
-0.503649294376	-0.839400827885	0.20431253314	
0.348081469536	0.0192806459963	0.937265992165	
-0.790681123734	0.543170809746	0.282469213009	
-0.499850809574	-0.842178821564	0.202197924256	
0.354350179434	0.0141703030095	0.935005426407	
-0.790306985378	0.539012074471	0.291343182325	
-0.51401078701	-0.837042748928	0.187489509583	
0.36524116993	-0.0158016383648	0.930778801441	
-0.77613902092	0.546909272671	0.313844680786	
-0.498638302088	-0.840791404247	0.210783571005	
0.363698780537	0.0177909117192	0.931346714497	
-0.78681832552	0.541066884995	0.296923577785	
-0.296801030636	-0.173512145877	0.939043521881	
0.870690762997	-0.453022480011	0.191489547491	
0.392182052135	0.874450802803	0.285532951355	
-0.301823854446	-0.184528455138	0.935335040092	
0.865155279636	-0.465172588825	0.187405496836	
0.400510579348	0.865773499012	0.3000459373	
-0.281966716051	-0.171534180641	0.943965435028	
0.86926472187	-0.46207472682	0.175686642528	
0.406046301126	0.870093643665	0.279398322105	
-0.289023011923	-0.178135961294	0.940602600574	
0.865660071373	-0.468173831701	0.177330031991	
0.408776670694	0.865494549274	0.289518207312	
-0.283613592386	-0.169131547213	0.943905651569	
0.86857008934	-0.462451338768	0.178114384413	
0.406385660172	0.870363891125	0.278060078621	
-0.287626594305	-0.172047808766	0.942162692547	
0.868584930897	-0.461332768202	0.180920809507	
0.403523474932	0.870385885239	0.282129704952	
-0.283239275217	-0.162593647838	0.945166051388	
0.869920432568	-0.458452135324	0.18182438612	
0.403749912977	0.873719036579	0.271295189857	
-0.289406299591	-0.176880627871	0.94072163105	
0.869795799255	-0.458895266056	0.181301981211	
0.399623900652	0.870705664158	0.286657214165	
0.165177747607	0.6420981884	-0.748616218567	
0.753922820091	-0.571570217609	-0.323894828558	
-0.635859012604	-0.510898649693	-0.578503131866	
0.169581577182	0.647109270096	-0.743297815323	
0.751699209213	-0.572685539722	-0.327077269554	
-0.637330651283	-0.503270089626	-0.583548486233	
0.157023996115	0.63494592905	-0.756430506706	
0.747971177101	-0.576605260372	-0.328733116388	
-0.644889593124	-0.514169216156	-0.565462172031	
0.168529242277	0.63639074564	-0.752731502056	
0.747100710869	-0.580617785454	-0.323610067368	
-0.642991781235	-0.507828474045	-0.573299109936	
0.150971323252	0.631661057472	-0.760402500629	
0.757674574852	-0.568002820015	-0.321406304836	
-0.634930610657	-0.527614474297	-0.564345657825	
0.167083159089	0.63972312212	-0.750224947929	
0.757540941238	-0.570316672325	-0.317601323128	
-0.631042718887	-0.515260338783	-0.579906821251	
0.148162081838	0.628050982952	-0.763937175274	
0.755679726601	-0.570198774338	-0.322213470936	
-0.637962520123	-0.52955198288	-0.559087216854	
0.159698173404	0.633536398411	-0.757052242756	
0.744402587414	-0.580968260765	-0.329151421785	
-0.648352742195	-0.510986745358	-0.564385712147	
-0.216485470533	-0.91420096159	-0.342593967915	
0.441951423883	-0.404668778181	0.800576090813	
-0.870524525642	0.0219032019377	0.491637349129	
-0.209169000387	-0.912791192532	-0.350799828768	
0.453766107559	-0.408374935389	0.792039275169	
-0.866224348545	0.00648897886276	0.499613106251	
-0.21302562952	-0.911728858948	-0.351241409779	
0.424314856529	-0.410151511431	0.807299613953	
-0.880100548267	0.0229385625571	0.474232882261	
-0.207388803363	-0.912890136242	-0.351598381996	
0.431111067533	-0.407917171717	0.804827213287	
-0.878141880035	0.0153341898695	0.47815451026	
-0.20369514823	-0.918202698231	-0.339723467827	
0.439176380634	-0.395823538303	0.806503474712	
-0.87500423193	0.0150823071599	0.483880281448	
-0.204899787903	-0.913668870926	-0.351034611464	
0.440500259399	-0.406350761652	0.800523936749	
-0.874056994915	0.00939634256065	0.485732555389	
-0.206029981375	-0.913775682449	-0.350093841553	
0.419155955315	-0.405696541071	0.81223064661	
-0.884228467941	0.0205999556929	0.46660014987	
-0.215581342578	-0.911092996597	-0.351332038641	
0.4231518507	-0.411419689655	0.807264745235	
-0.880038201809	0.0253644064069	0.474225103855	
0.93951356411	0.0182690862566	-0.342024177313	
0.175842404366	0.831206083298	0.527423858643	
0.29392811656	-0.555664181709	0.777716875076	
0.940725028515	-0.00838870089501	-0.33906647563	
0.196389898658	0.828528761864	0.524376809597	
0.276527494192	-0.559883654118	0.781065225601	
0.947654426098	0.00292105786502	-0.319284409285	
0.174097195268	0.833511173725	0.524356126785	
0.267658770084	-0.552494883537	0.78937202692	
0.946332037449	-0.00941955205053	-0.32305881381	
0.186861395836	0.831518054008	0.523125767708	
0.263701617718	-0.555417895317	0.788652300835	
0.944590628147	0.00462874164805	-0.328218072653	
0.177978590131	0.832941770554	0.523957669735	
0.27581179142	-0.553341329098	0.785965144634	
0.941818892956	-0.00733475619927	-0.336040765047	
0.191466644406	0.833408355713	0.518431305885	
0.276256620884	-0.552608966827	0.786324083805	
0.948275208473	-0.0140352994204	-0.317139029503	
0.186893776059	0.832218527794	0.521999120712	
0.256602555513	-0.554270148277	0.791795253754	
0.945918798447	-0.0125278383493	-0.324161559343	
0.189875736833	0.831587791443	0.521928071976	
0.263030171394	-0.555252015591	0.788993239403	
-0.0735042616725	-0.0356742627919	0.996656656265	
-0.837661445141	0.544550418854	-0.0422866269946	
-0.541221261024	-0.837969064713	-0.0699097365141	
-0.0904684886336	-0.0309594199061	0.995418012142	
-0.85970801115	0.506963968277	-0.0623669438064	
-0.502710223198	-0.861411094666	-0.0724803209305	
-0.0802016556263	-0.0263062622398	0.996431469917	
-0.841436326504	0.537698209286	-0.0535307824612	
-0.534371197224	-0.842726886272	-0.0652593299747	
-0.0724723190069	-0.0208065714687	0.997153401375	
-0.855275988579	0.515616953373	-0.0514019355178	
-0.513079702854	-0.856566548347	-0.055163320154	
-0.0654780864716	-0.0232195928693	0.997583806515	
-0.841780900955	0.538125813007	-0.0427263751626	
-0.535833537579	-0.842544615269	-0.0547812581062	
-0.0676285848022	-0.0108243580908	0.997651875019	
-0.855100631714	0.515810489655	-0.0523688942194	
-0.514032423496	-0.856634318829	-0.044139444828	
-0.0810848623514	-0.0252027679235	0.996388494968	
-0.843920946121	0.533622145653	-0.0551797375083	
-0.530304312706	-0.84534740448	-0.0645378232002	
-0.0864085108042	-0.0247302167118	0.995952785015	
-0.848140478134	0.526303648949	-0.0605158694088	
-0.522677063942	-0.849936962128	-0.0664518103004	
0.927735745907	-0.0911582261324	-0.361934512854	
-0.111892007291	0.857186734676	-0.502703726292	
0.356071054935	0.506873786449	0.785042881966	
0.926907598972	-0.114354908466	-0.357442617416	
-0.0960611626506	0.848420381546	-0.520533502102	
0.362787157297	0.516822814941	0.775422215462	
0.91576808691	-0.0968427956104	-0.389859378338	
-0.120847962797	0.859132051468	-0.497280478477	
0.383098721504	0.502507269382	0.775062441826	
0.919302761555	-0.0950072929263	-0.381911069155	
-0.117820322514	0.859473824501	-0.497416436672	
0.375500738621	0.502273201942	0.778922855854	
0.917183041573	-0.108273163438	-0.383473873138	
-0.113269418478	0.851828753948	-0.511427223682	
0.382027894258	0.512508273125	0.769018828869	
0.919585824013	-0.119141504169	-0.374389111996	
-0.100736275315	0.849558770657	-0.517785787582	
0.379755347967	0.513863027096	0.769240319729	
0.923444330692	-0.104738235474	-0.369161844254	
-0.10272038728	0.859450101852	-0.500793457031	
0.369728416204	0.500375330448	0.782895565033	
0.928552567959	-0.11351146549	-0.353419482708	
-0.0915314406157	0.852682292461	-0.514349043369	
0.359739035368	0.509949088097	0.781370401382	
-0.958352267742	0.263363659382	-0.110456161201	
-0.272321432829	-0.959229588509	0.0756284222007	
-0.0860350355506	0.102558247745	0.990999400616	
-0.959411203861	0.258105874062	-0.113628782332	
-0.265587836504	-0.962442040443	0.0562886558473	
-0.0948326811194	0.0841823890805	0.991927444935	
-0.964005470276	0.248284861445	-0.095121525228	
-0.254491895437	-0.965229868889	0.0597087852657	
-0.0769893527031	0.0817672535777	0.99367338419	
-0.958531022072	0.260965615511	-0.114521801472	
-0.268760621548	-0.96141898632	0.0586622357368	
-0.0947946086526	0.0870085209608	0.991687178612	
-0.961841285229	0.256519824266	-0.0951783582568	
-0.264368414879	-0.960954546928	0.0817051380873	
-0.0705030858517	0.103749528527	0.992101490498	
-0.963393211365	0.245600059628	-0.107490047812	
-0.253783404827	-0.964698493481	0.0703620314598	
-0.0864145681262	0.0950654968619	0.991713225842	
-0.959335505962	0.254234194756	-0.122638948262	
-0.264200776815	-0.961695730686	0.0730701312423	
-0.0993644222617	0.102500073612	0.98975777626	
-0.959022581577	0.25415790081	-0.125217676163	
-0.263347297907	-0.962639212608	0.0630394518375	
-0.104517474771	0.093431994319	0.99012452364	
0.215148732066	0.248953968287	0.944316148758	
-0.148315623403	-0.947414815426	0.283562451601	
0.965253055096	-0.201064929366	-0.166911333799	
0.204199135303	0.250482439995	0.946340978146	
-0.143507912755	-0.948606610298	0.282047897577	
0.968353331089	-0.193401351571	-0.157758429646	
0.196850731969	0.233695149422	0.952174544334	
-0.160471916199	-0.950400412083	0.266435354948	
0.967211723328	-0.205245271325	-0.149585515261	
0.205368250608	0.241432905197	0.948437690735	
-0.144553557038	-0.950982093811	0.273381263018	
0.967950463295	-0.1932438761	-0.160401552916	
0.205818891525	0.252558588982	0.945437848568	
-0.15214651823	-0.946115553379	0.285861462355	
0.96669024229	-0.202680766582	-0.156302541494	
0.205349624157	0.251832455397	0.945733547211	
-0.161708772182	-0.944314420223	0.286566823721	
0.965236663818	-0.211779803038	-0.15319108963	
0.212035000324	0.240907475352	0.947103321552	
-0.148927181959	-0.949854671955	0.274948716164	
0.965847730637	-0.199348181486	-0.165524765849	
0.203216552734	0.237323850393	0.949937045574	
-0.158316284418	-0.949450790882	0.27107039094	
0.96624994278	-0.205476492643	-0.155371874571	
-0.344338268042	0.839208483696	0.420904099941	
-0.240202322602	-0.512148141861	0.824625432491	
0.907597959042	0.182847946882	0.377932041883	
-0.335576623678	0.841045856476	0.424299687147	
-0.239610999823	-0.511812269688	0.825005888939	
0.911029577255	0.1751858145	0.373276054859	
-0.335771858692	0.841883599758	0.422479867935	
-0.238170772791	-0.509826362133	0.82665091753	
0.911335229874	0.176943778992	0.371697425842	
-0.328106254339	0.84758079052	0.4170768857	
-0.243689745665	-0.502519845963	0.829511404037	
0.912667274475	0.17053052783	0.371426641941	
-0.332937598228	0.846025407314	0.416405558586	
-0.247479066253	-0.504517674446	0.827173531055	
0.909893751144	0.172345519066	0.377346456051	
-0.334722280502	0.842789709568	0.42150503397	
-0.239913225174	-0.508786022663	0.826788008213	
0.911264300346	0.175619721413	0.372498422861	
-0.333092540503	0.844597816467	0.419170409441	
-0.2512370646	-0.507986605167	0.823911130428	
0.908806502819	0.169127523899	0.381400823593	
-0.331576824188	0.84468215704	0.420201033354	
-0.244456723332	-0.507109999657	0.826486766338	
0.91120672226	0.171322867274	0.37463414669	
0.635729134083	0.184626460075	-0.749507546425	
0.486982166767	-0.849289953709	0.203850343823	
-0.598913013935	-0.494590401649	-0.629828155041	
0.625221610069	0.190263286233	-0.756900131702	
0.50300693512	-0.83976328373	0.2044056952	
-0.596726000309	-0.508524894714	-0.620741903782	
0.637280881405	0.183502852917	-0.748464941978	
0.488609164953	-0.847273766994	0.208298489451	
-0.595931351185	-0.498451471329	-0.629612565041	
0.639230012894	0.187232464552	-0.745874643326	
0.486659109592	-0.849478185177	0.203837499022	
-0.595439255238	-0.493285745382	-0.634130358696	
0.637248277664	0.1872151196	-0.74757283926	
0.493031919003	-0.844593942165	0.208759561181	
-0.592312574387	-0.501608967781	-0.630519092083	
0.641296207905	0.190507769585	-0.743267118931	
0.496225655079	-0.841816425323	0.212379977107	
-0.58523440361	-0.505026698112	-0.634388506413	
0.633623898029	0.190319210291	-0.749866247177	
0.495073705912	-0.844569027424	0.203973472118	
-0.594493746758	-0.500481545925	-0.629361152649	
0.632457911968	0.182580858469	-0.752769052982	
0.496626317501	-0.841377615929	0.213180661201	
-0.594440281391	-0.508672714233	-0.622810423374	
-0.344389379025	0.810756623745	-0.473359942436	
0.100970134139	0.533265292645	0.839900672436	
0.93338149786	0.241457670927	-0.265513122082	
-0.340216606855	0.810499191284	-0.476805716753	
0.0939105302095	0.53380304575	0.840377986431	
0.935645997524	0.241133466363	-0.257723063231	
-0.324721008539	0.817850351334	-0.475054830313	
0.0893984436989	0.526564717293	0.845421493053	
0.941575348377	0.232056960464	-0.244101181626	
-0.326938658953	0.812567949295	-0.482539623976	
0.0944461449981	0.536136507988	0.838831067085	
0.940314352512	0.228672295809	-0.252027660608	
-0.328572958708	0.809815824032	-0.486043304205	
0.0789811983705	0.536372005939	0.840277969837	
0.941170454025	0.237704321742	-0.240197569132	
-0.316236793995	0.808011353016	-0.497103571892	
0.0787929669023	0.544555008411	0.835015892982	
0.945402562618	0.224894478917	-0.235873937607	
-0.331583678722	0.805059731007	-0.491864949465	
0.0889424234629	0.545714020729	0.833237946033	
0.939223885536	0.232540428638	-0.25255382061	
-0.320868194103	0.814124345779	-0.4839887321	
0.0945514589548	0.535990357399	0.838912606239	
0.942392468452	0.223418533802	-0.248958915472	
0.755736649036	0.508607029915	-0.412529975176	
-0.263818323612	-0.340108186007	-0.902621924877	
-0.599384665489	0.790977418423	-0.122852355242	
0.765450179577	0.494887709618	-0.411305397749	
-0.263656586409	-0.341863274574	-0.902005910873	
-0.587001860142	0.798884034157	-0.131198912859	
0.759675204754	0.497179567814	-0.419173032045	
-0.279674887657	-0.332142204046	-0.90081268549	
-0.587090730667	0.80155724287	-0.113271556795	
