-0.50763887167	-0.071709856391	0.858580470085	
-0.803530812263	0.398973077536	-0.441767752171	
-0.310871392488	-0.914154350758	-0.260155320168	
-0.497438073158	-0.0980457887053	0.861941039562	
-0.807701408863	0.41485247016	-0.418946176767	
-0.316502451897	-0.904590785503	-0.285555154085	
-0.53778475523	-0.0918342247605	0.838065624237	
-0.787184655666	0.410624712706	-0.460138767958	
-0.301873981953	-0.907168030739	-0.293118208647	
-0.523786664009	-0.0868905708194	0.847406327724	
-0.785171568394	0.435064792633	-0.440708756447	
-0.330383241177	-0.896196782589	-0.296105146408	
-0.477022320032	-0.0436573028564	0.877806186676	
-0.806011617184	0.419946432114	-0.417121440172	
-0.350421190262	-0.906498253345	-0.235512107611	
-0.491173148155	-0.0843002051115	0.866973161697	
-0.794663250446	0.450982838869	-0.406355500221	
-0.356734156609	-0.888542592525	-0.288500934839	
-0.525814592838	-0.081231534481	0.846711575985	
-0.778549015522	0.446905165911	-0.440610051155	
-0.342608332634	-0.890885651112	-0.298231989145	
-0.501745223999	-0.089835241437	0.860337913036	
-0.793751776218	0.443134665489	-0.416641026735	
-0.343816518784	-0.891942441463	-0.293647617102	
-0.193001583219	0.698206424713	-0.689389765263	
-0.858840227127	0.219556197524	0.462805062532	
0.474493265152	0.681397736073	0.557273030281	
-0.180213779211	0.704582333565	-0.686357557774	
-0.837409973145	0.256156891584	0.482833534479	
0.516011238098	0.661775887012	0.543861269951	
-0.150147974491	0.692791759968	-0.705333352089	
-0.866554200649	0.251235425472	0.431236058474	
0.475961536169	0.675958812237	0.562619149685	
-0.140254810452	0.700739741325	-0.699494361877	
-0.858926296234	0.265315741301	0.438010424376	
0.492518186569	0.662247180939	0.564671993256	
-0.170349881053	0.701890170574	-0.691614866257	
-0.859043478966	0.238056078553	0.453181654215	
0.482726871967	0.671326696873	0.562401354313	
-0.174109965563	0.709431052208	-0.682929933071	
-0.852497279644	0.238536298275	0.46513313055	
0.492883473635	0.663180232048	0.563256502151	
-0.171887680888	0.69207829237	-0.701057970524	
-0.858313858509	0.244052663445	0.451370865107	
0.483479052782	0.679312825203	0.552070736885	
-0.172990888357	0.700309038162	-0.692561507225	
-0.850934445858	0.247816547751	0.463138759136	
0.495968461037	0.669443249702	0.553047060966	
0.811579704285	0.231042325497	0.53661698103	
0.20767134428	0.744420409203	-0.634595036507	
-0.546086966991	0.626464426517	0.556175649166	
0.799460947514	0.305849224329	0.517028450966	
0.163647443056	0.717246770859	-0.677330434322	
-0.577997982502	0.626109659672	0.523359358311	
0.773918271065	0.255037039518	0.579660773277	
0.234968394041	0.734347641468	-0.636807203293	
-0.58808195591	0.629038691521	0.508399367332	
0.774246573448	0.251947253942	0.580572843552	
0.236704736948	0.735489964485	-0.634842813015	
-0.586952447891	0.628949165344	0.50981348753	
0.789301216602	0.271742939949	0.550599098206	
0.180998265743	0.753910779953	-0.631552219391	
-0.586722433567	0.598142385483	0.545877695084	
0.798251628876	0.281032145023	0.532743215561	
0.212543040514	0.696156024933	-0.685705661774	
-0.563577711582	0.660596489906	0.495976239443	
0.786318063736	0.28113079071	0.550153911114	
0.185545951128	0.741910815239	-0.644314408302	
-0.589301764965	0.608714878559	0.531215190887	
0.787888765335	0.260145246983	0.558171749115	
0.222240418196	0.725193679333	-0.651692688465	
-0.574317395687	0.637509703636	0.513557195663	
0.932755947113	0.0629824027419	-0.354964226484	
-0.19078040123	0.921685516834	-0.337784975767	
0.305890858173	0.382791161537	0.871723413467	
0.941897928715	0.0417118854821	-0.333299338818	
-0.161084070802	0.926808238029	-0.339232087135	
0.294754564762	0.373211205006	0.879677891731	
0.957217693329	0.0632682144642	-0.282367497683	
-0.155567407608	0.935308218002	-0.317800730467	
0.24399395287	0.348131686449	0.905136048794	
0.968822717667	0.050333365798	-0.242588236928	
-0.138589888811	0.921723246574	-0.3622418046	
0.205366358161	0.384568363428	0.899962127209	
0.948136866093	0.0250070597976	-0.316877126694	
-0.147806420922	0.917251527309	-0.369868814945	
0.281406670809	0.397522717714	0.873376190662	
0.954661071301	0.0523645207286	-0.293053179979	
-0.161810666323	0.91756695509	-0.363164097071	
0.249879017472	0.394117772579	0.884438633919	
0.952546596527	0.0553832501173	-0.299312084913	
-0.162426397204	0.924096465111	-0.345924049616	
0.257434844971	0.378124952316	0.88924062252	
0.957489311695	0.0560099072754	-0.282978981733	
-0.162434130907	0.915351629257	-0.368437945843	
0.238389089704	0.398740828037	0.885537326336	
-0.630743145943	0.322450011969	-0.705825090408	
0.716554999352	-0.107100039721	-0.689259409904	
-0.297845602036	-0.940508127213	-0.16350056231	
-0.651839256287	0.30752491951	-0.693205595016	
0.71466177702	-0.0566992685199	-0.69716835022	
-0.253700911999	-0.949849247932	-0.18281750381	
-0.553820490837	0.306517928839	-0.774163782597	
0.788296699524	-0.106343187392	-0.60603582859	
-0.268087893724	-0.945905864239	-0.18273204565	
-0.5490873456	0.322203427553	-0.771160185337	
0.802365124226	-0.0550152733922	-0.594292461872	
-0.233908653259	-0.945070505142	-0.228316605091	
-0.623052597046	0.26992559433	-0.73412913084	
0.737748742104	-0.109029516578	-0.666212677956	
-0.259869605303	-0.956688404083	-0.131206139922	
-0.643796682358	0.302747875452	-0.702758550644	
0.71872729063	-0.0759252011776	-0.691134154797	
-0.262596487999	-0.950041651726	-0.16871277988	
-0.602042555809	0.2909476161	-0.743568599224	
0.748388588428	-0.118982218206	-0.652501165867	
-0.278315097094	-0.949311733246	-0.146109506488	
-0.597661614418	0.32771062851	-0.73171466589	
0.757115185261	-0.0695694759488	-0.649566531181	
-0.263774842024	-0.942213237286	-0.206535682082	
0.56070971489	0.556477963924	-0.613136947155	
-0.729627132416	0.682149589062	-0.0481259562075	
0.391470074654	0.474346041679	0.788509368896	
0.575343966484	0.536417543888	-0.617442727089	
-0.713282704353	0.698487222195	-0.0578225292265	
0.400258809328	0.473679035902	0.784487783909	
0.540799915791	0.564780473709	-0.623344540596	
-0.726722359657	0.686883091927	-0.00813876651227	
0.423568218946	0.457399874926	0.781904935837	
0.578854560852	0.549444496632	-0.60252648592	
-0.715967059135	0.696115612984	-0.0530497692525	
0.390280157328	0.462097197771	0.79633384943	
0.573392510414	0.541188418865	-0.615090370178	
-0.701832294464	0.71179240942	-0.0279821436852	
0.422673016787	0.447735011578	0.787959933281	
0.556367456913	0.559153735638	-0.614656329155	
-0.722801327705	0.690564751625	-0.0260492041707	
0.4098944664	0.458767354488	0.788364768028	
0.574033558369	0.541369259357	-0.614332795143	
-0.701503276825	0.712118148804	-0.0279450900853	
0.422348886728	0.446997880936	0.788552045822	
0.545616209507	0.527037978172	-0.651562690735	
-0.739004671574	0.669226109982	-0.0775141641498	
0.395189851522	0.523800849915	0.754624128342	
0.239556670189	-0.78728723526	0.568147361279	
-0.949990212917	-0.0693310797215	0.30448615551	
-0.200327783823	-0.612676143646	-0.764523863792	
0.225586116314	-0.800817430019	0.554799377918	
-0.950225830078	-0.0552469007671	0.306624531746	
-0.214899331331	-0.596354901791	-0.773420393467	
0.200639426708	-0.800475358963	0.564785838127	
-0.962235748768	-0.0527601093054	0.267055660486	
-0.183973297477	-0.597039043903	-0.780831754208	
0.203252375126	-0.807106792927	0.554316759109	
-0.957108318806	-0.0443911924958	0.286309421062	
-0.206475496292	-0.588734269142	-0.781511247158	
0.269452691078	-0.792680501938	0.546857297421	
-0.941393971443	-0.0971636921167	0.323011815548	
-0.202910482883	-0.601844549179	-0.77240562439	
0.254357099533	-0.803373515606	0.538417577744	
-0.940393805504	-0.0755019262433	0.331600576639	
-0.225747555494	-0.590669512749	-0.774691879749	
0.252566039562	-0.757439434528	0.602076292038	
-0.949630439281	-0.0747468993068	0.304327100515	
-0.185506016016	-0.648612678051	-0.738166093826	
0.224246889353	-0.80947047472	0.542651772499	
-0.952539384365	-0.0644309967756	0.297518640757	
-0.205868959427	-0.583614826202	-0.785500943661	
0.947188735008	-0.106806412339	0.302367061377	
-0.197328150272	-0.937376022339	0.287032693624	
0.252774685621	-0.331539660692	-0.908947944641	
0.942979514599	-0.131932765245	0.305587023497	
-0.217852562666	-0.938763737679	0.266951113939	
0.251654416323	-0.318302363157	-0.913976848125	
0.947364211082	-0.0950287953019	0.305729597807	
-0.181891590357	-0.945607304573	0.26970782876	
0.26347014308	-0.311121165752	-0.91311943531	
0.949976742268	-0.0869739279151	0.29996624589	
-0.180049836636	-0.937290132046	0.298444747925	
0.255198478699	-0.337524443865	-0.906063437462	
0.955126225948	-0.086017280817	0.283434122801	
-0.171049177647	-0.94139790535	0.290709733963	
0.241818234324	-0.326145678759	-0.913866996765	
0.942821800709	-0.135229110718	0.304631173611	
-0.219994172454	-0.939099669456	0.263996899128	
0.250378966331	-0.315919101238	-0.915153264999	
0.946689128876	-0.0824615210295	0.311415761709	
-0.173236578703	-0.945325434208	0.276313006878	
0.271604061127	-0.315531104803	-0.909214675426	
0.937188088894	-0.13696411252	0.320810377598	
-0.227600574493	-0.937048077583	0.264837384224	
0.264341562986	-0.321219056845	-0.90936344862	
-0.995919764042	-0.0773066878319	-0.0465566068888	
0.081140384078	-0.541294276714	-0.83690905571	
0.0394978411496	-0.837271869183	0.545358359814	
-0.99466919899	-0.0837312415242	-0.0601855032146	
0.0976142808795	-0.576442301273	-0.811286449432	
0.0332365520298	-0.812836587429	0.581542789936	
-0.994316399097	-0.105262823403	-0.0159566458315	
0.0733802095056	-0.568991482258	-0.819062888622	
0.077137671411	-0.815578579903	0.573481798172	
-0.99440908432	-0.10444830358	-0.0155288996175	
0.0685558766127	-0.526724278927	-0.847267150879	
0.0803161710501	-0.8435947299	0.530939936638	
-0.996797382832	-0.0712595209479	-0.036291424185	
0.0695304423571	-0.548118472099	-0.833505630493	
0.0395032130182	-0.833359599113	0.551317751408	
-0.995876371861	-0.0861396938562	-0.028463890776	
0.0721258968115	-0.561462104321	-0.824353158474	
0.0550281330943	-0.823006808758	0.565359771252	
-0.99787402153	-0.0549175962806	-0.0350927188993	
0.0599878877401	-0.563505172729	-0.823931694031	
0.0254734177142	-0.824285149574	0.565601527691	
-0.994550526142	-0.102620020509	-0.018396563828	
0.066767141223	-0.491408407688	-0.868366241455	
0.0800715386868	-0.864862382412	0.495582103729	
-0.991128206253	0.0569011569023	0.120113193989	
0.055241856724	0.998326539993	-0.017101990059	
-0.120885312557	-0.0103149889037	-0.99261289835	
-0.991839826107	0.023227956146	0.125356465578	
0.0269320290536	0.999246895313	0.0279347114265	
-0.124613180757	0.0310828629881	-0.991718411446	
-0.982650995255	0.027490850538	0.183415442705	
0.0421730279922	0.996166944504	0.0766341760755	
-0.180605664849	0.083039842546	-0.980043888092	
-0.984606921673	0.0124663356692	0.174338057637	
0.0251982137561	0.997157394886	0.0710082352161	
-0.172957271338	0.0743082091212	-0.982122242451	
-0.984828293324	0.056073486805	0.16422227025	
0.0559263788164	0.998419642448	-0.00552292075008	
-0.164272427559	0.00374522875063	-0.986407876015	
-0.980794668198	0.039749212563	0.190949648619	
0.0432391092181	0.99896466732	0.0141431679949	
-0.190189763904	0.0221280362457	-0.981497943401	
-0.984467983246	0.0132588939741	0.175062954426	
0.0339821688831	0.992677569389	0.115915715694	
-0.172244161367	0.120064325631	-0.977709829807	
-0.990124344826	0.0321739576757	0.136450156569	
0.0390492901206	0.998083114624	0.0480128861964	
-0.13464383781	0.0528670102358	-0.989482760429	
-0.86466640234	-0.501306653023	-0.0323055200279	
-0.237564101815	0.351398408413	0.905584037304	
-0.44262316823	0.79070276022	-0.422934859991	
-0.872186481953	-0.485166996717	-0.0624796114862	
-0.267651617527	0.366398781538	0.891131043434	
-0.409454911947	0.793955206871	-0.449423789978	
-0.857964456081	-0.507928788662	-0.0768461450934	
-0.282612144947	0.341770976782	0.896282851696	
-0.428984075785	0.790696501732	-0.436774194241	
-0.870247483253	-0.48996797204	-0.0509968176484	
-0.250475853682	0.35096848011	0.902265489101	
-0.424182921648	0.797967731953	-0.428154587746	
-0.893154323101	-0.447078943253	-0.0489468052983	
-0.242364645004	0.386773586273	0.889755904675	
-0.378859788179	0.806552290916	-0.45380461216	
-0.874017655849	-0.485872715712	-0.00456416932866	
-0.240243330598	0.423961490393	0.873235225677	
-0.422346144915	0.76431953907	-0.487277507782	
-0.898273766041	-0.436149328947	-0.0536468699574	
-0.217189818621	0.334520041943	0.917019605637	
-0.382011532784	0.83538621664	-0.395217776299	
-0.892474889755	-0.446339428425	-0.0653427168727	
-0.239908903837	0.346974313259	0.906671106815	
-0.382010817528	0.824857532978	-0.416746675968	
0.871880888939	-0.475302249193	0.117946952581	
-0.0180175378919	0.209549933672	0.977631926537	
-0.489386439323	-0.854503691196	0.174138814211	
0.880229711533	-0.465730547905	0.0910531282425	
0.00349848391488	0.198236942291	0.980147898197	
-0.474534928799	-0.862436771393	0.176123395562	
0.885196089745	-0.459783434868	0.0709017440677	
0.0340717174113	0.216068893671	0.975783467293	
-0.463968724012	-0.861343979836	0.206928953528	
0.883421182632	-0.462689578533	0.0740631818771	
0.0288632269949	0.211491003633	0.976953685284	
-0.467689990997	-0.860923886299	0.200190350413	
0.895823299885	-0.436552613974	0.0832012444735	
0.0246613658965	0.235761001706	0.971498131752	
-0.443725645542	-0.86823874712	0.221966177225	
0.898246467113	-0.436717987061	0.04930203408	
0.0219586491585	0.156635895371	0.987412273884	
-0.438943177462	-0.885856986046	0.150287374854	
0.882734835148	-0.464852184057	0.0684956610203	
0.0244974624366	0.191108137369	0.98126322031	
-0.469232439995	-0.864517271519	0.180085510015	
0.909233510494	-0.409847408533	0.0729351267219	
0.0194176677614	0.216768607497	0.976029872894	
-0.415833383799	-0.886022806168	0.205051571131	
0.218062371016	-0.355717867613	-0.908797860146	
0.668021678925	0.733271956444	-0.126725152135	
0.71147441864	-0.579462707043	0.397526264191	
0.224670052528	-0.370642155409	-0.901192426682	
0.649824738503	0.746149837971	-0.14487297833	
0.726120591164	-0.553068518639	0.408489972353	
0.208925753832	-0.371143162251	-0.90476667881	
0.676374673843	0.723049759865	-0.140415087342	
0.706305444241	-0.582624912262	0.402095556259	
0.222664967179	-0.33593660593	-0.915186822414	
0.641391634941	0.757453620434	-0.121987059712	
0.734191477299	-0.559830904007	0.384125322104	
0.221723020077	-0.329994469881	-0.917574286461	
0.652079761028	0.74981790781	-0.112094126642	
0.725004076958	-0.573477745056	0.381434619427	
0.219257682562	-0.324407637119	-0.920155286789	
0.680582344532	0.72661626339	-0.0940025895834	
0.699094951153	-0.605630636215	0.380102306604	
0.221924722195	-0.372090548277	-0.90127581358	
0.640174329281	0.752806782722	-0.153162643313	
0.735476911068	-0.542983055115	0.405269235373	
0.208482563496	-0.349499285221	-0.913446903229	
0.64319729805	0.752578735352	-0.141147002578	
0.736771523952	-0.558099925518	0.381696552038	
-0.473136365414	0.852092921734	0.223784670234	
0.783884644508	0.291246980429	0.548361241817	
0.402078121901	0.434871017933	-0.805742144585	
-0.475335836411	0.840026080608	0.261556893587	
0.777161061764	0.261543422937	0.572377204895	
0.412403315306	0.475343257189	-0.777156531811	
-0.480405420065	0.831836879253	0.277953386307	
0.786931872368	0.26889950037	0.555365860462	
0.387232273817	0.485531151295	-0.783779740334	
-0.482513606548	0.838239967823	0.254036098719	
0.776139616966	0.274766474962	0.567547917366	
0.405940771103	0.471017092466	-0.783169865608	
-0.424820572138	0.870159506798	0.249699741602	
0.791554629803	0.223200291395	0.568878650665	
0.439282089472	0.439322322607	-0.783598840237	
-0.472687780857	0.827597916126	0.302734196186	
0.777836561203	0.230376645923	0.584719538689	
0.414169758558	0.511867523193	-0.752632081509	
-0.459160149097	0.850427091122	0.256799072027	
0.794805407524	0.264147162437	0.546361327171	
0.396807700396	0.454972624779	-0.797209858894	
-0.492874383926	0.848801851273	0.191338196397	
0.759679079056	0.312577158213	0.570248365402	
0.42421990633	0.426416426897	-0.798878312111	
-0.818055212498	-0.541464209557	0.193912699819	
0.560875356197	-0.82567936182	0.0606003776193	
0.127296775579	0.158335313201	0.979145288467	
-0.817167758942	-0.524779736996	0.238417908549	
0.554403245449	-0.828771471977	0.0759925544262	
0.157714605331	0.194278329611	0.968184888363	
-0.832141876221	-0.531142473221	0.159460246563	
0.547937750816	-0.831790864468	0.088815279305	
0.0854640156031	0.161281198263	0.983201026917	
-0.836090385914	-0.521068096161	0.171583354473	
0.545039713383	-0.824534952641	0.151900589466	
0.0623259246349	0.220522373915	0.97338861227	
-0.803951382637	-0.571030378342	0.166091904044	
0.583633124828	-0.811218202114	0.0360187105834	
0.114169001579	0.125894024968	0.985452234745	
-0.832080066204	-0.505320370197	0.228679075837	
0.537943065166	-0.835672616959	0.110763452947	
0.135129824281	0.215180367231	0.967180073261	
-0.817299187183	-0.553135871887	0.161439463496	
0.57440161705	-0.8042999506	0.152198344469	
0.0456593930721	0.21712268889	0.975075900555	
-0.862481415272	-0.485989421606	0.141209200025	
0.502116143703	-0.856618344784	0.118677668273	
0.0632862970233	0.173260703683	0.982840538025	
-0.0521974042058	0.491820424795	0.869130671024	
0.55355578661	0.738622605801	-0.384724110365	
-0.831174731255	0.461030691862	-0.310804218054	
0.0140147581697	0.485378026962	0.87419205904	
0.547364115715	0.727923512459	-0.412940472364	
-0.836777210236	0.48428863287	-0.255476862192	
-0.0052398070693	0.523837149143	0.851802289486	
0.568130493164	0.702545404434	-0.428553074598	
-0.822921812534	0.481689333916	-0.301289051771	
0.025202030316	0.527496933937	0.849183082581	
0.564332306385	0.693652749062	-0.447632580996	
-0.825162947178	0.490502655506	-0.28020209074	
0.00847143027931	0.46651828289	0.884470999241	
0.561322808266	0.729781091213	-0.390302747488	
-0.827553570271	0.499780148268	-0.255685061216	
0.010693541728	0.449634552002	0.893148601055	
0.56483733654	0.734334528446	-0.376446068287	
-0.825132966042	0.508509218693	-0.24611774087	
-0.0365224741399	0.527294754982	0.8488971591	
0.560993015766	0.713806033134	-0.419246673584	
-0.827014446259	0.460913449526	-0.321878641844	
-0.000687289808411	0.484700351954	0.874679982662	
0.543255984783	0.73453360796	-0.406611949205	
-0.83956682682	0.474895685911	-0.263821214437	
0.729866266251	0.678795814514	0.0808177292347	
-0.676572322845	0.700410604477	0.227321133018	
0.0976990386844	-0.220593065023	0.970460534096	
0.730516433716	0.669637262821	0.13390918076	
-0.680560946465	0.697686612606	0.223763689399	
0.0564138665795	-0.254596412182	0.965400516987	
0.716535747051	0.694911777973	0.0606147907674	
-0.687744617462	0.689271628857	0.227842092514	
0.11655010283	-0.204944491386	0.971809566021	
0.695155084133	0.714232504368	0.0814328715205	
-0.708973050117	0.662458240986	0.241880640388	
0.11881313473	-0.22587826848	0.966882824898	
0.74074780941	0.659268021584	0.129067316651	
-0.669194281101	0.707295119762	0.22784344852	
0.058921225369	-0.255145639181	0.965105712414	
0.694104552269	0.702702760696	0.156293556094	
-0.718721151352	0.664179086685	0.205684319139	
0.0407280288637	-0.255097895861	0.966057062149	
0.708873867989	0.698937356472	0.0947863459587	
-0.698426783085	0.676801025867	0.232680931687	
0.0984779000282	-0.231142759323	0.967923104763	
0.674536585808	0.732695162296	0.0903229489923	
-0.734575331211	0.653966188431	0.180907055736	
0.073481567204	-0.188377439976	0.979343891144	
-0.211199775338	-0.950406134129	-0.228304356337	
-0.92219555378	0.271165072918	-0.275725990534	
0.323959857225	0.152307987213	-0.933730304241	
-0.172494053841	-0.956418454647	-0.235604703426	
-0.930093467236	0.236899450421	-0.280721873045	
0.324302196503	0.170711547136	-0.930422306061	
-0.177342444658	-0.971306920052	-0.158469393849	
-0.940609931946	0.214649349451	-0.263018190861	
0.289486736059	0.102413602173	-0.951687395573	
-0.151381954551	-0.97691899538	-0.150707691908	
-0.928115785122	0.192937910557	-0.318396031857	
0.340124368668	0.0916747748852	-0.935901224613	
-0.155382066965	-0.957781732082	-0.241889595985	
-0.931046068668	0.223827987909	-0.288191348314	
0.330166071653	0.180430591106	-0.926517784595	
-0.171222269535	-0.952894151211	-0.250351160765	
-0.92984944582	0.240288332105	-0.278642237186	
0.325673013926	0.18507912755	-0.927190840244	
-0.146556675434	-0.981191754341	-0.125634074211	
-0.934877812862	0.178895920515	-0.306593716145	
0.323302656412	0.0725191533566	-0.943512797356	
-0.181992739439	-0.971419990063	-0.152387201786	
-0.927013933659	0.221182972193	-0.302858442068	
0.327908188105	0.0861470326781	-0.940773546696	
0.0772053599358	0.837267637253	0.541315317154	
0.934302806854	-0.250274896622	0.253851830959	
0.348019570112	0.486153692007	-0.80158406496	
0.077287890017	0.866006553173	0.494023501873	
0.921613574028	-0.251079708338	0.295951724052	
0.38033542037	0.432425290346	-0.817528784275	
0.0377323292196	0.876323699951	0.480242699385	
0.934889554977	-0.200689330697	0.292754590511	
0.352927386761	0.437927573919	-0.826838374138	
0.0674492642283	0.865291595459	0.496710240841	
0.921963632107	-0.244344681501	0.300464183092	
0.381357640028	0.437682688236	-0.814248263836	
0.0902229845524	0.831682741642	0.547871887684	
0.930293858051	-0.266771763563	0.251766175032	
0.355546325445	0.486966758966	-0.797778308392	
0.051774520427	0.882000088692	0.468396514654	
0.918785750866	-0.225867331028	0.323754131794	
0.391346633434	0.413593798876	-0.822063267231	
0.0961978211999	0.87221711874	0.479565680027	
0.935253024101	-0.24409943819	0.256353646517	
0.340657740831	0.423854589462	-0.839225590229	
0.0750345364213	0.884405016899	0.460649043322	
0.934956431389	-0.223024129868	0.275892555714	
0.346736609936	0.409985303879	-0.843614697456	
0.93992638588	-0.0172232259065	-0.340942472219	
0.0198253467679	-0.994286894798	0.104883357882	
-0.340801090002	-0.105341941118	-0.934215009212	
0.940284430981	-0.00495758187026	-0.340353637934	
0.0466545633972	-0.988580346107	0.143290758133	
-0.337177276611	-0.150613114238	-0.929315447807	
0.936365246773	-0.0254443213344	-0.350103884935	
0.0219597481191	-0.991169929504	0.130766868591	
-0.350339710712	-0.130133748055	-0.927538275719	
0.932146251202	-0.027502194047	-0.361036062241	
0.0287974253297	-0.98832154274	0.149637192488	
-0.36093506217	-0.149880647659	-0.920468151569	
0.947781324387	0.0091511271894	-0.318789660931	
0.0521889813244	-0.990563869476	0.126726090908	
-0.314621835947	-0.136745929718	-0.939315497875	
0.946538865566	-0.0326822325587	-0.320930033922	
-0.00491740461439	-0.996200919151	0.0869459211826	
-0.322552353144	-0.0807195454836	-0.943103551865	
0.926222205162	-0.00908488593996	-0.376868516207	
0.0511244870722	-0.98744648695	0.149451255798	
-0.37349525094	-0.157692283392	-0.914130449295	
0.934188246727	-0.0280086286366	-0.35567933321	
0.0311743225902	-0.986692965031	0.159578025341	
-0.355415850878	-0.160163983703	-0.920883834362	
0.805307507515	-0.570497095585	0.161284983158	
0.19503864646	-0.00196527387016	-0.980793595314	
0.559856832027	0.821297287941	0.109686329961	
0.81490534544	-0.565903902054	0.12522803247	
0.14258889854	-0.0136775122955	-0.989687502384	
0.561780810356	0.824357748032	0.069545738399	
0.806092917919	-0.57907217741	0.122022755444	
0.129786834121	-0.0281856767833	-0.99114125967	
0.57738161087	0.814788877964	0.052435670048	
0.803461909294	-0.583535015583	0.118049897254	
0.132250234485	-0.0183961614966	-0.99104565382	
0.580481529236	0.811879575253	0.062392026186	
0.825779616833	-0.544439375401	0.147220358253	
0.178666755557	0.00494021736085	-0.983897268772	
0.534945070744	0.838785648346	0.101352743804	
0.852977991104	-0.517337083817	0.0692160502076	
0.12250443548	0.0695245563984	-0.990029811859	
0.507366895676	0.852952897549	0.122679002583	
0.800854444504	-0.580760598183	0.146114036441	
0.15308021009	-0.0373540222645	-0.987507522106	
0.578963398933	0.813216984272	0.0589878149331	
0.861953258514	-0.495189279318	0.108738876879	
0.124215610325	-0.00167312962003	-0.99225383997	
0.491535395384	0.868783533573	0.0600680783391	
0.185169503093	0.981721103191	-0.0439991876483	
-0.688529789448	0.0976619720459	-0.718602001667	
-0.701169729233	0.163357943296	0.694028258324	
0.16220934689	0.985414922237	-0.0514354333282	
-0.70912450552	0.0801647305489	-0.700511276722	
-0.686170935631	0.150103613734	0.711785316467	
0.228002294898	0.972780525684	-0.0413877665997	
-0.666040360928	0.124819763005	-0.735398054123	
-0.710214912891	0.195238366723	0.6763702631	
0.208051919937	0.976633906364	-0.0538576245308	
-0.696640014648	0.109303794801	-0.709045410156	
-0.686590909958	0.185037642717	0.703103065491	
0.138719901443	0.990281641483	-0.00995413213968	
-0.683044672012	0.0883941054344	-0.72500795126	
-0.71708214283	0.107372142375	0.688668608665	
0.156891524792	0.981569707394	-0.109114333987	
-0.676242649555	0.0262493416667	-0.736211121082	
-0.719778358936	0.189293056726	0.667897582054	
0.115792222321	0.99160349369	-0.0575733520091	
-0.671000540257	0.0353538878262	-0.740613520145	
-0.732359528542	0.12438903749	0.669460177422	
0.232778251171	0.971657037735	-0.0411926992238	
-0.678125739098	0.131805092096	-0.723030388355	
-0.697108149529	0.196239575744	0.689586997032	
-0.456552684307	-0.859995901585	0.227962091565	
0.377794474363	0.0445813909173	0.92481559515	
-0.80550044775	0.508349835873	0.304547935724	
-0.445491224527	-0.864199638367	0.233872964978	
0.339516460896	0.0786383002996	0.93730711937	
-0.828411817551	0.496965795755	0.258377313614	
-0.472997993231	-0.854695081711	0.213937446475	
0.407966166735	0.00275675486773	0.91299289465	
-0.780920267105	0.519123077393	0.347382724285	
-0.469807475805	-0.844786524773	0.256157457829	
0.407233893871	0.0500501133502	0.911951482296	
-0.783225059509	0.532757639885	0.32051178813	
-0.474768429995	-0.831231892109	0.289220422506	
0.361465930939	0.115463025868	0.925208449364	
-0.802457034588	0.543803095818	0.245643824339	
-0.476088643074	-0.83810454607	0.266308784485	
0.376703053713	0.0792762711644	0.922935605049	
-0.794628500938	0.53971850872	0.277974009514	
-0.523578941822	-0.823193430901	0.219585135579	
0.40024715662	-0.0101359989494	0.91635119915	
-0.752108573914	0.56767052412	0.334787815809	
-0.482306003571	-0.82708978653	0.28862336278	
0.402586996555	0.0833441093564	0.911579668522	
-0.77801322937	0.555856347084	0.292778223753	
-0.280990719795	-0.183963835239	0.94191378355	
0.895458579063	-0.403329849243	0.188358470798	
0.345250785351	0.896371781826	0.278063952923	
-0.294659048319	-0.216923385859	0.930655837059	
0.873783230782	-0.455450326204	0.170492991805	
0.386883586645	0.863428771496	0.323746562004	
-0.230974003673	-0.168117389083	0.958325386047	
0.888124287128	-0.438679277897	0.137097492814	
0.397349029779	0.882777988911	0.2506326437	
-0.250831544399	-0.186723545194	0.949851512909	
0.875279963017	-0.462864339352	0.140148386359	
0.413483381271	0.866539597511	0.279536366463	
-0.245634481311	-0.164166852832	0.955360114574	
0.882640242577	-0.445334047079	0.150412172079	
0.400761693716	0.8801856637	0.25428968668	
-0.2546903193	-0.17082875967	0.951814234257	
0.886589348316	-0.4342623353	0.159297078848	
0.386124551296	0.884439826012	0.262057363987	
-0.248078778386	-0.129946246743	0.959984838963	
0.87813949585	-0.448605984449	0.166203781962	
0.409057378769	0.884232223034	0.225400552154	
-0.259954124689	-0.180189311504	0.948659956455	
0.885928034782	-0.435323387384	0.160078451037	
0.384129434824	0.88205742836	0.272798866034	
0.161682605743	0.653234422207	-0.739691495895	
0.771785259247	-0.550811231136	-0.317733317614	
-0.614984750748	-0.519511044025	-0.593213319778	
0.176682114601	0.657401502132	-0.732534408569	
0.770265817642	-0.555680990219	-0.312904536724	
-0.61275935173	-0.508961558342	-0.604552805424	
0.127349197865	0.625284552574	-0.769936025143	
0.74766522646	-0.570596337318	-0.339730173349	
-0.651750683784	-0.532389998436	-0.540168464184	
0.146932572126	0.636486232281	-0.757163226604	
0.742345631123	-0.576841533184	-0.34084713459	
-0.653707683086	-0.511995255947	-0.557249605656	
0.123546421528	0.61786621809	-0.776516318321	
0.784327566624	-0.540176570415	-0.305023819208	
-0.607919812202	-0.571358561516	-0.551346421242	
0.170290768147	0.634173512459	-0.75420486927	
0.787809193134	-0.54737341404	-0.282380968332	
-0.591910243034	-0.546082675457	-0.592820346355	
0.114612042904	0.607056081295	-0.786350429058	
0.774827718735	-0.55000525713	-0.311666935682	
-0.621696174145	-0.573565304279	-0.533401072025	
0.149619713426	0.624242842197	-0.766769111156	
0.738980174065	-0.585827708244	-0.332737386227	
-0.656903505325	-0.516843080521	-0.548954427242	
-0.175799161196	-0.926969528198	-0.331394165754	
0.456290304661	-0.375019967556	0.80694437027	
-0.872292280197	-0.00935181044042	0.48889541626	
-0.156301766634	-0.920633614063	-0.357775747776	
0.50146073103	-0.386036872864	0.774282038212	
-0.850944697857	-0.0583888404071	0.521999895573	
-0.174008190632	-0.912009716034	-0.371428847313	
0.413618773222	-0.409987807274	0.812914192677	
-0.893666982651	-0.0121762193739	0.448565602303	
-0.153339847922	-0.916341841221	-0.369871020317	
0.432840466499	-0.398764073849	0.808477818966	
-0.888333261013	-0.0361232832074	0.457776218653	
-0.133626773953	-0.935172796249	-0.328017830849	
0.470696151257	-0.351160615683	0.809401869774	
-0.872117519379	-0.0462389737368	0.487106710672	
-0.14193187654	-0.924243807793	-0.354441404343	
0.477019071579	-0.377609223127	0.793639779091	
-0.86735701561	-0.0564325302839	0.494476735592	
-0.154323369265	-0.92226088047	-0.354427874088	
0.410023540258	-0.386157631874	0.826294720173	
-0.898924350739	-0.0178071819246	0.437741845846	
-0.181065306067	-0.915670692921	-0.358834922314	
0.42348074913	-0.401898682117	0.811875283718	
-0.887625694275	-0.00495722470805	0.460538834333	
0.91713821888	0.107163064182	-0.383892685175	
0.125723153353	0.836219966412	0.533788263798	
0.378221094608	-0.537821769714	0.753456413746	
0.919617772102	0.0259156841785	-0.391958624125	
0.198021292686	0.831173539162	0.519555687904	
0.339250266552	-0.555408775806	0.759230077267	
0.949883937836	0.0547667890787	-0.307767868042	
0.125493735075	0.834909021854	0.535890161991	
0.286307156086	-0.547656357288	0.786193788052	
0.946426868439	0.0150630893186	-0.322566688061	
0.164359599352	0.8373696208	0.521342515945	
0.277960568666	-0.546429514885	0.790033340454	
0.934296667576	0.0642163977027	-0.350665122271	
0.13792540133	0.841929137707	0.521662592888	
0.328734487295	-0.535753250122	0.777754485607	
0.928321361542	0.0302156638354	-0.37054887414	
0.175582036376	0.842902839184	0.508611559868	
0.32770472765	-0.537216663361	0.777179419994	
0.949099183083	0.00722853047773	-0.314894378185	
0.165576264262	0.839010477066	0.51831060648	
0.267946302891	-0.544067203999	0.79510730505	
0.944612801075	0.011452274397	-0.32798704505	
0.16800364852	0.841639041901	0.513243079185	
0.281924515963	-0.539919018745	0.793098986149	
-0.0367847457528	-0.0449004173279	0.998314023018	
-0.832601964474	0.553841769695	-0.00576904788613	
-0.552648961544	-0.83141040802	-0.0577571056783	
-0.09445463866	-0.0502081774175	0.99426227808	
-0.890561103821	0.450639456511	-0.0618467032909	
-0.444948583841	-0.891292989254	-0.0872784331441	
-0.0826510712504	-0.0207363385707	0.996362805367	
-0.841601848602	0.536905765533	-0.0586391165853	
-0.533736944199	-0.843387365341	-0.0618275739253	
-0.0532385520637	-0.00345078390092	0.998575866222	
-0.887178659439	0.459156185389	-0.0457127578557	
-0.458344519138	-0.88834887743	-0.0275062713772	
-0.0272022485733	-0.0251068510115	0.99931460619	
-0.844299674034	0.535786688328	-0.00952146016061	
-0.535180389881	-0.843980014324	-0.0357723087072	
-0.0176074448973	0.00618758564815	0.999825835228	
-0.882043123245	0.470807403326	-0.0184468999505	
-0.47083953023	-0.882214307785	-0.00283199781552	
-0.0921010673046	-0.0146969864145	0.995641171932	
-0.851579368114	0.519380629063	-0.0711079835892	
-0.516071677208	-0.85441660881	-0.0603511631489	
-0.109227068722	-0.0218891613185	0.993775784969	
-0.85947984457	0.504327058792	-0.0833580046892	
-0.499363392591	-0.863235235214	-0.0738994628191	
0.937660098076	-0.0436996035278	-0.344795465469	
-0.137239992619	0.864889681339	-0.482836395502	
0.319309830666	0.500056147575	0.80497521162	
0.93641859293	-0.119624421	-0.329863995314	
-0.0852234885097	0.834402501583	-0.54452675581	
0.340378046036	0.538017094135	0.771155238152	
0.902809977531	-0.0576030053198	-0.426164269447	
-0.175320073962	0.855593502522	-0.48705509305	
0.392679214478	0.514433324337	0.762339413166	
0.912403106689	-0.051394239068	-0.406053185463	
-0.16569173336	0.860776603222	-0.481258660555	
0.374255001545	0.506381571293	0.776859641075	
0.898660838604	-0.0838235095143	-0.430560469627	
-0.161297291517	0.849651098251	-0.502071857452	
0.407911628485	0.520640552044	0.750027656555	
0.90639847517	-0.115532711148	-0.406317621469	
-0.126491978765	0.843503832817	-0.522016346455	
0.40304043889	0.52455073595	0.749936640263	
0.93204408884	-0.0881492197514	-0.351459145546	
-0.104880429804	0.862806499004	-0.494535148144	
0.346834123135	0.497789740562	0.794928610325	
0.94429320097	-0.107546463609	-0.311037242413	
-0.076612316072	0.847300171852	-0.525559663773	
0.320063978434	0.520111680031	0.79186040163	
-0.951526165009	0.260973393917	-0.162760064006	
-0.281893849373	-0.951642155647	0.122119054198	
-0.123019509017	0.162080541253	0.979079186916	
-0.956343173981	0.243311852217	-0.161885887384	
-0.256455689669	-0.964323699474	0.0656528770924	
-0.140136271715	0.104303240776	0.984623134136	
-0.972701311111	0.197883754969	-0.121219776571	
-0.208054259419	-0.975015640259	0.0778329968452	
-0.102789290249	0.100928544998	0.989569485188	
-0.95418125391	0.24281899631	-0.17486295104	
-0.256428450346	-0.964722394943	0.0596255511045	
-0.154215976596	0.101733416319	0.982785701752	
-0.968208730221	0.23440515995	-0.0873275622725	
-0.244549393654	-0.960419774055	0.133377224207	
-0.0526068098843	0.150492891669	0.987210392952	
-0.975584566593	0.189705684781	-0.110663756728	
-0.201268449426	-0.973913908005	0.104798600078	
-0.087896078825	0.124513022602	0.988317131996	
-0.953225553036	0.216912195086	-0.210499793291	
-0.242834344506	-0.964257061481	0.106018103659	
-0.179979294538	0.152175754309	0.97182816267	
-0.949586331844	0.222358852625	-0.221003144979	
-0.243949890137	-0.966852366924	0.0753984823823	
-0.196911901236	0.125511065125	0.97235417366	
0.212124705315	0.280027389526	0.936262667179	
-0.122108653188	-0.942962050438	0.309696704149	
0.969583690166	-0.180020093918	-0.165831774473	
0.18209297955	0.278563261032	0.942997694016	
-0.0997977852821	-0.948843300343	0.299561023712	
0.978203713894	-0.148657038808	-0.144977703691	
0.170498117805	0.224919974804	0.959344267845	
-0.160504668951	-0.954257190228	0.252252757549	
0.972197830677	-0.196987867355	-0.126598343253	
0.19909542799	0.246720850468	0.948414385319	
-0.101747237146	-0.957354784012	0.270405858755	
0.974683821201	-0.150335103273	-0.16550180316	
0.190097808838	0.283925116062	0.939813494682	
-0.128172785044	-0.941898822784	0.310480862856	
0.973362505436	-0.17948025465	-0.142661437392	
0.195566430688	0.282479435205	0.93912678957	
-0.153209626675	-0.937059223652	0.313762336969	
0.968648850918	-0.205244645476	-0.13997875154	
0.202130615711	0.243641525507	0.948568403721	
-0.106973409653	-0.957273125648	0.268672347069	
0.973498821259	-0.155778497458	-0.167431041598	
0.176987439394	0.229962021112	0.956970691681	
-0.145801052451	-0.955466389656	0.256565779448	
0.973353743553	-0.184936255217	-0.135576844215	
-0.367280185223	0.841144502163	0.396964967251	
-0.240006089211	-0.498047679663	0.833274006844	
0.898611366749	0.210771009326	0.384802848101	
-0.337830632925	0.84742552042	0.409561276436	
-0.227396294475	-0.495741456747	0.838171422482	
0.913324356079	0.19002725184	0.360178083181	
-0.343359261751	0.849407970905	0.400762468576	
-0.223644211888	-0.488374352455	0.843489050865	
0.912188410759	0.199991568923	0.357653021812	
-0.319059729576	0.86722433567	0.382260203362	
-0.247094586492	-0.465510100126	0.849849760532	
0.914956390858	0.17669840157	0.362811952829	
-0.335986495018	0.859786272049	0.384552508593	
-0.251313716173	-0.475322067738	0.843155026436	
0.907719373703	0.186645388603	0.375777870417	
-0.345635294914	0.847890615463	0.40201702714	
-0.226120442152	-0.491054058075	0.841270148754	
0.910717189312	0.199868381023	0.361451029778	
-0.33512070775	0.854916572571	0.395994603634	
-0.27578741312	-0.490898728371	0.826413810253	
0.900908112526	0.167738035321	0.400285571814	
-0.330611169338	0.859683334827	0.389410823584	
-0.247388064861	-0.477126896381	0.843296527863	
0.910766363144	0.18246768415	0.37041887641	
0.620793879032	0.180096834898	-0.763007283211	
0.492354691029	-0.846944630146	0.20067794621	
-0.610083460808	-0.500249862671	-0.614449560642	
0.584539115429	0.202645480633	-0.785651862621	
0.549881875515	-0.8109562397	0.199949681759	
-0.596610367298	-0.548894107342	-0.585466742516	
0.636307179928	0.179925084114	-0.750160038471	
0.496889829636	-0.83942759037	0.220140337944	
-0.59009629488	-0.512823760509	-0.623536765575	
0.640082657337	0.183646351099	-0.746035039425	
0.482462584972	-0.851765096188	0.204269737005	
-0.59793317318	-0.490683495998	-0.63380253315	
0.629658341408	0.19107888639	-0.75300681591	
0.514550149441	-0.828767836094	0.219959184527	
-0.582038283348	-0.525958895683	-0.620160222054	
0.64398676157	0.198940053582	-0.738717734814	
0.51968640089	-0.822374224663	0.231574252248	
-0.561433017254	-0.533032298088	-0.632984578609	
0.620943367481	0.19328853488	-0.759650528431	
0.514064908028	-0.832025647163	0.20849609375	
-0.591748774052	-0.519973933697	-0.616003632545	
0.616684675217	0.173873186111	-0.767768263817	
0.524107635021	-0.818406403065	0.235631287098	
-0.587376534939	-0.547703444958	-0.595826923847	
-0.404004186392	0.794181525707	-0.45393422246	
0.126642286777	0.540015459061	0.832072734833	
0.905948281288	0.278673619032	-0.318745493889	
-0.391344368458	0.798834085464	-0.456851959229	
0.110288374126	0.533581733704	0.838526666164	
0.913611531258	0.277767241001	-0.296916306019	
-0.323341101408	0.824878394604	-0.463709175587	
0.0960548147559	0.516112089157	0.851117968559	
0.941394686699	0.230659916997	-0.246113792062	
-0.339117288589	0.805381119251	-0.486169457436	
0.110229082406	0.547250270844	0.829678654671	
0.934263885021	0.227768361568	-0.274358451366	
-0.340517431498	0.794560551643	-0.5027140975	
0.0530951023102	0.550063252449	0.833433449268	
0.938737869263	0.25710695982	-0.229493394494	
-0.304592907429	0.790290117264	-0.531662166119	
0.0588985905051	0.572745263577	0.817614734173	
0.950659811497	0.217725500464	-0.221001118422	
-0.348802953959	0.785432159901	-0.511304974556	
0.0862177684903	0.570147395134	0.817005753517	
0.933221817017	0.240890443325	-0.26658731699	
-0.317711055279	0.812363088131	-0.489005029202	
0.114310145378	0.54478007555	0.830751359463	
0.941271960735	0.208040654659	-0.265943974257	
0.719901561737	0.53055369854	-0.447498083115	
-0.270914077759	-0.37880423665	-0.884936690331	
-0.639020562172	0.758300840855	-0.128967285156	
0.75660020113	0.475321620703	-0.449027270079	
-0.277844965458	-0.387932956219	-0.878811836243	
-0.591910719872	0.789669156075	-0.161444440484	
0.737913489342	0.491427153349	-0.462583065033	
-0.319550722837	-0.349307119846	-0.88083589077	
-0.594450235367	0.797799408436	-0.100722528994	
0.737905561924	0.46531444788	-0.488853603601	
