-0.509642362595	-0.0660554692149	0.857846915722	
-0.794496893883	0.418792098761	-0.439758837223	
-0.330211043358	-0.905676484108	-0.265915036201	
-0.501845061779	-0.090458124876	0.860214412212	
-0.798571228981	0.430550485849	-0.420607030392	
-0.332318395376	-0.898022055626	-0.288306891918	
-0.536120057106	-0.0846362486482	0.839888095856	
-0.779858410358	0.43049120903	-0.454420745373	
-0.323103964329	-0.898617863655	-0.296799242496	
-0.519618451595	-0.080029912293	0.850642025471	
-0.781535565853	0.446832031012	-0.435365706682	
-0.345251828432	-0.89103102684	-0.294728398323	
-0.493106931448	-0.0498528815806	0.86853915453	
-0.793962836266	0.433894902468	-0.425861805677	
-0.355624288321	-0.899583160877	-0.253537923098	
-0.499652296305	-0.0812186300755	0.862410068512	
-0.787392199039	0.457562863827	-0.413097798824	
-0.361055582762	-0.885460197926	-0.29257324338	
-0.523687660694	-0.077122554183	0.84841221571	
-0.774494946003	0.45790886879	-0.436436831951	
-0.354836344719	-0.885647535324	-0.299532264471	
-0.503801286221	-0.0822763442993	0.859892368317	
-0.787405788898	0.45308354497	-0.417980194092	
-0.355213195086	-0.887663185596	-0.29304894805	
-0.179889753461	0.702209949493	-0.6888692379	
-0.859271883965	0.228718757629	0.457536429167	
0.478843957186	0.674232065678	0.562245130539	
-0.169777289033	0.705949485302	-0.687612533569	
-0.841490745544	0.259296059608	0.473981976509	
0.51290255785	0.659090936184	0.550027370453	
-0.147806689143	0.697989702225	-0.700687944889	
-0.862200498581	0.256144970655	0.437035560608	
0.484524011612	0.668730258942	0.563947081566	
-0.139993950725	0.705367386341	-0.694880247116	
-0.856584131718	0.265737921	0.442320019007	
0.49665415287	0.657145500183	0.567004799843	
-0.162117913365	0.704626560211	-0.690810501575	
-0.859662175179	0.24284927547	0.44944986701	
0.484457165003	0.666727542877	0.566370606422	
-0.169082060456	0.71074450016	-0.682827532291	
-0.851777791977	0.243183493614	0.464043468237	
0.495868742466	0.660078763962	0.564278423786	
-0.161638051271	0.695455491543	-0.700153410435	
-0.857693016529	0.251907259226	0.448224782944	
0.488094121218	0.672966837883	0.555769503117	
-0.160862699151	0.702494442463	-0.693271040916	
-0.852173924446	0.255504012108	0.45663690567	
0.497918426991	0.664243400097	0.557546377182	
0.804782986641	0.23695205152	0.544222474098	
0.211784601212	0.741889595985	-0.636197388172	
-0.554501235485	0.627258777618	0.546877324581	
0.79575741291	0.293555706739	0.529712319374	
0.179715678096	0.72080630064	-0.669432997704	
-0.578335881233	0.627903878689	0.520830452442	
0.776268541813	0.252772629261	0.577505946159	
0.230683669448	0.738653004169	-0.633385241032	
-0.586678922176	0.624898195267	0.515082538128	
0.777851700783	0.250794738531	0.576236665249	
0.230769202113	0.738877594471	-0.633091986179	
-0.584544539452	0.625429391861	0.516861498356	
0.790271341801	0.265680879354	0.55216383934	
0.188480466604	0.752029120922	-0.63160687685	
-0.583049178123	0.603212952614	0.544231414795	
0.795648932457	0.272077977657	0.541217446327	
0.216523006558	0.706691145897	-0.673576593399	
-0.565738916397	0.65311652422	0.503366887569	
0.783427655697	0.274449884892	0.557600557804	
0.195814996958	0.742505550385	-0.640579402447	
-0.589828491211	0.611034154892	0.527957975864	
0.785279870033	0.255708545446	0.563869357109	
0.223621308804	0.732111215591	-0.643433511257	
-0.577346503735	0.63136857748	0.517730355263	
0.937338531017	0.0650090426207	-0.342301547527	
-0.186342641711	0.923662126064	-0.33485019207	
0.294402688742	0.377653360367	0.877898037434	
0.94534099102	0.0458573028445	-0.32284283638	
-0.159878253937	0.928075313568	-0.336326003075	
0.284199476242	0.369558304548	0.884679198265	
0.953916728497	0.0696678757668	-0.291871994734	
-0.164493694901	0.934912502766	-0.314452618361	
0.250967532396	0.347972720861	0.903288602829	
0.964589238167	0.0553730763495	-0.25787872076	
-0.147507473826	0.923772990704	-0.353390783072	
0.218653053045	0.378915995359	0.89922940731	
0.94834035635	0.0409298576415	-0.314603418112	
-0.157960370183	0.920904994011	-0.356346070766	
0.275134652853	0.387632220984	0.879796683788	
0.953944444656	0.05905046314	-0.29411393404	
-0.165365114808	0.921530544758	-0.351334363222	
0.250288516283	0.383789658546	0.88885384798	
0.951126039028	0.0657062083483	-0.301731616259	
-0.171212792397	0.92537266016	-0.338188678026	
0.256993114948	0.373320370913	0.891395807266	
0.954667806625	0.0623497925699	-0.291070252657	
-0.169393971562	0.917846024036	-0.358976811171	
0.244775533676	0.392009168863	0.886799752712	
-0.62021791935	0.341832190752	-0.706031501293	
0.72273182869	-0.100873701274	-0.683727383614	
-0.30494004488	-0.934331476688	-0.184489324689	
-0.634047925472	0.330028772354	-0.699331283569	
0.724735379219	-0.0618088804185	-0.686249434948	
-0.26970693469	-0.941945135593	-0.199993729591	
-0.566553592682	0.331309616566	-0.754487216473	
0.773847997189	-0.10070630163	-0.625313937664	
-0.283154129982	-0.938132286072	-0.199327781796	
-0.56593298912	0.344912260771	-0.748836040497	
0.782983005047	-0.0595823116601	-0.619183003902	
-0.25818118453	-0.936741948128	-0.23634083569	
-0.619307696819	0.302240848541	-0.724643707275	
0.73551607132	-0.0996079742908	-0.67014503479	
-0.274725496769	-0.948013067245	-0.160615026951	
-0.637695431709	0.326043963432	-0.697882413864	
0.719031870365	-0.073011778295	-0.691131293774	
-0.276292830706	-0.942530989647	-0.187876716256	
-0.60529011488	0.317592263222	-0.729903459549	
0.741172075272	-0.10957390815	-0.662312209606	
-0.290323615074	-0.941875100136	-0.169066518545	
-0.601352572441	0.348581075668	-0.718934178352	
0.748694300652	-0.0683447793126	-0.659382939339	
-0.278983801603	-0.934783518314	-0.219881355762	
0.570928215981	0.548690676689	-0.610720515251	
-0.713788568974	0.699272751808	-0.0390318930149	
0.40564379096	0.458209723234	0.790883660316	
0.581852734089	0.533538997173	-0.613826930523	
-0.701878249645	0.710706651211	-0.0475705638528	
0.410870105028	0.4585108459	0.788006067276	
0.554303228855	0.55468326807	-0.620543599129	
-0.712703406811	0.701398849487	-0.00966827198863	
0.429885745049	0.447622686625	0.784112334251	
0.58326113224	0.544375479221	-0.602877914906	
-0.705455899239	0.707402586937	-0.0437441840768	
0.402664124966	0.450818061829	0.79663336277	
0.582095682621	0.535921990871	-0.611516356468	
-0.691482484341	0.72194236517	-0.0255172010511	
0.427804350853	0.437706321478	0.79082018137	
0.570199668407	0.548909366131	-0.611204445362	
-0.708138287067	0.70555794239	-0.0269842315465	
0.416428238153	0.448203682899	0.791012644768	
0.582315266132	0.534167945385	-0.612840533257	
-0.690954327583	0.722398638725	-0.0268765855581	
0.42835855484	0.439095467329	0.789749383926	
0.561461806297	0.524656713009	-0.639918744564	
-0.719441056252	0.691577851772	-0.064223356545	
0.408858418465	0.496442764997	0.765754103661	
0.234684497118	-0.797524929047	0.555767178535	
-0.949046969414	-0.0642836019397	0.308508366346	
-0.2103164047	-0.599851310253	-0.771974980831	
0.224116027355	-0.80767428875	0.545375347137	
-0.949256420135	-0.0542163290083	0.309794813395	
-0.220645040274	-0.587131083012	-0.778840720654	
0.208433002234	-0.805492281914	0.55474126339	
-0.95822173357	-0.0545888617635	0.280768930912	
-0.195874512196	-0.590086638927	-0.783218324184	
0.209491163492	-0.812489926815	0.544034540653	
-0.954609870911	-0.0494609549642	0.293723642826	
-0.211739048362	-0.580873250961	-0.78597253561	
0.25614926219	-0.802028179169	0.539572358131	
-0.943311452866	-0.0855155661702	0.320703297853	
-0.211071252823	-0.591132700443	-0.77846711874	
0.244251415133	-0.810922026634	0.531739354134	
-0.942145168781	-0.0686310902238	0.328104019165	
-0.229572921991	-0.581115543842	-0.780769467354	
0.24586032331	-0.776450395584	0.58023917675	
-0.948527276516	-0.0694416314363	0.30898848176	
-0.199621468782	-0.626340687275	-0.753557264805	
0.224451214075	-0.814717113972	0.534656643867	
-0.951179563999	-0.0638900026679	0.301952898502	
-0.211846962571	-0.576328158379	-0.789282441139	
0.947325229645	-0.11302061379	0.299668520689	
-0.200688079	-0.938668370247	0.280403196812	
0.249598026276	-0.325772941113	-0.911906123161	
0.944173276424	-0.132423773408	0.30166336894	
-0.216449439526	-0.939646840096	0.26497811079	
0.248367637396	-0.315480113029	-0.915852487087	
0.947359383106	-0.103618316352	0.302941352129	
-0.188286200166	-0.945579409599	0.265382558107	
0.258956611156	-0.30845233798	-0.91531342268	
0.949427306652	-0.0984187871218	0.298163622618	
-0.188157230616	-0.938551843166	0.289339393377	
0.251365572214	-0.330808341503	-0.90960496664	
0.953323245049	-0.0972888097167	0.285848945379	
-0.18118776381	-0.941611289978	0.28379419446	
0.241548612714	-0.322339951992	-0.915287494659	
0.943362951279	-0.135283142328	0.302927136421	
-0.218711644411	-0.940171003342	0.261234939098	
0.249462634325	-0.312693059444	-0.916510462761	
0.94687217474	-0.0950984507799	0.307228475809	
-0.182330071926	-0.945661604404	0.269220888615	
0.264931708574	-0.310934782028	-0.912759959698	
0.939899325371	-0.136186078191	0.31311750412	
-0.223580986261	-0.93855381012	0.262922555208	
0.258071243763	-0.317127883434	-0.912594735622	
-0.996028244495	-0.0801191776991	-0.0388407558203	
0.075989715755	-0.537574291229	-0.839785337448	
0.0464031212032	-0.839401483536	0.54152739048	
-0.995197474957	-0.0827150642872	-0.052347175777	
0.0901301652193	-0.565656125546	-0.819701015949	
0.0381911173463	-0.820482432842	0.570394635201	
-0.994596302509	-0.102683253586	-0.0153065854684	
0.0706317201257	-0.561215817928	-0.824650228024	
0.0760874673724	-0.821275174618	0.565435886383	
-0.994655251503	-0.101438522339	-0.0192641075701	
0.0702061504126	-0.527635931969	-0.846564471722	
0.0757098123431	-0.843392252922	0.531937479973	
-0.996601641178	-0.0757945477962	-0.0322542786598	
0.0684284120798	-0.5438118577	-0.836412668228	
0.0458552651107	-0.835777401924	0.547150313854	
-0.996102333069	-0.0849416106939	-0.0237722899765	
0.0672449618578	-0.556884288788	-0.827863514423	
0.0570816472173	-0.826235294342	0.560425639153	
-0.997651040554	-0.0617294572294	-0.0296956244856	
0.059007178992	-0.554251253605	-0.8302552104	
0.0347923636436	-0.83005720377	0.556591868401	
-0.995083630085	-0.0969269126654	-0.0203409325331	
0.0667328834534	-0.504442512989	-0.860862612724	
0.073179922998	-0.857987701893	0.508430719376	
-0.990017354488	0.0649389103055	0.12509432435	
0.0661729872227	0.997791707516	0.00573082920164	
-0.124445922673	0.0139514850453	-0.992128312588	
-0.991124391556	0.039221573621	0.127019956708	
0.0445677824318	0.998224198818	0.0395236425102	
-0.125244215131	0.044833842665	-0.991112411022	
-0.98378354311	0.0414206534624	0.174511641264	
0.0554298609495	0.995552062988	0.0761815458536	
-0.170579925179	0.0846193060279	-0.98170363903	
-0.985098838806	0.0290054492652	0.169525593519	
0.0416110642254	0.996587693691	0.07128444314	
-0.166879475117	0.0772763639688	-0.982944369316	
-0.984381496906	0.0640414431691	0.163987249136	
0.0668572112918	0.997693896294	0.0117036188021	
-0.162859559059	0.0224845558405	-0.986393034458	
-0.981856226921	0.0513964667916	0.182528704405	
0.0574389100075	0.99795717001	0.0279697328806	
-0.180718272924	0.0379465073347	-0.982802629471	
-0.985253572464	0.0332334861159	0.167842134833	
0.052082862705	0.992656350136	0.109182327986	
-0.162981048226	0.11631397903	-0.979749083519	
-0.989296317101	0.0498276501894	0.137149482965	
0.0571990534663	0.99709290266	0.0503393821418	
-0.134242475033	0.0576453879476	-0.989270448685	
-0.872500658035	-0.487843245268	-0.0274144932628	
-0.229041293263	0.358786940575	0.904882311821	
-0.431604772806	0.795789480209	-0.424778103828	
-0.877978026867	-0.475613415241	-0.0542816855013	
-0.255841135979	0.370367258787	0.892957687378	
-0.404598504305	0.797884702682	-0.446855783463	
-0.867475867271	-0.493456870317	-0.0631344765425	
-0.264902710915	0.350767046213	0.89821434021	
-0.421084553003	0.795903742313	-0.435000002384	
-0.878285050392	-0.476281613111	-0.0420850068331	
-0.238011702895	0.359165757895	0.902413666248	
-0.414687544107	0.802593171597	-0.428810507059	
-0.895058453083	-0.443975150585	-0.0419103316963	
-0.232451736927	0.384283155203	0.893472254276	
-0.380574047565	0.80945199728	-0.447158664465	
-0.881478190422	-0.472160816193	-0.00776961678639	
-0.230778619647	0.416369974613	0.879418730736	
-0.411992013454	0.776981472969	-0.47598567605	
-0.897089362144	-0.440010398626	-0.0402681492269	
-0.211073830724	0.34669688344	0.913919627666	
-0.388173282146	0.828367173672	-0.403892785311	
-0.894054710865	-0.445059329271	-0.0508761964738	
-0.229504436255	0.357556253672	0.905252039433	
-0.384699761868	0.821021139622	-0.421817958355	
0.877339303493	-0.468523353338	0.10373800993	
-0.00560313370079	0.206162557006	0.978501737118	
-0.47983777523	-0.859059274197	0.178249314427	
0.8833771348	-0.461703240871	0.0804673209786	
0.0123871928081	0.194637313485	0.980797052383	
-0.46849912405	-0.865416944027	0.177657350898	
0.885104060173	-0.461063623428	0.0633333846927	
0.0392558537424	0.209564656019	0.977006435394	
-0.463734596968	-0.862266182899	0.203585982323	
0.884409725666	-0.461671918631	0.0683994144201	
0.0331255458295	0.208281069994	0.977507889271	
-0.46553426981	-0.862251698971	0.199498936534	
0.894387304783	-0.440977483988	0.0749014541507	
0.0302395634353	0.226683601737	0.973498880863	
-0.446270018816	-0.868420064449	0.216077908874	
0.896886944771	-0.439608633518	0.0483538620174	
0.0280064493418	0.165569707751	0.985800325871	
-0.441372275352	-0.882797241211	0.160809189081	
0.884501159191	-0.462222069502	0.0633128583431	
0.0310556683689	0.193740025163	0.980561256409	
-0.465503275394	-0.865341305733	0.185717880726	
0.904223561287	-0.421694904566	0.0674768835306	
0.0272850878537	0.214726403356	0.976293027401	
-0.426186859608	-0.880946099758	0.205666661263	
0.210607230663	-0.361353605986	-0.908332645893	
0.674055278301	0.726647615433	-0.132788181305	
0.708021223545	-0.584300220013	0.396609544754	
0.214689493179	-0.374495953321	-0.902031719685	
0.661932468414	0.734895169735	-0.147561684251	
0.718160033226	-0.565404117107	0.405665308237	
0.203826129436	-0.372822880745	-0.905239224434	
0.679540336132	0.719502806664	-0.143320143223	
0.70475512743	-0.58593416214	0.400001645088	
0.212137520313	-0.344719558954	-0.914421200752	
0.654319524765	0.745117068291	-0.129098832607	
0.725853741169	-0.570936918259	0.383624047041	
0.212217256427	-0.341014683247	-0.91579079628	
0.662864744663	0.738814115524	-0.121507123113	
0.718034923077	-0.581259548664	0.382835716009	
0.209918513894	-0.337860375643	-0.917488217354	
0.685846269131	0.719673514366	-0.108096569777	
0.696813523769	-0.60656440258	0.382793068886	
0.21380469203	-0.375976353884	-0.901625931263	
0.652017831802	0.742214620113	-0.154887586832	
0.727434039116	-0.55476051569	0.403832256794	
0.203351289034	-0.351285368204	-0.913918375969	
0.658291459084	0.740011751652	-0.137967348099	
0.724776268005	-0.573568820953	0.381730496883	
-0.463665097952	0.856886506081	0.225300252438	
0.790128946304	0.284841477871	0.542735278606	
0.400887697935	0.429663658142	-0.809121847153	
-0.465463161469	0.84717464447	0.256201326847	
0.783806025982	0.260110735893	0.563906550407	
0.4110866189	0.463289856911	-0.785092532635	
-0.469153910875	0.840600252151	0.270713508129	
0.793006002903	0.266100227833	0.548025667667	
0.388633608818	0.471785843372	-0.791442990303	
-0.468599051237	0.847012758255	0.250966727734	
0.785226404667	0.269191741943	0.557633638382	
0.404764652252	0.458372294903	-0.791239798069	
-0.423853844404	0.871703207493	0.245929628611	
0.797130942345	0.230099201202	0.558244228363	
0.430035084486	0.43265208602	-0.792390048504	
-0.460577338934	0.841003060341	0.283870398998	
0.785366535187	0.237094819546	0.571826398373	
0.413603514433	0.48631259799	-0.769696176052	
-0.451696932316	0.856182515621	0.250841259956	
0.797393739223	0.261318802834	0.54394453764	
0.400166302919	0.445717334747	-0.800751507282	
-0.477481037378	0.854618549347	0.204056292772	
0.771476566792	0.29663079977	0.562880218029	
0.420518487692	0.426189273596	-0.800953745842	
-0.826660037041	-0.524089396	0.204850077629	
0.546604394913	-0.83436268568	0.0711513981223	
0.133629575372	0.170789971948	0.976203858852	
-0.824503839016	-0.512535393238	0.239793390036	
0.543628334999	-0.835081875324	0.0843002125621	
0.157040268183	0.199864327908	0.967156946659	
-0.836518585682	-0.516471147537	0.183014154434	
0.537535667419	-0.838283777237	0.0913000106812	
0.106263972819	0.17475079	0.978861629963	
-0.838004052639	-0.510322332382	0.193184688687	
0.538277387619	-0.831174910069	0.139304533601	
0.0894800573587	0.220724701881	0.971222877502	
-0.817331492901	-0.546344637871	0.182966500521	
0.562597334385	-0.82528668642	0.0488482899964	
0.124311819673	0.142861708999	0.981904804707	
-0.838463962078	-0.493732780218	0.230664625764	
0.52702665329	-0.842339158058	0.112728156149	
0.138640269637	0.216084897518	0.966481328011	
-0.825712263584	-0.534329712391	0.180806487799	
0.559281289577	-0.817247211933	0.1389657408	
0.0735100731254	0.215867400169	0.973651647568	
-0.859196960926	-0.483688235283	0.166812166572	
0.504370748997	-0.855483174324	0.117297425866	
0.0859696269035	0.184916764498	0.978986740112	
-0.0374666824937	0.498605817556	0.866018772125	
0.567499101162	0.72393643856	-0.392250865698	
-0.822521150112	0.476768553257	-0.310081839561	
0.0106599219143	0.494941800833	0.868860721588	
0.565707862377	0.713504076004	-0.413384318352	
-0.824536859989	0.495927989483	-0.272386580706	
-0.00720265973359	0.521382451057	0.853292703629	
0.580959737301	0.696713149548	-0.420804649591	
-0.813900411129	0.492697805166	-0.307920396328	
0.0146728614345	0.521862924099	0.85290312767	
0.576074004173	0.692786633968	-0.43380343914	
-0.817265868187	0.497700452805	-0.29046651721	
0.00772082433105	0.483369141817	0.875382602215	
0.571290194988	0.716347515583	-0.400591820478	
-0.82071185112	0.503190398216	-0.270613253117	
0.00781546533108	0.469819098711	0.882728099823	
0.576632320881	0.719085812569	-0.387828230858	
-0.816966414452	0.512040615082	-0.265292882919	
-0.0286291614175	0.523153483868	0.851757466793	
0.573216378689	0.706671953201	-0.414774388075	
-0.818903744221	0.47636666894	-0.32011154294	
-0.00316669000313	0.487410634756	0.873167157173	
0.561011314392	0.723682761192	-0.401932328939	
-0.827802062035	0.488583862782	-0.2757345438	
0.736777067184	0.669905602932	0.0915750861168	
-0.6719378829	0.710387229919	0.209402635694	
0.0752262249589	-0.21581582725	0.973532021046	
0.73519384861	0.665402233601	0.129344254732	
-0.676360845566	0.70742225647	0.205157965422	
0.0450115650892	-0.238314270973	0.970144450665	
0.728136539459	0.680649638176	0.0808283835649	
-0.679617345333	0.701594650745	0.214208364487	
0.0890920907259	-0.210905313492	0.973438024521	
0.710653543472	0.697430789471	0.0925304889679	
-0.697364330292	0.680903196335	0.223727032542	
0.0930298119783	-0.223519876599	0.970249593258	
0.7431666255	0.657096683979	0.126203387976	
-0.667398691177	0.714498102665	0.209931880236	
0.0477734543383	-0.240242347121	0.969536662102	
0.708951413631	0.690514624119	0.14344856143	
-0.704376161098	0.683099925518	0.192947357893	
0.0352432690561	-0.237832054496	0.970666706562	
0.721876978874	0.683169007301	0.110334850848	
-0.687880754471	0.690963208675	0.222238510847	
0.0755891427398	-0.236326083541	0.968729197979	
0.694153368473	0.712630450726	0.101533159614	
-0.717545866966	0.673814594746	0.176357060671	
0.0572628825903	-0.195273548365	0.979075670242	
-0.216489240527	-0.953343093395	-0.210402831435	
-0.920403420925	0.271168678999	-0.28164717555	
0.3255610466	0.132681891322	-0.936165332794	
-0.188029035926	-0.958070158958	-0.216209843755	
-0.92720001936	0.245761021972	-0.282668799162	
0.323952466249	0.147319838405	-0.934532880783	
-0.196736171842	-0.967454910278	-0.159140884876	
-0.933737158775	0.234384000301	-0.270553201437	
0.299048125744	0.0953681617975	-0.949460446835	
-0.173810601234	-0.972704589367	-0.153738826513	
-0.925329744816	0.214736074209	-0.312495231628	
0.336978822947	0.0879441201687	-0.93739593029	
-0.172584727407	-0.961019098759	-0.216001868248	
-0.928268253803	0.232031404972	-0.290653467178	
0.329442739487	0.150345340371	-0.932128608227	
-0.187816485763	-0.955578744411	-0.227143600583	
-0.925975680351	0.249387815595	-0.283504366875	
0.327557593584	0.157082661986	-0.931681871414	
-0.169608235359	-0.976267576218	-0.134665057063	
-0.930127799511	0.203737750649	-0.305537521839	
0.325722724199	0.0734340324998	-0.942609190941	
-0.195493683219	-0.96824246645	-0.155848279595	
-0.924517452717	0.234968692064	-0.300095409155	
0.327184587717	0.0854177027941	-0.941091954708	
0.0908582732081	0.846826791763	0.524050712585	
0.931115686893	-0.258886516094	0.256907314062	
0.353225678205	0.464609712362	-0.812015652657	
0.0917550325394	0.867686212063	0.488571047783	
0.920537829399	-0.261008292437	0.290662586689	
0.379725009203	0.423078387976	-0.82268679142	
0.0619358569384	0.875560939312	0.479121059179	
0.931188702583	-0.223472520709	0.288006216288	
0.359237402678	0.428314208984	-0.829153418541	
0.0817206278443	0.866505026817	0.492433488369	
0.920826017857	-0.254678070545	0.29532790184	
0.381315141916	0.429311156273	-0.818712830544	
0.099914483726	0.845891475677	0.523912906647	
0.926531195641	-0.271040648222	0.260915637016	
0.362708002329	0.459352403879	-0.810825705528	
0.0720692947507	0.88030141592	0.468908756971	
0.918742775917	-0.241583839059	0.312328249216	
0.388223767281	0.408297270536	-0.826181352139	
0.106600224972	0.871368288994	0.478908807039	
0.931021213531	-0.256559312344	0.259570449591	
0.349049955606	0.418204009533	-0.838611662388	
0.0901003852487	0.880107820034	0.466146111488	
0.930880963802	-0.240805089474	0.274724394083	
0.354037433863	0.40917378664	-0.84097224474	
0.934620261192	-0.0322285629809	-0.35418394208	
0.00684619834647	-0.994070708752	0.108520060778	
-0.355581343174	-0.103849865496	-0.928857982159	
0.935029804707	-0.0221886765212	-0.353874206543	
0.0282293483615	-0.990213215351	0.136677950621	
-0.353443622589	-0.137787595391	-0.925252497196	
0.932642996311	-0.0370573140681	-0.358892530203	
0.0101355891675	-0.991627991199	0.128729224205	
-0.360658228397	-0.123695991933	-0.924459278584	
0.929049313068	-0.0382078364491	-0.367977678776	
0.0143272224814	-0.990190684795	0.138985976577	
-0.36967843771	-0.134396925569	-0.919388532639	
0.941227793694	-0.0127863986418	-0.337530314922	
0.0322798751295	-0.991304457188	0.127567604184	
-0.336226433516	-0.130965605378	-0.932630598545	
0.940082192421	-0.0439902953804	-0.338098138571	
-0.0116260023788	-0.995200812817	0.0971604809165	
-0.340749680996	-0.0874081030488	-0.936082005501	
0.924402356148	-0.0234527140856	-0.380696982145	
0.0329136326909	-0.989479839802	0.140876933932	
-0.379995942116	-0.142757102847	-0.913905620575	
0.930785775185	-0.0379216633737	-0.363592833281	
0.0159266069531	-0.989454090595	0.143968731165	
-0.36521795392	-0.13979485631	-0.920365810394	
0.805865526199	-0.573338985443	0.147861868143	
0.175272390246	-0.00753954192623	-0.984491109848	
0.565561950207	0.819283604622	0.0944146290421	
0.814645946026	-0.567038059235	0.12173654139	
0.137901365757	-0.0144959501922	-0.990339875221	
0.563325107098	0.823563992977	0.0663862600923	
0.806648850441	-0.577385425568	0.126268327236	
0.133083820343	-0.0307128317654	-0.990628778934	
0.575852692127	0.815893888474	0.052066180855	
0.805494427681	-0.580377817154	0.119751036167	
0.134455829859	-0.0178177859634	-0.990759372711	
0.577148497105	0.814152359962	0.0636830553412	
0.820463478565	-0.553683876991	0.142386198044	
0.168242350221	-0.00418761326	-0.985736787319	
0.546382844448	0.832716405392	0.0897172912955	
0.842153310776	-0.532714784145	0.08362288028	
0.127385690808	0.0458506755531	-0.990792930126	
0.523975849152	0.845051884651	0.10647354275	
0.803119778633	-0.579495429993	0.138505116105	
0.145346745849	-0.0348893515766	-0.98876541853	
0.577817380428	0.814228355885	0.0562074482441	
0.851345539093	-0.512893617153	0.110230997205	
0.126717448235	-0.00284977164119	-0.991934776306	
0.509071111679	0.858447432518	0.062566421926	
0.197942391038	0.979189813137	-0.0447902902961	
-0.681614279747	0.104661822319	-0.724187731743	
-0.704429388046	0.173877164721	0.68814677	
0.178982630372	0.982524931431	-0.0510873943567	
-0.697839975357	0.0901767089963	-0.710554361343	
-0.693530499935	0.162827715278	0.701785266399	
0.227960884571	0.97278046608	-0.0416171327233	
-0.662772059441	0.123718142509	-0.738530337811	
-0.71327906847	0.195938691497	0.67293459177	
0.211026906967	0.975978732109	-0.0541591458023	
-0.689656019211	0.109395250678	-0.715826272964	
-0.692706465721	0.188409790397	0.696174919605	
0.162737250328	0.986556947231	-0.0148973595351	
-0.674869298935	0.100283153355	-0.731091439724	
-0.71976941824	0.129029586911	0.682116806507	
0.174488291144	0.980189144611	-0.0937178879976	
-0.670745551586	0.0486411117017	-0.740090847015	
-0.720870494843	0.191998034716	0.665944814682	
0.144441261888	0.988335430622	-0.0482682883739	
-0.667294561863	0.061271507293	-0.742269337177	
-0.730653584003	0.139423489571	0.668361008167	
0.232034280896	0.971897184849	-0.0396988913417	
-0.676030993462	0.131784468889	-0.724993050098	
-0.699387013912	0.195060923696	0.687611162663	
-0.477567911148	-0.851670444012	0.215838670731	
0.369938343763	0.0279041305184	0.92863714695	
-0.796915650368	0.52333432436	0.301739454269	
-0.465867251158	-0.85674905777	0.221243649721	
0.340245515108	0.0573642738163	0.938585281372	
-0.816823542118	0.512533307076	0.264780879021	
-0.483851253986	-0.849785268307	0.209172189236	
0.395631790161	0.000798604567535	0.918408870697	
-0.7806173563	0.527128458023	0.335815668106	
-0.482466101646	-0.842359900475	0.240117132664	
0.392412215471	0.0372177474201	0.919036149979	
-0.783095836639	0.53762871027	0.312596023083	
-0.488818883896	-0.832482218742	0.260824501514	
0.356323838234	0.0823775008321	0.930724024773	
-0.796297311783	0.54789352417	0.256365597248	
-0.486099213362	-0.838564753532	0.246001541615	
0.369315385818	0.0580045543611	0.927492082119	
-0.792031407356	0.541705310345	0.281498879194	
-0.521714568138	-0.826514482498	0.211394637823	
0.391717970371	-0.0119541641325	0.920007705688	
-0.757872641087	0.562788486481	0.329997241497	
-0.487233161926	-0.831736981869	0.266115546227	
0.391079545021	0.064647115767	0.91808360815	
-0.780807673931	0.551393151283	0.29377707839	
-0.288738161325	-0.177810102701	0.940751731396	
0.885838091373	-0.422383368015	0.192049846053	
0.363209486008	0.888805866241	0.279469162226	
-0.300582706928	-0.204570785165	0.931558251381	
0.870057582855	-0.458928227425	0.179957568645	
0.39070430398	0.864601433277	0.31593427062	
-0.250055372715	-0.167639046907	0.953608632088	
0.880527436733	-0.448974579573	0.15196479857	
0.402670800686	0.877678155899	0.259879291058	
-0.265982240438	-0.18424256146	0.946207225323	
0.871787011623	-0.464869171381	0.1545445472	
0.411388903856	0.865997314453	0.284267216921	
-0.259080022573	-0.164133742452	0.951807558537	
0.87720900774	-0.452393680811	0.160761773586	
0.404205292463	0.876584351063	0.261185765266	
-0.267335087061	-0.168779119849	0.948707342148	
0.879568397999	-0.444855093956	0.16871085763	
0.393562436104	0.879555284977	0.267378151417	
-0.259423196316	-0.140036478639	0.955557107925	
0.876226425171	-0.450193464756	0.171910122037	
0.406111866236	0.881881892681	0.239494293928	
-0.271294116974	-0.177848383784	0.945922553539	
0.879765868187	-0.444446980953	0.168757081032	
0.390399217606	0.877973139286	0.277040779591	
0.166412442923	0.646714389324	-0.744357049465	
0.765746533871	-0.560352921486	-0.315653055906	
-0.621240019798	-0.517460227013	-0.588469028473	
0.176517024636	0.653233468533	-0.736293315887	
0.762295782566	-0.563954591751	-0.317585170269	
-0.622693240643	-0.505214095116	-0.597504675388	
0.141625449061	0.627445936203	-0.765672147274	
0.748235464096	-0.574271559715	-0.332198560238	
-0.648140370846	-0.525855243206	-0.550808787346	
0.16115707159	0.633904457092	-0.756434798241	
0.745185673237	-0.580690383911	-0.327867358923	
-0.64709097147	-0.510846197605	-0.565958857536	
0.134016767144	0.620825946331	-0.772408306599	
0.774593949318	-0.551780462265	-0.309099525213	
-0.618096828461	-0.556878328323	-0.554835855961	
0.169862315059	0.635493397713	-0.753189861774	
0.775328338146	-0.557947874069	-0.295905649662	
-0.608286738396	-0.533706188202	-0.58749037981	
0.12859416008	0.61186414957	-0.78043949604	
0.766900479794	-0.560308635235	-0.312918365002	
-0.628750503063	-0.558279931545	-0.541291296482	
0.154757857323	0.624970197678	-0.765155017376	
0.738569498062	-0.587581634521	-0.330549418926	
-0.656174600124	-0.513965070248	-0.552516818047	
-0.19309823215	-0.922584295273	-0.333992898464	
0.454487234354	-0.385781943798	0.802878379822	
-0.869571387768	0.00323887635022	0.49379658699	
-0.177293375134	-0.918101549149	-0.354480683804	
0.487655818462	-0.394813299179	0.778661847115	
-0.854844331741	-0.0348129831254	0.517715394497	
-0.190342321992	-0.912644565105	-0.361731469631	
0.417249321938	-0.408738464117	0.81168705225	
-0.888635337353	0.0035661906004	0.458600580692	
-0.174364387989	-0.915969789028	-0.361381322145	
0.433641046286	-0.400928109884	0.806977152824	
-0.884054601192	-0.016001701355	0.467109680176	
-0.162654265761	-0.930188715458	-0.329078286886	
0.460188567638	-0.366541206837	0.808624744415	
-0.872794389725	-0.0199118051678	0.487681716681	
-0.166155159473	-0.920626401901	-0.353326290846	
0.463761359453	-0.389162659645	0.795913219452	
-0.870240092278	-0.0316139981151	0.49161234498	
-0.173960909247	-0.919383704662	-0.352804720402	
0.409957975149	-0.393359094858	0.822923481464	
-0.895361423492	-0.00147858727723	0.445337802172	
-0.195511028171	-0.914014041424	-0.355462759733	
0.422158509493	-0.405594676733	0.810725092888	
-0.885187923908	0.00844406243414	0.465157032013	
0.924740374088	0.074940636754	-0.373147577047	
0.146817445755	0.834300577641	0.531401097775	
0.351140767336	-0.546192646027	0.76050889492	
0.927352130413	0.00959544163197	-0.374066740274	
0.201828986406	0.828961610794	0.52162027359	
0.315092146397	-0.559223175049	0.766802728176	
0.948346197605	0.0354868322611	-0.31524631381	
0.145150303841	0.835067629814	0.530653774738	
0.282083213329	-0.549001574516	0.786782264709	
0.945403635502	0.00420791190118	-0.325874686241	
0.176190748811	0.834594249725	0.521928429604	
0.274169355631	-0.55084913969	0.788286983967	
0.938147962093	0.0415271557868	-0.343735277653	
0.154277577996	0.838638484478	0.522382974625	
0.309962689877	-0.543103158474	0.780360221863	
0.932769477367	0.0126638142392	-0.360250979662	
0.185688972473	0.839705646038	0.510307729244	
0.308967232704	-0.542894124985	0.780900239944	
0.948229670525	-0.00320345303044	-0.317569226027	
0.1767757833	0.836045920849	0.51940113306	
0.263838589191	-0.548650085926	0.793329834938	
0.943978607655	-0.000517306674737	-0.330006271601	
0.181211858988	0.836557865143	0.517042815685	
0.275801837444	-0.54787838459	0.789786458015	
-0.0519808828831	-0.0435634292662	0.997697472572	
-0.832881271839	0.553117096424	-0.0192425325513	
-0.551005244255	-0.831963777542	-0.0650346800685	
-0.0957403331995	-0.0413347706199	0.994547724724	
-0.879722177982	0.471008986235	-0.0651108473539	
-0.465749591589	-0.881159424782	-0.0814576745033	
-0.0798123553395	-0.0232572034001	0.996538579464	
-0.839904785156	0.539973676205	-0.0546657219529	
-0.536833226681	-0.841360509396	-0.0626304075122	
-0.0587901100516	-0.0109300324693	0.998210549355	
-0.874637663364	0.482568055391	-0.0462282821536	
-0.481199234724	-0.875790297985	-0.0379300452769	
-0.0406375676394	-0.0215352252126	0.998941838741	
-0.842173039913	0.538731575012	-0.0226461235434	
-0.537673830986	-0.842202186584	-0.0400291271508	
-0.0376551263034	0.00419677840546	0.999282002449	
-0.87202078104	0.488222330809	-0.0349100828171	
-0.488018274307	-0.872709214687	-0.0147243961692	
-0.0850206911564	-0.0191473998129	0.996195197105	
-0.84707570076	0.527825951576	-0.0621489323676	
-0.524627685547	-0.849136710167	-0.0610954277217	
-0.0991283357143	-0.0222925599664	0.994824945927	
-0.85467928648	0.51390594244	-0.0736477896571	
-0.509604632854	-0.857556819916	-0.0699956342578	
0.934977352619	-0.0625105798244	-0.349155843258	
-0.126099839807	0.861468851566	-0.491904735565	
0.331536114216	0.503948271275	0.797571241856	
0.933751642704	-0.121027447283	-0.336838513613	
-0.0854431688786	0.838514149189	-0.538138926029	
0.347573429346	0.531268715858	0.772623002529	
0.906883239746	-0.0743378922343	-0.414772957563	
-0.152941510081	0.859125494957	-0.488377213478	
0.392646968365	0.506337106228	0.767757177353	
0.914747595787	-0.0687205269933	-0.398138582706	
-0.146372020245	0.862118959427	-0.485104262829	
0.37657943368	0.502024292946	0.778562486172	
0.906551659107	-0.0969263464212	-0.410815447569	
-0.13992702961	0.849231123924	-0.509143292904	
0.398226678371	0.519048929214	0.756309270859	
0.912083864212	-0.12191401422	-0.391458839178	
-0.111915759742	0.844481885433	-0.523760676384	
0.394433647394	0.521524071693	0.756594181061	
0.928266167641	-0.0958679914474	-0.359348297119	
-0.102652743459	0.862631499767	-0.495307266712	
0.357469260693	0.496665090322	0.790910542011	
0.938274979591	-0.114368595183	-0.326435089111	
-0.0781362950802	0.849274992943	-0.522136688232	
0.336949199438	0.515414178371	0.787917137146	
-0.953511595726	0.26196590066	-0.148961290717	
-0.278859823942	-0.954399526119	0.106577567756	
-0.114248894155	0.14316226542	0.983082771301	
-0.95686507225	0.248185187578	-0.151040762663	
-0.259882211685	-0.963578343391	0.0630712732673	
-0.129886254668	0.0996035039425	0.986513435841	
-0.96939265728	0.217932149768	-0.113063924015	
-0.226662278175	-0.971380770206	0.0710186138749	
-0.0943508818746	0.0944722443819	0.991046369076	
-0.955129384995	0.251454293728	-0.156520351768	
-0.263504803181	-0.962704241276	0.0613662973046	
-0.135251984	0.0998566150665	0.985766470432	
-0.965375006199	0.242696627975	-0.0956525951624	
-0.253087997437	-0.960228085518	0.117934264243	
-0.0632260590792	0.138059318066	0.98840379715	
-0.97021406889	0.211620748043	-0.117904081941	
-0.223219677806	-0.970056116581	0.0957291796803	
-0.0941152945161	0.119196303189	0.988399982452	
-0.955474317074	0.233210340142	-0.180781066418	
-0.253292709589	-0.962507486343	0.0970675349236	
-0.151365980506	0.138536065817	0.978721678257	
-0.953172206879	0.236449882388	-0.18855817616	
-0.253839045763	-0.964427769184	0.0737887769938	
-0.164403393865	0.118196837604	0.979285955429	
0.216716051102	0.266094565392	0.939269840717	
-0.13201597333	-0.945309221745	0.298265337944	
0.967267274857	-0.188637509942	-0.169734939933	
0.192034050822	0.266766756773	0.944435477257	
-0.115780472755	-0.949467480183	0.291729986668	
0.97453469038	-0.165369272232	-0.151443704963	
0.180264696479	0.225951850414	0.957314133644	
-0.161383792758	-0.953274667263	0.25538739562	
0.970288574696	-0.200532332063	-0.135376796126	
0.201550289989	0.243717208505	0.948672413826	
-0.118020094931	-0.955449402332	0.270532220602	
0.972341895103	-0.166488260031	-0.163807570934	
0.198888137937	0.271017074585	0.941803216934	
-0.137427181005	-0.943793714046	0.300611466169	
0.970338761806	-0.189217403531	-0.150464251637	
0.199725553393	0.270705014467	0.941715717316	
-0.158567905426	-0.939482152462	0.303693115711	
0.966936349869	-0.209981158376	-0.144713461399	
0.207927301526	0.241435527802	0.947879254818	
-0.123261190951	-0.954866230488	0.270253807306	
0.970346808434	-0.173029884696	-0.168783128262	
0.18810403347	0.231538340449	0.954466819763	
-0.151395857334	-0.953363597393	0.261107474566	
0.97041028738	-0.193617686629	-0.144277587533	
-0.35785010457	0.840669333935	0.406470626593	
-0.240003496408	-0.503477454185	0.830005288124	
0.902408778667	0.199463129044	0.381933033466	
-0.335696727037	0.845476269722	0.415304273367	
-0.233082786202	-0.501734852791	0.833027303219	
0.912677466869	0.182844266295	0.365496724844	
-0.337911784649	0.847801744938	0.408714860678	
-0.230337262154	-0.495546847582	0.837483167648	
0.912557065487	0.188853159547	0.362731456757	
-0.319351643324	0.861377179623	0.395023971796	
-0.246750429273	-0.478057742119	0.842956125736	
0.914947390556	0.171727091074	0.365213721991	
-0.332638680935	0.856194913387	0.395324885845	
-0.252291619778	-0.484710037708	0.837499320507	
0.908680617809	0.178847521544	0.377244114876	
-0.339042335749	0.847203910351	0.40901812911	
-0.232919350266	-0.496825784445	0.836009979248	
0.911481678486	0.188174530864	0.365775167942	
-0.331774771214	0.852682769299	0.403556168079	
-0.267560392618	-0.495274454355	0.826507508755	
0.904619753361	0.166238680482	0.392463684082	
-0.329106301069	0.854758262634	0.401344448328	
-0.246973142028	-0.488141000271	0.837091803551	
0.911423802376	0.176370874047	0.371752619743	
0.626987099648	0.179500073195	-0.758067905903	
0.487804234028	-0.849168777466	0.202384367585	
-0.607399582863	-0.496681123972	-0.61997872591	
0.599667370319	0.196292802691	-0.77580165863	
0.530862092972	-0.823007047176	0.202101051807	
-0.598819255829	-0.53303706646	-0.597734868526	
0.636399209499	0.178272783756	-0.750476419926	
0.490943074226	-0.8440361619	0.215819045901	
-0.594954550266	-0.505788266659	-0.624665737152	
0.639435529709	0.183585256338	-0.74660474062	
0.483016908169	-0.851438701153	0.204320386052	
-0.598177969456	-0.491272419691	-0.633114933968	
0.632815063	0.187731072307	-0.751200437546	
0.504261136055	-0.836144030094	0.215832948685	
-0.587593257427	-0.515383541584	-0.623790025711	
0.64307063818	0.194883853197	-0.740594685078	
0.51011878252	-0.83030039072	0.224455103278	
-0.571173369884	-0.522131741047	-0.633355677128	
0.625361442566	0.191401273012	-0.756497621536	
0.505785048008	-0.837660014629	0.206172823906	
-0.594226062298	-0.51155769825	-0.620648145676	
0.621638357639	0.175566017628	-0.763375580311	
0.513208866119	-0.827535867691	0.227598518133	
-0.591762125492	-0.53325510025	-0.604530096054	
-0.379582256079	0.801853358746	-0.461463421583	
0.11926817894	0.537044465542	0.835079848766	
0.917437970638	0.261943608522	-0.299488127232	
-0.370556294918	0.80398774147	-0.465071797371	
0.10448269546	0.533622026443	0.839244246483	
0.922914624214	0.262395262718	-0.281739801168	
-0.322662979364	0.82328748703	-0.466997176409	
0.093932248652	0.518803179264	0.84971755743	
0.941841483116	0.230306327343	-0.244731843472	
-0.333053767681	0.808962225914	-0.484412282705	
0.105400577188	0.542464077473	0.833440721035	
0.93699836731	0.22652323544	-0.265934795141	
-0.335036575794	0.801246345043	-0.495736628771	
0.0634791329503	0.544145107269	0.836586236954	
0.940064311028	0.248818069696	-0.233170926571	
-0.305333793163	0.798134148121	-0.51937764883	
0.0673777386546	0.562165081501	0.82427585125	
0.949858665466	0.216684773564	-0.225424468517	
-0.342039853334	0.792321562767	-0.505208134651	
0.0881186053157	0.562310874462	0.822217464447	
0.935544669628	0.236712917686	-0.262151002884	
-0.316259235144	0.814040005207	-0.487153947353	
0.106855154037	0.540810108185	0.834329903126	
0.942635715008	0.211809635162	-0.258020550013	
0.73479861021	0.521640539169	-0.43354600668	
-0.267942219973	-0.363962352276	-0.892041683197	
-0.623119533062	0.771636247635	-0.127669498324	
0.761793971062	0.481579780579	-0.433302313089	
-0.271744817495	-0.36961889267	-0.888558745384	
-0.588068664074	0.794646322727	-0.150706633925	
0.747007250786	0.492084205151	-0.447027206421	
-0.306150466204	-0.342245340347	-0.88833552599	
-0.590128839016	0.80045068264	-0.105007946491	
0.746815502644	0.475633263588	-0.464800566435	
