-0.514330506325	-0.0695976540446	0.854763269424	
-0.772971749306	0.469330251217	-0.426900237799	
-0.371455013752	-0.880275666714	-0.29518789053	
-0.513826072216	-0.0703423693776	0.855005681515	
-0.773163497448	0.469843536615	-0.425987392664	
-0.371753931046	-0.879942595959	-0.29580399394	
-0.515016674995	-0.0701431110501	0.854305446148	
-0.772475659847	0.469965785742	-0.427098959684	
-0.371536284685	-0.879893243313	-0.296224057674	
-0.514349162579	-0.0700314491987	0.854716658592	
-0.77267318964	0.470231503248	-0.426448702812	
-0.372049868107	-0.879760146141	-0.295974612236	
-0.514184653759	-0.0692668706179	0.854877889156	
-0.772683084011	0.470020651817	-0.426663160324	
-0.372256666422	-0.879933357239	-0.295198738575	
-0.51390850544	-0.0702798366547	0.854961276054	
-0.772857129574	0.470439761877	-0.425885289907	
-0.372276633978	-0.879629015923	-0.296079277992	
-0.514298677444	-0.0700854063034	0.854742586613	
-0.772496819496	0.470734655857	-0.426213055849	
-0.372485667467	-0.879486739635	-0.296238958836	
-0.513903200626	-0.0700065419078	0.854986846447	
-0.772815167904	0.470408946276	-0.425995439291	
-0.372371017933	-0.879667282104	-0.295846790075	
-0.13909599185	0.711742937565	-0.688530504704	
-0.862211346626	0.254940390587	0.437717944384	
0.487076878548	0.654543638229	0.578211665154	
-0.138928189874	0.71166229248	-0.68864774704	
-0.861788272858	0.255702883005	0.438106119633	
0.487872809172	0.654333889484	0.577777922153	
-0.138135641813	0.711486339569	-0.688988924026	
-0.862308263779	0.255792498589	0.437029361725	
0.487178623676	0.654490172863	0.578186511993	
-0.138124167919	0.71155577898	-0.688919484615	
-0.862151920795	0.255968183279	0.437234908342	
0.487458527088	0.654345989227	0.578113794327	
-0.138592153788	0.711746275425	-0.688628733158	
-0.862229943275	0.255343496799	0.437446296215	
0.487187623978	0.654382884502	0.57830029726	
-0.13871589303	0.711719632149	-0.688631296158	
-0.861973166466	0.255599498749	0.437802582979	
0.487606525421	0.65431189537	0.578027546406	
-0.138407915831	0.711550116539	-0.688868403435	
-0.862158060074	0.255721718073	0.437367022038	
0.487367153168	0.654448509216	0.578074753284	
-0.138539656997	0.711589515209	-0.688801169395	
-0.861927092075	0.255894333124	0.43772110343	
0.487738072872	0.654338121414	0.577886819839	
0.7708735466	0.25814473629	0.582336068153	
0.217925027013	0.752157986164	-0.621905982494	
-0.598550498486	0.606316447258	0.52356249094	
0.770456075668	0.259902715683	0.582106530666	
0.217265442014	0.751398205757	-0.623054146767	
-0.599327266216	0.606507480145	0.522451400757	
0.770064353943	0.258669286966	0.583173274994	
0.218186333776	0.752207577229	-0.621754348278	
-0.599496126175	0.606031298637	0.522810161114	
0.770103514194	0.258656382561	0.583127260208	
0.218166604638	0.752199053764	-0.62177157402	
-0.599452972412	0.606047391891	0.522840976715	
0.770565330982	0.258852094412	0.582429945469	
0.217420816422	0.752246022224	-0.621975958347	
-0.599130392075	0.605905473232	0.523374915123	
0.77053552866	0.259251445532	0.582291781902	
0.218187898397	0.751074671745	-0.623121857643	
-0.598889827728	0.607186555862	0.522164225578	
0.770380318165	0.259067386389	0.582578957081	
0.217444807291	0.752191662788	-0.62203335762	
-0.599359571934	0.605881035328	0.523140788078	
0.770289540291	0.25849750638	0.582952022552	
0.218237891793	0.752095758915	-0.62187153101	
-0.599187970161	0.606243312359	0.522917568684	
0.949414551258	0.102287001908	-0.296899706125	
-0.197302758694	0.929845035076	-0.310579776764	
0.244302451611	0.353448092937	0.902989923954	
0.949727356434	0.101345337927	-0.296221256256	
-0.196067109704	0.930172502995	-0.310381710529	
0.244081124663	0.352857232094	0.903280794621	
0.949681460857	0.102590806782	-0.29593962431	
-0.196935787797	0.930289745331	-0.309478968382	
0.243559926748	0.352187544107	0.903682768345	
0.950040280819	0.102088287473	-0.294960051775	
-0.196448415518	0.929922759533	-0.310888499022	
0.242552012205	0.353301048279	0.903519153595	
0.949677050114	0.101960226893	-0.296171575785	
-0.196801230311	0.929830610752	-0.310940951109	
0.243685796857	0.353580415249	0.9031047225	
0.949861884117	0.102467156947	-0.295402884483	
-0.196911215782	0.929921388626	-0.31059974432	
0.242875188589	0.353195011616	0.90347379446	
0.949703276157	0.102619610727	-0.295859545469	
-0.197165504098	0.929954051971	-0.310340553522	
0.243288740516	0.353064745665	0.90341347456	
0.949841082096	0.102675713599	-0.295397460461	
-0.197263643146	0.929659605026	-0.311159193516	
0.242670610547	0.353822946548	0.903283059597	
-0.609604775906	0.405121743679	-0.681365132332	
0.730656862259	-0.0462081991136	-0.681179344654	
-0.3074452281	-0.91309428215	-0.267836242914	
-0.609800577164	0.404594242573	-0.681503295898	
0.731065511703	-0.0449363254011	-0.680825948715	
-0.306082516909	-0.913391590118	-0.268382698298	
-0.608826696873	0.404858887196	-0.682216465473	
0.731589317322	-0.0460077784956	-0.680191397667	
-0.306768774986	-0.913221001625	-0.268179684877	
-0.608873784542	0.405283778906	-0.681922137737	
0.731913387775	-0.0444781892002	-0.679944455624	
-0.305901110172	-0.913108289242	-0.269551038742	
-0.609818458557	0.404312193394	-0.681654691696	
0.730906784534	-0.0456381216645	-0.680949628353	
-0.306425690651	-0.913481712341	-0.267683565617	
-0.610127925873	0.404486984015	-0.681273937225	
0.730686068535	-0.0451994277537	-0.681215763092	
-0.30633610487	-0.913426101208	-0.267975568771	
-0.609763383865	0.404431402683	-0.681633234024	
0.730919778347	-0.0456443242729	-0.680935323238	
-0.306504309177	-0.913428604603	-0.267774671316	
-0.609719514847	0.405201643705	-0.681214928627	
0.731034576893	-0.0446631871164	-0.680877149105	
-0.306317746639	-0.913135707378	-0.268984377384	
0.59919834137	0.534543514252	-0.596007168293	
-0.682761192322	0.729951798916	-0.0317418240011	
0.41808912158	0.425950199366	0.802351474762	
0.599214076996	0.534398972988	-0.596121013165	
-0.682647943497	0.730058610439	-0.0317212045193	
0.418251514435	0.425948560238	0.802267730236	
0.598373055458	0.534569442272	-0.596812605858	
-0.682781219482	0.729976773262	-0.0307208709419	
0.41923686862	0.425874948502	0.801792323589	
0.599060773849	0.534568607807	-0.596122920513	
-0.682807743549	0.729913115501	-0.0316288731992	
0.418210148811	0.425985008478	0.802269935608	
0.599194228649	0.534331560135	-0.596201360226	
-0.682269334793	0.730441153049	-0.0310534406453	
0.418897151947	0.425376921892	0.802234172821	
0.59894913435	0.534518659115	-0.596279919147	
-0.682711541653	0.730014443398	-0.0313663780689	
0.418527066708	0.425874054432	0.802163600922	
0.599158108234	0.53401529789	-0.596520960331	
-0.682236790657	0.73045951128	-0.0313335508108	
0.419001817703	0.425742298365	0.801985621452	
0.598740041256	0.533932566643	-0.597014546394	
-0.682952702045	0.729748785496	-0.0322848148644	
0.418432712555	0.427062928677	0.801580488682	
0.228804782033	-0.819319784641	0.525702834129	
-0.949175357819	-0.0678663775325	0.307343959808	
-0.216135427356	-0.569305956364	-0.793206274509	
0.228575363755	-0.819362401962	0.525736153126	
-0.949198663235	-0.0675994828343	0.307330846786	
-0.2162758708	-0.569276332855	-0.793189287186	
0.228417351842	-0.819419145584	0.525716483593	
-0.949353814125	-0.0677983686328	0.306807219982	
-0.215760976076	-0.569171011448	-0.793404996395	
0.228115975857	-0.819804012775	0.525247037411	
-0.949334621429	-0.0675088986754	0.306930482388	
-0.216163992882	-0.568650960922	-0.793668210506	
0.229280620813	-0.819498419762	0.52521687746	
-0.949013233185	-0.0682772547007	0.307753324509	
-0.216343000531	-0.568999648094	-0.793369472027	
0.229154527187	-0.819463729858	0.525326013565	
-0.948936343193	-0.0678606554866	0.308082401752	
-0.216813385487	-0.56909942627	-0.793169438839	
0.229213163257	-0.818842828274	0.526267766953	
-0.949118971825	-0.0680682510138	0.307473450899	
-0.21595031023	-0.569967627525	-0.792781412601	
0.228712052107	-0.819734990597	0.525095522404	
-0.949236750603	-0.0681280195713	0.307096421719	
-0.215963974595	-0.568676590919	-0.793704271317	
0.947319209576	-0.11314611882	0.299640268087	
-0.195788085461	-0.944952309132	0.262168139219	
0.253482460976	-0.307022899389	-0.917324125767	
0.947265505791	-0.113805800676	0.299560219049	
-0.19626878202	-0.945003807545	0.26162263751	
0.253311365843	-0.306620419025	-0.917505979538	
0.947351932526	-0.113072283566	0.299564570189	
-0.195501327515	-0.945200026035	0.261488348246	
0.253581345081	-0.306286782026	-0.917542874813	
0.947436034679	-0.113133400679	0.299275398254	
-0.195733457804	-0.944883286953	0.262457489967	
0.253087639809	-0.307239890099	-0.9173604846	
0.947554051876	-0.112873218954	0.298999935389	
-0.195364177227	-0.94497770071	0.262392878532	
0.252931118011	-0.307045310736	-0.91746878624	
0.947245359421	-0.114098891616	0.29951235652	
-0.19645217061	-0.945058941841	0.261285483837	
0.253244459629	-0.306341320276	-0.917617678642	
0.947357416153	-0.112738728523	0.29967302084	
-0.195189535618	-0.945279538631	0.261433750391	
0.253801047802	-0.306164234877	-0.917523026466	
0.947214663029	-0.113972462714	0.299657642841	
-0.19649630785	-0.944927632809	0.261726826429	
0.253325134516	-0.306793093681	-0.917444467545	
-0.993838369846	-0.107112124562	-0.0285008698702	
0.0812066867948	-0.528647601604	-0.84494805336	
0.0754372626543	-0.842056214809	0.534088492393	
-0.993805110455	-0.107297584414	-0.0289583913982	
0.0817706361413	-0.529485523701	-0.844368815422	
0.0752656832337	-0.841506004333	0.5349791646	
-0.993779361248	-0.107869185507	-0.0276919323951	
0.081025660038	-0.52973151207	-0.844286322594	
0.0764031857252	-0.841278016567	0.535176455975	
-0.993732333183	-0.108167894185	-0.028208643198	
0.0815241411328	-0.528608977795	-0.844941616058	
0.0764842182398	-0.841945528984	0.534114122391	
-0.993844807148	-0.107087485492	-0.0283675882965	
0.0811010450125	-0.528881430626	-0.844811856747	
0.0754656791687	-0.841912508011	0.534310996532	
-0.99381262064	-0.107467442751	-0.0280585307628	
0.081104837358	-0.529563486576	-0.844384133816	
0.075885027647	-0.84143525362	0.535003006458	
-0.993890523911	-0.106738016009	-0.0280828010291	
0.0807203352451	-0.529439091682	-0.844498932362	
0.0752720087767	-0.841606378555	0.534820437431	
-0.993794322014	-0.107636541128	-0.0280570462346	
0.0810441598296	-0.527895569801	-0.845433712006	
0.0761883705854	-0.842461049557	0.533342957497	
-0.986045002937	0.0658093839884	0.152919441462	
0.076547883451	0.994917094707	0.0654251426458	
-0.147836580873	0.0762177929282	-0.98607057333	
-0.986171364784	0.0648799538612	0.152501195669	
0.0757122337818	0.994921386242	0.0663259252906	
-0.147423475981	0.0769549384713	-0.986075162888	
-0.985944926739	0.064721301198	0.154025107622	
0.0757658407092	0.994875788689	0.0669455081224	
-0.148903056979	0.0776744261384	-0.985796391964	
-0.986016631126	0.0643431693316	0.153724372387	
0.0752965956926	0.994939804077	0.0665223896503	
-0.148666232824	0.0771671012044	-0.985871970654	
-0.985867857933	0.0655201375484	0.154180511832	
0.076320618391	0.994949221611	0.0652017220855	
-0.149129748344	0.0760474354029	-0.985889017582	
-0.985850155354	0.0651385039091	0.154455155134	
0.0760314688087	0.994938910007	0.0656941831112	
-0.149394214153	0.0765080749989	-0.985813319683	
-0.985915482044	0.0648040547967	0.15417894721	
0.0760379135609	0.994775831699	0.0681120455265	
-0.148959562182	0.0788761600852	-0.985692441463	
-0.986048460007	0.0651878118515	0.153163447976	
0.0760422945023	0.99491071701	0.0661080479622	
-0.148074522614	0.0768326371908	-0.985987186432	
-0.890111684799	-0.454904228449	-0.0276293158531	
-0.220398172736	0.376604169607	0.899774372578	
-0.398905843496	0.806989133358	-0.435479819775	
-0.890162944794	-0.454746901989	-0.0285517442971	
-0.221444472671	0.377009063959	0.89934784174	
-0.39821138978	0.806888699532	-0.436300694942	
-0.889891505241	-0.45529076457	-0.0283446330577	
-0.221213757992	0.376364529133	0.899674534798	
-0.398945599794	0.806882917881	-0.435640186071	
-0.890324890614	-0.454471498728	-0.0278786495328	
-0.220452785492	0.376682370901	0.899728298187	
-0.398399442434	0.807196438313	-0.435559213161	
-0.890695154667	-0.453736364841	-0.0280265193433	
-0.220626860857	0.377546042204	0.899323523045	
-0.397474467754	0.807206451893	-0.436384856701	
-0.890351295471	-0.454458326101	-0.0272426959127	
-0.220652088523	0.378401786089	0.89895761013	
-0.398230075836	0.806399226189	-0.437187701464	
-0.890665173531	-0.453802555799	-0.027906998992	
-0.219936490059	0.376316219568	0.900007784367	
-0.397923976183	0.807743370533	-0.434979468584	
-0.890602648258	-0.453896164894	-0.0283755771816	
-0.220618546009	0.376636266708	0.899706959724	
-0.397686243057	0.807541549206	-0.435571193695	
0.894672870636	-0.443938881159	0.0497871488333	
0.0346334502101	0.180044591427	0.983048558235	
-0.445377379656	-0.877782523632	0.176456138492	
0.894687473774	-0.443976819515	0.0491827428341	
0.0350008606911	0.179443195462	0.983145475388	
-0.445319324732	-0.877886533737	0.176085159183	
0.894726395607	-0.443990647793	0.0483423881233	
0.0362155847251	0.180011644959	0.982997596264	
-0.445143938065	-0.877763152122	0.177140548825	
0.894819319248	-0.44372984767	0.0490121915936	
0.035523917526	0.180212765932	0.982985973358	
-0.445012837648	-0.877853751183	0.1770208776	
0.895044267178	-0.44325992465	0.0491575151682	
0.0355650186539	0.180814698339	0.982873916626	
-0.444557011127	-0.877967357635	0.177601695061	
0.895146548748	-0.443112462759	0.0486211292446	
0.0352576039732	0.179107800126	0.983197510242	
-0.444375485182	-0.878391563892	0.175950810313	
0.894722282887	-0.443956196308	0.0487329214811	
0.0356905795634	0.179837539792	0.98304861784	
-0.445194542408	-0.877816259861	0.176749721169	
0.895181059837	-0.44300866127	0.0489303953946	
0.0357672050595	0.180831730366	0.982863485813	
-0.444265186787	-0.878090679646	0.177722319961	
0.192680686712	-0.376243770123	-0.906264185905	
0.685381114483	0.712546348572	-0.150101304054	
0.702229917049	-0.59221470356	0.395164310932	
0.192553386092	-0.376748591661	-0.906081497669	
0.685304582119	0.712509334087	-0.150625690818	
0.702339529991	-0.591938316822	0.395383626223	
0.192634671926	-0.376776188612	-0.90605276823	
0.685592591763	0.712273240089	-0.150431290269	
0.702036082745	-0.592204809189	0.395523488522	
0.192701786757	-0.375598073006	-0.906527519226	
0.684830844402	0.713119924068	-0.149888813496	
0.702760756016	-0.591934144497	0.394640624523	
0.192863404751	-0.375690668821	-0.906454741955	
0.685077428818	0.712919354439	-0.149716004729	
0.702476084232	-0.592116951942	0.394873261452	
0.192418307066	-0.375902026892	-0.906461715698	
0.685922980309	0.712108850479	-0.149701878428	
0.701772630215	-0.592957556248	0.394862622023	
0.192564502358	-0.377225399017	-0.905880749226	
0.685046255589	0.712649047375	-0.151138782501	
0.702588438988	-0.591466248035	0.395647764206	
0.192622020841	-0.375216037035	-0.906702637672	
0.685279369354	0.712793827057	-0.149389415979	
0.702345311642	-0.592568933964	0.394427597523	
-0.442653596401	0.865060865879	0.236066624522	
0.803711354733	0.266016900539	0.532243430614	
0.397625267506	0.425328910351	-0.813012599945	
-0.443225204945	0.864493966103	0.237068817019	
0.803080976009	0.265443503857	0.533479809761	
0.398261666298	0.426837146282	-0.811909914017	
-0.442843347788	0.864529013634	0.23765386641	
0.803868353367	0.265447199345	0.532290756702	
0.397096246481	0.426763832569	-0.812519073486	
-0.442857116461	0.864707350731	0.236978381872	
0.80351805687	0.26550462842	0.532790780067	
0.397789239883	0.426366597414	-0.812388598919	
-0.441433727741	0.865615665913	0.236317053437	
0.804126262665	0.264773190022	0.532236874104	
0.398142129183	0.424976050854	-0.812944114208	
-0.442516446114	0.864737391472	0.237504646182	
0.803691744804	0.26493793726	0.532810926437	
0.397817522287	0.426658123732	-0.812221705914	
-0.442300647497	0.864958524704	0.23710103333	
0.803859114647	0.265094459057	0.532480478287	
0.397719353437	0.426112264395	-0.81255620718	
-0.443140506744	0.864932060242	0.235624834895	
0.803132772446	0.266282856464	0.53298330307	
0.398251473904	0.425424516201	-0.812655985355	
-0.839347600937	-0.484761714935	0.245970919728	
0.521216750145	-0.846185028553	0.110923372209	
0.154365509748	0.221307426691	0.962909281254	
-0.839121282101	-0.484301269054	0.247644409537	
0.521214604378	-0.846126675606	0.111377678812	
0.155598193407	0.222535267472	0.962427794933	
-0.839557528496	-0.484343200922	0.246078833938	
0.520904898643	-0.846307337284	0.111453749239	
0.154276460409	0.221755504608	0.962820470333	
-0.83957272768	-0.484066128731	0.246571674943	
0.520938277245	-0.846123158932	0.11268953234	
0.154080823064	0.223059684038	0.962550520897	
-0.839123010635	-0.485023528337	0.246221005917	
0.52139121294	-0.84619730711	0.110005892813	
0.154996111989	0.220685943961	0.962950646877	
-0.83958953619	-0.483582466841	0.247462019324	
0.52055066824	-0.846450865269	0.112017571926	
0.155294716358	0.22286529839	0.962400436401	
-0.839359223843	-0.484841197729	0.245774567127	
0.521469831467	-0.845848679543	0.112290836871	
0.153444871306	0.222416386008	0.96280092001	
-0.840138673782	-0.483538925648	0.24567694962	
0.520096242428	-0.8467258811	0.112049840391	
0.153840571642	0.221913069487	0.962853908539	
-0.0173647645861	0.516191363335	0.856297254562	
0.598631858826	0.691328048706	-0.404605358839	
-0.800836086273	0.5055809021	-0.321013331413	
-0.0161866806448	0.516258537769	0.856279790401	
0.59909850359	0.690649330616	-0.405073404312	
-0.800511717796	0.50643914938	-0.320469021797	
-0.0171904973686	0.516989648342	0.855819046497	
0.599010109901	0.69065952301	-0.405186742544	
-0.800556898117	0.505678892136	-0.321554780006	
-0.0164787694812	0.516848444939	0.855918288231	
0.599063456059	0.690479695797	-0.405414313078	
-0.800531923771	0.506068646908	-0.321003288031	
-0.0163849871606	0.515939235687	0.856468439102	
0.598880767822	0.690997362137	-0.404801815748	
-0.800670564175	0.506289839745	-0.320308059454	
-0.0165867637843	0.515731096268	0.856589913368	
0.599261105061	0.690915346146	-0.404378712177	
-0.800381779671	0.50661367178	-0.320517629385	
-0.017474738881	0.516798079014	0.855928957462	
0.598717868328	0.691019654274	-0.405004650354	
-0.800769329071	0.505382597446	-0.321491628885	
-0.0170202739537	0.515796542168	0.856542050838	
0.59878975153	0.691312015057	-0.404399007559	
-0.800725400448	0.506005585194	-0.32061997056	
0.733279585838	0.666484475136	0.134534612298	
-0.679751694202	0.71410036087	0.167326748371	
0.0154494522139	-0.214147418737	0.97667914629	
0.732949793339	0.666670799255	0.135405510664	
-0.680125355721	0.713836252689	0.166934967041	
0.0146333044395	-0.214447677135	0.976625859737	
0.733065068722	0.666748583317	0.134394690394	
-0.679974317551	0.713818967342	0.167622983456	
0.0158289149404	-0.214263483882	0.976647615433	
0.732620358467	0.667181611061	0.134670510888	
-0.680449485779	0.713287889957	0.167954936624	
0.0159975886345	-0.214683681726	0.976552605629	
0.733456075191	0.666136562824	0.135293155909	
-0.679576516151	0.714288473129	0.167235478759	
0.0147633338347	-0.214601933956	0.976590037346	
0.732749223709	0.666927278042	0.135227784514	
-0.680342555046	0.713713884354	0.166572704911	
0.0145779373124	-0.21405723691	0.976712346077	
0.732929587364	0.666651129723	0.135611385107	
-0.680132210255	0.71355265379	0.16811516881	
0.0153083046898	-0.215450271964	0.976394832134	
0.732359945774	0.667368710041	0.135158970952	
-0.680755913258	0.713289678097	0.166700914502	
0.0148434750736	-0.214095324278	0.976700007915	
-0.218170404434	-0.961977660656	-0.164318695664	
-0.918586015701	0.259280383587	-0.298284173012	
0.329547345638	0.0858640670776	-0.940226495266	
-0.21707624197	-0.962162256241	-0.164686575532	
-0.918894171715	0.258345931768	-0.298145800829	
0.329410731792	0.0866091549397	-0.940206050873	
-0.21771453321	-0.962210416794	-0.163558870554	
-0.919031262398	0.258525729179	-0.297566860914	
0.32860609889	0.0855310857296	-0.940586209297	
-0.216906815767	-0.962448656559	-0.163230031729	
-0.918814539909	0.257764875889	-0.29889306426	
0.32974421978	0.085146188736	-0.940222799778	
-0.217406079173	-0.962242662907	-0.163779199123	
-0.918834030628	0.258372247219	-0.298308283091	
0.329360961914	0.0856318771839	-0.940312981606	
-0.217362686992	-0.962026119232	-0.165103539824	
-0.91878837347	0.258756279945	-0.298115879297	
0.329516857862	0.0868959501386	-0.940142393112	
-0.217277914286	-0.962394058704	-0.163058325648	
-0.918842375278	0.258033037186	-0.298576056957	
0.329422265291	0.0849509015679	-0.940353274345	
-0.217301890254	-0.962326169014	-0.163426578045	
-0.918798983097	0.258179724216	-0.298582673073	
0.32952734828	0.0852736011147	-0.940287292004	
0.116457059979	0.869020223618	0.480875879526	
0.922354519367	-0.274206876755	0.272163003683	
0.368374615908	0.411842733622	-0.833478093147	
0.116423472762	0.869380652905	0.48023211956	
0.921995222569	-0.274381905794	0.273202121258	
0.369283646345	0.410964548588	-0.833509266376	
0.115825653076	0.869585931301	0.480004966259	
0.922270774841	-0.273579418659	0.27307677269	
0.368783205748	0.411065250635	-0.833681166172	
0.116041526198	0.869509756565	0.48009082675	
0.922084867954	-0.273966699839	0.273316144943	
0.369179934263	0.410968452692	-0.833553314209	
0.116629034281	0.869082987309	0.480720758438	
0.922181725502	-0.274473190308	0.272480010986	
0.368752717972	0.411532819271	-0.833463966846	
0.115829758346	0.869858205318	0.479510337114	
0.922027826309	-0.273697197437	0.273778229952	
0.369388878345	0.410410225391	-0.833735764027	
0.116653643548	0.869466543198	0.480020731688	
0.922279655933	-0.274161934853	0.272461861372	
0.368499875069	0.410929679871	-0.833873271942	
0.116379097104	0.8697488904	0.479575663805	
0.922289967537	-0.273816168308	0.272774547338	
0.368560940027	0.410562545061	-0.83402711153	
0.916922330856	-0.0572517998517	-0.394937604666	
-0.0117649929598	-0.993103444576	0.116649746895	
-0.398892313242	-0.102312318981	-0.911272227764	
0.916905581951	-0.0571937672794	-0.394984900951	
-0.0113553255796	-0.99301636219	0.11742875725	
-0.398942649364	-0.103185899556	-0.911151707172	
0.916826367378	-0.0573708675802	-0.395143002272	
-0.0114987622947	-0.993006885052	0.117494925857	
-0.399120509624	-0.103178791702	-0.911074638367	
0.916837573051	-0.0574547424912	-0.395104825497	
-0.0115404548123	-0.992991864681	0.117617823184	
-0.399093598127	-0.103276744485	-0.911075294018	
0.917115330696	-0.056919503957	-0.394537210464	
-0.0112091070041	-0.993043959141	0.117209546268	
-0.398464292288	-0.1030722633	-0.911373853683	
0.917161285877	-0.0577514544129	-0.394309461117	
-0.0123671162874	-0.993092000484	0.116684660316	
-0.39832431078	-0.102142177522	-0.91153973341	
0.916602134705	-0.0573317706585	-0.395668596029	
-0.0111800488085	-0.992953300476	0.117977805436	
-0.399644315243	-0.103715114295	-0.910784065723	
0.91692262888	-0.057492185384	-0.394901901484	
-0.0115577261895	-0.99297863245	0.117727898061	
-0.398897588253	-0.103383205831	-0.911149084568	
0.816068291664	-0.566615521908	0.113927289844	
0.128152534366	-0.0148144159466	-0.991643846035	
0.563568532467	0.823849141598	0.0605236366391	
0.816228568554	-0.5665397048	0.113153606653	
0.127280369401	-0.0147052388638	-0.991757750511	
0.563534080982	0.823903262615	0.0601065419614	
0.815863311291	-0.56687104702	0.114123776555	
0.127949208021	-0.0154936173931	-0.991659700871	
0.563911378384	0.823660850525	0.059890024364	
0.816062748432	-0.566704690456	0.113522477448	
0.127612143755	-0.0148968650028	-0.991712272167	
0.563699126244	0.823786318302	0.0601616203785	
0.816454529762	-0.566064715385	0.113897770643	
0.12810896337	-0.0147538194433	-0.991650342941	
0.563018739223	0.82422876358	0.0604721419513	
0.816700637341	-0.565958082676	0.11265668273	
0.127310454845	-0.0137020619586	-0.991768240929	
0.562842905521	0.824320137501	0.0608618967235	
0.816061377525	-0.566627562046	0.113916628063	
0.127845272422	-0.0152461789548	-0.991676926613	
0.563648283482	0.823832988739	0.059998832643	
0.816854894161	-0.565674185753	0.1129636392	
0.127261653543	-0.0142824742943	-0.99176633358	
0.56262999773	0.824505150318	0.0603219233453	
0.20994822681	0.976248621941	-0.0534828640521	
-0.66077876091	0.101361319423	-0.743705153465	
-0.720619976521	0.191479921341	0.666364967823	
0.209391698241	0.97635614872	-0.053700838238	
-0.661151766777	0.1009022668	-0.743435978889	
-0.720439791679	0.191173732281	0.666647672653	
0.210395947099	0.976155519485	-0.0534222833812	
-0.660172998905	0.101561717689	-0.744215548038	
-0.721044480801	0.191847890615	0.665799677372	
0.20990100503	0.976240992546	-0.053806591779	
-0.660868763924	0.101105377078	-0.743659973145	
-0.72055119276	0.191654071212	0.666389286518	
0.209197998047	0.976464569569	-0.0524703897536	
-0.660314500332	0.101481609046	-0.744100987911	
-0.721263468266	0.190311387181	0.666003465652	
0.209414452314	0.976313054562	-0.0543913431466	
-0.66019397974	0.100137755275	-0.744389891624	
-0.721310973167	0.191794842482	0.665526270866	
0.208561494946	0.976563453674	-0.053159262985	
-0.660266757011	0.100496292114	-0.744277000427	
-0.721491456032	0.190326824784	0.665752053261	
0.210399642587	0.976154625416	-0.0534239001572	
-0.660490691662	0.101647607982	-0.743921935558	
-0.720752418041	0.191806897521	0.666127622128	
-0.505445659161	-0.845942497253	0.170017614961	
0.343729913235	-0.0166722442955	0.938920557499	
-0.791438221931	0.53301346302	0.299202650785	
-0.505188941956	-0.846000611782	0.170490816236	
0.342938065529	-0.0155063904822	0.939230024815	
-0.791945457458	0.532956361771	0.297959476709	
-0.505592763424	-0.845877885818	0.169901534915	
0.344221204519	-0.0171938370913	0.938731133938	
-0.791130661964	0.533099353313	0.29986217618	
-0.505582332611	-0.845659613609	0.17101560533	
0.343870818615	-0.0157166831195	0.938885450363	
-0.791289687157	0.533491194248	0.298743724823	
-0.505773544312	-0.845580220222	0.170842632651	
0.343160301447	-0.0155097590759	0.939148783684	
-0.791475892067	0.533623039722	0.298013985157	
-0.505486905575	-0.845692873001	0.171133041382	
0.343537718058	-0.0153217865154	0.939013898373	
-0.791495263577	0.533449888229	0.298272371292	
-0.50609266758	-0.845528185368	0.170153930783	
0.344186991453	-0.0171009041369	0.938745379448	
-0.790825843811	0.533656895161	0.299674421549	
-0.505567491055	-0.845528244972	0.171707689762	
0.34407967329	-0.0150828808546	0.938819289207	
-0.791208386421	0.533717632294	0.298554480076	
-0.29968675971	-0.17660215497	0.937549769878	
0.863849401474	-0.467313170433	0.188102766871	
0.404909998178	0.866273641586	0.292605221272	
-0.299841374159	-0.177008748055	0.93742364645	
0.863612234592	-0.467835456133	0.187893390656	
0.405301213264	0.865908741951	0.293143332005	
-0.298950642347	-0.176188543439	0.93786251545	
0.8638677001	-0.467506349087	0.187537670135	
0.405414700508	0.86625367403	0.291964918375	
-0.299311935902	-0.176737800241	0.937643945217	
0.863511502743	-0.468222409487	0.18739169836	
0.405906677246	0.865754902363	0.292759686708	
-0.298872053623	-0.176384463906	0.93785071373	
0.863767325878	-0.467793464661	0.187283977866	
0.405686467886	0.866058766842	0.292165517807	
-0.299126535654	-0.176553934813	0.937737703323	
0.863801658154	-0.467645436525	0.187495216727	
0.405425727367	0.866104185581	0.292392730713	
-0.298777461052	-0.175896272063	0.937972545624	
0.863895952702	-0.467461526394	0.1875192523	
0.405482143164	0.866337239742	0.291623055935	
-0.299167782068	-0.176731348038	0.937691152096	
0.863985240459	-0.467270791531	0.187583237886	
0.405003845692	0.866270184517	0.292485654354	
0.160924062133	0.642574906349	-0.74913340807	
0.747621178627	-0.574887931347	-0.332515329123	
-0.644333839417	-0.506558299065	-0.572915911674	
0.161426380277	0.643009543419	-0.748652338982	
0.7474796772	-0.574981331825	-0.332671821117	
-0.644372284412	-0.505900382996	-0.573453724384	
0.160666227341	0.642230570316	-0.74948400259	
0.74728500843	-0.575215041637	-0.332705199718	
-0.644787967205	-0.50662368536	-0.572346925735	
0.161533311009	0.642313838005	-0.749226212502	
0.747110366821	-0.575617432594	-0.332401394844	
-0.64477366209	-0.506060779095	-0.572860717773	
0.160420820117	0.641919851303	-0.749802708626	
0.747787594795	-0.574871897697	-0.332168698311	
-0.644266188145	-0.507406353951	-0.572241127491	
0.161457881331	0.642527401447	-0.749059319496	
0.747975230217	-0.574816703796	-0.331841498613	
-0.643789112568	-0.506699442863	-0.573403298855	
0.160104393959	0.641698360443	-0.750059843063	
0.747869133949	-0.574795305729	-0.332117646933	
-0.6442502141	-0.50777310133	-0.571933627129	
0.160870611668	0.642117977142	-0.749536633492	
0.747448325157	-0.57520788908	-0.332350492477	
-0.644547641277	-0.506774485111	-0.572484076023	
-0.222911447287	-0.909885048866	-0.349885255098	
0.427354335785	-0.41379904747	0.803827464581	
-0.876172780991	0.0296573769301	0.481083869934	
-0.222540169954	-0.909780144691	-0.350394040346	
0.427994012833	-0.414089590311	0.803337395191	
-0.875954926014	0.028808278963	0.481532007456	
-0.22271952033	-0.909676790237	-0.350548386574	
0.426202088594	-0.414253056049	0.804205298424	
-0.876782655716	0.029707763344	0.479968398809	
-0.222490042448	-0.909729838371	-0.350556463003	
0.426628351212	-0.414163470268	0.804025411606	
-0.876633584499	0.029330316931	0.480263799429	
-0.222013279796	-0.910181820393	-0.349684327841	
0.426858663559	-0.413169533014	0.804414451122	
-0.876642346382	0.0293249115348	0.480248123407	
-0.222363382578	-0.909800171852	-0.350454300642	
0.426826536655	-0.41401848197	0.803994894028	
-0.876569211483	0.029195824638	0.480389386415	
-0.222335427999	-0.909816980362	-0.350428372622	
0.425664871931	-0.413942992687	0.804649353027	
-0.877141058445	0.0297370105982	0.479311317205	
-0.22305701673	-0.909608662128	-0.350510507822	
0.425759702921	-0.414367765188	0.804380536079	
-0.876911759377	0.0301894713193	0.479702353477	
0.948659300804	-0.0121601466089	-0.316065967083	
0.185657531023	0.830419719219	0.525294542313	
0.256079763174	-0.557005524635	0.790042996407	
0.948772013187	-0.0135475769639	-0.315670967102	
0.186551481485	0.830369472504	0.525057256222	
0.255010277033	-0.557048499584	0.790358603001	
0.949072778225	-0.0129443593323	-0.314790904522	
0.185453519225	0.830669224262	0.52497202158	
0.254691690207	-0.556615710258	0.790766119957	
0.949012994766	-0.0136215612292	-0.314942479134	
0.186102449894	0.830597102642	0.524856507778	
0.254440933466	-0.556707203388	0.79078245163	
0.948999345303	-0.0129018817097	-0.3150139153	
0.185640051961	0.830458343029	0.525239706039	
0.254829347134	-0.556931316853	0.790499508381	
0.948817491531	-0.0135249691084	-0.315535098314	
0.186357423663	0.830590367317	0.524776697159	
0.254982829094	-0.556719601154	0.790599167347	
0.949207961559	-0.0140137923881	-0.314337134361	
0.186105281115	0.830532491207	0.524957716465	
0.253710567951	-0.556793868542	0.79095607996	
0.949031233788	-0.0137767260894	-0.314880728722	
0.18618106842	0.830617070198	0.524797022343	
0.254315316677	-0.556673586369	0.790846526623	
-0.0837948620319	-0.0281065162271	0.996086537838	
-0.845056712627	0.531726896763	-0.0560859106481	
-0.528069615364	-0.846449375153	-0.0683075785637	
-0.0847289711237	-0.0280263815075	0.99600982666	
-0.846578657627	0.529189109802	-0.0571264326572	
-0.525476455688	-0.848040938377	-0.06856418401	
-0.0840284600854	-0.0275865010917	0.996081411839	
-0.845328390598	0.531240582466	-0.0565983578563	
-0.527597546577	-0.846771776676	-0.0679589807987	
-0.083672195673	-0.0273451264948	0.996118068695	
-0.846246182919	0.529783546925	-0.0565397627652	
-0.52618086338	-0.847691953182	-0.0674688592553	
-0.0832288935781	-0.0277326665819	0.996144473553	
-0.845315277576	0.53134226799	-0.0558343827724	
-0.527745246887	-0.84670317173	-0.067665874958	
-0.0833232775331	-0.0266839116812	0.996165275574	
-0.84632819891	0.529645860195	-0.0566028729081	
-0.526104390621	-0.847799062729	-0.0667151734233	
-0.0841306373477	-0.0276444982737	0.996071219444	
-0.84560418129	0.530791580677	-0.0566904805601	
-0.527139008045	-0.847051382065	-0.0680321380496	
-0.0844191908836	-0.0275993142277	0.996048033237	
-0.845917642117	0.530258536339	-0.0570021867752	
-0.526589751244	-0.847386658192	-0.0681107416749	
0.923614561558	-0.104929968715	-0.368681281805	
-0.105412445962	0.855195105076	-0.507473766804	
0.368543595076	0.507573723793	0.778809666634	
0.923530757427	-0.106393232942	-0.368471741676	
-0.104520455003	0.854565620422	-0.508717060089	
0.369007319212	0.508328676224	0.778097391129	
0.922895729542	-0.105308324099	-0.370369583368	
-0.105831585824	0.855455160141	-0.506947875023	
0.370220392942	0.507056832314	0.778350949287	
0.923141539097	-0.105235911906	-0.369777053595	
-0.105653449893	0.855336844921	-0.507184684277	
0.369657963514	0.507271468639	0.778478443623	
0.922974228859	-0.10611410439	-0.369943678379	
-0.105491638184	0.854668617249	-0.508343458176	
0.370121657848	0.508213877678	0.777642965317	
0.923150777817	-0.107211649418	-0.369185954332	
-0.104118950665	0.854709565639	-0.50855755806	
0.370070040226	0.507914602757	0.777863025665	
0.923270583153	-0.105913154781	-0.369261175394	
-0.104766890407	0.85538059473	-0.507294714451	
0.369588017464	0.5070566535	0.778651535511	
0.92370736599	-0.106593452394	-0.367970883846	
-0.10386621207	0.854854345322	-0.508365929127	
0.368749976158	0.507801055908	0.778563737869	
-0.961450994015	0.261617720127	-0.0846646353602	
-0.266601711512	-0.962293088436	0.0539961121976	
-0.0673458501697	0.0744863525033	0.994945406914	
-0.961495220661	0.26128706336	-0.0851820930839	
-0.266220986843	-0.96247023344	0.0527010411024	
-0.0682151317596	0.0733490660787	0.994970679283	
-0.961773276329	0.260689556599	-0.0838637799025	
-0.265530735254	-0.962656974792	0.0527733266354	
-0.0669745951891	0.0730243846774	0.995078802109	
-0.961504101753	0.261336624622	-0.0849298983812	
-0.266237825155	-0.962476909161	0.0524939335883	
-0.0680244788527	0.0730846822262	0.995003163815	
-0.961525678635	0.261481404305	-0.0842369273305	
-0.266453772783	-0.962316870689	0.0543012693524	
-0.0668638423085	0.0746573135257	0.994965076447	
-0.961700499058	0.260558336973	-0.0850971490145	
-0.265536308289	-0.962618231773	0.0534467585385	
-0.0679900720716	0.0739961564541	0.994938135147	
-0.961436271667	0.261268287897	-0.0859019383788	
-0.26631718874	-0.962394297123	0.0535947158933	
-0.0686689317226	0.074405066669	0.994861006737	
-0.961507081985	0.260939329863	-0.0861088857055	
-0.265927433968	-0.962562382221	0.0525002889335	
-0.0691857784986	0.0733781158924	0.994901478291	
0.206892386079	0.24429422617	0.947373151779	
-0.15980540216	-0.946881234646	0.27906653285	
0.965224206448	-0.20913207531	-0.156862989068	
0.20611409843	0.244276851416	0.947547256947	
-0.159628748894	-0.946974217892	0.278852164745	
0.965419948101	-0.208731159568	-0.156191125512	
0.205618947744	0.243194803596	0.947933077812	
-0.160543292761	-0.947125434875	0.277811527252	
0.965373873711	-0.209307610989	-0.155703634024	
0.206274390221	0.24368070066	0.94766587019	
-0.159495443106	-0.947168052197	0.278269410133	
0.965407729149	-0.208548232913	-0.156510561705	
0.206174820662	0.244424507022	0.947495937347	
-0.160291209817	-0.946783363819	0.279119998217	
0.965297222137	-0.209422782063	-0.156023785472	
0.206040233374	0.244220405817	0.947577893734	
-0.16100409627	-0.946697175503	0.27900198102	
0.965207278728	-0.210049554706	-0.155737236142	
0.206842690706	0.243656858802	0.947548091412	
-0.160059288144	-0.947016894817	0.278459995985	
0.9651927948	-0.209261283278	-0.156883984804	
0.206073373556	0.243435993791	0.947772502899	
-0.160586327314	-0.947016477585	0.278157949448	
0.965269804001	-0.209520250559	-0.156062379479	
-0.338790535927	0.837485253811	0.42876496911	
-0.242570534348	-0.5180580616	0.820228874683	
0.909054756165	0.173880025744	0.378662407398	
-0.338234871626	0.837609171867	0.428961545229	
-0.242614150047	-0.518032312393	0.820232212543	
0.909250020981	0.173358991742	0.378432452679	
-0.338282614946	0.837494373322	0.429148077965	
-0.242247730494	-0.5181645751	0.820257008076	
0.909329950809	0.173518523574	0.378167182207	
-0.337735116482	0.837895393372	0.428796380758	
-0.242763608694	-0.517695486546	0.82040065527	
0.909395873547	0.172981962562	0.378254443407	
-0.338096737862	0.837894678116	0.428512632847	
-0.243218198419	-0.517651557922	0.820293724537	
0.909139990807	0.17311654985	0.378807544708	
-0.338257551193	0.837712287903	0.428742289543	
-0.242678180337	-0.517839074135	0.820335268974	
0.909224450588	0.173438206315	0.378457456827	
-0.338168025017	0.837719261646	0.428799331188	
-0.243261054158	-0.517969489098	0.820080280304	
0.909102022648	0.173014760017	0.378945171833	
-0.337937682867	0.837693452835	0.429031193256	
-0.242871820927	-0.518028438091	0.820158421993	
0.909291684628	0.172962844372	0.378513485193	
0.640035092831	0.19070596993	-0.74430257082	
0.490708917379	-0.846869289875	0.204980999231	
-0.591235876083	-0.496430933475	-0.635607123375	
0.639462888241	0.191223487258	-0.744661509991	
0.491783767939	-0.846240699291	0.205001041293	
-0.590961873531	-0.497303009033	-0.6351801157	
0.639930069447	0.190812677145	-0.744365513325	
0.490992873907	-0.846684455872	0.205064579844	
-0.591113746166	-0.496705144644	-0.635506510735	
0.64003008604	0.19122621417	-0.74417334795	
0.491001099348	-0.846768200397	0.20469853282	
-0.590998649597	-0.496403157711	-0.635849416256	
0.640078663826	0.191056445241	-0.744175195694	
0.491316735744	-0.8464448452	0.205277740955	
-0.590683698654	-0.497019648552	-0.635660529137	
0.640283048153	0.191273987293	-0.743943452835	
0.491481244564	-0.84631896019	0.205403134227	
-0.590325176716	-0.49715039134	-0.635891258717	
0.639679610729	0.191435307264	-0.744420945644	
0.491494774818	-0.846491873264	0.20465670526	
-0.590967774391	-0.496793717146	-0.635573029518	
0.639622986317	0.190595179796	-0.74468511343	
0.491290599108	-0.846445381641	0.205338254571	
-0.591198801994	-0.497195839882	-0.635043501854	
-0.328683644533	0.812746107578	-0.481051832438	
0.0871046632528	0.533267498016	0.841450273991	
0.940414726734	0.234669089317	-0.24607026577	
-0.328412443399	0.81257712841	-0.481522232294	
0.0866416841745	0.53356564045	0.841309070587	
0.94055223465	0.234576478601	-0.245632648468	
-0.327779978514	0.812974512577	-0.481282383204	
0.0865006968379	0.533111393452	0.84161144495	
0.940785825253	0.234232127666	-0.245066106319	
-0.327669113874	0.812641382217	-0.481920063496	
0.0868298187852	0.533823430538	0.841126143932	
0.940794110298	0.233766019344	-0.24547894299	
-0.327636539936	0.812697649002	-0.481847286224	
0.0860379487276	0.533542335033	0.841385781765	
0.940878212452	0.234211564064	-0.24473080039	
-0.326867222786	0.812412440777	-0.482849746943	
0.0855773165822	0.534258782864	0.840978085995	
0.941187739372	0.233567163348	-0.244155749679	
-0.327869772911	0.81223320961	-0.482471317053	
0.08687274158	0.534458935261	0.84071803093	
0.940720200539	0.233732432127	-0.24579384923	
-0.327446013689	0.812624514103	-0.482100069523	
0.0868090987206	0.533944368362	0.841051518917	
0.940873682499	0.233548283577	-0.245381146669	
0.764070153236	0.503896892071	-0.402845770121	
-0.261918574572	-0.328365653753	-0.9075101614	
-0.589572250843	0.798914194107	-0.118914462626	
0.764495193958	0.50331568718	-0.402765929699	
-0.261887520552	-0.328418701887	-0.907499909401	
-0.589034795761	0.799258708954	-0.11926240474	
0.76421636343	0.503207743168	-0.403429508209	
-0.262909352779	-0.328126907349	-0.907309949398	
-0.588941454887	0.79944652319	-0.118461936712	
0.764099121094	0.503373324871	-0.403444975615	
