-0.505510926247	-0.0858095660806	0.858542621136	
-0.822883248329	0.347173333168	-0.449815362692	
-0.259464621544	-0.933866918087	-0.246111154556	
-0.482945531607	-0.112216770649	0.868430197239	
-0.829677939415	0.375763356686	-0.412839502096	
-0.279996752739	-0.919896364212	-0.274577021599	
-0.527974426746	-0.10967387259	0.842148840427	
-0.811658620834	0.356963813305	-0.462371200323	
-0.249906629324	-0.927657544613	-0.277485519648	
-0.533061504364	-0.105155721307	0.839516341686	
-0.794936656952	0.401986896992	-0.454403162003	
-0.289691478014	-0.909587144852	-0.297875851393	
-0.429620116949	-0.0275016538799	0.902590811253	
-0.836175262928	0.38949611783	-0.386139452457	
-0.340936154127	-0.9206174016	-0.190331563354	
-0.463601559401	-0.0861770138144	0.881843030453	
-0.815478265285	0.430719763041	-0.386620819569	
-0.34650939703	-0.898361861706	-0.269957840443	
-0.521941304207	-0.0848154053092	0.848754167557	
-0.792696774006	0.41566413641	-0.445931792259	
-0.314974784851	-0.905554890633	-0.284185171127	
-0.492684543133	-0.108421467245	0.863427340984	
-0.812754631042	0.411879718304	-0.412049800158	
-0.310953140259	-0.904765129089	-0.291046828032	
-0.228688880801	0.683804094791	-0.692902088165	
-0.857214033604	0.195897102356	0.47624412179	
0.461395204067	0.702877104282	0.541366994381	
-0.208921432495	0.696964561939	-0.685997247696	
-0.833294689655	0.240265652537	0.497887939215	
0.511831820011	0.675657331944	0.530580222607	
-0.156346723437	0.676775932312	-0.719395577908	
-0.881455302238	0.233016908169	0.410779386759	
0.445636957884	0.698339045048	0.560116291046	
-0.146886661649	0.683342993259	-0.715169012547	
-0.869997382164	0.254779458046	0.422127872705	
0.470668494701	0.684200108051	0.557082891464	
-0.192553877831	0.691654384136	-0.696087121964	
-0.85661226511	0.227558732033	0.46306848526	
0.478684037924	0.685442388058	0.548662304878	
-0.186197832227	0.697575747967	-0.691894829273	
-0.860390603542	0.224258452654	0.457641988993	
0.474403202534	0.680511713028	0.558431148529	
-0.20571295917	0.683010816574	-0.700841188431	
-0.860913455486	0.214208960533	0.461457014084	
0.465306609869	0.698291301727	0.543947637081	
-0.217116326094	0.691318631172	-0.689158260822	
-0.847916126251	0.216221421957	0.484031528234	
0.483630776405	0.689439535141	0.539234995842	
0.819589912891	0.228231847286	0.525530815125	
0.19013620913	0.756913006306	-0.625244736671	
-0.540481865406	0.612366676331	0.576963067055	
0.800101518631	0.339744925499	0.4943793118	
0.119140408933	0.717731177807	-0.686052083969	
-0.587914168835	0.607811868191	0.533780515194	
0.762920498848	0.265525758266	0.589447557926	
0.239844828844	0.730445802212	-0.639471173286	
-0.600355565548	0.629241585732	0.493587076664	
0.757611751556	0.261706799269	0.597941458225	
0.24714332819	0.732865571976	-0.633899211884	
-0.604106426239	0.628026723862	0.490548491478	
0.776025950909	0.297491371632	0.556131839752	
0.161243334413	0.758883953094	-0.630948245525	
-0.609741210938	0.579304754734	0.540945112705	
0.793330192566	0.309456914663	0.524274349213	
0.202361986041	0.678161263466	-0.706503331661	
-0.574174880981	0.66658359766	0.475383490324	
0.792786180973	0.30313462019	0.528771698475	
0.148741289973	0.7450979352	-0.650157749653	
-0.591072022915	0.594086229801	0.545614719391	
0.789359509945	0.281425654888	0.54562908411	
0.212019011378	0.709105610847	-0.672470986843	
-0.576159238815	0.646505117416	0.500071704388	
0.923105180264	0.0748671665788	-0.3771892488	
-0.211991176009	0.917433440685	-0.336712956429	
0.320837259293	0.390782266855	0.862758755684	
0.935282051563	0.0567902587354	-0.349317014217	
-0.182851836085	0.922631978989	-0.339581310749	
0.303006142378	0.381477534771	0.87330532074	
0.965796113014	0.058274988085	-0.252669602633	
-0.14160476625	0.934822559357	-0.325660735369	
0.217223346233	0.350301086903	0.911099970341	
0.976161301136	0.0524996072054	-0.210601389408	
-0.12985573709	0.9187541008	-0.372865080833	
0.173915624619	0.39132425189	0.903669595718	
0.95039665699	0.00511441659182	-0.310998439789	
-0.134724423289	0.907973110676	-0.39677977562	
0.28034889698	0.41899728775	0.86362361908	
0.956489443779	0.0531352087855	-0.286887854338	
-0.165803000331	0.908068656921	-0.384604632854	
0.240077808499	0.41543713212	0.877368032932	
0.956916332245	0.0430546477437	-0.287153989077	
-0.149803116918	0.92037320137	-0.361209332943	
0.248737111688	0.388663679361	0.887169897556	
0.964283049107	0.0615357942879	-0.257626771927	
-0.159642636776	0.911147654057	-0.379900276661	
0.211358562112	0.407459616661	0.888427972794	
-0.656637966633	0.277269721031	-0.701390147209	
0.705882906914	-0.101592645049	-0.701005160809	
-0.265623569489	-0.955405890942	-0.129010364413	
-0.695457160473	0.257983207703	-0.67065936327	
0.687121868134	-0.0343219228089	-0.725731015205	
-0.210244730115	-0.965539574623	-0.153396472335	
-0.535057365894	0.257489055395	-0.804619789124	
0.81266784668	-0.103363074362	-0.573486745358	
-0.230834543705	-0.96073693037	-0.153947889805	
-0.527505159378	0.270728170872	-0.805260539055	
0.831303298473	-0.030914766714	-0.554958581924	
-0.175137370825	-0.962159335613	-0.208749517798	
-0.628130316734	0.206710755825	-0.750148594379	
0.7466173172	-0.111376166344	-0.655864238739	
-0.219122871757	-0.97204220295	-0.0843750834465	
-0.643710434437	0.261080771685	-0.719356477261	
0.730601429939	-0.0700603574514	-0.679200351238	
-0.227724522352	-0.962771177292	-0.145647406578	
-0.595104575157	0.23613935709	-0.768172323704	
0.768148362637	-0.113818146288	-0.630074203014	
-0.236217260361	-0.965030372143	-0.113656364381	
-0.592957317829	0.284708708525	-0.753221452236	
0.77239382267	-0.0633098557591	-0.631980776787	
-0.227616757154	-0.956521213055	-0.182367190719	
0.539278149605	0.579660594463	-0.610878646374	
-0.771635353565	0.630657613277	-0.0827639549971	
0.337280243635	0.516008377075	0.787386417389	
0.558726191521	0.551005661488	-0.619853019714	
-0.74604767561	0.660388827324	-0.0854369699955	
0.362267762423	0.510175764561	0.780053019524	
0.502728223801	0.593467056751	-0.628538966179	
-0.768558442593	0.63968962431	-0.0107253370807	
0.395704746246	0.488460868597	0.777704119682	
0.564633727074	0.56372487545	-0.602829158306	
-0.745237231255	0.66212117672	-0.0788480937481	
0.354697316885	0.4937710464	0.79396468401	
0.550849795341	0.562459290028	-0.616606891155	
-0.730594933033	0.682131767273	-0.0304517559707	
0.403479278088	0.467264205217	0.786682069302	
0.516211092472	0.59226000309	-0.618671298027	
-0.763649880886	0.645339369774	-0.0193896982819	
0.38776922226	0.482457429171	0.785410642624	
0.544792771339	0.55975574255	-0.624399185181	
-0.735705673695	0.676366984844	-0.0355651155114	
0.402415215969	0.478749632835	0.780295312405	
0.505630016327	0.536975383759	-0.67527449131	
-0.78941822052	0.603734493256	-0.111011147499	
0.348076283932	0.589204609394	0.729164481163	
0.253996670246	-0.75968170166	0.59863960743	
-0.952762544155	-0.0899593532085	0.290087729692	
-0.166521117091	-0.644042730331	-0.746645629406	
0.236017093062	-0.776816010475	0.583826065063	
-0.952888071537	-0.067214243114	0.295781224966	
-0.190526157618	-0.626130282879	-0.756082415581	
0.186088845134	-0.784827888012	0.591114342213	
-0.970620751381	-0.0534432753921	0.234604239464	
-0.152532860637	-0.617405056953	-0.771715462208	
0.189595833421	-0.789427340031	0.583830356598	
-0.963177382946	-0.0340859107673	0.266697436571	
-0.190637856722	-0.61289691925	-0.766821086407	
0.308732897043	-0.76316434145	0.56768321991	
-0.935049414635	-0.134175121784	0.328145772219	
-0.174260169268	-0.63212120533	-0.755020618439	
0.288510262966	-0.773828566074	0.563871622086	
-0.935124754906	-0.101223021746	0.339552134275	
-0.205678343773	-0.625254571438	-0.752830088139	
0.262819260359	-0.703611791134	0.660194277763	
-0.954563319683	-0.0899919047952	0.284095585346	
-0.140480875969	-0.704863011837	-0.695293664932	
0.223233789206	-0.789715230465	0.571416258812	
-0.95704472065	-0.0662994682789	0.282258361578	
-0.185019135475	-0.609880506992	-0.770593047142	
0.947177767754	-0.081140846014	0.310274809599	
-0.179264962673	-0.936164319515	0.302424252033	
0.265929251909	-0.342070937157	-0.901259720325	
0.941731750965	-0.117172501981	0.315296560526	
-0.209125250578	-0.938136875629	0.275981605053	
0.263453871012	-0.325837105513	-0.907976984978	
0.947729408741	-0.0634483769536	0.312703162432	
-0.157002821565	-0.945909500122	0.283910691738	
0.277775228024	-0.318165779114	-0.90642786026	
0.95087659359	-0.0533331185579	0.304941415787	
-0.15480619669	-0.934957921505	0.319200217724	
0.268083453178	-0.35072684288	-0.897285878658	
0.960078299046	-0.0465134009719	0.275837212801	
-0.133954524994	-0.942112326622	0.307376861572	
0.245572507381	-0.33205550909	-0.910732269287	
0.94476044178	-0.11980714649	0.305080294609	
-0.208060443401	-0.938431501389	0.275784701109	
0.253255963326	-0.324025601149	-0.911520063877	
0.945866286755	-0.0441962108016	0.32153326273	
-0.145205393434	-0.943630754948	0.297449737787	
0.290262520313	-0.32803606987	-0.89896607399	
0.931865215302	-0.12561032176	0.340366333723	
-0.226899445057	-0.933816552162	0.276592314243	
0.283096849918	-0.33497568965	-0.898692071438	
-0.994818091393	-0.0804440751672	-0.0621747151017	
0.0964993983507	-0.554535210133	-0.826546132565	
0.0320126675069	-0.828262865543	0.559424519539	
-0.992974281311	-0.0930124223232	-0.0731490403414	
0.114574566483	-0.601231813431	-0.790817916393	
0.0295763611794	-0.793642878532	0.607664585114	
-0.992968857288	-0.116587691009	-0.0204978678375	
0.0853149294853	-0.584794044495	-0.806682884693	
0.082062266767	-0.802759766579	0.590628921986	
-0.993020117283	-0.117891103029	-0.00356415170245	
0.0653726682067	-0.524991810322	-0.848592996597	
0.0981704071164	-0.842902898788	0.529034256935	
-0.996300756931	-0.0749131888151	-0.0421046689153	
0.0769542679191	-0.55968940258	-0.825121700764	
0.0382469631732	-0.825309514999	0.563383877277	
-0.993318200111	-0.109412640333	-0.0367131978273	
0.0932872667909	-0.573928236961	-0.81357473135	
0.0679446235299	-0.811563432217	0.580300211906	
-0.997246861458	-0.0528928786516	-0.0519712753594	
0.0731803700328	-0.588855087757	-0.804918825626	
0.0119709260762	-0.806506097317	0.591104567051	
-0.991225302219	-0.131252542138	-0.0156596321613	
0.0743631869555	-0.455768615007	-0.886986494064	
0.109282061458	-0.880367934704	0.46152973175	
-0.993284702301	0.0304666012526	0.111611999571	
0.0224057771266	0.997096478939	-0.0727773532271	
-0.113505214453	-0.0697878748178	-0.99108338356	
-0.992146015167	-0.0296062510461	0.121530711651	
-0.0301359016448	0.999542653561	-0.00252204714343	
-0.121400460601	-0.0061646765098	-0.992584466934	
-0.978163719177	-0.0181384701282	0.207042753696	
-0.00326991290785	0.99740421772	0.0719314068556	
-0.207810044289	0.0696836784482	-0.975683927536	
-0.981014728546	-0.0390381999314	0.18996360898	
-0.0282494574785	0.997847855091	0.0591747574508	
-0.191864848137	0.0526849403977	-0.980006217957	
-0.986818432808	0.0200691521168	0.160582154989	
0.0118250967935	0.998570263386	-0.0521305389702	
-0.161398783326	-0.0495444759727	-0.985644876957	
-0.981312811375	0.00109719485044	0.192416056991	
-0.0011141836876	0.9999345541	-0.0113841108978	
-0.192415967584	-0.0113857602701	-0.981247425079	
-0.97994863987	-0.0489855185151	0.193134859204	
-0.0265549607575	0.992769479752	0.117062404752	
-0.197472751141	0.109586462379	-0.974163889885	
-0.988951265812	-0.0288043990731	0.145415738225	
-0.0240681376308	0.999124288559	0.0342257320881	
-0.146274238825	0.0303476955742	-0.988778471947	
-0.84354954958	-0.534704506397	-0.0501522906125	
-0.262928187847	0.329750537872	0.90671569109	
-0.468287199736	0.778046071529	-0.418749809265	
-0.857589781284	-0.50918418169	-0.0726035311818	
-0.285808980465	0.354420393705	0.890336692333	
-0.427613198757	0.784294366837	-0.449476718903	
-0.837103247643	-0.537609398365	-0.101164393127	
-0.313997745514	0.320769131184	0.893595337868	
-0.447954833508	0.77979695797	-0.437325030565	
-0.849725663662	-0.521991491318	-0.0741022229195	
-0.280376911163	0.328367233276	0.901977717876	
-0.446491956711	0.787210166454	-0.425376445055	
-0.885416567326	-0.460506439209	-0.0630184784532	
-0.268238782883	0.395536720753	0.878406882286	
-0.379585921764	0.794660031796	-0.473740428686	
-0.852573335171	-0.522600591183	0.00270983669907	
-0.262977391481	0.433492094278	0.861932396889	
-0.451621055603	0.734147965908	-0.507015943527	
-0.898902356625	-0.428632110357	-0.0908245295286	
-0.236953452229	0.301209628582	0.923648118973	
-0.368548005819	0.851790606976	-0.372323900461	
-0.887075781822	-0.449537068605	-0.104942671955	
-0.269500523806	0.319753676653	0.90836507082	
-0.374787956476	0.83407074213	-0.404796212912	
0.864894449711	-0.483253747225	0.135732799768	
-0.0341211482882	0.213181123137	0.976416707039	
-0.500792682171	-0.849128723145	0.167889997363	
0.87626928091	-0.468531578779	0.112384483218	
-0.0154536264017	0.205799460411	0.978472173214	
-0.481573760509	-0.859141886234	0.173095241189	
0.890874683857	-0.445414304733	0.0891535505652	
0.0149546097964	0.224917978048	0.974262952805	
-0.454002887011	-0.866612970829	0.207034736872	
0.887940466404	-0.452148109674	0.0844028964639	
0.0155281396583	0.212864264846	0.976958394051	
-0.459696263075	-0.866170227528	0.196031808853	
0.901514828205	-0.421692490578	0.0971930474043	
0.0134719638154	0.251834243536	0.967676579952	
-0.432538479567	-0.871065437794	0.232713326812	
0.903711080551	-0.425024718046	0.0515775419772	
0.00649315444753	0.134059965611	0.990951955318	
-0.428093552589	-0.895199358463	0.123911231756	
0.883056819439	-0.4623016119	0.0805471017957	
0.00297948112711	0.177164912224	0.984176695347	
-0.469256579876	-0.868843972683	0.157824113965	
0.924978733063	-0.37110209465	0.0818389281631	
-0.00104748876765	0.212864249945	0.977081239223	
-0.380017459393	-0.903865039349	0.19650618732	
0.23730686307	-0.341256976128	-0.909521400928	
0.647767961025	0.753315091133	-0.113635852933	
0.723935186863	-0.562192201614	0.3998221457	
0.244967907667	-0.353547394276	-0.902770698071	
0.619489073753	0.77335101366	-0.134764328599	
0.74580425024	-0.526243686676	0.408464938402	
0.22294934094	-0.368766963482	-0.902388215065	
0.666582465172	0.733122289181	-0.134905546904	
0.711309671402	-0.571439027786	0.409262746572	
0.248760789633	-0.322512358427	-0.913292884827	
0.612447321415	0.782871305943	-0.109639309347	
0.750350832939	-0.532069802284	0.392269521952	
0.245396226645	-0.304764509201	-0.920271337032	
0.623092472553	0.776823759079	-0.0911076813936	
0.742654979229	-0.551056623459	0.380526095629	
0.241042479873	-0.291690945625	-0.925642967224	
0.663106739521	0.745921075344	-0.0623799078166	
0.708652257919	-0.598763883114	0.37322089076	
0.23991522193	-0.366727173328	-0.898861408234	
0.612185060978	0.775750935078	-0.153100848198	
0.753438830376	-0.513538300991	0.41061937809	
0.219879731536	-0.35419011116	-0.908956706524	
0.607438027859	0.778792619705	-0.156528204679	
0.76332950592	-0.517717480659	0.386389255524	
-0.494724005461	0.838899970055	0.226925089955	
0.76973426342	0.301767468452	0.562534928322	
0.403431922197	0.452971547842	-0.795021653175	
-0.499648422003	0.82193428278	0.273451119661	
0.761917352676	0.266823321581	0.590158700943	
0.412108510733	0.503219008446	-0.759563803673	
-0.507243096828	0.813485503197	0.28450974822	
0.771070122719	0.280946165323	0.571419358253	
0.384909451008	0.509225487709	-0.769762396812	
-0.519792258739	0.814038932323	0.259146034718	
0.752976894379	0.293269872665	0.589082837105	
0.403536617756	0.501331686974	-0.765391886234	
-0.433600366116	0.862866103649	0.259716719389	
0.777769625187	0.212824419141	0.591422140598	
0.455044060946	0.458440631628	-0.763391852379	
-0.502493321896	0.79114228487	0.348703742027	
0.765269696712	0.219313725829	0.605197310448	
0.402321666479	0.570960044861	-0.715640902519	
-0.477824062109	0.836878299713	0.267055928707	
0.789575874805	0.275902301073	0.548131227493	
0.38503780961	0.472771197557	-0.792611658573	
-0.52779519558	0.832237243652	0.169744923711	
0.733591854572	0.345925718546	0.58496016264	
0.428106486797	0.433262676001	-0.79310041666	
-0.792832791805	-0.584591209888	0.172247737646	
0.598871588707	-0.799725115299	0.0423385463655	
0.113000102341	0.136721655726	0.98414337635	
-0.79913687706	-0.552962124348	0.235824346542	
0.579881489277	-0.812496066093	0.0598969012499	
0.158485636115	0.18461599946	0.96994805336	
-0.815166771412	-0.568353712559	0.111701563001	
0.577866077423	-0.81119543314	0.0896253660321	
0.0396728925407	0.137608170509	0.989691913128	
-0.829795360565	-0.5447524786	0.121179379523	
0.558067858219	-0.809990763664	0.180208832026	
-1.5025331777e-05	0.217162758112	0.97613543272	
-0.76611918211	-0.625642418861	0.147081553936	
0.634558975697	-0.77264893055	0.0186690762639	
0.10196223855	0.107634663582	0.98894816637	
-0.8087657094	-0.537687540054	0.23830679059	
0.571665406227	-0.813904821873	0.1037190184	
0.138190612197	0.220116138458	0.96563565731	
-0.793998837471	-0.595701277256	0.121267698705	
0.607824504375	-0.774396598339	0.175668120384	
-0.0107364319265	0.21318975091	0.97695183754	
-0.863484740257	-0.49634963274	0.0896163731813	
0.504051506519	-0.855562329292	0.118089511991	
0.018058706075	0.147139757872	0.988950848579	
-0.0935989767313	0.469534516335	0.877938807011	
0.517097353935	0.776472508907	-0.360139966011	
-0.850793480873	0.420271098614	-0.315472066402	
0.0129915010184	0.457373648882	0.889179706573	
0.499966770411	0.767141342163	-0.401904731989	
-0.865947127342	0.449781656265	-0.218705311418	
-0.00441492395476	0.53109818697	0.847298800945	
0.526218056679	0.72173845768	-0.449653357267	
-0.850338160992	0.443878769875	-0.282659888268	
0.0444905497134	0.547247171402	0.835787713528	
0.530321061611	0.696067810059	-0.483992964029	
-0.846628725529	0.464768946171	-0.259248256683	
-0.00168975954875	0.413014471531	0.910722911358	
0.533496618271	0.770664393902	-0.34850782156	
-0.84580051899	0.485278725624	-0.221644058824	
0.0122646782547	0.397772580385	0.917402088642	
0.531570017338	0.774494469166	-0.34291639924	
-0.84692555666	0.491869181395	-0.201945051551	
-0.0571573078632	0.532815039158	0.844299256802	
0.528525054455	0.733606636524	-0.427179783583	
-0.846991300583	0.421816855669	-0.32353708148	
0.00286029535346	0.490374386311	0.871507167816	
0.49148362875	0.758296847343	-0.428286939859	
-0.870882093906	0.429556548595	-0.238842025399	
0.705734968185	0.704995751381	0.0701360926032	
-0.693819284439	0.667707920074	0.269779324532	
0.143362864852	-0.239054486156	0.96036452055	
0.712764024734	0.684686481953	0.152223065495	
-0.696312785149	0.664624392986	0.270966649055	
0.0843560397625	-0.299130141735	0.950476288795	
0.677038013935	0.7357224226	0.0182225946337	
-0.714892506599	0.651585817337	0.253701925278	
0.174780622125	-0.184793055058	0.967110753059	
0.649651587009	0.757743775845	0.0614588968456	
-0.739684164524	0.611355125904	0.281268894672	
0.175556525588	-0.228186964989	0.957658946514	
0.727265715599	0.670705795288	0.145733729005	
-0.68095177412	0.678494334221	0.275590538979	
0.0859606564045	-0.299665212631	0.950163960457	
0.652256906033	0.732965409756	0.193190634251	
-0.755626857281	0.608599960804	0.24214489758	
0.0599080137908	-0.303920716047	0.950811862946	
0.662154436111	0.747355461121	0.0548751950264	
-0.733648538589	0.631604492664	0.250670284033	
0.152680382133	-0.20624153316	0.966515958309	
0.6207010746	0.780750334263	0.0718267485499	
-0.775827348232	0.59838026762	0.200082525611	
0.113234788179	-0.179916590452	0.977142751217	
-0.193786248565	-0.943887889385	-0.267436921597	
-0.928145706654	0.264699339867	-0.261686503887	
0.317793101072	0.197509199381	-0.927360594273	
-0.133386597037	-0.951739907265	-0.276403963566	
-0.935361206532	0.213078483939	-0.282306492329	
0.327578097582	0.220881640911	-0.918642401695	
-0.117084950209	-0.98054754734	-0.157536223531	
-0.957351982594	0.153628259897	-0.244694799185	
0.264136910439	0.122167542577	-0.956716656685	
-0.0909802988172	-0.985627174377	-0.142343655229	
-0.934866130352	0.133783698082	-0.328827142715	
0.343144208193	0.103155463934	-0.933601081371	
-0.116439849138	-0.947841107845	-0.296713620424	
-0.938518583775	0.202761858702	-0.279411077499	
0.324999511242	0.245936647058	-0.913176059723	
-0.132653579116	-0.944440722466	-0.300723642111	
-0.938546061516	0.217230841517	-0.268220216036	
0.318644553423	0.24666261673	-0.915217578411	
-0.0854910314083	-0.990200042725	-0.110431902111	
-0.945986807346	0.11546009779	-0.302948713303	
0.312730282545	0.0785677284002	-0.946586966515	
-0.141175284982	-0.978843748569	-0.148102670908	
-0.934818565845	0.181050166488	-0.305507987738	
0.325858592987	0.0953189432621	-0.940601110458	
0.0432927422225	0.813601851463	0.579808413982	
0.939988255501	-0.229775607586	0.252240538597	
0.338449180126	0.534092903137	-0.774723768234	
0.0357317365706	0.859204947948	0.510382294655	
0.925099372864	-0.221629366279	0.308336764574	
0.378040194511	0.461136966944	-0.802769184113	
-0.0194819234312	0.873556256294	0.486333191395	
0.94207572937	-0.146863803267	0.301536589861	
0.3348338902	0.464037209749	-0.820094943047	
0.0320227369666	0.861365795135	0.506974816322	
0.924769580364	-0.217965275049	0.311917215586	
0.379177719355	0.458846479654	-0.80354475975	
0.0694649890065	0.795710086823	0.601681053638	
0.939513623714	-0.25496083498	0.228711873293	
0.335393428802	0.549400091171	-0.765291333199	
0.00615407619625	0.881910741329	0.471376210451	
0.919935405254	-0.189789682627	0.343072474003	
0.392021656036	0.43152436614	-0.812468886375	
0.0642917975783	0.872384309769	0.484574168921	
0.94523614645	-0.208939298987	0.250744760036	
0.319992393255	0.441916197538	-0.838042318821	
0.0368611961603	0.891022264957	0.452460587025	
0.940893054008	-0.183492004871	0.284694463015	
0.336692005396	0.415222853422	-0.845120370388	
0.948941528797	0.0328900553286	-0.313732653856	
0.0653573423624	-0.993468463421	0.0935352668166	
-0.308607131243	-0.109264239669	-0.944893121719	
0.949038922787	0.0455444008112	-0.311850607395	
0.0960945785046	-0.984202086926	0.148701354861	
-0.300151497126	-0.171090528369	-0.938422679901	
0.943241119385	0.0118946423754	-0.331895589828	
0.0564073435962	-0.990576207638	0.124807864428	
-0.327283322811	-0.136445254087	-0.935023188591	
0.93813508749	0.000285782909486	-0.346269339323	
0.0682043582201	-0.980561852455	0.183974355459	
-0.339485913515	-0.196209877729	-0.919919013977	
0.956012010574	0.0697080045938	-0.284924328327	
0.106903269887	-0.987345337868	0.117136143148	
-0.273153394461	-0.142442896962	-0.951366007328	
0.95736259222	0.00854371953756	-0.288762658834	
0.026231629774	-0.998004257679	0.0574399493635	
-0.287695616484	-0.0625655725598	-0.955676078796	
0.930959761143	0.025135749951	-0.364255607128	
0.0921399518847	-0.981512486935	0.167760044336	
-0.35330465436	-0.189740344882	-0.916064620018	
0.937983751297	-0.00445370515808	-0.346650540829	
0.0695351809263	-0.977180540562	0.20070630312	
-0.33963406086	-0.212363660336	-0.91626983881	
0.808479130268	-0.554189741611	0.198078691959	
0.250551491976	0.0195677019656	-0.967905521393	
0.532527387142	0.832160353661	0.154673159122	
0.819002449512	-0.557331323624	0.136443316936	
0.156103461981	-0.0123999696225	-0.98766285181	
0.552147328854	0.830197572708	0.0768457353115	
0.810988426208	-0.575740754604	0.104021072388	
0.110540650785	-0.0238071419299	-0.993586421013	
0.574524641037	0.817285597324	0.0443354398012	
0.799642682076	-0.590754568577	0.107613012195	
0.119055874646	-0.0196773391217	-0.992692530155	
0.588555216789	0.806611299515	0.0545979589224	
0.845883905888	-0.514512240887	0.140561550856	
0.184848412871	0.0355903245509	-0.982122421265	
0.50031131506	0.856744110584	0.125212043524	
0.881579577923	-0.470722347498	0.0351845547557	
0.101483404636	0.11620952934	-0.988026559353	
0.460997402668	0.874594628811	0.150218442082	
0.801272511482	-0.573741912842	0.16965430975	
0.178708359599	-0.0411045476794	-0.983043074608	
0.570986568928	0.818004071712	0.069596529007	
0.878684103489	-0.463900446892	0.112741544843	
0.118803977966	-0.0162468589842	-0.992784798145	
0.462384998798	0.885738372803	0.0408373624086	
0.140458449721	0.989029586315	-0.0457368604839	
-0.702603936195	0.0670210942626	-0.708417892456	
-0.697580933571	0.131638169289	0.704309761524	
0.112940594554	0.992231667042	-0.0521602258086	
-0.73171299696	0.0475429408252	-0.679952740669	
-0.672190845013	0.114960588515	0.73139834404	
0.211920723319	0.976323246956	-0.043387837708	
-0.676639139652	0.1145478338	-0.727350175381	
-0.705158889294	0.183498486876	0.684893608093	
0.191415324807	0.980278372765	-0.0491371937096	
-0.704775154591	0.102430701256	-0.701997101307	
-0.683119416237	0.169003680348	0.710482656956	
0.0708616599441	0.997446417809	-0.00890059769154	
-0.702207565308	0.0435456745327	-0.710639357567	
-0.708437144756	0.0566071532667	0.703500151634	
0.10677856952	0.98434227705	-0.140244677663	
-0.689625382423	-0.0282886698842	-0.7236135602	
-0.71625071764	0.173982709646	0.675806820393	
0.0511617027223	0.993867814541	-0.0980268865824	
-0.678365647793	-0.0374524444342	-0.7337692976	
-0.732941031456	0.104038953781	0.672289669514	
0.224109143019	0.972922623158	-0.056538593024	
-0.679307043552	0.11435097456	-0.724890172482	
-0.69879680872	0.20086158812	0.686540305614	
-0.393516093493	-0.886267781258	0.244283661246	
0.395097196102	0.0768887773156	0.915415942669	
-0.830086290836	0.456746667624	0.319904953241	
-0.389093458652	-0.885837435722	0.25278121233	
0.342840075493	0.115443684161	0.9322732687	
-0.855024516582	0.44940495491	0.258782178164	
-0.452361702919	-0.867153227329	0.208360791206	
0.42338770628	-0.00318442122079	0.905942976475	
-0.784927845001	0.498031288385	0.368582516909	
-0.435732781887	-0.854692220688	0.282202273607	
0.437168449163	0.0731007307768	0.896403968334	
-0.786778688431	0.513962507248	0.341792106628	
-0.432360231876	-0.833423376083	0.344194799662	
0.372869849205	0.182301133871	0.909799098969	
-0.820994973183	0.521700799465	0.231938704848	
-0.446400552988	-0.840763270855	0.306339144707	
0.392391324043	0.123750291765	0.911435604095	
-0.804211139679	0.52707016468	0.274666041136	
-0.52784204483	-0.818632364273	0.226326718926	
0.407792925835	-0.0105185462162	0.913013875484	
-0.745042085648	0.574221551418	0.339384615421	
-0.475986659527	-0.81844753027	0.32183894515	
0.418224483728	0.111270882189	0.901502668858	
-0.77364397049	0.563704192638	0.28933134675	
-0.255082905293	-0.204495474696	0.945047259331	
0.918834626675	-0.355646848679	0.171050533652	
0.30112400651	0.911974191666	0.278616964817	
-0.270296484232	-0.2387060076	0.932716071606	
0.884583353996	-0.444010108709	0.142714262009	
0.380068600178	0.863640248775	0.331169724464	
-0.184950366616	-0.172137573361	0.967554688454	
0.907971918583	-0.406622320414	0.101218834519	
0.376005768776	0.897232949734	0.231501027942	
-0.209625065327	-0.189371287823	0.959268391132	
0.882824361324	-0.458399415016	0.102426402271	
0.420331448317	0.868336617947	0.263273596764	
-0.214821964502	-0.164778277278	0.962652385235	
0.897440552711	-0.422154217958	0.128008916974	
0.385294705629	0.891422390938	0.238566696644	
-0.222504332662	-0.17784589529	0.95857322216	
0.902512967587	-0.409439623356	0.133527487516	
0.368730545044	0.894835174084	0.251610308886	
-0.232526630163	-0.11314612627	0.965986192226	
0.879015266895	-0.449522614479	0.158938840032	
0.416249334812	0.886074125767	0.203983157873	
-0.236100867391	-0.192305862904	0.952509760857	
0.899610280991	-0.413833796978	0.139438048005	
0.367365986109	0.889809012413	0.270706862211	
0.141281992197	0.676270186901	-0.722978591919	
0.785059511662	-0.521439790726	-0.334338337183	
-0.603092849255	-0.520345211029	-0.604582428932	
0.175745889544	0.667470157146	-0.723600029945	
0.792741239071	-0.531763136387	-0.297975361347	
-0.583673477173	-0.521259605885	-0.62258630991	
0.0789009109139	0.623495221138	-0.777835667133	
0.74598801136	-0.554508924484	-0.368811219931	
-0.661268830299	-0.551156580448	-0.508871257305	
0.09661372751	0.640228152275	-0.762085139751	
0.729897916317	-0.566130578518	-0.383073419333	
-0.67669403553	-0.51923418045	-0.521997153759	
0.100195802748	0.614359915257	-0.782638311386	
0.804536759853	-0.51282119751	-0.299558013678	
-0.585389912128	-0.599646806717	-0.54565769434	
0.175122752786	0.634303629398	-0.752987980843	
0.816785097122	-0.520629942417	-0.248609274626	
-0.549721837044	-0.571492254734	-0.609263896942	
0.0775375962257	0.604306042194	-0.792970478535	
0.79784154892	-0.514563083649	-0.314123749733	
-0.59786015749	-0.608308374882	-0.522038459778	
0.134764149785	0.628499925137	-0.766045987606	
0.747208833694	-0.572209298611	-0.338016986847	
-0.650782287121	-0.526843726635	-0.546734035015	
-0.123045265675	-0.936777830124	-0.327577680349	
0.454447567463	-0.34663066268	0.820563554764	
-0.882234215736	-0.0479004196823	0.468367695808	
-0.10203371197	-0.925265610218	-0.365339040756	
0.523923933506	-0.362175583839	0.770929694176	
-0.845631599426	-0.112749047577	0.521722912788	
-0.132233485579	-0.910032510757	-0.392880499363	
0.408597797155	-0.411163210869	0.814857423306	
-0.903084814548	-0.0527786612511	0.426206827164	
-0.103309586644	-0.916219651699	-0.387128800154	
0.432510942221	-0.391868948936	0.812017858028	
-0.895690441132	-0.0835482254624	0.436758846045	
-0.0595252402127	-0.944986641407	-0.321647256613	
0.491644650698	-0.308181226254	0.814438402653	
-0.868759036064	-0.109656512737	0.482942193747	
-0.0879224762321	-0.931103885174	-0.353998810053	
0.506469011307	-0.347798019648	0.78900295496	
-0.857763826847	-0.10991833359	0.502154529095	
-0.106282651424	-0.928963124752	-0.354586333036	
0.424686551094	-0.364853382111	0.828567028046	
-0.899080276489	-0.0625257492065	0.433295756578	
-0.14314545691	-0.91992944479	-0.365019410849	
0.429344505072	-0.390026330948	0.814581334591	
-0.891724526882	-0.0401154570282	0.450797140598	
0.899127364159	0.180841073394	-0.398580610752	
0.0720636844635	0.837058365345	0.542346894741	
0.431713819504	-0.516362130642	0.739589989185	
0.897477209568	0.0739066079259	-0.434824615717	
0.180906459689	0.837434828281	0.515728414059	
0.402253001928	-0.541517078876	0.738208472729	
0.952956557274	0.0964242368937	-0.287360668182	
0.0799703598022	0.834476113319	0.545210361481	
0.292367100716	-0.542542099953	0.787508428097	
0.951180636883	0.0424337424338	-0.305703699589	
0.127789750695	0.847462594509	0.515244483948	
0.280936211348	-0.529156386852	0.800667464733	
0.922576487064	0.119827724993	-0.366734147072	
0.096281029284	0.848965525627	0.519603192806	
0.373607516289	-0.514683246613	0.771698534489	
0.916565418243	0.0774335116148	-0.392316043377	
0.145386070013	0.849407315254	0.507316589355	
0.372519433498	-0.522026121616	0.767279624939	
0.952597618103	0.0339296683669	-0.302335232496	
0.132704898715	0.847897946835	0.513282060623	
0.273764908314	-0.529072642326	0.803202927113	
0.949055790901	0.0434744767845	-0.312094718218	
0.125060036778	0.857126176357	0.499694645405	
0.289228498936	-0.513268649578	0.808023631573	
0.0104945935309	-0.0447694584727	0.998942196369	
-0.833820462227	0.551021099091	0.0334549099207	
-0.551935970783	-0.833289563656	-0.031546946615	
-0.0730458423495	-0.0784478113055	0.994238495827	
-0.916035711765	0.399497747421	-0.0357790142298	
-0.394389241934	-0.913371503353	-0.10104265064	
-0.0990966185927	-0.00987412407994	0.995028853416	
-0.850602388382	0.519756197929	-0.0795551687479	
-0.51638686657	-0.854257583618	-0.0599050372839	
-0.0499833039939	0.0254253428429	0.998426377773	
-0.917291104794	0.394265592098	-0.0559616424143	
-0.395067989826	-0.918644785881	0.00361574348062	
0.0061360988766	-0.037000734359	0.999296426773	
-0.850530683994	0.525346279144	0.0246744975448	
-0.525889575481	-0.850083649158	-0.0282466821373	
0.0329977609217	0.00287469755858	0.99945127964	
-0.902409672737	0.429931730032	0.0285572428256	
-0.429613739252	-0.902856826782	0.0167809389532	
-0.118387155235	-0.00643920013681	0.992946624756	
-0.863826394081	0.493807524443	-0.0997900813818	
-0.48968192935	-0.869547367096	-0.0640228167176	
-0.13463242352	-0.022080887109	0.990649580956	
-0.872273564339	0.476962715387	-0.107913590968	
-0.470120072365	-0.87864613533	-0.0834752246737	
0.937788069248	0.00446400232613	-0.347179561853	
-0.172639384866	0.87354695797	-0.455094903708	
0.301246106625	0.486719429493	0.819972574711	
0.94178801775	-0.101070523262	-0.320655703545	
-0.0977344810963	0.830254614353	-0.548748791218	
0.321688234806	0.548144161701	0.772045791149	
0.895854115486	-0.0111666880548	-0.444207936525	
-0.234981179237	0.836559176445	-0.494926869869	
0.377132922411	0.547762811184	0.746811032295	
0.90752017498	-0.00633810320869	-0.419960677624	
-0.217321380973	0.848547279835	-0.48243021965	
0.359414190054	0.529081583023	0.768696367741	
0.876917183399	-0.052210777998	-0.477797359228	
-0.209358245134	0.853330850601	-0.477488845587	
0.432649284601	0.518748998642	0.737369716167	
0.892798125744	-0.0886651873589	-0.441644698381	
-0.167900964618	0.844282865524	-0.508916199207	
0.417996197939	0.528512001038	0.738887131214	
0.941127002239	-0.0638827756047	-0.331962227821	
-0.117104813457	0.859573423862	-0.497413337231	
0.317122042179	0.507003486156	0.80148679018	
0.956163048744	-0.0769891515374	-0.282532930374	
-0.0892579853535	0.842284917831	-0.531591117382	
0.278899997473	0.533506095409	0.798489868641	
-0.95231205225	0.24398599565	-0.18322840333	
-0.272364407778	-0.95043027401	0.149999901652	
-0.137547940016	0.192751601338	0.971559226513	
-0.96023952961	0.223501905799	-0.167292967439	
-0.237688824534	-0.968817949295	0.0699703618884	
-0.146437913179	0.106951974332	0.98342114687	
-0.980674743652	0.143554151058	-0.132925778627	
-0.156829982996	-0.983004510403	0.0954279899597	
-0.116967558861	0.114430561662	0.986521303654	
-0.954500436783	0.222252652049	-0.198828116059	
-0.237725436687	-0.969637334347	0.0573589839041	
-0.180042982101	0.102015681565	0.978354394436	
-0.976684033871	0.20576608181	-0.0612256005406	
-0.213078349829	-0.963921844959	0.159537792206	
-0.0261892266572	0.168863877654	0.985291361809	
-0.988096177578	0.131096079946	-0.0804971083999	
-0.140234515071	-0.982702076435	0.12095849216	
-0.063247486949	0.130807086825	0.989388346672	
-0.949848413467	0.173010274768	-0.260490685701	
-0.210120633245	-0.970045745373	0.121904082596	
-0.231597214937	0.170524865389	0.957749426365	
-0.943739295006	0.181872293353	-0.276185721159	
-0.210963860154	-0.974271833897	0.0793011337519	
-0.254657298326	0.133104816079	0.957827091217	
0.192960783839	0.320257514715	0.927470326424	
-0.0973033756018	-0.934329748154	0.342870116234	
0.976369917393	-0.156406477094	-0.149126857519	
0.15281406045	0.313296198845	0.937279760838	
-0.0602543614805	-0.943700790405	0.325266361237	
0.986416399479	-0.106180466712	-0.125333294272	
0.142144501209	0.226927250624	0.963482737541	
-0.155323952436	-0.956194519997	0.24812592566	
0.97758346796	-0.184921681881	-0.100670553744	
0.192445397377	0.256436645985	0.947209060192	
-0.0608246475458	-0.960278689861	0.272332787514	
0.97942084074	-0.110022850335	-0.169203549623	
0.153132110834	0.319282948971	0.935205280781	
-0.102550975978	-0.936123013496	0.336388111115	
0.982870221138	-0.147418037057	-0.110607713461	
0.177808314562	0.312812954187	0.933023154736	
-0.132837131619	-0.931823730469	0.337725907564	
0.975058197975	-0.183990597725	-0.124132834375	
0.186846166849	0.25234541297	0.949426293373	
-0.0658519119024	-0.961055278778	0.268395841122	
0.980179607868	-0.112670272589	-0.162952065468	
0.151340559125	0.232290476561	0.960800290108	
-0.129725456238	-0.958921849728	0.252270042896	
0.979932308197	-0.162818953395	-0.11498978734	
-0.3938177526	0.842393815517	0.367804586887	
-0.239193856716	-0.480273634195	0.84387409687	
0.887521207333	0.244356006384	0.390635699034	
-0.349331557751	0.851716458797	0.390572041273	
-0.209243103862	-0.477216273546	0.853511571884	
0.913337171078	0.216434001923	0.344922482967	
-0.362557947636	0.850115120411	0.381910979748	
-0.203463703394	-0.472109168768	0.857738554478	
0.909480214119	0.233274921775	0.344134509563	
-0.328656077385	0.876630485058	0.351431667805	
-0.244305893779	-0.438347756863	0.864965796471	
0.912304699421	0.198419436812	0.358231633902	
-0.350040286779	0.865771174431	0.35764798522	
-0.247802436352	-0.453785359859	0.855963051319	
0.903363585472	0.210995510221	0.373383373022	
-0.367990881205	0.848836004734	0.379552572966	
-0.209264591336	-0.473328828812	0.855668246746	
0.905975222588	0.235451191664	0.351812005043	
-0.34803456068	0.858151435852	0.377422988415	
-0.290770947933	-0.481550484896	0.826777696609	
0.891248703003	0.178003564477	0.417121708393	
-0.336910307407	0.870614469051	0.35849955678	
-0.246625289321	-0.449068009853	0.858786284924	
0.908662438393	0.200918897986	0.366011172533	
0.603061199188	0.189698591828	-0.774810731411	
0.514111816883	-0.835101306438	0.19569081068	
-0.609923183918	-0.516352891922	-0.601143419743	
0.54879206419	0.220618844032	-0.806321620941	
0.599092841148	-0.776498019695	0.19529093802	
-0.583022296429	-0.590235650539	-0.558307111263	
0.635820388794	0.191610082984	-0.747675061226	
0.519530892372	-0.822637856007	0.230986192822	
-0.570806503296	-0.535306036472	-0.622597277164	
0.641256213188	0.188917532563	-0.743707358837	
0.486303120852	-0.849774777889	0.203450351954	
-0.593548476696	-0.492131024599	-0.636794567108	
0.621964812279	0.202405035496	-0.756433725357	
0.543638467789	-0.806878268719	0.231094628572	
-0.563575208187	-0.554959177971	-0.611885070801	
0.642918765545	0.209138959646	-0.736828565598	
0.546191692352	-0.799601912498	0.249622493982	
-0.536963760853	-0.562936663628	-0.628309011459	
0.610800087452	0.199292957783	-0.766293406487	
0.537774264812	-0.814748764038	0.216756269336	
-0.58113861084	-0.544487595558	-0.604823291302	
0.609165787697	0.172168716788	-0.774128496647	
0.547513365746	-0.797482192516	0.253478467464	
-0.573712646961	-0.578256130219	-0.580063521862	
-0.46753385663	0.769403576851	-0.435235798359	
0.133644491434	0.548225581646	0.825583338737	
0.873814165592	0.327821314335	-0.359140574932	
-0.442874163389	0.781375825405	-0.439675182104	
0.118645004928	0.537151753902	0.835099637508	
0.888698935509	0.317678779364	-0.330596983433	
-0.33026278019	0.824959099293	-0.458659976721	
0.0998466014862	0.513733327389	0.852120101452	
0.938593149185	0.235627919436	-0.252036362886	
-0.357681363821	0.794468164444	-0.490799725056	
0.120872072875	0.56053507328	0.819262087345	
0.925988137722	0.233710795641	-0.296521991491	
-0.361541390419	0.772519350052	-0.522016942501	
0.0283679850399	0.568745434284	0.822024285793	
0.931924402714	0.28238722682	-0.227539822459	
-0.314873486757	0.766253054142	-0.560099065304	
0.0371612980962	0.599616408348	0.799424290657	
0.948405861855	0.230903506279	-0.217278286815	
-0.3647826612	0.770065307617	-0.523386180401	
0.0807821825147	0.586175978184	0.806146383286	
0.927581727505	0.251787930727	-0.276034384966	
-0.330151408911	0.804554402828	-0.49365195632	
0.133445814252	0.557506561279	0.8193770051	
0.934447586536	0.204642683268	-0.291426002979	
0.680147111416	0.554791212082	-0.479172885418	
-0.275204271078	-0.412601739168	-0.868344664574	
-0.67945754528	0.72247248888	-0.127948969603	
0.741682648659	0.461585253477	-0.486668169498	
-0.29142037034	-0.431747913361	-0.85362046957	
-0.604136586189	0.774940490723	-0.185704603791	
0.713242411613	0.492962688208	-0.49827003479	
-0.349412590265	-0.36618694663	-0.862448811531	
-0.607615053654	0.789236903191	-0.0889326930046	
0.712136924267	0.446824550629	-0.541487574577	
