-0.512896716595	-0.0647244825959	0.856006860733	
-0.783215582371	0.443505704403	-0.435747683048	
-0.351440370083	-0.89393144846	-0.278165847063	
-0.507101178169	-0.0806754380465	0.858102500439	
-0.786702752113	0.450009912252	-0.422598898411	
-0.352061271667	-0.889371991158	-0.291668146849	
-0.52868103981	-0.0770683437586	0.845314621925	
-0.774407684803	0.451549351215	-0.443165779114	
-0.347547203302	-0.888911485672	-0.298407882452	
-0.516117751598	-0.0738332122564	0.85332942009	
-0.7771448493	0.459219783545	-0.43030577898	
-0.3600949049	-0.885249018669	-0.294390588999	
-0.507037341595	-0.0587824359536	0.859917283058	
-0.781561136246	0.452013790607	-0.429936915636	
-0.363421738148	-0.890071988106	-0.275129944086	
-0.507736742496	-0.0770689621568	0.858058154583	
-0.779557049274	0.46508038044	-0.41951289773	
-0.366734594107	-0.881907403469	-0.296218037605	
-0.51995831728	-0.0735440552235	0.851019740105	
-0.771522641182	0.468019634485	-0.430941313505	
-0.366600781679	-0.880652546883	-0.30009162426	
-0.507418453693	-0.0754416286945	0.858390986919	
-0.78035646677	0.462732106447	-0.420621871948	
-0.365472644567	-0.883282244205	-0.29367017746	
-0.16231200099	0.707059085369	-0.688274860382	
-0.859814345837	0.240879073739	0.450218290091	
0.484121948481	0.664864420891	0.568841993809	
-0.15669901669	0.708440899849	-0.688154757023	
-0.849289417267	0.259001791477	0.460027754307	
0.504135787487	0.656528413296	0.561086058617	
-0.143427073956	0.704342782497	-0.69521933794	
-0.8601821661	0.258666336536	0.439520567656	
0.489402979612	0.661054432392	0.568763375282	
-0.139776527882	0.709178268909	-0.691034495831	
-0.857049703598	0.262871533632	0.443130165339	
0.495911568403	0.654190123081	0.571057796478	
-0.151210457087	0.708565950394	-0.689252972603	
-0.860360741615	0.248998254538	0.444723814726	
0.486738920212	0.660253107548	0.571971178055	
-0.158108353615	0.710803806782	-0.685390174389	
-0.854379475117	0.249495133758	0.455837607384	
0.495012611151	0.657655060291	0.567848920822	
-0.150245457888	0.702184259892	-0.695962309837	
-0.858457803726	0.256511926651	0.444130420685	
0.490384042263	0.664182841778	0.564255833626	
-0.149082958698	0.706277906895	-0.692059099674	
-0.854993879795	0.259522110224	0.449036449194	
0.496749162674	0.658649981022	0.565172970295	
0.791917324066	0.246158823371	0.558813691139	
0.215139001608	0.743988394737	-0.632610857487	
-0.571473658085	0.621198117733	0.536218941212	
0.786893486977	0.278286874294	0.550776839256	
0.197839364409	0.731657624245	-0.652331769466	
-0.58451539278	0.622280955315	0.520680487156	
0.775985181332	0.253027230501	0.57777518034	
0.224647328258	0.745076537132	-0.628008365631	
-0.589389979839	0.617120862007	0.521326482296	
0.778289973736	0.252198040485	0.575031161308	
0.223480686545	0.744566679001	-0.629028499126	
-0.586788773537	0.618074953556	0.523127377033	
0.785043656826	0.26156437397	0.561507344246	
0.199927270412	0.750972509384	-0.629340410233	
-0.586289644241	0.606320381165	0.537252366543	
0.787374615669	0.264084488153	0.557046294212	
0.218960136175	0.724882006645	-0.653148114681	
-0.576279103756	0.636243224144	0.512929737568	
0.779076576233	0.266027331352	0.567687571049	
0.206539899111	0.746043384075	-0.633056521416	
-0.591929852962	0.610449671745	0.526279628277	
0.780378758907	0.254208415747	0.571303009987	
0.222468286753	0.740988790989	-0.633595645428	
-0.584394454956	0.621541380882	0.521698594093	
0.943072855473	0.0765334963799	-0.323660612106	
-0.187085434794	0.926672756672	-0.326001048088	
0.274977445602	0.36799493432	0.888238191605	
0.948534250259	0.0634538531303	-0.310252189636	
-0.169431805611	0.929386675358	-0.327922612429	
0.267536312342	0.363612413406	0.892306208611	
0.95064419508	0.0815560221672	-0.29937312007	
-0.178031846881	0.933586061001	-0.311001092196	
0.254126548767	0.348949342966	0.902027726173	
0.958071351051	0.0713483914733	-0.277504444122	
-0.166526481509	0.926791369915	-0.336640298367	
0.233169987798	0.368737250566	0.899813652039	
0.948877573013	0.0670685246587	-0.308436721563	
-0.174824714661	0.925263106823	-0.336637049913	
0.262807369232	0.373349696398	0.889686644077	
0.952405452728	0.0755333676934	-0.295327872038	
-0.176890924573	0.92595821619	-0.333633035421	
0.248260840774	0.36999475956	0.895248830318	
0.949864447117	0.0815985053778	-0.301826417446	
-0.183577418327	0.926979899406	-0.327120095491	
0.253094524145	0.366128265858	0.895484924316	
0.951780974865	0.0783909186721	-0.296593815088	
-0.182072237134	0.922459721565	-0.34046703577	
0.24690631032	0.378051549196	0.892252385616	
-0.611439943314	0.37007600069	-0.69941753149	
0.728290617466	-0.0824239253998	-0.680293381214	
-0.309408992529	-0.925337791443	-0.21912561357	
-0.617193579674	0.363630235195	-0.697742879391	
0.73215085268	-0.059337079525	-0.678553044796	
-0.288144439459	-0.929651618004	-0.229609727859	
-0.585846543312	0.365610450506	-0.72326540947	
0.753714740276	-0.0821655765176	-0.652045190334	
-0.297822058201	-0.927134215832	-0.227429553866	
-0.588231623173	0.373933881521	-0.717047452927	
0.757276177406	-0.0564155913889	-0.650653600693	
-0.283754080534	-0.925737917423	-0.249985784292	
-0.614599645138	0.348983496428	-0.707444548607	
0.733025968075	-0.078676879406	-0.675635159016	
-0.291445076466	-0.933820366859	-0.207459196448	
-0.626158177853	0.360935360193	-0.691123425961	
0.723062038422	-0.0628506392241	-0.687917947769	
-0.291731476784	-0.930470585823	-0.221624225378	
-0.60844630003	0.356127560139	-0.709201157093	
0.734724640846	-0.0849878713489	-0.673020601273	
-0.299954682589	-0.930564463139	-0.209945127368	
-0.605650246143	0.376266747713	-0.701149821281	
0.739179432392	-0.0602108240128	-0.670811772346	
-0.294620960951	-0.924552857876	-0.241661950946	
0.584919214249	0.540839314461	-0.604452073574	
-0.69697201252	0.716314435005	-0.0335201174021	
0.414848744869	0.440892755985	0.795935988426	
0.589754521847	0.533138334751	-0.606591403484	
-0.690835535526	0.722062885761	-0.0370331332088	
0.418253362179	0.440895348787	0.794150710106	
0.573132514954	0.543497025967	-0.613294482231	
-0.696937143803	0.716955065727	-0.0159375332296	
0.431042611599	0.436562031507	0.789693534374	
0.589627802372	0.538886964321	-0.601614356041	
-0.693395495415	0.719711005688	-0.0349100455642	
0.414175927639	0.437740623951	0.798023462296	
0.59212487936	0.532404243946	-0.604924678802	
-0.682790517807	0.730161488056	-0.0257158931345	
0.428001433611	0.42826384306	0.79586738348	
0.584962725639	0.539887666702	-0.605260252953	
-0.693587779999	0.719817757607	-0.0282560382038	
0.420421987772	0.436329841614	0.795526027679	
0.591283798218	0.529359996319	-0.608408987522	
-0.68221116066	0.730645596981	-0.0272938925773	
0.430083036423	0.431201815605	0.79315418005	
0.580247223377	0.525681138039	-0.622071146965	
-0.698579192162	0.713898539543	-0.0483315065503	
0.418688714504	0.462610185146	0.781467556953	
0.230619937181	-0.809139311314	0.540470182896	
-0.948437154293	-0.0628006160259	0.31068149209	
-0.217442750931	-0.584251344204	-0.781900882721	
0.225220933557	-0.813965320587	0.535477280617	
-0.948577225208	-0.0577144138515	0.311239928007	
-0.222433745861	-0.578039348125	-0.785107493401	
0.218491837382	-0.811769425869	0.541564166546	
-0.953431069851	-0.0593362152576	0.29571673274	
-0.207919433713	-0.580955803394	-0.786930680275	
0.217882812023	-0.817179322243	0.533615112305	
-0.951793789864	-0.0569592416286	0.30140376091	
-0.215906605124	-0.573562204838	-0.790196657181	
0.242231398821	-0.811905324459	0.531162559986	
-0.945667803288	-0.0751980245113	0.316318899393	
-0.216878637671	-0.578925728798	-0.786008059978	
0.235274553299	-0.81667047739	0.526967942715	
-0.944745898247	-0.0648298636079	0.321328908205	
-0.228256583214	-0.573451280594	-0.786798894405	
0.237666711211	-0.797821581364	0.554071545601	
-0.948063254356	-0.0663859173656	0.311077088118	
-0.211401462555	-0.599227547646	-0.772163033485	
0.226233810186	-0.818501532078	0.528084695339	
-0.949757456779	-0.064978338778	0.306167513132	
-0.216284528375	-0.570817828178	-0.792078256607	
0.947562217712	-0.115823484957	0.297843545675	
-0.200618818402	-0.941067397594	0.272294312716	
0.248752787709	-0.31776881218	-0.914956271648	
0.945790052414	-0.127623066306	0.298652946949	
-0.2101893574	-0.941540241241	0.26329138875	
0.247591719031	-0.311792045832	-0.91732442379	
0.947396039963	-0.110352084041	0.300438344479	
-0.193294450641	-0.945437848568	0.262267947197	
0.255103975534	-0.306544691324	-0.917034506798	
0.94856262207	-0.10881370306	0.29730206728	
-0.194812625647	-0.940852880478	0.277207255363	
0.249553561211	-0.320866644382	-0.913656175137	
0.950916409492	-0.107361324131	0.290226757526	
-0.190232008696	-0.942547917366	0.274618178606	
0.244069263339	-0.316349357367	-0.916707873344	
0.944849491119	-0.129404753447	0.30085515976	
-0.211775138974	-0.942139804363	0.259853482246	
0.24982136488	-0.309236079454	-0.917585074902	
0.947246789932	-0.106545992196	0.302277207375	
-0.190556928515	-0.945549666882	0.263863444328	
0.257704496384	-0.307544827461	-0.915971934795	
0.943555355072	-0.12923052907	0.304963469505	
-0.213667154312	-0.941029310226	0.26231688261	
0.25308021903	-0.31267118454	-0.915525615215	
-0.995587587357	-0.0883983001113	-0.0314816571772	
0.0740138590336	-0.533525466919	-0.84253937006	
0.0576827824116	-0.84115177393	0.537714004517	
-0.995198190212	-0.0890138596296	-0.0407079905272	
0.0832125321031	-0.550429344177	-0.830724537373	
0.0515391230583	-0.830122947693	0.555193305016	
-0.994577229023	-0.102384872735	-0.0182622428983	
0.0717735365033	-0.548639416695	-0.832972586155	
0.0752644091845	-0.829766333103	0.553012788296	
-0.994537353516	-0.101675011218	-0.0236141961068	
0.0740921795368	-0.528290748596	-0.845824599266	
0.0735240653157	-0.842953801155	0.532938241959	
-0.995792210102	-0.0869943127036	-0.0288074817508	
0.0712637379766	-0.537485837936	-0.840256214142	
0.0576138980687	-0.838773488998	0.541423738003	
-0.995570838451	-0.0915945842862	-0.0211928747594	
0.068156182766	-0.547897517681	-0.833764374256	
0.0647567808628	-0.831515967846	0.551713526249	
-0.996643126011	-0.0775632485747	-0.0261986125261	
0.0642602592707	-0.542874276638	-0.837351858616	
0.0507251806557	-0.836224555969	0.546036124229	
-0.994997382164	-0.0971066430211	-0.0234623458236	
0.0705750212073	-0.517033576965	-0.853050708771	
0.0707060694695	-0.850439071655	0.521300375462	
-0.98821079731	0.0700735226274	0.136121854186	
0.075263440609	0.996605634689	0.0333559736609	
-0.133322432637	0.0432077310979	-0.9901304245	
-0.98938792944	0.0538798496127	0.134938955307	
0.0614734329283	0.996713757515	0.0527518801391	
-0.131653249264	0.0604872368276	-0.989448666573	
-0.984911262989	0.05522916466	0.164010852575	
0.0679408982396	0.995020091534	0.0729319304228	
-0.159166127443	0.0829745233059	-0.983758807182	
-0.985669493675	0.0470169074833	0.162003442645	
0.0588239133358	0.99588984251	0.0688705891371	
-0.158099502325	0.0774133130908	-0.984383940697	
-0.984423577785	0.0681887492537	0.162050932646	
0.0744367241859	0.996686339378	0.032795086503	
-0.159277707338	0.0443467982113	-0.986237287521	
-0.983438074589	0.0617120042443	0.170414745808	
0.0702557787299	0.996533155441	0.0445627272129	
-0.167073890567	0.0557973049581	-0.984364271164	
-0.98564183712	0.0529140159488	0.160344228148	
0.0685483440757	0.993247747421	0.0935948118567	
-0.15430906415	0.103242293	-0.982613742352	
-0.987824320793	0.0638742595911	0.141856312752	
0.0722256675363	0.995897054672	0.0545205548406	
-0.137791827321	0.064102396369	-0.988384664059	
-0.881775915623	-0.471015274525	-0.0248153991997	
-0.221639081836	0.367334991693	0.903294622898	
-0.416349977255	0.802003502846	-0.428302556276	
-0.884676933289	-0.464331269264	-0.04175119102	
-0.23863337934	0.374080687761	0.896168351173	
-0.400500684977	0.802782714367	-0.441745489836	
-0.879150927067	-0.474466532469	-0.0444431751966	
-0.240825608373	0.361874371767	0.900583148003	
-0.411213696003	0.802451491356	-0.432405889034	
-0.88595277071	-0.462622135878	-0.032687176019	
-0.225290298462	0.367697000504	0.902243435383	
-0.405378818512	0.806709170341	-0.429986447096	
-0.89543145895	-0.443978697062	-0.0329449996352	
-0.222354412079	0.381886392832	0.897062599659	
-0.385695427656	0.810583531857	-0.440673738718	
-0.888074457645	-0.459484815598	-0.0140507575125	
-0.221774488688	0.401463776827	0.888618528843	
-0.4026658535	0.792275547981	-0.458431750536	
-0.895254313946	-0.444657504559	-0.028274834156	
-0.208141356707	0.361265569925	0.908935844898	
-0.393950402737	0.819613873959	-0.415976166725	
-0.894203782082	-0.446145474911	-0.0367944426835	
-0.220896437764	0.368259638548	0.903100013733	
-0.38936406374	0.815683186054	-0.427851110697	
0.885580539703	-0.457568973303	0.079861022532	
0.0136202657595	0.197441741824	0.980220019817	
-0.464286148548	-0.86697602272	0.181082770228	
0.888336420059	-0.45444715023	0.0658496320248	
0.0238544698805	0.188880175352	0.981710374355	
-0.458573162556	-0.870518267155	0.178629741073	
0.888166248798	-0.456286162138	0.0544398650527	
0.041765846312	0.198136866093	0.979284107685	
-0.457620352507	-0.867493331432	0.195035651326	
0.88824737072	-0.455458343029	0.0597850903869	
0.0363237410784	0.199379265308	0.979248940945	
-0.457927018404	-0.867643713951	0.193642064929	
0.894068658352	-0.443531900644	0.0626153871417	
0.0355787873268	0.209664717317	0.977125823498	
-0.446514695883	-0.871389806271	0.203234985471	
0.896006762981	-0.441474854946	0.0476633608341	
0.033700671047	0.174640566111	0.98405534029	
-0.442759633064	-0.880114018917	0.171357125044	
0.888438403606	-0.455498635769	0.0565521866083	
0.0360746905208	0.192121997476	0.980707764626	
-0.457575976849	-0.869258344173	0.18712054193	
0.899279117584	-0.43343308568	0.0585902296007	
0.0351650081575	0.205175533891	0.978093266487	
-0.435959249735	-0.87751853466	0.199751749635	
0.201519265771	-0.368595182896	-0.907484233379	
0.68027484417	0.719252109528	-0.141076147556	
0.704709947109	-0.58890914917	0.395689189434	
0.202323257923	-0.376796782017	-0.903930008411	
0.675226449966	0.722214758396	-0.149916693568	
0.709319770336	-0.580025851727	0.400544017553	
0.197797134519	-0.375255644321	-0.905571341515	
0.683011591434	0.715406835079	-0.147269159555	
0.703115522861	-0.589386343956	0.397809386253	
0.200455158949	-0.358108192682	-0.91190803051	
0.669864058495	0.729326367378	-0.139158800244	
0.714912474155	-0.582959353924	0.386081039906	
0.201337277889	-0.356809824705	-0.91222256422	
0.674907445908	0.72548365593	-0.134808853269	
0.709903717041	-0.588523745537	0.386880517006	
0.199237748981	-0.355260044336	-0.913287818432	
0.688897967339	0.713593423367	-0.127294749022	
0.696938931942	-0.603800237179	0.386912673712	
0.202422440052	-0.379507541656	-0.902773022652	
0.66764819622	0.727887511253	-0.156287148595	
0.71642935276	-0.571098744869	0.400718301535	
0.197178855538	-0.358172237873	-0.912596940994	
0.674284517765	0.725278437138	-0.13896599412	
0.71166062355	-0.587948858738	0.384519577026	
-0.452217638493	0.86187595129	0.229497298598	
0.797576487064	0.275602459908	0.536577165127	
0.399212926626	0.425691276789	-0.812044322491	
-0.454224675894	0.855624437332	0.248166769743	
0.79228168726	0.26057767868	0.551714658737	
0.407393813133	0.447220385075	-0.796256363392	
-0.455294698477	0.852237761021	0.257677227259	
0.79978120327	0.26431068778	0.53897112608	
0.391224712133	0.451476126909	-0.801943004131	
-0.454120486975	0.856663644314	0.244748860598	
0.795143783092	0.265780538321	0.545075297356	
0.401896715164	0.44214040041	-0.801867127419	
-0.427472800016	0.871282637119	0.241109013557	
0.802773654461	0.243200093508	0.544433772564	
0.415717989206	0.426286607981	-0.803404211998	
-0.448664397001	0.854753017426	0.260955154896	
0.795252501965	0.248614296317	0.552959680557	
0.407766729593	0.455618560314	-0.791288852692	
-0.444259226322	0.862036466599	0.243981271982	
0.801039993763	0.260249406099	0.539078056812	
0.40120896697	0.434929162264	-0.80614387989	
-0.459266632795	0.860913217068	0.218866482377	
0.786740779877	0.279818415642	0.550218641758	
0.412447661161	0.424888253212	-0.805826842785	
-0.834896981716	-0.50404882431	0.221092313528	
0.531799793243	-0.842292428017	0.0879339426756	
0.141901388764	0.190992638469	0.971280515194	
-0.832426309586	-0.498156279325	0.242707073689	
0.531685709953	-0.841422379017	0.096533305943	
0.156130492687	0.209400743246	0.965284705162	
-0.839578509331	-0.499700397253	0.213090255857	
0.527313351631	-0.843932151794	0.0985859557986	
0.130570277572	0.195135980844	0.972045958042	
-0.83970952034	-0.496996164322	0.218821257353	
0.529288291931	-0.839157938957	0.125171303749	
0.121415942907	0.22092705965	0.967703163624	
-0.830522656441	-0.515524029732	0.210872367024	
0.539168179035	-0.839102089405	0.072148360312	
0.139749228954	0.17361651361	0.974847376347	
-0.842128992081	-0.483980983496	0.2378680408	
0.518988788128	-0.847194433212	0.113632291555	
0.146524608135	0.219143882394	0.964627623558	
-0.834300816059	-0.510189533234	0.2089227736	
0.540002048016	-0.832595765591	0.123215533793	
0.111084938049	0.2156175524	0.970138728619	
-0.852342247963	-0.482170283794	0.202544987202	
0.509612083435	-0.85275053978	0.114507772028	
0.117508098483	0.200819194317	0.972555160522	
-0.0236221756786	0.506054699421	0.862177848816	
0.583108246326	0.707497656345	-0.399289131165	
-0.812050938606	0.493310958147	-0.311797320843	
0.00180768524297	0.505220115185	0.862988650799	
0.584060549736	0.69996368885	-0.411003738642	
-0.81170809269	0.504780590534	-0.293813824654	
-0.0107167726383	0.518618404865	0.854938626289	
0.591649353504	0.692554593086	-0.412697434425	
-0.806124150753	0.501401126385	-0.314262211323	
0.000696004135534	0.517234861851	0.855843245983	
0.58805513382	0.692012250423	-0.418700665236	
-0.808820545673	0.503574430943	-0.303680956364	
0.00233366549946	0.500252366066	0.865876495838	
0.583572149277	0.702464461327	-0.407415300608	
-0.81205791235	0.506252229214	-0.290294021368	
0.000158396505867	0.492274731398	0.870439887047	
0.588630259037	0.703619778156	-0.398037195206	
-0.808402359486	0.512430310249	-0.289656341076	
-0.0202788989991	0.518374919891	0.854912996292	
0.585723400116	0.699144124985	-0.410031139851	
-0.810257256031	0.492427587509	-0.317802190781	
-0.00756742758676	0.496757417917	0.867856442928	
0.57962846756	0.709388673306	-0.400996953249	
-0.814845740795	0.499999791384	-0.293303012848	
0.739298403263	0.664499700069	0.108986102045	
-0.671712398529	0.716370224953	0.188722506166	
0.0473316535354	-0.212729558349	0.975964069366	
0.736979007721	0.663707613945	0.127883523703	
-0.675186038017	0.714098334312	0.184898227453	
0.0313969478011	-0.222611278296	0.974401593208	
0.735321044922	0.669270038605	0.106679536402	
-0.675532519817	0.711177706718	0.194633081555	
0.0543939881027	-0.21518330276	0.975057661533	
0.724922597408	0.68000715971	0.109897591174	
-0.686336517334	0.699482798576	0.199163243175	
0.0585609525442	-0.219804659486	0.97378462553	
0.74195098877	0.65831798315	0.126988902688	
-0.669622421265	0.718185424805	0.189249977469	
0.0333850756288	-0.225448831916	0.973682820797	
0.723743617535	0.677108407021	0.133114218712	
-0.689498305321	0.701720058918	0.179390743375	
0.0280580613762	-0.221614927053	0.974730491638	
0.731255948544	0.670538961887	0.125068962574	
-0.680443584919	0.704326450825	0.202289044857	
0.0475533157587	-0.23302744329	0.971306800842	
0.715173959732	0.689002037048	0.117483556271	
-0.697963535786	0.695095777512	0.172304332256	
0.0370557121933	-0.205226808786	0.978012681007	
-0.22021009028	-0.957201719284	-0.187809377909	
-0.919047355652	0.26811721921	-0.288903385401	
0.326893746853	0.108986273408	-0.938755810261	
-0.204617619514	-0.959918916225	-0.191539272666	
-0.92338514328	0.254222720861	-0.287629425526	
0.324794560671	0.118010468781	-0.938393294811	
-0.213153421879	-0.963594675064	-0.161402970552	
-0.92605727911	0.251916199923	-0.280991375446	
0.311421841383	0.0895741134882	-0.946040630341	
-0.198135152459	-0.967376351357	-0.157878026366	
-0.922045886517	0.238594964147	-0.30480119586	
0.332526385784	0.0851789563894	-0.939239442348	
-0.194967880845	-0.963041603565	-0.185845077038	
-0.924469590187	0.243734389544	-0.293171495199	
0.327633202076	0.114649094641	-0.937823057175	
-0.205446481705	-0.95855474472	-0.197394445539	
-0.921894550323	0.257249355316	-0.289712280035	
0.328484654427	0.122456498444	-0.936537384987	
-0.19566527009	-0.969395875931	-0.148279383779	
-0.924246191978	0.23283547163	-0.302583277225	
0.327847659588	0.077841617167	-0.941518247128	
-0.208548471332	-0.964796245098	-0.160236537457	
-0.9215747118	0.248709648848	-0.298066437244	
0.32742574811	0.0855086371303	-0.940999805927	
0.105864398181	0.857760071754	0.50303119421	
0.926939964294	-0.268252134323	0.26234164834	
0.359965384007	0.438507080078	-0.823490440845	
0.105844818056	0.869005680084	0.483348757029	
0.920333087444	-0.269674301147	0.283306866884	
0.376542001963	0.414855271578	-0.828318297863	
0.0905563607812	0.873142242432	0.478980392218	
0.926538109779	-0.250206381083	0.280933916569	
0.365139186382	0.418353229761	-0.831657350063	
0.0989750474691	0.867955803871	0.486679166555	
0.92053604126	-0.2656031847	0.286475688219	
0.377911776304	0.419651776552	-0.825272738934	
0.110462546349	0.859739542007	0.498644053936	
0.923276245594	-0.274488896132	0.268731802702	
0.367911607027	0.430701434612	-0.82409787178	
0.0951492935419	0.876679241657	0.471571981907	
0.919528007507	-0.258872449398	0.295725077391	
0.381333053112	0.405485600233	-0.830762624741	
0.114459939301	0.870389223099	0.478875309229	
0.926233291626	-0.267773270607	0.265309900045	
0.359152883291	0.413182914257	-0.836832761765	
0.105983749032	0.874624013901	0.47307536006	
0.92602878809	-0.260141253471	0.273490846157	
0.362268090248	0.409095823765	-0.837497711182	
0.926941215992	-0.046155616641	-0.372356921434	
-0.00449657766148	-0.99370020628	0.111980684102	
-0.375179678202	-0.102125175297	-0.921309232712	
0.927083432674	-0.040684979409	-0.372640579939	
0.00751893268898	-0.991874337196	0.126999214292	
-0.374779582024	-0.120540730655	-0.919244349003	
0.926331937313	-0.0483929403126	-0.373587071896	
-0.00206044036895	-0.992350399494	0.123436026275	
-0.376702696085	-0.113572977483	-0.91934555769	
0.924196183681	-0.0490797944367	-0.378751367331	
-0.000366190331988	-0.991821825504	0.127629846334	
-0.381917893887	-0.117816321552	-0.916655898094	
0.93088722229	-0.0363222248852	-0.363496422768	
0.0097378641367	-0.992223739624	0.124085471034	
-0.365176856518	-0.119049265981	-0.923294723034	
0.930293381214	-0.0532685033977	-0.362927913666	
-0.0150995878503	-0.994122087955	0.107206821442	
-0.366505414248	-0.0942537337542	-0.925629556179	
0.921168625355	-0.0408623106778	-0.387012481689	
0.010801948607	-0.991404294968	0.130387231708	
-0.389013767242	-0.124289117754	-0.91280913353	
0.925137639046	-0.0484035089612	-0.376533478498	
0.000220739631914	-0.99176967144	0.128034695983	
-0.379631817341	-0.118532821536	-0.917512774467	
0.809105634689	-0.572516620159	0.132562249899	
0.153554558754	-0.0117707038298	-0.988070070744	
0.56724691391	0.819808602333	0.0783887952566	
0.81496822834	-0.567438006401	0.11764741689	
0.132772982121	-0.0147806312889	-0.991036236286	
0.564090549946	0.823283433914	0.0632946938276	
0.808927297592	-0.574122488499	0.126570299268	
0.135033354163	-0.0280924048275	-0.990442752838	
0.572191119194	0.818287372589	0.0548009686172	
0.809150218964	-0.575306236744	0.119577161968	
0.134084746242	-0.0173550881445	-0.990817904472	
0.572098970413	0.817753970623	0.0630969181657	
0.816996335983	-0.56145966053	0.131453469396	
0.151466265321	-0.0110094789416	-0.988401114941	
0.556394577026	0.827430844307	0.0760474950075	
0.829520821571	-0.549669265747	0.0987870916724	
0.129264518619	0.0168893262744	-0.991466283798	
0.543310105801	0.835211634636	0.0850627794862	
0.807915151119	-0.575020968914	0.128934070468	
0.138363316655	-0.0275791566819	-0.989997446537	
0.57282525301	0.817673683167	0.0572801940143	
0.835375070572	-0.538169801235	0.111900769174	
0.128512963653	-0.00671498151496	-0.991685092449	
0.534446358681	0.842809677124	0.0635522678494	
0.207675904036	0.977067887783	-0.0470002293587	
-0.672257125378	0.107655115426	-0.732448458672	
-0.710592091084	0.183708131313	0.679198205471	
0.195760115981	0.979303061962	-0.0514152310789	
-0.682030379772	0.0982885882258	-0.724688827991	
-0.704636454582	0.176931917667	0.687155425549	
0.221932053566	0.974018216133	-0.0451070778072	
-0.660616517067	0.116175405681	-0.741679906845	
-0.71716940403	0.194401025772	0.66923558712	
0.211525127292	0.975906908512	-0.0535056367517	
-0.677728891373	0.107010446489	-0.727483510971	
-0.704230546951	0.190143361688	0.684035718441	
0.187909185886	0.981796562672	-0.027670012787	
-0.666614353657	0.106794469059	-0.737712800503	
-0.721328914165	0.157068237662	0.674547374249	
0.193056285381	0.978441298008	-0.0733612701297	
-0.665035784245	0.0755109935999	-0.742984175682	
-0.721426844597	0.192225635052	0.665276348591	
0.177263051271	0.983158588409	-0.0444631911814	
-0.663466572762	0.0860095396638	-0.743245899677	
-0.726904332638	0.161249876022	0.667539179325	
0.224750950933	0.973466515541	-0.0430106669664	
-0.670592963696	0.122498333454	-0.731641471386	
-0.706959724426	0.193279758096	0.680331468582	
-0.49635797739	-0.84570389986	0.195994079113	
0.359193980694	0.00546534638852	0.933246910572	
-0.790321707726	0.533624470234	0.301058977842	
-0.487682193518	-0.849608957767	0.200825184584	
0.342309981585	0.0255230944604	0.939240336418	
-0.80311268568	0.526795268059	0.278382450342	
-0.496827721596	-0.845749139786	0.194603577256	
0.374171614647	-0.00642707617953	0.927337229252	
-0.783043920994	0.533541977406	0.319648474455	
-0.495662868023	-0.842176437378	0.21226669848	
0.370928823948	0.0157211404294	0.928528189659	
-0.785321652889	0.53897279501	0.304595142603	
-0.500961124897	-0.837120115757	0.219699531794	
0.350118637085	0.0361295379698	0.93600833416	
-0.791489005089	0.545824706554	0.274991869926	
-0.496571958065	-0.840987741947	0.21483938396	
0.358509391546	0.0266953315586	0.933144330978	
-0.790498137474	0.540395259857	0.288245856762	
-0.516732275486	-0.833740651608	0.194587394595	
0.373373001814	-0.0149232950062	0.927561283112	
-0.770441651344	0.551954507828	0.319007605314	
-0.495305985212	-0.838545203209	0.226966753602	
0.371646285057	0.0316134467721	0.927836000919	
-0.785207629204	0.543914079666	0.295983880758	
-0.295317530632	-0.173604309559	0.939494073391	
0.874380946159	-0.445403039455	0.192546322942	
0.385026633739	0.878338038921	0.283331632614	
-0.302423477173	-0.189128145576	0.934221923351	
0.866262733936	-0.463430017233	0.186605066061	
0.397654205561	0.865715384483	0.303986787796	
-0.273981362581	-0.169940888882	0.946601450443	
0.872001588345	-0.45904302597	0.169978603721	
0.405644476414	0.872008919716	0.273957967758	
-0.283605843782	-0.179567858577	0.941978275776	
0.867152035236	-0.467409491539	0.171975985169	
0.40940824151	0.865611791611	0.288272678852	
-0.277156442404	-0.166914746165	0.946215510368	
0.870798051357	-0.45983967185	0.173949018121	
0.406072765589	0.872173666954	0.272796541452	
-0.282583117485	-0.170438557863	0.943979620934	
0.871226787567	-0.457384705544	0.178222075105	
0.401385903358	0.872782886028	0.277739822865	
-0.276630103588	-0.156394794583	0.948164761066	
0.87207120657	-0.455340385437	0.179323554039	
0.4036924541	0.876473486423	0.262348264456	
-0.284924119711	-0.176892980933	0.942086577415	
0.872433245182	-0.45500010252	0.178424105048	
0.3970875144	0.872744977474	0.28396782279	
0.166516080499	0.642618834972	-0.747872591019	
0.757161676884	-0.569195449352	-0.320503920317	
-0.631647527218	-0.512891411781	-0.581346511841	
0.172393351793	0.648657500744	-0.741298854351	
0.754184126854	-0.571015417576	-0.324264764786	
-0.633629858494	-0.503174781799	-0.587646484375	
0.154177770019	0.632414996624	-0.75913143158	
0.748303055763	-0.576450407505	-0.32824909687	
-0.645191252232	-0.517451643944	-0.562113881111	
0.169051989913	0.634683966637	-0.754054129124	
0.74701833725	-0.581591367722	-0.322048217058	
-0.642950236797	-0.508849382401	-0.572439789772	
0.146773546934	0.627996385098	-0.76424998045	
0.76219445467	-0.564261198044	-0.317283630371	
-0.630489587784	-0.535938262939	-0.561474025249	
0.168483406305	0.638450860977	-0.750995218754	
0.761908948421	-0.567735552788	-0.311722695827	
-0.625386357307	-0.519669890404	-0.582095444202	
0.143310829997	0.622794151306	-0.769148528576	
0.758657336235	-0.568200826645	-0.318726927042	
-0.635532081127	-0.537843167782	-0.553916692734	
0.158759608865	0.630435228348	-0.759833395481	
0.74245172739	-0.583529233932	-0.329027473927	
-0.650815546513	-0.511903345585	-0.560708582401	
-0.21130412817	-0.916470825672	-0.339752495289	
0.446608632803	-0.399722605944	0.800476431847	
-0.869420111179	0.0174075774848	0.49376681447	
-0.201464816928	-0.914293766022	-0.351395487785	
0.463901251554	-0.405029028654	0.787875056267	
-0.86267465353	-0.00428370619193	0.505741119385	
-0.207664117217	-0.912356972694	-0.352817714214	
0.422586292028	-0.408960700035	0.808808982372	
-0.882211089134	0.0188646744937	0.470476031303	
-0.19933027029	-0.914087176323	-0.353145986795	
0.432417064905	-0.405442148447	0.805377006531	
-0.879365086555	0.00782968010753	0.476083785295	
-0.194008871913	-0.92174333334	-0.335782289505	
0.444746345282	-0.387731701136	0.80738145113	
-0.874391913414	0.00730121368542	0.48516535759	
-0.195467203856	-0.915560662746	-0.351484358311	
0.446585685015	-0.40217924118	0.799257814884	
-0.873128771782	-0.000739190727472	0.487489134073	
-0.197914481163	-0.915382266045	-0.350578308105	
0.415983915329	-0.402284383774	0.815551757813	
-0.887573778629	0.0155745632946	0.460402220488	
-0.210980370641	-0.911901295185	-0.352027386427	
0.422397583723	-0.409826129675	0.808469474316	
-0.881514370441	0.0218756776303	0.471650153399	
0.93551248312	0.0330200530589	-0.35174715519	
0.169327110052	0.831912875175	0.528440475464	
0.310072124004	-0.553922951221	0.772673666477	
0.937197864056	-0.00490775983781	-0.3487637043	
0.199267297983	0.828195929527	0.523816823959	
0.286273926497	-0.560417175293	0.777161419392	
0.947491526604	0.0111632542685	-0.319586038589	
0.167371541262	0.834259390831	0.525355160236	
0.272482305765	-0.551259160042	0.788585305214	
0.945715129375	-0.00645702052861	-0.324932545424	
0.185276642442	0.832133233547	0.522711038589	
0.267012029886	-0.55453813076	0.788157343864	
0.942848801613	0.0137975243852	-0.332935094833	
0.172627657652	0.83438706398	0.523448109627	
0.285019040108	-0.551006197929	0.784318983555	
0.939198493958	-0.00331522431225	-0.343358755112	
0.191522553563	0.835017681122	0.515814483166	
0.28500059247	-0.550213098526	0.784882247448	
0.948100686073	-0.0122965928167	-0.317732334137	
0.185443237424	0.833097577095	0.521113455296	
0.258294135332	-0.55298936367	0.792140722275	
0.945036411285	-0.010419680737	-0.326799064875	
0.189259678125	0.832461178303	0.520758211613	
0.266621410847	-0.553985357285	0.78867816925	
-0.0684851482511	-0.0384551472962	0.996910750866	
-0.835703492165	0.54798167944	-0.0362726189196	
-0.544893920422	-0.835605919361	-0.0696657076478	
-0.0926744490862	-0.0330207496881	0.995148777962	
-0.865215718746	0.497289061546	-0.0640733614564	
-0.492760837078	-0.866956293583	-0.0746560618281	
-0.0795710906386	-0.0256845206022	0.996498227119	
-0.840538740158	0.539130926132	-0.0532216317952	
-0.53587603569	-0.841830253601	-0.064488068223	
-0.0685074776411	-0.0182512328029	0.997483670712	
-0.860040485859	0.507791996002	-0.0497766286135	
-0.505605697632	-0.861286342144	-0.0504843443632	
-0.0586928538978	-0.0218842867762	0.998036205769	
-0.841360211372	0.539161384106	-0.0376566201448	
-0.537278473377	-0.841918110847	-0.0500574856997	
-0.0604553818703	-0.00542459730059	0.998156189919	
-0.85933470726	0.509033620358	-0.0492809712887	
-0.507827758789	-0.860729515553	-0.0354353673756	
-0.0811642035842	-0.0238999687135	0.996414124966	
-0.844113826752	0.533234834671	-0.0559682287276	
-0.529985070229	-0.845629632473	-0.0634538754821	
-0.0890082940459	-0.0238644778728	0.995744943619	
-0.849591970444	0.523616850376	-0.0633946359158	
-0.519875943661	-0.851619541645	-0.06688131392	
0.929826080799	-0.0841583907604	-0.358246803284	
-0.115112937987	0.858128786087	-0.500363886356	
0.349531710148	0.50649023056	0.788222849369	
0.928868591785	-0.117044746876	-0.35143083334	
-0.0923287272453	0.845655918121	-0.525681912899	
0.358717858791	0.520736634731	0.774696648121	
0.913207292557	-0.0917542874813	-0.397031009197	
-0.128473803401	0.859801411629	-0.494202375412	
0.386713027954	0.50231730938	0.773388922215	
0.918035805225	-0.0888914987445	-0.386404722929	
-0.124471187592	0.86066788435	-0.493718266487	
0.376453489065	0.501347303391	0.7790594697	
0.914702415466	-0.107077397406	-0.389684379101	
-0.11849488318	0.85081589222	-0.511928975582	
0.386365681887	0.514438271523	0.765555262566	
0.918004870415	-0.121786184609	-0.377405822277	
-0.101540952921	0.847767293453	-0.520557463169	
0.38334903121	0.516196489334	0.765888214111	
0.924376487732	-0.103085778654	-0.367289334536	
-0.102205567062	0.860676169395	-0.498789042234	
0.3675352633	0.498607873917	0.785052895546	
0.930996716022	-0.114985413849	-0.346444070339	
-0.0870658233762	0.851747512817	-0.51666790247	
0.354492127895	0.511179566383	0.782962799072	
-0.957057833672	0.262962609529	-0.122028551996	
-0.273964852095	-0.958051323891	0.0841485857964	
-0.0947816818953	0.113966591656	0.988952994347	
-0.958642542362	0.255432009697	-0.125534743071	
-0.264129519463	-0.962736368179	0.0580883398652	
-0.106019251049	0.088843382895	0.990387201309	
-0.965323984623	0.241042420268	-0.100240342319	
-0.247906237841	-0.966755747795	0.0626564249396	
-0.0818050727248	0.0853339508176	0.992988467216	
-0.957465350628	0.259227305651	-0.126733332872	
-0.268298536539	-0.961440324783	0.0604022778571	
-0.106188610196	0.0918354541063	0.990096092224	
-0.962510228157	0.2529912889	-0.0978238731623	
-0.261890739202	-0.960672020912	0.0923175141215	
-0.0706211328506	0.114475719631	0.990912675858	
-0.964739143848	0.237277463078	-0.113920107484	
-0.246765866876	-0.965943515301	0.0778445824981	
-0.0915696173906	0.103211306036	0.990435481071	
-0.958411872387	0.249551668763	-0.138458222151	
-0.262030422688	-0.961700439453	0.0804510191083	
-0.113078646362	0.113385476172	0.987095236778	
-0.95768737793	0.250139862299	-0.142355084419	
-0.26145991683	-0.962884545326	0.0670228898525	
-0.120306417346	0.101407125592	0.987543880939	
0.216902986169	0.252419143915	0.942993998528	
-0.143753200769	-0.947200775146	0.286610633135	
0.965550661087	-0.197725102305	-0.16916462779	
0.201783940196	0.254163920879	0.945877373219	
-0.136181488633	-0.949081242085	0.284076392651	
0.969916403294	-0.186133041978	-0.156896933913	
0.192356079817	0.230756595731	0.953808426857	
-0.160672321916	-0.951437354088	0.262585997581	
0.968082427979	-0.203760638833	-0.145938560367	
0.204279765487	0.241612806916	0.948626935482	
-0.137638494372	-0.952346086502	0.272199481726	
0.969188034534	-0.186172425747	-0.161289811134	
0.204833418131	0.256831914186	0.944500207901	
-0.148293599486	-0.945678174496	0.289312601089	
0.967497944832	-0.19932423532	-0.155619964004	
0.204096317291	0.256424665451	0.944770395756	
-0.161441013217	-0.943054616451	0.290834665298	
0.965547263622	-0.211882978678	-0.15107652545	
0.212124943733	0.240598797798	0.9471616745	
-0.142605483532	-0.951222479343	0.273568034172	
0.966781616211	-0.193101063371	-0.167467311025	
0.199960067868	0.235448032618	0.951094210148	
-0.156751528382	-0.950508356094	0.268258780241	
0.967184007168	-0.202726513147	-0.153156876564	
-0.347617506981	0.839662194252	0.417288213968	
-0.23995745182	-0.509887874126	0.826096117496	
0.906411886215	0.187034055591	0.3787291646	
-0.335310906172	0.842335581779	0.421944707632	
-0.238264232874	-0.509134471416	0.827050328255	
0.911480545998	0.176784664392	0.371416777372	
-0.335633695126	0.843752503395	0.418845713139	
-0.236554726958	-0.505884647369	0.829531550407	
0.911806941032	0.179338797927	0.369385570288	
-0.324961870909	0.8516035676	0.411304175854	
-0.244722217321	-0.495815068483	0.833233714104	
0.913515627384	0.170113921165	0.369527310133	
-0.332062423229	0.849178493023	0.410646349192	
-0.249453574419	-0.498907715082	0.82997828722	
0.909674346447	0.173167407513	0.377499133348	
-0.334955215454	0.844417631626	0.418047726154	
-0.238616481423	-0.505234003067	0.829337537289	
0.911519169807	0.178037852049	0.370722740889	
-0.332065314054	0.847220778465	0.414668023586	
-0.255619734526	-0.503989756107	0.825016915798	
0.907959878445	0.167962163687	0.383923888206	
-0.330292403698	0.847512960434	0.41548615694	
-0.245397746563	-0.502157926559	0.829226970673	
0.911420226097	0.171927988529	0.373836696148	
0.633742928505	0.182662770152	-0.751667618752	
0.486427217722	-0.849658608437	0.203638985753	
-0.60146355629	-0.494686365128	-0.627317249775	
0.618717551231	0.191162407398	-0.762000977993	
0.509586811066	-0.835868120193	0.204072892666	
-0.597921252251	-0.514569163322	-0.614580154419	
0.636908948421	0.181187063456	-0.749345242977	
0.488323718309	-0.846952557564	0.210264757276	
-0.596562623978	-0.499842554331	-0.627909600735	
0.63917940855	0.185876861215	-0.746256947517	
0.485435366631	-0.850131332874	0.204032331705	
-0.596491515636	-0.492672801018	-0.633617699146	
0.636208713055	0.186570078135	-0.748618781567	
0.495080381632	-0.842919886112	0.210669070482	
-0.591721117496	-0.504655957222	-0.628640174866	
0.641790151596	0.191181629896	-0.742667496204	
0.499419033527	-0.839111864567	0.215573519468	
-0.581967413425	-0.509255230427	-0.634013473988	
0.63144659996	0.190326496959	-0.751698732376	
0.497400760651	-0.843107283115	0.204358965158	
-0.594867765903	-0.502937316895	-0.627045810223	
0.629550099373	0.180123895407	-0.755792319775	
0.500396251678	-0.838145136833	0.21706302464	
-0.594365417957	-0.514847695827	-0.617787659168	
-0.352680921555	0.808964371681	-0.47031134367	
0.10623061657	0.533971369267	0.83880251646	
0.92969417572	0.245868176222	-0.274258315563	
-0.347142249346	0.809047937393	-0.47427174449	
0.096665404737	0.533896446228	0.840006172657	
0.932817280293	0.245755970478	-0.263544976711	
-0.323842346668	0.819568574429	-0.472687512636	
0.0904996320605	0.524153888226	0.84680134058	
0.941772758961	0.231452092528	-0.24391387403	
-0.327797263861	0.811989545822	-0.482930511236	
0.0974908694625	0.537517786026	0.837597846985	
0.939704477787	0.227480962873	-0.255358427763	
-0.329790174961	0.80793350935	-0.488346099854	
0.075247682631	0.538136601448	0.839491963387	
0.941050589085	0.240109279752	-0.238267287612	
-0.312490254641	0.805665135384	-0.503243029118	
0.0758986398578	0.549256086349	0.832200169563	
0.94688397646	0.221858978271	-0.23278605938	
-0.333922386169	0.801670253277	-0.495802998543	
0.0889103412628	0.550437510014	0.830128610134	
0.938398003578	0.23311650753	-0.255080193281	
-0.318825483322	0.814451277256	-0.484788030386	
0.0974640697241	0.536940991879	0.837970852852	
0.942788958549	0.219917044044	-0.250570207834	
0.750982344151	0.511621177197	-0.417455762625	
-0.264628618956	-0.346025466919	-0.900132238865	
-0.604977071285	0.78645414114	-0.124469392002	
0.765143036842	0.491284936666	-0.416167348623	
-0.265090256929	-0.348663628101	-0.898977637291	
-0.586756587029	0.798168420792	-0.13654269278	
0.756865143776	0.495325744152	-0.426388919353	
-0.286854952574	-0.334442734718	-0.8976983428	
-0.587255775928	0.801748394966	-0.111041411757	
