-0.514399111271	-0.0697056502104	0.854713201523	
-0.772860944271	0.469565570354	-0.42684212327	
-0.371590584517	-0.880141615868	-0.295416891575	
-0.513990998268	-0.0702429935336	0.854914724827	
-0.773010969162	0.469960480928	-0.426135152578	
-0.371843129396	-0.879888117313	-0.295854061842	
-0.514902770519	-0.0701132267714	0.854376554489	
-0.772481143475	0.47007265687	-0.426971435547	
-0.371682703495	-0.879838526249	-0.296202868223	
-0.514424264431	-0.0700324550271	0.854671359062	
-0.772620916367	0.470266908407	-0.426504343748	
-0.372054487467	-0.879741132259	-0.296025246382	
-0.51426678896	-0.0694402456284	0.85481441021	
-0.772630870342	0.470133602619	-0.42663320899	
-0.372251480818	-0.87985932827	-0.295425802469	
-0.514041006565	-0.0701725631952	0.854890406132	
-0.772786796093	0.470396518707	-0.426060646772	
-0.3722397089	-0.879660665989	-0.296031534672	
-0.514324247837	-0.0700492113829	0.854730188847	
-0.772510826588	0.470653414726	-0.426277399063	
-0.372421264648	-0.879533112049	-0.296182245016	
-0.514056861401	-0.0699883252382	0.854896008968	
-0.772736370564	0.470405191183	-0.426142573357	
-0.372322499752	-0.879670739174	-0.29589754343	
-0.138794720173	0.711748182774	-0.688585937023	
-0.862320184708	0.25504809618	0.437440723181	
0.486970156431	0.654496014118	0.578355491161	
-0.13866533339	0.711690604687	-0.688671469688	
-0.862014830112	0.255605220795	0.437717288733	
0.487547308207	0.654341220856	0.578044295311	
-0.138043165207	0.711556315422	-0.688935220242	
-0.862415015697	0.255683511496	0.436882466078	
0.487015843391	0.654456675053	0.578361451626	
-0.138067290187	0.711575388908	-0.688910603523	
-0.862291455269	0.255816787481	0.437048256397	
0.487227708101	0.654383838177	0.578265488148	
-0.138416945934	0.711734235287	-0.688676357269	
-0.862324953079	0.255372971296	0.437241762877	
0.487069249153	0.654384493828	0.578398227692	
-0.138493329287	0.711730182171	-0.688665151596	
-0.86215031147	0.255544900894	0.437485575676	
0.487356573343	0.654321730137	0.578227162361	
-0.138264894485	0.71162134409	-0.688823521137	
-0.862276375294	0.25563955307	0.437181800604	
0.487198442221	0.654403150082	0.578268289566	
-0.138403370976	0.711626529694	-0.688790380955	
-0.862102329731	0.255751878023	0.437459200621	
0.48746702075	0.654353618622	0.578097939491	
0.770513951778	0.258378684521	0.582708120346	
0.217937260866	0.752284526825	-0.621748626232	
-0.599008858204	0.606059789658	0.523335337639	
0.770184755325	0.25975087285	0.582533180714	
0.217457860708	0.751659452915	-0.622671723366	
-0.599606096745	0.606248736382	0.522431850433	
0.769900977612	0.258835434914	0.583315253258	
0.218104153872	0.752289533615	-0.621684014797	
-0.599735856056	0.605858623981	0.522735357285	
0.769902527332	0.258804351091	0.583326995373	
0.21812543273	0.752299487591	-0.621664524078	
-0.599726080894	0.605859577656	0.522745490074	
0.7702922225	0.258904457092	0.5827678442	
0.217583104968	0.752320826054	-0.621828734875	
-0.599422633648	0.605790257454	0.523173630238	
0.770265877247	0.259259015322	0.582645058632	
0.218132480979	0.751414954662	-0.622730910778	
-0.599256813526	0.606762170792	0.522236466408	
0.770168423653	0.259105861187	0.582841932774	
0.21754796803	0.752274870872	-0.621896624565	
-0.599594414234	0.605761229992	0.52301043272	
0.770066320896	0.258662313223	0.583173751831	
0.218166097999	0.752233326435	-0.621730327606	
-0.599500954151	0.60600233078	0.522838234901	
0.949489831924	0.102750405669	-0.296498656273	
-0.197548136115	0.929860651493	-0.310377061367	
0.243811070919	0.353272587061	0.903191387653	
0.949730873108	0.101980112493	-0.295992165804	
-0.196535140276	0.930155336857	-0.310137093067	
0.243690878153	0.352719634771	0.903439879417	
0.949700415134	0.102975539863	-0.295745164156	
-0.197244316339	0.930217087269	-0.309500932693	
0.24323618412	0.352267205715	0.90373891592	
0.949962496758	0.102570697665	-0.295043170452	
-0.196862146258	0.929947674274	-0.310552090406	
0.242521181703	0.353095680475	0.903607726097	
0.949687123299	0.102469600737	-0.29596349597	
-0.197134763002	0.929865896702	-0.310623973608	
0.243376865983	0.353340268135	0.903281986713	
0.949836134911	0.10287232697	-0.295344918966	
-0.19721506536	0.929944753647	-0.310336917639	
0.242729365826	0.35301566124	0.903583109379	
0.949717462063	0.102985471487	-0.295686900616	
-0.197394788265	0.929983377457	-0.310106754303	
0.24304741621	0.352880865335	0.90355026722	
0.94982111454	0.103030867875	-0.295337885618	
-0.197483196855	0.929744064808	-0.310767322779	
0.24257004261	0.353497624397	0.903437435627	
-0.60964512825	0.405455768108	-0.681130230427	
0.730703294277	-0.0456163659692	-0.681169450283	
-0.307254761457	-0.912975788116	-0.268458068371	
-0.609788715839	0.405014514923	-0.681264221668	
0.731032311916	-0.0446507893503	-0.680880367756	
-0.306185424328	-0.913219332695	-0.268851161003	
-0.609071731567	0.405239492655	-0.681771636009	
0.731403112411	-0.0454548448324	-0.680428802967	
-0.306726425886	-0.913079857826	-0.26870816946	
-0.609083592892	0.405542135239	-0.68158107996	
0.731681883335	-0.0442869178951	-0.680206120014	
-0.306037336588	-0.913002848625	-0.269753366709	
-0.60979872942	0.404832303524	-0.681363582611	
0.730917215347	-0.0451461486518	-0.680971264839	
-0.306440114975	-0.913275778294	-0.268368840218	
-0.610016286373	0.404933780432	-0.681108474731	
0.730761945248	-0.0448591932654	-0.681156814098	
-0.306377381086	-0.913244903088	-0.268545359373	
-0.609782397747	0.404913723469	-0.681329846382	
0.730905354023	-0.045148871839	-0.680983841419	
-0.306500971317	-0.91323953867	-0.268422603607	
-0.609775483608	0.405456662178	-0.681013047695	
0.730969846249	-0.044434428215	-0.680961549282	
-0.306360840797	-0.913033664227	-0.269281566143	
0.599325239658	0.534533917904	-0.595888197422	
-0.682697415352	0.730009317398	-0.0317896269262	
0.418011337519	0.425863683224	0.802437961102	
0.59933078289	0.534439563751	-0.595967292786	
-0.682634651661	0.730067968369	-0.0317916534841	
0.418105870485	0.425881624222	0.802379131317	
0.598687887192	0.534542739391	-0.596520662308	
-0.682708621025	0.73003256321	-0.0310060940683	
0.41890540719	0.425812751055	0.801998615265	
0.599204897881	0.534562587738	-0.595983505249	
-0.682757616043	0.72995609045	-0.0317199081182	
0.418085485697	0.425918996334	0.802369952202	
0.599283576012	0.53439104557	-0.596058249474	
-0.682348251343	0.730359375477	-0.0312428548932	
0.41864079237	0.425442606211	0.802333116531	
0.599104642868	0.534522950649	-0.596119821072	
-0.682679533958	0.730038940907	-0.0314935334027	
0.418356657028	0.425826698542	0.802277565002	
0.599277198315	0.534155249596	-0.596275925636	
-0.682337641716	0.73035800457	-0.0315036028624	
0.418667078018	0.425740927458	0.802161157131	
0.598957836628	0.534084439278	-0.596660196781	
-0.68287062645	0.729828774929	-0.0322135463357	
0.418255001307	0.426736235619	0.801847219467	
0.228796780109	-0.819391965866	0.525593817234	
-0.949212610722	-0.0679944977164	0.307200461626	
-0.215980097651	-0.569186747074	-0.793334126472	
0.228637963533	-0.819412410259	0.525631010532	
-0.949228644371	-0.0678040757775	0.307193040848	
-0.216077879071	-0.569180011749	-0.793312311172	
0.228507682681	-0.819475769997	0.525588929653	
-0.949343800545	-0.0679440572858	0.306806027889	
-0.215709462762	-0.569072127342	-0.793489992619	
0.228272795677	-0.81977981329	0.525216698647	
-0.949329853058	-0.0677233561873	0.306897968054	
-0.216019302607	-0.568660378456	-0.793700873852	
0.229171320796	-0.819535136223	0.525207221508	
-0.949073791504	-0.0682896673679	0.307563751936	
-0.216193079948	-0.568945229053	-0.793449342251	
0.229107797146	-0.819489479065	0.525306165218	
-0.949011981487	-0.0680024549365	0.307818084955	
-0.216531589627	-0.569045364857	-0.793285250664	
0.229125872254	-0.819030642509	0.526013433933	
-0.949159383774	-0.0681500956416	0.307330459356	
-0.215865209699	-0.569687962532	-0.79300558567	
0.228746399283	-0.819713175297	0.52511459589	
-0.949251234531	-0.0682063996792	0.307034134865	
-0.215863749385	-0.568698644638	-0.793715715408	
0.9473066926	-0.113034822047	0.299721777439	
-0.195665091276	-0.94501709938	0.262026399374	
0.253624111414	-0.306864440441	-0.917338013649	
0.947268009186	-0.113550752401	0.299649089575	
-0.196034491062	-0.945061922073	0.26158836484	
0.253483384848	-0.306535840034	-0.917486786842	
0.947332561016	-0.113018706441	0.299646139145	
-0.195473819971	-0.945206940174	0.2614839077	
0.253675013781	-0.306285202503	-0.917517483234	
0.947399497032	-0.11305245012	0.29942163825	
-0.195652291179	-0.944949686527	0.262279003859	
0.253287106752	-0.307065546513	-0.91736382246	
0.947496056557	-0.11283864826	0.299196690321	
-0.195347338915	-0.945029497147	0.262218773365	
0.253161281347	-0.306898534298	-0.91745442152	
0.947257637978	-0.113781794906	0.299594163895	
-0.196177735925	-0.945101261139	0.261338710785	
0.253411233425	-0.306328803301	-0.917575836182	
0.94733953476	-0.112727716565	0.299733757973	
-0.195207044482	-0.945267677307	0.261463612318	
0.253854423761	-0.306204944849	-0.917494654655	
0.947229802608	-0.113681025803	0.299720466137	
-0.19622670114	-0.944983482361	0.26172748208	
0.253477454185	-0.306729227304	-0.917423784733	
-0.993797898293	-0.107471607625	-0.0285589136183	
0.0814449265599	-0.528592288494	-0.84495973587	
0.0757131576538	-0.842045128345	0.534066915512	
-0.993771314621	-0.107625938952	-0.0289006493986	
0.0818757936358	-0.529227674007	-0.84452021122	
0.075597256422	-0.841626226902	0.534743249416	
-0.993756532669	-0.108017846942	-0.0279311556369	
0.0812847912312	-0.529462277889	-0.844430267811	
0.0764250531793	-0.841428458691	0.534936785698	
-0.993712306023	-0.108316101134	-0.0283463764936	
0.0817176029086	-0.528569400311	-0.844947695732	
0.076538413763	-0.841951310635	0.534097254276	
-0.99380248785	-0.107454523444	-0.0284627024084	
0.0813687220216	-0.528756916523	-0.844864070415	
0.0757346153259	-0.841943979263	0.534223377705	
-0.993776202202	-0.107753865421	-0.0282484125346	
0.0813959389925	-0.529287099838	-0.84452933073	
0.0760497823358	-0.841572463512	0.53476369381	
-0.993835866451	-0.107206627727	-0.0282312538475	
0.0810818076134	-0.529241859913	-0.844587922096	
0.0756042599678	-0.841670811176	0.53467208147	
-0.993763804436	-0.107880160213	-0.0282025672495	
0.0813129097223	-0.528047263622	-0.845313131809	
0.0763002261519	-0.842334806919	0.533526301384	
-0.986040890217	0.0656041428447	0.153034254909	
0.0763976424932	0.994907557964	0.0657443776727	
-0.147941842675	0.0765181034803	-0.986031532288	
-0.986141979694	0.0649112462997	0.152677863836	
0.0757693499327	0.994911849499	0.0664036422968	
-0.147590681911	0.0770517215133	-0.986042618752	
-0.985972046852	0.0647252947092	0.15384991467	
0.0757463797927	0.994881510735	0.0668821111321	
-0.148733466864	0.0775974690914	-0.985828101635	
-0.986023545265	0.0644932538271	0.153616920114	
0.075438849628	0.99492931366	0.0665177702904	
-0.148548036814	0.077176772058	-0.985889077187	
-0.985906362534	0.0653878971934	0.153990522027	
0.076233536005	0.994929254055	0.0656065866351	
-0.148919805884	0.0764211937785	-0.985891819	
-0.985891520977	0.065095320344	0.15420922637	
0.0760054737329	0.994924843311	0.0659377202392	
-0.149134352803	0.0767281875014	-0.985835552216	
-0.985939264297	0.0648239254951	0.154018417001	
0.0759914666414	0.994803607464	0.0677574425936	
-0.148825779557	0.0785088017583	-0.985741972923	
-0.98604375124	0.0650949031115	0.153233021498	
0.0759761705995	0.994905948639	0.0662554726005	
-0.148139551282	0.0769728496671	-0.985966444016	
-0.890154123306	-0.45481133461	-0.0277893412858	
-0.220563575625	0.376714110374	0.899687826633	
-0.398719608784	0.806990146637	-0.435648441315	
-0.890177845955	-0.454720616341	-0.0285048875958	
-0.221388578415	0.377020865679	0.899356663227	
-0.398209065199	0.806898057461	-0.436285585165	
-0.88998401165	-0.455110669136	-0.0283325985074	
-0.221188515425	0.37653696537	0.899608552456	
-0.398753196001	0.80690407753	-0.435777127743	
-0.890310645103	-0.454493135214	-0.0279815364629	
-0.220612198114	0.376770794392	0.899652183056	
-0.398343116045	0.807142972946	-0.435709774494	
-0.890571057796	-0.453973978758	-0.0281213074923	
-0.220807150006	0.377454400063	0.899317741394	
-0.397652328014	0.807115733624	-0.436390638351	
-0.890319526196	-0.45450335741	-0.0275282282382	
-0.220812484622	0.378092855215	0.89904820919	
-0.398212194443	0.806518733501	-0.436983466148	
-0.890553593636	-0.454013109207	-0.0280432477593	
-0.220265805721	0.376472502947	0.899861872196	
-0.39799156785	0.807552218437	-0.43527251482	
-0.890516042709	-0.454066216946	-0.0283742658794	
-0.220751151443	0.376719981432	0.899639368057	
-0.397806674242	0.807406902313	-0.435710817575	
0.894787788391	-0.443733870983	0.0495490655303	
0.0347316116095	0.17981159687	0.983087718487	
-0.445138812065	-0.877933979034	0.1763048172	
0.894792616367	-0.443775594234	0.0490860529244	
0.035010214895	0.179339572787	0.983164072037	
-0.445107281208	-0.878009438515	0.176008403301	
0.894832551479	-0.443767547607	0.0484259538352	
0.0359511896968	0.179768681526	0.983051717281	
-0.444951951504	-0.877925693989	0.176816835999	
0.894897401333	-0.443578511477	0.048956528306	
0.0354106239974	0.17993465066	0.983040988445	
-0.444864839315	-0.877987265587	0.176730453968	
0.895072102547	-0.443209350109	0.0491065569222	
0.0354119054973	0.180423900485	0.982951283455	
-0.444513201714	-0.878073275089	0.177187293768	
0.89514708519	-0.443101942539	0.0487068928778	
0.0351633504033	0.179112255573	0.983200073242	
-0.444381833076	-0.878395974636	0.175912767649	
0.894822001457	-0.44375577569	0.0487279854715	
0.0355477333069	0.179632484913	0.983091294765	
-0.445005595684	-0.877959549427	0.176513597369	
0.895164310932	-0.443042635918	0.0489294193685	
0.0355786532164	0.180442050099	0.982941925526	
-0.4443141222	-0.878153681755	0.177288144827	
0.192710995674	-0.37632188201	-0.906225323677	
0.685389459133	0.712530612946	-0.150137901306	
0.702213466167	-0.592184066772	0.395239561796	
0.192622169852	-0.376753628254	-0.906064808369	
0.685330629349	0.712496161461	-0.150569409132	
0.70229524374	-0.591950953007	0.395443350077	
0.192686676979	-0.376769036055	-0.906044661999	
0.685553431511	0.712314724922	-0.150413244963	
0.702060043812	-0.592159450054	0.3955488801	
0.192768663168	-0.375829875469	-0.906417191029	
0.684955894947	0.712985575199	-0.149956613779	
0.702620565891	-0.591948866844	0.394868165255	
0.192893624306	-0.375914484262	-0.906355559826	
0.685143768787	0.712830662727	-0.149834707379	
0.702403068542	-0.592081665993	0.395055949688	
0.192542746663	-0.376118034124	-0.90634572506	
0.685797572136	0.712196469307	-0.149859577417	
0.701861083508	-0.592715322971	0.395069092512	
0.192636027932	-0.377122938633	-0.905908167362	
0.685154676437	0.712584912777	-0.150949776173	
0.702463150024	-0.59160888195	0.395657062531	
0.192693665624	-0.375519931316	-0.906561613083	
0.685291051865	0.71274381876	-0.149574249983	
0.702314257622	-0.592436552048	0.394681662321	
-0.442630678415	0.865060508251	0.236111044884	
0.803720593452	0.265970647335	0.532252550125	
0.397632062435	0.425358623266	-0.812993705273	
-0.443130642176	0.864585995674	0.236909866333	
0.803212404251	0.265563458204	0.533222198486	
0.398101836443	0.426576048136	-0.812125504017	
-0.442809045315	0.864633262157	0.237338274717	
0.803821742535	0.265548199415	0.532310783863	
0.397228866816	0.426489710808	-0.81259816885	
-0.442827165127	0.864754736423	0.236861422658	
0.803549408913	0.265572577715	0.532709658146	
0.397759288549	0.426228165627	-0.812475919724	
-0.44174271822	0.865464508533	0.236293435097	
0.804024875164	0.26506742835	0.532243669033	
0.398004293442	0.425100535154	-0.812946557999	
-0.442547678947	0.864800393581	0.237216845155	
0.803703904152	0.265167564154	0.532678365707	
0.397758215666	0.426387667656	-0.812392711639	
-0.44239833951	0.864944219589	0.236970826983	
0.803828477859	0.26526466012	0.532441973686	
0.397672653198	0.426035344601	-0.812619447708	
-0.443022221327	0.86494165659	0.235811844468	
0.803270459175	0.266166001558	0.532834112644	
0.398105353117	0.425478041172	-0.812699556351	
-0.839343011379	-0.484588265419	0.246328145266	
0.521170556545	-0.846176028252	0.111208826303	
0.154546484351	0.221721321344	0.962785065174	
-0.839187681675	-0.48418661952	0.247643634677	
0.521128118038	-0.846156060696	0.111558869481	
0.155529841781	0.222672894597	0.962406992912	
-0.839515507221	-0.484242737293	0.246419772506	
0.520910441875	-0.84628123045	0.111625917256	
0.154486402869	0.222074314952	0.962713301182	
-0.839536249638	-0.48400375247	0.246818199754	
0.520909249783	-0.846160769463	0.11254119873	
0.154377505183	0.223052307963	0.962504684925	
-0.839188039303	-0.484745562077	0.246546506882	
0.521271109581	-0.846202671528	0.110532864928	
0.155047997832	0.221275433898	0.962806999683	
-0.839528262615	-0.483680546284	0.247478187084	
0.520657598972	-0.846381545067	0.112044207752	
0.155267372727	0.222915679216	0.962393164635	
-0.839383006096	-0.484597206116	0.246174052358	
0.521310329437	-0.845952510834	0.112249068916	
0.153855979443	0.222553044558	0.962703764439	
-0.839949846268	-0.483644634485	0.246114045382	
0.520304322243	-0.846598148346	0.112049207091	
0.154167681932	0.222169920802	0.962742388248	
-0.0174641758204	0.516322910786	0.856215894222	
0.598863184452	0.691149413586	-0.404568135738	
-0.800660908222	0.505690693855	-0.321277141571	
-0.0165816061199	0.51637172699	0.856204032898	
0.599240839481	0.690623939037	-0.404906153679	
-0.80039703846	0.506358444691	-0.320882678032	
-0.0173520389944	0.516962468624	0.855832159519	
0.599114596844	0.690654695034	-0.405040532351	
-0.800475239754	0.505713224411	-0.321704030037	
-0.0168166849762	0.516844332218	0.855914235115	
0.59918820858	0.690503954887	-0.405188590288	
-0.800431549549	0.50603979826	-0.321299016476	
-0.0167685505003	0.516117691994	0.856353521347	
0.599052965641	0.69091874361	-0.404681175947	
-0.80053383112	0.506215155125	-0.320767521858	
-0.0168946441263	0.51597815752	0.856435120106	
0.599365949631	0.690824329853	-0.404378801584	
-0.800296843052	0.506486177444	-0.320930957794	
-0.0175919570029	0.516821086407	0.85591262579	
0.598906219006	0.690924882889	-0.404887855053	
-0.800625920296	0.505488634109	-0.321682095528	
-0.0172483772039	0.516034781933	0.856393933296	
0.59902381897	0.691119611263	-0.40438118577	
-0.800545394421	0.50602543354	-0.321037828922	
0.733111858368	0.666588127613	0.13493411243	
-0.679942548275	0.713986694813	0.167036309838	
0.0150032695383	-0.214203745127	0.976673781872	
0.732870340347	0.666720747948	0.135589450598	
-0.680216789246	0.713803768158	0.166701346636	
0.0143589787185	-0.214400693774	0.976640224457	
0.732941269875	0.666803956032	0.134794548154	
-0.680119931698	0.713772535324	0.167229264975	
0.0152964815497	-0.214245691895	0.976660013199	
0.732618629932	0.667108058929	0.135043442249	
-0.6804651618	0.713382124901	0.167490646243	
0.0153967859223	-0.214599132538	0.976580858231	
0.733263552189	0.666307866573	0.135493263602	
-0.679790318012	0.714150965214	0.166953667998	
0.0144799035043	-0.214528053999	0.976610481739	
0.732731461525	0.666906833649	0.135424897075	
-0.680367588997	0.713734924793	0.166380524635	
0.0143028292805	-0.21405094862	0.9767177701	
0.732857584953	0.666699945927	0.135760545731	
-0.680219709873	0.71359026432	0.167600899935	
0.014862109907	-0.215174585581	0.976462483406	
0.732430815697	0.667237818241	0.135420680046	
-0.680686533451	0.713389873505	0.166555508971	
0.0145244002342	-0.214169427752	0.976688563824	
-0.218020275235	-0.962056517601	-0.1640560776	
-0.918594360352	0.259063929319	-0.298446446657	
0.329623371363	0.0856336131692	-0.940220892429	
-0.217135235667	-0.962197303772	-0.16440397501	
-0.918834805489	0.258326083422	-0.298345834017	
0.329537391663	0.0862786918879	-0.940192043781	
-0.217645213008	-0.962228775024	-0.163543105125	
-0.91894453764	0.258482038975	-0.297872453928	
0.328894406557	0.0854565277696	-0.940492212772	
-0.21699257195	-0.962418377399	-0.163294419646	
-0.918787777424	0.257867723703	-0.298886656761	
0.329762369394	0.0851767286658	-0.940213620663	
-0.217477545142	-0.962250888348	-0.16363593936	
-0.918772876263	0.258406937122	-0.298466414213	
0.329484254122	0.0854345187545	-0.940287768841	
-0.217363715172	-0.962088704109	-0.164737135172	
-0.918766736984	0.25864931941	-0.298275381327	
0.329576522112	0.0865207612514	-0.94015610218	
-0.217344373465	-0.962356388569	-0.163191825151	
-0.918797671795	0.258144855499	-0.298617005348	
0.329503118992	0.0850375369191	-0.940317153931	
-0.21730017662	-0.962319910526	-0.163465723395	
-0.918772816658	0.258197128773	-0.298648238182	
0.329601496458	0.0852915421128	-0.940259635448	
0.11644051224	0.869149446487	0.480646252632	
0.922294437885	-0.274190336466	0.272383183241	
0.368530243635	0.411580950022	-0.833538591862	
0.116434298456	0.869399309158	0.480195641518	
0.922021269798	-0.274349093437	0.273147046566	
0.369215101004	0.410946905613	-0.833548367023	
0.115964330733	0.869566261768	0.480007022619	
0.922236084938	-0.273717135191	0.273055821657	
0.368826270103	0.411015063524	-0.833686888218	
0.116132602096	0.869533419609	0.480025857687	
0.922096610069	-0.273997873068	0.273245364428	
0.369122058153	0.410897493362	-0.833613932133	
0.116584658623	0.869174957275	0.480565160513	
0.9221778512	-0.27439725399	0.272569566965	
0.368776381016	0.411389112473	-0.833524405956	
0.11598457396	0.869772970676	0.479627519846	
0.922046124935	-0.273823708296	0.273590087891	
0.369294643402	0.41050645709	-0.833730101585	
0.116570591927	0.869472444057	0.480030119419	
0.922244131565	-0.27414560318	0.272598534822	
0.368615090847	0.410927981138	-0.833823204041	
0.116375565529	0.869712114334	0.479643166065	
0.9222458601	-0.273883968592	0.272855609655	
0.368672400713	0.410595178604	-0.83396178484	
0.916828632355	-0.0573323778808	-0.3951433599	
-0.0117788044736	-0.99309027195	0.116760365665	
-0.399107158184	-0.102394931018	-0.91116887331	
0.91682189703	-0.0573089458048	-0.395162343979	
-0.011494608596	-0.993024587631	0.117345899343	
-0.399130910635	-0.103043057024	-0.911085426807	
0.916751086712	-0.0574153363705	-0.395311146975	
-0.0115515273064	-0.993013083935	0.117437377572	
-0.399291872978	-0.103094398975	-0.911009073257	
0.91676825285	-0.0575021840632	-0.395258665085	
-0.0116040352732	-0.99299955368	0.117546901107	
-0.399250894785	-0.103176675737	-0.911017715931	
0.916978061199	-0.0571033246815	-0.394829690456	
-0.011393006891	-0.99304741621	0.11716234684	
-0.398774951696	-0.10293700546	-0.911253273487	
0.917020082474	-0.0577022321522	-0.394644916058	
-0.0122303580865	-0.993082225323	0.116782397032	
-0.398653447628	-0.102265156806	-0.911382079124	
0.916585326195	-0.0574270784855	-0.395693719387	
-0.0113579044119	-0.992972314358	0.117800734937	
-0.399677842855	-0.103480167687	-0.910796046257	
0.916829168797	-0.0575298145413	-0.395113378763	
-0.0116112055257	-0.992988467216	0.117639526725	
-0.39911082387	-0.103267602623	-0.911068797112	
0.816150903702	-0.566518902779	0.113815918565	
0.127980023623	-0.0148561866954	-0.991665482521	
0.563488125801	0.823914825916	0.0603782087564	
0.816259324551	-0.566479980946	0.11323069036	
0.127341762185	-0.0147446617484	-0.991749286652	
0.56347566843	0.82394361496	0.0601010918617	
0.81598752737	-0.56672167778	0.11397741735	
0.127883002162	-0.0153111740947	-0.991671085358	
0.563746631145	0.823767006397	0.059980340302	
0.816148996353	-0.566580414772	0.113522946835	
0.127609089017	-0.014886027202	-0.991712808609	
0.563574969769	0.823871970177	0.0601515993476	
0.816437602043	-0.566108345985	0.113802410662	
0.127953127027	-0.0148180788383	-0.991669535637	
0.563078761101	0.824197649956	0.0603373013437	
0.816573083401	-0.566097140312	0.112882301211	
0.127387270331	-0.0140090333298	-0.991754114628	
0.563010513783	0.82421952486	0.0606741644442	
0.816151976585	-0.566524088383	0.113782338798	
0.127762660384	-0.0151150040329	-0.991689562798	
0.563535869122	0.823906540871	0.0600444823503	
0.816683888435	-0.565890669823	0.113115735352	
0.12734811008	-0.0144545426592	-0.991752743721	
0.562858641148	0.824353575706	0.0602603070438	
0.209893316031	0.976254999638	-0.0535813868046	
-0.660568475723	0.101191714406	-0.743914961815	
-0.720828711987	0.191536962986	0.666122734547	
0.209475412965	0.976336240768	-0.0537360906601	
-0.66083586216	0.10085055232	-0.743723809719	
-0.720705211163	0.191302582622	0.666323721409	
0.210235908628	0.976184308529	-0.0535261891782	
-0.660100102425	0.101350449026	-0.744309008121	
-0.72115790844	0.191813126206	0.665686905384	
0.209830567241	0.976256608963	-0.0537978708744	
-0.660608768463	0.100993260741	-0.743906199932	
-0.720810115337	0.191633597016	0.666115105152	
0.209355905652	0.97641402483	-0.0527806729078	
-0.660201489925	0.101326413453	-0.744222342968	
-0.721321046352	0.19065323472	0.665843248367	
0.209494903684	0.976305484772	-0.054216761142	
-0.660111188889	0.100305460393	-0.744440734386	
-0.72136336565	0.191745638847	0.66548371315	
0.208846345544	0.97649294138	-0.0533356182277	
-0.660154223442	0.100532479584	-0.744371950626	
-0.721512019634	0.190669089556	0.665631830692	
0.210180342197	0.976195812225	-0.0535346344113	
-0.660295188427	0.101356774569	-0.744135141373	
-0.720995485783	0.191751226783	0.665880560875	
-0.505476653576	-0.845986545086	0.169705986977	
0.343456059694	-0.0168467313051	0.939017653465	
-0.791537284851	0.532938063145	0.299074828625	
-0.505290567875	-0.846026360989	0.170061245561	
0.342840671539	-0.0159602202475	0.939257979393	
-0.791922807693	0.532902121544	0.298116803169	
-0.505581557751	-0.845949947834	0.169575884938	
0.343798428774	-0.0172657165676	0.938884735107	
-0.791321635246	0.532982707024	0.299565494061	
-0.505615949631	-0.845747470856	0.17048099637	
0.343504041433	-0.0160770714283	0.939013600349	
-0.791427493095	0.533341109753	0.298646479845	
-0.505726456642	-0.845712840557	0.170324832201	
0.343035042286	-0.0159807112068	0.939186632633	
-0.791560292244	0.533398926258	0.298191010952	
-0.505519211292	-0.845790624619	0.170553699136	
0.343286544085	-0.0158093031496	0.939097642899	
-0.791583657265	0.533280670643	0.298340439796	
-0.505948960781	-0.845681786537	0.169817298651	
0.343757271767	-0.0171243716031	0.938902378082	
-0.791104674339	0.533412635326	0.299373328686	
-0.505610227585	-0.845640897751	0.1710254848	
0.343698382378	-0.0156011544168	0.938950479031	
-0.791346728802	0.533524155617	0.298533529043	
-0.299779266119	-0.176702439785	0.937501251698	
0.863773286343	-0.46745634079	0.188096433878	
0.405003815889	0.866176009178	0.292764544487	
-0.299865692854	-0.176939576864	0.937428891659	
0.86360013485	-0.467836976051	0.187945112586	
0.405308961868	0.865922033787	0.293093293905	
-0.299246221781	-0.17630776763	0.93774586916	
0.86378878355	-0.467572540045	0.187736213207	
0.405364841223	0.866193711758	0.292211979628	
-0.299486428499	-0.176766335964	0.937582790852	
0.863509595394	-0.468157738447	0.187561973929	
0.405782014132	0.865784049034	0.29284632206	
-0.299175351858	-0.176546752453	0.937723517418	
0.863707184792	-0.467824935913	0.18748266995	
0.405590981245	0.86600869894	0.292446374893	
-0.29935118556	-0.17663398385	0.937650918961	
0.863743543625	-0.467689603567	0.187652751803	
0.405383735895	0.866064012051	0.292569905519	
-0.299079090357	-0.17611540854	0.937835276127	
0.863799870014	-0.467581778765	0.187662065029	
0.405464529991	0.866227805614	0.291972398758	
-0.299379318953	-0.176763623953	0.937617540359	
0.863897025585	-0.467375427485	0.187728926539	
0.405035763979	0.866207122803	0.292628109455	
0.160904094577	0.642611026764	-0.749106764793	
0.747564554214	-0.574909448624	-0.332605361938	
-0.644404470921	-0.506488144398	-0.572898507118	
0.161324650049	0.642928540707	-0.748743772507	
0.747457802296	-0.574999034405	-0.332690447569	
-0.644423127174	-0.505983233452	-0.573323488235	
0.160721212626	0.642378926277	-0.749345004559	
0.747307896614	-0.575150370598	-0.332765638828	
-0.64474773407	-0.506508946419	-0.572493731976	
0.161386594176	0.642446100712	-0.749144434929	
0.747161448002	-0.575467526913	-0.332546025515	
-0.644751191139	-0.506063401699	-0.572883725166	
0.160576656461	0.642120599747	-0.749597430229	
0.747675478458	-0.574925541878	-0.332328140736	
-0.644357442856	-0.507091462612	-0.57241743803	
0.161347106099	0.642568826675	-0.74904769659	
0.747826337814	-0.574876844883	-0.332072764635	
-0.643989801407	-0.506578624249	-0.573284626007	
0.16033397615	0.641970992088	-0.749777495861	
0.747756004333	-0.57484382391	-0.332288384438	
-0.644324421883	-0.507373511791	-0.572204649448	
0.160896196961	0.642288804054	-0.749384760857	
0.747426867485	-0.575157940388	-0.332485258579	
-0.644566178322	-0.506614685059	-0.572604596615	
-0.222925812006	-0.909834861755	-0.350006610155	
0.427006393671	-0.413901418447	0.803959667683	
-0.876338779926	0.0297683104873	0.480774581432	
-0.222671583295	-0.909746706486	-0.350397318602	
0.427481561899	-0.414139300585	0.803584575653	
-0.876171708107	0.0291470624506	0.481117010117	
-0.222803249955	-0.90965795517	-0.35054397583	
0.426185131073	-0.414289116859	0.804195702076	
-0.876769602299	0.0297807957977	0.47998765111	
-0.222660407424	-0.909687280655	-0.35055872798	
0.426476180553	-0.414242863655	0.804065227509	
-0.876664340496	0.029528554529	0.480195432901	
-0.222237884998	-0.910057783127	-0.34986448288	
0.426596343517	-0.413428723812	0.804420411587	
-0.876713097095	0.0295217763633	0.480106860399	
-0.222548231483	-0.909761607647	-0.350437045097	
0.426556825638	-0.414083689451	0.804104447365	
-0.87665361166	0.0294707063586	0.480218619108	
-0.222523480654	-0.909763097763	-0.350448876619	
0.425719588995	-0.414053857327	0.80456340313	
-0.877066791058	0.0298412945122	0.479440689087	
-0.223076507449	-0.909604847431	-0.350508034229	
0.425770401955	-0.41437536478	0.804370939732	
-0.876901626587	0.0302003193647	0.479720234871	
0.948834359646	-0.0125574003905	-0.315524369478	
0.185663372278	0.830433487892	0.525270700455	
0.255425959826	-0.556976258755	0.790275275707	
0.948924481869	-0.0135625693947	-0.315211653709	
0.186294734478	0.830400824547	0.525098860264	
0.254630327225	-0.557001411915	0.790514290333	
0.949137449265	-0.0131194451824	-0.314588665962	
0.185506522655	0.830609560013	0.525047719479	
0.254411995411	-0.556700706482	0.790796339512	
0.949097275734	-0.0136289568618	-0.31468808651	
0.185971587896	0.830588281155	0.524916887283	
0.254222154617	-0.556720197201	0.7908436656	
0.949102461338	-0.0131064252928	-0.314694643021	
0.185627549887	0.83045065403	0.525256216526	
0.254454165697	-0.556937992573	0.790615677834	
0.948968529701	-0.0135395340621	-0.315079957247	
0.186133444309	0.83055460453	0.524912714958	
0.254584044218	-0.556772530079	0.790690362453	
0.94925403595	-0.0139200696722	-0.314202129841	
0.18596675992	0.830511033535	0.525040745735	
0.253639727831	-0.556828200817	0.790954649448	
0.949115753174	-0.0137289213017	-0.31462803483	
0.186008781195	0.830606043339	0.52487552166	
0.254125982523	-0.556691169739	0.790894985199	
-0.0840170904994	-0.0280320607126	0.996069967747	
-0.84524834156	0.531395316124	-0.0563406199217	
-0.527727544308	-0.846660077572	-0.0683403387666	
-0.0847129970789	-0.028006888926	0.996011734009	
-0.846367955208	0.529529392719	-0.05709560588	
-0.525818407536	-0.84782910347	-0.0685621574521	
-0.0841948091984	-0.0276392549276	0.996065914631	
-0.845447182655	0.531037628651	-0.0567279495299	
-0.52738058567	-0.846897304058	-0.0680781453848	
-0.0839711353183	-0.0274929683656	0.996088862419	
-0.846144735813	0.529928088188	-0.0567042157054	
-0.526296436787	-0.847596824169	-0.0677616894245	
-0.0836267694831	-0.0278221163899	0.996108651161	
-0.845444500446	0.531104028225	-0.0561438240111	
-0.527475297451	-0.846849739552	-0.0679365694523	
-0.0836692526937	-0.0269750487059	0.996128380299	
-0.846201181412	0.529835283756	-0.0567283220589	
-0.526253700256	-0.847671449184	-0.0671572387218	
-0.0842779651284	-0.0276867002249	0.996057569981	
-0.845671355724	0.530672550201	-0.0568028278649	
-0.527007758617	-0.847124576569	-0.0681378543377	
-0.0845123156905	-0.0276807136834	0.996037900448	
-0.845894217491	0.530292272568	-0.0570355951786	
-0.526612401009	-0.847362935543	-0.0682311877608	
0.923590838909	-0.105094000697	-0.36869391799	
-0.105309382081	0.855156123638	-0.50756072998	
0.368632465601	0.507605373859	0.778747022152	
0.923524558544	-0.106207258999	-0.368540942669	
-0.104630626738	0.854682385921	-0.508498251438	
0.36899164319	0.508171260357	0.778207600117	
0.923066437244	-0.105377972126	-0.369924068451	
-0.105606205761	0.855348110199	-0.507175445557	
0.369858950377	0.507222950459	0.778414547443	
0.923241317272	-0.105354718864	-0.369493991137	
-0.105466678739	0.855242192745	-0.507383108139	
0.369462043047	0.507406353951	0.778483510017	
0.923110127449	-0.105977721512	-0.369643628597	
-0.105399020016	0.854726731777	-0.508264958858	
0.369809031487	0.508144617081	0.777836978436	
0.923241734505	-0.106877394021	-0.369055449963	
-0.104257799685	0.854807436466	-0.508364617825	
0.369804024696	0.507820367813	0.77805107832	
0.923329889774	-0.105855122209	-0.369129568338	
-0.104810141027	0.855289161205	-0.507439911366	
0.369427621365	0.507222950459	0.778619349003	
0.923662424088	-0.106387339532	-0.368143230677	
-0.104106128216	0.854894042015	-0.508250057697	
0.368794828653	0.507777452469	0.778557896614	
-0.961514353752	0.261493355036	-0.0843286439776	
-0.266423255205	-0.962366342545	0.0535688698292	
-0.0671471506357	0.0739743486047	0.994997024536	
-0.961535215378	0.261276900768	-0.0847605839372	
-0.266173601151	-0.962488293648	0.0526109002531	
-0.0678350552917	0.073148265481	0.99501144886	
-0.96175378561	0.26080301404	-0.0837341845036	
-0.265628188848	-0.962635457516	0.0526749007404	
-0.066867724061	0.0729024484754	0.995094954967	
-0.961560487747	0.261272728443	-0.0844865292311	
-0.266135334969	-0.962510049343	0.0524059794843	
-0.0676268786192	0.0728763714433	0.995045542717	
-0.961552739143	0.261443912983	-0.0840440317988	
-0.266366839409	-0.962370157242	0.0537807531655	
-0.0668208226562	0.0740995779634	0.995009660721	
-0.961694955826	0.260717242956	-0.0846715942025	
-0.265643954277	-0.962604641914	0.0531563088298	
-0.0676465034485	0.073612652719	0.994989991188	
-0.961489737034	0.26126614213	-0.0853082537651	
-0.266246676445	-0.962433218956	0.0532448254526	
-0.06819242239	0.0739073902369	0.994930922985	
-0.961548745632	0.26099395752	-0.0854763016105	
-0.265927016735	-0.962569177151	0.0523775480688	
-0.0686066299677	0.0730940252542	0.994962513447	
0.206640318036	0.244227468967	0.947445392609	
-0.159987851977	-0.946877479553	0.278974831104	
0.965247988701	-0.209227204323	-0.156589627266	
0.206036105752	0.244206413627	0.947582364082	
-0.159889310598	-0.9469435215	0.278807044029	
0.965393483639	-0.208952605724	-0.156058549881	
0.205664142966	0.24339915812	0.947870850563	
-0.160552293062	-0.947060704231	0.278026938438	
0.965362727642	-0.209362998605	-0.155698135495	
0.206174194813	0.243748947978	0.947670102119	
-0.159745335579	-0.94710034132	0.278356462717	
0.965387821198	-0.208775803447	-0.156329900026	
0.206072628498	0.244310319424	0.947547674179	
-0.160410448909	-0.946797668934	0.279002994299	
0.965299189091	-0.209491431713	-0.155919149518	
0.205958992243	0.244156852365	0.947611927986	
-0.160948008299	-0.946733295918	0.27891176939	
0.965233981609	-0.209960624576	-0.155691683292	
0.206610009074	0.243731558323	0.947579681873	
-0.160222098231	-0.946974515915	0.278510689735	
0.965215623379	-0.209366291761	-0.156603232026	
0.205990538001	0.243567377329	0.947756707668	
-0.160606399179	-0.946978807449	0.27827450633	
0.96528416872	-0.209537699819	-0.155950188637	
-0.338788628578	0.837435245514	0.428864210844	
-0.242669567466	-0.518173396587	0.820126712322	
0.909029006958	0.173777297139	0.378771305084	
-0.338369250298	0.837540268898	0.428990125656	
-0.242705926299	-0.518132567406	0.820141732693	
0.909175515175	0.173392295837	0.378596127033	
-0.338413566351	0.837418138981	0.429193556309	
-0.242385476828	-0.518288731575	0.820137798786	
0.909244477749	0.173515468836	0.378373920918	
-0.337989360094	0.837723612785	0.428931593895	
-0.242815941572	-0.51794141531	0.820229947567	
0.909287393093	0.173077568412	0.378471344709	
-0.338272809982	0.837745726109	0.428664922714	
-0.243173405528	-0.517863988876	0.820172905922	
0.909086465836	0.17320227623	0.378896772861	
-0.338406920433	0.837609887123	0.428824484348	
-0.242757767439	-0.517995655537	0.820212900639	
0.909147620201	0.173465237021	0.378629624844	
-0.338329046965	0.837601304054	0.428902626038	
-0.243200838566	-0.518124878407	0.819999992847	
0.909058213234	0.173120334744	0.379002034664	
-0.338152199984	0.837574422359	0.429094552994	
-0.242910191417	-0.518185257912	0.820047974586	
0.909201681614	0.173069581389	0.378680855036	
0.640140712261	0.190863743424	-0.744171261787	
0.490843355656	-0.846775352955	0.205047026277	
-0.59100985527	-0.496530473232	-0.635739564896	
0.639714300632	0.191316783428	-0.744421601295	
0.491688847542	-0.846288025379	0.205033376813	
-0.590768754482	-0.49718657136	-0.635450839996	
0.640047192574	0.190969079733	-0.744224727154	
0.49107119441	-0.846634566784	0.205082848668	
-0.590921878815	-0.496730029583	-0.635665476322	
0.64010322094	0.191306710243	-0.744089782238	
0.491116553545	-0.846676468849	0.204801112413	
-0.590823471546	-0.496528655291	-0.635914266109	
0.640164971352	0.191159442067	-0.744074523449	
0.491329729557	-0.8464422822	0.205257177353	
-0.590579330921	-0.496984392405	-0.635784983635	
0.640304386616	0.191335082054	-0.743909418583	
0.491444349289	-0.846361935139	0.205314293504	
-0.590332746506	-0.497053712606	-0.635959804058	
0.639861524105	0.191466674209	-0.744256496429	
0.491451948881	-0.846494436264	0.204748913646	
-0.590806424618	-0.496777266264	-0.635735929012	
0.639810562134	0.190786793828	-0.744474887848	
0.491292476654	-0.846453130245	0.205301821232	
-0.590994179249	-0.497109174728	-0.63530176878	
-0.328471004963	0.812726795673	-0.481229662895	
0.0868025273085	0.533318638802	0.841449081898	
0.9405169487	0.234619662166	-0.245726436377	
-0.328254312277	0.812592148781	-0.481604725122	
0.0864712372422	0.533565759659	0.841326475143	
0.940623104572	0.234524101019	-0.245411112905	
-0.327808082104	0.812872171402	-0.481436103582	
0.086383536458	0.533248960972	0.841536343098	
0.940786778927	0.23427426815	-0.245022088289	
-0.327704250813	0.812636554241	-0.481904327869	
0.0866304412484	0.533767044544	0.841182470322	
0.940800249577	0.233911469579	-0.245316788554	
-0.327665418386	0.8126963377	-0.48182991147	
0.0860634744167	0.533538520336	0.841385602951	
0.940865814686	0.234225004911	-0.2447655797	
-0.327093750238	0.812461555004	-0.482613652945	
0.0856627896428	0.534096419811	0.841072440147	
0.941101253033	0.23376750946	-0.244297325611	
-0.327821969986	0.8123254776	-0.482348442078	
0.0866892412305	0.534273207188	0.840855002403	
0.940753817558	0.233836337924	-0.245566383004	
-0.32756498456	0.812606096268	-0.482050269842	
0.0865676552057	0.533864974976	0.841126799583	
0.940854489803	0.233793720603	-0.24522086978	
0.764179944992	0.503874599934	-0.402665346861	
-0.261833310127	-0.328196167946	-0.907596051693	
-0.589467823505	0.798997879028	-0.118869781494	
0.764479875565	0.503478586674	-0.402591347694	
-0.261803418398	-0.328212469816	-0.907598793507	
-0.589092075825	0.79924082756	-0.119099423289	
0.764280676842	0.50336098671	-0.403116255999	
-0.262567430735	-0.328049570322	-0.907436966896	
-0.589010477066	0.799381732941	-0.118555739522	
0.764207363129	0.503505825996	-0.403074353933	
