-0.505778968334	-0.08240711689	0.858718037605	
-0.818181872368	0.361339300871	-0.44722738862	
-0.273433864117	-0.928785741329	-0.250181823969	
-0.487127989531	-0.109070509672	0.866492927074	
-0.82405680418	0.385958611965	-0.414688229561	
-0.289200156927	-0.916045606136	-0.277891546488	
-0.531926214695	-0.105246387422	0.840224802494	
-0.804816484451	0.371358603239	-0.462993741035	
-0.263296306133	-0.922505259514	-0.282239407301	
-0.531106770039	-0.100386306643	0.841337144375	
-0.792182028294	0.411128789186	-0.451021939516	
-0.300621509552	-0.906032979488	-0.29787749052	
-0.44277203083	-0.0319705829024	0.896064043045	
-0.828503906727	0.396699875593	-0.395234704018	
-0.342832624912	-0.917391479015	-0.202135369182	
-0.471534579992	-0.0868528112769	0.877560079098	
-0.809759318829	0.436713397503	-0.39188170433	
-0.349206238985	-0.895398259163	-0.276255339384	
-0.524220168591	-0.0856711193919	0.847262442112	
-0.788692355156	0.424087882042	-0.445099830627	
-0.321181565523	-0.901559710503	-0.289883583784	
-0.495901823044	-0.103770360351	0.862156093121	
-0.807439088821	0.420469194651	-0.413820981979	
-0.319567710161	-0.901353061199	-0.292299687862	
-0.218956589699	0.688245475292	-0.691647469997	
-0.857623159885	0.202309519053	0.47281435132	
0.465339183807	0.696698665619	0.545958220959	
-0.200882136822	0.700008273125	-0.685299038887	
-0.833744585514	0.245107680559	0.494764745235	
0.514311492443	0.670753777027	0.534390389919	
-0.154188483953	0.68156349659	-0.715330064297	
-0.877344310284	0.238527968526	0.416378885508	
0.454414874315	0.691791594028	0.561187565327	
-0.144262969494	0.688621044159	-0.710625946522	
-0.866820037365	0.258445352316	0.426414132118	
0.477295726538	0.677500605583	0.559626460075	
-0.18647056818	0.695136904716	-0.694271862507	
-0.857289791107	0.230040535331	0.460581809282	
0.479878097773	0.681077122688	0.55303800106	
-0.182684227824	0.701725661755	-0.688627302647	
-0.857752680779	0.228558987379	0.460457503796	
0.480506807566	0.674790263176	0.560152947903	
-0.195659831166	0.685623586178	-0.701168656349	
-0.860471248627	0.22295640409	0.458126306534	
0.470432251692	0.692972362041	0.546335756779	
-0.2031878829	0.694560468197	-0.690145254135	
-0.849000155926	0.226148188114	0.477551817894	
0.487763702869	0.682966172695	0.543731331825	
0.818249642849	0.227298408747	0.528017938137	
0.195733368397	0.753470540047	-0.627670764923	
-0.540514528751	0.616942107677	0.572037160397	
0.800763845444	0.330052942038	0.49984228611	
0.131389886141	0.717375993729	-0.68418443203	
-0.584391951561	0.613544404507	0.531083166599	
0.766246259212	0.262526452541	0.586469531059	
0.239407747984	0.730359733105	-0.63973325491	
-0.596280574799	0.630598604679	0.496784538031	
0.762959957123	0.258407056332	0.592552065849	
0.244818150997	0.732853353024	-0.634814977646	
-0.598294436932	0.629405915737	0.495874971151	
0.780509114265	0.289689362049	0.553972542286	
0.16673193872	0.757587492466	-0.631079733372	
-0.602499783039	0.584928393364	0.543003499508	
0.795709729195	0.301694393158	0.52519184351	
0.204342201352	0.682554483414	-0.701686322689	
-0.570166885853	0.66565746069	0.48146635294	
0.791228830814	0.295951753855	0.535135030746	
0.160371646285	0.744039356709	-0.648603439331	
-0.590116858482	0.599014222622	0.541243135929	
0.789670586586	0.274805247784	0.548545718193	
0.215141788125	0.713278949261	-0.667043626308	
-0.574573218822	0.644759833813	0.504133284092	
0.925413429737	0.0706766918302	-0.372310131788	
-0.205748349428	0.918748736382	-0.336999058723	
0.318241477013	0.388465642929	0.864764034748	
0.93673324585	0.0508386269212	-0.346332550049	
-0.175727590919	0.923986017704	-0.339661091566	
0.302738517523	0.379032045603	0.87446218729	
0.963463008404	0.0584013611078	-0.261396765709	
-0.144439637661	0.93515765667	-0.323446124792	
0.225557491183	0.349384427071	0.909425258636	
0.974468827248	0.0512795187533	-0.218588590622	
-0.131529599428	0.919402658939	-0.37067335844	
0.181962966919	0.389960497618	0.902673959732	
0.949366629124	0.00891589466482	-0.314043819904	
-0.137603744864	0.910417795181	-0.390134125948	
0.282432705164	0.413593918085	0.865547120571	
0.955872476101	0.0518836565316	-0.289164185524	
-0.164235278964	0.910482048988	-0.379538148642	
0.243586972356	0.410281032324	0.878825843334	
0.95559233427	0.0449041984975	-0.291250497103	
-0.1522423774	0.921443402767	-0.357441335917	
0.252320230007	0.385908871889	0.887360572815	
0.96249037981	0.0584397017956	-0.264947354794	
-0.159342363477	0.912129580975	-0.377663344145	
0.219595804811	0.405714660883	0.887227892876	
-0.650030553341	0.289252102375	-0.702704429626	
0.708200097084	-0.104688622057	-0.69820690155	
-0.275522977114	-0.951511144638	-0.136797577143	
-0.683971643448	0.270743846893	-0.677407264709	
0.694880187511	-0.0409016944468	-0.717961370945	
-0.22209072113	-0.961782097816	-0.160158932209	
-0.538830041885	0.269263774157	-0.798222541809	
0.807422935963	-0.105181373656	-0.580521404743	
-0.240271508694	-0.957305550575	-0.160734847188	
-0.531295835972	0.283811867237	-0.798232793808	
0.825614392757	-0.0378157943487	-0.562966108322	
-0.189962267876	-0.958133995533	-0.2142277807	
-0.627497375011	0.221702203155	-0.746388077736	
0.743825674057	-0.112667426467	-0.658809125423	
-0.2301530689	-0.968583583832	-0.0942092761397	
-0.645979642868	0.270065873861	-0.713985145092	
0.725759506226	-0.0726278349757	-0.684104084969	
-0.236608371139	-0.960098743439	-0.149086773396	
-0.59691464901	0.249634414911	-0.762479901314	
0.762948811054	-0.117382600904	-0.635712563992	
-0.248197615147	-0.961199223995	-0.120390892029	
-0.593494355679	0.29554900527	-0.748608887196	
0.769299685955	-0.0650263875723	-0.6355702281	
-0.236521482468	-0.953111946583	-0.188772976398	
0.544588208199	0.573138833046	-0.61231982708	
-0.760657787323	0.645066142082	-0.0727280005813	
0.353303551674	0.505372643471	0.787257969379	
0.563285708427	0.546365737915	-0.6198335886	
-0.73705136776	0.67131280899	-0.0780664160848	
0.373449414968	0.500822901726	0.78084051609	
0.513907909393	0.585458934307	-0.62700599432	
-0.756681680679	0.653710067272	-0.00979941803962	
0.404142975807	0.479479968548	0.778952777386	
0.569032013416	0.55978012085	-0.602369308472	
-0.737175703049	0.671851098537	-0.0720283985138	
0.36438241601	0.485038489103	0.794961094856	
0.556993246078	0.55593252182	-0.617006957531	
-0.723158717155	0.689979672432	-0.0311380550265	
0.408411562443	0.463537633419	0.786341428757	
0.527296900749	0.583108246326	-0.618015170097	
-0.752865433693	0.657816946507	-0.0216906182468	
0.393892884254	0.476719647646	0.785866856575	
0.554071545601	0.554987311363	-0.620478689671	
-0.725701153278	0.68720048666	-0.0333658754826	
0.407875657082	0.468769192696	0.783513188362	
0.516332805157	0.534110486507	-0.669422447681	
-0.776250362396	0.622049927711	-0.102416835725	
0.361712306738	0.57252061367	0.735788285732	
0.249779865146	-0.767464280128	0.590430855751	
-0.952118515968	-0.0836462676525	0.294064104557	
-0.17629635334	-0.635611414909	-0.751610100269	
0.232755288482	-0.783961951733	0.575524628162	
-0.952262759209	-0.0635144263506	0.298599362373	
-0.197536423802	-0.617551267147	-0.76132106781	
0.189330786467	-0.78954744339	0.583753943443	
-0.968672513962	-0.0528836548328	0.242645680904	
-0.160709232092	-0.611406683922	-0.774825394154	
0.192920684814	-0.794639468193	0.575612485409	
-0.961677908897	-0.036647066474	0.271721631289	
-0.194826215506	-0.605974495411	-0.771257162094	
0.298052698374	-0.771977782249	0.561439990997	
-0.936935782433	-0.124128945172	0.326716035604	
-0.182526558638	-0.62341183424	-0.760290563107	
0.278258323669	-0.783005058765	0.556305170059	
-0.936842381954	-0.0934776067734	0.337028592825	
-0.21189302206	-0.614951252937	-0.759563207626	
0.261370688677	-0.71852183342	0.644524395466	
-0.95298832655	-0.0860494375229	0.290531754494	
-0.153292447329	-0.690160751343	-0.707233726978	
0.224078923464	-0.795599579811	0.562858760357	
-0.955627143383	-0.066052660346	0.287078112364	
-0.191220894456	-0.602211236954	-0.775097548962	
0.947138011456	-0.0888285785913	0.308284014463	
-0.185069546103	-0.936187267303	0.298835515976	
0.262066423893	-0.340092480183	-0.903138041496	
0.941820919514	-0.12251316756	0.312991827726	
-0.212780728936	-0.938172280788	0.273051470518	
0.260187864304	-0.323764204979	-0.90965873003	
0.947540163994	-0.0731936693192	0.311143666506	
-0.164948567748	-0.945769786835	0.279841899872	
0.273787617683	-0.316484153271	-0.908228039742	
0.950683236122	-0.0626430958509	0.303771615028	
-0.161955147982	-0.935530602932	0.313931584358	
0.264521986246	-0.347646862268	-0.899538636208	
0.958614349365	-0.0587212517858	0.278586387634	
-0.145748957992	-0.941775679588	0.303011149168	
0.244572713971	-0.331074506044	-0.911358237267	
0.943822264671	-0.125528424978	0.305683135986	
-0.212993681431	-0.938340187073	0.272307515144	
0.252652436495	-0.322118461132	-0.912363111973	
0.94620770216	-0.0550228245556	0.318847179413	
-0.153209209442	-0.944150090218	0.291732013226	
0.284987658262	-0.324889391661	-0.901792049408	
0.933086156845	-0.129999622703	0.335336148739	
-0.228224813938	-0.934633433819	0.272715657949	
0.277963429689	-0.330999225378	-0.901762604713	
-0.995172679424	-0.0784556046128	-0.0589579232037	
0.0925549119711	-0.55054038763	-0.829661905766	
0.0326329097152	-0.831113696098	0.555144190788	
-0.993394732475	-0.0906572490931	-0.0703434944153	
0.110666006804	-0.59488427639	-0.79615688324	
0.0303311534226	-0.798682630062	0.600987553596	
-0.993399441242	-0.113056972623	-0.0193836763501	
0.0819047912955	-0.58081561327	-0.80990421772	
0.0803069770336	-0.806145966053	0.586241781712	
-0.993454813957	-0.113995455205	-0.00725447013974	
0.0664422437549	-0.525039255619	-0.848480522633	
0.092914044857	-0.843409061432	0.52917689085	
-0.996521651745	-0.0723024532199	-0.0414356254041	
0.0747779160738	-0.556376874447	-0.827558457851	
0.0367806851864	-0.827778458595	0.559848248959	
-0.994210958481	-0.101533405483	-0.0351496115327	
0.0871156603098	-0.57025462389	-0.816835701466	
0.0628918781877	-0.815169095993	0.57579857111	
-0.997519910336	-0.0519721508026	-0.047464363277	
0.0688746422529	-0.581845641136	-0.810377657413	
0.0145001364872	-0.811636984348	0.583982169628	
-0.9923402071	-0.122435517609	-0.0164473690093	
0.072003826499	-0.46506139636	-0.882345378399	
0.100381374359	-0.87677103281	0.470314949751	
-0.992760717869	0.0380770415068	0.11391376704	
0.0315476171672	0.997783899307	-0.0585831664503	
-0.115891993046	-0.0545653551817	-0.991761922836	
-0.992250561714	-0.0144019853324	0.12341567874	
-0.0138203678653	0.999889016151	0.00556751945987	
-0.123482167721	0.00381872407161	-0.99233943224	
-0.979684114456	-0.0051077962853	0.200481683016	
0.00993168633431	0.997213304043	0.0739393159747	
-0.20030066371	0.0744282901287	-0.976903319359	
-0.982445240021	-0.0244260430336	0.184945091605	
-0.012846134603	0.997895717621	0.0635541081429	
-0.186108291149	0.0600625984371	-0.980691671371	
-0.986258625984	0.0309973079711	0.162274584174	
0.0248855929822	0.998907208443	-0.0395613610744	
-0.163323536515	-0.0349794365466	-0.98595225811	
-0.980751872063	0.0125327212736	0.194855645299	
0.0115645891055	0.999914467335	-0.00610532658175	
-0.194915503263	-0.00373438512906	-0.980812907219	
-0.981626093388	-0.0313090160489	0.188228353858	
-0.00895783957094	0.992920577526	0.118441857398	
-0.190604105592	0.114579498768	-0.974957227707	
-0.989892303944	-0.01082505472	0.14140753448	
-0.00531857367605	0.999214828014	0.0392605699599	
-0.141721501946	0.0381116494536	-0.989172637463	
-0.849490940571	-0.525637030602	-0.0455062501132	
-0.25628978014	0.335721850395	0.906425058842	
-0.461173146963	0.78166270256	-0.419908076525	
-0.861442744732	-0.502820074558	-0.0713331252337	
-0.28238978982	0.357508331537	0.890193104744	
-0.422104775906	0.786994099617	-0.449964225292	
-0.842524707317	-0.530123829842	-0.0955028086901	
-0.306547343731	0.326093375683	0.894254922867	
-0.442923009396	0.782707989216	-0.437249779701	
-0.854876279831	-0.514360249043	-0.0679712966084	
-0.272894173861	0.334348410368	0.902075350285	
-0.441265583038	0.789711773396	-0.426192432642	
-0.887918174267	-0.45610845089	-0.0597195141017	
-0.261227011681	0.393106430769	0.88160520792	
-0.378631472588	0.798393666744	-0.468194186687	
-0.858474612236	-0.512856006622	0.000325778790284	
-0.257346510887	0.431324064732	0.864715158939	
-0.443614900112	0.74225217104	-0.502262413502	
-0.899300634861	-0.429809808731	-0.0807581245899	
-0.231248095632	0.310612559319	0.921978414059	
-0.371190845966	0.847810924053	-0.378726780415	
-0.888570725918	-0.448929101229	-0.0943651348352	
-0.261693269014	0.327104061842	0.908030629158	
-0.376774132252	0.831544101238	-0.40813678503	
0.866041660309	-0.482061088085	0.132623359561	
-0.0313854143023	0.212320834398	0.976695895195	
-0.498985767365	-0.850021719933	0.168749004602	
0.876912117004	-0.468566387892	0.107101246715	
-0.0106814196333	0.203772947192	0.978959918022	
-0.480532050133	-0.859605789185	0.173686012626	
0.888960659504	-0.450112849474	0.0845421776175	
0.0205907877535	0.223690360785	0.974442720413	
-0.457520484924	-0.864500463009	0.208120107651	
0.886297523975	-0.45584616065	0.0817374587059	
0.0193355288357	0.212763383985	0.976912438869	
-0.462712496519	-0.864254593849	0.197385683656	
0.899868667126	-0.425905317068	0.0940267145634	
0.0159032884985	0.247474163771	0.968763947487	
-0.435870915651	-0.870265007019	0.229467540979	
0.902134299278	-0.428431212902	0.0509945005178	
0.010371601209	0.139691755176	0.990140736103	
-0.431330710649	-0.892710983753	0.130464240909	
0.882445454597	-0.463964939117	0.0776308476925	
0.00904799252748	0.181736171246	0.983305692673	
-0.470327705145	-0.867011249065	0.164570212364	
0.920577347279	-0.382312983274	0.0798384100199	
0.00435750046745	0.214461475611	0.976722717285	
-0.390536040068	-0.898800909519	0.199094310403	
0.232123538852	-0.345272511244	-0.909343481064	
0.653942584991	0.747461438179	-0.116878204048	
0.720054030418	-0.567528247833	0.399291783571	
0.240399092436	-0.359070122242	-0.901818692684	
0.627349495888	0.766425728798	-0.137928292155	
0.740702986717	-0.532597661018	0.409510493279	
0.219147995114	-0.369173318148	-0.903152942657	
0.669309258461	0.730402231216	-0.136153250933	
0.709929049015	-0.574650943279	0.407157301903	
0.242120340466	-0.325026273727	-0.91418582201	
0.619391620159	0.777021169662	-0.112214587629	
0.74681442976	-0.539069592953	0.389451175928	
0.239400967956	-0.311277836561	-0.91967022419	
0.630943059921	0.769826948643	-0.0963189676404	
0.737968862057	-0.557200670242	0.380695909262	
0.235742986202	-0.300221979618	-0.924279153347	
0.667999863625	0.740837216377	-0.070259436965	
0.705833852291	-0.600855231285	0.375195413828	
0.235281765461	-0.36747854948	-0.899778842926	
0.619533717632	0.770017683506	-0.152481898665	
0.748879492283	-0.521567106247	0.408836483955	
0.216949209571	-0.351940304041	-0.910533368587	
0.616191446781	0.772811353207	-0.151890322566	
0.757126867771	-0.528110444546	0.384523421526	
-0.489396035671	0.8425167799	0.225070998073	
0.77315980196	0.299810707569	0.558871567249	
0.403380006552	0.447525382042	-0.798126280308	
-0.493552684784	0.826700866222	0.270132273436	
0.76561909914	0.265642434359	0.585885286331	
0.412593245506	0.495983660221	-0.764046490192	
-0.500382244587	0.817872405052	0.284081548452	
0.775325596333	0.277251660824	0.567452013493	
0.385341256857	0.504198551178	-0.772849202156	
-0.509757399559	0.820774376392	0.257831007242	
0.759115874767	0.288094222546	0.583733439445	
0.404833823442	0.49328610301	-0.769921064377	
-0.430962234735	0.865044116974	0.256846696138	
0.781199514866	0.215191438794	0.586020410061	
0.451662302017	0.453201204538	-0.768511474133	
-0.495232462883	0.800910294056	0.336582094431	
0.767645895481	0.222014009953	0.601190149784	
0.40677344799	0.556104719639	-0.724764049053	
-0.472952276468	0.840219378471	0.2652310431	
0.791034340858	0.272339969873	0.547809839249	
0.388047426939	0.46889474988	-0.793446242809	
-0.519097983837	0.83690994978	0.173548310995	
0.740230500698	0.338689178228	0.580817043781	
0.427312642336	0.429966717958	-0.795319139957	
-0.799652099609	-0.573684751987	0.177319929004	
0.589085936546	-0.806727826595	0.0465618632734	
0.116337090731	0.141689956188	0.98305118084	
-0.80355232954	-0.546311020851	0.236321777105	
0.573854148388	-0.816469073296	0.0637934729457	
0.158098354936	0.186875626445	0.969578444958	
-0.820339441299	-0.558503627777	0.122950486839	
0.569604873657	-0.817118525505	0.0886998325586	
0.0509259402752	0.14279717207	0.988440930843	
-0.831474304199	-0.539142012596	0.134075939655	
0.555341243744	-0.81339687109	0.173151925206	
0.0157034713775	0.218429267406	0.975726425648	
-0.776340007782	-0.612322926521	0.149521887302	
0.621745109558	-0.782910227776	0.0220147445798	
0.103582084179	0.110055424273	0.988513290882	
-0.815570175648	-0.529126167297	0.234245106578	
0.562428891659	-0.820042788982	0.105846792459	
0.136084705591	0.218071699142	0.96639829874	
-0.800240516663	-0.585059165955	0.131608784199	
0.599672198296	-0.781782627106	0.17090703547	
0.0028987203259	0.215688854456	0.976457834244	
-0.863997578621	-0.493005901575	0.102241650224	
0.502656459808	-0.856307506561	0.118633829057	
0.0290631148964	0.153891772032	0.987660169601	
-0.082301184535	0.476155042648	0.875501513481	
0.527291536331	0.766255915165	-0.367172300816	
-0.845689177513	0.43142580986	-0.314136296511	
0.0139502789825	0.465157777071	0.885117888451	
0.512118339539	0.756964743137	-0.405880689621	
-0.858801603317	0.458947271109	-0.22765596211	
-0.00395702477545	0.528813242912	0.848728954792	
0.538311958313	0.716392457485	-0.443849235773	
-0.842736363411	0.455124616623	-0.287501275539	
0.0400342717767	0.541319012642	0.839863657951	
0.5397336483	0.695645570755	-0.474093675613	
-0.840883374214	0.472282648087	-0.264318436384	
0.00253276340663	0.4284299016	0.903571486473	
0.541746556759	0.758903205395	-0.361353754997	
-0.840538084507	0.490421980619	-0.230178311467	
0.0120967114344	0.411276578903	0.911430299282	
0.540833473206	0.763972938061	-0.351915508509	
-0.84104269743	0.497189044952	-0.213190585375	
-0.0515205748379	0.53186994791	0.845257341862	
0.537129640579	0.728294849396	-0.425533056259	
-0.841924846172	0.432089030743	-0.323205292225	
0.00229851179756	0.4875844419	0.87307280302	
0.505823135376	0.752579510212	-0.421624302864	
-0.862634181976	0.442589521408	-0.244901672006	
0.712592840195	0.698003947735	0.0707244575024	
-0.688886582851	0.677050411701	0.258917123079	
0.132841154933	-0.233223602176	0.96330678463	
0.717689573765	0.680745184422	0.146654993296	
-0.692040681839	0.673809587955	0.258960127831	
0.0774683132768	-0.2873442173	0.954689443111	
0.688432335854	0.72473359108	0.0286736451089	
-0.707349777222	0.662128210068	0.247472316027	
0.160365864635	-0.190650239587	0.968470573425	
0.662263035774	0.746361136436	0.0659751966596	
-0.731746912003	0.625328958035	0.271127551794	
0.161102861166	-0.227834895253	0.96027970314	
0.731621205807	0.667092502117	0.140420779586	
-0.677159011364	0.687386333942	0.262594163418	
0.0786512643099	-0.28720664978	0.954634130001	
0.663753151894	0.725185573101	0.183132916689	
-0.746001720428	0.624203443527	0.232059150934	
0.05397374928	-0.290647476912	0.955306708813	
0.676171541214	0.733879506588	0.0649067014456	
-0.72355556488	0.644890129566	0.24613840878	
0.13877825439	-0.213395386934	0.967058956623	
0.635536849499	0.768357157707	0.0756321176887	
-0.765197992325	0.613808691502	0.194193065166	
0.102785982192	-0.181290388107	0.978043377399	
-0.198683425784	-0.945589184761	-0.257654756308	
-0.926537394524	0.266917735338	-0.265110194683	
0.319457948208	0.1860537678	-0.929155886173	
-0.14328700304	-0.953128099442	-0.266487598419	
-0.934274673462	0.219100236893	-0.281293302774	
0.326496034861	0.208666950464	-0.921877682209	
-0.134138807654	-0.978325486183	-0.157752856612	
-0.953150689602	0.170930162072	-0.249572902918	
0.27112826705	0.116884835064	-0.955420017242	
-0.107423305511	-0.983639538288	-0.144615024328	
-0.933198750019	0.14993005991	-0.32659009099	
0.342929065228	0.0998711809516	-0.934037148952	
-0.126506105065	-0.950626969337	-0.28338059783	
-0.936431884766	0.208691105247	-0.282034248114	
0.327248364687	0.229687571526	-0.916598141193	
-0.142027288675	-0.94693595171	-0.288341104984	
-0.936566114426	0.222846388817	-0.270524382591	
0.320425033569	0.231628671288	-0.918518364429	
-0.102094307542	-0.988271594048	-0.113560691476	
-0.943252921104	0.132435932755	-0.304523557425	
0.315991491079	0.0760263353586	-0.945711016655	
-0.152572646737	-0.977113127708	-0.148227766156	
-0.932590246201	0.191986277699	-0.305641502142	
0.32710403204	0.0916032344103	-0.940538048744	
0.0518288202584	0.819869875908	0.570199251175	
0.938827812672	-0.234656438231	0.252068728209	
0.340464502573	0.522254526615	-0.781878590584	
0.0470033735037	0.861540138721	0.505508959293	
0.924155950546	-0.229576036334	0.305336892605	
0.37911272049	0.452817231417	-0.806988298893	
-0.00486374692991	0.874885559082	0.48430532217	
0.940536499023	-0.160499721766	0.29938429594	
0.339657872915	0.456962972879	-0.822081148624	
0.0414184480906	0.86259585619	0.504195332527	
0.924366116524	-0.224627450109	0.30836635828	
0.379251658916	0.453289031982	-0.806658089161	
0.074237883091	0.804842472076	0.588827073574	
0.937394976616	-0.257786422968	0.234172701836	
0.340263754129	0.53457903862	-0.7735927701	
0.0169005487114	0.882457852364	0.470087707043	
0.919556558132	-0.19832457602	0.339238971472	
0.392594069242	0.426538914442	-0.814821720123	
0.0727792158723	0.872931182384	0.482383996248	
0.942837953568	-0.217928826809	0.252118349075	
0.325207352638	0.43646094203	-0.838893353939	
0.0467079915106	0.889949142933	0.453661650419	
0.940151453018	-0.192629411817	0.281085669994	
0.337540537119	0.41338172555	-0.845684289932	
0.947223067284	0.0178750995547	-0.320076465607	
0.051513671875	-0.993956327438	0.0969389304519	
-0.316409230232	-0.108311109245	-0.942419171333	
0.947318375111	0.0312784388661	-0.318762600422	
0.0826479420066	-0.985388219357	0.148927465081	
-0.309446692467	-0.167426794767	-0.936061441898	
0.941509604454	0.00139942334499	-0.336983203888	
0.0470813289285	-0.990729749203	0.1274279356	
-0.333680987358	-0.135840237141	-0.932847499847	
0.936734735966	-0.00664619123563	-0.34997689724	
0.0578817799687	-0.983114898205	0.173593863845	
-0.345221251249	-0.182868689299	-0.920533180237	
0.954873979092	0.0532875657082	-0.292191982269	
0.0919093042612	-0.988500356674	0.120082080364	
-0.282433003187	-0.141518414021	-0.94879090786	
0.955066025257	-0.00398696912453	-0.296366304159	
0.0161746460944	-0.997718453407	0.0655463412404	
-0.295951455832	-0.0673947036266	-0.952822506428	
0.929419398308	0.0163903255016	-0.368661046028	
0.0821693763137	-0.983124434948	0.163445755839	
-0.359760761261	-0.18220230937	-0.915081679821	
0.937526643276	-0.010104031302	-0.347766727209	
0.0597822479904	-0.980032444	0.189637824893	
-0.342738777399	-0.198580801487	-0.918202459812	
0.807390987873	-0.559117376804	0.188434526324	
0.235484957695	0.0125345736742	-0.971797168255	
0.540986716747	0.828993737698	0.14178404212	
0.817576766014	-0.560143113136	0.133446335793	
0.152458488941	-0.0129048554227	-0.988225638866	
0.555269896984	0.828295350075	0.0748478621244	
0.808977842331	-0.577390372753	0.110341154039	
0.118131771684	-0.0241951067001	-0.992703139782	
0.575846970081	0.816109657288	0.0486348457634	
0.800434112549	-0.588983893394	0.111369751394	
0.123451501131	-0.0198324229568	-0.992152392864	
0.586570560932	0.807901382446	0.0568363964558	
0.839880883694	-0.523094773293	0.144817173481	
0.186032116413	0.0267800055444	-0.982178628445	
0.509894311428	0.85185366869	0.119804441929	
0.87407118082	-0.483862072229	0.0433247275651	
0.107573486865	0.105811588466	-0.988550364971	
0.473737776279	0.868723988533	0.144537597895	
0.799988508224	-0.577262103558	0.163666814566	
0.172335684299	-0.0402192771435	-0.984216868877	
0.574733674526	0.815567851067	0.0673078969121	
0.87542784214	-0.470576226711	0.110381856561	
0.119832113385	-0.00993803795427	-0.992744445801	
0.468258887529	0.882303357124	0.0476901084185	
0.153746828437	0.987094521523	-0.0447916314006	
-0.699195086956	0.0766498893499	-0.710810065269	
-0.698203504086	0.140602886677	0.70195633173	
0.126726076007	0.990560531616	-0.0522528886795	
-0.72628390789	0.0567794591188	-0.685045778751	
-0.675612449646	0.124763600528	0.726623594761	
0.217703863978	0.975061893463	-0.0431204661727	
-0.673915505409	0.118214763701	-0.729289472103	
-0.706004917622	0.187828689814	0.682845115662	
0.196664050221	0.979152619839	-0.0508271940053	
-0.703688085079	0.10485843569	-0.702728807926	
-0.682749092579	0.173967987299	0.709639906883	
0.0895788222551	0.995944082737	-0.00842468533665	
-0.697812616825	0.0567238144577	-0.71403080225	
-0.710656881332	0.0698408931494	0.700063586235	
0.12050601095	0.983810305595	-0.132648512721	
-0.686389267445	-0.0139607526362	-0.72710031271	
-0.717180609703	0.178668469191	0.673594474792	
0.0663189888	0.994118452072	-0.0856171101332	
-0.677142381668	-0.0181818306446	-0.735627353191	
-0.732857406139	0.106761038303	0.67195391655	
0.22647677362	0.97267305851	-0.0511404536664	
-0.679491221905	0.120158225298	-0.723777353764	
-0.697853803635	0.198668256402	0.68813586235	
-0.411143630743	-0.878999054432	0.241498723626	
0.390815138817	0.0693729519844	0.917851269245	
-0.823543846607	0.471750050783	0.315003871918	
-0.404742985964	-0.879819273949	0.249201118946	
0.341433346272	0.107406757772	0.933748960495	
-0.848296165466	0.463013917208	0.256927490234	
-0.4566667974	-0.86415708065	0.211395189166	
0.42078524828	-0.00045056824456	0.907160162926	
-0.783833682537	0.503221929073	0.363830327988	
-0.444717526436	-0.851991117001	0.276292443275	
0.429674059153	0.0677253231406	0.900440692902	
-0.785879433155	0.519157469273	0.335959851742	
-0.443985283375	-0.832561254501	0.331238329411	
0.370248347521	0.166174009442	0.913948774338	
-0.815961539745	0.528420269489	0.23447561264	
-0.454630315304	-0.839859843254	0.296558022499	
0.388511449099	0.112618632615	0.914535880089	
-0.801479935646	0.530991911888	0.27509534359	
-0.526163339615	-0.819887340069	0.225691899657	
0.406911045313	-0.0096976859495	0.913416326046	
-0.746709823608	0.5724427104	0.338723778725	
-0.476534754038	-0.820851922035	0.31482821703	
0.415210604668	0.105514705181	0.903585553169	
-0.774928927422	0.561309933662	0.290544986725	
-0.262685745955	-0.198484584689	0.944245755672	
0.912756145	-0.368415504694	0.176482886076	
0.312845647335	0.908225655556	0.277945518494	
-0.277408063412	-0.233918815851	0.931840538979	
0.88163214922	-0.447415530682	0.150146901608	
0.381797730923	0.863192498684	0.330347031355	
-0.197313711047	-0.171228244901	0.965271055698	
0.902854263783	-0.415406852961	0.11086640507	
0.381996750832	0.893374502659	0.236559614539	
-0.221371427178	-0.189063936472	0.956686735153	
0.881030201912	-0.459344089031	0.113087698817	
0.418067604303	0.867904245853	0.268256694078	
-0.222945466638	-0.164932921529	0.960776984692	
0.893420875072	-0.428864836693	0.133694082499	
0.389992922544	0.888184726238	0.242967993021	
-0.231418147683	-0.176427543163	0.956723034382	
0.898570358753	-0.415661752224	0.140700399876	
0.37284976244	0.892243564129	0.254724234343	
-0.23526699841	-0.117118686438	0.964848518372	
0.879325866699	-0.448549896479	0.15996581316	
0.414047688246	0.88605093956	0.208514466882	
-0.241643100977	-0.188644573092	0.951851785183	
0.896388411522	-0.419051378965	0.144512310624	
0.371613353491	0.888149321079	0.270359694958	
0.146871358156	0.669558644295	-0.728093445301	
0.781818807125	-0.529501140118	-0.329223245382	
-0.605960547924	-0.520883619785	-0.60124206543	
0.175376132131	0.664699018002	-0.726235806942	
0.786767363548	-0.538058638573	-0.302473187447	
-0.591811060905	-0.518332064152	-0.617326140404	
0.0932758376002	0.623914062977	-0.775906443596	
0.746814012527	-0.559229910374	-0.359903812408	
-0.658459126949	-0.545887470245	-0.518110394478	
0.111290760338	0.640156984329	-0.760140359402	
0.734333634377	-0.568348348141	-0.37112569809	
-0.669603228569	-0.516893744469	-0.533340752125	
0.106057286263	0.614939272404	-0.781409978867	
0.799877047539	-0.519605100155	-0.300345271826	
-0.590718686581	-0.593178093433	-0.546983718872	
0.172946363688	0.633871793747	-0.75385415554	
0.809825122356	-0.527156174183	-0.257467716932	
-0.560600399971	-0.565961956978	-0.604495048523	
0.0873352214694	0.60411554575	-0.792096555233	
0.791402935982	-0.524996638298	-0.313145279884	
-0.605023980141	-0.599518895149	-0.523949503899	
0.138394206762	0.62704205513	-0.766593277454	
0.74483859539	-0.576051473618	-0.336719810963	
-0.652734696865	-0.524388194084	-0.546767294407	
-0.137908861041	-0.934492588043	-0.328184038401	
0.455427348614	-0.354073792696	0.816833972931	
-0.879526615143	-0.0368153490126	0.474423378706	
-0.116552919149	-0.924368202686	-0.363261431456	
0.519142866135	-0.368511974812	0.771161198616	
-0.846703052521	-0.0987034887075	0.522830307484	
-0.142893269658	-0.910575389862	-0.387858211994	
0.409452140331	-0.41115924716	0.814430475235	
-0.901071846485	-0.0424327366054	0.431588947773	
-0.11613111943	-0.916340827942	-0.38318797946	
0.432270616293	-0.393973648548	0.811126947403	
-0.894234716892	-0.0714438185096	0.441859811544	
-0.0790076777339	-0.942663788795	-0.324257314205	
0.486612200737	-0.320357710123	0.812760412693	
-0.870038151741	-0.0935732573271	0.484022408724	
-0.101318232715	-0.929634928703	-0.354278922081	
0.499208509922	-0.355540126562	0.790178537369	
-0.86053788662	-0.0967995673418	0.500104367733	
-0.118917353451	-0.92726534605	-0.355017751455	
0.419436246157	-0.370999366045	0.828512370586	
-0.899962186813	-0.050382822752	0.433046966791	
-0.15311434865	-0.91873639822	-0.363977253437	
0.42761144042	-0.393649250269	0.813749790192	
-0.890900909901	-0.0310440659523	0.45313552022	
0.904106974602	0.161761343479	-0.395504504442	
0.0860430002213	0.837700009346	0.53931003809	
0.418553620577	-0.521624386311	0.743452012539	
0.904298603535	0.0606230385602	-0.422574102879	
0.185138165951	0.836243331432	0.516159832478	
0.384665936232	-0.544997215271	0.744989991188	
0.952245414257	0.0865174680948	-0.29281976819	
0.0913173407316	0.834424495697	0.543504297733	
0.291358590126	-0.544288992882	0.786676347256	
0.949634313583	0.0361421741545	-0.311269074678	
0.137573435903	0.844392240047	0.517759859562	
0.281546145678	-0.534504890442	0.796891629696	
0.926042079926	0.104914478958	-0.362545192242	
0.107555098832	0.847398996353	0.519948899746	
0.36177060008	-0.520488142967	0.773443043232	
0.919973492622	0.0649679154158	-0.386559128761	
0.153483510017	0.847721993923	0.507750213146	
0.360682159662	-0.526447176933	0.769910216331	
0.951557993889	0.0272964295	-0.306255251169	
0.141534432769	0.84536087513	0.515104830265	
0.272956728935	-0.533497810364	0.800546526909	
0.947587609291	0.0357422865927	-0.317490428686	
0.136603429914	0.852988362312	0.503736376762	
0.288820356131	-0.520704627037	0.803398728371	
-0.00420121103525	-0.0447027273476	0.99899148941	
-0.833701789379	0.551808357239	0.0211861468852	
-0.552198886871	-0.832772016525	-0.0395870059729	
-0.0814811512828	-0.0703145265579	0.994191467762	
-0.909453332424	0.413330644369	-0.0453033000231	
-0.407744318247	-0.907862126827	-0.097626440227	
-0.0934128090739	-0.0135967200622	0.995534598827	
-0.848015964031	0.525002002716	-0.0724005401134	
-0.521673262119	-0.850992381573	-0.0605721473694	
-0.049326274544	0.0164776537567	0.99864679575	
-0.90986508131	0.411666363478	-0.0517335571349	
-0.411961734295	-0.91118568182	-0.0053135259077	
-0.00311760208569	-0.0342497676611	0.999408423901	
-0.849101543427	0.528003752232	0.015445982106	
-0.528220415115	-0.848551094532	-0.0307276360691	
0.019424052909	0.00362659664825	0.999804735184	
-0.897761702538	0.44019639492	0.0158448498696	
-0.440052986145	-0.897894203663	0.0118062170222	
-0.110683299601	-0.00779983773828	0.993825137615	
-0.860816180706	0.50054192543	-0.0919415578246	
-0.496734023094	-0.865677118301	-0.0621158592403	
-0.128187790513	-0.0220618788153	0.991504490376	
-0.868927180767	0.484407603741	-0.10156173259	
-0.478051662445	-0.874564230442	-0.0812653079629	
0.938673079014	-0.00871529337019	-0.344698339701	
-0.161872535944	0.871535420418	-0.462842613459	
0.304450631142	0.490255087614	0.816676080227	
0.940524220467	-0.10769443959	-0.322205066681	
-0.0929522961378	0.830657184124	-0.548970401287	
0.326763004065	0.546269655228	0.77124273777	
0.897406697273	-0.0235157366842	-0.440577208996	
-0.21928794682	0.842732012272	-0.491645783186	
0.382849931717	0.537819504738	0.751116573811	
0.908919453621	-0.0184503030032	-0.416563332081	
-0.203253552318	0.852690398693	-0.48125576973	
0.364078879356	0.522090673447	0.771276772022	
0.882885813713	-0.0596292167902	-0.465786397457	
-0.197677195072	0.852542817593	-0.48383307457	
0.425953447819	0.519244730473	0.7409106493	
0.896285951138	-0.0966836288571	-0.432809144258	
-0.156640037894	0.844022870064	-0.512922286987	
0.414891988039	0.527520298958	0.741341352463	
0.93887257576	-0.070658840239	-0.336935609579	
-0.113247230649	0.860852122307	-0.496093422174	
0.32510510087	0.503925561905	0.800228536129	
0.953531444073	-0.0854395776987	-0.288925349712	
-0.0850177630782	0.843680739403	-0.530070543289	
0.289049774408	0.530002713203	0.79721224308	
-0.951371669769	0.250532507896	-0.179235577583	
-0.277202785015	-0.950047791004	0.143414780498	
-0.134352296591	0.18612536788	0.973296880722	
-0.95848608017	0.229610413313	-0.169066667557	
-0.243855535984	-0.967376232147	0.0686858519912	
-0.147780075669	0.107062272727	0.983208358288	
-0.978662073612	0.158395081758	-0.130887582898	
-0.170904561877	-0.981116533279	0.0905646085739	
-0.114070981741	0.111001431942	0.987251996994	
-0.954381406307	0.226620405912	-0.194420456886	
-0.241710528731	-0.968646347523	0.0574476644397	
-0.175305858254	0.101820454001	0.97923463583	
-0.974322855473	0.214490681887	-0.0684745013714	
-0.22272311151	-0.962727487087	0.153460651636	
-0.0330064073205	0.164771065116	0.98577940464	
-0.985016584396	0.146987900138	-0.0902046635747	
-0.157046407461	-0.980639994144	0.116968348622	
-0.0712653696537	0.12938208878	0.989030599594	
-0.950595319271	0.184207126498	-0.249872416258	
-0.218725964427	-0.968621432781	0.118031904101	
-0.220289453864	0.166854158044	0.961057901382	
-0.944974958897	0.192552536726	-0.264472872019	
-0.219917982817	-0.972410798073	0.0778030827641	
-0.242195099592	0.131684303284	0.96124958992	
0.198753193021	0.308782160282	0.930134773254	
-0.103660821915	-0.937121868134	0.333252161741	
0.974551975727	-0.162653476	-0.154247358441	
0.161259487271	0.303323030472	0.93914347887	
-0.0707634687424	-0.945594966412	0.317557454109	
0.984371840954	-0.117666199803	-0.13102196157	
0.150564521551	0.226243391633	0.962363898754	
-0.156661897898	-0.955700218678	0.249187007546	
0.976108253002	-0.188284471631	-0.108450822532	
0.194285437465	0.253938645124	0.94750636816	
-0.0714904665947	-0.959677755833	0.27185973525	
0.978336513042	-0.120556056499	-0.168297216296	
0.164717584848	0.309655487537	0.936472952366	
-0.109642535448	-0.937808990479	0.329382449389	
0.980227828026	-0.156932353973	-0.120522215962	
0.183483824134	0.304608762264	0.934637486935	
-0.138788327575	-0.933228075504	0.331395745277	
0.973176002502	-0.190522521734	-0.128956124187	
0.190781533718	0.249815925956	0.949312627316	
-0.0769430994987	-0.960294306278	0.268168926239	
0.978612363338	-0.124204732478	-0.163984820247	
0.157294511795	0.231071919203	0.960137605667	
-0.134055376053	-0.958244979382	0.252578049898	
0.978410720825	-0.168440759182	-0.119750246406	
-0.386525332928	0.841932296753	0.376494586468	
-0.239351332188	-0.485808104277	0.840655326843	
0.890679001808	0.234820112586	0.389294743538	
-0.346105873585	0.850484848022	0.396088659763	
-0.214573338628	-0.482748508453	0.849065482616	
0.913328528404	0.208876475692	0.349573493004	
-0.357465803623	0.850164711475	0.386572360992	
-0.208953157067	-0.476233720779	0.854131162167	
0.910250961781	0.224547147751	0.347881883383	
-0.325424075127	0.874485909939	0.359685391188	
-0.245252013206	-0.445433169603	0.861069500446	
0.913208961487	0.191999197006	0.359424114227	
-0.345977276564	0.864297091961	0.365089446306	
-0.248461276293	-0.459627717733	0.852648437023	
0.904746770859	0.204286381602	0.37376511097	
-0.361934691668	0.848378002644	0.386339277029	
-0.213137716055	-0.478769809008	0.851675868034	
0.907510638237	0.225907579064	0.354104757309	
-0.344951719046	0.857206404209	0.382368296385	
-0.287570953369	-0.484300404787	0.826290547848	
0.893482685089	0.175072327256	0.413567900658	
-0.335463494062	0.86765307188	0.366936504841	
-0.246945440769	-0.456878453493	0.854564249516	
0.909110665321	0.196061819792	0.367529004812	
0.608435690403	0.186357617378	-0.77141225338	
0.507249355316	-0.838880836964	0.197425931692	
-0.610331118107	-0.511419355869	-0.604934811592	
0.558044314384	0.216175749898	-0.801158308983	
0.58634185791	-0.785905957222	0.19635437429	
-0.587188005447	-0.579327106476	-0.565323233604	
0.63603669405	0.188138365746	-0.74837243557	
0.513071596622	-0.827503740788	0.22802439332	
-0.576380848885	-0.529000520706	-0.622851192951	
0.641196429729	0.18707574904	-0.744224309921	
0.484807610512	-0.850522041321	0.203896686435	
-0.594835042953	-0.491543442011	-0.636047422886	
0.623997628689	0.198974147439	-0.755669414997	
0.535654842854	-0.813004612923	0.228248536587	
-0.568947196007	-0.547204494476	-0.613894402981	
0.643911600113	0.206602588296	-0.736677110195	
0.538765490055	-0.806088685989	0.244852647185	
-0.543239891529	-0.554559707642	-0.6303601861	
0.613438367844	0.197720959783	-0.764591276646	
0.531223654747	-0.819698214531	0.214234024286	
-0.584375560284	-0.537588357925	-0.607868432999	
0.610704004765	0.172549709678	-0.772830665112	
0.542002558708	-0.80260938406	0.249101236463	
-0.577298820019	-0.571003317833	-0.583679139614	
-0.45105651021	0.776571035385	-0.439869791269	
0.132828712463	0.545775651932	0.827336370945	
0.88255572319	0.314748108387	-0.349326580763	
-0.42955955863	0.786559998989	-0.4436237216	
0.116995118558	0.535590529442	0.836334228516	
0.895427703857	0.307353556156	-0.322091698647	
-0.328032970428	0.825230419636	-0.459770709276	
0.0986273884773	0.513959884644	0.85212546587	
0.939503610134	0.234179273248	-0.249986112118	
-0.352599680424	0.797507762909	-0.489545553923	
0.117847315967	0.556823611259	0.822228372097	
0.928324043751	0.232225835323	-0.290319979191	
-0.354840278625	0.779039859772	-0.516899645329	
0.0343873687088	0.563378155231	0.825483262539	
0.934294342995	0.275139898062	-0.226698383689	
-0.311647772789	0.772780954838	-0.552888095379	
0.0423751845956	0.592590749264	0.804388284683	
0.94925236702	0.227257087827	-0.217426329851	
-0.360608011484	0.773961603642	-0.520524084568	
0.0819571763277	0.582207143307	0.8088991642	
0.929109752178	0.249034836888	-0.273380249739	
-0.326114833355	0.807081401348	-0.492207974195	
0.128078982234	0.553594470024	0.822878479958	
0.936613500118	0.205311387777	-0.283905535936	
0.691135823727	0.548079371452	-0.471105337143	
-0.274530947208	-0.40389624238	-0.872640013695	
-0.668553709984	0.732445776463	-0.128682419658	
0.745365262032	0.465477615595	-0.47724339366	
-0.288256198168	-0.420464575291	-0.860301077366	
-0.601114809513	0.778806865215	-0.179222881794	
0.71991944313	0.492498040199	-0.489041537046	
-0.341616660357	-0.361910402775	-0.867363214493	
-0.604163885117	0.791496396065	-0.0923007950187	
0.719124794006	0.45084053278	-0.528774380684	
