-0.51169615984	-0.0643480122089	0.856753408909	
-0.787374377251	0.434170216322	-0.437650382519	
-0.343814849854	-0.898529648781	-0.272829204798	
-0.505072951317	-0.0843162313104	0.858948230743	
-0.791272044182	0.442664414644	-0.421825528145	
-0.344659090042	-0.892714381218	-0.290294885635	
-0.532200336456	-0.0797896683216	0.842850148678	
-0.775979042053	0.444083034992	-0.447936147451	
-0.338554769754	-0.892425835133	-0.298256248236	
-0.517265677452	-0.0758067369461	0.852460861206	
-0.778757572174	0.454780638218	-0.432100921869	
-0.354926526546	-0.887371361256	-0.294277489185	
-0.502687036991	-0.0552580095828	0.862700581551	
-0.785821735859	0.445102781057	-0.429380595684	
-0.360263705254	-0.893772959709	-0.267170339823	
-0.505069255829	-0.0786663368344	0.859486281872	
-0.782330334187	0.462301880121	-0.417416125536	
-0.364505529404	-0.883226215839	-0.295037537813	
-0.521515071392	-0.0746845081449	0.849967241287	
-0.772285461426	0.46484413743	-0.433007061481	
-0.362763375044	-0.882237017155	-0.300100982189	
-0.50583165884	-0.0776907801628	0.859126567841	
-0.782978594303	0.459345847368	-0.419459044933	
-0.362048149109	-0.884853422642	-0.29318189621	
-0.169289961457	0.705177843571	-0.688523828983	
-0.859559893608	0.236146450043	0.453201591969	
0.482180207968	0.668549954891	0.56616538763	
-0.161778643727	0.707360804081	-0.688090324402	
-0.846013367176	0.259545475245	0.465722590685	
0.508024632931	0.657477617264	0.556447803974	
-0.145218878984	0.701920390129	-0.697294235229	
-0.860506117344	0.258223861456	0.439146518707	
0.488303899765	0.663798332214	0.566507816315	
-0.139989599586	0.707941353321	-0.69225859642	
-0.856445252895	0.264281332493	0.443460196257	
0.496894836426	0.65496134758	0.569316387177	
-0.155389383435	0.706996560097	-0.68993473053	
-0.860124707222	0.246659964323	0.446479916573	
0.48583906889	0.662808179855	0.569776892662	
-0.163089707494	0.710821688175	-0.684203386307	
-0.852972209454	0.246928349137	0.459853053093	
0.495822757483	0.658603727818	0.566039681435	
-0.154469624162	0.699261903763	-0.69797706604	
-0.857950806618	0.255402773619	0.445746421814	
0.489958763123	0.66768425703	0.560480296612	
-0.153178945184	0.704614460468	-0.692859768867	
-0.853720128536	0.258759021759	0.451891303062	
0.497692883015	0.660728573799	0.561907112598	
0.797336578369	0.242598682642	0.552630364895	
0.214007511735	0.742512285709	-0.634725391865	
-0.564318358898	0.624356806278	0.540114223957	
0.790808320045	0.284131407738	0.542117655277	
0.191173121333	0.726744771004	-0.659768760204	
-0.5814422369	0.625388979912	0.520397543907	
0.7765442729	0.252531409264	0.57724070549	
0.226915314794	0.742592394352	-0.630131721497	
-0.587782621384	0.620309948921	0.51935261488	
0.778741538525	0.251287490129	0.574818372726	
0.226097434759	0.742274105549	-0.630800366402	
-0.585185050964	0.621195435524	0.521224200726	
0.787888884544	0.262841165066	0.556907176971	
0.195126667619	0.751186013222	-0.630591154099	
-0.584086179733	0.605503201485	0.540563821793	
0.791180491447	0.266735196114	0.550350606441	
0.218349575996	0.717376589775	-0.661584675312	
-0.571276605129	0.64360165596	0.509332835674	
0.780875384808	0.269236415625	0.563689053059	
0.202669799328	0.74435544014	-0.636286020279	
-0.590896427631	0.611102819443	0.526682794094	
0.782478511333	0.254292190075	0.56838619709	
0.223229631782	0.737575829029	-0.63729929924	
-0.581288158894	0.625553667545	0.520371675491	
0.940932571888	0.0710487291217	-0.331055849791	
-0.1859767735	0.925492465496	-0.329964101315	
0.282946169376	0.372042655945	0.884039461613	
0.947584331036	0.0552106872201	-0.314699321985	
-0.164325922728	0.928916633129	-0.331829607487	
0.274008899927	0.366149783134	0.8892993927	
0.951709926128	0.0765418112278	-0.297303825617	
-0.172639712691	0.934223711491	-0.312124341726	
0.253857702017	0.348378270864	0.902324140072	
0.96064889431	0.0640577077866	-0.270278155804	
-0.158408671618	0.925641715527	-0.343648254871	
0.228167429566	0.372939735651	0.899363994598	
0.948641180992	0.0566663704813	-0.311237543821	
-0.168170943856	0.923632264137	-0.344415396452	
0.267952263355	0.379067748785	0.885725259781	
0.953067600727	0.0683597400784	-0.294939100742	
-0.171738415956	0.924348056316	-0.340714901686	
0.249335184693	0.375376701355	0.892706155777	
0.950244188309	0.0754161700606	-0.302238941193	
-0.178960740566	0.926321089268	-0.331515222788	
0.254968702793	0.369109302759	0.893727719784	
0.952741146088	0.0715365037322	-0.295240283012	
-0.177041888237	0.920522868633	-0.348272621632	
0.246861234307	0.38408356905	0.889684975147	
-0.61393225193	0.358751505613	-0.703124880791	
0.726753234863	-0.0907676368952	-0.680875182152	
-0.308085978031	-0.929009497166	-0.204998627305	
-0.622468233109	0.350215137005	-0.699916183949	
0.730338990688	-0.061522834003	-0.680308699608	
-0.281315207481	-0.934646606445	-0.217479750514	
-0.578360557556	0.352402567863	-0.735738754272	
0.761355638504	-0.0907284244895	-0.641954779625	
-0.292978942394	-0.93144017458	-0.21582993865	
-0.580263376236	0.362930357456	-0.729092538357	
0.766656816006	-0.0586806796491	-0.6393699646	
-0.274830400944	-0.929966747761	-0.244192764163	
-0.616388499737	0.330541193485	-0.714708149433	
0.733941197395	-0.0876860171556	-0.673529088497	
-0.285299032927	-0.939709365368	-0.188549160957	
-0.631033718586	0.347028285265	-0.693806767464	
0.721094608307	-0.0673759430647	-0.689552783966	
-0.286040216684	-0.935431361198	-0.207723736763	
-0.607476353645	0.340862959623	-0.717485129833	
0.736799061298	-0.0957169979811	-0.669302165508	
-0.29681584239	-0.935227632523	-0.193001687527	
-0.604111552238	0.365882009268	-0.707940340042	
0.742532849312	-0.0640612021089	-0.666739165783	
-0.289299368858	-0.928453803062	-0.232979312539	
0.579522550106	0.543598532677	-0.607169032097	
-0.702960193157	0.710369586945	-0.0349580124021	
0.412311285734	0.447074621916	0.793803274632	
0.586747288704	0.532946765423	-0.609668254852	
-0.694618999958	0.718227863312	-0.0406590811908	
0.416211605072	0.447343736887	0.791613221169	
0.565589845181	0.547502994537	-0.616724073887	
-0.702740609646	0.7113276124	-0.0129863033071	
0.431582838297	0.440741986036	0.787072300911	
0.587019622326	0.540858209133	-0.602395534515	
-0.697842419147	0.715250790119	-0.0378453992307	
0.410394877195	0.442593127489	0.797300040722	
0.588577330112	0.533262848854	-0.607624471188	
-0.685344338417	0.727784991264	-0.0251429509372	
0.428812146187	0.431230545044	0.793826401234	
0.579655706882	0.542836725712	-0.607723236084	
-0.698599040508	0.714977145195	-0.0276952479035	
0.419474244118	0.440608590841	0.793665826321	
0.588066339493	0.530363619328	-0.610649168491	
-0.68482530117	0.728205621243	-0.0270350575447	
0.43033978343	0.434086412191	0.791439592838	
0.573374688625	0.524617373943	-0.62929970026	
-0.705839574337	0.706286370754	-0.054315045476	
0.415971189737	0.47532749176	0.775262355804	
0.231867313385	-0.804952979088	0.546157777309	
-0.948574721813	-0.0627147257328	0.310278624296	
-0.215507566929	-0.59001493454	-0.778099536896	
0.224523305893	-0.81180524826	0.539037585258	
-0.948744654655	-0.0558467656374	0.311070293188	
-0.222424998879	-0.581251561642	-0.782734751701	
0.214776843786	-0.809318304062	0.546694397926	
-0.955186367035	-0.0573208704591	0.290401905775	
-0.203690588474	-0.584566652775	-0.785361051559	
0.214624240994	-0.81566798687	0.537235677242	
-0.952833890915	-0.0540138632059	0.298647075891	
-0.214578673244	-0.575993299484	-0.788788795471	
0.247249662876	-0.808415710926	0.534164428711	
-0.94473451376	-0.0786485746503	0.318262606859	
-0.215277224779	-0.583333849907	-0.783184111118	
0.238224118948	-0.814913988113	0.528360128403	
-0.943682491779	-0.0656154304743	0.324280679226	
-0.229592293501	-0.575855731964	-0.784651279449	
0.240697547793	-0.789996862411	0.563887953758	
-0.948109090328	-0.0670272856951	0.310799688101	
-0.207734912634	-0.609436035156	-0.765136539936	
0.225399285555	-0.817387521267	0.530162990093	
-0.950247764587	-0.0643577948213	0.304774016142	
-0.214998364449	-0.572482049465	-0.791226923466	
0.947484254837	-0.11533382535	0.29828119278	
-0.20112927258	-0.940053999424	0.275400519371	
0.248637452722	-0.320930749178	-0.913883388042	
0.945187032223	-0.130127206445	0.299480110407	
-0.213123187423	-0.940713703632	0.263886749744	
0.247386217117	-0.313248485327	-0.916883528233	
0.947360992432	-0.108279265463	0.301301717758	
-0.191753894091	-0.945512771606	0.26312738657	
0.256393373013	-0.307052373886	-0.916504919529	
0.94889330864	-0.105450369418	0.297458797693	
-0.192816630006	-0.939870119095	0.281897038221	
0.249846488237	-0.324845224619	-0.912169039249	
0.951852023602	-0.104065537453	0.288354039192	
-0.187277689576	-0.942087292671	0.278206050396	
0.242703005672	-0.318813294172	-0.916216850281	
0.944187104702	-0.132357805967	0.301648944616	
-0.215062215924	-0.941318392754	0.260130673647	
0.24951736629	-0.310485333204	-0.917245864868	
0.94708532095	-0.102822564542	0.304067373276	
-0.187882095575	-0.945648491383	0.265422672033	
0.260249406099	-0.308506727219	-0.91492831707	
0.942154526711	-0.132571771741	0.307846605778	
-0.218025550246	-0.939988791943	0.262461185455	
0.254577428102	-0.314397424459	-0.914518773556	
-0.995845317841	-0.0845317691565	-0.033860411495	
0.0740327760577	-0.535058736801	-0.841564834118	
0.0530216507614	-0.840575158596	0.539093852043	
-0.995307564735	-0.0855390205979	-0.0452324710786	
0.0853880867362	-0.556548058987	-0.826415836811	
0.0455167554319	-0.826400220394	0.561240494251	
-0.9946398139	-0.102050796151	-0.016652578488	
0.0707145407796	-0.553845047951	-0.829611420631	
0.0754395574331	-0.826342105865	0.558092772961	
-0.994636118412	-0.101039871573	-0.022135771811	
0.0724729150534	-0.528057575226	-0.846110463142	
0.0738019272685	-0.843176245689	0.532547771931	
-0.996174633503	-0.0821311548352	-0.0298430304974	
0.0696513876319	-0.540038764477	-0.838753163815	
0.0527713745832	-0.837623178959	0.543693482876	
-0.995872855186	-0.0881910994649	-0.0214386824518	
0.0667731389403	-0.551958858967	-0.831193566322	
0.061470605433	-0.829194664955	0.555569648743	
-0.997138559818	-0.0705752968788	-0.0270900484174	
0.061408393085	-0.54721057415	-0.834739208221	
0.0440880060196	-0.834014177322	0.549978673458	
-0.995121657848	-0.0961022898555	-0.0222976133227	
0.0686953365803	-0.512771785259	-0.855772197247	
0.070808082819	-0.853129208088	0.516872107983	
-0.988953411579	0.0689116865396	0.131233751774	
0.0725112110376	0.997105956078	0.0228443946689	
-0.129279717803	0.0321079604328	-0.991088211536	
-0.990181088448	0.048874899745	0.130968019366	
0.0555476360023	0.997311770916	0.0477880649269	
-0.128280296922	0.0545938014984	-0.990234136581	
-0.984539449215	0.0504269748926	0.16774751246	
0.0636633560061	0.995187878609	0.0744855850935	
-0.163184195757	0.0840133652091	-0.983012020588	
-0.985451281071	0.040467582643	0.16507025063	
0.0526128672063	0.996167063713	0.069878987968	
-0.161609724164	0.0775471627712	-0.983803212643	
-0.98432046175	0.0672235637903	0.163077518344	
0.0721359848976	0.997096657753	0.0243843309581	
-0.160964846611	0.0357657521963	-0.986311852932	
-0.98284381628	0.0584827400744	0.174922242761	
0.0661545023322	0.997072219849	0.0383486486971	
-0.172167360783	0.0492626279593	-0.983835160732	
-0.985571563244	0.0462237745523	0.162825077772	
0.0631479620934	0.992946445942	0.100347563624	
-0.157038137317	0.109181776643	-0.981538772583	
-0.988426446915	0.0597372502089	0.13944400847	
0.0676064267755	0.996335566044	0.0523911379278	
-0.135803326964	0.0612120963633	-0.988843023777	
-0.878350913525	-0.477340608835	-0.0254098530859	
-0.224022090435	0.364098668098	0.90401673317	
-0.422272205353	0.799736261368	-0.426741242409	
-0.8822286129	-0.468496471643	-0.0467307530344	
-0.245362505317	0.372781544924	0.894891679287	
-0.401833236217	0.80096501112	-0.443830013275	
-0.874863624573	-0.481625765562	-0.0514810308814	
-0.249833002687	0.35763451457	0.899822771549	
-0.41496643424	0.800083875656	-0.433207422495	
-0.883406460285	-0.467230290174	-0.0359008014202	
-0.229561880231	0.36470285058	0.902381956577	
-0.408527076244	0.80541151762	-0.429439127445	
-0.895624995232	-0.443332195282	-0.036227863282	
-0.225714996457	0.382786661386	0.895838797092	
-0.383286625147	0.810512781143	-0.442900031805	
-0.886029720306	-0.463489532471	-0.0113486088812	
-0.224667087197	0.407815665007	0.88499212265	
-0.405556440353	0.786679029465	-0.465467631817	
-0.89603304863	-0.442834556103	-0.0319745354354	
-0.208374500275	0.355846375227	0.911017775536	
-0.39205211401	0.822964727879	-0.411125540733	
-0.894431769848	-0.445269584656	-0.0415548197925	
-0.223521515727	0.364638388157	0.903923094273	
-0.387336969376	0.817785918713	-0.425671488047	
0.882417619228	-0.461854696274	0.0896065756679	
0.00597341079265	0.2014464885	0.97948127985	
-0.470428973436	-0.86377632618	0.180518776178	
0.886377632618	-0.457396477461	0.0715758800507	
0.0194696001709	0.191294983029	0.981339454651	
-0.462553322315	-0.868443846703	0.17846493423	
0.886625230312	-0.458876132965	0.0576919801533	
0.0413985699415	0.20298601687	0.978306114674	
-0.460631996393	-0.865002512932	0.198969334364	
0.886521697044	-0.458344489336	0.0632422268391	
0.0354228317738	0.203517705202	0.978430271149	
-0.461329042912	-0.865159451962	0.196658730507	
0.894003033638	-0.442944765091	0.0675166100264	
0.0338285453618	0.21698255837	0.975589156151	
-0.446782052517	-0.86989569664	0.208967253566	
0.896280348301	-0.440896451473	0.0478734113276	
0.0318168066442	0.17159473896	0.984653711319	
-0.442345142365	-0.881002604961	0.167824909091	
0.886749744415	-0.458434075117	0.0592711381614	
0.0345455519855	0.193587496877	0.98047465086	
-0.460957109928	-0.86738806963	0.187500521541	
0.90099978447	-0.429330170155	0.0622493103147	
0.0325234979391	0.209936469793	0.977173924446	
-0.432598650455	-0.878408968449	0.203116044402	
0.205008223653	-0.365848749876	-0.907814025879	
0.678052842617	0.721973955631	-0.137833148241	
0.705844163895	-0.587288916111	0.396075367928	
0.20694245398	-0.376232326031	-0.903119087219	
0.670521855354	0.726750016212	-0.149113669991	
0.712443172932	-0.574703156948	0.402667433023	
0.200106948614	-0.374325037003	-0.905449032784	
0.681711435318	0.716958403587	-0.145740151405	
0.703723490238	-0.588091373444	0.398650020361	
0.204643562436	-0.352762341499	-0.913060665131	
0.66414731741	0.735271573067	-0.135218456388	
0.719047546387	-0.578735172749	0.384754747152	
0.205325946212	-0.350540220737	-0.91376298666	
0.670563578606	0.730454385281	-0.129540741444	
0.712871432304	-0.586138129234	0.38504076004	
0.203132137656	-0.348554819822	-0.915011942387	
0.688263714314	0.715506732464	-0.119763277471	
0.696441233158	-0.605441749096	0.385240018368	
0.206908389926	-0.378589630127	-0.902141213417	
0.661609828472	0.733431398869	-0.156047493219	
0.720736682415	-0.564577996731	0.40223172307	
0.199467509985	-0.354849487543	-0.91339725256	
0.668765068054	0.730594336987	-0.137786835432	
0.716216444969	-0.583364188671	0.383040785789	
-0.456455588341	0.860155761242	0.227553024888	
0.794819295406	0.279250890017	0.538777530193	
0.399888187647	0.426791548729	-0.811134040356	
-0.458364903927	0.852479457855	0.251357018948	
0.788979232311	0.260089755058	0.556655287743	
0.409161806107	0.453466683626	-0.791804611683	
-0.460504591465	0.847776174545	0.263080060482	
0.797350108624	0.26482501626	0.542310416698	
0.390087634325	0.45950332284	-0.797927498817	
-0.459189325571	0.853207111359	0.247351452708	
0.791590988636	0.266634047031	0.549809038639	
0.403148680925	0.448267608881	-0.797826588154	
-0.42537266016	0.871803641319	0.242933228612	
0.800884068012	0.237602472305	0.549663305283	
0.42147693038	0.428373098373	-0.799283206463	
-0.452642053366	0.849994719028	0.269488662481	
0.791575133801	0.243893772364	0.560289800167	
0.410516768694	0.466931253672	-0.783231258392	
-0.446689158678	0.860083758831	0.246423795819	
0.799656271935	0.26026904583	0.541119039059	
0.401271224022	0.438766360283	-0.804030776024	
-0.46590334177	0.858716070652	0.213402971625	
0.780934751034	0.285662442446	0.55546182394	
0.41602280736	0.425445318222	-0.803692281246	
-0.832156538963	-0.511390566826	0.214464992285	
0.536938965321	-0.839712440968	0.0811144039035	
0.138607785106	0.182654485106	0.97335767746	
-0.829657196999	-0.503413915634	0.241336748004	
0.535918056965	-0.839278280735	0.0916723534465	
0.156399548054	0.205393344164	0.966101825237	
-0.838709175587	-0.505835473537	0.201735898852	
0.530807375908	-0.842121243477	0.0952643528581	
0.121698006988	0.186982005835	0.974796056747	
-0.839150905609	-0.502020418644	0.209287524223	
0.532730162144	-0.83621263504	0.130180582404	
0.109655566514	0.220734924078	0.969150006771	
-0.826068341732	-0.527049899101	0.19957318902	
0.54746234417	-0.83451706171	0.0621786564589	
0.13377597928	0.160622641444	0.97790813446	
-0.841358959675	-0.486891597509	0.234631046653	
0.521162211895	-0.845874071121	0.113520905375	
0.143195942044	0.217792674899	0.965433180332	
-0.831357717514	-0.519374966621	0.197722032666	
0.547269463539	-0.826994478703	0.128748819232	
0.0966461226344	0.215243563056	0.971766293049	
-0.855284631252	-0.482612460852	0.188609078526	
0.507348299026	-0.853956580162	0.115567818284	
0.105289489031	0.194533869624	0.97522854805	
-0.0281513016671	0.503221511841	0.863698780537	
0.577513039112	0.713434994221	-0.396849095821	
-0.815895915031	0.487625509501	-0.310701131821	
0.00580691779032	0.501546859741	0.865110993385	
0.577749967575	0.704438745975	-0.412275403738	
-0.81619310379	0.502211928368	-0.285678088665	
-0.00926501769572	0.51962262392	0.854345619678	
0.588269531727	0.693725705147	-0.415552228689	
-0.808611869812	0.498735398054	-0.312105536461	
0.0059685735032	0.518620848656	0.854983508587	
0.58388197422	0.692307114601	-0.424019694328	
-0.811816632748	0.501740276814	-0.298681259155	
0.00509073445573	0.494379043579	0.869231522083	
0.578925013542	0.707302212715	-0.405671566725	
-0.815364897251	0.505285024643	-0.282607704401	
0.00363833876327	0.484144985676	0.874980211258	
0.584443926811	0.708961546421	-0.394713580608	
-0.811425924301	0.512812972069	-0.280376136303	
-0.0231222771108	0.519954025745	0.853881239891	
0.581334114075	0.701856970787	-0.411639899015	
-0.813336312771	0.486872255802	-0.318495541811	
-0.00566674442962	0.492340028286	0.870384514332	
0.572955965996	0.71495950222	-0.400692343712	
-0.819566547871	0.49642136693	-0.286140650511	
0.739218115807	0.665716171265	0.101875334978	
-0.670977532864	0.715019226074	0.196307435632	
0.0578422062099	-0.213470071554	0.975235760212	
0.736876666546	0.663853645325	0.127714917064	
-0.675037324429	0.712328255177	0.192127689719	
0.0365697145462	-0.227786764503	0.973024070263	
0.733589887619	0.672623932362	0.0970718711615	
-0.676243841648	0.708327770233	0.202400773764	
0.0673809051514	-0.214123412967	0.974479854107	
0.720246493816	0.686043024063	0.102907374501	
-0.689988195896	0.693085670471	0.208682790399	
0.0718417465687	-0.221307933331	0.972554147243	
0.743004143238	0.657303273678	0.126084402204	
-0.668153226376	0.717504858971	0.196870684624	
0.0389375649393	-0.230519428849	0.972288370132	
0.718742549419	0.681840240955	0.1360257864	
-0.69458425045	0.695424318314	0.18422190845	
0.0310142748058	-0.226889491081	0.973426580429	
0.728582859039	0.674320161343	0.120246984065	
-0.682489573956	0.699793875217	0.210942000151	
0.0580943413079	-0.235756054521	0.970074295998	
0.707704246044	0.697664618492	0.111439451575	
-0.705096423626	0.687479317188	0.173813819885	
0.0446514412761	-0.201584339142	0.978452861309	
-0.219209372997	-0.955740630627	-0.19623221457	
-0.919464886189	0.269640117884	-0.286144137383	
0.326391667128	0.117703154683	-0.937877655029	
-0.198806613684	-0.959247708321	-0.200797885656	
-0.92482483387	0.251426041126	-0.285454034805	
0.324306935072	0.128952726722	-0.937121212482	
-0.208092838526	-0.964872121811	-0.160371780396	
-0.928812384605	0.246326670051	-0.276822537184	
0.306602180004	0.091350518167	-0.947444021702	
-0.189495041966	-0.969372153282	-0.156234577298	
-0.923266232014	0.230066463351	-0.307650506496	
0.334172189236	0.0859478637576	-0.938585042953	
-0.186443537474	-0.962619423866	-0.19647552073	
-0.926002681255	0.238997429609	-0.292231589556	
0.328264951706	0.127452164888	-0.935947656631	
-0.199362024665	-0.957456171513	-0.208644285798	
-0.923300921917	0.254864215851	-0.287331908941	
0.328283697367	0.135358393192	-0.93483042717	
-0.186218604445	-0.972052931786	-0.14295348525	
-0.926443219185	0.222170710564	-0.303880125284	
0.32714766264	0.0758501514792	-0.941924154758	
-0.204061612487	-0.966016530991	-0.158653348684	
-0.9226821661	0.243944451213	-0.298577815294	
0.327133715153	0.0854583531618	-0.9411059618	
0.10050085187	0.853779315948	0.510842859745	
0.928519487381	-0.264935016632	0.260117262602	
0.357422918081	0.448185533285	-0.819376945496	
0.101019650698	0.868607163429	0.485094457865	
0.920224428177	-0.266898691654	0.286272853613	
0.378129720688	0.417476564646	-0.826275527477	
0.0800708532333	0.874208688736	0.478902727365	
0.928265035152	-0.240455389023	0.283734470606	
0.363197892904	0.421829789877	-0.830750823021	
0.0925007387996	0.867406010628	0.488927841187	
0.920470654964	-0.26174351573	0.290213942528	
0.3797070086	0.423198699951	-0.822633206844	
0.106816656888	0.855098426342	0.507342934608	
0.924273788929	-0.273473739624	0.266327053308	
0.366480827332	0.440475583076	-0.8195566535	
0.0868239626288	0.87825858593	0.470237642527	
0.919078886509	-0.252743214369	0.302348852158	
0.384389847517	0.405934393406	-0.829133093357	
0.112129613757	0.870742619038	0.478784143925	
0.927946925163	-0.264103263617	0.262990385294	
0.355445384979	0.414797246456	-0.837616741657	
0.100458331406	0.876630961895	0.470559537411	
0.927739977837	-0.253402769566	0.274017423391	
0.359453260899	0.409029573202	-0.838742017746	
0.929997503757	-0.0414147563279	-0.36522513628	
-0.000757429865189	-0.993845939636	0.110768601298	
-0.367564976215	-0.102737896144	-0.924305617809	
0.930274009705	-0.0340063460171	-0.365285903215	
0.0150615302846	-0.991314947605	0.130643829703	
-0.366556078196	-0.127036333084	-0.921682357788	
0.928994357586	-0.044423609972	-0.367418050766	
0.00224079634063	-0.992076516151	0.125615239143	
-0.370087116957	-0.117519155145	-0.921533942223	
0.926222860813	-0.0453246235847	-0.374241799116	
0.00471764849499	-0.991274476051	0.131729632616	
-0.376946926117	-0.12377654016	-0.917927205563	
0.935059845448	-0.027929129079	-0.353387892246	
0.0179597251117	-0.991878867149	0.125911876559	
-0.35403457284	-0.124081887305	-0.926964521408	
0.934208750725	-0.0503485389054	-0.353155761957	
-0.014377607964	-0.994499504566	0.103749997914	
-0.356436878443	-0.0918466299772	-0.9297940135	
0.922560989857	-0.0344186536968	-0.384313046932	
0.0189886149019	-0.990756869316	0.134314134717	
-0.385383695364	-0.131210550666	-0.913380086422	
0.927445054054	-0.0447146184742	-0.371276557446	
0.0056169196032	-0.991048038006	0.133387684822	
-0.373917281628	-0.125795170665	-0.918891429901	
0.807556807995	-0.573316514492	0.138420566916	
0.161678522825	-0.0105126881972	-0.986787497997	
0.567196726799	0.819266557693	0.0842033699155	
0.814786016941	-0.567347705364	0.119332656264	
0.134765684605	-0.0148508027196	-0.990766227245	
0.563881099224	0.823344409466	0.0643587708473	
0.807836294174	-0.575445830822	0.12752494216	
0.134873852134	-0.0301422830671	-0.990404188633	
0.573767840862	0.817284286022	0.0532625578344	
0.807554662228	-0.577429831028	0.120125934482	
0.134773716331	-0.0176194328815	-0.990719735622	
0.574187636375	0.81625020504	0.0635937079787	
0.817925214767	-0.558962464333	0.136232450604	
0.158286973834	-0.00902110990137	-0.987351953983	
0.553121626377	0.829143881798	0.0810978859663	
0.834216177464	-0.543452501297	0.0935030132532	
0.129098787904	0.0276228673756	-0.991246938705	
0.536112785339	0.838985323906	0.0932024940848	
0.805822372437	-0.577044427395	0.13292889297	
0.141041606665	-0.030987450853	-0.989518582821	
0.575115323067	0.816124677658	0.05641688779	
0.84168279171	-0.528325438499	0.111545458436	
0.128221437335	-0.00511327711865	-0.991732358932	
0.524527788162	0.849026560783	0.0634388849139	
0.204779610038	0.977730631828	-0.0459146164358	
-0.675802886486	0.107297748327	-0.729230880737	
-0.70806479454	0.180360838771	0.682725548744	
0.189917042851	0.980467379093	-0.0511388070881	
-0.688195288181	0.0957934260368	-0.71917372942	
-0.700227618217	0.171776846051	0.692945837975	
0.22484767437	0.973430395126	-0.0433217845857	
-0.661132693291	0.1197495386	-0.740650773048	
-0.71578425169	0.195175051689	0.670492112637	
0.211627423763	0.975869774818	-0.0537776760757	
-0.682563602924	0.108190767467	-0.722773551941	
-0.699514627457	0.189665406942	0.688989341259	
0.178993821144	0.983606338501	-0.0219043996185	
-0.669400990009	0.105439096689	-0.735380828381	
-0.721015632153	0.146291449666	0.677299976349	
0.186386600137	0.979130327702	-0.0810172855854	
-0.666987061501	0.0655562058091	-0.742179691792	
-0.721379458904	0.192369818687	0.665286064148	
0.165332794189	0.985219061375	-0.0448163636029	
-0.664701998234	0.0777452811599	-0.743052423	
-0.728585124016	0.152640447021	0.667730927467	
0.228240936995	0.972738921642	-0.0410498306155	
-0.673004388809	0.12716384232	-0.728625059128	
-0.703541874886	0.193928778172	0.683681547642	
-0.490350484848	-0.847313046455	0.204002380371	
0.363394588232	0.0139779811725	0.931530475616	
-0.792149484158	0.530909776688	0.301054865122	
-0.479971796274	-0.851985633373	0.209159091115	
0.341446906328	0.0381949804723	0.939124703407	
-0.80810958147	0.522170066833	0.272575348616	
-0.492204636335	-0.846919834614	0.201150014997	
0.382918864489	-0.00313697638921	0.923776626587	
-0.781733810902	0.531711280346	0.325845628977	
-0.491085827351	-0.841863274574	0.223832443357	
0.379339128733	0.0246372371912	0.924929618835	
-0.78417891264	0.539128243923	0.307252675295	
-0.497122645378	-0.835003137589	0.235878810287	
0.352389603853	0.0541286356747	0.9342867136	
-0.792900145054	0.54757630825	0.267337858677	
-0.492813020945	-0.839877903461	0.227465257049	
0.362782418728	0.039287339896	0.931045353413	
-0.790900886059	0.541351675987	0.285331606865	
-0.519066751003	-0.830598592758	0.201682120562	
0.381265252829	-0.0138150146231	0.92436248064	
-0.764987945557	0.55670017004	0.323849320412	
-0.491965502501	-0.835975468159	0.243135675788	
0.379598796368	0.0453569255769	0.92403870821	
-0.783501565456	0.546889185905	0.295021235943	
-0.293268471956	-0.17458333075	0.939954400063	
0.87859082222	-0.436846673489	0.192984730005	
0.376924037933	0.882431685925	0.281500667334	
-0.302435338497	-0.194690138102	0.933074831963	
0.867589950562	-0.461631894112	0.184888362885	
0.394741147757	0.865443110466	0.308524996042	
-0.265057563782	-0.168640047312	0.949370861053	
0.875111460686	-0.455495178699	0.163413673639	
0.40487575531	0.874119400978	0.268311291933	
-0.27724814415	-0.181352853775	0.943527758121	
0.868882536888	-0.466478258371	0.1656537503	
0.410093396902	0.865741968155	0.286904573441	
-0.270231515169	-0.165311619639	0.948497235775	
0.87320458889	-0.457069605589	0.169118568301	
0.405571997166	0.873933315277	0.267865478992	
-0.276969820261	-0.169216036797	0.945861339569	
0.874267756939	-0.452804028988	0.174998238683	
0.398677319288	0.875405311584	0.273353159428	
-0.269801467657	-0.149841949344	0.951185882092	
0.873955011368	-0.452799588442	0.176564827561	
0.40423977375	0.878931105137	0.253121107817	
-0.279867291451	-0.17702499032	0.943576395512	
0.875199079514	-0.451011627913	0.174971804023	
0.394589543343	0.87478607893	0.281155496836	
0.167219668627	0.643653213978	-0.746825397015	
0.760559499264	-0.566225290298	-0.317707717419	
-0.627364993095	-0.514878153801	-0.584220528603	
0.174598038197	0.650326311588	-0.739318072796	
0.757050931454	-0.568769216537	-0.321520626545	
-0.629594683647	-0.503564536572	-0.591636121273	
0.150180906057	0.630145549774	-0.761815130711	
0.748441398144	-0.57593113184	-0.328844666481	
-0.645973086357	-0.520787775517	-0.558120846748	
0.167602077127	0.633660793304	-0.755237400532	
0.746603906155	-0.581866264343	-0.322512447834	
-0.643810629845	-0.509809434414	-0.570615589619	
0.142086774111	0.624715805054	-0.767816066742	
0.766939878464	-0.559872090816	-0.313602358103	
-0.62579113245	-0.544310033321	-0.558669865131	
0.169345602393	0.637202084064	-0.751861393452	
0.766726136208	-0.564503729343	-0.305722922087	
-0.619235873222	-0.524698972702	-0.584155738354	
0.1379878968	0.617908060551	-0.774047136307	
0.761664390564	-0.565771043301	-0.315864562988	
-0.633108735085	-0.545978665352	-0.54870814085	
0.157478779554	0.627736926079	-0.762329876423	
0.740537464619	-0.585765063763	-0.329368442297	
-0.653302907944	-0.512665271759	-0.557108283043	
-0.204825460911	-0.918900728226	-0.337146818638	
0.450525313616	-0.394301205873	0.800970375538	
-0.868949651718	0.0121659608558	0.49475094676	
-0.192601025105	-0.915835857391	-0.35234862566	
0.473816514015	-0.401235252619	0.783905684948	
-0.85930365324	-0.0159675534815	0.511216461658	
-0.201496556401	-0.912707567215	-0.355477124453	
0.420529574156	-0.408381640911	0.810172379017	
-0.884620845318	0.0137583091855	0.46610802412	
-0.190144881606	-0.915077865124	-0.35563659668	
0.433341443539	-0.403276234865	0.805967390537	
-0.880942761898	-0.000861510983668	0.473222076893	
-0.182844281197	-0.92527616024	-0.332313090563	
0.450804889202	-0.379288494587	0.8080316782	
-0.873694956303	-0.00206439383328	0.486469745636	
-0.184694752097	-0.917558908463	-0.35209864378	
0.453173667192	-0.397412985563	0.797932684422	
-0.872078835964	-0.0121878609061	0.489213645458	
-0.188941270113	-0.916990101337	-0.351326495409	
0.412992030382	-0.398794203997	0.818780064583	
-0.890920162201	0.00960630457848	0.454058289528	
-0.20551109314	-0.912735044956	-0.353100419044	
0.421977221966	-0.408182770014	0.809519648552	
-0.883006453514	0.0173649378121	0.46903949976	
0.931289792061	0.0490446127951	-0.360962569714	
0.161408901215	0.832757890224	0.529586076736	
0.326567769051	-0.551460683346	0.767622709274	
0.93342936039	-0.00027273845626	-0.358761101961	
0.201275646687	0.828193604946	0.523052036762	
0.296981006861	-0.560441970825	0.773115158081	
0.9475902915	0.0203103031963	-0.318841844797	
0.159435331821	0.834768116474	0.527012884617	
0.276862800121	-0.550226986408	0.787779986858	
0.945356369019	-0.00280552357435	-0.326026707888	
0.182619512081	0.83293992281	0.522361159325	
0.270095169544	-0.553356289864	0.78793746233	
0.941031694412	0.024095389992	-0.337459266186	
0.166133567691	0.836004137993	0.522969186306	
0.294718503952	-0.548193871975	0.782703340054	
0.936604201794	0.00186721468344	-0.350384145975	
0.190360307693	0.836826384068	0.513307511806	
0.294169127941	-0.547465205193	0.783419668674	
0.948030889034	-0.00953342858702	-0.318035542965	
0.182949125767	0.834126472473	0.520348548889	
0.260321140289	-0.551490843296	0.792521774769	
0.944380223751	-0.00736232940108	-0.328773200512	
0.187333628535	0.833723127842	0.519434154034	
0.270281583071	-0.552133619785	0.788730859756	
-0.0625984743237	-0.0408664345741	0.997201740742	
-0.834224760532	0.550618588924	-0.0298027768731	
-0.54785990715	-0.833756029606	-0.0685596764088	
-0.0943944826722	-0.0357613489032	0.99489235878	
-0.870890855789	0.487143397331	-0.0651189908385	
-0.482326477766	-0.872589528561	-0.0771278738976	
-0.0793059766293	-0.0248815920204	0.996539771557	
-0.839960098267	0.540018081665	-0.0533619895577	
-0.536821782589	-0.841285526752	-0.0637262091041	
-0.0645435228944	-0.0155611950904	0.99779355526	
-0.865417003632	0.498728275299	-0.048202611506	
-0.496877759695	-0.866618692875	-0.0456566028297	
-0.05169069767	-0.0210869163275	0.998440504074	
-0.84137326479	0.539496421814	-0.032165016979	
-0.537976861	-0.841723799706	-0.0456289164722	
-0.0522541962564	-0.00079992035171	0.998633503914	
-0.864059507847	0.501391172409	-0.044810898602	
-0.500670194626	-0.865220367908	-0.0268909726292	
-0.0819901898503	-0.0222717355937	0.996384263039	
-0.844837248325	0.531910479069	-0.0576301775873	
-0.528703689575	-0.846507668495	-0.0624274350703	
-0.092453584075	-0.0231154039502	0.99544864893	
-0.851373374462	0.520264863968	-0.0669912919402	
-0.516348421574	-0.853692054749	-0.0677801892161	
0.931960940361	-0.0762670561671	-0.354446262121	
-0.118896156549	0.859271347523	-0.497510313988	
0.342509150505	0.505802452564	0.791739463806	
0.930929481983	-0.119269654155	-0.345173925161	
-0.0888772234321	0.842758834362	-0.530903339386	
0.354219049215	0.524911642075	0.773948729038	
0.910657823086	-0.0856462493539	-0.404186964035	
-0.137265458703	0.859993040562	-0.49149787426	
0.389692902565	0.503067314625	0.771403074265	
0.916765749454	-0.0815967991948	-0.391001999378	
-0.132348686457	0.861555933952	-0.490107357502	
0.376861274242	0.501062214375	0.779045701027	
0.911855399609	-0.104375854135	-0.397020608187	
-0.125481247902	0.849978029728	-0.511655926704	
0.390863329172	0.516374886036	0.761959850788	
0.916032254696	-0.123126834631	-0.381739020348	
-0.104020111263	0.846235632896	-0.522556245327	
0.387381851673	0.518386900425	0.762371480465	
0.925683915615	-0.100724421442	-0.364642053843	
-0.102057218552	0.861669838428	-0.49710097909	
0.36427128315	0.497372746468	0.787354290485	
0.933677375317	-0.115642122924	-0.338929951191	
-0.0829890370369	0.850793719292	-0.51890540123	
0.34836679697	0.512617707253	0.784769833088	
-0.955672621727	0.262404054403	-0.133543848991	
-0.275680631399	-0.956750273705	0.0928931832314	
-0.10339255631	0.125590920448	0.9866797328	
-0.957896649837	0.252387613058	-0.136874243617	
-0.262347370386	-0.963099598885	0.0601079910994	
-0.11665302515	0.0934858396649	0.988763093948	
-0.966840982437	0.232599824667	-0.105431519449	
-0.240173980594	-0.968496918678	0.0658042877913	
-0.0868040323257	0.0889441892505	0.992246925831	
-0.956460773945	0.25672480464	-0.138834863901	
-0.267054229975	-0.961721301079	0.0614339821041	
-0.117748819292	0.0958356335759	0.988408207893	
-0.963460445404	0.249019101262	-0.0986582413316	
-0.258768767118	-0.960453212261	0.102802217007	
-0.0691569149494	0.124575547874	0.989797055721	
-0.966534435749	0.227828040719	-0.117922008038	
-0.238450810313	-0.967391252518	0.0854129269719	
-0.0946172624826	0.110673129559	0.989342749119	
-0.957354724407	0.243881374598	-0.154899448156	
-0.259189456701	-0.96185195446	0.0875308960676	
-0.127643167973	0.123946420848	0.984044969082	
-0.956077873707	0.245371028781	-0.160337731242	
-0.259036928415	-0.963295161724	0.0704435035586	
-0.13716776669	0.1088828668	0.984545350075	
0.21769721806	0.256999850273	0.941572606564	
-0.139242693782	-0.94666403532	0.290583282709	
0.966032803059	-0.194366276264	-0.170300781727	
0.198513776064	0.258612006903	0.945363461971	
-0.128349989653	-0.949393868446	0.286666363478	
0.971657633781	-0.17824460566	-0.155274897814	
0.187649026513	0.228356271982	0.955322563648	
-0.161023542285	-0.952289640903	0.259260296822	
0.968947529793	-0.202479377389	-0.141925483942	
0.203201234341	0.242193177342	0.948710560799	
-0.130221515894	-0.953633129597	0.271341562271	
0.97043889761	-0.178679466248	-0.16224065423	
0.20319108665	0.261904329062	0.943461418152	
-0.144172355533	-0.945056796074	0.293397277594	
0.968466699123	-0.195636764169	-0.154267758131	
0.202506035566	0.26173299551	0.943656265736	
-0.160798534751	-0.941655099392	0.295684874058	
0.965989232063	-0.211616516113	-0.148604556918	
0.211168840528	0.240642428398	0.947364211082	
-0.135439515114	-0.952667117119	0.272179096937	
0.968020617962	-0.185786291957	-0.168581113219	
0.195822432637	0.233746498823	0.952373981476	
-0.154906660318	-0.951609909534	0.265410095453	
0.96832716465	-0.199502319098	-0.150137677789	
-0.351341128349	0.84008616209	0.413297265768	
-0.239914655685	-0.507485091686	0.827586770058	
0.904986381531	0.191609174013	0.379849374294	
-0.335258364677	0.843627929688	0.419396847486	
-0.236565679312	-0.506279170513	0.829287707806	
0.911942183971	0.178810730577	0.369307756424	
-0.335959136486	0.845555126667	0.414931237698	
-0.234498232603	-0.501754522324	0.832618176937	
0.912218213081	0.182425037026	0.366850197315	
-0.322207808495	0.855618298054	0.405091881752	
-0.245693325996	-0.488831073046	0.837065696716	
0.91423022747	0.170180737972	0.367724895477	
-0.331773579121	0.852200746536	0.404574036598	
-0.251136898994	-0.493177622557	0.832890212536	
0.909316539764	0.174727499485	0.37764236331	
-0.335951805115	0.845781326294	0.414475917816	
-0.236859291792	-0.50177437067	0.831937611103	
0.911610722542	0.181318446994	0.368903160095	
-0.331444352865	0.84966468811	0.410139709711	
-0.260325431824	-0.500195980072	0.82585388422	
0.906849086285	0.166954800487	0.386976450682	
-0.32943764329	0.850395798683	0.410241216421	
-0.246177017689	-0.496830523014	0.832199692726	
0.911519467831	0.173165947199	0.373022556305	
0.631370544434	0.180990070105	-0.75406485796	
0.48641705513	-0.849741399288	0.203317582607	
-0.603961646557	-0.495158731937	-0.624538362026	
0.611545681953	0.192689299583	-0.767386972904	
0.517274975777	-0.831273853779	0.203495368361	
-0.59869736433	-0.521396756172	-0.608035266399	
0.636655926704	0.179425314069	-0.749983847141	
0.488680392504	-0.846216440201	0.21238937974	
-0.596540629864	-0.501721382141	-0.626430332661	
0.639206171036	0.184716567397	-0.746522128582	
0.484351098537	-0.850702404976	0.204228907824	
-0.597343683243	-0.492123186588	-0.633241891861	
0.635013639927	0.186525195837	-0.749643921852	
0.498011231422	-0.840685248375	0.212680891156	
-0.590544223785	-0.50838637352	-0.626738250256	
0.642295598984	0.19232134521	-0.741935908794	
0.503255009651	-0.835931181908	0.218982622027	
-0.578092336655	-0.514034569263	-0.633701622486	
0.62910336256	0.19056622684	-0.753600358963	
0.50030785799	-0.841247618198	0.204925566912	
-0.594912588596	-0.505951523781	-0.624573469162	
0.626433670521	0.178015500307	-0.758875072002	
0.50499278307	-0.834311425686	0.221148535609	
-0.593770325184	-0.521761357784	-0.612537324429	
-0.36232560873	0.806605577469	-0.467019855976	
0.111551724374	0.534992992878	0.837459683418	
0.925352036953	0.251336216927	-0.283819913864	
-0.355479180813	0.807278811932	-0.471100330353	
0.0995763242245	0.533861219883	0.8396884799	
0.929364919662	0.251581311226	-0.270162403584	
-0.32316249609	0.821181118488	-0.47034829855	
0.0917884558439	0.5218719244	0.848071098328	
0.941881537437	0.2308922261	-0.244024381042	
-0.329384148121	0.811057627201	-0.483416557312	
0.100668147206	0.539235532284	0.836116611958	
0.938814163208	0.226738914847	-0.259263306856	
-0.331514149904	0.805610775948	-0.491008788347	
0.0709729641676	0.540260016918	0.83849978447	
0.94077694416	0.243126198649	-0.236280426383	
-0.309106111526	0.802995383739	-0.509560406208	
0.072822637856	0.554211616516	0.829184174538	
0.948235332966	0.219198361039	-0.22978644073	
-0.336816608906	0.798046648502	-0.499676018953	
0.0887558981776	0.555230736732	0.826946914196	
0.937377691269	0.234180271626	-0.25784227252	
-0.317275822163	0.814529776573	-0.48567199707	
0.100882567465	0.538215517998	0.836747765541	
0.942952156067	0.216483980417	-0.252934634686	
0.745277881622	0.515232741833	-0.423197507858	
-0.265704602003	-0.352633863688	-0.897246003151	
-0.611524283886	0.781143128872	-0.125910520554	
0.764316320419	0.487440556288	-0.422163784504	
-0.267285972834	-0.356312334538	-0.895321011543	
-0.586837947369	0.797146916389	-0.142049312592	
0.753400564194	0.493767291307	-0.434259682894	
-0.294427156448	-0.337198168039	-0.894209206104	
-0.587962806225	0.801555514336	-0.10866677016	
0.752474665642	0.484559237957	-0.446076482534	
