-0.513703048229	-0.065843321383	0.855437815189	
-0.779396653175	0.452635467052	-0.433199703693	
-0.3586781919	-0.889261364937	-0.283838272095	
-0.509128630161	-0.0770828872919	0.857231736183	
-0.782107055187	0.457212328911	-0.423397570848	
-0.359300225973	-0.886010766029	-0.293066948652	
-0.524430811405	-0.0743993595243	0.848196327686	
-0.773326516151	0.458461761475	-0.437925726175	
-0.356284201145	-0.88559448719	-0.297966480255	
-0.515109062195	-0.0722291246057	0.854075849056	
-0.775593161583	0.463435858488	-0.428581953049	
-0.364853292704	-0.883181810379	-0.294740438461	
-0.510353028774	-0.0622636340559	0.857707977295	
-0.777847349644	0.458754628897	-0.429531991482	
-0.366733312607	-0.886378824711	-0.28255841136	
-0.509918093681	-0.0752638205886	0.856924057007	
-0.777033567429	0.467678397894	-0.421302467585	
-0.369056046009	-0.880688548088	-0.29696020484	
-0.518129050732	-0.0724303722382	0.852230072021	
-0.771313250065	0.470166116953	-0.428975135088	
-0.36961889267	-0.87960088253	-0.29947322607	
-0.50925141573	-0.0733821764588	0.857483565807	
-0.777728140354	0.465876668692	-0.422016382217	
-0.3685131073	-0.88180154562	-0.294319719076	
-0.154879301786	0.708903372288	-0.688090443611	
-0.860186994076	0.245789587498	0.44683983922	
0.485891729593	0.661092638969	0.571721732616	
-0.151280716062	0.709616303444	-0.68815612793	
-0.852921426296	0.258176088333	0.453729182482	
0.499639064074	0.655583620071	0.566189885139	
-0.141628667712	0.70677536726	-0.69311606884	
-0.860314965248	0.258481860161	0.439369231462	
0.489693284035	0.658525407314	0.57144099474	
-0.139369830489	0.710197150707	-0.690069615841	
-0.858129799366	0.261135965586	0.442064732313	
0.494155108929	0.653779804707	0.573046863079	
-0.147049173713	0.710064649582	-0.688610732555	
-0.860587716103	0.251352101564	0.442956984043	
0.487611860037	0.657746434212	0.574111759663	
-0.152097284794	0.710974752903	-0.686572194099	
-0.856209456921	0.252229809761	0.45087197423	
0.4937325418	0.656425952911	0.570379793644	
-0.146112605929	0.705377936363	-0.693608760834	
-0.859232962132	0.256989121437	0.442351996899	
0.490275233984	0.660604715347	0.568534612656	
-0.145322099328	0.708178579807	-0.690915763378	
-0.856623470783	0.259358793497	0.446014821529	
0.495053201914	0.656670451164	0.568951845169	
0.785833775997	0.249771282077	0.565755784512	
0.216182082891	0.746158599854	-0.629692494869	
-0.579422652721	0.617139875889	0.532360553741	
0.782283842564	0.272217601538	0.560294151306	
0.204402655363	0.737482607365	-0.643691658974	
-0.588431417942	0.618075191975	0.521278738976	
0.774837732315	0.25408822298	0.578848540783	
0.222435817122	0.747527241707	-0.625879645348	
-0.591733694077	0.613711833954	0.522693991661	
0.776942133904	0.253609031439	0.576232016087	
0.221180379391	0.74697893858	-0.62697827816	
-0.589440524578	0.614577054977	0.524266064167	
0.781234323978	0.260367959738	0.567346036434	
0.205441698432	0.750991106033	-0.627539694309	
-0.589463055134	0.606812059879	0.533209562302	
0.782669663429	0.26193100214	0.564641773701	
0.219164118171	0.733083367348	-0.643860161304	
-0.582576453686	0.627679049969	0.516356229782	
0.776923775673	0.262961655855	0.572049498558	
0.210300192237	0.748023808002	-0.629471421242	
-0.593433439732	0.609353423119	0.525856554508	
0.777851641178	0.254732519388	0.574506878853	
0.221348404884	0.744537234306	-0.629816770554	
-0.588176608086	0.617070198059	0.522754907608	
0.945197403431	0.0833918005228	-0.315670162439	
-0.18918389082	0.927872002125	-0.321345597506	
0.266103893518	0.363454759121	0.892798602581	
0.949206829071	0.0737092718482	-0.305897563696	
-0.176298856735	0.929830908775	-0.323006540537	
0.260624438524	0.360529392958	0.895596683025	
0.949858367443	0.0873542800546	-0.30023047328	
-0.183796718717	0.93277066946	-0.310092896223	
0.252958238125	0.349725693464	0.902055442333	
0.955401003361	0.080040179193	-0.284257799387	
-0.175567314029	0.927935421467	-0.328803896904	
0.237455353141	0.36404594779	0.90060287714	
0.949161291122	0.0779608115554	-0.304983526468	
-0.181672587991	0.926879763603	-0.328464597464	
0.257075697184	0.367173045874	0.893921732903	
0.951639354229	0.0836724489927	-0.295603513718	
-0.182843148708	0.927484929562	-0.326098293066	
0.246882349253	0.364377051592	0.897930085659	
0.949623048306	0.0879603996873	-0.300797432661	
-0.1880235672	0.927780866623	-0.322288453579	
0.250725448132	0.362609535456	0.897580683231	
0.951002538204	0.0858476012945	-0.297025889158	
-0.187081739306	0.924631595612	-0.331748217344	
0.246159732342	0.371061503887	0.895387470722	
-0.609916985035	0.381884425879	-0.694381415844	
0.729299783707	-0.0723203346133	-0.680361390114	
-0.310037314892	-0.921376168728	-0.234398826957	
-0.613330543041	0.377507090569	-0.693768024445	
0.732759594917	-0.0558504015207	-0.678191781044	
-0.294769436121	-0.924320876598	-0.242367193103	
-0.593472182751	0.378950506449	-0.710061490536	
0.746092677116	-0.0718834623694	-0.661950469017	
-0.301888138056	-0.922620892525	-0.240071356297	
-0.595598161221	0.384876966476	-0.705076277256	
0.748311758041	-0.0532798431814	-0.661204040051	
-0.292048543692	-0.921428740025	-0.256274580956	
-0.612841665745	0.367945879698	-0.699314594269	
0.732129633427	-0.068614564836	-0.677700698376	
-0.297340333462	-0.927312195301	-0.227334216237	
-0.620737969875	0.375486522913	-0.688254475594	
0.72545838356	-0.0578142516315	-0.685833573341	
-0.297312170267	-0.925022900105	-0.236512333155	
-0.609112620354	0.372081726789	-0.700383484364	
0.733066797256	-0.0728582814336	-0.676243066788	
-0.302646428347	-0.925336062908	-0.228381872177	
-0.607066452503	0.386368632317	-0.694398760796	
0.73613601923	-0.0556864850223	-0.674538969994	
-0.299289315939	-0.920661866665	-0.250614464283	
0.590189576149	0.538250029087	-0.601633787155	
-0.69141715765	0.7217207551	-0.0325795859098	
0.416675627232	0.435208052397	0.798107385635	
0.592831432819	0.533488094807	-0.603275537491	
-0.687447249889	0.725436687469	-0.0340283513069	
0.419484466314	0.434893161058	0.796806573868	
0.581212639809	0.539863049984	-0.608884036541	
-0.691411197186	0.722193837166	-0.0196608435363	
0.429118126631	0.432416379452	0.793015599251	
0.592485487461	0.5370631814	-0.60043656826	
-0.689170360565	0.723866581917	-0.0325785577297	
0.417139232159	0.433105438948	0.799008488655	
0.595114409924	0.53222244978	-0.602144539356	
-0.681327700615	0.731486737728	-0.0268278568983	
0.426182359457	0.426223397255	0.797936201096	
0.589979708195	0.537422597408	-0.602578580379	
-0.689123928547	0.724065303802	-0.0289424173534	
0.420751899481	0.432326734066	0.797534584999	
0.594221234322	0.529525339603	-0.60539573431	
-0.680645763874	0.73208719492	-0.0277428906411	
0.428511917591	0.428545475006	0.795440971851	
0.586754024029	0.527595877647	-0.614298224449	
-0.692212462425	0.7204464674	-0.0424124337733	
0.420192360878	0.450110524893	0.787933290005	
0.229712203145	-0.8129966259	0.535040915012	
-0.948434472084	-0.0636222213507	0.310522645712	
-0.218413352966	-0.578782081604	-0.785688817501	
0.226125970483	-0.815949201584	0.532065749168	
-0.948547422886	-0.0601624920964	0.310866981745	
-0.221641257405	-0.574984669685	-0.787570774555	
0.222017005086	-0.814353227615	0.536225020885	
-0.951772749424	-0.0615713335574	0.300562113523	
-0.211747616529	-0.577094316483	-0.788749098778	
0.221211791039	-0.81841313839	0.530344545841	
-0.950783014297	-0.0599981509149	0.303993225098	
-0.216972351074	-0.571489453316	-0.791405618191	
0.237444937229	-0.81500262022	0.528574168682	
-0.946680426598	-0.0721707418561	0.313986480236	
-0.217752203345	-0.57494533062	-0.788683593273	
0.232815146446	-0.817967951298	0.526047050953	
-0.945933759212	-0.0648486018181	0.31781116128	
-0.225845918059	-0.57159692049	-0.788841247559	
0.234701871872	-0.805331707001	0.544385790825	
-0.948188066483	-0.0662989318371	0.31071510911	
-0.214136525989	-0.58910548687	-0.779166400433	
0.227149575949	-0.819288909435	0.526468157768	
-0.949367523193	-0.0658118352294	0.307197153568	
-0.217035397887	-0.569591462612	-0.792755424976	
0.947594881058	-0.115697205067	0.297788590193	
-0.199604839087	-0.942201673985	0.269098371267	
0.249442979693	-0.314436286688	-0.915919244289	
0.94636541605	-0.124231830239	0.298259854317	
-0.206533566117	-0.942500114441	0.262749820948	
0.24846804142	-0.310258001089	-0.917607545853	
0.947464764118	-0.111924424767	0.299638837576	
-0.194465473294	-0.945328950882	0.261794447899	
0.253956079483	-0.30631044507	-0.917431294918	
0.948253929615	-0.111392788589	0.297331631184	
-0.196074157953	-0.941990315914	0.272413551807	
0.249738618731	-0.316616266966	-0.915087282658	
0.949931383133	-0.110006347299	0.292453318834	
-0.192618265748	-0.94314211607	0.27088946104	
0.246025487781	-0.313658237457	-0.917109549046	
0.945625126362	-0.125569552183	0.300042361021	
-0.207688450813	-0.943038642406	0.25989151001	
0.25031709671	-0.308075278997	-0.917840361595	
0.94740575552	-0.109509214759	0.300715982914	
-0.19267603755	-0.945434451103	0.262734919786	
0.255535364151	-0.306857347488	-0.916809797287	
0.944943070412	-0.125154867768	0.302355527878	
-0.208676174283	-0.942190647125	0.262166053057	
0.252065181732	-0.310826390982	-0.916433334351	
-0.995196461678	-0.0932997539639	-0.0296497605741	
0.0749979019165	-0.531934082508	-0.843457996845	
0.0629227086902	-0.841630160809	0.536376237869	
-0.994939088821	-0.0937073975801	-0.0362642258406	
0.0816607028246	-0.543804109097	-0.835229694843	
0.0585465691984	-0.833964049816	0.548704147339	
-0.994432389736	-0.103377528489	-0.0204282160848	
0.0736215561628	-0.542883217335	-0.836574971676	
0.0753929167986	-0.833421170712	0.54747146368	
-0.994375228882	-0.102970033884	-0.0248013734818	
0.0758206248283	-0.528544783592	-0.84551268816	
0.0739538297057	-0.842637300491	0.533379077911	
-0.995308339596	-0.0926004573703	-0.0280448775738	
0.0734704658389	-0.53473931551	-0.841817080975	
0.0629559457302	-0.839927971363	0.539033889771	
-0.995152771473	-0.0958446264267	-0.0220168717206	
0.0707971975207	-0.542852044106	-0.836838960648	
0.0682546123862	-0.834341347218	0.547006249428	
-0.995980918407	-0.0857686847448	-0.0258024167269	
0.068130813539	-0.538499474525	-0.839866995811	
0.0581396967173	-0.838249385357	0.542178690434	
-0.994761586189	-0.0992257073522	-0.0245688986033	
0.0729544535279	-0.520780026913	-0.850567936897	
0.0716032087803	-0.847904682159	0.525290966034	
-0.987415254116	0.0702263265848	0.141701519489	
0.0771701261401	0.99604165554	0.0441111177206	
-0.138042852283	0.0544911138713	-0.988926112652	
-0.988411903381	0.0584276914597	0.140100523829	
0.0670525580645	0.996082544327	0.0576496124268	
-0.136183351278	0.0663756579161	-0.988457560539	
-0.985209882259	0.0594428889453	0.160711020231	
0.0716197863221	0.994897127151	0.071065209806	
-0.155666604638	0.0815242379904	-0.984439790249	
-0.985853135586	0.0532458089292	0.15892931819	
0.0647375285625	0.995581030846	0.0680250450969	
-0.154604971409	0.0773513913155	-0.984943687916	
-0.984663486481	0.0683887898922	0.160501539707	
0.0760914310813	0.996201574802	0.042338758707	
-0.156996384263	0.0539022237062	-0.986127138138	
-0.984069824219	0.0640289187431	0.165852114558	
0.0734044834971	0.995996117592	0.0510248728096	
-0.161920979619	0.0623863264918	-0.984829723835	
-0.98565030098	0.0584779456258	0.158347263932	
0.0727585554123	0.993639945984	0.0859406664968	
-0.152314528823	0.0962285548449	-0.983636260033	
-0.987176179886	0.0663759335876	0.14518083632	
0.0754093751311	0.995486199856	0.0576247274876	
-0.140700623393	0.06783375144	-0.987725615501	
-0.885034203529	-0.464869558811	-0.0247134584934	
-0.219840660691	0.370565742254	0.902414023876	
-0.410346865654	0.804100334644	-0.430160582066	
-0.886966109276	-0.460376650095	-0.0366661734879	
-0.231885313988	0.375277012587	0.897438764572	
-0.399399876595	0.804500162601	-0.439612597227	
-0.883186757565	-0.467497110367	-0.0377836078405	
-0.232468783855	0.366358667612	0.900965929031	
-0.407356619835	0.804504692554	-0.432241618633	
-0.888040065765	-0.458784013987	-0.0300354026258	
-0.221955865622	0.37058198452	0.901889443398	
-0.402641862631	0.807580471039	-0.430921435356	
-0.894719779491	-0.445612639189	-0.0300985053182	
-0.219862416387	0.380784630775	0.898144543171	
-0.388763487339	0.810205161572	-0.438669025898	
-0.88952922821	-0.456550598145	-0.0173013936728	
-0.21975107491	0.394341647625	0.892302691936	
-0.400558680296	0.797531306744	-0.451105892658	
-0.894251465797	-0.446809440851	-0.0259938482195	
-0.209496945143	0.366553157568	0.906504154205	
-0.395506501198	0.816088318825	-0.421395897865	
-0.893579125404	-0.447706997395	-0.0327835567296	
-0.219181209803	0.371397763491	0.902232408524	
-0.391759991646	0.813401579857	-0.430002272129	
0.888656616211	-0.453274667263	0.0695090442896	
0.0214586611837	0.192514374852	0.981059491634	
-0.458070904016	-0.870333433151	0.180805832148	
0.890343129635	-0.451327264309	0.0599403306842	
0.0282026659697	0.186071902514	0.982131302357	
-0.454415857792	-0.872743368149	0.178396463394	
0.890053808689	-0.452936202288	0.0515073575079	
0.0413065887988	0.192659988999	0.980395793915	
-0.453980177641	-0.870477378368	0.190187007189	
0.890243887901	-0.4520175457	0.0560890249908	
0.0368203110993	0.194156110287	0.980279386044	
-0.453993529081	-0.870622515678	0.189489722252	
0.894273638725	-0.443802058697	0.0575707554817	
0.0368346497416	0.201201841235	0.978856980801	
-0.446002095938	-0.873245418072	0.196276798844	
0.895743668079	-0.442022830248	0.0475295260549	
0.0351714193821	0.177034914494	0.983575940132	
-0.44317740202	-0.879360258579	0.174124479294	
0.890302956104	-0.452204167843	0.0535910651088	
0.0371352359653	0.189394727349	0.981198549271	
-0.453851938248	-0.871573865414	0.185411408544	
0.897702515125	-0.437188535929	0.0547394491732	
0.0371057651937	0.19881169498	0.979335010052	
-0.439036905766	-0.877120316029	0.194695979357	
0.197994336486	-0.371273219585	-0.907168388367	
0.682336270809	0.716640532017	-0.144373103976	
0.703715503216	-0.590408802032	0.395223945379	
0.197962358594	-0.377007633448	-0.904807269573	
0.67939800024	0.718151450157	-0.150588259101	
0.706561565399	-0.584913432598	0.398305177689	
0.195476055145	-0.376072347164	-0.90573656559	
0.684250473976	0.71391493082	-0.148750826716	
0.702559888363	-0.590673446655	0.396880924702	
0.196703597903	-0.363719105721	-0.910503208637	
0.675281882286	0.723535835743	-0.143144369125	
0.71084600687	-0.586689293385	0.387935012579	
0.197596117854	-0.363241910934	-0.910500466824	
0.678881287575	0.720737457275	-0.140206128359	
0.707160532475	-0.590417504311	0.389013051987	
0.195664748549	-0.362098038197	-0.9113727808	
0.688852369785	0.712205767632	-0.135075554252	
0.697995483875	-0.601371765137	0.388785660267	
0.197970598936	-0.379700183868	-0.903678834438	
0.67379283905	0.722291767597	-0.155877441168	
0.71190649271	-0.578033208847	0.398831814528	
0.195023655891	-0.362558186054	-0.911327242851	
0.679032802582	0.720384597778	-0.141281723976	
0.707728922367	-0.591267764568	0.386680930853	
-0.448280185461	0.863321423531	0.231777846813	
0.800155460835	0.271957665682	0.534593582153	
0.398492336273	0.425106018782	-0.812704563141	
-0.450216621161	0.858718931675	0.244758561254	
0.795768618584	0.261524528265	0.546220839024	
0.405039817095	0.440688878298	-0.801084280014	
-0.450269162655	0.856665551662	0.251757532358	
0.801934480667	0.264008164406	0.535911142826	
0.392630577087	0.443197339773	-0.805864334106	
-0.44953083992	0.85983389616	0.242090329528	
0.798469305038	0.265286803246	0.540434658527	
0.400460660458	0.436243772507	-0.805805563927	
-0.430593311787	0.870233654976	0.239338129759	
0.804209709167	0.249572739005	0.539407253265	
0.409678071737	0.424743205309	-0.807314753532	
-0.445468604565	0.85889852047	0.252687722445	
0.798695802689	0.253720521927	0.545628964901	
0.404527842999	0.44488120079	-0.799023151398	
-0.442481726408	0.863589525223	0.241708636284	
0.802334904671	0.26083406806	0.536865234375	
0.400585353374	0.431484311819	-0.808302342892	
-0.453078567982	0.86277449131	0.224365696311	
0.792527496815	0.274585604668	0.544520795345	
0.408191055059	0.424526691437	-0.808181405067	
-0.837107002735	-0.49702462554	0.228513389826	
0.527315914631	-0.844307422638	0.095304094255	
0.145567074418	0.200278475881	0.968864679337	
-0.834904372692	-0.49316623807	0.244380325079	
0.527823805809	-0.843262910843	0.101536795497	
0.156002342701	0.213763266802	0.964348733425	
-0.840092241764	-0.49385663867	0.224389597774	
0.524303734303	-0.845349431038	0.102420523763	
0.139106556773	0.203690990806	0.969102323055	
-0.840080857277	-0.492066890001	0.228329360485	
0.525930345058	-0.841934323311	0.120597884059	
0.132896110415	0.221397310495	0.966085851192	
-0.834234416485	-0.504365086555	0.222865000367	
0.531830668449	-0.842711687088	0.0836250707507	
0.145633369684	0.188289344311	0.971255898476	
-0.842106819153	-0.482228130102	0.241478964686	
0.518003940582	-0.847839832306	0.113311864436	
0.150093317032	0.220507740974	0.963767766953	
-0.836735248566	-0.501104593277	0.220835372806	
0.532997906208	-0.837782144547	0.118466749787	
0.125647693872	0.216830089688	0.968089520931	
-0.848930597305	-0.481945633888	0.216899111867	
0.512292206287	-0.851267039776	0.113583259284	
0.129898101091	0.207540020347	0.969563603401	
-0.0200062226504	0.509118974209	0.860463619232	
0.588355541229	0.701833546162	-0.401581197977	
-0.808354794979	0.498224407434	-0.313583999872	
-0.00298261921853	0.508787155151	0.860887169838	
0.589674174786	0.696184277534	-0.409404218197	
-0.807635724545	0.506421804428	-0.302095085382	
-0.0123784728348	0.517754077911	0.855439901352	
0.594433069229	0.691732048988	-0.410068452358	
-0.80404984951	0.503425717354	-0.316332727671	
-0.00454368488863	0.516432285309	0.856315970421	
0.591920912266	0.691579580307	-0.41394123435	
-0.805983245373	0.504990518093	-0.308829396963	
-0.00173303484917	0.505675554276	0.862721979618	
0.588369429111	0.698106408119	-0.408005952835	
-0.80859041214	0.50689214468	-0.298733890057	
-0.00413065962493	0.500185787678	0.865908265114	
0.592489540577	0.698783636093	-0.400821089745	
-0.80556756258	0.511385917664	-0.299241274595	
-0.0180263016373	0.517248392105	0.855645477772	
0.58990073204	0.696467399597	-0.408595532179	
-0.807274520397	0.497380435467	-0.317679941654	
-0.00984479673207	0.502254009247	0.864664077759	
0.586065411568	0.7035202384	-0.401978313923	
-0.810203909874	0.502792298794	-0.301279753447	
0.738380134106	0.664203226566	0.116742752492	
-0.673378229141	0.716692686081	0.18142041564	
0.0368313454092	-0.212569251657	0.976451635361	
0.736352562904	0.664159595966	0.129139155149	
-0.676094830036	0.714918255806	0.178290978074	
0.0260897241533	-0.218595340848	0.975466787815	
0.7359136343	0.667074263096	0.115943968296	
-0.67579460144	0.713144004345	0.186352565885	
0.0416262671351	-0.215493708849	0.975617587566	
0.728684782982	0.674715220928	0.117379039526	
-0.683368802071	0.705086708069	0.189366906881	
0.0450063273311	-0.218201965094	0.974865317345	
0.740153729916	0.660010874271	0.128678247333	
-0.67186999321	0.71800082922	0.181839317083	
0.0276248399168	-0.221044108272	0.974872469902	
0.727918386459	0.672889769077	0.131735280156	
-0.68522310257	0.707010984421	0.174942091107	
0.0245784521103	-0.217611610889	0.975725948811	
0.732940614223	0.667941093445	0.12904548645	
-0.67928314209	0.708235442638	0.192293912172	
0.0370464138687	-0.228598430753	0.972815692425	
0.721994638443	0.680822491646	0.123306505382	
-0.691263735294	0.702151656151	0.170697137713	
0.029634591192	-0.208479732275	0.977577626705	
-0.220594391227	-0.958673655987	-0.179674580693	
-0.918734192848	0.266086369753	-0.291762858629	
0.327514320612	0.100711926818	-0.939463376999	
-0.209753572941	-0.960590481758	-0.182398915291	
-0.921954035759	0.256430029869	-0.290248900652	
0.325582891703	0.107282668352	-0.939407348633	
-0.21663710475	-0.962636351585	-0.162479430437	
-0.923517167568	0.256036907434	-0.285589188337	
0.316519260406	0.0881833210588	-0.944478273392	
-0.205907702446	-0.965466499329	-0.159613341093	
-0.920851111412	0.246357396245	-0.302227169275	
0.331112146378	0.0847492143512	-0.9397777915	
-0.203408762813	-0.9630240798	-0.17666195333	
-0.922750353813	0.248882770538	-0.294260263443	
0.327347844839	0.103159762919	-0.939255774021	
-0.210685655475	-0.959639728069	-0.186287745833	
-0.920659959316	0.2588506639	-0.292201340199	
0.328628718853	0.109945036471	-0.938037991524	
-0.204410627484	-0.96677005291	-0.15353167057	
-0.922164916992	0.242796912789	-0.301100552082	
0.328372001648	0.0800333619118	-0.941151678562	
-0.212485656142	-0.963710904121	-0.161589384079	
-0.920504331589	0.252900511026	-0.297847568989	
0.327904969454	0.0854553803802	-0.940837740898	
0.110720470548	0.861585557461	0.495390027761	
0.925378739834	-0.271186083555	0.264824986458	
0.362512260675	0.429101884365	-0.827318847179	
0.110175207257	0.869280099869	0.481885373592	
0.920673668385	-0.271924108267	0.280030876398	
0.374461531639	0.412806719542	-0.830282568932	
0.100396588445	0.871951282024	0.479188382626	
0.924901127815	-0.259304970503	0.278062641621	
0.366713017225	0.415285348892	-0.832502067089	
0.105364605784	0.868485033512	0.48438835144	
0.920831620693	-0.269117385149	0.28221437335	
0.375456273556	0.416304707527	-0.8280839324	
0.113544583321	0.863604962826	0.491216957569	
0.922587037086	-0.275126188993	0.270441770554	
0.368701517582	0.422483205795	-0.827989816666	
0.102940604091	0.874794840813	0.473431289196	
0.920201480389	-0.264467865229	0.288593143225	
0.377667158842	0.405944228172	-0.832211971283	
0.116126686335	0.870028078556	0.479130119085	
0.924688339233	-0.27080053091	0.267616391182	
0.362582474947	0.411968648434	-0.835952043533	
0.110782973468	0.872767269611	0.475399255753	
0.92454791069	-0.265990883112	0.272873729467	
0.364607125521	0.409299612045	-0.836382389069	
0.923669874668	-0.0504407063127	-0.379854798317	
-0.00769630633295	-0.993540465832	0.113217040896	
-0.383111864328	-0.1016516909	-0.918091595173	
0.923664987087	-0.0469989962876	-0.38030782342	
0.000370615860447	-0.992340147495	0.123534977436	
-0.383200734854	-0.11424588412	-0.916572451591	
0.923295795918	-0.0520338080823	-0.380548715591	
-0.00595023809001	-0.992599844933	0.121285185218	
-0.384043544531	-0.109717749059	-0.916772902012	
0.921872496605	-0.0524085909128	-0.383932828903	
-0.00488926656544	-0.99230581522	0.123714528978	
-0.387462496758	-0.11217187345	-0.915035665035	
0.926404058933	-0.0440818928182	-0.37394157052	
0.00195841514505	-0.99254566431	0.121857471764	
-0.376525789499	-0.113621592522	-0.919412016869	
0.926109135151	-0.0555638223886	-0.373141378164	
-0.015141014941	-0.993771672249	0.110401913524	
-0.376951664686	-0.0965944826603	-0.921182334423	
0.919586241245	-0.0470132641494	-0.390065222979	
0.00291279959492	-0.991971731186	0.126426041126	
-0.392877399921	-0.117395825684	-0.91206663847	
0.922607779503	-0.0518477372825	-0.382238984108	
-0.00455133523792	-0.992319822311	0.123614914715	
-0.385712474585	-0.112308382988	-0.915758013725	
0.811036527157	-0.571185112	0.126362115145	
0.145153358579	-0.0127607882023	-0.989326894283	
0.566701233387	0.820722103119	0.0725599676371	
0.815206944942	-0.567486763	0.11574306339	
0.130617037416	-0.0145539920777	-0.991326093674	
0.564248919487	0.82325387001	0.0622589290142	
0.810497045517	-0.572480738163	0.123936906457	
0.133955851197	-0.0248227342963	-0.990676343441	
0.570219576359	0.819542348385	0.0565683916211	
0.811072528362	-0.572876274586	0.118212208152	
0.132529228926	-0.0168652217835	-0.991035580635	
0.56973451376	0.819468319416	0.062243938446	
0.81647837162	-0.563497185707	0.125832945108	
0.143932878971	-0.0124132214114	-0.98950958252	
0.559147894382	0.826024711132	0.070970647037	
0.824940264225	-0.555653333664	0.103551723063	
0.128782838583	0.00639040861279	-0.99165225029	
0.550353109837	0.831389546394	0.0768303126097	
0.810325443745	-0.572640061378	0.124322295189	
0.135283559561	-0.0236111693084	-0.99052554369	
0.570150017738	0.8194668293	0.0583360530436	
0.82890099287	-0.548097968102	0.111856244504	
0.128164276481	-0.00856439583004	-0.991715967655	
0.544515490532	0.836370289326	0.0631475374103	
0.209647700191	0.976570427418	-0.0485598742962	
-0.668729424477	0.106975071132	-0.735769867897	
-0.713336408138	0.186725884676	0.67548841238	
0.20108230412	0.978195846081	-0.0519494451582	
-0.675598859787	0.100087113678	-0.730444252491	
-0.709318041801	0.181976392865	0.68099373579	
0.218449130654	0.974692225456	-0.0474876202643	
-0.660452783108	0.111846812069	-0.742490708828	
-0.718388557434	0.193559780717	0.66817098856	
0.211246460676	0.97597515583	-0.0533609725535	
-0.672576010227	0.105529591441	-0.732465028763	
-0.709236502647	0.190619960427	0.678710281849	
0.196086600423	0.979972362518	-0.0347009822726	
-0.664266049862	0.106717824936	-0.7398391366	
-0.721318721771	0.168123215437	0.671888291836	
0.199324712157	0.977700054646	-0.0661232620478	
-0.663331389427	0.0849508717656	-0.743488311768	
-0.721291303635	0.192057222128	0.66547191143	
0.18862862885	0.980985045433	-0.0456902831793	
-0.662545263767	0.0927797555923	-0.743253469467	
-0.724881350994	0.170470759273	0.667447924614	
0.220564484596	0.974295318127	-0.0458255186677	
-0.66783028841	0.116609692574	-0.735122382641	
-0.710882544518	0.192745551467	0.676383852959	
-0.500933110714	-0.844923198223	0.187538862228	
0.354706019163	-0.00276956660673	0.93497377634	
-0.789461612701	0.534880459309	0.301086694002	
-0.494651466608	-0.847694635391	0.191660404205	
0.343090981245	0.0121523691341	0.939223527908	
-0.798503935337	0.530345261097	0.284825205803	
-0.500835478306	-0.845086932182	0.187061205506	
0.364859998226	-0.01015222352	0.931007027626	
-0.784882843494	0.534532487392	0.313423007727	
-0.499713212252	-0.842894136906	0.199539884925	
0.362296044827	0.0058559817262	0.932044684887	
-0.786783516407	0.538047552109	0.302450895309	
-0.503826260567	-0.839595258236	0.203073590994	
0.347920328379	0.0179373789579	0.937352478504	
-0.790639340878	0.542916238308	0.283074945211	
-0.500102818012	-0.842280805111	0.20114736259	
0.354008108377	0.0131340324879	0.935150146484	
-0.7903008461	0.538878977299	0.291605859995	
-0.513769745827	-0.837321460247	0.186904788017	
0.364560723305	-0.015864411369	0.931044459343	
-0.776618361473	0.54648065567	0.313405185938	
-0.498910933733	-0.840964317322	0.20944429934	
0.363041549921	0.0166451744735	0.931624293327	
-0.786948978901	0.540834486485	0.297000527382	
-0.296905189753	-0.173541098833	0.939005196095	
0.870406150818	-0.453615099192	0.191380441189	
0.392734587193	0.874137759209	0.285731911659	
-0.301756232977	-0.184188216925	0.935423910618	
0.865072906017	-0.465311646461	0.187440395355	
0.400739312172	0.865771234035	0.299746900797	
-0.282592713833	-0.171674162149	0.94375282526	
0.869052648544	-0.462305217981	0.176128834486	
0.40606507659	0.869943618774	0.279837965965	
-0.289435088634	-0.178034409881	0.9404951334	
0.865547657013	-0.468227922916	0.177735313773	
0.408723056316	0.865486204624	0.289618849754	
-0.284132510424	-0.169339984655	0.943712174892	
0.868391633034	-0.462662965059	0.17843465507	
0.406404554844	0.870210886002	0.278511017561	
-0.288025677204	-0.172191515565	0.942014455795	
0.868382096291	-0.461632370949	0.181130081415	
0.403675317764	0.870198607445	0.28249001503	
-0.283776938915	-0.163088902831	0.944919407368	
0.869730949402	-0.458733528852	0.182021051645	
0.403780579567	0.873479008675	0.272021442652	
-0.289754450321	-0.176878154278	0.940614938736	
0.86958104372	-0.459216237068	0.181519195437	
0.399838864803	0.870536923409	0.286869823933	
0.165044918656	0.642072439194	-0.748667597771	
0.753662824631	-0.571743965149	-0.324193030596	
-0.636201620102	-0.510736525059	-0.578269600868	
0.169324010611	0.646983265877	-0.743466198444	
0.75150680542	-0.57280343771	-0.32731294632	
-0.637625992298	-0.5032979846	-0.583201706409	
0.157216653228	0.635165512562	-0.756206154823	
0.747936606407	-0.576604187489	-0.328813761473	
-0.64488273859	-0.513899207115	-0.565715312958	
0.168407410383	0.636556267738	-0.752618789673	
0.747095644474	-0.580509245396	-0.323816478252	
-0.64302957058	-0.507745087147	-0.573330461979	
0.151303693652	0.631980419159	-0.760070979595	
0.757306158543	-0.568290352821	-0.321766197681	
-0.635290980339	-0.526922047138	-0.564587056637	
0.166941419244	0.63982963562	-0.750165760517	
0.757190048695	-0.5705088377	-0.318092465401	
-0.631501197815	-0.51491522789	-0.579714179039	
0.148553356528	0.628497540951	-0.763493776321	
0.755426228046	-0.570357501507	-0.322526812553	
-0.638171732426	-0.528850793839	-0.559512078762	
0.159763902426	0.63380753994	-0.756811439991	
0.744558691978	-0.580749869347	-0.329183787107	
-0.648157298565	-0.510898828506	-0.56468975544	
-0.216853797436	-0.914022386074	-0.342837363482	
0.441535413265	-0.405053555965	0.800611078739	
-0.870643973351	0.0222407113761	0.491410672665	
-0.209757372737	-0.912669897079	-0.35076418519	
0.452917695045	-0.408631563187	0.79239243269	
-0.866526067257	0.00734284939244	0.499077826738	
-0.213441178203	-0.911666512489	-0.351151019335	
0.424439430237	-0.410273104906	0.807172298431	
-0.87993979454	0.0232414733618	0.474516391754	
-0.208011522889	-0.91278475523	-0.351504176855	
0.430992215872	-0.40813100338	0.804782450199	
-0.878052890301	0.0159084480256	0.478299081326	
-0.204444333911	-0.917911708355	-0.340059787035	
0.43873795867	-0.396475166082	0.806421995163	
-0.875049412251	0.015671281144	0.483779788017	
-0.205628633499	-0.91351723671	-0.351003021002	
0.44001814723	-0.406672537327	0.800625681877	
-0.874128639698	0.0101838614792	0.485587656498	
-0.206670179963	-0.913641571999	-0.350066512823	
0.419416725636	-0.405978858471	0.811954915524	
-0.883955359459	0.0209831185639	0.467100262642	
-0.215929225087	-0.911027789116	-0.351287484169	
0.423227697611	-0.411548554897	0.807159304619	
-0.87991642952	0.025614682585	0.474437564611	
0.939835727215	0.0170997790992	-0.341198474169	
0.17632573843	0.83115285635	0.527346313	
0.292605608702	-0.555780947208	0.778132021427	
0.941008031368	-0.00863840617239	-0.338273882866	
0.196122378111	0.828569233418	0.524412989616	
0.275753229856	-0.559819936752	0.781384527683	
0.947677195072	0.00227572303265	-0.319222122431	
0.174608230591	0.833438038826	0.524302363396	
0.267245024443	-0.552608251572	0.789432883263	
0.946393609047	-0.00963687058538	-0.32287183404	
0.186949506402	0.831474006176	0.523164272308	
0.263417869806	-0.555480062962	0.788703322411	
0.944732010365	0.00391488568857	-0.327820152044	
0.1783760041	0.832829713821	0.524000644684	
0.275069773197	-0.553515434265	0.786102592945	
0.942038476467	-0.00762841291726	-0.335418045521	
0.19141548872	0.833284854889	0.518648684025	
0.275542318821	-0.552791237831	0.786446630955	
0.948293209076	-0.01413805224	-0.317080646753	
0.186973839998	0.832150638103	0.522078633308	
0.256477683783	-0.554369390011	0.791766226292	
0.946000516415	-0.0126652764156	-0.32391756773	
0.189876437187	0.831529557705	0.522020637989	
0.262735515833	-0.555336117744	0.78903222084	
-0.073886923492	-0.0354277268052	0.996637165546	
-0.837846517563	0.544227898121	-0.0427689701319	
-0.540882527828	-0.838189065456	-0.0698943212628	
-0.0902668759227	-0.0308141745627	0.995440781116	
-0.859254956245	0.50775206089	-0.0621998794377	
-0.503520429134	-0.860952019691	-0.0723104178905	
-0.0802699774504	-0.0263528749347	0.996424734592	
-0.84152507782	0.53755491972	-0.053574629128	
-0.534221172333	-0.842816829681	-0.0653261244297	
-0.0728039816022	-0.0210170950741	0.997124791145	
-0.85490489006	0.516218304634	-0.0515392534435	
-0.513650894165	-0.856199145317	-0.0555503629148	
-0.0660381391644	-0.0233478676528	0.997543931007	
-0.841836750507	0.538005590439	-0.0431379973888	
-0.535677015781	-0.842617869377	-0.0551839768887	
-0.0681869313121	-0.011304714717	0.997608542442	
-0.854768097401	0.516340613365	-0.0525726564229	
-0.514511466026	-0.856308698654	-0.0448705889285	
-0.081107199192	-0.0253001470119	0.996384203434	
-0.843927204609	0.533615589142	-0.055147420615	
-0.530290901661	-0.845348656178	-0.0646315515041	
-0.0862300246954	-0.0248076654971	0.995966374874	
-0.84803378582	0.526499390602	-0.0603080168366	
-0.522879600525	-0.849813461304	-0.0664377957582	
0.927566111088	-0.0917059257627	-0.362230837345	
-0.111643016338	0.857115507126	-0.502880573273	
0.356590777636	0.50689548254	0.78479295969	
0.926753342152	-0.114115737379	-0.357918739319	
-0.0963740199804	0.848642408848	-0.520113587379	
0.363098144531	0.516511082649	0.775484383106	
0.915983021259	-0.0972257256508	-0.389258682728	
-0.120258450508	0.859056591988	-0.497553706169	
0.382770240307	0.502562403679	0.775188982487	
0.919410645962	-0.0954647436738	-0.381537139416	
-0.117317825556	0.859361767769	-0.497728765011	
0.3753939569	0.502378225327	0.778906583786	
0.917377829552	-0.108315266669	-0.38299575448	
-0.112900726497	0.851918518543	-0.511359214783	
0.381669193506	0.512350082397	0.769302308559	
0.919705033302	-0.118869207799	-0.374182790518	
-0.100732386112	0.849717497826	-0.517525970936	
0.379467576742	0.513663589954	0.769515454769	
0.923384130001	-0.10484573245	-0.369281828403	
-0.102777145803	0.859337925911	-0.500974297523	
0.369862884283	0.500545442104	0.782723248005	
0.928357839584	-0.11335799098	-0.353979796171	
-0.0919181406498	0.852758646011	-0.51415348053	
0.360142737627	0.509855568409	0.781245529652	
-0.958456754684	0.263380676508	-0.109504900873	
-0.272179365158	-0.959325253963	0.0749226436019	
-0.0853176414967	0.101615086198	0.991158545017	
-0.95947688818	0.25829988718	-0.112628750503	
-0.265684425831	-0.962423443794	0.0561509355903	
-0.0938927680254	0.0837992280722	0.992049336433	
-0.963905215263	0.248833879828	-0.0947017371655	
-0.254988491535	-0.965113639832	0.0594686605036	
-0.0766001194715	0.0814700052142	0.993727862835	
-0.958622515202	0.261075407267	-0.113501086831	
-0.268764793873	-0.961428284645	0.0584902539849	
-0.0938527882099	0.0865751728415	0.991814672947	
-0.961797773838	0.256788790226	-0.0948921740055	
-0.264544159174	-0.960981369019	0.0808156132698	
-0.0704370737076	0.102831453085	0.99220174551	
-0.963298618793	0.246241852641	-0.106867998838	
-0.254313647747	-0.964603126049	0.0697525367141	
-0.0859092101455	0.0943705141544	0.991823494434	
-0.959407687187	0.254583090544	-0.12134385854	
-0.264354169369	-0.961700975895	0.0724437236786	
-0.0982535630465	0.101580820978	0.989963412285	
-0.959122717381	0.254461616278	-0.123826242983	
-0.263484269381	-0.962624490261	0.062690705061	
-0.103245794773	0.0927543416619	0.9903216362	
0.214965894818	0.248712152243	0.944421470165	
-0.148702636361	-0.947418153286	0.283348500729	
0.965234279633	-0.201348230243	-0.166678443551	
0.204363331199	0.250207036734	0.946378409863	
-0.144095465541	-0.948561310768	0.281900495291	
0.96823143959	-0.193978965282	-0.157797455788	
0.197212994099	0.233961373568	0.952034175396	
-0.160463929176	-0.95030605793	0.266776621342	
0.96713924408	-0.205378964543	-0.149870336056	
0.205456346273	0.241440296173	0.9484167099	
-0.145107537508	-0.950864136219	0.273498117924	
0.96784889698	-0.193814337254	-0.160326257348	
0.205881595612	0.252234756947	0.945510685444	
-0.152455031872	-0.94614470005	0.285600453615	
0.96662825346	-0.202947735786	-0.15633931756	
0.205436840653	0.251485437155	0.945806920528	
-0.161719173193	-0.944411456585	0.286241084337	
0.965216338634	-0.211759582162	-0.153346896172	
0.211982190609	0.240950092673	0.947104334831	
-0.149411261082	-0.949745416641	0.275063455105	
0.965784549713	-0.199816599488	-0.165328457952	
0.203446343541	0.237489417195	0.949846506119	
-0.158434540033	-0.949364423752	0.271303743124	
0.966182231903	-0.205684259534	-0.155518189073	
-0.344083964825	0.839168131351	0.421192467213	
-0.240235179663	-0.512334048748	0.824500381947	
0.907685697079	0.182512104511	0.377883642912	
-0.335610061884	0.84093862772	0.424485653639	
-0.239711657166	-0.51202750206	0.824843108654	
0.910990774632	0.17507147789	0.373424381018	
-0.335799574852	0.84172898531	0.422765880823	
-0.238291606307	-0.510141730309	0.826421558857	
0.911293447018	0.176770433784	0.37188231945	
-0.328381568193	0.847248136997	0.417535752058	
-0.243607103825	-0.5030631423	0.829206287861	
0.912590324879	0.170581370592	0.371592342854	
-0.333034992218	0.845759809017	0.416866987944	
-0.247312247753	-0.504976689816	0.826943278313	
0.909903466702	0.172304734588	0.377341657877	
-0.33473649621	0.842643737793	0.421785533428	
-0.240006998181	-0.509084939957	0.826576769352	
0.911234378815	0.175453916192	0.37264969945	
-0.333194077015	0.844374239445	0.419540017843	
-0.250891566277	-0.508324384689	0.823808073997	
0.908864736557	0.1692289114	0.381217062473	
-0.331703901291	0.84444797039	0.420571208	
-0.244373336434	-0.507507681847	0.826267302036	
0.911182880402	0.171299695969	0.374702841043	
0.635879695415	0.184800624847	-0.749336838722	
0.487050831318	-0.849246799946	0.203866139054	
-0.598697304726	-0.494599491358	-0.630026102066	
0.625735282898	0.190214604139	-0.75648778677	
0.502506673336	-0.840058088303	0.204424768686	
-0.596609055996	-0.508055925369	-0.62123811245	
0.637319624424	0.183715522289	-0.748379826546	
0.488655328751	-0.847285270691	0.208143219352	
-0.595852077007	-0.498353540897	-0.629765093327	
0.6392365098	0.187352225184	-0.745839059353	
0.486769348383	-0.849418103695	0.203824609518	
-0.595342218876	-0.493343710899	-0.634176373482	
0.6373295784	0.187294080853	-0.747483730316	
0.492898523808	-0.844709694386	0.208606138825	
-0.592336058617	-0.501384496689	-0.630675494671	
0.641254842281	0.19047306478	-0.7433116436	
0.495989352465	-0.842020452023	0.212122812867	
-0.585479974747	-0.504699468613	-0.634422302246	
0.633798480034	0.190330252051	-0.749715864658	
0.494906336069	-0.84467291832	0.203949376941	
-0.594446957111	-0.50030195713	-0.629548072815	
0.632690131664	0.182802781463	-0.752519965172	
0.496350824833	-0.841619849205	0.21286585927	
-0.594423294067	-0.508192002773	-0.623218894005	
-0.343753606081	0.810881853104	-0.473607540131	
0.100535720587	0.533222436905	0.839980006218	
0.933662712574	0.241131693125	-0.264819741249	
-0.339699923992	0.810605883598	-0.476992726326	
0.0936846062541	0.533791363239	0.840410590172	
0.93585640192	0.240800529718	-0.257270157337	
-0.324803054333	0.817702531815	-0.475253075361	
0.0893154963851	0.526771187782	0.845301628113	
0.941554963589	0.232109099627	-0.244130417705	
-0.326899051666	0.812600791454	-0.482511132956	
0.094200745225	0.536036431789	0.83892261982	
0.940352737904	0.228790104389	-0.251777410507	
-0.328493982553	0.809953927994	-0.485866546631	
0.0792714059353	0.53624099493	0.840334236622	
0.941173613071	0.237529426813	-0.240358129144	
-0.316561698914	0.808193027973	-0.496601134539	
0.0790325775743	0.544176638126	0.835239887238	
0.945273816586	0.225157290697	-0.236139059067	
-0.331413537264	0.805330634117	-0.491536021233	
0.0889391973615	0.54532545805	0.833492636681	
0.939284265041	0.232513919473	-0.252353698015	
-0.321057140827	0.814088046551	-0.483924537897	
0.0943274646997	0.535922467709	0.838981151581	
0.942350625992	0.223713517189	-0.248852595687	
0.756093680859	0.50838303566	-0.4121517241	
-0.263760089874	-0.339643448591	-0.902813911438	
-0.598959922791	0.7913210392	-0.122711122036	
0.765455126762	0.495176404715	-0.41094866395	
-0.263570517302	-0.341332286596	-0.902232170105	
-0.587034106255	0.79893219471	-0.130760639906	
0.759881019592	0.497346073389	-0.418602079153	
-0.279096484184	-0.331969410181	-0.901055753231	
-0.587099611759	0.801525533199	-0.113449715078	
0.758308053017	0.495036691427	-0.424155145884	
