-0.505632579327	-0.0840467885137	0.858645379543	
-0.820492267609	0.354501008987	-0.448465645313	
-0.266698539257	-0.931270718575	-0.248207002878	
-0.48511454463	-0.110640026629	0.867422997952	
-0.826807260513	0.380993425846	-0.413803994656	
-0.284699171782	-0.917934000492	-0.276303440332	
-0.53007376194	-0.107421793044	0.841119706631	
-0.808136820793	0.364384531975	-0.462751328945	
-0.256781458855	-0.925032138824	-0.279962182045	
-0.532092511654	-0.10270408541	0.840434074402	
-0.793505489826	0.40673416853	-0.452676862478	
-0.295341491699	-0.907755017281	-0.297916442156	
-0.436432123184	-0.0298120230436	0.899243175983	
-0.832266926765	0.393107771873	-0.390893936157	
-0.341846138239	-0.919008970261	-0.196376428008	
-0.467695713043	-0.0866260901093	0.879634380341	
-0.812534332275	0.43386593461	-0.389292091131	
-0.347920536995	-0.896803379059	-0.273303896189	
-0.523188591003	-0.0854426622391	0.847922921181	
-0.790646374226	0.419980496168	-0.445527404547	
-0.318044036627	-0.903502047062	-0.287283927202	
-0.494424849749	-0.106024369597	0.862729907036	
-0.809988439083	0.416316986084	-0.413036197424	
-0.31537720561	-0.903016626835	-0.291715979576	
-0.223675698042	0.686141014099	-0.692228078842	
-0.857413768768	0.199208363891	0.474507838488	
0.463476896286	0.69966173172	0.543748676777	
-0.204733982682	0.698635697365	-0.685559749603	
-0.83346670866	0.242821574211	0.496357619762	
0.513241827488	0.673012495041	0.532575786114	
-0.155179321766	0.679291367531	-0.717274487019	
-0.87932908535	0.235921964049	0.413667917252	
0.450221836567	0.694913029671	0.560710430145	
-0.145462140441	0.686104416847	-0.712812423706	
-0.868355751038	0.256734073162	0.424318194389	
0.474129796028	0.680696964264	0.558437585831	
-0.189442455769	0.693520188332	-0.695083677769	
-0.856935143471	0.228812128305	0.461851924658	
0.479347199202	0.683135986328	0.550955057144	
-0.184384703636	0.699778735638	-0.690153598785	
-0.858979403973	0.226525530219	0.459173768759	
0.477657467127	0.677492320538	0.559327721596	
-0.200429618359	0.684369564056	-0.701046526432	
-0.860721290112	0.218787744641	0.459663778543	
0.467960298061	0.695535898209	0.545199871063	
-0.209756180644	0.693072676659	-0.689675688744	
-0.848513126373	0.221452742815	0.480608075857	
0.485826909542	0.686009407043	0.541630208492	
0.818953454494	0.227606683969	0.52679258585	
0.193100422621	0.755150735378	-0.626465916634	
-0.54039567709	0.614770293236	0.574482381344	
0.800499022007	0.334686636925	0.497178226709	
0.125481754541	0.71757286787	-0.685086488724	
-0.586050868034	0.61079788208	0.532419323921	
0.76465934515	0.263981670141	0.587885856628	
0.239694193006	0.730296730995	-0.639697849751	
-0.598199665546	0.630063772202	0.495153337717	
0.760449528694	0.259971916676	0.595089197159	
0.245949596167	0.732808589935	-0.63442915678	
-0.601020216942	0.628813266754	0.493323981762	
0.778404653072	0.29343226552	0.554962813854	
0.16407315433	0.758208990097	-0.631030201912	
-0.605942428112	0.582251310349	0.542049050331	
0.79461812973	0.305479645729	0.524656295776	
0.203287437558	0.680420041084	-0.704061627388	
-0.572063148022	0.666116178036	0.478573918343	
0.792002797127	0.2993054986	0.532116353512	
0.154881492257	0.744567513466	-0.649331152439	
-0.590544879436	0.596687078476	0.543342649937	
0.789584755898	0.27794983983	0.54708302021	
0.213632538915	0.711253643036	-0.669686019421	
-0.575253903866	0.645648598671	0.502215921879	
0.924280583858	0.0726602748036	-0.37473449111	
-0.208732396364	0.918144404888	-0.336810916662	
0.319587618113	0.389527022839	0.863789618015	
0.936010956764	0.0536161437631	-0.347863167524	
-0.179101258516	0.923361182213	-0.339598119259	
0.302995413542	0.380170285702	0.873878896236	
0.964585602283	0.0582641251385	-0.257254630327	
-0.143022477627	0.935009241104	-0.324503093958	
0.221628561616	0.349804192781	0.910229504108	
0.975301086903	0.0518521405756	-0.214707165956	
-0.130706727505	0.919075906277	-0.371773123741	
0.178054958582	0.39065438509	0.903153121471	
0.949835419655	0.00701527064666	-0.312671422958	
-0.136211574078	0.909227669239	-0.393384546041	
0.281529814005	0.41624006629	0.864572227001	
0.956162810326	0.0524610206485	-0.288098186255	
-0.164994299412	0.909307658672	-0.38201624155	
0.241928935051	0.412804275751	0.878101944923	
0.956215202808	0.0439163446426	-0.28935071826	
-0.151012480259	0.920932590961	-0.359274864197	
0.250694453716	0.387239664793	0.887241661549	
0.96335631609	0.0598579905927	-0.261460542679	
-0.1594504565	0.91164368391	-0.378789246082	
0.21568530798	0.406599014997	0.887782096863	
-0.653242468834	0.28347826004	-0.702078580856	
0.707059085369	-0.103269055486	-0.699573397636	
-0.270816862583	-0.953402101994	-0.132976144552	
-0.689499258995	0.264524668455	-0.674253225327	
0.691216051579	-0.037762645632	-0.721660792828	
-0.216358676553	-0.963639259338	-0.156806394458	
-0.536947667599	0.263467818499	-0.801418662071	
0.810033917427	-0.104346826673	-0.577024102211	
-0.235652774572	-0.959008038044	-0.157389074564	
-0.529366075993	0.277450442314	-0.801743626595	
0.828487753868	-0.0344509296119	-0.558946430683	
-0.182700738311	-0.960122048855	-0.211627140641	
-0.627851188183	0.214313283563	-0.748246431351	
0.74515914917	-0.112163431942	-0.657386660576	
-0.224812567234	-0.970303654671	-0.0892755538225	
-0.645062625408	0.265524685383	-0.716512978077	
0.727983415127	-0.0714382082224	-0.681862711906	
-0.232237786055	-0.961453676224	-0.147215440869	
-0.596049964428	0.243038982153	-0.765281975269	
0.765469968319	-0.11578758806	-0.632968366146	
-0.242446139455	-0.963081121445	-0.117023855448	
-0.593193113804	0.290268719196	-0.750910103321	
0.770871818066	-0.0641339123249	-0.633753538132	
-0.232117623091	-0.95479363203	-0.185716181993	
0.542032957077	0.576261460781	-0.611655950546	
-0.765998721123	0.638142108917	-0.0775924026966	
0.345609933138	0.51058536768	0.787309587002	
0.561121106148	0.548558712006	-0.619860053062	
-0.741383194923	0.666095972061	-0.0816522836685	
0.368095219135	0.505370616913	0.780452728271	
0.508603811264	0.589305698872	-0.627726852894	
-0.762382566929	0.647045195103	-0.0102644013241	
0.400118768215	0.483788490295	0.778366029263	
0.566953063011	0.561690270901	-0.602551460266	
-0.741068482399	0.667188882828	-0.0753422006965	
0.359696686268	0.489247411489	0.794515728951	
0.554055035114	0.559031903744	-0.616851985455	
-0.726800858974	0.686149299145	-0.0309771858156	
0.405935317278	0.465491622686	0.786469399929	
0.521973729134	0.587542772293	-0.618333995342	
-0.758104026318	0.651807785034	-0.0206125564873	
0.390924155712	0.479520708323	0.785645067692	
0.549706995487	0.557307481766	-0.622278511524	
-0.730466604233	0.682080864906	-0.0344119779766	
0.405266225338	0.473470211029	0.782039165497	
0.511148869991	0.535509765148	-0.672276854515	
-0.782669782639	0.613241076469	-0.106599234045	
0.355182826519	0.580658853054	0.732584774494	
0.251758784056	-0.763755679131	0.594386041164	
-0.952454149723	-0.086630679667	0.292106479406	
-0.171605929732	-0.639665842056	-0.749252319336	
0.234302267432	-0.780560016632	0.579507112503	
-0.952582776546	-0.0652968510985	0.29719081521	
-0.194135278463	-0.6216609478	-0.758847236633	
0.187701046467	-0.787318944931	0.587279498577	
-0.969642162323	-0.0531251691282	0.238687708974	
-0.156724020839	-0.614252865314	-0.773389279842	
0.191266268492	-0.792172133923	0.579552054405	
-0.962420463562	-0.0353906750679	0.269247740507	
-0.192779809237	-0.609270751476	-0.769171714783	
0.303199470043	-0.767810940742	0.564390301704	
-0.936048328876	-0.128992706537	0.327375113964	
-0.178559973836	-0.627556562424	-0.757818639278	
0.283124595881	-0.778665363789	0.559929251671	
-0.936051905155	-0.0971705317497	0.33817845583	
-0.208919227123	-0.619869470596	-0.756382584572	
0.262173801661	-0.711344242096	0.652115225792	
-0.953737199306	-0.0879617035389	0.287485778332	
-0.147140190005	-0.697317779064	-0.701496720314	
0.223715171218	-0.792796611786	0.566943585873	
-0.956298947334	-0.0661865398288	0.284801036119	
-0.188265278935	-0.605881869793	-0.7729575634	
0.94715231657	-0.0851599499583	0.309273868799	
-0.182334125042	-0.93615090847	0.300625503063	
0.263925760984	-0.341129332781	-0.902205049992	
0.941763818264	-0.120017029345	0.314128696918	
-0.211092621088	-0.938152551651	0.274426132441	
0.26176482439	-0.324754834175	-0.908852815628	
0.947619497776	-0.0686094760895	0.311945617199	
-0.161236718297	-0.945836663246	0.281772494316	
0.27571734786	-0.317310214043	-0.907355606556	
0.950781464577	-0.0581649802625	0.304354161024	
-0.158530011773	-0.935251355171	0.316501408815	
0.266238361597	-0.349172949791	-0.898440539837	
0.959312617779	-0.0529473386705	0.27733707428	
-0.140197873116	-0.941938281059	0.305117726326	
0.245079249144	-0.331585377455	-0.911036372185	
0.944245219231	-0.122881911695	0.305452108383	
-0.210746735334	-0.938359320164	0.273984730244	
0.252956062555	-0.323081821203	-0.911938250065	
0.946054577827	-0.049837756902	0.320151388645	
-0.149381563067	-0.943907678127	0.294488370419	
0.287516742945	-0.326426774263	-0.900433063507	
0.932481348515	-0.127989634871	0.337782740593	
-0.22767624259	-0.934236109257	0.274529457092	
0.28043192625	-0.332898706198	-0.900297939777	
-0.995004117489	-0.0793427228928	-0.0605933256447	
0.0944858193398	-0.552426934242	-0.828188955784	
0.032237380743	-0.829776585102	0.557163834572	
-0.993186116219	-0.0918357819319	-0.0717463865876	
0.112617701292	-0.597962141037	-0.793573260307	
0.0299767982215	-0.796245872974	0.604229986668	
-0.993199050426	-0.11471041292	-0.0199277922511	
0.0835237577558	-0.582746386528	-0.80835044384	
0.0811133608222	-0.804517328739	0.588364243507	
-0.993248581886	-0.11587485671	-0.00550010614097	
0.0659425333142	-0.524963974953	-0.848566114902	
0.0954401195049	-0.843199789524	0.529060781002	
-0.996422290802	-0.0734365880489	-0.0418299436569	
0.0758143290877	-0.557965457439	-0.826393842697	
0.0373478829861	-0.826608538628	0.561536729336	
-0.993796348572	-0.105247609317	-0.0359414815903	
0.090063765645	-0.572006642818	-0.815289437771	
0.065248504281	-0.813468694687	0.57793712616	
-0.997397243977	-0.0522896982729	-0.0496442914009	
0.0708866193891	-0.585217654705	-0.807771861553	
0.0131854284555	-0.80918854475	0.587401151657	
-0.991819739342	-0.126628831029	-0.0160846337676	
0.0731434673071	-0.460529029369	-0.884625971317	
0.104611702263	-0.878565967083	0.46602383256	
-0.993019342422	0.0344250053167	0.11281606555	
0.0271380711347	0.997483313084	-0.0655025467277	
-0.114787064493	-0.0619836896658	-0.991454482079	
-0.992218136787	-0.021689793095	0.122607938945	
-0.0216482188553	0.99976426363	0.0016713765217	
-0.122615285218	-0.000995873240754	-0.992453753948	
-0.978981614113	-0.0113987438381	0.203629642725	
0.00357579695992	0.997324109077	0.0730192363262	
-0.203917086124	0.0722126290202	-0.976321220398	
-0.981801509857	-0.0314782373607	0.187282979488	
-0.0202604066581	0.997900605202	0.0615136176348	
-0.18882612884	0.0565997362137	-0.980378091335	
-0.986530482769	0.0257986858487	0.161530196667	
0.0186505317688	0.998785018921	-0.0456138961017	
-0.162510722876	-0.041986875236	-0.98581302166	
-0.980994403362	0.0070755048655	0.193907111883	
0.00547829456627	0.999946534634	-0.00877198483795	
-0.193958818913	-0.00754298781976	-0.980980694294	
-0.980865299702	-0.0398219712079	0.190571323037	
-0.0173989664763	0.992870748043	0.117919251323	
-0.193908467889	0.112347155809	-0.974565327168	
-0.989505767822	-0.0194159373641	0.14318305254	
-0.0142584983259	0.999215066433	0.0369584970176	
-0.143788248301	0.0345290713012	-0.989005923271	
-0.84664696455	-0.530000686646	-0.0478352978826	
-0.259581685066	0.33284676075	0.90654861927	
-0.464549571276	0.77994376421	-0.419382154942	
-0.859575212002	-0.505900919437	-0.0720747038722	
-0.284153729677	0.355973303318	0.890246987343	
-0.424720078707	0.785714507103	-0.449739456177	
-0.839922904968	-0.533742904663	-0.0982243642211	
-0.310116350651	0.323497474194	0.893967151642	
-0.445373266935	0.781324446201	-0.437235325575	
-0.852364301682	-0.518115401268	-0.0709329470992	
-0.276523679495	0.331419944763	0.902050673962	
-0.44385778904	0.788490474224	-0.425761729479	
-0.886756122112	-0.458145171404	-0.0613721497357	
-0.264626383781	0.394303321838	0.880055546761	
-0.378993958235	0.796635329723	-0.470888197422	
-0.855625152588	-0.51759403944	0.00142817851156	
-0.260104805231	0.432356745005	0.863373100758	
-0.447494268417	0.738352239132	-0.504563987255	
-0.899175286293	-0.429139018059	-0.0855771899223	
-0.233924105763	0.306119084358	0.922805845737	
-0.369815170765	0.849782824516	-0.375640690327	
-0.88785892725	-0.449234157801	-0.0994746983051	
-0.265474945307	0.323576718569	0.908196628094	
-0.375805258751	0.832758545876	-0.406550884247	
0.865435957909	-0.482709884644	0.13420805335	
-0.0327872522175	0.212730363011	0.976560711861	
-0.499945610762	-0.849551022053	0.168277770281	
0.876572370529	-0.468611210585	0.109656013548	
-0.0129820276052	0.204741045833	0.978730082512	
-0.481094956398	-0.859351277351	0.173386827111	
0.889861524105	-0.44789904356	0.0867923647165	
0.0179162025452	0.224397882819	0.974332928658	
-0.455878794193	-0.865466356277	0.207707688212	
0.887093782425	-0.454064190388	0.0830078050494	
0.0175139773637	0.2128110677	0.976936399937	
-0.461256802082	-0.865180432796	0.196735844016	
0.900663495064	-0.423878371716	0.0955633968115	
0.0147031815723	0.249534532428	0.968254268169	
-0.434268414974	-0.870666205883	0.230979010463	
0.90289080143	-0.426800251007	0.0512808524072	
0.00845907814801	0.136911198497	0.990547180176	
-0.429786711931	-0.89392220974	0.127226188779	
0.882709085941	-0.463220506907	0.0790658593178	
0.00613485882059	0.179599180818	0.983720719814	
-0.469879776239	-0.867854177952	0.161375626922	
0.922713756561	-0.376920223236	0.0808116570115	
0.00174504937604	0.213717892766	0.97689384222	
-0.385481923819	-0.901252388954	0.197858169675	
0.234619364142	-0.34335064888	-0.909430623055	
0.651031434536	0.750243484974	-0.115294143558	
0.721880733967	-0.565017700195	0.399553716183	
0.242684990168	-0.35648971796	-0.902230024338	
0.6235242486	0.76980483532	-0.136448055506	
0.743183374405	-0.529448390007	0.409100055695	
0.220994070172	-0.368966519833	-0.90278750658	
0.667996406555	0.731718480587	-0.135531753302	
0.710592985153	-0.573107123375	0.40817373991	
0.245371773839	-0.323719054461	-0.913782596588	
0.615951001644	0.779938578606	-0.110906027257	
0.748596727848	-0.535632133484	0.390770018101	
0.242361992598	-0.308104306459	-0.919963240623	
0.627159953117	0.773229300976	-0.0937380567193	
0.740223646164	-0.554245531559	0.380632072687	
0.238369673491	-0.296066373587	-0.92494571209	
0.665650427341	0.743305683136	-0.0663789510727	
0.707169950008	-0.59986782074	0.374258249998	
0.237528070807	-0.367066651583	-0.899356722832	
0.615967512131	0.772822439671	-0.15274001658	
0.751108825207	-0.517694473267	0.409668147564	
0.218356445432	-0.35293880105	-0.909810245037	
0.611880421638	0.775793910027	-0.154097810388	
0.760212361813	-0.523046791553	0.385355949402	
-0.491997689009	0.84078335762	0.225879624486	
0.771475315094	0.300818949938	0.560654819012	
0.403440356255	0.450101435184	-0.796645820141	
-0.496541172266	0.824382722378	0.271735221148	
0.763794660568	0.266231238842	0.58799546957	
0.412388861179	0.499513864517	-0.76185387373	
-0.503736913204	0.815706133842	0.284381091595	
0.7732629776	0.279015928507	0.569398343563	
0.385114848614	0.506728351116	-0.771305978298	
-0.514603614807	0.817544937134	0.258463561535	
0.756148993969	0.290588229895	0.586342215538	
0.404254615307	0.497170805931	-0.767723500729	
-0.432216495275	0.864010870457	0.258213341236	
0.779512941837	0.214013904333	0.588691473007	
0.45337459445	0.455722808838	-0.766007959843	
-0.498818695545	0.796183586121	0.342449456453	
0.766409039497	0.220699027181	0.603248775005	
0.404718518257	0.563368141651	-0.720291078091	
-0.475313603878	0.838581860065	0.266190618277	
0.790345489979	0.274034589529	0.54795897007	
0.386563003063	0.470834940672	-0.793021738529	
-0.523341178894	0.834670126438	0.171580299735	
0.737010061741	0.342306047678	0.58278876543	
0.427703410387	0.431453764439	-0.794303119183	
-0.796326816082	-0.579054951668	0.174811124802	
0.593897104263	-0.803310632706	0.0444777570665	
0.114672571421	0.139238655567	0.983596861362	
-0.801341295242	-0.549656748772	0.236071243882	
0.576894938946	-0.814470171928	0.0618911571801	
0.158254101872	0.185784250498	0.969762802124	
-0.81788700819	-0.563268959522	0.117426231503	
0.573582172394	-0.814288377762	0.0890949293971	
0.0454344078898	0.140223175287	0.989076912403	
-0.830642461777	-0.541936933994	0.127818137407	
0.556747972965	-0.811694681644	0.176588192582	
0.00804963801056	0.21784414351	0.975950360298	
-0.771376550198	-0.618891477585	0.148160621524	
0.628043830395	-0.777911841869	0.0203512273729	
0.102660700679	0.108749821782	0.988753914833	
-0.812304496765	-0.533295810223	0.236129045486	
0.566911160946	-0.817077934742	0.104858897626	
0.137015014887	0.219041541219	0.966047465801	
-0.797210991383	-0.590271055698	0.126628249884	
0.603688955307	-0.778148591518	0.173333227634	
-0.00377799663693	0.214627236128	0.976688742638	
-0.863808453083	-0.494571059942	0.0960960313678	
0.503262639046	-0.855983972549	0.118398308754	
0.0237002838403	0.150635004044	0.988305330276	
-0.0877703130245	0.473017126322	0.876670479774	
0.52244079113	0.771175682545	-0.363790661097	
-0.84814620018	0.426078408957	-0.314809799194	
0.0135051999241	0.461382716894	0.887098431587	
0.506209313869	0.761934101582	-0.403990864754	
-0.862304925919	0.454513430595	-0.223266139627	
-0.00409451546147	0.52985650301	0.84807741642	
0.532518863678	0.718987047672	-0.446633249521	
-0.846408247948	0.449788480997	-0.28510248661	
0.0422098897398	0.544141829014	0.837930798531	
0.535194575787	0.695887446404	-0.478860527277	
-0.843673586845	0.468668669462	-0.261848419905	
0.000588744936977	0.421027958393	0.907047450542	
0.53786367178	0.764536678791	-0.355227231979	
-0.843031644821	0.488076984882	-0.226005509496	
0.0121813146397	0.404677957296	0.914378106594	
0.536396503448	0.769093692303	-0.347525030375	
-0.843878149986	0.494702577591	-0.207699283957	
-0.0542255006731	0.532350420952	0.844785511494	
0.53295725584	0.730873227119	-0.42635768652	
-0.844402849674	0.427115112543	-0.323352009058	
0.0025913247373	0.488852322102	0.872362732887	
0.498911261559	0.75540548563	-0.424794137478	
-0.866649210453	0.436332345009	-0.241936415434	
0.709312200546	0.701382339001	0.0702782571316	
-0.691248059273	0.672591507435	0.264190852642	
0.138030230999	-0.235973507166	0.961906552315	
0.715286135674	0.682695508003	0.14930690825	
-0.694135963917	0.669348597527	0.264854133129	
0.080876365304	-0.29308578372	0.95265930891	
0.68299895525	0.730038762093	0.0235763788223	
-0.710984051228	0.657082617283	0.250487774611	
0.167374163866	-0.18784531951	0.967832624912	
0.656197667122	0.75189357996	0.063722923398	
-0.735622882843	0.618605196476	0.276019185781	
0.16811773181	-0.227999210358	0.959037423134	
0.729571938515	0.668796598911	0.142954051495	
-0.678951084614	0.683177769184	0.268874615431	
0.0821594074368	-0.29322218895	0.95250749588	
0.658201515675	0.72899222374	0.18799225986	
-0.750697731972	0.616702198982	0.236920624971	
0.0567780695856	-0.297066867352	0.953167080879	
0.66952008009	0.740367412567	0.0599918738008	
-0.728398442268	0.63857626915	0.248306363821	
0.145528554916	-0.209944084287	0.966822087765	
0.628415644169	0.774377703667	0.0737081617117	
-0.770364701748	0.606408298016	0.196995407343	
0.107851617038	-0.180577158928	0.977629721165	
-0.196333914995	-0.944766759872	-0.26242852211	
-0.927322268486	0.265875637531	-0.26340764761	
0.318632125854	0.191639944911	-0.928303658962	
-0.138428986073	-0.952474534512	-0.271347850561	
-0.934828102589	0.216131567955	-0.281750947237	
0.327007442713	0.214661076665	-0.920318841934	
-0.125958457589	-0.979432225227	-0.157629162073	
-0.955215334892	0.162630602717	-0.247214391828	
0.267765074968	0.119431056082	-0.956053376198	
-0.0995061844587	-0.984633803368	-0.143508806825	
-0.93402415514	0.142154216766	-0.327705740929	
0.343070536852	0.101431936026	-0.933816969395	
-0.121618226171	-0.94929587841	-0.289907455444	
-0.93743532896	0.205848813057	-0.28078687191	
0.326226919889	0.237620681524	-0.91493844986	
-0.137407839298	-0.945750415325	-0.294406652451	
-0.937558531761	0.220067575574	-0.269359052181	
0.319535762072	0.2390114218	-0.916935324669	
-0.0940944254398	-0.989247441292	-0.111963026226	
-0.944606840611	0.124230600893	-0.303783923388	
0.314426720142	0.0771766602993	-0.946139335632	
-0.14708571136	-0.977980315685	-0.148055240512	
-0.933667957783	0.186690479517	-0.305631875992	
0.326542466879	0.0932803452015	-0.940568327904	
0.0476248413324	0.816853761673	0.574875533581	
0.939416408539	-0.232215851545	0.252136021852	
0.339453458786	0.528039574623	-0.778425037861	
0.0415365584195	0.860471308231	0.507802903652	
0.924611330032	-0.225710704923	0.306836396456	
0.378640502691	0.456775397062	-0.804976761341	
-0.0119746187702	0.874295175076	0.485246926546	
0.941314518452	-0.153849706054	0.300428360701	
0.337318152189	0.460367500782	-0.821144461632	
0.0368617400527	0.862030267715	0.505514621735	
0.924605190754	-0.221341282129	0.310021370649	
0.37913903594	0.455973505974	-0.80519670248	
0.0718461498618	0.80040872097	0.595133602619	
0.938456058502	-0.256352454424	0.231481313705	
0.337843626738	0.541875660419	-0.76956641674	
0.0115582607687	0.882232129574	0.47067284584	
0.919730186462	-0.194087520242	0.341213166714	
0.392380923033	0.428948193789	-0.813658833504	
0.0686405599117	0.872748553753	0.483320206404	
0.944029331207	-0.213497683406	0.251450449228	
0.322640776634	0.439008772373	-0.838554859161	
0.0419030115008	0.89053106308	0.452988505363	
0.940589010715	-0.188064455986	0.28270855546	
0.33695179224	0.414229661226	-0.845504164696	
0.948121190071	0.0249892473221	-0.316925376654	
0.0580606199801	-0.993750154972	0.0953392758965	
-0.312562197447	-0.10879407078	-0.943646490574	
0.948210120201	0.038122959435	-0.315347701311	
0.0891409665346	-0.984814226627	0.148979470134	
-0.304879367352	-0.169374242425	-0.937209129333	
0.94234931469	0.00647455826402	-0.334568172693	
0.0516156889498	-0.99065977335	0.126210227609	
-0.330626070499	-0.136203080416	-0.933881759644	
0.937435209751	-0.00320781185292	-0.34814491868	
0.0629350244999	-0.981923282146	0.178509950638	
-0.342424243689	-0.189252018929	-0.9202876091	
0.955509543419	0.0612253434956	-0.288535952568	
0.0991439521313	-0.987970113754	0.118682548404	
-0.277798503637	-0.142008900642	-0.950084984303	
0.956220209599	0.00194534473121	-0.292641669512	
0.0208939164877	-0.997879803181	0.0616384036839	
-0.291901320219	-0.0650543123484	-0.954233467579	
0.930132865906	0.0206735879183	-0.366640806198	
0.0871007069945	-0.982343256474	0.165575310588	
-0.356744080782	-0.185941711068	-0.915510416031	
0.937795817852	-0.00730418413877	-0.34711048007	
0.0645560994744	-0.978675067425	0.195006668568	
-0.341132730246	-0.205284535885	-0.917325854301	
0.807925105095	-0.556739509106	0.193127378821	
0.242744401097	0.0157939568162	-0.969961702824	
0.536965727806	0.830536961555	0.14790572226	
0.818272709846	-0.55876916647	0.134932652116	
0.154222354293	-0.01272676792	-0.987954199314	
0.553755581379	0.829225599766	0.0757607296109	
0.809907793999	-0.576629400253	0.107461005449	
0.114721797407	-0.0239433199167	-0.993109047413	
0.575228869915	0.816654920578	0.0467600822449	
0.800033569336	-0.589855194092	0.1096226722	
0.121365793049	-0.0198250617832	-0.992409825325	
0.587551414967	0.807265639305	0.0557275302708	
0.84274315834	-0.518986046314	0.142959743738	
0.185686856508	0.0309886354953	-0.982120215893	
0.505276560783	0.854220807552	0.122484348714	
0.877749323845	-0.477505356073	0.0393039286137	
0.10462795943	0.110978968441	-0.988299906254	
0.467556566	0.871591806412	0.147372126579	
0.800469815731	-0.575739443302	0.166649922729	
0.175527557731	-0.0406746603549	-0.983633875847	
0.573095262051	0.816620886326	0.0684992969036	
0.877109527588	-0.467195302248	0.111388400197	
0.119249500334	-0.0128200687468	-0.99278151989	
0.465250879526	0.884061217308	0.0444682016969	
0.147434070706	0.988037288189	-0.0452270358801	
-0.700869083405	0.0720997303724	-0.709636628628	
-0.697886586189	0.136322855949	0.703114748001	
0.12010640651	0.991384387016	-0.052263263613	
-0.728952109814	0.052329774946	-0.682561635971	
-0.673946022987	0.120077446103	0.728956878185	
0.214989334345	0.975655972958	-0.0433013774455	
-0.675282001495	0.116477370262	-0.728304386139	
-0.705530881882	0.185818314552	0.683884322643	
0.194163411856	0.979691445827	-0.0500525087118	
-0.704306125641	0.10370568186	-0.702280580997	
-0.682827591896	0.171609476209	0.710138499737	
0.0805619284511	0.996712207794	-0.00863130483776	
-0.700025141239	0.0504127293825	-0.712336540222	
-0.709559381008	0.0634293332696	0.701784968376	
0.113890528679	0.984090328217	-0.136364281178	
-0.687995612621	-0.0208968259394	-0.725413918495	
-0.716722369194	0.176435813308	0.674669861794	
0.0587469637394	0.994068145752	-0.0915279686451	
-0.67784923315	-0.0275861136615	-0.734683215618	
-0.732850074768	0.105202570558	0.672207713127	
0.225243911147	0.972823858261	-0.0536558367312	
-0.679472088814	0.117376454175	-0.724251687527	
-0.698271393776	0.199590921402	0.687444984913	
-0.402673661709	-0.882503449917	0.242984682322	
0.392926871777	0.0731021538377	0.916659474373	
-0.826717853546	0.464589804411	0.317323029041	
-0.397228270769	-0.882707893848	0.251070767641	
0.342097610235	0.111437223852	0.933033227921	
-0.851574361324	0.456517875195	0.257706224918	
-0.454472482204	-0.865643262863	0.210039198399	
0.42215269804	-0.00167665421031	0.906523168087	
-0.784373521805	0.500658452511	0.366195648909	
-0.440305501223	-0.853332281113	0.279204398394	
0.433316409588	0.0703950002789	0.898488402367	
-0.786363720894	0.516593277454	0.338767558336	
-0.438368409872	-0.832966268063	0.337639391422	
0.371566087008	0.174103736877	0.911935567856	
-0.818395853043	0.525219142437	0.233180433512	
-0.450652092695	-0.840297937393	0.301350325346	
0.39042776823	0.118048533797	0.913033783436	
-0.802794396877	0.529116153717	0.274876832962	
-0.526898980141	-0.819308042526	0.226079121232	
0.407416909933	-0.0100267324597	0.913187205791	
-0.745914816856	0.573265850544	0.339083045721	
-0.476147025824	-0.81973105669	0.318315923214	
0.416726231575	0.10841498524	0.902543842793	
-0.774353444576	0.562394201756	0.28998196125	
-0.259051024914	-0.20134152472	0.944644987583	
0.915712535381	-0.362252950668	0.173906311393	
0.307185858488	0.910073816776	0.278212964535	
-0.273979097605	-0.236291661859	0.932256221771	
0.883068978786	-0.445776075125	0.146536186337	
0.380952239037	0.86339443922	0.330795168877	
-0.191357284784	-0.171731203794	0.966380238533	
0.905376791954	-0.411108076572	0.106221497059	
0.379045188427	0.89526450634	0.234149962664	
-0.215767666698	-0.189276352525	0.957924187183	
0.881942868233	-0.458817839622	0.107995375991	
0.419071733952	0.868136286736	0.265928983688	
-0.219010025263	-0.164896994829	0.961687862873	
0.895368933678	-0.425644874573	0.13092315197	
0.387748688459	0.889738976955	0.240864142776	
-0.227148339152	-0.177176296711	0.957607507706	
0.900508999825	-0.41260394454	0.137264460325	
0.370792657137	0.8935136199	0.25327116251	
-0.233863800764	-0.11519960314	0.965420544147	
0.879225313663	-0.448943436146	0.159413293004	
0.415054857731	0.886103153229	0.206278026104	
-0.23890709877	-0.190458774567	0.952181100845	
0.897997677326	-0.416452676058	0.142011806369	
0.369490981102	0.888984024525	0.270525038242	
0.144123151898	0.672778189182	-0.72567075491	
0.783421158791	-0.525583684444	-0.331682235003	
-0.60454928875	-0.520702719688	-0.602817416191	
0.175469189882	0.665993273258	-0.725026607513	
0.789682269096	-0.534989833832	-0.30031272769	
-0.587888121605	-0.51984500885	-0.619797289371	
0.0864333808422	0.623764574528	-0.77681851387	
0.746493399143	-0.556917130947	-0.364130407572	
-0.659755170345	-0.548416852951	-0.513772368431	
0.104300260544	0.640284240246	-0.76102399826	
0.732325971127	-0.567183792591	-0.376830518246	
-0.672919154167	-0.518014132977	-0.528054177761	
0.103191457689	0.614622414112	-0.782042682171	
0.802196443081	-0.516275763512	-0.29990029335	
-0.58807516098	-0.596404731274	-0.546323180199	
0.173896253109	0.634020149708	-0.753510773182	
0.813255786896	-0.523944616318	-0.253173947334	
-0.555315315723	-0.568771064281	-0.606732606888	
0.0826065167785	0.60416829586	-0.792563438416	
0.794500291348	-0.520021915436	-0.313602477312	
-0.601619005203	-0.603786289692	-0.522969067097	
0.136617839336	0.627732992172	-0.76634645462	
0.745998561382	-0.57418525219	-0.337338715792	
-0.651783466339	-0.525606870651	-0.546731889248	
-0.130741164088	-0.935637414455	-0.327855795622	
0.4549741745	-0.350438833237	0.818652033806	
-0.880854845047	-0.0421344079077	0.471507638693	
-0.109527900815	-0.924846589565	-0.364228576422	
0.521547019482	-0.365411370993	0.771014451981	
-0.846163332462	-0.105514734983	0.5223736763	
-0.137689039111	-0.910320520401	-0.390330970287	
0.409030586481	-0.411170482635	0.814636588097	
-0.902073025703	-0.0474907718599	0.428962618113	
-0.109879478812	-0.916290640831	-0.385146617889	
0.432380586863	-0.392972439528	0.811553895473	
-0.894971251488	-0.0773568078876	0.439365893602	
-0.069553129375	-0.943825185299	-0.323042303324	
0.489085018635	-0.314499825239	0.813563585281	
-0.869458556175	-0.101409263909	0.483485221863	
-0.0947638526559	-0.930379152298	-0.354139059782	
0.502770602703	-0.351766109467	0.789608955383	
-0.859209835529	-0.10322432965	0.501102030277	
-0.112796477973	-0.928101062775	-0.354831457138	
0.421923696995	-0.368054360151	0.828562855721	
-0.899587333202	-0.0562528185546	0.433103054762	
-0.148272007704	-0.919304907322	-0.364546090364	
0.428457707167	-0.391943365335	0.814127981663	
-0.891313314438	-0.0354801863432	0.451997488737	
0.90173047781	0.170999541879	-0.397040635347	
0.0792450010777	0.837493002415	0.540671527386	
0.424973338842	-0.519003450871	0.7416421175	
0.901126086712	0.0670018345118	-0.428348630667	
0.182983130217	0.836906433105	0.515853464603	
0.393050849438	-0.543229579926	0.74189800024	
0.952586889267	0.0914356186986	-0.290202856064	
0.0857592523098	0.834424078465	0.544409573078	
0.291930675507	-0.543485045433	0.787020027637	
0.950341880322	0.0393240824342	-0.308713287115	
0.132822677493	0.84584659338	0.516625285149	
0.281439900398	-0.53197479248	0.798620343208	
0.924397826195	0.112097233534	-0.364585846663	
0.102131091058	0.848197042942	0.519741237164	
0.367502212524	-0.517683267593	0.772622942924	
0.918359279633	0.0709875524044	-0.389328926802	
0.149578347802	0.848541557789	0.507546544075	
0.366391271353	-0.52434527874	0.76864784956	
0.952047765255	0.0305615849793	-0.304419219494	
0.137261897326	0.846575021744	0.514266312122	
0.273430526257	-0.531391263008	0.801784932613	
0.948268771172	0.0395865663886	-0.314990907907	
0.130990549922	0.855010092258	0.501795947552	
0.289184778929	-0.517098248005	0.805593907833	
0.00263974675909	-0.0446844175458	0.998997688293	
-0.833804130554	0.5514062047	0.0268672257662	
-0.552054047585	-0.833039283752	-0.0358024798334	
-0.0776649340987	-0.0741826668382	0.994215846062	
-0.912664949894	0.406651675701	-0.0409524329007	
-0.401261568069	-0.91056650877	-0.0992864966393	
-0.0960138365626	-0.011869231239	0.995309233665	
-0.849282264709	0.522484123707	-0.0756964385509	
-0.519134819508	-0.852566361427	-0.0602460354567	
-0.0495093204081	0.0207072086632	0.998558998108	
-0.913528442383	0.403220713139	-0.0536550655961	
-0.40375071764	-0.914868414402	-0.00104656047188	
0.00130373216234	-0.0356394350529	0.999363839626	
-0.849819660187	0.526698112488	0.0198918133974	
-0.52707195282	-0.849304974079	-0.0296004191041	
0.0259730145335	0.00321370339952	0.999657452106	
-0.90008687973	0.435155361891	0.0219870395958	
-0.43493565917	-0.900349617004	0.0141949085519	
-0.114355698228	-0.00704067433253	0.99341493845	
-0.862308084965	0.497251212597	-0.09573931247	
-0.493302702904	-0.867578029633	-0.0629347413778	
-0.131330877542	-0.0220788195729	0.991092681885	
-0.870568215847	0.48079046607	-0.104649350047	
-0.474197387695	-0.876557528973	-0.0823637545109	
0.938331365585	-0.00240599317476	-0.345728874207	
-0.166930541396	0.872542917728	-0.459132879972	
0.302767962217	0.488531500101	0.818332791328	
0.941165328026	-0.104582712054	-0.321356892586	
-0.0951619073749	0.830417335033	-0.548954725266	
0.324271500111	0.547238111496	0.77160769701	
0.89664041996	-0.017510117963	-0.442413121462	
-0.226921394467	0.839832007885	-0.493141889572	
0.380187660456	0.542563915253	0.749053895473	
0.908263623714	-0.0125836851075	-0.41820910573	
-0.210036143661	0.850763082504	-0.48175406456	
0.361859112978	0.525398731232	0.770074129105	
0.880013227463	-0.0559406615794	-0.47164323926	
-0.203414008021	0.852961540222	-0.480707079172	
0.429184645414	0.518967449665	0.739238381386	
0.894593954086	-0.0928299129009	-0.437131822109	
-0.162093952298	0.844162642956	-0.510994136333	
0.416445910931	0.527988731861	0.740135610104	
0.939978778362	-0.0673898458481	-0.334512263536	
-0.115084066987	0.860263168812	-0.496692031622	
0.321240574121	0.50537699461	0.800873637199	
0.954846322536	-0.081338904798	-0.285748928785	
-0.0870398432016	0.843007981777	-0.530812203884	
0.284064292908	0.531715631485	0.79786336422	
-0.951762974262	0.24752728641	-0.181321561337	
-0.275047659874	-0.95018696785	0.146606788039	
-0.136000201106	0.189406991005	0.972434520721	
-0.959272682667	0.226672500372	-0.168569043279	
-0.240923240781	-0.968069195747	0.0692678019404	
-0.147485390306	0.107058905065	0.983253002167	
-0.979653537273	0.151218622923	-0.131954073906	
-0.164101079106	-0.982060849667	0.0928832143545	
-0.115541256964	0.112647175789	0.986894547939	
-0.954459011555	0.224357381463	-0.196651220322	
-0.239633902907	-0.969167053699	0.0573652945459	
-0.17771756649	0.101877123117	0.978793919086	
-0.975466609001	0.210335463285	-0.0649917945266	
-0.218133792281	-0.963303625584	0.156408980489	
-0.0297084748745	0.166748642921	0.985551774502	
-0.98653614521	0.139281481504	-0.0857152193785	
-0.148927271366	-0.981670975685	0.118923537433	
-0.0675802975893	0.130087703466	0.989196717739	
-0.950233638287	0.178692802787	-0.255195856094	
-0.214493438601	-0.969334423542	0.119930587709	
-0.225939407945	0.168699905276	0.959422588348	
-0.94436621666	0.187325745821	-0.270336031914	
-0.215534612536	-0.973338544369	0.0784661918879	
-0.248429730535	0.132367581129	0.959563195705	
0.196005299687	0.314249157906	0.928886115551	
-0.100545562804	-0.935827195644	0.337813615799	
0.975434541702	-0.159608632326	-0.151830717921	
0.157246828079	0.308084458113	0.938273608685	
-0.065658941865	-0.944729685783	0.321208208799	
0.985374212265	-0.11211502552	-0.128327250481	
0.146585032344	0.22659753263	0.962894797325	
-0.155996739864	-0.95593392849	0.248707398772	
0.976820290089	-0.186665222049	-0.104777127504	
0.193400204182	0.255168110132	0.947357177734	
-0.0663060992956	-0.959980547428	0.272104412317	
0.978876829147	-0.115440607071	-0.168741241097	
0.159215927124	0.314314097166	0.93587231636	
-0.106229200959	-0.937006533146	0.332767337561	
0.981511890888	-0.152398824692	-0.115797027946	
0.180790483952	0.30856359005	0.933864712715	
-0.135942041874	-0.932557523251	0.334449201822	
0.974081397057	-0.187416702509	-0.126650750637	
0.188868254423	0.251052558422	0.949368953705	
-0.0716089308262	-0.960673570633	0.26828789711	
0.979388058186	-0.118654370308	-0.163463145494	
0.154314368963	0.231625363231	0.960487782955	
-0.131955131888	-0.9585916996	0.252368360758	
0.979170501232	-0.165685355663	-0.117360323668	
-0.39003777504	0.842142224312	0.372380137444	
-0.239251926541	-0.483206897974	0.842181444168	
0.889173209667	0.239389926195	0.389953106642	
-0.34769359231	0.851068377495	0.393435806036	
-0.21206395328	-0.480124175549	0.851181328297	
0.913311600685	0.212516754866	0.347417026758	
-0.359974503517	0.85014462471	0.384281754494	
-0.206286847591	-0.474227875471	0.855893492699	
0.909870386124	0.228827565908	0.346083581448	
-0.326972961426	0.875532627106	0.355712324381	
-0.244788855314	-0.442021161318	0.862957537174	
0.912779867649	0.195089384913	0.358849614859	
-0.347930759192	0.86501199007	0.361522436142	
-0.248127296567	-0.456827580929	0.854249060154	
0.904089033604	0.207515925169	0.373577445745	
-0.364878982306	0.848576486111	0.383120387793	
-0.211199700832	-0.476200670004	0.853596866131	
0.906784415245	0.230544641614	0.352974712849	
-0.346517205238	0.857640326023	0.379972279072	
-0.289192765951	-0.48301076889	0.826479375362	
0.892352700233	0.17650410533	0.415394902229	
-0.336202830076	0.869069099426	0.362886369228	
-0.246804729104	-0.453151702881	0.856586813927	
0.908875703812	0.198424831033	0.366841256618	
0.605936288834	0.187928587198	-0.772996783257	
0.510497570038	-0.837088942528	0.196658074856	
-0.610109388828	-0.513775229454	-0.603159666061	
0.553554832935	0.21839261055	-0.803667664528	
0.592564642429	-0.781358957291	0.195819735527	
-0.585187315941	-0.58462202549	-0.561936736107	
0.635936439037	0.189828529954	-0.748030781746	
0.516191661358	-0.825170218945	0.229434743524	
-0.57369941473	-0.532033145428	-0.622743666172	
0.64125931263	0.187941893935	-0.74395185709	
0.485500603914	-0.850171923637	0.203707903624	
-0.594201683998	-0.491818666458	-0.636426568031	
0.62302082777	0.200583323836	-0.756049871445	
0.539491653442	-0.810066998005	0.229652330279	
-0.566386580467	-0.55096077919	-0.612901687622	
0.643494307995	0.207862854004	-0.736687242985	
0.542332530022	-0.80298781395	0.247155860066	
-0.540176331997	-0.55857282877	-0.629448890686	
0.612167358398	0.198494821787	-0.765408992767	
0.534362435341	-0.817345261574	0.215414822102	
-0.582844674587	-0.540875732899	-0.606420278549	
0.609934091568	0.172369748354	-0.7734785676	
0.544731855392	-0.800086557865	0.25125426054	
-0.575541198254	-0.574586927891	-0.58189535141	
-0.459099769592	0.773140788078	-0.437585115433	
0.133284702897	0.546931266785	0.826499462128	
0.878329455853	0.321122318506	-0.354143857956	
-0.436042189598	0.784091353416	-0.441664963961	
0.117828398943	0.536297142506	0.835764229298	
0.892179191113	0.312387794256	-0.32623642683	
-0.329109311104	0.825103998184	-0.459228098392	
0.0991623327136	0.513829529285	0.852142035961	
0.939070761204	0.234909757972	-0.250925332308	
-0.355058759451	0.796051502228	-0.490138024092	
0.119286417961	0.558592796326	0.820819616318	
0.927202284336	0.232972383499	-0.293291389942	
-0.357995986938	0.775946855545	-0.519370138645	
0.0314195565879	0.565931618214	0.823853254318	
0.933194339275	0.278617799282	-0.226981148124	
-0.313191950321	0.769632458687	-0.556396186352	
0.0397863350809	0.595990300179	0.80200535059	
0.948856055737	0.229044646025	-0.217280223966	
-0.362641632557	0.77206236124	-0.521929860115	
0.0813467055559	0.584140121937	0.807566106319	
0.928371548653	0.250399798155	-0.274638235569	
-0.3280364573	0.805897295475	-0.492870807648	
0.130649521947	0.555431246758	0.821234941483	
0.935586869717	0.205001667142	-0.287491798401	
0.68585807085	0.55131149292	-0.475030869246	
-0.274883836508	-0.408134162426	-0.870554625988	
-0.67382311821	0.727655231953	-0.128375485539	
0.743542194366	0.463644891977	-0.481848984957	
-0.289826840162	-0.425935387611	-0.857076108456	
-0.602615475655	0.77692502737	-0.18232421577	
0.716688394547	0.492736637592	-0.493526428938	
-0.345400720835	-0.36399012804	-0.86499106884	
-0.605851531029	0.790393412113	-0.0906759053469	
0.71573394537	0.448803842068	-0.535070121288	
