-0.513938784599	-0.0684032812715	0.855095267296	
-0.774528026581	0.465493381023	-0.428278237581	
-0.368745535612	-0.882404029369	-0.29221534729	
-0.512224316597	-0.0719517096877	0.855832457542	
-0.775381922722	0.467264890671	-0.424789845943	
-0.369336098433	-0.881184697151	-0.295134484768	
-0.517194926739	-0.0708985924721	0.852926015854	
-0.772521317005	0.467634856701	-0.429567724466	
-0.368402183056	-0.881073772907	-0.296629071236	
-0.514065265656	-0.0703876540065	0.854858160019	
-0.773394346237	0.469036281109	-0.426457673311	
-0.370942145586	-0.880369544029	-0.295552700758	
-0.513445436954	-0.0672719031572	0.85548132658	
-0.773574531078	0.467787414789	-0.427501291037	
-0.371424555779	-0.881277143955	-0.292223155499	
-0.512661755085	-0.0718366876245	0.855580151081	
-0.773788809776	0.470475763083	-0.4241502285	
-0.37206017971	-0.879483997822	-0.296781361103	
-0.514902353287	-0.0706289410591	0.854334354401	
-0.772098004818	0.471236377954	-0.426381230354	
-0.372478544712	-0.879174530506	-0.297173172235	
-0.512389540672	-0.0706319436431	0.855843484402	
-0.773966491222	0.469777345657	-0.424599915743	
-0.372065544128	-0.879954755306	-0.29537576437	
-0.143192335963	0.711310446262	-0.68813765049	
-0.861269116402	0.25296908617	0.440706431866	
0.487556636333	0.655777454376	0.576406478882	
-0.142326906323	0.711276054382	-0.688352704048	
-0.859121263027	0.256608396769	0.44278973341	
0.491582810879	0.654399335384	0.574550151825	
-0.139111980796	0.710372269154	-0.689941346645	
-0.86138343811	0.256909161806	0.438196539879	
0.488534927368	0.655262470245	0.576163828373	
-0.138568073511	0.711346566677	-0.689046382904	
-0.860711872578	0.257651031017	0.439079791307	
0.489871412516	0.653912842274	0.576562225819	
-0.140843883157	0.711681067944	-0.688239097595	
-0.861400783062	0.254572719336	0.439524024725	
0.488007843494	0.654753983021	0.577187657356	
-0.141990661621	0.711628198624	-0.688058137894	
-0.859980642796	0.25552457571	0.441747128963	
0.490175455809	0.654440641403	0.575704336166	
-0.140307828784	0.710175395012	-0.689901888371	
-0.861049771309	0.25646212697	0.439113348722	
0.488781183958	0.655650854111	0.575512707233	
-0.140204802155	0.711014151573	-0.689058363438	
-0.860086262226	0.257303953171	0.440506905317	
0.490504086018	0.654410839081	0.575458228588	
0.775269091129	0.255622535944	0.577594101429	
0.217510819435	0.750472247601	-0.624083697796	
-0.592998206615	0.609465777874	0.526217281818	
0.773946344852	0.262730181217	0.576177000999	
0.214102834463	0.747723340988	-0.628545761108	
-0.595958948135	0.609821796417	0.522446453571	
0.771793544292	0.257019430399	0.581614732742	
0.219186961651	0.751079916954	-0.622764825821	
-0.596901834011	0.608128249645	0.523343324661	
0.772623836994	0.256927341223	0.580552101135	
0.218643456697	0.750825047493	-0.623263001442	
-0.596026360989	0.608481764793	0.52392989397	
0.773825109005	0.258860081434	0.578088343143	
0.214506745338	0.751644015312	-0.623713195324	
-0.595971107483	0.606648802757	0.52611374855	
0.773998975754	0.259618788958	0.57751506567	
0.218596875668	0.74643856287	-0.628525972366	
-0.594256699085	0.612721443176	0.520990788937	
0.772592425346	0.259376496077	0.579503893852	
0.215744927526	0.751179337502	-0.623845934868	
-0.597122311592	0.607003688812	0.524396300316	
0.772806763649	0.256946384907	0.580300152302	
0.219084769487	0.750152826309	-0.623917162418	
-0.595627069473	0.609302341938	0.523430109024	
0.948340952396	0.0965546742082	-0.302202910185	
-0.194487944245	0.92951208353	-0.313339650631	
0.250646829605	0.35592764616	0.900273084641	
0.949676990509	0.0932011678815	-0.299043655396	
-0.190118998289	0.930247247219	-0.313838839531	
0.24893437326	0.354899406433	0.901153743267	
0.949458479881	0.0979996323586	-0.298202425241	
-0.193248540163	0.931124925613	-0.309291809797	
0.247353225946	0.351286917925	0.903002738953	
0.951296389103	0.0957752168179	-0.293022632599	
-0.190782904625	0.929530024529	-0.315556377172	
0.242150858045	0.356091350317	0.90253084898	
0.94955265522	0.0954360440373	-0.298733443022	
-0.192622631788	0.929196894169	-0.315419852734	
0.247479751706	0.357050597668	0.900704503059	
0.950287759304	0.0972933247685	-0.295782268047	
-0.19301186502	0.929471433163	-0.314371317625	
0.244334936142	0.355832695961	0.902044057846	
0.949565172195	0.0983076989651	-0.297760993242	
-0.19458168745	0.929375946522	-0.313685059547	
0.245894253254	0.355803251266	0.901631891727	
0.950106680393	0.0980178564787	-0.296124726534	
-0.194483235478	0.928373575211	-0.316699773073	
0.243872135878	0.358489841223	0.901116728783	
-0.609318673611	0.399698138237	-0.684815406799	
0.730204045773	-0.0538049899042	-0.681107223034	
-0.309083789587	-0.915066361427	-0.259076803923	
-0.610186815262	0.398125529289	-0.684958457947	
0.731678783894	-0.0483847036958	-0.679930210114	
-0.303839087486	-0.916054010391	-0.261776298285	
-0.605116724968	0.398759633303	-0.689075112343	
0.734838545322	-0.0532942041755	-0.676144957542	
-0.306343048811	-0.915505588055	-0.260774731636	
-0.605767846107	0.400697588921	-0.687376737595	
0.735626637936	-0.0471033081412	-0.675747513771	
-0.303148120642	-0.91499876976	-0.266230165958	
-0.610421061516	0.395878136158	-0.686051487923	
0.730981767178	-0.0520132109523	-0.680411875248	
-0.305043905973	-0.916828870773	-0.257629722357	
-0.612282156944	0.397595494986	-0.683394789696	
0.729495942593	-0.049204390496	-0.682213008404	
-0.304870814085	-0.916240572929	-0.259917348623	
-0.609616398811	0.396699309349	-0.686292588711	
0.731263101101	-0.0527483299375	-0.680052876472	
-0.305977284908	-0.916431844234	-0.257935315371	
-0.609022319317	0.400884062052	-0.684385716915	
0.732124507427	-0.0477820932865	-0.679492890835	
-0.305099248886	-0.914881885052	-0.26439666748	
0.597166836262	0.535099208355	-0.59754550457	
-0.684367358685	0.728451967239	-0.031608287245	
0.418369621038	0.427816033363	0.801211774349	
0.597511589527	0.534078598022	-0.598113656044	
-0.683388352394	0.72937899828	-0.0314100161195	
0.419476121664	0.427511751652	0.800795555115	
0.593968272209	0.535472929478	-0.600391864777	
-0.684360742569	0.728636562824	-0.0271879136562	
0.422909080982	0.427033364773	0.799243628979	
0.597167611122	0.534964978695	-0.597664892673	
-0.683917224407	0.728904485703	-0.0309116337448	
0.419103980064	0.427212715149	0.801149904728	
0.598203718662	0.533474087715	-0.597961306572	
-0.681471765041	0.731255471706	-0.0293549448252	
0.421602338552	0.425053954124	0.800987243652	
0.596800327301	0.53486764431	-0.598118662834	
-0.683777391911	0.7290610075	-0.0303074046969	
0.419854551554	0.427067488432	0.800834238529	
0.597886383533	0.53230381012	-0.599320054054	
-0.681085050106	0.731603264809	-0.0296606849879	
0.422676026821	0.425921648741	0.79995983839	
0.595784008503	0.531991779804	-0.601686120033	
-0.684644341469	0.728075146675	-0.0341874882579	
0.419885247946	0.432309359312	0.798000633717	
0.228986352682	-0.818001568317	0.527672946453	
-0.948784291744	-0.0663461610675	0.308879554272	
-0.217654883862	-0.571376979351	-0.791299343109	
0.227858737111	-0.818634271622	0.527179598808	
-0.948862016201	-0.0651911795139	0.308886706829	
-0.218497768044	-0.570603251457	-0.791625320911	
0.226996541023	-0.818326950073	0.528027951717	
-0.949686467648	-0.0658581331372	0.306199789047	
-0.215796619654	-0.570967316628	-0.792103648186	
0.226272463799	-0.819753289223	0.526122927666	
-0.949500977993	-0.0650911703706	0.306938201189	
-0.217367634177	-0.569005906582	-0.793084859848	
0.231055080891	-0.818684697151	0.525708019733	
-0.948328614235	-0.0687392875552	0.309754312038	
-0.217454329133	-0.570114314556	-0.792264699936	
0.229940921068	-0.819185078144	0.525416910648	
-0.948021411896	-0.0665194019675	0.311176151037	
-0.219960436225	-0.569658637047	-0.791900515556	
0.230498462915	-0.81581223011	0.530396878719	
-0.948720693588	-0.0672309324145	0.308883517981	
-0.216331869364	-0.574395656586	-0.789474606514	
0.228432014585	-0.819844305515	0.525046825409	
-0.949102699757	-0.0674090012908	0.307668864727	
-0.216847673059	-0.568604767323	-0.793514788151	
0.947488248348	-0.114218428731	0.298697382212	
-0.197060167789	-0.944163322449	0.264051020145	
0.251859635115	-0.309046626091	-0.917091548443	
0.947134673595	-0.117057278752	0.298719853163	
-0.199334129691	-0.94425791502	0.261997997761	
0.25139978528	-0.307692438364	-0.917672872543	
0.947522819042	-0.113248087466	0.298957198858	
-0.195498421788	-0.94517660141	0.261575162411	
0.25294443965	-0.306294113398	-0.91771620512	
0.947774171829	-0.113402955234	0.298100531101	
-0.196295201778	-0.944069385529	0.264955103397	
0.251380890608	-0.309633284807	-0.917025029659	
0.948278367519	-0.112652815878	0.29677850008	
-0.195060893893	-0.94436943531	0.264797270298	
0.250438392162	-0.308991402388	-0.917499244213	
0.946926057339	-0.117776282132	0.299098193645	
-0.199822053313	-0.944513499737	0.260701745749	
0.251797795296	-0.306631714106	-0.917918741703	
0.947514295578	-0.112432271242	0.299291878939	
-0.194786563516	-0.945333003998	0.261541098356	
0.253524810076	-0.306111961603	-0.917616844177	
0.946832120419	-0.117449164391	0.299523949623	
-0.199967876077	-0.944150090218	0.261903464794	
0.252035230398	-0.307873785496	-0.91743773222	
-0.994290113449	-0.102916486561	-0.028202438727	
0.0787611156702	-0.529453635216	-0.844674825668	
0.0719990730286	-0.842073023319	0.534536361694	
-0.994206488132	-0.103138551116	-0.0302638206631	
0.0809428989887	-0.533141314983	-0.842145204544	
0.0707227438688	-0.839715898037	0.538400888443	
-0.994009852409	-0.106364548206	-0.0251199938357	
0.0783476457	-0.533253550529	-0.842319607735	
0.0761976242065	-0.839242100716	0.538392663002	
-0.993969082832	-0.106345906854	-0.0267574675381	
0.0793243274093	-0.528792321682	-0.845036327839	
0.075717009604	-0.842062473297	0.534039020538	
-0.994325876236	-0.102703288198	-0.0277136843652	
0.0783101692796	-0.530379533768	-0.844135701656	
0.0719967409968	-0.841516256332	0.535412788391	
-0.994254350662	-0.103887625039	-0.0258002504706	
0.0775827169418	-0.533306360245	-0.842356979847	
0.0737510323524	-0.839518725872	0.538302063942	
-0.994565188885	-0.100642502308	-0.0266688521951	
0.0764339417219	-0.531847417355	-0.843383729458	
0.0706964880228	-0.840838491917	0.536649465561	
-0.994142115116	-0.104755558074	-0.0266024079174	
0.0780841782689	-0.52595436573	-0.846920847893	
0.074728012085	-0.84403693676	0.531053125858	
-0.986255824566	0.0679092481732	0.150624543428	
0.0777384266257	0.995145440102	0.0603513754904	
-0.145794913173	0.0712312087417	-0.986747145653	
-0.986678183079	0.0639298930764	0.149596616626	
0.0742637515068	0.995148062706	0.0645383000374	
-0.144744858146	0.0747881382704	-0.98663854599	
-0.985651433468	0.0641558840871	0.156126007438	
0.0755152329803	0.994827210903	0.0679430514574	
-0.150959447026	0.0787580534816	-0.985397577286	
-0.985977947712	0.0618841908872	0.154977038503	
0.0729799717665	0.995083272457	0.0669564902782	
-0.150071501732	0.0773278400302	-0.985646486282	
-0.985420107841	0.0669115111232	0.156428948045	
0.0769697576761	0.995277583599	0.0591451898217	
-0.151732727885	0.0703231543303	-0.985916733742	
-0.985289514065	0.0654492154717	0.157863736153	
0.0760158523917	0.995186686516	0.0618472136557	
-0.153056025505	0.0729375556111	-0.985522150993	
-0.985718607903	0.0640690773726	0.155736789107	
0.0761588141322	0.994424283504	0.0729391947389	
-0.150195300579	0.0837582573295	-0.985101997852	
-0.986218512058	0.0664042159915	0.151537269354	
0.0768132135272	0.994995951653	0.0638963952661	
-0.146535977721	0.0746558755636	-0.986384153366	
-0.889191627502	-0.456787705421	-0.026139235124	
-0.21920350194	0.375165939331	0.900666594505	
-0.401606887579	0.806595027447	-0.43372386694	
-0.889696836472	-0.455571204424	-0.0299058314413	
-0.223105728626	0.376689732075	0.899071037769	
-0.398325651884	0.806572794914	-0.43678021431	
-0.888470351696	-0.457972705364	-0.0296893082559	
-0.222748935223	0.373765081167	0.900379121304	
-0.401252239943	0.806573450565	-0.434092104435	
-0.890133798122	-0.454860687256	-0.0276322755963	
-0.219640687108	0.375113725662	0.9005818367	
-0.399274021387	0.807707548141	-0.433807313442	
-0.89217209816	-0.450844019651	-0.0277235098183	
-0.21918463707	0.378442853689	0.89929920435	
-0.394951909781	0.808406293392	-0.436454236507	
-0.890517950058	-0.454315334558	-0.0239864159375	
-0.219340190291	0.382549375296	0.897522032261	
-0.398582041264	0.804520726204	-0.440316706896	
-0.891923367977	-0.45141723752	-0.0263662599027	
-0.215977743268	0.374056845903	0.901906371117	
-0.397273600101	0.810125887394	-0.431126117706	
-0.891653478146	-0.451803088188	-0.0287753231823	
-0.219284325838	0.375411689281	0.900544524193	
-0.396066218615	0.809283614159	-0.433810502291	
0.893112301826	-0.446571290493	0.0540788993239	
0.0322229936719	0.183423310518	0.982505738735	
-0.448678195477	-0.875745356083	0.178207471967	
0.893440008163	-0.446234494448	0.0513778924942	
0.0339360721409	0.181111037731	0.982876956463	
-0.447898715734	-0.876398086548	0.176955297589	
0.893389284611	-0.446672528982	0.0483654588461	
0.0385076403618	0.183380648494	0.982287466526	
-0.447630137205	-0.875702679157	0.181030616164	
0.893638789654	-0.445947438478	0.0504041090608	
0.036473415792	0.184107884765	0.982229113579	
-0.447302341461	-0.875919640064	0.180791184306	
0.894733130932	-0.443722605705	0.0506242699921	
0.0368321016431	0.186283245683	0.981805443764	
-0.445079743862	-0.876589298248	0.183017030358	
0.895284593105	-0.442917615175	0.0478487238288	
0.0359951294959	0.178973510861	0.983195245266	
-0.444038122892	-0.878517210484	0.176175102592	
0.893434405327	-0.44646909833	0.0493998527527	
0.0369604751468	0.182669088244	0.982479453087	
-0.447670549154	-0.875955104828	0.179704546928	
0.895638644695	-0.44200399518	0.0496376790106	
0.0373650416732	0.185975730419	0.981843590736	
-0.443210184574	-0.877522349358	0.183082550764	
0.193323358893	-0.375067532063	-0.906614840031	
0.684917390347	0.713220775127	-0.149010822177	
0.702505648136	-0.592149019241	0.394772529602	
0.192907005548	-0.376799315214	-0.905985176563	
0.684298396111	0.713397085667	-0.150997593999	
0.703222990036	-0.590835690498	0.395462453365	
0.19264139235	-0.376746863127	-0.906063497066	
0.685618817806	0.712256968021	-0.150389030576	
0.702008664608	-0.592243015766	0.395514935255	
0.192762583494	-0.372490912676	-0.907795727253	
0.682687520981	0.715440928936	-0.148600205779	
0.70482647419	-0.591096282005	0.392205119133	
0.193201750517	-0.372628927231	-0.907645702362	
0.683845341206	0.714505910873	-0.147772923112	
0.703582704067	-0.592139303684	0.392864346504	
0.192034184933	-0.372504651546	-0.907944440842	
0.687215983868	0.711514413357	-0.146565631032	
0.700611948967	-0.595808327198	0.392626225948	
0.1927870363	-0.378326237202	-0.90537416935	
0.682714760303	0.714450359344	-0.153170645237	
0.704793393612	-0.588582992554	0.396025687456	
0.192595645785	-0.371512383223	-0.908232033253	
0.684374034405	0.714158773422	-0.147001385689	
0.703234732151	-0.593258619308	0.391797304153	
-0.443596512079	0.864810168743	0.23521374166	
0.803217470646	0.267200350761	0.532396137714	
0.397572398186	0.425096869469	-0.813159823418	
-0.444671839476	0.863170385361	0.239173188806	
0.801298141479	0.264045208693	0.536843955517	
0.400235295296	0.430368423462	-0.809070289135	
-0.443963706493	0.862823784351	0.241725668311	
0.804012060165	0.264507323503	0.532541513443	
0.395551294088	0.430779457092	-0.811152398586	
-0.443835377693	0.863826990128	0.238354861736	
0.802754640579	0.265066742897	0.534157812595	
0.39824000001	0.42841860652	-0.811087191105	
-0.437771588564	0.867277026176	0.237037062645	
0.804885685444	0.260557234287	0.533168792725	
0.400643318892	0.424193888903	-0.812123417854	
-0.442560523748	0.863683640957	0.241227552295	
0.803003311157	0.261952161789	0.535319268703	
0.399156421423	0.430617690086	-0.809470534325	
-0.441629230976	0.864928245544	0.238459125161	
0.803806006908	0.263356983662	0.533421993256	
0.398571878672	0.427249610424	-0.811540663242	
-0.445140480995	0.864661157131	0.232832640409	
0.800808727741	0.26804676652	0.535589694977	
0.400693565607	0.424867063761	-0.811746656895	
-0.839201629162	-0.487376302481	0.241257146001	
0.522141158581	-0.846128642559	0.106934249401	
0.152017369866	0.215709686279	0.964551746845	
-0.838137090206	-0.48626807332	0.247122615576	
0.522667765617	-0.845559298992	0.108847849071	
0.156027600169	0.22039245069	0.962851285934	
-0.839993834496	-0.486155241728	0.240963608027	
0.521152555943	-0.846487522125	0.108898453414	
0.151031136513	0.217052832246	0.964405357838	
-0.839961707592	-0.485510468483	0.242371350527	
0.521704256535	-0.845403492451	0.114532314241	
0.149294942617	0.222648918629	0.963399410248	
-0.838191986084	-0.489230960608	0.241012901068	
0.523329257965	-0.845886588097	0.102967493236	
0.153494700789	0.212435647845	0.965044260025	
-0.840495526791	-0.48248526454	0.246526226401	
0.51923173666	-0.847256302834	0.112050034106	
0.154808402061	0.222181797028	0.962636828423	
-0.839019775391	-0.488477647305	0.239656791091	
0.523857176304	-0.844250977039	0.113198623061	
0.147035479546	0.220521822572	0.964235782623	
-0.842654466629	-0.482585817575	0.23883973062	
0.517609775066	-0.848209142685	0.112345039845	
0.148369908333	0.218293815851	0.9645383358	
-0.0169656015933	0.51433378458	0.857422232628	
0.595912158489	0.693798542023	-0.404391229153	
-0.802870392799	0.504087567329	-0.318268448114	
-0.0119592649862	0.5143622756	0.857489585876	
0.59698420763	0.691618323326	-0.406538933516	
-0.80216383934	0.507045865059	-0.31533741951	
-0.0154837714508	0.517047464848	0.855816662312	
0.597925364971	0.690805852413	-0.406537145376	
-0.801402211189	0.505419790745	-0.319852083921	
-0.0127827636898	0.516528487206	0.856174588203	
0.597362160683	0.690597474575	-0.407717466354	
-0.801869690418	0.506234526634	-0.317382335663	
-0.0115236956626	0.513394057751	0.858075618744	
0.596204400063	0.692439377308	-0.406285643578	
-0.802749991417	0.506906509399	-0.314067274332	
-0.0126873385161	0.51196116209	0.858914911747	
0.597690165043	0.692522883415	-0.403953552246	
-0.801626741886	0.508239924908	-0.314780414104	
-0.0166351608932	0.516595065594	0.856068253517	
0.596282362938	0.692398250103	-0.406241327524	
-0.802602410316	0.503700494766	-0.319554656744	
-0.0144850239158	0.512171208858	0.858761250973	
0.595533788204	0.694320559502	-0.404052555561	
-0.803199648857	0.505568623543	-0.315072506666	
0.735163509846	0.665385007858	0.129604592919	
-0.677563071251	0.715318977833	0.170959204435	
0.0210450664163	-0.21349824965	0.976716756821	
0.734077274799	0.665865123272	0.133245065808	
-0.678831040859	0.714397251606	0.169779062271	
0.0178600475192	-0.215081840754	0.976432681084	
0.734515547752	0.666124045849	0.129482597113	
-0.678214013577	0.714251697063	0.172830179334	
0.0226431675255	-0.214763358235	0.976403594017	
0.732297301292	0.668496906757	0.129817321897	
-0.680567383766	0.711751878262	0.17388881743	
0.0238464195281	-0.21568775177	0.976171135902	
0.735752344131	0.664065003395	0.132989287376	
-0.677001237869	0.715832948685	0.17103369534	
0.0183793846518	-0.215872347355	0.976248621941	
0.732276380062	0.667843639851	0.133252412081	
-0.680773794651	0.712747991085	0.168930009007	
0.0178434420377	-0.214418202639	0.976578950882	
0.73352432251	0.666342616081	0.13390134275	
-0.679333746433	0.712665915489	0.17496573925	
0.0211602132767	-0.219305321574	0.975426793098	
0.730521976948	0.670037150383	0.131862968206	
-0.682628691196	0.711167097092	0.168105393648	
0.0188602525741	-0.212818130851	0.976909816265	
-0.219516336918	-0.961016714573	-0.16810542345	
-0.918553054333	0.261648803949	-0.296310961246	
0.328744351864	0.0893686562777	-0.940181016922	
-0.215834155679	-0.961698770523	-0.168970674276	
-0.919744074345	0.258340835571	-0.295518010855	
0.327851355076	0.0916268825531	-0.940275490284	
-0.21838721633	-0.962057769299	-0.163560003042	
-0.920136868954	0.258830785751	-0.293861836195	
0.3250464499	0.0863219127059	-0.9417501688	
-0.215074881911	-0.963011682034	-0.162330687046	
-0.919252097607	0.255749851465	-0.299278408289	
0.329724669456	0.084855556488	-0.94025593996	
-0.214959323406	-0.962374150753	-0.166218072176	
-0.919832646847	0.256697326899	-0.296672105789	
0.328177303076	0.0891203805804	-0.940402686596	
-0.216530114412	-0.961318314075	-0.170240566134	
-0.919154405594	0.259509801865	-0.296327263117	
0.329043895006	0.0923135876656	-0.939791619778	
-0.215177446604	-0.96323299408	-0.160875275731	
-0.919546127319	0.255313724279	-0.298747122288	
0.328836768866	0.0836485922337	-0.940674901009	
-0.216782703996	-0.962501645088	-0.163082391024	
-0.919171988964	0.257516682148	-0.298006653786	
0.328828334808	0.0852980837226	-0.940529704094	
0.116091132164	0.867130756378	0.484362572432	
0.92312002182	-0.274173974991	0.269588619471	
0.366568207741	0.415827929974	-0.832294940948	
0.115585044026	0.869366884232	0.480459421873	
0.921591699123	-0.274306863546	0.274635255337	
0.370552122593	0.411043673754	-0.83290708065	
0.112984053791	0.870084822178	0.479778110981	
0.922820806503	-0.270873099566	0.273915201426	
0.368288427591	0.411801189184	-0.833536684513	
0.11407007277	0.869213283062	0.481099009514	
0.921746790409	-0.273260474205	0.275157302618	
0.37063574791	0.412064284086	-0.832365393639	
0.116582110524	0.867887794971	0.482886463404	
0.922173917294	-0.275127381086	0.271845906973	
0.368787050247	0.413612931967	-0.832418441772	
0.113223880529	0.871245026588	0.477611213923	
0.921603500843	-0.271709173918	0.277166306973	
0.371251106262	0.408786296844	-0.833706378937	
0.117220945656	0.869476318359	0.479864805937	
0.922804772854	-0.273928403854	0.270914256573	
0.367002129555	0.411064714193	-0.834467053413	
0.11590885371	0.870365321636	0.478570073843	
0.922808229923	-0.272589355707	0.272249937057	
0.367410004139	0.410072237253	-0.834775805473	
0.918480694294	-0.0559524931014	-0.391487628222	
-0.011287975125	-0.99324631691	0.115474455059	
-0.395304709673	-0.101641952991	-0.912909150124	
0.918359577656	-0.0552659966052	-0.391869008541	
-0.00905687361956	-0.992876648903	0.118802078068	
-0.395643293858	-0.105553917587	-0.912318348885	
0.918277978897	-0.0565328486264	-0.391879528761	
-0.0106047783047	-0.99291074276	0.118388272822	
-0.395794212818	-0.104557543993	-0.912367582321	
0.917998373508	-0.0565847679973	-0.392526596785	
-0.0104556176811	-0.992877960205	0.118676103652	
-0.396446287632	-0.104840360582	-0.912051975727	
0.919294416904	-0.0541931837797	-0.389821559191	
-0.00840315967798	-0.992951393127	0.118223883212	
-0.393480807543	-0.105406820774	-0.913270115852	
0.919344723225	-0.0578019917011	-0.389183998108	
-0.0137149561197	-0.993256747723	0.115121498704	
-0.393213868141	-0.100498706102	-0.913938105106	
0.91713821888	-0.0553024113178	-0.394714027643	
-0.00811953097582	-0.992713987827	0.120220571756	
-0.39848664403	-0.107053987682	-0.910904943943	
0.918355286121	-0.0564542151988	-0.391709685326	
-0.0103618288413	-0.992864012718	0.118801042438	
-0.395621269941	-0.105042733252	-0.912386894226	
0.814635753632	-0.568130493164	0.116603374481	
0.132004067302	-0.0141446376219	-0.991148233414	
0.564750850201	0.82281690836	0.0634728074074	
0.815784990788	-0.567178368568	0.113152936101	
0.127548202872	-0.0143958600238	-0.991727888584	
0.564115524292	0.823469161987	0.0605986490846	
0.814177513123	-0.568751394749	0.116776898503	
0.129559233785	-0.0180908087641	-0.991406619549	
0.565976500511	0.822310507298	0.0589578710496	
0.814639866352	-0.568550527096	0.114508531988	
0.128620639443	-0.0154149727896	-0.991574048996	
0.565525114536	0.82250392437	0.0605696812272	
0.816411316395	-0.565625667572	0.116361923516	
0.131596893072	-0.0139691485092	-0.991204857826	
0.562276422977	0.824543774128	0.0630300119519	
0.818564832211	-0.563771247864	0.110061660409	
0.127238959074	-0.00888547487557	-0.991832315922	
0.560144484043	0.825883150101	0.0644603297114	
0.814520716667	-0.5683349967	0.116410374641	
0.129660338163	-0.0172419697046	-0.991408526897	
0.565459311008	0.822616577148	0.0596465617418	
0.819507598877	-0.562043309212	0.111868441105	
0.126959338784	-0.0122953383252	-0.991831719875	
0.558827877045	0.827016413212	0.0612805299461	
0.210573494434	0.976193547249	-0.0520089492202	
-0.663157463074	0.103555381298	-0.741281628609	
-0.718248546124	0.190584391356	0.66917604208	
0.207861810923	0.976712107658	-0.053169131279	
-0.665188968182	0.101293228567	-0.739772498608	
-0.717159092426	0.189137965441	0.670753061771	
0.212577879429	0.975765883923	-0.0518808178604	
-0.660558104515	0.104376964271	-0.743484020233	
-0.720051169395	0.192318543792	0.666738271713	
0.210536792874	0.97611284256	-0.0536468848586	
-0.664159476757	0.10255292803	-0.740523517132	
-0.717332839966	0.191537544131	0.669885754585	
0.206551626325	0.977270960808	-0.0477267988026	
-0.66145581007	0.103526130319	-0.742804527283	
-0.720980346203	0.184996649623	0.667805016041	
0.207529246807	0.976573765278	-0.0568798668683	
-0.661088705063	0.0971530526876	-0.74399125576	
-0.72103625536	0.19200257957	0.66576397419	
0.204244434834	0.977603852749	-0.0507432445884	
-0.661277890205	0.0995643734932	-0.743504166603	
-0.721800327301	0.185411974788	0.666803300381	
0.213265776634	0.975640535355	-0.0514122880995	
-0.662826061249	0.105826258659	-0.741257309914	
-0.717759907246	0.192162230611	0.669249117374	
-0.504948854446	-0.845338523388	0.174440443516	
0.347045719624	-0.0137925501913	0.937746763229	
-0.790307462215	0.534052968025	0.300335645676	
-0.503202080727	-0.846013188362	0.176208332181	
0.343567430973	-0.0087573537603	0.939087212086	
-0.792937040329	0.533090054989	0.295069277287	
-0.505107879639	-0.84523910284	0.174461498857	
0.349874705076	-0.015750169754	0.936664104462	
-0.788957357407	0.534156084061	0.303683340549	
-0.504545807838	-0.844721376896	0.178547844291	
0.348880708218	-0.0103078298271	0.937110424042	
-0.789756774902	0.535107076168	0.299907773733	
-0.50596678257	-0.843880355358	0.178503796458	
0.344593644142	-0.00804416369647	0.938717484474	
-0.790729284286	0.536471128464	0.294865876436	
-0.504544615746	-0.844629347324	0.178985923529	
0.346675246954	-0.00832744129002	0.937948286533	
-0.790728151798	0.535286724567	0.297013640404	
-0.508244335651	-0.843321621418	0.174632102251	
0.349866420031	-0.0168962161988	0.936647236347	
-0.786944210529	0.537143528461	0.303637325764	
-0.504269003868	-0.844283938408	0.181376323104	
0.349184513092	-0.00725895958021	0.937025845051	
-0.789799273014	0.535846948624	0.298471361399	
-0.298774182796	-0.175434172153	0.938060164452	
0.865206241608	-0.464558422565	0.188689261675	
0.402681201696	0.867990970612	0.290584802628	
-0.30010586977	-0.178437620401	0.937068045139	
0.863798141479	-0.467610955238	0.18759739399	
0.404708832502	0.865736663342	0.294466882944	
-0.294804543257	-0.174865484238	0.93942129612	
0.865058839321	-0.466455459595	0.184641674161	
0.405910730362	0.867087841034	0.288782119751	
-0.296974271536	-0.176683753729	0.938397109509	
0.863748371601	-0.468695670366	0.18510299921	
0.407117962837	0.865509808064	0.29180085659	
-0.294784635305	-0.174375593662	0.9395185709	
0.864849865437	-0.466813623905	0.184715390205	
0.406370222569	0.866993784904	0.28841817379	
-0.2961165905	-0.175388857722	0.938910901546	
0.864717841148	-0.466734707355	0.185531154275	
0.405682206154	0.866831839085	0.289869755507	
-0.294806540012	-0.172805592418	0.939801752567	
0.865422129631	-0.465271145105	0.185922876	
0.405134111643	0.868136525154	0.286714762449	
-0.296552658081	-0.176695436239	0.938528239727	
0.865287959576	-0.465587645769	0.185754925013	
0.404145091772	0.867183327675	0.290963679552	
0.161857157946	0.64217633009	-0.749274194241	
0.748751282692	-0.574499309063	-0.330638766289	
-0.642785906792	-0.507503807545	-0.573817193508	
0.163375049829	0.644213736057	-0.747192919254	
0.748042285442	-0.574684262276	-0.331919759512	
-0.643227279186	-0.504704475403	-0.575788199902	
0.160058230162	0.64020293951	-0.75134652853	
0.747199237347	-0.575968265533	-0.331592917442	
-0.645038545132	-0.508331358433	-0.570547580719	
0.163700923324	0.640622079372	-0.750203549862	
0.74683123827	-0.577335894108	-0.330039978027	
-0.644550323486	-0.506247580051	-0.572947025299	
0.158091202378	0.639211595058	-0.75260591507	
0.74985152483	-0.573616147041	-0.329677402973	
-0.64244055748	-0.512223601341	-0.569997489452	
0.163071140647	0.64201182127	-0.749151945114	
0.750132203102	-0.573901534081	-0.328540354967	
-0.640866219997	-0.508387565613	-0.575180470943	
0.156902074814	0.638144791126	-0.753759205341	
0.749754369259	-0.573745250702	-0.329673647881	
-0.642845332623	-0.513407826424	-0.568473696709	
0.160736247897	0.639890551567	-0.751467823982	
0.747229158878	-0.576317965984	-0.330917179585	
-0.644835174084	-0.508328318596	-0.570780098438	
-0.222265809774	-0.910710632801	-0.348143696785	
0.431635707617	-0.412089467049	0.802416920662	
-0.874235987663	0.0280785895884	0.484688609838	
-0.220177993178	-0.910357356071	-0.350387096405	
0.434749007225	-0.413134843111	0.800195515156	
-0.873221039772	0.0238550081849	0.486740142107	
-0.221095606685	-0.910136818886	-0.350382268429	
0.426195561886	-0.413320809603	0.80468827486	
-0.877196729183	0.0285816788673	0.479279667139	
-0.219510734081	-0.910461962223	-0.350533902645	
0.428149074316	-0.412749767303	0.803944051266	
-0.876643240452	0.0263935793191	0.480416446924	
-0.218379318714	-0.912009835243	-0.347200989723	
0.430045515299	-0.409316897392	0.80468660593	
-0.875997364521	0.026414681226	0.481592059135	
-0.219046071172	-0.910556852818	-0.350578188896	
0.430373668671	-0.412628799677	0.802817523479	
-0.875669658184	0.0249743890017	0.482264399529	
-0.219011023641	-0.910751879215	-0.350093156099	
0.424437880516	-0.412004113197	0.806290924549	
-0.878570795059	0.0279938001186	0.47679105401	
-0.221987694502	-0.909820199013	-0.350640416145	
0.425196141005	-0.41394674778	0.804895222187	
-0.877456367016	0.0295858867466	0.478743135929	
0.946349620819	-0.00557321729138	-0.323096483946	
0.184410527349	0.830368161201	0.525815069675	
0.265358537436	-0.557187318802	0.786846339703	
0.946739733219	-0.0127932168543	-0.321745485067	
0.189587980509	0.8297996521	0.524870336056	
0.260269522667	-0.557914733887	0.788029789925	
0.948487401009	-0.00977406464517	-0.316663980484	
0.183631002903	0.831462323666	0.524356842041	
0.258169084787	-0.555495202541	0.790426373482	
0.948095679283	-0.0131096523255	-0.317714840174	
0.187175750732	0.830722987652	0.524275243282	
0.257059961557	-0.556531608105	0.790058672428	
0.947724401951	-0.00934326462448	-0.318953305483	
0.184858888388	0.830819249153	0.52494430542	
0.26008784771	-0.556463897228	0.789114832878	
0.946857333183	-0.0125900218263	-0.32140737772	
0.188631266356	0.83110499382	0.523146927357	
0.260536849499	-0.555972993374	0.789312720299	
0.948814451694	-0.0147572355345	-0.315489083529	
0.187175229192	0.830862700939	0.524054050446	
0.254394501448	-0.556281805038	0.791096687317	
0.948040366173	-0.014129338786	-0.317836165428	
0.188053891063	0.83069974184	0.523997783661	
0.256622672081	-0.556541383266	0.790193974972	
-0.081160902977	-0.0298625249416	0.996253550053	
-0.842692255974	0.535820901394	-0.052589725703	
-0.532243013382	-0.843803405762	-0.0686526298523	
-0.0857956632972	-0.0285877343267	0.9959025383	
-0.849778652191	0.523920536041	-0.0581679604948	
-0.52011090517	-0.85128724575	-0.0692433565855	
-0.0824632123113	-0.0272733625025	0.996220827103	
-0.843995332718	0.533496499062	-0.0552571490407	
-0.529973268509	-0.84536242485	-0.0670124217868	
-0.0802647694945	-0.025602158159	0.996444702148	
-0.84799349308	0.52717000246	-0.054762005806	
-0.523893713951	-0.849374055862	-0.0640236437321	
-0.0782044380903	-0.0264904983342	0.996585309505	
-0.843943238258	0.53390288353	-0.0520344339311	
-0.530701339245	-0.845130741596	-0.0641100481153	
-0.0791743397713	-0.0224871542305	0.996607124805	
-0.848300218582	0.52659791708	-0.0555102601647	
-0.523562967777	-0.849817037582	-0.0607688985765	
-0.0826756581664	-0.0271300058812	0.996207177639	
-0.844848334789	0.532106518745	-0.0556233078241	
-0.528579235077	-0.846242666245	-0.0669129937887	
-0.0840212702751	-0.0267236735672	0.99610555172	
-0.846269965172	0.529677689075	-0.0571723990142	
-0.526086986065	-0.84777790308	-0.0671196356416	
0.924325883389	-0.102082334459	-0.367696672678	
-0.106883235276	0.855731844902	-0.506259799004	
0.366329938173	0.507249653339	0.780064225197	
0.924010872841	-0.108623340726	-0.366612643003	
-0.102693356574	0.853073835373	-0.511584937572	
0.368317723274	0.51035875082	0.777094602585	
0.92080783844	-0.103908017278	-0.375920325518	
-0.109128512442	0.856715738773	-0.504112184048	
0.374438166618	0.505214095116	0.777531206608	
0.921965420246	-0.103346534073	-0.373228132725	
-0.108232945204	0.856573700905	-0.50454646349	
0.371840536594	0.50556999445	0.778545796871	
0.92135566473	-0.107421703637	-0.373583108187	
-0.106927424669	0.853945076466	-0.509258627892	
0.373724877834	0.509154617786	0.7753008008	
0.922093212605	-0.111111417413	-0.370672821999	
-0.102653585374	0.853335857391	-0.511155724525	
0.373103618622	0.509384155273	0.775449216366	
0.922869801521	-0.106117933989	-0.370203107595	
-0.104238308966	0.856573104858	-0.50538790226	
0.370736718178	0.504996538162	0.779443860054	
0.924616754055	-0.108938135207	-0.364988178015	
-0.100623711944	0.85432857275	-0.509899616241	
0.367367327213	0.508188188076	0.778964698315	
-0.960626006126	0.262749403715	-0.0903353095055	
-0.268576920033	-0.961406469345	0.059699665755	
-0.0711629018188	0.0816110298038	0.99412047863	
-0.960955440998	0.261046648026	-0.0917569547892	
-0.266534566879	-0.962336957455	0.0535438172519	
-0.0743236765265	0.0759096220136	0.994340837002	
-0.962147057056	0.258510798216	-0.086285635829	
-0.263640880585	-0.963086307049	0.0543903075159	
-0.069040030241	0.075079895556	0.994784653187	
-0.96068572998	0.261968314648	-0.0919537320733	
-0.267514258623	-0.962033927441	0.0541007220745	
-0.074289932847	0.0765727311373	0.994292497635	
-0.961350739002	0.261165142059	-0.0871636942029	
-0.266856282949	-0.961771547794	0.0615080222487	
-0.0677678063512	0.0823909640312	0.9942933321	
-0.961878716946	0.257788062096	-0.0912941917777	
-0.263530015945	-0.962935090065	0.057514641434	
-0.0730837881565	0.0793808698654	0.99416166544	
-0.960854649544	0.260397493839	-0.0946122705936	
-0.266495198011	-0.962051153183	0.0586335584521	
-0.0757538080215	0.0815520435572	0.993785977364	
-0.960927426815	0.259836941957	-0.0954111143947	
-0.265715450048	-0.962483167648	0.0549680516124	
-0.0775488615036	0.0781725123525	0.99391913414	
0.209787383676	0.245043814182	0.946542561054	
-0.157083675265	-0.947062909603	0.279993861914	
0.965046107769	-0.207425564528	-0.160189464688	
0.206439375877	0.24537140131	0.947193562984	
-0.155833378434	-0.947444736958	0.279400110245	
0.965970337391	-0.205283552408	-0.157352849841	
0.204110994935	0.240387737751	0.948974430561	
-0.160518020391	-0.948043525219	0.274677067995	
0.965698003769	-0.208392098546	-0.154919534922	
0.206744492054	0.242663994431	0.947824299335	
-0.15605674684	-0.948172867298	0.276793152094	
0.965869069099	-0.205139830709	-0.158160164952	
0.206677123904	0.246195822954	0.946927785873	
-0.158499568701	-0.946615278721	0.280708819628	
0.96548563242	-0.208103731275	-0.156621783972	
0.206498518586	0.245512321591	0.947144150734	
-0.161490619183	-0.946180105209	0.280470967293	
0.965028047562	-0.210871741176	-0.155736848712	
0.209137931466	0.242588862777	0.947318315506	
-0.157930806279	-0.947644591331	0.277538537979	
0.965048789978	-0.207654580474	-0.159876167774	
0.206465527415	0.241546437144	0.948170483112	
-0.160347089171	-0.947596073151	0.276315927505	
0.965225756168	-0.209086090326	-0.156914651394	
-0.339524537325	0.838074207306	0.42703011632	
-0.241598770022	-0.516470611095	0.821515798569	
0.909039676189	0.17575481534	0.377832144499	
-0.336993902922	0.838577330112	0.428045749664	
-0.241705849767	-0.516457676888	0.821492373943	
0.909952402115	0.173376753926	0.376732140779	
-0.337059885263	0.838571369648	0.428005516529	
-0.240882411599	-0.516287863255	0.821840882301	
0.910146296024	0.173910602927	0.376017034054	
-0.334807127714	0.840317547321	0.426345616579	
-0.242467284203	-0.514051735401	0.822776019573	
0.910556852818	0.172096401453	0.375857710838	
-0.336128234863	0.840009868145	0.425912171602	
-0.244046583772	-0.514461934566	0.822052419186	
0.909647762775	0.172372624278	0.377926707268	
-0.336525499821	0.839141011238	0.427308946848	
-0.241815045476	-0.515566825867	0.822019636631	
0.910096764565	0.173300847411	0.376418322325	
-0.336227983236	0.839475095272	0.426886767149	
-0.244594931602	-0.515559792519	0.821201205254	
0.909463584423	0.171696484089	0.378676980734	
-0.335527986288	0.839450716972	0.427484989166	
-0.242791876197	-0.515520334244	0.821760833263	
0.910204946995	0.171933889389	0.376783311367	
0.6388053298	0.188911154866	-0.745815217495	
0.489333868027	-0.847810089588	0.204378128052	
-0.593700349331	-0.495510458946	-0.634026229382	
0.635931968689	0.190296560526	-0.747915625572	
0.493681579828	-0.845204651356	0.204713433981	
-0.593185484409	-0.499415963888	-0.631438553333	
0.638747870922	0.188792943954	-0.745894312859	
0.490188896656	-0.847075879574	0.205371171236	
-0.593056440353	-0.496809512377	-0.633612155914	
0.639517903328	0.190125852823	-0.744895279408	
0.48958542943	-0.847769796848	0.203942343593	
-0.592725038528	-0.495114654303	-0.635246813297	
0.639104962349	0.189804270864	-0.745331585407	
0.491307646036	-0.846333026886	0.205760136247	
-0.591744601727	-0.497689425945	-0.634147882462	
0.640392184258	0.190626382828	-0.744015753269	
0.492146462202	-0.845552504063	0.206960856915	
-0.589652180672	-0.49870082736	-0.635301351547	
0.637657642365	0.191037416458	-0.746255636215	
0.492203712463	-0.846252858639	0.203940168023	
-0.592560768127	-0.497353792191	-0.63364893198	
0.63752156496	0.188273459673	-0.747073888779	
0.491932094097	-0.845752716064	0.206652283669	
-0.592932641506	-0.499254882336	-0.631803333759	
-0.331992447376	0.812645673752	-0.478944718838	
0.0910838246346	0.532987952232	0.841206014156	
0.938874185085	0.235649928451	-0.250966846943	
-0.330718576908	0.812308251858	-0.480396211147	
0.0887582376599	0.533556580544	0.841094136238	
0.93954628706	0.23552633822	-0.248556137085	
-0.326955318451	0.814345240593	-0.47952273488	
0.0876344293356	0.531349718571	0.842607676983	
0.940967798233	0.233472362161	-0.24509228766	
-0.327162623405	0.812773227692	-0.482041746378	
0.0891012176871	0.534374415874	0.84053850174	
0.940757989883	0.23204228282	-0.247246429324	
-0.32757589221	0.81224912405	-0.482644200325	
0.0847696140409	0.534035265446	0.841201782227	
0.941014409065	0.234643876553	-0.243791133165	
-0.32395607233	0.811545729637	-0.486257106066	
0.0841372832656	0.536651849747	0.839598536491	
0.942323386669	0.231080695987	-0.242132887244	
-0.328602343798	0.81066429615	-0.484606921673	
0.0882315933704	0.537205159664	0.838824093342	
0.940338075161	0.23288191855	-0.248053073883	
-0.325644701719	0.813055992126	-0.482592463493	
0.0894820094109	0.534625351429	0.840338468552	
0.941248357296	0.230468422174	-0.246851786971	
0.762422502041	0.504618048668	-0.405058771372	
-0.262625038624	-0.330792307854	-0.906424045563	
-0.591388225555	0.797456622124	-0.119678169489	
0.764904618263	0.501103699207	-0.404741883278	
-0.262517571449	-0.331282645464	-0.90627604723	
-0.588222265244	0.799466609955	-0.121851094067	
0.763327300549	0.501378774643	-0.407370537519	
-0.267326027155	-0.328915834427	-0.905732393265	
