-0.512935578823	-0.0647546127439	0.85598129034	
-0.783066987991	0.443848520517	-0.435665696859	
-0.351714670658	-0.893759071827	-0.278372913599	
-0.507176876068	-0.0805418416858	0.858070313931	
-0.786532521248	0.450279951096	-0.422628223896	
-0.35233259201	-0.88924741745	-0.291720360518	
-0.5285359025	-0.076968729496	0.845414459705	
-0.774359405041	0.451815098524	-0.442979305983	
-0.347875446081	-0.88878506422	-0.29840195179	
-0.516078054905	-0.0737678781152	0.853359103203	
-0.777086377144	0.459379792213	-0.430240601301	
-0.360277980566	-0.885171473026	-0.294399827719	
-0.507178068161	-0.0589132867754	0.859825372696	
-0.781413674355	0.452267885208	-0.429937660694	
-0.363542348146	-0.889934241772	-0.275415986776	
-0.507825732231	-0.0770070403814	0.858011066914	
-0.779459238052	0.46518060565	-0.419583469629	
-0.366819232702	-0.881859898567	-0.296254515648	
-0.519896149635	-0.0735035091639	0.851061224937	
-0.771504461765	0.468118399382	-0.430866599083	
-0.366727232933	-0.880603432655	-0.300081253052	
-0.507482349873	-0.0753630176187	0.858360111713	
-0.780259251595	0.462852835655	-0.420669406652	
-0.365591496229	-0.883225739002	-0.293692350388	
-0.162044629455	0.707128822803	-0.688266158104	
-0.859825789928	0.241057917476	0.450100779533	
0.484191268682	0.664725422859	0.568945467472	
-0.156505227089	0.708483278751	-0.688155174255	
-0.849417626858	0.258975148201	0.459805965424	
0.503979921341	0.656493186951	0.561267197132	
-0.143359810114	0.704432785511	-0.695142030716	
-0.860179305077	0.258670806885	0.439523607492	
0.489427775145	0.660956799984	0.568855464458	
-0.139764562249	0.709219753742	-0.690994381905	
-0.857081413269	0.262813299894	0.443103432655	
0.495860189199	0.654168605804	0.571127057076	
-0.151055932045	0.708623886108	-0.689227342606	
-0.860368728638	0.249085232615	0.444659590721	
0.486772745848	0.660158097744	0.572052061558	
-0.157903298736	0.710805773735	-0.685435414314	
-0.854439854622	0.249594733119	0.455669850111	
0.494973838329	0.657615125179	0.56792896986	
-0.150090500712	0.702298939228	-0.695880055428	
-0.858481705189	0.256540358067	0.444067835808	
0.490389674902	0.664050638676	0.564406514168	
-0.148938238621	0.706344604492	-0.692022144794	
-0.855047166348	0.259532719851	0.448928892612	
0.496700882912	0.658574283123	0.565303623676	
0.791704177856	0.246291190386	0.559057354927	
0.215179219842	0.744056999683	-0.632516443729	
-0.571753799915	0.62106347084	0.536076307297	
0.786735415459	0.278066754341	0.551113665104	
0.198083713651	0.731857180595	-0.652033627033	
-0.584645390511	0.622144579887	0.52069747448	
0.775953471661	0.253055691719	0.57780534029	
0.224564760923	0.745168149471	-0.627929210663	
-0.589463233948	0.616998553276	0.521388411522	
0.778257071972	0.25224095583	0.575056910515	
0.223389238119	0.744653940201	-0.628957688808	
-0.586867272854	0.617952287197	0.523184299469	
0.784919321537	0.261519193649	0.561702251434	
0.200119182467	0.750968813896	-0.629283845425	
-0.586390674114	0.606344401836	0.537114918232	
0.787216603756	0.263995498419	0.557311713696	
0.218975752592	0.725173413754	-0.652819335461	
-0.576489031315	0.635948002338	0.513059973717	
0.779004216194	0.265909940004	0.567841827869	
0.206680655479	0.746112287045	-0.632929384708	
-0.591975986958	0.610416531563	0.526266157627	
0.780293524265	0.254216462374	0.571415781975	
0.222433358431	0.741117477417	-0.633457422256	
-0.584521532059	0.621384680271	0.521742939949	
0.943151712418	0.0767626538873	-0.323376476765	
-0.187145322561	0.926717102528	-0.325840562582	
0.27466610074	0.367835491896	0.888400554657	
0.948563933372	0.0637969300151	-0.310090988874	
-0.169654533267	0.929403841496	-0.327758818865	
0.267289757729	0.363508552313	0.892422378063	
0.95060968399	0.0817556530237	-0.299428194761	
-0.178238272667	0.933559179306	-0.310963660479	
0.254110902548	0.348974645138	0.902022361755	
0.957974135876	0.071645475924	-0.277763426304	
-0.166845217347	0.926833927631	-0.336365133524	
0.233341529965	0.368572592735	0.899836659431	
0.948887467384	0.0674628913403	-0.308320194483	
-0.175074458122	0.92532324791	-0.336341798306	
0.262605249882	0.37312951684	0.889838635921	
0.952379107475	0.0758186727762	-0.295339792967	
-0.177097812295	0.926016449928	-0.33336147666	
0.248214498162	0.369790554047	0.895346045494	
0.94985306263	0.0818302854896	-0.301799476147	
-0.183744877577	0.927006661892	-0.326950252056	
0.253015697002	0.36600881815	0.895556032658	
0.951748967171	0.0786575749516	-0.29662579298	
-0.1822591573	0.922535657883	-0.340161055326	
0.246891617775	0.377810716629	0.892358422279	
-0.611366808414	0.370506256819	-0.699253737926	
0.728336334229	-0.0820816233754	-0.680285811424	
-0.309446036816	-0.925196051598	-0.219671189785	
-0.61702555418	0.364137947559	-0.697626709938	
0.732194304466	-0.0592301189899	-0.67851549387	
-0.288393735886	-0.929459691048	-0.230073228478	
-0.586126029491	0.366102457047	-0.722789943218	
0.753432571888	-0.0818151533604	-0.652415215969	
-0.297986000776	-0.926971018314	-0.227879524231	
-0.588514089584	0.374340772629	-0.716603219509	
0.756937623024	-0.0563136897981	-0.651056230068	
-0.284071475267	-0.925579667091	-0.250211209059	
-0.614533782005	0.349679112434	-0.707158267498	
0.73299241066	-0.0783213302493	-0.675712883472	
-0.291668236256	-0.933589994907	-0.208181023598	
-0.625966846943	0.361463874578	-0.691020548344	
0.723143517971	-0.0626719072461	-0.687848567963	
-0.291939973831	-0.930277407169	-0.222159728408	
-0.608476281166	0.356706559658	-0.708884358406	
0.734656214714	-0.0845620781183	-0.673148930073	
-0.300061374903	-0.930381476879	-0.210602670908	
-0.605704963207	0.376645743847	-0.700899004936	
0.739061295986	-0.0600544475019	-0.670955955982	
-0.294804811478	-0.92440867424	-0.241989016533	
0.585118472576	0.54074037075	-0.604347765446	
-0.696758210659	0.716524422169	-0.0334780961275	
0.414926946163	0.440672904253	0.796016991138	
0.589867293835	0.533149719238	-0.606471776962	
-0.690703094006	0.722195923328	-0.0369095504284	
0.418313086033	0.440663635731	0.794247865677	
0.573422431946	0.543355345726	-0.613148987293	
-0.696726620197	0.717156946659	-0.0160607844591	
0.430997341871	0.436406850815	0.789803981781	
0.589729547501	0.538816332817	-0.601577937603	
-0.693234145641	0.719871222973	-0.0348122082651	
0.414301276207	0.437564134598	0.798055171967	
0.592246890068	0.532384932041	-0.604822158813	
-0.682715952396	0.730230093002	-0.0257479231805	
0.427951544523	0.428170859814	0.795944213867	
0.585153698921	0.539787888527	-0.605164587498	
-0.693412721157	0.719985425472	-0.0282793026417	
0.420444875956	0.43617656827	0.795597970486	
0.591398060322	0.529344558716	-0.608311295509	
-0.682132959366	0.730718195438	-0.0273057688028	
0.430049955845	0.431097745895	0.793228685856	
0.580494821072	0.525737166405	-0.621792733669	
-0.698327183723	0.71416002512	-0.0481106378138	
0.418765962124	0.46214273572	0.781702756882	
0.230580195785	-0.809288322926	0.540263950825	
-0.948434591293	-0.0628179982305	0.310685843229	
-0.217496141791	-0.58404302597	-0.782041668892	
0.225251019001	-0.814041554928	0.535348773003	
-0.948573589325	-0.0577946715057	0.311236172915	
-0.222418874502	-0.577923953533	-0.785196602345	
0.218625500798	-0.811862707138	0.541370332241	
-0.953367829323	-0.0594144538045	0.295904904604	
-0.208068922162	-0.580817401409	-0.786993265152	
0.21800494194	-0.817229628563	0.533488154411	
-0.951755821705	-0.0570700094104	0.301502764225	
-0.21595081687	-0.573479533195	-0.790244579315	
0.242049753666	-0.812027513981	0.531058609486	
-0.945703923702	-0.0750784873962	0.31623929739	
-0.216923937201	-0.578769862652	-0.786110341549	
0.235174864531	-0.816726505756	0.526925623417	
-0.944787561893	-0.0648159831762	0.321209192276	
-0.228186845779	-0.573373138905	-0.786876142025	
0.237555742264	-0.798105359077	0.553710341454	
-0.948064863682	-0.0663731992245	0.311074972153	
-0.21151907742	-0.5988509655	-0.772422969341	
0.226266637444	-0.818536400795	0.52801668644	
-0.949741065502	-0.0650054365396	0.306212693453	
-0.216322273016	-0.570764839649	-0.792106151581	
0.947564303875	-0.115829855204	0.297834455967	
-0.200590282679	-0.941107273102	0.272177606821	
0.248767897487	-0.317648500204	-0.914994001389	
0.945811867714	-0.127513989806	0.298630446196	
-0.210067451	-0.941573381424	0.263270258904	
0.247611835599	-0.311736643314	-0.91733777523	
0.947397947311	-0.110418953001	0.300407767296	
-0.193344205618	-0.945434451103	0.2622435987	
0.255059182644	-0.30653116107	-0.917051494122	
0.948550701141	-0.10892380029	0.29729989171	
-0.194873094559	-0.940892100334	0.277031600475	
0.249551773071	-0.320714265108	-0.913710176945	
0.950880885124	-0.107471033931	0.290302395821	
-0.190330550075	-0.942567527294	0.274482667446	
0.244130685925	-0.316253751516	-0.91672450304	
0.944876194	-0.129278957844	0.300825417042	
-0.211638450623	-0.942171812057	0.259848862886	
0.24983625114	-0.309191226959	-0.917596101761	
0.947252810001	-0.106669463217	0.302214711905	
-0.190645545721	-0.945545375347	0.263814777136	
0.257616728544	-0.30751517415	-0.916006565094	
0.943607151508	-0.129092529416	0.304861754179	
-0.213493362069	-0.941070318222	0.262311369181	
0.253033906221	-0.31260484457	-0.915561079979	
-0.995575606823	-0.0885605141521	-0.0314037911594	
0.0740317478776	-0.533467769623	-0.842574298382	
0.0578659027815	-0.841171324253	0.537663817406	
-0.995191335678	-0.0891662091017	-0.0405411012471	
0.0831435397267	-0.550192892551	-0.830888032913	
0.0517817102373	-0.830263316631	0.554960846901	
-0.994573414326	-0.102409206331	-0.0183324962854	
0.0718275159597	-0.548435986042	-0.833101868629	
0.0752631053329	-0.829897761345	0.552815675735	
-0.994532525539	-0.101711057127	-0.0236630570143	
0.0741539075971	-0.528299868107	-0.845813453197	
0.0735273882747	-0.84294372797	0.532953679562	
-0.995776176453	-0.0871883481741	-0.0287745688111	
0.0713348686695	-0.537387430668	-0.840313076973	
0.0578024163842	-0.838816404343	0.541337192059	
-0.995557427406	-0.0917376130819	-0.0212033726275	
0.0682312995195	-0.547728896141	-0.833869040012	
0.0648834556341	-0.831611275673	0.551554977894	
-0.996621787548	-0.0778451040387	-0.0261751692742	
0.0643853545189	-0.542712807655	-0.837446928024	
0.0509855411947	-0.836303114891	0.545891523361	
-0.994990706444	-0.0971649736166	-0.0235043037683	
0.070653885603	-0.517180621624	-0.852954983711	
0.0707213804126	-0.850342929363	0.521455049515	
-0.988182127476	0.0700980126858	0.136317163706	
0.0753498226404	0.996585845947	0.0337496884167	
-0.133485972881	0.04362231493	-0.990090191364	
-0.98935508728	0.0540565103292	0.135108947754	
0.0616862587631	0.996690869331	0.0529349111021	
-0.131800383329	0.0607057884336	-0.989415705204	
-0.984923541546	0.0553963333368	0.163880810142	
0.0680883675814	0.995014667511	0.0728680118918	
-0.159027189016	0.0829277932644	-0.98378521204	
-0.98567712307	0.0472531914711	0.161887958646	
0.0590478777885	0.995878994465	0.0688357651234	
-0.157968103886	0.0774089843035	-0.984405338764	
-0.984429776669	0.0682102739811	0.162004336715	
0.0745098590851	0.996669948101	0.0331262387335	
-0.159205302596	0.0446813739836	-0.986233890057	
-0.983460366726	0.061814699322	0.170248880982	
0.0703897848725	0.99651324749	0.0447955839336	
-0.166886225343	0.0560384653509	-0.984382390976	
-0.985643029213	0.0531414151192	0.160261794925	
0.0687267631292	0.993260622025	0.0933271721005	
-0.15422219038	0.10300154984	-0.98265260458	
-0.987801074982	0.0639972686768	0.141962468624	
0.0723701640964	0.995881259441	0.0546175763011	
-0.137882381678	0.0642251521349	-0.988364100456	
-0.881900072098	-0.470783501863	-0.024802191183	
-0.221561044455	0.367454975843	0.903264939785	
-0.416128546	0.802084624767	-0.428365856409	
-0.884765088558	-0.464180201292	-0.0415633767843	
-0.238382011652	0.374126940966	0.896215975285	
-0.400455743074	0.802848517895	-0.441666662693	
-0.879305243492	-0.474204272032	-0.044188093394	
-0.240501791239	0.362034827471	0.900605142117	
-0.411073207855	0.802534162998	-0.432386100292	
-0.88603836298	-0.462465822697	-0.0325784049928	
-0.22514860332	0.367804318666	0.902235031128	
-0.405270397663	0.806749880314	-0.430012285709	
-0.895415306091	-0.444019913673	-0.032829772681	
-0.222244337201	0.381850481033	0.897105157375	
-0.385796487331	0.810577869415	-0.440595656633	
-0.888138890266	-0.459356963634	-0.014159956947	
-0.221682459116	0.4012131989	0.888754665852	
-0.40257447958	0.792476594448	-0.458164423704	
-0.895222067833	-0.444729477167	-0.028162740171	
-0.208159908652	0.361463695765	0.908852815628	
-0.394013822079	0.819487452507	-0.416165143251	
-0.894188165665	-0.446190088987	-0.0366319678724	
-0.22081528604	0.368383854628	0.903069198132	
-0.389445900917	0.815602719784	-0.427930057049	
0.885696291924	-0.457409977913	0.0794868022203	
0.0139089096338	0.1972758919	0.980249345303	
-0.464056640863	-0.8670976758	0.181088596582	
0.8884100914	-0.454334378242	0.0656335577369	
0.0240168515593	0.188783690333	0.981724977493	
-0.458421945572	-0.870598077774	0.178629025817	
0.888230502605	-0.456174761057	0.0543244965374	
0.0417642369866	0.197944968939	0.979322969913	
-0.457495689392	-0.867595732212	0.194872558117	
0.888316690922	-0.455340564251	0.0596525669098	
0.0363494418561	0.199206009507	0.97928327322	
-0.45779055357	-0.86774533987	0.193509399891	
0.894074320793	-0.443546652794	0.0624298378825	
0.0356354750693	0.209372237325	0.977186441422	
-0.44649887085	-0.871452569962	0.203000336885	
0.895997107029	-0.44149518013	0.047656852752	
0.033763114363	0.174741819501	0.984035253525	
-0.442774474621	-0.880083680153	0.171474426985	
0.888504624367	-0.455382674932	0.0564463958144	
0.036123149097	0.192044556141	0.980721175671	
-0.457443624735	-0.869336247444	0.187082320452	
0.899218380451	-0.433578133583	0.058449562639	
0.0352515615523	0.20496955514	0.978133320808	
-0.436077594757	-0.877494990826	0.199596688151	
0.201388865709	-0.368695825338	-0.907472252846	
0.680354177952	0.719153225422	-0.141197741032	
0.704670667648	-0.588966906071	0.395673215389	
0.202155917883	-0.376810729504	-0.903961658478	
0.675391197205	0.722055017948	-0.149944156408	
0.709210634232	-0.580215632915	0.40046235919	
0.197710886598	-0.375288754702	-0.905576467514	
0.683059096336	0.715349853039	-0.147325545549	
0.703093647957	-0.5894343853	0.39777687192	
0.200307399035	-0.358311593533	-0.911860585213	
0.670070290565	0.729108691216	-0.139306470752	
0.714760601521	-0.583106577396	0.386139839888	
0.20119355619	-0.357046455145	-0.912161707878	
0.675061941147	0.725302934647	-0.135007575154	
0.709797561169	-0.58860296011	0.386954754591	
0.199098482728	-0.355510950089	-0.913220524788	
0.688908815384	0.713532269001	-0.127579063177	
0.696968078613	-0.603724837303	0.386977791786	
0.202254801989	-0.379528403282	-0.9028018713	
0.667874276638	0.727680504322	-0.156285271049	
0.716265976429	-0.571348667145	0.400654137135	
0.197096064687	-0.358314454556	-0.912558972836	
0.674474537373	0.7250893116	-0.139030694962	
0.711503505707	-0.588095426559	0.384586244822	
-0.452065229416	0.86193472147	0.229576900601	
0.797675848007	0.275465846062	0.536499619484	
0.399187028408	0.425660759211	-0.812073051929	
-0.45407384634	0.855739891529	0.248044773936	
0.792407155037	0.260603994131	0.551521897316	
0.407317847013	0.446984112263	-0.79642790556	
-0.455104142427	0.852402985096	0.2574672997	
0.799866735935	0.264295071363	0.538851857185	
0.391271591187	0.451173245907	-0.802090525627	
-0.453942149878	0.856786370277	0.244650065899	
0.795270860195	0.265756756067	0.544901490211	
0.40184673667	0.441916823387	-0.802015423775	
-0.427569299936	0.871253788471	0.241042107344	
0.80283588171	0.243422210217	0.544242799282	
0.415498614311	0.426218748093	-0.803553640842	
-0.448531419039	0.854917824268	0.260643690825	
0.795384764671	0.248796537519	0.55268740654	
0.407655030489	0.455209672451	-0.791581690311	
-0.44418078661	0.862101435661	0.243894457817	
0.80109000206	0.26025930047	0.538998961449	
0.40119600296	0.434794396162	-0.806223034859	
-0.45902889967	0.860988676548	0.21906837821	
0.786955654621	0.279613912106	0.550015330315	
0.412302404642	0.424870043993	-0.805910766125	
-0.83498865366	-0.503782987595	0.221351847053	
0.531621694565	-0.842377364635	0.0881973952055	
0.142029434443	0.191319257021	0.971197485924	
-0.832523107529	-0.497966825962	0.242763847113	
0.531536400318	-0.841495633125	0.0967171788216	
0.156122773886	0.209557116032	0.965252041817	
-0.839604079723	-0.499478429556	0.213509351015	
0.527192831039	-0.843991756439	0.0987198352814	
0.13089171052	0.195446193218	0.971940398216	
-0.839727222919	-0.496811300516	0.219172731042	
0.529161512852	-0.839264273643	0.12499435991	
0.12184523046	0.220938950777	0.967646479607	
-0.830673873425	-0.515102982521	0.211305081844	
0.538877904415	-0.839254140854	0.0725467503071	
0.13996963203	0.17413033545	0.974724113941	
-0.84214258194	-0.483894050121	0.237996742129	
0.518930256367	-0.847230732441	0.113628990948	
0.146653756499	0.219195514917	0.964596271515	
-0.834400951862	-0.509850203991	0.209350958467	
0.539736509323	-0.832796096802	0.123024970293	
0.111622355878	0.215646505356	0.970070660114	
-0.852225005627	-0.482157230377	0.203068941832	
0.509702920914	-0.852701246738	0.114470854402	
0.117964185774	0.201059758663	0.972450196743	
-0.0234715677798	0.506163060665	0.86211836338	
0.583308160305	0.707283616066	-0.399376362562	
-0.811911761761	0.493506669998	-0.311850070953	
0.00164455769118	0.505352795124	0.86291128397	
0.584280133247	0.699812293053	-0.410949498415	
-0.811550378799	0.504857778549	-0.294116705656	
-0.0107741458341	0.518583059311	0.854959368706	
0.591761767864	0.692518949509	-0.412596076727	
-0.806040883064	0.501486897469	-0.314338922501	
0.000501689093653	0.517193853855	0.855868160725	
0.588202834129	0.691999495029	-0.418514192104	
-0.808713257313	0.503634035587	-0.303867727518	
0.00220941798761	0.50045979023	0.865756928921	
0.583746016026	0.702294886112	-0.40745857358	
-0.811933279037	0.506282448769	-0.290589779615	
1.49072548083e-05	0.492569833994	0.870272934437	
0.588778614998	0.703432381153	-0.398149043322	
-0.808294355869	0.512404024601	-0.290004104376	
-0.0201837103814	0.518324434757	0.854945838451	
0.58588051796	0.69904512167	-0.409975558519	
-0.810146093369	0.492621272802	-0.317785471678	
-0.00764455227181	0.496941924095	0.867750108242	
0.579869806767	0.709177136421	-0.401022136211	
-0.814673244953	0.500116467476	-0.293582975864	
0.739281713963	0.664473056793	0.109261669219	
-0.671758055687	0.716399848461	0.188447162509	
0.046943012625	-0.212712943554	0.975986480713	
0.736968815327	0.663713812828	0.127909913659	
-0.675206124783	0.714145720005	0.18464179337	
0.0312029924244	-0.222440809011	0.974446773529	
0.735363066196	0.669168174267	0.107028633356	
-0.675525009632	0.711266100407	0.194336056709	
0.0539176613092	-0.21520806849	0.975078642368	
0.725078344345	0.679797708988	0.110165506601	
-0.686214208603	0.69970446825	0.198805734515	
0.0580643862486	-0.219746872783	0.973827421665	
0.741897940636	0.65836840868	0.127037242055	
-0.669691562653	0.718194127083	0.188972041011	
0.0331758148968	-0.225273743272	0.973730504513	
0.723913311958	0.676942646503	0.133034318686	
-0.689324915409	0.701934278011	0.179218932986	
0.0279395915568	-0.221442848444	0.974773049355	
0.731335639954	0.670421898365	0.125230371952	
-0.680384993553	0.704482495785	0.201942354441	
0.047163978219	-0.232892498374	0.971358120441	
0.715438485146	0.688689827919	0.117703564465	
-0.697707116604	0.695367455482	0.172246605158	
0.0367772467434	-0.205354467034	0.977996408939	
-0.220236182213	-0.957255780697	-0.187502920628	
-0.919033706188	0.268051832914	-0.289007306099	
0.326914429665	0.10867164284	-0.938785076141	
-0.204820170999	-0.959943532944	-0.191199108958	
-0.923332095146	0.254315406084	-0.287717789412	
0.324817717075	0.117609865963	-0.938435614109	
-0.213311597705	-0.963552892208	-0.161443322897	
-0.925959229469	0.252096295357	-0.281152874231	
0.311604946852	0.0895167663693	-0.945985794067	
-0.198439598083	-0.967303693295	-0.15794070065	
-0.922001123428	0.238897114992	-0.304699987173	
0.332469016314	0.0851569622755	-0.939261734486	
-0.195282906294	-0.963048636913	-0.185477569699	
-0.924409508705	0.243918031454	-0.293208271265	
0.327615141869	0.114198662341	-0.93788433075	
-0.205655932426	-0.95859503746	-0.196980163455	
-0.921845793724	0.257322788239	-0.289802134037	
0.328490376472	0.121985815465	-0.936596810818	
-0.196003109217	-0.969297409058	-0.148476630449	
-0.924166440964	0.233218789101	-0.302531629801	
0.327870666981	0.0779199823737	-0.941503763199	
-0.208704486489	-0.964753389359	-0.160291284323	
-0.921534061432	0.248875677586	-0.298053473234	
0.327440708876	0.0855087786913	-0.940994620323	
0.10605417937	0.857904076576	0.502745568752	
0.926881670952	-0.26836848259	0.262428432703	
0.360059469938	0.438154041767	-0.823637187481	
0.106013163924	0.869018137455	0.483289450407	
0.920341551304	-0.269766390324	0.283191710711	
0.376473963261	0.414769291878	-0.828392267227	
0.0909334719181	0.873099982738	0.47898593545	
0.926475584507	-0.250556111336	0.280828475952	
0.365204185247	0.418232053518	-0.83168977499	
0.0992134884	0.867975950241	0.486594736576	
0.920542776585	-0.265739709139	0.286327451468	
0.377832889557	0.419523715973	-0.82537394762	
0.110587351024	0.859896659851	0.498345434666	
0.923245131969	-0.274519354105	0.26880761981	
0.367952257395	0.43036827445	-0.824253797531	
0.0954472124577	0.876615226269	0.471630781889	
0.919548749924	-0.259089082479	0.295470684767	
0.381208479404	0.405485659838	-0.830819785595	
0.11453294009	0.870376169682	0.478881508112	
0.926172792912	-0.267896592617	0.265396595001	
0.359285593033	0.413130372763	-0.836801707745	
0.106175124645	0.874552369118	0.473164886236	
0.925969541073	-0.260374426842	0.273469477892	
0.362363427877	0.409100592136	-0.837454140186	
0.92682415247	-0.0463216044009	-0.372627586126	
-0.00462427223101	-0.993694603443	0.112025097013	
-0.375467211008	-0.102104432881	-0.921194374561	
0.926961004734	-0.0409254916012	-0.372918754816	
0.00724678998813	-0.991893231869	0.126867339015	
-0.375087678432	-0.120303541422	-0.919149756432	
0.926226258278	-0.0485335066915	-0.373830765486	
-0.00221215747297	-0.992360174656	0.123354643583	
-0.376961618662	-0.113427340984	-0.91925740242	
0.924115657806	-0.0492104105651	-0.378930866718	
-0.000543466361705	-0.991840779781	0.127481490374	
-0.382112503052	-0.117601700127	-0.916602373123	
0.930726826191	-0.036620862782	-0.363876998425	
0.00944148469716	-0.992236196995	0.124008901417	
-0.365593224764	-0.11885394901	-0.923155069351	
0.930143535137	-0.0533641502261	-0.363297730684	
-0.0151133053005	-0.994108736515	0.107328563929	
-0.366884946823	-0.0943403467536	-0.925470352173	
0.921113193035	-0.0410957559943	-0.387119680643	
0.0105043873191	-0.991426587105	0.130241781473	
-0.389153122902	-0.124033883214	-0.912784457207	
0.925048232079	-0.0485347360373	-0.376736164093	
3.3404732676e-05	-0.991792976856	0.12785422802	
-0.379849672318	-0.118283912539	-0.917454719543	
0.809170305729	-0.572476744652	0.132339686155	
0.153250187635	-0.0118110692129	-0.98811686039	
0.567237019539	0.819835841656	0.078175008297	
0.814976036549	-0.567440629005	0.117580376565	
0.132696077228	-0.0147742563859	-0.991046667099	
0.564097285271	0.823281764984	0.0632564797997	
0.808975577354	-0.574068963528	0.126504346728	
0.13501830399	-0.0279921349138	-0.990447640419	
0.57212638855	0.81832832098	0.0548648685217	
0.809215247631	-0.575221955776	0.119542457163	
0.134043723345	-0.0173416081816	-0.990823686123	
0.572016596794	0.817813515663	0.0630718022585	
0.816970050335	-0.561543047428	0.13126064837	
0.151200965047	-0.0110708205029	-0.988441050053	
0.556505322456	0.827373504639	0.0758613198996	
0.82934898138	-0.549895226955	0.0989723801613	
0.12925824523	0.01649710536	-0.991473734379	
0.543573915958	0.835070729256	0.0847603529692	
0.807998895645	-0.574939012527	0.128774642944	
0.138257965446	-0.0274406149983	-0.990016043186	
0.572732508183	0.81773597002	0.0573179088533	
0.835137367249	-0.538537561893	0.111905626953	
0.128511711955	-0.00677794404328	-0.991684854031	
0.534817993641	0.842574238777	0.0635478645563	
0.20776553452	0.97704654932	-0.0470486208797	
-0.672126471996	0.10764927417	-0.732569217682	
-0.710689425468	0.18382525444	0.679064631462	
0.195966005325	0.979261100292	-0.0514301471412	
-0.68179756403	0.0983676090837	-0.724897146225	
-0.70480453968	0.177120149136	0.686934530735	
0.221812188625	0.974041938782	-0.0451845638454	
-0.660604298115	0.116027928889	-0.741713881493	
-0.717217743397	0.194370284677	0.66919273138	
0.21151715517	0.975909113884	-0.0534972138703	
-0.677543759346	0.106960952282	-0.72766327858	
-0.70441108942	0.190159961581	0.683845162392	
0.188225373626	0.981729328632	-0.0279067754745	
-0.666519522667	0.106818042696	-0.737795114517	
-0.721334159374	0.157472163439	0.674447596073	
0.193295717239	0.978414833546	-0.0730836987495	
-0.664968430996	0.0758714899421	-0.743007719517	
-0.721424818039	0.192218557	0.665280580521	
0.177693516016	0.983080208302	-0.0444787815213	
-0.663427054882	0.086287856102	-0.74324887991	
-0.726835310459	0.161578938365	0.667534828186	
0.224607363343	0.973495721817	-0.0430998615921	
-0.670496702194	0.122301131487	-0.731762647629	
-0.707096636295	0.193257600069	0.680195450783	
-0.496553301811	-0.845660090446	0.195688128471	
0.359033763409	0.00515380455181	0.933310329914	
-0.790271818638	0.533696949482	0.301061362028	
-0.487953931093	-0.849529385567	0.200501412153	
0.342341423035	0.0250403117388	0.939241886139	
-0.802934169769	0.526946723461	0.278610557318	
-0.496988296509	-0.845715284348	0.19434069097	
0.373836308718	-0.00655874190852	0.927471518517	
-0.783102214336	0.533594071865	0.319418698549	
-0.495822310448	-0.842196106911	0.211815819144	
0.370612919331	0.0153726292774	0.928660213947	
-0.78537017107	0.538952112198	0.304506659508	
-0.501085042953	-0.837205767632	0.219089776278	
0.350036144257	0.0354564897716	0.936064898968	
-0.791447103024	0.545737445354	0.275285571814	
-0.496707081795	-0.841032445431	0.214351430535	
0.358346968889	0.0262102484703	0.933220505714	
-0.790486872196	0.540349423885	0.288362622261	
-0.516633927822	-0.833865880966	0.194311887026	
0.373061805964	-0.0149616217241	0.927685856819	
-0.770658373833	0.551764309406	0.318813174963	
-0.495435625315	-0.838637888432	0.226340427995	
0.371338576078	0.031079435721	0.927977204323	
-0.785271406174	0.543801903725	0.296020746231	
-0.295383900404	-0.173585057259	0.939476788044	
0.874229133129	-0.445714265108	0.192515537143	
0.385320395231	0.87818390131	0.283409923315	
-0.302409291267	-0.188932970166	0.934265971184	
0.866216063499	-0.463498860598	0.186650887132	
0.397766709328	0.865721166134	0.303823143244	
-0.2743062675	-0.169998258352	0.946497023106	
0.871889293194	-0.459169238806	0.170213669538	
0.405666291714	0.871931314468	0.274172663689	
-0.283831596375	-0.179505586624	0.941922187805	
0.867089867592	-0.467442363501	0.172199979424	
0.40938347578	0.865606963634	0.288322389126	
-0.277413785458	-0.166989535093	0.946126878262	
0.870709002018	-0.4599429667	0.17412148416	
0.406087964773	0.872104883194	0.272993832827	
-0.282787293196	-0.17049524188	0.943908214569	
0.871117651463	-0.457548826933	0.17833417654	
0.401478976011	0.872685730457	0.277910411358	
-0.276889771223	-0.156641766429	0.948048233986	
0.871992886066	-0.455450564623	0.179424747825	
0.403683662415	0.876372158527	0.262700080872	
-0.285107642412	-0.176891818643	0.942031264305	
0.872329413891	-0.455151557922	0.178545236588	
0.397183805704	0.872666239738	0.284075111151	
0.166474640369	0.642590641975	-0.747906088829	
0.757033288479	-0.56929731369	-0.320626169443	
-0.631812274456	-0.512813687325	-0.581236064434	
0.172295406461	0.648596048355	-0.741375386715	
0.754081845284	-0.571089506149	-0.32437223196	
-0.633778274059	-0.503169834614	-0.587490618229	
0.154307320714	0.632508516312	-0.759027183056	
0.74829351902	-0.576462566853	-0.328249514103	
-0.64517134428	-0.517323791981	-0.562254428864	
0.169066265225	0.634738743305	-0.754004836082	
0.747027039528	-0.581565916538	-0.322073996067	
-0.64293640852	-0.508810162544	-0.572490215302	
0.14694365859	0.628131389618	-0.764106333256	
0.762016415596	-0.564416408539	-0.317435115576	
-0.630665123463	-0.535616517067	-0.56158387661	
0.168439656496	0.638499677181	-0.750963509083	
0.76173388958	-0.567845642567	-0.31194999814	
-0.625611364841	-0.519489586353	-0.582014560699	
0.143504962325	0.622991859913	-0.768952190876	
0.758543550968	-0.568283200264	-0.318850815296	
-0.635624110699	-0.537527084351	-0.554117918015	
0.15880151093	0.630548715591	-0.759730517864	
0.742528140545	-0.583434283733	-0.329023420811	
-0.650718092918	-0.511871874332	-0.560850381851	
-0.211529240012	-0.916379570961	-0.339858591557	
0.446441441774	-0.399923592806	0.800469338894	
-0.869451224804	0.0175957195461	0.493705332279	
-0.201783880591	-0.914234697819	-0.3513661623	
0.46351313591	-0.405166715384	0.788032650948	
-0.862808704376	-0.0038505338598	0.505515873432	
-0.207884684205	-0.912337422371	-0.35273835063	
0.422660112381	-0.408996224403	0.808752417564	
-0.88212376833	0.0190388057381	0.470632702112	
-0.199661687016	-0.914043962955	-0.353070527315	
0.432372123003	-0.405533373356	0.805355191231	
-0.879311978817	0.00814071390778	0.47617661953	
-0.194407880306	-0.921605944633	-0.33592864871	
0.444521218538	-0.38805192709	0.807351589203	
-0.87441778183	0.0076280971989	0.485113739967	
-0.195855215192	-0.91548538208	-0.351464360952	
0.446341007948	-0.402351051569	0.7993080616	
-0.873166918755	-0.000324321590597	0.487421244383	
-0.198243066669	-0.915320277214	-0.350554525852	
0.416105657816	-0.402417242527	0.815424084663	
-0.887443423271	0.0157844461501	0.460646361113	
-0.21117310226	-0.911869525909	-0.351994216442	
0.422421008348	-0.409888744354	0.808425426483	
-0.881456971169	0.0220279544592	0.471750319004	
0.935671150684	0.0324267297983	-0.351380079985	
0.169603794813	0.831883311272	0.528398275375	
0.309441447258	-0.554002463818	0.77286952734	
0.937338352203	-0.00506090186536	-0.348383754492	
0.199169993401	0.828203082085	0.523842513561	
0.285881370306	-0.560405254364	0.777314484119	
0.947493553162	0.0108284521848	-0.319591552019	
0.167652249336	0.834234893322	0.525304555893	
0.272302657366	-0.551302909851	0.788616716862	
0.945734500885	-0.00658353418112	-0.324873745441	
0.185356527567	0.832106232643	0.522725701332	
0.266888082027	-0.554577231407	0.788171827793	
0.942917466164	0.0134231913835	-0.332755953074	
0.172854557633	0.834327936172	0.523467481136	
0.284654200077	-0.551104962826	0.784382104874	
0.939299046993	-0.0034892433323	-0.343081831932	
0.191541031003	0.834951519966	0.515914678574	
0.284656554461	-0.550312399864	0.784937500954	
0.948105752468	-0.0123816588894	-0.317713916302	
0.185517072678	0.833061218262	0.521145343781	
0.258222490549	-0.553042292595	0.792127132416	
0.945066690445	-0.0105174127966	-0.326708376408	
0.189305737615	0.832420945168	0.520805835724	
0.266481369734	-0.554044008255	0.788684308529	
-0.0686941295862	-0.0383543632925	0.996900200844	
-0.835770070553	0.547864258289	-0.0365126915276	
-0.544765591621	-0.835687577724	-0.0696904882789	
-0.092597655952	-0.0329295769334	0.995158970356	
-0.865000486374	0.497670263052	-0.0640188679099	
-0.493152916431	-0.866741001606	-0.0745671987534	
-0.0795888900757	-0.0257112644613	0.996496140957	
-0.840567648411	0.539085447788	-0.0532257705927	
-0.535828053951	-0.841858565807	-0.0645172670484	
-0.0686603114009	-0.0183514971286	0.997471272945	
-0.85984569788	0.508115589619	-0.0498386211693	
-0.505916118622	-0.861093342304	-0.0506668314338	
-0.0589576512575	-0.0219274535775	0.998019635677	
-0.841368198395	0.539134800434	-0.0378582105041	
-0.537236988544	-0.841934025288	-0.0502351820469	
-0.0607495605946	-0.00561950495467	0.998137235641	
-0.859162628651	0.509310185909	-0.0494237430394	
-0.508083701134	-0.860564649105	-0.0357684381306	
-0.0811483561993	-0.0239555966109	0.996414124966	
-0.844096899033	0.533266365528	-0.0559228993952	
-0.530014455318	-0.845608115196	-0.0634945333004	
-0.0888923257589	-0.0238957349211	0.995754539967	
-0.849529981613	0.523732423782	-0.0632703378797	
-0.519997060299	-0.851547598839	-0.0668559372425	
0.929744124413	-0.084443859756	-0.358392357826	
-0.114979572594	0.858089148998	-0.500462532043	
0.349793553352	0.506509900093	0.788093984127	
0.928790092468	-0.116948232055	-0.351670473814	
-0.092469997704	0.845765590668	-0.525480568409	
0.358884811401	0.520580112934	0.77472448349	
0.913305699825	-0.0919683873653	-0.39675500989	
-0.128159433603	0.859784007072	-0.494314342737	
0.38658490777	0.502308011055	0.773459017277	
0.918084204197	-0.0891491994262	-0.386230230331	
-0.124192476273	0.860627233982	-0.493859261274	
0.376427412033	0.501371264458	0.779056608677	
0.914803862572	-0.107149191201	-0.389426469803	
-0.118263453245	0.850852251053	-0.511922061443	
0.386196434498	0.51436316967	0.765691101551	
0.918072044849	-0.121706590056	-0.37726816535	
-0.101481854916	0.847831904888	-0.520463705063	
0.383203864098	0.51610904932	0.766019761562	
0.924333453178	-0.103162370622	-0.367376118898	
-0.102219097316	0.860633075237	-0.498860627413	
0.367639690638	0.498666405678	0.784966766834	
0.930898487568	-0.11494217068	-0.346722185612	
-0.0872315838933	0.85178399086	-0.5165797472	
0.354709208012	0.511128425598	0.782897889614	
-0.957109332085	0.262983113527	-0.12157959491	
-0.273901939392	-0.958098351955	0.0838170424104	
-0.0944427400827	0.113522961736	0.989036440849	
-0.958671629429	0.255544900894	-0.12508200109	
-0.264194220304	-0.962723135948	0.0580140575767	
-0.105594143271	0.0886623710394	0.990448832512	
-0.965269267559	0.241344198585	-0.100040875375	
-0.248181715608	-0.966692626476	0.062539704144	
-0.0816151797771	0.0851959735155	0.993015944958	
-0.957505345345	0.259308546782	-0.126264154911	
-0.268330574036	-0.961434841156	0.0603472664952	
-0.10574618727	0.0916633605957	0.990159392357	
-0.962479293346	0.253136724234	-0.0977520048618	
-0.261998593807	-0.96068161726	0.0919104069471	
-0.070642657578	0.114072747529	0.99095761776	
-0.964679539204	0.23761947453	-0.113712027669	
-0.247059598565	-0.965891957283	0.0775520130992	
-0.091405659914	0.102906487882	0.990482330322	
-0.958449661732	0.2497497648	-0.1378377527	
-0.262125819921	-0.961697757244	0.080171212554	
-0.112535513937	0.112970903516	0.987204790115	
-0.957743704319	0.250308156013	-0.141678676009	
-0.261541754007	-0.962872385979	0.066877707839	
-0.119678452611	0.101106591523	0.987650990486	
0.216851785779	0.252265512943	0.943046867847	
-0.143926933408	-0.947215080261	0.286476224661	
0.965536296368	-0.197852730751	-0.169097483158	
0.201892673969	0.254008293152	0.945895910263	
-0.136473566294	-0.949065625668	0.2839884758	
0.969852745533	-0.186424985528	-0.156943976879	
0.19253385067	0.230860561132	0.953747391701	
-0.160661146045	-0.951400756836	0.262725353241	
0.968048930168	-0.203813672066	-0.146086528897	
0.204321965575	0.24159771204	0.948621690273	
-0.137914225459	-0.952295064926	0.272238373756	
0.969139933586	-0.186452701688	-0.161255046725	
0.204881474376	0.256652861834	0.944538474083	
-0.148447230458	-0.945698320866	0.289167970419	
0.967464208603	-0.199459269643	-0.155656650662	
0.204151496291	0.256233513355	0.944810330868	
-0.161456987262	-0.943106234074	0.290658444166	
0.965532898903	-0.211884588003	-0.151165857911	
0.212140619755	0.240604043007	0.947156846523	
-0.142865717411	-0.951168060303	0.273621529341	
0.96673977375	-0.193362489343	-0.167407304049	
0.200102284551	0.235516920686	0.951047241688	
-0.156816750765	-0.950466871262	0.268367767334	
0.967144012451	-0.20284114778	-0.153257593513	
-0.347483038902	0.839645445347	0.417433857918	
-0.239962548018	-0.509976923466	0.826039612293	
0.906462073326	0.186866283417	0.37869182229	
-0.335316985846	0.842285633087	0.422039568424	
-0.238321825862	-0.509241223335	0.82696801424	
0.911463260651	0.176715180278	0.371492296457	
-0.335631608963	0.843680739403	0.418991923332	
-0.236624136567	-0.506041228771	0.82941621542	
0.91178971529	0.179234698415	0.369478672743	
-0.325076937675	0.851447999477	0.411535322666	
-0.244682475924	-0.496079385281	0.833088099957	
0.913485348225	0.170122236013	0.36959835887	
-0.332085758448	0.849058568478	0.410875350237	
-0.249380350113	-0.499127089977	0.82986843586	
0.909685909748	0.173123240471	0.377491533756	
-0.334932357073	0.844359338284	0.418183714151	
-0.238673657179	-0.505369603634	0.829238474369	
0.911512613297	0.177929356694	0.370790958405	
-0.332098215818	0.847122192383	0.414843022823	
-0.255443662405	-0.504141151905	0.824978947639	
0.907997429371	0.168005019426	0.383816361427	
-0.330333977938	0.847402870655	0.415677517653	
-0.245364129543	-0.502355515957	0.829117238522	
0.911414206028	0.171893253922	0.373867362738	
0.633826255798	0.182733863592	-0.751580119133	
0.486439108849	-0.849649488926	0.203648477793	
-0.6013661623	-0.494675695896	-0.627419054508	
0.618980586529	0.191116645932	-0.761798858643	
0.509312927723	-0.836030900478	0.204089790583	
-0.597882449627	-0.514321625233	-0.614825069904	
0.636920690536	0.1812672019	-0.749315857887	
0.488324195147	-0.846971929073	0.210185810924	
-0.59654968977	-0.499780744314	-0.627971053123	
0.639180183411	0.185926049948	-0.746244072914	
0.485479623079	-0.850108087063	0.204024031758	
-0.596454739571	-0.492694407701	-0.633635520935	
0.63625138998	0.186584219337	-0.748579025269	
0.49498552084	-0.842994511127	0.210593312979	
-0.591754615307	-0.504526078701	-0.628712892532	
0.6417709589	0.191146954894	-0.742692947388	
0.499283790588	-0.839224934578	0.215446427464	
-0.582104563713	-0.509081840515	-0.634026825428	
0.631533682346	0.190321743488	-0.75162678957	
0.497300207615	-0.843171000481	0.204340815544	
-0.594859421253	-0.50283229351	-0.627137899399	
0.629666388035	0.180212005973	-0.755674421787	
0.500235199928	-0.838280975819	0.216909527779	
-0.594377815723	-0.51459556818	-0.617985785007	
-0.352337270975	0.809043645859	-0.470432579517	
0.106026127934	0.533937990665	0.83884960413	
0.92984777689	0.245679840446	-0.27390602231	
-0.346849530935	0.80910974741	-0.474380433559	
0.0965570956469	0.533894956112	0.840019583702	
0.932937383652	0.245555609465	-0.263306498528	
-0.323872685432	0.819504201412	-0.472778320313	
0.0904535874724	0.524244487286	0.846750199795	
0.941766738892	0.231474772096	-0.243915572762	
-0.327750742435	0.812018334866	-0.482913732529	
0.09737046808	0.537458240986	0.837650060654	
0.939733207226	0.227518886328	-0.255218952894	
-0.329733908176	0.808014035225	-0.488250851631	
0.0754010900855	0.538061976433	0.839526057243	
0.941058039665	0.24000556767	-0.238342404366	
-0.312629044056	0.80576133728	-0.503002762794	
0.0760121867061	0.549069821835	0.832312762737	
0.946829020977	0.221970811486	-0.232902854681	
-0.333821892738	0.801805615425	-0.495651841164	
0.0889137536287	0.55025357008	0.830250203609	
0.938433408737	0.233085423708	-0.254978239536	
-0.318895995617	0.814442813396	-0.484755843878	
0.0973429009318	0.536898851395	0.838011920452	
0.942777633667	0.22005109489	-0.250495135784	
0.751182556152	0.511493742466	-0.417251676321	
-0.264593034983	-0.345785140991	-0.900235056877	
-0.604744017124	0.786642730236	-0.124410063028	
0.765163838863	0.49142870307	-0.415959328413	
-0.265020787716	-0.348386317492	-0.899105608463	
-0.586760878563	0.798200964928	-0.136333793402	
0.756985485554	0.495391964912	-0.426098257303	
-0.286570250988	-0.334345906973	-0.897825300694	
-0.587239682674	0.801747858524	-0.111130394042	
0.755578160286	0.490144580603	-0.434580147266	
