-0.5085272789	-0.0686305090785	0.858306348324	
-0.799109578133	0.408841639757	-0.440763413906	
-0.320661574602	-0.910021066666	-0.262750446796	
-0.499714881182	-0.094389513135	0.861031711102	
-0.803186774254	0.422672063112	-0.419808655977	
-0.324308544397	-0.901353955269	-0.287027925253	
-0.537417829037	-0.0881597176194	0.838695347309	
-0.783262073994	0.420760691166	-0.457669019699	
-0.312542080879	-0.902877807617	-0.29517647624	
-0.521579146385	-0.083352163434	0.849121689796	
-0.783375263214	0.441103249788	-0.437893986702	
-0.338050931692	-0.89357727766	-0.295366287231	
-0.485407948494	-0.0466829575598	0.873040556908	
-0.799893915653	0.426797032356	-0.421917051077	
-0.352914810181	-0.903141736984	-0.244512096047	
-0.495577901602	-0.0828392207623	0.864604055882	
-0.790955305099	0.454342663288	-0.409832179546	
-0.358876317739	-0.886967003345	-0.290684312582	
-0.524897813797	-0.0791467353702	0.847477436066	
-0.776396393776	0.452585995197	-0.438605248928	
-0.348842263222	-0.888201415539	-0.299010634422	
-0.502753794193	-0.0859295651317	0.860148072243	
-0.790490865707	0.448362231255	-0.417247593403	
-0.349803984165	-0.889711976051	-0.293342351913	
-0.186471402645	0.700272083282	-0.689091682434	
-0.859085857868	0.224070176482	0.460178285837	
0.476654917002	0.67779904604	0.55981117487	
-0.174977123737	0.705243706703	-0.687032997608	
-0.839199244976	0.258100837469	0.478673756123	
0.514905452728	0.660314500332	0.546678245068	
-0.149115040898	0.695421934128	-0.702960252762	
-0.864126324654	0.253935098648	0.434514284134	
0.480677038431	0.67223906517	0.563066840172	
-0.140015006065	0.703240811825	-0.697028100491	
-0.857481062412	0.265878289938	0.440493941307	
0.495097965002	0.659364163876	0.56578874588	
-0.166295915842	0.703243613243	-0.691226541996	
-0.859359323978	0.240410894156	0.451335936785	
0.483577489853	0.669067263603	0.564359605312	
-0.171852231026	0.710309863091	-0.682588279247	
-0.851850926876	0.240867137909	0.465116113424	
0.494789630175	0.661394715309	0.56368458271	
-0.166601866484	0.693629086018	-0.700801372528	
-0.857891380787	0.248396769166	0.449801534414	
0.486072212458	0.676149249077	0.553675055504	
-0.166630148888	0.701387643814	-0.693029463291	
-0.851468145847	0.252080261707	0.459845155478	
0.497228741646	0.666716516018	0.555205047131	
0.808583319187	0.233704864979	0.539976894855	
0.209916353226	0.742755651474	-0.635805904865	
-0.549661815166	0.627452015877	0.551521360874	
0.797971069813	0.299719363451	0.522886693478	
0.171797573566	0.718470931053	-0.67400676012	
-0.577691733837	0.627668559551	0.521827936172	
0.77533352375	0.253651887178	0.57837587595	
0.232967719436	0.736346006393	-0.635232686996	
-0.587012767792	0.627260088921	0.511821091175	
0.776325285435	0.251143544912	0.578140079975	
0.23382692039	0.737014532089	-0.634140789509	
-0.585358023643	0.62748426199	0.513438880444	
0.790283977985	0.268380135298	0.550838708878	
0.184627369046	0.752897262573	-0.631710708141	
-0.584263563156	0.600930809975	0.545452356339	
0.797400832176	0.276289790869	0.536484718323	
0.214711010456	0.700949907303	-0.680123806	
-0.563960194588	0.657520473003	0.499615579844	
0.784923553467	0.277788609266	0.553830742836	
0.190873622894	0.741979062557	-0.642677485943	
-0.589459300041	0.610164403915	0.529374361038	
0.786734700203	0.257578164339	0.56098306179	
0.223189324141	0.728606343269	-0.647548735142	
-0.575530230999	0.634654462337	0.515731155872	
0.934999644756	0.0631874427199	-0.348974168301	
-0.188063144684	0.922595560551	-0.3368229568	
0.300679028034	0.380558550358	0.874509751797	
0.943600058556	0.0426693856716	-0.328326463699	
-0.159603253007	0.927455067635	-0.338162541389	
0.2900788486	0.371492147446	0.88195681572	
0.955548286438	0.0660918876529	-0.287331342697	
-0.159749850631	0.935159802437	-0.316158413887	
0.247805222869	0.348005771637	0.904148519039	
0.966848194599	0.052037268877	-0.249993413687	
-0.142329096794	0.922653853893	-0.358402371407	
0.212007120252	0.382102042437	0.899472653866	
0.948192715645	0.0321645140648	-0.316063314676	
-0.152323290706	0.919080495834	-0.363440006971	
0.278797745705	0.392754971981	0.876364827156	
0.954353511333	0.0549197308719	-0.293586701155	
-0.162920981646	0.91955947876	-0.357585161924	
0.250331968069	0.389094114304	0.88653242588	
0.951816439629	0.0600917004049	-0.300723135471	
-0.166506886482	0.924748063087	-0.342222779989	
0.257528394461	0.375805735588	0.890196144581	
0.956070423126	0.0582999661565	-0.287281095982	
-0.165358886123	0.916472494602	-0.364327549934	
0.242044955492	0.395827293396	0.885852694511	
-0.625370264053	0.331865638494	-0.706241667271	
0.719545662403	-0.104952633381	-0.686468482018	
-0.301937222481	-0.937470078468	-0.173158228397	
-0.642873346806	0.318317741156	-0.696697711945	
0.719835996628	-0.0598315484822	-0.691560804844	
-0.261820584536	-0.946094095707	-0.190672472119	
-0.559697806835	0.318380117416	-0.76509642601	
0.781479895115	-0.104411937296	-0.61513197422	
-0.275730967522	-0.942195415497	-0.190368518233	
-0.556820988655	0.333352923393	-0.760806322098	
0.793332338333	-0.0579632371664	-0.606023192406	
-0.246118396521	-0.941018640995	-0.232184499502	
-0.621220886707	0.285367876291	-0.729828596115	
0.736594498158	-0.105180256069	-0.668106079102	
-0.267419576645	-0.95262914896	-0.144860237837	
-0.641114711761	0.31378236413	-0.700366020203	
0.718554496765	-0.0750869065523	-0.69140535593	
-0.269539117813	-0.946521282196	-0.17733040452	
-0.603656411171	0.303733289242	-0.737119376659	
0.744622290134	-0.115541033447	-0.657410025597	
-0.284844845533	-0.94572532177	-0.156419485807	
-0.599459946156	0.337723553181	-0.72566562891	
0.752973973751	-0.0695101320744	-0.654368817806	
-0.271436870098	-0.938675224781	-0.212628498673	
0.56565964222	0.552457153797	-0.612225651741	
-0.72153544426	0.691035866737	-0.0430817715824	
0.399269044399	0.466112136841	0.789508521557	
0.578605175018	0.534708857536	-0.61587536335	
-0.707374572754	0.704880297184	-0.0525834672153	
0.406001567841	0.466079622507	0.786086857319	
0.547464966774	0.559646546841	-0.622155785561	
-0.719554066658	0.694383740425	-0.00855282880366	
0.427228331566	0.452357113361	0.782846748829	
0.581035017967	0.546866953373	-0.602772593498	
-0.710645675659	0.701895594597	-0.0482213385403	
0.396712779999	0.45637601614	0.79645460844	
0.57773566246	0.538327097893	-0.613535165787	
-0.696443200111	0.7171189785	-0.026592604816	
0.425662189722	0.44265589118	0.789219498634	
0.563472151756	0.553741872311	-0.613081634045	
-0.715230882168	0.69838309288	-0.0265685915947	
0.413453668356	0.453465551138	0.789572715759	
0.578291237354	0.537628412247	-0.61362439394	
-0.695955991745	0.717569828033	-0.0271816644818	
0.425704717636	0.442774504423	0.789130032063	
0.55350703001	0.525623202324	-0.646026492119	
-0.729101598263	0.680730938911	-0.0708251595497	
0.402542859316	0.5102211833	0.760022103786	
0.237008661032	-0.792436242104	0.562024593353	
-0.949484527111	-0.0664603412151	0.306695580482	
-0.205684348941	-0.606323182583	-0.768157660961	
0.224564582109	-0.804458200932	0.549925208092	
-0.949710547924	-0.0543006658554	0.308385074139	
-0.218221604824	-0.591522157192	-0.776196420193	
0.204400971532	-0.80301707983	0.55980694294	
-0.96024954319	-0.0534209981561	0.273983687162	
-0.190108135343	-0.593556880951	-0.782016098499	
0.206308096647	-0.809949815273	0.549015760422	
-0.955838143826	-0.0467974357307	0.29014390707	
-0.209309458733	-0.584629237652	-0.783835589886	
0.262569278479	-0.797486960888	0.543205201626	
-0.942379295826	-0.0909897610545	0.321934908628	
-0.207312777638	-0.59643560648	-0.775426328182	
0.24902844429	-0.807478308678	0.534755647182	
-0.941245615482	-0.0717269107699	0.330018043518	
-0.228126049042	-0.585520267487	-0.77789747715	
0.249282374978	-0.767112493515	0.591097891331	
-0.949009299278	-0.0718756169081	0.306945085526	
-0.192975893617	-0.637473404408	-0.745914161205	
0.224230885506	-0.812329649925	0.538368880749	
-0.951840639114	-0.0640271753073	0.299833238125	
-0.20909319818	-0.579673230648	-0.787565231323	
0.947244048119	-0.110334426165	0.300923705101	
-0.199379459023	-0.937956273556	0.28370025754	
0.250951379538	-0.328731387854	-0.910471916199	
0.943543493748	-0.132648482919	0.303529411554	
-0.217553704977	-0.93914347887	0.265856981277	
0.249792143703	-0.31688156724	-0.914980828762	
0.947366178036	-0.0996442660689	0.304250478745	
-0.185330107808	-0.945599377155	0.267384707928	
0.261055707932	-0.309697985649	-0.914295971394	
0.949727714062	-0.0929342210293	0.298965662718	
-0.184317663312	-0.937869846821	0.293984889984	
0.253069639206	-0.334310233593	-0.907850444317	
0.954241514206	-0.0919580534101	0.2845467031	
-0.176393330097	-0.941462218761	0.287287831306	
0.241471543908	-0.324334144592	-0.914603114128	
0.943013608456	-0.135783314705	0.303789705038	
-0.219830587506	-0.939576148987	0.262433111668	
0.249799534678	-0.31426024437	-0.915882468224	
0.946775376797	-0.0890529379249	0.309331536293	
-0.177982181311	-0.945538282394	0.272543102503	
0.268214046955	-0.313092619181	-0.911062180996	
0.938502073288	-0.137102350593	0.316886126995	
-0.226016700268	-0.937765836716	0.263650685549	
0.261017858982	-0.319058269262	-0.911082625389	
-0.99601328373	-0.0783582702279	-0.0426318459213	
0.0783180147409	-0.539337396622	-0.838439881802	
0.0427057519555	-0.838436126709	0.543324053288	
-0.994970023632	-0.0827154442668	-0.0565047711134	
0.0937935933471	-0.571172595024	-0.815453648567	
0.0351766385138	-0.816651701927	0.57605779171	
-0.994482815266	-0.103771060705	-0.0153477909043	
0.0716715231538	-0.565321683884	-0.821750938892	
0.0765975266695	-0.818317174911	0.569640100002	
-0.994565963745	-0.102649316192	-0.0173695106059	
0.0692068785429	-0.527238488197	-0.846894323826	
0.077775247395	-0.843494355679	0.531477451324	
-0.996745705605	-0.0729786232114	-0.0342369899154	
0.0686577782035	-0.546024799347	-0.83495092392	
0.0422393195331	-0.834584355354	0.549258410931	
-0.996061444283	-0.0847419723868	-0.0260833259672	
0.0692158639431	-0.559305906296	-0.826066613197	
0.0554139539599	-0.824618518353	0.562968611717	
-0.997815608978	-0.0577071495354	-0.0321551635861	
0.0589763075113	-0.558852314949	-0.827167391777	
0.0297634862363	-0.827256917953	0.561034858227	
-0.994883000851	-0.0991875007749	-0.0192254353315	
0.0663720965385	-0.49816057086	-0.864540815353	
0.0761742889881	-0.861392974854	0.50219476223	
-0.990607857704	0.0611541606486	0.122295811772	
0.060922820121	0.99812656641	-0.00563363637775	
-0.122411221266	0.00186988105997	-0.992477715015	
-0.991538465023	0.0316376760602	0.125898897648	
0.0361682027578	0.99877178669	0.0338632538915	
-0.124672912061	0.0381302572787	-0.991464972496	
-0.983235895634	0.0347607880831	0.17899389565	
0.049157332629	0.995846867561	0.076632976532	
-0.175586685538	0.0841471552849	-0.980861127377	
-0.984875202179	0.0209848303348	0.17198958993	
0.033728055656	0.996869564056	0.0715089142323	
-0.169950589538	0.0762282386422	-0.98249989748	
-0.984560489655	0.0606408566236	0.164205104113	
0.0620195008814	0.99806958437	0.00327734765597	
-0.163689374924	0.0134106660262	-0.986420750618	
-0.98125731945	0.0458021052182	0.187179744244	
0.050607252866	0.998498439789	0.0209713280201	
-0.185938149691	0.0300509221852	-0.982101798058	
-0.984908223152	0.0236005093902	0.171460956335	
0.0434931963682	0.992619097233	0.113206461072	
-0.167523682117	0.118955358863	-0.978665113449	
-0.989762485027	0.0415478572249	0.136543110013	
0.048676200211	0.997597813606	0.0492871627212	
-0.134167328477	0.0554289855063	-0.989407300949	
-0.868589937687	-0.494650304317	-0.0295394696295	
-0.23306748271	0.355198144913	0.905270040035	
-0.437299728394	0.793193101883	-0.423808455467	
-0.875090777874	-0.48039111495	-0.0586558170617	
-0.262077718973	0.368502914906	0.891919791698	
-0.406855493784	0.795883119106	-0.448373317719	
-0.862620055676	-0.500941634178	-0.0703141614795	
-0.274203062057	0.34624555707	0.897177040577	
-0.42508739233	0.793203294277	-0.43603810668	
-0.874392271042	-0.482987701893	-0.0464865267277	
-0.244153320789	0.3551607728	0.90235799551	
-0.419317632914	0.800364732742	-0.428472906351	
-0.894218087196	-0.445308804512	-0.0455423332751	
-0.237356185913	0.385437756777	0.891683697701	
-0.379520863295	0.808169424534	-0.450362205505	
-0.877884685993	-0.478834658861	-0.00598387187347	
-0.235405534506	0.420638144016	0.876155138016	
-0.417016416788	0.770571827888	-0.481992125511	
-0.897697269917	-0.438129395247	-0.0467147193849	
-0.213886037469	0.340619117022	0.915549755096	
-0.3852173388	0.831878125668	-0.399482607841	
-0.893372237682	-0.445574074984	-0.0578770153224	
-0.234435796738	0.352355033159	0.906027495861	
-0.383309096098	0.822988271713	-0.419242709875	
0.874388992786	-0.472244858742	0.111484020948	
-0.0122623862699	0.208177700639	0.978014171124	
-0.485070645809	-0.856531858444	0.17623744905	
0.88167065382	-0.463975548744	0.085927426815	
0.00786662567407	0.196529179811	0.980466425419	
-0.471799701452	-0.863772511482	0.176923930645	
0.884886264801	-0.460947424173	0.0671097561717	
0.0369434766471	0.213066905737	0.976338922977	
-0.464339762926	-0.861469626427	0.205568984151	
0.883645415306	-0.462680071592	0.0713997036219	
0.0311308763921	0.210246920586	0.977152526379	
-0.467120587826	-0.861233651638	0.20018735528	
0.894996166229	-0.438977837563	0.0792482867837	
0.0275156926364	0.231647908688	0.97241050005	
-0.44522434473	-0.868123114109	0.219402775168	
0.897480547428	-0.438347011805	0.0487914308906	
0.0250895079225	0.161185592413	0.986605167389	
-0.440339893103	-0.884234786034	0.155658841133	
0.883454084396	-0.463859677315	0.065902210772	
0.0280227530748	0.192724600434	0.980852663517	
-0.46767899394	-0.864691495895	0.183261960745	
0.906624376774	-0.416026562452	0.0703857839108	
0.0234381873161	0.216213867068	0.976064682007	
-0.421287178993	-0.883274316788	0.205775663257	
0.21430028975	-0.358501672745	-0.908598899841	
0.671157240868	0.729882776737	-0.129688695073	
0.709664285183	-0.582020401955	0.397025078535	
0.219738006592	-0.372791051865	-0.901522040367	
0.655933260918	0.740499556065	-0.146328270435	
0.722126603127	-0.55918443203	0.407241940498	
0.206325113773	-0.371935725212	-0.905037999153	
0.678021550179	0.721229612827	-0.141826286912	
0.705490469933	-0.584372937679	0.400988191366	
0.217339918017	-0.340056270361	-0.914945423603	
0.647807180882	0.751413464546	-0.12539383769	
0.730143249035	-0.565455138683	0.383603036404	
0.216927319765	-0.335342496634	-0.916781306267	
0.657540857792	0.744329631329	-0.116676442325	
0.721514046192	-0.577510893345	0.3819668293	
0.214557439089	-0.331071019173	-0.918889045715	
0.68344783783	0.722991526127	-0.100907407701	
0.697756528854	-0.60636228323	0.381392985582	
0.217979133129	-0.373977333307	-0.901457726955	
0.645984709263	0.747661054134	-0.153969630599	
0.731566011906	-0.548765778542	0.40455815196	
0.205937668681	-0.350030839443	-0.913820624352	
0.65082192421	0.746357440948	-0.13921700418	
0.730767071247	-0.566064476967	0.38151088357	
-0.468419283628	0.854542255402	0.224367812276	
0.78701031208	0.288175702095	0.545499324799	
0.401494890451	0.432102203369	-0.807520627975	
-0.470334500074	0.843615651131	0.259032964706	
0.780476093292	0.260647952557	0.568260252476	
0.411876827478	0.469441443682	-0.781013548374	
-0.474812299013	0.836108624935	0.274728298187	
0.790000736713	0.267333507538	0.551753222942	
0.387881547213	0.479014784098	-0.787459671497	
-0.47540730238	0.842693448067	0.252696752548	
0.780739963055	0.271726101637	0.562681078911	
0.405503362417	0.464793175459	-0.787105023861	
-0.423989325762	0.871098577976	0.247831270099	
0.794396877289	0.226289078593	0.563672661781	
0.434932947159	0.435867577791	-0.787942111492	
-0.466488987207	0.834468781948	0.293342590332	
0.781454205513	0.233438462019	0.578649997711	
0.414387911558	0.499167650938	-0.76099562645	
-0.455381512642	0.853336453438	0.253859460354	
0.796024978161	0.262561112642	0.545349359512	
0.398712843657	0.450420469046	-0.798842608929	
-0.485231518745	0.851753115654	0.197653830051	
0.765455424786	0.304523438215	0.566871643066	
0.422644436359	0.426359176636	-0.799743413925	
-0.822514235973	-0.532726883888	0.199179396033	
0.553580224514	-0.830214560032	0.0655187368393	
0.130458042026	0.164151877165	0.977770328522	
-0.820863902569	-0.518668830395	0.239092245698	
0.548991203308	-0.831994891167	0.0799574181437	
0.157452091575	0.196893692017	0.967699170113	
-0.834536492825	-0.523749887943	0.170982316136	
0.542560636997	-0.83520758152	0.0897565558553	
0.0957957357168	0.167673394084	0.981177270412	
-0.837110221386	-0.515744507313	0.182356894016	
0.541750013828	-0.827827334404	0.145632490516	
0.0758508592844	0.220702305436	0.972387313843	
-0.810837388039	-0.558877825737	0.173776522279	
0.573082745075	-0.818427145481	0.0418704934418	
0.118822939694	0.133538484573	0.983894586563	
-0.835574269295	-0.499287039042	0.229190170765	
0.532154083252	-0.839223265648	0.111876405776	
0.136483281851	0.215445533395	0.966930985451	
-0.821613967419	-0.543875932693	0.170732066035	
0.566968798637	-0.810737490654	0.145777523518	
0.0591340102255	0.216572612524	0.974473953247	
-0.861091852188	-0.48471134901	0.153543993831	
0.503007829189	-0.856167554855	0.118153490126	
0.0741890519857	0.178974837065	0.981052517891	
-0.0446159988642	0.495349407196	0.867547333241	
0.560562252998	0.731227457523	-0.388685464859	
-0.826909542084	0.468972682953	-0.310298621655	
0.0127078806981	0.490264624357	0.871481001377	
0.556794703007	0.720458507538	-0.413423806429	
-0.8305529356	0.490489751101	-0.26382124424	
-0.00611042045057	0.522596538067	0.852558255196	
0.57493776083	0.69940328598	-0.42459577322	
-0.818174302578	0.487573474646	-0.304734140635	
0.0201383847743	0.524511039257	0.851165413857	
0.570358872414	0.693189918995	-0.440656870604	
-0.821148693562	0.494343876839	-0.285199820995	
0.00842784158885	0.47526037693	0.879804849625	
0.566277325153	0.722893416882	-0.395923137665	
-0.824171662331	0.501550316811	-0.263036727905	
0.00956639647484	0.45984557271	0.887947380543	
0.570894241333	0.726531386375	-0.382402867079	
-0.820967912674	0.510582268238	-0.255572885275	
-0.0325510874391	0.525321424007	0.850281059742	
0.56726282835	0.71014302969	-0.417024880648	
-0.822893261909	0.468758195639	-0.321111232042	
-0.00184527621605	0.485603511333	0.874177217484	
0.552408516407	0.729186713696	-0.403895527124	
-0.833571493626	0.48215764761	-0.269597053528	
0.733728706837	0.67400431633	0.0857925191522	
-0.673901975155	0.705828070641	0.21831831336	
0.0865927115083	-0.218002170324	0.972099125385	
0.733159184456	0.667249560356	0.131360843778	
-0.678167879581	0.702965080738	0.214309215546	
0.0506556369364	-0.246207475662	0.967892467976	
0.72285681963	0.687398791313	0.0704341903329	
-0.683261275291	0.695830285549	0.221301347017	
0.103112027049	-0.208094134927	0.972658574581	
0.703233063221	0.705661892891	0.0866286754608	
-0.702976107597	0.671946823597	0.233049377799	
0.106244198978	-0.224785909057	0.968598723412	
0.742275834084	0.657894015312	0.127287358046	
-0.667962551117	0.711302280426	0.218803748488	
0.0534098893404	-0.24743591249	0.96743106842	
0.701726794243	0.696566998959	0.149579122663	
-0.711436629295	0.673941791058	0.199149116874	
0.0379130877554	-0.246164351702	0.968486309052	
0.715910315514	0.690585076809	0.102784596384	
-0.692740321159	0.684219241142	0.227936133742	
0.0870820879936	-0.234384864569	0.968235731125	
0.684542477131	0.7226780653	0.0955926403403	
-0.72603058815	0.664121866226	0.178386434913	
0.0654308050871	-0.191516280174	0.979306042194	
-0.214052081108	-0.951833724976	-0.219531804323	
-0.921224594116	0.271443933249	-0.278681516647	
0.324849069118	0.142585739493	-0.934955835342	
-0.180380433798	-0.957252144814	-0.226122245193	
-0.928696632385	0.241481676698	-0.28144133091	
0.324014693499	0.159232452512	-0.932555377483	
-0.187549829483	-0.969350039959	-0.158699527383	
-0.937144935131	0.224985852838	-0.266722112894	
0.294252246618	0.0987007766962	-0.950617551804	
-0.162778317928	-0.974851071835	-0.152212560177	
-0.926717638969	0.20401135087	-0.315553069115	
0.338670343161	0.0896928682923	-0.936620295048	
-0.163794949651	-0.959511399269	-0.229148566723	
-0.929669082165	0.227836638689	-0.289492338896	
0.329979658127	0.165614947677	-0.929346621037	
-0.179586574435	-0.954276204109	-0.238967850804	
-0.927893698215	0.245001003146	-0.281047731638	
0.326744496822	0.171264365315	-0.929465711117	
-0.158194795251	-0.978830337524	-0.129867359996	
-0.932522475719	0.191342890263	-0.306251108646	
0.324617087841	0.0726568996906	-0.943050742149	
-0.189032047987	-0.969810187817	-0.15406191349	
-0.925740540028	0.228329315782	-0.301446795464	
0.32752302289	0.0856382548809	-0.940954148769	
0.0841159448028	0.842072486877	0.532764852047	
0.932760834694	-0.254628658295	0.25518900156	
0.350544840097	0.475476741791	-0.80687057972	
0.0847877413034	0.866907656193	0.491204828024	
0.921015918255	-0.256288766861	0.293335586786	
0.380185127258	0.427536189556	-0.820165872574	
0.0497926846147	0.876095712185	0.479559212923	
0.933079123497	-0.212052375078	0.290511906147	
0.3562079072	0.433001309633	-0.828025221825	
0.0745690837502	0.865916490555	0.494598895311	
0.921321809292	-0.249608799815	0.298096626997	
0.381583034992	0.433455944061	-0.816400825977	
0.095059402287	0.838993668556	0.535773575306	
0.928338766098	-0.269013822079	0.256551653147	
0.359375715256	0.472991704941	-0.804442644119	
0.0619433112442	0.881292521954	0.468493819237	
0.918712973595	-0.233779996634	0.318297564983	
0.39003777504	0.410694956779	-0.824136018753	
0.101774998009	0.871801376343	0.479170322418	
0.933128714561	-0.250626027584	0.257793426514	
0.344837218523	0.420890659094	-0.839010357857	
0.0826896652579	0.882338821888	0.463293194771	
0.932975888252	-0.231953293085	0.275233775377	
0.350311845541	0.409482419491	-0.842381000519	
0.937382757664	-0.0251111742109	-0.347394645214	
0.0129438024014	-0.994197189808	0.106791384518	
-0.348060458899	-0.10460100323	-0.931618273258	
0.937796115875	-0.0137976426631	-0.346912235022	
0.0373284816742	-0.989410758018	0.140260368586	
-0.345173954964	-0.144485339522	-0.927350461483	
0.934635221958	-0.0315429195762	-0.354206264019	
0.0158501435071	-0.991373181343	0.130107536912	
-0.355254590511	-0.127217307687	-0.92607229948	
0.930670022964	-0.0329949855804	-0.364368796349	
0.0213680397719	-0.989322900772	0.144165173173	
-0.365235120058	-0.141956061125	-0.920028150082	
0.944743454456	-0.00206078588963	-0.327804118395	
0.0420982353389	-0.990937232971	0.127558320761	
-0.325096189976	-0.134309858084	-0.93609470129	
0.943498909473	-0.0387275107205	-0.329104870558	
-0.00869489926845	-0.99569863081	0.0922420322895	
-0.331261575222	-0.0841687247157	-0.939777314663	
0.925369143486	-0.0162200257182	-0.378719985485	
0.042102470994	-0.988504648209	0.145209923387	
-0.376721769571	-0.150317832828	-0.914048850536	
0.932633459568	-0.0330406874418	-0.359309315681	
0.0234255492687	-0.988153457642	0.151670768857	
-0.360064059496	-0.149870246649	-0.920810937881	
0.805366575718	-0.572323322296	0.154371932149	
0.184846028686	-0.00496390415356	-0.982754945755	
0.563219845295	0.820013046265	0.101793929935	
0.814702033997	-0.566604018211	0.123371183872	
0.140130788088	-0.0140780732036	-0.990032911301	
0.562693476677	0.823869943619	0.0679292306304	
0.806201279163	-0.57843452692	0.124310351908	
0.131506294012	-0.0296577252448	-0.990871608257	
0.576841056347	0.815189480782	0.0521576851606	
0.804416716099	-0.582022607327	0.119010232389	
0.133557081223	-0.0180216170847	-0.990877270699	
0.578857719898	0.812972843647	0.063236348331	
0.822858870029	-0.549356400967	0.145295843482	
0.173903480172	2.92899003398e-05	-0.984762728214	
0.540981411934	0.835588157177	0.0955590903759	
0.847506284714	-0.525239348412	0.0765288323164	
0.125298321247	0.0578682236373	-0.990429997444	
0.515784263611	0.848984599113	0.11485529691	
0.801828563213	-0.580413818359	0.14209395647	
0.148791566491	-0.0363737568259	-0.988199353218	
0.578733086586	0.813508927822	0.0571951679885	
0.856980800629	-0.503617465496	0.109331481159	
0.125460684299	-0.00188638677355	-0.992096781731	
0.499843508005	0.86392468214	0.0615675896406	
0.192038163543	0.98038649559	-0.0443130806088	
-0.68521040678	0.101620130241	-0.721221208572	
-0.702572464943	0.168865785003	0.691285967827	
0.170894414186	0.983956873417	-0.0512242987752	
-0.703705489635	0.0855010896921	-0.705328345299	
-0.689633011818	0.156583502889	0.707027554512	
0.228577136993	0.972650825977	-0.0412661805749	
-0.664283812046	0.124842010438	-0.736981332302	
-0.711673736572	0.195869535208	0.674652218819	
0.209870830178	0.976228475571	-0.0541494861245	
-0.693499743938	0.109592162073	-0.712072789669	
-0.689211428165	0.186995968223	0.700014412403	
0.151051580906	0.988454461098	-0.0118826655671	
-0.678884387016	0.094991825521	-0.728074491024	
-0.718539774418	0.118043757975	0.685395002365	
0.165959373116	0.98087644577	-0.10168004781	
-0.673459589481	0.0374144241214	-0.738276600838	
-0.720353841782	0.191001325846	0.66678994894	
0.130151152611	0.990114271641	-0.0522914454341	
-0.669147312641	0.0487972274423	-0.741525888443	
-0.731643736362	0.131501123309	0.668883323669	
0.232989445329	0.971655368805	-0.0400223918259	
-0.677303552628	0.132600665092	-0.723655283451	
-0.697836577892	0.195711344481	0.6890001297	
-0.467531085014	-0.855537116528	0.222420603037	
0.3739759624	0.0365567989647	0.926717638969	
-0.800972342491	0.516449272633	0.302858889103	
-0.455861896276	-0.860344529152	0.228029102087	
0.339737743139	0.0686018392444	0.938014924526	
-0.822659254074	0.505075335503	0.261018544436	
-0.478312402964	-0.852135121822	0.212327495217	
0.402437895536	0.00220976304263	0.915444612503	
-0.780551731586	0.523317158222	0.34187451005	
-0.476250082254	-0.843364715576	0.248841017485	
0.400181800127	0.04410424456	0.91537386179	
-0.782968938351	0.535528540611	0.316494554281	
-0.482158303261	-0.831578671932	0.275681525469	
0.358927935362	0.0995500981808	0.928041219711	
-0.799183368683	0.546412587166	0.250477910042	
-0.481257140636	-0.838154911995	0.256686300039	
0.373173624277	0.0690688043833	0.925186991692	
-0.793179035187	0.541041433811	0.279537439346	
-0.522818744183	-0.824592471123	0.216119870543	
0.396661609411	-0.0109214028344	0.917899906635	
-0.754533052444	0.565621733665	0.332794100046	
-0.484605699778	-0.829238593578	0.278425276279	
0.397368252277	0.0748649612069	0.91460031271	
-0.779266178608	0.553857862949	0.293233126402	
-0.285076200962	-0.180684432387	0.941320717335	
0.890667438507	-0.412823110819	0.19049552083	
0.354179382324	0.892709493637	0.278615772724	
-0.298044145107	-0.210970282555	0.930946409702	
0.871866345406	-0.457212209702	0.17551651597	
0.388611286879	0.86397254467	0.320207297802	
-0.240362718701	-0.167674899101	0.956091463566	
0.884272634983	-0.44407504797	0.144427537918	
0.400359481573	0.88016051054	0.255009412766	
-0.258407711983	-0.185684457421	0.948022544384	
0.873593628407	-0.46383780241	0.147270619869	
0.412382811308	0.866242349148	0.282072007656	
-0.25215986371	-0.16401296854	0.953685045242	
0.879896998405	-0.449025243521	0.155427336693	
0.402736544609	0.878337144852	0.257540643215	
-0.260954290628	-0.169528573751	0.950348854065	
0.883112847805	-0.439530879259	0.164086103439	
0.389890372753	0.88208425045	0.264410346746	
-0.253355562687	-0.134581252933	0.957965970039	
0.877312660217	-0.449209868908	0.168917089701	
0.407594680786	0.883231759071	0.231879666448	
-0.265596270561	-0.178830251098	0.947353363037	
0.882853031158	-0.439908355474	0.164472475648	
0.387335985899	0.880057036877	0.274718850851	
0.16450291872	0.649674594402	-0.742200613022	
0.768853843212	-0.555818140507	-0.316116988659	
-0.617901682854	-0.518641650677	-0.590938508511	
0.176840409636	0.655284106731	-0.734391093254	
0.766148269176	-0.560042619705	-0.315228551626	
-0.61785453558	-0.506907343864	-0.601082980633	
0.134875208139	0.626211941242	-0.767897963524	
0.747951507568	-0.572650790215	-0.33561834693	
-0.649905562401	-0.529083788395	-0.545612573624	
0.154699414968	0.635054588318	-0.756818175316	
0.743871510029	-0.578998148441	-0.333790838718	
-0.650171756744	-0.511338233948	-0.561969697475	
0.128690436482	0.619122385979	-0.774678170681	
0.779536783695	-0.546025335789	-0.306885570288	
-0.612993597984	-0.56439691782	-0.552896916866	
0.170031070709	0.634679734707	-0.753837585449	
0.781477212906	-0.552859783173	-0.289204835892	
-0.600318908691	-0.539933085442	-0.589991092682	
0.121812134981	0.609099507332	-0.783683359623	
0.770756244659	-0.555527508259	-0.311967939138	
-0.625377178192	-0.566027343273	-0.537137210369	
0.15244038403	0.624262571335	-0.76619720459	
0.738377451897	-0.587252736092	-0.331561386585	
-0.656932771206	-0.515199363232	-0.55046248436	
-0.184756875038	-0.924803972244	-0.332569599152	
0.45571410656	-0.380433142185	0.804733037949	
-0.870740771294	-0.00287670409307	0.491733849049	
-0.166881248355	-0.919416904449	-0.356122434139	
0.495094835758	-0.390490919352	0.776142954826	
-0.852661550045	-0.0467906668782	0.520364165306	
-0.182345673442	-0.912358760834	-0.366540014744	
0.415332585573	-0.409371048212	0.812351047993	
-0.89120644331	-0.00410730391741	0.453579336405	
-0.163823962212	-0.916217207909	-0.365660727024	
0.433302611113	-0.399829685688	0.807703614235	
-0.886233925819	-0.0261205453426	0.462500989437	
-0.148325756192	-0.932831704617	-0.328366428614	
0.465697854757	-0.358804225922	0.808940708637	
-0.872424781322	-0.0329327918589	0.487637639046	
-0.153901875019	-0.922488570213	-0.354018449783	
0.470488518476	-0.383479565382	0.794722557068	
-0.868881344795	-0.0442523211241	0.493038505316	
-0.164109021425	-0.920843482018	-0.353716641665	
0.409460783005	-0.389817386866	0.824854075909	
-0.897446453571	-0.00946709048003	0.441021859646	
-0.188416391611	-0.914839208126	-0.357167333364	
0.422725766897	-0.403813958168	0.811318218708	
-0.886454820633	0.00188180932309	0.462811261415	
0.920811831951	0.0913433879614	-0.379159539938	
0.13643810153	0.835308611393	0.532582521439	
0.365363121033	-0.542140126228	0.756699323654	
0.923460841179	0.0174057297409	-0.383297652006	
0.200443953276	0.829933583736	0.520607769489	
0.327173143625	-0.557590603828	0.762922286987	
0.949091732502	0.0452789030969	-0.311728596687	
0.135325193405	0.835030972958	0.533301413059	
0.28445032239	-0.548336684704	0.786393582821	
0.945806324482	0.00944727938622	-0.324593782425	
0.170684561133	0.835897743702	0.521672010422	
0.276255607605	-0.54880386591	0.788984894753	
0.936254560947	0.0529711022973	-0.347306072712	
0.146112933755	0.84030687809	0.522049248219	
0.319497197866	-0.539516866207	0.779001355171	
0.930490255356	0.0211255718023	-0.365706980228	
0.181024029851	0.841398179531	0.509194910526	
0.318462222815	-0.540002644062	0.779088556767	
0.9485886693	0.00184151949361	-0.316506117582	
0.171501547098	0.837470889091	0.518873512745	
0.266020178795	-0.546478807926	0.794099569321	
0.944156348705	0.00514350226149	-0.329457581043	
0.17522482574	0.838932931423	0.515255093575	
0.279043018818	-0.544210493565	0.79118257761	
-0.0445265546441	-0.0444841757417	0.998017311096	
-0.832576334476	0.553770124912	-0.012462457642	
-0.55211776495	-0.831480503082	-0.0616939477623	
-0.0955540537834	-0.0455490276217	0.994381546974	
-0.885229229927	0.460736691952	-0.0639604926109	
-0.455234736204	-0.886367321014	-0.0843465924263	
-0.0809124708176	-0.0220547653735	0.99647718668	
-0.840524375439	0.538838088512	-0.0563233718276	
-0.535697638988	-0.842120587826	-0.0621362887323	
-0.0557050220668	-0.00745946029201	0.99841940403	
-0.880863368511	0.471166670322	-0.0456259809434	
-0.470081597567	-0.882012665272	-0.0328171141446	
-0.0337636247277	-0.0229903180152	0.999165356159	
-0.843117296696	0.537487864494	-0.0161231346428	
-0.536668598652	-0.842958033085	-0.0375310741365	
-0.0276332702488	0.00577504048124	0.99960142374	
-0.877153873444	0.479448735714	-0.0270182341337	
-0.479413658381	-0.877550899982	-0.00818313658237	
-0.0881623029709	-0.0169301051646	0.995962262154	
-0.849171698093	0.523943483829	-0.0662620663643	
-0.520706117153	-0.851584732533	-0.0605686306953	
-0.104041978717	-0.0220150984824	0.994329214096	
-0.857041954994	0.509246766567	-0.0784018188715	
-0.504632890224	-0.860338926315	-0.0718509033322	
0.936507463455	-0.0531380139291	-0.346597969532	
-0.131487652659	0.863106191158	-0.487605005503	
0.325061231852	0.502219080925	0.801318407059	
0.93517768383	-0.120796822011	-0.332942664623	
-0.0848529115319	0.836250960827	-0.541741967201	
0.343864321709	0.534876167774	0.771793246269	
0.904718101025	-0.066193446517	-0.420836806297	
-0.163925632834	0.857701063156	-0.487316399813	
0.393209338188	0.509869873524	0.765126883984	
0.913510918617	-0.0600731000304	-0.402354329824	
-0.155947312713	0.861772179604	-0.482730984688	
0.375736922026	0.503726065159	0.777870059013	
0.902689635754	-0.0906083881855	-0.420644193888	
-0.150591120124	0.849231123924	-0.506091654301	
0.403080284595	0.520188987255	0.752947330475	
0.909241437912	-0.119201146066	-0.398837149143	
-0.118924319744	0.843806028366	-0.523305237293	
0.398919761181	0.523242235184	0.753047525883	
0.930130422115	-0.0921766906977	-0.355472654104	
-0.103567935526	0.862848162651	-0.494739025831	
0.352322340012	0.496987402439	0.79301482439	
0.941336810589	-0.111706502736	-0.3184440732	
-0.0765974521637	0.848272919655	-0.52399033308	
0.328660607338	0.517643392086	0.789954125881	
-0.952352702618	0.261752605438	-0.15655630827	
-0.280769944191	-0.952885329723	0.114794552326	
-0.119132436812	0.153281211853	0.980975210667	
-0.956461429596	0.245856210589	-0.157277554274	
-0.258376151323	-0.963886678219	0.0645312741399	
-0.13573230803	0.102358445525	0.98544383049	
-0.971051931381	0.208013564348	-0.117424495518	
-0.217480048537	-0.973222076893	0.0744396299124	
-0.0987956598401	0.097822226584	0.990287959576	
-0.954525649548	0.247310265899	-0.166488468647	
-0.260234355927	-0.963644981384	0.0605512373149	
-0.14546084404	0.101123727858	0.984182476997	
-0.966755330563	0.238663181663	-0.0917824059725	
-0.249038979411	-0.960227608681	0.126263737679	
-0.0579974986613	0.14492353797	0.987741589546	
-0.972900927067	0.200725257397	-0.114774212241	
-0.212419360876	-0.971970498562	0.100754193962	
-0.09133323282	0.122404120862	0.988268911839	
-0.954265892506	0.225343227386	-0.196461215615	
-0.248456373811	-0.963263392448	0.101946637034	
-0.166270911694	0.146096244454	0.975197374821	
-0.951285660267	0.229717805982	-0.205633893609	
-0.249320521951	-0.965530157089	0.074771553278	
-0.181369364262	0.122397854924	0.975768387318	
0.214782506227	0.272866666317	0.937769830227	
-0.127106711268	-0.944202721119	0.303850412369	
0.968355476856	-0.184458598495	-0.168115049601	
0.187220647931	0.272529512644	0.943756401539	
-0.107726179063	-0.949253499508	0.295487463474	
0.9763931036	-0.156988620758	-0.148361295462	
0.175439298153	0.22521057725	0.958384692669	
-0.161144450307	-0.953784644604	0.253628283739	
0.971212387085	-0.198934748769	-0.131039872766	
0.200367480516	0.245087966323	0.948569834232	
-0.109913431108	-0.956468582153	0.270345956087	
0.973535776138	-0.15842910111	-0.164706721902	
0.194934979081	0.277360796928	0.940782308578	
-0.132878750563	-0.942871630192	0.305509924889	
0.971773445606	-0.184564545751	-0.146943300962	
0.197773054242	0.276598632336	0.940414309502	
-0.156194895506	-0.938214123249	0.308799952269	
0.967723608017	-0.207960218191	-0.142350181937	
0.205145150423	0.24241502583	0.948235452175	
-0.115110658109	-0.95614105463	0.269339591265	
0.971938788891	-0.164405718446	-0.168243139982	
0.182624429464	0.230538919568	0.95577198267	
-0.148707017303	-0.95445972681	0.258636623621	
0.971871674061	-0.189363360405	-0.140024900436	
-0.362443089485	0.84094107151	0.40181234479	
-0.240036964417	-0.500808477402	0.831608772278	
0.900564968586	0.204961031675	0.383371502161	
-0.336502820253	0.846506953239	0.412543088198	
-0.230369433761	-0.498780667782	0.83555239439	
0.913069427013	0.186128392816	0.362850427628	
-0.340285390615	0.848768055439	0.40472048521	
-0.227141901851	-0.491855591536	0.840526401997	
0.91247600317	0.194089859724	0.360162049532	
-0.318747341633	0.864537000656	0.38855612278	
-0.247064769268	-0.471550136805	0.84652197361	
0.915073275566	0.173828110099	0.363902002573	
-0.334045648575	0.858180046082	0.389795482159	
-0.252034723759	-0.479818552732	0.840388357639	
0.908235669136	0.182486087084	0.376572489738	
-0.342015743256	0.847669363022	0.40556371212	
-0.229679018259	-0.493909478188	0.838630437851	
0.911193072796	0.193675324321	0.363616675138	
-0.333074659109	0.853994905949	0.399692356586	
-0.271848171949	-0.492871135473	0.826545000076	
0.902862012386	0.166645556688	0.396319836378	
-0.329622626305	0.857327163219	0.395397394896	
-0.247251242399	-0.482575118542	0.840230941772	
0.911161780357	0.179196640849	0.371042877436	
0.623910009861	0.179484292865	-0.760606110096	
0.489722162485	-0.84826529026	0.201539635658	
-0.609022557735	-0.498228281736	-0.617138624191	
0.592017948627	0.199283272028	-0.780897498131	
0.540229022503	-0.817154526711	0.201025173068	
-0.598052978516	-0.540874004364	-0.591428756714	
0.636324346066	0.178715109825	-0.750434696674	
0.493555217981	-0.841950654984	0.217996194959	
-0.592869758606	-0.509097218513	-0.623959481716	
0.639719545841	0.183414652944	-0.746403336525	
0.482551664114	-0.8517100811	0.204288497567	
-0.598249793053	-0.490865528584	-0.633362650871	
0.631247162819	0.189239695668	-0.752140522003	
0.50919687748	-0.83261859417	0.217864334583	
-0.585017561913	-0.520513832569	-0.621948361397	
0.643548667431	0.19687640667	-0.739651799202	
0.514859378338	-0.826400160789	0.227997004986	
-0.566361069679	-0.527543842793	-0.633192420006	
0.623081624508	0.192256331444	-0.758160114288	
0.509795308113	-0.834962487221	0.207234978676	
-0.593193054199	-0.515630781651	-0.618261218071	
0.618955850601	0.174556568265	-0.765783071518	
0.518717885017	-0.822957873344	0.231672331691	
-0.589767277241	-0.540620326996	-0.599920213223	
-0.391617417336	0.798192799091	-0.457737922668	
0.123380742967	0.538532674313	0.833522498608	
0.911818504333	0.269945859909	-0.309380382299	
-0.380907505751	0.80154055357	-0.460914582014	
0.107590079308	0.533531665802	0.838909029961	
0.918332099915	0.269956886768	-0.28946402669	
-0.322809129953	0.824243783951	-0.465205848217	
0.0951203331351	0.517284333706	0.850511014462	
0.94167214632	0.23030218482	-0.245386451483	
-0.33593967557	0.807260930538	-0.485256940126	
0.108000084758	0.544814944267	0.831572413445	
0.935671150684	0.226950377226	-0.27020919323	
-0.337665319443	0.798042416573	-0.499109625816	
0.0583363622427	0.546977043152	0.835112571716	
0.939456760883	0.252872288227	-0.231250062585	
-0.304332822561	0.794439315796	-0.52559274435	
0.0633285865188	0.567418634892	0.820990622044	
0.950458347797	0.21656934917	-0.222994834185	
-0.345480263233	0.788787662983	-0.508387029171	
0.0873019471765	0.566410124302	0.819486379623	
0.934356331825	0.238733187318	-0.264546215534	
-0.316621601582	0.81332808733	-0.4881067276	
0.110674783587	0.542742431164	0.832575380802	
0.94207316637	0.209590226412	-0.26185888052	
0.727427423	0.526039659977	-0.440603733063	
-0.269497990608	-0.37149181962	-0.888461947441	
-0.631046891212	0.765033423901	-0.128466695547	
0.759396255016	0.478267014027	-0.441110014915	
-0.274809241295	-0.378752708435	-0.883756935596	
-0.589743375778	0.792342782021	-0.156191185117	
0.742527544498	0.491552144289	-0.455004751682	
-0.313124030828	-0.345768421888	-0.884532392025	
-0.592120051384	0.799262583256	-0.102825790644	
