-0.14543897164191	-0.7089368355903654	0.6901130839731002
0.8585006392518608	0.2562706869491358	0.44418688343394874
-0.4917561976547831	0.6570646072904379	0.5713509813716717
0.7777943172491749	0.21752857955502966	0.5896756033037664
0.25676625158397554	0.7463657228129474	-0.6140108304072666
-0.5736785616548734	0.6289829289310463	0.5246650198087517
0.950169088888942	-0.0853457644544835	0.2998246204194006
0.18527737955902618	0.9280944632883076	-0.3229751690723745
-0.25070100746446633	0.36243174212983637	0.8976593101801114
-0.6094785197616459	0.381107276544148	0.6951929068354012
0.7335470164766743	-0.06155037345143066	0.676845865870627
0.30074026761862505	0.9224796991224747	-0.2420464751645559
0.5921388737095183	-0.5353970400589132	0.6022636995022841
0.6873962887767768	0.7256303020590571	-0.030773477372495972
-0.4205447614914934	0.4322160041343172	0.7977038481493159
0.22821745797134363	0.8159796533157814	0.531125218052914
0.9487337354808912	-0.06385298230902059	-0.30955951901164086
-0.2186803398515113	0.5745432986511125	-0.7887197898731377
0.9473825001397157	0.1160249215000484	0.2983364141701934
0.1991500846289721	-0.943302627785694	-0.265554883602011
0.2506105389270268	0.31099577168108244	-0.9167747748357788
-0.9950808319286333	-0.07428860791884029	0.06553884849232375
0.09520602912580362	-0.5342431603007365	0.8399524139437768
-0.02738521400894247	0.8420602403660691	0.5386878517734759
-0.9861721558460921	0.0629361873467832	0.1533085625662242
0.07288066084115709	0.995526470717988	0.06012865685463977
-0.148838463809687	0.0704704365109043	-0.9863473167544663
-0.8890921466020256	0.22158906954389251	0.40051646546586983
0.45677082015008635	0.3729492627754434	0.8076318872200816
0.029590077898153433	0.9010034026872069	-0.4328016816465199
0.8915446361705294	-0.03620636255179621	0.4514834006099519
0.4496494792359284	0.19055692047755401	-0.872641625113637
-0.05443810741031324	0.9810082361371278	0.18617017240337974
0.19617200581124095	-0.37029504687096215	0.9079637230632215
0.6813009992114322	0.7174203264544325	0.14538577531354105
-0.7052272630928972	0.5900759726110252	0.393020169886552
-0.44662052932775964	0.7998719037758145	0.4009177475905073
0.861539874031744	0.26356282342621884	0.43391667813183477
0.2414107459007538	0.5392027222275994	-0.8068341069302833
-0.8395900472994977	-0.49219178930782687	0.22986038156582633
0.5242333508435956	-0.8450278134461837	0.1053915953274153
0.14236553775026872	0.20898621256035468	0.9675002928272193
-0.008360165193014746	0.5100580310414214	0.8600993620553931
0.5911619814967012	0.6962478080339298	-0.40714432507507964
-0.8065095283199323	0.5050542493416885	-0.3073476629991907
0.7341512237116115	-0.6673679320715384	0.12506807732311953
0.6782627816973559	0.7123212560653029	-0.18043843027945622
0.031330172149358224	0.21729811642098412	0.975602351838588
-0.2115644626037021	0.9211046901481224	0.32681283320937415
0.9624968259726823	0.2544547386734173	-0.09408850067439116
-0.16982443332959685	0.2946505315687966	-0.9403939207005259
0.10996975061161496	0.8694349483969074	0.48165290869721306
0.9225132142884055	-0.26965997417417165	0.2761392181340042
0.3699675977889055	0.41396421202134326	-0.8317196689701731
0.9222207749426553	0.005497482167163229	0.38662464995650503
0.05196018005755575	-0.9925915922017541	-0.1098274591291854
0.38315660238674565	0.12137425089452963	-0.9156742375251348
0.8141856492239284	-0.1338258256218869	0.5649711293459433
0.5682954559588048	-0.015619949377934761	-0.8226762983810857
0.11892015529078473	0.9908817616537563	0.06333506996573501
0.2095713261088591	-0.6676929186812407	0.7143290737579566
0.9765481757668323	0.1060678421623884	-0.18735867544761992
0.049330717402508606	0.7368417599471007	0.6742630800500745
-0.5015534741399794	-0.35585606960796423	0.7885496625459225
0.8430682560920857	0.0034692656754246043	0.5377953883825357
-0.194113441440736	0.9345343342643142	0.2982709337719468
-0.28941959971692466	-0.17270850434706442	0.9414924682788999
0.8676835795825988	-0.46265774596774367	0.18185987962927636
0.4041800354080136	0.8695513685931655	0.2837585529201365
0.16180091688861875	0.6378115277106707	0.753005257892256
0.7505348354021312	-0.5749695626478832	0.3257414049156153
0.6407167269097153	0.5124514193051701	-0.5717303723873859
-0.21141233731510156	-0.4314129566888454	0.8770334568486852
0.9126989126627219	-0.408180189408774	0.019225706710108703
0.3496934635580874	0.8045320340267417	0.48004446436714865
0.9455944138811829	-0.00739337061413653	0.3252638044843971
0.1864164712866003	0.8316727562021657	-0.5230385509923194
-0.2666460269153737	0.5552168627320815	0.7878033585027362
-0.07950571287317576	0.02540593362252319	0.9965106021299002
0.8454461385699834	0.5313331105197874	0.05390688678148481
-0.5281095231082589	0.8467819460771087	-0.06372336620292507
0.9222950448378523	0.09920163126263935	0.37353833353803917
0.11298464346332819	0.8550709931822831	-0.5060514469495455
-0.36960292289023994	0.5089328373892722	0.7774194790574107
-0.9603649796273328	-0.25691027041984316	0.10814905851738026
0.2646240270708823	-0.9622194201090548	0.06409299385879275
0.08759697598765408	0.09017150613024794	0.9920664641444247
0.20707792014644832	-0.15257780051212044	0.9663533255381827
0.24461714755568348	-0.9483135716024038	-0.20214801764156318
0.9472492734806093	0.2782469850790415	-0.15905165571248103
-0.33451567633472723	-0.24210807818345853	0.9107595405839197
0.8424911416956802	-0.5098693266048717	0.17390211600726402
0.42226524655792996	0.8254798291089899	0.37453319383408956
0.6365918548347113	0.18738918021268164	0.7480883006018214
0.49206032791272275	-0.8456166514119512	-0.20690363106833626
0.5938244219064467	0.49981774077563274	-0.6305194540641998
-0.32772777078543247	0.09083013065089934	0.9403958717593097
0.8120447163123792	0.5358262991363206	0.23124349907191316
-0.482884962454992	0.8394284153635823	-0.24936328622118076
0.7624919708214077	-0.2702794209239846	0.5878392884606141
0.49859319803025304	-0.3335524061985682	-0.8000922541789229
0.41232368026933686	0.9031565904892357	-0.11957155073431469
-0.9912604133386906	0.07566496716514784	0.10806297095446683
0.08285359425200703	-0.2803511413680486	0.9563150733169254
0.10265512586876814	0.9569106804072833	0.27163187378387255
0.7435677135554335	0.2499013108882664	0.6202067318034132
0.6092225760438943	-0.635492813181741	-0.4743382097541775
0.2755991803260422	0.7305465209079314	-0.6247774584545531
-0.4984848029322715	-0.3939352505343733	0.7722227137503757
0.8575505146335846	-0.09361497029382182	0.5058096007279427
-0.12696462537749748	0.9143583847284975	0.3844850168464884
0.3825716056831978	-0.4544321145274661	0.8044441682373462
0.8736957673877965	-0.10523597713408606	-0.47495378213599215
0.3004907196131506	0.8845432959458401	0.35677511827990593
0.7231088122949206	0.584400282806913	0.36822541334979775
0.6688909619843644	-0.7254467172364434	-0.16220956021918076
0.17233260445156884	0.3635978133956096	-0.9154769814347443
0.6163463558454978	0.7419213240167387	0.26395059879686666
0.7812798891957974	-0.5341613476041085	-0.32291390410443044
-0.09858450372232759	0.4052461026277886	-0.9088766098491092
0.47050896945361675	0.8109276407546863	0.34787594214566464
0.8424594470733534	-0.2955699287781419	-0.4504447771247248
-0.26245645296040043	0.5050096817508769	-0.8222419544375743
0.645172577483585	-0.027538341089308527	0.7635404278970671
0.6981522854184019	-0.38472411235034376	-0.6037969391619191
0.31037997942562223	0.9226207222614766	-0.22898749141702335
-0.16368818277140207	-0.3499162668970174	0.9223691153664303
0.5667796793845202	0.7319091856288813	0.3782456067541937
-0.8074447187627004	0.5846944074924294	0.07852054501403127
0.891267315146957	0.31818716431919986	0.3231091168835094
0.4464601944686261	-0.4908190786615114	-0.7481777374240038
-0.0794724336218	0.8110817224450145	-0.5795089057209191
-0.23122950957310895	0.6274719715405558	0.7435131732750855
0.7964083883792675	0.5610287444632295	-0.2257884558721946
-0.5588081896516166	0.5399311741481689	-0.6294503430464253
0.11459745923108966	-0.06652976442971997	0.991181725407962
0.880221663204094	-0.45573146925905506	-0.13235804302422066
0.4605184534456758	0.887627522315475	0.0063352714301654345
0.05836120397462896	-0.6876847560847138	0.7236598967189901
0.9692276359569655	0.21268530883080627	0.12394655745447963
-0.23914798675277157	0.6941575006122547	0.6789356411147112
0.14553674188400034	-0.51229556789867	0.8463877999316679
0.9841759644885515	-0.012436435331247386	-0.17675691216832518
0.10107782983829439	0.8587191544315469	0.502379026361123
-0.39300126782825795	0.34266420132274616	0.8533060697177929
0.5284157906071046	0.8436085434922779	-0.09540114037005054
-0.75254684619793	0.4134076323420771	-0.5126084019979262
-0.11608128107769744	0.9614489684416484	0.24928100061146036
0.9932021235408545	0.11454522102891618	0.020710725080836725
-0.00864164204870009	0.24999054666512305	-0.9682097131307739
0.4680137754568473	-0.17484470431841878	0.8662519468113377
0.23310487189284448	0.9699409807725983	0.06983274674327744
-0.8524231488424328	0.16924486163454083	0.4947028927829883
-0.8110912881708847	0.3671817512751345	0.45531141407153386
0.3809827602245687	-0.25901295368314603	0.8875609422659387
0.44382773534893394	0.8933587472873692	0.07019323315091697
-0.7031053503593108	0.1398376585807774	0.6972003266915158
0.3261832515736465	-0.8078085392066914	0.4909682783822129
0.6318602319255054	0.5726174929456809	0.5223618038138408
0.061028328467862325	-0.32226635073130316	0.9446798094120288
0.672164479008235	-0.6863993706758729	-0.27758028945757807
0.7378824135890529	0.6519204730042565	0.17472618748745083
-0.8999142260167441	-0.41954566455861364	0.11889415949808552
0.4360368557951091	-0.8625561593355464	0.25664904515822234
-0.005123104625143544	0.2828043623114454	0.9591639309610306
0.48602773161011925	0.5425356179103863	0.6851511858010007
0.8685899993877167	-0.21323186099952784	-0.44730703819448725
-0.09658393794813025	0.8125190931622921	-0.5748776097372017
-0.5937511501593884	0.1858870636274003	0.7828828592199387
0.4362096062403279	-0.7432164750298567	0.5072972015178601
0.6761514261672911	0.6427093206265	0.3601999140363047
-0.3422334887915466	-0.8920053225798015	0.29530110673492305
0.9376410523838037	-0.3445707448493771	0.04582857927689195
0.06087278566123984	0.2925705150613259	0.9543044575409837
0.6458103046949839	-0.3580522733393445	0.6743349463777624
0.5453216190579339	-0.401847985836836	-0.7356239039529044
0.5343719511143954	0.8428029222988052	-0.06426392476956755
0.7612237297578706	0.516045858137647	0.39272777537690895
0.5813519787581176	-0.8113872754195148	-0.06066766916008311
0.28734702025171144	0.2744947387223946	-0.9176515288311715
-0.6929756180140343	0.3526725065792712	0.6288138802071419
0.6250614204160945	-0.1407507863975339	0.7677808520898985
0.35928124574695286	0.925100707615971	-0.12290511471435162
-0.8961712162233528	0.09998271279315349	0.4322968983872977
0.19072411028457628	-0.7928819193061367	0.5787595146462587
0.4006263408325925	0.6011170594650745	0.691488840004775
0.5673421925101829	-0.14831361655537184	0.8100159922754642
0.37920101837843384	-0.8260988391613717	-0.4168540459165453
0.7309784020465293	0.5436577775407069	-0.41244005220274427
-0.442455905009675	-0.4065216165850197	0.7993578343715484
0.46692421241974386	-0.8654337640771501	-0.18167602993091164
0.7656464928269908	0.29285589501384096	0.5727310649662465
0.8046118877729679	0.1330340303010224	0.5787068833496691
0.17226347625991628	0.8803739501945946	-0.4418902607725303
-0.5682649072406902	0.4552402163700305	0.6854424414916964
-0.6261077902993804	-0.028988645585097755	0.7791974674968917
0.5255045838848785	-0.7539525197765977	0.39420873942430595
0.5760503165891054	0.6562890036787614	0.4872892122835579
-0.5914504889707513	0.3773695352635439	0.7125858214637989
0.515266039812903	0.8566363667981296	-0.02598159530183375
-0.6202315916750679	0.3518044470069661	-0.7011037039941634
0.5700367023765047	0.0436941252287448	0.8204565688470139
0.4914958430971985	-0.8183444021769783	-0.2978997744943381
0.6583995702929143	0.5730647981215546	-0.4879618253429334
0.9272207809999246	0.34129836795396806	0.15419807817819178
0.3584749283413343	-0.9279979240690337	-0.10156563727087584
0.10843131020404193	0.1494499145383553	-0.9828058679169112
0.688230465255845	0.3004869185210616	0.6603381243661766
0.7254116689150575	-0.2714669421629481	-0.6325216280211845
-0.010804503486708472	0.9143376351821113	-0.40480853695789354
0.2141147243735435	-0.16616605745519392	0.962571413535764
0.7938777479559334	0.6037560153872055	-0.07236570447511709
-0.5691335573543851	0.7796585888923186	0.26118858830274594
-0.30913027552199845	-0.2618041361811238	0.9142740656029509
0.27725796573272926	0.8947899144730466	0.34997004071072524
-0.9097068171633331	0.36167610266061745	-0.2040193705773654
-0.16802969280568392	-0.02985010211472897	0.9853298908179778
0.07577327636680721	-0.9969753114854982	-0.017281171170779593
0.982865419538335	0.07175792424627805	0.16978329536087577
0.5570356373321417	-0.2992782865850211	0.7746894900027421
0.8296417168755453	0.15841558277557843	-0.5353495351204401
0.0374956045660329	0.9409234880225957	0.3365368766207053
0.17977406160400677	0.3790086271901378	0.9077630457833399
0.8829602794917686	0.344639003295543	-0.3187555524963803
-0.4336616556881836	0.8588226929482605	-0.27269240998399913
-0.46471387280040855	-0.19031363087680087	0.864766869352275
0.6301721982897965	-0.7571620604238656	0.1720134144690235
0.6220321671179483	0.62488905907943	0.47179407257125794
0.17606375800132656	0.4558996007703187	0.8724431827551378
0.8103990567159889	0.4359855365583659	-0.39136936618206264
-0.5587977469463223	0.7759330937196699	-0.29269935442077166
0.25861631259575735	0.36432488211832514	0.8946423772261418
0.526522227030146	0.7233132298590333	-0.4467575583625964
-0.8098715622261281	0.5865878892206707	-0.004764547937565311
0.2820888143817205	0.2465481641904505	0.9271676782195518
0.7695829250429607	-0.6352061005466483	-0.0652329005229978
0.572859513565967	0.7319338853767062	-0.36892379315289947
0.9496923681742825	0.23546652546977054	0.20649436121772663
0.2970231552512135	-0.8862432401308458	-0.3554576832296561
0.09930584613272576	0.39890905568258905	-0.9115974518493837
0.7525267945971659	-0.034347329206393495	0.6576653285598251
0.5630018940852549	-0.48453980660545337	-0.6695147818167763
0.341661075731097	0.8740946383493825	-0.3452915761195632
0.6083951761482795	0.03393588612017304	0.7929083586851273
0.3361577797330936	-0.9160550789718043	-0.21872594591149666
0.7189250703407282	0.39961412377842787	-0.5687313032640096
-0.7395762500018679	-0.2064095030002529	0.640641933925936
0.5262493668326644	0.4160836106666852	0.7415767208069534
-0.41962909139071203	0.8855899423580661	-0.19910268620197624
-0.7623709672288796	-0.39970878919296554	0.5089434076283894
0.4485991950733516	-0.8932444415405685	-0.02954877047221749
0.46642177319036526	0.20578447827465549	0.860292669964811
0.035343561668575885	-0.9255133296210715	0.3770622088492792
0.9822694935515656	-0.03733761442129646	-0.18371865606757884
0.1841126684574701	0.3768699765742085	0.9077838652842565
-0.6337811596605047	-0.5582360283798156	0.5354381180660517
0.6275799545397662	0.03355356498400541	0.777828746535334
-0.4521778879149779	0.8290034347911917	0.32907212398675745
0.9912531920575682	0.0034441678295096256	0.13192894657217538
0.13107974103778575	-0.1418634266879426	-0.9811691340731328
0.015336581273176837	0.9898802482504216	-0.1410740351678308
-0.4737462385264797	0.8521993405755351	0.222082834556467
0.8801419967101513	0.4495051337851492	0.15262765256618244
0.030241810611802658	0.26777120573993435	-0.9630077955382821
0.1069245192678987	0.05562276783614434	0.9927100557955356
0.9827438011852025	0.1456564497705819	-0.11401236719009633
-0.1509363058093981	0.9877703712596753	-0.03908868442574631
0.34681522136116116	0.29424173099386536	0.8905846427903094
0.8524505284769013	0.2971601376913393	-0.4301441026757383
-0.3912126004254729	0.9083598715866957	-0.1477668601525437
0.3833288798192046	0.25444983155832956	0.887870628592078
0.44104236610919134	0.7941927005870674	-0.41801864268358524
-0.8115051455125594	0.5518271808765481	0.19221384251005857
-0.4333471624652545	-0.21271535947069453	0.8757639023324524
0.8929949604030354	-0.23239058591318873	0.3854278353644246
0.12153286583510403	0.9490768100760748	0.2906595449967687
-0.7726832722576538	-0.6195612974453732	0.13821852075973953
0.6247964422146577	-0.7807569799355016	-0.00692416622423829
0.11220502024914317	0.0810082526030577	0.990377552472333
-0.5890647775987725	-0.7530671447473944	0.2930743306646211
0.7726372919037214	-0.6311173166848736	-0.06872079554377204
0.23671565844318887	0.1859591570278058	0.9536167411310036
0.03541467677855481	-0.7376490022616187	0.6742549592929287
0.8571260280316355	-0.3245072428334368	-0.4000375250140324
0.513887899000728	0.5920886747870451	0.620765840272754
0.9904225660594699	-0.065507015595488	0.12153999978586286
0.133154447755483	0.22039895392411468	-0.9662785282474656
0.03651073380675063	0.973207651026711	0.22701064798807158
-0.7629131763440884	0.029410616343811355	0.6458316351858675
0.11346811269352468	0.9895495873022625	0.0889752868592827
-0.6364656100390216	0.1411617154762551	-0.7582775859284363
0.7367958373873333	0.4152887986114422	0.53354203935263
0.559453938076468	-0.8175956108587665	-0.1361936425653261
0.37966193538387516	0.39883910396592936	-0.8347359965691099
0.08512230560483036	0.8828045348159023	0.4619635769159687
0.9235841836720174	0.10404424595691342	-0.3690081984917817
-0.3738267630325719	0.4580730817148455	-0.8064878195291316
-0.40583489565758146	0.8494710110521245	0.3371899151052431
0.909624012918062	0.4112599267139625	0.05873182954810158
-0.08878171314770263	0.3305514696099646	-0.9396028593769026
-0.9633211644893716	0.17615306284502308	0.20244118280912737
0.2567989691781923	0.38616825370176067	0.8859618328471891
0.07788853237710308	0.90545247157609	-0.41723997680099045
0.5926764056811693	-0.7349876841171796	0.32943555112482137
0.8030909830917285	0.5080371136991858	-0.3113569719485361
0.06147805320283742	0.44910065163642926	0.8913635922978478
-0.6454303739397422	-0.17651413139861585	0.7431435889601663
0.3627959597471533	0.7853330845862406	0.5016283862037738
-0.6721597458842252	0.5933756884730388	-0.4428392127420524
-0.7953432919844112	0.4359549129805331	0.4211559826757014
0.4700349703071445	0.004845370762822321	0.8826344934742425
0.38274818691113577	0.8999554634704467	-0.20876778771144688
-0.9732016513799358	-0.14469189116107464	0.17872549449812067
0.19297602422824714	-0.09121375054934844	0.9769546078420329
-0.12505518711522925	0.9852635730315787	0.11669143855751374
-0.5748744915338742	0.5202777120384896	0.6315302220319032
0.6924939806158572	0.7204840466906316	0.036807951248294446
-0.43585709331669187	0.45849082959235554	-0.7744770838347894
0.9316447206107528	-0.35318055565031226	0.08544945680722157
0.363313532764478	0.9012132589848129	-0.23625820354046384
0.00643362015564742	0.2511536520548911	0.9679258502546482
0.997892314097015	-0.009279706204895297	0.06422473447866696
0.06285303695592014	0.3843492524797303	-0.9210456817463998
-0.016137695359690726	0.9231411263566495	0.38412242269549235
-0.8528370205608817	0.40688630513158397	0.3272805387694262
0.5110693049867316	0.5218154121685054	0.683020381192093
0.10713161000011803	0.749768104362796	-0.6529706025687545
-0.3405369512766623	0.4479590329205209	0.8266603230106717
0.7968375432312687	-0.32919278975350896	0.5066379741703717
0.49908367486059135	0.8312429319995533	-0.24484826625572387
0.43938540416753047	0.30021523463910893	0.8466470808401343
0.3311034052288985	0.8220160289517232	-0.46331434598150284
-0.8350514964062778	0.4839012926589726	0.26177955862253965
0.1578085421519877	0.40885167413868506	0.8988530316897523
0.9593386929845916	-0.2792001875019776	-0.04143099614390283
0.23402080284983162	0.8688426577078587	-0.43628740525101706
0.040279889237356814	-0.597798102622443	0.8006340980897789
0.9980236953033417	0.0627488844099745	-0.0033587376150158166
-0.04823104950225676	0.7991870907405294	0.599144189538378
-0.9961398103613419	0.019509800645849222	0.08558531353000365
0.08545561146534988	-0.0073890564458822805	0.9963145789929617
0.020070293529317627	0.9997823610784493	0.0056933113429924465
-0.5724604161518501	-0.13282277750798746	0.80910270158634
0.33507824080351045	0.8627321237395935	0.37870285872672715
-0.7483392576093245	0.48790510598151604	-0.4493739679575246
-0.8293705755458212	0.002699908279894525	0.5586923651832678
0.5502223234107197	-0.16958402370220016	0.81761644658451
0.09695278871338894	0.985512034122492	0.1391624495345104
-0.9317298012945985	-0.014959739684520024	0.36284402098987345
0.26445025979298814	0.6568249143324282	0.7061494827638263
-0.2488888054432127	0.7538947128749277	-0.6080272398702882
-0.5789378104841005	0.16848828783974515	0.7977735947326827
0.5290492148038706	-0.6668760757620116	0.5247696903324995
0.620433670836201	0.7258705094141039	0.29694117878062265
0.30006556528691264	-0.10658120937771254	0.9479457275269663
0.7250846287062441	-0.6202401607036496	-0.29925645233518094
0.6198491249836313	0.777137432413273	-0.10883231780648472
-0.24487864101197632	0.22420616223025686	0.9432741107409381
0.8134012669589308	0.5769740514632782	0.07402244826845972
-0.5276483962694609	0.7853868733025975	-0.32365819803959206
0.948704603192109	0.12191820648659069	0.291711375865248
0.22778039194441707	0.37630253709580996	-0.8980604064431882
-0.21926164490797442	0.9184401730664603	0.32922937227698823
0.9998311897862888	-0.00585647375820839	0.01741532789394017
0.006156976246576109	0.9998322194683428	-0.01725179864555127
-0.017311371234917574	0.017356112125904335	0.999699495747517
0.8932114517965861	0.264404883118461	0.3636802993874535
0.4057410718021779	-0.8225349939396116	-0.3985101835556811
0.19377173434805897	0.5035138940762962	-0.8419775967565106
0.8621244506322173	-0.5065678394493841	0.011421718683299158
0.5066437345665812	0.8621410590504459	-0.004992046053795485
-0.007318322657892798	0.010090507170534741	0.999922308891304
