-0.14573061654539043	-0.7088019062809633	0.690190151374078
0.8583996858510602	0.25624157232385725	0.4443987353085047
-0.49184608032605204	0.6572215108055045	0.5710930913628957
0.7780355842797038	0.2175112430463248	0.5893636303191625
0.25674733959006607	0.7461288082566793	-0.614306605127188
-0.5733597764126492	0.6292699425826013	0.5246693302968324
0.950195094478301	-0.08471203724999765	0.2999219117942664
0.1848355388101373	0.9280096547128925	-0.323471643815071
-0.25092848786484756	0.36279739732337235	0.8974480165855001
-0.6094957707613777	0.3800704914272516	0.6957451595018405
0.7336582281664968	-0.062166363255787616	0.6766690088389936
0.3004338690420748	0.9228660600681969	-0.24095170783086917
0.5918277478910938	-0.5354776172786531	0.6024978325435971
0.6876655679306476	0.7253739107185964	-0.030801888439341257
-0.4205424871624458	0.43254642645892494	0.7975259277596171
0.22820007307159218	0.8158140235595124	0.5313870581918224
0.9487369139714261	-0.06373820037154765	-0.3095734321310069
-0.21868469246404673	0.5747911975465836	-0.7885379410687032
0.9473729121194778	0.11606798046593025	0.2983501119370003
0.19923820447954282	-0.9432421730662797	-0.2657034828995845
0.2505767412551054	0.3111630229634658	-0.9167272603573045
-0.9951167601581401	-0.07413399664854889	0.06516735527301333
0.09481591952713947	-0.5344566857046571	0.8398606982766942
-0.027433101475939765	0.8419383597666198	0.5388758885837299
-0.9861881391673755	0.06274982098822666	0.15328213898408108
0.07265104531232876	0.9955590602674395	0.05986637732850389
-0.14884481778219757	0.07017561888119234	-0.9863673771643233
-0.8889893876424211	0.221784362517442	0.4006364501663391
0.45695963452229443	0.37278550958451717	0.8076006787150831
0.029761738464087417	0.901023118674845	-0.4327488631262384
0.8914212272095963	-0.03613262714182894	0.4517329177024484
0.4498592771813733	0.19092917637332074	-0.8724521077648089
-0.0547250072086769	0.980938572421961	0.18645291824151022
0.19640281056822229	-0.37001583689840023	0.9080276518065293
0.6810674174386261	0.7176912776109085	0.14514269855801307
-0.7053886226076966	0.5899216138484827	0.39296231449086594
-0.44688770276791323	0.7996674199347751	0.4010279274684961
0.8613406631713414	0.2635425330774014	0.4343242973017979
0.24162707439848502	0.5395158484734316	-0.8065599829917316
-0.839550059720334	-0.49258663624239246	0.229159557991781
0.5244467738166866	-0.8449223647339286	0.10517499230185437
0.14181423996500753	0.20848166194615494	0.9676900939739522
-0.008092076687829186	0.5097943497065045	0.8602582398920691
0.5908131784184161	0.6965115474960119	-0.4071995240810574
-0.8067678144931212	0.5049568151951541	-0.3068294449461457
0.7341189026547866	-0.6674718822635755	0.124702538676851
0.678266404445538	0.7121754801875346	-0.18099936469550493
0.03200189627902907	0.21745659752505597	0.9755452356643295
-0.21122280166675567	0.921207801612838	0.3267431932017687
0.9625211247768144	0.2542119974379663	-0.09449521002133093
-0.17011176447977464	0.2945376828289404	-0.9403773396777146
0.10960684252810138	0.8694445495812867	0.48171829451912396
0.9225331088700751	-0.26939931470590284	0.276327111001624
0.3700256789866535	0.41411373370051774	-0.8316193915795149
0.9224518899883571	0.005171169034006062	0.386077414086514
0.05165893704219211	-0.9925733881020349	-0.11013366177203995
0.3826406471881662	0.12153735328066428	-0.9158683349024312
0.8141329122079758	-0.1340696683010502	0.5649893143249762
0.5683254672891584	-0.01565430503697307	-0.8226549130494324
0.11913758638784014	0.9908482561802568	0.06345052193815404
0.2094997508483203	-0.6679634935844574	0.7140970701752936
0.9765713966220102	0.10620541436358655	-0.18715960370655665
0.0491748075159239	0.736576663490166	0.6745640496702048
-0.5013145761859432	-0.35632647277085144	0.7884891505316939
0.8429926430629529	0.00429405247943504	0.5379079520280778
-0.1950566570134057	0.9343516500311795	0.2982279239755511
-0.2890215771862117	-0.17255902708948434	0.941642134831872
0.8678815187837869	-0.46236827014088555	0.181651457798919
0.4040398461468151	0.8697349969599106	0.28339519718725337
0.1618108358743775	0.6376424403011448	0.7531463149484543
0.7506954017484709	-0.5749176259946636	0.3254629581294344
0.6405260862660764	0.5127200421745389	-0.5717031495148523
-0.21086254036672436	-0.4315864822195411	0.8770804395467121
0.9128279082252916	-0.4079145311960941	0.018733531543998594
0.3496887173403377	0.8045737030281521	0.47997808008328513
0.9454779296405501	-0.007060948799369568	0.325609624496377
0.18631643795378983	0.8317360207175619	-0.5229735909098346
-0.26712856363711934	0.5551264133897506	0.7877036217043827
-0.07938085415560048	0.025320636456300005	0.9965227269676168
0.8454864612323753	0.5312746652459484	0.053850477626116944
-0.5280637498127311	0.8468211708721349	-0.06358129203204266
0.9222791881338016	0.098943947113438	0.37364581419423
0.11327225546201956	0.8550535172322712	-0.5060166783923915
-0.36955445509126644	0.509012355447621	0.7773904596300767
-0.9603235820819553	-0.2566575249505407	0.10911247675469771
0.2644968017691969	-0.9622258114460152	0.06452076906642977
0.08843110058767822	0.09082071720328984	0.9919332325189695
0.20702202673582648	-0.152221448297286	0.9664214976522757
0.24471002924587076	-0.9483641954544608	-0.2017978056533279
0.9472375003306593	0.27826962367152097	-0.15908216276199627
-0.33444626572274894	-0.242117001713343	0.9107826594887767
0.8426796529074223	-0.5095282546046032	0.17398839138118566
0.4219439511593148	0.8256877831486471	0.37443689299952565
0.6364806680270829	0.1872897351540071	0.7482078015723574
0.49216084529281207	-0.8455304166431843	-0.2070169483203449
0.593860304775848	0.5000008696363892	-0.6303404387903346
-0.32777821601252466	0.09095549802296121	0.9403661725556922
0.8119912369007223	0.5359285217316191	0.23119440043175038
-0.48294065091280297	0.839349579718699	-0.24952076210600516
0.7623869830105932	-0.27060879012550365	0.5878239284367528
0.4984143192603495	-0.33380850050811395	-0.8000969012218251
0.412733878537064	0.9029633257753804	-0.11961595968940131
-0.9913159857036811	0.07538822761477204	0.10774614436462601
0.08256159944233427	-0.2809321537429894	0.9561698109074817
0.1023533037369242	0.9567621126123405	0.272268362252591
0.7434863475063955	0.2500356009910202	0.6202501505914035
0.6091683619777133	-0.6359037621184318	-0.47385684767555547
0.2759383225233296	0.7301428651713885	-0.6250995429548216
-0.498654075887456	-0.39387743241960005	0.7721429147712036
0.857434479003505	-0.09354014531868482	0.5060201136612528
-0.12708354266707705	0.9143909500013123	0.38436826578020533
0.3824635684239487	-0.4541702826865639	0.804643382594318
0.8736596501816383	-0.10568448936659003	-0.47492062952857744
0.3007331615783613	0.8846242948459699	0.35636978336463043
0.723280758898645	0.5841073732822459	0.36835244031269193
0.6687097485741709	-0.7255400638691814	-0.1625388811410165
0.172314294151325	0.3638821130503936	-0.9153674627345629
0.6161487897057816	0.7420130475682855	0.2641539440979938
0.781474415110384	-0.534080156898074	-0.32257731559366065
-0.09827719711094712	0.40518517155265477	-0.9089370546313216
0.47048804049785564	0.8109289725866877	0.34790114280925744
0.8425017116807674	-0.29560084531739506	-0.4503454297121475
-0.2623582847242779	0.5049894470849275	-0.8222857099387015
0.645077291259697	-0.027555899518049598	0.7636202987760363
0.698203715073988	-0.38478129678185913	-0.603701023606679
0.3104623335574434	0.9225963505502403	-0.22897404523972753
-0.16384299564075344	-0.3498060028443064	0.9223834523415698
0.5668875481978963	0.7318302942137789	0.37823660342324295
-0.807337587677944	0.5848591119620715	0.07839539959267572
0.8913505926336535	0.31816822677324447	0.3228979722506848
0.44627064980765635	-0.4908095506290464	-0.7482970614211751
-0.079602940472616	0.8110949170616736	-0.5794725251337034
-0.23134457608633574	0.6275223727824099	0.743434838283066
0.7964782756347027	0.5609796667238419	-0.22566384283792099
-0.5586609379197767	0.5399235919831081	-0.629587540587212
0.11474363799726861	-0.06624647371050224	0.9911837883359854
0.8801734902919389	-0.45582452148830344	-0.1323579714156477
0.4605741248989764	0.8876009296586405	0.00600542610137389
0.0579537476369808	-0.6879880884083365	0.7234042807055209
0.9692636346719463	0.21232591920406174	0.12428077299678392
-0.23910117029692066	0.6939669258994936	0.6791469179200107
0.14534015003117817	-0.5122173192768402	0.8464689354145032
0.9842524151750034	-0.0121509365986876	-0.17635061089190385
0.10061522753086438	0.8587699182974579	0.502385114644423
-0.3925567563680128	0.3424031612422836	0.8536154100068221
0.5286443514146928	0.8434847873013018	-0.09522900455542088
-0.7526183247484499	0.4138761756402128	-0.5121251492460297
-0.11602967723786861	0.961322439305475	0.24979247724430673
0.9932121404358224	0.11436543523693465	0.021217712269673963
-0.008170562463392567	0.2505588052949606	-0.9680669021292867
0.46808461556550207	-0.17428548542674874	0.8663263601209757
0.23322564881517552	0.9699629472832355	0.06912074675782745
-0.8523512124738467	0.1696951692511659	0.4946725787095759
-0.8124600914770839	0.3667768820094336	0.45319236377115496
0.38055853041112775	-0.2552571210767327	0.8888301339800204
0.44168292324740327	0.8946052319112918	0.06780615273389357
-0.703239203769602	0.139672454565821	0.6970984347400696
0.3260898420737536	-0.8079241037385003	0.49084015472927195
0.6317594773153868	0.5724947580842115	0.52261813476791
0.06111220627343772	-0.3220487976708444	0.944748575105121
0.6721252552787103	-0.6864761659374787	-0.2774853416242159
0.7379112002544219	0.6519471186519217	0.17450505729214794
-0.8998750887180145	-0.41955493372166935	0.11915738455736166
0.43611901264227054	-0.8624493530378734	0.25686829359904356
-0.005003150674963368	0.2831161793934763	0.9590725715236385
0.485948837412031	0.5426171745732246	0.6851425612790861
0.868647074660566	-0.21333204229335823	-0.4471484087130201
-0.09646754429100257	0.8124383309452575	-0.5750112792888049
-0.593905837680127	0.18564811969662462	0.7828222222334871
0.4364074345146871	-0.7430878859608046	0.507315429332296
0.6758878657512475	0.6429270327116526	0.36030601374222626
-0.3421977186040108	-0.8921208520186048	0.2949934012411273
0.9376833482418307	-0.34441164583015027	0.04615795323187964
0.060420690265831176	0.29240554647640593	0.9543837470208903
0.645833074299972	-0.35811838421364484	0.6742780309549282
0.5451619340940835	-0.4019884962596818	-0.7356654908922111
0.5345073486445672	0.8427078211118537	-0.0643849554000544
0.7612034364253568	0.515776670544963	0.3931205343094921
0.581202113287567	-0.8114918180290289	-0.06070529451381075
0.28770372240256814	0.27469156411054035	-0.9174808514199149
-0.6929726727486072	0.35304154502684626	0.6286100081200655
0.625083400196866	-0.1402527625573986	0.7678540912135212
0.35924868492727446	0.9250355831426569	-0.12348907764635975
-0.8961548924165892	0.09969166288479149	0.43239794304445683
0.19100703741860436	-0.7928797052273231	0.5786692360020549
0.40052805201930625	0.6011683170210311	0.6915012177543297
0.5674871736910094	-0.1483320531289225	0.8099110504930456
0.37903845311061735	-0.8261547551986852	-0.41689107873173664
0.7309501752922016	0.5435677717425484	-0.41260867509438093
-0.4424281144433111	-0.40676829924357455	0.7992477177199986
0.4669263288411096	-0.8653744255794811	-0.1819530351160643
0.7656612612540226	0.29268866442599645	0.5727968040513371
0.804380437475676	0.13303564322755768	0.5790281767215393
0.17240722455688695	0.8803990776710453	-0.44178412483538143
-0.5685489079463888	0.455191148493688	0.6852394892342136
-0.6262362968111654	-0.029043367313903834	0.77909215332418
0.5253366461498132	-0.7540974485464085	0.39415535808594937
0.5760638061606579	0.6561200506849845	0.4875007387900345
-0.5914460826745571	0.3771525767496532	0.7127043322023641
0.5154017302019164	0.8565671074302548	-0.025570431623994333
-0.6201230424631807	0.3522055143231908	-0.7009983508443831
0.5702350448034001	0.04392674787607573	0.8203063052903444
0.4917943005523162	-0.8181062289241707	-0.2980613429140561
0.6580048325220128	0.5733869888796781	-0.4881157663517679
0.927155014717581	0.34151225680365244	0.15411994399466394
0.3586868698935984	-0.9279063216480234	-0.10165425525558444
0.10829269619865882	0.14953005282721885	-0.9828089617273106
0.6883468616620277	0.3004376485240399	0.6602392122476388
0.7252974499775453	-0.2711942273529633	-0.6327695473918601
-0.011054731842403964	0.9144347491208843	-0.40458235565100686
0.21444835285526587	-0.16634654971164792	0.9624659627003407
0.7937930690730925	0.6038512008800231	-0.07250028060135078
-0.5691260558515874	0.7795463761667962	0.261539633623724
-0.30892511172414694	-0.2618257777644309	0.9143372121073684
0.2780338273065936	0.8945041034534041	0.35008513218682824
-0.9095397001887665	0.36236676310483085	-0.20353835701768053
-0.16804533886332007	-0.02906283650656825	0.9853507576596795
0.07599917899581107	-0.9969722691346123	-0.016444432752293868
0.9828453026180034	0.07212243833076173	0.1697452945178477
0.5571750381199416	-0.29985069023391125	0.7743678327915544
0.8295208208800582	0.15820091715766516	-0.5356002964309747
0.03809441720929779	0.9407773559013421	0.33687799275221786
0.17999449605680662	0.37843618909514626	0.9079581665321366
0.8831366063463968	0.3443371351372012	-0.3185932703251504
-0.4332109369813115	0.859196129034953	-0.27223206264348576
-0.4647503024207682	-0.18979293392048313	0.8648617222618074
0.6299347855840158	-0.7572895784554217	0.17232138658341242
0.6222453875369625	0.6248929001010213	0.47150773174181404
0.1762873539511326	0.4562386315627188	0.8722207747506853
0.8102415352910147	0.4359126949365826	-0.391776437375176
-0.5589556541678126	0.7757747311319849	-0.2928175937523716
0.2584910726313613	0.3641192587202082	0.8947622761375976
0.5267035714539746	0.7233298012813685	-0.4465169049385297
-0.8097936238249325	0.5866951201495562	-0.004808617803657267
0.28209718979504095	0.24651411379803972	0.9271741838554974
0.7696120979786132	-0.6351656743098666	-0.06528234695114732
0.572816195785959	0.7319804354467814	-0.36889869607853365
0.9497218909631981	0.23559496529446403	0.2062118865467933
0.2969931425606339	-0.8863807146025076	-0.35513983450565906
0.09911308237183541	0.39852759140196076	-0.9117852574998706
0.7523994469423088	-0.034182630284001425	0.6578195953510166
0.5631808932695153	-0.4845810721654411	-0.6693343454172533
0.3416465332724141	0.8740782186314102	-0.34534752643834343
0.6084320676506441	0.03349051060160027	0.7928989877367774
0.33627262986524575	-0.91586249355104	-0.21935498925254182
0.7188401334496242	0.40009283748414615	-0.5685020527104641
-0.7397073733718704	-0.20632096063913696	0.6405190574684186
0.5263115138220312	0.41573436787394547	0.7417284717380159
-0.41931991629023474	0.8857745743525238	-0.19893268015325116
-0.7624582914350606	-0.39960957822803567	0.5088904978581734
0.44830653195477554	-0.8933814537274638	-0.02984680121026488
0.46656040040771785	0.2053819931839564	0.860313680960134
0.03534079740226814	-0.9253685520334534	0.3774176346522268
0.9822091050721662	-0.03753449224858785	-0.18400118424883827
0.1844350887231225	0.3772057857445331	0.9075789184685502
-0.633733782395256	-0.5582995877261652	0.5354279254911871
0.6277321606963084	0.03330834114146708	0.7777164578674851
-0.45203299379419887	0.8289705210411271	0.32935398550231043
0.9913050988307425	0.00362268252845685	0.1315335592290801
0.13071747735211556	-0.1416065196373748	-0.9812545718165542
0.015071235744658275	0.9899163953422976	-0.14084881286557271
-0.47374269271821046	0.8522840690475975	0.22176502597066375
0.8801404325312188	0.4495280358088104	0.15256921067381862
0.030342711148779983	0.26746291456862376	-0.9630902913074135
0.10683235386702972	0.05530476833285125	0.9927377452111307
0.9827832491992207	0.14550389228596172	-0.11386703835200995
-0.15074459612421498	0.9878107105763154	-0.0388080766086456
0.34697880040578866	0.29474587969247	0.8903541870925702
0.8523916294548315	0.2968697374120316	-0.43046122827061706
-0.39119588712599834	0.9082913769343091	-0.148231415302154
0.3839353436984776	0.25406692259937486	0.8877182270856081
0.44108900620239894	0.7941470064429497	-0.4180562411507352
-0.8111930352675076	0.5520693172044475	0.19283497746753087
-0.4335905204948074	-0.21230157716245318	0.8757438557428632
0.8928429713291617	-0.23255831222129553	0.3856787004293805
0.12178131665060721	0.9491283747476509	0.2903870506130176
-0.772777781609804	-0.61942870185727	0.13828442994656848
0.6247030846388109	-0.7808343719258692	-0.006613596743677418
0.11207388764999922	0.08127586932510003	0.9903704745056088
-0.5892970359712175	-0.7529270144701162	0.29296742869584524
0.77237362804926	-0.6313998904930886	-0.06908803788890965
0.23699785249989339	0.1855669398530712	0.9536230538027095
0.035471769023391664	-0.7374640432420349	0.6744542523607227
0.8569485851992785	-0.3247823646758077	-0.40019437517354695
0.5141798089455731	0.592168219782775	0.62044816346895
0.9904508261108314	-0.0657477367903046	0.12117919030644039
0.1328662792009617	0.22063855550602296	-0.9662635146146769
0.03679283772235795	0.973137124423464	0.22726729672605284
-0.7627806071236778	0.02925498939415603	0.645995271648006
0.11376907158028343	0.9894652632265347	0.0895270418354403
-0.6365707688449052	0.14178377362587072	-0.7580732271941899
0.736544505457144	0.4149934737995468	0.5341185338337138
0.559735188349803	-0.8172919065031727	-0.13685926525968273
0.3797350529038658	0.39976787798445546	-0.8342583133106343
0.08490673103124546	0.8826717135302169	0.46225695577159126
0.9234332845875526	0.10454608969141632	-0.3692439356930304
-0.3742483345873862	0.4582147545244101	-0.8062117729199338
-0.40546956910175314	0.8495221006579342	0.3375005615197835
0.909748949437598	0.4110400857167805	0.05833435463882827
-0.08916993624325108	0.330693586916457	-0.9395160850367077
-0.9633916097041815	0.17601390378642454	0.20222688254890553
0.256588921932066	0.3867038526319768	0.8857890581291498
0.07770927546519575	0.9052509243482988	-0.4177104648835417
0.5925225103621292	-0.735139676175044	0.3293732399989591
0.8031746679366313	0.5077304363904882	-0.3116412308209658
0.06186701462849642	0.44919868708175875	0.891287278056285
-0.645514328122825	-0.17678100714130363	0.7430072191454425
0.3628356855897601	0.7850677082995047	0.5020148988306747
-0.6720576741997267	0.5936473438831089	-0.4426299963285176
-0.7955099570482063	0.4347413426661676	0.4220946259003777
0.47060604104587034	0.004471966722978227	0.882332111874413
0.3816986538727829	0.9005442612611814	-0.20814939620680906
-0.973177773576205	-0.1445931995352071	0.17893526110141839
0.1931727768274416	-0.09119728963243312	0.9769172598825726
-0.1249371814554675	0.9852795851999929	0.1166826451452555
-0.5749935998103815	0.5202015573704303	0.6314845207021923
0.6923460734804757	0.7206278623947296	0.03677497078952327
-0.4359349432120191	0.4583512012090527	-0.7745159143858515
0.9315787033907641	-0.35342420445143113	0.08516132394846694
0.36347899398063316	0.9012251340343014	-0.23595821392713218
0.006643818450981609	0.2507679993394859	0.9680244161092539
0.9979010568390313	-0.008840510945609958	0.06415080767819738
0.06261303596178258	0.38452220339836807	-0.9209898386091524
-0.01652538916918564	0.9230734101142144	0.3842686443790624
-0.8528446373021514	0.40680066730869713	0.32736713595313965
0.5110923436670096	0.5219094025860318	0.6829313228555671
0.1069609315120525	0.749749153096881	-0.6530203416131726
-0.3404423710575839	0.44737717861627957	0.8270142997808609
0.7967807489623774	-0.329740294880031	0.506371184029446
0.499238850723422	0.8313392797082113	-0.2442039556243698
0.4393622011325612	0.2998845334641078	0.8467763121420941
0.3317138062030076	0.8218503736125103	-0.46317158177860035
-0.8348214222157122	0.484387479175496	0.26161414913521797
0.15801396779374044	0.40866719768055004	0.8989008329743637
0.959218609860949	-0.27960200367250754	-0.04150154260684508
0.23437415488595875	0.8688002308253868	-0.43618220325827983
0.04047425048017994	-0.5976595430317033	0.8007277350455668
0.998014404393075	0.06288839807432689	-0.003506852089961765
-0.0482605809331334	0.7992797507824032	0.5990181936445802
-0.9961572489475272	0.01986723911443833	0.08529963762680068
0.08516740259522385	-0.007411102898737809	0.9963390934260319
0.02042667139983497	0.999775158905138	0.005690582723158921
-0.5728620792308852	-0.13270573892055074	0.8088375764248456
0.3349934063640274	0.8627196057755822	0.37880641428445977
-0.7480698201851835	0.487959085034775	-0.449763799632799
-0.8292513548000757	0.0026000333387805052	0.5588697794557119
0.5504044954422325	-0.16965145728827924	0.8174798312111098
0.09693854733397037	0.9855006965327828	0.13925263076214833
-0.9318387499034178	-0.015102573760049129	0.36255821111134257
0.26417733455010134	0.6567309575024349	0.7063390017321276
-0.24877073800678084	0.7539737142127416	-0.6079775967811671
-0.5789929063865562	0.16855670151849214	0.797719156550258
0.5290907691036594	-0.6667400299617166	0.5249006482144484
0.6203468162272999	0.7259795939417689	0.2968559529077984
0.2999668588803963	-0.10668427329928021	0.9479653735258651
0.7253394632341184	-0.6199270938049573	-0.29928758985594595
0.6195986980688948	0.777373053428754	-0.10857526953310392
-0.24472371732542553	0.2244100109444529	0.9432658422556895
0.8135719806224366	0.5767539474529076	0.07386146792187454
-0.5274570451937394	0.7854903125344062	-0.32371906707836984
0.9487354592034167	0.12210430080586128	0.2915331339227049
0.22751400975345837	0.37644697362301294	-0.8980673980364602
-0.21940465768981593	0.9183562575464852	0.3293681533014817
0.9998188485368851	-0.006101493301070168	0.0180289181559608
0.006426541108913246	0.9998168528540244	-0.018026655775530025
-0.017915626691600416	0.018139253804139735	0.9996749460658081
0.8930998232701116	0.26384675330258645	0.3643591585874843
0.40572495984453083	-0.822282944047753	-0.39904638438070517
0.19431922867809376	0.5042178603538789	-0.841429965395877
0.8619639931474388	-0.5068315174428663	0.011827402245792996
0.5069131526600791	0.8619814351782731	-0.005202025396329043
-0.007558450736861599	0.010479424343267997	0.9999165222596795
