-0.14631373845281415	-0.7085317283322772	0.6903441749493059
0.8582041312602062	0.2561750050321475	0.4448146084434437
-0.4920141857994305	0.6575387112126977	0.5705829336992723
0.7785057236193557	0.2174751388770849	0.5887558086866712
0.2567196270262999	0.7456580305071459	-0.6148895304359001
-0.5727336827805581	0.629840190453576	0.5246689080725312
0.9502479528861184	-0.08346124024869528	0.3001050639557601
0.18396161225468216	0.9278401626943267	-0.32445455414899543
-0.2513701518724911	0.3635200872957573	0.8970318795227323
-0.6095359273409664	0.3780001097230486	0.6968370471853167
0.7338770826670673	-0.0633846169392922	0.676318577204215
0.29981724569587814	0.9236332104167878	-0.23877041650613884
0.5912005338507914	-0.5356464975900851	0.6029633143019683
0.6882146456514185	0.724850379336563	-0.030863069946669514
-0.4205264917760017	0.4332144471218793	0.7971716957591086
0.22816736898419077	0.8154801237460341	0.5319133571419177
0.9487459188828533	-0.06351737119366119	-0.3095912223558302
-0.21867975016896873	0.5752892414532014	-0.7881760308041836
0.9473536679597125	0.11613982953673693	0.2983832565652039
0.1994011081612295	-0.9431250770452948	-0.2659967802669442
0.25051991111956007	0.31149097746722143	-0.9166314117949281
-0.9951949512862877	-0.07376745566137836	0.0643845588594824
0.09397120419219544	-0.5348833637533958	0.8396839881541873
-0.027503121949194922	0.8416995602143911	0.5392452397731005
-0.9862194012360093	0.06236281916605576	0.15323893568981686
0.07218003675715665	0.9956239621024096	0.05935459865280256
-0.14886683619739324	0.06959744875468916	-0.9864050183405473
-0.8887768359914925	0.22219629464599067	0.40087971069953654
0.457349485070512	0.37245812657718247	0.8075310473612474
0.03011950050531284	0.9010570185022742	-0.4326535162195069
0.891177631635026	-0.035971875203300585	0.4522261083437622
0.4502712039764779	0.19165633728170317	-0.8720800945150252
-0.05530164322114706	0.9808026674994926	0.18699694030363367
0.19687101866746204	-0.3694535753241015	0.9081551947156797
0.6805890605807619	0.7182432939079693	0.144655111814365
-0.705719726680948	0.5896020916147338	0.39284735068076926
-0.4474169988659211	0.7992348557669043	0.40129998062928907
0.8609591669069384	0.2635025716317677	0.43510424918903695
0.24200690495257096	0.5401759343683321	-0.8060041053769988
-0.8394613139720684	-0.49338336309214104	0.2277664579523889
0.5248853616367727	-0.8447026968638003	0.10475070906899599
0.14071268416075053	0.20748544752563164	0.9680649407872207
-0.0075690811706286	0.5092669706409575	0.8605753085142602
0.5901110186892994	0.6970455615883303	-0.4073039045865955
-0.8072866248314223	0.5047520556512783	-0.30580004526503757
0.7340377511169991	-0.667695499670836	0.12398104554491808
0.6782895130388367	0.711866686010872	-0.18212401777205672
0.03334541102814982	0.21778094743850124	0.9754278766244855
-0.21052567814015344	0.9214151983520966	0.3266082838652363
0.9625702715472002	0.2537168859701473	-0.0953216350424207
-0.17069683997419988	0.2943157726309918	-0.9403407971599682
0.10886756251376495	0.8694131033997237	0.48194264126467656
0.922588254425341	-0.2688806767452747	0.27664796126016367
0.37010642608405686	0.4145166309207199	-0.8313827013243791
0.9229176513779711	0.004495207668573944	0.38497117019718013
0.05105145149877871	-0.9925307030752004	-0.11079960628501874
0.38159763897964266	0.1219122494299228	-0.9162535922789594
0.8140344836674174	-0.13454078024507352	0.565019148216561
0.5683783435970904	-0.015719151906248063	-0.8226171447235805
0.11955717431484006	0.9907833702249927	0.06367413411626266
0.2093438452382832	-0.6685033169458325	0.7136374917934662
0.9766201419025835	0.10646566503956989	-0.18675695595575553
0.048869754358167206	0.7360491677871133	0.6751617359632213
-0.5008258141793775	-0.3572602606002639	0.7883772003599518
0.8428480931188513	0.0059355165930151665	0.5381188173337653
-0.1969278948688582	0.9339860147981905	0.2981434694638041
-0.28822499978892324	-0.17226422288348936	0.9419402247547468
0.8682812736481136	-0.4617810112016558	0.18123445457634713
0.40374989700145436	0.8701053586824552	0.28267063070540455
0.16180538150242696	0.637316631283857	0.7534232077696108
0.7509767318693021	-0.574831037260711	0.3249665010315323
0.6401975997360161	0.5132219696103926	-0.571620716210909
-0.20975410989217824	-0.4319319811953797	0.8771761379586053
0.9130842862257169	-0.4073848268987599	0.017739477453986796
0.3496860014799178	0.8046566761254774	0.4798409464975716
0.9452493008307945	-0.006384549532394965	0.32628667886716217
0.1860979269215235	0.8318648223580241	-0.5228465156417936
-0.26808827067666635	0.5549415778715103	0.7875077931519617
-0.07913853050577702	0.025151655008147256	0.996546279527317
0.8455768436235422	0.531141561645843	0.053744237086991664
-0.5279553906506058	0.8469096975137116	-0.06330141973289316
0.9222492281089238	0.0984286105719811	0.37385581428321185
0.11384557427259345	0.8550171570342044	-0.505949450435209
-0.36945303689513437	0.5091733199982261	0.7773332513992609
-0.9602441637697101	-0.25613558319033114	0.11102120955006237
0.26422591020202724	-0.962243438796724	0.06536231996009118
0.09008781451517273	0.09209846641722122	0.991666303833843
0.20689866815748226	-0.15150630437553692	0.9665602830910895
0.24490847076690464	-0.9484625044997528	-0.2010938052369407
0.9472131661148278	0.27832484131410834	-0.159130451662151
-0.33431870308429046	-0.24213614071102246	0.9108244035650392
0.8430530766518365	-0.5088481880342037	0.1741695480908757
0.42129860516729734	0.826101453149599	0.3742510846854159
0.6362578077182468	0.18710200003155805	0.7484442822961247
0.4923749294204106	-0.8453500998782806	-0.2072441495290669
0.5939216539206295	0.500375908912461	-0.6299849353629117
-0.3278910314749608	0.09120449879599413	0.9403027229981085
0.8118785840253697	0.536137291352969	0.23110597054525056
-0.4830534507476856	0.839189218365008	-0.24984158881315177
0.7621699861393455	-0.27127078948743344	0.5878001964947055
0.49806144160900934	-0.33432389839964505	-0.8001014506556148
0.41355980536157677	0.902573924800472	-0.11970212053078422
-0.9914339427782877	0.0750512798888364	0.1068926681028496
0.08183981466805441	-0.2808484244000429	0.9562564547479466
0.1017889082473966	0.9568131833848552	0.2723004778893019
0.7433164662790237	0.2503112249849416	0.6203425840654525
0.6090705073217476	-0.6367150081600292	-0.4728922874128977
0.2766111857269947	0.7293409964003886	-0.6257379346822391
-0.49898786251267535	-0.3937660401680875	0.7719840792887998
0.8572038716224404	-0.0933826513418019	0.506439732746034
-0.12732884802954253	0.9144550213316781	0.38413458373433396
0.3822504097837155	-0.4536506622587589	0.8050377015099174
0.873588542687691	-0.10656981129097876	-0.47485359154817514
0.30121036221381503	0.8847846924272562	0.3555676668953853
0.7236158360842793	0.583527146607406	0.36861387784546085
0.6683558583721626	-0.7257185622619211	-0.16319624679538117
0.17228049323025263	0.3644566333059507	-0.9151452311472927
0.615761900181016	0.742187928386665	0.264564474641958
0.7818584660142334	-0.5339313005047823	-0.32189238180351804
-0.0976453860012574	0.4050610389785501	-0.9090604673476252
0.4704590480079087	0.8109229924408082	0.3479542850409191
0.8425817566431019	-0.2956749909216434	-0.4501469572436438
-0.2621531375355195	0.5049556416897736	-0.8223718942218006
0.6448892886908675	-0.02759466961022794	0.7637776767757023
0.6983016121130201	-0.3849012577635982	-0.6035112925972114
0.31063268316798864	0.9225451511883319	-0.22894929606083858
-0.16415689848867454	-0.3495838520238907	0.9224118619590262
0.5671097194527619	0.7316670863690418	0.378219302556661
-0.8071177601693504	0.585196039911734	0.07814420062189742
0.89151137472954	0.31814078790125033	0.3224808642406821
0.4459012240035791	-0.4907812856889118	-0.7485357894246932
-0.07987219265774292	0.811122782746922	-0.5793964654266834
-0.231563333382669	0.6276242973434666	0.7432806764721029
0.7966058723928008	0.5608895597711805	-0.22543732124250476
-0.5583883117526836	0.5398987341379966	-0.6298506570403632
0.11501999481581271	-0.06568801883548703	0.9911889249653867
0.8800769356420063	-0.45601403437844024	-0.132347224379185
0.4606896874725395	0.8875450887878131	0.005359778454984032
0.057133164707336426	-0.6885980839089074	0.7228889820211024
0.9693344710508682	0.2116048323530486	0.12495630499247234
-0.2390114740405948	0.6935820598615707	0.6795715131721771
0.14493103096982018	-0.5120714991863857	0.8466272946125896
0.9844070431294611	-0.011584401153331036	-0.17552371659416854
0.09968836290729366	0.8588647049279219	0.5024078511826199
-0.3916864530292423	0.3418827396293186	0.8542235742807165
0.5290947369487699	0.8432414608141501	-0.09488202199115583
-0.7527552602582617	0.41480119467953525	-0.5111746150249905
-0.11591594796471716	0.9610726751746818	0.2508043182244313
0.9932326232875225	0.1139978403467018	0.022213699234354317
-0.007242171278525444	0.2516819529264438	-0.9677829020634245
0.4682161913141485	-0.1731525844706192	0.8664824179880499
0.23346362301025603	0.9700069551636448	0.06768488505626635
-0.8522137847525102	0.17060096548759623	0.49459779179905583
-0.812119264672901	0.37022280031539023	0.4509959845428526
0.377768072649439	-0.2554584330020777	0.8899619499140686
0.44469493277287797	0.8931271282044643	0.06760436103811596
-0.7035075532926207	0.13940997705118544	0.6968801767583997
0.3258313792124945	-0.80817190244723	0.49060379983782104
0.6315940427052128	0.5722089079990045	0.5231308926319232
0.06128652488932029	-0.3215943321286581	0.9448920824145544
0.672048474378675	-0.686632211292346	-0.2772851501632906
0.7379666726568932	0.6520071256961119	0.1740456781687162
-0.899794459575479	-0.41958210999606826	0.11966947601004485
0.4362878670215924	-0.8622335433399178	0.2573056816886078
-0.0047778245071104855	0.28373256723671514	0.9588915489679958
0.4857926097246871	0.5427847023877972	0.6851206515575693
0.8687598233806677	-0.21353259117808143	-0.4468335280441313
-0.0962388155396201	0.8122737219426495	-0.5752820969098258
-0.5942005095862088	0.18517123985996342	0.782711547337979
0.4368100509091687	-0.7428319034433171	0.5073438110901793
0.6753685910909827	0.6433602219250907	0.3605064368527682
-0.34213326026898416	-0.8923457253167009	0.2943873956655187
0.9377642604052592	-0.3441023828892158	0.04681604422140584
0.05952330740384627	0.29208330421127204	0.9545387992516243
0.6458806621556086	-0.358252819039373	0.6741610252037527
0.5448436504374715	-0.4022615875979625	-0.7357520042250223
0.5347743139226144	0.8425203456258543	-0.0646212068526113
0.761160930480203	0.5152306482088367	0.39391803342423115
0.5808992089812168	-0.8117028468881144	-0.06078319964206777
0.28842702181922597	0.27509247081669264	-0.9171335701981798
-0.6929550870620671	0.3537863765697633	0.6282105117462147
0.6251354320607558	-0.13926392822918432	0.7679916990934139
0.3591920640785587	0.9249004043937998	-0.1246607518634888
-0.8962057895510207	0.09989325478369628	0.43224590272662106
0.1908340314937736	-0.7927672424122065	0.5788803605080929
0.40049663569007105	0.6012831587587214	0.6914195598868091
0.5677845805484856	-0.14838124778418613	0.8096935688255084
0.3787112372848861	-0.8262588746405313	-0.41698209893461113
0.7308888211250265	0.5433960594113387	-0.4129434026240135
-0.44237800374172287	-0.40726201466823025	0.7990240003991512
0.46693888597476213	-0.8652526812085186	-0.1824989710275603
0.7656825573108851	0.2923618461253869	0.572935225274218
0.8039146736415745	0.1330230829916404	0.579677545619252
0.1727060921186051	0.8804536274118175	-0.441558620935536
-0.5691166868480317	0.45508929823582056	0.6848356937122566
-0.6264899856698838	-0.029158792350831297	0.778883856992806
0.5250093957681046	-0.7543823296326824	0.3940462347151369
0.5760863062168364	0.6557873630732817	0.48792161483463015
-0.5914291507160765	0.3767287260805988	0.7129425128500537
0.5156818836069047	0.8564224040372967	-0.02475602517796316
-0.6199062466235477	0.3530101029838471	-0.7007853541480717
0.5706319267050095	0.044395222122363354	0.8200050417391557
0.49239885779005765	-0.8176232403335473	-0.29838834044499085
0.6572081626638359	0.5740394595488844	-0.4884220816147127
0.9270147335517885	0.3419591363065771	0.15397283161118505
0.3591333667902941	-0.9277119923152986	-0.1018512845881106
0.1080134650669747	0.14971442285511466	-0.9828116212954474
0.688563165391706	0.300353371334317	0.6600519824937003
0.7250842123650658	-0.2706422942194715	-0.633250056106238
-0.011560806402948431	0.9146259349634314	-0.40413580248176806
0.21510065591959637	-0.16671000396523	0.9622574927746068
0.7936286835235591	0.6040363435303316	-0.07275718784539281
-0.5691091463960336	0.7793252660298011	0.2622344546697817
-0.308620507921032	-0.26272694987992834	0.9141815639671113
0.27848281119542767	0.8940261539753738	0.3509480871534893
-0.9095057481727401	0.36289362878781833	-0.20274986615520385
-0.16815029835010775	-0.027295248068675	0.985383400812922
0.0762651704313828	-0.9969806406533184	-0.014602258098390462
0.9828067464887705	0.07269505894742345	0.16972426892106085
0.557450816936976	-0.30100208884716045	0.7737223851007183
0.8292792155514201	0.15776585128926945	-0.536102526408329
0.039301009538168286	0.9404826838791973	0.33756147880447285
0.18041378516701756	0.3772973790926731	0.9083488062696561
0.8834870838173063	0.34374831037555154	-0.31825724161744634
-0.43232099052636963	0.8599324315571273	-0.27132042736687856
-0.46483800071926007	-0.18874976948087807	0.8650428646074346
0.6294511754340748	-0.757549307020122	0.17294584463928175
0.6226691343177231	0.6248940485828365	0.4709464695841439
0.1767148595271384	0.4569124261804971	0.8717814480844126
0.8099196133967237	0.4357895150125324	-0.3925782959365477
-0.5592871161198025	0.7754473118187938	-0.2930518526394279
0.2581900803458477	0.36363477369539476	0.8950461629270882
0.5271090162768962	0.723386319959584	-0.4459465405796227
-0.8096258193576878	0.5869258756051136	-0.004903995775199288
0.2821082622736826	0.2464559490616653	0.9271862776859011
0.7696687823285984	-0.635088134964672	-0.06536838942415102
0.5727345754062135	0.7320672960863699	-0.3688530603574487
0.9497765274225379	0.23586781000005877	0.20564757271351697
0.2969503526775341	-0.8866441396691116	-0.35451749975862756
0.09871694890885352	0.3977795190758274	-0.9121548213992676
0.7521405721233834	-0.03384250897442864	0.6581331509293732
0.5635494572042776	-0.4846575767376664	-0.6689686409657304
0.34160879533564925	0.8740490363229559	-0.3454586994884308
0.6085042188446457	0.03261838996228775	0.7928799759639132
0.3365114143332667	-0.9154763023175612	-0.22059738873882784
0.7186672969265347	0.401047603821832	-0.5680476527520157
-0.7399683417346394	-0.20614878236167408	0.640273014237901
0.5264290813271401	0.4150460234239518	0.7420304715933355
-0.41871144665933296	0.88613739226531	-0.19859820358121327
-0.7626368936773229	-0.3993955077043772	0.5087909166128719
0.44770932274080916	-0.893661082386052	-0.030434062488528507
0.4668418690875633	0.2045802978151915	0.8603520041312613
0.03533172622981917	-0.9250766253243665	0.3781334505172781
0.9820848672236746	-0.03793980785131934	-0.1845802929634212
0.18509722497076644	0.37788067992249436	0.9071632758491907
-0.6336313027975353	-0.5584318328187312	0.5354113000393353
0.6280400021036305	0.03282459907314661	0.7774884574405972
-0.45174896554698424	0.8289007382011432	0.3299188359836852
0.9914071232435169	0.003966037731316027	0.13075238631370306
0.1300000460639864	-0.14110092303510213	-0.9814227007472385
0.014556922936372126	0.9899872726774601	-0.14040404528099804
-0.47371615580995874	0.8524601242415865	0.22114416181001356
0.880148354191678	0.4495583982951106	0.15243398943810094
0.03052668239941979	0.26685011354757465	-0.9632544516177077
0.10665551751393476	0.05466421491167339	0.9927922361662209
0.9828620355200222	0.1451932253899737	-0.11358321369945124
-0.15035564411512348	0.9878920745248172	-0.03824172294470629
0.3473116226359926	0.29574964566690193	0.8898914449919473
0.8522749183082861	0.2962809659265886	-0.4310974980815964
-0.39115482919754196	0.9081573301567905	-0.14915818206834075
0.38513778276027033	0.2533005726850599	0.887416310514926
0.44118496662057105	0.7940568405374917	-0.41812624794865727
-0.81057060982897	0.5525509513818949	0.19406888624520546
-0.43406576917699	-0.2114885823831768	0.8757051373323912
0.8925440219283695	-0.23289628209230262	0.3861664028725348
0.12227868558632016	0.9492270019911658	0.2898551737370666
-0.7729657045147311	-0.619165480416269	0.1384128877848321
0.6245183629334938	-0.7809871581749721	-0.00598941772212306
0.11180712858719935	0.08181177559906685	0.9903565011501734
-0.5897582407222479	-0.7526485388186863	0.29275483687600257
0.7718467786635939	-0.6319624498291168	-0.06982844887732878
0.23756634392697895	0.18477997461867166	0.9536344127668063
0.035575611734861234	-0.7370986033385706	0.6748481494425387
0.8565968578443243	-0.3253331844082419	-0.40049986548564986
0.5147583889369081	0.5923208320489172	0.6198224204882858
0.9905069344634797	-0.06622212237229824	0.12046013153018009
0.13229077094464708	0.2211046177677617	-0.966235944231347
0.03735190360116667	0.9729991667572383	0.22776623276308716
-0.7625200228096651	0.028919258139439713	0.6463179490954994
0.11436115061772298	0.9892941426155915	0.09065664132247706
-0.6367768384950404	0.14304116853251103	-0.757663831828546
0.7360459505177277	0.4143877725629735	0.5352748197671474
0.5602885049371155	-0.8166876544174182	-0.13819575376077214
0.37988570644575026	0.4016267534321803	-0.8332963464252918
0.08447101467522322	0.8824077295603935	0.4628404114722583
0.9231340397222879	0.10554882445485636	-0.3697066274253235
-0.3750842470509089	0.45849323273988357	-0.8056647957717795
-0.4047390691935866	0.8496201877862459	0.338129889797357
0.9099972216757415	0.4106025813630809	0.05753761135471125
-0.08995188942284699	0.3309849795444477	-0.9393389169544828
-0.9635359168554727	0.17570483032504453	0.20180770433739928
0.256161143230742	0.3877405697562274	0.8854596090527425
0.07733049610731288	0.9048674285029623	-0.41861071558935703
0.5922267422594893	-0.7354288220902783	0.32925967471225215
0.8033328011564345	0.5071236597444225	-0.31222108242971
0.06264101163669791	0.44941077130652857	0.8911262886341095
-0.6456804889284946	-0.17730700984408138	0.742737457300499
0.3629109827736576	0.7845461064484661	0.5027753230209395
-0.6718573693867753	0.5941797969610738	-0.4422194524034182
-0.7957492964196369	0.4340401938689842	0.42236496937344165
0.47067120420000497	0.00434178797887963	0.8822980031792343
0.38111897720340676	0.9008830440092218	-0.20774519544891556
-0.9731290901878982	-0.1444120955370836	0.17934581258747587
0.1935577403372943	-0.09115282015109916	0.9768452101198132
-0.12472038720912601	0.9853102608016876	0.11665553983123156
-0.5752408801352411	0.5200354281561413	0.6313961381602613
0.6920381123832017	0.7209267098853612	0.036714165971233614
-0.43609767349795403	0.4580696807651942	-0.7745908511810249
0.9314522476408146	-0.3538960747779802	0.0845829688626082
0.36379505468222	0.9012543585796562	-0.23535874602387963
0.007061767033485572	0.2499962987684234	0.9682210398707797
0.9979178038175243	-0.00797979650965238	0.06400296611621725
0.062139446329969227	0.3848678890479006	-0.9208775147594916
-0.017284271283857684	0.9229371759916691	0.38456237873550314
-0.852845222896417	0.40662222280673016	0.32758723067676976
0.5111693968295867	0.5220869391338012	0.6827379260966647
0.10658739854052968	0.7497223458758665	-0.653112188346497
-0.3402598906695449	0.4462227196906908	0.8277128072184173
0.7966516730443848	-0.3308472276200374	0.5058519781632946
0.4995691329907529	0.8315199314556319	-0.24291003469368855
0.43930028912408436	0.2992194765484949	0.8470436593408517
0.3329354872924243	0.8215238855766196	-0.46287413702695607
-0.834367555263777	0.48535163570460754	0.2612748982240929
0.15844029316737662	0.4082977707373344	0.8989936617751868
0.9589782040368316	-0.2804017241253056	-0.04166146048626834
0.23506909129727932	0.868716181222889	-0.43597559426898247
0.04085399369011533	-0.5973869367112357	0.800911854729554
0.9979968113911009	0.06314972452565792	-0.003804831866067282
-0.048304406142333944	0.7994629198024756	0.5987701764518144
-0.9961750763611055	0.020261230031195065	0.08499823406735649
0.0848614958048925	-0.0075171872365868975	0.9963644004207528
0.020826515952082174	0.9997664599563605	0.005769036282133433
-0.5736636049851385	-0.13247382586978135	0.8083073386867636
0.33482147102416865	0.8626953681303817	0.3790135674980474
-0.7475323744538878	0.4880649416479409	-0.4505418536357364
-0.8290145511112281	0.0023911848512651046	0.559221920422345
0.5507680977386511	-0.1697800034231849	0.8172082066101457
0.0968987954476016	0.9854790878920922	0.13943310499366202
-0.9320584819313837	-0.015392876988520016	0.3619807254506509
0.263623070416132	0.6565460478731656	0.7067178813122659
-0.24853543611351342	0.7541288658844343	-0.6078813952044608
-0.5791077174351864	0.168700007679538	0.797605515913683
0.5291650217520429	-0.6664703184166463	0.5251682534424318
0.6201762905506534	0.7261939286984835	0.2966879616032533
0.2997706959323836	-0.10688439622508433	0.9480048816877545
0.7258502949129075	-0.6193003053829782	-0.29934675733569455
0.6190952101535431	0.7778450087235562	-0.10806601301422747
-0.2444065478778048	0.22480682255418954	0.9432535883247639
0.8139161056204518	0.576309148186953	0.07354140825185757
-0.527073061696471	0.7857032889387174	-0.32382762294898537
0.9487963187856703	0.12248410016603387	0.29117553239459815
0.22697691147525037	0.37673807310982843	-0.8980812357056849
-0.21969758104247994	0.9181862934481273	0.3296466341525004
0.9997923540337003	-0.006557334144862637	0.019293786167179777
0.006934617339306091	0.9997847692435053	-0.019553165244229814
-0.019161416912891242	0.019682900132434247	0.9996226405720645
0.8928825646044392	0.26272283420351206	0.3657012964339522
0.4056815981679832	-0.821781232976768	-0.400122538774129
0.19540513486925185	0.5056207249661125	-0.8403359540989976
0.8616436534872826	-0.5073565402014987	0.012631528801091512
0.507450137828153	0.8616628327607266	-0.0056142904225352855
-0.008035671924383307	0.011247388742506133	0.9999044575474192
