-0.14689670679582756	-0.7082615366926845	0.6904976127216212
0.8580166362309141	0.25609753862372164	0.4452207347618247
-0.4921674608134191	0.6578598987266124	0.5700802962424532
0.7789600613280315	0.2174366535224134	0.5881687891760351
0.25670508760034266	0.7451914342296808	-0.6154609852385542
-0.572122120579103	0.6304054473556564	0.5246572701186794
0.950301910100985	-0.08223214379552106	0.3002734656695665
0.18310036885832637	0.9276709132755766	-0.3254242332500801
-0.2517946277869414	0.36423145277316515	0.8966241766918763
-0.6095828711084734	0.3759326147748737	0.697913599523377
0.7340928600284861	-0.0645830477806415	0.6759709333947435
0.2991929078476757	0.9243936926915337	-0.23660072866701487
0.5905668574649583	-0.5358255436210693	0.6034250356648696
0.6887772014058959	0.7243130118028545	-0.030929399550262582
-0.4204958426517738	0.43389128561917856	0.796819677578504
0.22813747593419187	0.8151426482461612	0.5324431942325972
0.9487581713480728	-0.06330752260485384	-0.3095966567679582
-0.2186577791313105	0.575790431139552	-0.7878160667525713
0.9473341747681078	0.11619438975991436	0.29842390169815386
0.19954992873248967	-0.9430102155212519	-0.2662922442832673
0.25047512303477687	0.31181821180117447	-0.9165323865144266
-0.9952689039475007	-0.07340694935601054	0.06364926253606609
0.09317031346164335	-0.53532220695489	0.8394935541327314
-0.027551797121060612	0.8414520512347631	0.5396288946565128
-0.9862533112648082	0.06195378102270108	0.1531866020126866
0.07168683249731098	0.9956897010669442	0.058847406363592134
-0.14888050263786898	0.06901991166475417	-0.9864435349922902
-0.8885559034317259	0.22263929412991645	0.401123610855759
0.4577533861408297	0.3721316668525807	0.8074526983062998
0.030499900872531432	0.901082552952199	-0.4325736802117224
0.8909381090189626	-0.035794650119996996	0.452711860812705
0.4506734494014851	0.19236116395613223	-0.8717170553602867
-0.05588137348242292	0.980671160799699	0.18751359010346136
0.19734628999420767	-0.36888870526723716	0.9082816550783043
0.6800976982477733	0.7188065141387354	0.1441676665199265
-0.7060605941869317	0.5892693088546029	0.3927341581507976
-0.4479649510533177	0.7987893314030878	0.40157565496977815
0.8605690173924898	0.26347517610563753	0.43589195665924774
0.24238062821092526	0.5408478858354824	-0.8054409943970853
-0.8393615086485264	-0.4941882934093058	0.2263850446837602
0.525338319592944	-0.8444722024694378	0.10433766924595961
0.1396134225872716	0.20650576242229968	0.96843350949864
-0.00706378809182473	0.5087395222653329	0.8608915154553649
0.5894024419743676	0.6975885400253925	-0.4074002825476361
-0.8078086805008016	0.50453377221994	-0.3047799343740851
0.7339351880345546	-0.6679395998831533	0.12327137004436975
0.6783331002924081	0.7115356138369677	-0.18325194484463006
0.03468926076428731	0.2181141012167314	0.9753065641315272
-0.20980805405400194	0.9216245387319858	0.3264793868854927
0.9626213642044356	0.25320558156060835	-0.09616154451622251
-0.17129124213241093	0.2941005662585648	-0.9403000411013109
0.10808873689693799	0.8694106356999497	0.48212236153059135
0.9226519630504434	-0.2683096081020315	0.27698972775050373
0.37017587716542016	0.4148916734907368	-0.8311646763625538
0.9233763291325553	0.0038078861773776854	0.3838771350322224
0.050435086443796386	-0.992487001886984	-0.11147131084181783
0.38056859677736654	0.1222908462978588	-0.9166310555827031
0.8139452281722075	-0.13499016603496147	0.5650405477570142
0.5684220619814379	-0.015778251397489118	-0.8225858047861072
0.1199563461783642	0.9907213038270102	0.06388875609092182
0.2091713732338385	-0.669042024054541	0.713183080750289
0.9766719144136305	0.10670729609386398	-0.18634785900554507
0.048572710600544966	0.7355245223711712	0.6757546661145422
-0.5003227057702033	-0.35818472771006804	0.7882771663102054
0.8427123216434218	0.007566298123935389	0.5383109641118726
-0.19877910614834948	0.9336200790299898	0.2980610927157368
-0.28742687330081207	-0.17197676887968466	0.9422365857204986
0.8686868142433541	-0.4611819957857859	0.18081588846882796
0.40344641684398574	0.8704798433787786	0.2819500505532957
0.16179044163079115	0.6370144889329671	0.7536818917065635
0.7512602241355631	-0.5747286431302365	0.32449200667729894
0.639868680768716	0.5137115218244064	-0.5715492487232883
-0.208634669561226	-0.4322762921041353	0.8772734932401518
0.9133385710361649	-0.4068570520071799	0.016733017947859974
0.349691620309516	0.8047388063941786	0.47969909752737516
0.9450262969508728	-0.005693101066655992	0.3269447761802682
0.18585529459897898	0.831996785606629	-0.5227228311541056
-0.269041088945253	0.5547512391518218	0.787316934352787
-0.07890531831478698	0.024984630192782187	0.9965689735265552
0.8456800966916327	0.530987060971611	0.05364620341050641
-0.5278248997549023	0.8470115166483042	-0.06302670754423478
0.9222207653773776	0.09791444140357076	0.37406098710155605
0.1144162454753599	0.8549791197097113	-0.5058849944717964
-0.36934778011798847	0.5093363005176775	0.7772764953971528
-0.960165641139108	-0.2556052273577242	0.11290663985493288
0.26394659612416316	-0.9622638234262064	0.06618556126260847
0.0917285995226858	0.09335042513339048	0.9913987906776072
0.20676093604978518	-0.150788438596453	0.9667020027441033
0.24512162296584686	-0.9485573488212471	-0.20038549336665215
0.9471881044852737	0.27839145601625614	-0.15916309854593513
-0.33420476314005976	-0.24215687794145446	0.9108607043671078
0.8434222238415818	-0.5081703655989442	0.1743612108731626
0.42064965068880866	0.8265125080678951	0.37407344918170915
0.6360343672284825	0.18692886195408304	0.7486774233759259
0.4926064872755523	-0.8451591494281354	-0.20747255440648585
0.5939689658545344	0.5007630304909324	-0.6296326348715042
-0.32801924301602314	0.09145184291122815	0.9402339797302238
0.8117586375445371	0.5363516834937054	0.2310298378679791
-0.4831679734657831	0.8390252868904535	-0.25017049661253044
0.7619435427043514	-0.2719375011071494	0.5877857034861782
0.49771507389596614	-0.33484326026483835	-0.8000998039444496
0.4143932226133473	0.9021806839801065	-0.11978426651823693
-0.991526726221291	0.07478830099371893	0.1062142232629983
0.08122475518422138	-0.28115893701634476	0.9562176484886181
0.10137697141931422	0.95674257884256	0.2727019389288158
0.7431369709668659	0.2505954960172311	0.6204428577702135
0.6089863787130784	-0.6375126593762115	-0.4719249936981527
0.27727789836934813	0.7285461594922784	-0.6263684702832104
-0.49931570027804373	-0.3936597422030988	0.7718263009411099
0.8569750803501259	-0.09321522192726017	0.5068576072823087
-0.12758347508491125	0.9145178673867677	0.3839004130182935
0.3820403435653603	-0.45313633357938776	0.8054269917743576
0.8735192149078258	-0.10744020811619492	-0.47478498593233165
0.3016775713825558	0.8849429726655715	0.3547768003330325
0.7239401852525553	0.5829538276496163	0.36888405089561294
0.6680116068520395	-0.7258886762062857	-0.16384786500422296
0.17225301532179918	0.36503488132526074	-0.9149199058542778
0.615384934165482	0.7423529608301562	0.26497823372655754
0.7822364904151227	-0.5337997591880257	-0.32119136064632625
-0.096992040215562	0.4049319679125215	-0.9091879043945297
0.4704462616520392	0.8109057790226755	0.3480116843516162
0.8426563845049797	-0.29576466680767743	-0.4499483076100398
-0.26193612303501934	0.5049307669530262	-0.8224563137538743
0.6447039449315999	-0.027638116689122638	0.7639325610912988
0.6983936651809974	-0.38502833353818033	-0.6033236865960632
0.31081041138399046	0.9224908221108166	-0.22892699992928822
-0.16447525877947045	-0.34935962496805056	0.9224401019532971
0.567340456746117	0.7314969718570477	0.37820230869612226
-0.8068907580264713	0.5855425113569063	0.0778926954554392
0.8916644505966485	0.31812647524060095	0.3220715033857674
0.4455449428379484	-0.490741119121999	-0.7487742369462351
-0.08015117874184009	0.8111526981733332	-0.5793160525934133
-0.23176667892056146	0.6277274697627174	0.7431301570030856
0.7967177060232625	0.5608097511330168	-0.22524058236284625
-0.5581443392628506	0.5398616922318351	-0.630098603243505
0.11527565451753286	-0.06513831719194874	0.9911955019616241
0.8799799845020554	-0.45620842760201175	-0.13232194625481775
0.4608109703027013	0.8874857014162547	0.004730690264824311
0.056298717348616356	-0.6892084006342154	0.7223726426991317
0.9694044973152742	0.21087599241917665	0.125643290334772
-0.23892545910769133	0.6931977324807506	0.6799937710550918
0.14450199324747448	-0.5119406384040709	0.8467797569013675
0.9845637824834074	-0.011022725494407526	-0.17467872722412514
0.09875895994527434	0.8589501046470086	0.5024454055491209
-0.39084203374775184	0.3413652461870196	0.8548170993561115
0.5295376652579091	0.8430028718085562	-0.09453051991674222
-0.7528827038318275	0.41571135036008156	-0.5102467123389172
-0.11578302514218297	0.960824544761674	0.2518143865478023
0.9932543278197871	0.11361505266229033	0.02318318519547312
-0.006334931427184803	0.25279994856025284	-0.967497831858938
0.4683348958664372	-0.17200102993699523	0.866647604862776
0.23369703351049614	0.9700509228003916	0.06623370518476811
-0.8520845743482084	0.17151341893485073	0.49450482837188847
-0.8125539944900482	0.36689015652814444	0.45293224557434597
0.38007148459944146	-0.2556479929220741	0.8889261894607962
0.44192948830400813	0.8944471570515881	0.06828331135562205
-0.7037536518922984	0.13913133234054378	0.6966873544204736
0.325625816207996	-0.8083973335613701	0.4903688192674399
0.6314258668023743	0.5719582357585314	0.5236078220203154
0.061469435020217844	-0.3211157328250942	0.9450429591772525
0.671974302266191	-0.6867907252396048	-0.27707225920095957
0.7380190008747478	0.652076058337569	0.17356488265423486
-0.8997100016402657	-0.4196224003340265	0.1201621990743508
0.436464212520518	-0.8620144243596553	0.25774041860898905
-0.004572104254933963	0.28433813204317643	0.9587131596723178
0.4856377842651324	0.5429579160047399	0.6850931644249871
0.8688711346337107	-0.21373312268774924	-0.4465211122292779
-0.09601507118354297	0.812105198674367	-0.5755573406635395
-0.5944717329093678	0.18470037081307797	0.7826168486515259
0.43721259484283015	-0.7425858043206017	0.507357339685083
0.6748692508053193	0.64377954009353	0.3606929415367457
-0.3420783143968593	-0.8925626519605554	0.2937930209255226
0.937840324817443	-0.34380482324468975	0.04747387344636511
0.05863405124769522	0.29177072478031224	0.9546894218516585
0.6459302985691121	-0.3583902162447604	0.674040430753565
0.5445276144817497	-0.4025240162188204	-0.7358424379130941
0.5350361917265343	0.8423365534435179	-0.06484908847210291
0.7611135989827705	0.5146826427932817	0.3947250519675914
0.5805967206790311	-0.8119136300421212	-0.060858074966111786
0.289160054952702	0.27549597920686425	-0.9167815596207212
-0.6929262393437479	0.3545445733123698	0.6278147595936889
0.6251923116332085	-0.13828104103893124	0.7681229896077286
0.35914871613811555	0.9247575353701853	-0.12583997962652527
-0.8961854919049113	0.10033495470432816	0.4321856788044146
0.19033579385021485	-0.7929640538052831	0.5787748223204777
0.40077905344286735	0.6009500031093872	0.6915455473678265
0.568087633650517	-0.14844887198278878	0.8094685743748139
0.3783831853995274	-0.8263518593777466	-0.41709563592759774
0.7308232382048773	0.5432361704728229	-0.41326971530679457
-0.4423345890898356	-0.4077557493261392	0.7987961943989247
0.4669630536557172	-0.8651267165841827	-0.18303352363105121
0.7656929004602654	0.2920462517200821	0.5730823405419125
0.8034445076505954	0.13299096647088476	0.5803363903489358
0.17301937004303725	0.8805136815131528	-0.4413161613379513
-0.5696851943977506	0.45498248263564406	0.6844338680827411
-0.6267393733269597	-0.029282717641461203	0.778678547520901
0.524692558572903	-0.7546620164289453	0.3939326845256928
0.5761037032513767	0.6554599632372131	0.4883408232916032
-0.5914027227138281	0.3763172911669279	0.7131816850813373
0.515972738104895	0.8562700936976495	-0.023951203968815976
-0.6196894005057756	0.3538174995782486	-0.7005699279108315
0.5710282035530618	0.04486862106490522	0.819703359509217
0.4930128020747675	-0.8171325481175811	-0.2987185561649197
0.6564032051546892	0.5747009706365581	-0.4887265356127579
0.9268690241303129	0.34241884250541454	0.1538283082042236
0.3595904519210441	-0.9275158037583549	-0.10202519622971706
0.10774283732546087	0.14987918493154795	-0.9828162142177519
0.6887575738898346	0.30028730347789073	0.6598791857449104
0.7248911906560687	-0.27008230348107487	-0.633709958147719
-0.012073364014064059	0.9148131419674368	-0.4036968530531917
0.21573405994699502	-0.16707626687625415	0.9620521484958502
0.7934703925194848	0.6042151290849794	-0.07299872587789846
-0.5690901084834996	0.7791082073958125	0.26291985393789186
-0.30834445525661014	-0.2634324911738869	0.914071670880585
0.27839710888364966	0.8938315752297116	0.3515112585502743
-0.9096256079716148	0.3628614580198515	-0.20226916622653546
-0.16825513682526028	-0.025708454008278175	0.9854081815798045
0.07667705906706633	-0.9969722960119953	-0.012917801569758094
0.9827567540061671	0.07338471487356389	0.16971695872300807
0.5577222805726555	-0.30216248356111813	0.7730741822626165
0.8290380693762189	0.15732452367119487	-0.5366049513157545
0.040518357293796714	0.9401844647620001	0.3382475941413384
0.18080537156566034	0.3761673079642511	0.9087395523646652
0.8838345828541467	0.3431786591959307	-0.3179069644149366
-0.43144622812586986	0.8606547300116416	-0.27042113072862595
-0.4649429183436793	-0.18770505276779334	0.865213786209803
0.6289576900488097	-0.7578140762248733	0.17358009679657246
0.6230893249049676	0.6248877011438791	0.47039882456123316
0.1771168369626488	0.45758022514650365	0.871349507154977
0.8095885048589392	0.4356960936348673	-0.39336416561703247
-0.5596392399256986	0.7751059614957118	-0.2932825763477849
0.25786213623747445	0.3631351332572637	0.8953435059736992
0.5275103038588834	0.7234624472294102	-0.44534814108912735
-0.8094689605029675	0.5871413479248946	-0.00500395235620843
0.28211164060410043	0.2464090311632357	0.9271977197970552
0.7697235102397226	-0.635014559347904	-0.06543872859727229
0.5726593577511004	0.7321469106520789	-0.36881182356686204
0.9498244516130949	0.2361618502071185	0.2050880094608997
0.29693166871630733	-0.8868932143976718	-0.35390960762419843
0.09831121620259145	0.39704912386519065	-0.9125167932737739
0.751876771576436	-0.033487945513977935	0.6584526390478276
0.5639318242635148	-0.4847251611946546	-0.6685973494470646
0.34155851321057734	0.8740252145161883	-0.3455686710963697
0.6085738967021235	0.031772764461590386	0.7928608350090586
0.3367614035026436	-0.9150898277921258	-0.22181605934266413
0.7184911755642674	0.401996391165203	-0.5675996230851734
-0.7402285024286179	-0.20598148544144448	0.6400260868492955
0.5265375151059477	0.4143713636715046	0.742330531606421
-0.4181148279819073	0.8864919630906722	-0.198272514477692
-0.7628215213030949	-0.3991594238344489	0.5086994014159862
0.44709510753981974	-0.893948768760902	-0.031009089712927013
0.46712877394867147	0.20378261259248318	0.8603855852780153
0.03531835242749992	-0.9247817440551084	0.37885530198771
0.9819561651068293	-0.03835966841865601	-0.18517728167218678
0.18578133326708726	0.37855945596590607	0.9067403346649473
-0.6335191493258092	-0.5585707878367796	0.5353990683713434
0.6283515916012552	0.03234983736486097	0.7772565634040258
-0.4514728837590055	0.8288257736085831	0.3304846021109925
0.9915069387766464	0.004291732936851166	0.12998296575383386
0.12929114905087583	-0.14060660071060527	-0.9815872771250209
0.014063752517298113	0.990056243283687	-0.1399673033251876
-0.47363504033391846	0.8526458665219591	0.22060116697539292
0.8801871744151578	0.44953726086370005	0.15227208900590486
0.030665722932094713	0.2662917148507993	-0.9634045547115049
0.10648948949181825	0.054017568614132094	0.9928454516735168
0.9829404831399137	0.14487580433261726	-0.11330934614430704
-0.14995997876915412	0.9879742423767912	-0.03766830454852155
0.34765125334228975	0.2967481431828186	0.8894263013690817
0.8521595841474686	0.2956821686381166	-0.4317361443000505
-0.3911043967985386	0.908026758783578	-0.1500824977731967
0.38632746457786815	0.2525337184633685	0.8871176985901591
0.44128405375514357	0.7939681299591528	-0.4181901391838329
-0.8099502910761028	0.553029230374155	0.1952925916093754
-0.43452581314744787	-0.21069422070598676	0.8756684664127434
0.8922517909706913	-0.23323710295905187	0.3866357398286691
0.12277646035841988	0.9493199666942467	0.2893398375915279
-0.7731522564957651	-0.6189047529107227	0.13853698098350442
0.6243359445993234	-0.781137545417528	-0.005363153955478074
0.1115357187486467	0.08234708230166268	0.9903427393986518
-0.5902152081508116	-0.752372109265931	0.29254438512169
0.7713203499677344	-0.632521829088688	-0.0705765786359197
0.23814055889987673	0.18399006746298613	0.9536439216404727
0.035666377551785255	-0.7367389346121282	0.675235997069854
0.8562489918460805	-0.3258847999904033	-0.40079516102092066
0.5153305477796792	0.5924650532831462	0.6192088397005444
0.9905625697980386	-0.06668762772336873	0.11974370807577084
0.1317156868769902	0.22155303444493857	-0.9662117939451799
0.03790479053666846	0.9728653623379081	0.2282459498381122
-0.7622752773663306	0.028537282133806748	0.6466235574462933
0.1149393084479523	0.9891175795818927	0.09184426566511719
-0.6369657423202528	0.14433307760341582	-0.7572599327971445
0.7355564272953821	0.41376623940441337	0.5364272936694992
0.5608283156972107	-0.8160890798759171	-0.13953570876126492
0.3800372910342919	0.4034800030192432	-0.8323313910858512
0.084030007030233	0.8821458764427023	0.4634194758462746
0.9228379003480266	0.10654993568964355	-0.370158507785217
-0.37591111662166193	0.4587654780818514	-0.8051242565719816
-0.4040113824699576	0.8497105667156245	0.338772424566294
0.9102416558058545	0.4101722114147599	0.05673521850615981
-0.09074651988109286	0.33128644674199614	-0.9391561953873979
-0.9636750365244109	0.17533626080686873	0.2014636930713359
0.2557743122622689	0.3887504325152774	0.8851285795893996
0.07687603766089332	0.9045055538057521	-0.4194755987755552
0.5919473054748439	-0.7356981854735339	0.32916039772734135
0.8034784391986621	0.5065261010343591	-0.312815771203774
0.06340966238637158	0.4496437354860844	0.8909543904455304
-0.6458440721517951	-0.1778232004193123	0.7424717798401632
0.36298206985754233	0.784035381617944	0.5035201459059401
-0.6716617090681298	0.5946994448995543	-0.4418179702183249
-0.7960295883903268	0.4350875598177971	0.4207561166506342
0.46912429904822517	0.00427020518623622	0.8831218247728788
0.38243860481080977	0.9003780209664508	-0.20750935620086874
-0.9730825774610561	-0.14424224086056728	0.17973445243822894
0.1939205620501138	-0.0910965605183165	0.9767784970380443
-0.12451952881341886	0.9853403435429074	0.11661601232604957
-0.575499381808992	0.5198511931472761	0.6313122828844862
0.6917141855069339	0.7212403088223843	0.036659275746673686
-0.4362704976341479	0.4577850520857415	-0.7746617965156846
0.9313328515110411	-0.35434840519919775	0.08400194896011873
0.36409232928256186	0.9012907154136935	-0.23475907238415925
0.007476326230959875	0.2492233015627904	0.9684171882531984
0.9979336642949471	-0.007142304475048003	0.06385443722753734
0.061673636995960304	0.38521353250322143	-0.920764300391843
-0.018021214347271768	0.9227998276241577	0.3848580439204492
-0.8528334072407697	0.40645600800749604	0.3278241800854691
0.511265130912243	0.5222418058241082	0.6825477728063154
0.1062221512086193	0.7497046150346047	-0.6531920428085669
-0.34008613600960347	0.4450841643316805	0.8283969499915043
0.796500503472839	-0.33197051456133275	0.5053538615954148
0.49992836292970155	0.831682429851114	-0.24161119141168763
0.4392188357719059	0.29854919628177695	0.8473223658694939
0.33415753325799386	0.8212041408942612	-0.46256080891602913
-0.8339217932576797	0.4863045716190868	0.2609258637089703
0.1588863588142715	0.407928692782728	0.899082480413959
0.9587377107852828	-0.28119557593585554	-0.0418455492531466
0.23574801568822962	0.8686329660326488	-0.4357747622572754
0.04122246856964207	-0.5971203950554548	0.801091718777471
0.997980472945806	0.06338867329200948	-0.004105084304176609
-0.04832891167707354	0.7996431140872138	0.5985275318554804
-0.9962183002758911	0.021143621231211968	0.08427363452851415
0.08412669056847549	-0.007747177816096018	0.9964249500940257
0.021720914562018467	0.999746432110221	0.005939137435071129
-0.5744631899609369	-0.13224456753299496	0.8077768365940653
0.3346464743598405	0.8626721909821529	0.3792208170770436
-0.7469965064030973	0.4881680707134205	-0.4513182404440397
-0.8287806353987566	0.0021727864693331655	0.5595694214188194
0.5511292246332821	-0.16990103052191574	0.8169395434074107
0.09684645653378837	0.9854587352226118	0.1396131979087194
-0.9322791579332173	-0.015688273846602777	0.3613992940599714
0.2630611657060232	0.6563652228240158	0.7070951261072079
-0.24830303014808316	0.7542801683266597	-0.6077886416250193
-0.5792268141611507	0.1688516385028138	0.7974869415430192
0.5292311405358154	-0.6662011241878125	0.5254431101632742
0.6200086270721432	0.7264056623580311	0.2965200095276983
0.2995766006904498	-0.10707651096432602	0.9480445565048412
0.7263622090460307	-0.6186730635206561	-0.2994020403132487
0.6185885559792754	0.778317583813749	-0.10756364226727522
-0.24407911383283065	0.22518973006298149	0.9432470363932989
0.8142635727515475	0.5758587011961647	0.0732228813046285
-0.5266879724091534	0.7859238778220368	-0.3239188756289244
0.9488559854708393	0.12287418433173392	0.2908165292086635
0.2264340592203125	0.3770321472134751	-0.898094859573647
-0.2199998537753477	0.9180134502241281	0.329926309266809
0.9997643775179794	-0.007013485788015065	0.020542649858003685
0.007447022678114712	0.999749543275086	-0.021104325966221454
-0.02038948992296946	0.02125233489191704	0.9995662093940165
0.892673270392643	0.2615892246265795	0.3670224923431372
0.40562358194972725	-0.8212828598424406	-0.40120315788300437
0.19647885914972174	0.507016313039617	-0.839244014705459
0.8613249730696327	-0.5078770717168626	0.013422771356959969
0.5079831559673611	0.8613460321674615	-0.0060105010448301705
-0.008509055178809032	0.011995536406310169	0.9998918456944675
