-0.1473337700949906	-0.7080592440535176	0.690611951170813
0.8578811407588125	0.25603232247946983	0.44551924557321554
-0.49227300202220603	0.6581029985922642	0.5697084646763777
0.7792909663939884	0.21740634865960534	0.5877414986703097
0.2567025467946863	0.7448438883933048	-0.6158826060153542
-0.5716724518164623	0.6308264907925476	0.5246413502084204
0.9503430890047815	-0.08132432028004363	0.30039035955209814
0.1824626094863637	0.9275441833737376	-0.3261428889750213
-0.2521019819840309	0.3647576494338881	0.8963238521088168
-0.6096221225612739	0.3743849984531128	0.6987107703600616
0.7342522505333559	-0.06547036963636721	0.6757124116711043
0.29872144260261935	0.9249591902527056	-0.2349808419775321
0.590087741525745	-0.535966202793336	0.6037687361600783
0.6892075394573599	0.7239012695469295	-0.030982567735349964
-0.42046334543712294	0.4344043984717886	0.7965572130940666
0.22811681835245956	0.8148872967823265	0.5328427636062476
0.9487694580797433	-0.0631572039051318	-0.3095927696344921
-0.21863035608035097	0.5761682576623587	-0.7875473993751112
0.9473196672895512	0.11622393453996477	0.29845844770497604
0.1996518951617836	-0.9429257223681569	-0.26651492051064957
0.2504487347237397	0.3120626205371923	-0.9164564103866253
-0.9953209505076892	-0.07314620792202263	0.06313349148508865
0.09260533257742941	-0.535660860246387	0.8393400354911732
-0.02757640039405466	0.8412592198999832	0.5399282054815976
-0.9862797606736953	0.061637261456090615	0.15314399004085041
0.07130736443449476	0.9957391645142365	0.058470300408809336
-0.14888751949993903	0.06858836820251508	-0.98647257553592
-0.8883844251566697	0.22298816918994924	0.40130959313274295
0.4580662926952602	0.37188757524827254	0.8073877029484536
0.030795854192947725	0.9010970579117851	-0.4325224937355878
0.89076113125978	-0.03565186605068146	0.45307124327626597
0.4509689023794353	0.19287540178019957	-0.8714505886593996
-0.056317458425291955	0.9805753534712317	0.1878837939825696
0.19770636107185702	-0.3684629228367395	0.9083761716856796
0.679720103852032	0.7192366321860517	0.1438028071389742
-0.7063234211118213	0.5890108160435368	0.39264931347529375
-0.4483653782858439	0.7984798433365092	0.40174423124656833
0.8602691765977282	0.2634402868272969	0.4365044777229879
0.24270441147712818	0.5413216742951047	-0.8050251012160339
-0.839279613042549	-0.4947971256291179	0.22535646340922139
0.5256871223615505	-0.8442924363283693	0.10403524086548002
0.13879041938974407	0.20578164745153812	0.9687059063811626
-0.00669623878443204	0.5083435971296477	0.8611282991769765
0.5888665558202313	0.6980018696165196	-0.40746726181162296
-0.8082025363871116	0.5043611575737506	-0.30402053040593513
0.7338441097228632	-0.6681363853902189	0.12274605143445937
0.6783792766471219	0.7112724578136902	-0.18410064576584143
0.035698454319280856	0.21836955207483708	0.9752129813973198
-0.20926092297671994	0.9217824985085449	0.32638457616479877
0.9626595719810268	0.25281618693987007	-0.09680146741909738
-0.1717452025188391	0.2939404719743929	-0.9402672940963295
0.10751487024923323	0.869398130498626	0.48227320406672475
0.9226889053739211	-0.26790564367600656	0.27725755172117517
0.37025091029620166	0.41517882505257764	-0.8309878498827739
0.9237114565070869	0.0033122597561103147	0.38307463248414686
0.04998836882871657	-0.9924550286929326	-0.11195614768271868
0.37981351753117	0.12256445225846917	-0.9169076545340764
0.8138841110750332	-0.1353128661612582	0.5650513976540794
0.5684491930011992	-0.015818603968732914	-0.8225662810647942
0.12024212537995321	0.990676637465377	0.06404397914250626
0.2090311214588887	-0.6694459118886015	0.7128451173412624
0.976712757523123	0.10687677298349163	-0.18603640688911416
0.04835472627588949	0.7351323190094923	0.676196934327944
-0.49993626812694236	-0.3588718728560616	0.7882098113345763
0.8426161871268174	0.008782083786672334	0.5384429739500999
-0.20015416309227735	0.9333455168784744	0.29800076697834765
-0.2868269453369092	-0.17176623377769584	0.9424577785569621
0.8689946029779402	-0.4607255091747442	0.18050037448959727
0.40321047037981295	0.8707630941475981	0.28141242056204874
0.1617655486495646	0.6367803283290592	0.7538850845607974
0.7514886510303971	-0.5746372875037971	0.3241246599424247
0.6396066874592692	0.5141038817820907	-0.5714897060262474
-0.20778893021632117	-0.4325330563155859	0.8773476595249199
0.9135278204249516	-0.406462588646624	0.015971391308283622
0.34970084613737185	0.8048001734747472	0.47958940666555894
0.9448627001698751	-0.005164934863739354	0.3274260241268951
0.18565775957731223	0.8320978619481874	-0.5226321310922131
-0.2697511337073965	0.5546047886460308	0.787177142881109
-0.07873584069235284	0.024860521565176763	0.9965854814605598
0.8457659126162815	0.530857285175504	0.05357764302805984
-0.527712694983565	0.8470965099937557	-0.06282367634564179
0.9222004048745069	0.09752902925054563	0.3742118406768306
0.11484285755799181	0.8549497577418715	-0.5058379481662383
-0.3692662065735372	0.509459517715158	0.777234500322926
-0.960108551747999	-0.25519798256218523	0.11430467425504051
0.2637273636745125	-0.9622821552367069	0.06679020408929812
0.09294862295726461	0.09427111651608502	0.9911980175934367
0.20664797967034765	-0.1502478843249096	0.9668103152915013
0.24529149693782543	-0.9486261825165094	-0.1998510629797957
0.9471687780053586	0.2784491678925295	-0.1591771556216326
-0.3341278438360722	-0.24217282939864926	0.9108846824239116
0.8436962587114588	-0.5076635358783717	0.1745117685881285
0.4201609298944211	0.8268192396410003	0.3739448327624454
0.6358661285802254	0.18680846294625258	0.748850362019045
0.4927908272852313	-0.8450096474331867	-0.20764367625424682
0.5939961843883625	0.5010601699561638	-0.6293705101254479
-0.32812521868299815	0.09163655326486875	0.9401790164484471
0.8116640549165376	0.5365160751773395	0.2309804386365807
-0.4832549046007484	0.8389000197771116	-0.2504225508960469
0.7617675635022296	-0.27244083833428745	0.5877807148959442
0.49745944200861547	-0.3352351710177257	-0.8000946716915399
0.41502323158150256	0.9018832350811422	-0.11984301200829206
-0.9914153054107242	0.07635416566655753	0.10614016008431484
0.08093688600166721	-0.27916680535607874	0.9568255406664445
0.10268842525676017	0.9572021396615475	0.2705903751903268
0.742995882672075	0.25081463028600015	0.620523278827508
0.6089322655016175	-0.6381025651500194	-0.47119699954481126
0.27777439472242915	0.7279540765621566	-0.6268366996699586
-0.4995578928004436	-0.39358313646207765	0.771708640895937
0.8568045721258053	-0.09308324521318379	0.507170025380935
-0.12778042465533063	0.9145642810394774	0.3837243006660477
0.38188445602257415	-0.4527544062191921	0.8057156507710703
0.8734684476784169	-0.10808350103917941	-0.47473237483172576
0.30202174285736305	0.8850601134681306	0.3541912793804788
0.7241766540606265	0.5825279490452808	0.3690926202115863
0.6677598568825653	-0.7260101397732701	-0.16433517725238522
0.17223515102827155	0.36547293405599224	-0.9147483737196656
0.6151083835887703	0.7424700574437209	0.2652920847638086
0.7825163969786435	-0.533711998946035	-0.32065494014686385
-0.09648712296660159	0.4048329482398197	-0.9092857191890142
0.47044657353399133	0.8108858178903416	0.348057770771518
0.8427095077090206	-0.2958420793090153	-0.4497978987578073
-0.2617646023948752	0.5049174729145647	-0.8225190809206939
0.6445663249181384	-0.02767380366435518	0.7640473894806994
0.6984592167828159	-0.3851280879646759	-0.6031841164618046
0.31094850903752547	0.9224481104384241	-0.22891157304933385
-0.164716457185607	-0.3491901902577784	0.9224612185669152
0.5675189270454233	0.7313650975496668	0.37818958411275394
-0.806716031932819	0.5858082494416605	0.07770417433229482
0.8917742450211692	0.3181238735369816	0.3217699442190806
0.4452864017039391	-0.49070339782398165	-0.7489527327018423
-0.08036613947728172	0.8111765383995185	-0.5792528870672051
-0.23190976527754725	0.6278058500003701	0.743019296838397
0.7967916413725716	0.560756422015892	-0.22511178424671197
-0.5579793374379703	0.5398259440534955	-0.6302753438926803
0.11545366720090466	-0.06473084613859825	0.9912014771417786
0.8799068224963134	-0.45635794684058517	-0.1322928874879018
0.4609061015589878	0.8874386412105496	0.004268914624290687
0.055668634779747705	-0.6896694474791089	0.7219813406976803
0.9694558769588927	0.21032787999605307	0.12616451769903525
-0.23886461799861305	0.6929056473360761	0.6803127649531133
0.14416647303200247	-0.511851933093661	0.8468905635569425
0.9846827352042681	-0.010605676323857338	-0.1740328435105143
0.09806089457145717	0.8590082177825753	0.5024827785485284
-0.39022669742558747	0.34097991120341403	0.8552519072016329
0.5298657843552977	0.8428265646201485	-0.094263633179205
-0.7529710321027387	0.41638453636789935	-0.5095670149134708
-0.11566072421203333	0.960645633219396	0.2525521020527324
0.993272629957153	0.11330768399040059	0.023892495196866634
-0.005663872592917105	0.25361651390482687	-0.967288263353802
0.46841544333186513	-0.17112555020179515	0.8667773754063641
0.23386947335308544	0.9700837216860068	0.06513556903395054
-0.8519929822960766	0.17220226185494478	0.4944232388655274
-0.811865259407107	0.3689006127711994	0.4525341296132967
0.37887670306396887	-0.2568389621120448	0.8890929037038732
0.4442153131570406	0.8932782799543718	0.06875078267591772
-0.703942299050573	0.13889250420451302	0.696544407689268
0.32548529146974803	-0.8085724442230791	0.4901733647190235
0.6312880203554054	0.5717687248520288	0.5239808781213664
0.061611900988730595	-0.3207411008902907	0.9451608962796965
0.6719205182694621	-0.686911151125972	-0.2769041126225631
0.7380560891863519	0.6521335880465565	0.1731906249092937
-0.8996447839972048	-0.41965978104073953	0.12051942085598027
0.43660008473640977	-0.8618482276424926	0.25806588018886534
-0.004430421512918663	0.28478641239766433	0.9585807585586544
0.4855225728459457	0.543091356062533	0.6850690550792762
0.8689536835007883	-0.21388335625464738	-0.4462884782824437
-0.095850546098941	0.8119764090707355	-0.5757664317456586
-0.5946621122542526	0.18433652086987862	0.7825579974180187
0.4375278846685733	-0.7424029690092548	0.5073531134660427
0.6744970884939049	0.6440946193532691	0.3608265496515095
-0.3420431950735041	-0.8927204321881124	0.29335419318253864
0.9378942782893707	-0.3435891298497167	0.04796699491499061
0.05797219554207876	0.29154200349689563	0.9547997092275673
0.6459682943212083	-0.35849582266996655	0.6739478524781667
0.5442922398038695	-0.4027138856865988	-0.7359126877316954
0.5352297828232616	0.8422008497997285	-0.0650139075550713
0.7610761289776597	0.5142656055655337	0.3953403759201623
0.5803662363380258	-0.8120743551315373	-0.060912014057428104
0.28972082703736585	0.2758008859123051	-0.9165128006257042
-0.6928985406519406	0.35512002176356633	0.6275200255809013
0.6252377395773121	-0.1375470941557968	0.7682177854603142
0.35912307273504984	0.9246461847820172	-0.12672825887463124
-0.8961695531131391	0.10055370529515495	0.43216788916393534
0.1901706039219001	-0.7929507418044208	0.578847356801254
0.40089309482326596	0.60093100554326	0.6914959530610358
0.5683153286854381	-0.14851232675045611	0.809297087591651
0.37813618614842703	-0.8264155191688594	-0.4171934975547761
0.7307740498309205	0.5431219738512064	-0.413506722573751
-0.44230654866171903	-0.40812445763391875	0.7986234056750265
0.4669881888578687	-0.8650300966222051	-0.18342563453625013
0.7656937693870873	0.29181733844786895	0.5731977778245445
0.8030886184364585	0.13295496608160473	0.580837023554852
0.17326339925738443	0.8805621393608901	-0.4411236937662141
-0.5701126778239515	0.4548992149019514	0.6841332025753404
-0.626924068982776	-0.029381502132140414	0.7785261325495363
0.5244617868535425	-0.7548682137879241	0.39384491102846275
0.576112875971774	0.6552180607592311	0.48865452724234926
-0.5913768000534414	0.37601742080093026	0.7133613247245525
0.51619827728957	0.8561506451193037	-0.02335404429815588
-0.6195262858683501	0.3544248469224698	-0.7004071737226509
0.5713247026714048	0.04522601054376402	0.8194770845409444
0.4934793041003028	-0.8167593167628913	-0.29896888618332074
0.6557943736737238	0.575203291412097	-0.4889528740140281
0.9267534736645114	0.34277637146299167	0.1537281959089709
0.35994844835893136	-0.9273613415118063	-0.10216680866808359
0.10754121802713362	0.15001767041281588	-0.9828171676304562
0.6888890180436003	0.30024918242235377	0.659759311623286
0.7247597068620256	-0.26965728330807015	-0.6340412580173169
-0.012461465732202248	0.9149510249262631	-0.4033724505443894
0.21619725073167262	-0.1673526174739986	0.9619001248573926
0.7933554377950325	0.6043453156693012	-0.07317027230798578
-0.5690745980072545	0.7789479063796076	0.26342790484249656
-0.3083373684025914	-0.2635720749476028	0.9140338224345856
0.27830372226472044	0.8938162242634252	0.35162422473014515
-0.909656586531514	0.3627979031792901	-0.20224385288197122
-0.16825798371791834	-0.024317025340798954	0.9854430136713921
0.07694696060404813	-0.9969692868802027	-0.011463257450594531
0.9827351709229601	0.07389806016503062	0.1696191632300602
0.5579227917691547	-0.30303835425871356	0.7725865092484354
0.8288576848171527	0.1569897130517386	-0.5369815344269132
0.04143786606549427	0.9399585021925719	0.338763807706542
0.18108238785737196	0.37532597918979366	0.9090322206352723
0.8840930189981866	0.342763325692685	-0.31763632713964274
-0.43080007261668835	0.8611873848967555	-0.26975467656398955
-0.4650324527159726	-0.18692111869377995	0.865335376202333
0.6285818561836707	-0.7580153834075782	0.1740618527827221
0.6234016907240936	0.624878527318493	0.4699969766909283
0.17740192518278552	0.45807722644838006	0.8710303160916966
0.8093342602636475	0.43564516246170126	-0.39394333042610596
-0.5599166117422625	0.7748409817717938	-0.29345330269394987
0.25760360295416096	0.3627590747737147	0.8955703419689341
0.527804011548699	0.7235295352019484	-0.4448909271760365
-0.809359814383032	0.5872911248774079	-0.005081879779489817
0.2821088965330891	0.24638124553321944	0.9272059384766593
0.7697633158673931	-0.634961949547697	-0.06548099091663412
0.5726072022265516	0.7322018877851162	-0.3687836594565892
0.949856352926581	0.23639572157064817	0.20467039753737454
0.29693247438622294	-0.8870710734815006	-0.35346289232004796
0.0980000737749182	0.3965122613683861	-0.9127836611840945
0.7516755111496964	-0.03321223876500795	0.6586963436471003
0.5642278996562662	-0.4847700933623207	-0.6683149211494276
0.3415125227386562	0.8740108144512305	-0.3456505359969455
0.6086268259775367	0.031157095137619162	0.7928446393355351
0.33695736788694647	-0.9147991736384249	-0.2227155228922229
0.7183544521524248	0.4027054846075983	-0.5672699302270034
-0.7404229437477388	-0.20585903322456664	0.6398405448326794
0.5266132069761843	0.4138742232625663	0.7425541445289131
-0.4176749868141396	0.8867526068519079	-0.19803388505797237
-0.7629643034029727	-0.39896808918473287	0.5086353659991607
0.44662331956022633	-0.8941697952607499	-0.03143227112941317
0.46734685422908445	0.20318671476164973	0.8604080873553821
0.03530580113421766	-0.9245588802985213	0.3794000227562143
0.9818568030254945	-0.03868347070510869	-0.1856362234230235
0.18630812853664422	0.3790705289986969	0.9064186754948407
-0.6334293665968862	-0.5586787907594217	0.5353926094822917
0.6285874127260855	0.0319993566153326	0.7770803727662478
-0.4512705420199654	0.8287665835033379	0.33090912343604495
0.9915804440259973	0.004524898906075256	0.12941309174537133
0.12876465427815875	-0.14024325598597032	-0.9817084561921018
0.013707181834073517	0.9901067389127008	-0.13964511708550442
-0.4735938014657386	0.8527834235696249	0.2201575429053028
0.880204805423881	0.4495383050351489	0.15216705561596833
0.03079629396434211	0.26584910154257674	-0.9635226221978734
0.10637246982465687	0.05352836524546689	0.9928844906521352
0.9829990062829986	0.14463361867630353	-0.11311087478768145
-0.14965911702946605	0.9880363507800436	-0.037233294605971246
0.3479100233421033	0.2974940702674737	0.8890758650496529
0.8520739037774454	0.29522689220242604	-0.4322165482972184
-0.3910609647606902	0.9079308124940955	-0.15077453884608527
0.38721181249915837	0.2519586018024857	0.8868956394293824
0.44136027533185346	0.7939023444477622	-0.41823459306869537
-0.809486330718504	0.55338587844115	0.19620384787717526
-0.434861063288561	-0.2101103661283354	0.8756423297676732
0.8920369566824122	-0.23349449497471975	0.3869759536835338
0.12315000425628081	0.9493860936741791	0.28896387592528006
-0.7732911841485539	-0.6187109753272204	0.13862710242866338
0.6242007935799558	-0.7812486412474624	-0.004891813891306704
0.11132885435627568	0.08274835079101861	0.9903325687005783
-0.5905551141258838	-0.7521662603095286	0.29238771183437706
0.7709259890992172	-0.6329390879625922	-0.07114232397437933
0.2385744674334577	0.1833958226925038	0.9536499335226641
0.03572634038175415	-0.736473007880813	0.6755228621341505
0.8559903781969966	-0.32629897109126293	-0.4010105408825875
0.5157558540987095	0.5925677093191718	0.6187563404403547
0.9906040717052458	-0.06703127838101101	0.11920730195586055
0.13128390257912598	0.22187763173880137	-0.9661960740230605
0.03831592416454117	0.9727677648095604	0.2285930132415006
-0.7620953735041265	0.028233434833334167	0.6468489119115205
0.11536090537283743	0.9889842116650214	0.0927474559698297
-0.6371047819591101	0.14530348321643263	-0.756957326782697
0.7351912058669527	0.413289112060975	0.5372950778368875
0.5612263553322977	-0.8156426702684278	-0.14054185326021165
0.3801563742676447	0.40486929284553086	-0.8316020603716894
0.08369632115958847	0.8819509617788391	0.46385065144045157
0.9226177831163566	0.10729917422695656	-0.37049063886645306
-0.37652536714252116	0.45896556322625504	-0.8047230950274731
-0.40346669994988904	0.8497748519894415	0.3392599636825277
0.9104232301631927	0.409852027264618	0.0561325015147332
-0.09134639571852522	0.33151774714697574	-0.9390164105679037
-0.9637840437474794	0.17512079101687505	0.20112937520755364
0.2554411440830894	0.3895245476239504	0.88488442675181
0.07661683187968084	0.904214208775764	-0.42015059885800476
0.5917485459103127	-0.7358874298692792	0.329094741637446
0.803579419269763	0.5060842895503013	-0.3132711426168033
0.06398261747616493	0.449831504488907	0.8908186359917181
-0.6459652999441741	-0.17820379828447805	0.7422750417096198
0.3630330400355899	0.7836590756468357	0.5040689089785888
-0.6715175672389744	0.5950813889152744	-0.4415227032170792
-0.7960424446847805	0.43436469496799524	0.421478039790495
0.46960521655720655	0.003951399998688432	0.8828676724290618
0.38182111890587805	0.9007284264435149	-0.20712540876013352
-0.9730484541371867	-0.1441234734690175	0.18001425025940715
0.19418044494571496	-0.09104217423906769	0.9767319372839751
-0.12438111071185698	0.9853627488925327	0.11657440710994915
-0.5757009172697081	0.5197015613889129	0.6312517254984276
0.6914608657287831	0.7214850626271678	0.036622063997998305
-0.43640614686369633	0.4575692204418885	-0.7747129039094314
0.9312479067119787	-0.35467482608113526	0.08356496867033678
0.3643030853275196	0.9013226794485971	-0.23430896169897447
0.007784488769849128	0.24864270601792837	0.9685639919378968
0.9979450138959538	-0.006529212985360369	0.06374259657400591
0.061329362734132156	0.38547075573180845	-0.9206796433842629
-0.018559593390748353	0.9226969523377327	0.38507905115681096
-0.8528242715240446	0.40635817646513817	0.3279691972112775
0.5113284527462685	0.5223512291586201	0.682416593298101
0.10599044915269148	0.7496814162138516	-0.6532563041196036
-0.3399615020029132	0.44424050328342546	0.828900809746505
0.7963734756480513	-0.3328224924834431	0.5049935403362609
0.5002154180352357	0.8317929812997924	-0.24063451917843626
0.43914583254864925	0.29804254036154504	0.8475385430114614
0.3350733203873048	0.8209693348260007	-0.4623150670700455
-0.8335927109324915	0.48701128879132854	0.26065915842346465
0.1592334327905781	0.4076525524025371	0.8991463231317944
0.9585574504539098	-0.2817865981128047	-0.04199913455433513
0.2362463292011725	0.8685710734555404	-0.4356282386338859
0.041491737462518996	-0.596924587705454	0.8012237342434478
0.9979690003684424	0.0635540104306348	-0.00433151957107486
-0.04833539102927825	0.7997761714072611	0.5983492004032346
-0.9962492665360454	0.0216446692063253	0.08377891871670479
0.0836285307341055	-0.007763796286428093	0.9964667542444542
0.022218635728735576	0.9997355809223615	0.005924564471938676
-0.5750621932262674	-0.13207394009042234	0.8073784417921914
0.33451336866473497	0.862655426771168	0.3793763577858077
-0.7465951246200089	0.48824388271769015	-0.451900023105098
-0.8286060132389275	0.002002596629697373	0.5598286027267897
0.5514000598853864	-0.1699866944779329	0.8167389409467743
0.09679901230220941	0.9854443227839943	0.13974776531348188
-0.9324451914283443	-0.0159152698640789	0.36096075848672465
0.26263328625309335	0.6562330394203908	0.7073768125440474
-0.2481324685204634	0.7543904175943841	-0.6077214624379426
-0.5793205293899204	0.16897496268288306	0.7973927427646309
0.529271065483942	-0.6660006855565688	0.525656947142976
0.6198869763665594	0.7265607674685572	0.29639431119140236
0.299432695493705	-0.10721506278680343	0.9480743595209166
0.7267464860348509	-0.6182027579547238	-0.29944097096618205
0.6182067663050693	0.778672126359224	-0.1071919480457102
-0.24382657455808254	0.2254681022939079	0.9432458515081079
0.814525976424974	0.5755177841014263	0.07298434018285599
-0.5263991216446078	0.7860937698716153	-0.32397615606834007
0.9489000194300462	0.12317339544072806	0.2905461543047162
0.22602296410310543	0.37725471467069593	-0.89810494929979
-0.22023254260827174	0.9178819068455016	0.3301369901449426
0.9997424205454541	-0.007354105477585213	0.02147113631228766
0.007832504256834365	0.9997210297687749	-0.022282605662872285
-0.02130127787206575	0.022445038888024845	0.9995211232336874
0.8925211692073095	0.26073343843373437	0.3680000497273598
0.40557135770865776	-0.8209107905054731	-0.40201660144580414
0.1972760409253317	0.5080586069679369	-0.8384262731824579
0.8610876508596885	-0.5082635125218969	0.014009260360448018
0.5083792938516115	0.8611102365612631	-0.006297147953030895
-0.008862906965556163	0.012544414227419204	0.9998820363181903
