-0.14747949260083582	-0.7079919323658281	0.6906498555470063
0.857836868341141	0.25600924897472555	0.44561774174067714
-0.4923065168945703	0.6581843876485508	0.5695854679315813
0.7793994639233686	0.21739578521088335	0.5876015216186128
0.2567033180132594	0.7447285929104202	-0.6160216955778822
-0.5715241746041448	0.6309662395677039	0.5246348466970545
0.9503569521509346	-0.08102435752913989	0.30042755696736
0.18225156347833604	0.9275019882287926	-0.32638080433956096
-0.2522023614244884	0.36493165842199393	0.8962247784865608
-0.6096361116960751	0.3738702388428201	0.698974145318483
0.7343048676613249	-0.06576318254754154	0.6756267942807649
0.2985635152609495	0.9251466090997856	-0.23444312535494283
0.589927332928006	-0.536014247552058	0.6038828266192462
0.6893525321489402	0.7237624113062704	-0.03100094192081057
-0.4204507441833037	0.4345764586368366	0.7964700077933706
0.22811027923999405	0.8148017542505455	0.5329763613663234
0.9487735756090836	-0.06310834824917944	-0.30959011387189805
-0.21861931005976226	0.5762945754139059	-0.7874580367343389
0.9473144797245114	0.11623329169250483	0.2984712689801202
0.19968522993872712	-0.9428983109753826	-0.2665869166033618
0.25044178055707056	0.3121419501798744	-0.9164312944729183
-0.9953350203993294	-0.07311002134546057	0.06295333148875325
0.09243719748258594	-0.5357636472358875	0.8392929636438429
-0.02763262000303193	0.8411969086244706	0.5400224062318176
-0.9862864760508141	0.06153186688399947	0.15314312428913127
0.07118152907392036	0.9957556947649004	0.05834197684317024
-0.1489032473721281	0.06844286450054639	-0.9864803075687798
-0.8883247053754473	0.22310714188111136	0.40137566077337883
0.45817544779967867	0.37180607690569933	0.8073633012526376
0.030894608804591855	0.9011012398269325	-0.432506738362741
0.890702675851469	-0.03560193568714776	0.4531900764650095
0.4510660956406914	0.19304405934818958	-0.8713629373078908
-0.056463444762922144	0.9805439782721124	0.18800368634631504
0.19782703306348515	-0.3683206949557587	0.9084075795900239
0.6795925262116778	0.7193814330446869	0.1436814257578297
-0.7064123889814851	0.5889229316794172	0.3926210860812134
-0.44851264843370897	0.798348318355563	0.4018412208495097
0.86017466207733	0.2634434931383872	0.4366887640450525
0.24276728551254811	0.5415140704560584	-0.8048767337816267
-0.8392508915266039	-0.4950011962426039	0.22501501458834094
0.5258053008954999	-0.844231051964005	0.1039361171582901
0.13851616014744605	0.20554256643853647	0.968795915949209
-0.006575833029466516	0.5082116120046811	0.8612071271439711
0.5886870864882385	0.6981407548256986	-0.4074886509504197
-0.8083342579786891	0.5043019372112378	-0.30376847022532627
0.7338110048859648	-0.6682046354751314	0.12257232247859765
0.6783972916747965	0.7111818700971795	-0.18438400769421298
0.036035035126271764	0.21845574557476233	0.9751812977435648
-0.20907642113557734	0.9218354937076069	0.3263531410389542
0.9626725079468957	0.25268461035677925	-0.09701613335974972
-0.17189733147542707	0.29388741080504865	-0.9402560806514
0.10731129467577416	0.8694145415458823	0.4822889600473686
0.9226932871369371	-0.2677600283470618	0.2773836063865602
0.37029904659267315	0.4152383919727844	-0.8309366365279687
0.9238236016569885	0.0031272605503876796	0.3828056599150015
0.049831523795178995	-0.9924409521276378	-0.11215068335163296
0.37956128919814824	0.12268323757318163	-0.9169962109849756
0.8138647838255254	-0.13541762831989906	0.5650541386352679
0.5684572639290695	-0.015831343907890316	-0.8225604583471945
0.12033475281441777	0.990662119236566	0.06409456119523071
0.2089813633564992	-0.6695802916072506	0.7127334865577792
0.9767269280403132	0.10692989994650215	-0.18593145118124593
0.048283514894752855	0.7350021969957508	0.6763434575722811
-0.4998057634537103	-0.35909974934032696	0.7881887901018182
0.8425852077078559	0.009185947391100346	0.5384847129886206
-0.2006099862179418	0.9332539785043739	0.29798094743690406
-0.2866265447272365	-0.17169722944554477	0.9425313179191713
0.8690979304985509	-0.4605719916340114	0.18039464439227904
0.40313026562249343	0.8708579114430808	0.2812338653436557
0.16175716885815516	0.6367100352303193	0.753946250975492
0.7515467266155965	-0.5746179201811894	0.32402432550662874
0.6395405663727485	0.5142125794296065	-0.5714659107243181
-0.20750582955141006	-0.4326184841300992	0.8773725422482495
0.9135905810482287	-0.4063314589467768	0.015716096530109747
0.34970499127427557	0.8048204723161302	0.4795523187502069
0.9448088665216168	-0.004987142778377002	0.3275840871425928
0.18558902439834843	0.8321319352332912	-0.5226022927502011
-0.26998688813534444	0.554555290996133	0.7871311894869795
-0.07868025869876494	0.024819271883641136	0.9965908993334535
0.8457961819098299	0.5308112722533488	0.053555689852107735
-0.5276724699639442	0.8471265531146732	-0.06275641361807982
0.922193749618761	0.09740061521758273	0.3742616842789632
0.11498485128199237	0.8549398203580759	-0.5058224861962534
-0.3692386384707701	0.5095007592941715	0.7772205633788356
-0.960089203555746	-0.2550626070077049	0.11476840907726336
0.2636545536252419	-0.9622883531895341	0.06698807109066825
0.09335415131833925	0.09457373748672042	0.9911310764018175
0.20660864461132844	-0.15006822009178936	0.966846625525658
0.24535000839695595	-0.9486484914265094	-0.19967326584653552
0.9471622043512311	0.2784700505129589	-0.15917973996657575
-0.33410363338155036	-0.242178384322903	0.91089208599482
0.8437871814937428	-0.5074947621407566	0.1745630509201252
0.4199975648835263	0.8269212154531076	0.3739028602798634
0.6358097879416054	0.1867700101400408	0.7489077892971469
0.4928543692317737	-0.8449585593926432	-0.2077007550257323
0.5940037746401964	0.5011606491150297	-0.6292833380058627
-0.3281623390551276	0.0916980062681404	0.9401600687501652
0.8116316836311153	0.5365715339714394	0.23096536332891476
-0.48328406693371195	0.8388578333531758	-0.25050757687149283
0.7617077478873016	-0.27260927098177473	0.5877801393235742
0.497375008023967	-0.3353662065926093	-0.8000922502242112
0.4152341606872125	0.9017836175327585	-0.11986199959919586
-0.9914036909825668	0.07761504924901524	0.10533102883868921
0.07991815219892007	-0.27818552350030035	0.9571968990045748
0.10359445185556072	0.9573863998642017	0.26959130345730553
0.742947161927192	0.2508888311664821	0.6205516166929607
0.6089161416758723	-0.6382980165769767	-0.4709530490828854
0.277940006100057	0.7277571273644897	-0.6269919589430843
-0.4996384263376381	-0.39355784964897733	0.7716693993586381
0.8567477029819128	-0.09303846474130761	0.5072743020435753
-0.12784684729028062	0.9145797193565213	0.38366537578947923
0.38183278515336594	-0.4526278485389862	0.8058112402473621
0.8734517918741606	-0.10829605985921331	-0.4747145781317314
0.30213522047891334	0.8850988612273423	0.35399761920134476
0.7242542759762771	0.5823867548188203	0.36916312321476796
0.6676770623972855	-0.7260495920975356	-0.16449720412071817
0.17222974214290043	0.365619553124016	-0.9146907992839899
0.6150172429440143	0.7425078795743085	0.2653975125196305
0.7826091581476367	-0.533684850195693	-0.3204736904256703
-0.09631560862596925	0.40479936936915417	-0.9093188517199808
0.4704484062325667	0.810877905086846	0.34807372798762903
0.8427267331785329	-0.295869652704831	-0.44974748670177195
-0.26170584681943143	0.504914024018239	-0.8225398945280609
0.6445206527472631	-0.027686062286004065	0.7640854730573913
0.6984804985958002	-0.3851622299251387	-0.6031376706196161
0.31099537177199965	0.9224334873551532	-0.2289068372552594
-0.16479722296744526	-0.3491334852789421	0.9224682567759159
0.5675794159865188	0.7313203678743461	0.3781853065370644
-0.80665697905034	0.5858978827313766	0.07764141395073709
0.8918098788736862	0.3181245761800141	0.32167047420238537
0.44520187777474196	-0.49068923078998905	-0.749012260789216
-0.08043897046298407	0.8111848327089304	-0.5792311621570787
-0.23195564587272166	0.6278320942806036	0.7429827990868967
0.7968145092915092	0.560739794398449	-0.2250722567543957
-0.5579276083241447	0.5398126937829606	-0.6303324832978889
0.11551041331869749	-0.06459577950130874	0.9912036771953392
0.8798823848579937	-0.4564084423198942	-0.13228122540911447
0.4609385351991662	0.8874225143919586	0.0041167607048587795
0.05545756719586703	-0.6898236096335799	0.7218502932276291
0.9694727668964875	0.210144852331954	0.12633960299308278
-0.2388451642524596	0.6928077140379424	0.6804193257710542
0.1440528220744841	-0.5118244788388473	0.846926494634404
0.9847225701945233	-0.010466643708882728	-0.17381573323195826
0.0978276249423905	0.8590262814552376	0.5024973667267497
-0.3900251339902936	0.34085203075878706	0.8553948140966627
0.5299745518021978	0.8427682079600711	-0.09417389284631889
-0.7529989171957108	0.41660729803903	-0.5093436854646434
-0.11562052690006563	0.960585011913762	0.25280096646569455
0.9932785364289027	0.1132065751416218	0.024125099261169625
-0.005444522844861965	0.25389113066695	-0.9672174786156678
0.46844068084565293	-0.1708314878789583	0.8668217413505053
0.23392636440008785	0.9700946325287536	0.0647677387088649
-0.8519634878135438	0.17243261491946296	0.4943937790310653
-0.8120003937553615	0.3679913052118623	0.4530317426291541
0.3796466748542453	-0.2565397170974739	0.8888508175299515
0.4433100075717364	0.8937392085166781	0.06860367589808047
-0.7039797984415805	0.1388510632839704	0.6965147705620189
0.3254311345796034	-0.8086267554772228	0.4901197271816463
0.6312741243171489	0.571701978789028	0.5240704412732382
0.06166043660072662	-0.3206133490766639	0.9452010743498194
0.671903098649534	-0.686951403101447	-0.27684652029979956
0.7380678942911432	0.6521540080155899	0.17306337927429838
-0.8996225170353058	-0.4196739458329214	0.12063625504833417
0.43664641765252343	-0.8617923557683769	0.25817405270555155
-0.004385520981436769	0.2849345797340453	0.9585369332881777
0.4854842566843083	0.5431365338492506	0.6850603930383847
0.8689810784212386	-0.213933425014611	-0.4462111327694305
-0.09579625179277901	0.8119329992430033	-0.575836680737442
-0.5947238113467006	0.18422841087895805	0.7825365683738165
0.4376217521941811	-0.7423452048791941	0.5073566780868888
0.6743817837276965	0.6441921215118063	0.3608680096079018
-0.3420325942440936	-0.8927721237814099	0.29320920768878644
0.9379116858116607	-0.34351865110389923	0.048131132977376756
0.05775269770827687	0.2914667585550507	0.9548359830697773
0.6459810513958752	-0.3585315004512064	0.6739166450101126
0.5442141531851007	-0.4027758689161367	-0.7359365155309763
0.5352937854211492	0.8421560203448395	-0.0650676623710964
0.7610620594626079	0.5141280652944499	0.39554629833070093
0.5802917865740348	-0.81212609225106	-0.06093154125523277
0.2899068541467223	0.2759049524050069	-0.9164226498494799
-0.6928887493852063	0.3553157308274535	0.6274200446287614
0.6252515581834998	-0.1373027667687885	0.7682502451849532
0.3591179053799879	0.9246073121407746	-0.12702617199341937
-0.8962086385117296	0.09995831818438396	0.43222495402591166
0.19071334199409873	-0.7928555496494369	0.5787991867440131
0.4005477467698376	0.6011558965990756	0.6915006077667376
0.568391310282871	-0.14853594295267902	0.8092393910618041
0.378053748646794	-0.8264354991385359	-0.41722862904856595
0.7307576079173093	0.5430851124960042	-0.4135841861775844
-0.44229824728510114	-0.40824689704587647	0.7985654209273908
0.46699800499357347	-0.8649974967492429	-0.18355433514239305
0.7656925778538993	0.2917426977148822	0.5732373631834313
0.8029692697781543	0.13294078532378786	0.5810052490205507
0.17334646862125566	0.8805789312214996	-0.4410575333279568
-0.5702555160701891	0.45487085363462915	0.6840330057133399
-0.6269857902007907	-0.029414741746954715	0.7784751709940723
0.5243852990255058	-0.7549365051375552	0.39381585973221667
0.5761153331167475	0.6551378833334659	0.48875911937182825
-0.591367244946513	0.3759188975124394	0.7134211688038159
0.5162746675711817	0.8561099619704399	-0.02315600654771202
-0.6194717501457483	0.35462757296635006	-0.7003527934286828
0.571423360287427	0.0453456289369428	0.8194016824818817
0.49363596568196366	-0.8166339289738729	-0.2990527703164292
0.6555904794176473	0.5753718797308476	-0.48902793714871806
0.9267173730212842	0.3428876122354709	0.15369774206535136
0.3600596224649801	-0.927313635949842	-0.10220806647158229
0.10748013216825685	0.15005834184389985	-0.9828176408836753
0.6889301160639509	0.3002386088268623	0.6597212085038812
0.7247183934280055	-0.2695146967253861	-0.6341490979857606
-0.0125914815348257	0.9149965060144948	-0.40326523353002375
0.21634944617432295	-0.167445057739403	0.9618498166443198
0.793317816292391	0.6043879921235081	-0.07322566032468691
-0.5690692044849518	0.7788949271985036	0.2635961549251086
-0.30841048578454555	-0.2634440042486646	0.914046075908414
0.2783541080029491	0.8938341711856678	0.3515387104981654
-0.909616382227158	0.3628467046098944	-0.20233711013483635
-0.16833741345589703	-0.02402663763067365	0.9854365712287843
0.07709170896489581	-0.9969617864723119	-0.011138434486419775
0.9827102236365766	0.07409397410114238	0.1696782230047481
0.5579890476334275	-0.3033313906877005	0.7724236468056932
0.8287976472242227	0.15687757680374081	-0.53710695941477
0.04174545097053872	0.939882701894046	0.33893631260697676
0.18117093295029618	0.3750471281719429	0.909129663306559
0.884179228690102	0.3426264868384161	-0.3175439844647363
-0.4305858620610937	0.8613633043999163	-0.2695349202355082
-0.46506410917880925	-0.18666015670198152	0.8653746935597967
0.6284554894530279	-0.7580831380075552	0.17422299975885172
0.6235054708100608	0.6248743407826964	0.4698648594024828
0.17749392088613447	0.4582420949614804	0.8709248477645936
0.8092483825504398	0.4356318119476412	-0.39413446913294964
-0.5600115743339272	0.7747509966592678	-0.2935096757987852
0.25751540773529624	0.36263392227439895	0.8956463884786279
0.5279004823191661	0.723553474367596	-0.4447375074105763
-0.8093249628833377	0.5873389210213007	-0.005108454503884419
0.28210704450182655	0.2463732449466936	0.9272086278809539
0.7697762528815719	-0.6349450085485611	-0.06549317994169135
0.5725907228920593	0.7322192706380412	-0.368774733088161
0.9498662395395348	0.2364761879145117	0.2045315123213139
0.29693547201267007	-0.8871288107187689	-0.35331543789270875
0.09789510939590416	0.39633506751500586	-0.912871875902769
0.751607796053148	-0.033118429925035386	0.6587783318472383
0.5643283299383306	-0.4847840388529874	-0.6682200024710423
0.341495617748082	0.8740066391468007	-0.34567779475426264
0.6086438716933602	0.03095457910855079	0.7928394865811925
0.3370243948173186	-0.9147019731994241	-0.2230131330731449
0.7183085651362766	0.4029418249044055	-0.5671601987045378
-0.7404876464838126	-0.20581864745620224	0.6397786568526362
0.5266374313495765	0.41371018410972116	0.7426283723811127
-0.41752971308205566	0.8868385241537493	-0.1979554767376137
-0.7630125738229729	-0.39890213084018344	0.508614689327003
0.44646434804691293	-0.8942442558769761	-0.03157208821219336
0.4674199376482433	0.20298842538971196	0.8604151910831873
0.03530105290683261	-0.9244842339360146	0.37958231896047145
0.9818231679217768	-0.03879314559820912	-0.18579116982957616
0.1864861994779112	0.37924133880464067	0.9063106003716102
-0.6333985257009389	-0.5587153743165981	0.5353909208626355
0.6286663056087457	0.03188357363571259	0.7770213085395196
-0.4512039271018463	0.8287463835423233	0.3310505217234855
0.9916047083947326	0.004600522977813028	0.1292243687457129
0.12859001448896193	-0.14012356319723973	-0.9817484378447657
0.0135908227538264	0.9901233368753813	-0.13953876633980355
-0.47357728079299855	0.8528266250334885	0.22002569566007205
0.8802126882556632	0.4495376531922879	0.1521233768889873
0.03082503123190314	0.26571158423440955	-0.963559635649601
0.10633489241581628	0.053364530034269	0.9928973348685846
0.9830184519626636	0.1445521176902903	-0.1130460453628559
-0.14955806148732065	0.9880571401520633	-0.03708738382092669
0.3479971419480118	0.2977421262595452	0.8889587253896889
0.8520454356553762	0.2950740125150383	-0.4323770376848375
-0.39104547660707656	0.9078991978125766	-0.15100490666340693
0.3875050995880036	0.25176696832586826	0.8868219615307759
0.44138598229039777	0.7938805669927176	-0.41824880153906224
-0.8093319544110639	0.5535043260999163	0.196506357550705
-0.43497093747482274	-0.2099178222924732	0.8756339368915871
0.8919661739903524	-0.23358059151983102	0.38708713711806364
0.12327460407272323	0.9494075074219878	0.2888403656719083
-0.7733374602694232	-0.6186465374953197	0.13865653316411214
0.6241558205021439	-0.7812855387356608	-0.004734838521449965
0.11125953566923683	0.0828816542280652	0.9903292114822653
-0.5906679878313961	-0.7520978429310988	0.292335702249311
0.770794561793127	-0.6330778273917272	-0.07133167581875358
0.23871965076497365	0.18319743208723907	0.9536517337137759
0.035744798297421165	-0.7363850890061785	0.6756177248148831
0.8559045743381317	-0.3264371473697141	-0.4010812242478886
0.5158969558174755	0.592600868634603	0.6186069361652645
0.9906178959403009	-0.0671446771865161	0.11902846957064409
0.1311396708109971	0.22198393677192496	-0.9661912432613026
0.038452190865989944	0.972735690792086	0.22870659124049952
-0.7620357085705185	0.02812878941999919	0.6469237590854072
0.11549904080665754	0.9889396016173748	0.09305071695376742
-0.6371511205641648	0.1456270426762606	-0.7568561382490049
0.7350708666620707	0.4131279376858953	0.5375836010222701
0.5613576504855888	-0.815494141440205	-0.1408790031126088
0.3801952251488329	0.4053327181219176	-0.8313585137556039
0.08358456916570622	0.8818861427217518	0.4639940205139865
0.9225447351107189	0.10754875139367692	-0.3706001589221936
-0.37672912220437305	0.45903169536428695	-0.8045900018855021
-0.40328644732910957	0.8497951532256122	0.33942339187941006
0.9104828760736009	0.409747034533665	0.05593120835107654
-0.09154765850314961	0.33159548435575203	-0.9389693610429815
-0.963811043804693	0.17503386240801097	0.20107565454485796
0.25537414728292673	0.3897538625991064	0.8848027867771412
0.07650043620547278	0.9041322213037265	-0.4203482004966388
0.5916842446908126	-0.7359482516834237	0.32907434635470234
0.8036115693359478	0.5059380703308171	-0.31342481493867774
0.06417320479824748	0.44989647679665284	0.8907721144893799
-0.6460051971081409	-0.17832956107568532	0.7422101137520465
0.36304977760433854	0.783534799855349	0.5042500137799488
-0.6714701365591123	0.5952073462770697	-0.44142504533283566
-0.7960996100509337	0.43410007129821276	0.42164266740409234
0.46995413231867683	0.0045036317486013555	0.8826793476782339
0.38127224445709523	0.9008533983950772	-0.20759246182530178
-0.9730372995580501	-0.14408544516352792	0.18010496428695666
0.19426448265699328	-0.0910223347585759	0.9767170753872938
-0.12433714025498854	0.9853701431782504	0.11655881127604883
-0.5757694020421786	0.5196494828378067	0.6312321369024179
0.6913744602348346	0.7215684607161507	0.03661027498826025
-0.4364526909150448	0.45749685407238067	-0.7747294218673328
0.9312204460126275	-0.3547812343162447	0.08341916269709809
0.36437107837458266	0.9013342327394475	-0.23415874558968605
0.007886581780896289	0.2484489417748312	0.9686128871529532
0.9979487133755397	-0.0063276096255317806	0.06370499845798472
0.0612153087043673	0.38555669719856556	-0.9206512473382974
-0.018736367106084652	0.9226624488954563	0.38515315647921866
-0.8528188617989194	0.406308767579498	0.3280444700768868
0.5113590712560298	0.5223854692080102	0.6823674389978597
0.10588620875339105	0.7496843382039914	-0.6532698553029039
-0.3399207038143217	0.4439611307006569	0.8290672044806564
0.7963286123501833	-0.33310857385086967	0.5048756472434293
0.5003145573244974	0.8318276218388243	-0.24030845027829995
0.4391183836450936	0.29787386054711024	0.8476120624128004
0.3353785463873879	0.8208917059078161	-0.4622315845924402
-0.8334844184314444	0.4872452876883636	0.2605681366888145
0.15935133956305292	0.40756082795828835	0.8991670156836352
0.9584974138430631	-0.2819827054328632	-0.042053079470145915
0.236410359831417	0.8685504736920687	-0.43558032142609737
0.04158026341518728	-0.5968602905343005	0.801267043673727
0.9979653310001847	0.06360638820900333	-0.004407436976014034
-0.048335078524976205	0.7998199928498388	0.5982906477805483
-0.9962423480429003	0.02154677526502	0.08388635432325833
0.08373607177572452	-0.007786321313689504	0.9964575472562645
0.022123612940458674	0.9997375203902665	0.005952820708039486
-0.57526172693778	-0.13201728287434422	0.8072455528171332
0.33446875401397336	0.8626499023382335	0.37942825222191423
-0.7464613842047716	0.4882689658562295	-0.4520938164505073
-0.82854816531825	0.0019451251204702924	0.5599144168853198
0.5514899436977292	-0.17001454538772598	0.8166724535313289
0.09678212514735118	0.9854396332829681	0.13979252271524345
-0.9325010773684956	-0.01599030844107316	0.3608130412589808
0.2624896848716769	0.6561894872048997	0.707470509786619
-0.24807439618502222	0.754426714080122	-0.6077001127527515
-0.5793520553723082	0.1690182087357751	0.7973606718741725
0.5292820551063948	-0.6659349300496553	0.5257291841643487
0.619848128236452	0.7266109784853999	0.29635246559840955
0.299385021805585	-0.10726026387573845	0.9480843024287323
0.7268746357163023	-0.6180460088675472	-0.2994534936767115
0.6180791799363267	0.7787903226903903	-0.10706895261015337
-0.24374102477659276	0.22555927549437516	0.9432461640946699
0.8146137362481662	0.575403643698306	0.07290478403037715
-0.5263029294585575	0.7861511687055903	-0.32399315793111305
0.948914590195406	0.12327443742250879	0.2904556998794283
0.22588509194120007	0.3773291336550795	-0.8981083732678494
-0.22031120205972313	0.9178377514426344	0.3302072625999143
0.9997349231505709	-0.007467529100936584	0.0217788760556818
0.00796137490727048	0.9997111298265842	-0.022677597104643853
-0.021603239171660547	0.022844975595988994	0.999505581348754
0.8924714789849535	0.2604470523204299	0.3683232169386133
0.40555213423131514	-0.8207871946409251	-0.4022882642259212
0.19754018735142204	0.508405068868396	-0.8381540194559027
0.8610078046715838	-0.5083933756004655	0.014203377773750223
0.5085124343723655	0.8610309417066552	-0.006389171498827182
-0.008981335274368493	0.012723720733915518	0.9998787139185306
