-0.13792440830996666	-0.7117737127630309	0.6887343750763975
0.862679489483588	0.25529134346814697	0.4365895422185059
-0.4865808833243261	0.6543733733655114	0.5788216756597488
0.769447014791552	0.21784101045760265	0.6004136787175821
0.2592814837710231	0.7525679682266667	-0.605321869233785
-0.583716029933962	0.6214392547642911	0.522579036162126
0.9497525243572443	-0.10400265138016862	0.2952178703651544
0.1980868872219082	0.9299909171720003	-0.3096425020702369
-0.24234629683116066	0.352562536982415	0.9038627826881391
-0.6098640494209713	0.4059652365408827	0.6806306398805156
0.7309201563700675	-0.04380974397345905	0.6810553805271169
0.30630306272678887	0.9128378459799336	-0.27001018630952367
0.5995036536129136	-0.5346470460891686	0.5956071737419674
0.6826982970656594	0.7300047903084036	-0.03187540290619634
-0.4177539999669858	0.42572942373637984	0.8026431668410774
0.22886829405356557	0.8196200363355763	0.5252069116208194
0.9492807113560702	-0.06841747728294467	-0.3068960407850695
-0.21560481215484018	0.5688075639788085	-0.7937080824435201
0.9473006745331451	0.11273091162147408	0.2998552544045871
0.19529023406303814	-0.9452109693355311	-0.2616064753162458
0.25393533922763095	0.3063787933470219	-0.9174142349443739
-0.9936774930946586	-0.08214811145406653	0.07652925912123013
0.1085369516689143	-0.5285111858605345	0.8419594150211225
-0.028718806373766358	0.8449423733041332	0.5340857758409642
-0.9860344585586291	0.06484154076006364	0.15340019923993276
0.0757899105808673	0.9948951927917792	0.06662915888672614
-0.1482967834753478	0.07732483399057165	-0.9859152773231559
-0.8901899717834909	0.2212815421407495	0.39824150115717394
0.45469992278863636	0.3769251335255258	0.8069544125492919
0.028456885847116226	0.8994231055652152	-0.4361516741035256
0.8951455338164755	-0.03493215125895244	0.4444032156688774
0.44307740097622983	0.1792111959190641	-0.878388162489345
-0.048958043594146156	0.983190262393643	0.17589774842718486
0.19303313607063965	-0.3765485612912295	0.9060625747531121
0.6852877256809927	0.712623844940812	0.15015987697366429
-0.7022242814156359	0.591927729213017	0.39560412280335866
-0.44277086725124715	0.8036339508279462	0.39765114383117817
0.8648860109953129	0.26582281780046857	0.42580561001616013
0.23648709710720736	0.5324572307831728	-0.8127503616046694
-0.839375847368661	-0.48403557177064066	0.2473009343185161
0.5209701553913316	-0.8461925085275159	0.11201935414668983
0.15504284583841269	0.22286274648890675	0.9624416409225796
-0.01792272867529565	0.5166623941409558	0.8560016041324733
0.5995230925109905	0.690708924594066	-0.40434297697890986
-0.8001567579811409	0.5059457994357148	-0.32213042496862276
0.732593534955623	-0.6669185921382942	0.136111366173072
0.6805290769475235	0.7136359555432961	-0.16614420960345921
0.013670697501444937	0.21434391620963322	0.9766625812499123
-0.2172934402943123	0.9187074934616213	0.3297879656120388
0.9623135543605423	0.2582224442121356	-0.08528653117046199
-0.16351202982973995	0.2988272256046556	-0.9401947167147786
0.11633917490399204	0.8695173956729462	0.4800048906050811
0.9221189610892163	-0.27411297526524003	0.2730543872399468
0.3690011083755753	0.41085468892708965	-0.8336885549197746
0.9166043094331482	0.011768476850099439	0.39962237535104345
0.05754943767244773	-0.9930404433208211	-0.1027557305106218
0.3956319023437906	0.11718438838776755	-0.910902419014253
0.8163067379982187	-0.12774768482556972	0.5633150437547486
0.5663370867607967	-0.01479377574686147	-0.8240409263856046
0.11360287697941993	0.9916963614034582	0.06027199284195195
0.20970180067820443	-0.6598571932817636	0.7215356119185192
0.976290839902701	0.10079419399912448	-0.19156389633264842
0.05367821452318783	0.7445999025855297	0.6653492574244164
-0.505574127603706	-0.34269365700123167	0.7918054426112979
0.8460582342340351	-0.017094835103758532	0.5328163200368038
-0.16905698974765232	0.9392916608082377	0.2985814966697782
-0.2999485397731252	-0.17689795889091675	0.9374102547061227
0.863582361937079	-0.4678311137886584	0.18804136013770872
0.4052855507406427	0.8659336932534103	0.2930912166022088
0.16099062684257825	0.6427808907261435	0.7489424174034609
0.7474043478036015	-0.5749900647754465	0.3328260300724717
0.6445686611627246	0.5061809478109921	-0.5729852433702454
-0.22292208026930993	-0.4259467621861785	0.8768552342955559
0.9096576028984733	-0.4142725441773465	0.030021735956333784
0.3504693875610344	0.8043305383509565	0.47981620799911906
0.9493619025293357	-0.013481886967198639	0.3138952321232099
0.18548924383120724	0.830430741916466	-0.5253365809678542
-0.2535857220917753	0.5569587252246538	0.7908800540836274
-0.08477971939024953	0.027916214524036587	0.9960085763419703
0.8458715260651514	0.5303176401701722	0.05713634497018166
-0.5266058873316196	0.8473392977379177	-0.06857371170273563
0.92352283290295	0.10500607080181074	0.3688892817657827
0.1055743786357887	0.8550411594085121	-0.5076993857520556
-0.36872703682070423	0.507817231700651	0.7785640831076851
-0.961682759618407	-0.2610888116968464	0.08365944214166236
0.26588780177567595	-0.9625808148039836	0.052362695100595553
0.06685766014170931	0.07260032629422392	0.9951177045467274
0.20576946267094964	-0.16058481300479183	0.965334888038511
0.24393965506817006	-0.946888228216324	-0.20951402805199618
0.9477090127867999	0.2785950485876705	-0.15566767803594495
-0.33878060546418953	-0.24295038832509458	0.9089569902773194
0.8372670709415049	-0.5185513612374022	0.17345990221336494
0.42919873401298636	0.8198046075569	0.37908950414134
0.6403890738869285	0.191475713855262	0.7438002991730105
0.49137905643624435	-0.8464360089746226	-0.20516506916855742
0.5902952286289195	0.4968733578234303	-0.6361355274964613
-0.3278361149344269	0.08599717895193959	0.9408123973231908
0.8126163669161316	0.5335873750875003	0.23439102663553107
-0.4818486504751551	0.8413613958101116	-0.2448119271517064
0.7644367843491269	-0.26156063738576507	0.5892558321343276
0.5039020641586714	-0.32771842049211464	-0.799176667956957
0.4021431492274819	0.9078472723098894	-0.11871907045162255
-0.9903815692046527	0.07050720522554646	0.1190507513248581
0.09426691286389641	-0.2859936423612581	0.9535834445228439
0.10128226161989615	0.9556340149556335	0.2765963357330231
0.7440135060158292	0.2478506400499614	0.6204949339783994
0.6125744841364879	-0.6238764575285118	-0.48531501844326896
0.26682654337780864	0.7411802924852354	-0.6159994884580271
-0.49281909492559794	-0.39727696431093296	0.7741449175087334
0.8610101885891556	-0.09416264764809723	0.4997948088301505
-0.125661429334465	0.9128550867557181	0.3884646647532173
0.3870384348896344	-0.46121697449463867	0.7984235419601516
0.8740583904359616	-0.09223738424117833	-0.4769844809392035
0.2936378382066561	0.8824801229412236	0.3674311535335084
0.7171757402758665	0.5922982060696375	0.367208105365952
0.6746648534845595	-0.7221140318438992	-0.15290081911751113
0.17460324462168703	0.35739916074445016	-0.9174854477683785
0.623039688045301	0.7382259338384256	0.258542100495835
0.7750660146194059	-0.5381552838078973	-0.33115187375527844
-0.1053291037767088	0.4067079555627423	-0.9074659325724406
0.47358507232360714	0.8095752939463097	0.3468501444485646
0.8399705584119814	-0.2967189082562145	-0.45432075726770876
-0.26488986442162693	0.506503438206481	-0.8205410573589269
0.6489408429816224	-0.027643733675571658	0.7603365085925937
0.695124777232589	-0.3847379034766105	-0.6072711830029196
0.30931751710442246	0.9226118195735931	-0.23045629519598498
-0.16189335050263054	-0.35267487590992275	0.9216349466925357
0.5649358225729919	0.7326387782025052	0.37958916877028676
-0.8090970642863621	0.5821175590684934	0.08062932461164296
0.8888494596753145	0.32046164889144496	0.32749193825906286
0.4514137679376779	-0.48989929553525546	-0.7458044585213797
-0.07856365668176232	0.8107422597989058	-0.5801075245374374
-0.22679029390748728	0.6261139267688787	0.7460211212126711
0.7927528606221041	0.5636437256024078	-0.2320531244446158
-0.565781817103401	0.5387829816309093	-0.6241825327098485
0.10783277756455201	-0.07521489929763364	0.9913197319767021
0.8816968846685005	-0.45346314132222876	-0.13031417048056182
0.4593285269266155	0.8880956583532108	0.017418552339455884
0.06644646386133946	-0.679411723212588	0.7307424839173
0.9683621208264042	0.22046267064124625	0.11692311064249844
-0.24054037164042194	0.6998542142582491	0.6725655420820016
0.14791940695976447	-0.5143630542142438	0.8447191826305749
0.9826007828019002	-0.02056753700372327	-0.18458785999814137
0.11231896848602446	0.8573258568834812	0.5023712018390785
-0.4047551671119025	0.3474350778904943	0.8458499402065605
0.5218201685741894	0.8473662670965669	-0.09835710983977763
-0.7509174164749546	0.4015710099572125	-0.5242745059570644
-0.11454326952373695	0.9650718126899683	0.23561883574559767
0.9931549528246532	0.11670583159156356	0.004794637878137012
-0.02287092229608033	0.23455520719826295	-0.9718337181274923
0.4642624453744343	-0.18595885888634484	0.8659559368793766
0.22948308724085614	0.9695782818079436	0.0851790356646612
-0.8554518656741337	0.15917681441731554	0.49281319713112337
-0.8097736489117677	0.36916830475417806	0.4560497783061049
0.3803182193897935	-0.2616193910714293	0.8870813639208026
0.44679378859637026	0.891779152582264	0.07145105661472839
-0.6971996524207507	0.14324256143327266	0.7024202540206393
0.33149207358764754	-0.8043658865278762	0.4930603672358847
0.6356301202845457	0.5766082631945704	0.5133198427908228
0.060113833688831386	-0.32403671272940404	0.9441326897225588
0.6729441324402323	-0.6854271687422488	-0.278093133615787
0.737246581283016	0.6520657981779957	0.17685494969889526
-0.9001733357187465	-0.4215545848935833	0.10945180499280571
0.43539014843983875	-0.8645919179129293	0.25083108683171085
-0.01110784868998637	0.2734456937580857	0.9618233040754625
0.4894174655815686	0.5409008229728498	0.6840298561400722
0.8663215983201502	-0.21181737726316574	-0.45234973966321
-0.09978693635809399	0.8139777014124204	-0.5722611894367975
-0.5868787223239267	0.1917981744711214	0.786630043637402
0.432593637661944	-0.7469716245365783	0.504872396543515
0.6844239256030157	0.6365900190913544	0.3554110826288721
-0.3446360851848307	-0.8877053077166832	0.3052953577113532
0.9358885755737876	-0.3502255417641631	0.038139795574514634
0.07306533308581663	0.2988667872943187	0.9514936156135947
0.6468890477222742	-0.3558819298849157	0.6744498587132755
0.5486206511165432	-0.39711191606407237	-0.735742826868452
0.5296696528076998	0.8459610972741647	-0.06164317312778089
0.7614751009182993	0.5211915041923507	0.38537655175059726
0.5839466775347251	-0.8096569968622644	-0.05883727753843601
0.2813573323686833	0.26984247884588886	-0.9208816906273489
-0.6912120830115747	0.3456103948123688	0.6346489669860327
0.6255533233073682	-0.1535465548393753	0.7649225419583775
0.36181334414018934	0.9257304740012599	-0.11006449703467336
-0.8971120356695927	0.09617195943768747	0.43120870779087317
0.19270291597453376	-0.7931061355757505	0.577796022733811
0.39756204752424573	0.6014429415414355	0.692972442769779
0.5636623181751588	-0.1507342341483538	0.8121354454308193
0.38109626305623817	-0.82485195287008	-0.4175941739667664
0.7328372461563185	0.5448838835037468	-0.4074937105574745
-0.44512538608754615	-0.400919490531024	0.8007040356915638
0.4670073016986897	-0.8668773980325164	-0.17443553806631001
0.764046838106488	0.29628894493841346	0.5731014659610982
0.8106135230789404	0.12972883701520424	0.5710307741691604
0.1705817519658611	0.8805472432310637	-0.44219726178983904
-0.560185310498058	0.45585851015951934	0.691654130774434
-0.6215840594182234	-0.029180919009083095	0.7828037627930436
0.5318876312640364	-0.7493570467920652	0.394410400637974
0.5750902579469547	0.6615228570418863	0.4813093649885124
-0.5893865086008114	0.38381296128278175	0.7108524138178668
0.5134440219568829	0.857317080693222	-0.03718412925418013
-0.6236976669798323	0.34306709825192144	-0.7023575914738309
0.5663959377935857	0.0385474143770036	0.8232312788613977
0.4852701369666197	-0.82297531625389	-0.2953379809730001
0.666114506537219	0.5667677881475425	-0.48483578508503244
0.9280170505615987	0.3374547584866084	0.1578247123922485
0.35472212152084576	-0.9298657659602272	-0.09758008915219166
0.11382693165811619	0.14653990333675046	-0.9826339533922861
0.6825687876301597	0.3037877420488958	0.6646900465133561
0.7308006651809603	-0.2768786767162752	-0.6239139252740802
-0.005498902086779001	0.9116200996910271	-0.410997026650026
0.20257505750938998	-0.1613871876278743	0.9658765561626561
0.7967875590558361	0.600559769201578	-0.06676488111567219
-0.5692916052506922	0.7831233231657149	0.2502497330767358
-0.3162570581304365	-0.25132841234037995	0.9147762034143355
0.28099177523822005	0.8961831594920577	0.34336477235049423
-0.9061043512924741	0.3656361221122676	-0.21280303281567114
-0.1656761235563753	-0.049933525550985174	0.9849152578315467
0.07333460822371679	-0.9965759623757353	-0.03818882626568933
0.9834497736641189	0.06590139786777019	0.16877069780938636
0.5541192417400838	-0.28637033383808674	0.7816290026802084
0.8320509675979701	0.16193284714309208	-0.5305364646613966
0.02535849468474083	0.9443356314963418	0.32800481983307694
0.17004854919292411	0.39352969063680276	0.9034477702140196
0.8782722167038962	0.35525203813541684	-0.32005296868902267
-0.44690200747300945	0.8478976188125159	-0.28521610005162623
-0.4667419587818249	-0.20215220083614896	0.8609799252070901
0.6337631720845266	-0.7554637870325831	0.16618877276081703
0.6168437286881207	0.6232246418262752	0.48072326779410945
0.1670546517081679	0.44763936822506983	0.8784712512983694
0.8137831731847671	0.44042978761512896	-0.3791814199332868
-0.5566414378969589	0.7782291424743439	-0.2907055407446739
0.2595089506784465	0.3719173801067773	0.8912533685166539
0.522164208212941	0.7223037950276011	-0.4534553642312301
-0.8124036214709558	0.5830563352397743	-0.006757644385414263
0.281037383182556	0.2502375382931577	0.926498334419918
0.7688095879890158	-0.6365344470515295	-0.06128388966902032
0.5744125753063398	0.7295238667417161	-0.3712749940194655
0.9485777732793538	0.23498133343494493	0.21209427379709767
0.2999156119756006	-0.8814791378474105	-0.36475355410617616
0.10124640109003363	0.409607498072144	-0.9066260881914854
0.7542438809284595	-0.0362440205062638	0.6555932725856157
0.5613039824527675	-0.4824563290379329	-0.672438643932594
0.340667003633518	0.8751698472575389	-0.34354582094180275
0.6058927372811888	0.0469235470991653	0.7941613007680121
0.3345385856915099	-0.9207343646432102	-0.20082869428592398
0.7217880059916711	0.38735824567536603	-0.5735640015847145
-0.7367137615623445	-0.20999660363578285	0.642770767837257
0.5226356784674852	0.42633051568735925	0.7383049769482675
-0.4290743305273487	0.8798543730954493	-0.2043318404637937
-0.7604052068679514	-0.3997500661092241	0.5118435366533206
0.4538878829778223	-0.8908015178457274	-0.021411340211651614
0.464510184015398	0.21603828468449604	0.8588118236823254
0.034797983177049185	-0.9287176187847841	0.36915130356742654
0.983118973672013	-0.03457980016052686	-0.1796700337478292
0.17962790421562524	0.3691718055046709	0.9118366049065609
-0.6325324240117554	-0.5585169026143864	0.53662053824639
0.6252987723918515	0.04061057959366121	0.7793280606203724
-0.4570603656182155	0.8284984310903064	0.32355242521397387
0.9895277078588309	-0.0034156038284535034	0.1443026300180813
0.14219029933157257	-0.14894908163721832	-0.9785683879297485
0.02483614615124495	0.9888389680478394	-0.14690357760938877
-0.4719791872751862	0.8511594754816726	0.22970240328916564
0.8811175524294771	0.44671836417742894	0.1551597947515065
0.029453447671576136	0.27562701319791905	-0.9608133242289325
0.10872601761164835	0.06269515279444043	0.9920927229399445
0.9820473539382943	0.14798440015833458	-0.11697697180459343
-0.15414813562643653	0.9870004737211933	-0.04547985440867297
0.344699584611607	0.2799950699379669	0.895982676829758
0.853881186189817	0.3029862848386091	-0.4231858115187324
-0.3899604034253433	0.9109347243409542	-0.13464327591904945
0.3655948596830174	0.26374965241568377	0.8926233917078136
0.44057126743076896	0.7957384197509465	-0.4155686774129064
-0.8199008213728053	0.5451939913304918	0.1747173572640307
-0.4254214993397687	-0.22574185044609124	0.8763887064862705
0.8976371243629453	-0.22849197170551894	0.3768806333994185
0.11517005194461744	0.9470121624473993	0.299839662672861
-0.7698079920780712	-0.6236978213228347	0.13563437252362662
0.6280555748526583	-0.7780565724561439	-0.013197157053488427
0.1137622530948887	0.07502664683262104	0.9906710614708737
-0.5833222180338444	-0.7560072663089791	0.29696498654908876
0.778545562384494	-0.6246278853982499	-0.06088359445961361
0.23152105139595403	0.1956860190993091	0.9529454258715852
0.03149705474933051	-0.743168773434788	0.668362259357566
0.8617863835392268	-0.3185304728986955	-0.39479433504207495
0.5062925682730277	0.5884203531714094	0.6304199578734286
0.9895145961631604	-0.05823894761192711	0.13217068117064718
0.14166705948964947	0.2131283881553161	-0.9666988850815299
0.02813020148548135	0.975286888635017	0.2191441913923664
-0.7675115465564855	0.031218250170456992	0.6402745089090824
0.10352133924070758	0.9917393842339395	0.07573853762185294
-0.6326210225911579	0.12441227678802948	-0.7644031836407645
0.7448880183684683	0.4203503425893695	0.5181191268193988
0.5502236695011066	-0.8262463599732872	-0.12070984281172051
0.3773536187872505	0.3749967228068706	-0.8467477217402322
0.08860941595430549	0.8862675607157591	0.45461872181771756
0.9279778812725634	0.09239758867193903	-0.3609982513482517
-0.3619467133061457	0.45386396247174055	-0.8142493968658067
-0.4160446889328002	0.8476121721960868	0.3293332997980017
0.9058969267958563	0.4178360323692726	0.06902034537530966
-0.0791048344453868	0.32705757230025334	-0.9416877240191845
-0.9614144702215519	0.17887469082444965	0.209012108336027
0.2628518929030129	0.37306761703138747	0.8897917933538303
0.0811855827466711	0.9103979339305311	-0.4056901564606963
0.5984272885973541	-0.7286135177738668	0.33317731312202215
0.7995761039136235	0.5168622709604827	-0.30582911389840395
0.05062444382242054	0.44941710534286916	0.8918864451895807
-0.6435959472800956	-0.16791932468955462	0.7467177224630742
0.3612638575645154	0.7934610144868711	0.48980408706652384
-0.6747389731312713	0.584998050326041	-0.45000511025152656
-0.7938344191042275	0.43391034383670535	0.4260853536053149
0.47443296555743786	0.003560443718292672	0.8802844338240363
0.3804474684339864	0.9009490200627566	-0.20868777398335991
-0.9739128514976456	-0.14952925285288338	0.170689074720625
0.18537653783963337	-0.09042833491783786	0.9784979588443597
-0.13087893988841598	0.9846134870014963	0.11578853271563028
-0.5727011231535941	0.5195080500638632	0.6341331165121833
0.6945031276089183	0.7184514880244373	0.03863761246379313
-0.4355213304535635	0.4625352367920895	-0.7722579397103297
0.9342471858258885	-0.34480100310872586	0.09107394814997424
0.35662025236724737	0.9017881867656018	-0.24413123890958513
0.0020472855024512293	0.260557737296793	0.9654560964419081
0.9974621019437154	-0.022888836235375506	0.06741999971681367
0.07105517634995404	0.38025093554836553	-0.9221498728126949
-0.004529580543706807	0.9246000904122726	0.3809122677332868
-0.8517558267989345	0.4091308096807519	0.32729801723205776
0.512075176545669	0.5178712083903816	0.6852652224401935
0.11086489561527524	0.7512798360732559	-0.6506055508754562
-0.34449424717050015	0.4634951823569413	0.8163920195582122
0.7955952937515873	-0.3174933389035046	0.5159710343732775
0.4983491168114538	0.8272667016650739	-0.25937995699250527
0.4369003501690425	0.3079711327653907	0.8451460615807009
0.3171802145121352	0.8264678135356827	-0.46513187883823215
-0.8417332092440002	0.4712798898454612	0.26340172718311083
0.1554872694241105	0.41163680499873156	0.8979859964484248
0.9619436292108581	-0.26986648616369346	-0.042854799804741106
0.22469571261525545	0.8704752842074825	-0.4379322051599144
0.033602330680259085	-0.6006991826518371	0.7987686619630677
0.9983997498773616	0.05654788546896583	0.0005254462968024565
-0.0454843139739034	0.7974727760935816	0.6016380544579272
-0.9959978394170812	0.012920598691264482	0.0884384645160981
0.0883787197516309	-0.005125144156749917	0.9960737597148291
0.013323129195820939	0.9999033908467517	0.003962726536065553
-0.5616432942646337	-0.13711037817260102	0.8159396755918519
0.33638582264046546	0.8631477106368757	0.37659076986673157
-0.7559109658776405	0.48598021957656523	-0.4386591362849359
-0.8332034629682172	0.003837809881617582	0.5529532172915562
0.5447131380268437	-0.1664289122385545	0.8219422208598606
0.09518186044997756	0.9860459869531459	0.13657864055143099
-0.9290453399978795	-0.013404868335494424	0.3697229580823072
0.2696766662144276	0.659609216944524	0.7015626676365438
-0.25327702605584984	0.7514891818427858	-0.6091918890182009
-0.5773879215076172	0.16932556995768133	0.7987189990576284
0.5261395461975064	-0.67089375369021	0.5225693726066825
0.6243399442805142	0.7219628955964192	0.29827707145846527
0.3013137106023229	-0.1041550227684685	0.9478194865242852
0.7194541324333459	-0.6275161240004421	-0.2976730848498805
0.6257761573659079	0.7716056281233064	-0.11414445024089703
-0.24924973423129937	0.21808091044625622	0.9435651999117807
0.8099564968895743	0.5810548566786778	0.07966006952350851
-0.530890801513829	0.784102015065038	-0.3214638188645049
0.9480208072538446	0.11736693866003767	0.29577280254164645
0.23391564316729724	0.3731170183814949	-0.8978124316780944
-0.21573136279965993	0.9203307515799275	0.326268734022933
0.9999999768075615	-9.64791658227157e-05	0.0001925529722308203
9.650375735621277e-05	0.9999999871888614	-0.00012770787728007485
-0.0001925406486145285	0.00012772645640352816	0.9999999733070252
0.8972393080704467	0.2765637401036466	0.3442006997569131
0.4036858677059071	-0.8296198387006963	-0.38570538426208123
0.17888360536336162	0.4850189902407054	-0.85601240343706
0.8659859912332621	-0.5000682343672221	0.00015480501759868398
0.5000682430383595	0.8659859998130752	-2.0791261166870673e-05
-0.00012366192867929225	9.541801407467835e-05	0.999999987801565
