-0.14777094756345366	-0.7078574407237055	0.6907254090217653
0.8577497156567588	0.2559610948010602	0.4458131259159965
-0.4923709702520535	0.6583477512381496	0.5693409049881477
0.7796136504820962	0.21737449687090202	0.5873251944979903
0.2567069661081116	0.7444987591094017	-0.616297924088772
-0.5712303296688199	0.6312447431818211	0.5246198477676649
0.9503848404347315	-0.08042841476026562	0.30049945951864987
0.18183187879729612	0.9274176263996176	-0.32685427042696696
-0.25240012465309014	0.3652777249469917	0.8960281026467052
-0.609665141152844	0.3728403913849071	0.6994987192375921
0.7344092869344535	-0.06634736707450695	0.6754561615284207
0.2982472379210075	0.9255204316676264	-0.23336776906475332
0.5896054160772534	-0.5361122801925505	0.6041101525045852
0.689644881764175	0.7234822399612035	-0.03103845223584023
-0.4204228709155177	0.43492191424146887	0.7962961372025426
0.22809766165920253	0.8146299638228165	0.5332442955978439
0.9487824211129057	-0.06301258993805603	-0.3095825106436592
-0.21859408531050636	0.5765478605903722	-0.7872796138068914
0.947304773281244	0.11624628904505374	0.29849701305343873
0.19974730691213705	-0.9428433410812755	-0.26673478880724666
0.25042899173202665	0.31230311311601067	-0.9163798806380077
-0.9953728551381333	-0.07289886276632852	0.06259900208099874
0.09203153107886715	-0.5359894251559123	0.8391933826051741
-0.027623840092217338	0.8410713952622635	0.5402183183955807
-0.9863049489206077	0.06130823947359972	0.1531138383927619
0.07091565206548699	0.9957894039446327	0.05808987247119743
-0.14890775005634813	0.06815249639038132	-0.9864997309725505
-0.8882072002096564	0.2233519069844381	0.4014995580846119
0.4583892115418171	0.37164270368325325	0.8073171814975034
0.031101450734572572	0.9011079993238417	-0.4324778298558072
0.8905864750877125	-0.03550063178732535	0.45342632867263455
0.4512589350420506	0.19337768453528215	-0.8711890981115908
-0.05675477015685618	0.9804819102188849	0.1882395277245691
0.1980691151877756	-0.36803622935026015	0.9084701203090689
0.6793351499779974	0.7196727817354778	0.14343932945148336
-0.7065920885582454	0.5887447843631075	0.392564898166067
-0.4488028348765787	0.7981348210990131	0.4019413175526901
0.8599609146730693	0.26343825136511545	0.43711270051595175
0.24298814917893446	0.5418312422396262	-0.8045965848123262
-0.8391917285102788	-0.49541019925112634	0.22433452092330697
0.5260436319577957	-0.8441067410808827	0.10373961123149925
0.13796861989808235	0.20506716982435472	0.9689747756178423
-0.006338602340600907	0.5079474470526841	0.8613647387448758
0.5883266545217127	0.6984205373907655	-0.4075297541653658
-0.808598521949958	0.5041806660151249	-0.3032660322503793
0.7337408683010492	-0.6683449674088128	0.1222266039949371
0.6784370337348412	0.7109965766285458	-0.18495150521030676
0.036708710708660164	0.21862953268440474	0.9751172226949469
-0.20870356973336857	0.9219416782703337	0.32629183539989004
0.9626985480963578	0.2524187639543962	-0.09744882296312862
-0.17220431316814694	0.29378275897644995	-0.9402326122053368
0.106929307185329	0.8693816601704866	0.4824330546553315
0.9227341686552387	-0.26748663720328447	0.2775113563690749
0.370307679181773	0.4154833665465885	-0.8308103242390059
0.9240484157341687	0.0027902404292657924	0.3822652743024401
0.04951822413558124	-0.9924220497605727	-0.11245630541450974
0.37905470694562177	0.1228441683897532	-0.917184190571882
0.8138278106715167	-0.13562313664632675	0.5650581026618571
0.5684717860583118	-0.015855474500353628	-0.8225499573789068
0.12051606960600308	0.9906336198285319	0.06419430062038711
0.20887949954381857	-0.6698493773627778	0.7125104675140029
0.9767557201627803	0.10703405439167546	-0.18572015057545171
0.04814164309215574	0.7347418069275622	0.6766364307020489
-0.49954213653429225	-0.35955378002604055	0.7881489282462676
0.8425249124626318	0.009991550336470811	0.5385647043779497
-0.20151780493690696	0.9330708698651241	0.29794181663967767
-0.28622561287406545	-0.17156054565289847	0.9426780350205184
0.8693053631997482	-0.4602633142193058	0.18018287126143478
0.40296784492936877	0.8710480243701495	0.2808776516454091
0.16171991363041172	0.6365555238794453	0.7540846998540265
0.7516884269879892	-0.5745574484553169	0.323802790532815
0.6393834360285653	0.5144713825307301	-0.5714088013753591
-0.206937796295539	-0.4327887189502048	0.8774227448691916
0.9137156993768796	-0.40606953937238965	0.015203614902872364
0.34971469682666406	0.8048611395410613	0.47947698263847727
0.9447021731264353	-0.004628689932511629	0.3278969034920875
0.18544710570725748	0.8322007059131586	-0.5225431619133885
-0.27045734428000273	0.5544551923349164	0.787040192504715
-0.07857067562806708	0.02473722511958143	0.9966015846990873
0.8458590022070575	0.5307154526089546	0.053513145556522146
-0.5275880943658889	0.8471889860329014	-0.06262287623476137
0.9221807414948991	0.09714374330663418	0.37436048556477325
0.11526851067146453	0.8549197166940146	-0.5057919023228904
-0.3691826789862987	0.5095835271515364	0.7771928836474886
-0.9600518834809817	-0.2547868728245571	0.11568937056144478
0.2635037773075624	-0.9623021763671207	0.06738160508440262
0.09416018462846636	0.0951744230105274	0.9909973202967536
0.20652700510608057	-0.14970726054575947	0.966920023736088
0.24546911271077906	-0.9486928998352095	-0.199315570157587
0.9471491492193274	0.2785130480644403	-0.15918219495583985
-0.3340576737845389	-0.24218928656389505	0.9109060434860086
0.8439681555846379	-0.5071577097673412	0.1746677124788935
0.41967037415658354	0.8271247831477524	0.3738199702504623
0.6356970125475896	0.18669617500593405	0.7490219265657205
0.492984240333712	-0.8448548835241363	-0.20781425496825684
0.5940167060114243	0.501362906509419	-0.6291099975010455
-0.328239430003866	0.09182071436248362	0.9401211799575097
0.8115656140518908	0.5366834774923119	0.23093743541343964
-0.48334266383106994	0.8387727948620665	-0.25067921317884134
0.76158633782815	-0.27294707059675505	0.5877806960815887
0.497207361854474	-0.33562894038348423	-0.8000862789067024
0.41565741825597324	0.9015836683468205	-0.11989912267848069
-0.9917051889558381	0.07281499587356846	0.10591881123765143
0.08155744128689071	-0.2804363597035531	0.9564015014244565
0.09934385722731123	0.9571067989164801	0.2721715883391359
0.742849536378958	0.2510378552886162	0.6206082190187776
0.608885603526872	-0.638684667622635	-0.47046808304228344
0.27826765553920196	0.727366407360043	-0.6272999452613239
-0.49979726026063287	-0.39350890277272943	0.7715914994830929
0.8566348760613052	-0.0929463109949824	0.5074816966037854
-0.1279819821357584	0.9146101501246455	0.38354776174236216
0.38172986129272146	-0.45237586911047545	0.8060014801748083
0.8734188483295616	-0.10871849653721899	-0.4746786322274781
0.3023604279334553	0.8851758930050169	0.35361251400744986
0.7244073752954352	0.5821050836485478	0.36930695391245394
0.6675135113200145	-0.7261263283863344	-0.1648219264218369
0.17221982122509338	0.3659156006713812	-0.9145742760227287
0.6148367458539394	0.7425819496734477	0.2656084034192436
0.7827935121124024	-0.5336336321395456	-0.3201085191685567
-0.09596923122787039	0.4047310152048363	-0.9093858982790497
0.4704548439627463	0.8108600704229787	0.3481065727412085
0.8427605063078403	-0.2959278354498567	-0.4496459109273823
-0.26158549042280776	0.5049085683562964	-0.8225815271452761
0.644429482315425	-0.027711778533475118	0.7641614355966839
0.6985222395098618	-0.38523154122826586	-0.6030450568183295
0.31109053864237124	0.9224037711183789	-0.22889726908330044
-0.16495934201340878	-0.349019741876065	0.9224823224665435
0.5677018815219785	0.7312297431039303	0.37817672656651613
-0.8065376551649082	0.5860787341142187	0.07751598686829919
0.8918797221534132	0.3181280520632825	0.3214733328006728
0.4450353978275426	-0.4906591762399155	-0.749130874715526
-0.08058570525863495	0.8112016489517201	-0.5791872139869625
-0.2320448683129268	0.6278849450480528	0.7429102737690735
0.7968574360155392	0.5607083998521742	-0.22499848222144736
-0.5578291904843066	0.539783832767542	-0.6304442942293988
0.11561995161361471	-0.06432730838643419	0.991208365675261
0.8798334290427513	-0.456510372496181	-0.13225512066559753
0.46100451616848526	0.8873895859199354	0.003815609139605325
0.05503387336658172	-0.6901326208893143	0.7215873047433118
0.9695062463687593	0.20977815137245082	0.126691615581758
-0.23880726754902146	0.6926110689205041	0.68063279099274
0.14382193936432341	-0.5117723843887566	0.8469972115270108
0.9848025799356684	-0.010189603821809223	-0.1733783450319163
0.09736081506199762	0.8590606489363842	0.5025292759028692
-0.389627110392357	0.34059684505460025	0.8556778038409986
0.5301912676563791	0.842652081325338	-0.09399302920428654
-0.7530524115546166	0.417050667157995	-0.5089015685521587
-0.11552945301590478	0.9604671629819627	0.25328990173164256
0.9932914376257066	0.11299409272884531	0.024585665495195974
-0.005006538255350829	0.2544310591137892	-0.9670779548376296
0.46848890157815837	-0.17024014577116972	0.866912015066063
0.23403965335465507	0.9701163281090835	0.06402929480934355
-0.8519058573315035	0.17289477350099342	0.4943316776621913
-0.8125674258105664	0.3672902060399601	0.4525837856780922
0.3801302087505781	-0.25469018127863174	0.8891759870551497
0.4418542779093936	0.8945562118209125	0.06733484228679143
-0.7041239453007919	0.1386919958044937	0.6964007466637395
0.3253187423484144	-0.8087486114187212	0.489993264652828
0.6311712806607203	0.5715682057533087	0.5243401573797775
0.06175891412531964	-0.3203535347773624	0.9452827351018905
0.6718686912510416	-0.6870324050771544	-0.2767289939462684
0.7380909823610325	0.6521963562682259	0.1728051348420394
-0.8995774480386824	-0.4197045382576924	0.12086569217982909
0.4367401098285941	-0.8616799674405533	0.25839061550016673
-0.004300168266423349	0.28522926616591193	0.9584496722704514
0.48540766787446255	0.5432279742487538	0.685042162178556
0.8690357234423798	-0.21403340031681006	-0.4460567395856764
-0.09568859571367494	0.811845472699343	-0.5759779692904281
-0.5948436979163725	0.183974728336064	0.7825051273843817
0.43784583400507704	-0.7422212793469458	0.5073446541839008
0.6741305516690179	0.6444073803257182	0.3609530821147964
-0.3420131651814229	-0.8928742243166371	0.29292083297974597
0.9379456451651188	-0.34337969804785295	0.04845977387848556
0.05731458416819836	0.29131770031964876	0.9549078677663609
0.6460066426342421	-0.35860370513763806	0.6738536935670772
0.5440585124137706	-0.40289787144393685	-0.7359848097998082
0.5354210985220414	0.8420669141152043	-0.06517330289273038
0.7610374691500104	0.513846142873921	0.3959597353309311
0.580133925873035	-0.8122364705298033	-0.06096346440638191
0.29028709685565957	0.27610515640763056	-0.9162419680435028
-0.6928642882079123	0.3557056448523761	0.6272260934832814
0.6252842656299852	-0.13681816059964258	0.768310079385726
0.35910815262496204	0.9245292235242137	-0.12762072546417103
-0.8961972590323608	0.10026073574156755	0.432178502208802
0.19042657600212956	-0.792903671844831	0.5788276827580815
0.4007096106346703	0.6010420551371963	0.6915057887693106
0.5685429533757449	-0.14858657702120273	0.8091235624401922
0.37788887397277027	-0.8264738034913959	-0.417302110071417
0.7307249202636907	0.5430129660252943	-0.41373664284667266
-0.44228282499249905	-0.40849157331549035	0.7984488319528619
0.46701937120164005	-0.8649317231810918	-0.18380974173696937
0.7656884546857675	0.29159517959874104	0.5733179236651328
0.8027297201675918	0.13290915985846147	0.5813434024613832
0.17351500403719444	0.8806134802376467	-0.4409222627603557
-0.5705414443610842	0.45481320742636494	0.6838328791575543
-0.6271073807931162	-0.029483455544712434	0.7783746262590658
0.5242355542277566	-0.755071591079927	0.39375623935062204
0.5761192729273292	0.6549790975238603	0.4889672434514557
-0.5913464841822542	0.375724246797292	0.7135409070360963
0.5164294694066196	0.8560271652864285	-0.02276170951573947
-0.6193625261296365	0.3550334951244589	-0.7002437279733582
0.571620355836042	0.04558558694199519	0.8192509524297367
0.49395071202552887	-0.8163819757592139	-0.29922092798625594
0.6551815495596238	0.5757103646093553	-0.48917758860971317
0.9266399007686146	0.34312793524163615	0.15362849462369813
0.36029827258175046	-0.9272121004123972	-0.10228819884736483
0.10734826071315154	0.1501364076619756	-0.9828201310597067
0.6890081382711155	0.3002206841475587	0.6596478804681656
0.7246396335137066	-0.2692280777530076	-0.6343608150654809
-0.01285250704307167	0.9150867625309593	-0.40305214315683213
0.21665067386484016	-0.16763048094687172	0.9617497113965936
0.7932436163710103	0.604472261334847	-0.07333382823348172
-0.5690580379895815	0.7787896424158816	0.2639311316711067
-0.3082788503709968	-0.26289760665094064	0.9142477775915805
0.27904498746604156	0.8937885469499864	0.3511067192622618
-0.9094493088589455	0.3633550354106012	-0.20217584637574149
-0.1683764498612077	-0.02321888399203911	0.9854492653395711
0.07719709223971907	-0.9969626460856218	-0.010300061149701813
0.9826952630810167	0.07433953010424213	0.16965746132136938
0.5581197269049836	-0.3039195972995314	0.7720979528640114
0.8286783637141679	0.1566526508474837	-0.5373566008661896
0.04236201071143453	0.9397301875324358	0.33928252930078395
0.18135596296417056	0.3744862514574759	0.9093239588654125
0.8843447676600877	0.342361613100329	-0.31736864650996344
-0.43016781214958866	0.8617125816330342	-0.2690856370112815
-0.46513030894399776	-0.1861376326272888	0.8654516609387087
0.6282018338035595	-0.7582186487933393	0.17454780613874168
0.6237116735379468	0.6248657954648432	0.46960247651666265
0.17767338072968752	0.4585707100443853	0.8707152655544015
0.8090749750750167	0.4356104495505235	-0.39451390463423713
-0.5602051896291613	0.7745685509570983	-0.2936217045464733
0.2573358631464775	0.3623839225618691	0.895799166223842
0.5280914339084213	0.7236036462508761	-0.4444290725919991
-0.8092574936144892	0.5874314051879675	-0.005162676407148181
0.28210185905817187	0.2463587663114652	0.9272140526207616
0.7698019887736833	-0.6349115418658675	-0.06551512867719078
0.5725586775134978	0.7322531613226397	-0.36875719455624867
0.9498849146560758	0.23664050322878047	0.20425454986474392
0.29694543188464023	-0.8872416559519933	-0.353023589050944
0.09768346529307878	0.39598423728122667	-0.9130467810759433
0.7514714168444291	-0.032928174516565656	0.6589434307957193
0.5645317754760639	-0.4848102225695261	-0.668029133024848
0.34145949121919184	0.8739993040129344	-0.34573202403196235
0.608678647484393	0.03055593397045625	0.7928282531518179
0.33716015709477914	-0.9145079870459825	-0.22360270592488196
0.7182153803451955	0.40341229099805387	-0.5669437281664802
-0.7406170269946746	-0.20573857064658202	0.6396546410946072
0.5266841987548712	0.41338458685528734	0.7427765061796333
-0.4172411462302211	0.8870089198529995	-0.1978004094882173
-0.7631102527174651	-0.39876616835879464	0.5085747586834523
0.4461435517645238	-0.8943945309082024	-0.0318489293451424
0.46756675824573096	0.2025931046554687	0.8604285911856
0.03529147040215841	-0.924334630584879	0.3799473684845956
0.9817550895605898	-0.039014308166647194	-0.18610434675245072
0.1868460763268313	0.3795831588200317	0.9060933557318884
-0.6333352133078645	-0.5587896371505181	0.5353883160823307
0.6288248059113304	0.03165342248454617	0.7769024548265967
-0.45107191339614455	0.8287051358946721	0.33133355804526354
0.9916528816056983	0.004748902598464992	0.12884878861372823
0.1282420760609209	-0.1398864799835613	-0.9818277560984886
0.013361599107139278	0.9901561597252823	-0.1393278401016147
-0.47352521536254044	0.852928305358354	0.2197434329721495
0.8802377990625062	0.4495141933397203	0.15204738435019227
0.030907725853803206	0.26542474621758005	-0.9636360394764605
0.10626207003299959	0.05303582074273222	0.9929227433141244
0.9830572437785163	0.14438784538280802	-0.11291857934058996
-0.1493547050711449	0.9880988573133029	-0.0367942964229
0.3481721969729742	0.2982377326811468	0.8887240156877844
0.8519888021268731	0.29476654101484157	-0.43269824051937356
-0.39101304620872745	0.9078364065751905	-0.15146569443678315
0.3880896017626705	0.2513838721365554	0.8866750305683158
0.4414379322023276	0.7938370959196878	-0.4182764841043896
-0.809023493488678	0.5537407461722754	0.1971095457149311
-0.43518790442802135	-0.20953638061181495	0.8756174924244309
0.8918258460148267	-0.23375342767439	0.38730607461078176
0.1235238771229521	0.9494492299489081	0.2885966242525013
-0.7734296225824702	-0.6185183005562755	0.13871456588590447
0.6240664597061705	-0.7813587600369867	-0.004420631546497744
0.11112008271120444	0.08314806065351081	0.990322536968545
-0.5908927300863898	-0.7519615365268247	0.2922321493526498
0.7705319489838406	-0.6333545057449037	-0.0717118236261809
0.23901108159710208	0.1828002123544864	0.9536549613130202
0.03577946600074844	-0.7362103732248803	0.6758062711819002
0.8557335487309427	-0.32671364607938824	-0.4012209952655267
0.5161781895712456	0.5926655716520025	0.6183102755003804
0.9906454746322393	-0.06737017122712999	0.11867098895472575
0.1308510237355452	0.22219255927126436	-0.966182423868208
0.038724064585542194	0.9726724662666837	0.22892950921334254
-0.7619177933044816	0.027914872056728976	0.6470718941231233
0.11577168345358384	0.9888501834671647	0.09366019414499388
-0.6372426488837304	0.14627397094155617	-0.7566543014274327
0.7348291945379972	0.4128037038401803	0.5381627606500352
0.5616186331587799	-0.8151982048970194	-0.14154998276772118
0.3802769592593037	0.4062572938773003	-0.8308696922069019
0.08336017519198957	0.8817570370663489	0.46427966655447445
0.9223992872593622	0.10804731486655561	-0.37081711477970875
-0.37713477173999893	0.45916261317108625	-0.8043252194296271
-0.40292509063448945	0.8498346856566911	0.33975340821245864
0.9106021381807897	0.40953676708305453	0.055528212178439645
-0.09195171166303732	0.3317538898972445	-0.9388739208542778
-0.9638849279732025	0.1748900770038574	0.20084647517862686
0.2551434985232142	0.3902402638437651	0.8846549223490949
0.07633898602567712	0.9039502184527273	-0.42076877471104956
0.5915580043044164	-0.7360667975139996	0.3290361638799919
0.8036740156096673	0.5056465641456154	-0.31373496585743565
0.06455388584127514	0.45003024538937253	0.8906770312843892
-0.6460848957229086	-0.17857909510605918	0.7420807330134773
0.3630824152399089	0.7832882234284814	0.5046094715538026
-0.6713758018146567	0.5954570226551658	-0.4412317609923073
-0.7958923102554079	0.43342569974768924	0.4227263810960177
0.4710277547976905	0.00460919517745606	0.8821063481973491
0.3803791328221836	0.9011775175391595	-0.20782395722197555
-0.9730151439767563	-0.14401097692584242	0.18028413162770576
0.1944300115621369	-0.09097893265546175	0.9766881817739066
-0.12425176133897962	0.9853850376059792	0.1165239351653723
-0.5759089167992804	0.5195422313271488	0.6311931474744368
0.691198660453045	0.7217379918338163	0.03658801622944727
-0.43654705512578484	0.4573512228160076	-0.7747622394320124
0.9311669133673174	-0.35499022147932635	0.08312714420718252
0.3645034020826522	0.9013587032319764	-0.23385841438387941
0.008090075410973896	0.2480613447557453	0.968710544960576
0.9979559611835419	-0.005928931171772199	0.06362976751013186
0.060988851042041735	0.38572715936217195	-0.9205948721228907
-0.019085585838655526	0.9225938468825543	0.3853003167759472
-0.8528131892492521	0.4062457322369064	0.32813727200947423
0.5113997127272378	0.5224587398992627	0.6822808797887958
0.10573550995298854	0.749667439697213	-0.6533136549872562
-0.3398405543203251	0.44340410356824556	0.8293980941490606
0.7962358164531523	-0.33368299961198344	0.5046426263873578
0.5005166553037326	0.8318944985446106	-0.23965521286793456
0.439061679053129	0.2975338325999604	0.8477608509747462
0.3359882176949967	0.820738544226961	-0.46206077478005886
-0.8332687198960408	0.487710836950121	0.260386981172688
0.15959082906380684	0.4073774605956412	0.8992076355755514
0.9583773752857221	-0.2823736408823436	-0.04216554844063397
0.23673523991830409	0.868509488453348	-0.435485584890392
0.04175521636375512	-0.5967325739849723	0.8013530664143523
0.997958192470598	0.06370760931145725	-0.0045592320225149585
-0.04833164581547367	0.799907229409191	0.598174285933188
-0.9962527012132232	0.022126555888941676	0.08361202574898957
0.08345140444218377	-0.008087264233189728	0.9964790310156304
0.02272484151723013	0.9997224673286662	0.006210466673339687
-0.5756606981582997	-0.13190431219238685	0.8069795617120377
0.33437890897360056	0.862639070682926	0.3795320526186455
-0.7461940135310143	0.48831863179316753	-0.45248138968815654
-0.828432593601585	0.0018274483483746162	0.5600857954734122
0.5516700105541026	-0.1700686492251784	0.816539560588438
0.09674521855775259	0.9854305226565987	0.13988226371829793
-0.9326128631327517	-0.016143327507913544	0.3605171847447821
0.2622000560242221	0.6561032133899174	0.7076579004012599
-0.247960436643078	0.7544984866495074	-0.6076575149731773
-0.5794137778444619	0.16909970141685032	0.7972985419682774
0.5293053651829778	-0.6658061413149383	0.5258688168886112
0.6197705256242214	0.7267100337604024	0.2962718724405531
0.29929030949843793	-0.10734882991293804	0.9481041816998026
0.7271309104180335	-0.6177327160985939	-0.29947776307448226
0.6178235587568437	0.7790266492089837	-0.10682476336155355
-0.2435678560979775	0.22573952355315502	0.9432477760280324
0.8147897666459285	0.5751745277686586	0.07274543817432017
-0.5261105735916245	0.7862670857361989	-0.3240242803294171
0.9489435553659282	0.12347837036532647	0.29027438877964196
0.22560816262630115	0.37747851234216423	-0.8981152095785546
-0.2204701469266438	0.917748911615737	0.3303480733140035
0.9997196737075695	-0.007692947028774181	0.022391796891790838
0.008218457045054936	0.9996907077252153	-0.0234722357617861
-0.022204300615631337	0.023649681897876723	0.9994736922902473
0.8923734550976479	0.2598728498144867	0.3689657417245989
0.4055112809634622	-0.8205405527778871	-0.4028322259431729
0.1980661951178399	0.5090965558479617	-0.8376099803460351
0.8608508670640673	-0.5086481592821266	0.01458885649897957
0.5087738677324019	0.8608751091128248	-0.006572520262004646
-0.009216083097277238	0.013080388713121675	0.9998719754265831
