-0.148208076078729	-0.7076563171904333	0.6908378267911467
0.8576223651236128	0.25588386414653863	0.44610237267830816
-0.4924614147573615	0.6585939453182883	0.5689778292387757
0.7799283077196845	0.21734120026046258	0.5869196175685821
0.256718085254892	0.7441560510496684	-0.6167070588125494
-0.570795637264837	0.6316601731591955	0.5245929527966651
0.9504272122347426	-0.07954427562186034	0.3006007692263762
0.18120799657572978	0.9272913148148	-0.3275583603665915
-0.25268909003102186	0.36579164244803763	0.8957369580934245
-0.609711746841177	0.3712997157435217	0.7002771643090046
0.7345641165420999	-0.0672132788514368	0.6752021429429585
0.2977702880621318	0.9260771545799081	-0.23176272200804027
0.5891202956487811	-0.5362634871809867	0.6044491290184646
0.690088873367258	0.7230562272287382	-0.0310972526190339
-0.4203743856485566	0.43544364110896266	0.7960365640524105
0.2280799213655288	0.8143706027267944	0.5336478903587005
0.9487970854854207	-0.06287360400927722	-0.30956582578388026
-0.2185489419884373	0.5769293122500209	-0.7870126610305914
0.947290079759948	0.11625764965872337	0.29853921632546215
0.19983373937584836	-0.9427620508525276	-0.2669572851214257
0.25041561731540835	0.31254419586382687	-0.9163013392090928
-0.9954181535669697	-0.07271356593318695	0.062092164389754796
0.09151442392542775	-0.5363093803145427	0.8390455046064116
-0.027709380413884314	0.8408834556083922	0.5405064331912874
-0.9863307981917862	0.06097155497470292	0.1530817625398917
0.07051715932044567	0.9958394030046	0.05771666713191803
-0.14892577607562735	0.06772261739927454	-0.9865266140925253
-0.8880246082818912	0.22372766210746042	0.40169419748575397
0.45872166736578324	0.3714009708805184	0.8072395869369665
0.03141221060271979	0.9011144500211604	-0.43244192787946933
0.8904140529060688	-0.0353425042597518	0.45377717194680256
0.45154388887456276	0.19386824403840708	-0.8709323856497134
-0.05719205196026014	0.980390744216873	0.188581700720035
0.1984343795225133	-0.3676087371564099	0.9085634889152133
0.6789426690801037	0.720115042424113	0.1430775236607866
-0.706866783153587	0.5884710205615801	0.3924808388103963
-0.44924104525536257	0.7978012185845932	0.402114037162106
0.859642918425859	0.2634293096521406	0.43774313428821315
0.2433033827511269	0.5423266676470324	-0.8041674262867926
-0.8390975384349169	-0.49602798562534967	0.22331940907346207
0.5264082301962912	-0.8439149557352537	0.10345009747686276
0.1371484457588595	0.20436189704253058	0.9692401760467357
-0.005990727751894687	0.5075506271113315	0.8616011096208596
0.5877825121447773	0.6988448352147854	-0.407587554655922
-0.8089968044422531	0.5039923186046724	-0.30251597179274503
0.7336255931921055	-0.6685652490071206	0.1217127636428409
0.6785062066581005	0.7107080872229884	-0.18580458089690932
0.03772024045477873	0.21889386143948358	0.9750193130826413
-0.20813719996477786	0.9221014692329493	0.32620206380287964
0.9627377309480242	0.2520150215664607	-0.09810448671648989
-0.17267011148392633	0.29362784156699506	-0.940195577131075
0.10632509869787898	0.8693786167093422	0.4825720611426199
0.9227766047366397	-0.26705056390707194	0.27779008993776955
0.37037590517959657	0.41577014939202295	-0.830636425722427
0.9243836033140144	0.0022501943458345178	0.3814575868292631
0.04904316537516987	-0.9923847971284243	-0.1129919570516394
0.3782984560557743	0.12315579991937757	-0.9174545912970491
0.8137762809291819	-0.13592126935907334	0.5650606809298339
0.5684898952050487	-0.015888697762278747	-0.8225368005950686
0.12077832440807434	0.9905922258019377	0.06434002280028184
0.2087172436780924	-0.670252783281073	0.7121785721961837
0.9768006530788433	0.10717991388758119	-0.18539943420570576
0.04793324875454291	0.7343525533168831	0.6770736526411357
-0.4991405482807223	-0.3602304035190213	0.7880943912010434
0.8424384086793377	0.011194611968381007	0.5386763483249498
-0.20287000922720283	0.9327961926612912	0.29788424314279216
-0.2856227836169387	-0.17135990976432208	0.9428973469071142
0.8696190947553637	-0.4597954604976118	0.17986318284365727
0.40271858104112007	0.8713345602186067	0.28034590892837064
0.16167232790407726	0.6363517767817031	0.7542668457362064
0.7518844377703786	-0.574470647900791	0.32350157177232847
0.6391649635491593	0.5148202510461442	-0.5713390048683766
-0.2060810988856292	-0.43304318733851827	0.8774988197039293
0.9139024199636316	-0.40567739147058757	0.014429859120510369
0.34973268000961766	0.804922016066971	0.47936165948475007
0.9445447054164449	-0.004084311088864354	0.32835745441925135
0.18522326554102286	0.832305392191647	-0.5224558125153059
-0.27115980781096793	0.5543023114976503	0.7869061609215426
-0.07840972462734275	0.02461479986734838	0.996617291998967
0.8459590983153137	0.5305619927212016	0.053452557069319284
-0.5274515324287202	0.8472886659853286	-0.06242433364799749
0.9221617078417704	0.0967584863622525	0.3745071159634154
0.11569328627269	0.8548891432016646	-0.5057465930160568
-0.3690973423119905	0.5097081009291587	0.7771517250482147
-0.959997145802401	-0.2543671785583182	0.11705903862378393
0.26327122266557207	-0.9623249002522176	0.0679635907728148
0.0953611208376803	0.0960631293829246	0.9907967156817491
0.2063986437658959	-0.1491666828875337	0.9670309718762523
0.24565584188732292	-0.9487570299495107	-0.19877953986266775
0.9471287173337263	0.27858463496344027	-0.15917849717866206
-0.3339941849794483	-0.24220563678123996	0.9109249771036623
0.8442377709597788	-0.5066530773064164	0.17482918904119477
0.41917832778517733	0.8274292046860152	0.3736983285323743
0.6355269445423521	0.18659147876038523	0.7491923136382773
0.49318645239439657	-0.8446949540940887	-0.2079845131316631
0.5940308291118329	0.5016712614671066	-0.6288507927026175
-0.32836156345418455	0.09200450657926534	0.9400605589083234
0.8114634848064899	0.5368537718720204	0.23090049903040938
-0.48343117035585415	0.8386436659248615	-0.25094044140488503
0.7613998606965626	-0.2734560470210809	0.5877857113598963
0.4969588681236931	-0.3360246787755983	-0.8000745581800323
0.41629573085064503	0.9012819789618344	-0.11995273600117207
-0.9914885254375085	0.07558961102251861	0.10600337084838322
0.08110814578251983	-0.2782772064302468	0.9570701463681226
0.10184288199710885	0.9575218050189993	0.2697777238759358
0.7426973584769377	0.25126599646810865	0.6206980205625499
0.6088466205005725	-0.6392601403082065	-0.4697363789596932
0.27875872437721305	0.7267818600047892	-0.6277592703828183
-0.5000331089207883	-0.39343764455239094	0.7714750221699194
0.8564663069826085	-0.0928038076340989	0.507792199912706
-0.12818874750376258	0.9146552755752737	0.3833710629086876
0.3815762409418193	-0.4520006820542293	0.8062846617487041
0.8733704683568004	-0.1093456397648942	-0.4746235940897052
0.3026939004191096	0.8852902995554157	0.35304034919842875
0.7246327824953336	0.5816865485580274	0.3695241396170489
0.6672723402524117	-0.7262379313055514	-0.16530605272373994
0.1722061394583256	0.36635942237055114	-0.9143991574652597
0.6145699864727643	0.7426885769060022	0.26592745149796704
0.7830677733471078	-0.5335642166803445	-0.3195529518303548
-0.09543895468868543	0.40462687060009717	-0.9094880436357058
0.4704708250347762	0.8108286274867701	0.3481582106442668
0.8428096789671983	-0.29602202512035825	-0.4494917192594881
-0.2613982552166433	0.5049038497492	-0.8226439416163789
0.6442932532373057	-0.027752551837073147	0.7642748194853861
0.6985827390310544	-0.38533865277746226	-0.6029065262571967
0.31123682391509955	0.9223578039688181	-0.22888364051862786
-0.16520367976036177	-0.3488484259142071	0.9225033983302261
0.5678893510210447	0.7310908880353235	0.37816371908026647
-0.8063556468398622	0.5863538941363841	0.07732840125442597
0.8919809021086511	0.3181386264439662	0.32118201169708044
0.4447920265473919	-0.4906088768990342	-0.7493083364194828
-0.08080917889263052	0.8112279237502955	-0.5791192729779282
-0.23217234113063046	0.6279648790803687	0.7428028773877361
0.7969152207311994	0.560665629838708	-0.2249003834690119
-0.5576935852068462	0.5397352704420407	-0.6306058220949053
0.11577528406880933	-0.06392567900905566	0.9912162181693847
0.8797596987134924	-0.45666597329985237	-0.13220840120674338
0.4611062308387636	0.8873385466626192	0.0033686033217127376
0.05439470233150978	-0.6905980222224581	0.7211903965394271
0.9695555477073665	0.20922705475811265	0.12722452384314337
-0.2387535471320486	0.6923138098143611	0.6809539870447852
0.14346753641886445	-0.5117014224205636	0.8471001831464056
0.984923367542865	-0.009775618457146251	-0.1727147861412075
0.09665932992693715	0.8591077299015255	0.5025842042499179
-0.3890436571721603	0.34021613129578865	0.8560946307624158
0.5305146026892005	0.8424791701030272	-0.0937182174181424
-0.7531263434163156	0.41771022485527104	-0.5082508031510904
-0.11538319528027685	0.9602928193027664	0.25401657316493687
0.9933114850342664	0.1126681183748014	0.02526239895381978
-0.004360269020793631	0.2552324358255157	-0.9668698939136746
0.4685553133911231	-0.1693450923252363	0.8670514160061695
0.2342077284688684	0.9701486629727006	0.06291511470015834
-0.8518231378745234	0.17359093132314965	0.49423024021599715
-0.8123717180073609	0.36531327862121715	0.45453096731112375
0.3822953708559302	-0.2549488490252305	0.8881730314543653
0.4403435490658353	0.8952917361640992	0.06745565915753182
-0.7042842104573226	0.13845554762250464	0.6962857260012284
0.32521042956852453	-0.8089109401900285	0.48979716959241365
0.6310482766004207	0.5713957929259159	0.524676014723565
0.061910025105757494	-0.3199531195554163	0.9454084567414032
0.6718189933893293	-0.6871544198349171	-0.2765466387839242
0.738123559380645	0.6522643670997943	0.1724088353279838
-0.8995093350236558	-0.41975379765657106	0.1212010955321216
0.4368815339105502	-0.8615105587326184	0.25871622005621525
-0.004181092353065928	0.2856681755903125	0.9583194727864177
0.4852930510277461	0.5433677206349024	0.6850125362328869
0.8691172634197486	-0.21418318170304285	-0.4458259156905624
-0.09552924709191829	0.8117124397516597	-0.5761918761163325
-0.5950180774876594	0.18361886244818051	0.7824561334772232
0.4381625898044542	-0.7420409374423067	0.5073349899776247
0.6737707565327719	0.6447164962314669	0.361072855706819
-0.34198819338413733	-0.8930241427635005	0.2924926597837441
0.9379944539473174	-0.3431764649890916	0.048952203644623674
0.05666109732371799	0.29109756838404877	0.9550139924267949
0.6460450224130851	-0.35871410879018184	0.6737581295762909
0.5438265217928042	-0.4030761193942052	-0.736058663537662
0.5356104397881141	0.8419345759196342	-0.06532707448683839
0.7609961748298344	0.5134228248271885	0.39658772653831603
0.5799032050465166	-0.8123967171691617	-0.06102332922372092
0.2908557970389069	0.27642101381631423	-0.9159663358713699
-0.6928244443797213	0.3562952079967263	0.6269354145591877
0.6253348490940903	-0.13609123690667424	0.7683980099829014
0.3590969448190867	0.9244094871839975	-0.12851647453076498
-0.8961923171933814	0.10032372419239133	0.43217413269158866
0.1903342119740008	-0.7929677598208231	0.5787702649903343
0.4007645422886037	0.6009469878857159	0.6915565771470121
0.568768911030614	-0.14867190027105423	0.8089490663291744
0.377640967529693	-0.8265273824046064	-0.417420394540835
0.7306772375599823	0.5429080513357513	-0.41395847896441285
-0.44226151843327743	-0.4088573514263933	0.7982733964611913
0.467057486319381	-0.8648310429904522	-0.18418624148689192
0.7656775129165757	0.29138107911228756	0.5734413770816036
0.8023674636067823	0.13285426472774278	0.5818558220804099
0.17377400759888376	0.8806674893284664	-0.44071234101499657
-0.5709720200046949	0.454724661288066	0.6835323216850918
-0.6272888852060274	-0.029590763323014663	0.7782242872224826
0.5240153325609259	-0.7552718293158942	0.39366533385972086
0.5761220233058636	0.6547433470970014	0.489279637522525
-0.5913119160483598	0.37543836511605283	0.7137200094842535
0.5166665318501898	0.8558995169150312	-0.022174575768498517
-0.6191977978038312	0.35564315112708356	-0.700080021319909
0.5719150264110722	0.045946595300604104	0.8190250990937366
0.4944272004117569	-0.8160001179084047	-0.2994754598735293
0.6545646996731606	0.5762228023549155	-0.489399975467953
0.9265237746391748	0.343481474845189	0.15353882722799986
0.36065385443618847	-0.9270581225514225	-0.10243063356121741
0.1071563918238027	0.15027878709121142	-0.9828193088465949
0.6891148683255093	0.3002015704884433	0.6595450821050735
0.7245310455655123	-0.2687947726361233	-0.6346685231010278
-0.013246216986802839	0.9152204036622908	-0.402735832098128
0.21709458084169952	-0.1679094550222639	0.9616009348390283
0.7931346940727901	0.6045962393987919	-0.07348975685699638
-0.5690406839824623	0.7786332912346896	0.26442938141176076
-0.307925616613391	-0.26203020898418633	0.914615757688969
0.280290581606538	0.8936771220645306	0.35039747624822676
-0.9091859020552023	0.36425454160265675	-0.2017414791903409
-0.16841366441568595	-0.021811906730630017	0.9854750521260573
0.0775977901957068	-0.9969458666900657	-0.008804649132002955
0.9826573261289127	0.07498786311376601	0.1695918623955972
0.5583123925244377	-0.3048069057252371	0.7716087237556639
0.8285005750048589	0.15631378277618957	-0.5377292985609172
0.04329052517879978	0.9394992025203663	0.33980461870513057
0.18171742284225778	0.3736116821100366	0.9096115045592141
0.8845482677363514	0.34200582396887347	-0.3171850854248859
-0.4295964854141481	0.8622333369583208	-0.2683291492878308
-0.4652360528803001	-0.18535447210499528	0.8655629005283424
0.6278182667792092	-0.7584232740927543	0.1750381707307763
0.6240189412178995	0.6248502676522634	0.46921477386820043
0.17793105122191144	0.45906097144143565	0.8704042540741117
0.8088108747712847	0.43559161963348614	-0.3950758278568629
-0.5605046920970196	0.7742886835052685	-0.29378823110006214
0.25705962473208477	0.36201045630397677	0.8960294520043337
0.5283728342922501	0.7236839457317472	-0.4439636186356986
-0.8091616014830254	0.5875627423660525	-0.0052465673263255574
0.28209038495529337	0.24634147444022242	0.9272221377245
0.7698393546003282	-0.63486356588071	-0.06554098584687418
0.572514089629526	0.7323005740048597	-0.36873226938773374
0.9499101030694657	0.2368953189681237	0.2038416148325656
0.29697054353074753	-0.8874036220720769	-0.3525951046291078
0.09736165755372841	0.39546860733103717	-0.9133045977405574
0.7512644270425501	-0.032635470745980166	0.6591939674402498
0.564843706431721	-0.4848452993440726	-0.6677399366583012
0.34139910363810944	0.8739908247534094	-0.34581308575869496
0.6087298101667249	0.02997062529107261	0.7928113141435641
0.3373698543351029	-0.9142165598511656	-0.22447641987480937
0.7180735335606615	0.40411612602513447	-0.5666220584182573
-0.7408103119165199	-0.20562038648521716	0.6394687939374515
0.526750816101227	0.41290255167822365	0.7429973489550976
-0.41681369878500885	0.8872608069103931	-0.19757176171173407
-0.763260271429764	-0.39855216383018477	0.5085173849174088
0.445653995752627	-0.8946238704206999	-0.032259053662560835
0.46778870671135286	0.2020007504435664	0.8604472224916272
0.03527581432031657	-0.9241091179194372	0.3804969843536192
0.9816510570846237	-0.039351582890849945	-0.18658149706931143
0.18739482129631924	0.38009708115446555	0.9057645333358865
-0.6332370761844524	-0.558903402270071	0.5353856481792405
0.6290629342265008	0.03131243726347155	0.7767234746387973
-0.45087762211903043	0.8286413688704907	0.33175721796025526
0.9917243006889429	0.004964003782911654	0.12828978949811434
0.1277232008920373	-0.13953641641831105	-0.981945198291141
0.013026717810697176	0.9902044976466119	-0.13901567344548416
-0.4734432357249392	0.8530798461621004	0.21933143554526335
0.8802778951007807	0.44947642116183184	0.1519268712785538
0.03102144328102603	0.2650013639429019	-0.9637489025493946
0.10615770492908694	0.05253998985305719	0.9929602666524122
0.9831151788330608	0.14413903032177633	-0.11273191689107764
-0.14904726375290395	0.9881616716935233	-0.03635139287061162
0.348437607379924	0.29897936173932504	0.8883707418737402
0.8519042934657053	0.29430114448232914	-0.4331811527884018
-0.3909607506362388	0.9077434536312212	-0.15215621529077117
0.3889611512074017	0.25080956516224373	0.8864557433253726
0.4415169991965978	0.7937722867118571	-0.4183160243986127
-0.8085616626280547	0.5540939621321961	0.19800989585573825
-0.4355065237035589	-0.20897192861512487	0.8755939703210138
0.8916183858097231	-0.23401378618751578	0.38762636902079756
0.1238980302414256	0.9495094949104295	0.2882377441925953
-0.7735674488381181	-0.6183268336129248	0.138799599899639
0.6239331346498023	-0.7814677529966221	-0.003948988792383756
0.11090917718636861	0.08354686026790552	0.9903126155690524
-0.5912281796108394	-0.7517577753363139	0.29207787806584873
0.770138162931243	-0.6337681925858858	-0.07228477061808587
0.23945030722666172	0.18220352710037035	0.9536589668645925
0.0358261030731325	-0.7359509416221199	0.6760863124365915
0.8554783597422371	-0.3271288011291933	-0.40142685944578804
0.5165977800487773	0.5927587696502615	0.6178703542422012
0.9906867517898158	-0.06770499301479578	0.1181346424594007
0.13041701098623215	0.22249641242452267	-0.9661711803317431
0.03913007888518732	0.9725797552792691	0.22925413092757096
-0.7617435074561141	0.027581814014779403	0.6472913350139262
0.1161712728450589	0.988715565989937	0.0945820539783179
-0.6373782740367102	0.14724392382999266	-0.7563518775551044
0.7344690019035712	0.4123103478450087	0.5390319677929127
0.5620058997916956	-0.8147553669189425	-0.14255897262573938
0.3804006491084085	0.40764429241276956	-0.8301334091705947
0.08302157072277816	0.881564264595672	0.4647062149171391
0.9221825056811093	0.10879411328940147	-0.37113780072809016
-0.377739122954498	0.4593563848489149	-0.8039308842730832
-0.40238332267875654	0.8498908905704948	0.3402545161423952
0.910779543111704	0.409224265854814	0.05491925058505909
-0.09256503378295663	0.3319954432833078	-0.9387282568240292
-0.9639975633087545	0.1746123307109828	0.20054733081859416
0.2548152687570846	0.39101167611793497	0.8844088692158725
0.07601234599089172	0.9036705168938077	-0.4214281909813815
0.5913773416857888	-0.7362352464731717	0.3289840445845934
0.8037611521206288	0.5052153444890035	-0.3142060884747094
0.0651218095753579	0.4502389560482805	0.8905301973398686
-0.6462028860707192	-0.17894929072312216	0.7418887931378695
0.3631304077346915	0.7829225082766921	0.505142210681477
-0.671236275101629	0.5958267343644664	-0.44094485551400364
-0.7961406684139027	0.43403657130095197	0.4216305146342905
0.4700206768755988	0.004731097804497764	0.8826427250156021
0.3811044468474056	0.9008828289444069	-0.2077727824000415
-0.9729840408522477	-0.1439016329435278	0.18053912673716543
0.19466410265777956	-0.09090839467297451	0.9766481203147961
-0.12412873713718979	0.9854075216955516	0.11646489944424254
-0.5761231612485866	0.5193735821640715	0.6311364236224968
0.6909278061443682	0.7219988654056195	0.03655687417611678
-0.4366931070780322	0.45713096646700546	-0.7748099184493422
0.9310897792338613	-0.3552948575135395	0.08268849515303212
0.3646935414793496	0.9013987400608968	-0.2334072240096215
0.008393081048654563	0.24747904081166422	0.9688568937409948
0.9979665322505065	-0.0053411670467633995	0.06351592274758593
0.06065198824257332	0.3859820816084216	-0.9205102764225136
-0.01959940892275791	0.9224908154620338	0.3855211518945104
-0.8527898462184067	0.4061309398187768	0.32833997305948637
0.511495084948586	0.5225527970833501	0.6821373412545352
0.10546210817267955	0.749664080760366	-0.6533616990285629
-0.33972450916769525	0.4425782121394307	0.8298866091281594
0.7960858742460696	-0.33455159088518327	0.5043039895361375
0.5008338434018216	0.8319854320693715	-0.23867488792854097
0.43896806114936204	0.29702156048366957	0.8479889350095412
0.33690161290646203	0.8205124228109794	-0.46179721440680116
-0.8329491848317007	0.48840306778387715	0.2601117045953586
0.15995831909153602	0.4071035939411824	0.8992663676317397
0.9581975765781416	-0.28295642237331897	-0.04234462513080378
0.23721454507088457	0.8684482292214457	-0.4353469108296837
0.04201300844432043	-0.5965440662500008	0.8014799337122371
0.9979480115082817	0.06385015921588066	-0.004787848658125704
-0.04831845866875201	0.8000364580380206	0.598002501969561
-0.9962642880803445	0.022593530864415533	0.08334866920858647
0.0831793973009064	-0.008332698826963192	0.9964997511263697
0.02320896724159939	0.9997100071987562	0.006422253984431414
-0.5762589634027198	-0.1317356415256028	0.8065800194958092
0.33424301350216984	0.862623117068012	0.3796879848307755
-0.7457930108434984	0.4883923409019687	-0.45306258543967637
-0.828260229973286	0.0016473126447336672	0.5603412155157337
0.5519393294662065	-0.1701465435858065	0.8163413074775755
0.09668489040689773	0.9854173938321028	0.14001639868298432
-0.9327806913372041	-0.01637562922171225	0.3600722436346347
0.2617620616241846	0.6559765190687148	0.7079374474660516
-0.24779185814457932	0.7546036344983271	-0.6075957124924198
-0.579512316831944	0.1692319744505289	0.7971988544043754
0.5293350383455002	-0.6656078320859273	0.526089945775093
0.6196530414835716	0.7268608895032448	0.2961475231885474
0.29914959151855947	-0.10747783284456097	0.9481339764723736
0.7275151992696736	-0.6172632260984674	-0.29951251148845015
0.6174391927355164	0.7793809242941147	-0.10646228496780119
-0.24330323542580334	0.22600398611369338	0.9432527412587028
0.8150547565112698	0.5748291737966031	0.07250630897149074
-0.5258224790931731	0.7864436529167464	-0.32406342167432767
0.9489865013846526	0.12378895151347594	0.2900015787421011
0.22518991679763103	0.377704013484674	-0.8981253696284529
-0.2207127580417425	0.9176142837166189	0.3305599866239768
0.9996961107309348	-0.008030756140893634	0.023306504354966794
0.008605634578606886	0.9996585730845698	-0.02467144730293011
-0.02310041651014268	0.024864517174625997	0.9994238973242188
0.8922296888227026	0.2590077525227509	0.36992048674878314
0.4054441568655849	-0.8201716251046633	-0.4036502707006778
0.198849737356875	0.5101308552776327	-0.8367946536915809
0.860615446496179	-0.5090297884195367	0.01515677253719239
0.5091656108702289	0.8606413754097259	-0.006841318586500375
-0.009562110610584689	0.013605051797664303	0.9998617247431035
