-0.14835383568394067	-0.7075894362629732	0.6908750459575955
0.8575808095757605	0.25585674181892537	0.4461978067104171
-0.4924898927747098	0.6586763373272577	0.5688577925632234
0.7800314592331579	0.2173297436865335	0.5867867629009161
0.25672327519930205	0.7440423481233093	-0.6168420739298639
-0.5706523307387202	0.6317980426594387	0.5245828349404584
0.9504414532096697	-0.07925219485324593	0.30063288847302533
0.18100161268452347	0.9272492466408266	-0.32779147458349367
-0.25278342553714456	0.36596164309250023	0.8956408965421043
-0.6097277095201559	0.3707858698806792	0.7005354801436774
0.7346159050127536	-0.06749960633548002	0.6751172307435562
0.29760979880641947	0.9262621884981506	-0.23122881700389186
0.5889579628277735	-0.5363150877479612	0.6045615309260555
0.6902383255497873	0.7229126934418177	-0.03111738425578675
-0.42035648200543424	0.4356183700380336	0.7959504153660716
0.22807432252100446	0.8142837715590131	0.533782767408441
0.9488023663038915	-0.06282860936282453	-0.3095587755849767
-0.21853185832441263	0.5770567608313437	-0.7869239618134121
0.94728522685713	0.11625904173858068	0.298554072476432
0.19986081475990428	-0.9427349158973186	-0.26703283144883744
0.2504123673098893	0.312625516492341	-0.9162744854770073
-0.9954339671265302	-0.07262764836061249	0.061939016656267325
0.09134282794335676	-0.5364320779943406	0.8389857647671884
-0.027707487689223355	0.8408126131263024	0.5406167262799686
-0.9863381412188563	0.06085510705622576	0.15308078626041383
0.07038173528953484	0.9958558043031974	0.057598857395486355
-0.14894120489161167	0.0675860413162883	-0.9865336509742726
-0.8879630759769277	0.22385718847002295	0.4017580551425068
0.4588333818731147	0.3713196440722102	0.8072135093052938
0.03151988864944477	0.9011157978286607	-0.43243128416332555
0.8903570977637892	-0.03528816400348711	0.45389314154644955
0.4516376908686947	0.19402919843593613	-0.8708479008076564
-0.05733789888403343	0.9803608599059692	0.18869273890638516
0.1985565626938487	-0.36746622713391597	0.9085944438126227
0.6788102991909417	0.7202636663927834	0.1429574362764298
-0.7069595951138282	0.5883781290891008	0.3924529374155601
-0.44939396532753895	0.7976738753507983	0.4021957887770956
0.8595446147722124	0.26344265634722186	0.43792810144224426
0.2433682788353482	0.5425074703629056	-0.8040258238745577
-0.8390649741725282	-0.49623454618944357	0.22298260982644286
0.5265311828400524	-0.8438498777418428	0.10335519983112867
0.13687542735608144	0.20412902538158134	0.9693278384441746
-0.005877261879800644	0.5074181106396285	0.8616799398777403
0.5876001932441741	0.6989876533274124	-0.40760553651201353
-0.8091300703176255	0.5039276947050508	-0.3022671133567918
0.7335844601923793	-0.6686413685676194	0.12154242059575919
0.6785318190684353	0.7106090843435171	-0.18608949395424856
0.03805798570517742	0.2189827607107218	0.9749862256645349
-0.2079467146303644	0.9221548735395971	0.32617258174409364
0.9627507760134631	0.25187929020400446	-0.09832480079716069
-0.17282681261862176	0.2935765868959863	-0.9401827909861948
0.10614136972792332	0.869345931374582	0.4826713801695116
0.9228046006209437	-0.2669192000266354	0.2778233426657345
0.37035885125794044	0.4159228200755545	-0.830567594501072
0.9244934911621249	0.00205865844860683	0.38119227002164946
0.04887199751644172	-0.9923731459096319	-0.11316831330444993
0.37805199729351924	0.1232529967295449	-0.9175431249481238
0.8137601311885725	-0.13601792493878218	0.5650606807974744
0.5684949899516359	-0.01589897104179827	-0.822533080866479
0.1208631262538197	0.9905787938448714	0.06438756011057822
0.20866058118857678	-0.6703872975279346	0.7120685593194227
0.9768161591755677	0.10722655182444696	-0.1852907384553561
0.04786390113161815	0.7342229483590335	0.6772190997538616
-0.4990049856855574	-0.36045479048877205	0.7880776410193682
0.8424106919834855	0.011594102804392326	0.5387112425150103
-0.20331810124251565	0.9327046267676903	0.2978654543804662
-0.2854215556234587	-0.17129379973387687	0.9429702910262949
0.8697241666097617	-0.45963851806141864	0.1797562425320981
0.4026343373340635	0.8714303568771479	0.28016909806851675
0.16165209576233464	0.6362636855825826	0.7543454926918526
0.7519633762657013	-0.5744378364853855	0.3233763330379599
0.6390772102733228	0.5149657215998543	-0.5713060693589815
-0.20579437987771176	-0.43312783321561477	0.8775243320299984
0.9139643517278522	-0.40554698628403063	0.0141705923174541
0.34973967029983205	0.8049421855076843	0.47932268985379534
0.9444928690657739	-0.0039010347757955505	0.3285087551520977
0.18514576902512997	0.8323406715861219	-0.5224270768592079
-0.2713931916905729	0.5542506548045221	0.7868620890300678
-0.07835701674927642	0.024574191149864977	0.9966224395705142
0.8459939370820904	0.5305083876498966	0.05343322050420746
-0.5274034853378368	0.847323409190633	-0.062358671338196725
0.9221555028591627	0.09663005044585808	0.37455555248506944
0.11583466794050966	0.8548788872706237	-0.5057315669424365
-0.3690685007551804	0.509749665472937	0.7771381603682528
-0.9599788295115605	-0.25422724718776707	0.11751235542250373
0.2631935231750238	-0.9623326284006144	0.06815483603005798
0.09575915751682988	0.09635569055793172	0.9907299150872406
0.2063540142080984	-0.14898618690835694	0.9670683207150941
0.24571915821351273	-0.9487781873638106	-0.19860021769747577
0.9471220175389476	0.2786091658455446	-0.15917542712304322
-0.33397449867711027	-0.24221093809848993	0.9109307853502496
0.8443271011169159	-0.5064851791397189	0.17488427496865583
0.41901405770317346	0.8275304373720984	0.37365839301408044
0.6354699196625253	0.18655846664423648	0.7492489037212233
0.4932557440437514	-0.8446406366087342	-0.20804077955304076
0.5940343021846035	0.501774982948077	-0.6287647527617206
-0.3284040443805438	0.09206556283567269	0.9400397415930097
0.8114286177069031	0.5369111517237951	0.2308896132806591
-0.483460838125247	0.8386002309171985	-0.2510284260892679
0.7613365456877221	-0.27362639920419535	0.5877884465169705
0.49687682379733483	-0.3361568987297301	-0.800069972820804
0.4165094070646656	0.9011809657859826	-0.11996991594430795
-0.9917129576479735	0.07239462908594985	0.10613400639105383
0.08189276362570172	-0.28031541206037214	0.9564083045578224
0.09898982219831218	0.9571741155301532	0.2720638301211963
0.7426452264014465	0.25134292987155854	0.6207292479871761
0.6088354084534149	-0.6394503542911558	-0.469491948610707
0.2789220556293601	0.7265878997069082	-0.6279112285052688
-0.50011119286444	-0.3934143798530153	0.7714362711828984
0.8564102509417232	-0.09275529464748367	0.507895596945665
-0.12825863266712995	0.9146702034283866	0.38331206882464885
0.3815252333209185	-0.45187636929961006	0.8063784739240136
0.8733546073556847	-0.10955298869103114	-0.47460496465951624
0.30280394011640044	0.8853281253509713	0.35285107951162364
0.7247067947821229	0.58154714958337	0.36959839611134626
0.6671929346309948	-0.7262740339500764	-0.1654678687490833
0.17220235066660117	0.3665091273370152	-0.9143398766342612
0.6144821996568868	0.7427229141143542	0.26603439468293466
0.7831585236513471	-0.5335431341589518	-0.3193657007633808
-0.09525939920593846	0.4045916420804122	-0.9095225395896462
0.47047779061969663	0.8108169921141739	0.34817589496191786
0.8428257078759762	-0.2960553399004311	-0.44943971994006027
-0.261334028930349	0.5049030015907647	-0.8226648675540167
0.6442479104697753	-0.027766576666520104	0.7643125323292499
0.6986024027919691	-0.38537530760618877	-0.6028603114326923
0.3112865443102479	0.9223420675148986	-0.2288794394953957
-0.1652854368421881	-0.3487911310989262	0.9225104179545176
0.5679527379896983	0.7310439031298418	0.3781593567620555
-0.806294246400092	0.5864465521796663	0.07726596701452482
0.8920136921289012	0.31814359815036036	0.3210860071857818
0.4447125561076741	-0.49059079858352983	-0.7493673403514148
-0.08088458131649516	0.8112369070136766	-0.5790961623117001
-0.23221319619205194	0.6279916708817497	0.7427674554107898
0.7969327840949025	0.5606524914144839	-0.22487089964128168
-0.5576514764160666	0.539717745839323	-0.630658057648597
0.11582439213180895	-0.06379249362084194	0.9912190615322789
0.8797350587508782	-0.45671854726210004	-0.1321907522914726
0.4611409075238127	0.8873210728616961	0.0032213450114408904
0.05418099812615218	-0.690753725290729	0.7210573558594584
0.9695716728907604	0.20904340921771192	0.12740339159711705
-0.23873665527075222	0.6922139438494548	0.6810614255487664
0.1433472765815993	-0.51167976534617	0.8471336234809281
0.9849638306485777	-0.009638008022905709	-0.17249162621829028
0.09642515548713643	0.859122183706508	0.5026044795389739
-0.38885280229726904	0.3400897235355682	0.8562315563508867
0.5306220142658772	0.8424218270305139	-0.09362554843093854
-0.7531492389440382	0.4179287562349253	-0.5080371822907692
-0.11533677822444455	0.9602339184900593	0.2542602001297718
0.9933177985204426	0.11256142546308923	0.02548875517201972
-0.004144723308875248	0.2555009731467644	-0.9667999141444676
0.4685759131095105	-0.1690446769366934	0.8670989048851103
0.23426334196718673	0.9701593593226925	0.06254201890687358
-0.8517965134138279	0.1738238036574731	0.49419427861732157
-0.8124989611347546	0.36563101825261246	0.4540477911481379
0.3817453633869985	-0.25493974265852315	0.8884121820111063
0.44058587776672303	0.8951646139703938	0.06756033013360951
-0.7043276745595959	0.1384153353890396	0.6962497553167339
0.32516112348707726	-0.8089561875814419	0.4897551738841772
0.6310251743172326	0.5713414753917649	0.5247629444568924
0.06196130576994008	-0.3198168364491506	0.9454512085300548
0.6718028895963626	-0.6871952562212593	-0.27648428048801466
0.7381339134041067	0.6522881809067638	0.17227435947372893
-0.8994857438467343	-0.41977266245935285	0.12131079287628932
0.43693045461651436	-0.8614530058407901	0.258825223957161
-0.004144206207926847	0.2858139789787314	0.9582761579916572
0.4852548338135484	0.5434150032364097	0.6850021025647721
0.8691443852140351	-0.2142330826750567	-0.4457490593803419
-0.0954766144744486	0.8116676170361337	-0.576263737834841
-0.5950694920630524	0.18349080542633642	0.7824470742100162
0.4382747404627362	-0.7419847308997487	0.5073203238427849
0.6736523966320773	0.6448176357976115	0.36111309180952844
-0.341981010371589	-0.8930732636936898	0.2923510462111069
0.9380101448128804	-0.34311014419400254	0.04911616006255101
0.05644428025359628	0.29102504123644135	0.955048935186036
0.6460577849032992	-0.35875162191599225	0.6737259178170952
0.5437495562975126	-0.40313419327089783	-0.7360837195877118
0.5356731826329376	0.8418907862593984	-0.06537694868554111
0.7609825089488779	0.5132825908324676	0.3967954170881773
0.5798248033109756	-0.8124516397845878	-0.061037123758598405
0.29104779425252375	0.27652000824469036	-0.9158754645152891
-0.6928118409866753	0.35649133400091193	0.6268378432823786
0.6253518169749838	-0.13584692282874777	0.7684274322042691
0.3590917125119153	0.9243698082154189	-0.12881614675594633
-0.8962055557984592	0.10024515205977376	0.432164912093159
0.19039278262592996	-0.7929585621236128	0.5787636020680708
0.400707112589645	0.6009722358340405	0.6915679154477195
0.568843578871122	-0.14870286787255363	0.808890870181863
0.37755811571313	-0.8265443313726641	-0.41746177972943466
0.7306619273208673	0.5428737655866179	-0.4140304609585652
-0.4422549443836461	-0.40897980816015533	0.7982143074923558
0.4670726000746339	-0.8647964495789875	-0.18431030100105594
0.7656720906678913	0.29131189009867287	0.5734837680871179
0.8022459980291341	0.1328339202190047	0.5820279274102658
0.17386193027875385	0.8806861259887914	-0.4406404165423326
-0.5711159145444857	0.4546945096766682	0.6834321583185196
-0.6273503986612263	-0.029626476155805437	0.7781733413643711
0.523941834083463	-0.7553380574417727	0.3936360927015538
0.5761218897046506	0.6546653273930725	0.48938418171459497
-0.5912994929564352	0.3753446654233185	0.713779582061381
0.5167468578284122	0.8558560430231242	-0.021979957808487022
-0.6191426286033981	0.3558466183049337	-0.7000254207434309
0.5720129101008264	0.04606777266312018	0.8189499319249272
0.4945868964170284	-0.815872285864089	-0.2995600358049755
0.6543584893394105	0.5763941129823982	-0.48947399721402873
0.9264791003146645	0.3436145102872534	0.15351073252440947
0.3607864743172764	-0.9270026581665398	-0.10246556349271019
0.10709620268636519	0.15031679903530543	-0.9828200564182339
0.6891476307731856	0.30019724352658905	0.659512818661429
0.7244974612197067	-0.2686493651638209	-0.6347684202000566
-0.013378029970989636	0.9152645156325651	-0.40263121431153537
0.2172404908019565	-0.16800281991708604	0.9615516739395924
0.7930990204296078	0.6046369256976025	-0.07354000188025933
-0.5690347203376274	0.7785815567959846	0.264594494401186
-0.3077789179938213	-0.2618118880041282	0.9147276495975543
0.2806886402003758	0.8936237080496737	0.3502150134903063
-0.9091127679782174	0.3645424580364615	-0.20155091512498324
-0.16846710518184937	-0.021311972559800527	0.9854768562971217
0.07754511742561644	-0.9969542620885652	-0.008303858554401439
0.9826523236807079	0.0750199915292881	0.16960663794748876
0.5583760530184477	-0.30510363841869564	0.7714453663346572
0.828441377072362	0.15620008063552637	-0.5378535298423759
0.043601240463870705	0.9394217927178019	0.33997886286780066
0.18183938688826062	0.3733198804409888	0.9097069331623382
0.8846147974247582	0.3418886140554751	-0.3171258989051196
-0.42940784523952885	0.8624061934185956	-0.2680754744470155
-0.4652727278663684	-0.18509420737862511	0.8655988811791906
0.6276902456996766	-0.7584913700792608	0.175202160285668
0.6241203763355812	0.6248447614489249	0.46908717732695326
0.1780139479614986	0.45922364807516614	0.8703014853369473
0.8087217496969576	0.43558887348052433	-0.3952612615309766
-0.5606069620493954	0.7741937576269288	-0.2938432571171985
0.2569657398926143	0.3618865409916912	0.8961064333942205
0.5284653512800277	0.7237119189057131	-0.44380787614719913
-0.8091310036192646	0.5876046203723042	-0.005275329297977915
0.2820855252713521	0.24633665616724654	0.9272248962688207
0.7698518973757927	-0.634847620907216	-0.06554810703094144
0.572499617938106	0.73231601788899	-0.36872406675444336
0.9499179738306669	0.23698266530482573	0.20370336113687793
0.2969811449350869	-0.8874563275086265	-0.35245349525568004
0.09725246807400441	0.3952979675003676	-0.9133900997621949
0.7511948172122136	-0.03253599178221567	0.6592782082188495
0.5649493844525921	-0.4848560015364165	-0.6676427568548591
0.3413774151875697	0.873988596614891	-0.3458401269184759
0.6087473372466838	0.029778888898179312	0.792805081448815
0.3374416460842186	-0.9141190249778575	-0.22476553041226058
0.7180249402931944	0.4043508698513233	-0.5665161596701664
-0.740874609616835	-0.2055813241149621	0.6394068595192274
0.5267721124353675	0.41274352223046173	0.7430706066163382
-0.4166724785553789	0.8873438476892321	-0.19749668752307237
-0.7633112192348972	-0.3984777349106624	0.508499240285177
0.44548831749143336	-0.8947015024293377	-0.03239414344194866
0.4678633791704435	0.20180365787357166	0.8604528703537807
0.03527025363512326	-0.9240336895263674	0.38068064020751424
0.9816158832710671	-0.03946543215822307	-0.1867424359231919
0.18758002803730686	0.38026861596094613	0.9056541905146078
-0.6332033497971472	-0.5589415601451589	0.5353857022261309
0.6291429630210484	0.03119991832331903	0.7766631812939981
-0.45081332044069783	0.8286198751171214	0.3318982565096099
0.9917478903507418	0.005033781153482554	0.12810457849800583
0.12755101851301648	-0.13942131784276524	-0.9819839274689167
0.01291741696876815	0.9902203578892353	-0.13891286175358086
-0.473399731578368	0.8531319970156525	0.21922246648008997
0.8803008233783632	0.44945100026355844	0.1518692158452877
0.031034730559570567	0.26487656376163526	-0.9637827823057039
0.10612460565147164	0.05237373454760913	0.9929725877408984
0.9831343811044992	0.14405546229103572	-0.1126712584219654
-0.14894413974907822	0.9881826833706675	-0.036202589973018506
0.34852661769267845	0.29922634273282617	0.8882526625766112
0.8518762564554132	0.2941449810208121	-0.43334232868227557
-0.3909425027382068	0.9077126891010192	-0.15238646133362366
0.38925040034546177	0.2506182914404748	0.8863828731571672
0.44154368604471667	0.7937506991548889	-0.4183288191186088
-0.8084078791952378	0.554211421378685	0.19830885322767433
-0.43561087503576124	-0.2087859674465395	0.8755864236887134
0.8915500650469004	-0.23410086945396014	0.38773091756496264
0.12402276833487597	0.9495289372727473	0.28812002744731413
-0.7736132826236057	-0.6182632693373156	0.13882729824016435
0.6238888685314079	-0.7815038714002847	-0.0037919268146291985
0.11083848010023081	0.08367932106979468	0.9903093468984169
-0.5913394442142361	-0.7516901552742682	0.2920266634746649
0.7700070466304546	-0.6339056003816277	-0.07247646476100547
0.2395971824872812	0.18200439628908674	0.9536601018578902
0.035840191560240875	-0.7358652118627115	0.6761788747359472
0.855393578830253	-0.32726737599332734	-0.4014945702078841
0.5167371730047072	0.5927887098964424	0.6177250516649091
0.9907004882338699	-0.0678156436004462	0.11795584384094329
0.13027206678156233	0.2225952994545738	-0.9661679570743323
0.039264885452932385	0.9725494183555846	0.22935975590016267
-0.7616859509398772	0.02746754888193259	0.6473639207580494
0.11630187726092778	0.9886705876417777	0.09489121391175286
-0.637423238897359	0.14756694375936838	-0.7562510242129399
0.7343480701080858	0.41214425894687895	0.5393236706706448
0.5621345583969402	-0.8146077801629841	-0.14289472612315976
0.3804440171489192	0.40810693980262547	-0.829886182256657
0.08290824735194136	0.8815002468087776	0.46484786478706513
0.9221105728248591	0.10904273722782176	-0.37124354936143256
-0.37793956395915934	0.4594202828934836	-0.8038001553000795
-0.402203504464119	0.8499088699788105	0.34042216985402474
0.9108381920415859	0.40912079488676556	0.05471711898150494
-0.0927692239656891	0.33207693072925504	-0.9386792759842102
-0.9640362048392073	0.174499731283573	0.2004595708395569
0.25470798889575164	0.3912664878135813	0.8843270751858197
0.07588172475570232	0.9035819715421427	-0.42164153561065887
0.5913191387187768	-0.7362891401586459	0.3289680505297223
0.8037886568600333	0.5050728254451999	-0.31436481371162733
0.06531057562162085	0.45031071837259723	0.8904800871612616
-0.6462418038263262	-0.17907155960972287	0.7418253888390703
0.36314624097151194	0.7828016526454722	0.5053180981162045
-0.671190240286282	0.595948780646843	-0.44084998830666255
-0.7965903824590972	0.4335781347997092	0.4212526125702649
0.4691723420887326	0.003992368030963145	0.8830976018631679
0.3812100155985434	0.9011071312674815	-0.20660315095914572
-0.9729739254842675	-0.14386627206213273	0.18062180402896683
0.1947397348392024	-0.09088329092877934	0.9766353787902174
-0.12408938714689192	0.9854150004911123	0.11644355200958778
-0.5761961039729191	0.5193167343628318	0.631116612978262
0.690836528947617	0.7220866874761829	0.036547312367421425
-0.43674127356827375	0.45705682926786856	-0.7748265062461177
0.9310649383802668	-0.35539395091699516	0.08254223264825339
0.36475463438072314	0.9014129960360435	-0.2332566553715215
0.008493363099202747	0.24728475535085506	0.9689056262373198
0.9979699790931345	-0.005147945520455777	0.06347770857369653
0.060540440321631805	0.38606693279132565	-0.9204820359413654
-0.019768052876084283	0.9224564065916699	0.38559486773486995
-0.852784435600974	0.4060905906498831	0.32840392595454315
0.5115223808589878	0.5225831657300465	0.6820936070481202
0.1053734325011795	0.7496647698012705	-0.6533752158153288
-0.3396868806061124	0.44230502714501074	0.8300476408654749
0.7960334143344346	-0.3348426773905211	0.5041935983935241
0.5009427376528695	0.8320136082782535	-0.23834791635894303
0.4389347273283555	0.29685010315787824	0.8480662246548553
0.33720576068558855	0.8204380358704175	-0.4617073794705312
-0.8328436708684505	0.48863221910988286	0.26001918071964547
0.16008305959616853	0.40701252793976783	0.8992853919253938
0.9581377058196479	-0.2831497317928817	-0.042407146476519886
0.23737217763881135	0.8684279080532239	-0.43530152514930354
0.04209770550729852	-0.5964821174400061	0.8015215946968038
0.9979447641879406	0.06389511408673176	-0.004864362827659896
-0.04831180829669235	0.8000790573250435	0.5979460437271689
-0.9962891442590109	0.022844336662659517	0.08298239159057261
0.08281364255655908	-0.008238044045558501	0.9965310006401296
0.023448702270328997	0.9997050919710004	0.006315651121694188
-0.5764583579331986	-0.13167966414401683	0.8064466675607751
0.334197353733833	0.8626178925659971	0.3797400429007998
-0.7456593661493589	0.48841666379835663	-0.45325629857490046
-0.8282025394042849	0.0015864511468048903	0.5604266561264307
0.5520296129592985	-0.17017153418152464	0.8162750488470865
0.09666364435660812	0.9854131783810611	0.14006072873091213
-0.9328365089998276	-0.016454057324718774	0.35992403569999276
0.26161530435193897	0.6559349242421899	0.7080302307728357
-0.24773671509458817	0.754638084883706	-0.6075754116463203
-0.5795441172643234	0.16927537761895203	0.7971665212966973
0.5293441600480935	-0.6655438658430444	0.5261616888957943
0.6196155068809165	0.7269093541636793	0.29610709964816406
0.29910311131461986	-0.10751973524460573	0.9481438895731198
0.7276432264643808	-0.6171068914938114	-0.2995236542434524
0.6173108323870722	0.7794989358580134	-0.10634258419751186
-0.24321340237768174	0.22609084898588322	0.9432550921721623
0.8151433515611659	0.5747136468109321	0.07242610423672358
-0.5257266944996244	0.7865031164427271	-0.32407451383343444
0.9490006607624869	0.12389379174682676	0.28991045900235674
0.22504976101220392	0.3777795488732171	-0.8981287310411011
-0.22079481638098558	0.9175690387211975	0.330630773279718
0.9996884510759181	-0.008153731249351237	0.023590622122891675
0.00874550209538258	0.9996469028392879	-0.02509154911357511
-0.02337770259309866	0.025290043703652353	0.9994067723959729
0.8921825664554466	0.25871858633049516	0.3702363585604778
0.405420380396882	-0.8200489549828154	-0.40392329295355067
0.19910947559526165	0.5104746854827794	-0.836523168961528
0.8605371248008313	-0.5091565454001045	0.015345002956980767
0.5092957808507913	0.8605636605153217	-0.006927756350564926
-0.009678039424450531	0.013776736794369063	0.9998582584927713
