-0.1490827274550126	-0.7072566619261468	0.6910588647399426
0.8573794611564914	0.25571112381469785	0.4466679759557747
-0.4926203405885496	0.6590901572004456	0.5682652239226972
0.7805344527606417	0.2172699047867114	0.5861397073459697
0.256759994993457	0.7434778870437719	-0.6175070335209861
-0.5699476055082656	0.6324827428087677	0.5245238860380838
0.9505137015370894	-0.07781138187273703	0.3007808039774414
0.17998110504976075	0.9270394316536982	-0.3289448190567153
-0.25324001464090923	0.36680141904066194	0.8951682601469004
-0.6098135855175757	0.36822666410726207	0.7018094575870549
0.7348702650256125	-0.06891208722364217	0.6746975750776546
0.2968047919077198	0.9271786494925985	-0.22857529924665188
0.588142202252798	-0.5365813439160892	0.6051191711476612
0.690996279269826	0.7221836680316012	-0.031223255174288783
-0.4202533663928053	0.43649880983758216	0.79552240511873
0.22804901720528736	0.8138455305374754	0.5344615029877059
0.9488313297466859	-0.06261242451377735	-0.30951379934930534
-0.21843249172876744	0.577698136331321	-0.7864808388234772
0.94726088573249	0.11625395844554301	0.2986332726054489
0.19998438795214876	-0.9426032053774187	-0.2674050145147265
0.25040578854471973	0.3130243031426771	-0.9161401239468443
-0.9955122375778163	-0.07228138923696084	0.06108015719351705
0.09044868403768255	-0.536956600658901	0.8387470682897731
-0.027828409740070635	0.8405075905539539	0.5410846235410187
-0.9863798374918062	0.06025317649198993	0.15305022349628533
0.06968015845639576	0.9959400853017774	0.05699142046466317
-0.14899493852855994	0.0668797518813696	-0.9865736703770058
-0.8876458827596041	0.22452125884256238	0.4020882877524232
0.45940904049531406	0.3709149091441748	0.8070721551916803
0.03206431554078895	0.9011172701165592	-0.43238818805164136
0.8900761833045364	-0.035004991955271236	0.45446566256675625
0.45209798830039416	0.1948149269103272	-0.8704335432574164
-0.05806717565687192	0.9802151778008414	0.1892258130385459
0.19917169267906576	-0.3667537630616342	0.9087476625089532
0.6781360857003444	0.7210165460404256	0.14236077271126954
-0.707433449948736	0.587900346671156	0.3923150472229734
-0.4501451540912367	0.7971063171180028	0.4024808808611301
0.8590054676459404	0.26344696057371264	0.43898212437279505
0.2438830596875404	0.5433389533017552	-0.803308057361805
-0.8388921351685561	-0.4972747928029388	0.22130920901565737
0.5271587534115253	-0.8435147274269938	0.10289097781327276
0.13551248744653877	0.2029795188105415	0.9697606306143247
-0.005325453077531295	0.506755127536253	0.8620735933000354
0.5866810335505142	0.6997108297952688	-0.40768875326567044
-0.8098005954687977	0.5035910993881169	-0.3010298991719069
0.7333586833335465	-0.6690415411028161	0.1206998668518563
0.6786789240269357	0.7100930849831093	-0.18751727584628397
0.039748706405714575	0.2194338782821365	0.9748173230924514
-0.2069783408292094	0.9224237233226382	0.3260282826369339
0.9628168448874308	0.2511884080398882	-0.09943896051045384
-0.17361938148893574	0.2933238113723252	-0.9401156588704456
0.105125453096094	0.8693460965546472	0.48289336661062093
0.9228696828593429	-0.2661886127543125	0.27830769105260367
0.37048642022405814	0.4163904259767912	-0.830276354947213
0.9250380810839641	0.0011705256114819956	0.37987258181433725
0.04807611014819095	-0.9923152471004022	-0.11401376234949448
0.3768198988608703	0.12372986802652325	-0.9179856663263446
0.8136868942706172	-0.13648138781221378	0.5650543946144384
0.5685136654370238	-0.01594378193520596	-0.8225193055661141
0.12126768037526403	0.990514324277269	0.06461828764326782
0.20835791117054037	-0.6710598539543907	0.7115234734450869
0.9768971790164459	0.107437488411396	-0.18474059573781143
0.04752770226257008	0.73357743864882	0.6779419289460398
-0.49831491910386116	-0.36156753148675913	0.7880045441322556
0.8422801237845826	0.013580958057530568	0.5388689549933898
-0.20553937451481302	0.9322470046896429	0.29777355116136195
-0.28441233515897224	-0.17097429314777568	0.9433331408850423
0.8702544342385515	-0.45884512834864966	0.17921598109222814
0.40220249041690326	0.8719110844996351	0.27929235118261153
0.16153941996713095	0.6359083190983388	0.7546692159470982
0.7523032965541805	-0.5742769567976083	0.3228710685165063
0.6387055391887528	0.5155837338326366	-0.5711642912654828
-0.20435235271748664	-0.4335480232933054	0.8776538198158175
0.9142711704722917	-0.4048984220368883	0.012864473376850427
0.34978327973482926	0.805042470513516	0.47912240386715466
0.9442388256464468	-0.00297143025694159	0.32924794721311046
0.1847364833940145	0.8325201461524468	-0.5222859733455624
-0.2725536127902767	0.5539868020562734	0.7866467767063127
-0.07809969148210882	0.024372311617993137	0.9966475949987512
0.8461802026480617	0.5302203672060994	0.05334254255577153
-0.5271427727256486	0.8475095000212236	-0.06203341468024193
0.9221252531462099	0.09598781471969633	0.37479508659449584
0.11654047961523606	0.8548268722201178	-0.505657329761392
-0.368921853677834	0.5099581923606167	0.7770709799775071
-0.959889872981561	-0.2535157477093802	0.11975473857345383
0.2627920387093194	-0.9623755383177315	0.06909173350449102
0.09773318852079858	0.09779104719252127	0.9903964534218346
0.20611863538124064	-0.14808473980604453	0.9672569555113837
0.24605121842950312	-0.9488793593480185	-0.19770371598088513
0.9470870636102744	0.2787451725857681	-0.15914528803014605
-0.3338860987908989	-0.2422375796001064	0.9109561065516141
0.8447704951974526	-0.5056470766868877	0.17516804583557744
0.41819000882140206	0.8280350166916169	0.37346368987422196
0.6351842363805911	0.18640535127567998	0.7495292061483634
0.4936167887341765	-0.8443600431762894	-0.20832326650447494
0.5940399411936581	0.502303854756387	-0.6283370001547817
-0.3286293802220126	0.09237067630959206	0.9399310552444815
0.8112483212620838	0.53720276732417	0.23084485705491609
-0.4836102684025092	0.8383798929705807	-0.2514761685692919
0.7610113138194526	-0.27448258215332855	0.5878104221032763
0.49647256143108065	-0.33682114209461855	-0.8000415701600379
0.4175844537154758	0.9006724323151665	-0.12005162923771406
-0.9917824988946684	0.07228072664157481	0.10556027397848647
0.08161608464633377	-0.277932834994435	0.9571270312549732
0.09852050351703279	0.957877255074011	0.2697496517117831
0.7423755367324026	0.2517359635065628	0.6208925568395063
0.6087917249148534	-0.6403902362857867	-0.4682659297290711
0.2797341561848936	0.7256234215812335	-0.6286648168271141
-0.5004972382515178	-0.3933020259985297	0.7712431723185982
0.856131164723473	-0.09250492560237733	0.508411513961405
-0.12861548620532687	0.914743874035104	0.38301658139487504
0.3812718166170542	-0.4512608283141669	0.8068429008690252
0.8732773518687523	-0.11057640478335751	-0.4745097737858377
0.30334546076483654	0.8855148352988782	0.35191619442556177
0.7250678046778769	0.5808584163819462	0.3699732135410101
0.666805306649367	-0.7264459724372592	-0.16627366644760347
0.17218409230776188	0.3672597844141704	-0.9140420609075983
0.6140504920999597	0.7428866719409017	0.2665734154119053
0.7836082345026223	-0.5334523083370326	-0.3184128916196309
-0.09434048956561901	0.40441071620626273	-0.9096987658813531
0.4705245037211817	0.8107495942281221	0.3482697041904032
0.8429037991310154	-0.29623587326387346	-0.44917423434797643
-0.26099784828315437	0.5049053404852492	-0.8227701503707081
0.6440217353915901	-0.027841497673954496	0.7645003959125697
0.6986971693313848	-0.3855637536818879	-0.6026299506455373
0.31154176270849276	0.9222610491905228	-0.2288586621355666
-0.16569570247163523	-0.348503537720439	0.922545510193817
0.5682771751366217	0.7308032850719661	0.3781370264160391
-0.8059813809271111	0.5869172366904565	0.07695564225231188
0.8921705210117519	0.31817854625715913	0.3206153055287597
0.44432800878269085	-0.49049040992549897	-0.7496611090234873
-0.08126734921743246	0.8112839025105802	-0.578976724470315
-0.23240559144332074	0.6281270347659307	0.7425928017844232
0.7970079838804465	0.5605950992225139	-0.2247474323735998
-0.5574638236663492	0.5396198318481809	-0.6309076971946328
0.1160508294108531	-0.06313002707334475	0.9912349896340282
0.8796116040521584	-0.4569862821158184	-0.13208695611130788
0.46131944573130884	0.8872306000356844	0.0024962673089181653
0.05310381464523095	-0.691535508955226	0.7203878293837019
0.9696505904350814	0.2081219878638796	0.12830810822580668
-0.23865816000929674	0.6917108341074498	0.6815998860323798
0.1427310415355474	-0.5115859496146333	0.8472943207286778
0.9851674725851756	-0.008952534623656305	-0.1713619067469475
0.09525177553366226	0.8591854679175538	0.5027200324007178
-0.38792564486864145	0.33946095561406153	0.8569013675253627
0.5311570829062489	0.8421369386256927	-0.09315326017199069
-0.7532501890685277	0.41901269218931125	-0.506993605928608
-0.11506660153034609	0.9599489995805978	0.25545566233001377
0.9933529694750264	0.11199637237442694	0.026583653061910212
-0.0030911563214897075	0.25681653135882465	-0.9664552312308201
0.46866723562371104	-0.16752687743635525	0.867344088346288
0.2345384434908983	0.9702121715402393	0.06066350402045678
-0.851670558829936	0.1749945357192552	0.493998149481055
-0.8125077276279127	0.36468723500256367	0.4547905157004814
0.3827567384777543	-0.25469216641362835	0.8880479601448358
0.43969133684301415	0.8956199646020163	0.06735285674331626
-0.7045818061424962	0.13803174797882278	0.6960687573816894
0.3249733696694646	-0.8092341286975318	0.48942050831245365
0.6308381626523968	0.5710405953179316	0.5253150017278114
0.06222481707395433	-0.3191144412016633	0.9456712143005426
0.6717261608811009	-0.6874002728216229	-0.27616087650624105
0.7381815744977993	0.6524161542614562	0.17158416223719963
-0.8993675958388696	-0.4198730334748382	0.12183826704139043
0.43717511414276	-0.861164171577139	0.25937268392435736
-0.003980845296737104	0.28653604546810024	0.9580611919487326
0.4850639970468281	0.5436563939690072	0.6849457234449822
0.8692793179874786	-0.214482012913767	-0.4453660667986304
-0.09521757237074702	0.8114401958450628	-0.5766267618475118
-0.5953286216699132	0.18288042374376026	0.7823928570941228
0.4388247722457106	-0.7416926033293825	0.5072720191672158
0.6730651168231065	0.6453269193035314	0.36129837494529593
-0.3419530697729867	-0.8933130757791221	0.2916502129518764
0.9380846097544033	-0.3427880681200193	0.04993601202011777
0.05536572057473137	0.2906683488042497	0.9552206802559562
0.6461210191337241	-0.35894364610957674	0.6735629796471602
0.5433681080251171	-0.40341504704840814	-0.7362115178371874
0.5359838876447708	0.8416743780895873	-0.06561641145859887
0.7609036653736299	0.5125795515184295	0.39785401265557274
0.5794382633399695	-0.8127220512197737	-0.06110782632922891
0.29202210703735276	0.27702900719290885	-0.9154113928585201
-0.6927301251275999	0.35749410510576163	0.6263568779500475
0.6254410506390963	-0.13464534462018896	0.7685662777845345
0.3590939513778581	0.924158317598636	-0.13031860226803893
-0.8962442719782653	0.10081912053475031	0.43195105032948894
0.1897411456060851	-0.7930887558241073	0.5787992078859991
0.40092954818800725	0.6007043618286529	0.6916717191484636
0.5692135558508693	-0.14887546906219395	0.8085988019698774
0.37714209929395626	-0.8266223609682446	-0.4176832643133222
0.7305886426545084	0.5427076257606822	-0.41437744649708685
-0.44223243105830523	-0.4095811961904265	0.7979183671576188
0.46714942293323164	-0.8646261416666692	-0.18491363335286423
0.7656382263010447	0.2909722991520467	0.5737013400304745
0.8016322934852531	0.13271823976053285	0.5828992493359713
0.17431360655937392	0.8807834682134943	-0.4402672468967824
-0.571839516481536	0.4545397132888108	0.6829298766590087
-0.6276528560605568	-0.029813877647895254	0.7779222486718206
0.5235855308221815	-0.7556638127772735	0.39348493487370995
0.5761163807710036	0.6542807766995067	0.48990466526540677
-0.5912309923807177	0.37488727053885357	0.7140766401699752
0.5171575440597672	0.8556321991497535	-0.021014623485239664
-0.6188650808298863	0.35686562480306916	-0.6997520543473479
0.5725001830359644	0.046674688493753363	0.8185749897705147
0.4953938559867441	-0.8152251925950416	-0.2999880211091134
0.6533211062520269	0.5772602175902891	-0.4898389258860911
0.9262770418917485	0.34422513028652924	0.15336199445590773
0.3613999504736741	-0.926737912676225	-0.10269818404498883
0.10677507884285456	0.1505519873257556	-0.9828189974000128
0.6892900626249548	0.3001911371874509	0.6593667346178382
0.7243494005251361	-0.26791531702810745	-0.6352474548241849
-0.01404120811617976	0.9154816568647532	-0.40211463591717767
0.21795492973489117	-0.16847112626692784	0.9613080298315476
0.7929251712279898	0.604835758389848	-0.07377925322230194
-0.5690037973839207	0.7783258861089809	0.265411931863185
-0.30682718106233353	-0.26271671749533476	0.9147879575671175
0.2814377311245002	0.8931227193264563	0.35089116791736097
-0.9092028841027923	0.365118795149459	-0.2000959294132989
-0.1686119467971796	-0.019359607393684856	0.9854923728770443
0.07809729073050048	-0.996926324740705	-0.006222235896004506
0.982583749396366	0.07591514104941272	0.16960562131494084
0.5586884069522916	-0.30659733429178565	0.7706265882658615
0.8281472097992351	0.15563102742083434	-0.5384711526216396
0.0451604122971917	0.9390298493174253	0.34085697770771994
0.18245498792190895	0.3718631996928243	0.910180167931949
0.8849396425223417	0.3413112460280229	-0.31684138370362636
-0.42847637796598104	0.86326380327743	-0.2668025477317275
-0.4654686884257315	-0.18379286529400188	0.8657708026736928
0.6270441548444852	-0.7588341568666648	0.17602940165728947
0.6246235089800853	0.624812695965342	0.46845978161409596
0.1784060518633087	0.4600314165428515	0.8697944449420931
0.8082679006982442	0.435601661249457	-0.39617444821387293
-0.5611365977722356	0.773706849207302	-0.2941146547357161
0.256484175220272	0.36127156202052413	0.8964924574902052
0.528918547853766	0.723860015651684	-0.44302578646959945
-0.8089876622037201	0.587800592221541	-0.0054245908754020356
0.2820538052651429	0.24632138786583396	0.9272386018794205
0.7699112185111687	-0.6347735216634502	-0.06556898508921277
0.5724354693291644	0.7323853835753629	-0.3686858871438785
0.9499515230841781	0.2374354099355396	0.2030185457015997
0.2970542690112544	-0.887705938392729	-0.3517626020549565
0.096699871004255	0.39446494527527626	-0.9138088103628317
0.7508419938127302	-0.03202436823820187	0.6597050402765376
0.565491004118512	-0.48490115099326414	-0.6671512557332446
0.3412568308303308	0.8739824446774387	-0.3459746548625884
0.6088331299045874	0.028846772670865467	0.7927736648231065
0.3378128421237869	-0.9136307839764739	-0.22618858120334606
0.7177776143255188	0.4055202267174952	-0.5659935000476222
-0.7411956938714026	-0.2053888700427542	0.639096514971761
0.5268709758109904	0.4119606501509909	0.7434348643796223
-0.41597586256231794	0.8877521246326214	-0.19713002555623516
-0.7635715271278953	-0.3980900811383099	0.5084120477121554
0.4446480284560348	-0.8950950753320865	-0.03305959628318178
0.46823781751342386	0.20082104823832458	0.8604790833220329
0.035239873814850164	-0.923655121969996	0.3816010573257175
0.9814362651663358	-0.04004514452886587	-0.18756130681997368
0.18852323122063105	0.38112675327016116	0.9050974473678943
-0.6330288703142379	-0.5591376001741052	0.5353873302761492
0.629543552081555	0.030644345295445574	0.7763606379344279
-0.4504990181800824	0.8285083392295796	0.3326027156320671
0.9918643049284855	0.0053685537416562	0.12718639565399714
0.12669546443772764	-0.138857228084714	-0.9821745921675729
0.012387893268858877	0.9902978586462523	-0.13840769942819908
-0.47325558483902985	0.8533884715810475	0.2185343634104991
0.8803714561259876	0.4493797253148972	0.15167056970459367
0.031229003462753854	0.2641703598976831	-0.9639703160856419
0.10596958693475922	0.05153774083409163	0.9930328836018445
0.9832299285764834	0.14363188764431256	-0.11237788217979139
-0.14842288973187395	0.9882882889731364	-0.03545283743496963
0.3489768981760465	0.3004581247284112	0.8876598671924464
0.8517367597867971	0.2933564706994447	-0.4341502886405276
-0.3908447473963451	0.9075609601472797	-0.15353659840322997
0.3906865379435097	0.24966322917139103	0.8860204856939979
0.44167912630234074	0.7936433639253933	-0.41838948395721737
-0.8076407483891062	0.5547958930065175	0.19979474128361185
-0.4361189688581728	-0.2078717214648902	0.8755510221667877
0.8912145547106827	-0.23453861268463916	0.3882373715033164
0.12464695132221787	0.9496214964790907	0.2875450416037266
-0.7738413156438155	-0.6179475835415708	0.13896187318031314
0.6236692975926929	-0.781682524785412	-0.0030062743288834307
0.11048178783349401	0.08433987455668138	0.9902931687721965
-0.5918925936596622	-0.7513531790369069	0.29177312748430334
0.7693515476891449	-0.6345902054516419	-0.07344022884741042
0.240335918329232	0.1810073796726981	0.953663973768994
0.03590011214337996	-0.735442556391841	0.6766353731485863
0.854972077094595	-0.327960829497971	-0.40182638253797737
0.5174301202448952	0.5929299626118054	0.6170090194644778
0.9907691466738274	-0.06836236554639516	0.11706017673024763
0.12954391861785103	0.22307213801848402	-0.9661558851391395
0.03993583789464488	0.9724018758809362	0.22986892055014563
-0.7614037631201063	0.026871098818863813	0.6477208145140997
0.11693537617466046	0.9884447324504264	0.09645272774730461
-0.6376444364263146	0.14918094697136047	-0.7557477209726116
0.7337543800694264	0.4113020498290737	0.5407727189266615
0.5627662465363934	-0.8138742109614057	-0.14457842332550525
0.3806555680510546	0.4104136846382585	-0.8286506778935123
0.08233752861423616	0.8811820006485511	0.46555215939217415
0.9217538590317487	0.11028357370497843	-0.3717625004366869
-0.37893317978474633	0.45973450501770596	-0.8031524327015049
-0.4013073717746227	0.8499927233294006	0.34126934179092944
0.9111276312707418	0.40861081133132937	0.053699575399811794
-0.09380209429598192	0.3324899624804063	-0.9384303873785558
-0.9642119745798603	0.17405551824659332	0.19999986161174382
0.2541977739133714	0.392481641567739	0.8839353215986899
0.07535754649863124	0.9031405414442443	-0.42268002387799686
0.5910427719070896	-0.7365421153245499	0.32889839484196537
0.8039150025139545	0.5043689929793397	-0.3151707277873298
0.0662503623338945	0.4506857344916124	0.8902209041672654
-0.6464340159662063	-0.17967438249062775	0.7415120897722534
0.3632232922557722	0.7822056653000888	0.5061848843410117
-0.6709634140284257	0.5965495901004854	-0.4403824287891862
-0.7963137785900674	0.43485674733525564	0.4204568649987911
0.4687581889830505	0.004328690432637838	0.8833159246274628
0.38229586224407497	0.9004892402111978	-0.20728965718269543
-0.9729230673888352	-0.14370427788949805	0.18102426759680074
0.19510671900081403	-0.0907419287592155	0.9765752764461093
-0.12391155371246704	0.9854516644063855	0.1163225858345962
-0.5765711219844154	0.5190084141400464	0.6310277389667326
0.690360000774503	0.7225444863552049	0.03650389798804421
-0.43699978332289924	0.4566834037815776	-0.7749009343691695
0.9309470979303789	-0.35587163380053516	0.0818100306267103
0.3650433943194567	0.9014909270006857	-0.2325025350381671
0.008990056659171151	0.24631177152459094	0.9691489514464134
0.9979866415827796	-0.004202300737921511	0.06328510006970632
0.05998883931225962	0.38648704434083514	-0.9203418406845649
-0.020591318080505978	0.9222852623918445	0.3859609985406739
-0.8527449115728241	0.4058969721748989	0.32874574334264023
0.5116821260914614	0.5227353636181915	0.6818571268685829
0.10491671756768604	0.74966351625393	-0.6534501471211216
-0.33950386704736646	0.440952319419857	0.8308418479218128
0.79575405335613	-0.33631164146146286	0.503656595692726
0.5015103297312765	0.8321391300832722	-0.23671049270592426
0.4387525545587496	0.29598720819987706	0.8484620017715668
0.33872257208836914	0.8200744744319373	-0.46124275120918856
-0.8323239844111253	0.48976466692404885	0.25955222211871853
0.16072288361850307	0.40656006129990074	0.8993759343217795
0.957839097624515	-0.2841083111468512	-0.04274026905786521
0.23814369137814229	0.8683267726455892	-0.4350818292731691
0.04251202287933609	-0.5961782635989656	0.8017257672813249
0.9979295213714945	0.06410248330228252	-0.005248048183908394
-0.048263840356594534	0.8002889163587128	0.5976690154821732
-0.9963103813466259	0.023189125286729124	0.0826310382929935
0.08245385053954954	-0.008497483501268777	0.9965586562291995
0.02381147941946073	0.9996949821033325	0.006554098357100524
-0.5774555499365437	-0.13140090154064332	0.8057784378610475
0.33396721090667014	0.8625921126756863	0.38000098577361074
-0.7449905971800608	0.4885372557175167	-0.45422501019791284
-0.8279168634504681	0.0012718420795479468	0.5608494001352438
0.5524786550345315	-0.17029096682350842	0.8159462741808123
0.09654534139756901	0.9853930023275175	0.1402840975249422
-0.9331187291047409	-0.01685000240164433	0.3591733770938737
0.26086997324482886	0.6557322793702016	0.7084927909662894
-0.2474596824801884	0.7548054419590683	-0.6074804114831851
-0.5797124053885239	0.1695067133986094	0.796994981885992
0.5293770353990699	-0.6652221115080421	0.5265353708468913
0.6194299649118882	0.727149927094532	0.2959045489607648
0.29887334055950143	-0.10772088279195197	0.9481935127985884
0.7282828604669227	-0.616326674892115	-0.2995755413356466
0.6166674966729809	0.7800882265660414	-0.10575233954919128
-0.24275463894546356	0.22651400002900562	0.9432717493179351
0.8155875622546873	0.574133650657684	0.07202415898805908
-0.5252495726470555	0.786804905280426	-0.32411560817206175
0.9490708384492392	0.124426768104686	0.2894521082740298
0.22434256853008644	0.3781596196411784	-0.8981457086788106
-0.22121246698724154	0.9173403302220294	0.33098604652999586
0.9996471027660035	-0.008709660965629853	0.0250960502350277
0.009389977437368668	0.9995880978857972	-0.02711941903470046
-0.024849512173500662	0.027345500012209503	0.9993171295308718
0.8919542878850493	0.25726500462406726	0.3717960001388573
0.4052887712418371	-0.819437922242348	-0.405293108128457
0.20039600851503092	0.5121876696943435	-0.8351677860072917
0.8601470458505271	-0.509786594359528	0.01626922634685541
0.5099431427720477	0.860176740366809	-0.007346187562143027
-0.01024942214849668	0.01461518194362646	0.9998406602066034
