-0.14952049195025086	-0.7070584610975407	0.6911670963503201
0.8572636888143702	0.2556154746949987	0.44694484775733706
-0.4926891416779283	0.6593398681156997	0.5679157930413964
0.7808262662345544	0.21723183653476777	0.5857650306683874
0.25679048310150293	0.7431425493273245	-0.6178978873307319
-0.5695340110535118	0.6328897854879767	0.5244821538224932
0.9505578341523935	-0.07696271300005479	0.30085967616013615
0.17937814759380005	0.9269139555678603	-0.3296270606903498
-0.25350203963149426	0.3672972362831142	0.8948907509419564
-0.6098689211978372	0.3666948765133312	0.7025629982399151
0.7350217277271821	-0.06974370799118068	0.6744470883357635
0.29631564036671154	0.9277233869718461	-0.22699418173061603
0.587649778274947	-0.5367477613556186	0.6054498978223859
0.6914592608395191	0.7217374781699591	-0.03129062486006842
-0.42018070956752807	0.4370318675847331	0.7952680793435186
0.22803565174448237	0.8135799956125829	0.5348713230979003
0.9488508967245528	-0.06249002099019685	-0.3094785502448537
-0.2183614373429543	0.5780852774597136	-0.786216061058183
0.9472467105056637	0.11623710959116132	0.2986847900213398
0.20004651061273324	-0.9425263051593151	-0.26762951570108756
0.2504097901997226	0.31326202839894496	-0.9160577703046402
-0.9955629018252026	-0.07202477744682519	0.06055526354593066
0.08987845070984009	-0.5372938061070647	0.8385924099447731
-0.027863463664459617	0.8403141063630427	0.5413832561502989
-0.9864042728122113	0.05988309884841199	0.15303798564449259
0.06925114305078443	0.9959905942166773	0.05663051666786916
-0.14903318343232283	0.06645863904881995	-0.9865963508607793
-0.8874501583915215	0.22493619506253879	0.40228835991319706
0.45976332849315116	0.37067258958657945	0.8069817303397133
0.03240213177803625	0.9011134997767853	-0.43237086208054265
0.8899108212862943	-0.034826243495594766	0.4548031034651574
0.45236703980686127	0.19527158990901083	-0.8701913970333104
-0.05850462762833977	0.980130674419688	0.18952854562750343
0.19954327079438894	-0.36632702523534233	0.9088382659543458
0.6777220702433515	0.7214755027418032	0.14200667043673748
-0.7077254259850659	0.5876032756253893	0.3922334915437101
-0.45059406491629783	0.7967611311827667	0.4026620027995742
0.8586870314167863	0.26345214170695996	0.4396015822385569
0.24417528691256507	0.5438425037328118	-0.8028784219262541
-0.8387808909454464	-0.49790390377372296	0.22031413842885897
0.52754475565401	-0.8433061761248093	0.10262175252695183
0.1346965024294027	0.20230273333951593	0.9700156990052514
-0.005007939236654657	0.5063563931111126	0.862309760874888
0.586123266702816	0.7001527530018099	-0.40773231254538367
-0.8102064161522184	0.5033779153076654	-0.3002935856895501
0.7332069437695012	-0.6692976701179839	0.12020069210626852
0.6787825361736995	0.709766469469413	-0.1883768228910475
0.04076574780116004	0.21970932522668052	0.9747132738475704
-0.20638610645291222	0.922585876501654	0.32594489648233776
0.962856646763777	0.25076589395193916	-0.10011765185670254
-0.17410299493696907	0.2931753177028371	-0.9400725398839274
0.10450751510189316	0.8693200588689708	0.4830743364486215
0.9229337949198692	-0.26573102867981335	0.2785322792632411
0.37050153775934014	0.41673691418545633	-0.8300957504247006
0.9253681347225422	0.0006228601775160533	0.3790691589740877
0.04757987949721555	-0.9922809149117735	-0.11451960953864201
0.37607176217731814	0.12400886237302497	-0.9182547749648753
0.8136488016029986	-0.13674383663784012	0.5650457953047416
0.5685196563914476	-0.015965340895699676	-0.8225147464858211
0.12149497086939348	0.9904777791710664	0.06475137853202384
0.2081600596576506	-0.6714635325759514	0.7112004738355759
0.9769488953048694	0.10754812375557254	-0.18440243230297032
0.04733123203465972	0.7331917385631677	0.6783727802446091
-0.4978915097279004	-0.36222806533029983	0.7879688275737435
0.8422079469616797	0.014764487082625344	0.5389506322436031
-0.20685700040236615	0.9319725524972582	0.2977202424698068
-0.28380455525822423	-0.17078953696031113	0.943549632229044
0.8705760890347991	-0.4583626015463951	0.17888822964212608
0.4019356262084203	0.8722010430906988	0.2787706814138492
0.16144799489577233	0.6357192495600711	0.7548480513871084
0.7524930140040408	-0.5741730091480579	0.32261373101741764
0.6385051360946513	0.5159325453047562	-0.5710733752120709
-0.20348044953783884	-0.433797985028719	0.8777328835362741
0.9144531872201369	-0.40451156503680985	0.012073199012878455
0.3498157729988926	0.8051022928401672	0.4789981451161297
0.944090572731249	-0.002401338865658603	0.3296774545698183
0.18447205801989808	0.8326301606086431	-0.5222040553794355
-0.27324540305352923	0.5538242042530078	0.786521265124877
-0.07795001899296006	0.024252085876445673	0.9966622451310367
0.8463011458204341	0.5300323206705353	0.053292678930854376
-0.5269707440854925	0.8476305653852085	-0.06184059752892246
0.9221077271365675	0.09560219666172978	0.3749367407290002
0.11696304699784504	0.8547954405529655	-0.5056128958470517
-0.3688319199744152	0.5100833018275678	0.7770315566337528
-0.959838198437696	-0.25308133490003487	0.12108043089242183
0.26254264859996673	-0.9624041508090959	0.06963912816468554
0.09890394575542742	0.09863107233848523	0.9901969102574336
0.2059674757663167	-0.14754433228643735	0.9673717325499029
0.24625925993569994	-0.9489375007127907	-0.19716489707065904
0.9470658772347218	0.27883380309982425	-0.15911610360524575
-0.33384127305612754	-0.2422527100835652	0.910968511454393
0.8450335808634304	-0.5051457509906978	0.17534542329120695
0.4176939688544624	0.8283365226242366	0.3733501756654134
0.6350111178493604	0.18632239071090043	0.749696503211453
0.493844992913806	-0.8441846632063115	-0.20849311111211422
0.5940353551613476	0.5026293078671598	-0.6280810263742336
-0.3287746490072341	0.09255318984271016	0.9398622969457331
0.8111354783662936	0.5373813415792668	0.23082575562088237
-0.4837008020519027	0.838245310617606	-0.25175053787815305
0.760809261997256	-0.27500018576566077	0.5878300474525293
0.49623471934675656	-0.33722174690186457	-0.8000203726976585
0.41823482659151723	0.9003645879560715	-0.12009678838610438
-0.9915678991967702	0.07349346860197621	0.10673242878972802
0.08246926357241215	-0.2774404353956972	0.9571967537415021
0.09995960108127705	0.9579277190270131	0.2690400774445615
0.7422054776947041	0.25197779149641986	0.6209977628563269
0.6087759049220445	-0.6409454250774995	-0.46752631974956144
0.2802194255691812	0.7250490705219959	-0.6291112134343719
-0.5007249894847887	-0.3932380757444405	0.7711279405457099
0.8559649154230713	-0.09234864957454114	0.5087197563359743
-0.12883535411614577	0.9147871570516107	0.3828392728328679
0.3811209043755246	-0.45089617180761243	0.8071180201787234
0.8732326344304265	-0.11118019228566034	-0.4744509785099198
0.3036636666011909	0.88562498106849	0.35136415652960007
0.725277786934269	0.5804497408074747	0.3702029580868642
0.6665790180209694	-0.7265434231239458	-0.16675451133189576
0.17217591153796497	0.3677128672101029	-0.9138614242729564
0.6137972700409797	0.7429782061118442	0.2669012861210428
0.7838747912641109	-0.5334090939717491	-0.31782864894292356
-0.09377218623284435	0.4042995470082345	-0.9098069319245974
0.4705618126736276	0.8107021662170624	0.34832969747679055
0.8429492916994494	-0.2963558631112171	-0.44900968143571507
-0.26078357324936396	0.5049110813703422	-0.8228345689339538
0.6438860373549194	-0.027890051083390155	0.7646129190315484
0.6987513851584743	-0.3856815417669477	-0.6024917012535389
0.31170061379229386	0.922210330342724	-0.2288467477825964
-0.1659420043465727	-0.34832975348482026	0.9225668723895554
0.568476789939864	0.730655561324828	0.37812245371673986
-0.8057899170957089	0.5872042519790748	0.07677093176838268
0.892259028912949	0.31820739473756043	0.3203402554435763
0.44410738061542987	-0.4904226597199106	-0.7498361483125165
-0.08150128714457865	0.8113135452878762	-0.5789022986879511
-0.2325120211379903	0.6282093285703476	0.7424898649298318
0.7970434730438896	0.560567019348278	-0.2246916084261311
-0.5573686949447926	0.5395532006356559	-0.6310487156942468
0.11617137954893042	-0.06273463741027613	0.9912459714130994
0.8795373148014289	-0.45715092798888124	-0.13201189685326187
0.4614307341796708	0.8871738241787263	0.0020696005663336514
0.052452472337563116	-0.6920076991390152	0.7199820014958731
0.9696961360366991	0.20756868522298566	0.12885901082305562
-0.23861714502770429	0.691404791165875	0.6819246826825527
0.14234981727039198	-0.5115413375225792	0.8473853843020286
0.9852906362819089	-0.008543053878840912	-0.17067330865022268
0.09454571158057334	0.8592161987742281	0.5028007877735368
-0.38739166824033155	0.339086547250107	0.8572910875845926
0.5314771507904433	0.841967134773723	-0.09286216747739562
-0.7532992324207194	0.4196565946520183	-0.5063878049473804
-0.11488925363651448	0.9597820391229264	0.2561618565982887
0.9933752265563938	0.11164544615979732	0.027220463181461332
-0.0024735931108644804	0.25759218103198983	-0.9662505625397091
0.4687127944530184	-0.1666040328251156	0.8674972118470758
0.2347013230455579	0.9702432198626454	0.05952632418712721
-0.8516006137132048	0.17570199360557665	0.493867597809695
-0.8124697885624235	0.3654449836724389	0.4542497183069921
0.3820635799481635	-0.2547728802257283	0.8883232521884586
0.4403637854666572	0.8952880784474556	0.06737204939244701
-0.7047306298999652	0.13781836085760116	0.6959603714949022
0.324860623509552	-0.8093914957804036	0.48923509875247734
0.6307299854722171	0.5708690795347784	0.525631220017734
0.0623882625501857	-0.3186766020539623	0.9458080820120485
0.6716834923605907	-0.6875236216720433	-0.27595752523393424
0.7382066044043831	0.6525001861657188	0.17115640878288163
-0.8992951367705064	-0.41994121119603267	0.12213777515627666
0.43732485695300105	-0.8609876822930982	0.25970594993298896
-0.003902111217437408	0.28696618281387815	0.957932765620468
0.48494941538430947	0.5438057396074433	0.6849083019561216
0.8693600127758842	-0.21463204547080972	-0.4451362187503173
-0.09506436085479542	0.8113004391882316	-0.5768486497065335
-0.5954766275597296	0.1825247937050729	0.7823632696599528
0.43914651176617336	-0.7415224983376116	0.5072422751139238
0.6727242579494913	0.64562302014571	0.3614041901033226
-0.34194262864891	-0.8934524088699197	0.2912353546484559
0.9381260879590031	-0.3426025986248946	0.05042720006312794
0.05472368594503664	0.29045869327669915	0.9553214462664289
0.6461582669694816	-0.35906294640460273	0.6734636549556638
0.5431418964753821	-0.40357584963104487	-0.7362903054418858
0.5361682332254694	0.8415463945106209	-0.0657517419240976
0.760854603928108	0.5121535674652717	0.3984959159313898
0.5792056903667742	-0.8128843271141879	-0.061154222902941605
0.2926107310543318	0.2773405741407295	-0.915129043363361
-0.6926757124783725	0.3581038843301658	0.6260686586710968
0.625496293775528	-0.13392661109843784	0.7686468950778156
0.35910269257645167	0.9240266613401018	-0.13122494167271492
-0.8963007575038773	0.10113289970480044	0.4317604529079457
0.18945388868200336	-0.7929850828549041	0.5790353032699023
0.400939117773812	0.600788477724814	0.6915931093293641
0.5694315830595329	-0.14899306559061148	0.8084236133489829
0.37689105688886554	-0.8266643929339121	-0.41782665387981205
0.7305482896095973	0.5426113230122627	-0.41457465996774756
-0.44222380050358767	-0.40993904633980505	0.7977393612917528
0.4672035314498726	-0.8645218061507198	-0.18526442424455009
0.7656101948569719	0.2907783089845388	0.5738370888633475
0.8012588806768975	0.1326379490522227	0.5834306990617011
0.17459404646395627	0.8808451786522528	-0.4400326012745224
-0.5722771400953799	0.4544435561390445	0.6826272256568383
-0.6278322220999835	-0.029933449455795236	0.7777729035500492
0.5233792789105502	-0.7558554729315408	0.39339119772372777
0.5761083503127423	0.6540538912376518	0.4902169683485228
-0.5911852621517859	0.37462210056408957	0.714253643731324
0.5174111208486873	0.8554927602248763	-0.02044184984112693
-0.6186967899032845	0.35747785801608933	-0.6995883526700537
0.5727904787957583	0.04704114795541889	0.8183509013864176
0.49588404355357774	-0.8148319014330347	-0.3002465449526072
0.652694478871914	0.577785516265388	-0.4900549096214213
0.9261487872371471	0.3446067396885716	0.15327954482048353
0.36177925470995553	-0.9265795364859515	-0.10279169921247855
0.10660297725988069	0.15065376705111838	-0.982822083447781
0.6893580414385163	0.3001998607127438	0.6592916913871296
0.7242768167807931	-0.2674689748235599	-0.6355182453562724
-0.01444241593135398	0.9156093004851378	-0.4018096881450006
0.21837174580693774	-0.16875357000903196	0.9611638846952361
0.7928242810119326	0.6049516530173402	-0.07391317169151718
-0.5689845692733172	0.7781746141585411	0.265896276408797
-0.3063829196151797	-0.26332217872145985	0.9147627762220444
0.2815667615876611	0.8929069900714122	0.35133639983731885
-0.909312743415111	0.36521026447102317	-0.19942867744607273
-0.16865983926655748	-0.01792023302765336	0.9855114022003061
0.07837310631267738	-0.9969129483576316	-0.00471482807703965
0.9825535684253967	0.0764423877513574	0.16954364196097238
0.5588674962171638	-0.30749920379078133	0.7701372353937925
0.8279744620980547	0.15528368403899284	-0.5388369582579827
0.04610218850982317	0.9387924249477696	0.3413844915565014
0.18283010354068652	0.37098956614954587	0.9104613638411427
0.8851282775287446	0.3409716119296552	-0.3166801101696953
-0.4279264955086324	0.8637737560647838	-0.26603348055355003
-0.46559413152238593	-0.18301521957051098	0.8658680812326277
0.6266548330264778	-0.7590396288981693	0.1765292100664531
0.6249206549126632	0.6247913821170124	0.46809176866918045
0.17862369293704738	0.46051175895345386	0.8694955412117575
0.8079894876151444	0.43562964906329005	-0.39671122590671776
-0.561468221919057	0.773405281028382	-0.29427488348899544
0.25618564494688	0.36090706500414504	0.896724598610546
0.5291835343137508	0.7239545948832461	-0.44255455207086325
-0.8089089580010586	0.58790801574526	-0.005519301415274569
0.2820287836491392	0.2463178204432569	0.927247160429985
0.7699455495597204	-0.6347316070845073	-0.06557162252909954
0.5724016211599747	0.7324229094587374	-0.36866389271724276
0.9499674852854444	0.2377197062708947	0.20261075526962652
0.2971130700500978	-0.887845606070186	-0.35136021884566
0.09636182078943212	0.39397908704948276	-0.914054089461779
0.7506266296428573	-0.03170599658076079	0.6599654480742349
0.5658262490776332	-0.4849219116072405	-0.6668518542359438
0.3411749092851656	0.8739825338209002	-0.34605521503115444
0.6088847895730343	0.028309039868344654	0.7927533735584693
0.33804638713592505	-0.9133366520218238	-0.22702599018155023
0.7176238242776991	0.40622008608055993	-0.5656865638264286
-0.7413877628770487	-0.20527530645526976	0.6389101921364696
0.5269247062175717	0.41150079003786544	0.7436514329817016
-0.41556532462862095	0.8879916375495366	-0.19691701960064623
-0.7637328554042735	-0.397842899242263	0.5083632098200513
0.4441321446325014	-0.8953366410293537	-0.0334505206896516
0.4684642608355197	0.20023318094857434	0.860492829468698
0.03521988820118194	-0.9234267497822838	0.3821552004900936
0.9813255940511817	-0.040400860436591746	-0.1880634173253221
0.18910218913378946	0.3816422516736196	0.9047593900050434
-0.6329195888276931	-0.559257951716084	0.5353908268923875
0.6297850076906347	0.030317164174742284	0.7761776302139277
-0.45031504323783283	0.8284391426041698	0.33302394633866306
0.9919329771861365	0.0055584541353286415	0.1266415111970522
0.12618620765583516	-0.1385283933359236	-0.9822865799944566
0.012083450173113006	0.9903428637736492	-0.13811228187428082
-0.47313222452760706	0.8535548204478882	0.2181514762813488
0.8804341646498739	0.4493015913571755	0.15153798771657398
0.03133017444632741	0.2637655180156859	-0.9640778867265238
0.10588562106674271	0.05103143487125633	0.9930679875548756
0.9832867276537569	0.14337381434313734	-0.11221034079204051
-0.14810619997581614	0.9883520334454117	-0.03499730722560224
0.3492508965247517	0.3011955996187212	0.8873021030331081
0.8516535946057229	0.29287719221484454	-0.43463675071891944
-0.3907812253317811	0.9074713004005515	-0.15422669314202375
0.3915403932640896	0.24909165850871728	0.8858044175234049
0.44176181018558436	0.7935792949267688	-0.41842371553855334
-0.8071819023641188	0.5551443490885133	0.2006791672569257
-0.43641293326635155	-0.20733568271525094	0.8755316478293971
0.8910181310867721	-0.23480308823516638	0.38852824843229106
0.12502176511509688	0.9496733251114454	0.2872109569972501
-0.7739773574681688	-0.6177597941334286	0.1390391559195285
0.6235386724559201	-0.7817883933263314	-0.0025361411913311163
0.11026592437602747	0.08473337484402185	0.9902836366965995
-0.5922218814554123	-0.7511520340484581	0.29162281267122325
0.7689585146955666	-0.6349988185073874	-0.07402231536104402
0.2407821542444526	0.1804082100102039	0.9536649474308652
0.035927750256516955	-0.7351936175138915	0.676904381377712
0.8547206861907325	-0.32837784405863246	-0.402020571773445
0.5178433598677776	0.5930078720373297	0.6165873160734083
0.9908102392720529	-0.06868568372530097	0.11652187178742485
0.12910475226478774	0.22334284396041737	-0.9661521293224583
0.04033649335657391	0.9723169498177332	0.23015802484561443
-0.7612387958157527	0.026493164224672232	0.6479302493280803
0.11729906772833296	0.988308624154107	0.09740119163891131
-0.6377745874954941	0.15014718003339428	-0.7554464904101235
0.7333998311970269	0.4107878092064327	0.5416438529214117
0.5631399278508882	-0.8134354834487907	-0.1455889278981342
0.38078617262220643	0.41179617539968866	-0.82790446348955
0.08199226088286504	0.8809921844841463	0.4659721451258308
0.921541964926815	0.11102636660683696	-0.37206659726036884
-0.37952295850731016	0.4599194677287931	-0.8027679659589828
-0.40077227909645874	0.8500389118108905	0.3417827214988897
0.9112987979896926	0.4083087544890802	0.05308918712993946
-0.09442500246424136	0.33274285779702817	-0.9382782686893558
-0.9643207809372025	0.17376347517375745	0.19972903181110638
0.25388038930361084	0.3931569253679994	0.8837264169199811
0.07503452125328688	0.9029030328505493	-0.4232445320256002
0.5908884795529747	-0.7366811000601812	0.32886435128437846
0.8039820195300089	0.5039537207118745	-0.31566368123860306
0.06681105450464103	0.4509230579542139	0.890058806372477
-0.6465470516733063	-0.18002945979706453	0.7413273929767682
0.36326862846093566	0.7818541241806677	0.5066952062905191
-0.670829943837233	0.5969032770113246	-0.4401064238845829
-0.7958268694666806	0.43509458116811706	0.42113216366480843
0.4699990180063687	0.005344178585699022	0.8826507592634206
0.38178595692863215	0.9003688939503544	-0.20874706680263477
-0.9728948845607439	-0.14361187541031983	0.1812489250634798
0.1953094757186266	-0.090648049975673	0.9765434653563161
-0.12381337686232188	0.9854737745250952	0.11623978421009773
-0.5768048579064411	0.5188122699742108	0.6309754229918447
0.690063322998625	0.7228289290946799	0.036482180800134045
-0.4371598862517307	0.4564560962327538	-0.7749445567679853
0.9308814713643238	-0.356143981362663	0.08137045415716261
0.36520336489092764	0.9015430681665356	-0.23204869858116692
0.009283778483768504	0.2457265976243119	0.9692947181724678
0.9979962277220671	-0.0036510190576839567	0.06316802602871549
0.05966243113993812	0.3867364624189019	-0.9202582805637695
-0.02106949840400076	0.9221830505358216	0.38617935928976077
-0.8527156053883393	0.4058194230889578	0.3289174549502403
0.5117754932568332	0.5228077821585161	0.6817315215069776
0.10469928762376027	0.7496549998220775	-0.6534947898895889
-0.3393994839014829	0.4401545580839243	0.8313073771628352
0.7955709328925942	-0.3372036075956768	0.5033493992852958
0.501871379004436	0.8322005119094833	-0.23572744200406448
0.43863107245438815	0.2954651503163594	0.8487067380585854
0.33962945061169075	0.8198629249789091	-0.4609518635630284
-0.832018400370277	0.4904336134417774	0.25926868737224473
0.16111946362311946	0.40629086862165625	0.8994266220856808
0.9576605539287024	-0.28467703900622987	-0.04295633726955539
0.2385933399966747	0.8682664991448795	-0.4349557501308905
0.04275350923979304	-0.5960010331612037	0.8018446893996746
0.9979211826449438	0.06421283510821252	-0.005479510551327116
-0.04822292687300844	0.8004120690482767	0.5975073799089492
-0.9963569566153594	0.023917983784461132	0.08185807874526137
0.08167646000435563	-0.008475761204515653	0.9966228561262085
0.024531018840155263	0.9996779939178868	0.006491347392773239
-0.578054161253954	-0.13123478024851137	0.8053761972582204
0.3338273428249928	0.8625769709253851	0.38015822286462775
-0.7445889415237051	0.4886086385670153	-0.4548064494686672
-0.8277462552521282	0.0010765608524418435	0.561101575414656
0.5527479823066852	-0.17035845242128422	0.8157497568154789
0.09646660029236193	0.9853815701064007	0.14041850420324886
-0.9332888794144265	-0.01709217369410808	0.3587195633914809
0.26041587099672153	0.6556148397229346	0.7087684784667626
-0.24729626300124943	0.7549020065766691	-0.607426965792708
-0.5798161094159897	0.16964963470476402	0.7968891269845793
0.5293941575726728	-0.6650270954037723	0.5267644523947507
0.6193182584016272	0.7272949634249929	0.29578189766619145
0.29873775448757345	-0.1078350994017836	0.9482232571397571
0.7286659246504952	-0.6158599682375441	-0.29960385474103957
0.6162805564813489	0.7804409592400046	-0.10540486157469342
-0.24247085119309508	0.22675967062832225	0.9432857139267141
0.8158550650973123	0.5737839287612688	0.07178102709172773
-0.5249651408205656	0.78698923427949	-0.324128903449578
0.9491124106315288	0.12475355475789558	0.28917500334654955
0.22391324683219332	0.3783894784371775	-0.8981560334936831
-0.22146893659895842	0.917201151974478	0.3312001765374183
0.9996210224938668	-0.009043035049270171	0.02600067124929703
0.009779347732646592	0.9995507100232378	-0.02833270989448608
-0.025732775719698994	0.02857624204017737	0.9992603377722048
0.8918227006314368	0.2563873526352245	0.3727167772547296
0.4052003427932592	-0.8190734269405482	-0.4061174749750268
0.2011590237565192	0.5132097492142637	-0.8343565188052149
0.8599133349737123	-0.5101632097324975	0.01680939528430077
0.510330272471764	0.859945057514166	-0.007583604410370688
-0.010586280427200142	0.015099585835166006	0.9998299521290224
