-0.15091454678524485	-0.8569778222518047	0.49276141461883777
0.7073118304605652	0.25462553291892787	0.6594511448744907
-0.6906046438152069	0.44805674881013224	0.5677238552206215
0.7828532359973521	0.21381503240714858	-0.5843149346073606
0.25938262643402193	0.7414612751819354	0.6188342512416124
0.5655629620057017	-0.6360175385335757	0.5249954539660596
0.9504680787207181	-0.17793617215218274	0.25485123105995694
0.07528030197838273	0.9272973916007287	0.3666775472598893
-0.30156808098170845	-0.3293300262203762	0.8947616589699717
-0.6073297027232336	0.7375534982266845	-0.2952379878059208
0.36598408225896567	-0.07009817128614815	-0.9279773154099192
-0.7051285582949904	-0.6716405911169442	-0.22736013863672433
0.5862922175335202	-0.691468976234866	0.42205697549541066
0.5353605824001102	0.7217286361991141	0.43874459826006024
-0.6079888835100871	-0.031279875237492094	0.7933291164033277
0.9609911010386878	-0.10875147202800396	0.25430143738522776
0.10875147202800396	-0.6968157783692579	-0.7089576068760304
0.25430143738522776	0.7089576068760304	-0.6578068794079457
0.9600368889280312	-0.04212303104224134	0.2766854209263683
0.04212303104224134	-0.9556003099711077	-0.29163967123650725
0.2766854209263683	0.29163967123650725	-0.9156371988991387
-0.9953812670486402	0.07233826337510363	0.06311346021665162
-0.0922266658843606	-0.5380291421298009	-0.837865672001739
-0.02665286679701161	-0.8398165382218579	0.542215646049204
-0.98627430168522	0.0690421290547824	-0.14998728696431335
0.05955415960900965	0.9959834848569197	0.06685955403329122
0.15400098671306334	0.05700949313797446	-0.9864246619907446
-0.6574385112633914	0.3582101435203743	-0.6629178659433524
-0.3582101435203743	-0.9225826442134022	-0.14327162201678326
-0.6629178659433524	0.14327162201678326	0.7348558670499892
0.9474497216241049	0.24810022561477146	-0.20195371510399523
-0.24810022561477146	0.1713300833499538	-0.953463308465091
-0.20195371510399523	0.953463308465091	0.2238803617258489
0.19987595761985655	0.6771930454909747	0.7081378260650987
-0.3664630598173835	0.721936248123477	-0.5869521951868637
-0.9087103099199579	-0.14218872242219496	0.3924639344718416
-0.44910353344263076	0.7967270372722896	0.4043909548056972
0.8598177670829458	0.26231986125142615	0.4380658601186924
0.24293913570654077	0.5444394534494651	-0.8028488387422672
-0.838505124804811	0.5281769494840882	0.13393381092820117
-0.49826885443407964	-0.842717143905793	0.20385280000091488
0.22053866866610533	0.10419657096539188	0.9697967674838043
-0.00735551125049283	0.586092187542239	-0.8102109874324075
0.5072027004849128	0.7004605567741716	0.5020960356589458
0.8617954032570931	-0.4072480277491475	-0.3024197857604125
0.732192284652077	-0.6763019040619295	0.0806857661436051
0.6763019040619295	0.7078830788858324	-0.20375789847101175
0.0806857661436051	0.20375789847101175	0.9756907942337554
-0.20574383074980163	-0.9227281506193389	0.3259482108602706
-0.9631134427313265	0.2499566322507687	0.09967034877066326
-0.17344155366753525	-0.2934185441455065	-0.940118920888694
0.10402160867788124	0.9236502829062408	0.368849101686973
0.8687973866160298	-0.26490674696296934	0.41834855852823716
0.4841183800861339	0.27693784555513246	-0.8300209779048111
0.9264813739622739	0.02305746451794323	-0.3756336207409835
-0.02305746451794323	-0.9927685445355932	-0.11780904171872435
-0.3756336207409835	0.11780904171872435	-0.9192499184978671
0.816568621397416	0.13765667725681702	0.5605946180224494
-0.5644889437029381	-0.01263575147070184	0.8253439102712953
0.1206976345512398	-0.9903994027620288	0.06738771417960554
0.2028909797511963	-0.6695866484336644	-0.7144851087146408
0.978012018528091	0.10261869573303195	0.181554110117784
-0.04824667812615335	-0.7356107146619222	0.675684197332132
-0.2800295835627882	0.8644692206777537	-0.41746424856560893
-0.8644692206777537	-0.4161798734220068	-0.28193488514059317
-0.41746424856560893	0.28193488514059317	0.8638497101407814
-0.2851582458049424	0.8705539253296674	0.40102448546511
-0.1729285278008056	-0.45825861182346417	0.8718341407413899
0.9427515574752949	0.17926212032311684	0.2812198305510588
0.1600846370764234	0.753790943614963	-0.6373163439738333
0.6350481341412335	-0.5729359301730221	-0.5181296046748454
-0.7557028359718175	-0.3217819653753721	-0.5704117727250331
-0.13423744909381652	0.7343408325461446	-0.6653749686576891
-0.7343408325461446	-0.5245647560170088	-0.43078458468270653
-0.6653749686576891	0.43078458468270653	0.6096726930768077
0.943005406834924	0.1828466997414656	0.27804295904365894
0.0018401863774333699	0.8326443655139762	-0.5538049966296117
-0.33277231915259387	0.5227527570194941	0.7848516666442915
0.5810071862236614	-0.7056026689916034	0.40565443799912915
0.7056026689916034	0.18826650510011778	-0.6831402466326465
0.40565443799912915	0.6831402466326465	0.6072593188764563
0.9224672767034776	-0.1084813641038682	0.37052114251879564
-0.10388759988005268	0.8545671341368782	0.5088441606663526
-0.3718352995647828	-0.5078846393574498	0.7770403484390764
-0.9603970836978324	-0.26118618950399924	-0.0970526456985035
0.25160752263407266	-0.9625802623662574	0.10066227226151263
-0.11971255647860357	0.0722565769690711	0.9901756868889833
0.2047589110742848	-0.1488999120774949	0.9674205933920299
0.245846275879357	-0.948854669019314	-0.19807681771600416
0.947435167687966	0.2783947435990169	-0.15767995993312978
-0.3341519119188763	-0.24353855202448743	0.910511654751753
0.8454786016481697	-0.5043907599843598	0.17537358808399672
0.41654343580953823	0.8284195404022142	0.3744497712160726
0.6336922770848327	0.49502207914647367	-0.5944638249048818
0.18624138816338207	-0.8434757618043323	-0.5038479776515712
-0.750831701047589	0.2085708042994132	-0.6266976753554141
-0.330654184373949	0.0909172804092912	0.9393624744894683
0.8101569701744316	0.5378686708942346	0.23311580072628024
-0.4840593910191021	0.8381117711817726	-0.25150579510772375
0.7610679491143985	-0.27274678566851907	-0.5885446183071377
0.4963363188580341	-0.33930851710043886	0.7990744576105269
-0.41764319150832496	-0.9002660279776153	-0.12286270164760493
-0.6209397232616065	-0.01685639501662778	0.783677052122137
-0.38629293898672756	0.8765163831304591	-0.28722255376779604
-0.6820642384444413	-0.4810768047317825	-0.5507753467469858
0.7421584148445616	0.6088859755222726	0.28010490193443244
0.25282804549820265	-0.641392058194912	0.7243577894204316
0.6207083588006259	-0.4667698538860301	-0.6299579643263895
-0.5009566775202074	0.3933762142931667	0.7709069731662125
-0.8557942341484814	-0.09231377246728112	-0.5090131591727989
-0.1290683386664947	-0.9147312837337727	0.38289429678781506
0.38101007312973234	0.8737918804648865	-0.30219045949088685
-0.4500662213512093	-0.11022231218737799	-0.8861667102158105
-0.807633407290907	0.47364416129590936	0.3512683986611581
0.7247570029166701	0.6670193439314874	0.17266291305446552
0.5797909460498231	-0.7258067289582066	0.3701986643380001
0.37224957434750267	-0.16819568074179636	-0.912765286028071
0.6138054653581935	-0.7836835155942239	0.09530476421611515
-0.743148994583428	-0.5328365596116693	0.4047403767736048
-0.26640649869335326	-0.3192574950209897	-0.9094516091177531
0.4723690235259783	-0.8428894149058729	0.25769155952950695
-0.8093184916219275	-0.29898773730688455	0.5055787891703114
-0.3491003934857737	-0.4473743032179492	-0.8233985353936046
0.6438932252825512	-0.6975018391079328	-0.3144720955447161
0.0293550955352177	-0.3881889723487071	0.9211121539275079
-0.7645520209909539	-0.6023292340472161	-0.22947701630172457
0.530431914742207	-0.8409631608337502	0.10687818272886151
0.8409631608337502	0.506105419177346	-0.19141125045260693
0.10687818272886151	0.19141125045260693	0.9756735044351391
0.8914077659131575	0.4455801940286851	0.08276766010388822
0.3197383239379964	-0.4888906611640109	-0.8116362027607794
-0.3211846806356652	0.749962807155112	-0.5782699964627165
-0.2337530011134492	0.7973460027178214	0.5564161090590095
0.6283517875303433	0.5605939310384958	-0.5393593195544399
-0.7419794913458714	0.22354819711354887	-0.6320542998741514
0.11756460872083907	-0.058465069684852045	0.9913427249962856
0.8795606201205557	-0.45731716893749885	-0.13127879694807804
0.4610332724537997	0.8873797623462778	-0.0023407410800588835
0.054658646517510734	-0.690317248297467	-0.7214392067692796
0.969123391222776	0.21066031829291987	-0.12814867491157372
0.24044185356493233	-0.6921591775016345	0.6805170005624551
0.1418344612021084	-0.5115376558219277	-0.847474018652911
0.9854712297505653	-0.007838892414941734	0.16966144847788878
-0.09343147729441054	-0.8592251034751685	0.502993817664462
-0.38901666118428047	0.3378907986208648	0.8570273306776094
0.5298669470349313	0.8430888572756229	-0.0918814299930385
-0.7535960826337379	0.4183670481109124	-0.5070127782354656
-0.11128435105261913	-0.993787941480846	0.001149164070313513
-0.9601008739625924	0.10781045468346329	0.2580372408727306
-0.2565581903332345	0.027612193469695748	-0.9661342876353829
0.963897536768656	0.2660569182740161	-0.010735681154493823
-0.2660569182740161	0.960705099479477	-0.07911654740104351
-0.010735681154493823	0.07911654740104351	0.996807562710821
0.9402597181756193	-0.3106193449065415	0.13938179560522285
0.3106193449065415	0.6150639816833351	-0.7247150619420526
0.13938179560522285	0.7247150619420526	0.6748042635077158
-0.6735208626553553	0.10282046111789296	-0.7319819672256209
-0.10282046111789296	-0.9936827514610593	-0.044972683089652264
-0.7319819672256209	0.044972683089652264	0.6798381111942958
0.06664910904401311	-0.3156398421301051	-0.946535464905421
0.6695295936837347	-0.6892132744313988	0.2769750630097273
-0.7397891722952779	-0.6521936464023792	0.1653947645696079
-0.9001568461883729	0.4183859333458785	0.12112333812482334
-0.435540538891643	-0.8616009890994523	-0.26066870653153446
-0.0047001321448837605	-0.2873968447306688	0.9578000638946922
0.4832975530101441	-0.8703460111167205	0.09445261345045192
-0.5436214976690161	-0.21378711879898038	0.8116469276155285
-0.6862209137927107	-0.4436134452074738	-0.5764615934341619
-0.5391571183781496	0.1475325170032648	-0.8291825843135224
-0.1475325170032648	-0.9858585953874199	-0.07947947110685465
-0.8291825843135224	0.07947947110685465	0.5532985229907297
-0.34091240563595915	-0.8942434668330103	-0.2900126785331672
0.9385771871504628	-0.34128473068739673	-0.050966620060156204
-0.053400331873767595	-0.2895744371074732	0.9556647162732658
0.6503413470449619	0.4542686798338914	-0.6088481738871504
-0.4542686798338914	-0.40982431942114084	-0.7910018923700319
-0.6088481738871504	0.7910018923700319	-0.060165666466102774
0.9239126777445055	-0.03638799742157979	0.38086910815478936
0.03638799742157979	-0.9825978058222795	-0.18214682439419222
0.38086910815478936	0.18214682439419222	-0.906510483566785
-0.46737248258190567	0.23269438434672743	-0.8528870300448492
-0.23269438434672743	-0.9630995693668527	-0.1352499278331787
-0.8528870300448492	0.1352499278331787	0.504272913215053
-0.8960546435713179	0.1890043175399781	0.40170068917730906
0.10142712010063802	-0.7937564743914463	0.5997192665487342
0.4322020534916148	0.5781245776758744	0.6920790111285872
0.5707049497334991	0.14704810756775172	0.8078816215327759
-0.38004799508597936	-0.8248228466236629	0.4186057729161949
0.7279144055318673	-0.545934177120631	-0.41484514275908757
-0.4415236008191177	-0.43910273367236785	0.7824613084371485
0.43910273367236785	-0.866244846349387	-0.2383456638048635
0.7824613084371485	0.2383456638048635	0.5752787544697308
0.8018833251999371	0.13287370728437276	0.5825184208922485
0.17402781113018712	0.8807423747289973	-0.4404624732141916
-0.5715745390756379	0.4545739183776752	0.6831289036567247
-0.6307214840448723	0.5229448710628657	-0.5733402753978452
-0.031018288059605686	-0.755230640412824	-0.6547247861410833
-0.7753891122333905	-0.39516495493740156	0.49256104496725683
-0.5907392542731589	-0.37690211965713205	0.7134226837287645
-0.5188878831391075	0.8545640410956563	0.021809731719517972
-0.617885505730801	-0.35730252149155395	-0.7003944673850371
0.5734899735031063	0.4962005774368331	-0.6518391191411879
0.046435975235243426	-0.8141004540481502	-0.5788645358998483
-0.8178954398303968	0.3017042221612887	-0.4899200055465105
0.9263584608515141	0.36100780940473376	0.10739349867477636
0.34339608707628433	-0.9266575577620608	0.1529212150852495
0.15472275007092748	-0.10478135421556474	-0.9823857380984524
0.6887358056674147	0.7248588907277073	-0.014919065810398147
0.29944689929366175	-0.26566308427257623	0.916381296272569
0.660283684862097	-0.6356120783841195	-0.4000284256364184
0.21845823192126967	-0.16801937610217904	-0.9612728489664457
0.7925658502011361	0.6052392481605533	0.07432917045816206
0.5693113155390319	-0.7781098519748242	0.265385915713201
0.7342564883269367	0.6788715009472278	-0.0009458073023938961
-0.6788715009472278	0.7342531221056972	-0.002416170460533868
-0.0009458073023938961	0.002416170460533868	0.9999966337787605
-0.16881359342220748	0.07842303371217643	-0.9825231796040542
-0.01927117783347299	-0.99690174813281	-0.0762595979182849
-0.985459584346711	0.00606072216214068	0.16980187062008778
0.5612566839664298	-0.8261989768010699	-0.04884859707168959
0.30723643104728426	0.15318191634953804	0.9392236559738104
-0.7685029018424945	-0.5421536232806604	0.3398127993812434
0.18467595550136584	0.8845893224731083	-0.42824820142789227
0.3697962408656857	0.3411769170610811	0.8642042880629
0.9105742867560367	-0.31796232769191907	-0.2641106330072138
-0.4328278998224313	-0.4287304612308592	0.7930007570917432
0.4287304612308592	-0.8717153620403366	-0.2372815188666394
0.7930007570917432	0.2372815188666394	0.5611125377820947
0.1782748113778181	0.4611844266888836	-0.869210570694955
0.8077132512291756	0.4359219808294805	0.3969525543670135
0.5619763299437069	-0.7728395378145115	-0.29479086378932107
0.2547852343554101	0.5307720142792561	-0.8083103075010241
0.3615400072709803	0.7229892715149822	0.588706494287888
0.8968686121706784	-0.44223023656481997	-0.00768832692236332
0.28055800018274146	0.2471967574975254	-0.9274594177731825
0.7709898349370756	-0.6335874972363169	0.06435493585981872
-0.5717183598216538	-0.7331170755265015	-0.3683442284254066
0.9503844765652572	0.296184961182296	-0.09509897724594149
0.23694109934285537	-0.8873164579832413	-0.39563672584111015
-0.20156453593323756	0.35347414638346103	-0.9134701777794949
0.7506271312329518	0.5666323040673897	0.3398334030731387
-0.031871614343792654	-0.48268275857287213	0.8752151477068958
0.6599569001503883	-0.667791274698737	-0.34425528809319195
0.6088530990542274	0.028384971170184903	0.7927749978296055
0.33783081592587716	-0.9134854796202649	-0.22674791803628663
0.7177522160069723	0.40587999696289817	-0.5657677831782915
-0.7421171137925813	0.527943961859282	-0.41296169622919493
-0.20262743827631124	0.4105757156333252	0.8890273915857501
0.6389086872736577	0.7434398125393258	-0.19771933253413398
-0.7641939819561336	-0.44406978260443997	-0.4677708692508272
0.3977631648385235	-0.8953814464283381	0.2001912337979354
-0.5077322351788103	-0.033077085263720635	0.8608797150536107
0.03525833006293344	-0.9812509418979405	-0.18948202866123748
0.9226066023734041	-0.04091644678389339	0.38356603295858244
-0.38412746246288715	-0.18834126846494798	0.9038659519944523
-0.6345180135161628	0.5575158514500554	0.5353157628030605
-0.630179298145806	0.02783498873515411	-0.7759505561506953
-0.4475052432228725	-0.8296995171651201	0.33367314621348265
0.9956186865940719	-0.061291409379207	0.07061723614674914
0.061291409379207	-0.14257746122278325	-0.9878841180460267
0.07061723614674914	0.9878841180460267	-0.13819614781685519
0.8944738675115738	-0.047539161533958436	0.4445857942619577
0.047539161533958436	-0.9785837704267266	-0.2002843787669416
0.4445857942619577	0.2002843787669416	-0.8730576379383004
0.5108289783363558	-0.6363249652795078	0.5780521546139832
0.6363249652795078	-0.1722537854738584	-0.7519435962570328
0.5780521546139832	0.7519435962570328	0.31691723618978573
0.3493647436320011	-0.30190516846690446	0.8870160906995523
-0.8514439566250822	0.2928864275091261	0.43504106623118555
-0.39113612033865075	-0.90723250042859	-0.1547311395050046
0.3915746359654738	0.24966571775744986	-0.8856276496616193
0.4417517979069656	0.7933036819760495	0.418956581532271
0.8071707709738194	-0.555280377412979	0.20034732078475503
-0.4408218074197576	0.2120547968982589	0.8721862743792841
-0.8886944329009898	-0.2396080344890983	-0.39090944570201797
0.12608861579843728	-0.9474284948853444	0.2940763643092128
-0.7745395266975108	0.6228124360980148	0.11042278308778243
-0.6171681647035724	-0.7823642160024087	0.08372389142508606
0.13853511489734055	-0.0033019631420874024	0.9903520177087484
-0.5908372176883345	-0.7516829258338114	-0.29305999591249027
0.7693901178487261	-0.6342756863752921	0.07571789900595462
-0.24279668191931997	-0.18074051201397356	0.9530910966774871
0.03474981578720293	-0.7360226999543418	0.6760643722713662
0.8539370038139751	-0.32957978413985756	-0.40270182443532043
0.5192148339752691	0.5913101986590843	0.617064182352037
0.9907548557119531	0.12907426937353506	0.041768994108970586
-0.07001588493286329	0.2227739825288595	0.9723525742061361
0.1162006529252532	-0.9662875274440417	0.22975165410900822
-0.7607656462684569	0.11552461514596502	-0.6386624262888134
0.022999909594584568	0.9882117368509794	0.15135576404158346
0.6486190219353565	0.10045708758145055	-0.7544545963398159
0.7343093268253178	-0.5633567300858849	-0.3787070202733081
-0.40994661159760765	-0.8127020803136291	0.4140762059012077
-0.5410486005683673	-0.14881036026042832	-0.8277209001240529
0.08117819955188044	0.9217103493946106	-0.3792889818283412
0.8804848081697771	0.11201323420410969	0.46065121072821025
0.4670723739419254	-0.3713530223143471	-0.8024589274961393
-0.4017459162839194	0.8496321055895664	-0.34165114356699366
0.9105633768145642	0.4102833162373305	-0.0504176280814235
0.09733732867329098	-0.33135009516935254	-0.9384735259334753
-0.9646302715576827	0.2527620714661174	-0.07483164051863103
0.17296773782980043	0.3926919490732621	-0.9032580997716457
-0.1989236055992191	-0.8842535656479991	-0.4225222251837255
0.5979937110554503	0.7764458185602188	-0.19883513869153624
-0.7764458185602188	0.49964845262110835	-0.38403556428237706
-0.19883513869153624	0.38403556428237706	0.9016547415656582
0.24110549437575846	0.9622362738566397	-0.1263704627526184
-0.9622362738566397	0.220062393209576	-0.16023075974782044
-0.1263704627526184	0.16023075974782044	0.9789568988338175
-0.7948779665602066	0.47126683708756745	-0.3821996684176894
0.4354099632398528	0.004314450615818588	-0.9002219445377644
-0.4225957668843614	-0.8819801323030831	-0.20862373794478595
-0.9729108733327505	-0.1444736252634787	0.18047660278865246
0.1945753306401681	-0.09016677077105761	0.976734556650367
-0.1248393898462115	0.9853919651854016	0.11583523510088845
-0.577342868676135	0.518375228857228	0.6308425588813962
0.6893063151183433	0.7235607820665542	0.03628496373441231
-0.43764370888518705	0.4557926247345968	-0.7750619764320559
0.9318224766218414	0.3627945082738277	-0.009328281121915916
-0.35372610318007064	0.9021831339312517	-0.24686724525345038
-0.08114626295387813	0.2333361043995052	0.9690044098931043
0.9992837456085469	-0.03146530679112382	0.021022136691910342
0.03146530679112382	0.3822819703080095	-0.9235098427444975
0.021022136691910342	0.9235098427444975	0.38299822469946254
-0.8527614190650976	-0.40497793800559345	0.3298345522876877
-0.5118678906883973	0.5224124182796716	-0.6819651953797911
0.10387119252368564	-0.7503853243207276	-0.6527883580516618
-0.0435053791745188	-0.2579076180278048	0.9651895889130309
0.2579076180278048	-0.9362568312878323	-0.238551475430549
0.9651895889130309	0.238551475430549	0.10724854788668647
0.4383561485901769	0.2948723017385802	-0.849054893785189
0.33861860934926974	0.8208670704219643	0.4599072624988963
0.8325751163682189	-0.48910896369240026	0.25998287874433745
0.16132749326331297	-0.4039518507501114	0.9004423036446785
-0.9580593603906609	-0.2830681581536054	0.04466183837867915
0.23684531214531884	-0.8698823599286776	-0.43267652813585955
0.043322903946241276	-0.5921532693888641	-0.8046599477703262
0.9978132653703772	0.06588843489016627	0.005234653630357078
0.04991806731605558	-0.8031271503938862	0.5937128656645618
-0.9962635879352426	0.02377241052616804	-0.08302852432852117
0.0827928178721804	-0.010735076424195578	-0.9965089600414793
-0.024580737645165687	-0.9996597574334688	0.008726780900052522
-0.5796350138544291	-0.13102638336980554	0.8042731734771493
0.33415932584461616	0.8619655097824832	0.381251891662842
-0.7432097924980856	0.48974232695005293	-0.4558417022700971
-0.8287563019202873	0.5517650363483202	0.09337203377321232
-0.001988940131152306	-0.16975525578763762	0.9854842450539878
0.5596061437694941	0.8165405671465504	0.1417831656418551
-0.9340175432529165	-0.01665989115644549	0.3568384465306985
0.2596916167344603	0.6542611663145759	0.7102834578184496
-0.24529878331053534	0.7560851633773451	-0.6067649731378906
-0.5817386928668133	0.16995895283231777	-0.795420673338174
0.5295431479242156	-0.6631455629221057	-0.5289820572223946
-0.6173849266933268	-0.7289388978020493	0.29577683405400335
0.29756196074438457	-0.10959636812187129	0.9483910140930546
0.7291521019439453	-0.615158198506534	-0.2998626402887189
0.6162743640203473	0.780749016589	-0.10313525753410269
0.6267144171993437	-0.636184633516967	0.4499979459412781
0.636184633516967	0.08423927033703249	-0.7669242840137265
0.4499979459412781	0.7669242840137265	0.45752485313768876
0.9501907525197605	-0.12463397411170683	0.28566397449285374
-0.22097806985357793	0.37694598963166537	0.8994889735535349
-0.21978677501096058	-0.9178115783741928	0.33062921851003213
0.9996013347541725	-0.006551577689166367	0.027463582931944154
0.007380480079390594	0.9995169302436255	-0.030189976319252673
-0.027252524130338372	0.030380635051659735	0.9991668113695447
0.8928554923001042	-0.40274501810055574	-0.2015081146374052
-0.25449356518131383	-0.8203897829406253	0.5120484638468698
-0.37154016626852465	-0.4059027647624709	-0.8349855390408507
0.8573761589409983	-0.5145528840530655	0.011893342349926873
0.5144447826373202	0.857451999284915	0.011074048019692924
-0.01589615352279988	-0.0033761568350131202	0.9998679482152656
