-0.15039693156039768	-0.7066661588188855	0.6913781186567727
0.8570432287520936	0.25540538333303797	0.447487423526841
-0.4928059121270802	0.6598416705124536	0.5672312604466816
0.7813883362551922	0.21715060783906498	0.5850451960998119
0.25686971334230135	0.742479618434062	-0.6186614312994254
-0.5687268398201254	0.6336952183227631	0.5243854993638545
0.9506479231302387	-0.07530112960808051	0.30099545864997834
0.17819337395006307	0.9266640865538918	-0.3309694731716725
-0.2539993065511337	0.3682708386106461	0.8943494516689517
-0.609988888291956	0.3636452298228887	0.704042401413013
0.7353193550790462	-0.07137236066973984	0.673952099320541
0.2953286342474756	0.9287992963818863	-0.223859028931231
0.5866590643846602	-0.5370955587739943	0.6061018915335654
0.6924033334685058	0.7208255676916411	-0.03143445185977395
-0.42001043555728024	0.43810827623690707	0.7947656084127632
0.22801301106942984	0.8130423487840716	0.5356978680811902
0.948894817724459	-0.062260934200415674	-0.30939004665334197
-0.21819416050554075	0.5788658870206222	-0.7856879744307599
0.9472179343000727	0.1161785570574743	0.298798808264602
0.20015144145985103	-0.942374744541437	-0.26808439218277025
0.2504347927542158	0.31373935636209993	-0.9158875645228777
-0.9956470079948756	-0.07166696800644207	0.0595892705746249
0.08889155366217513	-0.5379218064042897	0.8382949492167244
-0.028023689235660756	0.839942840847822	0.5419508252139797
-0.9864574343245902	0.0590994994987438	0.1529999327605866
0.06835025359548023	0.9960928668067619	0.055921762580591935
-0.14909719346513395	0.06562202264243713	-0.9866426795173293
-0.8870441321462716	0.22580230815541158	0.4026984296673578
0.46049661331991976	0.3701890388829533	0.8067855629668886
0.033099497666152916	0.9010956625811734	-0.43235521291137946
0.8895871163186897	-0.03445046139542182	0.45546451913342334
0.4528896793850382	0.19615122141769226	-0.8697215857059456
-0.05937761182731505	0.979968297469867	0.19009585783939287
0.2002917924810711	-0.3654777085803582	0.9090155347383071
0.6768732912958646	0.7224086828202111	0.14130903196990374
-0.7083260163194793	0.5869852975303712	0.39207462948800753
-0.4515257941647537	0.7960486781839212	0.4030272437013661
0.8580356662690826	0.2634904029666729	0.4408487302404667
0.24474323813756313	0.5448663226022437	-0.8020108714224814
-0.8385414323943132	-0.499173936240218	0.21834295852291563
0.528338131215759	-0.8428723227008361	0.10210321605285853
0.13306797233569145	0.2009766877111473	0.9705159894278526
-0.004403741846011444	0.5055561201339379	0.8627824850174424
0.5849929468777083	0.7010553807698828	-0.4078046164487711
-0.8110264232200382	0.5029258021703739	-0.29883403144588083
0.7328663422257122	-0.6698469361277064	0.11921412077866304
0.6790245957696299	0.7090744591865072	-0.19010262930652239
0.04280797557226969	0.22026913875912507	0.9744993503013315
-0.2051764244305132	0.9229125475501423	0.32578376944288673
0.962936518030894	0.24990271714626222	-0.1014982473023687
-0.17508825517563226	0.292884041110849	-0.9399803409444958
0.10325216297135764	0.8692724465824267	0.48342983405488976
0.923045436514269	-0.2648176790195387	0.2790317526893443
0.37057538095766557	0.41741707019635255	-0.829720963057325
0.926004211817662	-0.0004898047045841201	0.3775128604263727
0.04658314157679751	-0.9922085788527935	-0.11555149056484001
0.37462809640600453	0.1245869019691542	-0.9187665063774049
0.8135852840829563	-0.13723430049937566	0.5650183468615001
0.5685206014540531	-0.015996146832170766	-0.8225134947275002
0.12191518053949227	0.9904094456602134	0.06500629739534691
0.2076753258495745	-0.6722569982649003	0.7105923496049892
0.977068014163941	0.10765440644933788	-0.1837079869515037
0.04700058224113979	0.7324486719599584	0.6791979742410066
-0.4970236139907318	-0.36353316407793246	0.7879157098009146
0.8420777881220758	0.01711169103859067	0.5390845840693577
-0.20945769474293485	0.9314240863566321	0.29761828819427194
-0.28255764163452435	-0.17051031524622567	0.9439742642405929
0.8712245716029776	-0.45741353912412297	0.17815891799501032
0.4014086757771237	0.8727537376720753	0.27779846722089485
0.16121977532173926	0.6352931433164841	0.7552554575110788
0.7528947823651613	-0.573951118516336	0.3220707379461281
0.638089046084106	0.5167037213035224	-0.5708411632482084
-0.20172225057117021	-0.43429182053914184	0.8778944972132473
0.9148120845816895	-0.4037439042352178	0.010474239648178063
0.34989567520591935	0.8052213822332971	0.478739534680908
0.9438027961929244	-0.0012413026661140525	0.33050679428131013
0.18390779582512387	0.8328557433627718	-0.5220433251966635
-0.27461646806621354	0.5534887260959666	0.7862798646483975
-0.07766091745504577	0.024013929678587564	0.9966905804117104
0.8465633713130918	0.5296224478458791	0.05320264174598188
-0.5265921004449768	0.847893503878365	-0.061460278471678675
0.9220740566161976	0.09482968429603301	0.37521562479681464
0.11780655081752973	0.8547323958897153	-0.5055236374306388
-0.36864759689956755	0.510333089651202	0.7769550095772806
-0.9597377609341555	-0.2522014252303837	0.12368456390697088
0.2620298445553525	-0.9624665551391169	0.07070000566435292
0.10121161395508019	0.1002625121887783	0.9897997968529813
0.20564313650638844	-0.14646614867473376	0.9676045513019282
0.24669919858190606	-0.9490464633976439	-0.19608752059085835
0.9470218613246795	0.27903132011445564	-0.159031809925952
-0.3337689473161014	-0.2422805690149546	0.9109876045728018
0.8455533879057093	-0.5041463560685733	0.17571545140925077
0.4166986417168634	0.8289370166306784	0.3731295545125738
0.6346626305537099	0.18617971203545441	0.750026972984999
0.4943250164724769	-0.8438206291862682	-0.20882893441564984
0.5940085213766976	0.5032930166275761	-0.6275747094536106
-0.3290871694140114	0.09291680885244108	0.9397170327070553
0.810899682318915	0.5377461641414195	0.2308046103661548
-0.4838836018529217	0.8379710792049262	-0.25231157380107394
0.7603899125035639	-0.27604347428951204	0.5878836460261485
0.4957695763903017	-0.3380275980045735	-0.7999686682070989
0.41954702726703136	0.8997429317807583	-0.12017881935666908
-0.991719383554839	0.0698289701628835	0.10778023570024876
0.08441773434410968	-0.27799923624659884	0.9568647087099174
0.0967797004015686	0.9580398423720691	0.26980242774646
0.7418466875076307	0.2524743239314555	0.6212247644687953
0.6087677161135825	-0.642035648922261	-0.46603872514075917
0.2811856327265111	0.7239108655548181	-0.6299902369718644
-0.5011721620190723	-0.39311745051048064	0.7708989130367672
0.8556349467205919	-0.09202274052494164	0.5093335382406401
-0.12928767136730096	0.9148718409320618	0.3824842646462747
0.3808215906931556	-0.4501769764298471	0.8076605759565186
0.8731466242838295	-0.11236582566273423	-0.4743299418388902
0.30428586651977063	0.8858411884280459	0.35027917483158977
0.7256834987507486	0.5796413178385099	0.37067425361806283
0.666140744947972	-0.7267240010987943	-0.16771623101870956
0.17216261952303494	0.3686301247611158	-0.913494315011085
0.6133033418738365	0.7431464992681821	0.2675673587563135
0.7844007385031945	-0.5333469379523907	-0.31663310820640933
-0.09259855442730802	0.4040721772186924	-0.9100281222664046
0.47065628667989967	0.8105923382420774	0.3484576315593183
0.8430384213251583	-0.2966229543951051	-0.44866584792638736
-0.2603245666053686	0.5049305735535934	-0.8229679434294912
0.6436141738820214	-0.027995255979568978	0.7648379310813511
0.6988543236051868	-0.38592748522855636	-0.6022147544883794
0.3120311355562133	0.9221042467030507	-0.22882379390198748
-0.16643972083490977	-0.3479816336408711	0.9226085854667885
0.5688897308287435	0.730348327076482	0.3780949553937264
-0.8053957371913496	0.5877925686713084	0.07640420622444843
0.892423595975443	0.3182825434470668	0.31980673520600744
0.4436887146233596	-0.49027074355009503	-0.7501832593004907
-0.0819783499597929	0.8113758811769687	-0.5787475525496129
-0.23270593897353486	0.6283760766611663	0.7422879847110322
0.7970937847217294	0.5605246619869315	-0.22461879187286524
-0.557215796908554	0.5394030122129058	-0.6313120829599328
0.11637802469511205	-0.06194709808353177	0.9912712607591795
0.8793887149013337	-0.45748849515278134	-0.13183233634819858
0.46166182804326017	0.8870551470127848	0.001233971588923577
0.05113836616529355	-0.6929592441124305	0.7191608676124372
0.9697829879693834	0.20646133779054043	0.1299795070113554
-0.23854941574256475	0.6907830354003125	0.6825781817872671
0.14156279124782234	-0.5114786248281471	0.8475550675195287
0.9855389274536599	-0.007727491813459775	-0.16927288130046914
0.09312893539397565	0.8592612537605664	0.5029881700181469
-0.38637355205852897	0.33834187951383854	0.8580444340689583
0.5321169724053222	0.841629234207732	-0.09225919902698201
-0.7533704307628944	0.4209334920078823	-0.5052207333019711
-0.11450663104281089	0.9594546126938726	0.2575559698932954
0.9934216819321426	0.11092066568490488	0.02845993308372105
-0.0012622655575504904	0.2591205358601826	-0.9658441668205038
0.4687840309518675	-0.16473146494925056	0.8678162690225347
0.2350229081509943	0.9703035795071467	0.0572293302412963
-0.8514727035958157	0.17712850716723127	0.4935784912047325
-0.812315910745586	0.3634306251439016	0.45613708669333436
0.38446646607886453	-0.25441586007368233	0.8873883628963127
0.43855261669541873	0.8962090999596476	0.06693916296996616
-0.704976102950259	0.13735571817796005	0.6958032056213039
0.3247147695308992	-0.8096924992569781	0.4888336885848638
0.6305307389156858	0.5705536463215404	0.5262124323423325
0.06272695129768291	-0.3177642697128712	0.946092595085039
0.6716059671154382	-0.6877708230058786	-0.27552988940721584
0.7382484368529572	0.6526845822567446	0.17027061275658706
-0.8991598037187494	-0.42008300750779276	0.12264548169283415
0.4376038028795915	-0.8606500331249913	0.26035443569732136
-0.0038156364841567605	0.2877703724936928	0.9576918364657089
0.4847202775224616	0.5441108413811323	0.6848281863723661
0.8695203893896878	-0.21492872304883548	-0.4446795885176235
-0.09476573744847727	0.8110172848343697	-0.5772957809526527
-0.5957343277503229	0.18179277678059502	0.7823375211826874
0.4398191341512251	-0.7411904332821861	0.5071448223588922
0.672056351784832	0.6462105910006167	0.3615966428277452
-0.34193573992588533	-0.8937213655813516	0.29041706297106784
0.9382020525858517	-0.34224849922411216	0.05140888349825769
0.05344958638784701	0.29004841920315083	0.9555182134489753
0.6462305506264651	-0.3593116490360113	0.6732616239650364
0.5426954632585735	-0.4038802252613971	-0.7364525767497627
0.5365330461356299	0.8412941830952032	-0.06600293853001316
0.7607462069553934	0.5113018216709075	0.3997945169196211
0.578743013986841	-0.8132076078470893	-0.06123651117628043
0.29380560301738445	0.27796372730201147	-0.9145569604677255
-0.6925512501124784	0.3593412736253859	0.6254970943473107
0.6256133826623563	-0.13249868797640163	0.7687990589993564
0.35913877735689725	0.9237521024353977	-0.1330465777266565
-0.8963440405427983	0.10139043362281422	0.4316101724394225
0.1891751086253858	-0.7929703236135126	0.5791466516736968
0.40097398825856995	0.6007645510830834	0.6915936776040955
0.5698574211687908	-0.14925866656865128	0.8080744829488204
0.3763839623444658	-0.8267400879089233	-0.41813387800347596
0.7304776741480434	0.5424229691840992	-0.4149454061352782
-0.44221901157085286	-0.41064552723557374	0.7973785780711166
0.46732663888783926	-0.8643102472947208	-0.18593979941672978
0.7655378229657194	0.2904101365013906	0.5741200172665561
0.800499385512812	0.13245454925510414	0.5845139229951991
0.17517553827134585	0.880975743432439	-0.43953983923531387
-0.5731616391428814	0.454243912304049	0.6820177443071089
-0.6281942354390342	-0.030179882579747186	0.777471013767484
0.5229749786803699	-0.7562311645764819	0.39320681250146705
0.5760808747349918	0.6536081397984345	0.4908433816950135
-0.5910839288342793	0.3741116228488185	0.7146049836960671
0.5179333908729667	0.8552029661696792	-0.01931034110038793
-0.618356524743342	0.35870375005567773	-0.6992616305813801
0.5733662394378893	0.04777726231021601	0.8179049386566838
0.49687696375443463	-0.8140340953315024	-0.30076863953543476
0.6514326046207904	0.5788487063507725	-0.49047908904764714
0.9258850908310132	0.3453883871752883	0.15311322797622556
0.36256029879476515	-0.926248975143148	-0.10301876423312165
0.10623948566656888	0.1508963155637739	-0.9828242333370611
0.689452854301721	0.30024525918362216	0.6591718638056159
0.7241699570072098	-0.2665616279021652	-0.6360210467416341
-0.01525237894185133	0.915858986344463	-0.4012102716390833
0.2191794255096129	-0.16932154299270707	0.9608801145365873
0.7926297669372291	0.605176309271379	-0.07415987635983634
-0.5689450166741159	0.777876500336166	0.26685149095789007
-0.30553177885555494	-0.2641470673382289	0.9148096298826184
0.28209362232275703	0.8925096755453267	0.3519228144107759
-0.9094358253082985	0.36558556573610623	-0.19817586576378354
-0.16886683274035486	-0.015444510902177855	0.9855178638072644
0.07899368781268074	-0.9968729315263705	-0.0020870255803293186
0.9824683150544824	0.07749726106781273	0.16955879346407687
0.559217715113643	-0.30932481134348944	0.7691512908332088
0.8276303990962373	0.1545936324696422	-0.5395634636367113
0.04799447462864531	0.9383064370913994	0.34245811498337186
0.18359017819394752	0.3692433092052933	0.9110181255484651
0.8854940077994722	0.3403047194956649	-0.31637487264352265
-0.42684307259453447	0.8647844104145848	-0.2644861336288846
-0.4658619593578599	-0.1814667059260503	0.8660499231935789
0.6258736086181547	-0.7594490126840128	0.1775371036391184
0.625503685727386	0.6247455736326801	0.46737362716335307
0.17901935604126495	0.4614624353459398	0.8689099440834851
0.8074186545655464	0.4357318578883602	-0.39775980727157545
-0.562162953619441	0.7727808025473669	-0.2945889420737209
0.255569043582927	0.36018893114254713	0.8971891650284779
0.5296986837952715	0.7241549701135641	-0.4416094243167598
-0.8087668195145402	0.5881016180408046	-0.00572000962608632
0.2819641715148751	0.24632324012884316	0.9272653705139422
0.7700111064578756	-0.6346539445263226	-0.065553540169069
0.5723452646029741	0.7324883835731512	-0.3686213043449116
0.9499910192970312	0.23831628324643558	0.20179794943108914
0.29726202575870314	-0.8881032042014911	-0.3505823537043429
0.09566792198443448	0.3930369547849789	-0.9145324493294544
0.750187987500742	-0.03104374455918113	0.6604954726062329
0.5665194241908609	-0.4849490404400698	-0.6662433265637346
0.34098933329950665	0.8739912551622013	-0.3462160603957565
0.6089889262995245	0.027283421106402472	0.7927093430616817
0.33853813126498994	-0.912745997859334	-0.2286628021156421
0.7173035768237607	0.4076154539814451	-0.5650886836164213
-0.7417705246869737	-0.20505197422579755	0.6385375294935413
0.5270200476503926	0.41060320027147523	0.7440798890585614
-0.41476060333665987	0.8884586089362441	-0.19650685007623592
-0.7640673805555027	-0.39731596755325793	0.5082726235970919
0.4430744057360928	-0.8958317574330106	-0.03421305826861598
0.46892015200102116	0.19906150884011212	0.8605163605333934
0.035177705796590186	-0.9229676866566823	0.3832664587496547
0.981097859985665	-0.041127724217755235	-0.18909124631303464
0.19028798739394204	0.38267369871508083	0.9040748432321754
-0.632691622161619	-0.5595041561728908	0.5354030355458966
0.6302694817404257	0.029676803023936493	0.7758090407754562
-0.4499574331346847	0.828296074231636	0.333862129896917
0.9920678523010141	0.0059143808319202865	0.12556431232730222
0.1251760582787125	-0.13789288560200252	-0.9825052195963936
0.01150351531740023	0.9904294887571393	-0.13753943774646693
-0.47288297661117396	0.8538802012385799	0.21741732305434763
0.8805619357347162	0.44914636131737096	0.1512554906457787
0.03150186925383407	0.26297556549635587	-0.964288071162029
0.10573790822768792	0.05000829827254738	0.9931357736319425
0.9833991229838968	0.1428490021261175	-0.11189426931740165
-0.14746409623408618	0.9884803147738737	-0.03407356198591183
0.34980763481880606	0.30266737013691486	0.886581683589773
0.8514877278658148	0.2919060480682588	-0.43561394421561284
-0.39064468243710226	0.9072945068474596	-0.15560658703294084
0.39323147794270774	0.24795209907238863	0.8853749269775998
0.44193071058765226	0.7934512379258838	-0.41848820780683327
-0.8062668614016618	0.5558371070731775	0.2024323556303056
-0.4369768023424023	-0.2062904403555938	0.8754973034981344
0.8906361311632702	-0.23533555838707132	0.3890815554934048
0.12577184136813463	0.9497691452013697	0.2865658994757194
-0.7742475090449263	-0.6173880173604134	0.13918631670356152
0.623280082296984	-0.7819970474929363	-0.0015989759832385902
0.10983047732570048	0.08551405575756477	0.9902649203714635
-0.5928754285374291	-0.7507512844083829	0.2913266812286902
0.768172522103452	-0.6358119497473158	-0.07519402132974429
0.24168099329856518	0.17920846385614664	0.9536637897920519
0.035963984335520505	-0.7347073487125912	0.6774302204496262
0.8542205026761371	-0.32921443675477535	-0.4023992885679144
0.5186655228935523	0.5931466651511672	0.6157622178906457
0.990892294169834	-0.06932192141081238	0.11544233437849447
0.12822040189580222	0.22384983481190446	-0.9661525655880453
0.04113380474162259	0.9721551947434094	0.23069956098978994
-0.7609187482162252	0.02569141543811835	0.6483383451453717
0.11798780795672545	0.9880353017384839	0.09932330890636908
-0.6380294160825346	0.15207298803972108	-0.7548458587831366
0.7326947644444076	0.40973843726096715	0.5433900948551552
0.5638755470466422	-0.8125606646317522	-0.14761278310517412
0.3810547855605596	0.4145595003424064	-0.8264004302257171
0.08129417462093558	0.8806153973272148	0.46680593308454504
0.9211232620296057	0.11250865689296974	-0.3726576690101503
-0.38068778982341894	0.4602807014359519	-0.8020090289797175
-0.39970891642373396	0.8501205134537101	0.3428234162605658
0.9116341961288851	0.4077173685811064	0.05186173739607991
-0.09568633434198623	0.3332591483552983	-0.9379671984977382
-0.9645427546353607	0.17325542460189217	0.19909754475243532
0.2531992950271262	0.39455693326497754	0.8832977659941761
0.07448081281911631	0.9023898183482313	-0.424435182640706
0.5906050307014692	-0.7369316338517115	0.3288122028434526
0.804096863819581	0.5031385869858328	-0.3166698531300601
0.06792592513636286	0.451423669422137	0.8897205962434624
-0.6467679848418908	-0.1807255527412925	0.7409652140079946
0.3633581200771946	0.7811634335320643	0.5076953483008911
-0.6705684531481674	0.5975968245387105	-0.4395634026437174
-0.7965007696087962	0.4349032939668071	0.4200543404244456
0.46857184745739716	0.004913520864047949	0.8834117279519671
0.38213472464951	0.9004637595203593	-0.20769706306903735
-0.9728413049418989	-0.14344108261111493	0.18167127240787012
0.19568568473398112	-0.09042886230896863	0.9764884708237463
-0.12364023693416387	0.9855187855545205	0.11604229888280793
-0.5772916962991805	0.5183928615084143	0.6308748992638177
0.6894441867244419	0.7234212265428243	0.036447803488667746
-0.43749401227432483	0.45599404615015926	-0.7750280118161657
0.9307615980804715	-0.35665674840853706	0.08049106381043943
0.36549363841697075	0.9016593559666791	-0.2311380671254263
0.009861430697995027	0.24455340850702315	0.9695856757255574
0.9980144906633984	-0.0025827341570703773	0.06293175597543246
0.05902036944276705	0.3872275501570316	-0.9200931585389726
-0.021992553665201475	0.9219805604695023	0.38661114016492815
-0.8526479201334072	0.40560465803753654	0.32935753471027224
0.5119976663140506	0.5229517300319187	0.6814542374551569
0.10416292037544451	0.7496708273868447	-0.6535623433032098
-0.3392020146838399	0.43858580270338965	0.8322166105656911
0.7951739362896241	-0.33900814244303357	0.5027642493286377
0.5026334691204802	0.8322956043524121	-0.23375975422549544
0.4383618958196115	0.2944109166784321	0.8492120232509672
0.34143353478581107	0.819455970435279	-0.46034232245323864
-0.8314216677577644	0.49174599607779274	0.2586965127796603
0.16194020044647361	0.4057581037358444	0.8995197233702261
0.957305220729648	-0.28579896882270517	-0.0434242303747438
0.23946207600185093	0.8681470559027258	-0.4347166933582305
0.04322064187795083	-0.5956578956355111	0.8020745897251279
0.9979062791505581	0.06440278014488632	-0.005944740658570424
-0.04811480175108429	0.8006522049408743	0.5971942837768711
-0.9963543635880814	0.024335735456385788	0.08176646096527712
0.0815691266620315	-0.008995609387553838	0.9966270900328467
0.024989192355553226	0.9996633688355012	0.006977769978567472
-0.5792532199727796	-0.13090503447198748	0.8045679456087313
0.3335437928603543	0.8625469554420762	0.38047508184102435
-0.7437837356352286	0.48875006046801966	-0.45597053961523804
-0.8274058931907537	0.0006694587527404927	0.5616039883567332
0.5532881014516896	-0.1704833957379046	0.8153573992855269
0.09629000314257	0.985360321711125	0.1406885627624096
-0.9336316517441348	-0.01758773898029925	0.35780247385824343
0.25949000137346656	0.6553901058181908	0.7093156902133343
-0.24697546041806753	0.7550857438948119	-0.6073291046196467
-0.5800310787964518	0.1699486409276971	0.7966689444663031
0.5294126149847418	-0.6646406113436725	0.5272334784966973
0.6191011474106975	0.7275783924770846	0.2955392564029682
0.2984720279956441	-0.1080483203949772	0.9482826630092906
0.7294301366057927	-0.6149302165244337	-0.29965397480505385
0.6155047719680344	0.7811442819767919	-0.10472576769611375
-0.2418851668711075	0.22723320551798998	0.9433221275671191
0.8163908992641231	0.5730825697116587	0.07129002659137096
-0.5244020076682139	0.7873635999985654	-0.32413129400112894
0.949194685739431	0.12542214482927455	0.2886152008305302
0.2230428492189373	0.37885280349737993	-0.8981772880085946
-0.2219939998655847	0.9169186653507496	0.3316305552193263
0.9995677185775584	-0.00967848242647686	0.027761537341712366
0.010533973993189179	0.9994689214624665	-0.03083683548233839
-0.027448340014757277	0.031115944603601037	0.9991388224975846
0.8915713804170052	0.25462034090437374	0.37452497329157686
0.40500317558094673	-0.8183481034741789	-0.4077729874692102
0.20266450451587403	0.5152425288521477	-0.8327377949098864
0.8594475446030367	-0.5109118791560859	0.017859726005965026
0.5111001812575949	0.859483650974828	-0.008028600465437904
-0.011248235162226597	0.016028270155479113	0.9998082675001033
