-0.1505431195227498	-0.7066013531286206	0.6914125374341729
0.8570078661356333	0.2553679773556198	0.44757648901941693
-0.49282277397255864	0.6599255442079068	0.5671190259159804
0.7814793063803499	0.21713636949084722	0.5849289621343958
0.2568852393370093	0.7423701430546965	-0.6187863480327576
-0.5685948183988794	0.6338283424913118	0.5243677762264397
0.9506631537915344	-0.07502876495057825	0.3010153691310864
0.17799862265919675	0.9266226032938389	-0.3311903401314383
-0.2540788427920794	0.36843077435922716	0.8942609832428663
-0.6100097426623659	0.3631380799563185	0.7042860560472802
0.7353690145587622	-0.07163869274909973	0.6738696536631361
0.29516186454870685	0.9289771970219929	-0.22334019147769246
0.5864932175091083	-0.5371554778807613	0.6062092859718535
0.6925629526144438	0.7206711156672936	-0.03145949314311933
-0.4199788833760303	0.4382888723496745	0.7946827051677126
0.22800988568464509	0.8129517851351143	0.5358366234923715
0.9489027242995826	-0.06222482874272006	-0.3093730604056678
-0.21816303959861086	0.5789969479484062	-0.7856000397272931
0.9472131918570599	0.11616647735015276	0.2988185380996587
0.20016650369653452	-0.9423503653097214	-0.26815883315404665
0.2504406915216973	0.31381704628762763	-0.9158593349906103
-0.9956604297010143	-0.07162232246354124	0.059418445389626824
0.0887265865683992	-0.5380150013924878	0.838252617718884
-0.02806958431312994	0.8398869573946066	0.5420350516663275
-0.9864638368323844	0.058966054198407385	0.15301014042932423
0.06819899344482555	0.9961096156764665	0.05580798195594258
-0.1491240956889385	0.06548769357026292	-0.9866475389295835
-0.8869756559051338	0.22595183276545228	0.40276538468640666
0.46061975530982513	0.3701072557000309	0.8067527875976063
0.033220879729063735	0.9010917758742029	-0.4323540038000129
0.8895340821711725	-0.03438565301302579	0.4555729837498681
0.4529747731133382	0.19629386149582673	-0.8696450855734064
-0.059522866016426895	0.9799420119608737	0.1901859132934548
0.20041717447508978	-0.36533689872885394	0.9090445019923968
0.67672920953581	0.7225660857350633	0.1411942941713548
-0.7084282131143985	0.586879205776361	0.3920488039655884
-0.45168354096442753	0.7959451886968539	0.403054878908773
0.8579139074826	0.26349032552985696	0.4410856784119235
0.2448789622849887	0.5450175271883461	-0.8018666902220888
-0.8384992626652739	-0.4993872285391151	0.21801693164021457
0.5284732149911836	-0.8427977864966396	0.10201937126471289
0.132797016331974	0.20075927636945384	0.97059809674496
-0.004307160892760065	0.5054224223986318	0.8628613001530098
0.5848026048996412	0.7012082836995925	-0.4078147326589191
-0.8111642014214123	0.5028470123285714	-0.298592566090637
0.7328047909718833	-0.6699432578769945	0.11905112159829967
0.6790694109001366	0.7089541404536962	-0.19039107624387808
0.04314943230675991	0.22036346784056488	0.9744629641668711
-0.20497183683751885	0.9229673052074678	0.3257574245071297
0.9629498545023596	0.24975665128572222	-0.10173098275563225
-0.17525445448643545	0.292836078133496	-0.9399643118363881
0.10303572780584225	0.8692701141226791	0.4834802038229336
0.9230570140054455	-0.26466523750335136	0.27913806790304707
0.3706067831150311	0.417518599286834	-0.8296558512773169
0.9261109111523297	-0.0006860623265228516	0.37725072506634866
0.046410144383126975	-0.992195131672108	-0.11573642116682357
0.3743857352289734	0.12469302307928533	-0.9188508971821319
0.8135762579030832	-0.13731173082455453	0.5650125318560473
0.5685194238320086	-0.015999707493733473	-0.8225142394425982
0.12198088908569588	0.990398656066374	0.06504740394345598
0.20758167554417672	-0.672386948231447	0.7104967556761069
0.9770901015423475	0.10765497839898253	-0.18359013887973286
0.046955100321872556	0.7323292957911188	0.6793298323199466
-0.4968762397789601	-0.36374860306579826	0.7879092308831023
0.8420579318973763	0.017500401774872665	0.5391031211803838
-0.20988673534036162	0.9313327491854877	0.29760186259962584
-0.28234435503755595	-0.17048035580184107	0.9440434912990525
0.871332376892533	-0.4572609565880419	0.178023331501795
0.40132474899666426	0.8728395418780401	0.27765010350600927
0.16118430820555385	0.6352353116536645	0.7553116691913139
0.7529579048016845	-0.5739124061113494	0.32199214851939917
0.6380235202443202	0.5168178101998353	-0.570811123468431
-0.20142740466671927	-0.4343732983141254	0.8779218862523803
0.9148712128393769	-0.40361678388595346	0.010205669177807242
0.3499109380500088	0.8052411623093216	0.47869510751176025
0.9437560482517042	-0.00104467371536697	0.3306409382474518
0.18380851487027627	0.832893961726859	-0.5220173161688421
-0.2748435031968379	0.5534316192410457	0.7862407338561923
-0.07761376196733583	0.02397444358859202	0.9966952041661961
0.8466097232247808	0.5295497526998294	0.053188682600809944
-0.5265245298127506	0.8479400246893449	-0.06139734550691234
0.9220686233388243	0.09470069699028545	0.3752615512460602
0.117946939161349	0.8547219383083593	-0.5055085832276939
-0.36861629561986864	0.5103745547771318	0.7769426236470298
-0.9597208794250436	-0.25205516829198327	0.12411295554018793
0.26194423375867737	-0.9624773053003448	0.0708706933955492
0.10159257845039689	0.10052675722953845	0.9897339637926514
0.20558664725762898	-0.14628587065865856	0.9676438262682222
0.24677467404314862	-0.9490641115838012	-0.19590705029311187
0.9470144617270978	0.27906586346109824	-0.1590152606841453
-0.33375903141223917	-0.24228504843018656	0.9109900461903776
0.845639283200168	-0.5039801110929938	0.1757789814835662
0.4165322456418833	0.8290367922655038	0.373093668414051
0.6346040229551262	0.1861587628603083	0.7500817615830219
0.49440823117116595	-0.8437581100793441	-0.20888454376888024
0.5940018813096207	0.5034055687868916	-0.6274907157201435
-0.32914211698725726	0.09297730378868374	0.939691804692014
0.8108591521676416	0.5378078366882506	0.23080330617796102
-0.4839141475211493	0.8379247888545194	-0.25240670762083317
0.7603180465630978	-0.27621846024025937	0.5878944040327101
0.49569341074251344	-0.3381624279533302	-0.799958883235359
0.4197672100306656	0.8996385577237167	-0.12019132597597082
-0.9916864663148761	0.07156831213433085	0.10693890417503306
0.08320586796388399	-0.2772910339009187	0.9571762983142323
0.09815669138826254	0.9581167252565851	0.2690308620201536
0.7417845116037896	0.2525588640929844	0.6212646445056959
0.6087693004026178	-0.6422149731009932	-0.46578950955576237
0.28134618751999196	0.7237222868566034	-0.630135203170727
-0.501245133163335	-0.3930980923490039	0.77086134049623
0.8555806722754338	-0.09196710480525505	0.5094347503483208
-0.12936394284647978	0.9148857532092809	0.38242519381690776
0.3807720851512618	-0.45005864056888567	0.8077498617881942
0.8731326962786968	-0.1125604808338525	-0.47430942731885994
0.3043877689044899	0.8858766043889739	0.3501010253307013
0.7257493570584908	0.5795079928002409	0.3707537687061632
0.666069246413536	-0.7267529370965498	-0.16787473724072555
0.17216163832657833	0.36878266594591225	-0.9134329288932681
0.6132225544351753	0.7431729728130727	0.267678970433201
0.7844874985805081	-0.533339847128828	-0.31643004287756193
-0.09239839448224033	0.4040328451311582	-0.910065929893173
0.4706746464994501	0.8105719952804157	0.3484801538247812
0.8430531385623671	-0.2966711690162367	-0.4486063118533684
-0.2602436986802175	0.5049349046576845	-0.8229908622552107
0.6435687130266241	-0.028013926360857977	0.7648755006817143
0.6988708012588932	-0.3859698584353748	-0.6021684743716904
0.31208799201668636	0.9220859441013214	-0.22882000989810192
-0.1665226594969591	-0.34792332691514427	0.9226156092665883
0.5689599948685292	0.7302961263305707	0.3780900581948251
-0.8053289564601929	0.5878919343339052	0.0763436011193882
0.8924494530714117	0.31829717980399036	0.3197200010030096
0.4436218157680774	-0.49024340887616646	-0.7502406844660653
-0.08205887086215725	0.8113866559059882	-0.5787210349819036
-0.23273591254455428	0.6284041644883047	0.7422548087185483
0.7970996210201355	0.5605192929258669	-0.2246114788416709
-0.557194929249728	0.53937586923373	-0.6313536904990324
0.11640799830634396	-0.06181587812806105	0.9912759328973779
0.879364002748616	-0.4575457665624616	-0.131798414902081
0.46170134134550894	0.887034761839707	0.0010966712050346494
0.0509180196301563	-0.6931187482304251	0.7190227785880163
0.9697968821033267	0.20627684162405036	0.13016862937079948
-0.23854006527124352	0.690678120010396	0.6826876092322871
0.14142866319041958	-0.5114716275572889	0.8475816818643904
0.9855805320690693	-0.007591829945147399	-0.169036620069541
0.09289213117708767	0.8592666281905645	0.5030227764658345
-0.3862102445415301	0.33821819159368194	0.8581667098450457
0.5322237457125345	0.8415730453729307	-0.09215581262975481
-0.7533787437344451	0.421145181827871	-0.5050318844511488
-0.11444292097254838	0.9593988724872693	0.2577918177705164
0.9934292532717657	0.11080097909969377	0.02866115445077605
-0.0010661065486050059	0.25937799926112737	-0.9657752931795889
0.4687933461512289	-0.16441592189103926	0.8678710752370158
0.23507600356457992	0.9703133922673096	0.05684358657589883
-0.8514529177543757	0.17736776881785984	0.4935266998168737
-0.8123562481262141	0.3646270958121541	0.4551092254941613
0.3832320540165534	-0.2544435286451612	0.8879142320657174
0.4395571850221022	0.8957151175067848	0.06696199941199543
-0.7050388954109055	0.13724873115771666	0.6957606928774914
0.32470020299655145	-0.8097409233668327	0.48876314836434553
0.6304680278426246	0.5705106684546974	0.526334155311629
0.06278497033650599	-0.3176074280865568	0.9461414107437043
0.671594058958745	-0.687812084377772	-0.2754559067350394
0.7382543379291191	0.6527174413236924	0.17011900046934947
-0.8991468106615794	-0.42009791951728925	0.12268965275994027
0.4376304451961893	-0.8606109055296498	0.2604389808013023
-0.003821820834979825	0.2878656063177419	0.9576631904719028
0.48468205506285345	0.5441628469080096	0.6848139174586183
0.8695470533336532	-0.21497829817059122	-0.4446034787925502
-0.0947165642261697	0.8109692517972842	-0.5773713234137487
-0.5957793862056662	0.18167841359043363	0.7823297750997743
0.43992505383097297	-0.7411346161736003	0.5071345262561269
0.6719470737968992	0.6463067652009176	0.361627840840982
-0.3419363033824294	-0.8937650007601109	0.2902820832318771
0.9382138385693689	-0.3421916176615323	0.051572181640049966
0.05323868467655568	0.2899810687242583	0.9555504289337362
0.6462422161685617	-0.3593543515287052	0.6732276346667075
0.5426218914347192	-0.403928857564541	-0.7364801157956762
0.5365934037773422	0.8412525946848477	-0.06604234216514127
0.7607263956125463	0.5111632173927617	0.4000093951434439
0.5786658164960324	-0.8132622748673182	-0.061240061206807486
0.29400888394285607	0.2780586942757115	-0.9144627596027961
-0.6925306726790714	0.359552566336637	0.6253984485425361
0.6256299334526982	-0.13226145104340148	0.7688264400603471
0.3591496258756862	0.9237038814515355	-0.1333517364893404
-0.8963807948649205	0.10076881560721264	0.43167941391552583
0.18971232110438513	-0.7929250268025563	0.5790329326483522
0.4006378736696257	0.6009289040071913	0.6916456798897805
0.5699270466445042	-0.14930662214322943	0.8080165184495006
0.37629907199590096	-0.8267515513072754	-0.4181876143862199
0.73046709023617	0.5423922980603549	-0.415004126589978
-0.44221964601977715	-0.4107624805467128	0.7973179850280907
0.46734917122509223	-0.8642744751956657	-0.1860494119326273
0.7655237010239218	0.29035119441870455	0.5741686573388249
0.8003710616490239	0.13242112973369954	0.584697193489814
0.1752751321413669	0.8809983938582254	-0.43945472812572345
-0.5733103799231622	0.454209725148282	0.6819154887910095
-0.628254010728359	-0.030222689406303738	0.7774210487559369
0.522909819436616	-0.7562924405789995	0.3931756160544877
0.5760748377949662	0.6535352579380169	0.490947500137635
-0.59106593412632	0.37402918262239887	0.7146630199347099
0.5180223520787112	0.8551532794575303	-0.019123581774100007
-0.6182992028639687	0.358908120805104	-0.699207448871884
0.5734614037038217	0.047900755676131807	0.8178309948074223
0.4970439428449118	-0.8138999840127381	-0.3008556712200197
0.651221419597994	0.5790270577699457	-0.49054900777297816
0.9258389789990655	0.3455218845224222	0.15309086283002618
0.36269355357598826	-0.9261935709355484	-0.10304783040937554
0.10618649236315172	0.15093076715412146	-0.9828246702061765
0.6894632397652586	0.30025748963229804	0.6591554300255016
0.724157175904468	-0.2664084574751511	-0.6360997707685292
-0.015389138977174865	0.9158995434573709	-0.4011124539279729
0.21931069570764883	-0.16941656931243854	0.9608334115707211
0.7925982343140302	0.6052129011439495	-0.07419826986666012
-0.5689383602030267	0.7778273396656405	0.2670089361017033
-0.30539278937141945	-0.26426134626965925	0.9148230348366243
0.2822555658814385	0.8924220962760325	0.35201505309750697
-0.9094322623092349	0.3657167523453622	-0.19795003744649353
-0.1688078098250121	-0.01504476026157639	0.9855341589872746
0.07908967544452757	-0.9968661051398042	-0.0016708265848949591
0.982470735737285	0.07766352819740543	0.16946866910366898
0.5592741558876824	-0.3096313789289648	0.7689868839835099
0.8275738275513911	0.15447808628379134	-0.5396833152970711
0.048311266885278925	0.9382243495244863	0.3426384266997706
0.18371800930988313	0.36895234939648225	0.9111102331386856
0.8855535259901849	0.34019517354360773	-0.3163260920379248
-0.42666455871277237	0.8649516794436849	-0.26422707387015576
-0.4659088274211629	-0.18120911225947992	0.8660786466396504
0.6257428175825652	-0.7595172045181433	0.17770633721051582
0.6255996249798026	0.6247374437914508	0.46725607064012986
0.17908013570355386	0.46161966548050726	0.8688138980461013
0.8073217278043293	0.435754830173981	-0.39793134557995985
-0.5622827872267024	0.7726739366781499	-0.29464055180314386
0.2554636922696488	0.36007082541378277	0.8972665727741089
0.5297827485112095	0.7241896600447337	-0.44145166854843965
-0.8087450409813135	0.5881312242774822	-0.005755147087884271
0.2819515743252773	0.24632553685159897	0.9272685908787537
0.7700217384562847	-0.634641639560968	-0.06554778135168116
0.5723371663977963	0.7324982725100028	-0.3686142275192361
0.9499938641062046	0.23841928817153069	0.20166284037557036
0.29729083539342027	-0.8881434556591907	-0.3504559335506154
0.09555007771657986	0.3928835007957597	-0.9146107026767312
0.75011392836012	-0.03093016211284244	0.6605849071480682
0.5666377607043938	-0.48495172570701817	-0.6661407297844013
0.3409556314596648	0.8739937922007557	-0.34624284623726576
0.6090057532447445	0.02711850612099606	0.7927020746412657
0.3386231778087424	-0.9126472938729724	-0.2289306891551442
0.7172491449737045	0.40784740236037537	-0.5649904073720049
-0.7418339202031956	-0.20501534499318533	0.6384756402191739
0.5270345834897253	0.4104564518061937	0.7441505553155771
-0.4146287286739435	0.8885348667823875	-0.19644034175859693
-0.7641247238596449	-0.39722368358571697	0.5082585479704357
0.4428944328577918	-0.8959159780644981	-0.03433775753174602
0.4689967246474078	0.19886655185658603	0.8605197073993572
0.03517048830235081	-0.9228909801111611	0.383451790427473
0.9810590782807167	-0.04125070466076197	-0.18926559192832992
0.19048916419461948	0.3828454233688201	0.9039597668757079
-0.6326526190744435	-0.5595457938259604	0.5354056109062769
0.6303502623084497	0.029571798587076148	0.7757474173569607
-0.4498991113415501	0.8282717026073037	0.3340011620849277
0.9920900373041103	0.005970596516770774	0.12538624270294935
0.1250086217320443	-0.1377900858120089	-0.9825409593215815
0.011410625512374734	0.9904434583706194	-0.13744654741485207
-0.47283233485201603	0.8539401665640356	0.2172919120606629
0.8805880867981644	0.44911230403893254	0.15120436418963018
0.03153100866671242	0.26283898167781145	-0.964324356844227
0.10571594295760156	0.049836394026615605	0.993146753121113
0.9834176872201335	0.1427604704307347	-0.11184409034454695
-0.14735600383828606	0.9885017864995587	-0.03391793360438977
0.3499015384541285	0.30291229421856736	0.8864609722930152
0.8514601405807178	0.2917425612921538	-0.435777359362505
-0.39062071423530265	0.9072653525523489	-0.15583657359029646
0.3935111221128299	0.24776266741784453	0.8853037091346088
0.441959299486856	0.7934299215768287	-0.4184984314709853
-0.8061147402017834	0.5559519944928537	0.20272248382660707
-0.4370676954708692	-0.20611965413046157	0.8754921574502665
0.8905738584267207	-0.23542475146823172	0.3891701287137343
0.12589691125173302	0.9497841199858312	0.2864613292575686
-0.7742922039829758	-0.6173266576741521	0.1392098436750982
0.6232374001667524	-0.7820313672289396	-0.0014435038697631006
0.10975757780022459	0.08564308725691142	0.9902618520979856
-0.5929838240984624	-0.7506846004830582	0.2912778998742522
0.7680414573872357	-0.6359470429757479	-0.07539017353006325
0.24183156140598067	0.17900834932481038	0.9536632040610312
0.03596766734003176	-0.7346277328007083	0.6775163622424245
0.8541374404510105	-0.32935420753504774	-0.40246122645387516
0.5188020429083846	0.5931676830197783	0.6156269488050653
0.9909059099306554	-0.06942687063626463	0.115262254438108
0.12807247948235873	0.22392940613447332	-0.966153746081597
0.04126642295790341	0.9721293796105113	0.2307846434109989
-0.7608668922944115	0.0255517767271762	0.6484047184562495
0.1180973703546325	0.9879896336077829	0.09964685142481786
-0.6380709861179744	0.15239288234574308	-0.7547461997816163
0.7325782700063928	0.40956055422404	0.5436811848299865
0.5639968811022471	-0.8124147074551673	-0.14795222613219433
0.3810991949891504	0.41502107842160424	-0.8261482361201222
0.08117690944127709	0.8805528792567696	0.46694425385282956
0.9210541100611269	0.11275532287588241	-0.3727540254680841
-0.3808800804886865	0.460339943949869	-0.8018837199314894
-0.39953316043227427	0.8501325346937515	0.3429984361045631
0.9116889047021178	0.4076211330549324	0.05165610254428579
-0.0958988777726378	0.33334619443184066	-0.9379145589550033
-0.9645822720226822	0.17320268996917304	0.1989519255674651
0.2530628305023507	0.39479447572509196	0.883230731890081
0.0744328174778986	0.9022960435047869	-0.42464291535113285
0.5905609262000241	-0.7369699664819046	0.3288055062638553
0.8041136109349444	0.5030046634551221	-0.31684003732414284
0.0681108886664574	0.45151032883651715	0.8896624808313576
-0.6468041204066397	-0.18083974268054048	0.7409058086506202
0.36337294509356755	0.7810498912053438	0.5078594000529554
-0.6705255644634442	0.5977106782678024	-0.43947401798698316
-0.7973731583413599	0.43363688467709693	0.41970834945741414
0.46752179016072193	0.00410224636736034	0.8839720285731079
0.3816011295602237	0.9010783671924898	-0.20600571374619125
-0.9728328399510198	-0.14341467651183099	0.181737437182988
0.19574399981225743	-0.09038918424581155	0.976480456491002
-0.12361453009388741	0.9855262685146365	0.11600612922291553
-0.5773752197372681	0.518319509634134	0.6308587334466977
0.6893378054333439	0.7235228235169922	0.036443296370398004
-0.4375514205595521	0.4559162311024145	-0.7750413824975328
0.9307429986088064	-0.3567383194637302	0.080344520453364
0.36553842728522673	0.9016802743311151	-0.23098558626028615
0.00995634061944782	0.24435722683882022	0.9696341665664999
0.9980174147148777	-0.0024090877002403213	0.0628922588422797
0.058914894086883524	0.38730805127206636	-0.9200660349532342
-0.022142158444087016	0.9219472163395729	0.38668211117551066
-0.8526323875883652	0.4055877614702711	0.3294185474148316
0.5120358589074328	0.5229603939913591	0.6814188913651646
0.10410230942822944	0.7496739251580895	-0.6535684471497778
-0.33917051482953986	0.4383280990649112	0.8323652079708798
0.795103691693333	-0.3393116025129086	0.5026706236252074
0.5027658315020004	0.8323077038993829	-0.23343179882749232
0.43831366173953523	0.2942339650927147	0.8492982442689372
0.3417328824981919	0.8193902442000682	-0.46023718312325607
-0.8313241070436712	0.49196138211812085	0.25860051730897815
0.16208048157344268	0.405670223407885	0.8995340945918153
0.9572462000852264	-0.28598406370387	-0.04350664006579563
0.23960306741633136	0.8681271710686268	-0.43467871461237584
0.04329644111080544	-0.5956021854248771	0.8021118718135575
0.9979040243792215	0.0644304823106846	-0.006022547381858145
-0.04809341238561393	0.8006914197531549	0.5971434283476494
-0.9963797219373205	0.02500840285807705	0.08125287378669416
0.08104645081485222	-0.009161594551225116	0.9966682186141961
0.025669486212701365	0.9996452595654958	0.0071015847392567055
-0.5794533872165248	-0.1308503756644031	0.8044326890621616
0.33349598383377493	0.862542009173785	0.3805282002390792
-0.7436492458209303	0.4887734256267773	-0.45616481406507736
-0.8273491653647997	0.0005994875392807408	0.561687634886918
0.5533784716957872	-0.17050288540172276	0.8152919925605315
0.09625811983310417	0.9853569945377043	0.14073367643111745
-0.9336886729940324	-0.01767219986205494	0.3576494866131908
0.2593338785366672	0.655354260462278	0.7094059012561639
-0.2469238776744212	0.7551148830780495	-0.6073138496595079
-0.5800660932045436	0.17000175005067386	0.7966321186684137
0.5294116415285144	-0.6645793677030389	0.5273116515283085
0.6190691732985104	0.7276219272418449	0.2954990518908005
0.2984284516021112	-0.1080818542728132	0.9482925561509574
0.7295571791151201	-0.6147758386346207	-0.29966146003897015
0.6153753177337835	0.7812611477656168	-0.10461470888931412
-0.24178515073665285	0.22730985382026492	0.9433293015906289
0.8164802957360564	0.5729654608936774	0.07120749467336812
-0.5243089428552749	0.787426701972384	-0.32412855699996324
0.9492083131056569	0.12553545995597967	0.2885211025640133
0.22289621187052863	0.37893048315224875	-0.8981809214583506
-0.22208299589316075	0.9168710581273923	0.33170258621764526
0.9995584551976839	-0.009782769674233804	0.028056943174917425
0.0106589783696673	0.9994546992779582	-0.031252044274273603
-0.027735912152561683	0.031537303446982974	0.9991176695806947
0.8915310185978169	0.2543244590054927	0.3748219743151439
0.40496774239019906	-0.818227715810649	-0.4080496694064017
0.20291271646036463	0.5155797461410327	-0.8324685909196963
0.8593701701316901	-0.5110359816194108	0.01803153288312536
0.5112278495801974	0.8594070605380115	-0.0080987721922368
-0.01135766267490954	0.01617806501717513	0.9998046177683233
