-0.15156903948421419	-0.7061531880676272	0.6916462255024307
0.8567716423061628	0.2550846041126089	0.44818991252003254
-0.4929190392040396	0.6605145870657515	0.5663490982278743
0.7820949597334701	0.2170307245551958	0.5841447924603528
0.25701217284856026	0.7416122356752972	-0.6196418601937326
-0.5676902473771798	0.6347510980657962	0.5242316535054921
0.9507718141212702	-0.07316059926215836	0.3011320045895996
0.17665820392880677	0.9263336169412575	-0.3327129530228359
-0.25460721996282215	0.36953153700344654	0.8936563135247653
-0.610164889141593	0.359604107724099	0.705962954953574
0.7357121523696535	-0.07346403075657859	0.6732983477186083
0.29398373579917486	0.9302085367770772	-0.2197399399121831
0.5853285302441528	-0.5375901444038981	0.6069492139561729
0.6936981299562767	0.7195703216563308	-0.03164580045707974
-0.419730170678002	0.4395627245697713	0.7941103166383212
0.22799188450787833	0.8123115455269787	0.5368143567399417
0.9489629903108832	-0.061988167427000196	-0.3092356870079339
-0.21791958062269895	0.5799201842517755	-0.7849863924162084
0.9471804168908252	0.1160452133027709	0.29896950735490885
0.20024368085329286	-0.9421815922682197	-0.26869372056162105
0.2505029463636049	0.3143681848731457	-0.9156532740086263
-0.9957520099871899	-0.07121912301472484	0.0583589849422069
0.08764095278388605	-0.538769859087155	0.8378819143139083
-0.028231153033553166	0.8394372373538243	0.542722881903993
-0.9865215426086456	0.0579921213129798	0.15301032590867597
0.06709409681058802	0.9962293114040657	0.0550049204394705
-0.14924351959877535	0.06452962858254858	-0.9866926060799119
-0.886476347063053	0.2270276788085286	0.4032593695781369
0.4615175266047554	0.3695400790990231	0.8064996606174837
0.03407724657852662	0.9010541398796739	-0.4323657922076243
0.889170621280073	-0.033914788672399554	0.45631720695336
0.45355367867267704	0.19725900036285327	-0.8691248168924474
-0.060536491597143804	0.9797646012615248	0.1907790850694976
0.20129966148096612	-0.36435923673893056	0.9092418780999214
0.67570042585287	0.7236818590994225	0.14040477667320891
-0.709159629977552	0.5861116902207526	0.39187460468455204
-0.45280489096183607	0.795114833678276	0.4034354124092319
0.8571214135933779	0.26355093124504414	0.44258760601666153
0.24558219210832272	0.5461989636612629	-0.80084710089669
-0.8381877272286804	-0.5008909786144026	0.2157534738212236
0.5294390986024747	-0.8422596250403303	0.101454250270364
0.13090292125929934	0.19926603215206737	0.9711629490647555
-0.003662944793884515	0.5044836818244253	0.8634134569302871
0.5834531829408917	0.7022989055914839	-0.4078708502959563
-0.8121385141412634	0.5022673212323056	-0.29691509202218813
0.7323347610612501	-0.6706567773147151	0.11792067156865435
0.6794196186457654	0.7080710198451643	-0.1924172878269301
0.04554974797520311	0.22103148621241633	0.9742023930180658
-0.20351344618250455	0.9233524441991914	0.32558031423029843
0.9630430074144811	0.24871593461895902	-0.10338544257626146
-0.17643821324472922	0.2925075172674999	-0.9398451517399078
0.10152707542637285	0.8692354055000608	0.483861615320447
0.9231920961333433	-0.263550219183889	0.2797456623525155
0.3706866690242464	0.4182954599242845	-0.8292287390186375
0.9268353055710423	-0.0020191899511288955	0.37546270017003536
0.045212744644219975	-0.9921088458594056	-0.11694377148550829
0.3727359978171805	0.12536331536561834	-0.9194302121921878
0.8135254458035692	-0.13782044127928847	0.56496183499037
0.5685007207808908	-0.016010246341843892	-0.8225269615542588
0.12240620695745624	0.9903278234896036	0.0653262774129425
0.20691293228746221	-0.6733034270406388	0.7098235932874697
0.9772471705267776	0.10765017934129006	-0.18275504530708747
0.046636961196154236	0.7314874804281473	0.6802580832502244
-0.4958238377336315	-0.3652401743869484	0.787882184688095
0.8419333345191027	0.02020056019114158	0.5392032989453133
-0.21285436843212424	0.9306941239643429	0.2974919586436008
-0.28084401498148814	-0.17030355938562292	0.9445228090997408
0.872084185057527	-0.4562050265364088	0.177048433868994
0.4007440747180509	0.8734263972559464	0.2766414921064284
0.1608648061786485	0.6348136387292237	0.7557341848933846
0.7533948253279724	-0.573627310546925	0.3214777531396775
0.6375882302098587	0.5176517677725675	-0.5705417565961284
-0.1993500038211704	-0.4349350294257587	0.8781179283871352
0.9152789123868087	-0.4027349669460234	0.00831017081691926
0.3500344104749135	0.8053794550256421	0.4783720778913415
0.9434377599556563	0.00035581405159884616	0.3315494932679193
0.18307414834222516	0.8331672834321409	-0.5218391840663898
-0.2764218683437009	0.5530209319860029	0.7859763351950938
-0.07729359964736449	0.02370077730385234	0.9967266288249484
0.8469544763183422	0.5290070837848334	0.053100097455551776
-0.5260169336607673	0.8482863776229461	-0.06096234117440669
0.9220318925401467	0.09379560888521427	0.37557898356096436
0.11892843315093723	0.8546492921009202	-0.5054014397483043
-0.3683927482010175	0.5106632660229712	0.7768589394527515
-0.9596100931388822	-0.2510071355799662	0.12705859685171517
0.26131752905920685	-0.9625608516951005	0.07203995967790046
0.1042190872747253	0.10233291099125148	0.9892756729929629
0.20516648351341082	-0.14503289747498538	0.967921573627095
0.2473279338453362	-0.9491788149288523	-0.19464960937555806
0.9469612490395467	0.2793296188023582	-0.15886899281228883
-0.3337075017098945	-0.24231133701243363	0.9110019315335107
0.8462331943761034	-0.5028208078191541	0.17624022231065484
0.4153657232350263	0.8297327588924882	0.37284697233865716
0.6341910535482386	0.186032419930602	0.7504622884157068
0.4950140361260244	-0.8433066700126599	-0.20927246438645897
0.5939383904392763	0.5042080910169162	-0.6269062045597242
-0.32954774613661764	0.09339862148206185	0.939507839521058
0.8105652792796398	0.5382475143063755	0.23081061797354058
-0.4841303657514112	0.8375955532643775	-0.25308393490924375
0.7597993157016951	-0.27745089086808344	0.5879846962428041
0.4951712398579497	-0.33911139181179917	-0.7998805580591424
0.42131988212850424	0.8989018117124756	-0.1202709018144128
-0.9923680775799353	0.06387919900048092	0.10547533614717303
0.08330333453773142	-0.2833764963383596	0.9553838578173119
0.09091838678285591	0.9568788895456164	0.2758924386182968
0.74132876448907	0.2531657497234746	0.6215615545608175
0.6088056948876359	-0.6434502241820685	-0.464033872548577
0.2824664383842651	0.7224118715573528	-0.6311369098852573
-0.5017522751681187	-0.3929729882733976	0.7705951497713264
0.8551995654481126	-0.0915620940978239	0.5101471220949706
-0.1299167334140457	0.914980116402481	0.3820118178369961
0.38042861916740245	-0.44924177250462843	0.8083661890228235
0.8730387343137396	-0.11389913730198531	-0.4741627936792672
0.3050859454420134	0.8861200913864686	0.348874976940149
0.7261958225680275	0.5785834736788322	0.37132302819847046
0.6655840534513084	-0.7269393366672925	-0.16898836823001373
0.1721554387060475	0.369865333319376	-0.9129962432192564
0.612669003795471	0.7433427688065707	0.2684738718222809
0.7850880302597424	-0.533313502857393	-0.3149817334590304
-0.09095865286570158	0.4037551680572758	-0.9103341626764856
0.47082318064549034	0.81041446916556	0.348645838543883
0.8431562253683026	-0.29703995147597984	-0.44816832423747155
-0.2596403516203518	0.5049709450990728	-0.8231592995381933
0.6432487415481888	-0.0281538950108568	0.7651394740126723
0.6989812599708729	-0.3862769942751494	-0.6018432369839233
0.3125000075299237	0.9219530583980258	-0.22879314544873042
-0.1671046723286458	-0.3475135880724808	0.9226648007759515
0.5694630496404121	0.7299222092355628	0.3780547626454621
-0.8048526968210876	0.5885982284798904	0.07592273605552691
0.892617725014129	0.31841710525629957	0.31913029325151754
0.4431768676427614	-0.4900362069198181	-0.7506389144548714
-0.08263087181526839	0.8114647638609062	-0.5785300995066833
-0.23292956478904348	0.6286028591034778	0.7420257834968541
0.7971212250406567	0.5604949762439235	-0.224595490148414
-0.5570830911424881	0.5391695717789133	-0.6316285319955659
0.11658316610198705	-0.06089853484672619	0.9913121273520054
0.8791910482461038	-0.45795508240392824	-0.13153038882451518
0.46198643493673425	0.8868869775534722	0.00015159324939884034
0.04936461793906133	-0.6942429916454281	0.7180458223866609
0.9698890537445076	0.20498670126569563	0.13151302494731026
-0.23849184036841564	0.6899326929892613	0.6834577684263102
0.14046704977030022	-0.5114499116130384	0.8477546790433205
0.9858733155631285	-0.006644324151733327	-0.1673608634571736
0.09122945571136565	0.8592874029494334	0.5032915114951035
-0.38512019542188236	0.33735576454417104	0.8589956479558143
0.532973257038915	0.84118027796415	-0.09140704155307786
-0.7534068903053264	0.4226190105674059	-0.5037571136445469
-0.1139372750216574	0.9590313526306132	0.2593784147382646
0.993487903819381	0.10991024633276547	0.030025367868570865
0.0002869237029424765	0.2611103261507804	-0.9653089221861677
0.4688395622027445	-0.16217957022411744	0.8682668091753015
0.23544407462177935	0.970379900295866	0.05411965287471082
-0.8513257617616378	0.17905484105074002	0.49313670645903185
-0.8104339463619215	0.36334541592379016	0.45953990829024854
0.3853050669424117	-0.26028953729531223	0.8853187912628399
0.4412899545341427	0.8945554569179935	0.07094864710122406
-0.7052908211849742	0.13674925653622136	0.6956036934843107
0.3245280338852413	-0.8100873819488299	0.48830317306963045
0.6302748708101916	0.5701386449312839	0.5269682274873082
0.06320308285276133	-0.3164729047319579	0.9464936718691912
0.6715198929994327	-0.6881000677493774	-0.2749169512222418
0.7382861258509044	0.6529649281039672	0.16902780552986962
-0.8990631272973804	-0.42020192522864463	0.1229464727773662
0.43780161725930467	-0.8603483866284447	0.26101800235035555
-0.0039034676112893255	0.2884978260922836	0.9574725934879985
0.4844139439938431	0.5445340464295197	0.6847085534323514
0.8697334947049341	-0.2153260710667093	-0.4440701873660473
-0.0943757333887903	0.810627753903151	-0.5779064505170881
-0.5960368500176412	0.1808065449075137	0.7823356483886286
0.44073598348273524	-0.7407581909180345	0.5069803698875801
0.6711869086063544	0.6469824540947371	0.3618312283496228
-0.34195381412986503	-0.8940614160228678	0.28934715029048125
0.9382895623426252	-0.34180968086528063	0.05271469686586701
0.05177148057495447	0.28951740266512427	0.9557716188259188
0.6463211373492832	-0.3596648104886775	0.672986041097193
0.5421127970662556	-0.40425149420744866	-0.7366779789623455
0.5370127583889696	0.8409648943488598	-0.0662973890909837
0.7605780329007876	0.5101767892040596	0.4015478796186141
0.5781309024436625	-0.8136382105442488	-0.06129862952815231
0.2954415602254446	0.2787696290842847	-0.9137843172170148
-0.6923566767752525	0.3610317895569134	0.624738568566133
0.6257767579765227	-0.13061464300196057	0.7689884681904293
0.3592292879222416	0.923361176335026	-0.13549338262836397
-0.8964100975633305	0.10088779083037121	0.43159076756560516
0.18949954282927955	-0.7930255829833603	0.578964893582846
0.4006730091408642	0.6007762298853621	0.6917579499729192
0.5704032807119941	-0.14967261427751863	0.8076126583259621
0.3756992134926608	-0.8268242213038444	-0.4185830957483672
0.7304041335685266	0.5421806116052323	-0.41539136493839823
-0.44223845040106835	-0.4115682469624602	0.7968919193210013
0.4675195650246441	-0.8640231093355948	-0.18678737337737472
0.7654087857517899	0.28995800493571233	0.5745204487811308
0.799457989053738	0.13216562956095365	0.5860027048580152
0.17599348986372035	0.8811636896206606	-0.4388357820639661
-0.5743633129507333	0.45396343295122454	0.6811930609448376
-0.6286787225927939	-0.030529700772017304	0.7770656350205324
0.5224598977338848	-0.7567143656338327	0.3929618608761977
0.5760197210330483	0.653032392928679	0.49168076509748904
-0.5909303435313005	0.3734714406859042	0.7150667186255939
0.518659456524328	0.8547949732565344	-0.017830363239411173
-0.6178945680711783	0.360339612986632	-0.6988287816488215
0.5741222254007509	0.048767427743638236	0.8173159782435179
0.4982255656858366	-0.8129493386831976	-0.30147082517480855
0.6497345273247511	0.5802888166472113	-0.4910294627374836
0.9255191501796143	0.34645215289758485	0.15292222991910992
0.3636270338983845	-0.9257976904829868	-0.1033151320699489
0.10578129735008816	0.15122679011668644	-0.9828228604799218
0.689488174319127	0.30037119014242564	0.6590775414217206
0.7241122801457215	-0.265316466631921	-0.636607083118085
-0.016354302682812683	0.9161791968094315	-0.4004350335789608
0.22020393286269424	-0.17008600385173583	0.9605107908012016
0.7923844331577505	0.6054624789697292	-0.07444525941321373
-0.5688911477963712	0.777486937416686	0.26809872082005526
-0.30439791687057793	-0.26509921340962794	0.9149121899146658
0.2834442460108534	0.8917750335316114	0.35269909125631754
-0.9093961005019714	0.36668746449706996	-0.19631361586124996
-0.16906244366020218	-0.011907274497737964	0.9855334124004507
0.07975284246990957	-0.9968133237875656	0.0016375706263860243
0.9823733375156367	0.07887594267976855	0.16947333537983789
0.5596531906469697	-0.31179615058826654	0.7678355726827233
0.8271844356930567	0.15366592170589144	-0.5405115113052064
0.050539247578748	0.9376406267779878	0.34391254625203216
0.18461862762029313	0.36691768952685505	0.9117496210297398
0.8859604198850164	0.33943966810231874	-0.3159981742285124
-0.42542930873738016	0.866113226334099	-0.26240766459151477
-0.4662485963587413	-0.17941944758728512	0.8662683811735119
0.6248327642136108	-0.7599872831975125	0.17889479071018824
0.6262557490024996	0.6246823122240114	0.46645015343097584
0.17946574466486742	0.46270978019529185	0.8681541947163011
0.8066299174993209	0.43596123054065894	-0.3991064791011456
-0.5631520422469612	0.7719050879331597	-0.2949954449410659
0.2547084439899244	0.3592555404442296	0.8978079222307833
0.530357190559874	0.7244421732864446	-0.4403462137744011
-0.8086067393867487	0.5883187862240483	-0.006012220404601365
0.28184718127395214	0.24635351493877744	0.9272928944434102
0.7700924066283792	-0.6345626058851723	-0.06548270356003072
0.5722935013271069	0.7325573321519138	-0.36856465301115304
0.9500057877773549	0.23916658054320578	0.20071958036224935
0.29752276634169345	-0.888401401166012	-0.3496042818883268
0.0947058957927821	0.3918447360339766	-0.9151439756369211
0.7495877044232506	-0.030108792188649813	0.6612198832539917
0.5674886492675688	-0.48495654404332367	-0.6654124911226319
0.34069767585052874	0.8740198001318374	-0.34643106478425323
0.6091292249239761	0.026018783781646987	0.7926440627633818
0.33925036508341144	-0.9119505557951544	-0.2307712581230197
0.7168478061166738	0.4094743052688816	-0.5643226171174418
-0.7422779105871504	-0.20476042087094293	0.6380412788363525
0.5271235483843101	0.4094516345588328	0.7446409360865369
-0.41372003600636464	0.8890571010918558	-0.19599286416866746
-0.7645393901811017	-0.39654685946196644	0.508163466920204
0.4416095926308712	-0.8965168861120087	-0.035191484942020804
0.4695322018327452	0.1975045851793824	0.860541370461185
0.03511900444814697	-0.9223521728239138	0.38475073075119187
0.9807813296870965	-0.04212511352147996	-0.19050842014990654
0.19192352347688374	0.38404679935888997	0.9031463984528812
-0.6323701020545811	-0.5598419741301862	0.5354297507885556
0.6309171925769189	0.028852338156358348	0.7753135099388957
-0.44950144620272126	0.8280969185940297	0.33496857058048757
0.9922429582131657	0.0063409374872374705	0.12415194073460481
0.12384472497915214	-0.1370939435258982	-0.9827857013323686
0.010788696456201181	0.9905377545355354	-0.13681579173646274
-0.4724793550077777	0.8543453246561943	0.21646552919468848
0.8807707699783949	0.44887070677931695	0.15085734767356196
0.03171923459196295	0.2619334931495751	-0.9645645314458551
0.10558339912025938	0.04862183365867273	0.9932210545099616
0.9835462726886863	0.1421323923963378	-0.11151283563736208
-0.1465908432010809	0.988652770351331	-0.03281500215197708
0.3505675319872602	0.30462584075686533	0.8856102430863897
0.8512668210892287	0.29058586317775514	-0.4369263730125226
-0.39044488065410765	0.9070628166033552	-0.157447902198117
0.3954519761102254	0.24644136783689424	0.8848075422424917
0.44216236208314447	0.7932806542667894	-0.4185668992205534
-0.8050529051854742	0.5567517002980191	0.20473730502205212
-0.4376794471676868	-0.20495091947351546	0.875460919821067
0.8901492216813414	-0.23605132408757035	0.3897616393856725
0.12677170294308698	0.9498815152446465	0.28575171448207337
-0.7746027251506833	-0.6169013902373842	0.13936747437016295
0.6229415483260144	-0.7822683028959141	-0.0003600743461741676
0.10924488801918081	0.08653887570063207	0.9902406664211217
-0.5937385413779301	-0.7502182818411353	0.29094170219090815
0.7671234165188227	-0.6368894365819617	-0.07676919563731724
0.24289135083591845	0.17760736235203353	0.953655816596038
0.03597344158961835	-0.7340838815561566	0.6781052767377977
0.8535574031896911	-0.3303360229265797	-0.4028869213776017
0.5197553953161715	0.5932950082349399	0.6146994080387853
0.9910009394879657	-0.07015164406286237	0.11399949460083915
0.12703163789048053	0.2244500798266985	-0.9661703393504949
0.042191242086849226	0.9719572565195788	0.23134171822242255
-0.7605151919775024	0.024525942568561304	0.6488567799696225
0.11882086068110304	0.987669354869999	0.10193551156335001
-0.6383558927733224	0.15462122620068564	-0.754051742634265
0.7317651285149465	0.4083001194277441	0.5457204496487135
0.5648341692576015	-0.8113979302024874	-0.150318861431942
0.3814212342392322	0.41823965777818123	-0.824374569436134
0.0803472232675011	0.8801174881373343	0.4679076092435679
0.9205752088991371	0.1144802303636564	-0.37341071438322976
-0.3822114708816471	0.4607466591639197	-0.8010161718690667
-0.3983085726668596	0.8502072158630681	0.34423534251215326
0.9120662878025835	0.4069560511572303	0.05021811506347729
-0.09739285186349234	0.33396775670846424	-0.9375394231097762
-0.964844228155282	0.17248215418938764	0.1983066359999738
0.25228978259886636	0.3963601518137573	0.8827505285472175
0.07365786442501951	0.9017474904541534	-0.4259412899308799
0.5902767444706656	-0.737212143464836	0.328772901050398
0.8042121152897495	0.5020827335883713	-0.3180499996126639
0.06939912505427925	0.45214066855394774	0.8892426987506221
-0.6470512408452502	-0.1816253366863732	0.7404977574538517
0.36347731674469924	0.7802661960664812	0.5089881172365589
-0.6702305065667299	0.5984955307681963	-0.4388555203228044
-0.7968411616104056	0.4342821218562195	0.4200514275650544
0.4683898502796967	0.0048662054283651335	0.8835084992232348
0.38164788918366066	0.9007637640806768	-0.20729093082155758
-0.972778050948913	-0.14323784297400952	0.18216965700189172
0.1961191895397477	-0.09008773358648314	0.9764330308585036
-0.12345090962121909	0.9855795861306198	0.11572705956814833
-0.5779814908700955	0.517778462475998	0.6307478577114416
0.6885660203599959	0.7242584383669888	0.03642183493192616
-0.437966016737805	0.45536268868913954	-0.7751326273178147
0.9306244356525104	-0.35727657620207287	0.07931965622574888
0.36582180542159926	0.9018389236934865	-0.2299151199670336
0.010609733480543886	0.2429814886132239	0.9699729015528081
0.9980370006243666	-0.001226614472621318	0.06261502057536703
0.0581881871773221	0.3878631932098381	-0.9198784040437545
-0.023157725659809697	0.9217161378483093	0.38717319247626325
-0.8525341742159167	0.4053590114976537	0.32995386585343994
0.5123220584846503	0.5230889922420205	0.6811049952725923
0.1034968124341774	0.7497079284580579	-0.6536256052382678
-0.33895996931384076	0.4365541558502721	0.8333826301361319
0.7945795731442644	-0.34145846424523585	0.5020452361462697
0.5037354872794241	0.8323620523577115	-0.2311362642473478
0.43795073599739787	0.2929841832722581	0.8499173025604464
0.3438152509048766	0.8189485104573833	-0.45947188212648016
-0.8306565030652288	0.4934405795756174	0.25792667241587186
0.16309021362669496	0.4050614390815184	0.8996259293664276
0.9568353256233764	-0.28726219964123656	-0.04412015748482978
0.24055714884078305	0.8679894349740025	-0.43442674746740173
0.04381160863580136	-0.5952240504775071	0.8023645509878246
0.9978899720742839	0.0645944886078762	-0.006569297913170069
-0.04791812373547627	0.8009593508878193	0.5967980995638598
-0.9964316685095413	0.0259017302062652	0.08033075602540728
0.08010992027288429	-0.009455417306787783	0.9967411879507272
0.02657688215656198	0.9996197754425812	0.007346691701702657
-0.5808571362820771	-0.1304709277105262	0.8034813776638132
0.33315753768332007	0.862507058888581	0.3809036997092009
-0.7427052189899919	0.4889365095692124	-0.45752600723380077
-0.8269537511164149	9.585750686569305e-05	0.5622699390202437
0.5540105901612726	-0.17063240268871405	0.8148354736643679
0.09601957875167214	0.9853347522360179	0.14105199939148882
-0.934092586537862	-0.01827257705235813	0.3565629715812788
0.258220138021772	0.6551129245489026	0.7100347994352113
-0.24656317668099434	0.7553099820714998	-0.6072177787977941
-0.58032849000236	0.17037111936256133	0.7963620567171243
0.5294150230488953	-0.6641263488924467	0.5278787039433637
0.6188203108025125	0.7279490877760173	0.2952144111393378
0.29812841887698716	-0.10830091315302476	0.9483619341096144
0.7304435275933148	-0.6137004410786142	-0.299706559182393
0.6144686313026421	0.7820758792023544	-0.10385384111780427
-0.24106654910281367	0.22782977759442474	0.9433877841825894
0.8171054770423323	0.5721459838055567	0.0706230316723554
-0.523665502292335	0.7878721759628567	-0.3240862170047807
0.9493034269872986	0.12634224730807408	0.28785524149356045
0.22185718547431577	0.3794768167758793	-0.8982075120945386
-0.22271594636124648	0.9165342230788719	0.3322087072333042
0.9994920689703521	-0.010558164819792323	0.03006874159327261
0.011585416583272286	0.9993479697096974	-0.03419668930902276
-0.029688081580946626	0.03452767864690431	0.9989626906042584
0.8912604812761508	0.25224092563292916	0.37686770882001447
0.4046986097301452	-0.817389404451571	-0.409992191111969
0.20463086228106392	0.5179276753815621	-0.8305884259222247
0.8588260472107202	-0.5119079485343784	0.019185225037354724
0.5121245474681492	0.858868513831489	-0.008562933459556403
-0.012094152014637616	0.017179294985929135	0.9997792772961607
