-0.15438206966261636	-0.7049943349673836	0.6922060128535316
0.8562265944956232	0.25411900992316927	0.44977722004798737
-0.49299309878041353	0.6621227351930793	0.5644034798752757
0.7835944332081124	0.2166757187211338	0.5822640270203348
0.2575154983755482	0.7396335837351476	-0.6217941218019798
-0.5653897172231293	0.6371764235498536	0.5237754031362751
0.9510825012154461	-0.06842845711886941	0.301263376695711
0.17322513336258036	0.9255638189756082	-0.3366372976584796
-0.2558029105645342	0.37235623166481124	0.8921410805960537
-0.6106444440295311	0.3501456799494788	0.7102896351408924
0.7366390966808669	-0.07804021764416746	0.6717682380637293
0.2906479042020794	0.9334386574610933	-0.21027617206942573
0.5821402989866588	-0.538909113155586	0.6088428697567075
0.6969347397386602	0.7164090926225039	-0.03224872948205343
-0.41880143366651634	0.44309703199825246	0.7926350858959059
0.22798944122401443	0.8105074245269013	0.5395354756428263
0.9491659033141566	-0.06149092992475036	-0.3087117644710196
-0.21703663901789155	0.5824916997895837	-0.783325294497796
0.9470952981472315	0.11546913778917231	0.2994618079916569
0.2002445510536454	-0.941758113536245	-0.2701736022670956
0.2508238744631994	0.3158457436896687	-0.9150567469793285
-0.9959554394144452	-0.07047793982493114	0.055728114079093685
0.08509218271530047	-0.5407493415184741	0.8368688487977567
-0.028845851374591377	0.838226108902228	0.5445593697780848
-0.9866748300986703	0.055050408627141494	0.1531085633129133
0.06381695818808097	0.9965563836364989	0.05294119455550704
-0.14966688176540713	0.0620066669264529	-0.986790250133883
-0.8850152455688844	0.23021935133292726	0.40465672536421826
0.4641226354740774	0.36798955161532465	0.805713267324393
0.03658133883885106	0.9008788709775573	-0.4325263754673907
0.8882561174820598	-0.03249888067876758	0.4581974383498062
0.45497275180563757	0.19960055935445575	-0.8678475740703514
-0.06325239023232979	0.9793382661062598	0.1920825230724582
0.2037376237751065	-0.3618127723966128	0.9097156140185514
0.6727466344506045	0.7268128246370975	0.13840189225017255
-0.7112685473812672	0.5838104449851171	0.3914874427518993
-0.4559736250612012	0.7928134056650746	0.4043945561531366
0.8549012572693193	0.26383526829115533	0.44669317380621665
0.24745079019450245	0.5493977202386988	-0.7980791009847557
-0.8371980299189983	-0.5050719705621515	0.2097659725794761
0.5322396409011981	-0.8406542073973906	0.10010728364324432
0.12577926440042458	0.19545538656565742	0.9726133705174721
-0.002197526219635204	0.5019167962668603	0.8649131173151007
0.5796264621833669	0.705442548664823	-0.4079019181985698
-0.8148793378257347	0.5004301551250582	-0.29247448542770726
0.7307039271438602	-0.6729540529563386	0.11491132871121788
0.6806970565081506	0.7053047114142328	-0.19798177016590524
0.052185133109724655	0.2228858601762867	0.9734467654760568
-0.19934174920906744	0.9244165407032117	0.3251413943141925
0.9632933023516808	0.2457367470773777	-0.10807157248889498
-0.17980233776751336	0.29166335116043757	-0.9394698552498641
0.09728219808872463	0.8690268660318968	0.48510666873359476
0.923618007922843	-0.2604079942758104	0.2812782465067085
0.37076400765940754	0.4206898889110946	-0.8279819249188389
0.9287211578614951	-0.00582551415424197	0.3707331578443486
0.041807041941710664	-0.9918549385919875	-0.12031605061158138
0.3684144163635403	0.12723931851249162	-0.9209131194852143
0.8134877607198883	-0.13893078876803383	0.5647441005369014
0.5683674104911733	-0.015910351373782605	-0.8226210229569392
0.12327266465238729	0.9901742758986697	0.06602085653825851
0.20477958246604466	-0.6758028823157077	0.708064818260881
0.9777306188183618	0.107297668071894	-0.18036088115607923
0.04591469949913707	0.7292308788580717	0.6827255419931119
-0.4927862217725574	-0.36914972364819354	0.7879658756326895
0.8417240403357431	0.027341737732206273	0.5392152346685468
-0.2205955111782673	0.9289676586987548	0.29724856524422993
-0.2767299844045015	-0.1700488229814815	0.9457821702348258
0.8741047752995245	-0.453412465057772	0.17423541066270753
0.39920089870897335	0.8749288738708121	0.27411331258642047
0.1596189168928388	0.6337976553111812	0.7568502715147862
0.7545621767641056	-0.5726772355981511	0.32043206023223314
0.6365200097145187	0.5199435699666918	-0.569649858494953
-0.19360065736344656	-0.43637236385916	0.8786910409970106
0.9163273398316646	-0.40041849739870305	0.0030386210671659586
0.35051817605577384	0.8057569031667886	0.47738121166799186
0.9426534884346122	0.004386973111193931	0.3337441463291576
0.18071962566412042	0.8339552954388139	-0.5214009801576719
-0.28061507023300925	0.5518145700110523	0.7853380563054619
-0.07648869856226459	0.022982563542233436	0.9968055380891893
0.8480658787330408	0.5272417189911869	0.052919137218720436
-0.5243412479683497	0.8494044805204677	-0.05981876085934923
0.9219923423282473	0.09113426045127632	0.37633052926924604
0.12164699882214652	0.8545241891187424	-0.5049657591248345
-0.36760322137548873	0.5113540425018216	0.776778549427962
-0.9593381093633018	-0.24809974139670876	0.1345990722186892
0.25950906787857675	-0.9628336991262219	0.07487530644817486
0.1110199784364865	0.10676041469478317	0.9880671931817997
0.20384009342136034	-0.14166335385131146	0.9687005267313366
0.2490132009501958	-0.9494303962662385	-0.1912442114111446
0.9468060213509989	0.2802024568438529	-0.1582559354721338
-0.33372111811067273	-0.2423355283292094	0.9109905087520758
0.8477823968059686	-0.49971011603796023	0.17763672929677538
0.41218348219317313	0.8316028448957662	0.3722116136935796
0.633040056079167	0.18587055707071168	0.7514735014712818
0.4968573746699433	-0.8419662809220714	-0.21029867100471195
0.5936270181143853	0.5065026335612479	-0.6253495387062695
-0.3308278909809874	0.09452174573848326	0.9389454436396296
0.8096848041026784	0.5395013108348319	0.23097370762211267
-0.4847302595818408	0.836662402161139	-0.2550149020266723
0.7582533466582462	-0.28085839831748516	0.5883624923260374
0.4938521762474598	-0.3417318417067017	-0.799580750380719
0.42563116697114356	0.8968488771572848	-0.12041678140732648
-0.9923962988259474	0.058905070565531396	0.10807302502581675
0.08770649865559318	-0.27760186445777224	0.9566842608421784
0.08635482713859996	0.9588886262289478	0.2703247053427118
0.7399030060206839	0.2549419250538759	0.622533658954582
0.609128571197357	-0.646633835477209	-0.459159086338385
0.2854924262263754	0.718936226424749	-0.6337387292106424
-0.5030507291384128	-0.39270383003355686	0.7698854887515978
0.8541921199295044	-0.09036243799391852	0.5120453613207864
-0.1315134448018555	0.9152149101040535	0.3809014074003648
0.3795259511394462	-0.4471245049078691	0.8099627951471549
0.8728112324143591	-0.11733016432398657	-0.4737448523319638
0.3068560004025119	0.8867430911208722	0.3457254479588887
0.7272899098307728	0.5761537371566952	0.3729561076302683
0.664384836302748	-0.7273318073163273	-0.17199195143068674
0.17216903423472274	0.3728743933636887	-0.911768890906212
0.611261993197259	0.7436842631514264	0.2707258621067331
0.78666167655364	-0.5334404901879493	-0.31081288594563805
-0.08673051547367934	0.40295776474583533	-0.9110998065616682
0.47141182971957374	0.8098380586156374	0.34918935496102876
0.8434554619720515	-0.29835931732067866	-0.4467265398848074
-0.2575922562305729	0.5051178442557683	-0.823712445544226
0.6423547608327715	-0.028629520342358106	0.7658725166765284
0.6992391917767585	-0.38721148026587193	-0.6009424450258926
0.3137593248317224	0.921546320113796	-0.22870825513274085
-0.16869085527566696	-0.3463812737893498	0.922801933523349
0.5709194851941077	0.7288418327716818	0.37794248798952307
-0.8034888529233364	0.5906010463672438	0.07480686638175515
0.892966004970036	0.3188900762267249	0.3176803948183886
0.44216937988555344	-0.4893443597073128	-0.7516836682503254
-0.08424935287275974	0.8116965054173597	-0.5779713051992872
-0.2333449022135281	0.6291578610712609	0.741424670794812
0.797029438108364	0.5605373272012013	-0.22481543452974667
-0.5570406012128961	0.5384777531768321	-0.632255864293884
0.11674774735690407	-0.05838999546271051	0.9914436806581366
0.8787261166446205	-0.4591364152250459	-0.1305149958470646
0.4628286674502277	0.8864447871380141	-0.002294328243203747
0.04506145561826935	-0.6973627948402923	0.7153003548091523
0.9700903993164496	0.20151034895224507	0.13534473177481227
-0.2385248045206498	0.6878071762039715	0.6855853017609879
0.13768124274822835	-0.5116325365894944	0.8481014225305268
0.9866773554236966	-0.004078450675411904	-0.16263813370236546
0.08666990071186004	0.8591946890798894	0.504254711993362
-0.3826298230314422	0.33502113599203776	0.8610198934783863
0.5350464614808349	0.8401094118289693	-0.0891148708870787
-0.7532062815615418	0.42658763999322324	-0.500702788908997
-0.11236128015535551	0.9580849201701362	0.26353031792268855
0.9936604765977033	0.10734545996730827	0.033403734402491156
0.0037148310156532027	0.2656129476644363	-0.9640725916981223
0.4688136478969469	-0.1558623246504681	0.8694370013405857
0.23640892915301479	0.970539795480772	0.04651154270572169
-0.8510726066337009	0.18373742444775212	0.4918495472144142
-0.8113780038681271	0.35971965769065106	0.460724975131471
0.3890514357626923	-0.25590634570623183	0.8849581473483762
0.43623928659619987	0.8972812881689908	0.06768733065969723
-0.7058239025327326	0.13522342467254272	0.6953612327655986
0.3244073080724124	-0.8109283984965687	0.48698565788019
0.629740039288177	0.5693063831818678	0.5285051797151146
0.06444279069253323	-0.3130696330884299	0.9475413086328396
0.6713994362565547	-0.6888741297979313	-0.2732676898016366
0.7382885098131616	0.6537888329828057	0.16580180380454923
-0.8988727837388351	-0.42052855731149025	0.12322114728857982
0.4381870197199446	-0.859700757391741	0.2625009399774019
-0.00445582793093556	0.28994885794840325	0.9570317682145492
0.48368548486401974	0.5455862551607557	0.6843858487078185
0.8702388175022701	-0.21629690461380058	-0.4426059755208226
-0.09344919605918872	0.809661217568281	-0.5794100107193005
-0.5965402572693019	0.17839616096102914	0.7825052914910173
0.44301971190843825	-0.7397964047209997	0.5063939320553192
0.6692333347328416	0.6487496353110724	0.3622853217646431
-0.3421112638980306	-0.8947946903389051	0.28688385324969856
0.9384394087198721	-0.34090682744461454	0.05580332573551844
0.04786814468504687	0.2883140599120174	0.9563386657358685
0.6465061097684645	-0.36061005360833165	0.6723021934135291
0.5407804095591923	-0.40498238104618456	-0.7372555999645951
0.538132324497459	0.8402081053398371	-0.06681273121346276
0.7600470039251896	0.5075648067243247	0.4058405090663593
0.5767283430920321	-0.8146362253672974	-0.061255518883126636
0.299521234804249	0.28061679795447153	-0.9118888323732872
-0.6917694360032511	0.36519867845708787	0.6229646640580347
0.6262136365993447	-0.12621440591422473	0.7693675357569639
0.359599122285869	0.9223339140424772	-0.14138112412311887
-0.8966295024788371	0.10208101760866703	0.4308538048207673
0.1879298074892334	-0.7933338174424525	0.579054264779429
0.4009213423373873	0.6001674099333989	0.692142440045561
0.5715960672259263	-0.15090494767885476	0.806539293957769
0.37402562266765293	-0.8269662224479462	-0.419799595662322
0.7303305891991166	0.5416221595321009	-0.4162483234607135
-0.4424082957516311	-0.41365669655656023	0.7957154247870597
0.4680822456472594	-0.863333162554297	-0.18855996856123525
0.7649666078724977	0.28903976859233266	0.5755711085627344
0.7968349240577413	0.13129721328128938	0.5897585485488627
0.17812950665372865	0.8816670619552284	-0.4369588890531176
-0.5773421712132182	0.45323750247282396	0.6791551985305009
-0.6298625652015739	-0.031458068981374876	0.7760692874052264
0.5213307596375063	-0.7577847972582916	0.39239831816661785
0.5757494142536956	0.6517458023955142	0.4937003352706517
-0.590490621320086	0.37212716950642355	0.7161300132295508
0.5205045155782296	0.8537366967390589	-0.014446518741638964
-0.6167624140588429	0.36421837179941585	-0.6978173845986437
0.5758618477509241	0.05115178191185066	0.815945235608453
0.5015284298109	-0.8102851716142709	-0.3031619612574182
0.6456410507366338	0.5837991400038831	-0.49226638899524877
0.9245678623341594	0.3491630809372552	0.15251036308804244
0.3663378583600944	-0.9246625812242182	-0.10390228301584799
0.10474178474220393	0.15193503149099527	-0.9828249613918278
0.6890657455644462	0.3009788188926903	0.6592421018621878
0.7244434091726497	-0.26192904238734505	-0.6376322793431632
-0.019239157882375957	0.9169541577047404	-0.39852845252499547
0.22240470242220867	-0.17194791811847682	0.9596718511007866
0.7918616893993524	0.6060875448750991	-0.07491964234350279
-0.5687628795922711	0.7765898540426577	0.2709556889897521
-0.3014550737918609	-0.2665078208882512	0.9154771542155157
0.28692788998998786	0.8902812731350076	0.35365469126112736
-0.9092839074959133	0.3692869292440577	-0.19191128017513015
-0.16953461615148524	-0.003119239595462446	0.9855192967520802
0.08171850035412456	-0.9965958072147574	0.010903382128476524
0.9821303888110996	0.08238365970453568	0.1692123872163197
0.56053090077074	-0.31785827722384313	0.7647033574409317
0.8261917622715991	0.15144389149936366	-0.5426526694692273
0.05667699035492446	0.9359652041223645	0.34750087113054606
0.18706892165280387	0.36141584040610525	0.9134461171055498
0.8869905625148697	0.3374986313189873	-0.31518631928966273
-0.42220014277734685	0.8691796501077087	-0.2574369345634553
-0.46726530361720386	-0.17466582456486282	0.8666919785971245
0.6224077647565064	-0.7612013780087983	0.18215662625420928
0.6279105910926583	0.6245512884035889	0.46439635845588356
0.18016230790464138	0.4655795261944583	0.866474031693401
0.8046410301477774	0.43691229307019464	-0.4020702187017433
-0.565768817993	0.7696384559991061	-0.2959092625013877
0.25250435264726523	0.3571598352283102	0.8992654802636827
0.531802442941847	0.7251972965958923	-0.4373500230834486
-0.8083487573908116	0.5886643637164524	-0.006822998976630412
0.2814104901164507	0.24652368861607654	0.9273802925464519
0.7702589510583747	-0.634400745845727	-0.06509102845121983
0.572284268844489	0.7326402695876804	-0.36841410262314844
0.9499707973502216	0.24142800535970685	0.19816155633678656
0.2984064126456368	-0.8889171657903268	-0.34753400589762956
0.09224476718896328	0.3892798358396245	-0.9164890137557176
0.7481005314764072	-0.027654807135590043	0.6630089037464054
0.5699818872149647	-0.4848475009758566	-0.6633577835861532
0.33980324167315457	0.8741613766575137	-0.3469519340033367
0.609468746147455	0.02350797126601531	0.7924614960718313
0.3412390109880603	-0.9100115718486255	-0.23544612224771022
0.7156142709933468	0.41391583007726274	-0.562645448539407
-0.7434665022834275	-0.20408860478109406	0.6368715736951623
0.5272709520004322	0.40692230692762066	0.7459219659597518
-0.41139142329295614	0.8903718759727361	-0.19492311129721407
-0.7657845863750161	-0.39442976989586753	0.507936141547674
0.43788899305664064	-0.8982530529621362	-0.03734544957613252
0.4709853469379775	0.19382107590273862	0.8605847973939685
0.03497623838084718	-0.9208823929142093	0.38826831079721935
0.9799729521828423	-0.0446047490428465	-0.19407068133252214
0.19603488398438385	0.3872803051840161	0.9008797308618973
-0.6315354610960406	-0.5606741008142047	0.5355441289514749
0.6324554946641996	0.0270385860566551	0.7741246425047579
-0.4485119938722636	0.827594990040563	0.3375255898631788
0.9926398523876986	0.007143639698895553	0.12089289418150408
0.12074245740546355	-0.1354333123871183	-0.9834017881189473
0.009347857049495104	0.9907607109225242	-0.1352990438283901
-0.47115395794351533	0.8555869446684472	0.2144409662985866
0.8814654723295463	0.44785775844357345	0.14980670643448396
0.032133611764164294	0.2596043303082774	-0.9651803057875668
0.10541357307672816	0.04522042952827815	0.9933997641254377
0.9838824958871721	0.14035732740031448	-0.11079284693458213
-0.1444410360597918	0.9890677092081811	-0.029696021680605034
0.35245831425142105	0.30927453597369364	0.8832453782009295
0.8507319076700195	0.28734537001056293	-0.44009982913609746
-0.38990814044743405	0.906521869417252	-0.1618324512607865
0.40057323218440943	0.24289273977858483	0.8834841269769299
0.4427432604432562	0.7928745099166604	-0.41872236249869754
-0.8021966660298522	0.5588856130616249	0.2100651816063802
-0.43912362320912823	-0.2020179600933648	0.8754194350934889
0.8890964050937978	-0.2377777545666302	0.39111292727617275
0.1291434318460406	0.9500791984003055	0.2840272711872225
-0.7754149665772596	-0.6157958017449878	0.1397396155756666
0.6221736552490646	-0.7828752237394827	0.0025153069143309253
0.10784976737112416	0.08889271403271908	0.9901850903088228
-0.5957714371047973	-0.7489414697908537	0.29007424835307316
0.7646145712414284	-0.6394350188897524	-0.08054448499275682
0.24580673744910075	0.17380889345766418	0.9536086809481399
0.03581589051998024	-0.7327263521303857	0.6795802490360934
0.851987957468014	-0.33303675986912307	-0.40398395624746974
0.5223348947904423	0.5934632334606534	0.6123460200039545
0.9912469685743623	-0.07205190972632138	0.11062535693468775
0.12423157146465726	0.22550632413798777	-0.9662884737102035
0.04467621227855816	0.9715736822694216	0.23248358216845844
-0.759674263902705	0.02130757169448031	0.6499546139172855
0.12036533699318513	0.9868008672608304	0.10833390062113513
-0.6390674443393279	0.16053048234449924	-0.7522119155024347
0.7296057587357221	0.40471996382474845	0.5512505670757768
0.5670194077432353	-0.8086463262694448	-0.1567804523958288
0.38231456689770765	0.42695769098661795	-0.819477090616445
0.07800803679545021	0.8789491536710545	0.4704924350680438
0.9193197081364619	0.1191617493212378	-0.3750356672779188
-0.385701983955503	0.4617887642197893	-0.7987397052940026
-0.39508245051566626	0.8503183668203094	0.34766151978983517
0.9130201811222951	0.40527551903059855	0.04632388733569873
-0.1015086506557328	0.33572373869376715	-0.9364750744785102
-0.9655803985434119	0.17052800176744934	0.1964044158412614
0.25002681708820984	0.4003662550432361	0.8815857601841091
0.07170135762651364	0.9003483006236284	-0.42922238161430926
0.5897069461369236	-0.7376602941225375	0.3287902190651584
0.8043259344796333	0.4997131926927041	-0.32147552966334636
0.07283892366947872	0.45403085305286883	0.8880036462057778
-0.6476661479918795	-0.18364484468343356	0.7394613794962913
0.363774519248261	0.778227519855366	0.511888685639234
-0.6694749135636505	0.6005301810575081	-0.43722630495886117
-0.7981672271119797	0.43307894566249355	0.4187740493252125
0.466494030203576	0.004454386859909731	0.8845131306103529
0.3811986324067778	0.9013449868177916	-0.2055840883668698
-0.9726671931917674	-0.14283967804039116	0.1830720013157862
0.1968487064962186	-0.08905241191461677	0.9763812035690543
-0.12316297349128671	0.985731451415398	0.11473616540253428
-0.5798118687596769	0.5160750115531667	0.6304639397267775
0.6862412789339192	0.7264599104542604	0.03645415737507804
-0.43919369751005055	0.45378693343152454	-0.7753620542135546
0.9303994666169337	-0.3584645440901654	0.07655065740511366
0.36634140467838555	0.9023758669808764	-0.2269620450841483
0.01228038017296531	0.23920904105142327	0.9708904299363889
0.9980815799001448	0.001719450993809754	0.061888636697787276
0.056339160515784754	0.38926820603303436	-0.9193998927366698
-0.025672141640452513	0.9211228513396588	0.3884245536568067
-0.8521981266812024	0.40481054854992227	0.33149173845476365
0.5131910365524959	0.5232543050293426	0.6803233733089249
0.10194759871240337	0.7498888931374907	-0.6536614835415995
-0.338487422650372	0.4320189190342496	0.8359341590723443
0.7928717075460481	-0.34746361182776675	0.5006231055680687
0.5067353550725694	0.8322431688227198	-0.2249235155945135
0.4367463036815943	0.2894954399665711	0.8517306243519871
0.3493352120394384	0.817920178587292	-0.4571339968642596
-0.828985871924139	0.49719108167614356	0.25609266379941664
0.16606661909479092	0.40347374215755893	0.8997948751864511
0.9557387418671119	-0.2905838697435916	-0.04609199430605204
0.24286896738096342	0.8676231636109163	-0.43387176751788026
0.045075584230867216	-0.5943081573778258	0.8029732285577268
0.9978665180828542	0.06478710714034919	-0.008064913985011746
-0.047229268419558545	0.8016236304042929	0.5959605283758271
-0.9966507560712174	0.028857482560037884	0.07651480982769365
0.07625827012313978	-0.009889665917097723	0.9970390517657143
0.029528742954911945	0.9995346118110896	0.007655921313429737
-0.5847019819076349	-0.1294727621419131	0.8008497962893086
0.33219918656593483	0.8624077680054281	0.381964058687237
-0.7401130270426368	0.48937679302071463	-0.4612407848993252
-0.8258826430229469	-0.0014194039868975494	0.5638402657187179
0.5557444212903794	-0.17091782856940263	0.8135940228896363
0.09521553527683255	0.9852842641438271	0.1419468938459163
-0.9352077531681875	-0.0200072733757191	0.3535338278385519
0.255034358544464	0.6545655522139077	0.7116891272295198
-0.2456500241724462	0.755740462637122	-0.6070522372556622
-0.5810891347197076	0.17147840465080758	0.7955693396864386
0.529345163747784	-0.6628781317759986	0.5295151367335915
0.6181659284751416	0.7288262750145442	0.2944200158292405
0.2973561770991965	-0.1087549328415412	0.9485524068408572
0.7328170004070931	-0.610837489807293	-0.2997612465951458
0.612011885387287	0.7842511878400678	-0.101938837133553
-0.23895919431093393	0.22910157372270562	0.943615902988101
0.8187841818498356	0.5699435261498634	0.06896985248900883
-0.5220066733354709	0.7890987554911235	-0.3237779904125593
0.9495649868470393	0.12863761873215068	0.2859697515491874
0.21891867958442862	0.3809740787183481	-0.8982946972312128
-0.22450155340930805	0.915593312771357	0.33359846840952356
0.9992966101384345	-0.012567043167870239	0.03533205898119424
0.01406199592068539	0.9990023281836709	-0.042386419456376744
-0.03476413721869608	0.042853444547926035	0.9984763577841077
0.8906316005902047	0.24648184813517354	0.3821283168910663
0.40378461016272454	-0.8151516853788048	-0.4153139997879077
0.20912517932058425	0.5241893058466215	-0.8255254272341768
0.8573207300155127	-0.5143146129150192	0.021946408082925993
0.5145954681224517	0.8573793812698054	-0.009596914151975682
-0.013880564595981701	0.019521155587707652	0.9997130860457001
