-0.15453177157165188	-0.7049360360957467	0.6922319817723992
0.8562018499252871	0.25405946810477487	0.4498579540819916
-0.4929891720509116	0.6622076499708647	0.5643072784933947
0.7836669414956225	0.21665345677577394	0.5821747198857096
0.25754854485180156	0.7395328173409363	-0.6219002806885496
-0.5652741563627476	0.6373009428385346	0.5237486385714993
0.9510994242665131	-0.0681933934384567	0.30126325074800486
0.17305312034127468	0.9255239505528671	-0.3368353225140772
-0.2558564103165205	0.3724984269018622	0.8920663760368857
-0.6106718772245849	0.34965389578058126	0.7105082768922993
0.7366880254261772	-0.07826468853322943	0.6716884632941651
0.29046619693293396	0.9336041943426878	-0.20979179379818214
0.5819716961980375	-0.5389842792505406	0.608937510377834
0.6971114771294786	0.7162354880468828	-0.03228488991153716
-0.4187416068158688	0.4432862194824232	0.7925609089137853
0.22799134014020495	0.8104097192237629	0.539681420662908
0.9491780957780867	-0.06147068232564723	-0.30867830780523653
-0.21698131559228429	0.5826297642603582	-0.7832379373356222
0.9470909900148892	0.11542883655609078	0.29949096868507463
0.20023582357133285	-0.9417376363502195	-0.2702514370733516
0.2508471079987312	0.3159215218575792	-0.9150242184969006
-0.9959635937361906	-0.07047710874317675	0.055583244735223976
0.08497283824787127	-0.5408316130179744	0.836827809719824
-0.02891602863801445	0.8381730987711186	0.5446372368689333
-0.9866814154096564	0.05488765344429965	0.15312455709185302
0.06363760192421887	0.9965734453367165	0.05283581806919453
-0.1496998333550587	0.061876599365873614	-0.9867934162449523
-0.8849326118433374	0.23039618389175198	0.4047367921801124
0.4642694681248507	0.3679070415952721	0.8056663513587264
0.03671693700729636	0.9008673638181887	-0.4325388529878784
0.8882111746480303	-0.03241909434264004	0.4582902045127837
0.45504082624136843	0.19971296028295704	-0.8677860219827181
-0.06339365649604775	0.9793179952482344	0.1921392945210325
0.20386772119893082	-0.3616841311179452	0.9097376223673572
0.6725852372750453	0.7269810749010468	0.13830262230120538
-0.7113838983648888	0.5836806541536012	0.3914713822414073
-0.45613775449716165	0.792677330412293	0.4044762029745726
0.8547961502108158	0.26385415528248646	0.4468831237862246
0.2475113947014474	0.5495849657610787	-0.7979313723011137
-0.8371401851994855	-0.5052961481385714	0.2094567091322067
0.5323941801322256	-0.8405638910669129	0.10004390034273036
0.1255099489502975	0.19526430219262741	0.9726865399519621
-0.0021316613655661953	0.5017813700974906	0.864991856980693
0.5794176458464807	0.7056155545000202	-0.4078993514696379
-0.8150280042437467	0.5003220421595616	-0.2922451136079798
0.7306032031896497	-0.673090224064751	0.11475412740937366
0.6807778358772757	0.7051436783434657	-0.19827740938014107
0.05254043840011707	0.22298417692901515	0.9734051361956199
-0.19911365400624237	0.9244735623597864	0.32511903248823915
0.9633063894545444	0.2455734950783004	-0.10832570586466446
-0.17998486832045713	0.2916201142116816	-0.9394483254351107
0.0970511499797293	0.8690319793229253	0.4851437861105615
0.9236345882023671	-0.26023417009958294	0.28138465521208605
0.3707832544275098	0.4207868767281833	-0.8279240198288031
0.9288184738574443	-0.006034381634446664	0.37048593611555347
0.04162463197591054	-0.991839194651265	-0.12050892899034564
0.3681896693743567	0.12735226025406857	-0.9209873881732487
0.8134895824527092	-0.13897928812776084	0.5647295429782452
0.568357295313695	-0.015899630178759727	-0.8226282189567047
0.12330727514878462	0.9901676419837602	0.06605570878964506
0.20465436723916275	-0.6759348651297041	0.7079750335089696
0.9777583885315444	0.10726588808734216	-0.1802291954957116
0.0458816262368234	0.7291132198464944	0.6828534169343682
-0.4926192052393654	-0.3693500553486403	0.7879764306394528
0.8417182474402588	0.027709863477326957	0.5392054853135002
-0.22099029516120233	0.9288771178579136	0.29723827035652794
-0.27651187399087096	-0.1700445050505096	0.9458467369739052
0.8742106707129814	-0.4532675810017752	0.17408102488312194
0.39912014075164853	0.8750047807383261	0.27398858905337287
0.15953711491844924	0.6337539491739548	0.7569041160344641
0.7546162515320749	-0.572623268977468	0.3204011622158043
0.6364764111003467	0.5200562697746987	-0.5695956937871349
-0.19329384206534583	-0.43644413134337456	0.8787229431598701
0.9163800240293801	-0.4002999552977351	0.0027563288163975352
0.35054977133002085	0.8057769331549263	0.47732419990600894
0.9426154177700163	0.004609340372617218	0.33384866056880774
0.1805803704769985	0.8339985577746772	-0.5213800297557899
-0.28083251945002313	0.5517473693739624	0.7853075425642266
-0.07644838339909898	0.022945942554932097	0.9968094744713907
0.8481313383601541	0.5271371870365934	0.0529114253688322
-0.5242412398572611	0.8494703466062917	-0.059759958747545916
0.9219922770423072	0.0909886117603311	0.3763659304510295
0.12179115547499458	0.8545191815781191	-0.5049394842583883
-0.36755564955854936	0.511388346411012	0.7767784778381824
-0.9593248045595348	-0.24794532896275853	0.13497789894038142
0.25941023014034137	-0.9628499480328694	0.07500873330243571
0.11136539792657989	0.1069723862436015	0.9880053930652425
0.20376266200999027	-0.14148664802699856	0.9687426417788609
0.2491087908128523	-0.9494414951828309	-0.1910645376953778
0.9467975432532347	0.2802541269188985	-0.15821515867502933
-0.33372819150413746	-0.24233443236097668	0.9109882090826757
0.8478613044611503	-0.49954787582829585	0.17771642623256373
0.4120154154795843	0.8317006328287366	0.3721791971073405
0.6329782119061083	0.18586865271214095	0.7515260655433845
0.4969621830624229	-0.841891079516865	-0.21035208303166006
0.5936052323370952	0.5066283195488592	-0.6252684015469852
-0.33090204629059805	0.09457974345565817	0.9389134719922578
0.8096352321181655	0.5395696508934325	0.23098784112525006
-0.48476244354700043	0.8366117761319173	-0.25511979414333874
0.7581663543062522	-0.28103988678450753	0.5883879343036509
0.4937868720803623	-0.341871780165091	-0.799561261497731
0.42586183693665025	0.8967386843238683	-0.12042187458281428
-0.9923293560537103	0.05857224009266467	0.10886570536471235
0.08863493262251035	-0.27678048828364843	0.9568366684154973
0.08617597016008677	0.9591464194772311	0.2694658571525814
0.7398200630639139	0.25504120983010814	0.622591564010067
0.6091549346641384	-0.6467946194878453	-0.4588975765635545
0.28565108062535993	0.7187563575301221	-0.6338712476896202
-0.5031158384454506	-0.39269255323237834	0.7698486940569339
0.8541402721851405	-0.0902955339399858	0.5121436438949395
-0.13160109625996608	0.9152263518858755	0.38084363756907724
0.37947981812795684	-0.44701704367875317	0.8100437212239107
0.8728002985518378	-0.11750256506384327	-0.47372226678850593
0.30694414228226546	0.8867744413683365	0.34556675716057994
0.7273428290091786	0.5760285347699957	0.37304629232798525
0.6643265694728769	-0.727347385108623	-0.17215106873919517
0.1721703173642997	0.37303740899054616	-0.9117019651795735
0.6111916789229062	0.7436977973207352	0.27084740699457766
0.7867421437967387	-0.5334550384284582	-0.310584161137372
-0.08649584261403119	0.4029135245131146	-0.9111416799680003
0.47145065721763424	0.8098008429456721	0.34922324174307107
0.843472681359967	-0.29844290343519986	-0.4466381859946542
-0.25746478129734207	0.5051281304319198	-0.8237459913334115
0.6423063076523139	-0.028659013283501178	0.7659120498514613
0.6992510886444606	-0.3872650460185927	-0.6008940831475664
0.313831996742824	0.9215228945011804	-0.22870293555304144
-0.16877444560147592	-0.34632056314584125	0.9228094353951211
0.5709994978729859	0.7287827083656193	0.3779356260212453
-0.8034144384691582	0.59070959999785	0.07474897009101544
0.8929800170449287	0.3189209357771372	0.3176100216955912
0.44212431290720433	-0.48930272805327313	-0.7517372760851737
-0.08433730547492758	0.8117094782264522	-0.5779402580393314
-0.2333637857261821	0.6291874779662768	0.741393593904061
0.7970192826745576	0.5605436979144858	-0.22483555273418643
-0.5570472211190693	0.5384365146410386	-0.6322851517667738
0.1167438209917826	-0.05825637245593074	0.9914520035425389
0.8787019226628607	-0.4592013258515326	-0.13044950534511995
0.4628755895149695	0.8864199554412515	-0.002418930900010441
0.04483169529769426	-0.6975298845459321	0.715151857483481
0.9700988518866713	0.2013288766949607	0.13555405186458758
-0.2385337222803028	0.6876908779197843	0.6856988550092669
0.1375283981528801	-0.511651892128411	0.8481145447302032
0.9867198885083424	-0.003943249245786928	-0.16238322698933555
0.08642801237785902	0.8591837941132285	0.5043147892037374
-0.3825179283931488	0.3348975742064902	0.8611176744489818
0.5351576203868211	0.8400526621013085	-0.08898228047437254
-0.753184144681584	0.4267963679403952	-0.5005581929338063
-0.11227293546504447	0.9580353497737712	0.2637480929711351
0.9936698183658064	0.10720772020709946	0.03356779404224061
0.003883301549986312	0.26584727441116396	-0.9640073374498912
0.468806868250905	-0.15551942552843767	0.86950205782625
0.236457912011997	0.9705473977051545	0.046102111173776716
-0.8510627333679377	0.1839876547245964	0.4917730846449787
-0.8120609046274858	0.3630595337491403	0.45688604939245725
0.3859517942142667	-0.2531120503787343	0.8871163973774027
0.43771943036422123	0.8967285346786565	0.06541892214559664
-0.7058407519172729	0.13518101975093705	0.6953523745784982
0.3243926571918799	-0.8109606724447689	0.48694167177180486
0.6297287010235841	0.569270480217467	0.5285573606148382
0.06451208215062043	-0.3128775098596855	0.9476000501691596
0.671396376738979	-0.6889145422995764	-0.273173312587331
0.7382852406477881	0.6538382194642396	0.16562151493531985
-0.898863291277729	-0.420549122981858	0.12322020431957988
0.43820606145279595	-0.8596679305232582	0.2625766496394669
-0.004497921675326158	0.2900163519339022	0.9570111202653571
0.4836476053387838	0.5456422221457633	0.6843679998815649
0.8702653173494443	-0.21635046620239162	-0.4425276863572255
-0.0933984543166051	0.8096091904035191	-0.5794908865076549
-0.5965581095420527	0.17826719083649928	0.782521073588996
0.4431433651502899	-0.739748777002047	0.5063553148207807
0.6691355467040208	0.6488393912173014	0.3623052091012118
-0.3421237344044046	-0.8948306248216147	0.28675687130135713
0.9384451660322726	-0.3408644182400631	0.05596533506130069
0.04766571837122302	0.28825266912766306	0.9563672819753577
0.6465147021835425	-0.3606641629347045	0.6722649042119738
0.5407119738019799	-0.40501517295344414	-0.7372877803576152
0.5381907665946085	0.8401690730157241	-0.0668328325017491
0.7600111637501961	0.5074333963010478	0.4060718893169737
0.576657340585164	-0.8146879707472208	-0.06123578911896263
0.2997487990373253	0.28070421913138344	-0.9117871455759408
-0.6917342537678925	0.3654227511582596	0.6228723264844134
0.6262379539194658	-0.12598673087406365	0.769385058806335
0.3596244530547638	0.9222762908042227	-0.1416922587351439
-0.8962133851613039	0.09831676430118677	0.43259147254085023
0.19249844955897302	-0.7923593532858682	0.5788877284740039
0.39968226777667754	0.6020801185205715	0.691197233578916
0.5716548807321633	-0.1509787621143067	0.8064837944593355
0.373935364408607	-0.8269720283821815	-0.4198685598113566
0.7303307747724304	0.5415927230529339	-0.41628629782447746
-0.44242234281345816	-0.41376230173935974	0.7956527057949329
0.46811491511407827	-0.8632970454778381	-0.1886442088084725
0.7649384921856072	0.2889964860142461	0.5756302061603678
0.7966905132941442	0.13124496239355388	0.5899652412417428
0.17824945447120605	0.8816955726493918	-0.4368524340680484
-0.5775044225006684	0.45319717233978385	0.6790441553944734
-0.6299262536500547	-0.031510969846855974	0.7760154468447886
0.5212751023406411	-0.7578380952116277	0.3923693274528036
0.5757301300454585	0.6516812719614719	0.49380799622172733
-0.5904648147888343	0.37206313553731346	0.7161845611785627
0.5206059457739608	0.853677757500948	-0.014273597057237686
-0.616701509420228	0.3644218839783024	-0.6977649595361732
0.5759510736153477	0.05127861607723097	0.815874294444023
0.5017057695025638	-0.8101419074395755	-0.30325139844361326
0.6454236450961249	0.5839868092203545	-0.49232887890866284
0.9245146551312283	0.34930986599616176	0.1524967867377194
0.36648611679227483	-0.9246000760583231	-0.10393567987684565
0.10469278220634433	0.15197801443197817	-0.9828235367975313
0.6890238643590206	0.3010073992497103	0.6592728266360501
0.724478356128002	-0.261692831634349	-0.6376895587770466
-0.019422302794205037	0.9170122177311064	-0.3983859519185491
0.22251151398346114	-0.1720480799827021	0.9596291389485074
0.7918364864190948	0.6061183899847541	-0.07493648042010143
-0.5687561911049854	0.7765435953612361	0.2711022677573798
-0.3012912052420067	-0.26646561460725693	0.9155433828474737
0.287115504371634	0.8902470780729065	0.3535884997169374
-0.9092789983240794	0.36939980537979344	-0.19171720578010087
-0.16986944815326388	-0.003164969367391385	0.9854614926789425
0.08185747436450592	-0.9965843346003509	0.010909533438247618
0.9820609576165678	0.08252058529893896	0.1695483073556049
0.5605703591489375	-0.3181853979098517	0.7645383737920424
0.82614251012359	0.15132624638149228	-0.5427604629325741
0.05700373154737631	0.9358730788483219	0.3476954915966518
0.18719631303728534	0.361127668972077	0.913533987921654
0.8870420987961367	0.33740141780722066	-0.31514536046881925
-0.42203537215332004	0.8693371555181979	-0.2571751439912833
-0.4673222814480902	-0.1744197729700747	0.8667108099355976
0.6222821679788305	-0.7612626403902143	0.1823296348970339
0.6279926661018569	0.624545382773091	0.4642933083505456
0.18018506903374643	0.465726948049833	0.866390068478103
0.8045322698061828	0.4369774208044134	-0.40221705651008155
-0.565916219716148	0.7695122764240416	-0.2959555518906065
0.25238248726087076	0.3570542497577129	0.8993416163249498
0.5318741618497227	0.725239559037048	-0.43719270117924347
-0.8083396291662753	0.5886763497353237	-0.00687016605501789
0.28138064136093766	0.24653669594890532	0.9273858917505187
0.7702667727041641	-0.634394326748891	-0.06506102563542909
0.5722884181382841	0.7326414510109425	-0.3684053076780547
0.9499663240318267	0.24155635185937865	0.19802654388199187
0.29846281296127497	-0.8889372850283235	-0.34743409816210546
0.09210826501840859	0.38915425240238677	-0.9165560732178022
0.7480201414146348	-0.027516462050819923	0.6631053553955326
0.5701201796712023	-0.48483700380646444	-0.6632466060762364
0.33974821378442277	0.8741715644289604	-0.34698015386203007
0.6094871730458513	0.023396190613326706	0.7924506320001021
0.34135680127079315	-0.9099070215278748	-0.23567932959944377
0.7155423957521656	0.4141519412474797	-0.5625631070752819
-0.7435280803600259	-0.20405411783527933	0.6368107338217541
0.5272752882842568	0.4067971807276598	0.7459871474206387
-0.4112745604591766	0.8904369549532934	-0.1948724330751208
-0.7658552957662219	-0.3943073819282241	0.5079245559172563
0.43768377962961624	-0.8983486065939601	-0.03745250431978302
0.47106111598811234	0.193627140627546	0.8605869830623949
0.03496872285937813	-0.9208049071892783	0.3884527143909906
0.9799282680117909	-0.044739155378474615	-0.19426527617521516
0.19625946594494725	0.38744900422141393	0.9007582867533548
-0.6314889177736647	-0.5607185964858182	0.5355524272039294
0.6325363756531431	0.02694916381410406	0.7740616745746468
-0.4484634658527179	0.8275677604430315	0.3376568104905828
0.9926600869860298	0.007177692105276211	0.1207246140641153
0.1205810792910901	-0.13535555521867493	-0.9834322940540645
0.009281972952103063	0.9907710908214298	-0.13522755107828544
-0.47109942192664533	0.8556403151131233	0.2143478150425045
0.8814939423594335	0.44781727744339817	0.14976019366576193
0.03215220434129949	0.2594982411815108	-0.9652082151430839
0.10541242838593579	0.04503688094932223	0.993408223891939
0.9838996582579682	0.14026110109444345	-0.11076229502690854
-0.14432491961415927	0.9890897344903198	-0.029526508500592463
0.35256147940604354	0.30951954757160455	0.8831183685724644
0.8507029814024827	0.28717095996017206	-0.4402695506033552
-0.38987798177371985	0.906493513174045	-0.16206378343549965
0.4008368581835391	0.24270721857123267	0.8834155416195515
0.4427751914152058	0.79285312177454	-0.4187290975793232
-0.8020473446055272	0.5589965414434891	0.21034001917238787
-0.4391909132091161	-0.20187285751491119	0.8754191516943797
0.8890451027428286	-0.2378690809116102	0.3911740094066317
0.12926773396148206	0.9500871800761393	0.2839440142201156
-0.77545601337212	-0.6157401136991527	0.13975723132193685
0.6221351517273987	-0.7829053323413098	0.002663376929806942
0.10777673362161923	0.08901321796956971	0.9901822169260345
-0.5958787962302734	-0.7488726137956508	0.29003149572077486
0.7644817413848918	-0.6395690912254537	-0.08074060092772443
0.2459596050010717	0.1736121708173614	0.9536051000554685
0.03580050715351346	-0.7326596973335822	0.6796529199456257
0.8519053058312325	-0.33318066761102383	-0.4040395928951354
0.5224707394525988	0.5934647509611135	0.6122286466529626
0.9912589574230001	-0.07214935276359694	0.11045429020396147
0.124089416840027	0.22554698868203382	-0.9662972485342015
0.044805088516472254	0.9715570116016149	0.23252844396067018
-0.7596347297733961	0.0211203408788058	0.6500069295963409
0.12042826951271893	0.9867554480905263	0.10867712531087906
-0.6391025811434901	0.16083412842064218	-0.7521171942662266
0.729494745636673	0.404525424587661	0.5515402042921786
0.5671308753905278	-0.8085017146805036	-0.15712271489972127
0.382361067928286	0.4274156738128094	-0.8192166108617931
0.07788021722836902	0.8788880640644338	0.4706277112639394
0.9192553425472457	0.11940945165873496	-0.3751146465454344
-0.3858811824419636	0.46184104808866017	-0.798622914357934
-0.394917268754154	0.8503202420659387	0.3478445583485271
0.9130672731595512	0.40519271003715374	0.04611965326981862
-0.10172760453652717	0.3358189298798835	-0.9364171831024828
-0.9656290545389081	0.1704031926958925	0.19627348508991482
0.24986873305172247	0.40056459412291845	0.8815404824387073
0.07159710380610067	0.900283709646125	-0.4293752401715665
0.5896847141167463	-0.7376761640904601	0.3287944872862616
0.8043260218353903	0.49959387311537506	-0.32166071028963705
0.07301772754274488	0.45413636595009976	0.8879350047081884
-0.647695946570944	-0.18374688085930643	0.739409929991506
0.36379122448242984	0.778123377628598	0.512035110297562
-0.6694370065847437	0.6006339092678152	-0.4371418548395005
-0.7972669455752177	0.433818624201706	0.4197223115214418
0.4681280048953649	0.005388852034502678	0.8836442334483011
0.3810795042059445	0.9009841072790848	-0.20737900063570147
-0.9726630469280244	-0.14282069815944104	0.18310883462558886
0.19687566538709333	-0.08898999712394873	0.9763814586473203
-0.12315262692724294	0.9857398381870996	0.11467520172988543
-0.5799162369870725	0.5159761336344609	0.6304488778627388
0.6861094730396776	0.7265841199627704	0.03645967118807372
-0.43926182293020827	0.45370050268603346	-0.7753740418523638
0.9303911787236903	-0.3585161128296196	0.07640975981300896
0.366359773228799	0.9024081710878595	-0.22680390056964936
0.012360061200706186	0.2390098106676877	0.9709384837834532
0.9980835521807675	0.0018654242125529796	0.06185259136631577
0.05624730774895043	0.3893377336702274	-0.9193760762123007
-0.025796574137200438	0.9210931816776402	0.3884866631298243
-0.8521796414669334	0.4048102523315272	0.3315396179592637
0.5132294229686678	0.5232570273524233	0.6802923215247646
0.10190887139271793	0.749887153466167	-0.653669518180152
-0.3384667288008478	0.4317914239747236	0.8360600694188984
0.792770794733344	-0.3477858879932638	0.5005591305036783
0.5069070334022945	0.8322266171510118	-0.22459767851130552
0.43667408913457295	0.2893078041342338	0.8518314001875718
0.3496198802915768	0.8178733381402631	-0.45700015543127165
-0.8289039022609284	0.4973773187694939	0.25599633511102216
0.16623278224799187	0.4033927328204837	0.899800514121721
0.9556817458554067	-0.290752840269455	-0.046208078449625045
0.24297955211262867	0.8676042237004535	-0.4338477247517609
0.04513675291577279	-0.5942646152061549	0.8030020178368802
0.9978658652182683	0.06478727045847632	-0.008143992800657918
-0.04718462216037561	0.8016558966916049	0.5959206614400625
-0.9965991048020857	0.02826525903479782	0.07740348467206022
0.07714704174417818	-0.010054879387787707	0.9969690232653265
0.028957870394835845	0.9995498859647742	0.007840102678094207
-0.5849061468584886	-0.12942184796427386	0.800708926287617
0.3321468294275551	0.8624022739682939	0.3820219909318551
-0.7399751908465437	0.48939994189193375	-0.46143733464880476
-0.8258262327517527	-0.0015051326055356973	0.5639226612531963
0.5558365470266666	-0.1709303756520164	0.8135284504360819
0.09516704413041152	0.985281960281066	0.14199539589782517
-0.9352675167887536	-0.0201023778383045	0.35337029649511414
0.25485985299913133	0.6545406911550924	0.7117745000711077
-0.24560359803769166	0.7557594710140655	-0.6070473577930147
-0.581132703277341	0.17154375739682623	0.7955234254751701
0.5293371420478272	-0.6628098919347776	0.5296085697966438
0.6181318396832572	0.7288729563178943	0.29437602198243795
0.29731688122842137	-0.10877318422982885	0.9485626318431001
0.7329404937674691	-0.6106893616351772	-0.29976113187256087
0.6118830809333623	0.7843640085943031	-0.101843985042676
-0.23884215363485684	0.22916326261039838	0.9436305552051719
0.8188712624325436	0.5698293043497749	0.06887974641637418
-0.5219236354192017	0.7891633309866907	-0.3237544684120899
0.9495791720367256	0.12876210994423445	0.2858666036401517
0.21875885818345067	0.38105288558930317	-0.8983002061395391
-0.2245973241165612	0.915543017791504	0.3336720314514029
0.99928577792639	-0.012671263920634676	0.03560018405434655
0.014193060477093703	0.9989817894458882	-0.04282454190980482
-0.03502129449839467	0.04329923124195961	0.9984481386158782
0.8906025405996183	0.24617432272561196	0.38239419125830293
0.4037292575117936	-0.8150353158286414	-0.4155961027019895
0.20935568133318277	0.5245146678432292	-0.8252602994878804
0.8572397968729533	-0.514444046414762	0.02207382535094544
0.5147280672071256	0.8572992488035585	-0.009644419633707872
-0.013962359629899817	0.019629597786517055	0.9997098236009812
