-0.15468164936168094	-0.7048779828278534	0.6922576230532145
0.8561774088042381	0.2539991789666265	0.4499385088404193
-0.4929846163969119	0.6622925685894536	0.5642115929216391
0.7837388593256938	0.2166307466335082	0.5820863509788469
0.25758225331499707	0.7394324244610281	-0.6220056852094318
-0.5651590777471677	0.6374251401291722	0.5237216890403491
0.951116385261192	-0.06795980074846594	0.30126248881982065
0.1728820670596458	0.9254841360358883	-0.3370324981883638
-0.2559089927627942	0.3726400131871699	0.8919921569133878
-0.6106988897963515	0.34916224473767365	0.7107268060592988
0.7367377712905265	-0.07848732788853297	0.6716079181447948
0.2902831761493785	0.9337694930820274	-0.20930889000222153
0.5818030840640948	-0.539060024176962	0.6090315769382084
0.6972887549379206	0.716061254051785	-0.03232139667324885
-0.41868074186739496	0.443475558266877	0.792487139081291
0.22799371253600365	0.8103115164153074	0.5398278553472162
0.9491903832376853	-0.06145117034775183	-0.30864440709656094
-0.21692506405011436	0.5827683931268205	-0.7831503792754217
0.9470865853926811	0.11538870481776417	0.29952036086001027
0.20022796250466865	-0.9417163268298754	-0.27033150540267403
0.25087001175999674	0.31599969395954464	-0.9149909456475582
-0.9959696339606416	-0.07041258991068942	0.05555677645773243
0.08492133709659593	-0.5410047322858751	0.83672112806479
-0.02885922268585376	0.8380667913873915	0.544803816469388
-0.9866893082539201	0.05471117690946982	0.15313685414876893
0.06344502076870015	0.9965910001627443	0.05273620894869283
-0.14972955058057125	0.061750024419441975	-0.986796836317962
-0.8848511318347558	0.2305748424298465	0.40481318719775294
0.4644137571657325	0.3678246567372644	0.8056208066151975
0.03685561891977354	0.9008552957798299	-0.43255219271144063
0.8881665736415791	-0.032338817059691743	0.45838230591609563
0.4551081928071383	0.19982446019815403	-0.8677250243863761
-0.06353479602232134	0.9792979046325465	0.19219506673352948
0.20399800431252046	-0.3615561784377458	0.9097592780895404
0.6724234106338703	0.7271495122250602	0.1382039930767937
-0.7114995228867144	0.5835500978530892	0.39145588797159225
-0.4563111603524186	0.7925679233611947	0.404495008370626
0.8546656362346908	0.2638689431063971	0.4471239549649117
0.24764243412101403	0.549735634394239	-0.7977869120885495
-0.8370817804981308	-0.5055207251068408	0.20914800798843974
0.532549387091912	-0.8404730386446753	0.09998110631221427
0.12524074044059014	0.19507400595373917	0.9727594199672668
-0.0020669331137472824	0.5016458956781185	0.865070588528359
0.5792080528400709	0.7057893406821643	-0.4078963570622437
-0.8151771337032933	0.5002127566633362	-0.29201616181052215
0.7305009521836257	-0.6732279998698022	0.11459676718879036
0.6808599765660678	0.7049810671370205	-0.19857338011123596
0.05289660829646722	0.22308239547228584	0.9733633410299962
-0.1988848188824952	0.924530443252527	0.3250973520614443
0.963319473060805	0.24540972041826759	-0.10858020973492595
-0.1801677597128016	0.2915776545339395	-0.9394264472200877
0.09681293803570978	0.8690137747085632	0.48522398373912645
0.9236608121616058	-0.260058131058607	0.28146131625370263
0.37078020322808003	0.42093328193085244	-0.8278509606547935
0.9289093912312765	-0.006246812519274912	0.3702543993198302
0.04144898841869668	-0.9918205666966495	-0.12072259455712232
0.3679800595703604	0.12748702212729585	-0.9210525147610791
0.8134918094435417	-0.13902680773292786	0.56471463829076
0.5683468291259542	-0.015888394449318666	-0.8226356670752224
0.1233408196451837	0.9901611513553814	0.0660903665887842
0.20452785710733623	-0.6760669972035535	0.70788542219716
0.9777863898920168	0.10723284022553581	-0.1800969009147616
0.04584900663065472	0.7289955646431158	0.682981211543661
-0.4924515268114813	-0.36954998628358043	0.7879875007757714
0.8417129414994868	0.028077159826544573	0.5391947674155934
-0.22138386990321168	0.9287865636053744	0.29722836576073575
-0.27629340372288325	-0.17004051447858376	0.9459112952571624
0.8743166591446134	-0.45312257325435645	0.1739261715485988
0.3990392644858723	0.8750806574500486	0.273864032606264
0.1594505859056008	0.6336979280451407	0.7569692507926966
0.75468615323417	-0.5725599239241899	0.3203497208248152
0.6364152109833419	0.5201942613170795	-0.5695380669646295
-0.19298664018114797	-0.43651523241333196	0.878755147115923
0.9164324266771628	-0.4001818190062856	0.0024736756916843294
0.3505820361145151	0.8057970982871282	0.4772664584336985
0.9425775718994557	0.004832065604316843	0.33395235003533363
0.1804402445912184	0.8340420131928299	-0.5213590301904367
-0.28104953137122946	0.5516797724869447	0.7852773965579076
-0.07640850438891289	0.022909586404414317	0.9968133683432561
0.8481973547041914	0.5270317015227806	0.05290399855223282
-0.5241402368926291	0.8495367775680941	-0.059701554664490786
0.921992361122554	0.0908426619861335	0.37640097873800893
0.12193531878099859	0.8545142218779908	-0.5049130842452275
-0.3675076381048892	0.5114225800368274	0.776778656093897
-0.9593132405838785	-0.24778582566229418	0.1353524696535419
0.2593060266530151	-0.9628675584067214	0.07514286066756395
0.11170716620648666	0.10718325227727638	0.9879439556216648
0.20368541607222213	-0.14131136688639834	0.9687844697703321
0.2492067726636505	-0.9494515510578667	-0.19088671156573145
0.9467883795960179	0.2803084903860546	-0.15817368453518976
-0.3337359330948566	-0.24233288112229434	0.910985785667523
0.8479398925607428	-0.49938584223741556	0.1777968480510944
0.4118473813992048	0.8317983862089394	0.3721467172162377
0.6329162484789028	0.18586786188091792	0.7515784458931799
0.4970677231530503	-0.8418155750325422	-0.2104048864263197
0.5935829352422745	0.5067540582496068	-0.6251876705731805
-0.33097700963509413	0.09463760325481668	0.9388812188680712
0.8095853236327888	0.5396381861199568	0.2310026663039968
-0.4847946192475777	0.8365610271410848	-0.2552250477857718
0.7580787920009537	-0.2812215669701591	0.588413949009728
0.4937219307896261	-0.3420120673259799	-0.799541369074029
0.4260929478127257	0.8966282262310601	-0.12042683982403646
-0.9929074943692788	0.06062631344157532	0.10227002368144979
0.08158073041879776	-0.27830419529949024	0.9570221310414084
0.08648290033096646	0.9585777094201529	0.27138438229411255
0.7397361794929256	0.2551408513767036	0.6226504081007102
0.6091822934008155	-0.6469546850264465	-0.45863555131417144
0.2858099336204618	0.7185769141025212	-0.6340030759884094
-0.5031806287483866	-0.39268159166211025	0.7698119396463592
0.8540885399660278	-0.09022827642917286	0.5122417632635194
-0.13168910642523518	0.9152376880910948	0.3807859681587423
0.37943378841025666	-0.4469100560524347	0.8101243126902502
0.8727895143362651	-0.11767403383828778	-0.4736995729625396
0.30703169848943496	0.8868056289624212	0.345408906317219
0.7273953343907742	0.575904223300933	0.37313583731756833
0.6642681662744108	-0.7273640400324481	-0.172305996825726
0.17217383884018406	0.37319683660479264	-0.9116360514850266
0.6111215848489122	0.7437105489752417	0.2709705295317157
0.7868225375526688	-0.5334699503683193	-0.3103548073628013
-0.0862595092203327	0.40287024138916894	-0.9111832228877459
0.47149017402633175	0.8097629825527383	0.34925768120960926
0.8434902760024724	-0.29852818479585097	-0.446547956183619
-0.2573347432545641	0.5051384314915941	-0.8237803074511552
0.6422576703762108	-0.028688935971201812	0.7659517150550437
0.6992628250714008	-0.3873191381950898	-0.6008455597414166
0.31390537796617296	0.921499229593087	-0.228697580973785
-0.1688581534386575	-0.3462596849182712	0.9228169670186968
0.5710797241530132	0.7287234368944423	0.377928698542556
-0.8033398239092877	0.5908184011361286	0.07469099142696789
0.8929935494682367	0.3189524941174446	0.31754027634991655
0.44208014917393473	-0.48926074923708773	-0.7517905698812104
-0.08442548379767499	0.8117223821924742	-0.5779092592555544
-0.23338270894224555	0.6292171237763148	0.7413624770066538
0.7970085483575547	0.5605506291781737	-0.22485632295520833
-0.5570546517279635	0.5383946538317552	-0.6323142507595589
0.11673871663891033	-0.05812266600667787	0.9914604519262362
0.8786776810524086	-0.45926661967125404	-0.1303829163506543
0.46292289299392175	0.8863949050801321	-0.002543106392181471
0.044601741520525096	-0.697697340815943	0.7150028708136057
0.9701070573361024	0.20114769681784084	0.13576413875381865
-0.23854345926900689	0.6875740139673979	0.6858126517910967
0.13737479223298155	-0.5116721571641566	0.8481272133600732
0.9867624509335226	-0.0038082082923174276	-0.16212761324731007
0.0861860306929853	0.8591723349436832	0.5043757200548091
-0.3824081992276511	0.334774207380142	0.861214374727026
0.5352690760727448	0.8399958046443086	-0.08884854742870418
-0.7531606637123947	0.4270050096344985	-0.5004155636901659
-0.11217903309301591	0.9579894497757437	0.2639546905298028
0.9936797344567749	0.1070638617429408	0.0337329933240722
0.004055843220533206	0.2660705613687022	-0.9639450225550803
0.46879979504454705	-0.15517546396799878	0.8695673220334967
0.23650666281274854	0.9705549259023523	0.045691730672587735
-0.851053083309947	0.18423819145062115	0.4916959814759896
-0.811244413620309	0.35914096174073756	0.4614111734340417
0.3896662833213835	-0.25627916137771467	0.8845796623741892
0.4359388592593467	0.8974066865382012	0.06795991424498826
-0.705871849643886	0.1350750789360276	0.6953413945183654
0.32439625426416163	-0.8110119184339317	0.486853918929996
0.6296919898646484	0.5692226200780672	0.5286526332969125
0.06458184010705281	-0.312683971620522	0.9476591791461757
0.6713935293841595	-0.6889550390260757	-0.2730781626231948
0.7382817312039276	0.6538881311755054	0.1654400111168285
-0.8988557339266772	-0.42056606219149656	0.12321751872146208
0.4382211259666771	-0.8596371315107643	0.2626523308186007
-0.004540302152205605	0.2900830733784448	0.9569906980716597
0.48360969631533546	0.5456982282894819	0.6843501335365615
0.8702918679213322	-0.21640436252994233	-0.44244911177219876
-0.09334734200708328	0.8095570366068903	-0.579571978463834
-0.5965790644010218	0.17814295697502552	0.7825333902132201
0.4432626218039583	-0.7397003578718704	0.5063216652244973
0.6690378674110178	0.6489287075206498	0.3623256332716418
-0.3421365959562539	-0.8948662945359683	0.2866301878918771
0.9384507144072635	-0.34082253481846414	0.056127144844663884
0.047463737062774264	0.28819145487571707	0.9563957752942311
0.6465231451759264	-0.36071864649371244	0.6722275513719832
0.5406437327133138	-0.40504748472965146	-0.7373200725546525
0.5382491774537542	0.840130104915856	-0.06685229827335748
0.7599799988824276	0.507296854575688	0.40630075392039144
0.5765847694737567	-0.8147397329158677	-0.06123047622773839
0.2999673397381123	0.28080076379132957	-0.9116855412611555
-0.6916982317077895	0.36564598153332595	0.622781319919639
0.6262641584742584	-0.1257578828696957	0.7694011689012832
0.3596481058796864	0.9222190472358844	-0.14200446772017883
-0.8962760601635589	0.09793515749500811	0.4325481810204693
0.1927999702015358	-0.7922891971132551	0.5788834076287905
0.3993962887508792	0.6022346162950627	0.6912279446520972
0.5717132904477544	-0.15105350254941918	0.8064283929109602
0.37384520729150117	-0.8269774163710355	-0.4199382261683988
0.7303312087748791	0.5415636547810787	-0.4163233518667724
-0.4424367370323168	-0.4138674150237693	0.7955900304212843
0.46814812463467653	-0.8632608609450363	-0.18872736781259472
0.764909842481604	0.28895405991606715	0.5756895727150091
0.7965453806273883	0.13119212014763074	0.5901729273800508
0.17837016810446046	0.8817242702645619	-0.4367452282015367
-0.5776673261761959	0.4531566383024699	0.6789326339415782
-0.6299907742149027	-0.031564287806461644	0.7759609011666622
0.5212198428834391	-0.7578906758580624	0.39234117656954187
0.575709562009066	0.651617540573211	0.4939160667852881
-0.5904386735184097	0.3719997461339029	0.7162390394904008
0.52070774229388	0.8536185336216682	-0.01410128266517896
-0.616640592183997	0.3646252705640474	-0.697712542625589
0.5760401002782041	0.051405817985293895	0.8158034351170259
0.5018834606045954	-0.8099984100518258	-0.3033406792454153
0.6452060096147835	0.584174646480637	-0.492391295177109
0.9244593468767852	0.3494670164952352	0.1524720313830265
0.3666423737555892	-0.9245350402449681	-0.10396311425742313
0.10463405630584355	0.15201238022330352	-0.9828244759466622
0.6889804376331214	0.3010366349616935	0.6593048619340014
0.7245147065209994	-0.26145534040826246	-0.6377456742360468
-0.019606034623619317	0.9170703622857628	-0.3982430840873419
0.22261755000605343	-0.1721488776366103	0.9595864684111368
0.791811544383519	0.6061490091388424	-0.07495236421211965
-0.5687494216351248	0.7764973552102126	0.27124887601841974
-0.30112577668110396	-0.26641197529772975	0.9156134151683032
0.2873046284476767	0.8902169019341722	0.3535108456373959
-0.9092740604959234	0.3695112000043924	-0.1915258624326479
-0.1698059408448993	-0.00237788766991439	0.9854746511727269
0.08193800392411418	-0.9965685857750188	0.011713981360364292
0.982065224904492	0.08273692946084223	0.16941810569322635
0.5606090410425864	-0.31851335432442385	0.7643734337470892
0.8260936127900989	0.15120829866770813	-0.5428677493841564
0.05733102134720691	0.9357805798001052	0.347890586909541
0.1873234464411846	0.360839702123454	0.9136217137222898
0.8870933558918142	0.3373047780864068	-0.3151045296606815
-0.42187119402253115	0.8694942185268036	-0.2569134087634728
-0.4673787719963105	-0.17417516277648334	0.8667295403752007
0.6221576803958337	-0.7613231304680239	0.18250181297412912
0.6280739639657871	0.6245399136053307	0.46419068506611527
0.18020629839061475	0.46587404333049576	0.8663065656978759
0.8044231061858282	0.4370441204117508	-0.4023628996911407
-0.5660646219776471	0.7693853472509172	-0.2960017418544847
0.25226002252218316	0.3569491636343165	0.8994176869607744
0.5319453784894296	0.7252821144481931	-0.4370354319334938
-0.8083309936782364	0.5886876498129717	-0.006917775425304029
0.2813498973646634	0.24654998668461947	0.9273916860306153
0.7702742187468632	-0.6343884870946814	-0.0650298037489801
0.5722935113967333	0.7326420350399883	-0.3683962341089575
0.9499616309118412	0.24168565618633822	0.19789124131475358
0.298520020138673	-0.8889571682885962	-0.34733406185504917
0.09197117685297482	0.38902852921360404	-0.9166232083501809
0.7479395615103203	-0.02737735423421317	0.6632019999991587
0.5702591052787004	-0.4848259944612683	-0.6631352109045168
0.3396924567524069	0.8741820380045431	-0.3470083561756654
0.6095050515912205	0.023285363735150444	0.7924401453236108
0.3414759959204178	-0.9098019519364151	-0.23591217107823914
0.7154702902950915	0.41438894783573954	-0.5624802784246277
-0.7435895620019382	-0.20401960539565595	0.6367500010961659
0.5272793769144002	0.4066727851546106	0.7460520789431218
-0.41115814714356363	0.890501682440181	-0.19482230777988208
-0.7659264989753429	-0.3941837827345358	0.5079131260328541
0.43747765019692486	-0.898444572504312	-0.0375586969385355
0.47113682062172835	0.19343343962881912	0.8605891009580666
0.03496109289100102	-0.9207274078746164	0.38863705738433707
0.9798833799832976	-0.04487404020453134	-0.194460489941352
0.1964848177757644	0.3876175446289962	0.9006366389834541
-0.6314421325857225	-0.5607631790400343	0.535560911781759
0.6326172217443093	0.026860317806260192	0.7739986912649517
-0.4484153029816288	0.8275404403171249	0.33778770802329816
0.9926802591196342	0.007211019497563226	0.12055664374882716
0.12041989143509335	-0.13527879770904727	-0.9834626056120058
0.009216989797986713	0.9907813321254096	-0.13515694214824236
-0.47100598038420216	0.8557139374112169	0.21425924428716758
0.8815436288754822	0.4477428705201709	0.14969018767909745
0.03215893081808556	0.2593838453307167	-0.9652387393542017
0.10541203152405132	0.04485294471780532	0.9934165878221048
0.9839167613172713	0.14016465044387594	-0.11073245940047355
-0.14420856565718926	0.9891117652298387	-0.029356523551137936
0.35266495746051774	0.30976463595429155	0.8829911087273056
0.8506739790579352	0.2869961952361262	-0.4404395137515784
-0.3898476742692082	0.9064651423149666	-0.162295214454391
0.40110001954304253	0.24252179774202437	0.8833470167168436
0.4428072773380723	0.7928316895998445	-0.41873574853683004
-0.8018980542806013	0.5591074043385872	0.21061438923956055
-0.4392573557294057	-0.2017285991339256	0.8754190697769122
0.8889942048178713	-0.23796040257864126	0.3912341378316206
0.12939195971099166	0.9500949526737181	0.2838614127810861
-0.7754970145005295	-0.6156844821062952	0.13977481530757985
0.6220966819628893	-0.7829353834766943	0.002811332595926669
0.10770375476987253	0.08913362885973024	0.9901793258873702
-0.5959855019366553	-0.748805022315261	0.28998675838174787
0.7643481916021014	-0.6397030916029247	-0.08094316887951272
0.24611607723980594	0.17340989922464464	0.9536015328086404
0.035784437141487935	-0.7325936077591251	0.6797250031659391
0.8518226297442388	-0.3333247053471735	-0.404095098041079
0.5226066221490847	0.5934654553347557	0.6121119765289966
0.991270910428165	-0.07224634143446686	0.11028349055163003
0.12394739262996639	0.22558690636621626	-0.9663061582833635
0.044933573184757804	0.9715405363778983	0.23257248370216888
-0.7595961417409169	0.020931395158628532	0.6500581344380102
0.12048920023827463	0.9867100888055897	0.10902088458275437
-0.6391369603443801	0.16113682802506268	-0.752023183536098
0.72938433200486	0.4043299044621325	0.5518295249290918
0.5672416039037219	-0.8083573409070484	-0.1574654635227008
0.38240745158346134	0.4278735067275476	-0.8189559226320511
0.07775202874891518	0.8788269422369102	0.47076302703584405
0.9191910884431853	0.11965731505691934	-0.37519311011797857
-0.3860600535565164	0.4618932047041741	-0.798506294587618
-0.3947523599438798	0.8503212234101345	0.3480292966648506
0.9131139100666419	0.40511096030949945	0.045914018337800844
-0.10194881834306323	0.3359150589887384	-0.9363586447419849
-0.9656668896032077	0.17026578880590584	0.19620657350448062
0.2497628562863062	0.4007538884506594	0.8814844505216087
0.07145609801670144	0.9002254617894226	-0.429520830696543
0.5896632366361961	-0.7376912617339162	0.3287991327864905
0.8043255498199513	0.4994751406715574	-0.3218462268816604
0.07319615609141389	0.4542424311010045	0.8878660577592155
-0.6477255350513724	-0.18384850576620398	0.7393587479498346
0.3638079741755485	0.7780195716296483	0.5121809290548623
-0.669399274849246	0.6007372745957692	-0.4370575908762493
-0.797213015129677	0.43415193881299174	0.4194800383007153
0.46811877273894487	0.005800510916934454	0.8836465179484875
0.38120365045108556	0.9008209856003705	-0.20785891557675296
-0.9726596735229946	-0.1428010210103019	0.18314209756513436
0.19689872737365727	-0.08892571267903349	0.9763826651386026
-0.12314239993103951	0.9857484902463415	0.11461179396677545
-0.5800207722694515	0.5158761808306853	0.6304345087219566
0.685976745508402	0.7267091619412619	0.03646503218604924
-0.43933109195417713	0.4536138886786589	-0.7753854729359941
0.9303834470559321	-0.3585669285375034	0.07626532110666373
0.36637661021972023	0.9024410737117281	-0.22664573228263188
0.012442705824249264	0.23880926748600892	0.9709867727392413
0.9980854978749316	0.0020101913141828513	0.06181664874959
0.056156014228132406	0.3894067703544055	-0.9193524184273194
-0.025919895789906135	0.9210636928752711	0.38854836593300546
-0.8521568376744426	0.40477234986767535	0.33164449156784426
0.5132863831317533	0.5232541954636121	0.6802515239389405
0.10181263623056112	0.749909589025456	-0.653658775961476
-0.3384464017986448	0.43156575895992044	0.8361848054125944
0.7926682020714069	-0.34810935506279206	0.5004967515805178
0.5070810137783055	0.8322084309901666	-0.22427209557689354
0.4366009672214477	0.2891197899784072	0.8519327100564562
0.34990385914217575	0.817827285745389	-0.4568652099336764
-0.8288225894476504	0.4975623355250792	0.25590005370870816
0.16639963468414898	0.4033121206370318	0.8998058095635091
0.955624822033537	-0.29092127766555853	-0.046325044142551786
0.2430892039773716	0.8675852370509188	-0.4338242678331268
0.045197355831990915	-0.5942214736123942	0.8030305344902591
0.9978652733739163	0.06478639291190447	-0.008223106947130021
-0.047139104999946724	0.8016879465174583	0.5958811468643934
-0.9966272576679049	0.029583055982264853	0.07654379185865581
0.07624959415857914	-0.010949797711876652	0.9970286361588221
0.03033329299635987	0.9995023485359196	0.008657170852987672
-0.5851103772701018	-0.1293711898304981	0.8005678869731664
0.33209415766089107	0.86239682508756	0.38208007868298965
-0.7398373583824641	0.4894229370603074	-0.4616339153711737
-0.8257697553384542	-0.0015916678630246706	0.5640051221058934
0.5559288858494996	-0.17094260647423076	0.8134627829040063
0.09511774306828316	0.9852797023613195	0.14204408846687677
-0.9353270848727104	-0.020198550528435222	0.3532071104324886
0.254684624865577	0.6545168221743497	0.7118591653886821
-0.24555851881089005	0.7557775784232692	-0.6070430510203217
-0.5811730401495121	0.17160436004570298	0.7954808866444735
0.5293315474341794	-0.6627444694932929	0.5296960270258689
0.6180987059477717	0.7289181790635749	0.294333616728249
0.2972778789043742	-0.10879082176164051	0.9485728331628223
0.7330637572228438	-0.6105415527373572	-0.2997608050219117
0.6117543547539681	0.7844766213734377	-0.1017498892287958
-0.2387246761792492	0.2292245276695588	0.9436454020964549
0.8189581530149632	0.5697153354879703	0.0687893895898875
-0.521841041499643	0.7892278203563892	-0.32373040478470716
0.9495933755103774	0.12888695280332318	0.2857631442014195
0.21859857756401008	0.38113178761189326	-0.8983057510440161
-0.22469330892084613	0.9154926072169215	0.33374571616331583
0.9992749307693617	-0.012777142931853856	0.035865824323251146
0.014325911139249265	0.998961009113647	-0.043262807822359084
-0.03527578497946814	0.043745249903766895	0.9984197374375866
0.8905740356120554	0.24586599369523732	0.3826588562125682
0.4036730714204849	-0.8149185489609814	-0.4158795618556892
0.20958515811862605	0.5248406155239717	-0.8249947816761076
0.8571602066757414	-0.5145709293193923	0.022206728506854408
0.5148582205494407	0.8572205716600506	-0.009690420810233562
-0.014049655663527415	0.019739559827738305	0.9997064353866806
