-0.1557367004702397	-0.7044799359076123	0.6924262415811877
0.8560177922155053	0.25355039564744697	0.45049499029125195
-0.49292962939666646	0.6628877859567407	0.5635602573746976
0.7842258139677993	0.21645863080043928	0.5814942251291424
0.25783769791385114	0.7387397061113443	-0.6227225450784727
-0.5643665424535975	0.6382862271477615	0.5235275522763323
0.9512362308020845	-0.06636414275506797	0.30123982765535556
0.17170981820481568	0.9252076519403377	-0.33838814861504235
-0.25625255421461174	0.3736129030794196	0.891486414428765
-0.6108937401444576	0.3457398262849988	0.7122308690114008
0.7370869980153588	-0.07999690914202962	0.6710463857919426
0.2889837289693362	0.9349141495603439	-0.20597071962499092
0.580621453044437	-0.5396067521871312	0.6096747339841324
0.6985481691985588	0.7148204388164847	-0.0325913417881154
-0.4182214527901555	0.4448104014569175	0.7919813906789903
0.22801794376905204	0.8096154866435635	0.5408609628233851
0.9492801323633387	-0.06133254294684454	-0.3083918764752335
-0.21650646091878092	0.5837474479281081	-0.7825368166532773
0.9470582339303745	0.11506645114070255	0.29973390426604124
0.20013516753369667	-0.9415744920079254	-0.27089368895616084
0.2510510232222511	0.3165393937915191	-0.9147547189914678
-0.9960129627017213	-0.07023488497887803	0.05500217324927953
0.08438911935799284	-0.5418943461357129	0.8361991354696147
-0.02892498339018412	0.8375067632909913	0.5456608532575205
-0.9867448750546846	0.053496568759770075	0.1532079263101145
0.062113735455879227	0.9967125551060284	0.052018903888195064
-0.14992143082638767	0.06084570342220899	-0.9868238773732749
-0.8842685038882592	0.23185407343884487	0.4053552783189516
0.4654426289545195	0.36724246306423836	0.8052925756980609
0.037846693159713035	0.9007644875062106	-0.43265571285324356
0.8878638838724977	-0.03176308849203752	0.45900852925004665
0.4555603245936475	0.20057607786540887	-0.8673142611788762
-0.06451755087551339	0.9791630830446869	0.19255425840902385
0.20491616522613987	-0.36067758980604747	0.9099016658082971
0.671275510692587	0.728336772666795	0.13753084863303927
-0.7123191377279007	0.5826124112933211	0.39136201174048835
-0.4575148447145547	0.7917163331411741	0.40480293317033955
0.8538202158719004	0.26400680893494666	0.44865515020385976
0.24833687973049468	0.550895319160982	-0.7967704446653638
-0.8366570072000921	-0.5071048649108905	0.2070017108303509
0.5336556273192394	-0.8398208849130213	0.09956180339075002
0.12335608510930378	0.19376670830567563	0.9732613929561212
-0.0016436030921120892	0.5006983174868289	0.8656202940289319
0.5777174399343923	0.7070270728752779	-0.40786674026827496
-0.8162351733198758	0.49941356918617585	-0.2904242220411333
0.7297417243179015	-0.6742374876403963	0.11349372691872633
0.6814738414311727	0.7037980034651725	-0.2006533671869919
0.055411363767522204	0.22376814022287345	0.9730659793593751
-0.19725881272206602	0.9249316024973201	0.32494690567109596
0.9634102514440036	0.244245504811751	-0.11038487573872846
-0.1814652810211429	0.2912827905678471	-0.9392681660223159
0.09519138872472288	0.8689184377487406	0.4857152952635387
0.923829938769844	-0.2588517006609381	0.2820178031569037
0.3707786991524254	0.42187266515529054	-0.8273733200010787
0.9295719769919779	-0.007724108336782266	0.3685597342923223
0.04010922934683103	-0.9917259054462406	-0.12194662024031878
0.36645216510812	0.12814080777502096	-0.9215708025270415
0.8135174423963412	-0.13933486927933547	0.5646017756966639
0.5682651880165622	-0.015794866285632647	-0.8226938666888917
0.12354775192376749	0.9901193445246532	0.0663297564646047
0.20360482525564827	-0.6769925357650429	0.70726669768273
0.9779891425133033	0.1069649699115246	-0.17915281839234515
0.0456323597758313	0.728175529477779	0.6838699335480727
-0.49125796437948654	-0.37093546531996	0.788081526874972
0.8416907017431968	0.030625788394739173	0.5390907378950647
-0.22410349179066225	0.9281535119004103	0.2971677696422803
-0.2747587683889343	-0.1700348548318813	0.9463592168599072
0.8750587675631556	-0.4521097937964762	0.17282617760096003
0.39847179637239927	0.8756054376804705	0.2730116206320612
0.1588499753405055	0.633411507243826	0.7573351621477941
0.7551025857179687	-0.5721324629201745	0.3201320507461466
0.6360713563558406	0.5210127708262055	-0.5691738945697014
-0.19082388194978162	-0.43700161295015505	0.878985686093112
0.91679231303521	-0.39936402318093944	0.00048140241355382196
0.3508248862854022	0.8059391833554794	0.47684791275115956
0.9423203423024932	0.0064201213786906075	0.3346507948958061
0.17941772005346768	0.8343514634766165	-0.5212167659671395
-0.28256265537704645	0.5511954439542396	0.7850744731236402
-0.07613308151170806	0.022659133079955818	0.9968401665199875
0.8486786351487056	0.5262612782014688	0.05285490807755322
-0.5234007337993156	0.8500209590085536	-0.059296214925717905
0.9219979818845832	0.08981066041647853	0.3766347921744775
0.1229453024734419	0.8544809015492159	-0.504724520394396
-0.3671568792770602	0.5116604676572103	0.7767878679770528
-0.9592270115503205	-0.24669851149625563	0.13792528679605318
0.2585999231229036	-0.962986532979538	0.07604615086168277
0.11405972151934284	0.10861299059312056	0.9875189103006325
0.20312215964188252	-0.14008006941979867	0.9690815045256833
0.249903825364992	-0.9495195768694691	-0.18963293809243031
0.9467256552615235	0.28069582699599993	-0.1578619218705717
-0.3338092507395438	-0.24231392536172736	0.9109639650921958
0.8484820643896792	-0.4982561057029269	0.178378921228888
0.41066966107777236	0.8324811197291773	0.3719215169423822
0.6324795856058149	0.18588184758960982	0.7519424928334412
0.4978281066916589	-0.8412742068306869	-0.2107721165363135
0.5934111137986001	0.5076471684724264	-0.6246259699710164
-0.3315192016838866	0.09503863536651086	0.9386493896565158
0.8092271026366995	0.5401245808054504	0.23112103661923328
-0.48502218018673204	0.8362015875358093	-0.2559695093746541
0.7574496311245503	-0.28249832465168395	0.5886125660213808
0.49327994638983713	-0.34299985207266004	-0.7993910156911777
0.4277206457478082	0.8958492049709734	-0.12045435298881024
-0.9928415060946678	0.05663055885450799	0.10516046585812866
0.08548057097646586	-0.278027961115072	0.9567620000939282
0.0834195166685226	0.958902201813106	0.27119688714431756
0.739126221317635	0.25585484093421684	0.6230816393790152
0.6094004324140745	-0.6480562149052225	-0.4567868817033335
0.28692079383386215	0.7173293822876926	-0.6349133920248522
-0.5036244937747458	-0.39261258451701797	0.7695568385434557
0.8537302763578608	-0.08974780961136042	0.512922943432923
-0.13231396184855748	0.9153145301746446	0.38038444546420147
0.3791161284125022	-0.4461717896103006	0.8106797736057418
0.8727167309042818	-0.11885129359769131	-0.4735397318176153
0.30763040938317293	0.8870203516076152	0.34432314336483993
0.7277486394858956	0.5750414522041244	0.37377700032693256
0.6638761570716972	-0.7274606783778337	-0.17340533292196605
0.172192815756475	0.3743371336923901	-0.9111648284151572
0.6106415932996354	0.7437880971995415	0.27183839132243254
0.7873779853649593	-0.5335961694959284	-0.30872485494674695
-0.08457394808746015	0.4025598022201887	-0.9114783886309874
0.4717887634332316	0.809475112792026	0.34952167954002356
0.8436198425396436	-0.29916540493617805	-0.4458762404106764
-0.25636092520415255	0.5052228243653578	-0.8240321436502107
0.6419125217935574	-0.028912898544995735	0.7662325747854645
0.6993395160752294	-0.3877123015703896	-0.6005026331887771
0.31444006681766823	0.9213268776654231	-0.22865744875464356
-0.1694443271058057	-0.3458290816446909	0.922870991146894
0.5716503344410246	0.7283029901956117	0.3778765004675407
-0.80281038554887	0.5915885400858609	0.07428650007877835
0.8930763241361996	0.31919044335083513	0.317068037084899
0.4417929715654202	-0.48895280225567794	-0.7521596422580216
-0.08505086444457477	0.8118143987635452	-0.5776882657778444
-0.23351220382965376	0.6294249110640758	0.7411452839994318
0.7969206989653729	0.5606104185547369	-0.2250185729410446
-0.5571260631339731	0.5380894348896501	-0.6325111143979822
0.11666755356444047	-0.05717905527806766	0.9915236949174722
0.878509939361705	-0.4597293827313096	-0.12988141166534545
0.46325907264508276	0.8862163676501338	-0.0034031339998574772
0.04298308195757283	-0.6988769189042767	0.7139492327107677
0.970158031813906	0.19988478643440533	0.1372569322804511
-0.238633291835814	0.686743856452271	0.6866127202817218
0.13628437684356465	-0.5118411715367204	0.8482011458069829
0.9870605409777105	-0.0028617923237255205	-0.1603224831066597
0.08448702310503436	0.8590753315423587	0.5048282060882058
-0.3816942770983962	0.33390576588471904	0.8618679819666537
0.5360560839594206	0.8395962664432524	-0.0878748213349071
-0.7529630493459978	0.42846825889847473	-0.4994613072462031
-0.11151060018750214	0.9576637425510099	0.2654157912578236
0.9937495622304577	0.10605687603302993	0.03483886641222138
0.005214749523922979	0.2676417292749917	-0.9635043908245025
0.468736812364845	-0.1527358361209803	0.8700330827609196
0.23684004937856618	0.9706057993644847	0.04279221016012352
-0.8509950597649804	0.1860003940975795	0.4911326314257104
-0.8116450251341134	0.3600757394091713	0.4599758853070269
0.3892454960332867	-0.253764849581958	0.885489325138619
0.43556893483448195	0.8977465471978073	0.06580911792122723
-0.705972482669948	0.13449175519990522	0.6953523002738102
0.32449291515568124	-0.811269102918829	0.4863607618456146
0.6295293493766578	0.568994209489453	0.5290920409918055
0.06507987399268811	-0.3112934884969809	0.9480827885899396
0.6713827151990599	-0.6892377499822007	-0.27239048025107593
0.7382478308353057	0.6542535349685576	0.16414156161104465
-0.8988004118410788	-0.4207013600980443	0.12315918677046761
0.4383309941597901	-0.8594199761187091	0.2631791105065287
-0.004874344386415236	0.2905299816882471	0.9568534738960973
0.48334929500947366	0.5460870773271654	0.684223912904335
0.8704763440348126	-0.21679646228623728	-0.4418939108156599
-0.09297523051668827	0.8091898404678881	-0.5801442998030075
-0.5966850568610229	0.17722464236814628	0.7826610818587062
0.44413907870909053	-0.7393768031462218	0.5060261077580025
0.6683617446280107	0.6495485887189317	0.3624627004410882
-0.34223795305398474	-0.8951094163881389	0.2857486941049847
0.9384838831571926	-0.3405427646943191	0.05725929154771876
0.04605631925822591	0.2877668467833554	0.9565924196588373
0.6465794121720354	-0.36111203745137205	0.6719621716755965
0.5401702204808132	-0.4052582235697755	-0.7375512898333098
0.5386568449959349	0.839859433855921	-0.06696965508524522
0.7597241607232778	0.5063754337849615	0.40792538493259195
0.5760938966328013	-0.8150960259643127	-0.06110884321945234
0.3015543431551709	0.2814291891689211	-0.9109679410429201
-0.6914318160680619	0.3672405012231318	0.6221386163791836
0.6264436599512196	-0.12417081280801057	0.7695128005131031
0.3598477242331021	0.9218004249879586	-0.144199833066049
-0.8967733325098965	0.10245483310389406	0.4304655587532496
0.18725395403726794	-0.7935532753328096	0.5789725001293053
0.4009158849391015	0.5998134763259517	0.692452342635415
0.5721111614725716	-0.15159979266776827	0.806043622753505
0.37320709467310553	-0.8270120584587122	-0.4204372957404503
0.7303460025249435	0.5413580682200764	-0.41656471114205296
-0.4425519583859401	-0.4145916568333222	0.7951487421941693
0.46838700097051	-0.8630088896996659	-0.18928622142459509
0.7646969213032181	0.2886683466948709	0.576115617012618
0.7955107273516568	0.13080468560954478	0.5916526150462161
0.17923637318034952	0.8819303324805454	-0.4359738652487201
-0.5788238118785304	0.45286755555387587	0.6781400828214366
-0.6304499535169941	-0.03194549510166736	0.7755722670732424
0.5208376364707974	-0.7582532059348279	0.3921482272369323
0.5755527886701038	0.6511770581280214	0.49467911460036607
-0.5902482995088278	0.3715742895601651	0.7166166982877219
0.521431613193617	0.8531954117485316	-0.012909768919536824
-0.6162110171761289	0.36604663187784175	-0.697347722159934
0.5766562583350803	0.052299213636718744	0.815311199466784
0.5031366872313683	-0.8089855388352309	-0.30396689279807354
0.6436777405540987	0.5854973870210286	-0.49282022696589745
0.9240810559710071	0.3505218033262686	0.1523439115567442
0.3676964622051301	-0.9240961082347161	-0.10414266381883824
0.10427614145786057	0.1522525800712517	-0.9828253345250659
0.6886341651113588	0.3012624232575273	0.6595634457536168
0.7248071379431115	-0.2597476024119014	-0.6381111155809651
-0.020918877314451356	0.9174814087349514	-0.39722822809769154
0.22333418742194566	-0.17286218953018934	0.9592916679297325
0.7916437456268834	0.606357353404105	-0.07503958943522687
-0.5687020491772623	0.7761761548795467	0.27226559800677064
-0.29995657299132583	-0.26578879419848406	0.9161781328965537
0.28869058245800744	0.8900767194947015	0.35273386712025107
-0.909221536216205	0.3702968407805641	-0.19025364067102046
-0.17016834720476703	0.00020331957582825355	0.9854149848011994
0.08266444366549373	-0.9964722273135229	0.014480674925619705
0.9819416089376559	0.08392293401673433	0.16955122465777284
0.5608589126604469	-0.3208340651709534	0.7632186991388652
0.8257609484054864	0.15038038628920636	-0.5436033439080198
0.05963334786688573	0.9351209772245458	0.34927442187597646
0.18820385199472178	0.35883007571514713	0.9142320749441089
0.8874450914147191	0.3366444026558867	-0.3148201961189626
-0.4207380655684363	0.8705811409183656	-0.2550842160130795
-0.4677844563921818	-0.1724741521659195	0.8668508344533784
0.6212910950783921	-0.7617399249437873	0.18371081057718355
0.6286295232759621	0.6245037658663724	0.46348675157393204
0.1803174320271932	0.46689318046928774	0.8657345908177585
0.8036490462388219	0.4375503559153324	-0.4033582731490676
-0.5671277053596928	0.7684793062078114	-0.2963203026183161
0.251387044948968	0.35622756606577877	0.8999480400593562
0.5324317719419108	0.725586415625765	-0.43593664870729976
-0.8082827239639745	0.5887497555279373	-0.007263849335681805
0.2811143386550613	0.2466531497158137	0.9274356863620226
0.7703273241259092	-0.6343488301314597	-0.06478715471345076
0.5723377868947181	0.7326416487247478	-0.368328212666827
0.9499210821221038	0.24261759383060258	0.19694324284884748
0.2989489777251825	-0.8890758106681005	-0.3466608019403529
0.09099146364928815	0.3881763852280416	-0.9170821378122307
0.7473700248609814	-0.026377124902939253	0.6638842468541869
0.571250827159193	-0.48473605752766313	-0.6623469234490912
0.33927944000371457	0.8742626617981538	-0.34720924494657823
0.609630620732943	0.0225733423058746	0.7923641526986871
0.3423510254083159	-0.9090594716609117	-0.23750084712577102
0.7149449500952092	0.4160544690310706	-0.561918496877112
-0.7440172358079309	-0.20378000337762067	0.6363270095195884
0.5272984359693146	0.4058250803430038	0.7465000760809801
-0.4103592477878865	0.8909431600208912	-0.19448797743549218
-0.7664410737755418	-0.39328773152843244	0.5078315081392788
0.43600780164552577	-0.8991282081164877	-0.0382839688834655
0.47166224921444644	0.19207609325070613	0.860605308528547
0.034906402374140555	-0.9201848106335822	0.38992493810031303
0.9795633809040665	-0.04582967994759324	-0.1958448958428474
0.19808363351142663	0.3887924314015636	0.8997795949118713
-0.6311069164817229	-0.5610767858662664	0.5356275761486813
0.6331830872221142	0.026256663567891025	0.773556569149377
-0.4480884265686895	0.8273472233471643	0.3386935694620339
0.9928198305220375	0.007421117812680553	0.11938890707516778
0.11929593426932057	-0.13476907569290297	-0.9836695462927023
0.00879000506272204	0.9908492434509355	-0.1346867200718258
-0.4703955751001263	0.8562082004247354	0.2136247187280944
0.8818665125969255	0.4472551658066679	0.14924567202899613
0.03224060927399043	0.2585929894345282	-0.9654481907015806
0.1054309668032658	0.04355230514904873	0.9934724495199316
0.9840350217506881	0.13948147238431297	-0.11054408545746486
-0.1433854497745563	0.9892664532762185	-0.028151327060015774
0.3534006789131252	0.31148250855582177	0.8820921760266976
0.8504676383325367	0.28576253329882406	-0.4416385068262459
-0.38963156480554784	0.906266197883608	-0.16391712015762483
0.40292551275601396	0.24122479268845431	0.8828712423466489
0.44303663493356016	0.7926822332486251	-0.41877609434961743
-0.8008555245966968	0.5598798768346516	0.21252047486904613
-0.4396976532831165	-0.20074441932402987	0.8754242696016479
0.8886498127724686	-0.23859995876886986	0.39162682484088124
0.1302592950878248	0.950143009123233	0.2833033325915373
-0.7757780731789119	-0.6153033387758275	0.13989346827544635
0.6218342061358952	-0.7831395057890882	0.0038385611578963044
0.1071942221118058	0.08996841536751146	0.9901591200317774
-0.596737507905079	-0.7483220563872943	0.28968680774851885
0.7634106188464955	-0.6406439507647017	-0.08233805548472461
0.2472014839996859	0.17201577913925786	0.9535732787968982
0.035652175448673606	-0.7321441658786598	0.6802160265354079
0.851243171542654	-0.3343385637988543	-0.4044784143300152
0.5235589606603833	0.5934497831550377	0.6113128246531868
0.9913506849086208	-0.0729154082059285	0.10911994674380758
0.12298076267497583	0.22583041079461785	-0.9663727839566961
0.04582086362226116	0.9714339755261275	0.23284432492636187
-0.7593396380854216	0.01955788078335831	0.6504004945658985
0.12085995681822555	0.9863942094989229	0.11144206703436368
-0.6393717110337289	0.16322975453715202	-0.7513719866774005
0.7286143960588851	0.4029460408836454	0.5538551705924046
0.5680115348165715	-0.8073439016152169	-0.1598709505821558
0.38273222776644883	0.4310804016200631	-0.8171203884177756
0.07684326903142102	0.8783991776309711	0.47170965300892276
0.9187461087016863	0.12139511100969236	-0.3757243867097977
-0.3872992379931488	0.4622532982685771	-0.797697429160799
-0.3936127590995837	0.8503206186060156	0.34931911119704856
0.9134334986860745	0.4045483310684045	0.04449596956900287
-0.10348062307567542	0.3365939592494963	-0.9359467224391667
-0.9659450972106822	0.16942008205266	0.19556815940207642
0.2489185114565132	0.40210876779757165	0.8811061874227148
0.07063741097265472	0.8997807369896227	-0.43058678743488144
0.5895339392635055	-0.7377772261731498	0.328838104538854
0.804306251197776	0.49865959453061004	-0.3231564065073561
0.07443916133752077	0.4549982124391484	0.8873755901175928
-0.6479249391957318	-0.184548194445304	0.7390096326132602
0.3639292695256746	0.7773011280140615	0.5131846092495141
-0.6691403140976611	0.6014523425135577	-0.436470296508523
-0.7973700173521971	0.43372342075537945	0.4196248916782814
0.46836152153785354	0.006254308688749988	0.8835147812943329
0.38057658962487967	0.9010243492331815	-0.20812635949926683
-0.9726369629950611	-0.14267633155525458	0.1833597628425564
0.19704460480851607	-0.08846049897196395	0.9763954956048735
-0.12308843134754449	0.9858084015342767	0.11415355243195313
-0.5807765394868758	0.5151510882991868	0.6303316328773392
0.6850204754590787	0.7276082099586738	0.036513572853835996
-0.43982446428486344	0.4529963013368851	-0.7754668217220095
0.9303409792229018	-0.3588899160122193	0.0752574950640427
0.366464824124347	0.9026841842256917	-0.22553225097158222
0.013007500070483506	0.23740111990793036	0.971324617832976
0.9980979505534139	0.0030001947449996118	0.061574994377319725
0.05553513804084696	0.38987547206388906	-0.9191914733752397
-0.02676433342825769	0.9208627015546084	0.3889672934086995
-0.8520015598537736	0.40457674933070026	0.3322815010013948
0.5136569884401445	0.5232410904896492	0.6799818081756333
0.10124149462220235	0.7500242763565765	-0.6536158999308812
-0.3383144217807983	0.4300158399470957	0.837036277236368
0.7919189836644347	-0.35039352394347256	0.5000886938237695
0.5083381505720506	0.8320521352493898	-0.22199452448183976
0.43606445958463935	0.28779157347092343	0.852656904813587
0.35187480345361966	0.8175261418711086	-0.45588938356998016
-0.8282704327583068	0.4988256384714704	0.2552274919006511
0.16759446397029265	0.4027542312496553	0.899833942934478
0.9552279828584755	-0.29208514909324457	-0.047178029243547415
0.24382698048132057	0.8674533387391371	-0.4336739659002895
0.04560595259999811	-0.5939326803284377	0.8032210581933995
0.9978627368319049	0.06475281595026827	-0.008776745914704343
-0.04679802912289488	0.8019046352680526	0.5956164037413881
-0.9967124995564753	0.028350912911701158	0.07589742396785723
0.07566143683617899	-0.009307362424275656	0.997090126307842
0.02897482016800849	0.9995547002249434	0.0071316936596609315
-0.5865466066334357	-0.12902190057342441	0.7995726529961011
0.33171948484415326	0.8623574321932022	0.3824942385394534
-0.7388675535043692	0.4895845262194958	-0.4630137471662159
-0.8253745232574081	-0.0022125340432134766	0.5645812616893287
0.5565770847070164	-0.17102155393083418	0.8130028147984001
0.09475676828936996	0.9852648033824158	0.14238827928998998
-0.9357460123026362	-0.020880918745938143	0.35205594398055473
0.2534413309632476	0.6543622880787121	0.7124447260664999
-0.2452486334707934	0.7558928384187258	-0.6070248138321777
-0.5814764809809705	0.1720581640683741	0.7951610467341867
0.5292803681686136	-0.6622638461982413	0.5303478951499755
0.6178570983142333	0.729247959336283	0.2940238423437511
0.29700710551575593	-0.10889778347890527	0.9486453773811023
0.733922434885206	-0.6095151340910929	-0.299748496053087
0.6108556612206546	0.7852595584055622	-0.10110779934000313
-0.237885626270969	0.22963992154728985	0.9437562901752884
0.8195613139781165	0.5689246484769817	0.06814687803418368
-0.5212769719104536	0.7896773080107451	-0.32354299214906623
0.9496943989097224	0.12976976413041622	0.2850269408267175
0.2174618169793124	0.3816833642251283	-0.8983474648652625
-0.2253683802922606	0.9151380320975215	0.3342625844648468
0.9991974883638483	-0.013514930427087958	0.037705780762746874
0.015258302585419421	0.998809266498526	-0.0463382494154479
-0.03703462500943061	0.04687638864319058	0.9982139253377421
0.8903862073833538	0.24369546059873826	0.3844800699451872
0.4032577170999545	-0.8141083566026073	-0.4178645681427597
0.21117673948808918	0.5271054033050419	-0.8231429271431596
0.8565799271067676	-0.5154990556648701	0.023055413385840495
0.5158079248803237	0.856645883920064	-0.010000709648148559
-0.01459496859945667	0.020458572077235466	0.999684166984824
