-0.15588835290277725	-0.7044242551366335	0.6924487635951544
0.8559965793037976	0.2534824492840704	0.4505735279897676
-0.492918530438303	0.6629729381205145	0.5634697912669284
0.7842931219560462	0.21643187125010718	0.5814134019435874
0.25787709639308126	0.7386422506292761	-0.6228218274444074
-0.5642549973268397	0.6384080753659799	0.5234992142297765
0.951253519842288	-0.0661419208729177	0.30123410711753484
0.17154603839677876	0.9251684382140353	-0.33857837740023167
-0.2562980641714421	0.373749390950465	0.8914161177957957
-0.6109220207320494	0.34525323495778715	0.7124426210831671
0.7371375046802718	-0.08020558239933928	0.6709659929875178
0.28879505497569125	0.9350760762115382	-0.20549975162618006
0.5804524555936998	-0.5396872077803221	0.6097644336573947
0.698730670095493	0.7146401968589748	-0.032631881669143575
-0.41815116580388384	0.4450023671753277	0.791910661467067
0.22802261440563154	0.8095147675334735	0.541009730471502
0.9492934486598372	-0.06131821969725615	-0.30835373236702096
-0.21644314646376303	0.5838886170138837	-0.7824490061789846
0.9470544200132743	0.1150151532533337	0.2997656418861786
0.20011773111042944	-0.9415544585055542	-0.27097618966161274
0.25107930864277594	0.31661761825650925	-0.9147198831232657
-0.996013351870721	-0.0702756561892278	0.054943016320769256
0.08436498348870318	-0.5419875982631108	0.8361411321600771
-0.028981933272328647	0.8374429983444593	0.545755688992465
-0.9867505696439531	0.053320558697671064	0.15323260530155663
0.061922126894882495	0.9967297463745592	0.05191784753744018
-0.14996320718145667	0.06071845446217343	-0.9868253674179526
-0.8841829958579979	0.23204103327526818	0.4054348143809583
0.46559329318661347	0.36715804798802965	0.8052439711896414
0.03799098807902285	0.900750757243182	-0.4326716516604874
0.8878221114709808	-0.03167881663699065	0.45909514368994275
0.45562192363506293	0.2006794596042184	-0.8672579876807383
-0.0646572585739151	0.9791446303123144	0.19260122492930076
0.20504823802529504	-0.36055451761141505	0.9099206888035473
0.6711094501493517	0.7285074822021762	0.13743709213920613
-0.7124375944621092	0.5824751395600036	0.39135071967686175
-0.45769312927212935	0.7916000988905182	0.4048287080403369
0.8536918232929854	0.2640315604072434	0.448884847095126
0.24844973386941827	0.5510504682381081	-0.7966279628501485
-0.8365939818535382	-0.5073330143870951	0.2066971747251182
0.5338165753461837	-0.8397253619659455	0.09950467505014257
0.12308685312459092	0.19358339025873553	0.9733319565306686
-0.0015874235476596166	0.5005631312393899	0.865698580182674
0.5775010012161288	0.7072069750910286	-0.40786135876908725
-0.8163884330885938	0.49929434808178486	-0.2901983464679567
0.7296269138955043	-0.6743882811156787	0.11333584081464576
0.6815672010524092	0.7036224697380359	-0.20095166217110927
0.05577380181507499	0.22386573291503792	0.9730228243250544
-0.1970235174328101	0.9249894286269912	0.32492505367656027
0.9634232946661382	0.24407653156874676	-0.11064448486939553
-0.1816515589612337	0.29124080013913384	-0.9392451796316394
0.09494651986050529	0.8689043313908135	0.4857884531940439
0.9238570126026707	-0.2586672736202871	0.2820983194255432
0.3707740263708436	0.42201481543676933	-0.8273029172682893
0.9296649033665314	-0.007950145124458255	0.3683204618820382
0.039911782416715155	-0.9917093528183372	-0.12214585198423872
0.36623792413241246	0.12825503781580988	-0.9216400751931562
0.8135225638015804	-0.13937540823313008	0.5645843902956864
0.5682522924729478	-0.015779329582364277	-0.8227030721087472
0.12357333970134068	0.9901138865493098	0.06636355458591403
0.2034675369867337	-0.6771248419061973	0.7071795457067884
0.9780190737684689	0.10692133048984087	-0.17901541953515804
0.045603209729344396	0.7280589107756252	0.6839960304728323
-0.4910846550941619	-0.37113139491046654	0.788097296812303
0.841689644158586	0.03098668712920305	0.5390717652937775
-0.22448698057402078	0.9280632052465867	0.2971603651569148
-0.2745388844854868	-0.17003723149167838	0.9464226015961948
0.8751648548512633	-0.45196528434994976	0.17266690063714052
0.3983903584910554	0.8756795770423759	0.2728926540093265
0.15875153823466426	0.6333717795228524	0.7573890268628026
0.7551630367487567	-0.5720656451091952	0.3201088652539884
0.6360241638778544	0.5211344227642762	-0.5691152575477314
-0.1905132105981009	-0.4370693074131732	0.8790194179339685
0.9168427349860312	-0.3992484956601072	0.00019497814077978903
0.3508619613052088	0.8059597131560052	0.47678593192181307
0.9422847741016263	0.00665150695504077	0.3347464143967403
0.1792652890051341	0.8343963531597555	-0.5211973541678875
-0.28277793523214095	0.5511247438547172	0.7850465948317459
-0.07609451596076733	0.022624114784529248	0.9968439065725954
0.8487500081655714	0.526146813384962	0.05284840966190352
-0.5232905963990171	0.8500927479958093	-0.05923910469693694
0.9219994300885295	0.08966187579877044	0.37666669476431386
0.12308972590461695	0.8544762821165423	-0.5046971395569996
-0.36710484918229175	0.511694275254802	0.7767901894194531
-0.9592148822073996	-0.24654480681963745	0.13828401202638385
0.258499760623751	-0.9630035180666834	0.07617150352103526
0.1143883014530282	0.10881122378440246	0.9874590796935495
0.20303914594408679	-0.13990433177762343	0.9691242867476556
0.25000595847108864	-0.9495284783873699	-0.18945366045636905
0.9467164971327201	0.28075335560099995	-0.15781453474103735
-0.3338223438882204	-0.24231019850706392	0.910960158525301
0.8485585034933099	-0.4980951829971634	0.17846471590826118
0.4105010461255473	0.832578498626099	0.37188968089386654
0.632416655049391	0.18588679388943896	0.7519941982978623
0.4979398242072832	-0.8411951016341992	-0.2108239371016707
0.5933844503225202	0.5077764280115162	-0.6245462298911957
-0.3315991520018797	0.09509515689000181	0.9386154236574746
0.8091746410767315	0.5401949998228733	0.23114013585854953
-0.4850550511333507	0.8361496715914155	-0.2560767933015231
0.757357391736381	-0.2826815374727323	0.5886432956845075
0.49321858366808313	-0.3431417965459993	-0.7993679604460231
0.4279546820712635	0.895737046144256	-0.12045718848639697
-0.9928707829812029	0.061096850794372715	0.10234638794458517
0.08186809802809969	-0.27452328833464046	0.9580890244059772
0.08663268913957844	0.9596375039487286	0.26756426926534704
0.7390356342256283	0.2559592722873928	0.6231461965500805
0.6094356013288793	-0.6482107663029923	-0.4565205913009783
0.2870793952509142	0.7171524617394798	-0.6350415478087821
-0.5036864879268155	-0.3926039070020256	0.7695206911361736
0.8536796711016725	-0.0896778485385874	0.5130193979073597
-0.13240445999923722	0.9153251092853482	0.38032749477795524
0.37907138700938103	-0.4460678448003515	0.8107578931999082
0.8727067540947622	-0.11901611197950945	-0.4735167224572596
0.30771383606878744	0.8870505300852092	0.3441708182972243
0.7277974061762168	0.5749196969442114	0.37386933229237596
0.6638220577659082	-0.7274725975393213	-0.17356236761702742
0.17219527051172512	0.37450095045936665	-0.9110970458290517
0.610574557165295	0.7437973839065051	0.2719635303422919
0.7874562817010957	-0.5336172463857749	-0.3084886363695535
-0.08432861051795101	0.4025147029035102	-0.9115210361777777
0.47183438555296475	0.8094307258722889	0.3495628879382296
0.843639372043299	-0.2992620013403575	-0.44577445473260496
-0.2562126510308265	0.5052367312138166	-0.8240697318092276
0.6418624803386417	-0.028947061632787374	0.7662732045141305
0.6993497220176333	-0.38777051642221894	-0.6004531562973956
0.31451951075789547	0.9213013047947307	-0.22865122596684428
-0.16952813275628165	-0.34576681166276085	0.922878932556561
0.5717329959254727	0.7282422753885964	0.3778684555595019
-0.8027338248599296	0.5916996706855672	0.07422874198273433
0.8930863984680796	0.3192269731505389	0.3170028777226789
0.4417551769856844	-0.4889069350920787	-0.7522116540078441
-0.08514134411472057	0.811827659316936	-0.5776563018701724
-0.23353054960896724	0.6294545540166548	0.741114327770708
0.7969063304403546	0.5606206745554576	-0.2250439063051301
-0.5571389260349904	0.5380440722549391	-0.6325383730714684
0.11665233065550873	-0.057043227058119816	0.9915333095763519
0.8784861305388664	-0.45979652633128887	-0.129804748851998
0.4633080532469598	0.8861902869138638	-0.0035246526121142097
0.042750429624184516	-0.6990466175973584	0.7137970490220875
0.9701643903626151	0.1997050187110142	0.13747349262301073
-0.23864923305823382	0.6866234280355763	0.6867276109443909
0.13612629852980762	-0.511869027757029	0.8482097200997212
0.9871031516730637	-0.002726641169606303	-0.16006227970710885
0.08424368703753565	0.8590591736609335	0.5048963629729529
-0.38160034187686587	0.33378119643007886	0.8619578249480447
0.5361695359216767	0.8395389333425408	-0.08773031489515293
-0.7529298824120297	0.42867760882949557	-0.4993316531717502
-0.11141320058809345	0.9576170248411437	0.2656251728829815
0.993759622818926	0.10591182403066024	0.0349928219108515
0.0053768754405695285	0.2678662339021008	-0.9634411087064958
0.4687261025824583	-0.1523828675782701	0.8701007426881568
0.23688650785573687	0.9706127985913576	0.0423742564131412
-0.850988027620702	0.18625320635971915	0.49104899955803916
-0.8111794238387753	0.3584861958085776	0.46203418678198127
0.3907120057712797	-0.25563472274637977	0.88430482135549
0.4351230525802743	0.8978521793374874	0.06730076650490835
-0.7059904166976667	0.1344043025300367	0.6953510012881766
0.3245183303852048	-0.8112959587947819	0.48629900317320723
0.6294961356315497	0.5689765818596318	0.5291505121610253
0.06515238653862321	-0.311089594835111	0.9481447307840972
0.6713823263280341	-0.6892782019877244	-0.2722890599325042
0.7382417885914335	0.6543078971324556	0.16395193602829106
-0.8987935620412308	-0.42072006178004023	0.12314528999939772
0.43834445768178115	-0.8593901746592889	0.2632539916482606
-0.004926383349047193	0.29059104823596416	0.9568346635820746
0.4833130201989996	0.5461419041929567	0.6842057767883962
0.8705024160867643	-0.21685490717496014	-0.44181386671453127
-0.09291968625230823	0.8091371760824186	-0.5802266472578987
-0.5966997603821507	0.17709268542120638	0.7826797408456346
0.44426658225714677	-0.7393289427833987	0.5059841086954573
0.6682638699267215	0.6496390498831548	0.3624810409076231
-0.34225406185371443	-0.8951431472029315	0.2856237090303682
0.9384878054432889	-0.3405047336041487	0.05742094937744448
0.04585625561330858	0.2877069210304097	0.9566200559325152
0.6465870854121971	-0.36116992414867033	0.6719236763715086
0.5401030939971424	-0.4052862058067974	-0.7375850725424451
0.5387149420917097	0.83982103883695	-0.06698383307897493
0.7596842574060408	0.5062480548634151	0.40815773421122503
0.5760252651864316	-0.8151465643088556	-0.061081687618876224
0.3017858891935362	0.2815119635867677	-0.9108656824368724
-0.6913918954160998	0.3674694713072899	0.6220477751829633
0.6264704540178522	-0.123945436131774	0.7695273218702315
0.35987778091402056	0.921739505782	-0.14451389651225588
-0.8968627739432509	0.10164797143603527	0.4304705037720433
0.1881546724197622	-0.7931090796502134	0.5792890530840401
0.4002936221843033	0.60053782368751	0.6921844684469881
0.5721664535537407	-0.1516816845379632	0.8059889676685786
0.3731147930189343	-0.8270163734732472	-0.4205107242836944
0.7303498481263436	0.5413285366419225	-0.4165963451099186
-0.44257039729436265	-0.41469336313109956	0.7950854407003866
0.46842226644488044	-0.8629730179521817	-0.18936248462972927
0.7646646478930167	0.2886294940949747	0.5761779164469321
0.7953601652314202	0.13074702373708358	0.5918677414312614
0.17936305760986931	0.8819604700667845	-0.4358607837422579
-0.5789914516880943	0.45282551277889715	0.6780250392490252
-0.6305165344937405	-0.03200231578656548	0.7755157970759211
0.5207851237310779	-0.758303259573587	0.39212118206044333
0.5755273708785796	0.6511159791499288	0.4947890733082325
-0.5902201673570897	0.37151621820331704	0.7166699754118862
0.5215365578597345	0.853133791421316	-0.01274177189053205
-0.6161491482269434	0.3662491413600801	-0.6972960587815016
0.5767432556816567	0.05242735177822694	0.8152414303819729
0.5033171222206811	-0.8088396218964125	-0.3040564758888731
0.6434586944825714	0.5856874924701662	-0.49288038067952566
0.9240265405394685	0.350674278381715	0.1523236779365743
0.36784915592851847	-0.9240317749406932	-0.10417426449285677
0.10422068346224887	0.1522919215894744	-0.9828251216555497
0.6885786284407492	0.30129764653007846	0.659605337038818
0.7248543559788134	-0.25949733309401757	-0.6381593035721036
-0.021110070421394733	0.9175406597598432	-0.39708122923940303
0.22343294799931002	-0.17296551355433154	0.959250045019141
0.7916208221531049	0.6063861777177783	-0.07504850036120192
-0.5686951658683059	0.7761306169670859	0.2724097533575307
-0.2997867815956321	-0.26567273416631193	0.9162673648565296
0.2888986088286382	0.8900632775229864	0.35259744159865486
-0.9092114602211139	0.37041241923784834	-0.1900767220807278
-0.17003392166735232	0.0011905700044797657	0.9854374906738048
0.08287271405897975	-0.9964395425113259	0.015503270116921146
0.9819473401088876	0.08430196120425712	0.16932985735007455
0.5608914778208494	-0.3211691441170394	0.7630538191864791
0.8257148852906824	0.15026157251094108	-0.543706159645018
0.05996397516291335	0.9350250481637735	0.34947457845885455
0.1883281152823182	0.35854403012450825	0.9143187078127002
0.8874942588418993	0.33655257244643877	-0.3147797746081422
-0.4205787221399559	0.8707344856164596	-0.25482345661528427
-0.4678432308452156	-0.172233117042507	0.8668670398314456
0.6211683300031424	-0.7617983913130808	0.18388343262488338
0.6287070996524678	0.6244989706850004	0.4633879783291289
0.180327597766746	0.46703732053352104	0.8656547225727727
0.8035370218577451	0.43762852982653666	-0.4034966225209946
-0.5672831850034519	0.7683471943794247	-0.29636527614011454
0.2512600963664797	0.3561264438044399	0.900023510802418
0.5324994729476122	0.7256308575819957	-0.43577995575213485
-0.8082775979107811	0.5887561588196089	-0.0073150644260282505
0.2810772142157325	0.24666983901474487	0.9274424996565357
0.7703345391439742	-0.6343440785534082	-0.06474787877659377
0.5723463090215261	0.7326401439483556	-0.3683179632121796
0.9499141988006861	0.2427544872141512	0.19680770781208048
0.2990141978009535	-0.8890901440839081	-0.346567778661416
0.09084890990156677	0.3880579526697662	-0.9171463901359731
0.7472878915607631	-0.026230583029693555	0.6639825025108654
0.5713952070818529	-0.4847212984748226	-0.6622331765539751
0.3392172231042456	0.8742752537495295	-0.34723832770971597
0.6096488906038453	0.022479814574203255	0.7923527548524143
0.34248313133280717	-0.9089513310035242	-0.23772417340143814
0.714866095809541	0.4162957311859339	-0.5618401278463412
-0.7440775288751305	-0.20374632872014278	0.6362672901824691
0.5273002092997068	0.4057071295939412	0.7465629338971567
-0.41024763289452904	0.8910045782877372	-0.19444207665710378
-0.7665167757343616	-0.39315496869553335	0.5078200499269528
0.4357937937512514	-0.8992276558454511	-0.0383847924390254
0.4717370049568832	0.19188223876302218	0.860607578749804
0.034898432789693734	-0.9201072899952764	0.3901085416731753
0.9795168377069726	-0.04596780217718788	-0.1960452136919726
0.19831506255792952	0.38895955581595787	0.899656378792535
-0.6310579770518747	-0.5611215539840011	0.5356383399774289
0.6332640768776527	0.02617296694872684	0.7734931058111606
-0.44804289809736997	0.8273195135228474	0.3388214633237232
0.9928395922129228	0.007447421530090877	0.11922281680546795
0.11913551514255916	-0.13470128553620553	-0.983698273205057
0.008733450989963476	0.9908582641263315	-0.13462402180279387
-0.4702865408542476	0.8562912242230561	0.21353198544931204
0.8819240363293593	0.4471636467121626	0.1491799825834917
0.032257768612789534	0.2584763284667666	-0.96547885734824
0.10543680315548709	0.04336461473430181	0.9934800404282398
0.9840516952281915	0.13938278738172016	-0.11052013255613136
-0.14326668021167288	0.9892886074198206	-0.027976947125777807
0.35350743811363583	0.3117282510640365	0.8819625778267982
0.8504376727607954	0.2855848023398524	-0.44181114225617946
-0.38960012313593595	0.9062377271781752	-0.16414909652934195
0.4031840478444446	0.24103964191785826	0.8828037803429928
0.4430700807507511	0.7926609214734198	-0.41878104913239783
-0.8007068921317534	0.5599897807933816	0.21279078527908324
-0.43975692464967775	-0.20060751637985913	0.875425880126103
0.8886023855516914	-0.2386911615625038	0.39167886052707224
0.13038269676034764	0.9501490166094195	0.2832264087645291
-0.7758173367189236	-0.6152500984366853	0.13990988678433303
0.6217976965321146	-0.7831677682087916	0.00398389585910839
0.1071218214637529	0.09008642079974624	0.9901562261349361
-0.5968453944779486	-0.7482522722142729	0.2896448035381261
0.7632759726114601	-0.6407787678490651	-0.08253702386119713
0.24735675597098933	0.17181707656694642	0.9535688373030531
0.035630329274650596	-0.7320818898572461	0.6802841951558355
0.8511602421610982	-0.3344843056909099	-0.40453243554841223
0.5236952566140355	0.593444484168075	0.6112012127036781
0.9913614241834677	-0.07300952017389285	0.10895933463868335
0.12284759754997333	0.22586024114871628	-0.966382749869038
0.045945559275368884	0.9714199717075112	0.23287817448325188
-0.7593052244594314	0.01935435186128611	0.6504467581383138
0.12090469266740103	0.9863493609288388	0.11178995252826823
-0.6394041221321722	0.16352476038600605	-0.7512802548590543
0.7285045859393258	0.40274613506756934	0.5541449439934526
0.5681206911172019	-0.8071988952174498	-0.16021493027880032
0.38277924263194374	0.4315385200047188	-0.8168565095304388
0.07671139872597454	0.8783381398731701	0.4718447555601779
0.9186831991368655	0.12164413530575424	-0.3757976636028621
-0.387474568106294	0.4623038139469053	-0.7975830004964912
-0.39345245275574237	0.8503191662270452	0.34950319450247314
0.9134777697350688	0.4044704676390909	0.04429452570758502
-0.10369923635367538	0.3366911884127027	-0.9358875530879269
-0.965992236003407	0.16936776031636708	0.19538055621416522
0.24874044064750095	0.40231119909302326	0.8810640681986872
0.07062006207605587	0.899700094948173	-0.43075810611365495
0.5895185258688597	-0.7377866762886599	0.328844534618319
0.8043011872305103	0.4985454523574473	-0.32334506669083407
0.0746157347816015	0.4551079566703272	0.8873044798142075
-0.6479521932709422	-0.1846466119370977	0.7389611518446195
0.3639471386712713	0.7771996936254155	0.5133255462974298
-0.6691042037593027	0.6015532103885002	-0.4363866400142409
-0.797199992165718	0.43353731744778246	0.4201399372484826
0.469022470255841	0.0065812172005921266	0.8831617122448565
0.3801185274175503	0.9011115813040795	-0.20858528987820235
-0.9726348472444801	-0.14265852684256564	0.18338483755429685
0.197059001674752	-0.08839077301632114	0.9763989047026462
-0.12308210180467734	0.9858172325358723	0.114084092890538
-0.5808875858954863	0.5150439236851205	0.630316880011594
0.6848800139159421	0.7277400183800651	0.036521667359002835
-0.4398965549887991	0.4529064167388428	-0.7754784320571195
0.930336558109051	-0.3589314236640849	0.07511405828656434
0.36647324943363724	0.9027207656435373	-0.22537208506267356
0.013086103138648005	0.23719918292949285	0.9713728951963945
0.998099583537906	0.0031382408605754447	0.06154163457172537
0.055448815403863747	0.3899405725077092	-0.9191690697486878
-0.026882154150421275	0.9208346764521094	0.38902551128630625
-0.8519798579843985	0.4045606556581608	0.3323567322656834
0.5137053785524393	0.5232376958089644	0.6799478639798942
0.10117858288777888	0.75003532555338	-0.6536129625297038
-0.3382979290845469	0.42979978318384693	0.8371539031457866
0.7918072144855908	-0.350721623270029	0.5000356767865727
0.5085232013051879	0.8320255340708927	-0.2216701702718913
0.4359841123903957	0.28760016899177937	0.8527625675057853
0.3521538346359265	0.8174862458707379	-0.4557454493062766
-0.8281941381671156	0.49900138337289945	0.2551315129449149
0.16776887508490756	0.4026754976232387	0.8998366786070804
0.9551714851144841	-0.29224940252565346	-0.04730455313803994
0.2439283472188824	0.8674345683319729	-0.4336545065899682
0.045662183543004775	-0.5938933571212617	0.8032469392169026
0.99786259824896	0.06474417846830316	-0.008855866434150372
-0.04674612293998226	0.8019344560010513	0.5955803289803803
-0.9967409474705013	0.03003844685764758	0.07486771898479987
0.07458649787234942	-0.010377346703372758	0.9971605512707249
0.0307300825046842	0.9994948736165574	0.008103063832713309
-0.5867527884833539	-0.1289729275810407	0.7994292646370811
0.3316647808347355	0.8623517418128994	0.3825545014061464
-0.7387283928216484	0.4896074522956468	-0.4632115114024158
-0.8253179545405929	-0.002303946180967298	0.5646635863458231
0.5566701980225297	-0.17103186866544728	0.8129368920982506
0.0947025054921421	0.9852628033843561	0.14243821018501457
-0.9358060830186272	-0.020980169914837116	0.35189033441639017
0.2532611544882427	0.6543419400546704	0.7125274823561352
-0.2452055517573304	0.7559077046543676	-0.6070237058233794
-0.5815194119718954	0.1721231969898213	0.7951155755975756
0.5292722830961476	-0.6621962076930679	0.5304404140552557
0.6178236187182005	0.7292940336893774	0.29397991186308126
0.29696869883447596	-0.10891065170406966	0.948655923851189
0.7340444169451767	-0.6093698346570446	-0.2997452227503572
0.6107277510185481	0.7853705332869578	-0.1010185110778492
-0.23776343954282608	0.22969736405870084	0.9437731018424127
0.8196466830138149	0.5688128117206712	0.06805365711609518
-0.5211984860312002	0.7897411640321839	-0.3235135731184635
0.9497090492965186	0.12989713964526883	0.2849200849295825
0.21729735152104485	0.38176200693944007	-0.8983538451409391
-0.22546525831320988	0.9150871560510224	0.33433652825291027
0.9991861263135156	-0.013628297182049848	0.037965174812043215
0.015399978052607715	0.9987869084923656	-0.04677127430637289
-0.037281706755062455	0.04731787125580046	0.9981838975866366
0.8903609632992772	0.24338329631664413	0.3847361772784407
0.4031953849194819	-0.8139930989424555	-0.4181491557491041
0.21140207333991318	0.5274275362057828	-0.8228787015347303
0.8564938923189163	-0.515637201246928	0.023162234577598962
0.515948915905945	0.8565604593749975	-0.010044680720327277
-0.014660443235891083	0.020553737507525264	0.9996812568406986
