-0.13806600170082062	-0.7117319195395052	0.6887491951958712
0.862532948444448	0.2553941620903767	0.43681888102265165
-0.48680046427882134	0.6543787104412595	0.5786309802448865
0.7696615218076623	0.21788721573055844	0.6001219068405172
0.2591329042750953	0.752449193835574	-0.6055331110832415
-0.583499168611805	0.6215668684199472	0.5226694445937626
0.9497551150840736	-0.10362023748446778	0.2953439820874985
0.19781317443882998	0.9299839173815304	-0.30983844408035605
-0.24255962027936792	0.35269357776314186	0.9037544305919409
-0.6098153482317521	0.40572365375448066	0.6808183001690692
0.7309262127417533	-0.04417858443863176	0.6810250540207723
0.30638556197703537	0.9129274721800811	-0.26961327480467867
0.5994309957860214	-0.53455856378277	0.5957597025458176
0.6826553150358444	0.7300478132731945	-0.031810551525223746
-0.41792846534340156	0.4257667580043435	0.8025325324459938
0.22881052033758842	0.8195537992030609	0.5253354318858297
0.9492701404351701	-0.06826184051636197	-0.30696338805712897
-0.21571264742947904	0.568921691747773	-0.7935969773114171
0.9473004365569081	0.11290088617413833	0.29979204926112635
0.1954506938040071	-0.9451658715731563	-0.26164957768910563
0.2538127443424061	0.30645532319483265	-0.9174225992937641
-0.9937059446807526	-0.08195911876812242	0.07636228360182216
0.10829863173085719	-0.5286404110999601	0.8419089749594599
-0.028633928674851556	0.8448798841272156	0.5341891795289624
-0.9860283536223076	0.06490242293656481	0.1534136934886995
0.07583923202594584	0.994897296398732	0.06654156974559855
-0.1483121597799591	0.07724665116014331	-0.9859190931034589
-0.8902445261845269	0.22108099167614664	0.3982309364150143
0.4546020864257924	0.37692155936238625	0.8070112025896193
0.02831301142238224	0.8994739202485632	-0.4360562351083601
0.8950598517891606	-0.035114464397052764	0.44456139745289847
0.4432552283961847	0.179400394276223	-0.8782598140829295
-0.04891486701006145	0.9831492627895543	0.17613876024811836
0.192885110453199	-0.3764703022962714	0.9061266167895141
0.6853421610587618	0.7125702435874119	0.15016580912139252
-0.7022118316012365	0.5920420250647165	0.39545516069019293
-0.44270531199491003	0.8036478984134915	0.3976959417784755
0.864897363583136	0.26570528143991523	0.4258559074169063
0.23656829288480502	0.5324948439097926	-0.8127020881055096
-0.8394148405069712	-0.4840796029189441	0.24708230121660513
0.5209489059699238	-0.8462176088764499	0.11192852985795304
0.1549030758422673	0.2226717235422151	0.9625083587321952
-0.017621779571006968	0.516581634930446	0.8560565912002189
0.5994006174478375	0.6907346201667619	-0.40448063526728995
-0.8002551922280181	0.5059931807402811	-0.3218113241581646
0.7327011064396867	-0.666856751867362	0.13583505111336425
0.6804060719282705	0.7136925052412691	-0.16640488347876747
0.01402376216284499	0.2143480358000801	0.9766566713249071
-0.21735514864677374	0.9187222323530994	0.3297062315711927
0.9622952237868662	0.2582812899432817	-0.08531516595670319
-0.16353789051386353	0.2987310413153818	-0.9402207843484975
0.11632157678339894	0.8695220772825748	0.48000067488787956
0.9221350024788163	-0.27408130368918604	0.27303200576384706
0.3689665675613675	0.4108659101047836	-0.8336983123023285
0.9166678144935676	0.011722459373680879	0.3994780367151851
0.05751695229249572	-0.993033388303239	-0.10284206296049864
0.3954894664470461	0.11724876827165731	-0.910955985911619
0.8162798800218498	-0.1276907482186148	0.5633668700685948
0.5663796631105639	-0.014848337925004174	-0.8240106820154878
0.11358360218921906	0.9917028787294284	0.06020104345844868
0.20972319905126313	-0.6600408112356835	0.7213614262511165
0.9762856606881363	0.10084991922530628	-0.19156096295168884
0.053688811818044635	0.7444295945860764	0.6655389471623555
-0.5055837445592053	-0.34285907418763556	0.7917276883403093
0.8459777787699372	-0.01679557782218022	0.5329535687028489
-0.1694304431469607	0.9392366921137699	0.29854272913974644
-0.29976379922770224	-0.1768014363268436	0.937487555536253
0.8636383250005888	-0.46777133977337293	0.18793301273805352
0.4053029832887384	0.865985696070893	0.2929134103073119
0.1609573663285111	0.6426583058448182	0.7490547564452533
0.7474163935889612	-0.5750234626673056	0.3327412688209464
0.6445629998836894	0.5062986463647421	-0.572887615392556
-0.2228761414357181	-0.42610595746936586	0.8767895634574128
0.9096809690399975	-0.41422796486115576	0.029928710186642893
0.3504379547725627	0.8042691751746426	0.47994201078747356
0.9492632873977818	-0.013499026038713252	0.3141925961806908
0.18564585554549912	0.8304776995907927	-0.5252070132825388
-0.2538401613565831	0.5568882893169791	0.7908480294620911
-0.08458899354787786	0.027813294469574257	0.9960276717146497
0.8458107907595288	0.5304270370182701	0.05701986175675333
-0.5267340964901528	0.8472742053495831	-0.06839307380089665
0.9234679182012562	0.10498764792414016	0.3690319740027887
0.10566666378927299	0.855043481702919	-0.5076762753576286
-0.3688381219677311	0.5078171306491214	0.7785115295245217
-0.9616469100255916	-0.2611325556701638	0.08393455073687026
0.26596256513263405	-0.9625513710928757	0.0525240131301275
0.06707558711111561	0.07283300334596396	0.995086036098038
0.2058966721813783	-0.16050040650648795	0.9653218012123658
0.24394032234652013	-0.9468982338503864	-0.20946802587625374
0.9476812119685131	0.2786096808121914	-0.15581067434427887
-0.33864953949779597	-0.24291573743943062	0.9090150900299665
0.8373782090140183	-0.5183802026476374	0.17343500388176947
0.42908533471374377	0.8199231122533697	0.3789615620697466
0.6402803320782375	0.191376244937124	0.7439195045349651
0.49133802612101596	-0.8464683480985951	-0.20512990945920015
0.5904473223254432	0.4968565874988493	-0.6360074614481444
-0.3278087162383321	0.08612620419025885	0.9408101415854075
0.812616487766464	0.5336312181285798	0.23429077414338012
-0.48186708682817603	0.84132039080863	-0.2449165381131726
0.7644165012316553	-0.2616883223580091	0.5892254531045019
0.5038028351989269	-0.327831287599319	-0.799192936728357
0.40230599783035514	0.9077697223483627	-0.11876032711852424
-0.990197755747203	0.06446714277491014	0.12390476994709346
0.10058327577467771	-0.28637743672853144	0.9528226321657307
0.09690928308288085	0.9559455796410357	0.277085978745094
0.7440910244003279	0.24789197956068365	0.6203854558871897
0.6124595489923812	-0.6240596066591833	-0.4852245956095328
0.26687421804085837	0.7410122629254331	-0.6161809620064622
-0.4929891146884744	-0.3971110014256849	0.7741218155725648
0.8609263184459848	-0.09424379557937757	0.49992397542209877
-0.12556913237622158	0.9129189227644929	0.3883444778193721
0.386881568409558	-0.4611214326349127	0.7985547422623487
0.8740997312627292	-0.09245176900906582	-0.47686720396093385
0.2937214868398037	0.8825076174015838	0.3672982349491962
0.717285532147326	0.5922241086380542	0.36711315765032115
0.6745796582590406	-0.7221639471691408	-0.1530409032651159
0.17448137446513703	0.35742109416897705	-0.9175000879606541
0.6229140812578383	0.738295345822775	0.2586465343033464
0.7751843630942439	-0.5380800899231548	-0.33099700911407115
-0.10520100087392034	0.406681446791857	-0.9074926722846892
0.47350373280695135	0.809604639158982	0.3468926970550664
0.8400480148968739	-0.2967017557495344	-0.45418872817691713
-0.26478962911282033	0.5064665797339432	-0.8205961588545834
0.6488307004206656	-0.02763928300064572	0.7604306623399919
0.6952336020685967	-0.38467921439054154	-0.6071837782505392
0.30930399406789505	0.9226364246284049	-0.23037592583115418
-0.16185945878060437	-0.35262444439705	0.9216601959599435
0.5649453204220244	0.7326627558143943	0.3795287488132003
-0.8090972132794094	0.5821179326014007	0.08062513260370574
0.8888724532252633	0.3204077709401327	0.32748224718063346
0.4513712360935282	-0.48987808821901324	-0.7458441297686034
-0.07854787791342614	0.8107763680596889	-0.5800619896797561
-0.22686862653975104	0.6261051876517453	0.7460046382480073
0.7928376924623378	0.5635888435046374	-0.2318965478141078
-0.5656315229042338	0.5388505446528546	-0.6242604190755325
0.10799640947156697	-0.07506475586686617	0.9913132996020467
0.881696107060052	-0.4534427840000488	-0.13039024669596266
0.4592915744234797	0.8881187556092555	0.017214110452432707
0.06635033025643589	-0.6795815928752497	0.7305932468206918
0.9683692256002409	0.2203700283104032	0.11703885479985637
-0.2405383058584467	0.6997184499837135	0.6727075249817991
0.147988255059467	-0.5143729837400339	0.8447010772828629
0.9826035497870844	-0.020429340738882695	-0.18458847738359935
0.11220401200614455	0.8573232037191982	0.5024014172495688
-0.4046402376447167	0.3474395844070929	0.8459030755741784
0.5219019250772335	0.8473148684314041	-0.09836612392358449
-0.750922538401602	0.40167555181028747	-0.524187077672081
-0.11461649511156535	0.965022216360158	0.23578630363036188
0.993153948829805	0.11669919583534594	0.00515088488987607
-0.02254535367000768	0.234762474903278	-0.9717912776955671
0.46441175100302434	-0.18589268024570746	0.8658900836488266
0.22953258415377106	0.9695783052596314	0.0850452984094542
-0.8553575383089791	0.15925395254413083	0.4929519857522382
-0.8098796892622808	0.3692050593394358	0.455831671868679
0.38014742861285566	-0.26147694462665405	0.8871965621821037
0.4467469322104688	0.8918057140357832	0.0714125127247418
-0.697355906917116	0.14322748005144192	0.7022682023599818
0.33135686213475235	-0.8043996197842331	0.4930962194209074
0.6355292038954758	0.576564949202685	0.5134934180171037
0.06017221429713804	-0.3240907993368214	0.9441104058381095
0.6729286449552802	-0.6854097216854873	-0.2781736008640535
0.737255955164304	0.6520572576118169	0.17684736178559968
-0.9001633332303396	-0.4215151547413399	0.10968567741974647
0.4354158621496759	-0.8645715699874261	0.2508565872324892
-0.010908734853262554	0.27357078552517516	0.961790010766924
0.4893040574648345	0.5409499721544766	0.6840721211791347
0.8663905575387039	-0.21180071704578007	-0.45222545048533835
-0.09974437907082095	0.8139493742764131	-0.5723088981999249
-0.5870514472449533	0.1917954752626405	0.7865018079803655
0.43258064179309175	-0.7468822950308316	0.5050156687820239
0.6842839955994021	0.6366956361074386	0.3554913224373577
-0.3445242858818063	-0.887826238759258	0.30506980546789625
0.9359441416301836	-0.3500704109962318	0.03820040697516186
0.07288058853885608	0.2986892651494493	0.9515635253091156
0.6467832886974064	-0.3559326412141246	0.674524523186596
0.5486478675071669	-0.39719735947675483	-0.7356764065161607
0.5297706059622462	0.845899646851227	-0.06161892984597839
0.7614907964388642	0.5211380742391264	0.3854177921648654
0.5839378343707572	-0.8096550143282912	-0.05895221254071363
0.2813332055220191	0.26995159816417125	-0.9208570801809128
-0.6913015070414736	0.34560068136419825	0.6345568496224665
0.6255269828067471	-0.15334982237094752	0.7649835460710815
0.3616880149284396	0.9257667098245653	-0.11017158816012462
-0.8970277749873756	0.09614762217352918	0.43138938982266967
0.19286379856510094	-0.7930661283039269	0.577797257989392
0.39767414563212317	0.6014995851099119	0.6928589488549346
0.5637562301947359	-0.15054697681619217	0.8121049936357521
0.38112787830539924	-0.8248888188058892	-0.4174924873425259
0.7327485607594495	0.5448798439844598	-0.407658560960549
-0.4449722019832727	-0.40103769566189207	0.800729983277982
0.4670727011849456	-0.8668133285990076	-0.17457876494839625
0.7640960877206191	0.2963164187508152	0.5730215953249367
0.8105046168928336	0.12989315321244232	0.5711479972335803
0.17054993092288662	0.8805145116035126	-0.4422747063961789
-0.5603525560373571	0.45587494294395764	0.6915078085880475
-0.6216692447647674	-0.029133321602760998	0.7827378869621642
0.5317182112060825	-0.7494785514010602	0.3944079675432176
0.5751548434860019	0.6613872924105498	0.48141848266600085
-0.5894728397978664	0.38367978486523036	0.7108527230210281
0.5134250205854372	0.8573369603956686	-0.03698762734157446
-0.623631717744923	0.3431663722238622	-0.7023676541507529
0.5663916108247198	0.03856129028107813	0.8232336060191162
0.48529840118552703	-0.8229575655445993	-0.2953410014198464
0.6660975941963386	0.5667926183400459	-0.4848299937102538
0.9280358420152814	0.3374485184757251	0.15772752871178103
0.35471162398488554	-0.9298604495105667	-0.0976688704040912
0.1137063751290694	0.14658800024062069	-0.982640737218065
0.6827421390781552	0.30374062248526035	0.6645335249475768
0.7306379481899326	-0.27684201783207274	-0.6241207301696298
-0.005600017124131218	0.9116469335301539	-0.41093613663594564
0.2028647385584732	-0.16148569014628827	0.9657992906021309
0.7967451081354833	0.6005974023408602	-0.06693274955944856
-0.5692478638622891	0.7830741549683451	0.2505029686627144
-0.3161466688491723	-0.2514330706536201	0.9147856004317426
0.2810747144732564	0.8961271237570896	0.34344312913584873
-0.9061171495228139	0.3657015026610331	-0.21263612649809338
-0.16576241458905994	-0.04963690116939965	0.9849157324116129
0.07328020818666786	-0.9965912874319101	-0.03789217469249898
0.983439287906337	0.06589373154638835	0.1688347806145678
0.5541641919847409	-0.2864697202986396	0.7815607127241737
0.832018610744142	0.1619317609992459	-0.530587538635305
0.025437761247548263	0.9443056730379746	0.32808492219395025
0.17032547887465554	0.3933167939143628	0.9034883125259818
0.8783429342783847	0.3550070194412345	-0.32013076383048256
-0.4466574985930008	0.8480990011622332	-0.2850002862775156
-0.4666618145597037	-0.2020423672494228	0.861049146488221
0.6337952047818092	-0.755425850936791	0.1662390511643082
0.6168714527577274	0.6233062373927236	0.4805818818889208
0.1673042666550657	0.44773876642783816	0.87837308667598
0.8137214596748427	0.44032245466601194	-0.3794384297636988
-0.5566566881154436	0.7782326984614407	-0.2906668172010183
0.25961306836502085	0.37177130398197433	0.8912839908074425
0.5222513821636159	0.7222775141051508	-0.45339683109421536
-0.8123143163593091	0.5831820386068367	-0.006645395705457968
0.2810809008676072	0.2500843648608501	0.9265264905115232
0.7688201351919095	-0.6365072460848269	-0.061433910871798225
0.5743771643188372	0.72960012070562	-0.3711799253399848
0.9485826663036367	0.23493126322704647	0.21212785471697837
0.2998701299877413	-0.8815429322150685	-0.3646367559679015
0.10133523735314572	0.40949891357634155	-0.9066652135437747
0.7543055106445584	-0.036257896198902795	0.6555215950481582
0.5612026469494091	-0.48254001250970835	-0.6724631777161537
0.3406974987701389	0.8751231349303709	-0.34363456322292585
0.6060467559232418	0.04668936958418629	0.794057574992359
0.3345391685208522	-0.9206538438891816	-0.20119653192202683
0.7216584194480734	0.3875778663699794	-0.5735786982967577
-0.7367256830222195	-0.20986591132114174	0.6427997878350549
0.5227833538203304	0.42614962965371805	0.7383048544567252
-0.42887391264078084	0.8799731770976578	-0.20424097200327496
-0.7604439808787806	-0.39977499166956953	0.5117664584366857
0.4538582596417927	-0.8908150036470792	-0.021478115191440217
0.46447565286046516	0.2159365307511662	0.8588560895673939
0.03480344834364235	-0.9286637080032234	0.3692863894338579
0.983126712693493	-0.03458465432692437	-0.17962674765627956
0.17958448366124796	0.3693069443197496	0.9117904332166095
-0.6326650991832521	-0.5584275023715214	0.5365571701790507
0.6252548815638933	0.04047063808825335	0.7793705540583706
-0.4569367629726984	0.828565538776405	0.323555161597212
0.989576575411563	-0.003260592883965685	0.14397072595068866
0.14188729807340852	-0.1488507006654578	-0.9786273364038174
0.02462104876220715	0.9888543054694396	-0.14683652989771212
-0.47205128619200787	0.8511360070634989	0.22964119988467852
0.8810818368549448	0.4468241072852295	0.1550580985085086
0.02936630669301027	0.2755280650473946	-0.9608443710624792
0.1087677640940583	0.06262380174826165	0.9920926534092336
0.9820392723057965	0.14801303755178985	-0.1170085824364781
-0.15417016943326273	0.9870007093053614	-0.04539998554660718
0.34462318647716406	0.2803141669880466	0.8959122876309507
0.8538866534011458	0.3029070762286855	-0.42323148076907124
-0.39001595157854413	0.9108629265462432	-0.1349677241339422
0.3659958499570387	0.2636214257838184	0.8924969365112305
0.4405598280723937	0.7956815455675511	-0.4156896870648297
-0.8197280498452202	0.5453389972401936	0.17507513354560778
-0.42562982399212634	-0.2254474823005862	0.8763633297056411
0.8975227563232507	-0.22856877250318264	0.37710637506982403
0.11529160771862801	0.9470637512653068	0.2996299321311856
-0.7698795101212352	-0.6235872104377288	0.1357369915460712
0.6279543864720082	-0.7781386475495613	-0.013173219056210918
0.1138368499478538	0.0750948478141539	0.9906573249240722
-0.583370655913771	-0.7560078036064676	0.2968684535360076
0.7785013540755944	-0.6246735226044426	-0.060980585922261535
0.2315476614461957	0.19553820865263383	0.9529693014130712
0.031678275751683915	-0.7430847208658204	0.6684471441042785
0.8617060523764692	-0.31854906519696735	-0.39495464595305085
0.5064179757306821	0.588516431952332	0.630229516270806
0.9895364406293424	-0.05842498845641271	0.13192480202933748
0.14147058246574096	0.21322787020925393	-0.9667057203010798
0.028349725984845614	0.9752540161875232	0.21926216487732342
-0.7673798851981877	0.031308418367436405	0.6404278997143598
0.10380479976098571	0.9916973190698376	0.07590119166573311
-0.6327342849409996	0.12472453763805366	-0.7642585389586274
0.744693964057985	0.4203540568484176	0.5183949910894989
0.5504402076196852	-0.826076919392684	-0.1208821785140029
0.3774208231287754	0.37536567522586645	-0.8465542700447664
0.08866953769379071	0.8862165994672784	0.4547063359068391
0.9278918534051155	0.0924860527951743	-0.36119667554227025
-0.3621524837269368	0.45394544701651324	-0.8141124674536002
-0.41582685228553684	0.8476251882680713	0.32957483085305445
0.9059757249561832	0.4177015289795676	0.06879984359175534
-0.07934743038322778	0.32719561870790426	-0.9416193564227167
-0.9614410684716972	0.17886009595543315	0.20890222098104527
0.26275514601069705	0.3731906468740762	0.8897687757673931
0.08118377363055677	0.9103503760423903	-0.4057972249025126
0.5982782838780328	-0.7287802028970474	0.3330803370139018
0.7996766872825001	0.5166943758615292	-0.3058498287884945
0.05079656343536043	0.4493398911941863	0.8919155628896461
-0.6436204386534894	-0.1681025399331468	0.7466553870531669
0.36127423032937356	0.7933178747591566	0.4900282441732658
-0.6747100573190001	0.58513954374631	-0.449864482813382
-0.7939044214808777	0.43490955596504144	0.42493463930751063
0.4734179309329434	0.003571123535107912	0.8808306930096547
0.3815641914858948	0.9004670594791283	-0.20872911289211205
-0.9739105875989083	-0.14930379700886612	0.17089922048237988
0.18556341249775923	-0.09044626275839729	0.9784608799002777
-0.13063072879279297	0.9846460530321414	0.11579189498099351
-0.5727382544515816	0.5196192633011995	0.6340084487560667
0.6945095567770162	0.7184490306005142	0.03856768044067124
-0.4354622457035142	0.46241411271229593	-0.7723637879466851
0.9341754220530909	-0.3450029097151688	0.0910454453555839
0.3568080651815131	0.9017570256045535	-0.2439718659892031
0.0020701336562210307	0.260398270080459	0.9654990706809353
0.9974743704037038	-0.022614331338024343	0.06733106568196234
0.07086797136805684	0.38033615456236314	-0.9221291342143413
-0.004755104826494834	0.9245717936162926	0.38097819809962974
-0.8518147053568266	0.40909141926814296	0.32719400730917986
0.5119811282260056	0.5179869058982148	0.6852480497297461
0.11084688574014878	0.7512215225878253	-0.6506759500108639
-0.3443556500207605	0.46318664006299637	0.8166255707274493
0.7957211080392949	-0.3176247470767213	0.5156960716014485
0.49824402105745025	0.8273890599419367	-0.25919151021764186
0.4370359561088226	0.30790154502890466	0.8451013025885481
0.317311395991135	0.8263908479147573	-0.46517915307640945
-0.8416133619674799	0.4714602900049397	0.2634618452570575
0.15540553763320075	0.41174170280931705	0.897952052751493
0.9619304789748369	-0.26993749245922416	-0.04270250325294467
0.22480852406476282	0.8704036536759889	-0.43801667454026516
0.033754164819117305	-0.6006944127271172	0.7987658473393738
0.9983924413802574	0.056677556164120624	0.0004331535899498862
-0.045532289115894464	0.7974671636786602	0.6016418648184148
-0.9959972425134547	0.012960687282068367	0.08843932095381768
0.08837757259463104	-0.005263123188139707	0.9960731419913841
0.013375259544272933	0.9999021552729465	0.004096622101247727
-0.5618896513986735	-0.13696437422014435	0.8157945696347588
0.336377152465232	0.8631475590762688	0.37659886160218414
-0.7557317188992791	0.4860216573931282	-0.438921994885626
-0.8330795466932961	0.003871938188155122	0.5531396541344321
0.5448793469545953	-0.16656392482779014	0.8218046946862108
0.09531508875107808	0.9860230560390713	0.13665125983958126
-0.9290791415453961	-0.013262217905869483	0.3696431553829813
0.26972316099502025	0.6595515284389375	0.7015990291874097
-0.2531034673174669	0.7515423440565931	-0.609198440511626
-0.577474446300567	0.1692187338768263	0.7986790869773525
0.5262307879251695	-0.6707926471856529	0.5226072926407738
0.6241830033808263	0.7220818821898164	0.2983175048563247
0.30137716440392737	-0.10412830548690821	0.9478022477142967
0.7195145079854152	-0.6274254828527468	-0.2977182162137604
0.6256761762879852	0.7716829397255214	-0.11416988640715786
-0.24911010560402946	0.21813285724959247	0.9435900655867877
0.809983626036674	0.5810365649391662	0.0795175185489071
-0.5309149468967991	0.7841011202592578	-0.32142612272456317
0.9479919227617126	0.11751070289664697	0.2958082978607717
0.23389331762867746	0.3731497435616178	-0.8978046473752236
-0.21588244566708437	0.9202991380983875	0.32625797471964346
0.9999998443090691	-0.00018169130419484796	0.000527607910930416
0.0001818963039204825	0.9999999079815691	-0.00038852360006665554
-0.0005275372710211574	0.000388619509505972	0.9999997853396292
0.8971614977963464	0.2764463746108363	0.34449767609715687
0.40376718265417033	-0.8295042302576743	-0.3858688821298471
0.1790902260965972	0.4852835603532734	-0.8558192314779571
0.8659381732140332	-0.5001509385187958	0.0003447745795337487
0.5001509813072981	0.8659382159418305	-4.548435556129521e-05
-0.0002758044411816447	0.00021182598404818098	0.9999999395308296
