-0.1569573096069008	-0.7040429108722432	0.6925951072679495
0.8558596740162256	0.2529784355755019	0.45111653652533257
-0.4928170262417926	0.6635702606237793	0.5628551215560591
0.7847487565507001	0.2162286919410981	0.5808739466300513
0.25817336747822406	0.7379709362322378	-0.6234945144918825
-0.5634854935285237	0.6392527278455339	0.5232972850349598
0.9513752225611399	-0.06462674569726089	0.30117863409830886
0.17042628950579303	0.9248959622199553	-0.33988577333349906
-0.2565931911451063	0.3746876603383205	0.8909371983749282
-0.6111224999413112	0.341866493094493	0.7139023679500968
0.737496151470282	-0.08161365733694437	0.670401847776847
0.2874521118934511	0.9361979020673785	-0.20224928067272363
0.5792688788072206	-0.5402670193896794	0.6103762067817006
0.7000269346513223	0.7133567096302826	-0.03293168061502469
-0.41762406157703463	0.44635608272459837	0.7914268068537056
0.22806436658126794	0.8087997760646933	0.5420604827264084
0.9493902126382746	-0.06123705614359176	-0.3080718213363859
-0.21597423189477155	0.584887121753051	-0.781832581800538
0.9470278444820569	0.11463329570333397	0.2999957821234508
0.19997564857190364	-0.941418614669121	-0.27155244784888166
0.2512926615600135	0.3171595804491252	-0.9144735090615908
-0.9960554545660283	-0.07009282829554786	0.054410723674602014
0.08384950147842488	-0.5428915830482572	0.8356063607687396
-0.029030889257524915	0.8368725855689672	0.5466273712429969
-0.986803488806197	0.052033810270357764	0.15333413536673934
0.06052082632652761	0.9968524661937709	0.05120927869196275
-0.15018689710048416	0.0598134034489364	-0.9868466206595545
-0.8835760608845333	0.2333731954550181	0.40599297564722164
0.46665937326710294	0.36656685718846016	0.8048961228338287
0.039017611071492264	0.9006473732011264	-0.43279548885378283
0.8875395524881694	-0.031076319917317713	0.45968228713916803
0.4560332012296745	0.20137643689871454	-0.8668801820541252
-0.06562973522204082	0.9790208337938344	0.192901386341079
0.2059793709198099	-0.35971075263306107	0.9100443248521667
0.669934253944319	0.7297086109888791	0.1367970702930051
-0.7132745573392815	0.5814924913434716	0.39128747534723685
-0.4589125277464061	0.7907361882642766	0.40513648619531545
0.8528465360703269	0.2642000713702818	0.4503899512653261
0.24910254472856969	0.5522088398941299	-0.7956213416899591
-0.8361370608244212	-0.5089421994240609	0.20457920999284718
0.5349625118456972	-0.8390408650030905	0.09912385068492721
0.12120200673107838	0.1923233332184757	0.9738181601634336
-0.0012225511439052372	0.4996188882963216	0.8662444642398865
0.5759601244405214	0.7084876781486804	-0.40781753881601396
-0.8174768745494636	0.49842369162093364	-0.28862671949734775
0.7287778893427039	-0.675491280937258	0.11222440636036343
0.6822606311739066	0.7023472507438298	-0.20304869002967413
0.05833711644721717	0.2245436900701654	0.9727162546674633
-0.19535015815602375	0.9253961779228919	0.3247771999296132
0.9635136657883623	0.24287494504204432	-0.11248634099256678
-0.18297467460686623	0.29095304596537114	-0.939077522623124
0.09326930672566647	0.8688269017838176	0.48625163358043955
0.9240253908293724	-0.25740999048944957	0.2826962573131223
0.3707801417626613	0.42294197182705084	-0.8268265688410761
0.9303196204727994	-0.009391516184457797	0.36662951761567647
0.038612602847302176	-0.9916080034820389	-0.12338004024849518
0.3647114896252969	0.12893939217369083	-0.9221497505726362
0.8135683217408851	-0.1396371942386271	0.5644537535041145
0.5681533387144104	-0.015656156083387662	-0.8227737650681146
0.12372699611397733	0.9900789558221388	0.0665979854857135
0.20246836258883905	-0.6780518536245758	0.7065778413924906
0.9782355014328573	0.10658113049883622	-0.1780330484994187
0.045407773420425845	0.7272455887923055	0.6848737020028819
-0.48985182776159464	-0.37249016369849086	0.7882234865737611
0.8416972162524946	0.033490167196298715	0.5389102011040107
-0.22713648538142428	0.9274316614441386	0.2971187142533076
-0.2729942747223695	-0.17007432448824572	0.9468626352954659
0.8759088732164619	-0.4509528525384141	0.17153766527540093
0.3978162538025259	0.8761941844918478	0.27207715683825817
0.15806585170929355	0.633126216619049	0.7577376725180455
0.7555949292892288	-0.5715775302250035	0.3199616067191347
0.635681908941745	0.5219677392057234	-0.5687338480103368
-0.18832650655223904	-0.43753109219390307	0.8792608658944396
0.9171890908049345	-0.3984480523801488	-0.0018224332316579273
0.35113715075202023	0.8061052616861377	0.47633707439551287
0.9420430850531483	0.008298956410569311	0.33538925627700455
0.1781579287414034	0.8347159199324816	-0.5210653370143172
-0.2842790501076712	0.5506182528156567	0.7848598354713495
-0.07582871449482043	0.022383919329652502	0.99686958335256
0.8492683392745872	0.525314050829612	0.05280564275499888
-0.5224876017321827	0.8506139595353626	-0.058843843176026533
0.9220146447883603	0.08861073029538924	0.3768781411442055
0.12410134608486673	0.854444511903383	-0.5045031535858955
-0.366725852232588	0.5119303805740654	0.7768136422267407
-0.9591384814256865	-0.24544805287227112	0.14074312341865544
0.25776927053863363	-0.963133441949231	0.07699984522716798
0.11665494680642044	0.11013276687815447	0.9870473124654934
0.20244020914345784	-0.13867514650523455	0.9694262042382106
0.2507444312734547	-0.9495833964998375	-0.18819830838024051
0.9466494556631323	0.2811771271522349	-0.15746184064436397
-0.33393484634238835	-0.24227295754941508	0.9109288295133406
0.8490846164562034	-0.496973974171218	0.1790870824316702
0.409319963470764	0.8332590731799596	0.37166716893958673
0.6319729413391286	0.18593836185677048	0.7523543892376724
0.49874313609117327	-0.8406280414231291	-0.21118660036814754
0.5931825061624051	0.5086958045464253	-0.6239896576224269
-0.332176068347251	0.09548586540714898	0.9383717329101564
0.8087983452913055	0.540694726775975	0.23128867047631135
-0.48528784888085563	0.8357820660579536	-0.25683465845654485
0.756695216121151	-0.2839660106708637	0.5888766039528481
0.49280244201141954	-0.34414410433107423	-0.7991937115629375
0.42960226145464603	0.894945886765137	-0.12047305389677976
-0.9922136854020083	0.05919864634045058	0.10957884272259537
0.08914379399543682	-0.2768811655810546	0.9567602647155535
0.08697923023954719	0.9590789020815416	0.2694480897853998
0.7383773495720187	0.25670807424841174	0.6236183562521815
0.6097097684062758	-0.6492734757480303	-0.4546404645431791
0.28818897957584444	0.7159224247820039	-0.6359262486682633
-0.5041097086264403	-0.3925506046814021	0.7692707094598304
0.8533301316929175	-0.08917910639217452	0.513687427652304
-0.1330454358988442	0.9153966952897299	0.37993131252784085
0.378763242877051	-0.445351630612319	0.8112954646466406
0.8726397748926	-0.1201452481599874	-0.47335498584040214
0.30828270973353716	0.8872581611095632	0.3431249428762416
0.728123680952014	0.5740741098857567	0.3745328044320896
0.663457570238454	-0.7275423794184923	-0.17466006596633682
0.17222066580459103	0.375660754549839	-0.9106146494323868
0.61011547054709	0.7438495351218058	0.27284974197931017
0.7879973093280529	-0.5337848374228238	-0.3068126265805206
-0.08257937448813497	0.4021959925665129	-0.9118218194760341
0.47217314968218693	0.8090953027072781	0.3498818484234656
0.843783735113277	-0.2999728467281062	-0.4450228079369902
-0.2551108094093433	0.5053524338151087	-0.8243405804396966
0.6415068441514784	-0.02920202132860128	0.7665612896938735
0.6994151634053016	-0.38819441379643704	-0.6001029297512015
0.31509902904570486	0.9211147263221688	-0.2286050367924768
-0.17011576529269057	-0.3453249227791314	0.9229362513773469
0.5723198796526531	0.7278126472907702	0.37780776301973157
-0.8021911129857118	0.592485821054975	0.07382391276244582
0.8931448252200568	0.3195008047085351	0.3165620902338635
0.44151256205368045	-0.4885708125826931	-0.7525724009296928
-0.0857844900400367	0.8119222850020105	-0.5774281118768685
-0.23366144597213467	0.6296612183800484	0.7408974819328003
0.7967937409385976	0.5607049627110641	-0.22523250030193048
-0.5572450655387502	0.5377143245807545	-0.6327252500678131
0.11651008009001895	-0.056084162880504385	0.9916047437923088
0.87832069871949	-0.4602735986275457	-0.12923221195721996
0.46365736426624804	0.8860038267865675	-0.00436663271111426
0.04111344077355161	-0.7002425344907963	0.7127201960641114
0.9702021836316119	0.1984525627374285	0.13901188157635685
-0.238783181703008	0.6857674337797419	0.6875359037191697
0.13500551654246173	-0.5120908553059507	0.8482549536637691
0.9874013827515347	-0.0017790314103591776	-0.1582256122996475
0.08253496134039495	0.8589294446922058	0.5053990395690109
-0.3809983242143957	0.3329031191916813	0.8625634992151429
0.5369702928762388	0.8391362379448901	-0.08667917129335675
-0.7526640562124837	0.43014635579084703	-0.49846858585634624
-0.11069915111376893	0.9573032317742055	0.26705096962443864
0.9938328077481541	0.10487256081410912	0.03602910256600676
0.0064844572719567894	0.26939240602317066	-0.9630086621577894
0.4686395949564708	-0.14987974189352626	0.870581985231124
0.23720303873510684	0.9706599173499108	0.03942135544468045
-0.8509475004099057	0.1880302843166344	0.4904416007293214
-0.811157907731368	0.35805792765569067	0.4624039026303533
0.3911822584321881	-0.2555680936633302	0.8841161632891822
0.43474048513194846	0.8980420201439369	0.06724017134893934
-0.7060880296369041	0.13382033014758626	0.6953645185387767
0.3246062257946074	-0.8115630454606397	0.4857944230001322
0.6293413164403352	0.568733278859117	0.5295960393916326
0.0656690895251868	-0.3096260278280276	0.9485880526194552
0.6713876048927289	-0.6895618141662125	-0.2715569708923098
0.7381912046870633	0.6547031597107495	0.16259618072827764
-0.8987446299833843	-0.42086366951882304	0.12301163260106988
0.43844011553493745	-0.8591809442504046	0.2637771220684118
-0.005324956876855233	0.2910015063812111	0.9567077757173951
0.4830678310300238	0.5465185017100658	0.6840782103769518
0.8706821627281758	-0.21728560525884277	-0.4412477050980373
-0.09250968668704229	0.8087672675349089	-0.5808075970863174
-0.5967749041934014	0.17615306054625054	0.7828344735543691
0.4451649513686514	-0.7390147010779811	0.50565347587411
0.6675985918183946	0.6502517749693668	0.362608258801816
-0.342377950206334	-0.8953726139663519	0.2847546687441162
0.9385096084124801	-0.34025222636855657	0.05855029776776283
0.04446407684819631	0.28729132359036313	0.9568106611340276
0.6466385526679985	-0.36158784830583823	0.6716493208222505
0.5396354034502343	-0.40546791997860887	-0.7378274847220883
0.5391217056904118	0.8395534490583518	-0.0670655845250483
0.7593985323677739	0.5053455340420129	0.4098045390932902
0.5755420189138675	-0.8155016931513248	-0.060896411485997684
0.30342256590804273	0.2821043772987499	-0.9101383778341974
-0.6910968921697496	0.3690827156974861	0.6214201755709922
0.626668547321291	-0.12237623179335655	0.769617170865023
0.3600994549170228	0.9213045136465075	-0.1467186958197073
-0.89693468263885	0.10136352967668	0.4303877437044769
0.188171513140649	-0.7933213739707228	0.5789928145008048
0.4001245515110317	0.600305449294515	0.6924837260365085
0.5725427778657239	-0.1522737118186936	0.8056100075115487
0.3724629740826286	-0.8270446268384379	-0.4210326806260909
0.7303876371156095	0.5411191198863945	-0.41680210849040855
-0.442715419768307	-0.41539180501690814	0.7946399847881848
0.46867225529162243	-0.8627251242784582	-0.18987279178066202
0.7644274813343878	0.2883661010998229	0.576624329626535
0.7942864811050364	0.13032603778540616	0.5934004632699029
0.18027187190166785	0.8821761600112328	-0.43504858913563266
-0.5801819009025077	0.45252662527523474	0.677206479060973
-0.6309925889358459	-0.03240731538878128	0.7751116813836122
0.5204205810431738	-0.7586481157182243	0.3919380759046929
0.5753353557141466	0.6506940928166471	0.4955667725330227
-0.5900140195949302	0.3711281378499822	0.7170406975740206
0.5222824177955137	0.8526939272031371	-0.01158199346243044
-0.615714652045171	0.3676642106690504	-0.6969350726215451
0.5773455135564958	0.05332994101254643	0.81475645156561
0.5045883124177128	-0.8078117337879831	-0.30468153492769706
0.6419211734688541	0.5870231001809478	-0.4932961452376434
0.9236283133461933	0.35177717394449143	0.15219579060175473
0.36895050905139687	-0.9235730393007879	-0.1043473188319719
0.10385692396745297	0.15253085251296888	-0.9828265759408861
0.688148099038007	0.30156415759626526	0.6599327637294821
0.7252221104309198	-0.25770106538435766	-0.6384693034452715
-0.022474081349416475	0.9179592691143885	-0.39603749306660085
0.22409857589201077	-0.1736985693114561	0.9589622700097882
0.7914674172874081	0.6065817903446907	-0.07508567769308233
-0.5686467758244766	0.7758139845616234	0.2734108734177274
-0.298576081795348	-0.2647486045943123	0.9169299317532951
0.2904269515385191	0.889984529069494	0.3515390786768859
-0.9091229340412552	0.37126232556282296	-0.1888379633916446
-0.17014875064790358	0.004460132132750622	0.9854082960247067
0.08362084050915422	-0.9963174803669743	0.018948175314426156
0.9818640219936262	0.0856246783150865	0.16914921453538556
0.5610963880391155	-0.3235407656712931	0.7619003978725116
0.8254032891486883	0.14942497777279817	-0.5444093921674438
0.06229168156331194	0.9343412379673885	0.3508934274699126
0.18918506628477127	0.35655023110338796	0.914921277157192
0.8878313019567334	0.3359278336795197	-0.31449653388423304
-0.41948133446035274	0.8717937962956065	-0.2530039264119357
-0.468263429574151	-0.17055978658907173	0.8669710028150561
0.6203166568277598	-0.7621991042004965	0.1850939513274035
0.6292349368761123	0.6244692824748471	0.4627110431574597
0.18036052325974805	0.46803591026041863	0.8651083564248879
0.8027438095299164	0.4382142388943586	-0.4044386938605593
-0.5683946321974435	0.767405152143859	-0.29667638017239195
0.25035593437015913	0.35543241528364283	0.9005496678647329
0.5329608954225531	0.725948664285782	-0.43468519732339567
-0.8082540380821088	0.5887837760904465	-0.007686022159735018
0.2807877914578413	0.2468101983195201	0.9274928259419083
0.770393156747079	-0.6343046240030179	-0.06443623208770399
0.5724094690040499	0.7326270333354271	-0.3682458822860515
0.9498584472928467	0.2437409484920615	0.19585525301766205
0.29949851060265653	-0.889173571787844	-0.3459349669820003
0.0898307979103638	0.3872476071743213	-0.9175890793184873
0.7467081018933586	-0.025178138218962642	0.6646751627093077
0.5724243627601886	-0.48460515152902217	-0.6614289047434546
0.33875855632796914	0.874370578454788	-0.34744601314050194
0.6097697115077545	0.021885434696302553	0.7922764206234487
0.3434479166239603	-0.9081879946295759	-0.23924484315732017
0.7142999562469616	0.41798994504516895	-0.5613020384309375
-0.7444973095405161	-0.20351228663134033	0.6358510087096002
0.5273026137840401	0.4049050198442774	0.7469965718806376
-0.4094822457487654	0.8914228368709142	-0.19413813721564122
-0.7670639636478871	-0.39219709698564104	0.5077344904463632
0.43426986972313847	-0.8999349529571101	-0.039073785287985385
0.47225263993273847	0.19052169840235772	0.8606270542543037
0.03484005597347295	-0.9195648151608471	0.39139075259638206
0.979185355628569	-0.046946890310899825	-0.19746399371199108
0.19995551960953256	0.39012374986449294	0.8987887682705811
-0.6307073885160719	-0.5614371208229069	0.5357205889578279
0.6338300457328535	0.025606836350899997	0.7730483575161308
-0.44773615355198443	0.8271231161648086	0.3397052950842696
0.9929762566376429	0.007609372906463185	0.11806884092708081
0.11801779047194752	-0.13424986038060926	-0.9838946976785201
0.008363903754433223	0.9909182975562403	-0.13420496519216152
-0.46961966220948126	0.8568049539960332	0.21293812170231177
0.8822767496327446	0.44661834566972713	0.14872723479146532
0.032328159918753124	0.2577155876525355	-0.965679846510828
0.10549891509152753	0.04203750575679577	0.993530486207775
0.9841670532306813	0.1386835163611082	-0.11037252205578779
-0.14242608697056797	0.9894441522387534	-0.026740967648658298
0.3542667564739048	0.31345171881533906	0.8810465851640131
0.8502237456139813	0.2843308906774207	-0.4430299391697097
-0.3893772562073844	0.9060375072690392	-0.16577511203469175
0.40497719532971255	0.239743121909806	0.8823359375882973
0.44331017055157546	0.7925121345240669	-0.4188085592697937
-0.7996684087472838	0.5607564106892111	0.21466877724191724
-0.44014656952691755	-0.19967395638673552	0.8754434924508575
0.8882826492508218	-0.23932891024744118	0.39201480553636475
0.131243789847855	0.950185236604232	0.2827067097996292
-0.7760858164200524	-0.6148859858989045	0.14002153368947554
0.6215494661944642	-0.7833589994287389	0.004993905023278379
0.10661644631574099	0.0909060083775389	0.9901358649275692
-0.5976045556500689	-0.7477582634256308	0.28935510112138707
0.7623279117663369	-0.641725893785817	-0.08392873278425046
0.2484450643668726	0.17042727693499887	0.9535353130683004
0.03545792946504278	-0.7316579738925089	0.6807491053813886
0.8505790562475473	-0.33551045350747066	-0.4049049328672637
0.524650363872059	0.5933880221463188	0.6104364429342304
0.9914326945808345	-0.07365270404052107	0.10787256974646088
0.12194738442328393	0.22604435665836942	-0.9664537155266278
0.046797943849120796	0.9713285891038231	0.23308952023004215
-0.7590790140061681	0.017878323393177735	0.6507529608446456
0.1211583412066235	0.9860378133479668	0.11423697739357207
-0.6396246609156679	0.16555904143419364	-0.7506467191348456
0.7277522398113988	0.4013280739692503	0.5561586594611507
0.5688716659662749	-0.8061845692539551	-0.16263907266573338
0.38309490352946124	0.4347438525625713	-0.8150067960138774
0.07577174836656764	0.8779115745398283	0.47278949802049647
0.9182470582815871	0.12339503730886936	-0.37629244574500026
-0.3886913712789169	0.46264990225497965	-0.7967898630359027
-0.39234266820122765	0.8502953472041439	0.35080629018266707
0.9137797420939078	0.40393901652076847	0.04289351782059311
-0.10523218921761747	0.3373886385983065	-0.9354651746041904
-0.9662843855164067	0.16843276719986022	0.19474313656860298
0.24784979588036138	0.40358313126323186	0.8807332938193196
0.06974930099465558	0.8993058762696718	-0.43172210496752883
0.5894318879580498	-0.7378334846269541	0.3288948136128868
0.8042497411822511	0.49776325984171566	-0.32467536241610734
0.07584459945501165	0.4558875805667391	0.886799927051482
-0.6481351350936764	-0.18532246206513597	0.7386314586525666
0.36407785348621974	0.7764975792231197	0.5142944935166055
-0.6688558613467992	0.6022516870169409	-0.4358035592182332
-0.7988340463199148	0.4316554477638749	0.4189722435387818
0.4666307941623623	0.005110154955344948	0.8844374416858071
0.3796312268235513	0.9020240909931957	-0.20550589015486675
-0.9726236994492019	-0.1425385855438577	0.1835371649037448
0.1971346495742007	-0.08788313606350573	0.9764294569158082
-0.12304905203619057	0.9858799653237708	0.11357651502927535
-0.5816883889993691	0.5142675535039976	0.6302122670309832
0.6838683969636816	0.7286874205046985	0.03658768689782044
-0.4404118910039131	0.4522648854501327	-0.7755603391426971
0.9303164278997151	-0.35919147147829955	0.07411363435406462
0.36650481883038954	0.9029892629693272	-0.22424229916814206
0.013622105344526982	0.2357792988779234	0.9717111507369963
0.9981098735453042	0.004083425797194212	0.06131888750732188
0.054862719375037935	0.3903811105089494	-0.919017230839866
-0.027690474068759158	0.9206442929772379	0.3894192130009626
-0.8518100891073008	0.40438282327781155	0.3330076640752855
0.5140935278559211	0.5231808146985963	0.6796982269713274
0.10063506700780384	0.7501708921100438	-0.6535412886108691
-0.33819032317913833	0.4283161754422431	0.837957373117821
0.7909931058803203	-0.35304207470215676	0.4996911045233853
0.5098599923094514	0.8318092012862842	-0.2193997285724838
0.43539603855678144	0.28624790064427363	0.8535176793633555
0.3540901080293132	0.8172287476928846	-0.4547058052632591
-0.8276777664072238	0.5001992736110936	0.2544606092779065
0.16901610245090604	0.40212967758679974	0.8998473645659254
0.9547773718163091	-0.2933847986315812	-0.04822375140372731
0.24460933624832604	0.8673044922839057	-0.4335310718787182
0.04603964656746218	-0.5936312209108052	0.8034191462144089
0.9978632560598204	0.06465593673979897	-0.00940914714478941
-0.04636025398589122	0.8021356390313583	0.5953395194728114
-0.9967464752934727	0.031092535200938253	0.07436207531273968
0.07403689972655024	-0.011483564793911327	0.9971893828247997
0.03185908769754553	0.9994505400440798	0.009144207821219053
-0.5882025621345017	-0.1286369309765058	0.7984173632176049
0.3312744344508404	0.8623109056110873	0.3829845312064998
-0.7377499542376692	0.4897677429691877	-0.4645993574782301
-0.8249213900890511	-0.0029604854184636653	0.5652397152533037
0.5573251667486621	-0.17109541758704894	0.812474625197175
0.09430460583728048	0.9852500157862475	0.14279022274327668
-0.9362295758789061	-0.021683456128674478	0.350719273750274
0.25198112169586395	0.6542128640614262	0.7130996023035211
-0.24490752450363373	0.755999574223995	-0.6070296106572071
-0.5818302675706688	0.17259903278216598	0.794784948033935
0.5292079595277335	-0.6617093566243828	0.5311117235838786
0.6175860064081252	0.7296233968551215	0.29366175006366935
0.2967018376492556	-0.10898537430627753	0.9487308405037096
0.7348942406585803	-0.608360606240639	-0.2997129090002141
0.6098347928598395	0.786142201488918	-0.10040898593130976
-0.23689303539620732	0.23008787951128107	0.9438968468443856
0.820238236843525	0.5680384810662882	0.06739079200995729
-0.5206639267325868	0.790184694694795	-0.32329123661104275
0.9498137862110819	0.1307969643525292	0.2841582756836978
0.21613007623568276	0.38231063760838935	-0.8984021184958463
-0.2261450014254729	0.9147298674951146	0.3348547563386891
0.9991052887389754	-0.014432725407946878	0.03975321938041397
0.016407688859933493	0.9986238831559535	-0.04981091985498958
-0.03897960697703519	0.05041861191884784	0.9979672107900602
0.8901965098936232	0.24118133384012458	0.3864993376194981
0.40273606692697744	-0.8131891098860295	-0.42015132031085656
0.2129643964830779	0.5296744620706809	-0.8210305293110196
0.8558889699321833	-0.5166067910482991	0.0239059530495052
0.5169384964530844	0.8559601072436035	-0.010338553687205782
-0.015121575091587078	0.02120656149162038	0.9996607523137295
