-0.15741960111885955	-0.7038839401772159	0.6926517652790444
0.8558072663930982	0.2527469577844129	0.4513456525984232
-0.4927605828111167	0.6638270664045882	0.5626016654226389
0.7849359500039422	0.21613207539547222	0.5806569386278396
0.2583118692961594	0.737689301869094	-0.6237703680751535
-0.5631611959040969	0.639610365686122	0.5232093725600994
0.951427777987974	-0.06399928905395094	0.30114659930581206
0.16996091488294165	0.9247803151701316	-0.3404330420008985
-0.2567069743599109	0.3750806042365039	0.8907390581088039
-0.6112089225043176	0.34042392636432905	0.7145174619348396
0.737653912555242	-0.08218853285692052	0.6701580040249988
0.286862960911747	0.9366731529330392	-0.20088067660037567
0.5787611116543779	-0.5405244331815448	0.6106299311124198
0.7005926465512892	0.7127947809122951	-0.03306877533949054
-0.4173793469193811	0.446941760678014	0.7912253429505325
0.2280875963552461	0.8084878504866833	0.5425158467771323
0.9494334398876818	-0.06121281828639713	-0.3079433943121369
-0.2157595689927332	0.5853207552213222	-0.7815672855840443
0.947017264877205	0.11445132080835824	0.30009864243231776
0.19989879280500028	-0.9413629543821065	-0.27180187775675224
0.25139366073869374	0.3173904272063277	-0.9143656511801961
-0.9960765937070823	-0.0699717556214295	0.054179081610441604
0.08360262894635274	-0.5432892103902935	0.8353726320072676
-0.029017579191834786	0.836624639422451	0.5470074888053174
-0.9868243818649116	0.05145303745273681	0.15339564626749436
0.05989356123334487	0.9969052629007782	0.05091815121857687
-0.1503010335284577	0.0594346846346269	-0.9868521254892546
-0.8833090541292652	0.23395346892763902	0.4062399405154399
0.46712731245367434	0.36631215748207646	0.8047406273083483
0.03946123228019108	0.9006004539514462	-0.43285290052092584
0.8874241337904997	-0.03081097308676839	0.4599229182195945
0.4561979950541852	0.20166119542151406	-0.866727264812702
-0.06604389506020217	0.97897060538027	0.19301491581394603
0.20638211598450928	-0.359358471153002	0.9100922543414671
0.6694235902562837	0.7302268422446845	0.13653137248905117
-0.7136374983212022	0.5810595908131402	0.39126879879939613
-0.4594491178568616	0.7903760916666027	0.4052309734242652
0.8524648586646668	0.26427651764320126	0.4510671645821852
0.2494196721238744	0.5526875753481425	-0.7951894561759545
-0.8359325763759418	-0.5096387999294042	0.20367872093077533
0.5354642778879309	-0.8387388507035041	0.09897043713413255
0.12039408149671044	0.19179529172292364	0.974022500363047
-0.0010814873614517495	0.49921591268708976	0.8664769488596238
0.5752853046957856	0.7090480689599348	-0.407796093783725
-0.8179521065356847	0.4980304292151068	-0.28795840496441905
0.7283890417535313	-0.6759901247353646	0.11174415024348633
0.6825797091428762	0.7017752254266403	-0.20395213566867793
0.059450353403482585	0.22483079023491132	0.9725825267002006
-0.19461990761422365	0.9255721041431613	0.324714292251253
0.9635521969951018	0.2423496998010456	-0.1132863039923873
-0.1835490540050359	0.2908313996774491	-0.9390031106101366
0.09254428592799357	0.8687622341145268	0.4865056379102036
0.9241145853264529	-0.25686463811545135	0.2829006731570939
0.3707395154673915	0.4234061150504972	-0.8266072062405758
0.9306231020098628	-0.009906663477696575	0.36584491253026896
0.03811307345365627	-0.9915748142270688	-0.1238013789199025
0.3639890597771541	0.1291558973074507	-0.9224048560980422
0.8135932961183965	-0.1397380672526515	0.5643927897056239
0.5681060964075376	-0.015595798304997688	-0.8228075317471392
0.12377969032031386	0.9900656764254193	0.06669741095787707
0.2020189077672443	-0.678449128796028	0.7063250955052074
0.9783320625958186	0.10641559901726105	-0.1776009447689086
0.04532919811270669	0.7268992364294435	0.6852464986242184
-0.48931310326300936	-0.37306550655407306	0.7882859980962974
0.8417084579252823	0.03455091836154245	0.5388256730125401
-0.22825327781253468	0.9271614540412724	0.29710617514267024
-0.27232939901053865	-0.17010137077960819	0.9470492184113012
0.8762284993686935	-0.4505184632388264	0.17104599140293503
0.39756800088619515	0.8764123675187518	0.2717370911957555
0.15774859305052014	0.6330251868826917	0.7578881805139291
0.7557745934727671	-0.5713625605176169	0.31992122202164897
0.6355471227624704	0.522325508864812	-0.5685559933176851
-0.18738233256435355	-0.43772272582354527	0.8793672024475028
0.9173339665664813	-0.3981094497023703	-0.0026944092268855746
0.35126379720396467	0.8061685192038209	0.47613660163714644
0.9419434497345598	0.009021511142432909	0.3356503386544751
0.17766035991952817	0.8348555924299143	-0.521011455058102
-0.284919872973825	0.5503950873011167	0.7847839918470404
-0.07571697470121164	0.022283978621870315	0.9968803158046989
0.8495003335442979	0.5249405261176543	0.05278851529875611
-0.5221265393084543	0.8508471474572272	-0.05867715580766397
0.9220238247033887	0.08815529786716966	0.37696247842097674
0.12453528696442015	0.8544309356325628	-0.5044192091254583
-0.3665556287659818	0.512031658876689	0.7768272338995086
-0.959107925037626	-0.24497930777721005	0.14176433575134123
0.2574533251930618	-0.9631909016126114	0.07733739326949536
0.11760005730039247	0.11067260641949299	0.9868747644515288
0.202172471967208	-0.13814769546429745	0.969557376237514
0.25107213266475964	-0.9496036897142415	-0.1876582443706333
0.9466198158594812	0.28136816934223874	-0.15729868881576703
-0.33399403054975174	-0.24225179274486336	0.9109127600758654
0.8493057392421666	-0.49649558487671874	0.1793652571939222
0.408812608474162	0.8335503602721461	0.3715723994630481
0.6317807481344012	0.18597092489451092	0.7525077417413168
0.4990993148906575	-0.840377890010082	-0.21134066304873217
0.5930876496458279	0.5090970605651555	-0.6237525332706113
-0.33243238031428546	0.09565018276059989	0.9382642245425551
0.8086321482205414	0.5409126054564479	0.23136032962145786
-0.485389288492042	0.8356222805766855	-0.2571626777372802
0.756402394663847	-0.2845179648393509	0.5889863708359234
0.49263147406004726	-0.34457783061522984	-0.7991122257943043
0.430313430085819	0.8946036252621471	-0.12047699181005922
-0.9923911975331374	0.06119426349986635	0.10684087782049441
0.08595317459575133	-0.2769851927478644	0.9570220764304972
0.08815760225673779	0.9589235971197795	0.26961782591513783
0.7380818026313478	0.25703893621202534	0.6238318987479323
0.6098428206154844	-0.649718344571881	-0.45382574505037104
0.28866414181226263	0.7153999287096446	-0.6362986368318142
-0.5042850556709562	-0.3925321549974197	0.7691651902680088
0.8531830109219409	-0.08896064675675852	0.5139696033840819
-0.1333241632304954	0.9154258629849283	0.37976329058663294
0.3786339720960914	-0.4450505491398425	0.811520994112328
0.872612689254312	-0.12061576324495782	-0.47328525458669646
0.30851808654776464	0.8873453929373619	0.34268753100418614
0.7282556637214892	0.5737175122925149	0.374822497118918
0.6633094938631439	-0.7275646553084636	-0.17512906011538104
0.17223299221866048	0.3761620507637166	-0.9104053536511318
0.6099247404882016	0.7438646806739851	0.27323460210264405
0.7882248181387684	-0.5338676054467553	-0.30608334800288145
-0.08181348917205214	0.4020581011499927	-0.9119516633512748
0.4723277314007396	0.8089384271035114	0.3500359057370083
0.8438497866357988	-0.30029406650048873	-0.4446807969986073
-0.25460567893224123	0.505412796414868	-0.8244597342960756
0.641351424136442	-0.02932025839164304	0.7666868155942197
0.6994398616329818	-0.3883851415490729	-0.5999507161282014
0.3153604774174992	0.9210305664155527	-0.22858360617343743
-0.1703680761395987	-0.3451317820817577	0.922961955678327
0.5725755960264909	0.7276264422975725	0.37777896620151596
-0.801955052024364	0.5928269675600525	0.07364971871060932
0.8931632969792047	0.3196282712797961	0.31638124648582755
0.4414204922571683	-0.4884190703024567	-0.7527248905013858
-0.08606552123049141	0.8119634104832391	-0.5773284559864955
-0.23371997728966654	0.6297490467317286	0.7408043671281891
0.7967391773791981	0.5607480686023236	-0.2253181900954347
-0.5572985335032171	0.5375664997925771	-0.6328037633073311
0.11642985876247425	-0.055668225490571766	0.9916376034919617
0.8782505225347077	-0.4604817746173493	-0.12896726294982536
0.46381042210806667	0.8859218836421119	-0.004723179855716797
0.04040706078249068	-0.7007594830536299	0.7122523544006922
0.9702147201183089	0.197918868670247	0.13968363644336051
-0.23885281305580536	0.6853935134903881	0.6878844854774889
0.1345172595854799	-0.5121998034587042	0.8482667435485596
0.9875291640595593	-0.0013726692052433709	-0.1574301937719741
0.08180010394517201	0.8588652263982505	0.5056275960412377
-0.3807706648105398	0.33252360348818477	0.8628103812211417
0.5373171356193337	0.8389628355136242	-0.08620705537700626
-0.7525317246399478	0.4307776848331075	-0.49812306678194873
-0.11037883124024961	0.9571709078813668	0.26765718133387717
0.9938653523542413	0.1044176826415446	0.036450088361331526
0.006940821551920662	0.2700385169884646	-0.9628245033955327
0.4685972207529192	-0.1487886030086967	0.8707919362955541
0.23733237137244925	0.9706794632837626	0.03814085811667471
-0.8509347743519298	0.18879441510242545	0.4901700507219543
-0.8111081716464885	0.35843746423405504	0.46219705550960666
0.39108374206193747	-0.2552421068731068	0.8842539078645958
0.4349218787128578	0.8979833245180212	0.06684989382519735
-0.7061109231084217	0.13356366170434708	0.6953906186734903
0.3246694769796025	-0.8116707071277041	0.48557223346130945
0.6292830007117339	0.5686399664664274	0.5297655080809774
0.06589478191296294	-0.3089790568048131	0.9487833367912042
0.6713937873759717	-0.6896841401616376	-0.2712308409500146
0.7381654692476423	0.6548799349999294	0.16200003316325795
-0.8987253630543055	-0.42092713260874665	0.12293523025026667
0.4384772927987271	-0.8590932444958481	0.2640008730316946
-0.005512304672891329	0.2911685874117884	0.9566558776288456
0.482969423958286	0.5466746685819773	0.684022910619364
0.8707568132406441	-0.21748423680038464	-0.44100247044472657
-0.09232067870417393	0.808608318949378	-0.581058928861317
-0.596799789838401	0.17575474455541382	0.7829050265613967
0.44554513265872564	-0.738885823457291	0.5055069481797053
0.6673226697879809	0.6505059643539804	0.3626602331755431
-0.3424372604773953	-0.8954672816695701	0.28438542525250377
0.9385158615411304	-0.34015144442663314	0.05903365557192605
0.043871406091511245	0.28711555568061076	0.9568907761148959
0.6466594780725221	-0.36177350647650997	0.6715291873259597
0.5394370455975148	-0.40553696552648244	-0.737934579369064
0.5392950892192492	0.839440110790081	-0.06709029095732766
0.7592675424321211	0.5049652969088103	0.4105153443257439
0.5753401903441411	-0.8156508484334255	-0.06080591109917126
0.30413231394222917	0.2823539310291779	-0.9098240452134221
-0.6909656561642912	0.36978511672455505	0.6211484761717263
0.6267522810667149	-0.12170776663304439	0.7696549861586464
0.36020555267669047	0.921111386852971	-0.14766777857974445
-0.897021485220489	0.10172313213505363	0.4301219123009921
0.18770738765200212	-0.7933584142794752	0.5790927068378752
0.4001479622260857	0.6001956604979669	0.6925653596922967
0.5726983892859857	-0.1525393317497748	0.8054491338244582
0.3721791248709239	-0.8270557599469157	-0.4212617582322705
0.7304103325662575	0.5410272841622341	-0.41688154657226906
-0.44278600886780506	-0.41568387836800935	0.7944478986162967
0.46878143856230525	-0.8626204730008835	-0.19007862167847017
0.7643196407331002	0.2882582745120448	0.5768211628962335
0.7938156824355038	0.13013669018738266	0.5940716322014783
0.1806729077474094	0.8822710275553604	-0.43468969891464504
-0.5807012680591901	0.45239614919170323	0.6768484036111534
-0.6312019150481445	-0.03258657643091892	0.7749337116657568
0.5202681095368852	-0.7587914882721116	0.3918629499260028
0.5752436324188822	0.6505179416144532	0.4959043970355824
-0.5899212847515625	0.3709721045934664	0.7171977240695621
0.5226079388226156	0.8525009486919237	-0.011093906388072228
-0.6155272699699362	0.3682686927948997	-0.6967814218465447
0.5775994691760145	0.0537199156500707	0.8145508111039701
0.5051380654800988	-0.8073674234005148	-0.3049481569621907
0.6412600003201585	0.5875985145438701	-0.4934709694553747
0.9234534820043836	0.35225781024770203	0.15214500219683053
0.3694314160927408	-0.9233720115391579	-0.10442488740641112
0.10370195455097177	0.1526386694963743	-0.9828262009107638
0.6879412442263944	0.301689176729113	0.6600912703079406
0.725399546251215	-0.25690749173807625	-0.6385875343188139
-0.02307255492510374	0.9181406108725183	-0.3955824514255757
0.22436993445912634	-0.17401863956451574	0.9588407821921857
0.791405825260834	0.606661890720358	-0.07508774927255824
-0.5686254938481262	0.7756796139075176	0.27383605371509967
-0.2980450069719949	-0.26431009525098764	0.9172291684020291
0.2911179783469529	0.8899532723332859	0.35104628718512226
-0.9090761775023295	0.3716494942976381	-0.18830070867116588
-0.17065762186316658	0.005816333308915095	0.985313222466261
0.08298980555089902	-0.996344524195333	0.020255401269740833
0.9818292459866084	0.08522769134978286	0.16955109068523821
0.5611714383057795	-0.3245710906887192	0.7614067401323408
0.8252758020765905	0.14906326995378472	-0.5447017459651893
0.06329666133899275	0.9340416204001942	0.35151071679753454
0.18954460510468651	0.35570102945059673	0.9151773709634073
0.8879717093301824	0.33567063323607704	-0.31437472769312275
-0.41902158190830996	0.8722396480501655	-0.2522278935097797
-0.46844743284480517	-0.16985042658342267	0.8670108622448405
0.6199549661220578	-0.7623673034292704	0.18561232352023904
0.6294544007644325	0.6244573061878714	0.4624286216346005
0.18035363290160056	0.4684582526616052	0.864881166757856
0.8023992806736793	0.43848585431985465	-0.4048278028196051
-0.5688830824286804	0.7669921910128048	-0.29680804815877293
0.24996004215690826	0.3551429391591525	0.9007738173872034
0.5331517052205902	0.7260884125208629	-0.4342175450431616
-0.8082507262881323	0.5887861326223061	-0.007851973406396873
0.2806194551985146	0.24692396273345085	0.9275134920808961
0.7704497116078585	-0.6342550777615674	-0.06424747634760375
0.5724159005892977	0.732631594296668	-0.3682268102553996
0.9498302337229352	0.24417847141411755	0.19544667099671814
0.2997211035505258	-0.889200747950446	-0.34567222904193934
0.08938560953693497	0.3869094260188461	-0.9177751951679007
0.7464569042595045	-0.024712832789170525	0.6649747107814338
0.572875412371127	-0.4845484638315789	-0.6610798348906648
0.3385496300159375	0.8744152686761548	-0.3475371720004641
0.6098192698738967	0.021664131769906614	0.7922443584432289
0.34388652918482565	-0.9078553641105467	-0.23987641172262053
0.7140465763069531	0.41872342094795967	-0.56107769837515
-0.7446748047185539	-0.20341375835797845	0.6356746637455876
0.5272993525225655	0.4045736248139655	0.7471784090390808
-0.4091635712605254	0.8915957744491451	-0.19401584197627364
-0.7673074237103157	-0.3917703190733054	0.5076961045864332
0.433602299665961	-0.9002443350322038	-0.03935966167048548
0.47247048928311725	0.18993723788563782	0.8606366727144192
0.034813000735044786	-0.9193324511822917	0.3919386421150394
0.9790401989684961	-0.04737373030731584	-0.1980808382466535
0.2006697380861125	0.3906194745272295	0.898414204215696
-0.6305527230587105	-0.56157261627983	0.5357606369339507
0.6340731715576542	0.025374436446702453	0.7728566174173772
-0.44760973688478145	0.8270382909029299	0.3400782098669328
0.9930341002635815	0.00766540445098772	0.1175777074461903
0.11754014527352953	-0.1340720680265064	-0.9839761149662999
0.008221311499798031	0.9909419368205677	-0.134039128195929
-0.46930216108306944	0.8570344688089349	0.21271436452705222
0.8824456503450868	0.4463578733417194	0.1485069799467169
0.03232886929352333	0.25740351236773074	-0.9657630537719684
0.10553694718292328	0.04146165639830174	0.993550644822909
0.9842157587979368	0.1383792824574217	-0.11032005402632372
-0.14206087748958446	0.989511043513552	-0.02620308858915421
0.3545991078422085	0.31419200858384433	0.8806491097250705
0.8501295903358383	0.2837882171327164	-0.44355825711179564
-0.38928030049429607	0.9059512291280826	-0.1664728749327855
0.4057368843523317	0.23918671581611703	0.8821379119237325
0.4434163009017472	0.7924487692004173	-0.4188161079607074
-0.7992243519629978	0.5610834725509599	0.21546640587219723
-0.4402997069650736	-0.19928739083087732	0.8754545698677298
0.8881524286397057	-0.23960140068523428	0.39214338231196344
0.1316109096840507	0.9501977187120033	0.2824940066738435
-0.7761969362560752	-0.6147351689644208	0.1400677985297386
0.6214476203244278	-0.7834369493159568	0.0054223278776897935
0.10640099313346832	0.09125359436642616	0.9901270676915258
-0.5979326299877343	-0.7475429191459557	0.2892337359830179
0.7619182840996943	-0.642134177876265	-0.08452352310304145
0.24891182846648416	0.1698330993590944	0.9535195960291302
0.03537324530342023	-0.731482790052067	0.6809417459477337
0.8503294266834122	-0.3359538213446893	-0.4050615953656439
0.5250605675852681	0.5933531476124018	0.6101175645607095
0.991460973831636	-0.07391918177793057	0.1074294742335889
0.12158103848271816	0.22611133749964263	-0.9664842027346265
0.047150699361598956	0.9712927558771371	0.23316773775612298
-0.7589900763365554	0.017217859702079612	0.650874495836109
0.12123416293592265	0.9859057422332883	0.11529156590425409
-0.639715828911444	0.1664133790856622	-0.7503800673668215
0.7274344777876676	0.40071146605923924	0.5570183134282377
0.569188472679804	-0.805749647374413	-0.1636825840596417
0.38322782139898903	0.4361167581332604	-0.8142104213169472
0.07536086985694368	0.877728826273528	0.4731943013423765
0.9180625677892683	0.12414892898107466	-0.3764945750698504
-0.38920670718601436	0.4627949340273153	-0.796454008791514
-0.3918765274833096	0.8502781497140524	0.351368546296436
0.9139038502576338	0.40372092232298173	0.04229857400614795
-0.10588928034459207	0.3376928856187655	-0.9352812279258984
-0.9664092886390545	0.16807144701784488	0.1944352733674733
0.24745488294688683	0.4041494487591816	0.8805846375978813
0.06942022571195539	0.8991191310193424	-0.4321638815277413
0.58940649550136	-0.7378432035339596	0.3289185158356841
0.8042188844571082	0.4974376191214751	-0.32525036658753
0.07636732903126592	0.45622716061355023	0.8865804018672689
-0.6482088071412304	-0.1856056181416595	0.7384956986054799
0.36413674417604075	0.776201058154722	0.5147002514671648
-0.6687524010315148	0.6025466553170322	-0.4355545365173479
-0.7985707262346518	0.4323142903905267	0.41879487762530826
0.4666828402767653	0.005304856817536785	0.8844088336766864
0.3801209304843299	0.9017073875810717	-0.20598996429303673
-0.9726215411268977	-0.14248972526671713	0.18358653526158702
0.19715008497726136	-0.08765491359597055	0.9764468547319621
-0.12304138218256933	0.9859073457054158	0.11334691859377777
-0.5820444667025755	0.5139212145256185	0.6301660289490598
0.6834195862848123	0.7291067040546578	0.03662080262432485
-0.44063806901266506	0.45198274232880487	-0.7755963465448521
0.9303139856240557	-0.35928553267096797	0.07368713704319914
0.366502718868586	0.9031114297998437	-0.2237532176904196
0.013843598311804848	0.23516728381775578	0.97185631829379
0.9981136975134384	0.004476924596828892	0.06122911057827578
0.054621305066804265	0.39056176298713763	-0.9189548532573174
-0.02802784095950875	0.9205658403604454	0.3895805098982946
-0.8517288405706485	0.40431113401238344	0.33330239881194856
0.5142730566257768	0.5231374031700279	0.6795958215243088
0.1004052058857469	0.7502398045412815	-0.6534975365775302
-0.33815021181108573	0.42769682801964304	0.8382898410180417
0.7906273909078417	-0.3540465256909422	0.49955919208081034
0.510453487595468	0.8317009564429446	-0.21842791958335894
0.4351297021867254	0.28566168685832705	0.8538498362921592
0.35491068863648967	0.8171303524696838	-0.45424265559758153
-0.827466340926605	0.5006949048412871	0.25417330091791734
0.16956470523032807	0.40189861941787425	0.8998473817543498
0.9546090349799541	-0.29386424776382936	-0.04863531865670967
0.24488650651841332	0.8672492741975663	-0.4334850577920786
0.04619275736528927	-0.5935259371139581	0.8034881400120287
0.9978643922749055	0.06460351483002036	-0.009645750434296607
-0.04618315490332936	0.8022177683426148	0.5952426130231016
-0.9967252295586566	0.031330200270009226	0.07454686654906079
0.07420499795660851	-0.01193803094095447	0.997171550785276
0.0321315271890723	0.9994377929457609	0.009574079183085393
-0.5888280130260155	-0.12849685084499715	0.7979787781631497
0.331102408876488	0.862293031492942	0.38317348900321785
-0.7373281263535397	0.4898359798561461	-0.4651966755323471
-0.8247510301756478	-0.003250953637840004	0.5654866660891773
0.5576076663816958	-0.17111846299143196	0.8122759149548936
0.09412453780267663	0.9852450978938666	0.1429428853057677
-0.9364122534207571	-0.02198972028611501	0.3502121412018704
0.251423432449367	0.6541636948255376	0.7133415156764532
-0.24478224865957698	0.7560332747795823	-0.6070381686246935
-0.5819681586148782	0.17281148714135633	0.7946378120064517
0.529177535464311	-0.6614943599295033	0.5314097738481807
0.6174821441291447	0.729768046500701	0.29352069771691514
0.29658785005683896	-0.10900865366053147	0.9487638065534437
0.7352562000125219	-0.6079328473723162	-0.29969313210171233
0.609453827243548	0.7864698128427475	-0.10015620772216427
-0.23651176082069614	0.23024890607920662	0.9439531917647308
0.8204882436138619	0.5677116412352943	0.06710092769380033
-0.5204433005476523	0.7903726549263057	-0.323187000449908
0.9498598753916571	0.13118681316746728	0.2838243068729487
0.21562125942729626	0.38254461363377446	-0.8984247831971093
-0.22643694399088746	0.9145762071204073	0.335077113162504
0.9990703654515434	-0.014794721624687323	0.04049100009344899
0.016858233829443726	0.9985510085138546	-0.051104631376379356
-0.03967625018410228	0.051739729493029116	0.9978721338745344
0.8901324085466134	0.24022841669005152	0.3872397230006187
0.40252684433678315	-0.8128463929132204	-0.4210141103528927
0.2136268588995215	0.5306326877818192	-0.82023930399254
0.8556251274609968	-0.5170298023583958	0.02420381644681197
0.517369723920993	0.8556980737171834	-0.01045826977167906
-0.015303921957079272	0.021470680239335883	0.9996523394974834
