-0.13808940242284007	-0.7117260089958248	0.6887506116566274
0.8625086459135463	0.25541062782283186	0.4368572386026446
-0.4868368850681758	0.6543787124548155	0.5786003353119438
0.769698230974854	0.21789188953206562	0.6000731269689773
0.259109826427516	0.7524296008694673	-0.6055673319987768
-0.583460993625866	0.621588947948369	0.5226858030457275
0.94975527223868	-0.10355416619779412	0.2953666492986479
0.19776613040686952	0.9299827639241314	-0.30987193559263565
-0.24259736296737425	0.35271602383094686	0.9037355398644911
-0.6098080201115064	0.4056776160567147	0.6808522970793485
0.7309274204823947	-0.04424287730912768	0.6810195840020768
0.30639726597121764	0.9129448174111895	-0.2695412320358661
0.5994146357917723	-0.5345466788003934	0.5957868264589995
0.6826503182019379	0.7300531588959068	-0.03179509781241002
-0.41796009074720264	0.4257725136379483	0.8025130087251005
0.22880437338520854	0.8195439713682711	0.5253534407555783
0.9492667069879301	-0.06823757007008058	-0.3069794016464662
-0.2157342757284839	0.5689387603467124	-0.7935788613937831
0.9473012986849817	0.11292785176665354	0.299779168397532
0.1954761530463372	-0.9451577568960632	-0.26165987114841766
0.25378991922444843	0.30647041435442063	-0.9174238726049573
-0.9937151058398996	-0.08189666708158057	0.0763100540330415
0.10822112989029882	-0.5286464123238319	0.8419151725574305
-0.02860901030906218	0.8448821850755701	0.5341868754200783
-0.9860275566444654	0.06491548157839362	0.15341329078404922
0.07584944431466804	0.9948978212825641	0.06652207907426877
-0.1483122359581369	0.07722891594896586	-0.9859204710352889
-0.8902512930685913	0.22105022729259502	0.3982328868935775
0.4545902668055506	0.37691939269086827	0.8070188726041079
0.02829000734109338	0.8994823891702599	-0.43604025852804185
0.8950466644344671	-0.035141848199549436	0.444585783611953
0.44328226062773124	0.17943477708232114	-0.878239146352624
-0.04891120421235401	0.9831420097211478	0.1761802566236066
0.19286244471555958	-0.3764569354630695	0.9061369946978725
0.6853510809766932	0.7125617712056496	0.15016530231829717
-0.7022093514205118	0.5920607215126011	0.39543157286635866
-0.4427150256173944	0.8036677488105387	0.3976450120577279
0.864870785096692	0.2656901372517687	0.4259193304528075
0.23664727164880078	0.5324724410605088	-0.8126937727903676
-0.8394212799726704	-0.484088696247878	0.24704260542277573
0.5209463171771237	-0.846221256242373	0.11191300238654756
0.1548768844877607	0.22263809118973665	0.9625203535524615
-0.01757457342081903	0.5165666896057481	0.8560665800969192
0.5993772653493183	0.6907423439182027	-0.40450204956311436
-0.800273720767744	0.5059978947665159	-0.32175783182450246
0.7327169034486252	-0.6668482918042488	0.13579136614090637
0.680387877782242	0.7136998871901987	-0.1664476097505592
0.014081021540892753	0.2143497766326176	0.9766554653970416
-0.21736424498359552	0.9187252711971755	0.3296917667555372
0.9622925432502173	0.2582896994967405	-0.08531994103907911
-0.1635415733314921	0.298714424153839	-0.9402254232867242
0.11631885084767024	0.8695063621591992	0.4800298023062249
0.9221477110284251	-0.27407436226032833	0.2729960494157947
0.3689356637443905	0.4109037966681135	-0.8336933164546878
0.9166781011644383	0.011715123671456482	0.399454646640795
0.05750357547532224	-0.9930346803838037	-0.10283706706529425
0.3954675683960871	0.11723855778881104	-0.9109668067029042
0.8162762844071518	-0.1276872622096571	0.5633728699394894
0.566384702524908	-0.014855354789028219	-0.824007091704837
0.11358431344259665	0.9917032224932489	0.06019403821209868
0.20972897123658796	-0.660072941133031	0.7213303480431366
0.9762844734689815	0.10086324411733427	-0.19155999804113666
0.053687852326534224	0.7443993003557412	0.6655729082094968
-0.505586784814577	-0.34289454560142907	0.791710384937351
0.8459622585979508	-0.016744781388916774	0.532979801985114
-0.16949884969731427	0.9392246498538179	0.29854178444274826
-0.2997329676142537	-0.17678704579991372	0.9375001272333205
0.8636466992153702	-0.46776376752052107	0.18791337560004734
0.4053079410270037	0.8659927241220609	0.2928857707504813
0.1609469264263661	0.6426413985610889	0.7490715050843636
0.7474224277895766	-0.5750225902313479	0.3327292219820298
0.6445586096787795	0.5063210973079033	-0.5728727128340814
-0.22286147469636863	-0.42613180538029016	0.8767807294526346
0.9096854510577553	-0.41421970903279615	0.029906734737074614
0.35043564777289404	0.8042597323577254	0.4799595187907747
0.9492475104274173	-0.013500613295894956	0.31424019059946007
0.18567001392172533	0.8304852050420204	-0.5251866050620672
-0.2538814878593093	0.5568770579283618	0.7908426723915417
-0.08456006061212262	0.027801025111515887	0.9960304709957539
0.8458003789034474	0.5304457459610367	0.05700025998734137
-0.5267554605279945	0.8472628952070239	-0.06836864200313242
0.9234577757260642	0.1049848508383056	0.369058149273971
0.10568235362191815	0.8550449374618929	-0.5076705575998272
-0.3688590199303818	0.5078152577613696	0.7785028499631532
-0.9616420069496567	-0.2611347703000728	0.08398382112148346
0.26597031173869445	-0.9625476769562382	0.052552477199194564
0.06711515286028065	0.07287387272869722	0.9950803761154486
0.2059182619580483	-0.16048436049598133	0.9653198637904291
0.24394089747931372	-0.9469001692838401	-0.2094586067632984
0.9476763729929979	0.2786123461844988	-0.15583533817592654
-0.3386260593917647	-0.2429058775724341	0.9090264718596324
0.8373954914376868	-0.5183538566676233	0.17343030357361616
0.4290701374142001	0.8199426894110144	0.3789364105767514
0.6402613691145662	0.19135767808642182	0.7439406012961751
0.4913303933217441	-0.8464740511851212	-0.20512465787551976
0.5904742363709372	0.4968540225334018	-0.6359844781710764
-0.32780343123972533	0.08615484659673339	0.9408093605377001
0.812617489198028	0.5336388999973085	0.23426980313125206
-0.48186899331348965	0.8413125856764274	-0.2449395975857891
0.7644143471639766	-0.2617130749842484	0.5892172538479848
0.5037815531437043	-0.32785232535201514	-0.7991977223900187
0.40233674025868993	0.9077549884983093	-0.1187688018565729
-0.9902587199709694	0.06526254710872985	0.12299783520996355
0.09950283681106596	-0.2862385219507566	0.9529778035284957
0.0974004773499951	0.9559332134078857	0.2769563837785046
0.7441037363377954	0.2478976079152047	0.6203679598093798
0.6124391322016463	-0.6240930911108573	-0.4852072989720889
0.26688562890539347	0.7409821790148633	-0.616212196784645
-0.4930181496993251	-0.39708427401866087	0.77411703468799
0.8609115885894434	-0.09425577222759585	0.4999470832339964
-0.12555612569466534	0.9129293120109861	0.38832425957142147
0.38685478253432226	-0.46110331060922494	0.7985781828822616
0.874106047819785	-0.09249166919998397	-0.476847888003582
0.293737968936939	0.8825129053298957	0.36727234789865193
0.7173070938064574	0.5922072123373814	0.3670982849735502
0.6745615995249234	-0.7221754820708621	-0.15306606920573623
0.17446255077039047	0.3574257835569589	-0.9175018406670274
0.6228887091117876	0.7383100927935251	0.2586655426226444
0.7752079301555863	-0.5380645528227932	-0.33096707089905303
-0.10517756930516273	0.4066752314498924	-0.9074981735740484
0.47348737534570773	0.8096111998693674	0.3468997123583649
0.8400619164706904	-0.2966959718260813	-0.454166794028106
-0.26477477576956554	0.5064594804604418	-0.8206053331339711
0.6488104495336061	-0.0276379866635858	0.760447987878976
0.6952537733082185	-0.38466831210273633	-0.6071675883680848
0.3093011336492066	0.9226410089288332	-0.23036140598220967
-0.16185342133880476	-0.35261582828871624	0.9216645526660914
0.5649480842634168	0.732666103946807	0.37951817112557623
-0.8090964912098055	0.5821189378191276	0.08062512104990505
0.8888776368229393	0.3203969538343548	0.3274787607307277
0.4513617837395906	-0.48987774514800075	-0.7458500754093447
-0.07854353528764718	0.8107808500343212	-0.5800563130267107
-0.22688518326600216	0.6261078746262918	0.7459973478138512
0.7928539774680721	0.5635773967086091	-0.23186868769241986
-0.5656020544759454	0.5388593946941026	-0.6242794796583455
0.10802639937264469	-0.07503587568620496	0.9913122184249451
0.8816941379626485	-0.45344276239302195	-0.13040363612908734
0.4592883017461732	0.8881212071521486	0.017174902786517232
0.06633748951577156	-0.6796114463128087	0.7305666427680348
0.9683708850079604	0.22035443402458144	0.11705448506830429
-0.24053516697906036	0.6996943657385837	0.6727336976843339
0.14799662192407226	-0.51437324585603	0.8446994517854236
0.9826051706826915	-0.02040292569759261	-0.18458277051398148
0.11217877894995065	0.8573236754986475	0.502406246958363
-0.40461938099368067	0.34744084938942593	0.8459125325350401
0.5219183935880563	0.847304614584062	-0.09836707039968628
-0.7509223308430464	0.40169608696140957	-0.5241716386462913
-0.11463197644708734	0.9650131679677701	0.2358158086826299
0.9931534778243628	0.1167003600469314	0.005214925722352826
-0.0224873177859769	0.2347990877616965	-0.9717837768377633
0.46443672177561135	-0.18587822302227647	0.8658797940086166
0.229538842725161	0.9695790162898652	0.0850202966989122
-0.8553423005713662	0.15926649797260603	0.49297437202842986
-0.80989794595778	0.3692089306263639	0.45579609770061164
0.3801198749024411	-0.261453476385042	0.8872152841280003
0.4467372805548259	0.8918109918765931	0.07140698096520914
-0.6973959006023818	0.1431916851360044	0.7022357859942087
0.3313625063083127	-0.8043941549365792	0.4931013414268309
0.635482373662768	0.5765814641590362	0.5135328304521104
0.060179080066699586	-0.32410254106136677	0.9441059374878917
0.6729256797082492	-0.6854070953630411	-0.2781872448822741
0.7372581012857822	0.6520541821839384	0.17684975426875438
-0.9001651487151985	-0.42150241224878104	0.10971974073521724
0.43541281180240576	-0.8645700840339856	0.2508670028357451
-0.010880641381254455	0.27359511373912654	0.9617834087679029
0.4892831695167421	0.5409589698015287	0.6840799463651304
0.8664031689271694	-0.21179689866034512	-0.45220307671533844
-0.09973729944514126	0.8139443879707804	-0.5723172235659715
-0.587082428692711	0.19178398732800533	0.7864814836503393
0.43258316030814575	-0.7468688171995956	0.5050334437566423
0.684255823020955	0.6367149064529963	0.3555110357815454
-0.344504299120582	-0.887847707947734	0.3050298925997112
0.9359540584012795	-0.35004271145293697	0.038211264318911975
0.0728477072364701	0.2986579107451042	0.9515758844673182
0.6467650057536183	-0.3559439500727173	0.6745360863135145
0.5486506802640335	-0.39721237265995235	-0.7356662028744181
0.5297900134754668	0.8458878385533641	-0.061614172145558976
0.761492447489211	0.521131865321508	0.3854229253215444
0.5839365879462786	-0.8096550182178539	-0.05896450400287166
0.28133132366401953	0.26996357239667007	-0.9208541447505563
-0.6913170141648943	0.3456030169242854	0.6345386833117169
0.625521486213786	-0.15331322372389056	0.7649953762711802
0.3616678810884809	0.9257718996190262	-0.11019407272965287
-0.897019469098447	0.09615745998068403	0.4314044679281879
0.1928823547373124	-0.7930417112694941	0.5778245766820077
0.3976838811032317	0.6015302046255159	0.6928267775092528
0.5637712174665326	-0.15051661996518992	0.812100216396079
0.3811327315916452	-0.8248950863135249	-0.41747567292633136
0.7327345053058404	0.5448787421895415	-0.40768529657586217
-0.4449493760280623	-0.4010556111827944	0.8007336945021317
0.4670805867767438	-0.8668044342529455	-0.1746018276414192
0.7641045597485534	0.29631818961755685	0.5730093823605709
0.8104863291006188	0.12992192430669883	0.5711674044668934
0.17054353603873426	0.8805089555630752	-0.44228823349556495
-0.5603809531527711	0.45587747559806774	0.6914831267543156
-0.6216837076956732	-0.029122950258432256	0.7827267858927568
0.5316884186236894	-0.7494992037451809	0.3944088856590078
0.5751667524181149	0.6613643453903337	0.4814357792678211
-0.589488819089123	0.3836570159817805	0.7108517610985196
0.5134195733110066	0.8573415995122344	-0.03695569627198683
-0.623621098031533	0.3431802381165897	-0.7023703084955866
0.5663899974285748	0.038565981227419	0.8232344963039544
0.48530560720366084	-0.8229536092216456	-0.2953401846782011
0.6660937159511005	0.5667980435402316	-0.48482897954786197
0.9280422798352821	0.3374482473791559	0.1576902253751573
0.35470306542714236	-0.9298661758586355	-0.09764543189840454
0.11368052698118652	0.14655229556296137	-0.9826490535539667
0.682771110915688	0.30372920257791003	0.6645089778177148
0.7306107484768293	-0.2768331645129021	-0.6241564973913994
-0.005616432059999399	0.9116534267621438	-0.410921507302497
0.20291518648844775	-0.1615058927320236	0.9657853145006868
0.7967370947843992	0.6006050156619027	-0.06695981598153389
-0.5692410990844511	0.7830641492078396	0.2505496145248054
-0.31612440467835956	-0.25145702266057035	0.9147867109449254
0.28108766276169805	0.8961162788617004	0.34346082833741765
-0.9061209006583607	0.3657116083934725	-0.21260275839306697
-0.16578413004601544	-0.049623686558341	0.9849127433215822
0.07334174869233605	-0.9965877262145579	-0.037866764546848064
0.98343103984145	0.06595751428651425	0.16885791715376675
0.5541696724605707	-0.28649100579806275	0.781549024515902
0.8320145112097816	0.16193215049813126	-0.5305938482223466
0.025452450987907993	0.9442991486980515	0.32810256095745916
0.17037315446853651	0.39327929259088845	0.9034956481664151
0.8783560881252931	0.35496325132270523	-0.3201432064930419
-0.446613446606428	0.8481347111335702	-0.2849630521325581
-0.4666475708238558	-0.20202093369356677	0.8610618949841957
0.6338001261355584	-0.7554195187786863	0.16624906242962248
0.6168771715299124	0.623320858786033	0.48055557664800586
0.16734550125287262	0.44775569272032656	0.8783566034629474
0.8137112875629586	0.4403044591935851	-0.37948112430907105
-0.5566591629561638	0.7782331417067672	-0.2906608908094759
0.2596298213147211	0.3717441945902572	0.8912904182546376
0.5222663921387678	0.7222744096774942	-0.4533844866858392
-0.8122993115388198	0.5832031643548139	-0.0066255233824221715
0.2810890224600975	0.25005692625122267	0.9265314323250007
0.7688214781702496	-0.6365030362290773	-0.061460715707499114
0.5743713921815214	0.7296131978692245	-0.3711631519136893
0.9485832695139311	0.2349247111723623	0.21213241355069457
0.2998629758654621	-0.8815563875918888	-0.3646101084734873
0.10135075975724134	0.40947370559844376	-0.9066748633992829
0.754316382367454	-0.0362605177510556	0.655508939789918
0.5611854412285846	-0.48255287055408935	-0.6724683097909423
0.3407017696536896	0.8751159363035468	-0.34364866096408786
0.6060730015496484	0.04664910566811836	0.7940399094081887
0.33453750288737166	-0.9206409625183447	-0.20125823534746995
0.721637149788231	0.38761331126995696	-0.5735815068251919
-0.7367283559601887	-0.2098439715712664	0.6428038869821768
0.5228086636635526	0.4261165954291771	0.7383059990939919
-0.42883846693426175	0.8799944060589503	-0.2042239324428643
-0.7604502536086506	-0.3997795256290675	0.5117535956633201
0.4538517962236882	-0.8908179404614052	-0.021492882929765103
0.46447169865458005	0.21591602034100799	0.8588633845432174
0.03480688856169056	-0.9286547624255156	0.36930856033006243
0.9831275533023195	-0.03458383543393162	-0.17962230447378671
0.1795792149622251	0.3693295148659095	0.9117823287399591
-0.6326865967394877	-0.5584121524814083	0.5365477968152372
0.6252472025499345	0.040450234807727026	0.7793777737448515
-0.4569175045997754	0.8285768802380864	0.3235533148110741
0.9895846800822183	-0.003233769539592257	0.14391561305549322
0.14183721859291568	-0.14883121101502228	-0.9786375601056947
0.024583823307189126	0.988857327101522	-0.14682241746148383
-0.4720655171365815	0.851133426403567	0.2296215102926896
0.8810745064003482	0.44684374498100066	0.15504316090281872
0.029357481192276852	0.2755041887701133	-0.9608514871030627
0.10877240015663814	0.06261093604927292	0.9920929571623811
0.9820384037723685	0.1480166147645725	-0.11701134675686264
-0.15417243099978278	0.987000989077858	-0.04538622124551872
0.3446125483942596	0.28036613854968523	0.8959001171134833
0.8538864168156599	0.3028948135002517	-0.4232407342545862
-0.39002586922783405	0.9108510088424927	-0.13501948386690787
0.36606287214909605	0.26359791866300486	0.8924763923547144
0.44055686736452815	0.7956736956735424	-0.41570785009566597
-0.819699713463356	0.5453618131935339	0.1751367250417596
-0.4256641686828009	-0.22539928819207866	0.8763590453587411
0.8975037702811611	-0.22858258428550493	0.3771431883150754
0.11531260915737013	0.947071889057987	0.2995961266863365
-0.7698928903384707	-0.6235673421527498	0.1357523745900284
0.6279361620573817	-0.7781534541261403	-0.013167316059208806
0.11384688747138229	0.07510640207141402	0.9906552955397582
-0.5833807161957418	-0.7560070644563033	0.296850565879713
0.7784924095568877	-0.6246829726522125	-0.06099796669320748
0.23155238766476577	0.19551087481405602	0.95297376123175
0.031704126291577706	-0.7430680076170816	0.6684644975105771
0.8616946015264323	-0.31855449737235153	-0.3949752472042408
0.506435842013863	0.588534593936354	0.6301981987151982
0.9895401346644753	-0.058456164620254755	0.1318832768250082
0.14143738977630743	0.21324597238913068	-0.9667065842504018
0.028386381620011884	0.9752481899894528	0.21928333557482038
-0.767357177823895	0.03132187269916708	0.640454449537798
0.10385205497690883	0.9916901277813465	0.0759305020271152
-0.6327540693817937	0.12477832644988397	-0.7642333785756457
0.7446610064188053	0.4203523342475448	0.5184437294557359
0.5504768607878738	-0.8260477060592899	-0.12091490003846697
0.3774323929612557	0.37543188783962533	-0.8465197495254999
0.08867672452312414	0.8862080296425375	0.4547216365260637
0.9278766381788967	0.0925047756808628	-0.36123096600106475
-0.3621897056097524	0.45395836226830855	-0.8140887067617364
-0.4157898602812313	0.8476276733192272	0.32961510813484807
0.9059890894133749	0.41767877581309554	0.06876198149557361
-0.07938867646735162	0.3272182263546873	-0.941608023749827
-0.9614458723079604	0.17882750892099836	0.20890801007882812
0.26274901804426976	0.37321260545451274	0.8897613751150508
0.08114670750410943	0.9103477759532148	-0.4058104713758359
0.5982525033116226	-0.7288096947509745	0.3330621130035183
0.799693900216753	0.5166643250042858	-0.3058555888388889
0.05082920654008624	0.4493266118369322	0.8919203931168118
-0.6436242792212521	-0.16813699970099352	0.7466443172813089
0.3612751671601472	0.7932922591981775	0.4900690207406089
-0.6747058920673004	0.585164370777818	-0.4498384358654435
-0.7938720853255183	0.43466624573368834	0.4252438911503542
0.4737070347145656	0.00359139287540422	0.8806751655174275
0.3812725500253681	0.9005844528510337	-0.20875556490823888
-0.9739095704657093	-0.14926550621846585	0.17093846029680765
0.1855985880646444	-0.09044834686899983	0.978454015606802
-0.13058833280086157	0.9846516669371004	0.11579197784942241
-0.5727442480349432	0.5196387751459675	0.6339870422238028
0.6945113449225631	0.7184479314658812	0.03855595344754226
-0.4354515106377976	0.46239389392291397	-0.7723819448602256
0.9341627749169705	-0.34503829185299545	0.09104112869792746
0.3568411506580022	0.9017508461082455	-0.24394631528296618
0.0020744050950611756	0.2603727879372776	0.9655059337700992
0.9974765755676702	-0.02256596759954217	0.06731462174067651
0.07083427959053923	0.38034900846255615	-0.9221264211573378
-0.004794374691580075	0.9245676875534029	0.3809876705399663
-0.8518202607670091	0.40909610443975647	0.32717368579860096
0.5119690935890805	0.5179940114947248	0.685251670019985
0.11085977880368122	0.7512140716119601	-0.6506823557280317
-0.3443272489981095	0.4631392761754926	0.816664408714519
0.7957399388286766	-0.31765316573451097	0.5156495089222694
0.49823357509337746	0.8274046634884796	-0.25916177860013967
0.43705868544919946	0.30788629721071126	0.8450951032063168
0.31733544863230356	0.826378757481655	-0.4651842239633784
-0.84159248957839	0.47149143913007957	0.2634727771749751
0.15539320439395565	0.4117576673167989	0.8979468667098329
0.9619278470904591	-0.2699507110203361	-0.04267822174750607
0.22482831009482013	0.8703920019309939	-0.43802967245891455
0.033780295328205256	-0.6006957521734941	0.79876373538629
0.9983911323175969	0.05670072424077521	0.000418067169365377
-0.04554161346643043	0.7974645077941032	0.6016446794010422
-0.9959874606044845	0.012868553245435982	0.08856285144460575
0.088502343139997	-0.005198909513121297	0.9960624009561873
0.013278312293366026	0.9999036811999661	0.004039151568843602
-0.5619288280061243	-0.1369398930672175	0.8157716947421029
0.3363778061254402	0.8631468088084719	0.37659999733136873
-0.755702298396597	0.4860298881041064	-0.438963533869968
-0.8330609981486861	0.0038752410134736404	0.5531675658158225
0.544904218222418	-0.166586795432631	0.8217835679489474
0.09533502151324127	0.9860191793746074	0.13666532690662825
-0.9290853826636343	-0.013241798369607316	0.369628200353688
0.2697280332156067	0.659540641315155	0.7016073906047702
-0.25307536391045266	0.7515522584820915	-0.6091978848880375
-0.5774887054455953	0.16919936512746228	0.7986728804230394
0.5262476750762427	-0.6707749903286795	0.5226129512616479
0.6241555732024029	0.7221028231422614	0.2983242082874872
0.30138757914204095	-0.1041248037676325	0.947799320731584
0.719525756201874	-0.6274086744142826	-0.29772645403429365
0.6256582240337145	0.7716970782049553	-0.11417270334416019
-0.2490866991018188	0.2181409775152902	0.9435943674372126
0.8099880336635501	0.5810336523033883	0.07949390047570154
-0.5309192044486762	0.7841010195246905	-0.32141933595837946
0.9479863027888572	0.11753282565993069	0.29581751911796156
0.2338930262220273	0.3731565505452684	-0.8978018941113115
-0.21590743852265787	0.9202935529914076	0.3262571904388252
0.9999998117157817	-0.0001931765710238716	0.0005824527565914347
0.00019342788398151055	0.9999998882190917	-0.0004314480939951176
-0.0005823693458209638	0.0004315606753644772	0.9999997373006297
0.8971470058715127	0.27642441913627874	0.3445530298240762
0.4037823397590437	-0.8294825505899988	-0.38589962472827344
0.1791286463815657	0.485333121445344	-0.8557830854098643
0.8659311565357963	-0.5001630644842397	0.0003755879556232318
0.5001631154423057	0.8659312071039643	-5.014497102736195e-05
-0.0003001526694090165	0.0002312773347632996	0.9999999282095822
