-0.15866605497967567	-0.7034726682031229	0.6927851673414821
0.8556863580504719	0.25208251943510185	0.45194608090077637
-0.4925707458259231	0.6645153184738711	0.5619550265546732
0.785412346350844	0.2158419847967867	0.5801204045701595
0.2587173995883454	0.7369572783570276	-0.6244671945161306
-0.5623101931762452	0.6405514869825737	0.5229732681261133
0.9515685413208852	-0.06239064273869808	0.3010393975331053
0.16876351378089008	0.9244754873602206	-0.3418536963181909
-0.2569750719131531	0.3761016896648229	0.8902310550899104
-0.611440868580452	0.3366056318432536	0.7161261849988354
0.7380861353006893	-0.08363610336312233	0.6695026953576256
0.285252381421216	0.9379241178398373	-0.1973054182426015
0.5774056194761392	-0.5412371898710682	0.611281485813079
0.702131774305883	0.7112603696539974	-0.033461292110909896
-0.41666979985049146	0.44852089233404546	0.7907055627933972
0.2281670982197873	0.8076388230185895	0.543745626964585
0.9495534202160282	-0.06118050749089843	-0.3075796606721569
-0.21514664172606793	0.5864950784587231	-0.7808555855583612
0.946991282614438	0.11391547900828035	0.3003843775807517
0.1996524808419442	-0.9412181032876183	-0.2724837039848704
0.25168710246240006	0.3180121785183256	-0.914068846842572
-0.9960968116692255	-0.06997944213114145	0.05379609150689682
0.08332175599022919	-0.5443241463039188	0.8347267269766886
-0.029131199101803187	0.8359510161663329	0.5480303566494894
-0.9868798594221857	0.04986203251897694	0.15356406083430854
0.05817451785500843	0.9970475586080824	0.05011877239118885
-0.15061164808600971	0.058394722250722064	-0.9868668541774399
-0.8825787924014565	0.23554222266893482	0.40690851126925887
0.4684018590626157	0.3656241408878511	0.8043125549353971
0.04067399205723596	0.9004659065951353	-0.4330205277234893
0.8871328111954944	-0.030083033515298258	0.4605327202218067
0.4566042279503226	0.20238213167886132	-0.8663452266821869
-0.06714130113625494	0.9788444635751061	0.19327586970466137
0.2074685387762938	-0.3584443892962302	0.9102057048821889
0.6680424480684339	0.7316183950666779	0.13584480696291754
-0.7146160458573286	0.5798725237344076	0.3912438666881892
-0.46087808153541854	0.7893842984023529	0.40554139541612444
0.8514719538736812	0.2645002647290915	0.4528080407024331
0.2501737510746641	0.5539964254343757	-0.7940409654918104
-0.835361132060328	-0.511518571891382	0.20129711784595442
0.5368347169428207	-0.837907319690331	0.09858909825273261
0.11823817373339543	0.1904207820054482	0.9745561348904561
-0.0007476129019063915	0.49814827140900475	0.867091541169195
0.573440493844323	0.7105759939154245	-0.4077349100710971
-0.8192468743269808	0.4969205736969715	-0.28618962654531166
0.7272764780256818	-0.6773997774616834	0.11044666588639808
0.6834960940663574	0.7001733581965817	-0.2063743149419387
0.06246610206018145	0.2255810496619411	0.9722197159731044
-0.19263453314401202	0.9260464721970612	0.324545633111534
0.9636552258596593	0.2409171166326023	-0.11544500243320362
-0.18509603538098257	0.2905114012303319	-0.9387984786105226
0.09056862148164502	0.8686612540210578	0.4870574407248885
0.9243181873748637	-0.255375934053619	0.28358247617631166
0.3707198582365951	0.4245123768146289	-0.8260484420663439
0.9313970885797649	-0.0111600748868551	0.3638336379633657
0.03692604386582643	-0.9914767752074989	-0.12494107214426897
0.3621269538015042	0.12980468771450493	-0.9230464844079005
0.8136756127145509	-0.13997637204774832	0.564215041045478
0.5679653162146685	-0.015414185745953102	-0.8229081373123982
0.12388461103289539	0.9900348570359224	0.06695957738134728
0.20075681696212655	-0.6795080116384491	0.7056667503591172
0.9786008875119221	0.10591649082437915	-0.17641428494407063
0.0451331740974833	0.7259824785011072	0.6862306008225484
-0.4878453936777818	-0.37457997599099546	0.7884774654065616
0.8417626537261863	0.037343582005856746	0.538554632024292
-0.23117635402267872	0.9264422801608081	0.2970895401578857
-0.2705494968908573	-0.17020279993524146	0.9475410158015893
0.8770852388900198	-0.44935240368592533	0.16971712059458827
0.3968935039193017	0.87699111979306	0.2708544301848761
0.15685312726052203	0.632794889393675	0.7582662622231326
0.7562885065798031	-0.5707259281856065	0.3198431017107738
0.6351572964895273	0.5232996683105424	-0.5680956485154507
-0.18484293079033143	-0.4382157597995977	0.8796590469040275
0.91771079696648	-0.39721717006726953	-0.005041124368432071
0.351624777380646	0.8063407887903298	0.475578120044436
0.9416885084297878	0.010997874107810876	0.336306110346497
0.17626592600299068	0.8352362748216571	-0.520874926016169
-0.28662357966781044	0.5497812401193315	0.784593851359581
-0.07542576676694002	0.022027078717092197	0.9969081008351823
0.8501479657855644	0.5238952831699593	0.05274626567762836
-0.5211136056353602	0.8514978215330085	-0.05824147960221171
0.9220564443803285	0.08692682383360797	0.37716792105759356
0.1256934485452744	0.8543936748482875	-0.5041950072859064
-0.3660779566834128	0.5123037923707373	0.7768730616729208
-0.9590364471695847	-0.24371843094502238	0.14439674310051534
0.25658738294142774	-0.9633535398821664	0.07818485858379165
0.12005002255563714	0.11203251141608286	0.9864262306276107
0.20143009344540386	-0.13673925172993387	0.9699114879672852
0.25197797006001327	-0.9496482597102234	-0.1862130109143252
0.9465373843958889	0.2819052320651061	-0.1568324586152614
-0.3341857322928763	-0.24217914061981993	0.9108617678772775
0.8498821907970358	-0.4952260888713873	0.18014267308769272
0.4074557130510071	0.8343263059198085	0.3713212317553378
0.6312641307984518	0.18608732354889077	0.7529124153456931
0.5000823751542017	-0.8396904515174581	-0.21174882217037
0.5928095944124111	0.5101876651241357	-0.6231254537633453
-0.3331417548545932	0.09607623956286215	0.937969043926217
0.8081739243834968	0.5415049986915648	0.23157556939069907
-0.4856660160223073	0.8351896147483564	-0.25804423709416935
0.7555945579376678	-0.28599245860176054	0.5893090680092244
0.49219834504299326	-0.34574758409661	-0.7988738306067462
0.4322240774782439	0.8936816668782448	-0.1204799781449315
-0.9925477006616079	0.05281036209526918	0.10981861211434674
0.09132157584584838	-0.2743268076699199	0.9572905370777784
0.08068104917752214	0.960185330157151	0.2674597166950885
0.7372525371045213	0.25795180054405664	0.6244353970820566
0.6102450163230597	-0.6508729410663725	-0.4516253255083016
0.2899305375185841	0.7140205061366864	-0.6372715278674352
-0.5047345954100977	-0.3924948702488924	0.7688893060932175
0.8527990832696848	-0.08836556983007382	0.5147088979636849
-0.1340772604530296	0.9154994827398379	0.3793204256726749
0.3782981742774274	-0.444264561432511	0.8121080536440605
0.8725452713450166	-0.12183011605317251	-0.4730984805259073
0.30912010738840145	0.8875733334647056	0.3415528318291826
0.7285857113813676	0.5727793146025449	0.3756151194165982
0.66293725159772	-0.727601346734992	-0.17638163360590395
0.1722703155362748	0.37751839291995426	-0.9098366894075922
0.6094340933397921	0.7438848714359289	0.27427246293395346
0.7888182058330541	-0.5341218147736138	-0.30410479300606724
-0.0797240492036562	0.40168294092691176	-0.9123019735520033
0.4727615438239313	0.8084829996219508	0.35050215691705205
0.8440374884705083	-0.30118561522018883	-0.44372056887283606
-0.2531743287492035	0.5056109813945197	-0.8247789369010712
0.6409280384665733	-0.029663686928522226	0.7670275843704693
0.6994945981160596	-0.38892270602747936	-0.5995385191484487
0.31609896664469317	0.9207926989361227	-0.22852187832259663
-0.17104292164762502	-0.3446034314867313	0.9230345572955618
0.5732683784788031	0.7271255438080694	0.37769274520184154
-0.8013162204713742	0.5937481945651617	0.07318057296907943
0.8931931949073819	0.319999020352088	0.31592173642351323
0.44120980775489965	-0.4879918629329991	-0.7531253861423516
-0.08683214906950239	0.812074238407355	-0.5770577173932316
-0.23388733089594194	0.6299787734806124	0.7405561838309335
0.7965756126803969	0.5608849447022879	-0.2255556962019839
-0.5574621150618418	0.5371543761063245	-0.6330096101170999
0.11615886640461437	-0.054543488330472456	0.9917318819299592
0.8780659861694924	-0.46104696811514456	-0.128202250853992
0.46422757532032904	0.8856978610522761	-0.005661911305519185
0.038507893475983046	-0.7021508403587714	0.7109861739327381
0.9702371268666804	0.1965043218846405	0.1415131411924238
-0.23907542698807768	0.6843758096719441	0.6888197814714234
0.13319367134897908	-0.512531069961534	0.8482755143446412
0.9878693633536744	-0.0002890976154361624	-0.1552869517048197
0.07983462193676605	0.858668631514308	0.5062752358090997
-0.3802535139877441	0.33150018971022216	0.8634320409401421
0.5382523378145074	0.8384983203966879	-0.0848821979519298
-0.7521247808290787	0.4324675605337584	-0.49727268490114174
-0.10948507739444246	0.9568310183250466	0.2692348792392746
0.993955230486175	0.10317466222659466	0.03752317768529766
0.008125122590284972	0.27171564446215096	-0.9623432812346173
0.46846933866961693	-0.14582363793549602	0.8713621206741253
0.23765633234059913	0.9707299417226378	0.03468209828685215
-0.8509147703647331	0.1908372260918229	0.48941312478591337
-0.8113671990768581	0.359757092490138	0.46071477365634395
0.39040955748801254	-0.2530786844278874	0.8851731790504409
0.4350444180588784	0.8980679338954776	0.0648871360480624
-0.7061558542658659	0.13283745867394953	0.6954840897239075
0.32491661632732194	-0.8119258044554143	0.4849800825743595
0.6291050007116851	0.5684458616548065	0.530185062451853
0.06650661327089147	-0.30719595164710267	0.9493195024241664
0.6714198962209245	-0.6900147768395435	-0.270323751641912
0.7380868467530898	0.6553703190065185	0.1603669280599178
-0.8986762740729106	-0.421106598440209	0.12267920430352917
0.4385706845385971	-0.8588622890587041	0.2645965288815957
-0.0060588020083857524	0.2915901253179869	0.9565241710146503
0.4827376166148658	0.5470699766753094	0.6838704805191369
0.8709435215752416	-0.21806698840874117	-0.440345512969598
-0.09177023336090834	0.8081839080226839	-0.5817361902804965
-0.5968305066092048	0.1746242083731099	0.7831345556356616
0.4466253812285982	-0.7385418328680984	0.5050561651403134
0.6665726631230909	0.6512006963708614	0.36279269262637515
-0.3426138037616462	-0.895708937358918	0.2834100933406118
0.9385234396751787	-0.3399046946369133	0.060320409017662585
0.042302891771693885	0.28665362041869413	0.9570998731838845
0.6467132544772276	-0.36228803317131564	0.6711999310967875
0.5389115593033388	-0.4056967895185619	-0.7382306185898657
0.5397557760068128	0.8391409273746524	-0.06712828220721856
0.7588960809972427	0.5039714845061788	0.4124190600004623
0.5748033747070592	-0.8160524227810597	-0.06049399721078452
0.3060683235364328	0.2829685248889014	-0.9089834955871292
-0.6905881436824983	0.3716630642209398	0.6204470827548978
0.6269990142908035	-0.1199449764626137	0.7697307572779875
0.36050000261237475	0.9205866441108543	-0.15019979627547153
-0.8972033115025986	0.10243743339863441	0.429572799496746
0.18684059502854167	-0.7933283854877982	0.5794140702716012
0.40014598570790594	0.6001138600449284	0.6926373835592651
0.5730967955877664	-0.15328223144106512	0.805024608575093
0.371408906563504	-0.8270827151370301	-0.4218881444729876
0.7304898952157628	0.5407760533215259	-0.41706806775592153
-0.44300015489214983	-0.4164410859579966	0.7939317884375556
0.46907647952687553	-0.8623471100083016	-0.19059044628470395
0.7640144757268699	0.28798313107967694	0.5773626218360015
0.7925287513061229	0.12960573283243543	0.5959031233095904
0.18177653398465776	0.8825305640198102	-0.4337016200839008
-0.5821129358171677	0.45204220775038584	0.6758715649932869
-0.6317760749173842	-0.03308710504779985	0.7744444684039904
0.5198769441850587	-0.759158596649363	0.39167102016638256
0.5749669156280113	0.6500642034544938	0.4968194614951047
-0.5896593319391565	0.37058671040560165	0.7176122646163613
0.5234934015666892	0.8519731337703779	-0.009820277471585398
-0.615025634240724	0.36987466715664186	-0.6963736064947885
0.5782657724342222	0.05476796276679802	0.8140080876044336
0.506617788130985	-0.8061712856511085	-0.3056571198923853
0.6394897287527932	0.589142027397481	-0.4939276853686836
0.9229737503184762	0.35357281741906404	0.1520056545178255
0.37074220794473917	-0.9228275667369497	-0.10459205189028879
0.10329410182245197	0.15289063036270834	-0.9828299871676622
0.68732507474166	0.3020537301878422	0.6605662614083327
0.7259295181772333	-0.2547215735544417	-0.6388609039571286
-0.02470984156852246	0.9186296664301451	-0.39434624340051627
0.22505170552135811	-0.17489166168146814	0.9585221106037267
0.7912546096768345	0.6068636814235616	-0.07505074839202003
-0.5685665066701417	0.7753253374186457	0.27495954002284584
-0.296592394926271	-0.2630608622002067	0.918058785726918
0.2930531290424598	0.8898649480434964	0.349657314812616
-0.9089294883709751	0.37274570020595726	-0.1868363673047846
-0.1707781403090638	0.009464646518558932	0.9852640495110215
0.08495588091269038	-0.9960884943703332	0.02429423144271392
0.981640119947696	0.08785289892383807	0.16930606326930897
0.5613309636953945	-0.3273614428009605	0.7600934383114177
0.8249554215445831	0.1480864101052587	-0.5454529930308717
0.06600077015458766	0.9332228570440239	0.3531840843378856
0.19047737158890388	0.35345503299769787	0.9158536512790562
0.8883337895032984	0.33501840360173396	-0.3140473653365924
-0.41782945006221384	0.8734026613748908	-0.2501726239298896
-0.4689524818078663	-0.16797905146710515	0.8671024207522747
0.618998703754052	-0.7628058167346614	0.18699703395126357
0.6300191858642455	0.6244279976298134	0.46169849601116875
0.18027356073383993	0.46956770208640686	0.8642960236271102
0.8014688582692935	0.4392682955220665	-0.405821430894986
-0.5702184778879567	0.7658652216326512	-0.2971554303200805
0.2488795959037413	0.3543935823876059	0.9013679246041928
0.5336395463778937	0.7264723651522357	-0.43297429162909046
-0.8082621983517393	0.5887640371427215	-0.008314281870235085
0.28012729744224285	0.24725153204007405	0.9275749981168863
0.7706065976113485	-0.634120318917105	-0.06369374266229372
0.5724457781707945	0.7326377693241768	-0.3681680730510566
0.9497421869660506	0.2453906184090067	0.1943533449513763
0.30036011652320893	-0.8892458240642283	-0.3450009634573448
0.08816790061642486	0.386037962875644	-0.9182598284362196
0.7457793705467669	-0.023429816593022512	0.665780875484784
0.5741074086847646	-0.4843762801832998	-0.6601365786631236
0.3379553428489226	0.8745459752867238	-0.3477866060527064
0.609940834333688	0.02117111415759773	0.7921641007629988
0.34513920901567974	-0.9069471589583269	-0.24150730270004328
0.7133380019404235	0.4207120568545015	-0.5604910884259438
-0.7451400386067184	-0.20315694108393284	0.6352114452326861
0.5272785024501767	0.4037272784164275	0.7476507644056571
-0.4083426302984755	0.892037859035077	-0.19371307216870726
-0.7679841843077719	-0.39058452953961403	0.507586463508873
0.4317794494122165	-0.9010876689762679	-0.0400938883646714
0.47303995573144697	0.18837393159148635	0.860667451562075
0.03473481999026229	-0.9187133287024463	0.3933946008077834
0.978644157057067	-0.04853273050403395	-0.19975031396192017
0.20260578999206053	0.3919316186968002	0.897407655487404
-0.6301251836881365	-0.5619350018913849	0.5358836688417746
0.6347253410427953	0.024785932226130458	0.7723402093648812
-0.4472873733072495	0.8268099607606396	0.3410561456225213
0.9931863549278453	0.0077738272850946255	0.11627739244789397
0.11626963913594125	-0.13364444441065726	-0.9841852130027989
0.00788894164879092	0.9909988547357197	-0.13363769869372089
-0.4684227744550751	0.8576603787547185	0.21212915661483683
0.882911986864518	0.44562425039185394	0.14793732089519265
0.03235008226818649	0.25658858543787705	-0.9659791767943191
0.10567019467219829	0.039906356504707585	0.9936001674056112
0.9843437751655044	0.13755363342303206	-0.11021039073084238
-0.14107140833940268	0.9896900932325438	-0.024746254393264167
0.3555067543836198	0.31617182232750335	0.8795739459270779
0.8498703732114283	0.28232571188216404	-0.4449860010693555
-0.3890183753051928	0.905719366678407	-0.16833636713013966
0.40773673929283094	0.23769823164512616	0.8816180023704314
0.4437104873316795	0.7922810552817733	-0.41882183905985987
-0.7980424517923426	0.56195220447506	0.21757289588293593
-0.44066679824577437	-0.1982961214099469	0.8754949578139154
0.8878258425166493	-0.2403232268872566	0.3924411038335534
0.1325822246133309	0.9502228132665873	0.2819548879950702
-0.7764809465751497	-0.6143490848752206	0.14018752269277712
0.6211904271578038	-0.7836322475774855	0.0065539121265877145
0.10582907357273898	0.09217213499554375	0.9901032798234228
-0.5988175365829849	-0.7469564559329205	0.28891800016755076
0.7608147152792191	-0.6432317697082999	-0.08610377141873582
0.25015700448975364	0.16825261774504469	0.9534739271352171
0.03511492302107633	-0.7310339180814828	0.6814369763930193
0.8496619866227201	-0.337147734587933	-0.40546999093713204
0.5261572489945918	0.5932291426393862	0.6092928143789176
0.9915305615038804	-0.0745962667420447	0.10631341680121739
0.12065917439369664	0.22626576729374748	-0.966563586209207
0.048046948273861884	0.9712050244614272	0.2333501472518229
-0.7587788081728222	0.015373842395492936	0.6511669257861848
0.12133551494993014	0.9855585542154945	0.11811870734349965
-0.6399471955401222	0.16863564623964467	-0.7496863382359791
0.7266006433106442	0.3990416919189822	0.5593006644471237
0.570019638624258	-0.804588079552321	-0.166480130420955
0.38357413458577766	0.4397769324927626	-0.812075817226463
0.07423310661530735	0.8772425231801279	0.4742731295433077
0.9175761487202639	0.12617831704135207	-0.37700536283758634
-0.3905681210517936	0.4631679909419203	-0.7955702074517979
-0.3906592301523524	0.8502136586979603	0.35287689136609485
0.9142209368250174	0.4031636540554805	0.04073262475485662
-0.10763570303369584	0.3385200180374282	-0.9347827302749983
-0.9667642968467796	0.1670332948859753	0.1935630975725679
0.24630840553240146	0.4054929867484578	0.8802883658562694
0.06854898763977978	0.8987075809724484	-0.4331578467443613
0.5893739615065474	-0.7378388778154773	0.3289865101825239
0.8041103588083002	0.49659905396604787	-0.32679643580861306
0.0777487257468917	0.4571467707247022	0.8859864364992904
-0.6483908532419294	-0.1863384334480076	0.738151264750217
0.3643042846479988	0.7754240369748071	0.5157518308923419
-0.6684846218270936	0.6033204381602164	-0.43489396325869123
-0.7981385408689103	0.43261178296537844	0.4193112386034542
0.46791091555958525	0.006683301581711376	0.8837503655332531
0.3795184378654578	0.9015555327984429	-0.20775797602180868
-0.9726272884689018	-0.1423567871860381	0.18365920305745984
0.19712806752971881	-0.0870164528005164	0.9765084034118776
-0.1230312265956526	0.985983104360356	0.1126970948972712
-0.5830297992319462	0.5129563559898012	0.6300412923429866
0.6821766834436407	0.7302647337205834	0.036720447299021186
-0.4412609497490019	0.45120859425953946	-0.7756929667677404
0.930326633663333	-0.3594828456231159	0.07255644974333834
0.36644878402752107	0.9034588611128543	-0.2224351028084719
0.014409836272551279	0.23352552318616332	0.9722438925697744
0.9981222095252014	0.005492294515661862	0.06100729098626909
0.05400717165137746	0.3910173574012308	-0.9187973942176682
-0.028901215592924988	0.9203669164588173	0.38998648543935455
-0.8515077192182461	0.4041284367639893	0.33408802838538487
0.5147547396825183	0.5230010382747328	0.6793360522877718
0.09981063112776231	0.7504332885488527	-0.6533664495148426
-0.33806545761350737	0.426099971400299	0.8391367950109411
0.789599094550297	-0.3567518594779109	0.49926083427844004
0.5120986391838206	0.8313644959533196	-0.2158426709767136
0.43437606423272157	0.28407810697976726	0.8547614076199757
0.35707230064379053	0.8169036179455932	-0.45295457951140167
-0.8269321658604416	0.5019642498447395	0.25340695519887935
0.17106906582937864	0.40128837741359885	0.8998349920229956
0.9541608349089901	-0.29512483993504524	-0.049783832507075465
0.24558598462054476	0.8671037809893778	-0.4333803839029664
0.046575215123481284	-0.593266067137592	0.8036579638871848
0.9978699302530227	0.06442074442792001	-0.010274725503894688
-0.04567659830842491	0.8024246639220698	0.5950027790662191
-0.9968277187980796	0.03250050804297812	0.07265133180310743
0.07229622143595614	-0.011972724547093083	0.9973113406720104
0.033282959632522036	0.999400005425189	0.009585079771820326
-0.5905088790920188	-0.12813694427244612	0.7967936917584173
0.3306272102989324	0.8622446174972189	0.3836924124960253
-0.7361962452521971	0.49001545190901336	-0.4667975421603807
-0.8242955034411954	-0.004054163948749301	0.5661452876791455
0.5583668276650515	-0.17116458903387288	0.8117445221398982
0.09361308012181044	0.9852341078218627	0.14335391175187895
-0.9369042693131946	-0.022820231126943064	0.34884040361463636
0.24990614397056324	0.6540526170966592	0.7139762553998383
-0.24445308210058145	0.7561047620008248	-0.6070817733478768
-0.5823420009007636	0.17340042017383384	0.7942355370231384
0.5290809029179669	-0.6609184630459173	0.532221930563305
0.6172124368111873	0.7301500390252408	0.29313772933049
0.29628314785998966	-0.10904563420013547	0.9488547549314732
0.7362144991332679	-0.6068071805932957	-0.2996218564230038
0.6084443339863781	0.7873335349407555	-0.09950576464490468
-0.23547208766973804	0.2306618457200878	0.9441122861489821
0.8211441867248617	0.5668554803661912	0.06631054958888716
-0.5198799097257181	0.7908665989329787	-0.32288527708113635
0.9499865344393371	0.13223809181725438	0.2829110663379387
0.2142389552494519	0.38316477651517855	-0.8984911931074765
-0.22721631639818807	0.9141651060451851	0.3356708275257678
0.9989775809825178	-0.015849962581756735	0.042338769236648234
0.01814943311629791	0.9983493075784681	-0.054490899562683125
-0.04140520223201751	0.05520361169117744	0.997616244096083
0.8899800885733553	0.2376558729777381	0.38917236281903655
0.40193169184423944	-0.8119353481521392	-0.4233342716014047
0.21537492201783837	0.5331797787428305	-0.8181277201669408
0.8548930227089429	-0.5182057900192554	0.02491342838884989
0.5185663432037371	0.8549693903031356	-0.01078375356675727
-0.01571201514354141	0.022138221139107527	0.9996314479571584
