-0.1599335459660789	-0.7030786657747294	0.6928936791508076
0.8555940295385516	0.25134735328655977	0.45252995990743583
-0.49232115279835403	0.6652104161303155	0.5613510352524811
0.7858557637281726	0.21550030757641184	0.5796467338385359
0.25917837979922576	0.7362544994208353	-0.6251046948529689
-0.5614777698714873	0.641474028715931	0.5227368213767748
0.9517100409518058	-0.06087845642498945	0.30090166416093933
0.16763165635748897	0.9241765832080531	-0.3432160701900965
-0.25719180729245006	0.3770828245799577	0.8897532903386445
-0.6116714352522772	0.33282664674104384	0.7176938612775864
0.7385400659329977	-0.08495532977934972	0.6688356770939818
0.2835782542934179	0.9391533501836611	-0.1938410651299236
0.5760480294385788	-0.5419874026365693	0.6118973142310691
0.7037163023794751	0.7096720393226902	-0.0338963474276098
-0.4158750215452827	0.4501280395474597	0.7902105507191556
0.22827447939784662	0.80676258455067	0.5449999029584918
0.949680031033017	-0.06119749266025143	-0.3071851323700854
-0.2144728437652898	0.5876980509251515	-0.7801361421098296
0.9469686504557956	0.11330077935073027	0.30068805838018636
0.19933967530517058	-0.941081395986169	-0.273184003883742
0.2520199771906156	0.3186357474095465	-0.9137599200936759
-0.9961193324346227	-0.06996953636563424	0.053390444189755366
0.08301325669902898	-0.545376071186656	0.8340705846564955
-0.029241661413509278	0.8352659486401832	0.5490680470397018
-0.9869317767946784	0.04817478386135955	0.1537688464963245
0.0563616275270985	0.9971909476659857	0.049331337256453556
-0.15096037524925382	0.05735332678166666	-0.9868746430077526
-0.8818189829132894	0.23718226487750987	0.40760256942436857
0.46972143439365405	0.3649246388266898	0.803860548881694
0.041917245197419906	0.9003191551915269	-0.4332070675211508
0.8868689771841065	-0.029324490854786528	0.461089461541385
0.4569553964719827	0.20304958208089574	-0.8660038295827026
-0.06822890108707541	0.9787292482872274	0.19347835952263226
0.2085749585691251	-0.35756467489358335	0.9102988464928063
0.6666337060533204	0.733023901881235	0.13518676423535217
-0.7156088237378735	0.5786393199040795	0.3912550943431171
-0.462327545286896	0.7884023149873086	0.40580171339170745
0.8504617423939734	0.26475412993425607	0.45455481012410537
0.2509343850356094	0.5552720418006002	-0.7929091335086214
-0.8347515517988544	-0.5134312878610847	0.19894260331742092
0.538252000013268	-0.8370380120776948	0.09824536029115064
0.11608027933771364	0.18909172108352354	0.9750741970571005
-0.00047329063434253804	0.4970944401329519	0.8676963141473418
0.5715260272466282	0.7121521630169416	-0.4076730269345494
-0.8205838020431929	0.49571807945565033	-0.28443946548455545
0.7260880933635936	-0.6788884629110993	0.10911707291632483
0.684475479493787	0.6985125074485793	-0.20874289187813996
0.06549350080253669	0.22625368917236136	0.9718641208978366
-0.19059235485498616	0.9265284182260737	0.3243757766700854
0.9637583941888926	0.23943704281506584	-0.11764208497992354
-0.18666631163999142	0.2901981956309623	-0.9385844103495731
0.08854528229248881	0.8685232093154369	0.48767526886664814
0.9245402392514226	-0.25384999865526625	0.28422794406539975
0.37065493250281456	0.425708366212288	-0.825461875526786
0.9321005680417709	-0.012004722038280286	0.36200057694013665
0.036148497353133024	-0.9913773241671053	-0.12595351232252852
0.3603912002190379	0.13048711728003817	-0.9236294143370638
0.8137807624813356	-0.14017575677995184	0.5640138542859242
0.5678015681268621	-0.015205992910892085	-0.8230250038803619
0.12394454343766939	0.9900098661077885	0.06721767000771472
0.19939895054812773	-0.6805638198210627	0.7050340032018807
0.9788866964030455	0.10533221074096866	-0.17517408765440218
0.044954356022940345	0.7250779354876167	0.6871980015567409
-0.48633316025987305	-0.37606573924759223	0.7887043913886918
0.8418521134748985	0.04008364387545549	0.5382177259543877
-0.23401939293462698	0.9257255863687834	0.2970977321904038
-0.2687593189264015	-0.1703455729302225	0.9480246907508745
0.8779492780453533	-0.448172708179692	0.16836356144523618
0.3961988057400729	0.8775668689199445	0.27000536458408564
0.15588412083457692	0.6326196123037329	0.7586122639400881
0.7568231391383469	-0.5700217235466265	0.3198342863886107
0.6347589124513413	0.5242782284375426	-0.5676384960958711
-0.1822698729852914	-0.43868413445142007	0.8799624557800942
0.9180752281103879	-0.39633675245510847	-0.007419850631746716
0.3520164327584512	0.8065193170866687	0.47498528633429093
0.9414484135544646	0.01304905010416485	0.33690444774024675
0.1747715343893324	0.8356289363958578	-0.5207486835558262
-0.28832238099561414	0.549139329268362	0.7844209339810568
-0.0751444173979352	0.02178494788971802	0.9969346681600391
0.8508373022472859	0.5227788209536568	0.05270853315038304
-0.5200280777405057	0.8521899555895662	-0.057819356220627505
0.9221013107206539	0.0856784859058285	0.3773438350101097
0.12685306322935105	0.854353319913748	-0.5039729210004118
-0.36556459499872573	0.5125813123839396	0.776931737721002
-0.9589801239740827	-0.24244595215256587	0.14689139562101186
0.25569134805830035	-0.9635280389499306	0.07896614898442345
0.12238895518298207	0.11328582630733991	0.985995570581877
0.20064593274939968	-0.13532278690822946	0.9702726178835067
0.2529335822995923	-0.9496788804245675	-0.18475558725146998
0.9464490544219583	0.28248498618321305	-0.15632152751573036
-0.33442849449405676	-0.24208320336424133	0.9107981690360087
0.8504397850816965	-0.49396411396535767	0.18097410329828123
0.40609081991672324	0.835101896036242	0.37107286240849935
0.6307410789340322	0.1862481171201965	0.7533109120504724
0.5011158866234864	-0.8389718825854895	-0.2121533605779498
0.5924935101068114	0.5113099051457364	-0.6225059207599302
-0.33388847892501605	0.09648184752251432	0.9376618456244133
0.8076929291131185	0.542114819412256	0.23182677764720783
-0.4859533062978477	0.8347471327727094	-0.2589335984879728
0.7547460895907118	-0.2874687935682288	0.5896779061249933
0.4918008661951469	-0.3469372888917177	-0.798602795879258
0.4341546363419749	0.8927464423344916	-0.12047216044329834
-0.9926123461410268	0.051165136775081714	0.11001299499238192
0.09197299984448357	-0.274061123269264	0.9573042713850158
0.07913088896261238	0.9603502639616323	0.26733064343769164
0.7363604896579422	0.2589116404023651	0.6250903868520712
0.6107190271333967	-0.6519805157733605	-0.4493814381448581
0.2911966675083235	0.7126613287642735	-0.6382149569823536
-0.5051549955556538	-0.39247581638190004	0.7686229010513076
0.852429351813917	-0.08775318698994239	0.5154256283298428
-0.13484298510220138	0.9155665523207306	0.37888686654495995
0.377976825564284	-0.4435033868207853	0.8126735292937993
0.8724850785465309	-0.12298279790855426	-0.4729112169659727
0.30968259080871896	0.8877950086011278	0.3404654397334962
0.7288809414843224	0.5718635171927708	0.37643683513285636
0.6626014513271674	-0.7276023159009484	-0.1776349813373136
0.17231334782906144	0.3789023457297275	-0.9092530574930451
0.6089715146643246	0.7438741208870737	0.27532705388668477
0.7893900143405298	-0.5344244325467553	-0.30208265616638214
-0.07756996575283819	0.40130015969541005	-0.9126560591162158
0.4732196642701888	0.8079787447103624	0.35104628960334694
0.8442373200832658	-0.30210866633774014	-0.4427117584865549
-0.25164756451560455	0.5058662884793761	-0.8250895717759774
0.6404916939599892	-0.030050509513857626	0.7673769327040141
0.6995311813839278	-0.3895056504929175	-0.5991172460426214
0.3169014298482571	0.920533712099696	-0.2284538654697783
-0.1717225599614829	-0.34405179039369355	0.9231141467484772
0.5739783369561878	0.7266182686992371	0.3775907312124231
-0.8006623702318499	0.5946883697529467	0.07270152526115747
0.8931949928718931	0.32041664580539	0.31549307092137896
0.44104907218301037	-0.4875318244037641	-0.7535173761234996
-0.08762659776052413	0.8121858736055195	-0.5767804487676007
-0.2340783625436671	0.6301993946128189	0.740308073182045
0.7963854906567956	0.5610568623532154	-0.22579935225261374
-0.5576535398078365	0.5367158654595573	-0.6332129257238737
0.11580361515213755	-0.05339392387604408	0.9918359801957252
0.8778853667979598	-0.4616267403342529	-0.12735005053153237
0.46465772938767225	0.8854658895188969	-0.006584300934900256
0.03658505319907235	-0.7035606249021933	0.7096928779194956
0.9702431471350503	0.1951019918043454	0.14339961029044013
-0.23935281347812476	0.6833283690007406	0.6897626916548137
0.1318339743660787	-0.5129164662348478	0.848254974561305
0.9882095601260761	0.0007940007503204338	-0.15310530636864156
0.07785671761814272	0.8584381563210972	0.5069736317539247
-0.3798677932694565	0.33045792455202105	0.8640011688287026
0.5392009912786209	0.8380315096359003	-0.08345945040273425
-0.7516400406050399	0.43416672944635515	-0.4965244207499864
-0.108532295013964	0.9565039019460634	0.27077855620591107
0.9940499066800103	0.10188992539573827	0.038512674956618545
0.009247916979800014	0.2733472675276024	-0.9618709619105512
0.46832206763701134	-0.14277613434002154	0.8719457646133243
0.23794497950510526	0.9707787029168169	0.031159215193223205
-0.8509151706794923	0.1928825690052439	0.4886099537273342
-0.8106561169905198	0.35511901035323457	0.46553963147254357
0.3948624166804997	-0.25551518297779685	0.8824940017705832
0.43234284067055834	0.8992232646865638	0.06691179542763759
-0.7061382286980411	0.13212090499015994	0.6956384610095776
0.3252285683062073	-0.8121543485388594	0.48438795660804285
0.6289635763131973	0.5682863544147454	0.5305237403333718
0.06712862496158667	-0.3053280713242093	0.9498781588036463
0.6714568380408041	-0.6903557284515802	-0.26935976470574297
0.7379969257110844	0.6558839356589902	0.15867199055114167
-0.898601739303305	-0.4213333775667292	0.12244631096643023
0.43871609126710265	-0.85862843424734	0.26511394373981406
-0.006565469091462814	0.2919510178954238	0.9564107369563744
0.4825702727018132	0.5474276145311776	0.6837023758575087
0.8711018121569538	-0.21874418100239446	-0.4396960497144168
-0.09114584335760328	0.8077586212020867	-0.5824246261211274
-0.5968276400931813	0.17350201319986863	0.7833861241025374
0.4476942393722179	-0.7382216016690291	0.5045777788033716
0.665857819698571	0.6518634199315112	0.3629152045608719
-0.3428181411757376	-0.8959342706994998	0.28244911872223544
0.9385174546981613	-0.3396908494758295	0.06160449666440171
0.040751801281625075	0.28620256701948826	0.9573021369054591
0.6467657614814686	-0.362830887502671	0.6708560179720534
0.5383881357683395	-0.40582293179913287	-0.7385431357001756
0.540215017413611	0.8388453344329813	-0.06712853238997285
0.7584982309450397	0.5029936062401007	0.4143402777124423
0.5742651088806509	-0.8164598357269539	-0.06010758161005468
0.3080584658397486	0.28353265901178587	-0.9081350190903148
-0.6901788307442835	0.3735641559304208	0.6197604400060126
0.6272633225246642	-0.11820716219163874	0.7697842496582527
0.3608239263238694	0.9200417861220175	-0.15273901263801282
-0.8973722512320179	0.10197650565829183	0.42932951798415336
0.18696694401663408	-0.7934186252029256	0.5792497276876195
0.399707899051122	0.6000730601142038	0.6929256222433353
0.5734712014712715	-0.15407436879818998	0.8046066554301771
0.37061596743856356	-0.8271086157897645	-0.42253419076557197
0.7305987857659454	0.540511264050786	-0.4172205503945692
-0.4432537288380316	-0.41716661515057807	0.7934091927089013
0.46937498093061447	-0.8620831590589688	-0.19104908830793785
0.7636840047739419	0.2877232039143149	0.5779291468525491
0.7911965402248265	0.1290361442612499	0.5977940349405089
0.1829304664549616	0.8827989639813512	-0.43266896541816263
-0.5835618897587767	0.4516809301571663	0.6748628439568461
-0.6323784560806853	-0.0336167055308155	0.7739298452665225
0.5195028228182473	-0.7595049709400314	0.3914958699670471
0.5746427632615604	0.6496322930909738	0.497758554325771
-0.5893738511639248	0.3702471559772123	0.7180219405108657
0.5244046966290344	0.8514258227635555	-0.008589673149364319
-0.6145227235160744	0.37147154914231095	-0.6959674636505628
0.578914718653485	0.05583025748343118	0.8134744807771723
0.5081176645237949	-0.8049597878565322	-0.3063595582527999
0.6377101124533313	0.5906968107949291	-0.4943714091565765
0.9224713442650004	0.35494537511342655	0.15185651021774466
0.37210667489171606	-0.9222615750746397	-0.10473876857150843
0.10287488279922284	0.15312533371860504	-0.9828374182247095
0.6866166786715764	0.30246351609597877	0.6611152380643415
0.7265398363378701	-0.252434695908329	-0.6390747925836309
-0.02640838473201884	0.919125968370238	-0.3930776659685953
0.22567064561605144	-0.17579472836727184	0.9582113405640279
0.791123701314583	0.607046796675612	-0.07494982230927955
-0.5685033411736019	0.7749776771779657	0.2760680187024491
-0.29508879350443395	-0.26171897102510416	0.918926430218251
0.29510590958286703	0.8897660997628825	0.3481792495856367
-0.9087547007181674	0.37392441471279875	-0.18532518988071955
-0.17107332874150916	0.012743154726580254	0.9851758869363955
0.08615403644001515	-0.9958927117998664	0.027842208766545747
0.9814842832151677	0.0896399385961515	0.16927280706033754
0.5614280245355673	-0.3302139695090788	0.7587867339425142
0.8246653097017514	0.14708559787480024	-0.5461620216312437
0.06874372873655454	0.9323757618250648	0.354893982085531
0.19136637918809019	0.3512410407237928	0.9165198526097004
0.8886771951388969	0.3344197037343184	-0.31371373032481953
-0.41669143470499004	0.8745245525801534	-0.2481432150552969
-0.4694807841911328	-0.16613695161153913	0.8671714401342471
0.618050647207711	-0.7632330328807724	0.18838454025144344
0.6305562550331324	0.6243987915017478	0.4610042932660696
0.18010076436608236	0.4706527659857439	0.8637416792911649
0.8005231925982236	0.4401346175446139	-0.40674824713968205
-0.5715998012483038	0.7647009169007352	-0.2974998737883341
0.24776263158741385	0.35367873470584005	0.9019562245507015
0.5340949109610001	0.7268735797854555	-0.4317376808843982
-0.8083045864489703	0.5886986934134923	-0.008805901362506363
0.2795711278402673	0.2476185769180973	0.9276448807831461
0.770773701476244	-0.6339801724813667	-0.06306379320264988
0.5724926947924585	0.7326350942082648	-0.3681004389344247
0.9496347507302719	0.24666931567387224	0.19325653652706792
0.3010655676334885	-0.889254093961614	-0.34436416822607024
0.0869100925726105	0.3852030699222054	-0.9187302273962297
0.7450902630780023	-0.02208358920940412	0.6665979410064088
0.5753826656931749	-0.4841733965713164	-0.6591744155171765
0.33730592625414924	0.8746933389138306	-0.3480463689993121
0.610037989847749	0.020820744527926566	0.7920985718582129
0.346520565065774	-0.9060053123147767	-0.24305940023768058
0.7125848363030288	0.4227539126426947	-0.5599124756747955
-0.7455939254368178	-0.20291050292762683	0.6347574545866902
0.5272381102436678	0.40293667545514944	0.7481056146560039
-0.40756554498436504	0.892451322692061	-0.1934449874429116
-0.7687022872700893	-0.38932901273964776	0.5074640020581798
0.429892987643589	-0.9019580448884761	-0.04078853314139343
0.4735913984867146	0.18680097724618233	0.8607070245904056
0.034641695248019744	-0.9180949270925276	0.3948438397611261
0.9782348242812688	-0.049728170694460117	-0.2014540582931449
0.20458881082243602	0.39322870430113455	0.896389761543444
-0.6296774532796867	-0.5623005866749388	0.5360264499595399
0.6353784279342171	0.024244305765566243	0.7718202296868024
-0.446990557111725	0.8265774397253807	0.3420075700770151
0.9933359376674382	0.007819735537326629	0.1149894198371204
0.11500224483550073	-0.1332854377319126	-0.9843827892498975
0.007628802078099128	0.9910468423968359	-0.1332965024076569
-0.46746052917253644	0.8583244280967951	0.21156519042139427
0.8834207648805278	0.44480575205926765	0.14736212238188037
0.032379095781607053	0.2557870580527846	-0.9661907550215254
0.1058478936939744	0.03832325672374304	0.9936435736191502
0.9844694389465463	0.13670557185733834	-0.11014313597964631
-0.14005765663048148	0.9898701503819805	-0.023258078208098443
0.3564482473444489	0.3181603408500927	0.8784751814793765
0.8495975414015827	0.28084106268406717	-0.44644407841841716
-0.388752703668356	0.9054845636567399	-0.17020293878164017
0.40969711905661754	0.23619948607201563	0.881111839334839
0.44402247547692314	0.7921162673750441	-0.4188028894732851
-0.7968640485729374	0.5628157973432721	0.2196498721893636
-0.4409721229163419	-0.1973637151497804	0.8755519120834189
0.8875305209921942	-0.24103651538628412	0.39267158358832355
0.13354085935764648	0.9502362665109735	0.28145670482208696
-0.7767449527552965	-0.6139888966668584	0.14030293346536382
0.6209569434188854	-0.7838071363575485	0.007671206870810764
0.10526040465933813	0.09308065193579956	0.9900789056666943
-0.599720413139424	-0.7463494339118487	0.2886138398679834
0.7596926792018303	-0.6443451120569847	-0.08767217195562776
0.2514009928998374	0.16667903007797658	0.9534231178764446
0.034808589252770084	-0.7306097776823498	0.6819074093080227
0.8489917736033535	-0.33836019086851366	-0.4058637081450554
0.5272583147453095	0.5930613239711134	0.6085038500630592
0.9915934335828908	-0.07521903351371492	0.1052832345274204
0.11980735663128164	0.2263962820351726	-0.9666389816149954
0.048873917096116534	0.9711265728410037	0.23350486022729522
-0.7586043371978146	0.013407690822317242	0.6514136116258838
0.12128422579602982	0.9852197662526393	0.12096341909086575
-0.64016372605586	0.17076956992364864	-0.7490181291733666
0.7257896325807818	0.39733569232304894	0.5615636712292
0.5708293890566408	-0.8034247452103476	-0.16929999224131634
0.38390521984921727	0.4434332265289228	-0.8099282411316897
0.07306112595850012	0.8767567897092421	0.47535208379938726
0.9170982534267751	0.12823296567814113	-0.37747463500869444
-0.39190925663377046	0.46352328766970513	-0.7947032756649695
-0.38948437982216544	0.8501191767206198	0.3543999199300124
0.9145160117315765	0.4026459874772522	0.03920042161813714
-0.10937267556896704	0.33937235323509246	-0.9342719217115332
-0.9671208013311283	0.16593993442592514	0.1927207663832718
0.2451629672171015	0.4068337460552721	0.8799894445821158
0.06762007939911317	0.8983040917380672	-0.4341397051971905
0.5893953305821744	-0.7377895947026444	0.3290587458744065
0.8039619301402757	0.49580807846348696	-0.3283588954413559
0.0791097918910915	0.4580839041909819	0.8853817129058492
-0.6485506408655648	-0.1870363098994765	0.7378343208417808
0.3644885344390836	0.7746684572996135	0.5167561219061519
-0.6682291332285011	0.6040746642959162	-0.4342391339578484
-0.7980089274791786	0.4311552900512793	0.4210544709705959
0.46985611516769066	0.007608131825183828	0.8827102284270056
0.3773817466479493	0.9022456606661668	-0.20865230673542823
-0.9726457449711163	-0.14223123821467412	0.18365873152535575
0.1970285220305815	-0.08633759510609385	0.9765887472102783
-0.12304477354210028	0.9860608979912027	0.11199950516299806
-0.5840702436758876	0.5119314761617775	0.6299111954610846
0.6808647386895483	0.7314822215945624	0.03683703435805458
-0.44191080328681986	0.45039973712903836	-0.7757930901551591
0.9303686100079662	-0.35959871874213944	0.07143536232746688
0.3663209875037926	0.9038395784537693	-0.22109489034068364
0.014939331514193719	0.23186801827661446	0.9726325300309385
0.9981283717282247	0.006457206931357831	0.06081166031123185
0.05343741750391283	0.39142964133047964	-0.9186551465584921
-0.029735432764221487	0.9201853836953388	0.3903519740846545
-0.8512635323467408	0.4039315782768166	0.33494727729502277
0.5152779940012794	0.5228084079646648	0.6790875918903763
0.09919166998577245	0.7506734633862133	-0.6531847854728252
-0.33801094019022937	0.4245753290055285	0.8399311842714049
0.7884970332904973	-0.35949654841381173	0.4990337264861371
0.5138297702584017	0.8309621060423895	-0.21326262100470128
0.43355619123996947	0.28246414316308155	0.8557120057967149
0.35919603415127355	0.8167296379535753	-0.4515870985072745
-0.8264425195302381	0.5031567412997344	0.252638191089835
0.17263419432865112	0.40068339899005356	0.8998056727551094
0.953712655505061	-0.2963621028255765	-0.051006614652288285
0.24623079758223199	0.8669615434277231	-0.4332990613184362
0.04691802305895809	-0.5930355123245578	0.80380817377916
0.9978791602808584	0.06417472573910954	-0.01089890148036382
-0.04512073347594964	0.8026147803886117	0.5947887303171884
-0.9970186426235634	0.032392571523373964	0.07003247511812186
0.06969238884326677	-0.01151281248267022	0.9975020932740231
0.03311792865482624	0.9994089135378181	0.009220972984011144
-0.5922107384331639	-0.12779835936837647	0.7955840751468056
0.3301257691090561	0.8621951810520574	0.3842348843360843
-0.7350533435435832	0.4901908292832101	-0.4684117131669936
-0.8238384094810285	-0.004899620835857155	0.5668035539580131
0.5591341584006342	-0.1711877330905769	0.8112112874886075
0.09305518778329294	0.9852262449584737	0.1437705751245426
-0.9374021023730763	-0.02366941100892274	0.3474436032639351
0.2483492637491066	0.6539677255628845	0.7145969893005318
-0.24413099283338188	0.7561520831847245	-0.607152440029346
-0.5827295468397538	0.17402447916402758	0.7938146861148541
0.5289659363748618	-0.6603282128045771	0.5330681846906443
0.6169451461799509	0.7305355104483301	0.29273973863996805
0.2959737915145513	-0.10904694368424878	0.9489511466928239
0.7371638279649857	-0.6057032037223489	-0.2995214846058488
0.6074446521918767	0.788182969286705	-0.09888681130405108
-0.2344002078576699	0.23105276740015107	0.9442834114994358
0.8217834360874459	0.5660234232612669	0.06549403401766923
-0.5193539512977561	0.791348281729561	-0.3225513451763604
0.9501191612457369	0.13330543272652093	0.28196319092976024
0.21281853317418933	0.3837786708270573	-0.8985667497497354
-0.2279952880462311	0.913752479298312	0.3362656021731987
0.9988826058045874	-0.016927395300379535	0.04412485817973791
0.019470843155169514	0.9981345455491619	-0.05786462864474996
-0.043063047823674566	0.05865911923744439	0.9973488264606437
0.8898560526797747	0.23503143239479418	0.3910453059373316
0.40127788546991905	-0.8110290225566088	-0.42568531006327
0.21709966407611164	0.5357164831861374	-0.8160120008313092
0.8541245629074581	-0.519442212432955	0.025515073601708748
0.5198217313409732	0.8542023806747894	-0.011120273161903595
-0.01601869731959407	0.022761388188755047	0.9996125852268488
