-0.1605754553845724	-0.7028875273109128	0.6929391366337939
0.8555588847195961	0.25095287874690186	0.45281524645930754
-0.4921732600471075	0.6655612493222494	0.5610647961645863
0.7860650105311625	0.21530840076198723	0.579434285989325
0.25943080254296885	0.7359148486176388	-0.6253998675055735
-0.5610681401670875	0.6419280552720791	0.5226192820247376
0.9517809902117691	-0.0601591548994477	0.300821912023191
0.16709078046098222	0.924029768592015	-0.3438744797752909
-0.25728120365942797	0.3775577609288033	0.8895260082796819
-0.6117855661365672	0.3309520362665693	0.7184630615125399
0.7387758880312022	-0.08556589024426242	0.6684973191348008
0.28271648047234355	0.9397601971342043	-0.19215140788350404
0.5753684310525214	-0.5423763865972604	0.6121919828042989
0.7045258901419438	0.7088570780684007	-0.03413082173096574
-0.41544486838551953	0.45094289897283923	0.7899721914080964
0.22833945254267818	0.8063134846748499	0.5456369295090014
0.949745678391646	-0.06122512089840981	-0.3069765967421093
-0.21411268245693071	0.588311183815569	-0.7797728580866496
0.9469586171118003	0.1129635381997251	0.3008464999216479
0.1991581930018433	-0.9410158969819777	-0.27354176241927636
0.25220109364938803	0.3189487743582072	-0.9136007266292259
-0.9961304628961354	-0.06994898019274604	0.05320940762991692
0.08286737158112309	-0.5458610415638094	0.8337677866349299
-0.02927626372281667	0.8349508150022183	0.5495453001432762
-0.9869582274648259	0.04729554751848331	0.15387198713351413
0.055419166816891526	0.9972631136793052	0.048938717228578635
-0.15113627357061243	0.0568279269337191	-0.9868781148306032
-0.881428456511903	0.23801798655209588	0.4079599418187162
0.4703973192646897	0.3645712453361041	0.8036256398987501
0.04254689271424625	0.9002417703882487	-0.43330649287610923
0.8867476167060192	-0.028933685844909435	0.4613474895234858
0.4571098420064187	0.2033646604684226	-0.8658483742627402
-0.06876959071465916	0.9786754603524047	0.19355900055783248
0.2091365484630291	-0.35713665372977144	0.9103380221981681
0.6659194633605793	0.733731702563712	0.1348668119683808
-0.7161097488615338	0.5780062276616558	0.39127436457019904
-0.4630536233812941	0.7878869852156619	0.40597467950751603
0.8499734719365083	0.2648969712505558	0.455384114376512
0.2512497539852581	0.55593497205164	-0.7923445386776446
-0.8344319281216082	-0.5144009668244284	0.1977751315543705
0.5389788326246227	-0.8365888409254101	0.09808633555025872
0.11500076223162292	0.18844297962294118	0.975327672178419
-0.0003573969322330228	0.4965742436409701	0.867994177872082
0.5705414301061886	0.7129578350952801	-0.4076439646414951
-0.8212687433476439	0.495080948864577	-0.2835709880638926
0.7255514224561612	-0.6795691767566462	0.10844753281718877
0.6849130174095238	0.6977875396903532	-0.20973008376450206
0.06685276325495013	0.22644708753962342	0.9717265173854214
-0.18954959462078547	0.9267723381192641	0.32428996974320534
0.9638102655352625	0.23867832065804617	-0.11875365803503594
-0.18745859070190266	0.2900442941083444	-0.9384740722189664
0.08750857121775169	0.8684671998364978	0.4879620607911847
0.9246593112058615	-0.25305110631099903	0.28455279966129426
0.3706041124484845	0.4262978540913988	-0.8251804235640461
0.9324588899960494	-0.012350323702908169	0.36106493594888
0.03586248781378859	-0.9913150735458751	-0.12652393816405877
0.3594917251274934	0.13092705780384012	-0.9239176397816469
0.8138419135260611	-0.14026261481961919	0.5639040154779912
0.5677105140578276	-0.015093674501012622	-0.8230898816157652
0.12396012268643689	0.9899992827643969	0.0673446962242975
0.19868329520848027	-0.6810899847762797	0.7047278771572381
0.9790360444477282	0.10500795782706918	-0.17453295524093598
0.04487061262392095	0.7246307759338102	0.6876749716925273
-0.485560471544904	-0.3767974201382078	0.7888312447223939
0.8419102246617651	0.04143402614325464	0.5380245301912693
-0.2354107093635852	0.9253685350468487	0.29711087536840963
-0.2678602535987509	-0.17043197530472814	0.9482635848411249
0.8783842671785109	-0.4475770556182752	0.16767784128305624
0.3958433575485172	0.8778540431517099	0.26959286935472315
0.1553663619869594	0.632550113151711	0.7587764149699797
0.7570880752898438	-0.5696516695664005	0.3198665684533669
0.6345698856838834	0.5247640705230974	-0.5674008551907308
-0.18096956710717405	-0.4389099897595009	0.8801181947161171
0.9182534939080526	-0.39589921180584975	-0.008621775754513505
0.35222228309222026	0.8066113283241327	0.4746763405863853
0.9413335103562928	0.014103199824431395	0.3371829207344458
0.17398677637738905	0.8358298297864265	-0.5206890600780831
-0.2891709251050385	0.5488074301555195	0.7843408574593005
-0.07500775154398598	0.021669640495383002	0.9969474729839665
0.8511975691083987	0.5221937412429161	0.05269150738666789
-0.5194579247179396	0.8525515370272505	-0.05761372371409612
0.9221284003490411	0.08504754756434561	0.3774203597091829
0.12743307684820437	0.8543313790911073	-0.503863776853711
-0.3652944349353248	0.5127229362468358	0.7769653573047545
-0.9589589503334834	-0.24180213826689775	0.14808598010905583
0.25522865791560545	-0.963620452810152	0.07933445093120796
0.12351543933412719	0.1138742677496258	0.9857872931776834
0.20023782713655947	-0.1346110146882502	0.9704559172410816
0.2534298460921024	-0.9496890874307076	-0.18402160287521535
0.9464027291240038	0.28279057965149734	-0.15604923058768216
-0.3345701242656669	-0.24202632449664907	0.9107612695978565
0.8507113961120675	-0.4933356390237651	0.18141132212205197
0.40540467741987596	0.8354897997699653	0.37094991846127945
0.6304772551719531	0.186343889885123	0.7535080526532686
0.5016524468980699	-0.8385996826810491	-0.21235676285068605
0.5923202286196371	0.5118852673302138	-0.6221978944501951
-0.33427560871979756	0.09667550625852428	0.9375039540741503
0.8074434944074891	0.5424266332733091	0.23196627094214844
-0.4861016568106222	0.8345221351201184	-0.25938000162026165
0.7543063580182288	-0.28820735091172517	0.5898800226603045
0.49161593413288013	-0.3475396333264713	-0.7984547429716711
0.43512721307674057	0.8922739075798123	-0.12046402903905062
-0.9926329766506545	0.04836468432577121	0.11108839262375106
0.09378286575536735	-0.27379963182832734	0.957203497539255
0.07671080599479393	0.9605699448352215	0.26724676485018184
0.7358896673265753	0.25941001297016436	0.6254381205945168
0.6109841499434308	-0.6525162116641026	-0.44824207972191854
0.29183002936621405	0.7119894933819927	-0.6386753441880839
-0.5053535379012621	-0.3924732790717782	0.7684936739787278
0.8522503777376538	-0.08744109359071173	0.5157745135208665
-0.13522978731294177	0.9155974991044407	0.3786741663448804
0.3778221386537267	-0.4431319925726301	0.8129480110694256
0.8724578345154514	-0.12353482777847757	-0.47281758989947875
0.30994799327586176	0.8879038143201959	0.33993978581494944
0.7290148948835218	0.5714140909316442	0.37685968174206474
0.6624479064739389	-0.7275886234304356	-0.17826263282836158
0.1723370367804413	0.3796060217374935	-0.9089550120959622
0.6087514768521802	0.7438569446848998	0.27585953903089055
0.7896669815192349	-0.5345941504970833	-0.30105672646961823
-0.07647024080379192	0.4011058963644738	-0.9128342468230815
0.4734551267718623	0.8077112355335488	0.35134427976887234
0.8443394738421125	-0.3025746962627187	-0.4421983786645395
-0.25086071004735694	0.5060149337464172	-0.8252380208037824
0.6402687239148468	-0.030260959505228946	0.7675547117347901
0.6995418020524324	-0.3898157061668468	-0.5989031494381023
0.3173282659292882	0.9203955614601069	-0.22841799860528833
-0.17206474669096283	-0.3437656973557811	0.9231570117090959
0.5743391640723513	0.7263631011407271	0.3775330050656478
-0.8003300866260414	0.5951653472966308	0.07245662025262689
0.8931853773201343	0.3206440383833505	0.3152892043675233
0.4409870667281985	-0.4872893085867902	-0.7537105125414316
-0.08803572411213996	0.812241669939572	-0.5766395589047171
-0.23418480269788744	0.6303047762390528	0.7401846845454109
0.7962800920163124	0.5611573664249813	-0.2259212809043727
-0.5577593506556792	0.5364869981250403	-0.6333136723606545
0.1155934165106518	-0.05280873403920644	0.9918918286126623
0.8777968202351187	-0.4619217471314174	-0.1268898810472019
0.46487730041862574	0.8853471280442688	-0.007039774091232243
0.03561427737180356	-0.7042722147399912	0.7090361561955157
0.9702398362045118	0.194405366676363	0.14436486293163858
-0.23951259567948854	0.6827936737790241	0.6902365649240971
0.13114148962316374	-0.5131294842258091	0.8482334832565697
0.9883794158290135	0.0013351190394174095	-0.15200114414914478
0.07686377602561617	0.8583101711358815	0.5073417093634013
-0.37972433949816153	0.32992877900306483	0.8642664096088845
0.5396797279824417	0.8377975573854193	-0.08271060418001305
-0.7513688955483072	0.43501983130033484	-0.4961879978173047
-0.10803384459336463	0.9563441249421774	0.27154116282979524
0.9940990622981918	0.10123239486793467	0.03897507623030416
0.00978482295354094	0.27414944267293934	-0.96163732265438
0.46824169448065	-0.14122087954795318	0.8722421560149407
0.23807424628580334	0.9708026659465113	0.029374088012958932
-0.8509232449553463	0.19390422112694944	0.488191339767324
-0.8104204081369619	0.3536087341679216	0.4670970190391713
0.39643248665071995	-0.25603043882554166	0.8816403449949005
0.431346781143718	0.8996717609856167	0.0673103029408787
-0.7061177734618931	0.1317153561475397	0.6957361245157144
0.32542889039444056	-0.8122684928787096	0.4840619100623321
0.6288829201829719	0.5682173531594022	0.5306932374457591
0.06744134610313723	-0.3043623743059376	0.9501658854866604
0.6714780827826994	-0.6905316457714066	-0.2688554082229019
0.7379490830526638	0.6561475377497695	0.15780227985250272
-0.8984570619868484	-0.42158430383509	0.12264412960204649
0.4390136635418254	-0.8584809797973327	0.26509886938611643
-0.006473869750459445	0.2920223999731782	0.9563895685986747
0.482519015593988	0.5475909246324261	0.6836077668154548
0.8711656787204821	-0.21912360367917127	-0.4393804803699576
-0.0908061661435513	0.8075450610157043	-0.5827737250592646
-0.5968140942126834	0.17292120899856606	0.783524851186973
0.44824589395149533	-0.7380637666505421	0.5043188425125901
0.6654987268993975	0.6521963905420575	0.3629756364540093
-0.3429311866836606	-0.8960407972703563	0.2819735640567037
0.9385092739722025	-0.3395963995619229	0.062246510526677776
0.03998179420567784	0.28598107460404193	0.9574007943909448
0.6467921017949331	-0.3631131451890463	0.6706778815844545
0.5381272183212427	-0.4058721256446247	-0.7387062437305885
0.5404434049533167	0.8386993867981736	-0.06711381844920505
0.7582918845891873	0.5025052478612275	0.41530939507565295
0.5739975037826797	-0.8166626538270811	-0.0599080586846337
0.30906355886359566	0.28381435079297	-0.9077054207541857
-0.6899639324201987	0.37452074364071974	0.6194222990352038
0.6274021879049786	-0.11734525868029033	0.7698029519801165
0.36099344394504074	0.9197631775886975	-0.15401113784606846
-0.8975030227206389	0.1018653547099197	0.42908247892117246
0.186994240186229	-0.7932625020127211	0.5794547066317545
0.399401400028206	0.6002983028547889	0.6929072587620719
0.573649480823198	-0.1544884453171594	0.8044001450862391
0.370209733016143	-0.8271222539043808	-0.4228634894102989
0.7306647841051269	0.5403721841098271	-0.4172851254346168
-0.4433963085986654	-0.4175168055649617	0.7931452771037014
0.46952405796397073	-0.8619555576296478	-0.19125840024534574
0.7635095759151441	0.2875975204034156	0.5782220972461048
0.7905137914876065	0.1287367163158045	0.5987610569668947
0.18352635877406134	0.8829361523858434	-0.43213635168221737
-0.5842995987530913	0.45149818236877387	0.6743466246780433
-0.6326908663908453	-0.033893856055534854	0.7736623773373554
0.5193231074344676	-0.7596696766572555	0.39141473203249455
0.5744612934482272	0.6494252758317525	0.49823792854482907
-0.5892210913810547	0.3700951058110801	0.7182256735361137
0.5248704886448546	0.8511445861045361	-0.007991476374826334
-0.6142714999260752	0.37226671379485876	-0.6957643409797216
0.5792328692384536	0.05636707675763747	0.8132109417928334
0.5088750510281199	-0.8043483817756836	-0.30670810745066257
0.636816665638484	0.5914781765987968	-0.49458882010458494
0.9222100531204652	0.35565225555364527	0.1517896275875044
0.37281158681212095	-0.9219674731785974	-0.10482127236062687
0.1026651774565118	0.15325616307436687	-0.9828389541616398
0.6862287046915352	0.3026853323789147	0.6614164757700279
0.7268740602606689	-0.2512534869034404	-0.6391602192244388
-0.02728122756672502	0.9193765685950068	-0.39243147139459134
0.22595587921102855	-0.17625831197213104	0.9580589481397823
0.791066446246557	0.6071306871714226	-0.07487460395621048
-0.5684697162319328	0.7748066443671551	0.2766167846890254
-0.2943190030389029	-0.26101698877041213	0.919372860173397
0.2961711639274519	0.8897129745279259	0.34740964957025705
-0.9086577827257325	0.3745409917884783	-0.18455373028486433
-0.17128681592256534	0.01524162136558007	0.9851033040596592
0.08621065100224193	-0.9958130965577194	0.030397374523058813
0.9814420769178783	0.09013306664190317	0.16925566446310591
0.5614514057801665	-0.3316636114402083	0.7581369057062934
0.8245325372141148	0.14657349403440867	-0.5465000511635838
0.07013140539536628	0.9319417684023954	0.3557613333181209
0.19179260573270218	0.35014757163485266	0.9168491012508416
0.8888415032756155	0.33414229622282265	-0.31354378949308426
-0.41614466047398035	0.8750689138308795	-0.24713967226214506
-0.46975560367832436	-0.16522577676079522	0.8671966994324902
0.6175773730274657	-0.7634440625272467	0.1890802784966944
0.6308152353401963	0.6243825799024865	0.4606718276354739
0.17997907111142641	0.4711859188082183	0.8634763250250252
0.8000454428463999	0.4405985195407409	-0.4071857487182172
-0.5723065815999113	0.7641052116661439	-0.29767163479589676
0.24719016885221112	0.3533345494479623	0.9022481457942825
0.5343096993410702	0.7270811478040934	-0.4311219661510385
-0.8083379031153187	0.5886490471191536	-0.00906276518739979
0.2792686241486151	0.24781815758342618	0.9276827024031954
0.7708616891360678	-0.633907350600301	-0.06271943141639108
0.572521870139847	0.7326306242758784	-0.3680639571931881
0.9495735359293296	0.24733433066474178	0.1927065871663302
0.3014437231436916	-0.8892443098345426	-0.3440584822441646
0.08626576168990598	0.38479902066080274	-0.9189602450914556
0.7447414516288959	-0.02138770412489438	0.6670102970254288
0.5760358809835737	-0.4840605658949939	-0.6586865964667081
0.3369611758721809	0.874773076093271	-0.3481798835331431
0.6100730969549454	0.020698699610851745	0.7920747314529238
0.3472637160438624	-0.9055198392258703	-0.24380675193226542
0.7121929007587827	0.42379875483863005	-0.5596212000148109
-0.7458165290915517	-0.2027915117163911	0.6345339295180452
0.527210310498265	0.4025628776677449	0.748326411419634
-0.407194048873696	0.8926470367954207	-0.19332427230485338
-0.7690767128656619	-0.3886759694526242	0.5073972807355311
0.42892653935102193	-0.9024029303701284	-0.04112146762655981
0.4738597192926456	0.18601059655156393	0.8607305178756162
0.03458814738034932	-0.91778610261273	0.3955658351169
0.9780250692015112	-0.050340915270130404	-0.20231845260169595
0.2055982102893271	0.39387112372031147	0.8958766175233757
-0.6294439019253897	-0.5624848319807888	0.5361074408367085
0.6357080338113831	0.023991283627368132	0.7715566823361566
-0.44685083649536383	0.8264594558122349	0.3424749594086238
0.9934097490334639	0.007817776713158996	0.11435013289250434
0.11436962241229767	-0.1331323880886517	-0.9844771996908215
0.007527283343854871	0.991067429395738	-0.1331491284101607
-0.4669430377233468	0.8586605541345264	0.2113439194655978
0.8836956806382418	0.4443657760676494	0.14704081433775512
0.03234414232913968	0.25542339327709124	-0.966288128160441
0.10595228323292516	0.03752194916526208	0.9936630299093197
0.9845315713622205	0.1362725000030336	-0.11012443295636132
-0.13954102862157391	0.9899605593526253	-0.022503161055068555
0.35693258210148615	0.3191580476299984	0.8779164382031889
0.8494554280978568	0.2800904568761359	-0.4471854331728666
-0.3886188460554282	0.9053659351885983	-0.17113712598563247
0.4106620564910416	0.23544486401577142	0.8808645703893099
0.4441859381290905	0.7920352338310006	-0.41878280855194144
-0.7962760373933957	0.5632458649460883	0.2206775201378801
-0.4411014450740487	-0.19691976086496427	0.8755867306751919
0.8873947956625705	-0.24138944875267399	0.3927615188149991
0.13401489389083077	0.9502387814711444	0.2812228056251198
-0.7768687430798691	-0.6138193454138313	0.1403594215620727
0.620850083006543	-0.7838861619058961	0.00822554576984414
0.10497680913550764	0.09353232793092794	0.9900664488687355
-0.6001800929771055	-0.7460370114902147	0.288466000562878
0.7591237109684944	-0.6449090184021973	-0.08845083057233741
0.2520219185694273	0.16589495311872407	0.9533959393087016
0.03463704252973687	-0.7304064442280009	0.6821339322413167
0.8486556060924959	-0.33897389677740075	-0.40605462631439415
0.5278105129045569	0.5929613170635601	0.6081224703410297
0.9916232262145158	-0.07550786266769223	0.10479475133455912
0.11940183638329928	0.226454856918056	-0.9666754363520977
0.04926031567307482	0.9710905006504695	0.23357367327292977
-0.7585317552118185	0.012378302459192872	0.6515184985581818
0.12119908160575436	0.9850539094787887	0.12239108643392338
-0.6402658502162991	0.17180096928941685	-0.7486949098251017
0.7253934463558209	0.39646884175126484	0.5626871293218241
0.5712262289511645	-0.8028420096413493	-0.17071995464289172
0.38406372302295944	0.4452607832219785	-0.8088497336231826
0.07245705829697757	0.8765143831460475	0.475891280484369
0.916862363325264	0.1292710241224132	-0.3776935385202587
-0.3925727721334735	0.4636933668497388	-0.7942764506889235
-0.38891355426302887	0.8500615845133046	0.3551641167759325
0.9146555037775739	0.40240147056977804	0.03844952395898496
-0.11023409962389462	0.339806355176018	-0.9340128929849412
-0.967287823968483	0.1653547123502586	0.1923852507493254
0.24464599960215475	0.40744350870535717	0.8798511931528706
0.06710141936635962	0.8981356280191933	-0.4345685138175446
0.5894273867683172	-0.7377476159586038	0.3290954434124984
0.8038720203438134	0.49543220240987174	-0.32914542032916017
0.07978176881862308	0.4585579439533245	0.8850759749317973
-0.6486219382483642	-0.1873704294273218	0.7376868599881359
0.36458781199560825	0.7742993516613668	0.5172390562989633
-0.6681057615132424	0.6044442374553736	-0.4339145713614627
-0.7986044454900814	0.43119448894531226	0.41988361762120563
0.4678794115228799	0.005958091503919571	0.8837722316403898
0.378576010751452	0.9022393329094127	-0.20650518210130864
-0.9726607494176982	-0.14216824618404658	0.18362803794397384
0.19694645854152928	-0.08598441300651616	0.97663645907158
-0.12305754349145306	0.9861008419512057	0.11163319619616752
-0.5846111980970137	0.5113960142393997	0.6298443170178085
0.6801820547820209	0.7321138447529711	0.03690109312107473
-0.44224667258452244	0.44998159400255255	-0.7758443436971361
0.930400159589168	-0.3596271303370587	0.0708792646828608
0.3662305504439634	0.9040420448203552	-0.2204158912568295
0.015189699074122133	0.23103313252121035	0.9728273046741002
0.9981306065396621	0.0069194892444467485	0.06072407230548886
0.053170167096185134	0.39161740940915435	-0.9185906258930725
-0.03013678184096645	0.9201021276555439	0.3905174119857029
-0.8511332429365244	0.4038522915026527	0.3353737160488461
0.5155466481101592	0.5226833068297208	0.6789799808417976
0.09891337821920448	0.7508032281560892	-0.6530778331865661
-0.33799579897600607	0.4238395754373437	0.8403087850115952
0.7879182044968622	-0.3608832143474956	0.4989471000263056
0.5147268624202664	0.8307366128294283	-0.2119739069028932
0.4331202464766072	0.2816454194223986	0.8562024934619288
0.3602438580361723	0.8166628680290078	-0.45087262361985286
-0.8262149931096974	0.503723751376701	0.252252190198076
0.17343935896292573	0.4003811795568612	0.8997853631945709
0.9534880151649965	-0.29697368389904977	-0.051645290280358525
0.24653477178532973	0.8668918860665866	-0.43326558156940154
0.04707399967257819	-0.5929310337043364	0.8038761271645857
0.9978851844036064	0.06402749002900876	-0.011208892379070357
-0.04482407057158588	0.8027037247894719	0.5946911239513344
-0.9970975435612288	0.03351722210091474	0.06835996230837092
0.06801182303562442	-0.01142056491240373	0.9976191470819177
0.03421813191182198	0.9993728866242669	0.009107849842065918
-0.593070016646887	-0.12763774886775664	0.7949695342706111
0.3298642277099882	0.86217021473646	0.3845154250463555
-0.7344777373288818	0.4902765810083711	-0.46922417614929834
-0.8236090045010367	-0.005339301471128821	0.5671328764624847
0.5595214988785303	-0.17118930611037841	0.8109438413146561
0.09275720994906145	0.9852236869529922	0.14398050794888229
-0.9376534465764965	-0.02410005076130564	0.346735059774057
0.24755609576882773	0.6539347803835938	0.7149022887446619
-0.24397129661276012	0.7561669726706948	-0.6071980861886217
-0.5829270444486399	0.17435079651999	0.7935980472526495
0.5288998299588823	-0.6600300926092173	0.5335028085396863
0.6168152322372064	0.7307270876347153	0.2925352844992348
0.29581638009875943	-0.10903419998331604	0.9490016925692307
0.7376351841585309	-0.6051597128592667	-0.29945960833391244
0.6069489306001589	0.7886020955881923	-0.0985886934553617
-0.23385282804545504	0.23124114516112676	0.9443730129560637
0.8220966150603373	0.5656167484968196	0.06507571994393407
-0.5191050089543336	0.791583998451495	-0.32237363892549453
0.9501879245563227	0.13384480622663258	0.28147553334793274
0.21209355122844964	0.3840828316823569	-0.8986082037986117
-0.22838396080866322	0.913545809608373	0.3365632484278839
0.9988347837622056	-0.0174897447205513	0.044979812986694234
0.020157344352409443	0.9980215619618229	-0.05955370121110681
-0.04384924418238502	0.06039098185071465	0.9972111978391238
0.8898050491622114	0.23369693286146184	0.3919600975310879
0.40092755128737934	-0.8105767174643617	-0.42687525545925736
0.21795429131847882	0.5369833597755576	-0.8149507949686372
0.853726074474468	-0.5200836891629972	0.025782669160153725
0.5204722103712449	0.8538039014829266	-0.011294956564923075
-0.01613902084036177	0.023061961736587137	0.999603760460701
