-0.16122297556847953	-0.7026998505925767	0.6929791282037402
0.8555313424479339	0.25054020578774927	0.4530957154653621
-0.4920094249484267	0.6659148033051996	0.5607889090387896
0.7862657959364773	0.21510188196907545	0.5792385333467895
0.2596982782961477	0.7355833769761464	-0.6256787512505
-0.5606629133359853	0.6423770511854625	0.5225024609701616
0.951852038830487	-0.05946516446611984	0.30073508340275584
0.16656708225619554	0.9238851121675709	-0.34451662749970846
-0.25735792834669574	0.3780214196710716	0.8893068666028418
-0.6118990086153235	0.32908777955157115	0.7192223832761335
0.7390175085619226	-0.08614322855659928	0.6681560193643208
0.28183811895219857	0.9403619396400849	-0.1904906747896713
0.5746885270191838	-0.5427743783148775	0.6124778127878748
0.7053469578914695	0.7080281623238818	-0.03437717774216431
-0.4149924889751263	0.45176553166566963	0.7897399182598437
0.22841199554646596	0.805856707918419	0.5462809960023955
0.9498129582777107	-0.06126569493642209	-0.3067602629280739
-0.21373653075275872	0.5889324926736895	-0.7794069633348999
0.9469493844877586	0.11260476196733307	0.30101001777438485
0.19895912209887087	-0.9409519622046532	-0.2739063207683609
0.2523928108165956	0.31926411073826305	-0.9134376260274177
-0.9961332142589849	-0.07003398022618407	0.05304583926889679
0.08279572359957502	-0.54638423788683	0.8334321404544288
-0.029385159582448292	0.834601405583831	0.5500700011760391
-0.9869820613372586	0.04639226301588334	0.1539940535563668
0.05445149711034805	0.9973361881799228	0.04853413447444509
-0.15133223404449503	0.056287526851042796	-0.986879055031616
-0.8810320541308059	0.23886988511376495	0.40831813280797363
0.4710808953417793	0.3642151441662024	0.8033866558538175
0.04318923057940249	0.9001602672556311	-0.4334122559598774
0.8866334708974487	-0.028535151820596183	0.4615916305512032
0.45724984841519095	0.20366799806018787	-0.8657031377385901
-0.06930847284876426	0.9786240808792367	0.19362655787531124
0.209704093715265	-0.356715570611691	0.9103725582212125
0.6651984899247968	0.7344431398671328	0.13455200966123515
-0.7166136770121188	0.5773623437541479	0.3913023919347898
-0.46379031884998057	0.7873984714897725	0.40608150319437586
0.8494574655845802	0.26503663315219694	0.45626483236161175
0.25163575720404974	0.5565601766052958	-0.7917829345934573
-0.8341025968974138	-0.5153793719539619	0.1966137350576779
0.5397174311783628	-0.8361302274326341	0.09793537285210796
0.11392081605755935	0.1878040088437728	0.975577624759295
-0.00025520530910960737	0.4960593206772007	0.8682885955945315
0.5695381067256909	0.7137748879713448	-0.4076171663323438
-0.821964889674471	0.4944194167614864	-0.2827068454630446
0.7249841523170693	-0.6802700359604031	0.10784552407741418
0.685388946045247	0.6970463809815584	-0.21063792488414274
0.06811733647233942	0.22662528750107297	0.971597142614659
-0.18849204528471253	0.9270185124873165	0.324202755031769
0.9638621690896894	0.23790694474566498	-0.1198749541793541
-0.18825638863556549	0.28989129539809644	-0.9383616408348696
0.08648367476321495	0.8683827849203856	0.4882949035709523
0.9247745970605588	-0.25227945509235217	0.2848631621845594
0.3705570382963078	0.4269267096261615	-0.8248763943627233
0.9328112513373927	-0.012687183784364875	0.36014192306088083
0.03557677354226445	-0.9912557261898411	-0.12706840079333195
0.35860488362916937	0.1313435215892819	-0.9242031252781162
0.8139087810624247	-0.14034209192949168	0.5637877201060095
0.5676129717649572	-0.014977062950555897	-0.8231592809836558
0.12396777965920042	0.9899897902595912	0.06747002881382747
0.19794228370245603	-0.6816143721702779	0.7044293434927127
0.9791898094751061	0.1046617675447663	-0.17387705839043455
0.0447902817892642	0.7241876566645714	0.6881468365050551
-0.48477692441746134	-0.3775216015110702	0.7889669029464188
0.8419772013334901	0.042771418468691036	0.5378150222862872
-0.23678202209409943	0.9250124572970317	0.29712998478500374
-0.2669592083153671	-0.1705277256806867	0.9485004353556222
0.8788214111729733	-0.44697668926015344	0.16698732443504816
0.39548161570365836	0.8781412950272893	0.26918795962713316
0.1548374611672837	0.6324917971359594	0.7589331243100371
0.7573748748486135	-0.5692544385537497	0.3198948001060694
0.6343568865924897	0.5252651813537422	-0.5671753077224921
-0.17965968400974774	-0.4391304841425003	0.8802765564516022
0.9184295071961135	-0.3954624788582024	-0.009831995058463772
0.3524338778452229	0.8067055508127479	0.47435905813516355
0.9412218560845416	0.01517650375448544	0.3374479091097775
0.17317696598979088	0.8360338299159467	-0.520631514304162
-0.29001923398171614	0.5484679653086988	0.7842650922684208
-0.07487368639877978	0.021558175682008518	0.996959967173367
0.8515681208138028	0.5215908485671445	0.05267563293074562
-0.518869604716547	0.8529233445933285	-0.05741168477779168
0.9221586177697664	0.08441237350994739	0.377489118878109
0.12801300987067815	0.8543081287628619	-0.5037561815338318
-0.36501527773067755	0.5128666223572309	0.7770017211661
-0.9589422823314231	-0.24115297431406044	0.14924792171579182
0.2547565048158699	-0.9637159071091952	0.07969174134565384
0.12461469580672525	0.11444165921631443	0.9855832203445908
0.1998180802428816	-0.1338947148402927	0.970641509593468
0.2539383619348923	-0.9496963398259157	-0.18328166973017962
0.9463551358479929	0.2831061063613706	-0.15576549487942248
-0.33472505531634034	-0.2419638628092567	0.9107209377399293
0.8509784845681423	-0.4927084001818347	0.181862726231532
0.404715648505937	0.8358779345602325	0.37082788779936515
0.6302128872039581	0.18645066384249423	0.7537027708286234
0.5022006567877286	-0.8382201335765578	-0.21255942225380628
0.5921369918557912	0.512467713733842	-0.6218927763339785
-0.3346718013642467	0.09686225324919201	0.9373433145156046
0.8071879383514289	0.5427431467631577	0.23211529208907244
-0.4862534499122656	0.8342946604989839	-0.25982686910961483
0.7538566124719657	-0.28894400354093075	0.5900945438233023
0.4914410436553266	-0.34814719010238937	-0.7982977105283304
0.4361030938244488	0.8917986862748506	-0.12045411871411726
-0.992777892792839	0.04840314371518603	0.10976880823028086
0.0924828258655555	-0.27401643141467424	0.9572679469378926
0.07641323512147923	0.9605061847761593	0.26756099585891746
0.7354018943922045	0.2599211809075438	0.6257995153721234
0.6112683206587829	-0.6530399749103561	-0.4470904062134097
0.292463833462102	0.7113225505245199	-0.6391284184199155
-0.505543760228401	-0.39247542161688737	0.768367457614373
0.8520757474769405	-0.08712537227541572	0.5161163532261726
-0.1356186825468454	0.9156266777090523	0.3784644765519498
0.377671662597563	-0.44276669490968235	0.8132169262561796
0.8724325831085832	-0.12407010226123605	-0.472724018487924
0.31020235847149424	0.8880114096134364	0.33942632955485375
0.7291398285419742	0.5709710603048807	0.377289224240636
0.6623042248440761	-0.7275651327160781	-0.17889128377180205
0.17236073853249728	0.3803170071797426	-0.9086532616253442
0.6085391274698897	0.7438318802642325	0.2763951234026424
0.7899377149001119	-0.5347761116668752	-0.30002152750902356
-0.07535606754983298	0.4009097707627425	-0.913013044151282
0.47369414380262853	0.8074354068858961	0.3516559708494969
0.8444414745224763	-0.3030412389005459	-0.44168382767759173
-0.25006490004277054	0.5061759291319866	-0.8253808057702634
0.6400426605338552	-0.030483219583358367	0.767734437172501
0.6995469021769982	-0.39013861752372225	-0.598686888758426
0.3177727558355332	0.9202513963263037	-0.22838091690896367
-0.17240876547450412	-0.3434718919175261	0.9232021864413845
0.5747037504795283	0.7261072745227558	0.3774702969372549
-0.7999942604621121	0.5956469468970109	0.07220732566677623
0.893168831188866	0.3208840461147116	0.3150918404874469
0.4409370527381458	-0.487038694358374	-0.7539017347906077
-0.08845312043852734	0.8122971987805584	-0.5764974469483324
-0.23429928403130296	0.6304060878144844	0.7400621662731147
0.7961673397174676	0.5612684609351091	-0.22604265510461632
-0.5578722189441138	0.5362516938956656	-0.6334135364234017
0.11536159152993608	-0.05221667121785234	0.991950161271526
0.8777095343947532	-0.4622198784273692	-0.12640710905298452
0.4650996414019532	0.885226639473482	-0.007491350629889482
0.0346368406166786	-0.7049881224348296	0.70837280897696
0.9702322341044896	0.193711594870135	0.14534520947550994
-0.23968667292260123	0.6822518341775876	0.6907117586841935
0.13044063836431286	-0.5133557875760151	0.8482046187243502
0.9885490383079658	0.0018755187797474537	-0.15088830733262043
0.07586856215526283	0.8581738272585087	0.5077220139849923
-0.37961383309487373	0.32939392387196864	0.8645189301798112
0.5401608462819455	0.8375635152260659	-0.08193667131466967
-0.7510789558142273	0.4358749830838925	-0.4958763971541966
-0.1075147401479013	0.9561877547114965	0.27229682038304576
0.9941501390727585	0.10056076465592523	0.03940854721289577
0.01029959380484452	0.2749409215660756	-0.9614059538071591
0.46815721206428074	-0.13964476569300874	0.8725412106065504
0.23819267425352333	0.9708264210061752	0.027573723148961463
-0.8509365867819734	0.19492408699513086	0.48776175084251916
-0.8132662527439827	0.3560005761835213	0.4602842512021893
0.39291698184186574	-0.2474800757844644	0.8856465759375994
0.4292018726986617	0.9011199708400185	0.06138852193403466
-0.7060914175971056	0.13131416885307926	0.6958387018944365
0.32565345064379025	-0.8123611695664257	0.4837552689785002
0.6287962627747576	0.5681777180065174	0.530838337614574
0.0677539869238416	-0.303375803622212	0.9504591096057213
0.6715002573956512	-0.6907121801663518	-0.26833577563832006
0.7379002653296025	0.6564143553780812	0.15691842619679897
-0.8983025874938164	-0.4218569823150405	0.12283789225626478
0.4393308607174102	-0.8583239825804445	0.26508175295282765
-0.0063918794742762325	0.29209010150857906	0.956369445600127
0.4824947203902553	0.5477433378572814	0.6835028022096863
0.8712161756858186	-0.21953234822619683	-0.4390762158278093
-0.09045009684299016	0.8073306533975136	-0.5831260550394208
-0.5967877009345262	0.1723289533900914	0.7836754250560357
0.4488103464709599	-0.737908025687797	0.5040446592576442
0.6651418742748795	0.6525292924068722	0.3630314168733707
-0.34305181220867675	-0.8961430658927187	0.28150143799409094
0.9384975454312494	-0.33951039026300034	0.0628892051387611
0.039214937968364116	0.28576266438403664	0.9574977223389484
0.6468186165823969	-0.3634025650787094	0.6704955279020499
0.5378666544769595	-0.40591219249788746	-0.7388739770646419
0.540671008325948	0.8385546301081238	-0.06708944089818014
0.7580791284061236	0.5020248842520036	0.41627761249768713
0.573725206401354	-0.8168713868339237	-0.05967013416899963
0.31008937842940665	0.2840636424532101	-0.9072774792870588
-0.6897378498056141	0.375481801940277	0.6190921700015359
0.6275484421301518	-0.1164938484823399	0.7698130526600554
0.36117122161870496	0.9194795265134815	-0.15528280328805288
-0.897584668995393	0.10173917948479702	0.4289416059817364
0.18681041763379583	-0.7935434413864273	0.5791292381637045
0.3993039316709989	0.599948286096682	0.6932664885610265
0.5738218273593934	-0.1549143567734526	0.8041952825722083
0.3697964174119866	-0.8271368297776203	-0.4231964963166489
0.7307387495645665	0.5402279212433351	-0.41734239299874454
-0.4435500749357897	-0.4178584185680303	0.7928793559276723
0.4696722053061575	-0.8618313018534915	-0.19145450297229127
0.7633291233716335	0.2874737365001215	0.5785218234737153
0.7898203515331579	0.12842711322123906	0.5997418518777041
0.18413501138963445	0.88307519030858	-0.43159298632160886
-0.5850453913027417	0.45131439690212	0.6738228292840022
-0.6330108236467842	-0.03417977342794226	0.7733880269531165
0.5191486239227843	-0.7598285811853647	0.3913377486173742
0.5742664916439922	0.6492243605274299	0.4987240983476239
-0.5890608229600247	0.3699549196203964	0.7184293314601821
0.5253431560541963	0.8508582322066706	-0.007405205814546456
-0.6140211032535238	0.37305981575989333	-0.6955605355571286
0.579546906215394	0.0569078269941351	0.8129494958009205
0.5096371910522463	-0.8037333917997933	-0.3070546667979104
0.6359208417661286	0.5922618796890486	-0.49480354573775354
0.9219441388629509	0.35637392929744227	0.15171231767181442
0.37352772216479735	-0.9216702430736714	-0.10488567016946279
0.10245021030056428	0.15336748530774383	-0.9828440206155546
0.6858188482195746	0.30291820130623553	0.6617348946097457
0.7272268939908295	-0.2500471592060962	-0.6392319319538198
-0.028170056500248786	0.9196287193701362	-0.391777317396524
0.22622460133910116	-0.17673006084389997	0.9579086153402505
0.7910149404162516	0.607209124575021	-0.07478263883489528
-0.5684345114322655	0.7746376989450927	0.2771617606846468
-0.2935380061897457	-0.2602948344450974	0.9198271783782803
0.29726014066428785	0.8896577983210022	0.34661998017840046
-0.9085548127077403	0.37517409431865933	-0.18377309720896862
-0.1714361190366538	0.016738324344567693	0.9850530369415582
0.08665864995926024	-0.9957239489419385	0.032001498257281755
0.9813765513180397	0.09084957898421134	0.16925252884817632
0.5614571146748843	-0.33312874743078946	0.7574900303080874
0.8244084362913359	0.1460521284135584	-0.546826760462163
0.07153068259584966	0.931500946548667	0.3566361563643107
0.19220538997168934	0.3490642437118299	0.9171756875472217
0.8890008162287422	0.3338803006996791	-0.3133711753644901
-0.4156135666823943	0.8756015638214563	-0.24614480417623863
-0.47003812921626675	-0.1643218203340886	0.8672153691240507
0.6171039948667295	-0.763653985573387	0.1897768422052717
0.6310679968136521	0.6243644205750137	0.4603501425193999
0.17983340820961247	0.4717128096628387	0.8632189586030334
0.799564959989107	0.4410824210852847	-0.407605412828585
-0.5730234027064973	0.7635007026909236	-0.29784367869930284
0.24660841209928197	0.35299913753398626	0.9025385864228368
0.5345153526767847	0.7272937680306096	-0.43050797058434376
-0.8083796316302649	0.5885876178480989	-0.009326697229847358
0.27895013623729836	0.24802844691888354	0.9277223243040987
0.7709533388089604	-0.6338317232591062	-0.06235620233551853
0.5725537274985718	0.7326248945465875	-0.3680258048263636
0.949507206570158	0.24801610468144478	0.1921563855040417
0.3018388822200107	-0.8892248213419558	-0.3437622816562935
0.08561164553674791	0.3844050323916286	-0.9191862799348569
0.7443895312808564	-0.02067532183047671	0.6674254690875028
0.5767002918054887	-0.4839398331962854	-0.6581937490415839
0.3366021377694015	0.8748569991222324	-0.3483162814683105
0.6100942226572902	0.020609095122750498	0.7920607960746561
0.34804117805246193	-0.9050249897332001	-0.2445344686097939
0.711795179711166	0.4248588390943999	-0.5593233313418158
-0.7460360570961941	-0.2026757115502428	0.634312823029747
0.5271773372182262	0.4022037692664443	0.7485427062709018
-0.4068344339358027	0.892835194162656	-0.19321247223889926
-0.7694616865746673	-0.38800573978064673	0.5073265800162075
0.4279439808984771	-0.9028544999035719	-0.04144515914596904
0.47412304532308086	0.1852168942109328	0.8607566671205189
0.03452928877298256	-0.9174775086322404	0.3962861962910251
0.9778118354937413	-0.050964410640850666	-0.20319114945388558
0.20661980201614877	0.39450937885176773	0.8953606018877533
-0.6292039884804432	-0.5626700227551553	0.5361947280354543
0.6360395767218825	0.023750073601071064	0.7712908600828822
-0.44671691004902697	0.8263403533028365	0.34293676207078305
0.9934829233284921	0.007798899564340447	0.11371393151350852
0.11373764709701902	-0.13299687131292548	-0.9845687278467699
0.00744504449332152	0.9910857729715215	-0.13301714899190253
-0.466374247662652	0.8590248987681245	0.21111912375128167
0.88399655493373	0.4438721153532502	0.146722990962998
0.032328810407939806	0.25505640260194307	-0.9663855749696202
0.10606601653756798	0.03671497259792078	0.9936810408390544
0.9845934024484153	0.13583284010968077	-0.11011481009741964
-0.1390173801756645	0.9900512362170313	-0.02174207152556895
0.35742634969433684	0.32015811028766844	0.8773512346610168
0.8493092161058662	0.2793344403889908	-0.44793540365794715
-0.3884845685246976	0.9052464055877815	-0.17207174430620786
0.41161652761342926	0.23468621894708405	0.880621492374439
0.4443545938396586	0.7919553070143808	-0.4187550437013861
-0.7956889022281602	0.5636747025794923	0.22169799399829004
-0.44121494500469005	-0.19649116352332757	0.875625830455999
0.8872672772648549	-0.24173938043561138	0.39283438067666426
0.13448476121672703	0.9502385461576772	0.2809992071103119
-0.7769866994354309	-0.6136572740340939	0.1404151662943857
0.6207503184382167	-0.7839591817058347	0.008777447121468968
0.10469341459369627	0.09398271885917428	0.99005380535431
-0.6006458293237844	-0.7457182209980976	0.2883208674157595
0.7585491114259596	-0.6454781987007514	-0.08922522377063806
0.25264170928575996	0.16511277925547113	0.9533676818812895
0.034452990612896195	-0.7302085356046307	0.6823551025440994
0.8483187366603971	-0.3395929487446334	-0.40624124629809866
0.5283638069254323	0.5928508443892658	0.6077495897474543
0.991652198697392	-0.07578074879215334	0.10432255236107323
0.11900827341232635	0.22650911637141413	-0.9667112552670825
0.04962809363702471	0.9710565886255764	0.2336367993463636
-0.75846779223651	0.01131769680369702	0.6516122450345256
0.12107333602706802	0.9848906087435478	0.12382138794263493
-0.6403654077502561	0.172807403046928	-0.7483780769163575
0.7250032833931255	0.3955941983998627	0.5638044601291813
0.5716175646709007	-0.8022591975628024	-0.17214395047632908
0.384218165667497	0.4470854617612367	-0.8077691446526325
0.07184058540642857	0.8762720904563168	0.476430638997723
0.9166282673311417	0.13031694411761097	-0.37790225403582456
-0.39323218309031005	0.4638585102842939	-0.793853722431825
-0.3883539709202435	0.8499964402480258	0.3559315170593398
0.9147896315784518	0.4021665162238497	0.03770972268437367
-0.11109060818556657	0.34024718190465053	-0.9337508939641797
-0.9674667096362937	0.16472909857414156	0.1920221076555335
0.24408414649759522	0.4080328833678488	0.8797341050107468
0.06656647184629078	0.8979830121853474	-0.4349659925240894
0.589473926797847	-0.7376941246924281	0.3291319917902217
0.8037715323216897	0.49507004071418703	-0.3299348096465359
0.0804475820318377	0.45903489320696	0.8847684179285027
-0.64868701501047	-0.18769384712043885	0.737547406144131
0.3646923405378188	0.7739365329745791	0.5177081607241051
-0.6679855187875363	0.6048084512309807	-0.4335920709719314
-0.7986653665335277	0.4328503881771256	0.4180600121451204
0.4666338632543042	0.006796343122837167	0.8844244724025452
0.3799821969043153	0.9014401539620192	-0.20741065271750614
-0.9726796888504796	-0.14210557851086328	0.1835762170157864
0.19684207986698096	-0.08562195829511365	0.9766893445980411
-0.12307484914220014	0.9861414121787011	0.11125509738803863
-0.5851663397322979	0.5108449229600643	0.6297760074266335
0.6794810692099357	0.7327610595082035	0.03696899043438884
-0.44258991338441944	0.4495538837051029	-0.7758965615441478
0.9304112544410457	-0.35970520396225486	0.07033536700631145
0.3661921445411986	0.9042277615002634	-0.21971679182197404
0.015434081953838979	0.2301832347819784	0.973024905919446
0.9981323161375204	0.00737031659206722	0.06064287192475167
0.05291360371276671	0.3917904435390678	-0.9185316537243499
-0.03052916677666486	0.9200249598705424	0.3906687128388059
-0.8509969540492006	0.4037706634653889	0.33581756285772596
0.515825774070448	0.5225440648155623	0.6788751513574883
0.09863039594164764	0.7509440402924502	-0.6529587225435043
-0.3379897759210313	0.4231227809724477	0.8406723640009781
0.7873199179686862	-0.3622790618650442	0.49887997364492875
0.5156454771862471	0.830494427167531	-0.21068637426526204
0.43266627222261855	0.2808187469899261	0.8567034073820361
0.36128291142540764	0.8166094812027316	-0.4501373269589922
-0.8259991251768757	0.5042715404906503	0.25186436559827696
0.17426044417606223	0.4000781964450739	0.8997614874647714
0.9532627404874152	-0.2975811482417614	-0.052303038243845135
0.2468267513742869	0.8668234520018312	-0.4332362610235254
0.047219348714083065	-0.592833366759361	0.8039396322882575
0.9978921585465683	0.06386385786970106	-0.011517272648903731
-0.04451486289194195	0.8027888931187075	0.5945993777889043
-0.9970394060144441	0.03350762530375539	0.06920738328290307
0.06884878905980918	-0.011741323666504933	0.9975580111269499
0.03423838634283775	0.9993694914119907	0.009399602947842589
-0.593935249504649	-0.1274832185006618	0.7943481279618921
0.32959491424399084	0.8621451694912605	0.38480241582841196
-0.733899251873407	0.49036082197051417	-0.47004058588174624
-0.8233795434576292	-0.0057899376878926545	0.5674615441041592
0.5599104788947664	-0.17118413858517423	0.8106764128310906
0.09244664969234695	0.9852220396024554	0.14419136465904714
-0.9379066076239606	-0.024533880733198205	0.34601919610259074
0.2467534642509784	0.6539073509564348	0.7152047988130945
-0.24381124513741173	0.7561767419468197	-0.6072502051734834
-0.5831274255039554	0.17468622981071955	0.7933770394583177
0.5288292560706482	-0.6597283853356344	0.5339457608280088
0.616686325086663	0.7309194064306631	0.292326525916061
0.295656437804355	-0.10901300182082196	0.9490539690759703
0.7381045304821205	-0.6046217858769487	-0.2993897094503035
0.6064560766177609	0.7890175292583697	-0.09829733290588161
-0.23329828254663432	0.23142536935412467	0.9444650389400858
0.8224053656274066	0.565216509307364	0.06465069368266835
-0.518865421808047	0.7918160114734392	-0.3221895063875482
0.9502583446589548	0.13438770135838268	0.28097868981407353
0.2113587513813429	0.3843852520429578	-0.8986520217672643
-0.22877184402924863	0.9133388876728518	0.3368612765575396
0.9987865543418205	-0.018060904288402953	0.045817274059887184
0.020854100387270865	0.9979053618062625	-0.061237205809458246
-0.04461530413469454	0.0621183758206657	0.9970711017888199
0.8897616498449181	0.23234563932413543	0.39286093004052725
0.4005606021344287	-0.8101244384923003	-0.42807662652291323
0.21880450288545983	0.5382507761671994	-0.8138861661635814
0.8533154272240657	-0.5207453444264057	0.026020528811579034
0.5211424205617236	0.8533925364594178	-0.011478510636355044
-0.016228344107697926	0.023355191576719656	0.9995955061293227
