-0.1617121301070148	-0.7025611774605749	0.6930057567592512
0.855515746832926	0.2502188998659327	0.4533026682811201
-0.4918759944306622	0.6661818776243413	0.5605887191406498
0.7864107432684504	0.2149372475400408	0.5791028600273657
0.25990888827388914	0.7353402952971371	-0.6258770006227663
-0.5603619479124134	0.6427103778003203	0.5224154071230818
0.9519054748561298	-0.05896128303523866	0.30066515268944055
0.16618543575419809	0.9237781751205463	-0.344987368050108
-0.25740700822260737	0.3783615338189016	0.8891480089636903
-0.611982888843422	0.3276960952147453	0.7197862272535285
0.739203228293778	-0.08655458125031235	0.6678973661758516
0.2811681543897109	0.9408100624704179	-0.18926408880580592
0.5741782866233439	-0.5430787301280012	0.6126865332719814
0.70597038159243	0.7073971602123241	-0.03456990074874752
-0.41463853593765243	0.4523878320712187	0.7895695877561286
0.22847145960019188	0.8055089046148847	0.5467688695731374
0.9498644539449217	-0.06130461611636484	-0.3065929927032596
-0.213443930061442	0.5894040622772749	-0.7791306309541246
0.9469429997130794	0.11232253626469121	0.3011355228820773
0.19879833390631887	-0.9409058284671754	-0.27418140781710615
0.252543417515616	0.31949940501285073	-0.9133137207257798
-0.9961346778074782	-0.07007347464296088	0.05296613843630428
0.08276446781359076	-0.5467710759666802	0.8331815128492542
-0.02942357111100778	0.834344712117061	0.5504572234291909
-0.9869974116214673	0.04569769548175778	0.15410330976387773
0.05370980904840243	0.9973909796693536	0.048233702804068836
-0.15149708203298592	0.055883399161679705	-0.9868767298065289
-0.8807277524404304	0.23951419181683836	0.4085970851579278
0.47160512697929663	0.36394392279528565	0.803201982858123
0.043671847774849754	0.9000987573476068	-0.4334916339829693
0.886552730896106	-0.028231131173811624	0.46176537177803156
0.4573451037707317	0.20388823127193434	-0.8656009734316041
-0.06971163028932337	0.9785870387356708	0.1936690378479623
0.2101339372947748	-0.3564041241008298	0.9103954243738904
0.6646536381034418	0.7349789105539564	0.13431880879749655
-0.7169932145793673	0.576872690777471	0.3913293100220141
-0.4643481885190761	0.787014524104013	0.406188255207344
0.849078734822007	0.2651544416859096	0.45690089092416236
0.25188501720450224	0.557046910864397	-0.7913612810874184
-0.8338487418574108	-0.5161195808479098	0.19574691304894387
0.5402797246234894	-0.8357797202162307	0.0978267777044976
0.11311098471669023	0.18733082378684146	0.9757628131855426
-0.00018715776188993338	0.49567701892252397	0.8685069129742446
0.568773175169148	0.7143948634154038	-0.4075991343632763
-0.8224944013061597	0.4939071492069803	-0.28206149645468437
0.7244625326511946	-0.6808612293027049	0.1076198179566675
0.68586384780808	0.6963952158002038	-0.21124508439365497
0.06888266149410546	0.2268516912941077	0.9714903443176836
-0.18768910550945916	0.9272043162098087	0.32413724820662065
0.9639012261915456	0.2373199463085165	-0.12072145306679204
-0.18885768668363495	0.2897781894588067	-0.9382757457669266
0.08568435937890728	0.8683488522935614	0.48849612207087284
0.9248575727716724	-0.2516659309743252	0.28513633453791365
0.37053564018150403	0.4273576136063111	-0.8246628459243222
0.933073235740963	-0.012944923581595455	0.35945342632579813
0.03535302459309387	-0.9912126674486108	-0.12746611919067194
0.3579448287041027	0.1316429901015513	-0.9244163687219704
0.8139626089127234	-0.140397371824659	0.5636962384801955
0.5675354867577642	-0.014887434453321635	-0.8232143314872657
0.12396911939116348	0.9899833040410968	0.06756267577037589
0.1973700866106034	-0.682006085708877	0.7042107269613116
0.979307950050625	0.10438767161873297	-0.17337575661453436
0.044732403009066835	0.7238583515233319	0.6884969855060796
-0.48418220060670714	-0.3780596728217207	0.7890744454115721
0.8420333207100326	0.04376576493112805	0.5376471376600351
-0.23779714764833054	0.9247461498194662	0.29714823735703244
-0.2662818642178708	-0.1706055237764741	0.948676828032397
0.8791507887343419	-0.4465231289981699	0.1664661705496578
0.3952060974433966	0.8783569038418486	0.2688889919965525
0.1544238145384902	0.6324550436392974	0.7590480243559009
0.7575765475043091	-0.5689584267776202	0.31994387518780015
0.6342168873302202	0.5256300280367834	-0.5669938389887645
-0.1786707898640243	-0.4392928380403778	0.8803968146783566
0.9185603137588711	-0.3951347771383369	-0.010745132993200068
0.352595659128938	0.8067777329241728	0.47411600987644587
0.9411401465770058	0.015994141720546515	0.33763798946746953
0.17255316264787918	0.8361888868498643	-0.5205896191521682
-0.2906555187179946	0.5482082933880223	0.7842110917982259
-0.07477498541631689	0.021477088664725863	0.9969691250076288
0.8518527767428123	0.5211269381616161	0.05266460934877687
-0.5184163850724143	0.8532089128606115	-0.057262576816482946
0.9221832749558786	0.08393375684515131	0.37753560342504056
0.12844741901952472	0.8542898904430005	-0.5036765267849086
-0.3648003124160849	0.5129755428368346	0.7770307744950529
-0.9589331051193521	-0.24066192606254094	0.15009709274341657
0.25439532670787923	-0.9637897322614475	0.07995229663117118
0.12542056312801783	0.11485290301631679	0.9854331499464464
0.19949571893269546	-0.1333546950217711	0.970782150352579
0.25432741103695533	-0.9496998971900339	-0.1827229412867435
0.9463186704925389	0.28334895551755535	-0.1555453094257231
-0.33485041481654654	-0.2419135491316488	0.9106882202179384
0.8511758620891432	-0.49223856278132505	0.18221100161016474
0.4041965505716131	0.8361692604117332	0.37073726066920265
0.6300138880558197	0.18653774640837967	0.7538475774463113
0.5026201560965982	-0.8379300509263454	-0.21271156160397908
0.5919928036236762	0.5129102250096551	-0.6216652005206051
-0.33497496537424976	0.0969977060460126	0.9372210078707859
0.8069921876123909	0.5429836669918955	0.23223338802291604
-0.48636959373000316	0.8341224025296562	-0.2601623260448487
0.7535125994137796	-0.28949587524817083	0.5902634163989705
0.49131632366431505	-0.3486060329227392	-0.7981742315502626
0.4368375357334474	0.8914403917392154	-0.1204449888960244
-0.9928370538598599	0.0465397957721585	0.11003922887933898
0.0932702630687354	-0.2736803318001506	0.9572876965744668
0.07466754656450594	0.9606940841887417	0.2673791953290161
0.7350237446992836	0.2603128408062454	0.626080920999534
0.6114950070653252	-0.6534242819893963	-0.4462180678108177
0.2929401834204728	0.7108262323648615	-0.6394623650532967
-0.5056810117723491	-0.3924801392008845	0.768274726036037
0.851947619729498	-0.0868863746189068	0.5163680965578972
-0.1359116167593341	0.9156473656590933	0.3783093102098156
0.3775616974488587	-0.44249680564915206	0.8134148643895271
0.8724149346082819	-0.1244603773052202	-0.4726539922115002
0.31038580265850335	0.8880913193311476	0.3390493504442944
0.7292271969368892	0.5706428963547606	0.3776167105510789
0.6622032226703402	-0.7275408582613807	-0.17936329458757444
0.17237919576498584	0.3808555952065599	-0.9084241456870645
0.6083849412122713	0.7438078082580327	0.2767990384385808
0.790136541152049	-0.5349201395617331	-0.2992401888576003
-0.07451180874477226	0.4007622595325534	-0.9131470865594133
0.4738755513247074	0.8072238273508865	0.3518972213781895
0.8445170613679043	-0.3033903654340735	-0.44129946659870145
-0.24946521784654446	0.5063042353355984	-0.8254835712271993
0.6398711705056008	-0.03065773416424039	0.7678704242850528
0.6995468579618451	-0.39038964008255705	-0.5985232847867503
0.3181180263227824	0.9201391374417927	-0.22835255434606205
-0.17266823396691322	-0.34324613377429186	0.9232376577175287
0.5749797913518744	0.7259149267658778	0.3774198704830543
-0.7997399080424228	0.5960114183029478	0.07201714196499442
0.8931518578251068	0.32107282202763066	0.31494761757913614
0.44090727279311637	-0.4868451138749623	-0.7540441710498208
-0.08877238118748872	0.8123386473948463	-0.5763899602586906
-0.23439066998177416	0.630479140678578	0.739970990644023
0.7960778286825333	0.5613589939134496	-0.22613308168550356
-0.5579615618531424	0.5360710149986487	-0.6334877760247
0.1151733119691688	-0.05176781368446054	0.9919955653511681
0.8776449355685012	-0.46244549991029826	-0.12602986425318136
0.46526817565895656	0.8851351609099285	-0.00782762032428641
0.03389924298253799	-0.7055277595839377	0.7078710488370605
0.9702236741341767	0.19319311377818105	0.1460905299404095
-0.23982673636354584	0.6818408914440085	0.6910688354137018
0.1299110050434258	-0.5135357964857108	0.8481769370222192
0.9886755751590535	0.0022777601635877165	-0.15005138750625352
0.0751248151579868	0.8580651476061849	0.5080162050673723
-0.37955235094886763	0.32898883508616983	0.8647001557059143
0.5405230612642924	0.8373880005643677	-0.08133976120132452
-0.750849407758084	0.4365176776482889	-0.4956586365331275
-0.10711822551343997	0.9560720524517785	0.27285878450857276
0.9941889134959077	0.10005114576845997	0.03972621945573515
0.010681294148122467	0.2755285806428478	-0.9612335362461399
0.4680911717326196	-0.1384492330905503	0.8727671309132933
0.2382743156747016	0.9708440601070905	0.02621376440980633
-0.8509500604828323	0.19568755916362857	0.48743242993551983
-0.8125068770714603	0.3606127362216754	0.4580295068948051
0.390720766237812	-0.2462288870443914	0.8869659621515454
0.4326313182631593	0.8996275838699012	0.05916377944557327
-0.7060563483930853	0.13101347629475563	0.6959309606009679
0.3258272428299983	-0.8124351327475172	0.48351397384907674
0.6287456089100135	0.5681413768655543	0.5309372233792697
0.06798776778603288	-0.30262231799034145	0.9506825948157591
0.6715171704558718	-0.6908510014929976	-0.26793578245367167
0.7378633702891151	0.6566160418313539	0.15624666522941744
-0.8981810949675058	-0.4220736308631954	0.12298199369392016
0.43958004292466935	-0.8582019961120342	0.26506361449973825
-0.006332969707666974	0.2921355575743546	0.9563559533434205
0.4824952572981227	0.5478510726961119	0.6834160729969246
0.8712444809953741	-0.2198576310076823	-0.43885723922796493
-0.09017417046981757	0.807169018380543	-0.5833924877358903
-0.5967664006565272	0.1718807437788622	0.7837900694481137
0.44923301766623414	-0.7377948478505945	0.5038337606032444
0.6648755965486646	0.6527754379594437	0.363076670568234
-0.3431467743408536	-0.8962168185361271	0.2811506810101123
0.9384864822991267	-0.3394517496263876	0.06336901622555938
0.038644712462097996	0.2856009871281381	0.9575691423339386
0.6468387708265857	-0.36362445769419544	0.6703557699626028
0.5376712164247478	-0.40593622678242824	-0.739003005957335
0.5408412591360647	0.8384467982837357	-0.06706488547570078
0.757915223040188	0.5016660039968743	0.4170080756025596
0.5735218034468308	-0.8170276784548789	-0.05948540669546935
0.3108653336334509	0.2842481188547053	-0.9069541064863889
-0.6895670127957287	0.3762065442328274	0.6188424443591182
0.6276572287223195	-0.11585636211446149	0.7698205677885076
0.3613083698125361	0.9192638029608237	-0.1562380314437275
-0.8977379558550869	0.10167777566796815	0.42863526750880493
0.18681907494382638	-0.7933020092279095	0.579457121271363
0.39895513012651357	0.600277895720121	0.6931819761473608
0.5739472145552964	-0.15524145039680512	0.8040427146507284
0.36948186510515024	-0.8271483526127688	-0.4234486440271143
0.7307993885209784	0.5401163715799387	-0.41738059237186054
-0.4436724557295013	-0.4181092043766195	0.7926786519406868
0.4697832816236078	-0.8617400203294283	-0.19159281215533897
0.7631896358926189	0.2873827249125931	0.5787510251290314
0.7892970712931425	0.12817750467921785	0.6004836888228329
0.18460702350827674	0.8831807181163971	-0.4311752149866916
-0.5856025786482522	0.45117884086204024	0.6734294866122981
-0.6332558979305909	-0.034398896332390516	0.7731776533677333
0.5190201060812123	-0.7599445542555596	0.3912830228118338
0.5741124430105728	0.6490770296262474	0.49909308990608103
-0.5889354868556105	0.369857547615984	0.7185822060096089
0.5257022199935995	0.8506400811041936	-0.006973400379449712
-0.6138339907629317	0.373653377999639	-0.6954070641671053
0.5797798001374799	0.05731588239544336	0.8127547434360353
0.5102116178965987	-0.8032700058754685	-0.3073131995605782
0.6352475803305976	0.592850898022476	-0.4949629525510615
0.9217423811063546	0.3569172367172037	0.15166103325028246
0.37406903025909527	-0.9214439336801517	-0.10494492691440274
0.10229048574235894	0.1534638824551395	-0.9828456101079093
0.6854972350796553	0.30310043972846623	0.6619846404068286
0.7275035194331201	-0.24912618894708016	-0.639276756337291
-0.028847355347964065	0.9198186046265397	-0.3912819503533409
0.22641549530300398	-0.17708989752948023	0.9577970514047814
0.7909802365790327	0.6072641952379152	-0.07470249342173646
-0.5684067987173208	0.7745123403633059	0.27756863258819764
-0.2929453472903969	-0.2597403734029989	0.9201727891680886
0.29809140475700296	0.8896152077678204	0.3460148790416596
-0.9084737409033381	0.37565904825078866	-0.18318226321455433
-0.17159228855032205	0.0177932119642452	0.9850073543471938
0.08727909932901126	-0.995630863622242	0.03318948964875222
0.9812942705072618	0.09166561520452196	0.16928960292586503
0.5614491749921365	-0.3342375407649846	0.757007325092713
0.8243214076745614	0.14565406608888232	-0.5470640820609638
0.0725881584700881	0.9311660213813382	0.35729651534092877
0.1925058863740413	0.34825865426309477	0.9174188756735948
0.8891168840524923	0.33369437700169025	-0.3132398908987179
-0.4152260230333975	0.8759931349550132	-0.2454045176999733
-0.4702559335193639	-0.1636480885204372	0.8672246883671142
0.616748011837149	-0.7638112784217732	0.19030034380058342
0.6312537103928619	0.6243489681895082	0.46011641900277933
0.17970821716979768	0.4721038812752084	0.8630312172607297
0.7992029618730928	0.44145836762066315	-0.4079082438379681
-0.5735674174976544	0.7630415682927002	-0.29797312402713105
0.24616427137705665	0.3527554615471503	0.9027550807644671
0.5346647173761498	0.7274553198002927	-0.4300492968106514
-0.8084162241633233	0.5885340619224267	-0.00953239039299758
0.27870051139503915	0.2481940749247386	0.9277530523368795
0.7710242033649284	-0.6337735751333264	-0.062070389786104074
0.5725798658472203	0.7326191074733	-0.3679966583970622
0.9494541636056792	0.24853925214014583	0.19174209594519676
0.30214645746010593	-0.8892043641844625	-0.3435449271341606
0.08511350924587957	0.3841143564889554	-0.9193540404452076
0.7441235367019623	-0.020130620680437084	0.6677386616313179
0.5772057524073269	-0.4838441290587312	-0.6578209316852792
0.3363237748272561	0.8749226348005963	-0.34842029447138567
0.6101036635182739	0.02056884624501265	0.7920545702953362
0.3486500661292459	-0.9046469480223525	-0.24506536030601145
0.711489037968719	0.4256651524355638	-0.5590997467825887
-0.7461988308040757	-0.20259081354872344	0.634148458306332
0.5271490555267303	0.4019442519571492	0.7487020045224163
-0.4065724759054744	0.8929713212552094	-0.19313477483824237
-0.7697570814826329	-0.3874927868064016	0.5072705152877981
0.427197411834697	-0.9031970827859301	-0.041682142084141185
0.4743167789874989	0.18461952719036745	0.8607782660772338
0.03448118732163319	-0.9172461860055278	0.3968255057064793
0.9776496093377326	-0.051439559916814925	-0.20385095790146046
0.2073940430259969	0.3949853236942823	0.8949716783135956
-0.6290196440507652	-0.5628100090870864	0.536264096383156
0.6362893366009998	0.023577162231854465	0.7710901358135458
-0.44662083194372887	0.8262499688910656	0.34327950911961647
0.9935374174408004	0.007773271417593999	0.11323858174903655
0.1132638261569527	-0.13290680391851972	-0.9846355097986523
0.007396338915464498	0.9910980565633416	-0.1329283131880301
-0.4659750687081905	0.859280771205309	0.21095921781047106
0.8842075753759358	0.4435270347331608	0.14649482280482898
0.032314067992213355	0.25479467360527497	-0.966455107758335
0.1061574419796476	0.0361059101545777	0.9936935950101757
0.9846395558546528	0.13549889868989462	-0.11011354821354907
-0.13862013763768116	0.9901193926520857	-0.02116709086235269
0.35780316847288884	0.3209097118468741	0.8769229438628675
0.849196694852533	0.2787638590757918	-0.4485038286622602
-0.38838365836154265	0.9051561565362787	-0.17277287461339608
0.41232535577412177	0.234114317683477	0.8804420976085502
0.444484710535922	0.7918961197991032	-0.4187288831056701
-0.7952491075666425	0.5639955865986225	0.2224586146044567
-0.44128973626494905	-0.1961799147450361	0.8756579296265422
0.8871770163753516	-0.24199988886555812	0.3928778377617996
0.13483438093654387	0.9502365467817411	0.2808383785699009
-0.7770714362558533	-0.6135404681864621	0.14045667251078717
0.6206800928887254	-0.7840100480201997	0.009190587304815478
0.10448064532203466	0.09432040341782442	0.9900441688390422
-0.6009993259890614	-0.7454747650153566	0.2882137833032849
0.7581143214954389	-0.6459087352296768	-0.08980301385537943
0.2531056809006947	0.16452744597573393	0.9533458101950717
0.034306665271171655	-0.7300634884394727	0.6825176595265208
0.8480656637868152	-0.3400608410403956	-0.4063782158245285
0.5287794271941753	0.5927612733963705	0.6074754234845334
0.9916735349730749	-0.07597514013607863	0.10397777702619398
0.11871970488263718	0.2265469180370625	-0.9667378784347328
0.04989220085930501	0.9710325803026446	0.23368032926244153
-0.7584262397931907	0.010501766260242108	0.6516742680960923
0.12095195512580259	0.9847698659046619	0.12489569951507574
-0.6404375561632907	0.17354545258095788	-0.7481455156211678
0.7247150182958513	0.3949325275106095	0.5646383275783939
0.5719074150447888	-0.8018217508327148	-0.17321601689320656
0.3843306530492092	0.4484530952124667	-0.8069571057504399
0.07136979172289781	0.8760905189652182	0.4768351448967293
0.9164539014690913	0.13110669731839997	-0.37805195463103003
-0.3937240141412651	0.4639789181606381	-0.7935395164646639
-0.3879422685122038	0.8499430288866543	0.35650756506501446
0.9148865405384992	0.4019969990689617	0.03716222115329465
-0.11172920049433148	0.3405807692552963	-0.933553065106836
-0.9676066753933323	0.16430235811568292	0.1916821766672328
0.24362011724419583	0.408479930658906	0.8796552647047704
0.06623111208628961	0.8978579405265186	-0.4352752674174034
0.5895188092323917	-0.737646085080887	0.3291592725810165
0.8036889158373861	0.4948079507460579	-0.33052869533311896
0.08094257298449256	0.4593945418083761	0.8845365763128862
-0.6487316494207418	-0.18792901585490818	0.7374482571948011
0.3647743087858234	0.7736687709450276	0.5180505154077498
-0.6678974103031607	0.6050779436272785	-0.43335174102121155
-0.797998056569025	0.431433828995546	0.4207896777611134
0.4703301021159619	0.009271601264588147	0.8824418578317665
0.37681387548184664	0.9020969396956364	-0.21031503663818008
-0.972696011659349	-0.14206041167701844	0.18352468045511566
0.19675074216896654	-0.0853457170969738	0.9767319253659954
-0.12309189395714536	0.9861718653497267	0.11096593006271549
-0.5855915488382923	0.5104213657416137	0.6297241994108499
0.6789433168066228	0.7332566743153686	0.03702191426152135
-0.44285269615617306	0.4492267567347603	-0.7759360866339295
0.930422479240545	-0.3597551505389557	0.0699302637244484
0.36615615063326235	0.9043711563683807	-0.21918595959219106
0.015610364419488949	0.2295409401165972	0.9731738145537412
0.9981333497876607	0.007698717426239968	0.06058502943512058
0.052728019176449835	0.3919107452094813	-0.9184910036484173
-0.030815126730089168	0.919971030815286	0.3907732468136331
-0.8508921500858635	0.40371819831924416	0.3361460475271428
0.5160359288505455	0.5224258781742168	0.6788063950415119
0.09843510073958066	0.7510544708340147	-0.6528611742036947
-0.3379902564677988	0.4225941379111102	0.8409380364426369
0.7868605207888235	-0.36333156765214314	0.4988393456528645
0.5163459183113328	0.8303037796798242	-0.20972011370544497
0.43231371068795665	0.2801935066410719	0.8570860250799737
0.3620562835536183	0.8165783997822754	-0.44957197927402054
-0.8258450841959113	0.5046695115074795	0.2515722183871866
0.17488586903686998	0.3998499153857061	0.8997416173420358
0.9530932415837914	-0.2980345633424797	-0.05280787725858882
0.2470388747920445	0.8667730061667248	-0.4332162856151409
0.04732129382783379	-0.592764572597741	0.8039843634197603
0.997898015844087	0.06373026730472164	-0.011747467969866643
-0.04427465555929411	0.8028503064097854	0.5945343895628071
-0.9970481186025619	0.03584534618273663	0.06789816159610497
0.06743564126355503	-0.013959680620339698	0.9976259627758045
0.0367080846471745	0.9992598453225355	0.011501219392655804
-0.5945881617313429	-0.12737134458805602	0.7938774833100968
0.32938780616676444	0.8621262973401131	0.3850219741563758
-0.7334634217720666	0.49042307043251704	-0.4706555225533362
-0.8232071283648992	-0.0061352277036200165	0.5677080083900884
0.5602037533393964	-0.17117521847636263	0.8104756623884656
0.09220508962995869	0.9852214997454095	0.1443496376363207
-0.9380978397519943	-0.024861533923895826	0.34547698502735574
0.24614463444939605	0.6538908410268316	0.7154296519945172
-0.24369091485817435	0.756180317220816	-0.6072940522213366
-0.5832777021927842	0.17493977547288697	0.7932106889611366
0.528775633171039	-0.6595013017719284	0.5342792928101351
0.6165901814732959	0.7310636825329427	0.2921685133482056
0.2955346146747059	-0.10899173809397672	0.949094353874433
0.7384552663432589	-0.6042219655715735	-0.2993319828062673
0.6060883690840635	0.7893266860736934	-0.09808298278978622
-0.23287773400581124	0.23156118093060113	0.9445355369123726
0.8226340981364859	0.56492045999253	0.06432740057703862
-0.5186917211480139	0.7919875588466359	-0.3220475198548456
0.9503123449767704	0.13479716502747022	0.28059966372985684
0.2108009249307142	0.3846107018837315	-0.8986865849921534
-0.2290620375206402	0.9131836246325601	0.33708493094446157
0.9987506164068815	-0.018512647973137602	0.046416463586716576
0.021400316862579805	0.9978150266921357	-0.06250759110343047
-0.04515786382298751	0.06342282217305663	0.99696454950141
0.889733867171887	0.23132063198200759	0.3935281576034982
0.4002743468622687	-0.8097855354559274	-0.428984654516151
0.21944040842867413	0.5392014018767031	-0.8130853309234247
0.8530032195843575	-0.5212482486308873	0.026187223563279467
0.5216515096810536	0.8530795884709232	-0.011615428608443355
-0.016285264081310306	0.02356860270599443	0.9995895713443038
