-0.1618756061702724	-0.7025153200867313	0.6930140786235474
0.8555115319112214	0.2501097556444426	0.45337085139915256
-0.4918295506513635	0.666271217429445	0.5605232893744587
0.7864579637207337	0.21488051249628787	0.579059786766073
0.25998102040075716	0.735260321745945	-0.6259409942617837
-0.5602622067671692	0.6428208339929424	0.5223864805419449
0.9519232785267164	-0.05879639313164081	0.30064107496091896
0.16606029950104362	0.9237428484678387	-0.34514218350434545
-0.2574219274431979	0.37847342582965204	0.8890960674821342
-0.6120103042961773	0.32723285758989296	0.7199736414264444
0.7392667081771599	-0.08668668375934474	0.6678099677600761
0.2809414914465418	0.9409591254525144	-0.18885921373190273
0.5740081464002768	-0.5431812723294784	0.6127550515961883
0.7061796070281803	0.7071850789276136	-0.03463562847227919
-0.4145178047848407	0.45259625443951024	0.789513533755871
0.22849229067919807	0.8053919239800025	0.5469324655640426
0.9498818152516371	-0.06131925511195324	-0.3065362719267817
-0.2133443464318368	0.5895623781588382	-0.7790381198024057
0.9469409770987895	0.11222540709243793	0.30117809331710405
0.1987426443426999	-0.9408901703755224	-0.27427549764860637
0.2525948281554093	0.3195796384215618	-0.9132714314460308
-0.9961420175878426	-0.0700448189875668	0.05286590705758148
0.08266746559415657	-0.5468460260948225	0.833141953016735
-0.029447766099668433	0.8342979965679527	0.5505267314076943
-0.9870035997782687	0.04546267851243772	0.15413318554813069
0.05345849935832397	0.9974093654466033	0.048132593590625085
-0.15154564616344415	0.05574677194133255	-0.9868770007184411
-0.8806260893318583	0.23973116206390704	0.4086889535130197
0.47177979337529524	0.3638530225719858	0.8031405882708168
0.043835115499358784	0.9000777454757555	-0.4335187824632738
0.8865267477250286	-0.02812885536553769	0.46182149480498225
0.45737500233084105	0.20396023756372017	-0.8655682114864283
-0.06984577876254769	0.9785749787260942	0.19368164136096577
0.21027803755471242	-0.35630114680547476	0.9104024602928323
0.6644712672730743	0.7351578924727187	0.1342416034751713
-0.717119991278066	0.5767082155823462	0.3913394334707052
-0.46453039610235636	0.7869079310541058	0.40618643396983917
0.848941356761036	0.2651840586074128	0.4571389152557803
0.25201207089685046	0.5571833837298514	-0.7912247424200245
-0.83376304619679	-0.5163672964835283	0.19545843015572922
0.5404684384758266	-0.8356618272185821	0.09779150035255031
0.11284081623309782	0.1871740517593002	0.9758241770625767
-0.00016607510133037628	0.49555040397017014	0.8685791671137765
0.568515812282063	0.7146028449542572	-0.4075936029534171
-0.822672318486727	0.4937332995740544	-0.28184691817969254
0.7242893880828665	-0.6810556737955242	0.10755487669776417
0.6860227988775824	0.6961814712706929	-0.2114333901718021
0.06912019770454123	0.22692405833295395	0.9714565713499432
-0.18741944851907166	0.9272663177145434	0.32411591498863235
0.9639140360983368	0.2371229906062715	-0.12100586076117292
-0.1890599939950841	0.2897410280889634	-0.9382464789768885
0.08542169291821566	0.8683301801059613	0.4885753091347681
0.924887757160483	-0.2514651336841056	0.2852155732001423
0.37052094547223247	0.4275137247602501	-0.8245885301821625
0.9331591975806405	-0.013032369177443822	0.3592270442551312
0.035280184560188096	-0.9911972106656088	-0.12760641890640176
0.357727858221937	0.13175069989316882	-0.924485009359052
0.8139812677834708	-0.14041489300725865	0.5636649301840355
0.5675088026151122	-0.014857325118216025	-0.8232332712206748
0.12396876482394747	0.9899812713946116	0.06759310346428171
0.19717606116637842	-0.6821365370491532	0.704138726193569
0.9793479043489064	0.10429364067837243	-0.17320657828574448
0.04471334420861178	0.7237489767430694	0.6886131973125713
-0.48398268929792954	-0.3782379109004327	0.7891114238291195
0.8420531481344605	0.04409548670568875	0.537589140300502
-0.23813284564878562	0.9246575965241755	0.2971549713757906
-0.26605584369121793	-0.1706325207555553	0.9487353850776092
0.8792609377714324	-0.44637112658967837	0.1662919741189059
0.39511326394725815	0.8784289158535632	0.2687901568980491
0.1542829933884391	0.6324414921752699	0.7590879507186377
0.7576550123001384	-0.5688498947588143	0.31995105808445623
0.6341574254769708	0.525763783659548	-0.5669363310852604
-0.17833989389652127	-0.43934648399204945	0.8804371353190422
0.9186037277201599	-0.3950254121713641	-0.011050572721368834
0.3526500725416116	0.8068020765607062	0.4740341080489128
0.941113226768825	0.01626914542563697	0.3376998805269105
0.1723421547521382	0.8362409646981541	-0.5205758644579006
-0.29086779831421733	0.5481207566474928	0.7841935730647247
-0.07474248804585293	0.021450577227820344	0.9969721326182136
0.8519488981110821	0.5209701347777114	0.052661121114217724
-0.518263094854369	0.8533053330469033	-0.05721339970395767
0.9221919135102578	0.0837735955334043	0.3775500752849812
0.12859231301213103	0.8542835722277368	-0.5036502707792455
-0.3647274210838547	0.5130122444086719	0.7770407617340918
-0.9589306695433581	-0.2404980918837535	0.15037499396309495
0.254274309279186	-0.9638144527464436	0.08003921737290182
0.12568431345923825	0.11498855802795085	0.9853837246844158
0.1993871154045952	-0.1331741065967324	0.9708292514869938
0.2544581081588327	-0.9497008485409038	-0.1825359402225096
0.9463064246864556	0.2834306892572679	-0.15547088146751986
-0.33489396432547824	-0.24189606511346795	0.910676850667121
0.851241088911768	-0.49208205414622297	0.1823289898385358
0.40402307014163497	0.8362664322271067	0.370707179757114
0.6299476554277446	0.1865680342644755	0.753895430422401
0.5027616585546328	-0.837832172056804	-0.2127626991602939
0.5919431274273592	0.5130590804744307	-0.6215896667692036
-0.3350771479907615	0.09704185025112766	0.9371799102596124
0.8069261099235765	0.5430644963827258	0.23227398884115408
-0.48640883834278925	0.8340646450176474	-0.2602741053458917
0.7533967012873226	-0.2896796366794106	0.5903211995030039
0.4912759435063199	-0.34875961802811295	-0.7981319916936419
0.4370827814285937	0.8913206139914914	-0.12044170894036155
-0.9927050223789049	0.045330197269715516	0.11172247651742764
0.09527190769518337	-0.27297652370396674	0.9572915340222217
0.07389182734118133	0.9609521271749111	0.266666471702377
0.7348960911129143	0.26044502151510174	0.6261757948331741
0.6115724836616494	-0.6535511180228695	-0.445926040234228
0.29309867364913234	0.710661189948526	-0.6395731706427841
-0.5057255782439118	-0.39248225738828435	0.7682443082413677
0.8519055785505906	-0.08680641353156693	0.5164508997031279
-0.13600928183122124	0.9156540417675134	0.3782580482297401
0.3775256518691701	-0.4424075934865157	0.8134801186299689
0.8724092696517387	-0.12458834085251791	-0.4726307348759037
0.3104455643208293	0.8881178224476113	0.33892519092630913
0.7292552111198405	0.5705337029810821	0.37772758810715873
0.6621708618717875	-0.7275310769267176	-0.1795223712906705
0.17238499570012172	0.38103782734598113	-0.9083466229303239
0.6083345507014917	0.7437988625519144	0.27693379441536703
0.7902020086514957	-0.5349699026094474	-0.29897824139087487
-0.07422843084665075	0.40071243475654333	-0.9131920305639594
0.47393617924664233	0.8071524504567243	0.3519792887696659
0.8445421442686986	-0.3035061455138286	-0.441171832951026
-0.24926504880372527	0.5063486361757522	-0.8255168042431558
0.6398136428016346	-0.030717373629267797	0.7679159755091843
0.6995461018196416	-0.39047500597432006	-0.5984684796531039
0.3182353750195691	0.9201009252612857	-0.22834301701492787
-0.17275489953693457	-0.34316982997517975	0.923249810441784
0.5750721820219244	0.7258508464385223	0.3774023505345764
-0.799654756848558	0.5961333881936886	0.0719531328726335
0.8931453313372326	0.321137349084325	0.31490033365113673
0.440898855341579	-0.486779722577535	-0.7540913081622298
-0.0888797866164757	0.8123523279405496	-0.5763541262284666
-0.2344222126674953	0.630502923108576	0.7399407342210704
0.7960470871715833	0.561390519573207	-0.22616303751710237
-0.5579921694913945	0.5360100264779248	-0.6335124231626568
0.11510775812910201	-0.05161728979815666	0.9920110177877992
0.8776235870507236	-0.4625210589133544	-0.12590118948560586
0.4653246645845383	0.8851044714922429	-0.00793921115251961
0.033652551304459655	-0.7057081756417511	0.7077029579018956
0.9702202725856859	0.19302065363596066	0.14634086897959842
-0.23987523518374765	0.6817030131239982	0.6911880159863912
0.12973303325191876	-0.5135969695151088	0.8481671374134656
0.9887178415024869	0.0024122512710138544	-0.14977052760295845
0.07487569684430062	0.8580281661744571	0.5081154357755515
-0.3795359977092416	0.3288530270715928	0.8647589912968241
0.5406440400795544	0.8373295120309235	-0.08113760046065399
-0.7507705697277349	0.436732154607267	-0.495589120908426
-0.10698033119689465	0.9560362439624333	0.27303829212622494
0.9942023886600548	0.09987609547893728	0.03982933510019361
0.010808289394905357	0.2757162776879255	-0.9611782951660273
0.4680685758341301	-0.13804806550758789	0.8728427922176032
0.23830001107336593	0.970849936509277	0.02575860055140057
-0.8509552943833436	0.19594165557518817	0.48732120266966783
-0.8102091381577481	0.3533526275822816	0.46765700361095425
0.39704633755102936	-0.2560641252180069	0.8813542815540472
0.4311790327497301	0.8997627933833638	0.06716812756042156
-0.7060551080506392	0.1309429263002873	0.6959454967506568
0.32585365902283725	-0.8124610542222024	0.4834526122316194
0.6287333117443591	0.5681205729632273	0.5309740457676865
0.06806536692324205	-0.30236851698620193	0.9507577955300547
0.6715226688652237	-0.6908981598981816	-0.2678003693974934
0.7378512119836435	0.6566833427039791	0.15602107674733168
-0.8981392629242124	-0.422148661524549	0.12302996369577715
0.4396657849082214	-0.8581603949085153	0.26505609631076
-0.006313634055760874	0.2921493525296489	0.9563518671710307
0.48249895500758666	0.5478858558561267	0.6833855773788224
0.8712521078206744	-0.21996953199648495	-0.4387860180216314
-0.09008064739231614	0.8071149199129248	-0.5834817760815965
-0.596752371473749	0.17172957495293867	0.7838338856077478
0.44937820593021643	-0.7377583020295466	0.5037577947996639
0.66479006849937	0.6528565239568058	0.3630874880130679
-0.34317961608275604	-0.8962408551440165	0.2810339493299949
0.9384822820883835	-0.3394333738497217	0.06352944925918079
0.03845461365651527	0.2855473941182394	0.9575927779598231
0.6468455330164682	-0.3636994072021468	0.6703085838757015
0.5376060862735814	-0.4059430016778687	-0.739046666584976
0.540897913120622	0.8384110093442054	-0.06705540240865826
0.7578631774061391	0.5015426068697387	0.4172510249552155
0.5734512785323321	-0.8170813378452657	-0.059428263432689046
0.31112221952394326	0.2843116262823211	-0.9068461080465624
-0.6895069961865112	0.3764485596255621	0.618762138600685
0.6276960206794492	-0.1156465404540632	0.7698204877139805
0.3613555144633027	0.9191911442332579	-0.15655616413963225
-0.8976897209278609	0.10202931664045381	0.42865275397032143
0.18633145051033753	-0.7936579747186339	0.5791265921335592
0.399291567017352	0.5997474782868187	0.6934473352731476
0.5739882004050723	-0.15535178229732105	0.8039921451934667
0.3693761175552771	-0.8271524359898972	-0.423532916567024
0.7308206548637887	0.5400783937291191	-0.4173924999942358
-0.4437148882988402	-0.4181915660843759	0.7926114508117104
0.4698198038697916	-0.8617102202825078	-0.19163728278292325
0.7631424832845422	0.2873522408413907	0.5788283336963849
0.7891246221468687	0.1280833498552995	0.6007303773003382
0.1847723875566542	0.8832162687867119	-0.43103153869188304
-0.5857828057549789	0.4511359861952088	0.6733014380212633
-0.6333383326550683	-0.0344737973346351	0.773106793196793
0.5189785933263835	-0.7599822274174333	0.3912649149599352
0.5740590353427655	0.6490289448914952	0.4992170396073897
-0.5888928349487346	0.3698266344766939	0.7186330700557026
0.5258227205937099	0.8505667542708342	-0.006831034812357029
-0.6137716965236111	0.3738508485490173	-0.695355914324246
0.5798568583539401	0.05745261792735823	0.8126901134585014
0.5104037398568719	-0.8031151492124564	-0.3073988930454579
0.6350228705802787	0.5930474296367427	-0.4950158583734825
0.9216730754700495	0.3571050535086801	0.15164010918006876
0.37425499659144307	-0.9213667994696566	-0.10495912709898933
0.10223472736756023	0.15349007001628998	-0.9828473222868728
0.6853873820423892	0.303162633887199	0.6620699011068667
0.7275979442323727	-0.24881609126816162	-0.6392900627061702
-0.029075214288206197	0.9198820414273832	-0.391115918588703
0.22647704881330877	-0.17721079557634506	0.9577601371387374
0.7909693765588837	0.6072818802097248	-0.07467371234237818
-0.5683973888987046	0.7744708205608138	0.2777037205242212
-0.29274646085619405	-0.2595530237548802	0.920288942406607
0.29837119904450804	0.8896008299058498	0.3458106288296615
-0.9084460012774096	0.3758225529296	-0.18298434761629911
-0.17175686175521077	0.01863900713501193	0.9849630286731693
0.08716492268359383	-0.9956121419028501	0.0340402577719765
0.9812756272799018	0.0917008740887483	0.1693785494027945
0.5614444290079093	-0.33460915222420096	0.7568466610772517
0.8242933824315455	0.14552015623613812	-0.5471419411894612
0.072942256720948	0.9310534889987855	0.35751759090657875
0.1926042682104	0.3479914594978226	0.917499613070061
0.889154883583511	0.333634537197248	-0.3131957671948507
-0.4150990109199602	0.8761221031943855	-0.245158869771251
-0.4703297494457559	-0.16342431904409255	0.8672268554024759
0.6166289780722296	-0.7638638511914384	0.1904749858763124
0.6313150007626066	0.6243432619865119	0.46004006458584845
0.17966352679365816	0.47223342780070254	0.8629696441982551
0.7990819906105846	0.4415861174128143	-0.40800695237961543
-0.5737499363153691	0.7628874691433034	-0.2980163082823406
0.2460152254581136	0.35267466168519446	0.9028272768630927
0.5347126856202763	0.7275105592070334	-0.42989618523432027
-0.8084298687453015	0.5885142047967092	-0.009600941253436135
0.27861520134497053	0.24825082714574426	0.9277634916297124
0.771048931548596	-0.6337530265447935	-0.06197294976909973
0.5725880846972546	0.7326176548287439	-0.3679867621205435
0.949435850332942	0.24871518060359005	0.19160460599862125
0.30225089689406553	-0.8891961650274425	-0.3434742718563085
0.08494681529813983	0.38401945137949967	-0.9194091034642256
0.7440344269758602	-0.019946938042634588	0.667843463049109
0.5773756948971552	-0.4838112559255028	-0.6576959598338846
0.33622920518112415	0.8749450201598447	-0.34845535335356614
0.6100989201570552	0.020550390046825823	0.7920587030593872
0.34885482600304885	-0.9045195644134687	-0.24524409874174613
0.7113927311953486	0.4259366608572126	-0.5590155122536673
-0.746252532346301	-0.20256305393772667	0.6340941311399707
0.5271391022598011	0.401859610351495	0.7487544460214414
-0.4064868077016322	0.8930157124863852	-0.19310984546876386
-0.7698569771946759	-0.3873197611689332	0.5072510594101476
0.42694662804494476	-0.9033120637197918	-0.04175993701315717
0.4743804501301967	0.1844199505105992	0.8607859608450524
0.03446452439976111	-0.9171691600589286	0.3970049475695459
0.9775950763333546	-0.0515992562706733	-0.2040720056281506
0.20765371002387795	0.39514332664124924	0.8948417112116568
-0.6289574382374945	-0.5628567896545237	0.5362879592397457
0.636372788066217	0.02352097909267814	0.7710229815974041
-0.4465895380487068	0.8262197031554772	0.3433930497594814
0.9935554935658988	0.007762537331842248	0.11308060938637994
0.11310604997835913	-0.13287894245319332	-0.9846574064672515
0.007382591910447794	0.9911018765327271	-0.13290059318901148
-0.4658276403405852	0.859378327607634	0.21088740961239982
0.8842850019025347	0.4433981731107488	0.14641753819909853
0.03232096695577197	0.25468990973408523	-0.9664824907750202
0.10618902016893217	0.035902215382764835	0.993697601348706
0.9846549055490408	0.13538677226426765	-0.11011420832060237
-0.13848685487717521	0.9901421376885609	-0.02097470380614075
0.3579299445509666	0.3211605821316959	0.8767793538163249
0.8491586770597233	0.278572956347763	-0.44869438281067003
-0.38834996583999176	0.9051259517197028	-0.17300669222772758
0.4125602882910758	0.23392307782173014	0.8803828724978656
0.4445287617567135	0.7918765690596835	-0.4187190936001215
-0.7951026276501841	0.5641023781519389	0.22271128949179797
-0.44131271362318936	-0.19607803426861126	0.8756691688485408
0.8871479514212579	-0.24208630083496585	0.39289023306403037
0.13495036525924065	0.9502355641762731	0.2807859887725841
-0.7770989029605306	-0.613502514095211	0.1404704958928936
0.6206576389720236	-0.7840261993876545	0.009328121966570395
0.10440972274272678	0.09443295967301657	0.9900409213381947
-0.6011180987412976	-0.7453926916676226	0.28817835896219546
0.7579685801559022	-0.6460530507827233	-0.08999492802809252
0.2532600696163789	0.16433256154162634	0.9533384217344198
0.03425643852461202	-0.7300158304254334	0.6825711565455093
0.8479812477549169	-0.34021735235576767	-0.4064233711439901
0.5289180464643115	0.5927301582375374	0.6073850999490193
0.9916805775742362	-0.07603796001929351	0.10386462678955542
0.11862475918637859	0.22655900206167767	-0.9667467016198142
0.04997798085160106	0.9710248437712193	0.23369414671547928
-0.7584139086065445	0.010225933115800098	0.6516930055816585
0.1209062736097339	0.9847299553560396	0.12525409385046224
-0.640460784306075	0.1737882197285058	-0.748069273830736
0.7246194893283043	0.39471105822336033	0.5649157248668004
0.572003483201615	-0.8016758464248279	-0.17357376663613627
0.3843678067825234	0.4489086964798424	-0.8066860426051525
0.07121131769652611	0.8760300530904105	0.4769699092336297
0.9163959945691705	0.13137088906778516	-0.37810060915465393
-0.39388745774587064	0.4640183569514812	-0.7934353376567889
-0.3878066216553917	0.8499236948433901	0.35670118747207974
0.9149179663839231	0.4019422212162318	0.03698061102346015
-0.11194257004436979	0.3406936508764459	-0.9334863133781557
-0.9676505108570601	0.16419863978439028	0.19154972078034083
0.24346392490362836	0.4086146910784316	0.8796359198585506
0.06616499156344613	0.8978155940547223	-0.4353726598714889
0.5895357744496217	-0.7376285049167998	0.3291682842837252
0.8036599223324888	0.49472251322550875	-0.33072702360764855
0.08110671908431975	0.45951476977573064	0.8844590869437289
-0.6487458504455583	-0.1880058991265485	0.7374161670476768
0.3648023672531614	0.7735802924699886	0.5181628739581179
-0.6678682911893322	0.6051671777250192	-0.43327200766744256
-0.801641530303028	0.42988438624922487	0.41541578129934653
0.4619934245106846	0.004495416025165788	0.8868719563407397
0.3793849398728284	0.9028727516620976	-0.2022074719287159
-0.9727021264178912	-0.1420441394363458	0.18350486564094368
0.1967173629569216	-0.08525242797969557	0.9767467955590341
-0.12309692268041308	0.9861822782707843	0.1108677665115414
-0.5857356531588243	0.5102772381622203	0.6297069833121925
0.6787611488786758	0.7334243531376231	0.037040801794224504
-0.44294135886311775	0.4491167536823757	-0.7759491569492802
0.9304267710019996	-0.35977016306289833	0.06979579910344402
0.36614278912514586	0.9044196726505341	-0.21900802198631816
0.015667858004581217	0.22932615527321829	0.97322352660278
0.9981336259798269	0.0078066197353837755	0.06056666885895426
0.052667666552806164	0.39194887298709835	-0.9184781967276229
-0.03090924761694347	0.9199538780028326	0.39080619334819133
-0.8508553860329013	0.4036822446013863	0.33628225860486366
0.5161145919297281	0.5223871784003817	0.6787763724822026
0.09834042940730002	0.7511007131114137	-0.6528222412782161
-0.33799187615280446	0.42242061646648243	0.8410245623278694
0.7867048930481583	-0.36368313687869613	0.49882861506148335
0.5165819421048254	0.8302381578403564	-0.20939842013983356
0.4321939256137115	0.2799840334730099	0.8572148806820808
0.3623129648355104	0.8165697538017054	-0.44938085483064855
-0.8257952083747592	0.5047997406659464	0.2514746421587699
0.17509612723555334	0.3997738170056478	0.89973453944141
0.9530365805522161	-0.29818550148845313	-0.05297813540904922
0.24710852343950146	0.8667561952122493	-0.4332101980617895
0.047353884830256265	-0.5927424640133112	0.8039987443689893
0.9979000894755725	0.06368363466690063	-0.011823962967513701
-0.04419299736527538	0.8028703295246633	0.594513425376443
-0.9969866314453828	0.03293557492219888	0.07023463977079636
0.06985332034487589	-0.012590297994711674	0.9974778183163778
0.03373678046265608	0.9993781728159511	0.010251699520857693
-0.5948067118802953	-0.12733478562464567	0.793719615400852
0.32931771371851937	0.8621200092369111	0.38509600504881314
-0.7333176794086981	0.4904436175986734	-0.4708611674616707
-0.8231496118598232	-0.006252110772907049	0.5677901263723292
0.5603018468056931	-0.17117112671669021	0.8104087153064609
0.09212251061033827	0.9852214758567851	0.14440251573094587
-0.9381614328458365	-0.024971371740996937	0.34529633145172517
0.2459410115644045	0.6538864077591551	0.7155037278578676
-0.24365168735579107	0.7561805315803899	-0.6073095247956142
-0.5833309456647342	0.17502532817635974	0.7931526601648922
0.5287578763629135	-0.6594221929441002	0.5343944981350166
0.616555038917102	0.7311145641755141	0.29211535056614046
0.2954936300733634	-0.10898360205603008	0.949108049206706
0.738571953003475	-0.6040893778220711	-0.29931170013745845
0.6059661581496932	0.7894292863109628	-0.09801233132552767
-0.23273674539982103	0.23160598898422508	0.9445593010538499
0.8227097312713489	0.5648226647680273	0.06421880904975896
-0.5186350406713022	0.7920442053515596	-0.32199948968421155
0.950330588187735	0.13493396329723065	0.28047209968846315
0.21061372700629624	0.3846856497445441	-0.8986983970594001
-0.22915852842796608	0.9131318505175031	0.3371595948793531
0.9987384606318519	-0.018659599637313954	0.046618736534723655
0.02157907501999908	0.9977848010145444	-0.0629272149840376
-0.04534127011895538	0.06385381903802768	0.9969287131075415
0.8897257180531756	0.23097646800002652	0.39374867347712283
0.40017665064518787	-0.8096721708749484	-0.4292896737507766
0.2196515306415151	0.539519088578784	-0.812817542961493
0.8528981255333873	-0.521417566140223	0.026239458493657736
0.5218228393750343	0.8529741589113513	-0.011662269764064315
-0.016300667722867892	0.023639076756058995	0.9995876561272202
