-0.1620397657082917	-0.7024696532302485	0.6930220058697825
0.8555078273096056	0.24999914164004	0.45343884548110935
-0.4917819351513435	0.6663608748041994	0.5604584844473156
0.7865046531723922	0.21482275663093034	0.579017800910873
0.2600541382741756	0.7351809304131546	-0.6260038695753599
-0.5601627225232425	0.6429309315862292	0.5223576758362152
0.9519411094094581	-0.05863330827614698	0.3006164655784585
0.16593638040858566	0.9237076798268268	-0.34529587296380704
-0.2574358985712509	0.3785845445729854	0.8890447124511106
-0.612038096267014	0.32677056126698556	0.7201599607081117
0.739329808751235	-0.0868175926040744	0.6677231009230514
0.28071480653808045	0.9411077015430765	-0.18845554246717144
0.5738380257227867	-0.5432843522695266	0.6128230028431172
0.7063895461821573	0.7069721122375843	-0.03470218383465856
-0.41439561928082713	0.45280519552828613	0.789457868175022
0.22851355409131946	0.805274513348592	0.5470964391656579
0.9498993285658431	-0.06133481849543765	-0.3064788828456091
-0.21324357243939226	0.5897211189972092	-0.7789455569049522
0.9469390026886415	0.11212645178392694	0.3012211546312569
0.1986853360201059	-0.9408748275880527	-0.2743696340007933
0.25264730839179445	0.31965953391303437	-0.91322895264051
-0.9961446461793124	-0.07001898861386961	0.0528505924449538
0.08264650474970302	-0.5470190588511656	0.8330304343217251
-0.029417667156814584	0.8341867239935407	0.5506969315076808
-0.9870107055539066	0.045228436953181655	0.15415659445107205
0.053207340907287196	0.9974277482779595	0.04802984320956263
-0.1515877501500565	0.05560823190797851	-0.9868783504305447
-0.8805245923493383	0.2399506972942026	0.4087787973171516
0.47195364744451607	0.36376025489890595	0.8030804639758711
0.04400223780500681	0.9000567425578838	-0.43354545695260427
0.886501230099738	-0.028026082944053315	0.46187672349498665
0.457403961390767	0.20403166462805777	-0.8655360743106768
-0.06997989093793397	0.978563037572908	0.1936935630329466
0.2104225169031989	-0.35619846531802307	0.9104092583476994
0.6642884474547734	0.7353371421649884	0.13416462250069633
-0.7172469748686637	0.5765430952302808	0.39135001773864475
-0.46471426829322393	0.7867807368485226	0.4062225018001693
0.8488181355784	0.2652260552222555	0.4573433199954379
0.252088122603786	0.557342992918487	-0.7910880903456712
-0.8336765376439323	-0.516615795782784	0.1951705667608355
0.5406581475870894	-0.8355431906706694	0.09775655462205238
0.11257085781729664	0.18701790307774827	0.9758852934124379
-0.00014580108295469962	0.4954241928108911	0.8686511658426074
0.568257261542918	0.7148114875121123	-0.40758829966580873
-0.8228509363461817	0.49355790592229226	-0.28163261539781526
0.7241169091075697	-0.6812483865557324	0.10749575693817488
0.6861818727964899	0.6959697661913725	-0.21161408741628737
0.06934795880198329	0.22699497871701416	0.9714237696532141
-0.18714930835603005	0.9273287274636296	0.32409345504428966
0.9639272797374262	0.23692472117187768	-0.12128839959218568
-0.18925996871992057	0.2897034824062586	-0.9382177553861477
0.08515511631084005	0.8682971986838982	0.4886804486817354
0.9249235586069843	-0.251263466089406	0.28527720088105624
0.37049293771930375	0.4276992463945112	-0.8245049046146951
0.9332452885069256	-0.013117850700703693	0.35900021375010266
0.0352082507877835	-0.9911820505627451	-0.12774396940245697
0.3575102943358273	0.1318562271385973	-0.924554122163048
0.8140002789373225	-0.14043216052096888	0.5636331734216625
0.567481684598434	-0.014826922924773056	-0.8232525129034873
0.1239680746615218	0.9899792778881766	0.06762355962768962
0.1969806054233263	-0.6822666727921526	0.704067346412391
0.9793880963270628	0.10419830186530488	-0.17303661653314517
0.04469449473829795	0.7236400355739812	0.6887289024388157
-0.48378240974027564	-0.3784158103832902	0.7891489431519565
0.8420735396944108	0.04442453979962513	0.537530105212831
-0.2384674690024149	0.9245690535138786	0.29716213000992064
-0.2658296986856332	-0.17065992571926236	0.9487938453901361
0.8793710729357159	-0.44621912225408433	0.16611746151047002
0.39502036324801454	0.8785008165552782	0.2686916968034482
0.15414292735468083	0.6324334055695008	0.7591231424915807
0.7577343015219818	-0.568738601124688	0.3199611412151904
0.6340967483306659	0.5258938971983759	-0.5668835177053395
-0.17800840892519565	-0.43939949476284557	0.8804777625551234
0.9186469566489132	-0.3949161940296013	-0.011356440149276892
0.3527049409798651	0.8068266751262816	0.4739514119749615
0.9410865379564547	0.01654529114551055	0.3377608346419766
0.17212957832953946	0.8362932147030545	-0.520562260739026
-0.29107994836681783	0.548032765792832	0.7841763521531555
-0.07471016950613585	0.02142427235954203	0.9969751206154689
0.852045682782685	0.520812170541958	0.05265773890666525
-0.5181086228038987	0.8534024159616836	-0.05716442431275648
0.922200791991759	0.0836132452895383	0.3775639342706396
0.12873704087398907	0.8542772119181942	-0.5036240855085125
-0.364653909284929	0.5130489941608191	0.7770509996350243
-0.9589287888339204	-0.24033233352458	0.150651742134434
0.2541510794217698	-0.9638398650824518	0.08012454871379972
0.1259476350482978	0.11512203933422495	0.9853345164385899
0.1992776430667489	-0.13299387613738534	0.970876433890387
0.25459078130844764	-0.9497011365727195	-0.18234934950593698
0.946293799539295	0.28351433844241103	-0.15539518927896823
-0.33493841449003026	-0.24187833651879254	0.9106652122606895
0.8513060176524835	-0.49192564240296743	0.18244787380262217
0.4038493813386053	0.8363635768428285	0.37067727813165996
0.6298811211763273	0.18659907446723004	0.7539433391135079
0.5029036242733963	-0.8377341422523592	-0.21281318473578326
0.5918933331930133	0.5132078451394494	-0.6215142716052362
-0.3351799276323142	0.09708550444598846	0.9371386348555182
0.8068596238699812	0.5431456331123079	0.23231523540100102
-0.48644831532320953	0.8340067302231429	-0.2603858876009084
0.7532800618135822	-0.28986344535082215	0.5903798197122566
0.49123628386488366	-0.34891342310606555	-0.7980891783447682
0.43732832276076644	0.8912006543005669	-0.12043808320251603
-0.9925863185894621	0.04377859119065221	0.11338357509966164
0.0972485552782127	-0.2735081605832155	0.9569409619149378
0.07290486023112087	0.9608728953653276	0.26722305347206277
0.7347670279826566	0.2605781111954548	0.626271875909611
0.6116514608631974	-0.6536771164917898	-0.4456329406573261
0.2932574040215361	0.7104964991756038	-0.6396833745266179
-0.5057697026626835	-0.3924846955706447	0.7682140141987253
0.851863743882828	-0.08672615568622177	0.5165333830236154
-0.136107199392363	0.915660601785786	0.3782069441600191
0.37748983848653084	-0.4423187395591437	0.8135450537457796
0.8724038173503219	-0.12471507535974324	-0.4726073734619469
0.3105044304224968	0.8881442915499849	0.3388018832225945
0.7292824561841894	0.5704256198585734	0.37783820784949496
0.6621391843979963	-0.727521091828371	-0.1796796077177688
0.1723914139007859	0.3812186684224913	-0.9082695234672749
0.6082846387347072	0.7437894364708089	0.27706871435408126
0.7902670858174246	-0.535020463378233	-0.2987156454559693
-0.07394410965737751	0.40066242394436935	-0.9132370397032745
0.4739973509725566	0.8070808563969648	0.35206107780971885
0.8445667740199524	-0.3036222663200241	-0.44104476373291546
-0.24906520329530124	0.5063931384134608	-0.8255498251924207
0.639755934145813	-0.03077791288065279	0.7679616297732128
0.6995449202364268	-0.39056124117838764	-0.5984135872961178
0.31835396855800235	0.9200623005905133	-0.22833333908008768
-0.17284178761617097	-0.34309293900877685	0.9232621251063894
0.5751647382238771	0.7257867849237182	0.3773845078086159
-0.7995694093432447	0.596255631447127	0.071888675117035
0.8931383795292329	0.3212027378883675	0.3148533566359308
0.44089112995726565	-0.4867136774801373	-0.7541384539186194
-0.0889879010703219	0.8123660488516103	-0.576318103252293
-0.234454373957379	0.6305263552773341	0.7399105769165178
0.7960158433184845	0.5614228102116879	-0.22619284993114339
-0.5580232286546997	0.5359486388402268	-0.6335370019241913
0.1150408532779219	-0.051466410455248135	0.9920266179251136
0.8776022340878008	-0.4625969521389661	-0.12577113578178245
0.4653814787904524	0.8850735949437146	-0.00805051130182699
0.03340539930241504	-0.7058888021994147	0.7075345067393687
0.9702165859194696	0.19284838856695363	0.14659220795764655
-0.23992468756719232	0.6815647423074382	0.6913072011336063
0.12955434965966295	-0.51365901131176	0.8481568785210005
0.9887600911015412	0.0025463214189704875	-0.14948912499611305
0.07462675612093822	0.8579906388448868	0.5082154178352023
-0.3795215416747393	0.3287167264901057	0.8648171558950818
0.5407650846225859	0.8372710618708565	-0.08093387552054934
-0.7506906970636819	0.4369467732793977	-0.4955209326181549
-0.106846894316738	0.9559964563539768	0.27322978720027336
0.9942154264223039	0.0997067352007126	0.03992809561613608
0.01092826787666415	0.275915462405161	-0.9611197795108382
0.468045901414775	-0.1376456873632553	0.8729184950034727
0.23832495040167392	0.9708558064756585	0.025302589759515562
-0.8509607818136335	0.19619548359428574	0.48720948269952
-0.810647536244923	0.3550619254405194	0.46559811112429084
0.3959111055474771	-0.2534730111335399	0.8826130687515742
0.4313988508146619	0.8998235725570695	0.06490431254101381
-0.7060305546501435	0.13086222059928204	0.695985585425615
0.3258992382473201	-0.8124913376286163	0.4833709887739219
0.6287372602369192	0.5680958594271632	0.5309958117457099
0.06814297674856917	-0.30211348364421975	0.9508333070103285
0.6715283231187279	-0.6909454904984553	-0.26766404392297233
0.7378389024503882	0.6567509209435516	0.15579467856959495
-0.898096364528908	-0.4222261717371261	0.12307712996397613
0.43975366242899455	-0.858117715221717	0.26504849217255705
-0.006295744613982891	0.2921627059069501	0.9563479057732518
0.4825043808856907	0.5479200760798393	0.6833543097506443
0.8712588389269933	-0.22008307073917965	-0.4387157138348257
-0.08998643240902426	0.8070607363777997	-0.5835712551005401
-0.5967476993675074	0.171581017561066	0.7838699750036965
0.44951883692189065	-0.7377185930169179	0.5036904731772575
0.6646991789915023	0.6529404505235129	0.36310297371155564
-0.3432126588674753	-0.8962646649869476	0.2809176411138195
0.9384779552239632	-0.33941529086096556	0.06368977852383416
0.03826484485486631	0.2854941516486822	0.9576162545731104
0.6468523107998974	-0.36377469356959574	0.670261188143234
0.5375410214351786	-0.40594925187617137	-0.7390905595227162
0.5409544696989367	0.8383753200205284	-0.06704539128992137
0.757807845157486	0.5014209022624271	0.41749772285858194
0.5733832973860634	-0.8171333153923284	-0.05936951368022883
0.31138218333175866	0.2843769042138886	-0.9067364072613782
-0.6894479698864684	0.3766897230382559	0.618681137078535
0.6277338607457167	-0.11543703239198311	0.7698210776705253
0.3614024029979658	0.919118677924616	-0.1568730665136675
-0.8977170379144066	0.1020376910076819	0.42859354807556904
0.1862973011977601	-0.7936425127590121	0.5791587670993101
0.39924608376866433	0.5997665141998032	0.6934570592617844
0.574027782845945	-0.15546316616993822	0.8039423539566668
0.36926983085919135	-0.8271568842957115	-0.42361690332119006
0.7308432776855738	0.5400395288556463	-0.41740317528161963
-0.44375764158753905	-0.41827400140121174	0.7925440147300871
0.4698569478275324	-0.8616801929035336	-0.19168122948250527
0.7630947543463138	0.2873223014483012	0.57890611585955
0.788951403925604	0.12798867378074597	0.6009780209189551
0.18493857842935474	0.8832518729437762	-0.43088728357871153
-0.5859636545489385	0.4510931481691529	0.6731727617948418
-0.633421913615841	-0.03454945173565127	0.7730349375907999
0.5189371249765438	-0.7600195753511425	0.39124737111467944
0.5740043028343298	0.6489811865284191	0.4993420469576345
-0.5888495914848721	0.3697963745244373	0.718684075235205
0.5259436524943776	0.850493107774752	-0.006689396722997898
-0.6137095673109334	0.3740482789911302	-0.6953045749704234
0.5799337102226767	0.05758958372903883	0.8126255789681226
0.5105962838964524	-0.8029599253467985	-0.3074846226369653
0.6347978628023992	0.5932442988626014	-0.49506855610968326
0.9216027932982467	0.35729618737428437	0.15161703688131334
0.37444489548429194	-0.921286975977917	-0.10498251349259596
0.10217294960324354	0.1535244032109087	-0.9828483840288427
0.6852762379946836	0.30322555499361237	0.6621561299562737
0.7276934468841577	-0.24850460898367044	-0.6393025157745954
-0.02930400999364008	0.9199454995339066	-0.39094955286533306
0.22653754476362542	-0.1773323706854943	0.9577233270206646
0.7909589249829587	0.6072991724428358	-0.07464378165694063
-0.5683878251706935	0.774429432199803	0.27783868474425966
-0.2925470298408419	-0.2593644454542153	0.9204055191954951
0.2986523269384503	0.8895863339132172	0.3456051824395737
-0.9084178680241547	0.3759870196550267	-0.18278604461331294
-0.17171996805378154	0.01886429143614471	0.9849651725214554
0.08712251178405024	-0.9956084140088084	0.034257172902960986
0.9812858505614184	0.09169528048638892	0.1693223405947254
0.5614382765191979	-0.33498148889887935	0.7566865029549837
0.8242660903076535	0.14538523601348485	-0.5472189191888733
0.07329716248319551	0.9309406722473744	0.35773871851886363
0.19270169592207453	0.34772499143415164	0.9175801799956642
0.8891925895857054	0.33357568365408174	-0.313151404117209
-0.41497300516373814	0.8762503030566273	-0.2449138856384936
-0.47040387155491814	-0.16320102112550844	0.8672287035896217
0.616509870073114	-0.7639164640666984	0.19064945851028675
0.6313760984774263	0.6243372987668001	0.45996430257140475
0.1796172526044567	0.4723625932220614	0.8629085832759785
0.7989608655383897	0.44171513866279255	-0.4081044861481644
-0.5739330778975665	0.7627327951521683	-0.29805956668824907
0.24586526499593908	0.3525941306255942	0.9028995794200252
0.5347608438859573	0.7275658090538792	-0.4297427525184723
-0.8084436352120385	0.5884941567629671	-0.009670374397561243
0.2785292112364237	0.24830763734865363	0.9277741081331949
0.7710734342681171	-0.6337328111742289	-0.06187473642110369
0.5725969240696174	0.7326158893141337	-0.367976522716428
0.9494171435752627	0.2488928297190015	0.19146656836078987
0.30235668835184715	-0.8891878070210244	-0.3434027909817349
0.08477924565772502	0.38392369444931274	-0.9194645595922104
0.7439451203965083	-0.019762319689645647	0.6679484325595121
0.5775462695909543	-0.4837779551638388	-0.6575706780104081
0.3361338488159106	0.874967622725538	-0.34849059508432
0.6100884088124481	0.020525851425278158	0.792067435800742
0.3490601128605175	-0.9043909537117905	-0.2454262423908259
0.7113010410807072	0.4262108542347849	-0.5589231939094643
-0.7463066533611216	-0.20253510802076338	0.6340393593208073
0.5271282768511153	0.40177596947140437	0.7488069511558283
-0.40640147501318963	0.8930596846652136	-0.19308609668428423
-0.7699572994348611	-0.3871456781633602	0.5072316836775951
0.4266949062708495	-0.9034274204215746	-0.04183722018646564
0.47444411052250085	0.18422030265378386	0.8607936257202775
0.03444734113320569	-0.9170921092815557	0.3971843951898912
0.9775403273998081	-0.05175981797771989	-0.20429348876062914
0.2079141385185927	0.39530113121065114	0.8947115326560013
-0.6288946813947685	-0.5629037793422633	0.5363122364029835
0.6364564646936954	0.023465531716708177	0.7709556001293818
-0.4465586728112846	0.8261892664658921	0.34350640127015863
0.9935735347223282	0.007750634327702351	0.11292280003124539
0.11294827030397156	-0.13285229298472978	-0.9846791134598318
0.007370165175853774	0.9911055422689441	-0.13287394307787692
-0.4656704550603308	0.8594719991172936	0.21085281600497485
0.8843684811314253	0.44326120903847643	0.1463280224121277
0.032301963797898944	0.2546122214173372	-0.9665035953578904
0.10622108810203112	0.03569819663470819	0.99370152420103
0.9846702436469893	0.1352742434677181	-0.1101153501125764
-0.13835314133983123	0.9901648942531067	-0.02078197464473619
0.35805733505278303	0.3214116427406161	0.8766353293848463
0.8491203351117249	0.2783818105196274	-0.4488855356007435
-0.38831636755955984	0.9050956432789814	-0.17324051259089535
0.41279457810647424	0.2337315036601857	0.8803239292911709
0.44457321891994916	0.7918570653939998	-0.4187087782752561
-0.7949561555866165	0.5642091564148451	0.2229635362847383
-0.44133467423742956	-0.1959772223280764	0.8756806687624854
0.8871194190404206	-0.24217253908027958	0.39290151142086127
0.13506606412096483	0.9502343866878226	0.28073433826108474
-0.7771261022265026	-0.6134649188027026	0.1404842149020218
0.6206355012776426	-0.7840420785494486	0.009465390520733453
0.10433885082793094	0.09454529317874164	0.9900376718820616
-0.6012371368069673	-0.7453102467744727	0.28814326536834806
0.7578225460173204	-0.6461976251586197	-0.09018657320902165
0.25341447092063646	0.16413794592456174	0.953330918745259
0.034205282538651405	-0.7299684279657582	0.6826244156339931
0.8478967566795163	-0.34037437717159214	-0.40646817018975523
0.5290567915250763	0.592698386650622	0.6072952608105397
0.9916876089129486	-0.076099814589801	0.10375213032953386
0.11853020981561088	0.22657076823001032	-0.9667555411502589
0.05006271756093482	0.9710172527834202	0.233707550385847
-0.7584017730924786	0.009948134763351935	0.6517114278458798
0.12085805815354228	0.9846902136880185	0.12561255051307396
-0.6404842545680105	0.1740293586777092	-0.7479931162575535
0.7245241717054334	0.39448910608399634	0.5651929491736475
0.5720995048563973	-0.8015296472453677	-0.1739321164413903
0.3844045800424611	0.4493646289682419	-0.8064146260296954
0.07105204555293088	0.8759695616483324	0.4771047410038723
0.9163381820654125	0.13163563338012463	-0.3781486428822242
-0.39405068571415874	0.4640575256261246	-0.7933313746461557
-0.3876717734726931	0.8499045154082346	0.35689341650026396
0.9149491177527099	0.4018879039838833	0.03679979014856888
-0.11215483928959401	0.34080555646898564	-0.9334199830214642
-0.9677050033652685	0.16402045323503214	0.19142705499066742
0.24328648823665497	0.408786163311583	0.8796053418019195
0.06602053546663585	0.8977701062106994	-0.43548837560964593
0.5895536114244874	-0.7376102378787839	0.32917727174388645
0.8036302928686929	0.49463790922361717	-0.3309255069387484
0.08127048443391685	0.4596351550254751	0.8843814972197146
-0.6487595460410391	-0.18808212323773615	0.7373846800273317
0.3648307727084446	0.7734922617674336	0.518274278997964
-0.6678394707604399	0.6052560085652063	-0.4331923422570285
-0.7984307415673912	0.4306760432800686	0.42074516832017295
0.46981379795351896	0.008619354513722755	0.8827234572504896
0.37654129411345605	0.9024654300705326	-0.2092195051972272
-0.9727084043409921	-0.14202946921490436	0.1834829419835343
0.1966819130289246	-0.0851580583848155	0.9767621666400734
-0.12310396099103806	0.986192544570613	0.1107685867999414
-0.5858798170229391	0.5101332411788391	0.629689539574495
0.6785784646248201	0.733592471836981	0.03705877239642566
-0.4430305941496467	0.4490057477454833	-0.7759624547224757
0.9304309711624565	-0.3597845882507628	0.06966532824093433
0.3661298329189325	0.9044683217688714	-0.21882870095889156
0.015721111552388672	0.22911155574049613	0.9732732101921469
0.9981338580478943	0.007914075259900552	0.06054889620138809
0.0526080610764123	0.3919858460582065	-0.9184658340949937
-0.03100311804006675	0.9199372064998853	0.39083800067160945
-0.8508178059047906	0.40366137885507913	0.33640236678147
0.5161907485909829	0.5223474942272444	0.6787490009890252
0.09826582429532212	0.7511395253182563	-0.6527888182867612
-0.3379939611654068	0.42224780972660314	0.8411104977330882
0.786548444652112	-0.36403501137152716	0.4988186591448589
0.5168187558816536	0.8301718482801124	-0.2090767225018637
0.43207293433319216	0.2797740803781311	0.8573444135032758
0.36256909006689786	0.8165619626721027	-0.449188397050887
-0.8257461076776363	0.5049287326600207	0.2513768895296038
0.1753074414429261	0.39969735761601466	0.8997273605317949
0.9529799123334456	-0.2983360236692658	-0.053149822860939944
0.2471772393722228	0.8667396606224885	-0.4332040778205348
0.04738574694205833	-0.5927207335507261	0.8040128873381525
0.9979022260745427	0.06363591261961632	-0.011900328589623754
-0.04411052235255969	0.802890156026438	0.5944927747026254
-0.9970056814852777	0.03480278973320357	0.06905386964439167
0.0686206755181329	-0.013492969805787736	0.9975515739335263
0.03564931945371934	0.9993031099684455	0.011064376615071203
-0.5950255000457925	-0.12729862994620084	0.7935614110508868
0.32924721542304003	0.8621136930124709	0.3851704187195239
-0.7331718253120674	0.49046410585711503	-0.47106691184411575
-0.8230922005046337	-0.006369608619682499	0.5678720432936205
0.5603998594936761	-0.17116677983718276	0.8103418605500009
0.09203926851028152	0.985221478433251	0.14445556924497893
-0.9382252607025399	-0.02508153291588716	0.3451148749130363
0.2457365959515171	0.653881890638612	0.7155780869374321
-0.24361216223705304	0.75618079174326	-0.6073250567930855
-0.5833813707817312	0.17511630989286242	0.7930954887239842
0.5287356326354623	-0.6593469674417787	0.534509314518379
0.6165264041437363	0.7311606215701423	0.2920605047909721
0.2954524375959189	-0.10897480727599035	0.9491218828463446
0.738688426263868	-0.6039573148912285	-0.2992907794991138
0.6058442588837825	0.7895315403253615	-0.09794223199938967
-0.23259515131830688	0.2316506198751328	0.9445832339686541
0.822785165824279	0.5647251750191937	0.06410965293194765
-0.5185788912814789	0.7921006672204032	-0.32195103122410496
0.9503488917413134	0.1350711045355168	0.2803440398610479
0.21042595561286215	0.38476045254481417	-0.8987103601060376
-0.22925510064221272	0.9130800572113409	0.33723420341427945
0.9987262851974972	-0.018807862418327256	0.046819563932835886
0.02175920767264824	0.9977543429006742	-0.06334672923129067
-0.045523006678669625	0.06428480017933605	0.996892732609099
0.8897181582817664	0.23063122054454221	0.39396806841904886
0.4000775609858003	-0.8095593175576612	-0.42959475852392176
0.21986255711092528	0.5398360412807838	-0.8125500012398847
0.852792289116165	-0.5215880516071953	0.026290987897393574
0.5219952910488421	0.8528680209578463	-0.011707047035065034
-0.01631648696398338	0.02370745131928527	0.9995857787129117
