-0.16403284885239744	-0.7019329407588615	0.6930969421191985
0.8555009750624669	0.24858884714972507	0.45422644874549
-0.4911326767427874	0.6674531682076185	0.5597275784567679
0.7870220938707151	0.21405379882170567	0.5785993388946725
0.26100814291484414	0.7342718317444579	-0.6266734607742559
-0.5589910313157981	0.6442249982084174	0.5220183699754876
0.952156164388964	-0.0568005546974764	0.30028708863711595
0.16453093810064678	0.9233009805316994	-0.3470516816800107
-0.25754263535154187	0.3798539144661554	0.8884721687486454
-0.6123596995114966	0.3212751250677926	0.7223557935165078
0.7401231441271479	-0.08822219410108856	0.6666592652887493
0.2779088518589049	0.9428675084446723	-0.1837594394250297
0.5717938227592162	-0.5445629231359844	0.6135984411648989
0.7089643204318358	0.7043472327084744	-0.035560766731604215
-0.4128212889484109	0.455352828608219	0.788817079473731
0.2288079941290475	0.8038227513404499	0.5491046223171963
0.9501161881254865	-0.061583434763426315	-0.3057559641685403
-0.21195785166994113	0.5916725994924961	-0.7778157906119256
0.9469180309915171	0.11085052298585782	0.30175885096697685
0.19792360485629498	-0.9406993761754745	-0.275519382809563
0.2533228951828823	0.320619471050707	-0.9127051361525953
-0.9961333128163483	-0.07038605301353688	0.05257591310384825
0.08267400927603545	-0.5485453639556415	0.832023432286014
-0.029722572024537704	0.8331529194715392	0.5522434078269267
-0.9870734611140302	0.042275698261963326	0.15459219805938637
0.050055648434991606	0.997650142999837	0.046782734338186485
-0.15225115573985518	0.05391620822042516	-0.9868701171213008
-0.8792623725425397	0.2426104459991609	0.4099242024118033
0.47411286723432333	0.3626583452335811	0.8023066207849028
0.04598553417884471	0.8997883618521241	-0.43389657122609027
0.8862322306898178	-0.026756219958005867	0.462467877781915
0.4576772520916983	0.20483885353923192	-0.8652008882326262
-0.07158188461015488	0.9784299406571183	0.19378050733075958
0.21218843581845548	-0.3549935509009677	0.910470014071655
0.6620642458400239	0.7375048062938796	0.1332576266999673
-0.7187816094511587	0.5745139158559602	0.39151852881141247
-0.46696490136895763	0.7852782879411269	0.40654863347173076
0.847275060886574	0.2657336298300217	0.45990282579802977
0.2531180595870852	0.5592169958661963	-0.789434987472214
-0.8325891127005955	-0.5196428115941435	0.1917464935037099
0.5429927080145319	-0.8340737187970704	0.09736503815575007
0.10933566872471259	0.18518201848602586	0.9766029549279283
4.023241786832443e-05	0.4939450548704943	0.8694931173680084
0.5650614152155422	0.7173630634966333	-0.40754856418018937
-0.825048844260727	0.49133340808427595	-0.27908043049330633
0.7221067473372769	-0.6833927211853714	0.10740686235446667
0.6881115634380262	0.6935937481363043	-0.21314358730468141
0.07116404789536337	0.2278203265230873	0.9710991592572101
-0.18383303728900957	0.9280858629244358	0.3238240964488321
0.9640838368513779	0.2344855599186627	-0.12473523043453655
-0.19169707854587464	0.28926312110159536	-0.9378587723359739
0.08192921490024896	0.8680779657194108	0.48962051547936436
0.9252677753281321	-0.24881230915560248	0.28630748986358384
0.37036083443738776	0.4295731372480203	-0.8235895652992062
0.9342475692541999	-0.014157331352641526	0.35634400417516565
0.034418241663782045	-0.9909679368524222	-0.1296068392147062
0.354960369595526	0.1333496085461998	-0.9253221157614155
0.814254131485291	-0.14061328934965486	0.5632211929760853
0.5671234154013103	-0.014460756742315839	-0.8235058701782232
0.12394047386825383	0.989958983682006	0.06797035798495454
0.19450826660706	-0.683815411622658	0.7032517451445477
0.9798916948134684	0.10294469631940739	-0.1709229532137035
0.04448371226759007	0.7223564717831772	0.6900886370719738
-0.4813304639135505	-0.3805107330987726	0.7896407832080364
0.8423606785784726	0.04830778033121963	0.5367446744442704
-0.24238290305543753	0.9235139091297463	0.2972752730220143
-0.26310659362239974	-0.17103277099459369	0.9494854983823229
0.8807045226835964	-0.4443678968876863	0.1640021827302096
0.3938711262800001	0.8793662282925843	0.2675454586073156
0.15238070824506766	0.6323513052308902	0.7595471983540725
0.758656423069471	-0.567389620258858	0.3201709708233152
0.6334197277399616	0.5274474813621712	-0.5661966115357231
-0.1739799738823753	-0.440018538617044	0.8809736967476436
0.9191606486321705	-0.39359458393476054	-0.015066701805998228
0.35337610373931055	0.807135050143744	0.4729253007986356
0.9407791397568644	0.019951367260392747	0.33843249421823407
0.16945998610644508	0.8369352042725811	-0.5204063575303596
-0.2936288870447483	0.5469382111296065	0.7839902230890436
-0.07433686316194432	0.021127468789639614	0.9970093584504535
0.853254663516926	0.5188325259058149	0.052624036796973694
-0.5161690711015717	0.8546147904902738	-0.05659549375529482
0.9223225645720868	0.08167189468953075	0.377691393202163
0.13047114501981616	0.8541927323412883	-0.5033210271114671
-0.3637284250624177	0.513502169063721	0.7771854059157742
-0.9589323364839488	-0.23830470720043526	0.15381690600044431
0.252615743387981	-0.9641602504091564	0.08111903428598334
0.12897309889264671	0.116644237136121	0.9847639624320946
0.1979064626400604	-0.13080458414273963	0.9714541640306777
0.25623380080086233	-0.9496932418853019	-0.18007494452179768
0.9461380826139714	0.284557388033819	-0.1544338743376208
-0.3355388079771886	-0.24164132205500055	0.9105071003659218
0.8520650498210748	-0.4900498264801838	0.18394650972538484
0.4017447687458502	0.8375324704405515	0.3703248597422134
0.6290815454730925	0.1870179152533708	0.7545069307299096
0.5046689283977064	-0.8365146473202327	-0.21343035756100356
0.591240798537361	0.5150413033854567	-0.6206180580291827
-0.33645805496708947	0.09756971219086763	0.9366301983764747
0.8060302998031847	0.5441428746777716	0.23285980274963558
-0.48694058471948226	0.8332998759152688	-0.2617253976071994
0.7518320702588461	-0.2920611270932999	0.5911419763231914
0.49080922588932363	-0.35078038975173587	-0.7975333359474965
0.4402894978445661	0.8897490748557206	-0.12038165093222664
-0.9929165684934991	0.041482749769772516	0.1113367391413646
0.09595418292487576	-0.2726461927087549	0.9573175274592228
0.07006770147730917	0.9612196601573225	0.26673447871755895
0.7331276702068259	0.2622379248002954	0.6274990756754515
0.6126976648846967	-0.6551283584678809	-0.44205022947174166
0.29517010455320725	0.7085464732306654	-0.6409652912993296
-0.506255435429811	-0.39253650962114117	0.7678675163804134
0.8513857767984702	-0.08574956232553599	0.5174835955141426
-0.13728690091570317	0.9157303648866466	0.37761118317858533
0.3770829899014083	-0.44128252272140783	0.8142961094513743
0.8723487212084946	-0.126148975075707	-0.4723284288429533
0.31115290024828396	0.8884571859284942	0.3373836116931328
0.7295621811403199	0.5691602725301907	0.37920391351242394
0.6618119035454513	-0.7273469781095234	-0.1815802240346957
0.17246457078288618	0.3834357281322425	-0.9073218911810577
0.6077245598843126	0.7436363443920943	0.2787038690305197
0.7910150742175196	-0.5356836858607932	-0.2955302709761668
-0.07046993453998915	0.400059965507369	-0.9137756903771141
0.4747478455911617	0.8062021236153003	0.35306177785867837
0.8448412664119411	-0.3050017524504842	-0.43956474559454994
-0.24669357039456494	0.5069635754966169	-0.825911747976543
0.639048795500807	-0.03156242880064564	0.7685183472482437
0.6995003241773992	-0.3916658422214474	-0.5977433935332765
0.3198686190370686	0.9195660286924308	-0.2282156555325474
-0.173894486809397	-0.34212525157852014	0.9234235321290176
0.5762922382317062	0.725018411806466	0.37714129805090324
-0.7985286241652123	0.597744606645651	0.07108742233932142
0.8930219117993968	0.32205388580263516	0.3143137917520857
0.4408532324226261	-0.4858805695855406	-0.7546976212773909
-0.0903343373732949	0.812527763672512	-0.5758804917278184
-0.23488239405627565	0.6307784305459366	0.7395598910976704
0.7956001151708486	0.5618701835829865	-0.22654437432996166
-0.5584359566705259	0.5351826495304443	-0.6338208058584454
0.11413041360461662	-0.049616024189303776	0.9922260321288117
0.8773539875677044	-0.46351946257667453	-0.12409548062552167
0.46607320153543225	0.8846965343869486	-0.009370851307924255
0.030405287470461673	-0.7080760228696097	0.705481299774129
0.9701505394132603	0.1907946056210541	0.1496841653016988
-0.24058979481681764	0.679871873446065	0.6927415003642695
0.12737201543805887	-0.5144653547336674	0.8479986842336542
0.9892651111503618	0.00414991741863191	-0.14607298876274483
0.07163036747015433	0.8575011235935381	0.5094712096791244
-0.37950723524155006	0.3270511506345176	0.8654546800774447
0.5422239220638853	0.8365714037800552	-0.07836775305650504
-0.7496449004301784	0.43952910170557047	-0.4948198581432659
-0.10512019670725992	0.955556890732425	0.27542834425310614
0.9943831947609267	0.0975687457489437	0.041017091925575955
0.012320966734805539	0.27819304165769226	-0.9604461595279361
0.4677549371459335	-0.13272217562610272	0.8738364508720597
0.23856509881495142	0.9709253064432544	0.019767218708889964
-0.8510534721173613	0.1992206651056726	0.48581798463193726
-0.8113440990384047	0.3625325702297466	0.45857484501242907
0.3908932586372905	-0.24682171758056937	0.8867251547590708
0.43465298032738686	0.8986930372786871	0.05854580633426054
-0.7058290020557556	0.12958219363200457	0.6964293754218687
0.3267483854635518	-0.8127381270885157	0.48238182943972335
0.628522801856813	0.5680362592917549	0.5313133686214678
0.06905754108055362	-0.2989573877354855	0.9517644332177381
0.6715924160020059	-0.6915450985237666	-0.2659492498134607
0.7376955217354219	0.6575635764138159	0.15302111026056264
-0.8975460087722713	-0.423234974801909	0.12362571836553085
0.4408786812196505	-0.8575862117301898	0.26489975065349564
-0.00609512780734528	0.292263657601642	0.9563183590532612
0.48272614426043225	0.5482913218380904	0.6828997701306512
0.8712549085007463	-0.22156981621531324	-0.43797454373019107
-0.088827664951933	0.8064015395194583	-0.5846590485059093
-0.5965838015365486	0.16972370252430327	0.7843988988681984
0.4512797166268824	-0.737281626399402	0.5027548316376619
0.6636523073909718	0.6539187015029427	0.36325741110037146
-0.3436470041049613	-0.8965290627326004	0.27953957903218274
0.9384083210347796	-0.3392415094162524	0.06561266113844896
0.03600777113861611	0.28486986145394166	0.9578896608967241
0.6469357597826207	-0.36471647530778406	0.669668586207797
0.5367585084168034	-0.4059789892032071	-0.739642727245871
0.5416312641979334	0.8379516411849839	-0.06687765455471695
0.7571356840206571	0.4999752816166545	0.4204405710144047
0.572536277566907	-0.817786471464677	-0.05854483716933141
0.31455963957952615	0.2850438648027718	-0.9054293060675132
-0.6886969967582806	0.37960375496250626	0.6177357330400198
0.6282209074416534	-0.1129465052447638	0.769793204962333
0.3619874833600063	0.9182287711520263	-0.16068909645439255
-0.8981069661488905	0.10147687504561248	0.4279092440995075
0.186293901259922	-0.7936129203832489	0.5792004100085985
0.3983697525016089	0.5999008054934977	0.6938447692820487
0.5744892840332032	-0.1568494437597186	0.8033432109150388
0.36796103674912367	-0.8272118738068281	-0.42464713735936876
0.7311407100999968	0.5395542306620007	-0.41750987318769983
-0.4443303543434305	-0.4192163670566191	0.7917248093882696
0.4702906107442509	-0.8613408688873252	-0.1921422624781634
0.7624941164722789	0.2869661045773141	0.5798734147802267
0.7868224617963148	0.12680881482336967	0.6040115380486362
0.18699088134721123	0.8836847115554934	-0.4291104063712246
-0.5881707438370085	0.4505783561670231	0.6715908881514425
-0.6344640516529463	-0.03548881431713727	0.7721372360004994
0.5184565508024555	-0.7604419578756361	0.39106372068026196
0.5732871637235113	0.6484354808002356	0.5008724939036073
-0.5882892772877091	0.36949191634664447	0.7192992770626072
0.5274301476737611	0.8495833882324387	-0.005050323190045725
-0.6129707705536533	0.37640907294321907	-0.6946819734618761
0.580837508423638	0.059251880211992514	0.8118602117973044
0.5129251766047691	-0.8010831925317534	-0.3085019965058573
0.6320882470139644	0.5956130735086977	-0.495690946712098
0.9207480502052815	0.3595983570437733	0.15136726744772594
0.37672330696721823	-0.9203398288834148	-0.10513871484153207
0.10150161590268152	0.15382984425092844	-0.9828701852161752
0.6838497955324516	0.30403156436205114	0.6632603297512887
0.7289151594581139	-0.2446542432335448	-0.6393958019724355
-0.03212705187807491	0.9207111974660598	-0.38891997042867077
0.22718342151892024	-0.17883602187344777	0.9572906404365585
0.790863668671441	0.6074774197407516	-0.07420136171707248
-0.5682625718472983	0.7739437071167375	0.27944371106163013
-0.29018187216108404	-0.2568531351083483	0.9218573360635044
0.3022053731941893	0.889416872828857	0.34294247147283713
-0.9080013179955463	0.3781059286924095	-0.18047025573761855
-0.17278514771738074	0.024460558004963467	0.9846557641279357
0.08803121246520453	-0.9953073201841716	0.040172677527260836
0.9810177360069434	0.09362168279778507	0.16982102976346003
0.5612654033379971	-0.3395219521987479	0.7547887061893458
0.8239877068221454	0.14369935823837798	-0.5480827979857245
0.07762348885368053	0.9295565278222887	0.360415393069099
0.19379820290788663	0.34458376568145094	0.9185337691007687
0.8896183152422854	0.33295385439227665	-0.3126035572907065
-0.4135474697482151	0.877726471786124	-0.24202217045289753
-0.4713409686441614	-0.16055664396598282	0.8672135004460925
0.6150656665281643	-0.7645544208130379	0.19274533320811107
0.6320853717148097	0.6242420217300509	0.459118700523655
0.17894487483139732	0.4738804317798129	0.8622157897810464
0.7974984595439585	0.44335531522687466	-0.40918488667727204
-0.5761726640483639	0.7608373024742259	-0.29858275296331893
0.24402004778377273	0.35167832291550816	0.9037569216724932
0.5352860991417278	0.7282557564987162	-0.42791628292472694
-0.8086550614107586	0.5881886689811511	-0.010539513126522904
0.27741543859578943	0.24905602169416802	0.9279072003635815
0.7713920586237291	-0.6334686191608592	-0.060595382915530405
0.5727084479217599	0.7325903402286358	-0.3678538121084791
0.9491681664006977	0.25110570179941794	0.18980442148527354
0.3037069406558084	-0.889038847712045	-0.3425960032696365
0.08271569433322114	0.3828261404118863	-0.9201099174165619
0.7428580216567771	-0.017470514065255016	0.6692209954854039
0.5796452505065607	-0.4833402868433885	-0.6560438633805953
0.33492289146214815	0.8752582180433649	-0.3489265087696656
0.609793287943061	0.020189632795061335	0.7923033034811806
0.3515914416119226	-0.9028178368639341	-0.24759525767990215
0.7103066972546728	0.42954898692457383	-0.5576307592549314
-0.7469400314674648	-0.20221663103900353	0.633394840145243
0.5269731620351558	0.40084611723183594	0.7494142224396536
-0.4054378816613612	0.8935495646193314	-0.1928452739440385
-0.7712117300249963	-0.3849822396416091	0.506972526506499
0.42360241374556523	-0.9048400966794838	-0.04272463586730156
0.47517729590204866	0.18180504558893085	0.8609027023175289
0.03420852247834716	-0.9161688431224316	0.3993299736828597
0.9768657820348036	-0.05374553485844946	-0.20698951995767897
0.21109955205869016	0.39717259267789884	0.8931354380753997
-0.6281087302865607	-0.5634767706519976	0.5366314860995398
0.6374684283124286	0.022858872354532767	0.7701373090946584
-0.44622127452945	0.8258155973885908	0.34484079408770363
0.9937870104529644	0.007519382327283247	0.1110443008189784
0.11105757500281742	-0.1326204670684692	-0.9849253914632491
0.007320716457643227	0.9911383710683171	-0.13263158185963708
-0.4639093125353857	0.8605470557934101	0.21034950560493243
0.8852983235110026	0.44172142384355917	0.14535839193602507
0.032171853094811395	0.25365517633770546	-0.9667595478636524
0.10664368851924877	0.033229252651964414	0.9937418882522772
0.9848539116768549	0.133888119031901	-0.11016689265336155
-0.1367109957311673	0.9904391896276578	-0.01844763659391946
0.35963443466292877	0.3244378904119362	0.8748732071961789
0.8486380535554641	0.2760613865727348	-0.45122451717646306
-0.38791304110878877	0.9047265698036018	-0.17604915912647678
0.415552952086254	0.23140776923179335	0.8796398060294705
0.44513367805302356	0.7916304385421705	-0.41854182280450525
-0.7932034749516587	0.5654835922577204	0.22595697424934136
-0.4415225410496997	-0.1948436917108045	0.8758389015940782
0.88681702180355	-0.24319067409312112	0.39295529755128034
0.13643099202343367	0.950207467785135	0.2801648667853689
-0.7774219442330343	-0.6130524110190935	0.14064800733961802
0.6204077782975305	-0.7842007242659363	0.011109126369909884
0.10348579251690018	0.095895596376773	0.9899973360280785
-0.602702533717991	-0.7442850174801521	0.2877315912521317
0.756038520701964	-0.6479637865153125	-0.09245910760722677
0.2552555798894514	0.16181082818930392	0.9532375594866116
0.03353124440483768	-0.7294225443776647	0.6832411048833912
0.8468802084590992	-0.34228495725883423	-0.40698270301646855
0.5307255111344621	0.5922700058148581	0.6062562758793775
0.9917709748656554	-0.07676469117473839	0.10245738432575138
0.1174301936469134	0.22668878536799864	-0.9668621123037295
0.05099493145476425	0.9709373701620658	0.23383785020542636
-0.7583017216071841	0.006462159039923206	0.6518717201322086
0.12007393592602969	0.9842269544071118	0.12992133054172722
-0.6407501454692097	0.17679237177843327	-0.747116930849612
0.7234159162865434	0.39178611330292845	0.5684831162719661
0.5732223167893418	-0.7997748100661326	-0.17825944215760792
0.38481890233973737	0.4548229266502152	-0.8031503706002838
0.06907897514365469	0.8752444596257416	0.47872249904046293
0.9156518822750543	0.13485260131445254	-0.37867717967270703
-0.39599207779860024	0.46450178881589793	-0.7921037574128649
-0.386110261553245	0.8496373109691245	0.3592148462027142
0.915297201732587	0.4012825186869756	0.03468966267828205
-0.11467300651757815	0.34218237828005127	-0.9326099514646127
-0.9682412945078367	0.1620894621087235	0.19035703791321618
0.2415801671455466	0.41041158531037014	0.8793186871009615
0.06440355930939447	0.8973791489199721	-0.43653504399068344
0.5898453037787028	-0.7373312883810856	0.3292796513368204
0.8032186386680076	0.49369930185531585	-0.33331789307489373
0.08320057756123034	0.461089547183475	0.8834444483789661
-0.6488911801653883	-0.18893727675702116	0.7370501623059381
0.36520150735277895	0.7724699164485495	0.519536415671923
-0.6675088728480146	0.6062944281729891	-0.4322487374597648
-0.8012575056200602	0.4303797748455125	0.4156436684125544
0.4631858561135047	0.006440887269655082	0.8862377658775208
0.37874169612536623	0.9026249300651438	-0.20450663373342004
-0.9728010356458858	-0.14185150279907396	0.18312917899651115
0.19616178294903716	-0.08399755283970078	0.9769672287375848
-0.12320186669262256	0.9863176781699625	0.10953875009724767
-0.587677741265602	0.5083284249168889	0.6294736569884996
0.6762950852176022	0.7356863379011263	0.03729034642030063
-0.44413942645466237	0.44762464705056704	-0.7761265007853932
0.9305014121162123	-0.35990632631664893	0.06807759049047467
0.365922985870252	0.9050783278403376	-0.2166416139284828
0.01635513563179192	0.2264964828667153	0.9738746596905956
0.9981346505909572	0.009142946161503303	0.060362453770168065
0.05194356121482819	0.3923455666284721	-0.9183500546062512
-0.032079366234220114	0.919772451687085	0.39113878787399714
-0.8503462920390579	0.4034575532117999	0.3378360347443316
0.5171160965954561	0.5217543548958683	0.6785008001388615
0.09747885030766658	0.7516610911198902	-0.6523062760997718
-0.3380656126725796	0.42025422580445815	0.8420795848503921
0.7845828071242622	-0.3682954519102881	0.49878680703002654
0.5197513446767847	0.8293038320155597	-0.2052162125929191
0.4305286484738745	0.277214581638243	0.8589511968502012
0.36560013298298244	0.8165352419623396	-0.4467737026687326
-0.8252161084262016	0.5063815501779636	0.2501921262415707
0.17791473243365385	0.39876719035996006	0.8996282987298059
0.9522933641561957	-0.3001332388252065	-0.0552936482461312
0.24795906228072512	0.8665476137205128	-0.43314147410303305
0.04771433646169376	-0.5924913240463431	0.804162528986418
0.9979325370670852	0.06298091920259541	-0.012808406585011423
-0.0430580254873712	0.803111097387035	0.594271462965303
-0.9970900080816585	0.0362136438659392	0.0670826936077289
0.06656556728596941	-0.015302882816517593	0.9976646966939346
0.03715563262298985	0.9992268980444103	0.01284776980376634
-0.5976843785042256	-0.12689331965302	0.791625839092847
0.32836003322380847	0.8620385803422528	0.38609477409409837
-0.7314048620793254	0.49070110192351307	-0.47356029848137915
-0.8223999814428087	-0.007835889072245694	0.5688557544451095
0.5615890360447602	-0.17107343979391176	0.8095379131278507
0.09097266137243876	0.9852271195209387	0.14509134310250704
-0.939002068285336	-0.026408685378550692	0.3428960441481315
0.24324004767866653	0.6538528271072894	0.7164570885189739
-0.24312423770809172	0.7561607380844245	-0.6075455071173492
-0.5840118085616439	0.17621632740774007	0.7923875399168553
0.5284658753865459	-0.6584193101891191	0.5359177460413271
0.6161607144345455	0.7317320670334277	0.2914003364145239
0.2949411366886815	-0.1088321653686557	0.9492972588551796
0.7400780390565345	-0.6023981854475171	-0.2989998700263477
0.6043957494845764	0.7907414153506238	-0.09712771002277831
-0.23086583481624356	0.23217420026125712	0.9448788848564905
0.8236677438467096	0.5635884188379331	0.06276577011580287
-0.5179502042292005	0.7927567312138096	-0.32134771051639
0.950577217709731	0.1367325802606713	0.27876003061143056
0.2081230191520015	0.3856492494314796	-0.8988656547627081
-0.23040781686019735	0.912457592388926	0.33813219311612774
0.998578625106207	-0.020649651702492763	0.049135744276066935
0.023988036552567316	0.9973728202406512	-0.06835226073483153
-0.04759520546599207	0.06943377657722094	0.9964505241540468
0.889666581123869	0.2263849325629032	0.3965390734087323
0.3987978096104458	-0.8081973923253729	-0.43333276138364835
0.2223818371209232	0.543660590209514	-0.809308026138235
0.8514688955576337	-0.5237200966664118	0.02679515339735073
0.5241495291670647	0.8515372872157871	-0.012309327972003774
-0.016370429799114544	0.0245256769305594	0.9995651555547993
