-0.13819304249088016	-0.8624150829700261	0.4869732104263199
0.7116976876637893	0.25546597753436573	0.6543879091918084
-0.6887590902348436	0.4370095639550854	0.5784751996677616
0.7698697642329536	0.21789214007507965	-0.5998529498247036
0.2590781154328684	0.7522786013843479	0.6057684673230876
0.583248725865432	-0.6217715988952144	0.5227054644669777
0.94974307914507	-0.1975550775399863	0.24281695771550113
0.10324002754459072	0.9299785544279925	0.35281919592988914
-0.2955157869363896	-0.3100191601210986	0.9036362874681245
-0.6096952537419416	0.7309938886001336	-0.30646310119458964
0.4055782148283139	-0.04448024498740111	-0.9129774474008321
-0.6810124883004921	-0.6809327739469708	-0.2693558021347524
0.5993206635115556	-0.6826304930740514	0.4181271962137194
0.5344737357826326	0.7300745657383401	0.42582737608158905
-0.5959467828981255	-0.03172914098193827	0.8023968429436414
0.9633911522121521	-0.1036188440678109	0.24726629975270098
0.1036188440678109	-0.7067139368009998	-0.6998703784882473
0.24726629975270098	0.6998703784882473	-0.6701050890131519
0.9595573833562819	-0.04152671013659762	0.2784334038718708
0.04152671013659762	-0.9573601364629594	-0.2858970119760882
0.2784334038718708	0.2858970119760882	-0.9169175198192414
-0.9937345751794711	0.08173669050026773	0.07622799694954849
-0.10806892478480591	-0.528735622360226	-0.8418787021556022
-0.028507921508466615	-0.8448418521080787	0.5342560653262242
-0.9860111888309984	0.07590380388254618	-0.14839322105892164
0.06496632084720529	0.994895252224208	0.07721926092178955
0.15349694673074119	0.06649849365128058	-0.985909041284464
-0.6615362768444875	0.3602442138686382	-0.6577186790664383
-0.3602442138686382	-0.9218940353969898	-0.14260257316619798
-0.6577186790664383	0.14260257316619798	0.7396422414474978
0.9477170517778654	0.24592135933565465	-0.20335947185212375
-0.24592135933565465	0.15673115296685458	-0.9565343855357131
-0.20335947185212375	0.9565343855357131	0.20901410118898922
0.19280248215833495	0.685332494521686	0.7022439567744734
-0.37642647748208546	0.712574111004397	-0.5920652357441047
-0.906162408138858	-0.1501915719305737	0.3953633541402255
-0.4426714169634989	0.8036551881584193	0.3977189398929655
0.8649116731309408	0.26566360296343094	0.42585284752168234
0.2365794037640748	0.5325046371690526	-0.8126924369699098
-0.8394254940363952	0.5209495529892529	0.15484315678147342
-0.484114602612078	-0.8462255959967957	0.22256525384169548
0.2469775121331984	0.11186511484893821	0.9625426248121844
-0.017408762593318583	0.5992838149950945	-0.8003473271460928
0.5165501044205756	0.6907597239826879	0.505991100066447
0.8560799755911022	-0.4046108164746539	-0.3215853892571179
0.7346224061103539	-0.6743120262744958	0.07505472444968342
0.6743120262744958	0.7133952498171199	-0.19071053657297693
0.07505472444968342	0.19071053657297693	0.978772843706766
-0.21739555657685639	-0.91874278406101	0.3296223122248614
-0.9622628253199662	0.2583542173995367	0.08545965924990294
-0.1636747597764409	-0.2986047472624939	-0.9402370860184295
0.11633180991636438	0.9221520754224826	0.3689206687020811
0.8694922071085933	-0.2740857587302348	0.4109261474263938
0.4800523010870897	0.2729698640056796	-0.8336889357342523
0.9173275209997271	0.022893452237692027	-0.3974746646783109
-0.022893452237692027	-0.9936604035381869	-0.11006767138887336
-0.3974746646783109	0.11006767138887336	-0.910987924537914
0.8163051355490644	0.12765898696184289	0.5633374732113067
-0.5663528439858316	-0.014806397860578802	0.8240298700238691
0.11353581719168593	-0.991707594823328	0.060213491713616674
0.20967850539987232	-0.660153894653974	-0.7212709336625632
0.9762980471294729	0.10088715261372361	0.1914782118379864
-0.053638116525967394	-0.7443242692608412	0.6656608255296849
-0.29615429350162215	0.8463470485513431	-0.44270679670520685
-0.8463470485513431	-0.44736260938777406	-0.2890732936993526
-0.44270679670520685	0.2890732936993526	0.8487916841138481
-0.29965506004185793	0.8636648486185523	0.4053268733405221
-0.17670953557473273	-0.46774281625092407	0.8660198599816384
0.937539644510179	0.18788210959627705	0.2927793159794245
0.16095656162392902	0.7474690081034469	-0.644502185562665
0.642553333864586	-0.5750284649250443	-0.5064261818522551
-0.749144978231656	-0.3326144110690288	-0.5728433076675463
-0.15324958583559112	0.727770486635856	-0.6684793812998491
-0.727770486635856	-0.5407326499628169	-0.4218510638199207
-0.6684793812998491	0.4218510638199207	0.6125169358727742
0.9491823850201078	0.18574570374925417	0.2540695446255498
-0.013464369283638894	0.8304972597621179	-0.5568599575184116
-0.3144384052995654	0.5251407764269574	0.7907943185218003
0.5807368272055544	-0.7061460375754601	0.40509568146760455
0.7061460375754601	0.18932989763924513	-0.6822843714144344
0.40509568146760455	0.6822843714144344	0.6085930704336907
0.923423029131025	-0.10494821474983544	0.36915549771242
-0.1057873055076695	0.8550166365012221	0.5076963632916471
-0.3689159189624502	-0.5078704790859176	0.7784398635791536
-0.9616197094645358	-0.2660150416746159	-0.06725720758546787
0.26115592172555263	-0.962527492488735	0.0730644287668473
-0.0841731484323796	0.052695576723298256	0.9950568110800406
0.20599956813650888	-0.160427868884371	0.965311906490742
0.24393296132514825	-0.9469095729750334	-0.20942533511345796
0.947660745365511	0.2786129205429273	-0.15592931796113585
-0.338525387846385	-0.2428866553283927	0.9090691032296947
0.8374541024722669	-0.5182748779180639	0.1733833243751718
0.42903518274825053	0.8199983070606931	0.3788556299987802
0.6401733494363684	0.49131239642266067	-0.5905846355881972
0.19128150750772663	-0.8464886107399232	-0.4968585480528299
-0.7440359316303164	0.2051076814968592	-0.6358784250420753
-0.3278055653496872	0.08623573522689221	0.9408012060449589
0.812612446791655	0.5336669158898436	0.23422347065121857
-0.4818760448964563	0.8412865272037227	-0.24501521687529637
0.7644573999786699	-0.26170262822810525	-0.5891660360173132
0.5036918099983037	-0.32793721105567974	0.7992194605649038
-0.4023673000611315	-0.9077273379068876	-0.11887655722635393
-0.9849221237735339	-0.023625442721366723	0.1713775030674996
0.023625442721366723	-0.9997187992732333	-0.0020398127130321665
0.1713775030674996	0.0020398127130321665	0.9852033245003008
0.7441315881678177	0.6123642412024892	0.2669798037068365
0.24791332829796958	-0.6242527977948378	0.7408423760136437
0.6203282688569534	-0.4850963621197518	-0.6163394830084461
-0.4931123611071295	0.39698659194647223	0.7741071276884595
-0.860862591922449	-0.09427887886079556	-0.5000270900954412
-0.12552209826128208	-0.9129694073820199	0.3882409870590796
0.38676255182833563	0.8741371761407599	-0.2937667881022161
-0.4609796363012819	-0.0926374170458173	-0.8825622266325573
-0.7986942490207201	0.4767625260564611	0.3671307537233709
0.7173581238475766	0.6745238812022417	0.17439855457471276
0.5921297946663587	-0.7221768594917779	0.3575512409193525
0.3671234511962709	-0.15322570705484512	-0.9174651242849956
0.6227839019480363	-0.7753023840720118	0.10510197299115617
-0.7383795657468012	-0.5380002140193105	0.40663421720600673
-0.2587195940819794	-0.33085039363348406	-0.9075253102093765
0.4734302333492687	-0.8401185730064258	0.2646971806432852
-0.8096295733579644	-0.29668531505264517	0.5064363511600578
-0.34693481822246885	-0.45406894533953734	-0.8206446397699696
0.6487179948763432	-0.6953071656495515	-0.30937502892121704
0.027675624676283317	-0.3846991628586802	0.9226270177566924
-0.7605254913034764	-0.6070868961624998	-0.23031820940904346
0.5336503975659548	-0.8394074544167545	0.10301639989478682
0.8394074544167545	0.5108941250358767	-0.18542469758209143
0.10301639989478682	0.18542469758209143	0.977243727469922
0.8888605283900215	0.45140369053396345	0.07849630082067326
0.3203928105507493	-0.4898987236547989	-0.8107698116659198
-0.32752924757585167	0.7458109336378201	-0.5800781354685589
-0.22704273071524295	0.7929250286809406	0.5654392074491257
0.6261338550521969	0.5635482673199017	-0.5388596718610619
-0.7459276063981279	0.23169645938612468	-0.6244267424775254
0.10816926445652142	-0.07482344623811549	0.991312696438408
0.8816877584962581	-0.4534467003221203	-0.13043307281830635
0.45926692319911244	0.8881371188392215	0.01692192055256858
0.06634480066176995	-0.6796870479494447	-0.7304956428856503
0.9683845215296564	0.22030605860319596	-0.11703272621153427
0.24047824410313876	-0.6996361607239113	0.6728145782610366
0.14794385578365943	-0.5144042982564839	-0.8446897853479219
0.9826245898245972	-0.0203358034936878	0.18448677613397801
-0.11207823610276058	-0.8573066388588862	0.502457755398972
-0.40453627706438033	0.34740919454984476	0.845965278295226
0.5219568063180545	0.8472825757830911	-0.09835308389993469
-0.7509404056762081	0.40176994451626014	-0.5240891325015751
-0.11466699380473133	-0.9931554550068634	0.022219872229524443
-0.9649805708342959	0.11667048888412412	0.23494785578050345
-0.23593214796653417	0.005499019335306221	-0.9717539721257888
0.9605460511986055	0.2780311068169923	-0.007070160456749524
-0.2780311068169923	0.9592790761453399	-0.049823264765181716
-0.007070160456749524	0.049823264765181716	0.9987330249467344
-0.698696471533867	0.008552031149540291	-0.715367110950274
-0.008552031149540291	-0.999956945082298	-0.0036014920374086486
-0.715367110950274	0.0036014920374086486	0.698739526451569
-0.6658114743306955	0.10390838494154075	-0.7388491917762553
-0.10390838494154075	-0.9935185027672486	-0.04608722380405009
-0.7388491917762553	0.04608722380405009	0.6722929715634469
0.06023203451185266	-0.32413601190227925	-0.9440910696572914
0.6728952598634423	-0.6854103337050257	0.2782528413218377
-0.7372815413882768	-0.6520341403933163	0.17682592708558242
-0.9002031855587194	0.4213866846656071	0.10985211284477783
-0.43533629284806336	-0.8645687296035411	-0.25100443008246665
-0.010795222982356377	-0.2737775991169601	0.9617324416814244
0.48916096023468636	-0.8664799800926547	0.09966944908502545
-0.5410005345209065	-0.21179206031407594	0.8139180209554354
-0.6841344726224321	-0.4520581459132794	-0.5723665399751066
-0.5302744280139431	0.13703420295010085	-0.8366783481220936
-0.13703420295010085	-0.9877287547681617	-0.07492352251440318
-0.8366783481220936	0.07492352251440318	0.5425456732457814
-0.34440926577560416	-0.8879396430060894	-0.3048695590348894
0.9359979673704665	-0.34992297744975454	-0.03823238066160456
-0.0727328173953441	-0.2985248737223035	0.9516264167428404
0.653961932631788	0.4543243807464004	-0.6049158187119068
-0.4543243807464004	-0.40350307551289455	-0.7942132113677253
-0.6049158187119068	0.7942132113677253	-0.05746500814468258
0.9302164969205634	-0.03442419086833368	0.36539327298117574
0.03442419086833368	-0.9830185521699804	-0.1802484429133748
0.36539327298117574	0.1802484429133748	-0.9132350490905436
-0.47504366330365855	0.2380551965391302	-0.8471500701503577
-0.2380551965391302	-0.9615806107919815	-0.13672034358366314
-0.8471500701503577	0.13672034358366314	0.5134630525116769
-0.8969747111585782	0.19281298195744762	0.3978184529790731
0.09625369894131419	-0.7931083739703466	0.601426913746158
0.4314760630464926	0.5777562298468021	0.6928391919421912
0.5638733976249288	0.15038848961842918	0.8120530115954294
-0.3811946102274526	-0.8248758676507661	0.41745715001774425
0.7326236827897796	-0.5449432127824738	-0.4077982764282564
-0.44414582767695165	-0.43465192715130474	0.783461668482136
0.43465192715130474	-0.8691805950925033	-0.23580244981403128
0.783461668482136	0.23580244981403128	0.5749652325844483
0.8104077005644343	0.1300664848988501	0.5712460663951422
0.17051528359097612	0.880469522592983	-0.4423776190617849
-0.5605032532713392	0.4559124140566277	0.6913609576634359
-0.621850797930831	0.5315807965518738	-0.5750855952378431
-0.029120698225719943	-0.7495249877409058	-0.6613352233828482
-0.7825941285542817	-0.39450494228750865	0.48157271565475335
-0.589570487433206	-0.38360640104753746	0.7108113458739445
-0.5134208425796385	0.8573458613607483	0.03683900666970624
-0.6235428443600219	-0.3432261689949535	-0.7024173390260675
0.5663873843501508	0.48535353984059276	-0.6660610123803982
0.038606629759652844	-0.8229282001960962	-0.5668321669247572
-0.8232343888514352	0.29533221748773175	-0.48483401523220704
0.928036490194748	0.35472187568976665	0.11366909770974307
0.3374460543448159	-0.9298451817527573	0.14669048496169718
0.15772898679104266	-0.09777693428573077	-0.9826297562396304
0.6828896020482654	0.7304995572656856	-0.005673468868251874
0.3036658658128167	-0.27679392219918686	0.9116864409289759
0.664416159763227	-0.6243040296748276	-0.41084747191294513
0.20308885661071352	-0.16157115373212044	-0.9657378933241797
0.7967139396680227	0.6006248204031333	0.06705761294858414
0.5692115728437109	-0.7830354956177756	0.25070619845431286
-0.3160615144555814	0.2810454079331095	-0.9061559456074638
-0.2515645973852413	0.8961024682748466	0.3656714641507168
0.9147788653125116	0.34353143237764944	-0.21252242833666912
-0.16584620768168978	0.07330780137953609	-0.9834231040882149
-0.049481958783167024	-0.9965956013604917	-0.06594500059822371
-0.9849094228164246	0.03772497323812505	0.1689090146842379
0.5541709033488882	-0.8320102841557098	-0.025563586223624535
0.2866063545529387	0.16188491903123392	0.9442722438577374
-0.7815058588464662	-0.5306148886427767	0.328171346310523
0.17052097014188594	0.8784121709404251	-0.44644670083404087
0.39311874018286064	0.3548141177794557	0.8482715355011197
0.903537633338485	-0.3201546497680708	-0.2848170384176014
-0.43391641310415263	-0.4434823216158511	0.7842448449642762
0.4434823216158511	-0.8628395854957696	-0.24255160299553527
0.7842448449642762	0.24255160299553527	0.5710768276083831
0.16751499314602958	0.44783531796672815	-0.8782836985011877
0.8137039187450014	0.44017794662528764	0.37964365913811016
0.5566189537648838	-0.7782588921987238	-0.29066894746997196
0.25968392470856916	0.5223606788688883	-0.8122213863347779
0.37170619334264116	0.7222062737961842	0.5833117553419904
0.8912905054350558	-0.4533844056218357	-0.006619339865687746
0.2811019029954478	0.24992499390571266	-0.9265631211922734
0.7688218991016207	-0.6364926564726081	0.061562859893120436
-0.5743645250136147	-0.729667455542367	-0.37106710542462884
0.9486048871540014	0.2997800254790751	-0.10139380844661809
0.23485601609586437	-0.8816232904443262	-0.40936905775803156
-0.21211180959843678	0.3645165429303374	-0.9067173044334118
0.7543615856501722	0.5611144585861348	0.3407185971750687
-0.03628303171328684	-0.4825929748297866	0.8750928877865654
0.6554556733334838	-0.6724987620884713	-0.3436906680205669
0.6061834711797816	0.04653188537658648	0.7939624568653931
0.33454369599282924	-0.9205928559540775	-0.20146788587209763
0.7215414851135646	0.3877416371884961	-0.5736151218809491
-0.736782700131704	0.522905941409228	-0.42862644485095075
-0.2096604617530622	0.42599956723477683	0.8800948014238442
0.6428014806797888	0.7383046425119594	-0.20423641027289818
-0.760469410665428	-0.45386181839389067	-0.4644305386668371
0.3998487219266173	-0.8908107448835483	0.21581755344195105
-0.5116710613429571	-0.021579309632370258	0.8589103901921098
0.034841284686369045	-0.983129728404304	-0.17956063602327527
0.9286157705180377	-0.0345639154390287	0.3694294066458638
-0.3694033508599979	-0.17961423350392763	0.9117455190436649
-0.632773215374262	0.558346530562522	0.5365139417701209
-0.6252223154259636	0.04036249402030123	-0.779402287249568
-0.45683160376479526	-0.8286253803047888	0.3235504055266031
0.9937956737814404	-0.07256941226669261	0.08428427597458375
0.07256941226669261	-0.15118589654755676	-0.9858379710116558
0.08428427597458375	0.9858379710116558	-0.14498157032899717
0.8851987399070527	-0.05342107842213886	0.46213567190510396
0.05342107842213886	-0.975141286624609	-0.21504803998250754
0.46213567190510396	0.21504803998250754	-0.8603400265316616
0.5212629469787733	-0.6307548852484398	0.5748332061061121
0.6307548852484398	-0.16895564537150576	-0.7573653442245197
0.5748332061061121	0.7573653442245197	0.30978140764972095
0.344596756452454	-0.2805335607575551	0.8958537808878944
-0.8538757440943695	0.3028580593827528	0.42328856530055237
-0.3900631860221304	-0.910811680401388	-0.1351768980065189
0.3663015301621311	0.26352470993040944	-0.8924000875487267
0.4405290400517792	0.7956523380596148	0.41577821228550027
0.81960804893067	-0.5454283492782184	0.1753583814127473
-0.425881746288429	0.22530225325104664	0.8762782850546507
-0.8973857305591126	-0.22874092509041355	-0.3773280267587736
0.11542785091651886	-0.9470567479664476	0.2995996117554405
-0.7699606298925634	0.6278446172349804	0.11389365664736795
-0.6234822698071157	-0.7782264238759757	0.07505659476273563
0.13575893212461015	-0.013220052582026472	0.9906536945664282
-0.5833894753633062	-0.7560356802434304	-0.29676045935093837
0.778475796671316	-0.6246926278847442	0.061111002801561815
-0.2315861697776585	-0.19536931915043873	0.9529945829344506
0.031787652966805524	-0.7429665618029039	0.6685732818185555
0.861674610115729	-0.31858031429032496	-0.39499803749966156
0.5064646200878875	0.5886486824834057	0.6300685019978243
0.9895522421885175	0.14132263282322674	0.02853547671914855
-0.05858624370848384	0.21331050561542275	0.975226271304369
0.13173462729217314	-0.9667091298037916	0.21936145132221407
-0.7672383277481509	0.10398169924883027	-0.632876887439845
0.03129310194034693	0.9916639116780632	0.12499371202709902
0.6405982283812307	0.07609528564036089	-0.7640964711985914
0.7445518426343142	-0.5506006616193683	-0.3774671708296782
-0.4203170295450254	-0.8259416296545643	0.3757046966408711
-0.5186291047601298	-0.12107574417643163	-0.8463831968250728
0.08871900574020708	0.9278097422022622	-0.362350686897432
0.8861970043541685	0.09255526558716864	0.4539695940102009
0.454734876047755	-0.36138982427105	-0.8140108030113438
-0.41569165983483125	0.847625099220099	-0.32974556117691767
0.9060189748462723	0.4176394243012749	-0.0686070585859021
0.07956168149475432	-0.32727511735757886	-0.9415736489496243
-0.9614867721068105	0.26256515674669123	-0.08125715676917968
0.17887940083953294	0.37332649153999853	-0.9102908824489702
-0.20867521898614427	-0.8897678737609156	-0.4059159812129398
0.6087343394933863	0.7694800398027966	-0.19324329811571045
-0.7694800398027966	0.513292863187274	-0.3800406622272109
-0.19324329811571045	0.3800406622272109	0.9045585236938878
0.28016296679844654	0.9512296458274624	-0.129115734647846
-0.9512296458274624	0.25700373468794024	-0.17062016661406487
-0.129115734647846	0.17062016661406487	0.9768407678894937
-0.7938442414699343	0.4737639817241152	-0.3812597669646469
0.4346428531761222	0.003541272505113824	-0.900595941347708
-0.42531977436740986	-0.8806447348448503	-0.20872934753431016
-0.9739096990966107	-0.14913463777314834	0.17105191557483668
0.1856905804551407	-0.0903990527167855	0.9784411170827506
-0.13045653044513383	0.9846760234128685	0.11573341168408624
-0.5727844043799857	0.5197412771809998	0.6338667295996285
0.6945114494658259	0.718451458250734	0.03848829300282852
-0.43539852165567017	0.46227319512562814	-0.7724840583522745
0.934125405178963	0.35693892895012835	-0.002080480515010072
-0.3451378871608236	0.9017241446896771	-0.2603332589774746
-0.09104705511657515	0.24390196367312322	0.9655165798011932
0.9984282336393445	-0.04657313800972679	0.031176996130889756
0.04657313800972679	0.38001247409851535	-0.9238081306989305
0.031176996130889756	0.9238081306989305	0.38158424045917083
-0.8518503845241239	-0.40906965650847016	0.3271283211679258
-0.5119211419603579	0.5180412481229739	-0.6852517855921244
0.1108497487597807	-0.7511959007923524	-0.6507050421140601
-0.03366505793697394	-0.24519261299527906	0.9688896977502897
0.24519261299527906	-0.941838589777388	-0.22982744252740794
0.9688896977502897	0.22982744252740794	0.09182646815958606
0.4371697398709685	0.30778265530315596	-0.8450754141706457
0.31740354877068866	0.826363396715426	0.4651650500593488
0.8415091239962421	-0.471586019368134	0.2635697641376854
0.1553407337184951	-0.4117642684199206	0.8979529184207865
-0.9619303320212405	-0.2699510525030333	0.04262001396071219
0.22485393655728203	-0.8703887731956983	-0.4380229339995587
0.03389922589348471	-0.6006717013462158	-0.7987767833917465
0.9983837898429814	0.05683022666834625	-0.00036539785150824233
0.045614149806699256	-0.7974734055369288	0.6016273903328746
-0.9959878956738173	0.012933071177810139	-0.08854855922685463
0.08848647423696018	-0.0052974352572523475	-0.9960632916922535
-0.013351237708686986	-0.9999023316552499	0.0041317795247585165
-0.5621030127287967	-0.13684040067718217	0.8156683810371212
0.3363626019177193	0.863150796143786	0.3766044385658385
-0.7555795147516586	0.48605082847255465	-0.43915166973244135
-0.8330023769881167	0.5449937196188986	0.0953356465762179
0.003830040497041831	-0.1666288603187447	0.9860122482498216
0.5532561529002089	0.8217156859186966	0.13671488870356097
-0.9291196779540178	-0.013141784485990654	0.3695455554314604
0.2697414939289814	0.6594971184265344	0.7016431266962281
-0.25293507169149976	0.7515922061115466	-0.6092068657039205
-0.5775645736049873	0.1691410361738995	-0.7986303733258017
0.5263153548453388	-0.6706773971267832	-0.5226700452840862
-0.6240282930849489	-0.7222071301678372	0.2983379804252586
0.3014107999969795	-0.10414182658067828	0.947790066207502
0.7195578757582681	-0.6273547094186256	-0.29776254298437316
0.6256100966891677	0.7717386529951134	-0.11415541333576185
0.6249512938995773	-0.6403656996369722	0.4465060480908353
0.6403656996369722	0.0933732675290162	-0.7623734017129703
0.4465060480908353	0.7623734017129703	0.46842197362943894
0.9480021312449188	-0.11761374069209246	0.29573462285553404
-0.23379130172451273	0.37313971199598717	0.8978353872339347
-0.2159481104178723	-0.9202900430472803	0.3262401726872174
0.9999996557810155	0.0001977123323590709	0.000805821124269807
-0.00019722343421207448	0.9999997964833022	-0.0006067423433813627
-0.0008059409207156037	0.0006065832077196402	0.9999994912578928
0.8970886712426565	-0.4038402968011441	-0.17929007392393212
-0.2763205021618883	-0.8293861393868955	0.4855570119748077
-0.34478819007194406	-0.38604617142573183	-0.8556222633349648
0.8658854224927033	-0.500242159970466	0.00046529852308072023
0.5002421490758963	0.8658855411782663	0.00014787274831312616
-0.00047686744648412475	0.00010472107599947157	0.9999998808154602
