-0.16538568160494127	-0.7015834366596313	0.6931293225112684
0.8555348448923191	0.24756512234941075	0.4547214964912002
-0.490619715762773	0.6682007120626124	0.5592853501602499
0.7873227103082203	0.21346200322001643	0.5784089582762493
0.26172276951806345	0.7337124967774826	-0.627030433063936
-0.5582330532570718	0.6450580944797533	0.5218006448802425
0.9523010115712354	-0.05570642174231054	0.3000326281207922
0.16367633881321303	0.9230480447692087	-0.34812693541356887
-0.257551624869858	0.38062987484485333	0.8881374099217346
-0.6125631448415194	0.3176651486953225	0.7237784515210758
0.7406862550140886	-0.08899165591111635	0.6659311952532349
0.2759533750746169	0.9440176579294351	-0.18077720072606418
0.5704281365687418	-0.5454558264004091	0.6140762839066167
0.7107362211380465	0.702526820996267	-0.036195161876816484
-0.411662197648901	0.4570929962564793	0.7884162782440196
0.22904357058894187	0.8028100238221672	0.5504862472601109
0.9502679885415208	-0.06181250362599755	-0.3052375539620543
-0.21102083481286954	0.5930221581409396	-0.7770424230560016
0.9469072868088708	0.10989627198741611	0.3021413569697647
0.19733211536741233	-0.9405884582957571	-0.2763211688695475
0.2538240068096104	0.32127272141294316	-0.9123361288708434
-0.9961178476672579	-0.07057442300309884	0.05261638885869285
0.08285276896378056	-0.5496816621637033	0.8312553692794908
-0.029743103970229876	0.8323877228183558	0.5533950005804968
-0.9871203885481077	0.04021029940275729	0.15484337355719952
0.0478556927163824	0.9977960144713185	0.045966794317066996
-0.15265376244059298	0.05278489677069546	-0.9868690812289331
-0.878385454271067	0.244431842578866	0.4107213995624185
0.4756032513132349	0.3619055617755158	0.8017642494500663
0.047334353965078124	0.899598487487306	-0.43414516033840567
0.886091716456732	-0.02587432358822414	0.46278719667425366
0.45778228195640236	0.20532976212537346	-0.8650289423552987
-0.07264194624011272	0.9783507592701043	0.19378580825762026
0.2133983172884547	-0.35421410650516605	0.9104908154018924
0.660551428123648	0.7389664204514124	0.13266665085482282
-0.7198145379069979	0.5731151683544706	0.3916708245705335
-0.46849490099501345	0.7842814041929798	0.40671268332664623
0.8462222426150172	0.26610784297189205	0.4616216329554518
0.2538118276307939	0.5604367002132665	-0.7883465362445514
-0.831813036281096	-0.5217070185084194	0.18949633113039346
0.5446079223929994	-0.8330478419347467	0.09712622670855856
0.10718807554763152	0.18399206473899163	0.9770658302148725
0.00010972989970736702	0.4929990487081346	0.870029841977977
0.5628361543227778	0.7191088046858738	-0.40755121200948496
-0.826568479526346	0.48972897095855805	-0.27739878092265746
0.7207555192732815	-0.6846851896933263	0.10824819837630684
0.6895091588472425	0.6920635568876874	-0.21360045199795535
0.07133443279980939	0.22859182890597074	0.9709053375353093
-0.18155060791531752	0.9286002880067222	0.32363696000211617
0.9641881458027158	0.23279576458415208	-0.12707222940202503
-0.19334062237176	0.28897687988057574	-0.9376096024654332
0.07971631721316408	0.8678909376101037	0.49031686610214154
0.9255154149470873	-0.24712982694730856	0.28696352612886905
0.3702249660210546	0.43092014230858194	-0.822946720928798
0.9348895091075198	-0.014731645300632357	0.3546330277729882
0.03402668199640137	-0.990816656289937	-0.13086076008775527
0.3533041050893925	0.1344073370213309	-0.9258028284045248
0.8144489164785478	-0.14071112835385963	0.5629150387085986
0.5668497467835047	-0.014227825858094567	-0.8236983267816127
0.12391257812827536	0.9899484569050732	0.06817423012303592
0.192731035761892	-0.6848324116620896	0.7027512474490774
0.9802485175934157	0.10199791184020313	-0.16943810001339465
0.04435754287671162	0.7215268490619904	0.6909641195261997
-0.4796472594583516	-0.38186700547625874	0.7900101876701892
0.8425951708236221	0.05082987361164437	0.5361433596094755
-0.24489157723123844	0.9228184621458434	0.29737888513473365
-0.261282252814552	-0.17132174151359147	0.949937074362772
0.8816041049930168	-0.44310769032768005	0.16257237413512315
0.3930722407186931	0.8799457004027117	0.26681412616120403
0.1511385758302165	0.6323364757244274	0.7598076811696659
0.7593119091219045	-0.566412637259492	0.3203469197891491
0.6329317147699762	0.5285142437258977	-0.5657474159173683
-0.17124223337203492	-0.44041456421058095	0.8813121519308363
0.9194995087269449	-0.3926978825791414	-0.01757914869286331
0.3538315290652664	0.8073557980525456	0.47220743788114206
0.940585521290565	0.02231469937671554	0.33882286128637024
0.16756223153129074	0.8373779705566164	-0.5203085940004609
-0.29533332982040855	0.5461686448508457	0.7838864941297181
-0.07410328686665091	0.020949082918916784	0.9970305104661619
0.8541069725027475	0.5174298086146503	0.05260867494242094
-0.51479120271985	0.855469186518055	-0.05623600732971279
0.9224188891226919	0.08036504699456998	0.377736485147013
0.13162025862005916	0.8541281872921791	-0.503131341891722
-0.36306955326830664	0.5138156273358536	0.7772863054209919
-0.9589650001917798	-0.2368977187914595	0.15577419310843044
0.25151994028693553	-0.9643923648107924	0.08176237724469772
0.13085812181609663	0.1175875738590199	0.9844030243902714
0.1969339471385544	-0.1293228529115726	0.971850101702542
0.25739073191237316	-0.9496722871749581	-0.17852887188770794
0.9460269719146714	0.28530360440537117	-0.15373620823755796
-0.33600773639089065	-0.24145918988448895	0.9103824804475291
0.8525513261237878	-0.4887983504347062	0.18502002307015553
0.40031866982447933	0.8383159501241977	0.37009637982196364
0.6285473318825289	0.18734394608846996	0.7548711793725832
0.5059044044853669	-0.8356608800601382	-0.2138495430423506
0.5907528968237571	0.5163072141672207	-0.620030544000232
-0.3373566275375599	0.0978498036107604	0.9362776948052431
0.805444496921375	0.5448319528751353	0.23327517121489738
-0.4872880752035263	0.8328166419204183	-0.26261525603978275
0.7508169427735053	-0.29351988944651636	0.5917093821662386
0.490575550964572	-0.35204249269332655	-0.7971208892847281
0.4422776811461929	0.8887700252807664	-0.12032578660608251
-0.9929484761028573	0.03709348487534049	0.11259394826018357
0.09840431937816853	-0.27172499727692734	0.9573307243489961
0.06610532302873509	0.9616598147134241	0.2661587628326554
0.7319422747101754	0.26340896528089175	0.6283917754886231
0.613494648606837	-0.6560346083744357	-0.43959402719529084
0.2964537444912235	0.7072724437051471	-0.6417794541370747
-0.5065334218982915	-0.39259234870311904	0.7676556130451831
0.8510929603468813	-0.08508656381328183	0.5180743667722136
-0.1380748541479916	0.915768270032445	0.37723177259318164
0.3768348430467128	-0.4406217222476474	0.8147686781838612
0.872324200850322	-0.1270126592772649	-0.4721422169157976
0.3115220532752155	0.8886620742818017	0.3365021962132779
0.7296991570758228	0.5683523466298429	0.38015095717778297
0.6616497539756144	-0.7271739732530023	-0.18285955180807675
0.17250722659309864	0.38495924810789073	-0.9066684256492914
0.6073903933006397	0.7434946293476681	0.2798082312178611
0.791480186266587	-0.5361851014033934	-0.29336777563400085
-0.06808836077849828	0.39965143958730653	-0.9141349473476499
0.4752739820346974	0.8056089085409988	0.35370740518154714
0.8449883685801762	-0.30591617241023883	-0.438645588627176
-0.2451719783439668	0.5073554788678746	-0.8261241547719422
0.6385622369816386	-0.03214665931876287	0.7688984730090502
0.6994379285497594	-0.3924759193421057	-0.5972848875056114
0.3209748488698565	0.9192003291074327	-0.22813570821280993
-0.17460665526695807	-0.3414301072403956	0.9235464242832072
0.5770592689515668	0.7245093818388056	0.3769466218772032
-0.797818974488304	0.5987584132998581	0.07052124820979244
0.8929104344130723	0.32269161186625034	0.3139762407371293
0.4408830215047412	-0.4852825679825421	-0.7550648916226466
-0.09128591055090841	0.8126321140857222	-0.5755831214442106
-0.23521121565889147	0.6309124160329714	0.7393410629227253
0.7952792650075228	0.5622328794112676	-0.22677098570586454
-0.5587544851518964	0.5346435378870241	-0.6339950415565452
0.11341371766509867	-0.048340410754299123	0.9923711671211972
0.877196124144997	-0.4641468313272168	-0.12286040352326494
0.46654505509154903	0.8844381966293688	-0.010236596730047065
0.0283699187003712	-0.70955388822924	0.7040798444861929
0.970083549371541	0.1894395037876604	0.15182418003532333
-0.24110797363763734	0.6787090349357758	0.6937009376848933
0.12587762805531466	-0.5150659834293354	0.8478572140809676
0.9895992799380535	0.005208701627638868	-0.14375720703130096
0.06962821196364255	0.8571347047817666	0.5103645853283906
-0.379658502922432	0.3259082172192619	0.8658194125264577
0.5431989352232077	0.8361085319062532	-0.07653391173815288
-0.748862028634829	0.4412554326266504	-0.4944687100781975
-0.103882113607493	0.9552764107877215	0.27686727048347337
0.994502400615007	0.09608074071021677	0.041634918464726486
0.01317124304795525	0.2796702884775301	-0.9600057542012275
0.46754545524065516	-0.12935168610775888	0.8744537658360723
0.2386635106429768	0.9709701442385922	0.016022099889130892
-0.8511409847794771	0.20120914566283365	0.48484420562718333
-0.8099208623512206	0.35316740793804957	0.4682958239175037
0.3998874166536449	-0.2516020799933092	0.8813548929603298
0.42909002637014126	0.9010933221999592	0.06255057119093155
-0.7056538673511012	0.12867516873837548	0.6967749424617571
0.32742833592910964	-0.812860725360891	0.4817137386420075
0.6283655817461109	0.5680670225562444	0.5314664180933305
0.06964237259017003	-0.2967616838328382	0.9524087583326343
0.6716277066613838	-0.6919801976230753	-0.26472557440168
0.7376084080220221	0.658100227249792	0.15112222638973427
-0.8971374068174782	-0.4240015197291513	0.12396444875923221
0.4417110429759615	-0.8572080242768443	0.2647371481837731
-0.005985632957211752	0.2922620645632253	0.9563195375058186
0.4830250066720321	0.5485123511613929	0.682510837681633
0.8711675433142697	-0.22266209656223768	-0.43759422097451073
-0.08805654095672555	0.8059502412543282	-0.585397518116388
-0.5964330248289846	0.16844562545707079	0.7847889640901708
0.45249120317152913	-0.7370003465938111	0.5020778825769797
0.6629625614962953	0.6545659328020194	0.36335118228690666
-0.3439739144814835	-0.8966843587571988	0.2786379495267579
0.9383444384599079	-0.3391675865214443	0.0668959121664297
0.034520442749841576	0.28446881905300214	0.9580635834948249
0.6469927150798536	-0.36538471984894905	0.6692491562448954
0.5362344616747171	-0.40595344440661774	-0.7400367579295166
0.5420821236178388	0.8376728522969505	-0.06671704264028766
0.7566792952397413	0.4990032678948032	0.4224123373977087
0.5719472710849399	-0.8182414166265874	-0.05794224033816814
0.31672190207495715	0.28544127723092716	-0.9045498958038736
-0.6881585975491094	0.38156173752229566	0.617129147811226
0.6285688836586274	-0.11132468058519662	0.7697453955619032
0.36240709584028585	0.9176150913926661	-0.16322879933712442
-0.8976187180748052	0.10088633917936041	0.42907176967114735
0.18717272192793954	-0.7940806022006199	0.5782753404519224
0.39905765138364324	0.5993813008225127	0.6938984414858438
0.574769062259479	-0.15782307602775023	0.8029523035289818
0.3670540427149479	-0.8272564639501105	-0.4253446515231776
0.7313766846133205	0.5392018356106544	-0.4175518239430034
-0.4447705540856959	-0.41980263129073125	0.7911667997203125
0.4705711582033043	-0.861133118369632	-0.19238642757272048
0.7620642619133267	0.2867324592863026	0.5805536646220789
0.7853530956040011	0.12598139476968997	0.6060933949459407
0.18841507403411742	0.883977319888083	-0.42788299545576686
-0.5896781114319326	0.45023636691782826	0.6704975307953819
-0.6352082132648296	-0.03615540258637839	0.7714942077972585
0.5181554460526776	-0.7606937933002265	0.3909729997844644
0.5727350692308385	0.6481031859961259	0.5019330640382416
-0.5878725064860293	0.36934732935741194	0.7197141560469554
0.5284561281863585	0.8489510958127735	-0.00401963935872704
-0.612486764510154	0.37797432084050187	-0.694258868207706
0.5814209322627539	0.060380429336399505	0.8113592935807551
0.514496330338385	-0.7998182645311513	-0.3091670580620001
0.6302723424005255	0.5971975782565841	-0.49609659032231357
0.9201403246619259	0.3612225950096248	0.15119530345072968
0.3783301480911491	-0.9196690284427493	-0.10523866764882311
0.10103505320617584	0.1540360833625774	-0.9828859562766898
0.6831919178524564	0.3043894135137846	0.6637739738207703
0.7294614356423863	-0.2425426505253485	-0.639577263969481
-0.033687049316188156	0.9211515334714873	-0.38774351714954025
0.2275342924655238	-0.17988856138550968	0.9570100580635844
0.7908316587747117	0.6075654509034292	-0.07382079888588844
-0.5681667301346071	0.773630614926248	0.2805035443929078
-0.28866952036479665	-0.2549290225275088	0.9228657006767166
0.30486080684462624	0.8892558537418874	0.3410042742192983
-0.9075956128488071	0.3797831223987656	-0.17898319328541024
-0.17413917474864804	0.026169585373451466	0.9843732526939369
0.08954034166246438	-0.9950847774349383	0.042294360525116634
0.9806416649484301	0.09550622240797212	0.17094000833195844
0.5610404920695697	-0.34261601708972556	0.7535567869058761
0.8238566374955806	0.14248890827566374	-0.5485956178032095
0.08058416167467769	0.9286071159817711	0.36220852700510386
0.19445227011152388	0.3425509635569295	0.9191556734387785
0.8898733643532386	0.33263011262146724	-0.31222204213040167
-0.41269081654808293	0.8786444363584449	-0.24014629789615238
-0.4720146742793314	-0.15883316766315805	0.8671644435256001
0.614077509624052	-0.7649970856647488	0.19413467258159522
0.6325432470897929	0.6241405961596538	0.4586257262589759
0.178378232563579	0.4748578876680389	0.8617953310774791
0.7965162818181526	0.4445397932915256	-0.40981237777660257
-0.5777049583879983	0.7595356204285457	-0.2989358164458473
0.2427409993950177	0.3511146649017928	0.904320352144974
0.5355830191103349	0.7287458767818569	-0.42670865554157816
-0.8088433945167425	0.5879183099413934	-0.011154549846989381
0.27659225706310064	0.24961711829777722	0.9280021646448101
0.7716332731545575	-0.6332646592435327	-0.05964866397461388
0.5727816469594008	0.7325757063989263	-0.3677689754459861
0.948976215692934	0.25266409066490225	0.18869287039418306
0.30468978268595004	-0.8888933390569878	-0.3421005233946715
0.08129131796143094	0.3821380497524392	-0.9205228039301885
0.7421169628559755	-0.015865208518965612	0.6700826132650155
0.5810969934127856	-0.48301090928017976	-0.6550013326421216
0.33404894504854177	0.8754705915534706	-0.34923136405107225
0.6095380885324485	0.020085012566710803	0.7925023097117158
0.35340193324510105	-0.9017352687079798	-0.24895899009028222
0.7096269387550295	0.43182183529592755	-0.5567400743208837
-0.7473512380375564	-0.20201822400290287	0.6329729569060945
0.5268389373837767	0.4003032426942328	0.7497986716077956
-0.4048541231852092	0.8938377655140752	-0.19273605755213596
-0.7720967086758843	-0.3834709254410393	0.5067708770176715
0.42147371704987674	-0.9058073057277949	-0.043278525001598234
0.4756328187667747	0.18017539851918304	0.8609937557731915
0.0340132442561033	-0.9155550807488442	0.4007517851864819
0.9763978051822955	-0.055132062172113416	-0.20882476327257332
0.21328484533686579	0.39839597115888065	0.892070751069668
-0.6275510985077277	-0.5638689468455167	0.5368718930481203
0.6381513516086201	0.022512705460305926	0.7695817244016057
-0.4460296752479992	0.8255573807290355	0.3457058575175995
0.993926325668155	0.0072726470962341735	0.10980695673778745
0.10979901440650497	-0.13255709668020788	-0.985075018744803
0.00739158840580309	0.9911486895132977	-0.13255051752789004
-0.46256487323965834	0.8613381387615341	0.2100722465238925
0.8860053726802289	0.4405286005874496	0.14466869615169659
0.03206583269692817	0.2530437961683305	-0.9669232749262853
0.10696083773327991	0.031565351770672434	0.9937620478560191
0.9849762510458724	0.13292665899201306	-0.11023741744453003
-0.1355771517144887	0.9906231028483108	-0.016873175047149358
0.36073440616429897	0.32647209127969046	0.8736627849603966
0.8482928117178569	0.2744882989989239	-0.4528305194004596
-0.3876467384063785	0.904473408856304	-0.17792655472063212
0.417338524425261	0.22982989750157765	0.8792080380916453
0.44553555154506197	0.7914877089552077	-0.418384128382368
-0.7920395371065657	0.5663262529560595	0.22792092241118644
-0.44157130100632846	-0.19416700757373256	0.8759645879243295
0.8866562097169703	-0.24385163921330366	0.3929085692922984
0.13731551950859167	0.9501765894942091	0.27983726856735625
-0.7775888359855061	-0.6128155131276899	0.1407577671773454
0.6202935572473908	-0.7842748291345785	0.012202263040343782
0.10291503771599	0.09679947962656549	0.9899688660538484
-0.6037191054665834	-0.7435636407931423	0.2874653958045659
0.7548164843908087	-0.6491740610570258	-0.0939420744002897
0.2564669892725549	0.16026899432259664	0.9531728766977661
0.033021253605787226	-0.7290783005691355	0.6836332558101043
0.8462009602569565	-0.3435856390862142	-0.4072994518458408
0.5318397612726101	0.5919406560229994	0.6056011295205402
0.9918264708870866	-0.07713187281038736	0.10164116215603447
0.11672346189856825	0.22674135799097095	-0.9669353597934166
0.0515352800524122	0.9708959937980858	0.23389118011747867
-0.7582778915391939	0.003983143902113628	0.6519193000422137
0.1193393647376014	0.9839323849980587	0.13279750666355822
-0.6409155601379175	0.17849704848172449	-0.7465695201763951
0.7227072178571199	0.3899475222627287	0.5706445541126106
0.5739468670903403	-0.7986004487172145	-0.18116930497699504
0.38507047538652567	0.45845201841612915	-0.8009634672041994
0.06770272944714983	0.8747611133876222	0.479801349446053
0.915200573420245	0.13703772028554684	-0.3789836060177206
-0.3972710042737333	0.46477269468395804	-0.791304044877537
-0.38513041994470854	0.8494234614084349	0.36076909906770843
0.9155023211914687	0.4009284567764234	0.033344751309745735
-0.11631878406450936	0.3431270256855161	-0.932058895520002
-0.968593394452224	0.16079389349430329	0.18966328068042515
0.24044468721145112	0.4113533461147284	0.8791898412925413
0.06334973255907644	0.8971810009441569	-0.4370961712592947
0.5901204886828826	-0.73708436763738	0.3293394052057538
0.8028859171592855	0.4931540915650361	-0.33492274631615704
0.08445124548500636	0.46206674513241885	0.8828149920446319
-0.6489439121419014	-0.18944519347446354	0.7368733388876183
0.3654812664341466	0.7718234913348224	0.5202998578794901
-0.6673044603325051	0.6069588263573965	-0.4316314867189317
-0.8019723324326336	0.4292752351382299	0.41540721046893114
0.46261734214403044	0.006367000437233372	0.8865351973007192
0.37792270738889777	0.9031512795774856	-0.20369632651914915
-0.9728818994546926	-0.14173568462734845	0.18278896415441753
0.1957064751973678	-0.08319118038859807	0.9771275265140029
-0.12328740924867461	0.9864026678840483	0.10867378484244206
-0.5889456785772547	0.5070447985895059	0.6293238910994113
0.674676386052673	0.7371625757316975	0.03745812386537506
-0.4449210736614765	0.4466507686816811	-0.776239865665235
0.9305634505326835	-0.3599381847541759	0.06705346887801306
0.36574892844311907	0.9055098569596933	-0.21512698643253936
0.016714839975783585	0.2247140451878889	0.9742813823633701
0.9981331895653092	0.009910608678770052	0.06026537748823101
0.05154859450756352	0.3924943901317175	-0.91830871504055
-0.03275482090437202	0.9197010022560308	0.39125079956055697
-0.8499937581914381	0.40333507708545824	0.33886786012849185
0.5177906355101021	0.5212587491581577	0.6783672856234427
0.09697148453870509	0.7520705631910748	-0.6519098090747062
-0.338163640887569	0.4190019222049165	0.8426640737389057
0.7831905270795908	-0.37116091016242514	0.4988508565294767
0.5217834323495292	0.8286597419664992	-0.20264521156336057
0.4294038516201193	0.27546597620814983	0.8600760595235153
0.3675777021636749	0.8165861051615338	-0.44505478958122563
-0.8249236116670919	0.5072530224738019	0.24939006817696907
0.1797247207551197	0.39812942326601336	0.8995509919283986
0.9518278714125956	-0.30132487403811337	-0.05680689648346021
0.24844059239919253	0.8664273094817514	-0.4331062103370853
0.04787652560896749	-0.5923693311235309	0.804242758027621
0.9979575487114681	0.06245844155699998	-0.013404254849427644
-0.042291479820543765	0.8032418805207628	0.5941497387965907
-0.9972276125796604	0.03591476463056267	0.06517068658685296
0.06466792310276546	-0.014988245512275622	0.9977942734943104
0.036812340733038754	0.9992424541511411	0.012624159051581318
-0.599493548908367	-0.12665035862722585	0.7902956228379648
0.32772651825864446	0.8619891582499001	0.3867428348265745
-0.7302073774259735	0.49085066743279854	-0.4752502585306593
-0.8219355131745796	-0.008872944446451592	0.5695114424129611
0.5623947423660125	-0.1709672944110998	0.8090008269469291
0.09018961105087328	0.9852367507856163	0.14551418817384643
-0.9395292114085132	-0.027300573139259862	0.34137887986277915
0.2415340067551997	0.6538571480836117	0.7170300924513175
-0.2427883532850722	0.7561253259918186	-0.6077238738957764
-0.5844497319694746	0.17700352518831913	0.7918890470714428
0.528248698773572	-0.6577919467985249	0.5369013568347867
0.6159316707597018	0.7321062127846716	0.29094444513901174
0.2945813608921575	-0.10869789242154582	0.9494243466427637
0.7409959438682476	-0.6013863820111904	-0.2987631682491932
0.6034457995427007	0.791529650559349	-0.09661252144347476
-0.22968093019374325	0.23251585630256322	0.9450836189847027
0.8242325225854593	0.5628656110286524	0.06183083885693397
-0.517578418230269	0.7931700199132766	-0.3209266278965104
0.9507376921326187	0.1378577839094489	0.27765639227995037
0.20653715623721755	0.38623253343129305	-0.8989809971365849
-0.23117145985563434	0.9120414801613032	0.33873307280717957
0.9984786132966392	-0.021949383802272203	0.050583429499400576
0.02554926842784934	0.9971021060290651	-0.07165629794515421
-0.04886403249857689	0.07283965062452977	0.9961459188416496
0.8896764378828713	0.2234343800034822	0.3981870335765655
0.39784086793255374	-0.8072800979767516	-0.4359145411813173
0.2240501722354119	0.5462379712571304	-0.8071094096082492
0.8505372091436991	-0.5252198228596828	0.027029493840817584
0.5256622087223725	0.8505979956249746	-0.012739394015913917
-0.016300251015379026	0.025043712065489297	0.9995534574512843
