-0.16589766284078267	-0.7014532967440873	0.6931386859430207
0.8555552605774855	0.2471649632060411	0.4549007331952182
-0.49041121679887867	0.6684854175299622	0.5591279683468137
0.7874262963668245	0.21322356459595043	0.5783558932794084
0.26200687503017944	0.7335127198805614	-0.6271455072073314
-0.557953604905413	0.6453640842767884	0.5217211645109259
0.952355729967652	-0.05532177194143037	0.299930100435153
0.16337198489632085	0.9229574506510719	-0.34850988341610983
-0.2575425365814683	0.38090556025993444	0.8880218443339378
-0.6126373652672572	0.3163229707178171	0.7243032768631164
0.7409038752058684	-0.08924636490487448	0.665654966222136
0.2752033909371762	0.9444442093355865	-0.17968925696646076
0.5699149221052142	-0.5457988539759004	0.6142479894638657
0.7114119215994674	0.7018296204355465	-0.03644532460343647
-0.4112056168973872	0.45775407685556485	0.788270984975439
0.22914007193056918	0.8024204872472105	0.551013783023259
0.9503263075169295	-0.061911238945977054	-0.30503591220283033
-0.21065311931441277	0.5935388446749915	-0.7767476444669685
0.9469038111023128	0.10951875321119989	0.3022892906058363
0.1970941923489792	-0.9405482635486113	-0.2766276256594692
0.2540217547026613	0.3215192165808385	-0.9121942454910712
-0.9961127312405222	-0.07057702899881155	0.052709673099428485
0.08294800328100241	-0.5501288567744671	0.830949980260974
-0.029648868650296166	0.8320920164992086	0.5538445816887969
-0.9871552004919577	0.03944417700638175	0.15481849709247006
0.04704240066234354	0.9978458375788455	0.04572413986611308
-0.15268144183759033	0.05241985622702104	-0.9868842566337415
-0.8780507775709276	0.24512474947727814	0.41102395210108156
0.4761695071706922	0.36161799820724805	0.8015578730281445
0.04784801404353886	0.8995255863877829	-0.43423989566345167
0.8860471448597749	-0.02553727513159665	0.46289124496440237
0.45780563821449966	0.20550497833577686	-0.8649749716021998
-0.07303735143647994	0.9783228257881266	0.19377820784876487
0.2138585065485108	-0.35392594074373906	0.9104949025917168
0.6599781156960368	0.7395178131879073	0.13244731322334935
-0.7202037392149176	0.5725817255610196	0.3917355505623866
-0.4690844216313148	0.7838972254361292	0.40677382577588916
0.8458182478849303	0.26625779763124047	0.46227510937257704
0.25406947264022417	0.5609027769178005	-0.787931962746923
-0.8315115233971031	-0.5224902152702329	0.188659909373177
0.54522527489378	-0.8326539835510993	0.09703990567538898
0.1063860238698281	0.18355195074787986	0.9772362535752632
0.00012778405244096014	0.4926565137649221	0.8702238465568667
0.5619833573185569	0.7197690078219265	-0.40756261049807146
-0.827148529448127	0.48910339890868954	-0.27677278660982596
0.7202645045724827	-0.6851116300274104	0.10881680869305506
0.6900413912150231	0.6915081940208319	-0.2136803594439205
0.07114718450502246	0.22899448028988012	0.970824189095933
-0.1806803542152402	0.9287951511376216	0.3235647954025565
0.964227230891308	0.23214903112223684	-0.1279557523391854
-0.19395993609077006	0.2888708960283981	-0.9375143458205932
0.07887485594568455	0.8678156340369556	0.49058616207612754
0.9256138096639654	-0.24648561275984826	0.28720013590136584
0.37015919880358	0.4314404571009066	-0.822703652306013
0.9351243047002221	-0.014928665688152971	0.35400518315371804
0.033899852402035247	-0.9907589972299493	-0.13132939280688796
0.3526943928758243	0.13481003059370997	-0.9259767388467579
0.8145271286389661	-0.14074267012880706	0.5627939743069172
0.5667397462131702	-0.014146009054962327	-0.8237754247912767
0.1239016415282404	0.989945145567587	0.0682421570129248
0.19203801761073935	-0.6852103475649286	0.7025725438572781
0.9803865167306879	0.10161978417662432	-0.1688659150822472
0.04431340209017781	0.7212213245972736	0.6912858477803145
-0.47900651555081764	-0.3823674954071805	0.7901568556406406
0.8426917602185109	0.051761867306845843	0.5359023291167304
-0.24581162568050424	0.9225593788743078	0.297423666057964
-0.2605960340629476	-0.17143760655612955	0.9501046542823421
0.8819432148500508	-0.44263053132525565	0.16203202929877564
0.3927669446511765	0.8801632574681972	0.26654599489084774
0.15065436595563775	0.6323516383491957	0.7598912208307139
0.7595546771834759	-0.5660328501772316	0.3204426702063031
0.6327558410534119	0.5289028436275681	-0.5655809646862788
-0.17020477917367627	-0.4405603833606088	0.8814402315299623
0.91962630330195	-0.3923571556030778	-0.018529023780329223
0.3540025358971739	0.8074418933026795	0.47193197975784007
0.9405147193791457	0.0232194243598335	0.33895858296193765
0.16682737097141803	0.8375468765091537	-0.5202728687376704
-0.29597413894786767	0.5458718604051306	0.783851530005466
-0.07401781545450614	0.020886174577808836	0.9970381791620861
0.8544359345840998	0.516886937593366	0.05260349262879532
-0.5142573253603089	0.8557988440380468	-0.05610474005290733
0.922458059725183	0.07987246142523388	0.3777453083149084
0.13204988947545715	0.854102077816573	-0.5030630848700114
-0.36281393955796437	0.5139358234014119	0.7773261958065883
-0.958983167116294	-0.2363582045982901	0.15648030005938315
0.2510939002517499	-0.9644832549336007	0.0819994159067674
0.13154139441242838	0.11792730842243268	0.9842713098959425
0.19655788021934828	-0.12876226527843426	0.9720006578002108
0.2578362149964343	-0.9496614791910385	-0.17794257831390997
0.9459838719343946	0.2855929865753982	-0.1534638721620032
-0.33619754440875216	-0.24138581973197726	0.9103318610077573
0.8527297859610689	-0.48832844371927653	0.18543797666470474
0.3997788429473416	0.8386108853854874	0.37001170203745404
0.628347133721909	0.18747449648572592	0.7550054256168527
0.5063791553377227	-0.8353323015508112	-0.21400957227488257
0.5905590830585165	0.5167913110272339	-0.619811834562584
-0.33770348854404997	0.09794582800180396	0.9361426005701374
0.8052180360236114	0.545095105066295	0.23344215749312064
-0.48742206380862246	0.8326331372277984	-0.2629482658294924
0.750426073279246	-0.2940657492527584	0.5919341548340536
0.4904985381588023	-0.35251866376639773	-0.7969578255845359
0.4430258374031582	0.888400769254939	-0.1203003764768138
-0.9929106715646374	0.035750114411332606	0.11335928551573553
0.09949407157196988	-0.2718226285716592	0.9571903615887626
0.06503328390211548	0.9616831016067461	0.2663386642396033
0.7314786021355463	0.26386102605834383	0.628741929208849
0.6138136793881033	-0.6563620970143476	-0.43865882482741303
0.29693740352785813	0.7067999409524355	-0.6420763364708031
-0.5066279003801257	-0.3926171597286364	0.7675805732579764
0.8509888272911187	-0.08483594298823971	0.5182864831374465
-0.13836974518337414	0.9157808846355739	0.3770930720047422
0.37674637929070487	-0.4403798818700314	0.8149403201066208
0.8723177902448379	-0.12731724592524118	-0.4720720196245216
0.3116469773858032	0.8887383633748174	0.3361848939975497
0.729740242659636	0.5680567851101501	0.3805136884967168
0.6616006750517172	-0.7270971127936963	-0.1833421264690242
0.1725216653471902	0.38554024103508594	-0.9064187760237763
0.6072730445247994	0.7434331460453761	0.2802259922895366
0.7916476752057185	-0.5363849535508354	-0.2925493803542397
-0.06718190035241801	0.39949760820978997	-0.9142692455178043
0.475479382060359	0.8053877197109407	0.3539349914522587
0.8450332373945133	-0.30626245283015985	-0.43831739377419426
-0.24461844765685037	0.5074977151921625	-0.8262008739650955
0.6383765534564512	-0.0323784628632654	0.7690429189191426
0.6994075860105301	-0.39279538473993725	-0.5971103870792465
0.3214100257116843	0.9190557223964262	-0.22810562137395363
-0.17487565374503267	-0.34115855564066216	0.9235958778818931
0.5773497515985425	0.7243196613111347	0.376866412097476
-0.7975498542764263	0.5991426108626398	0.0703019330626884
0.8928617009105719	0.3229455584871035	0.3138537068452965
0.4409052258412226	-0.4850492054463287	-0.7552018605126615
-0.09165459548206506	0.8126705572058938	-0.5754702429993066
-0.2353437161759082	0.6309546204044556	0.7392628776333785
0.79514914755267	0.5623832795519701	-0.22685431454268865
-0.5588838594938812	0.5344355095524999	-0.6340563994839767
0.11312273393235761	-0.047852562752458305	0.9924280222291645
0.877138594108609	-0.4643842809668888	-0.12237289861745776
0.4667238303245741	0.8843400770229108	-0.01055908984100129
0.027599289675197536	-0.7101121274409079	0.7035474722225732
0.9700535855168066	0.18893418416039265	0.15264309772025164
-0.24131788254377667	0.6782659069398924	0.69406126462121
0.12530962062017836	-0.5153041390664928	0.8477966402628448
0.9897239279979293	0.005603284373569828	-0.1428815927703021
0.06887703048460003	0.8569890591280436	0.5107109820695594
-0.3797479448546359	0.32547307247324564	0.8659438650822039
0.5435642950512476	0.8359359702974669	-0.07582157152336577
-0.7485515049240906	0.4419030806157138	-0.4943605079476123
-0.1033980508069221	0.9551742282141581	0.27740049899885966
0.9945488044740683	0.09550848754655672	0.04184261375404874
0.013472884194945411	0.2802147793426614	-0.9598427781826631
0.4674644254642438	-0.12807213562213351	0.874685394300471
0.2386878752184954	0.9709864455293474	0.014608929528327444
-0.8511786587720961	0.20194764340162402	0.48447088681928663
-0.809188088416581	0.35225665631723935	0.4702444956029978
0.4003097325278452	-0.2553095350862946	0.8800961080117927
0.4300776157953405	0.9004067355224629	0.06558166677949762
-0.7055690194211879	0.12829891570709484	0.6969302311289182
0.32772454103077137	-0.8129059572963873	0.48143590414323534
0.6283064411886875	0.5680873989276897	0.5315145559064007
0.06985490807481465	-0.2959207031631891	0.9526548321702164
0.6716388918549541	-0.6921510678674623	-0.2642500675454614
0.7375781251946865	0.6582991999762231	0.15040170392969676
-0.8969759432544846	-0.42430771258093425	0.12408514120176964
0.4420393197208835	-0.8570619479804131	0.2646621566161631
-0.005949541446727831	0.292246098978849	0.9563246418388571
0.4831660789824318	0.5485922453348113	0.6823467509113331
0.8711178459728699	-0.2230868542542952	-0.437476803826798
-0.08777379192179158	0.8057783838112274	-0.5856764957160541
-0.5963633508353319	0.16796068414986748	0.7849458340295614
0.4529507483566985	-0.7369005970000697	0.5018098541320688
0.6627113801222686	0.6548028090355522	0.36338259167933207
-0.3441035839414659	-0.8967384740445183	0.2783034902529026
0.9383171171434019	-0.339147905097287	0.06737719305385943
0.0339663244160143	0.2843216622707995	0.9581270694272422
0.6470142104599536	-0.36564407706176777	0.6690867061693357
0.5360369349495036	-0.40593502877988463	-0.7401899464187665
0.5422518011337765	0.8375686009630032	-0.06664700179342553
0.756505454184319	0.49863399586432966	0.4231591142321629
0.5717240711937316	-0.8184132650593794	-0.057717536265071645
0.31753910657908246	0.2855938825381535	-0.90421515694537
-0.6879478193205328	0.38229726869342096	0.6169089043300254
0.6287053071883253	-0.11072734651217231	0.7697201383929136
0.36257059258212854	0.9173811928985262	-0.16417768517895648
-0.8993881275243616	0.10527262908455765	0.42428607051592965
0.1809899439314243	-0.7938073612849066	0.5806139107579099
0.3979241589347437	0.5989887701247157	0.6948876290455583
0.5748688076904485	-0.15819723512181158	0.8028072550396989
0.36670715670470755	-0.8272749102873609	-0.42560789939871524
0.7314722928218887	0.5390638715484948	-0.4175624830190521
-0.44494759266842854	-0.42001370771961016	0.7909551979133815
0.4706741385370236	-0.8610592312092837	-0.1924652063665234
0.7618972995693063	0.286645226154045	0.580815822126167
0.784792287529571	0.12566366746004584	0.606885251192179
0.18895963278800512	0.8840875697677526	-0.42741481743005993
-0.5902502203394129	0.45010866650470105	0.6700797457964496
-0.6354958399524595	-0.03641553390152094	0.7712450624112844
0.5180484252146907	-0.7607817735443967	0.39094363043183333
0.5725127653910415	0.6479853408321133	0.5023386621901527
-0.5877068683399689	0.36930486804609386	0.7198712046911473
0.5288480451997152	0.8487086968046044	-0.0036459644362130117
-0.6123074244156006	0.37855972105559166	-0.6940980878808456
0.5816354879414469	0.06080762705787551	0.8111735891032852
0.515089212194831	-0.799341191219908	-0.3094135800181483
0.6295897574195624	0.5977926835540301	-0.49624655650356675
0.9199066810111148	0.3618486591161292	0.15111997262762564
0.3789468480668473	-0.9194120070645382	-0.1052656050462816
0.1008512993040583	0.15410097066993875	-0.9828946567497792
0.6829445491055921	0.3045403264298681	0.6639592852163066
0.7296660054330604	-0.24177273455234594	-0.6396354159538401
-0.034267526352519506	0.9213040401545357	-0.38733009466423995
0.22765003888981283	-0.18029439514867995	0.9569061557286787
0.7908261154454994	0.6075921270017097	-0.073660452991547
-0.5681280796817285	0.773515182968964	0.2808998874931098
-0.2880998542000559	-0.2542005998819078	0.9232445662063681
0.3059141370494888	0.8891715216478633	0.3402800991002706
-0.9074221811060016	0.38046821169461925	-0.17840662859525525
-0.17329262942679247	0.030032315135094013	0.9844123752950156
0.08923315713931941	-0.9949450942047684	0.0460619494248142
0.9808196104551019	0.09582442050694079	0.16973677321432468
0.5609311082021491	-0.3437885248300993	0.7531040711921912
0.823820000584792	0.1420122258483143	-0.5487742107151907
0.08171229092114707	0.9282467225391919	0.362878937949926
0.1946815070760105	0.3418019066309891	0.919385973041809
0.8899627360816506	0.33252826244170186	-0.3120757649410881
-0.41238991159905436	0.8789746363240087	-0.23945385674572206
-0.47227752320054317	-0.15819536689499913	0.8671379169270116
0.6136990813822008	-0.7651693118335765	0.19465189888304127
0.6327142945992316	0.6240914597405475	0.45845661876420685
0.17814217922545283	0.4752168287555053	0.8616462903351741
0.7961469889694052	0.4450016803616428	-0.4100286287934833
-0.5782865517507357	0.759040493085102	-0.29906887822267336
0.24225143978530883	0.3509115464932141	0.9045304452917469
0.5356829726611909	0.7289367888923556	-0.42625685988634987
-0.8089239721523989	0.5878028958222665	-0.011391353744967692
0.2762667601722134	0.2498406646647539	0.9280389644318943
0.7717301338375986	-0.633181776413241	-0.05927426545453551
0.5728082382010151	0.7325711435062445	-0.367736647549578
0.9488988630140902	0.25326603197391323	0.18827444016317135
0.30507544496581557	-0.8888289563816811	-0.3419240546910415
0.08074602559554539	0.38188925534196616	-0.9206740335237455
0.7418358060161484	-0.015247600143264484	0.6704081947606566
0.5816517409950854	-0.4828798791876616	-0.6546054341915404
0.333707790004605	0.8755538435559405	-0.3493487912168325
0.6094324941590655	0.020074151732136614	0.7925837895738821
0.3541073634575374	-0.9013223066748215	-0.24945154767114763
0.7093659212340357	0.43268363491425754	-0.5564035063415522
-0.7475033380125748	-0.2019466318447824	0.6328161799026684
0.5267821115909876	0.4001155702204918	0.7499387557493419
-0.404647212479956	0.8939379667257	-0.19270585117874006
-0.7724386188120622	-0.3828907432066216	0.5066885225998264
0.42066206966508696	-0.9061749228990901	-0.04347910134667003
0.47579617832933396	0.17955970560097667	0.8610321183392006
0.03393211077994729	-0.9153253662005995	0.40128304953954375
0.9762185312008816	-0.05566522776126237	-0.20952031347408773
0.21411677000648632	0.39884941570475607	0.8916687458882722
-0.6273353813824281	-0.564018173678885	0.5369672420415408
0.6384087667864189	0.02239460315039077	0.7693716450714702
-0.44596475842381	0.8254586491821815	0.34602521979520673
0.9939779694968336	0.007160655264347872	0.10934587861980404
0.1093272354464945	-0.13255221450954635	-0.9851281470033437
0.007439875306650329	0.991150157869533	-0.132536835674544
-0.4620531440720992	0.8616285623730096	0.2100074107171188
0.8862739747549271	0.4400688394507566	0.14442249899709864
0.03202083267484668	0.2528549723606104	-0.9669741616130825
0.10708632519313044	0.030938747273109413	0.9937682390144101
0.9850222216603971	0.13255784141222404	-0.11027076455410612
-0.13514341194392931	0.9906922895618508	-0.016280221461978828
0.3611565121215218	0.3272389985212197	0.8732013579919846
0.8481583551412342	0.2738931795877042	-0.4534423125155543
-0.38754790459546173	0.9043766715380084	-0.17863218529005342
0.41799739118252044	0.2292317320444513	0.8790511896291978
0.44569190865741976	0.7914361885241064	-0.41831505118958046
-0.7916040067621647	0.5666406026030397	0.2286515339107762
-0.4415742401976923	-0.19392947043162928	0.8760157252537986
0.8866041287342319	-0.24409594220264852	0.39287439457365353
0.1376419605543467	0.9501623711231197	0.27972514938140003
-0.7776449117969804	-0.6127347904833156	0.1407993880939632
0.6202588007076812	-0.7842958362439021	0.012611954453924337
0.1027005905578741	0.0971396818084465	0.9899578126956813
-0.604108884382355	-0.7432852496178418	0.28736647944888927
0.754351512771957	-0.6496347407168632	-0.09449073410866074
0.256916817256026	0.15969264652536833	0.9531484709407856
0.03281814346487588	-0.7289524408267761	0.6837772360002956
0.8459463787149702	-0.3440784570913977	-0.4074122478579051
0.5322571688559457	0.59180939024173	0.6053626614048515
0.9918474353546985	-0.07725468670627048	0.10134287524154409
0.11646225797822779	0.22675552780952235	-0.9669635324428928
0.05172240759013339	0.9708829198156391	0.2339041439635886
-0.758277117841254	0.0030219671690857944	0.6519253640354782
0.11902008405609818	0.9838249096107973	0.1338759381688355
-0.6409758436553136	0.17910727216876346	-0.746371591706587
0.7224480946972713	0.38925122845822535	0.5714474880617159
0.574213489894706	-0.7981593150760968	-0.18226512496963845
0.38515921187377156	0.4598099486755566	-0.8001419827804042
0.06717482598708768	0.8745796254148485	0.48020622815914005
0.9150322560921008	0.1378653014213317	-0.3790898692592639
-0.3977480522448915	0.4648694843428949	-0.7910074901428978
-0.38477557825184383	0.8493358755038868	0.36135346264150514
0.9155737832909218	0.400805819609829	0.03285334560195788
-0.11692904571280759	0.34348692194745856	-0.931849951826877
-0.9687474642576235	0.16038916307524093	0.18921856902124312
0.23988904942235179	0.4117366233836568	0.8791622130937298
0.06309987687518598	0.8970776272612355	-0.4373444137126794
0.5902403370034266	-0.7369796891439734	0.32935889598329293
0.8027491268553698	0.4929667355853409	-0.3355259109804696
0.08491280178525919	0.4624334929431311	0.8825786541138373
-0.6489560319798167	-0.18962281176844745	0.7368169771483551
0.3655932516073246	0.7715883669883233	0.5205698476741387
-0.6672313264050146	0.6072022572300935	-0.4314021046291785
-0.8000813473005794	0.42938376104235426	0.4189265131915276
0.46753706360521124	0.00877068305658879	0.8839299572218022
0.3758708978587002	0.9030795429373002	-0.20777008271416575
-0.9729167796474627	-0.1416906932722663	0.18263813216422042
0.19551158261491924	-0.0828837515392471	0.9771926651352794
-0.12332137261569992	0.9864350111237967	0.10834116431613039
-0.5894347681645677	0.5065476330025519	0.629266358212716
0.6740498072783073	0.7377322644044626	0.03752283790894417
-0.4452229906315026	0.44627413274373867	-0.7762833806394189
0.9305891135735164	-0.3599416386483325	0.06667772090893787
0.3656781071369003	0.9056765493886285	-0.21454489005399474
0.016835191095756343	0.22403572182725745	0.9744355143805613
0.9981322613335282	0.010189575109231044	0.060234221538181094
0.05140941714335463	0.3925314475391566	-0.9183006776224197
-0.03300091989926788	0.9196821381607386	0.3912744612594776
-0.849854537739513	0.403298233185366	0.33926066643971786
0.5180523383275046	0.5210543982327481	0.678324471647392
0.09679379854600174	0.7522319118409369	-0.6517500374922625
-0.3382105368495587	0.4185467425250538	0.8428714356801991
0.7826532979041354	-0.37223873022239884	0.498890912928064
0.522558559439719	0.8284062723350679	-0.20168192757955095
0.42896250808906655	0.27480110515158274	0.8605088722734975
0.3683106008543219	0.8166193173560155	-0.44438743436254347
-0.8248263259330815	0.5075600881949488	0.24908691037320663
0.18041788483862042	0.3978859910196312	0.8995199414024595
0.9516514189344124	-0.3017711744856504	-0.05739107151526718
0.24861408582475314	0.8663838043268566	-0.4330936849339242
0.04792553314065362	-0.5923298841938475	0.8042688925751682
0.9979678991233839	0.06224478837534109	-0.013625661061714811
-0.04199066077646124	0.8032875541243076	0.5941093247850464
-0.9973104861270499	0.03218548154330628	0.06584746797602384
0.06546970995911118	-0.012654279358363496	0.9977743163119557
0.032947099096852984	0.9994018030760932	0.010513071356942238
-0.6001800760590241	-0.12656404690136303	0.7897882110627718
0.32748037805742997	0.8619708768999057	0.38699200167932474
-0.7297537107059796	0.49090503094626897	-0.47589050453071247
-0.8217603594739424	-0.009274822271114536	0.5697577461246983
0.5627001387046948	-0.17091781715086185	0.808798895697875
0.08988028426175684	0.9852416340432554	0.14567243064081115
-0.9397278137536498	-0.027637078566010817	0.34080467711890683
0.24088729863440445	0.6538634896290227	0.7172418324991761
-0.2426622043384701	0.7561076172202559	-0.6077962864045008
-0.5846162190522763	0.17731111391942783	0.7916973192462335
0.5281571851210847	-0.6575578412436527	0.5372780222789313
0.6158521447766447	0.7322420735655928	0.29077084013767207
0.2944422950575031	-0.10863973486011513	0.9494741401906606
0.7413385651386104	-0.6010124715900853	-0.2986656003482878
0.6030927513405351	0.791821581546437	-0.09642466633493019
-0.2292299836501699	0.23264345506515632	0.945161699081744
0.8244391375489684	0.5626023234170774	0.061471409315383196
-0.5174492468573664	0.7933193861875889	-0.32076569084877393
0.9507994491926753	0.1382836219457156	0.2772328395347122
0.20593201521470275	0.38644953111524183	-0.8990265652417736
-0.23145715051498525	0.9118850803705388	0.3389589763866703
0.9984407406266235	-0.02245193032761469	0.05110771254442364
0.026150400819188135	0.9969972780685488	-0.07288747533630645
-0.049317785777093705	0.07411031202517508	0.9960298276947211
0.8896899063181	0.22230004884666377	0.39879137262290587
0.39745882189915993	-0.8069328509852385	-0.43690486252199845
0.22467388697893295	0.5472129953533682	-0.8062751281207747
0.8501775441195283	-0.5257983224712102	0.02709737185316443
0.5262452008326426	0.8502348927447211	-0.012907972729448667
-0.016252140643590846	0.025233930447589828	0.9995494568447663
