-0.1677952227162245	-0.7009770528456427	0.6931637141523274
0.8556646391285208	0.2456268881948438	0.45552766890802154
-0.48957408895760696	0.6695510459849604	0.558586258550794
0.7877639173205171	0.21227221808201624	0.5782460687271246
0.2631220457909828	0.7328282183073433	-0.6274787577848772
-0.5569513440028685	0.6464544128421009	0.5214421276904782
0.9525592262661201	-0.05402559971477841	0.2995198741832489
0.16232517629683293	0.9226467760815947	-0.34981918719024213
-0.2574518549078503	0.38184311066418114	0.8876454141394575
-0.6128973857755695	0.31145149792844135	0.7261919573691259
0.7417338174481047	-0.09002553623510234	0.6646249670900453
0.27237426193260983	0.9459880375901759	-0.175837692696855
0.568026496877588	-0.5470939816074647	0.6148447561245575
0.7139408355544647	0.6992055404883472	-0.03741784972698195
-0.4094317796321728	0.46021710902495727	0.7877600081166487
0.22953013943688516	0.8009459715873809	0.5529931877410701
0.9505460421661985	-0.06232931443564382	-0.3042651447079635
-0.20923225566881262	0.5954835070427468	-0.7756424795147643
0.9468948516483049	0.10803638721241965	0.3028502583126237
0.19614226911360133	-0.9404053046817076	-0.27778782045559935
0.2547907969077815	0.32243759390708904	-0.9116554436005442
-0.9960640896377106	-0.07088260753755218	0.05321640050657784
0.08358572397365766	-0.5514046386259752	0.8300399696698691
-0.029491627320286325	0.8312211381157454	0.5551591334631596
-0.9872860248902129	0.03652427062558857	0.15470062285508293
0.0439517138506409	0.9980257089842857	0.04486570021748533
-0.15275651182870478	0.05109463632987958	-0.9869421392524711
-0.8767926084006521	0.247700479534826	0.41216403808702007
0.4782886540226795	0.36055166531489613	0.8007761610286791
0.049746208771673434	0.899248001986589	-0.4346013640521309
0.8859220303708636	-0.024275573037953607	0.46319850243415694
0.45781614598239095	0.20610858532045107	-0.864825778717906
-0.07447504670288399	0.9782279630080514	0.19370988567371028
0.21557337885446393	-0.3528855147384521	0.9104943337643829
0.6578485986000496	0.7415542889696641	0.13165279271875155
-0.7216393418108664	0.5705865841381775	0.3920046050141579
-0.47122358197884395	0.7825418738850707	0.4069109870763739
0.844337103348517	0.2668227784141768	0.4646509021064893
0.25503566749782763	0.5625245066090727	-0.7864623244429167
-0.8303555529333064	-0.5254057754572118	0.18562981126163253
0.5475441847283514	-0.8311666698304476	0.09673330725830154
0.10346507373499693	0.1819635625040627	0.9778467366810822
0.00014840253438797024	0.49144416094663207	0.8709090736972194
0.5587716214049929	0.7222229371215899	-0.4076374666390459
-0.8293215619342855	0.4866997696392764	-0.274497870927904
0.7184398325333868	-0.686549479957219	0.1117766460396406
0.6920737341306201	0.6893844136377989	-0.2139698033830194
0.06984377965072297	0.23108211052294886	0.9704240849444953
-0.17742581880947106	0.9295190606831556	0.32328686123394074
0.9643693271158038	0.2297192377585211	-0.13122832286460198
-0.19624443874413638	0.28848464019831	-0.937157794947922
0.07574977087711798	0.8675634385492531	0.49152380644752103
0.9259415207611982	-0.24411149890076067	0.28816987391964344
0.36999225984134243	0.4332934989092495	-0.8218043997573123
0.9359667317655546	-0.015548303156653906	0.3517449748000038
0.03346986986836265	-0.9905712243167508	-0.13284734610299245
0.35049400114567064	0.13611355488915197	-0.9266213117214261
0.8147636843315462	-0.1410971551086451	0.5623626334623696
0.5663579312038226	-0.013909262690137147	-0.8240420051028607
0.12409203220598267	0.9898980377956428	0.0685787307503255
0.18937541686924908	-0.686580103259874	0.7019577717307923
0.9809109634955784	0.1001276446618039	-0.16669773984267383
0.044165973098918176	0.7201265281755287	0.6924356650535017
-0.4766152509913848	-0.38416579613452684	0.7907303861637953
0.8430849079947298	0.05511460450835726	0.5349487996821805
-0.24908982402727275	0.9216176112956027	0.2976159238277578
-0.258072083690023	-0.17189596332601909	0.9507105644790691
0.8831959966233021	-0.4408555770254745	0.16003497040993442
0.3916166890831677	0.8809643227723563	0.26559034401457726
0.14881553363872413	0.6324084080998696	0.7602062498509273
0.7605255338225171	-0.5645461039925661	0.32076254281133004
0.6320244056615197	0.530421815003308	-0.564975971893318
-0.16635163493671268	-0.4410864820679018	0.8819126084203837
0.9200913896350692	-0.39108286582933705	-0.022046014926052626
0.3546251094794186	0.8077728067914115	0.4708971483615453
0.940261496751492	0.026618430784588407	0.33941092626668673
0.16403050559642163	0.8381790627702795	-0.5201440684726859
-0.29833255095685834	0.5447451861890125	0.7837412654463662
-0.07371583267462323	0.020675134596192135	0.9970649501524542
0.8556806055035542	0.5148254650143314	0.052587469399545894
-0.5122271736038195	0.8570456693678621	-0.05564209952576871
0.9223285234613222	0.07773181640364187	0.3785074101365094
0.13434589006700282	0.853936883244719	-0.502735498305421
-0.3622999815508718	0.5145382047553765	0.7771673945909929
-0.9590815730189599	-0.2343114619369371	0.15893607237015908
0.24944976333687804	-0.9648356365922357	0.08286742383367834
0.13393039933731513	0.1191231848408622	0.9838050187749181
0.19512362463956157	-0.12668313557889083	0.9725626736963636
0.2595235780062943	-0.9496081344110578	-0.17576092716858385
0.9458193715326041	0.28669805409219246	-0.1524137205550069
-0.336956817303802	-0.24109426056694616	0.9101283759965786
0.853367638371302	-0.48659962639870624	0.18704137876209603
0.3977735248267269	0.8396989705306995	0.3697051011774175
0.6276128640461616	0.18798818558158287	0.7554882758623849
0.508170688615524	-0.8340893203509769	-0.21461024418342817
0.5898005121359244	0.5186091473915504	-0.6190152729343692
-0.33902239727433736	0.0982549853042941	0.9356333534078477
0.8043555251603915	0.5460820762660836	0.23410799884855277
-0.48793032626627364	0.8319497123286816	-0.26416599490833725
0.7489462852182467	-0.2960634650066068	0.5928118475081873
0.49026542594418737	-0.35427299459996897	-0.7963230860780909
0.4457794005800998	0.8870383700750785	-0.12018176248081458
-0.9928551491341073	0.03210894155833464	0.1149246218609923
0.10197596498377448	-0.2718136665141053	0.9569316763812274
0.06196414611302749	0.9618140914793054	0.2665972581035323
0.7296907583389071	0.26557639825150203	0.6300956862941932
0.6150749443138641	-0.657504880197763	-0.43516680180526446
0.2987209568679233	0.7050932627730072	-0.6431246230086571
-0.5069287774849123	-0.39272340378418025	0.7673275328553122
0.8506339159461995	-0.08390842611209215	0.5190195729155362
-0.13944588771163707	0.9158207816748642	0.37659944271434365
0.37644246709137263	-0.43952034650993005	0.8155445628375877
0.8723083791279882	-0.12834313575028222	-0.4718115420471258
0.31204031898660634	0.8890162566059046	0.33508347440176955
0.7298432536157249	0.5670115322218391	0.38187268490827553
0.6614763540591752	-0.7267589531102789	-0.18512281624541144
0.172562621016817	0.38771038985497125	-0.9054848399759725
0.606879247676816	0.7431692850928825	0.2817747192949643
0.7922297606072687	-0.5371737973975368	-0.28951047959903004
-0.06379330017620778	0.39892822046584336	-0.9147604548561248
0.4762960648171243	0.804590167531155	0.35465013880148105
0.8451341030554135	-0.3075899946806602	-0.4371918835306455
-0.2426734565057403	0.5079597006501007	-0.8264904936071664
0.6376802527875657	-0.03328695369392115	0.7695816226486734
0.699263647188064	-0.39404100875448056	-0.5964579072667224
0.3231009856469536	0.9184898813452058	-0.22799581342743314
-0.17586912893168472	-0.34011096434015164	0.9237935816103199
0.5784273089901455	0.7236310053338242	0.37653687247596035
-0.7965499969890336	0.6005686472462336	0.0694651152852982
0.8926505893453203	0.32394811121974365	0.31342071817066125
0.44103696241807555	-0.4841486423867354	-0.7557026464530334
-0.09306622976402074	0.8128085342269986	-0.5750486619106847
-0.23586816946745603	0.6310699110605831	0.7389972760342621
0.7946253300599073	0.5630020108139484	-0.2271548384838726
-0.5594075361123186	0.5336473584432312	-0.6342583900645753
0.11195461252415917	-0.046017400652036355	0.992647250321984
0.8769352515606801	-0.46526424700070557	-0.12047300541230649
0.4673871300161915	0.8839748748126821	-0.011734197677346847
0.024740450463953012	-0.7121776706348218	0.7015631657662765
0.969920737273133	0.18709496825402516	0.15572166278834626
-0.24216042929922058	0.6766080388993205	0.6953847051657325
0.1231933519282219	-0.5162372429252987	0.8475390888080475
0.9901772932269776	0.007036789128253895	-0.1396402935275508
0.06612356628604743	0.8564167166839113	0.5120332815022516
-0.3802288117584225	0.3238483748897258	0.8663418960145363
0.5448980155411309	0.835310022468205	-0.07309800970959768
-0.7473367402771761	0.44427401054467563	-0.4940732741066185
-0.10153945493588679	0.9548023299700492	0.27936042986630766
0.994725875172078	0.09335127903176499	0.04249672888914044
0.01449732232057327	0.2822021427751723	-0.9592454212862498
0.4671605895193318	-0.12332033017504779	0.875530170676869
0.23871961913087247	0.971043050333512	0.009398821255861167
-0.8513365533336164	0.20461547000289504	0.48307202609293454
-0.8086257635295522	0.35337455571725795	0.4703730412426713
0.39872016703034086	-0.2587280033295376	0.8798193273032869
0.43260444167801415	0.8989917928795245	0.06831656735896585
-0.7052213419166085	0.12700710492666717	0.6975184973916351
0.3288251670875611	-0.8130185946351598	0.480494302013361
0.6281216987138523	0.5682164729006156	0.5315949318129439
0.07059711820687242	-0.29276492384635855	0.9535747198128319
0.6716673941972912	-0.692814402935302	-0.2624330670049446
0.7374814970377939	0.6590120654818369	0.1477299532128048
-0.8963457492264038	-0.4255166821380575	0.12449839784501787
0.4433172802846316	-0.8565075434447673	0.2643191575032879
-0.0058383940252801705	0.2921136443996238	0.95636579398825
0.48379099098425615	0.5488812376277679	0.6816712286892275
0.8708712899523594	-0.22469477593304843	-0.43714466027290166
-0.08677253816262848	0.8051345506489005	-0.5867102197611767
-0.5960852786343194	0.1661235444915744	0.7855477761161329
0.4546941912918694	-0.7365240235853701	0.5007849389578827
0.6617669778712738	0.6556945406568315	0.36349571710261985
-0.3446138078299881	-0.8969190969537075	0.2770874536543684
0.9382007601753055	-0.33911420196772357	0.06914399200417089
0.03194772385311441	0.2837916340266917	0.9583536150070419
0.6470926540817707	-0.366638250786505	0.6684665212960347
0.5353068444217146	-0.40582700789952186	-0.7407773093005671
0.5428790651228653	0.8371862592753979	-0.06634371056694421
0.7558695371071803	0.49727198159365577	0.4258894448038078
0.5708640147317869	-0.8190768647019953	-0.056809914577074905
0.3205862123636682	0.2860658421270656	-0.9029899304036832
-0.6871482824717461	0.3849965085227396	0.6161208698960208
0.629224714255538	-0.10856731266211783	0.7696034027935184
0.3631852101423815	0.9165101347211748	-0.16764747563625315
-0.89916514223243	0.10247135043217899	0.4254429096068462
0.18389572365708473	-0.79371125372549	0.5798317070755512
0.3970949632200976	0.5996015911003876	0.6948334492057164
0.5752127267961171	-0.15960652723260405	0.8022817930107374
0.36540696633752423	-0.8273496767522854	-0.4265797244711669
0.7318524905223615	0.5385334426408793	-0.4175807266548348
-0.4456509331055005	-0.4207502175254905	0.7901673875037175
0.4710415058285978	-0.8608060740777563	-0.19269873538134166
0.7612589215299382	0.28632526483545534	0.5818098461765511
0.7826921246129351	0.12446839375773859	0.6098365822285985
0.19100085628359087	0.8844929146053032	-0.42566531090981674
-0.5923780135756429	0.4496441959687508	0.6685120687495409
-0.6366106807073264	-0.037396456503257125	0.7702780966964823
0.5176633350149384	-0.761075074976916	0.3908828492401455
0.5716218267268728	0.6475849251564483	0.5038672959416504
-0.587058445296355	0.36920214322818173	0.7204527460159644
0.5303175746110317	0.8477958647663033	-0.002332754558181188
-0.6116581168143682	0.38069928962486	-0.6935001074363489
0.5824027581148603	0.06239170347067288	0.8105025001060955
0.5172760773522497	-0.797582715125734	-0.3103019051371284
0.6270825201991146	0.5999742393392317	-0.4967881087446009
0.9190132932989578	0.36422842216171686	0.15083840104360044
0.38129081800720527	-0.9184314746135769	-0.10536099156009605
0.10015926738550032	0.15434144915970088	-0.9829276871815562
0.6819795860298474	0.30520198636084117	0.6646469677655611
0.7304631006055958	-0.23896509640503316	-0.639780697859659
-0.03643491309468283	0.9218174603583564	-0.38590810679001386
0.22800433722648739	-0.18183835133715276	0.9565295793590998
0.7908354639764985	0.6076607674496546	-0.07299082558495346
-0.5679729668945404	0.77309973851081	0.28235350748933596
-0.2859772987297424	-0.25144458601009717	0.9246581015583276
0.30982114330766203	0.8888658782843157	0.3375326792791848
-0.9067678003605845	0.38300531404676713	-0.1762926136886187
-0.1755217440058361	0.03236412262666111	0.9839434338150522
0.09102828008903721	-0.9946443241633449	0.048954270842025346
0.9802581137665637	0.09815921747981197	0.17163565602336106
0.5604073268351168	-0.3481296661600675	0.7514980795509716
0.823745927606212	0.1401309039706491	-0.5493687072491025
0.08594343943373345	0.9269137313103353	0.36530078007944566
0.19544765588655422	0.3391204237868515	0.9202160354933386
0.8902594238286572	0.33224910730370993	-0.31152638568852437
-0.41138591625469934	0.8801180993858233	-0.23696784389610226
-0.47328260695409785	-0.15590823180918403	0.8670041506295497
0.6122685051335425	-0.7658400418875986	0.19651032508023347
0.6333489177193489	0.6238442541979011	0.4579164715622208
0.1771724617296193	0.47649441404738363	0.8611405182583775
0.7947913318992406	0.44677146714350613	-0.4107334840066853
-0.5804452235504204	0.7571976819352259	-0.2995580293188995
0.24042140559990477	0.35045091269249373	0.9051970534211676
0.5359293216159624	0.7295994562053265	-0.4248110117889439
-0.8093066847380049	0.5872553033373901	-0.012405593113172353
0.27499429663777986	0.2507207058403675	0.9281795432348208
0.7721188535074441	-0.6328428351582431	-0.05781368390983671
0.5728966860395011	0.7325633581143576	-0.36761435428064115
0.9485901989050362	0.2555470346617613	0.1867413923501818
0.30656497967249585	-0.8885485345771815	-0.34132010626264897
0.07870544949179928	0.38102127863982127	-0.9212102026377964
0.7407900186987428	-0.012912432970441146	0.6716125499654545
0.5837319764240847	-0.48236520251595016	-0.6531315266481772
0.33239604073506646	0.8758750370209958	-0.34979392737313453
0.6090000714168815	0.02015956628185711	0.7929139328461574
0.3568170981493258	-0.8997728184103495	-0.25117809163657223
0.708378762726924	0.43589272434536375	-0.5551549886115126
-0.7480518225741366	-0.2016973550386294	0.6322472994912143
0.5265430618843906	0.399501274942079	0.7504339646504975
-0.4039441480265842	0.8942689239205813	-0.19264531394509032
-0.7737370511097761	-0.38070780054353426	0.5063521959518417
0.4176297023859312	-0.9075423775090243	-0.04418443968532626
0.4763574366218987	0.17728057883076828	0.8611940483679863
0.03359689467552007	-0.9144856371834436	0.4032211155846793
0.9755435506680121	-0.05768171150178403	-0.21210280740309084
0.21722345503699572	0.4004857544824987	0.8901826391468068
-0.6265157595686817	-0.5645744542843315	0.5373394537735219
0.6393573287409039	0.02201433428439936	0.7685945454342687
-0.44575801641403295	0.8250885132248321	0.3471724876009946
0.9941644841293727	0.006659453196193453	0.10766907717123697
0.10759839924112535	-0.13262233863259665	-0.9853090377015566
0.007717705392503077	0.9911442715259712	-0.13256496537443807
-0.46014130566166767	0.8627076422670511	0.2097748860040257
0.8872748226023662	0.4383540546852376	0.14348906549612528
0.03183344153426654	0.25215322071121304	-0.9671635773151546
0.10757520428636613	0.02863241578458825	0.9937845642739098
0.9851914379595546	0.1311653612319591	-0.11042408516294944
-0.1335118196787506	0.9909469374185622	-0.014098270349251152
0.3627463897218305	0.3300715433641482	0.8714745165551241
0.8476427288837733	0.2716867893312468	-0.4557280907222516
-0.3871909876459523	0.904012756969772	-0.18122934177904004
0.4203653319851033	0.22700688393889518	0.8784992101928191
0.44629039825825584	0.7912574157198111	-0.41801505055547156
-0.7900113088352225	0.567784797888037	0.23130619360427807
-0.4415158826075798	-0.19313172416129115	0.8762213547544574
0.886450511436589	-0.2449740474206139	0.39267442858451135
0.13881360228399664	0.9500988649676672	0.27936164842027034
-0.7778215597113485	-0.612474446440901	0.1409562829572234
0.6201671674965862	-0.784342695294157	0.014114556243756543
0.10191322587116072	0.09839506489458083	0.9899152012151975
-0.6055803189885594	-0.7422276119892162	0.2870028732512971
0.7526152132908968	-0.651356220423007	-0.09646457815878684
0.25853978025985175	0.15758567865463025	0.9530603002466042
0.032021714274807156	-0.7285019350018409	0.68429492217426
0.8450164965850153	-0.3459055991086406	-0.4077946014901122
0.5337806012905393	0.591298779978334	0.6045196626099469
0.9919253594934334	-0.07763998213623333	0.10028017933623953
0.1155181874130263	0.22678310322322082	-0.9670703037883311
0.05234147084895424	0.9708457432910397	0.23392074119888717
-0.7583062887672007	-0.0006420967306795949	0.6518981209728268
0.11765137485252306	0.9834442959823574	0.1378240570258929
-0.6411939850087686	0.18120955938237343	-0.7456764507325011
0.7215242592513162	0.38666862699920623	0.574360615124669
0.5751705907177821	-0.7965367952530917	-0.18630063172542408
0.38546275421264375	0.4647757595900234	-0.7971210437645717
0.06518918994585032	0.8739126784038846	0.4816918102263653
0.9144183715213086	0.14093415853807	-0.3794424920610295
-0.39948643448623156	0.46520338937083744	-0.7899344246071083
-0.3835344290184399	0.8489809569098994	0.36350058674209934
0.9158103500408488	0.4004040748177444	0.031112370970468706
-0.11913330565193318	0.3448302650199046	-0.9310742955375497
-0.969230441630754	0.1584892178629023	0.18834414999531807
0.23833610029242555	0.4129079969402307	0.8790352037092741
0.06154879619986271	0.8968768889228955	-0.43797670235109054
0.5907583753091541	-0.7365397976834422	0.32941412906935663
0.8021907496450809	0.4923608590718921	-0.33774366853851107
0.08657102971521097	0.46377786803859283	0.881711713618247
-0.6489644157737828	-0.19021395933083615	0.736657204359721
0.36603819027885376	0.7707596272152772	0.5214840748405924
-0.666979182821154	0.6080692779039687	-0.43056999773854643
-0.8026999810479059	0.4268927061927411	0.41645570931988596
0.46328512413760103	0.006611298176381952	0.8861846221240981
0.3755524386533775	0.9042781143740353	-0.20307992930282426
-0.9730599025610118	-0.14145288403043935	0.18205907730026893
0.19477686691003823	-0.0818680269246328	0.9774249834561101
-0.12335476539097902	0.9865539558315798	0.10721424386898337
-0.5912906345605982	0.5046504675765936	0.6290495139936529
0.671659849433346	0.7398964292336077	0.037766660780802125
-0.44637252619320167	0.4448383746734117	-0.7764472862196232
0.9306898273705918	-0.3599243182034032	0.0653523556936804
0.3654050857415968	0.9063092652583546	-0.21232672705299646
0.0171921069992677	0.22149040808278067	0.9750109899812663
0.998127114994724	0.011183002371848789	0.060143185567945845
0.050934987839031776	0.3925814711085305	-0.9183057309829336
-0.03388051543508201	0.9196492423746204	0.3912766050681281
-0.84931564973121	0.4031636568910479	0.340766771977388
0.5190534664081142	0.5202098278090821	0.6782073680376567
0.0961583388551008	0.7528883056689634	-0.6510858415413012
-0.3384318219290052	0.41694635347564957	0.8435755095005854
0.780617798777761	-0.3761949508873501	0.4991124233659454
0.5254519522631699	0.8274255841163134	-0.19815940202927695
0.4272537193568654	0.2723192047869082	0.8621464550759058
0.37095747113584443	0.8168070163486634	-0.4418335123687355
-0.8245270243625883	0.5085946802197407	0.24796499218227475
0.1830248286530931	0.39697059486004727	0.8993977200954903
0.9509947724062815	-0.30340687175904213	-0.059608833450391197
0.2492204946476722	0.866232426653408	-0.4330479512267864
0.048048419302630485	-0.5922135234445755	0.8043472459403838
0.9980103018699608	0.06137853045437658	-0.014426134641376376
-0.040826299905190544	0.8034399906953988	0.5939843386718449
-0.9975610145830058	0.03696388830603456	0.05920889414118783
0.05874378480879461	-0.013545512247929992	0.9981811893861149
0.03769867279442895	0.9992247945578813	0.011341076240745873
-0.6027386479117378	-0.1262673727486378	0.7878849363280697
0.32653725755655866	0.8619053506765264	0.38793373906198936
-0.7280656163705105	0.4910964437402602	-0.4782726640784498
-0.8211123701879273	-0.010807861730720403	0.5706642319693561
0.5638364824403423	-0.17068938493399144	0.8080554157606754
0.0886729755543767	0.9852656108865598	0.1462490321700195
-0.9404701875348958	-0.028859469066302962	0.33864872272502267
0.23847885815096884	0.653902110217073	0.7180110475951391
-0.24216453202954447	0.7560285452936748	-0.6080930669955396
-0.5852440639115883	0.17846920988088985	0.7909728988914473
0.527799186167251	-0.6566886219775006	0.5386910736651195
0.6155626732814754	0.7327406054599285	0.290127214119567
0.29391183032739643	-0.10838806278409308	0.949667238478569
0.7425885602418176	-0.599666865384147	-0.298264782966974
0.6018123180789708	0.7928755756146504	-0.09576145050150808
-0.22754530952692686	0.23311410469997745	0.9454527731739026
0.8251708065678889	0.5616762335547201	0.06010780854334363
-0.5170263746661234	0.7938372773117369	-0.320165746215759
0.9511085758135728	0.13947693744704748	0.2755697024969721
0.20379822341906295	0.3870054281198869	-0.8992736417448122
-0.23207490416913032	0.911467488463596	0.33965902951158766
0.9982998252716542	-0.024372558764711283	0.05294749514231417
0.02843411774825185	0.9965974936705858	-0.07736237171509945
-0.05088182200416212	0.0787363574771361	0.9955961160032563
0.8897892420159083	0.2179990174882783	0.4009383159126859
0.3959395820603214	-0.8056420609676234	-0.440650334117357
0.22695143125931894	0.5508332760227778	-0.8031660786383854
0.8488113098468122	-0.5279924801356932	0.02726355069132622
0.5284539478185382	0.8488539742227744	-0.013540881847325069
-0.01599328956596278	0.02590118465169109	0.9995365642749134
