-0.16684064115076458	-0.8553149766608024	0.49051043939974726
0.701058251344014	0.24690772423800145	0.6689946964917468
-0.6933119995232127	0.45549189500071496	0.5584313788692238
0.790272431154736	0.20700381042802446	-0.5767312259840467
0.2658436894422313	0.7321894773261852	0.6270771101519734
0.5520838861446016	-0.6488821092934265	0.5235985016196936
0.9520485975019504	-0.16123509581326168	0.2600129071270456
0.05238743142017388	0.9232234055571957	0.38067584696243884
-0.3014283082654413	-0.34880049786297884	0.887400240966145
-0.6069161019676681	0.7476002705096361	-0.269715925941146
0.31314070117212184	-0.08697749581369862	-0.9457155050497003
-0.7304763832197471	-0.6584290020616473	-0.18131603018569598
0.5662243823359656	-0.7148937216051375	0.41026444600746265
0.545130956959322	0.6981352700559533	0.4641544834088267
-0.6182412058516222	-0.039167735618197835	0.7850119106572045
0.9531745656590455	-0.12083439278755785	0.2772314861273017
0.12083439278755785	-0.6881833412580332	-0.7154038987415374
0.2772314861273017	0.7154038987415374	-0.6413579069170785
0.9586721976378036	-0.04413857955044855	0.2810683249168654
0.04413857955044855	-0.9528594773160901	-0.30018428054143176
0.2810683249168654	0.30018428054143176	-0.9115316749538938
-0.9958728481150017	0.07279945192160386	0.05419880245198491
-0.08529186536939093	-0.5465453268328819	-0.8330747285921881
-0.031025281451179294	-0.8342592196176511	0.5504988523092693
-0.9867008443890783	0.04482663680217995	-0.1562434520704352
0.03736826315362832	0.99803222106318	0.050351749012094785
0.15819309906175463	0.0438435668337015	-0.9864343288108628
-0.6356267841048473	0.34708518997407745	-0.6895726663878062
-0.34708518997407745	-0.9263474221197279	-0.14632950636421016
-0.6895726663878062	0.14632950636421016	0.7092793619851194
0.9497030957361563	0.24344782445906774	-0.1969700147619129
-0.24344782445906774	0.17833978256306726	-0.9533771964555817
-0.1969700147619129	0.9533771964555817	0.22863668682691096
0.21575775720852097	0.6595200492743465	0.7200568691495919
-0.3530514507148272	0.7402265255520681	-0.5722057007906068
-0.9103863264309855	-0.1307593035859286	0.3925541251511925
-0.4672428943947933	0.7833032518645238	0.4100245032385726
0.8476562921004287	0.2650532095801301	0.4595928704340661
0.25132227935487267	0.562301353110353	-0.7878161588785402
-0.8300344261635981	0.5481084651130218	0.10305319914837077
-0.5253637044796088	-0.8304418175446455	0.1853627947798806
0.18717860294042374	0.09971709053413608	0.9772515911763348
-0.00438389202396805	0.5622681555286402	-0.8269433491897391
0.4965811679923444	0.7190074951471005	0.4862461984608736
0.8679792192708768	-0.4085128433730243	-0.28236382862046194
0.7155741000124785	-0.6925351093353732	0.09137193075104702
0.6925351093353732	0.6862208317990688	-0.2224771726331416
0.09137193075104702	0.2224771726331416	0.9706467317865904
-0.17612112049993578	-0.9296916631264621	0.32350388317143863
-0.9657358823683776	0.22682989162913936	0.12610474126567922
-0.19061887739680472	-0.2902095997320999	-0.9377861332965614
0.07619779542925786	0.9285271485075551	0.3633610194505592
0.8657305907267868	-0.24240537128553408	0.4378928867334697
0.4946760963009734	0.28120627741277593	-0.8223251116754731
0.9369641983201236	0.026184793426833143	-0.3484428900975342
-0.021188515173392243	-0.9910956881616111	-0.1314548733680481
-0.34878236465032914	0.1305514975044588	-0.9280663600240386
0.8212847496539128	0.146593880960217	0.5513633956393292
-0.5567958421712814	-0.004736102252371532	0.8306358765886701
0.12437745023388772	-0.9891854241751021	0.07773317485372622
0.18266147499240393	-0.682517578973274	-0.7076754481724374
0.9818996605698236	0.0899759453338076	0.16666549083164378
-0.050078359861964905	-0.7253096467397551	0.6865989180153047
-0.2466948305011354	0.8854576204552878	-0.39383557861330376
-0.8854576204552878	-0.3711089687384195	-0.27971938742169167
-0.39383557861330376	0.27971938742169167	0.8755858617627159
-0.2619188860589401	0.881827841238312	0.3921455795270707
-0.17444207614489599	-0.4428958131582157	0.8794391739950984
0.9491935836255436	0.161935039765645	0.26983065745055146
0.1489424318818371	0.7634657716389074	-0.6284394700533472
0.6320132948369076	-0.562275672107126	-0.5332966001259293
-0.7605099257304405	-0.3177516075369046	-0.5662672238203377
-0.09720161754024814	0.7397865286877418	-0.6657835515538817
-0.7397865286877418	-0.5012000535919887	-0.44890355116832004
-0.6657835515538817	0.44890355116832004	0.5960015639482594
0.9377148223961154	0.16183743199920486	0.3074078031906878
0.03416675538333468	0.8376149686832639	-0.5451915232872852
-0.34572177351910777	0.5217372996457487	0.7799145116441706
0.5740680300765948	-0.7061482365708718	0.4144883168821842
0.7061482365708718	0.17071590588004626	-0.6871759217750598
0.4144883168821842	0.6871759217750598	0.5966478758034515
0.922675850320438	-0.12565354036825163	0.36452772600774963
-0.08701668223263073	0.8531608125750656	0.5143391146894032
-0.3756293016375083	-0.5062882732981062	0.7762569240091453
-0.9610873008180392	-0.2453635789475081	-0.1269169584112613
0.22982741821213393	-0.9651143369031803	0.12543394493469345
-0.15326629780953396	0.09138397468924614	0.9839504109078641
0.1934025370852649	-0.13042832056973208	0.9724113902265551
0.25672664075872165	-0.9498641516491046	-0.1784643531259626
0.9469355260912565	0.2841593683222237	-0.15022171221561043
-0.33800968098544937	-0.2429541793210146	0.9092429391040477
0.8528633708848541	-0.48758907343718105	0.18676446682277503
0.39796171444378764	0.8385881958477139	0.37201654751077606
0.6254678554602442	0.5092519917165211	-0.5911449659082952
0.1873076122310479	-0.8334803724998046	-0.5198329799636523
-0.7574337067930543	0.21441286712868668	-0.6167019557479851
-0.3439852711395568	0.09430311632348909	0.9342275180547422
0.8027784745017068	0.5456208299348677	0.2405091075570705
-0.48705323540220713	0.8327093323560537	-0.263390040987463
0.7501138131327999	-0.2914397125522291	-0.5936262808323474
0.48973454967337793	-0.35841153092530953	0.7947963546443766
-0.444397725245736	-0.8869070235640544	-0.12612134374944373
-0.9933953793097285	-0.031013550512870594	0.11047072033197797
-0.09781081196416914	-0.27447159438909763	-0.9566077508239292
0.059988877544011554	-0.9610949503343009	0.26962535306034796
0.7302392732833614	0.6145643448761258	0.2984313484900114
0.26495192189989597	-0.6573830902335724	0.705441671406297
0.629723020729066	-0.43607125413392783	-0.6428769543870141
-0.5054772997440924	0.39365109043680024	0.7678095587066751
-0.8516422118474947	-0.08472247360872531	-0.517230746828846
-0.13855772242256253	-0.9153474321062669	0.37807517254315326
0.3762985873581779	0.8735704251232579	-0.3086650053086844
-0.4373469225644433	-0.1262172342030916	-0.8903914190475627
-0.8167784537288252	0.4700467233585318	0.3345579701400898
0.7275682002584107	0.663980913090612	0.17255103889601625
0.5686685649682222	-0.7243993279250796	0.3896943378067944
0.38374545885224515	-0.18540485633620915	-0.9046349883003806
0.6078424564589352	-0.7911664297743523	0.06769954596651552
-0.742562398426767	-0.5361508456950479	0.40142664971719527
-0.2812981204499148	-0.2942752980774794	-0.9133856887277987
0.48037027555856726	-0.8439653301909551	0.23867743880697667
-0.8014474165767018	-0.31184693710935907	0.5103268817905262
-0.3562673670465998	-0.4364332815576548	-0.8261958326731622
0.6394984600360332	-0.6951162833542105	-0.32841295989557306
0.03674514947536889	-0.3990558535830617	0.9161900565445618
-0.7679137409902071	-0.5979697135615847	-0.22965345210011967
0.5168718377104926	-0.8479699584250767	0.11743275944280576
0.8479699584250767	0.4883277492744139	-0.20611394639169578
0.11743275944280576	0.20611394639169578	0.9714559115639213
0.8904204169951107	0.4452740711232167	0.0942469234702637
0.32722438289654443	-0.48236932931702303	-0.812554018741044
-0.3163474106678113	0.7543545795709083	-0.5752160324992421
-0.23799022032514938	0.7948156703754385	0.5582371406089255
0.6309635428184792	0.5634732860707388	-0.5332755980903275
-0.7384075180166709	0.2253129068879224	-0.6356008427670423
0.115126973093721	-0.03657820018588448	0.9926770952013746
0.8776424795926963	-0.46433557689901295	-0.11889554255835083
0.4652842766316754	0.8849036711964879	-0.02135496715793228
0.029891255241408454	-0.708104881480738	-0.7054743012209891
0.9688820903940969	0.19402381255807588	-0.15369533198504554
0.24571122842405405	-0.6789272692885289	0.6918697530914064
0.12404278911595412	-0.5169234009048916	-0.8469968028660178
0.9900673151238074	0.007543596982340306	0.1403916153767869
-0.06618230875294812	-0.8559984180718379	0.5127246924682296
-0.3858277226659754	0.32155047507020995	0.8647209147490936
0.5384841320699311	0.8395600086523693	-0.07192934992425909
-0.7491140153082706	0.43788615398726155	-0.49707535466462627
-0.09592304937589158	-0.9952606305453495	-0.015970156070110597
-0.9546127281118011	0.08743662619196169	0.28472684405779486
-0.28198104178361877	0.04255718137565716	-0.9584756535186403
0.9710027734546072	0.23859046225713612	-0.015106464291384077
-0.23859046225713612	0.9631328737926645	-0.12429665618917293
-0.015106464291384077	0.12429665618917293	0.9921301003380573
0.5049942654716363	-0.5950789855032848	0.6251894055829353
0.8487405757029498	0.47404405295434604	-0.23435373053152458
-0.15690833947304336	0.6489709060281506	0.7444572090676627
-0.6721177849555178	0.10943451361510485	-0.7323126179278312
-0.10943451361510485	-0.9928378772847672	-0.047927410304572676
-0.7323126179278312	0.047927410304572676	0.6792799076707505
0.07701258998800131	-0.2912999849326619	-0.9535268112442206
0.6659826902482333	-0.6966905068716827	0.26662594383256155
-0.7419812108625568	-0.6555659054687862	0.1403468072804821
-0.8963161365341461	0.4250165145213865	0.12640548157652776
-0.44339357739573976	-0.8562414266456972	-0.26505236241156066
-0.004418021356898352	-0.29361808813462625	0.9559126002974627
0.48280536854083667	-0.8712599145863631	0.08834668835395115
-0.5485900091311273	-0.22226921309718906	0.8060058304942128
-0.6826038221323232	-0.4376100526086204	-0.5852772538431883
-0.5407720348433245	0.16570573062594934	-0.824686132518991
-0.16570573062594934	-0.9821788113093113	-0.08869269108979115
-0.824686132518991	0.08869269108979115	0.5585932235340132
-0.34277422572550864	-0.898353519683656	-0.2747121836582155
0.9388726068938035	-0.337561922904585	-0.06760307854966574
-0.03200090940444192	-0.2810923369232005	0.959147037695651
0.647371344139128	0.45569472827984897	-0.610944070603401
-0.45569472827984897	-0.41111511520499966	-0.7895104031410443
-0.610944070603401	0.7895104031410443	-0.05848645934412766
0.9108706614751203	-0.039277842227086655	0.4108185599189269
0.039277842227086655	-0.9826908971215436	-0.18104102249059445
0.4108185599189269	0.18104102249059445	-0.8935615585966639
-0.44413213801633544	0.22076223196901354	-0.8683378840734165
-0.22076223196901354	-0.9662524212425017	-0.13274146066343517
-0.8683378840734165	0.13274146066343517	0.4778797167738338
-0.5454764654240489	0.7973168315496908	0.2583433680125121
-0.529834658627875	-0.5668753035714087	0.630815047947896
0.6494079304914356	0.20721549249123541	0.7316632281907062
0.5758226575268346	0.15420923853018903	0.8028996063211596
-0.3723970943049468	-0.8247905520459291	0.4254890708455432
0.7278383551530975	-0.5440037279354898	-0.41750601523849107
-0.4446235511871588	-0.44556796269349336	0.7770322312175282
0.44556796269349336	-0.8625726340847195	-0.23966151453522772
0.7770322312175282	0.23966151453522772	0.5820509171024394
0.785489292784015	0.12653661931423144	0.6058011677887334
0.18814035172042942	0.8837212910710913	-0.4285322482172802
-0.589584412087176	0.45058313736775457	0.6703469678783146
-0.6421512705110841	0.5162694445660696	-0.5666635742558739
-0.038204308905863626	-0.7598466424923471	-0.6489788214372889
-0.7656253499996102	-0.395093584484169	0.507660204208903
-0.5863409478599335	-0.37453205409195256	0.718282697355559
-0.5341771052510247	0.8453593070814507	0.004739425746349307
-0.6089820301850873	-0.3809112526408641	-0.6957352258749139
0.5834175090583094	0.5159151353108482	-0.6272603791739015
0.058506976376762	-0.7970150072428033	-0.6011189665490544
-0.8100623086154832	0.31400422192534827	-0.4951771448417326
0.9197640156611665	0.3792893465269275	0.10086499445308958
0.3618032756088605	-0.9190068328436578	0.1566040578828287
0.15209386987497017	-0.1075454917597469	-0.9824975429733196
0.6833500931585498	0.7293179437780065	-0.03358551865941145
0.3039253224245845	-0.24234027440550232	0.921358013906743
0.6638238083778809	-0.6398175742229077	-0.38726144030383414
0.22816433151628257	-0.18127935491250802	-0.9565975294272053
0.7912889836474425	0.6069832316733664	0.07370957078666146
0.5672766363793995	-0.7737629817649985	0.28193627980132896
0.7357879234323088	0.6768381053377633	-0.022501353158369125
-0.6768381053377633	0.7338716185436942	-0.05764222982193845
-0.022501353158369125	0.05764222982193845	0.9980836951113855
0.24663472839888578	0.5715376141253228	-0.7826340564961005
-0.33238717533836837	-0.7087067565132901	-0.6222969539882011
-0.9103241600760625	0.41361756359268176	0.015180074751635741
0.5653398998064441	-0.8201439783154584	-0.08806050488006906
0.34013328491197037	0.13452830572476526	0.9307048315410297
-0.7514653326546956	-0.5561168850086436	0.35501248432477817
0.19828442049459616	0.8888607598845819	-0.4130494378721825
0.34053833388394034	0.3326887602487616	0.8794042483179689
0.9190848338127837	-0.31503132914290566	-0.23672416419491737
-0.4370151291225426	-0.4089262909144155	0.80112237861452
0.4089262909144155	-0.8836332979297663	-0.2279725496386429
0.80112237861452	0.2279725496386429	0.5533818311927762
0.17591459482751626	0.4767590631002885	-0.861251909187089
0.7958973036527426	0.4459832905706167	0.4094464391957743
0.5793112612102106	-0.7574956767424749	-0.3009962829529549
0.23809350555937825	0.5368621997367065	-0.8093765879393293
0.3534511416391751	0.7283062952081875	0.5870623738872116
0.904645661618078	-0.4258508176039928	-0.01634955845277708
0.2716375813394807	0.25348441800592825	-0.9284172953108061
0.7764131451629134	-0.6277518244386102	0.0557698389116269
-0.5686788658129205	-0.7359845764295553	-0.36732962150572357
0.9493851061231968	0.3046100683076511	-0.07668524341132732
0.25362794044767273	-0.8874007405840723	-0.38495817102006247
-0.18531267656509137	0.34602403369773027	-0.9197426705377074
0.7422566835996947	0.582609151471354	0.33109151646246016
-0.015923004565964516	-0.47860758865418696	0.8778845220233787
0.6699264687838322	-0.6568876256289601	-0.3459727933210526
0.607887537917729	0.014949519491634228	0.7938823924935549
0.3507682761082658	-0.9020298365722572	-0.25160244515795693
0.7123442691005221	0.4314147491688207	-0.5535765136629685
-0.7488599837664096	0.5279898554344453	-0.4005439267691962
-0.1977488742046472	0.3988335284053013	0.8954480439258174
0.6325378308561221	0.7497723182260676	-0.19426107010345794
-0.7731368661032068	-0.4204261928285752	-0.47486966912594264
0.3832841068290084	-0.9062524215061694	0.17832510189677117
-0.5053243312214462	-0.044140286563119024	0.8617998348675427
0.03385328149306188	-0.975709741737382	-0.21643579928219575
0.9134017461877327	-0.057692557266762146	0.4029501444313209
-0.4056491161007903	-0.21133402166899867	0.8892618994941
-0.6299644427197828	0.5614312614018943	0.5366001673773795
-0.6408853484736831	0.014438252779145566	-0.7675008188715186
-0.43864652172394986	-0.8273974109080616	0.3507174837417103
0.9965896381541179	-0.05428441316829088	0.06214737010379816
0.05428441316829088	-0.13592819583530447	-0.9892303715838558
0.06214737010379816	0.9892303715838558	-0.1325178339894224
0.9028570406334608	-0.04239537824636698	0.4278455282948938
0.04239537824636698	-0.9814977008280059	-0.18672143736776642
0.4278455282948938	0.18672143736776642	-0.8843547414614668
0.4967788699109762	-0.6430459859126262	0.582840127660778
0.6430459859126262	-0.17827747033359165	-0.7447878916665562
0.582840127660778	0.7447878916665562	0.32494365975543227
0.36258404097295016	-0.33046231797602976	0.8713939807168947
-0.8468762039885189	0.27346491763465997	0.4560895021167067
-0.38901607723810444	-0.9033336012907847	-0.1807066585084769
0.4181259711340052	0.22999607684783882	-0.8787903486599338
0.4459937904109824	0.7908119227359416	0.4191730451418935
0.7913660412085481	-0.5672021751485852	0.2280821810852922
-0.450206879624494	0.20596494856256353	0.8688453288718294
-0.8816109924158927	-0.25693144812228486	-0.395914497104174
0.14168917951008736	-0.9442270229819769	0.297253268241666
-0.7781543834270457	0.6198220376756552	0.10147116420379065
-0.6124270620637126	-0.784637950460918	0.09631396756701047
0.139315645945757	0.01280344907000746	0.9901652500904221
-0.6022241660798162	-0.7442432649613417	-0.28883908383242024
0.7554038204620039	-0.6482781687779493	0.09539645652390252
-0.2582462426074739	-0.16074009594867864	0.9526129852849642
0.030042955047954067	-0.7281655349124839	0.684742560834072
0.8447973406391937	-0.3476512552495601	-0.40676290142090366
0.5342423364924695	0.5906890539776588	0.6047078364053549
0.9918272064086687	0.11552904755728947	0.05414639229054484
-0.07957883136082387	0.22842776001180598	0.9703030289838501
0.09972964567680757	-0.966681849227808	0.23575453367153743
-0.7548425719233727	0.11731853573919254	-0.6453286393645647
-0.0010556888668518324	0.9836550691408283	0.180059963552614
0.6559051586419526	0.13659819224852165	-0.7423808704036707
0.7261019888085166	-0.5716702114851037	-0.3820589890957857
-0.3840985204764048	-0.7981048699973643	0.4642164829627734
-0.5703018748138162	-0.19032021907056249	-0.7990832158147105
0.06522231190638172	0.9157030214141065	-0.39652746008651507
0.8718553360919891	0.1410038054579923	0.4690268646615985
0.4854011979358017	-0.3763055984428624	-0.7891639713158778
-0.387139487197093	0.8474674420233909	-0.36321061680945066
0.9138344773568995	0.4050544126147274	-0.028939088015696002
0.12259512815203313	-0.3431178478768896	-0.9312575245450194
-0.9690699331463399	0.23967052130072922	-0.05883456374601921
0.15617762651000702	0.4109987389412243	-0.8981584412376382
-0.19108117031630417	-0.8795669831275843	-0.4357176936301661
0.5930426458673754	0.7773812726712949	-0.20971117538791476
-0.7773812726712949	0.48497535912103895	-0.40059612822065227
-0.20971117538791476	0.40059612822065227	0.8919327132536635
0.19821481032904975	0.9717548823718909	-0.1280755150394154
-0.9717548823718909	0.17775629130933157	-0.15522612372389114
-0.1280755150394154	0.15522612372389114	0.9795414809802818
-0.7986486778089903	0.47098863301677496	-0.37460645616825916
0.42892516147693627	0.008874603065345155	-0.9032964337759876
-0.42211786894887116	-0.8820946372070418	-0.2091065654747395
-0.9733620600934545	-0.14318980884269442	0.17906138225261814
0.19161897046610774	-0.07923005868108124	0.9782662050581636
-0.12589070707615607	0.9865187663927051	0.10455741689081888
-0.5905322681053604	0.5030020528114973	0.6310788977566583
0.6706127316790118	0.7408841302243048	0.03700364430416528
-0.4489434312208532	0.445061389528675	-0.7748355665006947
0.9335029468264286	0.358115885967783	-0.01803497945338015
-0.3529208467427817	0.9087409892702885	-0.2227929315629549
-0.06339656300409323	0.21434277836579282	0.9746989530935696
0.9997461869557708	-0.018764231862922268	0.01246857128910251
0.018764231862922268	0.38722735261621444	-0.92179329623752
0.01246857128910251	0.92179329623752	0.38748116566044366
-0.849021463864355	-0.4037166786575947	0.34084512211752277
-0.5192398552308655	0.5182056248149381	-0.6795976038436198
0.09773702797537114	-0.753973324318467	-0.649593487943577
-0.06719634983540024	-0.25856908054506755	0.9636527803907778
0.25856908054506755	-0.9373517634086421	-0.2334816956868081
0.9636527803907778	0.2334816956868081	0.12984458642675822
0.4276843997426607	0.27235523067164563	-0.8619215060216068
0.36870133570704994	0.8180410390698818	0.44143876522718906
0.8253153211134501	-0.5065880838741302	0.24944565342402747
0.18071800012721562	-0.3920778200423571	0.9020066449094777
-0.951922620291433	-0.30037444948750824	0.06015409439570846
0.24735466320146743	-0.8695114565811706	-0.4275108156135692
0.04858740122028271	-0.5821159694852498	-0.8116527967751404
0.997751691917784	0.06584194502774099	0.012505980575853837
0.04616086781960427	-0.8104355843280896	0.5840062824464555
-0.7178538183464571	-0.34254737028342497	-0.6060917377735172
0.6838632590057858	-0.18382460877386442	-0.7060733362697683
0.13044898798916515	-0.9213413115241528	0.36621475832024686
-0.6037318120012583	-0.1268592999261624	0.7870289811690047
0.32674089294263287	0.8611442887070355	0.3894494869765586
-0.7271508014550548	0.49227759653420927	-0.47845008087968166
-0.82422637581511	0.5603714226924188	0.08145397498196877
-0.015816306838718375	-0.16657147921158577	0.9859025239602786
0.5660395090880779	0.8113185631692021	0.14615561298967983
-0.9410856152058011	-0.027025114978641962	0.3370867959637539
0.23922857893681398	0.6513244789708323	0.7201014582079709
-0.23901370645339745	0.7583179189850157	-0.6064869181389192
-0.5883199885551145	0.1794444343349552	-0.7884664140296136
0.5260857175909017	-0.655555702947664	-0.5417384406516307
-0.6140956023400397	-0.7335164724251272	0.29127336965061124
0.2903676491536593	-0.11239405440270805	0.9502916420025478
0.7441143884173451	-0.5978644897786363	-0.2980802388821023
0.6016480742720429	0.7936785422301977	-0.08996647335585739
0.6277919544952463	-0.6327659101049214	0.4533040534565394
0.6327659101049214	0.0757228432500281	-0.7706317888714572
0.4533040534565394	0.7706317888714572	0.4479308887547818
0.9537287034014721	-0.1389267406517828	0.26664755959884434
-0.196902407819806	0.3816263475342352	0.9031006437061386
-0.22722456315924508	-0.913816552487178	0.33661299187277194
0.9982624545779025	-0.024931645096385218	0.053389932130401815
0.028935912526561327	0.9967189846200643	-0.07559086362916746
-0.051330154357416585	0.07700440747604055	0.9957085600128723
0.8928161221467018	-0.39066947141366526	-0.22418014216315643
-0.21797671622855574	-0.8103003392274957	0.5439664616775758
-0.39416433529321415	-0.43679597566046	-0.8086060551527461
0.8425625474188657	-0.5382999927838134	0.017929625093072644
0.5379621026579356	0.8427183527022837	0.020556121292747184
-0.026174984066552706	-0.007674359106530408	0.9996279179881981
