-0.13822805716545772	-0.7116916925106487	0.688758258769789
0.8623678292331156	0.25550342132004367	0.43708091790595976
-0.4870469498067175	0.654379810587919	0.5784222784254528
0.7699133624774696	0.21790775549951658	0.5997913173527935
0.25898538607987287	0.7523147455022269	-0.6057632322095645
-0.5832323585636309	0.6217223928676547	0.5227822511631605
0.94975607840103	-0.10315859923297026	0.29550244490458605
0.19748721013253234	0.9299719183909506	-0.31008230010486604
-0.2428213198513786	0.3528605027607179	0.9036189861977713
-0.6097690867904708	0.40537570995557054	0.6810669530763721
0.7309414057160284	-0.04461914304429282	0.6809800242913662
0.30644138461472925	0.9130606036030744	-0.2690985171705662
0.5993033809984163	-0.534493572058014	0.5959463725475067
0.6826370230548882	0.7300699078736289	-0.03169581000938401
-0.41814130659219373	0.4258104637582967	0.8023984650255243
0.22878103124580618	0.8194897800915835	0.5254481326140131
0.9492412792143488	-0.06810289375639256	-0.30708791851440914
-0.21587087246224831	0.5690329482441712	-0.7934741774216314
0.9473081836235366	0.11309304286639518	0.2996951265788209
0.1956271590181237	-0.9451122896991031	-0.26171124262097584
0.2536478265122205	0.30654970806532705	-0.9174366771558069
-0.9937486586632629	-0.08166838476702525	0.07611752974519478
0.1079401837359958	-0.5287782737835489	0.8418684302844058
-0.028504738904346384	0.8448217635123015	0.5342880007598523
-0.9860176131178717	0.0649590064598549	0.1534587700363922
0.07588287561111808	0.9949015239265565	0.06642850952417313
-0.1483612341898023	0.07714457316210978	-0.9859197021164114
-0.8902884462101972	0.2208807710395097	0.3982438543526119
0.45452492423257224	0.3768930083255164	0.8070679980811508
0.02817047738337347	0.8995350717233508	-0.43593930649077617
0.8949729370955953	-0.03528692533928396	0.444722694233815
0.4434314776265082	0.17964878505276494	-0.8781200593763002
-0.04890773473035803	0.9830977301007083	0.1764281342484233
0.19276502199778944	-0.37638813340756216	0.9061863049749557
0.6853826903861427	0.712532906848596	0.15015799804520227
-0.7022052506306435	0.5921391978984851	0.3953213329671117
-0.44267369117136735	0.8036661192982832	0.39769431959326973
0.8648626174007608	0.26557041084816324	0.4260105748741958
0.23675442164281044	0.5325346238264466	-0.8126218174886781
-0.8394546702390644	-0.4841564368358617	0.24679627485889444
0.520940419704307	-0.846238676834193	0.11180868011123182
0.15471566091422384	0.22242447369909105	0.9625956668132042
-0.017307702918796686	0.5164724247299521	0.8561288909464734
0.5992340942383898	0.6907976748457842	-0.40461966428975576
-0.8003867463432731	0.5060185835729969	-0.3214440065653843
0.7328016844980463	-0.6668064246002029	0.1355392316221385
0.6802895063984348	0.7137346099325703	-0.16670061208218645
0.014417998508800822	0.21436440631852932	0.9766473378977207
-0.2174141675722927	0.9187465263247874	0.329599605741548
0.9622761478931483	0.25833773542958116	-0.08535941453079247
-0.1635716813350375	0.2986074929054066	-0.9402541519429608
0.11630912065105203	0.8695081430569103	0.4800289341394987
0.9221523296529333	-0.274062042181737	0.2729928166652817
0.3689271870830981	0.41090824546716026	-0.8336948749021151
0.9167395765967616	0.011634299078885187	0.3993159047497772
0.05744515634719645	-0.9930264874650738	-0.10294876980820553
0.39533353350485745	0.11731597622540499	-0.911015015797678
0.8162553338081527	-0.12767555559511753	0.5634058772618716
0.5664155361454051	-0.014870800991460431	-0.82398561861903
0.11358111833775178	0.9917044982157488	0.06017904764779192
0.20976656394978033	-0.6602647734101896	0.7211438259059657
0.9762777680051802	0.1009596575755436	-0.19154338213849248
0.05366291407970941	0.7442160818847037	0.6657797797445142
-0.5055999255670811	-0.3431350220172484	0.7915977968209514
0.8458690637080459	-0.016439931697563637	0.5331371828220697
-0.16992422525418638	0.939142207182172	0.29855932804178587
-0.2995443273868992	-0.176706499334214	0.9375756017641339
0.8636947849198717	-0.4677256461803454	0.18778721577198848
0.4053449326592688	0.8660297529520717	0.29272504602310145
0.16092581961578534	0.6425093222690174	0.7491893294611155
0.7474551994833417	-0.5750481306858601	0.3326114432186844
0.644525876397764	0.506459690589593	-0.5727870253956424
-0.22275954816138532	-0.42630143628798634	0.8767241693495939
0.9097116273063602	-0.41417336567636887	0.029751946287974118
0.3504325025544138	0.804193700909867	0.480072445127131
0.949155958359803	-0.013498932363376348	0.3145166856227706
0.18580541817132018	0.8305208137113408	-0.5250823978866871
-0.25412460189494557	0.5568239908779985	0.7908019536485947
-0.08438526277426828	0.027736881976596794	0.9960470836284468
0.8457501187977154	0.5305389795077146	0.05687818366090153
-0.5268641798226258	0.8472066197812251	-0.06822814242453568
0.923396310178356	0.10497617995351136	0.3692143767398086
0.10576871625361572	0.8550543399815406	-0.5076367346250605
-0.3689881204199662	0.5078012183139187	0.7784508267500527
-0.9616087408584684	-0.2611548767490251	0.08430160054703628
0.2660253639784234	-0.9625230826818247	0.05272400804969179
0.06737310460961332	0.07312623096316487	0.9950444307267812
0.20604420798324752	-0.16037881410813876	0.9653105305246719
0.24394303647327842	-0.9469144052783434	-0.2093917477661384
0.9476484471114555	0.27862473878252164	-0.1559829337639811
-0.3384829702653196	-0.2428447558944566	0.9090960913868943
0.8374887286599242	-0.5182161658067417	0.17339156514704868
0.4290010585161189	0.8200478217952422	0.3787870929175494
0.6401454656199115	0.19124900833736408	0.7440682762060492
0.4912878195412869	-0.8465067935468698	-0.20509150847698346
0.5906353030564923	0.4968400801958026	-0.6358457938009761
-0.3277780349040502	0.0863269141650097	0.9408024360752827
0.8126241715203245	0.533681107062686	0.23415044698922138
-0.4818750000729916	0.8412681735660116	-0.2450802816416724
0.7643917186428001	-0.26187450396529144	0.5891748845998436
0.5036614813396243	-0.32797341711672523	-0.7992237170402002
0.4025300146387617	0.907664685794105	-0.11880406338676752
-0.9903345884670443	0.06756564091449886	0.12112921635023743
0.09706860104221658	-0.2861767375390698	0.953247376908639
0.09907113392667219	0.9557916922945643	0.27685221935750515
0.7441704832255303	0.24793140068859928	0.6202743848076188
0.6123239543063801	-0.6242943185855137	-0.4850937834733063
0.2669637931976522	0.7408013393173896	-0.6163957404030975
-0.49318641451681566	-0.39693193286575223	0.7740879802758247
0.8608241655862653	-0.0943120293173374	0.5000869895015825
-0.1254946870539061	0.912989749010088	0.3882020114885272
0.38670462398876004	-0.460986692298744	0.7987182252266283
0.8741375050487248	-0.09273608411241896	-0.4767427408683691
0.29384205970708527	0.8825481789834237	0.36710428452980526
0.7174444102903654	0.5920890308675896	0.3670205684554863
0.674445130154511	-0.7222474534779684	-0.15323962397322283
0.17434817049219192	0.35747614671592925	-0.917503961830769
0.6227303844092646	0.7384029416341482	0.25878169200993756
0.7753541979346472	-0.5379658197050041	-0.3307848916958623
-0.10503683200958384	0.40663727401107735	-0.9075314822672715
0.4733834626418646	0.8096534309807794	0.3469429621684964
0.840147514890086	-0.29665480003196154	-0.4540353321515955
-0.26468896939844544	0.5064160851701388	-0.8206597944091933
0.648687619880953	-0.027628964082333618	0.7605530962115147
0.6953757064819471	-0.3846042885318208	-0.6070685036119605
0.30928465634091384	0.9226679693078488	-0.2302755301055972
-0.16181429344157738	-0.35255899570921523	0.9216931642268552
0.5649684181394462	0.7326864647896818	0.379448587846905
-0.8090901191727747	0.5821277341430385	0.0806255554925176
0.8889116618060405	0.3203251238141883	0.32745667279603313
0.4513018802968043	-0.48989580826525403	-0.7458744598688857
-0.07850267731607817	0.8107983177693193	-0.5800374277205302
-0.226988536726199	0.6261369554453257	0.7459414971836311
0.7929538923032587	0.563503752623242	-0.23170594610548054
-0.56542048855344	0.5389026199650381	-0.6244066281829548
0.1082103406912589	-0.07485214254040323	0.9913060470533772
0.8816748046154941	-0.4534575203068343	-0.13048301109112653
0.4592821149072887	0.8881291764345363	0.01692645538794535
0.06626645230400197	-0.6797971443326457	0.7304003011063325
0.9683808856408899	0.2202624535920743	0.11714483284791055
-0.2405144852694053	0.6995429179791467	0.6728985720603171
0.14802785147825281	-0.5143706166378879	0.8446955806243404
0.9826193597112536	-0.020242795610972086	-0.18452485780105238
0.11201316488421581	0.8573290488286347	0.5024340284327984
-0.40448196350835164	0.3474431530338426	0.8459773026543502
0.522028613908327	0.8472368261198193	-0.09836608524977444
-0.7509197476810547	0.4018370513980971	-0.524067282575724
-0.11471799998446097	0.9649531595928931	0.2360194489258404
0.9931508611534132	0.1167058151249587	0.0055785039439091855
-0.022161847165757115	0.23504287376500316	-0.9717323191200804
0.4645723364451745	-0.18578064837832833	0.8658279822793898
0.22957932157865532	0.9695835266310384	0.08485941308542475
-0.8552577852983018	0.15935286496905635	0.49309307956287285
-0.8100090148744121	0.36921703960914	0.4555921130621639
0.379969575251638	-0.2613060004192189	0.8873231068939889
0.44666376359099763	0.8918508573787292	0.07136897426439193
-0.6975502130783218	0.14319271689818602	0.7020822929412933
0.33118989644920227	-0.8044517150443582	0.4931234030667756
0.6354029845101097	0.5765008967811819	0.5137214841586232
0.060203617533874376	-0.32417521343755007	0.9440794222037434
0.6729125583888311	-0.6853908882197097	-0.2782589066103648
0.7372680741754882	0.6520350921063349	0.1768785613449252
-0.9001773437979503	-0.42142058697378537	0.10993379183643237
0.4353917586598698	-0.8645557109735202	0.2509530615755383
-0.010712898950870083	0.27376652735084406	0.9617365139674837
0.48915451835608836	0.5410098120242142	0.6841317420390223
0.8664803919398825	-0.21176679752491623	-0.45206919144058944
-0.09969748018646579	0.8139184275832345	-0.5723610798131751
-0.5872851615891159	0.19173164498861106	0.7863428738706844
0.4325691823421046	-0.746794256581256	0.5051556599951464
0.6840906675764031	0.6368181173986888	0.3556439847483166
-0.34438813150365055	-0.8879755190161377	0.30478893107763105
0.9360124006509495	-0.34987910232027675	0.03828053796910055
0.07264709703126923	0.29846958201394336	0.9516503075738226
0.6466603449639698	-0.3560182845534984	0.6745971978259796
0.5486541586085955	-0.3973079613933759	-0.7356119887922804
0.5299141557767387	0.8458116604049769	-0.06159239101059688
0.7614974375536454	0.521104310047627	0.3854503218950772
0.5839443172465523	-0.8096426475578768	-0.059057748102433374
0.2813017720432809	0.2700538488991763	-0.9208367019944699
-0.6913997800564866	0.3456315545834092	0.6344329536003765
0.6254895155591087	-0.15310517635432586	0.7650631809851668
0.3615649458444129	0.9257956758646945	-0.11033202838142775
-0.8969802480693985	0.09656536769985785	0.43139490531802943
0.19254715479414292	-0.7930815659740669	0.5778816685903804
0.39793470287729454	0.6014123040586327	0.6927851129844276
0.5638586746167238	-0.1503448816845043	0.8120713094370124
0.38115744887997527	-0.8249315510053588	-0.41738104331558035
0.7326543483954631	0.5448709505077012	-0.40783973944437246
-0.4448248959154535	-0.4011502078001574	0.8007554700129725
0.46711076724241096	-0.8667615667831785	-0.17473384753325794
0.764158585046332	0.2963155364294288	0.5729387050728267
0.8103757249617867	0.13009095600507603	0.5712858545057318
0.17050676212487365	0.8804776429103028	-0.44236474136713133
-0.5605520747105932	0.4558897492824363	0.6913363204959269
-0.6217780658892067	-0.029064229219656568	0.7826540151043404
0.5315138763686974	-0.7496156158542688	0.3944229046276939
0.5752260738236741	0.6612349802054434	0.4815425889224214
-0.5895884871756398	0.38352225347100793	0.7108418226880435
0.5133821178556652	0.8573720477090896	-0.03676918374337845
-0.6235577093228595	0.3432547929740275	-0.7023901552872058
0.5663820217234179	0.038610648987634666	0.8232378898309087
0.4853607009310864	-0.8229251850089845	-0.2953288503848081
0.6660603542173773	0.5668362705955587	-0.48483012166854866
0.9280543510346075	0.33745928151062754	0.15759554196760933
0.3547115539683594	-0.9298524112386028	-0.09774562289487428
0.113555427026123	0.14661421021199253	-0.9826542822156872
0.6829424642121871	0.3036504465812512	0.6643688710850262
0.7304498443497759	-0.27677339393076705	-0.6243712944245855
-0.0057109951123843206	0.9116978088725732	-0.4108217251214632
0.203216254708376	-0.1616326976549427	0.9657007946932044
0.7966830311671906	0.6006594397202972	-0.06711471764937837
-0.5692093654118471	0.7829962378732637	0.2508337891986602
-0.31598244267300446	-0.25162906232115984	0.9147884514562779
0.2811478352574332	0.8960489041309145	0.34358733407366204
-0.9061517481373969	0.36575835793753353	-0.21239075532230345
-0.16586941744401051	-0.049362154143718605	0.9849115260240772
0.07331113432568043	-0.9966000187185884	-0.03760159935416805
0.9834189412151196	0.06596802580342308	0.1689242600425771
0.5541955156193826	-0.28663441067729484	0.7814781155496593
0.8319943769866092	0.16193368139928166	-0.5306249518173264
0.02554774217089778	0.9442553666483214	0.32822113799359953
0.17065880387265886	0.3930503419571898	0.9035413667055259
0.8784378436055715	0.3546967478257508	-0.3202142595254456
-0.44634350850252885	0.8483523122908148	-0.2847381720958415
-0.4665553389358865	-0.20188154322497195	0.8611445629019112
0.6338242746891186	-0.7553861975029068	0.16630839256306945
0.6169221219288805	0.6234063964439274	0.4803868861111471
0.16758768717623918	0.44785793909027216	0.8782582954351943
0.813651083104683	0.4401980991094898	-0.3797335230170862
-0.5566743051996339	0.7782344761922373	-0.29062831588869487
0.2597240788856684	0.37156893326446355	0.89133603690174
0.5223498359769311	0.7222692067418411	-0.45329663780728047
-0.8122155204758552	0.583321284392418	-0.006498266916308726
0.28113649645731886	0.2498909310996701	0.9265618127863051
0.7688309190719548	-0.6364760113035728	-0.061622276118845465
0.574335518872616	0.7296936409132493	-0.37106051012212093
0.948591312956363	0.23487956305896632	0.21214643961413157
0.2998061539207411	-0.8816524231010243	-0.36442458055315824
0.10144353628978134	0.4092927994691838	-0.9067461680358524
0.7543774818672822	-0.03627730907096993	0.6554376947492018
0.5610888258628173	-0.48262279071128966	-0.6724987519526949
0.3407256144516634	0.8750766816300252	-0.34372497279645
0.6062185237322528	0.04640953792445843	0.7939428545389939
0.33452930000996817	-0.9205647530189931	-0.20162014515896126
0.7215187100267939	0.38782301412979364	-0.5735887558107748
-0.7367483149102632	-0.20971940336785191	0.642821664482398
0.5229545233719528	0.42591320776199204	0.7383200565735053
-0.42862627889771543	0.8801225547075378	-0.2041171274865874
-0.7604858124543779	-0.3998170594238347	0.5116714258675026
0.45381095060451604	-0.8908360374216806	-0.021604988828145377
0.4644533885838609	0.21577180868805962	0.8589095274872974
0.034828729879071485	-0.928605046214163	0.3694314925945036
0.9831319681720757	-0.034577080306267494	-0.17959943951915414
0.17955080822182634	0.3694551307846272	0.9117370309490577
-0.6328075699810571	-0.5583314526756996	0.5364891129628934
0.6252034181316887	0.04032814591251932	0.7794192239120814
-0.4568098787582443	0.8286372122951644	0.32355077664653586
0.9896305995727968	-0.0030727337113838626	0.14360304556911674
0.14155489365890458	-0.14870395714355222	-0.9786977803239696
0.024361618796851503	0.9888769849872066	-0.14672702577306396
-0.4721583467582666	0.8511045779815893	0.22953756321195323
0.881027300969532	0.4469695725969559	0.15494868866446243
0.02928123175077446	0.2753891764599244	-0.9608867836305599
0.10879339505130248	0.06253052972814893	0.9920957262508132
0.9820342507829156	0.1480368321211355	-0.11702062478373887
-0.15418407013193375	0.9870030542948973	-0.04530169235354364
0.34456212508162976	0.2806708080113231	0.8958241119156718
0.8538784162874136	0.30282517691123345	-0.42330670019169137
-0.3900879287516208	0.9107803301339742	-0.1353166585580623
0.36645677456153436	0.2634513595240182	0.8923580074963766
0.4405384032238473	0.7956321415525535	-0.41580693911174743
-0.8195336159444222	0.5454932414736631	0.17550434707897222
-0.4258655525888968	-0.22511270215214568	0.8763348688988204
0.8973924828744853	-0.22866111468673633	0.3773603401400121
0.11543510210728841	0.9471210936094594	0.2993933386725587
-0.7699703255884507	-0.6234530066553565	0.13583830905017705
0.6278310314914666	-0.7782388433423226	-0.013133872603506121
0.11390300088047105	0.07517081352227042	0.9906439598487559
-0.5834481488879897	-0.7560006701200775	0.2967342992260446
0.778434857411117	-0.6247445641885907	-0.061101573499719605
0.23157597096096133	0.19533872195445895	0.9530033333512987
0.03185391739709742	-0.7429588606472058	0.6685786859691719
0.861626252904175	-0.3185955605439412	-0.3950912161868477
0.5065427210539794	0.5886501509279494	0.6300043424927585
0.9895625696571029	-0.058632599321559314	0.13163638946138323
0.14123831264564266	0.21336041711844222	-0.9667104382637316
0.028594750823239937	0.9752125669328927	0.21941465202104204
-0.7672187978024783	0.031382835809625864	0.6406172288621854
0.10411807001964721	0.991648086212287	0.07611504849169119
-0.6328781429263484	0.12509672548893805	-0.7640785728431609
0.7444701838460949	0.42033138725348346	0.5187346819461023
0.5506855834993446	-0.8258794246052952	-0.12111384784414062
0.3775043489685226	0.37582535957967156	-0.8463130423233847
0.08870664868773348	0.8861567340574441	0.4548157573822997
0.9277857580329809	0.09262961933031111	-0.3614323461090444
-0.3624151178824601	0.4540330343789596	-0.813946734143504
-0.41557020841194703	0.8476516312898305	0.32983043196791395
0.9060705308943294	0.4175367775187676	0.06855094794466018
-0.07960901283975044	0.3273373663224727	-0.941548009229348
-0.9614859583399777	0.17888635029812636	0.2086730111731538
0.2625696259441782	0.3733673192435063	0.8897494234066421
0.08125234425288584	0.9102727715349579	-0.4059575568399696
0.5980991740579398	-0.7289881029125889	0.33294702852423075
0.7997954862903762	0.5164819421185965	-0.30589799537581663
0.05103487141897006	0.44924686896772836	0.8919488172658462
-0.6436404440125192	-0.16835283874347318	0.7465817440296687
0.3612886700058686	0.7931296294074284	0.49032222862259256
-0.6746832410522423	0.5853227422909941	-0.44966633362994024
-0.7938404748610117	0.43485605583831966	0.4251088227421108
0.4735989854274113	0.0035748124296124395	0.8807333431398061
0.38147254353959714	0.9004928824909351	-0.2087852176486562
-0.9739065569759155	-0.1490457842599951	0.17114722455722103
0.185785540355628	-0.0904723251233932	0.9784163180270115
-0.13034474010900543	0.9846827471734688	0.11580214222900143
-0.5727791538701807	0.5197499890058892	0.633864330768136
0.6945197025609473	0.7184435631093025	0.038486742931337414
-0.43539226410951787	0.4622756705205104	-0.7724861039516497
0.9340877575003649	-0.3452483611637358	0.09101445160903943
0.3570373106140011	0.9017129521054474	-0.2437993249268755
0.0021024075391835734	0.2602255197305475	0.965545575705003
0.9974899355469523	-0.022271790533614402	0.06721455072351244
0.07062930938586587	0.38042197961939483	-0.9221120420416037
-0.0050328061965927845	0.9245447986814309	0.38104013711537
-0.8518699203301159	0.409051823276813	0.327099747341202
0.5118935760999574	0.5180944214815072	0.6852321775700114
0.11082691723746668	0.7511689399220773	-0.6507400541783048
-0.34418006186236827	0.46286570433924645	0.8168815243123998
0.7958335985784429	-0.3178245755621061	0.5153992845769705
0.49818567662077784	0.827491920755303	-0.25897519706450156
0.43719522575755354	0.3077809785165132	0.8450628401712026
0.3174929804282801	0.8263063319008388	-0.4652053882312077
-0.8414621452885267	0.4716870945065156	0.26353888313194296
0.15532985190249393	0.41183768867416365	0.897921129774476
0.9619091853695305	-0.27003836727376407	-0.04254408656729153
0.22495189754628647	0.8703269491332792	-0.4380954752136601
0.033935998852681504	-0.6007056135820851	0.7987497191191002
0.9983829297164996	0.05684553184716168	0.00033340622710570367
-0.045605631588321816	0.797446770211018	0.601663340288775
-0.9959875168181347	0.012932104103346498	0.0885529617003625
0.08849105375319528	-0.005284498942415006	0.9960629535709963
0.0133491478415202	0.999902412615545	0.004118919459932924
-0.562150895943291	-0.13679747478620208	0.8156425817000201
0.33638855638548626	0.8631396957874415	0.37660669761549853
-0.7555323350612098	0.4860826230673973	-0.43919764825061947
-0.8329582656643502	0.00388714477120089	0.553322164536145
0.5450429507438672	-0.1667123246820208	0.8216661016760605
0.09543955943871163	0.9859979162780435	0.13674574797594463
-0.9291272983643231	-0.013144836582804242	0.369526286893674
0.2697321236419279	0.6594761711495782	0.7016664172963588
-0.25291707121076307	0.7516105327608865	-0.6091917285494499
-0.5775663478343573	0.16909620144402884	0.7986385844087938
0.526344124574053	-0.6706720978120166	0.5226478735657516
0.624002384911833	0.7222225501004718	0.29835484200983875
0.30144732737345215	-0.10410884193269831	0.9477820729739697
0.7195935011689956	-0.6273069647980409	-0.29777703905979025
0.625551518177959	0.7717819128143011	-0.11418396191212143
-0.24895035694624923	0.2181980318137285	0.9436171568432559
0.810015242708322	0.5810152190392431	0.0793512559759364
-0.5309416411965755	0.7840988038234693	-0.32138767786909805
0.9479607114973164	0.11765113389382241	0.29585249728707624
0.23387605063209044	0.3732007775233219	-0.8977879329756687
-0.21603815033053178	0.9202605013524626	0.3262638920448855
0.9999995458184089	-0.0002546835049778346	0.0009184221732199232
0.00025532225471152644	0.9999997255897595	-0.000695435800016206
-0.0009182448051684387	0.0006956699777821112	0.9999993364346598
0.8970558311048041	0.27628376962220313	0.3449030509059243
0.4038766847708547	-0.8293460393402667	-0.3860942508366549
0.1793724041745911	0.48564639983630015	-0.8555542735248705
0.8658964897489159	-0.5002229061217474	0.0005596709919576484
0.500223021328458	0.8658966004334493	-7.931471859284837e-05
-0.00044494217026460085	0.0003486386509619204	0.9999998402387653
