-0.168317889367398	-0.7008467218877096	0.6931687821433937
0.8557035140689006	0.24518930422758622	0.45569035660470936
-0.48932666402827396	0.6698478017517439	0.5584472565599343
0.7878446271234287	0.2119916513128509	0.5782390364601789
0.26344597319967866	0.7326548244510913	-0.6275453190116348
-0.5566839881994269	0.6467429535620709	0.5213698200895303
0.9526156760390418	-0.05370148596523618	0.29939860415473685
0.16205688004726296	0.9225681693138262	-0.35015073982255446
-0.25741200708985257	0.3820786874114555	0.8875555955724199
-0.6129652680374842	0.31013643117535983	0.7266973057866295
0.7419683685175229	-0.09019642831793129	0.6643399313891447
0.27158151685853044	0.946403718492536	-0.17482414399710433
0.5675092213714725	-0.5474573102479018	0.6149990057833244
0.7146443026601365	0.6984714891309372	-0.03769747400845683
-0.4089215136597145	0.46089919974691185	0.787626258665177
0.22964642312638062	0.8005307994360416	0.5535458061439462
0.9506074171886607	-0.06245819891609106	-0.30404689074888
-0.20882542644793717	0.5960280299972894	-0.7753338176078657
0.9468932974611247	0.10760708210085476	0.3030079192115908
0.19586236520054914	-0.9403674073167114	-0.2781134177893864
0.25501179800402324	0.32269157897005457	-0.9115037727516926
-0.9960550008100566	-0.07091400803322638	0.053344529484683975
0.08372204317016656	-0.5517455287497532	0.8297996691925519
-0.029411814780655462	0.8309922231701806	0.5555059587277074
-0.9873159609787212	0.035697455714039546	0.15470256899032764
0.043081386188171984	0.9980736827363758	0.0446421100885023
-0.15281095301308895	0.05074066894112217	-0.9869519730739877
-0.8764424359670993	0.24841505354346502	0.41247862685120473
0.47887498206390644	0.36025527539777946	0.8005591096860767
0.05027333278539667	0.8991696712640322	-0.43470276544965936
0.8858983964776843	-0.02392554679043421	0.4632619122365301
0.45779857969591564	0.20626328066921462	-0.8647981958098522
-0.07486315212886885	0.9782039803938399	0.19368139093619274
0.2160480820391829	-0.35260549586748047	0.9104903022719345
0.6572604185775275	0.7421136423410302	0.1314385180326643
-0.7220332183622052	0.5700321974550016	0.3920858648894886
-0.4718186061090752	0.7821596603514358	0.4069563473497082
0.8439317659486616	0.2669915739751435	0.4652898815244634
0.2552770599800601	0.5629758122203851	-0.7860609756900128
-0.8300267654004374	-0.5262121629656059	0.18481430752500122
0.5481910473516877	-0.8307496377302208	0.0966520305765283
0.1026749449590636	0.1815373211165273	0.9780092314081131
0.00014345773925850125	0.4911280267019177	0.8710873898798889
0.5578742039277015	0.7228983554563072	-0.407669400704296
-0.829925509917553	0.4860156675112922	-0.2738839515591278
0.7178706752392698	-0.6869948771024522	0.11269308970163718
0.6926970996987404	0.6886987580219939	-0.2141605677241173
0.06951562198864268	0.2318017677541515	0.9702760013344567
-0.17652136792962536	0.9297189957782724	0.3232070474994236
0.9644077997120643	0.2290406817658287	-0.13212858112754972
-0.1968700142703021	0.28837987964711614	-0.9370588255258716
0.07487175750130948	0.8674880942076748	0.491791242639193
0.9260362470168491	-0.24344131600875518	0.2884323055257073
0.3699338983380877	0.4338210830144864	-0.8215522982698813
0.9361919451801477	-0.015708102508774725	0.3511380032058411
0.03334614589151815	-0.990525705648722	-0.13321734497910873
0.34990381011642757	0.1364261044106849	-0.9267983824442789
0.8147852185680139	-0.14136929087477637	0.5622630800618486
0.5662819861329352	-0.013864227411904295	-0.8240949553174133
0.12429706265399842	0.9898598419957414	0.06875851525268784
0.18861646792728148	-0.6869493558137827	0.7018008339790329
0.9810587709230822	0.09969144594250012	-0.16608824040486841
0.04413066985134656	0.7198348408856874	0.6927411391173103
-0.4759520816019318	-0.38464664350647093	0.7908960586941838
0.8432024712765437	0.056011515604478146	0.5346702746112024
-0.24995841344495168	0.9213629413856925	0.2976762029272536
-0.25738138550732215	-0.1720290349984171	0.9508737211175018
0.8835397378052772	-0.4403654750243067	0.15948598723900126
0.39129573740754364	0.8811834426066629	0.2653363645687423
0.1483005325766532	0.6324338748306015	0.7602857002497363
0.7608035398192199	-0.5641194227656312	0.32085393975626303
0.6318108307365629	0.5308452418787626	-0.5648171415056844
-0.16528756281628887	-0.4412281727807491	0.8820417910296614
0.9202185454664736	-0.3907277555998443	-0.023014117047494898
0.354792686167315	0.807867266664809	0.47060878582290777
0.9401936673149002	0.027566856506643755	0.3395231013691129
0.16324116010585926	0.8383547450017717	-0.5201092627326567
-0.2989785804840407	0.5444275800832987	0.7837157765774474
-0.07363548995647684	0.020623015136093437	0.997071966241939
0.8560300265474928	0.5142447224546662	0.05258287816981899
-0.5116545790550189	0.8573955077292041	-0.05552058228992118
0.9222834298504866	0.07713221120900465	0.378739880415612
0.13499991410064371	0.8538888567969604	-0.5026418639854812
-0.3621716419269203	0.514708113625567	0.7771147016702032
-0.9591174726944298	-0.23373226346057582	0.1595709954529517
0.2489767970956092	-0.9649374520324803	0.08310396003246073
0.13455195308973342	0.11943593547446657	0.9836822806359161
0.1947170518444098	-0.1261080795450693	0.9727188812778725
0.25999466347513717	-0.9495912385484566	-0.17515494465317885
0.9457737809251595	0.28700737263259013	-0.15211417872462096
-0.3371807926034207	-0.24100848337324954	0.9100681425264019
0.8535371907690599	-0.4861263635174975	0.18749779376652914
0.39721955776798173	0.8399976604939923	0.3696221764061631
0.6274127343090785	0.18813698055542255	0.7556174543870028
0.5086729791165399	-0.8337396781485433	-0.21477883833717826
0.5895804110920834	0.5191171598283494	-0.618799089550266
-0.33939536618161603	0.09832775315635972	0.9354904801085198
0.8041115885188903	0.5463569541709773	0.23430457067381238
-0.4880730873794146	0.831760621566226	-0.26449750431278485
0.7485301029143542	-0.2966077090802842	0.5930653858936398
0.4902152305283164	-0.35475283520363154	-0.7961403479745606
0.4465329918260194	0.886664701467883	-0.12014155976086593
-0.9930124160815028	0.02849557563179144	0.11451787492522249
0.10254937335029901	-0.27182147551685865	0.9568681787337788
0.05839492729199196	0.9619257183469266	0.2669998967215387
0.7291796512611248	0.26605918913673593	0.630483579534477
0.6154430431419917	-0.6578010326541659	-0.4341977223422968
0.29921045575786454	0.7046348765956851	-0.6433994046081761
-0.5069980585610847	-0.39275609534545547	0.7672650247367478
0.8505448039460533	-0.08365341753119004	0.5192067432302111
-0.13973727167674616	0.9158300908489215	0.376468776394531
0.37636495257437486	-0.43929303910236595	0.8157027940799859
0.8723098766359014	-0.12859807687231495	-0.47173934937441964
0.3121296230689217	0.8890917615302424	0.33479984764319026
0.7298582925508939	0.5667374554359904	0.38225061072630445
0.6614580725559892	-0.7266506767687806	-0.1856125324486193
0.17256909064258802	0.38831359821336764	-0.9052250871453895
0.606781508826417	0.7430867742516835	0.28220249197794894
0.7923799804466528	-0.5374042696387868	-0.28867043070145676
-0.06285035508013442	0.39877148457008543	-0.9148940572328972
0.47654524568011547	0.8043770458436742	0.35479881191949086
0.8451398083401825	-0.3079827347823778	-0.43690426804356963
-0.242163856052876	0.5080592516584769	-0.8265787703696672
0.6374861212208109	-0.03355054794121953	0.7697309958574421
0.6992153446127045	-0.39440120960263236	-0.5962764356589293
0.32358823697560846	0.9183256756711228	-0.2279662393737132
-0.17614179141566555	-0.33981105152212365	0.9238520003660267
0.5787243765946497	0.7234453181616209	0.3764372026848104
-0.7962739260154224	0.6009619962139533	0.06922798461984936
0.892584148761072	0.3242412481954376	0.3133067990790134
0.4410864274578507	-0.48389020992159226	-0.7558392873187443
-0.09346818117917366	0.8128455435755932	-0.5749311449176806
-0.23602122039713125	0.6310899894068381	0.7389312612095431
0.7944692001342809	0.563189599316007	-0.22723592422914027
-0.5595647179372956	0.5334256278927293	-0.634306255642338
0.11160899767898769	-0.04550322149515529	0.9927098712467075
0.8768818477067967	-0.465506613473357	-0.1199242176329744
0.46756994856321343	0.8838738878630421	-0.012053777601418014
0.023951770505373116	-0.712746079165383	0.7010130807082218
0.9698781804325398	0.1865969626588384	0.15658189118592858
-0.24241004065534058	0.6761468776537165	0.6957461979979527
0.12260769303482055	-0.5165080047647745	0.8474590459854628
0.9902997839137881	0.0074238155556682894	-0.13874878357268483
0.06537347771828828	0.8562501783804235	0.5124079824070946
-0.38040137753231273	0.3233976694463626	0.8664344980252
0.5452592707203197	0.8351415018684853	-0.07232564932578081
-0.7469853543845851	0.4449186658857007	-0.4940245551401512
-0.10101258080116104	0.9547013472761416	0.2798960450399553
0.9947757000441433	0.09274901166429705	0.04264888553034692
0.014756866929446777	0.28274185813992225	-0.959082518104678
0.46707698683680654	-0.12201080683917293	0.8757582151381189
0.23871304067144594	0.9710574240137104	0.007972670898107978
-0.8513842684598079	0.2053310553284889	0.48268414634919055
-0.8083809374776663	0.35340498316183755	0.4707708336325759
0.3994102948979893	-0.25818798716077707	0.8796649246249209
0.43242534182472514	0.8991350739250736	0.06756065856341231
-0.7051277520770507	0.12664948647242452	0.6976781212185438
0.32911588801686487	-0.8130601404862481	0.4802248850354942
0.6280745063331551	0.5682368480913169	0.5316289109572667
0.07078819300609185	-0.29188679150079	0.9538297189112461
0.6716713789246084	-0.6930052974281917	-0.2619183393158616
0.7374595517480587	0.6592008485157146	0.14699541098862412
-0.8961641414689978	-0.4258684402188046	0.12460298219037991
0.4436846121315596	-0.8563518909290304	0.26420712303028715
-0.00581347596547805	0.29205737540400556	0.9563831308473203
0.4839873842401853	0.5489605494005292	0.681467920813748
0.8707882626037868	-0.22514449364037392	-0.4370786641954725
-0.08651019366422635	0.8049548261767794	-0.5869954976035927
-0.5959988797128952	0.16560186499368876	0.7857234613345752
0.4551893826626794	-0.7364201919455322	0.5004876889655469
0.6615043169111916	0.655943079242031	0.3635253987032271
-0.34476202723242677	-0.8969638170908367	0.2767581171500188
0.9381648006649166	-0.33911485316146694	0.06962702893728914
0.03139986261028771	0.2836494794550356	0.9584138049052415
0.647113769334958	-0.3669217078362371	0.6682905280307673
0.53510554558556	-0.40578708436942157	-0.740944597957596
0.5430523221759417	0.8370814192642807	-0.06624856905484378
0.7556947927237743	0.49689535571146215	0.4266384719203735
0.5706227175373773	-0.8192625733592118	-0.05655572582065489
0.3214266549003527	0.28618847175457995	-0.9026522387688116
-0.6869198876362106	0.3857332623155262	0.6159147005172692
0.6293743811178295	-0.10798912158909713	0.7695623678500426
0.3633578901887296	0.9162686287120371	-0.16859075797848
-0.8994455139201272	0.09918276082360851	0.42562958948405477
0.1870279551024106	-0.7928648479405311	0.5799878247950114
0.3949915334525144	0.601272078892447	0.6945887816868237
0.5753012238010642	-0.1600001537564932	0.8021399208934163
0.36504567284645284	-0.8273714672979859	-0.42684670765657506
0.7319632221833814	0.5383831404298204	-0.4175804538910384
-0.44585745524298526	-0.4209405824880633	0.7899494639651699
0.4711385097735665	-0.8607421009818856	-0.19274734811569297
0.761077942271744	0.2862377711132811	0.5820896015009277
0.7821075874059977	0.12413524316211479	0.6106538816113858
0.19156855737284284	0.8846036424744429	-0.4251798249529672
-0.5929664489227511	0.44951845026208953	0.6680748111745509
-0.6369294632137781	-0.03767313458311361	0.7700010349479347
0.5175625573902958	-0.7611463632906377	0.39087749082935563
0.5713579071631238	0.6474850952571177	0.5042947484775706
-0.5868704341791597	0.3691882089236531	0.7206130444823418
0.5307270597751075	0.8475404582989556	-0.0019898665446825836
-0.6114833452423982	0.3812810484906656	-0.6933346093720008
0.5826063212656443	0.0628284977435622	0.8103224384728587
0.5178759028242452	-0.7971008516468341	-0.31053950083340975
0.6263979754878566	0.6005687405910981	-0.49693335984771214
0.9187621098851763	0.3648910651091854	0.15076702571458914
0.38194608937041047	-0.918154358117264	-0.10540284381801407
0.09996684577393541	0.15442501505183176	-0.9829341506287443
0.681702653558249	0.3054101598066723	0.6648354130298
0.730691276390758	-0.2382027448778894	-0.6398044317907495
-0.03703715348250636	0.921945815446603	-0.3855439827599585
0.2280825457720198	-0.1822754374495395	0.9564277375822668
0.7908458834706225	0.6076717813962087	-0.07278595120164943
-0.5679270559779003	0.7729881441505667	0.2827511062594409
-0.2853888293302913	-0.2506704708122293	0.9250500154890335
0.3108991651021857	0.8887829738137677	0.33675886714015324
-0.9065842074690302	0.38370449635302795	-0.1757154923341122
-0.17408448370822782	0.03479528457158161	0.9841157862282377
0.09115421248340812	-0.994515202401475	0.05128763729090491
0.9805026782618034	0.09863468134452705	0.16995792878678562
0.5602297004395096	-0.3493210628043773	0.7510775444830431
0.8237424659168031	0.13957395383580196	-0.5495156606102742
0.08712653207124671	0.9265494625177124	0.36594406801774537
0.19563658011679386	0.33840728407057136	0.9204383947924949
0.8903315356867825	0.33219925015095586	-0.311373432971983
-0.41113998234399507	0.8804113631065436	-0.23630435169724873
-0.47356669072771007	-0.15529882894200903	0.8669583975961281
0.6118638794152162	-0.7660367195408675	0.19700339434138764
0.6335275704341266	0.6237547739651434	0.45779121819397717
0.17688096604136838	0.4768317331583595	0.8610137177220044
0.7944217554359336	0.4472735083065744	-0.4109020360830773
-0.5810397562494	0.7566887781778742	-0.2996913322692438
0.23991623202478496	0.35038986687766654	0.9053547055162858
0.5359682407355912	0.7297717637248459	-0.4244658028542735
-0.8094308163974391	0.5870776048014256	-0.012713748731054242
0.2746253308206702	0.2509773088861936	0.9282194342373367
0.7722345294537651	-0.6327401256434015	-0.05739133140199981
0.5729177595353101	0.7325642114006228	-0.3675798103596335
0.9484991589382001	0.2561896266543955	0.18632289362343132
0.30699183301222766	-0.8884597439355257	-0.3411675510212131
0.07813680283528104	0.3807967418462256	-0.921351442958646
0.7405008561108903	-0.012256630513569788	0.6719436413178508
0.5843114113333767	-0.4822158604202471	-0.652723554458362
0.33202207258650135	0.8759666882750821	-0.3499195683978671
0.6088674045198873	0.020209868386720342	0.7930145300894601
0.3575835869354319	-0.8993424597505524	-0.2516289300621378
0.7081062505497365	0.4367776337103553	-0.5548070264720664
-0.7481991142028483	-0.20163295185887456	0.6320935359824132
0.5264693562275883	0.3993537308967322	0.7505641975022319
-0.403767386572247	0.8943493446878223	-0.1926425373511278
-0.7741032116095394	-0.3800979096346189	0.5062507253004087
0.416787758849342	-0.907920342509372	-0.04436908530731065
0.47649992848807393	0.17665285378124443	0.8612442089220703
0.03349534142245025	-0.9142574494242244	0.4037466758690469
0.9753547045265987	-0.05824798162000433	-0.21281534952870942
0.2180854476136008	0.40092454253825294	0.8897742684128755
-0.6262849242827948	-0.5647284640562535	0.5374467001487295
0.6396168711251031	0.021924697555373518	0.7683811331684545
-0.44571005349691933	0.8249854965523757	0.3474787456665561
0.9942145637294617	0.006497941715128977	0.10721556800065449
0.10712718156966432	-0.13266533514767853	-0.9853545939503678
0.007821012541631457	0.9911395893634867	-0.13259391448781765
-0.4595582357263026	0.8630352515412624	0.20970546624548933
0.8875782538367097	0.4378245527279372	0.1432288530456029
0.03179734725264349	0.25195201056092364	-0.9672172005718276
0.10771599413937438	0.028001606677836688	0.9937872884224401
0.9852378225981272	0.13077425268707277	-0.11047410446000061
-0.1330552423945322	0.9910166521595878	-0.013501763356499108
0.36319076340898016	0.3308498484978959	0.870994171693084
0.847496061366616	0.27107872452222814	-0.4563625215543831
-0.3870954602452412	0.9039107825777504	-0.1819406546025477
0.4209983426209023	0.22639125854090267	0.8783549359835804
0.4464601395295106	0.7912116894693495	-0.4179203348227358
-0.7895782034236655	0.5680942355836079	0.23202413705244718
-0.4414816907179293	-0.19293396638843585	0.8762821471275472
0.886418492444495	-0.24520908101103922	0.39260000361965114
0.13912646410107266	0.9500784131866944	0.2792755552915178
-0.77786170670307	-0.6124132586564314	0.14100058817891026
0.620152079475696	-0.7843471402591962	0.014524527158970284
0.10169839510512402	0.09873988145137913	0.989902961023963
-0.6059932450165768	-0.7419292235207446	0.2869027958737669
0.7521333391160869	-0.6518343517546374	-0.0969918453412314
0.2589741824668338	0.15701275476379856	0.9530369183075325
0.03179142941532742	-0.7283811329748919	0.6844342409186895
0.8447648152096403	-0.34640819730745154	-0.40788940636160637
0.5341925795062604	0.591153352324432	0.6042979414461326
0.9919469305260364	-0.07772885795559495	0.09999755827465798
0.11526361746983535	0.22678482516037268	-0.9671002748240468
0.05249367112083267	0.9708382294274872	0.23391782055747645
-0.7582345384325404	-0.0014863966899596806	0.6519801955219746
0.11745186816125555	0.9833259374713571	0.13883500769441282
-0.6413154008702919	0.18184578994564787	-0.7454171082592751
0.7212797710518094	0.3859574347134383	0.5751455037300311
0.5754258449869383	-0.796093361929493	-0.1874045250597356
0.3855393479173265	0.4661246804034507	-0.7962959208273412
0.06463507889757869	0.8737300075043569	0.4820976877794995
0.9142514399432154	0.14178018995700126	-0.3795295539184182
-0.3999582617444734	0.4652894279071819	-0.7896449437184705
-0.38321206488723636	0.8488748517889485	0.36408790054758866
0.9158680429788287	0.4003074569605186	0.030654000586101654
-0.11972569137403401	0.345203455808445	-0.9308599964134863
-0.9693677715578755	0.15802298778614127	0.18802887755889935
0.23786479481288392	0.41321666646384203	0.8790178189008084
0.061208356076136713	0.8968169946469853	-0.4381470247060977
0.5909211896948507	-0.736404711401651	0.329424116596028
0.8020228619137966	0.49221790972968993	-0.33835020069291827
0.08701423180851257	0.46414397590272133	0.8814754069717365
-0.6489567249984118	-0.19035889910605652	0.736626539442115
0.3661691372922592	0.7705425550448939	0.5217128844101219
-0.6669147861413618	0.6082989893103693	-0.43034521913227386
-0.802653022973933	0.42566409325161275	0.41780163286790756
0.46474897009247657	0.00729543967846058	0.8854124300900008
0.3738402325978169	0.9048518421687501	-0.2036826556558755
-0.9731043852311012	-0.1413281771653474	0.18191811834757243
0.19459818207270208	-0.0816800701323721	0.977476298268746
-0.12328585879167438	0.9865874074213047	0.10698544078382033
-0.5918150590440974	0.5041115719301503	0.6289884410183906
0.6709815312108336	0.740508094289517	0.0378357908027977
-0.446697571811844	0.4444314180363725	-0.776493395979375
0.9307182500029326	-0.3599129054830012	0.06500953451812193
0.3653294434193774	0.9064878831342791	-0.21169344699735382
0.017260848251652125	0.22077685158892402	0.975171597679155
0.9981252426927932	0.011447265264702116	0.06012453756505883
0.050814684142594546	0.3925735293956114	-0.9183157909419621
-0.03411550637087154	0.9196493810881583	0.3912558601340387
-0.8491640140448449	0.4031374657083588	0.3411754108863783
0.5193299185491188	0.5199606058014673	0.6781868504433987
0.09600475483543965	0.753074466541532	-0.6508931823979835
-0.33850558333390324	0.41652973887116695	0.8437517091465307
0.7800451684852711	-0.3772736597401989	0.4991934702988634
0.5262542210515364	0.827144220980933	-0.1972027700700132
0.42676328212915837	0.271629821410076	0.86260671290402
0.37166826886247223	0.8168762674234438	-0.441107539769063
-0.8244609141415506	0.5088520451379484	0.24765661148413953
0.1837532468403138	0.3967144540111761	0.8993622108217896
0.9508129055256186	-0.3038530937067436	-0.06023384539253396
0.24937835303324474	0.8661933614519653	-0.4330352152134638
0.0480664768833321	-0.5921894384762875	0.8043638994616574
0.9980230386412988	0.06111995955350902	-0.014641205051694806
-0.04049232200321995	0.803477454258249	0.593956523962378
-0.9976598588093046	0.03678257756411302	0.057635476126584394
0.05723532308378418	-0.01184156135542569	0.9982904863896883
0.03740219127394694	0.9992531307994014	0.009708587719199469
-0.6034481921871144	-0.12619144164405008	0.7873537955721689
0.3262687947687334	0.8618880148280237	0.38819804669262137
-0.7275980709885524	0.4911463834251504	-0.47893243484037873
-0.820933619834094	-0.011242451482138482	0.5709129523060088
0.5641515309176703	-0.1706139921390486	0.8078514194142543
0.08832350756927687	0.9852738060920165	0.1464052083759707
-0.9406755502577409	-0.029190951253428438	0.33804940099372716
0.2378128575728561	0.6539172490469103	0.7182181257612159
-0.24202180463819833	0.7560027247066252	-0.6081819845373828
-0.585418689466475	0.17879714605519234	0.7907695862802726
0.5276924750135449	-0.6564505556548916	0.5390856330811121
0.615488106982933	0.7328739649782235	0.28994851546380307
0.293761072153617	-0.10830900879414246	0.9497229022726512
0.7429281830597154	-0.5993064296191344	-0.2981434524398532
0.601466663500769	0.7931588504399325	-0.095587084201042
-0.22707708752404554	0.23324434566956648	0.9455332207462479
0.8253628216844757	0.5614351799191425	0.059722285038335765
-0.516925728613538	0.7939695296183197	-0.32000027677336007
0.9511908749434129	0.13978607203436033	0.2751286489800531
0.20323258921044557	0.3871611430789157	-0.8993346229144331
-0.23223357661458638	0.911353994535072	0.3398550610742248
0.9982607683915637	-0.02491842607501089	0.05342761769187242
0.02907926296537237	0.996484309156661	-0.07857110200298165
-0.051281914508678236	0.07998808440334373	0.9954758016133833
0.8898307738195226	0.21678488339260382	0.4015040576335496
0.39549131812935345	-0.8052837126051704	-0.4417066441623219
0.22756935480871782	0.5518355339639599	-0.8023027684151758
0.8484254382850247	-0.5286111261240486	0.0272864986527927
0.5290760557549995	0.8484635091449191	-0.013718632447244502
-0.015899776652406772	0.02607586982930825	0.9995335142530483
