-0.16727084448598695	-0.8553476998550873	0.4903068191832093
0.7008848075754819	0.24659136052867558	0.6692930504812494
-0.6933836968770065	0.4556018143787711	0.5582526629044839
0.7903314667571973	0.20676356450337816	-0.576736509202664
0.2661164320160724	0.7320545468620956	0.6271189560438809
0.5518679346224531	-0.6491109064038204	0.5235425617112315
0.9520936951867224	-0.16100614622789916	0.259989646837202
0.05207162459576413	0.9231165654673913	0.3809781522235169
-0.3013405739319723	-0.34918881344700575	0.8872773135079144
-0.6069603366067713	0.7478641955575056	-0.26888342230289997
0.3118555920488151	-0.08706815916947153	-0.9461317167111154
-0.7309892198207013	-0.6581172241037037	-0.18037871228046232
0.5656617630797964	-0.7156597863193471	0.4097045765363168
0.5455079470412226	0.6973317985623462	0.46491874820088097
-0.618423681228595	-0.03948965635644264	0.7848520354414092
0.9528938279955388	-0.12122990524698253	0.2780227736028403
0.12122990524698253	-0.6880092501509036	-0.7155044247107064
0.2780227736028403	0.7155044247107064	-0.6409030781464424
0.9586142466813914	-0.04420933981293307	0.2812547961062586
0.04420933981293307	-0.9527744315380966	-0.30044370001809173
0.2812547961062586	0.30044370001809173	-0.911388678219488
-0.9958670751749263	0.07294959870989828	0.05410290778324699
-0.08530138249124553	-0.5467286161046612	-0.8329534767784839
-0.031184013975432245	-0.834125995506882	0.55069172945672
-0.9867003459985668	0.04395042048672917	-0.15649532819016704
0.03656194584760981	0.9980906122759993	0.04978306742615717
0.15838450467815607	0.04339919613956645	-0.9864232653644653
-0.6349281901507684	0.3467428706533759	-0.690387988744681
-0.3467428706533759	-0.9264612237569549	-0.14642056729101088
-0.690387988744681	0.14642056729101088	0.7084669663938135
0.9498000646076697	0.243217606897957	-0.19678677030252117
-0.243217606897957	0.17838407246649657	-0.95342766814536
-0.19678677030252117	0.95342766814536	0.22858400785882682
0.216209894181836	0.658982655575777	0.7204131740245846
-0.35271562324824873	0.7407529941856074	-0.5717313099014756
-0.9104092325841598	-0.1304870156580899	0.3925916045589445
-0.4678150556552323	0.782928485430678	0.41008786912504125
0.84727868264203	0.26522374665065107	0.460190393373197
0.2515311265880996	0.5627427040076274	-0.7874342775390881
-0.8297140745578651	0.5487421909661265	0.1022573338899484
-0.5261535638530819	-0.8300287329220026	0.18497224053515587
0.18637859781983085	0.09967101071821079	0.9774091814061929
-0.004410313882428074	0.5615005737837124	-0.8274645942709693
0.4962876222062163	0.7196038730085053	0.485663321649946
0.8681469605869492	-0.4085185082609119	-0.2818394635815231
0.7149335890856952	-0.6931512558563216	0.09171313810927245
0.6931512558563216	0.6854271324152212	-0.22300444536791422
0.09171313810927245	0.22300444536791422	0.970493543329526
-0.1751839191982938	-0.929897035425768	0.32342247596710594
-0.9658091516282162	0.2260809827475453	0.1268860586159449
-0.19111064095311503	-0.2901359900913222	-0.9377088195000711
0.07534075535292384	0.9286950335536496	0.3631105964243353
0.8655948725302768	-0.24169233794550937	0.43855482032207516
0.49504473255671033	0.28126561899958435	-0.8220829424922012
0.9372043474745463	0.02701414784597135	-0.3477330109307511
-0.02038165758918347	-0.9910503398818467	-0.13192350758675672
-0.34818471980936666	0.13072666000564606	-0.9282660939919332
0.8214660382998131	0.14680936256869212	0.5510358962737221
-0.5565177563706101	-0.0044499885309174925	0.8308237986759268
0.12442481570905412	-0.9891547950974351	0.07804650262195556
0.1819174831923236	-0.6828592687962688	-0.7075374536573988
0.9820295711550223	0.08940450141871847	0.1662069688766188
-0.050238935956622766	-0.7250586556583513	0.6868522367793897
-0.24571661859411575	0.8859194805428968	-0.393408207008036
-0.8859194805428968	-0.36995837232133777	-0.2797811229228134
-0.393408207008036	0.2797811229228134	0.8757582462727781
-0.26125411238926577	0.8821457211549026	0.3918739789878805
-0.1745654596097424	-0.4424576286579516	0.8796352352842749
0.9493540904588427	0.1614006613693983	0.2695860483010657
0.14848523379077605	0.763771278513645	-0.6281763840385365
0.6320470055424643	-0.5618399723797869	-0.5337156810710034
-0.7605713103522266	-0.3177881048024187	-0.5661642891557048
-0.09610104938135033	0.7398919028130673	-0.6658262239199217
-0.7398919028130673	-0.5005569713145319	-0.44944709435047125
-0.6658262239199217	0.44944709435047125	0.5955440780668184
0.937610147295335	0.16106090569596102	0.3081340558023682
0.03515954993957052	0.8377719755683818	-0.5448870736219548
-0.34590608224902186	0.5217255040810708	0.7798406764554446
0.5738062610315349	-0.7061674182027109	0.4148179748635874
0.7061674182027109	0.17006041369364167	-0.6873187274934862
0.4148179748635874	0.6873187274934862	0.5962541526621068
0.9226728146123951	-0.12630499186838012	0.36431020601181235
-0.08637225341298833	0.8531153002381149	0.5145231951428367
-0.3757854587601857	-0.506202858080394	0.7762370484946188
-0.9611506615081666	-0.24481068120907865	-0.12750347543639998
0.22914923749562063	-0.9652187599616486	0.12587045869970026
-0.15388317918989533	0.0917631504692606	0.9838188305670746
0.19299369025623803	-0.12986909191274354	0.9725674549803928
0.2571098922542911	-0.9498740353125292	-0.17785899005695
0.9469149586030764	0.28438237639637726	-0.1499290671247009
-0.33826115734419426	-0.24286479566160835	0.909173295065584
0.8529994454966314	-0.4871746524050322	0.18722394087422506
0.39745607985613396	0.8388549034739448	0.3719557977812864
0.625253681474094	0.5097476684684356	-0.5909442852706897
0.18744489881831342	-0.8331364439625419	-0.5203345804849443
-0.7575765596361099	0.21457162028666477	-0.6164712288967515
-0.3444690733117015	0.0943301559967396	0.9340465080505407
0.8025192643568027	0.5458578144653057	0.24083620309948472
-0.48713846888538176	0.8325509402173484	-0.2637329029059805
0.7497305073277896	-0.2919236197012572	-0.5938726855501364
0.48963756102840167	-0.35898000139549224	0.7945995327385051
-0.4451507892974847	-0.8865178841166197	-0.1262014894096668
-0.9932884029761437	-0.027768663399392893	0.11228111972238364
-0.10044152976043237	-0.2742925583833411	-0.9563864760204974
0.05735544971914358	-0.9612452828225126	0.26966249023359234
0.7297904797933269	0.6148726340367341	0.29889379303651353
0.2653700160915588	-0.6576771858453183	0.7050102650161543
0.630067147344306	-0.43519232889759313	-0.643135309795767
-0.5054973578588584	0.3937139789948848	0.7677641069636743
-0.8515847967255991	-0.08447511714538924	-0.5173657203266301
-0.13883715346957076	-0.9153432456337284	0.3779827872921977
0.3762176219924074	0.8735852202456649	-0.30872182279636673
-0.4370479355230439	-0.1264809565577678	-0.8905007971266939
-0.8169757664444052	0.46994832758141103	0.33421425230832313
0.7275294793056052	0.6640232146309334	0.1725515203425239
0.5684776166967643	-0.7242537170303842	0.3902431968432496
0.3841016220430235	-0.18582175276020296	-0.9043982641209816
0.60778252316502	-0.79128920172047	0.06679673476857187
-0.7424413425894574	-0.5363838080213614	0.40133933685407164
-0.2817467965197218	-0.29351969224071395	-0.9134905215259705
0.480664864650277	-0.8439767793509116	0.23804302931863644
-0.8011515820742752	-0.3122815248193602	0.5105256034680148
-0.35653531442287234	-0.436100269631833	-0.8262560888710144
0.6393672227759419	-0.6949964666702363	-0.3289216711554076
0.03704558663156077	-0.39944071013650806	0.9160102311638041
-0.7680085799982331	-0.5978520137973353	-0.22964274568896825
0.5164549071463334	-0.8481716605294783	0.11780986019488993
0.8481716605294783	0.48775197258188374	-0.20664667313351226
0.11780986019488993	0.20664667313351226	0.9712970654355504
0.8903146804105724	0.44540497936855916	0.09462649839824885
0.32756636838708986	-0.4821415612960622	-0.8125514070953841
-0.31629107503550224	0.7544229047587889	-0.5751574016112435
-0.238100156493531	0.7946519158468267	0.5584233592165746
0.6309958703004249	0.5636518352191298	-0.5330486097138949
-0.7383444502002876	0.2254438761534117	-0.6356276673992092
0.11482903857433513	-0.035971725731459236	0.9927337643336176
0.8776027000705202	-0.46455137805428937	-0.11834491107264983
0.4654329089450235	0.8848152643889919	-0.021775104482231855
0.029107296362024027	-0.7086347612862846	-0.7049748508955647
0.9688386625437925	0.19355488820667788	-0.15455792186638556
0.24597644452030074	-0.6785081284318051	0.6921866138499939
0.12348590250980451	-0.5172385383998274	-0.8468857811271537
0.9901834391728256	0.007908870408923185	0.13955001453504046
-0.06548273565768475	-0.8558047348331657	0.5131376688257457
-0.38608434650184864	0.3211191210871519	0.8647666664820375
0.5386815421772227	0.8394926673127916	-0.07123382374703371
-0.7488398183215215	0.4383315772337987	-0.4970959212223742
-0.09534326364934564	-0.9953108406366593	-0.016309279194314852
-0.9544970899163479	0.08675830482434466	0.28532140102913656
-0.2825685180941336	0.04277063309272837	-0.9582931208805232
0.9712201002762654	0.23769821980383107	-0.015201089482360788
-0.23769821980383107	0.963191124370551	-0.12554845373752457
-0.015201089482360788	0.12554845373752457	0.9919710240942857
0.5002856763738809	-0.598704041522609	0.6255139588207624
0.8539635102549181	0.46051619152319656	-0.24222130479804815
-0.14304043193526386	0.655345945291084	0.7416610592597596
-0.6719596840158657	0.10972397842205181	-0.7324143851785919
-0.10972397842205181	-0.9927992573290727	-0.048065405502070446
-0.7324143851785919	0.048065405502070446	0.679160426686793
0.07720262467638206	-0.29054564492283796	-0.9537415703215678
0.665927913486553	-0.6969027373068029	0.26620779247372095
-0.7420106257881512	-0.655675074217907	0.13967973463182992
-0.8961438173865821	0.42536603993387007	0.12645153471105644
-0.44374106248682205	-0.8560664419767714	-0.26503606619533393
-0.0044864265145639695	-0.2936221704711829	0.9559110277556804
0.48292002894957986	-0.8712147828088435	0.08816489014724971
-0.5487222064743162	-0.2226131091833612	0.805820912946341
-0.6824164313388817	-0.4375250916633884	-0.5855592270672956
-0.540704008044671	0.16627405436815146	-0.8246163438402161
-0.16627405436815146	-0.9820555661491981	-0.08899327974265836
-0.8246163438402161	0.08899327974265836	0.5586484418954729
-0.34293104963184784	-0.8984126112221392	-0.27432293960844056
0.9388319753961128	-0.3375932927608112	-0.06800948946099529
-0.03150900144770134	-0.28086571289484613	0.959229708749598
0.6473062509623984	0.45577184190101366	-0.6109555185078223
-0.45577184190101366	-0.4110245150738516	-0.7895130626775354
-0.6109555185078223	0.7895130626775354	-0.05833076603624998
0.9104748089756244	-0.03934428302243868	0.41168877761514294
0.03934428302243868	-0.9827090834564287	-0.1809278438651057
0.41168877761514294	0.1809278438651057	-0.893183892432053
-0.44338698184082315	0.2204382500299675	-0.8688008760687407
-0.2204382500299675	-0.96633403052153	-0.1326857919286793
-0.8688008760687407	0.1326857919286793	0.47705295131929315
-0.5485094466176488	0.8003283278637247	0.2420990594571883
-0.5344247239801659	-0.5582455635024801	0.6346275326744987
0.6430611179117613	0.21871547372934738	0.7339182108255816
0.575913947472356	0.154549203468866	0.8027687517672493
-0.37209079687554536	-0.8248030545738196	0.4257327331157641
0.7279227733677043	-0.5438882834487574	-0.41750924677165435
-0.4448008168623254	-0.44570749644287955	0.7768507327236222
0.44570749644287955	-0.8625034191101864	-0.23965116239621845
0.7768507327236222	0.23965116239621845	0.582297397752139
0.7849487741785526	0.12627344075241886	0.6065562134510973
0.18863894155374455	0.883818147741582	-0.4281131059102513
-0.5901447039879886	0.4504669797922868	0.6699318834566279
-0.6424874824605891	0.5161532915027685	-0.5663882189384877
-0.03845399886982567	-0.7599097888850195	-0.6488901314765425
-0.76533072906579	-0.3951238950349412	0.5080806852459981
-0.5861370739377962	-0.3745829159572088	0.7184225564586854
-0.5346725023244088	0.8450479872172914	0.0043834413603570654
-0.6087434975536029	-0.38155148849532655	-0.695593139567382
0.5836375079533362	0.5164757444743984	-0.6265940190263829
0.058840617085334196	-0.7965247497106138	-0.6017359095811553
-0.8098796460530641	0.31432646797248753	-0.4952714714587385
0.919528390541514	0.37992307192352304	0.10062801999605489
0.3624571600134604	-0.9187433760216057	0.1566378503791447
0.15196166010908693	-0.10755960411146967	-0.982516455546814
0.6830558380874696	0.7295668816450689	-0.03415973157556412
0.3041756775785485	-0.24163948413846192	0.9214594493926083
0.6640119571395198	-0.6397988159663848	-0.3869697609164784
0.2282441941126272	-0.18172879367272549	-0.9564931956914975
0.7913214002037967	0.6069652183376235	0.07350962731413974
0.5671992854662107	-0.7736716805458352	0.28234217058031374
0.7358745430514608	0.6767217339112217	-0.023159269008179082
-0.6767217339112217	0.7338438726753839	-0.05933688051275155
-0.023159269008179082	0.05933688051275155	0.9979693296239229
0.3012741089704434	0.5521415249637306	-0.7774147205158848
-0.2726521160135431	-0.7313731498092979	-0.6251033029598896
-0.913725743807956	0.4002912091824551	-0.06980123891339707
0.5652948212600022	-0.8200587038410858	-0.08913746300574565
0.3410564024597862	0.1339655687488822	0.930448148330135
-0.7510807515825516	-0.5563784221591155	0.3554163135787698
0.1985248184142394	0.8889073948211452	-0.41283354987921944
0.3399089854211141	0.33262963507120635	0.8796700560450976
0.9192658908626938	-0.31496217122803927	-0.23611237280527542
-0.43717889075689986	-0.40843423115845945	0.8012840297263917
0.40843423115845945	-0.8839264045312092	-0.22771822542459627
0.8012840297263917	0.22771822542459627	0.5532524862256906
0.17562424647695107	0.4770859926765687	-0.8611301177181159
0.7955611211984908	0.44644745752026516	0.40959390878172397
0.5798608682147841	-0.7570162635409519	-0.3011440689233189
0.23755693641054199	0.5369005086669508	-0.8095088299434462
0.353332774082297	0.7285172567532923	0.5868718406704874
0.9048329418862612	-0.42544147706332897	-0.01664021849696562
0.27122599188734087	0.25377132920080614	-0.9284592472480331
0.7766036665329032	-0.6275542706486463	0.055338797586295285
-0.568615165513882	-0.7360541759043975	-0.36728877423809037
0.9492991601971059	0.3050216774924818	-0.07611097626979874
0.25425315036413215	-0.8873049748514288	-0.3847664449166783
-0.1848957543562953	0.3459070075375426	-0.9198705898969914
0.7420208447170051	0.5831074490967221	0.3307427532288136
-0.015359313861214086	-0.4784512899991109	0.8779797574978022
0.6702008336932854	-0.6565592630571141	-0.34606470003559275
0.6078086878736064	0.014808559534449428	0.7939454046153799
0.35128051250200326	-0.9016897615854351	-0.25210627796294666
0.7121591117732712	0.43212993464525834	-0.5532568292409861
-0.7489908672136494	0.527922924844306	-0.40038739522414846
-0.1977110053304933	0.39868110668930756	0.8955242785877972
0.6323946862535698	0.7499005004617759	-0.19423233563293962
-0.7734542088567911	-0.41965085320740836	-0.47503868074506256
0.382720912851639	-0.9066027748849586	0.17775295057157553
-0.5052655635086597	-0.044323469778290395	0.8618248896145257
0.033728532409855294	-0.9755314319243156	-0.21725747726872763
0.9131668082847308	-0.05826753632880721	0.40339964607972684
-0.4061880923273787	-0.2119983951304007	0.8888576455842518
-0.6297682546296177	0.5615608958390105	0.5366947975574691
-0.6411929568862517	0.014201813404259855	-0.7672482652541457
-0.4384786625369929	-0.8273135250680472	0.3511250400345315
0.9965997853020487	-0.0542054252287043	0.062053523765260556
0.0542054252287043	-0.13586982433932548	-0.9892427218381626
0.062053523765260556	0.9892427218381626	-0.13246960964137422
0.9030221829965135	-0.042291932344096145	0.42750711043772555
0.042291932344096145	-0.9815565291459045	-0.18643543801983417
0.42750711043772555	0.18643543801983417	-0.884578712142418
0.49642008763993517	-0.6431975302254322	0.582978587685228
0.6431975302254322	-0.1784758431899205	-0.744609502027439
0.582978587685228	0.744609502027439	0.32510406917014434
0.36302566579565476	-0.33124926404525074	0.8709111843598643
-0.8467122410606891	0.2728960848717348	0.4567341761896787
-0.3889611122099575	-0.9032173890770475	-0.18140452380586902
0.4187166242694016	0.22944139650111062	-0.8786541038042541
0.4461590628909601	0.7907559437866467	0.419102765400504
0.7909604788867122	-0.5675047867090723	0.2287353009519807
-0.45027062974404464	0.2059368552788804	0.8688189521573222
-0.8815128450243715	-0.2573784456230428	-0.39584269575894054
0.1420966714843812	-0.9441114062262528	0.29742593798548866
-0.778185420333162	0.6198232656681668	0.10122534720784732
-0.6123839520906806	-0.7846299946262973	0.09665229823721579
0.139331786763463	0.013224631155000999	0.9901574432018956
-0.6025991423183974	-0.7439882082256779	-0.28871407949436284
0.7549880839430405	-0.6486979059126121	0.09583329258983153
-0.2585870584177565	-0.16022662976464713	0.9526070335312009
0.02979112619273927	-0.7279806643675079	0.684950101180524
0.8445776650744165	-0.34816916114634866	-0.40677610903799966
0.5346036442614425	0.5906118755440748	0.6044638583147013
0.9918535140589568	0.11520400793611743	0.0543566298104822
-0.07971354899843108	0.22849190460038327	0.9702768675167743
0.09935973407257859	-0.9667054805304169	0.2358138188433454
-0.7547154197875316	0.117107541015786	-0.645515653545416
-0.0018875102122526202	0.9835476331182681	0.18063911728263982
0.656049596021618	0.13754954461825258	-0.7420775231302879
0.7259650682503676	-0.5717634664110373	-0.38217961504752446
-0.38326782606165016	-0.7977692813833281	0.4654781919565135
-0.571034581427619	-0.191443757168425	-0.798291171600326
0.06470781299086692	0.9155615868614988	-0.3969381306974589
0.8716060722784851	0.14183561878190631	0.4692392907803289
0.4859174350702095	-0.37633713331055674	-0.7888311659578247
-0.3868591323687729	0.847331676090411	-0.3638255658920839
0.9138745757419648	0.4049935597091888	-0.028521507788394324
0.12317983404487923	-0.3435247404305759	-0.93103033312389
-0.9691980906434083	0.23927249976079382	-0.05834151139105377
0.15560410058255955	0.4113034592937961	-0.8981184934377252
-0.1908989915506738	-0.8795329074180099	-0.435866309541995
0.5930643356018779	0.7772884391540776	-0.20999375275117335
-0.7772884391540776	0.4846998444734262	-0.4011093904720435
-0.20999375275117335	0.4011093904720435	0.8916355088715482
0.19732764552353388	0.9719149199882293	-0.12823099709669458
-0.9719149199882293	0.17684209058357658	-0.1552683589863177
-0.12823099709669458	0.1552683589863177	0.9795144450600427
-0.798741409851508	0.4722644307752935	-0.37279815934753924
0.42734357391188177	0.009129130001351071	-0.9040432118110497
-0.42354412996126545	-0.8814096473319919	-0.20911098384697113
-0.9734152558733427	-0.14317530986852445	0.17878358503253977
0.19128823250654792	-0.07883842855822398	0.9783625679097656
-0.12598234692827498	0.9865522453608435	0.10413028107098299
-0.5910125197729157	0.5024170267006609	0.6310953436311634
0.6699166712702986	0.7415113296761678	0.037048637167975074
-0.44935048127913635	0.44467750026637165	-0.7748200215089045
0.9336200236028775	0.3578036348045542	-0.01817169360328583
-0.3526940687827434	0.9090102693809267	-0.22205230015806776
-0.06293286401583802	0.21372152226826469	0.9748654089391519
0.999752039534444	-0.018547572335998137	0.01232262176488568
0.018547572335998137	0.3873680983285349	-0.9217385442509037
0.01232262176488568	0.9217385442509037	0.3876160587940909
-0.8488714297982032	-0.40373166811167865	0.3412008731467649
-0.5195009536319153	0.517943020648721	-0.679598253777045
0.09765272575757396	-0.7541457203518692	-0.6494060190875011
-0.06788180567674362	-0.25831043274804844	0.9636741050747294
0.25831043274804844	-0.9375171678066008	-0.23310358298706124
0.9636741050747294	0.23310358298706124	0.13036463787014296
0.42722033380865965	0.2716663986707183	-0.8623689200183989
0.36946125862196666	0.818072625024513	0.4407443233474198
0.825215829197362	-0.5069068435312203	0.24912705036451832
0.18137487098505511	-0.3917712369157892	0.902008012215317
-0.9517521094208764	-0.3007984055305093	0.06073089364743306
0.24752995452685533	-0.8695030863405697	-0.4274263731406347
0.048615327971596733	-0.5819379548678579	-0.8117787670113263
0.9977607987370979	0.06567126501680165	0.012675703317822917
0.0459340656781278	-0.8105772644451039	0.5838275087514886
-0.71903451207656	-0.33224845541587245	-0.6104099723272788
0.6851068236578004	-0.19138760469668314	-0.7028509265455836
0.11669623224569822	-0.92357011030145	0.3652399769157604
-0.604429733128931	-0.12679137510241895	0.786504065411824
0.32644974953001016	0.8611410551395338	0.38970071103984916
-0.726701629791404	0.4923007519319954	-0.4791082454996043
-0.8240964443265892	0.5606306453748047	0.08098351631599315
-0.016308499570110213	-0.16639022439287965	0.9859251117951399
0.5662146971688782	0.8111766593616444	0.1462646369319609
-0.9412854817332048	-0.02732616895976528	0.33650397080609784
0.23860370835194575	0.6513074245454189	0.7203241694492231
-0.23885123453519852	0.7583217781535723	-0.6065460976207959
-0.5885255870894199	0.17977712667826762	-0.7882371585153544
0.525908689408908	-0.6553696389202806	-0.542135303024721
-0.6140502290083919	-0.7336012684727361	0.29115544842907215
0.2901201378399464	-0.11237043801661456	0.9503700280836325
0.7445122965754818	-0.5974491554815051	-0.29791936302015937
0.601275099989707	0.7939945788696481	-0.08967085846571088
0.6279090313689583	-0.6326161093692778	0.4533509749540356
0.6326161093692778	0.0755518826643592	-0.7707715428013343
0.4533509749540356	0.7707715428013343	0.44764285129540093
0.9538314970015951	-0.1393632310327211	0.2660514333053224
-0.19615438348091016	0.38175190772874046	0.9032103513504988
-0.22743995508467735	-0.913697636410201	0.33679028496898833
0.9982198963535309	-0.025551862927169395	0.053890080950922875
0.029653400382815148	0.9966103077075951	-0.07673702116129573
-0.051746636312733726	0.07819844545720737	0.9955939376866423
0.8928942249544556	-0.3902076317060845	-0.22467288933316076
-0.21695024474840743	-0.810072482289071	0.5447156733027138
-0.39455353799780846	-0.43763064060501	-0.8079646824317634
0.8421065063660486	-0.5390123479496927	0.01795329200251605
0.538671069627954	0.8422622382738513	0.020683344115452036
-0.02626995778154446	-0.007746659646691774	0.9996248689295771
