-0.16866760695174543	-0.7007595720125748	0.6931718838772418
0.8557314505538298	0.24489348993305315	0.45579695383081253
-0.4891573600572823	0.6700471631319415	0.5583564061427322
0.7878957153143945	0.21179981011666707	0.5782397272963545
0.2636664393387295	0.732542383468757	-0.6275839905449697
-0.5565072780796804	0.6469331471307188	0.5213225034351472
0.9526536637700183	-0.05349198624510399	0.2993152256620345
0.1618816750896107	0.9225171823032106	-0.3503660537573907
-0.25738166246984795	0.3822311548826164	0.8874987459491752
-0.6130098702188982	0.3092630411652022	0.7270318221257306
0.7421264765366822	-0.09030078132622932	0.6641491261118408
0.27104832011554486	0.9466795340880265	-0.17415702082149354
0.5671636383328257	-0.5477019898210806	0.6150999412283347
0.7151166182957924	0.6979776385411586	-0.037887179014777006
-0.40857512111025757	0.4613564201813353	0.787538331744685
0.22972595185276745	0.8002510562851958	0.5539171724723551
0.9506487714185893	-0.0625475079773472	-0.3038991981663505
-0.20854951557284182	0.5963942120445609	-0.7751264692900643
0.9468924730006217	0.10731527507017641	0.30311396587979783
0.19567052542803787	-0.9403432201132862	-0.27833015263476507
0.2551620858463938	0.32285919550724956	-0.9114023534218734
-0.9960447998097095	-0.07097888783135195	0.053448613211753676
0.08385275388883542	-0.551967925097065	0.8296385510144156
-0.02938490151921032	0.8308389778689159	0.5557365566673127
-0.9873417612511866	0.035138240956439214	0.15466593196916958
0.04249088580674026	0.9981057134080749	0.04449167883454828
-0.1528095910365679	0.05050038499502008	-0.9869645079751304
-0.876207085515647	0.24888936116556373	0.41269265705943137
0.4792687911354362	0.36005601668677567	0.8004130750376521
0.05062182469798518	0.8991183185467027	-0.4347685362557838
0.885885153579394	-0.023690953228824196	0.4632992913902666
0.4577819954106902	0.20636414713479123	-0.8647829111720104
-0.07512083163424302	0.9781884161614469	0.1936602260200576
0.21636611790040672	-0.35241968514968924	0.9104867206849869
0.6568666229438258	0.7424873965542387	0.13129625135731274
-0.7222962984032808	0.569660277250488	0.39214184402562313
-0.4722109427016903	0.7819002961082822	0.406999695993205
0.8436707850451173	0.26710900793193715	0.4656955919299342
0.2554142362009923	0.5632803075089674	-0.7857982330843374
-0.829804232685555	-0.5267526353420845	0.184273157506203
0.5486258678473915	-0.8304688315033515	0.09659801773408234
0.10214985338136018	0.18125446494259556	0.9781166732003601
0.00013776818762090137	0.4909209062426082	0.8712041349958476
0.5572711947997838	0.7233497186884789	-0.4076935122364838
-0.8303305344658524	0.48555313641993375	-0.2734764253942512
0.7174778567505834	-0.6873032750584742	0.11331254637719791
0.6931237667844707	0.6882201608637442	-0.21431858085380456
0.06931788363110868	0.23230845502171776	0.9701689609208937
-0.17591452883901626	0.9298527882503986	0.32315301441624494
0.9644334502522329	0.22858450874997494	-0.13272996042380975
-0.1972870968358555	0.28831044820209295	-0.9369924689556406
0.0742988551351349	0.8674382978178876	0.4919659333779258
0.9261028724886216	-0.24299810048080528	0.2885920870901424
0.36988261610128714	0.4341690023959862	-0.8213915799815223
0.9363426296856521	-0.0158139683036715	0.35073123362462083
0.03326657462651489	-0.990494192584465	-0.13347130578917507
0.34950796106237175	0.13664250020743704	-0.9269158604161891
0.8148008041199151	-0.14155265023343183	0.562194358578447
0.566229098440183	-0.013834571015389985	-0.8241317932979153
0.1244357572611558	0.9898340526859601	0.06887880993550088
0.18810285861951503	-0.6871946964413493	0.7016984849364067
0.9811584098331478	0.09939429004842648	-0.16567724623332603
0.04410770219423854	0.7196417332872317	0.6929432056947331
-0.47550743454445676	-0.384964976668979	0.7910086260156723
0.8432832540939269	0.056605331332181485	0.5344802988226336
-0.2505315011285149	0.9211936838705672	0.29771826235430454
-0.25692019273208677	-0.17211970391524867	0.9509820303720959
0.8837693821369399	-0.44003737830289213	0.15911877605615377
0.3910801628359568	0.8813296280169208	0.2651686124256739
0.1479496692348944	0.6324455819062211	0.7603443175960394
0.7609817419483329	-0.5638402386197803	0.32092206800790457
0.6316784655143519	0.5311278294728027	-0.5646995174116436
-0.16457509441096718	-0.4413224697546897	0.8821278342673708
0.9203034562428692	-0.3904890233111056	-0.023661595486530795
0.3549036301970587	0.8079311854131884	0.47041536211075163
0.9401485440404517	0.02820422008623051	0.3395956965392028
0.16270885722631007	0.8384726562681674	-0.5200859856511344
-0.2994103253375326	0.5442133098886237	0.7836997705890577
-0.07358259649499943	0.02058951507523038	0.9970765634403513
0.8562649570787559	0.5138537496130606	0.05257991334639234
-0.5112689358566296	0.8576306873459956	-0.055440773357384954
0.9222522502335788	0.07672993204682338	0.37889748543265656
0.13543959601151523	0.8538563934999468	-0.5025787252873938
-0.36208687185720756	0.5148220826726005	0.7770787092832413
-0.959141985392379	-0.2333462855800375	0.15998800849927838
0.2486609482877556	-0.9650053700895695	0.08326084610984585
0.13496067817775567	0.11964174315134696	0.9836012752337745
0.19444379206613438	-0.12572709919952113	0.9728228555363077
0.26031807635704	-0.9495764959957138	-0.1747540482342895
0.9457410379425819	0.2872232142069576	-0.15191021812870908
-0.3373341270413135	-0.24094971896643602	0.9100268785389091
0.853649199390504	-0.48581034269408585	0.1878066966628355
0.39684849894289187	0.8401973243598495	0.3695669425494159
0.6272794763253436	0.18823823216910232	0.7557028692090919
0.5090103100163167	-0.8335046867720175	-0.2148916969689021
0.5894310501475943	0.5194577028776571	-0.6186555843463888
-0.33964720992173314	0.09837356386679474	0.9353942563029389
0.8039468639366888	0.5465415898374438	0.23443918303970157
-0.48816924601898637	0.831633893314904	-0.26471844425946145
0.7482496925673369	-0.2969704418805341	0.5932376877965241
0.490184980509486	-0.3550727955881594	-0.7960163281718058
0.4470358849754689	0.8864151772631657	-0.12011265987276198
-0.9929044583417519	0.03002381420364541	0.11506218834064123
0.10266767845202429	-0.27178278400982303	0.9568664829103075
0.06000070338207679	0.9618901646739793	0.26677186264132347
0.7288336736922978	0.26638440468117086	0.6307462445665829
0.6156938452241932	-0.6579947497201992	-0.43354814991382434
0.299537251515127	0.7043310715021105	-0.6435799691347244
-0.5070411401285044	-0.3927784752666692	0.767225098380115
0.8504873143119722	-0.08348300405461107	0.5193283318175761
-0.1399307343352239	0.9158360428598606	0.3763824281063034
0.37631446543893854	-0.4391430674586534	0.8158068333891367
0.8723119083433803	-0.12876216657650152	-0.4716908299096513
0.31218481331374226	0.8891420981831476	0.334614661326628
0.72986543123377	0.5665572806287397	0.3825039869811952
0.6614493135606957	-0.7265750509555247	-0.18593950876309337
0.17257247138529147	0.3887178193697114	-0.9050509372540467
0.6067186886599698	0.7430292042194703	0.28248899891448415
0.7924780120424403	-0.5375614031947109	-0.2881082057571346
-0.06221762820928384	0.3986669530727549	-0.9149828562698306
0.4767198816154701	0.8042344446433722	0.3548874645879997
0.8451387186111408	-0.3082562673140432	-0.4367134300269825
-0.241823697715611	0.5081191117354076	-0.8266415592700194
0.6373557211672907	-0.03373007331095612	0.7698311287871908
0.6991809493877459	-0.39464618195523116	-0.5961546704349544
0.3239192564645905	0.9182138493959869	-0.2279465772255218
-0.17632391344626464	-0.33960776592194974	0.9238920082306679
0.5789231329225182	0.7233220665917777	0.37636842873516413
-0.7960891179473379	0.6012252101391808	0.06906781434885045
0.892537730869755	0.32444142368052475	0.3132318016645549
0.44112261376890716	-0.48371483501053647	-0.7559304187638021
-0.09374027200491995	0.8128700517246799	-0.5748521900572006
-0.23612535294559311	0.6311005870319374	0.738888940737553
0.7943619752717755	0.5633190559040037	-0.22728988868347202
-0.5596730026887504	0.5332763732844031	-0.6343362198061779
0.11137233994680595	-0.045157308194829326	0.9927522447274398
0.876846799561826	-0.46566852783687285	-0.11955129560328093
0.46769209100962617	0.8838063360820838	-0.012266552417314003
0.023424118870241206	-0.7131262209386152	0.7006442061881066
0.9698482501430544	0.1862660655902908	0.15716018740116316
-0.24258129018868707	0.6758372184330503	0.6959873359703245
0.12221523818498559	-0.5166923206986292	0.8474033757818361
0.9903811681504627	0.007680930675104225	-0.13815261516485627
0.06487354875688478	0.856136699969712	0.5126610709198224
-0.38052634338222435	0.3230956041889896	0.8664923153415184
0.5454993345458585	0.8350297411757448	-0.07180395088011632
-0.7467463947031677	0.445347686539091	-0.49399925110479725
-0.10065451618271526	0.9546342642963876	0.28025361693173323
0.9948095093713853	0.09234271736900357	0.04274181340528625
0.014923419054880843	0.28310111970849455	-0.958973955633577
0.46702133802359813	-0.12113512936921267	0.875909441816534
0.23870524322660258	0.9710666872199367	0.0070210987620242665
-0.8514169816762974	0.20580517341505705	0.4824244540949616
-0.8082975105789305	0.3504855814575082	0.47309089145987165
0.40358103871256146	-0.2552320281693543	0.8786233305508385
0.4286927566259939	0.9011195642016382	0.06485407797090337
-0.7050633387461549	0.12638523111890151	0.6977911304331311
0.32935658407345025	-0.8130643070342003	0.48005278163392034
0.6280206436762995	0.568289720109398	0.5316360269342068
0.07091274077740006	-0.2912973803821563	0.9540006390867515
0.6716730794519712	-0.6931349543390266	-0.2615706585474393
0.7374460370325024	0.6593252393590955	0.14650450917677682
-0.8960404712784127	-0.42610871167091174	0.12467092551720296
0.4439345173540185	-0.8562468099916196	0.2641278945526771
-0.005798114591383831	0.2920150102603139	0.956396160411497
0.48412387201458096	0.5490137151603172	0.6813281273450229
0.8707294746875625	-0.22544642236757695	-0.4370401498169043
-0.08633804755686408	0.8048340519681847	-0.5871864187262361
-0.5959371967307558	0.1652713998099485	0.7858398195291127
0.4555041399927887	-0.7363574076503028	0.5002936604115182
0.661343205909094	0.6560968926945057	0.36354096247121304
-0.34486286691737367	-0.8969925725928296	0.27653919746543576
0.9381398475139939	-0.3391177026052028	0.06994862604933427
0.03103593929543895	0.28355512425817087	0.9584535784162858
0.647127721894103	-0.3671136336259392	0.6681716033790334
0.5349707179325182	-0.4057582098873964	-0.7410577616243834
0.5431685212813006	0.8370112634337337	-0.06618234186057581
0.7555775928549174	0.49664490305764375	0.42713738005755525
0.5704618422922437	-0.8193863701086448	-0.05638495338934603
0.3219872476731152	0.286268784094674	-0.9024269475081346
-0.6867648904337809	0.38622625338148464	0.615778585586068
0.6294750662203903	-0.10760753699510639	0.7695334684006162
0.3634764452812761	0.9161058340501648	-0.1692187180690703
-0.8989284666030486	0.10101292023914776	0.42629098263445714
0.18540454646989263	-0.7939033012453831	0.5790878192640347
0.39692917010341394	0.5995948116990686	0.6949340225550722
0.5753589513104704	-0.16026451276279516	0.8020457362867902
0.3648028412792763	-0.8273867420729373	-0.4270246667775734
0.7320389088986204	0.538281027894198	-0.41757941863516534
-0.4459986546878758	-0.4210648667014786	0.7898035059723847
0.47120206129988873	-0.8607008290553393	-0.1927762959758978
0.7609558577495414	0.28617907137510445	0.5822780449781206
0.781715290946938	0.12391155058868493	0.6112013837766173
0.1919494098972908	0.8846774742407101	-0.4248543169265903
-0.5933604536365951	0.44943486091066137	0.6677811601553225
-0.6371459797157617	-0.0378600883661801	0.7698127137433799
0.5174965459471854	-0.7611915095718118	0.3908769764114005
0.5711762647946557	0.647421114472405	0.5045825750762053
-0.5867424887574126	0.3691821085821826	0.7207203497817801
0.5310020133370151	0.8473687198085619	-0.001764800848675585
-0.6113674130331076	0.3816684731449698	-0.6932236745008018
0.5827408079458007	0.0631203535349763	0.8102030435170526
0.5182762446663711	-0.7967791710195018	-0.3106970982226904
0.6259415986888868	0.600964868855989	-0.49702951766641124
0.9185915021239155	0.36535198215814496	0.15069034925582706
0.3823941488473342	-0.9179684162829578	-0.10539782556714011
0.09982167676938428	0.15444065475150315	-0.9829464466627242
0.6815142255774742	0.30555541051018287	0.6649618420958372
0.7308464378661618	-0.23769491521716435	-0.6398160763361977
-0.03744121517630189	0.9220287513889458	-0.38530654941002895
0.22813060051038558	-0.1825705907039915	0.9563599785231324
0.7908545375455855	0.607677470754671	-0.07264428388224259
-0.567895703060279	0.772914012647721	0.28301660640052506
-0.2849942154914864	-0.25014913734768185	0.9253127612978235
0.3116207540325866	0.8887277615289235	0.33623722510149157
-0.9064605908656781	0.3841723245784364	-0.17533060838155468
-0.17471194445409788	0.03584261904086842	0.9839669929044162
0.09092371685689701	-0.9944799014643342	0.052369870120282075
0.9804124714516821	0.09861557809889657	0.17048857316027177
0.5600992962775282	-0.3501156644529644	0.7508047681082459
0.8237465025976396	0.13918805261263367	-0.5496074830895772
0.0879231355649619	0.926307566370135	0.36636568441635375
0.19575778296078472	0.3379362702695642	0.9205856655665319
0.8903774626850113	0.33217236738885536	-0.3112707700473732
-0.41098280298922446	0.880602404936291	-0.23586551267097322
-0.4737581996803599	-0.15489665851335435	0.8669257138976914
0.6115906390507497	-0.7661713649079176	0.197327975261073
0.6336482134916188	0.6236893976784729	0.457713312852427
0.17668059264212144	0.4770536143923647	0.8609319468917447
0.794175615364731	0.447612451079312	-0.4110087415114444
-0.5814370646455898	0.7563484267412418	-0.29977991464134
0.23957836570817714	0.3503538345268663	0.9054581146121118
0.5359903491841932	0.7298874542911002	-0.424238906336823
-0.8095162458320436	0.5869552748726075	-0.012921030656112498
0.27437418432190563	0.25115233133693227	0.9282463646261767
0.7723139020989912	-0.6326692359062747	-0.057104067827089544
0.5729310984772245	0.7325654540051658	-0.3675565425834324
0.948436780332356	0.2566231625906758	0.18604361352853194
0.3072814548427189	-0.8883976388029897	-0.3410685310593963
0.07775462187250536	0.3806496916999038	-0.9214445349483775
0.7403071742036447	-0.011815273492526257	0.6721649255464847
0.5847004441945929	-0.48211401982318214	-0.6524503524779324
0.3317690135941874	0.8760288072901652	-0.35000407199989914
0.6087701461449178	0.020224044823411225	0.7930888330910202
0.35808429291811955	-0.8990569296962523	-0.25193704834834846
0.7079368250967213	0.4373644077609978	-0.554560931274324
-0.7482967565106786	-0.20159099476267095	0.6319913251194161
0.5264181122736376	0.39926018979039135	0.7506498996994543
-0.40365323641197126	0.8944005655628454	-0.19264395410965807
-0.7743497342209957	-0.37968925890710886	0.5061803589457455
0.4162241607911394	-0.9081728947987306	-0.04449091060661216
0.47659200275034524	0.1762329703076705	0.8612792828641304
0.03342526050252026	-0.9141055578562873	0.40409625221793927
0.9752276469572432	-0.0586293454069573	-0.21329237320492805
0.21866364254392473	0.40121519033231706	0.8895013111154054
-0.6261295201490014	-0.5648315811578094	0.5375194033007088
0.6397899498962597	0.02186811192796534	0.7682386385052808
-0.44567997936829357	0.8249164021932616	0.3476812985807586
0.9942477537456524	0.006384365868382272	0.1069141900974008
0.10681315658709047	-0.1326997979923472	-0.9853840435042026
0.00789643917384375	0.9911357139591174	-0.13261841034760202
-0.4591151675520777	0.8632958600892406	0.2096032463403335
0.8878068838039681	0.43741749198068725	0.1430554954540824
0.03181509066332559	0.2517661527332534	-0.9672650124676183
0.10781147448586337	0.02758091582950828	0.9937886993980107
0.9852688293284818	0.13051064969388804	-0.11050929494916895
-0.13274795637924974	0.9910631984886155	-0.01310407107154088
0.36348941904907095	0.33137010368408554	0.8706717502157557
0.847396911463844	0.2706718346398248	-0.45678795121396254
-0.3870321907553776	0.9038421390470295	-0.18241565448717179
0.4214173917780708	0.22597875530117287	0.8782602029350417
0.44657463206271875	0.7911820439826632	-0.41785412679242806
-0.7892898579767862	0.5682997232376132	0.23250149389420438
-0.4414546343597756	-0.19280667889202996	0.8763237931135405
0.8863994442620136	-0.24536474803313313	0.3925457497345132
0.13933352437324975	0.9500640636279551	0.2792211381476447
-0.7778866553066413	-0.6123746772354847	0.141030515054658
0.6201442707221146	-0.7843482016220051	0.014798043886353432
0.10155508350832393	0.09897046677197148	0.9898946467784112
-0.6062711063015565	-0.7417282402357083	0.2868354289496441
0.7518103546294342	-0.6521548621768243	-0.09734077465837017
0.259261521124619	0.15663094641853717	0.9530216211021564
0.03163505147967105	-0.7283010686229269	0.6845266809705678
0.8445976207136557	-0.3467439683497249	-0.40795033949969584
0.534466166003715	0.5910551360539793	0.6041520864331278
0.9919613879223965	-0.07778444696018805	0.09981074432229507
0.11509453516405974	0.22678472368248914	-0.9671204356643623
0.05259137616037328	0.9708338008718871	0.23391425402955546
-0.7581765938171441	-0.002034522209243904	0.6520460975323856
0.117336133158458	0.9832453072423665	0.1395023212756152
-0.6414050860752929	0.18227596249984376	-0.7452348549628511
0.7211180764844715	0.38548170165698464	0.575667071713305
0.5755952566666349	-0.7957969614676543	-0.18814169293837862
0.3855889265399183	0.4670236116156056	-0.7957450131312851
0.06426286724483321	0.8736080552961922	0.4823683754301043
0.9141402831809764	0.14234614946238777	-0.3795854533554149
-0.40027219058945035	0.46534561291027193	-0.7894527433519287
-0.3830011122962438	0.8488019237069496	0.36447968707627953
0.9159049313768258	0.40024599204436573	0.030352965786455466
-0.12011787818411099	0.3454539624375489	-0.9307165278304372
-0.9694516207467503	0.157635506469693	0.1879217979148285
0.23761025612181924	0.41342574661043374	0.8789883493114846
0.060868064017362375	0.896788826390945	-0.4382520731760766
0.5910347390842027	-0.7363112111757691	0.3294294120028455
0.8019073042679726	0.4921278771178723	-0.33875481978140126
0.08730757445572361	0.4643877182488017	0.881318009904671
-0.6489491062688577	-0.19045175769415568	0.7366092488314662
0.3662587046663539	0.770399993494528	0.5218605285703792
-0.6668730154452005	0.6084504729350102	-0.4301957731733159
-0.8022983737271949	0.4278302597189852	0.4162674481429992
0.4639780785458499	0.008217243981227806	0.8858085682190335
0.3755551386196173	0.9038217444663184	-0.20509654333084537
-0.9731352598708958	-0.14124042214509283	0.18182109104358535
0.19447586602890318	-0.08155760158361147	0.9775108670271839
-0.12323515540750486	0.9866101057541448	0.10683443122646963
-0.592167540777768	0.5037490427152775	0.6289471405552707
0.6705243943496788	0.7409197415888114	0.037881038871252354
-0.4469168157847794	0.4441563221292818	-0.7765246430612378
0.9307371716068972	-0.35990407181244477	0.06478716294155631
0.3652794844065165	0.90660841297069	-0.2112630677673608
0.01729785133774375	0.22029581163424233	0.9752797238308134
0.998123883308159	0.011622088355828637	0.06011356446002629
0.05073653061699239	0.3925635628145687	-0.9183243727633952
-0.03427124203747825	0.9196514427828522	0.39123740332006485
-0.8490543175706753	0.40312000406393017	0.34146892704621346
0.5195288355288289	0.5197764498432174	0.6781756640004422
0.09589866979606335	0.7532109296285328	-0.6507509052006517
-0.33855780114678113	0.4162557198397392	0.8438659792783193
0.7796603075670263	-0.3779917812220819	0.4992514578176487
0.5267906795750531	0.8269542847275525	-0.19656599625468152
0.42643065807361336	0.2711670775622085	0.8629167456373042
0.3721395283647082	0.8169267341231558	-0.4406164800632941
-0.8244204420581754	0.509017806290945	0.24745061647802857
0.18424306171872606	0.3965417240969398	0.8993381762489217
0.9506909233840317	-0.30415076495371474	-0.06065542328009588
0.24948198813486916	0.8661679821075684	-0.43302628600118065
0.04807481704219263	-0.592175197601366	0.8043738852748409
0.9980318001160107	0.06094232201738636	-0.014783752714538134
-0.04026584065377414	0.8035014428941073	0.5939394694272578
-0.9976760309405761	0.0365484671885847	0.05750432012312534
0.057085711950669436	-0.012396535493254923	0.9982923156064306
0.03719890828697969	0.9992549902071689	0.01028133105815865
-0.6039239613686482	-0.12614217315006426	0.7869968240328409
0.3260869570461281	0.8618766380218995	0.3883760513683408
-0.7272847759503809	0.49117900299691836	-0.4793746360475877
-0.8208138466578176	-0.011535632570118914	0.571079292494487
0.5643628682834979	-0.1705607688460633	0.8077150345471248
0.08808621934002897	0.9852796320394769	0.14650892345018895
-0.9408128619715521	-0.029411461117353266	0.3376479301044791
0.23736753959445345	0.6539276492580561	0.718355956808815
-0.241925215502172	0.7559851820576743	-0.6082422170594968
-0.585538593022052	0.17902333335620557	0.7906296239047643
0.5276131725480454	-0.6562933697394819	0.5393545707508024
0.615442033205031	0.7329595206762981	0.2898300274547636
0.2936590888315702	-0.1082538525830879	0.9497607293142473
0.7431544235374921	-0.5990675295186878	-0.298059721956915
0.6012369269458336	0.7933468336593363	-0.09547229545494007
-0.22676283280739562	0.2333318536020118	0.9455870471573808
0.8254889252110936	0.561277407821818	0.05946180137410928
-0.5168623143652464	0.7940553617749017	-0.31988971603590444
0.951244355805059	0.13999185274447593	0.2748389650580634
0.2028587032937382	0.3872687382938219	-0.8993727096361632
-0.23234139116180205	0.9112766898727742	0.3399886357623122
0.9982345178680468	-0.025287354286772236	0.053743809410232726
0.029514499904574942	0.9964078604650636	-0.07937423951646591
-0.051543589631796144	0.08082032737257203	0.9953950638069586
0.8898620652383831	0.2159652457797907	0.40187624645524184
0.3951841958365899	-0.8050427400918365	-0.44242020521944336
0.22798016626598777	0.5525080988010052	-0.8017230472854266
0.8481655701656408	-0.5290274420182944	0.02729709100204175
0.5294945726439452	0.8482004406337902	-0.013838715592496817
-0.01583234430523521	0.026191183635419182	0.9995315696733026
