-0.16901826641668705	-0.7006722179129528	0.6931747749755766
0.8557610058462393	0.24459445537657043	0.4559020215705033
-0.48898458717073123	0.6702477120020497	0.5582670311468223
0.7879446559714037	0.2116039450207399	0.5782447488544673
0.2638906220227285	0.7324325107429561	-0.6276180023033334
-0.5563316984808286	0.6471216173629416	0.5212759860256437
0.9526919376677204	-0.05328755547898342	0.2992298586939453
0.16170927166521887	0.9224672955333888	-0.3505769532197174
-0.25734836964789315	0.38238007937442264	0.8874442470021323
-0.6130547502648331	0.30839274321697563	0.7273635879729144
0.7422849478542929	-0.090398093016542	0.6639587645087022
0.27051234605221375	0.9469541175316158	-0.17349631097878193
0.5668174995458642	-0.5479486204593178	0.615199342933089
0.715591494700432	0.6974803031269501	-0.03807938369169425
-0.4082238784306665	0.46181547839658665	0.7874514137344324
0.229807555977256	0.7999686041697596	0.5542911866144422
0.9506903066253203	-0.06263961394572037	-0.30375025868858946
-0.2082700845162703	0.5967633627388809	-0.7749174541770032
0.9468918695818985	0.1070191505507615	0.303220528221772
0.1954759971059245	-0.9403180798190032	-0.2785516887777689
0.2553133797417236	0.32303066445911277	-0.911299219764816
-0.9960351251660995	-0.07104762634697455	0.05353750298448401
0.08397375554088436	-0.5522129527466115	0.8294632380034866
-0.029367291596480886	0.8306702652733692	0.5559896335139332
-0.9873633802729205	0.03457341069611009	0.1546552119033473
0.041898150071116504	0.9981368620313189	0.04435481568995787
-0.1528335706467966	0.050274088028625964	-0.9869723480200645
-0.8759715517126856	0.24936873828529904	0.4129032246859642
0.47966170449807644	0.3598572310165381	0.8002670944897772
0.05097538453086739	0.8990650730904344	-0.43483733110304845
0.8858739185527825	-0.02345551575872848	0.4633327521430252
0.45776153596409297	0.20646325641051388	-0.8647700850192268
-0.07537756045224903	0.978173176146667	0.19363744691409535
0.216685409575758	-0.35223438923642325	0.9104824920426697
0.6564713500664554	0.742861962469787	0.13115437948258662
-0.7225598935859308	0.5692864303272833	0.39219913363788517
-0.4726082953138724	0.7816417264189433	0.4070351467887383
0.8434007387642686	0.26722055907453957	0.4661205494931292
0.25557111153728196	0.5635861818113576	-0.7855278624077531
-0.8295792386497656	-0.5272949803486073	0.18373429320743695
0.5490631876123941	-0.8301860063959079	0.09654434625253895
0.10162628995585521	0.18097292196230624	0.9782233378458283
0.00013020218837689335	0.4907167390689407	0.8713191522312217
0.5566644575800826	0.7238018721211394	-0.40771991805773455
-0.8307374222427096	0.4850854892815065	-0.2730703267915775
0.7170763415855306	-0.6876195570765287	0.11393359936467409
0.6935569747770969	0.6877269804199908	-0.21450017049047557
0.06913930196605239	0.2328324400256119	0.9700560869327953
-0.1753048410643221	0.9299871278831089	0.3230977478583509
0.9644588295416208	0.22812576853959543	-0.13333341609448685
-0.197705282728154	0.2882404824099917	-0.9369258484434271
0.07372437861426329	0.867402650784784	0.49211518713556385
0.9261535343759028	-0.24256373391833597	0.2887948506303712
0.36987071627930274	0.43448299897593806	-0.8212308913088395
0.9364863895601682	-0.015945990755922648	0.3503412158844188
0.03316290662233491	-0.9904630086267012	-0.13372826988524408
0.34913244448621383	0.13685303767529025	-0.9270263115392818
0.8148173318804406	-0.14173786806093963	0.5621237340877714
0.5661744042052379	-0.013805219816133363	-0.8241698610897346
0.12457632074388711	0.9898079574661784	0.0689996206261182
0.1875830038195727	-0.6874390377599378	0.7015983081804837
0.9812589167527201	0.09909145008089537	-0.1652628900090512
0.04408576835334155	0.719450105208524	0.6931435573848604
-0.4750607723163043	-0.3852816183374131	0.7911228331792357
0.8433658963562922	0.05719602526181644	0.5342869823956014
-0.25110003478570975	0.9210248038275375	0.29776178946443366
-0.2564585269431936	-0.17221181057148133	0.9510899622316593
0.8839994178301973	-0.43970811242653607	0.1587507642254507
0.39086321550383735	0.8814759600612967	0.2650020350865555
0.14760191322923188	0.6324770080605684	0.7603857636001756
0.7611689111792412	-0.563546067666298	0.3209948882335373
0.6315342934989983	0.531402544115668	-0.5646023133517231
-0.16386019684668485	-0.44141658144484164	0.8822138275468793
0.920388457391395	-0.39024873820816053	-0.024310693688712193
0.3550139763305856	0.8079958687719186	0.47022096152496073
0.9401035983190013	0.028845276695402558	0.33966626921145926
0.16217187093160262	0.8385911315530314	-0.5200626869514385
-0.299842473152503	0.5439971177248754	0.7836846478021746
-0.07353001070533383	0.02055704592403229	0.9970811127428656
0.8565016134755276	0.5134595049947841	0.052576828017001864
-0.5108799503205148	0.8578675565571812	-0.05536182590124605
0.9222202250332667	0.07632550195315244	0.3790570857947259
0.135882272972846	0.853823537071057	-0.5025150499589067
-0.36200257517222695	0.5149366808599566	0.7770420518051822
-0.9591691903789277	-0.2329529259364375	0.16039762630876234
0.24833721818174329	-0.965074988613549	0.08341997613468767
0.1353628098614458	0.11984657129101066	0.9835210770777629
0.19416718732925586	-0.12534163264399154	0.9729278382751644
0.2606398564642064	-0.9495629701843282	-0.17434744298966529
0.9457092410392126	0.28743632474142056	-0.15170494597138595
-0.33749060082237703	-0.24088969096477902	0.9099847532477916
0.8537604330332704	-0.48549383711681693	0.1881192629914119
0.396475998445547	0.8403974600797428	0.3695116936554562
0.6271463216471832	0.18834040358988363	0.7557879223829973
0.5093502295067567	-0.8332674334656995	-0.21500634415500458
0.5892790806959145	0.519801189591834	-0.6185118336403048
-0.339901557785794	0.09841712248768353	0.9352972794871346
0.8037804938902459	0.5467272678670507	0.23457666595845067
-0.4882661657911012	0.8315066834198475	-0.2649392133523887
0.7479669197627007	-0.29733314817431433	0.5934125764907995
0.4901572354554422	-0.35539285699251	-0.7958905714540032
0.4475392401470243	0.8861652871758479	-0.12008210663196839
-0.9928996120161435	0.02860616925215711	0.11546448605051414
0.1034450477233691	-0.27160714651066775	0.956832629076707
0.05873229571285564	0.9619829754444983	0.266719463847781
0.7284833601420351	0.2667123854537828	0.631012279945266
0.6159490203468065	-0.6581856295971451	-0.4328954623527705
0.2998646333430793	0.7040285366640775	-0.6437585115807465
-0.5070817929078493	-0.3928015230791281	0.7671864302554354
0.8504312973679348	-0.08331223376952535	0.5194474758446932
-0.1401237444491556	0.9158417085779884	0.37629682575129253
0.3762649335028778	-0.43899430390027017	0.8159097382426517
0.8723147171321706	-0.12892172409517721	-0.47164205000291126
0.3122366635914117	0.8891924371020283	0.33443246808564975
0.7298701592058123	0.5663786858015327	0.38275936953993817
0.6614432318709909	-0.7264967100906237	-0.18626696228682044
0.1725757854188732	0.3891242918364642	-0.9048756178557527
0.6066576937366066	0.7429694752689239	0.28277694645922163
0.7925744355853047	-0.5377215106738276	-0.2875436332372743
-0.061580895469432795	0.39856233612482306	-0.9150715040563258
0.4769035213201336	0.8040919754506679	0.3549635563945962
0.8451317699293615	-0.30854142870115586	-0.4365254611487341
-0.2414856575627673	0.5081715082439122	-0.8267081682193456
0.6372245751874385	-0.033912501060703315	0.7699316742731113
0.6991447117195315	-0.39489527140590175	-0.5960322111227481
0.32425532046799416	0.9181000309841334	-0.22792722578738012
-0.1765064137651704	-0.33940187596263865	0.9239328181706721
0.5791224970193554	0.7231991558213398	0.3762979065386471
-0.7959036495366918	0.6014892747276075	0.06890597246851349
0.8924896482294318	0.3246455595649567	0.3131572902840699
0.4411611788335878	-0.4835365495834796	-0.7560219702542134
-0.09401617995570892	0.8128946216279572	-0.574772382804599
-0.2362311534232957	0.6311090155564588	0.7388479225359278
0.7942522247858123	0.5634520192959257	-0.22734384833140167
-0.559784106218716	0.5331259067375184	-0.6343646601050628
0.11113057148118521	-0.044808602351035176	0.9927951375976878
0.8768121257758132	-0.46583088661720007	-0.11917248493646809
0.46781459166507905	0.8837385214127422	-0.01247932676290242
0.022894501295691594	-0.7135072668925482	0.7002736764308276
0.9698171392417889	0.18593555968664122	0.15774246123630786
-0.24275617035060956	0.6755259785793152	0.6962284783181196
0.12182138817166055	-0.5168797331225325	0.8473457917940639
0.9904622855167855	0.007937209058888173	-0.13755530408247096
0.06437398816909773	0.8560212276570804	0.5129168036316122
-0.38065907820136546	0.3227920470534026	0.8665471484818128
0.5457386766808745	0.8349185110911442	-0.07127676067243002
-0.7465038264855008	0.4457761480793032	-0.4939794154072459
-0.10029223015580202	0.9545699431506208	0.28060237383849057
0.9948434999319803	0.09193109737437943	0.04283788018366852
0.01509566869878931	0.28345175421747304	-0.9588676779501819
0.46696561413783233	-0.12025743499306471	0.8760600804407
0.23869457958334114	0.9710757248762552	0.006069121319245807
-0.8514505346116173	0.2062767216264223	0.48216377012862177
-0.8080888658995333	0.3517712616520298	0.47249271347285915
0.40164639625763193	-0.25770851015730356	0.8787869458325837
0.4308973859081342	0.8999129420495309	0.06696371815613555
-0.7049902537155275	0.12615566753865848	0.6979065049947535
0.32956506261916785	-0.8130790257640486	0.4798847438327348
0.627993321355363	0.5683196683297711	0.5316362881920296
0.07103502528624417	-0.2907052203553229	0.9541721542996033
0.6716741196032732	-0.6932663041336069	-0.2612196558609198
0.7374333205366779	0.659448486548489	0.1460129835020052
-0.8959150242524214	-0.4263529976051836	0.12473728693481204
0.44418781856846073	-0.8561409872641534	0.2640450563100038
-0.005783697275577655	0.29196871640543137	0.9564103813146265
0.48426417481860295	0.5490670664872888	0.6811854119740828
0.8706683555526911	-0.22575015005354326	-0.4370051308508581
-0.08616741626874053	0.8047125115529433	-0.5873780299974829
-0.5958801629975237	0.16492382037227143	0.7859560832641092
0.4558326153671766	-0.7362886964816036	0.5000955730667292
0.6611682524997432	0.6562614485913639	0.36356217209605346
-0.34496524560537734	-0.8970206008472232	0.27632050408919767
0.9381141612484687	-0.339122242854657	0.07027036976072588
0.030672459788935277	0.28346101329268125	0.9584931163829934
0.6471416494134046	-0.367307946654076	0.6680513138369422
0.5348353324329649	-0.40572745600307103	-0.7411723137210374
0.5432852407122968	0.8369409201192414	-0.06611386733612945
0.7554621802535163	0.4963900959590868	0.42763742450858094
0.5702934137893301	-0.819515943504439	-0.05620534254446562
0.3225559120448975	0.28633981730761326	-0.9022013038281016
-0.6866101393612047	0.38671542043130275	0.6156441343235783
0.6295772224928047	-0.10722610939332156	0.7695031399433124
0.36359185558072227	0.9159441822867879	-0.16984468637656858
-0.8987790720610713	0.1032014610970498	0.4260817269638232
0.18317470720101858	-0.7945948453822873	0.5788489080353527
0.3983003970207172	0.5983046800078813	0.695261320378033
0.5754157649857398	-0.16053041231878207	0.8019517966353327
0.36455942727670243	-0.8274018492210351	-0.4272032348769081
0.732115510960913	0.5381785638859781	-0.4175771928447096
-0.4461424727801182	-0.42118738472451517	0.7896569387592087
0.47126514026859706	-0.8606604011886223	-0.19280259695724883
0.7608324792943983	0.28612036064349394	0.5824680915517828
0.781320760708448	0.12368693504459297	0.6117511021528664
0.19233203727009132	0.8847512447303506	-0.4245275284214575
-0.5937560579274189	0.449351507227215	0.6674855553696437
-0.6373657515596671	-0.03804702721972861	0.7696215449547406
0.5174293132013849	-0.7612361403190082	0.3908790663519375
0.5709919479105845	0.6473576773252638	0.5048724918524636
-0.5866123690594989	0.369178586765834	0.72082806517226
0.5312786689460831	0.8471957250818681	-0.0015425063649198156
-0.6112519156528512	0.38205572169068375	-0.693112199527703
0.5828739029628881	0.06341312302977292	0.810084433298419
0.5186774489404364	-0.796456963558779	-0.31085367805346953
0.6254851854404311	0.601361023866978	-0.49712493577390493
0.9184194088372951	0.3658031113642524	0.15064485781859818
0.3828400226661472	-0.9177800654663648	-0.10541948812975312
0.09969607071463368	0.15449218474986876	-0.9829510966143102
0.6813232620905472	0.305705640102633	0.6650884709147611
0.7310035554855612	-0.2371876996146074	-0.6398248174453683
-0.03784725091421781	0.9221095687395128	-0.3850734070761912
0.22817506867519843	-0.1828691529975423	0.9562923250330047
0.7908645910037726	0.6076818520096896	-0.07249803745281114
-0.5678638364357287	0.7728399831918863	0.2832825862075903
-0.2845976187935264	-0.24962363278009964	0.9255767052679753
0.31234465913806203	0.8886725930241617	0.33571094160846265
-0.9063360355215841	0.3846414750977574	-0.1749454953682401
-0.17614365117950292	0.036024110497425335	0.9837050765407398
0.09136175299041858	-0.9944182945318945	0.05277580497534453
0.9801155259660319	0.09916914320063044	0.1718692433135771
0.5599693310505253	-0.3509108546929811	0.7505304259931564
0.823748736941599	0.13879584044629945	-0.5497033136719534
0.08872635837194981	0.9260654872812435	0.3667837872597499
0.19587539621855865	0.3374687580628741	0.9207321361219689
0.8904215887580351	0.33215061659845335	-0.3111677395985705
-0.41083113736648436	0.8807898757506063	-0.2354293340800846
-0.47395125288785867	-0.15449762666418115	0.8668913964512303
0.6113142756192342	-0.7663091595127707	0.19764900321266793
0.6337705154944963	0.6236190787668108	0.4576397909796248
0.1764754372919668	0.4772732453550998	0.860852292382857
0.7939296723469524	0.4479546826086054	-0.41111102842916336
-0.5818351101469126	0.7560071769482314	-0.29986839280440325
0.23923983279409833	0.350321407054717	0.9055601659546733
0.5360092848826086	0.7300038664841418	-0.4240146240848751
-0.8096038222021229	0.5868298447398587	-0.01312952391775668
0.27411872057410624	0.2513301794675327	0.9282737031283569
0.7723953056957613	-0.6325961075262767	-0.05681246766120435
0.572943643624717	0.7325676116451108	-0.3675326864356583
0.948373268062156	0.25705974842711743	0.1857644480617673
0.3075743002686595	-0.8883332605851859	-0.3409722392693228
0.07737049980031421	0.38050532700171086	-0.921536489719192
0.7401127211410196	-0.011370362656811572	0.6723867003877219
0.5850917005509974	-0.4820105925325655	-0.6521759660036143
0.33151298911441984	0.8760916068194341	-0.3500894664353169
0.6086552702566805	0.020169510539675584	0.7931783865142551
0.35854067098795533	-0.8987800094340321	-0.2522758051999187
0.7078045982022679	0.43793570930714304	-0.5542787793857664
-0.7483937310660256	-0.20155020800602708	0.6318894974232443
0.5263652666587567	0.39917046082367236	0.7507346730110931
-0.4035423513787977	0.8944498067854585	-0.1926476415249525
-0.7745987490514616	-0.37927776807587105	0.5061078468185376
0.4156575049773534	-0.9084264752928917	-0.0446114059735256
0.4766818818918042	0.17581158559753401	0.8613156621388984
0.03335339429987527	-0.9139538898498666	0.4044450992619086
0.9750996908298689	-0.05901359017467134	-0.2137708799584029
0.2192444846106077	0.4015042756970266	0.889227851883214
-0.625972680067111	-0.5649352025108799	0.5375931740392447
0.6399631204161359	0.0218143473214788	0.7680959176809757
-0.4456516670190304	0.8248468653119373	0.3478825095750434
0.9942807854440034	0.006266100166069176	0.1066135811497033
0.10649923097137723	-0.1327387731099534	-0.9854127723526672
0.007977060822184356	0.9911312496849108	-0.132646946435514
-0.4587813321695029	0.8634762150256903	0.20959130549162647
0.8879809343419363	0.43711556770833593	0.14289800807653383
0.03177340866193236	0.25167202179012127	-0.9672908786658099
0.10790812273177508	0.027160080176712842	0.9937898002562204
0.9852999341480637	0.13024461138071053	-0.1105458320069494
-0.1324381999889956	0.9911098179571636	-0.01270637369954919
0.3637898787378271	0.3318914177842484	0.8703476379752395
0.8472966375770579	0.27026395681248894	-0.45721526833502507
-0.38696942008190893	0.9037729142042368	-0.1828911902532555
0.42183420102165703	0.22556446446183517	0.8781666010618177
0.4466904711467893	0.7911528796073213	-0.41778552401406005
-0.7890016031891693	0.5685048754945632	0.23297784595070714
-0.4414242674878519	-0.1926830130131048	0.8763662890418626
0.8863821862000916	-0.24551962008434813	0.3924878802470008
0.1395393710031692	0.9500491422288793	0.2791691087678053
-0.77790998848482	-0.6123380323529963	0.14106092282984684
0.6201384355035233	-0.7843476064976318	0.015071595558484079
0.10141188602323521	0.09920164472173265	0.9898861869213619
-0.6065512529431185	-0.7415253332432075	0.2867677766271568
0.7514858315130448	-0.65247700715036	-0.09768725697477837
0.25954695642268766	0.15624959295517782	0.9530065278438866
0.031476423052180125	-0.7282209806653339	0.6846191920408451
0.8444311365652031	-0.3470802575702754	-0.408009007748788
0.5347385252542025	0.590956426586403	0.6040076253535132
0.9919759096309718	-0.07783743127519585	0.09962494167770058
0.11492578612467269	0.22678389156208845	-0.967140698250043
0.05268641566316762	0.970829748627654	0.23390968510118149
-0.7581182054916005	-0.002587749987230284	0.6521120226251002
0.1172144668953467	0.983164844966697	0.14017009799543667
-0.6414963407944235	0.1827024662439296	-0.7450518462333682
0.7209580258427142	0.3850043501333251	0.5761867538840096
0.5757635763895099	-0.7955001728334188	-0.18888033017008932
0.385636913528953	0.4679221360444674	-0.7951937157218021
0.0638886464403754	0.8734858214740027	0.4826393690323071
0.914029076101649	0.14291373255829953	-0.37963997825179163
-0.4005859319756282	0.465401100912043	-0.7892608734588809
-0.38279264885879916	0.8487281148831246	0.3648703536690828
0.9159409360215739	0.40018605483058867	0.03005533628246454
-0.12050721845427731	0.34570465505408904	-0.9305731039388287
-0.9695322140736966	0.15727874446210657	0.18780490519094062
0.237357604503766	0.4135943006681888	0.8789773159979872
0.06056941024633321	0.8967737457102627	-0.43832430407997647
0.5911524820794581	-0.7362148507837916	0.32943350833923285
0.8017886882453489	0.4920421771739574	-0.3391598373683339
0.0875993283826918	0.4646312401973327	0.8811606938008469
-0.6489395908539861	-0.1905414787129205	0.7365944286458829
0.3663502590420201	0.7702590261626835	0.5220043297854522
-0.6668319841775031	0.6086008359383086	-0.4300466572048738
-0.8027863992007189	0.4250430285062475	0.41817749960582673
0.4652927095517982	0.007982775355808602	0.8851208786010895
0.3728762417965107	0.9051379448547364	-0.20417788589329167
-0.9731667889259985	-0.1411515658808797	0.18172131515272688
0.19435073091905383	-0.0814354656732279	0.9775459366811434
-0.12318357976082096	0.98663291065115	0.10668320063322656
-0.5925239794364605	0.5033820932526953	0.6289052408632919
0.6700618159979372	0.7413357525238851	0.03792709811456124
-0.44713811796169545	0.4438781028867944	-0.7765563297297193
0.930756178050386	-0.35989395755595316	0.06456993368241762
0.3652296574221479	0.9067303588597572	-0.21082541037872185
0.01732727215514688	0.21980990795860353	0.9753888301610244
0.9981224310712942	0.011796109006618434	0.06010378028571594
0.05065993231115351	0.3925497751707623	-0.9183344953074634
-0.03442649924925544	0.919655112433834	0.3912151458261208
-0.8489445440545382	0.40309549758101826	0.3417706554839697
0.5197296731836166	0.5195935565497638	0.6781619296336372
0.09578219005891477	0.7533502212264085	-0.650606806178385
-0.338612163778127	0.4159855763032305	0.8439773710527814
0.7792722194011221	-0.3787099847909894	0.4993130836351657
0.5273296982070557	0.8267616027170576	-0.19593019589021488
0.42609326621137755	0.2707019571353931	0.8632293894975935
0.372608679695197	0.8169806435664878	-0.4401197562635532
-0.8243829815717463	0.5091788275652821	0.24724405200959354
0.18473599995658296	0.3963679117464197	0.8993136765655374
0.9505684515262934	-0.30444830734093964	-0.06108066077034374
0.2495841126413023	0.866143005914739	-0.43301739459522226
0.04807999345920222	-0.5921622011754748	0.8043831436125322
0.998040779557108	0.0607604704954251	-0.014925400035331327
-0.04003644052614019	0.8035247928497236	0.593923387909422
-0.9976692976532728	0.035839737742704	0.05806449619655062
0.05764921632123211	-0.012514638427390867	0.9982584593593883
0.036503977558244645	0.9992791887273375	0.010419337736214285
-0.6044022078441855	-0.12609373479659458	0.7866373632100884
0.3259028724413863	0.8618654022811318	0.38855546075848196
-0.7269699367150803	0.49121115459222703	-0.47981904163616074
-0.8206940875938287	-0.01183144155135718	0.5712453339672454
0.5645745346463645	-0.17050501532970408	0.8075788720467234
0.0878453722023754	0.9852857741479037	0.14661218859423653
-0.9409509437723083	-0.029630832625140824	0.3372437325910488
0.23692042475157282	0.6539392333753848	0.7184930002358744
-0.24182645378356818	0.7559665950360205	-0.6083045893630168
-0.5856576581278428	0.17923934137904535	0.7904924831889403
0.5275453767095959	-0.656129937146098	0.5396196633676243
0.6153868563664174	0.7330530431576311	0.2897106365475639
0.2935558230125792	-0.10819665568187331	0.9497991695483131
0.7433804660361174	-0.5988298844650415	-0.2979735763243275
0.6010078714054684	0.7935340277334318	-0.0953587192543226
-0.22644682831327545	0.23341994015508116	0.9456410341587635
0.8256134544333722	0.5611220625452109	0.05919843565164806
-0.5168019522074694	0.7941392588601868	-0.3197789544850338
0.951296672985552	0.1401975294340015	0.2745528960095343
0.20248744087863763	0.3873794145312166	-0.899408708810334
-0.2324510190406575	0.9111980256442911	0.3401245092740389
0.9982081424357442	-0.025660115369053143	0.05405610838959744
0.029953578558215985	0.9963306468808446	-0.08017496627722685
-0.05180045855528509	0.08165047804663829	0.9953139765562511
0.8898965908652511	0.21513782892589456	0.4022434239754038
0.39486988329247025	-0.8048009180535642	-0.4431402233703588
0.22838965133077904	0.5531827879328794	-0.8011410427008545
0.8479025722622794	-0.5294485631767312	0.027302873495386605
0.5299177857885289	0.8479341050250851	-0.013960438398941372
-0.015759703550286983	0.02630536989671107	0.9995297190472149
