-0.16954569749002113	-0.7005404988769717	0.6931791008792935
0.8558081922785503	0.24414059296510215	0.45605669482594846
-0.48871934122923977	0.6705508036680382	0.5581353108419194
0.7880139848452398	0.21130305655362489	0.5782603029600267
0.264233646337395	0.7322723437196719	-0.6276605728947321
-0.5560706248594424	0.6474011375603185	0.5212074704511006
0.9527499359280176	-0.05298995108677029	0.2990980185039347
0.16145548436536614	0.9223945588884119	-0.3508851725299846
-0.25729299671289807	0.38259684109630826	0.887366875100498
-0.6131196848135132	0.30709126454153435	0.7278593321078319
0.7425269647871452	-0.09052906025172747	0.6636702462924856
0.26969975650372313	0.9473644728889828	-0.17251839568466898
0.5662971526862282	-0.5483222174624317	0.61534565952524
0.716308674531588	0.696727665517801	-0.03837242359970178
-0.4076878924499358	0.4625076279794715	0.7873228539871889
0.22993296374029182	0.7995403599235636	0.5548567788527993
0.950753125027978	-0.06278244278242973	-0.3035240684489535
-0.20784447896237157	0.5973220050622357	-0.7746012489231417
0.9468914456150537	0.1065642601089099	0.30338201774079254
0.1951749661559093	-0.9402814033997042	-0.27888638368827334
0.2555451482753559	0.3232877060578143	-0.9111430932102833
-0.9960136622669045	-0.07119859994683396	0.05373587203422203
0.08423353742766666	-0.5525080752596201	0.8292403378667316
-0.02935124784552558	0.830461068406292	0.5563029014047927
-0.9873961719520548	0.033712184247480036	0.1546359862635219
0.04099395548073393	0.9981837320847102	0.04414445169534868
-0.15286691999406468	0.04992720335351589	-0.9869847917454577
-0.8756131020821427	0.2500864466513081	0.41322931244456707
0.48025963913545944	0.3595556887783098	0.8000439898434545
0.05150120852529108	0.8989863602238232	-0.4349380986438838
0.885860830118914	-0.02310079615847374	0.46337559590236643
0.45772357113459206	0.2066088350875004	-0.8647554114844161
-0.07576095358972565	0.9781508792004588	0.1936004530742238
0.2171663845745	-0.351957513170047	0.9104749696361766
0.6558759016813092	0.7434250930958126	0.13094247801692188
-0.7229561279943412	0.5687222871302289	0.3922873909734945
-0.47320699032840396	0.78127305743231	0.40704736092339966
0.8429858866011654	0.267396096279765	0.46676988193925906
0.25583185746810566	0.5640139514450978	-0.7851358629432907
-0.8292368512178943	-0.5281125177899163	0.18293007717657203
0.5497242980146214	-0.8297576986677697	0.09646428185550167
0.10084364508764485	0.1805528456025033	0.9783819444318643
0.00011519804835180558	0.4904161374072587	0.8714883813912577
0.5557476068044341	0.7244814019423649	-0.407763774470918
-0.8313510595774529	0.48437455590706907	-0.2724641358587876
0.7164604737471794	-0.6881069114042325	0.11486195208029115
0.6942160821387103	0.6869636923398978	-0.21481367904934162
0.06890878650757731	0.23364452461904983	0.9698772165885697
-0.1743842173496286	0.9301892510496138	0.32301408943127574
0.9644967864954493	0.22743195641715241	-0.13424102964525492
-0.19833328913550877	0.28813653435832304	-0.9368250871900612
0.07283516155114889	0.8673177834904715	0.4923970975574429
0.9262526410712266	-0.2418835122879177	0.28904742066283584
0.3697987076104994	0.4350312964884673	-0.8209730123001415
0.9367140431252924	-0.01605990604113998	0.34972686603951025
0.033080839115362484	-0.9904174572937909	-0.13408548904010656
0.34852899376564256	0.13716901875296325	-0.9272066656355837
0.8148441706680556	-0.14201838406967368	0.5620140177206681
0.5660886992703206	-0.013761821450766654	-0.8242294564190203
0.12479007206795462	0.9897683521191188	0.0691812623235426
0.1867919110235966	-0.6878041761418192	0.701451493161164
0.9814112008666704	0.09862685226129653	-0.16463535108374627
0.04405492923150328	0.7191649041039906	0.693441420680583
-0.4743872147811543	-0.38575337273303956	0.7912971034177132
0.8434933360097885	0.058075794374717216	0.5339908184742722
-0.2519439671023231	0.9207722506314088	0.29782998490399415
-0.2557651139910848	-0.17235237693307875	0.9512512100547601
0.8843450631926553	-0.43921229105917936	0.15819725847600952
0.3905355498183309	0.8816956513151603	0.26475415535932434
0.14706798407607802	0.6325069066418925	0.7604643457191813
0.7614493058314824	-0.563107583166865	0.3210993684651612
0.6313208080750641	0.5318316113491901	-0.5644370420703904
-0.1627833712628015	-0.44155747169192017	0.8823426620272627
0.9205161855670443	-0.38988524882835773	-0.025287246887488013
0.35517816113806333	0.8080943583141074	0.46992763476039057
0.9400363600121703	0.029813655030687045	0.3397687269728935
0.16135790896427082	0.8387699168304505	-0.5200275491115034
-0.30049170882030596	0.543669175688626	0.7836635504706737
-0.07345163123888065	0.020510272406056185	0.9970878529970049
0.8568595341126903	0.5128624927115102	0.05257187812813502
-0.5102906981991058	0.8582257233942394	-0.05524500914927666
0.922170527783716	0.0757150158794903	0.3793003480850909
0.13655182963579637	0.8537734825527175	-0.5024185887414211
-0.36187721054277383	0.5151097716605396	0.7769857190641329
-0.9592121635537896	-0.23235783765065482	0.16100267256406023
0.24784535993250018	-0.9651809474822468	0.08365653696634781
0.13595846001771092	0.12014813315064204	0.9834021167610064
0.19374723803952898	-0.12476296943490464	0.9730859207746453
0.26112849747329125	-0.9495407159385003	-0.17373639970467442
0.9456605710081157	0.2877614119940096	-0.1513917243703189
-0.3377308865272304	-0.2407977538416166	0.9099199360550154
0.8539259949125488	-0.48501803638114627	0.1885945375603193
0.3959144396181385	0.8406984870509815	0.3694290329306106
0.6269466456080082	0.1884969255501968	0.7559145537817024
0.5098644799777682	-0.8329081977667891	-0.2151793348578806
0.5890467855933573	0.5203199430648449	-0.6182968876123593
-0.3402880159056414	0.09847862986480188	0.9351502690428706
0.8035278129757406	0.5470077927839816	0.23478826292645022
-0.4884128581491534	0.831314882636867	-0.26527051457149686
0.7475383322531584	-0.2978771779078187	0.5936797357951847
0.4901205387723548	-0.35587264636384264	-0.7956987602374983
0.44829487983431543	0.8857899561700104	-0.12003272163317624
-0.9929658503796099	0.02829246234706958	0.1149711118248273
0.10306698089333127	-0.2713834559931032	0.9569368930409009
0.05827535868127265	0.962055381143715	0.266558485482999
0.7279499748916076	0.26720899164014555	0.6314176025753199
0.6163397249036838	-0.6584664474265123	-0.4319111958715126
0.3003567504834198	0.7035774956606881	-0.6440221502703738
-0.5071380785038286	-0.39283695531639357	0.7671310812821952
0.8503501929860118	-0.08305555757928595	0.5196213271641631
-0.14041196038834014	0.9158498244215257	0.376169616645156
0.37619245933630885	-0.43877353051900925	0.8160618986660164
0.8723205340183515	-0.12915203542353249	-0.4715682746706954
0.3123077320023275	0.8892679802297182	0.3341651386211909
0.7298731073919353	0.5661145286720618	0.38314434294721056
0.6614398499109612	-0.7263724450141673	-0.18676294084722814
0.17257627894877528	0.38974018467505944	-0.9046104224436311
0.6065694532319013	0.742876407231616	0.28321041997885416
0.7927161594104178	-0.5379675105360482	-0.28669155588758577
-0.06061838842751893	0.39840381673158465	-0.9152047911796339
0.47719761370865055	0.8038767859905933	0.3550557004417807
0.8451112026162921	-0.30899516920935866	-0.4362442442230324
-0.2409761247161514	0.5082362623334881	-0.8268170347580366
0.6370263345914298	-0.03419163968669814	0.7700833596517606
0.6990871821944131	-0.3952760087072953	-0.5958472863342634
0.3247684724976906	0.917925818743522	-0.22789828993555794
-0.17678062342188827	-0.3390880592993398	0.9239956164523595
0.5794224858961575	0.7230156906206152	0.37618864144776076
-0.7956244051187003	0.6018866996013471	0.06866008172520766
0.8924143375271415	0.3249588615561021	0.31304694292095425
0.44122380547677986	-0.48326444037631755	-0.7561593973153761
-0.09443624122434086	0.8129312510685797	-0.5746517009280416
-0.2363928435126419	0.6311173808527233	0.7387890599634012
0.7940826418776037	0.5636582680542943	-0.22742496503840265
-0.5599564102719897	0.5328979343548179	-0.6344041378771699
0.1107588868574948	-0.044280457051733946	0.9928603678792796
0.8767607337550511	-0.4660752409639133	-0.11859378358807199
0.46799902214362904	0.8836363001165806	-0.012798608865314254
0.022097480113075108	-0.7140807058345695	0.6997145467456394
0.969768162108755	0.18544140081985283	0.15862281873103268
-0.24302554008346458	0.6750557254158903	0.6965905213612704
0.1212279937447941	-0.5171665519384256	0.8472558828882404
0.9905834704891052	0.008320174055632679	-0.13665709896468586
0.06362516425418585	0.8558443388022168	0.5133052758484218
-0.380872512634403	0.32233465296999075	0.8666236210802655
0.5460966320654403	0.8347523941217115	-0.07047630066095836
-0.7461330964153373	0.4464177550263726	-0.49396011016161423
-0.09974297565869406	0.9544694099563407	0.28113961703101165
0.9948950567716535	0.09131276018021517	0.04296284254560678
0.015335084547442174	0.28398965700508405	-0.9587047042213035
0.4668827720565778	-0.11893769014520383	0.8762843733741285
0.23867366426761144	0.9710887433192329	0.004640537010351012
-0.8515018256832084	0.2069794155504272	0.48177189872030357
-0.8079883880671965	0.3519077359944846	0.4725629165474269
0.4011340991944922	-0.2589134142910541	0.8786667618406723
0.4315625090435886	0.8995136403898418	0.06803683958428186
-0.7048664811553551	0.1257355150612306	0.6981073155296071
0.32995809845121427	-0.8130890599690337	0.47959757487411453
0.6279258690403877	0.56839841731919	0.5316317731089006
0.07121369583050263	-0.289811841850089	0.9544305662800303
0.671674108809658	-0.6934669104599185	-0.26068666182205497
0.7374160976551245	0.6596307606689016	0.1452747689671332
-0.895723441009519	-0.42672689662370555	0.12483458224373563
0.44457429431258955	-0.8559808040031025	0.2639139253898233
-0.0057631642809952005	0.29189213568731764	0.956433880130439
0.48448162540159634	0.5491478684332858	0.6809656182535253
0.8705723949771187	-0.2262093210938485	-0.43695886322863864
-0.08591425814165582	0.8045284094706905	-0.5876672345830847
-0.5957812784340928	0.1643964685733429	0.7861415072288526
0.4563356311861436	-0.7361870772024677	0.49978633341662304
0.6609103267292636	0.6565077215697481	0.36358651177115486
-0.34512205597765044	-0.8970611334031318	0.2759929155164094
0.9380741207580101	-0.3391326079763244	0.0707532202183238
0.030128233301098414	0.28332030838728295	0.9585519768971787
0.6471623627055443	-0.36760407923625826	0.6678683382420824
0.5346311526670771	-0.4056778957424254	-0.7413467309591854
0.5434615045200996	0.8368349214957876	-0.06600687289888119
0.7552882464274132	0.4960052160129579	0.42839058170849437
0.5700444848426586	-0.8197064613275584	-0.05595178780271878
0.32340214920292537	0.2864614161554596	-0.9018596936026899
-0.6863722572478352	0.3874517086550603	0.6154464216654327
0.6297329886606015	-0.10666228119858245	0.7694540407081512
0.36377120209425323	0.9156988212451671	-0.1707810917435333
-0.8993250457110473	0.10443158960056355	0.4246274899842484
0.18127184061785323	-0.79466223385506	0.5793552052786807
0.39793841477776315	0.5980016531565663	0.6957291433210017
0.5754995088648207	-0.16093188052675889	0.8018112278625632
0.3641917869040998	-0.8274252922199841	-0.42747131850718645
0.7322326526780604	0.5380225976897204	-0.41757278015605426
-0.44636328728827546	-0.4213677529551933	0.7894358951369614
0.47135868309750234	-0.8606014546192746	-0.19283705083768662
0.7606449944815207	0.2860320839987699	0.5827562434616449
0.7807250956696519	0.1233479347790261	0.6125794740091788
0.19290915435412082	0.8848619593390233	-0.4240346342942787
-0.594352070037609	0.4492266687324493	0.6670389920698454
-0.6377002068729665	-0.03833143200845901	0.7693303240314634
0.5173314769138648	-0.7612988992373217	0.39088633771745124
0.5707070957577932	0.6472670911920542	0.5053105218689614
-0.5864132209756827	0.3691779879519053	0.7209903934704732
0.5316966307570813	0.8469340106800836	-0.0012142466455320744
-0.6110795587372343	0.3826361127300075	-0.6929439935004675
0.5830716137454945	0.06385390534644783	0.8099075083095795
0.519279871806115	-0.7959733428771381	-0.31108656699706305
0.6248006946068878	0.601954413723332	-0.4972675093123917
0.9181548351198049	0.3665014620255092	0.15056021081045323
0.383526082631042	-0.917491880471401	-0.1054343075603922
0.09949594307212238	0.1545487871263197	-0.982962476247172
0.6810317247038284	0.3059405279716648	0.665279026643218
0.7312431878780749	-0.23642769186272283	-0.6398322801347048
-0.03846024088379074	0.9222268375323307	-0.384731685732117
0.22823578525350363	-0.18332280528869993	0.9561909722387042
0.7908822007758242	0.6076859717032674	-0.07227104739136309
-0.5678149089498318	0.7727292597385822	0.28368242863835846
-0.28399918500045107	-0.24882797647642513	0.9259746762421351
0.3134351308685012	0.888589597234801	0.3349133416624959
-0.9061472737124606	0.3853481099067982	-0.17436729204392987
-0.17575132978789276	0.036268989896493964	0.9837662478707407
0.09244025913397907	-0.9942975176160396	0.05317184361882309
0.9800848272313119	0.10028462910371558	0.1713963961012599
0.5597564661615115	-0.35210223350480935	0.7501311323704019
0.8237613044199972	0.1381825549392549	-0.5498389717460237
0.08994449360934409	0.9257049198699252	0.3673967737990823
0.19604480929785217	0.3367742277335709	0.9209503527779475
0.8904844214460074	0.3321277313659228	-0.3110123232601807
-0.41061408635035707	0.881064293676791	-0.23478028558309427
-0.47424368865821	-0.15390469541851626	0.8668369330479571
0.6108934039324754	-0.7665221654125236	0.19812374659058224
0.6339575481052719	0.623503901077956	0.457537662428922
0.17615915231049473	0.4775980773378845	0.8607369107807589
0.793561276768681	0.44847392533208286	-0.4112561711518675
-0.5824332176915296	0.7554940203736821	-0.30000055351465926
0.23873080244766598	0.35027952465055756	0.9057106925355762
0.5360319604664113	0.7301796726197163	-0.4236831163163097
-0.8097390575495476	0.5866360884769564	-0.013444641134202184
0.2737276188713521	0.25160290710569067	0.9283152308364788
0.7725210588739335	-0.632482430623265	-0.05636655523609285
0.572961084423119	0.7325721480433529	-0.36749645392551944
0.9482754919854475	0.25772189698398773	0.18534566386816925
0.3080209214934453	-0.8882321530204429	-0.34083244309044003
0.076789994283672	0.3802933948356769	-0.9216725181008003
0.7398196776268864	-0.01069639116658666	0.6727201734837905
0.5856826720911557	-0.4818523763764808	-0.6517622994562524
0.33112331873218104	0.8761871230486951	-0.3502191787944182
0.6084782387649041	0.02007061586001374	0.7933167106071572
0.3592087586849463	-0.898369619028198	-0.25278665963841906
0.7076180471367164	0.4387814923012703	-0.5538479045552938
-0.7485386179843794	-0.20148979964041583	0.631737127313965
0.5262829700360995	0.39904298875620736	0.7508601258386914
-0.4033809277048407	0.8945202925397381	-0.1926584371331912
-0.7749754919683274	-0.37865756183319954	0.5059954917931432
0.4148042648119563	-0.908807594618187	-0.04479037684722402
0.4768127606747334	0.17517764363879484	0.8613723842954908
0.03324219252861005	-0.9137267500305125	0.40496713806748297
0.9749060663939594	-0.05959543119453903	-0.21449136646726275
0.22012069040448579	0.4019350828920186	0.8888166688335895
-0.6257351195340268	-0.5650912195353819	0.5377057501884766
0.6402231637085247	0.021738247917670095	0.7678813379868776
-0.44561178264581935	0.8247419973430994	0.3481821031956269
0.9943300039333376	0.006079942043651219	0.10616438942825729
0.10602880907698686	-0.13280549209909154	-0.9854545108294112
0.008107707668921806	0.9911234714065972	-0.13269713449540377
-0.4581701725230538	0.8638163793175142	0.2095265038914556
0.8882974089019264	0.436555989174113	0.14264144437832801
0.031745965858979805	0.2514759056828154	-0.9673427843906675
0.10805567064322652	0.02652860401904461	0.9937908256824689
0.9853466682048524	0.12984142322856784	-0.11060356355731144
-0.13196937333881242	0.991179821214486	-0.012109769518057645
0.36424401164182196	0.332675342101238	0.869858273939437
0.8471442008673853	0.2696500141504109	-0.45785977417266366
-0.38687595288390775	0.9036680732583772	-0.18360558393921744
0.4224549098756808	0.22493983401992623	0.8780284278957137
0.4468663608463642	0.7911103470999754	-0.4176779551942902
-0.7885697842714096	0.5688114712120744	0.23369040534796903
-0.44137268253283746	-0.19250397699941085	0.876431613962651
0.8863595547243635	-0.24575045970447995	0.3923945097779339
0.13984596834587426	0.9500257524901349	0.2790952789693111
-0.7779421346516271	-0.6122865211227446	0.14110723292969787
0.6201332196873519	-0.7843437306384644	0.015482314049718914
0.10119696128771785	0.09954962711905188	0.9898732478285237
-0.6069752782130899	-0.7412179347762065	0.28666528356994614
0.7509965031034589	-0.6529627891775125	-0.09820309707896209
0.25997165992569016	0.15567777335130087	0.9529843476783143
0.03123456035996308	-0.7281014438946055	0.6847573947302141
0.8441826173134727	-0.3475852201539782	-0.4080934002851374
0.5351449437908338	0.5908069076518155	0.6037939110375363
0.9919977923421043	-0.0779118260163547	0.09934851460987573
0.11467359420402214	0.2267809515325413	-0.9671713223696857
0.05282373311990243	0.9708244678564671	0.2339006323858166
-0.7580294740192108	-0.003427931737828349	0.6522112892323774
0.11701981210455624	0.9830446064434852	0.14117246656975138
-0.6416367197201024	0.1833345330983064	-0.7447756500319092
0.7207198834642842	0.3842873320853209	0.5769628202735206
0.5760143703400985	-0.79505494432955	-0.18998705392430174
0.38570752486946436	0.46926632299354487	-0.7943669324456986
0.06332343905258764	0.8733021774508445	0.48304601118958335
0.9138623963122192	0.14376779255344774	-0.37971876755145706
-0.401055685252113	0.46548268354894007	-0.7889741495404243
-0.38248666272281584	0.8486130978022903	0.3654582918440402
0.9159919959901621	0.40010203718750037	0.029614576147076577
-0.1210892898695921	0.3460840505958236	-0.9303564982317616
-0.9696738069095145	0.15675756590264395	0.18750939636692185
0.23687506976949935	0.4138366435487667	0.8789934207819678
0.060190609859877536	0.896753197924919	-0.43841851294867396
0.5913365925163448	-0.7360652151141082	0.32943744998129776
0.8016053071977322	0.49192151174583265	-0.3397677997605484
0.08803389019910315	0.46499594125187416	0.8809249734203792
-0.6489215218279996	-0.19067032563963854	0.7365770057698702
0.3664912644736233	0.7700506670161222	0.5222127184323931
-0.6667720836784918	0.6088241101898803	-0.4298234419834994
-0.8034080559000376	0.4248014108196742	0.4172280636301161
0.4639519491309467	0.007414937888134743	0.8858293332204067
0.3732078303204761	0.9052561958151567	-0.20304466337668958
-0.9732151647857954	-0.14101380161754629	0.18156913499910748
0.19416034006899352	-0.08125456217517857	0.9775988228665238
-0.12310160590036838	0.9866675244879033	0.1064574597933986
-0.5930643865641174	0.5028243249651398	0.6288420561736302
0.6693588172080382	0.7419670055648853	0.03799653245933879
-0.4474744766075308	0.4434553651456131	-0.77660410242825
0.9307846757523616	-0.3598764682312779	0.06425585574835305
0.36515571758235016	0.9069159883805781	-0.21015397197435548
0.017354806293648533	0.21907148977687918	0.975554454177443
0.9981196420878612	0.012044513878795515	0.06010082997616091
0.05056084255626839	0.3925273095138806	-0.9183495589838298
-0.0346522910988601	0.919661481726411	0.39118023691181303
-0.8487772731427077	0.4030829887853869	0.3422005913908822
0.5200290141251378	0.5193140432599467	0.6781465541761924
0.09563976717070698	0.7535496192188316	-0.6503968068115704
-0.33869845124169284	0.41558635775712927	0.8441394069539947
0.7786859072818157	-0.3797845776498423	0.49941158614916636
0.5281397702570543	0.8264693907371852	-0.19497879178857325
0.4255786735616789	0.269999439695346	0.8637031290748467
0.3733085504589959	0.8170679406651029	-0.4393639795107141
-0.8243321653094009	0.5094117027527804	0.2469335909406163
0.18548169233375633	0.39610424671250155	0.899276357715095
0.9503836248747184	-0.30489487272078364	-0.06172586296332777
0.24973487417458584	0.8661065421326055	-0.43300340679503324
0.04808218268197062	-0.5921454587259563	0.8043953377654326
0.9980546447928773	0.06047983320267791	-0.01513657104959737
-0.03968664404936317	0.8035583024809108	0.593901527863076
-0.9977540490231807	0.033026759396848446	0.05827598837935361
0.05790276509239799	-0.012147399383897639	0.9982483210518626
0.03367680882302317	0.9993806451257451	0.01020777622926683
-0.6051239858613795	-0.1260228322590224	0.7860936378604341
0.32562257281428425	0.8618487607892646	0.388827279906921
-0.7264949427277819	0.4912585462619691	-0.4804894784649645
-0.8205128205379366	-0.012281682240544878	0.5714961693784333
0.5648951925664032	-0.17041649128462666	0.8073732971269258
0.08747646968326322	0.985295579904619	0.14676677918443926
-0.9411587974798734	-0.029959631819243215	0.3366341313466207
0.23624706620533142	0.6539574075558048	0.7186981513905994
-0.24167631583506943	0.7559379138290039	-0.6083998921763887
-0.5858397397337316	0.17957824520107518	0.7902806167426963
0.5274269320138865	-0.6558914245041918	0.5400252500099246
0.6153150662344724	0.7331835330340998	0.2895328585022816
0.29339844331065024	-0.10810683580532127	0.9498580238725408
0.7437194030896548	-0.598475540897887	-0.29783968240472725
0.600665300255354	0.7938135417080906	-0.09519064066389449
-0.22596962222004757	0.23355350532908015	0.9457222055034071
0.8257972173385123	0.5608937279662766	0.058797804075173765
-0.516717220217886	0.7942612832541895	-0.3196127786145435
0.9513729370740425	0.14050601959824022	0.2741306131386443
0.20193537015025287	0.3875514932754589	-0.8994586962958567
-0.23261908968395195	0.9110773285054462	0.34033286734899504
0.9981682710039177	-0.02622781691261417	0.054517927152891145
0.03062080764086624	0.9962133350073085	-0.08137172293270686
-0.052177283375724186	0.0828920549486773	0.9951916590918127
0.8899539450667496	0.21388133607445298	0.40278623330388985
0.3943857184513789	-0.8044350437152641	-0.4442343587842015
0.2290019230087783	0.5542012581380773	-0.8002618850954064
0.8475101991135577	-0.5300737679629638	0.027354394821375097
0.5305473509697994	0.8475371926618518	-0.01414975030859189
-0.015683455532061734	0.026504859411304392	0.9995256483203224
