-0.16843513229557705	-0.8554508461399214	0.48972794084783844
0.7004096141556334	0.24571696342059368	0.6701115924125767
-0.6935819912648599	0.45588049281127957	0.5577786278329573
0.7904586679920859	0.2061003678266539	-0.5767995601401715
0.2668742795369201	0.7317206070942037	0.6271866325706725
0.5513195199862121	-0.6496980772138763	0.5233920092500122
0.9522152374015828	-0.16045502274989876	0.25988521953850485
0.05130929534350852	0.9228331227221429	0.38176744730038326
-0.30108719313780186	-0.35019025297861694	0.8869685951865333
-0.607094146362881	0.7485629709036515	-0.266627410526045
0.30845623927550936	-0.08722805716313475	-0.947230708167527
-0.7323192240436782	-0.657301106522303	-0.17794327596349713
0.5641471985758134	-0.7177373290301929	0.4081556870309002
0.5465398441402047	0.6951425646459308	0.4669807421989459
-0.6188959016718905	-0.04037253192558307	0.7844347783975768
0.9521246524094297	-0.12230513620084617	0.2801786928606726
0.12230513620084617	-0.6875522143665056	-0.7157607185216348
0.2801786928606726	0.7157607185216348	-0.6396768667759354
0.9584554830406026	-0.04440171768878059	0.28176510517750614
0.04440171768878059	-0.9525445792126799	-0.30114334141538773
0.28176510517750614	0.30114334141538773	-0.9110000622532823
-0.9958353709998726	0.07349521759440283	0.05394781604751832
-0.0854911315297304	-0.5472063226397388	-0.8326202657231326
-0.03167302156902353	-0.8337647710558685	0.5512106006335901
-0.9867124837712746	0.04154558848483401	-0.15707462700057723
0.034354601090668756	0.9982456195920094	0.048222861272080655
0.1588025055023461	0.0421858630682619	-0.9864086968409
-0.6330422451362019	0.3458453457934065	-0.6925666124395226
-0.3458453457934065	-0.9267569448596933	-0.14667161261596012
-0.6925666124395226	0.14667161261596012	0.7062853002765086
0.9500678169800566	0.24257785017444952	-0.19628328951668803
-0.24257785017444952	0.178478685215001	-0.9535729366591036
-0.19628328951668803	0.9535729366591036	0.2284108682349444
0.21742260812553005	0.657534105866024	0.7213711313178957
-0.35182436367389314	0.7421652315384537	-0.5704475315232187
-0.9104652802833024	-0.1297677491460863	0.3927000186913747
-0.46935168191615784	0.7818931181699142	0.4103073853113084
0.8462856905971368	0.26570216998221263	0.46173898119746276
0.25201096915214105	0.5639552363665683	-0.786412717853499
-0.8288367579955283	0.5504540582578379	0.10014967969464011
-0.5282746633263697	-0.828908166998995	0.18394871777149438
0.18427020562986535	0.09955692055223006	0.9778204901142561
-0.004503698196608452	0.5594218976122629	-0.8288708326237862
0.49549685336537785	0.7212186117601505	0.4840729101651637
0.8685980572206934	-0.40852277111888907	-0.28043994093170954
0.7131810466106971	-0.6948315040428252	0.09263895371200975
0.6948315040428252	0.6832598170565001	-0.22442193160541002
0.09263895371200975	0.22442193160541002	0.9700787704458029
-0.17265144103156493	-0.9304503559255691	0.32319284501316736
-0.9660046322042953	0.22405074711388928	0.1289818331299098
-0.19242279093072048	-0.2899368860212328	-0.9375020382136467
0.07302569716055807	0.9291167150996184	0.3625043134594525
0.865262851799263	-0.23977794249659046	0.44025757868355664
0.4959712137316246	0.2815113994398739	-0.8214401299759968
0.937833701779756	0.02926747252162739	-0.34584875720215563
-0.018195395119904312	-0.990922529389882	-0.13319710336185625
-0.3466076678357107	0.13120958730121152	-0.9287880106879802
0.8219640631031819	0.14738277385491935	0.5501394340871577
-0.5557536162823051	-0.0036829756295091443	0.8313388921971911
0.12455118207407267	-0.9890726735995401	0.0788812359348472
0.1798787182633187	-0.6837678792882839	-0.7071811182218797
0.9823818295049543	0.087822152458082	0.1649642706652809
-0.050691101531178895	-0.7243954422766836	0.6875184764312328
-0.24309115771181333	0.8871278183642525	-0.3923148262895661
-0.8871278183642525	-0.3669042199894985	-0.27997415458963326
-0.3923148262895661	0.27997415458963326	0.8761869377223149
-0.259472540173431	0.8829977498009471	0.3911380507473182
-0.17490841029540244	-0.4412783022556459	0.8801593650960663
0.9497794738274158	0.1599638515566545	0.2689433347217922
0.14723016911499665	0.7645881608203571	-0.6274776662445549
0.6321698132685099	-0.5606471868524778	-0.5348233905379045
-0.7607132209278518	-0.31793030086442914	-0.5658937349872559
-0.0931381089463581	0.7401738435638864	-0.6659339111096236
-0.7401738435638864	-0.49882149912036367	-0.45090996143263107
-0.6659339111096236	0.45090996143263107	0.5943166098259944
0.9373347570261196	0.15894732826156366	0.3100633807938243
0.03783315325635167	0.8381964189884443	-0.5440546072864652
-0.34637004169741176	0.5216919685345549	0.7796571581028896
0.5730912602528402	-0.7062186579482542	0.4157181913118285
0.7062186579482542	0.16827027980176512	-0.6877065654050442
0.4157181913118285	0.6877065654050442	0.595179019548925
0.9226629915499867	-0.128084251271951	0.3637133879858328
-0.08460937469635463	0.8529906242137741	0.5150225710751789
-0.3762103902572616	-0.5059658284701641	0.7761857526926008
-0.9613320066820201	-0.24329650240236259	-0.12902552014038746
0.22730850536444178	-0.9655067788950857	0.126994107330299
-0.15547223648518047	0.09275490189964702	0.9834759335417838
0.19187763655260193	-0.12835990346656495	0.9729885445230286
0.2581563381962979	-0.9498951465097176	-0.1762229147595762
0.9468570523791151	0.2849963961514888	-0.14912671303491343
-0.33896867945166353	-0.24261013817190452	0.9089777528669252
0.8533512532411112	-0.48606868744040677	0.1884910334254261
0.39609578758504904	0.8395698612659757	0.3717937265624719
0.6246829207043936	0.5110969705695807	-0.5903821942223744
0.18783240162183465	-0.832198787978151	-0.5216935558243653
-0.7579513424232469	0.21500014874946807	-0.6158609409245763
-0.34579326385405706	0.09438290987239784	0.9335517580708512
0.8018097683307249	0.5464989278064962	0.24174370170860549
-0.48736856082700664	0.8321242624935106	-0.2646527870381179
0.7486886329950917	-0.29319952086461964	-0.5945581315470325
0.48940089415449983	-0.3605101768194092	0.7940523768684372
-0.4471600335726764	-0.88547526977008	-0.1264177637869266
-0.9933417874840664	-0.025426967284034062	0.11236352865897226
-0.10116812895126148	-0.27403918246952985	-0.9563825260615818
0.055109916734286064	-0.9613823359133286	0.26964217264992485
0.728566512406266	0.6157287607184941	0.30011486171837237
0.26651032635058236	-0.6584300234282117	0.7038765162987265
0.6310016505118481	-0.4328371489052122	-0.6438081387951939
-0.5055248202761944	0.39389003141348033	0.7676557166059593
-0.8514466845982096	-0.08380740768019845	-0.5177015179663296
-0.13958223157493355	-0.9153288816436487	0.3777430860486385
0.3760135175763224	0.8736319310203822	-0.30883828082263254
-0.43625871723700566	-0.1271383813889595	-0.8907941196553322
-0.8174913860308274	0.4696840225932688	0.3333237955592171
0.7273990485292372	0.6641665990076865	0.17254956667961657
0.5679947062982303	-0.7238380229941201	0.3917148581368219
0.3850618623233772	-0.18692577465541366	-0.9037622015516726
0.6076474899595079	-0.7915954972825855	0.06435135296049295
-0.7420921720912531	-0.5370402663886424	0.40110716822079207
-0.2829553605549749	-0.2914863992695935	-0.9137679918743336
0.4814665344013709	-0.8440035534820745	0.23632176785299455
-0.8003433529245294	-0.31346005080481243	0.5110707524198257
-0.35726809776560775	-0.43520202005399244	-0.8264131582083314
0.6390106308274068	-0.6946633545496317	-0.33031536073185025
0.037873881262068476	-0.4004925508615176	0.9155169500465743
-0.7682649170746418	-0.5975353885338404	-0.2296094001603728
0.5153359397426681	-0.848708197828575	0.11884134023189734
0.848708197828575	0.48619562316830767	-0.2081062491866918
0.11884134023189734	0.2081062491866918	0.9708596834256396
0.8900131283183732	0.4457858420328612	0.09566407091482122
0.32851995125422195	-0.48152479247170854	-0.8125321629714124
-0.316150712554735	0.7545918481391984	-0.5750129300050586
-0.23839870950675213	0.7941984999355374	0.5589407821993827
0.6310604261412502	0.5641514766329885	-0.5324432833375234
-0.7381929245555928	0.22579161656926267	-0.635680227805695
0.11397852905830097	-0.034341443003008565	0.9928895005015297
0.8774994112992202	-0.46513208825227714	-0.11682004814071206
0.4658365357968696	0.8845749294268674	-0.02288047521850478
0.02698112501910721	-0.7100607784084971	-0.7036232726812143
0.9687117527553459	0.19229502155800082	-0.15690814114530077
0.24671756922920776	-0.6773745755857146	0.6930325572321289
0.12198382481273295	-0.5181193691541015	-0.8465649802533839
0.9904903234111957	0.008865549399287187	0.13729647214198093
-0.0636306978811439	-0.8552623698849404	0.514273675143842
-0.3868560780293129	0.3199757750489259	0.8648455805943726
0.5391906189926762	0.8393238473151814	-0.06934663451341161
-0.748074763163464	0.43948945688136953	-0.49722546798011646
-0.09374350876071436	-0.9954479317686857	-0.017192140724078903
-0.9541986344121949	0.08490445549414138	0.2868731418643896
-0.2841075864019348	0.043297212089116355	-0.9578142986895624
0.9718064010345862	0.23527377678114203	-0.015445674713082986
-0.23527377678114203	0.9633445914005968	-0.12889316575503332
-0.015445674713082986	0.12889316575503332	0.9915381903660107
0.5014649097814758	-0.6064297018656993	0.6170704667644817
0.8538312695151759	0.4620148286601733	-0.23982172815700806
-0.13966068686627398	0.6471362412917312	0.7494728665874775
-0.671499837449586	0.11065200551553614	-0.7326964596479015
-0.11065200551553614	-0.9926749222163895	-0.048503942912658936
-0.7326964596479015	0.048503942912658936	0.6788249152331965
0.07766888111784243	-0.2885133572388587	-0.9543204847432885
0.6657895978553021	-0.6974760921305407	0.26504964118818286
-0.7420860841530297	-0.6559627608340829	0.13791700440971855
-0.895664512860384	0.42634388469322354	0.12655422706200592
-0.4447056746314511	-0.8555901439954785	-0.2649572955183187
-0.004684373293872265	-0.29359222994229095	0.9559192743973502
0.4832628267534472	-0.8710749647367362	0.08766667603577599
-0.5490711143956828	-0.22356983610505332	0.8053182226426042
-0.6818929179970641	-0.4373156002166557	-0.5863250925831127
-0.5405027175782144	0.1677849598290626	-0.8244422475502605
-0.1677849598290626	-0.9817255806019631	-0.08979471948226492
-0.8244422475502605	0.08979471948226492	0.5587771369762513
-0.343376009368906	-0.8985593940341137	-0.2732836101615527
0.9387120211748614	-0.3377078193629952	-0.06908813243168008
-0.03021022164254579	-0.2802578172578548	0.959449268264962
0.6471344624566184	0.4559872047149511	-0.6109768053185233
-0.4559872047149511	-0.41075478123676956	-0.7895290867519565
-0.6109768053185233	0.7895290867519565	-0.05788924369338799
0.9094076396294273	-0.03952089122773389	0.4140239656592348
0.03952089122773389	-0.9827590225373826	-0.18061783626744704
0.4140239656592348	0.18061783626744704	-0.8921666621668098
-0.44137599137475503	0.21956891260372957	-0.8700440947767928
-0.21956891260372957	-0.9665524417844638	-0.13253629653233762
-0.8700440947767928	0.13253629653233762	0.47482354959029127
-0.5238439207350072	0.7863105035633399	0.327571883248459
-0.5146154941319537	-0.5985842932805103	0.6138955424477335
0.6787918973502117	0.15301188131592441	0.7182123114148498
0.5761480718063423	0.15548849877237375	0.8024192956948051
-0.37124777013406046	-0.8248411980048709	0.42639429082056884
0.7281679013279294	-0.5435626227247433	-0.4175059073262031
-0.44529784150294294	-0.4460658823009273	0.7763601361481123
0.4460658823009273	-0.8623295727432945	-0.23960996769638546
0.7763601361481123	0.23960996769638546	0.5829682687596485
0.7834826275758663	0.12555124377110646	0.608598272651463
0.1899942799282048	0.8840797132958724	-0.42697217020931333
-0.5916562734234966	0.45015546839532683	0.6688070786051867
-0.6433941398153071	0.5158593598706994	-0.5656262915433772
-0.03913286923736306	-0.7600605309921011	-0.6486729590273183
-0.764534236902817	-0.39521780079064983	0.5092055484199182
-0.5855702241031651	-0.37474452544326275	0.7188004266095512
-0.5360131469373199	0.8442025442587608	0.003459852220241033
-0.608109709636444	-0.3832604922469033	-0.6952078654104406
0.5842113372548302	0.5179783585768535	-0.6248163998079369
0.05973366673357916	-0.7952100689167081	-0.6033844838509238
-0.8094003968874025	0.31518148159356163	-0.49551148440677184
0.918882651659458	0.3816517910036602	0.09998291305508956
0.3642525280587694	-0.918030444914089	0.15665311364168735
0.15157429954342042	-0.10752679961078758	-0.9825798792380105
0.682243025133215	0.7302528250278761	-0.035710869436145876
0.3048790308166714	-0.23976114673713478	0.9217176189503926
0.6645248161095012	-0.6397229119346126	-0.38621414360498685
0.22841128456303494	-0.18295549529099342	-0.9562194161525333
0.7914228556093476	0.6069032929732079	0.07292637792611462
0.5669904308746403	-0.773431108581174	0.28341872128616685
0.7361165159743461	0.676395337503913	-0.024936365267573188
-0.676395337503913	0.7337600884205194	-0.0639177600051744
-0.024936365267573188	0.0639177600051744	0.9976435724461733
0.259334216640574	0.5630831225181195	-0.7846548038562334
-0.3227881617941395	-0.7151956294103039	-0.6199217807739617
-0.9102491783489729	0.4140442111751397	-0.003718132242955363
0.5651354517473495	-0.8198503833219334	-0.09201777081193602
0.3435274802868019	0.1324454351899378	0.9297564611150323
-0.7500738573408088	-0.5570489706158935	0.35649074724269236
0.19913460970259877	0.8890130732576358	-0.41231197265615155
0.33827606764311174	0.33251800109506835	0.8803414570538257
0.9197362172267147	-0.31478172520772785	-0.23451600413775586
-0.4376303256034888	-0.40712462501536695	0.8017039589638318
0.40712462501536695	-0.884705784691677	-0.22703571137418213
0.8017039589638318	0.22703571137418213	0.5529245409118118
0.1747987790133152	0.4779292121874742	-0.8608304449735236
0.7946680870171926	0.44772135069441965	0.40993685319668477
0.5813329668373282	-0.7557309443646099	-0.301533947339077
0.23610717187743935	0.5369663085565897	-0.8098892435778775
0.3530437155377534	0.7290983678657803	0.5863238907760395
0.905325100893229	-0.4243615833821017	-0.017427227034163773
0.2700794732815224	0.2545656443269221	-0.9285760124192282
0.7771240504663371	-0.6270148081331826	0.05413539109032195
-0.5684498995503204	-0.7362396098486736	-0.36717291374923544
0.9490553256149943	0.30616164457544565	-0.07455894522239186
0.2559614371205537	-0.8870249441330167	-0.3842791839184103
-0.1837871911450794	0.3456179912514351	-0.9202013217195055
0.7413868370107842	0.5844550034669349	0.3297846370430407
-0.013819857222299115	-0.4780240480566851	0.8782380207129816
0.6709355926268186	-0.6556716849170516	-0.3463236523030655
0.607582048018548	0.014483727736397084	0.7941248494767338
0.35269304412039637	-0.9007709296827553	-0.2534153682544804
0.7116541797493184	0.43405293901703246	-0.5524005562777812
-0.7493254185289824	0.5277287288128163	-0.4000172570427117
-0.1976378756251967	0.39831419394665246	0.8957036747825633
0.632021112989689	0.7502320918797314	-0.1941677652161593
-0.7743202449237958	-0.41755036249844807	-0.47547855164935426
0.38117694138989083	-0.907549631388691	0.17623224993995584
-0.5051062241289458	-0.04478126107721793	0.8618946229107902
0.03336672479368852	-0.9750486982852451	-0.21946912686934172
0.9125436276705892	-0.059836882415696735	0.4045783917865253
-0.4076159826041459	-0.21377460905125992	0.8877779155006266
-0.6292251496907961	0.5619126545702372	0.5369635738394413
-0.6420180590249597	0.013606379375394106	-0.7665687694695869
-0.4380508222597226	-0.8270846601612936	0.3521965957295137
0.9966233975272898	-0.054020794509819864	0.06183491943626609
0.054020794509819864	-0.13574480174745807	-0.9892699846649908
0.06183491943626609	0.9892699846649908	-0.13236819927474786
0.9034489912393947	-0.042021273351858936	0.42663114374645517
0.042021273351858936	-0.9817113519912579	-0.18567992340957098
0.42663114374645517	0.18567992340957098	-0.8851603432306525
0.4954626116305235	-0.6435949284846236	0.583354410718847
0.6435949284846236	-0.1790213341577065	-0.7441350213135159
0.583354410718847	0.7441350213135159	0.3255160542117699
0.36422580059801646	-0.3333570928090722	0.869604861332213
-0.8462629310475168	0.2713656733408947	0.4584754332209178
-0.38881694627883634	-0.9029029405235793	-0.18326937081867722
0.4202667029051367	0.22794851110189424	-0.8783025530622549
0.4466133629399022	0.7906103859084987	0.41889344914563387
0.7898812584640534	-0.5683086256428317	0.2304623690479619
-0.450397215974669	0.2058896558324615	0.8687645235985744
-0.8812730772609403	-0.2585621191700649	-0.39560509833079505
0.14317859874052496	-0.9437982200404256	0.2979006692023771
-0.7782491464844417	0.6198499520851485	0.10056989060487896
-0.6122919364869884	-0.7845891391004916	0.09756263279843984
0.13938023715452647	0.014349902633414874	0.9901349553395029
-0.6036260067249479	-0.7432869218562475	-0.2883750956701332
0.7538626970668303	-0.6498366682743346	0.0969708128110592
-0.2594738483478023	-0.1588611228827797	0.9525945966989336
0.02908966290682824	-0.727495128766638	0.685495900157528
0.8439977373058443	-0.3495569482510801	-0.40678957625780765
0.5355572900582926	0.5903903603127377	0.6038357487887029
0.9919233576685135	0.1143464487731196	0.054890273861574496
-0.08004728364182241	0.2286524100711559	0.9702115788580434
0.09838945519306397	-0.966769344270715	0.23595878895515576
-0.7543783761446448	0.11648094469005424	-0.6460227976855624
-0.004151257869001175	0.9832648075714279	0.1821347996666971
0.6564267153791605	0.14008036163443954	-0.7412701664176771
0.7256168245965555	-0.5719848509873244	-0.38250954772844536
-0.3810237460403471	-0.7968853653649455	0.4688225884282442
-0.5729756790787831	-0.19444033714274922	-0.796173238985098
0.06331569457431996	0.9151843760847724	-0.39803100455981727
0.8709341890148943	0.14407274909639767	0.46980493970665604
0.4873035616795138	-0.3764048362310616	-0.7879432962062232
-0.38614416561528997	0.8469494697959323	-0.3654713107395162
0.9139699223445605	0.40485188154205975	-0.027457877946625187
0.12470631263392025	-0.3446324848650265	-0.930417533134994
-0.9695234753294022	0.23832468953577288	-0.05679412947545541
0.15390263885491326	0.41207571840467316	-0.898057670784436
-0.19062583387015375	-0.8794287604228951	-0.4361958812303921
0.5931655192946688	0.7770100852306656	-0.21073678883792393
-0.7770100852306656	0.4840056612297233	-0.40248459268326303
-0.21073678883792393	0.40248459268326303	0.8908401419350546
0.1950344971918735	0.9723183862379089	-0.12867983792662258
-0.9723183862379089	0.17446404959994888	-0.155432465015824
-0.12867983792662258	0.155432465015824	0.9794295524080754
-0.7993229543489795	0.47042617544732035	-0.3738743480165845
0.4283580706021939	0.009735411216587053	-0.9035566308308571
-0.4214168696205516	-0.8823856499413683	-0.20929258653082794
-0.9735676808402309	-0.14313904746889658	0.17798085265857272
0.19034237664283557	-0.07778094890357545	0.9786316486000322
-0.1262368823970733	0.9866414430163355	0.10297044452322723
-0.5923265169154099	0.5008116065358538	0.6311394712088885
0.6680066348715498	0.7432262516353281	0.03717357458851572
-0.45046246583533023	0.44362424825416974	-0.77477809289788
0.93395149038151	0.3569201115119503	-0.01851074316317631
-0.3520337244538065	0.9097530056802582	-0.22004937060332064
-0.06169984166379675	0.21203184349062537	0.9753130917221553
0.999766461721308	-0.01800252619422681	0.01195537819905984
0.01800252619422681	0.3877423058395171	-0.9215919993754723
0.01195537819905984	0.9215919993754723	0.38797584411820907
-0.8484557323742417	-0.4037592029733149	0.34220078348192456
-0.5202249980956862	0.5172031888380192	-0.6796078375152304
0.0974105823698475	-0.7546385674414857	-0.6488696409697634
-0.06971855246040937	-0.2575565370600533	0.9637447554515969
0.2575565370600533	-0.9379880159787901	-0.2320411862101344
0.9637447554515969	0.2320411862101344	0.13173053648161925
0.425933742753538	0.26980022794069614	-0.8635903448899318
0.3714808662076198	0.8181850332946599	0.4388339291055931
0.824974189187516	-0.507721467239435	0.24826699111769956
0.183159396412931	-0.3909502578486015	0.9020036204992542
-0.9512937897143594	-0.30192375057175624	0.062307098243906955
0.24797734000618432	-0.8694825729874036	-0.4272087242960534
0.04865875863412328	-0.5814865498872102	-0.8120995736413454
0.9977876788585747	0.06517408783138445	0.013118162728242677
0.04529981375462594	-0.8109412620995531	0.5833714051084268
-0.7110375396189144	-0.3544372522529219	-0.6072889357365896
0.6832439296960818	-0.14419431279296546	-0.7158112409648372
0.16614255862402214	-0.9238951425208184	0.3446946704553179
-0.606311702523664	-0.12661963454555572	0.7850818986133902
0.3256457873412105	0.8611380326262957	0.39037944355644016
-0.7254935840996656	0.49235023805423583	-0.4808849160850839
-0.823742046894244	0.5613368172241169	0.07968699898465134
-0.01765746482234115	-0.1658818403759621	0.9859875399666731
0.5666897335531403	0.8107923240029979	0.14655563183749887
-0.9418229492870989	-0.028127958968987052	0.33493036607687665
0.23692014192411354	0.651270273003776	0.7209132249114625
-0.2384080085626519	0.7583243695318158	-0.6067172092724624
-0.5890892324699033	0.1806863523859048	-0.7876079724390155
0.5254106262370866	-0.6548746941976087	-0.5432152508322472
-0.6139361123318718	-0.7338198532072195	0.2908451014092588
0.2894427582698267	-0.11227983242424494	0.9505872547619909
0.7455726843986348	-0.5963559153915989	-0.29745755067918866
0.6002868164167596	0.7948288252247976	-0.0888981249970986
0.6282578788094311	-0.6321873163155021	0.45346580334538744
0.6321873163155021	0.0751022822762546	-0.7711671960649656
0.45346580334538744	0.7711671960649656	0.4468444034668235
0.9541081342520141	-0.14054090996055543	0.2644350974844292
-0.19412786401223206	0.3820909076002881	0.9035047928723102
-0.22801763214319387	-0.913375492859671	0.33727313630819156
0.9981045679103804	-0.02724042021938219	0.05518361190339321
0.03160157830705158	0.9963126687462645	-0.07976469359434474
-0.0528073078743476	0.08135739426731836	0.995285066015308
0.8931207655482201	-0.3889389587704728	-0.22596854758373303
-0.2141966855986367	-0.8094776251891034	0.5466861569463487
-0.3955440279224553	-0.4398550450645639	-0.8062707121718673
0.8408736759290336	-0.5409323908790661	0.01798915304987609
0.5405831288313653	0.841028748246637	0.020988698044100067
-0.026482861485988288	-0.007924211036578626	0.99961785944778
