-0.17025186424446748	-0.700363794774189	0.6931845769279502
0.8558765894955331	0.24352493657937346	0.45625745891711933
-0.4883539354554013	0.670959134548081	0.5579644016348283
0.7880991466402151	0.2108878585319181	0.5782958120104161
0.2647035887066422	0.7320678779782208	-0.6277010691071744
-0.555726322204365	0.6477676536816935	0.5211192969492915
0.9528285363505101	-0.05260923997177478	0.29891478415384015
0.16112543497951365	0.922301276546603	-0.35128186614621765
-0.2572088150099198	0.3828741609851713	0.8872716620805006
-0.6132048371627481	0.30536365809164867	0.7285141481104498
0.7428542231990972	-0.09067775608250983	0.6632836102506277
0.26860273780338395	0.947908529800596	-0.17123664437204766
0.5656009358354879	-0.5488271840185128	0.615535785689451
0.7172739242685129	0.6957117837831627	-0.038771529112191394
-0.40695663030164275	0.4634369816788032	0.7871546640057294
0.23010637620380003	0.7989603208434853	0.5556198892660613
0.9508376958672898	-0.06298191226938199	-0.3032176690839029
-0.2072648830558101	0.5980766543216404	-0.7741741301589034
0.9468915243338887	0.10594258852990866	0.30359942206833507
0.19476043873679522	-0.9402339479131789	-0.27933580990386403
0.25586092442515646	0.3236298674831776	-0.9109329811929769
-0.9959904125967383	-0.07133379395233463	0.05398692300682358
0.0845323284452181	-0.552915476677573	0.8289383337124914
-0.029281111027565178	0.8301782733189167	0.5567285254468406
-0.987437526066838	0.032550861649697095	0.15462074091422603
0.03978129253670352	0.9982435762977638	0.04390001303370948
-0.1529201781293468	0.049499533190858716	-0.9869980827411851
-0.87513214526816	0.25104919335895187	0.4136641522203347
0.4810594228099914	0.35915213570586113	0.7997446937264646
0.052206896518243256	0.898879327791967	-0.43507515905208294
0.8858504058618234	-0.02262531664820905	0.46341898265070136
0.45765944232983574	0.2067970431012911	-0.8647443655849435
-0.07626856023805961	0.9781222203851271	0.19354593436205902
0.2178116701441567	-0.3515900992698908	0.9104627825696125
0.6550771536957452	0.7441784250181982	0.13066137318777538
-0.7234860047401706	0.5679637962342515	0.3924093871357863
-0.4740005812884647	0.7807750159839517	0.40707962777994405
0.8424406422348831	0.2676303396881019	0.467619252800084
0.2561585705165365	0.5645922207165905	-0.784613542489061
-0.8287715387655556	-0.529209412946594	0.18186570259643456
0.5506147745770912	-0.8291793341024438	0.09635871478411948
0.0998053432917925	0.1799973031635461	0.9785907542503444
8.822260015917127e-05	0.4900263271236698	0.8717076292785667
0.5545136823690051	0.7253889827359967	-0.4078301114322015
-0.8321746020411455	0.48340978729326733	-0.27166230740892106
0.7155208949633094	-0.6888611875112046	0.11618998757017679
0.6952067985833496	0.6857846521581502	-0.21537622447200372
0.06868301154139073	0.2348822581741285	0.9695942289022905
-0.1731467398996307	0.9304606772879137	0.3228980248980265
0.9645475233876438	0.2264961965826886	-0.1354531212646597
-0.19916897747614243	0.28799722386594806	-0.9366906199256051
0.07164421324525805	0.8672206114015072	0.49274285166693627
0.9263714695522071	-0.24097724625338435	0.2894233355965279
0.3697336975556225	0.43572741243641333	-0.8206330574278105
0.9370219552289346	-0.01580981243369279	0.34891246072583293
0.03344701834364365	-0.9903222019862323	-0.13469681962488694
0.3476652878601262	0.13788395876225346	-0.9274248549252839
0.8148837249113541	-0.14239743680426512	0.5618607344050409
0.5659676357798867	-0.013705247169961243	-0.8243135334626842
0.12508057452827	0.9897146741316841	0.06942415778453703
0.18571627791024192	-0.688288580445924	0.7012619297715372
0.9816170068638757	0.09798863923959655	-0.1637872962582198
0.04401722338779973	0.7187886035599806	0.6938338615529813
-0.4734823000871664	-0.38637666124122	0.7915349563678502
0.8436696740892422	0.05923776261082436	0.533584453018466
-0.25305333929098556	0.9204368327750424	0.29792623977207877
-0.25483879973845136	-0.17254404040959082	0.9514650494195775
0.8848071559172288	-0.4385472699681927	0.15745662526902388
0.390094197579931	0.8819891417260071	0.26442706157254625
0.1463523629477832	0.6325601930510296	0.7605580766955566
0.7618343628617827	-0.562505667359738	0.321240996373684
0.6310224951795156	0.5324048988837534	-0.5642301252343747
-0.16133935131895316	-0.44174516694833676	0.8825139212464386
0.9206869612425981	-0.38939471135011106	-0.02659470192414254
0.35539433466763337	0.8082282884497112	0.4695337055375265
0.9399467863482379	0.031117559962980337	0.3398995973748281
0.16025712855728347	0.8390101646041861	-0.5199803808197294
-0.30135973782208236	0.5432252213887043	0.7836380971258345
-0.07334766622024702	0.02045140136485657	0.997096715490657
0.857342225287435	0.5120559468331796	0.0525643990925882
-0.5094942871114766	0.8587085928852636	-0.05509195863080496
0.9221013937851421	0.07489381786066288	0.37963131539133077
0.13745467426435246	0.8537052281302476	-0.5022883593972317
-0.36171153161376945	0.5153428950799027	0.7769082754021129
-0.9592758239164487	-0.2315480449419115	0.16178812234832712
0.24717119390379666	-0.9653262809153542	0.08397364037781331
0.13673439418665112	0.12054324642097995	0.9832461701876598
0.19317903553284355	-0.12398564809362458	0.9732982170421376
0.2617894781472144	-0.949508680033806	-0.1729148220132335
0.9455940616152416	0.28820275086692526	-0.15096703292681957
-0.338059407149079	-0.24067501465016095	0.9098304097803931
0.8541465477302544	-0.4843786484738213	0.18923794519905995
0.39515757899665976	0.8411021710980295	0.36932049162709557
0.6266808334354631	0.18870937250355357	0.7560819437957426
0.5105585186479675	-0.8324219893682379	-0.21541501956042464
0.5887284026107679	0.5210205411934736	-0.6180100837476954
-0.3408126289394071	0.09855327893297477	0.9349513373256221
0.8031849758633856	0.5473856027536177	0.23508061690703314
-0.488610935717512	0.8310573103641035	-0.2657124392790813
0.7469608420117178	-0.2986030603119685	0.5940418443792259
0.49007570114902765	-0.356515168126853	-0.7954387104226012
0.44930536124604	0.885287042301992	-0.11996476602635009
-0.9928828225818112	0.025898045802799224	0.11624539494350121
0.10494563977857987	-0.2711922325094145	0.9567869071627304
0.056303759318885774	0.9621767323367132	0.2665442222904214
0.7272244678063773	0.26787973478002375	0.6319691615244494
0.6168750554893216	-0.6588307187034868	-0.43058942161610725
0.30101451682398617	0.7029811745607641	-0.644366145040528
-0.5072045782226966	-0.39288565740800063	0.7670621722083675
0.8502473475570138	-0.08271212622961821	0.5198443537702782
-0.1407940474672093	0.9158600135269901	0.37600195720254237
0.376099018465857	-0.4384832181113253	0.8162609850677385
0.8723312475799633	-0.12944295412816187	-0.4714686798952388
0.31239033724589427	0.8893688712009828	0.33381924470300695
0.7298681483519671	0.5657713689217762	0.383660323892959
0.6614457603173499	-0.7261970985923871	-0.18742273115660557
0.17257459888255167	0.3905643763893193	-0.9042552049704486
0.6064582514686848	0.7427447800574188	0.28379320098092864
0.7928992677937546	-0.538305420538953	-0.28554863920269025
-0.059322342820163035	0.3981927497027501	-0.9153815563613295
0.4776322514681576	0.8035815611430048	0.35513955981899553
0.8450635715495078	-0.30965939732368164	-0.4358653664712581
-0.24028106957779374	0.5082988611438211	-0.8269808192228196
0.6367593807281187	-0.03457422161906104	0.7702870336791208
0.6990041667278386	-0.39579734017417634	-0.5955985564188079
0.32546991558646865	0.9176868140659339	-0.22786014425004963
-0.1771470434224509	-0.3386606975273738	0.9240821700243742
0.5798244552557684	0.7227724422348716	0.3760366974554352
-0.7952499771103645	0.6024192300185244	0.06832675325121651
0.8923080109754119	0.32539035107501185	0.3129017944601545
0.4413158499142707	-0.4828920164054691	-0.7563435866762573
-0.0950091267381674	0.8129799628029837	-0.5744883340132418
-0.2366136904140692	0.6311207531217025	0.738715477357643
0.7938475734580825	0.5639455117087702	-0.22753349190448396
-0.5601963866568132	0.5325899499639741	-0.6344509071425637
0.11024634196348115	-0.04356619508653026	0.9929490071143399
0.8766936261149025	-0.4664020959993258	-0.11780225285171314
0.46824569406794825	0.8834993330462213	-0.013224919421586545
0.02102903895587005	-0.7148484206162127	0.6989631714640612
0.969698534708362	0.18478494080604357	0.15981012932778205
-0.24339788681302874	0.6744229097486333	0.6970733157287968
0.12043197758970092	-0.5175595138215314	0.847129440184116
0.9907441026565029	0.008827835009485363	-0.13545549963145043
0.06262796360408318	0.8556016707451343	0.5138321897204772
-0.38118477732955447	0.3217204287428138	0.8667145615840075
0.5465708452797813	0.8345329593222192	-0.06939056776713046
-0.74562623117911	0.447270282418181	-0.49395426695514777
-0.09899173752887491	0.954338881148589	0.281847362643459
0.9949652710627291	0.09047329040652852	0.043112563158383355
0.015644336997263614	0.28469612510723624	-0.9584901517850044
0.46677350314204846	-0.11717232392135818	0.8765803689744417
0.23863620012224285	0.9711051862883855	0.002735170016107527
-0.8515722287367743	0.20790710346370678	0.4812477278633268
-0.8077326156611428	0.3496056170044278	0.4747040490201896
0.40531383169713997	-0.2554196218064042	0.8777707642837373
0.42812231830656955	0.9014081924163033	0.06461076700195889
-0.7047158940795297	0.12521012489274086	0.6983537307525702
0.33044619956817517	-0.8131015139408859	0.47924027086419707
0.6278382099097177	0.5684965722424221	0.5316303504560079
0.07144313219093879	-0.2886120511414181	0.9547769178183412
0.6716715170225802	-0.6937404392667341	-0.259964567098257
0.7373962653033534	0.6598691437413495	0.1442895043124217
-0.8954617341179882	-0.4272393876618331	0.12495914676704276
0.44510150245448865	-0.8557644398932149	0.26372689648006886
-0.005738923519467913	0.2917768480270393	0.9564692026993047
0.4847838656557002	0.549257056244542	0.6806623904444082
0.8704368720927045	-0.2268277090532207	-0.4369082765376925
-0.08558186315677535	0.8042797253264861	-0.5880560076449926
-0.5956498415171905	0.16369144927404955	0.7863881838730201
0.4570061669932831	-0.7360516243227511	0.49937297650348156
0.6605653863401056	0.6568356839928846	0.3636210315740088
-0.3453364767939773	-0.8971125560346337	0.2755572165640542
0.9380181389962677	-0.3391527090066164	0.07139615457047943
0.029405589766255263	0.2831333639444132	0.95862965190527
0.6471896199937673	-0.36800753057362445	0.6676196920503663
0.5343568102942567	-0.4056056216163406	-0.741584033677485
0.5436988091438777	0.8366926180828445	-0.06585641791962704
0.7550542912085576	0.49549558392606463	0.4293915970734768
0.5697069975765021	-0.8199655828068579	-0.055591185673427856
0.3245411441403235	0.286601760849403	-0.9014058333725778
-0.6860504228254132	0.3884331290183025	0.6151865746439223
0.629944545912017	-0.10591531183257041	0.7693840496105387
0.3640119316956165	0.9153696799656738	-0.17202808661019797
-0.8992978445394777	0.09959421309801766	0.42584548785215004
0.18638934082946748	-0.7935807402994175	0.5792137966683676
0.3956291197975771	0.6002587786473556	0.6951021494895404
0.5756081761526264	-0.16147154150422263	0.8016247057261254
0.3636987607328377	-0.8274570000930836	-0.4278295506838592
0.7323922712506223	0.5378120994187513	-0.41756401512959695
-0.4466670145413283	-0.4216019760791174	0.7891389940225487
0.4714810826518092	-0.860526104978228	-0.192874081598534
0.7603907987490478	0.28591361705449314	0.583145982375427
0.7799233989330923	0.12289287050437768	0.6136911553671331
0.19368423788952815	0.8850094777816601	-0.4233729328024951
-0.5951520039366458	0.4490607604944209	0.6664371880337764
-0.6381587240376596	-0.03871458958512755	0.768930831406754
0.5172020294739491	-0.7613761201878448	0.3909072323656002
0.5703117600423957	0.6471534471521883	0.5059020776754973
-0.5861406975101651	0.369185856622797	0.721207935336258
0.5322595993947588	0.8465808298805217	-0.0007857041033382528
-0.61085088325583	0.38340931359123054	-0.6927181942731642
0.5833311761595947	0.06444365619563827	0.8096738566215426
0.5200847212457672	-0.795327268471979	-0.31139431393590555
0.6238883086314221	0.6027450134186422	-0.49745535191812373
0.9178006164733027	0.3674361786289971	0.1504416266720929
0.3844434003132588	-0.917105695807209	-0.10545337677644415
0.09922348692121766	0.15462146472108915	-0.9829785868932752
0.6806340031982412	0.3062708718715425	0.6655340011850499
0.7315696040444009	-0.23541620095108784	-0.6398321082659699
-0.03928445148726473	0.9223759349488703	-0.38429073173645834
0.22830536216443675	-0.18393872138344414	0.9560560696856586
0.7909101629147156	0.6076872321919868	-0.07195374923560455
-0.5677479861744852	0.7725818886090108	0.2842172577240001
-0.28319435290428774	-0.24775331854443994	0.9265091751479525
0.3148982268866124	0.8884782271409911	0.33383460964985195
-0.9058918617510533	0.38629617270511324	-0.17359493588982366
-0.1771574274681582	0.03742200704233134	0.9834708126232258
0.09203690907248979	-0.9942678471936326	0.054411904996257185
0.9798696103366237	0.10015508686963022	0.17269772816366258
0.5594504537713898	-0.3536854011543969	0.7496144520920333
0.8237872626897265	0.13732014987952734	-0.5500161109160636
0.09159549991759153	0.925229600395122	0.3681853486323553
0.19625811731867882	0.33586078357728566	0.921238451998927
0.890561878462515	0.3321151930066081	-0.31080385969852414
-0.4103441141479236	0.8814176266838751	-0.2339245078120733
-0.4746375835182399	-0.15312542309069677	0.8667593490209732
0.6103205375830343	-0.766818341687908	0.19874222564760466
0.6342144792704768	0.6233315615740169	0.457416395234556
0.17572184997517437	0.47802274595615446	0.8605905447945847
0.7930712331311275	0.44917668490181406	-0.41143447220728757
-0.5832322441542264	0.7548076311810541	-0.3001759305635123
0.23805016691470593	0.35023675923864506	0.905906358576808
0.5360511679962756	0.7304162021946223	-0.42325089115253295
-0.8099267024377635	0.5863671068960093	-0.013869125015470551
0.2731912812971059	0.25197715339320076	0.9283717132652767
0.7726953461216068	-0.6323236055751993	-0.05575625448673904
0.5729820467564894	0.7325806249145818	-0.36744686975739094
0.9481406267443404	0.2586179867542045	0.18478660352972417
0.30862941736336963	-0.8880897866278661	-0.34065292252557994
0.07600812229489931	0.3800174572496294	-0.9218511254702302
0.7394264164716204	-0.009785701923025136	0.6731662607868962
0.5864781060320405	-0.48163569146386775	-0.6512069500958918
0.3305934145880834	0.8763168951617882	-0.35039505345394883
0.6082408662811416	0.019932747506518744	0.7935021954364132
0.3600907017067327	-0.8978249916009604	-0.25346591684304937
0.7073738298311008	0.43990109119389115	-0.5532714476967924
-0.7487301079492465	-0.20141205632429243	0.6315349626248175
0.5261676236262698	0.39888628059576836	0.7510242119931674
-0.4031759631944762	0.8946076898393474	-0.19268166488410965
-0.7754862155350177	-0.3778203898159679	0.5058387910732888
0.41365601331700796	-0.9093192796141298	-0.04502388664608474
0.47697990750329894	0.17432785423262165	0.8614522430621411
0.03308796376753642	-0.9134246681514636	0.40566064914668104
0.974644773540179	-0.06038090568992116	-0.2154569832678389
0.22129788084057916	0.4025040643775579	0.8882666976167775
-0.6254143287226877	-0.56530036717247	0.5378591007903655
0.6405698202335642	0.021645665285084936	0.7675947958267468
-0.4455639379867821	0.8246010914672843	0.3485768453536098
0.9943950302761754	0.005815510477939316	0.10556847824954783
0.10540225666240485	-0.13291005836192626	-0.9855076258846006
0.00829988268090616	0.9911110413188374	-0.13277806943683457
-0.45745862081433164	0.8641790493774794	0.20958573629826407
0.8886691968144421	0.4359139091071239	0.1422888698392124
0.031601722671775356	0.25134365809381787	-0.9673818773680818
0.10825662903661182	0.025686337531323933	0.9937910818345355
0.9854092314143128	0.12929569783412553	-0.11068545146061382
-0.13133601529315114	0.9912733399954895	-0.011314437728131788
0.3648554380931912	0.33372409670961184	0.8692000555506075
0.8469373972638761	0.26882755960276983	-0.4587251773272434
-0.38675257518175254	0.9035264082877561	-0.1845602208410846
0.4232745914599826	0.22410107111036004	0.8778481247639447
0.4471047251651299	0.7910558137431029	-0.4175261240668074
-0.7879949142979277	0.5692182441475561	0.2346371785761472
-0.4412925241421499	-0.19227797250693196	0.8765215852589561
0.8863355329037643	-0.24605563847229206	0.3922574994671139
0.14025060159746244	0.9499925284256798	0.2790053130084329
-0.7779798263831423	-0.6122241886590263	0.1411698712957286
0.6201326347944434	-0.7843331948698038	0.016029806244234224
0.10091038105050015	0.10001491011905739	0.9898556019693578
-0.6075485356741479	-0.7408017481964901	0.2865266945141821
0.7503388615171971	-0.6536159360670342	-0.09888276400006267
0.2605309380808275	0.1549160352844067	0.952955745202517
0.030904922759240838	-0.727942022761582	0.6849418203373346
0.8438542354980407	-0.3482592641207667	-0.408197886062727
0.535681729183722	0.5906063803006519	0.6035140334465299
0.9920271657171321	-0.07800224461183058	0.09898359619022697
0.11433869766938812	0.22677457768368903	-0.9672124653516687
0.05299778009032104	0.9708186961281189	0.23388521662045536
-0.7579090922883214	-0.004565167214676542	0.6523442090453438
0.11674019567114455	0.9828848677207185	0.14250987165908383
-0.6418298330097753	0.1841643180801528	-0.7444044394042237
0.7204072999371822	0.3833278473352103	0.5779905567174713
0.5763456564301243	-0.7944601024657894	-0.19146495737908997
0.38579658696176655	0.47105509979980187	-0.7932641971255547
0.06256315797836143	0.8730563749627523	0.4835890997537813
0.9136400205627296	0.1449117613149702	-0.3798190282999632
-0.4016811721874822	0.465589032913675	-0.7885931069573202
-0.38208926247407504	0.8484551987850669	0.3662397727672545
0.9160562132256372	0.39999711395719506	0.029040024735192793
-0.12185569216381947	0.3465921010070877	-0.9300672587543171
-0.9698309639301064	0.15605194917884313	0.18728505161887565
0.23638146201413718	0.4141731890474861	0.878967788880966
0.05959618963037984	0.8967208922690043	-0.4385657710649804
0.5915962574020315	-0.7358560995106296	0.32943841464059975
0.801350454922513	0.4917755062995187	-0.34057935903300623
0.08860765555746657	0.46548109759350537	0.8806111691091335
-0.6488906524374078	-0.1908315109773005	0.7365624587212382
0.36668595051790004	0.7697785363907185	0.5224771943395687
-0.6666950838817843	0.6091176728106678	-0.42952686271940776
-0.8039578674781009	0.4264777501096684	0.41444960608192083
0.46148663785237587	0.007860800196485718	0.8871123327425793
0.3750757662176726	0.9044638945152349	-0.20313353517959443
-0.9732841032421706	-0.14081636574622425	0.18135271024748645
0.19389212704416864	-0.08101843391914842	0.9776716506248794
-0.12297925616286332	0.9867151384788387	0.10615713848024888
-0.5937964180074924	0.5020676165172377	0.6287558527808476
0.6684044474362851	0.7428220874898142	0.03808990659832637
-0.44793002646492147	0.44288085845063885	-0.7766693225621568
0.9308643767143502	-0.35972729884360555	0.06393576957296743
0.36495716482007856	0.9072133798941016	-0.20921317163986264
0.017256303506089175	0.21808290581291312	0.9757776725163892
0.9981152877447136	0.012330461680621862	0.0601151568660538
0.05046409166464	0.3924753249885965	-0.9183770983248429
-0.03491772934700009	0.9196798785391784	0.39111337638517474
-0.8485495200285715	0.40307136078509476	0.3427786314432882
0.520432912346117	0.5189198082587185	0.6781384934832072
0.09546358366529335	0.7538273746101206	-0.6501007564079533
-0.33882180930756434	0.4150680208016987	0.8443449056193264
0.7778935338593554	-0.38121556714339366	0.49955614433949713
0.5292272021706295	0.8260709591041808	-0.1937145812977079
0.4248766010176014	0.2690538703875438	0.8643436172826249
0.3742340291094254	0.8171965418867992	-0.43833629028952487
-0.8242746904790026	0.5097056275515699	0.24651857511758557
0.1864870806140997	0.3957476702639342	0.899225416814215
0.9501352202999176	-0.3054904244201959	-0.06259923109108795
0.2499312543673905	0.8660596873589237	-0.43298381727508684
0.048074684390609135	-0.5921278388285495	0.8044087562955631
0.9980738414652442	0.06009135523422482	-0.015415447088057366
-0.03921009695925026	0.8036004302576907	0.5938761796756127
-0.9977964802008383	0.0338176642394998	0.05708370769495147
0.05669380130787242	-0.012379283370094196	0.998314863275363
0.03446733224491981	0.9993513490903124	0.010434753436998179
-0.606094650836976	-0.12593191051015382	0.7853600627368743
0.3252405333323737	0.8618271134763558	0.38919483803705035
-0.7258566454228256	0.4913198351301068	-0.48139064168640355
-0.8202696735812425	-0.012891481636859492	0.5718316817946764
0.5653259360260042	-0.17029029042391275	0.8070983849839258
0.08697268915725073	0.9853096095586126	0.14697184986319778
-0.9414385289424607	-0.030394484718399575	0.3358119585740788
0.23534342517393597	0.6539839257499385	0.7189704424300759
-0.2414683591074737	0.7558976122196722	-0.6085325228700127
-0.5860834172264364	0.18003480757875043	0.7899960101875613
0.5272647936013052	-0.6555738776338798	0.540568893289886
0.6152219644004561	0.7333555474830482	0.28929496278898914
0.29318369186948223	-0.10798000819244413	0.9499387562640764
0.7441712206880389	-0.5980068404267866	-0.2976525039411673
0.6002103940465002	0.7941839438275822	-0.09497023873305421
-0.22532689950184448	0.2337344165208044	0.945830857444694
0.8260364126438131	0.5605983233848908	0.05825259483138562
-0.5166155566254523	0.7944166050327299	-0.3193910210084898
0.9514705277628305	0.1409176010962164	0.2735800879084743
0.20120790896609533	0.38779245009261654	-0.8995178669824502
-0.23285019254493303	0.910911217052712	0.3406193512989749
0.9981144940418187	-0.026999782350253083	0.055122305255523626
0.0315255661297341	0.9960542073932249	-0.08295875248853643
-0.05266493580973898	0.08454009514599242	0.9950273246744848
0.8900414048750821	0.21217774765505723	0.4034933717027049
0.3937158361320975	-0.8039414598560668	-0.44571960861431753
0.22981326764743942	0.5555706368451485	-0.7990789256942541
0.8469693816486459	-0.530935590254307	0.027390975722328764
0.5314149720133304	0.8469882622482221	-0.014457217360482064
-0.01552398369561612	0.026800795045066717	0.9995202465759113
