-0.17042870720365322	-0.7003190199112344	0.6931863574187389
0.8558944486144997	0.24336990927994728	0.45630667328886587
-0.48826094313570995	0.6710621115870261	0.557921942390321
0.7881190865794158	0.21078166947701904	0.5783073518309343
0.2648233111577246	0.7320183350615863	-0.6277083486788447
-0.5556409985203452	0.6478581981777677	0.5210977219458649
0.9528485474583782	-0.05251698887201382	0.29886721380284503
0.1610442432398359	0.9222786974762541	-0.3513783657267656
-0.2571855309417061	0.38294120966712486	0.8872494759721822
-0.6132261817724567	0.3049337444343434	0.7286762391446729
0.7429363870205987	-0.09071036597508608	0.6631871186516254
0.26832661968122584	0.9480437969893145	-0.17092040299662958
0.5654263240336743	-0.5489547087951404	0.6155824882023602
0.71751684682392	0.6954556034526349	-0.03887258867364965
-0.40677100021219026	0.4636703908143952	0.7871131570926765
0.23015087090462827	0.7988136488001693	0.5558123164453995
0.950858973765739	-0.06303340594703322	-0.3031402344524432
-0.20711781340823113	0.5982671177870937	-0.7740663196029891
0.9468915192682059	0.10578525694381855	0.3036542938133416
0.1946556526715252	-0.9402217171579828	-0.27944999457419484
0.2559406720725947	0.3237168546705983	-0.9108796684421077
-0.9959819506837784	-0.07140235424129175	0.05405236091917852
0.08463115087673474	-0.5530881721594743	0.8288130320636683
-0.02928348021351651	0.8300573339391039	0.5569087000222672
-0.9874399079072127	0.032275971070499426	0.1546631499861962
0.03949737214736476	0.9982571670531655	0.0438473034568954
-0.15297838365484487	0.049405365279944866	-0.9869937811434817
-0.8750099462228114	0.2512917476158024	0.4137753636834228
0.4812624098267927	0.35904999792856895	0.7996684262087649
0.052384032861753055	0.8988523552662532	-0.4351095914059451
0.885849060961983	-0.02250615050625429	0.46342735610035224
0.45764099755881704	0.20684319036693144	-0.8647430901442347
-0.0763947547030793	0.9781152119194442	0.19353158312181795
0.2179735577636377	-0.35149850976131713	0.9104594036811502
0.6548766092326156	0.7443671886303121	0.13059140542393055
-0.7236187910743157	0.567773093873053	0.3924405166110747
-0.4742107132796485	0.7806641243105429	0.4070475702239982
0.8422848008925302	0.2676915922609111	0.4678648582852202
0.25628209768971044	0.5647165098058243	-0.7844837474138586
-0.8286535655565479	-0.5294849153157755	0.18160119147039286
0.5508390850046236	-0.8290333802694458	0.09633253256447522
0.0995468267786033	0.17985933073394528	0.9786424528019659
8.024453892641059e-05	0.4899308725942908	0.8717612824849535
0.554203161204919	0.7256161219507671	-0.4078481331030021
-0.8323814328006655	0.4831655861546084	-0.27146301163249675
0.7152742002034385	-0.6890611313167777	0.11652285540516866
0.6954650164032131	0.68547510959497	-0.2155279218223071
0.06863839656205609	0.23519913144866475	0.9695205717689458
-0.17283547480584516	0.9305285918628305	0.3228690731154288
0.9645598725909619	0.22626090924221443	-0.13575806840182242
-0.1993794142732536	0.2879627418168265	-0.9366564516883393
0.07135936365410367	0.8671942549339009	0.4928305646249213
0.9263988897278637	-0.2407631752406172	0.2895137139394925
0.3697200810476266	0.4358981734966246	-0.8205485019256598
0.9370986896923845	-0.015641179119209956	0.34871392185081584
0.033657521238574864	-0.9902920046603063	-0.134866292193219
0.3474380765559396	0.13811987192881636	-0.9274748966616166
0.814894358660761	-0.14249305959607578	0.561821067769638
0.5659360573541112	-0.013691330709526328	-0.8243354453436336
0.12515415777892133	0.989701104086659	0.06948497219037564
0.1854435259412015	-0.6884090978913652	0.7012158103087037
0.9816689646737046	0.09782559429073134	-0.16357321571125988
0.044008436497472214	0.7186953923896147	0.6939309695315419
-0.47325488924700476	-0.38653145725627236	0.7915953779268472
0.8437148641240841	0.05952635375647841	0.5334808724448676
-0.2533279255429289	0.920353217933094	0.29795119798435976
-0.2546068604144671	-0.17259283501541606	0.9515182919582941
0.8849228471456692	-0.4383804637139226	0.15727086072622842
0.3899832063429023	0.8820625161151036	0.2643460164920248
0.14616780592972323	0.632568548786671	0.7605866180755589
0.7619218159548811	-0.5623625537874908	0.32128414911045383
0.6309596808685223	0.5325461380796381	-0.5641670780316377
-0.16097688114031206	-0.44179212003838275	0.8825566080486447
0.9207297493213185	-0.3892709933468217	-0.02692252687771246
0.3554478477259923	0.8082622200813113	0.4694347783624363
0.9399243478250262	0.03144587219733154	0.339931430567178
0.1599791905343509	0.8390705571782625	-0.5199685170013026
-0.3015773183806649	0.5431130243313165	0.7836321610551841
-0.07332183062580233	0.02043734710020495	0.9970989038190681
0.8574638586075647	0.5118524446012773	0.0525624023187935
-0.509293275368434	0.8588302450421749	-0.0550542447527016
0.9220835989133279	0.0746872196295928	0.3797152299277
0.13768219975056306	0.853687881192084	-0.502255525980169
-0.36167035887240073	0.5154016111051373	0.7768884931464346
-0.9592920854885563	-0.23134544069897298	0.1619814242029464
0.2470022003792611	-0.9653626365315715	0.08405291783523607
0.13692555541906795	0.12064106704025611	0.9832075697514581
0.19303365265531425	-0.12379276305986939	0.9733516120891517
0.2619559720186849	-0.9495000402863618	-0.17270999455718647
0.9455776423257338	0.28831410876022084	-0.15085720739661768
-0.33814748794116345	-0.2406367101981146	0.9098078094323597
0.8541972527688249	-0.4842236951642662	0.18940556064607944
0.39497256836554195	0.8412023458993039	0.3692902428879419
0.6266143740052811	0.18876345248165735	0.7561235251578771
0.510733181546852	-0.8322995499007493	-0.21547407385121745
0.5886476395578257	0.5211965255469522	-0.6179386200916599
-0.34094532350891704	0.09857063567590757	0.9349011264084814
0.803098196729072	0.5474808000650745	0.23515539536786906
-0.4886609998638245	0.830992541087195	-0.26582291825486726
0.7468138501930244	-0.2987873721622702	0.594133974282094
0.4900671629795072	-0.3566728486080728	-0.7953732801867436
0.44955894933711205	0.8851613329230824	-0.11994234351864264
-0.9928911882806586	0.02631256796229821	0.11608073484369152
0.10469133673472956	-0.27093700622301653	0.9568870689227672
0.056628722811992216	0.9622373862130585	0.2662562681450784
0.727040647651259	0.26804899499714174	0.632108877444274
0.6170113274077534	-0.6589200990445785	-0.4302572775974912
0.3011792132823248	0.702832867299264	-0.6444509617733027
-0.5072196117546521	-0.3928980698895239	0.7670458735489989
0.8502226465335789	-0.08262617024389796	0.5198984201863508
-0.140889022897091	0.9158624474602686	0.3759604507912897
0.37607617937065774	-0.43841133683773287	0.816310116954409
0.8723344576703453	-0.12951288510643355	-0.471443534850561
0.31240886874567664	0.8893941265398371	0.3337346047467762
0.7298654739327388	0.565687174910033	0.3837895388142365
0.6614491723140574	-0.7261511919438453	-0.18758848281166338
0.1725728321781473	0.3907716297031286	-0.9041659974878367
0.6064315891353425	0.7427104843320523	0.28393989533355707
0.7929440068570085	-0.5383916303433309	-0.28526172958495893
-0.05899601417329525	0.3981401623040533	-0.9154255193472411
0.477749852710884	0.803505262969666	0.3551540097123733
0.8450479087435461	-0.30983802576893504	-0.4357687801067994
-0.24010229104048153	0.5083106237013512	-0.827025513312289
0.6366921414722474	-0.034671581540512086	0.7703382363747521
0.6989823331895791	-0.3959301422244266	-0.5955359102245622
0.3256482993604234	0.9176258518108703	-0.22785078716572182
-0.17723885286262764	-0.33855223917469157	0.9241043070918684
0.5799252890105587	0.7227118735811933	0.37599761561847855
-0.7951559898547955	0.6025528434374563	0.06824238172482378
0.8922803787265228	0.3255006553970989	0.312865864350383
0.44134037528074005	-0.4827972167843617	-0.7563897940958286
-0.09515460517867044	0.8129921099256336	-0.5744470648475437
-0.23666964441285354	0.6311200864062436	0.7386981223396126
0.7937871629941393	0.56401952744332	-0.22756078864411075
-0.5602583504770001	0.5325123559103485	-0.6344613238989445
0.11011529629592909	-0.04338594183629452	0.9929714404617271
0.876677029341402	-0.46648408190513635	-0.11760096748860915
0.4683075994971621	0.883464918024536	-0.01333157429209697
0.02076102983198036	-0.7150409372770294	0.6987742394066219
0.9696803546625083	0.1846213158337089	0.16010927368963312
-0.24349330467572933	0.6742636188893903	0.6971940783026455
0.12023222434154779	-0.5176596634114142	0.8470966208802069
0.9907840800724853	0.008954322172269658	-0.1351544553070826
0.06237883378841502	0.8555397670425475	0.5139655514759534
-0.3812676616197952	0.3215661187909382	0.8667353699075083
0.5466888261470869	0.8344784681943395	-0.06911594234291266
-0.7454973491360605	0.4474828682371661	-0.4939562582510173
-0.09880285998681293	0.9543057477511578	0.2820257695096834
0.9949828460519294	0.09026266628162671	0.04314843146782442
0.01572039824012031	0.2848739912396964	-0.9584360584798217
0.46674641436290987	-0.1167301330677346	0.8766537861170484
0.2386252631396395	0.9711090986581534	0.0022588259974241076
-0.8515901411306407	0.20813744145957452	0.48111644847350377
-0.8075862054576142	0.35149641683463567	0.4735554769052765
0.4015126283267762	-0.2604441542553899	0.878041258602532
0.4319631119073663	0.8992325124608244	0.06920085609800941
-0.7046597078520578	0.12505611766187696	0.6984380169816008
0.33060204128670284	-0.813100972434212	0.4791336962932203
0.6278192306921774	0.5685312445784113	0.5316156859153096
0.07149883538096691	-0.28831047717012737	0.9548638569414483
0.6716703101716368	-0.6938100311754591	-0.2597818990504246
0.7373919656282555	0.6599278061987093	0.1440429784219147
-0.8953951592031602	-0.427370063965976	0.12498934875126319
0.4452354840653542	-0.8557098139255321	0.2636779817895696
-0.0057334635812109	0.29174568167712167	0.9564787423764913
0.4848614605432868	0.5492846514975382	0.6805848482805495
0.8704017391311178	-0.2269834094355585	-0.436897407131852
-0.08549957074369607	0.804216950499203	-0.5881538233595072
-0.5956133156940076	0.16350884122270967	0.7864538365409611
0.4571793304649804	-0.7360184219604051	0.49926339975057954
0.6604784916737124	0.6569183673615173	0.3636295101604051
-0.3453910294161109	-0.8971249882584623	0.2754483476827063
0.9380036988007429	-0.33915870627429756	0.0715572008568671
0.02922495226693425	0.28308678422102024	0.9586489319685267
0.6471963467130823	-0.3681097173911736	0.6675568326093517
0.534287961695502	-0.4055865474609477	-0.7416440699594209
0.5437584599695948	0.8366569120499148	-0.0658175412074602
0.7549971696837647	0.4953650816254098	0.429642537088398
0.5696233788916978	-0.820029043562184	-0.055511926056425714
0.32482068898010436	0.2866457807481908	-0.9012911385283613
-0.6859691847257827	0.38868097900509585	0.6151206175753543
0.6299958391543653	-0.10573182481581478	0.7693672880161366
0.36407625609868055	0.9152856809656524	-0.17233862586318205
-0.8994854908800429	0.09975407201309233	0.42541153817579436
0.18604134977841869	-0.7935036856191178	0.5794312013358452
0.3953662452320793	0.6003340953383237	0.6951866699710257
0.5756348088924998	-0.1616071195338134	0.8015782592531305
0.36357475981012605	-0.8274652434149656	-0.4279189934663103
0.7324329053369355	0.5377586911024262	-0.4175615275902469
-0.4467445751125223	-0.4216592853773945	0.789064466100557
0.4715113961533266	-0.8605078272699975	-0.19288152452894253
0.7603264350955272	0.2858841133433149	0.5832443620240437
0.7797217136527168	0.12277864451030876	0.6139702384567854
0.19387886029346432	0.8850463468029601	-0.42320674798736596
-0.5953528674574248	0.4490193408562105	0.6662856705252457
-0.6382740042276713	-0.038812244975598376	0.768830218687539
0.5171707146179558	-0.761394794621814	0.39091229024470286
0.5702111428836935	0.6471256264148098	0.5060510608313278
-0.5860713292471988	0.36918936820510645	0.7212625093811098
0.5324013080892007	0.846491810009735	-0.0006802435966436204
-0.6107939457618494	0.3836024322013054	-0.692661482854297
0.5833954678351296	0.06459126079381061	0.8096157713004956
0.5202860442590282	-0.7951655771894457	-0.31147092481043676
0.6236602923537163	0.602942512916482	-0.4975019254829427
0.9177086401771435	0.36767826676354176	0.15041124922683166
0.38467954547924643	-0.9170077913412222	-0.10544362431827645
0.09915895841576108	0.1546266560760183	-0.9829842817647951
0.680532943227188	0.30635665920547533	0.6655978594789809
0.7316524601770584	-0.23516388000539523	-0.63983015485179
-0.03949165354095313	0.9224118098231764	-0.38418337080010745
0.22832086389077388	-0.18409483695018342	0.9560223188401284
0.790917929927365	0.6076868192963429	-0.07187181487137756
-0.5677309320722117	0.7725450282422244	0.2843514869077325
-0.2829918668632849	-0.24748219224570842	0.9266434955313136
0.3152656030057769	0.8884502654399047	0.33356217621482037
-0.9058273581928498	0.3865342033520724	-0.17340157666048484
-0.17739332631773452	0.03705654090278168	0.9834421287265714
0.09304588057248958	-0.9941830599778008	0.0542448832763689
0.9797316325843622	0.10112791913955982	0.17291348149893593
0.5593704569852922	-0.3540795255491809	0.7494880795842803
0.8237950226333035	0.13709597718637978	-0.550060409158764
0.09201332803817319	0.9251120919251778	0.3683763901733672
0.19630921731117557	0.3356346229525718	0.9213099864183383
0.8905801042247112	0.33211529956027175	-0.31075151770682247
-0.4102801106046652	0.8815037309469971	-0.2337122229767794
-0.47473709581698254	-0.15293229653820936	0.8667389471639114
0.6101748573484023	-0.7668947763522049	0.19889455865748923
0.6342801694165704	0.6232849385949011	0.4573888411468263
0.1756099366138919	0.47812725567662506	0.8605553309006949
0.7929489838139953	0.44935411343990683	-0.4114763538807398
-0.5834321376396895	0.7546358115765344	-0.3002194741441806
0.2378798151203687	0.35022820500282525	0.905954412748676
0.5360540831693855	0.7304756956159497	-0.42314451199539876
-0.8099748227418733	0.5862981004019148	-0.013975835909804335
0.27305446327942884	0.2520725822773492	0.9283860583546116
0.7727403328513843	-0.6322823026747395	-0.05560096859823299
0.5729865950159002	0.732583444385934	-0.36743415592963924
0.9481060825843391	0.2588440478082608	0.18464727206436915
0.30878385550855697	-0.8880524589317085	-0.34061027694803425
0.07581152118147327	0.37995077194234095	-0.9218948010248078
0.7393276286607365	-0.009556018345788675	0.6732780554958455
0.5866782596427288	-0.4815804942106996	-0.6510674675165062
0.3304591913708421	0.876349764711073	-0.3504394565818407
0.6081823599820175	0.01990076417919867	0.7935478414007486
0.3603137238253329	-0.897687658494221	-0.25363534495469114
0.7073105664627282	0.44018272043805556	-0.5531283171181238
-0.7487777233727897	-0.2013930507362221	0.6314845683750466
0.5261378129084346	0.3988493738099489	0.7510646968399863
-0.4031264352639138	0.8946284234957935	-0.19268902684076283
-0.7756151299820846	-0.3776100222365496	0.505798221872504
0.41336770707051596	-0.9094475127089972	-0.04508170780575094
0.47702023950157335	0.17411459655620917	0.8614730398404411
0.03304830668596925	-0.9133492907111541	0.4058335651256828
0.9745789007455924	-0.06057901166681923	-0.21569921086314686
0.22159371752534643	0.4026453234583795	0.8881289139817451
-0.6253333576927842	-0.5653528531375787	0.5378980788270837
0.640656504115739	0.02162418266869215	0.7675230540238586
-0.44555295475495177	0.8245656712312915	0.34867465972740475
0.9944111838498095	0.005746488247601274	0.1054199948171147
0.10524569294662012	-0.1329389406372372	-0.9855204625873757
0.008351140676941336	0.9911075703146806	-0.1328007624764429
-0.4572121358003829	0.8643214993365084	0.2095361750666046
0.8887954703479496	0.435684365488496	0.1422031840636977
0.0316176337795806	0.2512518247766113	-0.9674052128144668
0.10830764711700136	0.025475737753664407	0.993790943992692
0.9854249115034049	0.12915781728503517	-0.11070682916004865
-0.13117620731095192	0.9912967492229925	-0.011115647324479117
0.3650093719515156	0.3339868518718651	0.8690344879026844
0.8468850188417829	0.2686213538551415	-0.4589426250789786
-0.38672202322716653	0.9034906480034821	-0.1847991496769812
0.4234781289351157	0.2238903742378341	0.8778037221596046
0.4471649607638267	0.7910425632131055	-0.4174867196095288
-0.7878513642678414	0.5693195618533432	0.23487329416606428
-0.4412706175731116	-0.1922234358347918	0.8765445754680776
0.8863305396561825	-0.246131420201809	0.39222123662828473
0.14035104751808974	0.9499839339195735	0.27898406541461573
-0.7779884316835703	-0.6122095487817338	0.1411859360807754
0.620133479263671	-0.7843297142857071	0.01616685451272199
0.10083882220094119	0.10013175155247853	0.9898510818644185
-0.6076930131325426	-0.7406967823172361	0.2864916725749369
0.7501737208065089	-0.6537799515603353	-0.09905131775541595
0.2606695041642003	0.15472573025408284	0.952948769869677
0.030821220256375792	-0.7279022439089168	0.6849878653627899
0.8437726640732225	-0.3484278793619453	-0.40822261603947696
0.5358150275465261	0.5905559551775778	0.6034450431146271
0.9920345173860562	-0.07802344580076567	0.0988931656889871
0.11425540600675729	0.22677269249122312	-0.9672227500108297
0.053039782360465276	0.9708174328088963	0.23388093902987972
-0.7578788161113914	-0.004853144150824995	0.6523773042353999
0.11666587494586986	0.98284512190464	0.14284446076543506
-0.6418790958683035	0.18436895980642887	-0.7443113011013502
0.7203300556958423	0.38308726884116007	0.5782462756586034
0.5764277758685694	-0.7943113170520484	-0.19183469657560767
0.38581813081870464	0.4715015122508749	-0.7929884575936146
0.06237185168964532	0.8729947498364018	0.4837250447050297
0.9135844262988889	0.14519869915093042	-0.37984316999125795
-0.40183734040148006	0.4656151893172685	-0.7884980959622601
-0.3819917041748411	0.8484139410068402	0.3664370650559826
0.916071167334258	0.3999732722646516	0.0288963293993654
-0.12204898328314895	0.34672058805203465	-0.9299940212175564
-0.9698702391342888	0.15589266544247374	0.18721430528364466
0.23625630932204375	0.41431740038161535	0.8789334719115816
0.059453137403534306	0.8966819774046209	-0.43866474197342886
0.5916636819425862	-0.7358021655265422	0.3294377948514605
0.8012849029624413	0.49174164197460624	-0.34078242594445696
0.0887501648145693	0.4656021163553373	0.8805328372586781
-0.6488817200229173	-0.19086991307485107	0.7365603774999705
0.36673584800083164	0.7697114925114921	0.5225409420197065
-0.6666763316716824	0.609190359886407	-0.4294528777529132
-0.8030530095522073	0.426948336326377	0.41571743042273457
0.46359726338618273	0.009295426300312104	0.8859972756339253
0.3744107920853573	0.9042282417387958	-0.2053968003937281
-0.9733018066367887	-0.14076537910787654	0.18129727312394525
0.1938236438559073	-0.08095995183440174	0.9776900742471457
-0.12294709545158441	0.986727213693626	0.10608212609309786
-0.5939814476259491	0.5018760238417911	0.6287340427946748
0.668162799581487	0.743038247967993	0.038113453164006605
-0.4480452132671564	0.44273538231025683	-0.7766858233024336
0.9308845224676761	-0.3596880834327718	0.06386304460786396
0.3649073711766906	0.9072889599145368	-0.20897213612851595
0.01722255181567365	0.21783302287223916	0.975834083159273
0.9981142005194747	0.012392300941365203	0.06012049233621045
0.0504455428191478	0.39245588366745143	-0.9183864255227651
-0.0349755619118725	0.9196873437490473	0.39109065421813693
-0.8484922449750425	0.40306503053251763	0.3429278224044137
0.5205355407495853	0.5188231081003989	0.6781337134500678
0.09541310724292164	0.7538973163918694	-0.6500270573625286
-0.33885424968497535	0.4149405563118349	0.8443945358646381
0.7776942864448357	-0.38157193903423625	0.4995942875701351
0.5294991919743506	0.8259704535086458	-0.19339962675566857
0.4246981253260995	0.26881588690429	0.8645053622114536
0.37446406476095634	0.8172308774382171	-0.4380757436383164
-0.8242621952675004	0.5097761390153737	0.24641453192411222
0.18674050868176062	0.39565750439657804	0.8992125008205508
0.9500727703265035	-0.3056392793814424	-0.06282007627594549
0.24997942615623459	0.8660483647660011	-0.43297865580734496
0.04807088145782057	-0.5921242858820741	0.8044115988873558
0.9980787647730767	0.05999172804450359	-0.015484568940850818
-0.03908925255000162	0.8036104918646088	0.5938705310925976
-0.9974923686913415	0.03523642290254696	0.061378896239420735
0.06079345509203796	-0.017453351218404967	0.9979977636995082
0.03623713869097664	0.9992265884334143	0.015267440755118766
-0.6063387760385814	-0.12590988850286722	0.7851751324699674
0.3251433909017584	0.8618218731789967	0.38928759839372173
-0.7256962615481366	0.49133467096007055	-0.48161725165074576
-0.820208475165908	-0.013046278783607923	0.5719159482615574
0.5654345044596512	-0.17025704411452502	0.8070293427725249
0.08684398904060611	0.9853133174474428	0.14702308671848108
-0.941508731561054	-0.03050264333041182	0.33560526983966416
0.2351169709972471	0.6539905190016366	0.7190385323507007
-0.2414152404952425	0.7558875510324454	-0.6085660948909306
-0.5861450682789886	0.18014913807473612	0.7899242033151979
0.5272240151820345	-0.6554939451105386	0.5407055813830262
0.6151981768077293	0.7333989200798923	0.2892355913059348
0.2931290298958372	-0.10794688843834793	0.9499593891892454
0.7442842061221666	-0.5978903590911442	-0.2976039969875379
0.6000969857859823	0.7942761407610965	-0.094915856779767
-0.22516510856088812	0.23378022477124272	0.945858065669829
0.8260950923510869	0.5605262084573425	0.05811426697365302
-0.5165922688931885	0.7944540113425969	-0.31933564095077793
0.9514942038959474	0.1410206435557438	0.2734446160441656
0.20102747786930628	0.38785474075917314	-0.8995313519895457
-0.23290928082393555	0.9108687491410375	0.3406925134844009
0.9981009454632904	-0.027195738657219026	0.05527109971923798
0.031754703759943076	0.9960139334392827	-0.08335396321667268
-0.05278391283718897	0.08495078689274402	0.9949860412849517
0.8900652617228362	0.2117467407387414	0.40366712482041367
0.3935440209900128	-0.8038168421285969	-0.44609594018935256
0.23001507215239525	0.5559152832014338	-0.7987811117482675
0.846840112979905	-0.5311401059220228	0.027422817676600195
0.5316208401048333	0.8468585194023395	-0.014488977945621413
-0.015527569494706732	0.02684838909170926	0.9995189135723082
