-0.17078333437982507	-0.7002301913414525	0.693188813983623
0.8559317050701291	0.2430561802091149	0.45640399813969207
-0.4880716842369065	0.6712684801151231	0.5578392767187357
0.7881573567876139	0.2105666264091355	0.5783335342034365
0.2650653294892188	0.7319210304421393	-0.627719663782559
-0.5554712882267937	0.6480380398087696	0.5210550325219725
0.9528885607005505	-0.052334839767400006	0.29877157735058046
0.16088330299017028	0.9222340555437711	-0.3515692102762436
-0.25713800517427676	0.3830736369705035	0.8872060836993763
-0.6132678762585093	0.3040748818854523	0.728999985017645
0.7431024239659022	-0.09077023961949493	0.6629928740909818
0.2677709832027715	0.9483138878060198	-0.1702923097173017
0.5650766814097181	-0.5492111628865088	0.6156747864642734
0.7180045749907447	0.6949406062734965	-0.03907664321030088
-0.4063960807135571	0.46413861325370653	0.7870308591583853
0.2302408288112463	0.798518659679628	0.5561988051872826
0.9509017598656954	-0.06313811488665566	-0.3029841935363669
-0.20682118806503746	0.5986497545243044	-0.7738497706760379
0.9468920319973491	0.1054654889382195	0.30376390566187017
0.19444139072605415	-0.9401977618578095	-0.27967966349036333
0.2561015917803894	0.32389072113999684	-0.9107726255476516
-0.9959610237739893	-0.07157209674932354	0.05421322799808992
0.08486484488947878	-0.5532312564164177	0.8286936315827443
-0.029318888535415453	0.8299473548911508	0.5570707234133114
-0.9874486411309342	0.031720673529325734	0.15472226730344418
0.03892598339707091	0.9982832874824294	0.04376352076608981
-0.15306844529570246	0.04923694551979182	-0.9869882340993932
-0.874767314775099	0.2517769647810847	0.41399336348157567
0.4816643026871401	0.3588442110374297	0.799518812612834
0.05274129803175823	0.8987987495599609	-0.43517716308576726
0.8858478778846631	-0.02226724465005553	0.46344115814516684
0.4576012110292143	0.2069341859271342	-0.8647423745597707
-0.076646388772306	0.9781014326287274	0.19350172758349138
0.21829826956365594	-0.35131570068959406	0.9104521645613749
0.6544745034021168	0.7447452415910311	0.13045171338111802
-0.723884652345984	0.5673903449799761	0.3925037662512777
-0.4746082444776971	0.7804072431576529	0.40707683439477516
0.8420197466690856	0.2678194005242661	0.4682686354243169
0.25641716107376245	0.5650108879746435	-0.7842276047022176
-0.82841597754384	-0.5300370186546208	0.18107381645562337
0.5512892360958497	-0.8287401804600427	0.09628027552884412
0.09903103712946798	0.1795841645211984	0.9787453098422925
6.27600142961704e-05	0.4897424203324586	0.8718671675135417
0.5535801102466602	0.7260704147015514	-0.4078857860166405
-0.832795927944221	0.4826739216303513	-0.2710660948505019
0.7147758511675463	-0.6894668361319439	0.11717919807677857
0.6959849198401463	0.684850889793797	-0.21583384837358008
0.06856000250010857	0.23582777746239217	0.969373398352943
-0.17221109297604742	0.9306651974294287	0.32280896788911867
0.9645850948105765	0.2257873299278944	-0.13636596537737566
-0.1997972330270535	0.28789298695465815	-0.9365888605663955
0.07077451745536034	0.8671189659237383	0.49304732695179226
0.9264681546080699	-0.24032040353833284	0.2896599077198815
0.3696589322281802	0.43629210694042986	-0.8203666687801268
0.9372529551438054	-0.01527433663310695	0.3483153638796637
0.034101073527209196	-0.9902335764018646	-0.13518350842711602
0.34697840690523657	0.13857907059433905	-0.9275784744886619
0.8149165714036729	-0.14268531541132967	0.561740048792724
0.5658712441623114	-0.013663836376099914	-0.8243803943603252
0.12530250070082544	0.9896737848106603	0.06960663026366876
0.18489392467492793	-0.688649939046057	0.7011244526260397
0.981773369113472	0.09749560060439078	-0.1631430647081611
0.04399191195986174	0.7185094775398936	0.6941245150313198
-0.4727987135564615	-0.3868399988868265	0.7917172422781982
0.8438066121973677	0.060100843051097086	0.5332713098194468
-0.25387354661594075	0.9201862332842126	0.2980025476449091
-0.2541425643865973	-0.1726908478305833	0.9516246255969621
0.8851544648127407	-0.4380459993271524	0.1568989352913101
0.3897603499447765	0.8822094839373642	0.26418420857783076
0.14580551552876342	0.6325894747615648	0.7606387500399115
0.7621314648035378	-0.562047461434068	0.32133826639840707
0.6307902836900751	0.5328538331629109	-0.5640659628853588
-0.16025020754417652	-0.44188605357944677	0.8826418223911843
0.9208154463703718	-0.38902223155783444	-0.027579287146261122
0.3555541937704878	0.8083306371811879	0.46923639701804165
0.9398795807479872	0.03210457341273676	0.33999363238004043
0.15942038592363794	0.8391917182411208	-0.5199446129997634
-0.302012440546654	0.5428872409639975	0.7836210368242753
-0.07327002008423689	0.02040986728440941	0.9971032752299476
0.8577083314360632	0.5114431227551743	0.05255806666535612
-0.5088889096276514	0.8590747170670712	-0.05497916108955869
0.922047411471838	0.07427271671091099	0.37988436997389596
0.13813910065106585	0.8536529412141842	-0.5021894511314302
-0.3615883845886062	0.5155193687037891	0.776848518452503
-0.9593262052641671	-0.23093681945801012	0.16236199466646248
0.24666004860482196	-0.9654363501350931	0.08421089157643163
0.13730277606705846	0.12083393255393582	0.9831312773113416
0.1927438640493585	-0.12340269224102907	0.9734585653323866
0.26229120975027514	-0.9494825739747221	-0.17229672952808467
0.9455438245576244	0.28853876215510915	-0.15063949872107862
-0.3383184944425994	-0.24057150363817714	0.9097614786059913
0.8543052549826079	-0.48390401483849876	0.1897351726282815
0.39459235627061323	0.8414049299002526	0.36923517751205215
0.6264815614523622	0.1888724189887675	0.7562063623810247
0.5110845663106801	-0.8320528739501458	-0.21559355516880932
0.5884840008353958	0.5215507878401047	-0.6177955620301361
-0.3412129471273122	0.0986039800126467	0.9347999678211159
0.802923428046953	0.5476718439998507	0.23530728841906368
-0.48876138698348814	0.8308626880631171	-0.2660441696006661
0.746519839308712	-0.2991501103540406	0.5943209074175836
0.49005108884763526	-0.3569932304767891	-0.7952394379763827
0.4500645063074201	0.8849096252549813	-0.11990369174194271
-0.992916797552285	0.02380121996213489	0.11640332927725047
0.10565179283273013	-0.27129766367475705	0.9566792965021496
0.054350085646149654	0.9622011637973278	0.2668613658387514
0.7266699151919379	0.2683890648320194	0.6323908160572352
0.6172869193351864	-0.6590965519142196	-0.4295911945937224
0.30150902734846396	0.7025375756024589	-0.6446186944962136
-0.5072477261055695	-0.39292319035867973	0.7670144137101249
0.8501744561313739	-0.08245394795214378	0.5200045582577411
-0.14107848348508895	0.9158671917617001	0.3758778372717463
0.37603121024651254	-0.43826839773249027	0.8164075823199701
0.8723415156262083	-0.12964926098300777	-0.47139298811239216
0.3124432893110571	0.889444703551354	0.3335675498140239
0.7298581968869273	0.5655196824001436	0.3840501285704824
0.661458039228632	-0.7260572542600998	-0.18792053074663875
0.17256962298381717	0.3911883847385115	-0.9039863786965474
0.6063793882529263	0.7426408466541565	0.284233373098242
0.7930324935384749	-0.538566885236945	-0.28468434154045774
-0.05833953800087595	0.39803301748344044	-0.9155141808289327
0.4779949832392595	0.8033494935884232	0.3551765577136588
0.845012342268031	-0.31020867577790234	-0.4355740108027755
-0.23973931136298038	0.508330766945445	-0.8271184280161215
0.6365572026310258	-0.034868677554313	0.7704408498412948
0.6989372209508903	-0.39619855886019395	-0.5954103317264088
0.3260087252636187	0.9175025216764905	-0.22783202972644467
-0.1774224441806609	-0.3383335693777325	0.9241491611926527
0.5801274061236745	0.7225910040803444	0.3759181207209582
-0.794967589883498	0.6028205675441762	0.06807271392077563
0.8922238521290762	0.32572421065338464	0.31279439938429526
0.441391196296381	-0.4826053002695072	-0.7564826078528363
-0.09544846527840091	0.8130165205861489	-0.5743637590673611
-0.23678279006816405	0.6311173351859153	0.738664212992185
0.7936645416760376	0.5641700188451624	-0.22761543252252034
-0.5603842481848507	0.5323561768816792	-0.6344812017090979
0.10984960354420659	-0.04302307499021529	0.9930166562649224
0.8766441778140471	-0.46664819438422933	-0.11719406206234273
0.4684314785600069	0.8833959914423005	-0.013545190945898344
0.020223853889192123	-0.7154266148379227	0.6983951277861404
0.9696430737409505	0.1842945795781239	0.16071035276025097
-0.24368690009943167	0.6739438156995532	0.6974356084974844
0.11983154947362262	-0.5178621318955994	0.8470296406261679
0.9908638249802819	0.009206272249432712	-0.13455156965533482
0.06188117723666736	0.8554145526584254	0.5142340546910427
-0.3814392642948834	0.32125668544414043	0.8667746129828803
0.5469241327395798	0.8343698962499405	-0.06856288543316877
-0.7452369292253543	0.44790737690878457	-0.4939644734487041
-0.09842176733322106	0.9542395272910095	0.2823828611485411
0.995018226988667	0.08983866178669198	0.043217390119095575
0.01587084356091467	0.28522962574705896	-0.9583278024355018
0.46669278964795313	-0.11584474532740416	0.8767997690867855
0.23860139398081445	0.9711167122463851	0.0013061340604191285
-0.8516262178215415	0.20859608379785202	0.48085388523248507
-0.8075519442576957	0.3522516954101092	0.4730524288134664
0.4025080716626949	-0.25710003194544107	0.8785708997115899
0.43109988352120315	0.8998990591473898	0.06583748000681822
-0.7045799208885035	0.12481678495855855	0.6985613110338701
0.3308372068029449	-0.8131016971389764	0.47897011671349815
0.6277848976166723	0.5685827998650026	0.5316010929466743
0.07160835798310539	-0.2877061743533214	0.955037905167088
0.6716675809343851	-0.693950102468577	-0.25941456398129087
0.7373838239266678	0.6600442504278241	0.14355028278779913
-0.8952605867264831	-0.4276344505126933	0.12504902474173868
0.44550615109064823	-0.8555999037922408	0.2635774534574316
-0.005722865938458575	0.29168061534050377	0.9564986499938385
0.4850191120758749	0.549340158643968	0.6804276971303787
0.8703299630213023	-0.22729617379226674	-0.43687779166116325
-0.08533590327915147	0.8040906910793186	-0.58835018834969
-0.5955424814152188	0.16315549996039336	0.7865808513194802
0.4575165217757835	-0.7359519327771824	0.4990524871631431
0.6603088558636733	0.657080691752698	0.36364430339798104
-0.3455013873087429	-0.897149292694074	0.27523069957084545
0.9379742148514333	-0.3391722374092403	0.07187882612179444
0.02886457416230584	0.2829935334761784	0.9586873819807455
0.6472097684776666	-0.3683163358336347	0.6674298407661814
0.5341494091334521	-0.40554716532797164	-0.7417653978292803
0.5438785933546832	0.8365850664771227	-0.06573813381895643
0.7548800726401164	0.49510923582956357	0.4301429070984643
0.5694511572585724	-0.8201612366044284	-0.05532563120621979
0.3253943076142007	0.28670959273759866	-0.9010639011771109
-0.6858025659884486	0.3891715874937127	0.6149961918347816
0.6301061026627772	-0.10536483535126817	0.7693273366120081
0.3641993133859337	0.9151195151230378	-0.1729599178138992
-0.8991808607654295	0.10205059104630362	0.42551081831163967
0.18382615023945395	-0.7943569156473944	0.5789689430801099
0.3970915840474119	0.5988178082106927	0.6955109678850931
0.5756876829794455	-0.16187951865638484	0.8014853168370178
0.3633264346446208	-0.8274813530943643	-0.4280987177854525
0.7325145688340852	0.5376519615147866	-0.41755571451617923
-0.44690173346074036	-0.42177269625516356	0.7889148454196023
0.47157109561310795	-0.8604721006700151	-0.19289496040795012
0.7601970418332594	0.28582434581781374	0.5834422858567765
0.7793166847453842	0.12254953655400735	0.6145299959870645
0.19426932292980315	0.8851200663002925	-0.4228733834151324
-0.5957557679501386	0.4489366094706064	0.6659812201790505
-0.6385093281754761	-0.039006295617704384	0.7686249714490715
0.5171067922178826	-0.7614302000316813	0.3909278909490149
0.5700056168802491	0.6470722984195024	0.5063507058779213
-0.5859310382818792	0.36919798417399613	0.7213720724146289
0.5326858132531522	0.8463129458815425	-0.00047116041134964703
-0.6106804751559909	0.38398860154327896	-0.6925475515429176
0.5835227571371243	0.06488742884836418	0.8095003480422581
0.5206894212644303	-0.7948419149477517	-0.31162294014642666
0.6232043954325107	0.6033373449568983	-0.49759454347285526
0.9175293352937915	0.36815213091249904	0.15034602548760367
0.3851461871830418	-0.9168080197059387	-0.10547734117449072
0.09900673398157513	0.15468375321106193	-0.9829906424370685
0.6803289888997416	0.3065316758924254	0.6657257682689146
0.7318195474306222	-0.23465939619025145	-0.6398242866428769
-0.039907604051042045	0.922482140452707	-0.38397146207068245
0.22834958660911564	-0.18440917083634606	0.9559548755076765
0.7909343615458739	0.6076851296611865	-0.0717050829069158
-0.5676964875895099	0.7724713851658962	0.28462019794528814
-0.28258531813807486	-0.24693711856245243	0.9269129395196057
0.31600215877151444	0.8883941964378206	0.3330140948778919
-0.9056976171021681	0.38701138382697775	-0.17301449408584868
-0.17704306176721918	0.0374371138462051	0.9834908320807851
0.09306360079093964	-0.994162172399293	0.05459616450029349
0.9797933049821852	0.10119307030219395	0.17252548227697262
0.5592058887971841	-0.3548652429556426	0.7492392363434954
0.8238122698550193	0.13663642267446208	-0.5501489180531455
0.09285536048539239	0.9248789906472946	0.36875023347568114
0.19640879864288674	0.33518517232649137	0.921452377536744
0.890615100151249	0.33211948466049124	-0.3106467306949013
-0.4101564667273196	0.8816731526826198	-0.23328978683271018
-0.47493596153135553	-0.15254966545261822	0.8666974281804354
0.6098818453769808	-0.7670499136123736	0.1991947908626594
0.6344130887078665	0.6231877964125616	0.45733685974191973
0.1753829836882801	0.47833431216750955	0.8604865454124382
0.792704734692358	0.4497111382481931	-0.4115569167585852
-0.5838321784801819	0.7542918387061802	-0.3003061927971764
0.2375386755996206	0.35021424393751904	0.9060493148486181
0.536057336074728	0.7305951398373052	-0.42293412499652305
-0.8100727807023541	0.5861575939876411	-0.014190312744098321
0.27277763286244305	0.2522659306528334	0.928414919764769
0.7728318630698516	-0.6321979622180087	-0.055286960410029284
0.5729950038472803	0.7325896783324604	-0.367408612809768
0.9480361308510817	0.2592991745046251	0.18436765633410498
0.3090952948452777	-0.8879765605614407	-0.3405256621724491
0.07541613425137536	0.3798178063159942	-0.9219820175577638
0.7391296311224832	-0.009094095007164849	0.6735018083366537
0.5870800249904428	-0.48146886960596813	-0.6507878086270303
0.3301884804985829	0.8764160113988971	-0.3505289464647463
0.6080642711353876	0.019833653247924327	0.7936400118236423
0.36075322381027286	-0.8974160037228769	-0.2539717066378798
0.7071880610411102	0.44073931349597484	-0.5528416625581074
-0.7488725841880184	-0.20135577501489296	0.6313839596629863
0.5260768508704369	0.39877857102360514	0.7511449915100384
-0.40302977511569027	0.8946683760816202	-0.1927057269768413
-0.7758743514605007	-0.37718821960513327	0.5057153722568228
0.41278987875093265	-0.9097042262771318	-0.045196644724081025
0.47709905339094666	0.17368726978288962	0.8615156560207298
0.03296788425964936	-0.9131987442053363	0.4061787441376511
0.9744464607671327	-0.06097713955988571	-0.21618483653925247
0.22218733921142186	0.40292659633349015	0.887852996988385
-0.6251706796783223	-0.5654580550485773	0.5379765880140366
0.6408298220233284	0.021582852287321375	0.7673795147726403
-0.44553199714060226	0.8244946139713853	0.34886941834457574
0.9944433318381118	0.005605086229550839	0.10512394004732858
0.10493298742356671	-0.13300001422867935	-0.9855455668641286
0.00845741763664453	0.9911001862695468	-0.13284913572691748
-0.45683080529313536	0.8645308511227032	0.20950423096510357
0.8889926239758255	0.43533750275959904	0.14203300041755307
0.03158686201258	0.25113276597865586	-0.9674371318075958
0.10841040171854965	0.025054698343857096	0.9937904441531529
0.9854563599996395	0.1288801487222162	-0.11075048443054386
-0.13085468022001895	0.9913436182052304	-0.010718363134304632
0.3653181650107342	0.3345133018993819	0.8687021866932091
0.8467796195198817	0.2682081400962548	-0.4593785688861336
-0.3866612396904484	0.9034186429549043	-0.1852777409257922
0.4238835749905798	0.2234675809784114	0.8777157598590004
0.4472863062768298	0.7910165290326175	-0.4174060505244505
-0.7875643942373445	0.569521809107296	0.23534492533453377
-0.44122430740065166	-0.19211723898746286	0.8765911686998957
0.8863218693558892	-0.24628269215141585	0.3921458650147074
0.14055125207659036	0.949966210994099	0.2789436206641367
-0.7780042959402516	-0.6121819174127306	0.14121832562166248
0.6201368388798493	-0.7843213591483067	0.016441005074520523
0.10069566307751807	0.10036585862047545	0.9898419458988156
-0.6079837781253619	-0.7404854724485634	0.28642100242307306
0.7498422737189803	-0.654109207988316	-0.0993866619262737
0.2609449943577384	0.1543450974845827	0.952935097896029
0.030652691922751885	-0.7278225334258938	0.6850801210919808
0.8436103733912156	-0.3487648528519103	-0.4082702723955291
0.5360801716018071	0.5904552796382632	0.603308057598005
0.9920492946577509	-0.07806411035973651	0.09871267214902968
0.11408874870045543	0.22676850590989195	-0.9672434037755747
0.053122070639455204	0.9708151417242822	0.2338717730078569
-0.7578170088723255	-0.005432468890201783	0.6524445335394871
0.11651350956631334	0.982765691764053	0.1435137525816355
-0.6419797373378247	0.18477576511349986	-0.7441236009389693
0.720176343168425	0.382605444125397	0.578756519502081
0.576591766836061	-0.7940131112799875	-0.1925749556207753
0.3858600383007087	0.4723941714723857	-0.7924366079387635
0.061988195082012476	0.8728712617386347	0.4839971323275362
0.9134731484996128	0.14577343081850436	-0.37989066037164865
-0.40214956252702677	0.4656671206969706	-0.7883082278278686
-0.3817993290369217	0.8483319637542539	0.36682714133472755
0.9161009092347996	0.39992526440992604	0.02861655090720161
-0.12242710666404828	0.34697645764446666	-0.9298488809448382
-0.9699581572241529	0.15555086216577282	0.1870430498944302
0.23595587956180822	0.41441253146576273	0.8789693263501017
0.05921145273119906	0.8966973753968632	-0.4386659558500501
0.5918015099762948	-0.7356922554837678	0.32943569632173125
0.8011516346343076	0.4916770824822744	-0.34118866464830816
0.08903387620762336	0.4658439135407108	0.8803762929023704
-0.6488625388276019	-0.1909444239601417	0.7365579628683191
0.366837021264817	0.769578600454461	0.5226656460416249
-0.6666393369249634	0.6093348871360335	-0.4293052408056095
-0.8074398217907641	0.4220937273228301	0.41216237036054204
0.4563099341678818	0.004017725665979799	0.8898118350865968
0.37392803875372027	0.9065432936353309	-0.19584963262310007
-0.9733374890952577	-0.14066184162720638	0.1811860332138795
0.19368629412196572	-0.08084407082029466	0.9777268819473576
-0.1228810473223504	0.9867514796154325	0.10593283572960965
-0.5943539085195069	0.5014902603056222	0.6286898680956975
0.6676759085430775	0.7434733728036	0.03816051733422021
-0.44827704890922326	0.4424419315013425	-0.7767192701810606
0.9309245476649817	-0.35960879605002405	0.06372597867590264
0.36480890868235416	0.9074409959248779	-0.20848333041482114
0.017144873891024568	0.21733005479757728	0.975947591103612
0.9981119457885709	0.012514989016557145	0.06013250971037523
0.05041020015937246	0.39241383439722566	-0.9184063339794422
-0.035090673889865975	0.9197036248833546	0.391042052703252
-0.8483746554376213	0.40306758480607946	0.34321562623180646
0.5207407598332393	0.5186130150350537	0.678136860585348
0.09533889583689202	0.7540404914292369	-0.6498718583118959
-0.33892056553027805	0.41468955300830634	0.8444912225040637
0.7772924822417955	-0.3822856603294573	0.499673964657815
0.5300464576912338	0.8257664612541746	-0.19277059982459188
0.42433813586716607	0.268337697566899	0.8648306345830228
0.3749225087801203	0.8173021767942816	-0.4375502990712604
-0.8242392000255745	0.50991374944379	0.24620663936899945
0.1872495423641315	0.3954762002904417	0.8991864010805868
0.9499474060045896	-0.30593718675311976	-0.06326423623769206
0.25007505815169767	0.86602598850463	-0.4329681888141481
0.048061061415881845	-0.592118070088452	0.8044167610451103
0.998088760830048	0.0597893754415727	-0.01562229461525566
-0.03884533279968161	0.8036301522833957	0.5938599316847771
-0.9976566793417294	0.03135912507851189	0.06080917232740601
0.060380101977977566	-0.014453458520905738	0.9980708095230085
0.03217753020296841	0.9994036736029616	0.012526122262789374
-0.6068289369215667	-0.12586660607775435	0.7848033121675195
0.32494726993130135	0.8618115029061448	0.3894742677287498
-0.7253743261784467	0.49136394956602114	-0.4820721481148287
-0.82008580281668	-0.013357051715936707	0.5720846661010749
0.5656521320570271	-0.17018908757980244	0.8068911574481985
0.08658488042297044	0.9853208937387918	0.14712509929963657
-0.9416496193155008	-0.030718879783847408	0.3351900130788471
0.23466228872454925	0.6540048407124488	0.7191740252367578
-0.24130811153694864	0.7558664027124833	-0.60863484665024
-0.5862681561435623	0.18037976506444048	0.7897802159128353
0.5271391153356182	-0.6553367613725323	0.5409788186952817
0.6151536411135101	0.7334826988750709	0.2891178449624523
0.29301873388488264	-0.10787928348342246	0.9500010956770543
0.7445101572224847	-0.5976581189005548	-0.29750529189377617
0.5998705255178415	0.7944600890588231	-0.0948078029889694
-0.224840086622341	0.2338726101261454	0.9459125422999964
0.826211226043351	0.5603838948239301	0.057835113745071054
-0.5165481056083753	0.7945272132877177	-0.31922493940425856
0.9515406872620505	0.14122701054824732	0.2731762287909944
0.2006682654872744	0.38798178116587967	-0.899556771254422
-0.23302911344120342	0.9107826683545076	0.3408406714490658
0.9980736715505226	-0.027590021798920287	0.055567408206560406
0.03221544785715561	0.9959328295504332	-0.08414252161084051
-0.053019912080484455	0.08577056441928652	0.9949031607157426
0.890115574641046	0.2108792786686559	0.4040101404787111
0.3931951095200335	-0.8035664518869869	-0.44685407377720915
0.2304167303625528	0.5566065820936238	-0.7981837151552795
0.8465781136014259	-0.5315544905799833	0.027483105998154254
0.5320378212727773	0.8465955478900911	-0.014551117757508218
-0.015532363193267222	0.026940709659010305	0.9995163549720941
