-0.17292116527256196	-0.699685560919589	0.693208761082417
0.8561820617192181	0.24112866981621295	0.45695649878614586
-0.48687837063378414	0.672530356514339	0.5573619755380588
0.7883424721552907	0.20919802375719415	0.578577854270425
0.26659062439467074	0.731388904614036	-0.6276939614114032
-0.5544777593203756	0.6490812407268947	0.5208147053948178
0.9531403897741133	-0.05131592212697133	0.29814438367594653
0.15994889142698626	0.9219829794807715	-0.35265243183485556
-0.256787362447083	0.3838151399880128	0.8869871412841634
-0.6135076359648943	0.2989688509943219	0.7309076595219818
0.7441241078921884	-0.0909830597024992	0.6618167381540195
0.2643628049980198	0.9499156325602324	-0.16665112766276913
0.5629602458284798	-0.5507918707870385	0.6162013280508668
0.7209835019516548	0.6917768095215968	-0.04034396759924011
-0.40405265935304235	0.46698304132273893	0.7865546945932619
0.23081347013177367	0.7966947277575519	0.5585719763549268
0.9511627891145037	-0.06381405180672273	-0.302021713451081
-0.2049743657378815	0.601003558687741	-0.7725155220673718
0.9468989069641546	0.10345885914164987	0.3044318059191541
0.19308176372742386	-0.9400585512871051	-0.28108602360824747
0.25710288311490503	0.32494027853914514	-0.9101164336923633
-0.9958802887960228	-0.07208732565263476	0.05500788914147965
0.08585721516110878	-0.5544630284558083	0.8277676538017131
-0.029171715621975347	0.8290803142976346	0.558368017934235
-0.9874867155856759	0.028253831451987427	0.15515059635752868
0.035381695081378325	0.9984322102446799	0.04337346192191512
-0.15368188635939653	0.04832020854886843	-0.9869382124787807
-0.8732810106364477	0.2546901194279151	0.4153471072820659
0.4841178047501635	0.3576005762980017	0.7985936256665339
0.0548655409676064	0.8984735782966197	-0.4355858141826945
0.8858827974117893	-0.020825744038565713	0.4634414284837976
0.4572824370790236	0.20744967014333338	-0.8647874924491512
-0.07813092850421993	0.9780239888380358	0.19329934109666835
0.22026452504944993	-0.35022721160698056	0.910397956530406
0.6520339627996777	0.7470270289303378	0.12962379952485795
-0.7254896624766533	0.5650588626838017	0.39290359039082356
-0.47705002356304615	0.778881881910508	0.4071440642451311
0.8403532316178254	0.26859275058808363	0.47081246844259056
0.2573513573462853	0.5667459292867248	-0.7826680845089777
-0.8269368181720866	-0.5333906065039287	0.17796055642978056
0.5540439155711852	-0.8269372650296956	0.09596926239039799
0.09597311274505646	0.17795847998502023	0.9793466909279093
-8.683075693549647e-05	0.4886811214200676	0.872462465684367
0.54978879346994	0.7287944621188235	-0.40815550291500724
-0.8353037022755782	0.4796346459051515	-0.26873468591187244
0.7116321413763624	-0.6920692261520099	0.1209127022833049
0.6992241666732238	0.6809606125711245	-0.21766535982304308
0.0683027093183629	0.23944274960858009	0.9685049868532707
-0.16840777445686017	0.9314923025214471	0.3224297006260131
0.9647339668380218	0.22288877847800792	-0.14003201654463304
-0.20230470763544345	0.2874764038523415	-0.9361784672254876
0.06717857790599902	0.8667834191509755	0.49413919390741723
0.9268392267623987	-0.23757618586524698	0.29073459313298194
0.36939962967632567	0.4384564518793926	-0.8193289042871168
0.9381357723427342	-0.012515156601457137	0.34604138987430766
0.03712010088938281	-0.9899529468017825	-0.13643775587581825
0.3442722335025926	0.14084223078930674	-0.9282457084551634
0.8150768981262824	-0.14386436129560115	0.5612064644048985
0.5654355487223912	-0.01350812624632125	-0.8246818603354398
0.12622317688065918	0.9895052178105592	0.07033586243042478
0.18147514957394195	-0.6900811197009964	0.7006103184505168
0.9824145527688406	0.09540590867265986	-0.160497224581434
0.043913740390844946	0.7174160305029177	0.6952595361318838
-0.4700249540968904	-0.38865910788090974	0.7924775330490014
0.8443919457126191	0.06348485479640575	0.5319510458934509
-0.2570579400482952	0.919191911992645	0.29834115436096387
-0.2513446748615302	-0.17330009404929292	0.9522567572988168
0.8865503036610553	-0.43601780480778896	0.15465132708479218
0.3883998114021711	0.8830943048695892	0.26323000438714206
0.14357027951205992	0.6327952175021576	0.7608927569291394
0.7633301006453448	-0.5601454878525263	0.32181390567721535
0.6298529449717586	0.5346094323380881	-0.5634518813222213
-0.15584531089571252	-0.4424522404559457	0.8831467907360206
0.9213328377801064	-0.38749260866293955	-0.031548062692439816
0.3561713647949185	0.808755521246751	0.46803468434830897
0.9396084393812991	0.03612411805719299	0.3403395785653347
0.15598622090530062	0.8399279538440902	-0.5197973944134027
-0.3046379482781526	0.5414943032441522	0.783568529244895
-0.07295948399048102	0.02026303057047596	0.9971290404395725
0.8592046685974016	0.5089286888507699	0.05252549024107711
-0.5064032495514539	0.860570159404064	-0.054541264992589156
0.9218163233990984	0.0717386320048379	0.3809307477653168
0.14094014215621364	0.8534333078196346	-0.5017842817715826
-0.3610963060513847	0.5162413755038541	0.7765979010877724
-0.9595636896492854	-0.22839809804569286	0.16453520691863885
0.2445098012995959	-0.9658992295116022	0.08516827752939927
0.13947215698870283	0.12195485737764901	0.9826874020699136
0.19094930691305045	-0.12103757725364285	0.9741089605798696
0.2643517996322996	-0.9493640381996262	-0.16978235775387093
0.9453340617054853	0.2899272803064026	-0.1492839037322593
-0.3394063488094803	-0.24014984602444794	0.909467636500745
0.8549359043806783	-0.48197764787850716	0.19178672098529925
0.3922855207481009	0.8426301670364855	0.36889899947201765
0.6256849736690175	0.18954872645582602	0.7566965006023056
0.513237299199624	-0.8305345850895822	-0.21633256269075898
0.5874570524175162	0.5237209020738527	-0.6169364864359002
-0.34287372740996	0.09876588105396295	0.9341749877788609
0.8018384748501719	0.5488434298748833	0.23627515682594352
-0.4893798803607997	0.8300699911590639	-0.2673782759972114
0.7447117270096018	-0.30133284174005803	0.595485484410189
0.4899977813986087	-0.35891107207531725	-0.7944085954760228
0.45310773319246883	0.8833919633042896	-0.11963286041291066
-0.9928290843520773	0.019091727088928194	0.11800811506578199
0.1084803840372065	-0.27085106178245044	0.9564892621511546
0.05022365522099272	0.9624319239759672	0.2668377337787169
0.7243669853546241	0.2704722485628287	0.6341429123514835
0.6190173769904983	-0.6600958471369278	-0.42554783465127016
0.30349622322535924	0.7007982843514593	-0.6455786606897675
-0.5073643869495248	-0.39307856118041895	0.7668576292869917
0.849918626042189	-0.08141683094656327	0.5205858514646522
-0.1421960195008677	0.9158933040365296	0.3753927911656779
0.3757783958552474	-0.43743165950587953	0.8169725457262252
0.8724026052888088	-0.13037341981222905	-0.47108010538735645
0.31257685693882664	0.8897507036627711	0.3326250048295344
0.7297673355841938	0.5645618790829074	0.3856287341481742
0.6615712742794704	-0.7254309502911092	-0.18992994868628899
0.17251981034821598	0.39372556564962247	-0.9028937334987439
0.6061024007855569	0.7421792330713299	0.2860242398113083
0.7935296940138232	-0.5396787357656265	-0.28117163242536286
-0.05431854637517841	0.3973875289438104	-0.9160418371229668
0.47982795016129254	0.8021625728141983	0.35538759829250977
0.8447413178155865	-0.3129628751906739	-0.43412710664916265
-0.23701739222934415	0.5085169078098515	-0.8277882037407327
0.6357326930542871	-0.036109163421657264	0.7710642458958472
0.698628813002115	-0.3978899524550026	-0.5946438996396177
0.32827080988902946	0.9167222665847841	-0.22772474903368933
-0.17852899250205678	-0.3369724995487571	0.9244333039133021
0.5813511323120841	0.7218725872070707	0.3754075502682755
-0.7938250813596521	0.6044414797040596	0.06702415846177179
0.8918495685058072	0.3271487941875194	0.3123747967068687
0.44174493458019504	-0.4813935279069883	-0.7570480064447717
-0.09729213703452472	0.8131629220217286	-0.5738469328316911
-0.2374823985753054	0.6310549195889624	0.7384929240212716
0.792875966730039	0.5651418209478845	-0.22795267841728742
-0.5612038949872191	0.5313985422244565	-0.6345595146027649
0.1081623425117727	-0.04078603006335496	0.9932962334641351
0.8764526058900708	-0.4676411967516514	-0.11464092083190752
0.46918198738961664	0.8829769027853189	-0.01483414496272939
0.016970774888198203	-0.7177584095942695	0.6960853814413854
0.9693933161535242	0.1823498061795874	0.16439326866736442
-0.24492568545697174	0.6719906350857665	0.6988848223852488
0.11740457931634518	-0.519137975229821	0.8465884049701093
0.9913356827571042	0.010700805032260341	-0.13091622078324616
0.058904404317997205	0.8546234582820339	0.515896322632754
-0.38263011472855846	0.31938008402079626	0.8669432260728956
0.5483153231422573	0.8337306151202218	-0.06514267279332744
-0.7436023814581371	0.45043270678551506	-0.49413143489122624
-0.09604287638804476	0.9538442759837328	0.28452919545835564
0.9952371506743861	0.08722753188458121	0.04352437936206885
0.016696700651315927	0.28735423235858704	-0.9576788424795482
0.46638816980816433	-0.11051100821975157	0.8776499257250836
0.2384066236626663	0.9711554312228546	-0.004405700865814974
-0.8518476136356541	0.21129232231343675	0.479281960514514
-0.8065800037336004	0.3498354114745284	0.4764912197045741
0.40619180447460784	-0.2576183521406987	0.8767217361386526
0.42946119214053236	0.9006930495561507	0.06568953437553293
-0.7040526178614832	0.1231269724001186	0.6993923505086201
0.33249492206689507	-0.8130830949221928	0.4778524956003448
0.6275006279535675	0.5689777055556119	0.5315141884263768
0.07220592828005501	-0.2840435843891717	0.956088670620339
0.6716369086472878	-0.694822886918669	-0.25714785388317174
0.7373534884056155	0.6607120386229978	0.1406038234000483
-0.894417102721764	-0.4292982722228233	0.12538357079499884
0.44719784312505845	-0.8549255951882175	0.26289982083745894
-0.005668814964472552	0.29121335848235236	0.9566413352862856
0.4860233876661728	0.5496819777043056	0.6794343161988363
0.8698640161457087	-0.22921388949802046	-0.4368038304273981
-0.0843674111037851	0.8033123404058177	-0.5895518838027509
-0.5950926002021533	0.16096851900449966	0.7873715343306094
0.4596016406609141	-0.7355427742058485	0.49773804276482614
0.6592655982883044	0.6580774750765004	0.3637346666328384
-0.34619452591910727	-0.8972812155900666	0.27392657843454504
0.9377822573350801	-0.3392894095470316	0.07380470443507098
0.026716812144529353	0.2824342697309218	0.9589145401079258
0.6472875909263284	-0.36960875051706604	0.6666394424079656
0.5333029568555554	-0.40527693973135936	-0.7425217561331824
0.5446161316394436	0.8361459045305412	-0.06521729444626767
0.7541783588977351	0.49354392385851154	0.4331620922849353
0.5683947253418868	-0.8209672585832168	-0.054223579168826835
0.3288501773966984	0.28710129842392007	-0.8996835028327788
-0.6847825742572726	0.39211296509154553	0.6142639893406577
0.6307759888111193	-0.10320556311191398	0.7690710394249076
0.36495818655421064	0.9141094214315206	-0.17666207209583185
-0.9003322692669038	0.09749640656926331	0.4241417871688517
0.18726245622459473	-0.7929608955202094	0.5797808126046589
0.3928543972077166	0.6014212075424907	0.695670865936395
0.5759908058846837	-0.16353517203517426	0.800931232406215
0.3618218283762917	-0.8275799777126494	-0.42918101658806823
0.7330208428460612	0.5369987225278625	-0.4175078633471392
-0.4478988527925458	-0.4224171686508983	0.7880040312689268
0.47191624274460975	-0.8602763795889579	-0.19292384651754574
0.7593956001327186	0.285461532172504	0.5846623266029672
0.7768437710407964	0.12116336817018049	0.6179265276784709
0.1966373029380622	0.8855616490293241	-0.4208495418337877
-0.5982035828113699	0.44844175093552735	0.6641178129891705
-0.6399871270239994	-0.04019836742825139	0.7673334141686194
0.5167342595880895	-0.7616054939431287	0.3910789901843251
0.5686846069760598	0.6467929829951357	0.5081895856240448
-0.5850498194686693	0.3692975613419088	0.7220360239812116
0.5344244677444164	0.8452159203339811	0.0007323182905731862
-0.6100058991647335	0.3863021604921471	-0.6918550742629013
0.5842608787414281	0.06667568107493696	0.8088223408916742
0.5231152693335204	-0.7928965758345587	-0.3125146956863797
0.6204753343706846	0.6056974274198508	-0.4981375170116802
0.9164006249095669	0.37111524436392274	0.14994455664031694
0.3880417689313619	-0.9155884015844771	-0.10545835409583303
0.0981502940901087	0.15482685259569312	-0.9830539992723375
0.6790528553587372	0.30768379423999986	0.6664967384700569
0.7328614516696494	-0.23164769776282168	-0.6397291901874096
-0.04244186948992673	0.9228597005413457	-0.3827906227050739
0.2284564676705334	-0.1863617935549874	0.9555505869824321
0.7910547350519554	0.6076559085092866	-0.07061659157474198
-0.5674857253987831	0.7720256334842268	0.2862453016416082
-0.280100076490557	-0.2435903135816095	0.9285514020662492
0.3204753077605435	0.8880509081848451	0.32963792498415095
-0.9048975214165244	0.38990940435091453	-0.17067844659752995
-0.17975493329604508	0.0418983782801168	0.9828187472027742
0.09503417434057274	-0.9936796733669757	0.0597428861430871
0.979110141742562	0.10414044668041558	0.17463704561765692
0.5587835876884664	-0.358738258640259	0.7477083414793235
0.8235384071376575	0.13381478513932232	-0.5512513902452192
0.097700532747657	0.9237967661049002	0.3702082398258477
0.19693537346950984	0.33256456948775254	0.9222891443565031
0.890785588784708	0.3322531684028984	-0.3100143011212808
-0.4095332629834916	0.8826146606575607	-0.230811324034228
-0.47614494712863875	-0.1503206428006926	0.8664235071094574
0.608046607899116	-0.7680620558575972	0.20089798648612556
0.6352679056478802	0.6224824356556475	0.45711082393000535
0.17393963268429768	0.47951932092535576	0.8601198899228744
0.7912503959175933	0.4519059618408109	-0.41195122601223516
-0.5862318783057636	0.7522248483744853	-0.30081549552188847
0.23548867863094014	0.3502057249782374	0.9065875757085583
0.5360124556060576	0.731321970166548	-0.42173311867445606
-0.8107007645684182	0.5852556075290402	-0.01549658620458838
0.2710267471925055	0.2534876401047484	0.9285949163227071
0.7734245068666512	-0.6316426016308374	-0.05331187469134002
0.5730262075021765	0.7326470092200972	-0.3672455927530238
0.9475897293020181	0.26210381273778155	0.18268906992386252
0.311038363947899	-0.8874737291295363	-0.3400669290853328
0.0729989114572424	0.37906723869682063	-0.9224853318469759
0.737927156994021	-0.006253283317993186	0.6748513965447996
0.5895320869575096	-0.48076644466560436	-0.6490882406353684
0.32850483926153184	0.876826392241554	-0.3510841045254196
0.6073645210527423	0.019466678213219873	0.7941847310328473
0.3634064699837336	-0.8957780860704401	-0.25596358742981573
0.7064305175601736	0.44407507130587964	-0.5511381450274904
-0.7494321542755558	-0.20114870264249746	0.63078573665163
0.5256775279080754	0.3984321689452196	0.7516082379817709
-0.4025103511592637	0.8948692676446365	-0.19285852595827335
-0.7774693287201531	-0.3746181442341249	0.5051758989797664
0.40927967977620827	-0.911255425233279	-0.04586604087122027
0.47752652975695403	0.17109879015789825	0.861796737859215
0.032454776745065805	-0.9123011721558953	0.40823186885568746
0.9736337241902837	-0.063416259394385	-0.21912496243874782
0.22579649816989306	0.40457996654234296	0.8861890272886537
-0.624172875528691	-0.566094452719073	0.5384656832658311
0.6418680457686761	0.021385808732001133	0.7665168354354513
-0.44543645256685693	0.824062933146232	0.3500094983555201
0.9946320819750567	0.004662131509043592	0.10336965722955871
0.1030649296750043	-0.13345763697008084	-0.9856808202483442
0.0092000965783244	0.991043552859386	-0.13322174957113808
-0.4543240194432536	0.8658532033209877	0.20949442869849808
0.8902842834223456	0.43302980610673125	0.14099319740443944
0.03136207977935124	0.25056619349375714	-0.9675913407167109
0.10904978121641506	0.02252990733507293	0.9937809358667156
0.9856466833867772	0.12716409922917504	-0.11104011615573439
-0.12887498106808198	0.9916257838230638	-0.008339311242302028
0.36720123043892894	0.33769038363023945	0.8666766762569524
0.8461275222752855	0.26570864409366457	-0.4620250344972582
-0.38630489566199255	0.9029751498560566	-0.188160586547792
0.4262720328401761	0.22089635709035801	0.8772097545299601
0.44803510510467615	0.7908733590039305	-0.41687393131698913
-0.785847757909982	0.5707224627102468	0.23815787189552529
-0.4408849264280481	-0.1915475721372359	0.8768865429785457
0.8863028507546327	-0.2471770099380013	0.3916258195041798
0.14173121883602652	0.9498489634496843	0.27874577708158155
-0.7780680515081744	-0.6120537060537311	0.14142265776093432
0.6201957264941801	-0.7842384797599313	0.0180905417881358
0.09983670698009575	0.10178540057260249	0.9897839987439913
-0.6097705349708586	-0.7391852402645672	0.2859809001600761
0.7478278029220896	-0.656111043313691	-0.10135026402797703
0.2625518460382135	0.15206406352861385	0.9528604560611653
0.029605920752013737	-0.7273426662960292	0.6856355702862919
0.8426614568774906	-0.350779590014743	-0.4085037922984236
0.5376292017269247	0.5898527994461601	0.6025184780867702
0.992138448201017	-0.07826814472851615	0.09764935802161678
0.11309822087552943	0.2267375737040822	-0.9673669754057018
0.05357323992505778	0.970805938481807	0.2338070524436554
-0.757430989563384	-0.009009438480724073	0.6528530662157414
0.11547616146807757	0.9822933781749654	0.14752957441209114
-0.6426224024896982	0.18713243762607357	-0.7429790700998866
0.7192793428094941	0.3797016595111354	0.581776483515819
0.5775590956196617	-0.79221833663999	-0.19701674588310178
0.3860864127038671	0.4777203751734459	-0.7891264316125786
0.05965174751044222	0.8721232018885534	0.4856364790114184
0.9128037670601041	0.149249799370057	-0.38014968134786153
-0.4040185043532454	0.46596740027136563	-0.7871743326763845
-0.3807086174019991	0.8478064071938387	0.36916831467087385
0.9162537111502964	0.39968744626930464	0.027001520291109637
-0.12465987902756745	0.34853154981406886	-0.9289702219904767
-0.9704403435803179	0.15351554522219646	0.1862216875845727
0.23436554281269284	0.41527541898212095	0.8789875532289041
0.057604964142218634	0.8966489300525348	-0.4389787743636564
0.5927123581154454	-0.7349777587660424	0.3293930094225941
0.800290493635609	0.4913790029837958	-0.34363032640196967
0.09070383858305693	0.4672840351926183	0.8794421209610117
-0.6487072964900993	-0.1913290108169629	0.7365949043404444
0.367486049666691	0.7688126247248479	0.5233365564950154
-0.6664329274434723	0.6101805943190037	-0.4284236169209519
-0.8048082077096879	0.4232109918460414	0.41614445230449726
0.4629984069956371	0.008956102714858027	0.8863138627730379
0.37137073649201613	0.9059868898636728	-0.20315396002176955
-0.9735652946682591	-0.1397170856030384	0.18069242653774595
0.19299489748406576	-0.08008548196690013	0.9779260120905078
-0.1221621322776433	0.9869475424604504	0.10493313046248576
-0.5966545524111	0.4990990510563734	0.6284134644656636
0.6646533343644697	0.7461621088161468	0.03844544817313744
-0.4497102291535104	0.4406157561886189	-0.7769288675245818
0.9311849429363634	-0.359026793575599	0.06320097739296308
0.3641817352056053	0.908404627682408	-0.2053599185523312
0.016317652748970735	0.2142447056522283	0.9766437120612379
0.9980964447399614	0.013209425871773671	0.06024116587174587
0.050251321991755936	0.39208420508463093	-0.91855581254556
-0.03575320454910229	0.9198344890203298	0.39067406002085536
-0.8476327012599398	0.40309194223813316	0.3450154921992161
0.5220279287123661	0.517272790029059	0.6781708504055817
0.0948980790061347	0.754947512611468	-0.6488825839878145
-0.3393640520139707	0.413262200433841	0.8450126590136025
0.7748330419400439	-0.38653984455660684	0.5002206569985814
0.5333533512771782	0.8245006381214839	-0.18903147996740866
0.42208427560954487	0.2654126024377449	0.866833902630942
0.37762718703427445	0.81780287127012	-0.43427660696257725
-0.8241617389176392	0.5106413753404353	0.24495471804944258
0.19036928772125927	0.3943546162039033	0.8990238989988936
0.9491833902323825	-0.30772354026356963	-0.0660084424495545
0.2506200829930857	0.8659045325244162	-0.43289596273725106
0.047939006053465794	-0.5921078341481072	0.8044315784695695
0.9981526264040077	0.05849278540808878	-0.016429499626724187
-0.03732540825479386	0.8037331066937834	0.5938180757630843
-0.997867090570119	0.03484956056483407	0.055197623912306384
0.054726080803890284	-0.014343456537858623	0.9983983780707943
0.035585469463989466	0.9992896343818367	0.01240568337670045
-0.6098204835523948	-0.12563068507592623	0.7825189510850694
0.32371660284990567	0.8617536857509583	0.39062532705132547
-0.7234131177129983	0.49152570234118176	-0.48484631076122287
-0.8193384959085042	-0.01527799680066344	0.5731064577686672
0.5669799994642655	-0.16973175364178106	0.8060550924181219
0.08495945697738269	0.9853718661599004	0.14773007835462482
-0.942506459983768	-0.03199591814809111	0.3326527229870906
0.2319087129647623	0.6540981913338241	0.7199818782058668
-0.24062402569131136	0.7557326361324358	-0.6090716385979782
-0.5870299157894097	0.18180211173614264	0.788887742417486
0.5265940821013744	-0.6543868452946642	0.542656916846278
0.6148939344830859	0.7339794607981729	0.28840873853323856
0.29232440767286094	-0.1074284988304523	0.9502660460722284
0.7458687238343353	-0.5962847221043979	-0.29685750283700246
0.5985200811037595	0.7955524167670642	-0.09418102086743674
-0.22285100283299086	0.23445226115958911	0.9462396988995366
0.82686805612241	0.5595923444505886	0.0560858787632027
-0.5163590304242552	0.7949141747820638	-0.31856680057701103
0.9517973918570248	0.14247652416527043	0.2716287262348153
0.1985500184435611	0.3888112023935749	-0.8996686829435178
-0.23379395849813286	0.9102341945648084	0.34178077186220956
0.9978944991270098	-0.03013263988941453	0.05743337553504156
0.035172791934150474	0.9954221206730516	-0.08886887184116697
-0.05449259875993441	0.09070185052169367	0.9943861076022378
0.8904863519587907	0.2055180751244053	0.40595120122039796
0.3909604042469155	-0.802018787288667	-0.45157040109721946
0.2327746104845052	0.5608281248592786	-0.7945362138257839
0.845074547865171	-0.5339240743023994	0.027822498644129525
0.5344283901834617	0.8450751499426973	-0.01530642725267278
-0.015339632211707917	0.027804205251247268	0.9994956837595428
