-0.17358799178571926	-0.8560819754781094	0.4868170707455718
0.698191253703366	0.24164387116435748	0.6738970342573304
-0.6945474658797074	0.4568718537951329	0.5557624734091674
0.7905560794511184	0.20298244654597858	-0.5777708989184951
0.27049864219958525	0.7306964551849814	0.6268278670801763
0.5494102017719162	-0.6518288247494977	0.5227500486988316
0.9527491749033441	-0.1590264683760639	0.2588041577657396
0.04931543180564319	0.9216832678421969	0.38479597446640756
-0.29972820672539324	-0.35385100838568484	0.885975431915363
-0.6078485270196694	0.7513825564747114	-0.256796460305716
0.2947845021424178	-0.08675688386557101	-0.9516172236769271
-0.7373074429955695	-0.654138744401723	-0.16876088876239104
0.5576367097622937	-0.7268122614881277	0.4009803442514319
0.5511924652532086	0.6854048317767335	0.47582253291032583
-0.6206675166089923	-0.0443187672168478	0.7828203374330569
0.9486404744633926	-0.1270487008050892	0.2897237957669483
0.1270487008050892	-0.6857180394948159	-0.7166933779065674
0.2897237957669483	0.7166933779065674	-0.6343585139582084
0.9577508339248998	-0.04524832255666813	0.2840174808387094
0.04524832255666813	-0.9515396187808087	-0.3041791301129667
0.2840174808387094	0.3041791301129667	-0.9092904527057086
-0.9956420637415733	0.07610528295400475	0.05389681637083587
-0.08697280929913363	-0.5492067279121944	-0.831148422640985
-0.03365429171795572	-0.8322138883258748	0.5534324102602693
-0.9867041195157915	0.030569169895536707	-0.15962614567314704
0.02428175179377464	0.9988561590887507	0.04119186789032389
0.16070275996507488	0.036768183288900566	-0.9863177599725363
-0.6250695965000181	0.34212807234145187	-0.701595596941163
-0.34212807234145187	-0.9279713200368915	-0.14770785796602504
-0.701595596941163	0.14770785796602504	0.6970982764631266
0.9512970779685217	0.23958241468927505	-0.19399519586888894
-0.23958241468927505	0.17856857523342062	-0.9543131197415042
-0.19399519586888894	0.9543131197415042	0.22727149726489893
0.22249536673259174	0.6513456850855391	0.7254271915933252
-0.3482119013886481	0.7480917107907649	-0.5648957992209263
-0.910628510158688	-0.12691568369037848	0.39325325900693053
-0.4759256429827212	0.7777383975998032	0.410630938009271
0.8419313267581087	0.26791594511702743	0.46837238109796875
0.25425660930409333	0.5686334770754711	-0.7823103894070722
-0.8248775934395747	0.5578195580758669	0.09172947437644893
-0.537215942144154	-0.8240115077016599	0.18001129598279564
0.17599996405540566	0.09920874862269546	0.9793781888776238
-0.005249913325619415	0.5504003404453462	-0.8348843654349508
0.4921065742695009	0.7282248521349763	0.47699023500877674
0.8705191313066071	-0.4083479275943969	-0.2746787433685969
0.7053432997493424	-0.7022419391580584	0.09668034126046025
0.7022419391580584	0.6736213386390479	-0.23041386897855526
0.09668034126046025	0.23041386897855526	0.9682780388897055
-0.16174788276449692	-0.9328122499732193	0.32202318040958283
-0.9668046870165333	0.2151994016072949	0.13776035246298313
-0.19780374006591922	-0.289051074808177	-0.9366553029627132
0.06319639915121844	0.9308981784527565	0.35977047750984237
0.863721821206915	-0.23161922484929964	0.44759038221483205
0.49999083062125227	0.28245551160058757	-0.8186745710360865
0.9402527690534386	0.03910174609708787	-0.3382244576305799
-0.008596851688366063	-0.9903403461222644	-0.13839108708107464
-0.34036865958602786	0.13303026833992412	-0.9308341008348471
0.8242417561370646	0.14964231373411035	0.5461068626014416
-0.5522573028836502	-0.0005433876281084604	0.8336735429060719
0.1250495855721404	-0.9887400480764333	0.08219317780721358
0.17070298715121546	-0.6874773335419566	-0.7058579219954206
0.9839017490398565	0.08047413981397333	0.159565851790138
-0.05289459720957501	-0.7217332115728377	0.6901473269518577
-0.23205770843533746	0.8917809178749404	-0.38842761805755827
-0.8917809178749404	-0.3545162697810351	-0.2811494424228311
-0.38842761805755827	0.2811494424228311	0.8775414386543025
-0.25199799067263773	0.8865741576674491	0.38792173908303523
-0.17649610325921894	-0.43624073937492724	0.8823509181974755
0.9514967883452179	0.15388398313622564	0.2664086738506566
0.14159218806516827	0.7681334097056722	-0.6244379209920355
0.6329168935903191	-0.5552678405362088	-0.5395311215066616
-0.7611621759434047	-0.3188239171708939	-0.5647862000375967
-0.08054985066384424	0.741338330889424	-0.6662801218047222
-0.741338330889424	-0.4913862414507979	-0.4571181913542069
-0.6662801218047222	0.4571181913542069	0.5891636092130464
0.9362233447788962	0.1496830943352339	0.3179320996081481
0.04918431005086337	0.8400219424541912	-0.5403184615023885
-0.3479464791255064	0.5214960282358027	0.7790860929309715
0.5699233061516278	-0.706424549151396	0.4197043977151596
0.706424549151396	0.16034105261163734	-0.6893874840781772
0.4197043977151596	0.6893874840781772	0.5904177464600096
0.9225878033624713	-0.13603036369990612	0.36100898221302113
-0.07670309490143826	0.8524115607458866	0.5172148164344316
-0.3780851495620412	-0.5048665875837229	0.7759905594929721
-0.9622850731197976	-0.23637424739884672	-0.1346649665557252
0.21915001425671177	-0.9668453785817546	0.13108503029097743
-0.1611853259515543	0.09662933861789731	0.982182295511459
0.18689773713030322	-0.12184671632062735	0.9747936261473261
0.2628083781047892	-0.9499097812505348	-0.16912469920887324
0.9465732894253368	0.2877929554496466	-0.14551365070004807
-0.34238954523139675	-0.24133772991072056	0.9080338646976649
0.8546682108871609	-0.4814417461517362	0.19430927502645473
0.3902712500494707	0.8425971428766579	0.3711043063626671
0.6223137743845424	0.5170660509831774	-0.5876804107097047
0.18972144165581786	-0.828020276243457	-0.5276250531445098
-0.7594282986479388	0.21685276352947633	-0.6133869399998062
-0.3517611159073515	0.09436435473783467	0.9313213655288526
0.7985994760661873	0.5493044028953906	0.2459746933864324
-0.48836768337229874	0.830277087191168	-0.26858325398826244
0.7441166647938194	-0.2982629360763147	-0.5977705330135124
0.48872146213320755	-0.36700582138311955	0.791491035654404
-0.45545770563961513	-0.8811049585798718	-0.12732764954816322
-0.9930750816934157	-0.010284749239104898	0.11703036380659707
-0.10981150674510551	-0.27277502926140373	-0.9557903621599299
0.04175302511178538	-0.9620228725682819	0.26975670065725066
0.7231822465501239	0.6197014805118489	0.30492214305645027
0.27157571439775374	-0.6610822010746076	0.6994404583463137
0.6350228890552414	-0.423013473158686	-0.6463787836107864
-0.5052546938199818	0.39469122697810777	0.7674220023685745
-0.8511066192785786	-0.0809591749880949	-0.5187129597430893
-0.14260160235097402	-0.9152401036513658	0.3768293190227796
0.37532332118342815	0.8739521280995574	-0.3087718937437412
-0.433111276393887	-0.12915992765711226	-0.8920383037448939
-0.8194797293626606	0.46853536779827476	0.3300417886962743
0.7264848771243968	0.6651874258949131	0.17246858189493441
0.5663821590956948	-0.7217361424415549	0.3978796181656988
0.38914132801290746	-0.19137039772358394	-0.9010806832395573
0.6074462213249128	-0.7925442323591476	0.05369104163949939
-0.7402637075900116	-0.5402674820007187	0.40015083545794583
-0.28812971284332123	-0.2828156425073616	-0.9148751723213242
0.48498395091973456	-0.8440633093881061	0.22879619117258676
-0.7967366209340166	-0.31859150683976556	0.5135272228735426
-0.3605569638946524	-0.43134276569146984	-0.8270079166928843
0.6374321092479838	-0.6930908146655105	-0.3366087175430331
0.041670285731611245	-0.4052177235081036	0.9132700497891932
-0.7693789010537736	-0.596174235589906	-0.22941749591536964
0.5106386876503592	-0.8508850198833503	0.12346179009243827
0.8508850198833503	0.4794903045882781	-0.21467121545272572
0.12346179009243827	0.21467121545272572	0.968851616937919
0.8884804109505174	0.44781030570223224	0.10034186296891705
0.3330804844492038	-0.47884543190402784	-0.8122588523517171
-0.3156896422695609	0.7550979952638719	-0.5746016596845143
-0.23972182162937705	0.7921324608718384	0.5613017126891905
0.6309940510004876	0.5665163473308567	-0.5300054111128474
-0.7378210866034444	0.22712417889786546	-0.6356372011794802
0.10969944366720341	-0.02738191663849504	0.993587571732008
0.8771052526943832	-0.4675967740726441	-0.10972525950198525
0.4676028312093798	0.883517678101609	-0.027278283063884023
0.01771237873450593	-0.7161302687671875	-0.6977418647286411
0.9680076152871526	0.18697844602109848	-0.16733295392604214
0.2502948828594887	-0.6724555739072813	0.696531386755388
0.11557945898386124	-0.5223530589629577	-0.8448601484583343
0.991705010057945	0.012527730142073978	0.12792274623169436
-0.05623665785738918	-0.8526372838256184	0.519468093864775
-0.3913605479079252	0.31540714551632565	0.8644971105205914
0.5409876088371688	0.838806220303007	-0.061127177798633275
-0.744425502401584	0.4437594588718381	-0.4989070194293945
-0.08630788005383372	-0.9960588150824319	-0.020439832122476714
-0.9530886078969436	0.07657514589161118	0.29284527062724547
-0.2901259301366895	0.044755825634887336	-0.9559413479571122
0.974306207300327	0.22463563637661835	-0.01631702441389948
-0.22463563637661835	0.9639439657723498	-0.14265644647455206
-0.01631702441389948	0.14265644647455206	0.9896377584720226
0.4839370496902897	-0.6292207221983697	0.608182714891849
0.8686086613282524	0.42989178564494923	-0.24639814548924327
-0.10641393425016937	0.6475139654024142	0.7545871316198293
-0.6692707001327194	0.11502636712721172	-0.7340610770292727
-0.11502636712721172	-0.9920737450591854	-0.050582795788275826
-0.7340610770292727	0.050582795788275826	0.6771969550735338
0.07893616260464142	-0.2798713535517767	-0.9567868663889311
0.6653323624132087	-0.6999453915129661	0.2596330033439883
-0.7423623978616593	-0.6570756991099709	0.13095646559154905
-0.8934002677270008	0.43101895872923973	0.12672260588105594
-0.4492257379744265	-0.8534920648586708	-0.26409757962657376
-0.005674325215864293	-0.2928719044893936	0.9561348490637187
0.4852220507283279	-0.8702139064004628	0.08536579288123786
-0.5504418025932007	-0.2281386113537791	0.803098123498939
-0.6793919218278532	-0.4366698193335735	-0.5896999961321354
-0.5393209511080297	0.17444643385571243	-0.8238333286599634
-0.17444643385571243	-0.980230530700521	-0.09336245710991156
-0.8238333286599634	0.09336245710991156	0.5590904204075087
-0.34559737425892756	-0.8990194285605694	-0.2689359068178926
0.938048468665975	-0.3386329450353833	-0.07343567913543467
-0.025050455859208592	-0.2776540934459468	0.9603544549039981
0.6464291320128182	0.45702203568410704	-0.6109502730863695
-0.45702203568410704	-0.4092580582503835	-0.7897079844197352
-0.6109502730863695	0.7897079844197352	-0.05568719026320168
0.9048389847873356	-0.040184236818325066	0.4238533221768502
0.040184236818325066	-0.9830311510962495	-0.17898319218773587
0.4238533221768502	0.17898319218773587	-0.887870135883585
-0.43273101462662966	0.21599960420626493	-0.8752645542708468
-0.21599960420626493	-0.9674357373847862	-0.1319555418066692
-0.8752645542708468	0.1319555418066692	0.4652952772418435
-0.5522503392257807	0.8014911271538006	0.22941564009182178
-0.5403360091355109	-0.5536736955621953	0.6336264168056841
0.634867356269417	0.22595887222287134	0.7388410031984209
0.5769800851370348	0.1597999642516084	0.8009731286257016
-0.36742457689751384	-0.8250569355246005	0.42927873629430785
0.7294471616552791	-0.5419824947061848	-0.4173269866484999
-0.4476953074813885	-0.44733160470510147	0.7742501837849984
0.44733160470510147	-0.8617764639189358	-0.23923996670149858
0.7742501837849984	0.23923996670149858	0.5859188435624527
0.777043983268379	0.12232691262903492	0.6174453615608911
0.19590677256108865	0.8852133204167972	-0.4219216915748307
-0.5981832365848353	0.44881343986484756	0.6638850138883794
-0.6472825066281687	0.5149134981800978	-0.5620404309345451
-0.04215463978638187	-0.7603965899335776	-0.6480895095292524
-0.7610836635729578	-0.3958043903360863	0.5138974038006456
-0.5829113952984561	-0.3757662948860299	0.7204262605283297
-0.5418161254263395	0.8404970471261493	-4.614021545112923e-07
-0.6055159712668169	-0.3903388340914198	-0.6935315444454961
0.5863649936942447	0.5242671325205158	-0.6175111885048434
0.06344216305710904	-0.78969572841372	-0.6102095938870177
-0.8075587818336096	0.31862929916101523	-0.4963105717185323
0.9159600801421715	0.3893839054598169	0.09693970164389439
0.37233328573560726	-0.9148107157655156	0.15649050659356667
0.1496163624717348	-0.10724517932963168	-0.9829106854599154
0.6784933418109491	0.7333836935504514	-0.042369129711478604
0.3083217258046886	-0.23194635797739394	0.9225717318549495
0.6667716989457704	-0.6390221006000653	-0.3834921856174527
0.22844047410944013	-0.18844898009561073	-0.9551449794086648
0.7920292097175239	0.6064832147603324	0.0697699159251845
0.566131328176501	-0.7724409958792302	0.28780240989646755
0.7372603894474086	0.6748221198893579	-0.03259178822784267
-0.6748221198893579	0.733217509663677	-0.08370896027683437
-0.03259178822784267	0.08370896027683437	0.9959571202162686
0.2642352660602515	0.5456718447258032	-0.7952496224730995
-0.33429709457375667	-0.7216201621681686	-0.6062258606426578
-0.9046685452305795	0.4260358898331517	-0.008260983262409871
0.5639084802339384	-0.8192633164860765	-0.1039944430269456
0.35382983874056806	0.12590074972394194	0.926797413912972
-0.7461981446888443	-0.5594252581705477	0.3608763075954732
0.2012215495520514	0.8891498671707221	-0.4110017052350979
0.3322581814822836	0.332754314628794	0.8825412550889659
0.9214740304718072	-0.31414499806014506	-0.22846997912162137
-0.4396861668183174	-0.401728909784118	0.8032994197385422
0.401728909784118	-0.8879018770368567	-0.2241520461608379
0.8032994197385422	0.2241520461608379	0.5517842897814607
0.17071261957310113	0.48093151317936633	-0.8599779538741062
0.7910870799115348	0.4534155054059501	0.4106039593750986
0.587399722093508	-0.7504127258305737	-0.30305495771558943
0.22991844306232545	0.5366837554358652	-0.8118547014035532
0.35223734768953235	0.7317577184704946	0.5834890678937351
0.907230048241591	-0.42012044476567995	-0.02079546723321135
0.2646288276750579	0.25824448090141944	-0.9291293621704573
0.7794460573119775	-0.6245972947063048	0.04839486735573073
-0.5678339786452884	-0.7370128950903924	-0.3665740923283316
0.9478321512749046	0.31146267847289827	-0.06786171916533226
0.26359042022591556	-0.8855118854724919	-0.3826078815864588
-0.17926043449325807	0.3447603524267842	-0.9214152136902496
0.7386942963821055	0.5902802110202833	0.32542281568813797
-0.00693756828499581	-0.4761102902598382	0.8793582100913047
0.6740049010495672	-0.6518345372765562	-0.3476048465925363
0.6064016452456299	0.01389404910009931	0.7950371060793309
0.359220437067985	-0.8967903128455963	-0.2583172707717842
0.709392502241234	0.442237594722454	-0.5488061475402943
-0.7504816249227266	0.5267038647862523	-0.3991996611628946
-0.19775087489248422	0.39739460620390776	0.8960871154297992
0.6306123390266017	0.7514389967118199	-0.19408119972870175
-0.7781825848244628	-0.4084192743009636	-0.477101206302596
0.37419589342809356	-0.9116246540562838	0.1700527078829144
-0.5043900256918934	-0.04619725637129545	0.8622392449235281
0.031471957229793346	-0.9729482862412218	-0.2288692819239745
0.9100274636029102	-0.06680407343207073	0.4091298464562767
-0.41335158327576305	-0.22115344915499777	0.8833072062030671
-0.6266945932126613	0.5634450141043567	0.5383155235723355
-0.6454786703703929	0.011691552820870532	-0.763688806837907
-0.4365903949182643	-0.8260708345375581	0.356364705591808
0.9966716287223285	-0.05363509139871836	0.06139170522661992
0.05363509139871836	-0.13569647453472689	-0.9892976012148705
0.06139170522661992	0.9892976012148705	-0.1323681032570554
0.9050346169274361	-0.04141416637743738	0.42331691318239434
0.04141416637743738	-0.981939385476627	-0.18460744858495517
0.42331691318239434	0.18460744858495517	-0.8869740024040631
0.49148621114333835	-0.6451352684811631	0.5850143499246009
0.6451352684811631	-0.18153740614577618	-0.742189096882729
0.5850143499246009	0.742189096882729	0.3269763827108856
0.36947961661288176	-0.3421490902084204	0.8639553304292695
-0.8442371372814552	0.26487577884306324	0.4659447154084851
-0.3882634014975033	-0.9015402497125855	-0.19098876722403757
0.42631256730888734	0.22157085640403923	-0.8770199259691231
0.44868929485641357	0.7900628607929521	0.417706347422338
0.7854524248073591	-0.5715829175089449	0.23739725519938737
-0.4503211518544892	0.2060657122137176	0.8687622128305876
-0.8805877422401315	-0.2633125636059823	-0.39399457110939173
0.14756723352043294	-0.9424454446264245	0.3000341572121865
-0.7782186358502476	0.6203195537953823	0.09787443994464368
-0.6122619003944427	-0.7841182383496463	0.10145912286646866
0.13968221125385094	0.01903258959115662	0.9900134546523542
-0.6082823421802395	-0.7400673002473864	-0.2868675361491205
0.7489631064983585	-0.6548333248734031	0.1012303400150997
-0.2627676869328695	-0.15327657270368858	0.9526066528028032
0.025818603076119495	-0.7256132331127864	0.687618233954574
0.8417418950766867	-0.35527405201002793	-0.40651067641709515
0.5392624424228949	0.5892926131388254	0.6016063782009866
0.9922061224570807	0.1109192060546005	0.05677975243783225
-0.08113585233280081	0.22925031810138152	0.9699800333597828
0.09457263888099127	-0.9670270013699889	0.23646309351874162
-0.7529673480828658	0.11299887764260302	-0.648283446011518
-0.01414395299785106	0.9821399364947512	0.18761954518567783
0.657905860526148	0.15044068197664504	-0.7379210526145401
0.7243925858867092	-0.5725247091780383	-0.38401932098915187
-0.37139554247370204	-0.7933958905889815	0.48227410445428354
-0.5807931925763518	-0.20673272159268655	-0.7873632257604168
0.05733367541716494	0.9136009929897341	-0.4025494693467259
0.8680527526241723	0.1535534728915986	0.4721289544441501
0.49315035062824036	-0.3765030631629716	-0.7842500717909704
-0.3837129374224262	0.8450521244246382	-0.3723590856418831
0.9141880008621793	0.4045867491242786	-0.023871772298263594
0.1304786600723094	-0.3495661159758681	-0.9277816822007647
-0.9709211311296118	0.23410892638265565	-0.05005165046185406
0.1462613627998917	0.4145604457166223	-0.8981910991538237
-0.18952511938504027	-0.8793933405679143	-0.4367465874931258
0.5942298780173159	0.7754131415051377	-0.21360082409171388
-0.7754131415051377	0.48178859764476456	-0.40818403589633984
-0.21360082409171388	0.40818403589633984	0.8875587196274488
0.1866377999955361	0.9736515158399143	-0.13103074950355476
-0.9736515158399143	0.165529052483826	-0.15685298367083694
-0.13103074950355476	0.15685298367083694	0.9788912524882899
-0.801490464389504	0.47072751245935096	-0.3688206129089448
0.42423409884233687	0.012888488828149414	-0.9054608308674414
-0.4214717841945395	-0.8821845021703558	-0.2100286629446404
-0.9743517866238163	-0.1429853658877316	0.17376357801601577
0.18550541196964807	-0.07326008073639567	0.9799085175160319
-0.12738264415903616	0.9870096988948224	0.09790564975834715
-0.598238450385775	0.4935239641431913	0.6313040894025768
0.6593238556006933	0.7509100538052214	0.037764328804783504
-0.4554149864858015	0.4388259198254242	-0.7746153898377617
0.9356066708173405	0.3525042542609007	-0.019516870908494598
-0.34846474682491013	0.9131835386346914	-0.2113483971712927
-0.05667872389480761	0.2045399117399572	0.9772159161429304
0.9998100003190249	-0.016246875284745475	0.010770436646365142
0.016246875284745475	0.38927052489451186	-0.9209801830071226
0.010770436646365142	0.9209801830071226	0.38946052457548697
-0.8466217816600592	-0.403945074292767	0.3464966605515234
-0.5233278104589406	0.5135389494975153	-0.680004228037767
0.09674482735008501	-0.7570377297754711	-0.6461689516507296
-0.07740628974158281	-0.2534715249909393	0.9642408684178502
0.2534715249909393	-0.9403680722927261	-0.22684813120506428
0.9642408684178502	0.22684813120506428	0.1370382174488567
0.4198840238465307	0.2616354760452573	-0.869047918237549
0.3797080333971026	0.819073195697097	0.43004756651357756
0.824329555391623	-0.5105545786349552	0.24457065715807458
0.19099816730204477	-0.38750370451545213	0.9018650559113939
-0.9493458682446883	-0.306480756702582	0.06936835170127836
0.2495237915189641	-0.8694310925874542	-0.4264123036547922
0.04837614305206783	-0.579971019652072	-0.8131994620922606
0.9979345419005035	0.06251564886680094	0.01477984196788057
0.04226581201442303	-0.8122348244261008	0.5817973797846314
0.4275758633979033	-0.9039794693683797	0.0
0.9039794693683797	0.4275758633979033	0.0
0.0	0.0	1.0
-0.6144110039094097	-0.12609004300741916	0.7788455683442123
0.3218654905343572	0.8612138011766424	0.3933362361465779
-0.7203483353753998	0.49235362263038757	-0.4885552026174984
-0.8221302378598203	0.5644999938222207	0.07376739775311966
-0.02372762478481838	-0.163439540726384	0.9862679739042626
0.5688047747853608	0.8090903988441964	0.1477628325375283
-0.9441301810965004	-0.03135676951371885	0.328077664811784
0.22971337399858216	0.6512042959992645	0.7233012724157823
-0.23632597603496175	0.7582543886307325	-0.6076185605899125
-0.591624247597617	0.1845501158294598	-0.7848069854441194
0.5231380667580164	-0.6528080663797378	-0.5478760731937768
-0.6134389234171879	-0.7346991787234287	0.2896718902825761
0.2863754560130831	-0.11147067288735485	0.9516109432322324
0.7499361049734521	-0.5920710513730882	-0.29503848661354876
0.5963094302881233	0.7981391853630582	-0.08595873508520113
0.6303674293420645	-0.6298804280110949	0.4537483338076705
0.6298804280110949	0.07336145428212015	-0.7732197251972898
0.4537483338076705	0.7732197251972898	0.4429940249400556
0.955268003971373	-0.14562407930808252	0.2574037064888969
-0.18530245450597393	0.3836108954404791	0.9047130380697601
-0.23049086954283102	-0.9119409566551044	0.3394667150581372
0.9975938359534102	-0.03472524728247494	0.060005796961054965
0.04015597937456079	0.9949669228142599	-0.09180588121679595
-0.05651580122611937	0.09399457275126882	0.9939672954906897
0.8943121859038885	-0.38314799081363327	-0.23109160798108808
-0.2025762990171741	-0.8072183110733431	0.5544018771111838
-0.39895934281617385	-0.44899467190978526	-0.7995218742325385
0.8355674615932005	-0.5491000238590087	0.01778147701209247
0.548735013436914	0.8357146935731843	0.021698755131769092
-0.02677502857300467	-0.008373454718025995	0.9996064140955679
