-0.1755945744736409	-0.698981702812289	0.6932467991625018
0.8565512398238152	0.23863873914102585	0.45757133404253647
-0.4852695322928342	0.6741484490190677	0.5568099763056329
0.7884651476318031	0.20731289638942474	0.5790890034878805
0.268669062262998	0.7308388106379877	-0.6274484583198631
-0.5532988757919902	0.6503045408544209	0.5205423692567596
0.9534911338881721	-0.050168758490648245	0.2972166773048828
0.15882542439980687	0.9216809551707267	-0.35394731449722583
-0.25618185369160923	0.38469119114828176	0.8867826933877584
-0.6137791787019202	0.29269652275670427	0.7332147470953723
0.7454583488917923	-0.09091794637037642	0.6603224796228858
0.25993647273808945	0.9518732439741794	-0.1623895241281068
0.5602620827702501	-0.5528684482550716	0.6168005168074768
0.7248284701566048	0.6876469507664892	-0.04201618678539784
-0.40091157062421795	0.47061465130781743	0.7859973043936246
0.2315981654012338	0.794288006611088	0.5616661395674185
0.9514987094375682	-0.06476114370955632	-0.30075937259555563
-0.20251542094720804	0.6040799258535365	-0.7707625752846079
0.9469183572541222	0.1007438197719168	0.3052807027522671
0.19120613437234835	-0.939893605954814	-0.2829138096022183
0.25842956269269574	0.326267822904773	-0.9092653456848785
-0.9957444789253078	-0.07300612605640162	0.05624089480088798
0.08744956881178344	-0.5559724299393489	0.8265877025833188
-0.0290775790670562	0.8279883831948205	0.5599908317910449
-0.9874783389520017	0.02359893498193485	0.15597955112229728
0.030685974104379916	0.9985957379484922	0.04318475592580803
-0.15474140071054115	0.04743039551621617	-0.9868158169016721
-0.8713668237182619	0.2583471838645407	0.4171050120921685
0.48724928131724554	0.3560044086925429	0.7974014038408137
0.05751518389933724	0.8980632458689832	-0.43608991050045076
0.8860262929958246	-0.019018667961839514	0.46324474998539866
0.45669521088184406	0.20802911704168625	-0.8649585948589934
-0.07991803599729666	0.9779377161822799	0.19300500198316395
0.22275591563150132	-0.3488834991926556	0.910307698551572
0.6489208012889894	0.7499066652873914	0.12861487865717686
-0.7275174195204038	0.5620678761045081	0.3934439057168633
-0.4801329631538698	0.7770190531556815	0.4070795115528806
0.8382272323376114	0.2696258149368643	0.4740010832131707
0.2585487278265194	0.5688086769316019	-0.7807747718686917
-0.8249678141066485	-0.5376646428905204	0.1741976965218198
0.5576014918966127	-0.8245859730159428	0.09559576005254208
0.09224251689308274	0.17599632067392937	0.9800594947177792
-0.0003952767856709727	0.487526277866412	0.8731082247613893
0.5449691647933388	0.732167958317039	-0.40858131410810933
-0.8384559935862546	0.47565555731388315	-0.2659761974607986
0.7072888089651116	-0.6957242374745235	0.12534083972595153
0.7036333114192826	0.6757520613946602	-0.21968002772669684
0.06813738895678889	0.24357121527668293	0.9674866197084024
-0.16353344348875054	0.9325434082247468	0.321899991670216
0.9649148210451766	0.21913563417070325	-0.14463388940341385
-0.2054171389832575	0.28695359487759886	-0.9356609607110666
0.06263683502948303	0.8663010797163239	0.4955795255857742
0.927295182586423	-0.2341310206981806	0.29207243878675204
0.36905320923886054	0.4412540134992087	-0.8179820440091201
0.9391705176933639	-0.008423187726702943	0.34334791189710107
0.04128161113789311	-0.9896830041242533	-0.13719832334781953
0.34096124013946	0.14302657534917693	-0.9291333765754235
0.8153514844305346	-0.14538804596146573	0.5604143760900772
0.5647659601676714	-0.013339504309554329	-0.8251433014093149
0.12744162221508293	0.9892847788762759	0.07123383473396605
0.1769377818927158	-0.6917975812445014	0.7000779441770346
0.9832307777789651	0.09232629025327799	-0.1572675864768031
0.044161736458805834	0.7161647594739111	0.696532682880436
-0.46647770928894294	-0.3908631048691035	0.7934888656992137
0.8452002388420151	0.06756854273159729	0.5301613417578928
-0.26083539445010373	0.9179654270642292	0.2988383705564701
-0.24781410863378683	-0.17409428268330307	0.9530369081515302
0.8883061463227812	-0.4334367039495668	0.151805184610097
0.3866527614891839	0.8842080096936027	0.262060751785662
0.14069172975884492	0.6331125437198017	0.7611664365709421
0.7649175943730366	-0.5576221258130984	0.32242617546075114
0.6285753025660732	0.5368669032342398	-0.5627317453419938
-0.15024284032139712	-0.44317410346296304	0.8837555108467265
0.9219875283907655	-0.3854890586439068	-0.036567515060810074
0.3568838556506122	0.80931755182106	0.4665179673820925
0.9390259986568225	0.04115174338310591	0.3413747323149274
0.1520136682030374	0.8408353725656665	-0.5195071904428405
-0.3084185768173087	0.5397243836060104	0.7833106479648404
-0.07256670090387041	0.020109776968106063	0.9971608048806478
0.8611390895378408	0.5056543538581583	0.05247040017216359
-0.5031635344397155	0.8625017514733413	-0.05401098328628873
0.9215019975451729	0.06846140200586143	0.3822919106594436
0.14457214103047591	0.8531301856893951	-0.5012661790939444
-0.36046215412733745	0.5171865453595733	0.7762635588129263
-0.959931973909312	-0.22505507241515849	0.1669755067271274
0.24162413709432334	-0.9665177817703059	0.08637797112245724
0.1419449958258368	0.12326228905069139	0.9821700597442313
0.18857756896941513	-0.11802960376495593	0.9749397484545768
0.2670406827343577	-0.9491816788130998	-0.1665635445417577
0.9450543763436863	0.29175872436078665	-0.1474756675286233
-0.3408936791866459	-0.23957009738287754	0.9090641715140635
0.8556937698597287	-0.47953711113966735	0.19450535021707732
0.38933234095543306	0.8441861924242666	0.3684698098981536
0.6246863820855422	0.19045159734112954	0.7572946012663027
0.5160283995351438	-0.8285512583175993	-0.21729588862544327
0.5860730457119439	0.5265273035755461	-0.6158631208956993
-0.34507750550407024	0.09889332031210912	0.9333496806624699
0.8003955256908657	0.5503725696074959	0.23760689610717284
-0.4901923272034465	0.8290417033064672	-0.26907496451654556
0.7423504686497041	-0.30407261478825354	0.5970390495029609
0.4900309374244105	-0.36129586458304663	-0.7933063586043809
0.45693047836899464	0.8814789521996673	-0.1192031659246453
-0.9927089806068192	0.012420289207750915	0.11989418767632737
0.11210629066965302	-0.27029858732955003	0.9562274066768539
0.04428385049723938	0.9626964267637259	0.26693544253525514
0.7213191896484881	0.27315711128183234	0.636461954244724
0.6213408316346722	-0.6612076909099027	-0.42040451998655787
0.3059970548688047	0.6987056476355111	-0.6466654624872574
-0.5073861117692906	-0.39327493109802186	0.7667425657634293
0.849680273447821	-0.08011676717258154	0.5211763008152326
-0.14353663817045603	0.9159236497588978	0.37480808597876225
0.3754978446900513	-0.43642760792939206	0.8176382523281032
0.8725241530851751	-0.13106600872833862	-0.47066262188431873
0.3125747445270077	0.8901419237363511	0.331578625201963
0.7295435290290125	0.5634800465131726	0.3876293028570044
0.6618537149562376	-0.7245021802057288	-0.1924740264964943
0.17238300162870418	0.396972074658481	-0.9014972394249576
0.6058358410705411	0.7415026759637205	0.28833438090694585
0.7940746542587939	-0.5412184350427665	-0.2766370348193381
-0.04907521918572598	0.3965556544906407	-0.9166980068448782
0.48234580194857724	0.8004132070544107	0.35592306094921294
0.8444224831715149	-0.31677891554853765	-0.43197429157109035
-0.23300900681526576	0.5089104210337669	-0.8286838879248215
0.6346699854475285	-0.03779169431554613	0.771858664143115
0.6981521560086865	-0.40019198104806764	-0.5936581047751686
0.33132699351615813	0.9156517712239642	-0.22760548592237484
-0.17992687419768183	-0.3351688220459881	0.9248179175760797
0.582904745069536	0.7209852638138037	0.37470295907392975
-0.7923688396932774	0.606499884659218	0.06564687190936458
0.8912981632170607	0.32913192884510534	0.311864967029954
0.44229791465482715	-0.4797268613929071	-0.7577827479892253
-0.09980049567955583	0.8133475959716184	-0.5731540361798948
-0.23838500201490143	0.6308735271078337	0.7383570840784809
0.7917700468431293	0.5665062577288468	-0.22840939752139383
-0.5623813508077807	0.5301596483594153	-0.6345533575004052
0.10584627914898737	-0.03784361410857878	0.9936621287246059
0.8762229940069945	-0.46890193030765315	-0.11119462454262313
0.47013809669471884	0.8824391427316431	-0.016472079750578406
0.01284546882965254	-0.7207108838395075	0.6931167404166649
0.9690177023618007	0.1799628450989622	0.16916875270966436
-0.2466570218745112	0.6694693393271741	0.7006933118425165
0.11432621530127718	-0.520872545765668	0.8459440333511893
0.9919077879312534	0.012524233155549291	-0.12634114066761037
0.05521283126424059	0.8535425792843949	0.5180893828407691
-0.3844967845748246	0.3169983966651865	0.8669914873649694
0.5499988717387613	0.8329609908685359	-0.0606401581247637
-0.7413929212891842	0.4535283940427632	-0.49461958317406074
-0.09288387390271269	0.9533470938057361	0.28723144796658684
0.9955211420790947	0.0838178953538311	0.04372889310272164
0.017613677706828618	0.29000668811358693	-0.9568625184461084
0.46606804688381476	-0.10381880672218537	0.878636575066556
0.23805047473477892	0.9711844816821567	-0.01151842082523262
-0.8521223780375989	0.2145282217111359	0.4773521707680872
-0.8055236060076325	0.3512182793551774	0.4772603486685729
0.4047048333817686	-0.2622316200027428	0.8760414232832666
0.43283451572384357	0.8988216161828358	0.06909402492676475
-0.7032816767697889	0.12086938958766966	0.7005608280374932
0.3348309244068318	-0.8129788706638283	0.47639648184577565
0.62712290277165	0.5696103462147349	0.5312823338907378
0.07279965443019176	-0.27941272249258625	0.957407301426162
0.6715761382504983	-0.6959725917438091	-0.2541803337670976
0.7373504599899511	0.6614761386858082	0.13698035297779476
-0.8932799578723978	-0.4315524038409212	0.12575149940501246
0.4494656469363675	-0.8540489881208382	0.26187966342166463
-0.005616857445141628	0.2904528337422346	0.9568728245088512
0.4873994321084113	0.5501300044234952	0.6780846346979139
0.8692098734673156	-0.23171963130340978	-0.43678393781770997
-0.08316242809906055	0.8022861027723321	-0.5911184482411724
-0.5944573976276666	0.15813159012211578	0.788425521283522
0.4623050902087734	-0.735028563892099	0.49599094127793925
0.6579471148753523	0.6593386159388585	0.363838128237037
-0.347129592567085	-0.8974157641126796	0.2722976171145556
0.9375079788071004	-0.3395208547124049	0.07618647444516365
0.024079776519627394	0.281727768488329	0.9591921751272533
0.6473769214481357	-0.3713511482658057	0.6655835381512991
0.5322039688389133	-0.4048657440362451	-0.7435339029648125
0.5455841430324413	0.835572889691645	-0.0644661840340437
0.7532935193510268	0.49154838524338607	0.43695429814611486
0.5670140788976993	-0.8220145620467374	-0.05279293622165432
0.333232513473007	0.2875278156069943	-0.89793309729441
-0.6834172633745537	0.3957713497374988	0.6134377579254431
0.6316814536032036	-0.10063451950702573	0.7686684816338796
0.3659499764932083	0.9128185647819334	-0.18122605357418053
-0.9008608866500436	0.09799753016919693	0.4229020536540759
0.18587133043916043	-0.7932970084616398	0.5797686649747378
0.39230283127307913	0.6008962809391907	0.6964353151072793
0.5763419206605822	-0.16564419532781313	0.8002449568997435
0.35992190439301097	-0.8276997788154252	-0.43054535055787585
0.7336799119693679	0.5361670231402685	-0.4174191060187866
-0.44927183034415896	-0.4231424813920824	0.7868324236459505
0.4723161459694088	-0.8600748107911382	-0.19284392160291688
0.7583352034000621	0.2849943162309365	0.5862644104840815
0.7736531395894108	0.11941884462608053	0.6222539346212442
0.199641607823963	0.8861102965118381	-0.4182723644243846
-0.6013352210114676	0.44782550392298365	0.6617010427732566
-0.6420000239054255	-0.0417381693752103	0.7655676942783307
0.5162831408753574	-0.7617349949148551	0.39142242650356873
0.5668224481734196	0.6465429009271327	0.5105825981243572
-0.5838595755606324	0.3695251144168764	0.7228825532832792
0.5366687732264882	0.8437903200478876	0.002126884355046349
-0.6091753638072823	0.3891902948541728	-0.6909676479558127
0.5851170036064643	0.06892910473969127	0.8080141524814881
0.5261576295071865	-0.7904586556714719	-0.3135813492308301
0.6170868990684952	0.6086245905267336	-0.49877837443517414
0.9148979157955057	0.3750175435211134	0.14941099599570837
0.3918485619576504	-0.9139747548583339	-0.10537956145937598
0.09703869416248966	0.15495802506820605	-0.9831436834472367
0.6773352294530834	0.3093594827773788	0.6674681246003075
0.7342543666558535	-0.2279299590245809	-0.6394673242831601
-0.045689298402910805	0.9232251319124527	-0.381533542190833
0.22844743490111308	-0.18895802254461352	0.9550427399876568
0.7912456714914902	0.6075868801399945	-0.06905411231584008
-0.5672231102776776	0.7714486689325333	0.28831388167956873
-0.2768712169817482	-0.2392389321568198	0.9306487320936454
0.3262033260595595	0.8875949215540085	0.32521784283648103
-0.903843857795541	0.39362417173237463	-0.16770895072498582
-0.18213016458704012	0.04715225291158908	0.982143201469551
0.0979827454109729	-0.9930075327696333	0.06584391744492693
0.9783802863658007	0.10822525078800893	0.17623651818691388
0.5587671133210792	-0.3627801701620801	0.7457679674054125
0.8228428975511097	0.13030827976058967	-0.5531268554097963
0.10348371379363147	0.922718971498369	0.371323067713911
0.19743818305278837	0.32947382438005374	0.9232904001023703
0.8909008810209598	0.33267741447013266	-0.3092270332580017
-0.4090400763603626	0.8836134544866602	-0.22784529615785232
-0.47766969849617835	-0.14770062690966598	0.8660347475413801
0.6055712850668677	-0.7695250143652459	0.20276752937448034
0.6364865103370476	0.621301679602317	0.4570220400399825
0.1719700603474561	0.48085083058757966	0.8597725147196363
0.7894673186439831	0.4547521136195666	-0.4122400610707511
-0.5892093440681098	0.7496552500194817	-0.3014122674694186
0.232935179391078	0.35037584483366696	0.9071813322369131
0.5358038889599516	0.7322478062070392	-0.4203895132854415
-0.8115758712390595	0.5839947924956802	-0.01716646616194728
0.26862495877597914	0.25515612325268466	0.9288358220316788
0.7742704955343271	-0.6308260885071397	-0.05063245800679833
0.5730146867817885	0.7327713141393046	-0.3670154900095166
0.9469689993193069	0.26577586353407995	0.18059043355312232
0.31363600613248815	-0.8867307001205786	-0.339619082386326
0.06987252668576137	0.37824840492245615	-0.9230633641241346
0.7363914303684865	-0.002544057627988483	0.6765509508164481
0.5926887994693337	-0.4798121502349475	-0.6469159817708292
0.32626315799283	0.8773675559636915	-0.35182172115837873
0.6065057136146854	0.01914822314951642	0.794848516953361
0.3668045617164267	-0.8937030044615866	-0.25835896214444243
0.7054113926332357	0.4482502485961939	-0.5490596340805696
-0.7501077814761423	-0.20093054594235885	0.6300517692033292
0.5250997724848883	0.3981850130015503	0.7521428882581247
-0.402005653076245	0.8950282739267295	-0.1931730927600448
-0.7795493506838462	-0.37132735191936395	0.5043994523836706
0.40480497576115937	-0.9132118127279623	-0.04665958307911196
0.4779495176767114	0.16780996040361312	0.8622088353420746
0.031754273600981375	-0.9111966459911964	0.41074607538291624
0.9725758395554274	-0.06656546551567422	-0.22285707328630394
0.23040812143049444	0.4065583735886839	0.884094104970616
-0.6228797470547187	-0.5669011899446662	0.5391139597045977
0.643157462086894	0.021254230399534224	0.765438917649259
-0.4453866855564889	0.8235115655104334	0.35136790092374726
0.9948565976887532	0.0032669028024400956	0.10124069034354471
0.10076116839564489	-0.13424007877711253	-0.9858127551383473
0.01037000379472404	0.9909434537833095	-0.13387880498907712
-0.45109925950754626	0.8675027011229531	0.2096390269394585
0.8919327214923506	0.43003374081290024	0.13973904999574074
0.031072148348508855	0.25002008980648616	-0.9677419471585202
0.1098937347909037	0.019386312239755565	0.9937542643689381
0.98588903169861	0.12489747060061629	-0.111460481848705
-0.126278201721769	0.9919802380770046	-0.005387303092020623
0.3696130074299889	0.34170472442942823	0.8640741322601709
0.845271135167809	0.2625382935159788	-0.4653926863304162
-0.3858794277888916	0.902392113075201	-0.19179557207868791
0.42916262043231823	0.21760249762074302	0.8766234073151824
0.4490160285231898	0.7907237822128707	-0.4161015577623264
-0.7837117144415591	0.5721931957583795	0.24164208113423646
-0.4403256935372033	-0.1909876964725618	0.8772895664528817
0.8863503338828804	-0.24827384489444038	0.39082372441682367
0.14316553089583722	0.94967562764211	0.2786033614762702
-0.7780744278093596	-0.6119800844257133	0.1417058963326311
0.6203596505615185	-0.7840581138294371	0.020168740501487238
0.098762790282212	0.10360140155674794	0.989703319612069
-0.6120746855101109	-0.7374789615077383	0.2854634139275417
0.7452716467933945	-0.6586575840733975	-0.10363570537443685
0.26445179493352045	0.14931499682236649	0.9527697937489286
0.028226822687882458	-0.7267370778117891	0.6863355347164596
0.8415514894096926	-0.3532544006311764	-0.40865929465391654
0.5394389095655551	0.5891218449253857	0.6016154209114282
0.9922499303519053	-0.07845643179622412	0.0963569614840745
0.1118805004727428	0.22670557708137762	-0.9675160644320943
0.05406319756181258	0.9707982126219662	0.23372633792405262
-0.7569000950287201	-0.013703793852327409	0.6533869084849863
0.11390427997805251	0.9817115189647809	0.15253953105521192
-0.6435278246884094	0.1898807509093943	-0.741496621223515
0.718220287959234	0.3760518567677815	0.5854439503362034
0.5787327367243359	-0.7899586347869789	-0.20256795099189046
0.38630044965973775	0.48430399166948473	-0.7849978383700735
0.056661934670812264	0.8711650224360465	0.4877098818389508
0.9119597175713796	0.15365732401648735	-0.3804193742479762
-0.4063482480416154	0.4663270638297706	-0.7857608865637276
-0.37950034419196577	0.8470782367609617	0.3720725057890181
0.9163867752266164	0.3995029264434551	0.02515332886275576
-0.12733721745013032	0.35050802069147446	-0.9278627918410147
-0.9709965726375283	0.15124443166209503	0.1851776925479534
0.23246006623737167	0.4160174102774168	0.8791426687125297
0.05592828918437669	0.8966909368546565	-0.4391097701391167
0.5940434952278953	-0.7339597578304108	0.3292649384051544
0.7990721328653901	0.49121440648788584	-0.3466873711814586
0.09271489769924689	0.46905381433720245	0.8782895120632714
-0.648426278519719	-0.19166183546914164	0.736755795463916
0.36839583259545705	0.767925295434712	0.5239992854554387
-0.666204076729772	0.6111926713043196	-0.42733552004545805
-0.8053885731314061	0.4235595021953102	0.4146644358628061
0.46243365800440367	0.011344441713988074	0.8865813079390207
0.3708158009228091	0.9057972464863532	-0.20500485370770316
-0.9738801113413431	-0.1381754893187865	0.18018063959617642
0.19220562816738598	-0.07917903157350747	0.9781552420039789
-0.12089055064211535	0.9872376690091377	0.10366899080656033
-0.5996822104377457	0.49593343155339853	0.6280376405536291
0.6606378751703577	0.7497011262538942	0.0388048860845836
-0.4515958861359278	0.43817605224534245	-0.777214837006984
0.9318232409468322	-0.35733049292757135	0.06340635974001939
0.3626333497337527	0.9099344278925731	-0.20128683662051416
0.014230294874654617	0.21055701308660962	0.9774780012602973
0.9980708326348221	0.013978357215520123	0.060491475210877985
0.05020307067519153	0.39153218793094235	-0.9187938819500221
-0.03652758872981726	0.9200582325828972	0.3900751003563555
-0.8466130717116394	0.4032369840420475	0.3473416783336774
0.5237496486644103	0.515355392230221	0.6783031219323273
0.09451249827874131	0.7561803716044925	-0.6475018403597028
-0.34001829281896945	0.4116855738992068	0.8455191001933395
0.7716406496459595	-0.3917882868821887	0.5010714979679862
0.5375483869964035	0.822810383080574	-0.1844581392413034
0.41905064811784176	0.2616156000875482	0.8694560553028823
0.3808934250720945	0.8186037672319779	-0.42989309253634483
-0.8242067416909822	0.511317073902726	0.24338877724062957
0.19441819344906186	0.3928692967038599	0.8988077001024286
0.9482010640104357	-0.3099470947923755	-0.06962428196573117
0.25122959273437656	0.865786644697861	-0.4327784393859502
0.0476383571380794	-0.5921553009876596	0.8044144991491632
0.9982406025931981	0.05668638711175644	-0.017388296368098688
-0.03530277982756502	0.8038275642377726	0.5938139108407752
-0.9980243583408064	0.029689045216645005	0.05537093779723447
0.05497979575816389	-0.013833576000603864	0.9983916336956283
0.03040727243295235	0.999463452442939	0.012173948169295734
-0.6136806500734493	-0.12540101963085476	0.779532323897457
0.32203488115938184	0.8616967800528119	0.39213797898606895
-0.7208949958503601	0.49168408914887396	-0.48842313769491996
-0.8183752704186289	-0.017808458583920717	0.5744081959461413
0.5686929295461276	-0.16904704650202418	0.80499158253561
0.08276634975326094	0.9854470837502172	0.14847146687735535
-0.9436051980304521	-0.033537857530080095	0.32936976540387525
0.22840888376233598	0.6542294163114233	0.7209807574764102
-0.23966353929698075	0.7555521708956348	-0.6096739333336618
-0.5880184382341369	0.18363776374055243	0.7877255156620585
0.5258344401246934	-0.653213659379563	0.5448027686958934
0.6145994287952415	0.7345672786942867	0.28753861513931156
0.2913743696744716	-0.10675529192901662	0.9506336225602138
0.7475779593837539	-0.594612309877941	-0.2959111278496334
0.5968485329967955	0.7968936620319993	-0.09344688369765564
-0.22026958675308217	0.23525430217989923	0.9466449822702676
0.8275787164319479	0.5587751125479467	0.05370141251288607
-0.5163281681842238	0.7952520272862422	-0.31777261656197786
0.952073464813467	0.1440846935106256	0.2698068173601791
0.19595107075535798	0.3899954368966476	-0.8997259233064376
-0.23486016151724975	0.9094741119436782	0.3430707568947684
0.9976458769265601	-0.03358297567001706	0.059790367088536134
0.0391600594401966	0.9947360963217604	-0.0946920715751094
-0.056295594819445086	0.09681054911368087	0.9937094764488424
0.8911083080108362	0.19852280563730057	0.4080621019354274
0.3878763418244248	-0.799954064834105	-0.4578487060244833
0.23553752747060613	0.5662704210863272	-0.7898480128200276
0.8431357518941164	-0.5369514861600955	0.028376141182477225
0.5374848424048106	0.843118166207381	-0.016180296541751814
-0.015236405843207252	0.028893932262120114	0.9994663539186365
