-0.175771585478794	-0.698934109730418	0.6932499260682392
0.8565775410511298	0.23847126097791416	0.4576094118944711
-0.48515901094906116	0.6742570488641193	0.5567747894364268
0.7884689813660946	0.20718097394539203	0.5791309950767201
0.26881423562321527	0.7308062118740067	-0.6274242483461019
-0.5532228955401428	0.6503832137450991	0.5205248343055086
0.9535161392689094	-0.05009603338373178	0.2971487162902268
0.15875193730728487	0.9216599633965656	-0.35403493369020117
-0.2561343291222354	0.3847509575180513	0.8867704923676956
-0.6137959187303323	0.29228294615555783	0.7333656997273694
0.7455494154768447	-0.09090141148675057	0.6602219342553315
0.2596355893018558	0.952001897464676	-0.16211646428273196
0.560079872463884	-0.5530108130178556	0.6168383719793782
0.7250893738124938	0.6873648312822477	-0.04213061476566338
-0.4006943179595201	0.4708594582268233	0.7859614711633754
0.23165286196308488	0.7941226532783071	0.5618773559190062
0.9515214504935404	-0.06482789201360295	-0.30067303448720095
-0.20234594336180994	0.6042901256576136	-0.7706423056371388
0.9469200094386061	0.10055555786376902	0.3053376418122998
0.19107506554370507	-0.9398826501769144	-0.28303873096077886
0.2585204344964995	0.3263574477151174	-0.9092073477863094
-0.99573415971755	-0.07306729602494148	0.05634406289208885
0.0875701177010433	-0.5559884965406554	0.8265641331441176
-0.02906815538367577	0.8279721987881385	0.560015250128535
-0.9874765642726997	0.023276828962610664	0.1560391753555186
0.03036255991749004	0.9986057826575292	0.043181081484839345
-0.15481650418298992	0.047378054797436314	-0.9868065514355735
-0.871238841460277	0.2585922954663395	0.417220452346723
0.487456951752506	0.3558968051964678	0.7973225095525039
0.057694031919340444	0.8980353494024592	-0.4361237323334899
0.8860397357789235	-0.018898596661349104	0.4632239519552579
0.45664878705040557	0.20806565043536063	-0.864974317765738
-0.08003419210692872	0.977932271761773	0.19298445517877671
0.22292290437498252	-0.3487944995594987	0.9103009259481509
0.6487110768030445	0.7500994402771682	0.12854870100048993
-0.7276532948719856	0.5618658441059732	0.39348120118885654
-0.48032742412438023	0.7769098954587293	0.4070584478577306
0.838085812391223	0.269685812044534	0.47421696917173284
0.2586459678838666	0.5689293252418852	-0.7806546523125522
-0.8248319699946669	-0.5379524770934042	0.1739521591236725
0.5578428536854699	-0.8244255203664392	0.09557150182234023
0.09199767315953461	0.1758683989737682	0.9801054710466802
-0.0004212719155609612	0.4874560713004483	0.8731474108547223
0.5446464415336056	0.7323907168000593	-0.4086123978416171
-0.8386656522445365	0.47538449332874494	-0.2657997502779461
0.7069821384354127	-0.6959828651097859	0.12563481765364515
0.7039429280871528	0.6753915722044059	-0.2197966746594372
0.06812202235236929	0.24383206448052408	0.9674219939621947
-0.163204423040608	0.9326140543912237	0.321862302626365
0.9649266759392073	0.2188806775889458	-0.14494053621784247
-0.20562302001695715	0.28691858519476826	-0.9356264741385518
0.062326268077280256	0.8662732585123486	0.4956673056536577
0.9273241886116125	-0.23389381902764028	0.2921703794645856
0.36903290574605063	0.4414343926418318	-0.8178938754322367
0.9392411069581388	-0.008136971397604675	0.3431616713686488
0.04156383634313027	-0.9896670905994578	-0.13722790274884197
0.3407324324282786	0.1431532028313677	-0.9291978099471765
0.8153729653499789	-0.1454912007708487	0.5603563490089486
0.5647160575449337	-0.013329403500814907	-0.8251776180636624
0.12752529838149482	0.989269749613607	0.07129278204798617
0.17662623058324967	-0.6919102504691947	0.7000452699401725
0.983285599003239	0.0921064628152064	-0.15705359053683765
0.044188295540723954	0.7160842162785934	0.6966138024284894
-0.4662383996262365	-0.39100753908263386	0.7935583526713765
0.8452568497384739	0.06783526032603349	0.5300370132610462
-0.2610797056152722	0.9178842420681609	0.29887439749634104
-0.24757722671746896	-0.17414790556917042	0.9530886757257995
0.8884235542274401	-0.43326294229884144	0.15161402021064385
0.3865347398420609	0.8842826074374764	0.26198313892082514
0.14049436504975787	0.6331313012555913	0.761187288884718
0.7650212664786167	-0.5574541911103272	0.3224705981155247
0.6284932738102444	0.5370191618405553	-0.5626780825581787
-0.1498660776907903	-0.4432229498881632	0.883794984965412
0.922031455257287	-0.3853519044953333	-0.03690400002640731
0.35692878039422304	0.8093561184016924	0.4664166799462023
0.9389759303069535	0.04148196312829289	0.34147247186151647
0.15176851768910737	0.8408949377369215	-0.5194824546862675
-0.30869162499595343	0.5396062920532356	0.7832844503971184
-0.07254026909246236	0.020100268204100102	0.9971629197769621
0.8612702038749549	0.5054314212268428	0.052466316373529165
-0.502942884706789	0.8626326319208757	-0.05397589339766751
0.9214802854834663	0.06823880002710406	0.382384034232825
0.144818985808255	0.8531086515430844	-0.5012315732391655
-0.36041856890950813	0.51725148122862	0.7762405299596388
-0.9599580495201121	-0.22482901239619296	0.16713006416110499
0.24142797516660458	-0.966559433914842	0.08646035806757861
0.14210234328995391	0.12334818967124352	0.9821365221476752
0.1884145848395794	-0.11782759259188895	0.9749956936539407
0.2672245087970879	-0.9491679964611255	-0.1663465550954635
0.9450349232265886	0.29188486243375633	-0.14735067344312736
-0.3409972154578953	-0.23952959871263108	0.9090360116026911
0.8557432931600328	-0.4793729535625906	0.19469203271911467
0.38913277330698326	0.8442909111990042	0.36844068994231827
0.6246192557832593	0.1905138243921672	0.7573343172075577
0.516218495088504	-0.8284156000477381	-0.21736158567259772
0.5859771758638108	0.5267182133864523	-0.6157910953023404
-0.3452291720944616	0.09889952094014215	0.9332929355206666
0.8002960325688202	0.550477091873262	0.23769987710842927
-0.49024797703772205	0.8289715653027954	-0.26918964491572583
0.742189447678024	-0.3042560335514759	0.5971457860547229
0.49003630267695897	-0.3614543800940926	-0.793230832210581
0.4571862266233373	0.8813506663969333	-0.1191711249741152
-0.9927098880882015	0.011570773650151092	0.11997164368736406
0.11240955692484807	-0.2702603284342151	0.956202617851776
0.04348757988058445	0.962717753067724	0.2669894348553189
0.7211102378023546	0.27333824360372005	0.6366209464982007
0.6215010407565518	-0.6612764542773979	-0.42005940931829533
0.3061641410667723	0.6985697213606853	-0.6467332240753523
-0.5073828589241705	-0.39328779115342566	0.766738122046631
0.8496675268675982	-0.08003009076486167	0.5212103974009605
-0.14362356441975144	0.9159257054487702	0.3747697611087881
0.3754803153508961	-0.43636199835015255	0.8176813188399581
0.8725340173727001	-0.1311044165222932	-0.470633637233683
0.31256826664178256	0.8901684325812789	0.3315135597895522
0.7295249125837867	0.563412317750426	0.3877627652659695
0.661877431088268	-0.7244352088635568	-0.19264447662678985
0.1723707287668455	0.39719036791683116	-0.9014034299349425
0.6058209163109326	0.7414541388726548	0.28849051511062196
0.7941081126229523	-0.5413272121765569	-0.27632798414849247
-0.0487167612490252	0.3964979310233119	-0.9167420945214846
0.4825104430818653	0.8002835438251107	0.3559914630994177
0.844412300802636	-0.31703593878278347	-0.43180560414765073
-0.23270483142844428	0.5089542838043914	-0.8287424198308049
0.634598075440278	-0.03790864951642359	0.7719120525936463
0.6981167843392176	-0.4003525327137907	-0.5935914461761757
0.3315391953772066	0.9155767492905739	-0.22759828225876433
-0.18002060664606745	-0.33504521948219407	0.92484446372615
0.583009337690142	0.72092619568551	0.37465388365866387
-0.7922705935151725	0.6066383776819153	0.06555292041221517
0.8912581841291122	0.3292721392398254	0.3118312164349596
0.4423388419849366	-0.4796097683689311	-0.7578329756328402
-0.09997598758853485	0.8133599009082811	-0.5731059880163247
-0.23844539289010247	0.630857677814922	0.7383511257873512
0.7916919012180645	0.5666024279810791	-0.2284417259426845
-0.562465757317911	0.5300757294461897	-0.6345486528997433
0.10568436905520517	-0.03764174251332947	0.9936870298831335
0.8762079107030893	-0.46898677219161167	-0.11095541776146223
0.47020262797939605	0.8824026896660355	-0.01658257855147971
0.012568585854978664	-0.7209090177261175	0.6929157371648955
0.9689901096196787	0.17980574259435167	0.16949354674835504
-0.24677965497351909	0.669298201918441	0.7008136120252607
0.11411967139168788	-0.5209933547257033	0.8458975262601911
0.9919451690557259	0.012644048758105653	-0.12603535066801663
0.05496801059216544	0.8534670774919559	0.5182397760196329
-0.38463571443572997	0.31683871212729114	0.8669882338751984
0.5501087723333689	0.8329108114485809	-0.060331739357823294
-0.7412393039918959	0.45373209129351433	-0.49466299997879837
-0.0926643135027918	0.9533133340529247	0.2874143561479722
0.9955406904207273	0.08358468569777178	0.04373024163466736
0.017665183828029007	0.2901849193767687	-0.9568075322898648
0.4660498048625574	-0.10337243214704538	0.8786988788314097
0.23802255642640258	0.9711856036031276	-0.011991079445524078
-0.8521401539769219	0.21473859370414386	0.4772258316082172
-0.8054021099625222	0.3519150745583859	0.47695201180672564
0.40606264661272884	-0.25859173442384	0.8764949754068966
0.4317876425904097	0.899603298785768	0.0653707619657351
-0.7032302400571735	0.12068318332690724	0.7006445594816352
0.33502265021477845	-0.8129630820984248	0.4762886215186086
0.6270781875589332	0.5696723588231347	0.5312686234671582
0.07283285579590126	-0.27910331750022604	0.9574950199750292
0.6715716588270306	-0.6960508129603205	-0.2539778983250065
0.7373512610533217	0.6615244545273024	0.13674250943079547
-0.8932010738199501	-0.4317090263024019	0.12577423558074424
0.4496224290195859	-0.8539894010024884	0.26180484009647065
-0.005613648494157714	0.2903952816153237	0.9568903110420446
0.48749527111101043	0.5501605255238957	0.6779909710310847
0.8691638860514357	-0.23189131313578293	-0.4367843381763233
-0.08308128446509017	0.802215566445474	-0.5912255788818661
-0.594414145478154	0.15794036403622722	0.7884964584978051
0.46248828297065536	-0.7349925043025907	0.49587357938678484
0.6578574403093211	0.6594246431754814	0.36384437360299704
-0.34719428090158067	-0.8974236881476282	0.27218900650236266
0.9374884648012202	-0.33953942387535396	0.0763436834259691
0.023906268506108982	0.28168014411012654	0.959210501787909
0.6473825154574675	-0.37147229565042494	0.665510489958021
0.5321289500229403	-0.40483570679203607	-0.7436039477125412
0.5456506750911659	0.8355335924248622	-0.0644123955629583
0.7532334880070901	0.4914150012945568	0.43720774129393425
0.5669206587758252	-0.822085289350543	-0.05269481650616553
0.3335270291863275	0.2875536011530804	-0.8978154862030605
-0.6833224968040126	0.3960132734392268	0.6133871963299193
0.6317459893156396	-0.10046658256818652	0.7686374117688223
0.3660155329287743	0.9127321365258366	-0.18152872116512975
-0.9007188909012807	0.09956660826668534	0.422837995090124
0.18448529145033632	-0.7935625944116698	0.579847899012409
0.39328190501477656	0.600287347250372	0.6964082451544207
0.5763643258729834	-0.16578582002556252	0.8001994912141805
0.3597951475102148	-0.827707387620749	-0.4306366592687368
0.733724482138278	0.536111501794624	-0.4174120769149219
-0.44936814630792643	-0.42318799650168243	0.7867529400648402
0.4723419149331634	-0.8600628426048784	-0.1928341830892236
0.7582620816584792	0.2849628508899152	0.5863742739340139
0.7734366456435031	0.11930277320585322	0.6225452621947412
0.1998430207599197	0.886146624631006	-0.41809918286050884
-0.6015467747642544	0.44778455529469485	0.6615364463204244
-0.6421424849602544	-0.04184085444804614	0.7654425987022979
0.5162527022191654	-0.7617391244857377	0.3914545359031004
0.566688782719827	0.6465313984075015	0.5107455084606826
-0.5837770961172941	0.3695439216480905	0.7229395493551383
0.5368209704445591	0.843693270585093	0.0022160461165839362
-0.6091203064582744	0.38938278742437876	-0.6909077341568843
0.5851714571691351	0.06907955298503415	0.8079618685766914
0.5263606965353607	-0.7902958474140669	-0.31365090579000643
0.6168620452397449	0.608818929501596	-0.4988193342515599
0.9147929620881206	0.3752921053419745	0.14936422658063303
0.3921151506216985	-0.9138608005344837	-0.10537621125944585
0.09695125149767318	0.15496539263481046	-0.9831511490704643
0.6772159714220125	0.30948008343989897	0.6675332246450157
0.7343507026529379	-0.22768442514027876	-0.6394441711843787
-0.0459083169379616	0.9232452981210214	-0.38145844588021594
0.22844164914512843	-0.18913713695275902	0.9550086682125808
0.7912595316436624	0.6075815389755911	-0.06894220100275567
-0.5672061058547467	0.771408981618289	0.28845349115538255
-0.2766507636675284	-0.2389427498266098	0.9307903723543083
0.32659074501599794	0.8875631296621616	0.3249156446436591
-0.90377145353904	0.3938756823791071	-0.1675085269421348
-0.18118335785873563	0.046776509370642594	0.9823362708391316
0.09788678338097495	-0.9930502129544134	0.06534104522060122
0.9785656689636927	0.10799644772997283	0.1753453700653308
0.5587611412477964	-0.3630494328904387	0.7456413992727275
0.8227981932633531	0.13007075099396315	-0.5532492502466029
0.1038706897734964	0.9226465786062383	0.3713948987158826
0.1974661490973716	0.3292751182005275	0.9233553034962669
0.8909046840039447	0.3327155090606787	-0.3091750863998016
-0.4090182929655908	0.8836731785929243	-0.22765269481161865
-0.47777145010098976	-0.1475324681152926	0.866007281909458
0.6053991310972376	-0.7696303954710726	0.20288160693801155
0.6365739026500434	0.6212110955374592	0.4570234580916418
0.17183336918107495	0.4809332768553677	0.8597537301163856
0.7893501479545028	0.45494498280138074	-0.4122516301338976
-0.5894061733304843	0.7494853206281025	-0.3014500240552409
0.23276595409666223	0.35039419794393295	0.9072176787633156
0.5357842783196358	0.7323098281333088	-0.42030646286355255
-0.8116373683603889	0.5839060041364464	-0.017278906632965274
0.2684568027878478	0.25527235377892665	0.9288525019792393
0.7743310869191328	-0.6307666282337685	-0.05044629359265623
0.5730116166951249	0.732782018135522	-0.36699891148294994
0.9469251952273623	0.2660266530716892	0.18045080908407427
0.3138154139544493	-0.8866766323125921	-0.3395945165567289
0.06966032305566452	0.3781988492397562	-0.92309970741275
0.7362878443900611	-0.002290787007562245	0.6766645864077142
0.5929025632961663	-0.47974566147454056	-0.6467693953281887
0.326108510530272	0.8774046116765294	-0.3518726854538241
0.6064489263387354	0.01913283984651598	0.794892215449367
0.36703610074933635	-0.893562555695874	-0.2585158792124411
0.7053397766249385	0.44853081666443617	-0.548922495451786
-0.7501519600610274	-0.2009172678526055	0.6300034033997304
0.5250582785967499	0.39817581966442983	0.7521767217293933
-0.40197741341226734	0.8950353446167385	-0.193199096771127
-0.7796912483455773	-0.3711046223214246	0.5043440458109802
0.40450318418685116	-0.9133429248423026	-0.04671055151897291
0.4779735675076748	0.16758896423148226	0.8622384866333705
0.031705850794288115	-0.9111238551798351	0.41091125507540593
0.9725037311035158	-0.0667784954871764	-0.22310787868251075
0.23071894593888706	0.4066865538257986	0.8839540796456254
-0.622791776929303	-0.5669555410696236	0.5391584340800873
0.6432430116985803	0.021249806599374477	0.7653671495566223
-0.44538615884441385	0.8234742619960502	0.3514559849253943
0.9948710557033447	0.0031658152182249544	0.10110173162570754
0.10060930534480848	-0.1343002601316159	-0.9858200686771474
0.01045706468123963	0.9909356274463972	-0.13392995204833014
-0.45081540543579	0.8676619266373089	0.20959067556978184
0.8920749857854213	0.4297626350677318	0.13966494633794102
0.03110771540477872	0.24993370833817674	-0.9677631174407417
0.10995135431100267	0.01917754334364241	0.9937519416416145
0.9859053698592709	0.12474164206272231	-0.11149046783537081
-0.1261003622827092	0.9920039035038111	-0.005191730479431111
0.36977563956022275	0.34197389545443807	0.863898044456373
0.8452126329821126	0.26232516314544196	-0.46561906514678064
-0.38585176095914464	0.9023521283891529	-0.19203920161334964
0.4293519668420309	0.2173798766631734	0.8765859215107115
0.4490830494246725	0.7907148790368569	-0.4160461450238015
-0.7835695905842166	0.5722901093777808	0.24187337063027592
-0.4402836965182553	-0.19095599890246828	0.8773175440303138
0.8863559296871262	-0.24834667149249623	0.3907647587322434
0.14326001706230246	0.9496629598135113	0.2785979724792522
-0.7780722101777016	-0.6119782506757432	0.141725990732272
0.6203738395835445	-0.7840432860708995	0.020308242846593376
0.098691108563828	0.10372437643583585	0.9896975895815043
-0.6122242541160126	-0.7373586378947141	0.2854535019826257
0.7451050972770568	-0.6588259190314893	-0.10376320361314041
0.26457486026423743	0.14916650942609805	0.9527588864879682
0.028132504122745594	-0.7266965155718508	0.6863823544260986
0.8414810677157001	-0.3534167688952756	-0.4086639207706847
0.5395536811919913	0.5890744958995883	0.6015588611206861
0.9922573861407794	-0.07846763234755019	0.0962710253546615
0.11179926271463383	0.22670426614138195	-0.967525762225359
0.0540944036433758	0.9707976135050329	0.23372160599183034
-0.7568626090021788	-0.01402456585174068	0.6534235247120245
0.1137896246389553	0.9816729823960044	0.15287274759831973
-0.6435921941873916	0.1900564841998402	-0.741395724559196
0.7181521613980715	0.3758086619695406	0.585683637015703
0.5788096732135856	-0.789807517403335	-0.20293705341204407
0.3863118368283069	0.4847390380832187	-0.7847236645370745
0.05646022910395243	0.8710999229640248	0.48784953289062344
0.9119030488063595	0.15395362254628142	-0.3804354238008647
-0.4065034712117421	0.46635094758877393	-0.7856664187655327
-0.3794260263000495	0.8470277543189642	0.37226317838261536
0.916393578918439	0.3994945910430152	0.025037576648491405
-0.12750960388617533	0.35063949455351806	-0.9277894404314184
-0.9710224102255596	0.15106922712200366	0.18518522472515375
0.23239546384950843	0.41611798707309533	0.8791121482589164
0.055747889842729034	0.89667380325902	-0.43916769385633003
0.5941394639238963	-0.7338872554229654	0.32925338834395035
0.7989855587966419	0.49121137891634836	-0.34689113286089845
0.09284597052453625	0.46917041418960614	0.8782133842105291
-0.6484045346005161	-0.1916782890935962	0.7367706515596556
0.36846019874368996	0.7678687270345311	0.5240369261646828
-0.6661896437586284	0.6112585799254849	-0.42726374409283885
-0.8055462133306677	0.42424702471997083	0.4136541553095716
0.4614225455369591	0.011173661330178386	0.8871101305715495
0.3717318020546745	0.9054775598040689	-0.2047580426563349
-0.9739017331687956	-0.1380673519698021	0.18014666372392996
0.1921532008362747	-0.07912264717963358	0.9781701048956983
-0.12079967524455604	0.9872573185463525	0.1035877668331342
-0.5998898769321417	0.4957157380234776	0.6280111803385184
0.6603611614495046	0.7499436219420179	0.03882911739338413
-0.4517247746176887	0.4380073869061192	-0.7772350075828238
0.9318894855913595	-0.35715131770546205	0.06344228010974548
0.3624697106054995	0.9100573813859493	-0.20102554931777758
0.014060424525479759	0.21032950065599673	0.9775294397694436
0.9980688458711201	0.014025006734886096	0.06051345377332839
0.05020670061032103	0.39149184161469563	-0.9188108756229215
-0.03657685217888416	0.9200746910632965	0.39003166121414246
-0.846541410760105	0.4032496873530702	0.3475015532597553
0.5238697785951959	0.5152218988392936	0.6783117646267484
0.09448859689355057	0.7562645599299783	-0.6474069975301506
-0.34006578471222193	0.4115897045620708	0.8455466735589279
0.7714227051758707	-0.3921355258371384	0.5011354500687142
0.5378310812952356	0.8226929223440167	-0.18415776800846384
0.41884038854130223	0.26135674801939035	0.8696351989146368
0.3811065991673941	0.8186639106731303	-0.42958952667917805
-0.8242150744785212	0.5113531574421986	0.24328472902395637
0.19469375642267506	0.39276679934970893	0.8987928474006753
0.948134577287357	-0.3100945609403054	-0.06987264577332286
0.2512671179485154	0.8657803443159383	-0.4327692581896525
0.04761282261374111	-0.592160799014102	0.8044119636316536
0.9982467344298525	0.05655922600431362	-0.017450247961813103
-0.035163565275554975	0.803832471392375	0.5938155282681133
-0.9980404470528774	0.029744341451410417	0.055050342397797596
0.05465912043035749	-0.013810203182230252	0.998409564678667
0.030457291413921235	0.9994621315686192	0.012157341816369738
-0.613942595426807	-0.12538852671989872	0.7793280483131668
0.3219167417111338	0.8616937448828887	0.39224163654027133
-0.7207247053672321	0.4916925944090641	-0.48866582822681637
-0.8183097794549861	-0.017982006062822575	0.574496085544792
0.5688092972381469	-0.16899708850257333	0.8049198515710113
0.08261409216215901	0.9854525009028138	0.14852030245260173
-0.9436794690338157	-0.0336381497166269	0.32914667643422724
0.22817380139463464	0.6542382056300577	0.7210472152717076
-0.23959502515949263	0.7555401016343237	-0.6097158180178845
-0.5880848096188509	0.18376315219180372	0.7876467232154858
0.5257789337128671	-0.6531383909447834	0.5449465617267625
0.6145834113928885	0.7346028492802023	0.28748197207840354
0.2913078374507545	-0.10670611976744399	0.9506595330842377
0.7476924643773646	-0.5945023597590933	-0.2958427334821205
0.5967375658973283	0.7969822759917848	-0.09339983512772543
-0.2200987339560645	0.23531301094292395	0.9466701295551226
0.8276218889946121	0.5587268478804754	0.05353800813009163
-0.5163318275759564	0.7952685686851475	-0.3177252704673479
0.9520904986603296	0.14419430733749866	0.26968812375072054
0.1957781079097708	0.3900795116170983	-0.8997271292341008
-0.23493534179427994	0.9094206817243741	0.34316090807080557
0.9976287118530552	-0.03382015703721794	0.05994289169194016
0.03943311293447563	0.9946887750457979	-0.0950750777132834
-0.05640906745116995	0.09721336212613936	0.9936637154155431
0.8911552182897866	0.19804875303312908	0.40818999049083193
0.3876619743551155	-0.7998107831418166	-0.4582803779447327
0.23571289857361766	0.566638687870936	-0.7895315236606621
0.84300206013283	-0.5371591906938434	0.028417080514008514
0.5376946081337711	0.8429832936828483	-0.016238071175081144
-0.015232694957713969	0.02896843842446256	0.9994642537777794
