-0.17647631535685493	-0.698743420923924	0.6932631115482779
0.8566845316157057	0.2378012401719174	0.4577577781568295
-0.48471406355546054	0.674691190018241	0.5566363936209371
0.7884788420763077	0.2066459905940474	0.5793086829742929
0.2694029198677793	0.7306806803402124	-0.6273179498023943
-0.5529224017569915	0.6506943813719074	0.5204552235171733
0.953618508822999	-0.04980988508051068	0.2968681777800814
0.15846059433870976	0.9215731310283598	-0.35439131508603383
-0.255933545421507	0.3849960253234467	0.8867220989764073
-0.6138617590674647	0.29063423626077983	0.7339655860241077
0.7459155127130612	-0.09082101496377981	0.6598193625038296
0.25842559596256987	0.9525141909462884	-0.16103703734647046
0.5593479007074211	-0.5535850044442483	0.6169874948721914
0.7261384062192053	0.6862280815252964	-0.04259149139844312
-0.3998161339761483	0.4718417774853906	0.7858195696416537
0.23187473535153724	0.7934547114746556	0.5627288227417583
0.9516127030853013	-0.06509906162125079	-0.3003254493091091
-0.20166152442233587	0.6051377801911753	-0.7701564104472258
0.9469273905768623	0.09979212140500218	0.30556513132355884
0.19054054747883295	-0.9398406331630575	-0.28353815267460863
0.2588876527410318	0.32671259045398354	-0.9089752837657834
-0.9956930007590281	-0.07334262948381415	0.05671249368421799
0.08804034037109185	-0.5562674195757211	0.8263264829266403
-0.029057644550527537	0.827760482639132	0.5603286862852968
-0.9874616856406055	0.02197054975274044	0.15632246906755046
0.029056326178515758	0.998644347504657	0.04318792778086811
-0.1551616876062535	0.04718858061607846	-0.9867614142023482
-0.8707166600799385	0.25956106813084273	0.41770869008199085
0.4883066895982274	0.35546650134941415	0.7969944437146518
0.05838728245822988	0.8979262878038391	-0.4362560107528146
0.8860980894430598	-0.018418255715627385	0.4631316699835511
0.4564544434758653	0.20820865096864716	-0.8650424837503382
-0.08049544655753665	0.9779110008166437	0.19290038249130803
0.22359184558031675	-0.3484389462641575	0.9102730289953181
0.6478693503296608	0.7508716245091496	0.12828526185970865
-0.7281977694921972	0.5610544574578428	0.39363168606360266
-0.4811670738838236	0.7764066773669598	0.4070269258293322
0.8375075348978498	0.26998057239656703	0.47507012063246945
0.2589582514603582	0.5694762171227343	-0.7801522044653686
-0.8242836835809737	-0.5391063290292412	0.1729762266405319
0.558812414805571	-0.8237796942964841	0.09547617673512826
0.09102249195307469	0.17536071756641097	0.9802874704357115
-0.0005320364674166189	0.4871828072010419	0.8732998507413761
0.5433547424671387	0.7332789171431422	-0.4087391020098887
-0.8395030320229144	0.4742941513882426	-0.26510321986584784
0.7057342664466055	-0.6970345344767267	0.1268148371046715
0.7052009427945877	0.6739333676389274	-0.22023952021487633
0.06804980120982071	0.24486051892795455	0.9671672817179232
-0.16188326613893378	0.9328969110222392	0.3217097473645392
0.9649733688525246	0.21785572084040705	-0.14616867756984117
-0.20644661670659742	0.2867790757748394	-0.935487870657941
0.06112077962904294	0.8661275823125069	0.4960718309428879
0.9274401583819992	-0.23298985713252707	0.29252432222592417
0.3689430889959991	0.44219762282361463	-0.8175220238325287
0.9395079077434763	-0.007006885454192941	0.34245553703175485
0.04270573302882727	-0.9895933975868756	-0.1374086162470734
0.33985454484815464	0.14372129629493596	-0.9294315883040332
0.815463021824933	-0.14590559000633924	0.5601175044944149
0.564509602627496	-0.013290707111347277	-0.8253194930727294
0.12786308528068333	0.9892092376789567	0.0715270264523995
0.17536828158925744	-0.6923590389542891	0.6999178001670796
0.983505606094552	0.09121232113783184	-0.15619550330671156
0.04430224139949185	0.7157648172765565	0.6969347442594886
-0.4652781933388441	-0.3915819236739142	0.7938386485018085
0.8454863603673366	0.06889536210497504	0.5295339871181249
-0.26204773846788926	0.9175603664785555	0.29902166582306977
-0.24662779811446334	-0.17436273739385932	0.9532955286823344
0.888893424393188	-0.43256613294530344	0.15084767382793113
0.3860611470580319	0.8845813565960261	0.2616727236357862
0.13970522605887958	0.6332124409483177	0.7612650356085656
0.7654607770254074	-0.5567579827965918	0.32263035726343214
0.6281339416458062	0.5376453786842622	-0.5624812869171378
-0.14835496860773167	-0.4434196893716892	0.8839512330252806
0.9222076489314274	-0.3847984136163669	-0.0382522304015942
0.35710482430480855	0.809511679937876	0.4660117857977303
0.9387721967020078	0.04279932642581363	0.341869829550347
0.15079352855825864	0.8411329740140481	-0.5193810082889364
-0.30978714376848554	0.539132207982216	0.7831783882819957
-0.07243439398813756	0.020062555711053753	0.9971713756551137
0.8617969608967361	0.5045344500800241	0.052449851015966775
-0.5020550335936496	0.8631584342059043	-0.05383549667729226
0.9213925971950024	0.06734375175857937	0.38275383856119166
0.14581171358163175	0.853020682724379	-0.5010934633646926
-0.36024245448952313	0.5175138007275875	0.7761474344735353
-0.9600706277589663	-0.22390344392046485	0.167724886391552
0.24061832686036794	-0.9667322740861344	0.0867843938687593
0.14271373617637836	0.12367682903764171	0.9820065333111451
0.18775580667244618	-0.11701591411727384	0.9752205047598608
0.2679628757378625	-0.9491124903665458	-0.16547319377019357
0.9449569589600755	0.2923914439129708	-0.1468454603977054
-0.34141630178879456	-0.23936539219725245	0.9089219536853086
0.855940176063783	-0.47871461347879274	0.19544496371549186
0.38833146134811525	0.8447109137806292	0.3683234288870745
0.6243520884945268	0.19076500553806255	0.757491374376359
0.5169808607714159	-0.8278707666290561	-0.21762532793097436
0.5855896679318789	0.5274833707550232	-0.6155046989165478
-0.3458407851964349	0.09892166092400739	0.9330641222846098
0.7998942781726179	0.5508982672937549	0.23807612824356245
-0.4904725222083496	0.828689087711896	-0.2696499598846731
0.7415411272486618	-0.30499065025670685	0.59757632136387
0.4900611152043988	-0.3620882690679488	-0.7929263451090515
0.4582104974391191	0.8808364142446478	-0.119039285016447
-0.9926544442607237	0.009848306202236305	0.12058260718022751
0.11346445876589842	-0.27011858584474324	0.9561180712538583
0.0419877468601948	0.962776692928419	0.26701698198320833
0.7202675718704857	0.27406476391012324	0.637262214551187
0.6221476806873274	-0.6615456033633118	-0.41867610164189123
0.30683364927460954	0.6980300279024967	-0.6469986026408912
-0.5073639200865159	-0.39333907389132405	0.7667243478231008
0.8496205637138843	-0.0796838018710313	0.5213399940862775
-0.14396787943477318	0.9159338757081179	0.37461765177492745
0.37541165764510587	-0.43610101872826457	0.8178520579960191
0.8725755231257015	-0.13124890530779898	-0.4705163985425085
0.31253486804845015	0.8902750284713563	0.3312587054467604
0.7294435073872632	0.5631466451782509	0.38830146221080497
0.6619803674626413	-0.7241589952471039	-0.19332807012105613
0.1723199426200993	0.3980698501861035	-0.901025100509536
0.605765031284246	0.7412537098777724	0.28912223101248347
0.7942380653815978	-0.5417685317084542	-0.2750868109331356
-0.04727179256272648	0.3962698520489606	-0.9169163440494459
0.48315612666000185	0.7997623154076213	0.356286957556328
0.844382213133512	-0.31805419865614226	-0.43111507148434436
-0.23147102500022854	0.5091382578151435	-0.8289749085553217
0.6343089690248448	-0.038382082915700444	0.7721262510274411
0.6979710169027906	-0.4010033998182183	-0.593323463970468
0.3323982421408438	0.9152721393363196	-0.22757047167063305
-0.1803967680599068	-0.3345472564694299	0.9249514253528762
0.5834288629546572	0.7206896755186958	0.3744558097722518
-0.7918761064364651	0.6071939762460876	0.06517443720884386
0.8910942646370329	0.3298431688071964	0.31169615897892117
0.4425073998395807	-0.4791338280853328	-0.7580356033007345
-0.10068869161032419	0.8134090353417045	-0.5729114491841465
-0.23868646753457856	0.6307897879237396	0.7383312357383969
0.7913737293237815	0.566993370770809	-0.22857414122801856
-0.5628111501667632	0.5297383891630656	-0.6345241116733751
0.10502808964550558	-0.03682753396448413	0.9937871166037071
0.8761475310812316	-0.4693274216574417	-0.10998761321457984
0.47046211767333385	0.8822559175332702	-0.01702620955613865
0.011459861018852546	-0.721702734888388	0.6921082531223346
0.9688766462655825	0.1791803090086228	0.17079947653529756
-0.24727861999490724	0.6686101848747112	0.701294306817914
0.11329257011642713	-0.5214831576230394	0.845706869944852
0.9920936595914751	0.013121416427606558	-0.1248118545224281
0.05399040798890903	0.8531606793250832	0.5188466932522107
-0.3852088137887433	0.31619919329152957	0.8669672657841562
0.550545778323139	0.832711193902667	-0.05908818426524881
-0.7406169831633885	0.45454387875207475	-0.49484982220768825
-0.09178463786338753	0.9531803511096566	0.28813677049408015
0.9956181282269112	0.08264485234558372	0.0437535270203242
0.01789198139470191	0.29089009374546965	-0.9565891648782792
0.4659811706872531	-0.10158741224133486	0.8789434260741963
0.23790561819899428	0.9711891099129296	-0.01387910717178785
-0.8522103410510175	0.2155729817501273	0.47672405450644906
-0.8050381511890814	0.3506737335810578	0.4784783252210984
0.40657229368131953	-0.26119652495346224	0.8754857767907748
0.431986741857637	0.8993354813019204	0.06769894334970539
-0.703006188236841	0.12003049502489722	0.7009814402427398
0.3357220633596569	-0.8129092226383454	0.4758878984835142
0.6269553377029676	0.5698870730360526	0.5311833285337171
0.07295762803950245	-0.2778653316120022	0.9578455209474028
0.6715535327107816	-0.6963652253470598	-0.2531626465950454
0.7373554347901146	0.6617146895872047	0.13579628997137771
-0.8928822567584067	-0.4323420093026874	0.12586366655285997
0.4502553865972353	-0.8537500663936322	0.2614974397064775
-0.0056002148341566665	0.2901572179439685	0.9569626045299929
0.4878834442866524	0.5502844793471185	0.677611051105768
0.8689770531257585	-0.2325836101994485	-0.43678798679389536
-0.08275642532073235	0.8019300817753765	-0.5916582780726325
-0.5942330811466479	0.1571597374444476	0.7887888578050238
0.4632319809386917	-0.7348513534120984	0.49538835293537464
0.6574976631947657	0.6597683724723398	0.3638715674226588
-0.34745542450907085	-0.8974543422043622	0.2717543590041507
0.9374090786022544	-0.33961715785945823	0.076970159422571
0.023215239246960215	0.28148870269692744	0.9592836717680059
0.6474042277465262	-0.3719631371217465	0.6652151460380865
0.5318267915277393	-0.4047124165111051	-0.7438871713741624
0.5459194351818174	0.8353749365071295	-0.06419256768875159
0.7529937354990949	0.49088096199525716	0.43821948319276033
0.5665471782120164	-0.8223674818796947	-0.05230697474382505
0.3347009548225412	0.28765883594539615	-0.8973447859899886
-0.6829420956220857	0.3969877827833768	0.6131808822427947
0.6319972685187322	-0.09980718517429699	0.7685167391621636
0.36629161417124345	0.9123810750494127	-0.18273266615332595
-0.9010405843347926	0.09578399323029707	0.42302634908770637
0.1877316904408297	-0.7930965604235116	0.5794434038356326
0.39100214550030804	0.6015174747962473	0.6966304972716182
0.5764529860538	-0.166353726124141	0.8000177452246117
0.3592877223938242	-0.8277373665822374	-0.4310025342159377
0.7339034591870485	0.5358892514019259	-0.417382825263771
-0.4497596360363154	-0.4233665344637483	0.7864331168565049
0.47244361457567974	-0.8600169230649972	-0.1927898417668356
0.7579665565439861	0.28483621528515424	0.5868177141352172
0.7725661974825926	0.11883900090538047	0.6237136862143549
0.20064965205241797	0.8862916356383171	-0.41740490381498885
-0.6023962048673044	0.44762085347017455	0.6608739546238005
-0.6427140197243284	-0.04225942659939938	0.7649397556103917
0.516133838218534	-0.761755181997454	0.39158000937973136
0.5661488760879069	0.6464852539412761	0.5114022551190831
-0.5834427919135967	0.36962325044415945	0.7231688331884626
0.5374329489515016	0.8433025734826867	0.002568061286377571
-0.6089009229302916	0.39015307545702127	-0.6906665213879037
0.5853854361600719	0.06968249684449981	0.8077550623581374
0.5271725129580934	-0.7896455764422774	-0.31392515857540226
0.6159651229681199	0.6095934819522424	-0.49898171714824313
0.9143749005118641	0.37637469482061053	0.1491999678706768
0.393167237627073	-0.9134127785417081	-0.1053404919934107
0.09663366168481553	0.15498124110810776	-0.9831799175806917
0.6767328830874597	0.30997284622438837	0.6677944590603355
0.73474051531259	-0.22670565872410675	-0.6393441322641964
-0.046786537661212824	0.923320842885083	-0.3811687828084238
0.2284125512184927	-0.18986052690682154	0.954872078745904
0.7913157886313142	0.6075599318399381	-0.06848541366926991
-0.5671393383540422	0.7712482800922891	0.2890139466289221
-0.2757618339296404	-0.23775122872364685	0.9313590951873276
0.3281478843752632	0.8874336855978682	0.32369803775466893
-0.9034790406687918	0.3948870812100344	-0.16670277791812405
-0.18135212177247162	0.05778705159740827	0.9817189336038606
0.09703163490423258	-0.9923494684644334	0.07633737136008982
0.9786195735608575	0.10910173741070774	0.17435750955301754
0.5587310251371937	-0.3641267461673199	0.7451384799315768
0.8226215282195248	0.129116186742525	-0.5537353443937303
0.10542041006804259	0.9223560717242933	0.37167971977822
0.19757162972094444	0.3284895464514058	0.9236125102019568
0.8909150031903775	0.332879838674334	-0.30896839659492514
-0.40894487185890904	0.8839036321207755	-0.22688865309662676
-0.47817694272270184	-0.14686827031372812	0.8658963694481133
0.6047031636855096	-0.7700606319030345	0.2033241427421612
0.6369308402621948	0.6208351909872318	0.457036946378235
0.17128035354907478	0.4812553524743374	0.8596838524730503
0.7888837404118688	0.45571979449859024	-0.41228862828841384
-0.5901910577108764	0.7488075551281278	-0.3015986750321573
0.23209112414914368	0.3504761464949333	0.9073589040888115
0.5356988096706641	0.7325580515795871	-0.41998272152953225
-0.8118869966988143	0.5835453468274604	-0.017729432799684197
0.2677736180363882	0.25574476649466166	0.9289197510518835
0.7745778311241882	-0.6305236301159214	-0.04969039541388903
0.5729977949474595	0.7328264230198247	-0.3669318202463745
0.9467468284850371	0.26703839581473515	0.17989146148224075
0.31454122297548676	-0.8864552912177155	-0.3395008626221744
0.06880597214347595	0.3780046452529495	-0.923243319155131
0.7358720612144243	-0.0012706718143342677	0.6771194096443955
0.5937614566431139	-0.4794761694934866	-0.646181039255177
0.32548370485952466	0.8775539802661676	-0.352078641200974
0.606221344355806	0.019079830595033404	0.7950670674301031
0.3679656786112788	-0.8930004984828979	-0.2591358120241907
0.70505102014789	0.4496510533444356	-0.5483766855133967
-0.7503271317072056	-0.200866644249974	0.629810913411154
0.5248890043597221	0.3981473814199893	0.7523099067343624
-0.4018715323661249	0.8950593577501773	-0.19330808978814784
-0.7802619020353876	-0.3702130150518537	0.5041167401687181
0.4032944219689398	-0.9138668853032399	-0.04691401874592896
0.47806377549533874	0.16670224783238705	0.8623603580445773
0.031510037518784006	-0.910833810409353	0.4115688124126316
0.9722135150371909	-0.06763399877105747	-0.22411274704770023
0.23196551190768572	0.4071945628632776	0.8833937905939738
-0.622438787217352	-0.5671729832839232	0.5393373371093517
0.6435842799760703	0.021236383225878064	0.7650805778446914
-0.44538660816764025	0.8233248587649338	0.351805267448665
0.9949282051647089	0.0027517565464690585	0.10054995973962302
0.1000043788904207	-0.13455042200562528	-0.9858475075491387
0.010816227182896376	0.9909029275231843	-0.13414319757449822
-0.4499118736697554	0.8681129336482178	0.20966459015211647
0.8925337605818349	0.428916724654858	0.13933387790841334
0.03102889222350634	0.2498206911847648	-0.9677948285165345
0.11018321217791283	0.018343235278056702	0.9937420115269812
0.9859708744215129	0.12411315251844945	-0.11161254483439292
-0.12538378901051883	0.9920985087638554	-0.004410709908815091
0.3704283151424014	0.34305221031477817	0.8631906187736906
0.8449771044003682	0.26147016550735713	-0.46652657543673154
-0.3857415668293098	0.9021909629051381	-0.19301531046103237
0.43010566302946673	0.2164860268774322	0.8764376297243327
0.4493528646424796	0.7906804390191821	-0.4158202092131056
-0.7830013548312545	0.5726763863817481	0.2427975181363322
-0.4401100676028884	-0.19083570417711898	0.8774308305534996
0.88638126982389	-0.24863713462297254	0.39052249588450894
0.14363625203955077	0.9496111358328213	0.2785808999237558
-0.778059333922752	-0.6119757220628131	0.14180757561351123
0.6204355883716811	-0.7839797444057941	0.02086722414005749
0.09840403232372763	0.10421840512656041	0.9896742749285277
-0.6128270974278234	-0.7368739057295572	0.28541162504890405
0.7444375934012784	-0.6595013037528454	-0.10426264853344988
0.2650577638725219	0.14857616700926277	0.952716906750234
0.027752348049217113	-0.726534727952551	0.6865690760998981
0.8412040698511206	-0.35406227124412704	-0.40867544695927216
0.540005111127354	0.5888864042923412	0.6013379106591994
0.992286491162965	-0.07851040555972959	0.09593558085683185
0.11148211173988402	0.22670235448258103	-0.9675628048008409
0.05421492615052568	0.9707946017005353	0.2337061896732564
-0.7567103589599193	-0.01531624699026362	0.6535708417768372
0.11331978016293215	0.9815190566728361	0.15420430866837215
-0.6438540673682004	0.19075050187666376	-0.7409900039590454
0.7178828756304976	0.3748358474802185	0.5866363987345773
0.5791163693201227	-0.7892015962660686	-0.20441397025782926
0.3863526985307167	0.4864760301339377	-0.7836278864634396
0.05565100826763236	0.8708382665325742	0.4884093353134615
0.911675976954899	0.15514101752169296	-0.38049727689651675
-0.40712391028055167	0.4664461150281725	-0.7852885733620467
-0.3791350062145853	0.8468216483014207	0.37302780463489904
0.9164182825638506	0.39946624468977965	0.024581512080584095
-0.1281958597045545	0.3511692118075138	-0.927494477737254
-0.9711412740659102	0.1505325159378816	0.1849988849994811
0.23199545778362832	0.41622544008529205	0.8791669298793997
0.05534196755993184	0.8967141934146109	-0.4391365641294047
0.5945318811761375	-0.7335915507953716	0.32920400797500127
0.7986329803945262	0.4912088805577215	-0.34770562015501916
0.09336597287727139	0.46963525449317767	0.877909746412357
-0.6483141805491506	-0.19173710506493374	0.7368348565589184
0.36872222119763304	0.7676453975258661	0.5241798043156934
-0.6661326045870801	0.6115205852615867	-0.4269776655837627
-0.8058863275006898	0.42263801350460173	0.4146375968099548
0.4623628499543644	0.011804748819394528	0.8866122280272186
0.3698213381208938	0.906221693321339	-0.20492540209616839
-0.9739911514670705	-0.13762109983960513	0.18000463811465195
0.19193661903523473	-0.07890176316456299	0.9782304667320714
-0.12042246940323276	0.9873373003429275	0.10326414776855941
-0.6007263101494524	0.49483647350541116	0.6279050603259638
0.6592430520367234	0.7509217303444162	0.03892496933658096
-0.4522460598341679	0.43732530156083615	-0.7773159473336397
0.9321863986308327	-0.3563496002718325	0.06358836838434717
0.36173173674887793	0.9105774869112236	-0.19999697737486133
0.013366706262902615	0.20943639300882144	0.9777309079941862
0.9980605817850924	0.01420454513193634	0.06060780464921825
0.05023009391273962	0.39132674044507054	-0.9188799268011864
-0.03676972602998799	0.9201421700532103	0.389854298600706
-0.8462543150906525	0.40331716013270175	0.34812196502510834
0.5243436589888408	0.5146644452471842	0.6783688053534023
0.09443178208974073	0.7566080736688583	-0.6470138030911354
-0.34025853371671344	0.41121474895204735	0.845651559732055
0.7705469332347309	-0.3935210825129978	0.5013966307229736
0.538963406842713	0.822218698317001	-0.1829613571834039
0.4179895619874707	0.2603139795337406	0.8703570291143914
0.3819535878383906	0.8189128432348822	-0.42836107657248934
-0.8242549258614733	0.5114864487396207	0.24286916220226107
0.1958023773208839	0.39235303568038077	0.8987327324782823
0.9478674475998785	-0.31068330905025077	-0.07087441892585317
0.25141346586048524	0.8657568809255722	-0.43273120099438445
0.04750368631583601	-0.5921850111813904	0.804400591943158
0.9982715511022564	0.05604281891109775	-0.01769499105376765
-0.034602168231220254	0.8038508039310495	0.5938236901413616
-0.9981055983341496	0.028918888345595535	0.054303890016135975
0.05393339551309615	-0.013441579587623709	0.9984540614302783
0.02960411158027805	0.9994913815711693	0.011856421993918898
-0.6149961389399152	-0.12534203537374572	0.7785044144109675
0.32143629765902393	0.8616827848058366	0.39265950251651577
-0.7200405930475421	0.4917236546451929	-0.48964210585500023
-0.8180466969865123	-0.01868099053977401	0.5748483470811321
0.569276565291654	-0.16879247041698053	0.8046323968995219
0.08199874242446659	0.985474567161926	0.14871477303153324
-0.9439782932150773	-0.03403537350393096	0.32824773462919277
0.22723053588883954	0.6542741869790156	0.7213123954380783
-0.23931415649396892	0.7554911525646054	-0.6098867541586586
-0.5883537886599992	0.18426150812798095	0.7873293567445752
0.5255625766990619	-0.6528293538921008	0.5455252630907794
0.6145110229628652	0.7347527007906969	0.2872536707126805
0.29103744234164075	-0.10650411495026163	0.9507649975960923
0.7481509941193685	-0.5940648200697021	-0.29556231078023637
0.5962946395477966	0.7973354771074808	-0.09321394634039137
-0.2193922510596411	0.23554647987958727	0.9467760537694848
0.8277843396024818	0.5585509016705739	0.0528580869108235
-0.5163720822080397	0.7953230450950884	-0.31752342694171287
0.9521571807477986	0.14463617789707944	0.2692156741234213
0.1950855805478755	0.39042149416731553	-0.8997292221298911
-0.23524098157570714	0.9092037356585625	0.3435261964564168
0.9975591641902389	-0.034777217298500425	0.06054964159303318
0.04053384495812718	0.9944976627464356	-0.09659920395524678
-0.05685702553759209	0.09881773094364059	0.9934799115725329
0.8913485067886173	0.1961467683929274	0.4086860466112263
0.386796812026305	-0.7992298515189495	-0.46002159802262
0.23640233850786974	0.5681180244368321	-0.7882612794359505
0.8424619732963295	-0.5379968347052293	0.028587224363495492
0.5385407322671307	0.8424384821577526	-0.01647068513828302
-0.015221801432063545	0.029271310645342063	0.9994555953789377
