-0.17803506865129481	-0.6983149315053141	0.6932963080581471
0.8569322416336915	0.23630324701277527	0.4580697640096712
-0.48370512461517845	0.6756604412631745	0.5563383148166833
0.7884689796906833	0.2054036312132657	0.5797637590863519
0.2707727128937677	0.7304239221851803	-0.6270271380504729
-0.5522669698775059	0.651375653662326	0.5202989062051693
0.9538613127231609	-0.04919422780635972	0.29619001340454437
0.15782327682224873	0.9213590614694026	-0.35523132342363817
-0.25542202211856363	0.3855870949587882	0.8866127580957238
-0.6139996404632895	0.2869587866027419	0.7352952443083206
0.746752120632387	-0.09055902866397947	0.6589084402695636
0.2556671896078645	0.9536528284018867	-0.15868387138930595
0.5576820483881293	-0.5549044222621061	0.6173101449511248
0.7285294478245147	0.6836226665180278	-0.0436450853509214
-0.39778835648888483	0.47406869963829057	0.7855083013343221
0.23238566623125778	0.7919175942755645	0.5646799323573103
0.9518207203428992	-0.06572914572111088	-0.2995279548367684
-0.20008552785291286	0.6070800633191432	-0.7690380863547954
0.9469468138674162	0.0980236341266433	0.3060769492447202
0.18929319174967743	-0.9397484620220993	-0.28467686187029656
0.2597302817608469	0.3275121299733889	-0.9084470185193665
-0.9956034378463237	-0.07388849340806714	0.05756982795239257
0.08908891700364618	-0.557135826755659	0.8256287515659845
-0.02893025087515666	0.827127657068227	0.5612689903220434
-0.9874064087347845	0.018939333793181946	0.15706650064525662
0.02603985919638894	0.9987238666981978	0.043273130467216474
-0.15604649859099112	0.04681815591061802	-0.986639524119433
-0.8695370126809547	0.2617408728614935	0.41880436847242275
0.4902153119360786	0.3544869972119188	0.7962586996391878
0.059952744068095615	0.8976807251363821	-0.43654894822611223
0.8862563053661635	-0.017342967694694594	0.4628703735067285
0.45596680616948393	0.20851736613554195	-0.8652252768449941
-0.08151093712084162	0.9778648830443996	0.19270764810521934
0.22510112735189414	-0.34764230142921715	0.9102056430949567
0.645961391758778	0.7526131257959983	0.12770028675237766
-0.7294267357466196	0.5592122254891914	0.39397756794195393
-0.48302466295085633	0.7753077719727456	0.40692140973395485
0.8362192599416663	0.27063960087687244	0.47696074863642524
0.25966232742510764	0.5706593249530446	-0.7790528933007772
-0.8230197505384123	-0.5417189567064041	0.1708187992248349
0.5610196794776429	-0.8223021955922116	0.09526813928607347
0.08885611662959482	0.17424026821935562	0.9806859433418809
-0.0008241891519031874	0.4866124714356177	0.87361754982118
0.5404496021984917	0.735258079084226	-0.4090351875143091
-0.8413759850362583	0.4718091349101817	-0.2635955083448349
0.7027523599129455	-0.6995131822755531	0.12969359451998663
0.7082166638175835	0.6705320411615265	-0.2209432933285117
0.0675890355596062	0.24711958562300512	0.9666248665711206
-0.15888694140404747	0.9335358377806116	0.3213499329866403
0.9650761771606757	0.21551991311230823	-0.14892662397636902
-0.20828565031754454	0.2864646690803503	-0.9351764973738823
0.058344073232457605	0.8658215936939522	0.49693957078493045
0.9277013301366304	-0.2308887950789198	0.29336088077610445
0.36873596404659625	0.44389563210316674	-0.816694836899535
0.9401000778568844	-0.0044140743637012085	0.3408700039032352
0.0453054862183391	-0.9894285763544874	-0.13776249566428522
0.3378746165843177	0.14495381416383646	-0.9299618998794286
0.8156901202800695	-0.14684708986207465	0.5595404899348444
0.5640047540034845	-0.01321340981755359	-0.8256658181506985
0.12864006039704284	0.9890709468991762	0.07204440895039688
0.17247495351070685	-0.6933627299763301	0.6996431340985564
0.9840042308175561	0.08913074673581833	-0.15424455815186944
0.044587712933380375	0.7150551270119574	0.6976446811875541
-0.46310072039169814	-0.3928569256670432	0.7944816918772448
0.8460202491254191	0.07124076908777399	0.5283696536417911
-0.26417316450096523	0.9168359661221966	0.2993732626376715
-0.24447944043077507	-0.17484626050715574	0.9537602363242657
0.8899519995367957	-0.4309880112898119	0.14911328795554163
0.38498732670974306	0.8852559625956307	0.2609724869823804
0.13793253879912015	0.633437908238561	0.7614007034057598
0.7664765020569124	-0.5551466353700181	0.3229953328330743
0.6272865266646729	0.5390441815321865	-0.5620880569993161
-0.14493484325805106	-0.44386847832737364	0.8842933139841702
0.9226061162302166	-0.38352654891190063	-0.041295769448260744
0.357479853284574	0.8098692241510783	0.4651021331584816
0.9382989910373629	0.045727208076021916	0.34278860228986474
0.14863768819034529	0.8416681009203594	-0.5191354789865025
-0.3122528479737159	0.5380556015270986	0.7829395433860877
-0.07219432347675969	0.01997894766514452	0.9971904639074355
0.8629941948768303	0.5024878799711758	0.05241135459959778
-0.5000289984257159	0.8643533838264686	-0.053518488404558084
0.9211909403863225	0.06530360060597698	0.3835918287686244
0.1480752022946346	0.8528116276557238	-0.500785445276316
-0.3598346645552172	0.5181194529093557	0.7759325013822685
-0.9603405290387672	-0.2217844610244185	0.16899029893354667
0.23875296406008045	-0.9671283186809276	0.08752049678748643
0.14402461747238626	0.12439641495441374	0.9817242186624623
0.1862375350023393	-0.11517915288859595	0.9757301590583936
0.26965225359695544	-0.9489777563746666	-0.16348969397545338
0.9447768216284393	0.2935557538968869	-0.14567695997547037
-0.3423854377851008	-0.2389862987278053	0.9086571196073295
0.8563777019441996	-0.4772215293794122	0.1971721164605839
0.3865093059752588	0.8456625573579326	0.3680562395577136
0.6237488298181307	0.19134337885156866	0.757842403584134
0.5187203542665939	-0.8266231180567434	-0.21822789639201987
0.5846935875910149	0.5292276750736038	-0.6148589078529609
-0.3472470259376643	0.09895850907912002	0.9325377828583057
0.7989684998767113	0.5518634669691574	0.238947797708075
-0.4909876161189856	0.8280422255571387	-0.27069767917766874
0.7400587036893858	-0.30664885815171217	0.5985646104539066
0.49013650024963373	-0.36351085419465035	-0.792228546573346
0.46052071203869493	0.8796739945439597	-0.11871957339228767
-0.99253344232673	0.00629757035506804	0.121810124664063
0.11561304560379379	-0.2696909560982499	0.9559813867879577
0.038871449024530866	0.962926336126723	0.26694921173192954
0.7183374463028427	0.27570621514174987	0.638731082828542
0.6236314447259815	-0.662115698388803	-0.41555580021952876
0.308342560130929	0.6968420803017847	-0.6475615652064177
-0.5072887568463897	-0.3934512361506205	0.7667165329825576
0.8495371466619567	-0.07890637875221596	0.5215941140711551
-0.14472302380307617	0.9159530054341001	0.37427975929447976
0.3752645955039907	-0.435521204165223	0.8182284302587514
0.8726807095041513	-0.131523535149086	-0.47024455229297213
0.31241776937389	0.8905182987588525	0.3307148272380326
0.7292332678477944	0.5625816867801448	0.3895133974122506
0.6622485558998952	-0.7234987898144487	-0.19487521993709422
0.1721792417004157	0.40006417839720987	-0.900168296426193
0.6056583264301467	0.7407773329800521	0.2905631335334798
0.7945099485021424	-0.5428045094516323	-0.2722447543114389
-0.043953763854267636	0.3957426025359587	-0.9173090314507479
0.4845428150190162	0.798577010039775	0.35706164656734096
0.8443593645890931	-0.3202777950038387	-0.42951064882978396
-0.22863841287970477	0.509604643879363	-0.8294742811518856
0.6336517908794354	-0.03947817711900253	0.7726104331722714
0.6976176531071205	-0.40251623798573766	-0.5927143394849852
0.33438752666419486	0.9145611798502982	-0.22751446178700996
-0.1812487519261845	-0.3334085947450948	0.9251959786311772
0.5843800691327483	0.7201550711284653	0.37400081327232343
-0.7909796613855535	0.6084532705788146	0.06431012981124407
0.8907027826823104	0.33118582993929047	0.3113912313624331
0.4429134486781272	-0.47802050646207417	-0.7585012013054361
-0.10235345574057053	0.813518494841491	-0.5724608533767155
-0.23922291705507903	0.6306124676985438	0.7383090894326115
0.7906277420307619	0.5679056359876176	-0.2288907209670995
-0.5636312353720275	0.5289717423423038	-0.6344357542859242
0.10350232132551074	-0.034955891674736006	0.9940147660459853
0.8760113744645803	-0.4701007119314	-0.10774689067563686
0.47105343782728903	0.8819202947425662	-0.018034756230054683
0.008960938570293342	-0.7234952491465326	0.690271197459619
0.9686031883974829	0.1777920259586877	0.17377531162894094
-0.24845032703977193	0.667041692825795	0.7023729885366665
0.11142670589651549	-0.5226209296357239	0.8452523014578213
0.9924216843495516	0.014184249642860136	-0.12205739426543699
0.051800479204836825	0.8524471660864157	0.520240847478731
-0.38659908518757535	0.31475821942378823	0.866872776500275
0.551512865638127	0.8322686624035653	-0.056235510281329615
-0.7391716352564881	0.45635089228152775	-0.4953475110930732
-0.08976131118447173	0.9528763407928355	0.28977506133499553
0.9957939785802098	0.08049865925248723	0.043752920839054354
0.01836461918584234	0.29248358076276343	-0.9560941876961446
0.4658539249836443	-0.09757617688666867	0.8794651842350069
0.2376129953354548	0.9711910536104295	-0.018110820930512736
-0.8523615342242082	0.2174093537344829	0.475618531896843
-0.8041554989121327	0.3498872672072578	0.48053390495949005
0.40937560815223384	-0.2601449340314368	0.8744919809510938
0.4309820704151948	0.8999463948169448	0.06596166641781953
-0.7024807258354551	0.11859424981679674	0.7017522595190443
0.3372822128793088	-0.812787784669899	0.4749912904113452
0.6267069001574256	0.5703607814373193	0.5309680219121311
0.07319081270541816	-0.27508392524002345	0.9586302410262578
0.6715130250090652	-0.6970786218281027	-0.2512999248575437
0.7373692169996621	0.6621255387498459	0.13370268791812423
-0.8921456392413141	-0.4338049500711955	0.1260532573019627
0.45171357004552487	-0.853205896490363	0.26075764385881867
-0.005568574273005909	0.2895737617392214	0.9571395026289338
0.4887833534250141	0.5505690616362009	0.6767307749641884
0.8685412836200415	-0.23417506577100333	-0.4368043923986992
-0.08201751070502178	0.8012713316599935	-0.5926528334510619
-0.5938035200526424	0.15537766196848868	0.7894651111571033
0.4649313246954845	-0.7345321635672475	0.4942685140711682
0.6566858022601018	0.6605454434377885	0.36392784211101803
-0.348056240550235	-0.8975172228571491	0.27077608478007753
0.9372229324552321	-0.33981213781118	0.0783638046307808
0.021680135932520883	0.28105256745133345	0.9594474587151508
0.6474494213197075	-0.3731033665949762	0.6645322600658831
0.5311339595911975	-0.4044181221512604	-0.7445419393456785
0.5465399928658029	0.8350088983424921	-0.06367241072164043
0.752451306572652	0.48966995908359406	0.4405001275915594
0.5656877163010519	-0.8230153803812241	-0.05141100351140382
0.33736395608186937	0.28786978797195817	-0.8962792791924681
-0.6820640406866627	0.39916663224079546	0.6127435386095261
0.6325834992204127	-0.0983556772983083	0.7682215027303317
0.36691519580993176	0.9115877140729424	-0.18542135431235218
-0.9013170175837395	0.0965534045444045	0.42226185464097743
0.18646555194505157	-0.7934059628636734	0.5794286634523659
0.39097088350896503	0.6009862046363895	0.6971064123108947
0.5766457294562815	-0.1676363317682131	0.7996110072848739
0.3581498791597937	-0.8277999064496748	-0.4318286453441168
0.7343080870844731	0.5353927298284946	-0.4173083489329379
-0.45067499962478874	-0.423748603958791	0.7857029752751178
0.47266705144415644	-0.8599236202194205	-0.19265831377807904
0.7572832384202649	0.2845496231445427	0.5878380804065138
0.7705817339750772	0.1178021724090326	0.6263596725841118
0.20246800034763449	0.8866152179659373	-0.4158367036547444
-0.6043264846911756	0.4472539585592575	0.659358321744619
-0.6440496252907328	-0.043207495855662886	0.7637625236058323
0.5158660352400695	-0.7617647217185815	0.39191420289484746
0.5648737149563237	0.6464113404380334	0.5129035631622643
-0.5826688948918997	0.36982438793795536	0.7236897684863104
0.5388273296579368	0.8424096267629084	0.003336098151227068
-0.6084094573058099	0.39188766607727543	-0.6901173736672308
0.5858476279973136	0.07103659692197797	0.8073019005723112
0.5289982599224153	-0.7881815672369292	-0.314532443584117
0.6139571628126659	0.6113293866367651	-0.4993325377594966
0.9134040370768158	0.37887406979417737	0.1488203759213494
0.39559403501764656	-0.9123762536111335	-0.10523749951880293
0.09590841730646961	0.15499680991591366	-0.9832484754148663
0.6756115673913071	0.31114282890737577	0.6683854801135172
0.7356424723632203	-0.2245226003613947	-0.6390772682409273
-0.048776663091993744	0.9234607419627935	-0.3805799458604424
0.22831373031142088	-0.19153053546010002	0.9545621480750486
0.7914459910727694	0.6075113038955502	-0.06740370059551803
-0.5669974283593582	0.7708735756435654	0.2902892464566653
-0.2737202863560897	-0.23503137538505822	0.9326507692709786
0.3316938507090807	0.8871288971452456	0.3209073219040701
-0.9028047376032772	0.39719336907162517	-0.16486671382243712
-0.18384768771799997	0.051974794108332514	0.981579669969861
0.0998822705629419	-0.9924443846510043	0.0712578094097801
0.9778668415218589	0.11114298966685088	0.17726724485921874
0.5586285365026116	-0.3665528515185986	0.7440249762262922
0.8222357606168144	0.12694682057802953	-0.554808848801115
0.10891516041322791	0.9216959974897981	0.37230897926782136
0.1977738453725747	0.32677667023221446	0.9241766681097783
0.8909097964682265	0.3333173800846023	-0.3085113590947342
-0.4088584604034606	0.8843735251156513	-0.22520707677830298
-0.4790854357890637	-0.14542071062091752	0.8656384708048219
0.603089163342577	-0.7710827579127106	0.20424211492363378
0.6377778659326094	0.6199066037494969	0.45711617380509606
0.17000509060151325	0.4819329687115358	0.8595573761177651
0.787848971971136	0.45747850798617207	-0.41231955094898187
-0.5919394112015142	0.7472978177404452	-0.30191671875994697
0.2305868342857339	0.3507095489625671	0.9076522043825799
0.5354677325148086	0.7331154594201394	-0.41930422200908907
-0.8124678573885451	0.5827045009485261	-0.018746874000655778
0.2661806454827156	0.25684141642685543	0.9290749973916267
0.7751603698670212	-0.6299431982594283	-0.04793712501084085
0.572952236192536	0.7329420534902664	-0.3667719744847515
0.9463278669270015	0.2693559922065773	0.17863627218401493
0.3162176414068169	-0.8859243870774995	-0.3393293144490564
0.06685784576622955	0.3776047269881127	-0.9235500520360183
0.7349286003179153	0.0010654914485841993	0.6781436552550816
0.5957154992908353	-0.47884947916744425	-0.6448458887251574
0.3240416583395115	0.8778963726027351	-0.35255490725777605
0.6057097035841774	0.019006179417851904	0.7954586853683253
0.370095108858996	-0.8917208545897992	-0.2605062914562448
0.7043758693926246	0.4521865573339996	-0.54715806855406
-0.7507149918055385	-0.20076148798431692	0.6293820985861709
0.5244878894741939	0.3981339732875223	0.7525967001716098
-0.4016708290046904	0.8950889141625056	-0.19358817337345524
-0.7815636817248977	-0.3681905076129773	0.503581136970321
0.40055794721037724	-0.9150466104902517	-0.047360654101378775
0.4782379557659887	0.16469805929032666	0.8626488317564502
0.031059984904653004	-0.9101888403656619	0.4130273020171113
0.9715501160201316	-0.06957502923681957	-0.22638393796372658
0.23478852058606153	0.40830820489001574	0.8821330740996517
-0.6216345300180912	-0.5676658734087127	0.5397462063380436
0.6443477492871604	0.02123358074919035	0.7644377757784724
-0.44540598231024825	0.8229851707143274	0.35257470088841014
0.9950525984275104	0.0017659501754936635	0.09933381993378464
0.09865987158920525	-0.13516816000052612	-0.9858984725924237
0.01168572208557972	0.9908210988579372	-0.1346736572507361
-0.4478259490213974	0.8691462725720117	0.20984917502163777
0.8935888398213981	0.4269639782749731	0.13856675864815365
0.03083674317646881	0.24957267103949127	-0.9678649581116576
0.11071013146152242	0.01647353144760333	0.9937162017162735
0.9861194934946572	0.12266757006332796	-0.11189732706637623
-0.12374009593342605	0.9923110853035976	-0.0026643276794025006
0.3719082266420106	0.3454870186052516	0.8615816797792588
0.8444387204374686	0.25953265437426365	-0.4685787540418149
-0.38549645702901797	0.9018212246829764	-0.19522028667474833
0.4317799975071982	0.21445524049349418	0.8761135677396861
0.449969945254308	0.790609817657446	-0.4152868461575626
-0.7817244285043925	0.5735373275110676	0.24487109227294135
-0.43968962598718186	-0.19060283166756165	0.8776921973901555
0.886453390257731	-0.2492905547516635	0.3899417984932919
0.1444763638102351	0.9494865875155453	0.2785709971053294
-0.778011266710285	-0.6119922271786309	0.14199993924222956
0.6205983621774531	-0.7838161287679855	0.022134794912797483
0.09775552022530837	0.10534604955150345	0.9896191530631223
-0.6142147617488765	-0.7357583781210477	0.28530656402273064
0.7429240279500502	-0.6610378487582822	-0.105322605377458
0.2660904266302046	0.14727040277566958	0.9526317826537427
0.02688125183577339	-0.7261731256289866	0.6869861642813264
0.8406101716357671	-0.35548885626448623	-0.40865904176251033
0.5409731394831241	0.588472824084507	0.6008725303022074
0.9923515525164208	-0.07860550446307767	0.0951817781214159
0.11076989079110332	0.2267109939873636	-0.9676425768326797
0.054483277364494286	0.970784888568712	0.23368413000085597
-0.7563453065790151	-0.01817509472325208	0.6539200586827847
0.11223715302816381	0.9811860608291949	0.15708830483081787
-0.6444723412963727	0.19220712777180826	-0.7400755511011587
0.7172986144292323	0.37264834657308094	0.5887409511272786
0.5797956721900459	-0.7878348335992489	-0.2077336118141151
0.38641904229423873	0.49035648742929216	-0.7811727331316747
0.05381561296092119	0.8702391590747127	0.48968120835353385
0.9111619837137026	0.15782918593223627	-0.38062289408662475
-0.40851893375527987	0.4666623555429603	-0.784435164103793
-0.37852874751820753	0.8463399191051736	0.37473287636841324
0.9164565288327432	0.3994374418891262	0.0236042533648054
-0.1297051196450457	0.3523612795783878	-0.9268322990658797
-0.9713706824513799	0.14958601546047015	0.184561700394747
0.23120007264290712	0.4165511901195196	0.8792221746634501
0.05463994586248096	0.8967213223675858	-0.439209911463156
0.5954628170749657	-0.7328945603047741	0.32907384726960265
0.7978042033356436	0.49125769687659737	-0.3495344452260465
0.09451183323333032	0.47067126397855763	0.8772320529048754
-0.6480933518278511	-0.19182879904922268	0.7370052368686899
0.3693366780472863	0.7671600755924048	0.5244576595551359
-0.6660070762128101	0.6121005883614136	-0.42634193338454907
-0.8081722750638911	0.41772082656065834	0.4151709104399476
0.4609182111543998	0.009775216242974949	0.8873887805092148
0.3666223894476205	0.908522842973628	-0.20043519489060246
-0.9742321333222306	-0.13639853247684547	0.1796307065637138
0.19134221615628716	-0.07815168536573491	0.9784071087185007
-0.11941485133272492	0.987566582268081	0.1022366806411722
-0.6026463797548087	0.49281288053886263	0.6276565985819088
0.6566661930454	0.7531648983266942	0.039142647327460256
-0.4534389174736596	0.43575004383652	-0.7775056574821733
0.9330083827056767	-0.35414140360473967	0.06386880344739869
0.35966167911520663	0.9118917086228204	-0.19772958382847866
0.011782800047855011	0.2074545203118459	0.9781737001295906
0.9980400371331422	0.014565641272045932	0.060859891337483416
0.050336793935031474	0.390944144124558	-0.9190369325283174
-0.037179180405415	0.9202991460764542	0.3894447204358158
-0.8455958294121284	0.4035016745367317	0.3495054962756218
0.525417211978393	0.5133616455953742	0.678525293698372
0.09436337551013957	0.7573943619262445	-0.6461031913592981
-0.3407150376811716	0.41043303288161304	0.8458474972579385
0.7685435023698719	-0.39661998599475634	0.5020293533993502
0.541529452627434	0.8211195480739205	-0.18030124710581408
0.4160186885796703	0.2579279876623988	0.8720100939397873
0.3838238157066571	0.8195208582657998	-0.4255171457928211
-0.8243832417321652	0.5117213265515834	0.24193708831730232
0.19833400781343258	0.39139824144815477	0.8985939227125637
0.9472600506280375	-0.3119987931948427	-0.07317888718154608
0.25171813170454954	0.8657159867047931	-0.4326358890971913
0.047220541743962174	-0.5922543117642418	0.8043662416051975
0.9983288202357168	0.05483833842892005	-0.018229737384756806
-0.03331346760949222	0.8038828190943128	0.5938540443920642
-0.9980669642863789	0.025724254661724587	0.05657382364902009
0.05621483060044532	-0.014471338236472508	0.9983138149851523
0.026499577746351373	0.9995643266402339	0.012997280004706013
-0.6173984968638391	-0.12525958963500486	0.7766138881546879
0.3203082616230738	0.8616652546932693	0.3936186052391172
-0.7184857087000941	0.4917753796794362	-0.4918691516398135
-0.8174448895209898	-0.020288108015842132	0.5756494117682691
0.57034379965922	-0.16830198608171032	0.8039790990263584
0.08057172448384192	0.9855266785602961	0.1491487950323791
-0.9446555229410902	-0.03491521067553764	0.32620066069886816
0.22509728216998026	0.6543563303051184	0.7219065081776912
-0.23865698509908223	0.7553798521625406	-0.6102820023647386
-0.5889637256544502	0.1853875951270786	0.7866086507509489
0.525058623126053	-0.6521442745316406	0.5468283894208256
0.6143575279462306	0.7350777406292474	0.28674996615029924
0.29040696333576776	-0.10602010547371532	0.9510118468670307
0.7491860369146525	-0.5930913411534662	-0.2948948001252317
0.595301669524129	0.7981243000210717	-0.0928090727119899
-0.21778921277304586	0.2361048757724783	0.9470070466665808
0.8281076752603541	0.5582193994614659	0.05127163192031431
-0.5165322225907971	0.7953902122237506	-0.3170944233569368
0.9523003947743449	0.14565073590589545	0.26816006645788604
0.19351801514407824	0.39122172335133676	-0.8997201459302255
-0.23595494469776016	0.9086976539576193	0.34437456027499436
0.9973981226799298	-0.03697844179947229	0.061883598122886
0.04305823228541498	0.9940566680563089	-0.09998664573454047
-0.05781845299735255	0.10239109109132635	0.993062480893383
0.8918094692031087	0.19185052589126847	0.4097184964764382
0.3848199181064791	-0.7978786360348127	-0.4640078800922985
0.2378854793134548	0.5714744595119452	-0.7853836265528695
0.8411895781135241	-0.5399598843816733	0.029041641339999657
0.5405265061419353	0.8411535556231846	-0.01708192086582723
-0.015204927858545016	0.03006691073263102	0.9994322343449867
