-0.17854299145294705	-0.6981734695067043	0.6933081614116511
0.8570158855513381	0.23581072919757562	0.458167078594658
-0.48336960197729517	0.6759786287097239	0.5562434012301023
0.7884557458572014	0.20497887636009487	0.5799320624615588
0.27124264715643226	0.7303456112632765	-0.6269152370712026
-0.5520552175175374	0.6515972286271818	0.5202461806270571
0.9539459267060908	-0.04899928569765475	0.2959497236389609
0.15761882784628142	0.9212804853425933	-0.3555257690172121
-0.25523219630215543	0.3857996077344239	0.8865749763233466
-0.6140420226353367	0.285744347530155	0.7357326703990188
0.7470349743332158	-0.0904476630154849	0.6586030423388654
0.2547373972562271	0.9540279807791823	-0.15792235538238342
0.5571207640501635	-0.5553523700028505	0.6174141230943613
0.7293355097469233	0.6827397989256954	-0.04400092254824378
-0.3970971776358497	0.47481587178096524	0.7854067222901294
0.23256041301296482	0.7913940766609896	0.5653415513874237
0.9518906129868697	-0.06594567737726909	-0.29925813028677173
-0.19954928014583398	0.6077389102741019	-0.7686569467142845
0.9469541110254285	0.09741907552061155	0.3062473433954161
0.18886400744188395	-0.9397185010048112	-0.28506056472662333
0.2600159577891951	0.32777837420119527	-0.9082692547372653
-0.99557464275505	-0.07404975228882184	0.057859872875067775
0.08942760658261216	-0.5573481970266962	0.8254487812408452
-0.028876181950881583	0.8269701454448372	0.5615038242602488
-0.9873840062943893	0.01790411996441104	0.15732853079572545
0.025013687990977425	0.9987478028286846	0.04332599402166175
-0.15635581065995463	0.046714760335198294	-0.986595454905248
-0.8691396570886891	0.26245926670545733	0.4191794243473665
0.49085684156281034	0.3541599707314018	0.7960089674259422
0.060463357223511816	0.8976000492713702	-0.4366444022099629
0.8863170886199137	-0.016986472593436885	0.4627671965137034
0.45578922640247077	0.2086164244776445	-0.865294960423092
-0.08184252877176629	0.9778500126230993	0.19264255318399126
0.22560520038421517	-0.3473775254314567	0.9101819314756341
0.6453213826589353	0.7531946291717072	0.12750750436760375
-0.7298373836977372	0.558593506417692	0.3940947702586648
-0.48363551511970715	0.7749230233525689	0.4069287362585854
0.8358130299042402	0.2708700883226647	0.4775415943081456
0.2598331533064807	0.5710724149616979	-0.7786931547873175
-0.8225899264797973	-0.5425936793256791	0.17011146936577637
0.561762147189514	-0.8218029057286587	0.09520122961894989
0.08814251436729191	0.17387375676552008	0.9808153821536735
-0.0009351058930984202	0.4864349172303756	0.8737163137289164
0.5394826593015082	0.7359118452760045	-0.409135938650516
-0.8419961911374313	0.47097221497827624	-0.2631113582278706
0.7017216975064499	-0.7003628752452262	0.13068474366545707
0.7092569621604217	0.6693726821630421	-0.22112162716664566
0.06738858119619826	0.24785490786364242	0.9664505800982628
-0.1578812040882247	0.9337492169662058	0.32122566088444765
0.9651094623242411	0.21473290579698223	-0.14984493618470673
-0.20889531140709447	0.28636022590957355	-0.935072494456527
0.05741523708296592	0.865724352548585	0.49721709137462267
0.9277854184268336	-0.23018421088354324	0.29364850827897193
0.36867018852254907	0.4444508684480811	-0.8164225117122226
0.9402930448863309	-0.0035388804573418878	0.34034756656027537
0.04618962891623175	-0.9893689022789378	-0.13789740165772033
0.337217300740892	0.14538449548861285	-0.9301332380646059
0.8157732802165765	-0.14716349079682844	0.5593360906120566
0.5638241712154791	-0.013190644098041382	-0.8257895075995195
0.12890406990419287	0.9890242231031404	0.07221375822766996
0.17149149194491464	-0.6936952382253347	0.6995552763391919
0.9841713538193833	0.08841520828093485	-0.153588727665676
0.04469244356521063	0.7148214234395432	0.6978774377210053
-0.4623702705075381	-0.3932766262609042	0.7946994577748416
0.8462031590619574	0.07201056834656039	0.5279722451417015
-0.26486590294779316	0.9165958614805363	0.29949637756140524
-0.24375934817555178	-0.1750067272812415	0.9539151039706519
0.8903050501272731	-0.43045924759327914	0.14853199614662937
0.38462747938089953	0.88548149702167	0.26073783871421163
0.13733261267986951	0.6335099979427502	0.7614491683632582
0.7668130968991954	-0.5546077381919674	0.3231221613592221
0.627006720792039	0.5395139842897185	-0.5619494931374591
-0.14378923432048674	-0.4440200052030394	0.8844042577198625
0.92273960974887	-0.3830943090622507	-0.04231268089615425
0.3575979148345683	0.8099907316405599	0.46479968369434077
0.9381381255282472	0.046688380780071995	0.34309918759810815
0.1479319782464475	0.841846157942054	-0.5190483370268081
-0.31307025927487814	0.5376943755130207	0.7828612720649957
-0.07211388382765893	0.019951001115334266	0.9971968438145935
0.8633963890307328	0.5017978530942189	0.05239837820700355
-0.49934583523644455	0.8647548046611413	-0.05341221440353294
0.9211224949242018	0.06461605332893272	0.3838725244098699
0.1488382435573066	0.8527383446245681	-0.5006840249715655
-0.35969504667063396	0.5183262305335742	0.7758591316350325
-0.9604374058625409	-0.22105812274102718	0.16939095545585048
0.23810895299232052	-0.9672646922079895	0.08776754361769482
0.14444416196210164	0.12462873496106758	0.9816331099229845
0.18572037242654693	-0.1145649261159821	0.9759010303149516
0.2702237645842406	-0.9489296397049178	-0.16282400297073815
0.9447153329546765	0.293951384745052	-0.14527740046821003
-0.34271573242623377	-0.23885747521358025	0.908566471581548
0.8565220903167193	-0.47672009939279425	0.19775706216062655
0.38589614606397366	0.845981709831553	0.36796618198341835
0.6235473975166422	0.1915402957667208	0.7579584145240552
0.5193057786731868	-0.8262020882393804	-0.2184298917857206
0.5843886988014548	0.5298135752191365	-0.6146441443849102
-0.3477243333754225	0.09896730369140144	0.9323589763490628
0.7986535805345034	0.552190318493346	0.23924529349944296
-0.49116213848182133	0.8278232449999645	-0.2710506018434444
0.7395577459087059	-0.30720326469474885	0.5988994027608661
0.490167072727622	-0.36398368956828353	-0.7919924965186813
0.46129229484142487	0.8792849526115794	-0.11860603201686004
-0.9924862967440506	0.005052689376322798	0.12225146667973796
0.1163710137961983	-0.2696803832504471	0.9558923987761057
0.037798649755324716	0.9629366340626775	0.2670660982916322
0.7176850140801444	0.2762539787454228	0.6392276275256776
0.624133414862504	-0.6622949585201776	-0.4145152209157402
0.3088457560285593	0.6964546842014051	-0.6477385057544964
-0.5072537577351195	-0.39348790884500917	0.7667208689323527
0.849516103004978	-0.07864768107707021	0.5216674544155833
-0.14496901737556112	0.9159595012084218	0.37416864666508765
0.3752176224427137	-0.43532987743637697	0.8183517786500292
0.8727192405106992	-0.1316005761309218	-0.47015148155082775
0.3123665523881611	0.8906004638294541	0.3305419047199548
0.7291549267168196	0.5624033007245259	0.3899174530317253
0.6623484418719954	-0.7232683861392244	-0.19539033538356346
0.17212679743238465	0.40073104315203734	-0.8998816570304957
0.6056287208719167	0.7406103534811505	0.29105009323408804
0.7945940132647383	-0.5431627212058971	-0.2712832696205966
-0.04282763755897494	0.3955636012182235	-0.9174394971072408
0.48498793414572405	0.7981798328185765	0.3573452926998927
0.8443615336840413	-0.32100024017394846	-0.42896671927202046
-0.22768465949157898	0.50977230239586	-0.8296335911366093
0.6334308663024544	-0.03985231823035129	0.7727723664488715
0.6974921610472848	-0.40303500654034274	-0.5925094672497767
0.33506719160925114	0.9143164530044795	-0.2274981337778328
-0.18153481083637169	-0.33302435392162966	0.9252782782221164
0.5846992967324912	0.719975685160981	0.3738472217062823
-0.7906780918016719	0.6088758432324748	0.06401845572028331
0.8905654464537901	0.33165096792591536	0.3112889671292012
0.4430566687108682	-0.4776367624994007	-0.7586592854634542
-0.10292703188856381	0.8135543980477853	-0.5723069696620127
-0.2393989828235601	0.6305463051162261	0.7383085290901897
0.7903701735262147	0.5682189767135082	-0.2290025836159821
-0.56391764985961	0.5287140546712642	-0.6343960376372832
0.10297769301401627	-0.03431991698430248	0.9940914133215826
0.8759665475817825	-0.4703593607207337	-0.10697980790801459
0.47125173979430984	0.8818073571254514	-0.018373422660535876
0.008125680004698599	-0.7240946260410352	0.689652771953361
0.9685059762229364	0.17733555901445386	0.1747806440355679
-0.2488576849223628	0.666512619571096	0.7027309446776607
0.11080380890919717	-0.5230106946811086	0.8450930890620266
0.9925291077492064	0.014535356842328873	-0.12113915003841791
0.05107334140016939	0.8522021688840333	0.5207139110371177
-0.387092639756748	0.3142779369812224	0.866826780027578
0.5518305115788328	0.8321228665602556	-0.055268629783873174
-0.7386760959559988	0.4569473856740729	-0.4955367917610496
-0.08906693401155286	0.9527742514803869	0.2903244856738243
0.9958537101081156	0.07976890090414046	0.043729972701191305
0.018505926879874374	0.29301561078641236	-0.9559285446652293
0.46582005345188415	-0.09624145965674273	0.8796301832277149
0.23750649971077553	0.9711898897056053	-0.019515653428710186
-0.8524097256585117	0.21800866858167295	0.47525769854472333
-0.803949041113885	0.35044330040319266	0.4804741746385365
0.40852783013844546	-0.26168340421026204	0.874429418514326
0.4321700490483331	0.8992837645390059	0.06721428078998548
-0.7022991289666156	0.11809765102782908	0.7020177193450617
0.33783631865932234	-0.8127311753480273	0.4746942788912995
0.6266119654518653	0.5705444605279444	0.5308827208653782
0.07325397081731888	-0.2741594224785603	0.9588902266817187
0.6714999682854739	-0.6973175170441501	-0.2506712448925673
0.7373748357193262	0.662257420864126	0.1330167664555595
-0.8918946186265408	-0.43430347869299646	0.1261129559568691
0.4522091390469587	-0.8530230991247356	0.26049661595122486
-0.005557321965260667	0.28936496117324495	0.9572027138583451
0.48909075131754753	0.5506659947059118	0.6764297445043242
0.8683916973500756	-0.23471577462846582	-0.4368115899492752
-0.08176855721542076	0.8010464826806916	-0.592991092374751
-0.5936537429850135	0.15478349287900497	0.7896944369641076
0.4654995693589097	-0.7344264642488691	0.4938905947045099
0.6564186045250039	0.6608024205033453	0.36394337016954537
-0.3482595824130723	-0.8975366795798706	0.27044994373490466
0.9371589404772486	-0.3398825155733558	0.07882255953144453
0.021175068855452575	0.28090529438988515	0.9595018666176209
0.6474632183710267	-0.37349438854996464	0.6642991213138253
0.5308988729055545	-0.40431533109318885	-0.7447653991631307
0.5467520165525174	0.8348838570512029	-0.06349155558861797
0.7522685736676265	0.489265559149691	0.4412609270057965
0.5653983574879204	-0.823233078874849	-0.05110768235986454
0.33825536273950824	0.287934906664988	-0.8959223175598354
-0.681767258739685	0.39988968761359794	0.6126023527957389
0.6327814953523057	-0.09788149138975788	0.7681189964992514
0.36712529748067746	0.9113218154876004	-0.18631039843795172
-0.9014328660979092	0.09852995150170873	0.4215573941654679
0.1844025545927448	-0.7936130117602305	0.5798052133471429
0.3916816127649835	0.6003917356375977	0.6972196770028042
0.5767079375278574	-0.16806475027473639	0.7994762000881924
0.357772325454036	-0.8278191589761725	-0.4321046206316172
0.734443270737486	0.535228623811426	-0.4172809632865495
-0.45099043970363817	-0.42387035787376054	0.7854562642260166
0.47274059346631175	-0.8598951954219771	-0.192604735609796
0.7570495060331517	0.28445416609037427	0.5881852368164224
0.7699126048047299	0.11745916356942589	0.6272463039798376
0.20307465252541768	0.8867220712185411	-0.41531271822035676
-0.6049754263310839	0.4471323219221257	0.6588455207619248
-0.6445099428455487	-0.043526216585972166	0.7633560126460905
0.5157775828343867	-0.761759077571543	0.392041570222941
0.5644292857557487	0.6463966090621631	0.5134111463283519
-0.5824044585659878	0.36989792028546453	0.7238650255475442
0.5392971883475557	0.8421078848142787	0.003585104467454414
-0.6082463228683587	0.39246635384719236	-0.6899322950949685
0.5859957100523067	0.07148752593581845	0.8071546081364267
0.5296060260183181	-0.7876940179763476	-0.31473098234740393
0.6132915171477407	0.6119049498736328	-0.4994455398887545
0.9130704075476824	0.3797239916856877	0.14870144921619607
0.3964200588060709	-0.9120226376051082	-0.10519432243240406
0.09567427991315346	0.1549980600978899	-0.9832710885249247
0.6752270904334521	0.31155057380083695	0.6685840383296209
0.7359509395161498	-0.22380166076090502	-0.6389749848514864
-0.04944280503845999	0.9234982710352143	-0.3804028817252818
0.22827130196139178	-0.19210006630591925	0.9544578446563853
0.7914899013610365	0.607495774896077	-0.0670270059521661
-0.5669532156574718	0.7707440872356248	0.2907191140034926
-0.2730267438770415	-0.2341134825046673	0.9330848163149142
0.3328892088035151	0.8870226275616763	0.31996192407183305
-0.9025747458189101	0.39797202854361075	-0.164247047787208
-0.18258309087089186	0.05281844504889752	0.9817706589579097
0.10149624032592228	-0.9922084683922625	0.07225557729603173
0.9779375890759768	0.11283867738190119	0.17579961535500865
0.5585839765298535	-0.3673625765714633	0.743658979975951
0.8221106319662282	0.1262180114215561	-0.5551604474391857
0.11008201475347829	0.9214736843380628	0.3725160387154509
0.19783122557287658	0.3262226795298113	0.924360086518627
0.8908993493346278	0.33348342928451513	-0.30836204654233385
-0.4088534646342994	0.8845154412179754	-0.22465813740770635
-0.47938677234926486	-0.14495284716041523	0.8655501109679573
0.6025369730154454	-0.77143961197087	0.20452413361659247
0.6380732862657224	0.619572108137804	0.45715739540309186
0.16957175726464613	0.4821442914400934	0.8595244623452611
0.7875088136877127	0.4580684293416222	-0.41231442177623456
-0.5925160651850305	0.7467999707232383	-0.3020174104673754
0.23009045058282263	0.3508019339634305	0.9077424677066237
0.5353792857700087	0.7333005574879642	-0.419093441557174
-0.8126668474344141	0.5824159128280734	-0.019086633167038514
0.26563284135342735	0.25721728783638065	0.9291277955333173
0.7753627749634987	-0.6297394653804229	-0.04733680326429379
0.5729325970787558	0.7329853153921135	-0.3667161935667913
0.9461827517208554	0.2701410454351102	0.1782190110991974
0.31678961375733705	-0.8857374453067679	-0.33928383191204076
0.0662007625441527	0.3774824413832602	-0.9236473707459503
0.7346118224629428	0.0018563849012026012	0.6784850949967673
0.5963730071454283	-0.4786345539734562	-0.6443975481726707
0.32355016094261607	0.8780122536603514	-0.35271769983412793
0.6055389048505917	0.018993054219321986	0.7955890261961687
0.3708157252846196	-0.8912894055239533	-0.26095764691305706
0.7041436874629976	0.45303692950153646	-0.5467533337016177
-0.7508422552511784	-0.2007287949270955	0.6292407000635292
0.5243483749146981	0.3981447935676089	0.7526881858241972
-0.4016151011274843	0.8950914334536568	-0.19369211730020996
-0.7820026842175622	-0.3675116674981952	0.5033954470684296
0.3996410526800076	-0.9154398828912289	-0.04750631352682664
0.478287393613237	0.16402742168549075	0.862749195331915
0.03090746884297524	-0.909976361326415	0.4135066507286888
0.9713259754047637	-0.07022610645966454	-0.2271434425104537
0.2357341253906708	0.4086701797276786	0.8817131655632926
-0.621363715841861	-0.5678313095261228	0.5398840028719535
0.6446007400684771	0.021240368253082398	0.7642242685623408
-0.4454178022243459	0.8228708590528175	0.3528264882110066
0.9950927015987414	0.0014213726849501354	0.09893682289526264
0.09821743847670752	-0.13539041125940288	-0.9859121519273834
0.011993748537978327	0.990791308116245	-0.13486561369492045
-0.44712876571426974	0.869488995458177	0.20991606333952617
0.8939390418739943	0.42630169141314767	0.1383468731547429
0.030803510907667794	0.24951103116980552	-0.9678819086233308
0.11088676079276905	0.01585269981596732	0.9937066056887376
0.9861693996015151	0.12217644458789167	-0.11199478415287456
-0.12318295974068155	0.9923817855525194	-0.0020856972740470603
0.37240476816337187	0.34630081509085636	0.8610403208425225
0.8442569792296744	0.25888234745797456	-0.46926547198428514
-0.3854151549578332	0.9016959995708406	-0.19595785946670397
0.432331991681166	0.2137726126456376	0.8760081729365624
0.4501784903661895	0.7905882149419616	-0.4151019166499971
-0.7812991589529678	0.5738218752169881	0.24556074552306673
-0.4395409949704072	-0.1905364795028821	0.8777810454316455
0.8864817251319907	-0.24950846063036458	0.3897379620730776
0.14475449819412994	0.9494426670697467	0.278576304089296
-0.7779896290458423	-0.6120041968763668	0.14206688601791134
0.6206597057517347	-0.7837553914871092	0.02256138229494977
0.09753802721648118	0.10572771311535148	0.9895999110378471
-0.6146869639523631	-0.7353786446079674	0.2852686197281004
0.7424156979904603	-0.6615554558696843	-0.10565656717115253
0.26641859492979186	0.14684218693414822	0.95260616437856
0.02658606713529188	-0.7260539490263426	0.6871236017904865
0.8404215834515635	-0.3559557169397567	-0.4086405384279328
0.5412806509594119	0.588337650232549	0.600727946924228
0.9923728898500302	-0.07863800737455487	0.09493214043125318
0.11053454954496805	0.22671904042880153	-0.967667603086894
0.05457252832323904	0.9707803770695014	0.2336820460566159
-0.7562158945476596	-0.019092041552662198	0.6540435878309903
0.11187848847284623	0.9810815529760725	0.1579942727667342
-0.6446865320840154	0.19265118831559128	-0.7397734754572352
0.7171104253142346	0.37192240364957163	0.5894288452130271
0.5800189617449294	-0.787378990112513	-0.2088356529564161
0.38643323087174014	0.4916381307353241	-0.7803597288975799
0.05319957768281047	0.8700359937267326	0.49010934958875046
0.9109896686850592	0.15873029437464004	-0.38066063258081534
-0.40898365307608203	0.4667355388950765	-0.7841494170429932
-0.3783411935148764	0.8461747698462034	0.3752948176640114
0.9164643679098123	0.39943766477253606	0.023294083212936967
-0.1301960200674622	0.35275743909489393	-0.9266127484131683
-0.9714200849004544	0.14941270592045194	0.18444202872860177
0.23101744525354526	0.41659262861487933	0.8792505455058133
0.05453401361094774	0.8967309658382907	-0.43920338826813166
0.5957867459114229	-0.7326529725032185	0.32902549335648124
0.7975178969127719	0.49128965724025253	-0.3501423664633925
0.09488602373430507	0.4710139006132976	0.877007723984766
-0.6480150659898385	-0.19184735076350373	0.7370692425106415
0.36954838780634763	0.7670034742190368	0.5245375673921333
-0.6659658124257695	0.6122909966192158	-0.42613292778091294
-0.8077119377120776	0.4191980033566166	0.41457744711842065
0.46126482366371635	0.011355504700080066	0.8871898415578747
0.3672004740300338	0.9078238190832142	-0.20253326980347186
-0.9743179750401838	-0.13596176742102783	0.17949618746187093
0.19112957113643986	-0.07788476638754438	0.9784699536531302
-0.11905448563912809	0.9876478932111933	0.10187084217132292
-0.6032972571073039	0.49212434572877906	0.6275715480388077
0.6557888811053668	0.7539251041468029	0.03921582277351185
-0.45384288359009817	0.4352132416163985	-0.7775706214462912
0.9333162756932383	-0.35331656023206776	0.06393854699539984
0.35887879142615614	0.9123641282641741	-0.19697134441652972
0.011258001181598268	0.2067827500603792	0.9783221103945581
0.9980326774874657	0.0146707847086942	0.06095525197414462
0.050388867866469296	0.39081505921838	-0.9190889790892227
-0.03730598695029814	0.9203523007871308	0.3893069557219585
-0.8453695662287475	0.4035662353540503	0.34997798527390034
0.525783944571856	0.5129068119208282	0.6785851795579326
0.09434797361193636	0.7576680645027686	-0.6457844562297468
-0.3408736175748448	0.4101910524669141	0.8459009855281668
0.7678658238702134	-0.39764754870766805	0.5022534256119129
0.5423903146015395	0.8207433992929021	-0.17942413199894514
0.41534480798875995	0.25712057695583473	0.8725695957244206
0.3844363209962956	0.8197378905190009	-0.42454505761614
-0.8244376298881639	0.511780030631674	0.24162738808137962
0.1991889209887283	0.3910726034111392	0.8985466001363426
0.9470557643550102	-0.31243389714330183	-0.07396241692776595
0.25181174110294	0.8657062312222795	-0.43260093419411794
0.04711529795208158	-0.5922817344883193	0.8043522211633376
0.9983482636235499	0.05442489312394294	-0.018403139087957543
-0.03287694053177548	0.8038907127215462	0.5938676862579026
-0.9981426713791477	0.02257122082157019	0.05658398680477687
0.05633315112149434	-0.011598782113383166	0.9983446520807377
0.023190162932203134	0.9996779522646833	0.010305731369858573
-0.6182087470656503	-0.12523899030218363	0.7759723837609228
0.319917512368151	0.8616618336041031	0.3939437393717394
-0.7179629031723668	0.4917866202105386	-0.49262073631770975
-0.8172415510335855	-0.020833781732617462	0.5759185713301291
0.5707038118079115	-0.16812984274247622	0.8037596127993183
0.08008374649165209	0.9855446765713403	0.1492926121070729
-0.9448834464905032	-0.03520246561005019	0.32550892301625367
0.22438283986025298	0.6543830135199848	0.7221047104075359
-0.23842737620599738	0.7553434040431387	-0.6104168479359386
-0.5891677124766228	0.1857709198845894	0.7863654188100444
0.5248811358354747	-0.6519202531199528	0.5472657277923388
0.614313600548714	0.7351796711670214	0.28658271281363956
0.29019050087331555	-0.10584995131197272	0.9510968725687975
0.7495318295306364	-0.5927702604829335	-0.29466159370955136
0.5949718562447736	0.7983853744240614	-0.09267839112975662
-0.21725036587446556	0.23630069948808774	0.9470819700262758
0.8282016690875192	0.5581298958413711	0.05072489220045456
-0.5166084337755807	0.7953948697279489	-0.3169585577995977
0.9523464347401293	0.14599528639166806	0.2678089703299343
0.19299134225386275	0.39149708151177365	-0.8997134971660791
-0.2362003599760534	0.9085237539652876	0.34466502350543826
0.9973429684094647	-0.037726268295709096	0.06231959599257499
0.04391378786401174	0.9939062571783084	-0.10110356659011038
-0.058125576123012924	0.10357162073795351	0.9929221201977935
0.8919692400899261	0.19041781982390388	0.4100389355011438
0.38415559030680174	-0.7974151453861764	-0.46535316518186
0.2383597222045549	0.57259945843692	-0.7844198512456917
0.8407547415190588	-0.5406275980097718	0.029210698098558183
0.5412024410053461	0.8407145938107694	-0.017288423972354087
-0.01521126106131001	0.030344225542558372	0.9994237567284195
