-0.17871063372628626	-0.698126580926991	0.6933121853799618
0.8570438362756219	0.2356476557092193	0.4581986960486839
-0.48325808021709693	0.6760839144380959	0.5562123412357436
0.7884502731173888	0.20483613351037155	0.5799899354554665
0.27140072743609195	0.7303202827562468	-0.6268763273102566
-0.5519853367330287	0.6516705018668231	0.5202285507624201
0.9539746276743328	-0.04893562512292441	0.2958677311696001
0.1575516401032093	0.92125342667756	-0.35562565224635057
-0.25516639758088633	0.38587229549254	0.8865622827060211
-0.6140554534593963	0.2853404593474351	0.7358781980301969
0.7471299903329138	-0.09040800725760412	0.6585006983814435
0.2544261732249948	0.9541526159284496	-0.15767088474090984
0.5569329407279429	-0.5555026186259322	0.6174484109882037
0.7296051883022938	0.6824439179380397	-0.044119928283627124
-0.3968651770242635	0.4750654055697069	0.7853730907641221
0.2326188642535919	0.7912185423259643	0.5655631549817801
0.9519139982487506	-0.0660183166625703	-0.29916771517514784
-0.19936951605360026	0.607959538246269	-0.768529111956038
0.9469566145483108	0.09721648079701695	0.30630397650805186
0.188720006371839	-0.9397084795783053	-0.28518894193787153
0.26011137875574575	0.32786724336242073	-0.908209855359273
-0.9955614334135006	-0.07414417325611172	0.057966144186272474
0.08957230413715786	-0.5574463870164119	0.8253667838809053
-0.028883120177995582	0.8268954995490763	0.5616133885461306
-0.9873737920783183	0.01755778763385614	0.1574316321781848
0.024670008333248554	0.9987558842954816	0.043336754308416985
-0.15647487148331618	0.046673415115620794	-0.9865785356046044
-0.869007096849725	0.262699716329028	0.4193036187125746
0.4910702636176577	0.35404938537471586	0.7959265223035792
0.06063548313731887	0.8975733350297534	-0.4366754474758907
0.8863382287230218	-0.01686781693425904	0.46273104613372174
0.45572837553669787	0.20864911076108206	-0.8653191297488413
-0.08195237662703048	0.9778450927066525	0.19262082606691133
0.2257733201915506	-0.34728933174691656	0.9101738998369838
0.6451076900244204	0.7533885052990248	0.12744343197928099
-0.7299742982879877	0.5583868552697864	0.3941340428088884
-0.4838493889835003	0.7748167865754961	0.4068767823569142
0.8356491993797676	0.27093708182646914	0.47779023982006036
0.25996189019978894	0.5711847730219876	-0.7785677688625272
-0.82244561672723	-0.542885844954568	0.16987691683725115
0.5620105284350497	-0.8216356152568978	0.09517920817896597
0.08790548022917505	0.17375233837097964	0.9808581709178421
-0.0009736655949685868	0.48637705008319304	0.873748486194786
0.5391606113893774	0.7361291018268474	-0.40916962322468603
-0.8422024026928099	0.4706923736326836	-0.26295209126852015
0.7013751242642031	-0.7006479128951474	0.13101693485594756
0.7096063285095001	0.6689841662256029	-0.22117649938160786
0.06731859774713822	0.24809814085379397	0.9663930457646361
-0.15754540125386418	0.9338204468970408	0.3211834670414561
0.9651205584618165	0.21446959036454682	-0.15015026621093652
-0.2090974753030524	0.286325283141176	-0.9350380088830694
0.057098613329430004	0.8656886062134931	0.49731578039309743
0.9278141145703221	-0.2299452198223888	0.293745067507391
0.3686471445161956	0.44464416442023885	-0.8163276608611776
0.9403596664686567	-0.003239875365417696	0.34016643115771045
0.04648859177023042	-0.9893494498474908	-0.1379364959743715
0.3369903685777646	0.14552377570034217	-0.9301937014362862
0.8158018068806587	-0.14726918979447845	0.5592666605721553
0.5637626524731395	-0.01318336700191347	-0.8258316235837322
0.12899257175009216	0.9890085867027498	0.07226985444517353
0.17116154647166715	-0.6938058513160008	0.6995263866996775
0.9842271719028997	0.08817454311311324	-0.15336924083666187
0.044728057161557866	0.7147437936956662	0.6979546620491042
-0.4621263410914136	-0.39341595356134135	0.794772377698724
0.846264633189602	0.072265840871932	0.5278388190115817
-0.26509510648431667	0.9165159767982733	0.2995380590034856
-0.24351883875642377	-0.17506014267571618	0.9539667298271366
0.8904227901031863	-0.43028261988077654	0.14833786399093324
0.3845072561546534	0.8855567816209717	0.26065946460761125
0.13713723456834026	0.6335437825542934	0.7614562722059266
0.7669268500862579	-0.5544241397956149	0.3231672629284455
0.6269103488631516	0.5396629955802889	-0.5619139308555989
-0.14340673614582755	-0.44407083101508954	0.8844408431713049
0.9227842211308162	-0.38294920686306844	-0.04265191900653298
0.357636392527374	0.8100314821070319	0.46469905179103965
0.9380842353754079	0.04700697479768599	0.3432030181401469
0.14769818722340816	0.8419055010462637	-0.5190186632472468
-0.31334200617066227	0.5375736894867619	0.7828354332428593
-0.07208700035966831	0.0199416952486538	0.997198973710741
0.863530786302626	0.5015669938831172	0.0523940049492439
-0.4991172662678718	0.8648889405222284	-0.05337672784672742
0.9210995674532392	0.06438604694861488	0.38396617532770555
0.14909350621968495	0.8527135000155475	-0.5006503902868304
-0.3596480407851214	0.5183957212878649	0.7758344945346642
-0.9604694034010111	-0.220820694792313	0.16951916081064872
0.23789839139600263	-0.9673090048414785	0.08785012534870457
0.1445782850282184	0.12470569315002789	0.9816035908625591
0.185546973162234	-0.11435930086269203	0.9759581297660928
0.2704155612386123	-0.9489132279938972	-0.16260107619019187
0.9446945246958615	0.2940844029260963	-0.14514344272223245
-0.3428268032729467	-0.23881393948317803	0.9085360120909776
0.8565698723727688	-0.4765527905228659	0.19795325606861663
0.38569137493720335	0.846088257898308	0.36793589542970073
0.6234803325656413	0.19160604583113955	0.7579969644429934
0.5195018779828255	-0.8260607332527075	-0.21849820079423296
0.5842859519757042	0.5300101774295987	-0.6145723213299559
-0.3478843162052012	0.09896983722313174	0.932299025988157
0.7985479082043441	0.5522998544379261	0.2393451672591534
-0.49122066410209775	0.8277498668727603	-0.27116861369122636
0.7393900919052268	-0.30738824211854776	0.5990114862000974
0.4901777762074311	-0.364141108295702	-0.7919135059850386
0.4615496069814359	0.8791551181995401	-0.1185674425752492
-0.9924691608438261	0.0045456092487191554	0.12241038440634447
0.11666107772446724	-0.2696405750848445	0.9558682718931935
0.0373518101049585	0.9629503090525866	0.26707965961003266
0.7174665830266297	0.27643654196576684	0.6393938852586105
0.6243014858406953	-0.6623535329716592	-0.41416838621152796
0.3090135223856594	0.696326529457244	-0.6477962699466844
-0.5072412038369851	-0.39349998892248456	0.7667229746446955
0.8495097109167498	-0.07856157042244871	0.5216908382470394
-0.1450503781041131	0.9159617013668001	0.3741317273916911
0.37520217773436737	-0.4352662721852525	0.8183926918792358
0.8727324303810862	-0.13162480625723494	-0.47012021371014034
0.31234825241148834	0.8906279709708758	0.330485077635572
0.7291279771061271	0.562344864576617	0.39005210714138344
0.6623827720146417	-0.7231906037987188	-0.19556179053036926
0.17210885026437833	0.40095336868712184	-0.8997860522363763
0.605619340298407	0.7405540085265446	0.29121293774794554
0.794621432241826	-0.5432835606375985	-0.27096079451256866
-0.04244990080638093	0.39550313930005626	-0.9174831184961003
0.4851348015336101	0.7980471419089739	0.3574422801402526
0.8443628814983046	-0.32123892376369567	-0.4287853521367331
-0.22736655138525652	0.509829690337921	-0.8296855658387186
0.6333570104608417	-0.039977948094198246	0.7728264106293746
0.6974494976406063	-0.40320951321246223	-0.5924409562950854
0.3352955346272467	0.9142340248104677	-0.22749297206261554
-0.18163034330698102	-0.3328958604736246	0.9253057680949108
0.584806095081317	0.719915613741762	0.37379585370434965
-0.7905771622972229	0.6090171222308507	0.06392100815634327
0.8905189464190056	0.3318079459071539	0.3112547077582271
0.4431051825599389	-0.4775074715894114	-0.7587123379547818
-0.10312033386925841	0.8135662859344426	-0.5722552709530337
-0.23945721718889157	0.6305234620478782	0.7383091526882963
0.7902833730375826	0.5683243644094775	-0.22904062329400154
-0.5640145666882137	0.5286280172538355	-0.6343815791286704
0.10280194360855621	-0.03410679096857028	0.9941169383931296
0.8759511757057747	-0.47044637432632674	-0.10672275606862996
0.4713186800562588	0.8817692077256041	-0.01848691799587443
0.007847292794758487	-0.7242946010783197	0.6894459738402938
0.968472919832767	0.17718422813287826	0.1751169690565455
-0.24899522795906812	0.6663355612225375	0.7028501236422013
0.1105960410558956	-0.5231417521419494	0.8450391842208347
0.9925647075002438	0.014652028409723128	-0.12083302317014166
0.050831261323303734	0.8521197247038305	0.5208724965314929
-0.38726030632380914	0.31411783912267155	0.866809920507889
0.5519358946904557	0.8320744286627456	-0.05494463866303689
-0.7385094605340108	0.4571456314025858	-0.49560230870254784
-0.08883678141001194	0.9527403014180559	0.2905063584890033
0.9958733473820217	0.07952627115888511	0.043724686044503
0.018555383122872915	0.2931919000405623	-0.955873531126251
0.46580971724438647	-0.09579685116903322	0.8796841880054471
0.23747005244821093	0.971189292784685	-0.019983287282809292
-0.8524255284251807	0.2182070596623341	0.47513829313429357
-0.803943057210621	0.3509780215776232	0.4800937295282016
0.40899132403476707	-0.2597672284074959	0.8747840212931283
0.4317425825965383	0.8996307105779268	0.06529109401691646
-0.7022423537354769	0.11790560659270108	0.7021067899928499
0.33802616541093744	-0.8127230867800015	0.47457296142149
0.6265732105010828	0.5705956993781085	0.5308733933185698
0.07327337365788256	-0.27385157690511963	0.9589767080275579
0.6714956416506038	-0.697397288474698	-0.2504608258238874
0.7373768479936406	0.6623007895622042	0.13278948824453207
-0.8918104105544598	-0.43447064283402925	0.12613267674187742
0.452375236202173	-0.8529621539424466	0.2604077756383054
-0.005553134044276105	0.28929366473748996	0.9572242883697838
0.48919408194489966	0.5506984892715122	0.6763285622418744
0.8683413235232541	-0.23489708730214942	-0.4368142674396638
-0.08168534784139841	0.800970993414269	-0.5931045200105876
-0.593605728692481	0.15458111978117686	0.7897701667388219
0.4656928476143104	-0.734388642642124	0.49376461319046955
0.6563249275658696	0.6608918209249202	0.36394998350075447
-0.34832763052858384	-0.8975429960314717	0.2703413251524667
0.9371374187219402	-0.339906545706141	0.0789746707324433
0.02100762341439953	0.2808560315552585	0.9595199681598661
0.6474676669887329	-0.3736258567522542	0.6642208513516504
0.5308201541227029	-0.4042804979396928	-0.744840414426328
0.5468231745101128	0.8348419000935315	-0.06343041594459753
0.7522061698000897	0.4891341724392401	0.4415128984150499
0.5653035446643171	-0.8233046984910386	-0.05100270416888014
0.3385524782136987	0.28795335524136473	-0.8958041553267115
-0.6816687942247519	0.4001319053464178	0.6125537636028512
0.6328468704754968	-0.09772195041455611	0.7680854502830686
0.36719544320367326	0.911232615050087	-0.18660821996749655
-0.9015965780871054	0.09661094451021524	0.4216514387292733
0.1860983229460355	-0.793301167800047	0.5796901511702218
0.3905009917763271	0.6011152822611697	0.6972584835294435
0.5767283593031098	-0.16820746823300353	0.7994314524749362
0.35764673613156067	-0.8278254838578096	-0.4321964604320882
0.7344884013447626	0.5351740052601834	-0.4172715810881309
-0.45109695371131897	-0.4239100265308657	0.7853736866988661
0.47276464777293153	-0.8598862437945389	-0.19258565769302302
0.7569710206926707	0.2844221108485046	0.5883017394942642
0.7696887329495556	0.1173452396828697	0.6275423086089713
0.20327683428210663	0.8867575538329748	-0.41513801243008774
-0.605192352078868	0.4470918646586276	0.658673729202341
-0.6446649177318604	-0.04363162767965614	0.7632191198547098
0.5157468684944151	-0.7617572265414339	0.39208557159133994
0.5642803483056793	0.6463916837939107	0.5135810351230801
-0.5823155595320295	0.3699230581044738	0.7239236977814263
0.539454326258548	0.8420068766636568	0.003667360365381206
-0.6081920905502107	0.3926593316524485	-0.6898702995914645
0.5860444630363926	0.07163741552121264	0.8071059212035477
0.5298086786468582	-0.7875312330140056	-0.31479726977518363
0.6130698584785069	0.6120969185716268	-0.4994824430350506
0.9129616819100578	0.3800008368149294	0.14866180203371626
0.3966893243292649	-0.9119067588438143	-0.10518385398035299
0.09559574952449351	0.15500137804201083	-0.9832782034998677
0.6750977331767868	0.3116884684571579	0.6686503939207659
0.7360546333531253	-0.22356210772642848	-0.6389394030018131
-0.04966515256153281	0.9235097631426256	-0.3803460135209671
0.22825625879933098	-0.19229141758872526	0.9544229099516899
0.7915045115182634	0.607490773384936	-0.0668996898229553
-0.5669388755105511	0.7707003120369751	0.29086309573567604
-0.2727940182125086	-0.23380635024537538	0.9332298828329549
0.3332891402353639	0.8869866588724393	0.3196451407161993
-0.9024975194584447	0.39823266762941956	-0.16403953731985088
-0.18265303173611325	0.0533330021248018	0.9817298309015381
0.10156523756555241	-0.992161892167986	0.07279616918420494
0.9779173648708053	0.11300606450097435	0.17580459854663133
0.5585679958512382	-0.367632628122301	0.7435375207416376
0.822069298654799	0.12597457933024359	-0.5552769341254644
0.11047109223655815	0.9213992924364867	0.3725848650678174
0.19784922901374058	0.32604006978029154	0.9244206593733888
0.8908949128695037	0.3335409462827935	-0.30831265198823377
-0.40885442005915446	0.8845610832782782	-0.22447662049231543
-0.47948688200536504	-0.1447991867289947	0.8655203784472061
0.6023519144375619	-0.771559985458536	0.20461515098503302
0.6381727831537296	0.6194581376992682	0.4571729590428302
0.16942652666999358	0.48221308224276455	0.8595145114391465
0.7873959578756309	0.4582654175917624	-0.4123110628646349
-0.5927075649775859	0.7466346833314002	-0.30205031379715575
0.22992575495611678	0.3508342862220773	0.907771695317113
0.5353485202188462	0.733362150564471	-0.4190249610929471
-0.8127337258335915	0.5823188643093231	-0.01919976984624694
0.26544845681425033	0.25734394578720166	0.9291454193728808
0.7754308257625507	-0.6296708344445157	-0.047134644447105134
0.572925956151527	0.732999818428777	-0.3666975796910006
0.9461339427385641	0.27040324129551135	0.17808045792523397
0.31698110101932037	-0.885674036885896	-0.3392705144612785
0.06598139127480554	0.3774434891253558	-0.9236789856450773
0.7345060353294413	0.0021213495449250996	0.6785988387410737
0.5965928055092042	-0.4785621990015918	-0.6442478141999537
0.3233850777003828	0.8780510927974916	-0.35277240532367093
0.6054818935105604	0.018989961050942777	0.795632489287705
0.3710570787884079	-0.8911450886113985	-0.26110740189584075
0.7040655657762845	0.4533208713737616	-0.5466185751189343
-0.7508843453909533	-0.20071813152093718	0.6291938743547516
0.5243013882457143	0.39815005255344293	0.7527181344535997
-0.40159775165010075	0.8950914854529867	-0.19372784657645226
-0.7821497051762154	-0.3672851080786317	0.5033323832979828
0.39933500060531923	-0.9155709199910447	-0.04755468177059116
0.47830261967117566	0.16380335726236014	0.8627833239958166
0.030856386279438208	-0.9099058495982794	0.41366559960021765
0.9712509028020119	-0.07044356933556273	-0.2273969818303284
0.23604992529558455	0.40878973617998193	0.8815732439008399
-0.6212730536901627	-0.5678866640868327	0.5399301153953436
0.6446848982679889	0.021243609005592856	0.7641531855731614
-0.4454224676682724	0.8228325746035741	0.35290987442626276
0.9951059085646733	0.0013048426889416959	0.0988055065531935
0.09807069411977601	-0.13546613533208918	-0.9859163580816851
0.012098334370539608	0.9907811178881768	-0.1349311185076052
-0.4468393007074689	0.8696498715581558	0.2098660054466729
0.8940827315999853	0.42602683953719844	0.13826496681609074
0.030833559605863495	0.24941979250418211	-0.9679044677597071
0.11094781178094038	0.015645859112200733	0.9937030694093998
0.9861862140718226	0.12200870982864465	-0.11202957600845886
-0.12299322841403298	0.9924057042452905	-0.0018931311900585168
0.3725706362853908	0.3465722715137168	0.8608593274140215
0.8441961818731156	0.258665026147772	-0.46949463336530894
-0.385388021984016	0.9016540716182648	-0.19620399497831986
0.4325153001582932	0.21354451942788905	0.8759733177165236
0.4502482973829876	0.7905812111688244	-0.41503953938216004
-0.7811574654528384	0.5739164458082262	0.24579041356031572
-0.439490613323974	-0.19051555085797572	0.8778108142882493
0.8864915873349135	-0.24958116294431165	0.38966897321674243
0.14484704479050503	0.9494277581704924	0.27857901146857866
-0.777981782420291	-0.6120089270045891	0.14208947705174413
0.6206809303370028	-0.7837344720617603	0.022703744582472707
0.09746552692177494	0.10585532848546192	0.9895934117065937
-0.6148455933331327	-0.7352510511838073	0.2852556539175588
0.7422457085228176	-0.6617287458209846	-0.10576566141071991
0.26652617983659355	0.14670023410783278	0.9525979407779648
0.02648715739663865	-0.7260144643890262	0.6871691407440829
0.840359782028956	-0.3561102888674199	-0.4086329635638911
0.541381443384691	0.5882928349560942	0.6006810077720375
0.9923799499286219	-0.07864909839182811	0.0948491133422893
0.11045638269004819	0.22672241923543712	-0.9676757370829654
0.05460240381792293	0.970778689474683	0.23368207795875406
-0.7561722737371022	-0.019396839277799845	0.654085051852809
0.11175807262605264	0.981047005056035	0.1582937366843489
-0.6447585793412682	0.19279661951552793	-0.7396727910834722
0.7170487407447005	0.37168044166952724	0.5896564700542041
0.5800928557997783	-0.7872269878651557	-0.20920312671375574
0.3864367762603566	0.4920643442245123	-0.7800892891819524
0.05299374343443608	0.8699678978538699	0.49025250622564337
0.9109320885958885	0.15903126635763576	-0.3806728073910976
-0.409138598916233	0.46676001652284443	-0.7840540120759902
-0.37828019436538285	0.8461191976754752	0.37548155464136684
0.9164664135351113	0.3994389126230946	0.02319198017784918
-0.13035876423538933	0.35288930050015643	-0.92653965602101
-0.971431987018484	0.1493503459827257	0.18442984778001753
0.23098065647162566	0.41662358292435764	0.8792455439109191
0.054477802206560816	0.8967269731117221	-0.4392185159583233
0.5958961177529412	-0.7325714491980608	0.3290089492199655
0.7974214337959165	0.491301926987306	-0.35034479225674886
0.09500986143468229	0.4711278895994301	0.8769330863137448
-0.647988577243011	-0.19185214838360282	0.7370912812692704
0.369619745581171	0.7669517820362426	0.5245628729789618
-0.665951985836133	0.6123542415889907	-0.42606365178090844
-0.8078150152310177	0.41980929655302535	0.41375724246829176
0.46036847416087545	0.01099760021348195	0.8876598001421107
0.3680974995379595	0.9075457053599	-0.20215099187662533
-0.9743465934645075	-0.1358155882894782	0.17945150258967563
0.19105906441164588	-0.07779762420415715	0.9784906558441604
-0.11893338349788907	0.9876748734506571	0.10175064935405764
-0.6035154096849791	0.4918934253818298	0.6275428338678578
0.6554944555304322	0.7541798366799763	0.03924019258650943
-0.4539781592121298	0.4350329091132007	-0.7775925661597283
0.9334215028506054	-0.35303473107247335	0.06395917973757716
0.3586104434500114	0.9125244687687319	-0.1967171668841583
0.011083675595371253	0.2065564633579159	0.9783719024892152
0.9980301433579214	0.014704722723638892	0.06098855694790403
0.05040807241764182	0.3907718344509372	-0.9191063048608616
-0.0373478136455752	0.9203701127967325	0.3892608332293722
-0.8452959029302041	0.4036019132019122	0.3501147414051102
0.5259002193643808	0.5127629459928903	0.6786038022949683
0.09435992667391813	0.7577464331004458	-0.6456907521109811
-0.34092705592853445	0.41011274660216035	0.8459174177248832
0.7676387672736036	-0.3979895106433089	0.502329645150037
0.5426780495971479	0.8206167707842267	-0.17913305109081268
0.4151182722950063	0.25685018892732275	0.8727570111175318
0.3846392425962129	0.8198118022878953	-0.42421841294842993
-0.8244570777559137	0.5117974103856638	0.24152419684310678
0.19947505731233117	0.3909633232013948	0.898530679176601
0.9469874523678671	-0.3125786096751906	-0.07422518326916966
0.2518421461313795	0.8657033514344545	-0.4325889974873314
0.04707912318836471	-0.5922913605944822	0.8043472510831078
0.998354773945594	0.05428588584238114	-0.018460442528548893
-0.03273074242752022	0.8038930194767493	0.5938726393231955
-0.998084341290415	0.023224955081977073	0.05734325707804157
0.05702187342035374	-0.014272003050383342	0.9982709130694748
0.024003200255619524	0.9996283866469428	0.012920332314559024
-0.6184798804443656	-0.12523294758306858	0.7757572728148796
0.31978553620354966	0.8616609903179342	0.39405272312131684
-0.7177881639596262	0.4917896365357584	-0.49287230098220713
-0.8171733610418126	-0.021017136713360696	0.576008661365434
0.5708244937457402	-0.16807123532603385	0.8036861683492509
0.07991930519935037	0.9855507799298588	0.14934043269021358
-0.9449597752277155	-0.03529701481375201	0.32527702646639967
0.22414434093137248	0.6543921403446924	0.7221705069327693
-0.2383491926355652	0.755331084624703	-0.6104626237286308
-0.5892366749250524	0.1858981654282865	0.7862836721016564
0.524822059900111	-0.6518449331697789	0.5474120829348674
0.6142979296444617	0.7352142920205533	0.28652748287597896
0.29011760893905336	-0.10579228772018018	0.9511255252817142
0.7496471994152989	-0.5926635901294177	-0.29458266300600255
0.5948620423192971	0.7984722041460427	-0.09263525146441087
-0.21707107142507143	0.2363673328926862	0.9471064533047855
0.8282306460839731	0.5581036026290108	0.050540732284403755
-0.5166373455700779	0.7953935206385059	-0.3169148158237267
0.9523616104719532	0.14611076339160087	0.26769200159958306
0.19281532000968601	0.39158985714130967	-0.899710862529519
-0.23628291362015563	0.9084652049501799	0.34476275339136875
0.9973244310411953	-0.037976577174515455	0.062464060342441875
0.04420000066576317	0.9938557828068153	-0.10147434613043317
-0.05822661925187383	0.10396375602853379	0.9928752178612058
0.8920227994394034	0.1899403860327134	0.41014384675871174
0.383933842091344	-0.7972597363622509	-0.4658022302142544
0.23851651971565566	0.5729743122770323	-0.7840984040880283
0.8406069794412379	-0.540854151159238	0.02926932333516378
0.5414318074392572	0.8405654867206726	-0.017356855334356932
-0.015215255756549374	0.030437636371094073	0.9994208554379901
