-0.17887742402111373	-0.6980798027317543	0.6933162742887015
0.8570717151613416	0.23548531501398529	0.4582300093655592
-0.48314691579887686	0.6761887720383706	0.5561814473022934
0.7884442446141169	0.2046929404473905	0.5800486818068599
0.2715594859920505	0.7302952799978955	-0.6268367008883007
-0.5519158619777186	0.6517435110101186	0.5202108006891009
0.9540035514292062	-0.048872579415885235	0.29578487933242953
0.15748504532408852	0.9212257552521355	-0.3557268170371787
-0.25509936173916953	0.3859463419199236	0.8865493425630058
-0.6140692176149631	0.2849378245716301	0.736022711678202
0.7472245224353717	-0.09036727231130781	0.6583990197184716
0.25411514919220657	0.9542767901523125	-0.1574207696831067
0.5567447522441762	-0.5556533081184306	0.6174825358061677
0.7298753360673923	0.6821472678572713	-0.04423910888988791
-0.39663241754687933	0.47531516505567606	0.785339556637136
0.23267776647148386	0.7910422425263292	0.565785496039584
0.9519373886127579	-0.06609150323220869	-0.29907711607816184
-0.1991890186505394	0.6081809629866948	-0.7684007099877068
0.9469591761438182	0.09701249587382449	0.306360725879399
0.18857443774918559	-0.9396990030189709	-0.2853164298681909
0.2602076096977173	0.3279548129994176	-0.9081506705860636
-0.9955539562553626	-0.07417054890555248	0.05806074284182356
0.08966895402870213	-0.5575430403123576	0.8252910013338636
-0.028840923488921456	0.8268279675206335	0.5617149751057064
-0.9873644844627967	0.01720645676023623	0.15752876774504943
0.024323337047822524	0.9987632749615403	0.04336237842827366
-0.15658783508425433	0.04664609773450411	-0.9865619045299536
-0.8688747476650145	0.2629402945108237	0.41942707875460067
0.49128318578338626	0.35394050053779624	0.7958435483470232
0.06080710679339629	0.8975458337052293	-0.4367081086513058
0.8863597910344874	-0.01674943507050758	0.4626940428210835
0.45566675892625697	0.20868160900749722	-0.8653437414528878
-0.08206171852295219	0.977840192713953	0.19259914814504975
0.22594134934794252	-0.34720118275974066	0.9101658339803073
0.6448937099098865	0.7535824690812678	0.12737961066058864
-0.7301113679251229	0.5581799001967171	0.3941732987442055
-0.4840587807241117	0.7746980813302271	0.4068537570026255
0.835499873667717	0.27100993909253845	0.4780100145543894
0.2600520292270675	0.5713112073960421	-0.7784448897632776
-0.8223008261157823	-0.5431782469652779	0.16964298804557223
0.5622592944319185	-0.8214679398717963	0.09515728867358839
0.08766890665580332	0.17363126385105546	0.9809007834736708
-0.0010128529306412393	0.4863197794537375	0.8737803192113045
0.5388385919195839	0.7363460694264554	-0.40920341872756855
-0.8424084199407442	0.47041209396897726	-0.26279367545787924
0.7010271614965564	-0.7009336616791801	0.13135037407292655
0.7099568932713631	0.6685947092468949	-0.22122912209637868
0.06724677345832593	0.2483407270104458	0.9663357360500375
-0.15720930759770524	0.9338915489908031	0.32114141484431497
0.965131254828812	0.21420640846261496	-0.15045688926104367
-0.2093009664507372	0.2862903933021605	-0.9350031637089158
0.0567976231559133	0.8656352371245426	0.49744312866113227
0.9278496563481822	-0.22971936527855785	0.2938095104495028
0.36860418502561654	0.44486475412686194	-0.816226871229591
0.9404204927505191	-0.0029492048160581798	0.3400008808897762
0.04678473079992704	-0.9893287135917284	-0.13798509132117917
0.3367795804066054	0.14567085725665493	-0.9302470185747773
0.8158308196941222	-0.1473749487664631	0.5591964754120853
0.5637003482263183	-0.013176330368668054	-0.8258742650837009
0.12908133500527513	0.9889929265642389	0.07232565353426013
0.1708307939186816	-0.6939163548546818	0.6994976285265763
0.9842829663168584	0.08793246559088996	-0.15315000396210576
0.04476474134404218	0.7146663375032422	0.698031621040267
-0.4618821780503839	-0.39355498385649756	0.7948454744672985
0.846326358622318	0.07252048668468858	0.5277049115861091
-0.2653234786077562	0.916436170004615	0.2995800360617371
-0.24327810433540642	-0.17511337351997336	0.9540183805176007
0.8905405129211307	-0.43010588120837534	0.14814359856617687
0.38438699093119777	0.8856321117509355	0.2605808969177096
0.13694473545079044	0.6335705402541408	0.7614686532972906
0.767052729020213	-0.5542340494546161	0.32319456884016806
0.6267984128369798	0.539826813846084	-0.5618814472091322
-0.14302405020749753	-0.44412171350843294	0.8844772606758053
0.9228288404601166	-0.3828037214475013	-0.042991185852218505
0.35767450604883694	0.8100723513589863	0.4645984645760719
0.9380304251773027	0.04732425497394914	0.34330647580966095
0.14746518021215893	0.8419648123034684	-0.5189887045666608
-0.3136127262511586	0.5374529465301552	0.7828099310812109
-0.07205989904028787	0.01993232691522351	0.9972011197817862
0.863665242746842	0.5013359071666582	0.05238947085457479
-0.49888848395342034	0.8650231271643137	-0.053341072819446556
0.9210765636946308	0.06415572903516004	0.38405989929236034
0.1493491471086332	0.8526884668234942	-0.5006168303244735
-0.3596008844127259	0.5184654482009056	0.7758097595102935
-0.9605014523048185	-0.2205816144145071	0.16964878868599004
0.23768620288556339	-0.9673537636126361	0.0879315926292172
0.1447143015675258	0.12478159883074712	0.9815739011990211
0.1853730543624118	-0.11415353656406918	0.9760152666870872
0.2706064804392532	-0.9488970537218471	-0.16237768991544993
0.9446739985098722	0.2942165045131113	-0.14500925836461587
-0.3429378671845882	-0.23877083278559968	0.9085054257745285
0.8566178759247176	-0.47638492445318215	0.19814948498535478
0.38548597107691374	0.8461949498576599	0.3679057935644414
0.6234128294273755	0.19167197805375893	0.7580358150736107
0.5196986031054281	-0.8259188993312538	-0.21856654285987243
0.5841830244329432	0.530207341100073	-0.6145000971586334
-0.3480447799426576	0.09897226122387298	0.9322388763953693
0.7984419249570265	0.5524096223368208	0.23944540425869337
-0.4912792725381209	0.8276763260223918	-0.2712868882133641
0.7392220220183459	-0.30757331604728877	0.5991239082350017
0.4901888061960957	-0.36429849005806547	-0.7918342910113579
0.46180703377401544	0.879025179046134	-0.1185284698279585
-0.9924546627937034	0.004003250969681647	0.12254679220897444
0.11693790949928465	-0.26962586626055884	0.9558385938876814
0.03686824678463745	0.9629568350787676	0.2671233163804878
0.7172476916035468	0.27661900794286076	0.6395605314073803
0.6244698230448857	-0.6624116798259583	-0.41382146698357825
0.3091814822974889	0.6961987438044248	-0.6478534711873265
-0.5072280200302113	-0.39351207058688753	0.7667254958579712
0.8495037229406486	-0.07847535691898377	0.5217135641963085
-0.1451315279538153	0.9159639013950597	0.37409486889682464
0.37518684344458064	-0.4352027424305334	0.8184335070651949
0.8727458364910814	-0.13164818721756655	-0.47008877851934616
0.3123292131606877	0.890655560687335	0.33042871367838866
0.7291006079622815	0.5622873116081439	0.3901862153812169
0.6624179513181505	-0.72311174476106	-0.19573416247574132
0.17208939897767025	0.4011762502854594	-0.8996904217376123
0.6056103065821437	0.7404971271939287	0.2913763222690213
0.7946484964864848	-0.5434053602013122	-0.2706369921800251
-0.04207045986498317	0.3954423082094535	-0.9175268155671135
0.485280934683902	0.7979143118717045	0.35754043875151065
0.844364682571006	-0.3214769200270975	-0.42860339792943214
-0.2270477862897644	0.5098875766286087	-0.8297372848924662
0.6332830797435414	-0.04010400917883994	0.7728804625285328
0.6974064088587779	-0.4033847852332437	-0.5923723625600985
0.3355247260534436	0.9141511819661523	-0.22748796609194133
-0.18172609147238128	-0.332767145364107	0.9253332667987222
0.5849128714797693	0.7198555376440985	0.3737444818327313
-0.7904761605864297	0.6091584620518287	0.0638232532482339
0.8904720625220693	0.33196590223247907	0.31122041324866206
0.44315413777859863	-0.47737753039786224	-0.758765512949122
-0.10331464580299658	0.8135781051787305	-0.572203417270805
-0.23951532913759932	0.6305002999028351	0.7383100831835782
0.7901960681716218	0.5684302591779542	-0.22907905687118912
-0.5641122059964815	0.5285417791180927	-0.6343666185830272
0.10262560072602	-0.03389307144922882	0.99414246754847
0.8759356618056696	-0.4705336825458275	-0.10646487668205845
0.4713859379029958	0.8817308621669084	-0.01860065186258475
0.007568751158307574	-0.7244946328226868	0.6892388853053953
0.9684395344107025	0.17703320707788328	0.17545401614696918
-0.2491336633140637	0.6661582173949666	0.7029691651849853
0.11038840103691439	-0.52327326960756	0.8449849029602406
0.9926001846148976	0.014768655799501706	-0.12052701070028787
0.05058927177756978	0.8520369546680999	0.5210314323156766
-0.3874297042605126	0.313957837566527	0.866792189908955
0.5520410586747736	0.832026051006847	-0.0546197764842247
-0.738341989726879	0.45734355431830653	-0.4956692239080931
-0.08860740490546437	0.9527071566927701	0.29068505531295696
0.9958927290311701	0.07928247435223856	0.043725982246660744
0.0186118257773861	0.29336557883801634	-0.9558191445531254
0.4658000049776988	-0.0953524851476795	0.8797376080053287
0.23743306303956138	0.97118861072718	-0.020450500469715152
-0.8524411392808464	0.2184046381603919	0.47501949232805263
-0.803606705106912	0.3495041554082935	0.4817292900162371
0.410425798231554	-0.26073013265281153	0.8738251896534219
0.4310068765729894	0.8999259098832428	0.06607896085452014
-0.7021740075290492	0.1177676796966888	0.7021982887827721
0.3381974801077213	-0.8127023471675432	0.47448641640952594
0.6265573617789378	0.5706537203306614	0.5308297315273446
0.07329196295133888	-0.2735439115170224	0.9590630931480512
0.671491405934292	-0.697477051299098	-0.25024998435065726
0.7373788577950467	0.6623439373792772	0.132562923526108
-0.8917256546342567	-0.4346389392347475	0.12615208824272245
0.45254233266493704	-0.8529008355693581	0.2603182702602108
-0.0055492353782849516	0.28922164024495844	0.957246075364497
0.4892976456469863	0.5507312190298665	0.6762269872980473
0.8682908182392575	-0.2350789929456496	-0.4368168060377942
-0.08160189290523162	0.8008951188898186	-0.5932184585907172
-0.5935556822732422	0.15437487632087407	0.7898481180594539
0.4658889487777844	-0.73435157508206	0.4936347349824856
0.6562310107331693	0.6609812113331306	0.36395700132942954
-0.3483958775718259	-0.8975492588421845	0.27023256732452294
0.9371157886042305	-0.33993079037018514	0.07912683809538196
0.02084013530735372	0.2808066696325905	0.9595380675357411
0.6474720394590779	-0.37375794740375523	0.6641422700530618
0.5307410728721159	-0.40424559609641797	-0.744915707716791
0.5468947537554715	0.8347996734481776	-0.06336902654734966
0.7521455081043993	0.48899574796780026	0.44176950223819944
0.565205376837589	-0.8233781410928009	-0.05090499744074711
0.3388510242455436	0.28797846315301956	-0.8956831962964198
-0.6815653709509835	0.4003718124999909	0.6125120871263852
0.6329173067990681	-0.09756813507529882	0.7680469658635092
0.3672660178598921	0.9111437157624478	-0.18690318711016407
-0.9016103835185092	0.09312964219629827	0.42240452894825464
0.1893801734011571	-0.7929847439871216	0.5790598809503448
0.388887986770169	0.6020814442814769	0.6973263713626323
0.5767487799323101	-0.16835036567693562	0.7993866393823665
0.3575210631005544	-0.8278317365912842	-0.43228845153636586
0.7345335487818383	0.5351193981427899	-0.41726214235808357
-0.45120385937511887	-0.42394963941740615	0.7852908891123397
0.47278902650069765	-0.8598772200261342	-0.1925661000816326
0.7568920753353944	0.2843903474416424	0.5884186575700175
0.7694643702244331	0.11723149607632806	0.6278386411195336
0.20347904503961395	0.8867929885200783	-0.41496321974531086
-0.6054096639341688	0.4470514196816003	0.6585014555608685
-0.6448212065969823	-0.043737454219904354	0.7630810223175345
0.5157168622576418	-0.7617539787969556	0.39213134759942336
0.5641291780310113	0.6463883591815133	0.5137512623913313
-0.5822263505943728	0.369948494302651	0.7239824502270478
0.5396117308890631	0.8419056493994223	0.0037493194377694328
-0.608137859831525	0.3928523756737873	-0.6898082011450672
0.5860928498739242	0.07178748939810162	0.8070574500570447
0.5300111456393742	-0.7873687093741324	-0.3148629876574096
0.6128485594538831	0.6122883894574758	-0.499519340277101
0.912850881244385	0.3802875668516198	0.1486090007685427
0.3969636940454827	-0.9117917654700332	-0.10514562297502124
0.0955148900492184	0.15497465250522666	-0.9832902739576808
0.6749677222197257	0.31182716294382573	0.6687169763150328
0.7361588259984045	-0.22332297562603953	-0.6389029906505231
-0.04988744196855743	0.9235208005280316	-0.3802901183647791
0.228240567492752	-0.19248338533643894	0.9543879660389744
0.7915191633966128	0.6074857928026081	-0.06677144239053862
-0.5669247369153271	0.7706563163384901	0.2910071902222976
-0.27256065992415945	-0.23349862120306478	0.9333751017452601
0.3336898466246909	0.8869503821621897	0.3193275839039527
-0.9024199537473101	0.39849393154552976	-0.16383166238578428
-0.18450858522688995	0.053926248120639335	0.9813503664549184
0.10069948908641577	-0.9922015398617234	0.07345554569778664
0.9776585267235725	0.11237465933054494	0.1776393567457326
0.5585514414525766	-0.36790274300498427	0.7434163429335257
0.8220281489326923	0.1257307942371637	-0.5553930947921335
0.11086031577413319	0.9213247739369113	0.37265352717579225
0.1978667729771051	0.3258582489965861	0.9244810120886775
0.8908899951874701	0.33359956187769757	-0.3082634405664702
-0.4088566455696864	0.8846059766222967	-0.22429558510504988
-0.4795870001493572	-0.14464591685065828	0.8654905360696744
0.6021657594944783	-0.7716814315672842	0.20470507142399902
0.638273223142079	0.6193426571072744	0.4571892012144675
0.16928090800972395	0.4822811012459671	0.8595050398714253
0.7872833926190232	0.45846251965934515	-0.4123068975579786
-0.5928986708449296	0.7464697297604115	-0.30208294996860374
0.22976119452343557	0.350867458353145	0.9078005398544157
0.5353172493281827	0.7334236557752494	-0.41895725763015135
-0.8128008587980654	0.5822214079008713	-0.01931310744171011
0.26526303699755793	0.257470866272468	0.9291632118329574
0.775499442028508	-0.629601478603532	-0.04693179683028076
0.5729189616484209	0.7330148232888274	-0.36667851344542157
0.9460847078964304	0.27066672481318865	0.177941702710263
0.31717369321886757	-0.8856103468290872	-0.33925677873723936
0.06576149188111306	0.3774040774397729	-0.9237107710303074
0.734400054834113	0.0023869766762546485	0.6787126503919012
0.5968129761040497	-0.47848957047196183	-0.6440978206013309
0.32321947808490586	0.8780899915680079	-0.35282734544620653
0.6054248771573225	0.018988185965089416	0.795675918268736
0.3712992731257696	-0.8910005637880811	-0.26125628242321086
0.703986908894843	0.453604942789512	-0.5464842065253186
-0.7509264110648228	-0.20070771982908744	0.6291469910651355
0.5242539210415446	0.3981561350080962	0.752747978029819
-0.4015810645907887	0.8950911145556206	-0.19376414840136413
-0.7822969806107523	-0.36705861916248866	0.5032687196973674
0.39902903763187275	-0.915701804721917	-0.04760285659081607
0.47831711369538277	0.1635792619116232	0.8628178045326642
0.03080523986199546	-0.9098355034145749	0.41382410988654567
0.9711757032633885	-0.07066109867799675	-0.22765052717813122
0.23636579826173582	0.40890875004084387	0.8814334027889612
-0.62118242162459	-0.567941981147222	0.5399762079158473
0.6447688686604883	0.021247138140250033	0.7640822371493288
-0.4454273286080277	0.822794303074236	0.3529929599265381
0.9951190484740491	0.001187380376382545	0.09867456355082084
0.09792416580516869	-0.13554295560125662	-0.9859203643998015
0.012203979492978051	0.9907707592146214	-0.1349976502381336
-0.4465816872946857	0.8697861865047387	0.20984943730821784
0.8942111668599544	0.42578306861222115	0.13818526530031894
0.030841297573069082	0.24936071913736652	-0.9679194419554269
0.11100703967313774	0.0154394679390496	0.9936996829891642
0.9862029152557458	0.12184319144811329	-0.11206269066378233
-0.12280572903604536	0.9924292718010173	-0.0017009963045060417
0.37273662027140175	0.3468438781280297	0.8606780676383948
0.844135261824519	0.2584475091262993	-0.46972390270334574
-0.38536096280384136	0.9016120059268953	-0.1964502968065367
0.43269831719727403	0.21331604023162953	0.8759386013154945
0.45031826459649416	0.7905743292613583	-0.4149767348704687
-0.7810157660799485	0.574010885691945	0.24602007284304994
-0.4394398774479118	-0.19049521791689178	0.877840626799284
0.8865016023951258	-0.24965407558579944	0.38959947573665143
0.14493965316447405	0.9494126681765918	0.27858227231172905
-0.7779736819656204	-0.6120139877791065	0.14211202951041957
0.6207024730930201	-0.7837132746127498	0.022846073885211295
0.09739296722589043	0.10598293239232215	0.989586897637828
-0.6150048244282933	-0.735122981905824	0.28524247124825947
0.742075421000822	-0.6619024121050359	-0.10587382299694441
0.2666329602213074	0.146558515015079	0.952589873030465
0.02638796161431778	-0.7259750578106874	0.6872145886974538
0.840298543374542	-0.35626434598369716	-0.408624612307472
0.5414813325355404	0.5882481884524404	0.6006346937182016
0.9923869810916115	-0.07866025903866032	0.09476625669429171
0.11037841532565447	0.22672609906379482	-0.9676837714013352
0.05463227242276179	0.9707769257925764	0.2336824237263898
-0.7561281806535918	-0.01970082979402947	0.6541269385424482
0.11163775741052519	0.9810125530504573	0.15859187204195668
-0.6448311294764217	0.1929410481542233	-0.7395718804790457
0.716987267041192	0.3714384608397094	0.5898836569272199
0.5801670575219222	-0.7870743551782475	-0.20957133579547638
0.3864394445021846	0.49249104482190675	-0.779818649753306
0.052787735558598725	0.8698995366220745	0.49039601462419713
0.9108745039886432	0.15933246110320076	-0.38068465272747765
-0.40929340693204275	0.4667847073582181	-0.7839585091179662
-0.37822020627460384	0.8460634351199058	0.3756675915203501
0.9164681769345254	0.399440706824582	0.02309117575580813
-0.13052032880706044	0.35302094199152423	-0.9264667604849692
-0.9714465187270729	0.1493244359159544	0.18437427719569094
0.2309207091451403	0.4166538077822527	0.8792469678926708
0.0544728128607011	0.8967172448988209	-0.4392389957188587
0.59600628081138	-0.7324894123176531	0.3289920577702838
0.7973243904687028	0.49131515435043527	-0.35054705171962236
0.09513322026031779	0.47124163647554235	0.8768585920516231
-0.6479617330974108	-0.19185642192107472	0.7371137672089996
0.36969138508288174	0.7669004306150423	0.5245874658414584
-0.665938339665844	0.6124172130909658	-0.4259944657774257
-0.8081120270480038	0.4191723091233133	0.41382306243682915
0.4602816996716436	0.010989314923819382	0.8877049013635601
0.3675536813687889	0.9078401898031032	-0.20181794045752266
-0.974374156911507	-0.13567169482271932	0.17941068409356692
0.19099270612624372	-0.07771047973028633	0.9785105352251776
-0.1188140923862361	0.9877015098520504	0.1016313873093112
-0.6037341988672418	0.49166158588562214	0.6275140652468
0.6551991031684345	0.7544351510235908	0.03926497303310958
-0.4541135896726821	0.43485225981297004	-0.7776145316351442
0.933527944513839	-0.3527496684597128	0.06397849805465394
0.35833860475096013	0.9126861740083886	-0.1964621900495476
0.01090968179654176	0.20632891017860808	0.9784218720304683
0.9980276034034695	0.014737320551602474	0.061022243712324786
0.050428143281078655	0.3907288891643863	-0.919123461531468
-0.03738857057912283	0.9203878239934099	0.3892150411208769
-0.8452188788639976	0.40363093742418177	0.3502672025268166
0.5260224119830645	0.5126018176114562	0.6786308264976991
0.0943687919992875	0.7578399850466505	-0.6455796528400557
-0.3409810331070502	0.41003556271820263	0.845933077948614
0.7674109547389023	-0.3983312626439286	0.5024068388738554
0.542966261942651	0.8204895139530186	-0.17884237720731644
0.41489101571706444	0.2565790149068146	0.8729448173777716
0.3848415521772078	0.8198864956394722	-0.4238904504537263
-0.8244770614123234	0.5118137780262213	0.2414212745957277
0.1997616871176786	0.39085374553044044	0.8985146732050202
0.9469191002685575	-0.3127229545654966	-0.07448873226476438
0.2518719633196284	0.8657007007578611	-0.4325769420587089
0.04704233553767401	-0.5923012575579503	0.8043421156214758
0.9983613025666949	0.05414622075872477	-0.01851745973075214
-0.032584171072677026	0.803895146815067	0.5938778196924754
-0.9979463786162657	0.025702250973381545	0.05867213735312224
0.0581710078642922	-0.019830190907810463	0.9981096619974243
0.0268171447162965	0.9994729400156173	0.01829434136021546
-0.6187514792564175	-0.12522723943946884	0.7755415820059975
0.31965285860816345	0.8616602440155641	0.39416198937323754
-0.7176131666166842	0.49179239764905747	-0.49312430553864073
-0.8171049878903105	-0.02119980035434199	0.5760989561088543
0.5709452670516852	-0.16801268670401193	0.8036126175824889
0.0797555063682463	0.9855568505020071	0.1493879300094525
-0.9450361883549856	-0.035391824784252304	0.32504464529956667
0.22390549416917532	0.6544006633555066	0.7222368735260825
-0.23827071238475306	0.7553192639793544	-0.6105078845365952
-0.5893030124247225	0.186020915509668	0.7862049214677381
0.5247667373642786	-0.6517703864721991	0.5475538646324491
0.6142815567011576	0.7352493334310648	0.28647266324376797
0.2900444311874082	-0.1057342636796339	0.9511542952756397
0.7497625643922792	-0.5925571058927037	-0.29450326533330146
0.5947523223772114	0.7985589156350263	-0.09259229604413433
-0.2168912120972315	0.23643427039910442	0.9471309507643793
0.8282592805534914	0.5580778337507396	0.05035569136745871
-0.5166669781319557	0.7953917068067313	-0.3168710565057471
0.9523767254815251	0.14622668118077767	0.26757490628222785
0.19263890216856774	0.3916830032636691	-0.8997081072912713
-0.23636587345125945	0.9084063973053073	0.34486082874460455
0.9973057993943958	-0.038228328008432504	0.06260780647798493
0.04448760523810635	0.9938051233866532	-0.10184414421368299
-0.05832662749108274	0.10435502703808158	0.9928282997867243
0.8920767215487971	0.18946343468145152	0.41024715695475233
0.3837122468012729	-0.7971030286904779	-0.4662527997848229
0.23867139444321528	0.573350127383935	-0.7837764967791243
0.8404634633938236	-0.541073902869544	0.029329137961730034
0.5416543857648023	0.8404206991306563	-0.017423399625032206
-0.015221467794324704	0.03052998700062124	0.9994179440113772
