-0.17920786177147052	-0.697986978844945	0.6933243971202832
0.8571274390195708	0.2351628600786796	0.458291372948878
-0.4829255590244214	0.6763967819279759	0.5561207583236112
0.7884304741170904	0.20440507351808485	0.5801689007552597
0.27187910245050556	0.7302463724026002	-0.6267551270181605
-0.5517781629733163	0.6518886419572819	0.520175025691241
0.9540618155603058	-0.04874885017150135	0.2956173230660368
0.1573537460177121	0.9211694824315476	-0.3559305876866836
-0.2549624495959481	0.3860962758739731	0.8865234430359314
-0.6140953233417865	0.28413335691205716	0.7363118696175098
0.7474152142806703	-0.09028178246080554	0.6581942701189976
0.2534904955053089	0.9545247169380087	-0.15692397344857034
0.5563673229408794	-0.5559559793372926	0.6175502821655181
0.7304170463903727	0.6815516387483244	-0.04447810766925145
-0.3961645369110707	0.47581541879029676	0.7852727850469869
0.23279610543851592	0.7906878445914871	0.5662320246223519
0.951984256157568	-0.06623868756234219	-0.2988953199669413
-0.19882643013639126	0.6086256391948064	-0.7681424880801293
0.9469644572708789	0.0966024078680005	0.30647396538657934
0.18828208169110167	-0.9396792193866981	-0.28557454782748
0.260400027610857	0.32813250288093804	-0.9080313244450076
-0.995532578272267	-0.07431118405340875	0.058247176095955484
0.0899095595531777	-0.5577395121425144	0.8251320547015392
-0.028829788405856087	0.8266828197801203	0.5619291403556705
-0.9873460142269612	0.016502367030300287	0.1577197516880196
0.023627206752753274	0.9987780789089737	0.04340626903987958
-0.15681072441384852	0.046583483911114	-0.9865294601457715
-0.8686086413420173	0.26341678577506056	0.4196791931438945
0.49171158689007066	0.35372090572694326	0.7956765901858364
0.06114526558960204	0.8974926839944973	-0.4367701210846846
0.886404186350178	-0.016512808751964203	0.46261749379806194
0.4555411202621357	0.2087459565217028	-0.8653943687049032
-0.08227943954109848	0.9778304826415264	0.19255555314205375
0.22627773685934183	-0.34702496906383856	0.9101494693994256
0.6444652747477424	0.7539704338460286	0.12725209047535702
-0.7303854430683372	0.5577654128146289	0.394252265461589
-0.48446645660345067	0.7744319900122796	0.4068750978761388
0.8352352020374132	0.2711684214796106	0.4783825294362013
0.2601430562279507	0.5715966935155213	-0.7782048639391204
-0.8220099755727981	-0.5437634853304283	0.16917704359667862
0.5627577211665002	-0.8211315983924201	0.0951138548740215
0.08719717499033441	0.17339022504978163	0.9809854649947118
-0.0010936444277889201	0.4862070393880888	0.8738429600284795
0.538195117396107	0.7367790034810282	-0.409270956263077
-0.8428195652408977	0.4698504175575163	-0.26248002889395483
0.7003277113370939	-0.70150675731535	0.13202032485284504
0.7106609398870649	0.6678136653134297	-0.2213276687164895
0.06709787814962245	0.2488235878319121	0.9662218673194439
-0.15653622936234934	0.9340340388003625	0.3210557946203446
0.9651529615895651	0.21367804682445546	-0.15106771011760725
-0.2097049585296199	0.286220381293102	-0.9349340745210446
0.05616980728563381	0.8655787249123706	0.4976127246449487
0.9279016021958956	-0.2292422159968588	0.2940180658516405
0.3685696262469071	0.44522070637373146	-0.8160483767671443
0.9405514711094208	-0.0023572887692610463	0.339643008736471
0.047376139876494916	-0.9892898608224865	-0.13806184354928663
0.3363308364754962	0.1459452447443329	-0.9303663547077621
0.8158899931590582	-0.14758692540120127	0.5590542178657919
0.5635738380458981	-0.013162582706785386	-0.8259608195832917
0.12925961524439003	0.9889614986778341	0.0724369104791539
0.17016607527431926	-0.6941370227884465	0.6994407054355118
0.984394733955382	0.08744535659339747	-0.15270991248496618
0.04483876209985277	0.7145117936078069	0.6981850630088755
-0.46139309004844575	-0.3938322396512276	0.7949921908212962
0.8464506640210555	0.07302764038631693	0.5274355288733599
-0.2657775194290528	0.9162767762804558	0.2996651121088919
-0.24279587994127283	-0.1752198008708712	0.9541216809539101
0.8907759591129285	-0.4297520590367876	0.14775438545127456
0.3841462629650136	0.8857828114929831	0.2604236155067373
0.13654081619207936	0.6336163951954454	0.7615030329901056
0.767283782524294	-0.5538677694503202	0.3232740185034032
0.6266037045763555	0.5401488292162225	-0.5617891416782024
-0.1422578478608334	-0.44422357247056765	0.8845496720837616
0.9229181555599717	-0.38251145371822415	-0.043669965790581966
0.35774960916789794	0.8101545565111987	0.4643972563488712
0.9379225686536308	0.047955771544150545	0.3435134628886917
0.14700143713344946	0.8420833700341751	-0.5189279096296392
-0.3141525627635016	0.537211170665216	0.7827594301071259
-0.07200607419149363	0.019913459483855978	0.9972053847683102
0.8639347221669684	0.5008722833897007	0.05238083205019106
-0.4984294545006464	0.8652920951120333	-0.05326977588478998
0.9210303942541758	0.06369380556376625	0.384247461921094
0.14986185273331196	0.8526377483363203	-0.5005499927153221
-0.3595058246473019	0.5186057936860857	0.7757600097967725
-0.960568825181813	-0.22009221972531712	0.16990275720309828
0.23725060655507174	-0.9674454255099196	0.08809936633813902
0.144981660143905	0.12493503702450247	0.9815149284374657
0.18502270976874946	-0.11374288940570189	0.9761296798988706
0.270991469229819	-0.9488634491206207	-0.16193140068431428
0.9446323202571958	0.29448380266588875	-0.14473793384232336
-0.34316141853063	-0.23868369785987242	0.9084439075738153
0.8567133725380144	-0.47604892309260993	0.19854374867244662
0.3850745877704566	0.8464085982540013	0.3678451395018145
0.623278405561571	0.19180468672025106	0.7581127827129497
0.5200919364104652	-0.8256351927829406	-0.218702780318608
0.5839763752425593	0.5306010653875688	-0.6143566574622097
-0.34836685003526746	0.09897644415480261	0.9321181262581353
0.7982290001004371	0.5526299385377899	0.23964685357912635
-0.4913969894038446	0.8275287394007473	-0.2715238189747782
0.738884949131515	-0.30794383398791	0.599349336410532
0.49021161239211347	-0.3646126863414634	-0.7916755421476566
0.462321973329024	0.8787651472763859	-0.11844918281469452
-0.9924124144100726	0.003032679176810625	0.12291624213984653
0.11755551895981375	-0.2695603713201207	0.9557813066679258
0.03603192593880756	0.9629787168316698	0.2671585507566079
0.7168088531566126	0.27698406161213607	0.6398944425834203
0.6248075346132458	-0.6625259446190197	-0.41312820939412176
0.3095167406245087	0.6959448270657094	-0.647966191211903
-0.5072001783930544	-0.3935359994186453	0.7667316324501172
0.8494927772643417	-0.07830309357530929	0.5217572681930285
-0.14529280922939442	0.9159683633718494	0.3740213321297683
0.37515647817316955	-0.43507599255907037	0.8185148120733333
0.8727731213172698	-0.13169290140500722	-0.47002559337300087
0.31228944200983577	0.8907108736387308	0.33031718694447987
0.7290446316199061	0.5621716810532499	0.39045732945862166
0.6624895166820469	-0.7229523023642328	-0.1960806180953194
0.1720510546104944	0.4016254094651106	-0.8994973402291964
0.6055933413288763	0.7403819382239057	0.2917041146263446
0.7947013266388255	-0.5436504090489631	-0.269988951958012
-0.04130988231183605	0.395321158417694	-0.9176135762567348
0.48557108935492876	0.7976485089403058	0.3577395328559238
0.8443690429242758	-0.3219500756955129	-0.42823949854117327
-0.22641032779846898	0.5100049067851798	-0.8298393570572737
0.6331349543979037	-0.04035754032831573	0.7729886147015446
0.6973189748914492	-0.40373755536251	-0.5922349480115493
0.3359856794208689	0.9139842752085795	-0.22747828005228232
-0.18191816810462802	-0.3325127500053522	0.925386973756025
0.5851279278660162	0.7197326877177126	0.37364443828573124
-0.7902727934989777	0.6094424741634895	0.06363004432503594
0.8903771436566338	0.3322846930721964	0.31115177133317184
0.4432534005567316	-0.4771158484705016	-0.7588721170481669
-0.10370614711167223	0.8136014687106885	-0.5720993665116774
-0.2396307470308099	0.6304529045770799	0.7383131044399658
0.7900201224288728	0.568643310323576	-0.2291571333860553
-0.5643095881118141	0.5283691140997635	-0.6343349021065343
0.10227043158624194	-0.03346345792794808	0.9941936208841156
0.8759045851673446	-0.47070865350028934	-0.10594584089414333
0.4715208547943412	0.8816538779495326	-0.018828780910209453
0.0070119156884853595	-0.7248949036449287	0.6888237885758499
0.9683717723249966	0.17673257250534546	0.17612980548387563
-0.24941319853312222	0.6658025056165322	0.7032069964898138
0.10997297604440115	-0.5235382716195365	0.8448749154103025
0.9926708129849391	0.015001288656430689	-0.11991504653906543
0.050105903721591294	0.8518700836913307	0.5213508980753441
-0.3877731456781124	0.3136379049773962	0.8667544358422927
0.5522505985241456	0.8319295466814803	-0.05396763648770894
-0.7380049213390276	0.4577384558017126	-0.4958066580428697
-0.08813824498784872	0.9526387605765363	0.2910516133225561
0.9959327124470427	0.07879188275740179	0.043702076488650016
0.018699787387505107	0.29371964704245546	-0.9557086830687043
0.4657819580003719	-0.09446431131330325	0.8798429754731484
0.23735762649623504	0.9711869489839996	-0.021383808529445714
-0.8524720081887812	0.2187976325540419	0.47478318340410175
-0.8034766173888066	0.34881390995393374	0.48244604002115116
0.411875876376067	-0.25944132181539725	0.8735264523722943
0.4298646156278602	0.9005659646896103	0.06478700080867728
-0.7020542574788116	0.11741887466173327	0.7023764143456458
0.3385809160122465	-0.8126623598980403	0.47428140604208363
0.6264844633893024	0.5707825301094278	0.530777279519101
0.07332672203984891	-0.2729293941586706	0.9592354964444717
0.6714828875591841	-0.6976367608721963	-0.2498273035417282
0.7373831592530923	0.6624292382465705	0.13211200084018648
-0.891555633306198	-0.43497645053432765	0.1261904917200249
0.4528773013993419	-0.8527783099431907	0.2601370868747575
-0.005540992441219056	0.2890754945874748	0.9572902672814412
0.48950593917714647	0.5507971523839753	0.6760225088234886
0.8681890910081883	-0.23544423875706233	-0.4368222895989663
-0.08143486823637314	0.8007424725601929	-0.593447432274766
-0.5934582938805728	0.15398011882864332	0.7899983395108351
0.46626684983126426	-0.7342787651330349	0.49338617717071753
0.6560506673823211	0.6611541560636387	0.36396799824570947
-0.3485328486316517	-0.8975615493410439	0.2700150339688712
0.9370722246057	-0.33998008837249705	0.07943038072899605
0.020506079518772966	0.28070768542156754	0.9595742264400582
0.6474804840103716	-0.374023996742353	0.6639842412938514
0.5305823736094217	-0.4041748655248705	-0.7450671264342195
0.5470387259058421	0.8347147584287877	-0.06324479757642987
0.7520224825447107	0.48872931845815987	0.4422734889485382
0.5650118194719597	-0.8235238914279783	-0.05069560241583529
0.33944635747681223	0.2880139814778814	-0.8954463227178848
-0.6813622104989816	0.4008562991423332	0.6124212321122224
0.6330524362374257	-0.0972572979355717	0.7679750197578894
0.3674100584875165	0.9109639100624036	-0.1874956092446327
-0.9016801144463082	0.09437118086452018	0.4219799182832386
0.18805588267090517	-0.793181969904293	0.579221328691902
0.3893686636145229	0.6016281599468077	0.697449353683878
0.5767892231848643	-0.16863600741317566	0.7992972469748313
0.35727089092314224	-0.8278435170567928	-0.43247268325990756
0.7346235107296698	0.5350112225652687	-0.4172424825115868
-0.4514192076958219	-0.42402801386782135	0.7851247941433177
0.4728379075181303	-0.859859476420008	-0.1925253074912112
0.7567331181712298	0.2843271430342522	0.5886536023815938
0.7690146048191958	0.11700456133825851	0.6284317546088977
0.20388341234366567	0.8868635988607851	-0.4146136890972115
-0.605844940348501	0.4469707928285003	0.6581557707810386
-0.6451353140974132	-0.0439503273317724	0.7628032480475305
0.5156572014255257	-0.7617467266001388	0.3922238839387122
0.5638245091537145	0.6463824666877991	0.5140930165214942
-0.5820469445968712	0.37000050973267273	0.7241001153728736
0.5399274261959408	0.8417024829585626	0.003912112321673766
-0.6080293814667787	0.39323854462520946	-0.6896837813767795
0.5861886726749401	0.07208749562404629	0.8069611099689036
0.5304159758102548	-0.7870436667748308	-0.3149939034249466
0.6124065092998663	0.61267092273445	-0.499592441699102
0.9126257721184217	0.3808612513744483	0.14852241334810018
0.397520752598381	-0.9115518008472545	-0.10512167058101284
0.095349102349584	0.15497748731223981	-0.9833059173560954
0.6747058107535369	0.31210737982937803	0.6688505456314235
0.7363686154296682	-0.22284598149277834	-0.6388277786248134
-0.05033220783559772	0.9235413645249252	-0.38018155776659346
0.2282079924685383	-0.19286951135030783	0.9543178001928776
0.7915483068308254	0.6074762326318531	-0.0665124404954755
-0.566897160097608	0.7705673094408458	0.29129646666989073
-0.2720914811273829	-0.2328815342863852	0.9336661163854703
0.334493508634724	0.8868769612946127	0.3186900503719341
-0.9022639960561094	0.39901810298939233	-0.16341430447671312
-0.18194777641883464	0.05353582683565279	0.9818497450736872
0.10341509540016146	-0.9919373867677046	0.07324983806010896
0.977854960973056	0.11486573021349614	0.17494438922955813
0.5585166656099001	-0.3684432010918774	0.7431747720456943
0.821946411452203	0.12524262637000128	-0.555624316639211
0.11163884152410791	0.9211752776258788	0.3727906610338305
0.19790037670017213	0.3254976242609385	0.9246008530725109
0.8908787221216072	0.33371993620083884	-0.3081657129744976
-0.40886494515047667	0.8846933371415165	-0.2239356064687006
-0.47978736301565306	-0.14434146025935293	0.8654303144336257
0.6017907701202312	-0.7719271393813625	0.20488133268945313
0.6384762762143834	0.6191074497506106	0.4572242451737545
0.16898858247796744	0.48241475134364253	0.8594875605139021
0.7870590972443359	0.45885710148456427	-0.4122961773556906
-0.5932797286584279	0.7461408500432312	-0.3021473075500527
0.2294333047648497	0.3509360841392443	0.9078569400041465
0.5352528766361146	0.7335464376392877	-0.4188245239709281
-0.812935862609987	0.5820253333624952	-0.019539565164879535
0.2648900229586496	0.25772633134123024	0.929198802124904
0.7756378778372145	-0.6294612009306764	-0.046523961429492666
0.5729041439902041	0.733045520180228	-0.36664029667038855
0.9459851946139977	0.27119618452937816	0.17766440574246836
0.3175615520621374	-0.8854805723389088	-0.33923268808038753
0.06531976900604719	0.3773284848869305	-0.9237729928234157
0.7341878162030396	0.002920010876969914	0.678940147638575
0.5972541740686375	-0.47834321280361647	-0.6437975010221022
0.32288651581724714	0.8781681184723074	-0.3529377474884292
0.6053109076341798	0.018985305409882747	0.795762692815879
0.37178577766771087	-0.890710054389344	-0.26155484039441423
0.7038281328727212	0.4541752494227591	-0.5462149779973757
-0.7510103406501449	-0.20068691616250406	0.6290534396358849
0.5241580947975149	0.39817076758625913	0.7528069682847048
-0.4015491998432983	0.8950892701406677	-0.19383869217535943
-0.782592436255739	-0.3666028450630538	0.503141563287095
0.3984146707978952	-0.9159643309240764	-0.04769795140060026
0.4783459300634971	0.1631309243107627	0.8628867090905991
0.03070241013288222	-0.9096951995312574	0.4141400801200218
0.971024838259896	-0.07109688992540963	-0.22815783073407048
0.2369981550442427	0.4091452996097107	0.8811537881169809
-0.6210006403156423	-0.5680528806665139	0.5400686340587066
0.644936656831643	0.021255355194536696	0.7639403893959118
-0.4454378895001922	0.8227175302872969	0.3531585365747022
0.9951450689998137	0.0009501338168702925	0.09841437339680706
0.09763240213644656	-0.13569889880017283	-0.985927848738176
0.01241795870597543	0.9907496687408734	-0.1351328538565888
-0.44612676586222144	0.8699974597522604	0.2099412508439646
0.8944406342538933	0.4253567250822662	0.13801307265176893
0.030771099700979812	0.24935131130977284	-0.9679240997987852
0.11112547110119708	0.015027585695510992	0.9936927600323459
0.9862363944773868	0.12151054373755654	-0.11212921996004394
-0.12242917904152406	0.9924763772648535	-0.0013178355174421341
0.3730692157921748	0.34738719895620623	0.8603147646237237
0.8440130644650361	0.2580116897066501	-0.47018285271483284
-0.3853067703019902	0.9015276490358355	-0.19694311560287892
0.4330633657729449	0.21285834522787292	0.8758695371413828
0.4504586162701153	0.7905608163549391	-0.41485013037508534
-0.7807324485721222	0.5741993734854332	0.24647905232598277
-0.43933703090357956	-0.1904563471477841	0.8779005371384334
0.8865223565019136	-0.24979970200697976	0.389458881397662
0.14512437665368733	0.9493821615705378	0.27859006908454553
-0.7779564565778061	-0.612025261578265	0.14215776749428963
0.6207469027653151	-0.7836696926417392	0.023132132242197123
0.09724728467249208	0.10623978550834096	0.9895736827538255
-0.6153246833499242	-0.7348656080921693	0.28521583424424773
0.7417343086863336	-0.6622505226059747	-0.10608704268533638
0.2668440544174117	0.1462763936916685	0.9525741269164503
0.026188698133838284	-0.7258967878831003	0.6873048853536919
0.8401775834621058	-0.35657092777926835	-0.4086059247128062
0.5416786688968197	0.5881590148961662	0.6005440806956145
0.9924009892916186	-0.07868302036404262	0.09460052198274854
0.11022262189425439	0.22673450260919548	-0.9676995602713256
0.054692321908775036	0.9707731185158315	0.2336841934989925
-0.7560391650427967	-0.02030713865915275	0.6542112816520892
0.1113961117841492	0.9809441112233702	0.15918403480112467
-0.6449772764995404	0.19322595782055338	-0.7393700305148738
0.7168656272771342	0.37095587619797443	0.5903349984057815
0.5803146219000327	-0.7867696458626858	-0.2103056441423435
0.38644354314386353	0.4933409189022303	-0.7792792347413857
0.052374933002889756	0.8697622917707596	0.4906836274083529
0.9107591525628781	0.15993573254787163	-0.38070766669102457
-0.4096030180746859	0.46683414321153943	-0.783767344507321
-0.3781024749812134	0.8459509876276896	0.37603915347316885
0.916470998844098	0.39944566468714104	0.02289255862391612
-0.13084122703025314	0.3532847116623993	-0.9263209410430238
-0.9714647621603294	0.14902313813120135	0.18452186911665447
0.2309318476350994	0.4168380279863526	0.879156721052787
0.0540989614374814	0.8966817510833917	-0.43935764434616176
0.5962285193300461	-0.7323239041806326	0.3289578272410257
0.7971289023222645	0.4913438477288289	-0.3509511880326538
0.09537853961978343	0.4714688989367857	0.8767097646971501
-0.6479074871588975	-0.19186295376231022	0.7371597486685262
0.36983574030003463	0.7667985199591603	0.5246346871730525
-0.6659109649796799	0.6125427632108986	-0.4258567246830658
-0.807734889702227	0.4201957243975213	0.4135213430474588
0.4607495740059405	0.012342637130138834	0.8874443584597393
0.3677963811826812	0.9073495536488219	-0.20357457965622316
-0.9744323888837174	-0.13537427592601828	0.17931905897555517
0.19084895926477005	-0.07753540482449384	0.9785524695928453
-0.11856725619633152	0.9877560763752397	0.10138904941789972
-0.6041730864202179	0.49119589987375883	0.6274563487547764
0.6546055116665545	0.7549477027188046	0.03931399566779881
-0.4543858555690701	0.4344888423271736	-0.7776586270028489
0.9337437691339937	-0.3521715906269502	0.06401362635194907
0.357786258150455	0.9130130503732501	-0.19594938970772321
0.010562531994702543	0.2058697175483005	0.9785224025613537
0.9980224054349086	0.014800355484767058	0.06109196123421933
0.05047129281656601	0.39064310273248726	-0.9191575571625139
-0.03746901188106357	0.9204232264371972	0.3891235759801721
-0.8450757351532345	0.403690833492233	0.35054345352547506
0.5262476336754477	0.5123001133844614	0.6786840368516561
0.0943950735272368	0.7580120742973785	-0.645373740799216
-0.34108972096441437	0.40988558144743703	0.8459619449915664
0.7669527269860527	-0.3990148215144309	0.5025641121095534
0.5435451377954502	0.8202322734038834	-0.1782630103123526
0.4144338367154541	0.2560346152262829	0.8733217452870605
0.3852445253740545	0.8200381053885386	-0.4232306243410271
-0.8245187994549474	0.5118435127230835	0.24121560444686585
0.2003368505065427	0.390633121878499	0.8984825598867108
0.9467821008800652	-0.3130109660110718	-0.07501858842943943
0.25193014861712987	0.8656961933890396	-0.4325520789101325
0.046967078159669384	-0.5923216400410395	0.8043315039883971
0.9983743975487095	0.053865225859958565	-0.018630613578387967
-0.03229018253889354	0.8038990062079621	0.5938886528040892
-0.9981999977605935	0.022944284242013547	0.05541050704850627
0.055125327863689386	-0.012881029178347436	0.9983963528154673
0.02362123406326657	0.9996537595127266	0.011593032105541967
-0.6192961732254816	-0.12521715962238483	0.7751083232454521
0.31938471559242443	0.8616593052304063	0.3943813448374551
-0.7172626110945839	0.49179660902242467	-0.4936298634400311
-0.816967766351832	-0.021568755239117055	0.5762798430793263
0.571187817699317	-0.16789339482142274	0.8034651734127805
0.07942383555325003	0.9855691740171122	0.1494833019880062
-0.9451890981511946	-0.035579999255585	0.3245791619760955
0.22342799855287906	0.6544180998635234	0.7223689362324976
-0.2381123646491012	0.7552953159023219	-0.6105992856016338
-0.5894392780994375	0.1862741493668047	0.7860427969972674
0.5246476449499697	-0.6516228702409543	0.5478434846079591
0.6142525425930809	0.7353159703532991	0.2863638204475585
0.2898971307842284	-0.1056165597050076	0.9512122769808804
0.7499933900792342	-0.592344761007753	-0.2943426556653435
0.5945330675416887	0.798732011642671	-0.09250732498955294
-0.216531106928064	0.2365697956055159	0.9471795033359154
0.8283138923576954	0.5580303068657726	0.0499827204795375
-0.516730466935859	0.7953847549623112	-0.3167849682573223
0.9524067522406034	0.1464593345070986	0.2673406845623084
0.19228531270692792	0.39187070024010695	-0.899702013341377
-0.2365327393907762	0.9082879596411405	0.34505832197938524
0.997268311749101	-0.0387337471344613	0.0628936500294062
0.04506468141397266	0.9937032770055009	-0.10258153711846027
-0.05852425881764726	0.1051355986402917	0.992734313413409
0.8921850181271738	0.188509920253315	0.41045085381261337
0.3832686820986684	-0.7967882453633985	-0.46715480236541024
0.23897910107740458	0.5741014736236134	-0.7831324838310758
0.8401702341410932	-0.5415223931028281	0.029452935872111563
0.5421086508513568	0.8401250103208655	-0.017554990899663454
-0.015237727370653396	0.030715872143756935	0.9994120005598423
