-0.1810858207352133	-0.6974528002999921	0.6933740093790318
0.8574510596735702	0.2333187425613682	0.4586284385363098
-0.4816488407474121	0.6775853862970198	0.5557809266998937
0.7883018076367997	0.2026413338725331	0.5809619177561596
0.27385125338022254	0.7299807060109766	-0.6262057648040276
-0.5509861623476902	0.6527362856913017	0.5199515268208068
0.954427550242068	-0.04807719025272799	0.29454479305587405
0.1566261884479046	0.9207916708445623	-0.35722672911690234
-0.254039934717371	0.3870804602155503	0.8863590857480458
-0.6142344207801469	0.2793634684189814	0.7380190572348345
0.7485728419347513	-0.08967037403723577	0.6569611284830724
0.2497093843783349	0.9559891613051578	-0.15404527522924516
0.5540719590365398	-0.5578070543602331	0.6179446207512215
0.7337047897558469	0.6779145074392965	-0.04592605026196639
-0.3932957483862997	0.4788352646884897	0.784879126739885
0.23352222613221452	0.7885113484944977	0.5689615305076817
0.9522676336030258	-0.06714643329788572	-0.2977880294562997
-0.19660550321480916	0.6113437738218664	-0.7665540204805468
0.9469994437217886	0.09407962421842422	0.3071499273930291
0.18647131368301348	-0.9395638434799973	-0.28713800375155163
0.2615731308142221	0.3291941802827246	-0.9073095882354769
-0.9953873983112453	-0.07521947036719495	0.05954795177710841
0.09153690087924257	-0.5588150247612547	0.8242249473769293
-0.028721473858314913	0.8258739609521278	0.5631227908375307
-0.9870227484438565	0.013725327829072341	0.15999284180962686
0.02104762219284162	0.9988026451869471	0.044161901765944075
-0.15919513703113924	0.04695627054549782	-0.9861298175200337
-0.8670034003121343	0.2662437051531445	0.42121181525869195
0.4942862624689424	0.35240681154589315	0.7946637841946373
0.06313631745422565	0.8971754168736361	-0.4371385098294778
0.8867049347585666	-0.015102975429347798	0.46208901610835407
0.4547228622832966	0.209116443839643	-0.8657351970624433
-0.08355523437638279	0.9777741114639117	0.1922922509080014
0.2282975933517608	-0.34597006777693745	0.9100466587336142
0.6418801394362954	0.756299316538638	0.12649596989798073
-0.7320314852976175	0.5552621507050614	0.3947326291647978
-0.48693969336637966	0.773021252203375	0.4066053106713961
0.8334923182463434	0.2720820822131529	0.4808969702159614
0.2611135585307522	0.5730702262205578	-0.7767948412360413
-0.8202304322562235	-0.5472859088758146	0.16643368633405436
0.5657716299210966	-0.8190870323191621	0.09486251242199625
0.08440675788818341	0.17197257755979986	0.981478951272132
-0.0016406050671633476	0.4855753825604424	0.874193260249868
0.5343452009525119	0.7393524258083153	-0.40967450087890406
-0.845264760080552	0.4664488592575176	-0.2606778607080531
0.6960546945827558	-0.7049633067538922	0.1361418314843915
0.7149434175010937	0.6630827501971053	-0.22175927525787983
0.06605885195160036	0.25169029087682565	0.9655507369150393
-0.15247425113746949	0.9348883209285709	0.32052368107742907
0.9652775126344068	0.21047655903263973	-0.15472214353515346
-0.21211064646170147	0.28580315864093797	-0.9345189287373812
0.05246408321956764	0.865127418952037	0.49880063046202794
0.9282236659090912	-0.22646427513821799	0.2951520932204427
0.3683046918221621	0.44751366578408275	-0.8149129848752406
0.9413018217071389	0.0012697439500985556	0.3375637246522838
0.05099641839451574	-0.9890508291475668	-0.1384840159492853
0.33369184251604533	0.14756979742756168	-0.9310600996312939
0.8162778939384441	-0.14886847552795104	0.5581474508240649
0.5627605696692061	-0.013091677855755268	-0.8265162727959516
0.13034930415237705	0.9887703398488978	0.07309086086567951
0.16609433898721893	-0.6954503359162604	0.6991147980341708
0.9850677595091096	0.0844286753279786	-0.15004435330283422
0.04532305960658173	0.7135969654197833	0.6990888292710553
-0.458443689815931	-0.39547138501866524	0.7958842672772047
0.8472154478310632	0.0760150787967091	0.525782933112079
-0.26843131006714793	0.915327313821099	0.3002008333577473
-0.23988158567479	-0.17584818721590145	0.9547430229684999
0.8921883415822103	-0.4276185114532298	0.14540416709059256
0.382696731105628	0.8866903764648655	0.25946750911368754
0.13414295279621324	0.633941772621682	0.7616583861157131
0.7686798665412382	-0.5516423883691133	0.32376216290444615
0.6254094106977104	0.5420410540537501	-0.561297216037139
-0.13763965488399044	-0.44484419763674027	0.8849683413729221
0.9234576057171124	-0.38071793435457635	-0.04774834975161313
0.35816389523042935	0.8106586792785908	0.4631966427594838
0.9372834865239432	0.051637546373719666	0.3447219599822779
0.14428083102197345	0.8427931295979791	-0.5185390848355144
-0.3173053855343933	0.5357548921913321	0.7824857748252834
-0.07167874081717507	0.019796480817319828	0.9972312958697763
0.8655614231332751	0.49806151173643165	0.052327366743606496
-0.4956466290598208	0.866915699404544	-0.05283549212003602
0.9207490639104322	0.060894015326783964	0.385373948529794
0.152969915738372	0.8523158120765979	-0.5001579364192924
-0.3589169349404654	0.5194705721998033	0.775454033732078
-0.9609906821989411	-0.21712938466151452	0.1713234923859711
0.23459846575405444	-0.9679999688508603	0.08910454629578429
0.14649391998529354	0.1258208671931881	0.981177170946255
0.18287307191639823	-0.11126481037798337	0.9768201377630433
0.27332834526907585	-0.9486508692146294	-0.159226706336583
0.9443776020429161	0.29611090879918456	-0.14307087212214875
-0.34452895166990505	-0.23815456215676184	0.9080650890685962
0.8572818559455693	-0.47401428131775547	0.20094347606561413
0.38258021502393014	0.8476985700298973	0.3674772284666229
0.6224679545212255	0.19261371301021754	0.7585733999782612
0.5224797952684631	-0.8239055781732567	-0.21953237071379036
0.5827079106468235	0.5329911404661524	-0.6134915933036118
-0.3503328175807532	0.09898886195559464	0.9313796874179009
0.7969252303743105	0.5539732983120647	0.24088121958779635
-0.49211491962628273	0.826628568321945	-0.2729617480806217
0.7368355497595365	-0.3101750617666201	0.6007202374388889
0.4903689716940897	-0.366487532437215	-0.7907118060126346
0.465415560773641	0.8771991333934128	-0.11794081635974307
-0.9922029447970482	-0.002119568244678176	0.12461470124556463
0.12058316838363542	-0.2691292055055783	0.9555255989488192
0.03151215382402482	0.9631017486093523	0.2672863744880737
0.7141469931261524	0.27916300120439563	0.641920626687934
0.6268531272984069	-0.6631658820375632	-0.4089818696440577
0.3115272524275887	0.6944631247661004	-0.648592120931963
-0.5069920753696391	-0.3936742298090297	0.7667983022259852
0.8494555981697338	-0.07727349114987492	0.5219712581202244
-0.14623345120213088	0.9159964019305847	0.3735858260155711
0.3749818169291511	-0.4343208098931964	0.8189957698707794
0.8729505810285174	-0.13190582590160727	-0.4696361742617246
0.31200307699522234	0.8910478590889117	0.32967831708891693
0.7286754439362744	0.5615233430490288	0.3920760546313892
0.6629635618665156	-0.7219504924503459	-0.19815852766904982
0.17178886180872194	0.40432539081999974	-0.8983371111652452
0.6055145867938543	0.7396573785579184	0.2936989062368061
0.7949899107420204	-0.5451803286319485	-0.2660252828043882
-0.03664869708819679	0.3945698564482448	-0.9181347947791481
0.4872686557241813	0.7960402277679778	0.3590114384303865
0.8444110178143059	-0.3247286071687683	-0.4260532416025479
-0.22257423512742205	0.510755604434584	-0.8304152108410014
0.6322394513859262	-0.04191249784752349	0.7736385581364236
0.6967601564748449	-0.4059158892049559	-0.591403056502162
0.33881936258185213	0.9129488668129946	-0.22743308054127964
-0.18308004965850389	-0.3309485843523686	0.9257184938912062
0.5864234885475538	0.7190001087682736	0.37302323744095045
-0.7890432101581997	0.6111561814351335	0.06244144774802507
0.8897775039499771	0.33427610335240093	0.3107337770376492
0.44388126360394703	-0.4754932393701332	-0.7595232735964451
-0.10613867007793058	0.8137356241684593	-0.5714620868205136
-0.2403008358398484	0.6301417578590439	0.7383609370064103
0.7889272496057841	0.569955657265574	-0.22966136719182975
-0.5655522107852845	0.5273252447524979	-0.6340968247220571
0.10007958598633471	-0.030834614082766443	0.9945015349627022
0.8757131992783387	-0.47177138214556535	-0.10275288608189936
0.472345709283466	0.881181587167384	-0.020212406058396803
0.0036742679674570677	-0.7273005754353393	0.6863092398666417
0.967937455343263	0.17496546324703732	0.18023365172563738
-0.2511644526968575	0.6636421924818929	0.7046243382535932
0.10748205538528288	-0.5251714158670442	0.8441816106302951
0.9930852175714122	0.016386543439078527	-0.11624642719352651
0.04721608212564499	0.8508386833885278	0.5233012291581026
-0.38996317017853666	0.3117253092882327	0.8664618038052581
0.5534901871819855	0.831354158807742	-0.04998875199804906
-0.7359193832190836	0.46008433377178515	-0.49673440309708394
-0.08527324289977933	0.9522301129944266	0.29323418278225466
0.9961719825262496	0.07580073377710628	0.04353883310992268
0.01923162174848214	0.29582437469801864	-0.9550487338662093
0.4657148865470335	-0.0891544586510851	0.8804323522855777
0.23686502628636438	0.9711687099404568	-0.026949882280795506
-0.8526456495935715	0.2210945936363456	0.4734052987598846
-0.8026985708901284	0.35307082697470915	0.4806412335935614
0.4081507602856519	-0.26240087543475554	0.8743904948301522
0.43484245557349827	0.8980460855159211	0.06652268124738536
-0.7012842028896342	0.11533732296235177	0.7034897076072462
0.34088211994868767	-0.8124395295601663	0.4730130982407831
0.6260989115760696	0.5715236764473842	0.5304345767230174
0.07346960603165287	-0.26926439874023667	0.9602598088853935
0.6714363011207403	-0.6985944949393708	-0.24726306877029564
0.7374113577419679	0.6629196144416487	0.1294684295945675
-0.8905153296534905	-0.437039647856027	0.12640725396121946
0.454920211055165	-0.8520418051116536	0.25898332748576697
-0.005481717400637111	0.2881338379016873	0.9575744577996971
0.4907836055615695	0.5512041319281561	0.6747632603049116
0.8675620857859773	-0.23767911662380392	-0.4368577169143441
-0.08042064298841806	0.7998016269464925	-0.5948528202127594
-0.5928391657820911	0.1515325511664951	0.7909359072970247
0.468612279765792	-0.7338259524966051	0.491835341039211
0.6549383595175208	0.66222153195092	0.3640307512464782
-0.34935983336816046	-0.8976311613691339	0.2687117507070942
0.9368052475288056	-0.34029344548365037	0.08121760377750588
0.018537395487639913	0.2801047466573287	0.9597904437264254
0.6475238612373886	-0.3756682837210737	0.6630129634737816
0.5296110042825135	-0.4037335179492607	-0.7459969374113954
0.5479279453277508	0.8341897788215681	-0.06246902943485377
0.7512692615357806	0.4871259946366481	0.4453119827949156
0.5638475753082325	-0.8243977806596747	-0.04943896299912935
0.3430312062925325	0.28823005497806525	-0.8940095228334153
-0.6801287023488776	0.403738046704643	0.611899123944748
0.6338754419192911	-0.09543507776777393	0.767524638082115
0.36827553865666135	0.9098833637200856	-0.1910114971737762
-0.9036238705981834	0.09993565241674603	0.4165054211666371
0.1803448994751733	-0.7932372299416202	0.5815929970931868
0.38850948214740916	0.6006559434573051	0.6987652108333434
0.5770223223732753	-0.17035028603247088	0.7987653094192357
0.35578350862630453	-0.8279047576336516	-0.4335802201174791
0.735162114415935	0.5343729899014551	-0.41711170349352655
-0.4527582142727835	-0.42447209553619175	0.7841131547931297
0.47313135789714816	-0.8597636899764565	-0.1922319317191309
0.7557491102098111	0.28395393554092885	0.5900961319208057
0.7662820183289436	0.1156617063885149	0.632008099679915
0.20630732145429326	0.8872807503465066	-0.41251685926625503
-0.6084810247658307	0.446492149695644	0.6560454273600931
-0.6470881015074541	-0.04523481135293836	0.761072138978522
0.5152998564212902	-0.7616635158009144	0.3928546126367713
0.5619101768607473	0.6463919094014512	0.51617289022252
-0.5809423333685924	0.37033696570674646	0.7248148295470891
0.5418422619129875	0.8404661400095159	0.004861142100614446
-0.6073820613956864	0.3955593499446384	-0.688926579662958
0.5867375260621125	0.0738769677934226	0.8064001916791449
0.5328385733386427	-0.785094350350152	-0.31576876953035327
0.6097721953918135	0.6149545143162404	-0.5000088149714219
0.9112444299481278	0.3843681403680673	0.14796865059364828
0.40091225960516286	-0.9100939314833976	-0.10487323765086529
0.09435543962482511	0.15488759972020363	-0.9834159254690356
0.6730814253387218	0.3138617724207019	0.6696657245797565
0.7376667807904022	-0.22001998172740356	-0.6383094297901278
-0.05300108850127072	0.9236243800667071	-0.3796167661788292
0.22797572970355284	-0.19524576954210765	0.9538900126021044
0.7917185535635598	0.6074302387744699	-0.06488633882116596
-0.5667528549635699	0.7700049314766111	0.29305905017989475
-0.2692133491209274	-0.22913455556043838	0.9354258538779082
0.3393792137280438	0.8864098303019188	0.31480051148855887
-0.9013023476860736	0.40221259079278443	-0.16086985380526597
-0.1847449452554777	0.05800259003835636	0.9810733941716047
0.10498934907305452	-0.9913795662800902	0.07838234586637516
0.9771624950763137	0.11748299924304842	0.17706270952713632
0.5582623134387517	-0.37169279301619573	0.7417463562524811
0.8214709583415978	0.1222971039607118	-0.55698194132679
0.11631274218824855	0.9202651172258147	0.37360869907164596
0.19806223207379525	0.3234179174645027	0.925295738069116
0.8907702679826726	0.3345303006156214	-0.3076000774513878
-0.40902283787586224	0.8851498904891453	-0.22183324697400542
-0.4809783193818131	-0.14258572204368047	0.8650602107101727
0.59948079925522	-0.7734718765950273	0.20582523518968465
0.6397520047713557	0.6175844622283244	0.457500605906902
0.16721049488406492	0.48315052591266283	0.859422026545133
0.7857372945764173	0.4612304196379716	-0.41216914478441113
-0.5955313210170884	0.7441989447122979	-0.3025068203805388
0.22749727219012317	0.3514094241104607	0.9081610032325806
0.5348186131715822	0.7342765380903863	-0.4180992903787605
-0.813765348335304	0.5808178563511558	-0.020894391409411073
0.2625795700951363	0.2593032302850481	0.9294158402633305
0.7764990537450999	-0.6285798917720884	-0.04400612676383048
0.5728011774617942	0.7332456303473818	-0.3664009507013499
0.945363536004371	0.2744217777128959	0.17601270610443537
0.3199430006720835	-0.8846586545098982	-0.33913941281083815
0.06264392320293803	0.3769240678407666	-0.9241233607955779
0.7329061996079995	0.006169353443677028	0.6803017283928112
0.5999251457648016	-0.4774361777717757	-0.6419848250805924
0.32084002564399716	0.8786447719259272	-0.35361708487005394
0.604624277297362	0.01902223549878579	0.7962836415871366
0.3747511133585746	-0.8889468625921801	-0.2633155493396261
0.7028449945323303	0.4576151549546289	-0.5446074582822933
-0.751504256767856	-0.20057040149425048	0.6285004901384145
0.5235596103997522	0.3983259227150753	0.7531412839907553
-0.40140588737318217	0.895046352619583	-0.19433306523731142
-0.7843857690791205	-0.3638536401226632	0.5023439995019781
0.394714228778009	-0.9175359082050376	-0.0482548935812475
0.4784763764976672	0.16043187253112584	0.8633203179642068
0.03007685251770409	-0.9088673556929849	0.41599941430039206
0.9701073339655555	-0.07372278494241624	-0.23120707507897792
0.24080519830117914	0.41051806383638606	0.8794815380297386
-0.6198999810430448	-0.5687241346485047	0.5406263702143494
0.6459346954302944	0.021335624414045684	0.7630944635955865
-0.44552483964668704	0.8222515733029476	0.35413269752823096
0.9952942877964801	-0.0005398252422098571	0.09689679699765728
0.09591367601913751	-0.13670491750380132	-0.9859575712386281
0.013778513424649877	0.9906116666580231	-0.13600984688183426
-0.4431371326315665	0.8714701828809237	0.21016470215657634
0.8959295764679416	0.422518574069604	0.1370702322758782
0.030654130114030606	0.24903368229152803	-0.968009581249728
0.11183982646359925	0.012572669083574184	0.9936467084475786
0.986437793926733	0.11947879376048365	-0.11254019972658752
-0.12013464083915354	0.9927571434311893	0.0009603316056807643
0.3750784055202485	0.350650722244599	0.858114363416514
0.8432718448767456	0.25537464824912204	-0.472944377987314
-0.38497894143778577	0.9010149055487253	-0.19990836557899128
0.43522807055572055	0.21008975715256162	0.8754649167955976
0.4513112600650244	0.7904877316356613	-0.41406194303754423
-0.7790344492632305	0.575318555300526	0.24922657721047958
-0.43868867674098744	-0.19027145534065476	0.8782647768081051
0.8866624675423789	-0.250676552857263	0.38857551968601894
0.1462255571057991	0.9491880947052322	0.27867552335816936
-0.7778296300865069	-0.6121199604376406	0.1424437453639503
0.6210431980552036	-0.7833817470176372	0.024867339804663532
0.0963660350375268	0.10780627288528565	0.9894904723228666
-0.617293508602021	-0.7332791836110558	0.28504449322958225
0.7396636985709549	-0.6643707871010649	-0.10728033493164615
0.26804167074195995	0.14461360976552048	0.9524917672171473
0.024970318919063095	-0.7254430400373306	0.6878291058355095
0.8394972044929709	-0.35836306035762	-0.4084364829684144
0.5427899472370203	0.5876294007557118	0.6000589642242801
0.992482677584376	-0.0788375253107362	0.09360971796681454
0.10929747034434054	0.22681804354841184	-0.9677849131378307
0.05506539449850088	0.970741067290217	0.23372972127004876
-0.7554809560786115	-0.02386314984082981	0.6547358819266137
0.10996008450665119	0.9805428544876347	0.16261761998175792
-0.6458771592321845	0.1948493279252341	-0.7381574592112765
0.7161773628184239	0.36807904534644936	0.5929652615147822
0.5811797868644486	-0.7849434262080233	-0.21469483690346075
0.3864195133875122	0.4983790064094353	-0.7760788140670394
0.04987839428188923	0.8689194001078535	0.4924339771990433
0.9100623668539636	0.16358105272174794	-0.3808250617102375
-0.4114591525534726	0.46714057338948006	-0.7826116856227774
-0.37746521856617266	0.8452565866294318	0.37823446634641
0.9164645131565866	0.39952335782121784	0.021768846545463155
-0.13271324311255606	0.35485544847842065	-0.9254538377400174
-0.9719886570110665	0.1449425642706655	0.1850127122780118
0.22966642814007995	0.41857575653656853	0.8786624310992341
0.04991374988116874	0.8965411251596231	-0.4401393284748778
0.5976121300345205	-0.7312924148950787	0.3287417618017635
0.7959194516046507	0.49157677331462935	-0.3533617162270548
0.09680892827087509	0.47282521067991035	0.875822100401984
-0.647567775035359	-0.19185098143159016	0.7374613058727151
0.37072570629919344	0.766210365403444	0.52486581774515
-0.6657465188979352	0.6132820532773289	-0.4250490509379179
-0.8089381746199198	0.41854794953019214	0.41283973111446504
0.4599710740817007	0.013271397143670649	0.8878347149250144
0.3661224394252812	0.908097728199959	-0.20325568968015273
-0.9747883392583119	-0.1335445107332444	0.17875557977037104
0.18997458356597072	-0.07651810388517766	0.978802654970221
-0.11703568363947435	0.9880844313270177	0.0999590182234964
-0.6068499663399867	0.4883403260295076	0.6271019409366797
0.6509680351124614	0.7580706879805664	0.0396162755252423
-0.45604137489374563	0.43226445377577016	-0.7779291139859446
0.935009482538004	-0.348746897063462	0.06428739653012161
0.3545235880669763	0.9149741332525655	-0.19270537351831557
0.008384096142755988	0.2029727500609962	0.9791484921423029
0.9979897086245434	0.01509929539814732	0.061551220605107135
0.05079870891440945	0.3901371529922304	-0.9193543892470118
-0.03789502146889716	0.9206329415861657	0.3885858389265817
-0.8441657348754257	0.4040357645447109	0.3523340929160884
0.5276850996208458	0.5103939976364218	0.6790039784970705
0.09451268539391958	0.759113343411564	-0.6440607767549165
-0.3417690064942547	0.40907242861332505	0.8460813757247738
0.7641568538932563	-0.403092828289064	0.5035677456210667
0.5470450153761484	0.8186427303349849	-0.1748308646143193
0.411622989185393	0.2527091286733253	0.8756167032778959
0.38761549195437284	0.8210085306668438	-0.4191649114241789
-0.824815582521967	0.5119405130065787	0.2399920123077217
0.20383305646313354	0.3892777223244638	0.8982844426988452
0.9459534604669565	-0.3147167222146052	-0.07826516076189616
0.2522382519038049	0.8656883039872798	-0.4323882799245835
0.04647229888200133	-0.592461657212274	0.8042571169532213
0.9984537099182192	0.05213640907630812	-0.019286886715381257
-0.030504337186145036	0.8039098081140157	0.59396843841312
-0.9982525695276767	0.02253207231436206	0.05462703679141828
0.0542963316721532	-0.015037079259706987	0.9984116358568166
0.023317714260581813	0.9996330286482923	0.013787394137552478
-0.6226032596551889	-0.12519164481353193	0.7724585640250329
0.317704305817065	0.8616668356700448	0.3957198988826174
-0.7151427515762362	0.4917899108107593	-0.49670265601536223
-0.8161286673129742	-0.023825071424874444	0.5773788741905512
0.5726656933201085	-0.167140616210103	0.8025696344287557
0.07738218195520372	0.985645159468917	0.1500520494073473
-0.9461135049448892	-0.03668566213172783	0.3217505212969429
0.22055092851400196	0.6545184763274858	0.7231617053450481
-0.23712132694574192	0.7551554319078313	-0.6111577128430825
-0.5902454909667658	0.18779107070028297	0.785076285566341
0.5239296375955697	-0.650748790531094	0.5495668717010638
0.6140911945650879	0.7357041017879129	0.28571223174737137
0.2889903652604715	-0.1048756032530388	0.9515701112524135
0.7513785700030071	-0.5910863256492336	-0.2933380305564293
0.5932240835694853	0.7997612540457306	-0.09201697234937134
-0.21437244202613925	0.2374240997283506	0.9474567288103092
0.8285644235322296	0.5578601030085784	0.04767705452272081
-0.5172286265825333	0.7952495849350949	-0.31631099491498205
0.9525821816101945	0.14788227462318299	0.2659285996861486
0.19013692719021524	0.3930308356801522	-0.8996525502232648
-0.2375608052634634	0.9075558357791738	0.3462762896095257
0.9970364992527516	-0.04182210213920193	0.06456880772072447
0.04858199006116819	0.9930770924018647	-0.10694708405727966
-0.05964905195821877	0.1097670274687096	0.9921659086469204
0.8928412187141553	0.18281976375608983	0.41159627324016096
0.3806177260371831	-0.7948507580191015	-0.4725911754389233
0.24075860273582245	0.5786097185984926	-0.7792599622411429
0.8383589271715086	-0.5442772236179024	0.030275618616718545
0.5449009959689289	0.8382999470008402	-0.01833312440523348
-0.015401747430290717	0.03186695324589872	0.9993734454481554
