-0.18137594054695283	-0.697369143541882	0.6933823229837708
0.8575015909913947	0.23303289860256404	0.45867928840979266
-0.48144967508342434	0.6777698324686258	0.5557285889330474
0.7882726386061022	0.20234227674620933	0.5811057135032608
0.27418848331431267	0.7299406407662308	-0.6261048926302856
-0.5508601663242408	0.6528738499886061	0.5199123129512175
0.9544908074466645	-0.0479788623743514	0.2943557834748242
0.15651675602513493	0.9207221405888699	-0.35745383605833303
-0.2538696586502273	0.3872580129509424	0.8863303153013016
-0.6142541199357152	0.2785777933078134	0.7382995931312358
0.7487683443538001	-0.0895527996438541	0.6567543395894817
0.2490739702089889	0.956229422864459	-0.15358205693581128
0.5536840972650273	-0.5581211375577639	0.6180086700419658
0.7342586041134112	0.6772980975631778	-0.04616913820643559
-0.3928081245611357	0.4793413010043341	0.7848144331179414
0.233645925111995	0.788140219143161	0.5694247769877335
0.9523151535619527	-0.0673017303663066	-0.2976009499077167
-0.1962280050727581	0.611805093194451	-0.7662826488747443
0.9470057875146987	0.09364927049169555	0.30726186315590576
0.18616002547808783	-0.9395456708878245	-0.2873993340805537
0.26177181538061545	0.32936870897570286	-0.9071889385458884
-0.9953679101291528	-0.07531581134665508	0.059751586140603316
0.09176656236926087	-0.5590065093716774	0.8240695483459036
-0.02866394104186359	0.8257355817943709	0.5633286140812133
-0.9869587321231768	0.013402886607379056	0.16041453711057505
0.020764129958536433	0.9988024247690848	0.04430087112531538
-0.15962866908195197	0.047053999893595995	-0.9860550740709857
-0.8667337264270532	0.2667072613987586	0.42147346795622687
0.4947175885930524	0.35218636244061585	0.7944930922591602
0.06345986929193684	0.89712429619759	-0.4371965715343946
0.8867605416357325	-0.01486979488974366	0.4619898602760014
0.45457619804396804	0.20917586358844964	-0.8657978622426353
-0.08376289136481321	0.9777649754884673	0.19224835691948894
0.2286344242363718	-0.3457945971249504	0.9100287889145573
0.6414471071288879	0.7566874503257905	0.12637132299471757
-0.7323058847299286	0.5548424993803625	0.394813743518724
-0.4873630811026317	0.7727862419843423	0.40654477167695513
0.8331936261662305	0.2722479593580307	0.4813205064625397
0.2612768809024588	0.5733083575399068	-0.7765641755069423
-0.8199285700778249	-0.5478742900952023	0.16598464453921852
0.5662771991396873	-0.8187422665579269	0.09482212129086257
0.08394804169629912	0.1717406859316283	0.9815588943568747
-0.0017418225562757517	0.48547663344865916	0.8742479078782738
0.533705331383951	0.7397776631263109	-0.4097409283824615
-0.8456687207805013	0.4658770733946141	-0.26039002895414387
0.6953351678433906	-0.7055366009776658	0.1368470278854672
0.7156613084178829	0.6622908080269474	-0.22181022798017472
0.06586270563686134	0.25216857513158747	0.9654393371529343
-0.15179397439361675	0.9350303634381795	0.320432221829291
0.9652971926708876	0.2099384280714397	-0.1553292832681459
-0.2125086331410866	0.2857342749261259	-0.9344495732638267
0.051837243637582686	0.8650613276275904	0.49898076076663406
0.928271626589609	-0.22599411977295114	0.29536154979402907
0.36827257220805826	0.4478789538159168	-0.8147267979439616
0.9414251640855509	0.001888526683793277	0.3372166868549928
0.05161396577841562	-0.9890089114074139	-0.13855458019620512
0.3332486443530089	0.1478438589312613	-0.9311753510554257
0.8163477054979243	-0.14908340434273065	0.5579879589004193
0.5626165293069325	-0.013081403881384013	-0.8266144916604801
0.13053376834710545	0.9887380924299793	0.07319781348530974
0.1654020945002581	-0.695667304057805	0.6990630509473901
0.9851802324372123	0.08391085005427834	-0.149595718047438
0.045409875026119983	0.7134465441139328	0.699236706660912
-0.45795000061311963	-0.3957406045463717	0.7960346543032631
0.847345855060286	0.07650374239105251	0.5255018356888166
-0.2688620442728876	0.915170230784107	0.3002942720665316
-0.23939231017514984	-0.1759507535428756	0.9548469270813512
0.8924235452730088	-0.4272614086897897	0.1450100151257515
0.382454621715255	0.8868421623784647	0.2593056909451279
0.13374148750454773	0.633990520516989	0.7616884103192516
0.7689188727124973	-0.5512664348729266	0.3238349656368762
0.6252015528664445	0.5423664238105929	-0.5612144693575669
-0.1368667850130889	-0.44494910655032	0.8850354658092818
0.9235481058092452	-0.38041235719033284	-0.04842865632091681
0.3582267151069778	0.8107445535290176	0.4629977208439561
0.9371800530590451	0.052231213426748566	0.3449136826688887
0.14383710037955194	0.8429112208287874	-0.5184704064412218
-0.31781195179327054	0.5355115070144547	0.7824467963717785
-0.07162367018573534	0.019776214540385473	0.9972356548016008
0.8658338719914486	0.497588676085173	0.052318405404795654
-0.49517850920796286	0.8671876444981543	-0.05276204363291659
0.9207014465987161	0.060422994053891184	0.38556180830133435
0.15349295491536558	0.852259158773838	-0.5000942301981294
-0.3588157730958619	0.5196185024377725	0.7754017364579122
-0.9610656259234984	-0.21662569261804454	0.17154058402030237
0.23414490017502448	-0.9680939058995315	0.08927684516276564
0.14672773558636332	0.12596625999822772	0.9811235767994555
0.18250672972186877	-0.11085033180526091	0.9769357694059996
0.2737223223718136	-0.9486134438683009	-0.15877224048209232
0.944334360193258	0.2963861299909056	-0.14278612715318117
-0.34476035651659975	-0.23806542391246183	0.9080006335415891
0.8573758538601588	-0.4736724633353102	0.2013480635502199
0.38216088469663023	0.8479146486617857	0.3674150334331049
0.6223323979941893	0.1927507282931731	0.7586498158895535
0.522881664911101	-0.8236133654515041	-0.21967200265268738
0.5824921895670337	0.5333930829998628	-0.6133471024642607
-0.35066553887352025	0.09898890708686253	0.9312544636780502
0.7967038144707674	0.5542005668869384	0.2410907788985825
-0.4922364389744762	0.8264762113551392	-0.2732038802978147
0.736489910095973	-0.3105481508068037	0.600951294496734
0.4903982590938208	-0.36679805917271313	-0.7905496387102338
0.4659314969011813	0.8769373009614803	-0.11785079710302693
-0.9921583173490678	-0.0030258156667224492	0.12495086136004668
0.12115181989257673	-0.2690455131620426	0.9554772359319138
0.030726370624973555	0.9631227109184605	0.26730232670385146
0.7136995896646372	0.2795236206027202	0.6422611939372291
0.6271962882781622	-0.6632652354955562	-0.40829406480271196
0.3118616867821776	0.6942231434547332	-0.6486883037400968
-0.506950840391895	-0.39369649923554095	0.7668141312701737
0.8494539354115509	-0.07710250478631364	0.5219992484376824
-0.1463859864870275	0.9160012392160594	0.3735142202311226
0.3749537648545993	-0.43419543389027293	0.8190750877729094
0.8729822599682817	-0.13193316864350235	-0.4695696037781367
0.3119481495409664	0.891104912005608	0.3295760728533613
0.7286087514451115	0.5614209851123044	0.3923464856388107
0.6630492928649871	-0.721776244138131	-0.19850614254751361
0.1717408587053073	0.4047783725366054	-0.8981422752425035
0.6055050417381839	0.7395313216687204	0.29403582894020874
0.7950333438652696	-0.5454450977700052	-0.26535189364516887
-0.03585563515053272	0.3944401977354547	-0.9182218162504998
0.48754583359545534	0.7957697990224939	0.35923458506582073
0.8444195397858087	-0.3251829651987441	-0.42568965217923227
-0.22193400138697908	0.5108879193211096	-0.8305051673048836
0.6320892735589273	-0.04217679658520751	0.7737469018235599
0.6966613919982119	-0.40628881789692106	-0.5912633096607944
0.339302306433159	0.9127707895642436	-0.22742785794050402
-0.1832757091068351	-0.3306870398828119	0.9257732422709843
0.5866417033014386	0.7188753211849341	0.3729206142583764
-0.7888355509223541	0.6114444817355059	0.06224242408699088
0.889672622434334	0.3346207795547075	0.31066309529941716
0.4439911657163267	-0.47521485745560077	-0.7596332562620665
-0.1065573538366653	0.8137565810140357	-0.571354318439683
-0.24040825540532418	0.6300858255485179	0.7383737015738108
0.7887394804826756	0.5701792210564798	-0.22975136083023542
-0.5657684178715594	0.5271503659472017	-0.6340493585051907
0.09970469294840334	-0.030388132936210344	0.9945529325182827
0.8756802629627594	-0.4719508747715486	-0.10220787083117766
0.47248603287455726	0.881100977856126	-0.02044542881529976
0.003119211537066735	-0.7277018740739696	0.6858864723761648
0.9678603924771545	0.1746776157613471	0.18092537474301235
-0.25146874794565477	0.6632780058325194	0.7048586778819432
0.10706673774067166	-0.5254504250980215	0.8440607587335636
0.9931527445711262	0.016614707798838335	-0.11563553707921587
0.04673691924388795	0.8506619788429879	0.5236314143847011
-0.39034870126916954	0.31140828083986416	0.8664022010832108
0.5536942538696888	0.8312584843444658	-0.049315367148891315
-0.7355613942079618	0.46047173076064263	-0.49690564549131166
-0.08478590110015993	0.9521615887587609	0.2935977858687401
0.9962120124388103	0.07529520317321481	0.04350009944494557
0.019312618860470643	0.2961738362372627	-0.9549387841538608
0.465710390302728	-0.0882731127382041	0.8805235317307477
0.23677630346282236	0.9711643337918295	-0.027871470882488078
-0.8526727475899311	0.22146714053823024	0.4731823022675906
-0.8023961055569309	0.35028250943724926	0.48317973195221564
0.4101044120407683	-0.2645481635993545	0.8728279557627067
0.43356067742793203	0.898507892407492	0.06862001362343129
-0.7011489816984158	0.11498709225020999	0.7036817988829296
0.34127780872803265	-0.8123966542087522	0.47280136791280236
0.626034793548303	0.5716551800222459	0.5303685439585072
0.07348253791621884	-0.2686578196685506	0.9604287024825591
0.6714290373431417	-0.698754076148425	-0.24683149895915452
0.7374166830455178	0.6629975241257704	0.12903843834007322
-0.8903385160986204	-0.4373898405330301	0.1264415048542091
0.4552663036270196	-0.8519187084931481	0.25878003574688047
-0.0054698750531319285	0.28796638956283915	0.957624894699927
0.4910006427524115	0.5512742141046487	0.6745480781086108
0.8674550865884976	-0.23805837290137877	-0.4368636902321937
-0.0802498695853211	0.7996405142030072	-0.5950924352373241
-0.5927287630267699	0.1511287109253071	0.7910959020338879
0.4690002412752726	-0.7337540131296556	0.491572804272024
0.6547605571233592	0.6623935091395299	0.3640377066806788
-0.3494980644710044	-0.8976422334573878	0.26849492294018273
0.9367600088874702	-0.34034810483667455	0.08150983549996456
0.018215067394027673	0.2800028361422737	0.9598263504781029
0.6475297539078222	-0.37595020633002857	0.6628473882912147
0.5294459206069309	-0.40365742371787006	-0.7461552797039851
0.5480805004347034	0.8340995903594856	-0.062334889150330364
0.7511439793200327	0.48685523231230193	0.44581913945163987
0.5636488694574593	-0.8245462723688839	-0.049228007088508316
0.343631596758206	0.28826277507287107	-0.8937683694429408
-0.6799172046554471	0.4042216406296917	0.6118148903550513
0.6340149727881628	-0.09513910035098982	0.767446132223513
0.3684258529120187	0.9096996300048962	-0.1915958613201416
-0.9021608198687421	0.09729388975139046	0.4202853246436326
0.18451313865286006	-0.7936050046774976	0.5797809915953605
0.38994968490592447	0.6006038591017155	0.6980073407020136
0.5770593508568129	-0.17063547452005892	0.7986776824376828
0.3555388470646197	-0.8279131115772271	-0.4337649224020714
0.7352514085785044	0.5342690469359312	-0.4170874628534127
-0.45298893722549316	-0.4245421558477335	0.7839419498020738
0.47318093052968296	-0.8597491406657793	-0.1921749778392541
0.7555797970660555	0.2838932423158628	0.5903421018638304
0.7658211036337624	0.11544117276502953	0.6326068074719089
0.20671087242180047	0.8873490363762832	-0.41216780910777084
-0.6089241762746691	0.4464135115257112	0.6556876728103858
-0.647425382461063	-0.04544910004454192	0.7607724715381646
0.5152395077242123	-0.7616432045681298	0.39297312709051907
0.5615769082015906	0.6464008108289556	0.5165243149498493
-0.5807534756273525	0.3703968715946375	0.7249355544182225
0.5421647563533419	0.8402572395721936	0.005014809551576238
-0.6072748780536468	0.3959468763097177	-0.6887984419447433
0.586824663491567	0.07417370624544015	0.8063095408215287
0.5332410978333769	-0.784769918201166	-0.31589572182603276
0.6093363159204154	0.6153327854001853	-0.5000748117153928
0.9110061261767396	0.38496713761372964	0.14787880519513968
0.4014920154611917	-0.9098435468367412	-0.10482786748021225
0.09419129253471673	0.15487098901030635	-0.9834342769975069
0.6728015086652477	0.3141654511356864	0.6698045978122853
0.737890091528207	-0.21955534209238592	-0.6382113008895958
-0.05344476365614398	0.9236317020714513	-0.3795367388887838
0.22793166238582818	-0.19565186987880656	0.9538173321422501
0.7917456274773842	0.6074250858415244	-0.06460361027728961
-0.5667327577019665	0.7699059104223991	0.2933579220750322
-0.2687230232787323	-0.22850321099230575	0.9357212294942033
0.34020416021717215	0.8863272272417868	0.31414196730270627
-0.9011376510449812	0.4027534342697672	-0.16043878911610432
-0.18281317024355825	0.05758360924032177	0.9814598681211363
0.10700539277322757	-0.9911873907843369	0.07808586471049794
0.9773071117632101	0.11929662315839798	0.17504035249066408
0.5582126307855426	-0.37223551760632323	0.7415115496496574
0.8213940348748123	0.12180398160174222	-0.5572034005083228
0.1170918370492125	0.9201111397534079	0.3737445547404342
0.19808311816184454	0.32308570100853223	0.9254073201045614
0.8907453236019192	0.334679675862503	-0.30750980967423175
-0.4090670443589817	0.8852147447757495	-0.22149268351575802
-0.48117510354813775	-0.14230461112053086	0.8649970620639549
0.5990856708509671	-0.7737410553420834	0.2059639246546978
0.6399741234663208	0.617312057983605	0.45755758584200157
0.16691124698239534	0.4832623607177213	0.8594173179220423
0.785521077165017	0.46162608197928956	-0.41213832358318925
-0.5959003884545582	0.7438809388268968	-0.30256218516153277
0.22718042915714975	0.35149796305246417	0.9082060529295882
0.5347385265564291	0.7343969974026958	-0.417990141537051
-0.8139064816207281	0.5806119462910432	-0.021118877808594227
0.26218296683111497	0.25957311644544123	0.9294524673819721
0.7766471493013171	-0.6284269430505554	-0.04357502415687092
0.5727820679680643	0.73328123831647	-0.36635956128821356
0.9452556823343368	0.2749675895211271	0.1757399206998463
0.3203492659922663	-0.8845137886478767	-0.33913375749104563
0.062193591252343194	0.37686626594154066	-0.9241773502972339
0.7326914096551527	0.006719052355813493	0.680527848477184
0.6003739208256081	-0.4772801690750732	-0.6416812256877679
0.3204909568303474	0.8787254944196791	-0.3537330236871572
0.6045096077696999	0.01903615563534944	0.7963703654034036
0.37525336192156955	-0.8886489327741054	-0.2636057447135854
0.7026756353259185	0.45819286229498507	-0.5443401991964643
-0.7515850907517949	-0.20055198710786093	0.6284097006147381
0.5234561244944866	0.39836273256180776	0.753193746014332
-0.40138950794562234	0.8950340964303974	-0.19442332457345013
-0.7846880313206097	-0.36339210649906295	0.502206003982787
0.3940945185906628	-0.9177975141680339	-0.04834494186335327
0.47849159231796246	0.15998093611787295	0.8633955618138593
0.02997111511653594	-0.9087318102774009	0.41630304977099225
0.9699524777254829	-0.07416204553362737	-0.2317157352370891
0.24144134528466316	0.41073895358515256	0.8792039517625623
-0.619714991279483	-0.5688369866851926	0.540719716824142
0.6460996366494445	0.02135375711329035	0.7629543083164302
-0.44554302722063327	0.8221730350942292	0.3542921270068209
0.9953179644821702	-0.0007986446686997148	0.09665149634518012
0.09563294683289947	-0.13688379694330632	-0.9859600223206008
0.01401745551535774	0.9905867898882342	-0.13616652540106222
-0.4426753481655723	0.8716802915347619	0.2102665105915855
0.8961595942609546	0.42207882313823575	0.1369213229277418
0.03060257735109953	0.2490440451167509	-0.9680085463730963
0.11195569568186736	0.012166893616296526	0.9936387114560901
0.9864719130523601	0.11913369358558268	-0.11260696164746448
-0.11974592670820233	0.9928036713028343	0.0013353967229516872
0.3754154810728758	0.35119474121533456	0.857744408500292
0.8431471724735803	0.25493128437109047	-0.4734056250180315
-0.3849234496891921	0.9009285731907944	-0.20040370228060111
0.435584627296827	0.20962500819258084	0.8753989881208138
0.45145492713657703	0.7904768116511498	-0.4139261516332842
-0.7787518739796343	0.5755030548851092	0.24968330459026422
-0.43857589746133874	-0.19024855506562655	0.8783260610168767
0.8866881954235779	-0.25082313931748246	0.38842218896376346
0.14640773976282795	0.9491539601552342	0.27869613140331906
-0.7778047941933046	-0.6121400084974515	0.14249320028215837
0.6210973338186654	-0.7833294709694976	0.025160322613048812
0.09621748309562343	0.10807196633441724	0.9894759451544822
-0.6176297463859137	-0.73300774354745	0.28501428785018407
0.7393144905552023	-0.6647294506136985	-0.10746553653107634
0.2682304614214677	0.14434128094999782	0.9524799284915878
0.0247632902735887	-0.7253709063702415	0.6879126598969088
0.839391319727142	-0.3586535389209482	-0.40839913245035964
0.5429631588068868	0.587541221712225	0.599988600697841
0.9924958464436988	-0.07886716993987064	0.09344498005608103
0.10914493222802055	0.22683812859843755	-0.9677974205291618
0.055130559229402146	0.9707339660893884	0.2337438523671138
-0.755383840024278	-0.024438130921440634	0.6548267190541647
0.10972756538644128	0.9804772910731934	0.16316906288919047
-0.6460302745417893	0.19510781493020435	-0.737955164578866
0.7160705402380647	0.36760355217166474	0.5933890880644336
0.5813202518632986	-0.7846397100688591	-0.21542351347206035
0.3864061932432722	0.49920752579846994	-0.7755527706155219
0.049458873643886014	0.8687754614320972	0.49273016695887883
0.9099454868714812	0.1641931136371827	-0.380840954147988
-0.41176817596810567	0.4671935562992856	-0.7824175037742478
-0.3773707692266399	0.8451387337329876	0.3785918954197206
0.9164599262571502	0.39954331938372123	0.02159489524347505
-0.13301318016660277	0.35511358278731076	-0.9253117513691951
-0.9721042532876125	0.14405763632422258	0.18509651038528918
0.2293660131620618	0.41887600069658393	0.8785978192817101
0.04903623911225598	0.8965435256902554	-0.4402330675864914
0.5978499299876388	-0.7311144774847027	0.3287051597192317
0.7957127071291705	0.4916245973289477	-0.35376057300710734
0.0970399347018656	0.47305060629220236	0.8756748111939943
-0.6475090795527572	-0.1918408999291929	0.7375154649301254
0.3708775800985787	0.7661161055043633	0.5248961168336547
-0.6657190191642146	0.6134029523903392	-0.42491764557600065
-0.8085068421998514	0.4214697723994286	0.41070660704400586
0.458753191010706	0.014267078073845862	0.8884491883167713
0.3685948939601854	0.9067302142516311	-0.20488563324369813
-0.9748486959679883	-0.13323314639429973	0.1786587492158964
0.18982615758986704	-0.07635237659535976	0.9788443923744509
-0.11677349812427654	0.9881392833452761	0.09972315100168083
-0.6073028116759949	0.4878544037618078	0.6270417654834821
0.6503498761890332	0.7585983483137131	0.039668431738796917
-0.45632042850538745	0.431887284677284	-0.7779749609484499
0.9352246459745659	-0.3481619773954581	0.06432805809156986
0.3539640808198165	0.9153081898470866	-0.19214668117933262
0.008018170061198069	0.20247013383443543	0.9792556121125554
0.9979839689154172	0.015136894494632059	0.06163499178948656
0.050864668361723264	0.3900544901308113	-0.9193858168588662
-0.03795765140631868	0.9206673498902038	0.3884981950355306
-0.8440187089492044	0.40410017871772314	0.3526123430965271
0.5279134182894316	0.5100769805002381	0.6790647220653768
0.09455073629372912	0.7592921173857029	-0.6438444212247632
-0.34188592378255134	0.40895218294397684	0.846092268718198
0.7636824098497548	-0.40376982483128687	0.5037450798189326
0.5476341771706934	0.8183691346947707	-0.17426636902601045
0.4111426734378518	0.2521462719733477	0.876004543143652
0.38800194935212995	0.8211803936691517	-0.4184701283871096
-0.8248734383996875	0.5119423977200164	0.2397890573803514
0.20442282705888637	0.3890467234027783	0.8982504966805277
0.945814381356582	-0.3149968412027673	-0.07881716850626158
0.2522825079079375	0.8656902662279624	-0.4323585308072928
0.04638333945885065	-0.5924879083815648	0.8042429137034927
0.9984669820854188	0.051842190431471424	-0.019392601076259952
-0.03020383263562665	0.8039094885078205	0.5939842277209164
-0.9982072204507921	0.023672090348610217	0.05497251293538775
0.054551772614081284	-0.018067514937545326	0.9983474690750928
0.02462618818586646	0.9995565001752073	0.016743769376262763
-0.6231604840459013	-0.12519349252996295	0.7720088085973034
0.3174121473364313	0.8616703837715776	0.39594656009898344
-0.7147870590930934	0.49178322374710226	-0.49722099814263077
-0.815986031071289	-0.02420870608299669	0.5775644861366673
0.5729159825687695	-0.1670089738456766	0.8024183943381878
0.07703294109526687	0.9856581259264295	0.15014654435388086
-0.9462685330896148	-0.0368653063206226	0.32127373449181124
0.22007059069799398	0.6545336515789653	0.7232942928438891
-0.23694893625898422	0.7551335300068408	-0.6112516285991745
-0.5903780235773763	0.18804607780788857	0.7849155762869922
0.5238059908419026	-0.6506071638477802	0.5498523459148653
0.6140692739707825	0.7357642224048527	0.2856045094076398
0.28883589796604814	-0.10474664934028599	0.951631211918845
0.7516091089577243	-0.5908793647110382	-0.2931643288165452
0.5930072270874296	0.7999310694120231	-0.09193863611896114
-0.2140146204526152	0.23757233868035688	0.9475004623357548
0.8285927916604069	0.5578514865509274	0.047283237635911135
-0.5173313520761496	0.7952113573427295	-0.3162391014915724
0.9526108315329739	0.14812331332065726	0.2656917155218929
0.18977424384812397	0.3932297029004381	-0.8996422272929978
-0.23773586186759638	0.9074303746336374	0.3464848844817442
0.9969967400735361	-0.042345867962375036	0.06484078769767512
0.049176942078364094	0.9929702628613384	-0.10766468985189938
-0.059825819263618116	0.11053001646429607	0.9920705553587604
0.8929510325419089	0.18187747789964354	0.4117754685689804
0.38017829207920156	-0.7945209044887924	-0.4734986785219701
0.24104547229533269	0.5793592282540905	-0.7786141309549577
0.8380508220339031	-0.5447429963305033	0.030428401817457294
0.5453735101019079	0.8379899340648445	-0.01845548387666417
-0.015445198847006302	0.03206147773984981	0.9993665531113765
