-0.1815183174857764	-0.6973278427384275	0.6933866022349318
0.8575260589347846	0.23289315473278394	0.4587045200631751
-0.4813524266739589	0.6778603530376904	0.5557024231679296
0.7882572184390045	0.20219234084208212	0.5811788148957279
0.27435791559960376	0.7299210303597281	-0.626053530927215
-0.55079786830256	0.6529422231280437	0.5198924518878533
0.9545227422793889	-0.04793115583518366	0.2942599849992158
0.15646311049504213	0.9206868520155089	-0.35756819710369725
-0.2537826422859759	0.3873478085985199	0.886315996498017
-0.614263722062911	0.2781859455064167	0.7384393404201313
0.7488662473771213	-0.08949237073585015	0.6566509416115877
0.24875575027871377	0.95634914926651	-0.15335214834000865
0.5534894970807509	-0.5582787669439467	0.6180406095078573
0.7345361365968527	0.676988796083112	-0.0462907551386704
-0.39256342246147596	0.47959460834905643	0.784782116888406
0.23370814080729108	0.7879537799999452	0.5696572175477084
0.9523389033147336	-0.06737983444820395	-0.2975072623366072
-0.19603856292497585	0.6120365989820626	-0.7661462545446396
0.9470090724744125	0.0934328238248343	0.3073176273552666
0.1860035006619158	-0.9395362545969677	-0.2875314313938824
0.2618711790034667	0.32945702865475446	-0.9071281893301051
-0.9953592467774008	-0.07536808219676687	0.05982994267678387
0.09186373730436666	-0.5590866112254493	0.8240043779719365
-0.028653509788508703	0.8256765791364226	0.56341562193675
-0.9869311131452685	0.01335271332520247	0.16058855174854691
0.02072173236135092	0.9988033120801738	0.04430071766483489
-0.1598048425855278	0.047049429587720105	-0.9860267559562896
-0.8666004762088992	0.26694046777708147	0.4215998117853731
0.4949298334179366	0.3520768710260429	0.7944094264807062
0.06362448135271995	0.8970979119089868	-0.43722678534272497
0.8867888928307287	-0.014753220426443614	0.4619391756921025
0.4545018135151483	0.20920526265316053	-0.865829809829659
-0.08386632854424811	0.977760451524437	0.19222626868156545
0.228802840137583	-0.34570680308397056	0.910019816622933
0.6412303915518691	0.7568815005664703	0.1263090616325092
-0.7324430662483006	0.5546324912964522	0.3948543456808833
-0.4875649857312261	0.7726483234412378	0.40656482013616735
0.8330600672590847	0.2723162005484926	0.48151304370403375
0.2613260588368467	0.5734618166907696	-0.776434308728384
-0.8197770015759378	-0.5481686759876595	0.16576118469985907
0.5665303993648764	-0.8185694289894885	0.09480188035738595
0.08371961707173603	0.17162515139034484	0.9815986110053351
-0.0017934053205082012	0.485427786444523	0.8742749269222624
0.5333855233389414	0.7399899766408913	-0.4097739840002742
-0.8458703607467283	0.46559069859543367	-0.2602472558772062
0.6949751013413489	-0.7058224774517938	0.13720145348863413
0.7160201675433309	0.6618947734158069	-0.2218342367536125
0.06576266559988367	0.252408278882943	0.965383515792842
-0.15145371636828564	0.9351013962405155	0.3203859399962377
0.9653067335409093	0.20966924736234238	-0.15563327694001833
-0.2127079734725857	0.2856994670270616	-0.9344148610556435
0.05153697573387306	0.8650099398388799	0.49910093579570003
0.9283007195255147	-0.22577292660291715	0.29543926574097285
0.3682413804294916	0.4480897115456804	-0.8146250033888545
0.9414837978538075	0.002192736679436577	0.33705110930632676
0.05192272277652601	-0.9889861642726347	-0.13860157912799165
0.33303496699031887	0.14799175241598955	-0.931228302822998
0.8163831479748628	-0.14919104141644993	0.5579073299964148
0.5625436116711954	-0.013076450737769862	-0.8266641950659472
0.1306263398805187	0.9887219222800605	0.07325107324975788
0.16505467321996448	-0.6957754593211499	0.6990375276440413
0.9852364472723768	0.08365011847502712	-0.14937135148755615
0.045454348684761114	0.7133716898542841	0.6993101846105828
-0.45770303745498264	-0.39587471559351695	0.7961100043701461
0.847411360927689	0.07674694599077192	0.5253607252657656
-0.2690760392066975	0.9150918619651479	0.30034142120259444
-0.23914716026988736	-0.17600181695855321	0.9548989455236283
0.8925411716898931	-0.42708263544245084	0.14481256624327826
0.38233348345820045	0.8869181376715773	0.25922446739437843
0.1335492271922074	0.6340282810870793	0.7616907132807433
0.7690461034135369	-0.5510690498485258	0.3238687899806004
0.6250861498552176	0.5425228484412488	-0.5611918247608156
-0.13648006859868844	-0.44500157392717093	0.8850688052787976
0.9235933930997369	-0.3802589247130186	-0.04876878508445759
0.35825749831345105	0.8107877338603734	0.46289827772821535
0.9371287597058657	0.05252530342595545	0.34500837704635107
0.14361668030909802	0.8429702725167421	-0.5184355010896186
-0.3180627876208409	0.5353897759138299	0.7824281762422662
-0.0715958814760902	0.019765953330251995	0.997237853696202
0.8659702253195921	0.49735182582476556	0.0523137669137555
-0.4949440358420295	0.8673237391180517	-0.05272506943272193
0.920677580633301	0.06018708747043814	0.3856556845439172
0.15375489876421983	0.852230535205412	-0.5000625420579925
-0.3587648584034061	0.5196928221221868	0.7753754877538115
-0.9611034835325978	-0.21637276025159508	0.17164766984323568
0.23391652650011852	-0.9681413694865972	0.08936077058047623
0.1468439735625062	0.12603617460762176	0.9810972072728834
0.182322751647227	-0.11064353674863027	0.9769935629304515
0.273920190036385	-0.9485942896199457	-0.158545271739213
0.9443125243912708	0.2965246726263848	-0.1426428224678724
-0.34487636349803963	-0.23802107925532345	0.9079682041407062
0.8574229890132445	-0.4735008839739989	0.20155081440528838
0.3819504049113727	0.8480229234554761	0.3673840082013179
0.6222646740262723	0.1928197656179401	0.7586878234465212
0.5230830057034868	-0.823466901344792	-0.21974173826065138
0.5823837605936338	0.5335942282077734	-0.6132751054952152
-0.3508324428494143	0.09898870931086318	0.9311916196322225
0.7965926919447874	0.5543145126447575	0.24119598713818163
-0.49229734935754954	0.8263998163724229	-0.27332519700012337
0.7363166348550753	-0.31073506441469434	0.6010669954163959
0.4904132513629773	-0.3669528051952251	-0.7904685203390129
0.4661895066636433	0.8768063403640229	-0.11780486141988367
-0.9921432044474523	-0.003522750959531744	0.1250577950166139
0.12138727840505442	-0.26905674368557997	0.9554441884896917
0.030281851167887827	0.9631178842192626	0.26737043700988505
0.7134756576237147	0.27970357667540113	0.6424316268470878
0.6273680294538168	-0.6633140088317357	-0.407950831972196
0.3120285909939068	0.6941040519133712	-0.648735480392276
-0.5069294158826112	-0.3937076243615065	0.7668225830220008
0.8494536460417264	-0.07701702934414567	0.5220123374187821
-0.14646183987418676	0.9160036483063928	0.37347857468674994
0.3749398887334343	-0.43413295381948613	0.8191145574609988
0.8729983127789539	-0.13194585125994962	-0.46953619479267744
0.3119199027341149	0.891133475268018	0.32952557341591115
0.728574916437102	0.5613701282647994	0.39248206357823834
0.6630925766905456	-0.721688826726046	-0.1986793198012205
0.17171728473442205	0.4050047116648711	-0.8980447414537269
0.6055008421139997	0.7394676991918743	0.29420443921041195
0.7950543871869606	-0.5455786174406743	-0.2650141385026254
-0.035457744062527635	0.39437481415957326	-0.9182653507252672
0.4876839778556503	0.7956343479252199	0.35934707755107714
0.8444237719584684	-0.32540925690166844	-0.42550829471837237
-0.22161414912934235	0.510954792446763	-0.8305494380115874
0.6320140813436238	-0.042309504660691	0.7738010770209243
0.696611341520333	-0.40647650004501235	-0.5911932795426545
0.3395450483347054	0.9126810838000995	-0.2274255909629752
-0.18337384368574283	-0.33055612554745323	0.9258005623863992
0.5867509926595214	0.7188126793260593	0.3728694203781778
-0.7887314537058752	0.6115888977925844	0.06214269089658675
0.8896196724439202	0.3347944338101422	0.3106276315631283
0.4440466207999516	-0.475074717245505	-0.7596884964182674
-0.10676814579693798	0.8137669814657328	-0.5713001513383609
-0.2404618605330362	0.630057635580733	0.7383803013863566
0.7886450823035125	0.5702914722989507	-0.22979680324491253
-0.5658772197106687	0.5270626267053198	-0.6340252043436538
0.09951627515448003	-0.03016401592497897	0.9945786259128311
0.875663655613868	-0.4720408988969549	-0.1019340571424085
0.4725565291225324	0.881060453040444	-0.0205622195259354
0.002841889281138932	-0.7279025487997856	0.685674706487041
0.9678213578765645	0.17453445633994025	0.18127201325103823
-0.25162222259426303	0.6630954705024741	0.7049756407818824
0.10685917839976766	-0.5255906256259884	0.8439997691029356
0.9931863425736946	0.01672875766866455	-0.11533012439059637
0.04649736462224474	0.8505731261455096	0.5237970524566178
-0.39054371537112464	0.31125005195895017	0.8663711742317315
0.5537960761153531	0.8312106241389273	-0.04897759077183106
-0.7353812021416894	0.4606650664790263	-0.49699314287273455
-0.08453993817514993	0.9521298988877084	0.2937714324052364
0.9962320031237853	0.07503870442831839	0.04348550091340733
0.01935961790202359	0.2963407641243472	-0.9548860438360622
0.4657088383767225	-0.08783286978502125	0.880568376018087
0.2367312687631502	0.9711619986466671	-0.028331586161036815
-0.8526860994806899	0.22165233896789496	0.4730715129686721
-0.8024409824715517	0.35237502043134317	0.4815810571711697
0.408574474083509	-0.2637564478491541	0.8737845474402604
0.43491995674776174	0.8979222578787136	0.06767754449238006
-0.7010778246894087	0.11479719385105591	0.7037836940514388
0.34149063821609327	-0.8123735143454847	0.47268744134018575
0.6259984247101038	0.5717262259804856	0.5303348892790093
0.07348787154160108	-0.26835500231172643	0.9605129491425706
0.6714255071525281	-0.6988338052899143	-0.2466152893252736
0.7374193658165316	0.6630361267067513	0.12882458461199542
-0.8902498836889539	-0.43756533336049996	0.1264583869615593
0.45543966759694066	-0.8518571579534138	0.25867758237373734
-0.005463860447805599	0.2878818533437772	0.9576503457652792
0.49110955086761965	0.5513095343865686	0.6744399204829663
0.867401349498313	-0.23824875156969916	-0.4368666058008838
-0.08016425596929194	0.7995594597463933	-0.5952128714963623
-0.5926776390436661	0.15092154938231167	0.7911737496338391
0.4691985945546156	-0.7337141587354625	0.4914429897140525
0.6546647195668938	0.6624848822449878	0.3640437964740575
-0.34956724176609	-0.8976477312993997	0.26838646384847553
0.9367373072151947	-0.34037567857550766	0.0816554634148193
0.018054383270392133	0.2799516885594794	0.9598443057691294
0.6475325441518561	-0.37609203961090765	0.6627641978905711
0.529363020558463	-0.40361911557499397	-0.7462348169361173
0.548157273717539	0.8340541872586982	-0.06226729468017478
0.7510788647035841	0.48672736121235777	0.44606839704559914
0.5635514320596904	-0.8246198958478337	-0.0491101903415196
0.3439336017591876	0.2882681099587034	-0.893650476619237
-0.6798115128964102	0.40445489543853363	0.6117781824234161
0.6340896636801832	-0.09498942151884338	0.7674029633859043
0.36849234096171657	0.9096115914802978	-0.19188576627054355
-0.9023904677745409	0.09710963104785827	0.4198346855935012
0.1844477145676471	-0.7934715384491284	0.5799844465689965
0.389448949491993	0.600809984295303	0.6981095032376088
0.5770778130857206	-0.17077810783608308	0.7986338557362375
0.35541680744790083	-0.8279170229353401	-0.43385746059901453
0.7352959204481851	0.5342174098789844	-0.41707513514287253
-0.4531051493263507	-0.4245765400082227	0.7838561636732797
0.4732056507875794	-0.8597421274186088	-0.19214548239401258
0.7554946298397156	0.28386305856234695	0.5904656029498931
0.7655901386810484	0.11533128855646417	0.6329063385954028
0.20691253315240993	0.8873830375162313	-0.4119933838703234
-0.6091460770445674	0.446374325659947	0.6555082136883119
-0.6475945483207681	-0.04555701081692151	0.7606220216051119
0.5152099903666527	-0.7616323226610797	0.39303291325826994
0.5614089123015541	0.6464060363605186	0.5167003670843189
-0.5806586899392272	0.3704271796258485	0.7249959933630665
0.5423262453032003	0.8401525595245138	0.005091206118520514
-0.6072213183456203	0.3961406080154465	-0.6887342660473335
0.5868676659039684	0.07432191550483877	0.8062645940335714
0.5334422254634364	-0.7846077955626152	-0.31595885687062153
0.6091188183015234	0.6155216162069902	-0.5001073936394966
0.9108879177153854	0.3852616090049254	0.14784009600600714
0.4017764670152137	-0.9097222509647618	-0.10479072789316975
0.09412158048451137	0.1548512793829725	-0.9834440550232406
0.6726604783703055	0.31431843315865005	0.6698744684008512
0.7380025737393375	-0.21932368368560273	-0.6381608910993304
-0.05366639537685991	0.9236346920461946	-0.3794981866306948
0.2279090528188218	-0.19585606979144898	0.9537808257503788
0.7917589901972676	0.6074228268968663	-0.0644609246475929
-0.5667231820607224	0.7698557717458944	0.2935079651806791
-0.26847665525968134	-0.2281869872930476	0.9358691064516966
0.3406179095763034	0.8862852933564478	0.31381175640173925
-0.9010547848252313	0.40302490941652463	-0.16022233656191243
-0.18620387605632982	0.058955481264575636	0.9807407240297822
0.10557096013960113	-0.9912184330244143	0.0796290801643956
0.9768228544197776	0.11836498325724235	0.17834472748503394
0.5581869940924253	-0.37250709585736713	0.7413944585454987
0.8213558407526931	0.12155732353230975	-0.557313556229434
0.11748132825049107	0.9200338475466932	0.37381259593669214
0.19809299844137718	0.3229211597727011	0.9254626348694788
0.8907321335373597	0.33475578558619823	-0.3074651692477548
-0.40909098040959996	0.8852460045589705	-0.22132347629632765
-0.481273529819334	-0.14216535023310384	0.8649652031661959
0.5988869538884224	-0.7738769260345377	0.20603135638436804
0.6400860926137093	0.6171738138842531	0.45758745338796103
0.1667614423333511	0.4833171034608078	0.8594156147366392
0.785413415758566	0.46182384693052114	-0.41212194888498294
-0.5960842119175465	0.7437226041398428	-0.30258932630561874
0.2270226732789299	0.3515432533985481	0.9082279707250007
0.5346976892468946	0.7344570658191318	-0.4179368368334895
-0.8139773258090914	0.5805085352157329	-0.02123095877168102
0.2619835802069661	0.259708679499829	0.9294708201414368
0.7767216999451786	-0.628349777719921	-0.04335847868176684
0.5727722099894617	0.7332993649470729	-0.3663386914209408
0.945201293833675	0.27524141383050404	0.17560375351265134
0.3205533271330038	-0.8844410471477224	-0.33913065120127556
0.0619683677299013	0.37683709773962665	-0.9242043730517977
0.7325839507537047	0.006994739600040045	0.6806407486449964
0.6005986490061328	-0.4772015618938048	-0.6415293696613749
0.3203154974554019	0.8787660342457715	-0.3537912366719358
0.6044523513318716	0.019043594740592612	0.7964136465861994
0.3755054315431201	-0.8884993330969326	-0.2637510302689271
0.7025902261282794	0.45848258046043744	-0.5442064843084393
-0.7516253366499908	-0.20054286322648746	0.6283644748986935
0.5234040479698499	0.39838222333841344	0.7532196271318995
-0.40138205724043463	0.8950274655768197	-0.19446922632789954
-0.7848392989387107	-0.36316108345411574	0.5021367366622616
0.39378446834590003	-0.9179282229620886	-0.04838977143155583
0.478498764189553	0.1597554535973471	0.8634333371575228
0.029918052071691847	-0.908664230033303	0.4164543519021263
0.9698748820052723	-0.07438184795102254	-0.23196994191198544
0.24175943294004987	0.4108487042128471	0.8790652528857741
-0.6196224167551208	-0.5688935144010442	0.5407663357929858
0.646181835121023	0.021363337316275377	0.762884423604479
-0.4455525744669987	0.8221336734930276	0.35437145242624957
0.9953296743041395	-0.0009291318474343863	0.09652966468203183
0.0954931992389352	-0.13697447210732205	-0.9859609743240517
0.014138187604090045	0.9905741419524995	-0.13624603093793608
-0.4425851278658419	0.8716735160547294	0.21048440797541568
0.8962084014042763	0.4219936575002562	0.1368643645436901
0.03047795669607288	0.24921202707401913	-0.9679692452331787
0.11201477060017351	0.011964156017082506	0.9936345153718189
0.9864888251561961	0.11896077957587292	-0.1126416031697361
-0.11955119827646327	0.9928268690428856	0.001522858221332024
0.375584203580416	0.3514667532840342	0.8575591101241036
0.8430846952661762	0.25470930189074303	-0.4736363247664488
-0.38489570357280334	0.9008852828558751	-0.20065145029350395
0.43576249869035566	0.2093922832585625	0.8753661613558659
0.45152689219288944	0.7904714942156125	-0.41385780463725425
-0.778610628210127	0.5755950734190685	0.24991158655398238
-0.4385190883984491	-0.190237809079353	0.8783567527530489
0.8867012608834013	-0.2508965099678495	0.3883449693683941
0.14649874763280152	0.9491367221231304	0.27870701401181197
-0.777791964847447	-0.612150505399571	0.14251813273334038
0.621124915519421	-0.7833028728429783	0.02530708827443133
0.09614311592485766	0.10820521306751936	0.9894686114906688
-0.6177989315899364	-0.7328710967975817	0.28499900983168724
0.7391392493909076	-0.6649095589798333	-0.10755672171969916
0.26832377855154466	0.14420552644039897	0.9524742075289331
0.024659309774331395	-0.7253353196347876	0.687953917447785
0.8393391510048454	-0.35879789801017314	-0.4083795513660625
0.5430485319305437	0.5874970148637196	0.5999546228626791
0.9925023810095724	-0.07888256876164867	0.09336254086031089
0.1090687735722359	0.22684892466812523	-0.9678034759228568
0.05516363223880193	0.9707301920319976	0.2337517228936361
-0.7553348751657587	-0.024723274914197006	0.654872496014182
0.1096125622528134	0.9804446124041957	0.16344249203912525
-0.6461070441921376	0.195236066558163	-0.7378540274066381
0.7160180731433125	0.3673658070877155	0.5935995979740295
0.5813898566824212	-0.784488014311475	-0.215787835496889
0.38639869756371054	0.4996207753731124	-0.7752903503440745
0.049248549347588155	0.8687031732047152	0.4928786638222606
0.9098870056562858	0.16449971136258912	-0.3808483712705927
-0.4119225865681519	0.46722012138357616	-0.7823203569186477
-0.37732502918458155	0.8450784091338521	0.3787721013573366
0.9164567533926127	0.39955530079704804	0.021507690858207473
-0.13316471571676397	0.35524364036640843	-0.9252400307311046
-0.972168517416234	0.1437314671043451	0.18501253770691922
0.22915241966491762	0.41900538155059663	0.8785918613288838
0.04876004826120596	0.8965354179259576	-0.44028025404041626
0.5979694182030568	-0.7310249047516428	0.3286870297513265
0.7956089236113433	0.4916492604814169	-0.3539596662588487
0.09715459620572503	0.4731633896456144	0.8756011598525753
-0.6474797754992045	-0.19183488860567063	0.7375427552577207
0.37095378072398333	0.7660693852919271	0.5249104585403419
-0.6657050644888343	0.6134631793613199	-0.4248525564025929
-0.8098972605134889	0.4170264820125272	0.41249889783246874
0.45883067532074234	0.012291110688076312	0.8884387091875079
0.3654323997642487	0.9088112245666362	-0.20129907924338242
-0.974879343872054	-0.1330758884838559	0.17860871422141245
0.18975028654024115	-0.0762702016404384	0.9788655091991052
-0.11664087469446639	0.9881668200491045	0.09960543210362849
-0.607529878842707	0.4876105755051909	0.6270114615928978
0.6500396469933528	0.7588628311140091	0.039694595228926016
-0.456460188461297	0.43169796178477327	-0.7779980502165473
0.9353326536803175	-0.3478681359001007	0.06434739299089229
0.35368267187218283	0.9154759024943351	-0.19186568106239493
0.007835469142883803	0.20221679449929947	0.9793094370247531
0.9979811202175671	0.015153622043989349	0.06167699269774457
0.050898512628959655	0.39001440721000213	-0.9194009482161688
-0.03798717022165972	0.9206840554216079	0.3884557181854479
-0.8439447859246991	0.4041291334008783	0.35275606564192374
0.5280289280627608	0.5099173074274665	0.679094831901123
0.0945655827423795	0.7593839497399044	-0.6437339259647705
-0.3419451755217455	0.40889420269939186	0.8460963467219504
0.7634437598202217	-0.4041081504181765	0.5038355171652389
0.5479298518322999	0.818231100462717	-0.17398489505300407
0.4109013143461141	0.2518639435111945	0.8761989864338042
0.38819415845678956	0.8212674212832073	-0.4181209371448121
-0.824903270213339	0.5119417708077949	0.23968775123797714
0.20471849555335764	0.38893063111293524	0.8982334338914713
0.9457447725660684	-0.3151363075411897	-0.07909445513599872
0.2523037113130238	0.865691672508982	-0.43234334203995295
0.04633820711876013	-0.5925013012707099	0.8042356486462996
0.9984736185212999	0.05169451369111688	-0.019445060329565556
-0.030053347201275227	0.8039091274806838	0.5939923493406674
-0.9983230093167474	0.02482199771299193	0.0522975859699935
0.05189929558976768	-0.016428077480846293	0.9985171913330131
0.02564434023402746	0.9995568951789684	0.01511228355153238
-0.6234397360707571	-0.12519501126560748	0.7717830683827089
0.3172648527243488	0.8616723782002058	0.39606025535592265
-0.714608920119125	0.49177934259279926	-0.4974808232335919
-0.8159143465698451	-0.0244015653589732	0.5776576344769752
0.5730416563883419	-0.1669426156849434	0.8023424599957145
0.0768572644920984	0.9856646116587027	0.1501939886230157
-0.9463464434104192	-0.03695436600443938	0.32103392948045306
0.21982985784376932	0.6545410698874554	0.7233607823423753
-0.23686123077624743	0.7551227467529997	-0.6112989405285816
-0.5904466158757222	0.18817191514120263	0.7848338194503341
0.523744265734231	-0.6505353701777166	0.5499960693116384
0.6140559729466188	0.7357955303614132	0.2855524463014596
0.2887583646134517	-0.10468175135000252	0.9516618820779055
0.7517243883320324	-0.590776046007053	-0.2930769650639646
0.5928988538128546	0.8000158713416683	-0.09189969939469145
-0.21383622998568041	0.2376469448884494	0.9475220294698682
0.8286054510288682	0.5578493982028766	0.0470856182919413
-0.5173848405884708	0.795190529690762	-0.31620396616641
0.9526250960923933	0.1482442075146386	0.26557311843128095
0.18959242399269274	0.3933297477380905	-0.8996368280083163
-0.2378237562976698	0.9073672710003632	0.34658981008941914
0.9969767239262597	-0.042608716248231183	0.06497622064217251
0.04947536300645907	0.9929165930037048	-0.10802234858256965
-0.059913274027060696	0.11091048930372999	0.9920228137284774
0.89300559968324	0.18140746262354668	0.41186445760573165
0.3799594112924264	-0.7943554630361174	-0.4739517318409
0.24118840085022697	0.5797333273576414	-0.7782913493327213
0.8378960886384521	-0.5449766061665255	0.03050644809870441
0.5456105407384357	0.8378342968231199	-0.01851563938998304
-0.015468758175592819	0.03215882146664998	0.9993630610155556
