-0.1803683098302038	-0.8570957678915528	0.48254960104779376
0.6949672660132041	0.23612414884747546	0.6791655803272039
-0.6960515584201562	0.45785612477441484	0.5530641888853657
0.7899073709607372	0.1986061074064756	-0.5801740768103517
0.27572869107579373	0.730039283440488	0.625312988471636
0.5477408458564378	-0.6539099775462569	0.5219020090456902
0.9534900208193339	-0.15870755256746444	0.25625903487680535
0.048894799424119534	0.9203365694419794	0.38805914180321
-0.2974324776940497	-0.35748078508615566	0.8852917087079063
-0.6089701243398933	0.7545014426252183	-0.24470995226577838
0.2796468509658072	-0.08447819225851427	-0.956379147502517
-0.7422621008824059	-0.6508386959218067	-0.1595492572356243
0.5495660535869112	-0.7380810531039732	0.391424975945376
0.5572472260925863	0.67291345381576	0.48648022846346295
-0.6224569718117279	-0.04923253723580623	0.7811040106927494
0.9440277716602956	-0.1330866225048422	0.30182696573426054
0.1330866225048422	-0.6835564776472878	-0.7176618234075758
0.30182696573426054	0.7176618234075758	-0.6275842493075834
0.9568900755431634	-0.046280893500696224	0.2867393628781653
0.046280893500696224	-0.9503148954629375	-0.30783060010019003
0.2867393628781653	0.30783060010019003	-0.907204971006101
-0.9953101179523434	0.07956588577952396	0.05501853253052734
-0.08993808864951856	-0.5516898551216012	-0.8291860128861185
-0.03562175335050606	-0.8302454899462127	0.556258498462908
-0.9865851692006644	0.015924788225218124	-0.16246878171907075
0.010843789369830232	0.9994254272590077	0.032112732369772586
0.16288682004815447	0.029920168250393203	-0.9861909893050478
-0.6156293388740897	0.3380745578284607	-0.7118329231403546
-0.3380745578284607	-0.9292570369323947	-0.1489528538186386
-0.7118329231403546	0.1489528538186386	0.686372301941695
0.9528935612915569	0.23559350719728567	-0.1910224076268972
-0.23559350719728567	0.17827418406752016	-0.9553606725533256
-0.1910224076268972	0.9553606725533256	0.22538062277596327
0.22834075237980023	0.6439363836396534	0.7302098565670774
-0.34418865303622626	0.7549830862621326	-0.5581529455079615
-0.9107110803782585	-0.12388088344530887	0.39402900247706996
-0.4836729229674721	0.7730143448568492	0.41049887482627523
0.8366966274958929	0.2706976374398694	0.47608984721528347
0.2569032057509224	0.5737347921557565	-0.7777076128886034
-0.8197508556212436	0.566719019313339	0.082692731583658
-0.5477017323100707	-0.8179354305039692	0.17608078813668077
0.16742564658016798	0.09905142439568576	0.9808962576095387
-0.006822823057658356	0.5392921323039463	-0.8420911145004362
0.4879570714545259	0.7368413548849065	0.46793451908242245
0.8728409623196236	-0.40771167970324085	-0.2681787477234452
0.6953704443495388	-0.7109888002725345	0.10466551969080876
0.7118354550910612	0.66141985258538	-0.23625000207668975
0.09874325293622252	0.2387858967630965	0.9660388530005494
-0.14853538146470235	-0.9356353277557823	0.32019333832618274
-0.967672365915224	0.2042542392120662	0.14795404018793412
-0.20383187360461613	-0.2878658354498323	-0.9357274325804508
0.05161341066134384	0.9328732477187957	0.3564878111948431
0.8617067367985264	-0.22202763710249784	0.4562512773885864
0.5047747572887721	0.28363926394853756	-0.8153227657503459
0.9426772954692196	0.05134602055271347	-0.32973186497552515
0.0034556163038333837	-0.9895407127364406	-0.14421247017167907
-0.3336878411371896	0.1348063945458711	-0.9329949949848306
0.8272901941109252	0.1517469264148384	0.540891675894127
-0.5475866124581148	0.0028006964707117943	0.8367443205399874
0.12545850542930137	-0.988415411870398	0.08541157411333311
0.15896799602434597	-0.6916013749298765	-0.7045684597220543
0.9856939748104897	0.07069682851949977	0.15300113221666772
-0.0560050378296571	-0.7188111689674757	0.6929458413940514
-0.21919862582674376	0.8965525974212469	-0.3848966127324094
-0.8965525974212469	-0.3407090994728441	-0.2830384242353301
-0.3848966127324094	0.2830384242353301	0.8784895263538997
-0.24316686192374726	0.8907770987271995	0.38390889237592674
-0.17852067392647303	-0.4301268806223566	0.8849413740734013
0.9534150440616068	0.1466527427266015	0.2636147317730363
0.13449188744709062	0.7723787504406753	-0.6207600164947962
0.6341332099341229	-0.5484634928061454	-0.5450347412023645
-0.7614374591977757	-0.32034179079006186	-0.5635549066451746
-0.06559842781581104	0.742706713910339	-0.6663959659096083
-0.742706713910339	-0.48234414720547925	-0.46446836358262844
-0.6663959659096083	0.46446836358262844	0.5832542806103318
0.9349132372703075	0.13835593565330753	0.32679484978538387
0.06255032267891017	0.8422064289613581	-0.5355145078790313
-0.3493203342342355	0.5211007254702824	0.7787357305304716
0.5659845474918355	-0.7066645876816251	0.4246017575531466
0.7066645876816251	0.15059230402366164	-0.6913371959366891
0.4246017575531466	0.6913371959366891	0.5846077565318262
0.9224007124461986	-0.14615003240669736	0.35751516570107433
-0.06663559470310895	0.851545585097267	0.5200286665366788
-0.3804426674248149	-0.5034980481877508	0.7757274600488351
-0.9637599351033435	-0.22716125857431527	-0.13987333588834153
0.20873059218860254	-0.9686254666255465	0.13489345902985073
-0.16612744316998032	0.1008090670891056	0.9809379208790071
0.18047212097156873	-0.11390961249913864	0.9769618281858914
0.26879202261637136	-0.9497503944193713	-0.16039026428698283
0.9461398745057854	0.2915455169961359	-0.14078547293535704
-0.34701594469302477	-0.23957946440284678	0.9067423086882251
0.8560460661700287	-0.47584328216510086	0.20188685795059308
0.38309929094638945	0.8462711451153166	0.3702162641235315
0.6195103134083236	0.5245644038148177	-0.5839855801568439
0.1923729840592714	-0.8227093279523761	-0.5349224212016924
-0.7610516451495601	0.21904690810544283	-0.6105889332968568
-0.35939602461825926	0.09414412343008943	0.9284241388030429
0.7944274669396836	0.5528566922485003	0.25146466473014645
-0.48961157794765187	0.8279410376709366	-0.27348517488153434
0.7384195059834393	-0.30370786872069067	-0.6020782039405754
0.4883782288855478	-0.3748097523356986	0.7880382954556634
-0.46499821368881494	-0.8759447357174924	-0.1284425211330864
-0.9923611511304054	0.00745638776801312	0.12314117105415955
-0.12053690884289257	-0.2711697057296394	-0.9549543676538167
0.026271645051975004	-0.9625026716721122	0.2699970512622485
0.7165775237127942	0.6248337438915182	0.30999910484410864
0.27789704569303575	-0.663390314581032	0.6947564483437072
0.6397576763937443	-0.41169901993396607	-0.6490100403542993
-0.5043064312059942	0.39564119784235946	0.7675565555801975
-0.8511193819988292	-0.07761376845630408	-0.5192031399480768
-0.1458451954306516	-0.9151197438127288	0.37587901438351246
0.3747167607206031	0.8745965052706197	-0.3076821447589654
-0.429655651425443	-0.13026511869319002	-0.8935474358141414
-0.8215737157633735	0.46702457303686684	0.3269628078948671
0.7248555987743808	0.6670188906865707	0.17225028415851856
0.5651171181453581	-0.7187225127097412	0.4050686269057148
0.3939885832159597	-0.19627467791707714	-0.8979138305561554
0.6078299906785358	-0.7930398358694641	0.040379712181543875
-0.7374763727507148	-0.5449281322916524	0.39897610238155856
-0.2943999016069466	-0.27228872426390416	-0.9160718031751416
0.48932606177811255	-0.8440555357036476	0.21938609325285674
-0.7921300853343726	-0.3249302535753551	0.5166722928700698
-0.36481493003012144	-0.4266035430695389	-0.8275986248584721
0.6354150252637822	-0.6909315152680504	-0.3447627979907676
0.04659921319785132	-0.41135951518725755	0.9102811997367876
-0.7707634260902422	-0.5944720266541564	-0.22918715175011806
0.5051719630030189	-0.853270002598448	0.12935064924970735
0.853270002598448	0.47135902353648895	-0.2230492627120118
0.12935064924970735	0.2230492627120118	0.9661870605334699
0.8862126508473792	0.4508801055773885	0.10646251862784417
0.33942829102810973	-0.4755195451156311	-0.8115846212581657
-0.3153023512880897	0.7553729493485628	-0.5744529003013701
-0.2413420765868437	0.7895528782170893	0.5642342196002123
0.6304033854569715	0.5695920503370622	-0.527405411232394
-0.7377977864382214	0.22841004507668183	-0.6352033356610536
0.10357294174376508	-0.018883730526736198	0.9944425827869281
0.8766625333959648	-0.4705470090352841	-0.10024128305103414
0.4698249123645017	0.8821728385125798	-0.032181278910979216
0.006351339348063312	-0.7234283107543465	-0.6903702917185806
0.966797047181912	0.1808159524827927	-0.18057979091824203
0.25546649496327545	-0.6663010359641149	0.7005567781588626
0.10801628749447045	-0.5283319106178483	-0.8421388685120799
0.9929763427593352	0.016202509800078757	0.11719838478611255
-0.04827488328527835	-0.8488833081755539	0.5263712233250601
-0.39897334288438335	0.31061477686947003	0.8627506778078992
0.5424694996462354	0.8385241021232537	-0.05103108966065972
-0.7392882479934489	0.4476558840769554	-0.5030478067043489
-0.07620488360446798	-0.9968175962435891	-0.02339862248046412
-0.9520210492193802	0.0657644956481277	0.2988828415205168
-0.2963928770366463	0.04505231327358314	-0.9540029095923346
0.9772488102606567	0.21141370698001463	-0.01700021603096739
-0.21141370698001463	0.9645458550125721	-0.15797321949949258
-0.01700021603096739	0.15797321949949258	0.9872970447519154
0.4805912090535617	-0.6549816558624275	0.5831218742802814
0.8718210688372268	0.4286265122745154	-0.23708086575449341
-0.09465787717855953	0.6223169156138191	0.7770209410491788
-0.6662082756839867	0.12117610464697944	-0.7358552065948526
-0.12117610464697944	-0.9911873872242123	-0.05351555914146364
-0.7358552065948526	0.05351555914146364	0.6750208884597744
0.07909676452997638	-0.26969804374982853	-0.9596909226612518
0.6649935496036022	-0.702925244518326	0.2523483299022452
-0.7426488273918506	-0.6581482096126727	0.12374834688650427
-0.8903183540928543	0.4374098940742853	0.1265140819486615
-0.4552850965711682	-0.850903431084703	-0.2620664644865144
-0.00697919806082134	-0.29092255934217615	0.9567211481200913
0.4884275286516975	-0.8687191847415455	0.0822528255878176
-0.5519036980203537	-0.23453181367882103	0.800248171809209
-0.6759000350396895	-0.4362588754793507	-0.5940011247454327
-0.5373890197703566	0.1827689404851702	-0.8232912946364631
-0.1827689404851702	-0.9782719369160959	-0.09787508281660995
-0.8232912946364631	0.09787508281660995	0.5591170828542606
-0.34873358416129974	-0.8993389418668719	-0.2637695109746173
0.9370168224495053	-0.34045159689839766	-0.0780524478537538
-0.01960514536150379	-0.27437597892509835	0.9614226232330131
0.6455582212529349	0.4584852585450682	-0.6107747953784674
-0.4584852585450682	-0.4069301507113072	-0.7900627317744677
-0.6107747953784674	0.7900627317744677	-0.052488371964242164
0.8993282370102131	-0.040810669259765446	0.4353656065775889
0.040810669259765446	-0.9834560290197865	-0.1764900231151973
0.4353656065775889	0.1764900231151973	-0.8827842660299996
-0.4222754955435861	0.21184009406369977	-0.8813666549231947
-0.21184009406369977	-0.968447585862565	-0.1312747042809585
-0.8813666549231947	0.1312747042809585	0.45382790968102127
-0.5595059969841965	0.8025819456393819	0.20691848605773444
-0.548802398678516	-0.5458263814297877	0.6331583439708992
0.6211030240977963	0.24069852901288896	0.7458520306251126
0.577636534702127	0.16537179274011254	0.7993673773323752
-0.3625791541062467	-0.8253820449456195	0.4327595601358642
0.7313497048505025	-0.5398116801693988	-0.41681045952299933
-0.45106680645992436	-0.448417754772943	0.771660711267872
0.448417754772943	-0.861427136296939	-0.23846342708190668
0.771660711267872	0.23846342708190668	0.5896396701629854
0.7688201106009148	0.1183825989768507	0.6284116467691249
0.20311484959783926	0.8866150297983019	-0.4155215359143296
-0.6063497302781987	0.44710105031775815	0.6576022014837795
-0.6520705867984007	0.514262356826217	-0.5570800464780025
-0.04602381286400209	-0.7602754473349815	-0.6479684041903989
-0.7567600402253333	-0.3968821897378837	0.5194215715457091
-0.579346386928913	-0.3774421973029262	0.7224231112357588
-0.5489325474278964	0.8358592940825713	-0.003506974494633275
-0.6025203916273164	-0.3985933117739492	-0.6914423688799674
0.5884114657668433	0.531570640381996	-0.6092656245333308
0.06759354298752457	-0.7832188229329689	-0.6180609908009795
-0.805731381975723	0.3224917513477972	-0.49678567854973643
0.9121266728000859	0.3992618147328254	0.09281667987434272
0.38276119587010315	-0.9106297582297995	0.15571547887870554
0.14669287543276838	-0.10650561826770975	-0.9834316211992975
0.6734514911916673	0.7375201092935987	-0.0502710393693831
0.31317410467558193	-0.2230458050314621	0.9231319239515632
0.6696156129992545	-0.6374281584974306	-0.3811827299107442
0.22737939700447418	-0.19556494154861637	-0.9539669614064041
0.7929218538015473	0.6058689717420151	0.06478983596360338
0.5653083614999861	-0.7711531253372181	0.29282983744974045
0.738742344407376	0.6726811547149608	-0.0419501212255803
-0.6726811547149608	0.732006416739155	-0.10801236014479736
-0.0419501212255803	0.10801236014479736	0.9932640723317792
0.6272715983352354	0.5998998336066098	-0.49663923683164735
-0.5998998336066098	-0.0344717259166174	-0.7993321523316147
-0.49663923683164735	0.7993321523316147	0.33825667574814733
0.5614553856787183	-0.8190783784304221	-0.11780687535178952
0.36584221344946877	0.11799692766853065	0.9231663988248169
-0.7422447876211427	-0.5614154745360855	0.3659034574866258
0.20293684871780293	0.8887182455864355	-0.4110918576112345
0.3268604424743871	0.3342645489011893	0.8839849899706058
0.9230270237527909	-0.3137627946548991	-0.22265224479535806
-0.4423153088774465	-0.39552100536049795	0.8049349674671056
0.39552100536049795	-0.8915376792310874	-0.22073445773115694
0.8049349674671056	0.22073445773115694	0.5507776296463591
0.1650794135707221	0.48340879770075207	-0.8596887352528589
0.7872811081651278	0.4604505084000946	0.41008997310393114
0.5940852160603184	-0.744514112438178	-0.3045677140455916
0.22270627905489349	0.5353944832242608	-0.8147113971232701
0.3519133838413297	0.7352011039765092	0.5793412698790473
0.9091528383846518	-0.4157307831334469	-0.024678582057771514
0.2571331676278573	0.263141440014432	-0.9298597295575259
0.7823310871824285	-0.6215482873681812	0.04044498111805722
-0.5673099718263583	-0.7378579192614332	-0.36568440881389064
0.9460213264978179	0.31856322896191913	-0.05967511176918639
0.27332506247585076	-0.8831115001405396	-0.3813233385751492
-0.17417537149057924	0.3444293069308729	-0.9225136272669565
0.7354495207019881	0.5974204485013221	0.31969174248280974
0.001916493848957257	-0.47364655358585184	0.8807129324175795
0.6775768071226633	-0.6471072167645207	-0.3494880834316574
0.6046155327540585	0.014431848577803136	0.796386702110949
0.3680217885972028	-0.8917758031747858	-0.26324110619293806
0.7063993351286804	0.4522473201895101	-0.5444927370600685
-0.7513994271932658	0.525171294590339	-0.39949219285480325
-0.19852532167196735	0.3974506120380149	0.8958910132631364
0.6292746598018022	0.7524813102854546	-0.19438436203154685
-0.7830982398017563	-0.39720821566137227	-0.47852145221557213
0.3651545538183251	-0.9165281608001239	0.16321238398504728
-0.503407686319082	-0.04692295676373537	0.8627739782141192
0.028726242594220075	-0.9703107741787941	-0.24014954611443068
0.9072500061733321	-0.07554327013146866	0.4137519071089979
-0.4196096153389563	-0.2297612148522744	0.8781443815596044
-0.6232838794281386	0.5653672406049873	0.5402565028722119
-0.649500102436327	0.01048564647155581	-0.7602892003397618
-0.4355075459509406	-0.8247726562324772	0.3606705462759793
0.9966433647972132	-0.053836126054250755	0.06167394050293832
0.053836126054250755	-0.1365375462538143	-0.9891709508444221
0.06167394050293832	0.9891709508444221	-0.13318091105102736
0.906525745526217	-0.040541219227795786	0.4201993363174914
0.040541219227795786	-0.9824166508122598	-0.1822469032668207
0.4201993363174914	0.1822469032668207	-0.8889423963384768
0.4867869053296735	-0.646742934780101	0.5871644446929509
0.646742934780101	-0.18498489607583601	-0.7399352434746126
0.5871644446929509	0.7399352434746126	0.3282281985944905
0.3760099312348735	-0.3523508780822374	0.8570095625647487
-0.8416016007868087	0.2571278505706204	0.47496527664031785
-0.3877154590235301	-0.8998522807525737	-0.199856437621019
0.4327423154908763	0.2138418838998935	-0.8757886372143334
0.45143523905403	0.7894873652050789	0.415831606689262
0.7803462778304421	-0.5753097851346584	0.24510882849152438
-0.4493355584166441	0.20686312058981793	0.869082968008374
-0.8802566519003179	-0.26854614304173774	-0.39119201914488044
0.15246567721177334	-0.9407925480132421	0.3027599690763405
-0.7776478488290319	0.6215177538627333	0.09476024928735904
-0.6128523265276121	-0.7830138746045865	0.1063075634487329
0.140270628006268	0.024595808792068442	0.9898076566225336
-0.6144135494095917	-0.7357427159415976	-0.2849186660097732
0.7428439062237088	-0.6611285627732042	0.10531834821976171
-0.26585507572399036	-0.14694107466708906	0.9527483399552436
0.02156119565532788	-0.7238266063845704	0.6896449512116424
0.8395427000416718	-0.36145024347615573	-0.405612840400507
0.5428657013006551	0.5877318822225179	0.5998900440668475
0.9925098405396711	0.10711689014131642	0.05873830333240675
-0.08221934606669365	0.23007973199736642	0.969692371866658
0.09035593817941322	-0.9672586462629699	0.23716347877623334
-0.7511512377725051	0.10755425127157914	-0.6513093742809509
-0.026770476726989977	0.98086309967862	0.19284947825871704
0.6595871129491869	0.1622949867440757	-0.7338972528284169
0.7232124059147108	-0.5725969089190053	-0.38613028348920797
-0.3598090955318679	-0.789621954679786	0.4970257372211362
-0.5894923499958205	-0.22052199115751514	-0.7770899695095355
0.050184196550996485	0.9116584413845098	-0.4078730595036857
0.8645021763934181	0.16484791837509638	0.474827495853432
0.500117519616714	-0.37643598401290446	-0.7798579463675819
-0.3819633951825443	0.8422351203935254	-0.3804523185845077
0.9141180524477857	0.40488120028747165	-0.02143361478714706
0.13598584826992577	-0.3559651887888481	-0.9245521258646421
-0.9726103818264671	0.22871477299024956	-0.04145597398918904
0.13614756869798417	0.41599763217851027	-0.8991161268487518
-0.18839555382492812	-0.8801338095073337	-0.4357425761399809
0.5965972242254939	0.7728221020427222	-0.21637409882124065
-0.7728221020427222	0.48054013822548536	-0.4145204146341886
-0.21637409882124065	0.4145204146341886	0.8839429139999915
0.17874060971328043	0.9746548936729972	-0.13453487532459066
-0.9746548936729972	0.15670173515954877	-0.15966340982599936
-0.13453487532459066	0.15966340982599936	0.9779611254462683
-0.8043700650137069	0.47089835207673986	-0.3622755036174201
0.4190029184949164	0.017312701251278706	-0.9078198194951057
-0.42121888941806385	-0.8820175805429247	-0.21123360246565448
-0.9755163327599434	-0.14272040033743813	0.16732833545491388
0.17830212493494976	-0.06783415691221295	0.9816347994033681
-0.12874873499290146	0.9874357773969558	0.09162067863859658
-0.6058648564291698	0.48396861755242504	0.631428660236813
0.6479240592481065	0.7607251270483137	0.038622461402444436
-0.46165158852918314	0.4325178126987623	-0.7744715311144501
0.9380313485917887	0.3459746974908649	-0.019967417338622815
-0.3427736080332037	0.9177838033373482	-0.20044735959231633
-0.051023942369928896	0.19487021072430818	0.9795009741073737
0.9998351393334052	-0.015143792224320567	0.010017969415845545
0.015143792224320567	0.3910804054739061	-0.9202319175139666
0.010017969415845545	0.9202319175139666	0.3912452661405009
-0.8443760479157345	-0.40405693452777824	0.35180546238826316
-0.5269961159493578	0.5081850958745396	-0.6811923385544467
0.09645819550715198	-0.7605826069474635	-0.6420357579827656
-0.08636381416720385	-0.24702994523653007	0.9651515413441196
0.24702994523653007	-0.9438274792958352	-0.21946729934663922
0.9651515413441196	0.21946729934663922	0.14253633487136874
0.41154790992884394	0.25130405334054884	-0.8760562713706299
0.38895264707122734	0.8208715356421323	0.4181934484288493
0.8242233654595612	-0.5128510453797847	0.24008258804706473
0.20082400312573978	-0.3833842776420856	0.9014911066812635
-0.9469848163120708	-0.3115497765376758	0.0784633316506389
0.25077774511097795	-0.8694557104281855	-0.4256257630370519
0.04729104579990129	-0.5788507836648522	-0.8140610095304515
0.9981546542348871	0.05846222267573675	0.016415076882106194
0.038089935893678206	-0.8133350716466116	0.5805473434727064
0.9769367436143336	-0.11194815141140005	0.1818301690363625
0.19271118006206908	0.8289920094904395	-0.5250091897101307
-0.09196194895339431	0.5479414746088979	0.8314464145981507
-0.6243936293635655	-0.12591499227596245	0.7708942925786515
0.31647755256666654	0.8615066330185936	0.39704946793363055
-0.7141250271007227	0.4918858973228553	-0.49806998472431774
-0.8199076492004549	0.568674609629664	0.06603510539957114
-0.03155314087323158	-0.1600583208690176	0.9866031285281962
0.5716256170638412	0.8068398368221166	0.14917651166736345
-0.9469428456351578	-0.03483219847776382	0.31950894361440785
0.22101702690641423	0.6511793444785329	0.7260281916991638
-0.23334678253157584	0.7581241186466197	-0.6089311125311692
-0.5948613744078561	0.18908224698047046	-0.7812732230880641
0.5201888435356191	-0.6504273826842342	-0.553486934728916
-0.6128160509473222	-0.7356576131131605	0.2885556514261616
0.2823460252626707	-0.10976914035977764	0.9530117826360001
0.7549070881844582	-0.5875723450686943	-0.2913314736161157
0.5919425734201198	0.8016916334446496	-0.08303321406290132
0.6344363422093255	-0.6258809251452213	0.4536117229783788
0.6258809251452213	0.07156968181160117	-0.7766278698223159
0.4536117229783788	0.7766278698223159	0.43713333960227563
0.9565760022512385	-0.15188939253224512	0.24878095657269286
-0.17436345115635662	0.38577559324726696	0.9059661023214743
-0.2335802620468677	-0.9100037385038068	0.34253971607860567
0.9969147069263833	-0.04423339751485599	0.06484191282015019
0.05088740587084673	0.9931856568140849	-0.10484618744861667
-0.059762354686030736	0.10782234296780736	0.9923723108386859
0.8960729084304786	-0.37552570494846144	-0.23671457010480823
-0.1887172688716781	-0.8049280662704643	0.5625625303552532
-0.40179489196175433	-0.4594249155771283	-0.7921424188492814
0.8292049583982247	-0.5586826186963815	0.01711340218518536
0.5583361538104193	0.8293421783833014	0.021267122575187234
-0.026074437980253717	-0.008079772335520857	0.9996273510478892
