-0.18232199745536803	-0.697091251474457	0.6934136401612389
0.85766208365009	0.23210842652676977	0.45884793625367143
-0.48080603106956865	0.6783726597181245	0.5555502632832484
0.7881531958140264	0.20128702687013433	0.5816339680090209
0.2753860071795814	0.7298089188259199	-0.6257327616897084
-0.5504335445608529	0.6533471319413009	0.5197696010794127
0.9547177466136675	-0.047667764591347576	0.29366955667856504
0.15615969198427385	0.9204670621929559	-0.358266015716319
-0.253235413993181	0.38790227072902383	0.8862300228851251
-0.6143149937700112	0.27584937357552236	0.7392727585454119
0.7494578413895241	-0.08910810114705647	0.6560279645637989
0.24684009481667687	0.9570615807814865	-0.151997033467552
0.55231366943322	-0.5592321989756751	0.6182305057064418
0.7362092623139008	0.6751183928272597	-0.04702209852356626
-0.3910825138515322	0.4811179723260906	0.7845890415143442
0.23408576244010026	0.7868224710576823	0.5710641425107338
0.95248164473634	-0.06785462726552893	-0.29694185625979486
-0.19489118056801213	0.6134379745315242	-0.7653177635070727
0.9470291269075769	0.09212307644853404	0.30765105488902533
0.18505351600934225	-0.939480944221055	-0.28832403933438194
0.2624710060201939	0.3299831726485029	-0.9067635175543705
-0.9952860060387945	-0.07580081886969306	0.06049795072586208
0.09268274974384494	-0.5597086310441954	0.8234902283783047
-0.02856000846051459	0.8252154168417581	0.5640955962630968
-0.9867657929009714	0.013130946253021192	0.16161945492735877
0.020549773352310757	0.9988061275713322	0.044317336800944296
-0.16084457334857447	0.047052075155724446	-0.9858575583966755
-0.8657906129982407	0.2683186855867961	0.4223880886212399
0.49622165069146457	0.35142031952680086	0.7938940939500174
0.06458086271619831	0.8969441688247128	-0.43740195493639056
0.8869664759197119	-0.014055988182048368	0.4616198650305175
0.45404132179530066	0.20937869166952972	-0.8660294692313492
-0.08448046340393317	0.9777336000521729	0.19209387973611913
0.22981326060934737	-0.34518046654424384	0.9099650052416293
0.6399273109850406	0.7580453776310696	0.12593745315681218
-0.7332659148655114	0.5533693621519603	0.3950992876834598
-0.4887932177405303	0.7719342718304294	0.4064463928545605
0.8321974648934496	0.27277278132736127	0.4827446418054286
0.2617796205127031	0.5742059645637273	-0.7757312295786893
-0.8188611426283443	-0.5499353474246675	0.16443096650665326
0.5680525203805891	-0.8175276936157976	0.09468265026125235
0.08235753264069065	0.17093736813272964	0.9818338214755047
-0.002117219826104799	0.4851427867883676	0.8744323837824308
0.5314688740717362	0.7412591882470363	-0.40997030591527706
-0.8470751756917028	0.4638655972009147	-0.25940769930807717
0.6928135222773253	-0.7075232973254385	0.1393564031231623
0.7181690919764153	0.6595195125919979	-0.22196208649268143
0.06513508025217415	0.25385979644707973	0.9650454005218563
-0.14940790033664353	0.935526876687796	0.3201042678749739
0.9653630303974401	0.20804691595163938	-0.1574506281501693
-0.21389600010020515	0.2854924583203363	-0.9342069135814315
0.04967835835214485	0.864776851791677	0.49969296304501964
0.9284558735749577	-0.22438065755830694	0.2960118432391906
0.36810562551473913	0.44923748409830755	-0.8140540100911147
0.9418466749564373	0.004061729901685813	0.3360183673903987
0.05377360192160166	-0.9888633319080213	-0.13877215334548557
0.3317125873551987	0.14877100913138822	-0.9315760549907599
0.8166027687403845	-0.1498386836994094	0.5574121338406319
0.5620947258223568	-0.013047180686564408	-0.8269699452089065
0.13118474487617732	0.9886243674638819	0.07356916995869778
0.1629499347875445	-0.6964216170361888	0.6988878665976646
0.9855740521615639	0.08206463386669993	-0.1480175110389283
0.04572861750118601	0.7129251904604188	0.699747501852208
-0.4562188388235331	-0.3966736757715089	0.7965641004039961
0.8478082168501543	0.07819275501301803	0.5245065495347376
-0.27034348252523027	0.9146233585544348	0.30063019383078693
-0.2376710368798569	-0.17630401537065732	0.9552116898324878
0.8932461604968861	-0.4260085982880024	0.14362440928429654
0.3816068329917918	0.8873745366804678	0.25873279008486727
0.1323449975134685	0.6341951816597087	0.7617619531013408
0.769756703126744	-0.5499353132883766	0.32410765061914387
0.6244673086916607	0.5434773433713906	-0.5609571798429625
-0.13415585764620452	-0.44531847727553475	0.8852647398694982
0.9238660337405689	-0.37932828394067153	-0.05080949422199832
0.35843236120596195	0.8110496327596877	0.46230372661346186
0.9368321603358502	0.05425862792981122	0.34554522808980914
0.14230062788841635	0.8433241705520785	-0.5182228040767901
-0.3195247011782131	0.5346590919995872	0.7823321677389666
-0.07142851872987754	0.019703267814774217	0.997251095737415
0.8667898748103249	0.49592489056660904	0.05228590481954254
-0.4935314373354113	0.8681418571604045	-0.05250177337697193
0.9205331470925378	0.05876621136466434	0.38621918324411564
0.15533324938387552	0.8520541885592136	-0.49987522582595245
-0.35845544596191437	0.520144395490852	0.7752157771225385
-0.9613337667417086	-0.21485448138336333	0.17226415980024493
0.23254500958186075	-0.9684236075981725	0.08988066958536176
0.14751341444346897	0.1264644933411219	0.9809416519259454
0.1812069896140862	-0.10939942970289357	0.9773411848969028
0.275110803747907	-0.9484775412665019	-0.15717633210579612
0.9441811651246709	0.29735856889239387	-0.14177379493434739
-0.34557761346124627	-0.23775350938031437	0.9077716573300655
0.8577046394261149	-0.4724672816420967	0.20277430627336823
0.38068210436182504	0.848674222864741	0.3671964036637345
0.6218564270790273	0.1932344476695047	0.7589170128112611
0.5242970399567156	-0.8225814925445187	-0.2201642614409936
0.5817277696595998	0.5348085043799262	-0.6128398368658603
-0.3518404422653094	0.09898509916135806	0.9308116100106226
0.7959202430071237	0.5550029887251519	0.2418318615849247
-0.4926654746966065	0.8259380319673899	-0.2740567411902184
0.73527172494891	-0.3118575277444765	0.6017643831930879
0.4905070465422585	-0.3678787146622664	-0.789979802647403
0.4677374560402931	0.8760194824817209	-0.11752250222579885
-0.9920147713688978	-0.006091985411500189	0.1259745255980721
0.1229647094392037	-0.2688012918151421	0.9553143701164779
0.028042354010415403	0.9631763873934289	0.26740395125969574
0.7121284382857691	0.28077750332384593	0.643457132225527
0.6283997163364037	-0.6635963145552102	-0.40589866693187104
0.3130285672155162	0.6934002631496258	-0.6490063105787423
-0.5067924915899478	-0.39377297033864184	0.7668795331072121
0.8494577834106705	-0.07650526205102848	0.522080854927217
-0.14691100935969015	0.9160184456162367	0.37326580692548095
0.37485795402948485	-0.4337579364458675	0.8193506983404916
0.8730973444270687	-0.1320118922369391	-0.46933345018485884
0.31174114495078953	0.8913062957694428	0.32922719460355243
0.7283642339453944	0.5610766980256157	0.3932918530071665
0.6633639601781736	-0.7211510924687925	-0.1997232038792614
0.1715628137035211	0.4063668795112842	-0.897458723390882
0.6054802725933991	0.7390781976828833	0.29522374093226994
0.7951738419857202	-0.5463923405738793	-0.26297142655404016
-0.033048457178697144	0.3939782073567253	-0.9185254332929977
0.4885075506689368	0.7948169200420817	0.3600367155641978
0.8444491895561491	-0.3267564557485796	-0.42442406256548304
-0.21969510508292833	0.5113670719174683	-0.8308054998380521
0.6315621498945145	-0.04311180988091484	0.7741257150291615
0.6963032423226381	-0.40761529099410154	-0.5907720112520357
0.341014729229692	0.9121354868639778	-0.22741549650763493
-0.18396560145262741	-0.3297697759854685	0.9259635804547969
0.5874108117210255	0.7184321105596774	0.37256387477855857
-0.7881022749335388	0.6124599557222182	0.061543536470693105
0.8892947168172887	0.3358546036909499	0.31041358188786344
0.4443871323545916	-0.4742241741903084	-0.7600207294614949
-0.10805083636196922	0.813826220880794	-0.5709745169167919
-0.24077255033612754	0.6298830146139737	0.7384280377297772
0.788070008277956	0.570970908625856	-0.23008234081681855
-0.5665458861005161	0.5265354778206088	-0.6338660343785616
0.0983720860156323	-0.028807103765260855	0.9947326693466897
0.8755616579724723	-0.4725855952495841	-0.10027281910414115
0.4729849001621812	0.8808138315985132	-0.02126683529154416
0.0011813853774020888	-0.7291065063044838	0.6843992305614172
0.967579957921321	0.17368700021917827	0.1833626215558609
-0.25256212969795133	0.6619943567881322	0.7056740339725576
0.1056192836636074	-0.5264419064722019	0.8436252047137399
0.9933853972121616	0.017418787094571675	-0.11349906810978594
0.045055737970011056	0.8500326493529923	0.5247994621852337
-0.3917418390828251	0.31030424798187967	0.8661695014235986
0.5544037427659917	0.8309231964554697	-0.046937528687448216
-0.7342852453366235	0.4618202196489723	-0.49754121759338577
-0.08305255455029648	0.9519252772955497	0.2948568120774236
0.9963526996514861	0.07350371760912833	0.04334168195666904
0.01958497076499094	0.29738101812897977	-0.954557991416292
0.46570952403568544	-0.08519784304711275	0.880826865372858
0.23645167266868344	0.9711459663632352	-0.03108244695321974
-0.8527632999341829	0.2227483772253739	0.47241709826045175
-0.8014517578818945	0.34934782467862696	0.4854185587514476
0.41409328570958276	-0.2614758931600458	0.8718698916847617
0.43151110126885855	0.8997702232728463	0.06489772564018925
-0.700675711707099	0.11375861741613735	0.7043525565988378
0.34268105686133254	-0.8122290756705306	0.47207374625559856
0.6257980826849425	0.5721388866341494	0.5301262624214025
0.07350408862379432	-0.26654593477648314	0.9610153035252437
0.6714047293211073	-0.6993118942454222	-0.24531319575622118
0.7374366673829259	0.6632617426182594	0.12755791773995728
-0.889713767500836	-0.43862592513716414	0.12655714012664482
0.45648657483158284	-0.8514881556126852	0.25804636763542566
-0.005423920906320372	0.2873590413557131	0.9578075811106986
0.4917677481357824	0.5515247760606966	0.6737840182763764
0.8670758845491057	-0.239399524310282	-0.43688359799081167
-0.07964855508323904	0.7990671368234397	-0.5959427980284209
-0.592352690479959	0.1496805220112199	0.7916527214704705
0.4703931763941654	-0.7334785115871001	0.4906521503486757
0.6541013298281553	0.6630271596023957	0.36406927355466034
-0.34998069184852953	-0.8976806669419564	0.267736690671766
0.9366008322999473	-0.34054280866594233	0.08251955162843085
0.01709959848272677	0.27964265709035824	0.9599518675783562
0.6475471356698367	-0.3769542225340603	0.6622599347684656
0.5288607396535283	-0.4033864611015956	-0.7467166002259854
0.5486246669070879	0.8337774745780034	-0.061855458509446404
0.7506916322787269	0.4859313808435114	0.44758548495032646
0.5629674057504291	-0.825056639738345	-0.048468972408155994
0.34573078151841263	0.2883612913259842	-0.8929266444537749
-0.679171552800542	0.40588881318544595	0.611539265458409
0.634516637655046	-0.09411751019078185	0.7671574354814161
0.36893717406278737	0.9090633452111014	-0.19362126946223213
-0.9025555958525922	0.09653055362414173	0.41961321310486566
0.18468670988455607	-0.7935504806545777	0.5798003568858049
0.3889527163900395	0.6007990403370379	0.6983955165541256
0.5771855601903655	-0.1716324830410818	0.7983727950480819
0.3546904495649469	-0.8279374475371755	-0.4344125550131376
0.7355620395963549	0.5339118595150132	-0.41699713688953643
-0.4538132453808321	-0.4247776537862817	0.7833374005884938
0.4733569351345061	-0.8597012015017911	-0.19195587017969407
0.7549746686326525	0.28368607470265156	0.5912152406212294
0.7641961750322491	0.11467690212745299	0.634707345305323
0.20812211845543807	0.887584952309171	-0.41094785100295544
-0.6104829153020587	0.44614141317835226	0.6544222257621773
-0.6486275295461332	-0.046201789903010715	0.7597023907588007
0.5150295060814727	-0.7615580330907474	0.3934132307134901
0.5603810630101216	0.6464477990098734	0.517762790643492
-0.5800828479014872	0.37061450559629716	0.7253611361329698
0.5433001992922817	0.8395202006418101	0.00554311855385442
-0.6069009664018238	0.39730431781689374	-0.6883462036102079
0.5871205722486619	0.07520721377853368	0.8059983304189121
0.5346465804756959	-0.7836351298411555	-0.31633687307122693
0.6078177914704778	0.6166521371685225	-0.5002975855402916
0.910168404483051	0.3870726502884121	0.14754063467222148
0.40352329886635707	-0.9089665976642476	-0.10463590016191764
0.09360781352424571	0.15477237392179122	-0.9835055106697794
0.6717995789743445	0.3152510935079432	0.6702999878650898
0.7386888446543497	-0.21794369922630374	-0.6378395838694684
-0.05499196735083711	0.9236434875045678	-0.379286951419745
0.2277664291716296	-0.19709609761630087	0.953559427642992
0.7918361844285311	0.6074142338915461	-0.0635877778791748
-0.5666726663357518	0.7695460199171792	0.29441639298374356
-0.2669830277149692	-0.22628043560290284	0.9367588950074126
0.34311536028977857	0.8860263200396433	0.31181598697023705
-0.9005508938673947	0.4046659420563684	-0.15891369637091812
-0.1870671398020214	0.0607233359086381	0.9804685419137209
0.10735999282544559	-0.9908453332628964	0.08184960288028582
0.9764628600959748	0.1205744667301785	0.17883534557218206
0.558023462076082	-0.37413827529417254	0.7406958665555827
0.8211295101489223	0.1200762365864736	-0.5579677633786921
0.1198171245490996	0.919566337121543	0.3742213359733171
0.19814392903282785	0.32195728919721756	0.9257874957679073
0.8906422478488458	0.3352337149853335	-0.3072047243840616
-0.4092619817845151	0.8854162073679877	-0.22032423833046577
-0.4818612190933964	-0.14134861106117363	0.8647718402474164
0.5976802064641864	-0.7747093570767762	0.20640683820701217
0.640771516482087	0.6163164627111346	0.4577836622865449
0.165859718674902	0.48363108594060744	0.8594134781541367
0.7847737529366703	0.4630087621942155	-0.41201097416582766
-0.5971772855884392	0.7427811648414956	-0.30274647930890053
0.2260859006208561	0.3518281453496075	0.9083513206245214
0.5344419023982284	0.7348153498381529	-0.4176341157079908
-0.8144059298049217	0.5798821930203482	-0.021900313159696427
0.2607708589257791	0.26053128971865225	0.929581629666081
0.7771743964714752	-0.6278792542053049	-0.042042830634826556
0.5727115474689766	0.7334105870630216	-0.36621086026982375
0.9448687235383744	0.2768952951081213	0.1747915639438856
0.321790984245963	-0.8839916428290251	-0.3391302668097558
0.06061070645502675	0.3766799317131564	-0.9243584647243701
0.7319377197985345	0.008659957506899407	0.6813165046232923
0.6019519221429628	-0.4767218896720058	-0.6406169864559821
0.31925077566783516	0.8790115158765157	-0.3541436109715308
0.6041078829565878	0.01909988574863905	0.7966736220775096
0.3770266653455482	-0.8875977763993936	-0.2646149673568537
0.7020716198281524	0.4602231868292184	-0.5434059798499029
-0.7518644892873012	-0.20048906145544756	0.6280954752149233
0.5230866803865685	0.398514983303498	0.7533698513245489
-0.4013478722391666	0.89498041560658	-0.19475610678427335
-0.7857519323914062	-0.36177142753929203	0.5017124026365641
0.3919211365537951	-0.9187113430180247	-0.048654814072183146
0.47853079677859034	0.158401080887095	0.8636650821402052
0.02959761317287224	-0.908262997508331	0.4173515408521338
0.969406457228162	-0.07570240652237725	-0.2334957522762766
0.24367006787624254	0.41149419558956357	0.8782354041014774
-0.6190653179368124	-0.5692341856445239	0.5410458150853857
0.6466724182882392	0.02142706925586957	0.7624668282150674
-0.4456152101903999	0.8218961750712314	0.35484329196174136
0.9953981170194764	-0.001726486533030383	0.09581027021322927
0.09466356580367023	-0.13753426492230747	-0.9859630496532892
0.01487944701307612	0.990495504894662	-0.13673791295779392
-0.44103783182062606	0.8724200252891746	0.2106393372031829
0.8969730958738936	0.42051968567006703	0.13639083269175528
0.030412105835719072	0.24909133553454565	-0.968002381391829
0.11236759919077355	0.010753657696912111	0.9936085152102105
0.9865905839316216	0.11791468335689159	-0.11285010919935323
-0.11837458489711211	0.9929655010598211	0.002640332451556926
0.3765997222099019	0.35309774375130387	0.8564430118747908
0.8427086300754019	0.2533712070379064	-0.47502125872490547
-0.3847269343675641	0.9006247913542536	-0.20213898973291355
0.43682356115893395	0.2079917564357027	0.8751711864950872
0.45196066288738324	0.7904412988497953	-0.41344178825446004
-0.7777639330920562	0.5761440638654884	0.2512792909368694
-0.43817229123862944	-0.19018535312094192	0.8785411627516109
0.8867827129870978	-0.25133741186169845	0.38787359454583376
0.14704238551496845	0.9490305774088239	0.2787821730404254
-0.7777095861902863	-0.6122198134309387	0.14266989728152407
0.621297493196453	-0.7831368234319684	0.026194288169169314
0.09569338794053289	0.10901199854820014	0.9894236502514936
-0.6188262190875293	-0.732040318215378	0.2849053932044137
0.7380810558841854	-0.6659985546406628	-0.10808459724416926
0.2688688630442719	0.14339769078920506	0.9524424585042417
0.024029382874939387	-0.7251289498120538	0.6881937190232974
0.8390372961038007	-0.35965082998771036	-0.4082495514216439
0.5435430107226769	0.5872301819845592	0.5997680458818302
0.9925407900838839	-0.07898302404964899	0.09286798119713886
0.10861439180460541	0.22692407721761787	-0.9678369578972734
0.05536870878551563	0.9707044581595912	0.23381009601067182
-0.7550354367628915	-0.026397661509344028	0.6551523889135314
0.1089448917235585	0.9802495506736646	0.1650509890046736
-0.6465697949947949	0.19599485164390637	-0.7372472572546278
0.7157172973231982	0.3659504199293538	0.5948353053290519
0.5818016513667792	-0.7835799198834461	-0.2179663910384845
0.3863361085625644	0.5020784792330601	-0.7737322611289728
0.047981693038114503	0.8682632288477239	0.4937780093970581
0.9095351159974185	0.16634642271501565	-0.38088678162608874
-0.41284819231862774	0.46738403169218606	-0.7817343135736077
-0.37706859870065057	0.844716007808235	0.3798343560375308
0.916433487562573	0.3996351725486794	0.02100932497455721
-0.1340482552957213	0.3560148803273613	-0.9248159115400574
-0.972486768567066	0.1416175071381016	0.18497017768812257
0.2282086038719505	0.4196169025063411	0.878545666570497
0.04680083418915808	0.8965858223298947	-0.44039021914232546
0.5986942179308438	-0.7304793916477795	0.3285804190667258
0.7949808128388945	0.49180796935244164	-0.3551484598015852
0.09783016219032718	0.47384045802286406	0.8751596881178295
-0.6473014482126722	-0.1917879189331186	0.7377114810636205
0.3714147783072306	0.7657948338357372	0.5249850806694286
-0.6656214371523559	0.6138205492013112	-0.424467237583106
-0.808542202009662	0.42256485121417364	0.40951001707859386
0.4584480652082621	0.01607785197598499	0.8885757560178195
0.368896840696919	0.9061900734361316	-0.20672366030440337
-0.9750647638553858	-0.13212593131131967	0.1783015551327501
0.18928874860504902	-0.07578273497426435	0.9789927204690313
-0.1158381454408488	0.9883317840456901	0.09890302677819296
-0.6089014428311015	0.48613225970718715	0.6268288913173886
0.6481620175054269	0.7604587098960094	0.0398566130848024
-0.4573019046335772	0.4305554280406658	-0.7781368718954407
0.9359863336414154	-0.3460856250245029	0.06445404089659644
0.35197183592457415	0.9164914150588512	-0.19015602235877005
0.006738690702625543	0.20066944529455283	0.979635832221745
0.9979636799208808	0.015235803380156874	0.06193838756486222
0.05111715465672338	0.3897786158396753	-0.9194888075087742
-0.03815140965383195	0.9207825481238598	0.3882060909001268
-0.8434922371397819	0.40432023935027417	0.3536184242042031
0.5287294502918624	0.5089220574245805	0.6792963328774837
0.09468903990954655	0.7599496585422414	-0.6430478226403848
-0.342304128954364	0.4085677204274813	0.8461089180037553
0.7620003874176189	-0.40613478518375024	0.5043906678747612
0.5497120090339966	0.8173903315359441	-0.17230714737168262
0.40943699484826046	0.25015589198300114	0.8773729976217722
0.3893370563539662	0.8218029104588758	-0.4160007607095805
-0.8250927243645129	0.5119199215380371	0.23908155540157372
0.20650236221464469	0.3882269438483235	0.8981295087402276
0.9453259013381394	-0.3159659773527621	-0.08077401447710975
0.25241971923565354	0.8657051121633189	-0.43224870631997203
0.04605890208043295	-0.5925854912580725	0.8041896623866623
0.99851337804948	0.050801629248211855	-0.019754197577813437
-0.029148094197754215	0.8039039930340912	0.5940444079262784
-0.9982799712971637	0.01904549757205524	0.05544698304837917
0.055175336368471495	-0.014504463931908962	0.9983713251003727
0.0198187074139671	0.9997134037054225	0.013428674102783589
-0.6251224628097687	-0.12521444340139287	0.7704175813507432
0.31636237727662603	0.8616881635170193	0.396747218135866
-0.7135381929052791	0.4917467356458466	-0.4990474879679514
-0.8154808921540408	-0.025567188770417026	0.5782190185301994
0.5738000184314427	-0.16653571027736058	0.8018849019968456
0.0757921722853045	0.9857038987752825	0.15047714298019477
-0.9468139392205306	-0.03748595238643257	0.3195906254435269
0.21838400660087912	0.6545843463916133	0.7237594621972219
-0.23632983340799307	0.7550590287075221	-0.6115832510857411
-0.5908377284556783	0.1889256566749992	0.7843582567189908
0.5233790532531511	-0.6501154603423622	0.5508395908426276
0.6139911605627308	0.7359734944097909	0.28523301049680816
0.28829002174487206	-0.10428526497417528	0.9518473863343888
0.7524145009725596	-0.5901606232939924	-0.2925454792668315
0.5922510296221992	0.8005217187700232	-0.09167167331805715
-0.21277292383133806	0.23809983788071143	0.9476476930196381
0.8286609259729215	0.5578665331151165	0.045891186472141354
-0.5177342490602334	0.7950430167175229	-0.3160029254907881
0.9527486161371592	0.14860117391213268	0.2649297370259974
0.1886848521447051	0.3939822456628721	-0.8995421150082806
-0.2380506270100098	0.9070257334907187	0.3473272488097714
0.9968549652078618	-0.04419811247233238	0.0657776952645474
0.051277581160365904	0.9925909226778891	-0.11015384645031166
-0.06042175113959121	0.11318032987820724	0.9917355619911417
0.8933303145965994	0.17859838887432117	0.4123876386535339
0.3786539021008249	-0.7933539600035424	-0.4766662528127164
0.24203754139918002	0.5819726021370717	-0.7763541195326047
0.8369607485689396	-0.5463843628099335	0.03099731329814208
0.5470395938567613	0.8368940941251133	-0.01886684847915967
-0.01563291744844373	0.032747569303520664	0.9993413874131108
