-0.13842866497517736	-0.7116410926144772	0.6887702519822291
0.862177825168424	0.2556197019493721	0.43738766073491464
-0.48732627930477623	0.6543894278468957	0.5781760754486265
0.770216780397109	0.21790819657883448	0.5994014756892675
0.25883126165585746	0.7521516827226329	-0.6060315372710803
-0.5829000679227517	0.6219194996470778	0.5229183939912418
0.949755290917511	-0.10258707314104609	0.29570387180175345
0.19709231217675227	0.9299469437932499	-0.3104082830892495
-0.24314503460900821	0.3530928690216608	0.9034411535850226
-0.6097289455893997	0.4048665008089034	0.6814057010571555
0.7309718039121174	-0.04515711687844215	0.6809119301941271
0.3064487474210073	0.9132600677342577	-0.26841239517972104
0.5991183505006816	-0.5344542846853007	0.5961676103872685
0.6826561086552858	0.730058386299723	-0.03154980046002048
-0.418375237566667	0.4258795254235264	0.802239858406491
0.22876354934313992	0.8194208455458507	0.5255632372767827
0.9491984259222479	-0.06792275444352969	-0.30726022791036733
-0.21607773304682662	0.5691537378544808	-0.7933312271476634
0.9473242241502661	0.11329976190903769	0.2995663170141992
0.1958143509062768	-0.9450495641216956	-0.2617977489065679
0.2534433947003746	0.30666673328671995	-0.9174540644511864
-0.9938002616648993	-0.08132386637783401	0.07581206152148694
0.1075029735412221	-0.5289612904871599	0.8418093987631367
-0.028357549163720408	0.8447404228066268	0.5344244263522286
-0.986003453325319	0.06500731012471934	0.15352927949057185
0.075915612134509	0.9949085821980079	0.06628523895251906
-0.148438572698569	0.07701274374477463	-0.9859183675315686
-0.8903244572897009	0.22067516760914893	0.3982773294483053
0.454462869577557	0.37682603488208377	0.8071342141245029
0.028033211145573056	0.89961358917911	-0.43578610491518344
0.8948723881872827	-0.03545720725779772	0.44491144659748527
0.4436305747409051	0.17997243399580298	-0.877953208409583
-0.04894202708351614	0.9830324050890206	0.17678226305218647
0.19269447169161147	-0.37628841882048825	0.9062427193865161
0.685387422243549	0.7125355801633051	0.15012371042472109
-0.7022199954500257	0.592199352298632	0.3952050165765192
-0.44267517699683046	0.803628478474813	0.39776872206733555
0.8648269159871668	0.26545337592116514	0.4261559698000046
0.23688202349471427	0.5326497665411234	-0.8125091588091395
-0.8394957128190859	-0.4842814008575936	0.24641118672207457
0.5209476390461281	-0.8462581788575507	0.11162729096850041
0.1544684612813872	0.22207795815908418	0.9627153654997165
-0.01694336053200307	0.5163227757798876	0.8562264383589394
0.599020327066865	0.6908946774849449	-0.4047705428803831
-0.8005545392380139	0.506038867908312	-0.32099391563000923
0.7329104272062776	-0.6667586719467712	0.13518572068117835
0.6801617426602119	0.7137679301035101	-0.16707886095246877
0.014910047408891361	0.21440199471909904	0.9766316988234286
-0.21745088675655544	0.9187989123187997	0.3294293104302938
0.9622469757625604	0.2583947366774705	-0.08551559912195893
-0.16369443938202283	0.2983969148285077	-0.9402996393364376
0.11628641328601774	0.8694884819971321	0.48007004672172215
0.9221670375453835	-0.2740424557627006	0.27296279472543494
0.36889758056924826	0.4109629084404959	-0.8336810318918646
0.9168349531376143	0.011524269326368429	0.39910006254276875
0.05736957129822436	-0.9930132263419211	-0.10311869180254
0.39512327316194196	0.11743902045956704	-0.9110903772290055
0.8162087844900154	-0.1277037440248223	0.5634669235042764
0.5664797724845585	-0.01486307733597636	-0.8239415976256736
0.11359527933490102	0.9917009845180891	0.06021021357442924
0.20982040876141517	-0.6605399304943498	0.7208761310306455
0.9762707312498391	0.10113356586705313	-0.19148749609287558
0.053580363680150844	0.74394825228475	0.6660856870931613
-0.5055896255747467	-0.3435353150078288	0.7914307410340209
0.8457439286265374	-0.015981109669320315	0.5333496145354264
-0.1705764863705958	0.9390037760713261	0.29862279019065663
-0.29925726417874254	-0.17659437018985602	0.9376883908066165
0.8637681424291153	-0.46766924177935043	0.18759018209406048
0.40540064869312875	0.8660830841846383	0.292490008937767
0.16090023874840997	0.642332591048877	0.7493463522611828
0.7474897474326675	-0.5750904908947618	0.33246053113936463
0.6444921959603168	0.5066357367565555	-0.5726692235378033
-0.2225905521595939	-0.426541485180909	0.8766503336615754
0.9097527176233449	-0.4141002956195463	0.02951165777693554
0.3504332159859074	0.8041040396537433	0.48022208877383543
0.9490270582128388	-0.013463890923612262	0.314906917074049
0.18598011020777616	0.8305507018430887	-0.5249732662479647
-0.2544779781965197	0.556780257650314	0.7907191051845539
-0.08413315842528157	0.02765071285403281	0.9960708055816365
0.8456943668938202	0.5306468113644303	0.05670096465513874
-0.5269939747828689	0.8471419005499766	-0.06802904434964807
0.9233105724980463	0.10488451073660318	0.36945476870771804
0.10595702015371086	0.8550833669897885	-0.5075485645507756
-0.3691486104450024	0.5077712820797864	0.7783942628909682
-0.9615629223991244	-0.26115440812951446	0.0848240613374452
0.2660809124937838	-0.9624935964977765	0.052981361885581175
0.06780629966110106	0.07351497680948113	0.9949863586557207
0.2062154442130616	-0.16020627917606844	0.9653026150801466
0.24393623963328442	-0.9469429006237173	-0.2092707670744149
0.947612949236967	0.27862715422388534	-0.15619413358867495
-0.3382758789853324	-0.2427675291521637	0.9091937947907773
0.8376213379981629	-0.5180234021309773	0.173327000132164
0.42890549521644994	0.8201924662138766	0.3785820842817721
0.639978659684881	0.19109237131625564	0.7442519874160052
0.49123747799491013	-0.8465446274826895	-0.20505592869603728
0.5908578977733507	0.4968358876982665	-0.6356422306092728
-0.3277535251848456	0.08656207635363838	0.9407893673220661
0.8126289014609358	0.5337420045491783	0.2339951732199142
-0.48188369472238757	0.8412053729721249	-0.24527866854565383
0.7643460294796369	-0.26213890254610694	0.5891165784381192
0.5034946007129025	-0.3281305664306944	-0.7992643607886109
0.40282543895795464	0.9075315571074068	-0.11881977353343487
-0.9903859018758192	0.07101654750536153	0.1187114794198045
0.09377215252757849	-0.286239277900606	0.9535585242643915
0.1016983223852021	0.9555227499998932	0.27682797087122024
0.7442489647271158	0.24797743073947662	0.6201618114222002
0.6121675640703098	-0.6245938662523731	-0.4849055328000862
0.26710363532314496	0.7405333862046737	-0.6166570780534346
-0.4934173970132776	-0.39672672747992255	0.7740459779804513
0.8606995015095008	-0.09435839325151707	0.5002927760064991
-0.12544178102186987	0.9130741466748818	0.38802056936198337
0.386503115177355	-0.4607981484733428	0.7989245323068628
0.8741708066374085	-0.09310966072673454	-0.47660884580781226
0.2940080658436139	0.8826073064749077	0.3668291152239769
0.7176529351515126	0.5918909416086636	0.3669323887448863
0.6742649211378292	-0.7223555720441088	-0.15352277896072952
0.17418691337587885	0.35758571109377046	-0.9174918955664657
0.6224916007244741	0.7385448112343883	0.2589512865892808
0.7755728538142287	-0.5378124614566726	-0.3305215646949054
-0.10483775776854021	0.40658248621980414	-0.907579046940479
0.4732237649814254	0.8097180196005563	0.347010081973072
0.8402746481043822	-0.29658277918908427	-0.4538470786967081
-0.26457094324559066	0.5063549978252733	-0.820735543380148
0.6485104899904011	-0.02761631629978628	0.760704596703898
0.6955486187300215	-0.38452022860321633	-0.6069236465797734
0.3092673008178669	0.9227033829291842	-0.23015691120596515
-0.16174840166045445	-0.3524703185827368	0.9217386446702082
0.5650012682216061	0.7327188444348669	0.37933713490509996
-0.8090803553839784	0.5821406784688881	0.08063007505588504
0.888960990418862	0.3202066274611834	0.3274386556951558
0.4512213408800572	-0.48995478237374157	-0.7458844500078435
-0.07840700892088072	0.8108094886957323	-0.5800347524011353
-0.22714366622212023	0.6261941753555647	0.7458462372673995
0.7930981795184417	0.5633943477782941	-0.23147804763303992
-0.5651557595386489	0.5389505205881471	-0.6246049181827322
0.10848635491270453	-0.07457213341973334	0.9912969826015732
0.8816334418624575	-0.453504091836892	-0.130600585285641
0.45929640210599415	0.8881289521259988	0.016546280792485324
0.06616751815400124	-0.680072376244703	0.7301530131487666
0.9683967798331368	0.2201258751364058	0.11727009808234401
-0.2404777252681649	0.6993183553749426	0.6731450820480935
0.14804498448845682	-0.514359618028978	0.8446992754281826
0.9826469945121101	-0.020004762334940418	-0.18440361617994294
0.11174778183091488	0.8573412347630356	0.5024723280250006
-0.4042462651017056	0.3474274506483239	0.8460964033059872
0.5222114161203358	0.8471261314551067	-0.09834914478275192
-0.750919565615995	0.40208392649036806	-0.5238781557129226
-0.1148440925660632	0.9648571459567375	0.2363504226755183
0.9931466424489076	0.11671523319340582	0.006107448982202501
-0.021692878903888865	0.2354320331578258	-0.9716486899945029
0.4647510972027671	-0.1856229268941668	0.8657658728894706
0.2296691685532247	0.9695854719527975	0.08459364984525325
-0.8551365333470993	0.1595247366063134	0.49324777520612473
-0.8101726261570206	0.36921222609659676	0.4553050053828013
0.37976363062908924	-0.2610900398660194	0.8874748311553254
0.44654216002215275	0.8919160964931377	0.07131462780660214
-0.6977957836136153	0.14311327306654387	0.7018544261050449
0.3309894775711896	-0.8045328459826253	0.49312560820976303
0.6352377587236232	0.576407400028208	0.5140306402195394
0.06020556953165146	-0.32427698635474134	0.9440443451014663
0.672908299549824	-0.6853641444311163	-0.27833506772443917
0.737271801844024	0.6520125962348355	0.17694593681906212
-0.9001972968221728	-0.4212941139121561	0.11025468868499291
0.43535637171993424	-0.8645287366206049	0.2511073339431472
-0.010471695035087068	0.27404622445885307	0.9616595085907174
0.48896851460871993	0.5410670298338376	0.6842194537925175
0.8665922534416401	-0.21171464801197892	-0.45187915872731277
-0.09963763343376913	0.813893959336198	-0.5724062936060057
-0.5875852425958257	0.19159858372518462	0.7861511085014817
0.4325829638909425	-0.7466873658010036	0.5053018475173886
0.683824218666561	0.6369834852393444	0.3558601937522732
-0.34424127473015176	-0.8881532024353609	0.30443691263703987
0.9360905299756026	-0.34965600974841027	0.03840826130944627
0.07233577581083393	0.29820221972787553	0.9517578324800972
0.6465253330715109	-0.3561284490715334	0.6746684529890782
0.5486318784678573	-0.3974583044823523	-0.7355473867310275
0.5301019294679109	0.8456946399025583	-0.0615834426975308
0.7615039020846556	0.5210573622804058	0.385501014685084
0.5839468594511774	-0.8096320542664472	-0.05917771575010364
0.2812789939667557	0.2701761683007575	-0.9208077788742726
-0.6915169557114438	0.3457095115280516	0.6342627480804878
0.6254354787484355	-0.15278758643185975	0.7651708406330195
0.3614343119936064	0.9258190358117306	-0.1105637872105758
-0.8969030701701366	0.09619205726880559	0.4316387040544194
0.19301836620327462	-0.7930254001340302	0.5778015446937472
0.39788037527327536	0.6015461768315518	0.6927000823673555
0.5639789526051835	-0.1501248382045875	0.8120284933254539
0.38118247983178183	-0.8249800451652036	-0.4172623181507187
0.732548741100313	0.5448581999321152	-0.40804642368127886
-0.4446703618201544	-0.4012752982221417	0.8007786238127641
0.46711651495583684	-0.8667189459185534	-0.17492978660406835
0.7642450070325919	0.296270828504196	0.572846546121377
0.8102086297476964	0.13032026728752097	0.571470562860826
0.1704684451562439	0.8804364465836192	-0.44246149293833753
-0.5608052117164862	0.455903818213139	0.6911217136295952
-0.6219338996967307	-0.028971707564944604	0.7825336188105837
0.5312555460752038	-0.7497756111207732	0.3944668271639682
0.5752962447055897	0.6610576171025051	0.4817022500449879
-0.5897398808906407	0.38333002498157825	0.7108199243371812
0.5133262434520081	0.8574170153546856	-0.0364997200497828
-0.6234605365783333	0.34335718097614515	-0.7024263702350388
0.5663818781191556	0.03870448862358494	0.8232335821008545
0.485464632401634	-0.8228704326333232	-0.2953105852911363
0.6659847286727858	0.5669093522409326	-0.48484856142552557
0.9280736363185308	0.3374751617462261	0.15744789860413486
0.3547258688269152	-0.9298282833298799	-0.09792303868241928
0.11335291595494831	0.14673063321667681	-0.9826602860197124
0.683189217518506	0.303515095430349	0.6641769944166672
0.7302180896919708	-0.2766831636448428	-0.6246822940039922
-0.005833914042944532	0.9117702637185463	-0.4106591672488906
0.20364742484780896	-0.16181588966071753	0.9655792790890692
0.7965909771258399	0.6007575275977322	-0.06732910363549777
-0.5691841016003132	0.782883139994706	0.25124380111253275
-0.31576030410698497	-0.25192776257379457	0.9147829429951272
0.28118628639001175	0.8959548466159518	0.3438010837265941
-0.9062172491717749	0.36578315334354605	-0.21206834283691012
-0.16599958645659663	-0.04888644113096652	0.9849133226684404
0.07326800176470702	-0.9966212891061486	-0.03711880948799006
0.9834001917905272	0.0660009240385872	0.16902053370051484
0.5542250326254623	-0.28688022640474087	0.7813669745447845
0.8319698120455882	0.16193404728591143	-0.5306633548441355
0.025706906778800165	0.9441806501022825	0.32842359068175553
0.1710756070117606	0.39270036234405975	0.9036147199445139
0.878563892153865	0.3543000915462131	-0.3203075592829451
-0.445935672590801	0.8486800754967619	-0.2844002555656395
-0.4664024983942896	-0.20164843141538533	0.8612819628897836
0.6338416864811331	-0.7553534081771445	0.1663909409611114
0.6170197938237614	0.6235215624682805	0.48011189858906544
0.16793474873295555	0.44801661209094873	0.8781110610045562
0.8135617675145705	0.4400444167364972	-0.38010283047828486
-0.5567002520266779	0.7782300601940176	-0.29059043825261854
0.2598497565063532	0.3712942136394871	0.891413883087662
0.5224593339600305	0.7222843307127802	-0.4531463229077695
-0.812104887561718	0.5834774653100375	-0.006300720097229373
0.2811950683006388	0.24965917500969437	0.9266065129799586
0.7688484859069946	-0.636433290709695	-0.061843934180734805
0.5742833266619545	0.7298102238321329	-0.3709119813489059
0.9486105964405409	0.2348111827176421	0.21213591113119737
0.29970617980849457	-0.8818045185952257	-0.3641387053989752
0.10155856490380058	0.40900427804093376	-0.9068634728772
0.7544485253377125	-0.03631363089796613	0.655353906547262
0.5609663108218023	-0.48271293445372243	-0.6725362600143238
0.34077004084679785	0.8750254528424205	-0.34381133800267416
0.606401983414769	0.04606623950458291	0.7938227359357634
0.33451530836215726	-0.920459895230084	-0.20212147274447242
0.7213710161782251	0.3881127192594054	-0.573578568434234
-0.7367882007400861	-0.20955207366852263	0.6428305186216727
0.5231519835186136	0.42560564090837283	0.738357528957018
-0.42831664617514803	0.8803111761463643	-0.2039536313995851
-0.7605398322353394	-0.39988599309334544	0.5115372480193315
0.45374230048774594	-0.8908660518687503	-0.021808309789464714
0.464432006144635	0.21551999943284633	0.8589843080714197
0.034855241848172014	-0.9285371016022352	0.36959973358191917
0.9831370375420265	-0.03457314582211568	-0.17957244499379799
0.17951790308711085	0.3696262281495767	0.9116741599579994
-0.6329587562966239	-0.5582358558704231	0.5364102367107175
0.6251620643694883	0.04014352035079827	0.7794619240521793
-0.45665698954544837	0.8287105809596386	0.32357868734641193
0.9896930915831295	-0.0028277539550250474	0.1431767728376263
0.14117399456064197	-0.14851025596907808	-0.978782206178571
0.02403097443757206	0.9889068245692153	-0.1465803690403733
-0.4722723502440398	0.8510820537899945	0.2293864967943321
0.880969775327412	0.44713727038728857	0.15479184859085462
0.02917331236833426	0.2751864806766673	-0.9609481352800733
0.10881174544095318	0.062402699139136375	0.9921017625194725
0.982030761315444	0.1480603917111032	-0.11702010184820494
-0.15419334578477362	0.9870076106831727	-0.04517066049098828
0.3445137457504899	0.2811130410497705	0.8957040455087366
0.8538554135790657	0.3027232385148072	-0.4234259953815188
-0.3901809986284439	0.9106778239393211	-0.13573757510156526
0.36701923387803115	0.2632257798253715	0.8921934043686425
0.4405184432670946	0.795576022133626	-0.41593544468772065
-0.8192926114064002	0.5456839578376493	0.1760358913787753
-0.4261441441329661	-0.224697021479962	0.8763061205761463
0.8972379634187546	-0.22876494178741447	0.37766471692384335
0.11560798165069641	0.947194726519861	0.29909353826456664
-0.7700730620687284	-0.6233009565283851	0.13595365632042783
0.6276927934708196	-0.7783513094839851	-0.01307654577344378
0.11397032991481536	0.07526723467330335	0.9906288948358725
-0.5835628356821223	-0.7559816305076	0.29655723081002494
0.7783406359058292	-0.6248478463981972	-0.06124559861119894
0.23160369450496543	0.19508188841254626	0.9530492041364105
0.03206050504304969	-0.7427858694259771	0.6687610008048315
0.8615196516055835	-0.3186797965925596	-0.3952557110796994
0.5067109767054376	0.5888228421391446	0.6297075882196446
0.989596644666284	-0.05885994008165859	0.13127828578563858
0.14094383069256938	0.21354215378471364	-0.9667132900434803
0.028867238436271862	0.9751590926667142	0.2196165443096083
-0.7670218679986727	0.031427973854379086	0.6408507911138406
0.10447263881725272	0.99158789448612	0.07641279504862523
-0.6330583873154092	0.1255616580329832	-0.7638529624748611
0.7442020734660948	0.4202756184808453	0.5191644039794219
0.5509811170161463	-0.8256343952036014	-0.12143991991278313
0.37760175124117884	0.3764256234202533	-0.8460027585606731
0.0887245582233206	0.8860753016872577	0.4549708919347609
0.927652533953982	0.09284336491620881	-0.36171934678669343
-0.36275160787628924	0.45414829002306173	-0.8137325123480665
-0.41524920310558033	0.8477025643071182	0.33010371368301317
0.9061925521873159	0.4173195969193695	0.06825988856783971
-0.07989466615750615	0.32748239112079186	-0.9414733803063098
-0.9615392524538855	0.17887096372122888	0.2084405054874462
0.2623745480890991	0.373663269940382	0.8896827283995695
0.08125184616649807	0.9101543490171874	-0.4062230895205685
0.5978828354866289	-0.7292452170721488	0.3327724874563148
0.7999368795160753	0.5162141882370315	-0.30598022918624446
0.0513527391728294	0.4491373122333272	0.8919857459283025
-0.64365811322131	-0.1686732125205559	0.7464941933212732
0.3613299463651318	0.7928732345390508	0.4907063315378702
-0.674644278967927	0.5855778183380742	-0.4493926073337955
-0.7938516972897169	0.43445008337829877	0.4255027705700932
0.4739198134088662	0.003546925960064229	0.8805608609146445
0.3810505126210193	0.9006889276375187	-0.20871023564366786
-0.9738935152105666	-0.14877906404718488	0.17145323307552263
0.18606873718206718	-0.09052750707002022	0.9783573966128933
-0.1300378640022845	0.9847180106837343	0.11584728465006111
-0.5728265163128046	0.5198912910653876	0.6337056317276191
0.6945274251952257	0.7184408850535426	0.03839726989217568
-0.4353176287041756	0.4621209150837547	-0.7726207491269741
0.9339816018050313	-0.3455481127104886	0.09096630855392254
0.35731461729722314	0.901659139190184	-0.24359199695506284
0.0021521513531625736	0.26001403523086186	0.9656024387539197
0.9975098928751298	-0.02183639514253191	0.06706105772671757
0.07032095899889541	0.38052168822454824	-0.9220944677831091
-0.005382967743039816	0.924514151669902	0.38110970470503436
-0.8519374088739573	0.40902228496586757	0.3269608872058389
0.5117822981489164	0.5182367366197962	0.6852076795534897
0.11082206757926098	0.7510868493183495	-0.6508356275731175
-0.3439958376402148	0.46246015056227446	0.817188762054475
0.7959542198945715	-0.3180729322051863	0.5150596952105833
0.49812020990743877	0.8276232348963586	-0.2586813436285187
0.43738745401396806	0.3076050307891642	0.8450274315691628
0.3177541751930905	0.826197368023845	-0.4652205855482214
-0.8412636324117058	0.4719926420016191	0.26362558046933493
0.1552674054303902	0.41190974976022565	0.8978988756332102
0.9618729793456703	-0.2701932056807341	-0.04237927805723357
0.22514973776488983	0.870244787204403	-0.43815705623436507
0.03416491831320456	-0.600711352633988	0.7987356441109263
0.9983699223146447	0.05707407261865982	0.0002201185362663005
-0.045719323858759375	0.7974261226291526	0.6016820774915382
-0.9959846701848638	0.013048849751199097	0.08856785126059702
0.08850536534012082	-0.005291833654215594	0.9960616430736544
0.01346614505938299	0.9999008570937156	0.004115691982268688
-0.5624593837883114	-0.13661082867928032	0.8154611720223308
0.33640615023477877	0.8631228913581649	0.3766294949917452
-0.7552948720021131	0.4861649472155329	-0.43951484665051943
-0.8328219657146765	0.003892781308518445	0.5535272528763387
0.5452287351135614	-0.16687492358892397	0.8215098211729771
0.0955677761047525	0.9859703880598417	0.13685464566289685
-0.9291930711511789	-0.013050747799880524	0.3693642030658951
0.2696990179571739	0.6593818816771386	0.7017677492082776
-0.2527106571507737	0.7516948929570958	-0.6091733018317891
-0.5776606154856392	0.16895689138599718	0.798599888661358
0.5264820302875337	-0.6705321892443581	0.5226884875061679
0.6237987536866915	0.7223850441699007	0.29838726993385833
0.30151489558185984	-0.10410119707505838	0.947761419614557
0.7196948267666015	-0.6271581307215033	-0.2978456570025858
0.625402369733	0.7719038928762119	-0.11417642530267869
-0.24876304770132096	0.21832464670299884	0.9436372686262242
0.810062922306902	0.5809786681715767	0.07913184588509786
-0.530956691267708	0.7840906425736707	-0.321382725463669
0.947945963734885	0.1178010996999272	0.29584007630513465
0.23379577909715216	0.3732780588426362	-0.8977767119184085
-0.2161896933600113	0.9202099715261519	0.32630602934782404
0.999998930393541	-0.0003376226722851691	0.0014231031954540867
0.00033919320421745865	0.9999993336178408	-0.0011034998163094096
-0.001422729680566658	0.0011039813429316767	0.9999983785314107
0.8969148125924082	0.2760543022390611	0.3454530954668525
0.4040171941056749	-0.8291360479739165	-0.38639813769889375
0.1797607460468013	0.48613520358589646	-0.8551950876935608
0.8658147489988554	-0.5003639709559833	0.000846749791278154
0.5003642393317762	0.8658149986554385	-0.0001268905662784387
-0.0006696372017770548	0.0005335470390099229	0.9999996334567204
