-0.1842492330466139	-0.6962552921133409	0.6937440366056494
0.8575657842078919	0.23099494239294172	0.45958923218977266
-0.48024279888160504	0.67961011233872	0.5545240746165259
0.7878856469689925	0.19945575042147573	0.5826264763328715
0.2774953741632802	0.7296110485226945	-0.6250312273731573
-0.5497567867868782	0.6541292850021472	0.5195020249088029
0.9551237353455464	-0.04726145935156778	0.2924123879720742
0.15564791962364619	0.9199914979372302	-0.3597073377623012
-0.2520166171037174	0.38907839593476706	0.8860618638224009
-0.6143871744998015	0.2712554242368658	0.7409108547134589
0.7506578621643631	-0.08823353176292237	0.654772951368235
0.2429838961350694	0.9584546617836021	-0.1494104665821725
0.5499155859389268	-0.5611760404594472	0.618606740955596
0.7395937874973622	0.6713047753707247	-0.04848636983490792
-0.3880642702398065	0.4841811129925636	0.7842032721077672
0.23486602696432235	0.7844950232096092	0.5739385924794996
0.952766854619581	-0.06883711153596472	-0.2957985341642106
-0.1925442030192149	0.6163026940025009	-0.7636083546222865
0.9470729514291222	0.08943489797044293	0.3083086500511267
0.18308892688259423	-0.9393737764382457	-0.28992301218276634
0.2636878258932553	0.33102614272163594	-0.9060300344417525
-0.9951389357547789	-0.07669483144335816	0.06177702950709617
0.0942866670148401	-0.5608648476424298	0.8225209098267753
-0.02843453829550273	0.8243473330513712	0.5653697476192134
-0.9864642153893557	0.013596942665130658	0.16341197907871977
0.021089209175000602	0.9987999975823608	0.04420192400619177
-0.16261487328235344	0.04704984569195984	-0.9855672047139794
-0.864166661833011	0.2710061826610073	0.4239948461194999
0.4988028738044187	0.35011602774256645	0.7928521048734242
0.06642043104981141	0.8966462045184126	-0.43773726167860305
0.887358210328777	-0.012668318041315435	0.4609066285920762
0.453050232292346	0.2097078035880493	-0.866468766969778
-0.08567901482837761	0.9776820295128065	0.19182532571524136
0.23183356282135525	-0.3441275660470434	0.9098513161149433
0.637308578069678	0.7603698893079599	0.12520146865195247
-0.7349088211937327	0.5508301459799912	0.39559471029236437
-0.4912645085348115	0.7705466380137102	0.4060998169167509
0.8304427383878205	0.2737268086282746	0.4852200454403322
0.26272426784175873	0.5756140311736229	-0.7743671262412057
-0.8169991986199545	-0.5534658069059378	0.16182679024287466
0.5711067553875812	-0.8154240672372599	0.09444926956263039
0.07968301829763812	0.16958535065330393	0.9822888706682847
-0.00283056311826968	0.4846039911172441	0.8747290778896468
0.5276422268831973	0.7437788283034559	-0.4103495278141292
-0.8494619875675276	0.460382478338149	-0.2578028419491334
0.6885110821781153	-0.7108277915490461	0.1437926996736149
0.7224141805116832	0.6547834865030634	-0.22220787024434074
0.06379844444462426	0.2568704665087024	0.9643377634014172
-0.14530120387096312	0.9363727313186767	0.31952099805247636
0.9654653259955039	0.20477734703500117	-0.16106812981375984
-0.2162504669452634	0.285083051379959	-0.9337897993455742
0.045951838611080875	0.8642631526570996	0.5009367539794537
0.9287566225760069	-0.22161305162391431	0.2971511254751439
0.36783089123871815	0.4515936871892108	-0.8128736538610308
0.9425828483249683	0.008195888430127217	0.3338718338770595
0.05782374305976796	-0.9886057143153049	-0.1389789781286519
0.3289285466209156	0.15030492019879876	-0.93231670701639
0.8170736501817628	-0.15114321287820087	0.5563689238082093
0.5611450352127393	-0.012986271810238037	-0.8276156150052778
0.13231364115140884	0.9884265708414184	0.074202523002461
0.1586414224472381	-0.6976948107117582	0.698609225668972
0.9862490632807321	0.07878339882647234	-0.14527890847341635
0.04632153129803951	0.7120499471071062	0.700599163975359
-0.4532438551324842	-0.39824019368315694	0.7974802542507525
0.8486196105072883	0.08101164343169032	0.5227636849389546
-0.27279069714178583	0.9136968106345223	0.3012364084721504
-0.2346899992516076	-0.17688373060075963	0.9558413833372348
0.894652310828967	-0.42385303982353983	0.14122975380823366
0.3801550301911972	0.8882909132041725	0.2577235079289961
0.12995206471835496	0.6345489307600224	0.7618793312242754
0.7712000718045041	-0.5476359375640485	0.32456945194684284
0.6231877005559116	0.5453829245215315	-0.560530601766021
-0.12948744536273948	-0.4459612692683208	0.885636238986425
0.9244159638992979	-0.3774152175960013	-0.05488970044639607
0.3587312743287983	0.811588750439255	0.4611242489599576
0.9363061291627497	0.0575421459396649	0.3464386438215671
0.1397082114555239	0.8440326723523869	-0.517774529745899
-0.32219939190533387	0.5331957890328342	0.7822338540446114
-0.07108364602214401	0.019570711224300152	0.9972783475692097
0.868435462562978	0.4930440667943925	0.05222447282522741
-0.49068010213501106	0.8697841890153106	-0.05204326957209249
0.9202374184670072	0.05590052743169038	0.3873476793347767
0.15852074142371464	0.851678295677463	-0.49951502000481196
-0.3578187644487834	0.5210750538116278	0.7748848431241608
-0.9618221938368154	-0.21176609583690742	0.1733585535730187
0.22973801984046	-0.9689934601646444	0.09095117590187624
0.1487229292433411	0.1273059103582523	0.9806501391960013
0.17892131322877236	-0.10690361968053555	0.9780382302199088
0.2775186364970238	-0.9482297184594137	-0.1544144016185494
0.9439123741477938	0.2990518636116172	-0.13999075969896912
-0.3469963933313007	-0.2372179272865086	0.907370463476171
0.8582668702315809	-0.47037431955219144	0.20524614239663358
0.37811569985647964	0.8499856789850668	0.36681448041528997
0.6210303175464991	0.1940787429167719	0.7593778942239101
0.5267518333274193	-0.8207836949993637	-0.2210127419616208
0.5803911187934369	0.5372593112930075	-0.6119628923837339
-0.3538878664436669	0.098966241969767	0.930037128793432
0.7945469980667831	0.5564038716220348	0.24312506968034692
-0.4934150847380049	0.8249972209616174	-0.27553790947634704
0.7331555483026367	-0.31411173935648595	0.6031722450440695
0.4907150216383115	-0.3697087597055666	-0.7889956910753586
0.47083087147251873	0.8744422497772018	-0.11691467945905676
-0.991723532393749	-0.011239432071311332	0.12789882901410377
0.12620365703240158	-0.2684613724568772	0.9549875017246131
0.02360237801816866	0.9632248785539564	0.26765791803457495
0.7094234969798224	0.2828900459230362	0.6455164783726146
0.6304627298831611	-0.6641084539521223	-0.4018416449518316
0.3150159490584437	0.6920499861332159	-0.6494857723859881
-0.5064725867293376	-0.39389956727736963	0.7670258468854847
0.8494976128413266	-0.07548512712090938	0.5221645347593303
-0.14778134073211524	0.9160486485346951	0.3728478896938767
0.3746998542614889	-0.4330091456796793	0.8198189428002827
0.8733080720069298	-0.1320964480238711	-0.46891741254405966
0.3113406985666314	0.8916577864726081	0.32865386235188376
0.7279098818705236	0.5605270081197978	0.39491350577500944
0.6639490949819732	-0.7200297018279058	-0.20181384431756894
0.17122734345851148	0.4091047563325136	-0.8962781349549123
0.6054631813773879	0.7382642541272851	0.2972881213137446
0.7953765703621624	-0.5480908466047971	-0.2587905237580405
-0.028114894901039383	0.3931441401648003	-0.9190469181379062
0.4901336602588653	0.7931587587826738	0.36148053674793557
0.8444955819414768	-0.32940423379594597	-0.4222796026788802
-0.2158615462804203	0.5122421635551241	-0.8312711703853275
0.630654535536576	-0.044747115432280604	0.7747725811279307
0.6956451675165792	-0.4099613929314141	-0.5899232638373959
0.3440242109473928	0.9110045839435856	-0.22741589723631628
-0.18516674080954676	-0.3281955023504766	0.9262834287273463
0.5887506638775384	0.7176452584351387	0.3719649698954469
-0.786820140744839	0.6142255247728486	0.06034128632860569
0.888608637569442	0.3380647705055102	0.30997887053803647
0.44510566913520455	-0.47247471159352994	-0.7606895491646459
-0.1107051604067391	0.8139286564851167	-0.570319655642036
-0.2413504457282465	0.6295153331769257	0.738552914584948
0.7868842130164266	0.5723523854819323	-0.2307075684468562
-0.5679464742845898	0.5254742544866362	-0.6334931808783881
0.09601550498638567	-0.026032348929170113	0.9950393658601853
0.8753432597115149	-0.47370095869667095	-0.09685855361027651
0.47387255721325433	0.8803009249904746	-0.022695395592188694
-0.002118657614478492	-0.731511870838502	0.6818254132197384
0.9670599281404109	0.17205383447669576	0.1875968374651581
-0.2545399903256377	0.659763488580734	0.7070512940804252
0.10314356014952564	-0.5281873425785999	0.8428401610859783
0.9937719445168258	0.018792994506403593	-0.10983690476669994
0.04217497232871692	0.8489198751927292	0.5268361388627711
-0.39427585950079336	0.3084400960187442	0.8656854242638362
0.5556089906581266	0.8303416135914938	-0.04279549319884013
-0.7320144780772905	0.4641093749389492	-0.4987557438055321
-0.08000719236535958	0.9515236219350558	0.2969876193874166
0.9965936491286789	0.07038056493319433	0.042984585563523775
0.019998692112130595	0.29941505135727076	-0.9539133500137873
0.46575686509436187	-0.07996171346053259	0.8812926114508893
0.23584436612613768	0.9711039490407725	-0.03653156339355172
-0.8529056088360732	0.22486272376246014	0.4711568506114443
-0.8001927418503407	0.35016405135807027	0.4869052402947997
0.4151421798298017	-0.2625267828005087	0.8710549114944334
0.43283778302753845	0.8991467207574732	0.0647041585594641
-0.6998295779754276	0.11159823004488419	0.7055383737555201
0.3451628584440235	-0.8119202731327548	0.4707951478369162
0.625380814337541	0.5730020114509912	0.5296862580166037
0.07345658146016176	-0.2629682381878352	0.9620040729355426
0.6713633666689184	-0.7002678542204599	-0.24268531525506015
0.7374790576925978	0.6636811267844358	0.12510795903930128
-0.8886204924151213	-0.44078208128189555	0.1267469024501524
0.45861235778582	-0.8507501829711548	0.25670767705831943
-0.005322193724312509	0.28624339816901934	0.9581421560805125
0.4931032457011072	0.5519742714401685	0.6724385419851604
0.8664124007879832	-0.24174351316860077	-0.4369091731718452
-0.07860496701759129	0.798050422911358	-0.5974418646622996
-0.5916855721430396	0.14717972670815782	0.7926199037141798
0.4728063697158421	-0.7329935999555481	0.4890547200266366
0.6529642566587318	0.6641223610678362	0.36411422528623105
-0.3507980032954827	-0.8977470505261428	0.2664413521875194
0.9363272078265753	-0.34088380770741944	0.0841997002760722
0.015235510086366172	0.2790133740782015	0.9601663482532107
0.6475646559660226	-0.37873593343645995	0.6612254600872687
0.5278300704685197	-0.4029090494613863	-0.7477029587819749
0.5495956996309235	0.8332006904618691	-0.06100144556533249
0.7499067886906896	0.48434843081053536	0.45060670861294255
0.5617763589465056	-0.825945925396369	-0.04712378221176172
0.34935244496700485	0.2884786402708296	-0.8914779544683471
-0.6778777275027017	0.40875226463626707	0.6110674043920983
0.6353707680078013	-0.09241659438888838	0.7666571334323684
0.3698456079460047	0.9079541614180107	-0.1970620893189945
-0.9034187378442051	0.09499307697795639	0.418103933775136
0.1849975914025364	-0.7933455341161582	0.5799816847739313
0.38679513348443706	0.6013145423355465	0.6991497306647187
0.5773862679284447	-0.17333434684796079	0.7978598259158391
0.3532714285341346	-0.8279596892878549	-0.4355250287822856
0.7360872199604569	0.5333272514293168	-0.41681848266809896
-0.4552845428928485	-0.4251497190298071	0.7822810884916792
0.4736747315350573	-0.8596260687531787	-0.1915078865873335
0.7538887409346565	0.28335620397095895	0.5927571407947159
0.7613686912885043	0.11339129251493626	0.6383260379362747
0.21054002171112643	0.8879777188500787	-0.4088624097220103
-0.6131807361484123	0.44568821569299183	0.6522050285062884
-0.6507729903585868	-0.04749659526546557	0.7577853181857851
0.5146726796541392	-0.7613552853386216	0.3942716859027213
0.5582172944628022	0.6465927643618778	0.5199146557248548
-0.5788960494065813	0.3710148279479747	0.7261042359222178
0.5452701713198582	0.8382358308163566	0.006413439360043155
-0.6062671063568148	0.3996356958260201	-0.6875547297280322
0.5875949495110359	0.07696150232007154	0.8054868729344761
0.5370412288577164	-0.7816957243745768	-0.3170780865993415
0.605242838715269	0.6188931423558863	-0.5006519594775793
0.9086776196986021	0.3908052959392668	0.14688840704665845
0.40711421904801376	-0.9074055912700416	-0.10427418463259087
0.09253645826272228	0.15455197700996234	-0.9836415456326066
0.6699976283278198	0.31718441718372337	0.6711908994696802
0.74012428281796	-0.2152351303610014	-0.6370948788380606
-0.05761270709051075	0.9236167409452389	-0.37896291616383593
0.2274498950833026	-0.19965673171863424	0.9531021638345115
0.7919713931199195	0.6074272681136496	-0.06175294674493298
-0.5666108520901173	0.7688753497358476	0.2962816883681635
-0.263915118019763	-0.22242861167457967	0.9385490520953784
0.34819020972874687	0.8854653640040182	0.30775748081611715
-0.8995067472396555	0.40801544316085697	-0.15624023109488694
-0.18842559408400228	0.06444464885338176	0.9799707560576769
0.11050034791710338	-0.9901171020979824	0.08635853891360475
0.9758511508443743	0.12455926849198255	0.17944224705584888
0.5576492608783454	-0.3774127210661543	0.7393151830033498
0.8206896322774241	0.11711284477871442	-0.5592433361786113
0.12448224497566568	0.9186099387472781	0.3750465985988146
0.1982077858842397	0.3201564293859344	0.9263981510871645
0.8904056858373495	0.33629642377106284	-0.3067285933644161
-0.40974551644086	0.8856661764353673	-0.21841253552616946
-0.483022129768504	-0.1398120312162552	0.8643738878986823
0.5951903574195826	-0.7764642423438819	0.20700656703614873
0.6422134073566578	0.614455756168438	0.45826418485719
0.16405437495528907	0.48418642917830446	0.8594473013847866
0.7835272566638414	0.4653612610482466	-0.41173284394182175
-0.5993089354605555	0.7409469606626027	-0.303028713758263
0.22426790055272494	0.3524615784386119	0.9085564068929541
0.5338751713105586	0.7355209468842971	-0.4171165762140707
-0.8152798355410213	0.5786015662085519	-0.02321674699901033
0.25826541962993677	0.2622212272686782	0.9298058942559361
0.7781043793566804	-0.6269024131126275	-0.03933114871854021
0.5725840967485284	0.7336439139005195	-0.36594270008759455
0.9441698232820321	0.2802615354739564	0.17319589064800708
0.32433585488044536	-0.8830371008302964	-0.33919276495260897
0.05787571202626224	0.37642921019895015	-0.9246358481404708
0.7306419798861064	0.012044060599483819	0.6826545523413627
0.6046796796723476	-0.4757165855590235	-0.6387927795579806
0.3170564338086479	0.8795161572298371	-0.3548613066427533
0.6034205298020254	0.019259266194868008	0.7971905323566495
0.38012058711749	-0.8857642154503818	-0.2663270430824185
0.7009935830397434	0.4637357386413139	-0.5418091557401901
-0.752331822293292	-0.2003834706154772	0.6275693538318704
0.5224288549939775	0.398857881394331	0.7536447982433817
-0.40132894318069906	0.8948513033759978	-0.1953873696320758
-0.7875975479833861	-0.3589705585627463	0.5008295523386253
0.38817777861377223	-0.920272197971086	-0.04916394849829896
0.4785479229931262	0.15568949780449576	0.8641485206099406
0.028944449897943314	-0.9074808254801414	0.4190951803659719
0.9684564224232335	-0.07835212015087678	-0.23654408285783476
0.24749621550095885	0.4127220573869824	0.8765877746460757
-0.617944741446494	-0.569922529144653	0.5416018900373112
0.6476391130980022	0.02158410400837385	0.7616414547802588
-0.44576661573547516	0.8214148995650845	0.35576633773900457
0.9955253800845818	-0.0033930025022879673	0.09443360176054086
0.09305230427795577	-0.1387338984243378	-0.9859483627941923
0.016446466976578644	0.9903238828595446	-0.1377973902582459
-0.43836841945220484	0.8735638253932693	0.2114695528705106
0.8982946671670088	0.4179724819344883	0.13552009181238345
0.029996995954408925	0.24936970006358372	-0.9679436620609225
0.1130625720258116	0.00836507830985056	0.9935526560136498
0.9867950264595242	0.11578361117683311	-0.11326840308576253
-0.11598461346943822	0.993239236462053	0.004836175205984339
0.37864493838729607	0.35635107295566343	0.854190800370168
0.8419510426040271	0.2506656968531794	-0.47779195292418
-0.3843780072944766	0.9001003395313533	-0.2051168600673039
0.4389142155581357	0.2051719665288177	0.8747907038438876
0.4528358046402025	0.7903902122395309	-0.4125809574275207
-0.7760760564640858	0.5772241995504408	0.25400428743725223
-0.43745376126634095	-0.1901372550232806	0.8789095692994489
0.8869588275032773	-0.25222056407841587	0.3868964013401739
0.1481156476134186	0.9488058870539207	0.27897875120496207
-0.7775203194706755	-0.6123870247076029	0.14298351226623474
0.6216748177866682	-0.782774785675793	0.028000997127410124
0.0947764408496732	0.11066059316661071	0.989328893432251
-0.6209454343989365	-0.7303202492679001	0.2847088003704634
0.7359264381663645	-0.6682225056382318	-0.10904568109893883
0.2698870969625712	0.14181331555194523	0.9523916938031747
0.022737042530696194	-0.724763100744384	0.6886228827858855
0.8384879786438149	-0.36128700917775536	-0.4079333360601975
0.5444455313130662	0.5866772066467032	0.5994905492453193
0.9926130315491849	-0.07923544069024917	0.09187553829697456
0.10771805419906287	0.2271350555151046	-0.9678876419067028
0.055822848353560266	0.9706345406458459	0.23399230352069933
-0.7544093461365022	-0.029520497330313436	0.6557400999628337
0.10778477031909202	0.9798570362487986	0.16811493628164415
-0.6474943874267612	0.19750627521952724	-0.7360314459992539
0.715205655553464	0.3631647710964529	0.5971534302830392
0.5825720150013202	-0.7817916705711283	-0.22228727170691828
0.3861226717011592	0.506865991027278	-0.7707114567322153
0.045414663999207794	0.8673502126205677	0.4956219496359043
0.9088276975859786	0.17008230862448404	-0.38092548404318477
-0.4146923249764913	0.4677345582272295	-0.7805476658382688
-0.3766590225741968	0.8439670726558199	0.3818999358290292
0.9163534025166133	0.39986503441106247	0.020109598495879483
-0.135736592007006	0.35752976733162467	-0.9239848716630148
-0.9731455851681841	0.13726852582703497	0.18478371650376954
0.22616367078938748	0.4206667089255305	0.8785724295792764
0.04286798435595479	0.896770244722156	-0.44041510430299957
0.6001673851189457	-0.7293517132819183	0.3283979113396087
0.7937103446997211	0.49216298400246883	-0.35749053958732313
0.09911104154501159	0.475206981756914	0.8742741709174228
-0.6469395603477632	-0.1916382210466337	0.7380677458683077
0.37234907380273813	0.7652767869766866	0.5250786670136983
-0.665451254785267	0.6145130035635705	-0.423731513999128
-0.8106104772224652	0.4172994769695667	0.410818452285304
0.458202354243856	0.01514869826271259	0.8887188078950129
0.36463852893318116	0.9086427589883007	-0.20348729630022144
-0.9754451156959849	-0.13020203157905524	0.17763518017986663
0.1883154756760108	-0.07481705808175931	0.9792546601578717
-0.11421080459293137	0.9886606287258929	0.09749899138738749
-0.611686774492608	0.48310258052335975	0.6264592457634413
0.6443321350046645	0.7636879388060461	0.04020984857598278
-0.4589938885335619	0.428243655894449	-0.7784163291420578
0.9373132100892174	-0.3424450801277239	0.06461666417081012
0.3484583576391509	0.9185591341518128	-0.18661696079857718
0.0045518330013432605	0.1974347592562891	0.9803054608915218
0.9979278110662304	0.015302456572254815	0.06249734973113781
0.051624417428941985	0.3893437112849042	-0.9196447107486779
-0.03840577333792729	0.9209654224267877	0.3877469371491725
-0.8426372950227625	0.40468774226163806	0.3552326284280484
0.5300315232129227	0.506923894602996	0.6797755140346846
0.09502091052663564	0.7610886915095432	-0.6416502397872073
-0.34304472865725	0.4080385196239382	0.846064347814975
0.7590404385720562	-0.4101783409867963	0.5055802025373031
0.553333467949314	0.8156336770195458	-0.1690082192047504
0.40642478580238794	0.24667550187980522	0.8797556991903088
0.3915604053254679	0.8229432644335591	-0.4116367725371391
-0.8255297344534831	0.5117768852691408	0.23787618047500747
0.21011728693246545	0.386783610984183	0.8979137842834223
0.9444836997801823	-0.3175824083882153	-0.08421374431694179
0.2525891260163001	0.8657596965419314	-0.43204036994469
0.04546298584474906	-0.5927733944277426	0.8040850824239261
0.9985920342581472	0.04899022443398815	-0.02034470511171682
-0.027332508744266182	0.8038778892148479	0.59416603167568
-0.9983494187507702	0.015559402194410332	0.055284202837265484
0.055045726132025005	-0.015359381981297382	0.998365693230567
0.016383104546984762	0.9997609686262537	0.01447755148142793
-0.6285215980793726	-0.12530726746569099	0.7676318710606232
0.31446394912239956	0.8617379746698073	0.3981458121270691
-0.7113880976303276	0.49163579175265537	-0.5022163107841513
-0.8145905720474675	-0.027956935717368903	0.5793622439171151
0.5753483350596944	-0.16568044761300826	0.8009521100682555
0.07359682924839522	0.9857831399572872	0.1510467070165198
-0.9477567847083306	-0.038515162203795236	0.3166601637714191
0.21548426496316853	0.6546544413712685	0.7245647617336599
-0.23520971194363888	0.7549464515270521	-0.6121537770316396
-0.5916020285284165	0.19043899455306423	0.7834156171501052
0.5226282749496997	-0.6493056881515065	0.5525050312505755
0.6138947190391553	0.7362982498198105	0.2846017590390477
0.2873419715401643	-0.10346407226878973	0.9522235961899758
0.7537843093862365	-0.58895152033132	-0.29145380701329154
0.5909685324232804	0.8015181173554253	-0.09124089673216118
-0.21070136641889814	0.23901251291660885	0.9478807693262361
0.8286708442851042	0.5580441965019095	0.04348915476703202
-0.5185649101327836	0.7946443817330027	-0.31564337559839895
0.9530352149190278	0.14857386506909423	0.2639122690264193
0.18736636073442395	0.3953845026143925	-0.8992023920995245
-0.23794479609644806	0.9064198264109187	0.34897761002651695
0.9966025702202705	-0.04742901197330307	0.06733354181674217
0.054931465484836406	0.9919217264737737	-0.11434081794781896
-0.061366531024972554	0.11765108317616259	0.9911570871952825
0.8939646513982447	0.1730402128737814	0.4133815268961728
0.376079620968592	-0.7913216222887116	-0.48205208099382885
0.24370334577624286	0.5864018884919772	-0.7724904558831178
0.8350586719286806	-0.5492238558282537	0.03209627121417367
0.549925562373086	0.8349860032096759	-0.019500007501953937
-0.016090067910153626	0.0339342103647145	0.9992945407043761
