-0.18349059128281664	-0.8575768236770639	0.480513469532999
0.6933811273649543	0.233585903435218	0.681659913688973
-0.6968169165030277	0.4582571518354198	0.5517667692666002
0.7894193278050371	0.19654952990421354	-0.5815371073132617
0.27823750510585205	0.729880629520121	0.6243862245467807
0.54717548888845	-0.6547079875377607	0.5214944251034148
0.9538544914875515	-0.15885225040148954	0.25480889233189435
0.04914798384765285	0.9197528842530318	0.38940866399187885
-0.2962196562565275	-0.3589158598482542	0.8851176875402802
-0.6094796370030888	0.7557645425357999	-0.2394880546587591
0.2734610058737925	-0.0831325523893578	-0.9582839125226535
-0.7441462560176443	-0.6495451754719482	-0.15600453415218052
0.5460007822091556	-0.74299267341928	0.3870982214790727
0.5599674440909901	0.6673275490269612	0.4910299419260219
-0.6231529566528543	-0.05134033068591984	0.7804130720713656
0.9419047579844688	-0.13579218609269705	0.30720662278405647
0.13579218609269705	-0.6825984854507701	-0.7180667029298056
0.30720662278405647	0.7180667029298056	-0.6245032434352389
0.956524458785436	-0.04672067978916663	0.28788563323873384
0.04672067978916663	-0.9497919552239957	-0.30937423918584
0.28788563323873384	0.30937423918584	-0.9063164140094317
-0.9951466676085694	0.08105723018172512	0.05579278970285222
-0.09146478831869453	-0.5528099942500098	-0.828272480983837
-0.036294661389469664	-0.8293556750228283	0.5575409059988807
-0.9864891393881432	0.009237001426487845	-0.163566059052261
0.00471051037516312	0.9995957017658278	0.028040044637763654
0.16375893551573348	0.026890719884922365	-0.9861338145621135
-0.611584420019555	0.3365190575012141	-0.7160442871274365
-0.3365190575012141	-0.9297305963902707	-0.1495190358258302
-0.7160442871274365	0.1495190358258302	0.6818538236292844
0.9536034948230921	0.23379258622017318	-0.1896876413730417
-0.23379258622017318	0.1780838484085142	-0.9558384641582992
-0.1896876413730417	0.9558384641582992	0.22448035358542207
0.23077372556560827	0.640780071444206	0.7322188113047408
-0.34254277659668114	0.7578596615800199	-0.5552595605221523
-0.9107183613993985	-0.1226769472630278	0.39438868241903036
-0.4869133366966296	0.771064482515474	0.4103351878039457
0.8344590246196366	0.2718527482565618	0.47934770208711686
0.2580572393439093	0.5758086896430958	-0.7757904447424586
-0.8174693275602041	0.570511924674849	0.07912042910694622
-0.5520987133507033	-0.8152968567593575	0.1745796267461061
0.16410639602028257	0.09903120297215023	0.9814590728212373
-0.007683265829392161	0.5344336202470499	-0.8451755279087456
0.4861569446850118	0.7405862458272455	0.46387868848012515
0.8738377381188851	-0.40732384909447505	-0.26550873695253796
0.6909247894575338	-0.7145262501805378	0.10988709258144079
0.7162578368623214	0.6559979787135366	-0.23799446013943817
0.09796757854704181	0.24314376349537317	0.9650302916628759
-0.1428495141419306	-0.9368300996156295	0.31928573529611987
-0.9680018297492893	0.19948819574778665	0.15223967078038717
-0.20631644120486908	-0.2873218129753855	-0.9353500424317598
0.04675088098517777	0.9336420988358128	0.35514333220344696
0.8607750702687808	-0.2180468828318327	0.45991503051226346
0.5068339309190782	0.28419709387813785	-0.8138497270997487
0.9435858248478045	0.056711776396412096	-0.32623544498452617
0.008781409686212722	-0.9891636457814588	-0.14655431999179028
-0.331011597969333	0.13542177181788947	-0.933858803956729
0.8286955274188115	0.15241587141424034	0.5385472356043578
-0.5454389765229366	0.004097870650017876	0.8381405194510925
0.12553902072929093	-0.9883079528148975	0.08652944398964535
0.15378145246377017	-0.6932418565218345	-0.7041072313535015
0.986432721636823	0.06626995550550374	0.1501958011446004
-0.0574608611343671	-0.717651741002179	0.6940275412937431
-0.2138344618779462	0.8983851216601506	-0.38363914828005447
-0.8983851216601506	-0.33508575331462387	-0.28393962581021964
-0.38363914828005447	0.28393962581021964	0.8787487085633223
-0.23938335530790789	0.8925473535422981	0.3821712062494609
-0.1793876782153767	-0.4274969766361354	0.8860397258991609
0.9542094477136687	0.1435463571519794	0.26244765810037607
0.13141232654597101	0.7741447051682793	-0.619217874331558
0.6347304241774698	-0.5455136002816221	-0.547295350365113
-0.7614775696337117	-0.3211150687334692	-0.563060408461681
-0.059242739657431986	0.7432861276465677	-0.6663452785501313
-0.7432861276465677	-0.47842524959811916	-0.46758423090941365
-0.6663452785501313	0.46758423090941365	0.5808174900593129
0.934338982329023	0.13351112423172168	0.33043221060717953
0.06815405895146827	0.8431260553718019	-0.5333793012497063
-0.3498080764487942	0.5208773698862017	0.7786662155196074
0.5643054554470573	-0.7067550561904189	0.4266809621977139
0.7067550561904189	0.1464516039861179	-0.692133815269252
0.4266809621977139	0.692133815269252	0.5821461485390605
0.9222788235415607	-0.1506258575599535	0.35596856979391245
-0.062203509870094764	0.8511024001068423	0.5213016668803327
-0.3814872147354822	-0.502927982485267	0.7755842632665151
-0.9644778382601893	-0.22297438808386214	-0.14165070336422664
0.2041008520760245	-0.9694173342454571	0.136282332847195
-0.16770611702258703	0.10253026052371132	0.9804907975040593
0.17756450675120938	-0.1104876320354868	0.9778871760634714
0.27147458111216005	-0.9496218442030284	-0.15658832913859336
0.9459240972468018	0.2932760409232743	-0.1386245507411763
-0.34906897216016874	-0.23880171669336392	0.9061592535417524
0.8566205654212719	-0.47336941991028203	0.20523790875748033
0.37993691525355106	0.8478768379889297	0.36980103843757706
0.618298225458464	0.5278513504808826	-0.582305981585646
0.1935854307584212	-0.8203563242759435	-0.53808938125421
-0.7617296012319534	0.2199737552890583	-0.6094091906026999
-0.3627641272670241	0.09404620342510595	0.9271232386201512
0.7925560983111161	0.554441509716527	0.25386894913147384
-0.490160197280496	0.8268917244262286	-0.2756683824405026
0.7359288102493078	-0.3058647026460162	-0.6040327556683516
0.48833473247397763	-0.3781668375398177	0.7864598095546282
-0.4689754527740307	-0.8737486060992588	-0.12893951308654628
-0.9919268255227773	0.014977129832823455	0.1259240183216689
-0.12526338762973552	-0.27041298155466187	-0.9545605811713789
0.01975491148620722	-0.9626279161694247	0.2701059763934952
0.7137419858215035	0.6270617461558228	0.3120351649791848
0.280597907851115	-0.6641866468206932	0.6929075784653108
0.6417454259947272	-0.4070008165754634	-0.650010110322718
-0.5037571190592127	0.39603777107422544	0.7677127385159905
-0.851223401860962	-0.07621077678166044	-0.5192404429805013
-0.14713084354211187	-0.9150661185864633	0.37550834011202905
0.3744930016978314	0.874941849280642	-0.306971907601849
-0.42824381760863955	-0.13043171534170583	-0.8942006487992492
-0.82241244175859	0.46633070669900156	0.32584267312659265
0.7240492048853155	0.6679177958227156	0.17215855171401623
0.5646926817549145	-0.7173389873942366	0.40810164461400295
0.3960743921000008	-0.19826899704072848	-0.8965570147709951
0.6081605158282786	-0.7930635820441687	0.03451002496020544
-0.7361229299730792	-0.5471582924840268	0.39842293474875723
-0.2970922734695924	-0.2677087182017712	-0.9165523570661049
0.49120949878870823	-0.8440299123638937	0.21523646376658456
-0.7900731910524488	-0.3276932014295104	0.5180748194200138
-0.3667391185569753	-0.4245358321412657	-0.8278114194357173
0.6345185772208854	-0.6899294765856203	-0.3484013382578707
0.04877587604681821	-0.41412498230261874	0.9089122141047072
-0.7713670261797873	-0.593715265401815	-0.22911807993129552
0.5029045318740915	-0.8542101677888151	0.13195461745124779
0.8542101677888151	0.4678770126485594	-0.22675116379252402
0.13195461745124779	0.22675116379252402	0.9649724807744678
0.885128968013829	0.4523469302325498	0.10921979990808822
0.34236628396069846	-0.4740578293675606	-0.8112055855467581
-0.31516985514118656	0.7554147398115192	-0.5744706548517322
-0.24201244544180978	0.7884526767090755	0.5654841755889985
0.6300789067961571	0.5709126361104924	-0.5263642589879448
-0.7378553702873178	0.22891294965480366	-0.6349553638000884
0.10070750383009919	-0.015174186272488621	0.9948003532082599
0.8764498224692288	-0.47184145797225385	-0.09592365314287965
0.4708436124298261	0.8815528246279889	-0.034218562571302735
0.0014753135513609905	-0.7265728431211268	-0.6870878598031023
0.9661421350260883	0.17830894447083634	-0.18648135362262916
0.25800619833088706	-0.6635494133525992	0.7022356995071273
0.10484315836979063	-0.5311640008517997	-0.8407572279452351
0.9934667565407695	0.017622024535333347	0.11275312811465332
-0.04507455813882516	-0.8470857503525752	0.5295413258266104
-0.40283701806708905	0.3088249348041595	0.8615970615769429
0.5429631994629355	0.8384585975502755	-0.046670592700303576
-0.7368265066511847	0.44901485480686687	-0.5054427358850655
-0.07152829216808287	-0.9971413893605867	-0.0243465201529183
-0.9516285939477018	0.06091046772558861	0.30115267573536547
-0.2988088395624158	0.04470978131784015	-0.9532650800558433
0.9784752152640673	0.20564821356498833	-0.017177466968854242
-0.20564821356498833	0.9647670469787182	-0.1641138547517931
-0.017177466968854242	0.1641138547517931	0.986291831714651
0.487594464654017	-0.6639298221570363	0.5669645749862054
0.8669753159900343	0.44480347177258284	-0.22473022262935002
-0.10298271458231556	0.601121504148357	0.7924944780550046
-0.6648390271164788	0.12395807934189022	-0.7366298002312175
-0.12395807934189022	-0.9907705158373517	-0.05484687332253024
-0.7366298002312175	0.05484687332253024	0.6740685112791271
0.07878824177457411	-0.26545945638213564	-0.9608973358144833
0.6648673616036104	-0.7042150632551225	0.24906331756972408
-0.7427945910090655	-0.6584925373167749	0.1210114617124779
-0.8889140465237899	0.4403137367864815	0.12631560113393017
-0.4580121138457098	-0.8498001029100075	-0.2608921015759674
-0.007531365300239158	-0.28976472920503177	0.9570682735549481
0.49000848393304175	-0.8679616614507975	0.08083464557485814
-0.5525047299107362	-0.2375091302136636	0.7989542768465621
-0.6742627151933482	-0.43615589795017057	-0.5959344121489993
-0.5364278667515083	0.18642943010015817	-0.8230973280025611
-0.18642943010015817	-0.9773787411959955	-0.09987424017563613
-0.8230973280025611	0.09987424017563613	0.5590491255555128
-0.35013253962254254	-0.899440743276725	-0.2615598478958137
0.936536658258139	-0.34136372328871967	-0.07981162923496755
-0.01750121241932058	-0.2729050343183045	0.9618817753796871
0.6451536211174971	0.45917404952856533	-0.610684859316587
-0.45917404952856533	-0.4058251110679214	-0.7902310873828284
-0.610684859316587	0.7902310873828284	-0.050978732185418485
0.8969653132287122	-0.04102028052485264	0.4401937794314915
0.04102028052485264	-0.9836689617150705	-0.17525042180850023
0.4401937794314915	0.17525042180850023	-0.8806342749437825
-0.4177901276956033	0.2100167809754974	-0.8839368534622717
-0.2100167809754974	-0.9688902839498543	-0.13093727267764776
-0.8839368534622717	0.13093727267764776	0.448899843745749
-0.5652407869973575	0.8025085323798796	0.19100499514960295
-0.5530496792861898	-0.5404518675692169	0.6340724178533461
0.6120775318177027	0.2527683411711945	0.7493125254161389
0.5777939824502015	0.16782575441091965	0.7987419044977806
-0.36050150958524396	-0.8255189918962627	0.43423156910263677
0.7322518524599964	-0.5388440499578551	-0.41647846810359823
-0.45266496554037694	-0.4487798417522891	0.7705135187711631
0.4487798417522891	-0.8613559553366872	-0.23803901327894364
0.7705135187711631	0.23803901327894364	0.5913090102036898
0.7650933738874246	0.11671324009150671	0.6332536212457848
0.20622517309139995	0.8872231744769279	-0.41268173772836725
-0.6100027108275664	0.44633290071248954	0.6547393638117349
-0.6541803817683423	0.514100697530627	-0.5547508457929097
-0.04776958912793389	-0.7600889231159262	-0.6480608731523759
-0.7548285199063257	-0.3974484894360454	0.5217936409932871
-0.5777215076560906	-0.3782320593858828	0.7233107000758994
-0.5520274202710034	0.8338115628418981	-0.004899483655698811
-0.6012516834575306	-0.4021178769016188	-0.6905053411926803
0.5891475895889118	0.5346176167029393	-0.6058788010753012
0.06924571215329223	-0.7804728344979419	-0.6213430501414913
-0.8050528858590339	0.3241082512396398	-0.49683366678237895
0.9103806084445516	0.40365560185275695	0.09093570729376099
0.38742879609990377	-0.9087441861364125	0.15518676527284284
0.14527930245119974	-0.10604791019231742	-0.9836908889601119
0.6710895965416578	0.7394399922899607	-0.05354671993481824
0.3153929191339121	-0.21938177035319062	0.9232545398734251
0.6709441556297697	-0.6364747729791991	-0.3804389614476056
0.22666497648292439	-0.1987711982005375	-0.9534741733271636
0.7932862231300009	0.6056506338490065	0.06232397540621931
0.5650840261661391	-0.7705045882304784	0.2949622397657825
0.7393583016561547	0.6717376220248641	-0.04602030995666403
-0.6717376220248641	0.7312327064733244	-0.11860563283452319
-0.04602030995666403	0.11860563283452319	0.9918744048171698
0.9877113386568487	-0.15584985026231915	0.01171049366630667
0.15584985026231915	0.9765518105293169	-0.14851729032380603
0.01171049366630667	0.14851729032380603	0.9888404718724683
0.5601085893802492	-0.8191500510174716	-0.1235781615842409
0.37095612489149427	0.11462163971892692	0.9215494740455503
-0.7407225671653006	-0.5620098518942687	0.36806929356553053
0.20347285624413947	0.8883614399475057	-0.4115977997830478
0.32513754968207426	0.3352254312101398	0.884256458306476
0.9235173905014396	-0.3137480872999386	-0.22063038584257066
-0.4434798501669186	-0.39290316668075875	0.8055760200677271
0.39290316668075875	-0.8930550375400688	-0.2192710686263421
0.8055760200677271	0.2192710686263421	0.5504248126268498
0.1625857834750183	0.48417472228143954	-0.8597329244105436
0.7858031405233005	0.4634146952459327	0.4095854545437829
0.5967237948628599	-0.7421736040400588	-0.3051213760303553
0.21974732137989594	0.534619516079612	-0.8160227250347641
0.3519013962786751	0.7367137590509144	0.5774237997538638
0.9098772016285933	-0.41404686963177584	-0.026242479011092446
0.2536823944053095	0.26536719479489523	-0.9301749806866864
0.7835385758895159	-0.6202559911411698	0.03673969986968517
-0.5671970934885144	-0.7381481947279783	-0.3652734588743185
0.9451383461179822	0.3218098372516034	-0.056142099581880704
0.2776531671598971	-0.8819148476092871	-0.3809657731770216
-0.17211108466174832	0.3444773290281731	-0.9228830610224525
0.7340439684081759	0.6005338191557323	0.3170781993354433
0.005891078656906523	-0.47252151765862105	0.8812994443104181
0.6790763930780064	-0.645044608844864	-0.350389361945167
0.6037577252141166	0.014918951051771323	0.7970282517852112
0.37205834709983393	-0.8895211505276222	-0.2651880636781273
0.7050171597894725	0.4566503560313184	-0.5426059866411863
-0.7516779662427757	0.5244535562236651	-0.39991086810622634
-0.19895748272577407	0.39779516431277906	0.8956421871019656
0.6288053396183496	0.7527997573151309	-0.19466990073900003
-0.7852734222973976	-0.392349733185378	-0.47896486207517913
0.36110691840047593	-0.9186166928950137	0.16045299940462313
-0.502938809117615	-0.0469580494057262	0.8630454772950059
0.02746901953236147	-0.969130851698341	-0.24501192879608724
0.9061286128968291	-0.07935961454743246	0.41549126160311883
-0.4221094524594292	-0.23342545676367682	0.8759772635628562
-0.6217199126071489	0.5662324885294343	0.5411516600746258
-0.6511766744925225	0.010255774727218059	-0.7588568756238585
-0.43523934664115427	-0.824181768797702	0.3623411695030976
0.9966090307729992	-0.05409104219035686	0.06200482994464278
0.05409104219035686	-0.13716679528029285	-0.989069982067647
0.06200482994464278	0.989069982067647	-0.1337758260532922
0.9071311436174729	-0.04125873590020642	0.41882073132925585
0.04125873590020642	-0.98167003068207	-0.1860689860578088
0.41882073132925585	0.1860689860578088	-0.888801174299543
0.4847532956816418	-0.6473754578206203	0.5881490108274678
0.6473754578206203	-0.186612976121999	-0.7389726745654622
0.5881490108274678	0.7389726745654622	0.3286337281963593
0.37888696510237374	-0.3566301925529155	0.8539669627305162
-0.8404045908117649	0.25379808201507514	0.47885974701156386
-0.38751102102781854	-0.8991114721352071	-0.2035528660000585
0.43531910590804246	0.2105110402731768	-0.8753184437417775
0.4526798133220946	0.7892437667520766	0.41494007188227466
0.7781890918292905	-0.576870330807625	0.24827879247290796
-0.4487387896288535	0.20736471609222795	0.8692717487658398
-0.8802118291608673	-0.27068915170053076	-0.3898134412214736
0.15446887870283688	-0.9400676878138281	0.3039935983547213
-0.7772649201399671	0.6221995426192434	0.09341826954196558
-0.6132645880352007	-0.7823917840538708	0.10848797770728784
0.14059085667932497	0.027033782743186727	0.9896986337308785
-0.6171922778704755	-0.7337447664850524	-0.2840639184987243
0.740132469475875	-0.6639219120421518	0.10682519523893366
-0.26697868784717055	-0.1443132439039788	0.952835803204998
0.01967982823912051	-0.723286748988205	0.6902673272715087
0.8387665951357796	-0.36380063034958665	-0.4051168970082276
0.5441353721683697	0.5869458067788856	0.5995092298371001
0.9926230234889042	0.10556635290012852	0.05962615512601829
-0.08275822597160266	0.23054741813070379	0.9695354372209918
0.08860366399748726	-0.9673177518936743	0.23758315933076657
-0.7503010989290966	0.1049133227313987	-0.6527185118098364
-0.032381881748017906	0.9803100763961919	0.1947910877082154
0.6603027144274416	0.1672882208332364	-0.7321304368008497
0.7227203199303418	-0.5725239207036309	-0.3871584938780587
-0.3548450604737843	-0.7880817606052493	0.5030031030308728
-0.5930938561620249	-0.22614928437532816	-0.7727199874206607
0.04712817126127977	0.9107927253179549	-0.41016526788778696
0.8629170872125276	0.16970893291356381	0.4759968263402462
0.5031431566365725	-0.37637147819306394	-0.7779405339308099
-0.3815620289372832	0.8408540143892149	-0.38389444455319455
0.9139964446585007	0.40518007289105507	-0.02096682340316383
0.13791634139899436	-0.35887830112385066	-0.9231389103258376
-0.9733382079647495	0.22624902910733083	-0.03773737860478117
0.13161158209623355	0.41613056686942307	-0.8997298165421991
-0.18785932070061578	-0.8807080833879765	-0.4348127729045923
0.5978801459680068	0.7715554610520872	-0.21735110208594793
-0.7715554610520872	0.4803989992295581	-0.4170359361732995
-0.21735110208594793	0.4170359361732995	0.8825188532615513
0.17586474881129643	0.9749518909554599	-0.136163139093929
-0.9749518909554599	0.15336795544980553	-0.16108097517559142
-0.136163139093929	0.16108097517559142	0.9775032066385091
-0.8057947545374273	0.4687059208550178	-0.36195244620725653
0.41896536776661913	0.019245120159724016	-0.9077982407794253
-0.418524592075721	-0.8831446003376161	-0.2118791653805625
-0.9760747816219257	-0.1425549969051764	0.16418310978622627
0.17481767016023056	-0.0655079023698768	0.9824192063100395
-0.1292934757884547	0.9876167209927463	0.08886174392884916
-0.6092614053838137	0.4796369113296419	0.6314657339871268
0.6427833362300475	0.7650506360057664	0.03907821659367264
-0.46435990629543955	0.42970450036895513	-0.7744184397261964
0.9391957343616152	0.34280094042146836	-0.019972175722820305
-0.339915492627607	0.9198957912928414	-0.195574003981737
-0.048670632096547976	0.19047112224133653	0.9804855537760097
0.9998395219381695	-0.014945587413789303	0.00987723581318973
0.014945587413789303	0.3919072837458143	-0.9198833134500455
0.00987723581318973	0.9198833134500455	0.3920677618076448
-0.8434216804167656	-0.40401990586984243	0.35412961562665635
-0.5285214987136736	0.5056076535262628	-0.6819280945181236
0.09646188055606222	-0.7623180545917763	-0.639973662929185
-0.0901197862433798	-0.24381479880512624	0.9656255837595974
0.24381479880512624	-0.9454686935632663	-0.21597058451415535
0.9656255837595974	0.21597058451415535	0.14465109268011345
0.40764265814252565	0.24667725897428344	-0.8791915565833365
0.3927679243124828	0.8218373251206512	0.4126945222192765
0.8243547906658636	-0.5135501347906234	0.23812903679050323
0.20515669207757825	-0.3815854197249654	0.9012787022609088
-0.9459520286950497	-0.3136265776045879	0.08254168175990445
0.25116825257883546	-0.8695003952117304	-0.42530409311825235
0.04667833989349979	-0.5785443858130745	-0.8143141446818662
0.9982541217884187	0.056552997793218984	0.017043085783783107
0.036191724430042316	-0.8136879943103331	0.5801741178284389
0.9792187351340483	-0.1118146488144907	0.1691985610842081
0.18219459811015193	0.8514668129596705	-0.4917411868531877
-0.08908309144812276	0.5123492468412475	0.8541442805985718
-0.6287775229245198	-0.12598050222158785	0.7673120224034686
0.31386532376473164	0.8617103244891297	0.3986776582740737
-0.7114263034235977	0.491512186755156	-0.502283172192937
-0.8188327658755408	0.5706156658196249	0.06253529763132493
-0.035083996487270785	-0.15848473870176205	0.9867379088639067
0.5729589991605799	0.8057793429468519	0.1497919749554235
-0.9481624279300149	-0.036205074430609996	0.315716966359638
0.21727650065458376	0.6511360466210272	0.7271951395973698
-0.23190285148129908	0.7580969867874515	-0.6095162229987228
-0.5962499018717815	0.19096029200242115	-0.7797565141736493
0.5189067311891163	-0.6494475301899965	-0.5558360458415228
-0.6125535558990061	-0.7360380916830753	0.288142445236761
0.28052206029989935	-0.1088806254180682	0.9536521289724412
0.7569611181447562	-0.585808963622424	-0.289547446468902
0.5901840723894028	0.8031020281061376	-0.08191393745674969
0.6367579798997951	-0.6236782102400417	0.45339250667132835
0.6236782102400417	0.07084117036051651	-0.778464526265475
0.45339250667132835	0.778464526265475	0.4340831904607214
0.9571067323958494	-0.15459843019780733	0.2450429109011595
-0.1695718712574295	0.3868745762276321	0.906406885866907
-0.23492995398797842	-0.9090805176930501	0.3440647163981547
0.9965957849477907	-0.048441823496900474	0.06671005292002198
0.05560765841319315	0.992360707392573	-0.1101272661474618
-0.06086566971699746	0.11346195908588655	0.9916762345091739
0.8968828495930818	-0.3721125892557223	-0.23902588776782177
-0.18278441152049638	-0.8040110563388552	0.5658233648321572
-0.4027294538656182	-0.46378706558320565	-0.7891201079600119
0.8265233446006048	-0.562651641732764	0.01680151438576858
0.5623248033944634	0.826659158870523	0.02062645250297876
-0.02549463311381433	-0.0076003362363009554	0.9996460666513359
