-0.13845089911945552	-0.7116357057291818	0.6887713487539558
0.8621578716484448	0.2556309562820108	0.4374204139554625
-0.4873552635271704	0.6543908896994777	0.5781499897004999
0.7702493614586324	0.21790741895891233	0.5993598901621914
0.2588154145628645	0.752134227417812	-0.6060599682632598
-0.5828640513509319	0.6219408820050955	0.5229331094255769
0.9497551568071204	-0.10252511881923254	0.2957257887458994
0.1970498785721696	0.9299437312511044	-0.3104448454419349
-0.2431799487477849	0.3531193236257057	0.9034214165101184
-0.6097253117814905	0.4048080237953062	0.6814436939644406
0.7309754140420159	-0.0452156119097642	0.680904172777439
0.30644736618066537	0.9132830953820201	-0.26833560973223225
0.599097248149774	-0.5344517453343138	0.596191092828863
0.6826601361198672	0.7300552887881724	-0.031534328361685404
-0.41839888361726346	0.42588802192774106	0.802223015729606
0.22876188570443456	0.8194135824993345	0.5255752852489904
0.9491936747427445	-0.06790343213111028	-0.3072791755605653
-0.21610036436183114	0.5691664999983943	-0.7933159066867763
0.9473262518496433	0.11332088776405802	0.2995519136191122
0.1958329420101098	-0.9450433861810963	-0.26180614404370434
0.2534214501185155	0.30667796567691924	-0.9174563717082658
-0.9938043088090689	-0.08130512280029624	0.07577910529266808
0.10746482465884345	-0.528955678367222	0.8418177960723541
-0.028360311238993092	0.8447457412319404	0.5344158730959692
-0.9859993621372121	0.06501533083842655	0.15355215602843686
0.0759225238769259	0.9949093750833665	0.06626541888030874
-0.14846221146530553	0.07699572798016202	-0.9859161372244782
-0.8903279059641123	0.22065543498601664	0.39828055296824494
0.4544568576747499	0.37681740710957357	0.8071416271086568
0.028021141553320666	0.8996220432550269	-0.4357694286152931
0.8948615429941862	-0.03547398149837927	0.44493192232825574
0.44365183965217597	0.18000825380832608	-0.8779351193192566
-0.04894756422238247	0.9830252413837246	0.17682056090615095
0.19269029893349343	-0.3762773059931147	0.9062482207935557
0.6853861665237785	0.7125378970754945	0.15011844646502143
-0.7022223660883785	0.5922036256439132	0.3951944006934355
-0.44267452417284403	0.8036273734305075	0.39777168114576733
0.8648205339088648	0.2654362692712442	0.42617957610020407
0.23690654228605068	0.5326599587246513	-0.812495328351813
-0.8395000770608185	-0.48429585812032444	0.24636790055195523
0.5209487753793152	-0.8462602520585591	0.11160626871540723
0.15444090794110005	0.22203852727236878	0.9627288810257258
-0.01690469798173555	0.5163058835317701	0.8562373887051562
0.598997007262133	0.6909058504663963	-0.4047859818253517
-0.8005728052320755	0.5060408485703344	-0.3209452338033103
0.7329218118355302	-0.6667538440037303	0.13514780516890756
0.6801482908967701	0.7137708966408994	-0.1671209427290583
0.01496396090366614	0.2144071328447254	0.9766297462495077
-0.21744024239902449	0.918807229322805	0.329413139278936
0.9622456493964145	0.25838995747188065	-0.08554495949705113
-0.1637163742669801	0.29837544339611777	-0.9403026340360023
0.11626209682666155	0.8694878755010571	0.48007703464977997
0.9221683969146224	-0.27402588318368126	0.2729748396415296
0.368901846801264	0.41097524220086734	-0.8336730640512233
0.916847845949161	0.011521944947410302	0.39907051026480567
0.05736180412565826	-0.9930139442091896	-0.10311609977863988
0.39509448339078734	0.117433178406861	-0.9111036152948959
0.8162026271814269	-0.12770961681790663	0.5634745115392178
0.5664879545326174	-0.014861661642819435	-0.8239359977465882
0.11359871808954511	0.9917002494632327	0.06021583232816963
0.20982628976898843	-0.6605694048722861	0.720847410669175
0.9762700849573038	0.10115411314897393	-0.19147993787993356
0.05356910806835535	0.7439192877857909	0.6661189412717841
-0.5055866833680103	-0.34358034096056	0.7914130747633383
0.8457311336937532	-0.015930121863002134	0.5333714284797315
-0.17064863053073398	0.9389881684679822	0.2986306487538237
-0.2992256833180149	-0.17658149226587527	0.9377008942258849
0.8637764649345854	-0.4676623823175228	0.18756896009257623
0.4054062272190431	0.8660894138333848	0.2924635330733828
0.16090353088976939	0.6423351188634193	0.7493434785343248
0.7474937369434368	-0.5750873814107298	0.33245694002755605
0.6444867469370811	0.5066360615045744	-0.5726750686083619
-0.222570108652957	-0.4265657751436403	0.876643705395936
0.9097578779391575	-0.4140908506073784	0.029485097437506602
0.3504328042033913	0.8040960184700354	0.4802358200080292
0.9490132041540617	-0.013457921407950935	0.31494892076750913
0.1859976498838893	0.8305529024734004	-0.5249635705748354
-0.2545168217994863	0.5567771192716053	0.7907088129499386
-0.08410659830650724	0.027641836393239527	0.9960732949949602
0.8456886490025635	0.5306579274777827	0.0566822102004057
-0.5270073899572247	0.8471352270362704	-0.06800822041988597
0.9233014149116461	0.10487216957195244	0.3694811568556969
0.10597928230710338	0.8550870024296684	-0.5075377916938949
-0.36916512422468045	0.5077677090216705	0.7783887619506467
-0.9615577489478684	-0.26115379437665737	0.08488457528304527
0.26608668302485733	-0.9624904601231676	0.05300935095549156
0.06785700078206738	0.0735582072549893	0.9949797071248713
0.20623333433349478	-0.16018656828054026	0.9653020642017673
0.2439345992373139	-0.9469465156422383	-0.20925632083154852
0.947609478163141	0.2786262009494597	-0.15621689101966973
-0.3382539248579368	-0.24275903149818157	0.9092042317016932
0.8376359796290311	-0.5180017859761845	0.17332084512947848
0.42889421533650307	0.820208633429049	0.37855983635263935
0.6399610300617748	0.19107545611729485	0.7442714894928059
0.49123292341060854	-0.846547881075602	-0.20505340768657096
0.5908807789730001	0.496836849595494	-0.6356202088702694
-0.3277513613353076	0.08658659208314518	0.9407878651504172
0.8126288708119469	0.5337490949255678	0.23397910588135273
-0.4818852181440646	0.8411983510073973	-0.24529975702532414
0.7643408417011501	-0.2621683563855186	0.5891102024389776
0.5034769324066767	-0.32814626506321143	-0.7992690456031858
0.40285736463659205	0.9075173726354667	-0.11881987259242255
-0.9905154978107971	0.07479439261513203	0.11525991250197326
0.089377244301008	-0.28639532564846304	0.9539336589343458
0.10435878879034091	0.9551876864156302	0.2769940918542645
0.7442563979119994	0.2479822237215575	0.6201509742676916
0.6121511657813096	-0.6246269625315937	-0.4848836024358206
0.2671205053896822	0.7405038652138601	-0.6166852205166702
-0.4934416899428742	-0.39670540736636317	0.7740414190420355
0.8606861640528223	-0.09436182278412031	0.5003150741371845
-0.12543773608591036	0.9130830554594396	0.3880009126258539
0.3864817053744226	-0.4607771466450833	0.7989470023352572
0.8741738678190599	-0.09315133996241176	-0.4765950867198193
0.2940271079903056	0.8826138731024019	0.366798051758777
0.7176760958008745	0.5918686793060107	0.3669230000593755
0.6742446082219237	-0.7223680627346627	-0.15355321626274893
0.17417011741305824	0.35759732716776355	-0.9174905567921625
0.622465579827959	0.7385602649439716	0.2589697607353669
0.7755965562955299	-0.5377953088478724	-0.3304938541693871
-0.10481690604076058	0.4065771031761524	-0.9075838668580058
0.47320607187466346	0.8097251496520194	0.347017572410917
0.840288371549054	-0.29657408235389604	-0.45382735298281046
-0.26455900321174164	0.5063486898343474	-0.8207432839339295
0.6484915959268341	-0.027615025145583616	0.7607207506033186
0.6955668686688976	-0.38451178370655636	-0.6069080815090095
0.3092658746490017	0.9227069407872746	-0.23014456369981184
-0.16174116883104128	-0.3524608074533586	0.9217435508396546
0.5650048704373422	0.7327223084714851	0.37932507833031565
-0.809079285785547	0.5821420770546863	0.08063071024866908
0.8889662696726054	0.32019366013493655	0.32743700370264406
0.45121286132907	-0.48996191842639947	-0.7458848921000848
-0.07839595114293879	0.8108102974810535	-0.5800351164740623
-0.22716058247775717	0.6262004449069078	0.7458358214558729
0.793113751418558	0.5633825583168425	-0.2314533868733648
-0.5651271070114652	0.5389555601186059	-0.6246264941051507
0.10851687449970071	-0.0745416507058485	0.9912959347535242
0.8816284271805822	-0.45351002935829077	-0.1306138187885757
0.45929881813032014	0.8881284792086612	0.016504547331012365
0.06615678078629761	-0.6801019310818198	0.7301264573310389
0.9683985708803241	0.22011090424116797	0.11728340782515301
-0.24047346687927865	0.6992943251399334	0.6731715669531397
0.14804601639890924	-0.5143580649293806	0.8447000402927166
0.982650247339345	-0.019978413471890555	-0.18438913850623223
0.11171780714075152	0.8573427809442671	0.502476355195359
-0.4042185678760273	0.3474243654748927	0.8461109026945707
0.5222321778762447	0.8471136487567821	-0.0983464207818742
-0.7509200368713619	0.40211289007483875	-0.523855248957928
-0.11485681471918796	0.964846102168529	0.23638932133825016
0.9931462327494577	0.11671581028110778	0.006162792060776842
-0.02164422528347934	0.2354770026151617	-0.9716388777479299
0.46477002545356405	-0.18560476996718758	0.8657596045123155
0.22968070960107953	0.9695854375918377	0.08456270364048861
-0.855123146147406	0.15954607038492652	0.49326408378037223
-0.8101902786829958	0.36921206525410855	0.45527372337788746
0.3797403991343987	-0.2610680260695495	0.8874912478607304
0.4465298888012054	0.8919226068639279	0.07131003977167705
-0.6978122793709496	0.1430862791979439	0.7018435291889549
0.3309789575470109	-0.8045508409908837	0.4931033095832508
0.6352251194814429	0.5763889840777228	0.5140669086934473
0.06020435248898626	-0.3242875829966559	0.9440407827289926
0.6729085770594632	-0.685361092066439	-0.2783419127643312
0.7372716479434093	0.6520105344207907	0.1769541752633278
-0.9001996396319396	-0.42127975244076105	0.11029043018311899
0.4353521658597888	-0.86452562452662	0.2511253396574081
-0.010445117889104363	0.27407811791587583	0.9616507083094017
0.48894897581047236	0.5410720014959896	0.6842294850786643
0.8666040813823677	-0.2117091442429735	-0.4518590536609076
-0.09963064380657677	0.8138920858695163	-0.5724101740654646
-0.5876158290023619	0.19156696310526755	0.7861359527158726
0.4326004480805642	-0.7466730890090414	0.5053079758624357
0.6837868745642627	0.6370097305350382	0.3558849721150301
-0.3442276494199439	-0.8881716890059707	0.3043983840678225
0.9360983628159428	-0.3496331354216824	0.038425587159013425
0.07229924279085918	0.2981739785150356	0.9517694563434905
0.6465118137647979	-0.35613998327377816	0.6746753196733256
0.5486280558478646	-0.3974753411075489	-0.7355410318588828
0.5301223736073998	0.8456817755664304	-0.061584117073039124
0.7615054244972003	0.5210537329920273	0.38550291282480864
0.5839446442547345	-0.809633400405821	-0.05918115741956649
0.2812794711804446	0.27017913369166935	-0.9208067630127772
-0.6915300156534778	0.3457183385774703	0.634243697502415
0.6254290539618139	-0.1527530352793911	0.7651829903188935
0.3614204420211061	0.9258214409831774	-0.11058898455588406
-0.8969030316230535	0.0965594682662396	0.43155674129078003
0.19270973481475043	-0.7930000630368543	0.5779393204577571
0.3980300365211208	0.6015207137843938	0.6926362110915865
0.5639919479974471	-0.15010316681723304	0.812023473740435
0.38118495081569337	-0.8249843762860853	-0.4172514974874226
0.732537450145508	0.5448576127717195	-0.4080674771885415
-0.44465441171924036	-0.40129109463168317	0.8007795648665879
0.46711514976215646	-0.8667146733787061	-0.17495459928998974
0.7642551216716147	0.29626193194426487	0.5728376529867405
0.8101901173226063	0.13034406681485083	0.5714913805465024
0.17046528171217878	0.8804322433592775	-0.44247107542091085
-0.5608329176533499	0.45590513168806907	0.691098364472754
-0.6219519763815933	-0.028962056412067394	0.782519608932207
0.531227449966759	-0.7497925592311134	0.39447245090560074
0.5753026468536752	0.6610388168708712	0.48172040346358
-0.5897565248224756	0.38330931968161597	0.71081728093409
0.5133206207381735	0.8574216452798329	-0.03647002235536101
-0.6234494219696514	0.34336873423601205	-0.7024305877414978
0.5663826066942034	0.03871606243212025	0.8232325366164965
0.48547728670124257	-0.8228635899603836	-0.2953088491981044
0.6659748846101321	0.5669184939894459	-0.48485139397681376
0.9280766808213509	0.3374771529746518	0.15742568321512196
0.3547250518750749	-0.9298281279780047	-0.09792747312754345
0.1133305434904901	0.1467270378663858	-0.9826634033437429
0.6832156611038793	0.30349952353846477	0.6641569088960184
0.7301932490331549	-0.2766734383859333	-0.6247156373567981
-0.005846322672782123	0.9117783983532568	-0.41064092928929496
0.2036935836189121	-0.16183513101770747	0.9655663179507489
0.7965804426596783	0.6007689312436415	-0.06735198307758655
-0.569182327874466	0.7828704117673972	0.2512874768358937
-0.3157355633253096	-0.2519619871977409	0.9147820565899918
0.2811878706005505	0.8959450973925975	0.34382519379082294
-0.906225377860705	0.3657834598031113	-0.21203307538138527
-0.16601573373277745	-0.048836101869247237	0.9849130983530396
0.07326117001520809	-0.9966236842943652	-0.03706794938391726
0.9833979749425816	0.06600202313370693	0.16903300216551564
0.5542282829642009	-0.28690889784885887	0.7813541416654209
0.8319670724268354	0.16193398229000056	-0.5306676698058992
0.025725488529365625	0.9441719492311	0.3284471487546674
0.17112082034847786	0.3926612885992222	0.9036231389682658
0.8785778972702571	0.3542567825549727	-0.32031704675519823
-0.4458907301923163	0.8487162331718398	-0.28436281803211516
-0.4663851994065791	-0.20162158039696268	0.8612976164443488
0.6338424392609594	-0.7553508372925544	0.1663997439696173
0.6170320963825159	0.6235333599092099	0.48008076519907494
0.1679722920380129	0.4480346777398975	0.8780946626930394
0.8135519969468992	0.4400275354551184	-0.38014328391411417
-0.5567032040245582	0.778229205044247	-0.2905870730865199
0.25986248513406784	0.37126373786503775	0.8914228658534774
0.5224712136042893	0.7222866382349591	-0.4531289476320206
-0.8120931718557959	0.5834940009749217	-0.006279414898743063
0.28120071892782605	0.2496350039189993	0.9266113103631073
0.7688505360600638	-0.6364285924052935	-0.0618667921357568
0.5742778150639516	0.7298225891183265	-0.3708961843130716
0.9486131655752349	0.23480385121417005	0.21213253770302642
0.2996943921760671	-0.8818216438466495	-0.3641069344873977
0.10156935263921767	0.40897156367966014	-0.9068770185123578
0.7544548492520375	-0.03631872190702673	0.655346344217411
0.560954006637923	-0.4827226399230058	-0.6725395567121871
0.34077629447622443	0.8750198873995975	-0.34381930396394167
0.6064203936622847	0.04602825360846302	0.7938108754736449
0.3345138512189944	-0.9204484834795847	-0.2021758457451549
0.7213562153978547	0.38814428905999276	-0.573575820076994
-0.7367930686235584	-0.20953460459301584	0.6428306336091401
0.5231726229559633	0.42557179175965665	0.7383624155168332
-0.4282830613247008	0.8803316985866884	-0.20393557768525472
-0.7605454274670387	-0.39989487749095814	0.511521983609181
0.45373546928876646	-0.890868953462042	-0.021831895628852252
0.46442951743863403	0.21549151889097123	0.8589927989324355
0.034857918162406465	-0.9285298187030555	0.3696177773330905
0.9831374379800801	-0.03457318230816919	-0.1795702456061427
0.17951519039721203	0.3696445195648885	0.9116672778883179
-0.6329740487806736	-0.5582262066137657	0.5364022332352901
0.6251590606791549	0.04012266526614794	0.7794654069185476
-0.4566399045429098	0.8287180907772835	0.32358356509176456
0.9896997181456627	-0.002800489847093815	0.14313149604127007
0.14113372578065614	-0.14848915086251968	-0.9787912154915359
0.023994569170258953	0.9889100714082875	-0.14656442719019336
-0.47228111919710924	0.8510833613067569	0.22936359030308068
0.8809652090027659	0.44715089743942116	0.15477847216532936
0.029169247104442464	0.27516029333083847	-0.9609557575650651
0.10881350391912192	0.06238786766306609	0.9921025024327371
0.9820305328341958	0.14806227595202592	-0.11701963519551728
-0.15419356000244966	0.9870082656231214	-0.04515561587897032
0.3445096059699466	0.28116110875675665	0.8956905505346717
0.8538524035890296	0.3027121077070155	-0.42344002259211766
-0.3901912406495935	0.9106666847811266	-0.1357828595592374
0.3670799833443601	0.2632007330199952	0.8921758010423964
0.4405165907821828	0.7955700688075358	-0.4159487935590339
-0.819266390787238	0.5457047184653163	0.17609355800580184
-0.42617356320876865	-0.2246518094560292	0.8763034055223531
0.8972215685330642	-0.2287758949310883	0.37769703051195347
0.11562677449885733	0.9472028053202818	0.2990606871729864
-0.7700837106589149	-0.6232852068706422	0.13596554517236117
0.6276786011623369	-0.7783628732691237	-0.013069474324771586
0.11397654241416769	0.07527807391568068	0.9906273564599641
-0.5835760456814305	-0.7559788477579247	0.29653832914047673
0.7783297622474362	-0.6248598775864855	-0.06126103641346378
0.23160695176672585	0.1950541338326439	0.9530540933064201
0.0320823060662101	-0.7427665869687444	0.668781371541012
0.8615075241616356	-0.31869031271304094	-0.39527366519381707
0.5067302156476989	0.5888414743083809	0.6296746832166347
0.9896003876553168	-0.058883402391971706	0.13123954310798236
0.14091175782403328	0.2135628107408296	-0.9667134023977414
0.02889548856461529	0.975153152479764	0.21963920403559667
-0.7670008347223258	0.03143070139572912	0.6408758308323297
0.10450981958640035	0.9915813415263196	0.07644697997228163
-0.6330777338884019	0.1256127149083121	-0.7638285335781123
0.7441735264900435	0.4202679137147975	0.5192115591675364
0.551012934680525	-0.8256075297558458	-0.12147819814767555
0.3776115838876344	0.3764931440441672	-0.8459683234031938
0.08872509163875286	0.886065931428802	0.4549890364337412
0.9276378574056805	0.09286865755555529	-0.3617504912942442
-0.3627890070295584	0.45416140039091657	-0.8137085219987981
-0.41521543726737686	0.847709233368281	0.3301290600916891
0.9062055607822801	0.41729627032833405	0.06822979098117657
-0.07992260169772905	0.3274948525278272	-0.9414666745592444
-0.9615392172824664	0.17886188232348174	0.20844846048729382
0.26237932899450533	0.37367638599990827	0.8896758096421644
0.08123682258812849	0.9101507488310652	-0.40623416037802196
0.597859896135488	-0.7292727866345058	0.33275328287968275
0.799951744831184	0.5161850870614775	-0.30599046036907585
0.05138823342368973	0.44912599409261256	0.8919894006634355
-0.643660038734851	-0.16870782647503743	0.746484711043648
0.36133526145036154	0.7928447677795109	0.49074841114083334
-0.6746395951680043	0.5856063895576296	-0.44936240735160404
-0.7940236024640039	0.4350641539001924	0.4245535310431363
0.4730189362317815	0.003533639719799808	0.8810451744130289
0.3818109541333765	0.9003925229484308	-0.20859937661057448
-0.9738916220996456	-0.148752860042424	0.17148671969957535
0.18610016663722928	-0.09053422016815915	0.9783507974934855
-0.1300070628147456	0.9847213522655749	0.11585345057675422
-0.5728311776529043	0.51990562935935	0.6336896546964017
0.6945281859632797	0.7184406463438486	0.0383879744658264
-0.43531028107700703	0.46210515496095794	-0.7726343151499073
0.9339702904083734	-0.3455802540691714	0.09096034648123091
0.3573441469050868	0.9016535243393546	-0.24356946179498076
0.0021580795106701037	0.259990788382796	0.9656086850525516
0.9975120767984371	-0.021789007880542614	0.06704398389751787
0.0702870571645822	0.3805321747264844	-0.9220927250515943
-0.0054209073421096765	0.9245109534956922	0.3811169251425004
-0.8519351496644489	0.40902608811076635	0.32696201615939613
0.5117867103837759	0.5182425222026249	0.6852000082133793
0.11081905901408264	0.7510807862180111	-0.6508431368105283
-0.343976663907414	0.46241552555750776	0.8172220851216028
0.7959669687791666	-0.31809995259537605	0.515023305075921
0.49811307882812256	0.8276377842282177	-0.258648523711571
0.4374079114090127	0.3075854728112763	0.8450239617621911
0.317783826881532	0.8261851793030077	-0.46522197806271537
-0.8412417954484512	0.4720267221413643	0.26363424507287647
0.15526238738367004	0.411915167009788	0.897897258182261
0.96186847990041	-0.2702117667510979	-0.04236305564197401
0.22517241935458665	0.8702364599903574	-0.43816193954456306
0.03418999053233707	-0.600711086624302	0.7987347713440609
0.9983684538966291	0.05709979797460729	0.00020817135651290952
-0.045732644920815024	0.7974244813635394	0.6016832403438184
-0.9959885169974307	0.013112160343536253	0.08851522614998887
0.08845273898763566	-0.0052723720143810215	0.9960664210076189
0.013527267826263997	0.9999001316853935	0.0040914154872312425
-0.5624928209232039	-0.13659177917296375	0.8154412990965203
0.33640750048597856	0.8631208796759179	0.37663289909970166
-0.7552693691833614	0.4861738710891753	-0.43954879938811464
-0.8328075906048036	0.0038932001993932652	0.5535488777183356
0.5452483933389893	-0.16689158953224448	0.8214933882294193
0.09558089030905825	0.9859675655596425	0.13686582141688863
-0.9292000487470404	-0.013043230573933168	0.36934691489803073
0.26969394326028684	0.6593718235883432	0.7017791498943952
-0.2526904160770945	0.7517038462014	-0.6091706503343763
-0.5776693076838764	0.16894125667361864	0.7985969088054179
0.5264974573729166	-0.6705179681548123	0.5226911915858116
0.6237776834256612	0.7224019007277599	0.2983905083695447
0.3015206526042814	-0.10410154324686349	0.9477595500688504
0.7197060756744527	-0.6271419045539637	-0.29785264173699416
0.6253866489543628	0.7719170293794848	-0.11417372317474861
-0.24874357245257128	0.21834136176247215	0.9436385350902334
0.8100686086828723	0.5809740836950105	0.07910728981161247
-0.5309571398805444	0.7840893850948705	-0.3213850522215056
0.9479454586907972	0.11781661254575607	0.29583551706267025
0.23378412217224712	0.3732871213983039	-0.8977759794170925
-0.21620451329157328	0.9202043092739847	0.32631217817596514
0.9999987941643171	-0.0003244301164559842	0.0015186885826850827
0.00032610096327600037	0.9999993417493968	-0.0011000722407516323
-0.00151833068644223	0.0011005661600550004	0.9999982417114812
0.8968991356434421	0.2760269272163558	0.34551566669768086
0.4040319822481018	-0.8291128556650158	-0.3864324389743601
0.1798057223859014	0.4861903002143293	-0.8551543101538954
0.8658060316444786	-0.5003789986555813	0.0008793591290777203
0.5003792885635969	0.865806300529784	-0.0001324368448175402
-0.0006950860585889686	0.0005546777144548039	0.9999996045939239
