-0.18535686330343992	-0.6957061020433007	0.6939998939524606
0.8574282128423499	0.23051420151051893	0.4600870164696475
-0.48006217623166675	0.6803353750038905	0.553790650399618
0.7877220708905888	0.19853124909795083	0.5831631694161162
0.27857770957420336	0.7295222784060125	-0.6246532678516069
-0.5494437175546129	0.6545094257846161	0.5193544192541919
0.9553339582245686	-0.04711811061139123	0.2917480281259688
0.1554372352875198	0.9197397788610157	-0.3604414030974552
-0.25134894897164495	0.3896904192215953	0.8859825523212896
-0.6144065528722502	0.2689988289270149	0.7417170739733131
0.7512663005202533	-0.08774749298615925	0.6541401403195314
0.241046745446295	0.9591350309057315	-0.14817712036347075
0.5486917490926995	-0.5621649237552946	0.6187955744644574
0.7413034305445791	0.6693631426225832	-0.0492159238586215
-0.38653148428094763	0.48571965350150603	0.784008820015403
0.23527075197648073	0.7832988149826222	0.5754047616341399
0.952908569132683	-0.06934658445153308	-0.29522247559833525
-0.19134506039593613	0.6177653419152992	-0.7627273760593294
0.9470965084251162	0.08806007657920764	0.3086318626483954
0.18207727462705106	-0.9393215119072569	-0.2907283325247994
0.2643029886197645	0.33154263704858383	-0.9056618629629556
-0.9950525706104751	-0.07723346991619089	0.062492982375547124
0.09520591288194542	-0.5615063595533587	0.8219771543865739
-0.028393940793785977	0.823860181891223	0.5660814294961105
-0.9864363596386843	0.014699178834571985	0.16348468590167803
0.022105058030265006	0.9988056422751489	0.04357356272794115
-0.16264893111317907	0.04659638506275435	-0.9855831279536114
-0.8633553154870772	0.27231898674481964	0.42480580113562944
0.5000871465712364	0.3494708766531438	0.7923275536074217
0.06730858083816538	0.8965001259506649	-0.4379007640048076
0.8875703467512537	-0.01197491550964852	0.4605165371258627
0.4525228104737738	0.20986365165577203	-0.866706613401918
-0.08626694366196289	0.9776573270385905	0.19168767649221008
0.23284286768873863	-0.3436000874856554	0.9097929318511628
0.6359935107829592	0.7615301242873322	0.1248363891054462
-0.7357285186863771	0.5495551379823231	0.3958442839157579
-0.4924732900182598	0.769863859908689	0.40593065396085315
0.8295976652679898	0.2742269042604546	0.48638186516525045
0.26313071352560047	0.5762892001297805	-0.7737266865071197
-0.8160559116148183	-0.5552263032827534	0.16055061900059794
0.5726349931476515	-0.8143650009461301	0.09433350336332189
0.07837036264619537	0.16891831569423385	0.9825093836100126
-0.003216151353439667	0.4843459772849601	0.8748706365276806
0.5257296266666216	0.7450315493935951	-0.41053178933324264
-0.8506456465623313	0.4586250807533929	-0.25703116404143955
0.6863790350314563	-0.7124258899872682	0.14605879482296083
0.7244990204190971	0.6524222926508152	-0.22236528835234773
0.06312677467648573	0.258446325816605	0.9639608430796561
-0.14324159286731963	0.9367919702906177	0.3192219454734521
0.9655103600281493	0.2031327356448257	-0.1628706124129308
-0.21742030896663472	0.2848822495496549	-0.9335794091240346
0.04408247417871325	0.8640139986232356	0.5015341919085587
0.9288929322765427	-0.22022939523443474	0.2977531424542185
0.36771545498791586	0.45274587094501834	-0.8122847533379338
0.9429530567822242	0.010387746660021725	0.3327636209449386
0.05994842828280232	-0.9884734899569687	-0.1390192274425108
0.32748392121061654	0.1510372615337621	-0.9327068279887849
0.8173219514828202	-0.15179959767396478	0.5558252511089588
0.5606492593328056	-0.012949632143655077	-0.8279521212225504
0.13288053143290451	0.9883264588046637	0.07452231338828941
0.15643888395855088	-0.6983208054180128	0.6984804423218599
0.9865858722845773	0.07708932561001569	-0.14389424062648454
0.04663895575892241	0.7116215908735	0.7010132090113469
-0.45175582542523696	-0.39900742520279836	0.7979409431952944
0.8490327757000966	0.08238432167259546	0.5218775424652182
-0.27397083783014614	0.9132392338131228	0.3015527845055791
-0.2331855087852528	-0.1771593527512712	0.9561585026685238
0.8953525849510877	-0.4227730532793532	0.14002390525284747
0.37943150516788665	0.8887505325757076	0.25720463396375315
0.12875703418542095	0.6347220226441197	0.7619380421781892
0.7719331673965715	-0.5464734029109557	0.324786091118473
0.6225277593978209	0.5463467524214616	-0.5603252759760629
-0.12714394862274414	-0.446286550359664	0.8858119051450415
0.9246930939983515	-0.37643304416550416	-0.056928421478621094
0.35885526085090763	0.811866046973491	0.46053927468921085
0.9360874471300453	0.05909193607538813	0.34676856030559744
0.13841720516392178	0.8443881884161322	-0.5175415583099886
-0.32338980911612425	0.5324628910583203	0.7822418430419406
-0.07090399001086589	0.0195013127253979	0.9972924962128841
0.8692604883066324	0.4915918511534966	0.05218865152879093
-0.4892431171406034	0.8706073458692298	-0.05180754432591028
0.9200851998907288	0.054458177282416996	0.3879143357355005
0.16012874491015608	0.8514786997719781	-0.49934237641934587
-0.3574940698746427	0.5215537659356879	0.7747126301040701
-0.9620776208651567	-0.21020972441576477	0.17383475829501982
0.2283172422826418	-0.9692766640274193	0.0915094828327994
0.1492577914444977	0.12772869815716908	0.9805138914672171
0.17775253307948302	-0.10565366549090605	0.9783871115014564
0.27873344190141386	-0.9480989598852969	-0.1530229741908385
0.9437752409072928	0.2999094283825612	-0.13907778189785414
-0.34771087626434016	-0.23695066239716045	0.9071667598170866
0.8585482499504424	-0.469314599058412	0.20649142746776317
0.3768183236448531	0.8506457492400634	0.3666193670079282
0.620611435331603	0.1945067372542611	0.7596108052801442
0.5279931260641983	-0.8198704589114392	-0.2214400357507673
0.5797108806677713	0.5384975020991716	-0.6115192025344334
-0.3549251961538735	0.0989525718614116	0.9296432077185022
0.7938467998003061	0.5571164370231871	0.24377968341394202
-0.4937968849455683	0.8245178373574469	-0.2762878431951932
0.7320859014516444	-0.3152416152811636	0.6038815752203872
0.4908281542282245	-0.37061329250568753	-0.7885007992608557
0.4723748044854293	0.8736523973600809	-0.11659130616961066
-0.9915728868040161	-0.013836813827944376	0.12880897770823171
0.12777955406973623	-0.26827702659201424	0.9548297348557419
0.0213446882593371	0.9632424303289581	0.2677842876217227
0.7080699289865351	0.28392522412899623	0.6465473244614831
0.6314899559421113	-0.6643399284002494	-0.39984108728016177
0.316002232918113	0.6914035917150351	-0.6496950532013583
-0.506290903005731	-0.393961246924173	0.7671141098008776
0.8495323146482859	-0.07497635751962894	0.5221813786237641
-0.14820380528841953	0.9160639070147016	0.3726426577339107
0.37462293573403427	-0.43263470632254447	0.8200517464814152
0.8734189540605368	-0.13211884864288992	-0.4687045343508797
0.3111221411436534	0.8918362073376942	0.32837660174212435
0.7276679283391307	0.5602697707259608	0.3957236031339511
0.664261206358938	-0.7194472164341235	-0.20286141203235142
0.17104512794349275	0.41047958143599605	-0.8956841393208452
0.6054659274302976	0.7378410183277629	0.29833143044945726
0.7954596094120198	-0.5489743655310306	-0.25665376635436266
-0.025593368575603126	0.3927057138148775	-0.9193080016088739
0.49093989491000833	0.7923178148126064	0.362229899257814
0.8445140089587144	-0.33070885173358144	-0.42122172790293705
-0.21394884495652275	0.5127027752174078	-0.8314816630726964
0.6302005343518666	-0.045577751963132296	0.7750935137314781
0.6952951926067984	-0.411166241978554	-0.58949717267779
0.3455602431422007	0.9104202271386661	-0.2274271935725427
-0.1857766785788897	-0.32741000991608515	0.9264392646595594
0.5894323584641029	0.7172364349159828	0.371673769890285
-0.7861657080359339	0.6151215992271449	0.05974025169513808
0.8882477528731509	0.339212495848661	0.30975928101659844
0.4454835310748544	-0.4715788636487275	-0.7610241776059772
-0.1120729809404438	0.8139706739311292	-0.5699924463738322
-0.2416145277999615	0.6293259836375481	0.7386279349406126
0.7862756402607526	0.5730502790030431	-0.23104976794422027
-0.5686765666778832	0.5249401718797743	-0.6332809632842975
0.09480359007961159	-0.024615154080803003	0.9951916265210412
0.8752253723531804	-0.47427352004728895	-0.09510612898857035
0.4743340878508034	0.8800333643513365	-0.02341902498427606
-0.003756194817382541	-0.732711938413084	0.6805285492229073
0.9667809697807808	0.1712702027794638	0.1897394901163553
-0.25557865221928655	0.6586347492706579	0.7077286341409048
0.10190913168711857	-0.5290792508270481	0.8424308133152936
0.9939595809957418	0.019482997517856093	-0.10800353769432092
0.040729353365194676	0.8483487249663364	0.5278688858253008
-0.3956053223704423	0.30752631082315707	0.8654039502242159
0.5562099694113541	0.8300446219457425	-0.04069883912803768
-0.730839858546042	0.4652456273093261	-0.49941927018283216
-0.07845032744105995	0.9513250334965547	0.2980372909002653
0.9967138417094928	0.06879676724353878	0.042761227315669115
0.02017582387647232	0.300412525470589	-0.953595957767905
0.4658010127301645	-0.07736103024203383	0.8815013826077894
0.2355166447127821	0.9710782709057189	-0.039228839365860635
-0.8529720549952303	0.22588108104631177	0.47054905230226873
-0.7997089772362211	0.3500427385186353	0.48778646243840307
0.41471315769173145	-0.26542498895609246	0.8703807052520244
0.4341411620258443	0.8983427277203465	0.06709541703288746
-0.699402864761701	0.11049932179933963	0.7061342171605988
0.34641563624592003	-0.8117650013102782	0.4701423078303615
0.6251654498830371	0.5734348110549359	0.5294720745638337
0.07339402345757262	-0.261200794010113	0.9624902402254246
0.6713406009787131	-0.7007470519273107	-0.24136148552062528
0.7375060100082232	0.6638732668391379	0.12392405245988847
-0.8880641407108889	-0.4418751760721591	0.1268400991588562
0.45968949362457057	-0.8503814136884975	0.25600199355539827
-0.005258463142018041	0.28565325138067427	0.9583186153576656
0.4937770050282144	0.5522084833525859	0.671751486949455
0.866076330254809	-0.2429337129842417	-0.4369153250551568
-0.07807726607489385	0.7975268033170593	-0.5982097780153239
-0.5913473309554116	0.14591321750004174	0.7931063403672272
0.47402969590589183	-0.7327410661596225	0.48824827430583645
0.6523834620614462	0.6646802711996536	0.36413727563472054
-0.35119859399468334	-0.8977818391246996	0.26579562997541883
0.9361913817670974	-0.3410545884227505	0.08501449535697687
0.014326349191987164	0.2786925493328813	0.9602735124250636
0.6475674068767998	-0.3796543346953145	0.6606958753450147
0.5273012889176474	-0.4026661879727804	-0.7482067172708734
0.5500998129945553	0.832900070362902	-0.06056127915448806
0.7495065861366847	0.4835686933145077	0.4521075051177895
0.561184802001118	-0.8263865334767457	-0.04644260211544904
0.35115736549401677	0.2885248969056007	-0.8907535509471263
-0.6772145147750335	0.41017909003954767	0.6108466379316044
0.6358071653096802	-0.09159694600497703	0.766393663872184
0.3703103421711104	0.9073935825081032	-0.19876402316371333
-0.9035086584894114	0.09389222713480957	0.4181582878747349
0.18579013626356192	-0.7934449175442315	0.5795922602057374
0.3862047763840207	0.6013563107733163	0.6994401033621644
0.5774785481657119	-0.17418093530445145	0.7976086309618822
0.3525807096799157	-0.8279609238897707	-0.43608204695126285
0.7363459578011062	0.5330494445059135	-0.4167168344834511
-0.4560463818713745	-0.4253221065686388	0.781743438249432
0.47384485434399526	-0.8595900153162357	-0.19124868517286958
0.7533211477144034	0.2832068347209315	0.5935496080140268
0.7599353648387341	0.11275767457232316	0.6401436933161664
0.21175021001322486	0.8881686468074975	-0.40782141114401266
-0.6145405518163753	0.44546847436511233	0.6510743033786882
-0.6518830686544781	-0.048144908425605426	0.7567896224145197
0.5144957567051285	-0.7612275972950588	0.3947488587048852
0.5570839982749806	0.6466951468111403	0.5210017331611089
-0.5782848126160491	0.37122752399289255	0.7264824849421545
0.5462656795276668	0.8375841090565939	0.0068313707298233994
-0.605954192053985	0.4008029262442806	-0.6871510252093236
0.5878171290614853	0.07783057885614167	0.8052412208629356
0.5382296103068214	-0.7807308580023109	-0.31744009506037874
0.6039701229124503	0.6200013938354437	-0.500817693648324
0.9079086771164318	0.3927128981702616	0.1465551555811142
0.40894700030594905	-0.9066053965387046	-0.10406250961640354
0.09200100519807906	0.15441254669751323	-0.9837136679262575
0.6690549301864432	0.31818048384664654	0.6716596460204582
0.7408750972148027	-0.21390678962467646	-0.6366694398818127
-0.05890323183128571	0.9235827331926352	-0.3788473891004813
0.22727832183788066	-0.20097839939737222	0.952865282922107
0.7920272273876308	0.6074514623155742	-0.06079138102833803
-0.5666016550445462	0.7685118111690546	0.297240913392555
-0.2623425658541165	-0.22048676210796236	0.939447691931927
0.35076577500636064	0.8851621709039373	0.30569805737821765
-0.8989659332951752	0.40972371048765976	-0.1548765051224965
-0.1896742636422155	0.06471757294743047	0.9797118502210626
0.1137553359547755	-0.9896571862239543	0.08739781059673007
0.9752350471827803	0.12802456602964823	0.18035052880244262
0.5574245998294127	-0.37948139862470426	0.7384251374397119
0.8205150308054543	0.1161581133992231	-0.5596984696368732
0.12662108721434812	0.9178786198563358	0.37611958136114754
0.19822310196166915	0.31932516705698494	0.9266817358363779
0.8902572621381539	0.3368812733983666	-0.3065175604166477
-0.4100604943895132	0.885744006650637	-0.2175038979501387
-0.48359393377190574	-0.1390942296249087	0.8641699500121877
0.5939069397052221	-0.7773875223435194	0.2072273801276802
0.6429708035276497	0.6134504343381441	0.45854891824248256
0.16315621674262926	0.4844313533645988	0.8594802573739406
0.7829208546724395	0.46652364275966207	-0.41157092470828405
-0.6003457206120562	0.740055372673963	-0.3031551766326819
0.22338978292078404	0.35280749569712794	0.9086384736882576
0.5335649277061358	0.7358679628361481	-0.4169014382241006
-0.8157238949599008	0.5779491433087331	-0.023860321459494127
0.25697460290302243	0.26308545083572943	0.9299194045837493
0.7785782606201996	-0.6263997853240266	-0.03793680318158038
0.5725206944316148	0.7337638274707841	-0.36580144879834364
0.9438031878142455	0.28197269985460927	0.1724150202516312
0.3256425534770837	-0.8825330189617708	-0.3392527049371127
0.05650194719293013	0.3763334518467969	-0.9247597866389317
0.7299943762619043	0.013759777103820925	0.6833146267716259
0.6060521116019484	-0.4751879206178402	-0.637885003838241
0.31592570115268037	0.8797767379471603	-0.35522365168755443
0.603079532937595	0.019359057988400846	0.7974461134306029
0.3816903165939285	-0.8848324095055682	-0.26717804795116834
0.7004338506741367	0.4655070718714936	-0.5410134812252176
-0.7525599718584748	-0.20032968612856114	0.6273129247927253
0.5220904733893076	0.3990658949200421	0.7537691616853228
-0.4013415333011273	0.894770600973958	-0.19573079798591198
-0.7885296115888476	-0.35756123506779885	0.5003708772743788
0.38629979511203755	-0.9210490025311215	-0.049408534008043244
0.47853267385199405	0.15433307524058631	0.8644002440668586
0.028611625183765033	-0.9071004447761724	0.4199406600833193
0.9679749742406152	-0.07968057667293604	-0.2380660726457015
0.24941095434688476	0.4133035068662478	0.8757707388716739
-0.6173824820186937	-0.5702700875267593	0.5418771984210627
0.648114488673608	0.02167572638256965	0.7612343741957109
-0.44585477508689436	0.8211712307174494	0.3562180924296302
0.9955841527955259	-0.004259909663622656	0.09377658488168868
0.09227105844460312	-0.13937203708571855	-0.9859317862063732
0.01726981400963601	0.9902309268288054	-0.13836352509183092
-0.43597057604734446	0.8749565802924683	0.21066712943374882
0.8994402879203712	0.4156512461301084	0.1350600239012556
0.03060760177907111	0.24836469997444766	-0.9681829117062208
0.11340291664181423	0.007189324426139843	0.9935230707494543
0.9868976840167784	0.11469963758386503	-0.11347666905778003
-0.11477255673482512	0.9933742027818246	0.005912145813966818
0.3796731431522873	0.3579714110644533	0.8530561372086757
0.8415707284095383	0.24929836278202333	-0.4791753701917931
-0.38419658178216787	0.8998370936868112	-0.20660636817913236
0.43994368189128863	0.20375462544033918	0.874604830409485
0.4532761338603074	0.7903692261929024	-0.41213739548830736
-0.7752356436829962	0.5777547393997733	0.25536083854912217
-0.43708489341326695	-0.190140654876237	0.879092331506281
0.8870522450781109	-0.2526621987209188	0.38639374715359215
0.14864424123320863	0.948687696083778	0.2790995249860828
-0.7774144098225146	-0.6124840104737154	0.14314388675156647
0.6218783663868087	-0.7825796794589182	0.028919590558150667
0.09430871020423065	0.11150059287739597	0.9892792755170825
-0.6222878996912591	-0.729166589171131	0.28473471009762846
0.7346691951587767	-0.669593053330781	-0.10911606946695414
0.2702201761205049	0.14128421061003593	0.9523758860080941
0.022074932395154345	-0.7246097189828735	0.6888058162612378
0.8382387942690432	-0.3620684214019987	-0.407752599017891
0.544856330735112	0.5863848679655926	0.599403341230965
0.9926429720078809	-0.07931547875490591	0.09148215647459072
0.10736198603496033	0.2272859421355058	-0.9678917834459617
0.05597619206404107	0.9705926825076807	0.23412926041944004
-0.75408471513508	-0.030953018362138138	0.6560473710441337
0.10732706816905586	0.9796536307498891	0.16958674534525026
-0.647948410629952	0.19829441346854193	-0.7354197323632856
0.7150073035103243	0.3617981832578455	0.5982195504312923
0.5829184700697292	-0.7809225980764714	-0.2244236018449489
0.38596711411525886	0.5091777395024416	-0.7692642045596054
0.04411335706821462	0.8668749951086372	0.4965699896123121
0.9084729864816845	0.1719729132150769	-0.3809227611384862
-0.41560900442750365	0.4679242032377885	-0.7799462131859216
-0.37650693397600143	0.8435794701593097	0.3829049571286969
0.9162960375632282	0.40001647923062467	0.019707559206110892
-0.13654340047735036	0.35827432767318607	-0.9235775040116603
-0.9734701221916058	0.13509382870904144	0.18467695753664604
0.22512186846880414	0.4210621994232254	0.8786505383563994
0.040939779400656684	0.8969148686813082	-0.4403040458603775
0.6009051541655266	-0.7287731006337067	0.32833331157535317
0.793076617670163	0.4923489479008416	-0.3586390832101104
0.09971195616453772	0.4759015457987794	0.8738279261411674
-0.6467582786232557	-0.1915372235135686	0.7382528164802333
0.3728180426356059	0.7650345385240217	0.5250989068267928
-0.6653648894536286	0.6148460350966334	-0.423383888460946
-0.8107212713826919	0.41868901730418007	0.40918275491092193
0.4574406310604304	0.016863455245509695	0.8890802511203463
0.3653479015714567	0.9079730891750276	-0.20519693017024032
-0.9756399740889026	-0.12923891071405183	0.17726800308361018
0.18779503335264483	-0.07432313086904752	0.9793922082934402
-0.11340046916959606	0.9888242392737284	0.09678304302328866
-0.6130986387463537	0.48155138272880105	0.6262733628052111
0.6423845721059956	0.7653164883817383	0.04040710495991409
-0.4598392335235921	0.42708188723361296	-0.7785556761782746
0.9379823972978911	-0.3405966839856694	0.06467550708937018
0.3466655935342812	0.9196064613460732	-0.18478885926937727
0.0034624584944258456	0.19574947026370026	0.9806478247937203
0.9979096053143243	0.015288093351078138	0.06279087372459656
0.051908619162994205	0.3891492181384525	-0.919711031399984
-0.038495647520216364	0.9210478598986699	0.38754215886543153
-0.8422407246345311	0.4048401412597273	0.35599862610957295
0.5306298431513916	0.5059352774472984	0.6800451930507667
0.09519732834606714	0.7616652513139412	-0.6409395553534214
-0.34342330776245755	0.4078365521826995	0.8460081432168489
0.7575230718771739	-0.41219784729284403	0.5062131273099455
0.5551749519379114	0.8147160740962911	-0.16738724966336083
0.40487793849674847	0.24490429517026596	0.8809629624029482
0.3926414263115858	0.8235462433926309	-0.4093950358002513
-0.8257763409438579	0.5116575722111818	0.23727613351606303
0.2119464258518413	0.3860449952362511	0.8978017454993461
0.9440611498643703	-0.3183664691935175	-0.08597288299234568
0.25264057054517713	0.8658013934767577	-0.4319267173587569
0.045150748318850575	-0.5928774626843016	0.8040259474465188
0.9986305850181365	0.04807787755782367	-0.02062698125925161
-0.026426588742825052	0.8038562259076927	0.5942363195538103
-0.9984497415833204	0.01806174117598026	0.0526487135445108
0.05234067861326455	-0.017123509578914176	0.998482467939224
0.018935862655369215	0.9996902314844297	0.016151599923978632
-0.6302355117774932	-0.12538215836428518	0.7662130996390463
0.31346924990927866	0.8617710726604497	0.39885792920157953
-0.7103099528064322	0.4915586767513837	-0.5038152818787389
-0.814133576896328	-0.029181308532784556	0.5799439371200501
0.5761380192402229	-0.16523356103399478	0.8004766411919697
0.07246724609051125	0.9858226623182991	0.1513346513648406
-0.9482310636076481	-0.03901453855104409	0.315175690355645
0.21403204180456792	0.6546790047564817	0.7249728862599142
-0.2346233899049198	0.7548995075589279	-0.612436607655692
-0.5919662320430379	0.19118197275796406	0.7829594072575804
0.522260270762493	-0.6489141801020819	0.5533123859498633
0.6138568153110756	0.7364508402838686	0.28428853325684456
0.2868662955958292	-0.10304355178448688	0.9524125969803026
0.7544615033932696	-0.588358283743688	-0.29089924346369384
0.5903351322331187	0.8020078281325063	-0.09103776834636523
-0.20970118951861938	0.23945869516369905	0.9479899495379551
0.8286332152180267	0.5581913285543478	0.04230171821767503
-0.5190302551411734	0.7944066805089385	-0.3154768140622346
0.9531779077787339	0.148370633885782	0.26351096964431436
0.186869353015003	0.39611745418782074	-0.8989832075136409
-0.23776400279754234	0.9061330572758567	0.34984448185672345
0.9964721851759681	-0.049076704895178354	0.06807834609670492
0.05678822706169057	0.9915772084790012	-0.11640333711789055
-0.06179224415588929	0.11985873627576332	0.9908660867647837
0.8942723886716822	0.17029193379021948	0.4138569223118435
0.37481171553117687	-0.7902956624877793	-0.4847153223837457
0.24452622100711402	0.5885859522100318	-0.7705670016948496
0.8340993261769839	-0.550644026275906	0.03270275825921558
0.5513708782680058	0.8340258006186887	-0.019776716115756727
-0.016385013551085823	0.034527094129316156	0.999269438691045
