-0.185542089110607	-0.6956126024300594	0.6940441200017127
0.8574050962755299	0.23043490035641023	0.46016981384971434
-0.48003190940730284	0.680457834136849	0.553666417540894
0.7876929822397495	0.19837813609939037	0.5832545592174839
0.27875771981611663	0.7295089265864649	-0.6245885523075035
-0.5493941202571876	0.6545707304397251	0.5193296250729738
0.9553694348920287	-0.04709775605736157	0.2916351217676753
0.15540465056013308	0.9196971572362201	-0.3605641878444089
-0.2512342282778532	0.38979345857258374	0.8859697637028336
-0.614409092474439	0.2686259024765741	0.7418501139740985
0.7513677227390694	-0.08766355658244684	0.6540348966784735
0.24072393381349066	0.9592472180652716	-0.14797554636964838
0.5484860300780672	-0.5623307954911954	0.6188272386146565
0.7415894330705732	0.6690373404080504	-0.04933710467577243
-0.38627475657524823	0.4859764537320319	0.7839762106408401
0.23533947653281484	0.7830970277652574	0.5756512623893746
0.952932109299357	-0.06943302794125028	-0.2951261589510288
-0.19114320770443022	0.6180114074482198	-0.7625786349041861
0.9471006205544417	0.08782797610278392	0.3086853756806115
0.18190548500725073	-0.9393134635248437	-0.2908618430891867
0.26440652236597406	0.3316269950632045	-0.9056007547897036
-0.9950455470691473	-0.07725861984248365	0.06257367591804294
0.09529128909279234	-0.5616354249078599	0.8218790785216532
-0.028353650221718395	0.8237698435537699	0.5662149021091745
-0.9864339890164038	0.014892399967975409	0.16348150273464968
0.022282324198354568	0.9988065155037505	0.04346311787683349
-0.16263911996043523	0.046516244586702685	-0.9855885326281173
-0.8632187610273632	0.2725332896129035	0.4249458514483383
0.5003037504633958	0.3493644424694614	0.7922377443736587
0.06745018815870049	0.8964764873608072	-0.43792736809496646
0.8876066808614392	-0.011859223565187343	0.46044949658629236
0.4524329488599176	0.2098891099927963	-0.8667473612837543
-0.0863643843031277	0.9776532720360848	0.19166447975845413
0.23301104218193414	-0.34351203405016373	0.9097831261811838
0.6357740292730497	0.7617233267741143	0.1247756272277856
-0.7358649590265868	0.5493423849575919	0.39588597621778
-0.49266133352765396	0.7697426047949857	0.40593242394539525
0.8294719959065445	0.2742999139651112	0.48655499710263567
0.26317488188192856	0.5764164116002969	-0.7736168961341718
-0.8158978217050947	-0.5555195802214609	0.16033945405748906
0.572889911517891	-0.814187917702696	0.09431428284184336
0.07815301541146513	0.16880767357416004	0.982545711671765
-0.003282008703908046	0.48430348338847606	0.8748939160816328
0.5254107189837269	0.745240008673911	-0.4105616955449105
-0.8508424089077072	0.45833117442466953	-0.256904125608431
0.6860251142193198	-0.7126887669687936	0.14643860179908147
0.7248437564252062	0.652029021154947	-0.22239533345625354
0.06301643779019682	0.25871389024987124	0.9638962867238424
-0.14289808681334648	0.9368616798963275	0.3191713168925375
0.9655176534657658	0.2028578273893884	-0.16316973589737374
-0.21761387279088384	0.2848488978540874	-0.9335444862245534
0.04377669227811809	0.8639628203296118	0.5016491266824751
0.9289138408286138	-0.2200104478536311	0.29784975936246344
0.3676991671600844	0.45294993975421566	-0.8121783514391607
0.9430118809508808	0.010745412731234437	0.33258552056684176
0.06029492418922169	-0.9884516848159279	-0.13902441836443347
0.3272508433946316	0.15115489700895712	-0.932769576373347
0.8173640463320938	-0.15190933058843786	0.5557333632631746
0.5605654824260096	-0.012942777714438414	-0.8280089518945614
0.13297501899274936	0.9883096881975849	0.07457616602286954
0.15606854223614564	-0.6984244915967548	0.6984596192065069
0.9866419853957633	0.07680385756354868	-0.14366196475638338
0.04669264158934111	0.7115506988269862	0.7010815931261045
-0.4515079542720788	-0.3991342728498838	0.7980177939530153
0.8491020305638245	0.08261068569934471	0.5217290640750949
-0.27416474777300043	0.9131633516764013	0.30160633984332685
-0.23293376278564892	-0.17720415029708686	0.9562115619840654
0.8954690378773178	-0.42259309018257873	0.1398223241582311
0.3793113027021335	0.8888271875046501	0.25711702859784324
0.12856636274502486	0.6347727554196125	0.7619279751705588
0.7720535719090424	-0.5462747313434673	0.32483411150633756
0.6224178439545285	0.5464864745559724	-0.5603111284406019
-0.12675281715390696	-0.4463409329919813	0.8858405583847444
0.9247394009175561	-0.3762677370025034	-0.05726805812714758
0.3588743007435717	0.8119127795686325	0.4604420426491804
0.9360542681927715	0.05934452228223248	0.34681498622924095
0.13820161369676973	0.8444475700185029	-0.5175022854649576
-0.3235779982781645	0.5323406138600917	0.7822472434373655
-0.07087355644492965	0.019489520023918905	0.9972948899929674
0.869398078568712	0.49134914778737127	0.0521823336930789
-0.4890029856533387	0.8707446086987053	-0.05176781282089804
0.9200594731737004	0.054217330619015805	0.38800908092966213
0.16039764162332776	0.8514446395765035	-0.49931415191051065
-0.3574397325214522	0.5216344570645102	0.7746833745589268
-0.9621213994376916	-0.2099465180626426	0.17391052957607223
0.2280758729285743	-0.9693248906459795	0.0916005052498537
0.149344597933525	0.1277956021447222	0.9804919556735494
0.17755625539418862	-0.10544608296227044	0.9784451439699151
0.27893720315616505	-0.9480763841071262	-0.15279138259003192
0.9437519869466819	0.30005381764988626	-0.1389240571244552
-0.34783002314667577	-0.23690635182506214	0.9071326559344683
0.8585953197928377	-0.4691369361417932	0.20669932747187558
0.37660105128320825	0.850756084675526	0.3665865962633543
0.6205409733529808	0.1945781697155065	0.7596500748767809
0.5282010334573326	-0.8197171914837116	-0.2215116119770305
0.5795969018591638	0.5387049859210701	-0.611444494209441
-0.3550989871311214	0.098950112864714	0.9295770998161001
0.7937291883185217	0.5572360447294535	0.24388924958983954
-0.49386099759919505	0.82443730241804	-0.27641354784451666
0.7319068230940096	-0.3154303097962603	0.6040001009687577
0.4908476817668177	-0.3707630879273027	-0.7884182176578317
0.4726319451884045	0.8735207223028235	-0.11653579748291354
-0.9915424128478676	-0.014209179620849846	0.1290028787986232
0.12806781798882877	-0.26819194667214696	0.9548150154536664
0.02103039513204808	0.9632607014483189	0.26774342853912014
0.7078444508480091	0.2840961597882601	0.6467191085759285
0.6316607292291088	-0.6643768842449265	-0.39950979816614485
0.3161660268805471	0.691297857420784	-0.6497278782475029
-0.5062593063020402	-0.39397150368819756	0.7671296950739409
0.8495389774647851	-0.07489160129636718	0.5221827015742222
-0.1482735328730802	0.9160664289978793	0.37260871851368305
0.3746101827420557	-0.43257228458924246	0.8200905008541477
0.873437757396868	-0.13212151413314244	-0.46866874171070505
0.3110847070164226	0.8918660909062576	0.32833090161009426
0.7276266274618541	0.5602274236548558	0.39585947606888333
0.664314578879824	-0.7193482113556289	-0.20303765933239748
0.17101354126562646	0.4107108284480693	-0.8955841580216175
0.6054671346989096	0.7377697242456129	0.29850524750168933
0.7954722226866981	-0.5491242811822128	-0.25629371188150946
-0.025169261677222166	0.3926300520880572	-0.9193520274976028
0.4910739498020198	0.7921767545875107	0.36235668245120306
0.8445166495021379	-0.330924942036924	-0.42104668559619524
-0.21363053278856542	0.512781310335173	-0.8315150769717987
0.6301248605537562	-0.045716949535157314	0.7751468381134694
0.6952355510137471	-0.41136900421738676	-0.5894260521692323
0.3458181439987218	0.9103216480422702	-0.22742978781787548
-0.18587882651870347	-0.3272793959768948	0.9264649258450254
0.5895474629302168	0.717166684403588	0.3716258006841144
-0.7860552466618197	0.6152724142610031	0.05964063585226376
0.8881864305652856	0.33940652663860177	0.3097225762433492
0.44554774604960473	-0.47142832178528526	-0.7610798535034455
-0.11230347523480312	0.8139769942042769	-0.5699380513322096
-0.24165674336003495	0.62929425589072	0.7386411563753862
0.7861732510320298	0.5731668900792635	-0.23110892557102763
-0.5688001738311547	0.524850888938764	-0.6332439550677433
0.09459946600466662	-0.024377039069419848	0.9952169115312699
0.8752050419487942	-0.47437008641489875	-0.09481115789890088
0.4744123476249759	0.8799879437133948	-0.023540249362097754
-0.004028080638504461	-0.7329117458128719	0.6803118016144493
0.9667332202478133	0.1711419522634483	0.19009816686319797
-0.25575506922769364	0.658445749492685	0.7078407586027764
0.10170370555204356	-0.5292291558389277	0.8423614763787568
0.993990488907541	0.019598439381546817	-0.10769776754954152
0.04048782827382175	0.8482525577820696	0.5280419812646018
-0.3958305378740734	0.3073753968265288	0.8653545809158556
0.5563102256531006	0.8299945609804159	-0.04034800585807155
-0.7306415797914312	0.46543462931829716	-0.499533269874211
-0.07818799744473948	0.9512940304121276	0.2982051387180169
0.9967338120838574	0.06852979040018115	0.04272441546105865
0.020207545728350013	0.30057168118430166	-0.9535451324219948
0.46580949191061594	-0.0769286911397534	0.8815347376737335
0.235460476525812	0.9710737005286927	-0.03967659430632213
-0.8529829313885544	0.22604832364128552	0.4704490133253053
-0.7995769996477318	0.3524836551032592	0.48624262926997436
0.41311472357026446	-0.2648468278024121	0.8713164654546954
0.4359046303995808	0.897558594570876	0.0661492441994529
-0.6993408207821799	0.11033561513948659	0.7062212602432038
0.34659356912446987	-0.8117486438401031	0.47003939948191076
0.6251362365351004	0.5734894866129152	0.52944734819922
0.073381179062738	-0.26090768718299473	0.9625707149753637
0.6713366073433805	-0.7008270098827183	-0.24114033644234678
0.7375109234445563	0.6639041203273776	0.12372936923903255
-0.8879707083476396	-0.4420583844966107	0.12685584658516058
0.45987008326045054	-0.8503199209520633	0.25588188398966977
-0.005246678817821732	0.2855528265108283	0.9583486086143493
0.4938894870705176	0.5522481554794052	0.671636173334057
0.8660201522739466	-0.243133132661967	-0.43691575350104817
-0.07798891213904308	0.7974385584931123	-0.5983389298815476
-0.5912917421199158	0.1457045055458773	0.7931861526554954
0.47423192698536176	-0.7326983208450999	0.48811602110412433
0.6522868656722639	0.66477317010722	0.3641407381453651
-0.3512646108366	-0.8977878235865108	0.2656881574207034
0.9361688969997396	-0.34108287095266987	0.08514852572402767
0.014176369919803561	0.27863865303019386	0.9602913784750002
0.647567415887397	-0.37980922640534587	0.660606837247611
0.5272122965699475	-0.40262547104501123	-0.7482913365870438
0.550185092697322	0.8328491349597209	-0.0604870413434464
0.7494387638794713	0.48344027155177494	0.4523572073447666
0.5610825507063708	-0.8264630517823475	-0.046316253426218285
0.3514653759442641	0.28852093144268565	-0.8906333485962683
-0.677106213285537	0.4104136126635558	0.6108091702574303
0.6358795186924313	-0.09145834282774601	0.7663501870781299
0.3703841433398621	0.9073015144193531	-0.1990465982998586
-0.9034206995342344	0.09396931988094542	0.4183309773064697
0.185786761697397	-0.7935330530331164	0.5794726679679854
0.38641211009887894	0.601227960648083	0.699435930235128
0.5774934059219105	-0.17432178511348312	0.7975671014726976
0.35246691885027054	-0.8279603936139561	-0.4361750310630132
0.7363887813057098	0.5330042230990973	-0.41669900518914105
-0.456174945141131	-0.4253499347769143	0.78165328145589
0.4738741081593403	-0.8595840334999707	-0.19120308305074762
0.7532248993771221	0.2831831957182418	0.5936830203240852
0.7596951991846213	0.11265257270757158	0.6404471892343692
0.21195206387323184	0.8882001227724107	-0.4076479664207244
-0.6147678642835165	0.4454323066072328	0.6508844238993925
-0.6520700304898301	-0.04825374705143462	0.7566216037310115
0.514467093456846	-0.7612044072819757	0.3948309259475007
0.5568916277760482	0.6467143312390657	0.5211835460593046
-0.5781818125635125	0.3712637220144175	0.7265459657425485
0.5464321436166681	0.8374749575403123	0.006899848936391534
-0.605902388213864	0.40099743666120047	-0.6870832203946493
0.5878533331928671	0.07797460876480239	0.8052008563346242
0.5384271931857225	-0.7805700932783053	-0.31750037341339143
0.6037587401373008	0.6201856898280339	-0.5008443808613063
0.9077795566284035	0.3930260680161245	0.14651548186906388
0.40924961818545746	-0.9064736006675198	-0.10402096571326352
0.09192946525786291	0.15438951114841742	-0.9837239715818442
0.6688949574576784	0.31834809905960704	0.6717395505051235
0.741002519452485	-0.21368691330133616	-0.636594980540074
-0.059116850835953305	0.9235758717663006	-0.378830842248038
0.2272490960458824	-0.20120140956300342	0.9528251891801507
0.7920356437669636	0.6074567816989573	-0.060628354510055715
-0.5666016125541657	0.7684492508668388	0.2974026924780828
-0.26207796249574655	-0.22016226049332488	0.9395976376239711
0.35119750955703466	0.8851100783602921	0.3053530063155986
-0.8988745467833731	0.4100106440563548	-0.1546474083374132
-0.18951331574950037	0.06591620843469041	0.9796630832175031
0.11297936879732744	-0.989653135768664	0.08844395451022886
0.9753565324432842	0.12744302385318862	0.18010527557894573
0.557377431252697	-0.37988605677289744	0.7382526552608422
0.8204946366010215	0.1160584108056748	-0.5597490478689704
0.12696042863468399	0.9177238305453337	0.3763828109918108
0.19822477783162296	0.3191913035436885	0.9267274945719937
0.8902305226827406	0.33698210500015857	-0.30648438360490193
-0.410117731801026	0.8857539007262362	-0.21735563809259406
-0.48368819762764903	-0.13897783826894827	0.8641359198331051
0.5936908951466007	-0.7775441215265739	0.20725892043407187
0.6430994079423062	0.6132783214410558	0.4585987919245932
0.16300703105463743	0.4844701887562959	0.859486674726951
0.7828209022868557	0.46671626927280796	-0.41154265749599384
-0.6005165632766056	0.7399084809640385	-0.3031753568942297
0.2232456499185067	0.3528669153875017	0.9086508239237852
0.5335115087543466	0.7359253896020521	-0.4168684336403138
-0.8157982899094143	0.5778397364010005	-0.02396641852463799
0.2567570758646487	0.26323044486843855	0.9299384586561623
0.7786576564394638	-0.6263152616044012	-0.03770208415475518
0.5725103126247044	0.7337839777317126	-0.3657772764437244
0.9437409953192771	0.28225944930269764	0.1722862067407547
0.3258624526154351	-0.8824468983654918	-0.33926557965784926
0.05627251308794987	0.37632044170422235	-0.9247790706035173
0.7298865260173162	0.01404694795364747	0.6834239843549252
0.6062812704483692	-0.4750979907277164	-0.6377342082011899
0.3157351425512925	0.8798207672359608	-0.3552840234213197
0.6030229165313259	0.01937722746711512	0.7974884859317665
0.3819530626535621	-0.8846764252375792	-0.26731906134509453
0.7003393606442648	0.4658026896493257	-0.5408813495100719
-0.7525976924290285	-0.20032044087459253	0.627270622872066
0.5220335494291193	0.39910285989390903	0.7537890159022866
-0.40134484750764654	0.8947561836569287	-0.1957899006250119
-0.788685639085946	-0.3573246435853439	0.5002939753646846
0.38598564417972037	-0.9211785873290732	-0.04944787895935676
0.47852904320088974	0.15410746034186618	0.8644425055954972
0.028555755221925327	-0.9070377707428496	0.4200798153798248
0.9678943130221447	-0.07990219234368157	-0.2383196141278855
0.24973018973103028	0.4133982608871445	0.8756350325520262
-0.6172887072577606	-0.5703282070635645	0.5419228617798872
0.6481931747549361	0.02169176775444981	0.7611669169195439
-0.4458702278613807	0.821130442402026	0.3562927679135425
0.9955936354608828	-0.004406393775879723	0.09366908093749388
0.09214241533014345	-0.13948085217610928	-0.9859284290319221
0.017409432124863733	0.9902149643234637	-0.13846023292978948
-0.4363713337638755	0.8745633035249569	0.21146887997209024
0.8992627249663026	0.4160456077088325	0.1350281592571279
0.030109974349313368	0.24908849919998777	-0.9680125562258897
0.11345901859900942	0.006994814471608823	0.9935180540227024
0.9869148267182823	0.11451783299455975	-0.11351119209070615
-0.11456952431677764	0.9933965665819156	0.006089794831473538
0.3798449027599886	0.35824094627058145	0.852866504361857
0.8415072730426555	0.24906947840940252	-0.47940578254875255
-0.3841657965821118	0.8997932092097753	-0.20685458998147688
0.44011419499597126	0.2035179950141187	0.8745741369766666
0.45334973315177285	0.7903659769383208	-0.41206266750283277
-0.7750958100868979	0.5778425808157157	0.2555864569611789
-0.4370229631047864	-0.19014316505089274	0.8791225776326881
0.8870681128263631	-0.2527357152844327	0.38630923031470676
0.14873161374027905	0.9486676103905388	0.27912124976453745
-0.777396158074928	-0.6125008877653677	0.14317079275109876
0.6219130977418665	-0.7825463676340105	0.029073722842657287
0.0942301027668822	0.11164159166481165	0.989270864193973
-0.6225195655215736	-0.7289660873467781	0.28474169705394486
0.7344551042893298	-0.66982818317984	-0.10911418240240046
0.2702685522331088	0.14120427938389174	0.9523740132728817
0.02196352028123516	-0.7245863861970658	0.6888339224477352
0.8381987614713058	-0.3621962805408385	-0.4077213394346087
0.5449224165372762	0.5863347365628776	0.5993923061359031
0.9926476201307165	-0.07932876165673304	0.09142018279807772
0.10730628851022887	0.22731378796008295	-0.9678914206921135
0.056000559773847144	0.970585075805953	0.23415496562697125
-0.7540299188238289	-0.03118302808517861	0.6560994591355556
0.10726052899865052	0.9796188416667385	0.16982963219193276
-0.6480231943668833	0.19843019883817198	-0.735317207572068
0.7149786677807417	0.36157229383448486	0.5983903249132165
0.5829728403757938	-0.7807802313882255	-0.22477744027710772
0.38593804166297874	0.5095563821645437	-0.7690280368053735
0.04389525846483189	0.8667944741110567	0.49672985206734127
0.9084138571771958	0.17228953991688112	-0.38092069847105875
-0.4157613141849004	0.46795689340554275	-0.7798454177216656
-0.376485378698878	0.8435141951691603	0.38306991812733937
0.9162853479038395	0.4000440703251956	0.01964441433053543
-0.13667450692320915	0.3583971879713538	-0.923510441095023
-0.9735220057191196	0.13475052588556063	0.18465427196300394
0.22495140435475874	0.42110873074253796	0.8786718969963876
0.04064197410859842	0.8969446653311304	-0.4402709362138073
0.6010276442711822	-0.728675917127871	0.32832480658593166
0.7929715468263278	0.492379990867962	-0.3588287481748456
0.09980930189964513	0.4760182269522058	0.8737532551376183
-0.6467281314437874	-0.1915188276819288	0.7382839986364104
0.37289607443457545	0.7649953271090786	0.525100625759061
-0.6653504652966818	0.6149005514264999	-0.42332737944158016
-0.811562089127783	0.4172627363372744	0.40897284060788003
0.45662802468442465	0.016289853804103194	0.8895085652965019
0.3644966701677104	0.9086398899054405	-0.2037540868529515
-0.9756733145003533	-0.12907710450568677	0.17720238278398787
0.18770361838354777	-0.07423889069195821	0.9794161213470766
-0.113264888723816	0.9888517018245232	0.09666114411244076
-0.6133351412473955	0.48129050953180763	0.6262423252588813
0.6420580364129722	0.7655886354240632	0.0404415527278478
-0.45997987172109595	0.4268881431290097	-0.7785788533394098
0.9380941122612371	-0.34028728684776444	0.06468383840333501
0.34636493629903464	0.9197816363022436	-0.18448054754833357
0.003281378272483055	0.1954643290499691	0.9807053220135385
0.9979065566967379	0.015282744326041695	0.0628406065178003
0.05195781550231732	0.38911844961905495	-0.9197212716765282
-0.038508304427581845	0.9210609479789749	0.3875097941964627
-0.8421685740447513	0.404867045234957	0.35613869289105005
0.5307395488828609	0.5057618774871151	0.6800885637417569
0.09522407333782626	0.761766105155266	-0.640815712115058
-0.34348672155059234	0.407807872624129	0.8459962240720742
0.7572667083080482	-0.4125354126207883	0.5063217019070865
0.5554853774913597	0.8145595572820794	-0.1671188889195463
0.40461752432254305	0.24460714948425155	0.8811651385706799
0.39281968200818573	0.8236487449580912	-0.40901765531080586
-0.8258192032388715	0.5116347206261029	0.2371762134189801
0.21225253491449203	0.3859208389925306	0.8977828063923221
0.94399068860246	-0.3184954007584213	-0.08626853150243091
0.25264687065987107	0.8658093241164788	-0.43190713471618003
0.04509790019037618	-0.5928953524499208	0.8040157215140157
0.9986369498455072	0.04792558134538738	-0.02067319655903499
-0.02627587870425485	0.8038521255156268	0.5942485494322458
-0.9984799058963705	0.018402781182793437	0.0519539716086549
0.05164051849533943	-0.017117476402703558	0.9985190277862187
0.019264848058243307	0.9996841149314822	0.01614112706571924
-0.630520706969427	-0.12539697435627484	0.7659760028258492
0.31330006304623603	0.8617776715001078	0.39897658502608485
-0.7101314727414904	0.49154332843213727	-0.5040817867130865
-0.8140565169639951	-0.02938702236268803	0.58004171410779
0.576270759182385	-0.16515797424190182	0.8003966864347133
0.07227723915456469	0.9858292176949138	0.15138280694724804
-0.9483092816116228	-0.0390984735410381	0.31492985850187105
0.2137908263790775	0.6546828607134734	0.725040574343377
-0.2345271604002379	0.7548918208954072	-0.6124829383581369
-0.592024706085335	0.1913134953892287	0.7828830652572121
0.5221925877289563	-0.648852834008582	0.5534481919023386
0.6138580036991528	0.736470736880283	0.28423441912179426
0.2867871391438427	-0.10297290453291413	0.9524440759192875
0.7545737157130659	-0.588260234089995	-0.29080647266414394
0.5902301622051075	0.802088821715176	-0.09100482241558905
-0.20953694856655103	0.23953163418052786	0.9480078393200262
0.8286249332697391	0.5582184404249912	0.04210573278321189
-0.5191098025939593	0.7943656393602989	-0.3154492730290632
0.9532010087372621	0.14833427637861613	0.26344786845502915
0.1867900520653668	0.3962433427107781	-0.8989442083949407
-0.23773370268366154	0.9060839673058018	0.34999218676949806
0.9964501714441965	-0.049353007904915945	0.06820070703129728
0.05709923357010296	0.9915191872897214	-0.11674493034833273
-0.061860596137916155	0.12022471396126312	0.9908174830908032
0.8943230293855439	0.16983531232869586	0.41393512269059507
0.3746014424270335	-0.7901239982226662	-0.4851575277826923
0.2446631938854914	0.5889482440069265	-0.7702466406540882
0.8339392278227611	-0.5508802207524741	0.0328077229030373
0.5516113792083104	0.8338657509931309	-0.01981907284832789
-0.016439301271119512	0.03462501558652609	0.9992651588389091
