-0.18572752807427606	-0.6955185659079568	0.6940887621859027
0.8573820965301224	0.2303555418007197	0.460252392618777
-0.4800012769410422	0.6805808172723032	0.5535418008569297
0.7876633045053913	0.19822500055814338	0.5833466961330724
0.2789381914509908	0.7294957156521413	-0.6245234072436521
-0.5493450683183545	0.6546318430987712	0.5193044828570308
0.9554050651900653	-0.047078802885113805	0.2915214361381881
0.1553730854408184	0.9196543107897373	-0.36068705683244784
-0.2511182305802731	0.3898968260511464	0.8859571656155137
-0.6144105731345291	0.2682532640715723	0.7419837154112254
0.7514700375818362	-0.08757881712903348	0.6539286913777624
0.24040056205685734	0.9593592325637077	-0.147774939206621
0.548279877535151	-0.5624969058561083	0.6188589554917535
0.7418757212159183	0.6687109177698504	-0.0494582927906487
-0.38601760343331615	0.48623342065072905	0.7839435378149948
0.23540832989375704	0.782894874023314	0.5758980243451539
0.9529555751451902	-0.06951952520374571	-0.29503001104149684
-0.19094132610917922	0.6182577551826304	-0.7624295102763292
0.9471047253181804	0.08759623664708419	0.3087386250621099
0.1817345975907904	-0.9393045399113278	-0.2909974524639038
0.26450931045709436	0.3317135520705123	-0.9055390350803634
-0.9950308271203825	-0.0773581733071348	0.06268465603886175
0.0954423124297497	-0.5617178109473226	0.8218052481352316
-0.028362265039822847	0.8237043243100832	0.5663097809809398
-0.9864292186618784	0.015082106664565083	0.1634928947345263
0.02245676774944083	0.998807398399882	0.043352906291355776
-0.16264405968975285	0.04643609544544074	-0.9855914969638375
-0.8630833365894881	0.27274886245675245	0.4250825944803004
0.5005177450697258	0.3492560893069844	0.7921503461795044
0.06759542123452614	0.8964531455187935	-0.43795275649045484
0.8876432745663843	-0.01174341519946484	0.46038191680008417
0.4523425566881917	0.20991435579027196	-0.8667884255352891
-0.08646171711142897	0.9776492496967448	0.19164111260774697
0.2331791361896891	-0.343423980902802	0.9097733013156091
0.6355543938128868	0.7619165182207817	0.12471500217477977
-0.7360014286337795	0.5491294825477804	0.3959276555708662
-0.49288379392828086	0.7696300500997859	0.405875783542532
0.829301562688612	0.27437584647700985	0.4868026427539709
0.26329543065744515	0.5765305550041775	-0.7734908114137391
-0.8157398818301653	-0.5558122489948476	0.1601286640767266
0.5731443097968063	-0.8140110829614018	0.09429505269921708
0.07793616194841922	0.1686970677969687	0.9825819324501417
-0.003348386141944548	0.48426115771710054	0.8749170928932283
0.525091847677972	0.7454483380818098	-0.41059143531398845
-0.8510389766705034	0.4580370142003386	-0.2567776349491151
0.6856715188314599	-0.7129507346418621	0.14681899821544886
0.7251877804886236	0.6516357126260439	-0.22242657453715292
0.0629066871909702	0.25898291064079315	0.963831209653786
-0.14255437176994	0.9369310760348297	0.3191213089868708
0.9655244161129026	0.2025833459586731	-0.1634704555264558
-0.21780921233757783	0.2848159874382138	-0.9335089717407534
0.04346473485852553	0.8639094754276491	0.5017681088809873
0.9289413024312752	-0.21978004897863146	0.2979341986215024
0.36766679678883774	0.4531634896340113	-0.81207387484253
0.9430741747271429	0.011128433712654717	0.3323962378334346
0.06066204848016732	-0.9884300941622564	-0.13901821761403216
0.3270033896413124	0.15126832754246877	-0.9328379689129276
0.8174062982544824	-0.152019004360372	0.5556412204716146
0.560481476954172	-0.012935709301851839	-0.8280659281821274
0.1330693712511412	0.988292916972564	0.07463010583328122
0.1556974424540729	-0.6985279134938587	0.6984390170109176
0.9866980471111158	0.07651737227280597	-0.14342961886435834
0.04674687412406259	0.7114800389402228	0.701149687263175
-0.4512600751339706	-0.39926081921478485	0.7980946954027589
0.8491714425104264	0.08283632311227751	0.5215802956381694
-0.274357806185363	0.913087587153159	0.301660160399045
-0.2326818262562873	-0.1772487059654162	0.9562646411760838
0.8955854900137694	-0.42241294459391	0.139620680116875
0.3791909780135008	0.8889039320832638	0.2570291845687507
0.1283678637024861	0.6347893333003692	0.7619476319908951
0.772177759326573	-0.5460842764368161	0.3248591556811536
0.6223047481498538	0.5466575393759345	-0.5602698770000001
-0.12636143637811825	-0.4463955751983549	0.8858689394260238
0.9247858001731359	-0.3761018084641474	-0.05760775527765427
0.35889275723339853	0.8119596172922193	0.46034505394549585
0.936022134866489	0.059595324427121156	0.3468587037201265
0.13798586481970673	0.8445070159577767	-0.5174628499786716
-0.3237629752611283	0.532218279754198	0.7822539476062389
-0.07084292976042095	0.019477760402374367	0.9972972957712597
0.8695357401913398	0.4911061795971632	0.05217582669568027
-0.4887625965976311	0.8708819306950779	-0.051728009394858665
0.920033628362054	0.05397626655819096	0.3881039620145521
0.16066687064667556	0.8514103824437556	-0.4992860075583756
-0.3573853373594924	0.5217153661867906	0.7746539855477572
-0.9621657327114006	-0.20968524034227498	0.17398046665800201
0.22783653310820923	-0.9693720476769003	0.09169704119504134
0.14942428509839237	0.12786685718080198	0.9804705247265411
0.177359491107565	-0.10523720130990188	0.9785033175081854
0.27914002464957627	-0.9480542396847575	-0.15255820284202976
0.9437290170131993	0.3001970853892741	-0.13877050252515954
-0.3479493483024958	-0.23686175190663727	0.9070985401264777
0.8586422484850823	-0.46895924133284184	0.20690751336045637
0.3763837670946378	0.8508664645243953	0.366553569639426
0.6204703720827514	0.19465013258070873	0.7596893070550649
0.528408972978572	-0.8195639961719396	-0.22158252064278994
0.5794829373184537	0.5389120355540357	-0.6113700542975451
-0.35527282307112884	0.09894759592252572	0.929510943694706
0.7936114215196401	0.5573558094675023	0.24399879771507332
-0.4939252299899716	0.8243566430338134	-0.27653931414064026
0.7317276009796472	-0.3156188798417162	0.6041187305919513
0.490867301397672	-0.3709128912943347	-0.7883355373762141
0.47288900429502206	0.8733890025407564	-0.116480212301169
-0.9915091152558437	-0.01466966119889733	0.12920710276484193
0.12838809307711757	-0.26817551496154257	0.9547766182365031
0.02064393181049197	0.9632583735506385	0.26778187740021275
0.7076189749323497	0.28426675436668625	0.6468908707637795
0.6318313459138435	-0.6644135661012402	-0.3991788615412071
0.3163297909403914	0.6911924663525082	-0.64976029258577
-0.5062272819286022	-0.3939816776776536	0.7671456033149646
0.8495459392380506	-0.07480688230567245	0.5221835189699536
-0.14834296800090668	0.9160689755766248	0.3725748191043985
0.374597494390727	-0.4325098957489197	0.8201292015746349
0.8734565991371672	-0.13212393272450207	-0.46863294359780683
0.31104708103424344	0.8918959897211501	0.3282853284863746
0.7275846243356778	0.5601859413985469	0.39599536043965733
0.6643685430628953	-0.7192490516845926	-0.20321230435015383
0.17098261145156313	0.4109410087959554	-0.8954844688049961
0.6054681608664599	0.7376980790077947	0.29868018080414394
0.7954847805704184	-0.5492742221944893	-0.25593318017301414
-0.024744091371882798	0.39255492999177655	-0.9193956476301874
0.4912078812777203	0.792035723296355	0.3624834208526961
0.8445192867669019	-0.33114117778439267	-0.4208713516673334
-0.21331195852407353	0.5128595649863469	-0.8315486004754256
0.6300493148296825	-0.04585637625817074	0.7752000087971598
0.6951754876822681	-0.41157217338277974	-0.5893550605727381
0.3460764398342775	0.9102227962721238	-0.22743253711416833
-0.18598121198714535	-0.32714884763073093	0.9264904858020276
0.5896622643211403	0.7170970200088551	0.371578091294529
-0.7859449108070221	0.6154230214968436	0.059540757370371455
0.8881248249966556	0.33960113410702725	0.3096859133668835
0.4456122512453416	-0.471277423301802	-0.7611355410346261
-0.11253451366011485	0.8139832062144987	-0.5698836049896912
-0.24169855483494196	0.6292626116882811	0.7386544348488976
0.7860706998728129	0.5732834716677981	-0.23116858764543036
-0.5689241279750462	0.5247614950086948	-0.6332066881864664
0.09439452847163343	-0.0241383833949676	0.9952421873301469
0.8751846437050257	-0.47446677293795547	-0.09451518820141797
0.47449079276370054	0.8799423957424257	-0.023661524835795644
-0.004299780293543609	-0.7331114792128159	0.6800948984780172
0.9666851245928116	0.17101426339586367	0.19045732226971626
-0.25593237735856655	0.658256546311214	0.7079526378635967
0.10149833147911713	-0.5293792891186531	0.8422919072145862
0.9940212972228668	0.01971399119606909	-0.10739189549724287
0.04024611005208639	0.8481561924571153	0.5282152249058374
-0.3960570409587425	0.3072250620569718	0.8653043288641831
0.5564105807048199	0.8299442908583998	-0.039996746758615837
-0.7304423906008808	0.465623490940521	-0.49964855518417384
-0.07792755470459367	0.9512610785759107	0.2983783782454053
0.9967535961092641	0.06826485307927332	0.04268698252764694
0.02023770888744597	0.30073621368345516	-0.9534926139820521
0.4658184541557201	-0.07649673526708645	0.8815675908638274
0.23540386365457322	0.9710690504447238	-0.04012381144509418
-0.8529936627809578	0.22621482878418836	0.4703495109954574
-0.7993415101134609	0.35118209335685086	0.4875697770730171
0.41495474175324715	-0.2642481361406248	0.870623618357957
0.4345868296509081	0.8982449887707171	0.06549982933005782
-0.6992663158471366	0.1101282374307948	0.7063273963552312
0.34683186375475294	-0.8117134955071716	0.46992431251844635
0.6250874161315183	0.5735790900406991	0.5294079236865519
0.07336755774683201	-0.2606149796477572	0.9626510446955658
0.6713324413456021	-0.7009071219955043	-0.24091898956481744
0.737516070785728	0.6639345138785737	0.1235354467899924
-0.8878772029211184	-0.44224176995325304	0.12687115291344023
0.4600507202173927	-0.8502583926975875	0.25576160868037584
-0.00523520395302917	0.28545206700237685	0.9583786882457481
0.49400197159277004	0.5522879978346065	0.6715206769045148
0.8659639621686215	-0.2433328668955792	-0.43691593254721256
-0.0779003741177044	0.7973500381490051	-0.598468418862768
-0.5912346087182483	0.14549254631902528	0.7932676448837342
0.4744357633062398	-0.7326567953127303	0.4879802524468644
0.6521904200076888	0.6648653542242116	0.36414518643325255
-0.35133044222028254	-0.8977938367833617	0.26558077302981015
0.9361464468948882	-0.3411111060431895	0.08528213939664182
0.014026772093999218	0.2785847087831685	0.9603092260812764
0.6475673919990449	-0.37996439422633677	0.6605176242461426
0.5271230149406156	-0.40258486288818807	-0.7483760787820617
0.5502706606202723	0.8327979870854108	-0.06041285266412566
0.7493724763700753	0.4833070107559545	0.45260935144241604
0.5609831013140321	-0.8265365941740477	-0.04620842489476289
0.3517653361249105	0.28853351944844835	-0.8905108401673838
-0.6769943820920208	0.4106524202092857	0.6107726224971938
0.6359517949407384	-0.09132535074939963	0.7663060712418717
0.3704644667542305	0.9072068507715072	-0.19932839432892702
-0.903689785427868	0.09360129693212779	0.4178319864801616
0.18583235716587423	-0.7933912084923829	0.5796522451583979
0.38576042661671406	0.6014725159968826	0.6995853813201579
0.577508108836779	-0.17446272422120435	0.7975256372588175
0.3523535669230835	-0.82795952522374	-0.4362682528764379
0.7364314958666196	0.5329594566649469	-0.41668077643089996
-0.4563041073774905	-0.4253773988395261	0.7815629406176771
0.4739034315589814	-0.8595781690838196	-0.19115676496302864
0.7531282089704606	0.28315974253242204	0.5938168581826546
0.7594547088552913	0.11254747620549205	0.6407508180231211
0.21215398046613493	0.8882315557017567	-0.407474406592625
-0.6149953119901804	0.4453961933553219	0.6506942424631474
-0.6522580911464642	-0.04836134272323139	0.7564526178578388
0.5144378444425872	-0.7611805281197546	0.39491506405377436
0.5566983803993288	0.646734399998437	0.5213650631941364
-0.5780785586165764	0.37130018738480786	0.7266094899709116
0.5465988242268035	0.8373656140762734	0.006968049694249856
-0.6058505636059587	0.4011919730137582	-0.6870153530800243
0.5878891432693356	0.07811878085771712	0.8051607363150234
0.5386243609148771	-0.7804098403277266	-0.31755988246107697
0.6035479707985828	0.6203691942681848	-0.5008711508441637
0.9076506343540262	0.39334734221367956	0.1464520205738674
0.4095583502168744	-0.9063367743026423	-0.10399812168647153
0.0918274671564347	0.15437460905251393	-0.9837358366734019
0.6687342000293341	0.3185162354038633	0.671819899597561
0.7411305643263228	-0.21346753551222952	-0.6365195188709306
-0.059330062636682335	0.9235686325696025	-0.3788151588849653
0.2272195407029043	-0.20142512929152184	0.9527849692415676
0.792043806864831	0.607462474444855	-0.06046445359382846
-0.5666020546466696	0.7683861395361239	0.29756487063990733
-0.26181278671512254	-0.21983759137071632	0.9397475714960821
0.35162983677641135	0.885057541386411	0.3050075512567446
-0.898782800570336	0.41029816213988013	-0.15441792494260675
-0.1907137641494392	0.06285716830448	0.9796311737366744
0.11756300450479613	-0.9893028152115226	0.08636480641071939
0.9745805252188028	0.1316393414116693	0.1812839862120882
0.5573274505951181	-0.38029424611364276	0.738080211891636
0.8204756569256952	0.11595737672214212	-0.5597978056191969
0.12730203928254713	0.9175675305701348	0.37664840055140214
0.19822603033097363	0.31905896968243136	0.9267727956540422
0.8902031665553289	0.33708405074669956	-0.3064517335357424
-0.41017650244021675	0.8857627879953986	-0.21720847186177838
-0.4837830832080212	-0.13886218521003302	0.8641013956246313
0.5934734311336305	-0.777702010518079	0.207289337339416
0.6432287423150624	0.6131042948429188	0.45865009397682477
0.16285820226512093	0.4845084280721981	0.8594933327734315
0.7827213030550713	0.46690842855265724	-0.41151413230928
-0.6006867467313928	0.7397621931901467	-0.3031952008653167
0.22310203281355723	0.35292688609542305	0.908662806559973
0.5334576439138125	0.7359826861871293	-0.41683621217775907
-0.8158727995860523	0.5777301261867569	-0.02407231172637192
0.2565388480524009	0.26337590156680374	0.9299575011331541
0.7787371834828911	-0.6262305130695744	-0.03746656591884617
0.5724999724900263	0.7338041148525203	-0.3657530622215326
0.9436785184473843	0.2825465610958459	0.17215776088768486
0.3260827742980779	-0.8823608672909142	-0.3392776505750043
0.05604353778107391	0.37630671092413076	-0.9247985624915538
0.7297787745336575	0.014334595518417037	0.6835330713370615
0.6065105089391061	-0.4750075749984659	-0.6375835680446156
0.3155438840899626	0.8798649459237478	-0.3553445287998962
0.602966350948331	0.019395444733350725	0.7975308121619188
0.382216479597581	-0.884519883189395	-0.26746053721371954
0.7002443447455226	0.4660991235415649	-0.5407489849141642
-0.7526352543926005	-0.2003112934695071	0.6272284747633505
0.5219764893693866	0.3991404265655578	0.7538086391297698
-0.40134862450368103	0.8947414741642625	-0.19584937074028552
-0.7888421762223197	-0.357089054211298	0.5002153819859162
0.38567181864851074	-0.9213078569177895	-0.049488191337941155
0.47852405301425094	0.15388060353413974	0.864485679778898
0.028499804236797432	-0.9069752816928527	0.4202185140574302
0.9678135387110915	-0.08012383549450841	-0.23857310257689052
0.2500494260060974	0.4134924538414449	0.875499443272354
-0.6171948885937251	-0.5703864049430676	0.541968466379643
0.6482717714410473	0.02170794120950581	0.7610995175672701
-0.4458858372346737	0.821089589718788	0.3563673747819329
0.9956030291229038	-0.00455351813763457	0.09356213910481495
0.09201420121073997	-0.1395902711573922	-0.9859249175133752
0.017549791361949764	0.990198879857363	-0.13855750846625403
-0.4360145662837758	0.8747551118883073	0.2114114287678075
0.8994334820589344	0.41569694015495773	0.13496468166578304
0.030177961158956462	0.24899708466381773	-0.9680339573017096
0.11351500141029947	0.00680052754897259	0.9935130081080346
0.9869319775639718	0.11433567328713512	-0.11354569774168127
-0.1143661493471187	0.9934188978668732	0.006267156012050856
0.38001653124537327	0.35851044645413926	0.852676782704612
0.8414438652070395	0.24884040725608325	-0.479635980116238
-0.3841349472329636	0.8997492492355192	-0.20710294738232982
0.44028439850229883	0.2032813162488274	0.8745435122963369
0.45342331343400355	0.7903628277099062	-0.4119877418187711
-0.7749560937691878	0.5779301921846144	0.25581193422406323
-0.43696094567297417	-0.19014597254638838	0.8791527973458129
0.8870840360240673	-0.2528091647367985	0.38622459690746463
0.14881883277270824	0.9486474768582216	0.27914318845835806
-0.7773777647244677	-0.6125179374624439	0.1431977206478634
0.62194801477365	-0.7825128677455284	0.029228047005994802
0.09415135597061537	0.11178277192583227	0.9892624192141698
-0.6227518310251667	-0.728764900001814	0.28474879715311946
0.7342407968162471	-0.6700636857164544	-0.1091105374137772
0.2703157584112417	0.14112539675560465	0.9523723080524382
0.021851843840532736	-0.7245637217685438	0.688861314066689
0.8381591506241161	-0.36232342495718783	-0.4076898011385047
0.5449878302731441	0.5862841877658049	0.5993822787086394
0.9926521960670978	-0.07934277044516871	0.09135831883990353
0.10725091440564857	0.22734240117311555	-0.9678908378469107
0.056025520991066675	0.9705772289761014	0.23418151846538204
-0.7539751405843462	-0.0314107306745598	0.6561515475706091
0.10719662609832248	0.9795837809432704	0.1700720419881623
-0.648097500947158	0.19856732387625378	-0.7352146945992517
0.7149514125060776	0.3613473893307304	0.5985587205775469
0.5830260055802835	-0.7806390033165542	-0.22512979216006862
0.3859082204004774	0.509932162865613	-0.7687938831068664
0.04367688250655932	0.8667135776918676	0.49689023353158324
0.9083546829247354	0.17260658686730346	-0.3809182801845082
-0.4159135726845322	0.4679898934961984	-0.779744419436398
-0.3764645748081392	0.8434485986266047	0.38323476537149304
0.916274331214304	0.4000723839907526	0.01958156086054888
-0.1368056061435584	0.3585199423222818	-0.9234433805517916
-0.9735749382670593	0.13434749410258173	0.18466886691223366
0.22478899739619335	0.42117445294078737	0.8786819600058047
0.04027091044296975	0.896974264412522	-0.44024473052349977
0.6011499865185612	-0.7285785164310751	0.3283169796154734
0.7928666475915739	0.4924110384275019	-0.35901789422206815
0.09990581987868692	0.47613518524662996	0.8736784949422325
-0.646698165693637	-0.19149980017671814	0.738315182710448
0.372974100228414	0.7649564441837493	0.5251018558913683
-0.6653358573286804	0.6149548479636788	-0.42327146362432533
-0.8118150539069016	0.4171050098471809	0.4086315320805743
0.4560550032720634	0.015890508477076404	0.8898097132144929
0.36465072636792123	0.9087193750001827	-0.20312298062657597
-0.9757060274627836	-0.1289179330111187	0.1771381227204772
0.18761372187822956	-0.07415344204816487	0.9794398186695331
-0.11313195541398746	0.9888788771030305	0.09653873359257081
-0.6135717954495075	0.4810290176858886	0.6262114147578408
0.6417310855985754	0.7658608710193211	0.040476413106902864
-0.4601204903124196	0.4266945164701274	-0.7786019034198302
0.9382059285519107	-0.33997734257418466	0.06469190185983525
0.34606361296466304	0.9199570553908398	-0.18417109441619564
0.003100227715990226	0.19517792593633845	0.9807629508781917
0.9979035106017761	0.015276539710219788	0.06289046718806432
0.05200744371252965	0.3890881259645912	-0.9197312955596599
-0.038520245678590595	0.9210738610816422	0.38747791305443013
-0.8421068429297647	0.4048887862212316	0.35625992741699564
0.5308318583815259	0.5055989567770454	0.680137657414423
0.09525546293037862	0.7618626947805368	-0.640696208107757
-0.3435506391943788	0.40778061084953443	0.8459834110219386
0.7570098343913073	-0.41287218582981233	0.506431307092046
0.555795887843711	0.8144025611350282	-0.1668514293397796
0.40435631752698054	0.24430952558327612	0.8813675874374405
0.39299731431033025	0.8237518403599593	-0.4086392252934704
-0.8258626274513741	0.5116109471198351	0.23707627330936787
0.21255905599028757	0.38579633427952126	0.8977637975397548
0.9439202065492294	-0.3186238428869299	-0.08656494909618878
0.25265251113847714	0.8658175530678789	-0.4318873387991049
0.045044846759073276	-0.5929134088024995	0.8040053802324034
0.9986432940940649	0.047773300022734055	-0.020719144912194842
-0.026125331412372554	0.8038478720921874	0.5942609406577686
-0.9984002359595712	0.014551635599303489	0.054637155281529855
0.05437530846543821	-0.017820243601849306	0.9983615400982048
0.015501440744697427	0.9997353093791156	0.01700048574255464
-0.6308046862424717	-0.12541444715858624	0.7657392926175617
0.3131290848542264	0.8617845006302647	0.39909604193953135
-0.7099546633644238	0.49152689745053796	-0.5043467904624324
-0.8139795069872695	-0.029592989057640906	0.5801393084453041
0.5764033757898404	-0.16508206406071513	0.8003168500684774
0.07208682669418459	0.9858357708686007	0.15143091590911784
-0.9483887021876913	-0.03917984362509741	0.31468048782258357
0.21354883652315215	0.6546856005601378	0.7251094116330443
-0.23442645751355434	0.7548852258937941	-0.6125296170348997
-0.5920870537965266	0.1914362495146736	0.7828059038473741
0.5221305705161926	-0.6487875562921395	0.5535832133770937
0.6138506235713898	0.7364963470189307	0.28418399456828447
0.286708058631838	-0.10290235472875892	0.9524755086126042
0.7546857524436996	-0.5881623093455892	-0.29071379899094923
0.5901253292090158	0.8021696848276803	-0.09097193286619021
-0.20937334173265976	0.2396041857578562	0.9480256525743453
0.8286161566568031	0.5582461768960848	0.041910272108559465
-0.5191898195255826	0.794324266372506	-0.31542176708777214
0.9532239162655678	0.14829732593128156	0.26338577900290105
0.18671166234398942	0.396370263415058	-0.8989045385495735
-0.23770342993755444	0.9060345012205158	0.35014077453791825
0.996428078594817	-0.049629564239366965	0.06832269418905927
0.057410471369879264	0.9914610005840487	-0.11708596029398756
-0.061928361555344244	0.12059017652482105	0.9907688364905222
0.8943734785690267	0.16937991065253113	0.4140127132102097
0.37439162803240966	-0.7899527309754877	-0.48559817924247833
0.24479989724585383	0.5893090264807666	-0.7699271924128348
0.8337791683532452	-0.551116151661593	0.032913307307026185
0.5518516544925365	0.8337057430839561	-0.019861656091041582
-0.016493933855233987	0.03472349818991051	0.999260841231875
