-0.13847323044677728	-0.7116303540374135	0.6887723888645795
0.8621381131749347	0.25564184192087547	0.4374529945839505
-0.48738387156408597	0.6543924570713571	0.5781240990196783
0.7702816185476866	0.2179064603553959	0.5993187821710065
0.25879997429819024	0.7521168648750935	-0.6060881081771168
-0.5828282778235904	0.621962214371454	0.5229476096736128
0.9497550486969721	-0.10246354556604621	0.2957474755676655
0.19700774247001607	0.9299404400820268	-0.3104814443842241
-0.24321450795846858	0.353145861833437	0.9034017397528296
-0.6097219979394661	0.4047481377232105	0.6814822303173417
0.730979504957149	-0.04527312446022691	0.6808959594051135
0.3064442013830686	0.9133067881118598	-0.2682585734463887
0.5990762652180521	-0.5344495063045634	0.5962141843861135
0.6826644363445628	0.7300519226721776	-0.03151916168011651
-0.4184219112364344	0.4258966017867075	0.8022064502257409
0.22876022074958713	0.8194064621808039	0.5255871108949868
0.949189040577056	-0.06788450038527083	-0.30729767304008415
-0.21612248067012468	0.5691790090505632	-0.793300906973647
0.9473285805998874	0.11333922464992616	0.29953761121828437
0.19584921435792077	-0.9450372566843499	-0.26181609712526005
0.253400168930464	0.3066900774956242	-0.9174582010924208
-0.9938136283705512	-0.08123106626027168	0.07573629208760727
0.1073900663120812	-0.5289912507124661	0.8418049835485341
-0.028316880521109873	0.8447305905103001	0.5344421238391235
-0.9860010418235232	0.06501000653441015	0.15354362433303137
0.075915907410034	0.9949101328685956	0.06626162175425902
-0.148454439223077	0.07699043165088308	-0.9859177211660071
-0.8903316603018028	0.2206364630292202	0.39828267078319013
0.45445014939181744	0.3768078639750503	0.8071498592977112
0.02801064765388775	0.8996306935784905	-0.4357522447325939
0.8948506978265662	-0.035490411146179374	0.4449524236544652
0.443673083171523	0.1800437911144558	-0.8779170966271296
-0.04895328250875844	0.9830181402180781	0.1768584522543617
0.19268641022396082	-0.3762660105627055	0.9062537374324199
0.6853844446610072	0.712540676975864	0.15011311292322257
-0.7022251137147731	0.5922074576953615	0.3951837758793627
-0.4426749832732009	0.8036335495707766	0.3977586921593859
0.8648091658435718	0.2654184350754232	0.42621375035897047
0.23694717946626115	0.5326595275843542	-0.8124837609556241
-0.8395040377281229	-0.48431110795536936	0.2463244229653666
0.5209506274993553	-0.8462619180004176	0.11158498935915247
0.15441312880129804	0.2219989118290825	0.9627424727311541
-0.016866328263737795	0.5162889045491557	0.8562483833621717
0.5989737447105936	0.690917115618887	-0.40480117649563
-0.8005910192590648	0.5060427910605093	-0.3208967333854009
0.7329330368106522	-0.6667491266760575	0.13511019809114988
0.6801350119909402	0.7137737197573005	-0.16716292186938533
0.01501762350036493	0.2144124041666929	0.976627765284123
-0.21742923202500464	0.91881591584271	0.3293961776571474
0.9622445024929331	0.258384579716179	-0.08557409880928639
-0.16373773689392696	0.29835335050744055	-0.9403059245574497
0.11625814844745808	0.8694936412746136	0.4800675480623353
0.9221655171322919	-0.2740233116215516	0.27298714933141255
0.36891028981542595	0.410964758186115	-0.8336744961898059
0.9168546226789887	0.011508683410433797	0.3990553233303972
0.057367241157008024	-0.9930083795267033	-0.10316665077332259
0.39507796763955744	0.11748152363631238	-0.9111045445446355
0.8161963476972385	-0.1277159401121894	0.5634821742051368
0.5664962305151882	-0.014860325080580994	-0.8239303317335647
0.11360256519010126	0.9916994551676224	0.06022165559389503
0.20983204848947135	-0.660598499714053	0.7208190713363892
0.9762694764910944	0.1011746360140644	-0.19147219719642322
0.053557639030455406	0.743890660784879	0.6661518326166487
-0.5055834315507886	-0.34362543217839725	0.7913955749822836
0.8457185372823607	-0.01587915915168625	0.5333929208394315
-0.17072067665726343	0.9389725313686472	0.2986386376489836
-0.299193759917308	-0.17656963955657373	0.9377133124859676
0.8637848846212082	-0.4676556652984587	0.18754693229744523
0.40541184877414554	0.8660954572684918	0.2924378425792592
0.16089616734256929	0.6422943908370394	0.7493799695973655
0.7475121261771679	-0.5750884244035457	0.33241378631930607
0.6444672563851184	0.5066865101977	-0.5726523690958718
-0.2225493532168321	-0.4265896724605711	0.8766373461886917
0.9097631385511866	-0.4140811842680623	0.02945852285253342
0.3504323288685903	0.804088318647362	0.4802490590293693
0.9489994525130567	-0.013451763241225267	0.3149906176310979
0.18601492772222966	0.8305549799931734	-0.5249541616875067
-0.2545554670291177	0.5567741690077238	0.7906984500625674
-0.08408031698108953	0.02763309367207356	0.9960757563712057
0.8456830035762641	0.5306689081980658	0.056663633258918655
-0.5270206426304265	0.8471286336832106	-0.06798764766800547
0.9232923961628247	0.10485966885288941	0.36950724084376474
0.10600156349353945	0.8550905660796263	-0.5075271345835111
-0.3691812830098984	0.5077642894588852	0.7783833288460633
-0.9615529074560178	-0.26115192613805543	0.08494514487163202
0.2660913582348909	-0.9624875028551072	0.05303956938410481
0.06790725466097039	0.0736035211258533	0.9949729274921435
0.20625090188302975	-0.16016713696905147	0.9653015351213182
0.2439327298070507	-0.9469501577447086	-0.20924201795086791
0.9476061359031592	0.2786249934632714	-0.15623931712688255
-0.3382319647563121	-0.24275094281859383	0.9092145609138521
0.8376508194658312	-0.5179798696753561	0.1733146250589453
0.4288825511317832	0.8202248681744446	0.3785378752026122
0.6399433719140304	0.19105915493974987	0.744290857163387
0.49122793978505797	-0.8465516709101268	-0.20504970044796303
0.5909040462865593	0.4968366610798569	-0.6355987258398108
-0.32774902158017327	0.08661102587707553	0.9407864311573376
0.8126289615977984	0.5337560288264113	0.23396297242073
-0.4818866564097032	0.841191435933569	-0.245320644231783
0.764335634030822	-0.2621977995781239	0.5891038553999551
0.5034594342815911	-0.3281616499185196	-0.7992737513240475
0.402889112019128	0.9075033032552251	-0.1188196869095921
-0.9902096711779378	0.06682266055445023	0.12255422939296959
0.09865275389118862	-0.28612426637467414	0.9531004870113324
0.09875444929401642	0.955859632073653	0.27673077623686226
0.744263858753242	0.2479865989514683	0.6201402706599676
0.6121346459793717	-0.6246600063901144	-0.4848618892101244
0.2671375745668204	0.7404745256639051	-0.6167130557215168
-0.49346563702192414	-0.3966843689219184	0.7740369348626501
0.8606729863398901	-0.09436497565084356	0.5003371482862246
-0.1254339494049458	0.9130918698704066	0.38798139325648373
0.386460340399988	-0.46075611628369517	0.7989694653771766
0.8741768648961895	-0.09319314380283705	-0.4765814167887923
0.29404627897355634	0.88262043895171	0.3667668831376356
0.7176995446978351	0.5918456653341965	0.36691425696699553
0.67422392022242	-0.7223807575074728	-0.15358433052509715
0.1741535786035764	0.35760977280836814	-0.9174888454098591
0.6224396846674232	0.7385757493785898	0.25898784021836474
0.775620210295914	-0.5377786398795641	-0.3304654654722764
-0.10479565034695297	0.4065710232162896	-0.9075890450799957
0.47318826762509003	0.8097324422809434	0.34702483383715466
0.8403020905790434	-0.29656531317357326	-0.453807681282225
-0.26454727356458496	0.5063421638971012	-0.8207510908366467
0.648472936626171	-0.02761369671587849	0.7607367049230066
0.6955848605792649	-0.3845035773730099	-0.6068926599657327
0.3092645343332382	0.9227104002562458	-0.23013249458215146
-0.1617339976480876	-0.35245142203062363	0.9217483979445583
0.5650084121193855	0.7327257458534902	0.3793131629640306
-0.8090782460547924	0.5821434329029554	0.08063135425418033
0.8889715143214918	0.32018089148851836	0.32743525077573954
0.45120438954890774	-0.4899687777916426	-0.7458855110814004
-0.07838523825792285	0.8108111947395535	-0.5800353100529889
-0.2271774885651492	0.6262066701185482	0.7458254453880421
0.7931292796324523	0.563370820395682	-0.23142874608916578
-0.5650985174984436	0.5389605969138523	-0.6246480132805396
0.10854721314569216	-0.07451120892405794	0.991294901763839
0.8816233058888944	-0.453516213340609	-0.1306269143428424
0.4593014794574917	0.888127875917579	0.016462897262895737
0.0661458025903805	-0.6801312071842734	0.7301001806695689
0.9684003806727847	0.2200958098126552	0.1172967911569503
-0.24046919867725283	0.6992706024973268	0.6731977339315289
0.14804702013310644	-0.5143564066709658	0.8447008741242307
0.9826535150552307	-0.019952013382394274	-0.18437458206485047
0.11168773065698434	0.8573443905913892	0.5024802948794831
-0.40419066153043226	0.34742106639219783	0.8461255886442036
0.5222530515066719	0.8471011171361997	-0.09834351803027958
-0.7509205412848696	0.4021421390174256	-0.5238320729994761
-0.11487119350342323	0.9648340700312216	0.23643144082394685
0.9931455747816241	0.11671856146734039	0.006216486199815852
-0.02159805997716048	0.2355249343827166	-0.9716282875098075
0.4647888117258916	-0.18558656406005616	0.8657534220173873
0.22969245121277362	0.9695853669702202	0.08453161546481266
-0.8551097814610129	0.15956767654386028	0.49328026339201203
-0.8102074844138243	0.36921081858961385	0.45524411433450745
0.3797197120330735	-0.2610447797912321	0.8875069370079691
0.44651626229437896	0.8919299268328957	0.07130380863967112
-0.6978548353036693	0.14309891017573478	0.7017986397463339
0.3309446894244818	-0.804545928877038	0.4931343233532993
0.6351962227414619	0.5763927048756777	0.5140984423056335
0.060202836207722044	-0.32429797897460855	0.9440373082381495
0.6729087846886335	-0.6853582386132433	-0.2783484367727245
0.7372715822554217	0.6520083631349658	0.1769624491259375
-0.9002018868701591	-0.4212658783086941	0.11032507715025765
0.4353481302902822	-0.8645224300690615	0.25114333230297203
-0.010419612668486344	0.2741095176754905	0.9616420352665271
0.48892964585377907	0.5410768244798279	0.6842394839645867
0.8666158019632346	-0.21170379731475641	-0.4518390797508915
-0.09962355741950768	0.8138902703763808	-0.5724139888173103
-0.5876517172819808	0.1915680568822588	0.7861088593559388
0.4325835827837354	-0.7466666064875169	0.5053319925181894
0.6837667022322208	0.6370170000390665	0.35591071714645184
-0.34421309310863	-0.8881902105500918	0.3043607997354016
0.9361063693902059	-0.34961002896099136	0.038440770504537175
0.07226487196195154	0.298145899741852	0.9517808627764294
0.6464986042306273	-0.3561513910190883	0.6746819557413842
0.5486240351383171	-0.3974922910748586	-0.7355348711003512
0.5301426438199451	0.8456690045231811	-0.06158499811131346
0.7615075144080581	0.521047483191504	0.38550723178672086
0.5839424403294613	-0.8096342496658748	-0.059191284409529046
0.2812783885799526	0.27018864155951394	-0.9208043039050642
-0.6915425728579265	0.34572925715791397	0.6342240539983296
0.6254228634836072	-0.15271691095525486	0.7651952606624337
0.36140712742972325	0.9258233232390085	-0.11061673648085102
-0.8968913241868528	0.09664044386361878	0.43156294698247266
0.1925983578576894	-0.7930836000208041	0.5778618138695119
0.3981103178126324	0.6013975623394924	0.6926970094227642
0.5640045075793726	-0.15008176897048237	0.8120187054821091
0.38118729621676334	-0.8249888266055416	-0.4172405555299798
0.7325265596776018	0.5448567688839916	-0.40808815318285596
-0.4446378258393846	-0.40130819689873487	0.8007802038853806
0.467114119233767	-0.8667099312751039	-0.17498084078426257
0.7642654011829186	0.29625263902789395	0.5728287444112079
0.8101716357262105	0.13036758691194072	0.5715122159214744
0.17046227637221983	0.8804281079960575	-0.44248046169800914
-0.5608605290076288	0.4559063927312711	0.6910751247643361
-0.6219705962134696	-0.028952573483684962	0.782505160324539
0.5311992370452352	-0.749809410401318	0.3944784133969659
0.5753085676473284	0.6610201181222091	0.4817389909788079
-0.5897728122870738	0.3832886153722286	0.7108149317600434
0.5133152106671202	0.8574261469097109	-0.03644032235500766
-0.6234384688040717	0.343380605045781	-0.7024345063375141
0.566383402964668	0.038727652341157215	0.8232314436355701
0.4854898966776105	-0.8228567697646305	-0.2953071226307976
0.6659650148995258	0.5669276015477288	-0.4848543013454807
0.928079398408085	0.33747308603837783	0.15741838028076885
0.35472637026487025	-0.9298216999939242	-0.09798371527513722
0.11330415918754823	0.1467771181763106	-0.982658966829622
0.6832419579964625	0.30348385626718194	0.6641370158471522
0.7301685454802591	-0.27666379745090186	-0.6247487802079243
-0.005858500183736071	0.9117865387058788	-0.4106226805844393
0.2037395031359298	-0.16185395575971911	0.9655534743694185
0.7965698290302876	0.6007804364409657	-0.0673748815840241
-0.5691807466355332	0.7828576908958191	0.2513306854816645
-0.315710822050276	-0.25199625702055645	0.9147811559536894
0.2811889783248415	0.8959355229060788	0.34384923624118
-0.9062336538161504	0.3657833036684981	-0.21199797038742774
-0.16603208659274582	-0.048722437415877784	0.9849159711944545
0.07322149516588655	-0.9966306594659913	-0.03695864253536123
0.9833981690380208	0.06598069948583776	0.16904019766915912
0.554231487373249	-0.28693779335933495	0.7813412578036001
0.8319643555669669	0.16193377684665033	-0.5306719918953899
0.025744309469816817	0.944163203401962	0.32847081433769343
0.17116590082163907	0.3926221924542631	0.9036315888614809
0.8785918587622538	0.35421364567678415	-0.32032645681093763
-0.4458459152135462	0.8487523238311452	-0.2843253641141188
-0.4663678142606398	-0.2015945388553815	0.8613133597741528
0.6338433189339906	-0.7553481181240544	0.16640873621655983
0.6170443329814289	0.6235453971846278	0.4800494024424655
0.1680095167623208	0.44805285970675146	0.8780782637019855
0.8135423070767267	0.4400106800643193	-0.3801835293981214
-0.5567061315214414	0.7782282675012117	-0.290583975450289
0.25987509486963933	0.3712334202853496	0.8914318160856369
0.5224829635485171	0.7222890008756504	-0.4531116330614496
-0.8120815771017436	0.5835103656982417	-0.006258214973084986
0.2812065111016234	0.24961007682127206	0.9266162677523695
0.7688527798398102	-0.6364235846688489	-0.061890417754680294
0.5742719748051865	0.7298354817536149	-0.3708798572675793
0.948615782304224	0.23479672492417433	0.21212872395841803
0.2996826272974972	-0.8818386974865744	-0.36407531433928814
0.10157962620237632	0.40893888245074433	-0.9068906052884891
0.7544608335630131	-0.03632399759763333	0.6553391624326526
0.5609420921218902	-0.4827320494762448	-0.6725427404220353
0.34078265787055584	0.8750144773699412	-0.3438267652287823
0.6064382379903588	0.045990149131184155	0.7937994518050768
0.33451292478154426	-0.9204368298751364	-0.20223042640390812
0.7213416435069071	0.3881764397697277	-0.5735723885879211
-0.7367978124884513	-0.2095174993884142	0.6428307716360959
0.5231932209734215	0.42553789721326873	0.7383673554286958
-0.428249736765464	0.880352154245865	-0.2039172564423506
-0.7605514356076233	-0.39990226763048076	0.5115072728116214
0.45372728345021474	-0.890872554833188	-0.021855051998959166
0.4644276757990115	0.21546291418475721	0.8590009700593708
0.034860484555915616	-0.928522547929446	0.36963579994791695
0.9831378193778432	-0.034573361796531366	-0.17956812290344237
0.17951260324976184	0.36966276609998994	0.9116603888695602
-0.6329889537775828	-0.5582167294235287	0.5363945072306953
0.6251564494704593	0.040101867632955535	0.7794685714625305
-0.45662281817825356	0.8287254812083722	0.3235887493639136
0.9897063110879006	-0.002773169261845135	0.14308643305717247
0.141093671427798	-0.14846820993224896	-0.9788001667973593
0.02395816511764029	0.9889132925447807	-0.14654864773322562
-0.4722900296148329	0.8510780931841149	0.2293647907341296
0.8809614098197762	0.4471682300499983	0.15475001919968853
0.02913970375230715	0.2751484205588737	-0.960960053451331
0.10881528287807551	0.06237290150901259	0.9921032483413768
0.9820303288546974	0.1480640037748302	-0.11701916080583513
-0.15419360369904872	0.9870089523117378	-0.045140454525698814
0.3445056943725394	0.2812088966618744	0.8956770528394182
0.8538492724578091	0.30270113881202354	-0.4234541775507409
-0.39020154595819423	0.9106555753961624	-0.13582774580961
0.3671405484502732	0.2631756211492995	0.8921582875904438
0.44051487308626514	0.795564111681005	-0.4159620064320839
-0.8192401749630106	0.5457255140067153	0.17615106893993593
-0.42620272120623737	-0.22460667927472133	0.8763007931421614
0.8972053223146511	-0.22878657180675566	0.37772915451573946
0.11564536327350766	0.9472109290892365	0.2990277675521852
-0.7700942498963437	-0.6232696165894321	0.13597731911259983
0.6276646170519954	-0.7783742768071276	-0.013061918157483747
0.11398234414837935	0.07528924386287209	0.990625840053144
-0.5835894877805725	-0.7559759038681131	0.2965193796749189
0.7783187052061764	-0.6248721359953675	-0.061276478217732216
0.2316102391479928	0.19502627112103774	0.9530589964395872
0.03210394090614643	-0.7427471996682844	0.6688018648024363
0.8614954058224698	-0.3187009943094248	-0.3952914645839983
0.5067494476810734	0.5888601477525082	0.6296417423136917
0.9896041002360269	-0.0589065872276115	0.13120113862783178
0.1408799587928546	0.21358357676208206	-0.9667134492433832
0.02892338165857048	0.9751472041280288	0.21966194088808622
-0.7669802364626013	0.03143312453072348	0.6409003632063324
0.10454652193866235	0.9915748346475614	0.07648118751817412
-0.6330966289803646	0.1256634631700772	-0.7638045249917034
0.7441457171708523	0.42026025619003127	0.5192576130239857
0.5510448384419648	-0.8255804146124603	-0.12151775604736884
0.37761983216291345	0.37656114520142436	-0.8459343746898134
0.08872556343037385	0.8860564777513131	0.45500735447781415
0.9276232102613606	0.09289404004483515	-0.3617815322933937
-0.36282634162691385	0.4541746531446742	-0.8136844783222452
-0.41518022855292136	0.8477161266919825	0.3301556396081805
0.90621917449913	0.41727172436549	0.0681990895479245
-0.07995114501281053	0.3275082847675661	-0.9414595784311441
-0.9615385690972458	0.17885882658580007	0.20845407237752067
0.26238669505223206	0.3737148814087682	0.8896574676094151
0.08122070178217446	0.9101355435131524	-0.4062714487089025
0.597837081480056	-0.7293001991955291	0.33273419340484156
0.7999665168729672	0.5161560529037952	-0.3060008185167276
0.051423689964273406	0.449114850015156	0.8919929683614789
-0.6436619222741595	-0.16874215426540917	0.7464753279166046
0.3613408419998847	0.7928162800124839	0.49079032391641636
-0.6746348091502158	0.585635066847124	-0.4493322186999462
-0.7938862960454687	0.4349863753895596	0.42488987064492284
0.4734037011658005	0.003608127266670813	0.8808381901008544
0.38161955488906435	0.9004298055057265	-0.20878860285751166
-0.9738907954344709	-0.14872328554942033	0.17151706300948133
0.18612818964231703	-0.09054207068695641	0.9783447400871491
-0.12997313410273087	0.9847250975633267	0.11585968513857547
-0.5728360355953985	0.5199194483175175	0.6336739252837814
0.6945285826023012	0.7184407499716337	0.03837885783390427
-0.4353032555262889	0.46208944593163437	-0.7726476685312713
0.9339590752935786	-0.34561218606217814	0.09095417814529502
0.3573734212942804	0.9016480155675586	-0.243546902619402
0.0021641231906804823	0.2599674457858255	0.9656149562338031
0.9975142542361136	-0.02174186321855885	0.06702688997376721
0.07025322805713059	0.38054273737639	-0.9220909439841803
-0.005458621009267632	0.924507715713541	0.3811242409540593
-0.8519440404924457	0.4090118201328619	0.3269566987553712
0.511775972616469	0.5182661300449886	0.6851901723614097
0.11080029657845807	0.7510722664562942	-0.6508561629410388
-0.3439581132503009	0.46237076678404565	0.8172552173910098
0.7959794130092125	-0.31812690569867086	0.5149874230853589
0.49810600317081366	0.827652430609687	-0.25861528127911293
0.43742775572962844	0.3075654793458207	0.8450209668594715
0.3178138124903481	0.826173230139622	-0.46522271482700955
-0.8412201490143292	0.4720606631731125	0.26364254432255596
0.15525770041990805	0.41192039133439823	0.8978956719258859
0.9618639156939739	-0.27023050617586053	-0.04234715123587335
0.2251951468086686	0.8702281682035202	-0.4381667275352701
0.0342149995818799	-0.6007107034116677	0.7987339886409441
0.9983669842240368	0.057125530872928376	0.00019630050540392352
-0.04574602294204688	0.7974229270149849	0.601684283371138
-0.9959832320381645	0.013020556336167464	0.08858818550748274
0.08852542917531997	-0.0053207368842842495	0.9960597061162215
0.01344060594381416	0.9999010725425315	0.004146714381073613
-0.5625262136632105	-0.1365731034207781	0.8154213918973118
0.3364086863329665	0.8631188137924178	0.37663657421617625
-0.7552439703178434	0.4861827852768822	-0.43958257995393013
-0.8327931491198721	0.0038928035032627095	0.553570606932748
0.5452682998682176	-0.1669079052759792	0.8214768604867749
0.09559315842584956	0.9859648052731241	0.1368771376998391
-0.9292072893659216	-0.013035403903616821	0.36932897481013527
0.26968866948348036	0.6593614550352029	0.7017909184123788
-0.2526694182948661	0.7517130768178305	-0.6091679696106846
-0.577678080916237	0.16892883706071868	0.7985931898271148
0.5265111193059041	-0.6705036242794729	0.522695830359622
0.6237580268631235	0.7224181184310122	0.2983923358372642
0.3015260805188693	-0.10410215502051662	0.9477577560152239
0.7197173756974375	-0.6271256587514458	-0.29785954282976806
0.6253710273798441	0.7719301454507714	-0.11417061206032342
-0.24872477439211638	0.2183589317509098	0.9436394245304678
0.8100743790803018	0.5809693618057545	0.07908287425655347
-0.5309571423017629	0.7840879909599533	-0.32138844949862433
0.947945101594329	0.11783197817035523	0.29583054149931554
0.23377205816654628	0.3732964476094538	-0.8977752430440145
-0.2162191230763233	0.9201985585310506	0.32631871489922637
0.9999987097598436	-0.00033393010154791566	0.001571295432241573
0.000335729396660721	0.9999992881546329	-0.0011449786023276834
-0.0015709119709012536	0.0011455046550977546	0.9999981100255464
0.8968834030885543	0.27600173714430576	0.3455766229906464
0.4040478353985091	-0.8290893930153849	-0.3864662017552886
0.17984856956360018	0.48624460869268843	-0.8551144207316472
0.8657971799913111	-0.5003942554363878	0.0009122748249369437
0.50039456794072	0.8657974689927406	-0.00013806224935366195
-0.0007207596779870028	0.0005760312730211756	0.999999574346639
