-0.18777353077843806	-0.694447022396663	0.6946109948909589
0.8571304831833981	0.2294963141258154	0.4611494081102779
-0.47965449642090663	0.6819639102526422	0.5521383786480819
0.7873007520547464	0.19654020027774383	0.5844052322565354
0.2809499116480247	0.7293594251568127	-0.6237803909068405
-0.54883938721542	0.6552913692470761	0.5190072720408591
0.9558046660439438	-0.046933646278093794	0.2902321023175553
0.15506918141047413	0.9191738092330458	-0.36204013230123777
-0.24978188354104186	0.39104570227411406	0.8858285778792838
-0.6144087177835265	0.264209418255523	0.7434348060298773
0.7525999873469353	-0.08659692038897626	0.652758938984782
0.2368442242424248	0.9605698083347319	-0.1456381020158548
0.5459773150812517	-0.5643420439299272	0.6192146872205632
0.7450446584331751	0.6650785883024672	-0.0507831499790109
-0.3831673633764509	0.4890690430139587	0.7835778473186626
0.2361870668597854	0.7806325281421044	0.5786436947333291
0.9532107912215654	-0.07049534673601299	-0.2939720966134828
-0.1886924930857844	0.6210018213298865	-0.7607574389764684
0.9471517090772776	0.08501515098823703	0.3093154766487435
0.17982048868029882	-0.9392109126725756	-0.29248496263487844
0.2656468178668261	0.3326488924063854	-0.9048626871177938
-0.9948762348932112	-0.0783063697486649	0.06394833619018732
0.09706568205938493	-0.5629154399851495	0.8207950175242732
-0.028275972327300062	0.8227966455225196	0.5676320546849296
-0.9864276435609656	0.01742476248103591	0.16326935312923624
0.024604499694946685	0.9988122408954586	0.04205622465407201
-0.16234260874311812	0.0455025833318493	-0.9856847327095037
-0.8615945585521452	0.27506685892943805	0.4266064225864722
0.502868450063523	0.34809785473843635	0.7911707814733865
0.06912408121664329	0.8961953507161212	-0.4382416625000005
0.8880618377082333	-0.010464913608359827	0.45960489334802024
0.4513153386816787	0.21018239258665827	-0.8672588004264873
-0.0875250677058699	0.9776061821765029	0.19137793784385249
0.23502576055383317	-0.34245202301999655	0.9096645006845129
0.6331319651621686	0.7640388660316975	0.12405049731012147
-0.7375003773327732	0.5467826104792559	0.3963861378901985
-0.49510306298027906	0.7683764673629402	0.4055497027867166
0.8277240592058063	0.27525688541770554	0.48898520309106197
0.2640943748727123	0.577781318002748	-0.772284215640588
-0.8139911322222613	-0.5590216282887467	0.15783933530308414
0.5759392014697772	-0.8120606503515464	0.09408260392324803
0.07558090283845895	0.16748826602488193	0.9829726384137566
-0.004020169508091032	0.4834143205542843	0.8753824495157336
0.5221682193005943	0.747581940833937	-0.4104407295717742
-0.8528330369946822	0.45544685356472	-0.2554290010715774
0.681804080223583	-0.7157761432871864	0.151022213238302
0.7289231211756267	0.6473057949945642	-0.22285935291577436
0.0617598543234733	0.26202999917447656	0.9630815126076127
-0.1387705369017238	0.937689783135605	0.3185602120339409
0.965592602547243	0.1995535276033954	-0.16676125307481612
-0.21994013729660458	0.2844578355822581	-0.933118468246025
0.04005556972554947	0.8633969460363962	0.50293266438857
0.9291930380386082	-0.21727009716750745	0.2989882989974747
0.3674178131154546	0.4553453836944503	-0.8109653088471853
0.9437248296298721	0.01522063136434125	0.33038126206087953
0.06459706435723557	-0.988184113181148	-0.1389941643840303
0.3243619355234148	0.1525139037506368	-0.9335570919586254
0.8178796428548228	-0.15322927453002408	0.5546112866059163
0.5595440553119813	-0.012839080336199293	-0.8287011573427077
0.13410197600591062	0.988107255030102	0.07523770722308754
0.15156014428085318	-0.6996518072497334	0.6982240838568582
0.9873124183706553	0.07330442504131052	-0.14085684151098626
0.04736782870952805	0.7107135920197001	0.7018849470688198
-0.448538666165772	-0.4006342350623118	0.7989400945316656
0.8499404061774256	0.08527396756245453	0.5199323575265447
-0.2764314940472294	0.912261234599056	0.3022665528083166
-0.22989366515354526	-0.1777154967476114	0.9568521855218909
0.8968607566799591	-0.4204329206449495	0.13739338544998697
0.3778752252393912	0.8897490440869871	0.2560409199650948
0.12619885339635306	0.6351438940437605	0.7620144901905568
0.7735133217952724	-0.5439418978097204	0.32527581037083414
0.6210885527899295	0.5483789252570598	-0.5599371071175967
-0.12204765783854787	-0.4469979564558123	0.8861699589471832
0.9252971426185302	-0.3742492662180046	-0.061340725438067734
0.35906763579875584	0.8124840390183754	0.45928217825458795
0.935412068058728	0.0624156280993362	0.3480065405981028
0.13592824626827651	0.8451580436355985	-0.5169442843716123
-0.32638592922570114	0.530859840868579	0.7820869865663682
-0.07049223106064373	0.01934449411349759	0.9973247394442724
0.8710504431535643	0.4884233905883626	0.0520933489818729
-0.4861090112742945	0.8723923326540993	-0.05128008467492151
0.9197691828996991	0.05112198138859683	0.3891159123023934
0.1637870399064172	0.8510094701076579	-0.4989555965672466
-0.3566489250603647	0.5226561248143823	0.7743591669550371
-0.9626629730131857	-0.20679407566070063	0.1746888967881196
0.22518169530949333	-0.9698897623656024	0.09277420415146319
0.15024381680107962	0.12864703311787368	0.9802432026711597
0.17516910522869789	-0.10294381789480989	0.979141641914293
0.2813859649199714	-0.9478002382345863	-0.14998882341200534
0.9434711035953532	0.30179012369476466	-0.13705837413622213
-0.34926221082263	-0.23637412278638564	0.9067211159823374
0.8591614477214338	-0.46698549441280024	0.20920362032537293
0.3739752864033916	0.852086745633917	0.36618391973774855
0.6196832014311772	0.19544459448064888	0.7601277131852922
0.5307134595619799	-0.8178605402741235	-0.22236762467201324
0.5782179119534103	0.5412074899249024	-0.6105395148108144
-0.3571980016328249	0.09891848644257739	0.9287759259743043
0.7922993395525676	0.5586904167101645	0.2452076157479372
-0.49464264289897386	0.8234562230720783	-0.2779361518582748
0.7297430510529117	-0.31769666024820525	0.605428700597456
0.4910940395896069	-0.3725457345801231	-0.7874238502393222
0.4757118074207841	0.8719395092053653	-0.11584372476382931
-0.9911990106728075	-0.01935006287903286	0.13095837624155776
0.13133506883186602	-0.2678033168475713	0.9544802162330911
0.01660183532555816	0.9632792733948016	0.26798772455432773
0.7051439769262503	0.2861108681632039	0.6487777299842601
0.633696319218167	-0.6647896832383755	-0.395580146201964
0.3181209625503776	0.6900690169676639	-0.6500798451015868
-0.5058515258283485	-0.3940924542586803	0.7673365437104513
0.8496382620222778	-0.07387568206994999	0.5221658810248546
-0.14909412303942332	0.9160968950362562	0.3722061544091334
0.3744585432459594	-0.4318245615335164	0.8205536834640986
0.8736697854248832	-0.13213115723671054	-0.46823334281416396
0.3106153657270557	0.8922269360110543	0.32779443135992015
0.7271128515247357	0.5597460842074315	0.3974810968612401
0.6649768313751316	-0.7181406150029384	-0.20513378760577428
0.17062448500100239	0.4134711335724033	-0.8943874478214093
0.6054925838565318	0.736893948012202	0.3006094480846053
0.7955995192616551	-0.5509664382031951	-0.25190750073054263
-0.0200033958458129	0.39169285589180086	-0.9198785630712136
0.49267714298131504	0.7904691293179753	0.36390629065605784
0.8445387177961037	-0.33349856412250034	-0.4189666596180944
-0.20981798523263506	0.5137482489736711	-0.8318889046918496
0.6292221686278455	-0.04739849683517011	0.7757788634688609
0.6944877374604974	-0.4138456570897615	-0.5885733213669666
0.34895020421869677	0.9091122893271819	-0.22748318700514947
-0.1871188809316202	-0.3257226375239145	0.9267638792072997
0.5909432827228572	0.7163055537758097	0.3710692526128562
-0.7847117693800897	0.6170989523847816	0.058449311047895414
0.8874245932750889	0.34179125749569683	0.30928357141958446
0.44634626838770775	-0.4695947073968203	-0.7617452457884216
-0.11511993722596991	0.8140390328997774	-0.5692871445665042
-0.2421215522411384	0.6289157732268823	0.7388112777474195
0.7849271775843097	0.5745666527674577	-0.2318673918797755
-0.5703213829323529	0.5237729581737038	-0.6327680526512824
0.09210140512477483	-0.021478325854583424	0.9955179620140093
0.8749456375883202	-0.4755538714143035	-0.09120661515501971
0.47538138629863275	0.8794243554174244	-0.02500681226061552
-0.007270602053090158	-0.735302399615847	0.677700169296838
0.9661321244866088	0.16965361450089977	0.1944385998760839
-0.25794545233591026	0.6561615900111475	0.7091657855630553
0.0992459169562051	-0.531049589117415	0.8415085156228348
0.9943533661074089	0.02099682365416644	-0.10402171267240784
0.03757168186795995	0.847080555375143	0.5301347955255835
-0.39861066367926434	0.3056032415972712	0.864705844508071
0.5575205312460094	0.8293773194524923	-0.03611259083707724
-0.7282035402552941	0.46769639800092383	-0.5009787253533005
-0.07499972406113264	0.9509129792746948	0.3002324886445136
0.9969726623339691	0.06531271132426042	0.04218720538494675
0.020507363298869763	0.30248761228585513	-0.9529326799224227
0.4659360799640756	-0.07176659696428449	0.8819031267366481
0.23475270983926005	0.9710125457313967	-0.04500890195679401
-0.853108864454493	0.22800042015838057	0.4692771822673325
-0.798386463127384	0.35134645053750574	0.4890140357797948
0.4152529668494131	-0.26685032512159657	0.8696872297011485
0.4360550756701573	0.8974110405367176	0.06715203128051406
-0.6984694706259129	0.10809655190161238	0.7074288190839689
0.3491791671042631	-0.8113922446485557	0.46873930343481046
0.6246713598876853	0.5744194989649639	0.5289876476298002
0.07317347954298248	-0.2574239782656572	0.9635240200978152
0.671279546020399	-0.7017924330395706	-0.23847673266599068
0.737583495603189	0.6642441391102234	0.12145085702249458
-0.8868394647829374	-0.4442693992691239	0.12704512811030855
0.4620496905307456	-0.8495844036583007	0.2543942305576365
-0.005084012584083267	0.28430800539840856	0.9587195162728375
0.49524101049405844	0.5527377053468514	0.6702368018937197
0.8653435305172894	-0.2455455129186983	-0.4369072845322754
-0.0769214906037125	0.7963594855173075	-0.5999122053350077
-0.5906038903968676	0.14315467424839287	0.7941623158328035
0.4766971936526456	-0.7321781950815547	0.48649242153481576
0.651111995137378	0.6658992640692384	0.3641858590064553
-0.35203909225431884	-0.897864187330108	0.2644019263069007
0.9359030336063022	-0.3414166216354133	0.0867190991511182
0.012409238948279777	0.2779830778682503	0.9605058142497727
0.6475591008388603	-0.3817040420222585	0.6595219747852505
0.526124493239612	-0.4021346548761049	-0.749320183206777
0.5512351844123597	0.8322197688420686	-0.05958210985124368
0.7486266378033711	0.4818827538391308	0.45535389393705183
0.5598756073088851	-0.8273589435677926	-0.044905265157820895
0.35510204380111254	0.28855881558324087	-0.8891773436370671
-0.6757694468367559	0.41326375572399277	0.6103676948584715
0.6367453046130392	-0.08986621640994485	0.7658194827773765
0.371336871014975	0.9061661720418948	-0.2024149126713417
-0.9042536887062091	0.09252884853915451	0.4168497075076724
0.1859699880707702	-0.7934422439389435	0.5795382377980691
0.38437017313804595	0.6015711244077062	0.7002654869980931
0.5776582057548919	-0.17600437323718243	0.7970780751754658
0.3511332601954906	-0.8279379841344094	-0.4372918110506251
0.7368964858842284	0.532485826129519	-0.4164641810079692
-0.4577508054950019	-0.4256698560894384	0.7805570918808397
0.47424987595376533	-0.8595093704987984	-0.19060613102048296
0.7520314190421268	0.28292899399240806	0.5953149831240003
0.7567849512709917	0.11139784049354104	0.6441017455830549
0.2143790234171649	0.8885720561812687	-0.40556298560457277
-0.6175096532431419	0.445005867497461	0.6485765999821198
-0.6543655648875861	-0.04954769868468978	0.7545533334658336
0.5141187159451579	-0.7608888367671662	0.395891555855907
0.5545156926582444	0.6469877924954688	0.5233728527136152
-0.576919915838118	0.3717159199882314	0.7273174585671939
0.5484448113019427	0.8361513314936011	0.0076967394040954595
-0.6052864608309981	0.40333388856973174	-0.686258023389092
0.5882671467855317	0.07969193734395605	0.8047303642433139
0.5407786578290602	-0.7786549757321148	-0.31820570705790274
0.6012488729714258	0.6223709696716152	-0.5011528398209508
0.9061864442766384	0.3969559808996538	0.14578092274799434
0.41301857435229494	-0.9048121793417674	-0.1035885001088445
0.09078427974743628	0.1540807234627226	-0.9838787248477041
0.6669113349659529	0.32038953496888245	0.6727405273776463
0.7425830582062612	-0.21108405175806078	-0.6356208970435419
-0.061641487319556154	0.9234684991789507	-0.3786901874424653
0.22688351460780243	-0.203939049275895	0.9523301607004029
0.7921159682537393	0.6075502555681128	-0.058608700689930016
-0.5666358298207519	0.7676532753395668	0.2993865147660846
-0.2588512542877015	-0.21625418650479428	0.9413979790571221
0.35642651128841746	0.8844503801396134	0.3011771357883282
-0.8977506169334843	0.4134992767708828	-0.15186236500695482
-0.19191142371532588	0.06599483127681693	0.9791908331333076
0.1208929538442845	-0.9885480882682307	0.09031927198571861
0.9739378312594497	0.13571057227044245	0.18173536093911025
0.5566027773645531	-0.38498645817545496	0.7361920776886861
0.8203575066764615	0.11477921042393668	-0.5602136146989265
0.13117510994714388	0.9157571511465123	0.37971295823869167
0.19822317392045952	0.3176957330903184	0.9272416052448813
0.8898642211200279	0.33826781470074785	-0.30613159508294235
-0.4109126930277833	0.8858015052559944	-0.21565354621445243
-0.48481132028199836	-0.13765333332247134	0.8637184399742995
0.5910442120368528	-0.7794861952884591	0.20752833727579822
0.6446896331911666	0.6111078719669173	0.45926293740721624
0.16123371351945603	0.48489040255937077	0.8595841943233584
0.7816503043029819	0.46899613255904926	-0.41117566735850297
-0.602516797614624	0.7381896268239387	-0.303396742635369
0.2215681241335944	0.35361942477589803	0.9087688753412955
0.5328327273890284	0.7366042340088055	-0.41653749778797855
-0.8166987516771955	0.5765132304305461	-0.02521198420288684
0.25409559422153805	0.26499235003111793	0.9301690617421056
0.7796150259794998	-0.625289639927991	-0.034832132660905346
0.5723948289984696	0.7340244686818748	-0.36547536047195317
0.9429696577681973	0.28573692321425853	0.17077070955107523
0.3285480675825256	-0.8813790910926678	-0.33945112324523424
0.053520013231659336	0.3761984961382912	-0.9249920538507188
0.7285956327913545	0.017517518856981773	0.684720045281618
0.6090362742536379	-0.4739832927008383	-0.6359360462214101
0.3134058399593302	0.8803595712966192	-0.35601096149672107
0.6023490237927906	0.019619488146230435	0.7979916849320876
0.38513536981914603	-0.8827827756154791	-0.2690080258856616
0.6991755147673164	0.46937154447357704	-0.5392995019359348
-0.753042537395249	-0.2002053222959961	0.6267732969724232
0.5213396345691255	0.3995958036702474	0.7540080762939213
-0.40141240925095467	0.894561916590174	-0.1965376683637483
-0.7905684381195834	-0.35448417281030753	0.49934208302140354
0.3822161464329561	-0.9227240289573413	-0.049911760043827386
0.4784478676461034	0.15139794454259803	0.8649660688912445
0.027877668881291173	-0.9063014223637484	0.42171147411374915
0.966917152981452	-0.0825647624455037	-0.24135923283056857
0.25356272369571237	0.4144885907039707	0.8740166779462781
-0.6161640855813726	-0.5710296289696198	0.542463807528659
0.6491244608364676	0.02189794698863623	0.7603669602642191
-0.4460709069009511	0.8206373393628281	0.3571765715441898
0.9956855767862501	-0.006060133384928536	0.09259323389529767
0.09081656101744962	-0.14112766268840482	-0.9858170900674587
0.019041649739355022	0.9899728570054155	-0.13996841775107338
-0.43286233787363715	0.8764575769589044	0.21083716997221985
0.9009304295384809	0.41259346969973765	0.1345027505025072
0.030895915299224044	0.2481707971386996	-0.9682234751674661
0.11411821304228109	0.004690983512910973	0.9934561027673633
0.9871212711659945	0.11231044624126785	-0.1139208482970443
-0.11210989904405155	0.9936620946472542	0.00818609782275137
0.381908669677246	0.361462130841656	0.8505826802802687
0.8407471635123026	0.2463027356027736	-0.48216093732342946
-0.38378376082290666	0.8992664179218526	-0.20983311113031333
0.44213754870495436	0.2006732488686374	0.8742108642734201
0.45423591381076805	0.7903316501913183	-0.411151574617396
-0.7734236372323195	0.5788835201440559	0.2582823019023097
-0.4362737745609997	-0.19020942777157968	0.8794802824493031
0.8872627116208384	-0.2536171162100991	0.3852833229358752
0.14976673261287016	0.9484190697956685	0.27941222924271547
-0.7771655565662376	-0.6127174021902472	0.14349593283548387
0.6223454951084108	-0.7821307756138551	0.030944055260054754
0.0932726240938784	0.1133527012951393	0.9891670145651527
-0.6253363216789727	-0.7265174664827991	0.28482776494651507
0.7318770871850919	-0.6726683822628132	-0.10896410765658293
0.27075895930232474	0.14031970068149632	0.9523654590324963
0.020605995388035647	-0.7243614652911574	0.6891123715006978
0.8377482023997511	-0.36367645972946416	-0.40732957419591964
0.5456677948441285	0.5856960818034308	0.5993385999833942
0.9926973629796922	-0.07954653561548777	0.09068789447737284
0.10666608011419268	0.2277029274438921	-0.9678707166696151
0.05634086337852663	0.9704760303609027	0.23452501275707605
-0.7533624437774828	-0.03377259892243864	0.656737725326971
0.10668621130154168	0.9791731904734644	0.17273654904547386
-0.6488937360028547	0.2001980884525142	-0.7340692370316422
0.7147561513883576	0.35889323077308	0.600266018493271
0.5835206451438286	-0.7791510653635876	-0.22897002867999292
0.38552211446742357	0.5139253508517044	-0.7663246263878771
0.04125459750027338	0.8657967657565839	0.49869230853355745
0.9077043088559786	0.1761209509292786	-0.3808599458174311
-0.41757747289500696	0.46837738101791926	-0.7786216559288688
-0.3763109351329381	0.8427092929142744	0.385007958015542
0.9161285655455192	0.40043620383756573	0.01895515886688634
-0.13819743662920503	0.35984982185917935	-0.9227185780166312
-0.9741720894914274	0.13046071189666417	0.18430611142152187
0.22276086508751372	0.42162743518291623	0.8789811732264453
0.03696399655569407	0.8973351149668062	-0.4397992205610868
0.6024803104898114	-0.7274971985079508	0.328276258104639
0.7917284366769652	0.492748172839801	-0.36106138082061107
0.10091361666865908	0.4774380214500316	0.8728512918273823
-0.6463708109505379	-0.19126155239879028	0.7386635183391345
0.3738277821270717	0.7645516054987771	0.5250844044905513
-0.6651748372128178	0.6155321771469361	-0.42268495932035965
-0.8126905856687627	0.41567010039968505	0.4083532534449545
0.45611194567157326	0.0176747235717174	0.8897468725218175
0.3626236409571986	0.909343703876801	-0.20395617970183122
-0.9760801846844995	-0.12716273305411635	0.1763437336240786
0.18652957595796005	-0.07313227913006104	0.9797236278880825
-0.1116879150097094	0.9891821415045108	0.09510257919390841
-0.6161952895097234	0.47811206703874237	0.6258691688667608
0.6381015942498953	0.7688656811687117	0.04088911513734386
-0.4616597454855369	0.4245637945855889	-0.7788554832093793
0.9394356691026632	-0.33655141210446443	0.06475932850271453
0.34272347087018656	0.9218922683227786	-0.18070768694600253
0.0011163029713811834	0.19195778863378543	0.981402548015086
0.9978698978051432	0.015155008435073378	0.06345071137257538
0.05258348651644093	0.3887883748520776	-0.9198252967415365
-0.038608859088663676	0.921202434483981	0.3871633126997681
-0.8414071690264455	0.4051130869166375	0.35765536864385905
0.5318786799663974	0.5037345056545075	0.6807030318796967
0.09559835619980336	0.7629776763588052	-0.6393168382500285
-0.34425532164759653	0.4075514436013814	0.8458073624270126
0.7541390112741595	-0.4165821744346707	0.5076747419536594
0.5592518441558711	0.8126260596127295	-0.1639398122682394
0.40143519360594004	0.24100252182378049	0.8836105306124072
0.3949174154949465	0.8249195817611145	-0.40441058166900107
-0.8263715993869546	0.5112978272021564	0.2359756589671922
0.21595186866995797	0.384409318072155	0.8975490329766134
0.9431445880823099	-0.32000292078783454	-0.08986888593002906
0.2526718749465459	0.8659258668422809	-0.4316587966721417
0.04445245743021253	-0.5931234235313989	0.8038834389927483
0.9987115078412607	0.04610252521601654	-0.02121040485567749
-0.024480668574414832	0.8037904961039904	0.5944085591906045
-0.9985012642634721	0.014004211124396544	0.05290659065779482
0.05263956667731617	-0.018794882094184118	0.9984366922479814
0.014976691366003377	0.9997252795032489	0.018029537927479744
-0.6339587248883303	-0.12562492165493594	0.7630954817040615
0.3112062518703496	0.8618639331646278	0.40042630970854864
-0.7079879970273303	0.491333837394891	-0.5072908990865497
-0.8131147410393798	-0.0318972508236946	0.5812288562127258
0.5778850806496465	-0.16422313455489213	0.7994245403035346
0.06995177958432985	0.9859073625178262	0.15196519689102872
-0.9492613999029826	-0.040063878302578834	0.3119257608944578
0.21088749278318036	0.6547059233778234	0.7258695607901022
-0.23330079305877716	0.7548211970720933	-0.6130380905040063
-0.5927119539522001	0.19280162578041993	0.7819974889592622
0.5214464083831825	-0.648109976439923	0.5550199110152005
0.6138291153297013	0.7367367179226707	0.28360681521798325
0.28584285054700886	-0.10212028644438653	0.9528196638859197
0.7559042464993018	-0.5871005302513128	-0.28969248782623025
0.5889844097389025	0.8030469565817083	-0.09062533094765901
-0.2076158134675914	0.24037195287108498	0.9482178010726918
0.8285056248948781	0.5585639257649564	0.039809174213835896
-0.5200712484994121	0.7938687959020565	-0.31511621884200336
0.9534626603135462	0.14785566023089972	0.262769212666743
0.185908417038702	0.3978320903695952	-0.8984251156030325
-0.23737526379549181	0.9054658091887529	0.3518304314981546
0.9961799000588387	-0.05270003105663258	0.06962983157664628
0.06085947376546359	0.9908094924868213	-0.12080014093948085
-0.06262372690724351	0.12457630723631821	0.9902317973604006
0.8949154567573586	0.16440686850514338	0.4148454011377017
0.3721056871427628	-0.7880646521458852	-0.4903992879625715
0.2462999854908247	0.5932322358288676	-0.76642796890556
0.8320247238728786	-0.5536868803345253	0.034142311135616284
0.5544723242993755	0.8319553855513429	-0.0202651927739344
-0.01718430825806805	0.03579210803428103	0.9992115014110646
