-0.1888679932279007	-0.8583968272479404	0.4769525847552727
0.69053406151428	0.22923633615520367	0.6860126908991782
-0.6982059803687295	0.458917845759792	0.549456840725942
0.7883874315784062	0.19300640394671859	-0.584117955352136
0.28262214659329604	0.7297390472106667	0.6225798304081701
0.5464155744341493	-0.6559187838533246	0.5207692089632164
0.954510371301694	-0.15930020238805004	0.2520583198321936
0.049932581970240024	0.9187869281338455	0.39158309201005725
-0.2939671551981401	-0.3611841998336832	0.884945922333797
-0.6103227273568987	0.7577385158390985	-0.23095131540131253
0.26365813737606214	-0.08061293000547964	-0.9612418749260339
-0.7469876538919648	-0.6475599563977776	-0.15058402240306323
0.540006446325271	-0.7510764175095599	0.3798384564366246
0.5645340870235016	0.6579444074236609	0.4984078865030821
-0.6242549979901593	-0.05471171539015238	0.779302460976079
0.9382560394937924	-0.14035339917653353	0.3161906508627599
0.14035339917653353	-0.6809554084495943	-0.7187493687251754
0.3161906508627599	0.7187493687251754	-0.6192114479433868
0.9559379724753323	-0.04743036032911143	0.28971184597596544
0.04743036032911143	-0.9489438138158777	-0.31185894109296763
0.28971184597596544	0.31185894109296763	-0.90488178629121
-0.9948392034422302	0.08363706474781989	0.0574438917100656
-0.09436869672297253	-0.554708676821323	-0.8266757725601643
-0.037276109953110634	-0.8278303722741187	0.5597386589894052
0.9681089243710936	0.25046403426193525	-0.005733942298291095
-0.25046403426193525	0.967077974689035	-0.045032859253997894
-0.005733942298291095	0.045032859253997894	0.9989690503179413
-0.6048922967130186	0.3341886391663113	-0.7227885325801858
-0.3341886391663113	-0.9304115006492539	-0.15050711913983353
-0.7227885325801858	0.15050711913983353	0.6744807960637647
0.9547937412102843	0.230740175728436	-0.18742433953592916
-0.230740175728436	0.17773578527806932	-0.9566446372276376
-0.18742433953592916	0.9566446372276376	0.22294204406778506
0.2346678885043253	0.6356475217340779	0.7354476257479158
-0.33994263686883086	0.762466520878891	-0.5505304788815111
-0.9106975270327616	-0.12081818013926837	0.39501010316730834
-0.49212284552433405	0.7679654569481209	0.40993189903628696
0.8307878587976172	0.27367481444058295	0.4846582606490713
0.2600127662010138	0.5790778469906932	-0.7726980060393065
-0.8136919944866243	0.5766171067056169	0.07360740698341786
-0.5591269197666038	-0.8109962247652445	0.17222720751620732
0.15900448327229413	0.09898401725007924	0.9823032824073972
-0.009271439994229747	0.5263573953432844	-0.8502128749718313
0.48324164445182494	0.7467310435496721	0.45702326162539453
0.8754379209675175	-0.4066210040893745	-0.26128108535716743
0.68342952859421	-0.7203659151532276	0.118309034866103
0.7235392020275562	0.6468700828906965	-0.24093592299678065
0.09703145147230913	0.25026394895477116	0.9633030952295029
-0.1335132290869796	-0.9387465751813336	0.31769338243672
-0.9684702317647674	0.19162022385377708	0.15920772592976057
-0.21033218451835903	-0.286420246134146	-0.9347319480793357
0.03895410979566072	0.934769652252818	0.35311226905500326
0.859135975157428	-0.2117851844807057	0.4658673757892563
0.5102626319066706	0.28522400470791154	-0.8113441400651502
0.9449293047585416	0.06559766792768504	-0.3206330534598518
0.017631918539281862	-0.9884877342076677	-0.1502701393145502
-0.3267992112248179	0.13634128238886178	-0.9352076401844653
0.8311015726177018	0.15322458350368404	0.5345955508629916
-0.5417722844653226	0.006125924921214554	0.8405029832362793
0.12551082733218077	-0.9881724040135821	0.0881040984767979
0.1451647106402546	-0.6957225074507161	-0.7034894451313534
0.9875896811539349	0.058807041851238195	0.1456308810210799
-0.05994854846449871	-0.7158993815161423	0.695625076518813
-0.20528960803853313	0.9011396155230373	-0.3818423367914792
-0.9011396155230373	-0.3262593477541651	-0.28548595646374403
-0.3818423367914792	0.28548595646374403	0.879030260284368
-0.23316760330628972	0.8953786617682407	0.3793809705540265
-0.18075662346956273	-0.4232420943660382	0.8878024400893098
0.9554893572616512	0.13843114391914868	0.26053196838958637
0.12638511549725817	0.7769205132379078	-0.6167830402101624
0.6357708712135093	-0.5407200927056892	-0.5508331695357196
-0.7614605714658904	-0.32251557707263906	-0.5622824029332083
-0.048905426454121326	0.7442145561618929	-0.666147846697786
-0.7442145561618929	-0.47196830940652124	-0.4726421577818749
-0.666147846697786	0.4726421577818749	0.5769371170476001
0.9333697407255515	0.12565019456524396	0.33620374135876774
0.07715130302265337	0.8445837063273987	-0.5298358608552096
-0.3505261809620268	0.5204713168004464	0.7786147987600709
0.5616544027198818	-0.706850313847001	0.4300080995978667
0.706850313847001	0.1398252184709824	-0.6934057557404164
0.4300080995978667	0.6934057557404164	0.5781708157511005
0.922003402791096	-0.15809785329695847	0.35343287060562617
-0.05486015979189758	0.850280812207978	0.5234624181911713
-0.3832754728772079	-0.5020235145626495	0.7752885286891056
-0.9657299423929651	-0.21595292347696635	-0.1439792110251749
0.1964352742896117	-0.970703846457398	0.1383734999469808
-0.16964333579732904	0.10534883632277862	0.9798585414767741
0.17263638351570887	-0.10486258521583096	0.9793878278335245
0.275968778542098	-0.9493439468884239	-0.1502907308395666
0.9455357805797723	0.29622611081429195	-0.13495250614656684
-0.35241995921352887	-0.23750925787344263	0.9052013724980431
0.8575749456295176	-0.46919222287469253	0.21076970992634264
0.37465368672477306	0.8505574703794632	0.3690346929561288
0.61626053038593	0.5332999437944732	-0.5794947183859951
0.19561684175515476	-0.8164221620655254	-0.5433128974265111
-0.7628610685506181	0.22146336770911682	-0.6074512053266046
-0.36834608049270723	0.09392734261238195	0.9249317916989536
0.7893959530869856	0.5571326715297424	0.2577929703541619
-0.4910959114425103	0.8250944434571768	-0.27936350001484067
0.7318072521675917	-0.3091844314241861	-0.6073410352016579
0.48837136110725804	-0.3836623821490057	0.783770751032465
-0.47534362236719135	-0.8701770876601227	-0.12977009203273293
-0.9910616304127937	0.02711384364090061	0.1306203820487138
-0.13308169806625714	-0.26904634142310724	-0.9538885300739508
0.00927935145022131	-0.962745504092259	0.2702498621402156
0.7091230849075306	0.6306724573188859	0.3152724251034099
0.28491506063932426	-0.6653151108250497	0.6900573972712284
0.6449557028758777	-0.39950976819999007	-0.6514783852444168
-0.5027196128344853	0.39668858617434577	0.7680567403978331
-0.8514866134667786	-0.07394364629639139	-0.5191366720424127
-0.1491426765162231	-0.9149702196090281	0.37494794208020965
0.3741424314495594	0.8755682325616929	-0.3056103910501167
-0.42598533080939505	-0.13045936385604873	-0.895274735663576
-0.8237438551662903	0.46514580994680443	0.3241688395955251
0.7226364525877251	0.6694699124402569	0.17206566690848935
0.564056592817375	-0.7150099277808677	0.4130386946450082
0.39954563880823746	-0.20142204326248148	-0.8943111555813694
0.6088646267622406	-0.7928899555749288	0.0246857170457849
-0.7337549575956966	-0.5510825289982604	0.3973810620004655
-0.3014755852161406	-0.26006453926144546	-0.9173215940646531
0.494304064714558	-0.8439558740516286	0.20833140488274368
-0.7866161374996559	-0.332252505570245	0.5204260992373625
-0.36999803219988703	-0.42112558126531097	-0.8281030738816066
0.6330292573802861	-0.6882009344521525	-0.35447628005234366
0.052376662831879806	-0.4187787458976411	0.906576553400205
-0.7723539632132143	-0.5924557669595119	-0.22905353021784625
0.4993435785302577	-0.8556159539071323	0.13629867937799128
0.8556159539071323	0.4622376328087421	-0.23293284490375882
0.13629867937799128	0.23293284490375882	0.9628940542784845
0.8832327910585975	0.454905858541075	0.1138441771187585
0.34737241333995506	-0.47161364260129957	-0.8105016832571718
-0.315011497011165	0.7554079904113676	-0.574566379779955
-0.24302904695133343	0.7866849559821159	0.5675065306843109
0.6295900512359776	0.5729975673192875	-0.5246810033066356
-0.7379385135108517	0.22978374154320605	-0.634544074434392
0.09575464359260188	-0.009019511038101335	0.995364102552974
0.876018004326061	-0.474075870705722	-0.08856932263033895
0.4726769555701222	0.8804377986179632	-0.03749371197568441
-0.006447565457901261	-0.7317531845485803	-0.6815392180958318
0.9648730629801376	0.17445264026197171	-0.19643382763911793
0.2626373949668892	-0.6588653528670625	0.7049241417034655
0.09974715903793907	-0.5361187968671624	-0.8382285725919669
0.9942097699830639	0.01986202075879695	0.10560508227164317
-0.03996795634109257	-0.8439088432864557	0.5349957258603409
-0.40977379810278225	0.30635602010998114	0.8592039474599688
0.5437091838212947	0.8383385026060455	-0.0396090706358386
-0.7324382279870442	0.45092631769572533	-0.5100977339614163
-0.06352345964107631	-0.9976548809835002	-0.025485457128063882
-0.9510617798142835	0.05277920773255462	0.3044599254542557
-0.3024008284573897	0.043578592002515654	-0.9521841446208616
0.9804267066557539	0.19612042117273715	-0.017327817957849705
-0.19612042117273715	0.9650867600305406	-0.17362121417840043
-0.017327817957849705	0.17362121417840043	0.9846600533747866
0.4698543118851991	-0.6718530827177406	0.572582186978913
0.8794072396098708	0.4125970042848859	-0.2375007767921724
-0.07668006601870891	0.6151236845527952	0.78469294643036
-0.6626161203011087	0.1285726648288457	-0.7378407327980179
-0.1285726648288457	-0.9900572778410228	-0.057058360060847156
-0.7378407327980179	0.057058360060847156	0.6725588424600859
0.07784877472458096	-0.2587528582008237	-0.9628013952247816
0.6645904617481907	-0.7063913385377385	0.24357913496888278
-0.7431413636901181	-0.6588309610300407	0.1169729813291297
-0.8865331936344769	0.44520412732063647	0.1259054470661458
-0.4625893713036852	-0.8480161785789939	-0.2586109712002602
-0.008364815665441373	-0.2875097318091181	0.9577411884083988
0.4927625974237	-0.8666228487085925	0.07842104740726624
-0.5534854318828633	-0.2426152000179762	0.7967381887506573
-0.6714453807076857	-0.4360076866483453	-0.5992148178323611
-0.5347463388395572	0.19252145951634234	-0.8227890621072856
-0.19252145951634234	-0.9758497469996719	-0.1032122032822368
-0.8227890621072856	0.1032122032822368	0.5588965918398854
-0.3523850357939571	-0.8996025025180148	-0.25795372455503873
0.9357454410720243	-0.34291446826089	-0.08240228740923311
-0.014326760325152427	-0.27041635475813275	0.9626368676805961
0.6444420761845063	0.4603586430535668	-0.6105442901288011
-0.4603586430535668	-0.4039506194661655	-0.7905022560364897
-0.6105442901288011	0.7905022560364897	-0.048392695650671946
0.8931019106046997	-0.04127743756430478	0.4479566389979725
0.04127743756430478	-0.984061203885745	-0.17297317755959396
0.4479566389979725	0.17297317755959396	-0.8771631144904448
-0.41047646640699886	0.20690107278173459	-0.8880884058514624
-0.20690107278173459	-0.9696499339494262	-0.1302726052308818
-0.8880884058514624	0.1302726052308818	0.44082653245757253
-0.5710079487210977	0.8037455034131603	0.16716186239824446
-0.5610734808731842	-0.5307220102432848	0.6352406606194028
0.599288304206058	0.2689373785594929	0.7540067737463472
0.5778756393859248	0.171879164877864	0.7978203419850842
-0.35718835861035914	-0.82570731360719	0.4366049801924342
0.7338093906986651	-0.5372755205073896	-0.4157629050143459
-0.45548271850285205	-0.44927131422997285	0.7685641023072343
0.44927131422997285	-0.8613211196368242	-0.23723662254728026
0.7685641023072343	0.23723662254728026	0.5941615988660277
0.7587026853633616	0.11398182649545074	0.6413878533704742
0.21137417601222852	0.8882292567700559	-0.4078844752290354
-0.6161908737863417	0.44503587568473074	0.6498091076738995
-0.6577014817839728	0.5139824450696369	-0.5506821288360508
-0.050771313181481065	-0.7596317501647052	-0.6483686280963441
-0.7515657220875598	-0.398474152614627	0.5257064913818927
-0.574946954817587	-0.37955654030146796	0.7248260700749967
-0.5571346268840667	0.8303918818130341	-0.0070943742331367465
-0.5991969681771894	-0.4079045909687559	-0.688895375215915
0.5901988516962016	0.5394661713594711	-0.6005343998600238
0.07176842076297876	-0.7760379215718705	-0.6265895291684975
-0.8040613218142464	0.32671301510831363	-0.49673332535794446
0.9073780360054077	0.4110632867852792	0.08770446985332257
0.3953268292589866	-0.9055211720552168	0.15410420184986
0.14276483405588763	-0.10515883803575249	-0.9841543684503793
0.6669221530942947	0.7428137118338577	-0.058673939902452676
0.3190716938610646	-0.2135377572488555	0.9233606448218159
0.6733558464056737	-0.6345308627172797	-0.37942389008938715
0.22524729455365922	-0.20420351137865328	-0.9526618404433367
0.7937729057082299	0.6054519665230532	0.05790069426942501
0.5649674596468108	-0.7692391319830238	0.29846763202436744
0.7402648934115975	0.6702405285011793	-0.05277804028927175
-0.6702405285011793	0.7295404227254296	-0.13619253123450326
-0.05277804028927175	0.13619253123450326	0.9892755293138322
0.37404259667060447	-0.34029339961783356	-0.86272390603973
0.6791143989746417	0.7340160177998398	0.004911081202408463
0.631581957453839	-0.5877251804966355	0.5056514048521712
0.5575642828873041	-0.8194276378368229	-0.13289250090780452
0.37938303475488	0.1091388859814344	0.9187802873956911
-0.738370221087324	-0.5626962323633381	0.37172888870191445
0.20411031924881362	0.8875711342568606	-0.41298481716660884
0.32312337361451576	0.33714023583752817	0.8842667848581613
0.9240834718790947	-0.31393302313296995	-0.21798117805552097
-0.44541340180077915	-0.38863686728646196	0.8065781343937009
0.38863686728646196	-0.8955049023164845	-0.21686944301332256
0.8065781343937009	0.21686944301332256	0.5499084994842947
0.15859483984656042	0.485154074734382	-0.859926276225276
0.7835909887247084	0.4680325551923148	0.4085715233219108
0.600693631698787	-0.7386278163248244	-0.3059348129712338
0.21513069814025954	0.5331613082403217	-0.8182040100813205
0.35199193536266304	0.739175387930181	0.5742137435815284
0.9109448172953901	-0.4115322165684421	-0.02864916349448321
0.24779443225904485	0.2691253935299386	-0.9306822453978443
0.7853885663207699	-0.6182596744456645	0.030327790010922118
-0.5672413236304485	-0.7384622519206359	-0.364569312002917
0.9435537748203503	0.32736435489822485	-0.0503870336925751
0.2849110517145496	-0.8797680826609904	-0.38057037896020485
-0.16891408062437194	0.3447327948905845	-0.9233782180091479
0.7317280113331144	0.6056956327612442	0.31258105810244124
0.01260291058908608	-0.47054595772297314	0.8822854800546438
0.681480215468629	-0.6416535686213596	-0.35194518578935674
0.6022767215994403	0.01590117002515501	0.7981290017354722
0.3789133166432435	-0.8856901850176877	-0.2682864041164806
0.702628955487779	0.46400436307772536	-0.5394557460579943
-0.7520228962956113	0.5232436811546862	-0.4008461220703695
-0.19967778702429306	0.3987136419077436	0.8950733004205549
0.6281642657905985	0.7531556823714185	-0.19536164745262008
-0.788899252401426	-0.3843584507728047	-0.47948571499055204
0.3543024039536605	-0.9220020792578165	0.1561472779042927
-0.5021033520233943	-0.0466984706793781	0.863545874127761
0.025364239186591475	-0.9671296906663571	-0.25301544775385115
0.9043870154783316	-0.08564414661382047	0.41803015009085925
-0.4259586618495758	-0.2394269023781304	0.8724872359025844
-0.6190532905364132	0.5677072017472856	0.5426615488131676
-0.6538447719305546	0.01020109395890123	-0.7565599460063444
-0.4350402713486652	-0.8231673406825057	0.3648773650674585
0.9965286516361391	-0.0546850404844275	0.06277095519007958
0.0546850404844275	-0.1385325414423506	-0.9888469453402483
0.06277095519007958	0.9888469453402483	-0.13506119307848974
0.908017600524068	-0.040866274033265135	0.41693402929618506
0.040866274033265135	-0.9818437835621052	-0.18523696263728784
0.41693402929618506	0.18523696263728784	-0.8898613840861733
0.481374520205491	-0.6483407168815528	0.5898583610753071
0.6483407168815528	-0.18950051329326079	-0.7373899038467402
0.5898583610753071	0.7373899038467402	0.32912496650124823
0.3836742897149733	-0.36352333666489933	0.8489080180512663
-0.8383669123048523	0.2483348964566382	0.48525323239964
-0.3872143589333161	-0.8978755831972985	-0.20948622230106673
0.43935828917795294	0.20507569387122032	-0.8745903346789627
0.45478341576141407	0.7888266784960559	0.4134301827893809
0.774684670352398	-0.5793931576020876	0.2533125153735585
-0.4476447167663118	0.2083755762825329	0.8695940586044335
-0.8802068775081765	-0.27411480214541095	-0.3874234479637085
0.15763901908637545	-0.9388507306562128	0.30611965831645116
-0.7765045927039267	0.6234811632377496	0.0911693841013083
-0.6140931561390589	-0.781218258562655	0.11219459911913116
0.14117440664964276	0.031133126666554704	0.9894950810039864
-0.6218863492916449	-0.7303129283703893	-0.28266657959471736
0.7355868541098898	-0.668592435366747	0.10906940648540087
-0.268643534493994	-0.1400970450274685	0.9529970982899926
0.016575098848813585	-0.7228139183420574	0.6908439082377102
0.8376831000193505	-0.36719999922164437	-0.40429096516444124
0.5459050192479669	0.5854094293933316	0.5994026275695252
0.9927748995629323	0.10314328405588258	0.06131444978124766
-0.08391331882115857	0.231532124406158	0.9692014394811793
0.08577035456513059	-0.967343960710015	0.23851437683215848
-0.7488084414175054	0.1002963402505408	-0.6551538462027329
-0.04180478102019498	0.9793686122468923	0.19771060070074614
0.6614667628428053	0.17543592983748824	-0.7291666175685199
0.721857359331112	-0.5723562930319006	-0.38901185921035225
-0.3467403012233634	-0.7856022302655037	0.5124454110531163
-0.5989099400469532	-0.23502640198209054	-0.7655517448770575
0.042126903537091254	0.9093315596183188	-0.413934099441557
0.8601871155027568	0.17774002102389708	0.47800273142469796
0.5082356248054872	-0.37619755396405863	-0.7747076545833504
-0.3813141794797408	0.8383835279180392	-0.38950296102006016
0.9136995545625728	0.4058517035967758	-0.020916947190040308
0.14054401630751862	-0.36386461053982344	-0.9207876653587701
-0.9744950566898487	0.22218533742212743	-0.03151285962371014
0.12392820583033957	0.41575438452140834	-0.9009939464562999
-0.18708603445132208	-0.8819194790828924	-0.4326856227417757
0.6002002008740568	0.7693675102260724	-0.21870837450650193
-0.7693675102260724	0.4805569364605896	-0.42087844448028855
-0.21870837450650193	0.42087844448028855	0.8803567355865328
0.17171073200932863	0.975309485373091	-0.1388770400537724
-0.975309485373091	0.14842559117817355	-0.16352752558724257
-0.1388770400537724	0.16352752558724257	0.9767148591688449
-0.8080909113933001	0.46664094672022965	-0.35949312339402806
0.417152735032805	0.02245110288036367	-0.9085590479622697
-0.4158998371942414	-0.8841618487717638	-0.2128030793910194
-0.9770515711610592	-0.14219443807472315	0.15859057056558823
0.16865616787282506	-0.06170137030589351	0.9837418553364639
-0.1300973648086638	0.9879138032657446	0.08426738981867621
-0.614944454792274	0.4722858798523061	0.6314977159201501
0.6341372013260363	0.7721846137612619	0.04001165036277318
-0.4687358823629951	0.42506113673506296	-0.774344692383748
0.9412479913141802	0.337136879837548	-0.01977228111330437
-0.33472010795494306	0.9235160510244809	-0.18729803210599894
-0.0448850551704246	0.18291207656563108	0.9821041207880133
0.9998400578913487	-0.014928535339197871	0.009848729281026414
0.014928535339197871	0.3933864524660695	-0.9192519990996958
0.009848729281026414	0.9192519990996958	0.39354639457472085
-0.8418702698459488	-0.403801378552778	0.35804873331487297
-0.530975576105079	0.5010716430252743	-0.6833682361185889
0.09653696871866482	-0.7654225337908651	-0.636245988934927
-0.09614005958170169	-0.23796762412933592	0.9665032326949899
0.23796762412933592	-0.9483381802911472	-0.20982398735205288
0.9665032326949899	0.20982398735205288	0.14780187929055444
0.40082081690957083	0.23884291627820536	-0.8844754004921034
0.3988785708775244	0.8236196264009769	0.4031706793677079
0.8247657597322091	-0.5143974847827675	0.23485457036752433
0.2123877169699422	-0.37855865006568956	0.9008800176165185
-0.944228839645994	-0.3169111808127911	0.08943825723158
0.25164132423168406	-0.8696324809574936	-0.4247540370645573
0.04558791517720073	-0.5782170011424581	-0.8146083976854273
0.9984132852704091	0.05335590599836959	0.01800164133189358
0.03305531402581652	-0.8141365038400601	0.5797319202267016
0.9713982414902899	-0.1189738948117048	0.20550101893398456
0.2207136341198832	0.771594238259139	-0.5965968682442888
-0.08758394911835618	0.6248900253953751	0.7757844468782554
-0.6360585918281325	-0.12626390486970934	0.7612403655145111
0.3092111470552298	0.8621459137006584	0.40136378763666003
-0.7069780295726328	0.4906748921804639	-0.5093331089623843
-0.8168852554244554	0.5740194644437768	0.05656972608914679
-0.04111404835011029	-0.15577209921782353	0.9869370233877828
0.575333046589874	0.8038884919843994	0.1508481950726016
-0.950168087947773	-0.038323860414205796	0.30937337695513845
0.21115491370674058	0.6509621903184615	0.7291514446212736
-0.22933426927341816	0.758142142674277	-0.6104312282625162
-0.5984425778615805	0.19395219019092175	-0.7773345669160294
0.5168337007023887	-0.6479084034594433	-0.5595512724897596
-0.6121677930279084	-0.7366120068575994	0.28749494696874234
0.2774344144131913	-0.10730615404677968	0.9547332271388163
0.7602154604365758	-0.583112312215865	-0.28644804948798736
0.5874543381509874	0.8052735067329337	-0.08019962557037963
0.6413627287322201	-0.6193598725969799	0.45282137583136867
0.6193598725969799	0.06962293803792496	-0.7820140629909544
0.45282137583136867	0.7820140629909544	0.42826020930570485
0.9579444930084152	-0.15898740108746015	0.23888355868561867
-0.1616135616647326	0.3889722851298987	0.9069628537524921
-0.2371147507028823	-0.9074268938577255	0.34691933832352173
0.996035260184029	-0.055445218142649286	0.06956714925342052
0.06344003973280167	0.9909201828315422	-0.11854346298216328
-0.062362824092837534	0.12248681170728956	0.9905088889701843
0.8982239364524967	-0.3664505393735278	-0.24270921320920624
-0.173114817591017	-0.8025040665816585	0.5709802825407636
-0.4040111631059349	-0.4708515958481524	-0.7842663799838918
0.8222435187619495	-0.5689008104498131	0.016354318191643184
0.5686195926936034	0.8223820934673995	0.018959196953925738
-0.024235400944241477	-0.006289691067382996	0.9996864934204867
