-0.1898386362045028	-0.6933221495817113	0.695173136062815
0.8570687613260893	0.2283777593970413	0.4618189443621275
-0.4789513864297471	0.6834822572036394	0.5508698335585649
0.7869576699162597	0.19516318930031878	0.5853280749307171
0.2826273856558849	0.7292599695146993	-0.6231385542082433
-0.5484700416953426	0.6558134082233664	0.5187382644042766
0.9561425634127458	-0.04689767355054761	0.2891228227692336
0.15487366048796705	0.9187714598986166	-0.36314343414527345
-0.24860721573912795	0.39199440390305434	0.8857397132290772
-0.6143731888377493	0.26097527084781214	0.7446055954955253
0.7535376012987887	-0.0857313486783371	0.6517907787646745
0.23393731695948522	0.9615310935480476	-0.14398363752209087
0.5440429731229718	-0.5658734834875002	0.6195195267957574
0.7476648121449029	0.6620485152477391	-0.05185645705783687
-0.380807788885475	0.49140509169521834	0.7832665343164927
0.23685708082166357	0.7787281328818504	0.5809313370123766
0.9534133761685214	-0.0713264973009704	-0.2931133994305222
-0.18681985281972024	0.6232936914818907	-0.7593440042242361
0.9471926319746486	0.08286342758318384	0.3097737404979709
0.17821480802862716	-0.9391344546451075	-0.29371067106551707
0.26658131992369116	0.3334068512607431	-0.9043087257127069
-0.9947490049718213	-0.0790802385716951	0.06496716843925829
0.09838358770511677	-0.563988058035648	0.8199012989765584
-0.028197283164176825	0.8219877044461321	0.5688067571342109
-0.9865279246280338	0.018650031990692085	0.16252639858143433
0.025798895617762083	0.9987850260492699	0.041986768447488984
-0.16154587866612044	0.04561412113047232	-0.9858104691265386
-0.8603810324405843	0.2768972590051784	0.427869591081083
0.5047790051052283	0.3471728095519735	0.7903601687286403
0.07030387629035731	0.895990484471352	-0.438472823234624
0.8884230495336077	-0.009407652301397146	0.4589291678849589
0.4504348276732075	0.21038890055061	-0.8676663970352392
-0.08839089928500926	0.9775725070823553	0.19115188285838514
0.23653140237282455	-0.3416513900414735	0.9095752983531786
0.6311406215975699	0.7657718828461678	0.12351088701676546
-0.7387248550448118	0.5448557158780332	0.3967591680277318
-0.49691110193640475	0.7673522340716256	0.4052775661662422
0.8264508977590209	0.27601283988382386	0.4907095126575138
0.2646852288391931	0.5787810130650033	-0.7713327871611528
-0.8125510818435766	-0.5616266199949204	0.15600089457408445
0.5782131241495904	-0.8104631567330873	0.09390982184739693
0.07369072164121936	0.16650829195965217	0.9832825973506678
-0.004599927068668519	0.48260450330969307	0.8758263150055309
0.519804716761072	0.7493643312630406	-0.4101903892872646
-0.8542727299310827	0.4533718037283532	-0.25430711842218434
0.6786633957645721	-0.718022713565002	0.15446481170173007
0.7319178985700426	0.6437504370882179	-0.22334181091220062
0.06092770307596185	0.26462947219363064	0.9624235332972734
-0.13567282976698025	0.9383013436221402	0.3180934954064702
0.9656355568521323	0.19706893528156721	-0.16944558445076616
-0.22167736602073793	0.28417322763391273	-0.9327940405524853
0.03729504519437277	0.8629420833195319	0.5039246376593384
0.9293863271945234	-0.21526121774245066	0.29983939527672365
0.367219463574337	0.4571581443791447	-0.8100347502422305
0.9442476740063444	0.018604528572341034	0.328709905007758
0.06783019543150456	-0.9879764770531507	-0.13893000171801925
0.32217292673552234	0.15348078806888463	-0.9341564392393928
0.8182727504819524	-0.15422230142620572	0.5537555305019581
0.558769095201895	-0.012726748511151076	-0.8292256195509093
0.13493259082206993	0.9879542052216481	0.0757607043189632
0.14810337219330372	-0.7005520081164568	0.6980632314260448
0.987811059228603	0.07059865653761677	-0.13872685738799517
0.04790305220585911	0.7101004954364443	0.7024689202877799
-0.44632361324429404	-0.40173370343242076	0.7996282034714816
0.8505743245221716	0.08720780513507675	0.5185731550969194
-0.2780621346465729	0.911594663350984	0.3027814707438302
-0.22758852277955777	-0.17806157304369835	0.9573387804242668
0.8978956336878154	-0.4188165060788578	0.13555871510255196
0.3768114851001431	0.8904419186230521	0.2551985388977036
0.1244480190580235	0.6354279848528656	0.7620655920708926
0.7746118257045066	-0.5421870719618045	0.3255913058977713
0.62007193939999	0.5497858265391274	-0.5596841385151303
-0.11850816400920627	-0.44749127219760876	0.8864013630236205
0.9257157814742583	-0.3726987268494426	-0.06438905911960252
0.359174201457552	0.8129251012927143	0.45841757459281585
0.9348793341102641	0.063802570273972	0.34918456821569877
0.13516128639308744	0.845624821245551	-0.5163817273626127
-0.3282256195273533	0.529950840852116	0.7819335323197365
-0.0701846696048265	0.019230979287452432	0.997348625901749
0.8722897673596671	0.48621563128125667	0.052008861335227585
-0.4839263104152111	0.8736272256136566	-0.05089986988692763
0.9195596918542202	0.048639496812178565	0.3899284196706234
0.1664645314522018	0.8506516523410954	-0.4986795826357472
-0.35594877845747785	0.5234748950228866	0.7741282202551507
-0.9630911179065678	-0.20440804083885233	0.1751366650644574
0.22298065980363557	-0.9703083346033061	0.09370891714716541
0.15078170964348825	0.1293023149049585	0.9800743785025735
0.17334346916367627	-0.1010680064253302	0.9796618292939206
0.28323642106994806	-0.9475812175460312	-0.14787483198119952
0.9432545634545261	0.3031090467656654	-0.13563087513918415
-0.3503354864411006	-0.23597795817285244	0.9064101997421744
0.8595905195179281	-0.4653441330063468	0.21108997283497288
0.37198008776677216	0.8530939228087038	0.3658709788598731
0.6190224800205206	0.19609860534183776	0.7604975385970886
0.5326203838106691	-0.8164440950082552	-0.22301248053758452
0.5771712882486616	0.5431062296725542	-0.6098433629320261
-0.35878714831046055	0.09889532426461095	0.9281656625009597
0.7912043229278567	0.5598059267962268	0.24619716428929422
-0.4952448905213661	0.8227010630614351	-0.2790975801580251
0.7281031890708373	-0.3194010823440042	0.6065053129712511
0.4912915178728059	-0.37386299225916875	-0.7866759863407905
0.47801505261980093	0.8707522102277431	-0.11529179438446358
-0.990915666826909	-0.02310282427465507	0.13248547372265795
0.13381621811584252	-0.26748488516579116	0.9542248456087365
0.013392572798232076	0.9632850542380371	0.268146495922408
0.7031294364377008	0.2875736974976861	0.6503155880972797
0.6352019423029394	-0.6650647202471123	-0.39269251377789727
0.31957391650348255	0.6891953905752272	-0.6502939531477172
-0.5055134401092976	-0.39418177033213303	0.7675134486161714
0.8497341259377524	-0.07311373848608982	0.5221171290633847
-0.149693276688256	0.9161195954581546	0.3719096795351261
0.3743447155758276	-0.4312666787974099	0.8208989497371187
0.8738508605811027	-0.13211541198239396	-0.46789976637992514
0.3102429811971882	0.8924990586413939	0.327406052085338
0.7267080566096933	0.5594077276684299	0.3986958674019667
0.6654986381345163	-0.7172059265981474	-0.20670563972373088
0.17031430679677828	0.41554621051976437	-0.8934844060323583
0.6055248291721645	0.736217611938383	0.3021974671101091
0.7956649155203255	-0.5524066437437432	-0.24852412791881331
-0.01603195141130237	0.3909354522418219	-0.9202784625940281
0.49387323209162737	0.7891707131764594	0.36510110392592365
0.8445426167494585	-0.3354040447049855	-0.4174348994627944
-0.2069710103307869	0.5145033646732494	-0.8321353787831391
0.628546097245767	-0.048672694426193985	0.7762478808051002
0.6938942129232555	-0.41574992191806803	-0.587930968479069
0.35134118020626415	0.908175627972043	-0.22754428986211606
-0.18806468324194414	-0.3245787912899762	0.9269737230158389
0.5920198516037356	0.7156169626739962	0.3706816127626714
-0.7836735099671278	0.6184989660282242	0.05757481044536428
0.8868208795446133	0.3436473314190729	0.30895831306548194
0.4469801822691867	-0.468185665838877	-0.7622407093311221
-0.11729213214160243	0.8140692193613253	-0.5688003708034302
-0.24241338256850775	0.6286422224922418	0.7389483798288683
0.7839741086263895	0.5756103693741326	-0.23250225734911262
-0.5715070856561211	0.5229547387384397	-0.6323748827047593
0.09016979882680909	-0.019255225484777594	0.995740249096652
0.8747291618810256	-0.47647647052327846	-0.08842548497236191
0.4761494520992868	0.8789763417346391	-0.02612068024266212
-0.00967384178006081	-0.7370849720242892	0.675730834579248
0.9656461931851795	0.16860426344947332	0.1977372800804935
-0.2596802772106216	0.6544297871908134	0.7101322463212056
0.09741603088397432	-0.5324395520898347	0.8408437668777646
0.9946154919767002	0.02206830727868281	-0.10125716238271881
0.035357319564118916	0.8461803077265682	0.5317224339531021
-0.4007801164295681	0.30432960001185105	0.8641520658028474
0.5584455788198662	0.8288879979865206	-0.032912342524385074
-0.7263014758151374	0.4693912881067614	-0.5021533479707458
-0.07256123749512389	0.9506355422350906	0.3017066997144282
0.9971496379676014	0.06287586117228527	0.04170402358197234
0.020675258505240407	0.30387282195227555	-0.9524882370740877
0.46605691767919133	-0.06792625523794359	0.8821433972618745
0.23418416813397558	0.970958656786268	-0.04895980195225555
-0.8531991120944568	0.2294020720507031	0.46842925235308974
-0.7968811157728548	0.3521092811548314	0.49091704131068564
0.41766146174313057	-0.2660361211403761	0.8687828759955932
0.43650817941844006	0.8973537966561521	0.06493668398977559
-0.6978166932782177	0.10642136195984958	0.7083264475514548
0.3511436877263485	-0.8110896657980435	0.46779446833578303
0.624299586058003	0.5751591499352401	0.5286227190478839
0.07295621568458643	-0.2548529709837282	0.9642237052539988
0.67122227851993	-0.7025256535056601	-0.2364706302798673
0.737657131336434	0.6644604347492868	0.11980937877015818
-0.8859788505751445	-0.44594226597630726	0.12718872493056302
0.46369940779874197	-0.8490365584662332	0.25321884131105027
-0.00493310659139113	0.2833238743977134	0.9590115988118323
0.4962527832359688	0.5531221443156974	0.6691704331470119
0.8648351930791719	-0.2473744529684625	-0.4368820994619318
-0.07611349382511629	0.7955260985575261	-0.6011197572627065
-0.5900871934370888	0.1412312448171696	0.7948904576285538
0.4785586664346117	-0.7317717466433349	0.4852748845704752
0.6502143545953636	0.6667562120460181	0.36422170003471765
-0.35259433442744514	-0.897928693208503	0.26344125956754916
0.9357101587470343	-0.3416561623662959	0.08784967578047632
0.011123585180438322	0.2774799607719541	0.960667027238225
0.6475425847246937	-0.3831682098464342	0.6586886395947192
0.5252848903920809	-0.4017638001564008	-0.7501077474667673
0.5520546937522065	0.8317258994686693	-0.058886698491177114
0.7480068950350194	0.4807349857627798	0.4575801115036901
0.5589632861154027	-0.8280346510035934	-0.04380252860769522
0.35783477996854923	0.28853507620567964	-0.8880888356712087
-0.6747540629171598	0.4153997175200278	0.6100410062127517
0.6373937755896758	-0.08871046100058178	0.7654146777718611
0.37207005982250624	0.9053030038574628	-0.20491545034557856
-0.9045070244359634	0.09175840758051146	0.4164702118810998
0.18620931539904523	-0.7935868820583254	0.5792632833898282
0.38365757337060125	0.6014983418624148	0.7007186390643161
0.5777647806726901	-0.1772564187517539	0.7967233021730578
0.35017397258790617	-0.8279007808708638	-0.43813067223765506
0.7372693179132324	0.5321282355266614	-0.4162613287575967
-0.4589674171623621	-0.42589675237138547	0.7797184532270717
0.47456738269668874	-0.8594462345638889	-0.19009989262061044
0.7510890155392534	0.282779288869358	0.5965745255396138
0.7545665118530945	0.11046220247330474	0.6468597073667522
0.21620539978525655	0.8888457957076756	-0.4039905649349826
-0.6195842188867878	0.4446923130407537	0.6468107469955282
-0.656141201525144	-0.05051532527199154	0.7529454997367374
0.5138619710219549	-0.7606063543499948	0.3967667431373777
0.5526523304923013	0.6472450661342078	0.5250230718419457
-0.5759444370191278	0.3720749744867592	0.7279067377263364
0.5499704660250188	0.8351432016647785	0.008265543740544223
-0.6048309614817546	0.405087701706409	-0.6856263282279027
0.5885565449051509	0.08095915427570058	0.8043921983636306
0.5425169815490936	-0.7772331573900999	-0.3187223616006203
0.599396795270188	0.6239825593655478	-0.5013673777056589
0.9049493274195866	0.39997424005996285	0.1452147447447851
0.4159069958901198	-0.9035339201314658	-0.10318830331739161
0.08993378437769518	0.15377601393039594	-0.9840044979405254
0.6653437745972062	0.32194689926655773	0.6735487032556673
0.743833083437293	-0.2091708330972606	-0.6347912306936563
-0.0634823250118573	0.9233622022987766	-0.3786452664130926
0.22659688339225292	-0.20606614062052875	0.9519404383293517
0.7921485487433046	0.607658865427623	-0.057020873292946084
-0.5667049754155986	0.7669989888891473	0.3009285993092573
-0.2563696919682643	-0.2133119467316495	0.9427473651098959
0.36040265330329363	0.8839127023524855	0.29800715110861387
-0.8968748566729048	0.4161686533143507	-0.14973023564556565
-0.192387070806193	0.06942478727505656	0.978860262702714
0.12200686367511658	-0.9880625597752177	0.09405691461347059
0.973705058117074	0.13752300492011263	0.18162016109168133
0.5558121220813623	-0.3890203018632181	0.7346673326653794
0.820362097002058	0.11373431817572022	-0.5604199627703226
0.13445785492041257	0.9141814423884103	0.38235242335160735
0.1981979237509851	0.31670833511647717	0.927584720383291
0.8895360839534225	0.3393183036278159	-0.3059226114035231
-0.41163471472363505	0.8857533061134406	-0.21447130890517974
-0.48563936455749657	-0.13673756786703978	0.8633986594418582
0.5890060412457572	-0.7810052619376557	0.20761181132511547
0.6459305620329422	0.6093714945413025	0.45982615266240234
0.15992968166079535	0.48514502133037063	0.8596841310633987
0.7808141656899424	0.47065910381474696	-0.41086402453149656
-0.6039467986352736	0.7369629002023463	-0.303535744424855
0.22037880833529122	0.35423091007046487	0.9088199179085852
0.5322784452663567	0.7370990112795854	-0.41637087347158164
-0.8173816963582847	0.5755045698526712	-0.026108476346677234
0.2520391429948379	0.2663356024516734	0.9303448915671715
0.7803331658113777	-0.6245128673239297	-0.0326163897701337
0.5723254500135573	0.7341995814583038	-0.36523219169896715
0.9423620652818665	0.28838466803149976	0.16967033082438673
0.33061495998280677	-0.8805334302407231	-0.339638964878992
0.0514537282736852	0.3761584260293364	-0.9251255873522632
0.7276310223033461	0.02013992072084625	0.6856730117010188
0.6111023610787713	-0.47311293098830776	-0.634600708174521
0.31161996031342165	0.8807715584219385	-0.3565591987444032
0.6018469484207903	0.019831726208653533	0.7983651754129608
0.38755000867843314	-0.8813420388393829	-0.2702613574815802
0.6982730421904666	0.47206240393620114	-0.5381188022547123
-0.7533686252232621	-0.20011027603023804	0.626411679294308
0.5208057744921214	0.40002530024745464	0.7541492587131513
-0.401493536417306	0.894391210035651	-0.19714792321018737
-0.7919943782160694	-0.3523345118645215	0.49860334598088163
0.37937774986188916	-0.9238769900813442	-0.05023773589609211
0.47834864668343247	0.14937101106782735	0.8653732566174573
0.027360950779943605	-0.9057689900573404	0.42288759147428717
0.9661729884519482	-0.08456394491812125	-0.24363640041200083
0.2564393393343722	0.41524869159383404	0.8728157820361405
-0.6153239671290307	-0.5715590969270375	0.5428596634458495
0.6498066353165112	0.02206576075800848	0.7597792040460208
-0.44623732718725617	0.820264165328536	0.357825302211364
0.9957389976515816	-0.007257682917968328	0.09193027028398126
0.08996351261866613	-0.1425523154751287	-0.9856903183809763
0.02025870067735632	0.989760659650272	-0.1412919730753439
-0.4304793237476754	0.8773918835139443	0.21182784181876854
0.9020916436510966	0.41034177742513156	0.13360498551493807
0.030302116767761678	0.24860230981114592	-0.9681315371766153
0.1145918452099659	0.003004162749081052	0.9934081155383985
0.9872772142085486	0.11062406390629964	-0.11421916997361753
-0.110237975834022	0.9938577823265418	0.009710674177706324
0.3834576489225924	0.3638586169722131	0.8488622611106151
0.8401810220452646	0.24420253999981933	-0.4842116992108011
-0.3834789194698094	0.8988726418757581	-0.21206577283843453
0.44362866787552724	0.19853686707843354	0.8739432003566739
0.4549060827954339	0.7903080760791736	-0.41045535776713776
-0.7721748900830038	0.5796518414485679	0.2602876905091467
-0.43570966530727273	-0.1903011066902141	0.879740061808205
0.8874112825271234	-0.2542778919316584	0.3845048365344163
0.15052675244417774	0.9482237301751479	0.27966668434287534
-0.7769828413651743	-0.6128914435087987	0.14374193089631515
0.6226830259300162	-0.7818043763661766	0.03236921860860959
0.09253925352378116	0.11465598793082879	0.9890856843513948
-0.6274662434833962	-0.7246511922029725	0.28489781137742354
0.7299527261404107	-0.6747968789371435	-0.10871149790556923
0.27102607049695016	0.1397491388721262	0.952373375990468
0.019563959017276922	-0.7242662616736345	0.6892427973572658
0.8374393621409687	-0.36472410216810847	-0.4070278172737029
0.5461799760559681	0.5851621241151599	0.5993936288087622
0.992709114756001	-0.07974675611526574	0.09038289865593614
0.1064374087347342	0.22807203068040127	-0.9678089826216498
0.056565815668051925	0.9703729199181159	0.23489722175325434
-0.752774286330913	-0.035344112407552114	0.6573291926859078
0.10670035799677235	0.9788013137628793	0.17482282968600574
-0.649573635119488	0.20173939103254937	-0.7330452309806477
0.7147774805588726	0.3567212829984493	0.6015339388113116
0.5835997483894787	-0.7782013052300871	-0.2319785813775184
0.3853627991460095	0.5168681212786576	-0.7644232193230549
0.03924958194903039	0.8650088521836883	0.5002191079523898
0.9071737893311036	0.17902864468523183	-0.38076825016381766
-0.41892145596456737	0.4687306582953874	-0.777686558779628
-0.3762913344515877	0.8420775779673624	0.3864067601650686
0.915974011389056	0.40080945575165516	0.018530802462492696
-0.13927110998511405	0.3609115305233168	-0.9221423019571504
-0.974642644851845	0.12723238182721955	0.18407508210177312
0.2211332350329477	0.4218084776768022	0.8793052374027134
0.03423166954831458	0.89771350060838	-0.43924783849824967
0.6035450607867452	-0.7266031323692227	0.32830054467082126
0.790821024091995	0.493019078780082	-0.36267657191074226
0.10166350109066952	0.47851862658633587	0.8721722631200297
-0.6461074561651292	-0.19102737262361172	0.7389544627352523
0.3745157191173434	0.7642544171467057	0.5250268202728012
-0.6650437062493298	0.6159738052711892	-0.42224772349639283
-0.8138158202149319	0.41354734390384773	0.4082675655963512
0.4557185296358067	0.0182286942262887	0.889937265459416
0.3605890077560277	0.9103001203212473	-0.20329598724186937
-0.9764044266018044	-0.1257264576395672	0.1755769163694576
0.18550585837415656	-0.07209517865182447	0.9799948273965678
-0.11055302900087706	0.989441834098684	0.09371704601705944
-0.618361973215813	0.4756770933531954	0.6255875421871041
0.6350929834687872	0.7713329294338944	0.041260323794677756
-0.462909680639065	0.42282007382571396	-0.7790621366365182
0.9404369665765752	-0.33373683440604324	0.06479226232261773
0.3399677471460209	0.9234749714090865	-0.17780862769125147
-0.000492744060148452	0.1892450859114185	0.9819297605540179
0.9978423887713824	0.014988139286256624	0.06392122379739767
0.053090174332074	0.38858973801187724	-0.9198801274629486
-0.0386264230859035	0.9212889726858756	0.38695558950219644
-0.8408846274259139	0.4052115931360144	0.35877096892997873
0.5326575119028973	0.5022109508758853	0.6812195944288112
0.09585936768098086	0.763929136509737	-0.6381404673105215
-0.3448351198135984	0.40747023559820905	0.8456102809478376
0.7517193232512352	-0.4196300609788266	0.5087520722057165
0.5621448204812045	0.8110971699028703	-0.16160006739388555
0.3989794189896808	0.23825814707891552	0.8854651199077119
0.3964463969430006	0.825914594658922	-0.40086822857430504
-0.8268286869561128	0.5109776293341132	0.23506634116036285
0.21875285832626679	0.3832514610249047	0.8973658699752094
0.9425100729709663	-0.3210839151488303	-0.09262765127629374
0.25263006416963135	0.8660389350687272	-0.4314563866982075
0.04396147407754758	-0.5933084646989903	0.8037738827017558
0.9987648125445794	0.04474982370049352	-0.021594038565439733
-0.02315681367805278	0.8037303770514721	0.5945428857407835
-0.9983639736292789	0.012308771011225367	0.055837893185103
0.0555658643398004	-0.02143354894426075	0.9982249434370117
0.013483726462986862	0.9996945019033804	0.02071453559276981
-0.6365411569983006	-0.12586089706911424	0.760903666725442
0.30955564150462955	0.8619423650980866	0.40153538332477506
-0.7063927096593806	0.49113582015372753	-0.50970083961281
-0.8123855465933143	-0.03382407853746139	0.5821388626413577
0.5791237210870138	-0.16348682338443798	0.7986787678747922
0.06815746005106538	0.9859655117146631	0.15240265860092528
-0.9499780844626338	-0.04075844156823662	0.30964558527715735
0.20871359623095403	0.654701685117488	0.7265014371993105
-0.2323365528474738	0.7547876873301856	-0.6134454118058938
-0.593187306451777	0.19389758967169549	0.781365819692666
0.5208946174564462	-0.6475878122813168	0.5561464041865236
0.6138384290425192	0.7369082372345992	0.2831406592603889
0.2851455721070896	-0.10147748594059308	0.9530972261815146
0.7568803542364628	-0.5862521132855165	-0.28886084718970134
0.5880681355749579	0.8037479577053008	-0.09036087873604703
-0.20621037833705125	0.24096925721569507	0.9483728680972512
0.8284376634793807	0.5587802439999913	0.03815333070826815
-0.5207382428772773	0.7935354157138963	-0.31485429394064024
0.9536468540946782	0.14736672538682913	0.2623751625518057
0.18540782474674475	0.399010420447265	-0.8980059147339606
-0.23702661495706337	0.9050269237007592	0.3531920882165063
0.9959696648632204	-0.05524551961778174	0.07065662909031087
0.06371072964049311	0.9902612958399502	-0.12378816134856667
-0.06312978378642259	0.12779083896564758	0.9897899433089505
0.8953407651500017	0.16039320726176698	0.41549841555040046
0.37026673460366377	-0.7865201638990418	-0.4942555786495133
0.24752264443187708	0.596372409526555	-0.7635918344566959
0.8306354330693253	-0.5556956956775173	0.035313894364889645
0.5565279231322963	0.830575507564787	-0.02051821160699129
-0.01792897386320196	0.036696321872586604	0.9991656178318168
