-0.19037440256777183	-0.6930274872498882	0.6953204216496668
0.8570974127897139	0.22802438299515249	0.46194037033892055
-0.4786873842458593	0.6838989564809895	0.5505820606304483
0.7868759444174717	0.19485812932225097	0.5855395439542448
0.2830031239357558	0.729239310872065	-0.6229921823919133
-0.5483935447648116	0.6559270820113077	0.5186754121263278
0.9562184982166559	-0.046894229143265395	0.28887214289602614
0.1548306977732195	0.9186843074307272	-0.36338216564325665
-0.24834177799021492	0.39219902416194785	0.8857235950064075
-0.6143610302656535	0.2602662987962093	0.7448637312971058
0.7537472497801808	-0.08553255081916267	0.6515744517698504
0.233292965902829	0.9617409404103007	-0.14362714088559936
0.5436065414304045	-0.5662161753920826	0.6195895180185318
0.7482504079372919	0.661367973803408	-0.05209347606803527
-0.38028049533962455	0.49192646396746864	0.7831954410699239
0.2370101114477472	0.7782985701030382	0.5814443592013704
0.9534574619023369	-0.07151504128885966	-0.2929239956237898
-0.18640030958740358	0.6238084118100832	-0.7590243671587236
0.9472020356459333	0.082380658939578	0.30987373348007574
0.17785359023242378	-0.9391171314011828	-0.29398488728206845
0.2667890629498091	0.33357523970087216	-0.9041853545312866
-0.9947178578449889	-0.07928568954197816	0.06519327203116805
0.09869377976833148	-0.5641816571939415	0.8197308067414194
-0.028212073998855666	0.8218350425235902	0.5690265738618294
-0.9865630139701604	0.017858096106272144	0.16240230253778107
0.025135995209075227	0.9987644022610713	0.04287015886294725
-0.1614360592029029	0.046376256635741256	-0.9857928999589587
-0.8601117461970547	0.27729576430859637	0.4281528268625183
0.5052024513489717	0.34697030958036224	0.7901785161725784
0.07055683669811233	0.8959456810355299	-0.4385237387290879
0.8885052844328046	-0.00917081389223487	0.45877473307445227
0.45023476136366414	0.21043326091440018	-0.8677594726424692
-0.08858340247916255	0.9775652095249124	0.1911000835471527
0.23686527278076253	-0.34147241377302884	0.9095556240178587
0.6306967335691835	0.766156783527325	0.12339130163924031
-0.7389969369460588	0.544426646745992	0.39684147149366544
-0.49731447496364223	0.7671997249345255	0.40507146906691127
0.8261289853778846	0.2761927319303622	0.49115015458345335
0.26493246782933955	0.5788973630007583	-0.7711605738110738
-0.8122304882563349	-0.562202243916607	0.15559650022416238
0.5787161610487968	-0.8101084411270785	0.09387181981616095
0.07327509050024425	0.1662917633251466	0.9833502990096634
-0.004732668777833515	0.48241094743815655	0.8759322346152467
0.5192788290599059	0.7497668362823882	-0.41012094423629675
-0.8545917736184994	0.45291209853890935	-0.2540541900080946
0.6779673029145674	-0.7185155487899225	0.1552280333118458
0.732576861131114	0.6429578658642102	-0.22346437134054423
0.060757540388263274	0.26521800253839617	0.9622722756140862
-0.13498497421980682	0.9384362039640691	0.3179882825268662
0.9656435134886893	0.19651661110946161	-0.17004066106455837
-0.2220622921436628	0.2841103881373588	-0.9327216228652264
0.036661399762662805	0.8628494557091608	0.504129704093944
0.9294384753859557	-0.2147817223257915	0.30002155293744676
0.3671512797739819	0.45755833348019354	-0.8098396811858233
0.9443557022045206	0.019369027422356126	0.32835521693817954
0.06855672197751997	-0.9879313510929355	-0.13889428137754573
0.3217021659633394	0.15367656393998347	-0.9342864818191992
0.8183600138399103	-0.15444321722324905	0.5535649739657253
0.5585972657926644	-0.012696755254797187	-0.8293418396867238
0.13511470089113659	0.9879200802998855	0.07588104205509172
0.14732676883357687	-0.7007496295227034	0.6980292113578426
0.9879212688697809	0.06998852012390644	-0.13825040168327646
0.048024886254728005	0.7099658891627536	0.7025966456833971
-0.44583333773409706	-0.4019752561714626	0.799780300076691
0.850715445651177	0.0876301162607862	0.5182703862412366
-0.27841671195421097	0.9114476705494443	0.3028981319760784
-0.2270733107204146	-0.1781335542749396	0.9574477261970216
0.8981243622008981	-0.41845815548860466	0.1351495546655786
0.37657713894990974	0.8905959852517029	0.255006763584515
0.1240624111986135	0.6355003236616711	0.7620681444290252
0.7748540884986178	-0.5417951023962753	0.325667328045639
0.6198464807228983	0.5500885434594335	-0.5596364308103223
-0.11772064396256798	-0.447600421411411	0.8864511902735341
0.9258086231784542	-0.3723504627203731	-0.06506555279361642
0.35919387972716516	0.8130245972073977	0.45822566613219684
0.9347548221701442	0.06408605357348844	0.3494658784016518
0.13502211611784226	0.8457272402495692	-0.5162503881440743
-0.3286372629339558	0.5297531621776537	0.781894581496799
-0.0701135050514905	0.019205298639393242	0.9973541261325218
0.872565021253134	0.4857237541267614	0.05198767510211755
-0.483440151513	0.8739013623866123	-0.05081366670405063
0.9195115598739808	0.048087105485420056	0.3901103966112064
0.16706223720188165	0.85056907386359	-0.4986205566239091
-0.3557930580537244	0.5236600814200647	0.7740745564659197
-0.9631885784965963	-0.2038759444438358	0.17522089353396214
0.22248883917416487	-0.9704004589264141	0.09392372308601137
0.1508856477490113	0.1294509505277544	0.9800387608206229
0.17293345545837546	-0.10065112035718891	0.9797772052635583
0.28364947039557237	-0.9475311065079284	-0.14740346042129546
0.9432057028705549	0.3034042751358388	-0.1353101914186765
-0.3505735163998265	-0.23589040309449905	0.906340955340194
0.8596866057974284	-0.46497584169558936	0.21150982589935463
0.3715335104826451	0.8533189230102618	0.36580003584068876
0.6188731496884784	0.19624383520752706	0.760581607546293
0.5330468206288231	-0.8161264293802364	-0.22315630908528908
0.576937701673383	0.5435310556077793	-0.6096858863199375
-0.35914157537404745	0.09889053934230058	0.9280290890195393
0.7909583870729069	0.5600568907002255	0.24641653576458916
-0.49538082195102434	0.822530814260344	-0.2793580155201256
0.7277369302495744	-0.3197806084053988	0.6067448581066007
0.4913365494823705	-0.37415341408149216	-0.7865097697256671
0.478526232816639	0.8704881304297243	-0.11516535628078128
-0.9908538087030583	-0.02394043968888024	0.13279904038112225
0.134343090238805	-0.26745893482179706	0.9541580855859675
0.012675325784063475	0.963271806673222	0.26822893688932004
0.7026834000213256	0.28789277898304655	0.650656427881788
0.6355335843268236	-0.6651222923785753	-0.3920579030880111
0.3198954556213168	0.6890065921241151	-0.6503359235674611
-0.5054348382061946	-0.3942014592859703	0.7675551014906289
0.8497576866229762	-0.07294417715601997	0.5221025005151756
-0.149824892299797	0.9161246402732779	0.37184424848518427
0.37431923460143146	-0.43114323391386505	0.8209754091674687
0.8738918515054903	-0.13210960643379877	-0.46782484303445526
0.3101582539280626	0.8925595575300288	0.32732139218525647
0.7266161441618981	0.5593351324818959	0.3989651471178348
0.6656171394237237	-0.7169953345848037	-0.2070543742329652
0.1702433633028757	0.4160070909913501	-0.8932834362598692
0.6055329577447033	0.7360656116005606	0.3025512394686958
0.7956762588997905	-0.5527336851461282	-0.24775948887583266
-0.015136978172171078	0.39075937445424536	-0.9203683953547848
0.4941384141290527	0.7888801403627114	0.3653701572697662
0.8445419758568994	-0.33582487529832483	-0.4170977153456839
-0.20633971672402085	0.5146744381375217	-0.8321863637611937
0.6283972717032289	-0.04895598781310023	0.776350552375138
0.6937577842302056	-0.41617879738045493	-0.5877885210098557
0.35187640690437555	0.9079639419427412	-0.2275620231845914
-0.1882768430193149	-0.3243288956209248	0.9270181216394808
0.5922630016924846	0.7154579236165018	0.37060018397266314
-0.7834388088478181	0.6188139680062781	0.0573838460843884
0.8866828369156067	0.34406755934255684	0.3088868098953852
0.4471252843480672	-0.4678683508225163	-0.7623504354266998
-0.11778169134441806	0.8140741495138356	-0.5686921419163213
-0.24247091779224017	0.6285837632848978	0.7389792328337679
0.7837604346559504	0.5758407726971368	-0.23265206976831312
-0.5717756859931211	0.5227713238445276	-0.6322837241879122
0.08973368621962496	-0.018755775711902567	0.9957891777052423
0.8746781775217053	-0.47668598040814425	-0.08779841598590754
0.47632546785233526	0.8788735386617184	-0.026369522473545848
-0.010204518537172191	-0.7374795795369103	0.6752923348946636
0.9655339350191275	0.16837934768600205	0.1984757305045528
-0.2600770811276994	0.6540430146702114	0.7103433302517859
0.0970115266859598	-0.5327509733080911	0.84069326399665
0.994672537318253	0.022309987255435093	-0.10064197918130824
0.034861256358999115	0.8459779340549871	0.5320770883031218
-0.4012710204451091	0.3040540460598393	0.8640212411888856
0.5586542986633173	0.8287753564946557	-0.032199115704526854
-0.7258697835947839	0.46976860851040014	-0.5024246328776731
-0.07201613528164219	0.9505769322993344	0.3020218072250469
0.9971883801836999	0.062332027545259905	0.04159390302323138
0.020712573130958395	0.3041680688739107	-0.9523931830876424
0.4660863953057336	-0.06707661412826961	0.8821928360330267
0.23405396816529395	0.970945668103813	-0.049832214244601464
-0.8532187363724422	0.2297068510678937	0.46824411419203704
-0.7972952751142852	0.3551858225169868	0.4880197493579213
0.41425492275085896	-0.2660413968355375	0.8704107272698771
0.4389910058954701	0.8961389438322207	0.06497607321280352
-0.6976794796711501	0.10607586327140091	0.7085134119245875
0.3515492726469631	-0.8110275043339195	0.46759757924446677
0.6242246811422827	0.5753106104054758	0.5285463546442207
0.07290183154966323	-0.25428634607839007	0.9643774039009861
0.6712071504051448	-0.7026901021986758	-0.23602453583689192
0.7376762733080887	0.6645036301406608	0.11945141827610917
-0.8857867778718695	-0.44631462091365914	0.12722045160298795
0.464066600270406	-0.848915700620106	0.25295122801469405
-0.004896392635265964	0.2830996156821327	0.9590780119155011
0.4964769080348491	0.5532097473088258	0.66893172691289
0.8647223884434763	-0.2477826345519636	-0.4368740744643679
-0.07593333071033964	0.7953381302923893	-0.6013912102701875
-0.5899721328010901	0.1408005559044267	0.7950522536130171
0.47897523662452807	-0.7316793074571257	0.4850032100301382
0.6500120039034742	0.6669487195400149	0.3642304219657171
-0.35271436013242763	-0.8979440278384292	0.2632282337168079
0.9356682259593196	-0.3417076518642119	0.08809569562462258
0.010842097883332541	0.27736691137687064	0.9607028913179888
0.6475378195755065	-0.3834984357785894	0.6585011176716209
0.5250954888525354	-0.4016811054194023	-0.7502846240832635
0.552240436590907	0.8316136358336257	-0.058730408558617775
0.7478666538014488	0.4804809286909361	0.4580759165205255
0.5587612786491358	-0.8281839379244751	-0.04355684155551037
0.35844288473089636	0.2885297941776631	-0.8878452884695558
-0.6745295538278306	0.4158730548554218	0.6099667886516833
0.6375351088647844	-0.08845796550385887	0.7653261875198613
0.3722349607137882	0.9051103748074804	-0.2054661612973463
-0.9047989366586988	0.09164695213865968	0.4158602173627368
0.18592711735433387	-0.7935472160064205	0.5794082524444811
0.38310571811654837	0.6015676621396416	0.700961023605628
0.57778647417115	-0.17753343157738832	0.7966458880438835
0.3499658470531223	-0.8278899926623688	-0.43831731193952733
0.737351134915558	0.5320526672443802	-0.416213002099741
-0.45923779408737286	-0.4259372678022251	0.7795371013485758
0.47463925547126773	-0.8594341119100601	-0.18997522062376337
0.7508783028210663	0.28275510814579913	0.59685117338413
0.7540691935930735	0.1102547858477588	0.6474747357785915
0.21661172004639148	0.8889063425129002	-0.4036395384236809
-0.6200475901190454	0.44462275744500895	0.6464144100726414
-0.6565414853267544	-0.050729741106022214	0.7525820695527199
0.5138056526159729	-0.760538120414479	0.3969704255184327
0.5522291457219668	0.6473084741942803	0.5253900549605591
-0.5757245544598415	0.37215693276398837	0.7280387728601528
0.5503113079163409	0.8349174157456205	0.00838887740171948
-0.6047302719158546	0.4054776520110017	-0.6854846256103937
0.5886186872033958	0.08123819865615203	0.8043185912025499
0.5428998067781658	-0.7769193163794479	-0.3188356561564616
0.5989890156548625	0.6243370331124005	-0.5014134304236615
0.904671410214301	0.40064598471574014	0.14509457078754837
0.416550522523991	-0.9032479478419475	-0.10309610518492365
0.08975133272468996	0.15370731814219427	-0.9840318890278283
0.6649858267763091	0.3222949137164388	0.6737357336368183
0.7441186763178085	-0.20874972149964077	-0.6345951066064524
-0.0638846283675587	0.9233360939367286	-0.37864127071940157
0.22653210602275553	-0.20654716171019477	0.951851603418494
0.7921522608132274	0.6076877995905703	-0.056659808658902744
-0.5667256837566016	0.7668466653890031	0.3012775981588721
-0.25581117968889	-0.21265744279250226	0.9430468982882729
0.3612921723968165	0.8837880972314447	0.29729878129049164
-0.8966764224127719	0.41676781451663975	-0.1492514062649204
-0.19310434099865037	0.06907818925386805	0.9787435400843694
0.12408535519528263	-0.9877901934128215	0.09419850542084485
0.9733003329463816	0.13963788012880737	0.18217498269409926
0.5556161470228059	-0.38993428738609237	0.7343309531050914
0.8203733384687782	0.11349422479681937	-0.5604521803573971
0.13519719929467144	0.9138218165804913	0.38295091701732153
0.19818964158035723	0.31650465077202317	0.9276560095261224
0.8894569794663031	0.3395615271064637	-0.30588274058502674
-0.4118096012102315	0.8857329029390327	-0.2142196933110121
-0.48582184392978345	-0.1365412814028572	0.8633270611034561
0.5885472426810179	-0.7813492811160192	0.20761850599609535
0.6462114817095376	0.6089743667613157	0.45995754318677995
0.1596438864142996	0.4851943094000588	0.8597094344348785
0.780633967762409	0.4710219219682972	-0.4107906491155923
-0.6042552754474358	0.7366986026531417	-0.30356338867335797
0.22012279146122582	0.3543723912716699	0.9088268069240233
0.5321501112311147	0.7372070834011337	-0.41634357843001024
-0.8175342291280714	0.5752789970854074	-0.026303226349208897
0.25157548832250665	0.26663613467013114	0.9303842998264018
0.7804920056965636	-0.6243402427254223	-0.03211682358696616
0.5723128538824265	0.7342373138173601	-0.3651760729829103
0.9422239172580495	0.2889767414743624	0.16943002282286254
0.33107949225039573	-0.8803406217465519	-0.33968626630188276
0.050994701274900744	0.37615533040188726	-0.9251522619829287
0.7274171965879798	0.02072424397870304	0.6858824446066509
0.6115608280895122	-0.4729163178518221	-0.6343055335214605
0.3112194975488435	0.8808635887701259	-0.35668159796162713
0.6017355470558865	0.019881259980658206	0.7984479112070709
0.3880889476038246	-0.8810197108112519	-0.27053879187616436
0.6980696957733582	0.47266161750626645	-0.5378565749149593
-0.7534402904290205	-0.2000880236409552	0.6263325886090312
0.5206855575122209	0.400127674974724	0.7541779590504546
-0.4015149797410067	0.8943503935901064	-0.19728936750063553
-0.7923122421275175	-0.35185431806187195	0.49843740814276827
0.3787460386243685	-0.9241323786321236	-0.05030690797575634
0.47832285038581823	0.14892241478349683	0.8654648260754669
0.02724515911944414	-0.9056530631007038	0.4231432743183673
0.966006295144666	-0.08500841257334923	-0.24414218712184083
0.2570788576398939	0.41541075947557277	0.8725504924452768
-0.6151378619499392	-0.5716771401672457	0.5429462756165266
0.6499562492184231	0.022104252179819484	0.7596501011238598
-0.44627601873456874	0.8201808638622158	0.357967967361121
0.9957495524782942	-0.007522014636407809	0.09179459698199229
0.0897850662404529	-0.1428799459610921	-0.9856591514932295
0.020529749620348647	0.9897114429660624	-0.14159727766648866
-0.42990227860318275	0.8776648288553945	0.21186901387891138
0.9023660126690674	0.4097809370836055	0.13347345347525386
0.03032507265481743	0.24856393904408808	-0.968140670654511
0.11469430816822768	0.0026344102022696214	0.9933973402202656
0.9873120320121646	0.11024563546151667	-0.11428408159361997
-0.10981879218887114	0.9939008802413714	0.01004356199786871
0.383801596055386	0.3643885407917903	0.8484794200244152
0.8400559645237063	0.243732974757096	-0.4846650528810614
-0.3834088044548319	0.8987854184151445	-0.2125616623731328
0.44395713701098627	0.19806219078936624	0.8738841050601189
0.4550556793564857	0.7903028174210756	-0.41029962888323124
-0.771897913705184	0.5798213736626365	0.26073125140948794
-0.4355846046050855	-0.19032573542212777	0.8797966621140692
0.8874443128801848	-0.2544247382065081	0.384331424847314
0.1506938743534325	0.9481793960135265	0.2797269904885402
-0.7769415564731201	-0.6129309419098271	0.1437966559926117
0.6227589622783801	-0.781730623167457	0.03268803610151981
0.09237474074161384	0.11494734991182444	0.9890672444385004
-0.6279380705911903	-0.724235790728503	0.28491454671545513
0.7295286565866411	-0.6752666392736129	-0.10864117590955595
0.2710751163812418	0.1396333961199131	0.9523763940621983
0.019329946779901075	-0.7242544320115615	0.6892618304164946
0.8373734309242004	-0.3649497223579943	-0.406961223377678
0.5462893833305931	0.5850360825303285	0.5994169598850596
0.9927077782883392	-0.07979008131366919	0.09035933736912673
0.10643033149649883	0.22816919627451315	-0.9677868579439317
0.05660257470623552	0.970346515836173	0.23499742071185437
-0.7526285248078435	-0.03564484403448972	0.6574798466411926
0.1067576634772669	0.9787154906068378	0.17526776581873654
-0.6497331028464257	0.20210253224532776	-0.7328038356378754
0.714809989492386	0.35608120394210513	0.6018744512944838
0.5834636720584314	-0.7781199438243864	-0.23259298444025636
0.38550852430262317	0.5174316662341754	-0.7639683556719736
0.03880174250569424	0.8648290290833568	0.5005648561707665
0.9070562333525395	0.17967815637657192	-0.38074236651234344
-0.41921762166543686	0.46881394025333173	-0.7774767360566619
-0.37630029020028366	0.8419337179832905	0.38671139900191104
0.9159352866268685	0.4009017673841808	0.01844786220666811
-0.13950140611097178	0.36114455198863676	-0.9220162527103242
-0.9747703817830478	0.12658960071873848	0.18384171395089166
0.22064083419782177	0.4218569843889596	0.8794056555462573
0.03376869975318032	0.8977815757254788	-0.439144528834023
0.6037781724608358	-0.7264039394841738	0.32831270941242297
0.7906228240091399	0.49307855936499634	-0.3630276634780779
0.10182076711391451	0.47875970068126317	0.8720216054593609
-0.6460492358361112	-0.1909709125896184	0.7390199560365508
0.3746668790310814	0.7641928239302902	0.5250086262249005
-0.6650151236120018	0.616067722249865	-0.422155714125934
-0.8134491269865667	0.41587646994341676	0.40662916711937336
0.454730813917556	0.018816941027437695	0.89043012617737
0.3626574205481944	0.9092264209083304	-0.20441846991785706
-0.9764794386338735	-0.12540202483126886	0.1753916705362374
0.18525937427684083	-0.07182839722185386	0.9800610417698953
-0.11030353651550623	0.9895024070313102	0.09337085365045705
-0.6188455017200356	0.47513064355032014	0.6255246730228443
0.6344204319687142	0.7718815518370375	0.04134713332598555
-0.4631856652590922	0.4224331207340463	-0.7791080143377984
0.9406583890669749	-0.3331112221841793	0.06479744387617559
0.33935390934110254	0.9238256589133567	-0.17715833637797893
-0.0008481113338246402	0.18863474120178578	0.9820469515857685
0.9978362821879538	0.014943471312242888	0.06402692101344856
0.053206507560082314	0.3885516000876039	-0.9198895159869046
-0.03862410520104136	0.921305783513	0.3869157941502466
-0.8407840489469558	0.4052169494969739	0.35900056668023417
0.5328067925782817	0.5018892494394731	0.6813399321040314
0.09591196389818277	0.7641376872903529	-0.6378828184265068
-0.3449638078029935	0.40746514335973183	0.8455602451942099
0.7511729860486467	-0.42030913537359726	0.5089984044692658
0.5627958034108096	0.8107480420379268	-0.16108536865540968
0.3984257392324352	0.23764426196142086	0.8858793005110228
0.3967816115150855	0.8261397362733264	-0.40007185468829276
-0.8269348723331114	0.5108995409148948	0.23486246190562343
0.21937789487332293	0.3829915620331669	0.8973242461074727
0.9423691561747336	-0.32131816996751095	-0.0932470221468259
0.25261376195977514	0.8660670280412048	-0.43140953884725985
0.04385232289628882	-0.5933509950163134	0.8037484497588474
0.998776312958688	0.044451911921021714	-0.021677273795726648
-0.022865923319402626	0.8037155120064043	0.5945742386876803
-0.9984868437607075	0.015254148092407018	0.05283307489400764
0.052497072804012834	-0.021645901484456775	0.998386454383239
0.016373154362891707	0.9996493214697344	0.020812349730599977
-0.6371144062622123	-0.12592215235721155	0.7604136011927172
0.3091791396947004	0.8619613423916952	0.4017846485369393
-0.7060407161848348	0.49108681082679684	-0.5102354861445566
-0.8122207137315942	-0.03425721121614794	0.5823435031534501
0.579402327858294	-0.163318823737723	0.7985110545792818
0.06775289409117491	0.9859784000132149	0.15249963950662693
-0.9501374169080259	-0.04090975374155549	0.3091363470058964
0.2082312711761663	0.6546978519203729	0.7266432827703063
-0.23211770009136007	0.7547828262087412	-0.6135342358537483
-0.5932899520058146	0.19414199529402454	0.7812271875147416
0.5207696060325069	-0.647476141669586	0.5563934429892339
0.613845298329869	0.7369420137513678	0.2830378386124246
0.2849922232233135	-0.10133482506217567	0.9531582690885345
0.7570945916863447	-0.5860659626361833	-0.2886770975997413
0.5878666617027366	0.8039016983866509	-0.09030419364314213
-0.20589759217322934	0.24110193609318104	0.9484071055983215
0.8284307552363204	0.5588151623537941	0.037790185261288745
-0.5208729838606013	0.7934705229153899	-0.31479495540515146
0.9536883432294194	0.1472155805213734	0.2623092008300128
0.1853415955501313	0.39923835415453	-0.8979182755300804
-0.23691145381187573	0.9049509983550142	0.35346379394360383
0.9959220663775494	-0.05581504725460444	0.07087960356998475
0.06434769415682116	0.9901376002775636	-0.12444640120665591
-0.06323457882339477	0.12849985609546044	0.989691454456627
0.8954329920024233	0.1595081808915988	0.41564034580661346
0.36986202623284214	-0.7861772618096974	-0.49510341804954605
0.24779394339758312	0.5970615154588849	-0.7629650767718112
0.8303458780430262	-0.5561080370835656	0.03563108064624967
0.5569529148023356	0.8302892213631226	-0.020573273473173764
-0.018143139478551215	0.036927767049787605	0.9991532247411197
