-0.18972327366604858	-0.8585280503251108	0.476376601266689
0.6900685614208212	0.22854390741221076	0.686711775727894
-0.6984342918042015	0.45901772208676545	0.5490831183365964
0.7882048409863889	0.1924447239538747	-0.5845495332886157
0.2833250762983341	0.7297268768050409	0.6222745265627574
0.5463149547524437	-0.6560973353784312	0.520649840798168
0.9546178111395547	-0.15938638380502085	0.25159653279145994
0.050086166084568735	0.9186361919933589	0.3919169844838184
-0.2935919117109233	-0.36152942814866285	0.8849295237251531
-0.6104526801583761	0.7580327492488497	-0.22963857766866214
0.26217774362993645	-0.08019714015073642	-0.9616814698520288
-0.7474024056909175	-0.6472671548733753	-0.14978275664960705
0.5390601328898585	-0.7523280675016143	0.37870391069812664
0.5652492324034776	0.6564702877146118	0.49953985488164443
-0.6244257188777922	-0.05521992572596876	0.7791298232045614
0.9376756484574686	-0.14107026911353138	0.31759023514916424
0.14107026911353138	-0.680689484363372	-0.7188609079991506
0.31759023514916424	0.7188609079991506	-0.6183651328208406
0.9558491092657502	-0.04753895335181364	0.28998711735193705
0.04753895335181364	-0.9488129899940441	-0.3122402247193275
0.28998711735193705	0.3122402247193275	-0.9046620992597942
-0.9947862296351426	0.0840603831200133	0.05774261267048669
-0.09486839265388369	-0.5550095923371772	-0.8264165659575012
-0.03742118923238294	-0.8275857686085696	0.5600905732049034
0.9710137068558038	0.2388917498454347	-0.007944366175943447
-0.2388917498454347	0.9688363689801565	-0.06547382680989715
-0.007944366175943447	0.06547382680989715	0.9978226621243527
-0.6038431367831976	0.3338561608069482	-0.7238187135264422
-0.3338561608069482	-0.9305044654601895	-0.15067018168799132
-0.7238187135264422	0.15067018168799132	0.6733386713230081
0.954980113129934	0.23025858015205183	-0.1870667522375354
-0.23025858015205183	0.17767985260957253	-0.956771057381546
-0.1870667522375354	0.956771057381546	0.2226997394796385
0.2352580014871135	0.6348587718321862	0.7359402234991761
-0.3395516011937322	0.7631666602504341	-0.5498011993520668
-0.9106911566843403	-0.12054454989723301	0.3951083757996172
-0.4929316993727617	0.7675696260264474	0.4097013655763203
0.8301614017047448	0.27394306022336057	0.4855792899981154
0.26048106816637406	0.579475684526176	-0.7722418948553784
-0.8131086165896402	0.5775432819190496	0.0727882898401562
-0.5601898247771862	-0.8103381208074245	0.17187056229150194
0.1582458146169648	0.09897417580593859	0.9824267782790473
-0.009532975879120276	0.5250965881414442	-0.8509892452276367
0.4827991616363357	0.7476783073094526	0.4559409153630799
0.8756792174615883	-0.4065104204089808	-0.26064379180171193
0.6822497421368938	-0.7212705080422137	0.11959993136565268
0.7246668609921256	0.6454342765687736	-0.24139704888412197
0.0969186769098767	0.2513631811914206	0.963028203744505
-0.13206942775707664	-0.9390372313958327	0.3174377802095523
-0.9685340305816813	0.19039997493236815	0.16028000858172128
-0.21094904090116523	-0.2862812037109723	-0.9346355303243485
0.037774443015323955	0.9349421382204309	0.3527836300548701
0.8588491428825723	-0.21084659049491994	0.46682102035634515
0.5108338685176949	0.2853540142638213	-0.8109388665730424
0.9451210053446968	0.06697703494851319	-0.3197817412638426
0.01900885997771247	-0.988376845100648	-0.15083061795019612
-0.32616705612090446	0.1364744989307378	-0.9354088745800029
0.8314818692284484	0.15331943300150824	0.5339766405082357
-0.5411941319790237	0.006434507392548472	0.8408730633253074
0.12548630465447905	-0.9881557309345077	0.08832575369308782
0.14382664954369462	-0.6960800614386655	-0.7034105792128655
0.9877616062823913	0.0576382008789883	0.14493049007666886
-0.06033990417182694	-0.7156468304037802	0.6958510689059533
-0.20399973591538334	0.9015396689316181	-0.38158922035236054
-0.9015396689316181	-0.3249385773001092	-0.2857291485390482
-0.38158922035236054	0.2857291485390482	0.8790611586152741
-0.23220445219259256	0.8958060537519867	0.37896253963054227
-0.180956850198214	-0.42259596477241024	0.8880694054658208
0.955685989615982	0.13763780229053368	0.2602309063742295
0.1256113375083967	0.7773274964016069	-0.6164282239055587
0.6359445880251723	-0.5399897211901918	-0.5513488750060466
-0.7614435454128203	-0.32275852327544974	-0.5621660455792448
-0.04731823514987976	0.744353461257335	-0.6661072806511918
-0.744353461257335	-0.47097065945148553	-0.4734179576759398
-0.6661072806511918	0.4734179576759398	0.5763475756983942
0.9332169076882075	0.12444543705994116	0.3370749714823391
0.07852187067253794	0.8448011608924031	-0.5292875535858872
-0.3506287481524365	0.5204078513529637	0.7786110384648082
0.5612608924067655	-0.7068572473874559	0.4305102118075601
0.7068572473874559	0.1388252369957541	-0.6935995857761895
0.4305102118075601	0.6935995857761895	0.5775643445889886
0.9219513308224088	-0.1592660320367768	0.3530440123186482
-0.053720228571885596	0.8501425322334292	0.5238051278194183
-0.38356209489074095	-0.501888439722408	0.7752342313365896
-0.965930473580964	-0.21485729125020833	-0.14427288242867345
0.19524854440315273	-0.9708990577980543	0.13868318382305864
-0.16987149883398564	0.10578924313687721	0.9797715600691939
0.17185919417172146	-0.10399276984368368	0.9796172319834342
0.2766721032477737	-0.9492937161098198	-0.1493117136692986
0.9454718211893467	0.29669335074222336	-0.13437295472769906
-0.35293170400005125	-0.2373073173502559	0.9050549427762078
0.8577256807609143	-0.468530981321329	0.21162555636146202
0.3738259874257621	0.850978235135363	0.3689040179383476
0.6159374650192093	0.5341470314934598	-0.5790578450659617
0.19593273033862357	-0.8158068780384631	-0.5441226910607465
-0.7630408929852729	0.22168916638361305	-0.6071429066870306
-0.3692119540244847	0.09391683466375772	0.92458756273928
0.7888979710669715	0.5575602501139746	0.2583922575064082
-0.4912458898065587	0.8248067626175131	-0.27994870974623165
0.731167208838988	-0.3096754429222207	-0.6078615243371882
0.4883867539892778	-0.38451001419991204	0.7833456628512088
-0.4763117584591213	-0.8696281786090589	-0.1298997294942139
-0.9909086641211409	0.028990019840033555	0.1313757897001213
-0.1343177150128028	-0.26881890255996654	-0.9537794027238137
0.007666211802156854	-0.9627543696998367	0.2702688528492967
0.7084131731330402	0.631222526480213	0.31576715819653256
0.285566095203034	-0.6654747175451536	0.6896342549342297
0.645447737157757	-0.3983735964796552	-0.6516868083871241
-0.5025462910527332	0.3967901751000975	0.768117687788255
-0.8515358265698298	-0.0735960004118057	-0.5191053503783426
-0.1494455132052404	-0.9149541986719439	0.3748664467719177
0.37408810627521927	0.8756702762039159	-0.3053844398727251
-0.4256416479239953	-0.13044417427515587	-0.8954403972069939
-0.8239461610420707	0.46495793871126756	0.323924125272267
0.7224096614951141	0.6697157887191588	0.17206116156410706
0.5639614700473071	-0.7146460226305043	0.41379768322270905
0.4000896665506309	-0.20189557865063876	-0.8939610920172809
0.608986950429275	-0.7928425897856387	0.02314134889873659
-0.733375947305663	-0.5517168633142941	0.3972004816816787
-0.30214998613333266	-0.2588612187189064	-0.9174400554384952
0.49478124663471323	-0.8439412266852674	0.2072552143603758
-0.7860742742930454	-0.33295883087108	0.5207932912774759
-0.37051147522480493	-0.42059674611904674	-0.8281422727290337
0.6327977977993761	-0.6879250409955543	-0.3554238105016668
0.05293348846180013	-0.41950950571383494	0.9062062791743379
-0.7725056588139173	-0.5922591599857265	-0.22905041915149793
0.4988122917752812	-0.855817658394189	0.13697603131416405
0.855817658394189	0.46137635141465627	-0.23389740899801928
0.13697603131416405	0.23389740899801928	0.9625640596393751
0.882926062736865	0.4553195843963785	0.11456720213519479
0.3481633991002561	-0.47122665752723747	-0.8103873671045615
-0.3149981194657092	0.7554002338501206	-0.574583911567536
-0.24317238415283393	0.7864165134278591	0.567817099948035
0.6295288868153301	0.5733059308914041	-0.5244174770827073
-0.7379434749697824	0.22993341865137945	-0.6344840823352558
0.09496221432617724	-0.008062028770366103	0.9954482314728248
0.8759381406199099	-0.47443961391026623	-0.08740381318919654
0.4729847266641955	0.8802511326006817	-0.037991997810236544
-0.007660976598585556	-0.732557373709317	-0.6806621802786343
0.9646537728926377	0.1738891494646959	-0.19800419728491692
0.26340920234789744	-0.6581202457929347	0.7053320737042175
0.09897431234122522	-0.5369178110626495	-0.8378086593371274
0.9943180889401048	0.02020582783335967	0.1045144130159405
-0.03918703233315246	-0.8433925472075632	0.5358669497288098
-0.4109037672029794	0.3060368509294357	0.8587779340269485
0.5438259160011232	0.8383127665641124	-0.03853671627374733
-0.7317181610319227	0.4511908147212423	-0.5108966446623453
-0.06226077229585303	-0.9977309968576831	-0.02562136105865992
-0.9509827241223303	0.051513251581893016	0.30492334009113287
-0.30291162845621505	0.04335023438039118	-0.9520321961599667
0.9807211501846935	0.19464191525494381	-0.01733638965583732
-0.19464191525494381	0.9651315061354723	-0.1750305707314072
-0.01733638965583732	0.1750305707314072	0.9844103559507787
0.44132347311174214	-0.669353893475031	0.5976612396419949
0.8966079206905034	0.35596851715661093	-0.26340207164784313
-0.03643938303047001	0.6521133184371718	0.7572452649447328
-0.6622786565229246	0.12930807811003714	-0.738015177384367
-0.12930807811003714	-0.9899411696114258	-0.057409943771539095
-0.738015177384367	0.057409943771539095	0.672337486911499
0.0776580121280076	-0.25774833208140824	-0.9630862009506617
0.6645335854802379	-0.7067381168061533	0.2427269000792275
-0.7432121816285747	-0.6588528147944305	0.11639854602335187
-0.8861586513423003	0.44596943805554184	0.1258336400634581
-0.46330431013830026	-0.8477452404675583	-0.2582191384693928
-0.00848297462387683	-0.2871223912985994	0.9578563418156736
0.49320057554953145	-0.8664080696896885	0.07804004775881951
-0.5536393716663175	-0.24342501807841455	0.7963841451927887
-0.6709967499314256	-0.4359831617736072	-0.5997349783290553
-0.5344795818330064	0.1934720804648994	-0.8227394063032342
-0.1934720804648994	-0.9756064229445771	-0.10373360877685872
-0.8227394063032342	0.10373360877685872	0.5588731588884293
-0.3527234629750895	-0.8996286967182481	-0.2573992360281726
0.9356248822663527	-0.3431546580885467	-0.08277052806528523
-0.01386500454144704	-0.2700242371957724	0.9627536927874683
0.6443275723432145	0.46054628461614255	-0.610523627097729
-0.46054628461614255	-0.40365666894368735	-0.790543112893632
-0.610523627097729	0.790543112893632	-0.04798424128690182
0.8925053950136183	-0.041306988625646135	0.44914123899088354
0.041306988625646135	-0.9841269493521518	-0.17259165753160763
0.44914123899088354	0.17259165753160763	-0.8766323443657702
-0.40935140737306397	0.2064058551283491	-0.8887227060508959
-0.2064058551283491	-0.9697709337725255	-0.13015743919845435
-0.8887227060508959	0.13015743919845435	0.4395804736005384
-0.5722089497248195	0.8034802554266196	0.1643058032888455
-0.5618273066641253	-0.5300014651006368	0.6351759791409883
0.5974336744286798	0.2711418929836413	0.7546887295619922
0.5778683901486767	0.17250620679086118	0.7976902483330264
-0.3566906789648824	-0.8257311470804494	0.4369666260491486
0.7340571389248578	-0.5370378770252932	-0.4156325726331107
-0.4559387325900557	-0.44933890908166585	0.7682541356279656
0.44933890908166585	-0.8613228354358569	-0.23710233643309975
0.7682541356279656	0.23710233643309975	0.5946158971541988
0.7576820081287565	0.11355862449047734	0.6426681984988877
0.21217585050489807	0.8883868771231688	-0.40712426237927285
-0.61717046512329	0.4448294002864183	0.649020355320484
-0.6582530660930908	0.5139782732669276	-0.5500265771656787
-0.051251563191050314	-0.7595466955911949	-0.6484304854700851
-0.7510500504290767	-0.39864163333255104	0.5263161311649466
-0.5745076177453672	-0.379761136355037	0.7250672220331529
-0.5579262893001492	0.8298572705337581	-0.0074273986042991125
-0.5988816684957963	-0.40880116176032555	-0.6886380451899958
0.5903460452373532	0.5401951277955467	-0.5997339166485167
0.07213489849980526	-0.7753628348671193	-0.6273826828381919
-0.8039204583110444	0.3271111404595958	-0.496699303901448
0.9068979958754056	0.4122311135739077	0.08718677697213427
0.3965729915233685	-0.9050061679316046	0.15392757517728323
0.14235830664692156	-0.10502068847311896	-0.9842280058610671
0.666243945361916	0.7433617001949273	-0.05943389564798335
0.31963482959700107	-0.21264915474238477	0.9233709507537289
0.6737600321903077	-0.6341874483704768	-0.37928050220418563
0.2250060598707202	-0.2050609164125291	-0.9525346679158231
0.7938312567410233	0.6054441561685753	0.057177876685737816
0.5649816004459096	-0.769017161265843	0.299012369035468
0.7403920845757436	0.6700163854261341	-0.05382940049901276
-0.6700163854261341	0.7292306207453831	-0.13892712128235205
-0.05382940049901276	0.13892712128235205	0.9888385361696396
0.372936577657222	-0.33740486843805106	-0.8643357355794218
0.6773024956165496	0.7356873040811066	0.005051736876266366
0.6341763465132647	-0.5873007282203682	0.5028898648361415
0.5571368619776718	-0.8194851196761489	-0.13432295282281692
0.38069706822727933	0.10829569430146435	0.9183364224721342
-0.7380164356359734	-0.5627754269912038	0.37231110580540205
0.2041814707084303	0.8874282036269974	-0.4132567125004779
0.322900179894309	0.33747025270439956	0.8842224281049713
0.9241457681792223	-0.3139825026127873	-0.2176455540769111
-0.44571180114436815	-0.3879816014287566	0.8067287445439274
0.3879816014287566	-0.8958784711253871	-0.21649951946093826
0.8067287445439274	0.21649951946093826	0.549833330018981
0.15799748876829167	0.48527560832108496	-0.8599676607358643
0.783277439963179	0.4687086782300418	0.4083976334365512
0.6012597155869018	-0.7381190682541999	-0.306050642038062
0.21444599338000947	0.5329183387078235	-0.8185419721627929
0.35201855244819824	0.7395506072164191	0.5737140734704883
0.9110959634723095	-0.41117264456031033	-0.02900347754571242
0.24686154213791323	0.26971463200853324	-0.9307595802857969
0.7856548334278339	-0.6179708195277438	0.02930100550648007
-0.5672793506948526	-0.7384890544163196	-0.3644558337885624
0.9432940730639875	0.3282463947026423	-0.04950349570555417
0.2860479642496885	-0.8794156539539115	-0.3805320876475767
-0.16844243488789148	0.34479328871880793	-0.923441787111406
0.7313682047180252	0.6064962833345183	0.31186985655710375
0.013659580100308433	-0.4702342807476969	0.8824359110333051
0.6818459980076264	-0.6411255567446299	-0.35219888627006224
0.6020393333947133	0.01606850275459737	0.7983047314558989
0.37999361615910066	-0.8850848048193507	-0.268755911481444
0.7022488823230546	0.4651523314970239	-0.5389617943592138
-0.75206586850926	0.5230535916903962	-0.4010135529420278
-0.199786363069151	0.39889276995151135	0.8949692548976261
0.6280782901478235	0.7531928692573947	-0.1954946627015668
-0.7894650298790655	-0.38312130141229633	-0.4795446121083986
0.35323295844488317	-0.9225205998274804	0.1555063341546613
-0.5019675723254655	-0.046624149301559954	0.8636288236479746
0.025037712599816686	-0.9668126609375792	-0.25425654681554677
0.9041291270351307	-0.08661503640378188	0.41838780708269196
-0.42652506912778443	-0.24035622338431106	0.8719548447517049
-0.6186319096471546	0.5679412939996694	0.5428970868740184
-0.6542463881893344	0.010226021597156132	-0.7562123326311896
-0.4350358880684731	-0.8230055376802001	0.365247397034119
0.9965139436719604	-0.054792974359876116	0.06291017428170734
0.054792974359876116	-0.13877753062859255	-0.98880661757162
0.06291017428170734	0.98880661757162	-0.1352914743005531
0.9081232395030829	-0.040102708284852864	0.41677806403725975
0.040102708284852864	-0.9824958215430986	-0.18191683110303825
0.41677806403725975	0.18191683110303825	-0.8906190610461815
0.4808461628093662	-0.6484815612252492	0.5901344189778901
0.6484815612252492	-0.18997355865691468	-0.7371442950753206
0.5901344189778901	0.7371442950753206	0.329180278533719
0.38441784851738703	-0.36457557775282795	0.8481200185395077
-0.8380456367077935	0.24749048307819466	0.48623859532204033
-0.3871723499118866	-0.8976820756213826	-0.21039121315253206
0.4399656975140942	0.20424207935389105	-0.8744800501052815
0.4551156251813627	0.7887571735940836	0.41319715490265674
0.7741446587858848	-0.5797821091798812	0.2540723384160788
-0.4474690576613103	0.20854989630414356	0.8696426755784412
-0.8802100461321699	-0.274638681304185	-0.38704504830768954
0.1581193129371053	-0.9386589026281216	0.30646002576725806
-0.7763764957589083	0.623692276911473	0.09081564047068627
-0.6142333783332319	-0.781023779402489	0.11277948815807705
0.14126887050749456	0.03177734615784532	0.9894611192445619
-0.6226227751361133	-0.7297688635270164	-0.2824505013419021
0.7348757158864171	-0.669320660702676	0.10939623099978821
-0.26888391934481837	-0.13945342944158826	0.9530237032386704
0.0160985555255293	-0.7227926293267687	0.6908774504214822
0.8375327061635084	-0.367672532982783	-0.40417307505133804
0.5461499817965955	0.585139063369487	0.599443470147651
0.9927938012825933	0.10278397059261825	0.06161106657147316
-0.08413213834221776	0.23171051227290407	0.9691398360402869
0.08533610861074367	-0.9673394925730284	0.23868819550981402
-0.7485652362190971	0.09955900766132691	-0.65554411836103
-0.04328157452829425	0.979217816980892	0.19813927478803386
0.6616470300927828	0.17669315465141291	-0.7286993458681932
0.7217131044121146	-0.5723309059213316	-0.38931674642519054
-0.3454950016324956	-0.785220802004478	0.5138691428237411
-0.5998027998990919	-0.2363591043871854	-0.7644416099392402
0.04135796374300782	0.9091012089292696	-0.4145172020053842
0.8597490655298674	0.17898638167189396	0.478325641688299
0.5090393532484025	-0.37616335161648	-0.7741964025653338
-0.381320317581213	0.8379818443878031	-0.39036040254638743
0.9136434156917563	0.4059745872753977	-0.02098436202677334
0.14089188891793075	-0.36465197512557884	-0.9204229531439068
-0.974685052232314	0.22146674160547247	-0.03068438230672743
0.12280962024144476	0.4156279584342042	-0.901205413512351
-0.1868337392738331	-0.8821597828797628	-0.43230460480833033
0.6005733265935898	0.7690241502188815	-0.21889160734125135
-0.7690241502188815	0.4806175525942773	-0.42143638252815135
-0.21889160734125135	0.42143638252815135	0.8800442260006875
0.1711298792799818	0.9753518206946108	-0.13929605265522282
-0.9753518206946108	0.14772043333630203	-0.1639130850257017
-0.13929605265522282	0.1639130850257017	0.9765905540563202
-0.8084309328483084	0.4666958343319948	-0.35865641640876483
0.4164611043154618	0.02294896954722203	-0.9088638475531233
-0.41593217644991115	-0.8841200953568945	-0.21291331940429647
-0.9772071661956234	-0.1421324795328906	0.15768485215058373
0.1676608702785874	-0.061108898844087545	0.9839489494173415
-0.13021515623515453	0.9879595440825983	0.0835461090821038
-0.615835240524294	0.47112666207876963	0.6314955461496953
0.6327769449026147	0.7732913975743075	0.0401715376515194
-0.46940419099971653	0.4243348709640665	-0.7743381837129115
0.9415784097152591	0.3362159062091365	-0.01972213908410328
-0.33386638904990323	0.9240882331474567	-0.18599508493825928
-0.04430950937284475	0.18171351565137023	0.9823527195507513
0.9998394502694686	-0.014958175450973553	0.009865428121707974
0.014958175450973553	0.3936305721699095	-0.9191470098087506
0.009865428121707974	0.9191470098087506	0.39379112190044085
-0.8416334335048192	-0.4037533741244305	0.3586591369113953
-0.5313464727317144	0.5003391155603215	-0.683616628934581
0.0965613251900301	-0.7659268779220721	-0.6356350589403426
-0.09705527456586593	-0.23700178758051033	0.9666490709469423
0.23700178758051033	-0.9487994373496034	-0.20882954860057065
0.9666490709469423	0.20882954860057065	0.14825583721626256
0.3997199385856457	0.23760749899454545	-0.885305962432562
0.39980960326152015	0.8239129882069384	0.4016461987916471
0.8248492297607809	-0.5144998195193761	0.2343366891410219
0.21351805089713782	-0.3780805269045707	0.9008136084211036
-0.9439589030070489	-0.31740604797175886	0.09052618485652858
0.25169749973890515	-0.8696600001647263	-0.4246644001310589
0.04541580406364909	-0.5781826611305237	-0.8146423847979419
0.9984368862683987	0.05286432703571786	0.01814241069222744
0.03257589415376061	-0.8141929582691603	0.5796797717921477
0.970679996923632	-0.12365876222213323	0.20612824672525518
0.22355861206342365	0.779527905829686	-0.5851134855778491
-0.08832831111604819	0.6140397011256472	0.7843171264845059
-0.6371909618158242	-0.12632820162172317	0.7602820947880112
0.30845135249255773	0.8622244934744099	0.40177939966890946
-0.7062899130850852	0.4905202425260538	-0.5104355496499482
-0.8165618097703666	0.5745717833276645	0.055624424744991297
-0.0420706762265996	-0.1553377314190767	0.9869651703071449
0.5757229099370463	0.8035779084825829	0.1510154825585024
-0.9504779772382419	-0.038635929534005325	0.30838106254136755
0.21021260011506734	0.6509222641681328	0.729459298907824
-0.2289154375265291	0.7581605838866029	-0.6105655177806575
-0.5987699622104659	0.19440732147120646	-0.7769686774335682
0.5165146683861125	-0.647680663811302	-0.5601092349416633
-0.6121169248570584	-0.7366923042107486	0.2873974934132102
0.27694771674320906	-0.10705150301025151	0.9549031039293827
0.7607055207137716	-0.5827165942119674	-0.2859518868369205
0.5870494637986758	0.8055937850636955	-0.07994736093477828
0.6421643162427526	-0.618611071717238	0.4527088831614953
0.618611071717238	0.06942844277865867	-0.7826238133881316
0.4527088831614953	0.7826238133881316	0.42726412653590606
0.9580703439986702	-0.15965553736890137	0.23793134584942155
-0.16037609929799218	0.3893313843462355	0.907028433918697
-0.23744625228508087	-0.907155544849113	0.34740192101552714
0.995944363394604	-0.05653472674351112	0.06999035429652742
0.06465704423855259	0.9906873828339976	-0.11982477258003925
-0.06256430014673511	0.12386417628015294	0.9903248831477418
0.8984275383613578	-0.3655785282223962	-0.24327001051649894
-0.1716329177516047	-0.8022673914432339	0.571759717163548
-0.40419067265094305	-0.4719315335190224	-0.7835244270680797
0.8215967445317207	-0.5698361082073633	0.016297213196263496
0.5695632427087745	0.8217362587294406	0.018634206299373613
-0.024010454596781826	-0.006027509637317776	0.9996935366389181
