-0.1909052531241504	-0.6927337109699813	0.6954676052954322
0.8571318970388072	0.22766609222512124	0.4620530938426866
-0.4784141463295794	0.6843158306927448	0.5503015068624096
0.7867922573256967	0.194553583917714	0.5857532302916543
0.2833797949481122	0.729219121160491	-0.6228445754352261
-0.548319100184829	0.65603991975999	0.5186114037059013
0.9562956646225387	-0.04690103079464788	0.28861547972091967
0.15479710646127276	0.9185924162018122	-0.36362869623798116
-0.24806543019000954	0.39241338688545796	0.8857060890259982
-0.6143469676378133	0.2595604446465938	0.7451215866750104
0.7539577278288156	-0.08533158100706384	0.6513572490807513
0.23264898022865277	0.9619495292673608	-0.14327440504455224
0.5431676619204662	-0.5665596606463228	0.6196604247264607
0.7488372399700916	0.6606847644537667	-0.05233001101324536
-0.37975212847044004	0.49244877190119424	0.7831235713316105
0.2371646244389769	0.7778667951452403	0.5819589246030958
0.9535011764566659	-0.07170491428892811	-0.29273522466995905
-0.18597969623180116	0.6243249588774183	-0.7587027733653255
0.9472114610559106	0.08189752715909451	0.30997297154679876
0.17749127563786818	-0.9391004014580535	-0.2942571716267336
0.2669968073156858	0.3337412635958401	-0.9040627599103297
-0.9946877393855873	-0.07947359428543832	0.06542361139025574
0.09899872298571952	-0.5644119168168429	0.8195355031982042
-0.02820556617383214	0.821658771003201	0.5692813979661753
-0.9865963175436976	0.017063059073810782	0.1622854220940942
0.02447040531502484	0.9987425563705997	0.04375506094199764
-0.16133476213430592	0.047139772054637326	-0.9857732682608629
-0.8598413372875835	0.27768978638874403	0.4284404943826785
0.505628150760713	0.3467702059474338	0.7899940489810515
0.07080288023662543	0.8959011144108193	-0.4385751307902104
0.8885881127121765	-0.00893325238413245	0.45861897360276505
0.45003332242345095	0.21047697285465383	-0.8678533589302119
-0.08877598016987767	0.9775579987396054	0.1910475973287672
0.23719891760056133	-0.3412930184912088	0.9095360075435613
0.6302522595408098	0.7665416785133691	0.12327183151722282
-0.7392690733642425	0.5439971788815325	0.3969235525086764
-0.4977373873810855	0.7669278562686684	0.40506685433666
0.8258414722847484	0.2763556657219446	0.4915418686927294
0.2650346314307085	0.5791797728706743	-0.7709133770015044
-0.811909496623805	-0.5627770609433475	0.15519326328177768
0.5792186625287238	-0.8097536602402466	0.09383363312778228
0.07286089671775811	0.16607525223069988	0.9834176632163943
-0.004902261990854084	0.4821603823171952	0.8760692515726761
0.5188337505274034	0.7501619107566807	-0.40996176280667185
-0.8548611040052302	0.45252455554767623	-0.25383856973544594
0.6772717639964068	-0.7190062830321522	0.15599013639805642
0.7332335614853682	0.6421643517244271	-0.22359223977103745
0.060592920417144536	0.26580991391337333	0.9621193209060332
-0.13429676289545744	0.9385702780850855	0.3178839608584964
0.9656506645022904	0.19596435470898188	-0.17063635553356482
-0.22244813692653392	0.284048947857191	-0.9326483911952759
0.03604890461429966	0.8627312952876591	0.5043760388910117
0.9294878025515965	-0.21433599855883245	0.3001874491540125
0.36708704878259296	0.45798994732752196	-0.8096247938168766
0.9444683563078224	0.02011475024109524	0.32798615939691494
0.06927585597002464	-0.9878801168847549	-0.13890187343367
0.32121702898946775	0.1539099460285177	-0.934414976763899
0.8184470763046676	-0.15466423563533452	0.5533745182999297
0.5584258692161613	-0.01266460820456139	-0.8294577483447843
0.1352957201042083	0.9878859154347543	0.07600319866374738
0.14654722425480537	-0.7009463919584626	0.6979957497461033
0.9880312255056738	0.06937525977033787	-0.13777289558383532
0.048147777611931675	0.7098318314447524	0.7027236744117994
-0.44534380619512604	-0.4022157290564491	0.7999321231099716
0.850856703108943	0.08804959388218003	0.5179673153701524
-0.2787682999521605	0.9113011446919027	0.3030156078901052
-0.22655700526840872	-0.17820364418918827	0.9575569876312864
0.898352548322207	-0.41810032063332114	0.13473982636663406
0.37634375547736537	0.8907500115543122	0.2548132544221078
0.12367614850819852	0.6355617293103044	0.7620797192723827
0.7750956559214441	-0.5414078040828376	0.32573657125030697
0.6196216058707802	0.550398835313353	-0.5595803674395845
-0.11693279040022486	-0.4477094023096969	0.8865004306895239
0.9259013535482729	-0.3720009479672852	-0.06574175392334414
0.35921220194572095	0.8131245819644953	0.45803385047218004
0.934626396465184	0.06436302742841679	0.34975834476214246
0.13489425707307914	0.8458296395162275	-0.5161160337797602
-0.32905476510636783	0.5295560608812796	0.7818525052365668
-0.07004124212834228	0.019179486651668298	0.9973597002550773
0.8728401448929697	0.4852315593271499	0.051965520262596654
-0.4829537305626065	0.8741753148680882	-0.050726847043160994
0.919462805640127	0.04753455140226101	0.3902929867002122
0.16766092675956354	0.8504853343868534	-0.49856244306105374
-0.3556374033794961	0.5238465065416281	0.7740199447699145
-0.9632857446148078	-0.20334955246505088	0.17529841338174873
0.22200202391700186	-0.9704910625191081	0.0941392529569199
0.15098236850258334	0.12959960294227582	0.9800042180105933
0.17252232770720488	-0.10023442758893278	0.9798923950967307
0.2840623102262477	-0.9474806980391575	-0.146931721395208
0.943156747498217	0.3036995001134362	-0.13498875241824537
-0.3508114404924365	-0.23580283727798068	0.906271678444867
0.859782883127148	-0.46460634933707157	0.21193002155723112
0.37108587564227125	0.8535443527358926	0.3657284659572939
0.6187230112412505	0.19638878277224892	0.7606663403633643
0.5334743737743326	-0.8158074686733332	-0.223300843220288
0.5767035008447955	0.5439573697065262	-0.6095272365163957
-0.3594964650985166	0.09888585881916628	0.9278921696551099
0.7907114704762859	0.5603090212455482	0.24663570537958562
-0.4955175698589316	0.8223596461624634	-0.2796192953367975
0.7273700159796469	-0.3201604872808704	0.6069844497496157
0.4913819290512305	-0.3744429927783859	-0.7863435921790531
0.47903722157642364	0.8702239410308368	-0.1150375277946254
-0.9907873535582694	-0.024758939310044505	0.13314433879531634
0.13489621810969812	-0.2673704784559472	0.9541048357439231
0.011976241843800708	0.9632756729900737	0.2682471760463089
0.7022381765369607	0.2882094785536218	0.6509968048200343
0.6358640451180245	-0.6651784440746003	-0.39142630681219803
0.32021626994921304	0.688819957616171	-0.6503757425131025
-0.5053549477219217	-0.39422115671793223	0.7675975875476349
0.8497820623589586	-0.07277443191424426	0.5220865144327268
-0.14995607125397936	0.9161296642154616	0.3717789868168144
0.37429367901146704	-0.4310199607682199	0.8210517859863793
0.8739331123763925	-0.1321029939360665	-0.46774962756290817
0.31007282522686946	0.8926200717060365	0.3272373002017612
0.7265233470475442	0.5592630889625453	0.39923504795910114
0.6657365929883895	-0.7167836392019267	-0.20740299739553897
0.1701723095895603	0.4164685004853483	-0.8930819520919906
0.6055415847684076	0.7359127102070946	0.3029057148219795
0.7956862761666594	-0.5530626906943314	-0.2469919231108203
-0.014238645869612293	0.3905818008018237	-0.9204581021677221
0.494403636864742	0.7885887147177381	0.3656403736935274
0.8445405209412352	-0.3362447163821509	-0.41676228139479454
-0.2057093880775095	0.514846899305913	-0.8322357345919866
0.6282486427594637	-0.04923954414623111	0.776452902733426
0.6936199453544172	-0.41660956776242175	-0.5876460154339034
0.3524131301149648	0.9077510315835942	-0.227580865587363
-0.18848950351935523	-0.32408087167736077	0.9270616461033586
0.5925082701479096	0.7152960854006645	0.3705205257699187
-0.7832021813486979	0.6191309221992771	0.057194792659070126
0.8865433659508976	0.3444905814282722	0.30881564014094876
0.44727193748425215	-0.4675494440612644	-0.7624600522631242
-0.11827372585463042	0.8140784708277291	-0.5685838276870441
-0.24252561174379905	0.6285263164754384	0.739010146849225
0.7835463060247165	0.5760703019480484	-0.23280505477438787
-0.5720459019723132	0.5225874823522865	-0.6321912759010373
0.08929493335654037	-0.01825436091413668	0.9958379352005362
0.8746260303542953	-0.47689732587992206	-0.08716792756092451
0.4765036431167533	0.8787694344230434	-0.026618775709373876
-0.010733813749159049	-0.7378735878282413	0.6748535793991741
0.9654200645755852	0.16815769110032208	0.1992161886963056
-0.26047818364936404	0.6536555356678987	0.7105529934729997
0.09660795321989402	-0.5330632459020336	0.8405417772145838
0.9947291368712649	0.022553274510711097	-0.10002646683849648
0.03436346364979953	0.8457747487819867	0.5324323681828109
-0.401765204051604	0.3037815421439152	0.8638874321727558
0.5588646242764801	0.8286609816301403	-0.03148506401583159
-0.7254343888634464	0.4701465220295019	-0.5026999057866246
-0.07146642105800427	0.9505178202894218	0.3023382608493441
0.9972273079567071	0.061786107458085326	0.041474970652145365
0.02074239442731679	0.3044640376750988	-0.9522979590632319
0.4661167613423425	-0.06622833259750013	0.8822408813680539
0.23392241771920466	0.9709323075874265	-0.05070262884069021
-0.8532382242282207	0.23000926512710257	0.4680601143780172
-0.7964945430527397	0.351715380623474	0.4918259183085943
0.41894206907347437	-0.2655035456728918	0.8683290908380065
0.4359862218552824	0.897665950266583	0.06412375600624931
-0.6975226750217245	0.1056862535869033	0.7087259933382594
0.3520189651615951	-0.8109469127581967	0.4673839458673237
0.6241352145145292	0.5754958909416421	0.5284502942682389
0.072844175334838	-0.25372145563612025	0.9645305329898456
0.6711916108032057	-0.7028549101110353	-0.23557758153144912
0.7376961079653229	0.6645452567603629	0.11909682619666151
-0.8855939571582427	-0.4466880712529206	0.1272521514362342
0.4644348567707202	-0.848794740188054	0.2526811287877559
-0.004858689243524193	0.28287321546841376	0.9591450031717808
0.49670051625642997	0.5532982469793217	0.668692490641405
0.8646097817520357	-0.24819122757492051	-0.4368650133090902
-0.07575303590809646	0.7951491460376875	-0.6016637874313555
-0.5898563260047927	0.14036506362696027	0.7952151681055428
0.47939607861876793	-0.7315854085335043	0.48472898595587743
0.6498068285860616	0.6671434920119244	0.36423982015845
-0.35283307072093195	-0.8979597104220824	0.2630155559360089
0.935626662501589	-0.3417585934140357	0.08833918860730755
0.01056279422196138	0.2772533539677199	0.960738780882647
0.6475327378571237	-0.3838303769952498	0.658312687937079
0.5249049759237924	-0.4015983414032309	-0.7504622165256671
0.5524274790899711	0.8315004593371302	-0.05857359873220225
0.7477285918044579	0.4802240558458772	0.45857039719661175
0.5585528140335454	-0.8283377754350916	-0.043304546209979616
0.35905529787670587	0.28851583314296725	-0.8876023361238357
-0.6743027800373915	0.4163529147562415	0.6098901632325505
0.6376748164523316	-0.08820791797293115	0.7652386501408341
0.3724064839611825	0.9049141470774245	-0.2060189241861219
-0.9048360766190398	0.09087829665045997	0.4159480852781684
0.1865586007902018	-0.7935443962537532	0.5792090983793926
0.3827108084701366	0.6016879809105197	0.7010734702639636
0.5778074767450903	-0.17781000407085362	0.7965689689347651
0.34975965537450887	-0.8278782061271022	-0.4385041154790629
0.7374325076166474	0.5319786445639464	-0.4161634515885908
-0.45950346508355255	-0.42596090741176323	0.7793676096253651
0.4747063556931907	-0.8594274590540911	-0.18983761083704762
0.7506733253824184	0.282739717727764	0.5971162454485107
0.7535701741234212	0.11004748166306628	0.6480906915326078
0.2170182780395682	0.8889668304489855	-0.40328778974601426
-0.6205119335422465	0.4445531758306331	0.6460165742382782
-0.6569444055195792	-0.050942064009899535	0.7522160289244956
0.5137480262525601	-0.7604683917989723	0.3971785374315727
0.5518034193244231	0.6473737183336189	0.5257568404051242
-0.57550369302886	0.3722398010564011	0.7281710168769658
0.5506527751095601	0.8346910108105134	0.00851103614512233
-0.6046296557185099	0.4058675239306716	-0.6853426387173804
0.5886802831683754	0.08151581732258995	0.8042454200895591
0.5432812153695491	-0.7766061220268978	-0.3189489806488308
0.5985825300118496	0.6246904055262678	-0.5014587241319468
0.9043881138599967	0.4013286528978032	0.14497396963590486
0.4172070919102817	-0.9029526542323214	-0.10302789270178933
0.08955658528842776	0.15366136983002673	-0.9840568080418102
0.6646244144789475	0.32264344166990944	0.6739255131139583
0.7444070818058334	-0.20833000567992577	-0.6343947550939604
-0.06428440118597706	0.9233091672244993	-0.3786392709207045
0.22646716632122843	-0.20703130095033867	0.951761873057144
0.7921546068276215	0.6077185665699019	-0.05629585000690546
-0.5667483581451376	0.7666917139718115	0.30162910049721114
-0.2552502439776514	-0.21200286444348487	0.9433462240434883
0.36218383589660114	0.883661542933615	0.2965891881970864
-0.8964765373196187	0.4173692166510849	-0.14877081376226475
-0.193443956587388	0.06988772013544532	0.9786189974827211
0.12468655915375719	-0.9876206375238801	0.09517740437373208
0.9731560499869552	0.1404321291983924	0.18233518437918883
0.5554136319038737	-0.3908540716871455	0.7339950899978336
0.8203877702139383	0.11325174432595864	-0.5604801057045022
0.13593970714530285	0.9134588863505063	0.3835534629859857
0.19818035770825593	0.31630684589521607	0.9277254578044346
0.889375565667123	0.3398083929843112	-0.30584531915938346
-0.41198986518227965	0.8857088885730118	-0.2139722311185428
-0.4860034859277709	-0.13634831879466547	0.8632553200692848
0.5880870871373566	-0.7816951316832583	0.20762056508205712
0.646493766101696	0.6085736250155456	0.4600912445668618
0.15935983624851935	0.4852408168505945	0.8597358851723084
0.7804558529237532	0.4713821501684372	-0.41071587519797415
-0.604560256904059	0.7364375181675283	-0.3035896533272322
0.2198700187458812	0.3545158496923912	0.908832045635258
0.5320199497929102	0.737314388537988	-0.4163199076157686
-0.8176869498035512	0.5750530451808205	-0.02649617612468136
0.25110945853168043	0.2669372373013074	0.9304238556582003
0.7806504161771093	-0.6241677964487744	-0.031614705419902855
0.5723014656266678	0.7342745217003153	-0.3651191027915972
0.9420843618965695	0.28957108797507475	0.1691911347525778
0.33154674634195996	-0.8801457038909852	-0.3397356250267294
0.050535235826040005	0.3761543897539599	-0.9251778558789834
0.7272036964818542	0.021308770171168334	0.6860908978677093
0.6120187498681349	-0.47271870974501473	-0.6340110971164888
0.3108180072533967	0.8809557070425281	-0.35680416000409343
0.6016240590455911	0.019933080759009597	0.7985306280093218
0.3886292075312745	-0.8806967923440434	-0.27081451033599907
0.6978651951710451	0.47326085010950164	-0.5375949563774864
-0.7535117788076171	-0.2000652516688388	0.6262538576910051
0.5205646142512137	0.4002327326607157	0.7542057027737334
-0.4015376465384864	0.894308478536137	-0.19743318776414842
-0.792630992787364	-0.35137254213462854	0.498270454579404
0.37811299299467893	-0.9243878578284457	-0.05037512112087436
0.4782955924964427	0.14847365063601534	0.8655569890338193
0.02712914394409538	-0.9055380964593451	0.4233966998095832
0.9658391421233492	-0.08545274052470164	-0.24464787078421646
0.25771837554061455	0.4155701926240666	0.8722858785461926
-0.6149520065597891	-0.5717952319120156	0.5430324505872312
0.6501051863082921	0.022143135895934085	0.7595215127089918
-0.4463152208508581	0.8200974907261811	0.358110079921623
0.9957596111998629	-0.0077853785181961	0.09166343100946131
0.0896109723451069	-0.14321142836825929	-0.9856268870217002
0.020800729277175578	0.9896614949901059	-0.14190650089226464
-0.42947553213152534	0.8778196848277788	0.21209282927341655
0.9025732625079477	0.4093748487389186	0.13331818715294255
0.030203859125992646	0.248686216242169	-0.9681130578321162
0.11479571521827592	0.002266518970307496	0.9933865343657935
0.9873469271464071	0.10986572566164732	-0.11434844895925445
-0.10939830538939838	0.993943854157063	0.010374274014651519
0.38414539033770667	0.3649174717491532	0.8480964319548203
0.8399312309701925	0.24326235014517528	-0.4851174664375044
-0.3833377705407961	0.8986983185775148	-0.21305747079781057
0.4442845169516163	0.19758753081969094	0.8738251745410215
0.45520561279570426	0.7902975002083295	-0.41014352517594727
-0.7716210974800757	0.5799905420168877	0.2611739900805601
-0.4354597046406501	-0.19035202048710798	0.8798528024225154
0.887477340527025	-0.25457154392845993	0.38415790903345925
0.15086025217186022	0.9481347147522636	0.2797887542348454
-0.7769002078546399	-0.6129704782931567	0.14385151989630085
0.6228349960061401	-0.7816566113425694	0.03300772174026519
0.09220973259612295	0.11523946670090987	0.9890486492225958
-0.6284085564103581	-0.7238208442067373	0.2849316965907719
0.7291066262894967	-0.6757344225030564	-0.10856573006805026
0.27112029383835834	0.1395219543165401	0.9523798667195226
0.019095131596845172	-0.7242460880050079	0.6892771430700002
0.8373083597685125	-0.3651727511409253	-0.40689503865976456
0.54639737061141	0.5849072283991799	0.5994442822776168
0.9927000599295578	-0.07979953319583558	0.09043575353575098
0.10651482718051963	0.2283023710848685	-0.9677461541890678
0.05657899439329398	0.9703144139188874	0.23513561094544966
-0.7524823719706473	-0.03594439632965998	0.657630808467733
0.10682084912130693	0.978628017124651	0.17571713146895135
-0.6498919803062896	0.20247272525248944	-0.7325607206658016
0.7148422852054656	0.35544245025031274	0.6022135599953573
0.5833266806447944	-0.7780400049550251	-0.23320320396064603
0.38565592298077556	0.517990748227841	-0.7635149597880893
0.03835292078794672	0.8646475675742041	0.500912804143641
0.906938922362254	0.1803288100389423	-0.3807142122042889
-0.4195126274278604	0.4688988208110052	-0.7772663965916848
-0.37631395345589747	0.8417882385531406	0.3870146894731442
0.915894998091574	0.40099741111424936	0.0183692338028979
-0.13972888357540378	0.3613774172707407	-0.9218905582451211
-0.974861202540172	0.1258768262693444	0.18384955912453993
0.22033313277328312	0.4218484790965066	0.8794868795418583
0.033150360243007895	0.897885786329376	-0.43897855109724593
0.6040098545149611	-0.726204739315353	0.3283272334801602
0.7904260178035665	0.4931377779414323	-0.3633756215628432
0.10197453617453489	0.47900084401064136	0.8718711977173473
-0.6459913407401681	-0.19091273426936944	0.7390855942193116
0.3748173884375697	0.7641328103884547	0.5249885459823689
-0.6649865510020182	0.6161601869494937	-0.42206576620806957
-0.8149269144249756	0.41080080667842495	0.40882370452084077
0.45526127123335286	0.017218377008877184	0.8901913852695787
0.3586520584923219	0.9115625182759192	-0.2010534163193567
-0.976555510832229	-0.12507497331638473	0.1752015562519636
0.18500585080519882	-0.0715427968468132	0.9801298196602225
-0.11005530169441556	0.9895644896969785	0.09300511437394121
-0.619329237602342	0.47458250621816933	0.6254620214230302
0.6337465947109736	0.7724301943907322	0.04143487040815563
-0.46346148614868404	0.4220462528979223	-0.7791536506182053
0.9408794503754545	-0.3324853868473083	0.06480221750972949
0.33873944665477235	0.9241759596181891	-0.17650604223033833
-0.0012029718205994883	0.18802197530287545	0.9821640848972252
0.9978301919875037	0.014896157074188295	0.0641327721418836
0.05332392101520752	0.38851550749477526	-0.9198979616694675
-0.038619521045004726	0.921321770577738	0.3868781819303799
-0.8406661656586305	0.40523195733281403	0.3592595978857539
0.5329827874335055	0.501537967737626	0.6814609418134123
0.09596742268305408	0.7643603388937894	-0.6376076584465908
-0.345092059155516	0.4074649412996691	0.8455080084301169
0.7506232871857388	-0.4209893474126991	0.5092471404922221
0.5634502209088937	0.8103951449612012	-0.16057259287011627
0.3978692626075362	0.23702894255370138	0.886294155607499
0.3971152917757937	0.8263662037694744	-0.3992722658856406
-0.8270426197663345	0.5108191242108125	0.2346578944560288
0.22000380156922006	0.38273063122867823	0.8972823363994127
0.9422282711093595	-0.32155025092044554	-0.09386863829451159
0.2525949572286799	0.8660962417955038	-0.431361898561226
0.04374340030156332	-0.5933940855869904	0.8037225728573494
0.9987876776646536	0.04415518875106694	-0.021759923060662267
-0.0225763122609845	0.803700055055826	0.5946061987802995
-0.9984601764992136	0.01468985455690679	0.05349284174780736
0.05314122719201991	-0.023365315709086065	0.9983136140483815
0.015914958928164413	0.9996190625407819	0.022548700348427708
-0.637686890038043	-0.12598722853958882	0.7599227911561296
0.308799042182273	0.8619807949369951	0.40203514859660805
-0.7056901457586892	0.4910359736360457	-0.5107691168956685
-0.8120548858264285	-0.03469204970160994	0.5825489885777227
0.57968209887416	-0.16314930269121408	0.7983426390192494
0.06734631875815722	0.9859912609748993	0.15259654855485094
-0.950295877520902	-0.04106098990488512	0.3086288066185816
0.20775050064005884	0.6546932463150577	0.7267850319821235
-0.2318997081727009	0.754778608823463	-0.6136218518044594
-0.5933900208063105	0.19438135240632562	0.7810916547014018
0.5206476419003305	-0.6473664543785753	0.5566351648332477
0.6138520311859458	0.7369752801702372	0.2829366010732599
0.28483928901502	-0.10119207738631475	0.9532191473673093
0.7573077635258105	-0.5858809272059502	-0.28849348422422205
0.5876661728710892	0.8040545395746103	-0.09024836094084265
-0.20558342470596802	0.24123561217195377	0.948441265923298
0.8284280042154936	0.5588436281404301	0.03742781209708529
-0.5210014369631811	0.7934098428346243	-0.3147353236855326
0.9537289312207846	0.1470644816106868	0.26224638033925246
0.18527736781616827	0.39947015140158093	-0.8978284330061677
-0.23679827433402503	0.9048732708991785	0.3537385204987574
0.9958741481592723	-0.056385755874128536	0.07110082673602888
0.06498564925558732	0.9900132638359821	-0.12510236936067987
-0.06333676988032624	0.12920674890782358	0.9895928807432869
0.8955246291781385	0.15862695055517473	0.415780145140342
0.36945915810382746	-0.7858343794354523	-0.4959478385783214
0.24806363906983375	0.5977472866143885	-0.7623402208440582
0.830061917623366	-0.5565110631434036	0.03595343530761758
0.5573688254727507	0.8300087749680799	-0.020625854336576856
-0.018363150670480416	0.037160060212356544	0.999140593021056
