-0.13851789433485417	-0.7116198937540593	0.6887742153728607
0.8620990337153734	0.2556628657053823	0.4375177198312443
-0.4874403030280301	0.6543956188062181	0.5780729409608869
0.770345590167183	0.21790435103337186	0.5992373198580839
0.2587695511891742	0.7520824147224403	-0.6061438450092655
-0.5827572316902879	0.6220046103253483	0.5229763605046445
0.9497548063912348	-0.1023410150018566	0.2957906766366005
0.196924043081178	0.9299336916377134	-0.3105547462422952
-0.2432832279326106	0.3531991588402268	0.9033623997052599
-0.6097155305230353	0.40462840845024195	0.6815591118267272
0.7309876395334188	-0.04538775576727194	0.6808795946977486
0.30643766525734634	0.91335414966016	-0.26810474559431396
0.5990341042233056	-0.5344456331935841	0.5962600163835328
0.6826738368282406	0.7300444173693528	-0.031489381989031506
-0.41846693356535436	0.42591432686416086	0.8021735545904378
0.2287569922874242	0.8193920448029878	0.5256109924584813
0.9491797481322556	-0.06784662904941552	-0.3073347371551395
-0.2161667046869129	0.569204279534342	-0.7932707255058589
0.9473324276979047	0.11337976342276065	0.29951010112881493
0.1958867826630927	-0.9450231478908748	-0.2618389167567029
0.25335674415712006	0.30671856676213805	-0.9174606699981656
-0.9938227542174067	-0.0811815420837558	0.07566961361491863
0.10730786131925854	-0.5290155661541258	0.8418001863065345
-0.02830823376359727	0.8447201240597579	0.5344591246387815
-0.9859955772563507	0.06501870822798661	0.15357502795467998
0.07592248123059356	0.9949117007740118	0.06623054058931814
-0.14848736806444834	0.07696281727774194	-0.985914918378846
-0.8903364039756627	0.22059893270865022	0.39829285537590275
0.454442310016097	0.37678880700662143	0.8071631692426016
0.02798704384030229	0.8996478787849898	-0.43571828005575997
0.8948291459451265	-0.035522399150845374	0.4449932119995579
0.4437152057896882	0.1801148858690429	-0.8778812243347026
-0.04896545433394908	0.9830039608500821	0.17693387814356032
0.1926795658894338	-0.3762431566684583	0.9062646809562939
0.6853794194815692	0.7125477442069942	0.1501025102276144
-0.7022318963417756	0.5922134744209033	0.3951627063306401
-0.44267928969279313	0.8036158827277013	0.3977895920016783
0.8648042215883505	0.2653987631664064	0.42623603183296094
0.23695717925408255	0.5326959822802488	-0.8124569438822156
-0.8395121396399372	-0.4843413773709331	0.246237278988381
0.5209540079716348	-0.8462654932524103	0.11154208402457036
0.15435766574894888	0.22191923102039143	0.9627697367116677
-0.01679039187121978	0.5162548442323245	0.8562704120471928
0.5989275121973447	0.6909397489135229	-0.4048309505267815
-0.8006272028065936	0.5060466373546775	-0.32080037865955413
0.7329552215419031	-0.6667397583021458	0.1350360615304513
0.6801087478587465	0.7137791667283871	-0.16724650139999114
0.015123964442820853	0.21442340320899062	0.9766237094479158
-0.21740569239473206	0.9188336787403593	0.32936216498988735
0.9622425370519356	0.2583723986183113	-0.08563295814156399
-0.1637805385331896	0.29830919269221157	-0.9403124803771878
0.11626404295135706	0.8694714764083671	0.480106263267685
0.9221763813289168	-0.2740275441543334	0.2729461975625409
0.3688812736311098	0.411008828076721	-0.8336656099463928
0.916881240781956	0.011485666456850053	0.3989948242373364
0.05734709491811128	-0.9930063722857507	-0.10319716713333912
0.39501911473572277	0.1175007407037725	-0.9111275843302469
0.81618337946382	-0.12772983746931194	0.5634978080765543
0.5665131924273945	-0.014857463019377404	-0.8239187208689639
0.11361115214951387	0.9916977081816266	0.06023422361555797
0.20984360433755656	-0.6606562232623903	0.7207628017477719
0.9762682872842505	0.10121609155874767	-0.19145635025416935
0.05353403554467895	0.7438337566111437	0.6662172690377028
-0.5055762514715374	-0.3437151633431945	0.7913611946740562
0.8456938105306475	-0.015777095431146027	0.5334351526567306
-0.1708643695395317	0.9389414091133256	0.29865431099205786
-0.2991300215156649	-0.1765458894358693	0.9377381186404525
0.8638018044902218	-0.4676419997257224	0.18750307371337677
0.4054228320993704	0.8661076774950245	0.29238641930961906
0.16090021202984572	0.6422745795586181	0.7493960810022635
0.7475204194551303	-0.5750921020820967	0.3323887733068335
0.6444566271413281	0.5067074487074329	-0.5726458042787248
-0.22250728562415611	-0.42663620663626856	0.8766253789568184
0.9097740122082081	-0.4140610372974336	0.029405851505310443
0.350430812792981	0.8040740044169992	0.4802741309565427
0.9489720907412819	-0.013438244182551795	0.3150736177267314
0.18604848829496928	0.8305587677593078	-0.5249362754671246
-0.25463293384257474	0.5567688451156642	0.7906772553395555
-0.08402849891769026	0.02761601381881701	0.9960806027377497
0.8456718235525302	0.5306906435047348	0.0566269171496071
-0.52704684632296	0.8471155745689541	-0.06794722292877675
0.9232748303173841	0.10483405036249005	0.36955839807397234
0.106046305975245	0.8550973949756988	-0.5075062818278988
-0.369212362592872	0.5077580791975336	0.7783726384696605
-0.9615428995622239	-0.2611490118153411	0.08506730235138363
0.26610144590413143	-0.9624815221582483	0.05309745748782971
0.06800935810020184	0.0736920153870968	0.9949594032316024
0.20628518968666143	-0.16012864381537203	0.9653005946055289
0.2439290265348373	-0.9469574047763669	-0.20921353577857704
0.9475996256487782	0.27862248826872715	-0.15628326366325362
-0.33818871542055806	-0.24273430843053334	0.9092350896621528
0.8376803245481617	-0.5179360355371219	0.1733030206227671
0.4288590288510654	0.8202574709216852	0.37849387679337887
0.6399083559089674	0.1910256528728966	0.7443295614056757
0.4912192647975451	-0.8465578457859055	-0.20504498928304876
0.5909491771122466	0.4968390219002629	-0.6355549200403912
-0.32774447421074115	0.08665884064277457	0.940783612188677
0.8126291002358319	0.5337696509631618	0.2339314112310844
-0.4818895154225988	0.841177867664809	-0.24536154930359055
0.7643254055324631	-0.26225650776617737	0.5890909934737797
0.5034246956886028	-0.32819149337526166	-0.79928337868803
0.4029519204923503	0.90747554667352	-0.11881869365180786
-0.990334813642183	0.06730848521077336	0.12127046098260202
0.09725510249438162	-0.2863811811409618	0.9531669655034812
0.0988858024546953	0.9557486002641794	0.27706716002794785
0.7442780655787595	0.24799522112586675	0.620119771815955
0.6121021312731485	-0.6247260798564906	-0.4848178070554037
0.2671724948216204	0.7404158935664968	-0.6167683216288893
-0.4935128557960744	-0.39664302187243705	0.7740280191077743
0.8606469335374765	-0.09437079460464326	0.5003808638609465
-0.12542693871948785	0.9131092302269154	0.3879428008326331
0.386418079006851	-0.460714362742498	0.7990139824680349
0.8741825641230915	-0.09327660097034363	-0.4765546351622195
0.29408487346314166	0.8826334186253052	0.3667046979873243
0.7177445898938905	0.5918009542438343	0.3668982614215258
0.6741842823957029	-0.7224047103383759	-0.15364565679354322
0.17412138596003135	0.35763538001296147	-0.917484974217204
0.6223877500802173	0.7386067665517269	0.2590241937620649
0.7756674698083972	-0.5377444912820974	-0.33041010634784984
-0.10475430698126058	0.40655984368818454	-0.9075988258416352
0.4731528417399339	0.8097469141622198	0.3470393685998575
0.8403292665449063	-0.2965475869603933	-0.45376894170499144
-0.26452431294972667	0.5063294023387648	-0.8207663639463696
0.6484361035851485	-0.027611064621698544	0.7607681964158116
0.6956202739698008	-0.3844876846996339	-0.6068621381800766
0.3092621121467839	0.9227171015131189	-0.23010887980636197
-0.16172010547248883	-0.3524329841495864	0.9217578853307327
0.5650155193878561	0.732732332456292	0.37928985199189424
-0.8090760596735254	0.5821463051987699	0.08063255550075643
0.8889820752848543	0.3201555993654732	0.3274313088529689
0.4511872510712085	-0.4899827440159601	-0.7458867038883291
-0.07836411355359027	0.8108127421060453	-0.5800360014218386
-0.22721094561831312	0.6262189312895297	0.7458049586090397
0.7931602925004226	0.5633473371105489	-0.23137961917830563
-0.5650415352802626	0.5389708970483035	-0.6246906718873517
0.10860795398255674	-0.07445090593949538	0.9912927796249256
0.8816129481055779	-0.45352871017083074	-0.13065343004825547
0.45930700197614516	0.8881265515992477	0.016380057390447678
0.0661239129755522	-0.6801890894527414	0.7300482386269088
0.9684040031508767	0.22006574748860852	0.11732328610994835
-0.24046063048690192	0.699223762018805	0.6732494454614212
0.1480486167155225	-0.5143529221148353	0.8447027161081881
0.9826601368065617	-0.01989925414600746	-0.1843449896681263
0.11162733813868958	0.8573477072905499	0.502488055762232
-0.4041342125812082	0.347413982365979	0.8461554603487339
0.5222948055278455	0.8470760645324908	-0.09833756665068241
-0.7509218829811771	0.402201026543641	-0.5237849366937204
-0.11490089193336295	0.9648105483393308	0.23651298240493557
0.9931442179374614	0.11672415937995784	0.0063271632213837
-0.021502265236607157	0.2356184976401513	-0.9716077275112069
0.4648260719956896	-0.1855496929958544	0.8657413206161538
0.229716350081625	0.9695851841316574	0.08446874698701429
-0.8550831078311828	0.15961166041841715	0.4933122708389095
-0.810242172009096	0.3692095129457931	0.45518343362683256
0.3796762233597831	-0.2609991008745358	0.8875389764725471
0.44649030013342383	0.8919438350552206	0.07129240488124111
-0.6978948909150868	0.14307190216320761	0.7017643137450212
0.33090713316838805	-0.8045734456879203	0.49311463141154677
0.6351717802712097	0.5763609991188409	0.5141641841297715
0.060199442103665235	-0.3243182186224019	0.9440305716659814
0.6729093670308792	-0.6853526408600128	-0.2783608115886794
0.7372713278925942	0.6520041799987165	0.17697892058573605
-0.9002064709850739	-0.4212376315029774	0.11039550444814863
0.43533989099076437	-0.8645159972965915	0.2511797558133004
-0.010367685795239327	0.27417320843591114	0.9616244396162202
0.4888917193754303	0.5410858089251165	0.6842594786380294
0.8666388525859876	-0.2116934485963533	-0.45179971559290066
-0.09960916581609502	0.8138869892074915	-0.5724211586622092
-0.5877142305488343	0.19152095437267733	0.7860736016726236
0.43260389179862624	-0.7466405220295171	0.5053531474762698
0.6837001214063619	0.6370617355481876	0.35595854967855034
-0.34418567433086933	-0.888226620653846	0.30428554344111236
0.9361218913178893	-0.34956486627791117	0.03847348254998342
0.07219436391313751	0.29809037996210885	0.951803603267619
0.6464728960749877	-0.35617376936034195	0.6746947759246873
0.5486154100697443	-0.3975263570794785	-0.7355228937709042
0.5301829179391055	0.8456435664313686	-0.061587596793599486
0.7615076850013149	0.5210351860870126	0.38552351490306036
0.5839410704426495	-0.8096336520146861	-0.05921296965746049
0.2812807706442634	0.2702141454192117	-0.920796092346799
-0.6915669724406244	0.34574925757275127	0.6341865447304924
0.6254115028583385	-0.15264646425199224	0.7652186021287251
0.3613800972961626	0.9258274719618429	-0.1106703096542132
-0.8968561868649012	0.09620456260151167	0.4317333230326351
0.1930474707453954	-0.7930595214953482	0.5777449864813845
0.3979719262975161	0.6014991916039633	0.6926882909208321
0.5640304165721944	-0.15004068530790318	0.8120083016408957
0.38119191254199536	-0.8249966004785563	-0.41722096664885083
0.7325042081749242	0.5448563131240753	-0.4081288804469332
-0.44460288258784364	-0.4013455529480185	0.800780883839911
0.4671135148347895	-0.8666990413671116	-0.1750363846519287
0.7642860989533099	0.296233892088968	0.5728108240288
0.8101347254062097	0.1304138432913675	0.5715539835999569
0.1704567584902628	0.8804200086263336	-0.44249870270476377
-0.560915519642662	0.4559088043549733	0.691028900940924
-0.6220062075111974	-0.028934326022323043	0.7824775284921418
0.531144792010094	-0.7498421382965876	0.394489515139952
0.5753203348901293	0.6609837913386639	0.4817747812510268
-0.5898060514761498	0.38324751790771683	0.7108095115146449
0.5133040619583564	0.8574353307932083	-0.03638122434159263
-0.6234162025638776	0.3434035432623196	-0.7024430545287774
0.5663856617067122	0.03875078452131056	0.8232288010705363
0.48551552049740254	-0.8228425639357972	-0.2953045789209841
0.6659444132727491	0.5669466391773976	-0.48486033737177103
0.9280821940321249	0.33748285615198137	0.1573809484150425
0.35473086532521014	-0.929819703573576	-0.09798638697275933
0.11326718106382291	0.14676730102392957	-0.9826646961420802
0.6832940036520894	0.303452506648201	0.664097794592048
0.7301196485881274	-0.27664456963464157	-0.6248144371229055
-0.005882458554698711	0.9118028066970333	-0.4105862130914344
0.2038305085538653	-0.16189101691635033	0.9655280536703544
0.7965486100386248	0.6008034707542216	-0.06742033354423754
-0.5691778593974012	0.7828323499776126	0.2514161414872186
-0.3156615346260776	-0.25206499048165937	0.9147792280823777
0.28118972376900647	0.8959168627527166	0.3438972437837205
-0.906250591615928	0.36578165018055625	-0.21192840674852853
-0.1660627883734982	-0.04868338258643753	0.9849127263760792
0.07327083506024154	-0.9966288894249966	-0.03690855582480769
0.9833893100126693	0.066036240227928	0.16907004444716311
0.5542378392929309	-0.2869961663137832	0.781315312800853
0.8319589415564703	0.16193311906459196	-0.5306806803664992
0.025782495227205937	0.9441455743004912	0.3285184887775041
0.17125546367097122	0.3925439127528413	0.9036486279099472
0.878619669013967	0.35412799586464005	-0.32034487629222397
-0.44575670873765594	0.848824268683208	-0.28425044856567827
-0.46633359021942167	-0.20153994453483642	0.8613446658509936
0.6338439154220348	-0.7553436492567345	0.16642674788021297
0.6170695856348207	0.6235684583784001	0.4799869833652328
0.1680835389602645	0.4480894302606033	0.8780454352818657
0.8135230428994564	0.4399769657278857	-0.3802637614873287
-0.556711938620147	0.7782262730836134	-0.2905781913361478
0.25989939223033964	0.3711729180953246	0.8914499261264772
0.5225064705383122	0.7222939870297175	-0.45307657691201636
-0.8120586765523143	0.5835426815352205	-0.006216483152741592
0.28121751588738986	0.24956221988922472	0.9266258183118405
0.7688571726368818	-0.6364138696550359	-0.06193572955510884
0.574260704595871	0.7298603187697394	-0.37084843028168346
0.9486210225391503	0.2347829678458801	0.21212051670278703
0.299659355040148	-0.8818725623642332	-0.36401243754309287
0.10159934317553149	0.4088737479450375	-0.9069177645782875
0.7544719395682868	-0.03633482714297814	0.6553257760385723
0.560918952935477	-0.48275108281007295	-0.6725483776528418
0.3407961570232788	0.8750035270684293	-0.34384125258027565
0.6064733933149048	0.04591497731856192	0.7937769447766423
0.3345110750432281	-0.9204138475577479	-0.20233805845012637
0.7213129444800839	0.38823982804676144	-0.5735655778057924
-0.7368077869807577	-0.20948352348586188	0.6428304118758434
0.5232335799854905	0.4254703941036796	0.7383776571083573
-0.42818326195694006	0.8803928652193906	-0.20388108556388085
-0.7605631499887611	-0.3999178004276529	0.5114777099544824
0.45371160265530874	-0.890879396761161	-0.021901644742375853
0.4644238112921481	0.21540578759071918	0.859017386423172
0.03486530932404963	-0.9285080220577882	0.36967183173738344
0.9831385517448616	-0.03457408314885657	-0.17956397424715206
0.17950765520933715	0.369699182780744	0.9116465959857996
-0.6330183349835949	-0.5581978193612046	0.5363795130642047
0.6251520104355156	0.0400599108562939	0.779474289114541
-0.45658816391035634	0.8287402476063184	0.32359983092453515
0.9897193278583142	-0.002718823972072279	0.14299741277343372
0.1410146060410134	-0.1484264473008785	-0.9788178945160011
0.02388583150708145	0.9889197124831968	-0.14651712976770637
-0.4723110317437811	0.8510786013856118	0.22931965366412893
0.880950322959031	0.4471976879911802	0.1547280075930727
0.02913447736795799	0.2750989678622113	-0.9609743701627229
0.10881891263422105	0.06234258086425082	0.9921047559931816
0.9820299782772941	0.14806708367371813	-0.11701820583592032
-0.15419327487865175	0.9870104058942564	-0.04510978428957646
0.34449835379977156	0.28130392658126724	0.8956500349574092
0.8538429074787478	0.3026791623074404	-0.42348271989905895
-0.39022195424845857	0.910633529799352	-0.13591688941293034
0.3672605940258431	0.26312562254908956	0.8921236253087007
0.44051154876854715	0.7955523505834894	-0.4159880201191144
-0.8191881538922062	0.545766767254327	0.17626515334416049
-0.42626020342168247	-0.2245169592739058	0.8762958256076
0.8971732363950515	-0.22880772716883913	0.37779254609409546
0.11568242249942307	0.9472270894491086	0.29896223530478816
-0.7701151112533873	-0.6232387778980943	0.13600051890810078
0.6276369966690589	-0.7783968060963826	-0.013046557829342272
0.11399349030285243	0.07531160589869626	0.9906228576938516
-0.5836164310088319	-0.7559696603087298	0.29648226616311624
0.7782964419233445	-0.6248968595555553	-0.06130712362414974
0.23161716245989938	0.19497124816317984	0.9530685717427243
0.03214666659024856	-0.7427086747415688	0.6688425945547711
0.86147095580256	-0.3187228313336188	-0.39532714186519674
0.5067883030770928	0.588896919036179	0.62957607531889
0.9896114775266261	-0.05895245736467811	0.13112486918290442
0.14081678119233645	0.21362509348324044	-0.9667134805974863
0.02897857281160726	0.9751353378915887	0.21970733968818557
-0.766939517651188	0.03143705918653765	0.6409488962270437
0.10461927770680658	0.9915618229124346	0.07655036299506203
-0.6331339376443735	0.12576510904170443	-0.7637568686111169
0.7440888129739851	0.4202450013127633	0.5193514968483307
0.551107994147144	-0.8255271401192488	-0.12159325521445286
0.3776397982126322	0.37669494262356523	-0.8458658894929814
0.0887258443552752	0.8860374918664785	0.45504426987975954
0.9275940171254292	0.09294539738329466	-0.36184318771861684
-0.36290090098614003	0.45420118462221276	-0.8136364175423973
-0.4151112157275483	0.8477283566508669	0.33021101118408713
0.9062456083952986	0.4172243481873321	0.06813765877905506
-0.08000984840275469	0.32753698510195217	-0.9414446067341888
-0.9615627764981349	0.17885607184807256	0.2083447441532304
0.26229088516455734	0.3737875031217036	0.8896552107809156
0.08124357459387747	0.9101062619678647	-0.40633246672409706
0.5977919943190868	-0.729354467339395	0.3326962465975176
0.7999956511966675	0.5160983206696939	-0.3060220277501958
0.05149455888177648	0.44909306872182864	0.8919998464302459
-0.643665695215371	-0.16881021436664792	0.7464566861703362
0.3613520859473527	0.7927596128500813	0.49087357457423414
-0.6746251868885497	0.5856921612581779	-0.4492722442532082
-0.793871523383826	0.43470777755844986	0.42520248410661554
0.4736667390955524	0.0035794884291591167	0.8806968874347015
0.3813237792674741	0.9005644537692895	-0.20874826938777713
-0.9738874302535006	-0.14867084371918998	0.17158162320615006
0.18618824180850796	-0.09055264653889195	0.9783323345454034
-0.12991232353587412	0.9847320439757339	0.11586884724067859
-0.5728448378513513	0.5199469820539075	0.6336433757249356
0.6945300158969268	0.7184403299610641	0.03836077819403366
-0.4352893850822381	0.46205911757963486	-0.7726736200338766
0.9339368691706312	-0.3456755086289033	0.09094155891509774
0.35743137504284406	0.9016371919649862	-0.2435019223753201
0.0021763590560774093	0.25992078947179975	0.965627488559442
0.9975185754584202	-0.021648158739853977	0.06699290140438992
0.0701859781214467	0.3805633126311381	-0.9220875736904551
-0.005533542313928077	0.9245014452678745	0.3811383706832352
-0.8519595015700436	0.4090175171198191	0.32690928156548255
0.511746390822875	0.5182971951422839	0.6851887688713251
0.11081804530076637	0.7510477269766412	-0.6508814582079725
-0.3439209909858274	0.46228227806468125	0.8173208961886729
0.7960037652919513	-0.3181810607717508	0.5149163215583671
0.4980927198829177	0.8276810424031061	-0.25854928823368484
0.4374667214560002	0.30752575946071686	0.8450152512745835
0.31787422296327866	0.8261491549865773	-0.46522419551271843
-0.8411770598358171	0.47212866994398206	0.26365825043585545
0.15524905777556763	0.41192946959968924	0.8978930014957893
0.9618545967470432	-0.27026851605485125	-0.042316237381081256
0.2252409038704597	0.8702120668577447	-0.43817518633394914
0.03426474350392539	-0.600709354871298	0.7987328704408747
0.9983640430211315	0.05717698597092202	0.00017285190521904026
-0.045772971884184444	0.7974202551010288	0.601685774968546
-0.9959811850007911	0.013019780215659311	0.08861131105877576
0.08854891564565004	-0.00529425456077437	0.9960577595735224
0.013437583949458425	0.9999012232174643	0.004120090511094854
-0.5625922496172984	-0.1365361355110481	0.8153820235756098
0.33641102152920194	0.8631147494329385	0.3766438024247773
-0.7551937402178507	0.48620038359818735	-0.43964940773842653
-0.8327652788880939	0.0038931351987585017	0.5536125303646574
0.5453064571855251	-0.16694039992336962	0.821444928540676
0.09561829338680794	0.9859593025940518	0.1368992169372959
-0.9292222374910604	-0.013021474428040497	0.36929185552328125
0.2696759174390655	0.6593413490447185	0.7018147084475282
-0.2526280524912198	0.7517309536287639	-0.6091630655669165
-0.5776944993973028	0.16889795235699076	0.7985878455471983
0.526542133692469	-0.6704754703803908	0.522700703141651
0.6237166398395045	0.7224514691713279	0.29839810300923164
0.30153602170923843	-0.1041038019665998	0.9477544122967005
0.7197399813068264	-0.6270933798765892	-0.2978728793015643
0.6253402169381197	0.7719561459895594	-0.11416357452677661
-0.24868628340283827	0.21839327336095804	0.9436416219084285
0.81008595781999	0.5809599023099543	0.0790337450136186
-0.5309575062000282	0.7840854354333425	-0.3213940829435933
0.9479448570451169	0.11786219689644359	0.2958192869717202
0.23374688029570748	0.3733150434483623	-0.8977740663926373
-0.21624741375040113	0.920187144486322	0.32633215466510734
0.999998586961788	-0.0003782390431430749	0.0016379895157063234
0.0003803386764336216	0.9999991062756101	-0.0012817138808218966
-0.0016375032575632774	0.0012823350604756222	0.999997837097598
0.8968521407077193	0.2759489271064814	0.3456999093675944
0.40407806559430354	-0.8290431209604923	-0.38653385426590026
0.17993652940286164	0.4863534653077619	-0.8550340064404367
0.8657791482999545	-0.5004253265169817	0.0009792596069273152
0.5004256876853207	0.8657794804264456	-0.0001495900659401103
-0.0007729642160963598	0.0006195586221028213	0.9999995093365969
