-0.19247707224215138	-0.6918554024988333	0.6959085275338039
0.8572631409244098	0.22656510147830322	0.4623506915800403
-0.4775484099790355	0.68556863757417	0.5494935480068819
0.7865294667776581	0.19364311589405436	0.5864074876374743
0.2845152254126092	0.7291614214615683	-0.6223943347754359
-0.5481080955421704	0.6563733427851768	0.5184125292488095
0.9565300100613809	-0.04693971491828354	0.28783155319624826
0.15470611754471336	0.9183162163057178	-0.36436430130323066
-0.2472172264350034	0.3930546908934434	0.8856588806761009
-0.6142946874814808	0.2574633138608909	0.7458918681335777
0.7545925403861407	-0.08471599079464642	0.6507021583622357
0.23072090266298106	0.9625673186429351	-0.1422393129726427
0.5418360400713713	-0.5675945156487681	0.6198791587763018
0.7506047961095186	0.6586194806824733	-0.05303602288008702
-0.3781615339205764	0.49402109820430695	0.782902937018279
0.23763754964969963	0.776557746260194	0.583512177867587
0.953630033202556	-0.0722830178709688	-0.2921727658450679
-0.18471100338252253	0.6258859577037602	-0.7577259485979533
0.9472404357699252	0.08043639981008946	0.31026688902941874
0.17639388289054178	-0.9390488221721838	-0.29508051046423356
0.26762054278623687	0.33424137260762055	-0.9036935044118521
-0.9946017324623517	-0.08000302242835103	0.06608260122919841
0.09986869745396873	-0.5651336275621908	0.8189323697761902
-0.028171564595104618	0.8211111370580281	0.5700726826883885
-0.9867013327603722	0.014661283015256937	0.16188121172406716
0.0224548481314	0.9986696182987446	0.04641953556893492
-0.16098527797379947	0.04943723563657652	-0.9857178602461825
-0.8590367549501066	0.27885367266178496	0.4292976623367804
0.5068919109728209	0.3461717442831168	0.7894464605344089
0.07152932430207909	0.8957710381023816	-0.4387229228817082
0.8888401165925455	-0.008215418197185714	0.45814381370874757
0.4494206508159232	0.21060458187115239	-0.8681398439854427
-0.08935505445100592	0.9775368110709296	0.19088597969818355
0.23819786457344427	-0.3407514024278253	0.9094780146084465
0.62891544551728	0.7676962905715192	0.12291366007295881
-0.740085900218652	0.5427069993893573	0.3971674371236239
-0.49891312462995074	0.7663169059163837	0.40477659737035143
0.8249882632064818	0.2768707814597302	0.4926834033590245
0.26548080842790145	0.5797421582743648	-0.7703369199745325
-0.8109467052118602	-0.5644931193005573	0.1539901281522778
0.5807194448139059	-0.8086913019811126	0.09371928571602331
0.07162658529524576	0.16542640769363107	0.9836176777165625
-0.005473282429514281	0.4812507228094815	0.8765659045244678
0.517871272915397	0.7512370452020708	-0.40920929437764275
-0.8554410487394402	0.4517085827294114	-0.2533376569327057
0.6751875479369642	-0.7204669041642405	0.15826943834759943
0.7351910782821663	0.6397774741435327	-0.22400638828575178
0.06013196758110563	0.26760460306675676	0.9616506241313986
-0.13223396577886048	0.9389703356136	0.31756713799144676
0.9656685339910441	0.19430775547090973	-0.17242035443486653
-0.2236033558647612	0.2838647653400128	-0.9324281925405713
0.03422346119197939	0.8624142467126787	0.5050449700482563
0.9295990569071861	-0.21302786076279379	0.30077354261320577
0.3669800377422609	0.4591958161893799	-0.8089900211330534
0.9448001755241999	0.022423534392185012	0.3268788972001765
0.071459489178835	-0.9877408146832651	-0.13878625441714024
0.3197595498741844	0.1544838765509259	-0.9348200693984146
0.8187062009654669	-0.15532775158924644	0.5528050706052922
0.5579155874201605	-0.012555399002464274	-0.8298027231032123
0.1358320794742908	0.987783200678225	0.07638059075165393
0.14419098697395094	-0.7015311156571764	0.6978990278258563
0.9883595856291223	0.06751798496811534	-0.13633286911407405
0.04852101370033163	0.7094331649074794	0.7031004876679076
-0.4438811700073635	-0.4029305832082568	0.8003851897857355
0.8512803495324222	0.08929118912736156	0.5170578788145276
-0.27980577801905904	0.9108644403310932	0.3033722102096257
-0.22500147372886636	-0.17840252536575513	0.9578866716699629
0.8990339659114899	-0.41702966375725237	0.13350725704609173
0.3756491247924004	0.891211982914073	0.2542222188422354
0.12251765237737122	0.6357552570022896	0.7621054244984022
0.7758138269432725	-0.5402456399452291	0.32595636892658386
0.6189526078623235	0.5513165168159955	-0.5594173464474501
-0.11456770778448022	-0.4480332169666994	0.8866456320466934
0.9261786813732489	-0.3709455682506553	-0.06776751113113438
0.3592593638344309	0.8134283139218039	0.45745719756892134
0.9342190516986081	0.06515637796223764	0.35069846001115457
0.13457704049721533	0.8461334701414454	-0.5157006601483138
-0.33033889207049816	0.5289733425393361	0.7817054555703178
-0.06981758037504937	0.019101710660747506	0.9973768746669468
0.87366458438328	0.48375338381283906	0.051892751362965395
-0.48149319773488386	0.8749958790185592	-0.05046297886148654
0.919313050066622	0.04587594609660854	0.39084384803517824
0.16946255734031157	0.8502271198050588	-0.4983937062279937
-0.3551703220102801	0.5244132362152343	0.7738506316114104
-0.963587827176237	-0.2017424749789748	0.17549493755415155
0.22051250123211968	-0.9707653864515509	0.09480928893270574
0.15123735027476595	0.1300559043524306	0.9799044471911224
0.17128072843022368	-0.09898751477053548	0.9802369019721533
0.2853075702295371	-0.947324878571933	-0.14551688839578028
0.9430071592719376	0.3045932473943328	-0.13401660793963188
-0.35152319153849976	-0.23554191718543943	0.9060637124723596
0.8600738948767068	-0.46348942124635406	0.2131911155379868
0.3697355016254169	0.8542233675341171	0.36551073472125806
0.6182676525328924	0.19682513062351167	0.7609237660807449
0.5347613103390619	-0.8148460414083305	-0.22373258539073407
0.5759995232601465	0.5452392105821171	-0.6090474139571345
-0.36056304300548137	0.09887330791078064	0.9274795744389235
0.7899651341588849	0.5610725106428239	0.24729076936734418
-0.49593283701723334	0.8218404387615262	-0.2804084777325744
0.7262656643093333	-0.3213021287981846	0.6077031568743719
0.49151954597473363	-0.3753071630311344	-0.7858454487380537
0.48056916335748634	0.8694305466265124	-0.11464642961125904
-0.9905868558155175	-0.02721004654328142	0.1341539952913821
0.13652822129348113	-0.2671711649351376	0.9539285158845184
0.009885639886520386	0.9632648555793543	0.2683711834935337
0.7009071555433986	0.28914571054263105	0.6520152738877052
0.636847836423743	-0.6653401715274496	-0.3895475444592378
0.32117595263415916	0.6882711778264592	-0.650483507264342
-0.5051084227232998	-0.3942795058971551	0.7677298695006438
0.849859572698898	-0.0722641191395974	0.5220312287373472
-0.15034689217282388	0.9161449494018254	0.3715834276437796
0.374216557726204	-0.43065133317440585	0.8212803401754225
0.8740585045413528	-0.13207825608269763	-0.4675222614048317
0.3098123602480782	0.8928016372662297	0.32698858991141355
0.7262411035930216	0.5590522839297946	0.40004300179464497
0.6660998232246135	-0.7161431800026941	-0.20844656686011265
0.16995553816256997	0.4178510375343215	-0.8924772408747248
0.6055695676828827	0.7354501429003424	0.3039713572102354
0.795709040907107	-0.5540650516974275	-0.24466107313223914
-0.011516115450030145	0.3900320573945082	-0.9207292616668314
0.4951977002389918	0.7877104698217182	0.3664579831457646
0.8445330457142289	-0.33749875840657095	-0.4157625798104858
-0.2038214227569357	0.515370549999969	-0.832376131215971
0.6278064729486404	-0.05008972623223129	0.7767561083440336
0.6931963514433247	-0.4179139280387505	-0.5872195220672459
0.3540308614647184	0.9071047172610239	-0.22764705368914218
-0.1891320054402652	-0.32335027480789014	0.9271858952226383
0.5932547041826173	0.7147940099115808	0.3702949896497631
-0.7824819106428841	0.6200920279895435	0.05663864705725685
0.8861161972089486	0.34577704302304046	0.30860382622740457
0.447721293209682	-0.46658312980110384	-0.762788192483114
-0.1197653065399226	0.814087476567014	-0.5682586135256991
-0.24267171924019548	0.6283616690148416	0.7391021915769775
0.7829003771075297	0.5767536013909893	-0.23328583927750904
-0.5728677301139384	0.5220315088147522	-0.6319063756591621
0.0879628385746074	-0.016738861272623695	0.9959831070621596
0.8744623879324094	-0.4775425805473881	-0.08525617781539152
0.47705143446115533	0.87844914154858	-0.027368496325463454
-0.012314852278251909	-0.7390517760413111	0.6735360545238454
0.9650684316711258	0.16751203124301128	0.201451337996733
-0.2617083617410769	0.6524892272819713	0.7111726525083607
0.09540320189874096	-0.5340050470163594	0.8400814477349943
0.9948962183524398	0.02329316574622564	-0.09817811944386168
0.032859454887176676	0.8451603624109301	0.5335018444522408
-0.40326537825137687	0.3029834694179736	0.8634686166637568
0.5595063003575655	0.8283066437565174	-0.029339457544466013
-0.724106162495503	0.47128454374004425	-0.5035485520461505
-0.06981223117428548	0.9503427740732963	0.30327357970179436
0.9973428537225705	0.06014816246573618	0.04110268459012806
0.020820290751772996	0.30533720755693666	-0.9520166517316517
0.46621234833830594	-0.06369187876268674	0.882377125064199
0.2335203572263329	0.9708898818910062	-0.053301782358133515
-0.8532961320771164	0.23090297057713913	0.4675142020953854
-0.796331961842359	0.35636842730994145	0.48872993622750194
0.4151925893024959	-0.26552226067781093	0.8701224298182602
0.43985283940948716	0.8958233492721559	0.06348233267790682
-0.6970976222869751	0.10457533122674578	0.7093087516030395
0.3533149158876591	-0.8107413820833569	0.4667622323933945
0.6238777726551431	0.5759882042858041	0.528217865383662
0.07265952912324114	-0.2520366073079606	0.9649860835288153
0.6711379665396145	-0.7033539803137969	-0.2342370770091918
0.7377631209925446	0.664658353557248	0.1180459671056503
-0.8850133128076756	-0.44781020837252955	0.12734776570688347
0.46554160984486276	-0.8484335217413614	0.2518562460782029
-0.00473768469161822	0.28218181455030444	0.9593492470841161
0.4973682409255248	0.5535689541796686	0.66797174033568
0.8642731683207935	-0.24941951508474913	-0.4368315419193377
-0.07521119224813866	0.7945761879538781	-0.6024881393830896
-0.5895202895865954	0.13908126970766937	0.7956897816248737
0.48063582167602487	-0.7313033547659562	0.4839262446177828
0.6491956832015667	0.6677213518561169	0.36427072513158487
-0.3531811173324453	-0.898009348285001	0.2623781788803191
0.9355043242390041	-0.3419070028528961	0.0890576258962337
0.009734356164084745	0.2769093927495003	0.9608467258190423
0.6475156371582937	-0.38483648823246835	0.6577418771527248
0.5243266738607014	-0.40134965079145224	-0.7509993321486732
0.5529964183551848	0.8311554217680834	-0.05810013900032285
0.7473123338165183	0.47945424365492384	0.46005206658267894
0.5579317405323296	-0.828794767251803	-0.04256062361614624
0.360882873841741	0.28848372920723797	-0.8868712924378663
-0.6736221361191568	0.4177767256425007	0.6096686192036581
0.6380993458118278	-0.08746400929179732	0.7649701118038024
0.37291077029871617	0.9043299478564419	-0.20766536255520096
-0.905108073281865	0.09067677152246918	0.4153999263195071
0.186277545173479	-0.7936711488524928	0.5791258789272904
0.3822042017614831	0.6015511870035883	0.7014671179538221
0.5778662324048411	-0.17863669315165415	0.7963413522517061
0.34915229489192506	-0.827837408247855	-0.43906480213879207
0.7376742454620037	0.5317651336495429	-0.41600787278217166
-0.46030405810532793	-0.42602758059485424	0.7788585716702754
0.47491914137801927	-0.8594044744435962	-0.18940897143242857
0.7500479872945007	0.28270912592065467	0.5979160199197274
0.7520630275417937	0.10942641788728939	0.649943891172944
0.21823845292389193	0.8891484145661482	-0.4022276401987948
-0.621910910235588	0.4443432861458146	0.644814596443878
-0.6581610626057903	-0.05158478119279222	0.751107865768232
0.5135820412228693	-0.7602474282879985	0.3978157044597853
0.5505065872475712	0.647582317648325	0.526858272466378
-0.5748345183707799	0.37249301710772764	0.728569988879185
0.5516809487014686	0.8340080562448895	0.008870905166263987
-0.6043288900336317	0.4070374851590494	-0.6849139203915449
0.5888619426665145	0.0823406299294411	0.8040283783187264
0.5444163959899408	-0.7756711790441471	-0.3192882863143991
0.597371241571221	0.6257429525476772	-0.5015908263520898
0.903532051392059	0.40341049327513345	0.14453306204038957
0.41919053690229413	-0.9020667347356104	-0.10273704227298161
0.08893326643514185	0.15341310243570325	-0.9841520685962251
0.6635186834667526	0.32369087767447624	0.6745125442872613
0.745289857728576	-0.20707895056085235	-0.6337675726964382
-0.06546743203659605	0.923223983627453	-0.3786442808198618
0.22627056644912036	-0.20850109454489907	0.9514877426075301
0.7921530256305942	0.6078223700201868	-0.05518650638823269
-0.5668290877708109	0.7662109762177922	0.3026970848559468
-0.25355240065305407	-0.210038669852389	0.9442430499027845
0.3648718705227965	0.8832700966078387	0.2944528052839281
-0.8958681254650536	0.4191869435049455	-0.14731805106881124
-0.19590532905596736	0.0666023314957329	0.9783584371214906
0.13363362029436887	-0.986570366987537	0.09392000058079832
0.9714747333690639	0.1491410085168034	0.18437408170373937
0.5547673275465846	-0.3936443165710265	0.7329920629298452
0.820450312431047	0.11251098367614343	-0.5605377448343905
0.13818283945055543	0.9123515937310331	0.385383020251056
0.19814662938066152	0.31574833759186877	0.9279228958124992
0.8891178840700842	0.34056990775505513	-0.3057474875750407
-0.41256187595537636	0.8856156758095943	-0.213254714528182
-0.48654588235864504	-0.1357842311875653	0.8630386705824074
0.5866937997589234	-0.7827462222737331	0.20760235268569424
0.6473511332223676	0.6073475068500742	0.4605057179218467
0.15851785381773564	0.4853648838948115	0.8598215044430996
0.7799348102510535	0.47244600291217653	-0.4104832104860817
-0.6054533687904232	0.7356736394720716	-0.3036618421966186
0.21913025151364474	0.3549585435051975	0.9088379202389366
0.5316184217274559	0.7376318430238497	-0.41627048638745423
-0.8181465556681001	0.5743724371432769	-0.027065049390620155
0.24969756286851763	0.26784456903260945	0.930543074734995
0.7811219508055367	-0.6236529083181097	-0.030092323209026828
0.5722758295326438	0.7343816016119273	-0.3649438835583152
0.9416588172693585	0.2913617270434168	0.1684844677504438
0.3329596723539825	-0.8795505700174466	-0.3398950593461378
0.04915819814437353	0.3761637127585054	-0.9252482546640854
0.7265645923269801	0.02306473662727415	0.6867109370769069
0.6133902563787995	-0.4721195748200657	-0.633131503284484
0.3096066642633515	0.8812327303249887	-0.3571730511218414
0.6012901655901363	0.020090919234187432	0.798778124217803
0.39025385032001786	-0.8797231277171909	-0.271641585310284
0.6972460606378409	0.47506165233978687	-0.5368094237261525
-0.7537248846298092	-0.1999937537252837	0.6260202047543278
0.5201983550529967	0.40056281363577373	0.7542831721126678
-0.4016123375718633	0.894176677621969	-0.19787773878584836
-0.7935894785797941	-0.3499247173648392	0.4977634294166141
0.37621400632469704	-0.9251514955784554	-0.0505740217312102
0.4782036814293382	0.14713056244739064	0.8658370728152858
0.026779519966095733	-0.905198650882676	0.42414414973045267
0.9653348659199908	-0.0867853439334032	-0.2461643774342551
0.2596371582605598	0.41603329977123715	0.8714957484301555
-0.6143962445800808	-0.5721501003456213	0.5432876929587023
0.6505475203205917	0.022261704878443478	0.759139210093007
-0.4464360855157467	0.8198467412696111	0.35853332115575587
0.9957867865515636	-0.008568030409352029	0.09129767020146318
0.08911569402551463	-0.14422909481387802	-0.985523394591686
0.021611774745762417	0.9895072294147597	-0.14285788087559137
-0.4278302471821136	0.8785758931232606	0.2122867862556594
0.9033533777017326	0.407774396663515	0.13293876944133673
0.030231681907591595	0.24864521199566883	-0.9681227215393027
0.11509341850148402	0.0011745648845251089	0.9933539779026277
0.9874520284239336	0.10871754281361024	-0.11453814843112115
-0.10812953610878456	0.9940719874747013	0.011352847175760017
0.38517533812043636	0.366498164093125	0.8469469018894729
0.8395592056141126	0.24184437610726484	-0.48646853753751446
-0.38311917098000703	0.8984377515786259	-0.21454441816541303
0.4452602705664993	0.1961642362335105	0.8736491766595852
0.45565712399218394	0.790281102368699	-0.40967348534422554
-0.7707917207717135	0.5804957981431368	0.26249714575199345
-0.4350865589054187	-0.19043864347325296	0.8800186414684115
0.8875759938903425	-0.2550117718879228	0.38363765621762463
0.15135567821991974	0.9479990080536207	0.27998096256699134
-0.7767761011842047	-0.6130891663199968	0.1440158420803681
0.623063314346351	-0.7814333443521333	0.03397108550488763
0.09171147662537386	0.11611891523645669	0.9889921145183627
-0.6297564792573178	-0.7226265621455146	0.28498706727706474
0.7279122833275937	-0.6770664105526547	-0.10828103934739951
0.2712019259043646	0.13925490075074134	0.9523957097775403
0.018386192933778522	-0.7242428785810695	0.6892997901740636
0.8371177633217468	-0.36582614375135947	-0.4067002371270588
0.5467136345845034	0.584502767634693	0.5995504285602555
0.9926760962319264	-0.07984384644283718	0.0906594074266743
0.10676769539641479	0.22872049383001136	-0.9676195507129309
0.05652280238524519	0.9702122942363535	0.2355701104197011
-0.7520418176507992	-0.036844764611454146	0.6580847725219062
0.10703752338315756	0.9783558053556572	0.17709569931221752
-0.6503661069678236	0.20362313583581287	-0.7318207058152346
0.7149378014498787	0.3535401002386413	0.6032191455692245
0.5829154088883153	-0.7778041722263205	-0.23501126727860827
0.38610046119964947	0.5196441736328627	-0.7621655769390521
0.03700249516274423	0.8640928327686571	0.5019705088046192
0.9065881065775013	0.18228672696620918	-0.3806173330054313
-0.4203912705610712	0.4691642841583148	-0.7766312214341267
-0.3763845347242112	0.8413440864977997	0.3879108275565687
0.9157648527134521	0.4013039997528425	0.0181613412797626
-0.14039022955728953	0.36207074985084553	-0.92151796268293
-0.9751899975127607	0.12375179182577765	0.18354825733569488
0.21912587002458594	0.4218824754542295	0.8797721466326264
0.03143758637410546	0.898165169066648	-0.4385327892398121
0.6046951640383853	-0.7256078240784806	0.32838551159374135
0.7898449271539189	0.4933129754823884	-0.364399916671139
0.10241459680050986	0.47972449787018934	0.8714216295831678
-0.6458186600689286	-0.19072888143914246	0.7392839455119711
0.37526374568253884	0.7639633405481497	0.5249163128297907
-0.6649025338221266	0.6164272123158463	-0.42180814647589515
-0.8142701502186278	0.41507185918120953	0.4058071884267047
0.4539799589769901	0.01968712025688346	0.8907943725368057
0.36175450143734666	0.9095755982939764	-0.20446493997253312
-0.9767922122870296	-0.12406130595093046	0.17460173647807675
0.1842021173981953	-0.07057967136886867	0.9803510034347309
-0.10930029259536134	0.9897612350234839	0.09179402858223573
-0.6207837100837637	0.47292740761171514	0.6252737419916976
0.631718141132098	0.7740753432765708	0.04170795003192643
-0.46428415378865134	0.4208883819505138	-0.7792901863104873
0.9415396979942915	-0.3306088983995179	0.06481321932966816
0.33689445891738246	0.9252235377469096	-0.17453804384677016
-0.0022628856759745117	0.18616971154876458	0.9825149962470127
0.9978119460629055	0.014739349793882198	0.06445208966209681
0.05368297357429727	0.388420687360054	-0.9199171201684229
-0.03859350518388662	0.9213642717179762	0.3867795498203396
-0.840359365047245	0.4052243009299505	0.35998528235641103
0.5334391256247433	0.500526663914406	0.6818473127932857
0.09611886823148444	0.7650270090961157	-0.6367847662462969
-0.3454756453553054	0.40749204352318713	0.8453382831338185
0.7489542721512211	-0.4230359312111993	0.5100079402624118
0.5654326455845733	0.8093150408645389	-0.15904429552065058
0.39618271362105084	0.23517518179502728	0.8875426137913246
0.3981072499984434	0.8270531164148045	-0.3968548350810868
-0.8273752926734864	0.5105641747089543	0.2340392030776619
0.22188617211967787	0.38194296468841155	0.897154445091314
0.9418059194328126	-0.32223331765393404	-0.095746013572648
0.252523537008714	0.8661900834798133	-0.4312152624129193
0.04341737469628448	-0.593525762797722	0.8036430180558186
0.9988209801295123	0.043272367599231476	-0.022003450990185358
-0.021715921062735122	0.8036508390450043	0.5947047567277882
-0.9984998265646321	0.015983180274428115	0.052370166113112446
0.051961080049401295	-0.025018531528168353	0.9983356746306695
0.017266803714051118	0.9995592083656122	0.024150496082094186
-0.6394026563557684	-0.1262031418047042	0.758443808099063
0.30763717601144364	0.862042076310254	0.4027937767721968
-0.7046443152264059	0.4908729221186762	-0.5123672153346472
-0.8115512065181978	-0.0360060617187436	0.5831708177870047
0.5805286228465627	-0.16263083574366655	0.7978331462913721
0.06611472797139145	0.9860298042071662	0.15288580038854593
-0.9507740224097405	-0.04150148547063291	0.3070934467137518
0.20630859635744964	0.6546725617579154	0.7272142737531677
-0.23122612607536375	0.7547724581521633	-0.613883551689667
-0.59367749531521	0.19509771149221736	0.7806945078113194
0.5202842887385113	-0.6470455575788601	0.5573475623965027
0.6138821470348523	0.7370677915822679	0.28263011192001164
0.2843838027249489	-0.10076513961111011	0.9534003562967924
0.7579412271473663	-0.5853311711100984	-0.28794533564068214
0.5870697990341879	0.8045084255407361	-0.09008465072321714
-0.20462763798378503	0.24165083464939985	0.9485422520301483
0.8284481537285203	0.5588856779136249	0.03633807379091447
-0.52134555369446	0.7932538516365845	-0.31455864398668276
0.9538456615726257	0.1466124444766938	0.26207488438163695
0.18509458377151666	0.4001886271141639	-0.8975461312862586
-0.23647082052026844	0.9046291250302795	0.35458101639741224
0.9957284504106159	-0.058105452895693986	0.07175381095565507
0.06690607533222111	0.9896359644109283	-0.1270599662682591
-0.06362727502033035	0.13131798920269178	0.9892962931221612
0.895793747394571	0.15599544653222094	0.41619584667558196
0.3682580809617101	-0.78480835454892	-0.4984594591705681
0.2488765716880359	0.5997843506556583	-0.7604730006866647
0.8292081948044889	-0.5577178256924596	0.03694044631506276
0.5586149461451201	0.829167446422233	-0.020753017537649833
-0.01905548772310263	0.037844057638006	0.9991019546017944
