-0.19325426570921977	-0.6914178339618876	0.6961279822451052
0.8573403681577053	0.22600288118976852	0.4624826383996846
-0.4770956737515026	0.6861953632700929	0.5491043994671914
0.7863915857069388	0.19318987746180338	0.5867418045236079
0.28508567473210666	0.7291341789652395	-0.6221651767233729
-0.5480095181580935	0.6565371431312776	0.5183093166219903
0.9566478406943748	-0.04695872374494098	0.2874365793684522
0.15465539621760208	0.9181833216387078	-0.36472057288462073
-0.24679266057880794	0.39336276657654795	0.885640512033905
-0.6142623378050929	0.25642628512421495	0.7462756465620572
0.7549120235535254	-0.08440228012443285	0.650372271706073
0.2297599117525579	0.9628716505366598	-0.14173414389011985
0.5411616217105304	-0.5681142381541775	0.6199921867202257
0.7514925117181983	0.6575780115365751	-0.053386923259140934
-0.37736335807693666	0.494810439613093	0.7827895788976724
0.2378791984885975	0.7758956715257633	0.5842939276032288
0.9536930590857314	-0.07257644140139763	-0.29189417466816464
-0.1840734526707258	0.626672615534694	-0.7572307422185023
0.9472552627279603	0.07970045094151974	0.3104115096994651
0.17583949930935516	-0.9390231976643311	-0.2954926475073267
0.26793271117356693	0.3344895698941483	-0.9035091531994619
-0.9945571965998532	-0.08027515584996825	0.06642199970419468
0.10031611194136358	-0.5654947576302216	0.8186283386114267
-0.028154224841194623	0.8208359022642712	0.5704697723609826
-0.9867025917914705	0.01382061117143547	0.1619474793222865
0.02180190809429636	0.9986280323870877	0.04761018519331156
-0.16106729076830675	0.050507857186199864	-0.9856501834865228
-0.8586342821093065	0.2794240503295984	0.4297317415365529
0.5075240382457423	0.34587717031700316	0.7891693947792433
0.07187850992731318	0.8957070855759182	-0.43879641823939797
0.8889679142601746	-0.007853228475835278	0.4579021448065309
0.4491099189641642	0.2106660051507907	-0.8682857334782191
-0.08964556934905807	0.9775265526195763	0.190802282008811
0.23869623518192773	-0.3404784496623704	0.909449576736106
0.6282450034457323	0.7682736741336156	0.12273458061486564
-0.7404946474860205	0.5420608701508935	0.39728791838641464
-0.49948841504329966	0.76597459673423	0.4047150113294126
0.8245826768348741	0.27709823535607003	0.49323420099014403
0.26565905273746354	0.5800857566949786	-0.7700167417519233
-0.8104653354020028	-0.5653465625974793	0.15339232142103343
0.5814661835351359	-0.8081611839493132	0.09366204227288658
0.07101420644351975	0.16510228622541476	0.9837165331366239
-0.00577388113917654	0.48073836891317423	0.8768450735171474
0.5174912924614503	0.7517506163095327	-0.40874658788155704
-0.8556689923814982	0.45139963616837186	-0.25311843856956195
0.6741464176069913	-0.7211912253120129	0.15940459265848503
0.736163176739442	0.6385803318248058	-0.2242296524088953
0.05991982009780455	0.2685114082110447	0.9614110665162787
-0.1312030514561724	0.9391684098255085	0.3174089747855513
0.9656750345505262	0.19348011233221551	-0.17331235898733116
-0.22418181669000134	0.28377481233847895	-0.9323166677410804
0.03328840207258266	0.8622638091160543	0.505364230804008
0.9296763733893879	-0.21232319962416346	0.301032721913936
0.36687017192599564	0.45980428705051274	-0.8086941910023593
0.9449588353519884	0.0235753925929736	0.3263387815664893
0.0725459651395696	-0.9876715690445743	-0.1387153727710002
0.319045267058112	0.15475487897031343	-0.9350192752038333
0.818834179187058	-0.15565991981330082	0.5525220143657389
0.5576633821378902	-0.0124927276961051	-0.8299731826855857
0.13609606613560285	0.9877317050284596	0.0765763649175506
0.1430037750120554	-0.7018199589333167	0.6978528968021405
0.9885226747703866	0.06657886135592173	-0.13561038561020888
0.04871182399686996	0.7092362092162149	0.7032859715219062
-0.44315343298533794	-0.4032844845854026	0.8006101793794504
0.8514919005279549	0.08990269712740562	0.5166033762805944
-0.2803151408122668	0.9106476429123969	0.30355278336641034
-0.22422012812614334	-0.17849517606579823	0.9580526114281698
0.8993726747198163	-0.41649639702087304	0.13288921414454447
0.37530537714029527	0.8914427762845302	0.2539205594269788
0.12194746050822003	0.6358523624256484	0.7621158639428248
0.7761877181562035	-0.5396534223757339	0.32604725102601906
0.6185963490508671	0.5517843391361156	-0.559350158688686
-0.11338428863578742	-0.4481939189888603	0.8867165353549934
0.9263167417672512	-0.37041424956411695	-0.06877919483067146
0.35927885689567074	0.8135818918223652	0.4571686869050431
0.9340030454749538	0.06553060488067544	0.3512037170467933
0.13445643202659424	0.8462840839027369	-0.5154849340374394
-0.33099815547852995	0.5286860969960137	0.7816209003813375
-0.06970164643291565	0.019062740781680132	0.997385728992766
0.8740760822329675	0.4830137859232022	0.05185253201533779
-0.4807626056098867	0.8754052173262536	-0.050329141907716535
0.9192360882506625	0.04504631713847121	0.39112126427730887
0.17036661184058305	0.8500938556974217	-0.4983128074567735
-0.35493694035360746	0.5247011204655004	0.7737625621304434
-0.9637416640158418	-0.2009384209877566	0.17557265166000033
0.21976607849290997	-0.9709009218965581	0.09515393110251519
0.15134356869000035	0.1302887210443067	0.97985711886214
0.17065563649600235	-0.09836532807476753	0.9804085454364869
0.2859322631700718	-0.9472449966673668	-0.1448090368971554
0.9429312777772224	0.30504291258998995	-0.1335268769500384
-0.3518778701634613	-0.23541218562539862	0.9059597492981124
0.860220614140289	-0.4629261742358257	0.21382201059639666
0.36905617390490814	0.8545644856103338	0.36539989112781024
0.618036501643106	0.19704208430719042	0.7610553854015023
0.5354082425803635	-0.8143613418618942	-0.22395003607479466
0.5756465029979403	0.545884623242653	-0.6088029908709951
-0.36109733670661703	0.09886802967459357	0.9272722502758569
0.789588809702986	0.561458332122857	0.24761674596367894
-0.49614335127582765	0.8215775398573668	-0.28080619826974473
0.7257113978383388	-0.3218747559141669	0.6080621749070729
0.49158889567069175	-0.3757364702298931	-0.7855968830083596
0.4813349402451416	0.8690332251671257	-0.11444618322526035
-0.9904850894540209	-0.028448465420495055	0.134647585884332
0.13733684117564832	-0.26706942951539037	0.953840925875074
0.008824943351343068	0.9632572889075599	0.26843531016113165
0.7002447160076803	0.28960563853895593	0.6525227289756019
0.6373351264303466	-0.6654172521766728	-0.3886178291376512
0.32165396674273633	0.6880032373703557	-0.650530761030232
-0.50498140399979	-0.3943083801165733	0.7677985953257824
0.8499006566474615	-0.07200802386598637	0.5219997302002455
-0.15054120846005736	0.9161526869844128	0.3714856641737687
0.3741776351140004	-0.4304678312017176	0.8213942681081866
0.8741220416939062	-0.1320634056779264	-0.4674076519545054
0.3096800826746383	0.8928923245169245	0.326866246671926
0.7260984558727632	0.5589493924468144	0.40044551322561484
0.6662836731348946	-0.7158200839951072	-0.20896811781492258
0.16984433841921798	0.41854173511440357	-0.8921747119675403
0.6055846562121886	0.7352168079649863	0.3045052864009782
0.7957162896333299	-0.5545747367255294	-0.24347987144315836
-0.010139554848809768	0.3897474909112138	-0.9208659417938541
0.49559408109557535	0.7872689628900083	0.3668706677469908
0.844527398856848	-0.3381228348700245	-0.4152666867442464
-0.2028792235866414	0.5156360427758601	-0.8324418850750679
0.6275879257151232	-0.05051521057831099	0.7769051480050946
0.692979432829542	-0.41857006358279514	-0.5870081835439276
0.3548420792012066	0.9067785371150576	-0.22768351599455094
-0.18945571484200374	-0.32299398783822664	0.9272439894300016
0.5936351274197876	0.7145321169527189	0.37019074723223255
-0.7821149964084554	0.6205793564592893	0.05636838413132328
0.8858976929486913	0.3464299911798887	0.3084988473872934
0.44795112943580495	-0.4660942240957766	-0.7629521347383088
-0.1205199704006477	0.814089943111729	-0.5680955036426258
-0.24273431376283394	0.6282844471632721	0.7391472832763626
0.7825756970830856	0.5770916700770776	-0.23353903884055874
-0.5732846860478733	0.5217507621272737	-0.6317600897196658
0.0872874762506437	-0.01597492921640664	0.9960550678182023
0.8743762067117447	-0.4778720382170718	-0.08428857708278881
0.47733336948737753	0.878284189045204	-0.02774414617598886
-0.013101966738178872	-0.7396384071736943	0.6728769316161406
0.9648867133183556	0.16720039796931563	0.20257753424455563
-0.26233941550840834	0.6519041751304122	0.7114766176890451
0.09480456027642303	-0.5344785220160921	0.8398480843904378
0.9949782134444196	0.023669634354415936	-0.09725277980849512
0.03210062494322252	0.84485055359692	0.5340384742368591
-0.40402513500144943	0.30259605989589244	0.8632492773368202
0.5598343359854544	0.8281223503935751	-0.028264625069974403
-0.7234287847043316	0.4718569670081203	-0.5039859086791134
-0.06897696400061237	0.9502578446060396	0.3037304844791549
0.997400385290019	0.05932551577287137	0.04090176770757692
0.02084825797470896	0.30576218200256017	-0.9518796343007101
0.4662626040628627	-0.062428529342432315	0.8824408551153212
0.23331531999603572	0.9708673470899614	-0.054594466840954176
-0.8533247596944938	0.23134232876549346	0.46724466975418
-0.7955947683692832	0.3528548879806696	0.4924656257766386
0.4188310224896576	-0.26698130232254	0.867929466495077
0.4377322687941741	0.8967800244420647	0.06462235385681292
-0.6968786007063006	0.10402645581785737	0.7096046169294584
0.35397313853946	-0.8106275200699096	0.4664611890584599
0.6237493351260203	0.5762477940914684	0.528086400823354
0.0725605248993334	-0.2511995374446352	0.9652117708637492
0.6711075686475052	-0.7036058565172383	-0.23356675700680887
0.7378005160816624	0.6647086512617727	0.1175279005487112
-0.8847218257867842	-0.4483722709209795	0.12739543808811712
0.4660959677482724	-0.8482537609375216	0.25143608711589494
-0.004673309887110538	0.2818294940642555	0.9594531236335545
0.4976997699099157	0.5537075431448916	0.6676098379263633
0.8641058659447715	-0.25003460543614975	-0.43681088416410335
-0.07493991907824338	0.7942862536572297	-0.6029041016444567
-0.5893507155450957	0.13843130474022788	0.7959287078340638
0.48126395783125	-0.7311581343460014	0.48352123580280926
0.6488842246341677	0.6680153863853685	0.3642865720464068
-0.35335032245167985	-0.898035658075305	0.262060119912488
0.9354445892037224	-0.3419785296893414	0.08940976323084202
0.009325778936518703	0.27673568988616193	0.9609008209958285
0.6475060422726835	-0.38534535594682273	0.6574533305646737
0.5240337690578228	-0.4012249431676551	-0.7512703600350302
0.5532852194911935	0.8309798442984812	-0.05786159574582883
0.7471037778833886	0.47906827714484984	0.4607922860745759
0.5576175605648857	-0.8290253920978217	-0.04218477695471261
0.36179911722119307	0.2884622767200558	-0.8865048864430738
-0.6732806329986238	0.41849424598635765	0.6095537345511728
0.6383068343522946	-0.08709939186740967	0.7648385981077833
0.37317231200629536	0.9040333301447668	-0.2084854036599173
-0.9055061937709825	0.09009398815659264	0.4146584212824188
0.186258620272368	-0.7936386624848157	0.5791764841423956
0.3812692741575461	0.6016815991098221	0.7018639425672367
0.5778933021163828	-0.1790484136926585	0.7962292364157233
0.34885521226695165	-0.8278136746562144	-0.4393456053340647
0.7377935837639165	0.5316636019197837	-0.41592600561936344
-0.4607060342559812	-0.4260590320044256	0.778603654786939
0.4750320363383989	-0.859391106017392	-0.1891863931428425
0.7497296275673793	0.28270236671392746	0.5983183579015632
0.7513033974087653	0.10911612332068454	0.6508739330112338
0.21884938009286276	0.8892391751517517	-0.4016947077176921
-0.622613968583276	0.4442379553875351	0.6442084174536109
-0.6587761339926983	-0.05190191808699188	0.7505465982739022
0.5134978308565928	-0.760130880930211	0.39814698487096006
0.5498490547297586	0.6476937816245836	0.5274076054226347
-0.5744964333921756	0.37262227843899554	0.7287705301606274
0.5521971231402708	0.833664492349143	0.009047175904911914
-0.6041789347662486	0.4076225604737519	-0.6846982276722675
0.5889512198733209	0.08274839998517977	0.8039211173427525
0.5449785647368688	-0.7752065688740479	-0.3194575708163253
0.5967703281724632	0.6262647027211559	-0.5016549586503776
0.9030961553146919	0.40445798260386073	0.1443297424782468
0.420189890647563	-0.9016203426497318	-0.10257296679812186
0.0886441766469233	0.15327915066373085	-0.9841990204823381
0.6629538389348613	0.32421531245093727	0.6748160035253101
0.7457409681069784	-0.20645735471951587	-0.633439633405652
-0.06605010165318953	0.923179176462815	-0.37865233686990796
0.2261716551101356	-0.20924582056068547	0.9513477644913175
0.7921472193274728	0.6078809078481042	-0.05462220048219746
-0.5668766755975188	0.7659614797440208	0.30323892595089985
-0.2526950591730408	-0.20905652946158643	0.9446907295824439
0.3662233158946239	0.883067578534418	0.2933805287276338
-0.8955588701836857	0.4201035815496415	-0.14658543858270412
-0.19455857278114075	0.07382729867948179	0.9781086298193348
0.12591742097316894	-0.9870334776872141	0.0995475615982124
0.972775290009379	0.1425287476068415	0.18273968165889376
0.5544242802225454	-0.39505610766154275	0.7324919039136364
0.8204910925749734	0.11213396655284846	-0.5605536018528925
0.13931290142997793	0.9117876097778672	0.3863098110981975
0.1981264145110101	0.3154890311505652	0.9280154067129969
0.8889814037054875	0.34096248380635064	-0.30570680153118146
-0.4128655807146346	0.8855570313990409	-0.21291020736659316
-0.48681683981136104	-0.13550951527848137	0.8629290444440206
0.5859900963545106	-0.7832786961293252	0.2075815289576017
0.6477846644144264	0.6067220578312076	0.4607204934562319
0.1581033142145809	0.4854180509264687	0.8598678141837348
0.7796818600408908	0.47296807173162814	-0.41036252295457293
-0.6058873980844481	0.7353030116606445	-0.30369382918532306
0.21877082971188289	0.35518682064398305	0.9088353241968501
0.5314115597186292	0.7377879704552692	-0.4162579306738896
-0.8183771002811531	0.5740306900265123	-0.027343895901974724
0.24898419636697522	0.2682997005940402	0.9306031058515977
0.7813552312077168	-0.6233972904881682	-0.02932270240523538
0.5722681824318271	0.73443249442897	-0.36485344798016395
0.9414420249464902	0.2922618405749839	0.16813664148059715
0.33367289488560575	-0.8792465236722988	-0.33998227869822434
0.04846971098853049	0.3761762448027524	-0.9252794820824615
0.7262461485222464	0.023943492952848977	0.6870176423512135
0.6140741780889982	-0.4718166715417913	-0.6326941854162613
0.30899746853481563	0.8813715094104426	-0.3573581212714121
0.6011233442309191	0.0201724270270974	0.7989016198559572
0.3910681719058049	-0.8792341094487865	-0.2720534243564133
0.696933576420944	0.475962660268256	-0.5364169423941387
-0.7538308164739462	-0.19995571374994495	0.6259047952148739
0.5200133325963572	0.4007363779246672	0.7543185595819902
-0.4016531265361364	0.89410741409887	-0.1981077938829714
-0.7940705415121161	-0.34919636677090937	0.4975076607818727
0.37526190932764303	-0.9255328927166	-0.05066916130561213
0.47815319146736457	0.1464607863342227	0.8659785006314735
0.026603246116104762	-0.905032338538864	0.4245099922203963
0.9650812081726833	-0.08745163961949043	-0.24692199650864816
0.26059648679143776	0.41625554281803595	0.8711032052203815
-0.6141194403768018	-0.5723277755459248	0.5434134984428873
0.6507662040547877	0.022321978738421344	0.7589499831512773
-0.44649822016600105	0.8197210785406553	0.3587432128761995
0.9957986439287656	-0.00895416810512302	0.09113113421425623
0.08888411475037436	-0.14475062281794937	-0.985467843888809
0.022015333171993258	0.9894276527707121	-0.1433465906046083
-0.42693090679963963	0.879009356003178	0.21230297425640546
0.903775920435832	0.4068939358362055	0.13276449306982183
0.030316438768471038	0.24855558138694103	-0.9681430867913057
0.11523842678277108	0.0006350257352821242	0.9933376574634363
0.9875048415315892	0.10813855959309837	-0.1146308853703949
-0.1074908970299468	0.9941356289115914	0.011834626493975486
0.3856893560889664	0.36728492517654704	0.8463719657087756
0.8393745552405398	0.2411319365087885	-0.4871403752618619
-0.383006627376635	0.8983079499445499	-0.2152875993920591
0.4457447365204895	0.1954529551745456	0.8735615445850489
0.4558839199224962	0.7902725389367904	-0.40943762132771594
-0.7703774928049094	0.5807473258792812	0.2631559652823502
-0.4349009806356501	-0.19048614511470752	0.8801000883771621
0.8876249904445919	-0.25523194051008025	0.3833777939339956
0.1516014953105287	0.9479302110718898	0.28008088395464315
-0.7767141732378378	-0.6131483319730949	0.14409793922910286
0.623177338141819	-0.7813212372957932	0.03445474389758972
0.09146091142088932	0.11656005812105173	0.9889634242644554
-0.6302906080128623	-0.7221461811472998	0.28502393321464736
0.7274672796262667	-0.6775813246040356	-0.10805047719006113
0.271155133685379	0.13924238435983466	0.9524108629545613
0.018029601939793527	-0.7242538425098828	0.6892976897274228
0.8370248169692516	-0.36614385417232365	-0.40660562444391635
0.5468677986785138	0.584290210136629	0.5996170120226831
0.9926637091991075	-0.07987500836182634	0.09076752435903392
0.10689328500825088	0.22894068131406342	-0.9675536109485599
0.05650297389708343	0.9701577951439913	0.23579920793364606
-0.7518201252018097	-0.03730187907225412	0.6583122884765356
0.10715337126100316	0.9782149878279848	0.17780211645561816
-0.6506033003059053	0.2042155905076165	-0.73144469252616
0.714984244278757	0.35259777446243257	0.6037154461145369
0.5827094487467109	-0.7776894365894444	-0.23590006053093038
0.3863252888104002	0.5204555213092967	-0.7614977488897974
0.036324927460467116	0.8638098560359765	0.5025067484721943
0.9064135475759539	0.1832687110612039	-0.3805615066145533
-0.4208265443336072	0.469302793685559	-0.776311733405572
-0.3764366523008187	0.8411170692978442	0.3883523175421484
0.9156944559651101	0.40146856854257573	0.018073510647795082
-0.14070931070584128	0.36241559597812645	-0.9213337211198263
-0.9753383248181371	0.12267390925158483	0.1834836890022811
0.2185920173429688	0.42185350996586535	0.8799188292583647
0.030539844382103776	0.8983266266333275	-0.43826543302741094
0.6050317630769952	-0.7253103159294093	0.32842276302705214
0.7895601209243642	0.4933989882877229	-0.364900334067475
0.10262251757702114	0.4800858089581821	0.8711981605370399
-0.6457327746103356	-0.19063198323451613	0.7393839535465405
0.37548366295319213	0.7638847598080167	0.524873406249833
-0.6648617921412625	0.6165545561433503	-0.42168623009245265
-0.8153023196816349	0.4125130535499814	0.4063435838949786
0.4537809290129277	0.019284932947945754	0.8909045739165098
0.3596734574387018	0.9107475347274148	-0.20291360723723528
-0.9769161944481857	-0.12352652864676211	0.17428696378489056
0.18377659953641767	-0.07003527648648	0.980469898319318
-0.10890780728536525	0.9898667873850214	0.09111988116953795
-0.6215121291223762	0.4720939264408931	0.6251799724650423
0.6307003633599769	0.7748971827633454	0.04184982440851387
-0.4646931514573499	0.42031140927061567	-0.7793578088564874
0.9418680699099382	-0.32967138519398703	0.06481756450535295
0.33597135503666736	0.9257452123446123	-0.17354840943049427
-0.0027906054815043137	0.18523655040327935	0.9826899983798247
0.9978028517426657	0.014652913216920513	0.06461239191100453
0.05386588051295238	0.38838088224958445	-0.9199232344166544
-0.03857377309478791	0.9213824300676088	0.38673825979845844
-0.8402053379995758	0.4052112001519239	0.360359366838792
0.5336695502570975	0.5000147564965747	0.6820425605591327
0.09618628345769911	0.7653686213564732	-0.6363639464311959
-0.34566617095533436	0.40752115536290995	0.8452463582818662
0.748108469788185	-0.4240630923066244	0.5103961316218255
0.5664350057052073	0.808762636176414	-0.1582857625837506
0.3953301681986233	0.23424398272031416	0.8881687985238917
0.3985982965576131	0.8274004964900179	-0.3956359644792685
-0.8275466488926273	0.5104294025302589	0.23372712495383496
0.22282975907301883	0.3815461616001765	0.8970894186421062
0.9415949308451874	-0.32256738514586614	-0.0966916141493393
0.25247947377580393	0.866240618193542	-0.4311395443630319
0.04325542543441274	-0.5935931573887274	0.8036019734120676
0.9988371676484684	0.042835413145466905	-0.022123288739304414
-0.0212903897210322	0.8036244713060563	0.5947557720809341
-0.998447838053377	0.014146536706897809	0.0538682669643044
0.05349746885614676	-0.025397943459005035	0.9982449425336644
0.015489851920621574	0.9995773206547123	0.02460171783074594
-0.6402584851368871	-0.12632406651789252	0.7577013279839241
0.307043906771644	0.8620741756451806	0.40317757254104347
-0.7041257781991971	0.4907854377465426	-0.5131632708712792
-0.8112956893418826	-0.03666864058355579	0.5834849743164203
0.5809561840293513	-0.16236601956038355	0.7975758195495721
0.06549211168785157	0.9860490284412187	0.15302972527190528
-0.9510129482430716	-0.04171736971101696	0.30632341297787624
0.2055895782509361	0.6546585647570012	0.7274304701515502
-0.23088373175393373	0.7547726973431785	-0.6140121153175071
-0.593818416579944	0.19545166984425147	0.7804987718667988
0.5200997093265112	-0.6468935244259488	0.5576962079970174
0.6139022564618624	0.7371074635430492	0.2824829316970603
0.2841576069964603	-0.10055257762698172	0.9534902377678625
0.7582545104528633	-0.5850594566819476	-0.28767260822836965
0.5867747027300461	0.8047326334128586	-0.09000464963807087
-0.20413840150235263	0.24187098205579116	0.9485915565043954
0.8284762541472497	0.5588795942227152	0.03578680588701688
-0.5214926742977377	0.7931910407971212	-0.3144731521974071
0.9539015084049983	0.14638762244735953	0.26199728291888497
0.18500738190923255	0.4005604007032192	-0.8973982583154305
-0.23631373405234046	0.9045009836272628	0.35501237966520804
0.995654487917175	-0.058969788267396184	0.0720743002885663
0.06787016114041333	0.989444919161842	-0.12803278162873152
-0.06376348419873475	0.13236810800383372	0.9891475633424586
0.8959254893456876	0.15468877238367607	0.41639992944178256
0.3676626010669295	-0.7842963245150205	-0.49970339915686957
0.24928242881797763	0.6007916935599735	-0.7595443447435763
0.8287881443754962	-0.558308119743402	0.037446697734362176
0.5592254262743149	0.8287545962263897	-0.020802447979614107
-0.019419947243294697	0.03818196776255628	0.9990820802050484
