-0.19402713183781617	-0.6909813333050833	0.696346371524057
0.857423031587146	0.22543468283242118	0.46260668897039725
-0.4766332101466481	0.686821665936781	0.5487228646458302
0.7862494492205789	0.19273812287376887	0.5870807607062527
0.285657704884112	0.729108039547415	-0.6219333905714233
-0.5479155767457957	0.6566989284736355	0.5182036646926583
0.9567672420013394	-0.04698927055502333	0.28703388839274235
0.15461336916974736	0.9180471175184838	-0.36508108152845004
-0.2463557401546184	0.39367689603113637	0.8856225780907802
-0.6142257920713221	0.25539728619396074	0.7466584912522709
0.7552327450566186	-0.08408519849940976	0.6500409065493953
0.22880161089599454	0.9631728326723481	-0.14123709588250177
0.5404814107476192	-0.5686353579183959	0.6201077925339117
0.7523828245205538	0.6565306378841581	-0.05373645769767363
-0.37656331473304283	0.4956020089188885	0.7826740820755631
0.23812436825385153	0.7752290450415001	0.5850783819008765
0.9537549920293452	-0.07287263183631354	-0.2916178916122131
-0.183434458111903	0.627462753678091	-0.7567313210934905
0.9472700867813743	0.07896290027611305	0.31055473441761017
0.17528338744166025	-0.9389972535852753	-0.29590520753492555
0.2682445093122776	0.3347372374554334	-0.9033248945338108
-0.9945107634710584	-0.08057629460699708	0.0667517946396906
0.10077256602450674	-0.5658652883846735	0.8183161768767419
-0.02816436182570887	0.8205509954589886	0.5708789999415056
-0.9865132443862075	0.01451116736020239	0.16303694266160798
0.022638687442181487	0.9985857501221858	0.048103944576374014
-0.16210832329493594	0.051146120818258006	-0.9854465819331608
-0.8582313787407709	0.27998418526618735	0.43017177562637154
0.5081571875015387	0.345584325137978	0.788890199590193
0.07221615702349474	0.8956452033142129	-0.4388672879641413
0.8890967748456351	-0.0074889881546858494	0.4576579945936801
0.44879651181286423	0.21072595750673062	-0.8684332224284589
-0.08993673300546096	0.9775164888068592	0.19071680095632337
0.23919382774836828	-0.3402037728071902	0.9094216325417147
0.6275731688223385	0.7688511668026417	0.12255529805155432
-0.740903658069909	0.5414141448779948	0.39740721330224626
-0.5001044270287773	0.765698729571914	0.40447622624596313
0.8241179062775814	0.27738746255791025	0.49384802537657246
0.26594217156907285	0.5803116844831242	-0.7697487318816998
-0.8099841339734817	-0.5661969327794706	0.15279638746498037
0.5822103600598648	-0.8076318821223702	0.09360469869851853
0.07040454069299334	0.16477796057300106	0.9838147307085878
-0.006075395744946643	0.4802056280655973	0.8771349065797506
0.5171155501290156	0.7522709533653956	-0.40826452275146863
-0.8558940339675866	0.45109973120901337	-0.2528921412813139
0.6731056688512655	-0.7219118802534197	0.16053658682450794
0.7371311549023287	0.6373806388570352	-0.22446287372872337
0.0597195029504558	0.26942375240347705	0.9611682592596265
-0.13017247014711297	0.9393656246831696	0.31724966694923046
0.9656801290210031	0.19265240194788347	-0.1742037325595816
-0.22475990841290652	0.2836851691352753	-0.932204756683269
0.03237716554605641	0.862088680952723	0.5057220830895146
0.9297402545754679	-0.2116665007545817	0.3012977787509481
0.3667898283392655	0.4604350102148025	-0.8083717110310995
0.9451190123752858	0.024745645693943698	0.32578782277113155
0.07364904038521378	-0.9876000439557344	-0.13864332666583448
0.31831724944950995	0.15502840448711955	-0.935222071224304
0.8189607281827296	-0.15599248784021483	0.5522405901704743
0.5574137795887224	-0.012423939865535472	-0.8301418698287858
0.13635689941850587	0.9876801048191858	0.0767776433952847
0.14181030216093182	-0.7021065973872769	0.697808114101782
0.9886851201924511	0.06563388538090187	-0.1348848627528117
0.04890369424760682	0.7090405623059	0.7034699067436145
-0.44242840891923674	-0.40363589775348196	0.8008340433734904
0.8517032050031119	0.09050771489470233	0.5161492072375646
-0.280818007913702	0.910431993939844	0.3037348034751699
-0.2234362909517451	-0.17858314257204994	0.9582193303596094
0.8997098535497683	-0.4159649918808208	0.13226981876090743
0.37496453607132213	0.8916732510951977	0.2536146880015797
0.12137495469218185	0.6359585470724987	0.7621186566269765
0.7765332495957602	-0.5390809124977249	0.326171553101844
0.6182752078530399	0.5522214195284865	-0.5592738784962368
-0.11220041963229455	-0.4483534904476455	0.886786453120338
0.9264542774442887	-0.3698808338185171	-0.06978997477359489
0.3592958914871105	0.8137366382172619	0.45687979380067933
0.9337795986413788	0.06588918996381005	0.3517304021648661
0.13436079571339418	0.8464335043754714	-0.5152644944549569
-0.33166675705655074	0.5284022495377663	0.781529413999895
-0.06958297941029379	0.019023973100694702	0.9973947550613299
0.8744869671860991	0.4822741004099872	0.05180961585840893
-0.48003203351239454	0.8758137818744356	-0.05019428533960246
0.9191579401981684	0.04421665147309675	0.391399500131473
0.17127232816109683	0.8499579278942704	-0.4982341923392611
-0.354703355745245	0.5249918175954602	0.7736724894171159
-0.9638979601830968	-0.20013275310054218	0.1756348584172927
0.21901742241574063	-0.9710353561953302	0.09550762114602765
0.15143345414151416	0.13052669518150506	0.9798115588273922
0.17002742603849064	-0.09774376683888264	0.9805798439897035
0.28655907978626727	-0.9471635985497586	-0.14410069872946096
0.9428544787965814	0.3054951286459693	-0.13303442481857575
-0.352231744683432	-0.23528295857110798	0.9058557983715134
0.8603681577949598	-0.4623596903847018	0.2144531411751064
0.36837403693769305	0.8549066885417317	0.36528772604186677
0.6178032531100036	0.19725926983742417	0.7611884923656579
0.5360569516852692	-0.8138747256312575	-0.2241670705713549
0.5752930427152704	0.5465315283145632	-0.6085566559997142
-0.3616319658431004	0.09886350716056735	0.9270643603506539
0.7892103781982162	0.5618470402204956	0.24794128808993765
-0.496356021646442	0.8213123098720616	-0.28120595553425853
0.7251558990142493	-0.3224484227777253	0.6084208549786845
0.491658340768968	-0.37616423996429393	-0.785348674490758
0.4821006099116048	0.8686354121380514	-0.11424326108185223
-0.9903763442183702	-0.029687096787152624	0.1351790408939439
0.13818194518505245	-0.2669698501360529	0.9537467426645337
0.007774756429078031	0.9632475151292544	0.26850284497521604
0.6995843714371827	0.2900599281897004	0.6530290539473935
0.637819183637905	-0.6654920643656452	-0.3876944689440744
0.3221310233807332	0.6877394494464726	-0.650573634149697
-0.5048520941377701	-0.3943369856205654	0.7678689372649439
0.8499431442144463	-0.07175123995966115	0.5219659099664578
-0.1507349151576014	0.9161605215986646	0.3713877811890067
0.37413837602685707	-0.4302845576204529	0.8215081710228798
0.874186224544449	-0.1320469870786698	-0.4672922404878639
0.3095463138218706	0.8929830864449879	0.32674498760114945
0.7259541552039486	0.558847808372729	0.4008487141293071
0.666469335911582	-0.7154948990258914	-0.20948907789549248
0.16973269818068726	0.41923284287484736	-0.8918714226968911
0.6056004753444073	0.7349816737476741	0.3050409866193319
0.7957207017964306	-0.5550892534465155	-0.24229008531259788
-0.00875379890240649	0.38945841878595666	-0.9210024489877964
0.49598998598406374	0.7868259113920362	0.36728588179457666
0.8445205229638546	-0.33874498462765223	-0.41477333771889097
-0.20193815908932564	0.5159038869321525	-0.832504750347955
0.6273642883297574	-0.05094119588365709	0.7770579413984776
0.6927616150185316	-0.4192352738629883	-0.5867905332449908
0.35566191036630956	0.9064473397340673	-0.2277231340984469
-0.18978110283464567	-0.3226447748713869	0.9272990252637268
0.5940210345429021	0.7142619907191208	0.37009298714585076
-0.7817430162959218	0.6210717815696916	0.05610435464741881
0.8856758897003403	0.3470894670669293	0.3083944231900211
0.4481843557343667	-0.46560139599062844	-0.7631160615047681
-0.12128067314490557	0.8140910525873462	-0.5679319998192967
-0.24278924864505913	0.6282109784354805	0.7391916850962974
0.7822499071172505	0.5774270053112899	-0.23380148920032243
-0.5737059033663681	0.5214681391133804	-0.6316110482980863
0.08660576253223273	-0.015207199791474058	0.9961265898321924
0.8742870040145223	-0.47820617872745874	-0.08331317565783014
0.47762085015995803	0.8781159329504187	-0.028119953611178694
-0.013886941046850065	-0.7402230938647618	0.6722179142046432
0.9647008493171649	0.16689667970328903	0.20371001357507781
-0.262981794417602	0.6513181017086026	0.7117761629835608
0.09420875941613327	-0.5349536660496848	0.8396125801995079
0.9950591577247183	0.024051176578699596	-0.09632659826524576
0.03133659645601261	0.8445389961897449	0.5345763758691275
-0.4047911071714736	0.3022169850050027	0.8630232056725812
0.5601680429901954	0.8279326969470056	-0.0271884706924182
-0.7227419478399099	0.4724323690228516	-0.5044320901092922
-0.06814368190419895	0.9501749613687464	0.30417754914595574
0.9974569796276215	0.05850392626840617	0.04070459928955572
0.02088091014974444	0.3061777807076828	-0.9517453200264425
0.4663142309577596	-0.06116841710058962	0.8825018202562992
0.2331078935177378	0.9708438797534702	-0.05588265495618985
-0.8533532375200764	0.2317770176152887	0.4669771580274199
-0.7952567164044066	0.3534666685323257	0.49257290754805
0.4187570818315574	-0.2672738182791865	0.8678751134111304
0.43841676682079483	0.8964519062945446	0.06453462846625513
-0.6966662159989254	0.10346251849480645	0.7098955491848433
0.3546365050082262	-0.8105139277600002	0.46615461192892566
0.6236097600272856	0.5765090460467804	0.5279660851086388
0.07245745636021472	-0.2503659182439002	0.965436079706832
0.6710744720202242	-0.7038595206339877	-0.2328966041308268
0.7378407484143075	0.6647546029887889	0.11701430589732476
-0.884429762080827	-0.4489346066965527	0.12744298668763018
0.4666505934989097	-0.8480746328815165	0.2510112361030802
-0.0046064664079158366	0.2814731532013177	0.9595580464433302
0.4980293815476464	0.5538484987602944	0.667247012384647
0.8639394236618497	-0.25064994154608744	-0.43678745293995636
-0.07466865043711451	0.7939939843751412	-0.6033225881881012
-0.5891840448380756	0.13778523040523777	0.7961641737672074
0.4818879544394498	-0.731011935770224	0.48312063620552637
0.6485724020295709	0.6683088956789708	0.3643035263100638
-0.3535162517423307	-0.8980629830817132	0.26174250356491124
0.9353858438429011	-0.34204819356608085	0.08975720815892435
0.008920924411551484	0.27656086436181715	0.9609549965586776
0.6474958048690578	-0.3858580108941836	0.6571626724835754
0.5237382922414816	-0.40110008062176017	-0.7515430304148883
0.5535768997320493	0.8308022151836149	-0.05762200386181582
0.7468943863323408	0.47868551381495805	0.46152893141053
0.5573000790260129	-0.8292585121776059	-0.0417964340414782
0.3627194474836384	0.28842763190216963	-0.8861400022414467
-0.6729435574841722	0.41920985338605665	0.6094342189806766
0.6385104745337074	-0.08673249459210064	0.7647103035088326
0.37343184431872734	0.9037370044464662	-0.2093038089544519
-0.9053617045969475	0.08952494377135621	0.41509693842769363
0.18690717533091405	-0.7937276155130795	0.5788455581428777
0.38129501919003334	0.601649197468638	0.7018777326046296
0.5779188176103847	-0.17945938741895576	0.7961181875318691
0.3485625688809829	-0.82778751653517	-0.4396270726918743
0.7379119024835589	0.531565758618583	-0.41584115770008356
-0.4611090706818639	-0.42608917759996756	0.7783485322572985
0.4751490176180031	-0.8593765831351126	-0.18895845949749102
0.74940765674735	0.28270108081010525	0.5987221917694752
0.7505397650047705	0.10880581241081799	0.6518062260612473
0.21946058087460074	0.8893301963595758	-0.40115938887831254
-0.6233194322245751	0.4441318464472687	0.6435990897931514
-0.6593944956300226	-0.0522191400214109	0.7499813734675369
0.5134137376438502	-0.760011446000838	0.3984832944381579
0.5491859731742976	0.6478084310682751	0.5279573879637063
-0.5741565161334845	0.37275323089001106	0.7289714149694196
0.5527144032207891	0.8333197218330528	0.009221153743994959
-0.6040290418959561	0.40820738609822044	-0.6844820278729835
0.5890395602321368	0.08315207903826607	0.8038147350186764
0.5455370015688372	-0.7747435753528678	-0.3196275525807154
0.5961726062146879	0.6267839533691569	-0.5017171507912772
0.9026581241910508	0.4055080071666246	0.1441234434630471
0.42119409263155816	-0.9011668881521167	-0.1024391332963532
0.08833938625648131	0.153171458901397	-0.9842431899758539
0.662380670617858	0.32473972661067285	0.6751266230513073
0.7461988905815735	-0.20583839734884468	-0.6331017057880097
-0.06662629275793025	0.9231330695721416	-0.37866379939948036
0.22607236098057648	-0.20999662315082018	0.9512059219043583
0.7921377458020331	0.6079442534395857	-0.05405160853719693
-0.5669295187907766	0.7657056895276652	0.30378564440839084
-0.2518320577114168	-0.2080745647407123	0.9451378683646091
0.3675798841360717	0.8828603561996332	0.2923056965397165
-0.8952461357008731	0.4210256131864425	-0.1458485157745335
-0.19612202653560096	0.06861957803096479	0.9781755998891107
0.13417941466696853	-0.9862871540652907	0.0960912816306433
0.9713557717886886	0.15009664632043662	0.18422530058642583
0.55406876748963	-0.39647865859429965	0.7319921271241837
0.8205376593527933	0.11175296564142179	-0.5605615258418888
0.1404483907930657	0.9112167403804716	0.3872444984425554
0.1981039181654659	0.31524301224840356	0.9281038092993925
0.8888399126996485	0.3413627631881191	-0.305671512412677
-0.41318088919935736	0.8854904331143985	-0.21257527058268888
-0.487086272456676	-0.13524054357888896	0.8628191922742259
0.585282257110831	-0.7838157421915994	0.20755134739115355
0.6482219085278682	0.6060881764769206	0.4609397787557169
0.15769314742414164	0.4854655740397459	0.8599163027165656
0.7794341294402153	0.47348323551556015	-0.41023903221108826
-0.6063128805486832	0.7349399989849352	-0.3037233754138491
0.2184183569126943	0.3554199280867152	0.908828969654023
0.5312007874396159	0.7379421666897089	-0.41625362706507435
-0.8186080532141686	0.5736880976106548	-0.027619230126434857
0.248265965631288	0.2687562585837734	0.9306632493986298
0.7815861210043588	-0.6231438174525774	-0.028546772566943546
0.5722649262033486	0.7344806711157761	-0.364761563209167
0.9412225522138212	0.29316492106830633	0.16779283732959022
0.33439049109743996	-0.878938452849122	-0.3400738089985835
0.047781865469166386	0.37619346772399687	-0.9253082557580912
0.7259286007308924	0.024822454380028558	0.6873219859712332
0.6147566218262668	-0.47151157899321605	-0.6322587498770422
0.30838606090685255	0.8815104518007006	-0.357543508967062
0.6009568160391892	0.02025566154971234	0.7990247889967017
0.3918840908065606	-0.8787433969325538	-0.27246449625621244
0.6966188086958001	0.4768644991217314	-0.5360247054461433
-0.7539363977639535	-0.19991659859479097	0.6257901099673941
0.5198268250754398	0.4009154060625365	0.7543519795915563
-0.40169637795068835	0.8940359001673259	-0.19834270632745032
-0.7945520718716685	-0.3484664645659597	0.4972505687853355
0.37430980572482647	-0.925913308910409	-0.05076134080991574
0.478099544470272	0.14579323528709598	0.866120752621619
0.026426669414015835	-0.9048681642191266	0.42487084687748355
0.9648264928163938	-0.08811743983860731	-0.2476795420617267
0.2615558638289335	0.4164719944714136	0.8707121268925242
-0.6138432021047104	-0.572505779347944	0.5435380905171585
0.6509833279307056	0.022382894848809398	0.7587619605478719
-0.44656156348940157	0.8195951065199147	0.35895212965312073
0.9958093170622679	-0.00933628535502859	0.09097602886337147
0.08866384698378389	-0.14528037664370674	-0.9854097291991278
0.022417098162243874	0.9893464741626322	-0.1438437616720034
-0.42614965733427	0.879347446032923	0.21247244223489137
0.9041459071427905	0.40613689937794173	0.13256318327730246
0.030276197760352605	0.24859784415607258	-0.9681334947878462
0.11538083337929406	9.995659288791758e-05	0.9933213242940971
0.9875578424054232	0.10755615741579172	-0.11472219011810425
-0.10684929195949133	0.994199005738101	0.012311206160502186
0.386202576214544	0.3680693487019474	0.8457969760358414
0.8391908914551901	0.24041721063347665	-0.4878096068445783
-0.3828919140226036	0.8981784451752017	-0.21603069874155523
0.44622699148414213	0.19474194819134727	0.8734741242221489
0.4561114377207842	0.7902636748439413	-0.4092012715063683
-0.7699635241044154	0.5809981909066395	0.26381295213071243
-0.4347160447139211	-0.19053615251680295	0.8801806263786871
0.8876737895486895	-0.2554519449912378	0.38311818952963134
0.15184598715986236	0.947860896115188	0.28018300769168647
-0.7766449947674547	-0.6132168509951639	0.14417921402974684
0.6233018972132915	-0.7811997552359942	0.03495264438542842
0.09119921618617002	0.1170129739592922	0.9889341064460413
-0.6308120632485328	-0.7216734707328278	0.28506761040245093
0.7270337847830006	-0.6780843450907641	-0.1078123217769449
0.2711051763508672	0.13924447056621042	0.9524247795876065
0.017671712351986613	-0.7242732107260474	0.6892866071578144
0.8369331700014258	-0.3664557791736347	-0.4065132603761031
0.5470197249952816	0.5840706105727518	0.5996923730807817
0.9926511051708075	-0.07991181012235543	0.09087291128902639
0.10701801816628884	0.22916893032417984	-0.9674857855089298
0.056488292512117226	0.9701008730936385	0.2360367955044842
-0.7515977882712201	-0.037767209818995166	0.6585395982993716
0.1072730601538249	0.9780703652324294	0.17852409142559977
-0.6508404222472999	0.20482187021065412	-0.7310641191115632
0.7150299159487156	0.3516612259700779	0.6042074159157553
0.5825045200955442	-0.7775750717264585	-0.23678152778004602
0.3865497424221525	0.5212594267529507	-0.7608336918502969
0.035645931964090494	0.8635230562529942	0.5030480084980952
0.9062396583381195	0.18425252184399254	-0.38050057798817777
-0.42125888618475416	0.4694453530642489	-0.7759909866079391
-0.37649895965751323	0.8408862071249774	0.38879161519222555
0.9156206433243335	0.4016404037185951	0.01799509986351283
-0.14102259001714562	0.3627607651989579	-0.9211499640868053
-0.9754833442534667	0.12158817232113137	0.183435442147036
0.2180690768154667	0.4218016944108889	0.8800734107612574
0.02963313721025526	0.8984985514421878	-0.43797514796546166
0.6053636128556085	-0.725013851259823	0.3284658455788123
0.7892797394221258	0.49348340434441773	-0.36539242271068667
0.1028221239235321	0.4804467141297181	0.8709756401380068
-0.6456471155643706	-0.1905319807468773	0.7394845275433962
0.3757010415791513	0.763810521320794	0.524825890058787
-0.664822178871726	0.6166774293196797	-0.42156899630774824
-0.8150525966715962	0.41353495058666706	0.40580550674204946
0.4535791860072937	0.019631458850803973	0.8909997350416835
0.36049297729615976	0.9102765791047643	-0.20357151778546667
-0.97704264070789	-0.1229728271788084	0.1739694283895973
0.18334289129519638	-0.06945185183947533	0.9805925884319059
-0.10850374394494464	0.9899768300580162	0.09040361440900158
-0.6222414629278388	0.4712565213641242	0.6250862763532792
0.6296803561787618	0.7757183884340509	0.04199560557804283
-0.4651002159277193	0.4197359561880107	-0.7794251190633554
0.942195265232423	-0.3287344217473399	0.06482100070228822
0.3350478805169701	0.926265414632985	-0.17255520686397935
-0.003316614944507131	0.18429883779673334	0.9828646592751635
0.9977937870113427	0.014561387605819369	0.06477286926295893
0.054050698090750894	0.38834627950723666	-0.9199270021196192
-0.038549716438201945	0.9213984660199303	0.3867024517360266
-0.8400534824922947	0.4051780002290833	0.36075051584568607
0.5338997757267061	0.49949781340422694	0.6822411332390982
0.09623500419047423	0.7657236593802995	-0.6359293210992101
-0.3458559672714676	0.4075609011306275	0.8451495499450428
0.7472555524136161	-0.4250918741130727	0.5107896220070031
0.567444084725305	0.8082023326077613	-0.15753158501594045
0.3944713226024468	0.2333101892342702	0.8887962259391886
0.39908632816861767	0.8277501863525566	-0.3944106130192217
-0.8277212564101315	0.5102900984663301	0.2334128040490845
0.22377469681057494	0.38114754334394246	0.8970236536849028
0.9413840688141628	-0.32289654360201525	-0.09764147229923842
0.2524300300087661	0.8662934677883407	-0.43106230131736645
0.04309430010409221	-0.5936614827732747	0.8035601565346402
0.998853046919602	0.04240149283521033	-0.022241943817330745
-0.020867964873607703	0.8035970117395799	0.5948078435639962
-0.9984890903967827	0.01416215090803543	0.05309397178836404
0.05272600438699674	-0.025200518239324454	0.9982909908147283
0.01547594326650125	0.9995820963593373	0.024415728903404377
-0.6411128650656392	-0.1264538962129787	0.7569568722059962
0.30644231905395264	0.8621071832520331	0.40356450497792906
-0.7036102609685017	0.4906940153678284	-0.5139571810394661
-0.8110378536055354	-0.037334493003644054	0.583801109669284
0.581386359911289	-0.16209745316582835	0.7973169483876867
0.06486524900150847	0.986068228526461	0.15317293547705924
-0.9512515740772969	-0.04193002447064889	0.30555247644775574
0.20487251752522917	0.6546422580482358	0.7276474184248727
-0.2305378371945486	0.7547750572358614	-0.614139168752704
-0.5939511098525991	0.19579624725246245	0.7803114177472468
0.5199262085765836	-0.6467416377036783	0.5580340416995571
0.6139208554366309	0.7371492953413281	0.28233331301449116
0.2839323428119719	-0.10034104093042268	0.9535796244731239
0.7585654686487373	-0.5847898119917692	-0.28740094913613784
0.5864817597155315	0.8049549995469503	-0.08992549263330751
-0.20363924970312342	0.2421029184420398	0.9486396749357449
0.8285173620993576	0.5588541735999617	0.035227735519413994
-0.5216225040009974	0.7931381906904691	-0.3143911159495101
0.9539365676092227	0.14614487346221758	0.26200515441236516
0.18499752140878992	0.4009698490699696	-0.8972174191406507
-0.23617989340868795	0.9043588093768525	0.3554633621794834
0.995579785191681	-0.05983681107103274	0.07239093422892008
0.06883657392338073	0.989252194815884	-0.1290024075063998
-0.06389379788506268	0.13341533304986286	0.9889984486838272
0.8960554508741443	0.15338856644839116	0.4166012201634094
0.3670704339701941	-0.7837853934687391	-0.5009388720093377
0.24968765580954813	0.6017909974966074	-0.7586195817854764
0.8283707581156667	-0.5588925555259928	0.03796048572529753
0.5598303074213938	0.8283451593051472	-0.020840440211231787
-0.019796817707480353	0.03851504165070105	0.9990618987706925
