-0.19479760823371062	-0.6905451750624078	0.6965638901238382
0.8575100517043522	0.22486066135677507	0.4627247499326061
-0.4761621604584146	0.6874482119928907	0.5483471097538061
0.7861031175288093	0.19228797086365854	0.5874242290479885
0.286231172401544	0.729082967142834	-0.621699077502805
-0.547826253986722	0.6568587087672187	0.5180955820691174
0.9568876961346454	-0.047025444534247056	0.28662614073473314
0.1545739579602586	0.9179108062226776	-0.3654403416977033
-0.2459122374072319	0.3939903036700147	0.8856064657100121
-0.6141846288899062	0.25437605645079625	0.7470408713985526
0.7555549964843982	-0.08376533486141424	0.649707638836897
0.22784619576115078	0.9634709080092123	-0.14074771933169972
0.5397952711212219	-0.5691578212598731	0.620226119873938
0.7532756592260037	0.6554774316341971	-0.054084358513954156
-0.37576168843137253	0.4963957202846844	0.7825563509359906
0.23837255823317638	0.7745574038914818	0.5858663256735782
0.953816147716432	-0.0731716135222773	-0.2913428758866987
-0.18279299723117584	0.628256908478876	-0.7562274638703681
0.9472851808489223	0.07822252117986879	0.3106960304289219
0.17472444116678437	-0.93897086733954	-0.29631921967126335
0.26855568473405944	0.3349849958847358	-0.9031405741794152
-0.9944696711549992	-0.08082176976858355	0.06706649449867882
0.10118553011518727	-0.5662583079104109	0.8179932867803662
-0.028134705404104933	0.8202556737102841	0.5713047068753347
-0.9863216555399392	0.015394770606527445	0.1641115256492535
0.023639381795763015	0.9985480735549065	0.04840376460668249
-0.16312808293260647	0.051621176253136454	-0.9852535119049184
-0.8578288580827231	0.2805352610164711	0.4306153940198987
0.5087895194301034	0.3452908258662585	0.7886111021857869
0.07254567636032153	0.8955859606419798	-0.43893383549506204
0.889226600597146	-0.007122143251308194	0.45741155195944894
0.44848054992350195	0.2107840047771372	-0.8685823505404798
-0.09022887082723094	0.9775067152739257	0.19062888675020695
0.2396907288475072	-0.33992712669432956	0.9093942506096506
0.6268996906171004	0.7694289897570177	0.1223756823297791
-0.7413131136090436	0.540766657865324	0.3975252059082959
-0.5006823723762874	0.7653258200493079	0.40446699637610406
0.8237135509826413	0.27759024933372345	0.49440837311114477
0.266107399219226	0.5807065030122324	-0.7693937934764512
-0.8095028649563523	-0.5670444966078042	0.1522026625728341
0.5829522613695911	-0.8071032543622221	0.09354676777949422
0.0697980844403191	0.1644532628582136	0.9839122683165148
-0.006377637354889609	0.47965274461781904	0.8774352228639801
0.516743270595561	0.752798267064938	-0.4077636097032556
-0.8561166497831776	0.45080817836926984	-0.2526584023526788
0.6720651889708411	-0.7226290335080034	0.1616652767445019
0.7380951567527452	0.6361783780824735	-0.2247056092724301
0.05953084370079176	0.2703411755386928	0.9609223316463353
-0.12914272555384865	0.9395617506902106	0.3170896924790676
0.9656836195813999	0.1918253522651746	-0.17509477747924912
-0.2253381976245692	0.28359610517122413	-0.9320922410486112
0.0314442556731106	0.8619321955134921	0.5060475759476132
0.9298126795828615	-0.21097040064907113	0.3015623831596202
0.3666873868462115	0.46104704791079815	-0.808069291546607
0.9452746942360105	0.025920782197182107	0.325244316610303
0.07475530181063458	-0.9875282129258309	-0.13856288654151303
0.3175962803438002	0.15529372725838456	-0.9354231454192168
0.8190856318198755	-0.15632547676598804	0.5519611155327175
0.5571670747320513	-0.012349281364091524	-0.830308584855245
0.1366147085081402	0.9876283919388291	0.07698428966717052
0.14061053788223477	-0.7023907945765331	0.697764894739349
0.9888468642870079	0.0646824326542037	-0.13415685556722684
0.04909740956730835	0.7088464957944567	0.703651966368104
-0.4417063867424078	-0.4039848626569747	0.801056613888801
0.8519140656377207	0.09110631946440828	0.5156957080704265
-0.28131457957165285	0.91021748461435	0.3039181436221763
-0.22264995662046605	-0.178666429861367	0.9583868236038608
0.9000455817376729	-0.4154352685169447	0.13164911115061978
0.37462641072326797	0.8919034950670659	0.25330457531547657
0.12080541225563146	0.6360603138575854	0.762124221833381
0.7768924105850158	-0.5384984474565089	0.32627841556304693
0.6179354616342632	0.5526723253631567	-0.5592039574542822
-0.11101613870201188	-0.44851174771879176	0.8868554725015405
0.9265912795425982	-0.36934536115288763	-0.07079975190954818
0.35931047524850457	0.8138926319564994	0.45659037005133596
0.9335504956012896	0.06623021768716866	0.3522740842408037
0.13428934803085218	0.8465815884608323	-0.5150397898071396
-0.3323399512066451	0.5281223081297023	0.7814326487213857
-0.069461508344838	0.018985527292474325	0.9974039545800323
0.8748971232250207	0.4815345530334946	0.05176386777874936
-0.4793017031380583	0.8762214468890039	-0.05005849958496
0.9190785849921331	0.0433870089235546	0.3916785953629912
0.1721798003128174	0.849819151086918	-0.49815813434104295
-0.35446956283028974	0.5252856155488913	0.7735802163475523
-0.964056568119765	-0.19932395548460125	0.17568407507544015
0.2182647243831201	-0.9711694716061414	0.09586640449191984
0.15151053941921272	0.13076627313730582	0.9797676960661026
0.16939550383369595	-0.09712317347273045	0.9807508615624633
0.2871869790153213	-0.9470809955994031	-0.14339186468728657
0.9427771753521516	0.30594881426315357	-0.13253875163886475
-0.3525845761085584	-0.2351542889049445	0.9057519401579872
0.8605166807893674	-0.4617897383409073	0.21508435472224963
0.3676889429580365	0.8552500792006081	0.36517412730607757
0.61756747473693	0.19747498557698068	0.7613238760333362
0.5367079264984169	-0.8133853407738052	-0.2243855811946272
0.574939140936518	0.547181795645334	-0.6083067209340423
-0.3621670844757152	0.09885985119062829	0.9268558316938653
0.7888296948114284	0.5622388300746217	0.24826439644062748
-0.49657095717134775	0.8210445954872898	-0.2816079841109693
0.7245990549234527	-0.32302401206924447	0.6087788574110701
0.49172761852058633	-0.3765900675246916	-0.7851011847053994
0.48286660558389427	0.8682369542172444	-0.11403697884217623
-0.9902707159088946	-0.03088434029527947	0.13568370107647454
0.13899002578386507	-0.2668839142115873	0.953653369452288
0.006758842052100186	0.9632336860075166	0.26857994004483554
0.6989264665536978	0.2905084244607353	0.6535339697889497
0.6382998424708607	-0.6655644890230632	-0.38677800099429505
0.32260673497687115	0.6874800115412881	-0.6506121181462523
-0.5047204117907573	-0.3943652686641738	0.7679409748106958
0.8499871016137659	-0.07149380372329528	0.5219296534202709
-0.15092790667069222	0.91616847298988	0.37128977374470484
0.37410013304906153	-0.43010280134360057	0.8216207584579771
0.8742508902976578	-0.132026514766463	-0.4671770330531813
0.30940987583854995	0.8930736697915844	0.3266266202540219
0.725808638693543	0.5587490164555162	0.401249743436453
0.6666563926355242	-0.7151688689192968	-0.21000653105768818
0.16962038248988792	0.41992026092900925	-0.8915693468851973
0.6056170267822327	0.7347451056533834	0.3055775623141318
0.795722239512922	-0.5556095032516848	-0.2410896045891575
-0.007357609393577408	0.3891628317488901	-0.9211395963529072
0.4963855912596329	0.7863811695166448	0.3677036864371346
0.8445122404415323	-0.3393650937977224	-0.414283005753418
-0.2009985585377373	0.5161743788113634	-0.8325644660471974
0.6271446074432625	-0.051367139059937006	0.7772072171433003
0.6925391883878387	-0.41990195052618295	-0.5865763586195923
0.35648157582398243	0.9061146555315746	-0.22776548713302902
-0.19010679665101682	-0.32230747220204015	0.9273496100337887
0.5944147756733295	0.7139802518785645	0.3700044248230647
-0.7813644990197047	0.6215706663687989	0.05585182523009358
0.885450749357571	0.34775566419466697	0.3082903963516252
0.4484209198052449	-0.4651044769209436	-0.7632800955279219
-0.12204773305200833	0.8140907956540361	-0.5677680224248669
-0.24283665887054218	0.6281419865582929	0.7392347406820065
0.781923293227524	0.5777591516113187	-0.23407333516996914
-0.5741309263720388	0.5211832762589093	-0.6314599527533111
0.08591735588056126	-0.014435660087876001	0.99619768102336
0.8741943683441314	-0.47854575266045574	-0.08232963601306054
0.4779146517045675	0.8779439471449559	-0.028495812984308033
-0.014670476422264489	-0.7408056654039171	0.6715591881785279
0.9645106403719473	0.16660083775877765	0.20484966552906403
-0.2636361161351755	0.6507312248259899	0.7120708330676291
0.09361582973668514	-0.535430232173782	0.8393750907056047
0.9951390560457125	0.024438169194544224	-0.0953993449603679
0.030566902937006923	0.8442258242678609	0.5351153353101467
-0.40556321553855024	0.30184696078850914	0.8627901775430524
0.5605083510187872	0.8277370370927812	-0.02611102952899305
-0.7220449200986263	0.4730114265930624	-0.5048874366353002
-0.0673016079476918	0.950092908657692	0.304621007952541
0.9975137681702174	0.05767872965517529	0.04049007849114572
0.02089918368044924	0.30658869689493123	-0.95161262867711
0.46636732687272464	-0.059911658075343904	0.8825599751021186
0.23289809991099666	0.9708194956057856	-0.05716626636028768
-0.8533815040668719	0.23220702008852148	0.46671180436986204
-0.7945593504881097	0.35278197216016194	0.4941865221459404
0.4212953223246043	-0.26579015389864336	0.8671019810137347
0.4372478587018135	0.8971624569771753	0.06256065737631589
-0.6964483583999088	0.10285469053292079	0.710197575831859
0.35534718806973137	-0.8103878108810509	0.4658325577998527
0.6234485223440722	0.576795031714729	0.5278441354947478
0.07235047985573928	-0.24953557050963587	0.9656590532455411
0.6710384814540711	-0.7041151577866493	-0.23222661557818097
0.737883977649914	0.6647960917646194	0.11650490076399767
-0.8841369413054614	-0.44949752777423224	0.1274905547241692
0.467205826603895	-0.8478960047134037	0.25058148530651375
-0.004537026161954373	0.28111267797077505	0.9596640441725974
0.4983569662423667	0.5539916890403236	0.6668834550893837
0.8637739140734486	-0.2512654143976223	-0.43676116687936684
-0.07439730884877094	0.793699502331859	-0.6037434392473513
-0.589016249797869	0.1371299501345792	0.7964014278303008
0.4825204035073638	-0.730862248265157	0.4827156867762748
0.6482545161224446	0.6686073218540817	0.36432174172010034
-0.3536785309298254	-0.8980914925226136	0.2614252623941017
0.935328236427702	-0.3421156434542174	0.09009981489965194
0.008519794619906124	0.2763847998034824	0.9610092900368984
0.6474850907529552	-0.3863746443392742	0.6568696152695274
0.5234399856456664	-0.400974926984734	-0.75181759048113
0.5538715001513456	0.8306225027900984	-0.05738134870157108
0.7466886632197685	0.4782931979022056	0.4622679494184696
0.5569807481993192	-0.8294914853035689	-0.04142851607534892
0.36363235053333987	0.2884085516231452	-0.8857719915397178
-0.6726012468530769	0.4199250422880573	0.6093197203365897
0.6387170981093613	-0.08637425220548045	0.7645782871221891
0.373695104750441	0.9034392328293683	-0.21011787470427068
-0.9058731352165856	0.0895616733168354	0.4139717014067036
0.1861386950986607	-0.7937619433644498	0.5790460805957147
0.38045531811218036	0.6015984407717323	0.7023767272491166
0.5779429231285227	-0.17986907759312754	0.7960082239094367
0.34827447887656526	-0.8277590958977374	-0.43990881614468325
0.7380290407354683	0.5314715364761854	-0.4157537022646063
-0.46151254456140856	-0.42611883090036573	0.7780931262802409
0.4752707366167115	-0.8593604026189405	-0.18872579401454365
0.7490820369814388	0.28270557186358564	0.5991274167562533
0.7497717690779478	0.10849565191688466	0.6527411338416285
0.2200721933670431	0.8894214233001095	-0.40062171868413005
-0.6240276628486459	0.44402502777426595	0.6429861979154134
-0.6600157881065685	-0.05253641499780923	0.7494124929231188
0.5133317097741443	-0.7598870071644597	0.3988261426774761
0.548515920635326	0.6479287471951054	0.5285060296418216
-0.5738144903134426	0.372886146155926	0.7291727180245465
0.5532333106412116	0.8329733953195713	0.009392906192965012
-0.603878990115808	0.4087924225016489	-0.6842652414100432
0.5891273319300836	0.08355180722254754	0.8037089537157013
0.5460912273119493	-0.7742826223867283	-0.3197980489666252
0.5955781713812806	0.627300180280364	-0.5017779644368139
0.9022169183566162	0.4065642049933233	0.14391031738286822
0.4221999998587837	-0.9007156414559232	-0.10226677542529818
0.08804426358561851	0.15302575095320514	-0.9842922976407336
0.6617992898069194	0.3252638308524874	0.675444402116282
0.7466634974567943	-0.20522171546716828	-0.6327540352034907
-0.06719614257265777	0.923085850741889	-0.37867821508964283
0.2259727189595584	-0.21075361030248857	0.9510621672795587
0.7921246382624745	0.6080123471310455	-0.05347469676156408
-0.5669875551928532	0.7654435978441938	0.30433733056555434
-0.2509633515151408	-0.20709262552242075	0.9455844968327888
0.3689418926516033	0.8826483043178586	0.29122817640376375
-0.8949297603962786	0.4219533331294343	-0.1451072314463342
-0.19545761469132628	0.07095566141600186	0.9781419196477548
0.13169521863267955	-0.9864466636317	0.09787414980053973
0.9718295582294603	0.14794686182175498	0.1834639905502624
0.5537013008323535	-0.3979119473306728	0.7314922772169721
0.8205896797274809	0.11136858523073478	-0.560561875040084
0.14158900727567053	0.9106388528913185	0.3881873679339317
0.19807903238482727	0.3150107672354433	0.9281879731257177
0.8886933692828213	0.3417707224906682	-0.3056417324923967
-0.41350791083392546	0.885415715793403	-0.2122503660864179
-0.48735472285962356	-0.134977569872393	0.8627087745802536
0.5845709412956956	-0.7843566649961133	0.2075124976208404
0.6486618446456397	0.6054466761883479	0.4611638901663896
0.15728777387627046	0.48550740056849684	0.8599669297026883
0.7791916863129752	0.4739912277859908	-0.4101129502498929
-0.6067296532804288	0.7345848351110648	-0.3037503051110575
0.21807299323424711	0.35565781638994076	0.9088188418285548
0.5309859785661942	0.7380944903745597	-0.4162576291731124
-0.8188394593496076	0.5733446092181023	-0.027890838864842005
0.2475430547603148	0.26921376042371764	0.9307235826164784
0.7818146943689019	-0.6228923539395967	-0.027765069285848376
0.572265864532205	0.7345264233518825	-0.3646679499066223
0.9410004384907296	0.2940707288059139	0.16745322098966425
0.33511227971171187	-0.8786264849070844	-0.34016945777985513
0.047094954577683326	0.37621523956291286	-0.9253346198937693
0.7256120036430311	0.025701682237479595	0.6876239115238136
0.6154374900543431	-0.47120449238029627	-0.6318251516014836
0.3077725069020236	0.8816494484151799	-0.35772941464807273
0.6007905298798136	0.020340379314722296	0.7991476760749955
0.3927013881025172	-0.8782510615347161	-0.2728748663682676
0.6963019165484817	0.47776703724982633	-0.535632615818374
-0.7540414793998482	-0.19987585170818742	0.6256765068694962
0.5196392211422397	0.4011001034670715	0.7543830504785953
-0.40174186637090054	0.8939621641337128	-0.1985827834989582
-0.7950348131363973	-0.3477338820490733	0.49699174356950326
0.37335631783305223	-0.9262933029458567	-0.050850534429839576
0.4780425774293736	0.1451270622342248	0.8662640648046904
0.02624938908319885	-0.9047061998031617	0.4252266003091536
0.9645707726317542	-0.08878297869988927	-0.24843672691000385
0.2625151312921593	0.4166824627109915	0.870322659197015
-0.6135677030708617	-0.5726839036920027	0.54366149413071
0.651198815154408	0.02244444284554492	0.7585752105934178
-0.44662599217896176	0.819468970393292	0.35915989429878703
0.9958187929959119	-0.009713819298788388	0.09083266609978878
0.0884552769884214	-0.14581823808276684	-0.9853490272057608
0.022816561727545148	0.9892637075911903	-0.14434930326768147
-0.4252373884024503	0.8797971374082482	0.2124386041022573
0.9045710796432894	0.40524008978068027	0.13240706743795766
0.030402719905254907	0.24847025303403641	-0.9681622839067656
0.11552068936849769	-0.0004310062537185022	0.9933049806385934
0.987611012765147	0.10697044568495373	-0.11481206911715924
-0.10620479176020287	0.9942621072853837	0.01278296615032426
0.38671506785440246	0.36885125588085	0.8452219870125743
0.8390082092676087	0.2397002298689408	-0.4884762272438009
-0.3827749744640123	0.898049303120879	-0.2167735410242173
0.4467070028882538	0.19403113839866457	0.8733869537051214
0.45633967629757577	0.7902545583275961	-0.40896434181854996
-0.7695498381568392	0.5812483551582528	0.2644681383808045
-0.43453185098440317	-0.19058822131033787	0.880260302625212
0.8877223079272623	-0.2556718480948639	0.38285899506221827
0.1520893634951606	0.9477911352136177	0.2802869770826296
-0.7765484711207313	-0.6133206409253633	0.14425762861961894
0.6234658198311862	-0.7810443588608391	0.03549761955240725
0.0909001842807882	0.11750532288608075	0.9889032589647769
-0.6313208473569705	-0.7212086197700531	0.28511772035748933
0.7266119595205112	-0.6785753520985949	-0.1075664994597801
0.27105174409001626	0.139260971896805	0.9524375747166413
0.017312762260587755	-0.7243013475672583	0.6892661504637829
0.8368426321793735	-0.366761761187649	-0.40642369455733285
0.5471696969222679	0.583843616427197	0.5997765870115351
0.9926383311255609	-0.07995393934663197	0.09097533271836108
0.10714162606625563	0.229405767584397	-0.967415973489632
0.05647845203385141	0.9700414225083219	0.23628335335755501
-0.7513743046453636	-0.038242968218808966	0.6587671285822567
0.10739164650921815	0.9779229067879295	0.17925909360332523
-0.6510788650991026	0.20543676341215503	-0.7306791687601357
0.7150747524336379	0.35073007113247595	0.6046953907839713
0.5823002004842636	-0.777461552090517	-0.2376552367127447
0.38677457898362166	0.5220555068423401	-0.7601733176240992
0.03496570070790239	0.8632325288632225	0.5035940834505616
0.9060664741145104	0.18523787334709874	-0.38043458670781194
-0.4216882073993828	0.46959187747473874	-0.7756690817288292
-0.37657129899134234	0.8406522187842831	0.3892273163962621
0.9155439140574002	0.4018182691414123	0.017928190557210705
-0.14132727340619639	0.36310594271818497	-0.920967250315835
-0.9756410382103988	0.1205541754172626	0.18327917325544402
0.21747254660602416	0.4217713606735365	0.8802355427885676
0.028814163746772883	0.8986521073836401	-0.43771467174692313
0.6056905427603823	-0.7247186979748824	0.3285144977260891
0.7890039378554446	0.4935662848950474	-0.3658758101644635
0.10301336058606698	0.48080675038989634	0.8707543375259597
-0.6455617414404882	-0.1904290011878626	0.739585582265445
0.375915434500748	0.7637409113843702	0.5247736715784106
-0.6647838927745152	0.616795440794081	-0.4214567120395607
-0.8163350712443176	0.41074211962787754	0.40606398833205176
0.4529958342578907	0.019157527945541264	0.891306772816191
0.35831805090105623	0.9115502730440126	-0.20170343108597288
-0.9771721364313102	-0.12239555836335814	0.1736489074978325
0.18290042316333588	-0.06882925941810347	0.9807191077238315
-0.1080835370856342	0.9900918443967093	0.08964423389254383
-0.6229714951801362	0.4704151724335836	0.6249928653491227
0.6286584402028661	0.7765386738209383	0.04214562399725155
-0.4655051898257679	0.4191625622651671	-0.7794919272452889
0.9425213444020104	-0.3277976930970209	0.06482428362040057
0.334123864794891	0.9267841927708933	-0.1715584536084686
-0.0038416560429361014	0.18335684451439216	0.9830389154293806
0.9977847458566037	0.014464930296801112	0.06493355625084285
0.05423740225885629	0.3883167563470352	-0.9199284759894806
-0.03852148922463535	0.9214124280318916	0.3866719958004333
-0.8399259986891823	0.4051368340608152	0.36109342615611073
0.5340875240329973	0.49899618749408936	0.6824612234688987
0.09630593646438246	0.7660724186090653	-0.6354983997211754
-0.3460441266918379	0.4076099385766586	0.845048874536625
0.7463957925977874	-0.4261234020449003	0.5111870176579232
0.5684600101804916	0.8076341895952732	-0.1567808426510786
0.39360662883272235	0.23237368716305568	0.8894246967861787
0.3995711689897407	0.8281021899182232	-0.393178895624899
-0.8278989688670422	0.5101462854582884	0.2330966854805081
0.22472100763955827	0.3807471580704293	0.896957117339928
0.9411733504765822	-0.3232207058376102	-0.09859563717792902
0.2523751039190399	0.8663486462961254	-0.4309835611513799
0.04293415646361454	-0.5937307361502051	0.8035175612015543
0.9988686150279318	0.04197071996538415	-0.02235952990938428
-0.02044867039538767	0.8035684610636004	0.594860975575754
-0.998526234521131	0.015422750661675096	0.052033621198979974
0.05160861215582636	-0.026781155453089678	0.9983082293880717
0.016790179403467654	0.9995223401578502	0.025945739553424496
-0.6419655437157075	-0.12659311788424812	0.7562105680206678
0.3058323759937437	0.8621409420545283	0.4039548908323205
-0.7030980006199828	0.49059879589912925	-0.5147485045986118
-0.8107774547257447	-0.03800374527855738	0.5841195376404092
0.5818194741637293	-0.16182512090596868	0.7970562901875942
0.06423409057723661	0.9860873924701457	0.15331547873304985
-0.9514906100481413	-0.04213896896301615	0.30477848724106343
0.20415618417239673	0.6546232586220881	0.7278658130006967
-0.23018660137893238	0.7547798994181898	-0.6142649525895847
-0.594083006471807	0.1961484383308581	0.7801225362478539
0.5197426133746579	-0.6465968047319179	0.5583728037368534
0.6139486926966289	0.7371827197180081	0.2821854717827639
0.28370774075957994	-0.1001305668392814	0.9536685941235243
0.7588740475022038	-0.5845224197826777	-0.28713014609933635
0.5861911785933989	0.805175391052066	-0.08984704660385101
-0.20312840795125675	0.24234925052758377	0.9486862972826721
0.828571908238058	0.5588089262247525	0.034657998359432285
-0.5217350311814718	0.7930948396883298	-0.31431374850268856
0.953914748037077	0.14584781213524006	0.2622500127220659
0.18520701778484888	0.4014702021974652	-0.8969504096162557
-0.23610382047015388	0.904184766761136	0.35595630843757664
0.9955042970973172	-0.06070689550293388	0.0727039703123028
0.06980568727272041	0.9890577986787775	-0.12996859965804822
-0.06401843863418963	0.1344594500624137	0.9888489752251118
0.8961835952091094	0.152094548993146	0.4167999662243829
0.3664818054708653	-0.7832748501375535	-0.502166899945435
0.2500920829152536	0.6027833419302204	-0.7576979561504342
0.827957924084059	-0.559468350109587	0.03848169918379644
0.5604267986749618	0.8279410419453384	-0.020867064704968095
-0.020186115855941003	0.038843227056001045	0.9990414027649337
