-0.1386960954690264	-0.711580128626798	0.6887794375887801
0.8619485484059768	0.2557381404830743	0.437770149054374
-0.4876557115450164	0.6544094467882695	0.5778755773968951
0.7705940862655194	0.2178937538091856	0.59892158607246
0.25865448942781283	0.7519474882322171	-0.6063603137080271
-0.5824797072099993	0.622171428942379	0.5230870899729334
0.9497542519725455	-0.10186031481511898	0.2959583368074557
0.1965966730206949	0.9299049080722512	-0.31084821070794655
-0.24355001337972562	0.353413834207014	0.9032065393772527
-0.6096922143359216	0.4041399083837184	0.6818697369950949
0.7310232399547621	-0.0458389244627615	0.6808111453627498
0.3063991292810775	0.913547879126046	-0.2674880298632083
0.598866437279344	-0.5344365499426098	0.5964365552058206
0.682718928082312	0.7300070439817036	-0.031378033323232635
-0.4186333187151785	0.42598977666434146	0.8020466661229758
0.2287439306759801	0.8193348738208706	0.5257057910274915
0.9491442231959604	-0.06769957336952204	-0.30747684683455667
-0.21633644573358232	0.5693040771911991	-0.7931528288677017
0.9473490892895022	0.11352069334748457	0.29940399998038947
0.196015475027032	-0.9449728722926991	-0.2619240427696798
0.2531948588978016	0.30682132066203033	-0.9174710026016788
-0.9938668013864169	-0.08088734896412965	0.07540568864142821
0.1069311917132268	-0.5291516446931486	0.8417625895448937
-0.028186900161636042	0.844663112546115	0.5345556331787992
-0.9859872785789587	0.06505361467146756	0.15361352055933897
0.07594188972256374	0.9949185392442415	0.0661054434481055
-0.1485325414373032	0.07684482732286492	-0.9859173173486173
-0.8903534382715401	0.2204636326290044	0.39832968963669996
0.45441379419801153	0.3767079195094738	0.8072169764204733
0.027908038279563285	0.8997149159966544	-0.43558490714500087
0.894743474623082	-0.035640714177305216	0.4451559885167736
0.4438817422740582	0.18039701089146942	-0.8777390941146291
-0.04902156153327694	0.9829479426471958	0.17722931064156522
0.19265471535016987	-0.3761404676981626	0.9063125891286915
0.6853426064911101	0.7125923238691083	0.15005896071476435
-0.7022746417045943	0.5922250657669188	0.3950693598547632
-0.4426899520694243	0.8035992161883702	0.3978113951085463
0.8647523359023402	0.26528997316287395	0.42640899109972796
0.23712655669118338	0.5327753090005943	-0.812355504832154
-0.8395432791684752	-0.4844652330235089	0.2458872107176808
0.5209698528355785	-0.8462785359057232	0.11136899075479346
0.15413466462648692	0.22159891167770396	0.9628792382763985
-0.01649612447082971	0.5161173112852492	0.8563590361928392
0.5987460996576511	0.6910314967746274	-0.4049426855866994
-0.8007689966664503	0.5060616478820574	-0.32042256868189467
0.7330412174423571	-0.6667037921914752	0.13474652874242526
0.6800065919819877	0.7137984856271976	-0.16757910602865111
0.015543757321494184	0.21447091969268378	0.9766066845022642
-0.2172949162563036	0.9189083724317157	0.32922685559361914
0.9622383146703659	0.25830813110675843	-0.08587394939367832
-0.1639522648501709	0.2981347220285306	-0.9403378873423485
0.11620410548742366	0.8694727113093776	0.4801185376093981
0.9221811901849277	-0.27398351488544215	0.27297414903270356
0.3688881379727162	0.4110355676329458	-0.8336493890141612
0.9169708195814829	0.011410275854890132	0.39879107517718976
0.05727311495527811	-0.9930019763188995	-0.10328051766949868
0.39482186659224333	0.11754522802596216	-0.9112073381118821
0.8161274556178953	-0.12779891302312527	0.5635631411091112
0.5665845136595586	-0.014847589650179183	-0.8238698549909089
0.11365722620151211	0.9916889567357738	0.06029135941816832
0.20988916652938128	-0.6608782224055919	0.720545982518553
0.9762639976308213	0.10138370069024649	-0.19138952992323904
0.053433554097491565	0.7436136902884289	0.6664709557903742
-0.5055409094059582	-0.34406758436193213	0.791230615123266
0.8455997231025207	-0.015367850302125508	0.5335962307457128
-0.1714336524896366	0.9388191128052498	0.29871253108235396
-0.2988758284766362	-0.1764545104336372	0.9378363636050959
0.8638702195292416	-0.46758610760400554	0.18732718912703317
0.4054645273792816	0.8661564741565815	0.29218398195954365
0.1608939743887694	0.6421281005301528	0.7495229359498772
0.7475578241080424	-0.5751254624589717	0.33224689922737066
0.6444147954696842	0.5068552110227252	-0.5725621070581541
-0.22233053004499537	-0.42681200932703156	0.8765846474266666
0.9098223018274805	-0.41396966945197944	0.029197463437158955
0.35041762870503057	0.8040277491903132	0.48036118080534185
0.9488649219942584	-0.01337370606582998	0.31539895972386234
0.1861721275164112	0.83057107293008	-0.5248729672480655
-0.2549417555930038	0.5567520424729849	0.7905895676375426
-0.0838317945320115	0.027552247089737636	0.9960989428294001
0.8456286674299978	0.5307743274998855	0.05648690191195266
-0.5271474054248099	0.8470652200080879	-0.06779473435703376
0.9232102056299634	0.10472656783316228	0.36975027006151967
0.10622524006394352	0.8551208999002237	-0.507429251154473
-0.3693225075649171	0.5077406745019722	0.7783317370262144
-0.9615049422733128	-0.2611264537135509	0.08556413474685809
0.2661321645884288	-0.9624598250096363	0.053336256091872376
0.06842453474793356	0.07405444222600771	0.9949040268443604
0.20641219780518705	-0.15997405054706446	0.9652990768403322
0.2439097689932013	-0.94698847182826	-0.20909533427137972
0.9475769252081414	0.27860570233924165	-0.1564507380524054
-0.3380214731996114	-0.24266832740719768	0.9093148885448635
0.8377983021100628	-0.5177587389257949	0.17326249809888689
0.42876040936338844	0.8203889145639183	0.37832068437130906
0.639773444277737	0.1908957133653064	0.7444788557210689
0.4911873014091924	-0.8465801628550762	-0.20502941933934263
0.5911217936528448	0.4968509378868311	-0.6353850569454873
-0.32772674930196555	0.08684171657482898	0.9407729237463753
0.8126286972611435	0.533823507173981	0.23380988767827438
-0.48190224961046085	0.8411248298860328	-0.24551831371522792
0.7642861904598609	-0.2624863195678955	0.5890395157475039
0.503289848764045	-0.3283030285010513	-0.7993224941211793
0.40319467655639735	0.9073687527773583	-0.1188107708915469
-0.9903763323296153	0.06743440953204693	0.12086074951117559
0.096915541360309	-0.2855117248782344	0.9534623394764439
0.09880333093665006	0.9559998197531836	0.27622861261589704
0.744327902226468	0.24802701915234862	0.62004723347302
0.6119771108271987	-0.6249893387356229	-0.48463629898141436
0.2673200138237687	0.740183034280852	-0.6169838620029302
-0.4936930734715861	-0.3964875659113879	0.7739927385213908
0.860546588881942	-0.09438809674443283	0.5005501528884168
-0.12540621025225585	0.9131749543601305	0.3877947719600414
0.3862527793644349	-0.4605511409141225	0.7991879860433021
0.8742027105333325	-0.09360923992162706	-0.4764524436892625
0.29424209646042077	0.8826833842346844	0.366458226632424
0.7179245016381717	0.5916164921732123	0.3668437489398536
0.67402535900611	-0.7224990169068322	-0.15389927220538152
0.17399490039730278	0.35775004787885795	-0.9174642651778915
0.6221850942712952	0.7387275542193628	0.2591665663308021
0.7758517110358669	-0.5376106403078842	-0.33019527844968527
-0.1045936467924193	0.40651740438119727	-0.9076363638516463
0.4730126973475297	0.809805113298801	0.3470946075973094
0.8404344203110935	-0.2964742598451249	-0.4536220876518706
-0.26444086920211535	0.5062792625857802	-0.8208241803036924
0.6482950772847177	-0.02760111127699083	0.7608887378747808
0.6957547032369952	-0.3844301226302109	-0.6067444880162667
0.3092553729395863	0.9227413827670221	-0.2300205530755921
-0.1616701279985493	-0.3523626240666371	0.9217935511131582
0.5650430628345114	0.7327562575043555	0.3792025899579341
-0.8090668123557704	0.5821587826779602	0.08063525838855101
0.8890252293184454	0.32005880095756883	0.32740877441646066
0.45111543722025776	-0.4900364970505142	-0.7458948276131406
-0.07828795524766995	0.8108184725868451	-0.5800382750949062
-0.22734231606452382	0.6262652150792785	0.7457260567447832
0.7932827664933344	0.5632550032681233	-0.23118445812404517
-0.5648167169189491	0.5390136191926246	-0.6248570993545393
0.10884727686613571	-0.07421526053373584	0.9912842001276609
0.8815700653100271	-0.4535816824483989	-0.1307588516948452
0.4593326575240448	0.8881192219804668	0.016054821104857564
0.06603249831742775	-0.6804129666303476	0.7298478636039489
0.9684184937026181	0.21994487205050683	0.1174302955520356
-0.24042739074554537	0.6990439529099552	0.6734480096334928
0.14805267882018391	-0.5143363792450274	0.8447120771477596
0.9826870426898943	-0.019689173626300516	-0.184224082495485
0.11138483031166019	0.8573624819334169	0.5025166605689945
-0.40390239620312274	0.3473788129325931	0.846280576798805
0.5224613844705999	0.8469764725403297	-0.0983105116465387
-0.7509307265510178	0.40244107057888945	-0.5235878423272236
-0.1150037325808475	0.9647221883074255	0.236823227069908
0.9931405735535861	0.11673056408114402	0.006765838525422896
-0.021117354335406582	0.2359768522474825	-0.9715291979911067
0.46496919587786867	-0.18539685112544954	0.86569720715586
0.22981559472370547	0.9695841415250133	0.08421036114987625
-0.8549786192101401	0.15979549460473197	0.4934338462221165
-0.8103745838146104	0.3692080783081728	0.4549488199998804
0.3795084171360926	-0.26082116125004884	0.8876630459622804
0.4463926469266211	0.8919964779953798	0.07124526660545838
-0.6980874052584809	0.1429944801257183	0.7015885926047096
0.3307385196726548	-0.8046580930679799	0.49308963167455017
0.6350480345802376	0.5762620340728497	0.5144278976319222
0.06018194656395648	-0.3243928317142667	0.9440060508493431
0.6729120159112151	-0.6853328582020382	-0.27840311117322225
0.7372703385801422	0.6519878558692825	0.17704316888515625
-0.9002241019731465	-0.42112775006903913	0.11067061194567829
0.435308179581098	-0.8644897241267087	0.25132509956054483
-0.010166366923956033	0.2744247346744024	0.9615548398206164
0.4887482752909471	0.5411164106330425	0.6843377481505291
0.8667266739415044	-0.21165750011016105	-0.4516480657828767
-0.09954896322122841	0.8138759934970001	-0.5724472649343766
-0.5879626873820936	0.19138682118363137	0.7859204558501144
0.43262652745478414	-0.7465567702247586	0.5054574923512284
0.6834721398775826	0.6372001832303581	0.3561485090553608
-0.3440850026970821	-0.8883660134082074	0.3039923307258876
0.9361807519785394	-0.34939186615147566	0.038612478450437415
0.07191043417922903	0.29787774352643015	0.9518916636717422
0.646379201442457	-0.35625811275123925	0.6747400129246353
0.5485746341301515	-0.3976623124100731	-0.735479813507919
0.5303393241421779	0.8455441102554013	-0.061606484080974466
0.7615138961794732	0.520979555967335	0.3855864211686364
0.5839274341936059	-0.8096372869533097	-0.05929768267779037
0.28129226352964387	0.2703104989432752	-0.920764300263323
-0.6916644239980538	0.3458435760700955	0.6340288206907387
0.6253600158419805	-0.15236321440265188	0.7653171247809694
0.3612826804062973	0.9258389016389081	-0.1108925292817402
-0.8968210494266331	0.09648290195580105	0.43174420081281933
0.19284295484366287	-0.7930671099160198	0.5778028677123516
0.3981502229968957	0.601444601604869	0.6926332298755834
0.5641355446709464	-0.1498915886544481	0.811962806346116
0.3812082817071649	-0.8250208486793833	-0.41715805781768256
0.7324147275940629	0.5448606343781829	-0.4082836708813111
-0.4444460411467446	-0.4014906049847596	0.8007952363856558
0.4671242407840351	-0.8666498657431132	-0.17525111662806334
0.7643707609406089	0.29618120182823215	0.5727250959253128
0.8099884600662053	0.13058935326136822	0.5717211867460877
0.1704397377523068	0.8803899862994212	-0.4425649871133389
-0.5611318832097337	0.4559165415275942	0.6908481141372649
-0.6221542299185372	-0.028861766995271487	0.782362519935856
0.5309265125532019	-0.7499705597532356	0.3945392220952353
0.5753617579076374	0.6608412501571987	0.48192083336177094
-0.5899358525407337	0.38308564425269165	0.710789053837028
0.5132658357184163	0.8574682984732951	-0.036142758577449224
-0.6233248525217913	0.34350182864260315	-0.7024760650355815
0.56639964664022	0.038846211623434435	0.8232146816768644
0.4856213548281873	-0.8227824098828407	-0.2952981641023542
0.6658553446662945	0.567027404831453	-0.4848882161379444
0.9280940365550047	0.3375132083090296	0.15724596506105742
0.35475725471877734	-0.9297948155380711	-0.0981269138560994
0.11308735356101586	0.146855150456058	-0.9826722827316825
0.6834950406909146	0.30332748801985054	0.6639480132980988
0.729930713345888	-0.2765683944897164	-0.6250688577138869
-0.005973530387298531	0.911867511309043	-0.4104411757533155
0.2041838045100266	-0.16202950890820295	0.9654301695196694
0.7964635340633108	0.6008961843358096	-0.06759892423734126
-0.5691702846101439	0.7827325302385427	0.25174386432081386
-0.3154674833363429	-0.2523408083848258	0.9147701259776291
0.281180333560528	0.8958463846075553	0.3440884700253153
-0.9063210727861428	0.36576409283753475	-0.21165713173552847
-0.16615971942674967	-0.048272610101526864	0.9849165968517386
0.0732790118632556	-0.9966438875675512	-0.036484898171494286
0.9833723272801453	0.06611139454152687	0.16913943789490893
0.5542650222317638	-0.28723481961559516	0.7812083227480484
0.8319358862921564	0.1619276611208661	-0.5307184881490472
0.025941592659406654	0.9440739329969463	0.3287117929219622
0.1716053938818457	0.3922310679612534	0.903718085531451
0.878729768983089	0.3537927631167985	-0.3204132860371238
-0.445404963930111	0.8491086326802686	-0.2839523692703776
-0.46619914704277243	-0.20131970682059885	0.8614689378858995
0.6338413390119321	-0.755329946633021	0.1664987347667208
0.6171738104101248	0.6236561932387314	0.47973892939683493
0.16837273523229135	0.44823864906699207	0.877913854266462
0.8134479656563534	0.4398420967094536	-0.3805802637181436
-0.5567342536614186	0.7782165787522323	-0.29056140031882016
0.2599869850218264	0.3709347939868286	0.8915234972950572
0.5226001284581195	0.7223156858600472	-0.45293394186800195
-0.8119703648254768	0.5836672241701418	-0.006057893586376428
0.2812594734942828	0.24937771797692537	0.9266627554543994
0.7688760821078482	-0.6363739149248184	-0.062111277283162125
0.5742148369140285	0.7299582139957612	-0.37072675502034436
0.9486443245201588	0.2347287320292133	0.21207632568405535
0.2995629592557201	-0.8820064104949032	-0.3637674054775274
0.10166601692624502	0.4086160963616752	-0.9070264090954014
0.7545048692399398	-0.03637973118885157	0.6552853710039988
0.5608384089158962	-0.4828250088753132	-0.6725624802865826
0.34085580731140175	0.8749608711040631	-0.3438906696304975
0.6066030702826429	0.045616648417573624	0.7936950525931343
0.3345035018577935	-0.9203239785268915	-0.20275892531108552
0.7212074059301832	0.38848796112052264	-0.5735302796678436
-0.7368486980835813	-0.2093547374933983	0.64282547399866
0.5233881055495678	0.4252038183182124	0.7384216978507926
-0.42792392676942714	0.8805522737331856	-0.20373710050344562
-0.7606088806317568	-0.39997853768178715	0.5113622004978914
0.45364781292026957	-0.8909072675654581	-0.022088513569403598
0.4644112321388906	0.21517762428512133	0.8590813683640501
0.034884024756797305	-0.928450655516791	0.36981412234690075
0.9831401331148043	-0.034579961732015274	-0.17955418375971433
0.17949535781120368	0.36984267806332694	0.9115908128141563
-0.6331284387415641	-0.5581270694561145	0.5363231809245235
0.6251419087038446	0.03989057922537642	0.7794910747860928
-0.4564493115766345	0.8287960641975767	0.3236527613536193
0.9897698822855279	-0.0025044055659367986	0.14265100095426447
0.14070732756222137	-0.14826333346979204	-0.9788868330500331
0.023601442557394464	0.9889447466371348	-0.14639419390134112
-0.4724104257092856	0.8510664495958024	0.2291599617157587
0.8808989048245973	0.44733730755441237	0.15461711661001326
0.02907764020682435	0.27490949718473695	-0.9610303112793264
0.10883219768047314	0.06221599869933975	0.9921112448984146
0.9820298116932613	0.1480730495451441	-0.11701205469565401
-0.15418495936288923	0.9870174980739931	-0.04498285008777314
0.3444750161416721	0.28167530547130604	0.8955422857363249
0.8538154960326448	0.3025932418866768	-0.42359937287375665
-0.3903025262392284	0.9105472817224582	-0.13626292877785606
0.3677305349403147	0.2629267410567748	0.891988667254116
0.4404998390379089	0.7955068503624375	-0.4160874221050318
-0.8189836051351007	0.5459289146616968	0.17671297251819285
-0.4264820618983407	-0.22416292805040733	0.8762785131262827
0.8970489199973299	-0.22888937862211334	0.37803820902867413
0.11582869251858441	0.9472912086797024	0.29870232665244534
-0.7701952941284909	-0.6231204457072342	0.13608864406682153
0.6275320051643666	-0.778482589469274	-0.012978458598923052
0.11402978293725534	0.07540403195342033	0.9906116497237704
-0.5837263364892777	-0.7559408083948495	0.2963394308763999
0.778204365816131	-0.6249994350560848	-0.06143021409932442
0.2316495825887035	0.19475420504553137	0.9531050679246033
0.032310888995604636	-0.7425557301563573	0.6690044798536648
0.8613723020790148	-0.31881507515041996	-0.3954677042034282
0.5069455233685488	0.5890398420045887	0.6293157402034348
0.9896399299424753	-0.059129600919603384	0.1308300399699586
0.1405727907104921	0.2137929706785695	-0.9667118785865293
0.029190744685888108	0.9750878196262739	0.2198900735393995
-0.7667833590454323	0.03144357292073507	0.6411353850888143
0.10489991867277679	0.991510489502317	0.07683069874288871
-0.6332766278281937	0.12616755101393592	-0.763572171911534
0.7438663561286953	0.4201839561200824	0.5197194312695012
0.5513590765112759	-0.8253142584523465	-0.12189972741514493
0.37771154730620826	0.37722913171510275	-0.8455957481072263
0.0887204257380092	0.8859605247987768	0.4551951609531262
0.9274781297363598	0.09315700326678233	-0.3620857517261579
-0.36319829971740036	0.45430795859265855	-0.8134440815703072
-0.41484364984134814	0.8477795406168107	0.3304157936568082
0.9063483226868965	0.41704019912001766	0.0678983820174355
-0.08023380926366777	0.3276390129845428	-0.9413900429798248
-0.9616031489791548	0.17883084027382415	0.20818000490040023
0.262152691924511	0.37406359234052866	0.8895798980429082
0.08121176017120356	0.9099977799161141	-0.40658171449001235
0.5976171905782189	-0.7295653494830524	0.332547882806474
0.8001080860040101	0.5158713363004482	-0.3061107889222291
0.051775904013318386	0.4490113196983585	0.8920247140894372
-0.6436823892812944	-0.16907385667082242	0.7463826181788924
0.3613987751158697	0.7925360940505988	0.4912000254191458
-0.6745842475731798	0.5859185699544559	-0.4490384419052027
-0.7939707687339181	0.4353572809148076	0.42435180729029115
0.47286416517521573	0.003518796701676319	0.8811283103855639
0.3821124176066742	0.9002508850449621	-0.2086586789149807
-0.9738730974081458	-0.14847555289728798	0.17183189557387
0.18642336914142127	-0.09060427531100967	0.9782827774898872
-0.129682371903918	0.9847567595539579	0.11591637904180074
-0.5728817111043918	0.5200462843429159	0.6335285370235755
0.6945296557590817	0.7184443516225157	0.0382919168085703
-0.4352414299595986	0.4619410955552992	-0.7727711963342672
0.9338511042203361	-0.34592136062442475	0.090887443633351
0.3576550802714045	0.9015967709830949	-0.24332304886490302
0.002226814431893355	0.2597338538130974	0.9656776721457747
0.9975354647097026	-0.02128125694287204	0.06685884196820314
0.06992173368365065	0.38064345133704147	-0.9220745707983157
-0.005826474497527264	0.9244769716207953	0.3811933644986135
-0.8520025610365287	0.40898980397270346	0.3268317246436846
0.5116823283491695	0.5184166653368985	0.6851462296153594
0.11078280932693642	0.7509803601608631	-0.6509651817188775
-0.34378072494250334	0.4619336549828136	0.8175769759186142
0.7960959116537859	-0.3183942613546473	0.5146420054606471
0.49804227993829486	0.8277936897141993	-0.2582856842010752
0.4376137491754818	0.307366950711294	0.8449969018540953
0.3181199763014379	0.8260531495729919	-0.46522669179499243
-0.8410076618025255	0.4723999912055262	0.26371264872672995
0.15522396280441875	0.4119545458338821	0.8978858354702408
0.9618151027590776	-0.27042677305777363	-0.04220270747362925
0.22542677187024113	0.8701510286038623	-0.4382008191957232
0.03446058138338426	-0.6006975156906115	0.7987333491058495
0.9983523342993977	0.057381268544437036	8.135831122602077e-05
-0.04588120453587469	0.7974144999078954	0.6016851588721284
-0.9959752397143213	0.013045970471486826	0.08867426081145213
0.0886106640551666	-0.005375798855929981	0.9960518314838657
0.013471157771429522	0.9999004467651357	0.004198150447468185
-0.5628532506407224	-0.13639456627361013	0.8152255764720623
0.3364164286967343	0.8630990253166957	0.37667500448039426
-0.7549968243284918	0.4862680277258662	-0.43991271914493324
-0.8326565533378782	0.0038940086374337213	0.5537760385573002
0.5454556915920498	-0.1670633500961456	0.8213208420370757
0.09571391065735171	0.9859384736135333	0.13698238410573937
-0.9292803892710122	-0.012977857609232979	0.3691470348359726
0.2696193952257247	0.6592634596577109	0.7019095899603169
-0.25247443402140896	0.7518000172732242	-0.6091415223029448
-0.5777533532275043	0.16879419725604514	0.7985672055669841
0.5266542370607891	-0.6703688773269176	0.522724480866705
0.6235674602000114	0.7225746240244916	0.2984116875988133
0.30156713219389175	-0.10411865615807409	0.9477428819148094
0.719831597640578	-0.6269635224879511	-0.2979248437235687
0.6252197500227935	0.7720596135722531	-0.11412369286041524
-0.24854301133841172	0.21854228991580743	0.9436448691288423
0.8101334484910865	0.5809199351737445	0.07884050071931875
-0.530952132636055	0.7840735274424764	-0.32143200900522917
0.9479489749962375	0.11797800977391812	0.2957599195519366
0.23363405131039353	0.3733903487192286	-0.8977721189431233
-0.21635126732209156	0.9201417481524888	0.3263913179528627
0.9999977757928138	-0.00045685347505822405	0.0020590518030509054
0.000460222720585886	0.9999985556315528	-0.001636132591094689
-0.0020583013561615527	0.0016370765744194498	0.9999965416819284
0.8967279113477802	0.2757346719153496	0.34619278402875797
0.4041962020025581	-0.8288596098030936	-0.38680379719409413
0.1802899977717981	0.48678756962436626	-0.8547124538478699
0.8657031533372063	-0.5005561672264333	0.0012544933640940483
0.5005567666632563	0.8657036929613964	-0.00019834471725166912
-0.0009867368666346772	0.0007996527893039745	0.999999193452561
