-0.13876206448075878	-0.71156567519511	0.688781082307844
0.8618943599526605	0.2557637732818179	0.43786185556456103
-0.4877327154731692	0.6544151451187343	0.5778041329865983
0.770684691373934	0.21788917925056028	0.5988066566491903
0.2586136859960647	0.7518976997901088	-0.6064394532563595
-0.5823779424887183	0.6222331995448818	0.5231269229228662
0.9497539913750417	-0.10168393471785175	0.2960198190788462
0.196477043236222	0.9298936169992991	-0.31095760570391706
-0.24364754738828984	0.35349432595765473	0.9031487331372471
-0.6096842794307169	0.4039553326973351	0.6819861938488438
0.7310373498145482	-0.04600474280883038	0.680784809477426
0.30638125365493474	0.9136211757749919	-0.2672580673887166
0.5988039531629242	-0.5344349386794197	0.596500730925939
0.6827382952851843	0.7299905950445971	-0.03133929318787873
-0.4186911102800429	0.42601998481897563	0.802000453059289
0.2287390671404681	0.8193131857173036	0.525741707374897
0.9491315183323871	-0.06764597228808067	-0.30752785782959247
-0.21639731992741087	0.5693416602910449	-0.7931092445465948
0.9473551378150886	0.11356937330310476	0.29936639808584825
0.1960599133065601	-0.9449551900755895	-0.2619545745800815
0.2531378147365159	0.30685776215821453	-0.9174745558072306
-0.9938831154228129	-0.08077488856338937	0.07531115624537678
0.10679291206339188	-0.5292135975758492	0.8417411966120275
-0.028135863421337823	0.8446350605547933	0.53460264465408
-0.9859823786618178	0.06505728239001582	0.1536434150115454
0.07594185486609123	0.9949212250710101	0.06606504811697404
-0.14856508219592443	0.0768069392127189	-0.9859153667738894
-0.8903585883529841	0.22041816352497845	0.39834334101922475
0.4544052517790591	0.37667687105283953	0.8072362739430461
0.02788281373341675	0.8997390555056053	-0.4355366582690712
0.8947114624538027	-0.03568190285134165	0.44521702658668044
0.4439436806299869	0.1805017835970153	-0.877686227843981
-0.049044952670766195	0.9829272139518794	0.17733777006131157
0.1926478228928452	-0.3760995260380771	0.9063310448443112
0.6853260291284362	0.7126121193132955	0.1500406651773557
-0.7022927097255793	0.5922272485471665	0.3950339680895252
-0.44269367159221895	0.803573468480119	0.39785926392008386
0.8647490117963934	0.2652638643809694	0.42643197447053094
0.23713173496890083	0.532827141771612	-0.8123199968375348
-0.8395541025821494	-0.48451343536511077	0.24575524366365126
0.5209773341716285	-0.8462825638563645	0.11130336649051509
0.15405040122279895	0.22147810967090448	0.9629205163562035
-0.016388947504894613	0.5160651994306177	0.8563924989958276
0.5986793081633409	0.6910663199738637	-0.4049820087051336
-0.8008211338224942	0.5060672399340014	-0.3202834062027511
0.7330724392430984	-0.6666909057809808	0.13464039130628347
0.6799693682346489	0.7138048988863563	-0.16770278646585166
0.01569895170851196	0.21448963255778583	0.9766000923819739
-0.21724761475637777	0.9189372911272312	0.3291773516790163
0.9622379045093191	0.2582788866411323	-0.08596645765024698
-0.16401734362005457	0.2980709172179726	-0.9403467654544557
0.11617514942038154	0.8694697628799426	0.4801308843374358
0.9221815808916665	-0.27396641128076205	0.27298999497067045
0.3688962815227316	0.4110532044972237	-0.8336370892368361
0.9170114385232794	0.011375026478346824	0.398698671166688
0.05725838013698031	-0.9929940963373258	-0.10336441623357284
0.3947296537144821	0.11761519209623877	-0.9112382603175804
0.8161053753957284	-0.1278293404539932	0.5635882148956758
0.5666120180840777	-0.01484475498450255	-0.8238509902962665
0.11367865768422034	0.9916850775163188	0.0603147562257087
0.2099058500709985	-0.6609584463769953	0.7204675331122701
0.9762625450014943	0.10144647630546344	-0.1913636738579459
0.053394544039412406	0.7435338221009946	0.6665631838458449
-0.505525772113192	-0.34419660076277814	0.7911841718289807
0.8455658707969189	-0.015213725579277693	0.5336542894959684
-0.17164513355411365	0.9387743299522773	0.29873182881950044
-0.29878101375727306	-0.17642113997450354	0.9378728523570097
0.8638959121124989	-0.4675650078195335	0.18726135879575767
0.4054796651541113	0.8661746618510706	0.29210904866794785
0.16089318399895247	0.6420826164826774	0.7495620701139023
0.7475656984619543	-0.5751391534241286	0.33220547960813007
0.6444058580008178	0.5068972951292364	-0.5725349092980221
-0.222262360859262	-0.42687424797545426	0.8765716281974095
0.9098416953180276	-0.41393244472344604	0.029120794393161675
0.3504105198279365	0.804013872778736	0.48038959186607444
0.9488255439973071	-0.013346187050998104	0.3155185673608035
0.1862147801565512	0.8305752079406481	-0.5248512928493142
-0.2550571361665096	0.5567465341118426	0.7905562307925917
-0.08376170467924116	0.027529865237610474	0.9961054579457069
0.8456131639898132	0.5308043536508031	0.05643682337348882
-0.5271834156309971	0.8470471324934357	-0.067740693960743
0.9231878920408033	0.1046848852701321	0.36981778051526587
0.1062920310550483	0.8551283697683972	-0.5074026757432759
-0.3693590666593291	0.5077366896465358	0.7783169880346482
-0.9614918234256775	-0.2611128874751727	0.08575274619476561
0.2661390196060027	-0.9624527995379075	0.053428746053042965
0.06858203648712802	0.07419345426668505	0.9948828250679853
0.20645659036662733	-0.15991686804772617	0.9652990581203282
0.2439014858919499	-0.9470004653393336	-0.2090506728685286
0.9475693860999761	0.2785977637399334	-0.15651052541354082
-0.33796079947000424	-0.24264396939849497	0.9093439405066368
0.837842565602233	-0.5176915189697133	0.17324931876316024
0.4287217434265069	0.8204385384057562	0.3782568854785897
0.6397250468880196	0.19084821939423707	0.7445326195259483
0.4911765616975285	-0.8465873121583833	-0.20502562798693733
0.5911830931472206	0.4968570016075985	-0.6353232801734812
-0.327720222087452	0.0869073657106203	0.9407691352399865
0.8126284457378707	0.5338430915706098	0.23376604278634217
-0.4819071126395665	0.8411056196266757	-0.2455745740499664
0.7642721785664712	-0.2625706893382897	0.5890200931799147
0.5032403746065511	-0.3283426464443917	-0.7993373705086927
0.4032829805919388	0.907330005910919	-0.11880697765103454
-0.9902967694364306	0.06811625960931926	0.12113002774128591
0.09692888421106309	-0.2860518565736885	0.9532990751890742
0.09958463661312018	0.9557899928998952	0.2766737964156546
0.7443438455125349	0.24803812260149852	0.6200236522778269
0.6119322943407992	-0.6250875916092826	-0.4845661667501266
0.26737820926623224	0.7400963400479899	-0.6170626391681417
-0.4937572534049499	-0.3964325951517906	0.7739799559492587
0.8605106613353484	-0.09439318662071439	0.5006109547820425
-0.12540006554305017	0.9131982938118115	0.38774179519494056
0.3861922895210632	-0.4604915400637685	0.7992515605516064
0.8742093478058159	-0.09373302363237412	-0.4764159280394211
0.29430176982717815	0.8827013434964466	0.3663670379089242
0.7179903213250125	0.5915471602155125	0.36682673801751137
0.6739666734481926	-0.7225338029841102	-0.15399294343084652
0.1739506296763031	0.3577944392892118	-0.9174553491309185
0.6221108346643698	0.738771780112727	0.2592187614781651
0.7759190986278283	-0.5375612176941942	-0.3301173876300879
-0.10453545703625987	0.4065023913093352	-0.9076497915396733
0.47296108131168413	0.809826886551019	0.3471141446031345
0.8404723563203864	-0.29644620225937257	-0.453570135069818
-0.26441262039800595	0.5062608645600396	-0.8208446279224724
0.6482446809683597	-0.027597457133169467	0.7609318063769002
0.6958022973215321	-0.3844109270968281	-0.6067020703530153
0.3092539355259809	0.9227494890209043	-0.22998996472314293
-0.16165386623142286	-0.35233746140512473	0.9218060212555705
0.5650530543234591	0.7327642322684171	0.37917229026895827
-0.8090630836542743	0.5821639744940161	0.08063518753724963
0.889042071051864	0.3200239168439689	0.3273971419356879
0.4510866113998053	-0.4900558791994132	-0.7458995269323684
-0.07826279394229141	0.8108205275583088	-0.5800387979906274
-0.22739055927316665	0.6262814732282149	0.7456976933345933
0.7933281177439906	0.5632209525059669	-0.23111178302944327
-0.5647335930774913	0.5390303098614846	-0.6249178297187705
0.10893553917288612	-0.07412911429183694	0.9912809504471577
0.8815534052554013	-0.45360274538210144	-0.13079810038538947
0.45934370790043333	0.8881156590197743	0.015935313494035208
0.06599643729059279	-0.6804942397587096	0.7297753489397711
0.9684239523705637	0.21989904868334487	0.11747108947794765
-0.24041530471233502	0.6989792543726714	0.673519475009223
0.14805335045606483	-0.5143292034838194	0.8447163286349054
0.9826972793520399	-0.019610783361230455	-0.18417783343838584
0.11129358729429362	0.8573685832940572	0.5025264667731528
-0.403813047719751	0.3473635653273265	0.8463294724717876
0.5225235462609609	0.8469393633514375	-0.09829983931182751
-0.7509355272552736	0.40253231955825586	-0.5235108075454553
-0.11503961686298458	0.9646896929722725	0.2369381413472307
0.9931393775792404	0.11673140803140403	0.006924960687599874
-0.02097768465624031	0.2361092430466635	-0.9715000576914008
0.46502065667409653	-0.1853373278359823	0.86568231111477
0.22985337974095563	0.9695837997945744	0.084111111023304
-0.8549404731839825	0.15986660091004667	0.49347690647629683
-0.8104224549810262	0.3692097451708883	0.4548621863085283
0.37944625353390843	-0.2607554598993287	0.8877089223454785
0.4463585835867923	0.8920149966247976	0.07122682538801783
-0.6981683233553517	0.14295979669118797	0.7015151379643865
0.33068279292523894	-0.8046814296937026	0.4930889242005576
0.6349880965233454	0.5762380525755948	0.5145287397585725
0.06017482122585038	-0.3244182613275492	0.9439977662090343
0.6729129127937026	-0.685326423587659	-0.27841678277008164
0.7372701015814568	0.651981966659936	0.1770658421726512
-0.9002307352350778	-0.4210868229983767	0.11077233786124305
0.43529618809312415	-0.8644799174472222	0.2513795953573791
-0.010092173685933035	0.2745184143688324	0.9615288805869093
0.48869760557197883	0.5411263653107198	0.6843660621873531
0.8667579368549095	-0.2116462830705339	-0.4515933234243479
-0.09952552038163437	0.8138722919647998	-0.5724566037392946
-0.5880513195837942	0.19133232146286971	0.785867411399269
0.432642940594124	-0.7465233669001747	0.5054927780157665
0.6833854925953784	0.6372556829371212	0.3562154728173882
-0.34405018076091376	-0.8884161129270198	0.30388531292253573
0.9362017300337557	-0.34932963270096806	0.038666890213846755
0.07180385644368656	0.2978013062574635	0.951923625188052
0.6463473868834064	-0.35628764871646335	0.6747548938993226
0.5485573388206121	-0.3977129751400348	-0.7354653189860896
0.5303959855570557	0.8455078360236268	-0.061616537776830516
0.7615161413325984	0.5209544933750946	0.38561584812116906
0.5839196363411309	-0.8096405937362217	-0.059329312061569564
0.2813023725195923	0.2703488945913339	-0.9207499391301048
-0.691698519826375	0.3458794499605619	0.6339720528264485
0.6253428784113702	-0.1522583477263033	0.7653519974285287
0.3612470651648046	0.9258427521143292	-0.11097637706818575
-0.8968095696424137	0.09691668049978436	0.43167088486333066
0.1924440848833116	-0.7931120035259138	0.5778742285796583
0.3983690123380745	0.6013156466482583	0.6926193926715984
0.5641757782796661	-0.1498405837892337	0.8119442657302499
0.3812127995722767	-0.8250283142889725	-0.41713916390548167
0.7323813846929755	0.5448633590829894	-0.4083398428809042
-0.4443911658962558	-0.40153381914076103	0.8008040233163173
0.4671255624050986	-0.866635240539176	-0.17531990418467808
0.7644018580701427	0.29616541314245143	0.5726917560407818
0.8099342031519046	0.13065158008398897	0.5717838325680837
0.17043515366259487	0.8803796640101185	-0.4425872858470276
-0.5612115866237057	0.45591864605320526	0.6907819795133012
-0.6222094478667077	-0.028837757129070996	0.7823194914797738
0.5308473576205487	-0.7500173783239916	0.3945567324470438
0.5753750827874704	0.6607891615150565	0.4819763460290766
-0.5899836797944131	0.3830258621570456	0.7107815743919468
0.5132538260017278	0.8574792920637404	-0.036052375462022945
-0.6232894734157082	0.3435410493677843	-0.7024882772889878
0.5664068664057975	0.038882910421394246	0.8232079815973159
0.48566214059916335	-0.8227586345449804	-0.29529733231154986
0.6658194551655903	0.5670593871534456	-0.48490009750891483
0.9281024667070059	0.33751061144891303	0.15720177623599535
0.35475696071419316	-0.9297867375198652	-0.09820448847681953
0.11301906970595488	0.14691225235339034	-0.9826716033300515
0.68356765717246	0.3032812885561872	0.6638943576198347
0.7298624382087958	-0.2765396497269492	-0.6251612939240627
-0.006006609664856111	0.91189159560805	-0.41038718120786744
0.20431249700904497	-0.1620781263357166	0.9653947816978464
0.7964317942315332	0.6009308403715309	-0.06766477833782014
-0.569168516964062	0.7826958579511387	0.25186185348929113
-0.31539621166074516	-0.2524441862462571	0.9147661791411592
0.28117275413967047	0.8958213739205408	0.34415977155476346
-0.9063482288831168	0.3657540141373428	-0.21155824054585448
-0.16620252997843155	-0.048101958478209084	0.9849177227663888
0.07323775875950232	-0.9966530740084005	-0.03631639796965672
0.9833681659076896	0.06609728935566264	0.16916914204186395
0.5542765215745391	-0.2873261735172719	0.7811665684366889
0.8319262873885791	0.16192479181429154	-0.5307344101787199
0.026003653264202398	0.9440466258653866	0.3287853071672976
0.1717332350341051	0.3921139974347211	0.9037446038569107
0.8787705239291678	0.3536701327451486	-0.3204368946879945
-0.4452752657154636	0.8492137835785478	-0.28384130693440435
-0.4661502296362461	-0.20123663525849622	0.861514817075083
0.6338382814308139	-0.7553265341004876	0.16652585347800275
0.6172138984200755	0.6236871359211955	0.4796471203744571
0.16847856425589547	0.4482956873266918	0.8778644258144654
0.8134205436146297	0.439791557025183	-0.38069726239499746
-0.5567423035947174	0.7782122866504063	-0.2905574715859043
0.26001589851870965	0.37084713981169054	0.891551530429395
0.5226350978650883	0.7223245173519577	-0.4528795050692963
-0.8119385980460946	0.5837119927890378	-0.006001872807108288
0.2812745100875915	0.2493122610207283	0.9266758044104301
0.7688832588388801	-0.6363591198462344	-0.06217398865948309
0.5741978615880498	0.7299934705826198	-0.37068362339662775
0.9486536357774075	0.23470934220959008	0.2120561340915358
0.2995262707807566	-0.882056407323317	-0.36367637730825375
0.1016872284924647	0.40851930062045294	-0.9070676317574655
0.7545131401430641	-0.03639574538110246	0.6552749583721377
0.5608130408252471	-0.48285189813324236	-0.6725643297926708
0.34087923754871396	0.8749453664013992	-0.34390689324427415
0.606647810078803	0.045505211091317305	0.79366725413748
0.3345028747074965	-0.9202896769528115	-0.20291559158061512
0.7211700640896109	0.3885822773334172	-0.5735133410857693
-0.7368644115473977	-0.20930907434078488	0.6428223319032335
0.5234434644578141	0.4251051943303997	0.7384392414205208
-0.4278291464022853	0.8806107455351182	-0.2036834218506136
-0.7606253867680093	-0.400000800253039	0.5113202331229862
0.4536237782487252	-0.8909177691198058	-0.02215844024159154
0.4644076752287456	0.21509274386533156	0.8591045470285411
0.03489082640976804	-0.9284292586112326	0.36986719506741933
0.9831402750354095	-0.034583252821108745	-0.17955277282072446
0.17949325846878722	0.36989608051303846	0.9115695583911021
-0.6331671826751544	-0.5581020502060313	0.5363034778360403
0.6251406889760681	0.039826903259583823	0.7794953090065896
-0.45639723681211597	0.8288159743468849	0.32367521205320804
0.9897882868054656	-0.00242561266228504	0.14252460736979433
0.14059528851908332	-0.14820321753153864	-0.9789120344339091
0.02349706681560889	0.9889539537898171	-0.14634877906750976
-0.47242720431217866	0.8510658142753972	0.22912772943826526
0.8808909607111802	0.4473688089369239	0.15457122671342288
0.029045687513187715	0.27486019821377106	-0.9610453784680377
0.10883624256612756	0.062166897446518654	0.9921138791318067
0.9820302605170772	0.1480729134189196	-0.11700846012316785
-0.1541792454672446	0.9870206123346703	-0.04493407497260837
0.34446848848540645	0.28181130806791926	0.895502008420767
0.8538046625048767	0.3025613824489588	-0.42364396388418935
-0.39033198527088814	0.9105157859672852	-0.13638894668874002
0.36790295156831665	0.26285260593557275	0.891939418223121
0.44049608282201796	0.7954903172664206	-0.4161230060376708
-0.8189081873114828	0.545988701978574	0.17687769239215356
-0.42656244166530555	-0.2240319974304943	0.8762728727330522
0.8970037330429834	-0.22891878840625024	0.3781276123500725
0.11588264006090421	0.9473150755909658	0.29860569534186276
-0.7702243027622155	-0.6230776931721376	0.1361202104969942
0.6274944073562299	-0.7785133562606119	-0.012950786095484071
0.11404074785405598	0.07543966062439982	0.9906076748308399
-0.5837680614545548	-0.7559287154429718	0.29628808209971935
0.7781688078041583	-0.6250391040773162	-0.061477027700444234
0.23166388796324364	0.19467381832944292	0.9531180134016924
0.032370004803298436	-0.7424992935943977	0.669064258349566
0.8613349785474951	-0.3188511998772148	-0.39551986937124517
0.5070051651804158	0.5890914286837663	0.6292193982480978
0.9896501903911036	-0.05919388467477721	0.1307233134370518
0.14048459833256177	0.21385628784911037	-0.9667106939404039
0.029267358783998464	0.9750700344921422	0.21995874509848679
-0.7667269448395435	0.0314429670537251	0.641202878876786
0.10500168257403711	0.9914914797498361	0.07693693677357843
-0.6333280656292132	0.12631700363109793	-0.7635047975487912
0.74378394991314	0.4201598359787015	0.5198568534529081
0.5514524909132031	-0.8252345971669297	-0.12201643292753331
0.3777374565981395	0.3774302211920586	-0.8454944364179358
0.08871608099449468	0.8859314426017365	0.4552526067828546
0.9274351594231801	0.09323820467212107	-0.36217490561221966
-0.3633090723319179	0.45434801220994225	-0.8133722405898762
-0.41474357215130353	0.8477992690490394	0.3304907998100567
0.9063868205370954	0.4169709907110001	0.06780947177306557
-0.08031625561386366	0.3276760478054532	-0.9413701220979804
-0.9616252644034704	0.1788703502656928	0.20804386233865263
0.2620509333522414	0.3741515443199408	0.8895728920174122
0.0812782824017278	0.9099538557964528	-0.40666671996979686
0.5975534508120646	-0.7296421983538938	0.3324938131813745
0.8001489289998179	0.5157875547408761	-0.30614521030855923
0.051880293397761484	0.4489826953856071	0.892033056787268
-0.6436892246247587	-0.16916945352387203	0.7463550616807066
0.36141655449550547	0.792453820421842	0.49131966848012953
-0.6745681998423689	0.5860022512697896	-0.44895334419977795
-0.7939846931409109	0.43506430268130003	0.4246261409644586
0.47317164237560183	0.0037036958962833877	0.8809624733711894
0.381702638069885	0.900391767604048	-0.2088007684884048
-0.9738677303377536	-0.14840595669666493	0.17192241222057428
0.1865083381135895	-0.09062153982338006	0.9782649826780815
-0.12960047693160867	0.9847656617373434	0.11593234165715927
-0.5728950941578774	0.5200806334109227	0.6334882365448711
0.6945284556293465	0.7184468426158237	0.03826693947089174
-0.43522572926120984	0.4618985484781777	-0.7728054706734424
0.93382005504009	-0.3460108858237028	0.0908656794197886
0.3577360178536711	0.9015826724198	-0.24325629760104817
0.0022464049325991234	0.25966353552986277	0.9656965372108417
0.9975416160351742	-0.021146631095640755	0.06680976179599714
0.06982486714505015	0.3806727746361621	-0.9220698056974763
-0.005933987370149607	0.9244679868140977	0.38121349549796935
-0.8520237086495424	0.4089525251575369	0.32682324284902825
0.511657086333799	0.5184679523399096	0.6851262718659011
0.1107367414343046	0.7509652552307168	-0.6509904450395392
-0.3437312139472044	0.4618045610915825	0.8176707160669214
0.7961285470794043	-0.31847305914809376	0.5145427553878215
0.4980242856363713	0.8278354051089296	-0.25818666302602944
0.4376657991055466	0.3073077698808137	0.8449914691073421
0.318213763763913	0.8260169447343255	-0.46522683452588454
-0.8409450926454758	0.47250179003116066	0.26372980410420244
0.1552172616148686	0.4119600072664757	0.8978844881775088
0.9617996286423052	-0.27048796490623284	-0.0421631970373299
0.22549739697013238	0.8701294232778767	-0.438207383216902
0.03453287791586701	-0.6006907638416197	0.798735304452119
0.9983479784444289	0.05745704188628342	4.768228143309239e-05
-0.0459216101500145	0.797414129905565	0.6016825667643868
-0.9959808108720063	0.013168302693713371	0.08859356736754903
0.08853013307673123	-0.005325636181714	0.9960592618597933
0.013588226968886188	0.9998991116124801	0.004138439852803377
-0.5629497355766384	-0.13634323556015732	0.8151675394243687
0.3364173407689038	0.8630934398103218	0.3766869880767926
-0.7549244783712947	0.48629233622726753	-0.4400099949801757
-0.8326166730227942	0.0038932789403191004	0.5538360029679776
0.5455107286945416	-0.16710671689848988	0.821275465386954
0.09574717062975299	0.9859311271820667	0.13701201323203827
-0.9293025312427303	-0.012965228004164026	0.3690917342459108
0.26959494540242346	0.6592348951604009	0.7019458087461734
-0.25241903818713496	0.7518252828055567	-0.6091332968201839
-0.5777727178666359	0.1687555937386678	0.7985613539803382
0.5266949724665211	-0.670332250562365	0.522730408369827
0.6235151100554757	0.7226176191028733	0.2984169634833169
0.30157591727365884	-0.10412703466902062	0.9477391660006396
0.7198662479377931	-0.6269146871889142	-0.2979438874465961
0.6251756162875477	0.7720981386053607	-0.11410483408524952
-0.24849184415886882	0.21859976793324776	0.94364503116694
0.8101516229515776	0.5809042065634681	0.0787696047076058
-0.5309483507983142	0.7840691578275465	-0.32144891433655975
0.9479522279597449	0.1180196166461974	0.2957328923079753
0.23358784112248446	0.3734185667366299	-0.8977724068471352
-0.21638690807415514	0.9201249611346526	0.3264150148370345
0.9999974320270507	-0.00048555212250297086	0.002213634667316153
0.0004894654681733668	0.9999983179377473	-0.0017676383203535516
-0.0022127726633065724	0.0017687172788349637	0.9999959876301144
0.8966817974579275	0.27565348668664946	0.34637683147854087
0.40423947203111166	-0.8287911742655933	-0.3869052063638679
0.1804222917480776	0.4869500433688781	-0.854591979779485
0.8656737708086155	-0.5006067088483971	0.001358524923915518
0.5006074146893024	0.8656744013071029	-0.0002174389149155896
-0.0010671888705998838	0.0008683188153478408	0.9999990535647268
