-0.13880593545349496	-0.711556132152741	0.688782101305421
0.861858859534175	0.2557800498106181	0.43792222181721835
-0.48778296252055736	0.6544191599538546	0.5777571674674056
0.7707443108774189	0.21788623265282936	0.5987309887340472
0.25858704484479533	0.7518646269424224	-0.6064918160957885
-0.5823108684272761	0.6222741938832824	0.5231528267517843
0.9497541364303984	-0.10156663025813203	0.29605962229145
0.19639725666764327	0.9298859172496922	-0.31103102493822476
-0.24371130032637386	0.35354830012136484	0.9031104038679443
-0.6096794252116227	0.4038314393538499	0.6820639024776359
0.7310465370937599	-0.04611546108958087	0.6807674528440064
0.3063689917025647	0.9136703633356467	-0.26710392749875567
0.5987626237771448	-0.5344342687270931	0.596542817220731
0.6827518002740784	0.7299790271528657	-0.03131451962685822
-0.4187281929724988	0.42604064633212313	0.8019701167019209
0.22873594964352706	0.8192985715630953	0.5257658375886985
0.9491232153096553	-0.06761078227577122	-0.3075612203778626
-0.2164370289505372	0.569366870088812	-0.7930803110305629
0.9473593822300777	0.11360015543112142	0.29934128613786415
0.19608863664640466	-0.9449428015605015	-0.26197776309668985
0.25309967893855556	0.30688451649605286	-0.9174761283304238
-0.9938936465409465	-0.08071366069589862	0.07523778533827546
0.10669877703570062	-0.5292383870598376	0.84173754855144
-0.02812099473039522	0.8446253812426958	0.5346187192906772
-0.9859828116798579	0.06506877884499182	0.15363576761777842
0.07594756814423889	0.9949231179011842	0.06602996561230756
-0.14855928770985222	0.076772674080091	-0.9859189087088926
-0.8903626429379208	0.2203920358205781	0.3983487349138465
0.45439797331840104	0.3766542011655264	0.8072509489548395
0.02787195552397778	0.8997549462443762	-0.43550452443579646
0.8946901225930579	-0.03570850230871059	0.44525777634678976
0.443984895065939	0.18057127966842934	-0.877651084379318
-0.049061160684457844	0.9829134833858851	0.1774093759938271
0.19264436231247561	-0.37607185229225776	0.9063432636604577
0.6853145834918684	0.7126258690874436	0.15002763865612492
-0.7023048279220262	0.5922282774579715	0.3950108809344084
-0.44269706395510844	0.8035607968008562	0.39788108199598893
0.8647414043573507	0.2652413590655007	0.4264613992276004
0.2371531428330708	0.5328574549406799	-0.812293862809844
-0.839561339681191	-0.48454566796813286	0.24566695456662363
0.5209823489728244	-0.8462852397996827	0.11125953871894026
0.15399399004987763	0.22139735443430456	0.962948109961284
-0.016318413986001534	0.5160303104808565	0.8564148691084318
0.5986350729528177	0.6910896942185825	-0.40500751101138954
-0.8008556416706797	0.5060708974144799	-0.32019133029229074
0.7330929234535726	-0.6666825264204708	0.13457033308984812
0.6799449053877944	0.7138089515708097	-0.16778470220662228
0.01580162078641817	0.21450219025222056	0.9765956784450371
-0.21722304300885886	0.9189519087445817	0.3291527593696604
0.9622362606290618	0.25826639083430314	-0.08602238136684667
-0.1640595267473721	0.2980366769042244	-0.9403502596922677
0.11616200315587955	0.8694560893609151	0.4801588254901057
0.9221852996563411	-0.2739617125858682	0.2729821480147786
0.3688911250227602	0.41108525722803846	-0.8336235656273159
0.9170363860072106	0.011352286092674534	0.3986419349984448
0.05722766430586679	-0.9929954253398274	-0.10336865913936508
0.39467614721050626	0.11760616843790675	-0.9112626009929441
0.816090430331865	-0.12785086697307002	0.5636049727734718
0.566630436685692	-0.014843186665973507	-0.8238383506677639
0.11369414119528512	0.9916823259612092	0.0603308099898644
0.20991653317719194	-0.6610109044477993	0.720416291667513
0.976261681810238	0.10148790835990473	-0.19134610810198638
0.0533683213893254	0.7434815321565384	0.6666236071534309
-0.5055152000901457	-0.34428177574730146	0.791153867061335
0.8455436428801543	-0.015110674355462095	0.533692435308466
-0.17178571088067202	0.938744761055319	0.2987439424129201
-0.2987180664049436	-0.17639892785470795	0.9378970812701153
0.8639129132124006	-0.4675511010513116	0.18721764417535297
0.40548982131263744	0.8661866924384232	0.2920592725020551
0.1608850366059823	0.6420406730690654	0.7495997459453367
0.7475574292176191	-0.5751614062140615	0.3321855608291971
0.6444174850342255	0.506925172907092	-0.5724971389057583
-0.22221627682295342	-0.426915083857042	0.8765634246820246
0.909855015571487	-0.41390674662939064	0.029069842347058672
0.3504051611411481	0.804005420547653	0.4804076464583362
0.9487995359392329	-0.013327180021040247	0.315597571084099
0.18624231281579928	0.8305779138544811	-0.5248372413750383
-0.25513377181102104	0.5567429526180147	0.790534024056939
-0.0837159351189467	0.027515282425955856	0.9961097085362535
0.8456029351534766	0.5308241275123539	0.056404093030321734
-0.5272070923906326	0.8470352146656996	-0.06770544179936078
0.9231735087666625	0.10465685705406132	0.36986161599037926
0.10633634534106497	0.8551330329449707	-0.5073855315495718
-0.36938226049846357	0.5077346139844136	0.7783073347920755
-0.9614829675717702	-0.2611041368627427	0.0858785932729701
0.2661439296562854	-0.9624480046051198	0.05349062664368082
0.0686870568338192	0.07428639272966193	0.9948686446354222
0.20648481867196944	-0.15987909855967888	0.9652992766503808
0.24389545984490676	-0.9470086188097018	-0.20902076587550528
0.9475647863471107	0.27859172590708037	-0.1565491166729116
-0.33792089454130103	-0.2426280203120193	0.9093630258548437
0.8378721048178099	-0.5176464982778188	0.17324098472614585
0.42869546883607207	0.8204716610463656	0.37821481782082267
0.6396931397899316	0.19081693855339354	0.7445680511993578
0.4911698398826788	-0.8465917316688225	-0.20502348221510647
0.5912232026023021	0.4968614855581934	-0.6352824481075976
-0.3277158629514705	0.08695027165553593	0.9407666891578385
0.8126282695314848	0.5338559503158635	0.23373728814763495
-0.4819103741654013	0.8410930237324374	-0.24561131224027122
0.7642630832460482	-0.2626262678383165	0.5890071162800674
0.5032075842562369	-0.3283687568680411	-0.799347287891777
0.40334112948501327	0.9073044709215611	-0.1188045887644904
-0.990359704515674	0.06746504361175028	0.12097984775197564
0.09700513605568252	-0.2856716764708853	0.9534053161384891
0.09888204715945707	0.9559498737657631	0.27637326136364293
0.7443537695734523	0.24804541510235698	0.6200088207182952
0.6119028991978825	-0.6251531815036298	-0.4845186700315225
0.26741785219954506	0.7400384933924646	-0.617114835846938
-0.49379913465651093	-0.3963971619474514	0.7739713848796266
0.8604871322188552	-0.09439619971687208	0.5006508291861536
-0.12539661039378824	0.9132133636117128	0.38770741883891
0.38615250397761214	-0.46045231038292345	0.7992933838928282
0.8742134779808846	-0.09381514085489329	-0.4763921853504125
0.2943417037872573	0.8827130843084883	0.3663066641520598
0.7180344014320308	0.5915007158741266	0.36681535066098464
0.6739272527109355	-0.7225573202334155	-0.1540551103683251
0.17392140872714973	0.3578237304840215	-0.9174494653597345
0.622061812014599	0.7388007622545087	0.259253805613863
0.7759636431359702	-0.5375285910304954	-0.3300658091289115
-0.10449653852767722	0.4064928628117932	-0.9076585403767248
0.4729269468899362	0.8098414206042263	0.34712674396982446
0.8404973083781088	-0.2964275715615048	-0.453536072906338
-0.2643943598387034	0.5062485242367403	-0.8208581206235366
0.6482117369397221	-0.027595026811255863	0.7609599585976089
0.6958333161980947	-0.3843986821053793	-0.6066742530093145
0.30925319749737545	0.9227546627847154	-0.22997019838821653
-0.16164400285731162	-0.35232098675740164	0.9218140477507143
0.5650596319125201	0.732769195010267	0.37915289689898535
-0.8090604604868247	0.5821676984635064	0.08063462124020371
0.8890535252732834	0.32000101160783023	0.3273884264434412
0.45106679754856394	-0.4900687876281793	-0.7459030282429004
-0.07824687436843758	0.8108217658416748	-0.5800392147854816
-0.22742247693457962	0.6262919871847832	0.7456791292325916
0.7933581251970376	0.5631984924607875	-0.23106350485037205
-0.5646785830618887	0.5390415613642715	-0.6249578329401002
0.1089938155240282	-0.07407209530588327	0.9912788068321194
0.8815425243833634	-0.4536164385450685	-0.13082394423611943
0.4593507656261404	0.8881134225867122	0.015856315460865522
0.06597146122623265	-0.6805476037301249	0.7297278433504236
0.9684276645755548	0.21986797446007955	0.11749864804140664
-0.24040720619068848	0.6989370736082087	0.6735661380648386
0.14805333251051134	-0.514324016613533	0.8447194899296775
0.9827041644520862	-0.01955888920105009	-0.18414661284353906
0.1112328004729683	0.857372880249745	0.5025325942774234
-0.4037532202093117	0.3473527240307521	0.846362465069799
0.5225647533398718	0.8469148072271232	-0.09829235914496956
-0.7509390226492758	0.40259333626857374	-0.523458871215962
-0.1150662394975519	0.9646666766857765	0.23701890941423107
0.9931382116742249	0.11673504041749938	0.007030138778656728
-0.020886671357935288	0.2362014674610305	-0.9714796002638661
0.4650542716980497	-0.18529711240051094	0.8656728622935047
0.22987868504653763	0.9695835836015959	0.08404442022860226
-0.8549153844309222	0.15991452262480588	0.49350484386377513
-0.8104533498071818	0.36920970414553955	0.4548071702942699
0.37940720243423376	-0.26071307626903684	0.8877380619323268
0.4463356836814039	0.8920274021727687	0.07121496503934588
-0.6982102651476609	0.14294117555873767	0.7014771884903455
0.33064655614762994	-0.8047006492240487	0.4930818593764194
0.6349608496199948	0.5762158323651659	0.5145872462290273
0.060170002507899834	-0.32443427121357404	0.9439925711891575
0.6729132416631828	-0.6853226676379132	-0.278425233080627
0.7372701946997087	0.6519779481575827	0.17708025051846443
-0.9002351241000957	-0.421059784354712	0.11083943041917774
0.4352882416208797	-0.8644734132026819	0.2514157206148951
-0.010043308373584484	0.274580363217889	0.9615117035647799
0.4886647332640167	0.5411325919994819	0.6843846114137355
0.8667782834680476	-0.21163940254271218	-0.4515574942347306
-0.09950972702300181	0.8138699411867267	-0.5724626914136166
-0.5881138236371155	0.1913066345887766	0.7858268906122058
0.4326461888893782	-0.7464993658519714	0.5055254415181301
0.6833296464272772	0.6372915097072298	0.35625851002979825
-0.3440275855722612	-0.8884489731112745	0.30381481620033385
0.9362154629743055	-0.34928877263691205	0.038703490767715926
0.07173302763112467	0.2977511972894846	0.9519446398081932
0.6463269614494035	-0.3563069714901734	0.6747642558487238
0.5485453530497579	-0.3977465074421782	-0.7354561247722843
0.530433270592162	0.8454839193533193	-0.061623758112048455
0.7615163697862076	0.5209421748609504	0.38563203834585474
0.5839144424528719	-0.8096436562578082	-0.05933863645585258
0.28131253516789406	0.2703634596846087	-0.9207425575179966
-0.6917219294036099	0.3459063842416668	0.6339318147269497
0.6253296385161149	-0.1521873283064885	0.7653769400081493
0.3612251591119484	0.9258443662105361	-0.11103420185131307
-0.8968022667164497	0.09677714125291206	0.4317173604838611
0.1926448736408697	-0.7930104161968488	0.5779467384311416
0.398288396858522	0.60147208142541	0.6925299186270969
0.5642025293092539	-0.1498079138767621	0.8119317057862275
0.3812155069974199	-0.8250328595209004	-0.41712769979403924
0.732359367486851	0.5448654601373247	-0.40837652626418275
-0.4443568225163981	-0.40156051791680447	0.8008096932065186
0.46712538756189736	-0.8666265490230947	-0.17536332804628693
0.7644219296816895	0.29615464706587036	0.5726705321936968
0.8098982530531293	0.1306920398727048	0.5718255069646688
0.1704325902870422	0.8803730339623078	-0.4426014609556213
-0.5612642442464498	0.4559198523709101	0.6907383993557539
-0.6222461015952627	-0.028822243381907697	0.7822909096595286
0.5307950160576487	-0.7500484332024397	0.3945681167795067
0.5753837328060806	0.6607545884343142	0.4820134167065695
-0.5900147115420522	0.3829864292628286	0.7107770643207735
0.5132474410326633	0.8574856768081636	-0.035991364829197764
-0.6232653563590483	0.3435690746696418	-0.7024959690227939
0.5664122749612438	0.03890691132745813	0.8232031262235255
0.48568978262908713	-0.8227420488198702	-0.2952980801722085
0.6657946904436369	0.5670818048171175	-0.4849078848837396
0.9281021736478873	0.3375269850347509	0.1571683480966124
0.354771509911963	-0.9297782897806175	-0.09823190727770853
0.11297579840325485	0.14692809883062316	-0.9826742098728174
0.6836153965546884	0.3032507200818612	0.6638591645546581
0.7298175436972223	-0.27652041431603736	-0.6252222112003377
-0.006028474527523364	0.9119075946806888	-0.4103513083426824
0.20439711442149888	-0.1621097434831743	0.9653715609463456
0.7964107681149902	0.6009538124903582	-0.06770822463921605
-0.5691675570925101	0.7826716721085047	0.2519391704999867
-0.3153492049428599	-0.2525130024891128	0.9147633915476937
0.2811667443878423	0.895805043898198	0.3442071835056457
-0.9063664495071778	0.36574650634077266	-0.21149314955163745
-0.1662442404545328	-0.04795239636380171	0.9849179763811119
0.07321232640623171	-0.9966603899502022	-0.03616659185627091
0.9833630091567828	0.06609564877720432	0.16919975601293746
0.5542843348900369	-0.2873874552057435	0.781138481119626
0.8319197592677542	0.16192219154269827	-0.5307454361799938
0.02604592550460616	0.9440284182567688	0.3288342367945162
0.17181733782732567	0.3920360218894796	0.9037624466434764
0.8787975358716698	0.3535893770386378	-0.3204519361640834
-0.4451895027601307	0.8492834096969633	-0.2837675045626056
-0.46611831621493005	-0.20118122993587007	0.8615450237860176
0.6338357038783455	-0.7553246623164838	0.16654415326132851
0.6172406465698783	0.623707276867908	0.47958650627808286
0.1685483121927316	0.4483340060717322	0.8778314675703153
0.813402483017077	0.4397578983822492	-0.38077472530629064
-0.55674757931996	0.7782092326682454	-0.2905555422139894
0.26003402480918114	0.37078931221022016	0.8915702955416417
0.5226584590675999	0.7223304758018889	-0.45284304001817105
-0.8119177551369475	0.5837413551209891	-0.005965669693432929
0.281284520046035	0.2492697539190869	0.926684201097434
0.7688882139840685	-0.6363491130581744	-0.06221511638230637
0.5741863227027103	0.7300167094602646	-0.3706557307393836
0.9486600361762116	0.2346964887282128	0.21204172688599954
0.2995016292786854	-0.8820892561716076	-0.3636169938355914
0.10170009745109304	0.4084557532037803	-0.9070948064304911
0.7545175929199963	-0.036405845246271495	0.6552692701524461
0.5607975684092794	-0.48286951377730647	-0.6725645842078719
0.34089483604251664	0.8749352245145766	-0.3439172337397087
0.6066769296180821	0.04543124800566903	0.7936492328313712
0.3345022683976703	-0.9202670756652696	-0.20301906778257597
0.7211458489834007	0.388644453390423	-0.5735016594072504
-0.7368749891526498	-0.2092793576457507	0.6428198821012496
0.5234795827648067	0.42503996812280953	0.7384511845251148
-0.4277667317471831	0.8806492922619896	-0.20364785107825378
-0.7606362759982868	-0.40001529466815167	0.5112926947131267
0.45360752065326293	-0.8909248878983751	-0.022204984351897897
0.46440572007917647	0.21503629497091914	0.8591197349630152
0.03489532306263998	-0.9284150053906534	0.3699025468874567
0.9831402273619264	-0.03458577148903519	-0.17955254872389873
0.17949264545126564	0.3699316182431307	0.9115552578165105
-0.6331919660938139	-0.5580863277216958	0.5362905787764333
0.6251406457183118	0.03978441499945129	0.7794975133982425
-0.456362911666956	0.8288286017828193	0.3236912753251079
0.9898004128552752	-0.002373618686345294	0.1424412462942481
0.14052139316216444	-0.1481635545341189	-0.978928648662189
0.023428204696289	0.9889600229747141	-0.1463188032433349
-0.4724499873077721	0.8510630356093327	0.22909107121909736
0.8808790601059848	0.44739976571544626	0.15454944550065644
0.029036028648603024	0.2748184110593601	-0.9610576205322581
0.10883851931181965	0.06213380508154709	0.9921157024158517
0.9820307191775791	0.14807216096180742	-0.11700556285778485
-0.15417471681691886	0.9870228089634954	-0.044901350539086504
0.34446468696660415	0.28190110404318913	0.8954752073464851
0.8537973673324684	0.3025401114483701	-0.42367385628683063
-0.39035129687135095	0.9104950568257023	-0.13647203569528688
0.36801687874191624	0.2628032694497936	0.8919069562053864
0.44049376823067343	0.7954794375200062	-0.4161462538973484
-0.8188582399359486	0.546028301509504	0.17698665723620732
-0.4266153919544946	-0.22394524561216023	0.8762692704387292
0.8969739301761164	-0.22893817345265655	0.37818656946085916
0.1159184020418021	0.947330902960455	0.2985415957018458
-0.7702435462996162	-0.6230493785852065	0.13614092414986542
0.6274696383514409	-0.7785336455078342	-0.012931193270306632
0.11404706191263	0.0754641282787403	0.9906050842854718
-0.5837960934748354	-0.755920239017589	0.29625447420606493
0.7781447680778866	-0.6250659498931752	-0.06150835875841894
0.23167399758396087	0.19462052956390097	0.9531264387874956
0.032408783322594226	-0.742461815201472	0.6691039707932425
0.8613101680529732	-0.31887554713314814	-0.39555426915796843
0.507044835465374	0.5891254861303071	0.6291555423101836
0.9896569087307568	-0.05923630378173546	0.1306532177780571
0.14042674866820154	0.21389865406824327	-0.9667097258465293
0.029317763556591714	0.9750581654968445	0.22000464231003813
-0.7666901482301862	0.031442082609865474	0.6412469197180822
0.1050687546175178	0.9914788724966862	0.07700780607070769
-0.6333614871539776	0.1264161415083307	-0.7634606641839818
0.7437299377089907	0.42014413673745526	0.5199468089338748
0.5515142368167717	-0.8251818781757336	-0.12209387584470596
0.37775365827983004	0.3775629381911142	-0.8454279397800253
0.08871238779588142	0.8859120800318647	0.4552910044193363
0.9274067421810166	0.09329281889621122	-0.3622336048734189
-0.3633825075712183	0.4543745551810903	-0.8133246072726679
-0.4146793890311027	0.8478112043881278	0.33054071765327625
0.9064111659140841	0.4169278271268436	0.06774943006077083
-0.08037289729169661	0.32770008953499014	-0.9413569188674917
-0.9616352649194337	0.17885293505327432	0.20801260751733303
0.26202241915420266	0.3742366279342445	0.889545500900873
0.08125188689446	0.9099222900529667	-0.40674261756159114
0.5975114871106724	-0.729692758278033	0.33245826999397826
0.8001757799061275	0.5157321415256126	-0.306168384143474
0.051949437171285195	0.44896418199451227	0.892038350780719
-0.6436940821076633	-0.1692322346977896	0.746336639458874
0.3614284644889061	0.7923993631343498	0.4913987325598922
-0.6745571834298145	0.58605776169544	-0.44889743398661386
-0.7940237900925629	0.4348891767241282	0.4247324154514835
0.4731958554329866	0.0035888898605442865	0.880949943112895
0.38159127763627626	0.9004768313720118	-0.20863741992781515
-0.9738636303094637	-0.1483627836825067	0.17198288862107786
0.18656557236685953	-0.09063362980817824	0.9782529490654348
-0.12954889720834545	0.9847710543907005	0.11594418340878399
-0.5729037312611371	0.5201027202201822	0.6334622917953634
0.6945273900107274	0.7184487538548541	0.03825039358352561
-0.43521606040213445	0.46187070539705627	-0.7728275566153628
0.9337996671038564	-0.3460698194238262	0.09085076664886912
0.35778914990853006	0.9015735806227437	-0.24321184784219801
0.002259629274542277	0.2596165611185954	0.9657091359557992
0.9975456563460185	-0.02105774702028346	0.0667775021666783
0.06976104239169419	0.3806923108028356	-0.9220665710565704
-0.006005037020304634	0.9244619709788103	0.3812269714282527
-0.8520387961831233	0.4089324361936208	0.3268090458166114
0.5116371661273182	0.518505248244097	0.6851129233787188
0.1107126913954343	0.7509504445514881	-0.6510116203201766
-0.3436991248119219	0.4617190820575087	0.8177324751209836
0.7961496529508214	-0.3185253230265326	0.5144777436363299
0.4980126923179821	0.8278629764972065	-0.2581206121862032
0.4376993842714395	0.30726829482551676	0.844988428325159
0.318276831494957	0.8259928487217738	-0.4652264743047409
-0.8409037445165373	0.47256958096719287	0.26374018200220883
0.15521359620069908	0.4119626181227291	0.8978839239143961
0.9617891117741648	-0.27052932833400956	-0.0421377145062789
0.2255447716687518	0.8701153278621266	-0.43821099049690027
0.03458068925976998	-0.6006856579328336	0.7987370758166407
0.9983450969011564	0.05750710262155789	2.5327738876923522e-05
-0.04594826899612181	0.7974143675040426	0.6016802166220754
-0.9959851117423679	0.013214673435404285	0.08853829450322065
0.08847530501270534	-0.005278617336464064	0.9960643837633811
0.013630025328375935	0.9998987491766409	0.0040882520148624035
-0.5630135314678686	-0.1363093413860597	0.8151291473349342
0.33641774234764216	0.8630898527117928	0.3766948483582582
-0.7548767223976334	0.48630820432811367	-0.4400743850593567
-0.8325903357283289	0.003893224931679262	0.553875595825831
0.545547033626496	-0.1671350920631367	0.8212455753928767
0.09576934244902585	0.9859263176326503	0.13703112510011417
-0.9293171980803479	-0.012957772929015648	0.36905506563765217
0.2695781710416718	0.6592159473500125	0.7019700452706317
-0.2523829531682336	0.7518420252155007	-0.6091275843942183
-0.5777838076742512	0.16872931140552785	0.7985588839040367
0.5267247943103104	-0.6703064777852548	0.5227334090125554
0.6234796409251915	0.7226476633268405	0.298418317199283
0.30158112293743844	-0.10413345813882918	0.9477368037508316
0.7198897045919102	-0.6268816761544778	-0.297956670212843
0.6251460945334026	0.7721240748725565	-0.11409107542587527
-0.24845862417468312	0.2186384643122875	0.9436448134740041
0.8101638085514214	0.5808935346091082	0.07872296210631591
-0.5309453035734275	0.784066274859786	-0.3214609793440246
0.9479549894005336	0.11804675182094601	0.2957132098083517
0.23355573050374615	0.3734370760214578	-0.8977730620827322
-0.21640947026296178	0.9201139682871182	0.32643104408655177
0.9999971883411669	-0.0005064314382971043	0.0023166434682458945
0.0005107306190972797	0.9999981480145346	-0.0018555650718392988
-0.0023156994613676768	0.0018567430353761392	0.9999955950109506
0.8966512976433072	0.2755993857744089	0.34649881528706844
0.4042678120659491	-0.8287461990907585	-0.386971928723558
0.18051035029045798	0.48705719998105823	-0.8545123155254271
0.8656540911025863	-0.5006405454442142	0.0014278706786187197
0.5006413272865433	0.8656547858895116	-0.00023038956576224907
-0.0011207007287097315	0.0009142887418866525	0.9999989540524395
