-0.13902060541554073	-0.7115078733566829	0.6887886594749848
0.8616889119549374	0.25585556581348645	0.43821244671526216
-0.4880220182366899	0.654442110192881	0.5775292495817651
0.7710347090892878	0.21787138520104626	0.5983623792403517
0.25846042461609336	0.751700390886504	-0.6067493149961901
-0.5819825480947568	0.6224777761909693	0.5232759614787207
0.9497558136028906	-0.10098938575302843	0.2962516472405465
0.19600487958207288	0.9298458374418906	-0.3113981467061199
-0.24402045346144302	0.3538189686226773	0.9029209022584739
-0.6096550543172983	0.40320676819415924	0.68245513905882
0.7310980178276333	-0.04665769073100812	0.6806752149330508
0.3062946344190138	0.9139186845546332	-0.2663385720245033
0.5985583735107515	-0.5344337762577268	0.5967481984011931
0.6828247753209195	0.7299156441789251	-0.03120061843619043
-0.4189011813161901	0.4261498459201538	0.8018217439768827
0.22871987563920615	0.8192242135365704	0.5258886825583661
0.9490840940701621	-0.06743966681019375	-0.3077194724477962
-0.2166254852749462	0.5694941433376799	-0.792937462750674
0.9473784185144983	0.11374632132571513	0.2992255111414051
0.19622679466926804	-0.9448829433166013	-0.2620901915051013
0.252921286543448	0.30701465407081624	-0.9174817845597718
-0.9939414580534092	-0.08040852447952282	0.07493228378802286
0.1062819965097066	-0.529404724310033	0.8416856747599596
-0.028009198142280506	0.8445502395176049	0.5347432820991607
-0.9859732919683071	0.06509965381841111	0.1536837746735233
0.07595822049156926	0.9949329797563063	0.06586891932460641
-0.14861701203070055	0.07661854126750516	-0.9859221991968261
-0.8903717812173291	0.2202642630994915	0.39839897792680007
0.45438413357157587	0.3765464913067049	0.8073089861032254
0.02780558163911062	0.8998313143505552	-0.4353509565211304
0.8945837834079895	-0.03583259955463708	0.44546142287812573
0.4441894408760449	0.18091571670672435	-0.8774766344824908
-0.0491487037232316	0.9828456278875383	0.17776072869077897
0.19263614485960157	-0.37592804455228174	0.9064046673604059
0.6852525905432867	0.7127007945589492	0.14995487517502462
-0.7023675696153299	0.5922294173326247	0.394897599889534
-0.4427229326342115	0.8035170323186146	0.39794067861133536
0.8646833093449809	0.2651262348526078	0.42665074022330235
0.23731662280585303	0.5329807298268544	-0.8121652308325309
-0.8395963603867502	-0.4847092834398715	0.24522410601841044
0.5210099434162526	-0.8462968592246969	0.11104172606640601
0.15370943525599068	0.22099442665737018	0.9630861191501332
-0.015974941679774757	0.5158545060899203	0.8565272498788654
0.5984166706327564	0.6912081977683797	-0.4051280237734682
-0.8010257733351251	0.506088288626118	-0.31973794671316713
0.7331920895318548	-0.6666427558183591	0.13422665891251376
0.679826013279594	0.7138268232018444	-0.16818994662564124
0.016308019998942998	0.21456631280903915	0.9765732670369631
-0.21714829554979587	0.919012780894662	0.32903210526038007
0.9622249592853291	0.2582354616361926	-0.0862413710575667
-0.1642246798388253	0.29787573735670725	-0.940372426023877
0.11609027036133068	0.8694474237107588	0.4801918642898458
0.9221858857390641	-0.2739205367955777	0.2730214857209607
0.36891224060891653	0.41113102160302534	-0.8335916517123731
0.9171473322670982	0.011286913859169977	0.3983884743449295
0.05717400777753054	-0.9929858723096869	-0.10349004893236816
0.3944260434479444	0.11769308802518844	-0.9113596618685154
0.8160142988726897	-0.12797014215060518	0.5636881289802603
0.5667221972304137	-0.01483896910115523	-0.8237753068418274
0.1137831938453332	0.9916670044495626	0.060414709172406544
0.20996666630372574	-0.6612650698346325	0.7201683875718917
0.9762581127068406	0.10169132499619571	-0.19125629870567867
0.053236232167364506	0.7432276783308844	0.6669171775771754
-0.5054582086821047	-0.34469767003251944	0.7910091753892812
0.8454356415337063	-0.014592654152858486	0.533877917195744
-0.17248355081099392	0.9386003253349786	0.298795672627138
-0.29840607892715365	-0.17628707065865168	0.938017420295547
0.8639982665978938	-0.4674794089943124	0.1870026670455885
0.4055376768873099	0.8662481577959749	0.2918104208898714
0.16090353364982435	0.6418866748242791	0.7497276502450938
0.7476182856681504	-0.5751881903949412	0.33200217554228206
0.6443422629267892	0.5070897773700653	-0.5724360277735507
-0.22198039948065507	-0.42711143146312736	0.876527539419
0.9099243872578974	-0.4137719243401561	0.02881673300677362
0.350374530637928	0.8039705341250771	0.48048836462383715
0.9486719659030441	-0.013224119967708961	0.3159851638300968
0.1863693917519741	0.8305918216674342	-0.5247701169056528
-0.25551506986409367	0.5567246612377189	0.7904237475190724
-0.08349736269067676	0.027445488102932125	0.9961299792730332
0.8455546480316577	0.5309176046576728	0.05624797113335328
-0.5273191895007814	0.8469788912643283	-0.0675368798278988
0.9231065085355125	0.10451495264705321	0.3700689105728284
0.10655522947991578	0.8551530825125846	-0.5073058136269554
-0.36948661270722427	0.5077300760664164	0.7782607614981837
-0.9614377531779574	-0.2610605106489308	0.08651506541545546
0.2661699180810763	-0.9624231786125981	0.053807062528410485
0.06921720503483371	0.07475984917683158	0.9947964331853142
0.20661505779677392	-0.1596914184416429	0.9653024752727675
0.24386706704172953	-0.9470493026103006	-0.20886950959344788
0.9475437042712596	0.2785610692495255	-0.15673116854812452
-0.3377271378059572	-0.24255149887030847	0.909455414402027
0.8380196503973257	-0.5174201175894764	0.17320360117975664
0.42855973438639783	0.8206370649132654	0.3780097376433591
0.6395408460152343	0.19066617153896653	0.7447374821430648
0.49114072938956105	-0.8466099162103968	-0.20501813019563672
0.5914121153754024	0.496888378617269	-0.6350855446176469
-0.32769339738451886	0.08715549381304277	0.940755524676202
0.8126275597515186	0.5339179009463106	0.23359821099781058
-0.48192684760540533	0.8410324577252	-0.2457863271417391
0.7642193918727602	-0.26289911013120126	0.5889420845701647
0.5030455908727033	-0.3284960292261576	-0.7993969553896112
0.40362588443899544	0.9071793740351848	-0.11879279749197269
-0.990248609165258	0.06652859108865727	0.12239950414127454
0.09864409341981059	-0.28555774679697676	0.9532712709809402
0.09837192119530519	0.9560495383671245	0.27621050904763345
0.7443966645108328	0.24807768248327686	0.6199444082487343
0.6117587495772836	-0.6254843782690525	-0.4842731923790701
0.2676281715006572	0.7397477651166673	-0.6173721777211145
-0.49400119130519915	-0.39623063497505256	0.7739277142578052
0.860372827418054	-0.0944080941140153	0.5008449955888776
-0.1253850901411629	0.9132844002133322	0.38754378268431355
0.3859598770255577	-0.4602608613346517	0.7994966621880926
0.8742310132083717	-0.0942207633087806	-0.4762799421623537
0.29454220219024724	0.8827697249481291	0.3660088849248391
0.718247671178819	0.5912711596189212	0.3667679084231594
0.6737352792003038	-0.7226714283554969	-0.1543592569284823
0.17378451141310416	0.35797265599696426	-0.9174173102527479
0.6218222141391067	0.738942958890983	0.25942327865590226
0.7761806061584096	-0.5373674235462276	-0.3298180085059841
-0.10431107624170606	0.4064474819908819	-0.9077001948642343
0.47276164252521835	0.8099127913237605	0.34718539688041705
0.8406167747585083	-0.29633609223032376	-0.4533744130806954
-0.26431017262198087	0.5061879007758052	-0.8209226161805527
0.64805447324505	-0.027582783264179456	0.7610943369743872
0.6959800709191717	-0.38434458266009	-0.6065401739894779
0.3092525514695481	0.922777563580326	-0.22987915860802133
-0.16160313675334637	-0.35224144777366834	0.9218516088079408
0.5650920970953208	0.7327906380200477	0.3790630589104984
-0.8090459492463277	0.5821888381792298	0.0806275927187885
0.8891131966710448	0.3198900774930661	0.32733478554360224
0.45096112177391956	-0.4901300262140249	-0.7459266881214583
-0.07817793904807147	0.8108285242422837	-0.5800390625822338
-0.2275799586974505	0.6263417943972576	0.745589242807654
0.7935059802835642	0.563088457726953	-0.230823846317709
-0.5644073189226795	0.5390986415915969	-0.6251536075082735
0.10927858247557531	-0.07379307115416284	0.9912682654366403
0.881487674096012	-0.4536866301615705	-0.13095007456829183
0.4593883671023154	0.8881007962288261	0.015469450823907493
0.06583942436361823	-0.6808072496309602	0.7294975387548576
0.9684464839593799	0.21970957222987209	0.11763975338838933
-0.24036758913418801	0.6987339928187937	0.6737909389219507
0.14804976853148644	-0.5142946629639269	0.844737986410339
0.982738955602986	-0.019302742896179836	-0.18398790519226094
0.11092975785660814	0.8573962932993732	0.5025596333355571
-0.4034497875389067	0.3472936943813939	0.846531369045314
0.522767831709352	0.8467938528006382	-0.0982545927117586
-0.7509607600032862	0.4028985737154873	-0.5231927715797615
-0.11518227040496143	0.9645567842211314	0.23740946610729002
0.9931340687729223	0.11673828748795001	0.007542789730690641
-0.020439325500102468	0.23664822468670826	-0.9713803846721072
0.4652157592275735	-0.18508872387648084	0.865630672781463
0.23000357216483658	0.9695833240995689	0.0837050441696626
-0.8547939249653843	0.16015724124062009	0.4936365099143971
-0.8106030652492207	0.36922269272523106	0.4545297281645035
0.3792081658244581	-0.26050120858037595	0.8878852894942083
0.4462329409407357	0.8920839217836477	0.07115081808727686
-0.6984235348911763	0.14287829412081177	0.7012776618282097
0.3304336018741495	-0.8048020484535074	0.4930591217668671
0.6348371449927848	0.5760897984465313	0.5148809022125844
0.0601473958963028	-0.32450514458922847	0.943969650943301
0.6729133032290611	-0.6853076045534445	-0.2784621580728225
0.7372719831271545	0.6519585096279853	0.17714436095853892
-0.9002542945177268	-0.4209314627349952	0.11117062958428964
0.4352540550703819	-0.8644387059256085	0.2515941796672738
-0.009803710888178281	0.27488620805241726	0.9614267834189894
0.4885086922388209	0.5411623338088896	0.6844724874482779
0.8668755710420935	-0.21161285845164013	-0.45138314375746325
-0.09942837591734793	0.813857067674934	-0.5724951278901824
-0.588398038202939	0.19113416059012567	0.7856560833433681
0.4326941315940145	-0.7463950024863466	0.5056384961091364
0.6830545637963594	0.6374654758643133	0.35647472555294835
-0.34392115539745527	-0.8886074339869874	0.3034716908265766
0.9362815605592323	-0.34909065747487755	0.03889154433197886
0.07137981666303155	0.2975105731345016	0.9520464172750888
0.646233811854674	-0.3563973556757463	0.6748057389227757
0.5484812681593374	-0.39791190562326895	-0.7354144503894272
0.5306130029448042	0.8453679910137323	-0.061666853943614486
0.7615219029006074	0.5208563428725037	0.3857370367129901
0.583882361986416	-0.8096604578934112	-0.05942499713921219
0.28136413908634816	0.2704784890029375	-0.9206930043303716
-0.6918298228868387	0.3460346115249413	0.6337440680520394
0.6252745462280472	-0.15183970083710951	0.7654909843290165
0.3611138850884507	0.925853526685771	-0.11131940136312801
-0.8967630494289056	0.09743427787289845	0.4316510102783925
0.192082960268043	-0.793057855347957	0.5780686589372961
0.3986479268146712	0.6013034172248528	0.6924695162099767
0.5643350586614344	-0.14965438171331677	0.8118679126555012
0.3812232947555647	-0.8250552816086887	-0.4170762302329393
0.732253194667874	0.5448736994236489	-0.4085558842742081
-0.44420459008799407	-0.401687809186255	0.8008303104253133
0.4671242826907067	-0.8665861661498258	-0.175565717491881
0.764511076875574	0.29610018674241495	0.5725796824422407
0.8097206398065331	0.13088329032842985	0.5720332593338455
0.17042501494334464	0.8803428065091916	-0.4426644974572513
-0.5615227508773437	0.4559233568707837	0.6905259538256449
-0.6224254122806909	-0.028752922914942025	0.7821508010422664
0.5305435309808126	-0.750198358204718	0.39462131858448407
0.575421730456561	0.6605873846591326	0.4821971996471818
-0.5901653686903632	0.3827913090439244	0.7107570972695286
0.5132250041242227	0.857512075231999	-0.035681030996904506
-0.6231411820288072	0.343720605363934	-0.7025320011985159
0.5664463918331951	0.03903079924631353	0.8231737859585596
0.48582886683914644	-0.8226575780978269	-0.29530462465733476
0.6656641775887789	0.5671958267727403	-0.4849537057974118
0.9281134807003323	0.3375706339596796	0.15700775149773297
0.35480848077963306	-0.9297482508718014	-0.09838257959453793
0.1127666125640148	0.14701788016730089	-0.9826848090827249
0.6838455686315855	0.30310216404281837	0.6636899249013078
0.7296009647207782	-0.276421825858415	-0.6255185100919151
-0.006137633212644933	0.9119868707068429	-0.4101734719809249
0.2048091449701651	-0.16225998246674067	0.9652589871254672
0.7963068479924075	0.6010674579371839	-0.0679213872747651
-0.5691648425342054	0.7825532627871568	0.2523128473228988
-0.3151202565892357	-0.2528555324112517	0.9147476721020702
0.28112744661656563	0.895726739491465	0.3444429806496849
-0.9064582630468896	0.3657016377991923	-0.21117700979274234
-0.16635641698603254	-0.04747060842487183	0.9849223745368673
0.07327652885357519	-0.9966739127388058	-0.035660369951662226
0.9833392562319171	0.06623936142272766	0.16928158243461988
0.5543250393634983	-0.2876967551148839	0.7809957284332756
0.8318857112433526	0.16190185850841587	-0.5308050034058294
0.026266217158120442	0.9439376914330138	0.3290770738418509
0.17222562402958452	0.39164786326715617	0.9038530221368355
0.8789316078597461	0.35319470010410414	-0.32051947292396027
-0.444766863797992	0.8496266562535821	-0.28340250854686433
-0.465965836867098	-0.20090095700490085	0.8616928944509525
0.6338151963298512	-0.7553209833354093	0.166638858117136
0.6173768182998918	0.623802066049597	0.4792878536100792
0.16888836210791014	0.4485289236804303	0.8776665230978007
0.8133141315450733	0.4395904991539876	-0.3811565511474666
-0.5567736026192251	0.7781914916494672	-0.2905531926356799
0.260111398788089	0.3705068332235657	0.8916651539424139
0.5227747176029441	0.7223620605962229	-0.45265842314745536
-0.8118181168560268	0.5838816146667265	-0.005796999095280864
0.2813331772584682	0.2490656010065923	0.926724322422197
0.7689111377269227	-0.6363020763352836	-0.06241257830675401
0.5741317842213098	0.7301273820687952	-0.3705221994701846
0.948693029377581	0.2346365207183802	0.2119604660203439
0.2993790312701397	-0.8822514732998754	-0.36332428145659595
0.1017532881342954	0.40813973220622884	-0.9072310771509575
0.7545290710870407	-0.03644768038509999	0.6552537275583201
0.5607359043305575	-0.48295458504621913	-0.6725549155105677
0.34097085869487376	0.874886527143595	-0.34396575141066066
0.6068102944882042	0.045059763595138164	0.7935684496046256
0.3345057380238785	-0.920151632733508	-0.20353595261515808
0.7210320226815445	0.3889609112528015	-0.5734302327093952
-0.7369296705278647	-0.20913777809827475	0.642803275091073
0.5236517475238203	0.4247186290810734	0.7385140035413972
-0.42746170356061386	0.8808379396254514	-0.2034723964213514
-0.7606898146052146	-0.400083284161638	0.5111598298872105
0.45352327089679306	-0.8909619865003282	-0.022436162026125736
0.4644003108428741	0.21475591806938993	0.8591927879953458
0.03491784681528676	-0.9283434492344944	0.3700799700567238
0.9831383896680184	-0.03460175272337773	-0.17955953182564746
0.17949833072973032	0.37010965803646845	0.9114818650381196
-0.6333086831756083	-0.5580121644443499	0.5362299284322994
0.6251466140988347	0.03957318025226342	0.7795034793286586
-0.456192747306596	0.8288886461623501	0.3237773765537155
0.9898594090303937	-0.0021193279308992646	0.14203470985333527
0.14016112862075586	-0.14796708497701005	-0.9790100100546278
0.023091305241492138	0.9889900152238787	-0.14616956389658076
-0.47254999692722666	0.8510662116514652	0.22887289876545205
0.8808262212001395	0.44754045681631593	0.15444321791171617
0.029011522717021204	0.27457939270430776	-0.9611266766934379
0.10884471858908062	0.061965112242216736	0.9921255727477614
0.9820346959786244	0.1480619113671453	-0.11698515417128291
-0.1541450068261539	0.9870349513908396	-0.044736133085548246
0.34445245267768965	0.2823402666485447	0.8953415447041162
0.8537598169591615	0.3024333523634133	-0.4238257216404955
-0.3904442121355922	0.9103944426494794	-0.1368768643809486
0.36857492834838623	0.26255863206258423	0.8917485558846768
0.4404841625223319	0.7954262951384885	-0.4162579867933564
-0.8186123776000348	0.5462233734761657	0.17752127057999423
-0.42687284741176534	-0.22351785389583495	0.8762530120532381
0.8968286882914998	-0.22903199433312071	0.37847410668253356
0.11609425481013386	0.9474091590023784	0.2982247632885069
-0.7703371788212625	-0.6229117906875217	0.1362407132547507
0.6273502579900452	-0.7786315702608566	-0.01282698690013933
0.11407140187409684	0.075589541707685	0.9905927197687758
-0.5839379200757204	-0.7558738856698559	0.2960931854332261
0.7780209907867861	-0.6252042413314558	-0.06166842398104644
0.23173226661988397	0.1943561822621342	0.9531662137443286
0.032594560561112096	-0.7422780517560377	0.6692988036020153
0.8611853644272829	-0.31900158252113164	-0.3957243465409497
0.5072448745113902	0.5892887952695814	0.6288412781073212
0.989689255408173	-0.05944277575175164	0.13031398290491772
0.14014737183910791	0.21411243106718458	-0.966702943529754
0.02956166260897794	0.974998678600862	0.2202355212729451
-0.7665132640692642	0.03143192129005053	0.6414588453906436
0.10539604159352255	0.9914164625917423	0.07736324785382845
-0.633521183878091	0.1269071787807628	-0.7632466688768507
0.7434619473838741	0.4200643957566608	0.5203943083948642
0.5518192827033672	-0.8249210250739163	-0.12247767807947635
0.3778356944875892	0.3782211070373916	-0.8450970252950194
0.0886877354576745	0.8858149525797309	0.45548474767609803
0.9272664210014355	0.09357002508717027	-0.3625212199146073
-0.36374643649467997	0.4545068978479375	-0.8130879471164645
-0.41436279675815535	0.8478735423806518	0.33077776345099785
0.9065321649216342	0.4167114878421392	0.06746087653510957
-0.08064060159283334	0.32781395948201403	-0.9412943754976282
-0.9616945357599476	0.17884459716443965	0.20774558949481503
0.2618028508121302	0.3745822122173008	0.8894646893480566
0.08125815156709153	0.9097817190708343	-0.40705569207224856
0.5973067055818996	-0.729938550089611	0.3322866421630192
0.8003064911979572	0.5154593587049136	-0.30628609121201283
0.05228976585635203	0.44887789276884166	0.8920618912217314
-0.6437210215309712	-0.16953588040372108	0.7462444852023085
0.3614874423420374	0.7921326717276089	0.49178517607863337
-0.6744998706212888	0.5863304662367592	-0.44862736084020716
-0.7940279143915681	0.43471223918622887	0.4249058016415767
0.47335881412566333	0.0036268529417571305	0.8808622361228141
0.3813805242228839	0.9005621105950624	-0.20865469250425295
-0.9738441483396845	-0.1481538463484801	0.17227307554201676
0.1868395024431937	-0.0906880814608968	0.9781956206238717
-0.12930032896839155	0.9847974967946925	0.11599704839164249
-0.5729478654810103	0.5202044766514874	0.6333388081528771
0.6945179549182482	0.7184620791855776	0.03817133831176542
-0.4351730158648729	0.4617353606169764	-0.7729326639617338
0.9337009844059947	-0.3463570282134912	0.09077048378407668
0.35804615182387795	0.9015311658881874	-0.24299076133959951
0.0023291379068239235	0.25938073548242657	0.9657723381714794
0.9975651327380409	-0.020621342280660083	0.06662256515534812
0.06945082928616154	0.3807882758739356	-0.9220503626529409
-0.006355175591530891	0.9244322848102501	0.38129327628965803
-0.8520864156574346	0.408902410014466	0.3267224500037114
0.5115677986370281	0.5186489999055299	0.6850559118018462
0.11066674138932281	0.7508675209258657	-0.6511150730622921
-0.34354530932348304	0.4612934783625786	0.8180372529793409
0.796252084346009	-0.3187834727446006	0.5141592318334169
0.4979550568238757	0.828000860099219	-0.2577893268901663
0.4378582447448949	0.30707118678329237	0.8449777770784391
0.31859747263946536	0.8258719144238742	-0.4652217013356
-0.8406995943478651	0.47290894177774373	0.26378272280418535
0.15520198020018194	0.4119649509668888	0.897884861503295
0.9617348082673456	-0.2707409115151935	-0.04201806038948164
0.22578419765101893	0.8700484113006419	-0.4382205587193675
0.03481564060159703	-0.6006527338283962	0.7987516288020791
0.9983309126333881	0.05775276266579332	-8.535253250041563e-05
-0.04607884601513673	0.7974214141524808	0.601660891367364
-0.9959773589926848	0.0132803609681557	0.08861564414092787
0.08855079650859755	-0.005395091158974408	0.9960570512922837
0.013706086664289845	0.9998972572239317	0.004197402102388392
-0.5633282856208726	-0.13614441447798092	0.8149392253572637
0.33641640519118055	0.863073200432434	0.37673419411245274
-0.754642461658296	0.4863839523481049	-0.4403923318593823
-0.8324624678676542	0.0038943828387393298	0.5540677516098554
0.5457232834664967	-0.16727015187947858	0.8211009646643719
0.09587667846896294	0.985903408084444	0.13712086804435553
-0.9293901756601062	-0.01293071085634398	0.3688721975199919
0.2694872914512205	0.6591244645349666	0.7020908345775343
-0.25221122324901246	0.7519226934786869	-0.6090991396308112
-0.5778390959554462	0.16862358639653688	0.7985412107688383
0.5268511486771968	-0.670187244700529	0.5227589541827395
0.6233216235001886	0.7227829156472108	0.2984208614115411
0.3016005585603436	-0.10417278032649735	0.9477262974694414
0.7200090079599695	-0.6267143805566677	-0.2980203242397623
0.6249993052256853	0.7722545675115944	-0.1140120670143776
-0.2482995699904118	0.21883181347303116	0.9436418605353842
0.8102261792914869	0.58083710225509	0.07849712755655247
-0.5309245350643501	0.7840541422988688	-0.32152486686209714
0.9479731742193062	0.11817807564764417	0.2956024414594588
0.2333856107066271	0.37352670194695725	-0.8977800174027732
-0.21651331985738842	0.9200607291743566	0.3265122309431664
0.9999958072077639	-0.0006248657445583169	0.0028275625004592383
0.0006313562700486153	0.9999971668593396	-0.0022951388965320096
-0.002826120335901502	0.002296914472805083	0.999993368591888
0.8965011275445428	0.27532579812025143	0.3471043549147863
0.4044046126149637	-0.8285239369178157	-0.38730478340700236
0.18094926804799338	0.4875897772140536	-0.8541156663761913
0.865554496040306	-0.5008116137096694	0.001772556890132226
0.5008128348442018	0.8655555533353911	-0.00029756609215645535
-0.001385221905058704	0.0011452789100049063	0.9999983847469415
