-0.13918959902033112	-0.7114675527901204	0.6887961794692221
0.861559845024144	0.2559100852443347	0.43843432998820997
-0.4882016888198284	0.654464628224532	0.5773518523711452
0.7712605297352709	0.21785915877357542	0.5980757328390272
0.25836622764190215	0.7515684754064151	-0.606952814631722
-0.5817250963183229	0.6226413202749612	0.5233676514647149
0.9497581884520605	-0.10053445598886455	0.2963987291256211
0.19569582102804733	0.9298119613904288	-0.3116935387322653
-0.24425914333023177	0.3540374833464767	0.9027706969575798
-0.6096361730481161	0.40269852609886736	0.682772021680039
0.7311430713302212	-0.047086187379919764	0.6805973113404391
0.3062246654942396	0.9141207732219103	-0.26572479411435834
0.5983957368742	-0.5344361045832956	0.5969091992997059
0.6828897914153483	0.729858264987606	-0.031119861985290653
-0.41902753474143595	0.4262451913477901	0.8017050342747016
0.22870773909485698	0.8191619164162902	0.525990993051506
0.9490547038457857	-0.06730729666952584	-0.30783907634221536
-0.21676701590949368	0.5695994052913249	-0.7928231696320829
0.9473925915476225	0.11385538145457702	0.29913914754594134
0.19633226475324178	-0.9448353348977567	-0.2621828212250139
0.25278631153118775	0.3071207287736818	-0.9174834814098729
-0.9939800255770534	-0.08018099387083458	0.07466402732055857
0.10593614607798371	-0.5295046406786574	0.8416664235039378
-0.027950701386262683	0.8445092324667925	0.5348111017643191
-0.9859655964744287	0.06511570278003115	0.1537263406846307
0.07595826573517309	0.9949415241810587	0.06573967848093357
-0.1486680343427239	0.07649384754170974	-0.985924189201653
-0.8903764332828024	0.22017866063673994	0.3984358975479082
0.4543772932304079	0.37645678825863926	0.8073546692567017
0.027768371417924875	0.8998897954606451	-0.435232436262045
0.894498616095896	-0.03592351831966839	0.4456250965038474
0.44435238971399454	0.1811900910880222	-0.877337508970736
-0.04922580175059835	0.9827917641713582	0.1780369869408044
0.1926407916837135	-0.3758078398600711	0.9064535249416702
0.685196923377263	0.7127682602651212	0.1498885697875779
-0.7024206016154461	0.592224513726289	0.394810617597672
-0.4427562974784498	0.80348171022501	0.39797487656517644
0.8646308613877562	0.26505092524258267	0.4268037963325976
0.23744543495093967	0.5330714289492018	-0.8120680495248012
-0.839622813427676	-0.4848450036912368	0.24486497007011565
0.5210359606435481	-0.8463036841854723	0.11086749681647569
0.153476574395082	0.22067033450316959	0.9631975625915018
-0.015708679843967177	0.5157115345695504	0.8566182641582415
0.5982432401179263	0.6913058240819947	-0.4052175751908095
-0.8011605725638055	0.506100652738399	-0.31938044127184995
0.7332677956193594	-0.6666138434596325	0.13395642431590202
0.679734624079195	0.7138380877765744	-0.1685112022015126
0.01670870238650269	0.2146186575008341	0.9765549913430881
-0.21708374152138532	0.919062311432422	0.32893634167049624
0.962217621543816	0.25820505915311975	-0.08641409733541996
-0.16435296759607862	0.2977492487517428	-0.9403900716777769
0.11601216120484414	0.869456638060768	0.4801940576315452
0.9221917312640182	-0.2738592858697124	0.27306318377108907
0.3689221994416354	0.4111523392551689	-0.8335767299320129
0.9172582487056916	0.011215443428367767	0.3981350512201516
0.05710149802136727	-0.9929803312219154	-0.10358320679594113
0.3941785434356916	0.1177466587004489	-0.9114598182365454
0.8159519758869123	-0.1280780116746862	0.5637538434207812
0.5667950793647258	-0.014839805218540114	-0.8237251472360243
0.11386707625199599	0.9916530658988225	0.060485418402185354
0.2100023202512752	-0.661461666281411	0.7199774229302611
0.9762562534771067	0.10184985124733181	-0.19118141998567678
0.05312958719888766	0.7430310032839247	0.6671447932218014
-0.5054076670311998	-0.34502368853410237	0.7908993263724546
0.8453518485125312	-0.014172173843864488	0.5340219112592531
-0.1730414468343528	0.9384869758493518	0.29882913820210355
-0.2981578748146718	-0.1761955743958981	0.9381135332406723
0.8640668007461298	-0.4674204282831218	0.1868333671268888
0.40557421704830593	0.8662985990909383	0.29160982781574996
0.16092374320821423	0.6417763945303057	0.7498177167122275
0.7476568402366905	-0.5752137091178602	0.33187111668562197
0.6442924787075701	0.5072004024708135	-0.572394054488951
-0.2217849167042789	-0.4272601656928675	0.8765045359463801
0.9099827298740463	-0.41365761593139894	0.028614823307675286
0.35034680254492745	0.8039503265712716	0.48054239183706904
0.9485723578192038	-0.013134209444833317	0.31628780331143924
0.1864607171198214	0.8306037414916577	-0.5247188062107374
-0.2558180661182442	0.5567090058211009	0.7903367635920797
-0.08333266543168705	0.02739209821027122	0.9961452403277793
0.8455191038668544	0.5309865983819662	0.0561308946565075
-0.5274022296769723	0.8469373679879684	-0.06740907088345538
0.9230572702135318	0.10439951176355684	0.3702242804699252
0.10672823043488237	0.8551663036138072	-0.5072471567113377
-0.3695596849416634	0.5077315581161257	0.7782250986435671
-0.9614026495440031	-0.2610181325666562	0.08703148810163712
0.2661844836372067	-0.9624046681549592	0.05406547312597862
0.06964744159381271	0.07514512083267794	0.9947373747348989
0.20670799782917693	-0.1595406498928612	0.9653075078259862
0.24384463695030884	-0.9470825994511392	-0.2087446833992308
0.9475292062327286	0.27853425435417545	-0.15686641605945617
-0.33757700044816574	-0.24249473642034036	0.909526289656791
0.838138664069262	-0.517236121690364	0.17317729126794829
0.42844526903749564	0.8207698198807876	0.37785123291084743
0.6394250904400777	0.19054870702164828	0.7448669303762092
0.4911222016099869	-0.846619915806095	-0.2050212214533902
0.5915526492219081	0.4969163998228059	-0.6349327167390915
-0.32767476183112754	0.08731181951865508	0.9407475201302715
0.8126269663752654	0.5339658180564466	0.23349072501288576
-0.4819405191293289	0.8409858211168912	-0.24591906128175878
0.7641856709731613	-0.26311363540199295	0.5888900365474411
0.5029164067114039	-0.3285979252566804	-0.7994363585536345
0.4038506507853976	0.9070802711902363	-0.11878566191952045
-0.9903394175245483	0.0648340847270251	0.1225739758462147
0.09925714716263365	-0.28581676351318475	0.9531299997544848
0.09682900822725997	0.9560885519409056	0.2766203608074933
0.7444283406823861	0.24809378536646795	0.6198999268038402
0.6116391356380417	-0.6257590628002816	-0.48406937837386804
0.26781339276596805	0.7395100195303987	-0.617576649226095
-0.4941555782155205	-0.3961080132274134	0.773891921637328
0.8602846837806976	-0.09441456741957577	0.5009951619639851
-0.12538152723120777	0.9133369210296963	0.3874211420575343
0.3858122163543789	-0.4601114997814495	0.7996538885546591
0.8742412935530217	-0.09454244613115104	-0.4761973188986658
0.2947050972726146	0.8828131929510362	0.3657728420661315
0.7184140627374969	0.5910863941297819	0.3667398384899791
0.6735834957647138	-0.7227619691908349	-0.15459757477002692
0.1736850848357216	0.35809497422616565	-0.9173884023354391
0.6216349407150503	0.7390536653149067	0.2595566995220844
0.7763500802216379	-0.5372410659430544	-0.3296249232145944
-0.10416598975698502	0.4064132340967412	-0.9077321905325244
0.4726340298101326	0.8099689035257529	0.34722823788788293
0.8407078166556474	-0.2962646174699224	-0.4532522955810535
-0.2642488237997076	0.5061399527370765	-0.8209719284870713
0.6479352035351371	-0.027571868191123117	0.7611962717357014
0.696090128302879	-0.38430845547173353	-0.6064367603734226
0.3092547579248571	0.9227929362199203	-0.22981447204964267
-0.1615797416062965	-0.3521803772138374	0.9218790425039295
0.5651170555758124	0.7328047090721845	0.37899864361097013
-0.8090331888122803	0.5822080730006671	0.08061674226290183
0.8891638960158559	0.3198033785788607	0.32728178237025396
0.45086914543075435	-0.4901769488571628	-0.7459514545247727
-0.07813180991405266	0.8108343590762719	-0.5800371215887186
-0.2277038862381342	0.6263794232692013	0.7455197906809677
0.7936227724444607	0.5630018725058465	-0.23063344643064765
-0.5641930833053689	0.5391453511436907	-0.6253066888259937
0.10950042323168241	-0.07357351726619255	0.9912601045483288
0.881443702969594	-0.4537439735470934	-0.1310473386412137
0.45941991228867385	0.8880897162037042	0.015165756357378046
0.06572482628527998	-0.6810090987032827	0.7293194462600817
0.9684622174589396	0.21957751549832805	0.11775673247035601
-0.24033555826028588	0.6985787873754283	0.6739632759021761
0.1480427079556833	-0.5142677495462085	0.8447556086808932
0.982767399127813	-0.019100408848372608	-0.18385704662421531
0.11068692710840844	0.8574169675009371	0.5025779024278672
-0.40320041361195824	0.347240905275139	0.8466718255421323
0.5229288050306236	0.8466980596593436	-0.09822352385425048
-0.7509826171972219	0.403145320539386	-0.5229712795123702
-0.11526731441231464	0.9644697214773185	0.23772169144113958
0.9931312937387741	0.11673549227902569	0.007940921805589238
-0.02009178003367429	0.23700417970119708	-0.9713008489542472
0.46533850325215975	-0.1849132410685106	0.8656022011689773
0.230102078435306	0.9695840177136784	0.08342581191665784
-0.8547005972215019	0.16035562313726381	0.49373369668017175
-0.8107547325605937	0.3691909803027408	0.4542849146666667
0.37901995714792913	-0.26034691203023286	0.8880108994150374
0.4461172891899408	0.8921420881560419	0.07114674150230149
-0.6986126923845353	0.14278185567930796	0.7011088700965091
0.3302761179954697	-0.8048920726237816	0.49301768458061984
0.6347109514740337	0.5759879279257216	0.5151503809207179
0.06013092574222734	-0.3245522246954726	0.9439545143779982
0.6729105711814973	-0.6853004280139501	-0.2784864207750313
0.7372758201389584	0.6519426177272938	0.17718687375003261
-0.9002685699732271	-0.42083192218460413	0.1114315717773586
0.43522872161224374	-0.8644103359812567	0.2517354383723979
-0.0096157060132541	0.27512772364700483	0.9613595965499507
0.48839164730540197	0.5411855179742597	0.6845376790047779
0.8669492633927478	-0.21159965808053838	-0.4512477804964491
-0.09936082500204951	0.8138450834373406	-0.5725238917458211
-0.588613230925382	0.19098429567599562	0.7855313254000297
0.4327557535578084	-0.7463046347817732	0.505719141288777
0.6828300829212176	0.6376161783615505	0.3566352295405135
-0.3438414290696028	-0.8887294561178761	0.3032045934411244
0.9363323142802754	-0.34893719966689907	0.039046484133227005
0.07109760115444844	0.2973260575816503	0.9521251738049131
0.6461676157752436	-0.3564650054610135	0.6748333958874714
0.5484257214096877	-0.3980415728228186	-0.7353857045122649
0.5307510154673288	0.8452784193308238	-0.06170699631308407
0.7615222910495294	0.5207834644482774	0.3858346581010128
0.5838553624851865	-0.8096751252986631	-0.05949039561042295
0.28141911081510995	0.270574896525607	-0.9206478748349931
-0.6919098740626857	0.3461439151801875	0.6335969666580558
0.6252341544466675	-0.15156324244589436	0.7655787586216376
0.36103043955865943	0.9258579661713875	-0.11155289413127245
-0.896712402744799	0.0975271550174106	0.4317352438681133
0.19207974936343924	-0.7930406101437957	0.5780933839331104
0.3987633842871329	0.6013111047510815	0.692396359504371
0.5644387869225767	-0.149541854291111	0.8118165369297096
0.38122466877570305	-0.8250724129489242	-0.41704108347679103
0.732172525935128	0.5448786536521837	-0.40869382801794085
-0.4440961842869042	-0.4017905505619135	0.8008388930246624
0.4671260858420945	-0.8665537264753467	-0.17572096931651218
0.7645729520638671	0.2960557255160671	0.5725200506196257
0.8095798039061376	0.1310254727550601	0.5722000232406609
0.17042436892155677	0.8803217794185705	-0.4427065610074136
-0.5617259790903292	0.45592311870603225	0.6903608000490586
-0.6225652326173854	-0.028707085848605818	0.7820411973535291
0.530350979000123	-0.7503152684785848	0.39465787330486657
0.5754479735038363	0.6604565853331995	0.48234503074079493
-0.590273834402562	0.382640471854738	0.710748246370317
0.5132260102254986	0.8575220589554753	-0.03542570864187167
-0.6230376094969818	0.34386361788294195	-0.7025538765452375
0.5664810707816657	0.039131758760018565	0.8231451280924921
0.48594323483735796	-0.8225857282317319	-0.29531659659639037
0.6655511768165253	0.5672930681453974	-0.48499505757514627
0.9281202024648589	0.3376136032733695	0.15687557063278265
0.3548444007973897	-0.9297228253164622	-0.09849324498825245
0.11259813941327232	0.14707998834085617	-0.9826948336235022
0.6840225945540672	0.302986626941748	0.6635602414506043
0.7294342533997042	-0.2763394927053615	-0.6257492746608339
-0.00622576153882437	0.9120502117020782	-0.4100312807914248
0.2051289041525629	-0.16237356980967516	0.9651719828654536
0.7962247274133532	0.6011573896101436	-0.0680880046164482
-0.569164577373452	0.7824606167369579	0.25260060791478567
-0.3149421256375471	-0.2531301581519007	0.914733065179617
0.28108713280202197	0.8956666294910659	0.3446321409695448
-0.9065326697213081	0.3656588736105108	-0.21093152177389363
-0.16645240940746153	-0.04704148962138176	0.9849267453250786
0.07329944208344558	-0.9966880408620014	-0.035215635631363734
0.9833213041487031	0.06633285352573641	0.1693492407731041
0.5543607469471068	-0.28795019525429205	0.7808769732148981
0.8318559677698538	0.16187820150454169	-0.5308588294107343
0.026453943560947824	0.9438644674584747	0.32927200904328946
0.17253954109105507	0.39133742348055134	0.9039276120042421
0.8790387725486699	0.35288719570591576	-0.320564289126132
-0.44443328308781704	0.8498974338650624	-0.2831137735846947
-0.46585084038388413	-0.20067395262135396	0.8618079596133654
0.6337916016231857	-0.7553233891529272	0.16671767605882018
0.6174878138275659	0.6238722165138141	0.47905350143443715
0.1691520805271146	0.44868957954864697	0.8775336089619629
0.8132453987101103	0.43945661462984587	-0.3814574751330862
-0.556793943151488	0.7781744952531751	-0.29055973535107027
0.2601594516838577	0.37028670205259	0.8917425738309072
0.5228677964768917	0.7223892900409106	-0.45250743755389145
-0.8117427715150621	0.5839875614404862	-0.005674590367598542
0.2813679139889955	0.2489100997182972	0.9267555552764215
0.7689243951699576	-0.6362717519102672	-0.06255823074187916
0.5740970052961398	0.7302068336980054	-0.3704195034427009
0.9487207275284731	0.23459198592986724	0.21188577416930487
0.29928055103684953	-0.8823796529969548	-0.36309406460041965
0.10178473819254241	0.40788815637923953	-0.9073406851655121
0.7545279311444758	-0.036470406138962574	0.6552537757227319
0.5607024810182796	-0.48302001218513335	-0.6725357950389107
0.34102834032200763	0.8748494597956457	-0.34400304328956754
0.6069064880068907	0.04476252649321402	0.793511708191559
0.33451224197757534	-0.9200584790871225	-0.2039459610461226
0.7209480388920395	0.38921550750430634	-0.5733630733975523
-0.7369759796801585	-0.2090307448954726	0.6427849975403245
0.5237808300925695	0.4244658388021104	0.7385677989985481
-0.42722365033084253	0.8809851868098945	-0.20333483031572697
-0.7607321593367158	-0.4001336806102166	0.5110573543079273
0.4534524584305536	-0.8909933570341353	-0.022620912102046198
0.46440009656995573	0.21453175840038846	0.8592489016248163
0.03493705420634252	-0.9282850846738927	0.3702245316228611
0.9831350542403384	-0.0346177292601455	-0.17957471410173043
0.17951286128639926	0.3702545264988061	0.9114201655877024
-0.6333933334386608	-0.5579590417167397	0.5361852225882384
0.6251588701164059	0.03940450063189105	0.7795021952789677
-0.4560584088362366	0.8289324418168761	0.3238544960831504
0.98990530731343	-0.0019206589531012425	0.14171730177324773
0.1398798670726007	-0.14781021409900053	-0.9790739315270114
0.022827731828971798	0.9890138784047438	-0.1460494538926833
-0.47261127160317873	0.851063060928341	0.22875806494397033
0.8807953134792311	0.44763718533128993	0.15433912680102665
0.028951713362937725	0.2744314424987841	-0.9611707349172609
0.10884323792368866	0.06182630858184324	0.9921343946892629
0.9820397142485727	0.14804725761499782	-0.11696157125851214
-0.1541140785161073	0.9870458535852431	-0.044601947528218666
0.34444962225471776	0.28268439415533225	0.8952340425998192
0.8537291183960167	0.3023451141538631	-0.4239504975230569
-0.39051382834842363	0.9103169586733625	-0.1371932382456862
0.3690132012527485	0.2623630345472458	0.8916248624866621
0.44047892091281343	0.7953845452947322	-0.41634330226121735
-0.8184177280171061	0.5463781320747132	0.17794201094138884
-0.4270731407231423	-0.22318061971873937	0.8762413728276186
0.8967152326652292	-0.2291058362505336	0.3786981744108187
0.11623391922762566	0.9474708052377669	0.29797441038297723
-0.7704103420563431	-0.6228045086011031	0.13631745639780402
0.6272584043578862	-0.7787070879207114	-0.012734417318598958
0.1140824220247239	0.07569554338390222	0.9905833562587192
-0.5840537865602762	-0.7558325097360973	0.29597025463825843
0.7779175160830561	-0.6253198500281276	-0.06180148325054641
0.23178764543385644	0.19414505501514057	0.9531957747689594
0.03273523961780933	-0.7421343155792623	0.6694513139331824
0.8610846897075679	-0.3191068932075427	-0.3958584947410515
0.5074067020038127	0.5894127996125716	0.628594456239064
0.9897140619596938	-0.05960499576983137	0.13005122082672593
0.13993187562737652	0.21428836153721786	-0.9666951785816971
0.02975139900320442	0.9749501231288569	0.22042484358252168
-0.7663783502617945	0.03141892677760617	0.6416206630791704
0.10565100452744255	0.9913670148123974	0.0776486135375141
-0.6336419252956303	0.12729608392287378	-0.7630816584911133
0.7432495893440361	0.4199978979218164	0.5207512013247566
0.5520619715103097	-0.8247123819795743	-0.12278870722394128
0.37789896474067225	0.37874959108998674	-0.8448320067901642
0.0886599327212595	0.8857368309841871	0.45564205531091095
0.9271556753385264	0.09379819582687354	-0.3627454371142172
-0.36403539665453244	0.4546121035539122	-0.8128997879719639
-0.4141143100204465	0.8479230512990537	0.3309619877145889
0.906626860812396	0.4165424311514395	0.0672319738213048
-0.08085217059392885	0.32790075042023087	-0.941245995680247
-0.9617399215462878	0.17881037904927297	0.20756486130459606
0.26164755663559525	0.3748735114259454	0.8893876581883766
0.08122117587651555	0.9096684554140795	-0.40731612024789743
0.5971470444406921	-0.7301290309958479	0.33215509240836605
0.8004080846509829	0.5152443444588684	-0.30638238123054
0.05255763827543117	0.44881495474216887	0.89207781670586
-0.6437456626411702	-0.16977056133805193	0.7461698723036488
0.36153362017384105	0.7919236839478418	0.49208771604915685
-0.6744516019068215	0.5865448280442352	-0.448419671044749
-0.7939835199574998	0.4354174495224853	0.424266207335951
0.4728144584922612	0.003589027177746229	0.8811547007901548
0.3821474295040699	0.9002215080385778	-0.20872129404586537
-0.9738276319720072	-0.14799967064709424	0.17249881360793395
0.18705311736576152	-0.0907270689175268	0.9781511796493347
-0.1291157406807696	0.9848170878157965	0.11603632644336104
-0.5729832258738419	0.5202772420968789	0.63324704043783
0.6945063600363539	0.7184765037777403	0.038110751611178134
-0.43514496289887045	0.46163091845692084	-0.7730108384675853
0.9336251858202009	-0.3465798410051569	0.09069964835122235
0.358243363559726	0.9015005747977082	-0.24281352125616018
0.0023884864682853155	0.25918936600146614	0.9658235696462107
0.9975800610311031	-0.020277989851538076	0.06650432287273982
0.06921009384313949	0.3808647717655197	-0.9220368694028576
-0.00663209947185139	0.9244083668788265	0.38134654384301947
-0.8521310504138297	0.4088599575327706	0.32665916189037897
0.5115051043020445	0.5187696771840831	0.6850113504952139
0.11061284370984394	0.7508072703168392	-0.6511937051644456
-0.3434298278278607	0.4609529896681852	0.8182776391140647
0.7963290545955339	-0.31899005433833416	0.5139118426736335
0.49791162887113677	0.8281109144004735	-0.2575195590352366
0.43797635692874626	0.3069121605908436	0.8449743407067956
0.3188618179302568	0.8257741188305711	-0.4652141933946187
-0.8405378348638657	0.47318287199670933	0.2638069707405598
0.15520013135745825	0.4119550778599494	0.8978897109623378
0.9616891584386373	-0.27091661103014153	-0.041930328039836096
0.22597982602040595	0.869998392925726	-0.43821902576045346
0.035000461668010074	-0.6006185523714546	0.7987692546851339
0.998319789297473	0.057944524958651766	-0.00017413892483864046
-0.04617971394535825	0.7974332489773263	0.6016374717763102
-0.9959944904873383	0.013605602636751063	0.08837342641177379
0.08830761861068341	-0.005365078963471159	0.9960788023158738
0.014026382790172397	0.9998930460327276	0.004142110720032455
-0.5635763286046445	-0.13601645571908422	0.8147890804436004
0.3364115601853985	0.8630615567412239	0.37676519405200004
-0.7544593985166701	0.4864404105839004	-0.4406435554286825
-0.8323622481375992	0.003895812772418572	0.5542182877875503
0.5458618205921731	-0.16737033804416201	0.8209884547073613
0.09595811948511615	0.985886399432422	0.1371861753933501
-0.929448940533236	-0.012919225031890802	0.3687245049711518
0.26940626200712126	0.6590543292592743	0.702187764829293
-0.2520812030536905	0.7519843646706915	-0.6090768279600045
-0.5778771740170634	0.16854533711161612	0.7985301754398417
0.5269479624803407	-0.6700972801779652	0.5227767017914158
0.6232044741398044	0.7228845720002781	0.2984193006092346
0.3016096290396185	-0.10421285562584642	0.9477190049761006
0.7201076968670461	-0.6265762913848902	-0.2980722328349208
0.6248812179794028	0.7723612055228197	-0.11393696336095038
-0.24817959330103379	0.21898689564463514	0.9436374457411378
0.8102780720566921	0.5807880762003922	0.07832404795168246
-0.530901436627387	0.7840471606219699	-0.3215800281541181
0.9479928466067825	0.11827868491640695	0.29549909556006215
0.23323804773895465	0.37359413472599257	-0.8977903071348332
-0.21658618577667998	0.9200204210737837	0.32657747769545775
0.9999945411788213	-0.0007187007100006234	0.0032250708283924293
0.0007272203995565414	0.9999962473048306	-0.00264131155802492
-0.003223160413192625	0.0026436424768738693	0.9999913111579547
0.8963830302999318	0.2751036492138588	0.3475851624847206
0.4045094001850847	-0.8283487037227015	-0.387570084246479
0.18129977427513388	0.4880127121603882	-0.8537997333202016
0.8654808022557328	-0.5009379876733825	0.0020281598840551987
0.5009397344966035	0.8654820581482986	-0.0004352308094455802
-0.0015373123448487818	0.0013926697839606462	0.9999978485684993
