-0.1401311731641819	-0.7111946023123743	0.6888871402119319
0.8609125303694218	0.2561473288357847	0.43956587786498147
-0.48907348053288424	0.6546684531669723	0.5763821189691907
0.7724663076089742	0.21780324396250184	0.5965379707347794
0.2579090953099539	0.7508003500035535	-0.6080968121861376
-0.580326375555479	0.6235868675284564	0.5237945365128285
0.949786421415501	-0.09802118344986852	0.2971491229834336
0.19398816000138833	0.9295953133978322	-0.31340253203837076
-0.2455083450190895	0.35530888098086355	0.9019319550953466
-0.6095398740157163	0.3996951989985812	0.6846202523168514
0.7314453592227036	-0.0494575689177319	0.6801041356647656
0.3056940111557222	0.9153128955577062	-0.2622088380838694
0.5974876337109238	-0.5344744509365229	0.5977838981259225
0.6833394175068825	0.7294507249842777	-0.030803900747572388
-0.41958999993311985	0.4268942505070946	0.8010652475548483
0.22863529520415138	0.8187676578400651	0.5266359504078741
0.9489221988488461	-0.06661729363805091	-0.3083971412322315
-0.21742254326261054	0.5702470154796394	-0.7921778708205516
0.9474467256499215	0.1143886032766503	0.2987640364830737
0.19688764699489625	-0.9445692981505922	-0.26272437163710255
0.25215066233515115	0.3077402938058556	-0.9174507916243955
-0.99418507464236	-0.07893835302945751	0.07324461604351475
0.10409107260324182	-0.5302105252511389	0.8414522253326199
-0.027587786476479026	0.8441833540966727	0.535344168459338
-0.9859530920818778	0.06511237140389863	0.15380792991372466
0.07584129490999499	0.9950026696726357	0.06494447883155902
-0.1488106118546646	0.07569720228970428	-0.9859641653553908
-0.8903444027537124	0.2198834616252939	0.3986704250239964
0.45444480532867115	0.37594374258420926	0.8075557078750445
0.027690492861670662	0.9001764081086862	-0.43464430387343467
0.8940144742531482	-0.03631991574512117	0.4465635268874232
0.44526564320438694	0.18273343753200977	-0.8765540472723395
-0.0497657192015806	0.9824914017577978	0.17953834872903074
0.192817573166433	-0.37507456567439756	0.9067196113807009
0.6848133433551798	0.7132371982561152	0.14941011942458046
-0.702746090875579	0.5921247919213727	0.39438073298674636
-0.44301962368731207	0.8031594898571367	0.39833208115889523
0.8643229025455287	0.26464819043634547	0.4276765780751157
0.23807463779921062	0.5337566572429724	-0.8114334832169443
-0.8397425340947908	-0.4857020491276629	0.24274677321284358
0.5212609290069743	-0.8462901378611138	0.10990926462224343
0.1520510451224998	0.21882989291274985	0.9638433262957989
-0.014299618860323937	0.5148800294770395	0.8571429729900212
0.5972471662655332	0.6919072258805639	-0.40566021885569786
-0.8019297620666287	0.5061254251862726	-0.3174046481886723
0.7336395187767764	-0.6665036715294215	0.1324609841680976
0.6792742934978198	0.7138476065620958	-0.170317435392285
0.018960239503176893	0.21492894277730107	0.9764456251500202
-0.21659992216105284	0.9193473388218136	0.3284584362154136
0.9622016811681029	0.25792747016564854	-0.08741478645643844
-0.16508300481001043	0.2971092235781274	-0.9404646249528472
0.11549561690734422	0.8694283105163759	0.48036983184608084
0.9222365672523313	-0.2734978935176031	0.27327388507515643
0.368972189328448	0.4114526887918874	-0.8334063884972913
0.9179482608387708	0.01065499249312004	0.39655700921563297
0.05659933578067187	-0.9929301535945514	-0.10433707525077773
0.39264170131592346	0.11822090008822997	-0.9120615731243507
0.8156063776046343	-0.1288230273215977	0.5640840934136909
0.5671677938340738	-0.014898357111153393	-0.8234675054868759
0.11448550322218212	0.9915556800236118	0.06091307712532923
0.2101284238641491	-0.6625140057474996	0.7189723483366872
0.9762618473950642	0.10267815779419198	-0.19070920594656032
0.05252476373240528	0.741978697875076	0.6683627466387259
-0.5050485930435877	-0.34679540346752485	0.7903536340135907
0.8449071747826222	-0.011676998238287828	0.5347854838278524
-0.17623218964065435	0.937868112180993	0.298907376102566
-0.29677487559615967	-0.17565467811090757	0.9386533477661695
0.8644896859862361	-0.4669964453323825	0.18593521148598502
0.4056873870830876	0.866637037118004	0.29044446948947833
0.1610454425246446	0.6410697560593412	0.750395851073324
0.7479504654557736	-0.5753369239788066	0.33099475091169767
0.6439211649468692	0.507953729952465	-0.5721438119571383
-0.2205535974914683	-0.4280210415076175	0.8764440077154421
0.9103471956798288	-0.41293575191372267	0.027423495570770895
0.35017723220027164	0.8039166951980679	0.480722220445835
0.9480387344469062	-0.012528604531075183	0.3179081503466249
0.18683651673820914	0.8307013791279614	-0.5244304860780271
-0.2575163567648494	0.556577265780239	0.7898778850019488
-0.082506638345615	0.027085771597418817	0.9962223725684334
0.845363497518218	0.5312935233250433	0.0555675187193681
-0.5277814052168488	0.8467547183510902	-0.06673256519492066
0.9228302101418414	0.10371469381906864	0.37098202858842333
0.10768777322000175	0.8552122091526264	-0.5069668833515676
-0.3698482753082436	0.5077945840616079	0.7780468582606168
-0.9612149599649022	-0.26067720331370936	0.09007328356518451
0.26618583702392606	-0.9623171176848138	0.05559554998976033
0.07218657013283702	0.07741550673692629	0.9943821893060645
0.20709037934559515	-0.15865078904622026	0.9653722090041278
0.2437690443492206	-0.947272625610803	-0.2079692904865605
0.9474651591481164	0.27839630008932836	-0.15749689615039242
-0.336814780553081	-0.24226490754430546	0.9098700556527447
0.838820536846246	-0.5161626661695558	0.1730786209146319
0.42771007769978386	0.8215131262647508	0.3770679949409129
0.6388509778659901	0.18993092928297026	0.7455170488871302
0.491079809631755	-0.8466181808268922	-0.2051299014415089
0.5922077748997455	0.4971558085701818	-0.6341340972958491
-0.3275676056742549	0.0880825427331775	0.9407129899063229
0.8126176173637214	0.5342195434139246	0.23294224044755446
-0.48202911910271995	0.8407442804445806	-0.24657044274766582
0.7639947940866507	-0.26427600387656147	0.588617149243489
0.5021950238770819	-0.32921780466761064	-0.7996347885647146
0.40510753214621076	0.9065174189528156	-0.11880259480976085
-0.9905149922971943	0.06915867364314146	0.1187313265082594
0.09433570126652777	-0.28598936845463463	0.9535779237154517
0.09990408150341948	0.9557338327122468	0.2767526251151331
0.7445005788010886	0.24819537109731157	0.619772495300261
0.6110446640381738	-0.6273196716409213	-0.48279855853430464
0.26896711084316516	0.7381524824439696	-0.6186983157779613
-0.49495566989722484	-0.395538319399112	0.773671973593147
0.8598171528605865	-0.09441626649086454	0.5017968037648712
-0.12543264520571945	0.9135836067426188	0.3868224980631868
0.3850811074272502	-0.4592783831249072	0.8004847952939353
0.8742508274707195	-0.09631076171293929	-0.47582531232064146
0.2956315804669131	0.8830558328738023	0.3644370517087835
0.7192942341088304	0.5900404967624071	0.3666988095946902
0.6727566257724418	-0.7232579876938472	-0.15587304358459705
0.17324643504866083	0.3588176353210899	-0.9171889539923122
0.6206423130668477	0.7396353155254012	0.2602743154033321
0.7772486445997557	-0.536574590844165	-0.32859131596598695
-0.10338115736862145	0.4062355332661787	-0.9079014416846505
0.4720107687179228	0.8102533502255919	0.3474123524898331
0.8411508157563917	-0.29592701596826343	-0.45265053448822556
-0.2639529112676588	0.5058821104450362	-0.821226004803187
0.6473420242745116	-0.027511121480138456	0.7617029879179172
0.6966171612434624	-0.3841932515199109	-0.6059043457078506
0.30931025568072845	0.9228427188212862	-0.22953971780338756
-0.16158749279474116	-0.35184355948046075	0.9220062862174148
0.56527183489753	0.7328294182764418	0.37871994452390756
-0.8089235037034648	0.5823805915041568	0.08047118611887927
0.8894804532789518	0.3193623523602189	0.3268519712799937
0.45026524476525787	-0.49039843798670435	-0.7461706114399594
-0.07801110556294427	0.810874256537441	-0.5799975926619862
-0.22837617552086042	0.6265670474198843	0.7451563980413733
0.7942378699170887	0.562554022586932	-0.22960657146699281
-0.56305464072684	0.5393947596693817	-0.6261172133052877
0.11063566425814009	-0.07237586669792095	0.9912222171208054
0.8812105411987549	-0.4540626330507447	-0.13151086398934086
0.4595951826056905	0.8880252581918772	0.013542855640234386
0.06493233871838866	-0.6820962802918289	0.7283738434352316
0.9685627962944479	0.21873574639741422	0.11849380946803162
-0.24014558297591176	0.6977817263729518	0.6748561041563916
0.1479273243240231	-0.5140503984166017	0.8449080983196151
0.9829394626821389	-0.01800157222337262	-0.18304632227836376
0.10930470904989958	0.8575710648600614	0.5026174979985247
-0.4017115990524951	0.34683361445385563	0.8475460076429844
0.523818285778314	0.8461742156059487	-0.09799796083555015
-0.7511605651729569	0.4045931792906693	-0.5215957866015717
-0.11567323174701372	0.9639867000977204	0.2394772337653604
0.9931211510215018	0.11665212002175074	0.010132240036554205
-0.01816818237823775	0.2390019349903647	-0.9708491088835238
0.4659556355244686	-0.18377867405740114	0.865511839713757
0.23062872116896863	0.9696041459010788	0.08172021306510234
-0.8542223005137216	0.16153389493584036	0.49417715658648387
-0.8113153054599409	0.3693892222951567	0.4531214821420648
0.3782232773911349	-0.25935674508926976	0.8886401021877235
0.44577418898580357	0.8923484079824866	0.07070849457576067
-0.699532485582292	0.14236326062269072	0.7002763766113609
0.32945314195970193	-0.8053461903835004	0.4928266844314171
0.6341253258370472	0.5754565280363573	0.5164637988014261
0.060099988707930874	-0.32465560145816513	0.943920935141892
0.6728562399058562	-0.685326034796585	-0.27855467407628043
0.7373279268934954	0.6518642239545188	0.17725846030898929
-0.900315439117759	-0.420353594918598	0.11284930360976322
0.4351526787808701	-0.8642222657937595	0.2525114283673789
-0.008617205813380296	0.2764466142771734	0.9609906415874494
0.4878378295550687	0.541321662551414	0.6848248752108621
0.8673088070445615	-0.211646896139291	-0.450534154729188
-0.09894283843684376	0.813742249737088	-0.5727424078195043
-0.5897191744361181	0.1902357542128636	0.784883209860834
0.4330887319390753	-0.7458091513001246	0.5061648546712735
0.6816637335004605	0.6384191943042209	0.3574289954300889
-0.343448468554308	-0.8893659683346608	0.30178025749848414
0.9365961605746912	-0.3481229591056101	0.03997545922564072
0.06950382323619061	0.29637574076112344	0.9525390484614517
0.6458923218237533	-0.3567872619609841	0.6749266317989718
0.5480669192004431	-0.39873860479716283	-0.7352755790331584
0.5314562641339885	0.8448138106984258	-0.061998907780285384
0.7615134383380446	0.5202820236368773	0.3865280055971172
0.5836241611474029	-0.8098213232145648	-0.059768411322381726
0.2819221909597742	0.2711015314367057	-0.9203389798857338
-0.6922925630892398	0.3468586071570466	0.6327875739396313
0.6250561315772007	-0.14996802743242643	0.7660381342503597
0.3606048245227397	0.9258502564611086	-0.11298434910120747
-0.896489530045808	0.09776281844067913	0.43214459831031293
0.19216026166284012	-0.7930533842719303	0.5780491013162352
0.39922544552660433	0.6012559862698859	0.6921779269947224
0.5649758982743125	-0.1490224195158587	0.8115383865540639
0.3811697246042628	-0.825174761511331	-0.4168887789444909
0.7317867690893599	0.5448659756732452	-0.4094010175114351
-0.44359075243690693	-0.40240635635060834	0.8008098205698319
0.4671387348065787	-0.8663703544691463	-0.1765893862617881
0.7648585796052548	0.2957558676774364	0.5722934736117464
0.8087984982295312	0.1316902827112234	0.573151514611183
0.17049391972627959	0.8802411763685066	-0.44284003292583707
-0.56282929259059	0.45588720190944776	0.6894853490373457
-0.6232840393186205	-0.028551984575399703	0.7814741137795098
0.5293654806525794	-0.7509510261886252	0.3947717621103543
0.5755772704199911	0.6597403583555099	0.4831702239716512
-0.5907380128761852	0.38180176330512766	0.7108136279505273
0.5133648313414453	0.8574987524906925	-0.03394759812822484
-0.6224830520462905	0.3448525815678365	-0.7025607069151627
0.5667909322255726	0.03973359980860197	0.8229029591592899
0.48663529117253074	-0.8221162781341738	-0.2954842104279679
0.6647812666827281	0.5679313922236234	-0.4853038235936784
0.9280989978049298	0.33796145435490366	0.15625077805823376
0.3551726141401549	-0.9295289499737345	-0.0991380115070642
0.1117347951102685	0.1475058864284559	-0.9827295401231313
0.6849339262034508	0.3023966720293104	0.6628889571271522
0.7285737211247195	-0.27580408836146786	-0.6269867923087211
-0.006771234895151301	0.9124079995203338	-0.4092258457005098
0.20681570595157184	-0.16297271946027092	0.9647109186090291
0.7957860702128768	0.6016381629047747	-0.0689641311966881
-0.5691676327997747	0.7819663762901137	0.2541196413597524
-0.31401176543794795	-0.25471444670964066	0.9146131213819014
0.2807665404139373	0.8953395005753993	0.3457417077724112
-0.9069546631174746	0.36535972595073485	-0.20963184324589568
-0.16690585892876753	-0.04457353465632474	0.9849647883368683
0.07337670648405221	-0.9967689219531322	-0.03267376889714137
0.9832386756026247	0.06682002870870357	0.16963723224152305
0.5546327988680578	-0.28946026275206344	0.7801251275963947
0.8316341867371813	0.16162756821403867	-0.5312825130222183
0.027695448538915757	0.9434454332290356	0.3303690007393332
0.17409171576334648	0.3895332357762347	0.9044091622314928
0.8796294334723482	0.35133864475404664	-0.32064500069626195
-0.4426557740182434	0.8513665573230407	-0.2814797520252992
-0.46532289921999825	-0.19931537514469422	0.8624082447961786
0.6335462478434558	-0.7554113567178866	0.1672508116127411
0.6181373239863243	0.6242011401564178	0.47778571067211084
0.17053921748693968	0.44967255731686817	0.8767616360762202
0.8128644146286216	0.43871580436939694	-0.38311863231508536
-0.5569271215602728	0.7780250858376104	-0.2907045701016211
0.2602510869344329	0.36912060301257005	0.892199166207346
0.5233978680695777	0.7225652437071809	-0.451612821215921
-0.8113717048613832	0.5845078690813488	-0.005148546621498884
0.2815517816683448	0.24819378506126905	0.9268918163930142
0.7690086319749398	-0.6361000573830335	-0.06326484762751555
0.573893995601463	0.7306001382796623	-0.369958267590178
0.9488877202840982	0.23442020943605874	0.21132737565682613
0.29874563345306054	-0.8830809407408855	-0.3618274431174643
0.10179951270402293	0.4064667483425264	-0.9079766746481301
0.7544156980562207	-0.03645285967790901	0.6553839665018119
0.5606957703124842	-0.4833505084185328	-0.6723039038747551
0.3412875732868622	0.8746676368957804	-0.3442082469771983
0.6073325983382207	0.04304692254690662	0.7932805792750673
0.3346142259957827	-0.9195001639441687	-0.20628322342810954
0.7205417647555129	0.3907254931097902	-0.5728465364101658
-0.7372799867616942	-0.20848964909018639	0.6426120815413654
0.524403568564616	0.4230791162276928	0.7389214834396753
-0.4259332323232968	0.8817800902913635	-0.20259504921982407
-0.7609669703138362	-0.4003418687054234	0.5105444723555725
0.45297514292132285	-0.8912086404567556	-0.023678662771108833
0.4644812052029529	0.21324527506294313	0.8595252542401195
0.03505345837176099	-0.92793126259985	0.37109948389350694
0.9830863935050466	-0.03477322279832151	-0.17981091702524374
0.17975649629824236	0.3711258477471844	0.911017676652058
-0.633756992624936	-0.5577511009355677	0.5359718124156898
0.6253150091383973	0.03846084615612322	0.7794240839614859
-0.4553385703465535	0.8291166822095171	0.3243953045847604
0.9901505077107909	-0.0008650579598678959	0.14000437048459968
0.1383595663678474	-0.14690788406689825	-0.9794257011093223
0.02141500582685449	0.9891497992082455	-0.145341226951347
-0.47297734791187795	0.851106050260352	0.22783967953907844
0.8806001915706012	0.44815895825272933	0.15393781453447034
0.02890901188327452	0.2734447647113611	-0.9614531864234899
0.10871858474637897	0.06100739679715722	0.992198753711563
0.9820951778900844	0.14788223964554525	-0.11670434765877885
-0.15384840231795727	0.9871215430398892	-0.04383752240672667
0.34454035250641135	0.28456841574166064	0.8946020133316487
0.8535471907564776	0.3017753825292855	-0.4247220404582612
-0.39083134296840016	0.9099189168610491	-0.1389187751599188
0.3714024025004107	0.2612431041751141	0.890961444697734
0.440477009457105	0.795162698021805	-0.4167688661769366
-0.817337298522861	0.5472369908875261	0.18025375515566167
-0.42816586391846356	-0.2213429144181206	0.8761742447777433
0.8960913380295633	-0.22953609340813097	0.37991248430568986
0.1170226767910526	0.9477977084060853	0.296622988078858
-0.7708065709522907	-0.6222273460924308	0.1367126912599621
0.6267799267370913	-0.7791025364019752	-0.01208971511060656
0.11403575586726289	0.07636993876375289	0.990536964901867
-0.5847519561558792	-0.7555330323325438	0.2953556954356287
0.7772590604911065	-0.6260547153740572	-0.06264061176577465
0.23223587719462058	0.19293867008015644	0.9533316143563821
0.03342757529773355	-0.7413615679901386	0.6702727972377497
0.8604997934694012	-0.3197676136667953	-0.39659649354093074
0.5083529311893781	0.590026862741898	0.6272524201580421
0.9898436840462309	-0.06056906319482246	0.12861131263418116
0.13877144278447673	0.2153305911830492	-0.9666308618952082
0.030853975777850408	0.9746610308637871	0.22154888195213196
-0.7656930511028603	0.03130525107775961	0.6424438751733494
0.10703715936149377	0.991089367088988	0.07927744293915784
-0.6342374933797386	0.12946755461546214	-0.7622210665504319
0.7420905061555647	0.4195570585606194	0.5227557319491951
0.5533866123941787	-0.8235519631821653	-0.12460104799598284
0.3782392601207241	0.38175127838785716	-0.8433273525461895
0.08839597537744759	0.885291073087515	0.4565587228918377
0.926553019972508	0.09516691919078357	-0.36392685895871957
-0.3656304865802284	0.45519553315393046	-0.8118567446784031
-0.4127549395636676	0.8482015792634103	0.33194493639887074
0.9071394086315332	0.41563362560269734	0.06593013405104889
-0.08204543359277143	0.3283333217987686	-0.9409919110296119
-0.961997058470903	0.17854174411527524	0.20660228726131102
0.2607937297163434	0.3765270907661574	0.8889398069947213
0.08092150538619834	0.9090380605494189	-0.40878052110953367
0.5962996801413031	-0.7311194143395137	0.331498255559854
0.8009424079192342	0.5140646540236452	-0.3069670840335964
0.05401805864633297	0.4485553850522772	0.8921211329638395
-0.6439327758580822	-0.1709950147087657	0.7457286940439222
0.36178038196254253	0.7907920740504624	0.49372345583940497
-0.6741405902352576	0.5877147271965516	-0.44735429363485646
-0.7942436140075748	0.4350056038813853	0.4242018460591341
0.472678731147366	0.0036870698630893095	0.8812271118370908
0.3817746700988714	0.9004201964125503	-0.20854632857780508
-0.9737287677677968	-0.14724855464815195	0.17369556694238997
0.18818890424969137	-0.09090127362243905	0.9779171206043583
-0.1282077343170394	0.9849136112410309	0.11622372930448732
-0.5731948660612083	0.5205770398968235	0.6328089688471038
0.6943840044389675	0.7186107628581837	0.03780774898989883
-0.43506148979239423	0.46108363345128667	-0.7733843695491798
0.9332312514299262	-0.34777579253143576	0.09017443919240906
0.3592652333787625	0.9013642503872041	-0.2418077339731233
0.002814860535981227	0.2580590751224324	0.9661250386503384
0.9976535830801845	-0.01839941713720792	0.06594535325768208
0.06797324360463561	0.3813225161067878	-0.921939681792607
-0.008183295249123382	0.9242589464857777	0.381678442566339
-0.8523410385206118	0.4085964962446001	0.32644089405318233
0.5112392826173351	0.5194040073571318	0.68472905082979
0.11022318250947508	0.7505120787822065	-0.651599930662591
-0.34284323300865727	0.45900306370415134	0.8196186339331079
0.7966829060965956	-0.3202350356683379	0.5125874257763068
0.4977498013195526	0.8287132854254846	-0.25588947974788834
0.4385274746148805	0.30598411002434633	0.8450250756164008
0.3204701913085436	0.8252063894237912	-0.46511640622194317
-0.83963832123752	0.4747716706657621	0.2638168877132021
0.15528228176202274	0.4117582364241528	0.8979657942859803
0.9614005488447237	-0.27200090032000745	-0.041527038254249915
0.2271484044668689	0.8697532207252683	-0.43810151493253136
0.03599224913428478	-0.600327365722622	0.7989440605992342
0.9982607060796105	0.05895002374316871	-0.0006763121447533327
-0.04669176265352243	0.7975788040471092	0.6014049639262133
-0.9959889351045772	0.014215956328322225	0.08833995548403849
0.08826717341581725	-0.00566945676696462	0.9960807012271393
0.01466107930654191	0.9998828750636941	0.004391913925446578
-0.5649578064313261	-0.13535919469347757	0.8139413771054019
0.33633000755295145	0.8630057609192657	0.37696575791388653
-0.7534618789107624	0.48672265720027097	-0.44203648265292705
-0.8318208494126962	0.003884077524362206	0.555030619357279
0.5466169900453148	-0.16785878399234	0.8203860645028125
0.09635320791826366	0.9858033995571314	0.13750533351642136
-0.9297855822156174	-0.012970131821427616	0.3678730036092627
0.2688556537470431	0.6586839306898974	0.7027461254956563
-0.25142674589672415	0.7523079523250046	-0.6089477287225424
-0.5780512739001105	0.16821231591670355	0.7984743837571738
0.5274530428522057	-0.6695966297299196	0.5229088266995329
0.6226154610418927	0.7234258567595383	0.29833708693911876
0.3015727919726662	-0.1045133766984922	0.9476976338647736
0.7207267148740804	-0.6257302079479667	-0.29835332967508627
0.6241849514435822	0.7730062489737544	-0.11337762318420386
-0.247577208860853	0.21985177480919899	0.943594575422048
0.8106210553628406	0.5804262644689848	0.07745228283927186
-0.5306590527401793	0.7840730505685203	-0.3219167922259891
0.9481310088317755	0.11882878178210263	0.2948343784429167
0.23234705688413546	0.3739185774191348	-0.8978862637428701
-0.21693878226107918	0.9198177091581962	0.32691428030914793
0.9999840835468403	-0.0014521032605560782	0.005451976623799241
0.0014769463045349995	0.9999885332031769	-0.004555446385607091
-0.0054452991285411844	0.004563426155785005	0.9999747616110726
0.8957599228642822	0.27376157152911684	0.3502410063714463
0.4050032626021741	-0.8273907893098527	-0.3890974672839868
0.1832662485886848	0.4903866675584962	-0.852017839255202
0.8650214929814904	-0.5017223464404535	0.003536065943798103
0.5017282583328703	0.8650247281096388	-0.0009871925395507411
-0.0025634879242797995	0.0026280869717543705	0.9999932608215573
