-0.1402836941298311	-0.7111433233744167	0.688909035200786
0.8608178973062512	0.25617643445438454	0.43973421757634745
-0.48919631318983997	0.6547127675937199	0.5762275237362753
0.7726528772813177	0.21779491630252795	0.5962993423287299
0.2578455755370434	0.7506726199277377	-0.6082814125606643
-0.5801061889041279	0.6237435307268534	0.5238519041404041
0.9497929468234322	-0.09762041580037145	0.29726017658513154
0.19371577409612378	0.9295567227994043	-0.31368534866131553
-0.24569810139844497	0.35552011689550583	0.9017970334015328
-0.6095265552904721	0.3991888429559507	0.6849274750331018
0.7315005826820042	-0.04983465810803267	0.6800172088904397
0.30558840935418236	0.915513393954859	-0.26163132373176534
0.5973400547812333	-0.5344845298519368	0.5979223580891646
0.6834240802510291	0.7293728351360236	-0.030770016228040653
-0.41966222785353	0.427014700817891	0.8009632075185595
0.2286227672348482	0.818698134008603	0.5267494619576858
0.9489052858642859	-0.06651298609542544	-0.308471686122871
-0.2175095141843176	0.5703589992728271	-0.7920733698261802
0.9474520769400789	0.11446531911803112	0.2987176804629047
0.19697335243953815	-0.9445263941873532	-0.2628143624541202
0.2520636037405246	0.30784343651057994	-0.9174401115422715
-0.9942160870089538	-0.078765994548406	0.07300883806365444
0.10380281070627809	-0.5303270165395371	0.841414423466671
-0.02755628462040993	0.8441262782493353	0.5354357828412711
-0.9859557870241151	0.06509414849772972	0.15379836756290144
0.07580189814115278	0.9950144270077392	0.06481020201063063
-0.14881282966147819	0.07555820192286185	-0.9859744924947744
-0.8903310979480314	0.2198600317483251	0.39871305780759037
0.45447066813122505	0.37586095972537537	0.8075796869428291
0.027693823047952842	0.9002166991307956	-0.4345606364721082
0.8939365141816401	-0.036367398260664346	0.4467157048465261
0.44541070208289113	0.18298302855856785	-0.8764282730090126
-0.04986797652606767	0.9824431910310564	0.1797736390962562
0.19286716223561684	-0.3749493396546112	0.90676085624808
0.6847404206723285	0.7133261485364447	0.14931966418273487
-0.7028035387138165	0.5920969502596116	0.3943201585825964
-0.44306086533938527	0.803093639040602	0.3984189711060927
0.8642798573223816	0.26458025758883497	0.4278055814514685
0.23815414720621206	0.5338894026170107	-0.8113228136455506
-0.839757098913066	-0.48585485700356096	0.24239033138959912
0.5213097642863107	-0.8462795436495283	0.10975911652385224
0.1518029791699145	0.21853144379332406	0.9639501354264876
-0.014085191471200131	0.5147424606429423	0.8572291447404649
0.5970816337245328	0.6920127542028206	-0.4057238847904687
-0.8020568122334369	0.5061210796162079	-0.3170904014915332
0.7336903988338408	-0.6664949137233023	0.1322230261339048
0.6792090636537484	0.7138397675386678	-0.17061018179152962
0.019324764154776658	0.21498213009761605	0.9764267700288916
-0.21650314015892858	0.9193944036338786	0.3283905005751965
0.9622028014761985	0.2578665342492492	-0.08758207205607842
-0.1652033871707196	0.29701646600985865	-0.9404727852449193
0.11538903547557378	0.8694360259955107	0.4803814809015333
0.9222379157189504	-0.2734243794525848	0.2733428900325281
0.36900216436002464	0.4114852432616537	-0.8333770438856081
0.9180641154293923	0.010561017647019767	0.3962912374341714
0.05651303600916116	-0.992922213922083	-0.1044593407077473
0.3923831758904486	0.1182959931964279	-0.9121630891851504
0.8155523083782907	-0.1289592130454957	0.564131149352283
0.5672219607295386	-0.014913895758722484	-0.823429913823536
0.11460226684049166	0.9915377436507319	0.06098543556486502
0.21013910452371565	-0.6626782728626052	0.7188178235309733
0.976264845393685	0.10280416025330796	-0.19062595910068686
0.052426218616408504	0.7418145397000835	0.668552675778908
-0.5049794880736767	-0.3470760059072689	0.790274612238243
0.8448390813413043	-0.011256574727291468	0.5349020622168047
-0.17675588607802906	0.9377694469585084	0.29890771332955657
-0.29655332177198	-0.17556535532950007	0.9387400776327975
0.8645645122936223	-0.46691262462057015	0.18579775308765611
0.4056899449437902	0.8667002982449913	0.29025206561460937
0.16106966170459025	0.6409770073209828	0.7504698795849208
0.7480014950112355	-0.5753459904599694	0.33086364974501725
0.6438558282250194	0.5080604957556466	-0.5721225437904023
-0.2203344809485186	-0.42813514310880985	0.8764433899233571
0.9104104267228694	-0.4128098226386572	0.027219574708715666
0.3501507838338075	0.8039206114836461	0.48073493633428677
0.947956178386211	-0.01241677707632699	0.318158620041084
0.18687811423631265	0.8307211824195404	-0.5243842937187958
-0.2577899421600651	0.5565502140207274	0.7898077012758187
-0.08238640178725509	0.02703499448134289	0.9962337024383098
0.8453445487842546	0.5313318435102623	0.05548933152175406
-0.5278305359121372	0.8467322960330377	-0.06662840395301517
0.9228001844118565	0.10359834189974328	0.37108921192223787
0.10784144038560407	0.8552165282805939	-0.5069269311165527
-0.36987841703051816	0.5078110606429442	0.7780217755973712
-0.9611860023330019	-0.26060718264318716	0.0905834713062099
0.2661741470784592	-0.9623056004975556	0.05585028807529817
0.07261399552536156	0.07779349333857886	0.9943215677274748
0.20713415863208484	-0.1584975376210032	0.9653879898237065
0.243765016671551	-0.9473040423965853	-0.20783086369980452
0.9474566253791763	0.27837669052412944	-0.15758287089000578
-0.3367048325806927	-0.24223948191760242	0.9099175177548235
0.8389320188821183	-0.5159838335027997	0.17307152064429482
0.42757797348691984	0.8216329575692829	0.37695670789199653
0.638767656636752	0.18983653142332027	0.7456124812340224
0.4910809778765557	-0.8466104721158194	-0.20515891808945402
0.5922966773523202	0.4972049877475006	-0.6340124968456138
-0.3275519745432838	0.0881929756869288	0.9407080859715626
0.8126138051579497	0.534260283074679	0.23286209136671832
-0.4820461675394942	0.8407068151076502	-0.2466648402023226
0.7639621918119238	-0.26445897354026515	0.5885772853210958
0.5020797250027252	-0.32932624042998215	-0.7996625395161646
0.40531187895632803	0.9064246679555247	-0.1188133077504705
-0.9903215663491882	0.07224048606086791	0.11850952450068934
0.09341800902361	-0.2845489464168993	0.9540990371460907
0.10264633853067852	0.9559357767479582	0.275046395939891
0.7444982623141786	0.24821478295757143	0.6197675039339302
0.6109597860083391	-0.6275725564431167	-0.4825772749312751
0.2691662632868632	0.7379309641970424	-0.6188759284278313
-0.4950774073837758	-0.39546094729525466	0.7736336341334307
0.8597444202179627	-0.09441150094353246	0.5019223051366306
-0.12545075767901298	0.9136175937742932	0.3867363439655397
0.384976692995869	-0.4591419034204981	0.8006133013967272
0.8742459358642259	-0.09659181091716018	-0.4757773278421618
0.29578199653604426	0.8830961072200161	0.3642173471129646
0.7194291873978962	0.5898700870934283	0.36670822825837174
0.6726269398349406	-0.7233352685164343	-0.15607398607244372
0.1731896189968843	0.35894201435977025	-0.9171510160268399
0.6204902258888221	0.7397237564705462	0.26038556736029467
0.7773866470440586	-0.5364742106529066	-0.32842871723090383
-0.10325638272782363	0.4062070720918639	-0.9079283749330231
0.47192390400360296	0.8102941177422898	0.34743527682468
0.8412132088230047	-0.29588281765943436	-0.4525634712563722
-0.26390939000289837	0.5058426642407274	-0.8212642893138236
0.6472558391454964	-0.02750214726301259	0.7617765489879449
0.6966907662860027	-0.3841853047651831	-0.605824750050958
0.3093248371273823	0.9228462946224615	-0.22950568977197805
-0.16160703483792593	-0.3517890508023048	0.9220236602313991
0.5653003033956633	0.7328255311275702	0.3786849718543974
-0.8088997053230174	0.5824184103058626	0.08043669601076053
0.8895347358227452	0.31929852519397206	0.3267665918874103
0.45015824487536327	-0.4904288033255533	-0.746215212548899
-0.0780096682180578	0.8108810274495393	-0.5799883196986715
-0.22848049161272743	0.6265953953698278	0.7451005807632524
0.7943305259153386	0.5624872999918191	-0.22944945619237125
-0.5628815866161091	0.5394314116263926	-0.6262412247682914
0.11080271318360602	-0.07218610905756956	0.9912173951309977
0.8811751026979362	-0.4541134543323124	-0.13157282766459133
0.45962288578402305	0.8880147162370133	0.013291599228968609
0.06478423279390166	-0.6822663412317643	0.7282277410285378
0.9685805402113713	0.21858645170224977	0.11862419759925907
-0.24011401522017328	0.6976622411700677	0.6749908569309697
0.14789744962892726	-0.5140065410907406	0.8449400097694462
0.982969234154607	-0.017828056853178564	-0.18290337638858722
0.10907717038301046	0.8576009772060504	0.5026158919059992
-0.4014607770141352	0.3467518183891133	0.847698307750493
0.5239604973779453	0.8460914302719623	-0.09795248239734078
-0.7511954750307422	0.40483634726169104	-0.5213567782518496
-0.11573019130039985	0.9639077753854305	0.2397672274792442
0.9931200409349782	0.11663094196550838	0.010478915475647374
-0.0178635694887794	0.2393303656616706	-0.9707738505735366
0.466045201519678	-0.18357385740191273	0.8655070820155459
0.2307103409965902	0.9696096022035064	0.08142455325020262
-0.8541513968247783	0.16173391169862997	0.4942342896936027
-0.8114098999576682	0.36980033434286247	0.45261648994551035
0.3776056427400249	-0.25941425752755043	0.888885944068373
0.4461254899930958	0.8921613955509042	0.07085260381300973
-0.6996647160721896	0.14226827017887872	0.7001635697349099
0.32934677952726416	-0.8054251134541088	0.49276879510826965
0.6340346866683574	0.5753695559531681	0.5166719367099515
0.06010322470147145	-0.3246499891574164	0.9439226593956592
0.6728425470681015	-0.6853389522577524	-0.27855596811620315
0.7373401584312317	0.6518534383266956	0.1772472445660891
-0.9003179074792129	-0.4202891455882539	0.11306944579746808
0.43515052628394046	-0.8641871572842819	0.2526352640858381
-0.008466696348676632	0.27665428116262186	0.9609322160107509
0.4877617956598117	0.5413458477948947	0.6848599154352245
0.8673597491939924	-0.21167044083568376	-0.4504250103563987
-0.09887110888854578	0.8137200363464414	-0.5727863530807062
-0.5898809531705851	0.19010408220431574	0.784793539101729
0.43316029632418274	-0.74572928904526	0.5062212808134378
0.6814782599429775	0.638551693592074	0.3575459632491823
-0.34339194352798263	-0.8894627078191494	0.3015593880467017
0.9366360336541729	-0.3479975574589198	0.040132785390559006
0.06924531450324736	0.2962326643056977	0.952602380333838
0.6458604910094611	-0.35683310233980925	0.6749328583107842
0.5480022111123954	-0.3988466278283731	-0.7352652202340739
0.531561664126509	0.8447434548692774	-0.062053949806389674
0.761508058463755	0.5201906448953089	0.3866615701853043
0.5835797573767494	-0.8098506899960554	-0.05980406920107631
0.2820286220844553	0.2711891459411966	-0.9202805569220878
-0.6923436968259584	0.3469873768795604	0.6326610196239424
0.6250366060404606	-0.14970328742601247	0.7661058457179831
0.36054049228177754	0.9258448498642126	-0.11323368494015762
-0.8964325028993279	0.09740580270293675	0.43234347149626606
0.19258596529226552	-0.793004410053757	0.577974611559832
0.3991483605353934	0.6013785124487646	0.6921159375760817
0.5650560326759623	-0.14895399703964374	0.8114951550702046
0.38115161777147355	-0.8251927412545972	-0.4168697447055986
0.7317343262460018	0.5448574552547081	-0.40950607962113694
-0.4435233489377215	-0.40251008946896166	0.8007950217270067
0.46713702460796497	-0.866342382730807	-0.17673108420627706
0.7648987117177583	0.2956966414418621	0.5722704404846688
0.8086736271898844	0.13178021572295187	0.5733070202182843
0.17051484831673183	0.8802328756907427	-0.4428484741497113
-0.5630023545164601	0.455877241477591	0.6893506288614701
-0.6233901128571528	-0.02854022813461482	0.7813899299133377
0.5292197881857834	-0.7510506487929158	0.39477758135478663
0.5755963715873661	0.6596274541934748	0.4833016022006281
-0.590794465481568	0.38166579376485255	0.7108397297747169
0.5133991907703689	0.8574876707770828	-0.03370705240188762
-0.6224011330907728	0.34503060202703506	-0.7025458797773871
0.5668562173440279	0.039836606917421025	0.8228530085062137
0.48675432152618786	-0.8220315254109067	-0.2955239443872495
0.664638442564076	0.5680468431211677	-0.4853643216039625
0.9280920864260593	0.3380238645784708	0.15615679968787705
0.3552315332937035	-0.9294965333745986	-0.09923080266936904
0.11160482456922961	0.14756714207450958	-0.9827351126894939
0.68506987830778	0.30230927333093904	0.6627883260087515
0.7284449945238202	-0.2757069257017317	-0.6271790661950474
-0.006866715994931827	0.9124663250653251	-0.40909418699515343
0.207073704196292	-0.1630666307186836	0.9646397021564491
0.7957184607415577	0.6017124024468077	-0.06909642520982467
-0.5691683514264584	0.781889671685045	0.2543539444292935
-0.31386872840757674	-0.2549786692281507	0.9145885957994729
0.2807018617874586	0.8952874288275627	0.3459290166672728
-0.9070241926855452	0.36530302219112987	-0.20942973967696532
-0.16695356805687056	-0.04422159571405748	0.9849725664126805
0.07345065427228135	-0.9967756066648561	-0.03230156876812793
0.9832250543492338	0.06695401728358616	0.16966334922291126
0.5546861632996738	-0.2897166925006959	0.7799919860680267
0.8315910109282378	0.1615706113707296	-0.5313674134576185
0.0279222274763104	0.9433764760835124	0.3305467797226519
0.17431871309772728	0.38923469631689706	0.9044939676123028
0.8797257932881912	0.35110421990957874	-0.3206374204380223
-0.4423748578834642	0.8515997756838476	-0.2812157662148511
-0.4652541288847809	-0.19908349370911274	0.8624989032388607
0.63349094132139	-0.7554356924074592	0.16735035673879592
0.6182457624758969	0.6242456865445181	0.4775871648308404
0.17074976170219336	0.4498414192346296	0.8766340265011494
0.812802207103511	0.43860031203195105	-0.38338275706288105
-0.5569534011084813	0.7779925859713891	-0.2907411996385194
0.2602431762333186	0.3689418313112408	0.89227541394611
0.5234836599238719	0.7225967897582052	-0.4514628857656455
-0.8113188935410676	0.584581734695709	-0.005084136451149135
0.281579100152048	0.2480985361907811	0.9269090174863739
0.7690236778286936	-0.636072019858253	-0.06336377902455748
0.5738604301538772	0.73065689751992	-0.36989823574893244
0.948915687037376	0.2344050020051845	0.21121864010861818
0.29866366182612486	-0.883190989233485	-0.36162645594783044
0.101779349570503	0.4062363493974012	-0.9080820405829408
0.7543851174095617	-0.03643199173126921	0.6554203266678984
0.560716443687384	-0.48339932073502156	-0.6722515648858636
0.34132120416044265	0.8746415303948312	-0.344241236488386
0.6073872898889354	0.04276531113323559	0.7932539367977015
0.33463874142117	-0.9194058446847584	-0.20666350790490617
0.7204842765955616	0.3909782870226727	-0.5727463542052338
-0.7373357272937557	-0.20840901060964126	0.6425742832956346
0.5244904842571158	0.4228591145376861	0.7389857246091702
-0.4257296761795263	0.8819046737313021	-0.20248058986224104
-0.7610048496942639	-0.40036431625243746	0.5104704036607111
0.4528857117184915	-0.8912494412594354	-0.023852999307837547
0.4645063518005394	0.21303250392008852	0.8595644253984055
0.035072433398377734	-0.9278702928059954	0.3712501099577381
0.983074234587662	-0.03480888582211206	-0.17987048328646227
0.17981928068313113	0.37127491323268724	0.910944545567216
-0.6337995391615765	-0.5577310674139683	0.5359423482053353
0.6253527662637771	0.03830854083273272	0.7794012916498848
-0.4552274836659306	0.8291372094777453	0.3244987303128357
0.990188434920173	-0.0007037470277353464	0.13973678145162494
0.138121520786624	-0.14675877749221167	-0.9794816520612224
0.021196906517896227	0.9891720608514538	-0.1452216415860912
-0.47302989572850085	0.8511233771911428	0.22766579573099485
0.8805709876061392	0.4482302881539918	0.1538971883035501
0.028938789425827144	0.2732738655271174	-0.9615008792957158
0.10868322618191284	0.06086903565641172	0.9922111251366564
0.9821077556564037	0.1478444760816241	-0.1166463337258904
-0.15379308380493872	0.9871357411168985	-0.04371173736376255
0.34457002912955437	0.28486788307406824	0.8944952678569948
0.8535167762859681	0.3016711733384456	-0.4248571710292933
-0.3908715999200591	0.9098597652218195	-0.13919267224401177
0.37178003365481693	0.26105743371467705	0.8908583629724369
0.440480729040559	0.7951287563221427	-0.4168296872986618
-0.8171635906717338	0.5473748963662013	0.18062222706126052
-0.42833826872459113	-0.22105494657576213	0.8761626778974365
0.8959920627664435	-0.22960953107031168	0.380102205598975
0.11715182886132808	0.9478471257729585	0.2964140265884654
-0.7708682680395096	-0.6221380705724026	0.13677110248226804
0.6267080668473036	-0.7791621951465209	-0.011969653418976954
0.11401364952619641	0.07648852723711669	0.9905303594150028
-0.5848712045580906	-0.7554755228682741	0.29526667340842283
0.7771421459930083	-0.626185015265943	-0.06278862618160008
0.23232683659050232	0.1927409167854584	0.9533494532418587
0.033525325305079234	-0.7412409351926492	0.6704013190305607
0.860402685831811	-0.3198845666537071	-0.3967128460614509
0.5085108364396917	0.590115022695997	0.6270414573310987
0.9898635866423612	-0.060722989837914416	0.12838535097379783
0.1385903720165833	0.2155008630300057	-0.9666188942999344
0.031028835360447378	0.9746138191809447	0.22173207895500135
-0.7655918787403453	0.031280176287742	0.6425656587293137
0.1072547287743221	0.9910443540422054	0.07954565655404837
-0.634322866025162	0.12981771409355428	-0.7620904557499386
0.7419087472638111	0.4194731413727495	0.5230809635231625
0.5535952875325912	-0.8233649987548961	-0.12490931289162605
0.3782904550145963	0.3822464682534396	-0.8430800490775607
0.0883377722203339	0.8852186252593374	0.4567104372500341
0.9264579846894702	0.09540070807696965	-0.3641075493635614
-0.3658852833939538	0.4552874810406956	-0.811690377547587
-0.4125410191354293	0.8482459358459119	0.3320974854641247
0.9072193531874196	0.41549237645190373	0.06572009063102027
-0.08223717366800277	0.32839749912452554	-0.9409527776864552
-0.9620407468254324	0.17853726834357264	0.20640262900452527
0.26063104970501416	0.37679290962815404	0.8888748838748974
0.08092624652871898	0.9089287909766997	-0.4090224878370481
0.5961694265746524	-0.7312686910841355	0.331403253239532
0.8010237512324527	0.5138772227459668	-0.3070686403792835
0.054249099339434725	0.44852681233454406	0.8921214793052978
-0.6439684682114135	-0.1711823446194061	0.7456548912466467
0.3618185184930045	0.7906141447345455	0.4939803982155471
-0.6740860268726634	0.5878995484232541	-0.4471936374086296
-0.7942474811585725	0.4351571810090624	0.42403910962257807
0.4725085334990362	0.0036196849768402872	0.8813186618081217
0.3819772564484081	0.9003472250731459	-0.2084904071156095
-0.9737115778188827	-0.14714314634954373	0.17388115971496
0.18836572542785218	-0.09092375717009893	0.9778809865551699
-0.12807855677474533	0.9849272891256644	0.11625024055918598
-0.5732314772707674	0.5206105092329882	0.6327482683833611
0.6943559959900081	0.7186401258183714	0.0377640092744265
-0.4350579551033368	0.4610000729283281	-0.7734361696102521
0.933171728021698	-0.34796200612395006	0.09007201738161634
0.35941916261037715	0.9013467840295946	-0.24164403669025766
0.00289682057665383	0.2578689923463142	0.9661755488609941
0.9976640772605208	-0.01810245269095377	0.06586873424080238
0.06778840168665999	0.38140080690473677	-0.9219209060918315
-0.008433358801907074	0.9242325062985978	0.38173702042156044
-0.8523682484855204	0.4085354678474421	0.32644622908588977
0.5112146064932469	0.5194966775618943	0.684677170723625
0.11012717685331035	0.7504811613310656	-0.6516517715816437
-0.34275535718615835	0.45868181591442536	0.8198352010432549
0.7967283560244535	-0.3204516759589753	0.512381352199371
0.49773757325197054	0.828807405326792	-0.25560828047758943
0.4386011613880919	0.3058282079672111	0.8450432701587424
0.32074661297261253	0.8251128975340186	-0.4650917292208207
-0.8394942712702774	0.4750345393069649	0.2638021132777475
0.1553098718587117	0.4117080528962645	0.8979840326440095
0.9613494661866218	-0.27218920787182554	-0.04147576377604073
0.22734565658030126	0.8697180659837274	-0.43806898787245485
0.036144966715337734	-0.6002684247750097	0.7989814513487004
0.9982516819488075	0.059101660533656175	-0.0007571053701225239
-0.046766664062386665	0.7976119432031425	0.6013551922052248
-0.9959806719359063	0.014062595963628959	0.0884575860221406
0.08838644336510171	-0.00560369029987684	0.996070497145805
0.014503025869395267	0.9998854144599705	0.0043382243884863
-0.5651806186778929	-0.13526254538471777	0.8138027476526003
0.3363091023928724	0.862997355826114	0.37700364916647167
-0.7533040925938045	0.4867644272676289	-0.4422593542574793
-0.8317367936760345	0.0038758256024487014	0.5551566301697294
0.5467355620895996	-0.1679287571071546	0.820292726825623
0.09640607445633198	0.9857915147293297	0.13755347431298992
-0.9298408897186421	-0.012993675803780802	0.3677323540244328
0.26875431845942976	0.6586259375554937	0.7028392353081566
-0.2513305316046022	0.7523583180694243	-0.6089252212834473
-0.578075908890495	0.16817404342722309	0.7984646107860802
0.5275279897102095	-0.6695158534585692	0.5229366520334454
0.6225290865756661	0.7235095113991122	0.29831447045405746
0.3015543137302461	-0.1045694103821792	0.9476973326347413
0.7208355739251215	-0.6255849362480719	-0.2983949780132634
0.624068162330623	0.7731162434924123	-0.11327048518241734
-0.24748836099798832	0.21999104450479462	0.9435854235352614
0.8106843135126118	0.5803549814245701	0.07732424820373163
-0.5306038588204149	0.7840867527725337	-0.32197439204307665
0.9481505950929155	0.11891783855786267	0.2947354690187053
0.23221173123625685	0.3739680960846453	-0.8979006487285137
-0.21699806658403775	0.919786067943819	0.3269639556820261
0.9999818526237837	-0.001581423522254163	0.005813219654246367
0.0016098136179769987	0.9999867858228444	-0.0048822822339632905
-0.0058054218813649375	0.004891551833514494	0.9999711844835527
0.8956654452172454	0.2735295754081395	0.3506636303080723
0.40506848684293073	-0.8272393218111838	-0.3893515447717538
0.18358358099397637	0.4907715108137549	-0.8517278866885905
0.8649440397176127	-0.501854092373311	0.0037786406467347077
0.5018609321132115	0.8649476415792774	-0.0010872648731853846
-0.0027226779896669467	0.002836775388747173	0.9999922698351015
