-0.1408185781971476	-0.8606275215246741	0.4893775610189236
0.7111015769858338	0.2560007002712301	0.6548268386901228
-0.688842997527589	0.4402089397717137	0.5759439331239367
0.7733597302756217	0.21717346606192434	-0.5956092789964473
0.2583894070779774	0.7499437768299673	0.6089492966609744
0.5789211016174043	-0.6248359922672944	0.5238609938422947
0.9497903076511263	-0.1929188451140763	0.24633450974605625
0.09657279901936949	0.9296071937603332	0.35567423268856957
-0.2976105945384729	-0.3140267257876139	0.9015626154125777
-0.6089689433640402	0.7320315027624971	-0.30542872324220716
0.39854355142106956	-0.05054082440842578	-0.9157557876905819
-0.6857987048972649	-0.67939348247639	-0.26096864242632156
0.5968123272280208	-0.6833785821612693	0.4204863368908996
0.5340333523867792	0.729423497251125	0.4274923861269067
-0.5988517551174182	-0.03057899771397521	0.8002758901101523
0.9633440513947176	-0.10413523977690864	0.2472328669069252
0.10413523977690864	-0.7041640285955786	-0.7023595038644034
0.2472328669069252	0.7023595038644034	-0.6675080799902962
0.9599579173126206	-0.04148975002992128	0.27705486393721823
0.04148975002992128	-0.9570102441727408	-0.2870714078254489
0.27705486393721823	0.2870714078254489	-0.9169681614853615
-0.9942229133030327	0.07847623398898243	0.07322758607340034
-0.10384660600303738	-0.5307684671263351	-0.8411306181123184
-0.027141869590739262	-0.8438757698875274	0.5358516622273856
-0.9859070347401613	0.07580635266872093	-0.14913321476092697
0.06509062204196761	0.9950210804300934	0.0754735743284973
0.1541120688721457	0.06470275415154281	-0.985932565560725
-0.6625087492226751	0.36112676722976883	-0.6562542306100458
-0.36112676722976883	-0.9215567785307601	-0.1425502084676985
-0.6562542306100458	0.1425502084676985	0.740951970691915
0.9472877492207177	0.24730953461159366	-0.20367600316812876
-0.24730953461159366	0.16029964582430223	-0.9555846470296602
-0.20367600316812876	0.9555846470296602	0.21301189660358455
0.19278120748052507	0.6844603449953062	0.7030998806508626
-0.3745111630550857	0.7136222423825878	-0.5920174692726342
-0.9069601947105936	-0.14918891147050342	0.3939109974407524
-0.4428999865767238	0.8029821863785938	0.39882227902787937
0.8643998505485082	0.26434257444988163	0.42771006734109684
0.23801785702349076	0.5341747014712156	-0.81117500457428
-0.8397129727575106	0.521466144734436	0.15150968047801
-0.48601478011023413	-0.8461554908118794	0.21865616589364342
0.24222253589859305	0.10997247503221882	0.9639679962727719
-0.014065771350505685	0.5967376263074953	-0.8023131305327189
0.5145516871859113	0.6923142394039148	0.5059027131106446
0.8573439888927008	-0.405715663078806	-0.3167902862179923
0.7350966642391672	-0.6736825859871296	0.07605700205860487
0.6736825859871296	0.7132597645809262	-0.19342254668899192
0.07605700205860487	0.19342254668899192	0.978163100341759
-0.21653316691401558	-0.9194262421936488	0.3282815450064972
-0.9621580463500945	0.25795282294408994	0.08781933146491452
-0.16542454917561808	-0.2968429320378724	-0.9404886986185439
0.11520802475781977	0.9223391637259014	0.3688056101644963
0.8693460227355575	-0.2732477195513361	0.4117926377606357
0.48058776907581546	0.2731778739528501	-0.8333122136374407
0.9189591367901919	0.022885206935551683	-0.3936881662094282
-0.022885206935551683	-0.9935374245073487	-0.11117397810108992
-0.3936881662094282	0.11117397810108992	-0.9124965612975406
0.8160358180344328	0.1291521972244813	0.5633873034041172
-0.5665534823293834	-0.01430348925031133	0.823900820399953
0.11446700548770922	-0.9915216185980794	0.06149946753689661
0.20914409484506047	-0.6624684797943937	-0.7193012309667941
0.9764915355129381	0.10223090613839403	0.18977123834160792
-0.052182647144666916	-0.7420810973936931	0.668275853392854
-0.29430600111616956	0.8499673294341346	-0.4369662648324407
-0.8499673294341346	-0.44182870164985655	-0.2869545909948254
-0.4369662648324407	0.2869545909948254	0.8524772994663129
-0.2966154706906725	0.8647630416536924	0.40522110549279755
-0.1755863171446777	-0.46646603043851376	0.8669364957587748
0.9387165215220831	0.18599549520563596	0.29020159886653074
0.16097466782611813	0.7484761670855843	-0.6433277419971437
0.6408130207663006	-0.5750102455315442	-0.5086471173123095
-0.7506302876480804	-0.3303734929418914	-0.5721953568727507
-0.15088336614753928	0.7292449445611215	-0.6674099344870692
-0.7292449445611215	-0.5379217348947427	-0.4228971718513574
-0.6674099344870692	0.4228971718513574	0.6129616312527966
0.9476458267832316	0.18669022931879792	0.25906397908088263
-0.011509449882786488	0.830732553020648	-0.5565527449534249
-0.31911584032091067	0.5244332022561986	0.7893889388809474
0.5819118314298464	-0.7056294121012001	0.4043089823633364
0.7056294121012001	0.19092790624793166	-0.6823735541428138
0.4043089823633364	0.6823735541428138	0.6090160748180853
0.9227651874145851	-0.10517419639599193	0.3707327842370875
-0.10644617286869013	0.855041459287149	0.5075168127084183
-0.3703695737737301	-0.5077819328339283	0.7778071017354531
-0.9611847166617249	-0.2661080768347159	-0.07287271025047308
0.2604313015488932	-0.962268540804124	0.07883395557913019
-0.09110146886560018	0.05679565847872316	0.9942206875480405
0.2069835240978123	-0.15847110939454415	0.9654246362297334
0.24366412005560892	-0.9473488905912957	-0.2077447378225696
0.9475154971553639	0.27823908241421585	-0.1574718884998818
-0.3366000522316055	-0.2424885228190098	0.90988995001524
0.8392033301765073	-0.515547832414351	0.17305549142840143
0.42712782098376767	0.8218331636006908	0.37703060319785575
0.6384611957738777	0.49129849978962	-0.5924466943071409
0.1897342683407493	-0.8464705014046316	-0.49748225864747425
-0.7459009377311379	0.20521567765709497	-0.6336547299086064
-0.32782871561545535	0.08789907894633531	0.9406391896674874
0.8124525422440915	0.5343491352116769	0.2332206429535042
-0.4821298578381493	0.8406811248142301	-0.24658882083753753
0.7640855332995194	-0.2640969064277652	-0.5885797497516145
0.5019424863290658	-0.3297503020276349	0.7995739357498337
-0.4052493531397484	-0.9063760601030721	-0.11939597753629583
-0.9855565769796781	-0.013239356443049532	0.16882817600469827
0.013239356443049532	-0.9999117222037093	-0.0011257178091374927
0.16882817600469827	0.0011257178091374927	0.9856448547759689
0.7446128119366437	0.6107387461340938	0.26935096857141505
0.24839069230218402	-0.6280707709744566	0.73744774094521
0.6195593791376629	-0.4822087624858209	-0.6193713628385213
-0.49533264226670415	0.3953786187397924	0.7735123278581275
-0.8595713486562376	-0.09430411197536803	-0.5022388187245528
-0.12562909724415822	-0.9136643159869773	0.3865680375013778
0.3847617548599148	0.8743796083156032	-0.2956665225536549
-0.45875845081349226	-0.09680163036335965	-0.8832723974891326
-0.8009363743795904	0.47548895352137005	0.3638834693618672
0.7195177124302999	0.6724737340068861	0.1734166617424749
0.5893295249413465	-0.7233444551983743	0.3598103808482649
0.36740301105390377	-0.1566903832550116	-0.9167677739012874
0.6202779998345731	-0.7775333982450818	0.10342638703288637
-0.739887629935257	-0.5362054658868418	0.40626345321953733
-0.26042560932060704	-0.3285201865434301	-0.9078837971037155
0.47209059562085165	-0.8412747487238625	0.2634146288381716
-0.8101319158018516	-0.2962060898861447	0.505913264615174
-0.34758703733823465	-0.4522374923355687	-0.8213796333002574
0.6470605862515628	-0.696617213034556	-0.3098984611509903
0.02772956866516968	-0.38468635324102873	0.9226307390564017
-0.7619341629966643	-0.6055913375652648	-0.229598482408935
0.5343517314366086	-0.8389022209779463	0.1034953658332948
0.8389022209779463	0.5113487665979036	-0.18645509522957973
0.1034953658332948	0.18645509522957973	0.9769970351612951
0.8894332040676831	0.45031058174152466	0.07828764572718151
0.31953119156387283	-0.4901349408548401	-0.8109670507307889
-0.32681553377963335	0.7463163670487416	-0.5798305676277349
-0.2290350474549261	0.7945549592263298	0.5623391892854042
0.6268113601451023	0.5623692702501425	-0.5393035533643082
-0.7447485923654822	0.2289611771614738	-0.6268383472016257
0.11132885198792852	-0.07113223198777396	0.991234630290673
0.8811601533220732	-0.45414727933654686	-0.1315561966181481
0.4595243964279484	0.8880824591464748	0.012119193202509315
0.06502491866378235	-0.6820941362966104	-0.7283675920732261
0.9685017752073362	0.21895706902596324	-0.11858378195941532
0.2403665354682449	-0.6977144051496577	0.6748470474660553
0.14768933682047147	-0.5140478366920036	-0.8449512893544815
0.983052718645931	-0.017515882979819875	0.1824843724988014
-0.10860576482108758	-0.8575826580777555	0.5027492142330191
-0.4011063410092026	0.3463773419513682	0.8480191272518058
0.5238866832700128	0.8461523928160508	-0.09782060735865938
-0.7514362556428555	0.40502946203254964	-0.5208595670534129
-0.11504540910211647	-0.9932171669135658	0.016858623689875812
-0.9639041739177882	0.11572013175190099	0.23978656053079653
-0.24011101046889413	0.011336245212274249	-0.9706792426935347
0.9609269625486621	0.27669400788505255	-0.007732958522375135
-0.27669400788505255	0.9593965300200098	-0.05476060797755004
-0.007732958522375135	0.05476060797755004	0.9984695674713477
-0.03403294694400083	0.561303163521799	-0.8269102231456129
-0.561303163521799	-0.6953083145844463	-0.44887092386359495
-0.8269102231456129	0.44887092386359495	0.3387246323595544
-0.6686368255773951	0.10319748961720551	-0.736393287325795
-0.10319748961720551	-0.9936177113557301	-0.045542527563891884
-0.736393287325795	0.045542527563891884	0.675019114221665
0.06109992119700869	-0.32391306148404153	-0.9441118197701768
0.6724390766983921	-0.6856530596027646	0.27875718822369727
-0.7376262520807766	-0.6518897226198641	0.1759184520846615
-0.9005362894951641	0.4197705568717641	0.11325665934438776
-0.43469786840757096	-0.8641911236424578	-0.25339981258773675
-0.008494380742337396	-0.2774281553864983	0.9607088341920507
0.48697230363645805	-0.867839867914452	0.09854917122547396
-0.5415841815154633	-0.2115097261604746	0.8136032264388747
-0.6852332083482433	-0.4495749096621692	-0.573007723140819
-0.5333360722148244	0.13875971240968873	-0.8344449510222013
-0.13875971240968873	-0.987442897785475	-0.07551334865442033
-0.8344449510222013	0.07551334865442033	0.5458931744293494
-0.3430641764072655	-0.8897789039013793	-0.30099912464667544
0.9368056161307616	-0.3474997015076051	-0.040486973682771876
-0.06857265090302937	-0.29586730070115147	0.9527645731889623
0.6525493871324276	0.45457286007469666	-0.6062530925583831
-0.45457286007469666	-0.405278110143247	-0.7931665451355273
-0.6062530925583831	0.7931665451355273	-0.05782749727567449
0.9295187153486673	-0.03471685704545881	0.3671371646312159
0.03471685704545881	-0.9828995715802122	-0.18084018365485316
0.3671371646312159	0.18084018365485316	-0.9124182869288795
-0.475048840157025	0.2374682456541247	-0.8473118857725398
-0.2374682456541247	-0.9617699657402228	-0.13640881681915937
-0.8473118857725398	0.13640881681915937	0.5132788744168022
-0.896330184685777	0.19178662043268344	0.39976254482401313
0.09817545143687065	-0.79338433261873	0.6007519300762167
0.432381522218894	0.577718956741202	0.6923055873424173
0.565740501551347	0.1484951879366345	0.8111022525329922
-0.38149454928114934	-0.8249107401893137	0.4171141085951075
0.7310263974530625	-0.545409433251738	-0.41003531109748903
-0.44266083586006144	-0.4356171835217496	0.783765943261284
0.4356171835217496	-0.8684636569715347	-0.2366612472294673
0.783765943261284	0.2366612472294673	0.5741971788885267
0.8085602769009071	0.13203409863677257	0.5734084716980586
0.17042069557329764	0.8801838704885312	-0.44298209969720215
-0.5631936302358557	0.45589839978771973	0.6891803711168468
-0.6241870644270746	0.5290158870081405	-0.574919733436679
-0.028865902303746582	-0.7509870194468913	-0.6596857254075352
-0.7807414862078882	-0.39517171952869523	0.4840269040028997
-0.5906800280725746	-0.38185929916360467	0.7108309082183067
-0.5136971802028415	0.857310226048935	0.03368060812356821
-0.6222638600206761	-0.34525737060083833	-0.7025560736040672
0.5670989732099091	0.48697236795308496	-0.6642715314044643
0.039924961996664315	-0.8218022143082429	-0.5683723409593695
-0.8226814401661384	0.2958023553121815	-0.4854855451997868
0.9281296292580437	0.3551212893615743	0.11164345540827467
0.3378106128084286	-0.929475093572913	0.14818920440308306
0.15639495249949817	-0.09982444725515821	-0.982637114382966
0.6852456327412535	0.7282784362036236	-0.006995868055045318
0.30192590906439415	-0.2753180616479889	0.9127106389026227
0.6627813879739521	-0.6275432130867158	-0.4085466282618462
0.20745289857534854	-0.162956391426952	-0.9645768550850639
0.7955431206060368	0.601907924855753	0.06941176594965837
0.5692753623064107	-0.7817621534002188	0.2545063798452952
-0.31375401331825103	0.2800108138693402	-0.9072774455715963
-0.2555772677372454	0.8953564029469506	0.3647151928805026
0.9144608681308651	0.34631034610321354	-0.2093572660291907
-0.1670301215812131	0.07362782110604985	-0.9831988010792836
-0.04383165806376969	-0.9967763927442186	-0.06719827839464551
-0.9849770171105243	0.03187109704730964	0.1697189115480504
0.55526259106078	-0.8311752211646262	-0.028830655393241256
0.29019254939349076	0.16114172228249735	0.9433035723542751
-0.7794047339123463	-0.5321476271315746	0.3306768266650375
0.17447222140206953	0.8797855398584424	-0.4421954859731345
0.3885210770792165	0.35113726606990103	0.8519119631993444
0.9047711404682584	-0.3204372391482377	-0.2805515267162568
-0.4325277832573686	-0.44124169410478553	0.786273161244873
0.44124169410478553	-0.8640904316886944	-0.24218483281903805
0.786273161244873	0.24218483281903805	0.5684373515686743
0.17117102264841166	0.45015055490693506	-0.8763931531695552
0.8126943206709503	0.43835816389571425	0.38388808433599614
0.5569815276601906	-0.7779502542341359	-0.29080058421943344
0.2601406884058284	0.524145483574879	-0.8109243702613691
0.36917295537590816	0.7220400220771315	0.5851235216070818
0.8922097013901831	-0.45158578206904565	-0.0056683488185682585
0.2813209003315571	0.24798545789377524	-0.9270176717354729
0.7691147495931432	-0.6359707887377739	0.06327446428481764
-0.5738650128688095	-0.7307833937258487	-0.3696411482229931
0.9490372898870996	0.29833190833535966	-0.10161837861692075
0.2341891923947878	-0.8833141382774643	-0.40609303771995225
-0.21091146144585493	0.36159950993899875	-0.9081641645884573
0.7543321922385228	0.5609270753504352	0.3410920108877248
-0.03638490509004605	-0.48304679583472465	0.8748382317408143
0.6554838536792594	-0.6723292416462441	-0.34396847005673936
0.6075877761043091	0.04252052334072179	0.7931135476231956
0.3346827600006781	-0.9192897054689371	-0.207108395718675
0.7202947622237361	0.39127796067970133	-0.5727800738498028
-0.7375668374742435	0.5248719285358773	-0.4248583515635208
-0.20771609474586106	0.4223135673420346	0.8823294593417889
0.6425334109925894	0.7390268665440208	-0.20246013504972948
-0.7611590474261711	-0.4528206867334086	-0.46431705782532784
0.4003993492821253	-0.8912809244182756	0.21283485349574613
-0.51021296104248	-0.02391107346794144	0.8597156477288729
0.03507860569501753	-0.9830617688934596	-0.17988621393135068
0.9275969175806374	-0.034960811225513755	0.37194314104894305
-0.37193205013468983	-0.17990914434379418	0.9106586901051845
-0.6341857669058162	0.5572431596327292	0.5359929795217613
-0.6254654838578046	0.03778859724852701	-0.7793362242450375
-0.4545342028457317	-0.8294890493312865	0.32457137193978425
0.9943433517313789	-0.06936491558734446	0.0804351126882277
0.06936491558734446	-0.14940945840136188	-0.9863393544950806
0.0804351126882277	0.9863393544950806	-0.14375281013274077
0.887534758783909	-0.05241777199176411	0.4577493081696661
0.05241777199176411	-0.9755691377098343	-0.21334768507651888
0.4577493081696661	0.21334768507651888	-0.8631038964937432
0.5199162191824988	-0.6316206783329166	0.575102115917897
0.6316206783329166	-0.16901029104045429	-0.7566312445469637
0.575102115917897	0.7566312445469637	0.31107348977704696
0.344626620952465	-0.28533738811688303	0.8943238043759774
-0.853430368026616	0.3015866033891009	0.4250907286523431
-0.39101035671813206	-0.9097406749172319	-0.13958082010182782
0.3723455291573492	0.26088641184638683	-0.8906722669031808
0.44048678965600674	0.795027381164209	0.41701660798788875
0.8169028063699368	-0.5476036370524735	0.18110787291507924
-0.42958822871028324	0.22143268378851383	0.8754550361405078
-0.8953484061747434	-0.2305855581107239	-0.38102694386501434
0.11749546933353733	-0.94752196119192	0.2973162419799996
-0.7710926286531403	0.6264153400742426	0.11410512589915293
-0.621864415797358	-0.7793956043726447	0.07633570756605859
0.13675089177698754	-0.01209601604955119	0.9905316148381775
-0.58470202112338	-0.755563938142399	-0.2953754930135266
0.7770645599358031	-0.6262003455316034	0.06359085585111533
-0.23301119326335232	-0.1923441255532643	0.9532625667564728
0.033471129788580356	-0.741237853437445	0.6704074344024871
0.8601452091031897	-0.32022222094363695	-0.39699867565365377
0.5089498037405127	0.5899357370471582	0.6268539889217584
0.9898879803729663	0.13826559551766002	0.031692450351409815
-0.06132115941994706	0.2156380794937145	0.9745460143470168
0.1279120859048244	-0.9666348037229	0.2219361496265706
-0.765409963227824	0.10720666541291746	-0.6345504858422415
0.03049540785320321	0.9909610745891777	0.1306375855140052
0.6428200512518638	0.08064043365523896	-0.7617607906478563
0.741800809263897	-0.5538905795319736	-0.3780698153531461
-0.4191097051351518	-0.8230051482529075	0.3834182846588513
-0.5235251803275117	-0.12596726501335276	-0.8426468024671441
0.08811523439356872	0.9263085517148447	-0.36631703821650685
0.885136121529034	0.09587302067442716	0.45534866890252396
0.45691328699470535	-0.36436359714810723	-0.8114612851153076
-0.4124953964418512	0.8481899317172666	-0.33229713758583473
0.9071528010367601	0.4157810823645238	-0.06480653608198597
0.08319461211785927	-0.32817667693064945	-0.940945654771473
-0.9621845364779518	0.2600945654241625	-0.08094278719889428
0.1784207873326678	0.37722931370978763	-0.9087706352681262
-0.20583231138550703	-0.8888469282811629	-0.4093704895016752
0.6056345355964778	0.7717027313316375	-0.1941177574260765
-0.7717027313316375	0.5100843235485677	-0.37985375781383357
-0.1941177574260765	0.37985375781383357	0.9044497879520899
0.27177760092782555	0.9538384413715408	-0.12778561498003263
-0.9538384413715408	0.249354281600337	-0.16737583460431005
-0.12778561498003263	0.16737583460431005	0.9775766806725115
-0.7940335247126484	0.47264699481568373	-0.3822506768131501
0.4354948361055151	0.0036000336048507275	-0.9001840297869512
-0.42409316117787005	-0.8812444939117334	-0.20869387291536423
-0.9736967548210449	-0.14710574212222058	0.1739957766316068
0.18846368004925365	-0.0908259164966907	0.9778712053204289
-0.1280471434794928	0.9849419036304662	0.11616098966320554
-0.573439009487253	0.5207939630158543	0.6324091638207968
0.6942409128794641	0.7187598644391603	0.03760069355328899
-0.43496811065015656	0.46060601967152026	-0.773721421029425
0.9332204045619198	0.359292936546907	-0.0028744141641257326
-0.3478272475804926	0.9013760098578238	-0.2579486280121818
-0.09008819206680412	0.24172272255683475	0.9661543577761507
0.9986794307133571	-0.042694669872916736	0.02857551109757599
0.042694669872916736	0.38034017146593224	-0.9238606600206051
0.02857551109757599	0.9238606600206051	0.38166074075257517
-0.852466058215134	-0.4082650748694638	0.3265290924756675
-0.5111213347337067	0.5196929066045798	-0.6845978848966141
0.10980255357315745	-0.7504924459757838	-0.6516935535680088
-0.034107259452090144	-0.24878511963243202	0.9679579841615772
0.24878511963243202	-0.9401473733166543	-0.23287095288006973
0.9679579841615772	0.23287095288006973	0.09395988613543582
0.4387266325091861	0.3054498995840575	-0.8451149630501397
0.3208550290323455	0.8252206174228782	0.4648257554448294
0.839387271926256	-0.47509082439497063	0.264041126160121
0.15557058638169607	-0.4112099636452661	0.8981671105377409
-0.9613629365892998	-0.27206814648735445	0.04195506905409402
0.22711031857943714	-0.8699915456289187	-0.4376478192896114
0.036571417809347695	-0.5995964229580015	-0.7994664852108457
0.998216756858537	0.059686674420089125	0.0008984561730963625
0.047178784704979604	-0.7980736999003536	0.6007100230569834
-0.9959732632972891	0.014377768883658111	-0.08849033031284995
0.08840725953296927	-0.006315325458961185	-0.996064392058173
-0.014880028858150457	-0.9998766906105351	0.005018796160943473
-0.5659834168699658	-0.13492815992124327	0.8133001681350294
0.3363147657417377	0.8629080790252206	0.3772028969892516
-0.752698578564009	0.4870154400152743	-0.44301333051551617
-0.8317305468000011	0.546837238658052	0.09588186448232888
0.003207267888345078	-0.16796867065276078	0.9857871165276185
0.5551702540234513	0.8202167762829414	0.13795082077159093
-0.9300720643480029	-0.012780865500681582	0.36715474203188286
0.268555436711853	0.6583033443799683	0.7032173804668475
-0.25068692134204146	0.7526442428233956	-0.6088371795585805
-0.5785787632572448	0.1681867881413137	-0.798097624982324
0.5276619062577027	-0.6689683727887064	-0.5235018900566817
-0.6219481709854968	-0.7240127902897431	0.29830513254829494
0.3013198975615037	-0.10505139597629998	0.9477185887893915
0.7210421828846504	-0.625268607091432	-0.2985587705743699
0.6239426975568056	0.7733067781866207	-0.11265938476738357
0.6263719781068193	-0.6388776898705559	0.4466468878523749
0.6388776898705559	0.09243600238054839	-0.7637348249553407
0.4466468878523749	0.7637348249553407	0.46606402427372906
0.9481727112547865	-0.1191805347152162	0.2945581602616745
-0.2319333990951659	0.37406118251478526	0.897933811658634
-0.2171990055592098	-0.9197142120684205	0.32703265907773604
0.9999763099802391	-0.00011828791927261467	0.00688225880600136
0.00015945540060227184	0.9999820983116745	-0.005981440474983685
-0.0068814280698012	0.0059823961878755945	0.9999584275776525
0.8957040845363046	-0.40473397423316637	-0.18413202612909915
-0.27282428179601015	-0.8272350924085068	0.4911710630222235
-0.35111409001558436	-0.3897082395707286	-0.8513791069806753
0.864465390292412	-0.5026811397616989	0.003355698804583786
0.5026754566589505	0.8644718063258254	0.0024251475172275775
-0.004119982925134172	-0.0004096286659927633	0.9999914289357947
