-0.14088672525422696	-0.710925740824591	0.6890105381488345
0.8604665257319484	0.25627019276185503	0.4403668316263065
-0.48964097943486123	0.6549123447720375	0.5756227340222602
0.7733661731147318	0.2177633391529703	0.5953854973064284
0.25761947243628075	0.7501638918539936	-0.6090043865031862
-0.5792555305765558	0.624366289512349	0.5240513017034254
0.9498229355570256	-0.09605901045770018	0.2976727357346017
0.19265358850703065	0.929397942486604	-0.31480797216244516
-0.2464162858359777	0.35635955299606403	0.9012695951063961
-0.6094817440927227	0.3971525114418447	0.6861500464717089
0.7317270105959767	-0.05130819650762275	0.6796639249919115
0.3051353561650443	0.9163172767260096	-0.25933581085430735
0.5967550581541461	-0.5345348450927104	0.5984612769003136
0.683785224041421	0.7290384154021379	-0.030671750040770995
-0.41990614183417885	0.4275225002846655	0.8005643907895745
0.2285717172490257	0.8184122781764372	0.5272156228753901
0.9488489170619453	-0.06611945158049615	-0.30872957537798107
-0.2178088672763472	0.5708148220331605	-0.7916626404492297
0.947465643636149	0.11474590952747861	0.29856696129319055
0.19729813302441074	-0.944361726058051	-0.263162263749459
0.251758417603503	0.3082439076500452	-0.9173894443268955
-0.9943420673991574	-0.07804406847142983	0.07206230898879395
0.10262948726301954	-0.5307963179008428	0.8412624187773025
-0.027405133542811825	0.8438983305347477	0.5358027308405271
-0.9859633516024313	0.06498883962004506	0.1537944082915261
0.07561346264571506	0.9950639345367779	0.06426795819778434
-0.14885856899629804	0.07499477921180354	-0.9860106031515825
-0.8902609676400519	0.21982867651874527	0.39888690436841245
0.45460434345761214	0.37552639644177055	0.8076600872179653
0.027754286264856654	0.9003639700451562	-0.43425156423259237
0.8936320067444077	-0.0365130984769762	0.4473126760573341
0.4459722650737178	0.18396087052412047	-0.8759378613240927
-0.05030482389374258	0.9822551561359292	0.1806771511215548
0.1931088943452426	-0.37444331797395103	0.9069184949869623
0.6844283846912198	0.7137056525971928	0.14893632088843542
-0.7030410664774326	0.5919598323159045	0.3941025447403257
-0.44333542443132745	0.8028181580801961	0.3986686675687165
0.8640276116746783	0.2643799981598086	0.42843844696382083
0.23855814324404384	0.5344026774163287	-0.8108660744304284
-0.839801162911209	-0.4864909847950541	0.2409575242363681
0.5215335679920838	-0.8462165395246817	0.10918015246517938
0.1507870824388747	0.2173570563566128	0.9643750130636735
-0.013274055068003943	0.5141954083824135	0.8575703361593697
0.5964184526050395	0.6924478405512675	-0.40595691582740223
-0.8025639095139164	0.5060820784362249	-0.3158672205712534
0.7338658904633393	-0.6664843457398731	0.13129916868793748
0.6789771098718488	0.7137836380327172	-0.17176438032039826
0.020759072342507928	0.21520114999802487	0.9763490799683309
-0.21608059413525438	0.9195828481633371	0.3281410705808712
0.9622136538564475	0.2575935343094331	-0.08826355654628666
-0.1656926708408678	0.2966697767649743	-0.9404961362939459
0.1149251949267458	0.8694299497497283	0.4805036545638693
0.9222453995249865	-0.27312503951794964	0.27361676820567127
0.36912819267301594	0.41169682445520883	-0.8332167197719027
0.9185411097341569	0.010079140052888888	0.3951969643913497
0.056064629084147374	-0.9928920820871086	-0.10498604999895682
0.391329767707493	0.1185905740964295	-0.9125772781751029
0.8153460745092082	-0.12952279350974055	0.5643001193902567
0.56741939007465	-0.014985245881047105	-0.8232925835771854
0.11509133134053587	0.9914632057556738	0.06127558308939485
0.2101594100682005	-0.6633127082692413	0.7182264777967395
0.9762812847734407	0.10328211336889126	-0.19028309977287972
0.05203724974387269	0.7411808524959208	0.6692854910518484
-0.5046811243489642	-0.34816869335182854	0.789984508516177
0.8445804126978921	-0.009566956420193451	0.5353432542135115
-0.17883201394863174	0.9373830776766425	0.2988847210423141
-0.29568734650223183	-0.1752144262766671	0.9390787495961175
0.8648755944053967	-0.46654421890405073	0.1852746556038377
0.4056589692344799	0.8669696630400324	0.2894899031881283
0.1611932046254998	0.6405755362397954	0.7507860768245908
0.7482554949433677	-0.5753651761458003	0.3302553986928415
0.6435296924537496	0.5085448814508022	-0.5720591214905779
-0.21942556437189675	-0.42856727030871034	0.8764602195879829
0.9106672513545727	-0.41229712048071976	0.026386393342288927
0.35005368018402816	0.8039534683446843	0.4807507064229555
0.9476395113382139	-0.011943791458451702	0.31911863373402105
0.18699771908020993	0.830807718512915	-0.5242045287081787
-0.25886523445505416	0.556431380050552	0.7895396821474954
-0.08194214793237897	0.02683336542429704	0.9962757925856847
0.8452853661815917	0.531455147809287	0.055209379513460555
-0.5279944451521064	0.8466613232969928	-0.06623042745977425
0.9226973989533617	0.10312733947138432	0.37147578900684075
0.10844210742796022	0.855227513695489	-0.5067802375338002
-0.3699592130239274	0.5078884244317703	0.7779328563744625
-0.9610751423960369	-0.26029678857454175	0.0926291127357843
0.26609976415969294	-0.9622670725796236	0.056859445505544254
0.07433361408268872	0.07929478473911442	0.9940758778536894
0.20726731927522823	-0.1578711922482247	0.96546203706753
0.24377119927278612	-0.9474284653435441	-0.20725565242444952
0.9474259130747735	0.27830916211095297	-0.1578865083518255
-0.33630652048186804	-0.2421628898929848	0.9100851932869016
0.8393715639770525	-0.5152695558888469	0.17306837481419668
0.4270284555718691	0.822103654980799	0.3765531550778929
0.6384580178591477	0.1894755315523616	0.7459694245572791
0.49110638401528506	-0.8465613291553882	-0.20530084159129194
0.5926093814738335	0.4974263150674796	-0.6335465113688088
-0.3274999857958454	0.08859676098936309	0.9406882444497296
0.8125907806892521	0.5344227499071694	0.23256944666161689
-0.4821202987248644	0.8405610854208352	-0.24701635418246015
0.7638272421665568	-0.26517012920562744	0.588432448715486
0.5016313848471926	-0.3297709234283701	-0.7997606465671387
0.4061205459719071	0.9060551531988938	-0.11887035585548289
-0.9909002584457189	0.06787612803846095	0.1162304136390852
0.092564619957942	-0.2832664617032272	0.9545637238058942
0.09771626755176518	0.9566362646882252	0.2744058821146359
0.7444601163241267	0.24829645641977524	0.6197806103227581
0.6106502502669933	-0.6285641093454553	-0.4816777265886537
0.26997297466881093	0.7370590411711521	-0.6195632032136322
-0.49554011579427604	-0.39518715530766013	0.7734772820958836
0.8594640793798135	-0.09437961610494217	0.5024081849648686
-0.12554477246944773	0.9137393503312218	0.38641805051248757
0.384596057213364	-0.4585975363565115	0.8011080903496561
0.8742133873715183	-0.09768665485093475	-0.4756135729817327
0.29637278234741865	0.8832585222412362	0.3633422034004268
0.7199434508450806	0.5891992394201436	0.36677743094689086
0.6721256895543021	-0.7236339534442513	-0.1568469281299349
0.172998511630681	0.35944145238045017	-0.916991470671457
0.6199114718945968	0.7400563416737228	0.2608186691208676
0.777913927469536	-0.5360988562469273	-0.3277925224584272
-0.10276034479504241	0.40609682032643785	-0.9080339663571853
0.4716153535941996	0.8104404769814486	0.34751286526443914
0.841438405947633	-0.2957349608989446	-0.45224135359164835
-0.2637429946946924	0.5056946372784489	-0.8214088912212321
0.6469376624850621	-0.0274723814501594	0.7620478522480204
0.6969547241563893	-0.38417607548682264	-0.6055269238437166
0.30939581983998277	0.9228510233407123	-0.2293909662226148
-0.1617249595727721	-0.35157356311621	0.9220851734893896
0.5654231798713023	0.732790652417777	0.37856899951442646
-0.8087902479106746	0.5825923870485274	0.0802773033782812
0.8897519633698644	0.31906824425116853	0.3263999068473339
0.4497228263464661	-0.4905364224618671	-0.7464069919964975
-0.07804372583634064	0.8109065752284845	-0.5799480175919156
-0.22887878992204014	0.6267034768508745	0.7448874086913058
0.7946759697369868	0.5622402623530233	-0.22885801386838778
-0.5622318050825676	0.5395633785684765	-0.6267110640968203
0.11141930796643074	-0.0714481402441457	0.991201745896331
0.881041071251936	-0.454312173316646	-0.13178421735377555
0.45973075661687346	0.887972754329748	0.012329598067994718
0.06416089801421576	-0.682930234946499	0.72766041074249
0.9686530279438244	0.2179716299483897	0.11916241015061291
-0.2399889385394044	0.6972048929357583	0.6755076954744246
0.14775273545214573	-0.5138169635179262	0.8450806216969045
0.9830913048911174	-0.017152104900799214	-0.18231097483407832
0.10816938297821704	0.8577283563568889	0.5025947187221744
-0.400455804374483	0.34639170015437304	0.8483206580102532
0.5245177108413668	0.8457697910884896	-0.09774779535040709
-0.7513430107191511	0.40581553758610034	-0.5203820036254005
-0.11590781520193505	0.9636045951113204	0.24089741106010698
0.9931200112405172	0.11650277174391954	0.011821482547411208
-0.016673981190723053	0.2406102417943432	-0.9704785880661762
0.4663741746578548	-0.1827178170150994	0.8655110216267852
0.23102435202048024	0.9696357529862019	0.08021380993568764
-0.8538869234188575	0.16254447353299356	0.4944253392961975
-0.8116912355603516	0.36947227372267333	0.4523799034713059
0.3776595182943041	-0.25884475915427485	0.8890290652729413
0.44556775731220083	0.8924626768714552	0.07056730145904866
-0.7001904442483291	0.14202303647266146	0.699687643805729
0.3288381272339943	-0.8057234888624771	0.4926206913767603
0.6337182558997073	0.5750122751788548	0.5174572982701761
0.06013507085239922	-0.32457441934923925	0.9439466190191484
0.6727794777954189	-0.6854086982389815	-0.27853669531260805
0.7373951094975478	0.6518177373180707	0.17714990772408046
-0.9003167059778507	-0.4200658101151961	0.11390585634398509
0.435163527547797	-0.8640388763746385	0.253119585187338
-0.00790779547979368	0.2774554654093453	0.9607059547463696
0.48748805208163026	0.541451122467105	0.6849715914231552
0.8675461982377479	-0.21179328392815067	-0.45000799860242524
-0.09858495321745708	0.8136180226998675	-0.5729805582540042
-0.5904895493196674	0.18961694668022244	0.7844536351346242
0.4334406879697208	-0.7454123359772757	0.506448042137825
0.6807725480339167	0.6390663994488919	0.3579704945087484
-0.34318611381653796	-0.8898287617662883	0.30071259703739706
0.9367861616419353	-0.3475193561020473	0.040767444003616454
0.0682274038760962	0.2956942202138757	0.9528430875503249
0.6457636267751945	-0.35700274075485605	0.6749358350448347
0.5477310908749924	-0.39926005890686467	-0.735242856103055
0.5319586360075736	0.8444764345173924	-0.062286123027155194
0.761487746231858	0.5198018700275676	0.38722400268393625
0.5833825523937012	-0.8099831513745681	-0.05993406420337123
0.28249107933054424	0.2715387825066008	-0.9200355861016991
-0.6925177761319317	0.34753209156954723	0.6321713178170771
0.6249772244884187	-0.14865407161442423	0.7663585556795242
0.36030903209888704	0.925809598309366	-0.1142540549224127
-0.8963348988230053	0.09791201785098505	0.4324314811762685
0.1921466436022922	-0.7931855758763215	0.577872225993015
0.3995790491308657	0.6010573009140617	0.692146447302575
0.5653560012810679	-0.14872274747397524	0.8113286240477858
0.38105487531122323	-0.8252688265693335	-0.4168075645839736
0.7315529877028931	0.5448053856898512	-0.4098991557765195
-0.44329083306362915	-0.4029310377169354	0.800712068203113
0.4671222686791069	-0.8662351705759219	-0.17729471329226695
0.7650424977907027	0.2954373167046716	0.5722121708531775
0.8081855130879475	0.13209361869310207	0.5739228627048519
0.1706206099775224	0.8802102759636188	-0.4428526589498456
-0.5636708116318151	0.4558301723104905	0.6888352997093858
-0.6237857491605423	-0.028515090025613365	0.7810750468329227
0.5286732726467152	-0.7514349771474444	0.3947784770075893
0.5756699661552903	0.6591906892244845	0.4838095961290102
-0.5909841216289369	0.38112875282439107	0.710970211579218
0.5135525686289494	0.857432560910125	-0.0327591627749097
-0.6220944680971547	0.3457604333373457	-0.7024586788568341
0.5671458684664951	0.040252701853370626	0.8226331405158005
0.48724173386480485	-0.8216750592842925	-0.2957120047116336
0.6640339273424241	0.5685330394477159	-0.48562241133882833
0.928037405416444	0.3383291406557616	0.15582030269207095
0.35552349715532783	-0.9293500930214893	-0.09955625330130827
0.11112883117517383	0.14778970594761523	-0.9827556083266868
0.6855768228621004	0.301985525501666	0.6624116260617643
0.7279640782449569	-0.2752982982669818	-0.6279165133648532
-0.007260904852590955	0.9126968770401191	-0.40857274738035954
0.2080553637538607	-0.16343314797059855	0.9643664094926104
0.7954606090346696	0.6019959696307464	-0.06959362055914114
-0.5691707872751738	0.7815948174679499	0.25525312186102855
-0.31331829176280546	-0.2560404403244823	0.914480694692503
0.2804164358546651	0.8950841719669783	0.34668566107751736
-0.9073027447050981	0.3650583761710365	-0.20864829603416846
-0.1671636259308309	-0.042569290711606284	0.9850097348016251
0.07364247636625335	-0.9968156989850445	-0.03058182354933336
0.983175013840518	0.06742638760357471	0.16976623461227358
0.5549163182183532	-0.2907542854446453	0.7794419960911532
0.8314050084382189	0.16131136847295968	-0.5317371101824908
0.02887198848075151	0.9431015787798018	0.3312488798233326
0.17516431298808632	0.38804676305880437	0.9048409656591572
0.8801094087362616	0.3502075020473807	-0.32056533524952757
-0.4412764350260728	0.8525106540034079	-0.28017975069830126
-0.4650243258929343	-0.19814032853363087	0.8628399541840928
0.6332355590882516	-0.7555553555052807	0.16777613499386304
0.6186801298199351	0.6244009248678883	0.47682112158556267
0.17154254594702445	0.450525769301862	0.8761276654260943
0.8125531788366289	0.438163322227056	-0.3844089419061921
-0.5570731428569342	0.7778428081880776	-0.2909124941586101
0.2601658750186595	0.36826424868282825	0.892577817681936
0.5238186784839217	0.7227260329592544	-0.45086702402630485
-0.8111274311396041	0.5848491467250772	-0.004875041314304385
0.2816797751127388	0.2477653058065834	0.9269675601287282
0.7690868302266036	-0.6359599587289033	-0.06372109906088541
0.5737263736873461	0.7308674873956987	-0.36969009183837453
0.9490258067537334	0.23437876267495067	0.2107524939885284
0.2983575429083281	-0.8836151381330604	-0.3608421597482723
0.10165035516480359	0.4053281180340832	-0.9085022410681316
0.7542396904693979	-0.036312315578418186	0.6555943143880676
0.5608425321271521	-0.4835810266358138	-0.6720156581769929
0.34143541626174534	0.8745460573435719	-0.34437051283026965
0.6075807356918062	0.0416580236934411	0.7931647109385038
0.334752810818164	-0.9190268279283682	-0.20815918235153696
0.7202681481681263	0.39198762558259237	-0.572328136757734
-0.7375689704592969	-0.2081074146245485	0.6424043257901513
0.5248029096347858	0.4220015967611769	0.7392540553624847
-0.4249399014619306	0.8823865118582124	-0.20203990654378456
-0.7611551546901003	-0.4004214582061779	0.5102014173801627
0.45250123170652046	-0.8914259490155956	-0.024544097574081353
0.46463476601818204	0.21218490339720736	0.8597046591577522
0.0351427284346677	-0.9276218455612004	0.3718638195304833
0.9830164104237296	-0.03497832555752001	-0.18015341678369057
0.1801214187036433	0.37187931964391996	0.910638263058039
-0.6339300792812219	-0.5576831434645607	0.5358378169539635
0.625528996941289	0.03771114386953456	0.7792889987762408
-0.45480339551077237	0.8291968289396294	0.32494074891945235
0.9903334961269972	-9.338726607241443e-05	0.1387067328131456
0.13720352591142235	-0.14616550438387232	-0.9796993609295055
0.02036563100796257	0.9892601460723192	-0.14473978190746584
-0.4732199384239455	0.8511869263486432	0.22703239040098955
0.8804666158699969	0.448501186387665	0.15370499063886195
0.029007382103068455	0.2726307066748105	-0.9616813763204115
0.10851731202973436	0.06030750556200282	0.992263572727897
0.9821644765257813	0.14767120341128648	-0.11638795785604467
-0.15354782330166478	0.9871961408230643	-0.043207007572491296
0.3447214368030336	0.2860352295611785	0.8940643033128747
0.8533946938124068	0.3012328211459294	-0.42541307459608335
-0.39100463882322456	0.9096387386838516	-0.14025953623326748
0.37324689453635973	0.26031313072566675	0.8904627053901615
0.4405057112456613	0.7950000474855003	-0.4170487295964421
-0.8164811535356573	0.5479160505678349	0.18206187808332686
-0.42900492189654726	-0.21994585142663542	0.8761156313117294
0.8956059413050479	-0.22990804408000853	0.3808310506857394
0.1176638214900263	0.9480327598282233	0.2956164937970238
-0.7711053390623033	-0.6217965091289224	0.1369877998388736
0.6264378721412898	-0.7793870340120264	-0.011464883820988543
0.11389533974971222	0.07697371271428763	0.9905063852062116
-0.5853522808125884	-0.7552306389097948	0.2949396368740626
0.7766604521242021	-0.626720919479133	-0.06339898416741545
0.23272569573154325	0.19195721174035962	0.9534102891238042
0.03387695089281806	-0.7407750295595612	0.6708984332812509
0.8600152815429081	-0.320368309069315	-0.3971622616220486
0.5091424827205822	0.5904375514185216	0.6262247441326656
0.9899390609243008	-0.06134704981251902	0.1275037063603001
0.13788907361748381	0.21614439237345673	-0.9665755040463322
0.03173734445768031	0.9744322147408764	0.22242886467804723
-0.7652133628070721	0.031162810631057004	0.6430220747494332
0.10809252651106338	0.9908671073198447	0.08061253837994699
-0.6346373098817527	0.13119167224018546	-0.7615932182214311
0.7412116212507455	0.41911472394869725	0.5243550139859909
0.5543945603454803	-0.822638832745872	-0.12614286471239897
0.37848646472784603	0.38419812470640224	-0.8421043860412438
0.08807071931505228	0.8849309291200114	0.45731914358150666
0.9260909361475949	0.09635117429977125	-0.36479039076752917
-0.3668775359498055	0.4556464659117291	-0.8110407953472816
-0.4117073105472002	0.8484177437936926	0.33269268470769164
0.9075288093626213	0.4149469232599563	0.0648884508518972
-0.0829972928405169	0.3286432456222341	-0.9408002266624034
-0.9622055482373535	0.17836054225778086	0.2057862966933494
0.26008644553239957	0.37789781965639213	0.8885652923388729
0.08071879453742486	0.908504680705859	-0.41000453819923655
0.5956732003270564	-0.7318300669514496	0.3310561757737794
0.801331512481405	0.5131469436415261	-0.307486619766819
0.05514748875865927	0.4484472849033623	0.8921063765865684
-0.6441196820275765	-0.17189759243321578	0.7453596802486417
0.36196399778526045	0.7899252194887564	0.4949749609050462
-0.6738634131127801	0.5886164840805124	-0.4465856414358731
-0.7946331266298485	0.4346345322438877	0.4238525892850107
0.47220441224858045	0.0037068945486991023	0.8814812828334914
0.38155102819340403	0.9005992906470345	-0.20818196504648157
-0.973647456144866	-0.14674340263614388	0.17457664484517166
0.18902788553813954	-0.09100946096954043	0.977745230877151
-0.12758953574494525	0.9849790108407386	0.11634972527509102
-0.5733816765607078	0.5207073858924807	0.6325324270434286
0.6942252406961218	0.7187749219577979	0.03760221728798996
-0.4350686936161266	0.46068039880331413	-0.7736205801254097
0.9329472130007261	-0.34867733361113984	0.08963043445171819
0.3599985387373986	0.9012882457457614	-0.2409990667771675
0.0032480549742162496	0.25710623311455105	0.9663776875696845
0.9977023213360533	-0.016951817357393803	0.06559507518809865
0.06709314969300771	0.38171980957624585	-0.9218397345750216
-0.009412080796636402	0.9241226232840294	0.3819800909337049
-0.8524711903628073	0.4083420165091944	0.3264194650363606
0.5111104719549044	0.5198535393471727	0.6844840269036616
0.10981327360321202	0.7503393200288937	-0.6518680462786346
-0.34242319951543543	0.45740642729161274	0.8206861231347433
0.7968764796751557	-0.3213463410824362	0.5115900753664616
0.4977290714576994	0.8291657791691921	-0.2544599812949042
0.4388537744466702	0.3052018834316109	0.8451385537316992
0.3218695531836826	0.8247424407671569	-0.46497300688402254
-0.8389322710369697	0.47607952775479667	0.2637061392260751
0.1554545210444408	0.41147266667039556	0.8980668886391463
0.9611385988316419	-0.2729581168714761	-0.04130932424919681
0.22813698894039813	0.8695884722195497	-0.437914835624551
0.03672603138307007	-0.6000149612012786	0.7991453215488894
0.9982175325762397	0.05967082316301131	-0.0010726231642848028
-0.04704206921738974	0.7977602642383718	0.6011369266033069
-0.9960020329807602	0.014817559496578037	0.08809307707622575
0.08801439526648659	-0.005882152561493825	0.9961018354099735
0.01527797512981166	0.9998729120302283	0.004554477371134236
-0.5660575465470379	-0.1349038474855336	0.8132526089295674
0.3362110816368933	0.8629641921919979	0.37716695451611704
-0.7526891540215644	0.48692274020424664	-0.4431312249100592
-0.8314161390035419	0.00382285788952047	0.5556371023986786
0.5471913830701667	-0.16818744566267618	0.8199357129770739
0.0965856826770986	0.9857476192611478	0.13774192180588285
-0.9300592167568424	-0.013119683937369592	0.3671753357988965
0.2683310232962126	0.6584015856466632	0.7032110735439019
-0.25097473032649387	0.7525524738590281	-0.6088320448417615
-0.5781727374851413	0.1680692886959503	0.7984165578356798
0.5278011764253879	-0.6691930683080729	0.5230741395752648
0.6222075246996893	0.7238324056890962	0.2982020199150588
0.30145361622945177	-0.10480144607881603	0.9477037375477504
0.7212829867716222	-0.6249965354054385	-0.29854678649251354
0.6235996875047278	0.7735605907949212	-0.11281596568313446
-0.24715427953277724	0.22053640608259678	0.9435456828902382
0.8109510364154506	0.5800456229179247	0.07684719819527203
-0.5303519384760846	0.7841624633492277	-0.3222049851084412
0.9482189386415695	0.11926267010706731	0.2943760518798842
0.2317027755201762	0.3741903274272155	-0.8979395428847982
-0.21724333871882534	0.9196510285857599	0.32718086344322095
0.9999717280781905	-0.0020966749305522353	0.0072212878735852274
0.0021415511990444066	0.9999784101531307	-0.0062123253358868456
-0.007208106740293649	0.006227614459215014	0.9999546289784191
0.895309580971449	0.2725780833275683	0.35230944169891
0.40528845865293583	-0.8266502318560525	-0.3903724624702197
0.18482970406148466	0.4922911563920327	-0.8505806239473952
0.8646307696714949	-0.5023855715315609	0.00472965687816399
0.5023968004180316	0.8646358587224122	-0.0015121974346606322
-0.003329724763833143	0.003683656914490607	0.9999876717263736
