-0.1411852680219745	-0.710810787941365	0.6890680255531662
0.8603045029830649	0.25630511300230874	0.4406629678063896
-0.48983964951872216	0.6550234444621426	0.5753272155602634
0.7737054525867572	0.2177480266331271	0.5949501403772423
0.25752107409479447	0.749911153145256	-0.6093571684861151
-0.5788460667868313	0.6246751630133306	0.5241356424435225
0.9498399617628799	-0.09530020460888741	0.29786224675140516
0.19213659240602696	0.929316539500024	-0.315363757065235
-0.24675408182417377	0.3567753360494591	0.9010126429134635
-0.6094631354295208	0.3961263845420032	0.6867594731942898
0.7318450569241316	-0.052024679725082956	0.6794823363084701
0.30488932288312753	0.916720960908598	-0.25819601201932696
0.5964642010557658	-0.5345658533630099	0.5987234798111596
0.6839778434879901	0.728859021213571	-0.030640444075009432
-0.42000567433836605	0.4277895225620564	0.8003695133559887
0.22854598873916288	0.8182655206088508	0.5274545182420609
0.9488264829542473	-0.06593524946700713	-0.3088378994268626
-0.21793355931547537	0.5710464785465801	-0.7914612328242225
0.9474684992812163	0.11487299470250582	0.29850902491864106
0.19745148451891292	-0.9442828369580911	-0.26333027757486754
0.2516274113269007	0.3084381930216447	-0.917360085764835
-0.9944004843771328	-0.07770642565139706	0.071619746460087
0.10208129567498948	-0.5310309542889033	0.8411810356043055
-0.02733286929392183	0.8437818657683396	0.5359898107769038
-0.985969437931882	0.06492164332251049	0.15378376927554366
0.07550335210834688	0.9950900013824123	0.06399322596301685
-0.1488741457899655	0.07470655511436378	-0.9860301310498847
-0.8902168576463372	0.21984504141581074	0.3989763202586855
0.4546874390622151	0.3753582807497955	0.807691459550986
0.027807896744003135	0.9004300743741503	-0.4341110480524961
0.8934839457366579	-0.036562572025238105	0.44760430855584066
0.44624254787550366	0.184437953920344	-0.8756998513299266
-0.05053738394922874	0.982163845537279	0.18110812610976867
0.19325221920220026	-0.37418757643207845	0.9069935156423734
0.6842615470389289	0.713907876699915	0.1487335833956498
-0.7031640740377145	0.5918776911066226	0.39400645141035084
-0.44349473329092715	0.8026522096086631	0.3988255908959964
0.8638994288632801	0.2642980589673293	0.42874737647687244
0.23872619955276891	0.5346924035709065	-0.8106255826277993
-0.8398154985604795	-0.48682186845216874	0.24023820839814938
0.521660536853865	-0.8461740335551313	0.10890265940911198
0.1502671376813662	0.21678093397201476	0.9645858251079944
-0.012892600397786724	0.5139237471844402	0.8577389829865996
0.5960860296338517	0.6926721757690202	-0.4060624363207737
-0.8028170564520496	0.5060510241026246	-0.31527311156257976
0.7339381785127994	-0.6664927364550601	0.13085175724444803
0.6788770181889439	0.7137415644860222	-0.1723339006113821
0.021464955071056863	0.21531467989361802	0.9763087853369478
-0.21584941589673656	0.9196765013963714	0.32803073398138755
0.9622230959770234	0.25743994085169697	-0.08860807199497596
-0.1659389744015244	0.2965127478433346	-0.9405022313322631
0.11467738943838901	0.8694165688069808	0.4805870641574655
0.92227229655321	-0.27294523514740576	0.2737055162410771
0.3691380600291217	0.41184430127685745	-0.8331394626013777
0.9187828676772917	0.009842450008103448	0.39464055574729057
0.055871829670536846	-0.9928680440854545	-0.10531564785534296
0.3907894327025219	0.11881150285962243	-0.912780064460371
0.8152486361128304	-0.12981170110090706	0.5643745064878983
0.5675079275980548	-0.015025066623199024	-0.8232308300144798
0.11534475900330701	0.9914248179414601	0.06142000439768647
0.21015814920518472	-0.6636189318183452	0.7179439153965507
0.9762917369790121	0.1035075736924349	-0.1901068817660429
0.051845893078954264	0.740875222639132	0.6696386397530105
-0.5045201897532863	-0.34870016547253146	0.7898528804345379
0.8444584373918498	-0.00871963342582438	0.5355501055089376
-0.17985918283207747	0.9371937700349635	0.2988620279637897
-0.2952642402470327	-0.17504204375052457	0.9392440105483675
0.8650371569953584	-0.4663431931508699	0.18502633115110456
0.4056226638746043	0.8671126277027051	0.2891123405006777
0.16125106281312207	0.6403843231076207	0.7509367572969332
0.7483882961437793	-0.5753643648022346	0.3299557635664705
0.6433607486757718	0.5087865627487779	-0.5720342477768572
-0.21895439582169884	-0.4287719029057832	0.8764779676802541
0.9107973087741532	-0.4120368274017805	0.025959876625959166
0.3500103353904203	0.8039778032652574	0.48074156984460636
0.9474881580599158	-0.011694129644772316	0.3195769667358386
0.1870334778192041	0.8308545678344528	-0.5241175109490982
-0.2593928844650163	0.5563667265756248	0.7894120578306635
-0.08173847487777608	0.026733939111203253	0.9962951963269993
0.8452646683242957	0.5315009084548216	0.055085613315256576
-0.5280591465047015	0.8466357426965259	-0.06604132782908279
0.9226550073037072	0.10288907466589972	0.37164711193791206
0.10873485877232769	0.8552299351572372	-0.506713418510611
-0.36997901019538654	0.5079326690865067	0.7778945530658377
-0.9610228372310545	-0.2601237854148764	0.09365213602374207
0.26604627679669707	-0.9622521635357035	0.05735984983830557
0.07519630923781688	0.08003992773793007	0.9939512689486932
0.20731235701840378	-0.15755091340767596	0.9655046847695151
0.243785012096306	-0.9474902732466493	-0.20695663792252209
0.9474125049336629	0.2782802396638988	-0.15801789046789994
-0.33612935112515907	-0.24213620823775428	0.9101577423570171
0.8395874384224522	-0.514913582232394	0.17308072127140084
0.4267434739458875	0.8223345179991207	0.3763720871049676
0.6383150708909562	0.18930503132135998	0.7461350249049379
0.49112900955716543	-0.8465284346984399	-0.20538233911027193
0.5927446045683344	0.4975471981263968	-0.6333250503427925
-0.327480663954389	0.08877967241117024	0.9406777261647891
0.8125745536637091	0.534504573623742	0.2324380681246634
-0.4821607713970689	0.8404897563574865	-0.24718001534087763
0.7637568379133031	-0.26551529057568346	0.5883681866069773
0.5014142884116193	-0.3299991909288893	-0.7998026290047738
0.40652085299199836	0.905870942495005	-0.11890597809138614
-0.9906387571207449	0.06620613623406539	0.11938006707663522
0.09583065398045283	-0.28552447669191383	0.9535681721657279
0.09721799549437475	0.9560818588043416	0.27650703538479937
0.744426779868404	0.2483385286844526	0.6198037952332982
0.6105105088724985	-0.6290485274453546	-0.4812222653567422
0.2703806353476555	0.7366314718294849	-0.6198938511868994
-0.49575985080620155	-0.3950676043025706	0.7733975422505817
0.859328838179472	-0.09435671471356555	0.5026437687483866
-0.12560301828272952	0.9137934112364184	0.38627125621663594
0.38442425786065704	-0.4583257629497509	0.8013460457160888
0.8741908302407141	-0.09821893686163508	-0.4755454055763983
0.2966620674965608	0.8833405546324129	0.36290643732285477
0.7201875082038303	0.5888703345910985	0.3668265013132577
0.6718849744510121	-0.7237763568794093	-0.157220756674594
0.17291770913969579	0.35969363945020894	-0.9169078206695271
0.6196376472669478	0.740211652782405	0.26102853325761527
0.778164630771083	-0.535925408535975	-0.3274809367008281
-0.1025133820844163	0.40604268934520693	-0.9080860867356826
0.4714817509398139	0.8105045056276468	0.34754482428603495
0.8415381336250061	-0.2956761750474579	-0.45209420386048504
-0.26366366489463133	0.5056263896065832	-0.8214763696831104
0.6467920440999166	-0.02746136116867981	0.7621718476379293
0.6970712314231139	-0.3841823824715851	-0.6053887968245865
0.30943779667538207	0.9228487257623647	-0.22934358361956608
-0.16180400663355687	-0.3514669407743757	0.9221119525198822
0.5654899149873276	0.7327629686344144	0.3785229026699777
-0.8087277783561988	0.5826915318938332	0.08018702622161
0.8898599696889465	0.3189667142692948	0.3262046436417439
0.44950254111312826	-0.4905824853357943	-0.7465094042372107
-0.078081367034828	0.8109186520669043	-0.5799260641253912
-0.2290677036012394	0.6267553975641464	0.7447856462037005
0.7948348585554132	0.5621274767958616	-0.22858313029686678
-0.5619301867599312	0.539620581015334	-0.6269322880125272
0.11170076237569215	-0.07109081343460377	0.9911957606496791
0.8809781269689924	-0.45440896907299333	-0.13187125777903919
0.459783078730498	0.8879519047061198	0.011871623388513441
0.06383251616035157	-0.6832528390620465	0.7273863951121796
0.9686898564809836	0.2176553031483437	0.11944090991889705
-0.23992784713636287	0.6969876088748321	0.6757535802668412
0.14766605639680952	-0.5137160332674013	0.8451571291494976
0.9831541306760176	-0.01682307867104349	-0.18200258063750663
0.10771578864260556	0.857795325930396	0.5025778424175378
-0.39995402631974963	0.3461944466422398	0.8486378390955084
0.5247905231904963	0.8456138470960538	-0.0976326193895087
-0.7514197785526181	0.4063085363532065	-0.5198862276368252
-0.1159813809100807	0.963453545301818	0.24146549510757936
0.9931208244288989	0.11642876214427078	0.01246480770878182
-0.016104265517397673	0.2412500971832146	-0.9703293478202308
0.46652329372854084	-0.18227040870223435	0.8655249935849306
0.23117537521128825	0.9696508942647559	0.0795932732552139
-0.8537645824843015	0.16295594914908598	0.4945011590808729
-0.8117610194699258	0.36944904074110047	0.4522736489832541
0.3775629790994402	-0.25880905370802654	0.8890804634746575
0.4455224394827973	0.8924826496992738	0.07060082083843378
-0.7004278472868113	0.14186532512567518	0.6994819942444193
0.32863847208320185	-0.8058640224894278	0.4925240419755946
0.633559456887814	0.5748542482961617	0.517827198787272
0.06016098220256649	-0.3245091391240418	0.9439674119615548
0.6727443986610425	-0.6854522091021158	-0.27851434991256985
0.737424999773275	0.6518044857639463	0.17707422750751378
-0.9003089906717456	-0.41997496335838164	0.11430114377270191
0.4351840581569741	-0.8639588565007599	0.2533573164523302
-0.007652244223052759	0.27784190545348775	0.9605963349567423
0.48736542836966146	0.5415082671137237	0.6850136756865138
0.8676311658427869	-0.21186738089255552	-0.4498092628792954
-0.09844338113018447	0.8135606981419523	-0.5730862859556458
-0.5907665291408541	0.18936204602969525	0.784306651489273
0.4336043375238476	-0.7452552655697042	0.506539107691731
0.6804279436702859	0.6393251165597026	0.3581636620436931
-0.34309371928584365	-0.89000082048497	0.3003085735084611
0.9368563198393923	-0.3472924512970246	0.04108758022923703
0.06772692052350322	0.29544287571065886	0.9529567521289827
0.6457306975082441	-0.35708085537424283	0.6749260174424421
0.5475890953773642	-0.39945725522253794	-0.7352415139761059
0.5321447631230778	0.8443501429947624	-0.062408229468621235
0.7614768103363502	0.519594272036387	0.3875240118843673
0.5832757280743112	-0.8100553135773001	-0.05999844985133963
0.28274103409190615	0.2717207783960559	-0.9199050637041197
-0.6925907238202331	0.34781879141415817	0.6319336813443006
0.624956817234475	-0.14813155188134863	0.7664763661910121
0.36020420023969835	0.9257856834475342	-0.11477718611841659
-0.8963331084595549	0.0981853299763379	0.43237321801502604
0.192006234177433	-0.7930350511609952	0.5781254307389342
0.3996505532540051	0.6012113177639914	0.6919713770642919
0.565495268197963	-0.14862991163538503	0.8112485753534311
0.38099263768375197	-0.8253095869645279	-0.416783751716904
0.7314777588392496	0.5447689739987935	-0.4100817641541876
-0.4431935918046559	-0.403144076768399	0.8006586623211187
0.46710931283533325	-0.8661846427540496	-0.17757548963621655
0.7651067442166424	0.2952947985041296	0.5721998356611218
0.807946925173203	0.13222633287193952	0.5742281454251487
0.17068533431149657	0.8802043640473668	-0.4428394677114306
-0.563993158428486	0.45580310925575046	0.6885893136250745
-0.6239693712238887	-0.028515458813426264	0.7809283529128168
0.5284193356027131	-0.7516196265018911	0.3947669474745136
0.5757041163094567	0.6589801253951578	0.48405574554851605
-0.5910606384184174	0.380864556599823	0.7110481778602864
0.5136372398021447	0.8573995027796197	-0.03229362973861827
-0.6219518531211619	0.3461333300323462	-0.7024013170829564
0.5673046851204453	0.04046418636853194	0.822513248441583
0.48749136003616683	-0.821488362280892	-0.29581927680113473
0.6637149750687269	0.5687877638087785	-0.4857601379394243
0.9280050365067027	0.33848294607067725	0.1556789884265321
0.35567539182378766	-0.9292737807490676	-0.09972590467541204
0.11091288414421681	0.1479173270163074	-0.9827608032981183
0.6858106453901602	0.3018377626949428	0.6622369090294224
0.7277417392451274	-0.2750836086897124	-0.6282682302891995
-0.007464558259468956	0.9128104804621586	-0.4083152056052217
0.20851993302628402	-0.16361206983567728	0.9642357222872422
0.7953382026715028	0.602130865436246	-0.06982524085358272
-0.5691718377625317	0.7814534608619268	0.2556832172922965
-0.3130526924123489	-0.2565744611575569	0.9144219800809079
0.28025974438469403	0.8949851590385361	0.3470677754822422
-0.9074428287505527	0.3649261719615017	-0.20827002080645052
-0.16725332465245213	-0.04178891785662304	0.9850279243438097
0.07372305042709346	-0.9968342605328924	-0.02977194759444095
0.983153720039967	0.06763980612194506	0.16980465070003226
0.5550391198668718	-0.2912797976570131	0.7791582989959729
0.831305628475826	0.16116567763007494	-0.5319366281978057
0.029368818189028145	0.9429643173688644	0.33159579111811954
0.175555187657779	0.38745574120463755	0.9050184664933678
0.8803000185303222	0.3497805753428994	-0.32050807554304245
-0.44074057387760024	0.8529546281721878	-0.27967150161875365
-0.4649329117363199	-0.197660506905351	0.8629992535305618
0.6330902770495593	-0.7556265565255382	0.16800359573136966
0.6188974783352242	0.6244668374567836	0.47645260018917257
0.17191378074105468	0.4508720199683004	0.8758767456674605
0.8124280539474426	0.43795838657202213	-0.3849066234691251
-0.5571411931911767	0.7777575928532848	-0.29100999571934993
0.26010501114323414	0.36794655203109816	0.892726563974997
0.5239816150639232	0.7227911062424257	-0.4505732835087462
-0.8110417068518613	0.5849686757299716	-0.004795639847039901
0.28172492792386583	0.24762327952422836	0.9269917887575695
0.7691192989692273	-0.6359048574605002	-0.06387891836298654
0.5736606740394333	0.7309635583911188	-0.369602093290631
0.9490794412178701	0.23438457940482002	0.21050435433691386
0.29821730833467813	-0.8838180629750427	-0.36046091129089475
0.10156107161306879	0.40488208221193045	-0.908711091731875
0.7541555685659765	-0.03623430031194008	0.6556953971790809
0.5609271884667142	-0.4836649712903809	-0.67188457698142
0.3414821629891608	0.8745028707943608	-0.3444338272189087
0.6076635287567382	0.04111414844828737	0.7931296631801643
0.3348181393474513	-0.9188364043515196	-0.20889345514467725
0.7201679313763001	0.39249113217465537	-0.5721091345027081
-0.7376905609633311	-0.20796768255348427	0.6423099557681938
0.5249411560841029	0.42158442209761127	0.739393912399682
-0.4245579099659921	0.8826188407562781	-0.20182805312283092
-0.7612292151157929	-0.4004342773980066	0.5100808480416903
0.45229634170564686	-0.8915204311253278	-0.024886545879210076
0.46471292357097443	0.21176333575679626	0.8597663568058895
0.03517381410655851	-0.9274951540617735	0.372176761758609
0.9829826843398835	-0.035078239050927884	-0.1803179398535908
0.1802993208227765	0.3721857820188905	0.910477840792313
-0.6339746534161761	-0.5576761484256414	0.5357923593174704
0.6256300847310958	0.0374187534178021	0.7792219414082354
-0.45460217322973834	0.8292147793966288	0.3251764347627287
0.9904025778160054	0.00019323812747475133	0.13821250491340353
0.13676204376149376	-0.14587136668074874	-0.9798049233234492
0.019971911315414294	0.9893035464617101	-0.14449780523140343
-0.4733057811700374	0.8512299136528048	0.2266920192985617
0.8804183976215396	0.4486234475130313	0.15362437134466403
0.029070305133273397	0.2722951274704729	-0.9617745478620745
0.10842314016527221	0.06002230268769326	0.9922911598199233
0.9821960247726446	0.14757271681910833	-0.11624655767566527
-0.15341248840142124	0.9872282494087647	-0.04295336973730457
0.3448137626185397	0.28660351844644566	0.8938466827834419
0.8533334049586567	0.3010026257539493	-0.4256988598421342
-0.39105698956866947	0.9095360589351836	-0.14077850832475725
0.3739577517713655	0.2599400478135782	0.8902734250963468
0.44052367440600887	0.7949391907188305	-0.4171457483267924
-0.8161461218298686	0.5481814066547365	0.1827639275680515
-0.42932589795341203	-0.21941384252567375	0.8760917983034742
0.8954187388670303	-0.2300599211181007	0.3811793734987639
0.1179175789790195	0.9481191899773214	0.2952379483814278
-0.7712188984539938	-0.6216336835676132	0.1370874688714037
0.6263115068742738	-0.779492424885526	-0.011200709930988428
0.11382138210496226	0.07722126002754937	0.9904956183524861
-0.585594488197853	-0.755101114833599	0.2947904370385006
0.7764127870652867	-0.6269958125681727	-0.06371369635714232
0.2329426527577291	0.191568675411802	0.9534354530471162
0.03403234995225635	-0.740550740395356	0.6711381378349897
0.8598223128894897	-0.32061816297679213	-0.3973783887263572
0.5094579368447367	0.5905832663302251	0.625830660895283
0.9899749271608631	-0.061650239997655114	0.12707828886586164
0.13755144843479358	0.21645322466839645	-0.9665544995312697
0.03208181145655846	0.9743445229685875	0.22276334513285978
-0.7650369160615036	0.03109338352182963	0.6432353523899854
0.1084939078920116	0.9907797976336071	0.0811447136382169
-0.6347815285698095	0.13186581855155996	-0.7613565635655237
0.7408804929601485	0.41892222274688445	0.524976443700036
0.5547771601800733	-0.8222847245557323	-0.1267680334502266
0.3785741640599115	0.38516490371153256	-0.8416231931542917
0.0879210532619582	0.8847890136361022	0.45762243142372483
0.9259135051344584	0.09683286477988207	-0.3651131020767987
-0.36736095247444256	0.45581991800202726	-0.8107244494584434
-0.4113012781088219	0.8485009026287078	0.3329826975449598
0.9076784523077688	0.4146835770014333	0.06447757890515024
-0.08337317219719667	0.32876093016592567	-0.9407258713111979
-0.9622772481026414	0.17822545337545406	0.2055679584787498
0.25987513029764775	0.3784230101081515	0.8884035918846042
0.08054448731469947	0.9083125635979058	-0.41046421570389335
0.5954380190517234	-0.7320921308904293	0.3308997995709119
0.8014761009905516	0.5127913117981714	-0.30770299004932294
0.05558439537084553	0.4484263400299105	0.8920897895159638
-0.6441991260586659	-0.17223827816482476	0.7452123600156318
0.36203285108898653	0.7895925534149637	0.49545515874195667
-0.6737504736307284	0.5889631356260374	-0.44629891794168053
-0.7945300339316717	0.4352016772706069	0.4234637236899838
0.4719713569000259	0.00383143320915591	0.8816055571430523
0.3820537441859257	0.9003248414991192	-0.20844691490425293
-0.9736154984116256	-0.14656233949385625	0.17490666623879508
0.18934264904369622	-0.09104685954072167	0.9776808429241558
-0.12736648894351021	0.9850025126921554	0.11639513514036126
-0.5734597316525591	0.5207366940853033	0.6324375317816646
0.6941498521791172	0.7188515663817447	0.03752876537033603
-0.4350861051478023	0.460527654917293	-0.7737017255788525
0.9328419962884005	-0.349019306715158	0.08939425876834806
0.36026936229619055	0.9012648705327071	-0.24068157331702608
0.003434610802999387	0.25672389192230105	0.9664786840716657
0.9977195494238058	-0.016395783926333413	0.06547426186677331
0.06676743744787811	0.3818823169300414	-0.9217960757742393
-0.009889893538431161	0.9240655140657422	0.3821061576580703
-0.8525201438524759	0.40825777928903295	0.3263969821792794
0.5110582156520271	0.520021433865042	0.6843955059287807
0.1096763627237868	0.7502688144731413	-0.6519722398145087
-0.34226827985613273	0.45677375557733074	0.8211030147430374
0.7969331247342211	-0.3218069029329431	0.5112121985301774
0.4977449339829329	0.8293359111002538	-0.25387384121613943
0.4389575560659852	0.30488733944572094	0.8451981863552993
0.3224401513723138	0.8245590201386199	-0.4649029695442247
-0.8386588178488179	0.4765985024669598	0.26363849242983173
0.15554530835664382	0.411338065913984	0.898112828423233
0.961029922701877	-0.27334990649097946	-0.041247015564730594
0.22853259006071946	0.8695290818319512	-0.43782648518405476
0.037000836632445466	-0.5998800612645896	0.7992339145617454
0.9982014919234168	0.059935612762931356	-0.0012263134170189538
-0.047166933442443604	0.7978418605337302	0.6010188399457308
-0.995995718997885	0.015026701068892971	0.08812903036384578
0.08804672549113374	-0.006054838479237823	0.9960979435082069
0.015501673076621807	0.9998687599810168	0.004707541380494673
-0.5664888192676121	-0.13473851618767302	0.812979673731349
0.33615499156904777	0.8629477223116342	0.37725462250365616
-0.7523896857932064	0.48699770103431383	-0.4435572115288995
-0.8312637223512203	0.0037853267512258926	0.5558653570822525
0.5474100235841561	-0.16830612830214342	0.8197654013530555
0.09665862601127342	0.9857275072134941	0.13783465290079933
-0.9301672587865704	-0.013199157855572241	0.36689869570956674
0.26810970719432414	0.6582921641596553	0.7033979041155661
-0.2508107963977056	0.7526468021840663	-0.6087829954691966
-0.5782185650457152	0.16803763723948456	0.7983900321944442
0.5279238081914572	-0.6690361752074472	0.5231510766579953
0.6220608843040234	0.723984771065498	0.29813806782116037
0.3013899346048524	-0.10492012974653675	0.9477108597525157
0.7215128523455964	-0.6246988018156201	-0.2986144854327226
0.6233645091108444	0.7737849658555651	-0.11257670894504535
-0.24699712359508563	0.22080253050019494	0.9435245961078411
0.8110914116690827	0.5798785789197345	0.07662607667552845
-0.5302104703345727	0.7842111171328419	-0.32231937719108905
0.9482497506080066	0.11943049443444315	0.2942087141316477
0.2314589380587846	0.3743122998442019	-0.8979515923356024
-0.21736874307165893	0.9195796100308492	0.3272982895631421
0.9999658463941343	-0.0023509323593402633	0.007923330253395557
0.0024054120301795195	0.9999734851488549	-0.006873353782401597
-0.007906961377649072	0.006892177906496141	0.9999449874095462
0.8951429768980272	0.27209001104364905	0.353109157061106
0.4053773406958673	-0.8263641789918479	-0.3908854759766286
0.18544072519402155	0.4930408396567122	-0.8500132162914404
0.8644721763941762	-0.5026538403631032	0.005193554518851468
0.5026676342472046	0.8644780257426263	-0.0017298810506903997
-0.0036201824035425236	0.0041060658001183204	0.999985017139262
