-0.1420734490235276	-0.7104478784718724	0.6892597094400446
0.8598597849678138	0.2563719645188435	0.44149129776684615
-0.4903634216350809	0.6553908969337037	0.5744619107815341
0.7746656200518227	0.21770376764688731	0.593715627773158
0.2572729977714357	0.7491596167065613	-0.6103855120444595
-0.5776709978243878	0.6255916705395208	0.5243388980651233
0.9498971097357405	-0.09309700383651082	0.29837632076348053
0.19063168802061525	0.9290676960286088	-0.317005955336021
-0.24769949624110568	0.35800302243522636	0.9002659581974347
-0.6094252508322358	0.3930361013219002	0.6885662544053026
0.7322028812157606	-0.05411171282134841	0.6789336221420168
0.3041049233199057	0.9179294883558438	-0.2548051216505929
0.5955916650770795	-0.5346812018024348	0.5994885994994533
0.684596753972951	0.7282795403166535	-0.030597313703373014
-0.42023547320569066	0.4286314542765939	0.799798239223069
0.2284688199196745	0.8178141867718147	0.5281874234012641
0.9487771429577536	-0.06542342172057936	-0.3090982188419935
-0.2182290799261941	0.5717514598189724	-0.7908706195512889
0.9474664665217016	0.11520637633547172	0.2983869730208255
0.19787728560943374	-0.9440567130385666	-0.2638209665789666
0.2513003674026836	0.30900552328148967	-0.917258803132905
-0.9945581925940861	-0.07690584598381284	0.07028152244721711
0.10054033573407067	-0.5316862699811244	0.840952645042537
-0.02730645408076584	0.8434424705734666	0.5365250752746438
-0.9860014640824577	0.06463976891209172	0.15369714734581874
0.07508953529135984	0.9951732609991474	0.06318023648302076
-0.14887133544433112	0.07383685304313953	-0.986096062569823
-0.8900501447420859	0.2199955331308695	0.399265206657249
0.45499986360386513	0.3748577980321517	0.8077479528757411
0.028033265329878876	0.9006017969429946	-0.43374017496422135
0.8930539394767449	-0.0366341933873853	0.44845579164497584
0.44701812279548647	0.18582339600176234	-0.8750111218669003
-0.05127825150554313	0.9818999956071024	0.18232646420447685
0.1937497997482961	-0.37340973939900945	0.9072079042972779
0.6837250609493444	0.7145549757726681	0.14809195666320613
-0.7035489010206116	0.5915879927115537	0.39375448029476956
-0.4440091512847315	0.8021551809073284	0.3992529765937179
0.8634802859242929	0.26406390036344596	0.42973486284562207
0.23928574841706313	0.5355532861148136	-0.8098919732508225
-0.8398308347304557	-0.4878572464897606	0.2380745179211235
0.5220924321326688	-0.8460097825490818	0.10810615218871925
0.14867300140153555	0.21508778412240173	0.9652116782217122
-0.011823110368256007	0.5131140472530401	0.8582390043413464
0.5950842560000963	0.6933676258664973	-0.40634475960822847
-0.8035763450488276	0.5059202604283229	-0.313543853019169
0.7341015479711026	-0.6665653458432332	0.12955908685739387
0.6786312533358931	0.7135654816756063	-0.17402277252364087
0.023548657332971026	0.2156732321869149	0.9761816007566745
-0.21509257121892023	0.9199629276862561	0.32772457565670216
0.9622613516883708	0.25692735415218326	-0.08967399698478863
-0.1666981609175781	0.29606848256998014	-0.9405079355196349
0.11382434657020135	0.8694553634780328	0.48071965743783407
0.9223013819757394	-0.27234815319449956	0.27420183124331354
0.36932936375748404	0.4121575601281956	-0.8328997338789734
0.9194973744257503	0.00905640502617747	0.39299180646949045
0.05516374298622212	-0.9928145652434233	-0.10618945569246924
0.38920629476397434	0.11931982470869912	-0.9133899712322138
0.814977747852089	-0.1306873370201535	0.5645636283436242
0.56773905348754	-0.015152153891132558	-0.82306912187102
0.11611906669883854	0.9913078392583408	0.061847636769325476
0.21011542117758975	-0.664505531793844	0.7171359062261106
0.9763305452467013	0.10413706745249729	-0.18956301749200277
0.0512852435076927	0.7399918036017527	0.6706578519637132
-0.5039962688534028	-0.35025124414904674	0.7895009987035442
0.8441175816533167	-0.006175086667436824	0.5361225388364174
-0.1829023491527786	0.9366354329602818	0.29876545382239306
-0.2940229635702929	-0.17453493498687428	0.939727648503794
0.8655424726380883	-0.46568461221995205	0.18432056315315848
0.40544632807917586	0.867568670717587	0.28798936896425964
0.16143021610839658	0.639830759191001	0.7513700053370932
0.7488175014712907	-0.5753295932367346	0.329041347912913
0.6428161749812226	0.5095217941748129	-0.5719920510316463
-0.21748678222310458	-0.42935584521115544	0.8765575039558183
0.9111911062359974	-0.4112462630577747	0.02464303222891201
0.3499003679258704	0.804070935492653	0.48066585402055595
0.9470561282356168	-0.010898814845275787	0.32088300953202753
0.1870612783162957	0.8310052266567054	-0.523868677651099
-0.26094591034548953	0.5561578275132033	0.7890473387381505
-0.08118334436852903	0.026441934693513025	0.9963483771687516
0.8452331078114379	0.5315844617517232	0.05476270157277663
-0.5281952840158259	0.8465924545575603	-0.06550540305689423
0.9225502050404026	0.10215402265616258	0.37210976181104854
0.10961272211127512	0.8552219920061049	-0.506537654612632
-0.3699813107864604	0.5080943810398556	0.7777878435823349
-0.9608727482562895	-0.2595570788836379	0.0967144480406037
0.2658424797256924	-0.9622196224758948	0.05883174394526941
0.07779034407752994	0.08224062818181704	0.9935719105553255
0.20738148008679802	-0.15656589986166158	0.9656500612113672
0.24386808787246506	-0.9476721791737654	-0.20602377663142388
0.947375995808653	0.27821674971244154	-0.15834823252884167
-0.335667820728899	-0.2420874781215807	0.9103410169073153
0.8402205500316358	-0.5138519363579024	0.17316354929883393
0.4258597673315091	0.823012661165044	0.37589043367766817
0.6379189574860815	0.1888275998450375	0.7465946297801996
0.49123353652566126	-0.8464007859319678	-0.2056582654945799
0.5930843247569125	0.4979456266606924	-0.632693556642651
-0.3274524150788425	0.08927494691499582	0.9406406857628251
0.8125079606421484	0.5347550745967639	0.23209442924410445
-0.482292162233817	0.8402779266685125	-0.24764344570671604
0.7635333319380901	-0.2665233969880615	0.5882024565381059
0.5007860810929515	-0.3307018907635031	-0.7999059697420738
0.4077133208555761	0.9053184734133	-0.1190307090356515
-0.9911872206740422	0.06862569852905849	0.11330669474425169
0.08932965576138709	-0.2853334862486161	0.9542562623461075
0.09781669680591519	0.9559682605226023	0.2766885951740149
0.7443071807449966	0.24855985847106493	0.6198587076489924
0.6101429753230647	-0.6304702648220986	-0.47982579634599765
0.27153705153321694	0.7353402218918784	-0.6209205969467031
-0.49638307537512016	-0.39475942003205566	0.7731551220661304
0.8589381203415136	-0.0942628672140664	0.5033287368000865
-0.12581394161747433	0.9139362735773968	0.38586440615083484
0.3839631562206557	-0.4575112425012596	0.802032267212502
0.8741061639022154	-0.09976702287595574	-0.47537874939317826
0.2975074938438121	0.8835892734361495	0.3616065361347216
0.7208759387368457	0.5879024199821673	0.3670267368045317
0.6711965507469474	-0.724177829659876	-0.15830875305716074
0.17272252665958798	0.3604680507454495	-0.9166404492362885
0.6188663905737652	0.7406398778241798	0.26164281376484183
0.778876487686758	-0.5354547058327035	-0.3265573072683452
-0.10176348828012616	0.4058827778782893	-0.9082419077948691
0.471148292973837	0.8106643802899368	0.3476241484088411
0.8417978471021518	-0.29555061817460837	-0.45169261307972336
-0.2634305803091614	0.5054434633326849	-0.8216636992907977
0.6463955413843746	-0.027443274569750764	0.7625088004471101
0.697373098055984	-0.3842352167125549	-0.6050074878426346
0.3095861207906459	0.9228272671083932	-0.22922972951834653
-0.16210066605119944	-0.3511490755456934	0.9221809479755926
0.565709763029325	0.7326471973018859	0.3784184830303569
-0.8085145874250276	0.583028653694736	0.0798858616517405
0.8901781221052701	0.3187089302201935	0.3255879738611894
0.4488413191521797	-0.4906942644436232	-0.7468337225004388
-0.07825842540497376	0.8109523763082708	-0.5798550355158629
-0.22959851183205293	0.6269057495541708	0.744495604110884
0.7952633492144368	0.5618259167457542	-0.2278329314849578
-0.5611066999784832	0.5397599655853667	-0.6275495604257408
0.1124585352894849	-0.07005864102999337	0.9911835675885543
0.8808021448577784	-0.45469138224947825	-0.13207319380554056
0.4599354948843162	0.8878893702061588	0.010573874428511654
0.06279444304077308	-0.6841956043985112	0.7265901408944075
0.9688015165905414	0.21667829145242568	0.12030851784111046
-0.23975086939376516	0.6963669240673438	0.6764559318166411
0.14735320948966169	-0.5134014807972421	0.8454028336646945
0.983349438420175	-0.01586366974534692	-0.18103100823046142
0.10635277905077367	0.8580019018029097	0.5025154951747932
-0.39845862475525906	0.34554855938552315	0.8496039768414086
0.5255900085269889	0.8451619990305652	-0.09724370586962747
-0.7516554179241622	0.40779576812572305	-0.5183789581030505
-0.11614361812831309	0.9630127193919636	0.24314021110741726
0.9931274546639223	0.11615697156800209	0.014332367177448194
-0.014440178697763734	0.24313383196389038	-0.969885261767458
0.466922550178659	-0.18086347856052754	0.8656048372425164
0.23160902554713175	0.9697025604638024	0.07768013591037035
-0.8534287266197252	0.16421128570512786	0.4946656064730023
-0.812642914335401	0.3690265071073433	0.4510331815206283
0.3771799605790438	-0.25692439180082793	0.8897893763331667
0.44423729145362967	0.8932017095538548	0.06959838311350508
-0.7011070118603928	0.14143925226304382	0.6988876131678556
0.3280231038495619	-0.8062884449598731	0.49223956247450235
0.633127002473509	0.5743638928792973	0.5188991398098945
0.06027254781600533	-0.3242226907074356	0.9440587200011437
0.672630832082183	-0.6856079909737691	-0.27840518394121605
0.7375194802255718	0.6517831921301306	0.17675883781146484
-0.900264920959432	-0.4197669846505119	0.11540689185366987
0.43528670336548714	-0.8637011652366211	0.2540586212709765
-0.006968354405032816	0.2789551500982192	0.9602788481845083
0.4870353802163544	0.5416943197187589	0.6851013081303685
0.8678633482992906	-0.2121187205705679	-0.44924253701341466
-0.09802931753437472	0.8133713250219338	-0.5734259677899216
-0.5915342569747408	0.18863701849236347	0.7839026075219121
0.43409030964369866	-0.7447998240328175	0.5067926846296441
0.6794503851634636	0.6400697597723203	0.35868910873655624
-0.3428504757361801	-0.8904819176680931	0.2991579943669067
0.937050768116882	-0.34665123496266914	0.04205685759085781
0.0662526169976425	0.29474544204281017	0.9532763057665663
0.6456786545077833	-0.35729840071461716	0.6748606729983571
0.5471435717538379	-0.40001656524168205	-0.7352691068042367
0.5326659243855114	0.8439932466430191	-0.06278863447714467
0.7614334573518013	0.518934857405853	0.38849157493367786
0.5829292758900491	-0.8102924543484105	-0.06016309280890135
0.2835710657588069	0.2722733042279326	-0.9194861056422867
-0.6927611806521554	0.34872668445112237	0.631246105836035
0.624927100254276	-0.14657397698433972	0.7667999665093735
0.3599278621463106	0.9256920485899841	-0.11638799434677471
-0.8962313133089925	0.09862955062351803	0.4324831150325303
0.19179680615699457	-0.7929606812950378	0.5782969333033723
0.3999792722034658	0.6012367001971117	0.6917593599971554
0.5658833460097241	-0.1484279894972667	0.8110149016156475
0.38075173472354246	-0.8254442474825385	-0.4167372203235502
0.7313030529225569	0.544619983320283	-0.41059093822728565
-0.4429581507521747	-0.4037989769017995	0.8004589077118661
0.46705946188799113	-0.8660380682173527	-0.17841951535428002
0.7652735038815298	0.29482952811992225	0.5722167540412201
0.8072457750050233	0.13254687332653725	0.5751396222726255
0.1709203948338064	0.8802037936614853	-0.44274992970500315
-0.564925196257341	0.45571110146153826	0.687885829653669
-0.6244784260756946	-0.0285498330319634	0.7805200845589245
0.5277142080784973	-0.7521492447896376	0.39470144179425337
0.5757989318834379	0.6583740734538572	0.4847671290894908
-0.5912376798424162	0.380088797046274	0.7113160424835595
0.5139164423343415	0.8572826797669432	-0.030924056493646546
-0.6215528104939839	0.3472735425158748	-0.7021917049036572
0.5678207293138031	0.04110842603957879	0.8221251222715975
0.48826340843564897	-0.8208982417690174	-0.29618393042725777
0.6627054121888121	0.569592989747139	-0.4861947785472116
0.9278797725301292	0.33900656314261113	0.15528579418501387
0.3561907529745676	-0.9290282000691368	-0.10017360416651842
0.11030537260191013	0.14826042500456615	-0.9827774779433129
0.6864463655509645	0.30144471332254164	0.661757109543798
0.7271353210902519	-0.27440427407834345	-0.6292666518976777
-0.008100126224182214	0.9131447744894714	-0.4075549150454747
0.2098307845989793	-0.16413959401257505	0.9638616267452313
0.7949923500752416	0.6025130513282522	-0.07046407808921862
-0.5691732646184475	0.7810481525850413	0.25691550787578543
-0.3122783361725474	-0.2581883991009882	0.9142324602238616
0.27974368098796226	0.8946971737699662	0.34822469785375676
-0.9078687755973387	0.3644937829616629	-0.20716797165026613
-0.16747451587238826	-0.03932918305340022	0.985091621065605
0.07402907731360191	-0.9968846835041911	-0.027214398888189113
0.983093068964178	0.06836770549828958	0.16986428288340416
0.5554290338415339	-0.2928801832313427	0.778280018140152
0.8309885860311382	0.16067929942019699	-0.5325787572029177
0.030928275927213478	0.9425515163683149	0.33262603737524876
0.17662582743652588	0.3856904321062363	0.9055640273686159
0.8808667648635532	0.34857058935878826	-0.3202690849783734
-0.4391777084975741	0.8542490473016471	-0.2781753144027128
-0.46473675191733355	-0.19619144102823224	0.8634400210116464
0.6325960829297564	-0.7558770492061213	0.16873672494562436
0.6195497940272883	0.6246269326171521	0.47539378179571545
0.17294287695450639	0.4519177487820558	0.8751349093976637
0.8120439280954268	0.43740128646272136	-0.3863479952634741
-0.5573826514649047	0.7774641232471855	-0.29133162703255766
0.2598684877092171	0.36706979779838755	0.8931562755979354
0.5244676737466242	0.7229684067323485	-0.44972251673859287
-0.8108033228166551	0.5853003044686892	-0.004639536434886349
0.28184181555315857	0.24727269032956806	0.9270498409594151
0.7692184879823136	-0.6357438921326855	-0.06428546773717625
0.5734702335360594	0.7312222098877754	-0.3693859377601365
0.9492330585624997	0.23446637692077255	0.2097191422491716
0.29784463924348337	-0.8843948708488112	-0.3593525890963269
0.10121843412146471	0.40357307951591687	-0.9093314016814982
0.7538697697535318	-0.035944371105818995	0.6560399168019917
0.5612462220401331	-0.483894422246818	-0.6714528027822178
0.34158900523499663	0.8743878946464352	-0.3446197341974775
0.6078712999281817	0.03952016703820657	0.7930514731849976
0.33504000810669077	-0.918263183081242	-0.2110471974828721
0.7198893496166554	0.39399350628503776	-0.5714266718606431
-0.7380687262509629	-0.20758353962294876	0.6419997113767951
0.5253014934905331	0.42036948467822965	0.7398296001701844
-0.4234535349561933	0.8832884978470891	-0.20121762672324817
-0.7614525198968192	-0.40041127284741523	0.5097655073850105
0.4516311016475915	-0.8918287759621628	-0.0258994669909184
0.4649939870228079	0.21050474327801644	0.8599234530410769
0.035249858982001725	-0.9271061490820158	0.3731375561050695
0.9828660107933629	-0.035431455840394976	-0.1808839870308346
0.18091946348828802	0.3731203562811134	0.9099721685083368
-0.6340441108386221	-0.5577074739160965	0.5356775513767467
0.6259721347111422	0.03656452258189502	0.7789877548803534
-0.4540340869098226	0.8292318187494281	0.3259258177829415
0.9905988007394553	0.0009914421867579792	0.13679558843743195
0.1354923330381034	-0.14500132565931367	-0.9801104240058531
0.01886381884573287	0.989430964039145	-0.14377247211870348
-0.4734933782294546	0.8513820477580175	0.22572689146006297
0.8803109793757845	0.44891203104565947	0.15339676650082232
0.02926773587596858	0.2713422140726087	-0.9620378383924764
0.1081158186880109	0.05914965453005072	0.9923770896783122
0.982299378016743	0.1472402195316267	-0.11579399682279873
-0.15296699545111386	0.9873305607147254	-0.04218367197630979
0.34514245165241186	0.2882611966600201	0.8931865261900762
0.8531486823483885	0.3002770564345948	-0.4265806080756412
-0.3911700574872405	0.9092519848090015	-0.14229130066986007
0.3760204041055297	0.25881615010186954	0.88973190127294
0.4405963129759547	0.79476686681725	-0.4173973124032858
-0.815158600941135	0.548962501320389	0.1848151169567931
-0.4302468370692143	-0.21789068121664928	0.8760201540095307
0.8948767875102426	-0.23052433332277644	0.3821702067422813
0.11867263529257949	0.9483576238872308	0.29416767811518707
-0.7715448591773777	-0.6211686319207314	0.13736106069293463
0.6259582171418835	-0.7797876147340745	-0.010372381592361146
0.11355545195857268	0.07797952696105509	0.9904667347798282
-0.5863229581695877	-0.7546941893452007	0.29438422052116486
0.7756515016587385	-0.6278377057222799	-0.06468820022173453
0.23364532243939196	0.1904113857992048	0.953495342128224
0.0344340208082442	-0.7399042853723918	0.671830296055892
0.8592473486248657	-0.32139154411164883	-0.3979968206589952
0.5104001294005673	0.5909730314160706	0.6246939923248696
0.990076828526873	-0.06252189770246264	0.12585263573660968
0.13657973802531428	0.2173457086266518	-0.9664920165746405
0.03307338469382117	0.9740902705854635	0.2237281743000491
-0.7645451721898404	0.03084361742807768	0.643831772239579
0.10963917235226042	0.990521468928691	0.08274340745497241
-0.6351770867774735	0.1338502553426725	-0.760680075706984
0.7399360710988601	0.4182885714467507	0.5268104798538271
0.5558644904368266	-0.8212549646845455	-0.12866604545253735
0.3788261856817583	0.38803988709670545	-0.840187935561912
0.08742180998590221	0.8843684421474498	0.45853013605703336
0.9253999895875686	0.09829848423898768	-0.36602222236859505
-0.36877131993976503	0.45632210830729014	-0.8098011157437814
-0.41012507840048307	0.8487364951081262	0.3338319666217886
0.9081083654745699	0.413926936966856	0.06327469801066829
-0.08447849798677888	0.32910614203446587	-0.9405065287668593
-0.9625047730506997	0.17782228318653842	0.20485067111666141
0.2591920815246292	0.3800900467289079	0.8878913341465532
0.08002516310230187	0.9076953189148563	-0.411928611886218
0.5947753054484919	-0.7328170635679404	0.33048674311130005
0.8018786325091066	0.5117534268939481	-0.30838140149435983
0.05685942977183517	0.4484278998969196	0.8920086456083596
-0.6444468288499239	-0.17320919284169728	0.7447730260290075
0.3622257046016483	0.7886328129134941	0.49684084506206727
-0.6734098482433386	0.5899634411650246	-0.4454910934885301
-0.7948001784893663	0.4358511317127815	0.4222871857610169
0.4709035156393023	0.003998434815173035	0.8821756579488998
0.3828087711009473	0.9000098907810495	-0.20842178692369528
-0.9735216242461879	-0.1460770269155723	0.17583273111844636
0.19022714363769025	-0.09114156860995393	0.9775003060330789
-0.12676466758726676	0.9850658438291444	0.11651610349074282
-0.5737069408907025	0.5207632630117603	0.6321914028766733
0.6938891263204977	0.7191134702550761	0.03733225511374941
-0.43517608659944584	0.460088514087285	-0.7739123547643789
0.9325492434840867	-0.34999235995703715	0.08864116678474586
0.3610203815777887	0.9012141563478387	-0.23974429812548412
0.004023998345578858	0.25557463170267297	0.9667809550603269
0.9977653594672781	-0.014790640323348238	0.06515768877084858
0.06585575501627389	0.38237880678030056	-0.9216558292858078
-0.011283039411875643	0.9238872686015859	0.3824983763854837
-0.8526369679006296	0.40795867944561603	0.3264657973420959
0.5109721049579327	0.520482994492854	0.6841088805143604
0.10916825969154582	0.7501114372603187	-0.6522385474404122
-0.341838625713931	0.4548953703132486	0.8223238753907027
0.7970433682412637	-0.32323553664314764	0.5101378803751379
0.4978636591604504	0.8298126233786695	-0.2520769465238304
0.43919486776068206	0.30393771459440444	0.8454168993933155
0.32418197762392253	0.824014918751561	-0.46465628055445557
-0.8378627056484371	0.4781435760542943	0.26337199388221166
0.15588052501510175	0.41088591239735833	0.8982616706252173
0.9606942225368253	-0.2745447140269348	-0.04113162754174965
0.22971258717227694	0.8693664169918567	-0.4375318963245536
0.03777372639411458	-0.5994565997656659	0.7995154348677009
0.9981569419691453	0.060662273280917334	-0.0016756488878992282
-0.04749594501751481	0.7981051770272998	0.6006432065786773
-0.9960183621366907	0.015787417553527368	0.087739271330087
0.0876509780163682	-0.006201596469062043	0.9961319421913991
0.01627047446506056	0.9998561384760437	0.004793121368828479
-0.5677603446403814	-0.1342834065966732	0.8121675675417158
0.3359660497745454	0.8628989380797214	0.37753441705330226
-0.7515151392039435	0.48720980016178006	-0.44480513280940825
-0.8308319255905399	0.003635099478882464	0.55651154298118
0.5480361819979598	-0.16863016769914663	0.8192802998747477
0.0968228002105607	0.9856726903965312	0.1381111609025485
-0.9304903895109644	-0.013485819421420325	0.3660679823506374
0.267412617457892	0.6579720160506017	0.7039625828967231
-0.2503560006312069	0.7529216152886298	-0.6086303592321924
-0.5783554984574026	0.16801040208152573	0.7982965753380715
0.528252455373691	-0.6685667630293675	0.5234193603260203
0.6216544544968337	0.7244245910823554	0.2979173560560149
0.3011608707270693	-0.1052792160102583	0.9477438560176367
0.7222210931713127	-0.6237953036747306	-0.2987910836885608
0.622654657511969	0.7744647866685843	-0.11182786633499098
-0.2465506856169679	0.22157669040296235	0.9434598717973501
0.8115333683199712	0.5793406011365101	0.07601355127889314
-0.5297417781570986	0.7843903608184237	-0.3226537003198604
0.9483412256691492	0.11992806758817044	0.29371104558886274
0.23072840361566466	0.3746988647349122	-0.897978376427481
-0.21774600676316144	0.9193573947986361	0.3276715690562153
0.9999456122751362	-0.0030996978046670043	0.009958130608836522
0.0031885334870836975	0.9999551550395159	-0.008917463994842764
-0.009930042593294861	0.00894873082717956	0.9999106532439176
0.8946790752914383	0.27058322713478855	0.355435042488751
0.40557605453914614	-0.8255314586160525	-0.392435822549002
0.1872362577603931	0.49526006100691755	-0.8483277997043992
0.8639912372958821	-0.5034642752190893	0.006547171453985045
0.503487216485713	0.8639993270856714	-0.002405333859545164
-0.004445752062301755	0.005374604508639755	0.9999756741616149
