-0.14266162118351056	-0.7101950535925738	0.6893987581174872
0.8595903600660475	0.2563903237011167	0.4420049940826001
-0.4906649312135678	0.6556576757463286	0.5738997625998001
0.7752653499003124	0.21767490933533992	0.5929428902430636
0.25714004142836294	0.7486642007925868	-0.6110490271212425
-0.576925156617534	0.6261944971791502	0.5244404783808981
0.949939536762332	-0.09167823157827974	0.29868039498843146
0.18965862318835686	0.928899634569316	-0.318080297326458
-0.24828307059898988	0.35880436278238087	0.8997860557389554
-0.6094130606913595	0.3909669103556742	0.6897540115618958
0.73244255643173	-0.05546150825665919	0.6785660783075209
0.30355168091536167	0.9187322222001548	-0.25256183580387526
0.5950060960296495	-0.5347757632967558	0.5999855237236377
0.6850390895635035	0.7278634293819443	-0.030598593731768625
-0.4203441345582949	0.4292198867232594	0.7994254795687403
0.22841901932087405	0.8175057337208025	0.5286862273088854
0.9487558752239138	-0.06511089303732409	-0.3092294630787743
-0.2183736267056879	0.5722280550108447	-0.7904859342315396
0.9474579108607167	0.11539764058666455	0.29834022808611843
0.19813803430895602	-0.9439143283722531	-0.26413454914823464
0.2511271122512046	0.30936891447039283	-0.9171837592608045
-0.994663195395658	-0.07633048269150769	0.06941746997248209
0.09951527728657347	-0.5321503431867971	0.8407810189536572
-0.0272366905455748	0.843202033713306	0.5369064099355392
-0.9860284604282796	0.0644054421800821	0.153622310368724
0.07476705059641353	0.9952311853979736	0.06264803074684494
-0.14885483992987866	0.07325862835825137	-0.986141678462338
-0.8899164288583816	0.22016954985880632	0.39946729398402114
0.4552488670264798	0.37452310963126634	0.8077629042133795
0.028235061874418876	0.9006985120822047	-0.43352620637494454
0.8927773719516967	-0.03662914694137656	0.44900653639492705
0.4475102079005914	0.18671037447279715	-0.8745706660350537
-0.05179940111421491	0.9817319092596385	0.18308271460089776
0.19412470919454672	-0.3728827622071418	0.907344500688082
0.6833419683840507	0.7150142277613254	0.14764284047622045
-0.7038176976498558	0.5913654536305344	0.3936083697372408
-0.44439893405286424	0.8017867841012006	0.399559182416489
0.8631806122397206	0.2639358324919483	0.43041504037410605
0.23964310560944457	0.5361677248468403	-0.8093796098039685
-0.8398206260342727	-0.4885761684605763	0.23663187380356257
0.5224159978100971	-0.8458745630548379	0.10759994799658655
0.14759011253970647	0.2139849321545096	0.9656229116437465
-0.011159346185972474	0.512577983641131	0.8585681566882702
0.5944122089002004	0.69384658949621	-0.4065108069348985
-0.8040830771152233	0.5058069996855226	-0.31242548578188
0.7341710998666877	-0.6666490098147384	0.1287318679797927
0.6785071120940731	0.7134103585120635	-0.17513925660870563
0.024917763910491476	0.21592766863169208	0.9760913619948612
-0.2145429622839894	0.9201559208257578	0.32754297230090734
0.9622939395016107	0.25654883216385027	-0.09040503699371635
-0.16721749708951397	0.29579685272948153	-0.9405012124300813
0.11321594304772731	0.8694450760814135	0.48088190849479723
0.9223350878796946	-0.271928890789779	0.2745043970864509
0.3694321803873743	0.4124559831444139	-0.8327063864668054
0.9199720804934393	0.008479488242862168	0.3918921655145864
0.05464308517730754	-0.9927784774908619	-0.1067943250984427
0.3881565461960913	0.11966199442624009	-0.9137918268046918
0.8148134076519385	-0.1312673305133273	0.5646662719257639
0.5678691229193684	-0.015239274362813582	-0.8229777784069764
0.11663520028457616	0.9912298686262434	0.062125498772863
0.21006042942717051	-0.6650773945095996	0.7166217100403778
0.9763613422696589	0.10452363506888518	-0.18919127631414856
0.05092293501225875	0.739423335461026	0.6713121372844589
-0.5036168599726443	-0.35125796736311327	0.7892958245900124
0.8439083832636489	-0.0044812184198987914	0.536468600515265
-0.18490186318322388	0.9362679953119228	0.2986863604953619
-0.2932112481922333	-0.1742045398742576	0.9400425214961028
0.8658941339553028	-0.4652074666789201	0.18387322188937105
0.40528324998123105	0.8678910019313368	0.28724675115877507
0.16151963753624665	0.6394533990394269	0.7516719744323871
0.7491065671239594	-0.5752963886946172	0.3284408869898648
0.6424568139430981	0.5100327593516476	-0.5719404047680388
-0.21647310269739495	-0.4297277184897682	0.876626193864946
0.9114550266773934	-0.4107142508185395	0.023738966259674366
0.3498415786510736	0.8041441985963367	0.4805860773168322
0.9467826250404155	-0.01033719904407586	0.3217076362747752
0.18702622657647566	0.8311125376832893	-0.5237109319827187
-0.26196154583095727	0.5560081762182694	0.7888162374623695
-0.08084919788677247	0.026252774368252796	0.9963805493078608
0.845234525413415	0.5316011957726906	0.05457806979185159
-0.5282442657050088	0.8465878338902673	-0.06516928155780666
0.922491000672752	0.10164486398574452	0.3723958583323721
0.11021043681989592	0.8552044170876685	-0.5064376216373628
-0.369951366119592	0.5082260585793102	0.7777160536385931
-0.9607779076427729	-0.25914400131602155	0.09874309478387612
0.2656744145975465	-0.9622069042417929	0.059791126914254575
0.07951677567549335	0.08367950771453732	0.9933150670229592
0.20738370297889352	-0.15589211293822877	0.9657585872579216
0.24395219518201935	-0.9477908615621438	-0.20537723633636468
0.9473538548001142	0.27819081915646243	-0.15852615535746906
-0.33540760169649686	-0.24207359399850586	0.9104406163022664
0.840631682906706	-0.5131497361643635	0.1732504602241603
0.42525300048047077	0.8234547488253927	0.375609055028318
0.637673842472372	0.18853534235431021	0.7468778315828257
0.49133075230841516	-0.8462953372687025	-0.20585988913166284
0.5932673617034461	0.4982355133875914	-0.6322936111782536
-0.3274574138640016	0.0895729389325704	0.9406106158854906
0.8124497107565587	0.5349278919868748	0.23190001696003054
-0.4823868878784787	0.8401362026394652	-0.24793961244112572
0.7633736404517901	-0.26718102782666125	0.5881113699231378
0.5003833509975066	-0.3311823727232619	-0.7999592102363071
0.40850604292701365	0.9049489125729027	-0.11912295549235519
-0.9908465483575863	0.07269094884474046	0.1137503563243109
0.08883718129656933	-0.2833352469321697	0.9548974254155083
0.10164188520062407	0.9562620790358347	0.2742840924496457
0.7442097990923454	0.24875981945992806	0.6198954163060048
0.6099355560306698	-0.6313890573045362	-0.4788804399906591
0.272268970733884	0.734483771460169	-0.6216133822860945
-0.4967756394901055	-0.39458479717904704	0.7729921098202537
0.8586868415342188	-0.09418123058727845	0.503772571683943
-0.12597964988514737	0.9140200947682913	0.38561171426005647
0.3836888803169479	-0.45696923736944933	0.8024724040234097
0.8740404026697568	-0.10076555695661904	-0.4752890457733183
0.29805405151082254	0.883756424943664	0.3607469525148864
0.7213048169806915	0.587272072235822	0.36719323818977734
0.6707611725782301	-0.7244277283302791	-0.15900916887937333
0.1726233192877741	0.36099304646776065	-0.9164525137943573
0.6183859348638657	0.7408989516768382	0.2620449941645612
0.7793247777942073	-0.5351764210679646	-0.3259433831954463
-0.10125080877974256	0.40577696057938833	-0.9083464823427243
0.4709730668071861	0.810746945776899	0.34766903839091534
0.841944527678647	-0.29550256059045377	-0.45145060526758046
-0.26327510830728695	0.5053391203913613	-0.8217777015396992
0.6461567179169821	-0.027442818443339068	0.7627112085230159
0.6975434449296803	-0.3842924548273392	-0.6047747114408897
0.3097008852528315	0.9228034465034596	-0.22917059321594713
-0.16233732794142508	-0.35093797010338507	0.9222196772442854
0.5658714630129391	0.7325471303527571	0.37837043906671214
-0.8083539319533457	0.583281444031658	0.0796660388365682
0.8903836911074154	0.31857052723090756	0.3251610397783784
0.44840537054711344	-0.4907488635357684	-0.747059687443284
-0.07841878776441605	0.8109737185126118	-0.579803519830111
-0.22992588052137486	0.627003941124419	0.7443118615747814
0.7955141742646623	0.5616508272885476	-0.22738853698043401
-0.5606168816674028	0.5398281263703624	-0.6279285834941593
0.11290516139278828	-0.06940041902818067	0.9911790990378992
0.8806932695463883	-0.4548743606502357	-0.132169137845158
0.4600345525137881	0.8878473392772841	0.009762818839161413
0.062067125770222664	-0.6848099664268799	0.7260736751742478
0.9688763599995163	0.2160081272090052	0.12090942069890948
-0.23963779111966252	0.6959711192729725	0.6769031911619379
0.14710357176516042	-0.5131904825991858	0.8455744010692063
0.9834849489838395	-0.015243025172476443	-0.18034690267882525
0.10544142590171429	0.8581393702384282	0.5024728121506747
-0.3974732254762099	0.34508150261459863	0.8502551332293086
0.5261088839476142	0.8448723945996265	-0.09695400494507075
-0.7518141241430186	0.4087901581456479	-0.517364600008855
-0.11620687326058299	0.9627258222662666	0.2442436360455263
0.9931349725466999	0.11593972761678062	0.015521142509884428
-0.013374935949910016	0.24437056021928552	-0.9695896762994374
0.46715584138258315	-0.17988034685429383	0.8656838225805712
0.2318859222671612	0.9697406199078079	0.07636785420010478
-0.8532258428554769	0.1650642024074249	0.49473171534394456
-0.8124996381605265	0.367959686948906	0.452161483067141
0.37828158288757885	-0.2573765628050517	0.8891908394527718
0.4435621512675323	0.8935115968464652	0.06992599133225463
-0.701507079220578	0.1411280016619755	0.698548999677411
0.32768348538304537	-0.8065601358528174	0.49202060999546054
0.6328596615448276	0.5740589119593764	0.5195623296481215
0.06037085046468482	-0.323968555486998	0.9441396800631983
0.6725507368469013	-0.6857280874478093	-0.2783028861723492
0.7375844811144421	0.6517832194379027	0.1764873028812607
-0.9002213102512435	-0.41967279601188623	0.11608762577079898
0.43538306976798513	-0.863517211963913	0.2545183828360488
-0.006570778412117888	0.27966545894986283	0.960075026204422
0.4868381486862595	0.5418273368868946	0.685136303216952
0.8680041246394562	-0.21230144983002153	-0.4488840986367886
-0.097762245231105	0.8132350406875779	-0.5736648080588931
-0.5919912876835163	0.18815659762598513	0.7836730249770154
0.4344303918379818	-0.7445112141783057	0.5069253264636152
0.678834700022259	0.6405467560862036	0.3590032079426748
-0.3427113987169361	-0.8907785610518562	0.2984333298407967
0.9371692608249327	-0.34625102533800245	0.042708360039119986
0.06528915495187826	0.2943191849383361	0.9534744588204255
0.6456730228143477	-0.35743415218196767	0.6747941719248476
0.546834981936866	-0.400367107697408	-0.7353078821854959
0.5329895403663099	0.8437695218055519	-0.06304874251037762
0.7614023281487836	0.5184674360513466	0.38917606869379184
0.5826775944473586	-0.8104662641859621	-0.06025989997908768
0.2841712786659687	0.27264620366106884	-0.919190258874927
-0.6928406566648517	0.3493697702540888	0.6308031294348678
0.6249260411773014	-0.14554668789225467	0.7669964828485595
0.3597766911998095	0.9256116492764123	-0.11748960461724733
-0.89622073881179	0.09904963767238545	0.43240901540164384
0.1914328685144866	-0.7929669984761694	0.5784088486356435
0.4001772659409392	0.6011593038493744	0.6917121129627342
0.5661266950505337	-0.14834667845612243	0.810859931271854
0.3805480915486938	-0.8255445558253169	-0.4167245329541169
0.731220702093292	0.5444900819466005	-0.41090976563228243
-0.4428355777975508	-0.40425023364686874	0.8002989439160604
0.46702358208976524	-0.8659405925392387	-0.17898565295809782
0.7653663337309486	0.29449726448516356	0.5722636948138522
0.8067859128497878	0.13270618781990987	0.5757478254769544
0.17110750833041113	0.8802155955438967	-0.4426541832562542
-0.5655251642677741	0.4556419351591883	0.68743851761761
-0.6247903296461796	-0.02859607873185524	0.7802687410512994
0.5272828064755395	-0.7524854336672746	0.3946371930189202
0.575855785744918	0.6579877935035993	0.48522384280285313
-0.591319525121897	0.37958650621340406	0.7115162004552783
0.5141212983355832	0.8571915530255901	-0.030032183059363282
-0.6213054883125922	0.34804701653983217	-0.7020276094786966
0.5681879663817677	0.04154538199640967	0.821849387718774
0.488795978107344	-0.8204836445230752	-0.2964541800282412
0.6619976787308519	0.5701583730025407	-0.4864961490598456
0.9277864240674025	0.33936742307637424	0.15505516267033218
0.3565468769955703	-0.928862970161753	-0.10043857409875662
0.10993941886751804	0.14846997951366134	-0.9827868483869149
0.6868235999854222	0.3012200487322524	0.6614679317584521
0.7267739470072078	-0.2739266324270919	-0.6298919192994278
-0.00854239162231929	0.9133622951977446	-0.4070581595503011
0.21064842385308702	-0.16448801848330863	0.9636238546775631
0.7947768296532488	0.6027520488044342	-0.07085025552803398
-0.5691722345428851	0.7807904068554452	0.2577000349009819
-0.3117719439958391	-0.25927306943248823	0.914098315502283
0.27936859612946613	0.8945115252340257	0.34900188927876635
-0.908158269484844	0.3641793606048442	-0.20645084372736333
-0.16759614740431816	-0.03772563705205345	0.9851336496558459
0.07431267976839342	-0.9969080383228923	-0.025534070432329792
0.9830509432378723	0.06892850960393457	0.1698814397246209
0.5557012250161145	-0.29396525267228857	0.7776763971838847
0.8307654607177665	0.1603230548237562	-0.5330340208376725
0.032014024957619125	0.9422743487505625	0.3333078965351953
0.17726928736085323	0.3845184531043297	0.9059366197371806
0.881239949767272	0.3478146427548968	-0.3200642517049655
-0.43816863271205453	0.8550851030789492	-0.2771961684434183
-0.4646602031914089	-0.1951919324654674	0.8637077081226695
0.6322266558981894	-0.7560688953034376	0.16926098524595476
0.619984153944204	0.6247078797766483	0.4747206692393475
0.17356977646060323	0.4526172941121985	0.8746491398097683
0.8117790628545425	0.4370748470836241	-0.3872729414222317
-0.5575735698635803	0.7772407369132025	-0.2915622593413023
0.25968793389995437	0.36653011739067776	0.8934303834280256
0.5248204500843728	0.7230507994701936	-0.4491781790768006
-0.810632883714946	0.5855366892271483	-0.004594932959328668
0.2819061607925697	0.2470880798905199	0.9270794989013669
0.7692846886728015	-0.635640938763864	-0.06451096605216666
0.5733497922566855	0.7313741024560612	-0.36927217330284456
0.9493284179495384	0.23456832681933532	0.20917278725160213
0.2976346845598486	-0.8847551015039468	-0.358639101200218
0.1009413167161293	0.4027233671093823	-0.9097388307441294
0.7536584462157037	-0.035713974510924784	0.6562952525139614
0.5615010966670415	-0.48403113368084116	-0.6711411029503033
0.3416364513476877	0.8743216648649815	-0.34474071627570546
0.6079844768482631	0.03848927798919402	0.7930154168686852
0.33520548793097393	-0.9178806752875963	-0.2124437497187064
0.7197167198089132	0.3949856217806633	-0.5709590193823384
-0.738327829187208	-0.20735100549670551	0.6417768904901531
0.5255067236085399	0.41958526920414263	0.7401289653223314
-0.42274661452213014	0.8837158832941684	-0.20082713343491476
-0.7616035957433362	-0.4003531976538204	0.5095854001825233
0.4511533487059659	-0.8920510794763361	-0.026561768700466087
0.46521029535277325	0.2096716211924373	0.8600099955025643
0.03528667732698221	-0.9268399971585322	0.37379468973006263
0.9827773897775609	-0.03570639637293649	-0.18131093568801387
0.18139308847149	0.3737548299691003	0.9096174330615828
-0.6340481946626024	-0.5577620196349604	0.5356159223714548
0.626224795106995	0.036012729638571384	0.7788103679954326
-0.4536798351682564	0.8292192790551298	0.32645060025215833
0.9907222045371971	0.0014800018941098086	0.13589452907070854
0.13468155665526704	-0.14443212841767483	-0.9803061963374781
0.018176681046613	0.989513602673118	-0.1432914456309098
-0.47359031822331765	0.851501607351612	0.22507159563738344
0.8802535326297887	0.44907182799626233	0.15325864279991752
0.029426667801740983	0.27070187656851685	-0.9622133678370766
0.10790099520783925	0.05855538256070725	0.9924357119765124
0.9823732116193129	0.14699412673382495	-0.11547986750302847
-0.15264418864114887	0.9874026503301121	-0.04166242665947251
0.34539513280739476	0.2893356232061257	0.8927413395698023
0.853025419291535	0.29976916302366396	-0.42718389827168457
-0.39121584358952416	0.9090782947821462	-0.14327183142726296
0.37734869465882814	0.258063161248151	0.8893881983958914
0.44065780104524166	0.7946586366568571	-0.4175384456126615
-0.8145113044134199	0.5494734352025366	0.18614585407543516
-0.43083070463577355	-0.216924664805957	0.8759729412155752
0.8945294251838825	-0.23083970805680432	0.3827925504296574
0.11917219232369286	0.9485023558131378	0.29349832979710855
-0.7717527887101681	-0.6208734190923391	0.137527562992538
0.6257390086215213	-0.779970963459548	-0.009797410338417425
0.11335045746459743	0.07849518217427308	0.9904494839051582
-0.5868073145391179	-0.7544140945028924	0.2941369572474184
0.7751340887640729	-0.6284069233276925	-0.0653596446571886
0.23414593748190296	0.18964206476729886	0.9535258608089853
0.03465860986533276	-0.7394909360288933	0.6722737063825375
0.8588680908012565	-0.32192138798057646	-0.39838702609907356
0.5110228794932838	0.5912019752096322	0.6239678205986443
0.990141053051451	-0.06307619291370611	0.12506833711885965
0.13595818705369755	0.21791663260615712	-0.9664510916785519
0.033705584629784686	0.9739269660098265	0.2243439289208834
-0.764240118410183	0.030645193948505824	0.6442033168963417
0.11036144581185367	0.9903512485532387	0.08381381608874752
-0.6354190685608256	0.13514909018154567	-0.7602482033733415
0.7393450697112027	0.4178285035033751	0.5280039863049019
0.556547328847111	-0.8205899074739611	-0.12995104657147502
0.3789774909501652	0.3899378737850506	-0.8392404398866342
0.08705675527811418	0.8840915119894455	0.4591332266223637
0.9250699450021798	0.09928792207448267	-0.366589014270471
-0.3696846199317882	0.4566443988032129	-0.8092028020388597
-0.40935973235236256	0.8488832974607944	0.3343976028928597
0.908384802590407	0.4134408039133548	0.06248001346243601
-0.08521537391333522	0.3293385020788905	-0.940358703419734
-0.9626473432046181	0.17758199506022532	0.20438866810936865
0.25875655612087956	0.38112689928000776	0.8875738455529598
0.07971911493207653	0.907307512189576	-0.4128413024865727
0.5943639404452313	-0.7332572646492854	0.3302503446439766
0.8021244805157219	0.5110806942010939	-0.30885731620330953
0.057687295445364134	0.4484755376316257	0.8919315377820338
-0.6446169376558193	-0.17382346553772757	0.7444826435288383
0.3623430409016183	0.7880201180640009	0.4977266460986054
-0.6731838711655243	0.5906011313524997	-0.4449873922345955
-0.7947270384544272	0.43528914169544985	0.42300389770248426
0.4716419981247211	0.004204627497683688	0.8817801011094129
0.38205072955613606	0.9002808918496739	-0.2086421717102751
-0.9734620323539105	-0.14578811430698319	0.1764015229305232
0.1907697588514199	-0.09118696995523723	0.9773903189709593
-0.1264063711731533	0.9851044422989862	0.11657901650656666
-0.5738841156692212	0.5207386038980744	0.6320508905086997
0.6936894071944646	0.7193120417798081	0.037218179653980415
-0.43526087364791716	0.4598059296712561	-0.7740326084283553
0.9323698630265458	-0.3506033386484973	0.08811207322715439
0.36147860787379654	0.9011939588015936	-0.2391289707859208
0.004433347435327618	0.25480727530437364	0.9669816946987564
0.9977920550203037	-0.01376526142058888	0.06497332157418269
0.06528891149011438	0.38271567165419185	-0.921556331814131
-0.01218084458464666	0.9237636235792702	0.38276937544283907
-0.8526982979114606	0.4077663793983407	0.3265458506416311
0.5109422489497857	0.5207588366850575	0.6839212324914038
0.10882844746220215	0.7500245421629842	-0.6523952445996006
-0.341578159984512	0.45365921405232024	0.8231146202850649
0.7970732099091421	-0.3242208088080374	0.5094655681996567
0.4979946371867193	0.8301049238748637	-0.25085285864820195
0.4393004291090046	0.3033000941276175	0.8455910275581351
0.3253638047832025	0.8236567526746899	-0.4644652283114236
-0.8373491073152479	0.47916448812027285	0.26314989227205543
0.1561495100502448	0.4105557961037719	0.8983658880415412
0.9604643640092904	-0.27535148737380144	-0.041106737516679426
0.230489774131735	0.8692672182284535	-0.4373202114401624
0.03825413514818876	-0.5991658787343874	0.7997104919309949
0.9981298320595442	0.06109795944479679	-0.001969188784334608
-0.04768080847521883	0.7982902286212274	0.600382587514843
-0.9960409756953452	0.016693757225333755	0.08731376297907761
0.08721480005429212	-0.006568393693083152	0.996167874836256
0.017203295828264235	0.999839074388471	0.005086446564247171
-0.5685936873003061	-0.13400513374376063	0.8116303609972703
0.33582681200668707	0.8628672680055006	0.3777306317233868
-0.7509471160472404	0.4873424893594241	-0.4456183647082923
-0.830560383673121	0.003508518211442768	0.5569175337271378
0.5484349450209434	-0.16882427612821105	0.8189734274502805
0.0968945826794897	0.9856399211120384	0.1382945615619866
-0.9307041743506006	-0.013709633997627535	0.3655157804828927
0.26692701823889914	0.657764055099521	0.704341121015325
-0.2500794009518926	0.7530992588993068	-0.6085242800947694
-0.5784496604334188	0.16803942720021994	0.7982222380081152
0.5284377809137515	-0.6682596895177766	0.5236243873890465
0.6214092870624095	0.7247011372088679	0.2977562084671981
0.3009861870978393	-0.10551742746652237	0.9477728565838714
0.7227055193713948	-0.6231858039502787	-0.29889159577506974
0.622176861870021	0.7749229163314841	-0.11131229176456947
-0.24626433846546258	0.22207260635048676	0.9434180585026288
0.8118417252357066	0.578957776431773	0.07563667282138015
-0.5294023883271393	0.7845327594293809	-0.32286446167957483
0.9484036749775626	0.1202596027943573	0.2933736478022474
0.23023312769885976	0.3749683309573715	-0.8979930165034936
-0.21799811054010132	0.9192042094740355	0.32793359859300664
0.9999298529787375	-0.003591526964380997	0.011286720337835164
0.0037079344295071186	0.999939978640675	-0.010309720575891296
-0.01124901525409462	0.010350847798639725	0.9998831529762178
0.8943938052168813	0.2695481040230198	0.3569363259844293
0.4056625263464035	-0.8249922191061996	-0.3934790377294358
0.18840816306073632	0.4967209055715539	-0.8472134949705743
0.8636672643074634	-0.5040076584639647	0.00742541401766329
0.5040378514536555	0.8636768176829275	-0.0028633719761542
-0.004969996543740818	0.006215690368956614	0.9999683316623544
