-0.14295488355654573	-0.7100662796119366	0.6894706518956392
0.8594620969044735	0.256392994919999	0.44225279664522027
-0.49080424331081296	0.6557960892792944	0.5736224228829307
0.7755549726148256	0.21766025259976024	0.5925694042815792
0.2570819708658828	0.7484180548218085	-0.6113749058249398
-0.5765616573343484	0.6264937586719832	0.5244828172942564
0.94996177318848	-0.09098168639119328	0.29882262669017123
0.18917973996494944	0.9288152084009411	-0.3186115732830657
-0.24856318204310346	0.35920000192724216	0.8995508341100442
-0.6094102660417426	0.3899295624832185	0.6903434391261921
0.7325628337446928	-0.05612549505071529	0.6783816207867501
0.30326691586600485	0.9191326700248219	-0.251444452382954
0.5947114841358944	-0.5348280029800138	0.6002310037521323
0.6852680963739811	0.7276475265001985	-0.030605771843281476
-0.42038778137436633	0.4295207613219102	0.7992409079023575
0.2283948434747004	0.8173496200229894	0.528937987029143
0.9487480195639159	-0.06496195778587088	-0.3092848839083058
-0.2184330351565774	0.572467940315352	-0.7902958094684442
0.9474521850756014	0.11548493541702894	0.29832463305465234
0.1982615895869489	-0.9438456116466531	-0.2642873501887891
0.2510511881866417	0.3095459433865675	-0.9171448139977654
-0.9947158381084535	-0.07604554528522448	0.06897446236448207
0.09899502355800507	-0.5323850595830695	0.8406938406123132
-0.027210048271667987	0.8430796067839645	0.5370999812865842
-0.9860400012221799	0.06427885380292192	0.15360125306632574
0.07459662200395906	0.995261068372959	0.06237587487734791
-0.14886389748814624	0.07296324235461785	-0.9861622104348451
-0.8898430203499219	0.22027411330847504	0.39957316494065676
0.45538544565559247	0.37435752147629786	0.8077626767802413
0.02834598771582378	0.9007417838205842	-0.43342905285654987
0.8926417140032711	-0.03661338393450825	0.44927745385025364
0.44774980779841655	0.1871432114385705	-0.874355492936906
-0.05206611218233548	0.9816500794729877	0.18344547264212785
0.19432227733161478	-0.37261689128316855	0.9074114308642591
0.683143568586846	0.7152511068476999	0.1474134283285256
-0.7039557636890859	0.5912465699550462	0.3935400567735239
-0.4445941069954604	0.8016146232811314	0.3996874726167421
0.8630223527624461	0.2638667415587803	0.4307746061823095
0.23985099261266585	0.5364590743393216	-0.8091249365219917
-0.8398101031409413	-0.4889424632198609	0.23591154766754674
0.5225867280282812	-0.8458004514732542	0.10735319266950213
0.1470445590666224	0.21344053960795503	0.965826606436563
-0.010839488746514414	0.5123108826986498	0.858731660620618
0.5940748274417307	0.6940899926813598	-0.4065884669535864
-0.8043367484354994	0.5057436519899385	-0.31187457990045897
0.7341952890976471	-0.6667004581910119	0.12832683474128548
0.6784555979928879	0.7133223696624146	-0.17569632463802565
0.025598418289717664	0.21605947326394265	0.9760445814582305
-0.21425576757839515	0.9202530866127462	0.32745797079794386
0.9623122965306773	0.2563491297396515	-0.09077536905778816
-0.16747987940420594	0.29566768552115624	-0.9404951407281787
0.11290234537790522	0.8694456072760646	0.4809546718730612
0.9223434875125986	-0.27171928567764314	0.27468367413067846
0.36950717374804154	0.41259297834450287	-0.8326052382549296
0.9202093204899631	0.008190226531006563	0.39134093406232284
0.05438979773760744	-0.99275767223882	-0.10711654453455098
0.3876294059865204	0.11985459690946813	-0.9139903277465287
0.8147357474348864	-0.1315539094078105	0.564711635059203
0.5679280011859953	-0.015282589544141967	-0.8229363450022762
0.11689074950823525	0.9911912082824115	0.06226187680319428
0.2100259323780339	-0.6653592302702611	0.716370157406702
0.9763780070776571	0.1047079677206969	-0.1890032507415259
0.05074539411414736	0.7391436505781315	0.67163350778995
-0.503419208866168	-0.35175489130377163	0.7892006060492056
0.8438084971047064	-0.0036361582797044267	0.5366320886481369
-0.1858933036945078	0.936085078823948	0.2986442781047457
-0.2928085444699764	-0.17404128569301974	0.9401982701322602
0.8660737252946547	-0.46495949127616765	0.183654495796989
0.40519064480761746	0.8680566239287204	0.2868766965333003
0.1615696119206591	0.6392666142924358	0.7518200957375998
0.7492587233750346	-0.5752744475884921	0.3281321005299063
0.6422667872077934	0.5102915889987226	-0.5719229565657755
-0.21595775129675743	-0.4299103090798869	0.8766637758010103
0.9115870497265973	-0.4104474311220958	0.023279971134666955
0.34981609514944595	0.8041828352011182	0.48053997455184205
0.9466494731645877	-0.010047565262756075	0.32210840006044433
0.18699455991966465	0.8311677846561265	-0.5236345560696676
-0.26246487292142456	0.5559308951498536	0.7887033855006729
-0.0806906715928124	0.026159796746738573	0.9963958453105223
0.8452413620252306	0.5315990557105781	0.0544929710086971
-0.5282575654353033	0.8465920558343263	-0.06500642705590787
0.9224646653373186	0.1013889983137895	0.3725308205035325
0.11050709532563377	0.8551939163834589	-0.5063907061384647
-0.36992853781075075	0.5082948321610676	0.7776819661735457
-0.9607321061991911	-0.25892706199052395	0.0997526775932467
0.265580750624827	-0.96220326446949	0.06026394230226676
0.0803783864955021	0.08438989520797407	0.9931856123460342
0.20737461119190848	-0.15555137721944964	0.9658154791046463
0.2440030954210405	-0.9478488824984228	-0.20504873901451395
0.9473427363198366	0.2781838690356149	-0.15860477593824385
-0.3352890097556991	-0.24207084776389054	0.910485027114622
0.8408344037161989	-0.5128001992471194	0.1733016479417862
0.4249456264797494	0.8236732727938827	0.37547776794471754
0.6375546845595271	0.1883963190397971	0.7470146258062534
0.49138714602586725	-0.8462372371427596	-0.20596410171081342
0.5933487144308606	0.49838676291134004	-0.6320980443238224
-0.32746707514122764	0.089715291640041	0.9405936854691255
0.8124166814401325	0.5350163535362028	0.23181164156838047
-0.48243595473000567	0.8400646807804548	-0.24808643995386115
0.7632905179199218	-0.2675075406498161	0.5880708298742802
0.5001859752657405	-0.3314255382416489	-0.7999819390140586
0.40890289238521854	0.9047634101226243	-0.11917045062548892
-0.9908792556066923	0.07287676257731834	0.11334583487970154
0.08847499353081875	-0.28259192135000943	0.9551512872353949
0.10163895084094962	0.9564678684953087	0.2735667015701868
0.7441549648911316	0.24886661472925858	0.6199183787411674
0.6098410373063761	-0.6318403566140902	-0.4784053437942164
0.2726303311169941	0.7340593789517154	-0.6219562128703757
-0.49696640555133076	-0.3945043480193457	0.7729105453719864
0.8585633433312858	-0.09413503096814835	0.5039916481772595
-0.126068938447165	0.9140595797531237	0.3854889199709223
0.3835591303455014	-0.45669890375367017	0.8026882986806265
0.8740057279793962	-0.10125614428214536	-0.475248546241142
0.29832261226365026	0.8838400899231202	0.36031973919962035
0.7215114735086556	0.5869611689305909	0.36728433095219654
0.6705498410254627	-0.7245477077159395	-0.15935347484226262
0.17258071820483062	0.3612578101733043	-0.9163562027359737
0.6181540497860971	0.7410216527222881	0.26224507798960844
0.7795426632829825	-0.5350468399941029	-0.32563494151273015
-0.1009891422615418	0.4057237843768258	-0.9083993636810985
0.4708974653515118	0.8107818247959061	0.34769010585022747
0.842011419613624	-0.29548783340384066	-0.4513354734014974
-0.2631964026459544	0.505291770060551	-0.8218320270854038
0.6460430227235956	-0.02744574221146595	0.7628074095239383
0.697621390413631	-0.38432646266604387	-0.6046631837080523
0.3097625032625992	0.9227891965823329	-0.22914469281094108
-0.16246434728883563	-0.3508321843164331	0.9222375584998548
0.5659564986251713	0.7324915531878695	0.37835085062988694
-0.8082688769982111	0.5834148635029647	0.07955199255749656
0.8904841948835207	0.31851005831093837	0.3249449821391469
0.4481899230483263	-0.4907706517285475	-0.7471746517915822
-0.07850918125024156	0.810984284777886	-0.5797765072014536
-0.23008201086088143	0.6270526123636281	0.7442226075618524
0.7956302273625032	0.56157011049292	-0.2271817605092035
-0.5603880883685027	0.5398555661738789	-0.6281091928047033
0.11311366103802423	-0.06907924767136658	0.9911777626781852
0.8806407986952822	-0.45496479162027814	-0.1322074962294208
0.4600837786315775	0.8878260504891005	0.009371270619009997
0.06169474223075311	-0.6851148219250833	0.7258177729703525
0.9689138562764972	0.2156680391942175	0.12121565899473846
-0.23958234053554156	0.6957765285267123	0.6771228281891173
0.14696724197629674	-0.5130863860965629	0.845661273908324
0.9835541865993793	-0.014937388347638914	-0.17999454561787442
0.10498472178709578	0.8582069883377323	0.5024529563646386
-0.39698519989089065	0.34483991875352576	0.8505810846131318
0.5263639426271112	0.8447309075354399	-0.09680234375466032
-0.7518934438932375	0.40928611543566196	-0.5168569673922885
-0.11622053101151497	0.9625871594988797	0.24478306424113538
0.9931403132866747	0.11581462193718506	0.016102529937631657
-0.012849369488302245	0.2449753736876938	-0.9694441500108852
0.4672642954077336	-0.17937711551173618	0.8657297087820213
0.2320213079173653	0.9697604367776268	0.07570209992583846
-0.8531296448426988	0.16549485095179164	0.49475374015667106
-0.8129578766358247	0.3686618280109135	0.45076373787542273
0.3774029964857899	-0.2559439721519505	0.8899773375556416
0.44347093372544505	0.8936336719745587	0.0689375895571408
-0.7016996496272694	0.1409958581661611	0.6983822518456169
0.3274956946381261	-0.8067005164752181	0.49191548736760365
0.6327433695476059	0.5738941058231941	0.5198859332535727
0.060426000590569906	-0.3238253837368967	0.944185267466232
0.6725099056817256	-0.6857920019057282	-0.27824405992238244
0.7376171942224402	0.6517871208989829	0.1763361103620854
-0.9001960079068327	-0.419636705380913	0.1164138430155722
0.43543812009891414	-0.8634221242358697	0.25474669565029107
-0.006386776442395915	0.2800129834080398	0.959974967491134
0.48674450975812655	0.5418961660855817	0.6851483980876472
0.8680713469409393	-0.2123955199402705	-0.44870957169359105
-0.09763154633859134	0.8131646132801466	-0.5737868880241912
-0.5922063965656776	0.1879307532334719	0.7835646851765304
0.4345965415850144	-0.7443691156862566	0.5069915834161403
0.6785406619422599	0.6407781609898702	0.3591460963026044
-0.3426479201534365	-0.8909207799519414	0.29808147655355616
0.9372255637350693	-0.3460580852708859	0.043035384280027955
0.06481238690254813	0.29411556481844403	0.9535698134040957
0.6456767051993988	-0.35750040523664584	0.6747555502687492
0.5466782690003223	-0.40053659683192633	-0.7353321051070119
0.5331458173573715	0.8436610070721133	-0.06317944745253468
0.7613850822952428	0.5182272132918643	0.3895296033192021
0.5825490107786365	-0.8105549762716837	-0.06030987051920089
0.2844809422423555	0.27283912081107303	-0.9190372177751795
-0.6928734962679908	0.34969798322801415	0.6305851557843954
0.6249303869970044	-0.14503357659297866	0.7670901336012759
0.35970589316432544	0.9255682482599046	-0.11804697470052639
-0.8961866979109081	0.09862164254147154	0.43257736199431984
0.19178855929930017	-0.7930732778802487	0.5781452451021077
0.4000831801131378	0.601089467163333	0.691827219366121
0.5662466944791669	-0.14831889906131818	0.810781219055212
0.38043380211291217	-0.8255980104431269	-0.4167229863617612
0.731187255907357	0.5444165953877504	-0.4110666216868988
-0.44278226274901566	-0.40447970486806717	0.8002124943692787
0.4670056004751293	-0.8658915544506918	-0.1792695876489611
0.7654081505443521	0.294326322779336	0.5722957092268548
0.806557134880822	0.13277203910199906	0.5760530998141895
0.17120929473635008	0.8802246256389716	-0.4425968660243923
-0.565820612534327	0.45560530511774056	0.6872196449315529
-0.6249408721173666	-0.028624399541655937	0.7801471336280518
0.5270760795887038	-0.7526489424011196	0.3946015405797081
0.5758816828851113	0.6577995236037772	0.4854483227533657
-0.5913519684131605	0.37933914930123097	0.7116211486888925
0.5142280479433673	0.8571428393396232	-0.02959168256728309
-0.6211862556127866	0.3484364544306856	-0.7019399355084011
0.5683761704060131	0.04176605819312182	0.8217080535674477
0.4890674315359411	-0.8202708339007334	-0.29659535812725235
0.6616355313353661	0.5704483810431968	-0.4866488140741365
0.92773412910066	0.33956135583030556	0.15494344558103945
0.3567373409769342	-0.9287770482466109	-0.1005567710451083
0.10976272251792268	0.14856406118909235	-0.9827923811611772
0.6870001249022146	0.30111771400639825	0.6613311959191874
0.726604390589326	-0.2736813603140804	-0.6301940753394537
-0.008768578029291485	0.9134695590594115	-0.4068125818004511
0.21104347541248314	-0.16466228776834324	0.9635076452590898
0.7946729981112024	0.602867407922208	-0.07103319321353185
-0.569170868508547	0.7806646011265359	0.2580839068775368
-0.3115197644094807	-0.25981760489140526	0.9140296759792624
0.2791732024497203	0.8944204498776321	0.34939144505076475
-0.908304882413515	0.3640149324261131	-0.20609553501855205
-0.16764941062112815	-0.03690963714944302	0.9851554972713116
0.07442080279571035	-0.9969213373719565	-0.024685850274037285
0.9830336816353907	0.06917749473641448	0.16988011947359505
0.5558397037874211	-0.2945126942463387	0.7773702442345439
0.8306512735004163	0.16013728410305172	-0.5332677677042132
0.0325681673670527	0.9421349813948428	0.33364800509892245
0.17757318603182393	0.3839338242341195	0.906125036742431
0.8814250797495595	0.34744992478739656	-0.3199505876752147
-0.43767292855623374	0.855495978000012	-0.2767111115130967
-0.46463556231170444	-0.19468732471976838	0.8638348452272263
0.6320319773262416	-0.7561709367051368	0.16953198553534857
0.6202010753557009	0.6247418347413081	0.4743925231827505
0.17386781479120528	0.45296657252087824	0.8744090959947861
0.8116433736642417	0.4369251426760884	-0.3877260033637259
-0.5576782378456768	0.7771214215784865	-0.29168009729354694
0.25958930706380856	0.3662718605989992	0.8935649477186752
0.524997555516309	0.7230884538300242	-0.44891051963571205
-0.810549787712039	0.5856517839732517	-0.00458580079330817
0.2819347449465216	0.2470072465017989	0.9270923469469152
0.7693176416216139	-0.6355907306131319	-0.064612610599042
0.5732915191084706	0.7314450378082177	-0.36922214286799937
0.9493736754601707	0.23463219434931598	0.20889556653522184
0.2975410896844051	-0.8849284130996367	-0.35828899458171437
0.10079148918764558	0.4023051541601024	-0.9099404588452769
0.7535479318589484	-0.03558960390929877	0.656428895223756
0.561638762018804	-0.4840951404299121	-0.6709797284643771
0.34165394098281204	0.8742912987704518	-0.3448003908135693
0.6080360876712472	0.0379833145961721	0.7930002420565404
0.335293266257801	-0.9176890983624704	-0.21313175349734303
0.7196322266905636	0.39547943885740133	-0.570723638681119
-0.7384585107104926	-0.20724038726604718	0.6416622552753593
0.525601247067365	0.4191998968864369	0.7402802006886524
-0.4224007067234526	0.8839246960777936	-0.2006359255549921
-0.761679886574459	-0.4003129567099464	0.5095029804408019
0.45090569545463044	-0.8921664854148921	-0.02688895886819638
0.4653254819956625	0.20925701659103363	0.8600486595611462
0.03530127312403997	-0.9267050343008607	0.37412778501103405
0.9827303014740889	-0.03585428420808645	-0.18153684162883382
0.18164518898244575	0.37407519258214167	0.9094354158565441
-0.6340403354394515	-0.5577969355419805	0.5355888644621016
0.6263567234808174	0.03574167460119737	0.7787167570092972
-0.45350866362860426	0.8292075201037903	0.3267181975604049
0.9907820462464276	0.0017129426848822155	0.13545479933579355
0.13428490666030335	-0.144151110166145	-0.9804019692356303
0.017846587320140744	0.9895542043088021	-0.14305235424766116
-0.47364538661736044	0.851561746031579	0.2247279253491633
0.8802208783538037	0.44915745474220803	0.1531952550164636
0.02951699588624568	0.2703704376316867	-0.9623037843678577
0.10779303952851516	0.058254854173835746	0.992465129157891
0.9824110723351773	0.14686527150716433	-0.11532162407100482
-0.1524767050485129	0.9874396001732522	-0.041399159740709734
0.34552932761500266	0.2898656218598588	0.8925174536230209
0.8529639043550676	0.2995090901814128	-0.42748904403044197
-0.3912314680918228	0.9089951738939539	-0.1437557380149299
0.3780015884702048	0.2576855162241508	0.8892204304008624
0.4406917736866657	0.7946061325463321	-0.41760250804402693
-0.8141901250438393	0.54972654006156	0.18680249311249453
-0.43111471900866993	-0.2164540566027306	0.875949622086965
0.8943593532326897	-0.23099900375718052	0.38309373206618047
0.11942129767876364	0.9485710841278114	0.29317478066387015
-0.7718546513112567	-0.6207291290995466	0.13760721469638562
0.6256330666198754	-0.7800595671422879	-0.009504612648481146
0.11324161426343864	0.07875544423787734	0.9904412737774538
-0.5870488432181031	-0.7542724426132936	0.294018261321406
0.7748733295266992	-0.6286928776660554	-0.0657007515952578
0.23440345318380934	0.18925735886921297	0.9535390255513172
0.03476038247666913	-0.7392883953398798	0.6724911778795772
0.8586799536749267	-0.3221892683755003	-0.39857598083738754
0.5113320378842905	0.5913093470083534	0.6236127028642483
0.9901722925382881	-0.0633466624442704	0.12468372566875947
0.13565333889780287	0.21819555853662076	-0.9664309959230251
0.03401474291169414	0.9738469585063476	0.22464438268647535
-0.7640923527006862	0.030537212634209915	0.6443837018336696
0.11071206589855012	0.990266522462618	0.0843507732879099
-0.6355357700466635	0.13579283167504214	-0.7600359148467055
0.7390587991013968	0.41758722285321376	0.5285953109710126
0.5568776214025806	-0.8202629002853272	-0.13059896322906803
0.3790506644919718	0.3908832123860574	-0.8387674934229097
0.08686675081763551	0.8839539021917813	0.4594340718779025
0.9249078389758854	0.09978526958324019	-0.3668629026968491
-0.37013464712634586	0.45680236292528403	-0.8089078712823436
-0.40898171421056806	0.8489538591683558	0.33468089644397253
0.9085205023296882	0.41320198307981904	0.062085570187573075
-0.08558302570017307	0.32945631908048245	-0.9402840419415526
-0.9627226047652431	0.17745172191155434	0.20414718382738084
0.25852504859287	0.38164861068156153	0.8874171156873685
0.07956120615023526	0.9071136777468733	-0.41329745961046216
0.5941661854685072	-0.733466109558786	0.33014240893060454
0.802241454432477	0.5107487400753078	-0.3091025287854335
0.05809640983630124	0.4485121967574402	0.8918865491327626
-0.6447027865275743	-0.17412276158204848	0.7443383511163605
0.36239855769295043	0.7877207949651404	0.49815984840365923
-0.6730717661777609	0.5909121872821109	-0.44474395386089416
-0.7954763886341782	0.4342220104551318	0.42269204009755007
0.4707341377701744	0.0035240041334322347	0.8822680731686021
0.38161064799517314	0.900798993689031	-0.2072063857740225
-0.9734323546363801	-0.14565378935434475	0.17667604419895805
0.19103171747204994	-0.09120486519053617	0.977337482902019
-0.12623919306915304	0.9851226554152005	0.11660626021339038
-0.5739765884821038	0.5207152767561374	0.6319861362618845
0.6935822556855809	0.7194180921787537	0.037165350045221146
-0.4353096948984108	0.4596664107792319	-0.7740880184635279
0.9322841834607118	-0.35089895655593867	0.08784146832189957
0.36169691751793637	0.9011874075821433	-0.23882335788904552
0.00464124196922993	0.25442322752321467	0.9670818373693374
0.9978044769472667	-0.013264274042530225	0.06488670756107273
0.06501487626163778	0.3828854579778379	-0.9215051773776343
-0.012621079536848	0.9237005927805969	0.38290719926386674
-0.852725573666794	0.40766348476881636	0.32660309122967957
0.5109353722579234	0.5208898990012175	0.6838265558562044
0.10864686553368472	0.7499894641290947	-0.6524658322893693
-0.3414539892618089	0.45304525241950905	0.823504203072055
0.7970768288353436	-0.3247226148840565	0.5091402088979553
0.4980739926466644	0.8302440741390475	-0.25023404086176315
0.43933970105492215	0.3029798894046134	0.8456854105950626
0.32595952105859105	0.8234791302899506	-0.46436247975925077
-0.8370967791768318	0.47967208444235615	0.2630278952858416
0.15629583530573188	0.4103849214041883	0.8984185150308077
0.9603480701936118	-0.2757566512352234	-0.04110782620062364
0.23087484908817785	0.869219469169676	-0.43721198345298995
0.03848576163069328	-0.5990196268784327	0.7998089351627229
0.9981169708078177	0.061302845727009725	-0.002115110209084614
-0.047763571235111824	0.7983842732169727	0.6002509421422633
-0.9960626504106092	0.01700342187430507	0.08700620725877023
0.08690669222304626	-0.006507852904747757	0.9961951990937412
0.01750495083798831	0.9998342520113692	0.005004518061217045
-0.5690068385316729	-0.13387134158983383	0.8113628544647145
0.3357544322419147	0.8628516848775494	0.3778305587613102
-0.7506664898169499	0.4874068462844079	-0.44602061304494356
-0.8304281381862886	0.0034375670617128873	0.5571151500732597
0.5486305942459364	-0.16891609202092583	0.8188234394017606
0.09692047444067267	0.9856244401338039	0.1383867213468135
-0.9308116878205652	-0.013828651218337873	0.36523741624060524
0.26667758637379296	0.6576615631256235	0.7045312862556281
-0.24994532750679652	0.7531865882984397	-0.6084712782579618
-0.5784982004540498	0.16806611339311797	0.798181441528402
0.5285214121229744	-0.6681074844755968	0.5237341941435821
0.6212929655154348	0.7248352714352565	0.297672437898464
0.30089444626825657	-0.10563534024059062	0.9477888515366564
0.7229506627015216	-0.622879234261243	-0.298937784205273
0.6219363886317877	0.7751532973666451	-0.1110517630533967
-0.24612213454241272	0.22231442473811164	0.9433982146695262
0.8119991362259633	0.578760698639031	0.0754549963829445
-0.529227075702459	0.7846096802004314	-0.32296493939621507
0.9484353027727667	0.12042665768209786	0.2932028249759016
0.2299825086029489	0.3751050481650887	-0.898000138406315
-0.21812501505105947	0.919126554376809	0.32806684509165174
0.9999214338930281	-0.0038424556214952743	0.011931537038764418
0.0039740720793724595	0.9999313044544816	-0.011026927181525717
-0.011888346916982196	0.011073477626994954	0.9998680139402529
0.8942568390278307	0.26902338943507914	0.35767460322032135
0.40569485849550685	-0.8247264260371068	-0.3940025431217051
0.18898779760149392	0.4974462163218473	-0.846658652719509
0.8635049807213677	-0.5042790802469933	0.007858593680611354
0.5043132353939909	0.8635152505519649	-0.0030939732743698618
-0.00522578949399119	0.006634854137353057	0.9999643342813486
