-0.14324789769786994	-0.7099362365127817	0.6895437476267973
0.8593376682578595	0.25639149902630376	0.4424953910948564
-0.49093666772638367	0.6559374507627328	0.5733474068735305
0.775838225363995	0.21764577306951766	0.5922038209341601
0.25702878175831173	0.7481729227425591	-0.6116972151503511
-0.5762041768434908	0.6267915085096708	0.5245199247390764
0.9499846269093737	-0.0902930029059206	0.29895883037985255
0.1887054571129894	0.9287306305924203	-0.3191389450618382
-0.24883620936599188	0.3595922544016162	0.899318603990114
-0.6094098663506089	0.3888916897610478	0.6909289894260701
0.7326826513675461	-0.0567826121749091	0.6781975135162449
0.3029781298700559	0.919531939950642	-0.25033031025237995
0.5944153151683268	-0.5348835028010134	0.6004748716846168
0.6855020488596358	0.7274266811266872	-0.030616410538377742
-0.4204252300975527	0.42982561814802434	0.7990572969950832
0.22837142551403666	0.8171922122785735	0.5291912510614076
0.9487416297402675	-0.06481729926023494	-0.3093348310720767
-0.21848526725266376	0.5727090063093647	-0.7901066903182583
0.9474456184423352	0.11556718915988462	0.29831363509585757
0.19838131209273857	-0.9437780008733918	-0.2644389155925947
0.2509813839845188	0.309721342269317	-0.917104702330169
-0.9947550379629677	-0.07587140446326612	0.06859988653100557
0.09859166502470201	-0.532600969565814	0.8406044794106277
-0.027241476372478587	0.8429589178615567	0.5372877857933503
-0.9860547194579727	0.06414324747414377	0.15356345280739211
0.07441671752544238	0.9952911959747532	0.062109478889166306
-0.148856448927804	0.0726710328715371	-0.9861849109543235
-0.8897666380141389	0.2203929799877687	0.3996777004651705
0.45552702195299627	0.3741914376472072	0.8077598035691986
0.028468616890358456	0.9007817173786483	-0.4333380152822073
0.8925076152991473	-0.03658971397376998	0.44954571454341197
0.44798557131688554	0.18756918189198102	-0.874143426387373
-0.05233626395638857	0.9815696586772079	0.18379858715288477
0.1945252341373438	-0.37234930123758797	0.9074777854866154
0.6829410518260217	0.7154922636879172	0.14718131788208405
-0.7040961958529379	0.5911233530073228	0.3934739235512328
-0.44481619300319997	0.8014216065330808	0.399827416548785
0.8628546428147017	0.2638190301453609	0.43113963481252177
0.2400425375121114	0.5367708337038226	-0.8088613306801418
-0.8397961083416696	-0.48931269927138643	0.23519264177677135
0.5227628681405564	-0.845722422651549	0.1071100719720344
0.14649737235748034	0.21290060158709004	0.9660289093687667
-0.01052656756601289	0.5120444025024764	0.8588944761966745
0.5937364047928861	0.694335768888438	-0.40666315503831874
-0.8045907487654179	0.5056761512153638	-0.31132837502084554
0.7342128156593122	-0.6667580231780178	0.12792685351155436
0.6784106739025536	0.7132276798691759	-0.17625332395025967
0.02627734493262006	0.21619439214783992	0.9759966628770398
-0.21396154264194678	0.9203510137713831	0.3273751208022175
0.9623313691844908	0.2561441259161683	-0.09115109786582797
-0.16774621949177332	0.29554051872565634	-0.9404876435326455
0.11258060381963098	0.8694551919996419	0.48101276152351
0.922363447853518	-0.2714862722186524	0.2748470011853692
0.3695555137017684	0.41272614782890304	-0.8325177771020487
0.9204477555816741	0.00788605341518928	0.3907860532390986
0.05412295288036356	-0.9927366040325218	-0.10744645636541938
0.38710029090168446	0.12004934475251752	-0.9141889955629101
0.8146610432963861	-0.13183730051389325	0.5647533184749366
0.5679830457084329	-0.015325449252046708	-0.8228975576540467
0.11714369092279805	0.9911528927458328	0.062396305007200725
0.20998712965164368	-0.6656389212668115	0.7161216599680669
0.9763954416204872	0.10488677631700283	-0.18881394476192975
0.05057021814663082	0.7388664227372785	0.6719516815873143
-0.503216369135457	-0.3522482511807774	0.789109913367087
0.8437116367870472	-0.002792513132729768	0.5367894147806245
-0.1868795328125833	0.9359024369080826	0.2986011868785239
-0.29240717931604965	-0.17387955124016097	0.9403530949302779
0.8662558322764125	-0.46470558482771707	0.18343814346266635
0.4050911928585117	0.868224982991419	0.2865074246472825
0.1616049374029952	0.6390861270676689	0.7519659343325474
0.7494062703054867	-0.5752481522401514	0.3278411282482889
0.6420857312180311	0.510547241236243	-0.5718980925237183
-0.21543755404992115	-0.43009100444384757	0.876703135731514
0.911718952784146	-0.41018037757185377	0.022816857566097304
0.34979309804392567	0.8042224727968584	0.4804903774367796
0.9465185487462248	-0.009752762654456376	0.32250196976134315
0.18695434207451583	0.8312240101399789	-0.5235596613054687
-0.2629652274709061	0.5558520743753845	0.788592265086183
-0.08053717309498087	0.02606795115565308	0.9964106711955745
0.8452520267812214	0.5315903885622204	0.054412039205536056
-0.528263925488109	0.8466003311544438	-0.06484677568761343
0.9224401532903083	0.10113247507069052	0.37266122159922777
0.11080246946656062	0.8551824183919661	-0.5063455776773214
-0.36990130623973805	0.5083652759181576	0.7776488731315638
-0.960685764774416	-0.258709651059132	0.10075801610124023
0.26548695278752643	-0.9621997604597146	0.060731366449816256
0.08123754833443315	0.08509369788727182	0.9930556496594137
0.2073587467816952	-0.15520784179134553	0.9658741512120497
0.244057174452211	-0.9479068640224719	-0.20471607835606354
0.9473322784174134	0.2781781856752171	-0.15867719206904485
-0.3351776994704654	-0.24206976840205052	0.9105262967116678
0.84103501718586	-0.5124520438664053	0.17335801857521355
0.42463632633686266	0.8238902414538734	0.3753516489802753
0.637437914619096	0.18826219868763758	0.7471480773925302
0.49144883080636703	-0.8461754841828657	-0.2060706108763391
0.5934230798554373	0.4985422695350809	-0.6319055734694055
-0.3274813004479	0.08985422508293567	0.940575470704875
0.8123812493055564	0.5351061771359562	0.2317284725010852
-0.4824859621105008	0.839992617482849	-0.24823315439444538
0.7632051074405524	-0.2678331727194112	0.588033464666518
0.4999911164690004	-0.33167039267219844	-0.8000022712947458
0.4093004366339442	0.9045773279359391	-0.11921833061882237
-0.990853920426872	0.0741561362237006	0.11273586756250233
0.08758471768672549	-0.282121801147889	0.9553722868833948
0.10265196346117643	0.9565083150592278	0.27304654844938503
0.744097233208955	0.24897632168155887	0.6199436254795259
0.6097509258293128	-0.63228715638429	-0.47792966043316837
0.27298922319585023	0.7336373375949377	-0.6222966663140155
-0.49715410676347105	-0.3944276389515348	0.772828979632191
0.85844097314942	-0.09408541103077939	0.5042093127357391
-0.12616215655454116	0.914097791848491	0.38536779469906446
0.3834333930536823	-0.4564291766038724	0.802901762257408
0.8739701959292785	-0.10174147663920419	-0.47521023616775404
0.2985882276960676	0.8839236837397136	0.3598944173022638
0.7217137210186135	0.5866521221925045	0.36738071862918686
0.6703422999027675	-0.7246642001177106	-0.15969658114319962
0.17254131636954387	0.36152604967663016	-0.9162578291892929
0.6179269193346948	0.7411406937330003	0.2624438882018414
0.7797569791717276	-0.534923108845804	-0.32532494686962077
-0.10072425623709255	0.4056694956682184	-0.908453017216508
0.4708291092060871	0.8108126082993984	0.3477108916138939
0.8420746230524495	-0.2954787959742604	-0.4512234594307754
-0.26311647446573483	0.5052476574436817	-0.8218847397977376
0.645933204641596	-0.027449991320858735	0.7629002510931053
0.6976949552006495	-0.3843632265033792	-0.6045549268672585
0.30982582950587245	0.9227737578022022	-0.2291212501768467
-0.16259615101010105	-0.3507260952791814	0.9222546816183257
0.5660441385463064	0.7324327693548899	0.3783335454232108
-0.8081809976076342	0.5835524350607624	0.07943570129723976
0.8905830462008779	0.3184549593542201	0.32472800415465713
0.4479765609882964	-0.4907887351608491	-0.7472907186927403
-0.07860558901671134	0.8109949792088206	-0.5797484843217959
-0.230233491044618	0.6271014659273042	0.744134592014935
0.7957406422352564	0.5614933502839828	-0.22698468644798528
-0.5601690547472516	0.5398786613848473	-0.6282846974778837
0.11331418345919653	-0.06876333438948928	0.9911768256323464
0.8805893212641727	-0.4550546484809157	-0.1322411213330178
0.46013296241682056	0.8878045228199446	0.008988112035974938
0.06131725665608978	-0.6854184096440085	0.7255630901287974
0.968951246173566	0.21532533847484625	0.12152563988470277
-0.23952802878758214	0.6955836415067358	0.6773401812186872
0.14682360385931648	-0.5129838943372567	0.8457483984615901
0.9836243406811858	-0.01463463674454335	-0.17963569752935515
0.10452744026936273	0.8582734713119924	0.5024347347395454
-0.39650047531026433	0.34459355209172315	0.8509069613862279
0.526616240749084	0.8445914907160195	-0.09664651462621288
-0.751972544750164	0.40978103624606743	-0.5163494885008233
-0.11623287637197488	0.9624466069848607	0.2453292627340375
0.9931453791217795	0.11569046962394314	0.01667246734135043
-0.01233589799544789	0.24558551248296528	-0.9692964364316652
0.46736779863641364	-0.17886674538584094	0.8657794339165313
0.23215472970240156	0.9697806989518815	0.07503050990900378
-0.8530366476738017	0.16592794621605186	0.49476903135702166
-0.8128076768399279	0.3690714475286388	0.45069939770227563
0.37747244277911146	-0.25559271262101135	0.8900488302320289
0.4436870917802874	0.8935651245847434	0.06843341810404202
-0.7018786687949108	0.14086172359421675	0.6982294100915187
0.32732084432325403	-0.8068392146978796	0.49180437828187457
0.6326352813131717	0.5737320423784744	0.5201962556439911
0.06048516608553689	-0.32367247223616513	0.9442339092619656
0.6724689625861814	-0.685857831371651	-0.2781807497014145
0.7376496722983548	0.6517938062475777	0.17617546678077822
-0.9001687829431153	-0.4196068847340262	0.11673142035679843
0.4354969323648451	-0.8633253874959985	0.2549739147553977
-0.006211611346460262	0.280355734003585	0.9598760744470046
0.48665355700846447	0.5419664600469986	0.6851574064659406
0.8681368508571953	-0.2124911344700966	-0.44853754129990353
-0.09750242886595617	0.8130927831162542	-0.5739106223180599
-0.592412913811289	0.18768424478319215	0.7834676533270413
0.4347835465976788	-0.7442257103440755	0.5070417731023749
0.6782405230871731	0.6410169391857121	0.35928690001086705
-0.34258779833629505	-0.8910594643482106	0.29773584168952527
0.9372801656564103	-0.3458692840767792	0.0433627651252565
0.06433888014398509	0.2939174532546445	0.9536629588980174
0.6456838619492349	-0.3575657903373201	0.6747140549883106
0.5465204721674666	-0.4007026478756397	-0.7353589337781247
0.5332989067307103	0.8435544401909688	-0.06331020860754166
0.7613670256501575	0.5179832114060036	0.3898892726841251
0.5824153766686725	-0.8106480201125386	-0.06034995035217369
0.2848027058728918	0.27302596980716864	-0.9188820591013487
-0.6929007736282435	0.35003105239394494	0.6303703516706423
0.6249377725411519	-0.14452390163695705	0.7671803062559249
0.35964051267437225	0.9255220711661168	-0.11860690295128751
-0.8962171700037482	0.09885558856937496	0.4324608153336848
0.19159268450929354	-0.7929936015257464	0.5783194542653295
0.40010876950273816	0.6011561532146442	0.6917544737977313
0.5663664157663743	-0.14829869481847885	0.8107012891361935
0.3803115020416414	-0.8256536350797266	-0.4167244128851403
0.7311581528689817	0.5443377370665844	-0.411222790587352
-0.44273283892289883	-0.40471233957213004	0.8001222128758355
0.46698878111182596	-0.8658415991561739	-0.17955445827483968
0.7654470012058064	0.2941534418781004	0.5723326314096595
0.8063288832115251	0.1328293809345199	0.5763593390059772
0.1713161695533459	0.8802356736303154	-0.4425335342300673
-0.5661135064175947	0.4555672446841817	0.6870036269354325
-0.6250867342560023	-0.028656912084572883	0.7800290738472144
0.5268754145876329	-0.7528102987581884	0.39456172088371355
0.575906999575692	0.6576134392432871	0.4856703536004019
-0.5913788714727866	0.37909591769295947	0.7117284001387788
0.5143390673152041	0.8570911876453017	-0.02915510065309579
-0.6210687193933523	0.3488280109872186	-0.7018494600281471
0.5685667066489076	0.04198827373917055	0.8215649000284879
0.48934211895819757	-0.8200547656246033	-0.29673973780044594
0.6612686221982078	0.57074264449468	-0.48680246820584494
0.9276804081949432	0.3397530106331343	0.15484492893532198
0.356929255163366	-0.9286887860532385	-0.10069084103078599
0.1095927326960523	0.1486776056596405	-0.9827941811567305
0.6871691544698646	0.3010219932515237	0.6611991475524233
0.7264417321006336	-0.273432426412908	-0.6304895859953447
-0.008997944643241107	0.9135756497219206	-0.40656926744082345
0.2114301520084778	-0.1648368384111909	0.9633930182040322
0.7945716019257897	0.6029802077474086	-0.07120982009509902
-0.5691689206507646	0.7805406368457026	0.2584628677349007
-0.3112609118402272	-0.2603392994711806	0.9139694162887758
0.27895278675320345	0.8943488859678088	0.3497505009728523
-0.908461329679482	0.3638179755303389	-0.20575347666076915
-0.16769572403027566	-0.03601246345198654	0.9851808192499897
0.07461299073149458	-0.9969299098253659	-0.023741451297034304
0.983011213443704	0.06952594747076002	0.1698678806373638
0.5559793173460047	-0.2950632843719135	0.7770615528380812
0.8305356606485292	0.15994732056541128	-0.5335047994489431
0.03312876506273521	0.9419949643493882	0.33398798191823187
0.17786633182871314	0.3833500105405533	0.9063147010946893
0.8816093035998821	0.3470932017585431	-0.3198301816576014
-0.4371825749134213	0.8559024936939728	-0.2762287412281892
-0.464619525343118	-0.1941801561889272	0.8639576167916915
0.6318310879948439	-0.7562768301511222	0.16980822247412528
0.6204177406499488	0.6247714967242136	0.4740700412046712
0.17415679751050694	0.45331490467561814	0.8741710399457417
0.8115052184274876	0.4367844042358513	-0.388173498169682
-0.5577891092033259	0.7769974140338356	-0.2917984376909728
0.2594864370256299	0.3660204105373402	0.8936978505455972
0.5251755219245602	0.7231234572409504	-0.44864589239082664
-0.8104674331341202	0.5857657592058213	-0.004584230689879787
0.28196085988599484	0.2469338993226064	0.9271039439338414
0.7693500984390231	-0.6355418764418297	-0.06470664046806773
0.5732351171414883	0.7315122505154178	-0.3691765537268761
0.949417280702405	0.23470410752408521	0.20861641597672315
0.2974547692513392	-0.8850977588630162	-0.3579421985534801
0.10063541798632891	0.401890456675683	-0.9101409635214361
0.7534350054799009	-0.03545992627173905	0.6565655231173082
0.5617819483550741	-0.484156568835334	-0.6708155181240024
0.3416675797026675	0.8742625523733701	-0.34485976062411505
0.608085703105991	0.037484050961722415	0.7929859542271802
0.3353840256218857	-0.9174974408863852	-0.21381300550853488
0.719548006067525	0.3959714533781866	-0.5704886283475032
-0.7385896545872901	-0.20713321051064	0.6415459104695335
0.5256909816386133	0.4188188528469017	0.7404321443075229
-0.4220596094871659	0.8841304211503868	-0.20044721109554242
-0.7617573622034794	-0.40026514278501135	0.5094247114148382
0.4506520518480517	-0.8922848084415365	-0.027213026101322313
0.46544435681823204	0.20884356848068075	0.8600848298919808
0.0353136185633357	-0.9265688786935458	0.37446369834811555
0.9826815286656294	-0.036008440650056706	-0.1817701994864208
0.18190646377560396	0.37439752301335616	0.9092505337903951
-0.6340264020185464	-0.5578365706116332	0.5355640783619348
0.6264919736431126	0.035473757304946396	0.7786202023473492
-0.4533412936234398	0.8291923618985657	0.32698883538265355
0.9908407979164319	0.0019389075591172422	0.13502130876941532
0.1338932224695865	-0.14387269067600794	-0.9804964323516712
0.01752478704687773	0.9895943055187426	-0.1428145382089605
-0.47366834854633	0.8516280195165483	0.22442818887054738
0.8802060805108548	0.44921053392014143	0.1531246291322859
0.02958971809786566	0.27007334668475347	-0.9623849728634513
0.10768536784755811	0.05795227369830669	0.9924945317354311
0.9824494199786151	0.14673293461715298	-0.11516328877867799
-0.15230560966431594	0.9874770781500879	-0.04113418764174348
0.34566815051120425	0.2903915326333645	0.8922927140221468
0.8529025052210996	0.29924516534342827	-0.4277962688081284
-0.39124269489632074	0.9089142362145229	-0.14423614282430886
0.37864774591949657	0.25730717585077506	0.8890550611552599
0.4407275830218638	0.7945546456361324	-0.41766267808094387
-0.8138704332225066	0.5499781198863627	0.1874539558730921
-0.43139379628314667	-0.2159908635605563	0.8759265604985271
0.8941915138378025	-0.2311592758417622	0.3833887397574047
0.11967008443580984	0.9486376210390757	0.2928578748137891
-0.7719552271171137	-0.6205868541338253	0.13768472610586693
0.625529277800482	-0.780146340790467	-0.009209210913641068
0.11312935048418118	0.07901672878275093	0.990433292368295
-0.5872895821176258	-0.7541303114740531	0.29390205860482094
0.7746116765478338	-0.6289791416101458	-0.06604536300996282
0.23466507471683523	0.1888722127138121	0.9535510421433824
0.03485588541195073	-0.7390882299559395	0.6727062178936247
0.8584928879416468	-0.32245874333008184	-0.3987609812953057
0.5116395494933517	0.5914126708065869	0.6232624039709598
0.990203032296459	-0.06361316366248712	0.1243033396162281
0.13535176511755356	0.21847031110553494	-0.966411207946707
0.034319885058961455	0.9737679849811763	0.22494011850988094
-0.7639472071229518	0.030423521545502437	0.6445611484303198
0.11105640161586613	0.9901819358867615	0.0848893957080671
-0.6356501713908191	0.1364336585315944	-0.7598254512916154
0.7387773367601985	0.41733873276391603	0.5291846830970421
0.5572014805531872	-0.819938977309608	-0.13125008022020407
0.3791234057122356	0.39182707362238584	-0.838294093750918
0.0866726593010898	0.8838168565005082	0.4597342866213455
0.9247474008753356	0.1002838246647424	-0.3671313104121231
-0.37058075328326034	0.4569583336324784	-0.8086154751300769
-0.4086060323661189	0.8490219782501559	0.33496685024373796
0.9086545772600857	0.4129662512247675	0.06169063602895922
-0.08595329858890735	0.3295763277263014	-0.9402082081454792
-0.96278928683035	0.1772629704825988	0.2039966383556146
0.25835660299380814	0.3822152168261036	0.8872222910387646
0.07930103942702077	0.9069119953569142	-0.41378977491418767
0.5939737966436958	-0.7336679002290736	0.3300402112987685
0.8023543972877374	0.5104201053584574	-0.3093521249303015
0.05850256450537139	0.448556270961987	0.8918378337606964
-0.644788868801037	-0.17441756925143123	0.7441947501875444
0.3624518687022176	0.7874259440273428	0.49858702906004143
-0.6729605913755649	0.5912181443503493	-0.44450550980429937
-0.7952953405582028	0.4350789195097958	0.4221512230049802
0.4704902696689688	0.00384719333687511	0.8823967958068805
0.38228814712626513	0.9003841029813983	-0.20776005310249057
-0.9734039577297229	-0.1455228661046493	0.17694018909450698
0.1912832502247324	-0.09121963626128027	0.9772869057466298
-0.12607717184159073	0.9851406363565802	0.11662964176991197
-0.5740714676500931	0.5206852213625031	0.631924718842956
0.6934705185105887	0.719528403203587	0.037114915329978515
-0.43536259598950733	0.45952777635087244	-0.7741405768820668
0.9322009338209938	-0.35118839572026406	0.08756785765732969
0.36190867997324483	0.9011830283154507	-0.2385188815088167
0.004850396199344395	0.25403909184930706	0.9671817892563366
0.9978163625899467	-0.012770546888216053	0.0648029295629764
0.0647460841101476	0.3830560628884664	-0.9214531986361484
-0.013055693783552761	0.9236368148880615	0.3830464502423524
-0.8527449556983209	0.4075813358310275	0.3266550094721704
0.5109365112164675	0.5210060801009477	0.6837371907420199
0.10848927152955312	0.7499534113396912	-0.6525334924606911
-0.3413341273818653	0.4524349674407926	0.8238893212812679
0.7970728988680449	-0.3252297344279347	0.5088225758887135
0.49816243071366895	0.8303783595932537	-0.24961164344770648
0.439370897035814	0.30265857753064385	0.8457842516180301
0.3265580945185985	0.8233024843578011	-0.46425513476390834
-0.8368470742867695	0.4801778885969239	0.2628995427159847
0.15644973985247557	0.41021096489593806	0.8984711699210144
0.9602310769790132	-0.27616228991178193	-0.04111773868302632
0.2312569084456017	0.869172798648131	-0.43710283502438907
0.03871228421699002	-0.5988733273458763	0.7999075551864615
0.9981045421343401	0.061499691311754034	-0.0022607386754052716
-0.0478401716291077	0.798478882477325	0.6001189817163424
-0.996072359647902	0.017366630804477014	0.08682312180497789
0.08671893486126142	-0.006666383245412355	0.9962105127285867
0.0178796163826112	0.9998269647638667	0.005134184364081973
-0.5694181692919269	-0.1337407690377301	0.8110957743555484
0.3356798667865968	0.862836495823308	0.3779314865282954
-0.7503878833739007	0.48746957666356067	-0.4464206943154472
-0.8302980526377794	0.0033634179837334632	0.5573094573083949
0.5488237522188568	-0.16900456022355792	0.8186757280047189
0.09694138840725222	0.9856095302111828	0.13847823356241173
-0.9309187995125701	-0.013950916152138504	0.36495966989873274
0.26642635441715756	0.6575597674031177	0.7047213278770134
-0.24981430380596525	0.753273206898582	-0.6084178575474815
-0.578546221265734	0.16809896640986785	0.7981397166856655
0.5285993174451694	-0.6679582478244483	0.5238459131842049
0.621181963240757	0.7249651830641431	0.29758772133462075
0.3008005561662489	-0.10575217013734495	0.9478056256012187
0.723197433919129	-0.6225716369637695	-0.2989816523150543
0.6216948584175862	0.7753844435887884	-0.11079019657732725
-0.24598017036597764	0.22255204921748079	0.9433792138773385
0.8121584900551981	0.5785601968434972	0.07527739142448076
-0.529048525957672	0.784690183459379	-0.32306187203769654
0.9484671335672676	0.12059502633824157	0.2930306061918615
0.22972984124422843	0.375242770097314	-0.8980072736518319
-0.21825282720870443	0.9190482594032663	0.3282011582905128
0.9999124455992325	-0.004084616815075041	0.012586383167367089
0.004232414003079202	0.9999221446998936	-0.011738450088134861
-0.012537456180115425	0.011790693119537142	0.9998518849051056
0.8941234845039832	0.26849421671994866	0.3584048688932625
0.4057203216090808	-0.8244629609221197	-0.3945273712950169
0.18956322188620725	0.49816832662813215	-0.8461052554219526
0.8633423719183603	-0.5045505490967874	0.00828807918096353
0.5045888817183435	0.8633533500139303	-0.0033246753157797956
-0.005478074169920345	0.007052405678499223	0.9999601263438131
