-0.14383301993071007	-0.7096731821546979	0.6896927119435415
0.8590989784481727	0.25637739868862097	0.4429667873226637
-0.4911832729307036	0.6562275550234697	0.5728039703258008
0.7763875147585031	0.2176162022057974	0.5914943917440304
0.2569363155928615	0.7476856550887923	-0.6123315204233807
-0.5755051317379197	0.627382937058356	0.524580302366902
0.9500317841407349	-0.08893759456619274	0.2992151623750902
0.1877698842893251	0.928561169579416	-0.3201821745557994
-0.24936334870294302	0.36036683896008864	0.898862426460005
-0.6094165839299075	0.38681578744896034	0.6920874033035448
0.7329181109284695	-0.0580823772495358	0.6778329293609795
0.30239455997793074	0.920326020512994	-0.24810793228446038
0.5938180447461286	-0.5350039782904439	0.6009582955141588
0.68598398268954	0.7269709503095633	-0.030646580549997388
-0.42048318067109625	0.43044625752747434	0.7986926280824868
0.22832638950050976	0.8168742589414344	0.5297013356001135
0.9487332752962288	-0.06454060382791038	-0.309418297460281
-0.21856859839270532	0.5731936457571833	-0.7897321142388962
0.9474310119051456	0.11571482775815202	0.29830279300954105
0.1986070007524085	-0.9436462185496506	-0.26473963335526046
0.25085800153179233	0.3100675617568632	-0.9170214666045877
-0.9948491791916143	-0.07542701126490753	0.06771910094954334
0.09762142049866382	-0.5330145715457577	0.8404555459866484
-0.027297782356704187	0.8427373449014443	0.5376324009831162
-0.986086027956633	0.06385258265577891	0.1534835273144873
0.0740368553905718	0.9953526844328107	0.061575787743829394
-0.148838467852184	0.07208246167123104	-0.9862308194367229
-0.889603697654763	0.22066047968713576	0.3998927529015948
0.45582849462984887	0.373858139862677	0.8077440651232942
0.02873403213018777	0.9008546186608924	-0.43316891790025625
0.8922437470519606	-0.036520706965958244	0.4500748091255313
0.44844645741802447	0.18840116019707864	-0.873728091379474
-0.05288544862153308	0.981412879882418	0.18447733878446393
0.1949453700017183	-0.37180945700083423	0.9076089633755485
0.6825241787349247	0.7159865980726519	0.14671038416747284
-0.7043841623411969	0.5908645522157304	0.3933472165629174
-0.44527338913654324	0.8010093202410388	0.4001445711412885
0.8625265108942649	0.2637433721451884	0.43184192901344126
0.2403739314722419	0.537423020102855	-0.8083296793586787
-0.8397582814103739	-0.49006392462290915	0.23375923208696403
0.5231303103039863	-0.84555525119918	0.10663487051967124
0.14539844305889438	0.21183405522409188	0.9664293175413119
-0.009919674495770137	0.5115127611321029	0.8592184211578047
0.5930564561317762	0.6948341172557193	-0.40680411666781835
-0.805099770151698	0.5055296674741036	-0.31024847365491715
0.734228834735762	-0.666890512306087	0.12714190040537482
0.6783396073033477	0.7130192138064361	-0.17736678918667897
0.027629611037893506	0.21647319773814216	0.9758975147293479
-0.2133540243272798	0.9205485813980984	0.32721609005258795
0.9623720377721484	0.25571863830090247	-0.09191321417410431
-0.1682858318981046	0.29529356124284356	-0.9404688147253379
0.11191836999815452	0.8694518615716782	0.48117329400798986
0.9223962889423136	-0.2710286110536104	0.2751882594439639
0.3696746740073004	0.413033839291521	-0.8323122508996861
0.9209271610447226	0.007262348647860635	0.3896670660220394
0.053541157123128395	-0.9927041491811051	-0.10803618233043068
0.38603951681663884	0.12035668029126802	-0.91459704841271
0.8145198940603032	-0.1323929168675656	0.5648269272470021
0.5680828856185379	-0.015409244774657216	-0.8228270718946903
0.11764003250300278	0.9910775301351417	0.06265901382817873
0.20989746027445877	-0.6661930033444143	0.7156325443027877
0.9764324334782646	0.1052286373005632	-0.18843204807988712
0.05022707459176179	0.738318235036096	0.6725796791393105
-0.5027966022992754	-0.35322527979364027	0.7889407318873891
0.8435261639414443	-0.001110703665666124	0.5370869362436578
-0.18883640396527446	0.9355376358287634	0.29851322330073093
-0.2916080525241038	-0.17355969547311556	0.9406602871442905
0.8666262313669746	-0.4641828587354708	0.18301160827346746
0.4048749421855774	0.8685685383223627	0.28577084425598764
0.16168342049893547	0.6387428338103034	0.7522406953839627
0.7497071392335555	-0.5751854420067257	0.32726275786555037
0.641714638229488	0.5110472576577539	-0.5718680123266964
-0.21438388419807541	-0.4304482461061963	0.8767860957042176
0.9119821085348347	-0.40964614370224384	0.021878543421293195
0.3497544623139254	0.8043036394136109	0.48038263053270047
0.9462626242963486	-0.009148224510685712	0.3232697880224651
0.18685005607463345	0.8313391574789734	-0.5234140443158333
-0.26395852402355524	0.5556901251870983	0.7883745190991737
-0.08024303400714317	0.025886928497489525	0.996439121284534
0.8452845667588482	0.5315540732554322	0.05426111319227461
-0.5282566201124552	0.846628687287718	-0.06453533271658873
0.9223956550480786	0.10061821132190134	0.37291048671069454
0.11138972238106819	0.855156684467606	-0.5062601848439595
-0.3698358896812131	0.5085105904115986	0.7775849755126143
-0.9605979883788276	-0.25824926547621296	0.10275612684189185
0.2652749645333422	-0.9621995937448484	0.06165334531948245
0.08294997235915476	0.0864827073942865	0.9927940589101899
0.2073097995552169	-0.15451543404018175	0.9659956664766931
0.24418183884979866	-0.948019802634599	-0.2040433370355127
0.9473108658641614	0.27817878146262537	-0.15880393244394897
-0.3349731774352085	-0.24207355297333827	0.9106005520258731
0.8414314742967202	-0.511758432733765	0.1734830844455122
0.4240118447187631	0.8243201450145113	0.37511365485869275
0.6372082465386044	0.18800711942144357	0.7474081706738616
0.4915866165838335	-0.8460425727156453	-0.20628757487631538
0.5935555988606764	0.49886399769831397	-0.6315270879872061
-0.3275232595752775	0.09012366143031436	0.9405350817952405
0.8123033593204332	0.5352901271568761	0.2315766227517682
-0.4825886103856212	0.8398465368260857	-0.2485277201989866
0.7630275836823949	-0.2684836412157384	0.5879672107688869
0.49960781317425484	-0.3321646773221605	-0.8000366617566376
0.41009869489556394	0.9042030532679063	-0.11931428626091423
-0.9909724144312784	0.07348505787837936	0.1121321546428728
0.08723216910862217	-0.2817010408623115	0.9555286872981337
0.10180482556758619	0.9566841013865031	0.27274769961532597
0.7439706184610473	0.24920733300242875	0.6200027613200633
0.6095876195433307	-0.6331646738259307	-0.47697529277563017
0.2736981055217269	0.7328016109403139	-0.6229696188716576
-0.4975211471678209	-0.3942837588676431	0.7726661799341404
0.8581993087033046	-0.09397648834549299	0.504640828886664
-0.12635922863797966	0.9141710655733157	0.385129339581605
0.38319162107522775	-0.4558915957665751	0.8033224971623443
0.8738975837872734	-0.10269747624424053	-0.47513812878344014
0.2991106728094209	0.8840905390753082	0.3590497516069693
0.7221058851421274	0.5860403117776768	0.3675865117419681
0.6699378782796538	-0.724887766426124	-0.16037757116224416
0.1724712436589374	0.36206971574169	-0.9160563252625193
0.6174858175595208	0.7413665515134708	0.26284387268847353
0.7801763997151173	-0.5346921043551731	-0.3246985353644114
-0.1001800900399253	0.40556132685114454	-0.9085614782293665
0.4707124018383053	0.8108625526180877	0.34775243423632957
0.8421913161486394	-0.2954769173679581	-0.45100684951179115
-0.2629517479680185	0.5051685976626099	-0.8219860498671228
0.6457195697519228	-0.0274655471345	0.7630805206267516
0.6978320438336878	-0.3844466500884445	-0.6043436206618473
0.30996237810142324	0.9227385420347278	-0.2290783865957997
-0.1628718125309938	-0.35051281576985627	0.9222871237656718
0.5662270948329141	0.7323064275369326	0.37830433947441466
-0.8079973080152847	0.5838390721501789	0.07919777819403306
0.8907755749605767	0.31835969406808773	0.32429304686737825
0.44755696149884217	-0.49081485879533204	-0.7475249431287511
-0.0788139661962136	0.8110165717040511	-0.5796899853834205
-0.23052284662611844	0.6271992274657141	0.7439625973459976
0.7959452330702508	0.5613513325543986	-0.2266183297797098
-0.5597592367582116	0.5399127804616339	-0.6286205424244837
0.11369210414992104	-0.06814581376832762	0.9911761970103076
0.8804889048352793	-0.45523348402685837	-0.1322942307235614
0.4602318914590059	0.8877604536622595	0.008245180255470608
0.06054888930541946	-0.6860232276661393	0.7250558344751198
0.9690257948187297	0.2146324558911068	0.12215530219389092
-0.23942188909915643	0.6952014384196025	0.6777699602663922
0.14651531238024518	-0.5127850642124903	0.845922420295568
0.9837672660238443	-0.014036869188774448	-0.17889922471421732
0.10361095279018495	0.8584022624760315	0.502404544404149
-0.39554213495585877	0.3440897035916066	0.8515566307397301
0.5271119923507288	0.8443188895971473	-0.0963252832307564
-0.7521298870505054	0.4107650040493719	-0.515337505382359
-0.11623114030300274	0.9621735084833003	0.24639898862779422
0.9931576957482924	0.11541749228873632	0.017793084322891103
-0.011318719000205507	0.24678116226064695	-0.9690051313349572
0.46756147775209245	-0.1778261045444809	0.8658892198571448
0.23241645267712463	0.9698222562715005	0.07367077959026766
-0.852859224636318	0.16680128231818625	0.494781239710791
-0.813609963002818	0.36906523364632954	0.4492545841904492
0.37718086166769055	-0.25299002005659355	0.890915623021273
0.44246290883436973	0.8943080582580841	0.066630858020017
-0.7022321000165759	0.14055634099931166	0.6979355218866526
0.3270132219295927	-0.8071075261324128	0.49156870724614143
0.6324021113101504	0.5734294693031576	0.520813031082329
0.06061367181355359	-0.3233400716642896	0.9443395474327076
0.6723868753454676	-0.685994819469141	-0.2780413593778084
0.7377139504255275	0.651814625271352	0.17582895560723055
-0.9001085274207719	-0.41956530679465276	0.1173439056735317
0.4356259929160584	-0.8631267745169997	0.25542545959198915
-0.005884994503655629	0.28102868972079975	0.9596813233534882
0.48647848726188836	0.5421109187786464	0.6851674490023272
0.8682633599598026	-0.21268539014379617	-0.4482004714083808
-0.09724926314733012	0.8129456787266617	-0.5741619146695016
-0.5928060382818534	0.18720620498729335	0.7832846467222684
0.43514743650919296	-0.7439502661747874	0.5071338185902614
0.6776634190186536	0.6414762959554452	0.3595559097709713
-0.3424774526904004	-0.8913268745910187	0.2970616047733205
0.9373844377125892	-0.3455035891831013	0.04401915260255937
0.06340039694628984	0.293536492609353	0.9538431302754411
0.6457069421657329	-0.3576953961815444	0.6746232640440937
0.5462023315908979	-0.4010246218217475	-0.735419788731165
0.5335968120253773	0.8433464627561157	-0.06357032289600051
0.761332216768255	0.5174827568922178	0.39062111057899157
0.5821405534519497	-0.810839076722222	-0.06043482180756865
0.2854568824488079	0.27340736635922014	-0.9185656102223307
-0.692941747709735	0.3507126396248813	0.6299463300062367
0.6249599581039041	-0.14350851443815804	0.7673528243582085
0.35952299654923975	0.925422039229184	-0.11973831576047078
-0.8961616052478101	0.09909697617858901	0.432520712327084
0.1915257734037881	-0.792882935079511	0.5784933269984889
0.40026523131762115	0.6012623724897144	0.691571618869869
0.5666081894602191	-0.148278023570104	0.8105361110788069
0.38004459834871374	-0.8257704203326361	-0.4167365068836969
0.7311096107305505	0.5441661884294212	-0.4115360208628376
-0.4426447237966131	-0.40518500727066653	0.7999317210725488
0.46695994776663885	-0.8657388137636746	-0.18012416141329665
0.7655155489451525	0.29380506501102965	0.5724198879293648
0.8058727908661496	0.1329207816693202	0.576975832025935
0.17154455303602206	0.8802633115937954	-0.4423900638413977
-0.5666934896972742	0.45548717661679716	0.6865784155305088
-0.6253714680038436	-0.028730525937738866	0.7797981045668538
0.526487665964927	-0.7531257412424024	0.394477319328862
0.575952484666505	0.6572489442801885	0.4861096179351494
-0.591418715743981	0.3786183407186611	0.7119494748499978
0.5145699836138408	0.8569814964499718	-0.02829216686679653
-0.6208394596281647	0.3496153126134708	-0.7016605294262983
0.5689533708614445	0.042436011606691026	0.821274160499596
0.48990081413187675	-0.8196131022626794	-0.29703796880579214
0.6605219558033811	0.5713436334801177	-0.48711107396918507
0.9275680683187058	0.34014387141549335	0.15465970830822495
0.35732003574800214	-0.9285116084876874	-0.10093852067795603
0.1092697153311537	0.14889036114566992	-0.9827979393900665
0.687486540497629	0.30084879449878954	0.6609480005894766
0.7261354249799364	-0.2729240220694398	-0.6310624555197737
-0.009465792296935449	0.9137847016809071	-0.40608855899929774
0.21218107110450812	-0.16518742154781108	0.9631678508065608
0.7943755369817724	0.6031987279849851	-0.07154579514001225
-0.5691631570207828	0.780297642133873	0.25920819888740776
-0.31072515225277764	-0.2613105300944083	0.913874546433627
0.27844619340248555	0.8942616920066443	0.35037657397303157
-0.9088000864530955	0.36333570299544327	-0.20510867800181742
-0.16778236833066362	-0.034415855305057946	0.9852231350211863
0.07493480950372809	-0.9969443087581871	-0.022063987837651317
0.982971948329144	0.07012555980725828	0.1698486227784176
0.5562606840968891	-0.29617304649471743	0.7764377488621346
0.8303010062284741	0.15955523241553504	-0.533987234739566
0.0342679206262142	0.9417131486492385	0.33466708125702005
0.1784227104338061	0.3821854529078166	0.9066970916392647
0.8819747072468715	0.34640265188263664	-0.31957130432107334
-0.43621778067640643	0.856702680253963	-0.27527180289202624
-0.4646098074076408	-0.19315821533502311	0.8641918946097704
0.6314131532676169	-0.7564983259187676	0.17037521170272277
0.6208503497150344	0.6248201235001091	0.47343917933355306
0.17470798641806606	0.4540104124924603	0.8736999855958398
0.8112230857240449	0.43652670358500756	-0.38905210736553747
-0.5580270823805091	0.7767361086016491	-0.29203902637192747
0.25926887980812796	0.3655367820397078	0.8939588966720413
0.525532872735511	0.7231866185673486	-0.44812533336052923
-0.8103054039295305	0.585989740269554	-0.00460181066763754
0.28200642495728867	0.2468044719109137	0.9271245487676314
0.7694145455136738	-0.635446510448215	-0.06487672549669365
0.5731261932897465	0.731638766744875	-0.3690949492491633
0.9494998010831877	0.23487032784512035	0.20805301449609614
0.29730277852011616	-0.8854244171338892	-0.35725993258036975
0.10030546160207758	0.40107297420922955	-0.9105379090031098
0.7532022733835004	-0.03518602464172843	0.6568472265602088
0.562083955230855	-0.4842716750399272	-0.6704793598807209
0.3416840099301763	0.8742098652062528	-0.34497702667583585
0.6081762996751481	0.03650242372949444	0.792962269956974
0.3355750298075705	-0.9171131718392305	-0.21515768498623133
0.719382365563052	0.3969521420786877	-0.5700157971635953
-0.7388527815218362	-0.2069276939652545	0.6413092052260502
0.5258580272942499	0.41806879798497654	0.740737345677668
-0.4213904393405789	0.8845334417768607	-0.20007670531757382
-0.7619145223368045	-0.4001509439763696	0.5092793758705527
0.4501306581934718	-0.8925282097100706	-0.027852924910116317
0.4656915837832924	0.2080207126863982	0.8601504123621937
0.035331539787921584	-0.9262930742224598	0.3751437363780967
0.9825792606582018	-0.036334829682438397	-0.18225744614783101
0.1824545938599406	0.3750478913411627	0.9088725985417052
-0.6339832274233272	-0.5579271524016609	0.5355208305555212
0.6267707742855468	0.03494679811762824	0.7784196283514577
-0.4530161849728963	0.8291537938852476	0.3275367494469942
0.9909553048760169	0.0023714080105584207	0.13417138354406227
0.13312336663100127	-0.14332286197953814	-0.9806817661661821
0.016904230089194255	0.9896731448604846	-0.14234224020665764
-0.47372347433109074	0.8517687295198894	0.22377690068403838
0.8801701988981049	0.4493227219728674	0.15300167479659751
0.029773996025909008	0.2694422441469914	-0.9625561730255965
0.10747287766496871	0.05734105423460373	0.9925530636019795
0.9825271057608536	0.146459304811148	-0.11484841522387618
-0.1519541608894317	0.9875533785742923	-0.04059873710953665
0.345957460110196	0.291432836180764	0.8918409823448001
0.8527803851324401	0.2987065996221667	-0.4284156650678517
-0.39125317957490036	0.9087580917591869	-0.1451884297550332
0.37992238358842456	0.25654837882555936	0.8887305057048889
0.4408043038899946	0.7944542250877974	-0.417772725189432
-0.8132346205865484	0.5504774414652472	0.18874331330494343
-0.4319379410440203	-0.21508505957599666	0.8758812888935591
0.8938621192779762	-0.23148274948923064	0.38396125899469474
0.12016707871350363	0.9487645407771603	0.2922425693792172
-0.7721533271137364	-0.6203070407470681	0.13783473664792312
0.6253270266990538	-0.7803153082411249	-0.008609843452634665
0.11289530152715775	0.0795436667760126	0.9904178188870184
-0.5877682890749645	-0.7538457024527683	0.2936751525944634
0.7740866815126013	-0.6295514633987611	-0.06674402173443572
0.23519831602861743	0.18810000485372347	0.9535723047107292
0.03503027921625468	-0.7386944919698635	0.6731295024521036
0.8581220571132215	-0.32300117832756126	-0.3991199993670826
0.5122493676265538	0.5916085583664188	0.6225752155633916
0.9902632585304915	-0.06413523739315796	0.12355302557645588
0.13475646548404277	0.2190073332275163	-0.9663728488543228
0.034919533427883606	0.9736130952884186	0.22551755334803547
-0.7636634771865494	0.03018060247927208	0.6449086949680065
0.11172759373844858	0.9900131447774719	0.08597044820888534
-0.6358734452772543	0.137706588084262	-0.7594088866937407
0.7382292764371648	0.4168240520629543	0.5303538866010878
0.5578300580075115	-0.8193010985127409	-0.13255691743229372
0.3792666104396698	0.3937047365699773	-0.8373490422804388
0.0862737070183841	0.8835440631111892	0.46033328797543716
0.9244307867145912	0.10128430369758434	-0.3676536554948655
-0.37146274113502653	0.45726510731244985	-0.8080371610161166
-0.4078613086258198	0.8491528726423263	0.33554217590240276
0.9089187142557276	0.4125014157073831	0.06090445726808427
-0.08669442774336135	0.32982113474228725	-0.9400543044290373
-0.9629375079690328	0.1770260348327434	0.20350218361920785
0.25789342009650923	0.38326992015739825	0.8869019969384819
0.07900847813567141	0.9065130728753656	-0.4147188313649952
0.5936034277054674	-0.7340521923722192	0.32985201149888205
0.8025694113760402	0.509771416786593	-0.3098635870038718
0.05930691814481931	0.44866522207647025	0.8917298963022577
-0.6449611781413211	-0.17499497398768227	0.7439098317468384
0.3625530012327026	0.786848202045912	0.49942489749138025
-0.6727409605395818	0.5918164124254802	-0.444041590390039
-0.7950714864086086	0.43512978544805486	0.4225202969277764
0.4711124041694423	0.004317517067932375	0.8820626177795182
0.38198747903261776	0.9003573895194609	-0.20842777406096258
-0.9733477156514669	-0.14527851532818067	0.17744964756265427
0.19176818130673404	-0.09123918141480059	0.977190041093883
-0.1257743577776417	0.9851748904427053	0.11666724547543383
-0.5742701521226843	0.5206068327079629	0.6318087670480461
0.693233677289862	0.7197613862470609	0.037021825169550215
-0.43547773887096053	0.4592516440966678	-0.7742396698325029
0.9320413791171458	-0.35174941961223716	0.08701271985096953
0.3623135079473686	0.9011805253402606	-0.23791297296768818
0.005271581573024521	0.25327061919991073	0.967381105809811
0.9978387079324271	-0.011804218609756646	0.06464188560645104
0.06422214621844821	0.38339930546459	-0.9213471053323858
-0.01390787139862484	0.9235072457714033	0.3833287598405267
-0.8527842723280028	0.40737582884123374	0.3268086886022423
0.5109513872790706	0.5212487405412142	0.6835410962932598
0.10810950331766751	0.7498964492249021	-0.6526619727947169
-0.34110450161176464	0.4512230858243388	0.8246486802265257
0.7970447554620624	-0.32626041077935075	0.5082064562247416
0.4983647025729355	0.8306334156396854	-0.24835609928515723
0.4394104423019616	0.30201303702824245	0.8459944377246057
0.32776192555887496	0.8229525492800472	-0.4640271778542825
-0.8363555364496208	0.48118315338179585	0.26262556911241186
0.15677821705503225	0.40985582945532145	0.8985759788234582
0.9599952215531116	-0.27697456336413584	-0.041161460669405514
0.23201242477987633	0.8690818662880598	-0.43688321601662095
0.03915143930322906	-0.5985817148661743	0.8001044278269904
0.9980809254627219	0.06187046219118808	-0.002551888658516188
-0.04797531686150991	0.7986688779063066	0.5998553095838354
-0.9960927006083495	0.018068659957004914	0.08644567844677038
0.08633326234887789	-0.006913157627830735	0.9962423279824102
0.01859837646043644	0.9998128483766202	0.005326219490876638
-0.5702360302837706	-0.13348671208258034	0.8105628707654878
0.3355263893830322	0.8628068653340948	0.37813536618509913
-0.7498352564355669	0.4875916435191804	-0.4472152472540174
-0.8300438404435246	0.00320391856809793	0.5576889436303838
0.5492034770862313	-0.16917281016493968	0.8183862786345398
0.09696784878586243	0.9855811966584519	0.13866124583002948
-0.9311339434978763	-0.014206281142345095	0.364400550002602
0.26591350382686896	0.6573587850154964	0.7051024296125126
-0.24955878615791502	0.7534438329026625	-0.6083114357895412
-0.5786455131519117	0.16817852912398637	0.7980509710857154
0.5287424252885838	-0.6676628341334565	0.5240780358084347
0.6209676463464963	0.7252188099177883	0.2974169798991303
0.30060812813665905	-0.10598198688029187	0.9478410055252302
0.7236951447006532	-0.621953722371785	-0.2990633791766902
0.6212085727313126	0.775848816255323	-0.11026569493881411
-0.2456943096576656	0.2230152967228416	0.9433443081025434
0.8124823358714093	0.5781502991038154	0.07493120540273884
-0.5286839888806754	0.7848607577613955	-0.3232442278331147
0.9485310893952769	0.12093645128132913	0.2926826732180912
0.2292187985261404	0.3755210689809897	-0.8980215304510284
-0.21851204738604674	0.9188897112835976	0.32847250059069566
0.9998930101114321	-0.004556098767077707	0.013900010587198452
0.004739194727760469	0.9999020673306847	-0.013167983184806437
-0.013838654690104939	0.013232449200643497	0.9998166801591782
0.8938659806364243	0.2674227707899185	0.359845342229028
0.40575329521487746	-0.8239410580475963	-0.3955823508268237
0.19070362367598584	0.4996060393214342	-0.84500055230183
0.8630162916014371	-0.5050934236674547	0.009138588424502356
0.5051407163703323	0.8630287219146558	-0.003779128897384544
-0.005978051134841766	0.007877722909871383	0.9999511009976361
