-0.13787997794308926	-0.7117883468736417	0.6887281473392108
0.8627266728310476	0.2552564854532572	0.4365166830946116
-0.4865098145652189	0.6543710536759244	0.5788840336740828
0.7693835871009245	0.21781710378877311	0.600503626297781
0.25933224453237586	0.7526060945474635	-0.6052527186191023
-0.5837770831794566	0.621401461011386	0.522555778273861
0.9497520251109548	-0.10411369147105219	0.29518033478860145
0.1981651854634892	0.9299942254718963	-0.3095824605160129
-0.24228423404724705	0.3525210346024735	0.9038956079630769
-0.6098843861589782	0.40603875003788736	0.6805685630317908
0.7309106186186546	-0.04370395562667495	0.6810724130759351
0.30628532957029164	0.9128102199966057	-0.27012367382324376
0.5995299312121999	-0.5346791778556673	0.5955518771259833
0.6827090827636068	0.729994084725687	-0.031889568475931385
-0.4176986591943641	0.42570742656558624	0.8026836344875461
0.22889899456991725	0.8196433872330704	0.5251570889267134
0.9492782428203161	-0.06847194006291812	-0.3068915299124319
-0.21558308837395843	0.5687673612199624	-0.7937427926085545
0.9473029145093433	0.11268009919448511	0.2998672763200826
0.19524055586764327	-0.9452242148752261	-0.26159569751432554
0.2539651816816577	0.3063566203936743	-0.9174133788180601
-0.9936693394809979	-0.08219816405743248	0.07658136588612394
0.10860644486134878	-0.5284680968048501	0.8419775001709002
-0.02873819601115875	0.8449644563441985	0.5340497950612633
-0.98603379774172	0.06482459791101423	0.1534116071772811
0.07577707367066482	0.994894676495934	0.06665146499486282
-0.14830773687489038	0.07734567981294183	-0.98591199454988
-0.8901666014007925	0.22134742019628556	0.39825712965747595
0.4547429279595315	0.3769212829782179	0.8069319772501562
0.0285007231724915	0.8994085089715924	-0.4361789114206942
0.8951743954418578	-0.03487374145660599	0.44434966400586157
0.4430171607881647	0.17915976308663717	-0.8784290378499183
-0.048975473376963674	0.9832017094409252	0.17582889853475303
0.19307865240351696	-0.3765664117657759	0.9060454577535776
0.685269167641037	0.7126428875549169	0.15015419640473107
-0.7022298782212292	0.591893446785178	0.3956454799263597
-0.4427917909842851	0.8036174797311066	0.3976611322565402
0.8648848391183397	0.26585299079281244	0.42578915245665955
0.2364522042616073	0.5324670257932796	-0.8127540966016018
-0.8393657053949375	-0.48402506706748444	0.24735591170856785
0.5209772492585798	-0.8461841568041908	0.11204944680160112
0.15507391257662678	0.2229172654235162	0.962424009682987
-0.018024303557212962	0.5166831429227932	0.8559869475060364
0.5995573689333527	0.6907077875521044	-0.4042940929231997
-0.8001287932820522	0.5059261626307753	-0.3222307125751753
0.7325473781470646	-0.666948769100252	0.13621188701989398
0.6805811527359698	0.7136061499008293	-0.16605889727531567
0.013551136868923695	0.21434925290136633	0.9766630762295592
-0.21727062525711505	0.9187020884562171	0.3298180529724945
0.9623206811555305	0.2582000332894241	-0.08527396689316234
-0.16350040373264568	0.2988632052888498	-0.9401853022163964
0.11633115115104142	0.8695375255096583	0.47997036887959454
0.9221083458144504	-0.2741082590648296	0.27309496680053724
0.36903016387717114	0.41081523102605244	-0.8336951385883211
0.9165887500383839	0.011804972402801834	0.39965698533822974
0.05756337506490519	-0.9930468811279285	-0.10268568416888084
0.3956659211433428	0.11712614784352458	-0.9108951335566171
0.8163111529249976	-0.12777419357548725	0.5633026336405637
0.5663281096670222	-0.01477698237351821	-0.8240473972975766
0.11361590474593997	0.9916931966329439	0.06029950199375489
0.20970691207418424	-0.6598045387613044	0.7215822764302715
0.9762901491049091	0.10078945728274791	-0.1915699090707193
0.053670809468694014	0.7446472023251223	0.6652969173837675
-0.5055717612574242	-0.34265946324613744	0.7918217517010602
0.8460803760912334	-0.01718603727692214	0.5327782252645404
-0.16895322255696488	0.9393024711830505	0.2986062226696412
-0.30000202256808883	-0.17693114239032798	0.9373868770723801
0.8635648286622679	-0.46785230792619514	0.18806914862794666
0.4052833245429226	0.8659154628603107	0.2931481503043296
0.16099161990932842	0.6428173718002087	0.748910892450392
0.7473963651870531	-0.5749804666736724	0.332860535733672
0.6445776691944514	0.5061455220147643	-0.5730064039085867
-0.22292322209414506	-0.42588139639856826	0.876886693508785
0.9096488885350303	-0.41429021496446805	0.03004192689690105
0.35049127897588017	0.804356049263198	0.47975744848365953
0.9493903936543449	-0.013482919581753836	0.3138090045177164
0.18544752247107504	0.8304193570846805	-0.5253693060965839
-0.2535095596741636	0.5569756747458706	0.7908925343529257
-0.08484322657500387	0.0279557436626664	0.9960020598877344
0.8458840606841651	0.5302938748001074	0.057171340984410735
-0.5265755242933441	0.8473528679043669	-0.06863916133982428
0.923538361574127	0.1050064474430723	0.3688502957791442
0.10554902193676527	0.8550461275528851	-0.5076962908324303
-0.3686954009330319	0.5078087885732194	0.778584571885823
-0.961693812419691	-0.2610729639805444	0.08358180802120742
0.2658631049160575	-0.9625902012144161	0.052315523225745994
0.06679686069026021	0.07253283397471458	0.9951267092172346
0.2057283810784668	-0.16060883332408102	0.9653396479359536
0.24394279142341033	-0.9468847139183996	-0.20952625864131097
0.9477171243210644	0.27859314637289373	-0.15562169213404609
-0.3388190437351073	-0.24295017361475912	0.9089427202761382
0.8372322124262178	-0.5186038878608594	0.17347112143380433
0.42923638950854115	0.8197714441453543	0.37911858472714366
0.6404202577728267	0.19150542511979435	0.7437658002246896
0.49138973156587146	-0.8464279778490464	-0.20517263469087424
0.5902525096480378	0.4968755885169456	-0.6361734232032425
-0.32783832263858415	0.08597046656347962	0.9408140693507818
0.812613386794011	0.5335849630205651	0.23440684896459252
-0.4818521742326034	0.8413656554181421	-0.24479035126024362
0.7644502238130463	-0.26152871542647865	0.5892525658149987
0.5039163398655573	-0.32768833366842753	-0.7991800037501623
0.40209971117707066	0.9078673289556053	-0.11871282696630159
-0.9903138526992228	0.06833394557542771	0.12086746888272541
0.09656854028032555	-0.2865015408774503	0.9532006001377538
0.0997646740091364	0.9556397537550128	0.2771275353747973
0.7439911479386216	0.24783395294463692	0.6205284067283363
0.6126082835424114	-0.6238180916623837	-0.4853473801824033
0.26681128672564175	0.7412349966660623	-0.6159402706377219
-0.49276982519508694	-0.39733185147434	0.7741481119147524
0.8610332941882417	-0.0941348751504909	0.4997602340920554
-0.1256963232419624	0.9128340621845649	0.38850277893353324
0.3870845288202739	-0.4612346635578596	0.7983909773291871
0.8740434393275881	-0.09218898575176993	-0.47702123335807667
0.2936215825112098	0.8824759351045942	0.3674542015610719
0.7171513217996313	0.5923073974017389	0.36724096806350504
0.6746777242855752	-0.7221123215105556	-0.1528520967323444
0.17465380039918754	0.357387383808963	-0.9174804128156122
0.6230729678535754	0.7382100453706821	0.25850726419958314
0.7750339658452594	-0.5381757872376105	-0.3311935594442443
-0.10536806212656175	0.4067096641893259	-0.9074606440715209
0.4736054686054869	0.8095667277482448	0.34684228898733876
0.8399489750732534	-0.29671750397380214	-0.4543615764002805
-0.2649218363600259	0.5065179524543589	-0.8205217757385088
0.6489713280956985	-0.02765705980734634	0.7603100041118216
0.6950893150405666	-0.3847604062366725	-0.6072975167980079
0.30933324979080595	0.9226020360021994	-0.23047434507652942
-0.16190350052576785	-0.3526937668401021	0.9216259346121083
0.5649342845851635	0.7326290961835462	0.3796101441288545
-0.8090961071577047	0.582118299194777	0.08063358558831413
0.8888460509546572	0.3204725426577766	0.32749052979402404
0.45142030199058947	-0.48991142499716434	-0.745792535902561
-0.07856467815141824	0.8107306242271273	-0.5801236474125637
-0.2267800049701194	0.626127949914679	0.7460124795748354
0.7927337884709602	0.5636544765181088	-0.23209216212008502
-0.5658126633102444	0.5387554375008553	-0.624178346789626
0.10779093846855137	-0.07525151985766343	0.9913215030166451
0.8816919361293242	-0.4534785281792548	-0.13029410671592206
0.4593478456993049	0.8880846993612086	0.01746778211219846
0.06646952224979852	-0.6793720744614701	0.7307772485879692
0.9683609557852871	0.22048313679241172	0.11689416452836293
-0.24053869111327789	0.6998862556387986	0.6725328001260709
0.14789589444265483	-0.5143565127575953	0.8447272827314465
0.9826021110585819	-0.02059804187229264	-0.18457738760272308
0.11233830936161376	0.8573290491140921	0.5023614294458734
-0.4047893076641609	0.34743663124384927	0.8458329644029576
0.5218049706938609	0.847376336638425	-0.0983509871044603
-0.7509095744228784	0.4015484172240854	-0.5243030418230314
-0.11452728825940017	0.9650871435558788	0.23556380364373392
0.9931544234154086	0.11671484551621325	0.004683597605916759
-0.022973713116430663	0.23448763331843686	-0.9718476003604493
0.46421656436355563	-0.18597625044440175	0.8659767985582166
0.22946245348157224	0.9695795698364522	0.08521995187734868
-0.8554822989476253	0.15914864757955527	0.49276946350284767
-0.8097377883665331	0.369151098913806	0.45612737284886173
0.3803786183357119	-0.2616715117055759	0.8870400930480725
0.4468073643129553	0.8917709830065385	0.07146812620505738
-0.6971587070346188	0.14325606341009053	0.7024581393236631
0.3315155777602242	-0.8043611591192523	0.49305227654138006
0.6356627713718364	0.57661150352432	0.5132757690513936
0.06009127334733366	-0.32402744520280635	0.944137306551774
0.6729411447199707	-0.6854384179409736	-0.2780726361106943
0.7372511475816579	0.6520585786307219	0.17686253256020923
-0.9001780327968669	-0.42156808242869287	0.10936115008245678
0.43537849722771255	-0.8646012085899264	0.25081928605387865
-0.011183622923790972	0.2733955046854895	0.9618366933092463
0.48945101632493737	0.5408868849397541	0.6840168713698919
0.8663018984561339	-0.21182845640211112	-0.4523822783770353
-0.09979340333801778	0.8139840801627931	-0.5722509885458895
-0.5868239387626348	0.1917768757213791	0.7866761054167426
0.4326110585194187	-0.747001789837535	0.5048128346488696
0.6844598870217415	0.6365610386428513	0.35539373536982766
-0.34467138524495833	-0.8876692525491029	0.3053603351325094
0.9358717101209065	-0.3502719788896087	0.03812719502044898
0.07311483015566232	0.2989194521667575	0.9514732695812501
0.6469201180039119	-0.3558712486777417	0.6744256929316599
0.5486117596222693	-0.39708363251002754	-0.7357647219028641
0.5296409143239995	0.8459788668502225	-0.061646238464739156
0.7614645417286963	0.521222710580713	0.38535520972837645
0.583962366493169	-0.8096482595917189	-0.05880178789627771
0.2813533476068917	0.26980841668672123	-0.9208928884921419
-0.6911827924452871	0.3456205191095296	0.634675353387852
0.6255610691282201	-0.1536048525511391	0.7649045025778717
0.36185590532516365	0.925717022660382	-0.11003771052736488
-0.8971060568288951	0.09581998345775458	0.4312994940538032
0.19302760677156208	-0.7930984774503027	0.5776981461715579
0.3974179988688914	0.6015092150883202	0.6929975456947006
0.5636311764646252	-0.150789556955644	0.8121467887212404
0.3810902092995876	-0.8248399126585839	-0.41762347977738956
0.7328643457646844	0.5448868029219461	-0.40744106654631773
-0.445181589155742	-0.40087291859981083	0.8006961070281516
0.46697389212448087	-0.8669052453777062	-0.1743865809365282
0.7640345128008822	0.2962704822790958	0.5731274418305499
0.8106485729029467	0.12967533757767705	0.570993168150488
0.17059369980698955	0.8805568611224432	-0.4421734997897917
-0.5601309497220973	0.4558551536994023	0.6917003672177107
-0.6215563604134386	-0.029188971430731958	0.7828254561371998
0.5319404852542644	-0.7493163573683197	0.39441642552983264
0.5750713094713183	0.661568590946614	0.4812691435110451
-0.5893579990618634	0.3838566888504717	0.7108524399385214
0.5134465180944183	0.8573125973161556	-0.03725296685829815
-0.6237225521003029	0.3430293761586308	-0.7023539172623057
0.5663931041474498	0.038546908355583664	0.8232332521408756
0.4852680846573764	-0.8229777458829552	-0.29533458279445013
0.6661184110855798	0.5667642946037063	-0.48483450452209564
0.9280101944708871	0.33746369413012334	0.1578459188644321
0.35472951500981253	-0.9298672275956299	-0.09753927529216223
0.11385978279888609	0.14651004807748708	-0.9826345992653236
0.6825142735847647	0.3037933260695057	0.6647434703618291
0.7308518098637585	-0.2768804939325473	-0.6238532071717973
-0.005467940373629965	0.9116176869254435	-0.41100279136859275
0.20248319260877834	-0.16137698901487302	0.9658975225806566
0.7968019087748164	0.600548055781072	-0.06669895704119916
-0.5693042024118263	0.7831344074385111	0.2501863805289295
-0.31628264202056555	-0.25128727955528346	0.914778658195629
0.2809798184308228	0.8961995480739585	0.3433317807407498
-0.906099129229839	0.36562422398650946	-0.21284570665904945
-0.16566245096505838	-0.05000147421161419	0.9849141104263432
0.07334862430096271	-0.9965723506296187	-0.03825610113057641
0.983451031649978	0.06590449557672032	0.16876215751575396
0.5541025834846105	-0.28635126443647835	0.7816477981362899
0.8320627472840336	0.1619375306336881	-0.5305165603017589
0.02533597359144968	0.9443406109703708	0.3279922238625178
0.1699670636999746	0.39359011527385807	0.9034367816377193
0.8782539312736297	0.355320082442102	-0.3200276100834932
-0.4469689356763212	0.8478410583193345	-0.28527935496338985
-0.4667674946396554	-0.20218019754500588	0.8609595075661118
0.6337555339215257	-0.755471928199591	0.16618089218148427
0.6168322536732829	0.6232056911029091	0.4807625582398074
0.166971078012095	0.4476089732216675	0.8785026273147527
0.8138022344895295	0.4404666836023263	-0.3790976441185264
-0.5566386460239061	0.778225743423984	-0.2907199855958642
0.2594716027483608	0.37195835398417587	0.8912471432036007
0.5221401388577539	0.7223138585411804	-0.45346704968824036
-0.8124310203092953	0.5830177292850828	-0.006794452035566501
0.2810238839258148	0.25027863714067733	0.9264913277814615
0.7688042717772614	-0.6365450498021401	-0.06124043818774216
0.574426294976375	0.7295005163558125	-0.3712996475574928
0.9485717929644178	0.23499364602675982	0.21210737827647475
0.2999338763673269	-0.8814680286551924	-0.3647653824940073
0.10124832541597284	0.40962434105626616	-0.9066182635567641
0.7542284790731233	-0.03623968158415708	0.6556112314731363
0.5613332292756776	-0.48242622679254654	-0.6724358269854802
0.3406529128981328	0.875186620773756	-0.343517061807171
0.6058439184813392	0.04699024994039361	0.7941946001136723
0.33452605756872966	-0.9207645721034412	-0.20071103498983467
0.7218347894405613	0.38727834843908715	-0.5735590794186716
-0.7367115829677939	-0.21003502466577764	0.6427607112563228
0.5225931794038826	0.42637865557290744	0.7383072605036345
-0.4291298315913602	0.8798218742935904	-0.2043552229645349
-0.7603920932585939	-0.39974573079993553	0.511866403680726
0.4538970863696182	-0.8907971634913165	-0.02139739472451664
0.46452265767665835	0.21606425947632069	0.8587985423147639
0.03479922401103863	-0.9287324319496703	0.36911391717609454
0.9831168112529699	-0.03457579245724762	-0.17968263691226713
0.17963949855202177	0.369134913576059	0.9118492562584968
-0.632484006334415	-0.5585440361076431	0.5366493654703709
0.625317736797642	0.04066424937210611	0.7793100454050867
-0.45710142176265756	0.8284775063642871	0.32354800520320015
0.989513513005661	-0.003465324068851333	0.14439875036956945
0.14227711454910583	-0.14898625569281032	-0.9785501102601833
0.02490442239394472	0.9888331948027099	-0.14693087695065854
-0.47196441163639813	0.8511585070243781	0.22973634903675894
0.881125650355042	0.4467000933873635	0.15516641019925884
0.029447961476341267	0.27565961345063245	-0.9608041398105729
0.10870829888412081	0.06271321606807373	0.9920935229524077
0.9820523209940348	0.147963841704712	-0.11696127725966454
-0.15412898683878334	0.9870024083447729	-0.045502761868573716
0.3447290656046468	0.2798915233990563	0.8960036866312004
0.8538797022275225	0.30300612949441885	-0.4231745970786156
-0.3899375917389658	0.910959944573946	-0.13453867076290216
0.36546644543974327	0.2637850331222725	0.8926655216587681
0.44057330424103924	0.7957603424348646	-0.41552453717930987
-0.8199569749979395	0.5451448740551713	0.17460706011957128
-0.42535007040072426	-0.22583656425711313	0.8763989752701916
0.8976753821291903	-0.2284706571713495	0.37680242452896173
0.1151356848649071	0.9469947228238574	0.2999079342305806
-0.7697921199096183	-0.6237258093249525	0.13559574811545408
0.6280816754695964	-0.7780356166129856	-0.013190459467241976
0.11372555150167979	0.07501129290703765	0.9906764380321424
-0.5833120387654247	-0.7560016891133201	0.2969991775899904
0.7785548782347362	-0.624619389851014	-0.06085161788352374
0.23151537099773498	0.19573467725457894	0.9529368127592862
0.031433922228574995	-0.7431946417778388	0.6683364668832888
0.8618099172902698	-0.3185311812421434	-0.39474238819339236
0.5062564320514517	0.5883872967775514	0.6304798283825895
0.9895081435605604	-0.05818663013957282	0.13224201261450189
0.1417245172408654	0.21310251560840243	-0.9666961668767566
0.02806768676213217	0.9752956648700799	0.21911314667415938
-0.7675551798036133	0.031192216807307632	0.6402234700222168
0.10343574267490446	0.9917521188663188	0.07568871687020484
-0.6325820840759983	0.12431725678606731	-0.7644508660281923
0.7449471650040544	0.4203463837186441	0.5180372950349045
0.5501570233986582	-0.826297969299004	-0.12066033125046091
0.3773340310090655	0.37488742793937646	-0.8468048449409398
0.08858461282389762	0.8862827393027821	0.4545939643074875
0.9280022082857755	0.0923797270302773	-0.36094028238828635
-0.36189040853214743	0.453837957918648	-0.8142889168867935
-0.4161075428206842	0.8476130738312311	0.3292515601756575
0.9058747099240454	0.41787359762176324	0.06908448690314947
-0.07902861967514851	0.3270072376584603	-0.941711603300726
-0.9613959338021107	0.1789273859288763	0.20905226388017648
0.2629049478355275	0.37300213338703814	0.8898035720833654
0.08123328672635713	0.9104144106138573	-0.40564362940178955
0.5984723025590026	-0.7285644892390958	0.33320367358344194
0.7995451896829594	0.5169096658621763	-0.30582983339284237
0.05058055678386733	0.44944207898018257	0.8918763506884827
-0.6435898672236822	-0.16787154487560008	0.7467337056997513
0.3612605788350315	0.7934986530152923	0.4897455276392984
-0.6747465279545953	0.5849607098634884	-0.4500423212645923
-0.7938506070675562	0.43430020818114967	0.4256577766613478
0.4740496820247474	0.003538547897648181	0.8804909866949302
0.3808912083925115	0.900761237982955	-0.20868895398824083
-0.9739108131437915	-0.149598743699285	0.17063980756316688
0.1853359634422858	-0.09043370473080437	0.9785051485319745
-0.13095155095117694	0.9846024380084875	0.11580039020324573
-0.5726916730136149	0.5194766478647883	0.6341673753702799
0.6945045912892824	0.7184486312908471	0.03866441354029734
-0.43553142290651486	0.4625749415170163	-0.7722284656379583
0.9342675830168689	-0.34474270358878034	0.0910854085247274
0.3565668440406443	0.9017938907778293	-0.2441881739287945
0.002041826318017942	0.2606151317135725	0.9654406165410715
0.9974597919605956	-0.02297296561650531	0.06742556097436733
0.07109252572561303	0.38021658479499065	-0.9221611580590384
-0.004451539944593345	0.9246121302998446	0.3808839617186647
-0.8517379429888714	0.4091453064419848	0.3273264344497402
0.5121056972089838	0.5178546586102639	0.6852549215012962
0.11086131588244094	0.7512833491913296	-0.6506021041071663
-0.3445255224950161	0.46358714730668926	0.8163266020420885
0.7955595927788097	-0.3174616555632983	0.5160455712285732
0.49838448881074826	0.8272273291538765	-0.2594375593737217
0.4368519185944122	0.3079854248554337	0.8451658886260135
0.3171393955999813	0.8264977220477476	-0.46510656758248714
-0.8417737255218053	0.47121809549984617	0.263382804098214
0.15550630656079023	0.4116041522244713	0.897997667308438
0.9619484369045372	-0.2698427788052131	-0.04289614742139841
0.22466195351402757	0.8704980738624613	-0.43790422473984636
0.03355827380144483	-0.6007060757380422	0.7987653302634439
0.9984016763771606	0.056513577539709536	0.0005551224537550525
-0.04547455185862409	0.7974700158156822	0.6016424511353837
-0.9959953884655084	0.012847073629976044	0.08847677014101955
0.08841774859240818	-0.0050927902992659035	0.9960704619758671
0.013247184202332785	0.9999045035332692	0.00393648632612742
-0.5615590309793614	-0.13715748068272338	0.8159897549714026
0.3363946317678103	0.8631453096788237	0.3765884040929125
-0.75596964650925	0.48597119243039066	-0.4385680034891559
-0.8332461284577328	0.0038261515047353645	0.5528890033043361
0.5446547741777801	-0.1663937910907083	0.8219880067566759
0.09514234796109802	0.9860519595087901	0.13656305054195572
-0.9290364649401623	-0.013459734036196297	0.36974326548452685
0.26965284064382056	0.659625753551498	0.7015562777028918
-0.2533349410251273	0.7514736860404984	-0.6091869227458038
-0.5773589047687271	0.16936594692019144	0.7987314136229291
0.5261117614987877	-0.6709214153440608	0.5225618325570335
0.6243901901030304	0.7219277183046439	0.29825703687683913
0.3012894858371783	-0.10416490980066906	0.9478261007643688
0.7194395889809764	-0.6275403313309829	-0.2976572027683594
0.625804540995711	0.7715846059371706	-0.11413094387557043
-0.2492965478460034	0.2180587943288373	0.9435579438741003
0.8099479919649573	0.5810597112488719	0.07971111763933209
-0.5308817962070272	0.7841045683958432	-0.3214724627036807
0.9480240131672364	0.11731820073052084	0.29578186258734807
0.23394062146217814	0.3731168694773921	-0.897805985356124
-0.21569018542385623	0.9203370260338024	0.3262782591946305
1.0	0.0	0.0
0.0	1.0	0.0
0.0	0.0	1.0
0.8972609389820154	0.276589314922897	0.3441237542623212
0.4036604402511463	-0.8296517172264308	-0.385663424606852
0.17883248125931359	0.48494987264016964	-0.8560622434571683
0.8660050233886175	-0.5000352895143851	9.33056536433766e-05
0.5000352928098644	0.8660050263909547	-1.4496731091580695e-05
-7.355428791746688e-05	5.921036178840442e-05	0.9999999955419498
