0.067915671596   0.321697342289   -0.944403664497
0.590625469765   0.749933605054   0.297928082722
0.804082717148   -0.578022843817   -0.139070399472
0.59369388313   -0.308253301528   0.743308465734
0.584346533952   0.800217486328   -0.134874396506
-0.553232954001   0.514423829805   0.655210975134
0.90959424952   0.187060674241   0.371007554362
-0.103774664082   0.966903136432   -0.233086129689
-0.402329616528   0.173512618882   0.898901691373
-0.630127026376   -0.59415295116   0.499922195206
-0.776455822636   0.488356009396   -0.398277244619
-0.00750240798911   -0.639132755157   -0.769059838478
0.712608112974   -0.251734966072   -0.65484286984
-0.17228581801   0.842030515305   -0.511177276693
0.68007887354   0.477089214038   0.556667412027
0.001985769411   -0.5269647422   -0.849884825843
-0.992941391679   -0.101826790188   0.0608169178059
-0.118589415258   0.843765053364   -0.523447309011
-0.77503253855   0.333024304886   -0.537046903487
0.628497319635   0.31788029447   -0.70988959536
-0.0656938612159   -0.887720074541   -0.455672454572
0.603163633699   0.776917925492   0.180533010919
0.752858188486   -0.629296816133   0.192847258818
0.263435341236   0.0195973021846   -0.964477976283
-0.858322690714   0.490198468138   0.151616689191
0.493041449156   0.869755482641   -0.0208693514488
-0.142099570795   0.0568406742659   -0.988219029228
0.82827025946   -0.434463420311   0.353850128877
-0.33958412764   -0.891530578431   -0.299759650348
0.445702813038   0.128120116039   -0.885965145091
0.633244641721   0.271780128553   -0.724663222094
0.561406414431   0.483213451639   0.671809197608
0.532751406913   -0.83225015583   0.153413221573
0.263976389241   0.207344584915   -0.941979134073
0.359669026763   0.885019437246   0.295599030586
0.894960701434   -0.416831883141   0.159048810392
-0.112891053407   0.942892159896   0.313384723411
0.884138760257   -0.0485905677126   0.464690875035
0.453380924469   0.329535023231   -0.828162064931
-0.595982408082   -0.540907200527   -0.59348493635
-0.727362880365   0.676786063867   0.113595176049
0.340217885367   0.499379639325   -0.796788407486
0.675399987881   -0.701968812965   -0.225996995542
-0.345889582257   -0.0308864981285   -0.937766719989
0.65130273549   0.711537637695   -0.263664439936
0.882049891742   -0.345825147066   0.319988993771
0.0977284603047   0.798675743719   0.593772855931
-0.460909032809   -0.492465251618   0.738268812442
-0.330440670536   -0.522523318314   -0.785988769051
-0.860682206988   -0.174941912298   0.478143771157
-0.387343648238   0.834484696768   -0.391918600005
0.678606988022   -0.702009065122   0.216045893954
-0.676151935362   -0.711954630336   -0.189576276599
0.286899139271   -0.0174320632604   -0.957802175324
0.0474176239418   0.905753690397   -0.421143468752
0.962003971065   -0.154904877866   -0.224839583855
-0.268886460415   -0.394480330493   -0.878683868214
0.455487161696   0.243691641921   0.856239352744
0.752037927589   0.409383742018   -0.516569363433
-0.476414106631   0.879215181528   0.00320368133509
0.816020012049   -0.415191883625   -0.402153005344
-0.362536242472   0.174252345514   -0.915534594091
0.450198637081   0.892889589958   -0.0083287043078
-0.53135801294   -0.123780708538   0.838055486396
-0.502210353769   0.842714526122   -0.193950993886
-0.682234140637   -0.52393755702   -0.509947069501
0.983922589677   -0.161760527179   -0.075695900611
-0.066632998581   -0.725728557499   0.684746744666
-0.16569967116   -0.668693945447   -0.724839310675
-0.397468274852   0.570976043173   -0.718335108852
0.718984619649   -0.292623581334   -0.630422522087
-0.570157949339   -0.7670448473   -0.294214403176
-0.0722490231768   0.77375068211   -0.629356783219
0.680186730244   0.499729569143   0.536298769087
0.729469732512   -0.389333070337   -0.562399919711
0.824168777146   -0.374393896011   0.424941216414
0.228274152351   0.906278107013   0.355739938884
-0.518301782889   -0.196186654436   0.832390568469
-0.0095723209895   -0.566215108539   0.824201930071
-0.527186412979   0.703242656022   0.476995023791
-0.84969574357   -0.429942109606   -0.305232576482
0.829964901229   -0.0199860498114   0.557457460746
-0.167691442465   0.94419155196   0.283517007128
-0.532013010041   -0.328790010523   0.780294358642
0.679622313392   0.702181604977   0.212260464455
0.613276552894   -0.702642445942   0.360812226555
0.402498920259   -0.115041674155   -0.908162998805
-0.866666057974   0.434096073444   -0.245866921274
0.34782292072   0.879061102288   0.325992015646
0.357643900798   0.197008064465   -0.912840984377
0.849172124252   -0.486053413093   -0.206540027632
-0.201227103719   -0.65937393336   0.724385027961
-0.48827692565   -0.573566121407   -0.657729084237
-0.275143864   0.469694352781   -0.838858193659
0.892802555538   -0.198853025744   -0.404179503411
-0.356650320241   -0.86014224935   -0.364631128614
0.992155988762   0.0664035971735   -0.105910604978
0.124993530064   -0.515028960788   0.848010487548
0.00176391799569   -0.854596824141   -0.519289087851
0.0659582293363   -0.398016530456   -0.915004018279
-0.802330725802   0.524019080206   -0.285778603141
0.593224172144   0.752985288743   -0.284777521093
-0.323901947858   -0.928421250904   0.181993156583
-0.926876547746   0.272826085352   -0.257809604923
0.189703435426   -0.252190221898   -0.948900784364
-0.581112810363   -0.737888558326   -0.343261383095
-0.23125619778   0.5541229222   -0.799667654767
0.780274613595   -0.385315795919   -0.49264923099
0.915885790461   -0.314148634672   0.249927697877
-0.386715162125   -0.523377456946   0.759294027991
-0.107724659273   -0.792077441223   -0.600840016053
-0.00920777267012   0.0125880970832   0.99987837097
0.753816515857   0.657083624711   -0.00133062318904
-0.657020454281   0.753712577809   -0.0155393921261
-0.555343526461   0.828795587473   0.068494100501
0.632896536822   0.367773701028   0.68131085307
0.539477099882   0.42171125076   -0.728782601114
-0.271991383535   0.916994617658   0.291790264519
0.887471434994   0.356262617711   -0.292354920074
-0.372041851614   0.179437505575   -0.910706891508
-0.734427591321   -0.151365270293   -0.661592524183
-0.576914343917   0.652678611081   0.49110128326
0.357471611304   0.742360549589   -0.566669975846
0.672623608734   -0.73597400374   0.0769398907753
-0.212259284076   -0.291497175455   -0.932724714493
0.708888903354   0.611041457284   -0.352285197223
0.0506018905596   0.274076871582   0.960375612527
-0.947022879918   0.318537363825   -0.0410074719916
-0.317154715531   -0.907422622768   0.275675661068
-0.245092061441   -0.965870420893   0.0838105689198
0.00279254142655   0.0857435482397   0.996313327045
-0.969495788093   0.244422531652   -0.0183178298303
0.840618755368   -0.38374026854   0.382234894306
-0.537889261306   -0.508695538657   0.672238046768
-0.0635236231366   -0.770695955128   -0.634028780145
0.11647973185   0.427762315664   0.896354769813
0.992842469523   -0.0261714876333   -0.116528468396
-0.0263875497084   0.903512287981   -0.427749041714
0.775883527503   0.545511553205   0.316894141742
0.261435495137   0.179127290322   -0.94845395025
-0.574156976473   0.818737173446   -0.00363416912752
-0.167826151586   -0.392728885796   0.904211482511
0.144701892012   0.897472263404   0.41665921191
-0.975138833855   0.200767424356   -0.0937907032997
0.49231851109   -0.404735590224   -0.770591711378
-0.865689751795   -0.135556132808   -0.481877358355
0.0905744846814   0.904330490952   -0.417112246116
0.0803178751506   -0.989776796277   0.117859800114
-0.934596197293   -0.115886222779   -0.336303927089
0.346524150582   -0.0831401041715   -0.934349365142
0.648567267567   0.608387256474   -0.457411680657
-0.190397447867   0.71151022971   0.676388944959
0.736959504509   -0.351593713223   0.577297626477
0.531102312592   -0.826632011074   -0.186037232368
-0.82635860832   -0.55385338044   0.101871897158
-0.187247921254   0.0996290682666   -0.977247289453
-0.857930331302   0.472095321914   -0.202685849676
0.513765088833   0.787583335143   -0.340232161473
-0.000990014321471   -0.396028404576   -0.918237726648
-0.211801066205   0.858021419354   0.467909769383
0.708349234722   0.464632048739   -0.531374087582
-0.673336223609   0.218897928758   -0.70618837909
0.860386146349   -0.312142238656   0.402868343282
-0.459142273785   -0.817824229472   0.346917716629
0.221187819725   -0.483457084481   -0.846962334387
-0.14054674005   0.765182396967   0.628285375632
0.761899583053   0.48883495995   -0.424911058075
-0.632262318349   0.418970501709   -0.651696309253
-0.517865782637   -0.854533802937   0.0398373042779
-0.82481716228   0.511125439723   0.241717673486
-0.226917782428   0.0923188198897   -0.969528522279
0.39582896039   -0.625568504332   0.672297166813
-0.725895873159   0.235278847198   0.646311879352
-0.56248965808   -0.743846698218   -0.360967414185
-0.37865540585   -0.281320079584   0.881747751028
-0.139044126056   0.959165492603   0.24630933561
-0.915033777863   -0.0293354840032   -0.402309103487
-0.660320834654   0.742337476537   -0.113628633056
0.721110549937   0.669005044777   0.180088380613
0.209704482764   0.0369773037265   -0.9770653555
0.190639831512   -0.759442840204   0.622015294912
-0.565114950695   -0.603014771402   -0.56304376204
0.802683964673   -0.244171574786   -0.544131137616
-0.255148426412   -0.904050074409   0.342917983577
-0.874199848491   0.0641570112095   -0.48130915513
0.413126984592   -0.422584122837   -0.806689998529
0.267940278463   -0.959953251595   -0.0818398553873
-0.764663646073   -0.160216244639   -0.624195693135
0.586086610965   0.229827130049   -0.776969738627
-0.842840958055   -0.000371227769838   0.538162597749
0.389867494735   0.688914771604   0.611064459787
-0.37097500721   0.724842258464   -0.580500856476
0.810270582107   0.219271173824   0.543490327514
-0.464746179608   0.805373825345   0.367945634556
-0.357033012916   -0.550720576862   0.754476158609
-0.569159929577   -0.781313534234   -0.256136947329
-0.755978501263   0.619768848652   -0.210672921537
0.323347305837   0.0737274403741   -0.943403828879
0.632054780634   -0.774747269842   0.0165354815396
-0.519752296736   -0.408004675582   0.750592922123
-0.574773263396   -0.483010199246   -0.660557978613
0.783088613266   -0.456457138155   0.422396856996
-0.610243714992   -0.694912155178   0.380394144144
0.119895087829   -0.555647350046   -0.822727895662
0.85655026737   0.391693114522   -0.336003189724
0.433362840814   -0.899465666963   0.056197528019
-0.280211148368   -0.193747304471   -0.940182798364
-0.29200098248   -0.86779034284   -0.402088730387
0.0145899112215   0.416320531582   -0.909100846702
0.956306729413   -0.27132477929   -0.108905020188
0.642655682053   -0.194579553366   -0.741034730453
-0.662299897069   0.345151963256   -0.665002983905
0.385165575652   0.918155171892   0.0929438521917
0.940450104154   -0.260906863025   0.217901836667
-0.283738653284   -0.249481214738   0.92587877183
-0.187205710994   -0.932569961086   -0.308653996332
0.849910488487   -0.377072870964   -0.36806006513
-0.349819711559   -0.926140902856   0.141029066018
-0.394053715838   0.00889258343013   -0.919044390111
0.118360108934   -0.388167129734   0.913956872072
-0.178676954155   0.897077222449   0.404137356622
-0.976762729975   -0.211136771684   0.0368216373274
0.464804555083   -0.330297097599   0.821498967067
-0.860317639222   0.0508550066434   0.507215267852
-0.209309066257   -0.942506018876   -0.260522780512
0.906303630184   0.398284560052   0.141361731525
0.27715608764   -0.812629418488   0.512657713579
0.319058353596   -0.425444282407   -0.846875982401
-0.0193917922401   -0.0852420674767   0.996171545632
0.964327037894   0.26149608718   0.041148030034
-0.264002504495   0.961433089883   0.0771303526396
0.5407649233   0.218678229836   0.812251887978
0.718189860366   0.382681725614   -0.581169528924
-0.437923077944   0.897627165741   0.049888366649
0.897141100928   -0.379810312588   0.225570324903
-0.206582101755   -0.812084689615   -0.545749294207
0.390463417313   0.443015330824   -0.807016565131
-0.391519175102   0.790313491402   -0.471293242934
0.904477776046   0.424718518255   -0.039168008512
0.169211962244   -0.441609290617   -0.881106433
0.838142959254   0.541646825818   0.0643047116095
0.3248710336   -0.401016705908   -0.856530450778
-0.438149736256   0.738785704832   -0.51207469275
-0.36847778287   -0.890269764174   -0.267663726585
-0.555226043281   -0.0201756962793   0.831454738481
-0.745619316001   0.454986470434   -0.486866662782
0.407619228755   -0.911408825516   -0.05639607363
-0.646153754577   -0.244244280344   -0.723069883874
0.645237855209   0.33117772312   -0.688468899743
0.0432930994998   0.669126450605   0.741886447266
0.97897454844   -0.176574552197   0.102128649371
0.199335247866   0.721866483927   -0.662702224488
0.117032961856   -0.159263303411   0.980274699269
0.808171942801   0.588946066436   -0.000801061257796
-0.577201348499   0.792324258758   0.197638235863
0.453335443019   -0.727304374666   0.515281789601
-0.809930067737   -0.0947517383819   0.578822419615
-0.372156232619   -0.679742932781   -0.632020002735
-0.0971894852528   0.190099997563   0.976942267937
-0.614048274572   0.761045173088   -0.209176865391
-0.783261719001   -0.620219505857   0.0427649868733
0.325355758604   0.670299488629   0.666964936025
0.57259943236   -0.7009775065   0.425159294197
0.752511475264   0.243575719081   -0.611880175092
0.806216570099   0.559948140664   -0.190978851878
0.364872998016   -0.216499337186   0.905536157377
0.465706492779   -0.799741281143   -0.378855309872
0.897208089221   0.301737741324   0.32244686399
0.379145043126   -0.151954654102   -0.912775338936
-0.226421467423   0.941203547888   -0.250737313802
0.347793729561   -0.267834064798   0.898501216144
0.787428441492   0.603626805674   -0.124864442505
-0.50891646781   0.750932482455   0.42083777823
-0.513597925589   0.0167377301799   -0.85786771662
-0.828812430053   0.249013233467   0.50106123912
0.222007041826   0.968355439881   -0.114020241329
-0.728309484617   -0.324160828191   -0.603725974332
-0.285892298731   0.944432984576   -0.16220952861
0.622760698939   0.0544618684231   -0.780514584582
0.205628452274   -0.614623006687   -0.761548093863
-0.941456934767   0.0882014151495   -0.325391072932
0.267162459178   0.783874396837   -0.560504371427
-0.313497657531   0.527047551512   -0.789898789192
-0.215864784807   0.770499794   0.599777010335
0.924727859104   0.358540019929   -0.127778874257
0.269212002923   -0.362196288912   -0.892378140577
-0.0137565724652   0.92504614288   -0.379605571951
0.962982686343   0.114470440903   0.244050945426
-0.50709074997   -0.850814350397   0.13774582554
-0.177523134064   0.259493583245   0.949288479403
-0.843412418788   0.456922336304   -0.282626025729
-0.670448745135   -0.714689177401   -0.199293401428
-0.660826364528   0.697323269101   -0.277576609813
0.337352925127   -0.054402555788   -0.939804961591
-0.216831579065   0.968063123663   -0.125848539618
0.601355472898   0.234007696715   0.76394501968
0.768996528949   0.0899676968809   -0.632890315917
-0.0287400861331   0.738139096208   -0.674036113349
0.93319457021   -0.221839809303   -0.282727772139
-0.358220465048   -0.637132461626   -0.682451701414
-0.935645836024   -0.352935256918   -0.00189049058794
-0.321851206261   0.851018094595   0.414945784049
-0.144840155202   0.388850751697   -0.90984417476
0.523208186347   -0.00576081754209   0.852185429775
0.237362019483   0.961391577274   -0.13923184569
-0.818481805202   0.27512369605   0.5043753428
-0.642881878957   0.0503449920412   -0.764309015703
0.20859732238   0.971629941412   -0.111455883864
0.737014278562   -0.231085782186   -0.635145112921
-0.0750921182498   0.829838175249   0.552928364869
0.852527603492   -0.234203667566   0.46727435986
0.51725995308   0.50647531529   -0.689873101332
0.250365835794   0.663158573273   0.705363491372
0.837451057978   -0.513916834024   0.185917221361
0.485790771587   0.544160081594   -0.684030066474
-0.750937040718   -0.623748983664   -0.216865779358
0.115802585431   0.198929427066   -0.973147904614
0.650141001695   -0.755886425613   -0.0771517303047
0.903765917562   -0.242025067238   -0.353031206952
0.269037671762   0.962700474632   0.0287493880883
0.332905237907   -0.120961411083   0.935169738391
0.879758288132   -0.225026146545   0.418794207021
-0.264386012465   0.500549105448   0.824348609174
-0.395127056624   -0.835950851669   0.380868458549
-0.870593954445   0.386976252418   -0.303834735585
0.485865508154   0.578978234627   -0.654766303207
-0.0774653113974   -0.717658403346   -0.692073364346
0.425434238264   0.720456045368   -0.547675812507
0.864395010413   -0.502710772529   0.0101560403927
-0.268005550103   -0.477728966963   -0.836628985416
0.411166790416   0.816945752376   0.404402655942
-0.39498732994   0.559496795399   -0.728662023935
-0.821539335422   0.139867700388   0.552729723049
-0.526432149376   -0.715551308501   -0.459190066319
-0.501205851798   0.697442587309   -0.512217269849
0.686776445597   -0.0394988899873   -0.725794703386
0.885296197674   0.419337869272   -0.201013416912
0.240858530375   -0.0437202453446   0.969575014371
0.397791164721   -0.906776869765   -0.139706469888
-0.0243493898305   0.999142265863   0.0334938767742
0.999186238739   0.0254007747183   -0.0313314691353
-0.0321553654831   0.0327037185989   -0.998947695958
0.164334368828   -0.896201054738   -0.412089656153
-0.647846386828   0.216973265533   -0.730217543694
0.743834171234   0.386970633938   -0.544944450539
0.65100395989   -0.663207844848   0.369254923785
-0.755913229688   -0.610766213785   0.23571130919
0.0692028423477   -0.432573677691   -0.898938807695
0.282438680476   -0.867851169259   0.408733091132
-0.620015402561   -0.49027332142   -0.612546301018
0.731989953728   -0.0804140430481   -0.676553242045
-0.935096163711   0.16310576426   0.314629423732
0.34209785547   0.647265330007   0.681187675941
-0.092543081293   0.744610033666   -0.661053459161
-0.237737187477   0.5059568857   0.829149358984
0.928670797065   0.368592592211   0.0413527707256
-0.284695592466   0.7798378875   -0.55749555052
0.727022527111   0.500241313924   0.470315716212
0.63565920051   -0.231423350034   -0.736464944085
-0.259568152669   0.834387116932   -0.486232982445
0.366281895844   0.307971101988   -0.878061144293
-0.582470491916   0.81177912201   0.0417466539347
0.725648467803   0.496153663101   0.476724075087
0.999930864594   -0.00871689599602   -0.00789187910076
0.00892535322009   0.999601612895   0.0267759886349
0.00765533156977   -0.0268445752746   0.999610306408
0.724707970663   -0.64730572557   0.236206805366
-0.443241619759   -0.700391620848   -0.559453701355
0.527574851344   0.30074386958   -0.794492228495
0.861355635419   -0.149308838989   -0.485564969836
0.174265219363   0.98467828021   0.00634963012489
0.477177223527   -0.0900863756745   0.874177523313
