0.0664533529427   0.325852748677   -0.943082148098
0.585897625401   0.752321040361   0.301225870038
0.807655820528   -0.572567060186   -0.140922096059
0.592241544732   -0.3150992281   0.741594518012
0.587486971554   0.798758778806   -0.129782400714
-0.55146079729   0.512539646986   0.658174824283
0.910393092572   0.188772979716   0.368170041049
-0.104148262354   0.965753526785   -0.237641042228
-0.400421723244   0.17800249333   0.898875717729
-0.62381809395   -0.598701247235   0.502402032459
-0.781545660476   0.48287272134   -0.394994070306
-0.00611279407746   -0.639054576343   -0.769137102345
0.711902266027   -0.267075399501   -0.649512043465
-0.156634968024   0.841181928565   -0.517569753605
0.684587942062   0.470195378578   0.557005974426
0.00607737457184   -0.531851292143   -0.846815959087
-0.993433212536   -0.0999651365686   0.0556545029683
-0.114251992316   0.840916865401   -0.528966263325
-0.776323589699   0.329156413922   -0.537566497515
0.626780234917   0.312665635357   -0.713713344126
-0.0668447544283   -0.891008560924   -0.449038442858
0.603895276018   0.776147737045   0.181397866257
0.752131251585   -0.630230531123   0.192634519311
0.263835319836   0.0201039279722   -0.964358209426
-0.853438964291   0.498361816878   -0.152569438969
0.501819112819   0.864790641828   0.0177404570248
0.140781789445   -0.0614218632374   -0.9881335145
0.825581335361   -0.429188479944   0.366350525299
-0.331484659299   -0.89427377288   -0.300653188555
0.456654551442   0.126774081825   -0.880565132642
0.62100129721   0.277938722574   -0.73287615281
0.560073319737   0.496771898932   0.662974778517
0.548338641153   -0.822172577337   0.152829930619
0.264850034072   0.209972288008   -0.941151474377
0.358101468842   0.884791964533   0.298171959634
0.89533111052   -0.415998579045   0.159145797201
-0.125638178291   0.937177765837   0.325442596131
0.876122588625   -0.0490859544235   0.479582921692
0.465429111526   0.345381534392   -0.814915540314
-0.598047447418   -0.534587793901   -0.597122383812
-0.727225053997   0.675117252352   0.123937147037
0.33687233706   0.508362652236   -0.792517786763
0.673506385263   -0.705768445474   -0.219727218124
-0.339253682607   -0.031038204484   -0.940182731547
0.656731366579   0.707762340928   -0.260338973102
0.883502346248   -0.334447352034   0.327976482225
0.0824906393415   0.800309191708   0.593885925148
-0.461106168464   -0.497644618564   0.734663824493
-0.325501961324   -0.521681934803   -0.788604103511
-0.86071397544   -0.181790210508   0.475524733159
-0.391433168826   0.833546806283   -0.389845861949
0.673806718355   -0.703390116014   0.226333495074
-0.676382730628   -0.710458416437   -0.194307077129
0.297474214022   -0.0221626534372   -0.954472581474
0.050951326995   0.907130201401   -0.41775442545
0.962859300539   -0.155675697815   -0.220606084402
-0.265152653471   -0.390998561143   -0.881370634604
0.454959782621   0.245414217011   0.856027720513
0.750981168042   0.410874262314   -0.516923230098
-0.478580067955   0.878039977824   0.00262980972233
0.821672467636   -0.413899426482   -0.391843872847
-0.353914757114   0.168380767905   -0.919995794391
0.446764703873   0.894614543677   -0.00813127392607
-0.530523192034   -0.13396902902   0.837016990256
-0.494224984268   0.851118825772   -0.177026578065
-0.688684839125   -0.507591414111   -0.517749117508
0.983007274554   -0.16959703837   -0.070239182445
-0.0759894258684   -0.724270719378   0.685315644217
-0.167099686806   -0.668332828483   -0.724850967469
-0.403466673027   0.564277416248   -0.720281640242
0.714134901787   -0.297943292551   -0.633435976617
-0.572036699701   -0.769948564475   -0.282760008237
-0.0644595038753   0.767145755947   -0.63822594862
0.693226754981   0.494472999123   0.524340651978
0.717831204768   -0.408636565018   -0.563679447196
0.823871588262   -0.373164262926   0.42659587308
0.226851842135   0.90686107409   0.355163672156
-0.519397581603   -0.195835199017   0.831790073908
-0.00831959450598   -0.571408336723   -0.820623724414
-0.523205815058   0.701843267837   -0.483396009997
0.852165746458   0.425333445799   -0.304803215941
0.82980784858   -0.0139020396133   0.557876032582
-0.173345990243   0.943815073903   0.281361464915
-0.530443307152   -0.330181525176   0.78077529311
0.670789404395   0.707117440388   0.223666046707
0.614627713663   -0.698800189165   0.365938614006
0.415059451824   -0.107996394022   -0.903361738358
-0.865631587435   0.435987582953   -0.246164137002
0.351206784431   0.87915624996   0.32208396844
0.356841350469   0.192351541889   -0.914147217317
0.854263964742   -0.479710682571   -0.200276657577
-0.201460399401   -0.660666385697   0.723141503638
-0.479214759806   -0.577405912542   -0.661026191725
-0.278198953173   0.469672772238   -0.837862058737
0.892892573757   -0.195071180512   -0.405820263496
-0.354045469091   -0.86101958256   -0.365098732214
0.992816726199   0.0643454054623   -0.100869306413
0.119617187085   -0.515607039729   0.848434504918
0.00258393774798   -0.854405670263   -0.519600109592
0.0701033385629   -0.39975364323   -0.913937933695
-0.804225519148   0.519398460812   -0.288871170693
0.590175258947   0.755263042675   -0.285080515111
-0.329811794327   -0.924573801273   0.190754990293
-0.923229811966   0.273687270422   -0.269707234434
0.197157030359   -0.265063320751   -0.943859386441
-0.587266616462   -0.724150744233   -0.361557216517
-0.240322669102   0.582561996329   -0.77644480496
0.772892577209   -0.369089718172   -0.51614905215
0.913135188783   -0.315751964763   0.257846512008
-0.394011036535   -0.521315226433   0.756958214023
-0.104591730529   -0.792799553126   -0.600441036629
-0.012211148422   -0.000511778468426   0.999925310179
0.759208063323   0.650777126791   0.0096045734295
-0.650733435778   0.759268641081   -0.007558189745
-0.555507157491   0.821623999014   0.127850702856
0.591641083033   0.282517866847   0.755079124185
0.584271021739   0.495093586262   -0.643047209775
-0.274889239273   0.918659742374   0.283725543217
0.88314478197   0.357915582009   -0.303235436969
-0.380119981336   0.167214574415   -0.909696699946
-0.73289576025   -0.145796521357   -0.66453531055
-0.58458910632   0.634610984575   0.505494287829
0.348022098982   0.758954723693   -0.550334758128
0.672434280478   -0.736307481445   0.0753885349761
-0.213911559561   -0.290836782599   -0.932553382157
0.708571791087   0.610954383449   -0.353073304316
0.0515589197231   0.27723526228   0.959417681276
-0.948782017881   0.31344167034   -0.0395853740584
-0.311695942133   -0.908237264509   0.279196545493
-0.241697095787   -0.966747729651   0.0835544200114
-0.00132331330204   0.0864356616853   0.996256555929
-0.970350845174   0.240681747551   -0.0221705585321
0.839698350214   -0.374421907891   0.393338169442
-0.540811872622   -0.510824711804   0.668266886985
-0.0492869057588   -0.773864554494   -0.631430480908
0.115796591632   0.423642416404   0.898397602618
0.993037104264   -0.0296677454769   -0.114004975477
-0.0216439118816   0.905343541371   -0.424128062237
0.776589413379   0.54488765513   0.316237768641
0.261313266327   0.178151593551   -0.948671379645
-0.573257585968   0.819365274467   -0.00403573141474
-0.167158210362   -0.387782548484   0.906467223787
0.134116535331   0.901913506911   0.410566414849
-0.976765523378   0.190201790586   -0.0987541958523
0.488424324045   -0.41395609876   -0.768167968599
-0.866599602032   -0.126996380088   -0.482573361472
0.102209634769   0.90139462376   -0.420762311544
0.0811299155332   -0.988861818555   0.124780770195
-0.932074816213   -0.119619885261   -0.341946808777
0.353064404589   -0.088562897733   -0.931397948976
0.647477066058   0.604337490549   -0.464273245455
-0.184608643682   0.715449317392   0.67383375021
0.739386974193   -0.350583045455   0.574802949395
0.527354995418   -0.827266316331   -0.193719257361
-0.827050728611   -0.552041173735   0.106007711066
-0.194637614845   0.104311956963   -0.975312880322
-0.855504896513   0.475595505335   -0.204744443997
0.517784295744   0.783258113302   -0.344101948596
-0.00328559321545   -0.400394359666   -0.916337034952
-0.213228593857   0.857419895411   0.468363843305
0.708110921674   0.465917723399   -0.530565356604
-0.673136308163   0.218521847824   -0.706495373414
0.86247418958   -0.317808529414   0.39387308989
-0.460151230622   -0.816440262429   0.348835409388
0.210710980409   -0.48210272403   -0.850398639591
-0.136986109285   0.753731968295   0.642746393092
0.776348567037   0.484695991861   -0.402930140264
-0.615237928221   0.443799409017   -0.651555351627
-0.517990957331   -0.854849213363   0.030301658943
-0.821941776932   0.507234599047   0.259084497535
-0.236848228737   0.109297227512   -0.965379216993
0.390994813333   -0.624415909445   0.676186237644
-0.727692673648   0.240109271336   0.642503626867
-0.5635480713   -0.743271356808   -0.360501402887
-0.381881894192   -0.277234800373   0.881650205212
-0.123037192243   0.960707871671   0.24880159693
-0.915984753264   -0.0134629406759   -0.400987133229
-0.658326138181   0.744584248351   -0.110458104706
0.722046322238   0.666124052648   0.186889954322
0.212734116518   0.0432786736298   -0.976151193247
0.186155344199   -0.755109138956   0.628614648327
-0.559026987719   -0.607544164972   -0.564250755082
0.807982063432   -0.246374259764   -0.535223980496
-0.244513073372   -0.906035489919   0.345417208542
-0.876336320581   0.0540129104278   -0.478661946198
0.415027722184   -0.419740749171   -0.807198670282
0.262845156523   -0.961974329087   -0.0742819888687
-0.760121359936   -0.159043056083   -0.630016527149
0.594245691497   0.222060119088   -0.773020932219
-0.841511580556   -0.00441103286148   0.540221068248
0.400604033369   0.665801225367   0.629464166373
-0.362456436331   0.746116124399   -0.558512363939
0.809918843091   0.218564067626   0.544298829642
-0.464503582258   0.805635530081   0.367678956075
-0.35814506792   -0.550618870921   0.754023188841
-0.551126301092   -0.794497462825   -0.255016826521
-0.770232313598   0.601938140175   -0.210743110189
0.320939220622   0.0802761294992   -0.943691559621
0.634647979657   -0.772695944622   0.0127639759387
-0.515979354829   -0.411384364303   0.751350923469
-0.575314911425   -0.483429293663   -0.659779410652
0.781173553828   -0.45516063996   0.427313316702
-0.611823473407   -0.694352978624   0.378874621034
0.124257459284   -0.557407151826   -0.820888147621
0.856878683932   0.389440050822   -0.337780058378
0.431429657877   -0.900384390449   0.0563595576568
-0.282183222971   -0.194021638616   -0.939536179411
-0.293905523236   -0.864479214025   -0.407793123936
0.0136023790467   0.422809725127   -0.906116389666
0.955737682994   -0.271859568262   -0.112507139546
0.64024895395   -0.189758985588   -0.744360668194
-0.665789162808   0.346249176642   -0.660935926064
0.383152799355   0.918750801395   0.0953461970015
0.941711540173   -0.263425449078   0.209252020023
-0.276193307977   -0.250233975664   0.927954855611
-0.192084959677   -0.931659803899   -0.308404568812
0.844219488518   -0.376489973217   -0.38150852582
-0.348484384812   -0.926340149552   0.143012450051
-0.407249418353   0.0122158664875   -0.913235283953
0.122270486374   -0.409837386549   0.903926570441
-0.165893914867   0.889508141314   0.425739915378
-0.978534177825   -0.202011344045   0.0407710645586
0.46836826055   -0.329535786004   0.819778834963
-0.858830164557   0.048064221331   0.51000056772
-0.207465469312   -0.942918870514   -0.260503517581
0.907183584203   0.399275830682   0.132652763208
0.282579782946   -0.811810289347   0.510991898546
0.311715592847   -0.426078472987   -0.849288245552
-0.0278446228037   -0.0958503007309   0.995006229544
0.963647608956   0.262025896841   0.0522083818736
-0.265721588762   0.960289096697   0.0850699008547
0.537378359008   0.218301179626   0.814597504442
0.719366624438   0.385475730457   -0.57785821866
-0.440154698843   0.896522758329   0.050107732772
0.904586737535   -0.377599726018   0.197841555762
-0.219513892722   -0.810444493744   -0.543132924303
0.36542644291   0.447881869996   -0.816005726298
-0.368793561773   0.800150456115   -0.473022786315
0.915439255061   0.400877368226   -0.035613283157
0.161128144927   -0.446157576674   -0.880330129945
0.837615290088   0.542021684617   0.0679199471146
0.328169102742   -0.399898897546   -0.855795484767
-0.436698598369   0.739116611332   -0.512836200981
-0.369032958879   -0.891319869976   -0.263369635013
-0.557132767448   -0.0146679586385   0.830293881963
-0.743920529826   0.453137661617   -0.491170545664
0.410305647493   -0.910462009473   -0.0520404164253
-0.643146854505   -0.248437403506   -0.724321047658
0.64653801062   0.330662646583   -0.687496047246
0.0384192213   0.665772425505   0.745165109806
0.978435072663   -0.176518795413   0.107265667612
0.202950171266   0.724974614937   -0.658196806191
0.114451058841   -0.164008725845   0.979796965181
0.808437395203   0.588567990952   0.00408632657958
-0.577347324552   0.791636821954   0.199953016877
0.453484757105   -0.728739637193   0.513118033455
-0.808791191966   -0.0946043066978   0.580436760511
-0.374444098459   -0.678224569252   -0.632299810843
-0.0974222131877   0.18373723132   0.978135748352
-0.606870890104   0.767986403494   -0.204706147424
-0.788807096268   -0.61354503818   0.0366858419902
0.321504598169   0.676064527508   0.663001921567
0.579035739356   -0.694376255074   0.42726950387
0.749234546657   0.246532697697   -0.614710682404
0.80516288407   0.56114395771   -0.191911929907
0.365969977445   -0.215490184745   0.905334168077
0.466667660895   -0.799175474476   -0.378866540185
0.893727292583   0.310027947954   0.324244040778
0.382424650877   -0.148661771288   -0.91194904691
-0.23452699822   0.939032666761   -0.251425412122
0.348498596166   -0.263511695597   0.899505594621
0.784549350877   0.607107230452   -0.126107599972
-0.51286552283   0.749654851926   0.418313947264
-0.511553722536   0.0126658996815   -0.859157938882
-0.830649836397   0.248543849133   0.498243719832
0.219849126115   0.968537830982   -0.116622603739
-0.732404835205   -0.311263675265   -0.60555601048
-0.276733194248   0.948697910586   -0.152941209785
0.622094764943   0.0555625675277   -0.780967927972
0.202557873189   -0.636098086665   -0.744546527861
-0.933911207928   0.103236443662   -0.342274878434
0.294584730962   0.764670818615   -0.573147778014
-0.312552138399   0.539758040654   -0.781647246737
-0.22051865319   0.759162205201   0.612408580761
0.923949503153   0.363777409611   -0.118251054454
0.268872980208   -0.365790984647   -0.891013061669
-0.00731424487373   0.924276384659   -0.381653857027
0.96314787148   0.109133497666   0.245837461245
-0.508261502033   -0.848896934334   0.145066331137
-0.182134657339   0.27059161504   0.945307962765
-0.841722764423   0.454042038525   -0.292144852949
-0.668109361515   -0.716506488541   -0.200619871734
-0.662726360394   0.695614604268   -0.277333902665
0.338265653437   -0.0523332992187   -0.939594366468
-0.219623090647   0.967278068069   -0.127038722786
0.599468286441   0.236537051445   0.764648936994
0.769677511434   0.0917788773422   -0.631801524268
-0.0177464813766   0.735152238063   -0.6776697199
0.931347621217   -0.234390644606   -0.278662222367
-0.363698598914   -0.636091355539   -0.680522678943
-0.94528347886   -0.326249752205   0.000493740970796
-0.293510164461   0.851081869898   0.435329110088
-0.142446228282   0.411364497639   -0.900271249197
0.522870338007   0.0157632181018   0.852266466892
0.217034601348   0.964415970636   -0.15098946122
-0.824319471716   0.263919223508   0.500843340789
-0.643802949193   0.0364584347271   -0.764322278328
0.212679042684   0.968032604313   -0.132968048002
0.735041078726   -0.248160551909   -0.630976190567
-0.079692113219   0.828023145954   0.555001654822
0.850874321897   -0.233543407526   0.470606380256
0.519289953136   0.509740273636   -0.685932065154
0.255056745694   0.653493669796   0.71266547553
0.830078877961   -0.525982699942   0.18523297688
0.495898288804   0.544323638012   -0.676606727918
-0.748629034944   -0.63466780616   -0.191706400162
0.133024469273   0.139483458585   -0.981248620562
0.649506781038   -0.760092849989   -0.0199950189121
0.904033304115   -0.244485404711   -0.350643225991
0.272155354377   0.961750759479   0.031095654443
0.329628955242   -0.123540938659   0.935992728787
0.880486695375   -0.227154429411   0.416105809219
-0.261229052035   0.499973552893   0.825703232875
-0.395604046541   -0.835719636964   0.380880725101
-0.871630322508   0.389039095343   -0.298176396079
0.48514311315   0.597874966349   -0.638107893993
-0.0699767150385   -0.700852414498   -0.70986558759
0.433418439436   0.716706854241   -0.546332995014
0.860296526743   -0.509602491372   0.0139709291546
-0.268399594693   -0.476063636367   -0.837451533939
0.411798203101   -0.401433157749   0.81809147397
0.820642218514   0.553672210974   -0.141398132904
-0.396192616181   0.729587899198   0.557434218745
-0.520974173503   -0.724200121123   -0.451796519585
-0.501751977801   0.688023963491   -0.524278531351
0.690529408002   -0.04644577729   -0.721811558827
0.883897145155   0.420605328209   -0.204492040599
0.244135922248   -0.042017917786   0.968830297861
0.398902855661   -0.906270187343   -0.139824387281
-0.0186665692651   0.999301918456   0.0323610099118
0.999302140392   0.0196943964157   -0.0317389816777
-0.032354155838   0.0317459685703   -0.998972172825
0.167941557143   -0.89300603138   -0.417535461133
-0.654700842358   0.215615748509   -0.724483716871
0.736995549783   0.395031741654   -0.548440956426
0.647009298704   -0.666484695666   0.370374294239
-0.759422462484   -0.606752769597   0.234794804162
0.0682384852214   -0.433184980152   -0.898718132734
0.28168574041   -0.862255900146   0.420913181444
-0.610151498014   -0.499526827844   -0.614969997426
0.740518935018   -0.0835925291375   -0.666816313501
-0.935334703678   0.165229417781   0.312807019736
0.340506898723   0.660281484715   0.669390329229
-0.0959377090539   0.732616953423   -0.673845943476
-0.233819827713   0.532306818241   0.81362014443
0.921083457667   0.389235548202   0.0100474886558
-0.311341536228   0.751761357925   -0.581309993506
0.723458311258   0.500014442953   0.476018517192
0.640421736845   -0.22857702781   -0.733220663466
-0.257814023763   0.835307188521   -0.485586068536
0.367262016247   0.307095039595   -0.877958568543
-0.584027263523   0.810782546178   0.0392914529372
0.723899693938   0.498321482046   0.477121508264
0.999924582223   -0.0090008834926   -0.00835547495987
0.00923322010116   0.999559728804   0.028197450235
0.00809799432057   -0.0282724715853   0.99956745137
0.725627772464   -0.643606015005   0.243383716135
-0.43594192264   -0.703671485798   -0.561071368152
0.532371088541   0.301027801914   -0.79117841639
0.860885076866   -0.146119045371   -0.487366503783
0.169842919677   0.985460613732   0.00455646995592
0.479614706891   -0.0866983469436   0.873185621487
