0.116425664259   0.71500504871   -0.689356834318
0.217850241568   0.658790720677   0.720094478939
0.969013073674   -0.234014030923   -0.079063875321
0.759353338399   0.458545891571   -0.461647238469
-0.0197190860312   0.725377427571   0.68806885209
0.65037963153   -0.513384118271   0.55985987711
0.902911236366   -0.00111993180344   0.429825598349
0.0666475864592   0.98826699326   -0.137427978421
-0.424628541743   0.152732104636   0.892392013496
-0.0740245032823   0.803155345791   -0.591152994953
0.97197156329   -0.0745317457764   -0.222971520662
-0.223140433514   -0.591089256711   -0.775126981553
0.725669255309   -0.333715543344   -0.601695993031
-0.0766562313267   0.829845163974   -0.552703198859
0.683760158314   0.447203465953   0.576611746275
-0.457836286625   -0.70386473001   0.543102546944
-0.741591745703   0.639286752557   0.203357150625
-0.490334189462   -0.309656083183   -0.814668946746
-0.764822025768   -0.392622815634   -0.510778419223
-0.643750296659   0.434794886263   0.629713397055
-0.0251560023028   0.810432434891   -0.585291759745
-0.912629127498   -0.405068662059   -0.0550223105582
-0.322218538958   0.629984066029   0.706608300051
-0.251561699774   0.662600524877   -0.705462440984
-0.95932198472   -0.154927361167   -0.236006021945
-0.279928905761   0.630446203759   0.724000961247
0.0366215421909   0.760614946558   -0.648169550133
-0.943042342636   0.118031482675   -0.311030077473
0.322280807291   0.555994818105   -0.76616241326
0.0824998257425   -0.8227626215   -0.562365937281
0.995772386132   -0.0574218052318   -0.0716944300585
-0.0637852991949   0.129376054342   -0.989541950687
0.0660968276403   0.989931600085   0.125166435313
0.835421741199   -0.348231078416   0.4252124532
-0.322915724   0.315050594023   0.892450871701
-0.444742565452   -0.88288064835   0.150750825018
-0.34013119569   -0.71247362237   -0.613752480358
-0.593288645823   -0.343794119106   0.72788336044
-0.729602187809   0.611708215652   -0.305767405798
0.61370088658   0.78940549384   0.0144978656114
0.662083963886   -0.504541094422   -0.554150799697
-0.430134916714   0.349681641405   -0.832290035437
-0.058600358199   -0.273919584281   0.959965655306
-0.745368540608   0.651688792866   0.140454462102
-0.664072086969   -0.707297517739   -0.242360237475
0.817126614222   0.246842010029   -0.520934850451
0.0257084532206   0.887178283015   0.460710071063
0.575884686168   -0.38985088974   0.718591060344
-0.0100682099092   0.998628629707   -0.0513759776427
0.874425716271   -0.0161299787399   -0.48489121513
-0.485054943149   -0.0498064625864   -0.873064154808
0.778657978512   0.617845388548   -0.109356428025
0.625580419284   -0.777896917496   0.0593761295391
-0.0483827604432   -0.114644937094   -0.992227618488
0.356643831285   -0.934159871615   -0.0122683279473
-0.927113525162   -0.352273688857   -0.127920911511
0.115176773132   0.0569963367538   -0.991708489692
0.37660842339   -0.620520930963   0.687837095298
-0.425012028474   0.544010972144   0.723475526773
-0.823122634292   -0.564806016632   -0.0588497450532
0.193818879695   -0.229682205986   -0.953771632063
-0.570152952089   0.764790446162   -0.300035305728
0.798348202915   0.601948218465   0.0172768396912
-0.575602759285   -0.233046184925   -0.783818179934
-0.246013662894   0.963474770898   -0.105800016596
0.779845331571   0.131931200003   -0.611911282207
-0.423225239521   0.797192246513   0.430540263776
0.499953542619   0.601787064667   -0.622815208567
-0.755597016838   -0.0483409857081   -0.653250562377
-0.0103986785876   0.929117789746   0.369637660771
0.857130706373   -0.182099616543   0.48183677926
0.514993999651   0.321838255078   -0.794481792046
-0.209656741771   0.679817712461   0.702774450627
0.65624063229   0.630652507997   -0.414277258232
-0.72483948786   0.374333129686   -0.578344555484
0.844199273218   -0.255361964856   -0.471293808577
0.0733622200684   0.925999937638   -0.370327017865
0.530985472273   0.278054639233   0.800462395017
-0.0222403166981   -0.794437391629   0.606938711153
-0.229591513698   0.594922173409   0.77029562145
-0.973032941452   -0.122216358843   -0.195627340829
0.78426599999   -0.348741900659   -0.513133440719
0.288481854051   0.93720136036   -0.196040378552
0.54927685291   0.00571811716918   0.835620872162
0.720713027017   -0.691990104319   -0.0415021470801
-0.675279890739   -0.687251786051   -0.267735040167
0.156747573669   0.220985696583   -0.962598317085
-0.367474218022   -0.922060189966   -0.121522447184
-0.83813472629   0.384957855917   -0.386442272214
0.403104055643   -0.0401553887836   -0.914272752015
0.800705878195   -0.592350552506   -0.089391943538
-0.483638014339   -0.551142322369   -0.679953242201
0.353502995334   0.587675899999   -0.727786142249
-0.734591960896   -0.270729422098   0.622157721963
-0.678492720043   0.286720839566   -0.676342212941
0.00472015206587   -0.918965037512   -0.394310765761
0.671648636077   0.278877916118   -0.686378334126
0.739821916802   -0.301721942024   0.601354638396
-0.0393908755322   -0.911696757482   -0.408971125291
-0.274593073975   -0.0213514844898   0.961323440802
-0.537103687195   0.832655321717   -0.134924958467
-0.797570230717   -0.553379823743   -0.240109345399
-0.517500030585   -0.848931139863   0.107282981485
-0.844862294439   0.487047837051   -0.221341608966
0.135651840314   -0.205183635301   -0.969277181215
-0.221897497418   -0.856299570121   0.466382404097
-0.738068970981   0.460070072145   0.493548095723
-0.637193608501   -0.234705293779   -0.734096540216
-0.208917144744   -0.0867958571574   -0.974073973481
-0.972853647065   0.119836499671   0.197977258136
0.0995460095852   0.988992261106   -0.109475565533
0.00626625894278   -0.299839515769   -0.953969076429
-0.528051464344   0.809139916598   -0.257787211419
0.849189251582   0.505360129166   -0.153260415132
0.763738910101   0.62355932081   -0.166963021741
0.547143011393   -0.762562311109   -0.34515684371
-0.342545474765   0.172257061122   -0.923574632941
-0.21838633395   -0.762436165732   0.609096463894
-0.975778075261   0.178814136688   -0.126026395489
-0.0128279765933   -0.621865417679   -0.783019058077
-0.653085013753   -0.717360048541   -0.242640733532
-0.223132862981   0.488470099268   -0.843569017674
0.723665454661   -0.49678116196   -0.479079102917
-0.146165020445   -0.96993001188   -0.194606163449
0.0141032411449   0.194655825953   -0.980770211625
0.989159686495   -0.146098875685   -0.0147727159289
-0.0500734787891   -0.832958344064   0.551065371599
0.243449426482   0.524935167088   0.815582887939
-0.968620164702   0.17499562111   0.176497901191
-0.504165715605   -0.214255310188   0.836607191736
-0.495172784164   0.865395253658   -0.0767786999708
-0.707545648727   -0.452974300598   -0.542396015809
0.496345290365   -0.862785085482   -0.0961418171347
-0.370015593827   -0.310436066719   0.875624296605
-0.785321471155   -0.39903802419   -0.473327415425
-0.185190334992   0.412756755031   0.891816349369
0.950425522964   0.305908711585   0.0557780017023
-0.249791643421   0.857934567058   -0.448945891533
0.0722171278274   0.970412947443   0.230398346095
-0.673635972821   0.217808737319   -0.706239286694
-0.735526520644   -0.104202041164   0.669434591313
0.372019439444   0.900352125866   -0.225760018878
0.0526163858792   0.222371189426   0.973541252362
0.926732460105   -0.374054947249   0.0353531303572
-0.172517128591   -0.658759267856   -0.73230735853
-0.655536021669   0.631688329206   -0.413814425848
0.735194099975   0.408663775933   -0.540817486406
0.690605830816   0.712099608658   0.126403060852
0.675496914242   -0.697539996168   0.239043662528
0.25839408912   -0.0797000696052   -0.962746276863
0.499487227854   -0.250958277434   -0.829175766769
-0.0154641931027   0.954387411147   -0.298170300627
0.86618321846   0.161754791062   0.47282345503
-0.373811965263   0.610414848852   0.698325373252
0.619830389747   -0.395690664414   0.677671886713
0.689981813219   0.686165148048   -0.230439768771
0.892816657709   0.449126438101   0.0341153677254
0.442541894627   -0.88878472993   0.119240829179
0.0838754267756   -0.0913627191007   -0.992279076844
-0.176868311464   -0.501586165918   0.846834646527
-0.964906361694   0.258040854276   -0.0486891228836
-0.194096145151   -0.825727700688   -0.529622932617
0.563062641773   -0.6310686682   0.533584854973
-0.810857644217   -0.546561826191   0.209236829852
0.159594305209   -0.550474800666   -0.819455399382
0.146362329653   -0.964282072184   0.220767193495
-0.57479118524   0.0987327879879   0.812321937378
-0.805104441566   -0.245788367994   -0.539810074313
-0.394933518838   -0.645545264562   -0.653680982666
-0.795495911755   -0.11564674759   0.59482105221
-0.459579993123   0.754915320531   -0.467855841845
0.179049868556   -0.648613738519   0.739757637862
-0.695436488839   0.448426655755   0.561499442921
-0.695923296464   -0.614990855716   -0.370778927158
0.461166736751   0.886457328198   -0.0389698113725
0.203957523682   -0.0631584226212   0.976940296121
0.863554612893   -0.458480554588   -0.209926205167
-0.928416871264   0.371414682528   -0.00965643593133
0.202938509506   0.48516739161   -0.850546038423
-0.311220299003   -0.791620954574   -0.525811933839
-0.406125155055   0.91069928566   0.0754265837049
0.870272954171   0.410628679719   -0.272046085491
-0.278724494205   -0.0448430428279   -0.959323593914
-0.983190777774   -0.169368701272   -0.0681919168922
-0.178921807691   0.968163895646   0.175059012625
0.0363714342956   0.184317427819   -0.98219356777
0.122043586676   -0.966031300775   0.227791327479
-0.842404077017   0.0205430944898   0.538454596316
-0.524843532852   -0.257607273174   -0.811281553366
0.144666880172   0.769094512306   -0.622547287298
0.989444691808   -0.107095011336   0.0976210038865
0.00840806958411   -0.630098634888   -0.776469583872
0.882361466297   -0.41890178706   0.214381752002
0.204436501374   0.751581410402   0.627161143921
-0.423844263498   -0.509555371217   0.74880529109
0.904104274387   0.41317436876   0.109006431165
0.425798455298   -0.849644924681   -0.311125661799
-0.035932387922   0.327704810712   -0.944096616102
0.897812428714   0.218869276809   0.382137517808
0.425795424318   -0.652896372312   -0.626438012617
0.112388164314   0.725136240089   -0.679372014313
0.301715471847   -0.836649501625   -0.457149193895
-0.943912930006   -0.194666511697   -0.266708323439
0.134149746984   0.511979062711   -0.848458180896
0.250426967713   0.944568078556   -0.212314575138
0.899500492084   -0.308110259033   -0.309785301489
-0.358029605735   -0.113398471119   -0.926798569359
-0.349700936343   -0.837697528214   -0.419490293505
0.0878651583861   0.416461918681   -0.90489733353
0.932731992087   -0.35330202591   -0.0720326969178
0.497808686278   -0.847127627961   -0.185906680384
0.141621606002   0.290876225014   -0.946221085389
0.855645856987   0.444708672804   0.264772286605
-0.208884646876   -0.846362321545   -0.48993675609
0.280439878239   0.428105710566   -0.85911522817
0.936867482088   -0.316853785285   0.147929036223
-0.867655206019   0.365448922016   0.337077926992
0.451916104391   0.297121828859   0.841124517184
0.207234837951   0.882137009887   -0.422951554823
0.13338214278   0.838707251136   0.527995597404
-0.359592397405   0.537406274947   -0.762815707348
-0.923527212223   -0.0881172090976   0.373273151653
0.803740753121   -0.219905382224   -0.552849368854
-0.593881071128   -0.240075331057   -0.767899152737
0.0361396614397   0.945518618689   -0.323555971331
-0.725229081432   0.634364999089   0.267626283043
0.30462624271   0.644229675189   -0.701548984646
-0.617450914403   -0.427257736661   -0.660458321748
0.317468842747   0.174354769754   0.932101897943
0.932194101776   0.122837656227   -0.34047770386
-0.173861124171   0.976990954143   -0.123535359413
0.627133194247   0.530627434458   -0.570209156778
0.443573832407   0.358458489262   0.821431534992
0.640270420898   -0.76807684334   -0.0105712273072
0.283334142575   -0.745865513437   -0.602831982824
-0.958913586506   -0.229753301342   -0.166427624322
-0.0143700127434   0.625218406948   -0.780317529181
-0.762962320369   -0.321525776104   -0.560811619885
-0.634616277079   0.537722993521   0.555082122847
0.123088092696   0.779406926797   -0.614307873869
0.875656797132   -0.437130856662   0.205284650644
-0.397972984948   -0.412366405926   0.819494631169
-0.273573896575   -0.799293789177   -0.535057718097
-0.292007056186   -0.949688629319   -0.11324039244
-0.860988763013   0.312577585172   -0.401240081763
0.41644955169   -0.0196662296896   -0.908946098681
-0.286083837674   -0.443630784834   -0.849321944006
-0.946676133214   0.26793829068   0.178922807912
0.148190204215   0.85521973734   -0.496627490418
-0.00107897484105   0.828346844889   -0.560214548521
0.998090068695   0.035494365145   0.0505605064715
0.0617660957564   -0.559090023703   -0.826803056846
-0.0345127058497   -0.235711215781   0.97121011933
0.422474994628   0.877249834855   0.227920174976
-0.905717258337   0.418178131903   0.069305829114
-0.173196976508   0.899371075882   -0.401415589128
0.502310511759   0.431245085275   0.749474366608
0.847164067407   -0.0718285757362   -0.526453890291
0.215224393365   0.649446867426   -0.729312845692
0.414679550488   0.615363157211   0.670349949768
0.884148930275   -0.446706784298   -0.13687117284
0.933966784414   -0.322227638921   -0.15451664741
-0.338415897164   -0.936415184274   -0.0927431032894
-0.114807343659   0.138909867816   -0.983627634049
0.764781747321   0.600722053538   0.232898890846
0.409576373945   -0.174258025195   -0.895478271406
-0.497349045309   0.780235320303   -0.379310917431
-0.139452196224   -0.229724180317   -0.963213312795
-0.453905922841   0.879336252856   -0.144004054189
0.880069598485   0.417126546015   -0.226898537746
0.445728776418   -0.104751755135   0.889017956888
-0.635872377022   0.661974035079   0.396808136285
-0.630073152906   -0.742170766521   0.228452129141
-0.536196512665   -0.372129410892   0.75763645725
-0.55081524546   0.834387470265   0.0200028706144
-0.639606023404   -0.406592241703   -0.652370204571
0.432085652078   0.811904899831   0.392571551312
0.844724237531   -0.211923023484   -0.491456605047
-0.315821075604   0.543966052018   -0.77740464525
0.65458499327   0.565962410226   0.501203588171
0.729803494247   -0.300097158038   -0.61427075099
-0.197244382353   0.76787254538   -0.60948044077
0.974587425764   -0.0861088347741   0.206796078579
-0.223471608186   -0.309920325388   0.924126523938
-0.015485150198   -0.946855142292   -0.321287331898
0.96210640553   -0.00238315235617   -0.272663868203
-0.264515748606   0.234620824342   -0.93540605489
0.0662018366698   0.972084044396   0.22509981664
0.914316842382   0.382313884564   -0.133644324255
0.37736419622   -0.684401565209   0.623851553617
0.147040726153   -0.620830565621   -0.770031449776
0.926290424253   -0.365633661324   0.0910937739072
-0.327320266183   -0.900530097633   -0.286193966748
0.186674833021   0.235281892555   -0.953831713539
-0.228081168798   0.860712082558   0.455141397126
0.839139296118   0.410848313849   -0.356439201993
-0.493785603425   0.300629961823   -0.81596409474
0.813996050571   -0.538477667659   0.217835330209
-0.465006239463   -0.828816374483   -0.311179393034
0.348108642403   0.152004009226   -0.925048730751
-0.563144037851   -0.750723091519   -0.345374626301
-0.683599220076   0.188395781157   0.705123489861
-0.464285363697   0.633183914438   -0.61928768077
0.997141572812   -0.0583743869366   -0.0479699355881
-0.0118632962284   0.506057049532   -0.862418416328
0.0746186704059   0.860522337635   0.503918009658
-0.647455868921   -0.2537496642   -0.718618122314
0.126294203996   0.89417816997   -0.429529014603
0.751565480738   -0.368858385111   -0.546893792153
0.702122818906   0.415823683784   -0.578026133645
0.395998292201   -0.90268448999   -0.16836289409
-0.591784504483   -0.110685931973   -0.798460847329
0.675506736671   -0.701409555611   -0.227409947034
-0.623951595556   -0.708092501009   0.330589498349
-0.392905911276   -0.08142263391   -0.915966865979
0.581046487478   -0.740465378292   -0.337780998489
-0.783588484748   -0.39681299673   -0.478046579526
0.219941051101   0.542448586667   -0.81078694172
0.980931164124   -0.00165097321132   0.194348464201
-0.075089214661   0.919099716949   0.386803981554
-0.179264221448   -0.394021553461   0.901449585011
0.387499806757   -0.920622248029   0.0479434687679
0.902393529363   0.389433581237   0.184465183623
-0.188493548769   -0.0282163470159   0.981668997083
-0.651468305922   -0.743487435224   0.151047939555
-0.754961633509   0.65497708637   -0.0322172043982
-0.0749798526839   -0.135023886756   -0.988001301465
0.233500958661   0.167033463285   0.957902460821
0.49297486071   -0.869475124652   0.0314451000717
0.838124745496   0.464879371185   -0.285366573436
0.507760629302   0.349000864568   -0.787640488968
0.344613141513   0.755651598469   0.556985138427
0.78957008937   -0.554246387685   0.263419846842
-0.763119758305   -0.483267266174   -0.429069905643
0.2342100086   0.411984264299   -0.880576310062
0.60232375543   -0.772477647194   -0.20120730163
0.904266574824   0.136048325981   0.404713249911
0.417364135314   -0.081738278266   -0.905055817295
-0.0900507646233   0.987324519529   -0.130694884854
0.581844338643   -0.811355577964   0.0562075768579
-0.806516520558   -0.584519197771   -0.0887040557312
0.104824938139   0.0062796133254   -0.994470863726
0.500455258709   0.84344603292   0.195303158148
0.53525499813   -0.124123258045   -0.835521097154
-0.68047529052   0.522677918382   -0.51357684199
0.767814528348   0.633102703578   0.0981927531982
0.621947890369   -0.699784869708   -0.35139999686
-0.153758485046   0.330880798551   -0.931061880557
0.623818604251   -0.780594456534   0.0390210637777
-0.737058547988   -0.570950106623   0.361608452039
-0.259990472573   -0.254338888445   -0.931513115311
0.817742467569   0.536674441418   -0.208033172025
0.47345015716   -0.832707379144   -0.287129534191
-0.327325839828   0.136304675812   -0.935028785617
-0.439067675121   -0.536094631466   -0.72098690888
-0.722195840204   0.687959009661   -0.0717326245046
0.53446491471   0.489198269763   -0.689225875751
-0.361704114793   -0.57779525221   -0.731657556419
-0.257720757602   0.81618034588   -0.517136011219
0.895963249493   0.00151311658009   -0.444125619657
0.357956296942   -0.255773514743   0.89802405237
-0.0387704689857   0.956850543933   0.28798244271
-0.932933084532   -0.137901942448   0.332594218312
0.999999971337   -0.000146642346726   -0.000189267588215
0.000146684394709   0.999999964563   0.000222166802006
0.000189235002446   -0.00022219455824   0.99999995741
0.665734091962   -0.606961419377   0.434046027728
-0.318088869086   -0.757025577224   -0.570729136099
0.674994511209   0.241888633086   -0.697045406714
0.908859023656   0.114639794037   -0.401039889217
-0.228341562461   0.941363177171   -0.248385787678
0.349049288744   0.317321739392   0.881743447799
