0.0563573743489   0.310161938849   -0.949011811331
0.592079551117   0.754965144805   0.281903237439
0.803906494255   -0.57777781354   -0.141092688241
0.581145294013   -0.375620102252   0.721927756794
0.616788464881   0.782009420102   -0.0896284355574
-0.530888064318   0.497363856403   0.686139240613
0.915821621798   0.199524280968   0.348512292969
-0.10709404029   0.957756374653   -0.266896222052
-0.387042147034   0.207105741387   0.898501857707
-0.569815761428   -0.634648579889   0.522045187769
-0.821755963323   0.436028628321   -0.366873509575
0.00520910470564   -0.638044054379   -0.769982239989
0.704151527278   -0.303053480734   -0.642128658796
-0.120394729684   0.840290139681   -0.528599650226
0.699768344309   0.449523157323   0.555205543321
0.0432426398642   -0.590345062171   -0.805991800001
-0.997496778298   -0.0706905152276   -0.00174021291871
-0.0559486495076   0.804049475236   -0.591924142091
-0.785110668181   0.301084606967   -0.541247908223
0.61476780159   0.272667530403   -0.740076325789
-0.0752448592049   -0.913783605298   -0.399171308904
-0.964403902053   -0.263421764494   0.0231103374265
-0.183686147402   0.604481566812   -0.775152523467
0.190222272506   -0.751805167165   -0.631351310814
-0.816584833585   -0.554136566486   -0.161622632211
-0.56256573324   0.82671524691   0.00785469990428
0.129263317859   0.0973373834122   -0.98682137616
0.793966331685   -0.461439965413   -0.395841663383
-0.541655725705   -0.83257361842   -0.115888932696
-0.27609154091   0.306421814219   -0.91097702101
0.509637409734   0.311362020695   -0.802074437112
0.533128754062   0.617411458546   0.578426159894
0.675309886047   -0.722396555173   0.148659930318
0.269898794428   0.221625406399   -0.937036189272
0.349453512677   0.884255791877   0.309796605871
0.897238476239   -0.411064318289   0.161211795429
-0.211049369864   0.897509584414   0.387214035599
0.823134046788   -0.0504581400134   0.565600846114
0.527170280363   0.438098758262   -0.728121537596
-0.611944215506   -0.486250261063   -0.623766751859
-0.726900586763   0.656579024616   0.201294613434
0.311672607191   0.576597492233   -0.755245336217
0.652469019173   0.736533878201   0.178331223519
0.292090788831   -0.027283606575   -0.956001347223
-0.699261860893   0.675850169102   -0.232936469506
0.809320866411   0.0295303519639   0.586623979653
0.245269973711   0.890502291849   -0.383207917727
-0.53370626302   0.454019412058   0.71345917773
-0.288034631583   -0.520760278543   -0.803644687222
-0.863290712377   -0.22199348872   0.453263760839
-0.414445650156   0.824334654893   -0.385625699103
0.623323738148   -0.716289797395   0.313682074095
-0.679002528917   -0.694756611808   -0.237210488961
0.387844148061   -0.0651319928792   -0.919420872244
0.0816389830709   0.915173879668   -0.394704758542
0.967412764232   -0.168002628003   -0.189440387945
-0.239682331522   -0.366376700892   -0.899066456387
0.450978915566   0.239991913263   0.859663829228
0.753077745039   0.414650543244   -0.510821727137
-0.479053157429   0.877763526558   0.00626608346344
0.856687523543   -0.402670149418   -0.322402291824
-0.294730998699   0.130844409536   -0.946579832291
0.423343980011   0.905945081813   -0.00658660210958
-0.523989641738   -0.209686128839   0.825509892566
-0.430199175828   0.901659165275   -0.0440388327836
-0.735094228292   -0.378209567633   -0.562666862791
-0.710000070026   0.143050073678   0.689519091094
0.232466138754   0.971871878403   0.0377431623273
-0.664725052105   0.1870874886   -0.723283399999
-0.453395210476   0.731393309173   0.509408098104
0.583075122961   -0.188883785045   0.790155881286
0.674133654479   0.655276081544   -0.340818240203
0.00190979237912   0.699372087753   -0.714755227728
0.796473774867   0.431128842665   0.423978120865
0.60467005767   -0.570093504519   -0.556208160191
0.822645126001   -0.360719357097   0.439473027708
0.211124279707   0.911506342959   0.352962781699
-0.527902960009   -0.197579685599   0.826002864797
0.00272621447342   -0.618484855833   0.785791989562
-0.485407477879   0.686191843548   0.541775169482
-0.874283791554   -0.382906303099   -0.298346467841
0.828868110863   0.0328956106602   0.558476081488
-0.216428799401   0.939396169688   0.265882325787
-0.515883930342   -0.341251688897   0.785755086041
-0.873487945337   -0.483436014471   -0.0575189469934
-0.2784963203   0.5930786777   -0.755445220805
0.399322687722   -0.643853478651   -0.652682226738
-0.854008072575   0.457947695138   -0.246888882889
0.38365746573   0.874865611122   0.295663848764
0.351393171485   0.157778550488   -0.92283734647
0.889212141902   -0.435189095501   -0.141110658172
-0.213096344343   -0.666930066232   0.713998763853
-0.404835416831   -0.604826204717   -0.685779518043
-0.303759628516   0.462581962983   -0.832915371215
0.890505473163   -0.172953880992   -0.420817011676
-0.338718305307   -0.869542915889   -0.359395363182
0.996603676528   0.0542921040892   -0.0619150980391
0.0811431758017   -0.51933650505   0.850708751303
0.0140319974499   -0.852843456888   -0.521978104034
0.0988604635014   -0.418390444603   -0.902871001097
-0.812188057255   0.490311331537   -0.316141357336
0.574958405807   0.764554925451   -0.29133931688
-0.901464502985   -0.244611782318   -0.357108983097
-0.249780747366   -0.379820045119   0.890699899838
-0.353512840082   0.892133291205   0.281294974395
-0.629794140251   -0.607104426128   -0.484544690077
-0.304456834332   0.766821798082   -0.565057843069
0.714608548042   -0.208347176035   -0.667776966737
0.88924258308   -0.32106089653   0.325833591203
-0.451838514971   -0.505405760628   0.735123781082
-0.0713413262146   -0.80092753595   -0.594496002788
-0.0320776999931   -0.154007858426   0.987548783963
0.833246267996   0.541538829257   0.11151839883
-0.551970722081   0.826448592442   0.110955153176
-0.617032144675   0.427793712014   -0.660502742159
0.749390858626   0.0632581086574   -0.659099197919
-0.240176338231   -0.901660108717   -0.359616983614
-0.296380790185   0.933599030393   0.201373478041
0.838154244603   0.35533657155   -0.41380355626
-0.457881960186   0.0461386103852   -0.887814923939
-0.719318153871   -0.0675019180927   -0.691393436883
-0.653552899285   0.403127027153   0.640591295457
0.235478239647   0.912651133256   -0.334092663224
0.669323924413   -0.739629100569   0.0703866308309
-0.220192243956   -0.287954173422   -0.93198592785
0.70959203766   0.608301888539   -0.355595208755
0.0571967617248   -0.950623614476   0.305029955986
0.268222569121   0.308928958793   0.912479891194
-0.961657519007   0.0296250235383   0.272648444188
-0.221963723048   -0.972398292769   0.0719281994137
-0.013639023442   0.0768574984   0.996948796067
-0.974959528745   0.220305436066   -0.0303221395991
0.818019345959   -0.275710917327   0.504804754042
-0.567248051764   -0.532038108164   0.628621586673
0.0952575320197   -0.800574132437   -0.59161394597
0.107991192226   0.376776689564   0.919987624157
0.993692290679   -0.069043474598   -0.0883664532502
0.0302247224349   0.923727408285   -0.381856178865
0.779641679813   0.541366032648   0.314772409516
0.263146403936   0.172899670649   -0.949136277879
-0.568254187132   0.822817429679   -0.00765873504031
-0.162169449869   -0.349749908295   0.92270042331
0.0572674487736   0.930166190133   0.362644864908
-0.98509974563   0.111650617465   -0.130815254384
0.462620427563   -0.460370061949   -0.757655427
-0.871173548318   -0.0775516539826   -0.484811705383
0.164435363328   0.884333165173   -0.436939199731
0.088030921418   0.979301011731   -0.182263779442
0.909063164302   -0.153788399079   -0.387238029663
-0.40725264908   -0.131600367518   -0.903784611003
0.639740787078   0.569835119179   -0.515770939757
-0.13781140936   0.745230040855   0.652411068007
0.756134737199   -0.346294850031   0.555283833768
0.493741977627   0.831909106184   0.253270800877
0.831484110916   -0.536920495381   0.142655371207
0.254662586225   0.140155701589   -0.956819390736
-0.840102835989   0.496266170393   -0.218968292422
0.542107908993   0.754309032713   -0.370319994295
-0.0186075245372   -0.429811320572   -0.90272697353
-0.22058978915   0.852425796168   0.474036292862
0.711023106044   0.473226262964   -0.52009907394
-0.66767229057   0.222322212271   -0.710483318831
0.88025735052   -0.36736149427   0.30032071088
-0.462590764823   -0.805299566471   0.370813150443
0.105625665232   -0.465336588685   -0.878808897358
-0.114809789477   0.592716369957   0.797186312618
0.907117278408   0.389658690603   -0.159073404604
-0.404915985675   0.704878294192   -0.582399892619
-0.516194995657   -0.855925046039   -0.0305784568175
-0.801961569577   0.47050037862   0.368085634927
-0.300666538511   0.214526709947   -0.92928893426
0.34384177865   -0.604456587167   0.718613293424
-0.749080396952   0.284921067732   0.598079044997
-0.566260885244   -0.743943693698   -0.354818813551
-0.398723577885   -0.257792255811   0.880092416331
-0.0160944905571   0.961496585672   0.274345189705
-0.916929918703   0.0952232565306   -0.38752039379
-0.644935683915   0.759763038749   -0.0825717176964
0.725775319501   0.642736912315   0.245233454389
0.239391205386   0.0982312908321   -0.965941232315
0.155006475905   -0.672049517152   -0.72410112479
-0.841863299867   -0.473398341293   0.259152840613
-0.516951812807   0.56942379381   -0.639153632767
-0.160588644249   -0.919871438018   0.357837707428
-0.891761962783   -0.0201718091207   -0.452054974368
0.423050693265   -0.391700951794   -0.817066995596
0.219049334079   -0.975477212567   -0.0214848086555
-0.725255412687   -0.148051548602   -0.672372906447
0.652703589394   0.162864811178   -0.739900721498
-0.832819464411   0.017220106389   0.553276791159
0.43221811742   0.644684620419   0.630530918488
-0.345831228597   0.764254674916   -0.544348742256
0.807912595959   0.213694352875   0.549192098305
-0.463119767863   0.806528663922   0.367466454097
-0.364413663171   -0.551222493937   0.750570745681
-0.388736046506   -0.886942340754   -0.24943450107
-0.873072126513   0.441095648061   -0.207797235708
0.294328639539   0.136996034391   -0.945834413895
0.65528774638   -0.755129507515   -0.0194266910289
-0.483501843075   -0.439055890405   0.75726870584
-0.580365348024   -0.486836062737   -0.652814453602
0.766658355186   -0.436410093922   0.470936509889
-0.619962937492   -0.693926148951   0.366213675248
0.166975814297   -0.572723955956   -0.802562363754
0.859403709092   0.365678482473   -0.357357681119
0.411003445955   -0.90982452566   0.0574064449351
-0.304140481047   -0.196210550082   -0.932201688383
-0.31786996913   -0.824257336711   -0.468570726362
0.00805791454652   0.491836523971   -0.870650276346
0.948100075276   -0.280529279337   -0.149698265508
0.624358825581   -0.151187429592   -0.766367025682
-0.690773721348   0.351193790194   -0.632055842173
0.364702238565   0.924015845569   0.114834639037
0.950429409705   -0.274428873346   -0.146194153924
-0.218935532269   -0.256761753947   -0.941350431253
0.220796670895   0.926694229605   -0.304116153694
0.792411921832   0.485691288258   -0.369035660403
0.509249161159   -0.859776496767   -0.0380744988906
-0.335780639699   -0.15776041366   -0.928635027277
0.157712427833   -0.575563399682   0.802404862307
-0.0615990012307   0.805257480422   0.589716841604
-0.985561947903   -0.142433012924   0.091544981703
0.0283471689301   0.849212806605   0.527289339084
0.319699856954   0.492092320255   -0.809714239599
-0.947094736274   0.191527432614   -0.257543788664
0.910007482162   0.410249466062   0.0598477903048
0.329585707061   -0.803419425424   0.495873460222
0.25151469959   -0.431523582724   -0.866330048794
-0.0852914128426   -0.164985573012   0.98260120883
0.954180517024   0.270368052861   0.128221125109
-0.286818611368   0.948515090386   0.134365946142
0.508605842905   0.196420690706   0.838295299298
0.738208149891   0.401622261421   -0.541985504018
-0.443135220895   0.89449341607   0.0592680741131
-0.801099034728   -0.356926033317   0.480462426521
-0.296937928056   0.933986150339   0.198740378024
-0.519680866917   0.0165432075568   -0.854200280288
-0.17201408438   0.860020531881   -0.48039133997
0.980135984062   0.198285821612   0.00402314475695
0.0987147786349   -0.470156801175   -0.877045024379
0.828488195256   0.55190471422   0.0949131010095
0.355640853567   -0.387611765092   -0.850456761297
-0.432581661187   0.738348363568   -0.517411635374
-0.380733681186   -0.896484187797   -0.226622957885
-0.568522721327   0.0336609639396   0.821978621889
-0.729262490017   0.441795247299   -0.522487492786
0.430031404403   -0.902405599564   -0.0271500479449
-0.625897802376   -0.27632233183   -0.729313313956
0.650634253793   0.330620783993   -0.683640962043
-0.0128210487935   0.621361097455   0.783419432537
0.968565035967   -0.186939429074   0.164120141846
0.248429852895   0.7608968632   -0.599431874164
0.0915076168478   -0.216900247436   0.971895384659
0.815739307737   0.576098798352   0.0517644313206
-0.571135481188   0.788076428527   0.229651485797
0.449973520814   -0.720030182829   0.528280575435
-0.816908797603   -0.0928687774541   0.569241079485
-0.360809987342   -0.687700462403   -0.629987481657
-0.0977409402519   0.143267253128   0.984845776139
-0.562560671753   0.808362053918   -0.173425143451
-0.820958098319   -0.570986237983   0.00158645494616
0.295739596544   -0.723075007051   -0.624260062165
-0.632415244049   -0.637976548786   0.43935962752
-0.715953245772   0.264855540584   -0.645958584192
0.795151700645   0.571705255068   -0.202205030325
0.377348216412   -0.205454281989   0.902993278814
0.474702113469   -0.794318348863   -0.379099280041
0.872737194435   0.365016136706   0.324180519763
0.392515545202   -0.129813854342   -0.910538252901
-0.290278032624   0.921906493721   -0.256567886944
0.355691415154   -0.210741010071   0.910533823567
0.751119662164   0.644198034864   -0.144319593223
-0.55615004297   0.735253098295   0.387427426949
-0.493911264916   -0.0232079521141   -0.869202538738
-0.844910048876   0.248920730801   0.473461169565
0.205374467006   0.968245764636   -0.142553384969
-0.763635195867   -0.179508886642   -0.620191782637
-0.194290186815   0.979938439378   -0.0444069627143
0.615721212028   0.0865864576391   -0.783192297212
0.167376445615   -0.768127053129   -0.618033943812
-0.862090853428   0.190104269654   -0.469744320983
0.478314212511   0.611425544862   -0.630376329822
-0.306034434447   0.631972107068   -0.712007149417
-0.26611399597   0.661292119341   0.701338772667
0.914071258755   0.40410888234   -0.034201536993
0.264574276771   -0.384979827967   -0.884189450361
0.0401285909097   0.920462379767   -0.388765615281
0.963530045335   0.0673761047562   0.258979366447
-0.517427723379   -0.823499716708   0.232630109101
-0.248043482418   0.404514464838   0.880251372375
-0.818988999871   0.397764081232   -0.413570736117
-0.649246788629   -0.730879346403   -0.210461370462
-0.676893112648   0.681434625333   -0.278320975577
0.346834717848   -0.0382391474568   -0.937146437915
-0.235996108819   0.96291871079   -0.130741703496
0.583322195133   0.247980725443   0.773460261729
0.77720078055   0.106269074615   -0.620214342379
0.0802019323132   0.71785930654   -0.69155308261
0.916855982522   -0.325331303529   -0.231375561066
-0.391078965642   -0.615497813934   -0.684265798995
-0.837079662894   -0.537839626782   -0.100130783635
-0.545436965696   0.834645215839   0.0765890340052
0.0423810620541   0.118726153565   -0.992022149974
0.52312008316   0.214406574646   0.824848591769
0.033169922755   0.961982636335   -0.271088848192
-0.851613254253   0.169172184883   0.496120587199
-0.650745161536   -0.0794662752392   -0.755126377395
0.238437831755   0.922814041441   -0.302591548638
0.720887047412   -0.376960682325   -0.581569006099
-0.113897826462   0.82700873414   0.550530506679
0.850413988021   -0.205332435236   0.48439099911
0.513637356611   0.523349925668   -0.679912877652
0.290414639183   0.770328005998   -0.567674290877
0.57808054103   -0.613989199842   -0.537438508631
-0.762549818327   -0.172081450632   -0.623623082412
-0.273889466705   0.926072537256   -0.259565436388
0.679051125682   0.377326488262   0.629693806517
0.681083055683   -0.00379170091299   -0.732196349531
0.906649748095   -0.26187192404   -0.330770811406
0.294341175336   0.954325034439   0.0512542792768
0.302240809257   -0.143829148791   0.942318241985
0.887874996476   -0.239650156999   0.39274138168
-0.236945345456   0.493541712738   0.836823446764
-0.394379124575   -0.836052857203   0.381419357219
-0.883931909116   0.40297298977   -0.23722805391
0.467561224112   0.76938827401   -0.435233483917
0.0071331446829   -0.49563540363   -0.868501390279
-0.847030669918   -0.266107563551   -0.460136728419
-0.529511506598   0.498058570804   0.686698787264
0.0464393001583   0.825302626114   -0.562777901779
0.416399488617   -0.375391667478   0.828065554089
0.812252113319   0.562798614173   -0.153310874674
-0.408482521399   0.736436566089   0.539261730367
-0.481361654739   -0.78506267488   -0.389830160272
-0.49638468359   0.610712772916   -0.616953932555
0.722421762715   -0.103472245112   -0.683666798409
0.872493666476   0.431200212208   -0.229828586017
0.267912976187   -0.0288141236582   0.963012140873
0.408628730205   -0.901796054144   -0.140664272582
0.0375295674201   0.998981907891   0.0250335629792
0.998793911729   -0.036705317033   -0.0326104522284
-0.0316583869187   0.026227226458   -0.999154582199
0.197451018757   -0.863480053493   -0.464128530056
-0.709764739862   0.200655528854   -0.675256523693
0.676200494854   0.462752153923   -0.573248056952
0.615667506411   -0.696506777515   0.368553700871
-0.786498398057   -0.572055821406   0.232749666056
0.0487215702113   -0.433163301852   -0.899997645844
0.286339664266   -0.502506184034   -0.815780075557
-0.792839288964   -0.602333209032   0.0927392428869
-0.537973473828   0.620227571383   -0.5708785345
-0.936593038683   0.167709631495   0.307679962614
0.334826011261   0.687311742334   0.644588326789
-0.103368380434   0.706736194314   -0.699884940239
-0.221695123864   0.67786422853   0.700964592354
0.850394080288   0.486162724966   -0.201185767548
-0.477159491434   0.551494236174   -0.68423163271
0.695107234907   0.479936077412   0.535245078051
0.68366441601   -0.211050375459   -0.698613416204
-0.222326107915   0.851539253714   -0.474817860998
0.375162766102   0.293117716749   -0.879394623055
-0.589858311107   0.807318173152   0.0174510778197
0.71506648065   0.512171232525   0.475773640321
0.999864483267   -0.0107677196289   -0.0124527633282
0.0112594375812   0.999131629267   0.0401149905088
0.0120100027423   -0.0402497653678   0.99911746868
0.735615349604   0.585328633243   -0.340969864552
0.332217727637   -0.750394151333   -0.571436784858
-0.590340104406   0.307081436676   -0.74645800443
0.990346795443   -0.0111081945509   -0.138165960966
-0.0594979994397   0.866217664601   -0.496111827712
0.125192702736   0.499543357024   0.857194972941
