0.0481492696585   0.239498696762   -0.969702027471
0.64314410341   0.73536355946   0.213555842037
0.76422988039   -0.633940698857   -0.118624956276
0.766001013275   0.0623308963022   0.639810368021
-0.484911385485   0.709431063916   0.511437692959
-0.422022980285   -0.702013123038   0.573649875093
0.918417609349   0.204333345161   0.338757994581
-0.108709825226   0.953673971994   -0.280514044284
-0.380383055269   0.220802715555   0.898084011698
-0.526251234693   -0.661828241866   0.533894199493
-0.850243932646   0.400662848499   -0.341400844803
0.0120371501213   -0.633602919896   -0.773564765818
0.698687024378   -0.292296566999   -0.652992464647
-0.133879934672   0.843188408635   -0.520681736414
0.70278916117   0.451216161572   0.549992154925
0.0727585752852   -0.641137480505   -0.763969188393
-0.997349566729   -0.0469084574056   -0.0556186872281
-0.000177391134464   0.76599107548   -0.642851180925
-0.789286114837   0.28358510031   -0.544616305125
0.608464686308   0.24212668613   -0.755741618134
-0.0824509214146   -0.927876154854   -0.363658750495
-0.965531397303   0.25921742027   -0.0235679835939
0.180507291975   0.60160488654   -0.778131530035
-0.18752663375   -0.755564616377   -0.627659041291
-0.795151374203   -0.582416051805   -0.168895928616
-0.594222184848   0.803899241287   0.0254166263137
0.120972257723   0.120571773055   -0.985306125224
0.764202952834   -0.522346103805   -0.378349566828
-0.597059642895   -0.794803300896   -0.108662301238
-0.243954154925   0.308937308727   -0.919262807673
0.431382236501   0.315673627021   -0.845138762118
0.494489906928   0.700798054168   0.514161277442
0.754578755318   -0.639712629606   0.146214409497
0.271399061088   0.222756316098   -0.936334434526
0.345256721804   0.88556801613   0.310752449478
0.898409898482   -0.407613680396   0.16343421265
-0.253629131627   0.87783393045   0.406300201994
0.798214851291   -0.0473180626849   0.600511492081
0.546374701801   0.476622063583   -0.688698841104
-0.619348373804   -0.455925610774   -0.639170892099
-0.72679402719   0.640858739446   0.247124499224
0.296947863955   0.617601743453   -0.728278828868
0.633029377746   0.758388575851   0.155308000208
0.262344122229   -0.02141408966   -0.964736750775
-0.72831955105   0.651450846021   -0.212514533093
0.812305152687   0.10149274479   0.574334015772
0.182534073234   0.891032250578   -0.415623435983
-0.553932893974   0.442448585922   0.705264204245
-0.265561876327   0.521735597954   0.810721194782
0.865493420238   -0.241451053918   0.438887830871
0.424732891788   0.818225735595   -0.387438532214
0.580012550841   -0.724478670449   0.372446099365
-0.679594700823   -0.682436223663   -0.269131646683
0.449150847133   -0.0970126625661   -0.888173440169
0.106025912139   0.916761974234   -0.385105165577
0.967634286474   -0.184316811238   -0.172369372963
-0.229003042765   -0.354365342117   -0.906632676838
0.448456046346   0.218883395687   0.866589426192
0.763818928948   0.409672070599   -0.498747870523
-0.464185112079   0.88558390549   0.0165326362208
0.871173865388   -0.398562732498   -0.286712128326
-0.26318190501   0.113891767334   -0.957999974013
0.414477238387   0.910041984525   -0.00567496802056
-0.518905895104   -0.256653132966   0.815393059429
-0.389192395834   0.920200094432   0.0419650477371
-0.761095231263   -0.295568867687   -0.577384701393
-0.697701603001   0.182380203422   0.692784190473
0.276502264693   0.960673269464   0.0255610437513
-0.660877424935   0.209390378809   -0.720691819346
-0.371491255596   -0.669136248069   -0.643623281537
-0.801652088573   -0.118521953067   0.585923608952
-0.468346213716   0.733627445071   -0.492384601644
0.0493804122887   0.66067541348   -0.749045774906
0.843609973474   0.373889967989   0.385393960115
0.534681014754   -0.650933398943   -0.538889527271
0.822833488574   -0.350010654195   0.447702570945
0.196717242617   0.914541462478   0.353434916025
-0.53314855016   -0.202747269668   0.821368472797
0.0109355679348   0.654631345249   -0.75586917861
0.453910571674   0.670295144039   0.587085694597
0.890980137981   -0.34951712647   -0.289814030073
0.828536278246   0.0634859118223   0.556324702517
-0.244232403544   0.935031727782   0.257033462996
-0.503863244035   -0.348834068062   0.790213024614
-0.862280990847   -0.505754823376   -0.0261448169872
-0.287275059947   0.530996943892   -0.797192125845
0.417066580722   -0.679892862302   -0.60315931812
-0.841525827013   0.481506920395   -0.244919105177
0.412154074906   0.865349804083   0.285129330502
0.349232445526   0.138999288435   -0.926669248873
0.908096068987   -0.409126984051   -0.0893120395698
-0.231346825826   -0.667913968539   0.707368063183
-0.349056121091   -0.62169610064   -0.701180278371
-0.319702873674   0.453016981808   -0.832205315267
0.886930381831   -0.16595045595   -0.431062575452
-0.333383518415   -0.875920122136   -0.348739686996
0.997886850356   0.0523524949737   0.0384844144572
0.0601790811859   -0.521325724417   -0.851233203798
-0.0245012667776   0.851750377359   -0.523374610194
0.115489667766   0.433660980001   0.893644387362
0.813250118706   0.475289135414   -0.335744668137
-0.570338830051   0.76553144428   -0.297783859122
-0.868968072909   -0.416344627857   0.267491381392
-0.406861238536   0.293368815179   -0.865100381954
0.281706266954   -0.860576486511   -0.424322624926
-0.652731193874   -0.522069682977   -0.548985641579
-0.344954052303   0.849982376947   -0.398166624266
0.674498843842   -0.0705209542991   -0.734900064404
0.870888393252   -0.310637482881   0.380864491294
-0.490375081386   -0.497248480872   0.715734746834
-0.0329497504532   -0.81009153958   -0.585376811503
-0.0426316683816   -0.921901920153   -0.385070630495
0.351121515702   0.347010053737   -0.86965378388
0.935358873408   -0.172281375153   0.308905981996
-0.682922766036   0.465128166285   -0.563269282456
0.72569060017   0.343732872056   -0.596004081776
-0.0836041174557   -0.815783979738   -0.572282141909
-0.310510784748   0.941608526519   0.130216878101
0.795828562399   0.332428515705   -0.506110838864
-0.519846084744   -0.0535225628459   -0.852581599287
-0.707602306388   0.0109140818192   -0.706526615785
-0.695489135622   0.165945809069   0.699111472288
0.124875290694   0.986074475519   -0.109833011902
0.666324882407   -0.742003420238   0.0737704238941
-0.218104807486   -0.288548930039   -0.932292769426
0.71305080046   0.605120185855   -0.354101845002
0.0593714422726   -0.943856310299   0.324977379752
0.239654164648   0.329507751979   0.913230815705
-0.969041234009   0.0236623518179   0.245762446068
-0.214443015336   -0.975129648183   0.0560032356939
-0.00568499538778   0.0585822163513   0.998266399692
-0.976719956795   0.213752878722   -0.0181061546719
0.778827548235   -0.180769678736   0.600624652641
-0.586049280173   -0.550997443767   0.594094317572
0.223548409342   -0.814692666109   -0.535071928313
0.099807982734   0.333452980339   0.937468653602
0.992108665382   -0.105207904183   -0.0682033208193
0.0758865116867   0.936878010629   -0.341322179976
0.779884982922   0.540288325402   0.316018890016
0.265968633632   0.170984721051   -0.948696427257
-0.566604005754   0.82392520935   -0.0103513314181
-0.158418807117   -0.323291896595   0.932944709588
0.00481077327124   0.944612659807   0.328152067484
-0.987360287844   0.0564736445562   -0.148089126739
0.446528504259   -0.470586382   -0.761026117792
-0.876008471596   -0.0566635234661   -0.478955533219
0.182267530232   0.880532624146   -0.437539535629
0.0914606764573   0.971090516961   -0.220495243783
0.891683614892   -0.178439571184   -0.41600438744
-0.443322992406   -0.158563953358   -0.882225706438
0.636964268573   0.548688819275   -0.541495244821
-0.110246163337   0.76004147534   0.640455103214
0.762969399144   -0.348249243166   0.544610099616
0.465798444144   0.834594890639   0.294080223667
0.833572840404   -0.525375127493   0.170696500117
0.29696486185   0.165627123174   -0.940414550555
-0.832537529043   0.504426271191   -0.228987771874
0.553218831657   0.735556587449   -0.39103124039
-0.0288129664619   -0.452228530272   -0.891436576191
-0.223956343496   0.847631762402   0.481003068156
0.716936706966   0.477604228386   -0.50783457861
-0.660185818094   0.231115980399   -0.714660821084
0.890643120047   -0.402166184603   0.212172554011
-0.454558524312   -0.799249513035   0.393162515874
0.0114621415346   -0.446612332874   -0.894654147387
-0.103938211809   0.409345443061   0.906439825014
0.976340452416   0.215750923982   0.0145210115551
-0.189621119872   0.886503156817   -0.422085280308
-0.512987426394   -0.856327813059   -0.0595531438615
-0.791634561381   0.445125115855   0.418543130945
-0.331901523932   0.261851690498   -0.906242280295
0.310578625617   -0.580496022101   0.752705311284
-0.767828521101   0.31358726646   0.55866124664
-0.560339432392   -0.751456848155   -0.348327899927
-0.404316260076   -0.257734247226   0.877554226042
0.0390342147187   0.953738234771   0.298093457858
-0.913785911425   0.154778672121   -0.375551422228
-0.637619095141   0.76817881031   -0.0578204540173
0.724141210452   0.623284747438   0.295187450505
0.262795351626   0.146346981527   -0.953688190218
0.135964749126   -0.690061945614   -0.710864331789
-0.855635749678   -0.443483817568   0.266851208407
-0.499400691698   0.571958577845   -0.650739836157
-0.105241178345   0.925642165801   -0.363470597534
0.898603184925   -0.0680371963102   -0.433455021843
-0.425953765594   -0.372233153829   -0.824624683579
0.187130883409   -0.98230987131   0.00702489873961
-0.703214118406   -0.138949349779   -0.697268228066
0.685909568492   0.125540411517   -0.716775884728
-0.829383992015   0.0419409085121   0.557102462732
0.431462027078   0.681563043089   0.59102651166
-0.354912260958   0.730556485488   -0.583373386891
0.807552080035   0.211040537595   0.550746338637
-0.462730898265   0.805703919862   0.369758447245
-0.365704462403   -0.553446551177   0.748302853909
-0.266066959963   -0.93106924066   0.249636619737
-0.925691876543   0.319028494638   0.203261824529
-0.268892027621   -0.17700533525   -0.946766174288
0.667916108781   -0.743054334639   -0.0419324147214
-0.460666439849   -0.457021106334   0.760866702887
-0.58452930023   -0.48887827129   -0.647551953926
0.757387009005   0.415997205928   -0.503300350934
0.620883700736   -0.697452265072   0.357859983941
-0.202159216338   -0.583529487349   -0.786527169679
0.85829120339   0.343432772549   -0.381300591296
0.392568794781   -0.917963522993   0.0568569416888
-0.330493496983   -0.198486526478   -0.922701006426
-0.34544665507   -0.776580388297   -0.526867638988
0.0132241849712   0.557346112426   -0.830174940537
0.93834520803   -0.293748551445   -0.182263707554
0.616019159662   -0.124306606911   -0.777861338805
-0.705841990467   0.351297755154   -0.615123541832
0.34972486246   0.927975083018   0.12866532507
0.955348407003   -0.275279951627   -0.107379557963
-0.181837617915   -0.261277393821   -0.947981647602
0.232904491041   0.925178399937   -0.299667192636
0.749078440194   0.555528825397   -0.360928267929
0.577456997499   -0.814548825148   -0.0552596370791
-0.324692017883   -0.167026751162   -0.930954970941
0.185695532171   -0.674144505153   0.714875062863
0.00868893722594   0.728626861198   0.684855750878
-0.98256891448   -0.120963148574   0.141160352031
0.0186006016078   0.846727822744   0.531701054927
0.308017424464   0.501075638491   -0.808732632418
-0.951198866613   0.178816103026   -0.251486614857
0.90648185241   0.422103338004   0.0109280966594
0.364524047091   -0.79536580338   0.48426796085
0.213102957142   -0.434996564193   -0.874851483852
-0.115495162715   -0.196506390401   0.973676592058
0.94437939847   0.282134758809   0.168960142097
-0.307909758104   0.939034193415   0.152991386886
0.486858349783   0.170397319094   0.856699305995
0.755866780256   0.409352170035   -0.510975744427
-0.437760616949   0.896323353781   0.0704988490356
-0.799053566259   -0.458842554272   0.388557471475
-0.180302474705   0.799357306893   0.573165694657
-0.573589065329   0.3879322187   -0.721459754823
-0.0306334856305   0.877807337837   -0.478033332727
0.997696286706   0.0558154077338   0.0385585237447
0.0605285804557   -0.475750899   -0.877494941893
0.815276411243   0.56717185321   0.116792389292
0.3806396568   -0.372896338857   -0.84620433238
-0.436391825017   0.734346246258   -0.519901688461
-0.393098729072   -0.897402509206   -0.20035499912
-0.573354524167   0.0688807465961   0.816406781185
-0.718844892045   0.435802913274   -0.541606722597
0.442023592671   -0.896845392322   -0.016837036322
-0.618722784376   -0.291248979095   -0.729627403727
0.649459205505   0.332929984301   -0.683637598394
-0.0596834393079   0.573909003645   0.816741294786
0.954621365469   -0.206345801026   0.21475441553
0.291780629348   0.792495972188   -0.535550369622
0.0748335552999   -0.27217910231   0.959332307007
0.829453559124   0.551009081408   0.0916285188302
-0.55354018125   0.788864708598   0.266993893695
0.442755824195   -0.68767441424   0.575387851924
-0.840535997189   -0.094886454262   0.533381475332
-0.312196280521   -0.719791956608   -0.620026629776
-0.0971907601109   0.124656665578   0.987428312272
-0.542476033429   0.825162137209   -0.157566495393
-0.834430170418   -0.550970201592   -0.0125748818469
0.283438827428   -0.753354295486   -0.593396778369
-0.667626236779   -0.599210129455   0.441839822474
-0.688431288562   0.270932696866   -0.672798509732
0.786671459095   0.580381039653   -0.210489582299
0.386341877889   -0.196855479591   0.901103697442
0.481547473084   -0.790193500965   -0.379086088111
0.865369607059   0.389387116555   0.315456996498
0.388901492041   -0.124808347703   -0.912786122721
-0.316055489853   0.912579064961   -0.259438581419
0.361085199669   -0.161913508403   0.918368931517
0.719270918304   0.675150688863   -0.163770856413
-0.593520702808   0.719691297102   0.360246599169
-0.480832830295   -0.0521819229831   -0.875258154046
-0.853644943276   0.255810802456   0.453708214787
0.200225123622   0.965317502307   -0.16754706685
-0.77869082061   -0.066953713629   -0.623825140667
-0.130109887087   0.989907503071   0.056165404344
0.613768704953   0.124901303413   -0.779543226015
0.133791159339   -0.820295893814   -0.556070654031
-0.815382572706   0.227797818744   -0.532221207678
0.563250553315   0.52461681289   -0.638377642014
-0.303804977521   0.682413493196   -0.664841605149
-0.303953580906   0.591935584468   0.746474704524
0.90294781482   0.428863717449   0.027589047982
0.261145250111   -0.395174411778   -0.880704458159
0.0719192060957   0.917793277343   -0.390490880634
0.962616635083   0.0386352732534   0.268097984926
-0.524042669689   -0.795364412917   0.304589446652
-0.304794108301   0.50907905628   0.804946623076
-0.795286006346   0.328989308523   -0.509201534745
-0.635237661555   -0.741956260368   -0.214415533585
-0.685588334998   0.669558717135   -0.28576171756
0.355586484918   -0.0345258165569   -0.934005470934
-0.241160161038   0.962486013571   -0.12434810175
0.569051823542   0.244032447419   0.785256764842
0.786143624824   0.118612133811   -0.606555325474
0.156205667358   0.713347645761   -0.683180009787
0.907323087969   -0.376972115373   -0.186163471899
-0.390339087876   -0.590785206753   -0.706121969605
-0.807989833056   -0.586676309176   -0.0544365495733
-0.582656324737   0.809331277316   -0.0741248325632
0.0875444853852   -0.0281743111823   -0.99576210576
0.527964042504   0.346933545289   0.775171648718
-0.0819965762072   0.929313518851   -0.360073527451
-0.845299078027   0.126544453984   0.519091485052
-0.654353841356   -0.163518561412   -0.738297182967
0.253059851192   0.872693679355   -0.417572094049
0.712588073165   -0.460073279041   -0.529670478595
-0.136541252931   -0.831978982375   -0.537742930344
-0.8554985179   -0.174663204789   0.487457742542
-0.499478500157   0.526596370838   -0.687908053522
0.309955159579   0.803211330985   -0.508703604103
0.627569738119   -0.574776446845   -0.525155462649
-0.714201668192   -0.156472342378   -0.682226049945
-0.448794798982   0.834313435519   -0.320162958068
0.574400462541   0.543778674441   0.61185689655
0.68457821835   0.0906964416904   -0.723275064153
0.908956352639   -0.270811176946   -0.316953711822
0.306101277272   0.949679821983   0.0664096662371
0.283020064746   -0.157383424028   0.946113154328
0.893284956893   -0.245715542151   0.37638525228
-0.221204451381   0.488631312001   0.843983430893
-0.391293465928   -0.837175795922   0.38213362878
-0.895373720938   0.408318473955   -0.177713037452
0.438586524777   0.877693151612   -0.193123255715
0.0771217228651   -0.250860031573   -0.964946363495
-0.856450473671   -0.259352258388   -0.446350750216
-0.511312633261   0.545228528027   0.664293040226
0.0710772623099   0.797158866409   -0.599571317266
0.419556480556   -0.354460851686   0.835661333463
0.805018321611   0.570671045636   -0.162111256684
-0.419425632852   0.740737512413   0.524776215363
-0.459363435289   -0.81810170523   -0.345969412259
-0.483438076715   0.55702397572   -0.675286543961
0.745166330628   -0.142947159374   -0.651377961959
0.864769339824   0.438965993153   -0.243891053043
0.281013155121   -0.0205068346217   0.959484797369
0.416179763502   -0.898269629114   -0.141088900564
0.0735932598032   0.997001567739   0.0239145570392
0.99691659975   -0.0728899996667   -0.0290575479274
-0.0272272887836   0.0259792585619   -0.999291625538
0.216271631763   -0.838106575564   -0.500803303994
-0.74788507861   0.187519501276   -0.636792231292
0.627610142116   0.512263413331   -0.58625225362
0.595550311722   -0.717721630489   0.360826117867
-0.802800449534   -0.547870521502   0.235264382975
0.0288316568227   -0.429783146246   -0.902471707461
0.300275026522   -0.546875634059   -0.78151260343
-0.816678531382   -0.570712307637   0.0855782582898
-0.492819525615   0.612547551448   -0.617992242984
-0.937919576244   0.157370157705   0.309097884111
0.333020102767   0.657728386876   0.675641162341
-0.0969766964338   0.736632881808   -0.669303755994
-0.227948711517   0.717670849545   0.658018188678
0.812646650253   0.512483348797   -0.277427898812
-0.536325280731   0.471496944761   -0.700032730899
0.676239679352   0.44600932322   0.586323783989
0.71531814575   -0.207261031194   -0.667355089371
-0.176124519674   0.870700033622   -0.459196695349
0.380797672726   0.284151331383   -0.879915423958
-0.593903610251   0.804531378672   0.00278611979625
0.708711248801   0.52152399907   0.475122178199
0.999812701644   -0.0113950954406   -0.0156433190888
0.0121447978272   0.99873974102   0.0486973674218
0.0150686933059   -0.0488782314326   0.998691069838
0.745032088977   0.429901532675   0.510011625944
0.630033936499   -0.704640385555   -0.326403379125
0.219053475786   0.564505623752   -0.795832253366
0.992448569839   0.0231327536255   0.120460416462
0.0411756102082   0.862242561838   -0.504819109859
-0.115543954184   0.505967034761   0.854778892104
