0.24340000696   0.914502005225   0.323175678311
-0.031902345218   0.340564265908   -0.939679850351
-0.969401195059   0.21840802006   0.112068103366
0.74500054195   -0.667038419266   -0.00582578044189
0.500692694146   0.55339922708   0.665624610044
-0.440773205314   -0.498807620923   0.74626398733
0.898106362116   0.0335860481822   -0.438493944877
0.0172921447794   0.993611519534   0.111521881161
0.43943821415   -0.107741011766   0.891788052358
-0.257479811948   0.854206347074   -0.451703069568
0.965879135407   0.213994618679   -0.145889680795
-0.0279578651794   -0.473854217872   -0.880159382146
0.725819349594   -0.20486703174   -0.656670214843
-0.213759361713   0.840187509443   -0.498389289869
0.653829646801   0.502109996198   0.5660321057
-0.38854244238   -0.756941189523   0.525428212102
-0.784333639819   0.570960438358   0.242538490302
-0.483586095662   -0.317874524669   -0.81553680153
-0.722770718316   -0.396167799722   -0.566262804014
-0.682564699707   0.280930547838   0.674672852578
-0.108203139786   0.874144783063   -0.473458529108
-0.91331042674   -0.351475797405   -0.20573970994
-0.199501581583   -0.0543056401558   0.978391545545
-0.355053775298   0.934620597508   -0.0205220700852
-0.608934968616   -0.792203451746   0.0401484126532
-0.759248137946   0.596762342294   0.259647784208
-0.229652931662   0.127626007779   -0.964868453789
-0.0331551776274   0.997894028589   -0.0557516089766
0.963466746994   0.0467450098239   0.263717142964
0.265767871709   -0.044971232622   -0.962987552673
0.994299089138   0.1015303232   0.0325716872329
0.0192600918991   0.129432437527   -0.991401176606
-0.104873114755   0.98637662056   0.126739071383
0.85146208699   -0.362087410002   0.37934815399
-0.28006516503   0.297608406218   0.912684359396
-0.443368715354   -0.883358332765   0.151994204426
-0.380205510048   -0.68732038837   0.618897773352
-0.563496011719   -0.358483209758   -0.744286257496
0.733427579864   -0.631728163099   -0.25100500601
0.634218697168   0.761690394445   -0.132643835786
0.558774990224   -0.570140875439   -0.602254009911
-0.534356767022   0.307842695485   -0.787207545933
0.0413717554875   -0.605701684857   -0.794615533959
-0.578554401418   0.633875942471   -0.513299224777
0.814593875773   0.480964404627   -0.32420681522
0.813468063997   0.254926842481   -0.522763822237
0.0146102761015   0.889582162718   0.456541471945
0.581426047481   -0.379019631096   0.719922128118
0.0547339353013   0.956632356334   -0.286109648809
0.987290397017   -0.00903309957766   0.158669704321
0.149204116176   -0.291157926094   -0.944968355972
0.720727779985   0.676911165211   0.149474886088
0.658676837542   -0.735921826534   0.156728711205
0.216093245715   -0.0145030908261   -0.976265009878
0.318971365664   -0.946164776864   -0.0550407386313
-0.944687382958   -0.312723398703   -0.0988424219814
0.0763086912868   0.0835241936586   -0.993579736462
0.430170348401   -0.472343810465   0.769314497506
-0.590921317784   0.496918995236   0.635518298999
-0.68247012209   -0.727985464752   -0.0653582096192
0.10231582168   0.824292330519   -0.55684255089
-0.313755638752   0.557947930358   0.768278273909
0.943975037692   0.0961054673647   0.315713267629
-0.575348476365   -0.269851200781   0.772110393779
-0.210112450299   0.961089572086   0.179330958443
-0.790459922434   -0.059052213033   -0.609660517962
0.661610981281   0.724709109344   0.192529520547
0.355111288329   -0.528960860316   0.770776479373
0.660429316695   -0.441584776783   -0.607318699336
-0.715276079204   -0.390852513782   0.579322399868
-0.546261039176   -0.204328586035   -0.812310720111
0.435865813751   -0.897487683146   -0.0673561504554
-0.0869359402789   0.796292462914   0.598632153992
0.658156404482   0.497002214354   -0.565525371816
-0.747845097281   0.344829106128   -0.567292339133
0.847817214861   -0.118817198392   -0.516806001853
-0.0760857799487   0.937235422438   -0.340295044067
0.524801795228   0.327829584225   0.78556402631
-0.0398894033318   -0.724292020734   -0.688338509894
-0.305254572621   0.664786392365   -0.681820136415
0.951434959099   0.182921079235   -0.247611383776
0.784883874791   0.319788440834   0.530747262077
-0.254196367323   0.947317294967   -0.194869570472
-0.565103096729   0.0180359575639   0.824823129102
0.667653903325   -0.0228716649209   -0.744120388324
-0.236534857365   -0.954253435744   -0.182897899447
-0.705896257694   0.29812290639   -0.642520977135
-0.40405336109   -0.876539145723   -0.261572183932
-0.871872590267   0.455546707672   -0.17976480042
0.2767292318   0.155423045731   -0.948295633821
0.772704096834   -0.613601308182   -0.162547880124
-0.548144896474   -0.515876303062   -0.658337916581
0.320102407371   0.597800196166   -0.734962158386
-0.852762007976   -0.0274283980586   0.521578988009
-0.518261887302   0.168369202693   -0.838484601979
-0.0648195489232   -0.985342323543   -0.157793952713
0.772951035217   0.554385760619   -0.3085500374
-0.02037266485   -0.464377201547   -0.885403167608
-0.634138511434   0.690659281489   -0.347646523368
-0.276365872123   -0.164272091594   0.946908963232
-0.405494862896   0.91321825202   0.0400791759176
-0.871318438282   -0.372890203814   -0.318993847916
-0.649075898513   0.729379621301   0.216115353457
0.737288075047   0.533187448235   0.414870388722
0.187368013181   0.428621643265   -0.883842019007
-0.248244955162   -0.837419706461   0.48693190229
-0.73578835556   0.489955134123   0.467503435677
-0.630071375369   -0.242223454228   -0.737792559032
-0.448133331004   -0.863788246729   -0.23031800289
0.184898190926   0.162507136534   -0.969228605422
0.874636596899   -0.476929025524   0.0868880197563
0.792252215307   -0.520333888315   -0.318730406475
0.280041334597   -0.154034723096   0.947549552793
-0.54213769308   -0.839955920719   0.0236806459131
0.848058623332   -0.342969221127   -0.403941437281
-0.444410035494   -0.87551690959   -0.189657220727
-0.28861096955   0.340356069994   -0.894908628785
-0.193846402468   -0.980366187464   0.0361346195254
-0.787284118562   0.17743371595   0.590509096547
-0.585326651461   0.0860198519078   -0.806221617278
-0.671351126175   -0.660055064859   0.337068207841
-0.280453763049   0.647229318819   0.708829948332
-0.686027224077   0.381341736786   -0.619633058842
0.0329084786819   0.00989542189146   -0.999409381913
-0.999416787455   -0.00879553897714   -0.0329958095352
-0.00911685162874   0.999912355719   0.00960020295035
0.55683140256   0.083071408812   0.82646108811
0.819890320018   0.104481643236   -0.562906252735
-0.133111428   0.991051324233   -0.00993078401043
-0.498185203724   -0.253897970793   -0.829064124913
-0.482233375066   0.87577718483   0.0215706862317
0.720598691896   0.410548587818   -0.558737310619
0.470731730016   -0.863967753593   0.178805366553
-0.292234760268   -0.343907452155   -0.892371284412
0.832472512007   0.367814335099   -0.414369559268
-0.0957655348936   0.433334681224   0.89613057998
0.977419052859   0.211297920318   0.00227683499865
-0.188363896315   0.876113145043   -0.443784632055
0.0629975772834   0.0358871702166   -0.997368245068
0.505724987452   0.860398479125   0.062902258986
0.86039150526   -0.508356733144   0.0360539809758
0.364813703083   0.925642283102   -0.100485450571
-0.0811695457807   0.139130484102   0.986941848961
0.927535695745   -0.351893552267   0.125890670792
-0.206677737867   -0.679564967803   -0.703900395799
-0.587913308678   0.661325275476   -0.465839909728
0.782075606415   0.317553671923   -0.536206500612
0.562299417833   -0.793795105393   0.231751365385
-0.823820564146   -0.562029022585   0.0737770686833
0.0716871173588   -0.232406343343   -0.969973323746
0.479036937122   0.0907549615384   0.873090573669
0.0896741188247   0.984377452209   -0.151524202672
-0.873202247641   0.150879317796   0.463414788473
-0.56833366687   0.616914131202   -0.544438975299
0.625648431223   -0.105726078601   -0.772907521513
-0.53437897003   -0.779896756646   -0.325883668451
0.898926862502   -0.426403528789   0.10055111391
-0.434932916205   -0.896149547291   0.0880303770969
0.0525723717752   -0.122865859889   -0.991029831135
-0.107097463922   -0.787043954961   0.607529378862
0.260536817199   -0.611906994631   -0.746786714401
0.959505445584   0.0783048075205   0.270587614303
0.594748484362   -0.55034908492   -0.585994987246
-0.764504016515   -0.612622594488   -0.200567109602
-0.248611844209   0.567282505856   -0.785100445465
0.14645881294   -0.971249458069   -0.187681395758
-0.547044904696   0.0785543563147   -0.833409314413
0.824191536209   0.224730290138   -0.519812089448
-0.469374463165   -0.710146845898   0.524765729244
-0.829363132866   0.150589312984   -0.53803313342
0.303058422042   -0.687760362391   -0.65965239085
0.176738568292   -0.69740130806   0.694546538393
-0.645443440387   0.450622885974   0.616718558094
-0.743078894694   -0.557288462246   -0.370490655898
0.376372827299   0.914202221518   -0.150259086392
0.273977282176   0.0451027041743   0.960677987115
0.885031041107   -0.402740666246   -0.233495207721
-0.905548281982   -0.424064688496   0.0123064605213
-0.275966739214   0.566771870155   -0.776280880898
0.322218354298   -0.706355991814   -0.630267042595
-0.375553465022   0.916704439229   0.136427878411
0.901328335467   0.395527254866   -0.176537311472
-0.215793481351   0.0566671135299   -0.974793317401
-0.877525741326   0.479427532409   -0.00989012027872
0.470665635616   0.865069050514   0.173578216642
0.0917738130434   0.147664413489   -0.984770424124
0.236103723274   -0.93128117106   0.277435420025
-0.870719577743   -0.0760053106187   0.4858709805
-0.431395930429   -0.356284399302   -0.828829884852
0.0634404661529   0.988262037384   0.138972848859
0.836779445828   0.0232115807174   -0.547047878672
-0.543852430622   0.150994595884   -0.825484806474
0.875226247861   -0.41798946869   0.243441613367
0.191181286207   0.76121856948   0.619674112161
-0.444329529582   -0.495813567324   0.746150236614
0.853019209396   0.509777716316   0.111735886572
0.517406627076   -0.798125818636   -0.308683591863
-0.0681807205824   0.321125921679   -0.944579023569
0.95005706209   -0.292756400883   -0.108098420503
-0.283982610439   -0.667379994683   -0.688445945347
0.129404233862   0.684761003883   -0.717186803992
0.40166783986   0.890609832223   0.213253541984
0.849717724973   -0.275601147217   -0.449470572473
-0.341529990321   0.361743188463   -0.867467077941
0.388115308144   0.854021500217   0.346430057517
0.896142513223   -0.437471050047   0.0744827252803
0.215162969814   0.281542816525   -0.935114184944
-0.359978347292   -0.854361007013   -0.374810430988
0.161745464233   0.338508551802   -0.926957585414
0.918832952326   -0.394308546767   0.0163332686802
0.509655359005   -0.809618251577   -0.291152368617
0.020195673852   0.349564379007   -0.936694656591
0.860141587063   0.471511433205   0.194508145232
-0.295351317315   -0.552322848725   -0.779555687643
0.254078199499   0.741164416502   -0.621385207622
0.920984184392   -0.381595045156   -0.0785706918147
-0.88816391562   -0.449775214671   -0.094165361246
-0.391998067353   0.634634737241   0.66601521415
-0.239796526627   0.628443320082   -0.73997068811
0.119453138421   -0.300098149373   0.946399518419
0.78135911463   0.616517384521   0.0968723312836
-0.612542963152   0.7279061858   0.308129360768
-0.240978742967   0.487777086445   -0.839048722886
0.33963403309   0.852244741966   0.397904037877
0.909163334613   -0.189083086843   -0.371038565738
-0.695386687924   0.631965735858   -0.34213544534
0.433792117571   0.748702735042   0.501267007965
0.572941317232   0.200158745105   -0.794779669951
0.312006811978   0.283758204224   0.906715518128
0.905662994003   0.199562481438   -0.374098058396
-0.28709979201   0.937899833425   -0.194724451187
0.641205175942   0.386156231847   -0.663128409096
0.57070072482   0.337719785636   0.748495844397
0.512987918995   -0.858387273319   -0.0038319668407
0.349640739086   0.646367429887   0.678203877276
0.924659682626   -0.354630078634   -0.13871545932
0.150850339402   0.675608357637   -0.721663025375
-0.750019541041   0.443504791241   0.490687464892
0.61702210199   0.73637373204   0.277556214877
-0.238231848651   0.510937595903   -0.825946947074
0.886002429063   0.440965800682   -0.143348729761
0.347434990772   -0.426625809262   0.835032541916
0.3070645256   -0.789645225085   -0.531198452198
-0.354325048475   -0.850414105249   -0.388908227756
-0.921923955029   0.387308157298   -0.00697226182124
0.156556638849   0.356073364468   -0.921250116933
-0.106283304661   -0.447225314115   0.888084105006
-0.994301854628   0.0404121043588   -0.0986442279287
0.00822684829023   -0.893507907204   -0.448972091261
0.0649352673884   0.989410617033   -0.129807711445
0.873522132338   0.00652943804969   0.48674064013
0.482433928497   -0.144996542511   -0.863848081143
-0.00682158262924   0.325518404795   -0.945511096788
0.057716884209   0.944084980565   0.324611014522
0.998309685062   -0.0523575936337   -0.0252280617814
-0.19848224288   0.930449886402   -0.308006182009
0.388161029732   0.363187127662   0.847010109325
0.899964340548   0.0485604694685   -0.433250581703
-0.131598583162   -0.855595103165   0.500638424764
0.657693278136   0.302510241216   0.689874703011
-0.741701668331   0.420053060219   0.522909229021
0.874899673232   -0.48099950104   0.0564804548327
-0.47055648403   -0.87185349811   -0.135823684129
0.114573806416   0.0922548526193   -0.989121774632
0.815561292664   0.565088894987   0.124636746875
0.305614337898   -0.237717876945   -0.922003301215
-0.491385443802   0.790040981053   -0.366572767505
-0.172213590634   -0.395560449881   -0.902149882055
-0.179225893504   0.913128646334   -0.366161377459
0.968617859787   0.098630653122   -0.228147837961
0.522028374078   0.0186694121396   0.852723771047
-0.730350592077   0.526162200849   0.435593102621
-0.440538748932   -0.850179270182   0.288306814421
-0.540638406614   -0.473321526715   0.695468795592
-0.443907684932   0.862750893954   0.242088542149
-0.714602043484   -0.177841579307   -0.676547331765
-0.766337491159   0.00856438969077   0.642381118086
-0.294849663612   0.883692295066   -0.363526620083
-0.570780628186   -0.467989934582   -0.674681328938
-0.160379838472   -0.841968429364   0.515138303144
-0.606754368322   0.495740965687   0.621361433839
-0.778541870379   -0.212908569331   -0.590374878507
0.977219262154   0.124856619202   -0.171619749205
0.202588487863   -0.307787719146   0.929636823996
0.0632488597618   -0.943227196695   -0.326070601487
0.955291230493   0.0416904097605   -0.292712443666
-0.294203965688   0.232382239585   -0.927061228452
0.0293716107263   0.971730623403   0.23425819948
-0.636927585685   -0.304664124582   -0.708168780578
-0.601109430624   0.77141765186   0.208763643419
0.482691105167   0.558654255861   -0.674473661013
0.93925635967   0.0904658925114   0.331079164419
0.176492759456   -0.954631222668   -0.239853152088
0.294359978054   0.283716673812   -0.912610022036
-0.0824831552925   -0.873580400308   -0.479639253284
-0.907899700078   0.264345824137   -0.325329709463
0.410992291523   0.408630113255   -0.814927461097
0.88632094308   -0.460053622785   -0.0527811521305
-0.458598644578   -0.856235755291   -0.237797423351
0.064206456442   0.234970201353   -0.969879649971
-0.383624096417   0.865696370638   0.321562352449
0.812750886933   0.151162285309   0.562659718915
0.438484376503   0.477199913417   -0.761584988165
0.996545842417   0.0124459642153   0.0821065279799
0.0645169476599   0.506485054064   -0.859831642518
-0.0522871631168   0.862158911097   0.503932599252
-0.648977985844   -0.182351410681   0.738630852938
0.264558590878   0.85617448307   0.443817537432
-0.71332764273   0.483438949157   -0.5073957593
0.757563987676   -0.631681212265   0.164546803824
-0.636808984168   -0.77057194873   -0.0263284924173
0.143426365287   -0.0848393652861   -0.986017829371
0.997137062276   -0.0747432528188   -0.0114509909868
-0.0702359622767   -0.971615034571   0.225900717571
-0.0280105094488   -0.224449706514   -0.97408302552
0.625257232085   0.696582663461   0.351889168192
0.760963152171   -0.444123879286   -0.47295777918
-0.173171807069   0.563494962545   -0.8077654068
0.900955519607   -0.104585459688   -0.421118787649
0.113832887419   0.993494764219   -0.00319800118142
0.418713775067   -0.0450559107282   0.906999856382
0.991669261785   0.0710649842518   0.107432970939
0.0717811274687   0.387652033717   -0.919006730386
-0.106955808495   0.919062385678   0.379321481412
-0.799040323724   -0.600933201377   -0.0203432678114
-0.546751172343   0.712085842757   0.440450800983
-0.25019535688   0.363060656128   -0.897546234669
0.326497772833   -0.256631377536   -0.909692003042
-0.550154037957   -0.834203615206   0.0378795841812
-0.768589447531   0.4881031289   -0.413552411072
0.483665715757   0.757420654704   0.438613072342
-0.220711783554   0.590478244074   -0.776287158129
-0.846967404332   0.278656410483   0.452765746159
-0.774700485825   0.188584669421   -0.603551969363
-0.284764763717   0.748173144871   0.599287889615
0.564577883563   0.63613895318   -0.525907829984
0.926105758797   0.1069510241   -0.361786680196
0.372104307053   -0.100892380967   0.922691233369
0.0621812527698   -0.989132046749   -0.133233951743
0.518042782265   0.844042820453   -0.138648451072
0.833958455808   -0.534433101989   -0.13745746064
-0.190118304563   -0.0444182028033   -0.980755858269
0.530429207904   0.808023213086   -0.256404646053
0.583349796205   -0.128448336774   0.802000024968
0.615099886742   -0.574977836003   -0.539492926214
0.810287872934   -0.547747148116   -0.208342565757
-0.426785868102   -0.795185016771   0.430737288716
-0.401606008127   -0.260103538678   -0.878099517938
0.628531923419   0.731087523816   0.265440490062
0.576106421056   -0.666886238701   0.472614151553
0.522540919795   -0.144131110978   -0.840343507137
0.819124628987   0.534235939554   -0.208870302045
0.470891944019   -0.834205364236   -0.286988131006
-0.327560100204   0.136723703756   -0.93488555962
-0.32582638062   -0.627293793842   -0.707346920471
-0.803566456907   0.577935062163   -0.1423798204
0.498114564158   0.522009157133   -0.692378740895
0.857922995595   -0.41439352545   0.303720496006
0.0812547988888   -0.474275535013   -0.876618716744
0.507312321244   0.776750103285   -0.373220425165
0.354375386364   -0.442201493568   -0.823939272414
0.176963684802   0.896913050334   -0.405254036873
0.91820582649   -0.0021952738071   0.396097514473
0.999999885232   -0.000406623325397   -0.000253365232196
0.000406566707898   0.999999892382   -0.000223473439293
0.000253456074442   0.000223370403777   0.999999942933
0.702310349671   0.60159630654   -0.380581209076
0.342912085327   -0.754406482095   -0.559716143692
-0.623836095847   0.262588544552   -0.736122124235
0.891698766873   0.155784094538   -0.424976028791
-0.250019657797   0.952192946647   -0.175552735869
0.377310853107   0.262792519386   0.888018362356
