0.0418748579162   0.168682294606   -0.984780574423
0.691216512044   0.706810606688   0.150460957565
0.721433454833   -0.686997125002   -0.0869983935921
0.755135133021   0.0458342606896   0.653964946633
-0.475718655656   0.724683825135   0.49852293252
-0.451068388981   -0.687555506221   0.56903842957
0.919554318095   0.206595888752   0.334272336311
-0.10960306414   0.951728868685   -0.28670425327
-0.377368552483   0.227002861794   0.897809933301
-0.497302807721   -0.679299720255   0.539668238359
-0.86744465187   0.378454789438   -0.322973293468
0.0151556383885   -0.628747852809   -0.777461538735
0.695919893917   -0.281463608717   -0.6606615913
-0.147008377855   0.84466694889   -0.514709901103
0.702911116779   0.455319648621   0.546443024924
0.0915766016634   -0.672543887276   -0.734369420466
-0.995126727234   -0.0347329897553   -0.0922844307908
0.0365584842614   0.739241732528   -0.672447126634
-0.791156285331   0.273060028293   -0.547275025129
0.605245440368   0.220746951011   -0.764819416943
-0.0880323184674   -0.936327402444   -0.339913674831
-0.966566371666   0.255362148232   -0.0232297743097
0.176948114721   0.598700262942   -0.781183307457
-0.185576975568   -0.759175979864   -0.623869391568
-0.784619418619   -0.595168935603   -0.17362691617
-0.609033742214   0.792314191863   0.036278398769
0.11597529379   0.134209386655   -0.984143064683
0.744154286894   -0.55657222854   -0.369407297863
-0.628409487091   -0.770828257274   -0.104524228392
-0.226574300904   0.30992120322   -0.923370420776
0.390531782684   0.31297928131   -0.865753369144
0.4655096342   0.744202411397   0.47902353944
0.794220188097   -0.590090450983   0.144939823646
0.271552051019   0.221460746026   -0.936597363629
0.342857172247   0.887058701977   0.309153390222
0.899282182091   -0.405070360822   0.16495320475
-0.273788193622   0.868901116622   0.412372252421
0.787218087541   -0.0438761475862   0.615111832369
0.5525646638   0.493037253366   -0.672001904099
-0.623126275793   -0.438908880993   -0.647358199609
-0.726689087412   0.630952530583   0.271701811526
0.289199956176   0.639732677245   -0.712113394771
0.619476035179   0.772037810877   0.142151540318
0.243990031986   -0.0172431596138   -0.969624431282
-0.7461355816   0.635342657172   -0.199051254322
0.813321463622   0.146266400333   -0.563129058872
0.14116861671   0.889350660516   0.434887139722
0.564428576942   -0.433199195259   0.702679755478
-0.253839396105   0.52192506662   0.814346232151
0.866526524606   -0.251372054729   0.431212096602
0.429764287883   0.815111228567   -0.388453783512
0.552463599819   0.728490421903   -0.405074901803
0.679050489781   -0.675183104734   -0.288128803504
-0.483398803477   -0.115885634472   -0.867695866373
0.122260317435   0.916006091329   -0.38208016885
0.966509464739   -0.197402506427   -0.163986905045
-0.225636586906   -0.349235008417   -0.909463050127
0.447017676524   -0.200323487563   -0.871805997459
-0.773058666551   0.403837168707   -0.489178739564
0.450061656827   0.892628725452   0.0256605446749
0.87671575558   -0.39851096141   -0.269366845686
-0.24744769678   0.10656006509   -0.96302367047
0.412479237389   0.910952230451   -0.00518773156216
-0.515285172702   -0.283896768152   0.808630827897
-0.366653379356   0.925856148397   0.0914094737056
-0.774626677955   -0.249385279255   -0.581171654755
-0.689391095638   0.203583877033   0.695193154647
0.303613559401   0.95253814283   0.0221335266665
-0.657691967264   0.226328724353   -0.718482139465
-0.390912506205   0.677188466539   0.623380456286
0.807604513563   -0.0725465902718   0.585245198112
0.441545424804   0.732224537302   -0.51854109269
0.0779797525574   0.646784943986   -0.758675420996
0.860328448524   0.340856311342   0.379014426743
0.503740130277   -0.682265499092   -0.529867596572
0.823310516322   -0.342799052669   0.452381037625
0.186820430425   0.916273582792   0.354317439952
-0.535964476891   -0.207199254263   0.818419543109
0.0159925645798   0.67698250225   -0.735825339007
0.433268714098   0.658546621336   0.615300389168
0.901122887992   -0.328650329642   -0.282783488846
0.828420382006   0.0812951770997   0.554175752679
-0.260259404709   0.931982604208   0.252336021436
-0.495968459619   -0.353269754768   0.793231219399
-0.85917710124   -0.511613268379   -0.00815918651914
-0.283422779461   0.489120891453   -0.824883192717
0.42601201484   -0.706408251059   -0.565244324207
-0.83176721484   0.499281328965   -0.242655012032
0.43201181456   0.856689971648   0.281865366014
0.348610229911   0.129616538389   -0.928262064601
0.917629001537   -0.393855143326   -0.0532460478639
-0.245819755536   -0.667719840837   0.702654155286
-0.312297395644   -0.631686900472   -0.709536465903
-0.32802620098   0.446092768234   -0.832706463047
0.884376788345   -0.164851663389   -0.436693972152
-0.332079068456   -0.8796733321   -0.340438424808
0.998261879581   -0.0526185200235   0.026542628451
-0.050168683922   -0.522396211784   0.851225763865
-0.0309244713468   -0.851077839721   -0.524128026161
0.124632822176   0.443245197345   0.887693840616
0.81287442393   0.467406481806   -0.347514534496
-0.568948003386   0.764895336498   -0.30204849552
-0.847949026005   0.451693945782   -0.277407693911
0.438738779858   0.304365259646   -0.8454998946
-0.297473918765   -0.838650325263   -0.456261876109
-0.664140786985   -0.472847555442   -0.5790787549
-0.367012127312   0.881028284816   -0.298481590322
0.65132105253   0.0142951274203   -0.75866760565
0.8591579673   -0.295845494781   0.417520095855
-0.511709112101   -0.494853469836   0.702334555596
-0.00117124594208   -0.817065166685   -0.576544136709
-0.0480161390206   -0.79357291171   -0.606577681912
0.108913581304   0.599497537817   -0.792931607365
0.992890871245   -0.104138061969   0.0576453107215
-0.721934653182   0.456626037311   -0.519906740277
0.691769878653   0.458604698939   -0.557795809503
-0.0162724160211   -0.762347946912   -0.646962762696
-0.318752042113   0.944067346593   0.0844628956744
0.766603614434   0.309184191275   -0.562782403956
-0.557419082903   -0.114638479417   -0.822278532525
-0.699226673803   -0.712247054194   -0.0615320439607
0.0505077552771   0.0366386524001   -0.998051389362
0.713113613177   -0.700971998686   0.0103552768597
0.664353504359   -0.0780784232128   -0.743329120292
-0.715917703176   -0.352160383959   -0.602863920175
-0.214700404111   0.932677234523   -0.289856710594
0.0600640716462   -0.939678659838   0.336743706019
0.22350429223   0.341447918728   0.912939839284
-0.972850522255   0.0204287797612   0.230530966044
-0.211601662034   -0.976376717372   0.0437406263945
0.00401906159646   0.0438843869371   0.999028531988
-0.977347729198   0.21157189406   -0.00536189104476
0.74440314631   -0.65742053943   -0.116885371623
-0.303418894135   -0.488969146472   0.817830146473
-0.594811676454   -0.573330103983   -0.563463984138
0.0936929699859   0.305072464319   0.947709037041
0.99006846912   -0.128763134848   -0.0564312108563
0.104814377973   0.943584043219   -0.314106828248
0.779299421158   -0.540273812574   -0.317484833701
-0.26809657678   0.170483306278   -0.948187569946
0.566406777592   0.824038621502   -0.0119880177755
-0.155756709123   -0.308190413342   0.938487355635
-0.0273968118795   0.951065014319   0.307773867047
-0.987415445627   0.0222262831516   -0.156578191569
0.436507072296   -0.470081797362   -0.767127551079
-0.880403242702   -0.0475284232736   -0.471838085811
0.18534213249   0.881342244971   -0.434608031627
0.0930603606989   0.966001645863   -0.241206528636
0.881518525638   -0.192564542037   -0.431096260836
-0.462887522216   -0.172510049968   -0.869468472365
0.636792692428   0.538274868265   -0.552046404811
-0.0963222060114   0.765908733437   0.635693200117
0.764994836257   -0.351630456928   0.539572907271
0.446724679502   0.835953663891   0.318776618577
0.834528487784   -0.517778711966   0.188327928127
0.322489168502   0.181897436108   -0.92893167614
-0.828885880008   0.50720669101   -0.235986377824
0.558271146556   0.722990099768   -0.40696270414
-0.0357983916844   -0.469070024871   -0.882435146014
-0.226120306248   0.843815777854   0.486666764992
0.721615745206   0.480703549852   -0.498191542913
-0.65432432583   0.238535176033   -0.71760758526
0.894036698133   -0.422279468847   0.14959422643
-0.444776686041   -0.79672293161   0.409153112905
-0.0535918085615   -0.432333922376   -0.900119601841
-0.0982929701418   0.294284731224   0.950649771992
0.993307675867   0.0872316916547   0.075700020042
-0.0606494277304   0.951728495391   -0.300889544478
-0.510586813741   0.856666823502   0.073641422756
0.786473838224   0.430697386086   0.442672185039
0.347505406322   0.283939632898   -0.893654450807
0.292512630264   -0.563232808902   0.772790504673
-0.779580374712   0.327557909087   0.533816687223
-0.553796714056   -0.758600434465   -0.343270418663
-0.406404872387   -0.261620966258   0.875436776538
0.0667201551467   0.947074647929   0.314003235887
-0.911253806904   0.186021722561   -0.367440359974
-0.633545118522   0.772655121343   -0.0403069008928
0.721605828929   0.60887468325   0.329479358614
0.279115765324   0.179654344673   -0.943302022678
0.124762497078   -0.696432379494   -0.706693894211
-0.860593251875   -0.430423261962   0.272240831599
-0.493774821301   0.574210550543   -0.653045687142
-0.0734020359393   0.926981577024   -0.3678549945
0.900421844502   -0.0969847520208   -0.424068932863
-0.428780413574   -0.362352195708   -0.827555583149
0.167945986389   -0.985563788531   0.0214047749816
-0.690786879507   -0.133149282048   -0.710693151642
0.703283465437   0.104571924656   -0.703176421545
-0.828134629143   0.0565891202317   0.557665408184
0.426537792205   0.709109442012   0.561452857388
-0.363673683176   0.702823925831   -0.611375483189
0.807749353176   0.209638898854   0.550992299884
-0.462677932979   0.804638907222   0.372136210707
-0.36533561663   -0.55552476189   0.746941849242
-0.191058833668   -0.948821492771   0.251464305485
-0.948917922359   0.244072767978   0.199958147013
-0.251100176628   -0.200415215957   -0.94698597799
0.674409315644   0.736302154028   0.0550564523629
0.447414971951   -0.466844132208   0.76280823219
0.587360126198   -0.489811896749   -0.644276639306
0.751875925285   0.401902409863   -0.522644282399
0.620036316667   -0.700527591416   0.353293163929
-0.224137366345   -0.589691060311   -0.775903920854
-0.923655835794   -0.379081465914   -0.0561884258862
-0.326932579885   0.855962799225   -0.400553085811
0.199937453251   -0.35160336822   -0.914549116365
-0.365632510033   -0.737885260833   -0.567307861264
0.0220255560516   0.602480741842   -0.797829449563
0.930498652599   -0.304207655319   -0.204034212714
0.611667890576   -0.107506684543   -0.783775927429
-0.71453656736   0.35015828709   -0.60566217307
0.339558368391   0.930500664567   0.13736312349
0.957958480819   -0.274036730387   -0.0849671667484
-0.15985961071   -0.263895620206   -0.951211862047
0.238244525415   0.924804288504   -0.296608452467
0.719841817247   0.596511062864   -0.354968040847
0.617436118535   -0.783911548641   -0.0652328401629
-0.317175657438   -0.172212763137   -0.932599789053
0.173279531074   -0.117028829031   0.977894911167
0.73232012994   0.679232745135   -0.0484778838373
-0.658544934986   0.724532353392   0.20339969885
0.0141017744527   0.847110517731   0.53122962145
0.298856384847   0.503426109208   -0.810707724031
-0.954193901256   0.170193781662   -0.24606518545
0.902225261604   0.430943868324   -0.0166421055586
0.385945228893   -0.789592849478   0.477063321109
0.192447025485   -0.436841520929   -0.878711345081
-0.130922541446   -0.210303363114   0.968830110806
0.937435737701   0.291738511901   0.190007574467
-0.322604286739   0.933092244173   0.158950740926
0.472957661765   0.154703055297   0.867397264729
0.765917510013   0.414436893342   -0.491540872453
-0.43552430246   0.896832774891   0.0775213251195
-0.799716321981   -0.497601715866   0.335926088188
-0.113800875313   0.675016748501   0.728973079079
-0.589493990754   0.544742986748   -0.596449422209
0.0512770996905   0.878831860506   -0.474368232502
0.997888350172   -0.0261251176527   0.0594669556818
0.0398685294156   -0.476415825921   -0.878315695621
0.803469513783   0.580235361066   0.133280404376
0.399903616105   -0.360160220844   -0.842829587252
-0.441037230002   0.730487194337   -0.521415976608
-0.400738628326   -0.897322612845   -0.184988324617
-0.575531858666   0.0894504667706   0.812872495325
-0.71286157943   0.432216083079   -0.55228400855
0.448277783608   0.893813158531   0.0120443497111
0.615418741637   -0.298825210493   -0.729358119181
-0.648310728868   0.334367359666   -0.684026072328
-0.0921802928407   0.539990816392   0.836607860245
0.943113754776   -0.22218555649   0.247325744796
0.31943581384   0.811814939934   -0.48879163673
0.0649640661277   -0.317259007368   0.946111194499
0.844013776918   0.523287461699   0.117520112326
-0.532372439637   0.790896298305   0.301765854336
0.436546840894   -0.648178811373   0.623931954777
-0.862377449146   -0.103843155313   0.495501497778
-0.256382508978   -0.754374461115   -0.604307191342
-0.0967880368226   0.115616311711   0.988567116788
-0.532699610235   0.832981607619   -0.14957528748
-0.840751569243   -0.541086416236   -0.0190338903257
0.278399593724   -0.769575082219   -0.574671957766
-0.686810427603   -0.577767137184   0.440994979252
-0.671405319274   0.271917869987   -0.689402327551
0.781308822384   0.585980522948   -0.214903119545
0.39122350348   -0.191510800435   0.900148756396
0.486313370564   -0.787369316168   -0.37887843112
0.86379106084   0.398033324003   0.308924709591
0.384635733624   -0.124884245287   -0.914581476796
-0.325454076073   0.908830786374   -0.260971734304
0.364046219742   -0.129799701549   0.922291920906
0.697253338375   0.694506782778   -0.177477071196
-0.617501523898   0.707680977668   0.343335844081
-0.472993892329   -0.0706528316114   -0.878228304716
-0.858247155942   0.262331470448   0.441128120765
0.199219971729   0.962387851647   -0.184718775077
-0.78342811238   0.000618615884827   -0.621482107585
-0.0905325158821   0.989218870668   0.115108164274
0.614853036344   0.146443310632   -0.774925867725
0.109987034614   -0.840451562029   -0.530607222058
-0.79157911385   0.248777904371   -0.558132655211
0.601086814639   0.481404950307   -0.637921558726
-0.303463224321   0.707498392498   -0.638244542553
-0.327485347071   0.551584260385   0.767142849246
0.894797976606   0.441815378081   0.0643098184783
0.25920029197   -0.40264203255   -0.877892135895
0.0922427612683   0.915122249646   -0.392482536166
0.96140859245   0.0207523932569   0.274340767182
-0.528586455034   -0.776825717756   0.342254530704
-0.332667248381   0.560498839125   0.758401973358
-0.780979424446   0.287024137613   -0.554696568422
-0.625965952361   -0.749838597095   -0.214263167138
-0.690163955487   0.660580814868   -0.295477074533
0.363098252586   -0.0370818734141   -0.931012671038
-0.242107628005   0.963092206706   -0.117632044294
0.559667346355   0.237660281602   0.793908087862
0.792563157033   0.12637638993   -0.596550626672
0.203900157754   0.712864764966   -0.671005627799
0.901308123088   -0.404266479781   -0.155602958135
-0.382188949242   -0.573055355262   -0.724940802329
-0.79381273491   -0.607761413374   -0.022077280362
-0.596335221979   0.784986658088   -0.16786974013
0.119355121056   -0.120091677636   -0.985561943279
0.537398509396   0.116675941857   0.835218274879
-0.407209940873   0.903176553659   0.135838790394
-0.738500444248   -0.413108747805   0.532877337042
0.834885129493   0.484221954354   -0.261717251003
0.507012927817   -0.491459890937   0.708099616316
0.214253848455   -0.723875869553   -0.655819345476
-0.149532020857   -0.83485043717   -0.529778182163
-0.858470989673   -0.156222309338   0.488489662076
-0.490578978992   0.527844046686   -0.693334643408
0.319707121525   0.819057592337   -0.476373820525
0.652520500097   -0.554863172219   -0.516085125796
-0.687025729794   -0.145847593572   -0.71184557739
-0.518780496151   0.781412397145   -0.34678734464
0.515012126407   0.609432253233   0.602789215541
0.682370358726   0.134115600538   -0.718598426957
0.910520195405   -0.274889192263   -0.308850944207
0.311647208832   0.947174275923   0.0757423808533
0.271714907554   -0.165217502122   0.948089756302
0.89637967909   -0.248976111153   0.366762003198
-0.212019418476   0.485798192281   0.847966911245
-0.389295822099   -0.837860974418   0.382671857398
-0.903121875352   0.405995001077   0.139781749027
0.412513840655   0.910731403695   0.0200160333954
-0.119177219002   0.0757388237617   -0.989980010427
-0.86284278733   -0.253838783688   -0.437113482117
-0.497994949626   0.575086480451   0.649058217844
0.0866219054277   0.777715508331   -0.622619654044
0.421554282949   -0.340883630007   0.840291816764
0.800186367464   0.575783482371   -0.167854576207
-0.426607271213   0.743149871979   0.515494426668
-0.448874464067   0.83406308259   0.320703117803
0.472844612221   0.526227000637   -0.706755344157
-0.758241180761   -0.16560168496   -0.630592097743
0.860328257823   -0.443640885285   0.251033969203
-0.287633824192   -0.015930406593   0.957607960141
-0.420834969995   -0.89606304859   -0.141311503353
0.0947571435105   0.995188048248   0.0249365670706
0.995237286648   -0.0941264710506   -0.0253564727951
-0.0228872676129   0.0272205082812   -0.999367408369
0.226480417817   -0.820840659146   -0.524335038537
-0.770337455796   0.178480637935   -0.61214774857
0.596059413601   0.542554397433   -0.591901935529
0.584188562632   -0.729640325305   0.355455649806
-0.811450970604   -0.533958308438   0.237562301632
0.0164634624525   -0.427216011568   -0.903999686872
0.312462490858   -0.569999832189   -0.759912747039
-0.82732325893   -0.556400384132   0.0771675953375
-0.466801260752   0.60458151133   -0.645428368696
-0.93917971866   0.147434037488   0.310168761561
0.331065322089   0.628808824944   0.703558962834
-0.0913083159903   0.763454429723   -0.639374792409
-0.235070056663   0.727756989583   0.644291729401
0.795883218858   0.524629515463   -0.302214780324
-0.557953376548   0.441739329944   -0.702534265342
0.665693167051   0.421658291309   0.615675964052
0.731919629807   -0.2081630265   -0.648815697947
-0.14541754655   0.882537500489   -0.447192684853
0.384276608911   0.282827763161   -0.878828734299
-0.599438103546   0.800408351585   -0.004520036537
0.702143466722   0.528540374143   0.477115945071
0.999777269417   -0.0115206350644   -0.0176829444614
0.012459040104   0.998468096186   0.0539094909879
0.0170347843191   -0.0541177962098   0.998389242859
0.751545475011   0.473608719317   0.459210387489
0.642128738779   -0.684714613714   -0.344726820251
0.151162435229   0.553950068828   -0.81871193922
0.993328247188   0.0308542767644   -0.111117086645
0.0302562677284   0.860062001626   0.509291578196
0.111281407262   -0.509255699   0.85339034529
