0.274218733645   0.931870739088   0.237531075335
-0.0843132313397   0.269345005837   -0.959345895312
-0.957964177378   0.243043604034   0.152428479618
0.742229943902   0.437702956983   -0.507455251056
0.00981720606799   0.750048641911   0.661309804276
0.670073378698   -0.4958257317   0.552411541284
0.897324065415   0.0484587778489   0.438704078481
-0.000653803540052   0.994099522129   -0.108469869751
-0.441371832096   0.0970457982205   0.892061107145
-0.309969211185   0.855392629753   0.414997032618
0.950490071245   0.288945036446   0.11436516243
-0.0220842156722   0.429900238285   -0.902606266619
0.726307981164   -0.170173005979   -0.665971369155
-0.248008488595   0.838728624376   -0.484794888831
0.641068253841   0.517276949697   0.566970943903
-0.374360305331   -0.763895187194   0.525660065798
-0.794505561747   0.556540824399   0.242946955384
-0.478137296334   -0.326690149468   -0.815265767768
-0.713811446513   -0.687362784574   -0.134185026025
-0.388616129941   0.229358265293   0.892396935053
-0.582623997426   0.689149612584   -0.430838820325
-0.918248480145   0.216137350888   -0.331819791849
0.356877185743   0.0884895188059   -0.929950686519
-0.17163450413   -0.972344717995   -0.158389855671
-0.610849049005   0.759111627379   -0.22497327954
0.79045610166   0.600935087697   -0.118558726898
0.0451950293544   -0.2502529871   -0.967125044536
0.0923448277209   0.994149531852   -0.0560280386127
0.964947401881   -0.0754662618943   0.251359015989
0.245660221437   -0.0772758153195   -0.966270926795
0.131739123276   -0.991268052661   -0.0056965929921
0.980781985802   0.129506920511   0.145926878494
-0.14391490446   -0.0248113948223   0.989278977317
0.853539258358   0.368485732266   -0.368359877779
0.268506115549   0.294795235191   0.917060649696
0.446514501841   -0.881654146718   0.152678633807
-0.39317589405   -0.682039085652   0.616632306955
-0.557295228222   -0.356645873769   -0.749817143925
0.731323967157   -0.63845626817   -0.239872567617
0.638133202245   0.757956736993   -0.135231656943
0.554620521941   -0.574363073779   -0.602082333341
-0.534024430934   0.309206475233   -0.786898508601
0.0659694484351   -0.619972233255   0.7818455486
-0.587487505138   0.609213050653   0.532651753231
-0.8065398088   -0.494463233119   -0.324036491639
0.812088826953   0.25282544719   -0.525919224208
0.0160890073663   0.891222285191   0.453281349958
0.583311992831   -0.37656623804   0.719683949653
0.0319727346352   0.911515773598   0.410020412568
0.999228837914   -0.0197962429167   -0.0339092649335
-0.02279196617   0.410788392301   -0.911445787213
0.705336321069   0.672648109524   0.22370783387
0.646913832296   -0.73982337433   0.184834705557
0.289832999785   0.0143490608998   -0.95696966341
0.306214185171   -0.949351753532   -0.0704565175515
-0.949932632157   -0.299892303042   -0.0877074736836
0.0621358766266   0.0937862177578   -0.99365148729
0.444046723411   -0.430575021084   0.785765651226
-0.627639819362   0.476384974433   0.615731770567
-0.639445669763   -0.766591486617   -0.0587088414758
0.499962027289   -0.762990670923   -0.409735533428
-0.146399633911   0.391842872757   -0.908309589436
0.853583691538   0.514105435834   0.0842050021412
-0.57501243606   -0.276904396326   -0.769860152022
-0.204911107201   0.959734347038   -0.192149476349
0.792068265064   0.0472645576578   -0.608599971301
0.675927255981   0.728650069946   -0.110414764364
0.419964788457   -0.503948988199   -0.754761547609
-0.605600463242   0.463793588636   -0.646640229232
-0.0786045565759   0.889564908285   -0.449995108455
0.801514566007   -0.212015973096   -0.559127559355
-0.592786406865   -0.404627607931   -0.696333809847
-0.0649364641254   0.814191204279   0.576954017666
0.654463073443   0.471208519602   -0.591304165852
-0.753300299434   0.339197897884   -0.563456693051
0.848544657422   -0.0869212384604   -0.521935496652
-0.108778091175   0.936688138794   -0.332840288312
0.517821678999   0.339204995464   0.785366589441
-0.0413140560118   -0.70210602163   -0.710872902259
-0.332876893669   0.680505582791   -0.652767282767
0.942064818596   0.209664699415   -0.261829317271
0.785082499225   0.322739678536   -0.528663001645
-0.256280452681   0.946291762257   0.197109690927
0.563884561753   -0.0192613753977   0.825628972623
0.658898183001   0.707513373444   0.255495618039
0.751169556016   -0.636899237199   -0.173504062693
0.039968519534   0.306242041618   -0.951114256749
-0.423837781359   0.873358004478   0.240015272654
0.854003314804   0.473619279954   -0.215320960337
-0.301728144855   0.11371268034   -0.946588375659
0.763662015707   -0.621656819055   -0.174250179595
-0.56143695227   -0.506189136979   -0.654645786842
0.318761469428   0.597758610919   -0.735578526522
-0.106115492392   0.876656797533   -0.469267899619
0.988141207751   0.145642822495   0.048632517922
0.110979528824   -0.458542285503   -0.88171566652
0.796755798705   0.302146443758   -0.523342835772
0.603824357964   -0.363652980097   0.709332541758
0.0240071230934   -0.881171967661   -0.472186003022
-0.275507504294   -0.201840223366   0.939870277916
-0.374037234372   0.923170744268   0.0886110841355
-0.885546024993   -0.327133460777   -0.329836226724
-0.681422848845   0.699471239916   -0.215413290217
0.707733305411   0.55475133348   -0.437452313303
-0.186484501993   -0.450545161479   -0.873059326727
-0.256720309189   -0.828947400609   0.496931474021
-0.737456474815   0.500345926088   0.453664966688
-0.624702033455   -0.25000032254   -0.739761588707
-0.479855768061   0.813309074072   0.329039195068
-0.162598264259   0.286101461523   -0.944302789456
-0.862148621943   -0.506630342307   -0.00504479281219
0.0290024633168   -0.599704554348   -0.799695757532
-0.261798617846   0.767548002633   -0.585091059022
0.964686654212   0.226328325996   -0.134741040654
-0.9166276839   0.329174065553   -0.226799743551
-0.203646648448   -0.872754891499   -0.443651825129
-0.343979260543   -0.360476537283   0.867026490014
-0.190164060912   0.788782695401   0.584516457744
0.981088198125   0.174578579612   0.0835958554049
-0.0361050888021   0.589359125642   -0.80706396499
-0.676556587566   -0.63713198046   0.369234374478
-0.302759667605   0.697738492959   0.649228449095
-0.67127324354   0.327450507585   -0.664957440435
-0.0121074929908   -0.0769227161447   0.996963542139
0.999458377365   -0.0314425390133   0.00971177920341
0.0306000086337   0.996541149417   0.0772617433812
0.557102324787   0.82222804738   -0.116524837777
0.0665212304082   0.0956812398684   0.993186803296
0.827775286912   -0.561058052646   -0.00139138021869
-0.496632005413   -0.474761940151   0.726607013029
-0.268616355171   0.880113921973   0.391464861878
-0.825349565296   -0.000764548078336   -0.564621563999
0.477317481139   -0.853649553475   -0.208447744174
-0.263663485381   -0.365415882191   0.892722128951
-0.838241963085   -0.371151819199   -0.399495605019
-0.0767821500765   0.982582892228   -0.169219860924
0.430473032153   0.185756874622   0.883282147515
0.899331679648   -0.00502428422199   -0.437238249184
0.0579156896409   0.143790702926   0.987911942759
0.394388507463   0.905784619286   -0.154957828605
-0.917116938059   0.398595606118   -0.00425025982195
0.165290776156   0.354284011162   0.920413927944
-0.985348529119   0.0991022893955   0.138805664149
-0.0420384999843   -0.929871806042   0.365473923622
0.668768725593   0.577189851245   -0.468615265744
0.67808985541   -0.215075817112   0.702806190129
0.304864789144   -0.787778057903   -0.535222562891
0.530260826573   0.846699221924   -0.0438620952058
0.821255942866   -0.525802025854   -0.22151953845
-0.210623199364   0.081441127206   -0.974168984668
0.481308846017   -0.200297965144   0.853359549021
0.00913410535824   0.974635508136   0.223611704523
-0.876503487081   -0.0998316154304   0.470930234425
-0.580859613564   0.642905842218   -0.499273659802
0.651000602497   -0.00131703491815   -0.759076070607
-0.488672001324   -0.76594408638   -0.417767078239
0.903614992163   0.409724553133   -0.12492292223
0.421052313588   -0.903204737623   0.0832835587473
-0.0787076563047   -0.12785535771   -0.988664812939
-0.0882033148704   -0.958851056721   -0.269860753485
-0.62670231206   0.263996387004   -0.733178095491
0.77425085554   0.104453619731   -0.624199530616
0.605517359927   -0.748877730319   0.269315561857
-0.527718791375   -0.631138140654   -0.568487048789
0.595702613773   0.202105894134   -0.77736195141
-0.514011188572   0.832569809975   0.206446141985
-0.191235858072   0.123390382691   -0.973757495502
-0.836194561457   -0.540002152752   0.0957931647504
-0.48507460999   0.843030893325   0.232382304925
0.741186556706   0.255338300181   0.620842041601
0.464052918213   0.473393351621   -0.748701291396
0.168716552655   -0.715369644942   0.678071527168
-0.622141395652   0.456291430654   0.636190391414
-0.764509521638   -0.529192215936   -0.368077152125
0.362294993846   0.913355947539   0.185804333989
0.301169529448   0.073938232855   -0.950699769777
-0.882065333162   0.400392371077   -0.248287529322
-0.900086535716   -0.0109642072688   -0.435573202092
-0.322792622794   -0.654688110474   0.683511814582
-0.292658761857   0.755819597631   0.58573678811
-0.370864716637   -0.916887376964   -0.147569983121
-0.905956070887   0.39213219364   -0.159611842712
0.204213024993   0.0744975212703   -0.976087680359
-0.843577857579   0.536547915925   -0.0221975701292
0.531203789971   0.839809074648   0.111996659142
0.0787332948826   0.0826864683941   -0.993460626407
0.256671633468   -0.877608053742   0.404875013529
-0.92018776989   -0.093779571035   0.380078755261
-0.295591171582   -0.470116470743   -0.831634753494
0.0656656942918   0.995612473799   -0.066661972737
0.707874792178   -0.0935645555769   -0.700113528321
-0.703278959725   -0.00121488917712   -0.710912954484
0.873110144897   -0.418215478489   0.250548375428
0.188659301628   0.763720823542   0.617363889127
-0.449540145912   -0.491758393158   0.745712639005
0.839717366877   0.531103224839   0.113155239961
0.537852890666   -0.784775088833   -0.307964816089
-0.0747596934699   0.319464277364   -0.944644675908
0.94924602626   -0.310338266678   -0.0512068536839
-0.256374850468   -0.669085038643   -0.697565156177
0.182219421787   0.675289102015   -0.714689240876
0.422458004813   0.893689125128   0.151158796626
0.818122786351   -0.304197257271   -0.487995015468
-0.390133747095   0.32982385647   -0.859658003558
0.425313737608   -0.836064514766   -0.346560747562
-0.877979177247   -0.47409365321   0.0662402619745
-0.219683383357   0.27610022661   -0.935685778423
-0.360573305416   -0.860896671625   -0.358948202678
0.180248870786   0.31326770996   -0.932402105573
0.915148750752   -0.400899317386   0.0422196792636
0.516810320244   -0.800990571152   -0.302193973824
0.00096268171926   0.353532652608   -0.935421689284
0.856099390336   0.483144666188   0.183480422391
-0.306641866789   0.243402236949   -0.920177220203
-0.4529383449   0.812960981449   0.365979915242
0.837148506092   0.52900831155   -0.13904166663
-0.892501769245   -0.446347010259   -0.0649225563785
-0.397153188378   0.709454094249   0.582189172962
-0.213798823325   0.545389067167   -0.810457172563
0.116291605485   -0.253784736309   0.960244536621
0.744856818927   0.661825385041   0.0847081992074
-0.657011858182   0.705393838456   0.265998027957
-0.21529409057   0.474012922511   -0.853791663029
0.419988499114   0.834251470945   0.357259210992
0.881622433459   -0.281666882183   -0.37868938763
-0.687022437421   0.632316913153   -0.358016049668
0.462554005235   0.760552161953   0.455636040267
0.560396255091   0.147430425249   -0.814997120848
0.309909311526   0.899089512788   0.309183225004
0.304401298338   0.21424733687   -0.928136804687
-0.900719750089   0.381754013258   -0.207286770349
0.64091380331   0.343115358536   -0.686659557178
0.602384779006   0.329628373158   0.726964726538
0.475775235535   -0.879554993361   0.00457590489404
0.380875036973   -0.617008745342   0.688646799442
-0.906177936876   -0.397124705393   0.145373708372
0.18378180794   -0.679405752506   -0.710374598738
-0.771341601785   0.581484728201   0.258665119846
0.420477698511   0.770722620025   -0.478732856651
-0.477734903907   -0.260503654199   -0.838991780495
0.88829904583   0.440536053532   -0.129818298851
0.33578212707   -0.430129621222   0.837996940381
0.313329169275   -0.787982547069   -0.530007865221
-0.369426560683   -0.861541365878   -0.348239129253
-0.906773724972   0.416158223732   -0.0676294648805
0.203188159011   0.290789971802   -0.934962974848
-0.0572021268089   -0.45923247031   0.886472478366
-0.997946303011   0.000661455055156   -0.0640526251181
0.0288286835608   -0.888315878891   -0.458327182605
0.0771982547532   0.886323439315   0.456586454445
0.984969108223   0.00317628424317   -0.17270138119
-0.154519530511   0.463055798083   -0.87275600402
0.0068636374898   0.397426974129   -0.917608135707
0.0445788044233   0.916595857566   0.397321990442
0.998982292474   -0.043632947728   -0.0114256376612
-0.2040401763   0.927882411139   -0.312092674625
0.386315276418   0.36924395634   0.845233345244
0.899515488283   0.0518953929121   -0.433795752092
-0.12876755022   0.501381546615   -0.855590709817
-0.755201745275   0.509598021196   0.412286527463
0.642720189464   0.699232723425   0.313024530266
0.851832089767   -0.511970298922   0.110763278499
-0.494563003695   -0.855750339899   -0.151982864625
0.172596425857   0.0746844614692   -0.982157169193
0.822962115698   0.55707047867   0.111381497208
0.291842593301   -0.246355064968   -0.924195370417
-0.487402561401   0.793083642348   -0.365317778625
-0.178119054658   -0.387751113721   -0.904390776255
-0.164055380357   0.917926328317   -0.36124380681
0.970236793027   0.0840257674198   -0.227112826291
0.297183723397   -0.867699071058   -0.398472278374
0.456892373333   0.495677462473   -0.738615740684
0.838409919871   0.0374456310023   0.543752361816
0.859017198806   -0.314455369949   0.403989198451
0.100768044763   -0.669829284203   -0.735645655992
0.50193152253   0.672641472357   -0.543707822599
-0.762338508303   -0.0597108649082   0.644418040848
-0.274614136856   0.931492848523   -0.238554289397
-0.586026513562   -0.35882542519   -0.726510316265
-0.115499584821   -0.859337148214   0.498196258122
-0.627512532316   0.451918409078   0.634032943405
-0.769992121838   -0.239393853799   -0.59144121861
0.976454613309   -0.182411664516   -0.11516237578
0.0506637825808   -0.324998202422   0.944356579665
-0.209689220709   -0.927955900391   -0.308104329161
0.954457027031   0.0486599107024   0.294353523236
-0.297447902772   0.231797915306   0.926171944941
-0.0231630889133   -0.971546159248   0.235714937503
-0.625362646468   -0.65820800865   0.419146487224
-0.258022030155   0.681341603071   0.684980475546
-0.7364415743   0.3202121754   -0.595917754701
0.94350681026   0.315922954314   -0.0999379103775
0.277253683607   -0.917862139652   -0.284006139934
-0.181453283023   0.240253573399   -0.953599982461
-0.0456907925813   0.868779378726   0.493086952346
0.923328896783   0.225126995754   -0.311097386918
-0.381282178757   0.44106714555   -0.812455336175
0.856134663642   -0.510592936355   0.0795505565993
-0.473923933799   -0.837181778548   -0.272988598004
0.205984326304   0.196014088811   -0.958722553351
-0.337149409495   -0.846214799456   -0.412614576643
-0.893778218785   0.149999454207   0.422682693476
-0.295788389399   0.511293141866   -0.806900583578
0.995307308094   0.0048401362088   0.0966433419149
0.0808479866942   0.507186576744   -0.858035768146
-0.0531692157407   0.861822690263   0.504415191133
-0.647267023397   -0.159441212115   0.74540183814
0.290024959306   0.852820936461   0.434260259882
-0.704933275851   0.497267483567   -0.505760937978
0.757932007839   -0.648371503017   0.0717876421663
-0.650400766687   -0.759561627051   0.00670651960913
0.050178822087   -0.0517738233765   -0.997397391729
0.997579540463   0.0375062435383   0.0585520464686
0.0233388829867   -0.973812423581   0.226151852126
0.0655008167197   -0.224237921357   -0.972330703842
0.633044260644   -0.687611654226   -0.355591306191
-0.756700103728   -0.452766327587   -0.471601108587
0.163278648584   0.567620353384   -0.806936935169
0.900851378943   -0.08335597875   0.426049966392
0.0904449734833   0.995894926112   0.00360595549479
-0.42460157775   0.035285647933   0.904692446759
0.990306284165   0.0391966420904   0.133255719546
0.10779401004   0.388168415873   -0.915262657557
-0.087600884369   0.920754529811   0.380180458322
-0.834292847002   0.492173901377   -0.248435698411
0.551047425662   0.730208640383   -0.403908499762
-0.0173833285681   -0.473877824247   -0.880419006823
0.350666175627   -0.895965711673   0.272541146944
-0.752002070726   -0.442839796832   -0.488247683011
0.558145248922   -0.0337395590993   -0.829057008448
0.476043342209   -0.251713208687   -0.84262874204
0.770916748461   0.580499960173   0.262120512706
0.423166755879   -0.774377334903   0.470393069578
-0.770317330215   0.118253975516   -0.626599719155
-0.310670104243   0.788541169623   0.530741848867
0.556862009029   0.603505444121   -0.570688953648
0.92924745406   0.100535442718   0.355516235749
0.365180154754   -0.103927724944   -0.925117550672
-0.0560591089608   0.989490602656   -0.133288122341
0.536492954439   0.148310962849   0.830770225836
0.198644247112   -0.978968520897   0.0464876132009
0.820192521867   0.140087449083   -0.554670833632
-0.136001110196   0.804032676758   -0.578822211677
-0.577333565406   -0.539113724583   -0.613222917235
-0.805102262002   0.250774493662   0.537515117041
0.815049736512   -0.548197957741   -0.187544464436
-0.435332189404   -0.793028705511   0.426135374153
-0.38233468569   -0.265677382108   -0.885006054643
0.637304076622   -0.349069248164   -0.687018321377
-0.582704060056   -0.80169376179   -0.133203193283
-0.504281163951   0.485219303298   -0.714326770737
0.822477443326   -0.523151305594   0.223256728177
-0.456827697888   -0.841406659327   -0.288692376212
0.338879491358   0.135453110323   -0.931028004542
-0.293840721255   -0.644299209308   -0.706070930868
-0.824310216412   0.544772258451   -0.154064446062
0.483911456416   0.536751073876   -0.691178694002
-0.376511165259   -0.483554437322   0.790198993027
-0.319474931321   0.868415812803   0.379196181852
-0.869583297156   -0.109677172736   -0.481451770261
0.35375575957   -0.573298958739   -0.739043413123
0.330023849777   0.815822471412   -0.474887306335
0.875180622015   -0.0759078325882   0.477804227484
0.999999932194   0.000269700289366   -0.000250746506709
-0.000269582026475   0.99999985248   0.00047155745423
0.000250873648901   -0.000471489825504   0.99999985738
0.710265739836   0.598488179667   0.370586666805
0.345723553416   -0.755164173426   0.556958073634
0.613186597562   -0.267467698931   -0.743278700488
0.888240236597   0.157744178036   -0.431446469896
-0.247226771694   0.955732170062   -0.15954605124
0.387179810227   0.248380340213   0.887918352749
