0.0386286580273   0.1300684013   -0.99075225852
0.71586998962   0.688147091   0.118252860894
0.697164245168   -0.713817758347   -0.066529866438
0.750014210882   0.0382741907391   0.660313387565
-0.470989775896   0.731819900063   0.492552804146
-0.464378417324   -0.68042245715   0.566902077373
0.919977750439   0.207520219662   0.332530144692
-0.110008823107   0.950954961982   -0.289106760766
-0.376216689603   0.229390537541   0.897686461829
-0.483620930041   0.687364211272   -0.541886738247
0.875126269863   0.368216520355   -0.313959560984
-0.0162729168237   -0.626056734809   -0.779607694279
0.694826855622   -0.276139880033   -0.664050003661
-0.153480019742   0.84513964792   -0.512037946889
0.702609083521   0.457696124268   0.544843769886
0.100264890911   -0.686624017036   -0.720065560126
-0.993512750439   -0.0300613586048   -0.109675564438
0.053659727603   0.726390923641   -0.685183814524
-0.791885237049   0.268165116247   -0.548639446059
0.603863273361   0.210100645963   -0.768899776078
-0.0909225958163   -0.940183593238   -0.328310664731
-0.967098843099   0.253362333122   -0.0229642293991
0.1749931985   0.596996541082   -0.782925609758
-0.18465429363   -0.761185035383   -0.621691349266
-0.780524094968   -0.599878730807   -0.17586257561
-0.614696673588   0.787678333569   0.0413623295452
0.113710758743   0.14038643507   -0.983545378818
0.734684544068   -0.571344048234   -0.365793109907
-0.64199889524   -0.759798579   -0.102681730892
-0.219262489308   0.310277453091   -0.925014520365
0.374214527758   0.311142386512   -0.873586803089
0.451744875193   0.76153654745   0.464745795715
0.809870393922   -0.568552989803   0.144421060913
0.271446022563   0.220431409864   -0.936870882449
0.341781100247   0.887897270332   0.307935247821
0.899723700004   -0.403792559221   0.165676892684
-0.281755252324   0.865514939701   0.414123009433
0.783119577802   -0.0419367094695   0.620455509494
0.554380469219   0.499124434938   -0.665985806002
-0.624675110033   -0.431493620047   -0.650841196271
-0.726656889946   0.626379998326   0.282166372891
0.285920917737   0.649200549565   -0.704831806352
0.612855495852   0.778373522707   0.136171951417
0.235339527113   -0.0152859420364   -0.971793006228
-0.754336429044   0.62761532735   -0.192550130338
0.813645094091   0.167523347257   0.556702424087
0.120856707972   0.887922822424   -0.443831857303
-0.568660986001   0.428402835591   0.702207728139
-0.249031777278   0.521843988333   0.81588113457
0.866893822996   -0.255511180534   0.428029363799
0.431831302198   0.813875229051   -0.388752926651
0.539944228717   0.730017142204   -0.418969213623
0.678544265354   -0.672051466475   -0.296520667685
-0.498034044851   -0.124184534052   -0.858219256176
0.130048609697   0.915242945492   -0.381336740747
0.965681885487   -0.204127326281   -0.160594304716
-0.224824053779   -0.347364916756   -0.910380008265
0.446385874144   -0.190625502283   -0.874300617205
-0.777772343548   0.400503390321   -0.484424623603
0.442504048543   0.896247149073   0.0305158123357
0.878562774139   -0.399083995732   -0.262410777687
-0.241049122277   0.103824663875   -0.964943397211
0.412338177405   0.911017235579   -0.00498236216848
-0.5134623562   -0.296136881136   0.805393913806
-0.35707191588   0.927183185385   0.113273949476
-0.780292288604   -0.229421638847   -0.581815826507
-0.68541374498   0.212566372018   0.696436311287
0.316071121614   0.94849025673   0.0215703261513
-0.655977929716   0.234908004069   -0.717294350563
-0.400012497275   0.680752544301   0.613649717226
0.810021324971   -0.0506511615659   0.584208792235
0.428783692689   0.730760174927   -0.531162980284
0.0909126150029   0.64289083047   -0.76054340871
0.865454390899   0.326814860883   0.37971139564
0.492669862795   -0.692736188461   -0.526681098474
0.823611421828   -0.339355911509   0.454424681502
0.182063206527   0.917027532699   0.354842913274
-0.537137984752   -0.209518661688   0.817058575465
0.0182989059311   0.687129795999   -0.726304201759
0.42358731341   0.652684724497   0.628153196542
0.905670435622   -0.319147761795   -0.279116047875
0.828382098563   0.0891975808587   0.553016175486
-0.26732806   0.930515091873   0.250354492937
-0.492258882213   -0.355225921585   0.794667060798
-0.85863051552   -0.512594953057   -0.000227857268096
-0.27962612588   0.468764750335   -0.837895481888
0.42960780666   -0.71937891472   -0.545830660106
-0.826795396273   0.508078232328   -0.241383268964
0.441556376385   0.852074853313   0.281063001523
0.348478606482   0.125797274158   -0.928836749186
0.921485109753   -0.386785150374   -0.0355308310364
-0.253180124655   -0.667506957989   0.700238734659
-0.294559021222   -0.636263867029   -0.713024035029
-0.331481044078   0.442712513812   -0.833142213269
0.883143634482   -0.165082173541   -0.439095885716
-0.331930170805   -0.881336204915   -0.336257127234
0.998356835634   -0.0530101833182   0.0217611857936
-0.0463152557239   -0.522860250712   0.851159242041
-0.0337420483938   -0.85076852239   -0.524456285576
0.128600476877   0.447662335818   0.884906972759
0.81250040576   0.464056656114   -0.352837796382
-0.568599162843   0.764362383302   -0.304047922222
-0.838043115973   0.467732522239   -0.280909279681
0.453248887557   0.310212432097   -0.835663624254
-0.303725503867   -0.827643966094   -0.471970638587
-0.668741023488   -0.451798032905   -0.590477756539
-0.376122204082   0.890648025192   -0.255495954601
0.641340417486   0.0512311690736   -0.765544143871
0.853684172269   -0.286747843841   0.434740161555
-0.520561665605   -0.494606051381   0.695974429301
0.015455947713   -0.820451417203   -0.571507292771
-0.0502407263652   -0.708880908589   -0.703536585297
-0.016903598719   0.704928818397   -0.709076603297
0.998594080578   -0.0237322234762   -0.0473987742904
-0.738833224151   0.448285728616   -0.503155415762
0.673819106571   0.502138887814   -0.542055669617
0.00965808006305   -0.739524470768   -0.6730603826
-0.322358898712   0.944483325163   0.0635294334156
0.752715526527   0.296446492382   -0.587825495601
-0.5740244564   -0.141671188474   -0.806489428208
-0.69507261794   -0.713965443962   -0.0844239339186
0.01591149662   0.102122812372   -0.994644537244
0.718763438181   -0.69269349356   -0.0596225117983
0.663450049857   -0.0804958917955   -0.743877975711
-0.717347098355   -0.351073789063   -0.601797586498
-0.212713826128   0.932881346173   -0.290663417267
0.0602230787681   -0.937780580904   0.341966025889
0.216509484114   0.346704001137   0.912644497537
-0.974421276488   0.0190766263875   0.223917972154
-0.210603600473   -0.976848891773   0.03758145965
0.0093934327283   0.0364197347101   0.999292432847
-0.977526412374   0.210807603196   0.00150583709236
0.726851884327   -0.681196528615   -0.0875078719469
-0.33831619415   -0.466013873507   0.817540960732
-0.59768594682   -0.564625857628   -0.56918287911
0.0906262372075   0.292019682812   0.952108917078
0.988886042876   -0.139533288675   -0.0513308441038
0.117861271563   0.94617914065   -0.301419565496
0.778837174415   -0.540443335039   -0.318329479252
-0.269162412698   0.17043254006   -0.947894690817
0.566537069696   0.823937953308   -0.0127278340569
-0.154419771465   -0.301884433042   0.940755187744
-0.0419304296886   0.953320769468   0.299034027442
-0.987115177295   0.00673049692385   -0.159869719348
0.431835325258   -0.468339901649   -0.770828118573
-0.882773753728   -0.0441615051066   -0.467718142897
0.185010139149   0.882444048079   -0.432508670921
0.0937550360318   0.963764313829   -0.249736542398
0.877161723768   -0.198618551555   -0.437193299736
-0.470953610852   -0.178070262448   -0.863998656282
0.637081365266   0.53417736259   -0.555681454906
-0.0906602483751   0.767844340762   0.634189078844
0.765446309936   -0.353651825467   0.537607973293
-0.514174252111   -0.834858171424   -0.196562132856
-0.836473637961   0.437457487297   0.330064841817
-0.189569753554   0.334129885545   -0.923266228194
-0.827416691754   -0.507939016922   0.239540337512
-0.56020934521   0.716659767194   -0.415408555069
0.0393332905677   -0.47790870799   -0.877528437761
-0.227211108924   0.841829056966   0.489590595119
0.723944551473   0.482271515237   -0.493273222447
-0.651367329833   0.242359287915   -0.719015004842
0.894388253313   -0.431157492333   -0.119049859893
-0.43914037113   -0.795836668229   -0.416892950222
0.085002275139   0.425143757224   -0.901125628819
-0.0958828148933   0.246106626598   0.964488472794
0.99536353761   0.0311138990134   0.0910129292135
-0.00761011195658   0.968743234109   -0.2479488507
-0.509461127061   0.85681491385   0.0794831014616
0.784274376894   0.424342806686   0.452600137164
0.354066465174   0.29291873586   -0.888164147228
0.284982688369   -0.5549691166   0.781533202718
-0.784885075783   0.332917105672   0.522610388878
-0.550218397677   -0.762348660634   -0.340711365362
-0.407138707015   -0.264103008799   0.874349857891
0.0781999273296   0.943688380682   0.321460746487
-0.9100125519   0.199253208028   -0.36355923104
-0.631702734175   0.774560219353   -0.0317509406363
0.720122349782   0.601484063638   0.345891200429
0.287011248875   0.195635855059   -0.937737252771
0.119686075285   -0.698341651038   -0.705687028228
-0.862131502093   -0.425597191747   0.274947819551
-0.492345931721   0.575487592223   -0.653000394116
-0.0594331931146   0.926921780493   -0.370518162042
0.90051066744   -0.110382690578   -0.420590298803
-0.430753100259   -0.35865258185   -0.828142555451
0.159346265135   -0.986844775129   0.027315885282
-0.68535035196   -0.130494511373   -0.716425905149
0.710565734366   0.0954388406393   -0.697128226973
-0.827707648817   0.0631720715963   0.557592447456
0.423539683815   0.722160507958   0.546898836148
-0.368122512655   0.688834878702   -0.62449365534
0.807923213776   0.20903922728   0.550965227669
-0.462688910541   0.804037326038   0.373420607894
-0.36493705307   -0.556620678556   0.746320552779
-0.157139974033   -0.954699113563   0.252698696321
-0.957342462328   0.21008697007   0.198390712559
-0.24249214087   -0.210744080743   -0.946987061183
0.677039517291   0.733430676923   0.0608024191591
0.441638584103   -0.470988095937   0.763626593642
0.588704385119   -0.490152686042   -0.642788838816
0.749352607929   0.395243800626   -0.531274888412
0.619402484035   -0.702062376687   0.351353073151
-0.234117986838   -0.592360327257   -0.770907264806
-0.926416874818   -0.372335317875   -0.0558407119831
-0.318631387057   0.854363957294   -0.410531688983
0.200563738583   -0.362530880808   -0.910134906059
-0.375276211178   -0.717706427833   -0.586570753423
0.0274905907073   0.623925450425   -0.781000191892
0.926505279395   -0.309215969446   -0.214414205437
0.609806817124   -0.0997108556021   -0.786252752659
-0.718422295152   0.349372349031   -0.601505085233
0.334671557826   0.931663408645   0.14141513842
0.959057257117   -0.273112268271   -0.0749590987905
-0.149925713226   -0.265049299671   -0.9525078211
0.240273714929   0.924747834636   -0.295144005955
0.70594866591   0.614577284144   -0.352038695195
0.635046956527   -0.769331367608   -0.0696032313925
-0.313610975742   -0.174424793618   -0.933393886452
0.187815766644   -0.117405826988   0.975162094007
0.751284427844   0.656707050893   -0.0656319875202
-0.632690245127   0.744950817904   0.211545107779
0.0123116480711   0.847680705956   0.530363878928
0.294231529683   0.503850493469   -0.812134525292
-0.955654869847   0.166048489847   -0.24321116084
0.899809809803   0.435341621516   -0.0286352712242
0.395714321926   -0.786741703592   0.473759081445
0.183718484658   -0.437624455903   -0.880188817238
-0.137387818095   -0.215468404925   0.966797783364
0.934023658289   0.296737313236   0.198863703801
-0.329733821734   0.930333452807   0.1604844958
0.466471972729   0.148052281356   0.872057578743
0.770080496095   0.417069529296   -0.482730812427
-0.435178041947   0.896734927232   0.0805390718214
-0.800453940999   -0.508881531336   0.316722394857
-0.0884542091518   0.62290612757   0.777279749588
-0.592831629742   0.594161209858   -0.543620378092
0.0868074199632   0.877138375271   -0.472326944463
0.995739430766   -0.0615905780649   0.0686264286731
0.0311039846018   -0.47627184603   -0.878747785671
0.796807404236   0.587339765439   0.141880091941
0.409989905317   -0.35305562132   -0.840987518214
-0.443853847672   0.728274486844   -0.522120707996
-0.404055759692   -0.897199310986   -0.17824797173
-0.576408524629   0.0984219826018   0.811212873465
-0.710276112364   0.430518884263   -0.556921300094
0.450802992458   0.892566730963   0.0100644308733
0.614071910808   -0.301922854289   -0.729217579612
-0.647836669499   0.33491375134   -0.684207884211
-0.107881307845   0.52350599132   0.845164540471
0.937119731801   -0.230278448876   0.262256447494
0.33191600095   0.82031293604   -0.465745053949
0.0605803054044   -0.341782109006   0.937824619298
0.85278064159   0.506004846651   0.129322358839
-0.518743871219   0.791924292549   0.322119094348
0.433309079684   -0.621395802374   0.652771398159
-0.873928891524   -0.112731678887   0.472800022352
-0.220207933608   -0.775344326971   -0.591903404796
-0.0965942782711   0.111733077917   0.989032489206
-0.528575487759   0.836220514489   -0.146093137718
-0.84337269291   -0.536890091589   -0.0217147509136
0.276646075061   -0.776361276457   -0.566330396122
-0.694908931154   -0.568676950793   0.440122827219
-0.663753362745   0.271789797554   -0.696822631227
0.778868498703   0.58859466163   -0.216610678473
0.393165011197   -0.189121367302   0.899807969736
0.488656459793   -0.785995822337   -0.378715502153
0.863812371824   0.400358646816   0.305844961054
0.382367323251   -0.125677082808   -0.915423672933
-0.328060080462   0.907699413229   -0.261645483108
0.365264996892   -0.114838209574   0.923793087042
0.686656958334   0.703291324111   -0.184074808166
-0.628556841993   0.701565035511   0.335742159002
-0.469528125353   -0.079145917915   -0.879362987156
-0.860130948421   0.265816239149   0.435334903922
0.199293981522   0.960769301488   -0.192884053896
0.987614230836   -0.138984356941   -0.072811259947
-0.154133850251   -0.772622308719   -0.615871353674
0.0293408802878   0.61946599309   -0.784474981212
0.0982460802815   -0.847401981061   -0.52178308731
-0.78185405792   0.258651367539   -0.567277447273
0.615671941722   0.463691009794   -0.637133194562
-0.303513877692   0.717746943714   -0.626672682377
-0.338116355648   0.533764701924   0.775095202554
0.890817970234   0.447140434057   0.0806769864306
0.258360868618   -0.406536172662   -0.876343541018
0.101870240268   0.91354972368   -0.393763071545
0.960662331787   0.0124596421132   0.277439437723
-0.530852334376   -0.768501297957   0.357213597343
-0.342922959072   0.580250939711   0.738723690636
-0.774983640621   0.269656451811   -0.571564305015
-0.621476980901   -0.753838947937   -0.21329135656
-0.69201042433   0.655849134199   -0.301634689298
0.367270928374   -0.0398591738809   -0.929259550087
-0.242087728035   0.963508566316   -0.114213723218
0.55543874407   0.234141706697   0.797913192504
0.795538392236   0.129726264963   -0.591852821787
0.225767681317   0.712942643524   -0.663883831041
0.898355072869   -0.415959856979   -0.141193344153
-0.376811779439   -0.564526513484   -0.734385932905
-0.78783820127   -0.615849423859   -0.00636048368394
-0.600962993049   0.770971792586   -0.210822143102
0.134738448874   -0.162271322697   -0.977503743331
0.545756644622   0.115466806834   0.829950059564
-0.42636137176   0.890926569608   0.156415562643
-0.721363753956   -0.439223478523   0.535459681389
0.816086395064   0.513267664837   0.265630005879
0.527136203874   -0.472658200496   -0.706202271357
-0.236918590146   0.716345258752   -0.656291895354
-0.155195525749   -0.835916031534   -0.526458675502
-0.859603949289   -0.148347789318   0.488951923784
-0.486821732418   0.528429107476   -0.695533808824
-0.546837379942   -0.66261033189   0.511777713437
-0.825290394977   0.32370172318   -0.462723414546
0.140941987561   -0.675399690911   -0.723858144708
-0.544129066425   0.759312942024   -0.356885717207
0.490154387556   0.632924091908   0.599296062261
0.680934824657   0.151165306725   -0.716572965309
0.911265394135   -0.276426395211   -0.305260265155
0.313786638384   0.946120212456   0.0799655498002
0.266708318251   -0.168656430691   0.948905517616
0.897730700128   -0.250396481867   0.362465435477
-0.207915941116   0.484556719672   0.849691559833
-0.388394839663   -0.838156541041   0.382940023024
-0.906774317535   0.403100803122   0.123572163454
0.398894291873   0.915149006804   -0.0581862462881
-0.136541865263   -0.00346956313141   -0.990628225502
-0.865836665102   -0.251115122378   -0.432744803178
-0.49145878659   0.588986301701   0.64153207051
0.0937823568085   0.768138224359   -0.633378668594
0.422489654103   -0.33457940146   0.842353320344
0.797920582444   0.578123407889   -0.170575699801
-0.429913056661   0.7441975204   0.511218949515
-0.444886551069   0.84028426111   0.309835952091
0.467548348131   0.512986195341   -0.719891454005
-0.763855024751   -0.175406738524   -0.621094177434
0.858388296069   -0.445720456587   0.253974029679
-0.290352533103   -0.0139737025517   0.956817716265
-0.422924271817   -0.895063131973   -0.141410926349
0.104451378434   -0.994192634744   -0.0259020185367
-0.994320229712   -0.103859033133   -0.0232504198399
0.0204252375581   0.0281834394229   -0.99939406813
0.230790594697   -0.812562658761   0.535236047914
-0.78027741991   0.17407468742   0.600720526683
-0.581294116071   -0.556273250109   -0.593849494262
0.579225829141   -0.734738992324   0.353066639624
-0.815092831254   -0.527876569782   0.238683898731
0.0110052393918   -0.426033966058   -0.904640229302
0.318806413412   -0.57966012494   -0.749904400788
-0.831324398537   -0.551036097234   0.0725187144294
-0.455260601376   0.600294393693   -0.657559446542
-0.939877365018   0.142145916847   0.31052387517
0.32983240835   0.613582370599   0.717444950426
-0.0885501051884   0.77673110715   -0.623576511791
-0.238776083707   0.730246371855   0.640098600406
0.78936704755   0.529878524905   -0.310045824172
-0.565584340387   0.431241214678   -0.702954741553
0.661211564532   0.411109361423   0.62752558504
0.738402461501   -0.208887227993   -0.641192584822
-0.132518194141   0.887330388825   -0.441682815253
0.38586132475   0.283845829048   -0.877805549877
-0.603152625872   0.797593096709   -0.00722232556871
0.698081619846   0.532237538525   0.47896268604
0.99976011179   -0.0115158109797   -0.0186307533598
0.0125479408316   0.998336982207   0.0562656124084
0.0179518259283   -0.0564858925422   0.99824199265
0.754660326968   0.489244784289   0.4371811203
0.644409247291   -0.677992350079   -0.353642609479
0.123387652973   0.548603603962   -0.826927791777
0.993649296027   0.0344654326532   0.107113073235
0.0253038326051   0.859108730797   -0.511167198404
-0.109639375049   0.510631298121   0.852780678028
