0.0358413158667   0.0969235720056   -0.994646279472
0.736134485945   0.670571333712   0.0918700441202
0.675885655033   -0.735486170906   -0.0473146248716
0.745856815734   0.032161961993   0.665329406102
-0.466916732642   0.737608095789   0.48777357637
-0.475064601083   -0.674462678898   0.565166983794
0.920279567564   0.208224862648   0.331252055236
-0.110336998261   0.950378780639   -0.290870968174
-0.375381491736   0.231133251365   0.897589079577
-0.472472190749   0.693833371006   -0.543475190093
0.881181078488   0.359967657574   -0.30650153738
-0.0170275037714   -0.623713506972   -0.781467545927
0.694025411463   -0.271813104983   -0.666668106485
-0.158763192677   0.845414327158   -0.509969473681
0.702227154769   0.459774130846   0.543585109904
0.107258182547   -0.697755092289   -0.708260907761
-0.991938146231   -0.0267464083397   -0.12386825135
0.0674862677024   0.715836895407   -0.694998663916
-0.792427053675   0.264160026076   -0.549798913447
0.602772628843   0.201104646304   -0.772154180946
-0.0934051525465   -0.943279598983   -0.318589195704
-0.967548087603   0.251665843243   -0.0226936449471
0.173300832895   0.595534424259   -0.784414157726
-0.183895403678   -0.762891245767   -0.619822093539
-0.777576149102   -0.603157562016   -0.17769717986
-0.618752648866   0.78426490402   0.0455381141939
0.111895003772   0.145359952207   -0.983031023125
0.726965877556   -0.582795453544   -0.363139191218
-0.652569327021   -0.750940082713   -0.101204078997
-0.21371449717   0.310545409728   -0.926222253131
0.362199012713   0.309572332176   -0.879191018119
0.440659579483   0.774301025382   0.454177341028
0.821359245519   -0.551926528846   0.14403505322
0.271288618087   0.219416709799   -0.937154626066
0.340930893561   0.888634215725   0.306749664155
0.900093668188   -0.402722656557   0.166270413435
-0.287593026092   0.863101036794   0.415146783232
0.780228286701   -0.0402567038145   0.624198060258
0.555458434065   0.503424272441   -0.661838295918
-0.62584534227   -0.425688467208   -0.653534189194
-0.726640120931   0.622693006491   0.290254292511
0.283393264234   0.65653845931   -0.699031837067
0.607335923332   0.783513584091   0.13133750331
0.228215544091   -0.0137133463573   -0.973514052064
-0.760960407423   0.621223315465   -0.187138586768
0.813853057957   0.185099338284   0.550800721696
0.103718568796   0.886408471186   -0.45113465916
-0.571739152534   0.424285584454   0.702208006422
-0.245419942701   0.521708314984   0.817061494504
0.867146184548   -0.258657823367   0.425621457443
0.433389601109   0.812967751198   -0.388917586595
0.529991323369   0.731122361805   -0.42961528048
0.678046824629   -0.669617300297   -0.303092683438
-0.509275662843   -0.130662784343   -0.850626554972
0.136443843816   0.914438761415   -0.38103127051
0.964874127813   -0.209835545146   -0.15807264618
-0.224501659151   -0.346079175356   -0.910949070708
0.445889410192   -0.182327961115   -0.876321372827
-0.781738954779   0.397528481883   -0.480474049947
0.435966558877   0.899292844788   0.0347208705725
0.879777713125   -0.399789223796   -0.257215380616
-0.236234276521   0.10186464428   -0.966342051679
0.412534292012   0.910929289672   -0.00482567425167
-0.511912888007   -0.305908274428   0.802723690151
-0.349715449648   0.927719295774   0.130522076774
-0.784630039809   -0.213908942974   -0.581892313702
-0.682141474643   0.219462025824   0.697509446383
0.326116930246   0.945083231462   0.0215739058913
-0.654469828471   0.242186095451   -0.716250751337
-0.407402247801   0.683571513376   0.605601679809
0.811825858383   -0.0326486779424   0.582986140049
0.418284812236   0.729152967442   -0.541639885832
0.101241932942   -0.64077863624   0.761020900076
-0.868592359512   0.316042563311   0.381660072804
-0.485074616952   -0.699656942733   -0.524578667575
0.823888468404   -0.336529365005   0.45602168602
0.178147019003   0.917614133558   0.355313863388
-0.538025493124   -0.211500090744   0.815963406265
0.0201459622633   0.69522253387   -0.718512190992
0.415720910625   0.647761264336   0.638421074915
0.909269082656   -0.311562149217   -0.27596877088
0.828357058166   0.0954341468937   0.552011691718
-0.272887632691   0.929307636961   0.248836604643
-0.489241171726   -0.356762721557   0.795841338708
-0.858560428309   -0.512677153638   0.00601058060761
-0.275723914808   0.451797012589   -0.848443152025
0.432261857841   -0.730096976814   -0.529252388471
-0.822577357217   0.515405023377   -0.240258513421
0.449396125532   0.848082927731   0.280710651826
0.348438823541   0.122934981064   -0.929234833979
0.924342126513   -0.381003507507   -0.0206872042494
-0.259425731036   -0.667293007232   0.698153516482
-0.279803365293   -0.639965912972   -0.715649150775
-0.334095154589   0.43990031254   -0.833587513527
0.882124699754   -0.165607063654   -0.44094252976
-0.332018737068   -0.882644897734   -0.332718413589
0.998405694446   -0.0534195574323   0.0182323937192
-0.0435370838395   -0.523224222605   0.851082214131
-0.0359248051875   -0.850519114285   -0.524715775072
0.131702781741   0.45123132731   0.882635069854
0.812114290762   0.46146740957   -0.357096917719
-0.568440635442   0.763831211171   -0.305674867825
-0.829942471394   0.480550061169   -0.28331454761
0.464871032329   0.315040072471   -0.827432580963
-0.308367341784   -0.818426167378   -0.484858939356
-0.672179863845   -0.435709182095   -0.598608168403
-0.382925905925   0.896560707657   -0.222590763638
0.63367340264   0.0796015459844   -0.769494387675
0.84923745984   -0.27838923912   0.44865930097
-0.527175851883   -0.494820379604   0.690824444501
0.0296876741486   -0.823196345637   -0.56698008654
-0.0519260886085   -0.638505360379   -0.767863650715
-0.110000807272   0.767879166972   -0.631079557052
0.992574180463   0.0516961284552   -0.110109066754
-0.751952951221   0.440061418296   -0.490828592563
0.65858931091   0.533968209871   -0.530224547152
0.0287554986889   -0.721958377591   -0.691338717504
-0.325161111395   0.944499655852   0.0468043986369
0.741397714242   0.285338169136   -0.607380900713
-0.587026133109   -0.16279597455   -0.793030762151
-0.691587242079   -0.71497346357   -0.102567212031
-0.0119404710092   0.153299838946   -0.988107577408
0.722194234085   -0.682137893516   -0.114557332742
0.662732844941   0.0826084710675   0.744285574725
0.718529080827   -0.35012833385   -0.600937692146
0.210952924232   0.933051976228   -0.291398135572
0.0602806203406   -0.936263605399   0.346087717229
0.211068910512   0.350834134677   0.912340575093
-0.975610660985   0.0180519015885   0.218764638418
-0.209900363193   -0.977185727802   0.0324020201666
0.0140660610046   0.0301187799134   0.999447349801
-0.97762159523   0.210240130508   0.00742321121734
0.712250650792   -0.698986982656   -0.0641576848292
-0.365221495226   -0.447098080695   0.816527137126
-0.599426617586   -0.558140219224   -0.573730969892
0.0880458996209   0.281594751579   0.955485382119
0.987836937383   -0.148098954405   -0.0473802157554
0.128164365956   0.948035387308   -0.291209202656
0.778382717812   -0.540656111987   -0.319078851041
-0.270054670916   0.170467449878   -0.947634593738
0.566736993082   0.823791124681   -0.0133177914668
-0.153287492951   -0.297182859592   0.942435829364
-0.0534275760993   0.954804559369   0.292393138635
-0.986736255854   -0.00553185081474   -0.16223735701
0.428045930749   -0.466291651114   -0.774176192653
-0.884827670421   -0.0418188612145   -0.464037904167
0.184001833757   0.883642053633   -0.430488148763
0.0943120240844   0.962012665464   -0.256196942994
0.873792538186   -0.203309848065   -0.441759783015
-0.477065867909   -0.182199717799   -0.85977405201
0.637461213093   0.531175761162   -0.558117830352
-0.0864152564037   0.769093808208   0.633267019224
0.765621058529   -0.355453266873   0.536169161558
-0.511244453491   -0.835045962648   -0.203291291107
-0.836816356487   0.429752262306   0.339192244249
-0.195876221862   0.34352763107   -0.918488580441
-0.82632357937   -0.508266949707   0.242598536708
-0.561599153987   0.711207118805   -0.422836640326
0.0423760830844   -0.485643019097   -0.873129501039
-0.228150327597   0.840124572669   0.492075330021
0.725875497271   0.483605337359   -0.489112093635
-0.648885344633   0.245594340479   -0.720160558102
0.893995538071   -0.438172304123   -0.093685696927
-0.434118615166   -0.79522541268   -0.423270092252
0.110963984588   0.419072278883   -0.901146724566
-0.0940158922594   0.210108585796   0.973147159569
0.995065355197   -0.0113089346899   0.0985750824596
0.0317167288415   0.977612648328   -0.208008554969
-0.508520277578   0.85694030242   0.0840264564277
0.782553564976   0.419247577448   0.460262302113
0.359189428067   0.299807916659   -0.883797583089
0.279277951332   -0.548236319864   0.788315142238
-0.789086348307   0.336755907078   0.513749154708
-0.547125726698   -0.765527528329   -0.338557295824
-0.407649477059   -0.266347755308   0.873430464946
0.0869741144953   0.940840732535   0.32749689985
-0.908987022604   0.209469781224   -0.360367872447
-0.630207318956   0.776035656969   -0.0246453696767
0.71880385807   0.595142204929   0.359342134374
0.293529808976   0.208744856285   -0.932880397595
0.115601963844   -0.699499660089   -0.705220824629
-0.86309794844   -0.422140885871   0.277234564719
-0.491628027429   0.576625786808   -0.652537036983
-0.0483631284101   0.926534546205   -0.373088116267
0.900204827704   -0.121408075795   -0.418200128301
-0.432772776396   -0.356081189928   -0.828199197168
0.152514811406   -0.9877896594   0.0317934125869
-0.681084038079   -0.128361533138   -0.720866041567
0.716145072856   0.0882887625496   -0.692344805016
-0.82741251111   0.0684297390882   0.557409999252
0.420868685543   0.732720317562   0.534780782902
-0.371830722221   0.677080724168   -0.635061892238
0.808091199686   0.208572377623   0.550895794396
-0.462710763804   0.803512888201   0.374520743824
-0.364537188844   -0.557552330985   0.745820377948
-0.130137626123   0.958447767285   -0.253854437925
0.963148431943   0.182987915205   0.197130720422
0.235391793213   -0.218845379837   -0.946941077054
0.678994927831   0.731233915241   0.0652904983981
0.437142883408   -0.474152490848   0.76425487562
0.589806737386   -0.490383907387   -0.641600838458
0.747318093367   0.389829351024   -0.538097337297
0.618800847258   -0.703336276101   0.349862250255
-0.24207680343   -0.594433478028   -0.766842657551
-0.928700885824   -0.36664389375   -0.0555600561975
-0.311611431633   0.852808691518   -0.41906521133
0.201029799644   -0.371873084327   -0.906254615882
-0.383080878538   -0.700366044427   -0.602276053244
0.032486570497   0.641396672379   -0.766521318294
0.923143360067   -0.313205543493   -0.222954309871
0.608354387457   -0.0933920911334   -0.788151544168
-0.721511773537   0.348631696456   -0.598227967311
0.33064437075   0.932595227063   0.144708128838
0.959897666425   -0.272224529131   -0.0670095196997
-0.141984971825   -0.26595456817   -0.953471780099
0.241736918502   0.924749681486   -0.293940961461
0.694648319957   0.628649199041   -0.349662546074
0.648758932717   -0.757482816598   -0.0730180099609
-0.310766083736   -0.176124862256   -0.934025949369
0.199296935199   -0.118623771112   0.972732816629
0.765329333164   0.638784096232   -0.0789043103961
-0.61200632629   0.760186345134   0.218093964276
0.0109613831004   0.848285890259   0.529425062183
0.290340894472   0.503946777061   -0.813473915309
-0.956860498233   0.162630545338   -0.24076813046
0.897669391227   0.439027109373   -0.0380113310815
0.403555191622   -0.784352575801   0.471098974896
0.177010935734   -0.438230800001   -0.881260968477
-0.142358159531   -0.219149812181   0.965249974999
0.931166867742   0.301038787114   0.205679150796
-0.335652229002   0.928088901169   0.161209716494
0.461206689588   0.143021073583   0.875690220335
0.773192649645   0.419365625083   -0.475715880577
-0.435271772591   0.896480588195   0.082831388833
0.585376672195   0.807694763206   -0.070450842006
0.625750169056   -0.505340747323   -0.594194795518
-0.515529705813   0.303743145741   -0.801229819614
0.114334542043   0.874926182822   -0.470565390896
0.993143277139   -0.0890432909522   0.0757477617468
0.0243730090288   -0.475999440073   -0.879107780355
0.790737102271   0.593654008635   0.149364497534
0.418773732194   -0.346621379529   -0.839334367507
-0.446501283668   0.726242753688   -0.522693090062
-0.406626247014   -0.897070700807   -0.172971827166
-0.577067178903   0.105417449919   0.80986457651
-0.70827153428   0.429128557669   -0.560535560622
0.452659449347   0.891642550841   0.00854309345181
0.613049687613   -0.304240574462   -0.729114362338
-0.647510234231   0.335277846539   -0.684338558161
-0.120899350372   0.509891715372   0.851700525815
0.931988831842   -0.237064684883   0.27422099209
0.341731128815   0.826928517936   -0.446552417777
0.0571212841722   -0.36363022675   0.929790415679
0.860928648442   0.489496642378   0.13854565815
-0.505508675678   0.792569299995   0.34102035646
0.430538824556   -0.594125236786   0.679449426789
-0.883511533049   -0.12353018616   0.451827028935
-0.184509326375   -0.794830482632   -0.578101039922
-0.0964328128563   0.108634771324   0.989393349009
-0.525350670046   0.838732847511   -0.143296489795
-0.845403682324   -0.533596942425   -0.0238100178151
0.275521311651   -0.781508378707   -0.559761253426
-0.70108852822   -0.56175621762   0.439209320898
-0.657695128782   0.271430665136   -0.702682368926
0.776920138177   0.590723448408   -0.217809334962
0.394564922711   -0.18723921971   0.899588792932
0.490625743986   -0.784848572722   -0.378548672214
0.864164247818   0.401485454146   0.303363779814
0.380433465493   -0.126646682571   -0.916095516923
-0.329379008328   0.907066727371   -0.262182037849
0.366175453807   -0.102748122054   0.92485585928
0.677927175469   0.710284894475   -0.189499639686
-0.637440414306   0.696375036956   0.329744637735
-0.46681596569   -0.085957267754   -0.880167144523
-0.861537630209   0.268823085947   0.430682087154
0.199588992457   0.9593463903   -0.199546329226
0.985965648579   0.15623436227   -0.0588435541779
0.158962682374   -0.770850221477   0.616863681587
0.05101573713   -0.617560329113   -0.784867271881
0.088420881436   -0.852102062708   -0.515852520062
-0.774505087759   0.266840264226   -0.573531291582
0.62635741934   0.450242543654   -0.636363131492
-0.303631930563   0.725509234993   -0.617611528943
-0.346574919415   0.519710280215   0.78088862834
0.887520972133   0.45115138765   0.0936426689368
0.257707883872   -0.409901297183   -0.874967184046
0.109777359561   0.91211185414   -0.394969488525
0.959966446246   0.00573516391519   0.28005629787
-0.532771189183   -0.761957225972   0.368206525969
-0.350007041303   0.594540727836   0.723889766458
-0.770486814303   0.25679273497   -0.583444564849
-0.617740433935   -0.75725945205   -0.212025655436
-0.69335601218   0.651701586485   -0.307477613082
0.371017784823   -0.0429320911976   -0.92763281469
-0.241896210052   0.96388690251   -0.111392381837
0.55211697162   0.23113721565   0.80108828302
0.79790542874   0.132278595058   -0.588089534065
0.243325967612   -0.713072405312   0.657510622172
-0.895848699141   -0.425079084641   -0.129471541462
0.371816596905   -0.557526247439   -0.742237766274
-0.783183918363   -0.621754492602   0.00665589561369
-0.604055878796   0.758264632324   -0.245257502755
0.147443023942   -0.19610226489   -0.969435122324
0.552298175191   0.115617799351   0.825590243495
-0.440622239066   0.88118520722   0.171361235455
-0.707685500855   -0.45841591928   0.537620755579
0.800418058203   0.535827295812   0.268737867009
0.542595970555   -0.457067909386   -0.704754240106
-0.254795103641   0.709914104151   -0.656583140119
-0.159739707835   -0.836807011975   -0.523676665941
-0.860547738716   -0.141878682418   0.489211640158
-0.483674286201   0.528795295162   -0.697448722619
-0.540847971603   -0.670160649663   0.508299296927
-0.829882628544   0.326708533702   -0.452279069654
0.137033917167   -0.666442974042   -0.732854329247
-0.562034574006   0.742624783928   -0.364177934419
0.471308138485   0.649369816896   0.596814443108
0.679695355449   0.163790326944   -0.714973392918
0.911875985624   -0.277522691963   -0.302429069845
0.315335638327   0.945314728362   0.0833276637337
0.262765336455   -0.171351159285   0.94952259487
0.898784016414   -0.251515138124   0.359064655924
-0.204661481996   0.483586950868   0.851033100847
-0.38768669003   -0.838381653094   0.383164761073
-0.909763415234   0.399895951236   -0.111417038588
0.387342317646   0.914266752464   0.118668590198
0.149319982798   0.0648038079474   -0.986663067725
-0.868253327833   -0.24888973309   -0.429173693823
-0.486028343042   0.600317448621   0.635134167434
0.0995620834822   0.76004793378   -0.642195087095
0.423251222509   -0.329493600527   0.843974152363
0.796085582875   0.579988530301   -0.172803499552
-0.43255768099   0.745014947454   0.507785959521
-0.442051195888   0.844808281308   0.301479200023
0.46314916842   0.502801384486   -0.729851776425
-0.768168984017   -0.183002009803   -0.613536206269
0.856873421038   -0.4473574929   0.256201510269
-0.292410161924   -0.012463398261   0.956211776181
-0.424575361416   -0.894268380997   -0.141491431642
0.111145744631   -0.993444729259   -0.0267243963084
-0.99363309783   -0.110587574868   -0.0215326538401
0.0184361152868   0.0289475075365   -0.999410902212
0.234094138945   -0.805747374678   0.544032262197
-0.78809988461   0.17040170624   0.591491192148
-0.569296500946   -0.567216384381   -0.595119372311
0.575336042363   -0.738673343287   0.351212372042
-0.817889345288   -0.52311662184   0.239595531718
0.00674219716007   -0.425100802013   -0.905120904026
0.324203521206   -0.587036865985   -0.741808462349
-0.834180771472   -0.54722344051   0.06847588381
-0.446132847193   0.596602232758   -0.667106632049
-0.940485008221   0.137639382054   0.310714257508
0.328689572389   0.600659536366   0.728814987755
-0.086319837311   0.787568106186   -0.610151918628
-0.241867571666   0.731593143242   0.637394344607
0.784516088411   0.534007028031   -0.315231662491
-0.570994382459   0.423801801288   -0.703105574167
0.65777808809   0.40328741496   0.636150334248
0.743086055928   -0.209433543147   -0.635579030877
-0.12308980589   0.890784402614   -0.437438050181
0.387127309871   0.285565829048   -0.876689570619
-0.606787442363   0.794812635639   -0.00904842632727
0.694220026895   0.535467115245   0.480971436521
0.999745876105   -0.0114852320376   -0.0193977487293
0.0125959410974   0.998228775044   0.05814339981
0.0186956005144   -0.0583729570832   0.998119768566
0.75721094654   0.499887141069   0.420409834131
0.645019804829   -0.673644473069   -0.360766649348
0.102864152251   0.544349125192   -0.832528075253
0.993875345569   0.0374010338188   0.103985384258
0.0213309326213   0.858357678411   -0.512608122475
-0.108428726745   0.511686680091   0.85230273532
