0.301136811574   0.938725530077   0.167663352873
-0.125087366282   0.21319235859   -0.96896964299
-0.945341087392   0.270819861569   0.181622771337
0.738324397368   0.435199959919   -0.515245649314
0.0128472378654   0.754740447094   0.655897710013
0.674323388835   -0.490884764896   0.551652168366
0.896751797369   0.0632568270847   -0.437989483599
-0.0179164143249   0.994109189538   0.106892101548
0.442171025751   -0.0880084831293   0.892602538022
-0.357895245129   0.382171956303   -0.851971589508
-0.0663082586856   -0.920506332038   -0.385060134924
-0.931404427917   -0.0813184388284   0.354785996289
0.726772740367   -0.137575944749   -0.672959317704
-0.279156137722   0.83601464578   -0.472388995229
0.627593207923   0.531180168557   0.569187485721
-0.362985458421   -0.770362746197   0.524197287523
-0.801356428125   0.545150709619   0.246249018079
-0.475467593089   -0.33068405325   -0.815216918892
-0.706932476624   -0.159714767517   0.689012094619
-0.59809821019   -0.384988967253   -0.702895458842
0.37752483953   -0.908996528118   0.1766360875
-0.922028888797   0.14893757749   0.357323839445
0.315618555335   -0.245260670491   0.916641768107
0.224159888813   0.957948224865   0.179129960436
-0.618780041262   0.754255948057   0.219565993167
0.783875441615   0.611159194388   0.109652775381
-0.0514835174468   0.239963338732   -0.969415825895
0.186845870061   0.980627499481   -0.0588075514079
0.955799015045   -0.167629255684   0.241554704937
0.227017320219   -0.101341698724   -0.968603632256
0.983527222346   0.179878279535   0.0178327635434
-0.00654761021479   0.13404176562   -0.990954052351
-0.180641445146   0.974513524596   0.133011498279
0.854957560126   -0.375268574905   0.358079693745
-0.257345641659   0.292502181257   0.920986261938
-0.450356293509   -0.879554415968   0.153503219015
-0.406915239298   -0.611413181054   -0.678670693386
-0.726753611506   -0.233411763618   0.64602487318
-0.55339784621   0.756103743304   -0.349367933806
0.641722873343   -0.756390069234   0.126751003911
-0.55838483441   -0.574087482851   -0.598857193941
0.525735799171   0.313524520888   -0.790761812604
0.0877114639527   -0.575692773548   0.81294804851
-0.649242331582   0.585912286407   0.48496514052
-0.755507176652   -0.570337288911   -0.322372894185
0.810272649883   0.248865601491   -0.530588489553
0.0192986814929   0.893537546656   0.448573531997
0.585735259093   -0.373706522703   0.719206257721
-0.0112460191447   0.857456248807   -0.514433968976
0.99632015609   -0.0341075952577   -0.0786309005132
-0.084968662595   -0.51342521688   -0.853917368982
0.693658593887   0.2851209136   -0.661470951558
0.350046463293   -0.936025425934   -0.0363851005341
-0.629527782281   -0.206306729489   -0.749087648212
0.295043239587   -0.950899132268   -0.0934897161474
-0.954640989711   -0.289259449894   -0.0706367567922
0.0401256468764   0.110090012709   -0.993111333922
0.455531096619   -0.40451435468   0.793006656259
-0.648617419127   0.45932419028   0.606891037854
-0.609743276812   -0.790815670736   -0.0531386046304
0.476704769589   -0.752285590223   -0.454773518792
-0.173603726146   0.426584111382   -0.887630408551
0.86175072319   0.502088026803   0.0727550989377
-0.574525317423   -0.28343418128   -0.767844857065
-0.201179283776   0.958248913455   -0.203189359077
0.793377309619   0.0377370473747   -0.607559346761
0.688643932571   -0.0416728405863   -0.723901173152
-0.553435724054   -0.675237649816   -0.487609490896
-0.468485254275   0.736422087276   -0.488061549293
-0.0879858678266   -0.604560209954   0.791685189708
-0.46244969296   -0.679137963722   -0.570010445266
0.882269102113   -0.416267436599   -0.219824140357
-0.0496681821469   -0.826657426206   -0.560509207222
-0.650401290159   0.452667716058   -0.609975491802
0.757965192764   0.334259537691   -0.560142239097
0.849138408157   -0.0588948088652   -0.524876523843
-0.136838519435   0.93530132943   -0.326322911799
0.510136436056   0.348916644278   0.786141203572
-0.0416365687385   -0.682167381208   -0.730009630183
-0.358216284675   0.692261667978   -0.626462190753
0.932709756321   0.235417601434   -0.273186865347
0.826808511091   0.0199752899457   -0.562128698591
-0.199324347265   0.944922344319   -0.259598859387
0.525982405195   0.326684482336   0.785251398232
0.654446499427   -0.754076234026   0.0553968651139
-0.705723533921   -0.6354920718   -0.31321577283
0.271392838995   0.165888094677   -0.948064906526
-0.445147815551   -0.866254652512   0.226817766746
-0.836895756421   0.492565427405   0.238714877227
-0.318510463242   -0.0835594203333   -0.944229266693
0.75545174015   -0.629380205446   -0.182135184127
-0.571845310324   -0.497661699494   -0.652170049847
0.319821214688   0.596836149919   -0.735867515783
-0.0645186490961   -0.983403932599   0.169570189798
-0.911759133235   0.127160636537   0.390545074836
-0.405626215723   -0.129409728633   -0.904831749694
0.816893062341   0.292912500977   0.496878246123
0.576278088179   -0.378221559144   -0.724466712336
-0.0242752916313   0.878151876938   -0.477765623759
-0.274203531812   -0.233686711287   0.932846688427
-0.349080781574   0.928049065532   0.129875093458
-0.896077580948   -0.290026641765   -0.336049871283
-0.706280334504   0.671818358951   -0.223222269655
0.680751594679   0.557982976368   -0.474586414077
-0.194281639472   -0.487149967321   -0.851433822386
-0.265057827049   -0.819619383804   0.507905910591
-0.739897256976   0.510655384232   0.43793050553
-0.618301219018   -0.259721281854   -0.741787340356
0.414073505365   -0.504382052336   -0.757721503876
-0.901466359427   -0.111910544412   -0.41813207587
0.126101288563   0.85619785992   -0.501022643891
0.033482115982   -0.647976374322   -0.760924152745
-0.210299470934   0.739737922215   -0.639188500336
0.97706349867   0.181423330246   -0.11150109779
0.882121193994   -0.291799624951   -0.369750156167
-0.174646804199   -0.931663840047   0.318592189063
-0.437447931634   -0.216461239087   -0.872802290947
-0.187274514785   -0.981708079715   0.034314753893
-0.788897339478   0.171123744362   0.590218308662
-0.585294151582   0.083462029321   -0.806514008425
-0.680917550261   -0.612311206887   0.401778889027
-0.327815852827   0.745408036291   0.580433998029
-0.654895454544   0.263518206872   -0.708286734497
0.116225469231   -0.993167547485   0.0104815515934
-0.0629654868605   -0.0178995616755   -0.997855176444
0.991224993514   0.115316210107   -0.0646156631162
0.555318593428   -0.824870115429   -0.105879896416
-0.0547188727382   0.0907983464951   -0.994364875305
0.829835588993   0.557982932486   0.00528604718958
-0.49493701193   -0.28414902597   0.821155700986
-0.466880903146   0.883981177244   0.0244847004477
-0.732843487042   -0.371263530822   -0.57017875634
0.487769068894   0.839906673771   -0.237987635781
0.234645106145   -0.388725723654   -0.890973616855
-0.84084660289   0.378746737444   -0.386688374901
-0.06141997334   0.98641712117   -0.15234451069
0.426514386437   0.163933718892   0.889500541862
0.902392965973   -0.0103440259369   -0.430789897851
0.0517323799406   -0.248903156456   -0.967145790236
-0.273669155187   0.927836679407   -0.253425116842
0.960431650023   0.277788255787   -0.0201179169286
0.365808691086   0.930462873301   0.0205631450419
-0.200088177669   0.0570478000224   0.97811567295
0.908927237287   -0.361917656271   0.207043201763
0.675689545089   0.570424223566   -0.466968782497
0.674332024559   -0.222316971445   0.70416722791
0.297858958757   -0.7906904384   -0.534872574835
0.502035469745   0.864691268859   0.0164133079425
0.843978899895   -0.493977371432   0.2090118969
0.188838565051   -0.0910789002613   -0.97777534755
0.949423081507   0.293544297757   -0.111478955661
-0.0507402203568   0.493788686704   0.868100318466
0.309872945478   -0.81853801264   0.483708878897
-0.587152480845   0.669369240018   -0.455188735312
0.676773698851   0.0974208341067   -0.729716754382
-0.444105083039   -0.736514766722   -0.510212380896
-0.986356015362   0.143642651707   0.0804276045275
0.0996529174486   0.909836693517   -0.402823146274
-0.13103857067   -0.38931218802   -0.91173730496
-0.0703875362168   -0.958620110364   -0.275849739444
-0.641818614847   0.255215281214   -0.723141774392
0.763619316401   0.126145329841   -0.633224206248
0.615226690518   -0.603528754989   0.507197359197
-0.287169413143   -0.77072963541   -0.568779005639
0.734186520872   0.204276457287   -0.647488441263
-0.508143874129   -0.182231664169   0.841772786303
0.837533259513   0.123333553129   0.53228457979
-0.200817933449   0.975489853995   0.0899538901805
-0.498158958516   0.145683107529   -0.854759664602
0.387285748818   -0.844605049921   -0.369664791955
-0.775788244827   -0.515188064525   0.364326580636
0.15797233362   -0.597973671621   0.785794012358
-0.731782667546   0.463401269624   0.499753329944
-0.662977276601   -0.653977638271   -0.364382188576
0.350691762087   0.912192639191   -0.211943098518
0.320332727858   0.0958207403673   0.942446459582
0.880001267878   -0.398400520482   -0.25860161216
-0.895465085478   0.307051155799   0.322276074837
0.445047445113   0.603482642273   0.661620338316
0.00866327239556   0.735886056531   -0.677049968255
-0.369139896421   0.915726247948   0.158685776584
0.909117481787   0.391245938906   -0.142940615637
-0.192979639287   0.0914989295528   -0.976927225903
-0.815101038863   -0.575613062168   -0.0654209378331
-0.578273307222   0.81520688743   0.0322135505825
0.0347890586096   0.0640884806275   -0.997337649972
0.27376144226   -0.909309478768   0.313386254573
-0.883644368674   -0.109132439083   0.455261178282
-0.37977269839   -0.401554955844   -0.833382454216
0.073542366214   0.972339471042   0.221692294464
0.590817110499   -0.221564514076   0.775786251518
0.80344673894   0.0739264442219   -0.590769175339
0.871036240896   0.256857182458   -0.41871261608
-0.454296598053   0.745451433018   -0.487767118621
0.186843431895   0.615082554484   0.766004558163
0.829313947248   0.546910571489   0.114574009674
0.553119569199   -0.774348355518   -0.307316394739
-0.0793543890984   0.318234899247   -0.944684830953
0.945387150741   -0.325918349186   -0.00451274612959
-0.234366688865   -0.670072154244   -0.704326318731
0.226529005568   0.666918689025   -0.709862009031
0.441200075411   0.892148365177   -0.097024677112
0.787518246829   -0.333063353301   0.518540079068
0.430299319507   -0.305188625607   -0.849530693049
-0.935146091865   -0.349234150919   -0.0594751603699
-0.226933164844   0.461615914649   0.857561709755
-0.272035155014   0.815442367782   -0.510931129666
-0.360304472255   -0.867449426697   -0.343092085885
0.196444696513   0.288989474407   -0.936960279251
0.911915658647   -0.404989599627   0.0662816393049
0.52450764238   -0.794454632387   -0.306159386863
-0.0112170159944   0.353113604999   -0.935513207024
0.851331845779   0.49411802137   0.176299374132
-0.312802183722   -0.365169417661   -0.876815881621
0.235855166575   0.864364357905   -0.444124528915
0.920069092111   -0.345724678305   -0.184247964854
-0.896520112606   0.441110714472   0.0409026315855
0.399187335063   0.764361367413   0.506360712864
0.192096744422   0.470290375816   -0.861351149763
0.113344396753   -0.217122194412   -0.969541644499
0.713495063604   0.696883505796   -0.0726510396507
0.691431733389   -0.683528589046   0.233903454484
-0.191422112923   0.462487367735   -0.865715316585
0.485042387057   0.811371521959   0.326205665359
0.853282753512   -0.357465645958   -0.379640427929
0.766505873795   -0.485075949773   0.420915749752
-0.633317817431   -0.679743304576   0.369942673949
0.106664368757   -0.550136676504   -0.828234477429
0.307750744074   0.893655926853   -0.326601536925
0.320344659802   0.225901118531   0.919971729774
0.895917841355   -0.387747042602   -0.216756666553
0.639875784217   0.302946960285   -0.706245084957
0.629390945028   0.320719213388   0.707817931731
0.44093765896   -0.897419815592   0.0145483845527
-0.70261721163   0.679351501671   0.211685122525
-0.156217312293   -0.437501768971   0.88554410025
0.694208329871   0.589129645599   0.41352273869
-0.788564505486   0.550160549978   0.274753325613
0.399492991028   0.797973588227   -0.451268769817
-0.467516171707   -0.246092506468   -0.849038931647
0.890039621283   0.439951055749   -0.1194677408
0.326742281477   -0.432870943107   0.840156073661
0.31791343797   -0.786807355811   -0.529022901961
-0.380435138325   -0.885606365724   0.266402835038
-0.878446620676   0.436107937592   0.195298237044
-0.289137752897   -0.159722358353   -0.943868702782
-0.0285113148025   -0.0321906913377   -0.999075004351
-0.880962184438   -0.4714647409   0.0403314725571
-0.47232693605   0.881297201561   -0.0149167021133
0.0852322897695   0.979944127178   -0.18012485778
0.898423552425   0.00257378565942   0.439122415819
0.43077903527   -0.199255823596   -0.880185514272
0.0224341852263   0.441963262109   -0.896752575842
0.0574777852822   0.894924496558   0.442500225604
0.998094690664   -0.0614704840294   -0.00532616756278
-0.207656501398   0.923863991806   0.32148732801
0.39163742093   0.379681688429   -0.838130029291
-0.896381006021   -0.0481366815952   -0.440663082105
-0.125773233072   0.499632041372   -0.857058292695
-0.766494068325   0.499524028981   0.403686249076
0.629815796138   0.707703022252   0.320138243935
0.828042922139   0.512865824973   0.226524975821
0.536865484404   -0.841762653493   -0.0566664525158
0.161617977811   0.168535695802   -0.972355566904
0.82792370477   0.550627553668   0.106544057655
0.286043097102   -0.251166414247   -0.924713349614
-0.482412360622   0.796068294492   -0.365449838999
-0.18202787287   -0.361394675719   -0.914472384416
-0.175947016774   0.926971080817   -0.331311428442
0.967423640804   0.100590773383   -0.232320889124
0.303826347157   -0.359210902853   0.882415479264
0.823063461133   0.56545149409   -0.0532085216835
-0.479850070044   0.742450089301   0.467452430923
-0.546938652544   -0.528734650977   -0.649074555971
-0.3632251526   0.848414096904   -0.385046761698
0.754271568384   0.0251632476317   -0.656080187246
-0.758867252004   -0.110752383938   0.641758835769
-0.260038630558   0.954998534594   -0.142680445549
-0.597076548236   -0.27515760643   -0.753517011865
-0.0732232093135   -0.868792736795   -0.489732112599
-0.650649865877   0.413768884566   -0.636749607145
0.755839343811   0.272019283614   -0.595577363312
0.975197733688   0.107173725668   -0.193657359105
0.217765581487   -0.308079010752   0.926102302477
0.0395920664886   -0.945304773954   -0.323776701773
0.954043695573   0.0533957809586   -0.294872035827
-0.299078750749   0.23131328524   -0.925767824523
0.018775723356   0.971412916657   0.23665252495
-0.615159781627   -0.706354831439   0.350201792072
-0.20529197072   0.572380181841   0.793874129943
-0.761205392668   0.416465820371   -0.497114243043
0.947508807309   -0.298981202955   -0.113301810893
-0.257377857377   -0.92347880802   0.284505763859
-0.189693696797   -0.240410339662   -0.951955445375
-0.0155207693982   0.860783742526   0.508734168619
0.936109301513   0.191304719393   -0.295130276248
-0.351366591095   0.471650138282   -0.808756864405
0.807126581842   -0.554791293178   0.201874470645
-0.484597955361   -0.817884514654   -0.31020919127
0.337211361825   0.152550128492   -0.92898705898
-0.29889456919   -0.873882986509   -0.383393482468
-0.916297074842   0.150586081255   0.371111173058
-0.266574018135   0.462225440692   -0.845745786175
0.993702533517   -0.000739176876127   0.112047884847
0.0968772605969   0.508139712561   -0.855808874047
-0.056303385869   0.861274338487   0.505011329183
-0.645280499223   0.306174194044   -0.699907451185
-0.135669713247   0.855683457428   0.499399188617
0.751802371791   0.417208800944   -0.510617283477
0.753306037778   -0.657571065804   -0.0114152031888
-0.656826646694   -0.753105346513   0.0375645211115
-0.0332981927368   -0.0207997709277   -0.999229002727
0.985692241814   -0.119817842264   0.118551630533
-0.0899065197218   -0.968672727857   -0.231495062618
0.142574970238   0.217524322733   -0.965585597905
0.639948410886   -0.680053099741   -0.357762229611
-0.752491598002   -0.460319439309   -0.471022726342
0.155635556157   0.570643317079   -0.806314937436
0.997625927615   -0.0036434516377   0.0687694249686
-0.0262601886666   0.903020277727   0.428794566787
-0.0636624775009   -0.429582475521   0.900780764495
0.987552708581   -0.0107680637605   -0.156919395158
-0.140450393006   0.388732674239   -0.910582558082
0.0708049071646   0.921287662341   0.382381626572
-0.863441532327   -0.504362061454   0.00936115476099
-0.442804417417   0.748907547529   -0.493012913798
0.241646370072   -0.429832986427   -0.869971629199
0.372203893689   -0.883111399173   0.285619533948
-0.737005674425   -0.468260482142   -0.487395893221
0.56416920989   -0.0290925680215   -0.825146487054
0.468589983216   -0.267500601132   0.841942311577
0.776478012392   0.579239358716   -0.248120256301
-0.42131380692   0.770016359377   0.479134096459
-0.76431529818   0.0592670085262   0.642113344098
-0.334812788443   0.814551837481   -0.473714788403
-0.551110262709   -0.577055218984   -0.60273107816
0.931268487406   0.35131169991   -0.0965354539635
-0.0522830003237   -0.133358642371   -0.989687809555
-0.360562743836   0.926712232579   -0.105825071444
0.552611633001   0.148838562517   0.820041136395
0.198257847857   -0.979156592763   0.0441156730814
0.809514798404   0.138200756713   -0.570601736774
0.54355620305   0.804409851185   -0.239732028403
0.5701435681   -0.144221133523   0.808787102023
0.616021887501   -0.576302920313   -0.537021394507
0.816788214286   -0.186608036228   0.545925318902
-0.380527775831   -0.88549238217   0.26664930703
0.433653807576   -0.425535758701   -0.794269282575
0.644805760731   -0.637295509525   -0.421995218536
-0.431281234681   -0.759170125738   0.487500991587
-0.631048355945   -0.132344828858   -0.764370864655
0.824763021777   0.247270612244   0.508550098053
0.35878047237   -0.923953075326   -0.132617069948
0.437084122974   0.291835499753   -0.85075819745
-0.264506763498   -0.657522801221   0.705478516993
-0.842137957645   0.513951759552   0.163270478495
-0.469935987511   -0.550924091621   -0.689668625438
-0.37948760497   -0.460080223914   0.8026925596
-0.335227727942   0.877013649581   0.344193882669
-0.862329129795   -0.138467490811   -0.487047457539
0.353264544135   -0.752739069944   -0.555507024651
0.557399274314   0.646244025945   -0.521224239579
0.751338945384   -0.125509169029   0.64787131256
0.99999981524   0.000537600089493   -0.000283736636562
-0.000537521003747   0.99999981669   0.000278732109519
0.000283886430958   -0.000278579543619   0.999999920901
0.716949661703   -0.362878215881   -0.595233217339
-0.604534100417   -0.748835445233   -0.271632099347
-0.347162359736   0.554585319317   -0.756249574929
0.885537165102   0.154705122361   0.438052798573
-0.240350344824   0.95948817961   0.147017498727
-0.397562122146   -0.235475600231   0.886845872027
