0.0328879611408   0.0624116461978   -0.99750848038
0.756348580036   0.650865269659   0.0656599286419
0.653341570306   -0.756623543891   -0.025799328283
0.74165797942   0.025966313538   0.670275459885
-0.462558702559   0.743459874528   0.483018489971
-0.48578069975   -0.668276264376   0.563403892622
0.920551340186   0.208903407044   0.330067563701
-0.110669095043   0.949837327099   -0.292508809187
-0.374616579297   0.232741097736   0.897493175428
-0.461170225105   0.700291916241   -0.544897472488
0.887136005979   0.351677293687   -0.29885245189
-0.0176558877458   -0.621220019922   -0.783437270288
0.693287425254   -0.267475290525   -0.669185710355
-0.16408786053   0.845593209705   -0.507983560489
0.701731943131   0.461983866232   0.542349691002
0.114273893986   -0.708744621243   -0.696148359915
-0.99010683133   -0.023817276918   -0.13827942679
0.0814244417021   0.705062975328   -0.704454584139
-0.792951397574   0.260039066037   -0.551006139004
0.601669171286   0.191657239083   -0.775410672503
-0.0960327517537   -0.946386383483   -0.308432364951
-0.96800172383   0.249940775189   -0.0224114158269
0.17154294732   0.593890630629   -0.786045123435
-0.183154797606   -0.764737554818   -0.617762731447
-0.77490620867   -0.606032039514   -0.179570417516
-0.622417393781   0.781099066375   0.0498079956091
0.110077044307   0.150364276309   -0.982483398703
0.719111849386   -0.593938642237   -0.360714620344
-0.662893458367   -0.742045202122   -0.0997054705769
-0.208447621543   0.310814747504   -0.927331538236
0.351080928908   0.307991510031   -0.884241715316
0.429599225888   0.786111073979   0.444380337643
0.831977575703   -0.535883018126   0.143675691788
0.271068471803   0.218229494197   -0.937495478099
0.340094104573   0.889427790142   0.30537551663
0.900476475889   -0.401614359785   0.166877267433
-0.292968880278   0.860944248846   0.415865646055
0.777672308407   -0.0384676677718   0.627491847973
0.55623287922   0.507242781039   -0.658262671855
-0.626950451469   -0.419981888717   -0.656161828022
-0.726646255018   0.618953399227   0.298130692235
0.280924102688   0.663710707112   -0.693231379695
0.601608757095   0.788720553085   0.126438888514
0.220882053855   -0.012144000951   -0.975224918429
-0.767644463063   0.614631932446   -0.181520153001
0.814020538732   0.203256851258   0.544111399383
0.0856754106187   0.884508405876   -0.458589799221
-0.574482625096   0.419918482984   0.702593894872
-0.242014317378   0.521504365093   0.818206738773
0.86736003854   -0.261672639485   0.423336737467
0.434874273472   0.812133380015   -0.389003520984
0.520128178608   0.732104286427   -0.439874972707
0.677445270495   -0.667275137956   -0.309534805393
-0.520129390923   -0.136993445325   -0.843029188484
0.142989463843   0.913479825218   -0.380931256461
0.96394553957   -0.215808514122   -0.155678135827
-0.224417044745   -0.344936652374   -0.911403146734
0.445403901152   -0.17357227621   -0.878343913151
-0.785856308172   0.394278242349   -0.476418440572
0.429004927414   0.902450736906   0.0392101990987
0.880779306862   -0.400702291853   -0.252320205112
-0.231667927584   0.100086559527   -0.967632498385
0.412986421003   0.91072518023   -0.00467569900519
-0.510276304293   -0.315681102121   -0.799977209076
-0.342639153875   0.92780520807   -0.147566615839
0.788807012842   0.198803766669   -0.581601718402
-0.678788695834   0.226103654407   0.698658030707
0.336239251549   0.941520146703   0.0219767847864
-0.652831580215   0.249833846417   -0.715118156013
-0.41492702653   0.686348328463   0.597295182193
0.813498121685   -0.0141649403866   0.58139501243
0.407500145607   0.727135012552   -0.552465659431
0.111567166071   -0.639490135658   0.760660984835
-0.870956198561   0.305662119088   0.384715439179
-0.478526976923   -0.705424011039   -0.522866041168
0.824196698939   -0.333640388986   0.4575848471
0.174136889636   0.918185238342   0.355826097635
-0.538865609523   -0.213588293049   0.814864342051
0.0219978093886   0.703285827803   -0.710566774338
0.40775490087   0.642626807125   0.648665343286
0.912826400362   -0.304006301211   -0.272631860988
0.828337071429   -0.101592730508   -0.550941569683
0.278361595888   0.928072214564   0.247379842528
0.486181568996   -0.358274868869   0.797036134881
-0.85880444532   -0.512159345779   0.0121543913751
-0.271078052211   0.434164578012   -0.859079628911
0.434708654513   -0.741076192932   -0.511697627473
-0.818109960396   0.523030072827   -0.239030616491
0.457463241953   0.843792986798   0.280607871758
0.348458713427   0.120220374104   -0.929582479766
0.926984257978   -0.375064174226   -0.00520102615987
-0.265988106416   -0.6670491862   0.695913579717
-0.264481592377   -0.643717522211   -0.718106704391
-0.336602203437   0.43698913519   -0.834109976182
0.881074272534   -0.166410325616   -0.442736637074
-0.332275612889   -0.883938968059   -0.329005802116
0.998434113085   0.0539008461321   -0.0149673182023
0.041022792109   -0.523583068209   0.850986428336
0.038032254147   -0.850267881006   -0.524974359539
0.134748230382   0.454831845373   0.880324319125
0.811655734657   0.458948922224   -0.361359730999
-0.568381810764   0.76321286626   -0.307324320496
-0.821667096928   0.493440549489   -0.285271109554
0.476595108667   0.320307513508   -0.818694203708
-0.312602437964   -0.80865290509   -0.498357497053
-0.675411747351   -0.420343202909   -0.605912999785
-0.389308200609   0.901058769067   -0.191134035759
0.626305114524   0.106792726602   -0.772228733644
0.844730139311   -0.269108085881   0.462614126301
-0.533325593736   -0.495405146492   0.685665772731
0.0446632153559   -0.8259264973   -0.562005888093
-0.0535324267534   -0.572106041191   -0.818430789327
-0.190617358149   0.810389130436   -0.554016678488
0.980203704369   0.126349257628   -0.15243543892
-0.707695714931   -0.704980760072   -0.0465714826472
-0.51902827352   0.563485827465   -0.642723403599
0.479350004021   -0.430680682379   -0.764681452286
-0.327894082546   0.944233700552   0.0301361804554
0.72992066921   0.273465463459   -0.626444296769
-0.599751021084   -0.18341035695   -0.778883401847
-0.687954364952   -0.715678910139   -0.120509291451
-0.0398580355232   0.203054039425   -0.978355964911
0.724658629113   -0.668260992918   -0.168217468167
0.662025444403   0.0848629979426   0.744661387842
0.719734856463   -0.349124535816   -0.600078157312
0.209055129941   0.933225765863   -0.292208183619
0.0602731649603   -0.934748100323   0.350161583455
0.205769811345   0.354900122079   0.911978447162
-0.976742509736   0.0170848555818   0.213733893861
-0.209262177141   -0.977486634203   0.0270040954996
0.0190388239226   0.0235375212291   0.999541649096
-0.977674211791   0.209680387852   0.0136846829784
0.697345094841   -0.715555621691   -0.0411092564864
-0.391054238003   -0.427915360026   0.814840492117
-0.600654977205   -0.552149071285   -0.57822573571
0.0853480934819   0.271222448782   0.95872524021
0.986704955437   -0.156580269521   -0.0435425092554
0.138307750522   0.949695215568   -0.28098036172
0.777853265819   -0.540936627515   -0.31989351645
-0.270982315517   0.170569155685   -0.947351438383
0.56702105916   0.823585896031   -0.0139064850743
-0.152097947382   -0.292845317484   0.943985081678
-0.064744486914   0.95599789908   0.286140120166
-0.986242549182   -0.0175965048269   -0.164365437977
0.424212333578   -0.463657538301   -0.777859616652
-0.887016739581   -0.0397996245302   -0.460018796997
0.182332662308   0.885120148378   -0.428155489503
0.0948713810487   0.960329064252   -0.262235599052
0.87058363849   -0.20779116187   -0.445989866973
-0.482787271427   -0.185986347351   -0.855760205401
0.637959083784   0.528411946419   -0.560168744487
-0.0824176368741   0.770098970957   0.632577985756
0.765647138406   -0.357391088043   0.534842097855
-0.508221140777   -0.835194362772   -0.21014673079
-0.83712138956   0.421737674911   0.348374959923
-0.202334009026   0.35296984284   -0.913495067768
-0.825316816097   -0.50833234077   0.24586659878
-0.562823110746   0.705357272668   -0.430930695013
0.0456322153501   -0.494033753121   -0.868244407814
-0.22914921322   -0.838317272474   -0.494686556067
-0.727863593096   0.485006290053   -0.484750955083
0.646301189791   0.24898403419   -0.72131943187
0.892921686056   -0.44510976399   -0.0675881688813
-0.428673158102   -0.794688532236   -0.42977838505
0.137587012813   0.412731674014   -0.900401232324
-0.0921905768467   0.176537994376   0.979966955607
0.993403243796   -0.0510977602437   0.102659700536
0.0681974541802   0.982966609524   -0.170662684274
-0.507560517384   0.857061450429   0.0884759367373
0.78084801216   0.414142562779   0.467720343368
0.364223424698   0.306482638796   -0.879437143301
0.273859363539   -0.54142682672   0.79489498697
-0.793240138713   0.340199478996   0.505009303702
-0.543848445191   -0.76884413622   -0.336314678336
-0.408101722959   -0.268797255111   0.872468348631
0.095436270762   0.937875343159   0.333589206835
-0.907934415   0.219403455621   -0.357095535845
-0.628678555569   0.77747241616   -0.0173180795164
0.717380174982   0.588396172641   0.373035693418
0.300214853581   0.222095894   -0.927655353867
0.111498276043   -0.700320185232   -0.705067211404
-0.863824015444   -0.419060859182   0.279635596168
-0.491300523898   0.577875102819   -0.651677957859
-0.0374833060675   0.925904912044   -0.37589239899
0.899633278394   -0.132489635889   -0.416060645565
-0.435034442512   -0.353760639748   -0.828008721931
0.145739438119   -0.988665093433   0.0360742179911
-0.676878837305   -0.126239468896   -0.725188689999
0.721522734074   0.0812707174802   -0.687604548192
-0.827146479711   0.0737131211885   0.557131112815
0.417995666273   0.743341991457   0.52222821325
-0.375643879331   0.664837618897   -0.645664476659
0.808278693185   0.208115203084   0.550793624135
-0.462743048254   0.80295655727   0.375672248682
-0.364080245874   -0.558523794822   0.745316540258
-0.103264147773   0.961370534738   -0.255153308272
0.968144344564   0.155978297569   0.195875722784
0.228107526998   -0.226798292818   -0.946852412207
0.680824296742   0.729126555374   0.0696616337358
0.432774745228   -0.477180124537   0.764856292803
0.590918181189   -0.490584951864   -0.640423381948
0.74526246433   0.544849290715   0.384347641684
0.250008756551   -0.762719262016   0.596451967049
0.618125780815   -0.348422986837   -0.704643130482
-0.931056412287   -0.360661542614   -0.0552920321469
-0.304223223683   0.85098955342   -0.428094627556
0.201450210504   -0.381759127788   -0.902040897653
-0.390898457384   -0.681939902768   -0.618187969008
0.0380132416185   0.659092944721   -0.751100182186
0.919648514095   -0.317103231189   -0.231715669071
0.606923548528   -0.0869996587217   -0.789984092007
-0.724588588636   0.347799852923   -0.59498457083
0.326519805619   0.93352360532   0.148048960988
0.960703955115   -0.27121159316   -0.0590946898018
-0.134036666158   -0.266843894341   -0.9543733589
0.243068061975   0.92479111576   -0.292710282462
0.683021266502   0.642678422376   -0.347053878985
0.662420611082   -0.745231466911   -0.0763478535348
-0.307702589395   -0.17774843498   -0.934732373646
0.210587907531   -0.120621159604   0.970104772206
0.778414304999   0.621008101788   -0.0917611425802
-0.591374587698   0.774467219041   0.224670032837
0.00966501471024   0.849005189052   0.528296106794
0.286291652307   0.503855068012   -0.814964514723
-0.958093772712   0.159123409345   -0.238193331747
0.895349593428   0.442854914154   -0.0472083738166
0.411421872167   -0.781865571062   0.468421041256
0.17053195786   -0.438823146379   -0.882243219045
-0.147170145742   -0.222442910946   0.963773884048
0.928185750504   0.305630341076   0.212276487572
-0.341777940722   0.925801947494   0.161488678401
0.455875277321   0.138272981711   0.879237347965
0.776097554802   0.421847493684   -0.468740095899
-0.4357181623   0.896060977055   0.0849965201689
0.551894720443   0.832143789118   -0.054304067797
0.651610532293   -0.470966298058   -0.594638091866
-0.520399780699   0.292792520952   -0.802157470777
0.140983972356   0.872022496441   -0.468721970085
0.989850324684   -0.115608427007   0.08265002316
0.0178844698615   -0.475616922855   -0.879470686511
0.783899069985   0.600589604633   0.157462296702
0.428267379962   -0.339408760018   -0.837489549119
-0.449543434317   0.723943243928   -0.523275147731
-0.409095034984   -0.896930110954   -0.167802349255
-0.577708491501   0.112239796476   0.808489410527
-0.706324395161   0.427689845742   -0.564080884847
0.454370336991   0.890784970731   0.00705214732549
0.612059305374   -0.306426768019   -0.729030892725
-0.647248795726   0.335566344798   -0.684444464271
-0.134282327268   0.495900539228   0.857934095241
0.926550826234   -0.244168807285   0.286155831591
0.351385575954   0.833345215827   -0.426689498664
0.0537078742973   -0.387729473436   0.920207215614
0.870172821818   0.470204440563   0.147333106408
-0.489810906787   0.792826361509   0.36264533099
0.427623168141   -0.560141463654   0.709492753144
-0.892829539268   -0.138944646792   0.428427122086
-0.141399575247   -0.816661451168   -0.559526794976
-0.0962630870438   0.105499829545   0.989749061146
-0.522166227468   0.841199038177   -0.140451447346
-0.847393562027   -0.530333823299   -0.025887968241
0.274532162724   -0.786447882556   -0.553291803349
-0.707039347872   -0.555074773193   0.438163618669
-0.651711172369   0.270909069963   -0.708435475976
0.774976646829   0.592890798188   -0.218841719726
0.395813807526   -0.185388405196   0.899423464776
0.49268917853   -0.783652755143   -0.378346048898
0.864806696968   0.401966239324   0.300886223217
0.378411392919   -0.127903276214   -0.916758184934
-0.33002150625   0.906677392669   -0.262720214364
0.367025647915   -0.0905759671016   0.925790563765
0.668982217919   0.717231277724   -0.195043806264
-0.646339667575   0.690923504042   0.323835985774
-0.464163637276   0.0927828599222   0.880876528655
0.862851271743   0.272031457789   0.426012404543
-0.200099476966   0.957804900216   -0.206324919581
0.984130268302   0.171612087761   0.0451320988459
0.162478260315   -0.769233095729   -0.617965419227
-0.0713332316459   0.61549145873   -0.784908806355
0.0781844257728   -0.85610316282   -0.510856702194
-0.767484856991   0.275361133715   -0.578915572712
0.636281533486   0.43733696465   -0.635517261367
-0.303810959534   0.732921444297   -0.608707694511
-0.354981099989   0.505821643151   0.786214273574
0.88413082715   0.454940239824   0.106499101743
0.257070134032   -0.41350075952   -0.873459826246
0.117883646583   0.910503134604   -0.396342639323
0.959175892137   -0.00107877404827   0.282808140246
-0.534792299418   -0.755544932335   0.378350435055
-0.356093938559   0.607576387319   0.709963407855
-0.76628604542   0.244954666815   -0.59397214396
-0.613845866479   -0.760909558259   -0.210261495181
-0.694574881703   0.647164380183   -0.314235578397
0.375178605352   -0.0468498577575   -0.925767846122
-0.241572784098   0.964293351959   -0.108539952789
0.548869778206   0.228022428549   0.804206278669
0.800240311753   0.134700049913   -0.584355491117
0.260940237101   -0.713202950663   0.650578007488
-0.893174082912   -0.43406201702   -0.117601968498
0.366265273096   -0.550392329658   -0.750278637026
-0.778643787368   -0.627147764385   0.0199883471104
-0.606611964676   0.744238499187   -0.279519195477
0.160423741092   -0.22977105552   -0.959932021208
0.558655730743   0.116546302993   0.82117034394
-0.453934605851   0.871593518238   0.185116483808
-0.694152107336   -0.476174020947   0.539825113955
0.784239019241   0.55774775473   0.271820902053
0.557455410766   -0.441037332771   -0.703370127394
-0.272419943665   0.70313833148   -0.656798189018
-0.1641207375   -0.837448141664   -0.521291658811
-0.861261641385   -0.135993330936   0.489626591414
-0.48092906816   0.52932638699   -0.698942635296
-0.535229650117   -0.677282967461   0.504794020986
-0.83414861735   0.329592685457   -0.442227029778
0.13313641804   -0.657766253072   -0.74136242858
-0.578118553292   0.726809345586   -0.370846482401
0.453361269856   0.66400544465   0.594609391509
0.678411746165   0.17562728901   -0.713381074897
0.912498796979   0.299634146986   -0.278505517848
-0.258878898495   0.950109234328   0.173994708996
0.316745420529   -0.0866707609547   0.944542491246
0.899810759387   -0.252623991382   0.35569891238
-0.201431304126   0.482640077116   0.852340299223
-0.386996158907   -0.838593867698   0.383398354263
-0.91275987181   0.39603365828   -0.100133700235
0.375436336323   0.909899291479   0.176439328765
0.160987495733   0.123452909547   -0.979204986375
-0.870685170289   -0.24661853816   -0.425542748586
-0.480420602634   0.611803932195   0.628404322961
0.1053725714   0.75158182867   -0.65116923761
0.424024775314   -0.324375706127   0.845566905215
0.794233638437   0.581842828794   -0.175076697925
-0.435196412549   0.745814537171   0.504345872045
-0.439530667735   0.848942064519   0.293445332576
0.45863049574   0.493006424847   -0.739325864174
-0.772315259786   -0.190373412402   -0.606042163015
0.855391610323   -0.448969992033   0.258323710183
-0.294369037717   -0.0110014131453   0.955628504463
-0.426206596175   -0.893479107289   -0.141573381025
0.119382892346   -0.99245907458   -0.0277976671609
-0.992716710855   -0.118864474641   -0.019615520828
0.016163446545   0.0299369663247   -0.999421092955
0.237263525664   -0.798759918066   0.552891139991
-0.795803494868   0.166597145008   0.582187417273
-0.557138059143   -0.578124540706   -0.596128508368
0.571507733239   0.742479092056   -0.349433410978
0.820592584422   -0.518445188623   0.240504463128
-0.00259253524704   -0.424192626355   -0.905568271588
0.329860110466   -0.594123012865   -0.733628075463
-0.836751890761   -0.543809000903   0.0641719864535
-0.437079604685   0.592696900718   -0.67651445147
-0.941141842727   0.132877212378   0.310798452859
0.327383974226   0.587102463585   0.740358312354
-0.0840937886453   0.798532619047   -0.596048564321
-0.24502632035   0.732494786085   0.635148400528
0.779931962425   0.538073437197   -0.319660930002
-0.575906447544   0.417047197017   -0.703138250372
0.654490246186   0.396225318117   0.643931684987
0.747323565096   -0.209848369185   -0.630453131487
-0.114673478621   0.893850747739   -0.433452228126
0.388389777643   0.28821068273   -0.87526452172
-0.611094530488   0.791487412481   -0.0105428028475
0.689722303126   0.538964078807   0.483529591986
0.999731164455   -0.011431649895   -0.0201721639216
0.0126241412063   0.998117694662   0.0600141538472
0.0194481329543   -0.0602526761553   0.99799367991
0.759807606487   0.508984989853   0.404507949525
0.644713208505   -0.670142004369   -0.3677697279
0.0838884968543   0.540225854698   -0.837328338235
0.994076198037   0.0403786841274   0.100906265242
0.0173393398402   0.857614119909   -0.514001331347
-0.107293335259   0.512706137277   0.851833643975
