-0.00515579298504   -0.235846304734   -0.971776691602
0.888925333491   0.444027074975   -0.112479812264
0.458023109981   -0.864416842289   0.20736044341
0.697407544661   -0.0485600370943   0.715027719356
-0.394968079671   0.80647105102   0.440005295318
-0.598015829799   -0.589276137872   0.543259330932
0.922096119392   0.214768298904   0.321890236552
-0.114111034487   0.945768228361   -0.304139984269
-0.369753185801   0.243715071362   0.896596645979
-0.344790984251   0.759806653343   -0.551192368157
0.938520311508   0.268227645596   -0.217332820864
-0.0172858921006   -0.592239630279   -0.80557645091
0.688547048982   -0.229330900325   0.687975507918
-0.213528617586   0.842511504105   0.494550194544
-0.693042921333   -0.487423536165   0.531140099769
0.184582754573   -0.81022201442   -0.556299823893
-0.95585654441   -0.0163257410086   -0.293379850518
0.228620806629   0.585895688267   -0.777469465154
-0.797843570843   0.207297453795   -0.566103702615
0.587856806386   0.059294005596   -0.806789065423
-0.133678762901   -0.976479383577   -0.169168560314
-0.972648730076   -0.231544956076   0.0184765039382
-0.151075756992   0.57018638808   -0.807504550141
0.176438554548   -0.788209627044   -0.589571895789
-0.761950143384   0.641216296641   -0.0909595510034
0.615639016363   0.760726542541   0.205630078066
0.201048701881   0.100681618958   -0.974393468305
0.632803962355   0.689932876177   0.351499319485
0.754702322955   -0.651081661006   -0.0807283991388
0.173157584166   0.316362603782   -0.932700999235
0.278557186545   0.299761433286   0.912441218347
0.329306142064   0.862642389382   -0.383934334021
-0.902199179019   0.407420165377   0.141581955846
0.265986111743   0.195342283544   -0.943977108102
0.334076092059   0.899886728091   0.280351638698
0.904237000501   -0.389929825566   0.174098185113
-0.326601953557   -0.850935845151   -0.411387106469
-0.767004773169   -0.0157220857539   0.641448746164
-0.552299594304   0.525034287886   -0.647536990971
-0.634808697626   0.36502676361   0.681009088975
0.728820547896   0.575567528818   0.370867400476
-0.256590191519   0.731763268837   -0.631414279215
0.528540309902   0.846043466476   0.0696820898179
0.128032734753   0.00169972285273   -0.991768485975
-0.839197688057   0.533111211451   -0.10742288669
0.814011834602   0.410430072411   0.411013246488
-0.149872361036   0.832059037966   -0.534056207469
-0.561180014367   0.373128547554   0.738818027985
-0.217791913963   0.516458203553   0.828153129678
0.868034085406   -0.285413029984   0.406271127313
0.4461877506   0.807347710901   -0.386142674302
0.430032643289   0.736213974801   -0.522552302659
0.666722657735   -0.649237524715   -0.366021220921
-0.608730501428   -0.190996386901   -0.770043866816
0.218756537299   -0.89488473876   0.389007559982
-0.947167599322   -0.290570617896   -0.135802263639
0.23456154029   -0.338747723755   -0.911170051893
0.441289779588   -0.0640734833896   -0.895074253433
-0.831200076705   0.346718148873   -0.434618174641
0.338185988648   0.935778346602   0.0997452911869
0.882490342769   0.41850508208   0.214625933179
0.19554123285   0.0885523668648   -0.976689359304
-0.427755094856   0.903887147047   -0.00368839111645
-0.487422812957   0.418747389226   -0.766204688987
0.286553755777   0.905615321938   0.312646499615
0.824806611552   -0.0671677950196   -0.56141120478
-0.639242572009   0.281251627899   0.715727920327
0.445832184005   0.893885543664   0.0469286536454
-0.626580080944   0.34909333513   -0.696800721535
-0.499827827289   0.719556348449   0.482090037726
0.825158089459   0.226447396155   0.517528457357
0.263222853239   0.656475618878   -0.70693245176
0.218507089834   -0.65067145898   0.727242259609
-0.867745129034   0.211359636369   0.449828295187
-0.446400092663   -0.72935160011   -0.51843341008
0.828900504347   -0.300972864921   0.471528671954
0.128788600535   0.922956701184   0.362718105574
-0.544368854974   -0.239929702873   0.803801149174
0.0416978892849   -0.322476235749   -0.945658692873
-0.782428987477   0.578061771513   -0.231623547747
0.621342229037   0.749568986613   -0.228210798874
0.809724272126   -0.373100481241   -0.452926742451
0.237426554107   0.914149076424   -0.328572819142
0.536633240244   0.158516551097   0.828792657119
-0.874204783121   0.48077011853   -0.0680153681001
0.192675564965   0.214899290736   -0.957441602139
-0.445692858182   -0.850104927624   -0.280498642056
-0.76275855225   0.60759406446   -0.221424578133
0.54262161323   0.787598431789   0.291976874254
0.351797066254   0.102558096101   -0.930441111032
0.933177103275   -0.296997248635   0.20241820132
-0.35413417385   -0.663575138199   0.658981807697
-0.0613960978718   -0.686629936915   -0.724410000551
-0.358166224093   0.401610954353   -0.842867484996
0.868454248356   -0.188139129499   -0.458683863314
-0.342788819002   -0.896276915521   -0.281395657877
0.998225674558   0.0593660186413   0.00460200877838
0.0274385854143   -0.527209848103   0.849291999311
0.052845309012   -0.847658806297   -0.527903325829
0.162979893255   0.494191420869   0.853939338556
0.802780973358   0.43673442153   -0.405962749356
-0.573568010971   0.75169001895   -0.325548540469
-0.730773344392   0.623090430039   -0.278798556525
0.59646025273   0.384225327766   -0.704702819929
-0.331972116358   -0.681270294008   -0.652430303146
-0.699412084476   -0.308788593783   -0.64457143936
-0.430351716928   0.90198791355   0.0348597697442
0.570631348444   0.301773769833   -0.76374894829
0.794622081372   -0.58897875887   -0.147240515471
-0.208819140163   -0.492888574744   0.844662902931
-0.570061676047   -0.640441156147   -0.514650183149
-0.0656921510615   -0.244951972451   -0.967307124176
-0.515474362935   0.838363634908   -0.17729240486
0.854383240967   0.486975304155   -0.181340372498
-0.809757499117   -0.558290196025   -0.180568130208
-0.434370575184   0.777247591562   -0.455201477177
0.394480666241   -0.290169327175   -0.871886899505
-0.347922909654   -0.927915856885   0.133872370115
-0.609597701186   0.11542195532   -0.784262975627
0.71227824033   -0.354471345488   -0.605813315784
-0.642266775571   0.707221546368   0.295518313054
0.322300749162   0.598998710254   -0.733023036612
-0.695424773852   -0.375550568456   -0.612655004424
0.655882702648   0.113295753005   0.746312235407
0.731991284636   -0.33698477732   -0.592140202208
0.184408892366   0.934668568106   -0.303953990286
0.0557209970579   0.919159949478   -0.389923271635
-0.160077834306   0.393702261515   0.905192585167
0.98553044471   0.011979839494   0.169074616649
-0.203266910176   0.0410000127451   -0.978264566558
0.97558578412   0.0933355551948   -0.198798521019
0.0831561245516   -0.994790165357   -0.0589710594969
0.556599567131   -0.816019787546   0.1559122452
-0.583875427272   -0.2507243658   0.772157223512
-0.591004574685   -0.520815705147   -0.616006975589
0.0511446475646   -0.98332706025   0.174505351223
-0.226909214241   -0.181605769815   -0.956834130277
0.972572071118   0.00934007224389   -0.232414133677
-0.0201394195241   -0.57298290048   0.819319839586
0.331170008712   0.7694009265   0.54621299841
-0.943356151785   0.282334571138   0.174259464102
-0.137057686022   -0.278135826557   0.950713233677
-0.156724707623   0.953770307373   0.256436282132
-0.978086170397   -0.11385369014   -0.174312307422
0.383554166924   0.399316508626   0.832725961511
0.915146443682   -0.0432034969778   -0.40079975607
-0.124069285691   0.915794618781   -0.382003964064
0.100957938864   0.947546973874   -0.30325274423
0.846764321773   -0.241857654722   -0.473809094705
-0.522300371389   -0.208948814677   -0.826766420999
0.646101361188   -0.511024079852   0.566928056179
0.0541902129161   0.771618894706   0.633772594987
-0.761325457275   -0.378759384232   0.526236521881
-0.472472595284   -0.83197215167   -0.290847013996
-0.835501018096   0.317758685561   0.448293951009
-0.280548918134   0.454809582787   -0.845245850589
-0.81748803182   -0.490684326099   0.301566261295
-0.566617387603   0.591334009521   -0.573819505811
0.103237851084   -0.63996326559   -0.761438746584
-0.244106201238   -0.815238153818   -0.525165607287
-0.747907148998   0.502988556413   -0.433171338611
0.617290093063   0.287035302145   -0.732505069149
0.826312754377   -0.517097574437   -0.223197962505
-0.35853962056   -0.788580799547   0.49958949456
-0.43434614358   -0.332791858521   -0.837014340653
-0.0760249902197   0.995954192912   0.0479108180097
0.309651427448   0.0692564520691   -0.948324594918
-0.947805989821   -0.0572607148668   -0.3136638586
-0.497833520328   0.856562680023   0.135875535803
0.760237675841   0.35560700331   0.543674843476
0.417373288879   0.373957262784   -0.828224307384
0.233198518475   -0.472373325429   0.849989348406
-0.831781427535   0.355905453536   0.425994090278
-0.503744089583   -0.806346544338   -0.309914734473
-0.410562813792   -0.302646360242   0.860141474737
0.173605584881   0.900111404817   0.399575474493
-0.895153214165   0.313376194933   -0.317011172706
-0.607295923222   -0.791305445751   -0.0709038303769
-0.69882499175   0.489594336228   0.521479641826
-0.377935566656   0.366241829202   -0.850312666023
0.0666292180936   0.694668980517   0.716237080026
0.861351745004   -0.402365921245   0.310120681025
0.503620609859   0.596268960225   -0.625163665289
0.0670073721515   0.891239020395   -0.448556596878
0.862483209955   -0.277763771071   -0.423048460611
-0.501630067503   -0.358525167884   -0.787290911526
-0.107093401949   0.633571790599   -0.76623611858
0.994165615574   0.0782168477356   -0.0742755244996
0.0128736967616   -0.769720021104   -0.638251797525
-0.824490849761   0.132514195025   0.55014073361
0.383166593796   0.846145168762   0.370434494587
-0.416411095024   0.516215402228   -0.748413961951
0.809617953095   0.203765699775   0.550452822339
-0.463597994353   0.797171558032   0.386774361478
-0.359993985585   -0.568328291272   0.739869774813
0.161307174322   -0.976319536875   0.144153242867
-0.947606967479   -0.112415349366   0.29900472306
-0.275719115582   -0.184832224311   -0.943300597985
0.691879316779   0.714217445265   0.105813287882
0.397681310383   -0.499288273218   0.769779705889
0.602621428747   -0.49051469   -0.629478158882
0.724407636809   0.60827435942   0.324400800562
0.328506501219   -0.718301984738   0.613290907628
0.606066872869   -0.337704845086   -0.720165524873
-0.958288205019   -0.28017824988   -0.0564257424937
-0.204669898687   0.810543131615   -0.548753190755
0.199484206626   -0.514315059167   -0.834077976703
-0.457534299439   -0.426655291151   -0.780145901335
0.11198271774   0.842731737618   -0.52655777398
0.882112371393   -0.328281100497   -0.337800656144
0.591824876462   -0.0173558495383   -0.805879699514
-0.755887412162   0.335285934823   -0.56233225236
0.279959882368   0.941956536363   0.185311488762
0.966904857115   -0.25429360165   0.0207306885151
-0.0516673659616   -0.274728263954   -0.960132732636
0.249850916711   0.927285902591   -0.278774773382
0.560586557752   -0.781758273673   0.273123987984
-0.76577673879   -0.614917849619   -0.188313633465
0.315164556377   -0.103585905242   -0.943366981953
0.306298499985   0.178069048008   -0.935132420061
-0.867943473998   0.455698830147   -0.197516333872
0.390967204316   0.872141038104   0.294133736259
-0.00383172308883   0.859344563903   0.511382673141
0.238035245699   0.497470988098   -0.834183335847
-0.971248958663   0.118530740699   -0.20646046548
0.864057992926   -0.48494587217   -0.1350232792
-0.490939750114   -0.75251296506   -0.438978814038
0.111274195655   0.445591447945   -0.888294047543
-0.189799274489   0.235686116024   -0.953115045583
-0.888688858019   0.371440691796   0.268819504706
0.417382736868   0.898044468382   0.138952451481
0.397723655973   0.109561622667   0.910940252881
0.791634513457   0.460930124469   -0.401071337121
-0.463821830644   0.880647302383   0.0965900523983
0.393873615467   0.918070685818   0.0448306912817
0.761956408397   -0.298840493869   -0.574557909116
-0.514087547741   0.260462233474   -0.817235228188
0.361615891774   0.817512116922   -0.448227493023
0.931639992113   -0.335304616893   0.140063339191
-0.0357892709042   -0.468235787371   -0.882878460216
0.613635735293   0.7288025939   0.303805798982
0.587914380906   -0.164885853207   -0.791940235205
-0.527074819257   0.664574626762   -0.529653377568
-0.427157370323   0.896015703162   0.121212378348
0.584621134434   0.171431493836   0.792987624175
0.689749744583   0.409593826379   -0.597057942951
0.46307250546   0.886279586598   -0.00850582546659
0.602494923843   -0.321807289293   -0.730369725072
-0.650049014637   0.333089421835   -0.682999059759
-0.286048358367   0.89564415394   -0.340584624124
0.430032696211   -0.197640686842   -0.880914319951
-0.856299139825   -0.398446619284   -0.328621476347
0.0213824983696   0.639358420915   0.768611474263
-0.111224257295   0.765536237425   -0.633706109943
-0.993565273826   -0.0719380205104   0.08748124286
0.389978423883   -0.91532446567   0.10048856378
-0.521581402641   -0.129641483446   0.84329468526
-0.758860770711   -0.381279698273   -0.527973600061
-0.0937368957966   0.0648317020518   0.99348389256
-0.487769009545   0.866923149325   -0.102594573403
-0.867925565756   -0.49420755111   -0.0496397898149
0.272434787606   -0.825430473611   -0.494412600705
-0.755038636004   -0.501911167131   0.421902640961
-0.59640250221   0.258359659279   -0.759969961127
0.755270127171   0.618422564281   -0.217072722817
0.397584676737   -0.168999185677   0.901867895018
0.521050342891   -0.767458668091   -0.373515371764
0.886326322869   0.371282766767   -0.276721442053
0.353060306269   -0.155168481208   0.92264357288
0.299623212598   -0.915462642352   -0.268615116721
0.372616667317   0.0353592251349   0.927311460317
0.56707942299   0.782312773084   -0.257696823984
-0.734559560049   0.621881379579   0.271451289319
-0.44224828042   0.162198781786   0.882104309961
0.869834856377   0.317322030624   0.377748661828
-0.218640758089   0.934343771889   -0.281421276443
-0.775973507519   0.194459214461   0.600042273128
0.0713588943093   0.972248710656   -0.222801150872
-0.626716063168   -0.130069437372   -0.768315636721
-0.0488780213426   -0.864140299878   -0.500871721259
-0.704589431722   0.385262531489   -0.595924923573
0.707929849445   0.323781290315   -0.627694993056
-0.307896440315   0.796169496574   -0.520878022925
-0.439499715924   0.366539706576   0.820054048954
0.843824497004   0.481417465645   0.237059996682
0.251051981464   -0.464555506795   -0.849212036955
0.214605057018   0.882188562187   -0.419151536141
0.943884300169   -0.0770163739291   0.321171147585
-0.562110046558   -0.69631909416   0.446286919669
-0.371180062034   0.694601890132   0.616241491441
-0.739092455047   0.180742726917   -0.648902465367
-0.561563887464   0.8148558251   0.143721900198
0.689957928295   0.557021755128   -0.462260555852
-0.456731931748   -0.160426770254   -0.875019539157
-0.234668214973   0.968477429618   -0.0835601412227
0.521975539271   0.198059828122   0.829646816957
0.820044123986   0.151075387817   -0.55199987492
0.443272847429   -0.705830406109   0.552551011712
-0.84977400323   -0.527079918064   0.00842041615215
0.285295156227   -0.473276027056   -0.833436545904
-0.732132871455   0.659360845362   -0.170952432386
0.608972012248   0.521149732567   -0.597959902121
-0.305179532136   -0.541891346903   -0.78308315096
0.610771312897   0.135957243663   0.780047454478
-0.539755563315   0.792277318206   0.284535732249
-0.579329211428   -0.594821215956   0.557283936459
-0.654938965463   0.432709961945   -0.619529692873
-0.298991396396   0.604548068868   0.73832633524
0.694016639857   0.668792734158   -0.26656553104
-0.203991666334   0.866827973298   0.454968861325
0.842003805032   -0.0817322179537   0.533244256284
0.499416652083   0.491862896809   -0.713199760491
-0.493083059942   0.732212834809   -0.469822796956
0.864631637315   0.352644595538   -0.357846225343
-0.0963391288768   -0.582671565961   -0.806977458464
-0.676209334596   0.610400167173   -0.412495541456
0.312424855033   0.744674795392   0.58978823239
0.667181868581   0.269946448436   -0.694260231623
0.9194542124   0.272776157009   -0.283190959367
-0.222275789926   0.954687814986   0.197900604167
0.324341524496   -0.119014049945   0.938423268788
0.90574323547   0.267094850774   -0.32907374871
0.172328652779   0.477267627207   0.861695101211
0.387210571694   -0.83718334474   0.386253829054
-0.944729903378   0.324956238181   -0.0434609356815
0.246408258489   0.791225343788   0.559683326083
0.216259981993   0.518040441099   -0.827566143323
-0.894958565632   -0.226198987923   -0.384555826459
-0.413432569796   0.744459633976   0.524264593133
0.167698169439   0.628182991845   -0.759778555056
0.432603296609   0.271852299393   -0.859622425881
-0.775230705377   0.598939412546   -0.200721034125
0.460295276105   0.753238280635   0.469851414153
-0.430828093405   0.871601607201   0.233875591409
0.410686101516   0.420134621363   -0.809211854803
-0.803569586255   -0.25258174569   -0.538960464032
0.842118123372   -0.464108352725   0.274664346465
-0.309467052296   0.00123481018579   0.950909364128
-0.441664136909   -0.885777574888   -0.142586387827
0.206369508294   -0.978336802266   0.0163929063546
-0.977284896723   -0.206915508806   -0.0458279702038
0.0482271363827   -0.00656304411663   -0.998814832573
0.262638466121   0.715427978204   0.647444085707
0.868013255568   0.117861109653   -0.482350232703
-0.421395330149   0.688673773883   -0.590046107431
0.535115221277   0.775034990471   -0.336113765715
0.844118513148   -0.474821596887   0.249014832671
0.033401133494   -0.41697147945   -0.908305647679
0.398543929299   0.652158795862   0.644865599485
0.849037433082   -0.528247383324   0.00949416859681
0.346840271083   0.543731190011   -0.764237017792
-0.422617297219   -0.853987008507   -0.303481151626
-0.903997956272   0.421098435869   0.0739175376009
0.0646708214534   0.305585170795   -0.949965993203
-0.273057723514   0.73729911202   -0.617923538185
0.738791795612   0.572121318678   0.356179560686
0.616138103322   -0.359259260324   -0.700932679725
0.628481832555   0.389858653858   0.673068210629
0.770359629503   -0.192388029651   -0.607892167476
-0.107501755239   0.900553760782   -0.421243749581
0.400579803583   -0.411581359523   0.818618717997
0.720293872353   0.693659112831   -0.00371115042694
-0.566314893334   0.591132658275   0.574325362411
0.999547692705   -0.00970952682669   -0.028462872261
0.0119220827522   0.996832913256   0.078625740007
0.0276093091437   -0.0789295137297   0.99649779624
0.788234013747   0.543742640927   0.288151140914
0.61408740467   -0.664739065246   -0.425462847453
-0.0397969722298   0.512314274224   -0.857875448668
0.994871351849   -0.0692211169813   0.0737524930636
0.0976384989045   0.847630885843   -0.521525267745
-0.0264143294613   0.526051630859   0.850042331222
