-0.015526787161   0.277389826562   0.960631981042
-0.899443153251   0.41579378531   -0.134601419637
-0.436761872135   -0.866123785736   0.243040438675
0.686438218817   -0.0721010386443   0.723604872823
-0.369551892217   0.822411464776   0.43251679917
-0.626285853829   -0.564305611199   0.537889585754
0.922257444241   0.215916315141   0.320657685699
-0.11486179963   0.945073666751   -0.306010672034
-0.369117831495   0.245389301456   0.896401761044
-0.319473272043   -0.947469353587   0.0154483805783
-0.770897529025   0.25038626585   -0.585682266777
0.551047936384   -0.19901894856   -0.810393503133
0.687800847225   -0.22307180839   0.690774176455
-0.222705990531   0.840872496365   0.493290468829
-0.690892203124   -0.49312514959   0.528673387362
0.200461780871   -0.831139371593   -0.518673711882
-0.943182736725   -0.0205250463354   -0.331639936703
0.264993206617   0.55568522336   -0.78803079444
-0.799212139877   0.19006412107   -0.570206616373
0.582947701936   0.0140464336221   -0.812388253553
-0.146396489991   -0.981671191176   -0.122023522871
-0.973482402631   -0.228087683723   0.0175505071453
-0.146814500302   0.56408339202   -0.812561031153
0.175435213877   -0.793590533828   -0.582611835059
-0.761373326977   0.642557911931   -0.0861973710847
0.614479876141   0.757622617423   0.220051019961
0.206700601801   0.114574427265   -0.971672558958
0.610315629896   0.708618188214   0.354083458011
0.773671045427   -0.629215306154   -0.0743048583151
0.170140957362   0.319293535535   -0.9322573104
0.268795863832   0.30054952887   0.915105875996
0.30973015697   0.872639981523   -0.377580047819
-0.912039480204   0.384927841736   0.141472764893
0.264192000814   0.186348301158   -0.946296410942
0.334014978348   0.90276143373   0.271027282776
0.904785378388   -0.387680415324   0.176259225659
-0.3300205254   -0.851108462633   -0.408290139055
-0.767708213869   -0.0096847793692   0.640726387319
-0.549281850395   0.524900552374   -0.650206781681
-0.635730369817   0.352030165497   0.686965544604
0.730273668872   0.562625795803   0.387495267647
-0.250094513023   0.74801535845   -0.614756665746
0.506042447151   0.86080803309   0.0541347563917
0.0995561828109   0.00404934810712   -0.995023702855
-0.856743607006   0.50891367927   -0.0836496198819
0.813608474785   0.452629246317   0.364921930194
-0.207142656194   0.812122920484   -0.545479863982
-0.543261603413   0.368216142237   0.754508915026
-0.214252219908   0.514852945994   0.830073749896
0.868045218238   -0.289297910435   0.403490047104
0.447876640783   0.806990187685   -0.38493291834
0.411986752076   0.73599258545   -0.537198129443
0.663276474872   -0.646467668363   -0.377019723147
-0.624764942995   -0.200983750397   -0.75450268262
0.239197955582   -0.888226108178   0.392222792296
-0.94115793521   -0.311425491242   -0.131285583353
0.238759458529   -0.337740350204   -0.910453390793
0.440678018466   -0.0350938601754   -0.896978988059
-0.841248342327   0.332510561349   -0.426307345848
0.313215757225   0.942446363232   0.117007443596
0.881392289087   0.424257481696   0.207733535962
0.188796424767   0.0867322185481   -0.978178630037
-0.433016792669   0.901378450758   -0.00365318708111
-0.479945644103   0.445073928458   -0.756016783487
0.277149004006   0.894544608185   0.350682724903
0.832370475381   -0.0412206522757   -0.552684584135
-0.627887451058   0.292051757244   0.721431299497
0.474208234552   0.878561815501   0.0570586244705
-0.617157920703   0.377935057165   -0.690131287132
-0.522466230546   0.732602166899   0.436260361474
0.826801914319   0.310239351074   0.469201597956
0.208392975932   0.605842892258   -0.767806458349
0.244952079412   -0.651730055098   0.717806669009
-0.864615063331   0.188146359919   0.465877386778
-0.438679006853   -0.734744093227   -0.517408780767
0.830385240612   -0.292347234126   0.474334741373
0.116946714329   0.923781529593   0.364624672219
-0.544778687342   -0.247307056678   0.801283596198
0.0470172948769   -0.30148612643   -0.952310605608
-0.800313970734   0.559120720725   -0.216521518337
0.597734826014   0.772327738221   -0.214995215167
0.812684261657   -0.376873337741   -0.444421847073
0.236929055249   0.910513155656   -0.338866369173
0.532361638019   0.170094916673   0.829251955492
-0.879536744733   0.46920676571   -0.0791209559911
0.170141294083   0.154828450155   -0.973180400065
-0.444372652976   -0.869409662952   -0.216008757352
-0.747458014619   -0.628366919153   0.215549370901
-0.562288953043   0.771220990014   0.298411323257
-0.353748003058   0.101848905128   -0.929779087126
-0.662515121728   0.382302797083   0.644141509938
0.270965998176   0.924027764841   -0.269722297252
-0.698320228344   -0.00415465338966   -0.715773426121
-0.363116929926   0.391576614226   -0.845466646529
0.864849859591   -0.195966384939   -0.462203306283
-0.346671048066   -0.899035556118   -0.267496267765
0.998189377227   0.0598127016221   0.00635672206987
0.0262418387086   -0.528141933309   0.848750531182
0.0541233137567   -0.847046952066   -0.528755262766
0.168806184032   0.504322897031   0.846854702864
0.799544010366   0.432378169221   -0.416867478065
-0.576397300237   0.747467413545   -0.330240242806
-0.707871621511   0.653100380365   -0.269030965925
0.624905696256   0.401509851849   -0.669539177088
-0.329257707954   -0.642066766026   -0.692343577798
-0.703615643661   -0.292600645344   -0.647541418243
-0.434679512377   0.898127430527   0.066489398055
0.562119869347   0.328255968535   -0.759124015959
0.781239817568   -0.612622818723   -0.119823325885
-0.242410433738   -0.474629378199   0.846146639162
-0.575240409795   -0.631997021615   -0.519305532041
-0.0675336091111   -0.214101769389   -0.974474034536
-0.541748736702   0.828046565079   -0.14438556833
0.83782308271   0.518169198626   -0.171910336144
-0.824223355588   -0.528220603824   -0.204056006526
-0.41981855977   0.811838082729   -0.405797122098
0.380010837972   -0.248800966891   -0.890892721879
-0.3499512108   -0.920733523665   0.172580208773
-0.580028399992   0.0683081357603   -0.811727204048
0.735595816507   -0.384166340261   -0.557956107366
-0.629005909209   0.700246332093   0.337648694015
0.388795522078   0.659469548352   -0.643380102901
-0.673193588942   -0.273413586324   -0.687062881126
0.654748111593   0.120912021247   0.74611339184
0.734656709944   -0.333901984329   -0.590583595603
0.177720085811   0.934820703653   -0.307450521418
0.0531903727798   0.915303612781   -0.399236872889
-0.151470692587   0.402571972557   0.902769315052
0.987029591011   0.012454049241   0.160054625446
-0.201341100376   0.061573738262   -0.97758397903
0.974186929589   0.116601960347   -0.193297203966
0.102086176914   -0.991268206693   -0.0834610980229
0.529126567817   -0.826904507653   0.190404859319
-0.613041616994   -0.217381135459   0.759556066252
-0.586689910483   -0.518627397241   -0.621949010585
0.0411800417799   -0.987119851342   0.154591730846
-0.243501033613   -0.159972921502   -0.956616909225
0.969026032049   0.00175027804017   -0.246952395693
-0.0218105027611   -0.574997145079   0.817864649634
0.33487917696   0.76660050772   0.547886483136
-0.942008619285   0.285835520387   0.175834628208
-0.132764705848   -0.283882672466   0.949623167975
-0.170221413943   0.95039988629   0.260316588745
-0.976421119762   -0.127085343033   -0.174502471242
0.373125666278   0.370182309102   0.850730448022
0.922837476425   -0.0535529957362   -0.381448644975
-0.095646376145   0.927414219578   -0.361600105164
0.102339386462   0.945705155662   -0.308493773898
0.843269158029   -0.246980177284   -0.477386551073
-0.527658769562   -0.21128783823   -0.82275979017
0.647909447826   -0.508899457792   0.566775695736
0.0502424707605   0.771007280601   0.634841293074
-0.760058577709   -0.382843460332   0.525111267572
-0.462181752078   -0.829413950063   -0.313784205287
-0.833286920938   0.285159366538   0.47362120209
-0.30334952685   0.480371351266   -0.822935252279
-0.815819493529   -0.478236373739   0.325159229935
-0.563746411608   0.53229030544   -0.631551275934
0.128951686214   -0.698539191147   -0.70385684699
-0.249248976865   0.75144729843   -0.610902533318
0.809155177748   0.508192585604   0.294971514321
0.532111685509   -0.420793599784   -0.734703954342
0.791969906684   -0.536462813094   -0.291532703266
-0.341734346213   -0.785162157448   0.516466865471
-0.505965713784   -0.309399477502   -0.805152569267
-0.0730974352767   -0.994145645652   -0.0795688392994
-0.343675273194   0.100004533264   -0.933748574254
0.936239323865   -0.0409087833874   -0.348973351261
-0.495775130194   0.855576240135   0.148984286411
0.753547600932   0.338523689022   0.563531476584
0.431709431691   0.391651642773   -0.812549049167
0.22662539942   -0.456353377614   0.860454835002
-0.840120556002   0.355386373684   0.409753556156
-0.492786342871   -0.815746357724   -0.30285227445
-0.410767881927   -0.312414026838   0.856543765964
0.191947994183   0.888772458578   0.416220475713
-0.891305623625   0.33538186103   -0.305111934519
-0.59953239003   -0.794578388841   -0.0959484095306
-0.693697225196   0.456099659933   0.557456061017
-0.399180501854   0.400772110051   -0.824643342751
0.0542593266596   0.690149062461   0.721630235685
0.858556650273   -0.40124735392   0.319188093832
0.509839586284   0.602241506836   -0.614303478504
0.0909943551805   0.868339522529   -0.487551536701
0.83764040984   -0.33152039783   -0.434111471428
-0.538589427234   -0.368891175601   -0.757522758362
-0.104097297757   0.62107252572   -0.776809288304
0.994555883442   0.0612919675858   -0.0842727086365
-0.00472729428301   -0.781352809239   -0.624071662699
-0.823578437891   0.148285591338   0.547475972114
0.37464848283   0.866913647432   0.328784492046
-0.42586038904   0.4758908607   -0.769526359359
0.809300494647   -0.202802095163   -0.551274903802
0.463994897065   0.79621933032   0.388257019927
0.360196397624   -0.570005340522   0.738479835145
0.222459080675   -0.96734335558   0.121485759827
-0.933177202411   -0.175188977358   0.313829780475
-0.282298186898   -0.183182025941   -0.941675145178
0.692414351069   0.712767030529   0.111917499189
0.392233540244   -0.502058890666   0.77077215843
0.605570158068   -0.489795906979   -0.627203916732
0.719756503787   0.621817501881   0.308696565596
0.346700978841   -0.707200810385   0.616169980655
0.601455739458   -0.336466949558   -0.724597119321
-0.965461273625   -0.25365977342   -0.0595083899805
-0.172313673745   0.792950374099   -0.584412270625
0.195429084247   -0.553973305823   -0.809271925539
-0.466539310348   -0.344505231884   -0.814651592464
0.129359290956   0.884550998433   -0.448146968097
0.874989854652   -0.314460929808   -0.36811286025
0.587607216438   0.000215816219117   -0.809146286288
-0.763384306544   0.331679531009   -0.554286107739
0.268257636822   0.943392093529   0.195062036681
0.967801630991   -0.248585957418   0.0395603946542
-0.0316692201546   -0.276165137334   -0.960588297564
0.249713963457   0.928406074245   -0.275145593748
0.531697542549   -0.80475361085   0.263949519931
-0.789686941131   -0.583702421994   -0.188907431209
0.30609191145   -0.107995872064   -0.94585656067
0.322868280175   0.20011057727   -0.925046934226
-0.880969451674   0.420756732113   -0.216463848251
0.345903019464   0.884827400822   0.312140308001
-0.00795826608394   0.861673870329   0.507400046505
0.225230374248   0.495922092932   -0.838649245071
-0.974273033865   0.107607708525   -0.198021808267
0.855451908819   -0.494046508302   0.155306404674
-0.508669794429   -0.745249759515   0.431112324317
-0.0972474777802   -0.447795537691   -0.88883186514
-0.198613468556   0.233730029155   -0.95179985479
-0.876354507134   0.392460077041   0.279245171407
0.438811426393   0.889575944706   0.126882507332
0.382834552965   0.109060081637   0.917356857308
0.790674389033   0.474880138364   -0.386423167931
-0.477777893568   0.873266713428   0.0955695120661
0.38535686746   0.920876862039   0.0590414232761
0.771940786747   -0.286653829907   -0.567394927327
-0.505576410108   0.264226014542   -0.821326431318
0.40165658454   -0.801259941142   0.443457432926
-0.914648450186   -0.37516077288   0.150574257645
0.0457187124579   -0.466086795795   -0.883556958049
0.503153573051   0.779200643018   0.373741675288
0.647358069672   -0.0533342994857   -0.760317685003
-0.572506778612   0.624501249334   -0.531257167504
-0.429485543116   0.896179143397   0.111378234835
0.586762103185   0.183170959402   0.788770330259
0.686478260777   0.404117981006   -0.604513237992
0.462962343273   0.886287499049   -0.012662453943
0.600106259531   -0.323921897753   -0.73140076663
-0.652333002371   0.331012194919   -0.681830316745
-0.324167166649   0.896238243928   -0.302774929921
0.44147327231   -0.139746220937   -0.886325190644
-0.836670184662   -0.420984564866   -0.350364093825
0.0142772508326   0.523516757552   0.851895747537
0.0136880598312   0.851800420348   -0.52368757949
-0.99980437943   0.0191376188926   0.00499543956066
0.378517063924   0.905464547263   -0.191986421311
0.593418175436   -0.0782156100119   0.801085006359
0.710337737545   -0.417152576404   -0.566925062613
-0.0928485925601   -0.0519912034182   -0.99432190644
0.478632346911   0.87335338077   -0.0903601061769
0.873092329224   -0.484304436347   -0.0562049605014
0.273189503941   0.763756631677   0.584844682377
0.832347997529   -0.492464396391   0.254314036767
0.482249215599   0.417318374693   -0.770247407135
0.750506352939   -0.62574708394   0.212557759536
-0.394372452787   -0.165979999186   0.903836826176
-0.530292921582   -0.762162205053   -0.371346456168
0.894689401195   0.355117983553   -0.27096511426
0.345247266749   -0.16484246721   0.923921688135
0.283434648889   -0.920172906992   -0.270086321475
0.373414103988   0.0651579282543   0.925373627963
0.540593042239   0.795362858301   -0.274147927801
-0.753870724744   0.602621247568   0.261775786417
-0.438811279026   0.178831259435   0.880604361816
0.869392466557   0.332235225306   0.365754691234
-0.227159416476   0.92608808205   -0.301263113892
-0.773526140686   0.206679170545   0.59911687519
0.0914635316873   0.971839538284   -0.217168907075
-0.627129756945   -0.113188481268   -0.770646894279
-0.0847113293266   -0.85824190705   -0.506206301489
-0.688852204034   0.417513285713   -0.592592015851
0.71993515797   0.298502069066   -0.62656993471
-0.309314564187   0.809366514067   -0.499249783464
-0.460093016264   0.332089344848   0.823426428665
0.832249311665   0.484399125666   0.269663809747
0.249648246126   -0.480895527492   -0.840485124702
0.242336640589   0.871375303593   -0.426588833558
0.937522642838   -0.0971831874704   0.334075922866
-0.57056694348   -0.68251955199   0.45674984856
-0.365121953543   0.70899199072   0.603337646874
-0.735621724835   0.177475120076   -0.653730265251
-0.544068836429   0.832558122142   0.10409646719
0.678007063459   0.50933618674   -0.529984028794
-0.49426260543   -0.217769653836   -0.841594234023
-0.232932336059   0.969224017066   -0.0796701422093
0.517349221288   0.192868658795   0.833757436961
0.823463605784   0.152991781466   -0.546352637728
0.488274487941   -0.698847834015   0.522685114881
-0.832658866137   -0.55239181477   0.0392746179837
0.261279997453   -0.454395189089   -0.851620675573
-0.720133051331   0.661630936022   -0.208932747266
0.604229865259   0.450005405119   -0.657572357458
-0.341049348791   -0.599782993975   -0.723840936827
0.62045511037   0.137536924846   0.772087462869
-0.549221883872   0.778967843237   0.302596135928
-0.559813163736   -0.611794649786   0.558852868116
-0.653479869745   0.465254657964   -0.597078020932
-0.303622332639   0.561450601609   0.769796532257
0.693381236377   0.684332759113   -0.225634961486
-0.211677812723   0.868397164296   0.448418185006
0.843319868329   -0.0696034568657   0.532885502218
0.493967714818   0.490960002277   -0.717603074744
-0.485320703312   -0.869860830776   0.088351287586
-0.742502146148   0.356675096978   -0.566986276872
0.461686449771   -0.340771199308   -0.81897534262
-0.689014672062   0.592625802776   -0.417197123154
0.286956983821   0.751676746845   0.593833105921
0.665518197437   0.289442094617   -0.687974420123
0.921260429496   0.266606675577   -0.28319622452
-0.214192242775   0.955516142757   0.20275745132
0.324655054142   -0.126133982211   0.937384293847
0.904440012592   0.273084666283   -0.327739269334
0.167789510243   0.478619442951   0.861841115915
0.392217980051   -0.834474801219   0.387061832599
0.767963426767   0.603306373224   -0.215066490125
0.565166214066   -0.796291048334   -0.215656478738
-0.301362448933   0.0440679744199   -0.95249078106
-0.900444757107   -0.223819979292   -0.372966293743
-0.393904788782   0.783284668304   0.480940896343
0.184494598223   0.57997391775   -0.793468334564
0.434873946801   0.259506868575   -0.862288139519
-0.770868836163   0.602241917848   -0.207523275366
0.465452347535   0.75495752036   0.461945077499
-0.432900116977   0.872524817855   0.226490465469
0.399965012292   0.411081858425   -0.819170125564
-0.80785238606   -0.264030581376   -0.526936784098
0.839410567922   -0.467497602255   0.277192875713
-0.311835432236   0.00344659688769   0.950129877528
-0.445138811678   -0.883987620307   -0.142889207018
0.233262653969   -0.972035204644   0.0271310743576
-0.970802774231   -0.234390908929   -0.0510183825403
0.055950941092   -0.0144382389417   -0.998329118802
0.26701979837   0.690973080822   0.67175637612
0.883758530152   0.102386248387   -0.45660477059
-0.384280220233   0.715592941357   -0.583314198882
0.526926924322   0.781775804757   -0.333428564346
0.848903364058   -0.465016526016   0.251242331271
0.0413653830513   -0.415434978823   -0.90868183841
0.416887564109   0.662808272206   0.622004785501
0.848787112233   -0.52870619674   -0.00549505563289
0.325215616166   0.530240466038   -0.782994157818
-0.375210428823   -0.877445122069   -0.298843089029
-0.924877838018   0.375877212688   0.0575960565041
0.0617909285054   0.298003991147   -0.952562597636
-0.276431787384   0.742105175242   -0.610627034943
0.728473671491   0.576229742802   0.370520435949
0.626826592343   -0.342402091685   -0.699892299387
0.622876704326   0.408481295474   0.667208844707
0.771566318376   -0.179835968594   -0.610200328374
-0.12926727179   0.894875441415   -0.427186044712
0.403196188006   -0.487906141358   0.774196636006
0.773551169712   0.633724286324   -0.00348091364003
-0.488928851485   0.60028420448   0.63293558285
0.999492144898   -0.00900774869136   -0.0305665299155
0.0115178481631   0.996486033405   0.0829633919464
0.0297118067652   -0.0832733192149   0.99608371277
0.795505974652   0.542917603245   0.269092401192
0.603263327489   -0.667865695775   -0.435922894688
-0.0569526294332   0.509112844557   -0.858813431141
0.994699388407   -0.0608615971876   0.0828793864002
0.0954107995504   0.846827634247   -0.523239655611
-0.0383393535608   0.52837375395   0.848145783522
