0.362378979301   0.231309281023   0.902871802568
0.841594645647   0.335054878486   -0.423623277006
-0.400499597727   0.913364245477   -0.0732518075218
0.629533667071   -0.285949385813   0.722440524041
-0.110454235567   0.887433945133   0.447505145077
-0.769082065757   -0.36151617084   0.527085224942
0.922491157535   -0.222183021674   -0.315665597032
0.119837701466   0.942179484881   -0.312948467925
0.366945485838   0.250863554844   0.895778146236
-0.207708390534   -0.97817395229   -0.00573964832111
-0.813045299694   0.175901013728   -0.554992048605
0.543888375631   -0.110609911085   -0.831835850648
0.680409191179   0.210988761862   0.701802732203
0.251131980335   0.832540573601   -0.493770110234
-0.688459193426   0.512210831275   0.513482232713
0.282447672868   0.911832730818   0.29796708392
0.844348647853   -0.0888840731588   -0.528370118769
-0.455300640194   0.400825014872   -0.795009832953
-0.812097469661   -0.582824565966   -0.0285171014793
-0.259234749185   0.316567268818   0.912459593148
-0.522776285408   0.748398750413   -0.408171858162
-0.97493310446   0.222074014732   -0.013732217908
0.135894831371   0.545453870985   -0.827050584568
-0.176176152286   -0.808185131395   -0.561959746563
-0.754470501416   0.654366069798   -0.0507868997869
0.608242544833   0.726166208784   0.320505294614
0.24660752046   0.210921037163   -0.945884267199
-0.506976222469   0.785722522355   0.354422386024
0.861784393052   0.470342157042   0.190015565683
-0.0174002799911   0.401769054524   -0.91557569708
0.235207198392   -0.31445491177   0.919671507816
-0.221684300161   0.903920256507   0.365765281209
-0.946326394478   -0.289907361651   0.142898834055
0.252231330739   0.103202841405   -0.962147872897
0.351928231188   0.916424670126   0.19055798088
0.901402172111   -0.386671692151   0.194831020639
-0.330560036915   0.783533240365   0.526123296611
0.861360985669   0.0226278294455   0.507489146388
0.385729587097   0.620937712317   -0.682384820363
-0.630842782697   0.273238427812   0.726208059089
0.751007733301   0.450240662967   0.482981086517
-0.194999405233   0.85007300097   -0.489235245031
0.333485098911   -0.0310146835056   -0.942245073328
-0.936106090647   0.107601553655   -0.334854136459
0.111772428877   0.993710216843   0.00685048063454
0.80750704001   0.176051254837   -0.562972766663
-0.444597346756   0.808882686496   -0.384762262632
0.387641044772   0.560994434159   0.731450384681
-0.202798781474   0.505163858543   0.83885763408
0.868193324713   -0.303450253284   0.392629971737
0.452894033033   0.807915478131   -0.37704054827
0.335371736012   0.592394861635   0.732525853873
0.68811203816   -0.68510970147   0.23901154761
0.643449781741   0.423902140665   -0.637400465576
0.367353358389   -0.832558556624   0.414605547325
-0.889924979797   -0.44420819164   -0.103501752706
0.270342450262   -0.330946116871   -0.904096027706
0.440084164216   0.0991149219292   -0.892469697333
-0.876593328614   0.262926456432   -0.403055597577
0.194705070906   0.959711368464   0.202593249158
0.870637152234   0.460478310053   0.17306263352
0.155420511442   0.0762990741356   -0.984897413901
-0.466728415434   0.884385762694   -0.00513896583295
-0.41878932316   -0.248272781641   -0.873485047785
-0.604762065657   0.793804125232   0.0643261588079
0.67740559988   0.555189730327   -0.482582652599
-0.537060515955   -0.359658826637   -0.763027870149
-0.64986318659   0.753118702204   0.102420989579
0.537813946377   0.55086999266   -0.638199349944
-0.651232667728   0.757888442453   -0.0387443064252
0.697742629593   0.57791194158   -0.423288330371
-0.298414536062   -0.302692742852   -0.905166210202
0.401430462565   -0.589122052562   0.701276543819
-0.855581753942   0.032040276316   0.516675220052
-0.326853860383   -0.80740858794   -0.491180136074
0.840586800877   0.240259987836   -0.485478082345
-0.0474038871039   0.925440278054   0.375916431195
0.539598648701   -0.292976842089   0.789302140071
-0.128863535499   0.884532616911   0.448326040778
-0.162176087527   0.427211164657   -0.889488357106
-0.978311354249   -0.187330377712   0.0883980980179
0.827206131734   -0.247482951199   -0.504462292433
0.400767014741   0.889133004028   0.220971267461
0.393847452088   -0.384960634368   0.834679276411
-0.905431460714   -0.420129965955   0.0607015786895
-0.129357431041   0.136883801866   -0.982104617554
0.404302516667   -0.897080618726   -0.17828583377
-0.672383978791   0.634361748163   0.381424904185
0.721596949007   0.676564574713   0.146827175368
-0.164917034441   0.373959287504   -0.912664682696
-0.653429085459   0.575960365672   0.491223052646
0.066946569949   0.690343945847   -0.720377257556
-0.754021609138   -0.437829754136   -0.489649384096
-0.396859207599   -0.85867083401   -0.32432571308
-0.369787690215   -0.173828953201   0.912710556088
-0.840095133606   0.482149244374   -0.248540283738
0.998746929521   0.0486245219349   -0.0118417329107
0.0160158731365   -0.534722024459   -0.844876232573
-0.0474137382981   0.843627887415   -0.534830744251
0.190659249711   -0.775248342406   0.60219519933
-0.56270421262   0.416350887622   0.714153980229
-0.804371195158   -0.475017837531   -0.356854360248
-0.581224057535   -0.800308398649   0.147258486999
-0.773073740802   0.486564330465   -0.40695471935
0.254038552634   -0.350373542623   -0.901500301944
-0.723602562027   -0.237388316245   -0.648109650861
-0.439388236881   0.882580897327   0.167298944895
0.532294382385   0.405829701948   -0.742943432233
0.692138506962   0.721343478563   0.024655082961
0.363480791593   -0.377869219359   0.851526022623
0.623559140197   -0.580412300866   -0.523732335912
-0.0715201729721   -0.0908413370145   -0.993293872098
-0.648116710339   0.761195177199   -0.0229484637291
0.75817517411   0.642129078689   -0.113316599247
-0.875998916829   0.379813406295   -0.297267008114
0.355833122601   0.924998093162   0.133271589274
0.32558975195   0.0109683201049   -0.945447518046
-0.337435258791   -0.852570011235   0.39907621085
-0.401744962783   -0.252966366251   -0.880118743366
0.851315705836   -0.45730995341   -0.257155936172
-0.537784603912   0.630270972915   0.559951980527
0.707239158212   0.69878469251   -0.107297374642
-0.45891229324   0.338317091225   -0.821547961411
0.651132529237   0.160627021995   0.741771790496
0.745286311577   -0.320034103159   -0.584915794445
0.14343898754   0.933690062398   -0.328097735794
0.0298903502111   0.892843612834   -0.449373842124
-0.119052291139   0.449554506382   0.885283738564
0.9924379673   0.0270375445009   0.119732419371
-0.18148723595   0.235721376482   -0.954723947462
0.9497834054   0.29366357694   -0.108042521288
0.254899717565   -0.92638930059   -0.277180442558
0.409458646158   0.863708630562   -0.293855438235
0.693022838831   -0.0849778495935   0.715889733085
0.593348937764   -0.496775770919   -0.633364722323
-0.0256275369817   -0.997343222758   0.0681888947436
-0.304274960022   -0.0571926176172   -0.950865791368
0.952239454156   -0.0451165214549   -0.30200086331
-0.0332922061903   0.60543957093   -0.79519466482
-0.383073494499   0.727142840896   0.569664802095
0.923117720997   0.32358339711   0.207719662755
-0.103956658784   -0.173840400133   -0.979271427325
-0.387606357504   0.913838892147   -0.121077623129
0.91594449871   0.366985005799   -0.162381282177
0.300547910552   0.95353161911   -0.0211755713049
0.23751011828   -0.0963276031643   -0.966597091131
-0.923720681363   0.28547932364   -0.255424467498
0.0994086064573   0.938409472592   -0.330916289585
0.827127691105   -0.262803639644   -0.496783684914
-0.553152521073   -0.224325452725   -0.802309403965
0.520467497029   -0.402359242332   0.753140507904
0.641752964933   0.766149254105   -0.0341826335258
-0.563264339841   0.501121103672   0.656971021369
-0.391356346413   0.799384172773   -0.455878442617
0.794910605653   0.0440719545243   -0.605123782251
-0.463634920108   -0.599201641474   -0.65268679603
-0.810460072088   -0.554188410581   -0.189814849598
-0.439666415381   0.361345747169   0.822266802315
-0.387101943597   0.749869626389   -0.536514332225
-0.28743504345   -0.782492192013   0.552346870395
-0.751820018627   0.541617877615   0.37605416397
-0.593420386732   -0.307174289429   -0.74397325256
0.497073304741   -0.536008627803   0.682358322756
-0.808965794195   -0.570693213411   0.141009219521
0.313835105648   -0.62209646124   -0.717289006869
-0.0701011417455   -0.97914857127   -0.190667001093
-0.45914269259   0.201358040002   -0.865241542904
0.885592354171   0.0268889402269   -0.463684339963
-0.489660200066   0.838888956069   0.237693516649
0.695816482822   0.211685913155   0.686315158222
0.525425837492   0.501452284427   -0.687366929477
0.208329418769   0.367228140851   -0.906500052864
0.884440021799   0.324967614652   0.334905803573
0.417569995468   -0.871515657917   -0.25709095062
0.803664172281   0.461106904253   -0.376170600981
0.512816002668   -0.215943952096   0.830895876124
0.301900058958   -0.860667550454   -0.410009416962
-0.528346103696   0.663781450617   0.529381318641
0.809278367792   0.205177245802   0.550427852883
0.256746797709   0.719233260926   -0.645588567312
-0.0443090804867   0.640070804901   0.767037202553
0.825641161549   -0.408809021882   0.388833969688
0.562453000474   0.650526362526   -0.510354850978
0.221771639267   0.888297571772   0.402175041494
0.910133789651   -0.336596576518   0.24157655021
0.349962605077   0.312458267069   -0.883117209881
-0.120647346603   0.415031715071   -0.901772084976
0.964992992165   -0.164072620144   -0.204618426323
-0.232879245167   -0.894890412734   -0.3807077703
-0.814105227476   0.242583341907   0.52762297223
0.343352011958   0.933820571107   0.100441708772
-0.468339699876   0.262930529238   -0.843519686975
0.79824179304   -0.198301552016   -0.568758766361
0.468281628294   0.798202941528   0.378925297042
0.378843445827   -0.568813289757   0.730019920927
-0.926894542884   -0.017051143888   0.374934347405
-0.326597488366   0.528868499844   -0.783346788125
-0.184934007053   -0.848532479263   -0.495774187177
0.680361501354   0.721175088378   0.130440482131
0.381608144142   -0.500559445131   0.777055639073
0.625686384541   -0.478901590928   -0.615767662683
0.695158210311   0.687834587297   0.208898643257
0.447365522508   -0.641415225782   0.623258050414
0.562689214317   -0.339808900196   -0.753598539966
0.618388537614   -0.780305070839   -0.0933788679037
-0.785490318808   -0.610003658121   -0.10440544113
0.0245066441242   0.137911324779   -0.990141348945
-0.438766521156   0.320286361597   0.839583579215
0.0902356887031   0.945304428409   -0.313459818981
-0.894058980379   -0.0617752718022   -0.443669195907
0.557057178348   -0.0705553570268   0.827471595673
0.79658324791   0.327132024732   -0.508369715407
-0.234824251729   0.942341010457   0.238434458102
0.967352698939   0.133428527829   0.215465969046
0.243521342936   -0.253922784449   -0.936066544148
-0.0701862621211   0.957977060007   -0.278125585142
0.377514414577   -0.901511512391   0.211565261357
-0.89149814727   -0.415621738546   -0.180248783245
0.250427474931   -0.120563524641   -0.960599040352
0.377104570432   -0.845594263439   -0.377839231153
0.0841621890041   0.437557294892   -0.895243173461
0.922338803749   0.305800515575   0.23617191995
-0.0397649187445   -0.862388786694   -0.504682406887
-0.161111660864   0.5040068024   -0.848540026085
0.98613476968   0.0475680955935   -0.158982679279
0.819555943453   -0.515123557763   0.250949747536
-0.572696223298   -0.722147690637   0.387971324621
-0.0186303883993   -0.461682177634   -0.886849747975
-0.237435152639   0.194053983352   -0.951823302844
-0.790186438035   0.531330285701   0.305439880569
0.565004372936   0.824640029978   0.0271823384041
0.294115218597   -0.161047359175   -0.942104020951
-0.735405312935   0.591457223752   -0.330692271122
0.610471345681   0.790089931954   0.0555214870831
0.410262635104   -0.906165555113   -0.102706168089
-0.791190811917   -0.29765615166   -0.534245182025
0.453543459191   0.300441012688   -0.839067058417
0.558725149671   -0.711825552534   0.425594395974
-0.824307055745   -0.533151359518   0.190440294302
0.0913459631006   -0.457224245424   -0.884647898557
-0.50684701121   0.271567312338   0.818142592765
0.19131945458   0.960849558685   -0.200412055213
-0.840537312394   0.0549483434215   -0.53895983712
-0.434155530104   0.89879669437   0.0606092226506
0.601371625143   0.239078238184   0.762360652513
0.670716888227   0.367431759946   -0.644307968002
0.452511826693   0.890763120695   -0.0421201794051
0.582475927886   -0.331005233866   -0.742399709447
-0.675244281824   0.311410658076   -0.668631858275
-0.44960884017   -0.520515337269   0.725889574597
-0.885186113549   0.150858344508   -0.440099198219
0.119571883073   -0.840419861474   -0.528580193744
-0.0214031999029   0.145998200767   0.989053299073
0.323462100337   0.937083504438   -0.131326978783
-0.945999034185   0.317110439884   -0.0672814702368
0.290654636795   0.875657864472   -0.385672382337
0.721755215414   0.06397290357   0.689185661945
0.628163427089   -0.47867606165   -0.613416609549
-0.0857479516304   0.0315467998443   -0.995817296602
0.430193852348   0.902697019087   -0.0084463681143
0.898654849313   -0.429118737824   -0.0909756596838
0.279749979481   0.798846037835   0.532526954074
0.859758057387   -0.455298511011   0.231342492054
0.427265762423   0.393126282136   -0.814184066753
0.72514136508   -0.674824521489   0.137046947605
-0.330265351632   -0.166195912309   0.929141386573
-0.604230749103   -0.719020711752   -0.343386688602
0.951556480031   0.212937417694   0.221806044683
0.269582140865   -0.23085040915   -0.934897618952
-0.147870668621   0.949402835861   -0.277071327677
0.37846474038   0.208910970093   0.901732026083
0.401581697004   0.840675827399   -0.363312942046
-0.83396437629   0.499620215565   0.234271336868
-0.436066823007   0.270657544752   0.858248343629
0.846749628218   0.446346795059   0.289464342628
-0.304730689275   0.85294726215   -0.423816204273
-0.764100617187   -0.244405366267   -0.597006083515
-0.149068725433   0.967299680001   -0.205206832656
0.627637444639   -0.067803731538   -0.775547478931
-0.308094042505   0.768487436945   0.560807560782
0.563149408303   0.622429123288   -0.543548277902
-0.766772981332   0.14835445979   -0.624539950171
-0.319999735959   0.3750579919   0.870018201935
-0.753744405328   0.455572898771   -0.473627179692
-0.573994373163   -0.807331924686   0.136914655751
0.242618129152   -0.596778920379   -0.764847281226
0.424025465614   0.774340263603   -0.469680274947
0.872547332766   -0.210361774939   0.440918445664
-0.629149356275   0.584631237506   -0.51222788252
0.294908725624   0.789263823543   0.538601392867
0.719166135917   0.187800247548   -0.668977679726
-0.375479731519   0.839053782225   -0.393705120303
0.395588481273   -0.239066371013   -0.886767739453
-0.838167480103   -0.48870852334   -0.242155434614
-0.223598159791   -0.971702091024   0.0761505695103
-0.505999258558   0.182500233406   0.843005584291
-0.83304778571   0.14996236563   -0.532487253949
0.756343653318   0.642764810342   -0.12164570141
0.569700485767   -0.738586872537   -0.360459135316
-0.32153636591   0.203329364092   -0.924808918153
-0.404743609673   0.823742806534   -0.397026950108
0.754071440115   0.0550649860491   -0.654480030646
-0.517260933796   -0.564283294095   -0.643448125628
0.665272556698   -0.109320313192   -0.738553650338
0.554427884615   0.73485176314   0.390643836469
0.500022145575   -0.669359361878   0.549486941247
-0.639355605589   0.603559993566   -0.476381930565
-0.309803043453   0.36483287846   0.878019957097
0.703737510631   0.708951553324   -0.046273223033
-0.764698275774   -0.446401663272   -0.46471722806
-0.393451710577   -0.247683985701   0.885352130325
-0.510325678829   0.859871035827   0.0137660187835
-0.441181755301   -0.896274294544   0.0452884944388
-0.796746096501   0.367967598993   -0.479369902895
0.412982222983   -0.247572686359   -0.87644363679
-0.726891551691   -0.54441760081   0.418614557809
-0.177430182474   0.737738922022   0.651352295829
-0.663435906797   0.399187623634   -0.632852304025
0.932101606832   0.232446890066   -0.277767956829
-0.172702830174   0.959334839763   0.223272026164
0.318371366476   -0.160140902072   0.934341781412
0.855316776876   0.337927733318   -0.392731534575
0.173529337527   0.527386355444   0.831715817518
0.488181093666   -0.779530935337   0.392442022012
0.712583167731   0.701357077174   -0.0179855321095
0.690081648322   -0.705290196469   -0.162336247996
-0.126540695889   0.10326659219   -0.986571570248
-0.929097779195   0.244061658933   -0.277869075885
0.223031467002   0.969091443399   0.105445431659
0.295015730803   0.0359955687516   -0.95481413773
0.450029862289   0.201428638554   -0.869999785413
-0.753678006543   0.608235446637   -0.249036350574
0.479001655008   0.767773498517   0.425536449056
-0.46611199839   0.849746274726   0.246314582488
0.364643443912   0.438175877041   -0.821606389697
-0.806086077146   -0.293143598547   -0.514093441761
0.827807548572   0.315652695127   0.463786630452
0.485827864636   0.0100615737147   -0.873996596491
-0.280545804584   0.948821448321   -0.145023828169
-0.990713997199   -0.110860250767   -0.0787132806713
-0.122033380787   0.469788651024   0.874303424071
-0.0599468908949   0.875790287779   -0.478954843491
0.276568090831   0.492484645799   0.825208437176
0.954039533897   -0.0375860056891   -0.297314412596
-0.115406494164   0.869509152239   -0.480244911765
0.481023002209   0.830746245696   -0.280138441862
0.867266607268   -0.404128420688   0.290738458944
0.128317977163   -0.382806602418   -0.914873544203
0.520844437405   0.704982329737   0.481374061187
0.830137084194   -0.549729098278   -0.0931146602435
0.19898113848   0.448104712389   -0.871555318534
-0.0937830477956   -0.964955090116   -0.245084503807
-0.993239975596   0.107595734769   -0.0435604033306
0.0684038801888   0.239342499192   -0.968522626094
-0.248206310593   0.82228503617   0.512094665733
0.659688899256   0.530591942238   -0.532243127745
-0.70936886285   0.205717063276   -0.674148578799
0.518299429917   -0.600106772145   -0.609292674314
-0.77202258671   -0.0218361841202   -0.635219888443
0.367895129836   0.799621812539   -0.474613664315
0.414245197036   0.29808957359   0.85996716382
0.119375548052   0.918890886275   -0.376017310304
-0.902302829021   0.258422416284   0.345061530024
0.999037179565   -0.00338379659545   -0.0437408706661
0.00803845656212   0.994260753039   0.106681480037
0.0431288425781   -0.106930374017   0.99333065897
0.836095795339   0.512540790965   0.195565228535
0.53737955191   -0.6935290884   -0.479833951208
-0.110304298215   0.506279903946   -0.855285695341
0.989661306188   0.00103352796345   -0.143420468743
-0.0775360253741   0.845109240185   -0.528940957881
0.120659288095   0.534592652376   0.836452050163
