0.22651816948   -0.82921738292   -0.510967759021
-0.155214216861   0.487168818105   -0.859403915252
0.961560224728   0.273980062284   -0.0183537377927
0.697838797104   -0.255581912483   0.669103055791
-0.204356459036   0.824294005626   0.527994157107
-0.686483394487   -0.505190338685   0.522994522717
0.89669219608   -0.0980457626997   -0.431659743207
0.142310607699   0.987244648708   0.0713841336251
0.419154859718   -0.125439355921   0.899207524191
-0.688649644722   0.648202914256   0.324953302452
0.702124837435   0.708027133192   0.0756193845587
-0.181059049711   0.280233046968   -0.942701999523
0.730065621822   -0.668245559625   -0.143010698464
0.457385950195   0.633301212378   -0.624281720832
0.507742336621   0.390355538506   0.767997573668
-0.281032560294   0.859691732945   -0.426556941522
0.792434054061   0.458592685549   0.402170385191
0.541358448736   -0.224995273434   -0.810128481732
-0.656944205244   -0.737015009902   -0.158849571532
-0.450255389865   0.214528224262   0.866745478726
-0.60472671108   0.640926295431   -0.47277805441
0.466542112554   0.864352621603   0.187704562389
0.833820066712   -0.500595162111   0.232698474469
0.295097532288   0.0479481928668   -0.954263285073
-0.82283535648   0.544317060998   0.163281699016
0.554098029812   0.832259524806   0.0178733524521
-0.126163978556   0.105180894066   -0.986417573869
0.589192071963   -0.802761714696   -0.0917950529996
-0.800156823241   -0.563916109194   -0.204322490225
0.112257563473   0.193835629361   -0.97459016424
0.918335350719   -0.363606229057   -0.15636717626
-0.0908499435249   0.190873491174   -0.977401451876
0.385235605029   0.911788254234   0.142252269085
0.175130625227   -0.226137947241   0.958222778338
0.492646468403   0.862786142325   0.113576096881
-0.852425199814   0.452174414834   0.262506337622
-0.398794536281   0.615176735624   0.680088598477
0.729952953052   -0.235962563278   0.641475139862
0.555096031478   0.752249461733   -0.354949493816
0.674525886513   0.668786710116   -0.312632635526
0.730386589692   -0.542899511674   0.414482267199
0.107472126721   -0.507921703214   -0.854672618833
0.293170654257   0.591695061559   -0.750964660692
0.72290967685   0.376837193574   0.57913325639
0.625661702999   -0.712664495864   -0.317264479157
0.77251220109   0.145346437146   -0.618141822219
0.0898213285178   0.93865239095   0.332962186901
0.628615166943   -0.312739671567   0.712065214512
-0.312344207946   -0.570565390991   -0.75953685254
-0.882739636887   -0.121108905882   0.453986086113
-0.351015425916   0.812273209899   -0.46583302078
0.651809523666   0.647312621389   -0.395133793859
0.684156448368   -0.726702609859   -0.0619134151882
-0.327222094326   -0.229977579375   -0.916534786012
0.141580070761   -0.864952585176   0.481468699877
-0.783707182659   -0.395074409402   -0.479290374288
0.604779410539   -0.309472513212   -0.7338042165
0.492692389919   0.306711360654   -0.814360086302
0.713232497469   0.393818593492   0.579833010421
0.498551515362   -0.866507389851   -0.0247250857395
0.476447094858   -0.278903384964   0.833793180385
-0.69000830982   0.469110175079   0.551202481867
-0.544873102824   -0.837943044301   0.0310605268222
-0.565213808448   -0.150207596147   0.811154133811
-0.382379199442   0.918976876188   -0.0962686286686
-0.7309716127   -0.364580826555   -0.576854680431
0.797892022724   0.57140099235   0.19201360893
0.54004932343   -0.536086039897   -0.648813136496
-0.267796654826   0.621379645441   -0.736323494054
-0.181423412699   0.815224117953   -0.549995620739
0.703975587537   -0.282852192862   -0.651469883529
-0.686661428563   -0.505375379793   -0.522581867292
-0.0462737770904   0.651403310978   -0.757319261607
0.827503291292   0.449664752156   0.336214088892
0.559550748775   -0.611126285734   -0.5598460703
0.847458431466   -0.12558388445   0.515793461478
0.303392398953   0.91187948041   -0.276457710082
-0.435622840533   0.390774232995   0.810881150128
-0.0289917810185   -0.503536157585   0.863487588005
-0.572509842514   0.716488830444   0.398592819897
-0.819385109004   -0.482799227272   -0.309051693554
0.83682129472   -0.199426119997   0.509862082691
0.00770799673012   0.935494895679   0.353256120888
-0.547421873412   -0.291682229183   0.784379225687
0.690809972904   0.626390741794   -0.361131859479
0.703614499834   -0.697383348071   0.136319849828
-0.166457853404   -0.348268724447   -0.922496980273
-0.792106139485   -0.490796760248   -0.36288621346
-0.560822606891   0.819867473816   0.115305372724
0.24092709974   0.294848885888   -0.92467197811
0.778433480003   -0.568898579095   0.265321925054
-0.589642927511   -0.517697437137   0.619927884208
-0.215319611851   -0.639017816876   -0.738440041214
0.117566580028   0.983392350784   -0.1382663505
0.915365808876   -0.0533231440717   0.399076531817
0.385076012238   -0.173482352781   -0.906432754302
0.932048434719   0.360816702102   0.0331213348586
0.152767557787   -0.474215127595   0.86705368118
0.328554087825   -0.803076160924   -0.497112553784
-0.226233063382   -0.290960583398   -0.929602355818
-0.457125711337   0.87444103447   -0.162446795197
0.860148059969   0.38819430205   -0.330833037632
-0.891070354647   0.379981243056   0.248209343086
0.396303778924   0.38484876581   0.833567479131
0.221216947542   0.841133569881   -0.493515328779
-0.338364696935   0.618263204602   -0.70940816298
0.836955039918   0.54232126083   0.0734432516187
0.430134389493   -0.568892133789   -0.700960874149
0.954371758605   0.295429293717   0.0435439868551
0.209589372338   -0.558805401866   -0.802376979884
-0.212713049389   0.77489228623   -0.595226934337
0.404132382097   -0.872003529523   0.276200764371
-0.112453496745   0.252302023737   0.961092035077
-0.907761658592   -0.419468155307   0.00390357179225
0.929524078975   -0.326942713049   -0.170568018659
-0.361713782321   -0.898360615383   -0.249221476619
-0.0717504444911   0.293354166688   -0.953307508941
-0.202208633519   0.55702631528   -0.805501925892
0.939440200449   -0.122060167538   -0.320239637275
-0.276701605184   -0.821476110174   -0.498611293596
-0.717047743775   0.188382031585   -0.671084751222
0.599822329865   0.657183002368   -0.456424883189
0.35504324489   -0.729810051708   -0.584227338185
0.412188611516   -0.91045442086   -0.0342534096423
-0.211036034182   -0.131980258717   0.968527234303
-0.886320676061   -0.391987192195   -0.24653944987
0.0196852769133   0.877979554476   0.478293206929
-0.168706541505   0.474443130795   -0.863968644393
-0.985469732019   -0.0636837307573   0.157460438557
-0.456936377324   -0.346561892944   0.819209375823
-0.529632337192   0.845925496464   0.0624471122812
-0.714631887393   -0.405345419107   -0.570084517182
0.70288303685   0.472084392443   0.532063683144
0.707437743332   -0.38605938026   -0.592021954172
-0.0740761487749   0.792524120343   -0.605324906853
0.0409937889664   -0.998845660768   -0.0250370771114
-0.377993406241   0.00769223089662   -0.925776330666
0.924900261706   0.0474149295891   -0.377241739933
0.728692101162   0.411663463896   0.547303402325
0.4874389127   0.249593961897   -0.836723467204
-0.481052105379   0.876490756755   -0.0187836427075
0.27022058168   0.68935959121   0.672134057494
0.449078620017   0.527270426654   -0.721328143233
-0.851650885211   0.496758745452   -0.167097332523
0.732672248862   0.630163686161   -0.25707023241
0.522883339874   -0.279422992767   0.805304789502
0.435642500945   -0.724442212849   -0.534227565382
0.269269624263   -0.957249798217   0.105672575733
-0.911558449826   -0.288732601632   -0.292736532235
0.310733104126   -0.0175016732817   -0.950336061313
0.701103457998   0.531021604225   0.475888639316
-0.0531210380079   0.704431593901   -0.707781240805
-0.711078122645   0.470948176938   0.522087845228
-0.580443761453   -0.803557160402   -0.131836754193
-0.805538895998   0.542937051602   0.237331930074
-0.119130713189   0.243957471629   -0.962440972326
-0.96949713167   0.228940446402   -0.0875304728962
0.209986464344   0.960015614113   0.185136991041
0.126415966065   0.161109567254   -0.978806779126
0.120072041201   0.944458309658   0.305910454611
0.742851514017   0.11894597346   -0.658804586748
-0.65860028321   0.306350055844   -0.68731019943
0.703430930344   -0.367374379752   -0.608457879673
-0.608863032138   -0.753124099357   -0.249178448232
-0.366702514759   0.545747337208   -0.753451464661
-0.404591088578   -0.335137225947   0.850875484914
-0.774865560765   0.619777624576   -0.124334463506
-0.485684479661   -0.709618725697   -0.51044279832
-0.615902332802   0.756447466394   -0.220117121179
0.64115985618   0.318925890061   -0.697997360648
-0.457797286222   -0.57102846447   -0.68143094844
-0.10451066039   0.705190736883   -0.701272804606
0.355925002735   0.684951558145   0.63573481533
0.928652203084   -0.183159459514   -0.32257975463
0.156357918493   0.950168835063   0.26968757146
0.244092389647   0.227403799988   -0.942712266319
-0.957063794447   0.213229211475   -0.196372596695
-0.847194171704   0.422938597581   -0.321535345037
0.531282826652   0.673547282568   -0.513879962881
-0.000770412926703   -0.606182316488   -0.795325345781
0.39378540395   -0.893955038585   -0.213956641926
-0.919013128524   -0.378167291098   -0.111374905362
0.0186527541309   0.240486774963   -0.970473176255
-0.568034340813   -0.822579723345   0.0264496956164
-0.814396604421   0.557166532755   -0.162245571542
0.118723032154   -0.113701598579   -0.986395857715
0.358047079335   0.796644995188   -0.486989774659
0.921073469901   -0.215860048199   0.324080395327
0.153055388746   -0.564589400568   -0.8110566298
0.224157522356   -0.682184561157   -0.695972434576
-0.966381269596   -0.247881234787   -0.0682798302208
-0.125939060446   0.687880162499   -0.714814825738
0.849604582915   0.434127862267   0.299508016409
-0.191834931974   0.783338251029   -0.591253366459
-0.491295645782   0.444875469854   0.748808656973
0.950861476091   -0.304157852737   0.0578831055197
-0.306167225513   -0.895861980357   0.322013885063
-0.046087778292   -0.323912507893   -0.944963810906
0.840611629414   0.275008716298   -0.466628647271
0.527001382388   -0.614201022797   0.58738968884
-0.125066508125   -0.739680545611   -0.661234496219
0.631383088906   0.751539904655   -0.191162670923
0.529078009892   -0.597703440229   -0.602351273749
-0.566949604896   0.279174442328   -0.775003081451
-0.92458776291   0.318725952309   -0.208689328912
0.379890016407   0.812537176787   -0.442116400705
0.0286538672937   -0.488054406458   -0.872342737819
-0.316058083766   0.936255268649   -0.153405865638
-0.290433486623   0.0584513257545   0.955108283058
0.903191938369   0.346423894158   0.253445868031
0.632529889836   0.733258371043   -0.249475649632
0.0510194629102   0.281952485   0.95807087974
0.772853771983   -0.618736581671   0.140932926011
-0.29276793608   0.313355402247   -0.90337994636
0.0293760196147   0.947278379454   0.319062253001
0.955732172251   0.0668734902681   -0.286537870488
-0.915618685816   -0.392694768655   -0.0862162447363
-0.395815109949   0.918066982513   0.0219866858685
0.070518231128   0.05425711281   -0.996033807051
0.0782509555167   0.499650200174   0.862685612159
-0.0648207304313   0.866057892328   -0.495723713416
-0.994824135648   -0.0171290572657   0.100157548543
-0.0236602686855   0.8130416395   -0.581724577549
0.33960084127   0.553822202302   0.760231699448
0.940272013991   -0.179566869651   -0.289213206872
0.800405850236   -0.599186967569   0.0180403105048
-0.522511258821   -0.682598068558   0.510922558913
-0.293823857631   -0.418371670523   -0.859437424127
0.27973935875   0.375086105381   0.883773899092
-0.894396731733   -0.232808763353   0.38190910695
0.348999108066   -0.897279495618   0.2703500126
0.615540893277   -0.0249843516568   0.787708823663
-0.762338130592   0.234611360143   0.603156765972
-0.199874919261   -0.971768126594   0.125366362259
-0.722475713151   -0.610080972513   0.325315309945
0.317111865923   -0.710504870453   -0.628190173079
0.614384983864   -0.35069079834   0.706786428536
-0.820507770554   0.358571050961   -0.445189622378
0.481456080725   0.85333649842   -0.20004215255
0.308167228617   -0.378475391375   -0.872805440708
0.885841531778   -0.461354911458   0.0493601686597
-0.276849991268   -0.440189979953   0.85415857069
-0.372342400099   -0.770314498904   -0.517664669324
-0.436896461632   0.469594825763   0.767204132829
0.835678724958   -0.103670235569   0.539345483813
0.332810081677   0.87677430498   -0.347137246144
0.216169766526   -0.976092587636   -0.0226691949924
-0.605160402011   -0.11572883747   -0.787646953918
0.76619287381   0.183983957289   -0.61570965851
0.0417029841359   -0.994512027173   0.0959514925534
-0.853761269023   0.0144141155644   0.520465108138
-0.518991865669   -0.103624616195   -0.848474738744
0.185881866806   -0.279174224422   0.942077323796
-0.573904443761   0.747393298451   0.334719205995
-0.797547253161   -0.60288059336   -0.021292466425
-0.19380193218   0.430765048185   -0.881409260415
0.917861293755   0.396823066393   -0.0078803175774
0.346368960084   -0.810538664865   -0.472287641432
0.360543195307   0.320443240016   0.875970738236
0.770561133805   0.426863764958   -0.473310537844
-0.525589329598   0.845637898922   -0.0930182805684
0.597568320004   0.596040109675   -0.536328528596
0.661482404012   -0.744495891388   -0.0903708851818
-0.453159058289   -0.3007691064   -0.839157203702
0.834956324675   -0.422388879843   -0.352754263008
-0.475280317031   -0.230354451136   -0.849143949566
0.277410447042   0.876655269206   -0.393089026616
0.960258065801   0.234481097215   0.151403639697
-0.0937259351454   -0.240056481922   0.966223749744
0.262906630091   -0.942014596774   -0.208539212903
0.32953692823   0.156862481132   -0.931020716711
0.487321574656   0.816333440942   0.310028056915
0.808655115489   -0.555872175246   0.19256954323
-0.567458671556   0.0344415377693   0.822681248451
-0.734324894748   0.430829692696   -0.524550021299
-0.372501818827   -0.901775779431   -0.219186766487
-0.724359517328   -0.338895785058   -0.600377328458
-0.273592123176   0.940636960447   -0.200871747083
0.632811693786   0.0187551462383   -0.77407855202
0.171516265146   0.672036657588   -0.720381080851
0.915689621262   0.161010723074   0.368222846342
0.36344832962   -0.722801686435   -0.587761034591
-0.318250594663   0.253893048022   0.913375541145
-0.0244380761336   0.960952225984   -0.275633089107
-0.947691584552   -0.11004153553   -0.299618959725
0.964231664024   -0.00473371353248   0.265018659814
0.258803389749   0.232785094816   -0.937460348541
-0.0572547251149   0.972516679336   0.225683860443
-0.534427511733   0.819746136484   -0.20592111699
-0.197408320824   -0.357953360577   -0.912633193852
-0.821837690528   -0.447085744988   0.353124832115
-0.8982310723   -0.348380667768   -0.267977333147
-0.356723547931   0.934025417973   -0.0185695700271
0.256766919806   0.0789140602475   -0.963246240578
0.0749571192345   0.172742748198   0.982110672593
0.853283879227   -0.520774189111   0.0264738627397
0.516031056942   0.836034800054   -0.186434335278
0.150009815871   -0.953157941255   -0.26265375338
-0.818813043201   -0.268662179683   0.507312362842
-0.554113937225   0.138962484974   -0.820760118636
-0.106310139286   -0.994305132617   0.00744698165155
-0.988602093754   0.106497387243   0.106415256124
-0.106602319441   0.00395091904784   -0.994293888007
0.528403364148   0.28230063471   -0.800684854608
-0.0682009791808   0.954165363411   0.291405363208
0.846249674266   -0.0993720831503   0.52343736769
-0.634118249815   0.156027653275   -0.757330454072
-0.452418774704   0.719414404622   0.527029569111
0.627065624593   0.676829584043   -0.385603963436
0.443043611556   0.672078247417   -0.593315419999
0.650091791534   -0.696569024624   -0.303598841424
-0.617327320665   -0.251201957163   -0.745523008282
-0.815675815315   -0.442899191251   -0.372173710381
-0.577226221226   0.665908575838   0.472626340945
0.0385078412759   0.600338300472   -0.798818547072
0.664598268178   0.737407309311   -0.120580272473
0.64825278315   -0.488778175023   0.583835785782
0.37158777035   -0.466182749355   -0.802867469219
0.995236769857   -0.0185812822066   0.0957000933952
-0.0238594629598   0.905385977354   0.423918574773
-0.094522473262   -0.424182705873   0.900630076162
0.933922951021   0.30738185507   0.182494703291
0.033956520485   0.43192077919   -0.901272098325
-0.35585794395   0.847915582872   0.392943110451
-0.867609982733   0.492895718631   -0.0656256688877
0.466076674164   0.852103713912   0.238100387521
0.173278537801   0.175991679611   -0.969020885763
-0.820425680743   -0.30014828988   0.486634058056
-0.571283925458   0.395861901806   -0.7189770728
0.0231598551577   -0.867873469338   -0.496245163531
0.409438244669   -0.843663973775   0.34726275809
0.457685040906   0.519207487143   0.721767267632
-0.789230465158   -0.136582153477   0.598715782503
-0.698023699931   -0.474184817526   -0.536574014618
-0.242583934139   0.86160860336   -0.445851600327
0.673732847078   -0.181050748258   -0.716452843754
0.930144582623   -0.350662827004   0.108934095561
0.0650050664846   -0.134728445485   -0.988747989787
0.361393686648   0.926759854404   -0.10252207331
0.678185011154   0.734856146758   0.00717873377115
0.733191932797   -0.677248481776   0.0613521280246
0.0499467749432   -0.03634470394   -0.998090367736
-0.26191026211   0.284433915325   0.922225765426
0.861919015899   0.498825040264   0.0909350825482
-0.434164283002   0.818700755477   -0.375806397427
0.789620568991   0.566880824278   -0.234830764788
0.433250473054   -0.786101528302   -0.440838309132
-0.434503607147   0.246354456558   -0.866323321347
-0.45735728571   0.844792226742   -0.277759620617
0.831271722424   0.517096593751   0.203956946999
0.315929797117   -0.137612522569   -0.938749783982
0.778801209839   -0.369548428655   0.506855634705
-0.478660947044   -0.87234945233   0.0994491367213
0.405403963139   -0.320063106119   -0.856275209715
-0.0145985355979   -0.959075480238   0.282773948524
-0.668966301848   0.219556332264   0.710126118344
-0.743149358978   -0.178799441185   -0.644794378141
-0.38334019838   0.466494296503   0.797140742677
0.314936234248   0.877368714151   -0.361993518985
-0.868254260377   0.112281836285   -0.483246653974
0.349645643728   0.281187583273   -0.893689804594
-0.0250749458277   0.956364829419   0.291097166152
0.936546406172   -0.0793716326099   0.341439559839
0.999999711607   0.000389910703183   0.000651733502494
-0.000388874550496   0.999998661589   -0.00158921241791
-0.000652352281138   0.00158895851702   0.999998524823
0.752737791533   -0.576033093793   0.318703140952
-0.354072399985   -0.762380393794   -0.541672290899
0.554994191651   0.294893217986   -0.777829953922
0.87406137336   0.149293883703   0.462307313255
-0.0866363740932   0.984257561153   -0.154049316773
-0.47802808943   0.0945959280462   0.873235796399
