0.362119513109   -0.276226382339   -0.890263131847
-0.825374861025   0.348803605129   -0.443950879981
0.433157935415   0.895564085227   -0.101681720274
0.606588938696   0.448769490223   -0.656243707853
-0.106099785846   0.863759975095   0.492606882683
0.787903988373   -0.229182569295   0.571561593388
0.922203657151   -0.230820524872   -0.310261663818
0.129202190703   0.940128866621   -0.315379942394
0.364482110198   0.250758049611   0.896812796464
-0.159772105035   -0.986760321264   -0.027873694274
-0.830187449056   0.149590603357   -0.537039524445
0.534098936417   -0.0626635441623   -0.843096439532
0.670061737842   0.210763304998   0.711755643986
0.25976579911   0.831640037682   -0.490812160951
-0.69536968376   0.513764223152   0.502501070562
0.327784414508   0.92789533963   0.177672778724
0.773628723379   -0.155678955217   -0.614217112482
-0.54226928363   0.338783561579   -0.768875622214
-0.826255403727   -0.547362546359   0.133027255308
-0.356180738085   0.690631227487   0.629415434699
-0.436391211677   0.472676158128   -0.765597779456
-0.973285268869   0.229281436068   -0.012075118126
0.140864327783   0.554775463808   -0.81998867426
-0.181309201535   -0.799783850694   -0.572252361819
-0.735102144371   0.677883472892   -0.00994155526666
0.614094717033   0.671999055954   0.413890018374
0.287249918804   0.298146383472   -0.910272606514
-0.439906192876   0.809215552894   0.38942615529
0.897493658416   0.380975669484   0.222177119353
0.0314272902517   0.447244595513   -0.893859383355
0.220643140829   0.178380331609   0.95890409411
0.320374327555   0.915329486179   -0.243992258022
-0.921236611653   0.361043472488   0.144812693935
0.245327705111   0.0312402907525   -0.968936716891
0.376021071063   0.918167100046   0.124809176383
0.893544890435   -0.394959770896   0.213504819973
-0.321547886614   0.79806458519   0.509607569095
0.871290047147   0.0386417641326   0.489244793336
0.370756807565   0.601331632238   -0.707770907649
-0.620424573587   -0.772290038836   0.136533674984
-0.210577581802   0.331740040377   0.919568174554
-0.755467028091   0.541771761469   -0.36844664192
0.204159909795   0.942596881773   -0.264253381634
0.0567129994923   0.258097016161   0.964452987935
0.977293388354   -0.211889236917   -0.000764432939512
0.799973393434   0.415503778436   -0.432896269219
-0.121164195231   0.81844845272   0.561659476938
0.587674916593   -0.396861109642   0.705081167002
-0.198493804015   0.497273115672   0.844582534864
0.867253066757   -0.312328929135   0.387714789796
0.456587700194   0.809425776989   -0.369266277335
0.306159455071   0.607306941533   0.733106177055
0.708578636659   -0.6596547319   0.250543310331
0.635753650198   0.442757172101   -0.632284257919
0.449841611569   -0.781313939502   0.432655812906
-0.842283599843   -0.532228617549   -0.0853875640622
0.29698629924   -0.326008016162   -0.897506496613
0.440298733668   0.139750268495   -0.886908612872
-0.883386857133   0.244024928138   -0.400099356526
0.160513818022   0.959646652109   0.230897417311
0.862623049453   -0.133913122082   0.487799908043
-0.483190382336   0.0672366727688   0.872929713238
-0.149694786051   -0.988709515262   -0.00670562895948
-0.362660484776   -0.249162092648   -0.897995336496
-0.702807340878   0.705920730555   0.0879645598003
0.611996090176   0.663018984464   -0.431122502138
0.645246345375   0.760306005531   0.0747792199253
0.430284266144   -0.442549844491   0.786768762376
0.631278547148   -0.47548334681   -0.612701381439
-0.713956046508   -0.562883800771   0.416447584317
-0.680426770048   0.417436046351   -0.602301052472
0.165185272514   -0.713378562922   -0.681032195794
0.499075094287   -0.527906349589   0.687196432126
-0.83092942106   -0.0664783988139   0.552391998229
-0.245927524849   -0.846696822101   -0.471830630594
0.847843543796   0.00742789817304   -0.530194446945
-0.209192742231   0.923482950419   -0.321586126696
0.487236823158   0.383567551566   0.784522919707
-0.0720787148482   0.940692345557   0.33151556506
-0.172561005766   0.31560636171   -0.933067695153
-0.982358060055   -0.124460979667   0.139578316316
0.833679630854   -0.261284078217   0.486527392414
0.415982499891   0.876567982268   -0.242047789179
-0.363231101207   0.404177192494   0.839466475914
-0.911830784132   -0.409868514397   -0.0239253425251
-0.162200199761   0.306086321324   0.938084356066
-0.37716802132   0.859254889311   -0.345579685296
-0.881844762156   0.222245743096   0.41588056595
0.456884427349   0.620887082293   0.636989678949
-0.116646626632   0.751735366148   -0.649066640475
0.470214692608   0.881850235552   -0.0351895568704
0.580933624437   -0.279253104631   0.764548119841
0.664390146566   -0.37994455597   -0.643605366303
-0.416573747359   -0.864505174386   -0.281242095839
-0.382865629862   -0.113756949453   0.916773290362
-0.824548496137   0.489581617212   -0.283601159389
0.998996025291   0.0267961534897   -0.0359013594456
0.044685525849   -0.539052370783   0.841086051087
0.00318515799946   -0.841845893089   -0.539708576046
0.192486652791   -0.759816951812   0.620988798801
-0.593139267823   0.414050307668   0.690469515392
-0.781751045707   -0.501239007319   -0.370978112667
-0.51213091532   0.838027062558   -0.188235405792
0.857423439758   0.485940343962   -0.169372450723
-0.0504675195211   -0.248138317338   -0.967409119733
-0.734965469672   -0.214239425871   -0.643371764062
-0.434422108746   0.877270418139   0.204142217316
0.520675705044   0.429532399081   -0.73783380806
0.627757007682   0.778375647913   -0.0072450011373
0.404981535676   -0.318639193477   0.857005846037
0.664763939355   -0.540925517161   -0.515255751852
-0.0689376761761   -0.205241545727   -0.976280443679
0.849794081951   0.500547052554   -0.165235185297
0.522587423389   -0.84102827306   0.13990650031
-0.892721012383   -0.329960344309   0.306880050235
-0.304337837868   0.943735779941   0.129388013748
-0.332306597123   0.0221121876497   -0.94291217866
-0.311827445999   -0.512362605365   -0.800155112803
-0.89717787553   -0.118455028798   0.425488267537
-0.312786674238   0.850560383968   -0.422742864687
-0.472113710552   0.593743700984   0.651595781026
0.822290559321   0.563017694484   0.082760568808
-0.317721387949   0.574873458458   -0.754038212825
0.652516335953   -0.746018645298   -0.132960942319
-0.174800086741   -0.318914708936   0.931524738319
-0.737338023561   -0.584593524847   -0.338501181265
0.0136265565085   0.880460496109   -0.473923656035
-0.108633579561   0.472465721874   0.874628427989
0.99398846188   0.0395658494956   0.102085656211
-0.159069338632   0.401401434068   -0.901983278246
0.904218355516   0.426007086499   0.0301185624038
0.396340902577   -0.810798896756   -0.430719210116
0.367308177365   0.884316488941   -0.288217019325
0.686847874024   -0.048946189208   0.725151203895
0.627156041819   -0.464315213998   -0.62536923594
-0.317983781897   0.944760677941   0.0794580132301
0.033012773842   -0.0727238834712   0.996805594655
0.947521224677   0.319591142226   -0.00806415509529
-0.0418142654461   0.65852812868   -0.751393552635
-0.45785134848   0.655810503099   0.60023722537
0.888044880567   0.369125029985   0.274085757269
-0.0855482696291   -0.106783080476   -0.990595208593
-0.501858829102   0.863517962551   -0.0497437835684
0.860708550681   0.492883456889   -0.127462499226
0.245209175477   -0.49757318884   0.832041694874
-0.929337708245   0.123737527997   0.347879933597
-0.276050510408   -0.858551073561   -0.432071949785
0.0722313446692   -0.8062924383   0.587090399161
-0.929445077721   -0.26795016312   -0.253642578413
0.361821061227   -0.527347337174   -0.768758938568
0.515867118225   -0.417923481577   0.74781085836
0.64541822213   0.763605737848   -0.018482306898
-0.563308472222   0.49218516909   0.663654521909
-0.337073564541   -0.753863847092   -0.563977581235
-0.756617298403   -0.139581181879   0.638785846292
-0.560278212895   0.642033016062   -0.523337300832
-0.823506153475   -0.567202300568   -0.0109162914744
-0.511331529866   0.733779522604   0.447333967826
-0.245718704527   0.373964119183   -0.894300372251
-0.315525171918   -0.775974224843   0.546175675279
-0.734922186541   0.563938489198   0.37664673121
-0.600277640444   -0.282555096894   -0.748217462776
0.3092406884   0.505270704221   -0.805649869419
0.864825910449   -0.50177501661   0.0172620196672
-0.395532983776   -0.702085000668   -0.592140448359
-0.0804021105023   -0.968313044962   -0.236443117013
-0.50007856008   0.244383733074   -0.830781574638
0.862239487831   0.0514435415294   -0.503881561142
-0.494837384776   0.813389292456   0.30583299617
0.635480520999   0.0986695643557   0.76578640919
0.592706057046   0.573290655765   -0.565718440528
0.212345603838   -0.90704018715   -0.363575911504
-0.318240711683   0.287588325385   -0.903335931163
0.923922179601   0.3075240706   -0.227588998073
0.73653319028   -0.565126254112   0.371686933492
-0.532518271729   -0.145643739024   0.833793854354
-0.417064922873   -0.812046931031   -0.408211503896
-0.464457681771   0.650315426911   0.601139673758
0.813287912135   0.0445714975591   0.58015183666
0.350487993829   0.758355607302   -0.549595250211
-0.418986447009   -0.78946490364   -0.448548239483
-0.587901151737   -0.140601433756   0.796620030261
-0.691970081007   0.597475022697   -0.405217230932
0.298953970282   0.936314445886   0.184232956002
0.945470713314   -0.316779495306   0.0757356033779
0.129273562332   0.151545405005   -0.979960374864
-0.188922869968   -0.947684310113   0.257298654425
-0.764177076212   0.306435747946   0.567565439904
-0.616718367973   -0.0893956416502   -0.782091346237
0.936969845746   0.34940614264   -0.00168986629955
0.300325573582   -0.802864374996   0.514988684551
0.178583476322   -0.483036378391   -0.857195309796
0.783301177912   -0.19547835982   -0.590108020217
0.470818696665   0.806404064461   0.357829903295
0.405917503383   -0.558122473713   0.723692120162
-0.914550348402   -0.0940091305446   0.393395403649
-0.356858905261   0.645369534165   -0.675388692611
-0.190392704624   -0.758063617215   -0.623770927729
0.663247055443   0.73760779225   0.126641573973
0.391913998229   -0.4864721215   0.780863812067
0.637578827628   -0.468273018457   -0.611730021125
0.679004023664   0.721057095647   0.137949993349
0.50905074476   -0.597833553874   0.619243394088
0.528980978021   -0.350245209359   -0.772986040115
-0.952047500576   0.167266044195   0.256178896685
0.304590290312   0.439319212852   0.845117378988
0.028815129623   0.882621492871   -0.469200371511
-0.364339943675   -0.787283266712   -0.497434883577
0.172941657694   0.46765854899   -0.86682562525
0.915066985787   -0.40184641284   -0.0342326161786
0.535447674462   -0.0449313491542   0.843372374326
0.795779333783   0.361327198935   -0.485981385687
-0.282897578352   0.93135590897   0.229227247486
0.961089369064   0.174307211483   -0.214299371669
0.252418145429   -0.239015421456   0.937633568173
0.112215438024   -0.955242704411   -0.273713483661
0.28824996414   -0.939291804756   0.186125935031
-0.931963812251   -0.319833122173   -0.170734374443
0.219898637623   -0.12424845866   -0.967577857173
0.388313064482   -0.754843691995   -0.528605679697
-0.108264743538   0.532277718179   -0.839618470519
0.915145731159   0.383264179628   0.124967433177
-0.0597441842081   0.152112737553   -0.986555800514
0.844605183294   0.534476243405   0.0312606715924
0.532045784501   -0.831382499401   -0.160407053723
0.825611200663   0.563566034015   -0.0275584949673
0.48799365889   -0.73771242999   -0.466521767468
-0.283246066563   0.371717225782   -0.884080296033
-0.252235961752   0.151455808285   -0.955739586779
-0.729846601062   0.618736538809   0.290669975163
0.635374659959   0.770860709648   -0.0455280990502
0.241952820275   -0.226327203154   -0.943522564581
-0.657745325775   0.676628654714   -0.330975452324
0.713323152002   0.700678000748   0.0148465513163
0.442903949706   -0.890209050485   -0.106601771883
-0.785717790462   -0.328121483059   -0.524389021727
0.431837521629   0.316012877569   -0.844779389026
0.606040085764   -0.671113082997   0.426992557638
-0.787041180313   -0.583699410593   0.199652644772
0.115245802259   -0.457058232509   -0.881938873822
-0.539357080206   0.113131580906   0.834443039059
0.0522915943934   0.993521463171   -0.100899412159
-0.840451979109   -0.010786455394   -0.54177866624
-0.437823013119   -0.60605892892   -0.664081007002
-0.898449114152   0.267685711287   0.348042453233
-0.0331692397134   0.749023988033   -0.661712072496
0.443515713245   0.893925070299   -0.0647439633897
0.567172785256   -0.335864572983   -0.752004002835
-0.693980434717   0.296804577636   -0.655971187572
-0.473413195104   -0.58240961917   0.660816905202
-0.880181874524   0.283780094463   -0.380458572969
0.0340560488123   -0.761753170972   -0.646971631568
-0.0395989205741   0.0633688010337   0.997204252169
0.361801886953   0.931177654759   -0.0448059133816
-0.931413613862   0.359016114307   -0.0598005817792
0.222424391608   0.873580777798   -0.432878752862
0.738155250425   0.139161701549   0.660121842611
0.636909896522   -0.466358923452   -0.613885281
-0.0805633682816   -0.411113821556   -0.908017053483
-0.0783855101089   0.910770034449   -0.405405545293
0.993662546087   0.0385145436761   -0.105600068321
0.282986943358   0.81262464965   0.509469889856
0.870480338065   -0.440637574298   0.21932284231
0.402718724336   0.381418021202   -0.832068460027
0.713618301219   -0.700332932852   0.016813783877
-0.219232450548   -0.200466861204   0.954856099203
-0.665346565927   -0.685088914464   -0.296592526012
0.985683424311   0.150319664723   -0.0763687464586
-0.0315588932886   -0.280450611115   -0.959349514504
-0.165626758987   0.948025027688   -0.271691596456
0.383160066249   -0.265797982833   -0.884612794365
-0.341304612484   0.849184402278   -0.402985126804
0.858312020846   0.456330234863   0.234655474305
-0.446659219886   -0.817156512078   0.364349799039
-0.317133949776   0.525387956718   0.789552754941
-0.836613171777   0.237113326711   -0.493817447146
-0.759253846034   -0.26694803436   -0.593525352646
-0.160826509324   0.96067773649   -0.226347344829
0.630609571114   -0.0764004814398   -0.772330586766
-0.433941185277   0.67237633082   0.59967084094
0.455508164121   0.738002813976   -0.497859577574
-0.777307764106   0.0571131886399   -0.626522723885
-0.328653661177   0.314816817382   0.890436489868
-0.703576441269   0.547346996291   -0.453201342609
-0.630053142431   -0.775436417216   0.0416101017601
0.240108606913   -0.658469441464   -0.713278242724
0.518344629023   0.708221777273   -0.479312799494
0.820772016122   -0.254636817553   0.511364242686
-0.665935158692   0.502687368248   -0.551213002587
0.239206348654   0.843752226334   0.480481532756
0.70661919531   0.188115896085   -0.682130282614
-0.189779039114   -0.941656004905   -0.277971014208
-0.596096542765   -0.114458411054   0.794712642307
-0.780162052407   0.316517362187   -0.539596081729
-0.214115491   -0.972368349094   0.0930287600346
-0.517458762847   0.193687275272   0.83349965096
-0.828487166627   0.130326639937   -0.544631969
0.910425136059   0.411305889292   -0.0441988355721
0.376167093629   -0.867595026128   -0.325234051582
-0.172117370717   0.279475108144   -0.944600060674
-0.297869821375   0.828303062175   -0.474539362651
0.749585859463   -0.104859494532   -0.653548411137
-0.591096107928   -0.550380344487   -0.589649783851
0.689256104593   -0.069095407467   -0.721215534323
0.532695571231   0.723045183169   0.439819385075
0.491081918495   -0.687336517118   0.535170123945
-0.627800039384   0.656127869771   -0.418764049388
-0.300408503486   0.292073484624   0.907991085096
0.718068131575   0.695837120373   0.0137426463033
-0.811896977613   -0.397290912163   -0.427765389968
-0.338800577646   -0.276069526566   0.899444153402
-0.475433976835   0.875183150897   0.0895376236956
-0.409883815005   -0.912000299339   0.015833894134
-0.831031490067   0.366225249696   -0.418647499696
0.376007873207   -0.184755298953   -0.908010770197
-0.733550275475   -0.546030217689   0.404666522857
-0.132484138919   0.698878751001   0.702863033836
-0.666597289438   0.461973476262   -0.585003043535
0.938776644031   -0.213145727676   0.270679351624
0.152110718293   0.961357592336   0.229464396015
-0.309129005437   -0.174242585013   0.934921803985
0.779444307103   -0.189558650138   -0.59710475654
-0.387691472743   0.602735061194   -0.697427966151
0.492099475805   0.775098680276   0.396308139896
0.700104533547   -0.71392901993   -0.0126093857433
-0.702789049571   -0.692087903715   0.164626502528
-0.126258440951   -0.10639402254   -0.986275376382
-0.944527775256   -0.246345677866   -0.21721208246
-0.0801528301211   0.814261967519   -0.574937363611
0.318500872202   -0.525634145817   -0.788838347925
0.461929707823   0.186075512098   -0.867177518637
-0.755124914783   0.595348200993   -0.274493866323
0.465195988918   0.781624221331   0.415519275753
-0.493061586444   0.806439340524   0.326413636401
0.394327690624   0.541593861746   -0.74241616451
-0.775497223967   -0.237342956445   -0.585040491458
0.823148331315   0.311974745504   0.474445553062
0.496496708545   0.00999855580209   -0.867981017814
-0.275531927472   0.950037781906   -0.146664139768
-0.97959450974   0.184397848837   -0.0799501709314
0.182238192314   0.647171691202   -0.740241881664
-0.0847575232644   -0.739706857783   -0.667570166199
0.265728725276   0.315467402995   0.9109712192
0.959669500716   -0.176516644312   -0.218806589652
0.0917752360825   0.932374491247   -0.349649988007
0.450082459516   0.88818268523   0.0925056608675
0.828004393453   -0.376290609255   -0.415709155311
-0.334416662351   0.263698492683   -0.904780968466
0.572791436806   0.719194859156   0.393279448339
0.81046162712   -0.568728861845   -0.140354667438
0.122727017761   0.399131853237   -0.908642857696
0.0645161543867   -0.979457408094   -0.191051960348
-0.993546068407   -0.0451468027231   -0.104057561747
0.0932945645575   0.196532317784   -0.976048755079
-0.186786343524   -0.894689701371   -0.405760027768
-0.614839735553   0.428601758285   -0.662021625311
0.766213391594   0.125820789445   -0.630147734651
0.325797443793   0.944273595392   0.0469404160999
0.168181962794   -0.106741280117   0.979959757597
0.930360603749   -0.311373852731   -0.193585822897
0.417302257197   0.193662682796   -0.887892781495
0.224218667306   0.924882907836   0.307111699588
0.880672933256   -0.327240541627   0.34253293644
0.998586778584   0.000821461659616   0.053139164823
0.00559348821374   0.992702636301   -0.120458244928
-0.0528503408404   0.120585244049   0.991295132839
0.855974926831   0.485232475984   0.178483525533
0.504237665208   -0.707213815491   -0.495573401389
-0.114242293493   0.514196522186   -0.850029784742
0.981774541106   -0.0445898840868   -0.184744398217
-0.0607521885   0.847447813779   -0.527391102043
0.180077544485   0.529002783697   0.829293755441
