0.363906580328   -0.288791604192   -0.885534533568
-0.821423896992   0.348718451562   -0.451285079513
0.439129573411   0.891624837523   -0.110319385729
0.600084543873   0.500216530299   -0.624245114534
-0.178876973208   0.844517622324   0.504770258672
0.779680427265   -0.191241753808   0.596259191074
0.922006191699   -0.236223034023   -0.30676254769
0.135388203597   0.938997773074   -0.316153786136
0.362732155723   0.249963718084   0.897743572991
-0.143588152998   -0.988822695168   -0.0401512121715
-0.837132618781   0.142999607682   -0.527977358204
0.527817601916   -0.0421994042968   -0.848308781863
0.664297781998   0.208737941204   -0.717730401149
0.264597779518   0.832370319187   0.486978096848
0.699068288443   -0.513408340055   0.497710161094
0.345820117566   0.928817006182   0.133069212494
0.744263115443   -0.185171144588   -0.641704030066
-0.571385037674   0.320952669781   -0.755320145689
-0.833585840762   -0.515289276989   0.199026649224
-0.388545748078   0.803058918276   0.451805904597
-0.392640863553   0.299288046534   -0.869632001176
-0.972224885089   -0.144782843501   0.183893178346
-0.233782841266   0.563300950889   -0.792488247141
0.011151499638   -0.813467864734   -0.581502946769
-0.722573860602   0.691149916246   0.0140999733256
0.617952962338   0.636637410437   0.461331707094
0.309872800214   0.342059352898   -0.887115689627
-0.416132793364   0.813743342338   0.405777366407
0.907746580781   0.345657099619   0.237733705146
0.053194392248   0.467271807713   -0.882511991051
0.215575433924   0.162647833705   0.962846256928
0.322183762018   0.918966949451   -0.22737055506
-0.921805215748   0.35922893537   0.145704207943
0.242930727087   0.000562326915449   -0.970043476152
0.386470956833   0.917153020687   0.0973166798098
0.889733028139   -0.398534842182   0.222587327144
-0.316264729983   0.80434793469   0.502992068058
0.875602339961   0.0434454941325   0.481074870778
0.3650988398   0.592568045882   -0.718029211228
-0.615920117447   -0.780606606151   0.106281397048
-0.178438142656   0.2696317385   0.94628671915
-0.767334502137   0.563872372109   -0.305361604991
0.153181410512   0.933606035087   -0.3239062005
0.057569517108   0.318786973931   0.946076432405
0.986519744442   -0.163568445919   -0.00491501028951
0.796122667992   0.408079797703   -0.446832828043
-0.105133768032   0.820446526987   0.561973653452
0.595932536726   -0.400422745435   0.6960790448
-0.196862328145   0.493040116201   0.847441247269
0.866304060877   -0.317261809241   0.385826668992
0.459088769048   0.810096530182   -0.364665756441
0.296929522147   0.610279459437   0.734433005976
0.713984193656   -0.652610279184   0.253626486616
0.634081564223   0.449064366091   -0.629509146097
0.483028630846   0.819128995211   -0.309371994512
0.756476386771   -0.568322738177   -0.323655281942
-0.440938564928   -0.0776978408744   -0.894167896697
0.440918825528   0.149130811279   -0.885070952197
-0.884410011707   0.240285046127   -0.400102521612
0.153001700931   0.959178345114   0.237838982879
0.858890514294   -0.124588814325   0.496774306704
-0.492813924449   0.0630236574104   0.867849327058
-0.139432852387   -0.990204850499   -0.00726868100395
-0.334734837355   -0.253811072068   -0.90748693013
-0.740823081674   0.666045290634   0.0869760454616
0.582351912782   0.701401176589   -0.410977662603
0.595850454887   0.801914460743   0.0435365715577
0.468891632913   -0.391390545336   0.791804317749
0.651999134966   -0.451383028783   -0.609221215431
-0.734108554101   -0.526040295832   0.429378897894
-0.6549210721   0.381505416173   -0.65232814346
0.179340514428   -0.760088958341   -0.624581263962
0.538215418752   -0.506903941894   0.673329456291
-0.813147399443   -0.102238378417   0.573008395016
-0.22162010242   -0.855918049623   -0.46721389377
0.851046477377   -0.00753193376305   -0.525036344759
-0.197418109227   0.921946951779   -0.333226511932
0.48656549764   0.387242931606   0.783132765518
-0.0484606662976   0.961936013428   0.268943618425
-0.194876422146   0.254979642829   -0.947105359416
-0.9796299015   -0.0983081268891   0.175102165246
0.835784563349   -0.268031072254   -0.479190471497
0.422288247762   0.871584354161   0.249024796725
0.350908534336   -0.410487585547   0.841643120712
-0.911980115754   -0.409961336048   -0.0149656745701
-0.179136591812   0.365149306523   0.913551347993
-0.369056025481   0.835821564026   -0.406447983344
-0.862745256491   -0.497062333964   0.0927343439986
-0.260366354256   0.593931546635   0.761219205934
-0.433451247517   0.632593356008   -0.641829932272
0.399931956182   0.914654168645   -0.0588403110594
0.603702505592   -0.214576143928   0.767789270047
0.689635929435   -0.342585507922   -0.637994870351
-0.423168911265   -0.866534114893   -0.264663371599
-0.387877023135   -0.0907303232447   0.917234661015
-0.818828118388   0.490802033584   -0.297714420824
0.998840986395   0.0363944608511   0.0314980494062
0.046189576571   -0.54075476115   -0.839911192514
-0.013535394831   0.84039260558   -0.541809063761
0.191025906987   -0.754620407867   0.627739709505
-0.603218447831   0.414259337803   0.681554623812
-0.774362064577   -0.508858763384   -0.376066685404
-0.487366774767   0.856688450154   -0.168992680983
0.872998960039   0.473918514143   -0.115213097015
-0.0186129692471   -0.203681470256   -0.978860263802
-0.740277582406   -0.203818171706   -0.640661575146
-0.429497703949   0.876501494396   0.217432409321
0.517224151881   0.436123013843   -0.736393844018
0.600468296523   0.79939536763   -0.02012140857
0.419483930248   -0.293474579518   0.859014495477
0.680787086492   -0.524251578337   -0.511555691472
-0.0669781285391   0.745086027528   -0.663596821782
-0.0237727769774   0.663709795617   0.747612307467
0.997471195259   0.0658492124741   -0.0267412760421
-0.897144569055   -0.323452396353   0.300849080951
-0.277527236271   0.942580000565   0.185799826862
-0.343671726133   0.0831954916296   -0.935397378032
-0.298848447915   -0.544914792643   -0.783426750844
-0.909029878595   -0.0873011350733   0.407483977154
-0.290438091512   0.83393427833   -0.469254019083
-0.445289616458   0.581981670627   0.680451682729
0.854910344977   0.502253050127   0.129885240457
-0.266168103884   0.639561731729   -0.721190218862
0.65401804967   -0.744891461535   -0.131898071398
-0.177503166456   -0.320600736008   0.930434196475
-0.735359107242   -0.585108433202   -0.341899261175
0.00779155965779   0.876177486368   -0.481925620797
-0.105068207299   0.479989878914   0.870959464014
0.99443449428   0.0438489284053   0.0957982675453
-0.148089561471   0.473452234716   -0.868281327235
0.876658389444   0.469215617518   0.10633330849
0.457754901667   -0.745439256894   -0.484541808599
0.356869957884   0.892976500187   -0.274293279671
0.675638978372   -0.0439621273355   0.735920717377
0.645101390531   -0.447951226668   -0.619018492827
-0.323346817277   -0.946072824424   -0.0198254039864
-0.0944249371584   0.0114118867355   0.995466574067
-0.941557628082   0.323752960956   -0.0930228642486
-0.0456103201742   0.688757564881   -0.723555606372
-0.500682232971   0.611004657059   0.613180732443
0.864428713244   0.390238806209   0.316980557524
-0.0791331495816   -0.0562351134874   -0.99527662318
-0.560569994464   0.82810407307   -0.0022193400851
0.824317430329   0.557746587776   -0.0970542007398
0.221362798439   -0.570863637762   0.790641017496
-0.903813783964   0.184372180654   0.386170354788
-0.36622282204   -0.800076000191   -0.47514128271
0.0533754930368   -0.793471400991   0.606262478266
-0.923610675258   -0.270021782007   -0.272087408367
0.379597651854   -0.545427697364   -0.747271202212
0.513049675798   -0.426741508479   0.744762858301
0.646762960862   0.762643112067   -0.00855313237279
-0.564338287396   0.486073213166   0.667274402942
-0.311714144141   0.731735599067   -0.606133075653
0.733152226062   -0.220562991505   -0.643303800858
-0.604418816519   -0.644914707412   -0.467720979219
-0.835537136565   -0.548920461598   0.0237491107231
-0.503515528921   0.782290938128   0.366732873162
-0.219885892127   0.294460888679   -0.930023106961
-0.327710901357   0.724234212563   -0.606704516618
0.775497530048   0.572993237402   0.265108149215
0.539637976815   -0.38361902357   -0.74941797332
0.241173278626   0.45872909596   -0.855221062765
0.862379843462   -0.505489891751   -0.0279459286392
-0.445125213021   -0.730785594998   -0.517509380472
-0.0871073705004   -0.963294869408   -0.253919870384
-0.513978336637   0.261801771421   -0.816875817948
0.853368956239   0.0593534080923   -0.51791755857
-0.499126915064   0.798534476195   0.33647438682
0.603985089128   0.0421675011718   0.795879333791
0.621348802823   0.600470309151   -0.503349851552
0.216841000392   -0.915066352775   -0.34004933549
-0.299369875023   0.269220390737   -0.915367717991
0.929170414121   0.300289778763   -0.215565280815
0.704710051031   -0.584692623123   0.401893369491
-0.561005902435   -0.112430238784   0.82014134077
-0.434345624369   -0.803426398541   -0.407246731993
-0.434760168535   0.6467572622   -0.626648737051
0.81418227727   -0.0150622834678   -0.580413944523
-0.384825694615   -0.762547160121   -0.520029819679
-0.42227339554   -0.771371487657   -0.476099997321
-0.562785612708   -0.188639676527   0.804790299748
-0.710603640258   0.607783761275   -0.354459258566
0.330181360533   -0.939819595628   -0.0878600980579
-0.933042819355   -0.339048806014   0.120320423828
-0.142868353411   0.0422496723612   -0.988839521247
-0.237062831435   -0.868929111387   -0.434469116665
-0.84649363002   0.404199998695   -0.346512475087
0.476707193451   0.285630111225   -0.831363753885
0.933421194217   0.357314314215   -0.0324246055139
0.322836597625   -0.79703785539   0.510399048107
0.15652924781   -0.486885138335   -0.859326164299
0.776095939436   -0.193208035913   -0.600288053895
0.470676803894   0.810991265195   0.347500379933
0.419688502424   -0.552235296442   0.720345568666
-0.909488504158   -0.119742018508   0.398111177698
-0.368572792355   0.675236012928   -0.638913471122
-0.192314215647   -0.727817405569   -0.658253041475
0.655252223718   0.745582045536   -0.121457550971
0.399411141238   -0.478417830854   -0.782040356616
-0.641182706853   0.463922183664   -0.611278123227
0.671769723571   0.733286220549   0.10496074145
0.535576562231   -0.578682659611   0.615048067597
0.511745233962   -0.356956157277   -0.781472403415
-0.915781044232   0.245670122406   0.317791236478
0.38943647708   0.34920155384   0.852289566471
0.0984088885452   0.904270128752   -0.415465070617
-0.328622362136   -0.885338013024   -0.328913280057
0.262932813884   0.2487276794   -0.932202165243
0.907123849585   -0.39282457178   0.15104693747
0.526884718729   -0.0166423735176   0.849773807888
0.787881991291   0.384580245511   -0.480978172646
-0.318801601264   0.922941529116   0.215741680872
0.957094818992   -0.261473787061   0.124903827557
-0.187898470716   -0.231857749597   0.954429750508
-0.220598440976   -0.936949007488   -0.271040375603
0.252126495466   -0.951084768727   0.178521687699
-0.944734201046   -0.281867470146   -0.167415706095
0.20954598459   -0.126445608734   -0.969588566545
0.390134917655   -0.703350173709   -0.594216525494
-0.194265884712   0.567951568165   -0.799807340712
0.900030839507   0.427468770044   0.0849407945199
-0.0663180268571   0.160777108848   -0.984760194456
0.831382209173   0.554625172391   0.0345621240853
0.551729590999   -0.816420014099   -0.170448875017
0.837342013575   0.544564673187   -0.0480382037419
0.463132398755   -0.753318250771   -0.466926112226
-0.29045952132   0.368728802471   -0.882990564334
-0.256761134123   0.704675867468   -0.661442092561
-0.131473901199   0.652557271926   0.746246353532
0.957490643979   0.278569432394   -0.0749048598435
0.222646149883   -0.25369368837   -0.941311959142
-0.620701555223   0.707670680647   -0.337537830616
0.75177009204   0.659425295416   9.20855092992e-05
0.453049231113   -0.885042601355   -0.106985924195
-0.783581136213   -0.338103438656   -0.521235712265
0.425143501844   0.31997759071   -0.846680190086
0.616414680526   -0.659415850979   0.430352968051
-0.777559202654   -0.595972697933   0.20054483211
0.124236178308   -0.458243689314   -0.880101183503
0.994350520299   -0.0488812314463   -0.0942213775789
-0.105661984306   -0.540517734628   -0.834671266802
-0.0101285661883   0.839911426143   -0.542628978568
-0.440266187259   -0.606719947033   -0.661858436698
-0.897593606106   0.279212880653   0.341124442916
-0.0221676032425   0.744265458792   -0.667515935552
0.440455218974   0.8947052459   -0.0741736006858
0.560369633266   -0.338530984944   -0.755898568822
-0.70141647699   0.291374836238   -0.650473389628
-0.475587149745   -0.613901857848   0.630032834008
-0.879665695883   0.333744437873   -0.338825786616
-0.00226417413738   -0.715359461473   -0.698752970939
-0.0462568373954   0.0437452149418   0.997971272715
0.367114942737   0.929872484893   -0.0237440657425
-0.929024716471   0.365271841248   -0.0590724824106
0.191936930311   -0.74121723232   -0.64323963598
-0.871930330775   0.17203271717   -0.458412742513
0.450441686635   0.64884648318   -0.613270354906
-0.0783585301092   -0.406057591481   -0.910481835711
-0.0956120176311   0.912140979618   -0.398568909207
0.992329724861   0.0558217314561   -0.110298012011
0.283118951247   0.81808706312   0.500576883806
0.87482142986   -0.434205970599   0.214831657244
0.393104471232   0.377092471752   -0.838612033329
0.710231371178   -0.701337234819   -0.0608069276527
-0.144149101446   -0.229435113193   0.962590549188
-0.68905183836   -0.67489674165   -0.264049147249
0.99445399498   -0.105077987943   0.0044573890803
-0.0254958351787   -0.28197570747   -0.95908271947
0.102035357872   0.953649997036   -0.283090919842
0.385643315933   -0.283440380985   0.878032336138
-0.322302860466   0.850307678092   0.416050139662
-0.864523047126   -0.443439288972   0.23656182698
-0.45262674566   -0.802395097561   0.388961613174
-0.333505720674   0.556877627117   0.760697865577
-0.826984258249   0.214591276211   -0.519661063371
-0.756901223678   -0.27769535553   -0.591595999912
-0.164881458898   0.957091597029   -0.238306062467
0.632388047094   -0.0828309387474   -0.770210616312
-0.476181317687   -0.410680743966   0.777555579506
-0.629541154384   0.776576727358   0.0246276564787
-0.613945671556   -0.477776007206   -0.628331758958
-0.332980473309   0.298765685549   0.894350641266
-0.684276484414   0.5760108339   -0.447188117137
-0.64876012306   -0.760888023542   0.0126379728676
0.239472841938   0.675622688433   0.697270923564
-0.546416314355   0.687420999535   -0.478415698744
-0.802547175797   -0.266432641155   0.533789919675
-0.679023655873   0.464970755148   -0.568092485096
0.218109220929   0.866679869486   0.448658413019
0.700967361944   0.180743466507   -0.68991054261
-0.0950295159946   -0.959532621189   -0.265078365703
-0.637032780718   -0.146004816039   0.756882969807
-0.764956617973   0.240789830697   -0.597378966864
-0.209181595598   -0.972220475025   0.105025749246
-0.526981552374   0.202548485159   0.825387517847
-0.823731451093   0.117309245593   -0.55471167049
0.958057895751   0.286217859271   -0.0142970424552
0.267031400013   -0.909718271572   -0.317973108572
-0.104015863192   0.300818888042   -0.947991928659
-0.273399230854   0.821654306501   0.500137042396
0.738785741347   -0.153602113149   0.656202727226
0.615993903339   0.54889943655   -0.565031786367
0.698592379951   -0.0499761897189   -0.713772419708
0.520604623786   0.719839460989   0.459131763327
0.490855897762   -0.692339173285   0.528892197681
-0.622932668749   0.673254951906   -0.398349921474
-0.296132163624   0.268374381453   0.916668387721
0.724058445067   0.688986909246   0.0321932759157
-0.833060208058   -0.40811771891   0.373430873473
-0.456450390346   0.125764930651   -0.880815657996
0.312511969216   -0.904225143275   -0.291055251398
-0.396549980182   -0.918011309755   0.00182985773332
-0.845276223364   0.364351816344   -0.390839941846
0.35812877493   -0.156534306428   -0.920456838466
-0.734336407859   -0.550669504287   0.396879247557
-0.117594976022   0.679056072112   0.724606287954
-0.66852184834   0.485433773008   -0.563411563882
0.941452593255   -0.205639296104   0.267169411707
0.144718471211   0.962213986899   0.23065300238
-0.30450546587   -0.178484518416   0.935638657785
0.742049673364   -0.191102257416   -0.642527983415
-0.402151221448   0.639953856124   -0.654777410362
0.536317701879   0.74427077683   0.398025543663
0.694742215111   -0.7156118073   -0.0723394484099
-0.694579445484   -0.693622140467   0.190912860138
-0.186795739926   -0.0823897293821   -0.978937834613
0.7177649577   -0.655180034583   -0.235695964713
-0.69569292698   -0.688778974686   -0.203948217401
-0.0287196247832   0.310358899204   -0.950185527588
0.467558953095   0.183263703426   -0.864756058312
-0.757647788528   0.587033124184   -0.285240143826
0.455366285444   0.788547098224   0.413321932594
-0.502894991527   0.776233321259   0.380208440812
0.427942258691   0.605784914935   -0.670738443854
-0.750974067943   -0.174603745105   -0.636829240434
0.821374704293   0.310250174658   0.478631825386
0.500730107488   0.00964576007304   -0.865549720564
-0.273153719731   0.950606011151   -0.147428819977
-0.972918666036   -0.214433823908   0.0862983455369
-0.215042953591   0.702765809994   -0.678142127001
0.0847690827438   -0.678334984699   -0.729846457238
0.258412917489   0.235185546033   0.936968795111
0.949303796986   -0.241552161175   -0.201183633675
0.179011354674   0.941456484586   -0.28568273054
0.4367858911   0.89427483347   -0.0974197493247
0.740803415127   -0.419019492832   -0.525007585434
-0.510321844988   0.157147023037   -0.845503653262
0.590315248864   0.722347640643   0.360196880908
0.801577539293   -0.577069363236   -0.156410992311
0.0948754734387   0.381057523311   -0.919670489071
0.121893263803   0.986719875065   0.107358839372
0.978611937185   -0.101418209547   -0.178977716968
-0.165712729258   0.126878819841   -0.977978044967
-0.152395196126   -0.922271480799   -0.355233753891
-0.596879617861   0.372365659732   -0.710688776634
0.78772484154   0.103726231774   -0.607231786769
0.232517077944   0.964442000463   0.125648064874
0.284853606538   0.0559946574573   -0.95693417808
-0.929943133373   0.258294843306   -0.261705067996
0.417777305011   0.172794638538   0.891966443489
0.241601090219   0.925271294364   -0.292407156258
-0.875837334568   0.337661138893   0.344809974708
0.998355999573   0.00252438564631   0.057261903509
0.00471889175594   0.992018196051   -0.126006471121
-0.0571229391485   0.126069529153   0.990375405411
0.862550592365   0.473709760501   0.177779465677
0.49378806815   -0.711470261246   -0.499983410841
-0.110362218915   0.519046366107   -0.847591322789
0.9772047741   -0.0634759037467   -0.2025873617
-0.0536813094895   0.849366259287   -0.525066923922
0.205399967109   0.52397305964   0.8265972939
