0.370386963501   -0.301292331357   -0.87865603528
-0.820319914961   0.337664779706   -0.461581773541
0.435762245252   0.89174291565   -0.122089467201
0.591459250537   0.5736482133   -0.566660111824
-0.28545003622   0.806210843764   0.51821072183
0.754118181571   -0.144747375709   0.640588764691
0.921630853213   -0.250783748319   -0.296148749761
0.152501748759   0.935795085771   -0.317853384553
0.356847007878   0.24778028377   0.900702583511
-0.115154002639   -0.990572586611   -0.0741990992643
-0.853364976031   0.136882638086   -0.503022227216
0.508436597187   0.00539388968507   -0.861082535298
0.649174287402   0.198735925268   0.734218480143
0.278993029233   0.835778340803   -0.472903219152
-0.707626761941   0.511838448197   0.487119871008
0.383498802611   -0.68249444073   0.622197723211
-0.922326374717   -0.248485190243   0.295920882554
-0.0473574376184   -0.687354674534   -0.724776396207
-0.852080242977   -0.426470793967   -0.303450031179
-0.420482193256   0.902987786214   -0.0883616608245
0.311695339529   0.0523041092284   -0.948741427088
-0.969718654384   -0.154072994214   0.189492067894
-0.244085509108   0.585216300405   -0.773268482472
0.00824594349692   -0.796105140163   -0.605102148584
-0.687206424586   0.72171630148   -0.0829030167461
0.623971823586   0.527956585244   -0.576125860788
-0.372030231807   -0.447646539443   -0.813145794028
-0.373117014551   0.815562900146   0.442313067136
0.922320642883   0.274392170371   0.272091103402
0.10054016692   0.509476292624   -0.854590885799
0.206486140274   0.133044436343   0.969361981838
0.325490476717   0.924948243195   -0.19628218711
-0.922723915069   0.356047644801   0.147684295681
0.239157075245   0.0608475279411   0.969072480108
-0.406248563828   0.912752806199   0.0429467014318
-0.881910425014   -0.403955310795   0.243010512391
-0.300952701634   0.818433311292   0.489483795796
0.885374448648   0.0490908587974   0.462279323855
0.354315617861   0.572500657249   -0.739393968321
-0.610291484875   -0.791386698807   0.0353750821925
-0.0949035087055   0.117374452618   0.988542645468
-0.786471631735   0.599941939544   -0.146738003435
0.0589651996996   0.898029506787   -0.435965721319
0.0441881957219   0.433949496151   0.899852898061
0.997281559332   -0.0723245444561   -0.0140943849099
0.786568366431   0.39869778255   -0.471540330321
-0.0793875779563   0.822578294453   0.563083086198
0.612378818539   -0.405468898543   0.678665716623
-0.19422769438   0.478704694657   0.856222761931
0.861430299652   -0.334316931232   0.382321890995
0.469269050309   0.811833729778   -0.347437121817
0.281324714348   0.611872503521   0.739235040113
0.721103631675   -0.643060269075   0.257843058317
0.633139761413   0.460527447359   -0.622132230918
0.547686600406   0.764239568115   -0.34055435728
0.697161019397   -0.641891623811   -0.319283034806
-0.462607718017   -0.0625541829815   -0.884353477645
0.446692774909   0.883316386538   0.142189050627
-0.159198685409   0.234863094853   -0.958903073955
-0.88040975881   0.405698765034   0.2455344551
0.849033204496   0.104930533992   -0.517814832444
0.515042886108   0.0541164370746   0.855454403641
0.117785581176   -0.993006039395   -0.0080970730826
0.578292262437   -0.274613444019   -0.76822230869
-0.813563507428   -0.264253092175   -0.517962086119
-0.0607657682087   0.924531102581   -0.376230995233
-0.262302936854   -0.561286936984   -0.784954867294
-0.872130907243   0.486044029191   -0.0561149028165
0.413019188354   0.669864296748   -0.617006461873
-0.564137480355   0.805494852898   -0.181457833158
0.703190181857   0.353518247544   -0.616886064677
-0.432749894741   -0.475607916891   -0.765848965523
0.616424362856   -0.470218214252   0.63159784346
-0.764908003077   -0.16718351621   0.622065445702
-0.186913754726   -0.86657054121   -0.462729667733
0.858523364675   -0.0358962944697   -0.511516459512
-0.175045612682   0.917106862567   -0.35815364875
0.481971644175   0.397021987647   0.781074180559
0.00196212723041   -0.0775103403824   -0.996989617394
0.952958967394   0.302326652292   -0.0216287257262
0.30309298329   -0.950047757982   0.0744573772902
0.83948307975   -0.284373626945   0.463033259185
0.43615556367   0.860871800192   -0.262045927108
-0.324093324666   0.421937654082   0.846718449648
-0.90825722639   -0.418404714064   -0.00251116717164
-0.222620842638   0.478157910658   0.849591062158
-0.354272170985   0.772206259832   -0.527435987719
-0.809106175096   -0.586718401347   0.0332973713948
-0.344155992372   0.519007766425   0.782424176074
-0.476344256117   0.62160474251   -0.621855042396
0.298346602819   0.951210519639   -0.0786629004914
0.614294872585   -0.128286587267   0.778578423181
0.730500591446   -0.280608444019   -0.622597612461
-0.433806781934   0.397721874044   -0.808473244366
0.870470172835   -0.0466221924464   -0.49000821358
-0.232579780189   -0.91632073101   -0.325980005168
0.997774870301   0.0622481806524   0.0238845598861
0.0539880432143   -0.544112308931   -0.837273603107
-0.0391228754742   0.836700041398   -0.54626224594
0.186006519423   -0.747308507312   0.63791188234
-0.619366286147   0.414824779301   0.66656267977
-0.762749617054   -0.519086117496   -0.385697581412
-0.450557005978   0.880080836329   -0.149853614877
0.89231211129   0.449190238493   -0.0448020723581
0.0278833356957   -0.153902083059   -0.98769259814
-0.75309470515   -0.179385694369   -0.632984310809
-0.41141165809   0.879197653696   0.240316319302
0.513409011083   0.441398072482   -0.735920463737
0.543030081749   0.838115017809   -0.051783658033
0.449407319906   -0.237978809473   0.86104538037
0.709331651014   -0.490845498264   -0.505884676289
-0.0614039405481   0.360735478629   0.930644653207
0.449394110087   0.842540953127   -0.296933790808
-0.891220786284   0.399993320898   -0.21384773399
-0.902661478394   -0.318462508472   0.28945446295
-0.22953989561   0.925220255526   0.302124006142
-0.36402430104   0.206274354833   -0.908260534643
-0.267772580648   -0.584619736102   -0.765844376628
-0.922698136182   -0.0732169495184   0.378506839818
-0.27735535787   0.807996932211   -0.519822049357
-0.391956069525   0.559650404987   0.730179336711
0.904231354455   0.380600142701   0.193672891745
-0.16951724745   0.736162316051   -0.655231979717
0.659011839176   -0.739958047221   -0.134779390782
-0.178293431414   -0.32777919467   0.927778126416
-0.730694770846   -0.58738648937   -0.347940029264
-0.00223936558302   0.0986568190102   -0.995118996555
-0.869514224588   0.491302444661   0.050664791613
0.493902822912   0.865383579653   0.0846833016966
-0.12189962881   0.608515711449   -0.784123146844
0.811625880349   0.515853418475   0.274150836211
0.571317696946   -0.602995754187   -0.556769440243
0.346127175815   0.910099358749   -0.227848931023
0.639129052257   -0.0509464432743   0.767410264773
0.686811497227   -0.411246418979   -0.599304889145
-0.336781157522   -0.941533957038   0.00960519034298
-0.126443397624   0.055332063697   0.990429416932
-0.933054403095   0.332343452577   -0.137685548966
-0.0543426356713   0.756531844572   -0.651695056063
-0.602694024732   0.495512752446   0.625481434349
0.796119834259   0.426763025943   0.429029753267
-0.0710104464725   0.127349383793   -0.989312716455
-0.716149462509   0.68387693657   0.139435587193
0.694325185946   0.718397153443   0.0426387861562
0.171413770847   -0.66480578218   0.727083620462
-0.855180428695   0.266027795486   0.44485463514
-0.489166386356   -0.698041892732   -0.522928066229
0.000465255603026   -0.756239179247   0.654295107202
-0.905153184306   -0.278449753233   -0.321190672133
0.425085281417   -0.592087864   -0.6846418515
0.681111618658   0.0246568044232   0.731764309682
0.465125772403   0.757287743285   -0.458446605089
-0.565459970976   0.652615749018   0.504328965416
-0.249826989635   -0.675644355522   -0.693607367393
-0.67282348329   -0.394012365119   0.626149196652
-0.696344049722   0.623104293826   -0.35615446569
-0.873839355849   0.446855653759   0.191637169862
0.481215033792   0.851221293147   0.209414424874
-0.0695476198112   0.275213253308   -0.958864325013
-0.354228433249   0.694596272466   -0.626145538477
0.778354856677   0.590119905033   0.21429469142
0.518349239572   -0.411454148065   -0.749679631493
0.115700571529   0.930283908569   0.348116686193
0.533386304479   -0.353841905388   0.768306550919
0.837921492708   0.0967871657255   -0.537140406792
-0.106059266901   0.537742255999   -0.836411799306
0.951696001084   0.29864281729   0.0713245343608
0.288142592174   -0.788445136832   -0.543440992915
-0.510771197402   0.757249023746   0.407046311788
0.522609522019   -0.102459445559   0.846393141224
0.682636119319   0.645039516659   -0.343412216656
0.228997283796   -0.930075950252   -0.287261154312
-0.258815496589   0.226306514557   -0.939042011943
0.938389462185   0.289385708409   -0.188894491791
0.618626292262   -0.6257104969   0.47517142653
-0.623765917467   -0.0234057846703   0.781260679575
-0.477721247935   -0.77970413832   -0.404776315956
-0.362606569313   0.645177077364   -0.672505029524
0.816840641569   -0.127371212953   -0.562625932918
-0.448651136377   -0.753341299117   -0.480821219241
-0.422899316617   0.752028468056   0.505578234537
0.539280126488   -0.239508214358   0.807349218387
0.728239736062   0.614075726998   -0.3042661472
0.396003335193   -0.9174737119   -0.037727264522
-0.913600554854   -0.397794850897   0.0842216288789
-0.0922788420351   0.00111560386899   -0.995732579933
-0.376049060356   -0.73311793942   0.566679090055
-0.840630414973   0.527181859722   0.124176455911
-0.389778924043   -0.429671239066   -0.814527480624
0.921057047931   0.380709437988   0.0819404557267
0.368186260079   -0.782779947555   -0.501691570185
-0.126857370092   0.492255906549   -0.861156971824
0.759489348013   -0.180617420413   -0.624942619525
0.463597790229   0.824210262417   0.325199219282
0.456347476327   -0.536707360458   0.709712751809
-0.899539555192   0.390931899792   0.194938037259
0.162370806107   0.713491984253   -0.681589986525
-0.405541995321   -0.581464907051   -0.70529018985
0.637744344918   0.763326545693   -0.103027836844
0.421158513524   -0.457567404799   -0.783107640463
-0.644909030027   0.456031418551   -0.613292498147
0.655023778465   0.755286295671   0.0220558658177
0.596632489439   -0.534901171973   0.598256139766
0.463652372141   -0.37871275103   -0.801001329596
-0.800531536909   0.388118757642   0.456632333919
0.541488055812   0.141956190319   0.828636908087
0.256787740803   0.910610932285   -0.32380207871
-0.25798892359   0.0835628907201   -0.962527380701
-0.897846935884   0.347190705197   0.270794191128
0.356808905478   0.93406416135   -0.0145446709277
0.510477026356   0.0493698132923   0.858472962357
0.762760946611   0.434926618832   -0.478575568282
-0.396999929329   0.899111482391   0.184362681544
0.947985892646   -0.28539891973   0.140961710975
-0.206980153423   -0.216244692274   0.954147498635
-0.241830443561   -0.933694644774   -0.264068829828
0.179059837474   0.968941150211   -0.170559731563
0.964437229869   -0.207129330119   -0.164189738556
-0.194418117073   -0.135094367135   -0.971571463003
0.391014566801   0.374850385376   -0.840591932588
0.570278731272   0.618189513542   0.540947219242
0.722419391496   -0.690889943428   0.0279519026497
-0.0750686433505   0.207016882389   -0.975453078929
0.790135790321   0.609096668809   0.0684593375639
0.608317459588   -0.765601239845   -0.209295508573
0.88088221439   0.094834867922   0.463737934827
0.290647083769   -0.881642084822   -0.37179497975
0.373591751874   0.462291663452   -0.804186309778
-0.264187194321   0.651929030613   -0.710769769617
-0.0867811985522   0.717895491742   0.690720700801
0.960559290171   0.244161016506   -0.133083613131
0.186091349969   -0.302195505129   -0.934905281912
-0.543635802085   0.760935227848   -0.354171842065
0.818431502423   0.574156299016   -0.0226808320281
0.461746674202   -0.88006220685   -0.110817511868
-0.784695057486   -0.347032827092   -0.51363594469
0.413574268567   0.324127643057   -0.850821717744
0.621728824224   -0.64486278977   0.444528122282
-0.769974790936   -0.607210661089   0.196046000679
0.143499444083   -0.464162897515   -0.874048462111
-0.537412459965   0.140905663901   0.831464636503
0.0845561378633   0.989977296956   -0.113115918695
-0.839069786981   0.00951553430542   -0.543940573209
-0.446856400016   -0.608171201628   -0.656084710442
-0.894597285194   0.306960051773   0.324763335276
0.00388008882512   0.732054175677   -0.681235369593
0.436981942694   -0.545917067537   0.714857564226
-0.894641083705   -0.346038978814   0.282620516749
0.0930812177926   -0.763041008408   -0.639612622125
-0.470218907859   -0.698016100749   0.540062683202
-0.876747803185   0.439507853871   -0.19531035814
-0.101032016225   -0.565337394378   -0.818648985961
-0.0591142154699   0.0231299419602   0.997983223964
0.364653046434   0.931143466587   1.89225824637e-05
-0.92926512108   0.363918741502   -0.0634782193169
0.122874062009   -0.744497185678   -0.656220927282
-0.862676962715   0.246751666683   -0.441477148888
0.490602102407   0.620352766986   -0.611941191298
-0.0733385681211   -0.400222131343   -0.913478899597
-0.12956852374   0.912006152144   -0.389174480287
0.988854616251   0.0898166133551   -0.118741416042
0.278834661756   0.832179140848   0.47930064567
0.886276378317   -0.415186174359   0.205267196255
0.369818080468   0.367557231132   -0.853309011555
0.706153158608   -0.28516990627   0.648094006411
-0.702673872914   -0.16956510161   0.691011653042
-0.0871616022792   -0.943358786928   -0.320120374569
0.984900192882   0.0167903477573   -0.172306976884
-0.160420412357   -0.285699498422   -0.944796850069
-0.0650914845432   0.958172156151   -0.278691976592
0.392472041493   -0.313809905045   0.864574485017
-0.290737262758   0.849471068481   0.440307560527
-0.872603885329   -0.424172426389   0.242157411617
-0.467061240786   -0.766016349246   0.441670408838
-0.365696873598   0.622121928995   0.692264474102
-0.805058751891   0.161812416553   -0.570698824121
-0.751411857304   0.171290499853   -0.637212511933
0.302514726897   0.947672943473   -0.101984470483
0.586400085875   -0.269398509404   -0.763910585355
-0.547013762718   -0.321106322307   0.773089046081
-0.541476276551   0.840019071815   -0.0342257347642
-0.638419443101   -0.43733132607   -0.633373449009
-0.343959830118   0.286690292422   0.894147813002
-0.646531459831   0.618257841525   -0.446938824496
-0.680946919161   -0.731823692991   -0.0273015688616
0.660202232266   0.283863756014   0.695380745011
0.471181544546   0.564464307142   -0.677766920144
-0.584911074087   0.775113807117   0.23890923261
-0.70075674409   0.378725208822   -0.604571916166
0.186413306761   0.915216094011   0.357252824098
0.68861459807   0.137647075764   -0.711943268707
0.130921920211   -0.953313339008   -0.272127044739
-0.662335378377   -0.28835090394   0.691495193582
-0.737679671238   0.0897074905841   -0.669164605142
0.227059040999   -0.970575336039   -0.0801729940439
-0.555008854541   -0.196606816304   0.808276518998
-0.800255811151   -0.139029769676   -0.583319260664
0.998878377997   0.0473489722515   0.000246571089963
0.0449475541852   -0.946554569822   -0.319396561849
-0.0148897059522   0.319049402405   -0.947621113886
-0.246049068954   0.796947869181   -0.551664707476
0.703855700602   -0.244389518457   -0.666978947193
-0.666368522964   -0.552401898147   -0.500804487327
0.716135559856   -0.00724534052532   -0.697923609681
0.491045005456   0.715845558595   0.49642717377
0.496008732309   -0.698221054739   0.516200248152
-0.612802717818   0.704600657653   -0.357785888863
-0.290006798072   0.220647172421   0.931241581103
0.735097875189   0.674427711869   0.0691257937074
-0.876577919432   -0.360126104269   0.319249651822
-0.409419575871   0.20935462103   -0.888001268888
0.25295604768   -0.909109361781   -0.330958314996
-0.369122141321   -0.928823104037   -0.0321945056553
-0.874588241803   0.358870116935   -0.32604853392
0.314395057351   -0.0921947969182   -0.944804671524
-0.734282482851   -0.563177443393   0.379025596276
-0.0905889317263   0.634637192003   0.767482429751
-0.672772532753   0.529213380198   -0.517020616022
0.947051764615   -0.189908444913   0.25889715659
0.130231159293   0.964223294862   0.230896692907
-0.293483901243   -0.184954643621   0.937901369822
0.669162815691   -0.180247106906   -0.720924480475
-0.4162288819   0.712765943001   -0.564551351403
0.615609164948   0.677846362349   0.401932413574
0.679391562843   -0.709044255958   -0.188900363765
-0.667966835416   -0.704172227231   0.240752530995
-0.303722589086   -0.0373860600977   -0.952026717792
0.536054681316   -0.821131150514   -0.195931141717
-0.841696570471   -0.502079310726   -0.198653590447
0.0647476786947   0.271403757151   -0.960285238202
0.481002158574   0.181120993224   -0.857806568674
-0.764689100437   0.565240766268   -0.309440552969
0.42882106189   0.804796907276   0.410383278068
-0.518460729743   -0.672085400134   -0.528677299154
-0.541636850011   0.736532610916   -0.40515334846
0.661685721793   0.0762950062859   -0.745889454001
0.817110695592   0.308305163635   0.487111935005
0.509396169781   0.00946164092636   -0.860480109917
-0.269899339313   0.951240455104   -0.149318261481
-0.952930126525   -0.285894428865   -0.100938345064
-0.290908497856   0.768375661934   0.570062354504
-0.0854190835553   0.572593413943   -0.815377435592
0.238616948094   0.969674418085   -0.0528533347429
0.364082498438   -0.139783536637   -0.9208172985
-0.900281004139   0.200479639356   -0.386396205714
0.407496545761   0.789362025542   -0.459188586339
0.463672211898   -0.612037277761   -0.640639095392
-0.786736706342   0.0481452309452   -0.615408312936
0.620364487152   0.724320242   0.300845625047
0.782904732542   -0.59486380446   -0.182201080969
0.0469902420105   0.348564543767   -0.936106124317
0.227219245136   0.963326901435   0.142732952084
0.967813430189   -0.207088295803   -0.143009097919
-0.108206187373   0.170633287234   -0.97937515912
-0.55611560853   -0.0873274171214   -0.826504296521
0.79661611507   0.227497843608   -0.560042405863
0.236935001974   -0.969854965122   -0.0569486739708
0.0592021354738   0.970974162025   0.231741847397
0.259203522185   0.209234014255   -0.942886345943
-0.964006556639   0.115889188272   -0.23929282229
0.417729847094   0.148148717964   0.896411586389
0.254383627185   0.928086581474   -0.271926952522
-0.872233194201   0.341624435094   0.350002857531
0.997777198069   0.00618312556848   0.0663508249471
0.00303180623192   0.99044294062   -0.137889773107
-0.0665692959549   0.137784434298   0.9882226361
0.873406545696   -0.4780762608   0.0927582599865
-0.449373584119   -0.717778782498   0.531843023167
-0.187681612928   -0.506198289464   -0.841747529793
0.964687051338   -0.0952396834243   -0.245577473892
-0.0466280897377   0.855867863882   -0.51508836215
0.259238720544   0.508349881751   0.821203801437
