0.210957985741   -0.543231991976   0.81264735965
0.962043429861   -0.0318504127784   -0.271031345543
0.173116051575   0.838978279873   0.515893669846
0.684397945881   -0.718081691979   0.126325513334
0.505755938363   0.592361010611   0.627151786985
-0.52517652507   -0.365331516233   0.76858473883
0.895883173881   0.121962334987   0.427221871633
-0.16249660438   0.984908328053   0.0595855594708
-0.413507185333   -0.122803803593   0.902181264215
-0.733430174979   0.576364024371   -0.360395185652
0.663362900355   0.722623696628   -0.194331303459
0.14842452918   -0.381601237527   -0.912332535129
0.729893602633   -0.6556492814   -0.193337395854
0.417639777073   0.651647671365   -0.633192173839
0.541139857561   0.381417530018   0.749458686222
-0.249941541131   -0.772728494036   -0.583455140111
-0.89588198935   0.413153218738   -0.163400976147
0.367320959348   0.481866259819   -0.795537692678
-0.641153928296   -0.760380395671   0.103649863047
-0.513652575049   0.324863806655   -0.794118718625
0.570160216409   -0.562392355037   -0.598859054052
0.488260797932   0.857085196972   0.164336113906
0.829915964853   -0.514254448435   0.216291131455
0.269890504621   0.0307786841031   -0.96239897554
-0.86593530707   0.475777281136   0.154246629539
0.480488524075   0.876968233759   -0.00758255960675
-0.138877003864   0.0675477292894   -0.988003280392
0.64024153902   -0.765330131867   -0.0660345437603
-0.757959473659   -0.615418238738   -0.216235583844
0.124852745281   0.188494511023   -0.974105544235
0.898441051412   -0.420885784365   -0.125135261446
-0.0445785034034   0.196081832858   -0.97957371946
0.436825404678   0.885667585126   0.157405509705
0.18702070764   -0.170486706041   -0.96744898469
0.495664950083   0.866647635733   -0.0569045932842
0.848138851942   -0.4688882154   0.246585338749
-0.190627460772   -0.78730221357   -0.586358589693
-0.684101613543   -0.321841742081   0.654540201517
-0.704035619516   0.525902193912   -0.477242840586
0.685399997123   0.685714148022   -0.24499581863
0.707580046192   -0.547754595184   0.446425113189
0.171922430691   -0.479333923959   -0.860628646495
0.367889720861   0.607233525757   -0.704219140951
0.710573191873   0.3049094021   0.634126166864
0.599785705294   -0.733687741282   -0.319310829783
0.764850396905   -0.0851237897752   0.63855916779
-0.138375821474   0.946385407519   0.291902025458
-0.629170884884   -0.311622529432   0.712064180228
-0.334870223604   -0.653519575355   -0.678803431024
-0.913695541277   0.0491649860534   0.403414503949
-0.230265914094   0.755311173473   -0.613581812013
0.654186914086   -0.711785476885   0.255736028618
-0.682075224962   -0.701319203507   -0.207182919867
0.326822381319   -0.0388948542514   -0.944285084803
0.0996445759978   0.869417331154   -0.483926092253
0.932744604558   -0.250975898679   -0.258840879596
-0.346494532629   -0.425587361856   -0.835952711753
0.4881567692   -0.840756164171   -0.234162424595
0.437798031207   0.00379033613846   0.899065357592
-0.755007187088   -0.541400688733   0.369931671643
0.5088834287   -0.306880710846   -0.804277244056
-0.669411846611   0.446341603187   -0.593857687398
0.541225863768   0.840597051253   0.0217062620645
-0.562585815774   -0.11719815127   0.818389756307
-0.423955190915   0.890732759412   -0.163881504161
-0.709759956595   -0.439157995087   -0.550800380687
0.839287006977   -0.498091352546   0.217950279742
-0.508301904445   -0.576594021422   0.639662808359
-0.192941685122   -0.647645226169   -0.737108653567
-0.204454356378   0.785576043593   -0.584010869668
0.666655999524   -0.325121116548   -0.670720536344
-0.71677625132   -0.526466085619   -0.457236553915
-0.0682685470722   0.664891636113   -0.743813496589
0.803161895855   0.478904383729   0.354374886654
0.591836442378   -0.573209999452   -0.566709733462
0.844877005661   -0.151586529675   0.51303447187
0.323570438663   0.908504556172   -0.264427008149
-0.426010582649   0.389411087973   0.81662352895
-0.0240683890985   -0.51656133032   0.855911855663
-0.566259578609   0.712617790755   0.414156943601
-0.823875477411   -0.474700196248   -0.309659363499
0.836834012941   -0.193020297193   0.512300692618
0.000726261401417   0.936173631253   0.351537202429
-0.547456214989   -0.293806223588   0.783562119842
0.713645115739   0.597945725777   -0.364926784173
0.677103109147   -0.722341445515   0.140549691121
-0.179560653721   -0.347395660761   -0.920366354513
-0.922946645957   -0.267805215386   -0.276495669638
-0.170055659419   0.928085773075   -0.331267068262
0.345326745874   -0.258722176141   -0.902115443919
0.802807812722   0.486678509957   0.344446866409
0.588127483899   -0.551415900804   -0.591647333319
-0.0980085634794   0.677557770442   -0.728910000753
0.0362056614453   0.88332997852   -0.467351365812
0.99671615078   0.00197619715484   0.0809506604025
0.072429723554   -0.468747526598   -0.880357706534
0.949697438993   0.0626347447666   -0.306841429924
0.296201964353   -0.497777913382   0.815157374537
-0.101681712628   -0.865039905263   -0.491290943963
-0.196681480601   -0.310462884494   -0.930015694782
-0.516239860482   0.839204860836   -0.170972535801
0.833554318349   0.446484041037   -0.325329370733
-0.922354203493   0.309222382009   -0.231612266006
0.327114494483   0.306069314965   -0.894045682242
-0.205569527894   -0.900390522441   -0.383455442392
-0.359313375934   0.43782464076   -0.824138023524
0.899147289165   0.398861857962   -0.180120433737
0.249856059086   -0.805741150871   -0.536985239585
0.959207105312   0.257932734538   0.115725682421
0.24590856088   -0.559305799327   -0.791647650489
-0.139465797972   0.787811987274   -0.599917964311
0.311451361593   0.164455161206   0.935923367223
0.858677596031   0.373162084895   -0.351315875632
-0.407026823976   0.913074234852   -0.0249921230442
0.915662442721   -0.316612350369   -0.247626554683
-0.373655206092   -0.897540120213   -0.234101515521
-0.148135336604   0.306884916871   -0.940147631942
-0.216105045161   0.976370076216   0.000289354919653
0.755696019484   0.167074443855   0.633253232402
0.618241162972   0.137067882747   -0.773944610374
-0.728592600281   0.683311393991   0.0473113269474
-0.257367847261   -0.33712502712   0.905598424957
0.634755554534   0.647635896883   0.42148918261
0.479446951513   -0.0572140693194   -0.875703814629
-0.852239749917   -0.268378927742   -0.449065874684
-0.209327564707   0.961612864627   -0.177433562885
0.016289493804   0.205780582834   -0.97846257165
-0.892309163766   0.444523642005   0.0786326138271
0.451130811018   0.87181023361   0.1908609649
-0.440730938233   -0.287001880005   0.850521111412
-0.620055129656   0.78246527098   -0.057268978496
-0.649066927421   -0.552610188636   -0.522813640932
0.761421137568   0.484628421194   0.430549816672
0.634616601366   -0.421717769958   -0.647623263766
-0.132286131304   0.766348103588   -0.628658065718
0.0254169715058   -0.999135697915   0.0328912558475
-0.37593331426   0.0209338027741   0.926410232635
-0.926298073402   -0.0359114613065   -0.375076320444
0.712911123409   0.487428742745   0.504153697661
0.428723918798   0.265972676048   -0.863396975352
-0.554935610292   0.831668056584   -0.0193574814467
0.55316688042   0.79491049742   -0.249246270783
0.209280012822   0.156996733063   0.96517040052
0.806354933413   -0.586062562274   -0.0795134860275
0.733962625944   -0.444003080003   -0.51396510452
-0.66230694897   -0.300207017096   -0.68645848544
0.15049375091   0.844237532827   -0.514407055844
0.216457284886   -0.962302375965   0.164682667674
-0.901983856758   -0.261665058259   -0.343447986506
0.373592513266   -0.0741992890709   -0.9246205165
0.702907502774   0.558278589227   -0.440733546891
-0.0954912588054   0.688091741608   0.719312987942
0.704842153986   -0.463524294877   0.536975573023
0.563085829191   0.81218621739   0.152603726183
0.810931530345   -0.578604041062   0.0872205065282
0.159136425927   0.0746385419692   -0.984431148428
-0.964640538684   0.246179554911   -0.0941501878464
0.234710318999   0.964864789312   0.118097436468
0.119915375506   0.0918235541085   -0.988528571984
0.0700576238016   0.930541973483   0.359421152596
0.765182280936   0.18103125783   -0.617837972798
-0.639990629845   0.318306957628   -0.699351610019
0.733332435139   -0.35490393198   0.579885108136
-0.582967597199   -0.767115044995   0.267737349576
0.349817552717   -0.534394710684   -0.769447836441
-0.3634007209   0.768703137042   0.526341527101
0.44127941284   0.63959600735   -0.629435800686
-0.82049521379   0.00352625630308   -0.571642519118
-0.610039587454   -0.640764329216   0.466125279451
-0.758288521779   0.301425096648   -0.5780496768
0.229891755999   -0.706090635482   -0.669765477618
-0.197435938462   0.585686432226   -0.786123688302
0.314536023543   0.797358114222   0.515060314505
0.928485939634   -0.145572802373   -0.341646629007
0.0440875374095   0.948142897055   0.314771879001
0.181917658041   0.302191242342   -0.935727748196
-0.982324923199   0.0985164951487   -0.159161067619
-0.825586847034   0.463610072583   -0.321670730102
0.564274951391   0.677930201575   -0.471173451104
-0.000370454966219   -0.570505339495   -0.821293808798
0.377907734247   -0.890555113579   -0.253174513082
-0.925651339385   -0.368996185011   -0.0837341826351
-0.0188505249425   0.265995122372   -0.963790045904
-0.518910847802   -0.852056285616   0.0687867587175
-0.839926584159   0.49325194506   -0.226331287978
0.158917794021   -0.175221587814   -0.97161851048
0.359463333102   0.731090765143   -0.579907238512
0.932323159034   -0.255071793172   0.256343339014
0.0394922686583   -0.632806979616   -0.773301808652
0.252714082829   0.966561835268   0.0435179381722
0.738124289581   -0.221676774178   0.637206356623
0.625546261655   -0.12890937279   -0.769463610664
0.843048334827   0.198749399261   0.499768127674
-0.441137353636   0.78709946237   0.431129066016
-0.307680581728   -0.583929030474   0.751238675121
0.96669132883   0.253439402202   -0.0357259594241
0.251051361797   -0.911760161626   0.325064026635
0.0498105260491   -0.323205626628   -0.945016949272
0.793749997446   0.339520496572   0.504665011628
0.600242732748   -0.571378834588   -0.559673913246
0.0983341412573   0.747162672912   -0.657326659181
0.685227086443   -0.489948328085   0.538901174438
-0.701655964375   -0.642479914457   0.308055948126
0.195301683713   -0.589211503049   -0.784019806518
-0.923346610926   0.339638030307   0.17910065455
0.378753533586   0.882262668889   0.279568138172
-0.0630618496974   0.325973298683   -0.943273349384
-0.295449864884   -0.904316641368   -0.308092176929
0.0940422300587   0.29339314035   -0.951355098878
0.950718379072   -0.310051410802   -0.00163901004073
0.668260005039   0.699100086576   -0.254337639003
0.0848034090933   0.268068845759   0.959660083436
0.739078444734   -0.662871151041   0.119853617579
-0.282099420933   0.345524581925   0.89500429049
0.0657164497203   0.937661795598   -0.341279512003
-0.957131790792   -0.0374582482569   -0.287220498384
-0.916275237818   -0.391581767061   -0.084281719647
-0.394026042288   0.918993497401   0.0139438063122
0.0719942119901   0.0459855568745   -0.996344399291
0.069379960711   0.459951493568   0.885229374014
-0.056421038213   0.887756479437   -0.45684253268
-0.9959935178   -0.01824984337   0.087543450459
0.000741283198701   0.849487998007   0.527607421992
0.30793912728   0.501775110034   -0.808328666348
-0.951405772733   0.163070169534   -0.261218635283
0.838608637848   -0.543222237234   0.0405604918702
-0.487653292587   -0.715467450123   0.500300503741
-0.242754647237   -0.439335781366   -0.864901296366
0.264308279351   0.327623290843   0.90708550466
0.892506853758   0.273326881854   -0.358781175162
-0.365475921863   0.904408864924   -0.220163474685
0.606056711185   -0.0629774053233   0.792924403236
-0.75714301511   0.2598442745   0.599345816437
-0.243782110702   -0.963594727792   0.109797463873
-0.756767618721   0.546828695723   0.358163578255
0.286107625433   0.769727893952   -0.570667500337
-0.587745861682   -0.32938935442   -0.738957005022
-0.802120543548   0.390661449375   -0.451648387122
0.518351635636   0.831022058927   -0.201776905047
0.296503314401   -0.395962080949   -0.869079866871
0.877232814309   0.252761510373   0.408135036935
0.479923282287   -0.441069507059   -0.758374137917
-0.0116718729729   0.861144185846   -0.508226778677
-0.440705681716   -0.822396020117   0.359782278885
-0.44045699621   -0.151122029924   -0.884963144182
0.782161196041   -0.548476907597   -0.295629743496
0.244752631055   -0.96786771009   -0.057690946927
-0.636790316165   -0.115591162424   -0.762323275526
0.731159519415   0.223317663733   -0.644620026244
0.0164409931893   -0.999862373125   0.00222003400479
-0.796949289704   -0.0117635079981   0.603931659643
-0.603822427029   -0.0116984908262   -0.797033011819
0.192752812356   -0.110328179464   0.975025151545
-0.711323231669   0.668757107751   0.216294223042
-0.675918348188   -0.735249361543   0.0504258161412
-0.212463899082   0.380123033086   -0.900203072259
0.925393242605   0.374162382744   -0.0604140536605
0.313857353152   -0.845877645441   -0.431259284904
-0.0849212183511   0.491052798305   -0.866980701025
-0.87235808271   0.383784621212   0.302821300525
0.48143510695   0.782033575876   0.395782420022
0.542675414474   0.573143474636   0.614011361464
0.485728151643   -0.810526966236   0.327283057468
0.685252914789   0.12063413483   -0.718244977906
0.835546608947   -0.393039575984   -0.383903315937
-0.494648892568   -0.234015568678   -0.836994137791
0.239132468222   0.889244963622   -0.389947505846
0.976651904935   -0.156848028907   0.146798339276
-0.179603218154   -0.221215166734   0.958543965625
-0.117871712529   -0.962529244145   -0.244220624744
0.333545627452   -0.365230363948   0.869111095119
-0.295239891103   0.835060515342   0.464227683814
-0.895310404893   -0.411437379157   0.170700210671
-0.567090779288   0.100936082094   -0.817447218711
-0.763241273236   0.308690919532   0.567602567847
0.309630112998   0.945791638539   -0.0980171903033
-0.711391609899   -0.397596145578   -0.579516421154
-0.279553808858   0.916632813239   -0.285716561729
0.644803571112   -0.0412503419938   -0.76323440958
0.177550265591   0.53708761468   -0.824628884618
0.964334776329   0.0721928226228   0.254650025572
0.196301661609   -0.840431490676   -0.505114409941
-0.319652933922   0.252078684319   0.9133883833
-0.037925426712   0.959786805931   -0.278156339438
-0.946775403062   -0.123554134181   -0.297238476788
0.967537898764   0.0418617765144   0.24923484131
0.232769620601   0.236489334936   -0.943340393594
-0.0984312865981   0.97073188169   0.219068244367
-0.519000338369   -0.822559332984   0.232453850245
-0.266380314992   0.414049653503   0.870404740462
-0.81220697889   0.389819224969   -0.43400552449
-0.86851559575   -0.427295997266   -0.251194726578
-0.415468420138   0.903961609473   -0.101189922753
0.270308438284   0.0164784501549   -0.962632748702
0.0510159338912   -0.969676766566   0.239006993351
-0.448343967367   -0.236084370216   -0.862120558313
0.892404090877   -0.0631754582182   -0.44679279321
0.0275440026407   0.997452393534   0.0658031196194
0.91620076638   -0.0515168606312   0.397394223353
0.399771789403   0.0493430410881   -0.915285627929
-0.110028486886   -0.99070441403   -0.0799906000465
-0.97500097281   0.0919519850204   0.202281821898
-0.193046199375   0.100247675649   -0.976055105224
0.54488890357   0.315189131122   -0.777014732414
-0.0449870171371   0.93631739033   0.348261270965
0.837300573901   -0.15480812701   0.524368375054
-0.634675705619   0.093194702114   -0.76713851174
-0.394591052397   0.814452877667   0.425399120155
0.664443112738   0.572696479436   -0.480139659241
0.337818250496   0.805094788186   -0.48754611235
0.786237057334   -0.526141041386   -0.324047672795
-0.517407111767   -0.273857602788   -0.810735403253
-0.776696843521   -0.470004856459   0.419329760654
-0.629463475925   0.555134079308   -0.54369282363
0.0227540269208   -0.686237268659   -0.727021777777
0.675116067269   0.73070266127   -0.101449083425
0.631891769316   -0.501814230434   0.590673573139
0.380698158108   -0.462878060558   -0.800507847224
0.991694409706   -0.0308118379462   -0.124871247289
-0.024185217022   0.908887483636   -0.416339545763
0.126322100342   0.415901638289   0.900593445587
0.921306715501   -0.0548174851305   0.384953217023
-0.322558615071   0.445113207288   0.835362300168
-0.217140221553   -0.893794873571   0.392403934947
-0.874722195641   0.484248033178   0.0191029530943
0.415265176977   0.72862876252   0.544660407244
0.249831769884   0.484359338501   -0.838439096157
-0.820307158248   -0.286253295041   -0.49513151506
-0.570599990438   0.35076548589   0.742549139667
-0.0388820914996   0.891640412378   -0.451071566355
0.400618433148   0.363153612778   0.84120409209
-0.791727897932   0.59930325659   0.118332338257
-0.461163535699   -0.713410863505   0.527610778107
-0.687469504372   -0.482186820426   -0.543029972254
-0.282790297464   0.866481097441   -0.411388083733
0.668891118358   -0.129253154643   -0.732037084987
0.928290850774   -0.0759230055143   -0.364021693863
0.352056311973   -0.135725397852   0.926085832727
-0.119718209011   -0.987833140572   -0.099263471728
0.535275396799   0.843986149412   0.0341705894425
0.840346493482   -0.536186239336   0.0795115566438
0.0854284523746   -0.0138454450144   -0.996248103224
-0.306676509927   0.87643757855   -0.3712232336
0.148937195192   0.429399884099   0.890748815
0.940088947998   0.217882790604   -0.262221012529
0.780113809437   0.568611311629   -0.260966704032
0.424265089017   -0.787359607888   -0.447285123951
-0.45980602276   0.238214240033   -0.855472031851
-0.392569225952   0.885889073424   -0.247163816978
0.857589038253   0.449682105472   0.249653851335
0.332310764651   -0.113958560919   -0.936260114546
-0.88281671821   0.464281775088   0.071253599002
0.323725038637   0.711302846296   -0.62389931897
-0.340347971066   -0.527722175176   -0.778249679999
0.0363762480986   -0.977119484796   0.209557345391
-0.634926351332   0.139335305504   0.759904073568
-0.771715813599   -0.160695939815   -0.615330413654
-0.373631022841   -0.407357068128   0.833342713304
-0.407773397657   0.879072658937   0.246884824307
-0.833139072984   -0.247571160187   -0.494558192441
0.348361739235   0.0911940005907   0.932913582758
-0.337531220846   0.940697073775   0.0340835788289
-0.874480859477   -0.326760875332   0.358483691066
0.99999756262   0.000437621789813   0.00216407964331
-0.000439369644287   0.999999577645   0.000807256979129
-0.00216372545606   -0.00080820584244   0.999997332544
0.754292235892   -0.58405550202   0.299870627825
-0.370000260549   -0.755464307654   -0.540715717411
0.542349546018   0.296905457042   -0.78594154968
0.872577805055   -0.204543066207   -0.443587768308
0.14931421949   0.976329308643   -0.156481132868
0.465094869875   0.0703080020499   0.882464473429
