0.205777039198   -0.173278134974   -0.963135763057
-0.810054602317   0.522041305719   -0.26699141632
0.549060426005   0.835133260662   -0.0329406364866
0.680117834067   0.220534272924   0.699145454287
-0.586664785774   0.735618299083   0.338659337959
-0.439618199029   -0.640492273584   0.629686816253
0.89568580557   0.127435382831   0.426036572261
-0.167078283402   0.984304040567   0.05683663377
-0.412106521323   -0.122089225264   0.902918842509
-0.742957571627   0.558414065642   -0.369036282843
0.65457157418   0.721331377946   -0.226311947247
0.13982167585   -0.409700835347   -0.901440582889
0.729715664163   0.548432232291   -0.40833458837
-0.204819761442   0.745103105215   0.634720590435
0.652352600054   -0.379530564229   0.656043166277
-0.239082341005   -0.765116167788   0.597860254582
-0.907197291348   0.395518177013   0.143382168427
-0.346168613237   -0.508097059075   -0.788672726654
-0.63694280758   -0.765549649949   0.0907611884881
-0.528277550175   0.347694543347   -0.774616895315
0.561450523068   -0.541333758406   -0.625884232232
0.492574073773   0.855924366192   0.157366645787
0.829719477798   -0.51643477336   0.211803477372
0.262557365178   0.0262412694773   -0.964559498303
-0.875469133204   0.458702954729   0.152136110537
0.462000434478   0.886752099508   -0.0150436884191
-0.141807599757   0.0571166643074   -0.988245056304
0.654171450449   -0.754088522866   -0.0583970298795
-0.745313965846   -0.629566002431   -0.219439606496
0.128712104066   0.187075247601   -0.97387681254
0.892024417513   -0.433616204802   -0.127551658135
-0.0426976224763   0.20009855837   -0.97884497239
0.449965944928   0.878599768877   0.159978418963
0.190998833715   -0.152290627974   -0.969704599428
0.494992727262   0.868029231705   -0.0388259303031
0.847644763729   -0.472581016904   0.241175324163
-0.176096166763   -0.808468733221   -0.56157675117
-0.7099147247   -0.290900376574   0.641403191887
-0.68191731442   0.511620248146   -0.522717416949
0.688147269772   0.689526884463   -0.225845103351
0.700334290738   -0.549837059404   0.455204447829
0.189697697198   -0.471414768234   -0.861268192823
0.391500891943   0.609709952789   -0.689188526513
0.705471194442   0.281992888244   0.650223349929
0.590793911124   -0.740765674454   -0.319732341388
0.76321459575   -0.0597027558592   0.643380961622
-0.160574056276   0.946960506097   0.27835547838
-0.625874950198   -0.315755254645   0.713147366172
-0.340101645578   -0.671373696966   -0.658474167829
-0.918549846574   0.0871430687153   0.385580426024
-0.201487096443   0.735977883226   -0.646327707413
0.655290873837   -0.716722708495   0.238542301896
-0.68874009566   -0.696596033137   -0.200975240385
0.310211139865   -0.0325964069354   -0.950108690076
0.0884324223098   0.882109720075   -0.462668508149
0.942330512161   -0.224609411089   -0.248120572102
-0.322789269547   -0.414044749029   -0.851101658597
0.486371862849   -0.20293040708   0.849859788972
-0.771014323216   0.357923307747   0.526714172172
-0.411070948163   -0.911433023131   0.0176215754715
0.520932513507   -0.313767390019   -0.7938383597
-0.663204822307   0.436709544449   -0.607819165094
0.537390621466   0.843110193716   0.0194041545194
-0.561795794199   -0.106242164701   0.820425553027
-0.436899904009   0.880241631588   -0.185184081112
-0.702498369748   -0.462479483285   -0.540933238064
0.852785593098   -0.481146980408   0.20311158374
-0.486376777175   -0.589998950091   0.64446789642
-0.190248161175   -0.648381694788   -0.737161322259
-0.210065929596   0.775898685368   -0.594855894539
0.654616815398   -0.340297907968   -0.675036412967
-0.726188081851   -0.531204822904   -0.43643133011
-0.0756729727929   0.669461355331   -0.738982472666
0.794319815811   0.488472749268   0.361179184661
0.602768306564   -0.559656918962   -0.568730605524
0.844037373859   -0.158001067302   0.512480803797
0.328367909547   0.907793601068   -0.26093158843
-0.423999324892   0.388518262881   0.818094207228
-0.0226066475141   -0.51888508376   0.85454503061
-0.565823597805   0.711330774705   0.416955855128
-0.824216352456   -0.47409576966   -0.30967822903
0.83665533077   -0.190539846406   0.513519643661
-0.00176706982631   0.936598177845   0.350400814384
-0.547726879894   -0.294072134328   0.783273161071
0.721023425931   0.590147629763   -0.363112922304
0.668999483584   -0.729377639714   0.1429963274
-0.18045750254   -0.346026059381   -0.920706824134
-0.922628497563   -0.257366950206   -0.287261045787
-0.185802758135   0.949265785525   -0.25371598984
0.337985192803   -0.180711707902   -0.923639154688
0.806315100024   0.459483089032   0.372466441935
0.588583678556   -0.560986765355   -0.582119491543
-0.0585253176959   0.688599404582   -0.722776346596
0.00583040599581   -0.999977686912   -0.00326068144755
-0.841311722057   -0.00666776580246   0.540509137045
-0.540518818077   -0.000408138189701   -0.841331825576
0.954083339521   0.0723995692518   -0.290660082607
0.287099883448   -0.49777865228   0.818407032142
-0.0854320675918   -0.864276990152   -0.495708226803
-0.18656346267   -0.318134062803   -0.929507822711
-0.53287292539   0.827624017451   -0.176309191829
0.825372957991   0.462416699333   -0.323929431197
-0.930059836447   0.289453995992   0.226285405701
0.307818900096   0.277632593245   0.910037179412
0.200589694084   0.916043954935   -0.347314334941
-0.365581375869   -0.913025280992   0.180928421998
-0.366960574415   0.320020815399   0.873456704443
-0.855388914145   0.252925906108   -0.452037931569
0.959023311008   0.251863802874   -0.129764840173
0.253639677719   -0.559096115966   0.789353182675
0.12625847627   -0.789921615044   -0.600068862095
0.286316822149   0.176120032786   0.941809116226
0.850258950159   0.40642158754   -0.3344864883
-0.441681327462   0.896550738795   -0.0333822967818
0.9101235331   -0.270408995708   0.31393332021
-0.170557879747   -0.935009407642   -0.31091384221
0.377604507592   0.229426203085   -0.897094450537
-0.220073223421   0.967519118896   -0.124396667575
0.826864097186   0.252680100299   0.502442565571
0.517555350777   0.00771501676191   -0.855614946923
-0.732101018976   0.681161566367   0.00685700508939
-0.22978141269   -0.256416329814   0.938856308594
0.641271081834   0.685762047877   0.344240923328
0.497869951396   -0.0652808027876   -0.86479126284
-0.842438674834   -0.273224671611   -0.464376310731
-0.205967450441   0.959732616728   -0.191025426968
0.0153765698267   0.215340054646   -0.976418056964
-0.895844342119   0.436698654956   0.0822021864191
0.444101875467   0.873454604215   0.199626096947
-0.43551135148   -0.266875675285   0.859713461959
-0.647134454187   0.756691001176   -0.0929286120858
-0.62573705415   -0.596821667402   -0.502251965037
0.775949032164   0.484036724535   0.404489244337
0.613962563994   -0.432382506137   -0.660375149745
-0.144751751275   0.760758711871   -0.632687215625
0.0218122524846   -0.999088415659   0.0366955492868
-0.37727249017   0.0257650023841   0.925743826776
-0.925845394114   -0.0340367793432   -0.376366581738
0.710815864016   0.504401425391   0.490224448112
0.411686915654   0.266757090372   -0.871409512351
-0.570311047536   0.821230696455   -0.0180402953957
0.561301446286   0.812188525538   -0.159029825447
0.122748379758   0.108331110843   0.986507580148
0.818458014601   -0.573248784916   -0.0388884163739
0.731377701313   -0.417984405682   -0.538865191517
-0.671950667881   -0.306713043982   -0.674098960529
0.116485870201   0.855111773547   -0.505187981632
0.202487100548   -0.963281976287   0.176314515205
-0.899877442511   -0.254047711067   -0.354514243666
0.386289480276   -0.086876893717   -0.918277105653
0.701653077633   0.565665801694   -0.433249534842
-0.107366272046   0.685048429948   0.720542248763
0.704383022421   -0.459054298988   0.541399767552
0.566415412735   0.813254903644   0.133379315916
0.812162970226   -0.578307556206   0.0771471336456
0.139874550975   0.0646284158359   -0.988057831231
-0.962530405127   0.253612022079   -0.096000840952
0.244156847296   0.964551474439   0.100139338305
0.117994292765   0.0729478952028   -0.990331233205
0.0542494214411   0.925827618493   0.37403237976
0.770102543412   0.199647116261   -0.60587383307
-0.635609213985   0.320911591882   -0.702151463213
0.742937516955   -0.348908585087   0.571232566608
-0.573167709443   -0.772383664963   0.273682756033
0.345720440172   -0.530741248963   -0.773815936704
-0.351371409917   0.769844373166   0.532801814371
0.464530172669   0.637453244174   -0.614707312607
-0.812865210827   0.031511943711   -0.581598784757
-0.59420759045   -0.657476196769   0.463295143654
-0.771672177367   0.303591067176   -0.558886853137
0.226802535545   -0.689606782604   -0.687752204836
-0.221405075274   0.533388445074   -0.816380156118
0.31421026073   0.831529988982   0.45807181694
0.923174796393   -0.155095596599   -0.351701082201
0.0101304549401   0.939632610884   0.342034984243
0.172208150823   0.33530254121   -0.926237852092
-0.98500849066   0.0682844229777   -0.158415627088
-0.818442754566   0.477128320603   -0.320156248069
0.574586161485   0.681057406693   -0.453884954387
0.00148341801261   -0.555436201977   -0.831557830222
0.371460728778   -0.887347105589   -0.273188654923
-0.92765066928   -0.366908237902   -0.069588653849
-0.0384858774179   0.279273090653   -0.959440137829
-0.506059540599   -0.858211452045   0.0858885612145
-0.844491624196   0.472789320308   -0.251603170223
0.175321527577   -0.199858355296   -0.964011929276
0.357965834935   0.685970942861   -0.633485853488
0.933246856715   -0.284770970469   0.218988124816
-0.0301788908208   -0.669588948482   -0.742118504432
0.257441406255   0.966112600836   0.0187180354697
0.75368107333   -0.21288176403   0.621808808435
0.60472205355   -0.145971905002   -0.782945362653
0.840989106329   0.201080997477   0.502298472514
-0.443361615   0.7882253112   0.426768481882
-0.310109337784   -0.581607506173   0.752040495839
0.913715233259   0.401372316419   -0.0634408080246
0.399515266787   -0.858795733354   0.320713953513
0.0742430071774   -0.318386796187   -0.945049111898
0.778931525757   -0.620722515679   -0.0892705814473
-0.358322342577   -0.557365220973   0.748965359185
-0.514655979264   -0.551405086102   -0.656568087884
0.699981961049   -0.481426976423   0.527497223289
-0.687896426763   -0.652984388228   0.31687520379
0.191895180377   -0.584670381585   -0.788249189435
-0.92272634272   0.345805738092   0.170277678963
0.378499194424   0.896418476422   0.23059114239
-0.0729003173528   0.277222485797   -0.958036135591
-0.289548767594   -0.904591739943   0.31285027603
0.0778076863581   0.303525204396   0.949641202897
-0.953995532028   0.29930959611   -0.017501158483
0.677991926031   0.687606291243   -0.259854837322
0.0980692869644   0.265736634559   0.959044553714
0.728498018659   -0.675708242733   0.112734233987
-0.279067083261   0.353723173132   0.892749393632
0.0747149428245   0.934864112985   -0.347054415866
-0.957360559225   -0.0301497436669   -0.287318207912
-0.916342031202   -0.391264603191   -0.0850252441472
-0.394040102819   0.918915607129   0.0180694312487
0.0710610949994   0.0500611352791   -0.99621493841
0.0672210722388   0.450360501414   0.89031272383
-0.055277467669   0.892641589407   -0.447364945463
-0.996205666022   -0.0191418814907   0.0848991128212
0.00654011271511   0.857046623586   0.515197352405
0.300970797244   0.489631773551   -0.81833813643
-0.953610930166   0.160411381542   -0.254743758588
0.851031950975   -0.522438311996   0.0529417470313
-0.476536965751   -0.726018976602   0.49579125233
-0.220583631971   -0.447162896238   -0.866826514093
0.258842671279   0.319201833763   0.911652708463
0.895777672334   0.273767476323   -0.350190991682
-0.361362467991   0.907282512909   -0.215071170772
0.603238902914   -0.125132921074   0.787683044171
-0.737049547833   0.289882337579   0.610513058336
-0.304730684459   -0.948846659068   0.0826391403986
-0.76924244118   0.520861695893   -0.370093448252
0.265740986805   0.787540568643   0.556023003727
0.581074689364   0.329367494591   -0.744223930606
-0.794575045233   0.403150196632   -0.454004863905
0.53228407539   0.822254095944   -0.201424588344
0.292102996527   -0.4017065106   -0.867933015135
0.874046703215   0.243544067841   0.420391065103
0.485837751984   -0.441720078399   -0.754218172074
0.00200981256951   0.86346375683   -0.504406880697
-0.440956761235   -0.820796690095   0.363111454309
-0.436845441674   -0.157139585414   -0.885704923089
0.784042852662   -0.54918115793   -0.289269529963
0.252088810682   -0.965278428243   -0.0684747216035
-0.645879287657   -0.115138353986   -0.75470729771
0.720618607382   0.234479669504   -0.652478434344
0.0109287553399   0.78114008508   0.624260145924
0.999702994012   -0.02213506933   0.0101961987275
0.0217827011515   0.623963305161   -0.781149990554
0.191513143604   -0.0531088940091   0.980052121677
-0.74852146318   0.637974971369   0.180841242709
-0.634853002659   -0.768223522995   0.0824274452559
-0.225601657627   0.356688080944   0.906574599792
0.925401331396   0.369340303858   0.0849712645294
-0.304526300877   0.858114999787   -0.413403409777
-0.0828553488365   0.479681164344   -0.873522164425
-0.869875655634   0.392885871934   0.298256660227
0.486262619275   0.784567825117   0.384710271358
0.527958131718   0.580533265804   0.619872033929
0.491836073876   -0.804035513439   0.334102034659
0.692356474359   0.128483541451   -0.710024289718
0.835897428512   -0.385636599784   0.390589172807
-0.498447926311   -0.235346298617   0.834363101103
-0.229837233195   -0.892130333883   -0.388945129296
0.980478244999   -0.155805618136   -0.119945906308
-0.15345769127   -0.224952302184   -0.96220953993
0.122935544384   0.961832142892   -0.2444704089
0.33513282321   -0.422995585518   0.841879281988
-0.236354359173   0.827234708724   0.509724782194
-0.912043095313   -0.369807343512   0.177256652844
-0.56640043302   0.115790204759   -0.81595537743
-0.770135704746   0.278110786409   0.574060438245
0.29339656738   0.95354445044   -0.0683478989047
-0.706894782647   -0.417231551854   -0.571154618649
-0.280181158197   0.906613200393   -0.315517073174
0.64945999481   -0.0630106103005   -0.757780560671
0.176566218961   -0.851454991364   -0.493810457568
0.146697876505   -0.473325414191   0.868586659643
-0.973295486145   -0.225804007854   0.0413333604505
-0.32017014657   0.251044136004   0.913492155972
-0.0427722766884   0.959436388853   -0.27866170905
-0.946394003358   -0.128291299478   -0.296445159998
0.967929218942   0.0576109034927   -0.244528139315
0.224563980956   0.237941109127   0.944962987129
0.112623468137   -0.969569498482   0.217372818077
-0.515500035978   -0.822971363005   0.238700332175
-0.278084346149   0.424161017063   0.861833236787
-0.81051144923   0.377896238772   -0.447510472937
-0.858640723151   -0.449947316294   -0.245527027242
-0.432688887162   0.893055062177   -0.123421970682
0.274802539059   0.000261686026221   -0.96150064797
0.0397800426152   -0.989059628244   0.142051399101
-0.530283665514   -0.141389079707   -0.835947583422
0.846886522681   -0.0420735061142   -0.530106628693
-0.00270466442924   0.999964696084   -0.00795558778062
0.941740136965   0.00522274607819   0.336300813785
0.336330491064   -0.00658251547759   -0.941721015625
-0.114689606117   -0.987209234771   -0.110743943543
-0.967954994251   0.0859847778286   0.235944372866
-0.223404170404   0.134255520425   -0.965435669468
0.550007259749   0.322654365906   -0.770315632962
-0.0379731891323   0.931064663312   0.362872745793
0.834296141146   -0.170331303329   0.524344539378
-0.634845105389   0.0761920809793   -0.768873499972
-0.37834658767   0.836996236317   0.395336767818
0.673665756708   0.541878277095   -0.502535950009
0.307659217725   0.838551359105   -0.449641439251
0.820918020434   -0.472859341482   -0.320152536925
-0.481081499827   -0.270620881152   -0.833861456843
-0.76718644725   -0.474063644078   0.432074781167
-0.640207538967   0.524467117524   -0.561309673607
0.0394874942931   -0.707246706602   -0.705863183481
0.679839942813   0.727228399006   -0.09463882837
0.625309294349   -0.50740454198   0.592898741084
0.383152630888   -0.462254785218   -0.799696551816
0.990594315205   0.0235053220862   0.134797635427
0.0346403498966   0.909963880329   -0.413238166989
-0.132374275606   0.414020816301   0.900590814314
0.918137157896   -0.0610228947875   0.391535905892
-0.325180094959   0.448634427108   0.832457240137
-0.226455437412   -0.891629607587   0.392064507117
-0.876117680801   0.479859229432   0.0463996693679
0.397501148352   0.66456896936   0.632724997153
0.272783149126   0.572785478948   -0.772985218914
-0.819969758489   -0.282522720035   0.497825780598
-0.570730389507   0.337013015537   -0.748791726618
0.0437769078122   -0.898110872901   -0.437584783007
0.398572448014   0.367236988303   0.84040287845
-0.79245564391   0.59918026854   0.114004641254
-0.461686101285   -0.711421113135   0.529835770466
-0.684683145214   0.483446161868   0.54542533791
0.293872905659   0.867936993217   -0.400404908967
-0.666969044243   -0.113864763559   -0.736333558682
0.927573505773   0.364939438547   -0.0801660625325
0.123898287156   -0.0980034286094   0.98744343758
0.352500504721   -0.925858808984   -0.136120755205
0.4826642625   0.875151593634   0.0338363394202
0.871382953501   -0.483746127132   0.0817400320052
0.0879031174239   -0.00996858288484   -0.996079148111
-0.320742786582   0.878458378406   -0.354167957704
0.107250292047   0.40520285381   0.907914105034
0.94107461963   0.253222283128   -0.224180810097
0.777110825933   0.564186947922   -0.278911907261
0.413088873907   -0.791586857919   -0.450275280937
-0.474822436782   0.234698389777   -0.848210067946
-0.375994599281   0.893567046593   -0.245287575213
0.865632337182   0.433166228452   0.251092961577
0.330618689938   -0.117919259542   -0.93636869346
-0.885759617339   0.46007111416   0.0613552785637
0.308500959782   0.682332467154   -0.662759052809
-0.346780994441   -0.568117042679   -0.746314925291
0.0483642994547   -0.981164855871   0.187019838901
-0.62215791496   0.116886571714   0.774116953829
-0.781396457242   -0.153795497195   -0.604786343804
-0.370033070647   -0.426685024623   0.825236582072
-0.39923452624   0.875117768054   0.273460573198
-0.838860727228   -0.228273480278   -0.49416990855
0.34801097158   0.107486132866   -0.931308270607
-0.351037539217   0.936075435312   -0.023139262424
0.869287644983   0.334976880764   0.363496189297
0.999997065252   0.000462644648327   0.00237811845668
-0.000464693028088   0.999999521486   0.000860864344289
-0.00237771904443   -0.000861966912935   0.999996801727
0.753920594384   -0.587616840769   0.293785952366
-0.375919408349   -0.75260165063   -0.54062496603
0.538784127262   0.297148454333   -0.788298458896
0.872167206771   -0.215077891541   -0.439392608044
0.161825278028   0.974447930527   -0.155768450219
0.461667567439   0.0647513031701   0.884686569307
