0.202509078421   -0.551718721395   0.809071397109
0.964030748153   -0.032920474984   -0.263744116411
0.17214758137   0.833380282218   0.525207116706
0.677439811472   0.263627601888   0.68671376086
-0.6123939268   0.719305214226   0.3279842789
-0.407491079964   -0.642728944665   0.64872993105
0.895585665637   0.130222186657   0.425403922886
-0.16942977667   0.983979226328   0.0554836276077
-0.411363423608   -0.121766433212   0.903301206387
-0.747829145033   0.548688369141   -0.373754790482
0.650019777685   0.719628861516   -0.244148705282
0.135003179432   -0.42552952335   -0.894817727976
0.729589583058   0.552403992424   0.403173497947
-0.21115065923   0.742684723573   -0.635479976457
-0.650472473975   0.378509221189   0.658495504977
-0.232121536453   -0.759966387318   -0.607100224396
-0.914132734506   0.38372447529   -0.130831459395
0.332386726599   0.524601388875   -0.783780866551
-0.634712515242   -0.768201731812   0.0837025820162
-0.536057723356   0.359693971567   -0.76371615411
0.556580758044   -0.529609616661   -0.640102736844
0.494828635361   0.855314490433   0.15356348551
0.829636728   -0.517562081486   0.209361867016
0.258548875804   0.023803660707   -0.965704853751
-0.880837319312   0.448645042639   0.151139811507
0.451221115162   0.892214972263   -0.0187602905556
-0.143265914088   0.0516727102511   -0.98833436087
0.662138272722   -0.747456600402   -0.0536799619262
-0.737802678219   -0.637688964906   -0.221359418253
0.131225438878   0.186175762529   -0.973713751386
0.887980952117   -0.440988752317   -0.130455927454
-0.0429282557214   0.202950135949   -0.978247620584
0.457872245871   0.874265498947   0.161284977022
0.193506033151   -0.140842837824   -0.970937026881
0.494178399923   0.868923687043   -0.0275560364439
0.847551251656   -0.474483847068   0.237743464027
-0.167083757352   -0.822079233295   0.544305752509
-0.726655285493   -0.270451184928   -0.631528505007
0.666374604929   -0.501040807476   -0.55218021981
0.689595431937   0.691678010246   -0.214568568045
0.695990336354   -0.551099372633   0.460311778239
0.200138931629   -0.466766549385   -0.861436820911
0.405976968162   0.610569334446   -0.679991021379
0.702122261299   0.267898608177   0.659738331405
0.584984642114   -0.745275401158   -0.319933657059
0.762355179662   -0.0420168998563   0.645793434598
-0.176267818744   0.946680662346   0.269676435038
-0.622691124168   -0.31942182716   0.714300679137
-0.342980365893   -0.680350733635   -0.647678429357
-0.920660113014   0.106643241807   0.375515878868
-0.186411976324   0.725086269502   -0.662948321412
0.655707107487   -0.719666571316   0.228316042627
-0.692708807016   -0.693721345582   -0.19724401985
0.300337639787   -0.0288222277863   -0.953397388979
0.0818259130988   0.887766008974   0.452963611403
0.946593898052   -0.211445386963   0.243414955379
0.311872589555   0.408854939608   -0.857655598852
0.48526871842   -0.855327218917   -0.181465201906
0.39244921667   0.0276053462034   0.919359318872
-0.781343639674   -0.517352194777   0.349068508034
0.528645112436   -0.317655231683   -0.787165483797
-0.659332291337   0.430392232679   -0.616476646476
0.534616942023   0.844900988184   0.0180843984756
-0.561284483676   -0.0994873127996   0.821621569201
-0.4448872533   0.873387442597   -0.198165857214
-0.697878972484   -0.476756384022   -0.534479457097
0.861050956795   -0.470020228847   0.194093364846
-0.472450490622   -0.598229958765   0.647233690677
-0.188100461761   -0.649000694075   -0.737167766099
-0.213796694567   0.76911421526   0.60229087431
0.646216304108   -0.351020100046   0.677635136094
0.732595018887   0.534086335014   -0.421967208506
-0.0803200670676   0.672332861652   -0.735878529358
0.788599224078   0.494395690993   0.365628451452
0.609639197075   -0.550945935525   -0.569911068079
0.843518800037   -0.331100977994   0.422904452986
0.161696423249   0.90740357625   0.387908515655
-0.512181901957   -0.258825988225   0.818949819664
-0.0217437544489   -0.519972281754   0.853906338746
-0.565826364615   0.710555031261   0.418272725212
-0.824237668545   -0.474067899945   -0.309664160007
0.836522176539   -0.188857688139   0.514357290013
-0.00344044498215   0.936893952921   0.349596745291
-0.547922267751   -0.294215048239   0.783082814198
0.725125543995   0.586261896941   -0.361233904335
0.664678202145   -0.73299610697   0.144636076966
-0.179988424735   -0.344983616079   -0.921189704458
-0.922456122779   -0.250802750467   -0.293551838533
-0.195036289033   0.958847225407   -0.206331878995
0.333219968651   -0.133078843877   -0.933410131617
0.807289131836   0.44292855355   -0.389998146238
0.589157905084   -0.566448032901   0.576220087205
0.0343106469808   -0.694946704771   -0.718242199423
-0.0130599894626   -0.998860688096   0.0458994820473
-0.814219551176   -0.0160216749807   -0.580335961675
0.580410164588   -0.044951437216   -0.813082658243
0.956536545545   0.0783782085885   -0.280881992044
0.281664568329   -0.497759406522   0.820305214031
-0.0755176004907   -0.863766420763   -0.498201427515
-0.180150737703   -0.323091090589   -0.929062892859
-0.542724981766   0.820383048241   -0.180059013451
0.820362911078   0.471787877483   -0.323142217589
0.257519555529   -0.919813579654   -0.296018001488
-0.925616066161   -0.322752651672   0.197650256522
-0.277341984894   0.22310021184   -0.934509346605
-0.369430720725   0.323170197029   -0.871253101192
0.91877702421   0.267449969857   -0.290377845931
0.13917514997   -0.907761828552   -0.395725587062
0.958754374148   0.249171996542   0.13676025077
0.257684128115   -0.558911110488   -0.788173369691
-0.119953908519   0.790905611759   -0.60006614062
0.271729602264   0.182415712045   0.944927262414
0.844429607874   0.425788632456   -0.325027195504
-0.461629354136   0.886244068228   -0.0383378524461
0.906042844847   -0.284512622274   0.313271337771
-0.184133816318   -0.931566036473   -0.313495546026
0.381026378339   0.226356549401   -0.896427136778
-0.2223662629   0.958874064568   0.176390967521
0.85268457496   0.278992653746   -0.441692330452
-0.472739104315   0.052188384293   -0.879655677977
-0.734239129449   0.21349451428   0.644447820353
-0.678673599796   -0.206808488248   -0.704721501111
-0.0171768951004   -0.9548038236   0.296739974917
0.508712105953   -0.0704065014829   -0.858052980769
-0.836569126569   -0.275866169898   -0.473339151958
-0.20338163567   0.958613989495   -0.1992363657
0.0148608950106   0.220636663791   -0.975242849956
-0.897772020469   0.432350482794   0.0841335800374
0.440209669432   0.874295443554   0.204506538574
-0.432253658859   -0.254180475193   0.865187297892
-0.66344753012   0.739453038072   -0.114221623452
-0.610732469401   -0.623379090536   -0.488266689732
0.783984104888   -0.602023636072   0.151447894977
-0.483145232585   -0.438540526282   0.75779475522
-0.389794314367   -0.667270371303   -0.634673651626
0.0198098302915   -0.999030785739   0.039307248318
-0.378476750418   0.0288959261782   0.9251596483
-0.925398789721   -0.0332041352367   -0.37753750196
0.709976889311   0.513601964846   0.481815149565
0.401699785135   0.266595903685   -0.876107246152
-0.578420348247   0.815560939381   -0.0170368685224
0.566722796474   0.817815782783   0.100013086086
0.0664784878352   0.0756039301   -0.994919422068
-0.821222188334   0.570492235867   -0.0115206858765
0.729031858435   -0.401766793323   -0.554162424898
-0.677773590337   -0.310671837138   -0.666412762372
0.095579859952   0.86143279099   -0.498796588781
0.194447293288   -0.963909345476   0.181848903866
-0.898969046622   -0.249292114447   -0.3601501005
0.392485545401   -0.0934463235184   -0.914998842225
0.700598475719   0.569992599755   -0.429267063779
-0.114380175353   0.683518000294   0.720916304963
0.704328723897   -0.455973222349   0.544067522642
0.568031404057   0.813775574171   0.122921271093
0.812771945531   -0.57815667865   0.0716702134092
0.129391222899   0.0591960287013   -0.989825106583
-0.9613001059   0.257679681313   -0.0974848102741
0.249674591093   0.964401341032   0.0871358248819
0.116467613345   0.0594241975438   -0.99141518033
0.0445456342247   0.92294277896   0.382351034046
0.77255147226   0.210832815658   -0.598927162976
-0.63338764527   0.322065444602   -0.703629121209
0.74879008056   -0.34491959606   0.565989299819
-0.56691907766   -0.775697172837   0.277302462012
0.343389246542   -0.528511464688   -0.776375847804
-0.344207361501   0.770991615433   0.5358108073
0.477145380343   0.635138863725   -0.607396830585
-0.808612130942   0.0465891910014   -0.586494560057
-0.584887220969   -0.667886117296   0.460255443282
-0.779731354159   0.306658458013   -0.545875082295
0.223441164713   -0.678150959929   -0.700132359957
-0.234944788211   0.496855586049   -0.835425324673
0.317937708745   0.851487268677   0.416995257335
0.918540450851   -0.167642351134   -0.358021622609
-0.0101032726853   0.932060883281   0.362160784373
0.169371445538   0.358541180988   -0.918020443657
-0.985500500922   0.0520646846933   -0.161486938451
-0.81392344891   0.485539872089   -0.319029233656
0.580965342028   0.682873017046   -0.442903729892
0.0028090349528   -0.545834659216   -0.837888199058
0.367122850807   -0.884283760226   -0.288553363896
-0.92861760513   -0.366357133671   -0.0587519706183
-0.0537601698091   0.289524924678   -0.955659543003
-0.499125248333   -0.861149887238   0.0964098448613
-0.846458088946   0.46072864002   -0.266904147444
0.185425699767   -0.214825491911   -0.958888584712
0.356707392614   -0.929361475965   -0.0951161555439
-0.640313023949   -0.317354582932   0.699489313752
-0.680263968924   -0.188608896088   -0.708284982829
0.260250911135   0.965531906597   0.00419530660483
0.762518335713   -0.208191920344   0.612553599291
0.592313473555   -0.156218634124   -0.790417919456
0.839713496925   0.202537914925   0.503844853204
-0.444729660118   0.788916633331   0.424059046672
-0.311603550193   -0.580162855301   0.752538563022
0.879769542981   0.469084764453   -0.077233639048
0.467688851749   -0.824857528716   0.317611705183
0.0852800632744   -0.315546416677   -0.945070245924
0.769882833203   -0.632716437243   -0.0833686582717
-0.369679724898   -0.548630818707   0.749894076363
-0.520208923548   -0.546510873457   -0.656283887547
0.708532854294   -0.476796411697   0.520236846234
-0.679852023769   -0.658821859648   0.322110203234
0.18916241742   -0.581909734446   -0.790947938105
-0.922775644972   0.348424984736   0.164575633246
0.377115011395   0.904335113288   0.199905655386
-0.0791793990092   0.246532011889   -0.965894709524
-0.286100442515   -0.904750460627   -0.315552120557
0.0685026844871   0.309162380642   -0.94853887881
0.955747832334   -0.292993560324   -0.0264736585667
0.683544802141   0.680452947546   -0.264102801278
0.106735398934   0.264757478967   0.958389812105
0.722062364399   -0.683291492343   0.108345181764
-0.277268880651   0.358369266232   0.891455796349
0.0798866019632   0.933220163843   -0.35031165642
-0.957465455591   -0.0259151464836   -0.287381813157
0.91879224342   0.394198512555   0.0206965246026
0.391212083574   -0.916320425109   0.085498445559
0.0526680082872   -0.0704585780916   -0.996123320516
0.0660101028452   0.444963774893   0.893112481916
-0.0547790290443   0.895330851308   -0.442020276313
-0.996314169476   -0.0197460306876   0.083475565124
0.00988226671123   0.861050425514   0.508423549344
0.297373661927   0.482913833117   -0.823628031927
-0.954710032416   0.159331084561   -0.251281434842
0.858412280186   -0.509210974375   0.061907518134
-0.469954015697   -0.73232231976   0.492795335926
-0.205600535884   -0.452115254726   -0.867940214582
0.25533545273   0.313691864428   0.914549736631
0.897869995839   0.273951906552   -0.344644488523
-0.358654816156   0.909146724731   -0.211704878923
0.601538206632   -0.188548885606   0.776273858698
-0.710718150038   0.317361672719   0.627822650034
-0.364734831307   -0.929371231761   0.056900056292
-0.77707904399   0.503779762886   0.377298436119
0.251505912797   0.798055228589   -0.54758800932
-0.576968747177   -0.33062637921   -0.746855583196
-0.789822613986   0.410904132632   -0.455343861518
0.540707871226   0.816917037504   -0.200702645298
0.289508612014   -0.40472749798   -0.867398648805
0.871994869886   0.237377978502   0.428108213206
0.48939310396   -0.442263444018   -0.751596591186
0.0109241333201   0.864901579029   -0.501822600033
-0.440835529536   -0.820256558582   0.364476630254
-0.435507233885   -0.159598392855   -0.885924264388
0.784855072693   -0.549279101278   -0.286871022877
0.25637544863   -0.96367402809   -0.0748598485427
-0.651168578091   -0.114961707389   -0.750175505293
0.714318634957   0.241072962852   -0.656987605922
0.00844216893927   0.772080240435   -0.635468985957
0.999339043021   -0.0289848700181   -0.0219397904412
-0.0353582646374   -0.634863748878   -0.771814623781
0.190153974773   0.770070358206   -0.608960679593
0.0172108377764   0.617568017013   0.786329149546
0.981603409194   -0.160004336734   0.104179457116
-0.235565039077   -0.92454273764   0.299549392658
-0.340573385492   0.36720909944   0.865544479725
-0.91023012555   0.10187346841   -0.401376276049
-0.0817029187297   0.472537603854   -0.877515154294
-0.868015706165   0.398930360384   0.295640493532
0.48976868716   0.785851627541   0.377576287085
0.519620410667   0.584070681201   0.623583248796
0.494596086315   -0.800756943588   0.337880198737
0.696684534219   0.132852386722   -0.704968724925
0.83614626802   -0.381276007663   -0.394319698286
-0.50049286002   -0.236201397339   -0.832896030105
0.224424409423   0.893777100778   -0.388324836418
0.982521790236   -0.154700881853   0.103530521421
-0.137356883719   -0.227146304773   0.964125325216
-0.125634462656   -0.961494770335   -0.244425425051
0.336186549505   -0.45587236437   0.824111030951
-0.201623389915   0.819917015044   0.535802292903
-0.919960114663   -0.346289583795   0.183730540695
-0.565850128211   0.123835294719   -0.815155477308
-0.774048835415   0.260767784785   0.576930292852
0.28401062092   0.957426228072   -0.0517009187935
-0.704092243189   -0.429982900162   -0.56512725881
-0.279436328924   0.899393979876   -0.33616336362
0.652816552455   -0.0787729301926   -0.753409167923
0.175672597404   -0.977418693655   0.117438647028
-0.467690249784   0.0221095533847   0.883615865581
-0.866259181065   -0.210152004377   -0.453245150308
-0.320481219087   0.250608409126   0.913502716738
-0.0459258188394   0.959123610363   -0.279235956153
-0.946140902496   -0.131443239919   -0.295871707507
0.968000681638   0.0674745594346   -0.241706152542
0.219535807   0.238899057645   0.945902357382
0.121567716902   -0.968697281964   0.216441368786
-0.513606613605   -0.823352687553   0.241451026838
-0.28373993967   0.428551924084   0.85780819243
-0.809752982765   0.372066661048   -0.453725144376
-0.852400971712   -0.463550965093   -0.241936120052
-0.443089014706   0.886022869157   -0.136512271896
0.277641330625   -0.00916395615908   -0.960641095017
0.032206593176   -0.996102959329   0.0821074282381
-0.577731356838   -0.0855891325142   -0.811727158423
0.815591328229   -0.0212930695613   -0.578236448615
-0.0195226000127   0.99830661187   -0.0547975983621
0.955368206084   0.0347857363354   0.293362477748
0.294771876019   -0.0466246849331   -0.954429504921
-0.121586647874   -0.984104214997   -0.12944335087
-0.962627330573   0.0851147831385   0.257107168561
-0.242002705549   0.155866506078   -0.957674434654
0.553061538034   0.326760273155   -0.766388060342
-0.0339314903346   0.927949657001   0.371157767041
0.832449151066   -0.179268396431   0.52430072757
-0.634915916338   0.368787902166   0.678879416683
-0.0659769227705   0.849623939973   -0.523245837333
-0.769758939436   -0.377007485125   -0.515108271451
0.290381599411   0.860750342391   -0.418075800301
0.844203231748   -0.436147870488   -0.311602212084
-0.450554580745   -0.262457393005   -0.853297536986
-0.762168725623   -0.475610458081   0.439196454728
-0.645530388634   0.507120118995   -0.571068912007
0.0488809884521   -0.718765523015   -0.693532098676
0.683283055418   0.72454078002   -0.0903599704899
0.620821334507   -0.511363475988   0.594212307215
0.384324259967   -0.462112598307   -0.799216372259
0.989923326215   0.0229502516795   0.139732223068
0.0369866426533   0.910616858943   -0.411593154066
-0.136688684539   0.412613889922   0.900592017155
0.916327956829   -0.0648418554236   0.395143783096
-0.326397912778   0.450695458396   0.830865817275
-0.231964389655   -0.890319682792   0.391820602273
-0.876288571802   0.477580427213   0.0635238102784
0.387123051136   0.619475896282   0.682924122582
0.28679972491   0.623030135282   -0.727722040564
-0.819712104743   -0.280317768419   -0.499493757765
-0.57086135845   0.32858865121   0.752427277366
-0.0467907551369   0.901915432291   -0.429370676956
0.397436970905   0.792908462783   0.461887457944
-0.369614057583   0.599037006743   -0.710309871105
-0.839898388256   0.111583306099   0.531149567641
-0.682956045719   0.484199535835   0.546920331596
0.300653912485   0.868705599337   -0.393646804366
-0.665716354406   -0.104409727408   -0.73886422589
0.927069049531   0.365589268573   -0.0829907471136
0.126681428119   -0.0971474149107   0.987174855609
0.352838196872   -0.925692641475   -0.136375732254
0.441295203278   0.896763912708   0.0327571126401
0.892943932918   -0.442447710638   0.0830129870385
0.0889363605569   -0.00738296799805   -0.996009947518
-0.329395731788   0.879147830788   0.344379940619
0.0818737955257   0.389956512308   -0.917186240692
-0.940635494486   -0.273921540097   -0.200429180472
0.77514833083   0.559644396912   -0.293160731027
0.403282609945   -0.795493323799   -0.452275920547
-0.486321089124   0.232354300145   -0.842320175157
-0.366301711836   0.897424698266   -0.245869816872
0.870775834346   0.423746588131   0.249375771408
0.327982472434   -0.12275072297   -0.936674841013
-0.887575643767   0.457373205526   0.0549474972997
0.298640088266   0.662112812865   -0.687328684634
-0.350747165738   -0.593646674299   -0.724265180593
0.0545981438628   -0.983325721163   0.173463450864
-0.613935290504   0.103945595185   0.782482442177
-0.787465873394   -0.149217423046   -0.598023125722
-0.36767230608   -0.43758150047   0.820572669413
-0.395223993466   0.872251956511   0.288052980111
-0.841792771608   -0.218400903863   -0.493645596416
0.347824845574   0.11666778823   -0.930272274117
-0.35866021574   0.933312414441   -0.0170524689106
0.866245188412   0.339582926897   0.366473340522
0.99999670865   0.000482180433357   0.00251995875861
-0.000484438630688   0.999999481618   0.000895591175987
-0.00251952561576   -0.000896808993652   0.999996423856
0.753567204627   -0.589978580171   0.289934032238
-0.379749636659   -0.750706018374   -0.540583654428
0.536587999835   0.297263769937   -0.789751587219
0.871923027055   -0.168421369467   0.459765676402
0.220525002702   0.973432500154   -0.0616270300102
-0.437171543075   0.155123853586   0.885899335125
