0.19094917127   0.557560427434   -0.807876713212
-0.967851276918   -0.0303235200745   -0.249688585839
-0.163714140377   0.829582337017   0.533845320623
0.667959047838   -0.652100128583   0.358603029427
0.336488310385   0.694436880527   0.636029115637
-0.663781837192   -0.304175675007   0.683279467969
0.895371485989   0.174926232378   0.409524987399
-0.136488907812   0.983158112458   -0.121535607759
-0.423887579581   0.0529238994677   0.904167230518
-0.760102307904   -0.520601315276   0.388868553694
-0.638854665238   0.708101587834   -0.300760466169
-0.118782146059   -0.477039214153   -0.870818230136
0.728971063893   0.563685192558   -0.388407249801
-0.229425065659   0.735759566426   0.637198555915
0.644953740398   -0.375388950429   0.665670946221
-0.206132096793   -0.739718937972   -0.640566508239
-0.937392914701   0.337076263277   -0.0876020331039
0.280720647869   0.582404915451   -0.762889528253
-0.628387655789   -0.775271431057   0.0638996262762
-0.557443365775   0.391486812892   -0.732116772984
0.542573357256   -0.495673565483   -0.678175396544
0.502635709518   -0.852755891956   -0.142002578326
-0.828706563918   -0.52205613706   0.201749400686
-0.246176307627   0.016272015593   -0.969088461943
-0.895429869133   0.419835183736   0.148134290296
0.420039883524   0.906960768452   -0.0314429759645
-0.147552857353   0.034067330189   -0.98846728388
0.688913692776   -0.723956723869   -0.0358411198274
-0.710918982242   -0.665207542726   -0.228239185481
0.14139350973   0.182717232536   -0.972945162042
0.873126505479   0.0493223125335   -0.484992180264
0.464937679428   0.214868105083   0.858874060423
0.146571005588   -0.975396845855   0.164675236196
0.202349123131   -0.100240240066   -0.974169762741
0.488973626893   0.872218519186   0.0118172328101
0.848504345641   -0.478734528794   0.225507486281
-0.138064364094   -0.871123875665   0.471255158712
-0.788166508916   -0.191504454613   -0.584909905957
0.599776446345   -0.45218274747   -0.660150723169
0.69303707271   0.698624298016   -0.17783055438
0.681763979603   -0.554984665533   0.476644413729
0.2343021382   -0.451570715664   -0.860921829663
0.455509624873   0.608734847354   -0.649578992321
0.690198878659   0.219367158066   0.689567660102
0.562260161798   -0.762443398278   -0.320224257165
0.760213536387   0.031301781597   0.648918775783
-0.24206202968   0.940565285136   0.238207720664
-0.602894147327   -0.338167329684   0.722607434402
-0.352255248976   -0.700362655105   -0.620812685843
-0.923934132759   0.154481082676   0.349973303865
-0.149204416463   0.696869963787   -0.701505734602
0.658864374174   -0.725644964826   0.198335880432
-0.701719036156   -0.687861511669   -0.185571913446
0.271086943137   -0.0169093402349   -0.962406329714
0.0625314462276   0.900391093515   -0.430564393503
0.956069731145   -0.177835009485   -0.233035144537
-0.286392191619   -0.397077559327   -0.871956951035
0.481501042236   -0.0940218928193   0.871387760986
-0.817999037554   0.308779585375   0.485317156317
-0.314697189193   -0.946475066405   0.071767874344
0.556143330675   -0.329358626824   -0.763038328449
-0.645383957311   0.407310604285   -0.646202459978
0.523625957523   0.851833884377   0.0139603021321
-0.559344682239   -0.0763254045667   0.825413810806
-0.472455219309   0.8475398788   -0.241789618453
-0.681116430721   -0.525214800308   -0.510127259945
0.889134667363   -0.427298878402   0.163875598576
-0.421814268827   -0.626279135088   0.655627308436
-0.177516945406   -0.652066034593   -0.737087254417
-0.22574852183   0.747239171799   0.625036978922
0.619256181809   -0.385221460886   0.684197491493
0.752036825018   0.541514585401   -0.375769301054
-0.0962392586246   0.682634813033   -0.724394724674
0.767564436072   0.514242050957   0.382622463408
0.63370564269   -0.519196326126   -0.573456479046
0.841745156937   -0.339575772488   0.419706308641
0.173326655325   0.906238676312   0.385602557187
-0.511295375813   -0.251832794319   0.821679549689
-0.0189832767392   -0.522300511713   0.852550180734
-0.56686282818   0.708030323855   0.421140825057
-0.823593448998   -0.475284373788   -0.309513480807
0.835960271211   -0.182015620495   0.517726509707
-0.0101887669511   0.938086269667   0.346251844312
-0.548695374489   -0.29472778043   0.782348337671
0.739926841393   0.574110461629   -0.350578731861
0.64978812787   -0.744822282291   0.151707470756
-0.174022005119   -0.3400543275   -0.924164160787
-0.921518700522   -0.23019896749   -0.312748653003
-0.225552213197   0.972869532246   -0.0514885652312
0.316116250312   0.0230934751356   -0.948439353725
0.804372897413   -0.592308094097   -0.0464258933653
-0.388015395324   -0.582894802333   0.713917153741
-0.449920320611   -0.5562416481   -0.698689440324
-0.0767761980585   -0.982321225743   -0.170734955023
-0.718878367859   -0.0641188224452   0.692172427096
-0.690882991277   0.175880033157   -0.701246680064
0.963645154941   0.0986009333905   -0.248326138967
0.263848300808   -0.497611223067   0.826297249686
-0.0420961936537   -0.861777771013   -0.505536332886
-0.157120130993   -0.340638802762   -0.926972745279
-0.574889734084   0.794751220442   -0.194608045186
0.803003772146   0.502330273484   -0.320701166602
0.197586517015   -0.945659411978   -0.258239897829
-0.950776600541   -0.249018952189   0.184427268361
-0.238712010922   0.209088110584   -0.948313628424
-0.381970715873   0.904725017262   0.188602797847
-0.0151857593746   -0.210193845934   0.977541784193
0.924049655012   0.370528258399   0.0940268302157
0.957487211075   -0.268384193071   0.105774125085
-0.244051726264   -0.558124208445   0.793054930541
-0.153808307757   -0.785154311494   -0.599896417398
0.225980204931   0.198555222949   0.9536816924
0.822317544939   0.485963285757   -0.296029627203
-0.522232517434   0.851126023769   -0.0534573605665
0.891318414321   -0.332601020385   0.308103952475
-0.231191646452   -0.918012576019   -0.322185246221
0.390002444739   0.215938582728   -0.895136091098
-0.22811812951   0.932889979969   0.278708457465
0.896649624997   0.312850971629   -0.313278980373
-0.379449033444   0.178439218852   -0.907842429166
-0.740947389312   0.664877507238   -0.0945244235151
-0.160006890436   -0.0380815815775   0.986381056265
0.652222938331   0.745981027583   0.134601430905
0.543299696499   -0.0882098959707   -0.834891881645
-0.817172326252   -0.283582424447   -0.501807132026
-0.192496309035   0.954882203624   -0.226152931023
0.0135968529974   0.235637256872   -0.971745958964
-0.90331765709   0.419614360652   0.0891122815548
0.428756732866   0.876583636345   0.218560729578
-0.420404259228   -0.208756208402   0.882995529024
-0.717968438191   0.671572788566   -0.183060950012
-0.554780659887   -0.710922523986   -0.432212429604
0.807162689349   -0.565265032289   0.170187649947
-0.478333746267   -0.457311076477   0.749708881176
-0.345955517524   -0.686543532926   -0.639509778887
0.0135421167788   -0.998647890643   0.0501896561729
-0.38474514335   0.0411255362616   0.92210621131
-0.922923499398   -0.031797496455   -0.383667999027
0.709123555223   0.539116676778   0.454419401266
0.370525170153   0.263394191548   -0.890693324406
-0.599879055903   0.799985442791   -0.0129772728599
0.588610373398   0.113545917454   0.800403119033
0.797084391039   0.0836842122249   -0.598041324815
-0.13488625538   0.990002160227   -0.0412482830633
0.716042205663   -0.345632181833   -0.606483268187
-0.697615578795   -0.323420817294   -0.639321108022
0.0248206351856   0.880873072481   -0.472701349953
0.169692119617   -0.966579245045   0.192169580289
-0.898337847252   -0.231892292348   -0.373115366802
0.405208214051   -0.10931846961   -0.907665012804
0.695780111017   0.583822003997   -0.41838009604
-0.137097211337   0.679736045515   0.720529848841
0.705049212295   -0.443971593771   0.552987189876
0.571920344854   0.81492598447   0.0938230194439
0.81416776688   -0.577882882796   0.0564111792557
0.100189652739   0.044124977129   -0.993989446562
-0.955943570209   0.275175441901   -0.102227035324
0.271583875698   0.961226683094   0.0478065076041
0.111418530943   0.0179371091038   -0.993611680225
0.0106826908668   0.912967177092   0.407893140012
0.777971503111   0.248682900871   -0.576989735751
-0.628208739563   0.323493042224   -0.707605844499
0.768157124098   -0.330858616301   0.548148892835
-0.545287910869   -0.786756216297   0.289267610316
0.335552867605   -0.521101940255   -0.784765596153
-0.320915890934   0.7767409957   0.541928423821
0.512765171488   0.623570481206   -0.590111628319
-0.796294461776   0.0885058222225   -0.598399406398
-0.559268209887   -0.699381555954   0.445066858575
-0.802835891672   0.323161358311   -0.501020226675
0.20657589514   -0.637520333547   -0.74222248946
-0.274798921543   -0.360732906786   -0.891267256596
-0.337969201663   0.904041155019   -0.261699080546
0.900145750113   0.229306258077   -0.37034614695
-0.074882913549   -0.178896886055   0.981013992468
-0.89040135242   0.454929229542   0.0149942561024
-0.448974365489   -0.872373372054   -0.193356455454
-0.79840030883   0.51532686624   -0.311440472309
0.602017871571   0.693030268239   -0.396589875832
0.0114642561697   -0.504130209604   -0.863551563368
0.352277364841   -0.862776060478   -0.362654281219
-0.926872118746   -0.375302640943   -0.00748352807876
-0.129648500617   0.338770419557   -0.931893700548
-0.478419475364   -0.86697723194   0.139518045033
-0.848299140556   0.415234892092   -0.328585685204
0.226943547439   -0.275554828821   -0.934112499964
0.351151578237   0.90226863484   0.250207673114
0.517141869626   -0.409661286652   0.751493124984
0.78054907327   -0.134495133003   -0.610454096076
0.264290974641   0.963428894839   -0.044215894342
0.790909074507   -0.190272623126   0.581600519903
0.551917671928   -0.188682520329   -0.812271992584
0.835268369361   0.20765130718   0.509124430539
-0.449417062964   0.79129808797   0.414574045848
-0.316782345881   -0.575089793511   0.754268304211
0.785998448047   0.608239232972   -0.110686381913
0.609068722026   -0.731135869155   0.307368886982
0.106027032014   -0.309007081323   -0.94513115078
0.739081478463   -0.67072668123   -0.0623240505673
-0.406901967896   -0.518266160154   0.75221737268
-0.536832708314   -0.530590149102   -0.655960926397
0.735450693904   -0.464226794599   0.493564342322
-0.654307180677   -0.675834668572   0.33930755086
0.176052236993   -0.572486667035   -0.800790001135
-0.922105433888   -0.35834680158   -0.145976500134
-0.374009551421   0.922141926384   0.098848991146
0.0991888312234   0.145745797203   -0.984337207647
-0.27594667204   -0.904966725231   -0.323865188643
0.0412203115193   0.325495816709   -0.944644567667
0.96028866499   -0.274021348674   -0.0525164770553
0.699762525298   -0.138269379832   -0.700866596999
-0.656090018978   0.263756901111   -0.707091354857
0.282627484837   0.954627611018   0.0938500351479
0.928057879914   -0.0960664555206   0.359833027463
-0.372229101863   -0.271450830852   0.887558416194
0.0124123831616   -0.957645906666   -0.287680813039
0.918010889762   0.395233193492   0.0323531921147
0.391311509091   -0.916075846456   0.0876375855075
0.0642752606421   -0.0677920814181   -0.995626900283
0.0796160099286   -0.022427352701   0.996573281206
-0.426030156332   0.903074438663   0.0543586619561
-0.901198977396   -0.428898090558   0.0623444548975
0.0202756818981   0.871450057961   0.490064988754
0.289108892752   0.46411458443   -0.837265609381
-0.957081472423   0.158658277435   -0.242533721667
0.881070768639   -0.461901877164   0.101788783876
-0.450001103816   -0.75234724036   0.48111603225
-0.145647887781   -0.469702337439   -0.870727515925
0.242092636351   0.291626766406   0.925389098996
0.905908683478   0.27360303455   -0.323219486858
-0.347448719417   0.916567078069   -0.197949940074
0.596119699622   -0.519073729573   0.612538788151
-0.471419719556   0.391277892604   0.790357551221
-0.649926727975   -0.759910569756   -0.0114531322167
-0.804719169933   0.436668961032   -0.402178164516
0.191088857601   0.831934801509   0.520931410589
0.562060589299   0.342351726312   -0.752916455823
-0.771492647665   0.440002443206   -0.459561687451
0.570986698455   0.797456371326   -0.195032115354
0.280665788416   -0.412869453708   -0.866467269669
0.864987632286   0.213528619058   0.454094621017
0.499898926988   -0.445246339666   -0.742870621179
0.0435598299908   0.869575313505   -0.49187530468
-0.439486115684   -0.820441410282   0.365688181946
-0.434992334869   -0.161797729794   -0.885778281083
0.785896699781   -0.548358812209   -0.285777868888
0.270453597043   -0.957865039008   -0.096692393153
-0.668719802614   -0.11465647926   -0.734620798341
0.692581170289   0.263340955437   -0.671552577056
0.00322662377788   0.744428399115   0.667694501618
0.99710157362   -0.0531493276626   0.0544389644837
0.0760134250251   0.665583584203   -0.742442221089
0.182768926894   0.835601000759   0.51804100889
-0.107154268696   0.540707867631   -0.834357815678
-0.977299075034   0.0969843771549   0.188362810888
0.36423248882   -0.91540459987   -0.171374188913
-0.2738351341   -0.281147680299   0.919766438393
-0.890139884187   -0.288080544986   -0.353073060683
-0.0784652042198   0.447039883555   -0.891065965144
-0.859570527153   0.42239953177   0.287605883824
0.504957147267   0.788501095796   0.351118642843
0.493219176447   0.593111557937   0.63635958689
0.501037127335   -0.791691643971   0.349551338002
0.711123506163   0.146434356313   -0.687648411817
0.837120146179   -0.367760153093   -0.404947318374
-0.505961109811   -0.239166737028   -0.828735559306
0.20792598736   0.898638827169   -0.386283629065
0.987800219108   -0.148259315729   0.0476434930436
-0.0818462541904   -0.233990833807   0.968787634298
-0.132483651085   -0.960868078871   -0.243270666545
0.340217754261   0.0942514609577   0.935611319829
0.552210256879   0.785310983417   -0.279911578043
-0.76112792084   0.611885055736   0.215130115708
-0.563198476579   0.144566982121   -0.813577202028
-0.785702965925   0.211204830613   0.581432170474
0.255887329338   0.966691733287   -0.0053635322203
-0.693996899979   -0.479024128671   -0.5374980809
-0.269298749521   0.865066051032   -0.423248048853
0.667717370094   -0.14898527277   -0.729353756535
0.171271390985   0.383911210721   -0.907346842675
0.984859107068   -0.041655534186   0.168277614962
0.0268076454738   -0.922429942464   -0.385232853466
-0.321509656064   0.250225503148   -0.913246263957
-0.0576484832677   0.957491112551   0.282643630325
0.945149825919   0.143519918342   -0.293417517549
0.967240262126   -0.202464995197   0.153147644584
-0.101986515749   0.242541202098   0.964765523788
-0.232475860956   -0.948779052786   0.213946916473
-0.508403177492   -0.825346479498   0.245620434607
-0.29570849126   0.43522175103   0.85037551448
-0.808753792766   0.359701565483   -0.465330083356
-0.830434072392   -0.507582935737   -0.229649329979
-0.477319400351   0.860807540017   -0.17656887919
0.287307224865   -0.0370127329269   -0.957123093516
0.00347264569812   0.717799444574   -0.696241264291
0.99329080198   0.0780043582466   0.0853738999724
0.115591190987   -0.691866517085   -0.712712704463
-0.0693720777139   0.973612630118   -0.217407362592
0.987221140508   0.0983418373766   0.1253925945
0.143464053225   -0.205930399642   -0.967993148703
-0.15048762668   -0.964872537129   -0.215347303931
-0.933060251928   0.0666303038599   0.353495359064
-0.326729307667   0.254128687286   -0.910311248865
0.562576599217   0.338364204888   -0.754332310633
-0.0221336951478   0.918249278289   0.39538381664
0.826448830571   -0.205737521547   0.524074806373
-0.634962494945   0.339379299728   -0.69400599488
-0.0330900677036   0.885567492885   0.463330619499
0.771833970121   0.317162271499   -0.551072060719
0.231747421521   0.921026117909   -0.313055941883
0.908183652951   -0.320162004699   -0.269627044749
-0.348562168244   -0.221826916485   -0.910657583284
-0.747986753742   -0.476649708537   0.46186672491
-0.658989171128   0.450464562357   -0.602341224221
0.0790511768607   -0.75490842717   -0.65104852202
0.695869990603   0.714166605536   -0.0757034722823
0.604614892359   -0.525692522977   0.598404715243
0.387563914879   -0.462183330318   -0.797609416356
0.987658260836   0.0204606068993   0.155282076778
0.0449121345164   0.912798243545   -0.405933820659
-0.150046859269   0.407897940847   0.900613796184
0.910747364698   -0.078314825619   0.405470129336
-0.328576052119   0.457339175621   0.826364723603
-0.250153983916   -0.885837268651   0.390788072746
-0.552076834339   -0.765526610108   -0.330424239732
-0.825169807935   0.444785558598   0.348224920037
-0.119607512547   0.464903017929   -0.877245248983
-0.818822010404   -0.274249909792   -0.504299020678
-0.571378447473   0.304755385223   0.762004478294
-0.0552918171194   0.912091630351   -0.406240904887
0.39424655526   0.794556058316   0.461790346217
-0.377067182137   0.598100108629   -0.707175084554
-0.838087103958   0.104675356465   0.535399921486
-0.676779196533   0.487171813599   0.551936176722
0.323839569094   0.870299328511   -0.371088954676
-0.661133763038   -0.0724065109512   -0.746765990484
0.924878857175   0.368529125487   -0.0937303751138
0.13727169583   -0.0937049148984   0.986091207976
0.354620333702   -0.924881437046   -0.137254312621
0.315729592416   0.948444223344   0.0277196622849
0.944585709394   -0.316943075148   0.0854688523647
0.0898479943078   -0.000801449057883   -0.995955167464
-0.359174139435   0.878273833496   0.315640635781
-0.00308272571877   0.337090807721   -0.94146709138
-0.933265468322   -0.339123665859   -0.11836682344
0.767940209262   0.370955748207   0.522168237133
0.543961274838   -0.808136648514   -0.225878925102
0.338192203451   0.457500808961   -0.822386188676
-0.337798478392   0.905308066137   -0.257506297756
0.888566613758   0.396957189164   0.22994426039
0.310389369842   -0.151136677743   -0.938518057221
-0.893443990863   0.448034574096   0.0319821138248
0.263595058983   0.580633038595   -0.77031352018
-0.363696961865   -0.679801658505   -0.636862799215
0.070303368908   -0.989264361143   0.128115026804
-0.583637276336   0.0633626279874   0.809538576626
-0.80896536761   -0.131685994499   -0.572916951103
-0.358632781815   -0.47060175254   0.806174000023
-0.387607716646   0.860726209411   0.330016136621
-0.849201263426   -0.194124658248   -0.491093505614
0.347411137511   0.1443145912   -0.926541310628
-0.38208488688   0.924126985311   0.000673972026586
0.856339092154   0.353783286473   0.376192431425
0.999995088838   0.000586409841462   -0.00307870495757
-0.000589579307857   0.999999297113   -0.00102867377658
0.00307809956916   0.00103048386534   0.999994731689
0.751232005923   -0.599281683106   0.276607913067
-0.393885497246   -0.743316273798   -0.540680249469
0.529626933168   0.297224462991   -0.794451339141
0.871126358942   -0.186103304394   -0.454427581524
0.234607913586   0.970687065928   0.0522086862762
0.431390766752   -0.152092669558   0.88925239737
