0.1439055296   0.140860218401   -0.979514980703
0.792061951332   0.576976592604   0.199338598465
0.593236094487   -0.804522473557   -0.028539897326
0.633103570795   -0.253777966934   0.731284221179
0.585846468529   0.774565833469   -0.238393970005
-0.505928635243   0.579348352135   0.639055320704
0.896350923675   0.173135193717   0.408141184302
-0.1279895242   0.982451881027   -0.135672337494
-0.424468730676   0.0693722290446   0.902781142091
-0.754780418346   -0.490323195487   0.435763334907
-0.652869682351   0.626089724106   -0.426348255814
-0.063778506946   -0.606295984925   -0.79267741277
0.688288571596   -0.631341262626   -0.357305264888
0.351718622296   0.721198753221   -0.59679675693
0.634470529608   0.285097471855   0.71844733878
-0.100957129399   -0.637764758917   -0.763586125009
-0.99272122345   0.115235612092   0.0350046599505
0.0656675759859   0.761562122213   -0.644756468347
-0.742013544452   0.423975109866   -0.519288942751
0.669581884309   0.430811086505   -0.60503050167
-0.0328024397809   -0.796647295833   -0.603553714251
0.528378873045   -0.838107698193   -0.135614353033
-0.815744946539   -0.545432139836   0.192520032801
-0.235320948314   0.00890320519514   -0.971876938826
-0.919464124897   0.365839587791   0.144038602576
0.361725171038   0.930676240613   -0.0547415362991
-0.154079926223   0.00176950938391   -0.988056802604
0.779188381396   -0.623514973688   0.0639886230908
-0.590493182185   -0.764467584868   -0.258664093911
0.210198163862   0.163763210987   -0.963845601036
0.805436597013   0.112158284217   -0.581972858022
0.535626979974   0.282611850219   0.795760190283
0.253723523773   -0.952654744069   0.167550923862
0.231878238729   0.0483594682907   -0.971541993035
0.442042973554   0.884443221388   0.149526578482
0.866504755864   -0.464135271195   0.183706173269
-0.072755378279   -0.993167316012   0.0912432865356
-0.96862779509   0.0485665240279   -0.2437242034
0.23762754367   -0.106113030068   -0.965542943291
0.687405781089   0.723132774362   -0.0674706066994
0.641207568628   -0.560640969726   0.523960453659
0.341066190143   -0.403436108583   -0.849066051749
0.607977858098   -0.659207728755   -0.442502084077
-0.539197939599   0.0662762497549   -0.839567174591
0.582776548941   0.74903446454   -0.315148956744
0.761978075497   0.482606504461   0.431833734571
-0.311358492197   0.857702187875   -0.409148929183
-0.567842673456   0.177307413175   0.80381389602
-0.378270226927   -0.662168149469   -0.646873231205
-0.907933814993   0.129160981995   0.398714971279
-0.180465572929   0.73814008329   -0.650062608083
0.681814773029   -0.7194874036   0.132160854038
-0.702420992958   -0.694368470932   -0.156387899873
0.204287454169   0.013795022133   -0.978813737865
0.0190821333108   0.89821215643   -0.439147804537
0.956403066659   -0.144424187529   -0.253840162588
-0.291425884702   -0.415158495153   -0.861808782519
0.471056665   0.0302630341599   0.88158366995
0.841692324939   0.283610024718   -0.459477294345
-0.26393114348   0.958462050706   0.108124228822
0.655937256607   -0.372283818926   -0.656620951205
-0.571377172925   0.323542023711   -0.754220581232
0.493228589657   0.869899601712   -0.000491208553322
-0.550042103527   -0.0108384423296   0.835066591665
-0.557395933222   0.749373728935   -0.357419624544
-0.621903093717   -0.66205856429   -0.418228405868
0.959890808476   -0.266800541145   0.0861806651664
-0.253892793877   -0.696746229956   0.670882359479
-0.118945723004   -0.66585446029   -0.736539036774
-0.270331078551   0.676624710447   -0.684908832752
0.795543284765   -0.243682997161   -0.554733700941
-0.542247166922   -0.694836382256   -0.472409157255
-0.141857404675   0.732733429728   -0.665566073127
0.674878658407   0.56346812873   0.476489731612
0.724165225046   -0.381582741832   -0.574438280384
0.835543263333   -0.364652068255   0.410969979701
0.208721448003   0.90259188566   0.376514601422
-0.508234997065   -0.228815989516   0.830265277306
-0.015367768864   -0.521134469672   0.853336215216
-0.570754252648   0.705307055599   0.420453969426
-0.820977109769   -0.480583834353   -0.308278710575
0.833674956731   -0.141522942635   0.533813940646
-0.0503884931672   0.943082216399   0.32872014369
-0.549951876328   -0.300943831668   0.779092898122
0.773967694185   0.589439042899   -0.231377663279
0.63063634641   -0.750510766779   0.197563629079
-0.0571997110471   -0.298823030665   -0.95259277207
-0.91116729677   -0.212358091504   -0.353098000943
-0.316409552331   0.909540651291   0.269482464816
0.263930203825   0.357267189401   -0.895935825205
0.765504925172   -0.597538614205   -0.23864160172
-0.250462698505   -0.618365428465   0.74491115815
-0.592680897444   -0.510462340837   -0.623022914821
-0.228143629705   -0.896910452914   0.378816741551
-0.483446982597   -0.233367601095   -0.843693414563
0.845120996806   -0.375621088617   -0.380367320552
0.97516585372   0.14116608487   -0.170656655955
0.218943554406   -0.498264181376   0.838925816471
0.0333957740316   -0.855455984865   -0.516797620192
-0.0666392567895   -0.390555333718   -0.91816433211
-0.677570898622   0.693206154608   -0.245688633344
0.732432172146   0.605748923663   -0.310823671374
-0.0721444400983   -0.991730584718   -0.106139658454
-0.99382559671   0.0624841225865   0.0916865189072
-0.0842962815765   0.112098981969   -0.990115122172
-0.431725859472   0.901908911507   0.0131566563988
0.0970464754668   0.0319429860816   0.994767122114
0.896769069417   0.430743497902   -0.101317694174
0.952453984656   -0.283609593907   0.111341840095
-0.257513734563   -0.554010761135   0.791680966715
-0.162843739897   -0.78271174438   -0.60070312267
0.106056343701   0.186140930572   0.976782271505
0.756187462038   0.622788272825   -0.200786676571
-0.64570316262   0.759925207634   -0.0747067907549
-0.844080084343   0.404611200556   -0.351878654652
0.505734872845   0.818809208137   -0.271631587005
0.178216300049   -0.407236119537   -0.89576653953
-0.22831747024   0.907407932527   0.352820034536
0.924476275714   0.315707581146   -0.21371087677
-0.305310904531   0.277379824778   -0.910958662279
-0.754058817684   -0.0144459154768   -0.656648014539
-0.582335957606   0.477097524551   0.658227000773
0.30377645062   0.878731624328   -0.368171971306
0.633636036877   -0.762895582779   0.128435596883
-0.160998895921   -0.292416622379   -0.942640904305
0.756693285475   0.576613257507   -0.308111056252
0.0170022969174   0.253662260679   0.967143412016
-0.913984599407   0.396129062117   -0.0878289143314
-0.405392493697   -0.882460890722   0.238578503643
-0.365657196769   -0.0416629712589   0.929816654657
-0.877297052159   0.349100504124   -0.329361078899
-0.310877301719   -0.936158659014   -0.164201913598
0.840974651421   -0.491829574097   0.225533380482
-0.480486252477   -0.487178917519   0.729239098997
-0.248786247307   -0.721637285878   -0.646022469255
-0.00447667488518   -0.994817994398   0.101573212034
-0.42136686618   0.0939930667281   0.902006245817
-0.906879222095   -0.0387615973358   -0.419604117121
0.726350093725   0.572130744139   0.380896249597
0.300236865423   0.234397288284   -0.924616534508
-0.618282593955   0.78595440253   -0.00152024891834
0.699743897223   0.502914349121   0.507381154308
0.526919812575   0.116259232392   -0.84192594805
-0.482404383701   0.856481726794   -0.183643846218
0.631890084547   -0.205579406272   -0.747296479831
-0.76236780409   -0.338623213255   -0.551479510709
-0.139679104872   0.918189210981   -0.370699771379
0.107739586469   -0.985312407344   0.132482608073
-0.927957241955   -0.147487629423   -0.342261239802
0.356773791934   -0.0860631111537   -0.930218040186
0.674888062153   0.623285013069   -0.395021386821
-0.205724447007   0.673015714713   0.710441622974
0.708663217238   -0.398203013842   0.582435236143
0.575156366019   0.816057085368   0.0569735732506
0.815642183149   -0.577407992949   0.0364395217623
0.0626337265033   0.0255116267516   -0.997710465619
-0.926827001528   0.351872297524   -0.131063326196
0.36692066115   0.922855163982   -0.117079352291
0.0797554867056   -0.156602147326   -0.984436300526
-0.105924460289   0.882995277989   0.457273821426
0.760629219347   0.368150701797   -0.534703891366
-0.64048668947   0.291177608711   -0.710628173377
0.822056717857   -0.288108883311   0.491137479719
-0.478777322754   -0.816627697196   0.322322011952
0.308212634139   -0.500112462883   -0.809254284281
-0.247927213033   0.804454779153   0.539800523653
0.591050157964   0.567084810303   -0.573650179721
-0.767588306195   0.17682569446   -0.616068880865
-0.513219609571   -0.790426402877   0.334412520678
-0.854050248939   0.431808637208   -0.29006804912
0.0848752298364   -0.434473707452   -0.896676526342
-0.348803973186   -0.684963849447   -0.639656402485
0.417377936014   0.497569147994   -0.760408180843
0.839125405895   -0.532211863748   0.112334701971
-0.239325933368   -0.322262460781   0.915898468166
-0.580261412223   0.803793911007   0.131194672576
-0.778472729838   -0.500062251124   -0.379365198587
-0.737461143849   0.629844135848   -0.243818428038
0.670294377998   0.726801378957   -0.14988396302
0.0828040345474   -0.27396372038   -0.95816875955
0.304945003476   -0.739525140349   0.600092585896
-0.558021655364   -0.649356728393   -0.516669789552
0.771764456942   -0.177308787382   -0.610689132798
-0.427436682862   -0.863068784781   0.269091350436
-0.833314849608   0.260720521597   -0.487453762977
0.350548489607   -0.432593437715   -0.830649549497
0.329490419621   -0.903865724287   -0.272878756663
-0.859064355642   -0.167090266393   -0.483827733539
0.391719920661   0.393837016209   -0.83153346801
0.231424628954   -0.956844087953   0.175761293985
-0.861405144634   -0.117576931842   0.494122294475
-0.452132522511   -0.265753751523   -0.8514406178
0.82142779899   0.223597616499   0.524652720324
-0.463225545826   0.798212604862   0.38506977437
-0.332683730803   -0.559339559959   0.759250151086
0.758539553351   0.630347662112   -0.165165283496
0.648508088519   -0.705487393683   0.28587549122
0.0636789221649   -0.323958889714   -0.943925649957
0.645242184864   -0.763924327965   0.00906333357588
-0.508745562288   -0.420796768799   0.75107125642
-0.569947783331   -0.489233789217   -0.66015893826
0.798126766284   -0.446984069758   0.403978843906
-0.591523268425   -0.708697218551   0.38451069599
0.11442852727   -0.545851164513   -0.830031697194
0.906011076205   0.377251674712   -0.191898680875
0.398844510014   -0.912711474462   0.0887739895322
-0.141657991747   -0.156967953141   -0.977391464594
-0.266358509329   -0.900623574773   -0.343409844168
0.00678608241581   0.354519785757   -0.935023887712
0.963850140631   -0.251381976423   -0.0883176558577
0.710851806529   -0.231111484563   -0.664286979293
-0.602775779874   0.286494402121   -0.744702837883
0.362423879391   0.929789459639   0.064346657963
0.918135027201   -0.152416645785   0.365783047603
-0.394059858505   -0.25387102956   0.883326852454
-0.0417719970924   -0.955153739687   -0.293149166502
0.914428361195   0.390820425577   0.105262373114
0.381224348188   -0.919015354471   0.100393100334
0.135973411337   -0.0516737186347   -0.989363966502
0.0745426062799   -0.0553847637056   0.995678626766
-0.374692045362   0.923740203863   0.0794349224778
-0.924147862082   -0.378994147338   0.0481057719268
0.054320294279   0.88231126015   0.467521278492
0.301192718805   0.431926290569   -0.850130946181
-0.952014837998   0.18699336814   -0.242283364066
0.904922005624   0.31192947362   -0.289510219552
0.415049656616   -0.797235641632   0.438348165566
-0.0940741530956   -0.516832018357   -0.850902296695
0.175045978752   0.176373583875   0.968633710044
0.939858637248   0.26314624228   -0.217760871517
-0.293299586281   0.948496923603   -0.119703544652
0.58262257248   0.170733733518   0.794607406381
0.727123025142   0.327293717699   -0.603465764284
-0.363101975132   0.929370117119   0.0665442789527
0.888784566919   -0.444008865188   -0.113657913236
-0.438383250813   -0.751204950932   -0.493468587756
0.13372404052   0.488412990542   -0.862305416692
-0.695073367275   0.55427472053   -0.457878311658
0.668062113287   0.733276224714   -0.126487118155
0.265642667685   -0.393808979647   -0.879970715794
0.849551593067   0.5187712052   -0.0955956451575
0.175742329792   -0.449216984978   -0.875967313275
-0.497369806318   0.727379225069   -0.472803065452
-0.414138112538   0.842687138239   0.344046524165
0.473498442902   -0.123359885931   0.872113274244
0.777360179269   0.524080838793   -0.347923017487
0.322976101093   -0.934448127648   -0.14997711445
-0.709153808987   -0.134010036768   -0.692200971716
0.626727463355   0.32992121299   -0.705949488204
0.0317171997845   0.693592922583   0.719668588296
0.986960400132   -0.135417253429   0.087013424515
0.15780743902   0.707524575698   -0.688843804482
0.150488977491   -0.247870590741   0.957033561532
0.88184257496   0.471251221215   -0.0166120285248
-0.446885601292   0.846452867411   0.289500954418
0.402450127451   -0.477740646723   0.780895491972
-0.914390987216   -0.168922775817   0.367905175704
-0.0438522224468   -0.862107284669   -0.504824734247
-0.0788543917931   0.351078268867   0.933019846533
-0.799007507802   0.537421484612   -0.26975016284
-0.596128331293   -0.766760847335   0.238136128345
0.426080652318   0.600776688776   0.676404204558
0.501331932832   -0.779167231117   0.376250872524
0.753074744526   0.178789810047   -0.633176620684
0.835423010397   0.518576471546   -0.182062727812
0.347418401143   -0.241589332044   0.906054661259
0.425874216461   -0.820190854498   -0.381992295671
0.980822121961   0.154102180497   0.119333495042
0.152668615284   -0.226826517069   -0.961895017693
-0.121162118586   0.961666391801   -0.246003032297
0.350738361341   -0.151654567292   0.924112273538
0.73666209265   0.653949833471   -0.172274712468
-0.578196820414   0.741181831619   0.341083463892
-0.547906835312   0.139704904494   -0.824791270249
-0.808737032793   0.163614661111   0.564955444667
0.21387499061   0.976582194354   0.0233389387473
-0.669989029619   -0.40038450693   -0.625145540495
-0.454799462741   0.886936514042   -0.0806292053206
0.586747091071   0.23029517292   -0.776332393018
0.176195060536   -0.194346262636   -0.96497918674
-0.968751392785   -0.208093160563   -0.134973980839
-0.174573880118   0.958606679888   -0.224938199634
0.932742680501   -0.342376557998   -0.113001701339
-0.212391962154   -0.268518046192   -0.939567833252
0.291343004695   0.900375672374   -0.323176271117
0.954389844126   -0.143640885197   0.261739033254
-0.219325472893   0.25750961277   0.941055331142
-0.202574337885   -0.955539688046   0.21426045412
-0.497888411789   -0.847463423257   0.184154488535
-0.249557157843   0.343368477314   0.905438741029
-0.830559061341   0.40485038598   -0.382449749112
-0.750480257366   -0.63158537454   -0.194626046489
-0.580694842862   0.770776988936   -0.262099852727
0.315551711732   -0.0836824234473   -0.945211282851
-0.107595940394   0.948243829937   -0.298758686228
0.796318195465   0.262111092969   0.545137695003
0.595231421534   -0.179252374959   -0.783305905053
-0.152108743574   0.830153709641   -0.536383956227
0.970710958916   0.0233669399629   -0.239111313738
-0.185965492415   -0.557044706003   -0.809393619412
-0.419231579161   -0.765045627591   0.488825194458
-0.825931930933   0.0978423071312   -0.555214668755
0.376936769896   -0.636499859103   -0.672894197375
0.575312522868   0.364283049632   -0.732334186544
-0.019801785266   0.901287370986   0.432768950136
0.817693946615   -0.234475872217   0.525735365956
-0.633232723327   0.266127922105   -0.726768358684
0.0672201532982   0.954386623708   0.290908273304
0.77103681436   0.13535915766   -0.622238000558
0.0603629957131   0.987151583806   0.147946136607
0.992374156226   -0.0753072188124   0.0975825642744
0.107470194957   0.140927546574   -0.984169489373
-0.740147541479   -0.432666405776   0.514763439024
-0.654580942238   0.288302650284   -0.698860051726
0.15396560298   -0.854213886069   -0.496601681377
0.732011672182   0.680931584968   -0.0221605140277
0.548450713441   -0.569672073443   0.61210746088
0.404179077533   -0.460223755723   -0.790464020657
0.979921415556   0.00823166499866   0.199214103482
0.0706551289682   0.919972729722   -0.3855619656
-0.186445359516   0.391895925289   0.90091937023
0.893602409824   -0.134739772354   0.428158763664
-0.319233187066   0.479781920916   0.817251173531
-0.315539071165   -0.866980104794   0.385720873767
0.0612350313379   -0.900888771661   -0.429708845652
-0.960891685082   -0.169695996773   0.218838840745
-0.270069325316   0.399503053522   -0.876047869554
0.290556702037   0.769885397243   -0.568201793392
0.919609837937   -0.38875083147   -0.0564848386891
-0.264375772096   -0.506111910692   -0.820948344894
0.393000859178   0.801085091072   0.451456533399
-0.391042323292   0.589952338498   -0.706429146975
-0.832247695149   0.101088650024   0.545109951071
-0.641905266773   0.52596716064   0.557957143889
0.411572153566   0.850291146377   -0.328044705494
-0.646966761818   0.0190659991146   -0.762279802159
0.911838047765   0.387537927708   -0.135520217075
0.178401632315   -0.0767233739955   0.980961967392
0.369762399705   -0.918655473217   -0.139096690449
0.0371758393353   0.999241699678   -0.0115750850815
0.997417463624   -0.0363906939835   0.061920276553
0.0614520970083   -0.0138471302559   -0.998013976233
-0.450719650659   0.848372158486   -0.277698536574
-0.24314323592   0.182651932244   0.952638251633
0.858913944081   0.496893300774   0.123951136785
0.730720249571   -0.666770015989   0.146511646792
-0.670943448398   -0.661807960408   0.334432523227
-0.12602700472   -0.342677646366   -0.930961451813
0.34327811847   -0.939012908434   -0.0203688775694
-0.863657794925   -0.307058725596   -0.399762619939
0.369127818844   0.154821499894   -0.916392359487
-0.913520626713   0.404397593991   -0.0440755095769
0.127539883834   0.181840169276   -0.97502191302
-0.386281817592   -0.896324014412   -0.217691567559
-0.455503242167   0.889976940985   0.0213972168761
-0.00788408141541   0.0200016940419   -0.999768860035
-0.890199212332   -0.455566654563   -0.00209418582436
0.812398883566   0.420789029298   0.403664027134
0.548103217122   -0.314843626095   -0.774891188805
-0.198974665122   0.850770288579   -0.486414431026
0.349848311104   0.224730001705   -0.909451804964
-0.463893917445   0.884976770753   0.0402311892184
0.813884876733   0.40781434693   0.413858509472
0.999976896539   -0.00203902298425   -0.00648450250628
0.00202693521797   0.999996197073   -0.00187012669537
0.0064882910775   0.00185693982247   0.999977226667
0.733527099517   -0.638588273488   0.2326865085
-0.446668419237   -0.710979894771   -0.543134341106
0.512274650487   0.29447004295   -0.806760234688
0.868702150103   -0.206933054895   -0.450039204069
0.246818041184   0.968563573342   0.0310718351697
0.429461789864   -0.138069964824   0.892468069939
