0.0937960415968   0.224712398087   -0.96990032515
0.692892871838   0.68481575322   0.225669785964
0.714913820496   -0.693203954322   -0.0914686119733
0.609664216738   -0.254926575016   0.750547789404
0.564626850495   0.804234731252   -0.185480502341
-0.556332690509   0.536860259657   0.634251526661
0.901368384509   0.169934700128   0.398318004991
-0.105110944573   0.978136803743   -0.179443814311
-0.42010323105   0.11987739927   0.899523587465
-0.695959245901   -0.539097144357   0.474357456979
-0.717687761408   0.544069540428   -0.434640785366
-0.0237698374051   -0.642932814627   -0.765553649789
0.710645359275   0.19903154272   -0.674810801887
-0.545625674405   0.761431877015   -0.350020170984
0.444157400897   0.616934309037   0.649704749529
-0.0355518933618   -0.532454208167   -0.845711877109
-0.994490373053   -0.0646563214309   0.0825133807522
-0.0986152157759   0.843985827076   -0.527221929469
-0.761859182764   0.375483347102   -0.527809474799
0.645940872377   0.379670621254   -0.662276836942
-0.0482801722427   -0.845495402357   -0.531795590018
0.577850711274   -0.799976236286   -0.161637176599
-0.776338006097   -0.599876119076   0.193514707583
-0.251769449635   0.013662471973   -0.967690798287
-0.902847733798   0.404702778208   0.1451951476
0.402198619764   0.914317325378   -0.0475404961333
-0.151994209874   0.0154754587636   -0.988260224
0.832824315107   -0.509746770416   0.215782043313
-0.445053669488   -0.848423868815   -0.286538252421
0.32913658478   0.142601433639   -0.93345269815
0.730811228912   0.196301222627   -0.653743663596
0.561959076322   0.370613451655   0.739491491494
0.387449279565   -0.907805871014   0.160535218307
0.25193269523   0.157455447155   -0.954849568903
0.387655720428   0.887634398856   0.248652802895
0.886709061358   -0.432796668343   0.162585621681
-0.0481686293775   -0.967786080055   -0.247123221076
-0.993568846998   0.0210424771732   0.111257181475
-0.102473066799   0.250893039771   -0.962575686985
-0.573276982577   -0.600567672859   -0.557379557899
-0.730163868618   0.683108482363   0.0149507955702
0.371771739394   0.415549361256   -0.830123184924
0.676496846615   -0.667788226799   -0.310501047773
-0.427938005085   -0.0133213434648   -0.903709912312
0.59935054878   0.744232104895   -0.294783808443
0.857777006819   0.232951798255   0.458205266516
-0.443196646377   0.786716863556   0.429713054535
-0.260375381351   -0.571673015182   0.778071092189
-0.374151114889   -0.5579550768   -0.740740896333
-0.87177365792   -0.0607865854415   0.486123112376
-0.316261968285   0.827641905236   -0.463667169544
0.701861313453   -0.698796881741   0.138107258128
-0.681291214494   -0.715151216673   -0.156208253122
0.207925413865   0.0155452680879   -0.978021148498
0.0191065274449   0.892350078751   -0.450939328028
0.953115441162   -0.152491104296   -0.261376010622
-0.302003139764   -0.42480324865   -0.853426214449
0.461763094612   0.1900819756   0.866396956947
0.780425700971   0.377154653185   -0.498688372477
-0.421557314867   0.906434338567   0.0258112407524
0.745514502016   -0.413175769144   -0.522966453107
-0.4624271714   0.244404304836   -0.852307249135
0.479967955633   0.877241312052   -0.0088567486057
-0.54048908683   -0.0284560532679   0.840869668884
-0.566179539725   0.751574620913   -0.338491237694
-0.622344177939   -0.659034022059   -0.422329115684
0.984294667893   -0.150731833186   0.0918908114082
-0.173015573519   -0.720290594642   0.671749261697
-0.0350659104653   -0.677097757886   -0.735057146206
-0.334135736469   0.639402959303   -0.692471779388
0.768834787626   -0.240082628402   -0.592666348695
-0.545203062124   -0.730427400345   -0.411375052568
-0.134194577883   0.787953726556   -0.600933224305
0.611678656511   0.542968788835   0.575355642642
0.779641607686   -0.290368419699   -0.554837944274
0.829044187651   -0.379068712195   0.411087151778
0.231161339254   0.901728104224   0.365309268
-0.509166151817   -0.207830068776   0.835198474829
-0.0176065953611   -0.52868483288   0.848635584502
-0.557338012789   0.709859491363   0.430666741253
-0.830098998494   -0.4653942952   -0.307154362977
0.831722742416   -0.0825782876299   0.54901557916
-0.10834357598   0.945723147614   0.30638113129
-0.544517170797   -0.314306465855   0.77763262292
0.752404905058   0.658281592997   0.0234990035171
0.625289907232   -0.725003934259   0.288759116259
0.207121681044   -0.202570085724   -0.95711335254
-0.872891135798   0.422369536366   -0.244264282684
0.325011287193   0.876731517353   0.354555368986
0.363907582007   0.230099589807   -0.902566036658
0.791777542991   -0.256860404691   0.554176014383
-0.573904872021   -0.623431855281   0.531004632457
0.209096916014   -0.738481857815   -0.641032780278
-0.256123882416   0.45864442516   -0.850908836554
0.886559142006   -0.23936647189   -0.395874449617
-0.385244655487   -0.855773909046   -0.345307937955
0.983351331806   0.102657950068   -0.149938332401
0.181410302214   -0.506881383144   0.842710843452
0.0105100183751   -0.855881188431   -0.517065692929
0.013582344408   -0.393420065629   -0.919258490241
-0.762692663522   0.590442926596   -0.26396411014
0.646618450811   0.704696957843   -0.292038998556
-0.247931666613   -0.966412738374   0.0676484131309
-0.964956976369   0.240155671095   -0.105751063339
0.0859530246536   -0.0914968455708   -0.992088909727
-0.508336188762   -0.853808183886   -0.112276018468
-0.112412505888   0.195052225647   -0.974329542706
0.853790224654   -0.482665737751   -0.195130822493
0.93965386737   -0.295739254029   0.172014252792
-0.313409231231   -0.542439188669   0.779444918115
-0.137205186916   -0.786319286437   -0.602392493695
0.0320382024016   0.110749188788   0.993331853295
0.733365407229   0.672639424515   -0.0986477778174
-0.679079327522   0.731635716577   -0.0596694659096
-0.693674502702   0.640059129425   -0.33036342888
0.694793480062   0.715539079447   -0.0725661480852
0.189941318215   -0.279871643123   -0.941060125077
-0.240429716921   0.908072493678   0.342925498392
0.91755456155   0.327879192732   -0.224919678001
-0.31668150846   0.26057548081   -0.912037960285
-0.74816361185   -0.143655701758   -0.647776388313
-0.534721869222   0.70855837444   0.460453637825
0.392840594235   0.690874857961   -0.606933437996
0.668037747104   -0.73678264751   0.104292371597
-0.184729201243   -0.299969669032   -0.935891724436
0.720833330703   0.605945152625   -0.336496331864
0.0363415878531   0.252611291277   0.966885114433
-0.928821835946   0.365538976397   -0.0605908722913
-0.368740133513   -0.895862038627   0.247915150169
-0.294607979793   -0.953680378416   0.0608265901277
0.0953744477345   0.0339903477847   0.994860980729
-0.950846913526   0.298895286149   0.0809429117134
0.84242925204   -0.452506388969   0.292490894301
-0.509692163525   -0.493237326389   0.704933215488
-0.174719357106   -0.74293667819   -0.646156512351
-0.00968834679884   -0.99175897655   0.127750805748
-0.444291433488   0.118723115237   0.887980824139
-0.895829926976   -0.04815552244   -0.441780248079
0.76020824768   0.556384185178   0.335440096952
0.271171679826   0.197450184267   -0.942061221361
-0.590380673989   0.80712456487   -0.00077237553741
0.82472183408   0.487029867837   0.287464439934
0.336737412926   -0.0145181243268   -0.941486664166
-0.45435868114   0.873264640244   -0.175974591835
0.547848149221   -0.79136503333   0.271300183226
-0.0674272305068   -0.365012092853   -0.928557882233
0.833856087093   0.490415697235   -0.25333075203
0.0801565805263   -0.994147418071   0.072428128112
-0.94964742263   -0.098244251497   -0.297519477918
0.302893868032   -0.0449330411976   -0.951964456541
0.659748637222   0.635330910175   -0.401355665539
-0.230335275511   0.679337209254   0.696739992378
0.715316291258   -0.36722689267   0.594530918255
0.561806089865   0.820252722126   0.107514600106
0.819728055513   -0.569471454818   0.0612223582731
0.111444301765   0.0537376403701   -0.992316700258
-0.888648286095   0.424144327861   -0.174372626187
0.457531418115   0.845818242098   -0.274329186876
0.0311323795711   -0.323563116683   -0.945694287
-0.182956546492   0.866233445078   0.464937114806
0.722365024712   0.4392379282   -0.53409625865
-0.666870057184   0.23813790345   -0.706098198392
0.843584274492   -0.274344270618   0.461628414429
-0.452174306925   -0.826603396283   0.335060026578
0.289661816583   -0.491387877783   -0.821361056772
-0.186515376695   0.817020805336   0.545608850647
0.653792482283   0.517750223455   -0.551806212563
-0.733326260519   0.253794621221   -0.630730438359
-0.51367752486   -0.841621976045   0.166756858607
-0.852768485844   0.52221569661   0.00875646991295
-0.0944526865934   -0.137706992027   -0.985959164642
0.394369466481   -0.622006425721   0.676447137824
-0.731138946466   0.233548863541   0.641007620313
-0.556694319055   -0.747370680921   -0.362668582085
-0.327674402926   -0.328389858705   0.885883506093
-0.328789342587   0.91867643111   0.218931914358
-0.885735318178   -0.219530671258   -0.408997836802
-0.687315545434   0.709066235621   -0.157551307539
0.706727532483   0.702906153075   0.0803687426747
0.167730545324   -0.056107160609   -0.984234957057
0.24732307794   -0.789482444359   0.561737274148
-0.612839828754   -0.576512918737   -0.540425942033
0.750505589194   -0.210595167511   -0.626411235539
-0.356830098899   -0.881145581926   0.310249486659
-0.850417656888   0.168957157889   -0.498240190722
0.38660327129   -0.441628738026   -0.809630760518
0.30928439555   -0.936620222771   -0.164577401141
-0.809401949637   -0.168420954173   -0.562585874439
0.499211024109   0.307208301471   -0.81019220739
-0.854571044117   0.430863076074   0.289940235622
-0.181851152771   0.274684596748   -0.944181407646
-0.486455022373   -0.859596057451   -0.156384555575
0.814547630773   0.226180843241   0.534185719908
-0.467067510491   0.801839715926   0.372694258887
-0.344035024156   -0.553078019916   0.75877836424
-0.941620897748   -0.0301791791276   -0.335319701289
0.200841279025   0.74899812828   -0.631398910731
0.270208929469   -0.661884446848   -0.699211065027
0.613714186067   -0.788537687398   0.0395374932646
-0.543111229998   -0.385293472221   0.746042312549
-0.573048941776   -0.479330007216   -0.664723743003
0.802101318887   -0.456462693154   0.385065298356
-0.58999229226   -0.705496127091   0.39266309953
0.0924260207537   -0.542141148058   -0.835188844675
0.863511745324   0.397878777301   -0.309903120767
0.435333908204   -0.8982862002   0.0597184301468
-0.254621000814   -0.186478902572   -0.948890807649
-0.278743784785   -0.888885773936   -0.363571153061
0.0171109609134   0.373918953674   -0.927303526953
0.960213058368   -0.264701146537   -0.0890178946157
0.674034551544   -0.236037990961   -0.699973921049
-0.624273388507   0.324572238842   -0.710588205767
0.394917915176   0.915936094166   0.0714206670175
0.926178503974   -0.217846822674   0.307792366097
-0.357219180845   -0.245434404211   0.901197209309
-0.120780112657   -0.944618819991   -0.305135132861
0.895754947109   0.38103393608   0.228989550604
0.362504046649   -0.924239663843   0.11988269242
0.257320599434   -0.0243758760738   -0.966018594941
0.0869661597014   -0.181586064665   0.979522020266
-0.295120322811   0.934415950582   0.199426242912
-0.951494026324   -0.306420189311   0.0276728287639
0.433560953023   -0.328622253684   0.839066334921
-0.874490989563   0.071267318896   0.479777530144
-0.217463581289   -0.941768752742   -0.256478473117
0.897396752597   0.221383259547   -0.381665456678
0.382315216522   -0.821965041679   0.422147539935
-0.220259264605   -0.524750343164   -0.822266947959
0.0781697808828   0.0378038485403   0.9962230445
0.962589872514   0.257189227399   -0.0852903197555
-0.259442137462   0.965621339007   -0.0162851761958
0.569601486967   0.190679355718   0.799497047742
0.722860919623   0.346739005655   -0.597699048718
-0.391185680881   0.918375438075   0.0596683987834
0.868859379964   -0.369654024078   -0.329301200015
-0.487363028341   -0.755511797756   -0.437811834077
-0.0869520353711   0.540886148773   -0.836589216767
-0.579743170401   0.676082160115   -0.454764520547
0.779049807168   0.623447533375   -0.0662915611564
0.238703276737   -0.392716291874   -0.888141126044
0.842973403414   0.537851372022   0.0105708444032
0.276607271652   -0.416505177276   -0.866032247997
-0.461393821378   0.73296612399   -0.499876387397
-0.378425961353   0.873267087877   0.306917554085
0.526509994709   -0.0696350274755   0.847312332272
0.761302185237   0.482240143683   -0.433432147601
0.374062552927   -0.920095467821   -0.116196112641
-0.686996190411   -0.190746818749   -0.701178925452
0.622987512603   0.342111065638   -0.703453323191
0.0654376379939   0.682380181324   0.728062637189
0.980877667278   -0.178011695955   0.0786818780831
0.183294619041   0.708991624943   -0.680980145372
0.136702819613   -0.145911725776   0.979807178679
0.818173647   0.574257767048   -0.0286339019128
-0.558483860522   0.805566747865   0.197883784759
0.44188962862   -0.671351928873   0.594995919075
-0.849545181685   -0.100164324359   0.517919001776
-0.288108556612   -0.734338951523   -0.614605372481
-0.0907464197   0.266154747277   0.959649278546
-0.704127942004   0.664297512757   -0.250823953869
-0.70425061491   -0.698477247337   0.127124373556
0.371681556658   0.689738743182   -0.621380146605
0.769286927092   -0.603496999192   -0.209735537692
-0.519663780002   -0.400064792402   -0.754915702337
0.818253247417   0.543951229085   -0.185953444356
0.356791167597   -0.226920382973   0.906204834745
0.450734606854   -0.807851595386   -0.379755334414
0.939718793429   0.212743075319   0.26771061462
0.308773087066   -0.191530402074   -0.93165191235
-0.146927771303   0.958152643886   -0.24567405446
0.345670849124   -0.266330956377   0.899766350638
0.793908870738   0.59416694315   -0.129129193569
-0.500220320489   0.75896868535   0.416828700581
-0.531926728894   0.0648204142207   -0.844305791161
-0.813798126281   0.236471974142   0.530861201357
0.234065300181   0.96947373319   -0.0730350320431
-0.690730331722   -0.41466680141   -0.592404467107
-0.365128217292   0.907138255284   -0.209240461521
0.624157827618   0.071774853595   -0.777994457959
0.212219915101   -0.386145144509   -0.897694065374
-0.977206380451   -0.0786737045166   -0.197175399641
0.00551340554262   0.919076914948   -0.394039625887
0.867703976348   -0.465817535483   -0.173504562089
-0.298764496615   -0.209756289705   -0.930989835869
0.397277717713   0.859660585677   -0.321176108144
0.267979600081   -0.307013123916   -0.913197610424
-0.0814670823858   0.937250195779   -0.339006172509
0.959973983204   0.165242283497   0.226152469181
-0.49697119347   -0.86046084225   0.11236890947
-0.175518098236   0.226488647325   0.958069042306
-0.849831177383   0.456409938091   -0.263584784007
-0.698067134556   -0.690715586784   -0.188717391427
-0.636242358645   0.719255417912   -0.279047137361
0.328478213461   -0.0747236373449   -0.941551082684
-0.178350492086   0.974970860916   -0.132751355315
0.639744136612   0.217404330013   0.737199292567
0.747608548401   0.0465529554051   -0.662506060878
-0.118805170246   0.77388350481   -0.62208492387
0.95026310625   -0.093041887215   -0.297225900828
-0.287898177178   -0.626456325858   -0.724339085906
-0.765971875032   -0.641330339172   0.0445250796554
-0.635697826151   0.765922334468   0.0961834257546
-0.095788102014   0.045369302626   -0.994367269117
0.548204039326   0.35267248734   -0.758349818975
-0.0624389732344   0.92147108829   0.383395889477
0.834010614973   -0.162828591223   0.52717468072
-0.634993159623   0.178318559933   -0.751655624881
0.150638243068   0.982898387606   0.105919211507
0.757688462996   -0.0459701079446   -0.650995347309
-0.0259509051642   0.886302154164   0.462379759555
0.904744816163   -0.17589566799   0.38794011343
0.425162754891   0.428403087649   -0.797312627735
0.222188264489   0.727079686244   0.649605653434
0.883512953411   -0.431921815735   0.181241292886
0.41235571571   0.533665321098   -0.738352279592
0.639839853078   0.768508179846   -0.000374063394244
0.594845975797   -0.494944936538   0.633393854464
0.486583217437   -0.405493140885   -0.773829493625
0.971774302501   -0.00747941211845   0.235793900244
0.0950224139235   0.927243332606   -0.36220235089
-0.215929261218   0.37438464249   0.901781954586
0.879126463482   -0.191776659575   0.436300783919
-0.295534710833   0.498835417594   0.814753006037
-0.37389289362   -0.84521295482   0.381862756897
0.394440891188   -0.787034597653   -0.474334191742
-0.849214135118   -0.509410356264   0.139055534401
-0.351072266173   0.347962111484   -0.869293180059
0.347125245412   0.755184452418   -0.556058006708
0.900940483613   -0.433170904242   -0.0258691457974
-0.26040412628   -0.491995335897   -0.830740802219
0.402922309504   0.807193468369   0.431384187386
-0.388690929079   0.57763736142   -0.717812259817
-0.828596991399   0.121547452931   0.546491758886
-0.585096465953   0.618216532708   0.524852783374
0.47802190653   0.785722375345   -0.392600822414
-0.65510089483   0.0211817744315   -0.755244430648
0.898405339117   0.406175956858   -0.166999816515
0.208690890042   -0.0602610660717   0.976123310002
0.386414232475   -0.911805733688   -0.13890408545
-0.0539544096556   0.997798879521   -0.038552791146
0.997944239761   0.0552191240582   0.0325291049161
0.0345863557941   -0.0367184471985   -0.998726959498
-0.505186363304   0.803675752142   -0.314471022116
-0.353199313882   0.139934102825   0.925023616747
0.787424271283   0.578380266161   0.213164923732
0.690419690076   -0.646327278488   0.324933378769
-0.722228367391   -0.641498354219   0.258584699607
0.0413138825556   -0.41320807182   -0.909698990046
0.305629049549   -0.919914080273   0.245660271487
-0.734609202804   -0.391959981697   -0.553820089833
0.605755894092   -0.0112007885209   -0.795571705825
-0.928943544892   0.111741532603   0.352955691688
0.370141289756   0.300149105805   0.879150692374
-0.00770168949396   0.947324835616   -0.32018172934
-0.316806669394   0.212552894456   0.924367243733
0.94707916184   0.124027848981   0.296071197326
-0.0517164909524   0.969246284355   -0.240597266875
0.76513034761   0.478745125333   0.430556217161
0.593897478169   -0.26643733463   -0.759142234459
-0.248719393272   0.836549013319   -0.488184813083
0.356971441477   0.29288622447   -0.88701130178
-0.546035282491   0.835871504291   0.0562520985304
0.757902935899   0.464259074042   0.458308468092
0.999884784388   -0.00540443788745   -0.0141848510854
0.00534792897773   0.999977624748   -0.00401866389906
0.0142062523152   0.00394234131008   0.999891314264
0.721079189448   -0.659970275773   0.210912393285
-0.471676595885   -0.690574357776   -0.548295764417
0.507509597387   0.295882225689   -0.80925133122
0.865761149487   -0.184095297046   -0.465367117064
0.218715557054   0.975563302975   0.0209701452472
0.4501345767   -0.119938165297   0.884869312025
