0.0875046478551   0.245374537669   -0.965471010889
0.671147958436   0.701685004764   0.23916222941
0.736140852345   -0.668901704552   -0.103281920762
0.60673413376   -0.261287687902   0.750734596965
0.565916207208   0.80521311233   -0.177117729634
-0.558222659294   0.532316247997   0.63641721753
0.902657978769   0.172086008801   0.394455293968
-0.103618068188   0.97651418078   -0.188900372369
-0.417698299385   0.129639732764   0.899289536456
-0.684317982488   -0.549709042433   0.47909171096
-0.728905608235   0.533833981383   -0.428623254858
-0.0201373565168   -0.64252723599   -0.76599819705
0.71248227024   0.119477263397   -0.691443561055
-0.491904958969   0.78776454156   -0.370751316117
0.500398367239   0.604278255932   0.620039727334
-0.0289270777702   -0.523503987785   -0.851532030487
-0.993317405104   -0.0801671375044   0.0830286864962
-0.111730733859   0.848243364158   -0.517686621687
-0.763979249963   0.368088406841   -0.529949648906
0.643140873913   0.368197424223   -0.671416765577
-0.0520146318728   -0.853780757306   -0.518027891649
0.585166504347   -0.793742946854   -0.165988844533
-0.76993466883   -0.608078747138   0.193496364337
-0.254520663057   0.0145729749225   -0.966957527753
-0.896530262277   0.418283895652   0.145849482207
0.416506008106   0.908066879403   -0.0440146310071
-0.150851695494   0.0212867369375   -0.988327193189
0.835493820762   -0.493834112274   0.240993661789
-0.42374778995   -0.858239699238   -0.289590105434
0.349839800453   0.139830212069   -0.926315079124
0.717102083123   0.210242489502   -0.664501841976
0.563112402224   0.387036557911   0.730141852863
0.41069334648   -0.89777547218   0.15915456861
0.254423339595   0.169515451608   -0.952120410418
0.381028362123   0.887312880096   0.259794611325
0.888867904431   -0.428882693147   0.161162911339
-0.0468510484031   -0.95510140514   -0.292551337652
-0.987681508966   0.000519775006492   0.156476728877
-0.149299082749   0.296278645421   -0.943360349049
-0.576964782041   -0.591675055859   -0.56305618597
-0.729694637443   0.683120077822   0.0298780080289
0.366956913508   0.428097637871   -0.825878342177
0.679576640276   -0.672564392529   -0.292972230584
-0.411782728558   -0.0192054245464   -0.911079654108
0.607133078042   0.739789354864   -0.290001958575
0.86330034554   0.247321677454   0.43993692872
-0.447904838749   0.777167482315   0.442031627666
-0.232580671629   -0.578655936022   0.781705532085
-0.368538975082   -0.54698323881   -0.75165707627
-0.867822694601   -0.0874334451028   0.489120806562
-0.333260850657   0.832565150087   -0.44246183596
0.701510863757   -0.697385017523   0.146753689444
-0.678990944111   -0.716590974523   -0.159589075588
0.216457399609   0.0123090441151   -0.976214464955
0.0225699184084   0.89395686198   -0.447584324684
0.954243265644   -0.152791153868   -0.257049904247
-0.298178451195   -0.421302732271   -0.856500799196
0.460503604566   0.204189647157   0.863853586075
0.773445841922   0.385231969902   -0.503366525485
-0.4355662519   0.899946063583   0.0194710771768
0.758844157652   -0.416222221454   -0.500913771786
-0.444238372789   0.231625367373   -0.865448991756
0.476243438316   0.879266030026   -0.00913432558227
-0.53888562186   -0.0415988848602   0.841351186682
-0.558888908833   0.764950352943   -0.320147067949
-0.630274126183   -0.642744498468   -0.435469902006
0.985600190156   -0.135424060209   0.101255069409
-0.168150404988   -0.721835104479   0.671326688911
-0.0178243223334   -0.678685793176   -0.734212426805
-0.345345138335   0.628112605216   -0.69728852751
0.76055613655   -0.247973905466   -0.600052752151
-0.549810056824   -0.737552369244   -0.392078313655
-0.12665136712   0.792233943917   -0.596929484372
0.612936386273   0.535647243985   0.580853696204
0.77991564774   -0.292313886289   -0.553429466412
0.828009930669   -0.379541617242   0.412732014138
0.232449217353   0.902201589845   0.363317564442
-0.510261615316   -0.204891317682   0.835256027738
-0.0170733967272   -0.532766153199   0.846090258264
-0.553475796474   0.709772489224   0.435760893447
-0.832690243633   -0.46085056097   -0.306991398271
0.831424209744   -0.0720138383738   0.550951713433
-0.1185369879   0.945750548141   0.302497740804
-0.542846908393   -0.316812101685   0.777783598614
0.742892072276   0.666261518242   0.0648610689024
0.621252927337   -0.722289642869   0.303879041858
0.249311390084   -0.185454202201   -0.950500168154
-0.872073366809   0.424275858622   -0.243881197907
0.327703013181   0.876409496122   0.352869848894
0.363453955893   0.227807793758   -0.903329857277
0.801491176463   -0.543034198653   -0.250451099308
-0.206712240073   -0.644575394078   0.736065629651
-0.561143425387   -0.538178799697   -0.628873306559
-0.257313964066   0.461493218999   -0.849007380836
0.888081660551   -0.233399369193   -0.396024871256
-0.380920579767   -0.855890614085   -0.349786747365
0.985032257999   0.0942978316935   -0.144289187537
0.172259779195   -0.508588735482   0.843601841281
0.00616596901241   -0.855830250154   -0.517220034171
0.0240900594364   -0.392589234868   -0.919398369425
-0.772579944758   0.576349584145   -0.26634824162
0.634460320268   0.716725086432   -0.289422273649
-0.264172716142   -0.960140885151   0.0913359551746
-0.958380253375   0.250693723765   -0.136601415829
0.108259253591   -0.123620942911   -0.986406506713
-0.521808160624   -0.838594009096   -0.15644913363
-0.135890741707   0.262767956958   -0.955241700888
0.842169786815   -0.477192926083   -0.251071626178
0.936273107245   -0.298710914991   0.184836300315
-0.325442671376   -0.539584686567   0.776489171637
-0.132210953769   -0.787159548813   -0.602411909258
0.0232674901681   0.0970883341268   0.995003758424
0.732936027179   0.675212451933   -0.0830236401087
-0.679899554319   0.731205853458   -0.0554490388136
-0.658879799159   0.689204448055   -0.301454207206
0.720348206846   0.693523245833   0.0111341090153
0.21673917771   -0.209815958095   -0.953415645233
-0.245570365799   0.908554963981   0.337969041286
0.914131466055   0.333063601274   -0.231154278079
-0.322581552804   0.252183494568   -0.912329231614
-0.746142957636   -0.15358428051   -0.647829109836
-0.536116949538   0.715556331256   0.4478367484
0.394777536326   0.681462402176   -0.616246453322
0.669963091522   -0.735833466043   0.0984812989814
-0.190473285376   -0.298584029734   -0.935183139682
0.717543994161   0.607780130836   -0.340196897406
0.0394630516426   0.254477080837   0.966273296166
-0.931864022603   0.358407755949   -0.0563322629856
-0.360655113554   -0.898212277696   0.251281899992
-0.284147103066   -0.956297335764   0.0689625219244
0.0717218754018   0.050525133143   0.996144157996
-0.95609434493   0.287997598136   0.0542308681481
0.842509551548   -0.443578293504   0.305640234723
-0.514607528441   -0.495038249809   0.700083011433
-0.159238020654   -0.747111389792   -0.645343183136
-0.0104730342208   -0.991717600009   0.128009833163
-0.444645169242   0.119282738316   0.887728732108
-0.895645571096   -0.0476217405415   -0.442211692297
0.764242524717   0.553798466852   0.330515690287
0.268311696723   0.193004248329   -0.943799869426
-0.586465853068   0.809973220693   -0.0010885522597
0.841724805981   0.474459496306   0.257657791191
0.309398708518   -0.0327934437888   -0.950366786673
-0.442461060619   0.879666286957   -0.174400210512
0.536140168309   -0.296325028647   -0.790408247251
-0.843230247783   -0.231204238255   -0.485290994596
-0.0389418688407   0.926680137701   -0.373828106543
0.0786361086385   -0.994098266097   0.0747328559652
-0.949006325867   -0.0976046540797   -0.299767117887
0.30529224668   -0.0473494334126   -0.951080793241
0.657778684956   0.633138737398   -0.407998211789
-0.227184804554   0.683223589517   0.693968725021
0.718132485129   -0.363786841341   0.593249414555
0.557648593085   0.821325356162   0.120219407568
0.820802243628   -0.567193767819   0.0676380558738
0.123740549074   0.0609580927627   -0.990440501717
-0.882690405317   0.433890766749   -0.180544872237
0.469335351899   0.833599447218   -0.291266697472
0.0241241750006   -0.341834410392   -0.939450509635
-0.19039863553   0.864416198442   0.465331060063
0.718173535502   0.445811504026   -0.53430223262
-0.669309444497   0.232458036533   -0.70568273945
0.845983800587   -0.27738605534   0.455377190302
-0.451986220468   -0.826140094541   0.336453563957
0.282877828137   -0.490458479889   -0.82427581176
-0.177581745547   0.81437450557   0.55250238762
0.667638082291   0.512161013784   -0.540324427576
-0.722996621516   0.272919879521   -0.634657879994
-0.514558280719   -0.845755869768   0.141162263006
-0.848832799832   0.525722054396   0.0556704540213
-0.121295728172   -0.0911774658299   -0.988419959355
0.40482107145   -0.624509858862   0.667912671159
-0.726327147161   0.224121413875   0.649783400173
-0.555489671738   -0.748169117264   -0.362869393261
-0.338664761348   -0.321319270076   0.88434162296
-0.293669212677   0.929027243859   0.225092811287
-0.89390411843   -0.183472904937   -0.408990366888
-0.681555746452   0.716751099714   -0.147477542482
0.709938839656   0.696514632438   0.104183543552
0.177393935707   -0.0336931425915   -0.98356299428
0.236500571739   -0.7873452261   0.569346093782
-0.608169373683   -0.576942264361   -0.545222556859
0.757758201857   -0.217313410842   -0.615286428411
-0.341135992182   -0.885047758055   0.316728118106
-0.854348150015   0.151385255835   -0.497163698274
0.392065649354   -0.440196513249   -0.807781874221
0.303961020022   -0.940787982895   -0.150085540769
-0.802099934534   -0.167715541161   -0.573155469548
0.514046100391   0.294600523581   -0.805584966455
-0.85319644534   0.41451134876   0.316600959267
-0.140298191774   0.402240815174   -0.904720257313
-0.50236664205   -0.816322649666   -0.285035240976
0.813750267545   0.225274867564   0.53578142569
-0.466840240675   0.802461976119   0.371638220005
-0.346223470834   -0.552545030678   0.758171021153
-0.941668039171   -0.033359334803   -0.334885739895
0.204068087948   0.734671063837   -0.647004361224
0.267614497898   -0.67760282079   -0.68500868445
0.61488423272   -0.787670288189   0.03863803121
-0.542082714283   -0.386569240012   0.746130386429
-0.572768462145   -0.479728819002   -0.664677778319
0.799200567416   -0.458014353414   0.389231685642
-0.593578803361   -0.703293220847   0.39120691419
0.0945656239972   -0.543692465992   -0.833939952983
0.860172043965   0.3993386069   -0.317226625332
0.437876400313   -0.897167139141   0.0579256635269
-0.261473350132   -0.188732089178   -0.946579043549
-0.280732208837   -0.886396470295   -0.368090646946
0.0180771829163   0.378561991702   -0.925399391558
0.959615882726   -0.266443457204   -0.0902509929825
0.667742485898   -0.230663019265   -0.707753166062
-0.63079557345   0.329490097284   -0.702519195686
0.395242858308   0.915549478365   0.074513325128
0.928631623726   -0.227357471444   0.293175523525
-0.345985671957   -0.245441971728   0.905567310207
-0.133929915315   -0.942372972179   -0.306587604268
0.889729843339   0.380291243824   0.252506189513
0.360174949812   -0.924672781996   0.123508104037
0.280454651235   -0.0189424419211   -0.959680349124
0.0911092198469   -0.213032106605   0.972787968477
-0.277684398088   0.932670594398   0.230254071417
-0.956342242671   -0.291106310308   0.0258191979335
0.437333779173   -0.330615509006   0.836320842021
-0.872379920025   0.0698666881674   0.483809798393
-0.218385990235   -0.94117587681   -0.257867268531
0.898286438675   0.208447374018   -0.386821879368
0.373424450725   -0.826115244558   0.422004481386
-0.231593725506   -0.523529650521   -0.819927467116
0.0606442102615   0.0154732570525   0.998039507273
0.96418051489   0.257758220984   -0.0625830186386
-0.258221251001   0.966085543744   0.000712530798117
0.565733439909   0.198389160583   0.800367050753
0.720493919577   0.353139086335   -0.596809263966
-0.401041377942   0.914294551371   0.0568444061688
0.867791063873   -0.355195064572   -0.347527172413
-0.484635718151   -0.759530256789   -0.433868654911
-0.109849397607   0.544931422406   -0.831253784785
-0.553724451902   0.696320342135   -0.45664779918
0.800448404479   0.596246016632   -0.0614250715713
0.229502904413   -0.399535566351   -0.887524505626
0.841940551118   0.539091114169   0.0227349732059
0.28769404029   -0.412870193922   -0.864158748236
-0.456473709609   0.734111009041   -0.502705459331
-0.374617049743   0.877085594967   0.300637531163
0.532924872546   -0.0616467357227   0.843913953076
0.758718094067   0.476361773315   -0.444326810647
0.380874952356   -0.918662309444   -0.104851475311
-0.679326063259   -0.201096590798   -0.705745181313
0.627256223919   0.340029002258   -0.700663904578
0.065593561694   0.681723027976   0.728663981401
0.980604071397   -0.179202706171   0.0793854222173
0.184697427768   0.709323694252   -0.680254920561
0.134227965256   -0.142426686478   0.980661762445
0.814084051356   0.580110913422   -0.0271750888964
-0.565022132904   0.801988757469   0.193814401481
0.445413944471   -0.687713664583   0.573285560272
-0.839290163646   -0.0977508961081   0.534824067819
-0.311766642344   -0.719371029342   -0.6207309263
-0.0924132697981   0.252405958915   0.963198328212
-0.687388336816   0.683680296536   -0.245109213492
-0.720386744725   -0.684742640729   0.110319780601
0.362923307695   0.688392926099   -0.628014213238
0.768784058147   -0.602048686168   -0.215658181907
-0.526552698855   -0.404539934718   -0.747723007903
0.815685414331   0.547624751117   -0.186452237349
0.358063965688   -0.2247853563   0.90623492543
0.454364942887   -0.805964438147   -0.379438826582
0.931938068598   0.227229380153   0.28259201173
0.326132333208   -0.184544484597   -0.927135930941
-0.158521725749   0.95619566094   -0.246090878468
0.345248402268   -0.27346136155   0.897787516326
0.796204546472   0.591776481913   -0.125932186641
-0.496851950695   0.758300388496   0.422041064231
-0.529120195307   0.0546006905667   -0.846788393584
-0.815479456562   0.2431493604   0.525234846962
0.234574241648   0.968450903829   -0.084129495592
-0.696490487902   -0.403721614789   -0.593219906961
-0.352994037065   0.91253299881   -0.206588324646
0.624736912675   0.0655162867982   -0.778081876222
0.214713922536   -0.422285234254   -0.880666288898
-0.975716314207   -0.0527609669818   -0.212588698085
0.04330826318   0.904926218702   -0.423359106487
0.853504541015   -0.488569783346   -0.18118930782
-0.310466584643   -0.197533024903   -0.929833965766
0.418497907148   0.849870737744   -0.32027992575
0.268853249551   -0.318606723306   -0.908959672411
-0.0701901978127   0.934715883497   -0.348395684917
0.960620250847   0.15746737123   0.228938333752
-0.49822170076   -0.859985407468   0.110454677735
-0.17058683028   0.222125030573   0.959979481097
-0.850103093882   0.459440496403   -0.25736969526
-0.692439231821   -0.696045445819   -0.189864813988
-0.641578070042   0.714424362362   -0.279240775147
0.330008318496   -0.0715441669087   -0.941262950458
-0.18639077688   0.974369065345   -0.125950001162
0.628349993249   0.216774274687   0.747117928989
0.755271318321   0.0601152088253   -0.652649521098
-0.106579119909   0.767411400415   -0.632234635015
0.947659739087   -0.114069179587   -0.298210062173
-0.300968287552   -0.630926275235   -0.715087494721
-0.806135828111   -0.591240467902   0.0240777023687
-0.579989915063   0.797552143653   0.165898392335
-0.117289066247   0.119771813336   -0.985848866546
0.54107038772   0.344343176372   -0.767248729174
-0.0715818067667   0.927876263853   0.365953117103
0.837925343019   -0.143085344684   0.526695076551
-0.636009006134   0.158806394168   -0.755164269075
0.162605970945   0.984203266525   0.0700230560139
0.754355249421   -0.0782589249344   -0.651785009292
-0.0354920180896   0.871828843504   0.488523064232
0.891410405981   -0.193377902157   0.409868851056
0.45180505172   0.450021615694   -0.770293931333
0.222532317913   0.721732897158   0.655424284448
0.880151271306   -0.437863273742   0.183328920595
0.419300735873   0.536075907562   -0.732672856211
0.594217203731   0.804251643609   -0.00923084726364
0.623021717637   -0.452997377168   0.637681202194
0.508674605364   -0.384672159157   -0.770245075172
0.970331343185   0.0107313927795   -0.241540724601
-0.0993282660428   0.928510244414   -0.357774540155
0.220433618119   0.37115167146   0.902028523261
0.87810038951   -0.19916834233   0.435053648825
-0.290581059436   0.500390720612   0.815580636493
-0.380134652247   -0.842580024768   0.381518738756
-0.868131513939   0.360186334241   -0.341487158078
0.479141273892   0.428655425934   -0.765949192487
-0.12950410866   -0.828565224013   -0.544709422901
0.359773059981   0.750193144791   -0.554773459009
0.895647147551   -0.44431562858   -0.0199952315058
-0.261494803763   -0.489687520474   -0.831761143536
0.404598522459   0.808557070746   0.427241733648
-0.388876188413   0.574963796964   -0.719855500962
-0.827692784619   0.125108335161   0.547058094505
-0.574918126671   0.63550244181   0.515369570384
0.48455261296   0.771985932623   -0.411395776724
-0.659301079097   0.0132047826948   -0.751763074922
0.896310564907   0.408582434671   -0.172301379317
0.213720933579   -0.0575962628123   0.975195381993
0.388523787929   -0.910902335373   -0.13894675824
-0.057246909197   0.997587687611   -0.0392631750365
0.997811936021   0.0584742202844   0.0308562132366
0.0330776619573   -0.0374108418602   -0.998752370305
-0.512502248611   0.794774019244   -0.325077996029
-0.364531978607   0.141393922265   0.920393500259
0.777468894388   0.590205063584   0.21725584268
0.68391696455   -0.646390127152   0.338285957617
-0.727658707855   -0.637824290436   0.25237468061
0.0526344989919   -0.418760048297   -0.906570257325
0.300043378841   -0.911967819567   0.27980112024
-0.713044799467   -0.409256444019   -0.569276977386
0.633672695299   -0.0287029458805   -0.773068597299
-0.93062766434   0.123668704943   0.344438966701
0.36486303649   0.386593826141   0.847006598671
-0.0284097688734   0.913920819879   -0.404897048674
-0.298112486168   0.260819761998   0.918205857824
0.951142347989   0.162149000264   0.262746904026
-0.0803565769087   0.95167260834   -0.296415362427
0.75818538784   0.485321942197   0.435450950267
0.600533566676   -0.259603269749   -0.756284058823
-0.253996757776   0.834906434733   -0.488279522693
0.358422135872   0.299178669616   -0.884322167631
-0.555369967542   0.829741441552   0.05561779682
0.750398408626   0.471191324005   0.463552547737
0.99997187329   -0.00595703803697   -0.00455700850943
0.00602933754131   0.999853494793   0.0160198638753
0.0044609099455   -0.0160468890317   0.999861289197
0.72079477672   -0.660340666222   0.210725163157
-0.471305215186   -0.689825345443   -0.549556536603
0.508258087975   0.296801612729   -0.808444505634
0.865100944055   -0.17837207962   -0.468811004358
0.21177826436   0.977132661564   0.0190191600394
0.45469805733   -0.115737474121   0.883093717419
