0.0756086890248   0.291646565419   -0.953533222827
0.622699452719   0.733070803829   0.273592010412
0.778799536299   -0.614450549236   -0.126181634234
0.599952734373   -0.282210417215   0.748608039585
0.573125770745   0.804472673474   -0.156046687053
-0.558196710331   0.522667196262   0.644387643058
0.906124277192   0.179374459229   0.3830973736
-0.102676037135   0.97182311389   -0.212173199786
-0.41036133551   0.152920367138   0.899009975269
-0.656463513048   -0.573777012055   0.489730126168
-0.754241141497   0.510655569842   -0.41273622262
-0.0132648600661   -0.640320880049   -0.767992977874
0.714154851353   -0.121981693593   -0.689277385905
-0.296872800436   0.838972596217   -0.456060876594
0.633915916075   0.530325795362   0.562943302761
-0.0137905204108   -0.515936250502   -0.856515970062
-0.991932385258   -0.100896046841   0.0767471876718
-0.126015731677   0.85066431285   -0.51038246661
-0.76943040737   0.350056450403   -0.53426335242
0.635911242225   0.341320857037   -0.69218275373
-0.0599478124706   -0.872330530293   -0.485227478297
0.597443543711   0.782627681336   0.174800241661
0.758568828969   -0.622255136713   0.193318070938
0.260066421891   0.0171013812556   -0.965439277719
-0.878255008513   0.454641873775   -0.14821911696
0.455024845813   0.889855388365   0.0333133230245
0.147039211487   -0.0381857880446   -0.988393300198
0.835628223983   -0.460202298187   0.299898842986
-0.37732556611   -0.877683710443   -0.295460186096
0.399187785936   0.133735369859   -0.907063372865
0.678866736804   0.243014130497   -0.692881004243
0.563943904077   0.431744267949   0.703963180961
0.470220402275   -0.868643206082   0.156050484818
0.259747317689   0.192508760991   -0.94629366895
0.368181012207   0.886166670988   0.281338538917
0.892734043937   -0.421484291725   0.159301345334
-0.0467059550843   -0.919572603613   -0.390134310767
-0.966894023521   -0.0564675679469   0.248852086673
-0.25086749696   0.388841407836   -0.886491882934
-0.586713650449   -0.567074320033   -0.578094981754
-0.728313209911   0.681601507862   0.0705638203824
0.354015480788   0.462434968442   -0.812912627111
0.680636358692   -0.686554747521   -0.255688728501
-0.376072788821   -0.0279039911616   -0.926169868213
0.628731584012   0.726542459828   -0.277187029516
0.874320243563   -0.393218978059   0.284504739837
0.163710169211   0.790762925518   0.589824529943
-0.456905999296   -0.469119207579   0.755753979074
-0.350692272963   -0.529729358788   -0.772270507087
-0.862121398814   -0.139436452584   0.487138757844
-0.365734361779   0.836626728072   -0.407791729299
0.694129673345   -0.697755250571   0.176979114255
-0.676167857354   -0.716336230155   -0.172219145417
0.246943364485   -0.000125169330128   -0.969029906179
0.0338266238483   0.899588376779   -0.435426815761
0.958036386676   -0.153269965032   -0.242228403832
-0.284643709439   -0.408960964132   -0.867023003439
0.457804428417   0.229935289138   0.858804324705
0.759884385438   0.40024114458   -0.512233098261
-0.461509291445   0.887094577256   0.00850793254637
0.789600648117   -0.418506984178   -0.448756861437
-0.401212157076   0.201228441762   -0.893608370171
0.464283987993   0.88564045663   -0.00901998183861
-0.534988004581   -0.0810638345979   0.84096164577
-0.533554551017   0.80419141154   -0.261907836255
-0.655062879444   -0.588816464038   -0.473484736432
0.986254095911   -0.129866250952   -0.102164647319
-0.0255784658901   -0.730834958375   0.682074780133
-0.163243990336   -0.670085830677   -0.724110750602
-0.372118904568   0.599301857776   -0.708776977711
0.739533877371   -0.27002467498   -0.616584397407
-0.56090744788   -0.753607297053   -0.342722740338
-0.102238808763   0.791565186817   -0.602471394354
0.635154074034   0.518062852621   0.572878855413
0.765589007389   -0.324091708872   -0.555731982187
0.825783101993   -0.378299665748   0.41829610488
0.232314386433   0.903991392448   0.358928388729
-0.51391856779   -0.199220795285   0.834385270967
-0.0141399730878   -0.54705666864   0.836976142107
-0.541821364331   0.707706276061   0.45341089089
-0.840374720178   -0.447080337434   -0.306413938266
0.830675843324   -0.0457149991054   0.554876366567
-0.143585023928   0.945320190742   0.292836264625
-0.537922842257   -0.322923947444   0.778690657415
0.713878830505   0.6837638524   0.151142348494
0.6134120887   -0.714707209106   0.336034543889
0.337790800339   -0.14717540352   -0.929643359468
-0.870017435339   0.428103851997   -0.244533748412
0.335859419636   0.877741107956   0.341714789915
0.36092674111   0.215168862316   -0.907432778911
0.826276055064   -0.514014421093   -0.230341172461
-0.202586286896   -0.65277026537   0.729965599847
-0.525572713508   -0.556489133323   -0.64350071271
-0.264047682723   0.467431429573   -0.843674510635
0.891318755373   -0.215985386027   -0.398624120371
-0.368550807308   -0.857238690021   -0.359599959347
0.988941232416   0.0775996568584   -0.126386439475
0.148305148678   -0.512228719654   0.845947587996
0.00090647847475   -0.85533620993   -0.518072529941
0.0469393492173   -0.393137800821   -0.918280658112
-0.791077017983   0.546677548563   -0.274482803682
0.609912984873   0.739314768866   -0.285341590768
-0.297743144212   -0.944092294794   0.141558323619
-0.942095588898   0.266615131917   -0.203401752236
0.154288435908   -0.193922949502   -0.96880801411
-0.553325835365   -0.791957037975   -0.258136726866
-0.188717082992   0.421032901637   -0.887196234362
0.811305357028   -0.442193787473   -0.382424204037
0.926683057274   -0.306608695062   0.217369775897
-0.356174081154   -0.531765256872   0.768352611439
-0.119993896825   -0.789440827233   -0.601983924228
0.00504395764338   0.0592575782828   0.998229982471
0.738258940816   0.673101140858   -0.0436874178683
-0.674498550624   0.737172567036   -0.0403523433338
-0.58473196793   0.795151882219   -0.160692283192
0.733470079826   0.602834445454   0.314025911944
0.346569138375   0.0657580076925   -0.935716686152
-0.259149669041   0.911436127525   0.319571016327
0.902816981939   0.346157246577   -0.255140466732
-0.343166062071   0.222394572963   -0.912566549769
-0.740540460513   -0.162755412324   -0.652004986221
-0.550449906955   0.703470840173   0.449592790147
0.385492835512   0.691837735873   -0.610537321504
0.672437430054   -0.735159482606   0.0858396050697
-0.20310674059   -0.294802706909   -0.933723200918
0.711741213217   0.610435827208   -0.347552220934
0.0458589892581   0.262479078795   0.963847335561
-0.939517752648   0.339167668433   -0.0476621981062
-0.33941618337   -0.903365942386   0.262157640704
-0.261972390142   -0.961684157723   0.0808334559095
0.0283434797529   0.0760556863488   0.996700647002
-0.964659066181   0.263399152169   0.00733298551358
0.842406704538   -0.417067177312   0.34118310884
-0.526290375437   -0.500970650264   0.687056655807
-0.115626056196   -0.758342519693   -0.641519475889
-0.0154645002474   -0.992082213966   0.12463438519
-0.440140826446   0.118677246847   0.890051551306
-0.897795579258   -0.041092478869   -0.438491169873
0.77159803031   0.548816909605   0.32161542151
0.263410441536   0.184543036039   -0.946867893182
-0.579008997263   0.815318261528   -0.00217106136659
0.874835010435   0.443715857402   0.194370631541
0.249484550118   -0.0687567699869   -0.965934762718
-0.41523627463   0.893526017788   -0.170851080653
0.51133118151   -0.356929324514   -0.781755639646
-0.858785561602   -0.178289278811   -0.480312702567
0.0320590392847   0.916959317726   -0.397690617991
0.0780031487298   -0.992727752571   0.091690337898
-0.9436317212   -0.103193313518   -0.314500103007
0.321674810226   -0.0619899130575   -0.944818801224
0.653121694908   0.623159605385   -0.430237327362
-0.212136149454   0.695971813689   0.686018577478
0.726932119069   -0.356784726082   0.586748969747
0.54545939018   0.823982566613   0.153384430699
0.823531437763   -0.560918822592   0.0846524983428
0.155788397126   0.0801424006206   -0.984533986687
-0.86919992534   0.455196374677   -0.193100363199
0.494362986343   0.807787422887   -0.321068088044
0.00983501504494   -0.374534030372   -0.927161006821
-0.203730737972   0.860784618229   0.466415723818
0.711246763862   0.457510997368   -0.533677550757
-0.672771749778   0.223010152925   -0.705439327222
0.852539116994   -0.291364984018   0.433916466711
-0.454641142244   -0.822951239269   0.34066506948
0.257834221495   -0.487706575589   -0.834064631999
-0.157402292661   0.798440943095   0.58113387327
0.709259383139   0.500872920916   -0.496061936179
-0.687150380703   0.334093366421   -0.645140276856
-0.516692289532   -0.851914989311   0.0852638782206
-0.837110776925   0.523574651644   0.15847754198
-0.179651398819   0.0105088126637   -0.983674204076
0.409457137809   -0.627297907487   0.662451649221
-0.722007284795   0.221077899767   0.655614248573
-0.557718865555   -0.746740850289   -0.362391734871
-0.361761242241   -0.300891491997   0.882379234602
-0.211697518623   0.948271892944   0.236568336135
-0.907916826709   -0.101216239295   -0.406746000204
-0.669694365407   0.731507518929   -0.128086715518
0.716329701836   0.681790397974   0.148437230834
0.195911243192   0.00765525837055   -0.980591750837
0.211567442025   -0.776034032525   0.594146781394
-0.589404980923   -0.586232344515   -0.555817781933
0.779641575303   -0.232600125996   -0.581426001699
-0.299159158557   -0.894948087607   0.331016190424
-0.864563358605   0.107429806699   -0.490906340943
0.403774685674   -0.433043597238   -0.805877934973
0.287599573472   -0.95082513973   -0.114969730784
-0.783562024398   -0.164563370972   -0.599123902758
0.550742262098   0.262393693888   -0.792358826636
-0.848431956366   0.129821224142   0.513137082227
0.244305454535   0.956060135722   0.162061290154
-0.469550913404   0.262860165571   -0.842868004526
0.811903789196   0.222354711899   0.539787568572
-0.465849243378   0.804029253456   0.369488081041
-0.351847579974   -0.551448403464   0.756378171805
0.685360487556   0.697566083712   -0.209003734326
0.726514776014   -0.635464473213   0.261459716924
0.0495709828528   -0.331038460296   -0.942314308249
0.621987636288   -0.782438782322   0.0303468651027
-0.533584728128   -0.395163402259   0.747752113615
-0.573078282795   -0.481285193442   -0.66328413546
0.791178142657   -0.459278893762   0.403856465006
-0.602572531457   -0.69834112966   0.386297826762
0.104611141455   -0.548983209554   -0.829261083565
0.856340388644   0.398290545679   -0.328703179174
0.438658860133   -0.896906250963   0.0560141179509
-0.272506042508   -0.192155713434   -0.942770724297
-0.28573510443   -0.878711031017   -0.382390342574
0.0178057153576   0.394089320787   -0.91889964836
0.958143207785   -0.269370620567   -0.0969590747383
0.653929586133   -0.213868692682   -0.725697098428
-0.647040714625   0.338986899603   -0.682954021519
0.39206429319   0.916159409809   0.0832918112139
0.934784171804   -0.24707902194   0.255206796661
-0.315398134364   -0.246816638361   0.91629993117
-0.163409207158   -0.937034419827   -0.308648549438
0.871590609407   -0.37885436968   -0.31112565977
-0.354972115791   -0.925442651012   0.132479042485
-0.338119219512   -0.00502655564779   -0.941089861349
0.103511129209   -0.298493422503   0.948781915328
-0.230133371188   0.920833617268   0.314808006212
-0.967638402295   -0.250932512903   0.0266232299396
0.449959714374   -0.332129165099   0.828991238273
-0.866564732291   0.0620091728413   0.495197361904
-0.215874547348   -0.941193433985   -0.25990979134
0.902096161332   0.17582955702   -0.394089434759
0.347926444971   -0.8365850476   0.42316976147
-0.255283576833   -0.51885395345   -0.815855912762
0.0186008726883   -0.0374172807056   0.999126595893
0.965676707441   0.259615760333   -0.00825552411306
-0.259080111592   0.964986841401   0.0409620761462
0.554129232756   0.213472475977   0.804593248423
0.716802880922   0.369074366373   -0.591589166559
-0.423242747497   0.904551609411   0.0514972096902
0.874716637874   -0.374891995747   0.307126675741
-0.158560739154   -0.820230918781   -0.549617805277
0.457962111343   0.432061606028   -0.776912783505
-0.479090478174   0.745423998086   -0.463481797703
0.854299942132   0.517256515916   -0.0511596092173
0.201603379427   -0.4204625546   -0.884628349977
0.839860719738   0.540780140702   0.0468060985676
0.309303364307   -0.405931769734   -0.859971410658
-0.44605537803   0.736733491667   -0.508191265163
-0.368951111317   0.884787569231   0.284650724194
0.545791274121   -0.0416481467959   0.836885486166
0.75232105018   0.464129711607   -0.46754320469
0.395494782346   -0.915148254364   -0.0780227510201
-0.661030120966   -0.224634528276   -0.715945883355
0.637670021499   0.334728249855   -0.693782345153
0.0588852466379   0.678327504188   0.73239628946
0.980177379453   -0.178316528211   0.0863453565891
0.189168793833   0.712793808095   -0.675381488215
0.126638317365   -0.144983730233   0.981296313309
0.808855241405   0.587745959949   -0.0175466521339
-0.574208964574   0.795948744906   0.191702009532
0.451067002098   -0.714632119847   0.534639591602
-0.820020563896   -0.0953946887586   0.564328032405
-0.352285160649   -0.692965213162   -0.62904243017
-0.0955070726586   0.219404851106   0.970947944221
-0.647905210479   0.726807817085   -0.227967618882
-0.75570975732   -0.650854752104   0.0727382592401
0.342786407627   0.647686566576   0.680440732337
0.547651643247   -0.726286445593   0.415434322847
0.763266111128   0.230239246062   -0.603667734088
0.810529267021   0.554670920878   -0.188102304162
0.361122161497   -0.220422362246   0.906093133556
0.461121558566   -0.802342914055   -0.378962737573
0.913443311779   0.26508416318   0.308790710033
0.358975767905   -0.167369008698   -0.918217846181
-0.191723014342   0.949588332605   -0.248040892631
0.345667693081   -0.278204419849   0.896167476949
0.795520968282   0.59338564929   -0.122637107935
-0.497654734718   0.755311705189   0.426431697955
-0.521679043644   0.0339377911203   -0.852466539972
-0.821456417044   0.249804729621   0.512647005223
0.230348280513   0.96770130898   -0.102439476156
-0.711835056427   -0.369522723755   -0.597280343784
-0.321118069906   0.927548765805   -0.191145160111
0.624639125913   0.0557336853554   -0.778922151884
0.214251973521   -0.51864866431   -0.827707469369
-0.965071133296   0.0184041841796   -0.261340761613
0.150777317653   0.85478935944   -0.496589721466
-0.317264801617   0.472934655642   -0.821995046937
-0.198362812189   0.814507089275   0.545188404377
0.927359283361   0.33602234006   -0.164601781825
0.269814150096   -0.343468707886   -0.899571882126
-0.0416070982052   0.929188714742   -0.367256288952
0.962013084   0.136519519113   0.236417527087
-0.502338808385   -0.856757678189   0.116713334436
-0.167370840387   0.228773045699   0.958983782626
-0.848317584021   0.462200361765   -0.258317831767
-0.680634305301   -0.706450419063   -0.194074078267
-0.652227115963   0.704945392087   -0.27866069579
0.333671592515   -0.0630856527426   -0.940576136614
-0.203369489466   0.971488698563   -0.121862870845
0.610914998507   0.22317023887   0.759590619389
0.765129868274   0.0800297009177   -0.638883034371
-0.0707020647354   0.752034795908   -0.655320443586
0.940724422968   -0.168205626959   -0.294524068773
-0.331720934024   -0.637299405929   -0.695565014305
-0.883441801849   -0.468539499927   -0.00114880825644
-0.445919233978   0.840033067949   0.30903152189
-0.143828437804   0.273523640223   -0.951051102057
0.52497355713   0.0832451389582   -0.847037786143
-0.310588466085   0.945312791382   -0.0995918228757
0.792425118891   0.315363240231   0.52211919871
-0.63918367864   0.106303856701   -0.76167165827
0.188505947739   0.98184408633   -0.0211588706104
0.745593543849   -0.15710404256   -0.647617624208
-0.0563452918224   0.844735980882   0.532208916406
0.866309187779   -0.223622286356   0.446655867783
0.49632005729   0.48622442931   -0.719202478506
0.232731849301   0.698097667422   0.677122982226
0.863504739707   -0.468643424522   0.186367661229
0.447432062801   0.54132521407   -0.711878895448
-0.760721479387   -0.568659530403   -0.31293636623
0.0512775624433   0.427965731635   -0.902339151398
0.647049799024   -0.702475388207   -0.296403249925
0.902791425042   -0.231431126265   -0.362501416088
0.255581235667   0.966592676407   0.019412106847
0.345898648227   -0.110173643458   0.931781032991
0.877730594159   -0.214173770168   0.428624078009
-0.277604027149   0.501813513763   0.819218653057
-0.390544502186   -0.838041045282   0.381001572484
-0.867775792822   0.376615236704   -0.324231609946
0.485720567184   0.504822054611   -0.713603688188
-0.105074754435   -0.776733967755   -0.621002125058
0.392422744692   0.735861010569   -0.551826931717
0.880745482246   -0.473561719493   -0.00516655820373
-0.26512597939   -0.483991602142   -0.833942650363
0.408236627186   0.812471321209   0.416212936398
-0.390955936071   0.567612341764   -0.724547918029
-0.824922003745   0.133066080131   0.549360633871
-0.550025876045   -0.677262905511   -0.488657848097
-0.495817923128   0.735650396172   -0.461500901102
0.672038780721   -0.0115521180599   -0.740425840839
0.89094539869   0.41409425805   -0.186392709092
0.227057975019   -0.0507580355477   0.972557606421
0.393269592687   -0.908817675487   -0.139246041918
-0.0473654175854   0.998162732444   -0.0377846105361
0.998377913101   0.0485042179838   0.0298141490947
0.0315920855118   -0.0363111609925   -0.998841048292
0.150634899906   -0.908672556372   -0.38938838226
-0.61926449623   0.220296907643   -0.753644980214
0.770597567249   0.35465963654   -0.529524250228
0.667553468158   -0.65194415291   0.359640360128
-0.741489604022   -0.625937297762   0.241651952986
0.0675687373984   -0.427985187525   -0.901256425757
0.288818344844   -0.890491352893   0.351580878485
-0.663668581487   -0.450899242312   -0.59685332139
0.690020273355   -0.0609509944981   -0.721219105861
-0.933547975219   0.148366564871   0.326305899973
0.351721983829   0.554725258969   0.754036824794
-0.0691362713824   0.818698509515   -0.570046424836
-0.261259691414   0.385506422858   0.884945292974
0.949517937654   0.267579786493   0.163758187342
-0.173663639531   0.883054843021   -0.435953076028
0.742081133922   0.496470199634   0.450369772022
0.617342668645   -0.244425829112   -0.747759348671
-0.261158228178   0.8329305823   -0.487876034372
0.362261500262   0.307721352323   -0.879814852541
-0.572526574679   0.818330643678   0.0504804804206
0.735513376298   0.485430249306   0.472628338491
0.999953886609   -0.00741536483676   -0.00610221435606
0.0075427669272   0.999748350561   0.0211268127864
0.00594401571259   -0.021171866138   0.999758181143
0.721820315889   -0.657220054814   0.216880684065
-0.463533815216   -0.691803623546   -0.553664292328
0.513918119666   0.299114603453   -0.804001629526
0.863287828659   -0.163533165313   -0.477484061233
0.193168948454   0.981076173693   0.0132400439951
0.466283049491   -0.103665062844   0.878540649317
