0.0748086012791   0.294981170064   -0.952570093206
0.619193769569   0.735041978448   0.276246928747
0.781666648187   -0.61049111314   -0.127663040354
0.599397643982   -0.284279332985   0.748269821138
0.573958658631   0.804229705373   -0.154227232283
-0.557937203071   0.521919382503   0.645217975258
0.906428255129   0.180052785958   0.382058650697
-0.102720130688   0.971398221791   -0.214088928842
-0.409678401988   0.154811139683   0.898997840918
-0.654155653762   -0.575662860125   0.490604374334
-0.756252336906   0.508746262468   -0.411411768606
-0.0127586663871   -0.640148039047   -0.768145627162
0.7141292012   -0.138679065692   -0.686139636468
-0.281634819467   0.840431247327   -0.462987199587
0.640859822783   0.523873491652   0.561119641687
-0.0124957693958   -0.516228970372   -0.856359449009
-0.991935605164   -0.101625870127   0.0757359738877
-0.126125377962   0.85039980755   -0.510796002694
-0.769928181279   0.348519534471   -0.534550960867
0.635254557662   0.339165791386   -0.693843075142
-0.0605164658653   -0.873785271131   -0.482531923621
0.597900852171   0.782135374536   0.175438954838
0.758060775749   -0.622865760521   0.193344523185
0.260496509085   0.0173925350261   -0.965318117765
-0.876565403183   0.457809818987   -0.148469739617
0.458394197838   0.888161595836   0.0323069508208
0.146655560179   -0.0397385118232   -0.988389092082
0.835259863378   -0.457718379975   0.304688111454
-0.373788016101   -0.879056128986   -0.295876394972
0.403266015984   0.133244912531   -0.905329947382
0.675256426028   0.245667018547   -0.6954685292
0.563877550861   0.435883475673   0.701461120285
0.475469101776   -0.865825220027   0.155807001202
0.260151553101   0.194071161949   -0.945863390516
0.367297097721   0.886060984524   0.282822866313
0.892980409317   -0.420989686101   0.159228366731
-0.0468795951548   -0.916432891121   -0.397433088246
-0.964867539891   -0.0614270219918   0.255455184795
-0.258520664604   0.39544592177   -0.881356675209
-0.587554072796   -0.564845496414   -0.579421933239
-0.728200265175   0.681332972153   0.0742277229587
0.352852072882   0.465548006372   -0.81164060299
0.680386231374   -0.687847256341   -0.252865039298
-0.373279162549   -0.0283431984141   -0.927286002218
0.630664128489   0.725301878562   -0.276043369763
0.875103542224   -0.389147763104   0.287676569881
0.157882592202   0.791505671742   0.590416682251
-0.457456967886   -0.471256607457   0.75408907462
-0.348986808204   -0.528812559046   -0.773670139713
-0.861872524278   -0.143031166812   0.486536573348
-0.367945593237   0.836599882086   -0.405853024751
0.693096651679   -0.697998285146   0.180042843139
-0.676081525667   -0.716097980329   -0.173543807792
0.250061596581   -0.00144100797435   -0.968228857974
0.03491212006   0.900119038141   -0.434242859526
0.95838577577   -0.153339764577   -0.24079788496
-0.283333458446   -0.407765415129   -0.868014698925
0.45759426409   0.231566391977   0.85847801112
0.758983482586   0.401235793393   -0.512790319
-0.463197109913   0.886220539259   0.00784813097225
0.79205693116   -0.418398848244   -0.444508966829
-0.397701273367   0.198752265423   -0.895729442497
0.463119331237   0.886250495505   -0.00897464530958
-0.534663640867   -0.084702981334   0.840809250736
-0.531029314692   0.807657776482   -0.256313836984
-0.657375583747   -0.583536049482   -0.476805013482
0.986159228972   -0.132532200115   -0.0996252530568
-0.0292369592775   -0.730460267145   0.682329098263
-0.163202865557   -0.669972397982   -0.72422497238
-0.374335010777   0.596866947956   -0.709664107968
0.737765904437   -0.271927856201   -0.617864638303
-0.56176042042   -0.754854348503   -0.338555966703
-0.0998407483536   0.790699423915   -0.604008481698
0.63825356188   0.516590206968   0.570759974771
0.763324449818   -0.328525461835   -0.556243476546
0.825619362299   -0.378053950683   0.418841114231
0.232103317953   0.904174619977   0.358603271575
-0.514276888837   -0.198855392088   0.834251649471
-0.0137991978215   -0.548532726047   0.836015209547
-0.54068084448   0.70741190222   0.455228102175
-0.84111462153   -0.44573562686   -0.306342854324
0.830611957696   -0.043471777582   0.555152213619
-0.145700854081   0.945250595628   0.292014678716
-0.537452357751   -0.323437035634   0.778802572625
0.711100505536   0.685260136354   0.157335998904
0.613061078382   -0.713880950896   0.338422963348
0.344226938517   -0.144196163165   -0.92774742324
-0.869773780632   0.428539603724   -0.244637238711
0.336775192388   0.877879717768   0.340455093844
0.360660561076   0.213731160976   -0.907878268553
0.828352890149   -0.511530104829   -0.228404118259
-0.202360896003   -0.653407214545   0.729458072657
-0.522380663073   -0.558028640707   -0.644765444958
-0.264863759787   0.467804429177   -0.843211838621
0.891530358121   -0.214417080759   -0.398997413555
-0.367451778191   -0.857428907559   -0.360270536101
0.989247087729   0.076444915169   -0.124685100814
0.146251794987   -0.512498910218   0.846141406319
0.000782229739304   -0.85527834181   -0.518168260458
0.0487084894241   -0.393394261161   -0.918078666752
-0.792295115798   0.544477017741   -0.275342017561
0.608190704091   0.740800737336   -0.285163698641
-0.300211564203   -0.942745984991   0.145268800857
-0.940763805867   0.267470570113   -0.208381754708
0.157595933612   -0.1992222425   -0.967199059038
-0.555867680933   -0.787524763044   -0.266112511434
-0.192757868939   0.433515057507   -0.88028921317
0.808613334735   -0.438029042935   -0.392778604693
0.925796966672   -0.307284222943   0.220173528907
-0.358819278889   -0.53106127321   0.767608395733
-0.118948314819   -0.789652031235   -0.601914419145
0.00368508792776   0.0556606079751   0.998442946217
0.739177692756   0.672309215319   -0.0402076799854
-0.673500377625   0.738174922168   -0.0386655612078
-0.58019914257   0.801680466534   -0.143796330089
0.729752869216   0.59008609502   0.345339181584
0.361703891104   0.0954297125843   -0.927396067021
-0.260311715014   0.911819056225   0.317527667665
0.901644785483   0.347200745931   -0.25785329712
-0.345361393092   0.219174931802   -0.912517318977
-0.740029084095   -0.162543287415   -0.652638210955
-0.552325657721   0.700580048282   0.451800800984
0.383788121892   0.694814562069   -0.608226439594
0.672526188228   -0.735185010765   0.0849207047401
-0.204037045433   -0.294488963202   -0.933619373537
0.711391179478   0.610556508849   -0.34805651734
0.0463256116949   0.263353999713   0.963586326468
-0.940172355926   0.337438414103   -0.0470240135959
-0.337535003925   -0.903758810489   0.263230191286
-0.260327729878   -0.962083675186   0.0813908778634
0.0255298057267   0.0774089982214   0.996672501886
-0.96518272989   0.261539383147   0.00441010054065
0.842347604036   -0.414492759226   0.344450673573
-0.527269800368   -0.501568962342   0.685868160544
-0.111521619408   -0.75935783961   -0.641044928099
0.118533107092   0.439379920582   0.890446622728
0.992138062295   -0.0161476590314   -0.124102048609
-0.0401493198192   0.898156188262   -0.437839575218
0.772070052358   0.548478269998   0.321059841136
0.263132258517   0.183972946704   -0.947056159584
-0.578506049042   0.815674899833   -0.00228232333781
0.877123504862   0.441239590258   0.189636444829
0.244903321253   -0.0712681113575   -0.966924619369
-0.413130391593   0.894554906248   -0.170571976741
0.509489664559   -0.36164604029   -0.78078961523
-0.859649670197   -0.17414979948   -0.480285635711
0.0377190434341   0.915906102656   -0.399616422183
0.0781133904908   -0.99252534223   0.0937642962807
-0.942945621457   -0.104088418629   -0.316258052991
0.323653909602   -0.0637106438378   -0.944028124931
0.652728357194   0.622047518634   -0.432437945
-0.210467406889   0.697228043911   0.68525653986
0.727769992753   -0.356272282595   0.586021243901
0.544166832766   0.824307863174   0.156201808014
0.82386800274   -0.560198489209   0.0861345850969
0.158505432647   0.0818180872287   -0.983962310469
-0.868141556878   0.456830473046   -0.194000402343
0.496238448647   0.805887061769   -0.322944957783
0.00881131639366   -0.376632397133   -0.92632089371
-0.204599832651   0.860517354983   0.466528445282
0.710858221319   0.458274468703   -0.533540158302
-0.672918641196   0.222473353707   -0.705468715982
0.853170308698   -0.292932462288   0.431614407654
-0.454993879123   -0.822570213782   0.341114076749
0.255109769152   -0.487410315785   -0.835074960556
-0.155820747563   0.796337243215   0.584437241888
0.713350532086   0.499981776836   -0.491069487149
-0.683264892271   0.340389802879   -0.645975130402
-0.516810403197   -0.852261844842   0.0809737918964
-0.836067110229   0.522796012408   0.166361403585
-0.184116252243   0.018277779868   -0.982734515738
0.408821191245   -0.627335789131   0.662808449912
-0.722068305555   0.221800602938   0.655302872466
-0.558106258441   -0.746494675283   -0.36230250356
-0.363449588271   -0.299100533755   0.882294320221
-0.205074865687   0.949515848369   0.237410937322
-0.908762178048   -0.0946494817956   -0.406439145933
-0.66881320247   0.732550949345   -0.126720191035
0.716795206542   0.680631566948   0.151477067417
0.197214431728   0.0104774370536   -0.980304387031
0.209608991882   -0.77475496256   0.59650550584
-0.58745320672   -0.587463804555   -0.556583334483
0.78164109438   -0.233754200599   -0.578269983011
-0.295313775886   -0.895758260347   0.332275356879
-0.865403907573   0.103439880319   -0.490281824989
0.404803471484   -0.43233936922   -0.805739920379
0.286026567594   -0.951650378047   -0.112028391917
-0.781944659285   -0.164232168902   -0.601323826667
0.553851381192   0.259594592902   -0.79111269418
-0.847962531252   0.102964300519   0.519959516349
0.272276982241   0.926253004693   0.260615840362
-0.454779936634   0.362565475638   -0.81346265147
0.811754377531   0.222086327191   0.540122665543
-0.465752612956   0.804157063885   0.36933172099
-0.352319931431   -0.551370184068   0.756215304022
0.680317268034   0.702403633585   -0.209278642805
0.731115234392   -0.630375890033   0.26095354236
0.0513705056257   -0.33053800501   -0.942393600548
0.62277991671   -0.781847252295   0.0293265992373
-0.532556562561   -0.396151997658   0.747961965901
-0.573174216987   -0.481433763708   -0.663093393237
0.790476665776   -0.459193038654   0.40532504748
-0.603295011935   -0.697981734032   0.385819423475
0.10574388605   -0.549511830817   -0.828767143626
0.856207693454   0.397999105007   -0.329401120344
0.438487393842   -0.89699338823   0.055961298364
-0.27319808036   -0.192352732983   -0.942530230285
-0.286196627754   -0.877924033008   -0.383850078175
0.0176185682094   0.395717613947   -0.918203221547
0.958008912433   -0.269549554391   -0.0977852821919
0.652867400858   -0.212278048687   -0.727119100932
-0.648399708372   0.339635247547   -0.681341116331
0.391589038505   0.916289216714   0.084095756444
0.935296459384   -0.248498761466   0.251930344765
-0.312677711059   -0.247005927554   0.917180854989
-0.165690018017   -0.936609009833   -0.308723793424
0.869845492871   -0.378720366129   -0.316132413415
-0.354529616398   -0.925503270547   0.133238310198
-0.343041644162   -0.00381844034421   -0.939312434649
0.104700319822   -0.30613084406   0.946214430954
-0.225832347065   0.919269626614   0.322402085297
-0.968523409139   -0.247441427211   0.0271135768859
0.451191556627   -0.332064409434   0.828347395249
-0.866039925792   0.0611222087354   0.496224669413
-0.215408974193   -0.94127429774   -0.260003212
0.902470884562   0.172953730037   -0.394503878034
0.345555058523   -0.837483630076   0.423335411799
-0.257173101328   -0.518370694214   -0.815569628746
0.0151549794223   -0.0417517221028   0.999013073143
0.965662197881   0.259773242746   -0.00379235327669
-0.259358528279   0.964766632954   0.0442549178757
0.553033217103   0.214339605372   0.805116634004
0.716706395984   0.370359905118   -0.590902261492
-0.42483667772   0.90382081977   0.0512027637307
0.876011346169   -0.376187674791   0.30180615421
-0.16251877033   -0.819428178715   -0.549659084546
0.454083440211   0.432458429527   -0.778965940245
-0.472036671995   0.749495334977   -0.464153124659
0.858837672019   0.509776300075   -0.0502590986912
0.198945302547   -0.422356326728   -0.884327936829
0.839713736414   0.540856746505   0.0485264941925
0.310829761364   -0.405453736518   -0.859646512813
-0.445270367674   0.736940463878   -0.508579445483
-0.36872308108   0.885334912946   0.283240854035
0.546710481248   -0.039882937035   0.836371329628
0.751765215456   0.463240157207   -0.469316116896
0.396616934223   -0.914836305505   -0.0759574987457
-0.659614171873   -0.226463790544   -0.716675167585
0.638438839475   0.334348150433   -0.693258366372
0.0578876868996   0.677833683997   0.732932815849
0.980127233443   -0.178118819427   0.0873171943768
0.189735663417   0.713312822687   -0.674674139881
0.125889303956   -0.145822925973   0.981268341191
0.80866015944   0.588048630822   -0.0163570880454
-0.57464826607   0.795571795663   0.19195022339
0.4513830962   -0.716193294115   0.532278560463
-0.818803035914   -0.0953205859448   0.566105621128
-0.354703945343   -0.6913618093   -0.629447344738
-0.0957033494514   0.216714129523   0.971532734895
-0.644743367412   0.730110270608   -0.226373547333
-0.758384374236   -0.648053993752   0.0698509992678
0.341176336174   0.649518174904   0.679503383438
0.549649162533   -0.72426382423   0.416326447676
0.762551313526   0.231447733575   -0.604108798859
0.810145164124   0.555166170656   -0.188295873577
0.361406568876   -0.220085686464   0.906061577702
0.461573509876   -0.802092771177   -0.378942055475
0.911942114191   0.268340741584   0.310410738814
0.361172297675   -0.16594948648   -0.917613938062
-0.194720701923   0.948922554448   -0.248253567747
0.345792001027   -0.277843971068   0.896231342774
0.795088467648   0.593966416267   -0.122630440603
-0.498259190224   0.754987830426   0.426299372824
-0.521009519438   0.0323796307393   -0.852936480727
-0.822053835185   0.24991901666   0.511632658421
0.229731523088   0.96772519065   -0.103592387132
-0.713203358874   -0.366117740444   -0.597744735672
-0.318257246237   0.928925508679   -0.189234575441
0.624542467819   0.0552738587085   -0.779032416806
0.213796537798   -0.527137029521   -0.822446103114
-0.963571042552   0.0246946679089   -0.266310006056
0.160691898911   0.849421406298   -0.502654342601
-0.316960310639   0.477646394974   -0.819383965405
-0.199792435556   0.810917471932   0.549996214894
0.927156483065   0.338033689255   -0.161598517209
0.269819510478   -0.345324425789   -0.898859540039
-0.039159269755   0.92877410883   -0.368571846944
0.962114329671   0.134646558519   0.237078723046
-0.502733152354   -0.856360034323   0.117927389038
-0.167685761511   0.230438272823   0.958529961857
-0.848021734897   0.462110045341   -0.259448343784
-0.679706781496   -0.70722592418   -0.194499828681
-0.653036015813   0.704235087163   -0.2785622086
0.333980019223   -0.0623252290561   -0.940517364318
-0.20465501594   0.971196897472   -0.122036514381
0.609897080715   0.224037904778   0.76015298999
0.765599030457   0.081139408404   -0.638180633548
-0.0673452190578   0.750760226108   -0.657132942685
0.940092367258   -0.172867976072   -0.293841800752
-0.334201978586   -0.637554504133   -0.694142126488
-0.888769693432   -0.458349591295   -0.00202094069483
-0.434896870689   0.84188450907   0.319523371998
-0.1447520083   0.284861590158   -0.947576239967
0.524810931505   0.0773107646458   -0.847700732477
-0.305001256046   0.946822602264   -0.102475331922
0.794699767197   0.312329962559   0.520482732187
-0.639488431122   0.10158948602   -0.762059133382
0.190461013684   0.981265875723   -0.029015227166
0.744834980856   -0.163697457131   -0.646857011867
-0.0581569056547   0.843070389118   0.534649505103
0.864765047349   -0.225043367254   0.44892860872
0.498797741774   0.488454503343   -0.715969979084
0.234061795921   0.695480535458   0.679354031777
0.861592777561   -0.47210996363   0.186467337358
0.450414210863   0.541681647323   -0.709723912246
-0.759881411834   -0.573823148505   -0.305462328801
0.0561489602008   0.410204228358   -0.910263580151
0.647632252398   -0.70884376651   -0.279486995096
0.902866913915   -0.232360966512   -0.361717731109
0.256765653953   0.966262759289   0.0201910614336
0.344822758395   -0.1111065311   0.93206899103
0.877827042281   -0.21525418226   0.427884705101
-0.276465018788   0.501792511808   0.819616598465
-0.391135241606   -0.83777676747   0.380976784937
-0.86789368235   0.377701883978   -0.322648172122
0.485978204548   0.511061466494   -0.708972046113
-0.102887029498   -0.772112339174   -0.627101901492
0.395225968494   0.73457957037   -0.551533578878
0.879404295924   -0.476059894114   -0.00388092041515
-0.265413862008   -0.483487158079   -0.834143662595
0.408512963074   0.812837234678   0.415226190077
-0.391234865047   0.566941637448   -0.724922382122
-0.824652920553   0.133689227882   0.549613274016
-0.547938243205   -0.680706700673   -0.486211959227
-0.496495241242   0.732424691834   -0.465882545516
0.673243014862   -0.0138729395382   -0.739291136489
0.890470392862   0.414550306232   -0.187644672291
0.228241189966   -0.0501577248962   0.972311761644
0.393660308692   -0.90864307967   -0.139281424188
-0.0449334782852   0.998285878853   -0.037500488248
0.998491636263   0.0460649625931   0.0298742621684
0.0315505126522   -0.0361015693609   -0.998849959631
0.151689307766   -0.907636872662   -0.391389398488
-0.621742197744   0.220206823914   -0.751628627851
0.768392473551   0.357357331035   -0.530913123275
0.666123128331   -0.652740872675   0.360845300704
-0.742723270851   -0.624731981886   0.240981521576
0.0681331111712   -0.428531567033   -0.900954258114
0.288068183993   -0.888589829932   0.356966154581
-0.659730375526   -0.45434695303   -0.598602270199
0.694098374139   -0.0630631463   -0.717112603853
-0.933739932995   0.149977995107   0.325017443357
0.350674327619   0.565437803714   0.746530378533
-0.0718140198793   0.811040499055   -0.580565289539
-0.258740443778   0.396263962088   0.880924659129
0.948487173685   0.276837476508   0.154055486536
-0.182826322139   0.875406125137   -0.447480336952
0.740757932409   0.49708505787   0.45186738189
0.618840064101   -0.243229826692   -0.746911123545
-0.261370734086   0.832913979144   -0.487790572597
0.362602501801   0.308030230943   -0.879566258171
-0.573635026002   0.817593019348   0.0498448759381
0.734480961381   0.486476136659   0.473158203807
0.999952100295   -0.00753448527041   -0.00624729126955
0.00766778356691   0.999737398389   0.0215948919425
0.00608294432554   -0.0216417604308   0.999747284064
0.722003716845   -0.656659730236   0.217964748409
-0.462333291996   -0.692260870464   -0.554096394446
0.514741255365   0.299287296609   -0.803410576303
0.863124311649   -0.16226499169   -0.478211768061
0.191529996825   0.981404772549   0.0126859266386
0.467260829684   -0.102541430116   0.878152932098
