0.0695197797998   0.316210175677   -0.946138533718
0.596639466837   0.746924758767   0.293470188172
0.799492555813   -0.584905573176   -0.136737425867
0.595184168449   -0.301529492574   0.744872989667
0.581324018195   0.801531095004   -0.140036743789
-0.55481365475   0.516360212302   0.652344954494
0.908766229689   0.185254662681   0.373931343607
-0.103420530981   0.9680889757   -0.228271612119
-0.404287191918   0.168773354185   0.898925704032
-0.636501374764   -0.589435798726   0.49742480749
-0.771224250607   0.493843849828   -0.401660811212
-0.00889692085726   -0.639283732914   -0.768919471488
0.713208763896   -0.231300814528   -0.661689649534
-0.192846945732   0.842809917467   -0.502475371079
0.673901561523   0.485974666231   0.556493763809
-0.0020406321346   -0.522810959509   -0.852446207353
-0.992519933832   -0.102995923173   0.0655440366966
-0.122065624801   0.846203604589   -0.518690122145
-0.773686939347   0.337054588196   -0.536472482477
0.630281605124   0.323328047558   -0.705835725862
-0.0644485695875   -0.884224619787   -0.462593994382
0.602180560979   0.777952372067   0.179356290034
0.753876067879   -0.628035830622   0.192981526916
0.262772613219   0.0190026905433   -0.964670644049
-0.863234551699   0.481783333224   -0.150701455134
0.484010306567   0.874733018109   0.0240035448589
0.143388046534   -0.0522203682143   -0.988287863557
0.830646812572   -0.440140019237   0.341031723202
-0.348139409691   -0.888544984724   -0.298808904707
0.43453978435   0.129478081461   -0.891297145866
0.645137656521   0.265205236859   -0.716563735115
0.562434261705   0.469951403443   0.680303887732
0.517170286656   -0.841909651177   0.154022835503
0.263035123882   0.204340910039   -0.942898359364
0.36142513896   0.885274871512   0.292677759316
0.894530263622   -0.417771701237   0.159004443692
-0.0995164774939   0.948757564227   0.299925915897
0.892504295385   -0.0481537175842   0.448461037549
0.439923349486   0.312314430986   -0.841978112999
-0.593813063503   -0.54733110361   -0.589758178097
-0.727541441577   0.678278747732   0.103060133721
0.343612421776   0.490271968805   -0.800976841239
0.677096279336   -0.698144025843   -0.232670470172
-0.352841629515   -0.0305350955128   -0.935184683591
0.645788984879   0.715305897587   -0.267009475275
0.880426517878   -0.357383992125   0.311650170528
0.113446010635   0.796904443664   0.593357658027
-0.460411934346   -0.487052348153   0.742159592588
-0.335445647851   -0.523658003284   -0.78310823832
-0.860767983513   -0.167431698691   0.48067151447
-0.382824628109   0.835313666751   -0.394583808894
0.683100157809   -0.700710446195   0.205861713281
-0.675981063813   -0.713330675984   -0.184956611308
0.27644850473   -0.01281472957   -0.960943290179
0.0439337359599   0.904289040464   -0.424654162986
0.961080025933   -0.154306719619   -0.229160686055
-0.272754487767   -0.398058748902   -0.875873405137
0.45603109443   0.241344454649   0.856614554582
0.753430890967   0.40761104673   -0.515941011278
-0.473685057235   0.880685011109   0.00404694424638
0.810005723061   -0.416354543406   -0.412964432842
-0.371546147145   0.18045969092   -0.910707285845
0.453700550086   0.891113457499   -0.00852154402171
-0.532216594547   -0.113370099697   0.838983144619
-0.510180655332   0.83379115156   -0.210969226434
-0.675619120056   -0.540314293788   -0.501596719003
0.984720767227   -0.15385486355   -0.0815701633814
-0.0569349550726   -0.727119732299   0.684145675854
-0.164570414968   -0.669048261235   -0.724769620399
-0.39131726684   0.57787091031   -0.716195509403
0.723983806121   -0.287107996512   -0.627229182048
-0.568082956219   -0.763959560027   -0.30601886461
-0.0799487279715   0.779604462886   -0.62114819676
0.667626885276   0.504605675835   0.547400633877
0.740190882777   -0.370931251528   -0.560827481214
0.824505163604   -0.375537806389   0.423276022429
0.229553847177   0.905696083357   0.356398142305
-0.517200412255   -0.196687469263   0.8329572456
-0.0107924364047   -0.561163550829   0.827634576692
-0.531038107938   0.704535765906   0.47077370623
-0.847279205005   -0.434424704385   -0.305602887724
0.830130559356   -0.0261965355016   0.556953315774
-0.161902715883   0.944531710736   0.285740018207
-0.533545466679   -0.327373775588   0.779843347118
0.688338358666   0.697421949594   0.199481648813
0.612472223793   -0.706129120906   0.355330043322
0.388674772877   -0.12241032975   -0.913207332481
-0.867637442279   0.432331198435   -0.24555040952
0.344547107088   0.878871210133   0.329958614066
0.358458588617   0.201680764722   -0.911500032577
0.843844451827   -0.492650064242   -0.212655720175
-0.201239292952   -0.65794203519   0.725682454865
-0.497422645336   -0.569568426556   -0.654341286619
-0.272134604762   0.469543324523   -0.839923700876
0.892629373052   -0.202814203658   -0.402590612366
-0.359382191075   -0.859299403699   -0.36393540024
0.991441838213   0.0687197684596   -0.110998535416
0.130544133708   -0.514409039819   0.847550334143
0.00114481269534   -0.854787068909   -0.518977606673
0.0616026393979   -0.39645944959   -0.915983089171
-0.800122922712   0.529000649252   -0.282774860342
0.596664414364   0.750318744215   -0.284628457305
-0.317866756263   -0.932260038174   0.172777158468
-0.930547244967   0.27180995115   -0.245359278082
0.181776098948   -0.238768866649   -0.953911357608
-0.574674371429   -0.751519893397   -0.323986445206
-0.221739498303   0.524063740446   -0.822306993069
0.787769612095   -0.400718162537   -0.467807644761
0.91861515165   -0.312423522572   0.241945749504
-0.379298706337   -0.525454670412   0.761596927981
-0.110809270956   -0.791384187284   -0.601192459687
-0.0060128227749   0.0250420683473   0.999668315382
0.749024724564   0.662431747471   -0.0120889178822
-0.662514760559   0.748703596062   -0.0227402130449
-0.557881223013   0.829881870155   0.0080388179706
0.668765908996   0.443794343005   0.596488675567
0.491447555667   0.338145919247   -0.802581234095
-0.268986969313   0.915409671617   0.299451404153
0.891605023131   0.354253086777   -0.282037645069
-0.364261572317   0.191127924747   -0.911473325619
-0.735954921988   -0.155943322523   -0.658826253998
-0.569574945104   0.668668515932   0.477982005634
0.365998271452   0.727024137124   -0.580931294843
0.672732781767   -0.735682760194   0.0787494805681
-0.210363453379   -0.292226275944   -0.93292605341
0.709350281468   0.611043926409   -0.351350961547
0.0495677053434   0.270998172394   0.961302779128
-0.945218163807   0.323660385007   -0.0425038585836
-0.322654095601   -0.906534029006   0.272195497495
-0.248784919089   -0.964932982334   0.08372815323
0.00769833798537   0.08447339632   0.996395996033
-0.968528161506   0.248532864873   -0.0135873268396
0.841322951561   -0.392614890375   0.37152286475
-0.53499041831   -0.506652796677   0.676082980061
-0.077207146645   -0.767565301109   -0.636303830753
0.117120794109   0.431501622702   0.894476980808
0.992642013023   -0.0229908389057   -0.118883368515
-0.0307335902568   0.901819145358   -0.431019344692
0.77505506699   0.546204269948   0.317727144928
0.261683657495   0.180229661467   -0.948176635721
-0.575161982865   0.818033107288   -0.00324481875734
-0.168523941807   -0.397878542636   0.901827226439
0.155871708357   0.892644034095   0.422954653513
-0.973295274606   0.211847335843   -0.0884138830966
0.49650924116   -0.394492004405   -0.773210599967
-0.864537805283   -0.144900904374   -0.481225634338
0.077800749853   0.90740276965   -0.412997889764
0.0795888585308   -0.990629855701   0.110986947837
-0.93704520793   -0.11232858433   -0.330648706995
0.340017487628   -0.0776838344494   -0.937205062924
0.649675740959   0.612325476189   -0.4505318444
-0.196097953872   0.707568210548   0.678890874816
0.73448418914   -0.352710559285   0.579765674452
0.534776953877   -0.826023217193   -0.178042843891
-0.825697234363   -0.555604718253   0.0976087814691
-0.179548563813   0.0948105569734   -0.979169684743
-0.860456460009   0.468393001805   -0.200555918092
0.509522053696   0.792074473962   -0.336162616147
0.00139900645035   -0.391440957945   -0.920202162145
-0.210186023044   0.85864329426   0.467497089765
0.708756816852   0.463194653651   -0.532085037747
-0.673413402214   0.219504911224   -0.705926330197
0.858344842722   -0.306613559259   0.41137848297
-0.458044952708   -0.819186971931   0.345148556882
0.231168666283   -0.48468632155   -0.843587705832
-0.144351023161   0.77527030547   0.614913600088
0.747975500021   0.492330573792   -0.445132853742
-0.647839049059   0.395684924615   -0.650951616446
-0.517713171015   -0.854086562837   0.0500920725702
-0.82777250705   0.514841777054   0.223003634881
-0.216253899674   0.0739870784676   -0.973529744327
0.400217677397   -0.626433341091   0.668884952637
-0.724378737054   0.2308363296   0.649607600199
-0.561338806782   -0.744510482197   -0.361390212776
-0.375071265499   -0.285758307826   0.881852445314
-0.155849713043   0.957198909562   0.243887503736
-0.913801079417   -0.0459612558835   -0.403553156618
-0.662443236278   0.739925376582   -0.116958949212
0.720081084608   0.672005712908   0.172891738982
0.20652406712   0.0303110360933   -0.977971906954
0.195400047398   -0.763753338822   0.61522325941
-0.571257178886   -0.598545207382   -0.561612740505
0.797172539072   -0.24171154744   -0.553255339594
-0.26585240566   -0.90188839688   0.340469995707
-0.871877083011   0.0742692699795   -0.484060355385
0.411281959881   -0.425536596674   -0.806080488764
0.272972388543   -0.957831575341   -0.0896925212809
-0.769286833696   -0.1613505911   -0.618193945501
0.577653739359   0.237749153588   -0.780891476053
-0.844214531117   0.00885158797908   0.535932341768
0.374696677757   0.724717244094   0.578262324389
-0.383280869913   0.688989524971   -0.61513348904
0.810645078325   0.220005876544   0.542634288701
-0.465004108489   0.805081009378   0.368260434241
-0.355845101238   -0.550855682213   0.75493859439
-0.586675815731   -0.767847238409   -0.257336561075
-0.741493639794   0.637086002827   -0.21049609768
0.325574368377   0.0673204535074   -0.943116794013
0.629470286822   -0.776761326146   0.0202237536609
-0.523438811092   -0.404660434756   0.749841145568
-0.574263849681   -0.482588618544   -0.661308744992
0.78504266437   -0.457521926098   0.41759035221
-0.608531972979   -0.695588559225   0.381897098892
0.115744775183   -0.553922596956   -0.824483416209
0.856264793898   0.393741755716   -0.334332218813
0.435106591873   -0.898633072099   0.0560433353617
-0.278375387632   -0.193458087284   -0.940787495679
-0.290261876722   -0.870841408981   -0.396715620201
0.0155456091369   0.410217999917   -0.911854992076
0.956820974343   -0.270843927275   -0.105532886352
0.645205912298   -0.199413777639   -0.737525237552
-0.65868967768   0.343901179016   -0.669223346569
0.387088154373   0.917587120857   0.0905352770292
0.939128693385   -0.258049169263   -0.226821347109
-0.291440943033   -0.248751889846   -0.923679962986
0.181932608363   0.933559384046   -0.308816130527
0.855526164141   -0.377607859829   -0.354241847704
-0.351147090014   -0.925949298202   0.138973444707
-0.380487455304   0.00549557591479   -0.924769752426
0.114528901916   -0.366180345342   0.92346904946
-0.191497111839   0.904013486048   0.382215218431
-0.97478817534   -0.220616345107   0.0334131933294
0.461141359525   -0.3309552885   0.823296570836
-0.861848151858   0.0536881827886   0.504316708202
-0.211107578443   -0.942117920457   -0.26047536214
0.905335652943   0.397319715596   0.150014662979
0.271766094711   -0.813423654438   0.514281195619
0.32635953376   -0.424828202924   -0.844399462769
-0.0105423728252   -0.0741042290781   0.997194776179
0.964881819108   0.261011644784   0.0295972374482
-0.262472729176   0.962487134741   0.0687501412728
0.544137430661   0.218423392817   0.810065230718
0.71732687282   0.379655395071   -0.584212237561
-0.435151254253   0.89897330464   0.0499037418915
0.890294958717   -0.380655629694   0.249952351593
-0.194220396512   -0.813856184473   -0.547646371841
0.411889941687   0.439020959175   -0.798503145491
-0.413969501684   0.779905793014   -0.469442441305
0.892847799395   0.448350927075   -0.0424765029999
0.177347283011   -0.436724627442   -0.881940780889
0.838602997448   0.541378091259   0.060454734935
0.321412701127   -0.402139085562   -0.857308597543
-0.439816880333   0.73837247929   -0.511240837186
-0.368160518705   -0.889105916865   -0.271934736766
-0.553164519467   -0.0256220493006   0.832677923924
-0.747306394236   0.456983784377   -0.482388820296
0.404817390228   -0.912351763089   -0.0611321597473
-0.649419681117   -0.23979957354   -0.721630267037
0.643721180594   0.3318289091   -0.68957422859
0.0477928026345   0.672056410705   0.738956039858
0.979409941764   -0.176802899411   0.0974520432261
0.196142840772   0.719083385697   -0.666668636147
0.119549378173   -0.154930476167   0.980665332196
0.80805210772   0.589085900525   -0.00543994753043
-0.576853306678   0.793079030977   0.195616750905
0.453032663615   -0.725254732636   0.518427409082
-0.81158610889   -0.0948821116027   0.576476688821
-0.368902959535   -0.681911253528   -0.631591362163
-0.0968915008948   0.196827375322   0.975638776073
-0.621707564776   0.753516494603   -0.213758265946
-0.777233388986   -0.62727336679   0.0493597240817
0.329367107126   0.664562642067   0.670726325346
0.566219316389   -0.707478824448   0.422929543429
0.755587846972   0.240479121184   -0.609308458649
0.807261244881   0.5587265459   -0.190141866567
0.363854014305   -0.217479580476   0.905711261031
0.464692951085   -0.800329481521   -0.378857733496
0.900919759007   0.293079650852   0.320074844503
0.375229878128   -0.155479717882   -0.913798990943
-0.218050742688   0.943361211597   -0.250046991636
0.347148491545   -0.271540437286   0.89763785333
0.789995344395   0.600468595288   -0.12387421807
-0.505366481521   0.752132473031   0.422967448348
-0.515632338074   0.0208413549992   -0.856556437052
-0.826959242182   0.249475173429   0.503885452869
0.224191221288   0.968156896254   -0.111402515831
-0.724198898439   -0.336424939266   -0.601958649526
-0.294874412333   0.940167123359   -0.170689370221
0.623365892916   0.053889149138   -0.780071101345
0.20837210339   -0.592012716366   -0.778525535988
-0.948432350398   0.072096309864   -0.308671668307
0.238866371097   0.802697368726   -0.546461152315
-0.314452001978   0.514005427917   -0.798071650004
-0.211361973826   0.781702759656   0.586742628048
0.925443706817   0.35318439323   -0.137166795926
0.269485110263   -0.358195746215   -0.893909157991
-0.0204071037844   0.925917617185   -0.377173854212
0.962788307709   0.119884834652   0.242211273394
-0.505907741909   -0.852546536357   0.131231703059
-0.173731954855   0.249727277252   0.952603534946
-0.844910980165   0.459130363051   -0.27445353925
-0.672870182575   -0.712773650401   -0.197988486274
-0.658835168427   0.699116288374   -0.277799633143
0.33642523426   -0.0564813121708   -0.940014852611
-0.21382342515   0.968884577124   -0.124668436484
0.603386030913   0.231357658924   0.763150660977
0.768247903052   0.0879562951697   -0.634081106468
-0.0394941640553   0.741337129708   -0.669969753886
0.935064589495   -0.208959156206   -0.286339456782
-0.352270385468   -0.637773730373   -0.684945431672
-0.924701583881   -0.380677145887   -0.00344838680776
-0.351423686702   0.850088998851   0.392237283361
-0.146384333851   0.363914281985   -0.919857609728
0.523597273178   0.0264368498982   -0.851555628533
-0.256917617013   0.957888067115   -0.128233337894
0.812304889551   0.285922268889   0.508339672428
-0.641955556898   0.064250204473   -0.764045138824
0.20418122576   0.97482593556   -0.0895791404596
0.739055539173   -0.213509499984   -0.638913611846
-0.0708730000842   0.832672322463   0.549212000295
0.855139850375   -0.232740568888   0.463214490168
0.513529798713   0.502482468354   -0.695556262886
0.24574458207   0.672509295099   0.698098022051
0.844519704702   -0.502051781592   0.18636114664
0.475810959055   0.543760293339   -0.691323856552
-0.753309446837   -0.611570720098   -0.241880407774
0.0987278032689   0.25845872678   -0.96096405106
0.650213578917   -0.747783619028   -0.134320366777
0.903508125939   -0.239490257778   -0.355411708856
0.265823825049   0.963659764088   0.0264112308468
0.336170731026   -0.118339661601   0.934336643878
0.879100512118   -0.222694553845   0.421413603578
-0.267601795175   0.501041160776   0.823010956444
-0.394425618859   -0.836280390118   0.380872078646
-0.869658723523   0.384833714217   -0.309187187651
0.486347973655   0.560567524571   -0.670245998809
-0.0846129607493   -0.733257841963   -0.674665534971
0.417371487797   0.724245249479   -0.548880551466
0.868482128984   -0.495679792157   0.00635100579347
-0.267469311897   -0.479343678633   -0.835876668496
0.410502269249   0.815810664569   0.407358376028
-0.393852862286   0.561543001312   -0.727701436407
-0.822415837526   0.138283828608   0.551824041642
-0.532047556234   -0.706567080187   -0.466570851108
-0.500372858944   0.706898317376   -0.499921764803
0.683046411264   -0.0325227626026   -0.729650512214
0.886701664358   0.41805839473   -0.197452113234
0.237500621564   -0.0454475806117   0.970323643004
0.39667822373   -0.907282588839   -0.139587573968
-0.03114064053   0.998915818393   -0.0346041655414
0.999002188891   0.0322148925224   0.0309326250373
0.0320138579279   -0.0336063753637   -0.998922281481
0.160757285326   -0.899352192919   -0.406598977272
-0.640895339378   0.218175160619   -0.735970626631
0.750606594155   0.378900029549   -0.541317382355
0.655059635371   -0.660061022368   0.367717718992
-0.752352874376   -0.614720725528   0.236819724763
0.0697282333626   -0.431784525394   -0.899277541762
0.283519487305   -0.873457252098   0.395839777028
-0.630231433695   -0.480831640868   -0.609597632153
0.722789762173   -0.0766378620589   -0.686805356561
-0.934814304773   0.16037713306   0.316861784975
0.343994307003   0.630653137461   0.695661222837
-0.0882617263358   0.759312712524   -0.644712394994
-0.242369701734   0.477889812066   0.844321180123
0.935461445604   0.345854591376   0.0727769565981
-0.25723299063   0.807468840976   -0.53087216859
0.730653228204   0.500007370561   0.46490696865
0.630980535441   -0.234424639128   -0.739532725755
-0.260786165295   0.833689221444   -0.486778037751
0.365291545716   0.308527950736   -0.878278196384
-0.580591944236   0.812998548325   0.0441175102435
0.727650383713   0.493805492108   0.476110339151
0.99993693966   -0.00841681614107   -0.00743464250253
0.00860286631873   0.999641423504   0.0253577425372
0.00721854515778   -0.0254201027049   0.99965079452
0.723860669845   -0.650479652921   0.230004242977
-0.449598155905   -0.697582543222   -0.557888961711
0.52334236295   0.300424394031   -0.797407019416
0.86183166069   -0.152648866211   -0.483678108122
0.178816428027   0.983848968177   0.00811744328381
0.474627089092   -0.093485461235   0.87520831511
