0.0664533529396   0.325852748678   -0.943082148102
0.585897625403   0.75232104036   0.301225870039
0.80765582053   -0.572567060188   -0.140922096063
0.592241544732   -0.315099228099   0.741594518012
0.587486971554   0.798758778806   -0.129782400714
-0.55146079729   0.512539646986   0.658174824283
0.910393092572   0.188772979716   0.368170041049
-0.104148262354   0.965753526785   -0.237641042228
-0.400421723244   0.17800249333   0.898875717729
-0.623818093946   -0.598701247234   0.502402032458
-0.781545660474   0.482872721341   -0.394994070305
-0.00611279407745   -0.639054576341   -0.76913710234
0.711902266027   -0.267075399502   -0.649512043466
-0.156634968024   0.841181928565   -0.517569753606
0.684587942063   0.470195378579   0.557005974426
0.0060773745717   -0.531851292144   -0.846815959087
-0.993433212536   -0.0999651365687   0.0556545029683
-0.114251992316   0.840916865401   -0.528966263325
-0.7763235897   0.329156413922   -0.537566497516
0.626780234917   0.312665635357   -0.713713344127
-0.0668447544283   -0.891008560925   -0.449038442859
0.603895276017   0.776147737047   0.181397866257
0.752131251586   -0.630230531126   0.192634519312
0.263835319836   0.0201039279722   -0.964358209429
-0.853438964291   0.498361816878   -0.152569438969
0.501819112819   0.864790641828   0.0177404570248
0.140781789445   -0.0614218632374   -0.9881335145
0.825581335361   -0.429188479944   0.3663505253
-0.3314846593   -0.894273772882   -0.300653188555
0.456654551443   0.126774081825   -0.880565132644
0.62100129721   0.277938722574   -0.73287615281
0.560073319738   0.496771898932   0.662974778518
0.548338641153   -0.822172577338   0.152829930618
0.264850034072   0.209972288008   -0.941151474376
0.358101468841   0.884791964533   0.298171959634
0.89533111052   -0.415998579045   0.159145797202
-0.125638178291   0.937177765837   0.32544259613
0.876122588625   -0.0490859544232   0.479582921692
0.465429111526   0.345381534392   -0.814915540313
-0.598047447421   -0.534587793902   -0.597122383813
-0.727225053999   0.675117252351   0.123937147037
0.336872337061   0.508362652237   -0.792517786767
0.673506385263   -0.705768445473   -0.219727218124
-0.339253682607   -0.0310382044836   -0.940182731547
0.656731366578   0.707762340928   -0.260338973101
0.883502346248   -0.334447352034   0.327976482225
0.0824906393415   0.800309191708   0.593885925148
-0.461106168465   -0.497644618564   0.734663824493
-0.325501961324   -0.521681934803   -0.788604103511
-0.86071397544   -0.181790210508   0.475524733159
-0.391433168826   0.833546806283   -0.389845861949
0.673806718355   -0.703390116015   0.226333495074
-0.676382730628   -0.710458416437   -0.19430707713
0.297474214022   -0.0221626534372   -0.954472581474
0.0509513269949   0.907130201401   -0.41775442545
0.962859300539   -0.155675697815   -0.220606084402
-0.265152653471   -0.390998561143   -0.881370634604
0.454959782621   0.245414217011   0.856027720514
0.750981168042   0.410874262313   -0.516923230098
-0.478580067955   0.878039977825   0.00262980972126
0.821672467636   -0.413899426481   -0.391843872847
-0.353914757114   0.168380767906   -0.91999579439
0.446764703872   0.894614543676   -0.00813127392543
-0.530523192034   -0.13396902902   0.837016990257
-0.494224984268   0.851118825772   -0.177026578065
-0.688684839125   -0.507591414111   -0.517749117509
0.983007274554   -0.16959703837   -0.070239182445
-0.0759894258684   -0.724270719376   0.685315644216
-0.167099686805   -0.668332828483   -0.724850967468
-0.403466673023   0.564277416246   -0.720281640239
0.714134901785   -0.297943292547   -0.633435976615
-0.5720366997   -0.769948564473   -0.282760008233
-0.0644595038764   0.767145755948   -0.638225948621
0.693226754982   0.494472999123   0.524340651979
0.717831204769   -0.408636565019   -0.563679447198
0.823871588262   -0.373164262926   0.42659587308
0.226851842135   0.90686107409   0.355163672156
-0.519397581603   -0.195835199017   0.831790073908
-0.00831959450642   -0.571408336723   -0.820623724414
-0.523205815059   0.701843267837   -0.483396009997
0.852165746458   0.4253334458   -0.304803215942
0.82980784858   -0.0139020396133   0.557876032582
-0.173345990243   0.943815073903   0.281361464915
-0.530443307152   -0.330181525176   0.78077529311
0.670789404396   0.707117440388   0.223666046707
0.614627713662   -0.698800189164   0.365938614005
0.415059451824   -0.107996394022   -0.903361738357
-0.865631587435   0.435987582953   -0.246164137002
0.351206784431   0.87915624996   0.32208396844
0.356841350469   0.192351541889   -0.914147217317
0.854263964744   -0.479710682567   -0.200276657575
-0.201460399399   -0.660666385683   0.723141503632
-0.479214759802   -0.577405912537   -0.661026191711
-0.278198953173   0.469672772238   -0.837862058737
0.892892573756   -0.195071180512   -0.405820263496
-0.354045469091   -0.86101958256   -0.365098732214
0.992816726199   0.0643454054622   -0.100869306413
0.119617187085   -0.515607039728   0.848434504918
0.00258393774797   -0.854405670263   -0.519600109591
0.0701033385629   -0.39975364323   -0.913937933695
-0.804225519148   0.519398460812   -0.288871170693
0.590175258947   0.755263042675   -0.285080515111
-0.329811794327   -0.924573801274   0.190754990293
-0.923229811966   0.273687270422   -0.269707234434
0.197157030359   -0.265063320751   -0.943859386441
-0.587266616476   -0.724150744239   -0.36155721652
-0.240322669104   0.582561996325   -0.776444804967
0.772892577215   -0.369089718175   -0.516149052162
0.913135188783   -0.315751964763   0.257846512008
-0.394011036535   -0.521315226433   0.756958214023
-0.104591730529   -0.792799553126   -0.600441036628
-0.0122111484218   -0.000511778468426   0.999925310179
0.759208063323   0.650777126791   0.0096045734295
-0.650733435778   0.759268641081   -0.00755818974481
-0.555507157486   0.821623999011   0.127850702856
0.59164108303   0.282517866849   0.755079124183
0.584271021737   0.49509358626   -0.643047209769
-0.274889239273   0.918659742374   0.283725543217
0.883144781971   0.357915582009   -0.303235436969
-0.380119981336   0.167214574415   -0.909696699947
-0.732895760248   -0.145796521357   -0.66453531055
-0.58458910632   0.634610984576   0.505494287829
0.348022098981   0.758954723693   -0.550334758127
0.672434280478   -0.736307481445   0.0753885349761
-0.213911559561   -0.290836782599   -0.932553382158
0.708571791087   0.610954383449   -0.353073304316
0.0515589197255   0.277235262279   0.959417681274
-0.948782017879   0.313441670342   -0.0395853740583
-0.311695942132   -0.908237264507   0.279196545494
-0.241697095789   -0.966747729652   0.0835544200116
-0.00132331330205   0.0864356616838   0.99625655593
-0.970350845176   0.240681747551   -0.0221705585338
0.839698350215   -0.374421907889   0.393338169439
-0.540811872619   -0.510824711795   0.668266886981
-0.0492869057585   -0.773864554489   -0.631430480897
0.115796591634   0.423642416403   0.898397602616
0.993037104262   -0.0296677454749   -0.114004975477
-0.0216439118816   0.905343541369   -0.424128062234
0.776589413379   0.54488765513   0.316237768641
0.261313266326   0.178151593552   -0.948671379644
-0.573257585967   0.819365274466   -0.00403573141372
-0.167158210363   -0.387782548485   0.906467223787
0.134116535331   0.901913506911   0.410566414849
-0.976765523378   0.190201790587   -0.098754195853
0.488424324045   -0.413956098759   -0.768167968598
-0.866599602031   -0.126996380086   -0.482573361472
0.102209634769   0.901394623759   -0.420762311542
0.0811299155333   -0.988861818555   0.124780770195
-0.932074816212   -0.119619885261   -0.341946808776
0.353064404589   -0.088562897733   -0.931397948976
0.647477066058   0.604337490549   -0.464273245455
-0.184608643682   0.715449317392   0.67383375021
0.739386974193   -0.350583045455   0.574802949394
0.527354995418   -0.827266316331   -0.193719257361
-0.827050728611   -0.552041173736   0.106007711066
-0.194637614845   0.104311956963   -0.975312880322
-0.85550489651   0.475595505334   -0.204744443996
0.517784295743   0.783258113302   -0.344101948596
-0.00328559321544   -0.400394359665   -0.916337034949
-0.213228593858   0.857419895412   0.468363843305
0.708110921675   0.465917723398   -0.530565356605
-0.673136308164   0.218521847824   -0.706495373416
0.862474189581   -0.317808529413   0.39387308989
-0.460151230621   -0.816440262427   0.348835409387
0.210710980408   -0.48210272403   -0.850398639589
-0.136986109286   0.753731968296   0.642746393092
0.776348567038   0.48469599186   -0.402930140264
-0.615237928222   0.443799409017   -0.651555351628
-0.517990957331   -0.854849213363   0.030301658943
-0.821941776932   0.507234599047   0.259084497535
-0.236848228737   0.109297227512   -0.965379216992
0.390994813331   -0.624415909446   0.676186237646
-0.72769267365   0.240109271334   0.642503626869
-0.563548071301   -0.74327135681   -0.360501402891
-0.381881894193   -0.277234800373   0.881650205212
-0.123037192243   0.960707871671   0.24880159693
-0.915984753265   -0.0134629406759   -0.40098713323
-0.65832613818   0.744584248351   -0.110458104706
0.722046322238   0.666124052648   0.186889954322
0.212734116518   0.0432786736297   -0.976151193247
0.186155344203   -0.755109138952   0.628614648325
-0.559026987716   -0.607544164965   -0.564250755079
0.807982063428   -0.246374259762   -0.535223980489
-0.244513073373   -0.90603548992   0.345417208543
-0.876336320581   0.0540129104273   -0.478661946198
0.415027722184   -0.419740749171   -0.807198670283
0.262845156523   -0.961974329087   -0.0742819888687
-0.760121359935   -0.159043056083   -0.630016527149
0.594245691497   0.222060119088   -0.773020932218
-0.841511580535   -0.00441103286143   0.540221068241
0.400604033364   0.665801225371   0.629464166366
-0.362456436327   0.746116124391   -0.558512363921
0.809918843091   0.218564067626   0.544298829642
-0.464503582258   0.805635530081   0.367678956075
-0.358145067921   -0.550618870921   0.754023188841
-0.551126301105   -0.794497462832   -0.255016826523
-0.770232313605   0.601938140171   -0.21074311019
0.320939220625   0.0802761294999   -0.943691559637
0.634647979658   -0.772695944621   0.0127639759387
-0.515979354827   -0.4113843643   0.751350923467
-0.575314911424   -0.483429293662   -0.659779410648
0.781173553828   -0.45516063996   0.427313316702
-0.611823473407   -0.694352978624   0.378874621033
0.124257459284   -0.557407151826   -0.820888147621
0.856878683932   0.389440050822   -0.337780058378
0.431429657877   -0.900384390449   0.0563595576568
-0.28218322297   -0.194021638616   -0.939536179411
-0.293905523248   -0.864479214033   -0.407793123939
0.0136023790468   0.422809725122   -0.906116389674
0.955737683003   -0.271859568265   -0.112507139555
0.64024895395   -0.189758985588   -0.744360668195
-0.665789162809   0.346249176641   -0.660935926065
0.383152799356   0.918750801396   0.0953461970002
0.941711540173   -0.263425449078   0.209252020023
-0.276193307977   -0.250233975664   0.927954855611
-0.192084959677   -0.931659803899   -0.308404568813
0.844219488518   -0.376489973217   -0.38150852582
-0.348484384812   -0.926340149553   0.143012450051
-0.407249418353   0.0122158664875   -0.913235283953
0.122270486374   -0.409837386549   0.903926570441
-0.165893914867   0.889508141314   0.425739915378
-0.978534177825   -0.202011344045   0.0407710645585
0.46836826055   -0.329535786003   0.819778834962
-0.858830164556   0.0480642213317   0.51000056772
-0.207465469312   -0.942918870513   -0.26050351758
0.907183584203   0.399275830682   0.132652763208
0.282579782946   -0.811810289347   0.510991898546
0.311715592847   -0.426078472987   -0.849288245551
-0.0278446228097   -0.0958503007314   0.995006229549
0.963647608962   0.262025896837   0.0522083818739
-0.265721588764   0.960289096702   0.0850699008494
0.53737835901   0.218301179625   0.814597504439
0.719366624436   0.385475730459   -0.577858218658
-0.440154698842   0.896522758326   0.0501077327754
0.904586737535   -0.377599726018   0.197841555762
-0.219513892722   -0.81044449374   -0.543132924302
0.365426442909   0.447881869995   -0.816005726294
-0.368793561772   0.800150456115   -0.473022786315
0.915439255061   0.400877368226   -0.035613283157
0.161128144927   -0.446157576673   -0.880330129945
0.837615290088   0.542021684617   0.0679199471145
0.328169102741   -0.399898897545   -0.855795484766
-0.436698598368   0.739116611331   -0.51283620098
-0.369032958881   -0.891319869977   -0.263369635013
-0.557132767448   -0.0146679586396   0.830293881964
-0.743920529827   0.453137661617   -0.491170545665
0.410305647494   -0.910462009472   -0.0520404164252
-0.643146854504   -0.248437403505   -0.724321047657
0.646538010619   0.330662646582   -0.687496047243
0.0384192213064   0.665772425501   0.745165109801
0.978435072657   -0.176518795405   0.107265667612
0.202950171265   0.724974614932   -0.65819680618
0.114451058845   -0.164008725844   0.979796965176
0.808437395199   0.588567990953   0.00408632657956
-0.57734732455   0.791636821951   0.19995301688
0.453484757106   -0.728739637192   0.513118033454
-0.808791191965   -0.0946043066961   0.58043676051
-0.374444098459   -0.678224569251   -0.63229981084
-0.0974222131868   0.18373723132   0.978135748351
-0.606870890103   0.767986403494   -0.204706147424
-0.788807096267   -0.613545038179   0.036685841991
0.321504598169   0.676064527508   0.663001921567
0.579035739356   -0.694376255074   0.42726950387
0.749234546657   0.246532697697   -0.614710682404
0.80516288407   0.561143957711   -0.191911929908
0.365969977445   -0.215490184747   0.905334168078
0.466667660895   -0.799175474477   -0.378866540186
0.893727292583   0.310027947952   0.324244040776
0.382424650875   -0.148661771281   -0.911949046904
-0.234526998219   0.939032666756   -0.251425412115
0.348498596164   -0.263511695598   0.899505594623
0.78454935088   0.607107230451   -0.126107599972
-0.512865522832   0.749654851928   0.418313947262
-0.511553722518   0.0126658996814   -0.859157938872
-0.830649836386   0.248543849142   0.498243719826
0.219849126112   0.96853783097   -0.116622603725
-0.732404835205   -0.311263675264   -0.60555601048
-0.276733194248   0.948697910586   -0.152941209785
0.622094764942   0.0555625675276   -0.780967927972
0.202557873189   -0.636098086665   -0.744546527861
-0.933911207927   0.103236443662   -0.342274878434
0.294584730962   0.764670818614   -0.573147778013
-0.312552138398   0.539758040654   -0.781647246736
-0.22051865319   0.759162205201   0.61240858076
0.923949503152   0.363777409611   -0.118251054452
0.268872980208   -0.365790984647   -0.891013061669
-0.00731424487374   0.924276384659   -0.381653857027
0.96314787148   0.109133497666   0.245837461245
-0.508261502047   -0.848896934342   0.145066331138
-0.182134657341   0.270591615033   0.945307962774
-0.841722764431   0.454042038529   -0.292144852961
-0.668109361514   -0.716506488541   -0.200619871734
-0.662726360394   0.695614604268   -0.277333902665
0.338265653437   -0.0523332992186   -0.939594366467
-0.219623090639   0.967278068063   -0.127038722785
0.599468286437   0.23653705145   0.764648936989
0.769677511429   0.0917788773416   -0.631801524257
-0.0177464813776   0.735152238064   -0.677669719901
0.931347621218   -0.234390644607   -0.278662222367
-0.363698598914   -0.63609135554   -0.680522678945
-0.945283478856   -0.326249752204   0.000493740970795
-0.29351016446   0.851081869898   0.435329110087
-0.142446228282   0.411364497638   -0.900271249193
0.522870338006   0.0157632181018   0.852266466892
0.217034601348   0.964415970636   -0.15098946122
-0.824319471716   0.263919223508   0.500843340789
-0.643802949182   0.0364584347268   -0.764322278323
0.212679042683   0.968032604314   -0.132968048001
0.735041078721   -0.248160551907   -0.630976190557
-0.0796921132197   0.828023145954   0.555001654823
0.850874321897   -0.233543407527   0.470606380257
0.519289953136   0.509740273636   -0.685932065155
0.255056745696   0.653493669794   0.712665475529
0.83007887796   -0.525982699939   0.18523297688
0.495898288803   0.54432363801   -0.676606727914
-0.748629034969   -0.63466780617   -0.191706400165
0.133024469275   0.139483458573   -0.981248620577
0.649506781047   -0.76009285   -0.019995018927
0.904033304115   -0.244485404711   -0.350643225991
0.272155354377   0.961750759479   0.031095654443
0.329628955242   -0.123540938659   0.935992728787
0.880486695375   -0.227154429411   0.416105809219
-0.261229052035   0.499973552893   0.825703232875
-0.395604046541   -0.835719636964   0.380880725101
-0.871630322507   0.389039095343   -0.298176396079
0.48514311315   0.597874966349   -0.638107893993
-0.0699767150385   -0.700852414498   -0.709865587589
0.433418439435   0.716706854241   -0.546332995014
0.860296526743   -0.509602491372   0.0139709291546
-0.268399594693   -0.476063636368   -0.83745153394
0.411798203101   -0.401433157749   0.81809147397
0.820642218514   0.553672210974   -0.141398132904
-0.396192616181   0.729587899198   0.557434218745
-0.520974173501   -0.724200121122   -0.451796519585
-0.5017519778   0.688023963491   -0.52427853135
0.690529408002   -0.04644577729   -0.721811558825
0.883897145155   0.420605328209   -0.204492040599
0.244135922248   -0.0420179177855   0.96883029786
0.398902855661   -0.906270187343   -0.139824387281
-0.0186665692676   0.999301918458   0.0323610099119
0.999302140394   0.0196943964134   -0.0317389816778
-0.0323541558381   0.0317459685703   -0.99897217283
0.16794155715   -0.893006031372   -0.417535461129
-0.654700842353   0.215615748515   -0.724483716865
0.736995549777   0.395031741651   -0.548440956413
0.647009298705   -0.666484695665   0.370374294239
-0.759422462483   -0.606752769595   0.234794804161
0.0682384852213   -0.433184980151   -0.898718132732
0.281685740411   -0.862255900145   0.420913181444
-0.610151498013   -0.499526827842   -0.614969997426
0.740518935017   -0.0835925291374   -0.666816313499
-0.935334703667   0.16522941778   0.312807019734
0.340506898721   0.660281484717   0.669390329225
-0.0959377090534   0.732616953419   -0.673845943466
-0.233819827725   0.532306818247   0.813620144438
0.921083457676   0.389235548196   0.0100474886559
-0.311341536231   0.751761357933   -0.581309993521
0.723458311258   0.500014442953   0.476018517192
0.640421736844   -0.228577027809   -0.733220663465
-0.257814023762   0.83530718852   -0.485586068533
0.367262016247   0.307095039595   -0.877958568543
-0.584027263523   0.810782546178   0.0392914529372
0.723899693938   0.498321482046   0.477121508264
0.999924582223   -0.0090008834926   -0.00835547495987
0.00923322010116   0.999559728804   0.028197450235
0.00809799432057   -0.0282724715853   0.99956745137
0.725627772463   -0.643606015005   0.243383716135
-0.435941922641   -0.703671485798   -0.561071368152
0.532371088541   0.301027801914   -0.79117841639
0.860885076866   -0.146119045371   -0.487366503784
0.169842919677   0.985460613732   0.00455646995592
0.479614706891   -0.0866983469436   0.873185621487
