-0.51371855417   -0.777266892573   -0.363248434012
-0.0717983127708   0.460848939101   -0.884569532379
0.854949267141   -0.428339156557   -0.292553102145
-0.148001777546   -0.857803652436   0.492207646945
0.70846747992   0.255295596211   0.657949837336
-0.690050218273   0.446090856691   0.569941789869
0.780526032663   0.214810974326   -0.587056519974
0.258843577286   0.743758667481   0.616297855785
0.569015917908   -0.632992330014   0.524920560953
0.950240908904   -0.181961402847   0.252848300212
0.0809229734709   0.927992157179   0.363705964453
-0.300821687069   -0.325147049945   0.896540968669
-0.607687777957   0.735902217319   -0.298602563732
0.375603904784   -0.0649655849121   -0.924500502697
-0.699740860056   -0.673963945121   -0.236928954425
0.589522939964   -0.688570748502   0.422294953277
0.53460412084   0.724518472542   0.435053349518
-0.605525505027   -0.030713307417   0.79523301963
0.228955129265   -0.948747523471   -0.217847849405
-0.81445000682   -0.0641311620312   -0.576678749779
0.533151699963   0.309459740134   -0.787390585455
0.94718848002   -0.200007700927   0.250660932111
-0.11678105365   -0.943124964697   -0.311251484292
0.298657276531   0.26554137255   -0.916674211833
-0.995122302083   0.0735575860084   0.0657334423086
-0.0950333147853   -0.536072124777   -0.838805904914
-0.0264626714079   -0.840961330014   0.540447748116
-0.986144171104   0.0716541466725   -0.149617368855
0.0618239392438   0.995674408017   0.069356137122
0.153939839986   0.0591452152312   -0.986308455393
-0.88925048231   -0.222324301463   -0.39975678192
-0.456445721797   0.374263177335   0.807207765785
-0.0298476593014   0.900277167915   -0.434292687211
0.891986214995   0.0338806379463   -0.450791187393
-0.448438171126   0.192335655793   -0.872874677252
0.0571296677403   0.980744155161   0.186754124936
0.197416260397   0.679631692394   0.706489619757
-0.368843940968   0.719211542621   -0.588802941715
-0.908284629035   -0.144345140741   0.392662085008
-0.446816951224   0.798770640946   0.402889656433
0.861424894278   0.262590421063   0.434733737228
0.241457581402   0.541305582761   -0.80541076629
-0.839197011715   0.525708042993   0.139210017819
-0.494270818789   -0.844074209313   0.207930485657
0.226814314413   0.105687192717   0.968186698976
-0.00877759708376   0.589325341908   -0.807848126305
0.509165010969   0.69794122865   0.503615957805
0.860624160359   -0.406907462129   -0.30619009107
0.732593893535   -0.679756255716   0.0351798233296
0.669433171265   0.710190264593   -0.21791974965
0.12314794503   0.183197218571   0.97533243704
-0.209556154764   -0.921685657065   0.326468631817
-0.96273837789   0.252859081686   0.0959015148257
-0.170941609146   -0.294207128345   -0.940330331263
0.107802456704   0.923128762613   0.369068988084
0.869045753304   -0.267798411775   0.415984962848
0.482843772864   0.275893635823   -0.831110457592
0.924023814895   -0.00326327358655   -0.382320991514
-0.0492052448186   -0.992662865203   -0.110450350514
-0.379155421152   0.120870952226   -0.917404697786
0.816197143607   0.135476434083   0.561665700018
-0.565349041681   -0.0132488979248   0.824745371478
0.119175013481   -0.990691981653   0.065777759537
0.20510620409   -0.667513607706   -0.715791190621
0.977514777534   0.10313185448   0.183925746689
-0.0489520658131   -0.737420778198   0.673657398931
-0.501033624505   0.357945655139   -0.787934143874
-0.842471392935   0.00657741975427   0.538700927821
0.198008230136   0.933719254121   0.29826346622
-0.28865420715   0.868759608684   0.402412091038
-0.173447629755   -0.460797728105   0.870391505878
0.941591561361   0.181444746664   0.283695497816
0.160719502111   0.752267448029   -0.638954558852
0.636486670626   -0.57377446806   -0.515429508195
-0.754356652888   -0.323846485914   -0.571024950247
-0.20870362168   0.434526438197   -0.876144721382
-0.913772813583   -0.405895974267   0.0163616389629
-0.348514050583   0.804011960471   0.481770405863
0.944240319401   0.184681047281   0.272586004762
-0.00257348497908   0.831996297264   -0.554775214401
-0.329247014249   0.523139629653   0.786079723371
-0.0768516427291   -0.848181556113   -0.524101014003
-0.0245772047825   0.527107456418   -0.849443164899
0.996739577831   -0.0524001646796   -0.0613550057178
0.922424329652   -0.107064506074   0.371039819434
-0.105229556956   0.854757325509   0.508248615179
-0.371564390664   -0.507865243965   0.777182602458
-0.960531299198   -0.263106767091   -0.0903020064661
0.254700917694   -0.962366047289   0.0947577624884
-0.11183499357   0.0680177927956   0.991396244736
0.205860165923   -0.15179911844   0.966736065184
0.244790907062   -0.948499551087   -0.20106221278
0.947469790498   0.27803889877   -0.15809923107
-0.334451139967   -0.243166125476   0.910501329156
0.843771021939   -0.507584723294   0.174379503423
0.419753377008   0.826576060686   0.37493881953
0.63506121249   0.493502757863   -0.594266173
0.186911231048   -0.844625551785   -0.501669083141
-0.749507470342   0.207515554243   -0.628630135015
-0.329394476345   0.0901213690614   0.939881597751
0.811011487513   0.53673152567   0.232765196011
-0.483486965776   0.83892634253   -0.249885865415
0.762221743832   -0.269991426523   -0.588321887093
0.497855989678   -0.336358434546   0.799376267505
-0.413711767745   -0.902201547944   -0.121962863676
-0.991662758812   -0.0724160625242   0.106587460213
-0.0829393039143   -0.27435563899   -0.958044912946
0.0986207110717   -0.958897751193   0.266062132038
0.743233231453   0.609010924038   0.276965806673
0.251315189563   -0.637803104424   0.728043869202
0.620036320838   -0.47150068334   -0.627090158152
-0.499562608957   0.393752462306   0.771619205412
-0.856793767065   -0.09313939838   -0.507177969935
-0.127834425919   -0.914485675611   0.383893616322
0.381967815621   0.873961998056   -0.300484631527
-0.452538580755   -0.106616103742   -0.88534842822
-0.805797381951   0.47415549388   0.354777601977
0.723537704613   0.66831839551   0.172753327688
0.582351339839   -0.725349538814   0.367062615272
0.370621244658   -0.164980510262   -0.914013853419
0.615419490367   -0.782040273006   0.0983456266038
-0.742506837514   -0.533347219908   0.405246023129
-0.264466344023   -0.32241860122   -0.908902524183
0.471757651554   -0.842591352967   0.259777847605
-0.809927184456   -0.297652950786   0.505391607338
-0.348514955317   -0.448823498487   -0.822857699196
0.644647084911   -0.697516272288   -0.312891651869
0.0286935408592   -0.386921963758   0.921665923572
-0.76394163169   -0.60312722029   -0.229413904366
-0.16510592079   -0.5665778291   -0.807297713668
0.349000135702   0.732009911544   -0.585115710507
0.922463517002   -0.378353079773   0.0768765687682
0.891007286364   0.446677081784   0.0811517113533
0.319301749661   -0.489504892471   -0.811437830589
-0.322726522477   0.748908902909   -0.578777199649
-0.23273186965   0.796926558607   0.557444111132
0.627936875448   0.560826953382   -0.539600230554
-0.742651437285   0.22445754286   -0.630941878584
0.11639348803   -0.0621167911424   0.99125882604
0.879983079841   -0.456318134223   -0.131922475617
0.460523978896   0.887645911745   0.00154926588577
0.0580978661809   -0.687789316793   -0.7235817118
0.968955119129   0.213325125044   -0.124973469737
0.240313576517   -0.693857511836   0.678830713957
0.144083023069   -0.511940710656   -0.846851103345
0.984701657702   -0.0105718524671   0.173927804717
-0.097993508876   -0.85895572919   0.502585641965
-0.391894872147   0.340581236588   0.854647781527
0.528282318202   0.843845489435   -0.0940350053771
-0.753217233911   0.414643474861   -0.510621765394
-0.112927188133   -0.993590008876   0.00513268373669
-0.961164722547   0.110548125943   0.252866541837
-0.251813078117   0.023622153003   -0.967487554223
0.47094774228   0.170701650105   -0.865487822382
-0.2335145801   0.970225328893   0.0642942614433
0.850693343645   0.171824788157   0.496786752292
-0.807641599161   -0.364638435289   -0.463415427898
-0.395979196664   -0.246953456766   0.884428892563
-0.436938809347   0.897804433995   0.0550606500627
-0.703359693956   -0.140446103279   -0.69682137811
-0.326505425145   -0.806924286927   0.492206666471
-0.631410601961   0.573714290602   0.521701604838
0.0648681290141   -0.318714235702   -0.94562855382
0.670391729282   -0.688012034188   0.277874738187
-0.739166459702   -0.65196677582   0.169033334223
-0.900420532958   0.418311795504   0.119407309528
-0.434987777331   -0.862402692111   -0.258934799153
-0.00533829555741   -0.285090930024   0.958485609813
0.484042675208   -0.869809640638   0.0955713222246
-0.54293733489   -0.212883632693   0.812342051918
-0.686237377997   -0.445097458974   -0.575296891226
-0.59437587366   -0.182825448588   -0.783129731372
-0.43716333556   -0.743904670454   0.505464201818
-0.674985584181   0.642791332102   0.362234405491
-0.341267837304   -0.893166269149   -0.292899776163
0.938197509345   -0.342772579255   -0.0478789345024
-0.0576341624382   -0.291137380914   0.954943625956
0.644091258123   0.359375587876   -0.675274490892
-0.545554632698   -0.402986564706   -0.734827851547
-0.536205738455   0.841695322255   -0.0635011066238
0.759978485666   -0.580758944382   0.291807727527
-0.515205616776   -0.812000305506   -0.274260234633
0.396227048252   0.0580908975544   -0.916313032678
-0.692854080707   -0.353972596434   -0.628217019684
-0.625712132501   -0.137867839137   0.767773916054
-0.358381849553   0.925038301859   -0.125962653217
-0.895996362018   0.189271918658   0.4017046926
0.101275922333   -0.793675512974   0.599851954786
0.432358308357   0.578148182487   0.691961684114
0.569463737202   0.14693357551   0.808777828826
-0.38070776552   -0.824868975801   0.417914788005
0.728541453374   -0.545895317024   -0.413794216449
-0.442159275604   -0.467961480271   0.765184440498
0.407151859661   -0.864867254882   -0.293652847094
0.799201187544   0.181704937782   0.572940465855
0.803938442455   0.133195187674   0.579605057537
0.172541384212   0.880439730269   -0.441650712779
-0.569133070096   0.455065845064   0.684837663377
-0.628931250028   0.524454667468   -0.573927508062
-0.0301779812798   -0.754119325157   -0.656043697379
-0.776875004222   -0.395286409071   0.490116192978
-0.590996239316   -0.378087176707   0.712582298352
-0.51700493048   0.855611776785   0.0251870857053
-0.619216720522   -0.353523088689   -0.701136276903
0.571547714359   0.493221949625   -0.655793655518
0.0444431058425   -0.816627596976   -0.575451282213
-0.819364400346   0.299752358231   -0.488661951846
0.92707251332   0.358855871695   0.108439007729
0.341321250396   -0.927620724199   0.151722101439
0.155036637848   -0.103644852198   -0.982456811029
0.688319378682   0.725303659289   -0.0122896197242
0.299655590751   -0.268865451348   0.915378553388
0.660623160253   -0.633755450385   -0.402406596919
0.215719154443   -0.166361223776   -0.962179395763
0.793236262867   0.604482734463   0.0733270414574
0.569422055842   -0.779053635483   0.262362259788
-0.308202614046   0.273661303431   -0.911109565146
-0.267820048275   0.89403519699   0.359128790665
0.912843672508   0.354697839783   -0.202252001266
-0.16827133477   0.0768214494782   -0.982742704269
-0.0267102057993   -0.996947898245   -0.0733583880118
-0.985378771235   0.0139051460115   0.169809670259
0.55963165379   -0.82764867609   -0.0425450472063
0.302038198587   0.155885038506   0.940464130823
-0.771741756464   -0.53916372628   0.337219717089
0.181876070731   0.883375456937   -0.431936218645
0.37532670755   0.343640813478   0.860837298165
0.90887345516   -0.318682904145   -0.269054360885
-0.466193081188   -0.62798409939   0.623137209582
0.185475746893   -0.758087122264   -0.625222090438
0.86502182537   -0.175897373404   0.469890791209
0.176981797627   0.458034460729   -0.871138264625
0.809379485122   0.435864705784   0.393607427923
0.559984189395   -0.774742790245   -0.293583576841
0.256863008778   0.528995705197   -0.808816999454
0.363525145354   0.722550612307   0.588022177601
0.895472424711   -0.445066463058   -0.00670671635223
0.281055008673   0.246940188379   -0.927377283237
0.7703523445   -0.634342115653   0.0645549814636
-0.572333248573   -0.732550765253   -0.368515981885
0.950127492066   0.296217714524   -0.0975336578939
0.23550534585   -0.886523837772   -0.398262121143
-0.204438208015   0.355430092512   -0.912071525945
0.75190281465   0.56452945578   0.340512335867
-0.0336356024937   -0.482974800457   0.874987993271
0.658415373124   -0.669359272499   -0.344161823498
0.608709045134   0.0321019497763   0.792743819398
0.336632765717   -0.915232662944   -0.221421664989
0.71843696969   0.401644914697   -0.567916968474
-0.740760894412   0.52738483887   -0.416099181734
-0.203925707835   0.413640913037   0.887308007823
0.64006843618   0.742136393658   -0.198861686139
-0.763185247652   -0.447057017349   -0.466570788846
0.399019635934   -0.893983476744   0.203904079036
-0.508263325359   -0.0305543212465   0.860659529401
0.0352501406119   -0.981923798287   -0.185965270805
0.924157434713   -0.0387982337587   0.380036488934
-0.380381996749   -0.185257527285   0.906084535313
-0.634789249969   0.557121938909   0.535404289589
-0.628557539229   0.0306791687189   -0.777157775799
-0.449397405424   -0.829863804364   0.33070838847
0.991308979977   -0.130782379587   0.0142293852963
-0.00454442945656   -0.142142153195   -0.989835822976
0.131475679794   0.981168475581   -0.141501124194
-0.474311197788   -0.87984713031   0.0299652288043
-0.852691207652   0.450673321916   -0.26421820775
0.218967102657   -0.150872741732   -0.963997315222
0.105575918683   -0.983090619032   -0.149621389401
-0.055400532838   0.144413727139   -0.987965311322
0.992866811992   0.112594450066   -0.0392171322093
0.347664848444   -0.297156069077   0.889284782152
-0.852036017858   0.295755542349   0.431929720489
-0.391361440906   -0.907869445339   -0.150363867971
0.386286000031   0.252981095858   -0.887008281426
0.441302112065   0.793758149243   0.418569523972
0.809960228695   -0.553126175162   0.194976568548
-0.437975752207   0.214220619406   0.873090354259
-0.890462743444   -0.236800528041   -0.388589259318
0.123504425091   -0.947647105277   0.294468369851
-0.773620274722   0.623712689586   0.111777240031
-0.618399677751   -0.781629881491   0.0814651270026
0.138179264349   -0.00609993528321   0.990388449899
-0.589065276566   -0.752827993098   -0.293687100079
0.771676053379   -0.631921409836   0.0720513735643
-0.239829457293   -0.184188340022   0.95318229464
0.0347615165535   -0.737483404465   0.674470062423
0.855700201607   -0.326688918738   -0.401312241707
0.516303013682   0.591094390527   0.619708495626
0.990535058658   0.131604075659   0.038995702832
-0.0676697706639   0.221040331935   0.972914165688
0.119419846373   -0.966344420446   0.227853815777
-0.762005287714   0.113599560679   -0.637528886647
0.0257111123931   0.98902405356   0.145500378621
0.647060182823   0.0944804810149   -0.756562329562
0.736265721268   -0.560975120371   -0.378443789763
-0.413125667168   -0.815565874015   0.40519068137
-0.535947731418   -0.141983166138   -0.832226417342
0.0834161167338   0.922952411161   -0.375766680536
0.88187256971   0.107226101647   0.45913324201
0.46405012904   -0.369677440288   -0.804982029539
-0.404775730993   0.84942183348   -0.338584046297
0.909673966094   0.411715801139   -0.0546202755778
0.0930047472474   -0.330110054225   -0.939349492515
-0.963923202003   0.254825091935   -0.0769170537679
0.174873398244   0.388400399546   -0.904745502458
-0.200677241426   -0.885555928303   -0.418950286574
0.590438224597   0.737363606278   -0.328142674871
-0.80453569056   0.505454876009   -0.311829586367
-0.0640704733078   0.448118600882   0.891675217775
-0.647463328688   0.177825424371   -0.741059617339
-0.363846865285   0.782286918581   0.505611150628
0.669631761961   0.596996897366   -0.441800869068
-0.794590270975   0.471736555221   -0.382218424124
0.435423823697   0.00403655550002   -0.900216529495
-0.423122198695   -0.881730303828   -0.208612742381
-0.973086069253   -0.144941656255   0.179151941399
0.193387876296   -0.0908523564061   0.976906842354
-0.125318119706   0.985260252734   0.116437121468
-0.575932972024   0.519723976451   0.631021552752
0.691227802732   0.721716523645   0.0364607217193
-0.436469170121   0.457178573207   -0.774908004691
0.932021970143   0.362326769275   -0.0073728853404
-0.352523140937   0.901710776512   -0.250290052991
-0.0840385761165   0.235874940994   0.968142825174
0.997831977468   -0.0628267633542   -0.0195995548248
0.00590258797441   0.382039026476   -0.924127340632
0.0655477245837   0.922008123639   0.381581597756
-0.852936111064   -0.405715638561   0.328473455654
-0.511249244893   0.522102863167   -0.682665957749
0.105471323301   -0.750202253329   -0.652742199541
-0.340310598634   -0.796796006671   0.499304336262
-0.445050013603   -0.33127136362   -0.831979428254
0.8283231144   -0.505346818926   -0.241878917544
0.439028022574   0.298156779251   -0.847559396374
0.333237980836   0.822014220982   0.461784656124
0.834390102724   -0.48517538632   0.261530114875
0.159134482142   -0.406186145865   0.899827223138
-0.959084449655   -0.279786791932   0.0433170808188
0.234164973947   -0.869903538312   -0.434090542409
0.0417099066337   -0.594351435041   -0.803123063641
0.997899488415   0.0646592185497   0.00397447826174
0.0495670728359   -0.801601869459   0.595799922935
-0.996152563782   0.0210522391206   -0.0850698119077
0.0848852319834   -0.0095128948196   -0.996345322779
-0.0217845601549   -0.999733118417   0.00768927036201
-0.575730636128   -0.131988927613   0.806915830562
0.334936280326   0.862212590534   0.380009390471
-0.745890020543   0.489048434935   -0.452194322767
-0.829540541338   0.550395098071   0.0944866461308
-0.000268183858831   -0.169588129993   0.985514989355
0.558446432843   0.817499297972   0.14082783624
-0.93285094903   -0.0152758232625   0.359938544918
0.262549669923   0.655312998866   0.708260223604
-0.246691665278   0.75520296791   -0.607298690548
-0.58075323669   0.169026817928   -0.796338880688
0.529398496294   -0.664705256978   -0.527166153568
-0.618435857786   -0.727734055935   0.29654718619
0.298680134645   -0.108443057168   0.948172073265
0.726656960285   -0.618226829627   -0.299608493202
0.618675875752   0.778482941676   -0.105851170428
-0.244386572965   -0.814211176727   -0.526626397598
-0.22275817872   0.575709943974   -0.786725399503
0.943744667146   -0.0749547870543   -0.322067979051
0.949581334   -0.122806953614   0.288467922415
-0.224436716066   0.376182923067   0.898951928011
-0.218914253989   -0.9183707642   0.329653892535
0.999753490827   -0.00427232429897   0.0217877218662
0.0047673247382   0.999730543122   -0.0227181373144
-0.0216847917646   0.0228164062306   0.99950446793
0.893442875226   -0.403810487831   -0.196715323821
-0.260218557979   -0.822285067949   0.506096402983
-0.366123108793   -0.400979247525   -0.839743718203
0.859555049063   -0.510949752407   0.00977078014209
0.510881681508   0.859606975426   0.00870375200164
-0.0128462106957   -0.00248964139017   0.999914384613
