0.0642510678493   0.329954535559   -0.941807732359
0.580710309446   0.755150147388   0.304177236821
0.811570906804   -0.56646117198   -0.143088797091
0.589895810042   -0.326736546577   0.738421398949
0.592941278311   0.796034519844   -0.121448275787
-0.548127333536   0.509482357248   0.663313013503
0.911656340623   0.191415013661   0.363652319046
-0.104787052796   0.9639240689   -0.244683597656
-0.397369337228   0.184961298494   0.898825304434
-0.613334359707   -0.606041987515   0.506491927452
-0.789814215537   0.473702455856   -0.38961453804
-0.00380370090685   -0.638998507577   -0.769198569406
0.710547472227   -0.28448149144   -0.643577944572
-0.138704539079   0.84005574812   -0.524468674841
0.689842982534   0.461927073334   0.557440614209
0.0130819205519   -0.541345823354   -0.840698259131
-0.994341528279   -0.0956861997652   0.0461419151147
-0.105421954588   0.835337566932   -0.539534392588
-0.778369112179   0.322984970951   -0.538351403592
0.624044844811   0.304308987688   -0.719697208331
-0.0686262112781   -0.896145495193   -0.438421822649
0.604593820692   0.775310894723   0.182645362669
0.751372503081   -0.631231846689   0.192316711027
0.264396810863   0.0209612082222   -0.964186161566
-0.845529394663   0.511165941615   -0.154238201795
0.515642999822   0.856712087405   0.0125178284478
0.138536419383   -0.0689476571509   -0.987954392206
0.820481881353   -0.421182871774   0.38654168067
-0.318880509987   -0.898383017075   -0.302031744989
0.474473079027   0.124550966093   -0.871413996975
0.599890207137   0.287244966385   -0.746740964906
0.557074481366   0.519966912386   0.647535660977
0.574281953046   -0.804440637532   0.151906218101
0.266167988374   0.213631000172   -0.939955529656
0.355835245688   0.884481226296   0.301785086204
0.895843669337   -0.414794836147   0.159403149325
-0.145644048907   0.928049726135   0.342799528637
0.863552812127   -0.0498273336247   0.501790571343
0.482767388793   0.369108307466   -0.794162896182
-0.601269756921   -0.524302582566   -0.602977181434
-0.727070338699   0.671991341443   0.140699536639
0.331426314586   0.523005199726   -0.78525292681
0.669979875125   -0.712041525916   -0.210056735905
-0.328797183428   -0.0309197525975   -0.943894263713
0.665597009531   0.70145622406   -0.254832860189
0.885583229205   -0.315868992967   0.340542395939
0.0580955280093   0.802736295342   0.593497556664
-0.460833216875   -0.505807492455   0.729240376557
-0.317472937243   -0.520830185667   -0.792430976053
-0.860987391158   -0.191871750402   0.471047708471
-0.397380983913   0.831817978339   -0.387514134616
0.665063307473   -0.705856709478   0.243838271684
-0.676866510674   -0.707703377255   -0.20250347293
0.315503603436   -0.0303683306417   -0.948438316767
0.0568570850338   0.909256589552   -0.412334483445
0.964155294449   -0.157219756447   -0.213744044055
-0.259175307597   -0.385401612009   -0.88560361189
0.454110210771   0.247004391088   0.856021464249
0.749920271717   0.412792029229   -0.516935515003
-0.481044179406   0.876693544739   0.00221947531805
0.830334457976   -0.411562532062   -0.375713947171
-0.340357821603   0.159305944157   -0.926702848504
0.441249635887   0.897350488022   -0.00780131207234
-0.529175941674   -0.150405794789   0.835075397589
-0.480969957997   0.863952571306   -0.149177257108
-0.699028413062   -0.480587194407   -0.529523584285
0.981248874812   -0.182500650964   -0.0620012748094
-0.090869787094   -0.721705635326   0.686209631041
-0.16998037379   -0.667708385703   -0.724756637906
-0.413392762592   0.723260545602   0.553173216102
0.57493863039   -0.26375919346   0.774517048974
0.706082144742   0.638220393784   -0.306794285861
-0.0513262278687   0.754758693758   -0.653991538577
0.715491168366   0.484652129868   0.503174622774
0.696733813104   -0.442099114692   -0.564898545286
0.823457532248   -0.370956009094   0.429312627233
0.224208640734   0.907826632369   0.354374506676
-0.521198789335   -0.195556756157   0.83072822097
-0.00617625054255   -0.580341242018   0.814349984186
-0.51628950783   0.69927991647   0.494421624251
-0.856391848417   -0.417386680712   -0.303943022178
0.829567313163   -0.00401991471006   0.558392257484
-0.182500853109   0.943108862728   0.277919253847
-0.527741898608   -0.33245979205   0.781638647409
-0.895942278455   -0.433478799232   -0.0968687993802
-0.239917167194   0.655828693806   -0.715771246466
0.37380099861   -0.618049233474   -0.691583659755
-0.86375582678   0.439454818871   -0.246587375743
0.357082383226   0.879063015155   0.31581701502
0.355553151151   0.184736779116   -0.916217375489
0.86226792338   -0.469658095704   -0.189513327888
-0.202368986394   -0.662540804603   0.721170212613
-0.464263741481   -0.58349032156   -0.666331916518
-0.283405375119   0.46911133722   -0.836430479267
0.892799723384   -0.189371783509   -0.408713813734
-0.350128615341   -0.862596592216   -0.365153490765
0.993807147926   0.0614114888568   -0.0926065967777
0.111034956957   -0.516491190007   0.849063065372
0.00431173560567   -0.854087512894   -0.520111458492
0.0766036472768   -0.402982044198   -0.911996355956
-0.806796508073   0.512387126924   -0.294174823402
0.58584236428   0.758330339771   -0.285873783335
-0.339205326205   -0.204018165139   -0.918322565861
-0.208198867602   -0.935708916395   0.284784225881
-0.917383768226   0.287794044543   0.274921097265
-0.596963131296   -0.701116184673   -0.38996296677
-0.254414875217   0.626426750686   -0.736792099096
0.760860099578   -0.340625339064   -0.552328061252
0.908499279775   -0.318064886085   0.271042038966
-0.405963167546   -0.517924122077   0.752959833166
-0.0991108734848   -0.794096550808   -0.599656320525
-0.0168519498138   -0.0240495877591   0.99956872156
0.76958489145   0.637916069414   0.0283228394909
-0.638322102581   0.769730281146   0.00775806979697
-0.560695298992   0.798553170006   0.218937471353
0.515875992561   0.13007031546   0.84673116946
0.64768259355   0.587702771569   -0.484884223607
-0.279519480699   0.921601236433   0.269295415698
0.875430346341   0.359818019096   -0.322726977241
-0.394322924283   0.145540901947   -0.907373835443
-0.730314110357   -0.134394197927   -0.669760778061
-0.598008952976   0.599698419592   0.531739689802
0.330191750996   0.788859940112   -0.518337151384
0.671997136498   -0.736916890684   0.0733031020051
-0.216192778369   -0.289887619438   -0.932322825355
0.708294099312   0.610670667645   -0.354119760192
0.0529955051816   0.282641997455   0.957760396814
-0.951611786387   0.305023423391   -0.037359325381
-0.302698669374   -0.909436205821   0.285130326521
-0.236610829824   -0.968098215359   0.0824691495375
-0.00666942068594   0.0864956558225   0.99622990336
-0.971581614706   0.235168762679   -0.0269224631624
0.837566929799   -0.357821920108   0.412849986796
-0.545798626792   -0.514557590338   0.661312592667
-0.0241970473227   -0.779226513742   -0.626275133775
0.114538519334   0.415951057466   0.902145024583
0.993335063595   -0.0361627184305   -0.109442721206
-0.0128987991088   0.908667692606   -0.417320794344
0.777550933503   0.543964692086   0.315463087497
0.261341169185   0.176748743603   -0.948926063993
-0.57193997858   0.820281839004   -0.00472921804091
-0.166098702609   -0.379870400799   0.910005329428
0.117494094726   0.908626558946   0.400740457257
-0.979084449215   0.173482722411   -0.106289163742
0.482470939416   -0.427275634303   -0.764628880534
-0.867750338505   -0.114268333639   -0.48368594971
0.119294352933   0.896871384454   -0.425899726577
0.0825560977351   -0.987207017841   0.136406725097
-0.92771863181   -0.126125678806   -0.351326704563
0.364036579096   -0.0975428986178   -0.926262787771
0.645712313013   0.597413868039   -0.475554706734
-0.174875307239   0.721942572179   0.669490514789
0.743286106248   -0.349135493396   0.570640141867
0.521101368656   0.828060600963   0.206806684411
0.828169717354   -0.549158958003   0.112068541986
0.206369287545   0.112871962763   -0.971942198477
-0.85179616098   0.480848588832   -0.207913286631
0.523829380859   0.776631409591   -0.349923467898
-0.00678821686886   -0.4069745548   -0.913414271761
-0.215244885171   0.856455782666   0.469204786576
0.708047719161   0.467767587935   -0.529019764347
-0.672560827583   0.218350580525   -0.707096144231
0.866019860391   -0.327518700737   0.377810934299
-0.461606175022   -0.814100221757   0.352364254879
0.192170082451   -0.47955430308   -0.856211615086
-0.131558616622   0.731363578762   0.66917833651
0.80147241896   0.475735737314   -0.362377523986
-0.583381772119   0.488654094328   -0.648754872089
-0.517949346835   -0.855268876601   0.0156084218547
-0.81740194103   0.500231092722   0.285697253533
-0.252155786997   0.135218351539   -0.958192807578
0.38226076947   -0.621882701495   0.683475390704
-0.731173759209   0.248712880874   0.63523762225
-0.565032422044   -0.742565693025   -0.359631135419
-0.386550246093   -0.27125508475   0.881475800146
-0.098055329226   0.962439631298   0.253170117744
-0.917040925834   0.0114295715292   -0.398629282967
-0.655217028968   0.748086329558   -0.105154593233
0.723360675179   0.661418065766   0.198180412461
0.217807205011   0.0537864834935   -0.974508612398
0.179118503037   -0.748068916012   0.638990969238
-0.549264753485   -0.614886297411   -0.56588256011
0.816225944485   -0.249615180136   -0.521025401874
-0.226992484084   -0.909234277292   0.348951918138
-0.879819435538   0.0378102237834   -0.473801802267
0.417602889147   -0.414564127704   -0.80854462524
0.254250964607   -0.965129222763   -0.0623059416552
-0.752722934265   -0.157021467565   -0.639337503167
0.607259937118   0.209451288114   -0.766397760095
-0.839406810616   -0.00494392398038   0.543481153175
0.412924563646   0.644392304626   0.643624007062
-0.353397100975   0.764679093048   -0.53886582155
0.809383126915   0.217448843087   0.545540974176
-0.464136338348   0.806000750626   0.367342142171
-0.359828310851   -0.550525921851   0.753289317646
-0.52022487013   -0.815576508958   -0.253379246422
-0.793209254583   0.571379800495   -0.210580630699
0.31652039891   0.0914334819232   -0.944168817234
0.638961236331   -0.769212584412   0.00636698117241
-0.509562923367   -0.417048723506   0.75260613162
-0.576258766177   -0.48413052187   -0.658440181185
0.778076578868   -0.452526217871   0.435679767211
-0.614161468492   -0.693671468752   0.376331747345
0.131918641736   -0.560392644116   -0.817653689763
0.857560661846   0.385342095031   -0.34073623384
0.42786425564   -0.902063383832   0.0566906543875
-0.285520384562   -0.194404530159   -0.938448181123
-0.297460655304   -0.858363031296   -0.418007254789
0.0119570883702   0.434442153096   -0.900620366
0.954659199186   -0.272897273933   -0.118965924935
0.636524472267   -0.181808024361   -0.749521472997
-0.671335653332   0.347786452948   -0.654486839984
0.379664373851   0.919777378187   0.0993203796089
0.94369541149   -0.266929958464   0.195415883711
-0.263965501647   -0.251525859352   0.931158931663
-0.199402066871   -0.930313462953   -0.307824099732
0.834504008366   -0.375377045863   -0.403354848069
-0.34618604885   -0.926704467537   0.146198664251
-0.428670362404   0.017632449802   -0.903288889066
0.128960471671   -0.445200669556   0.886095683645
-0.144682873537   0.875548114434   0.460958095077
-0.981038257589   -0.1876482431   0.0484981856364
0.474044076914   -0.328073236674   0.817098625944
-0.856461234738   0.0435597982921   0.514370194861
-0.204343746007   -0.943647442294   -0.260332744994
0.908431215784   0.401016402161   0.118061727022
0.291695347302   -0.810380717345   0.508130807289
0.299443735201   -0.427163830576   -0.853149759008
-0.041117252617   -0.112399603771   0.992812016751
0.962264015184   0.263057240485   0.0696337081254
-0.268993190648   0.958210424331   0.0973419030216
0.531707301452   0.216379913261   0.818820541219
0.72196783497   0.38964912445   -0.571783180137
-0.442775101891   0.895183385098   0.0509599469655
-0.807975436252   -0.242627400875   0.536942863588
-0.370734197482   0.91762932199   -0.143222142985
-0.457964899561   -0.314783055085   -0.831372226503
-0.330281022769   0.815336378048   -0.475542886215
0.93222961292   0.360700976077   -0.0290302368491
0.147859375058   -0.452903297061   -0.8792134034
0.836526757496   0.542963569719   0.0735768030784
0.333475036697   -0.397961539045   -0.854646718442
-0.434761295302   0.73947087529   -0.513970272202
-0.370449113007   -0.892839606785   -0.256134517847
-0.560015328855   -0.00531042681679   0.828465226076
-0.741046750295   0.450343464399   -0.498036623106
0.414587832782   -0.9088680155   -0.0455615990999
-0.638667804258   -0.254938131344   -0.726023405267
0.648244062614   0.330099196595   -0.686158987188
0.0296195790236   0.65921471753   0.751371171065
0.977263966245   -0.176985261696   0.116753404201
0.209947185724   0.730829784085   -0.6494690184
0.110025301253   -0.172729798339   0.978804806822
0.809161041548   0.587449430101   0.0127112516687
-0.577193937887   0.790612157663   0.204400524045
0.453432302587   -0.729868345687   0.511557763051
-0.807980643706   -0.0943136127594   0.581611744938
-0.376253141342   -0.677050323401   -0.632484334368
-0.097688304547   0.173926760976   0.979901258786
-0.595919783511   0.778362622165   -0.197563255787
-0.797080050419   -0.603242165496   0.0276094728656
0.315489833942   0.685660288235   0.656000101994
0.589807064529   -0.683240444687   0.430476621169
0.743366525551   0.25110249676   -0.619962696304
0.803357488919   0.563132745767   -0.193644663346
0.367949661327   -0.213726572768   0.904949721707
0.468219811334   -0.798249624324   -0.378903345901
0.888410699615   0.323041417984   0.326145168717
0.386666115381   -0.143676363487   -0.910959064833
-0.24741815622   0.935415065547   -0.252552788803
0.349783507751   -0.25511075596   0.901426646988
0.779123437825   0.613517843252   -0.12869547251
-0.52020973303   0.747338181954   0.41336119249
-0.508111087813   0.00585551429529   -0.861271638564
-0.833670777188   0.247866800449   0.493513003373
0.216370417815   0.968776425285   -0.121062298456
-0.739159749583   -0.288304965329   -0.608706096211
-0.261091617432   0.955738969072   -0.135625183148
0.620865550585   0.0586793827875   -0.781717786757
0.196799119334   -0.669210679993   -0.716538325854
-0.920340110349   0.125855670799   -0.370316663702
0.338000277983   0.732336955176   -0.591133145895
-0.311017955133   0.560201987047   -0.767750978702
-0.228663023077   0.739978944488   0.632569666988
0.922486343241   0.372296784064   -0.102049258265
0.268184450472   -0.370976615748   -0.889074491307
0.00298995080729   0.923197963885   -0.384313127116
0.963362943402   0.100408515812   0.248696540453
-0.510171370557   -0.845231573132   0.159087272518
-0.191696994919   0.292063822065   0.936990387305
-0.838437495962   0.447529118095   -0.311030952923
-0.664279413596   -0.71945271284   -0.20278228389
-0.665770642196   0.692807644385   -0.277068619429
0.339826886316   -0.0490444886687   -0.939208350404
-0.223854592903   0.966075827759   -0.128789037673
0.596405554589   0.240295744346   0.765870987625
0.770836906005   0.0946332407237   -0.629964295851
0.000918516121729   0.730600196064   -0.682804884164
0.928312721841   -0.254489486947   -0.271054591366
-0.371799202252   -0.633607492493   -0.678459209283
-0.959120988104   -0.282930406519   0.00610862071103
-0.247743963179   0.849882444246   0.465105106047
-0.136783986229   0.444578694979   -0.885234389913
0.522444363815   0.0533445567497   0.851003081653
0.181661237293   0.968164099447   -0.172213447229
-0.833097282184   0.244566217631   0.496121238823
-0.64531261433   0.0133519603458   -0.763801908174
0.218848358247   0.961170697599   -0.168096062328
0.731899600948   -0.275631303071   -0.623177630286
-0.0867459606975   0.826158252572   0.556720468472
0.849210388981   -0.230862818795   0.474914807257
0.520880843913   0.513969746787   -0.681555754023
0.262736323127   0.63684461397   0.724843819156
0.81726362412   -0.546212247128   0.183663686608
0.512883800875   0.544133364853   -0.663979734672
0.042579486278   0.985956074486   -0.161485623248
0.75870282761   0.0732540616424   0.647305076307
0.650043849835   -0.150081516586   -0.744928541298
0.904500719217   -0.248415395447   -0.34665291033
0.2771371598   0.96019146957   0.0350333615584
0.324150341035   -0.127758103732   0.937339011958
0.8818238609   -0.230313481932   0.411512306485
-0.256091437558   0.498867270517   0.827978636208
-0.395984663791   -0.835516095864   0.380931751887
-0.873675173186   0.392071311406   -0.28804822258
0.483189631989   0.630225944442   -0.607735994072
-0.0567403850635   -0.670145764536   -0.740057553829
0.446511322246   0.71057850049   -0.543788408986
0.853471964364   -0.52074194575   0.0203330269142
-0.268725222396   -0.473187088348   -0.838976003394
0.412791157488   -0.396439740499   0.820023775543
0.819100677907   0.555318750689   -0.143858140501
-0.398343494682   0.731065398777   0.553954730062
-0.512230260933   -0.737904730806   -0.43945052968
-0.502043426859   0.672410320361   -0.5438903921
0.696830364816   -0.0579738676093   -0.714889133601
0.881573827852   0.422710970508   -0.210102407074
0.249416106637   -0.0392308731886   0.967601438785
0.400773242365   -0.905415028592   -0.140015835544
-0.00760834027578   0.999506803124   0.0304674196725
0.999438196392   0.00859528612207   -0.0323946391378
-0.0326405383925   0.0302038335285   -0.999010672457
0.174004229273   -0.887549619873   -0.426589029927
-0.665966154277   0.213050124799   -0.714911690823
0.725404445498   0.408491513476   -0.554006384314
0.640450394707   -0.672221541277   0.371404754093
-0.765180444858   -0.599919228342   0.233657454996
0.0657432789494   -0.433837664238   -0.898589284582
0.281075757287   -0.852972238007   0.439812209762
-0.594425288948   -0.514530286501   -0.617994466102
0.753428825122   -0.0877322373114   -0.651650258968
-0.935642708786   0.167791361652   0.310513736287
0.338470524301   0.675950385764   0.654621096636
-0.100052114656   0.717591203218   -0.689240480089
-0.228672422027   0.57210648771   0.7876567083
0.907170758005   0.418779247542   -0.0408063432675
-0.353199857347   0.705207847766   -0.614761540946
0.717614092775   0.498639856131   0.486197807204
0.648576870454   -0.224148505627   -0.727396377873
-0.253728313289   0.837326544013   -0.484258403885
0.368875751007   0.305045909024   -0.877996397319
-0.586022343049   0.809536353457   0.0350529011541
0.721462745931   0.501595340707   0.477382048693
0.999913659309   -0.00943919603957   -0.00914196396673
0.00971467016657   0.999485339111   0.0305725708068
0.00884867846615   -0.0306587423145   0.999490741532
0.727303710473   -0.636130689167   0.257618048732
-0.421498548555   -0.710243514703   -0.563820116161
0.541634827442   0.301482828901   -0.784690905758
0.986663245274   0.00151936733612   -0.162767723916
-0.0810937261922   0.871615017546   -0.48343672674
0.141136274565   0.490188690926   0.860113713
