0.0626217348416   0.330617016453   -0.941685142057
0.5789766275   0.756509159948   0.304105172148
0.812935780457   -0.564257281168   -0.144045609161
0.588076595143   -0.336232695302   0.735604168595
0.597478564243   0.793609381   -0.114906551851
-0.545147029263   0.507081576276   0.667594930693
0.912603758904   0.193338737323   0.36024229608
-0.105291405223   0.962542231059   -0.249852303201
-0.395054552208   0.190085733497   0.898776565505
-0.604899013208   -0.611781859384   0.509725553948
-0.79629979454   0.466300852853   -0.385318247483
-0.00195474662751   -0.638972981555   -0.76922669468
0.709350981977   -0.293211476919   -0.64097442552
-0.129705150581   0.839540925362   -0.52758658868
0.692818705204   0.457381749139   0.557498141049
0.0188501318777   -0.549956954061   -0.834980251987
-0.995094235144   -0.091440995626   0.0377625144944
-0.0971191830191   0.830172206833   -0.548982669389
-0.77991465359   0.318264542861   -0.538925610711
0.621963636561   0.297856342562   -0.724184254174
-0.0699597592816   -0.8999940444   -0.430251498697
-0.964139598675   -0.264521433888   0.0215231338658
-0.183255882616   0.604885308219   -0.774939381752
0.191969048975   -0.751093985409   -0.631668987151
-0.839382352071   0.52078298502   -0.155635309444
0.526069201748   0.850400680398   0.00835929127966
0.13670574971   -0.074858301427   -0.987779212529
0.815903063982   -0.402235383558   -0.415341890974
-0.488418043431   -0.863927406307   -0.122789459972
-0.309434977072   0.30304477036   -0.901340036901
0.582423365258   0.293786015978   -0.757939839578
0.553897939436   0.539011007563   0.634558276611
0.594962264595   -0.789402882274   0.151205136051
0.267104889521   0.215995939853   -0.939148940244
0.35427429898   0.884300807948   0.304141089209
0.896183407053   -0.413953904474   0.159679259436
-0.160565804342   0.921155855809   0.354528576827
0.854226374763   -0.0502596914557   0.51746619607
0.494485513576   0.385935036924   -0.778805639515
-0.603675344928   -0.516285604298   -0.607474487298
-0.726991724169   0.669228585072   0.153675417393
0.327198885867   0.534398985512   -0.779332158561
0.666877583776   0.717008119463   0.202912899744
0.32088173866   -0.0305521473738   -0.94662636562
-0.67253936543   0.696394947509   -0.250449354226
0.886974440564   -0.301327986233   0.349968264988
0.0394094331809   0.804426977218   0.592742891058
-0.460133935243   -0.51195574324   0.725381333232
-0.311218439099   -0.520503036298   -0.795122426027
-0.861343714304   -0.199016115027   0.467418005418
-0.401534667239   0.830342805812   -0.386394533918
0.657485925078   -0.707943427233   0.257930925176
-0.677330856381   -0.705292665628   -0.209249054487
0.330053282544   -0.0371262662752   -0.943231928548
0.0616440754081   0.910782491203   -0.408258817033
0.965059647283   -0.15875966549   -0.208459218555
-0.254676039615   -0.381143834177   -0.888746022503
0.453451797081   0.247220883192   0.856307948485
0.749655223269   0.413866906568   -0.516460288767
-0.482077290431   0.87612557237   0.00233826614984
0.836620333138   -0.409630605442   -0.363688307848
-0.330186467318   0.152653074209   -0.931490169423
0.437085020311   0.899388573431   -0.00754181671751
-0.528127948948   -0.163058546259   0.833362334191
-0.470473447475   0.873182950341   -0.12730385091
-0.706919800809   -0.459307572034   -0.537867037019
0.979656433865   -0.192681188052   -0.0561001903625
-0.102186315612   -0.719541638822   0.686889937981
-0.172717192223   -0.667183475342   -0.724592976601
-0.421321483214   0.725346074589   0.544390741896
0.576979054344   -0.248738449396   0.777961666564
0.699702350027   0.641874018692   -0.313710639758
-0.0407270404009   0.743963907839   -0.666977519869
0.733243850618   0.475713597438   0.485849800599
0.678744991664   -0.469269940487   -0.564881367407
0.823193243731   -0.369070616077   0.431439177433
0.22188463802   0.908588633789   0.353884023317
-0.522608927293   -0.195585211347   0.829835124718
-0.00442796686844   -0.587697086862   0.809068926114
-0.510512442791   0.697027343751   0.503517554629
-0.85985896452   -0.410810194807   -0.30311308942
0.8293938563   0.00367544284497   0.55865223731
-0.189606377018   0.942476476746   0.27529531884
-0.525504760136   -0.334252272843   0.782381086922
-0.890541500636   -0.44622329792   -0.0884341791123
-0.250724293379   0.643677043975   -0.723060987586
0.379569709475   -0.621743219869   -0.685100141726
-0.862081773922   0.442594669484   -0.246829847497
0.362051830808   0.878706730836   0.311115658546
0.354589180432   0.17884194063   -0.917759267668
0.86826664714   -0.462084901339   -0.180528594462
-0.203630074491   -0.663786763941   0.719667926734
-0.45238017444   -0.588102606661   -0.670438290823
-0.28759135167   0.468317429158   -0.835445988675
0.892566339025   -0.185257473614   -0.411102175755
-0.347298927273   -0.863920397964   -0.364725926001
0.994507252715   0.0594499932441   -0.0861453573975
0.104498223121   -0.517138335701   0.849498712838
0.00595362598617   -0.853834667867   -0.52051024417
0.081487265571   -0.405803161026   -0.910320613878
-0.808416964178   0.507300481523   -0.298510022405
0.58294239645   0.760243392571   -0.286719630428
-0.346912056157   -0.913100553675   0.2142414623
-0.912541453756   0.275853143567   -0.301948900244
0.216610527137   -0.300253929301   -0.928938887909
-0.60424150454   -0.682577870497   -0.411071350138
-0.265032490211   0.658698664086   -0.704183107626
0.751431955222   -0.31654939684   -0.578918384607
0.904741430187   -0.319552591495   0.281654195374
-0.41536293196   -0.515262039233   0.74965236322
-0.0944276403207   -0.795230263633   -0.598909215615
-0.0202813361626   -0.0447338870608   0.998793045011
0.779231608486   0.625201980499   0.0438244671415
-0.626407828615   0.779179929755   0.0221781272301
-0.568359072218   0.773224819995   0.281231831008
0.453611728874   0.00930435412749   0.891150844932
0.686443271113   0.634063724509   -0.356032061486
-0.283059177569   0.9240438639   0.256944428979
0.868812584211   0.360515936723   -0.339400873433
-0.406253855997   0.12716602124   -0.904868281868
-0.728223796397   -0.123535998186   -0.67411346187
-0.609090080383   0.567560262404   0.553971680241
0.31416456882   0.814011182775   -0.48855544003
0.671551198202   -0.737445506683   0.0720632560094
-0.217613542758   -0.289262097685   -0.932186561183
0.708281959534   0.610329061668   -0.354732437595
0.0540174692723   0.287057061142   0.956389228647
-0.953782508424   0.298371430383   -0.0356849570944
-0.295602841068   -0.91025970645   0.289907273405
-0.233006279669   -0.969088846513   0.0810856411412
-0.009748843639   0.0857041863864   0.996272930719
-0.972426364144   0.231347357885   -0.0294171092587
0.835219960685   -0.343486778822   0.429446678935
-0.549908918536   -0.517719951003   0.655413025243
-0.00279259526372   -0.783570599957   -0.621296480196
0.113429543094   0.409127143983   0.905399756355
0.993532269456   -0.0419096025752   -0.105533003178
-0.00523147222465   0.911514435029   -0.411234806928
0.778163089649   0.543317100743   0.315069411319
0.261525640648   0.175787272578   -0.949053830973
-0.571022368382   0.820917390997   -0.0053001856967
-0.165287343466   -0.373733196665   0.912690304431
0.104868558156   0.91351258334   0.393061503572
-0.980654210006   0.160680608012   -0.111799206654
0.478088192541   -0.436263192661   -0.762303159433
-0.868478127767   -0.105298996663   -0.484414969724
0.131062663422   0.89363669801   -0.429227247767
0.0837131878363   -0.985775356158   0.145736232193
-0.924114257503   -0.131517156412   -0.358770228208
0.372833664335   -0.1046431305   -0.92197878174
0.644356226635   0.591794317722   -0.484339280576
-0.167119639038   0.727013378448   0.665974904787
0.746241301085   -0.348182470941   0.567356050012
0.515888254956   0.828923094444   0.216207797952
0.828938468021   -0.546717087092   0.118158549906
0.216148848326   0.11826635269   -0.96917116403
-0.849106339231   0.484569458549   -0.210263797451
0.528139069999   0.771762573216   -0.354191548917
-0.00935667770654   -0.411794815928   -0.911228556486
-0.216602648607   0.855695991291   0.469965597788
0.708257950685   0.46905050551   -0.527600510397
-0.671903242965   0.218577203223   -0.707651071025
0.868898696947   -0.335416880227   0.364020014427
-0.46247842477   -0.812242088387   0.355494720742
0.176433446564   -0.477240302481   -0.860879162614
-0.12762288477   0.710187325238   0.692348439992
0.822393983916   0.465979513522   -0.32639121955
-0.554419096449   0.52772820282   -0.643523433488
-0.517819263886   -0.855476317013   0.00484571778966
-0.813933896103   0.494401786778   0.305087669377
-0.263391007298   0.154036178417   -0.952311941024
0.374845334738   -0.619308924266   0.68988943415
-0.73432201905   0.255908432059   0.628714598799
-0.56591708524   -0.742271736448   -0.358846097805
-0.389726905531   -0.267245418967   0.881301778704
-0.079492227719   0.963159217798   0.25691497991
-0.917493283266   0.0300700384227   -0.396612995187
-0.652888178115   0.750699203942   -0.100934295851
0.724239045818   0.65771880903   0.207083975141
0.221844160144   0.0621021211291   -0.973102510099
0.17384622379   -0.646765646414   -0.742611398438
-0.822332041524   -0.510228602452   0.251866605009
-0.541800243591   0.566887089158   -0.620557430208
-0.213265637756   -0.91168590948   0.35120730375
-0.882524854496   0.0255520483173   -0.469571053221
0.419127246726   -0.410092544777   -0.810034848491
0.247303675223   -0.967472814076   -0.0532658074679
-0.746961128172   -0.155344672558   -0.646465084679
0.617162835257   0.199660678984   -0.761081893128
-0.837840460171   -0.00229934675109   0.545910318879
0.41966464952   0.636847729418   0.64676622629
-0.349148886863   0.770986175317   -0.532611840117
0.809001926661   0.216611272412   0.546438870619
-0.46387587293   0.806226861822   0.367174919881
-0.361019469244   -0.550525025717   0.752719827616
-0.494710118239   -0.8316442479   -0.252249368344
-0.810877601552   0.546135107546   -0.210271157325
0.312633034398   0.100520093692   -0.94454025671
0.642362374383   -0.766400117756   0.00119978363358
-0.504367512537   -0.42155860549   0.753592565273
-0.57704765165   -0.484684641433   -0.657340707765
0.775666933287   -0.450004296843   0.44253467822
-0.615781450721   -0.693342387885   0.374285369883
0.138398025826   -0.56282543118   -0.81490706247
0.858062198451   0.381838636902   -0.343407220305
0.424829238732   -0.903482531408   0.0569160202231
-0.288529689125   -0.194726913417   -0.937460424596
-0.300705832355   -0.852853470943   -0.426868784831
0.0107158143189   0.444534745144   -0.895697511258
0.953656737871   -0.273915712309   -0.124535171107
0.633768843913   -0.175528874145   -0.75334365785
-0.67555392561   0.348789674361   -0.649594224608
0.376781031998   0.920616846138   0.102472808702
0.945182378334   -0.26919475577   0.184836292843
-0.254488816982   -0.25257460483   0.933510316505
-0.204611128037   -0.929376270655   -0.307236120634
0.826561836819   -0.374407740603   -0.420255129286
-0.344333766717   -0.927006685003   0.148636681402
-0.445230038309   0.0218506232504   -0.895149575909
0.134464097717   -0.47276567543   0.870868544937
-0.127809893063   0.863234362781   0.488355471095
-0.982641357597   -0.176971893386   0.0556498992892
0.478284197266   -0.326733165229   0.815162355232
-0.854698528642   0.0401402705859   0.51757046266
-0.201828273006   -0.944263838882   -0.260059898485
0.909197941918   0.402559790167   0.10632364625
0.299115986762   -0.809149948239   0.505772664077
0.289635510383   -0.428044362893   -0.856089536509
-0.0510394159905   -0.124622319533   0.990890637503
0.960950450627   0.264070951982   0.0827089097936
-0.27197281014   0.956418219083   0.106277846944
0.527147415776   0.213790195128   0.822441094858
0.724564460059   0.392586969354   -0.566464310188
-0.443984172312   0.89452178507   0.0520464290635
-0.806223707645   -0.262746751239   0.530063654616
-0.362145530937   0.927670367831   -0.0909851804977
-0.467818284864   -0.265314593193   -0.843062405154
-0.299072937477   0.826333194288   -0.47720941953
0.944273770782   0.328339954044   -0.0232361871275
0.137486086146   -0.457565652772   -0.87848235584
0.835420672572   0.544063408091   0.0778929253256
0.337677987662   -0.396277066376   -0.853778696917
-0.433642567661   0.739567099483   -0.514776290121
-0.371995961354   -0.893855691269   -0.250281856959
-0.562067949852   0.002329170237   0.82708777933
-0.738714169681   0.448348723821   -0.503274077777
0.417868720997   -0.907580829489   -0.0410215791896
-0.635525155315   -0.259745753614   -0.727076282413
0.649225314492   0.329892681686   -0.68533007347
0.0220090602085   0.65307200213   0.756975931788
0.976052067222   -0.1779408176   0.125137634257
0.21642080155   0.736093761331   -0.641348587893
0.106398922498   -0.18038046534   0.97782521804
0.809982025836   0.586114065812   0.0199854869509
-0.576722105639   0.789894416735   0.208466839795
0.453146566219   -0.729712029462   0.512033732856
-0.808252820797   -0.0940416081166   0.581277518589
-0.376012722122   -0.677256620493   -0.632406437982
-0.0978082930373   0.166741445807   0.981137517407
-0.58799568228   0.785710571082   -0.192145715825
-0.802928773575   -0.595698068437   0.0211942404127
0.311048823514   0.693294550883   0.650070223212
0.598428201506   -0.67425174138   0.432745048369
0.738330763976   0.254415516353   -0.624612222107
0.801849124312   0.564752141401   -0.195174282691
0.369660924838   -0.212228873612   0.904604723545
0.469455836569   -0.797504811267   -0.378942335354
0.884576062288   0.332728025419   0.326829085494
0.389107361708   -0.140134205478   -0.910471232656
-0.257139361219   0.932552660996   -0.253426287811
0.350889839679   -0.24746442207   0.903126613616
0.774275682542   0.619101554205   -0.131188539918
-0.526662593921   0.745301700918   0.408842129403
-0.505325953233   0.000326167607205   -0.862928487534
-0.836035978836   0.247519192493   0.4896714117
0.213751077365   0.968882935632   -0.124805184033
-0.744447398906   -0.268649432914   -0.611249173789
-0.24826467025   0.961218362344   -0.120099597825
0.619808618663   0.0623437413612   -0.782272672504
0.191676262515   -0.693192091983   -0.694798484457
-0.908881036783   0.141800812567   -0.392208860856
0.370399070418   0.706666295482   -0.602849297477
-0.309851529416   0.57586021921   -0.756556037375
-0.235549542459   0.72441851849   0.64786898608
0.921145180091   0.378949624631   -0.0888185747434
0.2675458805   -0.374492015285   -0.887792167298
0.0108664462909   0.922495098035   -0.3858558208
0.963483846347   0.0935869894188   0.250879160632
-0.51166897434   -0.841836631118   0.171772952411
-0.20085940428   0.311588788854   0.928745350654
-0.835374383366   0.440707968111   -0.328521120228
-0.66124464154   -0.72176787972   -0.20446674996
-0.66813190916   0.690568961072   -0.276973395775
0.341108891701   -0.0465364137947   -0.93887117657
-0.226878531535   0.965220016232   -0.129909399911
0.593968146564   0.242840152974   0.766961864088
0.771834161454   0.0968451359841   -0.628405161371
0.0162178320046   0.727332278815   -0.686093826031
0.925918332295   -0.269907854827   -0.26424418976
-0.377375441496   -0.630981383319   -0.677827610871
-0.873952855133   -0.468012781717   -0.131036037632
-0.485867548598   0.847884321891   0.212190720606
0.0117954325054   0.249110844488   -0.968403146905
0.522248499529   0.084700987897   0.848576600778
0.152300458513   0.969794827033   -0.190532316935
-0.839083473247   0.228743822013   0.493573893976
-0.646487189224   -0.00513409907415   -0.762907566612
0.223318776885   0.954904927647   -0.19566630534
0.729508764894   -0.296867344418   -0.616187261925
-0.0924143658197   0.825311408353   0.557064326839
0.848490346487   -0.22750280703   0.477814404049
0.521079376787   0.516820618823   -0.6792442352
0.26874114792   0.734449037759   -0.623187617297
0.526415221151   -0.653808246128   -0.543527177096
-0.806638215285   -0.181987329878   -0.562330331222
-0.0311014131783   0.982525870156   -0.183509172991
0.750749952822   0.144170078913   0.644662312133
0.659853931137   -0.117719594035   -0.742115143858
0.904894506971   -0.25140125531   -0.343457916027
0.280928187097   0.958967722134   0.0382133693794
0.31975816635   -0.131066077738   0.93839032301
0.882972729881   -0.232547565826   0.407775413574
-0.252089634239   0.497885367486   0.829795744236
-0.395992392094   -0.835482968391   0.380996371285
-0.875460008682   0.394398744852   -0.279319536118
0.481146548919   0.656887262937   -0.580514532337
-0.0454727573563   -0.642610888369   -0.764842123897
0.456884676001   0.705747267015   -0.541458389846
0.847974597849   -0.529424961586   0.0254615680975
-0.268692155147   -0.470775960673   -0.840341906971
0.413547972632   -0.392383920329   0.821591707237
0.817822231057   0.556701210749   -0.14577571931
-0.400181049929   0.732201216209   0.551122950221
-0.505537276195   -0.74827544149   -0.429553170219
-0.501756894042   0.659981147227   -0.559164470069
0.701906034782   -0.0671472186281   -0.709097432919
0.879727634182   0.4243933195   -0.214405223864
0.25346049853   -0.0370515222113   0.96663589856
0.402289777824   -0.904719567084   -0.140162190311
0.00192591801058   0.999575077774   0.0290853009961
0.999462779094   -0.000972466606655   -0.0327598460702
-0.0327176411995   0.0291327685419   -0.999039958036
0.178839042727   -0.883046483725   -0.433872682199
-0.674860013111   0.210795908301   -0.707198025824
0.715947316136   0.419277941951   -0.558234223132
0.635288854847   -0.676980371262   0.37162568242
-0.769691191767   -0.594362475652   0.233042307004
0.0631152931033   -0.434086194741   -0.898657685281
0.28119433707   -0.845552902364   0.453839216132
-0.582393667712   -0.526236179352   -0.61959107429
0.762723646286   -0.0900875842476   -0.640419289645
-0.935846851276   0.168971311082   0.309256151094
0.337276970977   0.683827494739   0.647011748183
-0.102151435659   0.709808885172   -0.696947939752
-0.225680417524   0.599996984428   0.767510239555
0.895410941036   0.438135994238   -0.0792218229138
-0.383806716744   0.669358251782   -0.636122578557
0.713009127843   0.496612089038   0.494969106747
0.655306659587   -0.220904607343   -0.722339488298
-0.249381566106   0.839391200499   -0.482940210596
0.370150436912   0.302995744514   -0.878169820058
-0.587187181144   0.808835205906   0.0315725194828
0.719861006274   0.503963479325   0.477305921976
0.99990452084   -0.00975887348598   -0.0097833323549
0.010071925384   0.999421732558   0.032477019722
0.00946073584565   -0.0325724558369   0.999424599256
0.728769697774   -0.628830360116   0.271048161409
-0.407768857621   -0.716525730899   -0.565964164691
0.550108431458   0.301932534114   -0.778599677936
0.987538001344   -0.000948295567827   -0.157377878486
-0.0766610712768   0.870428632772   -0.486289086245
0.137447357384   0.492293709066   0.859508654966
