0.0614449982296   0.329588558295   -0.942123078175
0.579048344104   0.757053642129   0.302609976915
0.812974493683   -0.564128677856   -0.144330549216
0.586740272678   -0.343451954437   0.733332535356
0.600968204391   0.791658046797   -0.110067044356
-0.542745861089   0.505290304612   0.670901362598
0.913276618247   0.194674856564   0.357809333003
-0.105658627096   0.961554837277   -0.253472975736
-0.393398110167   0.19368529921   0.898734628123
-0.59852795384   -0.616034535847   0.512118872051
-0.801101713082   0.46071929796   -0.382065143377
-0.000577723939176   -0.638935974202   -0.769259700687
0.708406568509   -0.297593534297   -0.639998610965
-0.125231941268   0.83937997702   -0.528921747581
0.694605711594   0.454839908674   0.557354073187
0.0232629767877   -0.556904254066   -0.830250857101
-0.995645644377   -0.0878927430125   0.0310582768434
-0.0902695117161   0.825913141639   -0.556523941737
-0.781011011128   0.314847213097   -0.539345003599
0.620475558215   0.293100431829   -0.727394128737
-0.0709357607955   -0.90275321615   -0.424269664925
-0.964125129497   -0.264542464745   0.0219093364212
-0.183618475261   0.605034069609   -0.774737394319
0.191695044846   -0.75096674957   -0.63190343473
-0.834879588526   0.527651989186   0.156714552515
0.533539979472   0.845758482108   -0.00526120208988
-0.135318745808   0.0792210088961   -0.987629925014
0.812201113263   -0.413707197549   -0.411309744974
-0.498670427596   -0.858238400389   -0.121468731538
-0.302749329076   0.303765045382   -0.903365729342
0.569035458736   0.298144803491   -0.766360439253
0.551015833704   0.553533852182   0.62448524842
0.610393477773   -0.777630986161   0.150697882042
0.2677419996   0.217483026343   -0.93862418193
0.353221455655   0.884208332961   0.305630867531
0.896408849196   -0.413372419466   0.159920035985
-0.171095639281   0.916263398725   0.362198379868
0.847685319051   -0.0504651722259   0.528093615053
0.502151254192   0.397384763864   -0.768068660581
-0.605374854082   -0.510416449293   -0.610734258363
-0.726960860041   0.667022410825   0.163122688262
0.324112934045   0.54273027532   -0.77485137558
0.664405936954   0.720705907312   0.197857893716
0.315170249389   -0.0301393451693   -0.948556447331
-0.677666927657   0.692585456849   -0.24716982041
0.88787309052   -0.290591926061   0.356703949571
0.0258342185085   0.805559281807   0.591951718174
-0.459362567353   -0.516362833678   0.722741624449
-0.306656109119   -0.520389708219   -0.796967114955
-0.861656552508   -0.20393883849   0.464711669398
-0.404363717783   0.829218609134   -0.385858111235
0.651529903634   -0.709530471311   0.268468424496
-0.677688667076   -0.703406160066   -0.214377807848
0.340949930615   -0.0422644562602   -0.939130907036
0.0653301243377   0.911831489146   -0.40533357899
0.965662776593   -0.16012937965   -0.204582461798
-0.25145054535   -0.378050151667   -0.890982999876
0.45296948478   0.246810913616   0.856681398641
0.749774535228   0.41442525393   -0.51583898188
-0.482345096566   0.875977215357   0.00266945570656
0.840981354903   -0.408190726211   -0.355148830411
-0.322926234768   0.147997940315   -0.934780860182
0.434130173571   0.90082014892   -0.00735198591383
-0.527351838601   -0.172271202379   0.831999201412
-0.462691680369   0.879522539562   -0.111159845805
-0.712612410246   -0.443579457632   -0.543526280437
0.978362289125   -0.200245564021   -0.0520475293164
-0.110358832848   -0.717857342878   0.687387636844
-0.175009026139   -0.666770237311   -0.724423419971
-0.427222978156   0.726767050185   0.537857027195
0.578380623526   -0.237561335087   0.780410447395
0.694950632252   0.644495358276   -0.318856318574
-0.0327434797261   0.735565656644   -0.676661680088
0.746250522495   0.468360452991   0.473020764606
0.664859400331   -0.489470786502   -0.564252006597
0.82303120621   -0.367597576715   0.433003066037
0.220035147935   0.909152042517   0.35359170983
-0.523645077584   -0.195741117756   0.829144889354
-0.00310301253644   -0.593319573918   0.804961026709
-0.506041292819   0.695220195569   0.510481233382
-0.862503670297   -0.405759488958   -0.302401481222
0.829275365172   0.00933451263381   0.558762235296
-0.194820286737   0.941964027655   0.273402316155
-0.523781848287   -0.335584024466   0.78296611544
-0.886795551558   -0.454769192511   -0.0823324436436
-0.257706413452   0.634456560127   -0.728733337906
0.383641830617   -0.625019883566   -0.679830192728
-0.860751181488   0.445104300265   -0.246960655675
0.365868396193   0.878296919858   0.307790248765
0.35390354651   0.17457572126   -0.918844707942
0.872544699305   -0.456651004619   -0.173596105067
-0.204854611091   -0.6645924328   0.718576013079
-0.44350911606   -0.591427728669   -0.673433668394
-0.290730607535   0.46750337633   -0.834815133405
0.892293092501   -0.182475477431   -0.41293551217
-0.345382036181   -0.864952769379   -0.364098827006
0.994982798062   0.0581751335297   -0.0813933989879
0.09977889225   -0.517594083283   0.849788525229
0.00730781919274   -0.853646307781   -0.520801859626
0.0849889703879   -0.40802895151   -0.909004537746
-0.809420344041   0.503743890981   -0.301795955824
0.581046970189   0.761416093229   -0.287454259676
-0.352897311408   0.909072570414   -0.22147358607
0.908830578667   0.276757691375   -0.312141249352
-0.222464529499   -0.311435775063   -0.923859995418
-0.609452503494   -0.668569909591   -0.426124303433
-0.27274303997   0.681474542944   -0.67911978433
0.74443191773   -0.297668814808   -0.597674155839
0.901890955285   -0.320423879311   0.289691633193
-0.422336790138   -0.513302019372   0.747096160212
-0.0906881495606   -0.796146704116   -0.598269241273
-0.0227118336183   -0.0615622930756   0.997844805909
0.787324845369   0.61400795614   0.0558015919014
-0.616119923775   0.786895363988   0.0345242763374
-0.57567719478   0.752112563017   0.320815305063
0.408183945357   -0.0756312177935   0.909761389403
0.708506622526   0.654680541522   -0.263461106027
-0.28564314343   0.925885692066   0.24727248096
0.863592815716   0.360549158991   -0.352436877461
-0.415470147249   0.112871560543   -0.902576626977
-0.72662600631   -0.11445973709   -0.677431631645
-0.617526787536   0.540978710433   0.570966462708
0.301123419286   0.833211259794   -0.463771153611
0.671180824306   -0.737850393426   0.0713659442899
-0.218459148839   -0.288874848201   -0.932108857572
0.7083727136   0.610023047923   -0.355077427655
0.0547190097218   0.290400720557   0.955339338388
-0.955356570466   0.29343670489   -0.0344778695362
-0.290344025664   -0.910803119078   0.293492802361
-0.230550133885   -0.969783975326   0.0797851926528
-0.0114387844074   0.0846895104124   0.996341729046
-0.972993211681   0.228794073409   -0.0306183277801
0.833024464166   -0.332079198083   0.442485760565
-0.553057219817   -0.520200426676   0.650783549043
0.0140696023509   -0.786838561776   -0.616998479742
0.112536124128   0.403645454595   0.907968043353
0.993647248944   -0.0465196377861   -0.10247471867
0.000874890096204   0.913732056067   -0.406316335239
0.77854852315   0.542877053805   0.314875692222
0.261735575103   0.175140177514   -0.949115591984
-0.570400460928   0.821346712828   -0.00573511134013
-0.164694125686   -0.369190623608   0.91464426331
0.0956762119306   0.916954387207   0.387350892929
-0.981693387691   0.151304115022   -0.115694240748
0.474983396025   -0.442140822985   -0.760856271676
-0.8689642391   -0.0991894214133   -0.484832558562
0.138895373085   0.891444306351   -0.431317892053
0.0845947083311   0.984646731028   -0.152691029198
0.921363117035   -0.13564532649   -0.364266869161
-0.379386006449   -0.109868833054   -0.91869205811
0.643381291287   0.587573097743   -0.49073248194
-0.16137162005   0.730711080871   0.663340422811
0.748344649386   -0.347590522169   0.564943461449
0.511914761637   0.829518389328   0.223254380882
0.829458878588   -0.544913864126   0.122747095331
0.223475380184   0.122344278358   -0.967000843847
-0.847190600902   0.487177308903   -0.211958381371
0.531171195785   0.768274127778   -0.357228253859
-0.0111913588061   -0.415226605935   -0.909649173699
-0.217503982799   0.855120200108   0.470596919704
0.708552694646   0.469928754152   -0.52642192672
-0.671301047502   0.218943849855   -0.708109097692
0.871070168337   -0.341382888819   0.353121062889
-0.462929895722   -0.810871723603   0.358026478784
0.164111771304   -0.475336481964   -0.864362513901
-0.124891250367   0.692234937802   0.710783347065
0.838415861194   0.45669916916   -0.297463800463
-0.530528999469   0.558781406073   -0.637418481804
-0.517628421777   -0.855601362434   -0.0026693771829
-0.811469374648   0.489935233218   0.318560702631
-0.271253149256   0.167062191576   -0.947898704066
0.369123078703   -0.617064447387   0.694967352143
-0.736858766085   0.261395517195   0.623467354751
-0.566380889171   -0.742228975025   -0.35820222923
-0.391828461716   -0.264687001795   0.881142013339
-0.0663305174166   0.963357952297   0.259887895457
-0.917644113504   0.043384868633   -0.395027890313
-0.651247004728   0.752551292129   -0.0976928428715
0.724759692836   0.654962405972   0.213886966419
0.224946052361   0.0684894114387   -0.971961148425
0.170096016856   -0.652206187354   -0.738711333491
-0.826571344307   -0.50256740584   0.253388664625
-0.53651389341   0.567497217409   -0.624579658982
-0.203167751428   -0.913389772144   0.352763361086
-0.884419101208   0.0165944146857   -0.466398412113
0.420149637867   -0.406747771408   -0.811190811251
0.242051049353   -0.969135060195   -0.0467816695904
-0.742726157402   -0.154047785413   -0.651634203308
0.624314940249   0.192474712397   -0.757089387372
-0.836748237638   0.000630744085403   0.547587425936
0.423479972198   0.634717687664   0.646373088957
-0.347155728785   0.772743850925   -0.531366014051
0.8087438987   0.216014076633   0.547056875483
-0.463700205799   0.806357368372   0.367110219981
-0.361822367272   -0.550568536305   0.752302373632
-0.475335259445   -0.843086750514   -0.25151763807
-0.823554267312   0.526955277789   -0.209944049713
0.3095395935   0.107344614799   -0.944808114784
0.644877464729   -0.764281265777   -0.00268370379833
-0.500453178258   -0.424915999836   0.754316252943
-0.577650129279   -0.485098484707   -0.656505741238
0.773905337494   -0.447863257567   0.447760015097
-0.616838794583   -0.693229115336   0.372750982757
0.14345880975   -0.564669723087   -0.8127531444
0.858443476565   0.379019249005   -0.345570841401
0.422383901586   -0.904618014797   0.057079654748
-0.290975320643   -0.194963217528   -0.936655062756
-0.30340256998   -0.848325352651   -0.433925081747
0.00989212927893   0.452562340713   -0.891677897866
0.95281111785   -0.274829808817   -0.128916833186
0.631820214287   -0.170874914751   -0.756045620532
-0.678596907789   0.349425570569   -0.646071209208
0.374579035126   0.921251070087   0.104818950106
0.946247022562   -0.270605426099   0.1771701884
-0.247551203026   -0.25336562076   0.935160020584
-0.208170541077   -0.928751078376   -0.30673516304
0.820432481226   -0.373535370431   -0.432853174628
-0.342818308597   -0.92727965319   0.150426234651
-0.457565460934   0.0249754242607   -0.88882511055
0.138677081667   -0.492985189139   0.858914588483
-0.115221387895   0.853373059112   0.50840776327
-0.983612067225   -0.169469835875   0.0615408477073
0.0376949769564   0.853468119957   0.519780008199
0.32562385797   0.481269005705   -0.813848417868
-0.944747686861   0.199930768921   -0.259768157794
0.909638935391   0.403792112055   0.0975137808874
0.304729591796   -0.8081820268   0.503965958616
0.282306363912   -0.428711723424   -0.858201243937
-0.0581016404645   -0.133213126464   0.98938286943
0.959855666444   0.264962639054   0.0920429220926
-0.274410821543   0.955012598267   0.112470610287
0.523712310224   0.211302705683   0.825273641097
0.726774097585   0.394579717467   -0.56223327689
-0.444437652769   0.894235994094   0.0530769221625
-0.805029655979   -0.278868507472   0.523602529155
-0.353767517276   0.934183300706   -0.0463692182592
-0.476209824256   -0.222562162601   -0.850699880724
-0.27543551772   0.83392538982   -0.47822977719
0.952506621953   0.303951008079   -0.0185720172084
0.12987074618   -0.460632422764   -0.87803835929
0.834432618271   0.545114297072   0.081071626924
0.340870115639   -0.394902775268   -0.85314674139
-0.433047075765   0.739528364032   -0.515332930209
-0.373339893944   -0.894519621053   -0.245869825603
-0.563487237953   0.00811935604124   0.826084867748
-0.736952818201   0.446954945838   -0.507081670086
0.420259021043   -0.906611043231   -0.0379311418121
-0.63338356811   -0.263158049513   -0.727717731416
0.649775046364   0.329854903343   -0.684827081717
0.0160303324157   0.647988160171   0.761481695603
0.974978552814   -0.179009435403   0.131804565972
0.221720206597   0.740315450559   -0.634644139405
0.103641674956   -0.186496479992   0.97697362613
0.810741889617   0.584842246548   0.0256346458777
-0.576156221544   0.789416626123   0.211814538616
0.452792440755   -0.729004903672   0.513352565024
-0.808971029193   -0.0938127818136   0.580314600793
-0.374893157475   -0.678049417365   -0.632221565662
-0.09785330071   0.161727869616   0.981971907811
-0.582511376323   0.790716580698   -0.188275822832
-0.806910917013   -0.590433218237   0.0168340965725
0.307848570619   0.699008598585   0.64545816028
0.604902149795   -0.667437040827   0.434305406028
0.734385897701   0.256738730299   -0.628301343005
0.800675332181   0.565993905315   -0.196392239108
0.371008969789   -0.21105306645   0.904327898203
0.4703948945   -0.796936322599   -0.378973799806
0.881941901542   0.339560861267   0.326920332494
0.390450020104   -0.137740146409   -0.910261739197
-0.264059205677   0.930444019563   -0.254060351751
0.351755290835   -0.241259713153   0.904467780621
0.770369329054   0.623510848366   -0.133286604069
-0.53178878535   0.743658505485   0.405182323154
-0.503218300917   -0.00390818319141   -0.864150489041
-0.837772017684   0.247434466075   0.486738360288
0.211918352183   0.96889674945   -0.127787718118
-0.748319424879   -0.253153131927   -0.613132555117
-0.238467875683   0.965186263951   -0.107464171456
0.618992011755   0.0657948909521   -0.782636519534
0.187557789378   -0.709733624687   -0.679043634557
-0.900087014074   0.152603294265   -0.408112241516
0.393275276034   0.687742987291   -0.610200082509
-0.309024004345   0.587188625043   -0.748140149515
-0.240937859433   0.712645764332   0.658851244563
0.920028865084   0.38385613606   -0.0787486773628
0.267027945391   -0.376822389754   -0.886961646837
0.0165882578819   0.922042764833   -0.386732426258
0.963546006209   0.0885552166705   0.252462012032
-0.51277202558   -0.838985779568   0.182120046865
-0.20859586966   0.327527388432   0.921527847105
-0.832798062526   0.434544211228   -0.342955850721
-0.659004273439   -0.723461928735   -0.205709030577
-0.669842836968   0.688913896239   -0.276962483616
0.34208762233   -0.0447267396536   -0.938602992435
-0.22894509406   0.964648658036   -0.130526282668
0.592095958304   0.244430030588   0.76790385877
0.772661970125   0.0985237367505   -0.627125627953
0.0278929336176   0.725138492335   -0.688037899532
0.92416574555   -0.281034216508   -0.25872271626
-0.380971992422   -0.628644522836   -0.677987024142
-0.866105111874   -0.483681482632   -0.126151331917
-0.499585272136   0.846000859019   0.186271582384
0.0166280200286   0.224354117185   -0.974365813774
0.522198552123   0.10877000203   0.8458591838
0.129882045067   0.970120223757   -0.204932686087
-0.842875629337   0.216877472588   0.492468105925
-0.647344601281   -0.0190194513999   -0.7619601221
0.22644132799   0.949753081958   -0.216086575911
0.727783822422   -0.312421740247   -0.610510740323
-0.0964996077992   0.825171642986   0.556578462843
0.848417022271   -0.224205093107   0.479500398894
0.520457858054   0.518482242541   -0.678453964651
0.273088037534   0.741540173001   -0.612814079131
0.536473720831   -0.64616665322   -0.542830178899
-0.798510407329   -0.18051822094   -0.574277199003
-0.083282926856   0.97638437335   -0.199342693692
0.741413255995   0.194371485414   0.6422819548
0.66586059944   -0.0943041945159   -0.740092143548
0.905201671089   -0.253545608677   -0.341063863489
0.283657195121   0.958065064445   0.040619305081
0.316462525923   -0.133513881713   0.939162133541
0.883867373763   -0.234077305134   0.404952195721
-0.249148470421   0.497107393519   0.831149372252
-0.395857935736   -0.835519033014   0.381057003853
-0.876919993961   0.3960675123   -0.272290010628
0.479248659291   0.67751911227   -0.557932410849
-0.0364972157163   -0.619756708885   -0.783944880099
0.464626828842   0.702155090827   -0.539536966615
0.843818693531   -0.535825909549   0.0293361057418
-0.268499389881   -0.468901720063   -0.841450684563
0.41409880452   -0.38930371197   0.822778706541
0.81683756046   0.557772498495   -0.147194564237
-0.401619944615   0.733029644534   0.548970819186
-0.500686689521   -0.755734564646   -0.422111486147
-0.501250078204   0.650682529897   -0.570403895839
0.705734509599   -0.0740102228551   -0.704600091453
0.878351378731   0.425659512798   -0.21751513659
0.256380542634   -0.0354479144424   0.965925702485
0.403445005967   -0.90418882128   -0.140266541392
0.0084345989668   0.999569721881   0.0280932134305
0.99942789849   -0.00750655443209   -0.0329776797699
-0.0327526069601   0.0283552947644   -0.99906118131
0.182424584645   -0.879573768771   -0.439398743975
-0.681480870721   0.209025702092   -0.701350182652
0.708734854341   0.4273853544   -0.561281270922
0.631496858189   -0.680601609418   0.371474315874
-0.772988646471   -0.590183987661   0.232747530884
0.0608298489492   -0.434124763131   -0.898796650812
0.281590630838   -0.839998515943   0.46379867382
-0.573658206891   -0.534840049512   -0.620372777532
0.769170318128   -0.0913707538023   -0.632477989386
-0.935981576597   0.169438783064   0.308591942675
0.336595654554   0.687561911004   0.643398775158
-0.10315936034   0.706080106881   -0.700577639564
-0.224028422305   0.618565606062   0.753118753581
0.886511169092   0.450357721314   -0.10618789916
-0.404857027941   0.643859079186   -0.649258248368
0.709591013005   0.49454849643   0.501898773602
0.66046243289   -0.218655776446   -0.718316800703
-0.245499427709   0.841196431346   -0.481786877042
0.37109874042   0.301278738013   -0.878360317228
-0.587866423499   0.808440610761   0.0289283078644
0.718817635414   0.505623279621   0.477122946549
0.999897436805   -0.0099807778795   -0.0102713165282
0.0103238379816   0.999371659369   0.0339072974302
0.00992644143858   -0.0340098591972   0.999372200553
0.729934826821   -0.6224898067   0.282314698783
-0.396116567321   -0.721850652999   -0.567470968297
0.55703394303   0.302387293584   -0.773482456809
0.988145574759   -0.00281908730097   -0.153493895093
-0.0733718363114   0.869577145346   -0.488315637604
0.134851387536   0.493789065329   0.859061966473
