0.116425657808   0.715005053931   -0.689356839351
0.217850243159   0.658790718186   0.720094484197
0.969013080749   -0.234014032631   -0.0790638831997
0.759353338376   0.458545891615   -0.461647238512
-0.019719086033   0.725377427546   0.688068852155
0.650379631591   -0.513384118319   0.559859877069
0.902911236359   -0.00111993180353   0.429825598383
0.0666475864644   0.988266993259   -0.137427978432
-0.424628541776   0.152732104648   0.892392013487
-0.0740245064423   0.803155348154   -0.591152996692
0.97197156615   -0.0745317489379   -0.222971521318
-0.22314043417   -0.59108925845   -0.775126986776
0.725669254704   -0.33371554408   -0.601695994358
-0.0766562314958   0.829845163598   -0.552703200078
0.683760159822   0.447203466939   0.576611745341
-0.457836288944   -0.70386473113   0.543102547808
-0.741591746882   0.639286751984   0.203357150949
-0.490334190242   -0.309656083675   -0.814668949633
-0.764822026479   -0.392622815793   -0.510778419429
-0.643750296918   0.434794886035   0.629713397309
-0.025156002313   0.810432435217   -0.585291760384
-0.91262914396   -0.405068665545   -0.0550223110318
-0.322218541731   0.629984062844   0.706608306133
-0.251561701939   0.66260053058   -0.705462455662
-0.959321984765   -0.154927361171   -0.236006021951
-0.279928905767   0.63044620375   0.724000961263
0.0366215421917   0.760614946576   -0.648169550171
-0.943042278216   0.118031478762   -0.311030067161
0.322280796606   0.555994832825   -0.766162387859
0.0824998230073   -0.822762594223   -0.562365885483
0.995772386134   -0.057421805197   -0.071694430015
-0.0637852991562   0.12937605487   -0.989541950086
0.0660968276002   0.989931599484   0.125166435844
0.835421741697   -0.348231077363   0.425212451914
-0.322915723023   0.315050596094   0.892450869002
-0.444742564107   -0.88288064568   0.150750827587
-0.340131198264   -0.712473623738   -0.613752481537
-0.593288646963   -0.343794121687   0.727883361838
-0.72960218921   0.611708216826   -0.305767408306
0.613700885383   0.789405496285   0.0144978656563
0.662083965937   -0.504541099083   -0.554150801414
-0.430134918047   0.349681642488   -0.832290041114
-0.0586002786587   -0.273919563699   0.959965583177
-0.745368484603   0.651688819037   0.140454451549
-0.664072037072   -0.707297464595   -0.242360144128
0.817126614209   0.246842010047   -0.520934850488
0.0257084532224   0.887178283007   0.460710071096
0.575884686208   -0.389850889767   0.718591060324
-0.0100682110881   0.998628630872   -0.0513759777027
0.874425717291   -0.0161299799258   -0.484891215696
-0.485054943715   -0.0498064626446   -0.873064156994
0.778657978726   0.617845387951   -0.109356427919
0.62558041868   -0.777896915778   0.0593761294818
-0.0483827603964   -0.114644936983   -0.992227616563
0.35664383132   -0.934159871563   -0.0122683279466
-0.92711352511   -0.352273688782   -0.127920911504
0.115176773125   0.0569963367506   -0.991708489582
0.376608428661   -0.620520925717   0.687837089482
-0.425012024881   0.544010975999   0.723475520656
-0.823122627333   -0.564806011856   -0.0588497361006
0.193818890478   -0.229682202914   -0.953771619306
-0.570152944464   0.764790449308   -0.300035301715
0.798348192237   0.601948210414   0.0172768528352
-0.575602757057   -0.233046184595   -0.783818178826
-0.246013662546   0.96347477095   -0.105800016447
0.779845330468   0.131931199817   -0.611911279928
-0.423225193857   0.797192220935   0.430540249962
0.499953526578   0.601787077443   -0.622815188584
-0.755596992595   -0.0483409841571   -0.653250509333
-0.0103986790564   0.929117790178   0.369637660942
0.857130706771   -0.182099617091   0.481836779483
0.51499399989   0.321838255227   -0.794481792878
-0.209656738455   0.679817710598   0.702774448701
0.656240630491   0.63065250901   -0.414277257096
-0.724839485873   0.37433312866   -0.578344551158
0.844199273449   -0.255361964477   -0.471293807878
0.0733622199595   0.925999937748   -0.370327017315
0.530985471485   0.27805463882   0.800462395313
-0.0222403292187   -0.794437401359   0.606938718586
-0.22959151651   0.594922168447   0.770295630884
-0.97303295337   -0.12221636034   -0.195627355474
0.784266000572   -0.348741899719   -0.513133439335
0.288481853273   0.937201360529   -0.196040378023
0.549276851429   0.00571811715376   0.835620872606
0.720713027811   -0.691990102353   -0.0415021469622
-0.67527988882   -0.687251781257   -0.267735039406
0.156747573224   0.220985695955   -0.962598311508
-0.367474221098   -0.92206019204   -0.121522447458
-0.838134728176   0.384957854533   -0.386442273084
0.403104056549   -0.040155388874   -0.914272756321
0.800705888544   -0.592350521747   -0.089391938896
-0.483637989225   -0.551142241821   -0.679953206893
0.353502976977   0.587675869482   -0.727786052529
-0.734592036047   -0.270729433827   0.622157748918
-0.678492749439   0.286720808664   -0.676342242244
0.00472015227037   -0.918965077326   -0.39431082617
0.671648640381   0.278877912463   -0.686378325129
0.739821907105   -0.301721924962   0.601354630514
-0.0393908750159   -0.911696745532   -0.408971106823
-0.274593079567   -0.0213514845835   0.961323445019
-0.537103689552   0.832655320983   -0.134924959059
-0.797570234216   -0.553379826171   -0.240109350839
-0.517500030374   -0.848931139745   0.10728298147
-0.844862294322   0.487047837122   -0.221341608935
0.135651840295   -0.205183635273   -0.969277180942
-0.221897507888   -0.856299577458   0.466382408093
-0.738068977305   0.460070067518   0.493548099952
-0.637193613961   -0.23470529579   -0.734096555075
-0.208917221597   -0.0867958626751   -0.974074035404
-0.972853708911   0.119836443718   0.197977270721
0.0995460159135   0.988992323977   -0.109475636064
0.00626626021196   -0.299839515386   -0.95396907521
-0.52805146367   0.809139916842   -0.25778721109
0.849189250498   0.505360128521   -0.153260413659
0.763738910399   0.623559320022   -0.166963021529
0.547143010701   -0.762562308879   -0.345156843273
-0.342545474332   0.172257060904   -0.923574630507
-0.218386333477   -0.762436165436   0.609096463658
-0.975778074882   0.178814137007   -0.12602639544
-0.0128279765883   -0.621865417438   -0.783019057385
-0.653084915082   -0.717360005723   -0.242640719049
-0.223132849663   0.4884701298   -0.843568967322
0.723665411466   -0.496781132308   -0.479079014633
-0.146165025354   -0.969930016035   -0.194606164283
0.0141032412053   0.194655822504   -0.980770215826
0.989159690732   -0.146098876311   -0.0147727202756
-0.050073472512   -0.832958339085   0.551065368305
0.243449425027   0.524935169928   0.815582883064
-0.968620158912   0.174995620064   0.176497906114
-0.504165719191   -0.214255310699   0.836607193731
-0.495172785344   0.865395253337   -0.0767787001539
-0.707545650414   -0.452974301678   -0.542396019487
0.496345309079   -0.862785053424   -0.0961418135624
-0.370015580078   -0.310436018027   0.87562426407
-0.785321441975   -0.399038009364   -0.473327360681
-0.185190315754   0.412756748331   0.891816334892
0.950425507537   0.305908722852   0.0557780007969
-0.249791639367   0.857934553131   -0.448945868013
0.0722171340347   0.97041294095   0.230398344554
-0.673635968314   0.217808742552   -0.706239281969
-0.735526515723   -0.104202040467   0.669434593525
0.372019443672   0.900352119806   -0.225760017358
0.052616385525   0.222371194661   0.973541245809
0.926732453867   -0.374054944731   0.0353531368505
-0.172517132311   -0.658759269946   -0.732307360854
-0.655536023749   0.631688328037   -0.413814427161
0.735194102308   0.40866377723   -0.540817491296
0.690605829593   0.712099611473   0.126403061351
0.675496916913   -0.697540002879   0.239043663473
0.258394090142   -0.0797000699203   -0.962746284622
0.499487226075   -0.250958278326   -0.829175769717
-0.0154641931576   0.954387410985   -0.298170301687
0.866183221539   0.161754791637   0.472823453156
-0.373811971022   0.610414851411   0.698325376179
0.619830392345   -0.395690670265   0.677671889554
0.689981816111   0.686165150925   -0.230439773928
0.892816657431   0.449126439268   0.0341153678141
0.442541895776   -0.888784734837   0.119240829488
0.0838754269934   -0.091362719338   -0.992279082019
-0.17686831919   -0.501586169211   0.846834652087
-0.964906368028   0.258040849405   -0.0486891232032
-0.194096146426   -0.825727706109   -0.529622942658
0.563062637256   -0.631068674723   0.533584860489
-0.810857652599   -0.546561842178   0.209236832015
0.159594306859   -0.550474806356   -0.819455418191
0.146362305947   -0.964282098962   0.220767199625
-0.574791201202   0.0987327629596   0.812321959937
-0.805104463924   -0.24578837482   -0.539810117074
-0.394933536048   -0.645545272527   -0.653680990731
-0.79549592157   -0.115646761354   0.594821059549
-0.459579998793   0.754915329845   -0.467855859955
0.179049922013   -0.648613696283   0.739757589692
-0.695436443555   0.448426691671   0.561499406358
-0.695923251149   -0.61499081567   -0.370778837898
0.461166733392   0.886457333724   -0.0389698116154
0.203957524953   -0.0631584292486   0.976940302211
0.863554618276   -0.458480557446   -0.20992621271
-0.928416863381   0.37141468101   -0.00965643589186
0.202938508676   0.485167393715   -0.850546034946
-0.311220297731   -0.791620951338   -0.525811927602
-0.406125154644   0.910699285394   0.0754265836829
0.870272953917   0.410628679891   -0.272046085411
-0.278724494124   -0.0448430428148   -0.959323593341
-0.983190764445   -0.169368700134   -0.0681919164338
-0.178921806488   0.96816389586   0.175059011448
0.0363714340512   0.18431742658   -0.982193554448
0.122043591784   -0.966031295155   0.227791326153
-0.842404072116   0.0205431001881   0.538454593183
-0.524843529798   -0.257607271675   -0.811281542828
0.144666881097   0.769094511475   -0.622547286626
0.989444690739   -0.10709501014   0.097621003781
0.00840806957503   -0.630098634208   -0.776469581952
0.882361466253   -0.418901787219   0.214381752084
0.204436501451   0.751581410307   0.62716114416
-0.423844263659   -0.509555371411   0.748805290994
0.904104274064   0.413174370149   0.109006431532
0.425798456729   -0.849644930898   -0.311125662845
-0.0359323880427   0.327704811813   -0.944096622636
0.897812428546   0.218869277168   0.382137518435
0.425795425016   -0.652896375022   -0.626438013644
0.112388164498   0.725136241278   -0.679372017066
0.301715471377   -0.836649502188   -0.457149194203
-0.943912930641   -0.194666512501   -0.266708323618
0.134149747074   0.511979063055   -0.84845818214
0.250426966   0.944568080714   -0.212314575623
0.899500494139   -0.308110262022   -0.309785302197
-0.358029606553   -0.113398471378   -0.926798573761
-0.349700943541   -0.837697532682   -0.419490295742
0.0878651588548   0.416461915569   -0.904897338356
0.932731997062   -0.353302027794   -0.0720327026353
0.497808679203   -0.847127639897   -0.185906683004
0.141621607997   0.290876215023   -0.946221098721
0.855645869043   0.44470867907   0.264772276245
-0.208884656558   -0.846362328324   -0.489936760015
0.280439880485   0.428105705986   -0.859115235051
0.936867489591   -0.316853787822   0.147929029398
-0.867655202695   0.365448921366   0.337077926392
0.451916103586   0.29712183011   0.841124515687
0.207234837582   0.882137008317   -0.42295155229
0.13338216271   0.838707231848   0.527995585262
-0.359592389136   0.537406285585   -0.762815689805
-0.923527190984   -0.0881172070711   0.373273166067
0.803740751225   -0.219905384348   -0.552849374194
-0.593881076864   -0.240075343036   -0.767899160154
0.0361396617888   0.945518627822   -0.323555984116
-0.725229079715   0.634364998458   0.267626282777
0.304626242407   0.644229675543   -0.701548983948
-0.617450913788   -0.427257736236   -0.660458320095
0.317468835505   0.174354771604   0.932101907833
0.932194111667   0.12283764692   -0.340477707473
-0.173861126016   0.976990964509   -0.123535371334
0.627133198286   0.53062742871   -0.570209150601
0.443573827602   0.358458496212   0.821431526093
0.640270413962   -0.76807683502   -0.0105712163596
0.283334145104   -0.745865510805   -0.602831980697
-0.958913583122   -0.229753297003   -0.166427623735
-0.0143700126927   0.625218404742   -0.780317522898
-0.762962327842   -0.321525777467   -0.560811622263
-0.63461627977   0.537722991561   0.5550821252
0.123088093218   0.779406930101   -0.614307880712
0.875656796694   -0.437130858202   0.205284651367
-0.39797298635   -0.412366410901   0.819494634055
-0.273573897539   -0.799293791992   -0.535057723504
-0.292007057891   -0.949688630572   -0.113240392589
-0.860988764149   0.312577584265   -0.401240082292
0.416449552239   -0.0196662297156   -0.9089461012
-0.286083838638   -0.443630785166   -0.849321944642
-0.946676133923   0.267938290131   0.178922808046
0.148190204326   0.855219737981   -0.49662749154
-0.00107898522749   0.828346853484   -0.560214554334
0.998090079051   0.035494355138   0.0505605069961
0.0617660963973   -0.559090029504   -0.8268030758
-0.0345127119029   -0.235711217161   0.971210125013
0.4224749971   0.877249834137   0.22792017631
-0.905717263636   0.41817813435   0.0693058236683
-0.173196767104   0.899370915354   -0.401415517479
0.502310422102   0.431245186792   0.749474232834
0.847163916197   -0.0718285629155   -0.526453617835
0.215224395021   0.649446866056   -0.729312844153
0.414679549614   0.615363158022   0.670349948354
0.88414892841   -0.446706783356   -0.136871170442
0.93396678445   -0.322227638744   -0.154516647325
-0.338415896979   -0.936415183213   -0.0927431032386
-0.114807343596   0.13890986774   -0.983627632963
0.764781749761   0.600722047307   0.23289888843
0.409576369697   -0.174258013015   -0.895478262118
-0.49734904015   0.78023531221   -0.379310903124
-0.139452227808   -0.229724186685   -0.963213339494
-0.453905935423   0.879336249511   -0.144004058181
0.88006962288   0.417126557577   -0.226898571754
0.445728746144   -0.104751760857   0.889018005445
-0.635872411753   0.661974016616   0.396808157958
-0.63007318732   -0.742170807057   0.228452086999
-0.536196503736   -0.37212940873   0.757636452847
-0.550815242259   0.834387471228   0.0200028704981
-0.639606019686   -0.40659223934   -0.652370194968
0.43208555365   0.811905040545   0.39257161935
0.844724383934   -0.211923233527   -0.491456690223
-0.31582113034   0.543966146295   -0.777404953299
0.654584994741   0.565962407817   0.501203586038
0.72980349114   -0.300097152503   -0.614270748375
-0.197244381514   0.767872542111   -0.609480433919
0.974587425634   -0.0861088352151   0.206796079638
-0.22347160933   -0.309920332096   0.924126528671
-0.0154851502773   -0.946855147141   -0.321287338665
0.962106405518   -0.00238315235689   -0.272663868286
-0.264515748686   0.23462082411   -0.935406055173
0.0662018366898   0.97208404469   0.225099816406
0.914316843223   0.382313880814   -0.133644322945
0.377364192519   -0.684401548689   0.623851547499
0.147040724711   -0.620830559532   -0.770031432416
0.9262904242   -0.365633661587   0.0910937739728
-0.327320266419   -0.900530099   -0.286193966954
0.186674833156   0.235281892724   -0.953831714944
-0.228081125038   0.860712051889   0.455141380908
0.839139266218   0.410848334842   -0.356439189292
-0.49378558583   0.30062995111   -0.815964030032
0.813996051847   -0.538477663964   0.217835328714
-0.465006236272   -0.828816361931   -0.311179390899
0.348108640014   0.152004008183   -0.925048717539
-0.563144001164   -0.750723073899   -0.345374618195
-0.683599204032   0.188395800205   0.705123473312
-0.464285352801   0.633183899577   -0.619287642765
0.997141572809   -0.058374386985   -0.0479699356279
-0.0118632962382   0.506057049122   -0.862418417044
0.0746186704679   0.86052233835   0.503918009246
-0.647455642858   -0.253749629381   -0.718618023706
0.126294186666   0.894178184491   -0.429528955663
0.751565377609   -0.368858334497   -0.546893579889
0.702122819917   0.415823682372   -0.578026131683
0.395998290857   -0.902684483532   -0.168362893518
-0.591784502474   -0.110685931597   -0.798460841225
0.675506737565   -0.701409553679   -0.227409946407
-0.623951593837   -0.708092496303   0.330589497438
-0.392905910193   -0.0814226336857   -0.915966860701
0.58104648923   -0.740465375196   -0.337780997076
-0.783588481472   -0.39681299089   -0.478046577527
0.219941050182   0.542448584399   -0.810786934149
0.980931164109   -0.00165097321269   0.194348464362
-0.0750892147231   0.919099716882   0.386803981874
-0.179264221596   -0.394021553788   0.901449584929
0.387499806723   -0.92062224808   0.0479434687706
0.902393529413   0.389433581203   0.184465183633
-0.18849354878   -0.0282163470175   0.981668997082
-0.651468302135   -0.743487433519   0.151047939209
-0.754961631778   0.654977087161   -0.0322172043244
-0.074979852512   -0.135023886446   -0.988001296907
0.233500964278   0.167033462062   0.957902453802
0.492974857098   -0.869475110954   0.0314450998413
0.838124739355   0.464879367779   -0.285366564017
0.507760629394   0.349000864503   -0.787640488821
0.344613141449   0.755651598514   0.556985138323
0.789570089223   -0.554246387582   0.263419846979
-0.763119738816   -0.483267260832   -0.4290699009
0.234210006011   0.411984270799   -0.880576300328
0.602323748772   -0.772477638655   -0.201207288352
0.904266575695   0.136048324743   0.404713246229
0.417364131517   -0.0817382684236   -0.90505580906
-0.090050763804   0.987324510546   -0.130694874566
0.581844342808   -0.811355569883   0.056207576298
-0.806516512525   -0.584519181989   -0.0887040548477
0.104824937095   0.00627961326285   -0.994470843861
0.500455253098   0.843446042393   0.195303160341
0.535255004141   -0.12412327067   -0.835521106537
-0.680475298162   0.522677924252   -0.513576858988
0.767814528065   0.633102704349   0.0981927533177
0.621947891126   -0.699784871777   -0.351399997288
-0.153758485233   0.330880798954   -0.931061882908
0.623818608347   -0.780594448034   0.0390210633528
-0.737058539962   -0.570950089516   0.361608448101
-0.259990469742   -0.254338885675   -0.931513094278
0.817742467961   0.536674440264   -0.208033171578
0.473450156142   -0.832707375204   -0.287129533574
-0.327325839125   0.136304675519   -0.935028781457
-0.43906767077   -0.536094629845   -0.7209869067
-0.72219583802   0.687959010605   -0.0717326242877
0.534464913094   0.489198268284   -0.689225870643
-0.361704133777   -0.577795260265   -0.731657566619
-0.257720761195   0.816180343318   -0.517136018428
0.895963261984   0.00151311660118   -0.444125639789
0.357956295875   -0.255773515168   0.898024053863
-0.0387704690502   0.956850543861   0.287982443189
-0.932933086082   -0.137901942677   0.332594217203
0.999999971337   -0.000146642346726   -0.000189267588215
0.000146684394709   0.999999964563   0.000222166802006
0.000189235002446   -0.00022219455824   0.99999995741
0.665734091188   -0.606961420784   0.434046028734
-0.318088869823   -0.757025581296   -0.570729137422
0.674994512774   0.241888633647   -0.697045410647
0.908859023648   0.114639794046   -0.401039889249
-0.228341562479   0.941363177166   -0.248385787698
0.349049288773   0.317321739417   0.88174344779
