0.0575599211268   0.316866188808   -0.946722067915
0.587256505202   0.756131928194   0.288780720036
0.807351628836   -0.572590888469   -0.142558836508
0.582414074404   -0.368081177936   0.724782789796
0.613053487492   0.784396261072   -0.0942758033095
-0.533815761673   0.499238171682   0.682496872173
0.915287028654   0.198528763963   0.35047964999
-0.106786688031   0.958565027938   -0.264101666928
-0.38838931298   0.204302268941   0.898562365375
-0.576621888382   -0.630296714642   0.51983963811
-0.817001719718   0.44178440246   -0.370587009649
0.00392273077332   -0.638398459627   -0.7696960562
0.705134422095   -0.303234585506   -0.640963519188
-0.119941418028   0.839911135643   -0.529304581942
0.698855852818   0.450108953895   0.555879867062
0.0385246978515   -0.582259618226   -0.812089640767
-0.997178160348   -0.0748041726085   0.00632868761446
-0.0644326328948   0.809554243239   -0.583498383096
-0.784247208988   0.304152827626   -0.540784035121
0.615994287801   0.277437509865   -0.737278417911
-0.0742115394768   -0.911328418062   -0.404935997216
-0.964282924094   -0.26387901755   0.0229413688858
-0.183893377336   0.60461697742   -0.774997765409
0.190634907826   -0.751535877197   -0.63154743069
-0.820599792961   -0.548515238664   -0.160458757148
-0.556366344086   0.83092288853   0.00486255950595
0.130661665991   0.093264067415   -0.987030568305
0.79846095968   -0.450719017295   -0.399139653901
-0.531957361764   -0.838627234844   -0.117156844629
-0.281924566387   0.30587044386   -0.909374406084
0.523393104406   0.309133010109   -0.794038059744
0.538055738096   0.602682293555   0.589296254644
0.66072360406   -0.735670330444   0.14910896667
0.269484837058   0.22095988862   -0.937312461357
0.350237949881   0.88417857252   0.309130442306
0.897057022188   -0.411588361738   0.16088418015
-0.202615034861   0.901489449906   0.382444661821
0.828279767948   -0.0505749053457   0.558027602324
0.522398098824   0.429835957845   -0.736438236166
-0.610528373603   -0.491651709517   -0.620913602323
-0.726915108194   0.659083577636   0.192881474406
0.314403451796   0.56911109128   -0.75977828034
0.655386099115   0.732902104569   0.182547435492
0.297224789723   -0.0280728919632   -0.9543947491
-0.694353285771   0.679754674757   -0.236235257073
0.808599035559   0.0171644613742   0.58810966746
0.255609570988   0.890067076359   -0.377418000102
-0.529935228979   0.455506290678   0.715319978918
-0.292152854023   -0.520608401393   -0.802255322378
-0.862899711011   -0.218207863436   0.455839244767
-0.412372160338   0.825440622172   -0.385482789038
0.630134317237   -0.714749508401   0.303420306639
-0.678725358757   -0.696818185217   -0.231897184393
0.377177185975   -0.0598126825212   -0.924207667891
0.077797960076   0.914560455091   -0.396896272837
0.967124013335   -0.165909630297   -0.192730738094
-0.242112825434   -0.368853857996   -0.897400808558
0.451424843019   0.242250066038   0.858795969139
0.75194111533   0.414899356078   -0.512291990376
-0.480416663098   0.87702533021   0.00513809184078
0.853495944665   -0.403796667952   -0.329382639785
-0.300793526804   0.134394200571   -0.944172364077
0.425520771142   0.904923449693   -0.0067545186913
-0.524774275268   -0.201379442666   0.827078158398
-0.437500590591   0.897272571067   -0.0591199327144
-0.730209006559   -0.392871802607   -0.558969188299
-0.711891881039   0.135860804946   0.689022344622
0.225089282181   0.973491549742   0.0406080980621
-0.665240381183   0.184000120273   -0.723601541584
-0.447263433172   0.730535660022   0.516016541194
0.582176152523   -0.200196567328   0.788030622416
0.678989211095   0.652869806216   -0.335759835821
-0.00607619840303   0.7074087132   -0.706778602043
0.785986814774   0.440334710112   0.433970125787
0.618213399094   -0.552881773584   -0.558689482294
0.822691832333   -0.362372004621   0.438023605848
0.213298668301   0.910976002931   0.353024645294
-0.52695524204   -0.197000640484   0.826745983078
0.00136942976372   -0.612581032343   0.790406606421
-0.490339130186   0.688453530209   0.534414889529
-0.871530643219   -0.388299131542   -0.299429661812
0.828947627464   0.0275841551315   0.558645634824
-0.211571289057   0.940036283869   0.267524530943
-0.517767728397   -0.339957202299   0.785076862502
-0.876147737515   -0.477903115855   -0.0630377181191
-0.27492398749   0.602821376696   -0.749014812204
0.395956996594   -0.63891705225   -0.659547615563
-0.855700972865   0.454717288124   -0.24699804234
0.379392550051   0.875890276867   0.298123323234
0.351905012759   0.161395200584   -0.922016513532
0.885616037268   -0.439881927738   -0.148956786295
-0.210798256487   -0.666536778164   0.715047423898
-0.41382161567   -0.601857635169   -0.683022003598
-0.300853526492   0.463899517525   -0.833237297076
0.890994294592   -0.174788993479   -0.419020255791
-0.340024002979   -0.868473399362   -0.360745938299
0.996288125471   0.0549758975841   -0.0662391253795
0.0851857770951   -0.518962899156   0.850541529074
0.0123836354489   -0.853027057006   -0.521719738546
0.0958244727527   -0.41592482938   -0.904336334959
-0.811737708672   0.493170737169   -0.312833048638
0.576107249339   0.764060966354   -0.290364042115
-0.373308014312   0.243602898432   0.895152922314
0.239882215822   -0.906746197879   0.346796561642
0.89615715641   0.3441932023   0.280059619556
-0.62540274293   -0.621373126095   -0.471981829449
-0.297333767382   0.749007385368   -0.592098444047
0.721431937148   -0.229963855499   -0.653186485817
0.892206397027   -0.321423220059   0.317261498941
-0.445130997384   -0.507121940115   0.738028273863
-0.0763291574129   -0.799696474583   -0.595532877571
-0.0300659542869   -0.129076362622   0.991178758353
0.820825756539   0.562678468365   0.0981734110766
-0.570386812436   0.816536731478   0.0890317378909
-0.606528562365   0.411150268609   -0.680498758017
0.746235041345   -0.000931147252553   -0.665681903042
-0.274328937791   -0.911567106466   -0.306249970292
-0.293952462128   0.931904457472   0.212475956642
0.844427692341   0.357345179289   -0.399056756924
-0.447810029383   0.0621168655184   -0.891968425787
-0.721074624103   -0.0792953267943   -0.688304901646
-0.645456248802   0.43801134413   0.625725413659
0.251868253982   0.895465417291   -0.367020529503
0.669780081133   -0.739221145264   0.0703330741032
-0.220056839203   -0.288058724053   -0.931985600219
0.709203518349   0.608748116951   -0.355606664266
0.0566991954711   -0.951730322306   0.301653103488
0.273223573865   0.305396449514   0.912185226428
-0.960278126339   0.0306985705395   0.277350893
-0.223672089097   -0.97184845436   0.0740363310704
-0.01380533497   0.0791122014754   0.99677012009
-0.974566677702   0.221927558759   -0.0311118848303
0.822368681969   -0.289722038135   0.489664059877
-0.563934510362   -0.529149178354   0.634018150423
0.075416304199   -0.797535132557   -0.598539968084
0.10913903697   0.383375977814   0.917121327983
0.993758119067   -0.06351946901   -0.0917064765424
0.0230969996568   0.921405522388   -0.387915444284
0.779463113637   0.541660053039   0.314708820056
0.262763541041   0.173346379488   -0.949160868461
-0.568676160903   0.822529889827   -0.00721140488333
-0.1627539074   -0.354221672096   0.920889880845
0.0660174990252   0.927333216552   0.368367744653
-0.984455613752   0.120748136614   -0.127542275563
0.465364046995   -0.457098197385   -0.757956160813
-0.870605627295   -0.0819456071627   -0.485109017842
0.159631279791   0.885633194623   -0.436086802252
0.0873039851986   0.980593451958   -0.175540582616
0.911945494107   -0.149588539121   -0.382071570183
-0.400915739211   -0.126727072642   -0.907307455669
0.640479979911   0.573796394709   -0.510434219809
-0.143005208431   0.74213372529   0.654818329118
0.7545428455   -0.346403278285   0.557377666487
0.498149881882   0.831334929555   0.246432404693
0.830999741626   -0.53887091037   0.138049162891
0.247560345369   0.13601609044   -0.959277592015
-0.841592061959   0.494436878365   -0.217382093461
0.539847545116   0.757406562466   -0.367287254291
-0.0169537393255   -0.426459227178   -0.904347885647
-0.219964192893   0.853088874533   0.473133306791
0.710297978084   0.472509194853   -0.521739248197
-0.668649785894   0.221301678548   -0.709882406387
0.878196334693   -0.361404319834   0.313301955526
-0.463047071231   -0.80650829708   0.367602742874
0.119827407366   -0.467900934332   -0.875619842225
-0.116919977197   0.618795746666   0.776802125924
0.891838508079   0.409572125875   -0.192027990705
-0.436982601988   0.670330140762   -0.59975303913
-0.516613210128   -0.855861282099   -0.0247438260581
-0.803985017076   0.474955208338   0.357806710937
-0.294480701305   0.204741338958   -0.933467782349
0.349665502071   -0.607760670977   0.712994392313
-0.746118613988   0.279613421174   0.604254374047
-0.566604845124   -0.743265296854   -0.355690382164
-0.397402035017   -0.258810007203   0.880391391789
-0.0267997855107   0.962267558322   0.270782048329
-0.917253178823   0.0840150365869   -0.389343138589
-0.646303602445   0.758191697163   -0.0862380647928
0.725702667648   0.645644790921   0.237694009445
0.235896781739   0.091039300911   -0.967504291491
0.158352679788   -0.667988119251   -0.72712880657
-0.838752516464   -0.479565198764   0.25789811217
-0.520978545556   0.569042259129   -0.636217150348
-0.170154907196   -0.918512268769   0.356906878163
-0.890200609481   -0.0120485484441   -0.455409384359
0.422599316657   -0.395208861999   -0.815610061832
0.224374454372   -0.974130849926   -0.0269293788875
-0.729157058736   -0.149487350852   -0.667819972471
0.646518435871   0.169477488646   -0.743835528139
-0.833609839499   0.0131071164553   0.552198188143
0.431098575449   0.640449007683   0.635593491789
-0.345323983725   0.767888840951   -0.539535053733
0.808062407019   0.214194392254   0.548776738473
-0.463228951796   0.806546346338   0.367289980024
-0.363942419319   -0.551002498665   0.750960825799
-0.408963967589   -0.877707125751   -0.249757231388
-0.862494946598   0.461172135394   -0.208381209884
0.298078748517   0.130193943584   -0.945620746786
0.652966006752   -0.757226849368   -0.0155850127522
-0.487399444481   -0.435862930188   0.756614358578
-0.579721636258   -0.486447329814   -0.653675622744
0.768279346931   -0.439344935008   0.465535039671
-0.619445443308   -0.69360387003   0.367696905404
0.161351132143   -0.570867497377   -0.805031746327
0.859292175894   0.368980101535   -0.354218352319
0.413792993039   -0.9085602923   0.0573894952685
-0.30065314793   -0.195887416458   -0.933400131087
-0.314115028843   -0.830505375945   -0.459991922975
0.00815943836213   0.482136222276   -0.876058266751
0.949349868195   -0.278936343462   -0.144669775947
0.625953780716   -0.155676859999   -0.764163974334
-0.688089949223   0.350918592934   -0.635128619191
0.367034175776   0.92337471072   0.112539137279
0.949519441428   -0.273834400138   0.153060614303
-0.225357916018   -0.2559862328   0.940045136313
-0.218235285959   -0.927084553813   -0.304774654531
0.799099581033   0.473716205652   -0.370179437699
0.497542813734   -0.866728570245   -0.0351103121969
-0.337477418644   -0.156123483253   -0.928296531224
0.153216026815   -0.557287994334   0.816060623053
-0.0738087751845   0.817050814752   0.571821852345
-0.985432450162   -0.147844707326   0.0840525352552
0.0303227881857   0.85002305001   0.525871983443
0.321242118748   0.489914307132   -0.810424254826
-0.946511505298   0.193506553172   -0.258207637806
0.910148409036   0.408594212167   0.0684152272055
0.323793305361   -0.804600437976   0.49777106245
0.258433296875   -0.430893147999   -0.864605879042
-0.0794755007321   -0.158404114663   0.984170605758
0.955610705005   0.268887814818   0.120447181457
-0.283710812731   0.950056566473   0.130002673967
0.51212875927   0.200325164911   0.835220906246
0.735371159218   0.400180598783   -0.54688641101
-0.44379431285   0.894273625162   0.0576306447972
-0.801826791188   -0.338089125788   0.492716490446
-0.312985546351   0.940017179588   0.135675162998
-0.509032262934   -0.045425159368   -0.85954796852
-0.195966274921   0.854980668102   -0.480213781833
0.974904051132   0.222620511773   -0.00148284253128
0.105637636173   -0.468452948447   -0.877150229385
0.830107226432   0.550020226018   0.091650115087
0.352049605516   -0.389507337842   -0.851084666188
-0.432415388117   0.73875691857   -0.516967259486
-0.378848856741   -0.896150058689   -0.231059767285
-0.567507885349   0.0277414684762   0.822900486689
-0.731032382191   0.442883148515   -0.519082048379
0.427856745912   -0.903371001183   -0.0293161934262
-0.627403712528   -0.273492152945   -0.729086156624
0.650617542403   0.330337519055   -0.683793782524
-0.00577745229872   0.628128898877   0.778087853287
0.970308087897   -0.184629139614   0.156250745146
0.241803299397   0.755887668369   -0.608411864774
0.0943187880206   -0.209289756998   0.973294284301
0.814305208565   0.578649512333   0.045516691286
-0.572722440228   0.788265526011   0.225003259912
0.450808769311   -0.722982518469   0.523514786325
-0.814399103943   -0.0930457870622   0.5727971552
-0.365411484506   -0.684571953484   -0.630742171963
-0.0978005478271   0.147087562331   0.984276537286
-0.566668623212   0.804803392188   -0.176573416429
-0.818120849454   -0.575027607102   0.0046396937887
0.298289418167   -0.717664136635   -0.629270696916
-0.626194942101   -0.644709394254   0.43844006597
-0.720349441241   0.263264095442   -0.641707642587
0.796484739229   0.570338149612   -0.200814479737
0.375838893258   -0.206809882588   0.903313234033
0.473663579442   -0.794949097465   -0.379076174336
0.874556569884   0.359735688289   0.325178475061
0.392491187974   -0.131302864131   -0.910335226837
-0.28478320427   0.923769339408   -0.256024870124
0.354769047893   -0.218229282293   0.909128650416
0.755870064945   0.639244307565   -0.141517349345
-0.550272085043   0.73738910732   0.391737076146
-0.496079877419   -0.0186142060175   -0.868077339041
-0.843321373832   0.24830148703   0.476608258404
0.20667320983   0.968503940557   -0.138875129041
-0.760360269198   -0.197352774006   -0.618792488337
-0.204707004868   0.976979543219   -0.0600500981741
0.616398656056   0.0810114481089   -0.783255923752
0.172350451742   -0.756435814046   -0.630951805622
-0.870684706242   0.182561375108   -0.456705032421
0.46065547224   0.628073406181   -0.627152559073
-0.306627761834   0.6222660984   -0.720252954506
-0.260070246434   0.67313761666   0.69227827928
0.915610661041   0.399588102707   -0.0445697832486
0.265156512182   -0.383280880551   -0.884752954588
0.03482169676   0.920805977956   -0.388463383597
0.963576397325   0.0721949968129   0.257504192108
-0.516361006389   -0.827519924498   0.220413442729
-0.238354771543   0.38608790495   0.891135866506
-0.822531649275   0.407611217031   -0.396604061729
-0.651512040949   -0.729146350521   -0.20946995016
-0.67531881347   0.683215956918   -0.277777710385
0.345653816228   -0.0395165248231   -0.93752967078
-0.234635480249   0.96320491719   -0.131081955006
0.585473906945   0.247672405764   0.771931786961
0.775993876079   0.10437752122   -0.622044079929
0.0678931456534   0.719218681303   -0.691458609925
0.918501408718   -0.315660047236   -0.238146796674
-0.38954548253   -0.618937172132   -0.682034525518
-0.843084952011   -0.527077814531   -0.106755520335
-0.536585907584   0.837694592759   0.101702178166
0.0358235603311   0.143027083767   -0.989070233014
0.522728448922   0.190237963149   0.831002097509
0.0550051245449   0.965225774734   -0.255565334235
-0.85072287201   0.179300644634   0.49408690923
-0.650012375956   -0.0654829638672   -0.75709701659
0.23583773695   0.929705442618   -0.282892827403
0.722401877709   -0.362435885929   -0.588876689688
-0.109953492053   0.826338672615   0.552335611502
0.849719627056   -0.210143562323   0.48354548764
0.515642109401   0.522497924745   -0.679050170208
0.286657891802   0.764015603775   -0.578020250732
0.568842143881   -0.62120971576   -0.53899638625
-0.770873445134   -0.174294710862   -0.612678941496
-0.235174505884   0.940056044628   -0.246956645476
0.69557325375   0.340246008825   0.632779979257
0.678874657395   -0.0229627184745   -0.733895028674
0.906298751183   -0.260091404698   -0.333129156345
0.292040766011   0.955161573808   0.0487704716801
0.305507388769   -0.141487911578   0.941619034581
0.886944418046   -0.238487204159   -0.395541973437
-0.239689489671   0.494377911319   -0.835547383062
0.394814573995   0.835891341176   0.381322852592
-0.882203173757   0.401496933223   -0.246003603276
0.470855078919   0.748199196515   -0.467432836876
-0.00361315218234   -0.528202778245   -0.849110575947
-0.84563493587   -0.26687852775   -0.462252535598
-0.532071531353   0.490339288608   0.690266084616
0.0424433830451   0.829664530684   -0.556646499823
0.415875841725   -0.378691927796   0.826825077081
0.8133589656   0.561583078135   -0.15189351345
-0.406810124437   0.735674432186   0.541561309992
-0.485577594196   -0.778708574071   -0.397274913229
-0.497873796413   0.61988587981   -0.606517253553
0.718565294777   -0.0967184195503   -0.688701288266
0.873827945622   0.429912751243   -0.227155778639
0.265414055039   -0.0302983776575   0.963658335563
0.407406554732   -0.90236191998   -0.140580455724
0.0305753397892   0.999204953072   0.0255853542659
0.99901790657   -0.0297283417188   -0.0328549547477
-0.0320682233622   0.0265647784627   -0.999132594602
0.194077632801   -0.867355005807   -0.458289391486
-0.703288544684   0.20267036527   -0.681402924823
0.683899916189   0.454554745815   -0.570667055028
0.619219867505   -0.692849630473   0.369494445481
-0.783509882862   -0.576208595539   0.23258529164
0.0517592421234   -0.43352398317   -0.899654342998
0.284814170749   -0.821394920688   0.494157133321
-0.545925319334   -0.562729822725   -0.620725939793
0.787938090115   -0.0929813470033   -0.608693712193
-0.936442600584   0.168597003822   0.307652898779
0.33510282622   0.689424697127   0.642183527392
-0.10383328794   0.704463368314   -0.702103988759
-0.221611827354   0.666980417021   0.711354567911
0.858156928776   0.479833437428   -0.182555629657
-0.463092737549   0.569997364587   -0.678710631118
0.698399412252   0.48413336731   0.527117770166
0.678225962432   -0.212466174695   -0.703468313783
-0.228577787307   0.848806813869   -0.47673807052
0.374227970325   0.295012942778   -0.879159137938
-0.589450099597   0.807555267166   0.0200766171687
0.715892454431   0.510707209725   0.47610517706
0.999872412942   -0.0106111591558   -0.0119398969293
0.0110658367977   0.999190302038   0.0386818764897
0.0115197696712   -0.0388090661337   0.999180239643
0.734215588343   0.595365785572   -0.326292891748
0.348814364624   -0.743127023135   -0.571043576725
-0.582456872967   0.305453447938   -0.753287582717
0.989896679509   -0.00916883481564   -0.141493803271
-0.0626446359042   0.866949634111   -0.494443102395
0.127201468107   0.498311413056   0.85761618579
