-0.514571793403   -0.772570921347   -0.371954353278
-0.0700782719256   0.47023392129   -0.879755133587
0.854578788198   -0.426631258532   -0.296109547305
-0.137970746359   -0.862631367877   0.486653055373
0.7117569557   0.255327174593   0.654377620283
-0.688742411328   0.436663665845   0.578756195447
0.769529357525   0.217857330123   -0.600302216904
0.259250479394   0.752496115641   0.6054244667
0.583621244337   -0.621520538403   0.522588235136
0.949745907437   -0.197992584174   0.242449268752
0.103859057604   0.929987575323   0.352613677979
-0.295289700904   -0.309712844998   0.903815216836
-0.609808407001   0.730941838943   -0.306362097581
0.405941235536   -0.0439350470228   -0.912842497331
-0.680694806828   -0.681024037554   -0.269927472169
0.599478171254   -0.682675787638   0.417827346117
0.534599854379   0.730026592535   0.425751300514
-0.59567517817   -0.0318581726511   0.802593383319
0.228872578889   -0.949267609221   -0.215657943782
-0.819606483717   -0.0683816002662   -0.568831406125
0.525226193636   0.306944559861   -0.793676560502
0.947302209024   -0.19534040013   0.253891025552
-0.112785328888   -0.945196298845   -0.306404024511
0.299829942412   0.261622026455   -0.917418073131
-0.993684640553   0.0820898056603   0.0764990126416
-0.108481190786   -0.528543440299   -0.841946353969
-0.0286821612526   -0.844927864095   0.53411069836
-0.986026940796   0.0758244838951   -0.14832909245
0.0648749860945   0.994893394101   0.0773199233941
0.153434377518   0.0666166797167   -0.985910802141
-0.890209850203   -0.221230977005   -0.398225159195
-0.454664225686   0.3769676631   0.806954659729
-0.0284053601212   0.899417720412   -0.436166137757
0.895126056293   0.0349774267545   -0.444438885521
-0.443117398739   0.179270523352   -0.878355879124
0.0489521631788   0.983177836953   0.175968822936
0.192988123892   0.68529837657   0.702226259198
-0.376549552639   0.712608413872   -0.591945675621
-0.906071751267   -0.150184498368   0.395573757985
-0.442739217533   0.803641608337   0.397670907419
0.864908167974   0.265804602178   0.425771974691
0.236465317181   0.532454766915   -0.81275831276
-0.839386577389   0.520961931865   0.155012384173
-0.484041005137   -0.846199803939   0.222823241962
0.247253875692   0.11200248819   0.962455694354
-0.0178261459005   0.599491154054   -0.800182844563
0.51665835427   0.690702178749   0.505959133957
0.856006059257   -0.404401850246   -0.322044670866
0.732618389409   -0.68050023295   0.0137741952337
0.666906640305   0.713644948904   -0.214351160529
0.136036129819   0.166223704261   0.97665953716
-0.217327473129   -0.918708591702   0.329762479606
-0.962299417428   0.258264077046   0.0853199726074
-0.163549994318   -0.298787867961   -0.940200621845
0.116330123347   0.922123461972   0.368992714403
0.869528415036   -0.274095962126   0.410842718069
0.479987122584   0.273056266046   -0.833698169439
0.916626802225   -0.0117652771723   -0.399570874435
-0.0575444732227   -0.993039377597   -0.102768809197
-0.39558050893   0.117193740427   -0.910923535847
0.816303877637   0.12772527101   0.56332427118
-0.566344025575   -0.0148025154131   0.824036000569
0.113588837702   -0.991699118021   0.0602530934211
0.209699748042   -0.659909120567   -0.721488716657
0.976291632638   0.100811417471   0.191550792608
-0.0536718148786   -0.744551550063   0.665403881554
-0.505566120867   0.342767264252   -0.791778693821
-0.846046958677   -0.0170518074462   0.532835602768
0.16913734403   0.939265584603   0.298618017599
-0.299908759619   0.863597336093   0.405283082545
-0.17685955789   -0.467808465826   0.865953772487
0.93743022817   0.188028934995   0.293035299781
0.160983543774   0.747408976535   -0.644565062991
0.642738026412   -0.575003005124   -0.506220676684
-0.748980726079   -0.332793278016   -0.572954191947
-0.222907783289   0.425992587656   -0.876836607021
-0.909667760205   -0.414251924068   0.0299984907911
-0.350452116834   0.804316889458   0.479851701194
0.949328681908   0.185537009824   0.253675130222
-0.0134823880927   0.830448754311   -0.556931855503
-0.313995667038   0.525291237742   0.790870303294
-0.0846989151453   -0.845857332589   -0.526641687183
-0.0278965952201   0.530346806662   -0.847321688994
0.996016000749   -0.0570757178635   -0.0685163387962
0.923511108025   -0.104982504407   0.368925340852
-0.105627838297   0.855022189606   0.507720213364
-0.368741092274   -0.507854043057   0.778533414709
-0.9616694353   -0.265918083923   -0.0669288417133
0.261109939792   -0.962570211036   0.072664903276
-0.08374662114   0.0524038306695   0.995108206166
0.205816087372   -0.16055826211   0.965329364853
0.243940291666   -0.946890828749   -0.209501533485
0.947698724427   0.278601512736   -0.155718736253
-0.338739720594   -0.242941790765   0.908974525491
0.83729740271   -0.518506684483   0.173447045407
0.429171831678   0.819835413022   0.379053339846
0.640352368554   0.491362887215   -0.59034850483
0.191435660278   -0.846447092345   -0.496869910373
-0.743842209115   0.205158068155   -0.636088779189
-0.3278275988   0.0860320977931   0.940812172335
0.812604997759   0.533619629321   0.234357011461
-0.481873617334   0.841337369521   -0.244845354387
0.764467404957   -0.261541337489   -0.58922467323
0.50385314102   -0.327761285592   0.799189934841
-0.402146240866   -0.907837357929   -0.118784395042
-0.990315451997   -0.0956752952449   0.100605881618
-0.0694045381137   -0.286435673132   -0.95558234352
0.120242736269   -0.953310465188   0.277021373431
0.744026145715   0.612542691539   0.266864282988
0.247860892668   -0.623945321557   0.741118893021
0.620475682342   -0.485266614088   -0.616057011058
-0.492860828317   0.397228633128   0.774143150156
-0.860990814516   -0.0941864438534   -0.499823700031
-0.125630494822   -0.912873664215   0.38843101312
0.387001533836   0.874071506218   -0.293647432862
-0.461158041758   -0.0922994191479   -0.882504434973
-0.798475468208   0.476948445057   0.367365087382
0.717189827649   0.674661817453   0.174557105806
0.592283609228   -0.722102156217   0.357447341892
0.36720413581   -0.152970284882   -0.917475457212
0.62300707104   -0.775093260174   0.105321543222
-0.738253753493   -0.538134810211   0.406684547889
-0.258541263413   -0.331121373625   -0.907477300565
0.473564877639   -0.839991249541   0.264860354455
-0.809584142814   -0.296719485073   0.506488956328
-0.346857063314   -0.454282123656   -0.820559522372
0.648903522225   -0.695136731236   -0.309368944353
0.0276835044346   -0.384759384506   0.922601668987
-0.760366913027   -0.607243889159   -0.230427899033
-0.161894842279   -0.564937552283   -0.809095558055
0.352649626257   0.732647490824   -0.582121890407
0.921644346342   -0.379569777789   0.080613166698
0.888845794988   0.451421912417   0.0785583205125
0.320461821971   -0.48989761491   -0.810743206918
-0.327501715095   0.745800632807   -0.580106923518
-0.226858546961   0.792781043688   0.565714960417
0.626112208143   0.563637635492   -0.538791349849
-0.746001811315   0.231971620304   -0.624235904837
0.107895268662   -0.0751365374205   0.991318874906
0.881699784994   -0.453451950691   -0.130333485938
0.459308284426   0.888108005346   0.0173225488438
0.0664261714284   -0.67945582456   -0.730703322985
0.968370459918   0.22042190237   -0.116930908292
0.240512403231   -0.699824240383   0.672606732396
0.147918554455   -0.5143647584   -0.844718294204
0.982606206652   -0.0205271782137   0.184563478521
-0.112272632005   -0.857325801706   0.502381653559
-0.404724218101   0.347432292816   0.845865893148
0.521837265623   0.847355523035   -0.0983589639521
-0.750922216671   0.401596089985   -0.524248419186
-0.114567658506   -0.993154772837   0.0227562917893
-0.965058343667   0.116702236456   0.234612406586
-0.235662141512   0.00491784481676   -0.971822602053
0.464307358281   0.185935983987   -0.865936768422
-0.229491056781   0.969579870273   0.0851394739187
0.85542535145   0.15919385987   0.492853713668
-0.809807884081   -0.36918299527   -0.455977090306
-0.380258921173   -0.261576240811   0.887119508923
-0.446782210645   0.891785728887   0.0714413746
-0.697260675014   -0.143240587669   -0.702360082239
-0.331467930517   -0.804350311936   0.493102004383
-0.635575772129   0.576630479365   0.513362180288
0.0601432052306   -0.324061167294   -0.944122425704
0.672926859449   -0.685427589871   0.278133890196
-0.737259951914   -0.652053202504   0.176845651369
-0.900178827268   0.42152252284   0.109530094844
-0.435380360438   -0.864587425789   -0.250863558357
-0.0110462972601   -0.273509315938   0.961805922945
0.489374294395   -0.86635047117   0.0997479878966
-0.54091574195   -0.211829902307   0.813964527851
-0.684048945688   -0.45228857336   -0.572286716875
-0.586921507735   -0.191792629502   -0.786599473065
-0.432603199843   -0.746940744951   0.504909888017
-0.684381191474   0.636627921788   0.355425482986
-0.344589474743   -0.88774716069   -0.305226264569
0.935908598256   -0.350172680121   -0.0381338407026
-0.0730286902975   -0.298804405561   0.95151602068
0.646847529623   0.355884488499   -0.674488327747
-0.548638295958   -0.397153274722   -0.735707344388
-0.529702080069   0.845940605021   -0.0616457553085
0.761456168219   -0.583963077617   0.28137453307
-0.521194261787   -0.809644460978   -0.269874764081
0.385410229964   0.058847011707   -0.920866974026
-0.691245932637   -0.345601509815   -0.634616937235
-0.625548501177   -0.153465204961   0.764942810634
-0.361757008622   0.92574728046   -0.110108307739
-0.897068206884   0.192929558132   0.3975510254
0.0959953207095   -0.793088718667   0.601494125262
0.431339229146   0.577744294581   0.692934339948
0.563705174272   0.150655668889   0.812120277995
-0.381123462409   -0.824855740133   0.417561868915
0.732790135646   -0.544899878328   -0.407557038583
-0.445071543863   -0.467009003229   0.764077163477
0.400944582378   -0.866866722077   -0.296286226507
0.800721401428   0.174484030958   0.573062440084
0.810576842643   0.12978688533   0.57106965124
0.170581080603   0.880525951821   -0.44223991578
-0.560238589452   0.455883112832   0.691594758745
-0.621646597318   0.531844497308   -0.575062552012
-0.0291834009901   -0.749371666787   -0.661506186005
-0.78275400807   -0.394440788585   0.481365378014
-0.58941678107   -0.383790495304   0.710839443129
-0.513448475738   0.85731667556   0.037131934624
-0.623665391821   -0.343093243188   -0.702373480083
0.566400721794   0.485284708974   -0.66609982254
0.038560035171   -0.822965984737   -0.566780479246
-0.823227396312   0.295340039959   -0.484841123212
0.928012101464   0.354733052474   0.113833215795
0.337461783826   -0.929859976364   0.146560461288
0.157838791153   -0.0975955216104   -0.982630159403
0.682622459356   0.730750247364   -0.00553660184492
0.303781944389   -0.27686760542   0.91162539419
0.664637576613   -0.623977888267   -0.410984776735
0.202654565438   -0.161428849259   -0.965852915166
0.796784306176   0.600559561986   0.0668055532054
0.569267860097   -0.783114895232   0.250330110707
-0.31622951713   0.280996919903   -0.906112368032
-0.251353039703   0.896176010899   0.365636714405
0.914778957961   0.343379219659   -0.212767877226
-0.165707401109   0.0733320766026   -0.983444692781
-0.0498570140362   -0.996579176787   -0.0659107164699
-0.984913872056   0.0381097223204   0.168796663757
0.554123010111   -0.832047339784   -0.0253951574865
0.286409972147   0.161919937041   0.944325823984
-0.781611807434   -0.53054609446   0.328030218322
0.170119214026   0.878299722788   -0.446821049157
0.393456031483   0.3551784373   0.847962634181
0.903466548528   -0.320059173635   -0.285149646788
-0.466705828241   -0.633805682138   0.616827388477
0.202128018583   -0.755423213677   -0.62328166373
0.861005188132   -0.166211087258   0.480670303309
0.167135107041   0.447676870065   -0.878436836661
0.813779933021   0.44036956955   0.379258306206
0.556622023106   -0.778241647705   -0.290709238193
0.259534781207   0.522206010462   -0.812368500117
0.371909107898   0.722268568019   0.583105248746
0.89124929891   -0.453463337316   -0.00675935671643
0.281049096896   0.250173224004   -0.926512149475
0.768811802233   -0.636526394281   0.0613397271816
-0.574403880455   -0.729552950357   -0.37123129548
0.948583910985   0.299887121431   -0.101273284831
0.234953742931   -0.881504239879   -0.409569302754
-0.212097389194   0.364716313696   -0.906640341051
0.754269965969   0.561265958264   0.340671898652
-0.0362485287736   -0.482480651701   0.875156251704
0.655563011921   -0.672452931311   -0.343575599501
0.605954044404   0.0468568839751   0.794118459988
0.334537079386   -0.92070998626   -0.200942936471
0.721737236525   0.38742425534   -0.573583305011
-0.736736633346   0.522680237447   -0.428980771676
-0.209909588592   0.426285200615   0.879897091911
0.642772975243   0.738299598482   -0.204344329938
-0.760411858145   -0.453889453975   -0.464497760557
0.399767920927   -0.890800169385   0.216010804408
-0.511819709849   -0.0214341268536   0.858825455384
0.0348042874535   -0.983119130512   -0.179625824412
0.928698560722   -0.0345824468193   0.369219497975
-0.369198652338   -0.179668666141   0.911817704105
-0.632573306364   0.558484619561   0.536605946472
-0.625281131605   0.0405818121362   -0.779343712994
-0.45702791877   -0.828521602759   0.323538923822
0.989538885608   -0.142125427231   0.0247620032271
0.00335686378862   -0.148910958687   -0.988844910918
0.144227339069   0.978583613861   -0.146876088414
-0.472010357731   -0.88110176622   0.0294261747343
-0.851152124746   0.446762715502   -0.275577823086
0.229665588921   -0.155121738006   -0.960828269601
0.108721311439   -0.982048342466   -0.154145157233
-0.0626858180811   0.147982724174   -0.987001317911
0.992093828552   0.11697079296   -0.0454716279003
0.344680458471   -0.28008236915   0.895962749248
-0.853882017528   0.302964211116   0.423199937294
-0.389975488577   -0.910915228369   -0.134731455256
0.365716253745   0.263713548654   -0.892584329911
0.440561490845   0.795724145284   0.415606373143
0.819851934517   -0.545232288909   0.174827219277
-0.425519283572   0.225678716295   0.876357493446
-0.897582026929   -0.228572019754   -0.376963309514
0.115238206522   -0.947007892679   0.299826961698
-0.769843117102   0.628007472684   0.113790110747
-0.6236514862   -0.778095055877   0.075012717459
0.13564806969   -0.013217347451   0.990668916902
-0.583321928761   -0.756019738807   -0.296933800637
0.778541098499   -0.624629049405   0.0609287172657
-0.231536790541   -0.195634110457   0.952952259797
0.0315503369032   -0.74312686996   0.668406337032
0.861774017732   -0.31853301739   -0.394819274092
0.506310298733   0.588471895655   0.630357604396
0.989520793685   0.141606085214   0.0282190626273
-0.0583168838429   0.2131574944   0.975275870531
0.132089893346   -0.966701401267   0.219181798661
-0.767456036383   0.10360716794   -0.632674313507
0.0312352088476   0.991725797714   0.124516279568
0.640340217344   0.0757990560673   -0.76434214142
0.744835163451   -0.550284565432   -0.377369151276
-0.420336143012   -0.826194767976   0.375126288396
-0.518206624972   -0.120785356793   -0.846683406841
0.0886484211065   0.92794241407   -0.362028084
0.886262919903   0.0924069047691   0.453871127917
0.454620164798   -0.361087025689   -0.814209227188
-0.415989284811   0.847607621221   -0.329414989595
0.905914694832   0.417809605539   -0.0689470754081
0.0791926802845   -0.327103124361   -0.941664518511
-0.961421719317   0.262826164263   -0.0811830339628
0.178868115327   0.373097190946   -0.910387106361
-0.208984389236   -0.889786993323   -0.405714963452
0.598361240121   0.728681879979   -0.333146430435
-0.799622828002   0.516801649882   -0.305809397529
-0.0506671418053   0.449375981189   0.891904741703
-0.643622875903   0.167989324578   -0.746678766567
-0.361240407209   0.793420109028   0.489887638943
0.674725841964   0.585033432734   -0.449978800355
-0.793850168129   0.473839333383   -0.381153770413
0.434540134767   0.00353562775655   -0.900645529947
-0.425413659675   -0.880604216135   -0.208708966475
-0.973911625208   -0.149457408517   0.170758980213
0.185435538241   -0.0904076676102   0.97848868915
-0.130804462619   0.984626292903   0.115763793486
-0.572720965411   0.519556957421   0.634075124709
0.694507399948   0.718448646278   0.0386136514512
-0.435488423723   0.46248471397   -0.772306753918
0.934230271384   0.356664514931   -0.00205519332996
-0.34484812748   0.901777730997   -0.260531558265
-0.091069034275   0.244105197953   0.965463144469
0.997466160668   -0.0709932643921   -0.00460594548711
0.0227941104992   0.38024773987   -0.924603744774
0.0673920384721   0.922155959008   0.380902481504
-0.851772559265   -0.409122610946   0.327264719295
-0.512047320157   0.517902684245   -0.685262250217
0.11086500441   -0.751262603132   -0.65062543136
-0.344455344618   -0.795636508833   0.498310205973
-0.463420036677   -0.317513217742   -0.82730117017
0.81645109172   -0.515895243602   -0.259344775267
0.436950937185   0.307939104606   -0.845131579311
0.317196039568   0.826460990916   0.465133209926
0.841700986678   -0.471312781865   0.263445840118
0.155433647036   -0.411659854874   0.897984713263
-0.96194644991   -0.26986656435   0.0427909447446
0.224720735304   -0.870464359598   -0.437941080277
0.033652146858   -0.600690163332   -0.798773347507
0.998397045222   0.0565958599234   -0.000498730151786
0.0455068467824   -0.797476166613   0.601631856354
-0.995989520263   0.0128333067773   -0.0885448008832
0.0884847931066   -0.00517176860316   -0.996064101451
-0.013240729405   -0.999904274942   0.00401547483491
-0.561729704478   -0.137052699733   0.815889880194
0.336383350659   0.863150279277   0.37658709057
-0.755847855396   0.485991926764   -0.438754904945
-0.833167956364   0.544765160772   0.0951949373512
0.00381945374878   -0.16646399057   0.98604013692
0.553006842871   0.82190063843   0.136611757496
-0.929056279901   -0.0133512236218   0.369697408166
0.269696942849   0.659589240146   0.701573654937
-0.25321529929   0.751507670693   -0.609194741519
-0.577420308208   0.169297096026   -0.798701621976
0.526181127772   -0.670839790326   -0.522596781937
-0.624274946194   -0.722019715099   0.298275581573
0.301328167814   -0.104152987687   0.947815114059
0.719467422175   -0.627494777085   -0.297685963995
0.625753916257   0.771623262925   -0.114147169929
-0.249224182302   -0.809963349249   -0.530892342975
-0.218079899709   0.581047836437   -0.784107498443
0.943572182877   -0.0796416012239   -0.321447897886
0.948021393853   -0.117411062619   0.295753409401
-0.233883115173   0.373114236633   0.897822061913
-0.215764049913   -0.920326251281   0.326259813598
0.999999946229   0.000110895201347   0.000308617319049
-0.000110828635095   0.999999970595   -0.000215700632264
-0.000308641230139   0.00021566641703   0.999999929114
0.897210846477   -0.403720492325   -0.178948207704
-0.27652615713   -0.82957031684   0.485125111535
-0.344305070231   -0.385775651766   -0.855938762481
0.865973832326   -0.500089269587   0.000210168288366
0.500089271005   0.865973855594   4.95248725585e-05
-0.000206767100344   6.22156624324e-05   0.999999976688
