0.0559499562266   0.307626472048   -0.949860808797
0.593922722971   0.754473200001   0.279331325878
0.80257423428   -0.579772493461   -0.140493609422
0.580724426265   -0.378148796325   0.720945648836
0.618043619869   0.781193195167   -0.0880867513494
-0.529887935961   0.496729986675   0.687370420996
0.91599299359   0.199841861486   0.347879384401
-0.107193836697   0.957495484453   -0.267790736631
-0.386608738996   0.208003912581   0.898480971019
-0.567520015396   -0.636105975348   0.522771671244
-0.823340314339   0.434095009187   -0.365612157599
0.00563550467658   -0.637911209438   -0.770089299993
0.7038255148   -0.302858107159   -0.6425780977
-0.120694087255   0.840430865232   -0.528307579036
0.700044700014   0.44939173078   0.554963503565
0.04483328068   -0.593086330913   -0.803889657248
-0.997585063963   -0.0693092899457   -0.00450138731278
-0.0530473100525   0.802150127104   -0.594761428209
-0.785386113737   0.300077321163   -0.541407659413
0.614372670171   0.271067471075   -0.740991665453
-0.075596788916   -0.914590633807   -0.397251932729
-0.96442689578   -0.263328289682   0.0232158253965
-0.183659865434   0.604291811552   -0.775306687911
0.190131050921   -0.751990437668   -0.631158114208
-0.815260318911   -0.555970380227   -0.162010952471
-0.564589549608   0.82532452552   0.00883561253967
0.128799273614   0.0986730149838   -0.986749402448
0.792428712339   -0.464998694147   -0.394756824263
-0.544877575505   -0.8305269667   -0.115470278834
-0.274162658969   0.306596105688   -0.911500775864
0.505069750851   0.311997734886   -0.804712346245
0.53138125661   0.622295781326   0.574788587801
0.680101835681   -0.717917386591   0.148513026807
0.270025648422   0.221812093883   -0.936955465432
0.349200355543   0.884290786836   0.309982122075
0.89729886932   -0.410888305169   0.161324331061
-0.213796917434   0.896245488908   0.388632090427
0.8215089683   -0.0503162926045   0.567971201473
0.528596153127   0.44069523972   -0.725516238681
-0.612401414255   -0.484478463111   -0.624696027362
-0.726896255042   0.655736238419   0.204038770898
0.310783432998   0.57904283469   -0.753739380271
0.651475051328   0.737744908915   0.176953968213
0.290394799751   -0.0270065438609   -0.956525748147
-0.700893085837   0.674539173035   -0.23183137464
0.809544546911   0.0336115354308   0.586095462577
0.241829755067   0.8906255537   -0.385103223384
-0.534935506516   0.453493536649   0.712872790957
-0.286680862238   -0.52082880545   -0.804084223599
-0.863428101379   -0.223197202894   0.45241012629
-0.415097575247   0.823966239621   -0.385711860059
0.621041509742   -0.71676962934   0.317094215702
-0.6790592613   -0.694092816899   -0.238984688151
0.391389783744   -0.0669063523427   -0.917789505931
0.0829342961373   0.915349932351   -0.394025892383
0.967489112422   -0.168750482455   -0.188382833654
-0.238928273481   -0.36559236318   -0.899586296092
0.450832133347   0.239154861053   0.859974034478
0.753501870745   0.414529720193   -0.510294073903
-0.478524104226   0.878049009743   0.00667968288946
0.857699058096   -0.402318108152   -0.32014444489
-0.292763385485   0.12971017328   -0.947346225552
0.42266053265   0.906264536877   -0.00653171793636
-0.523725335946   -0.212419244862   0.824978688753
-0.427793018925   0.903032314507   -0.0390611304971
-0.73668507888   -0.373377427503   -0.563812372322
-0.709359679945   0.145400569715   0.689686536619
0.234918779268   0.971316408277   0.0368456531902
-0.664546470621   0.188157140015   -0.723170020843
-0.455465656919   0.731644176797   0.507196050781
0.583342118705   -0.185098070556   0.790854396727
0.672505024452   0.656075836193   -0.342493049931
0.00456835158238   0.696769164029   -0.71728088098
0.79980432537   0.428006219957   0.420860685733
0.600243426687   -0.575606990693   -0.555323708283
0.82263484742   -0.360159482161   0.439951196407
0.210383897493   0.911681672064   0.352952042773
-0.52821446732   -0.197792002447   0.82575286877
0.00317801071836   -0.620462201928   0.784229912861
-0.483741050813   0.685415321022   0.544242991196
-0.87520540218   -0.381093812186   -0.297964780314
0.828843401237   0.034650393524   0.558406631815
-0.218031836129   0.939176876913   0.265346777455
-0.515248226256   -0.341681348775   0.785985445946
-0.872650391164   -0.485159394062   -0.0556925233057
-0.279542023695   0.589779882927   -0.757638401008
0.400421717427   -0.645585046332   -0.650294084367
-0.853402551425   0.459106045759   -0.246831367475
0.385145395678   0.87446987314   0.294899076225
0.351236543386   0.156601659371   -0.923097400534
0.890378906953   -0.433656699618   -0.138445906151
-0.213915563721   -0.667042845561   0.713648354435
-0.401827741267   -0.605801707712   -0.686686797082
-0.304718155575   0.462119636449   -0.832821882081
0.890332892199   -0.172385861963   -0.42141482611
-0.338310784239   -0.869901463503   -0.358911210558
0.996701495511   0.0540923230754   -0.0604991688485
0.0798321988654   -0.519457618995   0.850758838974
0.0145927677758   -0.852782388803   -0.5220624948
0.099853481768   -0.419220137938   -0.902376727385
-0.812317026715   0.489385178552   -0.317243116746
0.574604499015   0.76469380994   -0.291672841985
-0.899734051676   -0.246093667947   -0.360439374722
-0.25174884285   -0.381980892036   0.889220511595
-0.356512491194   0.890802169235   0.281727419517
-0.631217336953   -0.6023544731   -0.488603890985
-0.306801154007   0.772495867019   -0.555988477705
0.712346632932   -0.201045328663   -0.672415831456
0.888249744887   -0.320863315195   0.328723475994
-0.454057410162   -0.504852072032   0.734136399888
-0.069600711092   -0.801355800082   -0.594125090102
-0.0327307448415   -0.16294210943   0.986092575437
0.837669728419   0.533717525129   0.115995816591
-0.545195491954   0.829816529331   0.119022700418
-0.620554492927   0.432507130701   -0.65410221158
0.749849621918   0.0832400338674   -0.656351004621
-0.229428999499   -0.897779860907   -0.375970285439
-0.297186706646   0.93414137753   0.197635898004
0.836020710158   0.354565711139   -0.418751153636
-0.461247692222   0.0407804275485   -0.886333753814
-0.718722771093   -0.063457862209   -0.69239488592
-0.656202509141   0.391121256633   0.645308011426
0.229860490998   0.918148823633   -0.322748961811
0.669169150838   -0.739764349134   0.0704368888994
-0.220206724397   -0.287932195668   -0.931989296735
0.709733503575   0.608147809705   -0.355576427022
0.0573530312944   -0.950252442726   0.306155066738
0.266569563823   0.310102202751   0.912566321693
-0.962107736919   0.0292731777991   0.271093680521
-0.221427603548   -0.972574922439   0.071188739478
-0.0135012639211   0.0760513287275   0.997012493036
-0.975083346314   0.219804949081   -0.029970854177
0.816433634075   -0.270909604109   0.509945200539
-0.568357655468   -0.533019139178   0.626785587538
0.102008316438   -0.801560093615   -0.589148300265
0.107594874643   0.374525194962   0.92095288766
0.993658708655   -0.0709273134542   -0.0872449822057
0.0326452701698   0.924499970008   -0.379781636984
0.779693411209   0.54127432556   0.314801983805
0.263279200354   0.172757971835   -0.949125252972
-0.568121683426   0.82290752072   -0.00780801923142
-0.161973282823   -0.348259421683   0.923298451673
0.0543555764238   0.93108436076   0.360731734756
-0.985296973995   0.108615322849   -0.131880948887
0.461714636717   -0.461356323848   -0.757608036314
-0.871373585392   -0.0761513174462   -0.484674170484
0.165914643486   0.883940789476   -0.437173891926
0.0882646325625   0.978857649543   -0.184518445071
0.908085597256   -0.155204075063   -0.3889630357
-0.409377457484   -0.13322686297   -0.902585563971
0.639510134333   0.56853851769   -0.517485016197
-0.136117291944   0.746224110707   0.651630001944
0.756636551403   -0.346285331052   0.554605804674
0.492285009482   0.832071445404   0.255563258671
0.831615801927   -0.53630431449   0.144197226898
0.257042073259   0.141544311092   -0.955978336874
-0.839606202652   0.496850080731   -0.219548221921
0.54285569792   0.753194949755   -0.371490321409
-0.019212384204   -0.431088581318   -0.902105048957
-0.220790619979   0.852197858337   0.474352519101
0.71128314024   0.473462834503   -0.519527899882
-0.667328851872   0.222692062256   -0.710690121551
0.880932925781   -0.369338395155   0.295882291019
-0.462382551236   -0.804909311042   0.371918508966
0.100794625784   -0.464446068842   -0.879846743786
-0.114130039666   0.583637473169   0.803953751128
0.912056505229   0.382380180727   -0.148115929777
-0.393861987642   0.716346771681   -0.575951419293
-0.516043013081   -0.855948338983   -0.0324353147896
-0.801315850517   0.469033697955   0.37134929365
-0.302642555442   0.217623140257   -0.92792653398
0.341906600352   -0.603306805762   0.720500364167
-0.750081993383   0.286668921993   0.595984842403
-0.566106774245   -0.744205500713   -0.354515574942
-0.399133058747   -0.257524822888   0.879985094766
-0.0126427477091   0.961201267973   0.275558130668
-0.916805847682   0.0988589300156   -0.386903023522
-0.644486484267   0.760278999425   -0.0813204441066
0.72578058278   0.64174696702   0.247797045948
0.240582038516   0.100681047639   -0.965392981842
0.153904764154   -0.6733230301   -0.723152418725
-0.84283796217   -0.471431329457   0.259570166103
-0.515691276924   0.569551225741   -0.640057738146
-0.157356364825   0.92024516568   -0.358312446746
0.892191352845   -0.0230713258781   -0.451067959217
-0.423359852087   -0.390661680954   -0.817404359346
0.217266623872   -0.975913307224   -0.0197086512539
-0.723964061876   -0.147566558258   -0.673869533364
0.65472990711   0.16067771366   -0.738587449846
-0.832571980436   0.0185915149211   0.553604780488
0.43249781457   0.646248931861   0.628735205363
-0.346077358112   0.762900172791   -0.546089542629
0.807868475109   0.213531711303   0.5493202483
-0.463086343256   0.806515043849   0.367538464293
-0.364553926895   -0.551305443754   0.750441697984
-0.381998121843   -0.8898887583   -0.249350020574
-0.876469329536   0.434405144459   -0.20759018486
0.293051103548   0.139248584623   -0.945902152651
0.656047464169   -0.754435750391   -0.0206983885671
-0.482210679207   -0.440106075342   0.75748234521
-0.580581248075   -0.486963387718   -0.652527450307
0.766123376716   -0.43539506805   0.472743171677
-0.620109787568   -0.69405371002   0.365722981189
0.168875169907   -0.573341593054   -0.8017235151
0.859388409987   0.364598008109   -0.358496657256
0.410106641557   -0.910230402214   0.0573860386948
-0.305391721125   -0.196338756666   -0.931765522704
-0.319180047178   -0.822072640104   -0.471508930848
0.00807880410181   0.495154515208   -0.868767367591
0.947659659584   -0.281102437662   -0.151402077706
0.623843102963   -0.149694821899   -0.767079685028
-0.691654070321   0.351267697478   -0.63105122749
0.363915415851   0.924230742296   0.115598897493
0.95072716047   -0.274592589795   -0.143933234434
-0.216810885626   -0.257019901186   -0.94177163382
0.221609806234   0.926574163262   -0.303890463418
0.790144664958   0.489663564298   -0.36864753117
0.513132047204   -0.857420487682   -0.0390590506275
-0.335211739907   -0.158302561894   -0.928748291157
0.15922368542   -0.581544166907   0.797780796922
-0.0575554300262   0.801247538093   0.595558355809
-0.985563387345   -0.140743613128   0.0941065613436
0.0277131303241   0.848966514778   0.527719470166
0.319163103354   0.492775102668   -0.809510723615
-0.947294513794   0.190862659981   -0.25730244686
0.909934846904   0.410813697109   0.0570147407104
0.331513084121   -0.803018811491   0.495237178985
0.249234125767   -0.431732434108   -0.866884915022
-0.0871736522459   -0.167086621218   0.98208085989
0.953689908337   0.27089140916   0.130741742292
-0.287882464016   0.947997840426   0.135734230976
0.507425669699   0.19506556412   0.839326286627
0.739174828295   0.402081973867   -0.540324587173
-0.44287669045   0.894583429303   0.0598391599992
-0.80087693103   -0.363223880388   0.476093009887
-0.291262897819   0.930936923183   0.220277936726
-0.523222768715   0.0377472882473   -0.851359545981
-0.164038593648   0.861565161929   -0.480413167538
0.98172834073   0.190196922048   0.00588182376326
0.09644068022   -0.470670375734   -0.877022572461
0.827913628354   0.552575566933   0.0960170131457
0.356868254376   -0.386948217168   -0.85024474491
-0.432670859896   0.738194635619   -0.517556380443
-0.38137859309   -0.896584416113   -0.225137188209
-0.568852360473   0.035646798892   0.821666780217
-0.72866821031   0.441435941571   -0.523619087479
0.430746898398   -0.902085108184   -0.0264493309913
-0.625409977904   -0.277248549318   -0.729380285882
0.650630055451   0.330719971406   -0.683596980281
-0.0152381208282   0.61901812624   0.78522885775
0.967946518295   -0.187765213481   0.166804563209
0.250693712281   0.762601327021   -0.59631525104
0.0905707920779   -0.219520915839   0.971394615549
0.816259242194   0.575168252838   0.0538732814501
-0.570541655922   0.788030486993   0.23127942065
0.449674060583   -0.718911035798   0.530056753421
-0.817838025424   -0.0928278956439   0.567911917431
-0.359074091811   -0.688875826545   -0.629695078742
-0.0977179706955   0.142046489586   0.985024869229
-0.561248502409   0.809490270461   -0.172411196194
-0.821858452987   -0.569691404907   0.000621633025587
0.294921321955   -0.724865659291   -0.622568221031
-0.634478511579   -0.635735560242   0.439633160474
-0.714463737499   0.265348965374   -0.647403656442
0.794699995186   0.572166906997   -0.202674488254
0.377856787056   -0.204994390305   0.902885124708
0.475053856027   -0.794104735209   -0.379106190127
0.872168994067   0.366703049322   0.323805681553
0.39247132131   -0.129360201841   -0.910621875498
-0.292040250201   0.921300608815   -0.256744387408
0.35599902543   -0.208194136105   0.910999393844
0.749497630702   0.645868092412   -0.145284922744
-0.55813797171   0.734513178164   0.385969423192
-0.493186149721   -0.024757467405   -0.869571440158
-0.845431637023   0.249163680864   0.472401108449
0.204970165761   0.968144889957   -0.143814822615
-0.764683544539   -0.173475010153   -0.620617029707
-0.190800831152   0.980850732245   -0.0390753616286
0.615511266787   0.088533959061   -0.783139590718
0.165674765682   -0.771809836238   -0.613890420759
-0.859265107141   0.192507424356   -0.473924431966
0.483958001962   0.606011937383   -0.631295639204
-0.305851504101   0.635119135819   -0.70928029774
-0.268154185477   0.657356095365   0.704255846053
0.913536091381   0.4055941903   -0.0307434959525
0.264379700261   -0.385535401601   -0.88400555892
0.0418899138408   0.920345661099   -0.388856142057
0.963508489432   0.0657747535836   0.259470754774
-0.517782224089   -0.822103999309   0.236741594956
-0.25131661394   0.410680119523   0.876459810261
-0.817766181753   0.39431821384   -0.419251259099
-0.648491255774   -0.731457482824   -0.210781977424
-0.677411329351   0.680836648473   -0.278523515995
0.347236204985   -0.0378339651199   -0.937014198949
-0.236411354575   0.962834610934   -0.13061080894
0.582618134149   0.248045097703   0.773970115227
0.777602585634   0.106879097538   -0.61960558206
0.0843377962852   0.717460717383   -0.691474695944
0.916319443681   -0.328470989722   -0.229053456737
-0.391466235134   -0.614293844934   -0.685125724833
-0.835204111061   -0.541158512825   -0.0978854272289
-0.548128192814   0.833596265879   0.0683575142556
0.0446046758671   0.110746239258   -0.992847265888
0.523276388672   0.222380787736   0.8226351599
0.0260120084037   0.960731391157   -0.27625815728
-0.85176592822   0.165957763575   0.496943481929
-0.650982358767   -0.0841421745769   -0.754415046938
0.239287589269   0.92042123039   -0.309137846711
0.720391156394   -0.381765442523   -0.579043805509
-0.115072609225   0.827180161396   0.550028431267
0.850597634405   -0.203939401733   0.484656976396
0.513071105164   0.523623625343   -0.68012964943
0.291632015796   0.772384087177   -0.564246036086
0.581104654153   -0.611616215232   -0.536882655883
-0.759781645135   -0.171313826476   -0.627202857594
-0.286141871778   0.921215112739   -0.263601110173
0.673370351151   0.389046304171   0.62866154917
0.68168555758   0.0023852202721   -0.731641381635
0.90676892788   -0.262446615318   -0.329987705133
0.295085938561   0.954049994259   0.0520854808713
0.301155110026   -0.14460422733   0.942547196242
0.888183262241   -0.240025556775   0.391814018088
-0.236040741257   0.493264080052   0.837242686321
-0.394227423123   -0.836109011688   0.381453089425
-0.884526405623   0.403440723275   -0.234197823548
0.466364697835   0.776412124242   -0.42389642832
0.0108169480386   -0.484169181312   -0.874907536542
-0.847507418056   -0.265834680935   -0.45941604102
-0.528628123053   0.500661051768   0.685485826811
0.0477858122397   0.823814562662   -0.564841643729
0.416573857976   -0.374282761752   0.828479713152
0.811878444186   0.563208116351   -0.153785596014
-0.409047201085   0.736687879587   0.538489884169
-0.479991091976   -0.787126039559   -0.387351454717
-0.495839706189   0.60766452067   -0.620392469398
0.723706803471   -0.105718627341   -0.68196190102
0.872052208869   0.431630130494   -0.230695417067
0.268722827972   -0.028326500665   0.962800940531
0.409039101716   -0.901605811766   -0.140691056779
0.0398780040323   0.998895298536   0.0248581446938
0.998707491987   -0.0390612193248   -0.0325202489918
-0.0315133343833   0.026122857963   -0.999161901821
0.198563087626   -0.862164926793   -0.466094774953
-0.711918490973   0.199972238602   -0.673188804123
0.673605791573   0.465491936336   -0.574084048516
0.614493360495   -0.697729848757   0.368199630721
-0.787480497585   -0.570670968234   0.232828503288
0.0476694433806   -0.433021597815   -0.900122169486
0.286893750266   -0.505215994929   -0.813909561641
-0.794405649634   -0.600287916676   0.092596333253
-0.535361223747   0.620009044749   -0.573565292314
-0.936644714255   0.167374873282   0.307704941545
0.334740976495   0.686450363229   0.645549670806
-0.103175374542   0.707652139555   -0.69898733284
-0.221794619393   0.681168591183   0.697722363973
0.847898028449   0.488088319669   -0.206975181005
-0.481535128682   0.545691435324   -0.685816868597
0.69402003416   0.478433939095   0.537993641324
0.685475734818   -0.210628289557   -0.696963944986
-0.220134525142   0.852488527522   -0.474135108677
0.375474390814   0.292493766233   -0.879469373292
-0.589996411648   0.807235586067   0.0165814001065
0.714788931144   0.512657883293   0.475666562428
0.999861796492   -0.0108165831912   -0.0126249532536
0.0113210191557   0.999111640856   0.0405926548998
0.0121746639322   -0.0407299721901   0.999096014867
0.736092095562   0.581792603674   -0.345956345747
0.326471841421   -0.752879990689   -0.571478657853
-0.59294566666   0.30771591758   -0.744127912699
0.990489770592   -0.0117585148442   -0.137083010183
-0.0584559096762   0.865978813446   -0.496652394827
0.124550877059   0.499942428677   0.857055801586
