0.0555388512134   0.304949857079   -0.950747611434
0.595873737861   0.753930044363   0.276629674342
0.801155368519   -0.581889227316   -0.139839202638
0.580304857289   -0.380685307831   0.719947893259
0.619304257915   0.780366178201   -0.0865497778686
-0.528874757135   0.496092052267   0.688610315739
0.916160943339   0.200151996718   0.347258267157
-0.107291686801   0.957239010155   -0.268667026968
-0.386183401822   0.208884311633   0.89845963989
-0.565212695184   -0.637565859757   0.523492486744
-0.824922966549   0.432156995181   -0.364338346564
0.00605875109808   -0.63776963395   -0.77020334039
0.703502073068   -0.302595363323   -0.64305589126
-0.121068537827   0.840576976738   -0.527989351527
0.700305106605   0.449295439853   0.554712867518
0.0464303391695   -0.595829068653   -0.801768011681
-0.997662649193   -0.0679425426949   -0.00728349492515
-0.0501344393666   0.800232173711   -0.5975910024
-0.785655556933   0.299082492954   -0.541567177986
0.613984832655   0.269477089722   -0.741892662981
-0.0759471601357   -0.915386126465   -0.395348287394
-0.96448047665   -0.263127947583   0.0232614135237
-0.18352895613   0.604163569029   -0.775437621037
0.189985611087   -0.752163589293   -0.630995564579
-0.813957155772   -0.557762051315   -0.162404564839
-0.566572397136   0.823953381964   0.00982563760473
0.128333422659   0.100011591645   -0.986675333717
0.79087920627   -0.468502051454   -0.39372059747
-0.54805694617   -0.828491003181   -0.115048865279
-0.272293343371   0.306771063548   -0.912002110592
0.500520112958   0.312583713757   -0.807323379086
0.52958091803   0.627158584966   0.571153359933
0.68485302641   -0.713416800473   0.148367115697
0.270147209128   0.221981749641   -0.9368802422
0.348951453413   0.884330171455   0.310150013728
0.897359107916   -0.410711882809   0.161438473598
-0.216472261625   0.894999769511   0.390019451468
0.81990978095   -0.0502070283819   0.570286950055
0.529988406524   0.443232068873   -0.722950635987
-0.612849372631   -0.482714678223   -0.625621439764
-0.726898332389   0.654877638571   0.206770628644
0.30989427364   0.581482431315   -0.752225844568
0.650470739562   0.738954323561   0.17559705198
0.288712475322   -0.0267203306024   -0.957042909449
-0.702518984488   0.673225468638   -0.230726125113
0.809759950773   0.0376744989283   0.585550556532
0.238390991419   0.89073822015   -0.38698211635
-0.53615161786   0.452952597183   0.71230287615
-0.28534147841   -0.520875070412   -0.804530547415
-0.863552938737   -0.224416203298   0.451568034408
-0.415760222605   0.823605809063   -0.385767946542
0.618726135298   -0.717266752777   0.320478353186
-0.679134284008   -0.693405394713   -0.240760426294
0.394910868153   -0.0686830688373   -0.916148482656
0.0842277917446   0.91552654199   -0.393340603053
0.967564949683   -0.169495013214   -0.187321938492
-0.238167477299   -0.364804867577   -0.900107583209
0.450686824962   0.238274343471   0.86029455598
0.7539491397   0.414388718125   -0.509747668004
-0.477956149192   0.878354898395   0.0071127993987
0.858682965127   -0.401980638589   -0.317923153609
-0.290824054472   0.128601932376   -0.948094358347
0.422001107512   0.906572175389   -0.00647735051969
-0.523459650413   -0.215136326654   0.824443057672
-0.425399266509   0.904362913584   -0.034105492042
-0.738258395444   -0.368570320954   -0.564916330149
-0.708714075967   0.147731133588   0.689854963522
0.237369208609   0.970753198948   0.0359734004102
-0.664364521427   0.189245181978   -0.723053278651
-0.457517208394   0.731895307217   0.504982438601
0.583614059896   -0.181305088871   0.791532118009
0.670874528592   0.656854416155   -0.344194193535
0.00722548952024   0.694219127282   -0.719727445364
0.803042777024   0.424863508472   0.417867559683
0.595877580183   -0.580991224099   -0.554417809008
0.82262711738   -0.359595752341   0.440426521282
0.209636600981   0.91185609653   0.352946107431
-0.528523529543   -0.198013520043   0.825501983402
0.00363073117335   -0.622445272258   0.782654905328
-0.482063559958   0.684626038237   0.546719225864
-0.876128724532   -0.379274400417   -0.297572490724
0.828819512636   0.0363980856396   0.558330900842
-0.219627458517   0.938954669899   0.264816742938
-0.514608584207   -0.342110080583   0.786217970937
-0.871841169266   -0.486815399015   -0.0538863884198
-0.280517712842   0.586487992212   -0.75983001242
0.401500670432   -0.647335000038   -0.647884719199
-0.852798057941   0.460260965601   -0.246769762968
0.386620907862   0.874067729626   0.294159612508
0.351083673751   0.15545239648   -0.923349774708
0.891531351633   -0.432137747587   -0.135752775904
-0.214762370839   -0.667146955313   0.713296617181
-0.398809444631   -0.606771709229   -0.687589354009
-0.305673440956   0.461659642692   -0.832726919107
0.890161063668   -0.171816099948   -0.422010081076
-0.337900914804   -0.870258353657   -0.358431820109
0.996796133607   0.0539002665005   -0.0590950869218
0.0785354575652   -0.519577554976   0.850806291861
0.0151542050976   -0.852721481866   -0.522145980002
0.100836479433   -0.420051748235   -0.901880553743
-0.812436598149   0.488472027622   -0.318342350652
0.574263683688   0.764821290914   -0.292009613816
-0.897915562526   -0.24763660413   -0.363900748652
-0.253779927044   -0.384236046052   0.887670214406
-0.3596434223   0.88940360535   0.282166326104
-0.632627153012   -0.59759152888   -0.492612677367
-0.30913140454   0.778056206385   -0.546869558885
0.71008496676   -0.193682483253   -0.676953791393
0.887252381152   -0.320628144804   0.33163354007
-0.456271515798   -0.50430646398   0.73313797764
-0.0678197317261   -0.801793354392   -0.593740600634
-0.0333742411663   -0.172215687002   0.984493736487
0.84224103754   0.52546813105   0.1204710668
-0.538067091276   0.833201656505   0.127510018769
-0.624154087857   0.436796519442   -0.647796631064
0.75000080277   0.102630923562   -0.653426116233
-0.218930286756   -0.893686574887   -0.391655250712
-0.297987464997   0.934681013083   0.193842395996
0.833848812076   0.353724653102   -0.423762938902
-0.46465000732   0.035359207708   -0.884788165113
-0.718121561539   -0.0593779587011   -0.693379896496
-0.658819884109   0.378970790584   0.64987498812
0.224182477344   0.923501704331   -0.311266475779
0.669010113782   -0.739901627602   0.0705056673527
-0.220203832087   -0.287916002664   -0.931994982682
0.709884314513   0.607988451274   -0.355547891467
0.0575059625343   -0.949880958113   0.307277121975
0.264923929697   0.311271041276   0.912647604686
-0.962553050875   0.0289223836962   0.269546137004
-0.220904818349   -0.972749179569   0.0704279410206
-0.0133239680205   0.0752151761531   0.997078306429
-0.975204354535   0.219321022529   -0.0295762737849
0.81478255236   -0.26604873444   0.515118882659
-0.569463544908   -0.534009355914   0.624936219799
0.108814812365   -0.802528553198   -0.586606561429
0.107191171185   0.372256364858   0.921919330334
0.993619419318   -0.0728243045911   -0.0861224141379
0.0350785173005   0.925268512101   -0.377687275587
0.779737424931   0.541188565453   0.314840411613
0.263417673251   0.172623682623   -0.94911126514
-0.567997075328   0.822992102526   -0.007957486931
-0.161776449781   -0.34676841652   0.923893957985
0.0514454771361   0.931989777182   0.358815298044
-0.985485536768   0.105578030536   -0.132934330741
0.460811500358   -0.462282565431   -0.757593288537
-0.871582135005   -0.0747858759525   -0.484511769414
0.167324066048   0.883573371293   -0.437379417057
0.0884892793437   0.978418613773   -0.186726172949
0.907122316213   -0.156594659963   -0.390649735569
-0.411459294306   -0.134815164927   -0.901402307761
0.639287874162   0.567254321989   -0.519166204732
-0.134441593633   0.747198727589   0.650860599047
0.757123815404   -0.346289756816   0.55393766118
0.490819971973   0.832243011873   0.257812575916
0.831756473026   -0.535674216899   0.145719946916
0.259377957222   0.142915018585   -0.955143116381
-0.839136740702   0.497409462601   -0.220075798126
0.543561549459   0.752177662185   -0.372517927703
-0.0197578428896   -0.432218221533   -0.901552570082
-0.220988183772   0.851967068593   0.474674980033
0.711550856142   0.473698160739   -0.51894646317
-0.666977961974   0.223074352061   -0.71089959326
0.881596858621   -0.371315128376   0.291396730093
-0.462153927306   -0.804522331937   0.373038288772
0.0959204167287   -0.463539526744   -0.880869105374
-0.113461022522   0.57437124736   0.81069369467
0.916906887214   0.374776853268   -0.137200839781
-0.382633449337   0.72776368449   -0.569167517511
-0.515879065572   -0.855974244191   -0.0343057281877
-0.800668421418   0.467533159088   0.374623576536
-0.304629067307   0.220727973838   -0.926542116105
0.339979668697   -0.602129504295   0.72239454935
-0.751092924054   0.288399973731   0.593872776432
-0.565926889543   -0.744490104172   -0.354205082518
-0.399529655238   -0.257289917428   0.879873827872
-0.00923240579388   0.960886863948   0.276787278203
-0.916673779088   0.102461373609   -0.3862782024
-0.644068969499   0.760765893737   -0.080065082617
0.725753561445   0.640777197482   0.250372425073
0.241778680983   0.103149590951   -0.964833266066
0.152816032426   -0.674555438955   -0.722234186401
-0.843780221429   -0.4695135268   0.259984588138
-0.514472738008   0.569677108476   -0.640925731982
-0.154138037944   0.920650388277   -0.358670221549
0.892659591079   -0.0258566462414   -0.449989209094
-0.423556749109   -0.389530867085   -0.817841906408
0.215490662388   -0.976340756863   -0.0179583103863
-0.722682300266   -0.147083025646   -0.675349447656
0.656729828244   0.158509652878   -0.737279202636
-0.832331589318   0.0199678095671   0.55391823585
0.432733272521   0.647890882002   0.626880626493
-0.346361141411   0.761471399069   -0.547900783101
0.807827098136   0.213371343595   0.549443399495
-0.463054592324   0.806497619061   0.367616695726
-0.364685925207   -0.551393017894   0.750313211782
-0.37524119733   -0.892775248317   -0.249291796512
-0.879818729754   0.427695398261   -0.207353922258
0.291741403626   0.141523857686   -0.945969318267
0.65680212867   -0.753742852364   -0.0219698949698
-0.480919521422   -0.441152355565   0.757694538119
-0.5807989133   -0.487089634143   -0.652239458038
0.76559296346   -0.434369662631   0.474542316856
-0.620244903625   -0.694188586809   0.365237546634
0.170773750408   -0.573955749279   -0.800881466911
0.85941458921   0.363466969064   -0.359580764576
0.409151738089   -0.910659806761   0.0573896468766
-0.306596508578   -0.196444594605   -0.931347465868
-0.320514591821   -0.819841469429   -0.474479042138
0.00812635114238   0.498506712343   -0.866847749126
0.947208719787   -0.28169313579   -0.153116355763
0.623333365451   -0.148203154707   -0.767783394227
-0.692528795778   0.351334061715   -0.630054159653
0.363124472508   0.924445889175   0.116363290827
0.951021359734   -0.274739834869   -0.141691201086
-0.214699190411   -0.25727672045   -0.942185197693
0.222401958098   0.926459233993   -0.30366207663
0.787853515255   0.493653341329   -0.368229842754
0.517030848217   -0.855029788929   -0.0400395059422
-0.334613120621   -0.158840922433   -0.928872230648
0.16073968434   -0.587467579988   0.793123317235
-0.0535239731305   0.797201572819   0.60133587669
-0.985544488179   -0.139109650123   0.096698330204
0.0270887608868   0.848734045083   0.528125666626
0.318608973674   0.493435482828   -0.809326724
-0.947499087559   0.19018923472   -0.257047727218
0.909843567728   0.4113978637   0.054189297904
0.333452413417   -0.802608767892   0.494599488162
0.246969978441   -0.431938610738   -0.867430035393
-0.0890292267044   -0.169145070939   0.981561888914
0.953192985251   0.271427904506   0.13322922173
-0.288958352812   0.947479201688   0.137062878665
0.506243870908   0.193697482426   0.840356131927
0.740144344046   0.402535725351   -0.538656977853
-0.442609865618   0.894676631591   0.0604171477072
-0.800677821234   -0.369503103985   0.471574472094
-0.285377518266   0.927338494989   0.24208053986
-0.52675867212   0.0592517666945   -0.847947244521
-0.156073137901   0.863045622772   -0.4804096467
0.983244137745   0.182128455168   0.00775831239504
0.0941920443545   -0.471149104672   -0.877009908696
0.827326793959   0.553260200907   0.0971263408658
0.358105409179   -0.386273521677   -0.850031341995
-0.432771177315   0.738035172976   -0.517699904908
-0.382030857786   -0.896677695273   -0.223654945174
-0.569172772124   0.0376290520457   0.821356445105
-0.728076080622   0.441081812415   -0.524739988551
0.431455287565   -0.901765875978   -0.0257806080878
-0.624944905533   -0.27815483172   -0.729433858988
0.650607562115   0.330829555075   -0.683565363083
-0.0176384947939   0.616637179442   0.787049853843
0.967306813217   -0.188657320327   0.169487299213
0.252994886526   0.764308186807   -0.593149713796
0.0896347085203   -0.222194407954   0.970873454212
0.816807245207   0.574186531474   0.0559977789498
-0.569904854513   0.78799712699   0.232957044649
0.44936100483   -0.717727487118   0.531922871828
-0.818811482526   -0.0927938422591   0.56651307039
-0.357242835368   -0.690113437831   -0.629381441976
-0.0976935357045   0.140853676535   0.985198566223
-0.559966264771   0.810588734837   -0.171416700684
-0.822735531869   -0.568424264754   -0.000315972379765
0.294103258786   -0.7266504244   -0.620872316898
-0.636535227657   -0.633492447508   0.43989796874
-0.7129699693   0.265831675443   -0.648850786551
0.794245211819   0.572632783604   -0.203140932962
0.378362944067   -0.204532113988   0.902777988712
0.475411428196   -0.793888096326   -0.379111678072
0.871620608664   0.368343896776   0.323419678222
0.392408877647   -0.128928815176   -0.910709961168
-0.293756340012   0.92070632361   -0.256918427481
0.356306576209   -0.205626571085   0.911462197248
0.747858854889   0.647544430276   -0.146264636814
-0.560136373495   0.733760127073   0.384503990882
-0.492460620099   -0.0263126557393   -0.869936883798
-0.845949363325   0.249420706857   0.471337443533
0.204578132587   0.968037682704   -0.145089050332
-0.765710139322   -0.167410707535   -0.621016616153
-0.187285996799   0.981726275515   -0.0337264787169
0.615314503273   0.0904830092675   -0.783071444436
0.16395895881   -0.77539075425   -0.609825088077
-0.856460157286   0.194853358299   -0.478025279394
0.489482848327   0.600667417946   -0.632143333596
-0.305674550399   0.638224371618   -0.706564024497
-0.270199769373   0.653429008988   0.707122772116
0.912992417203   0.407062871909   -0.0272885405215
0.264185475771   -0.386085679815   -0.883823445171
0.0436450568864   0.920227679719   -0.388942317687
0.963483857364   0.0641783867037   0.259961518843
-0.518136315369   -0.82067989101   0.240871906255
-0.254610624694   0.416854798764   0.872585529649
-0.816522007373   0.390789704639   -0.424941429208
-0.647732314776   -0.732043133875   -0.211082208015
-0.677922280672   0.680227009127   -0.278769792881
0.347655331849   -0.0374708713658   -0.936873366061
-0.236819287216   0.962760585299   -0.130417332466
0.581868765501   0.248047402173   0.774532908285
0.778039436628   0.10753855902   -0.618942722221
0.088470960939   0.717079013329   -0.691354162289
0.915784992897   -0.331568884486   -0.226715508131
-0.391804461252   -0.613074027737   -0.686024416956
-0.833386214492   -0.544366248584   -0.0955657098363
-0.550697301029   0.832546076829   0.0599959381735
0.0469030930098   0.102627566277   -0.993613447225
0.523445669184   0.230300434412   0.82034525739
0.0189275584339   0.959399404163   -0.281415228484
-0.851848800518   0.162832715387   0.497834438197
-0.651215180265   -0.0888154003093   -0.75367805703
0.240133540923   0.917982385935   -0.315664729794
0.719899070359   -0.386549044469   -0.576476508372
-0.11646494918   0.827472121434   0.549295734429
0.850893347659   -0.202125291022   0.484897801231
0.512265972442   0.523865684101   -0.680550011754
0.29283641804   0.774409068907   -0.560836363178
0.584092471857   -0.609270175248   -0.536307596321
-0.757022335595   -0.170529902202   -0.630743003024
-0.298003730248   0.916306190011   -0.267538301813
0.667661937207   0.400390108131   0.62762671942
0.682217937608   0.00840996271749   -0.731100511677
0.90688923761   -0.263012097291   -0.329205934614
0.295820005505   0.953776774589   0.0529186979893
0.300070716748   -0.145377099065   0.942774132026
0.888491821016   -0.240394809032   -0.390886965476
-0.235139183766   0.492985745288   -0.837660205096
0.394070867036   0.836167083025   0.381487563388
-0.885126497381   0.403892211356   -0.231132354384
0.465123599078   0.783362699755   -0.412314101401
0.0145300109429   -0.472455248928   -0.881234881598
-0.847993036295   -0.265535523943   -0.458692376131
-0.527725547468   0.503239069797   0.684292470497
0.0491279650037   0.822338935083   -0.566873106525
0.416747713724   -0.373162865468   0.828897351267
0.811498941216   0.563624917563   -0.154260885208
-0.409622767321   0.736937194159   0.537710666022
-0.478636849694   -0.789161787344   -0.384877174579
-0.495274735482   0.604623064065   -0.623805968868
0.72498944993   -0.107956582926   -0.680246774115
0.871610993092   0.43206091497   -0.231554836865
0.269525497025   -0.0278406288914   0.962590726029
0.409451197548   -0.90141459115   -0.140717631049
0.0420384387643   0.998808893223   0.0247702338058
0.998626042555   -0.0412285818596   -0.0323454968579
-0.0312857283052   0.0260959547476   -0.999169757522
0.199669385788   -0.86083964968   -0.468067552724
-0.714067215654   0.199281720472   -0.671114600801
0.670999365053   0.468232734247   -0.574906913046
0.613324046096   -0.698942315176   0.367849499843
-0.788454027618   -0.569292603397   0.232908089266
0.0466246802902   -0.432880551386   -0.900244726401
0.287472038565   -0.50791829741   -0.812021446884
-0.795957288821   -0.59825576057   0.0924231535815
-0.532739919113   0.619765316955   -0.576263074024
-0.936707237861   0.166973214988   0.307732832199
0.334631878599   0.685454611851   0.646663344343
-0.102961431429   0.708711450852   -0.697944856753
-0.221927936369   0.684320662293   0.69458852727
0.845448625062   0.489932994574   -0.212561245777
-0.48576188965   0.540065636737   -0.687287781482
0.692933044482   0.476878143079   0.540768927101
0.687291536687   -0.21022858385   -0.695294388106
-0.217885610959   0.853458364062   -0.473428644414
0.375785900278   0.291881683062   -0.879539675196
-0.590141622624   0.807146712566   0.0157178128317
0.714505299069   0.513146438637   0.475565884095
0.999859087851   -0.0108637883071   -0.01279775549
0.0113811290066   0.999091438322   0.0410702784716
0.0123399491288   -0.0412101440766   0.999074296377
0.736574992285   0.578160790425   -0.3509805994
0.32062345874   -0.755393705539   -0.571472612937
-0.595531593155   0.308399821735   -0.741776025163
0.990629373014   -0.0124106264979   -0.136012579096
-0.0574171131566   0.865742363907   -0.497185513117
0.123922235451   0.500336022775   0.856917232803
