0.0551212849951   0.302080096292   -0.951687584965
0.597971425778   0.753320239529   0.27374950351
0.799619795844   -0.584171406475   -0.139111286263
0.579885924804   -0.383224123413   0.718937817512
0.620565298677   0.779532515411   -0.085016277827
-0.527855116763   0.495447604345   0.68985552622
0.916325613264   0.200455725431   0.346648052956
-0.107388465205   0.956986659889   -0.269525973398
-0.385765586875   0.209747550491   0.898438020704
-0.562887978384   -0.63903877366   0.524200886637
-0.826507864712   0.430221351654   -0.363034899356
0.0064709628932   -0.637604136075   -0.770336999176
0.703180557446   -0.302275999055   -0.643557553001
-0.121505840687   0.840727719445   -0.527648777536
0.700552235246   0.449228363032   0.554455087035
0.0480309866908   -0.59860275725   -0.799604754444
-0.997731345111   -0.0665586714256   -0.0101047632328
-0.047171890989   0.798276068957   -0.60044161284
-0.785917915083   0.298084338285   -0.541736797732
0.613603235892   0.267844107781   -0.742799167224
-0.0763157890007   -0.916190624922   -0.393408997294
-0.964519732859   -0.262978060869   0.0233286182268
-0.183448623029   0.604031715024   -0.77555934006
0.189863866061   -0.752321890381   -0.630843471567
-0.812678496869   -0.559509161218   -0.1627979092
-0.568509351977   0.822605773612   0.0108100848623
0.127870158526   0.10133725738   -0.986600214284
0.789313902183   -0.472013269644   -0.392666572425
-0.551239787091   -0.826434225532   -0.114634933578
-0.270403884861   0.306936384531   -0.912508517715
0.495974760394   0.313114888297   -0.809918578488
0.527728732992   0.632013041548   0.567504977677
0.689573361889   -0.708885450578   0.148222793566
0.270263838846   0.222137351837   -0.936809721518
0.34870480273   0.884373834673   0.310302886062
0.897419867155   -0.410533698329   0.161553906083
-0.219148960063   0.893751365279   0.391385015512
0.818310164812   -0.0500936342029   0.572589820011
0.531358831178   0.445756800146   -0.720387859181
-0.613296494267   -0.480960869022   -0.626533361111
-0.726892902381   0.6540249971   0.209470789455
0.309021226752   0.583890354122   -0.750718279899
0.649457049926   0.740163419562   0.174251693375
0.287035624834   -0.0264288737863   -0.957555254127
-0.704142095303   0.671907454173   -0.229617688015
0.809968147958   0.0417213376401   0.584987973619
0.234952473886   0.890839522974   -0.388847372785
-0.537353639894   0.452398357968   0.711749107059
-0.284011941114   -0.520936432389   -0.804961148573
-0.863684523467   -0.225596454303   0.450727504959
-0.416396759384   0.823244479613   -0.385852647468
0.616402394201   -0.717743247677   0.323871454188
-0.679186209132   -0.692733189382   -0.242542412077
0.398439683953   -0.0704653017163   -0.914483711998
0.0855490697839   0.915691265031   -0.392671445111
0.967631184195   -0.170277604498   -0.186267089899
-0.237426300212   -0.36402615916   -0.900618513809
0.450541199818   0.237350669418   0.860626101739
0.754419366654   0.414229335144   -0.509181183003
-0.477351072571   0.878680099714   0.00756543995822
0.859640207955   -0.401657257053   -0.315737487043
-0.28891243853   0.127518726546   -0.948824840128
0.42136482498   0.906868470197   -0.00642355298206
-0.523192290491   -0.217829630345   0.823905382501
-0.423026294429   0.905647213462   -0.0291869657606
-0.739809827856   -0.363804036388   -0.56597530133
-0.70806349729   0.150039759792   0.69002474904
0.239818412511   0.970181935886   0.0351303330724
-0.664178600097   0.190355146404   -0.722932711538
-0.459625063925   0.732107869616   0.502755276313
0.583844639538   -0.177495408296   0.792225231179
0.669231079296   0.657657545598   -0.345855916855
0.00988002171367   0.691704011732   -0.722113526619
0.806205142612   0.421700368532   0.414972369209
0.591553592837   -0.586271574729   -0.553488922627
0.822621968235   -0.359028063271   0.440899021502
0.208882250758   0.912029625413   0.352944992438
-0.528830126501   -0.19824432439   0.825250195487
0.00408495291503   -0.624431961976   0.781068523257
-0.48037798638   0.68382382634   0.549201206055
-0.877052052824   -0.377451585494   -0.297169980393
0.82879656226   0.0381387703963   0.55824877302
-0.221215888445   0.938729454721   0.264292530236
-0.513964774168   -0.342538238788   0.786452646942
-0.871059634051   -0.488407426236   -0.052089345615
-0.281417395675   0.583172558021   -0.762045941517
0.402565973898   -0.649128610962   -0.645424420899
-0.852194943303   0.461408553443   -0.246710205339
0.388087875809   0.873665467372   0.293421968795
0.350929593023   0.154307478531   -0.923600358819
0.89266983605   -0.430627923117   -0.133041931879
-0.215626254318   -0.667245356406   0.712943863707
-0.395785146582   -0.60773614849   -0.688484488974
-0.306607698159   0.461172390962   -0.832653436457
0.889979021209   -0.171311195038   -0.422598883414
-0.337533792734   -0.870616161272   -0.357908421937
0.996887168708   0.0537235608979   -0.0577040021918
0.0772579102513   -0.519695812174   0.850851031681
0.0157222189308   -0.852660566587   -0.522228656834
0.101810756526   -0.420887041159   -0.901381533225
-0.812546368629   0.487571255536   -0.319441183324
0.573936380346   0.764936840111   -0.29235023851
-0.896210615151   -0.248976184625   -0.367174880374
-0.255610388938   -0.386661233921   0.886090525425
-0.362587730563   0.887977448852   0.282889002921
-0.634013332099   -0.59281557166   -0.496585131395
-0.311487917544   0.783516623439   -0.537658793307
0.707815210312   -0.186202574614   -0.681414873086
0.88625093518   -0.32034834001   0.334568708855
-0.458480786935   -0.503770900099   0.732127207676
-0.0659897560495   -0.802241747394   -0.59334099035
-0.0340099962558   -0.181863048137   0.982735545243
0.846969496193   0.516751908348   0.12494053682
-0.530552535269   0.836596256832   0.136457723786
-0.627783437037   0.440686101921   -0.641625837813
0.74987987864   0.121362241407   -0.650347118059
-0.208729786533   -0.889419454437   -0.406650845662
-0.298793289901   0.935203443082   0.190044968247
0.831658949556   0.352843034569   -0.42877171616
-0.46804482855   0.0299384869723   -0.883197444212
-0.717515711701   -0.0552297267951   -0.694349249832
-0.661411564329   0.366609071341   0.654318371577
0.218416908768   0.928734335582   -0.299577348737
0.668850427853   -0.740037598546   0.0705936108949
-0.220182730288   -0.287907981708   -0.932002446002
0.710041316012   0.607826740781   -0.355510875711
0.0576543613814   -0.949509092386   0.308396592214
0.263287181141   0.312435573801   0.912723327449
-0.962993164492   0.0285743888763   0.268006845883
-0.220400504047   -0.972919198129   0.0696552347522
-0.0131098837416   0.0743595321492   0.997145320867
-0.975321356664   0.218858159298   -0.0291437359437
0.813066590272   -0.261118925046   0.520326461719
-0.570560898004   -0.535012809732   0.623074277343
0.11568483674   -0.803478811419   -0.58398528932
0.106781238097   0.369963593047   0.922889325438
0.993573905238   -0.0747415443793   -0.0849976256851
0.0375321464767   0.926034902885   -0.375567166585
0.779780123966   0.541104427873   0.314879272745
0.26355602789   0.172490282114   -0.949097109225
-0.567874262871   0.823075391877   -0.00810684011447
-0.161578271938   -0.345284387519   0.924484263669
0.0485401732872   0.93287926956   0.356903516377
-0.985665416667   0.102542479785   -0.133972856299
0.459913621643   -0.463155545111   -0.75760570329
-0.871796784051   -0.0734538390636   -0.484329330973
0.168670767896   0.883227872384   -0.437559935891
0.0887158422904   0.977966414524   -0.188974049514
0.906136417223   -0.15801647617   -0.392361550923
-0.413577432545   -0.136427582702   -0.9001895478
0.639073628602   0.565983144709   -0.520814724379
-0.132785089594   0.748154026343   0.650102817136
0.75759686985   -0.346307136473   0.553279630947
0.489352391291   0.832383299313   0.260138963175
0.831865379677   -0.535077268161   0.14728308522
0.261790426166   0.144327267421   -0.954272190021
-0.838667812821   0.49798062554   -0.220571068641
0.544266071686   0.751213486699   -0.373433716492
-0.0202667941976   -0.433236187301   -0.90105253069
-0.221183833972   0.851731446849   0.475006583154
0.711827562358   0.473934423435   -0.518350927222
-0.666617756333   0.223471932764   -0.71111255242
0.882251557647   -0.373295145923   0.286850000977
-0.461901696975   -0.804138716111   0.374176091672
0.0909890727605   -0.46261394194   -0.881878296227
-0.112798796864   0.564940044244   0.817385574764
0.921654550995   0.366857191154   -0.126367281871
-0.371253713859   0.739093057542   -0.562060612599
-0.515748666789   -0.855980458655   -0.0360661491034
-0.80003285194   0.466123717454   0.377724920869
-0.306513863516   0.223665228476   -0.925215173378
0.338064565159   -0.600935725213   0.724284891424
-0.752104332926   0.290112826213   0.591754696186
-0.565730874335   -0.744789099159   -0.353889496302
-0.399911562122   -0.257091521259   0.87975831464
-0.00588164003014   0.960554673238   0.278029002139
-0.916534859562   0.10601259084   -0.385649039661
-0.643616140572   0.761284070739   -0.0787707257498
0.725744829876   0.639749409884   0.253012123151
0.243007624373   0.105675239262   -0.964251024528
0.151728864699   -0.675789853668   -0.721308827963
-0.844722190738   -0.467589612166   0.260392732368
-0.513247281622   0.569796479698   -0.641801526668
-0.151192379385   0.921120163897   -0.358717866966
0.893208098662   -0.0281531497388   -0.448761286928
-0.423462107988   -0.388258990655   -0.818495448538
0.213715238221   -0.97676102659   -0.0162386540783
-0.721413329976   -0.146593196   -0.676811083108
0.658702212145   0.15635962337   -0.735977624588
-0.832097719839   0.0213525203236   0.55421787639
0.432925864458   0.649612366209   0.624963174556
-0.34668224719   0.759965685767   -0.549785027021
0.80778868762   0.213212779355   0.549561413194
-0.463024208969   0.806476315713   0.367701691733
-0.364809564103   -0.551485505625   0.750185123169
-0.368417019165   -0.895631588628   -0.249224712765
-0.883132299277   0.420915829244   -0.207140548105
0.29042424481   0.14378429034   -0.9460337393
0.657552257828   -0.753050312538   -0.0232433863873
-0.479626431933   -0.442195875167   0.75790586076
-0.581019374906   -0.487214567485   -0.651949730587
0.765063229176   -0.433319830575   0.476352999143
-0.620366638901   -0.694335438849   0.364751328571
0.172694784809   -0.574571338292   -0.800027679841
0.859413784621   0.362314705764   -0.360743677409
0.408186875642   -0.911093406847   0.0573783805503
-0.307882154982   -0.196562605773   -0.930898340666
-0.321882005874   -0.817549831581   -0.477497902799
0.00820073140568   0.501912510027   -0.864879517785
0.946744275029   -0.282304986071   -0.154852098922
0.622831478918   -0.146712880998   -0.768476596532
-0.69339681822   0.351391470323   -0.629066679348
0.362328306031   0.924661757148   0.117127424264
0.951312167986   -0.274875320835   -0.139458657094
-0.212592810424   -0.257532769185   -0.942592791057
0.22318032171   0.926347899438   -0.303430573954
0.785539008715   0.497629739381   -0.367822114983
0.520917367073   -0.852620865042   -0.041021423385
-0.334026290087   -0.159380999426   -0.928990922751
0.162263472265   -0.593334335893   0.788431944696
-0.0495106530838   0.793118947404   0.607051093813
-0.985504571678   -0.137537998818   0.0993178638581
0.0264778476549   0.848512375123   0.52851269885
0.31804729041   0.494075034313   -0.809157451631
-0.947705040952   0.189516779549   -0.256785018299
0.909736226142   0.411994784874   0.0513838114775
0.335391516789   -0.802193312263   0.493961962329
0.244729502331   -0.432141396997   -0.867963872342
-0.0908582847114   -0.171153967525   0.981045917121
0.952687882817   0.271985303145   0.135682691622
-0.290052702163   0.946958454355   0.138344192847
0.505057004359   0.192312939659   0.841387636936
0.741119082218   0.402985257234   -0.536978014844
-0.442334633871   0.894772940859   0.0610037374809
-0.800475789207   -0.375785592007   0.466930080126
-0.279397625944   0.923172452787   0.263987857734
-0.530259820751   0.0808567328924   -0.84397079999
-0.148111086798   0.864458853103   -0.480389422511
0.984686214428   0.174069127947   0.00964353734061
0.0919574090813   -0.471604527107   -0.877002283309
0.826714896356   0.553975527647   0.0982527094358
0.359369010437   -0.385574914729   -0.849815214898
-0.432893052012   0.73786387627   -0.517842162844
-0.382689077819   -0.896762945722   -0.222183007671
-0.569479487687   0.0395979216523   0.821051227211
-0.727490331773   0.440736002365   -0.525841795027
0.432161516792   -0.901446254094   -0.0251211939521
-0.624485664599   -0.279055106307   -0.729483311911
0.650579801497   0.330942440051   -0.683537141099
-0.0200929438745   0.614229052177   0.788871944665
0.966654363985   -0.189541576264   0.172201427023
0.25529515116   0.766026541539   -0.589938745523
0.0886999651771   -0.224907551188   0.970334431837
0.817376275311   0.573163746248   0.0581321301062
-0.569234873095   0.787972025779   0.234673700809
0.449036772931   -0.716484357697   0.533869030503
-0.819823416159   -0.0927685140317   0.565051828703
-0.355324559906   -0.691407382067   -0.629047127922
-0.0976682924379   0.139685286782   0.985367406254
-0.558708341885   0.811662138888   -0.170439317657
-0.823593281517   -0.567179506816   -0.00123032017777
0.293314635174   -0.728415944606   -0.619174237542
-0.638573645962   -0.631268931849   0.440140016772
-0.711470465638   0.266288841908   -0.650307641966
0.793788994872   0.573097778517   -0.203612297957
0.37887283804   -0.20406729527   0.902669325722
0.475767174379   -0.793672145953   -0.37911755502
0.871093352784   0.369948160454   0.323008868783
0.392317042811   -0.128520595642   -0.910807221323
-0.295438163843   0.920120000365   -0.257090404862
0.356613716721   -0.203034658613   0.91192301454
0.746200697548   0.649229677736   -0.147259446302
-0.562148713443   0.732992328028   0.383028812266
-0.491734519116   -0.0278790871176   -0.870298752852
-0.846462108656   0.249700586051   0.470267494025
0.204203480193   0.967921677528   -0.146384988475
-0.766716318069   -0.161284576068   -0.621396309229
-0.183760115297   0.982563883392   -0.0282919613818
0.615124627719   0.0924959489676   -0.782985435236
0.162216576641   -0.778863414027   -0.605852758143
-0.853683863025   0.197156214774   -0.482030381807
0.494883465345   0.59540004137   -0.632921121831
-0.305505004283   0.641289738573   -0.703856635666
-0.272260531933   0.649504571273   0.70994226149
0.912436789658   0.408523295663   -0.0238290114839
0.263991031224   -0.386633949812   -0.883641852951
0.0454000266304   0.920107430632   -0.389025903607
0.963456056608   0.0625819858104   0.260453301067
-0.51849585087   -0.819239249603   0.244967558247
-0.257862431522   0.422954197099   0.868686775303
-0.815272358843   0.387242558465   -0.430551021217
-0.646972070837   -0.732627193347   -0.21138716878
-0.678435625054   0.679618489404   -0.279005038516
0.348069306623   -0.0370958815628   -0.936734569319
-0.237205422179   0.962693708308   -0.130209107472
0.581123125787   0.248023493334   0.7751001609
0.778478965907   0.108190437358   -0.618276094394
0.0926224870326   0.716710677891   -0.691192360413
0.915248383226   -0.334643997827   -0.224351937188
-0.392098803744   -0.611832655973   -0.686963848529
-0.831479378629   -0.547678393291   -0.0932224245241
-0.553371045974   0.831332818851   0.0516355476224
0.0492191872011   0.0945204836195   -0.994305461004
0.523628791123   0.238169708878   0.817978043031
0.0119146500344   0.95798725359   -0.286563192114
-0.85186321098   0.159798659985   0.498791998778
-0.65144363354   -0.0934841049198   -0.752915609104
0.240974243226   0.915499215062   -0.322168591459
0.719411291548   -0.391307946953   -0.573868873726
-0.117724970091   0.827718177261   0.548656040201
0.851147062101   -0.200508750939   0.485123612571
0.511555969659   0.524098139501   -0.680905008115
0.294013868607   0.776407381333   -0.557447238112
0.587046372098   -0.606943580728   -0.535720119859
-0.754276078153   -0.169738233839   -0.634236966678
-0.309572170532   0.911322305784   -0.271397726996
0.661885384534   0.411443742484   0.626595391392
0.682695253373   0.014342306463   -0.730562447211
0.907010627943   -0.263568312795   -0.32842573786
0.296543211484   0.953505474949   0.0537534460701
0.298988034076   -0.146147369913   0.942998993503
0.888800632243   -0.240757305933   0.38996071054
-0.234241357372   0.492706787915   0.838075776788
-0.39390915529   -0.836227206435   0.38152278647
-0.885698960454   0.404381123775   -0.228064153667
0.463901709947   0.790164703354   -0.400543312367
0.0182360895522   -0.460560146243   -0.887441151138
-0.848479475032   -0.265235650317   -0.45796575227
-0.526816114129   0.505824253217   0.683086090293
0.0504714012601   0.820848265308   -0.568911911457
0.416922086231   -0.372038410477   0.829315015626
0.81111726326   0.564043249256   -0.154738483284
-0.41020087671   0.737185617126   0.536928865538
-0.477299903056   -0.791170929992   -0.382404709808
-0.494686198462   0.601586480511   -0.62719954681
0.726271552243   -0.11019195072   -0.678518508519
0.871171710765   0.432492156641   -0.232401344244
0.270315810446   -0.0273586578811   0.96238291052
0.409864871617   -0.901222524286   -0.140743556624
0.0442446563239   0.998718221065   0.0245830286043
0.998534760285   -0.043442313539   -0.0322660486077
-0.0311567470299   0.025974608806   -0.999176949696
0.200766540367   -0.859503306892   -0.470049850253
-0.716212106619   0.198587643161   -0.669031513703
0.668380890371   0.47097453587   -0.575716919998
0.612164793475   -0.700156112311   0.367472018016
-0.789416907878   -0.567917289064   0.233004073662
0.0455544859099   -0.432725514826   -0.900374043183
0.288092221542   -0.510555716233   -0.810145500827
-0.797452697487   -0.596294351919   0.0922075980895
-0.530162302658   0.619488423214   -0.578931797666
-0.936760881923   0.166580087265   0.307782593123
0.334558568961   0.684355273539   0.647864510153
-0.10271131407   0.709865433802   -0.696808045202
-0.222096014977   0.687319359926   0.691567391948
0.843049110912   0.491702419156   -0.217937898463
-0.489838296506   0.534622136156   -0.688649123147
0.691853055092   0.475263908482   0.543565605474
0.689105678514   -0.209858387146   -0.693608550397
-0.215575309345   0.854449340008   -0.472698224411
0.376097659679   0.291277322388   -0.879606771146
-0.590291624008   0.807053309368   0.0148578081571
0.714217298173   0.513636522553   0.475469424559
0.99985635726   -0.0109093393148   -0.0129711665898
0.011439772101   0.999071022407   0.0415478495336
0.0125058570783   -0.0416902686764   0.999052313463
0.737063943278   0.574433969545   -0.356037017953
0.31467603425   -0.757932277618   -0.571417234613
-0.598093418279   0.309134723345   -0.739405156754
0.990765585322   -0.0130647307619   -0.134955058266
-0.0563816589611   0.865508343865   -0.49771117652
0.123307191494   0.500724095196   0.856779269716
