-0.513285135867   -0.779865206276   -0.358257769404
-0.0728469044364   0.455527953906   -0.887235939153
0.85512086737   -0.429307050083   -0.290626493867
-0.152112500839   -0.856676532987   0.49291693511
0.706832311817   0.254299006072   0.660090977429
-0.690832736674   0.448817706135   0.566844596516
0.783730832131   0.213396889915   -0.583290450926
0.259652798013   0.740551183532   0.619809945913
0.564221948572   -0.637217162311   0.524983695752
0.950569491375   -0.17633037012   0.255588033055
0.073049345693   0.927006873281   0.367861454877
-0.301797009862   -0.331007337477   0.894065270198
-0.607201229004   0.73825122804   -0.29375464557
0.361975239399   -0.0720927023001   -0.92939580822
-0.707305162966   -0.670662185137   -0.223453887568
0.584914770448   -0.692783874738   0.421811823228
0.53575442892   0.720453309911   0.440356923564
-0.608967899979   -0.0315837163966   0.79256581156
0.229305693349   -0.948891842999   -0.216848263281
-0.811644108846   -0.0634332372766   -0.580697911986
0.537264124592   0.30916095274   -0.784708076757
0.947004537797   -0.200752019074   0.250760906502
-0.116852341431   -0.942465702287   -0.313215469468
0.299212191754   0.267314471831   -0.91597764026
-0.995472383976   0.0719498134962   0.0621124551078
-0.0911976088259   -0.538800764145   -0.837482377547
-0.0267904625958   -0.839355086298   0.542922932118
-0.986323927474   0.0678219747123   -0.15021747514
0.0584700833913   0.99611658121   0.0658255724365
0.154098538084   0.0561421088356   -0.986459175119
-0.88788483656   -0.225646611996   -0.400929075402
-0.458914432437   0.372772991058   0.806497266479
-0.0325278451254   0.900068832719   -0.434531973114
0.89089827518   0.0315511779537   -0.453105712225
-0.450022672323   0.196348876414   -0.871163998984
0.0614805471335   0.980026347554   0.189125620749
0.20094225635   0.676113274809   0.708867441233
-0.365465975402   0.723123320327   -0.586112006721
-0.908876686045   -0.141292261737   0.392402429066
-0.450142322934   0.795830659497   0.405000556183
0.859104185182   0.262272844441   0.439491699662
0.243540321315   0.545771487414   -0.801761557709
-0.838143641335   0.529306483687   0.131718953902
-0.500009516362   -0.842077419151   0.202227850959
0.217958069449   0.103635256946   0.970440113289
-0.00685381391118   0.584689465451   -0.81122823806
0.506415890198   0.701553726477   0.501363456009
0.862262124525   -0.407382618501   -0.300904354826
0.730780338584   -0.681203735096   0.04383569356
0.672202348152   0.706977475999   -0.219833690707
0.118760683218   0.190116595071   0.974551989583
-0.204025462811   -0.923178052218   0.325754346752
-0.963282592257   0.248639476245   0.101316624046
-0.174528673805   -0.293122320467   -0.940010131469
0.102351133094   0.923904717869   0.368679152997
0.86866536329   -0.263607659505   0.419441877344
0.48471097798   0.277328458963   -0.829544570036
0.927104904384   0.00172290836994   -0.374797982724
-0.044464956168   -0.992421738668   -0.114551125234
-0.372155026757   0.122866285881   -0.920002452091
0.816766071893   0.138478383108   0.560104384214
-0.564087987181   -0.0123264743401   0.825622674561
0.12123500535   -0.990288743469   0.0680461463684
0.201876733472   -0.670470873388   -0.713942989615
0.97823119014   0.102263356663   0.180571161933
-0.0480574980663   -0.734854416754   0.676520112825
-0.497594622867   0.363647600643   -0.787502389736
-0.841723296957   0.016871082595   0.53964549283
0.209526806526   0.931383803337   0.297695697363
-0.283650407627   0.871317142035   0.400435867836
-0.17277944856   -0.4571914354   0.872423780941
0.943233644655   0.178276272659   0.280228232336
0.159709574967   0.754424470553   -0.636660482435
0.634511544153   -0.572518351331   -0.519247376234
-0.756232736663   -0.32103964805   -0.57012769831
-0.200779566237   0.437512896993   -0.87651014298
-0.915591881784   -0.402006540681   0.00906902756954
-0.348394993926   0.804346446635   0.481297955525
0.94251748512   0.181925309704   0.280292654081
0.00378804665823   0.83293481626   -0.553358150356
-0.334135363207   0.522611493896   0.784366486728
-0.0743373179997   -0.850085290904   -0.521372190801
-0.0236193029023   0.524172955985   -0.851284230292
0.996953404971   -0.050967738836   -0.0590440336946
0.922496099022   -0.109195828284   0.370239406836
-0.103191791345   0.85448143704   0.509129578745
-0.371957526457   -0.507875717907   0.776987679228
-0.960361081703   -0.260300114206   -0.099751908729
0.250233023057   -0.96269112992   0.10300108031
-0.122841470694   0.0739570072261   0.989666779355
0.204214868803   -0.147678829631   0.967722713714
0.246372192973   -0.948981881089   -0.196809887694
0.947415975108   0.278611472562   -0.157412253231
-0.33410356508   -0.24367169497   0.910493774208
0.846159709178   -0.503077627016   0.175859738884
0.415197006691   0.829178512907   0.374265199248
0.633112614014   0.495745789571   -0.594478368067
0.186036853094   -0.84294163199   -0.504816495718
-0.751371218019   0.209010806373   -0.625903966717
-0.331277486076   0.0912445272711   0.939111102832
0.809763388313   0.538363218648   0.233341594567
-0.4842917325   0.837758605477   -0.252234091237
0.760523124792   -0.273961427336   -0.588684731404
0.495725725074   -0.340562781773   0.798919894089
-0.419357344226   -0.899423219626   -0.123196143774
-0.991722021455   -0.0693830274882   0.108043637747
-0.0850029505778   -0.27591094375   -0.95741717632
0.0962389243193   -0.958675725475   0.267729196821
0.741629805721   0.608921707366   0.281424209271
0.253500607322   -0.642826466425   0.722849622087
0.621065756062   -0.464745616829   -0.631101290036
-0.501491405224   0.393253083325   0.770622075302
-0.855396437332   -0.0919183495214   -0.509752834246
-0.129627564534   -0.914824042905   0.382483548713
0.380612084266   0.873732825412   -0.302862000107
-0.449058104094   -0.111669470945   -0.886496897009
-0.808381877863   0.473414067236   0.349854055979
0.725208480206   0.666536308341   0.17263258644
0.57877099125   -0.725942604249   0.371525873962
0.372956833862   -0.169518981237   -0.912231612627
0.613177671351   -0.784349129048   0.093859400799
-0.743352916012   -0.53272152138   0.404517271467
-0.267281846771   -0.317811617819   -0.909701154207
0.472709457345   -0.842999074893   0.256706697741
-0.808990161894   -0.299639763056   0.505718232175
-0.349400467794   -0.446730984066   -0.823620507868
0.643590668118   -0.697458197619   -0.315187427549
0.0296717851361   -0.388764241139   0.92085935407
-0.764794506438   -0.602008660557   -0.229510207914
-0.167712812952   -0.568134341432   -0.805664807756
0.347457529604   0.730733499929   -0.587623873922
0.922575567362   -0.378486356645   0.074849183966
0.891528354285   0.445207219228   0.083472902511
0.319987678182   -0.488584312996   -0.81172240015
-0.320601121829   0.750383835808   -0.578047592885
-0.23412569944   0.797441439304   0.556122565396
0.628532474285   0.560555810114   -0.539188383143
-0.741708895478   0.223303234701   -0.632458362061
0.117921709979   -0.0569363104356   0.991389291282
0.879394418284   -0.457748254077   -0.13088923936
0.46125906756   0.887256892024   -0.00390898326595
0.0531522729942   -0.691423486069   -0.720491775655
0.969182068005   0.209519358235   -0.129567579207
0.240543041745   -0.69140089777   0.681251674223
0.14080274261   -0.511481386059   -0.847679998224
0.985800356204   -0.00670018001297   0.167787858009
-0.0914999747599   -0.85926823478   0.503275128847
-0.387994766015   0.336747009931   0.857940273473
0.530511031005   0.842791983899   -0.0908829899225
-0.753669760258   0.419884654611   -0.505646882019
-0.110504915716   -0.993875497787   -0.000398121252726
-0.959662296945   0.106596675909   0.260164226031
-0.258528411251   0.0291314878257   -0.965564299771
0.472881266982   0.162294326172   -0.866050725437
-0.234238106497   0.970678246145   0.0540023325864
0.849420871419   0.177325390604   0.497031074527
-0.805875364508   -0.364333392782   -0.466718411661
-0.402484099514   -0.241037624018   0.883123668263
-0.434248139337   0.899534347711   0.0476078855993
-0.704193216412   -0.139239344597   -0.696221458212
-0.326051201873   -0.807654301604   0.491309620156
-0.630715885099   0.572980744891   0.523345524742
0.0674183870693   -0.314233774215   -0.946948729461
0.669181758442   -0.68973268752   0.276522320863
-0.740034144654   -0.652323504796   0.16377884429
-0.900019527638   0.418500239384   0.121747277197
-0.435826372911   -0.861265480764   -0.261298955833
-0.00449694834041   -0.288234837033   0.957549192562
0.483031366623   -0.870542571063   0.0940017596933
-0.543934033872   -0.214200784187   0.811328411218
-0.686160670437   -0.443027827592   -0.576983429853
-0.595830553593   -0.178856695143   -0.782940760216
-0.439878274309   -0.742971432125   0.504480480134
-0.671932329328   0.644983514245   0.364009905298
-0.340817750752   -0.894657013985   -0.288846132222
0.938708033854   -0.340730985563   -0.0522457907888
-0.0516767641279   -0.288948477768   0.955948894683
0.64356372144   0.360848413509   -0.674991969519
-0.544075314924   -0.404597758938   -0.735039254158
-0.538337986898   0.840291066197   -0.0640557252082
0.759121774996   -0.578728262147   0.298006257181
-0.51175139687   -0.813512409924   -0.276239147662
0.402299190315   0.0571940337085   -0.913719981165
-0.69228868003   -0.359102143954   -0.625924942553
-0.626452401596   -0.131461926775   0.768293661528
-0.358181200005   0.923993188295   -0.133950796737
-0.89615953926   0.187852284882   0.402006964191
0.102488168177   -0.793845448961   0.599421036123
0.431734010216   0.578377836909   0.69215953522
0.571186511443   0.14719752272   0.807513998919
-0.379721065738   -0.82480332346   0.418940795154
0.727707277262   -0.545923407553   -0.415222532753
-0.442122614847   -0.468442949312   0.764910973043
0.409803901353   -0.864071996063   -0.292301809874
0.797864873194   0.184230260434   0.573995518504
0.800974369623   0.132653967407   0.58381759492
0.174732568085   0.88089339225   -0.439881076133
-0.572633031581   0.454345415318   0.682394061171
-0.63147222213   0.522347461654   -0.573058428071
-0.0314046335139   -0.755672715157   -0.654196068898
-0.774762274296   -0.39510995542   0.493590459243
-0.590592920083   -0.376470092685   0.713771862756
-0.519746989156   0.854076161604   0.0204200255707
-0.617303061722   -0.358920854081   -0.700080531435
0.574288573468   0.497496568854   -0.650145982347
0.0472792161819   -0.812995435821   -0.580347393422
-0.817286553236   0.302548484235   -0.490415236902
0.926021174869   0.361997180449   0.106971141161
0.34435856049   -0.926224372587   0.15338055106
0.154602605126   -0.10519720991   -0.982360209656
0.688782963906   0.724789432488   -0.0160719378873
0.299455596795   -0.264249671348   0.916787029108
0.660230546235   -0.636280118931   -0.399052923898
0.219520696607   -0.168758900816   -0.960901190111
0.792324869064   0.605513335969   0.0746652651976
0.569238057077   -0.777736480666   0.26663458331
-0.304684288021   0.269096587229   -0.913649008851
-0.275269966236   0.893443925793   0.354942808284
0.911808055635   0.359645628648   -0.198144117936
-0.169074770594   0.0792436800651   -0.982412419057
-0.0162367369097   -0.996851261803   -0.0776139820868
-0.985469477114   0.00282860576886   0.169829057191
0.561872905795   -0.825616389957   -0.0515404148933
0.309449749574   0.151996724847   0.938689431135
-0.767163405164   -0.543373326793   0.340889626578
0.185845108636   0.885051138093   -0.426785752522
0.367481220786   0.340225119825   0.865565953703
0.911273366211   -0.317696948049   -0.26201049833
-0.467168245021   -0.624494002404   0.625908197587
0.178446454885   -0.759933298208   -0.625026595445
0.865973841166   -0.180301478743   0.466455446083
0.178657733761   0.462466241838   -0.868450568155
0.806975446449   0.436107963471   0.39824674892
0.56291388595   -0.771968146595   -0.295284841546
0.253834501102   0.531461063407   -0.808156658163
0.360758954051   0.723212716003   0.588911151604
0.897452518589   -0.441035719069   -0.00815299839656
0.280278587807   0.247378664555   -0.927495395967
0.771278047704   -0.633255221118   0.0641716296957
-0.571466610002   -0.733342772004   -0.368285612538
0.950455707535   0.296306151743   -0.0940032576767
0.237671161641   -0.887569717675   -0.394629465691
-0.20036558322   0.352735964577   -0.914019131285
0.750066261771   0.567585876697   0.339480302119
-0.0310455183288   -0.4825214764   0.87533376526
0.660633619145   -0.667097667052   -0.344302082289
0.608882718054   0.0269353258062   0.79280282787
0.338401824452   -0.912740412772   -0.228886749508
0.717458041186   0.407651109549   -0.564866826801
-0.742679269909   0.52812075821   -0.411723167668
-0.202116294951   0.409377693607   0.889695963401
0.638417187552   0.743974709735   -0.197294515669
-0.764653986406   -0.442729982489   -0.468288846417
0.397135776733   -0.896006762691   0.198632968187
-0.507530743809   -0.0340887638013   0.860959058417
0.03526042119   -0.98094126229   -0.191078367785
0.921946530607   -0.0418640047665   0.385048048698
-0.385708824632   -0.189740994629   0.902899251057
-0.634353039605   0.557721559351   0.535297004829
-0.630886223725   0.0266687625667   -0.775416887756
-0.446742424511   -0.829599565657   0.334941437872
0.991812096268   -0.127178901434   0.011588473861
-0.00633147692695   -0.139601750282   -0.990187489175
0.127548728321   0.982006557182   -0.13926393487
-0.473877190098   -0.880044437551   0.0310192946312
-0.853936923708   0.450647396302   -0.260208867131
0.215016601759   -0.149795567828   -0.965053961614
0.104566878265   -0.9836200952   -0.146823963604
-0.0517163580987   0.14205552077   -0.98850677657
0.993172284286   0.110958268449   -0.0360149467292
0.350121667568   -0.303894498094   0.886037782449
-0.851190261501   0.291634276896   0.436376657562
-0.391011453317   -0.906971654776   -0.156564557954
0.393729538475   0.248282054955   -0.885061055362
0.441955933059   0.793115223742   0.419098073369
0.806009927833   -0.556169275541   0.202543163742
-0.441912794447   0.211261162857   0.871826704783
-0.88799635288   -0.240811478844   -0.391755419782
0.127183172536   -0.947300666486   0.294016815673
-0.77490923805   0.622458816733   0.109821192197
-0.616677661265   -0.782649692229   0.0846647586074
0.138651847735   -0.002116772379   0.990338924003
-0.59156978061   -0.751211015927   -0.292792083599
0.768436515765   -0.635245602296   0.0772550710466
-0.2440297439   -0.179290363134   0.953050077267
0.0346841057387   -0.735418000797   0.676725481206
0.853215412814   -0.330805463994   -0.403225996592
0.52040414309   0.591378143912   0.615996281449
0.990841582464   0.128036635577   0.0428903067089
-0.070951431853   0.223423813977   0.972135635427
0.114886260177   -0.96627554005   0.230461988025
-0.760263727066   0.116210745653   -0.639135453486
0.021747419945   0.987870357254   0.153750469869
0.649250425517   0.102991358152   -0.753569283552
0.733533118959   -0.564267996553   -0.378854578244
-0.408501112134   -0.811537053174   0.417773207268
-0.543190578688   -0.151687967195   -0.825793409899
0.0802134320672   0.921211404407   -0.380703761088
0.879900130901   0.114013135511   0.461277318509
0.468339155908   -0.371981926069   -0.801428650425
-0.400508366826   0.849667576809   -0.343013202402
0.910908044708   0.409729635277   -0.0486637448484
0.0991946681514   -0.331943722481   -0.938069178108
-0.964930937339   0.251879388866   -0.0739260416276
0.172109670073   0.394406058587   -0.902674981606
-0.198208344006   -0.883742402748   -0.423925486321
0.588395081295   0.739260452417   -0.327544213505
-0.805598264635   0.501257356479   -0.315836189491
-0.0693012577411   0.449705510382   0.890484300596
-0.649022596932   0.180925829942   -0.738942157906
-0.365371315867   0.777828656068   0.511357392967
0.667288146315   0.601870771727   -0.438723265769
-0.794990476131   0.471688249987   -0.381445065094
0.434744125549   0.00447284648038   -0.900542913439
-0.423069365662   -0.881754040801   -0.208619566125
-0.972853673878   -0.144318970271   0.180908164661
0.194938099298   -0.0897539495321   0.97670024367
-0.124719151149   0.985452314099   0.115450725305
-0.577996381437   0.517691689121   0.630805435978
0.688401891101   0.72442312015   0.036248852685
-0.438204312364   0.455199360727   -0.775093879875
0.93178186598   0.362877306272   -0.0101298974761
-0.354116168959   0.902435424767   -0.245381423517
-0.0799017716435   0.232229121168   0.969373685515
0.997851874387   -0.0605296941813   -0.0250557958292
3.99687417274e-05   0.383031865417   -0.923735128962
0.0655105730766   0.921749828423   0.382211484152
-0.852638965183   -0.404730961964   0.330453693397
-0.512195859296   0.522446325524   -0.681692921091
0.103257913846   -0.750494960259   -0.652759617205
-0.339694448982   -0.79540524784   0.501934431017
-0.43780452834   -0.338603592337   -0.832871419981
0.832427099688   -0.502670964912   -0.233210258647
0.437974408382   0.293453479548   -0.849743180581
0.340868672959   0.820431567537   0.459021340227
0.831857539124   -0.490690430241   0.259298932261
0.162349422193   -0.403031807204   0.900670876345
-0.95762625905   -0.284422194209   0.0453427328069
0.237896223364   -0.869867448421   -0.4321296207
0.0439357383743   -0.591256910456   -0.805285611899
0.997783731199   0.066290043014   0.00576679736112
0.0499727590603   -0.803754251021   0.592859028199
-0.996313448049   0.024855084414   -0.0821080873926
0.0818500459735   -0.0112287329322   -0.99658139935
-0.0256920845911   -0.999628000976   0.00915294782294
-0.581269680021   -0.130641530548   0.803155246253
0.333804383481   0.861870479066   0.381777305353
-0.742091768353   0.490012313937   -0.457370462025
-0.828432425694   0.552341838378   0.0928343128184
-0.00274695962156   -0.169754066277   0.985482628561
0.56008228884   0.816150752349   0.142147033624
-0.934508806814   -0.017277957018   0.355520410369
0.258440267072   0.653864714506   0.711104467346
-0.244748684049   0.756414177105   -0.606577014344
-0.582165342522   0.170414205419   -0.795011014111
0.529528515694   -0.662524233239   -0.529774661
-0.616995190446   -0.729397449243   0.295459465925
0.297106632079   -0.110023492279   0.94848430684
0.730208062037   -0.613866086219   -0.29994101808
0.615242907567   0.781705353274   -0.102043644349
-0.242269213587   -0.816227393143   -0.52447923775
-0.223715111994   0.573013680271   -0.788420491164
0.944064180452   -0.0736760809589   -0.321425976363
0.950440922683   -0.125467413949   0.284464374792
-0.219480886556   0.377267901077   0.899720551757
-0.220204888514   -0.917565724542   0.331033152751
0.999528688506   -0.00757447132874   0.0297494241711
0.0085672674955   0.99940576131   -0.0333875154464
-0.0294788531337   0.0336266508013   0.998999622409
0.892659525892   -0.40221078641   -0.203434151829
-0.252040675666   -0.819607696284   0.514508233172
-0.373676957605   -0.40800699441   -0.833004095949
0.856441935033   -0.516087427931   0.0126877361266
0.515961092418   0.856527720713   0.0120172692717
-0.0170693592948   -0.00374571515667   0.999847291636
