-0.513262982643   -0.779966954538   -0.358067955112
-0.072888061038   0.45532410652   -0.8873371899
0.855130657389   -0.42933845373   -0.290551287971
-0.152260985153   -0.85664075067   0.492933278134
0.70677281443   0.254256383342   0.660171099271
-0.690860898577   0.448910142258   0.566737066897
0.783836433549   0.213344697795   -0.583167630587
0.259688220047   0.740439850635   0.619928105477
0.564058927605   -0.63736399923   0.524980626952
0.950582415737   -0.176133352924   0.255675796429
0.0727764601123   0.926970656003   0.368006779506
-0.301822228713   -0.331213594069   0.893980367434
-0.607186026698   0.738338578673   -0.293566469859
0.361476320575   -0.0723347742984   -0.929571164619
-0.707573316799   -0.670539949347   -0.222971248559
0.584742089596   -0.692951932821   0.421775185917
0.535806760128   0.720289887902   0.440560544292
-0.609087682076   -0.0316242973942   0.792472144216
0.229321796229   -0.948899513844   -0.216797662349
-0.811535334075   -0.0634160180849   -0.580851797103
0.53742154341   0.309140940796   -0.784608159149
0.946997957262   -0.200767878976   0.250773060183
-0.116841001717   -0.942443103349   -0.313287690898
0.299237446286   0.26738222776   -0.915949613799
-0.995483248423   0.0719045998542   0.0619905688764
-0.0910734781421   -0.538895152632   -0.83743515334
-0.0268090225284   -0.839298363509   0.543009699105
-0.986330128165   0.0676646063844   -0.150247726493
0.058329527245   0.996133320944   0.0656968276005
0.154112116736   0.0560348815313   -0.986463150618
-0.887827744951   -0.225785590091   -0.400977259457
-0.459017025438   0.372714373492   0.806465973337
-0.0326384076352   0.900058255392   -0.434545591679
0.890860570942   0.0314570356712   -0.453186383343
-0.450075626229   0.196478797694   -0.871107348569
0.0616390607934   0.98000333518   0.189193258921
0.20107645395   0.675976256081   0.708960055914
-0.365341652186   0.723273152495   -0.586004628018
-0.908896989127   -0.141180905561   0.392395482976
-0.450275359977   0.795718704252   0.405072640277
0.859012509043   0.26226945694   0.439672879836
0.243617752852   0.545936329309   -0.801625794767
-0.838095699209   0.52945113653   0.131442356164
-0.500229223348   -0.841994751645   0.202028617556
0.217638055211   0.103568007751   0.970519110937
-0.00679483288929   0.584512064546   -0.811356565664
0.506318843824   0.701691977365   0.501267989493
0.862319580338   -0.407399086035   -0.300717352448
0.730696928027   -0.681272613631   0.0441545613622
0.67232032489   0.706842619225   -0.219906553762
0.118605986832   0.190371052327   0.974521155401
-0.203806249672   -0.923234712533   0.325730990496
-0.96330408422   0.248471176788   0.101524950774
-0.174666121267   -0.293086574037   -0.93999574797
0.10213913979   0.923937357075   0.368656149175
0.868648373639   -0.263442218211   0.419580982218
0.484786137485   0.277376923816   -0.829484444119
0.927214071362   0.00191691716834   -0.374526889952
-0.044281336551   -0.992412007973   -0.114706449971
-0.37190486566   0.12294198575   -0.920093494727
0.816792379827   0.138577421453   0.560041522139
-0.564036361029   -0.012285360644   0.825658557365
0.121297945955   -0.990275400168   0.0681281155595
0.201746396584   -0.670581921002   -0.713875534453
0.9782590333   0.102213253333   0.180448648126
-0.0480380602515   -0.734760054758   0.676623977331
-0.49745546324   0.363852151344   -0.787495824786
-0.841703300507   0.0172431760153   0.539664920851
0.209937171575   0.931297098054   0.29767784457
-0.283460447136   0.871412806036   0.400362206491
-0.172763829518   -0.457058237695   0.872496662782
0.94329360971   0.178150186169   0.280106545887
0.159658211432   0.754502867968   -0.63658045662
0.634448225802   -0.572463490817   -0.519385213939
-0.75629670388   -0.320953226981   -0.570091502998
-0.200475174186   0.437618887415   -0.876526904272
-0.915656522191   -0.401865541978   0.00878746490635
-0.348400398828   0.804359245331   0.481272653023
0.942457853848   0.181803962851   0.280571760538
0.00403516194362   0.832971825965   -0.553300690959
-0.334300629954   0.522594734225   0.784307230983
-0.0742465105693   -0.850162407057   -0.521259376219
-0.0235880408957   0.524053003197   -0.851358945549
0.996960911969   -0.0509149434655   -0.0589627724663
0.922499954387   -0.109290169352   0.3702019625
-0.103099417343   0.854470580269   0.509166512644
-0.371973580109   -0.507873691323   0.776981318542
-0.960357358439   -0.260186726436   -0.100083022932
0.250058941707   -0.962705702235   0.10328725263
-0.123224469017   0.0741660182987   0.989603522611
0.204143729227   -0.147526186235   0.967761004687
0.246441052025   -0.94899691395   -0.196651125575
0.947413397464   0.278641134235   -0.157375260502
-0.334100653774   -0.243686991563   0.910490748602
0.846243208106   -0.502914908928   0.175923355791
0.415029138595   0.829272720232   0.37424266138
0.63304003593   0.495839491749   -0.594477511208
0.18601435522   -0.842872941593   -0.504939465661
-0.7514379366   0.209065546544   -0.625805580581
-0.331359096779   0.0912850326203   0.93907837362
0.809712884064   0.538425565501   0.233372997143
-0.48432034271   0.837714123812   -0.252326876102
0.760452623912   -0.274115405156   -0.588704128949
0.495650594883   -0.340720043091   0.798899455519
-0.419573944112   -0.899316738915   -0.123235987156
-0.99173387626   -0.0690268380308   0.108162906352
-0.0852231921301   -0.275820317458   -0.957423709755
0.0959214585072   -0.958727515047   0.267657665104
0.741560527009   0.608929838311   0.281589127624
0.253586153667   -0.643002644465   0.722662896432
0.621113554393   -0.464491174539   -0.631241555448
-0.501556139277   0.393239195087   0.770587032464
-0.855347643941   -0.0918670537595   -0.509843949104
-0.129699063827   -0.914835165416   0.382432703833
0.380562561626   0.873725939115   -0.302944087259
-0.448933429171   -0.111847506261   -0.886537597351
-0.808474435503   0.473384746966   0.349679808509
0.725262465728   0.666478524719   0.172628884877
0.578645801177   -0.725957227453   0.371692266115
0.373046099814   -0.169683470019   -0.912164528699
0.613101199927   -0.784431286786   0.0936721674793
-0.743375779345   -0.53271105343   0.404489040936
-0.267393659857   -0.317626336858   -0.909733005229
0.472755030804   -0.84301232257   0.256579236972
-0.808946322072   -0.299724628778   0.505738069469
-0.349440308001   -0.446649046679   -0.823648043915
0.643553238778   -0.697451360652   -0.315278969142
0.0297130026808   -0.388837830166   0.920826954049
-0.764824402285   -0.601969053488   -0.229514470814
-0.167812426992   -0.568200067984   -0.805597711076
0.347399713048   0.73067946382   -0.587725242376
0.922579226257   -0.378492012988   0.0747754463945
0.891541442085   0.44516432235   0.0835618522556
0.320021440242   -0.488544190044   -0.811733239531
-0.320531020076   0.750435407268   -0.578019519296
-0.234170401677   0.7974501237   0.556091290338
0.628555485516   0.56055351059   -0.539163948528
-0.741675282456   0.223277992593   -0.632506690413
0.117960883408   -0.0567454384413   0.991395574532
0.879374098552   -0.457802587476   -0.130835720261
0.461287789543   0.887241086806   -0.00410232886895
0.0529616702691   -0.691563495747   -0.720371426997
0.969188780158   0.209376280148   -0.129748532659
0.240558038523   -0.691304205587   0.681344498356
0.140670689062   -0.511479135378   -0.847703280229
0.985841625025   -0.00655817134182   0.167550830366
-0.0912581372062   -0.859270670081   0.503314879506
-0.38787504924   0.336603763583   0.858050611863
0.530590918193   0.842755568545   -0.0907542242338
-0.75367514468   0.420072562811   -0.505482757634
-0.11040434882   -0.993886580844   -0.000586668656446
-0.959607830611   0.106442822312   0.260427988144
-0.258773436025   0.0293153542822   -0.965493096201
0.472946244792   0.161972670856   -0.866075460588
-0.234256215378   0.970695291481   0.0536160111669
0.849379700189   0.177526068487   0.497029797813
-0.799913289065   -0.347291286821   -0.48941545958
-0.437600552186   -0.220521526098   0.871708674532
-0.410663471353   0.911459828312   0.0244232403682
-0.704211895871   -0.139192762421   -0.696211879103
-0.326048640355   -0.807677525077   0.49127314155
-0.630696353119   0.572959326982   0.523392510252
0.0675152824511   -0.314053665941   -0.947001574204
0.669139075391   -0.689797960743   0.276462784367
-0.740063905633   -0.65234122073   0.163573675497
-0.900001281951   0.418517824769   0.121821684596
-0.435864287108   -0.86122357923   -0.261373812389
-0.00447389217677   -0.288334487929   0.957519298688
0.483000013009   -0.870565962922   0.0939462167124
-0.543974013356   -0.214253786327   0.811287611047
-0.686151047676   -0.442956227234   -0.577049842325
-0.595872857607   -0.178708219411   -0.782942469076
-0.439982757731   -0.742940622425   0.504434737554
-0.671826399055   0.645060155231   0.364069616511
-0.340808089113   -0.894707221499   -0.288701981621
0.938723246166   -0.340664667436   -0.0524046893713
-0.051463710536   -0.288871203407   0.955983741671
0.643544245009   0.360907390691   -0.674979007126
-0.544022644547   -0.404648841305   -0.735050119006
-0.538414493616   0.84024113835   -0.0640676399508
0.759087675435   -0.578650492943   0.298244041046
-0.511620693813   -0.813570398713   -0.276310463068
0.402529709047   0.0571560439028   -0.913620829436
-0.692259433165   -0.359301327938   -0.625842977859
-0.626483306458   -0.131230309706   0.768308058362
-0.358183673446   0.923948679071   -0.13425086413
-0.896169413219   0.187801853676   0.402008515541
0.102524217879   -0.793852623997   0.599405368779
0.431704954292   0.578384366255   0.692172202065
0.571245165429   0.147220170221   0.807468378609
-0.379678185904   -0.824800911137   0.4189844056
0.727683609904   -0.545920945254   -0.415267245771
-0.442127043239   -0.46846529226   0.76489472974
0.409901454658   -0.864041317856   -0.292255707399
0.797812305687   0.184317310599   0.574040637854
0.800858630321   0.132623504672   0.583983270521
0.174823783092   0.880913142003   -0.439805276357
-0.572767054836   0.454316015846   0.682301149523
-0.631566104828   0.522274301071   -0.573021648521
-0.031454258921   -0.755726883557   -0.654131108468
-0.774683732131   -0.395103064922   0.493719235255
-0.590573167586   -0.37641882003   0.713815246163
-0.519856946767   0.854013339946   0.0202477182249
-0.617229364682   -0.359124055337   -0.700041301819
0.574387496406   0.497660023716   -0.6499334618
0.047384691864   -0.812855829842   -0.58053431498
-0.817210924394   0.30265475494   -0.490475691918
0.925977551906   0.362124108582   0.10691914398
0.344482422259   -0.926169193795   0.153435606105
0.154587949467   -0.105246161212   -0.982357272803
0.688783698856   0.724785485094   -0.0162177923338
0.299460320262   -0.264070288566   0.916837171632
0.660227637092   -0.636359083611   -0.398931803603
0.219649865298   -0.168853050351   -0.960855131673
0.792296349968   0.605545901248   0.0747037837725
0.569227924914   -0.777690689715   0.266789731115
-0.304549435298   0.268919723839   -0.913746038892
-0.275550563553   0.893422572209   0.354778796425
0.911768352371   0.359830918068   -0.197990358395
-0.169109573152   0.0793382774943   -0.982398793766
-0.0158478550315   -0.996844822529   -0.0777768943057
-0.985469836047   0.00241609626951   0.169833343957
0.561946982078   -0.825544820878   -0.0518781076618
0.30972743075   0.15184694284   0.938622088272
-0.766997071686   -0.543523922814   0.341023807606
0.185990491358   0.885106978314   -0.426606579958
0.367192889411   0.340109530926   0.86573372866
0.911359928398   -0.317665144315   -0.261747850032
-0.467206143041   -0.624364460223   0.626009137885
0.178197838148   -0.760002979085   -0.625012801678
0.866004590279   -0.180456345391   0.466338457586
0.17869924375   0.462624637781   -0.868357659493
0.806881854696   0.436137529578   0.398403975702
0.563034859352   -0.771856527997   -0.295345979055
0.253712823731   0.531544668337   -0.808139881851
0.360663507733   0.723242251985   0.588933340144
0.897525285028   -0.440886505244   -0.00821293060665
0.280240638215   0.247404172597   -0.927500059339
0.771314899737   -0.633213061364   0.0641447142172
-0.571435482042   -0.733370570925   -0.368278557024
0.95046308949   0.296326708289   -0.0938637175488
0.237767428264   -0.887598283423   -0.3945072082
-0.200216296974   0.352646805203   -0.914086246044
0.749995406554   0.567707517566   0.339433446566
-0.0309390677618   -0.482499759615   0.875349505088
0.660719050909   -0.667009862349   -0.344308262019
0.608885292134   0.0267590021548   0.792806821885
0.338476057117   -0.912646864726   -0.229149861585
0.717420838687   0.40787210754   -0.564754534385
-0.742749108852   0.52814061007   -0.41157169156
-0.20205378431   0.409231713762   0.889777316353
0.638355723359   0.744040926593   -0.197243681798
-0.764713057271   -0.442559082492   -0.468353924444
0.397053279553   -0.896086448693   0.198438327107
-0.507506288862   -0.0342130818906   0.860968542859
0.0352605901012   -0.980901518876   -0.191282254931
0.921863861284   -0.0419845781432   0.385232808126
-0.385906351391   -0.189919734267   0.90277726073
-0.634330619435   0.557748584238   0.53529541566
-0.630975308449   0.0265244840227   -0.775349348278
-0.446648435992   -0.829586022379   0.335100292597
0.991829310475   -0.127052163991   0.0115050644856
-0.00638550623889   -0.139514667243   -0.990199415741
0.127412103795   0.982035338086   -0.139186028599
-0.473847048072   -0.880059349222   0.0310566720729
-0.853987020901   0.45063125194   -0.260072380134
0.214884022594   -0.149756524474   -0.965089550358
0.104540130345   -0.983639110008   -0.14671558339
-0.0515764167006   0.141963205901   -0.988527349855
0.993182377204   0.110907842069   -0.0358917285717
0.350217881548   -0.304142964973   0.885914494915
-0.851158243713   0.291476198382   0.436544694087
-0.390994986672   -0.906939183537   -0.156793615185
0.393995978703   0.248109658109   -0.884990828381
0.441982083933   0.793091734825   0.419114945612
0.805865377249   -0.556279693775   0.202814930529
-0.442044825825   0.211166596708   0.871782679569
-0.887910991454   -0.240962707902   -0.391855897818
0.127320238829   -0.947283295448   0.29401346049
-0.774954713751   0.622415627823   0.109745058552
-0.616617513461   -0.782684425673   0.0847816719683
0.138665185709   -0.00196876878716   0.990337361823
-0.591661024531   -0.7511522845   -0.292758394486
0.768317592696   -0.635366117883   0.0774465815827
-0.244182941265   -0.179109301087   0.953044883234
0.0346733979212   -0.735342897915   0.676807637341
0.8531260947   -0.330958950108   -0.403289027728
0.520551267426   0.591385657443   0.615864743391
0.99085221192   0.127907973048   0.0430284157831
-0.0710661040952   0.223501966768   0.972109294112
0.114723593837   -0.966274506174   0.230547339468
-0.760201810969   0.116291288282   -0.639194448403
0.021586278642   0.987827732655   0.154046756447
0.649328298454   0.103308793755   -0.753458727443
0.733438103859   -0.564378235972   -0.378874325559
-0.408315972486   -0.811392977681   0.418233789145
-0.543458015324   -0.15204815859   -0.825551175306
0.0800918153395   0.921150034728   -0.380877821141
0.879826980412   0.114262593338   0.461355117347
0.468497369954   -0.372057352145   -0.801301155035
-0.400355392648   0.849669888469   -0.343186014002
0.910949873725   0.409662502131   -0.048445452914
0.0994277986185   -0.332020654443   -0.938017269503
-0.964968525355   0.251769247758   -0.0738105070978
0.171999255922   0.394616072837   -0.902604238313
-0.198121177658   -0.883680033124   -0.424096213165
0.58832915504   0.739317424766   -0.327534045204
-0.805629930146   0.501105433323   -0.315996456225
-0.0694925966015   0.449781158045   0.890431181443
-0.64907694997   0.181034755247   -0.738867735396
-0.365430679852   0.777665762534   0.511562684336
0.667202766211   0.602048485734   -0.438609267555
-0.795006871882   0.471690163635   -0.381408525324
0.434712420424   0.00449196494887   -0.900558123488
-0.423071134904   -0.881752919916   -0.208620715727
-0.972847287476   -0.144301051285   0.18095679553
0.194977645546   -0.089697294638   0.976697554554
-0.124707148904   0.98546009657   0.115397249012
-0.578080588446   0.517601734474   0.630802090779
0.688284929717   0.724534403114   0.0362457477337
-0.438276954431   0.455124535896   -0.775096747536
0.931778500041   0.362883170871   -0.0102289373667
-0.354160277739   0.902469134653   -0.245193716622
-0.0797453731117   0.232088916793   0.969420141203
0.997851789593   -0.0604512163934   -0.0252478997541
-0.000165204642835   0.383071059066   -0.923718862216
0.0655116685244   0.921738690813   0.382238155009
-0.852621811903   -0.404702272424   0.330533079377
-0.512239443738   0.522446800907   -0.681659807016
0.103183323005   -0.750510100476   -0.652754004918
-0.339680058157   -0.795339609354   0.502048168887
-0.437549949721   -0.338880617376   -0.832892531282
0.832566813889   -0.502588134518   -0.232889818266
0.437922900262   0.293274591374   -0.849831481813
0.341148834138   0.82037929664   0.458906616438
0.831769803727   -0.490884735654   0.25921259597
0.162481070872   -0.402917833249   0.900698129929
-0.957572147361   -0.28459000577   0.0454324907444
0.238024125264   -0.869865362149   -0.432063383691
0.0440097758517   -0.591146289277   -0.805362778072
0.99778031043   0.0663356897908   0.00583338474622
0.0499759116686   -0.803831848669   0.592753546863
-0.996319939192   0.024989736553   -0.0819883640262
0.0817274839118   -0.0112896356333   -0.996590769825
-0.0258301595451   -0.999623957893   0.0092057407956
-0.581473866704   -0.130594229173   0.803015124171
0.333758813486   0.861858952921   0.381843161115
-0.741952287388   0.490045194422   -0.457561482932
-0.828392185664   0.552413952575   0.0927642804732
-0.0028432363173   -0.169751183862   0.985482851999
0.560141323898   0.816102542931   0.142191197631
-0.934570147193   -0.0173568038098   0.355355288884
0.258281859939   0.653817242947   0.711205661994
-0.244681672388   0.756453405166   -0.606555129407
-0.58221898535   0.1704734249   -0.794959033222
0.529523912866   -0.662447940783   -0.529874656362
-0.616948522003   -0.72945290263   0.295420012937
0.297050151457   -0.110074467179   0.948496082857
0.730340179394   -0.613704769978   -0.299949458524
0.615113347182   0.781824831392   -0.101909288766
-0.242182137574   -0.8163016245   -0.524403918824
-0.223741412146   0.572914344543   -0.788485215022
0.944080289346   -0.0736261614874   -0.321390098811
0.95047195787   -0.125574116061   0.284313556972
-0.219291971008   0.377308321589   0.899749666247
-0.220259140001   -0.917534507163   0.331083583723
0.999519282582   -0.00770488319483   0.0300306263813
0.00871908716136   0.999390954651   -0.0337890112533
-0.029751995983   0.034034607936   0.99897770956
0.892637132363   -0.40214059508   -0.20367103799
-0.251732520665   -0.819510530466   0.514813780405
-0.373938080391   -0.408271272862   -0.832757395518
0.856324369856   -0.51628012905   0.0127828767865
0.516151475042   0.856411379971   0.0121327271449
-0.0172112870848   -0.00379164921837   0.999844685435
