0.207812235608   0.879489676625   0.428149600281
0.0360708581931   0.430517314355   -0.901861300202
-0.977503485774   0.202861579218   0.057742792537
0.750535521306   0.444773227957   0.488746567247
0.000327710071883   0.739344286489   -0.673327497351
-0.660830026489   0.505516371422   0.554758392812
0.899179519753   0.0196963504051   0.437136414658
0.0349825061671   0.992553233056   -0.116680348866
-0.436179338692   0.12020870738   0.891794511729
-0.200816963751   0.845770073376   0.494313187822
0.975815620744   0.128224117037   0.177037985708
0.0863505586937   0.517910761668   -0.8510652268
0.725465473381   -0.242423009729   -0.644151325977
-0.175453242777   0.839853120159   -0.513675866525
0.665519350585   0.485672544628   0.566750538207
-0.406328875512   -0.768133201257   0.494841611418
-0.750779851922   0.589342277348   0.29833754584
-0.52079405643   -0.250293952056   -0.81616571594
-0.733956133172   -0.674326359968   0.081193408222
-0.400248406093   0.332835243788   -0.853827804403
0.548734564891   -0.659169679524   -0.51418452304
-0.910160689766   -0.372808835013   0.18061304652
-0.23380808358   0.102391506208   -0.9668762851
0.341966782143   -0.922241586122   -0.180358435177
-0.610241586461   -0.0364406525583   -0.791376830153
0.23329458233   -0.962911130653   -0.135557349986
-0.757085758892   -0.267346659079   0.596109820537
-0.187477547588   0.980457521826   -0.0596257095959
0.940115113509   0.196692946167   0.278380070814
0.284667790067   -0.00386501871901   -0.958618445709
0.99779444208   0.0519257773954   0.0413517230157
0.0344537250785   0.127346421498   -0.991259718514
-0.0567379254353   0.990498158687   0.125276515131
0.848317238207   -0.356250533198   0.391718556802
-0.292508102578   0.301358488611   0.907536281659
-0.441357995366   -0.884459524341   0.151441433221
-0.362398854018   0.572152237961   -0.735736973502
0.69465671135   -0.360484029742   -0.622497650311
-0.621384849315   -0.736677058054   -0.26681039647
0.62903958666   -0.769380455978   0.111188644064
-0.57660740621   -0.557714888463   -0.597057795785
0.521376159517   0.311460794264   -0.79445521242
0.0131639694596   -0.517304602008   -0.855700097087
-0.634286020485   0.657239070808   -0.407084815675
0.772986385152   0.54811746157   -0.319467202318
0.814674448863   0.254993272724   -0.520849280655
0.0152605065273   0.888404639664   0.458807490259
0.579717741004   -0.381727163092   0.719869233686
0.0522742445947   -0.986143628828   0.157442522992
-0.958961921576   -0.00557443263543   0.283480087702
-0.278674429561   -0.165800091913   -0.945965588511
0.737776304927   0.671438833126   0.069685131417
0.661240255493   -0.739597713353   0.125525092284
0.135821385231   -0.0465308247015   -0.98964005366
0.330593895666   -0.94305204193   -0.0368852678794
-0.939152270896   -0.324861189267   -0.111616401206
0.0932774830541   0.0715405840053   -0.993066592863
0.414384491382   -0.52796420161   0.741309175054
-0.536261647084   0.516467838706   0.667595997377
-0.735329135196   -0.674177107046   -0.0691106896994
0.127686733823   0.700062989585   -0.702572294141
-0.0636550243178   0.712694582029   0.698580306218
0.989769698344   -0.0444771511048   0.135564183575
-0.575532373048   -0.261474179598   -0.774850782366
-0.217605116655   0.962312414799   -0.16310373811
0.788295943625   0.0747400132704   -0.610740067052
0.645451682045   -0.285993525456   0.708237109257
-0.713488234693   -0.556730862994   0.425423516382
0.272629122593   -0.779909182363   -0.563395874521
-0.0521568575706   0.906820137255   -0.418278487835
0.82522668007   -0.196739458455   -0.529428468696
-0.562388283321   -0.372787896308   -0.738070857556
-0.117565748668   0.77026194827   0.626797264095
0.66081721266   0.531825474964   -0.529605767656
-0.741281923887   0.351934921155   -0.5715268137
0.84686185909   -0.15584695167   -0.508465061956
-0.0370608401562   0.936478667403   -0.348760949088
0.530520014422   0.314196488104   0.787292246311
-0.0369790836608   -0.747865476979   0.662819548406
-0.276732441823   0.644997841066   0.712318000013
-0.960235221729   -0.157082799323   -0.230810067019
0.784663894306   0.319576493166   0.531199998397
-0.255163281899   0.947426217682   -0.193068023489
-0.564972807179   0.0159507723683   0.824955332282
0.680202203625   0.733012912932   -0.0041271179353
0.700907014721   -0.652037129555   -0.289096775934
-0.214602703485   0.193751538355   -0.957290984956
-0.38656913642   -0.889579019692   -0.243338179335
-0.875003116997   0.437140894995   -0.208032167644
0.291434121275   0.132502849983   -0.947369593317
0.782417738563   -0.605296287049   -0.146420216906
-0.531600885151   -0.52670322645   -0.663313017056
0.324380908718   0.596824986553   -0.733877989131
-0.818953049169   -0.573062657192   0.0302468346012
-0.103532249231   0.199387789918   0.974435982693
-0.564443755781   0.794885904976   -0.222619618667
0.744685147773   0.310090061155   -0.591006078255
0.667316003866   -0.330615428476   0.667370053861
0.0115490928794   -0.891368381635   -0.453132459627
-0.276573755767   -0.120033909505   0.953466727042
-0.444717321089   0.895523363504   -0.0162606340122
-0.851899902177   -0.42852043646   -0.301059418114
-0.614035316887   -0.772275226343   0.16294655759
-0.765642676   0.532670755569   -0.360628828533
0.191707846843   -0.346197680608   -0.918365525898
-0.239336784569   -0.845192160628   0.477878756499
-0.735063873468   0.479289578935   0.479544156006
-0.634349269899   -0.236498852535   -0.735981850025
-0.400481813154   -0.897009578187   -0.18705117171
0.125808193901   0.14837507938   -0.980896089472
0.907626918147   -0.416363611083   0.0534296309263
0.017876979202   -0.473690207562   -0.880510080291
-0.382047331169   0.810588569566   -0.443831057674
0.92396983229   0.344330884861   -0.166481204602
0.825376084213   0.310841735658   -0.47130853495
0.433602280485   -0.883638099992   0.176558126567
-0.361584543505   -0.350087310642   -0.86411544036
-0.198901023709   0.979474997291   0.0326666857622
0.783098046607   0.178887422671   -0.595614589603
-0.589233257782   -0.0928871338249   -0.802605848568
-0.666077492321   -0.680272396915   0.305892744437
-0.25968975483   0.595954716883   0.759867908522
-0.699215371928   0.426693652591   -0.573611814833
-0.0185110190295   -0.998027295588   -0.0599906198012
-0.00680002267506   0.060125175508   -0.998167689734
0.999805539539   -0.0180691560274   -0.00789959352029
-0.020771569044   -0.826091341222   0.563153284481
0.157494023484   0.55353842227   0.817796331989
-0.987301452663   0.105680196848   0.118606592145
-0.499704717309   -0.240148631882   -0.832240246188
-0.488819638329   0.871370187889   0.0420637208138
0.715087794578   0.427834816291   -0.552817160723
0.470000107927   -0.869934314172   0.149379291608
-0.32026310543   -0.325776539072   -0.889551096248
0.822515305047   0.370248428169   -0.431722867575
-0.119172495596   0.970603727264   0.20910843569
0.433511566807   0.240339889148   -0.868507035459
-0.893233258841   -0.0128512185909   -0.44940985019
0.0666059914201   -0.0665828030905   -0.995555330679
0.600369197295   0.799612183127   -0.0133113870079
0.796944485551   -0.596814122166   0.0932332208784
0.364871632632   -0.151913823517   -0.918580901801
0.930597347215   0.0905295872685   0.354673030588
0.0292790075977   -0.984239082487   0.174402284443
0.653044242213   0.603950473016   -0.456921267417
0.677723108889   -0.196801223444   0.708491826883
0.337971309659   -0.772342610002   -0.537831098025
0.598634463985   0.795194022822   0.0964533313245
0.761428522517   -0.602293168124   0.239728068504
0.24872350945   -0.0700671663399   -0.966036857798
0.476882774024   -0.00788652956917   -0.878931523875
0.174979651864   0.980796772267   0.0861383363359
0.861373869144   -0.19487302072   0.469105067698
-0.208041765515   -0.768269317797   -0.605376641141
-0.775471508364   -0.247652396321   0.580785871703
-0.596122942037   0.590280055893   -0.544248924374
0.897322857573   -0.436422550953   0.065932136179
-0.441046106279   -0.892357865607   0.0957902764325
0.0170300234037   -0.11503391649   -0.993215576737
0.273734348727   0.765825399699   0.581877088306
-0.0451211459763   -0.59409310983   0.803129765598
0.96074636138   -0.246099157618   -0.128068756397
0.584064655374   -0.574956172016   0.572969356514
-0.780189746031   -0.592435902509   0.200807570504
0.223992061092   -0.564309419063   -0.794595782314
0.157392008649   -0.968826663825   -0.191318215432
-0.554608963724   0.0735770651618   -0.828851809532
0.817090363088   0.236561451357   -0.525739511201
-0.450736358767   -0.683007787964   -0.574749593712
-0.81565411516   0.0535211315508   0.576058896512
-0.362691464351   0.728447561194   -0.581222032612
0.181934657766   -0.679333110276   0.710919328714
-0.66645467873   0.446405231396   0.597126888815
-0.723006174147   -0.582433588858   -0.371528146759
0.395411796155   0.912965574192   -0.100714338887
0.235287938352   0.0053120968683   0.97191119861
0.887856465755   -0.408002024821   -0.212709323974
-0.912581659474   0.408719618124   -0.0119578029211
0.254882926372   0.545743812618   -0.798247070118
-0.319733340667   -0.73151347552   -0.602211446599
-0.383600691104   0.91528708554   -0.122882311592
0.894377296542   0.401352489012   0.197497928392
0.230086424826   -0.0341428079105   -0.972571081292
-0.916708130025   0.399458693173   0.00888687516192
0.383874225288   0.87433754845   0.296941798715
0.110845853604   0.275620400394   -0.954854235879
0.209770199727   -0.942466060569   0.260296353948
-0.863343383837   -0.0535788793334   0.501764397371
-0.458949527495   -0.329980353294   -0.824911090148
0.0713363806302   0.936335798956   0.343782469407
0.933031051273   0.0592156540563   -0.354889500375
-0.352653047683   0.346076251292   -0.869406144407
0.877395146519   -0.418066361708   0.235368378838
0.19453397911   0.758456825463   0.622012680141
-0.438559331813   -0.49996375918   0.746794450524
0.867275265228   -0.48526630419   -0.111131587048
-0.494227979047   -0.812473771228   -0.309233073117
0.0597688911446   0.323114535112   -0.944470590255
0.945729030317   -0.271081090003   -0.179197220165
-0.318600504968   -0.664971287987   -0.675504922268
0.0639556041821   0.695936939971   -0.715249223534
0.376397391075   -0.881659309696   -0.284608263734
-0.882079706112   -0.247099446169   -0.401095066165
0.283302654812   0.40201831011   -0.870701371662
-0.934074523723   0.210608583178   0.288355360826
0.346891945561   0.343704475742   0.872658703765
0.0846803845674   0.915156412775   -0.394104017289
-0.358105015795   -0.848151579216   -0.390384109909
0.140238400493   0.364509589287   -0.920579153026
0.923089402833   -0.384410827933   -0.011589311968
0.503654790032   -0.820501104438   -0.270388205994
0.0484556092846   0.339321243564   -0.93942170336
0.862545012306   0.460042411556   0.210658653634
-0.276722056977   -0.656882441502   -0.701377497429
0.265424787465   0.649236632307   -0.712770290098
0.923566249953   -0.38340221999   -0.00530522189212
-0.881795588568   0.45457215151   0.125700797706
0.388430831995   0.548799812597   0.740229864575
0.267503308816   0.701557497804   -0.660499091248
0.123038368835   -0.358974532204   0.925202057991
0.823776638842   0.556822223019   0.106494426198
-0.553401854154   0.749056939586   0.364225330415
-0.267951155103   0.505165891655   -0.820371625821
0.239890871167   0.859673784788   0.451013696166
0.933088716294   -0.075950023745   -0.35153526957
-0.704420615402   -0.632683189889   -0.32171970432
-0.398467434748   0.72759995365   -0.558410251827
0.587380022099   -0.265160870289   -0.764640054197
0.314371487195   0.257101573932   0.913821294111
0.913340762266   0.180519616669   -0.364994973333
-0.258803456066   0.949374246152   -0.178071129266
0.639897424536   0.431692699739   -0.635745782762
0.534093914725   0.344982101939   0.771836149609
0.55251694776   -0.833443918078   -0.00981128542904
0.321545102102   -0.677066095452   -0.661959434228
-0.940159807643   -0.311510643607   -0.138060631118
-0.112731212482   0.666740357381   -0.736715059766
-0.809307710151   -0.295552832456   0.507611611856
-0.548088848966   0.690751390432   -0.471657852046
-0.211233612155   -0.65993260185   -0.721019637271
0.883022081041   0.441121600781   -0.160261467586
0.361810139793   -0.422312780236   0.831110908199
0.298940508148   -0.79187350777   -0.532513778106
-0.33909429492   -0.932263948511   -0.126091183606
-0.844848050785   0.360736175449   -0.395096420426
0.41381980059   -0.0274470518727   -0.909944958709
-0.16226517439   -0.437799649226   -0.884308470402
-0.98643072091   0.0946659843748   0.134137156869
0.0249887281066   0.894074835316   -0.44722001353
0.0489605304301   0.993253260079   -0.10512290137
0.859445983951   0.0117276722446   0.511092025794
0.508876668477   -0.115370791376   -0.853073332213
-0.0182636378646   0.208320584717   -0.977890062042
0.114968151711   0.972003292266   0.204919310738
0.993201270413   -0.108683640924   -0.0417025487214
-0.191357655724   0.929055751717   0.316603284814
0.403787900697   0.368518863736   -0.837346504659
-0.894615873436   -0.0323920949443   -0.445660374646
0.286238488727   0.679179780031   -0.675856756905
0.425833163439   0.541707750625   0.72471982934
0.858331897562   -0.495244929828   -0.134159666453
0.897456014404   -0.441043822603   -0.00728345240319
-0.438688035793   -0.890693188625   -0.119241140611
0.0461032470358   0.110208842231   -0.992838607357
0.804462525253   0.575357787164   0.147659946934
0.328599629186   -0.223971660711   -0.917528726851
-0.494835656433   0.786638479638   -0.369239162978
-0.164109446694   -0.388262634376   -0.906818774562
-0.217531727893   0.910895662341   -0.35064090652
0.962158048613   0.139718376431   -0.233946025484
0.49991663549   -0.00606078134133   0.86605232108
-0.715495211039   0.560565634467   0.416932573676
-0.48800610539   -0.828087818375   0.275899626283
0.859676358713   -0.169096534786   0.482040372517
0.2547647785   -0.675980966878   -0.691480040592
0.442776994037   0.717255952102   -0.538045015473
-0.770345105072   0.0930516856246   0.630800739473
-0.321837941155   0.797284428871   -0.510644546411
-0.550443937881   -0.596388209934   -0.584236568954
-0.206668181525   -0.815585886318   -0.540470089283
-0.589159472496   0.544756348131   -0.596767655253
0.781139789883   0.19509018537   -0.59309395419
0.977467963818   -0.134259451049   0.162882715951
-0.197333405269   -0.30726437443   0.93093937
-0.0749393522555   -0.942105611518   -0.326834957069
0.95673810255   0.031611720322   -0.289228114573
-0.288451736809   0.233060550754   -0.928697138508
0.0380499494466   0.971948290127   0.232096364742
-0.650110692311   -0.53634187897   -0.538231818932
-0.342154566098   0.839106368081   -0.422883857979
0.678444069137   -0.0907628409841   -0.72902384511
0.93413654118   0.346948599451   -0.0837591290784
0.311397138574   -0.90692247608   -0.283766528186
-0.174415436395   0.238994329995   -0.955228226016
-0.126529245104   0.874159523279   0.468866187999
0.888938533783   0.30967667825   -0.337473929312
-0.440202973118   0.374092899788   -0.816257241248
0.89622263831   -0.395752916157   -0.200411109416
-0.433282406707   -0.877834274462   -0.204140534611
-0.0951385277503   0.269789976067   -0.958207725526
-0.434098036654   -0.833748682698   -0.341206660478
-0.775595152401   0.153218105361   0.612353122036
-0.458269582919   0.530459537188   -0.713163106724
0.997360238354   -0.0230366427583   -0.0688612230353
-0.0477705703939   0.50604626193   -0.861182415554
0.0546857161581   0.862198639147   0.503609946852
-0.650002861737   -0.206579610824   -0.73131445837
0.230224692662   0.863586222808   -0.448570397234
0.724218588216   -0.459938772857   -0.513773763397
0.743555213854   -0.621040476963   0.247859574012
-0.628982703388   -0.775401925107   -0.0559696617499
0.226950217656   -0.114282851607   -0.967177862171
0.968351419676   0.0877497849105   -0.23365680585
0.138525818809   -0.967690054357   0.210681121738
-0.20762014641   -0.236380863823   -0.949219648478
0.615530282164   -0.707519830601   -0.347186055316
-0.76598382716   -0.433409913168   -0.474789014863
0.18544876443   0.558185920113   -0.808725673732
0.990309929872   -0.00250769245542   0.138852274986
-0.055292080272   0.910054102094   0.410785001005
-0.127393204879   -0.414481896673   0.901096958492
0.991079022597   0.106482742892   0.0801485897152
0.0329053473618   0.387254681285   -0.921385397047
-0.129149560906   0.915803055925   0.380296139382
-0.758073258095   -0.606381523809   -0.240054964228
-0.652074894934   0.698481466222   0.294825326659
-0.0111026872417   0.380033010969   -0.924906289357
0.299674687264   0.924462540312   0.235720364333
0.787685425696   -0.379152424589   0.485587379109
0.538281291471   0.0401552507566   -0.841808053324
0.491429449861   -0.148996055029   0.858077643381
0.721014746511   0.622239233154   -0.304886946678
-0.488502611864   0.768517072372   0.413215045515
0.680956742787   -0.68405662816   0.26146600677
-0.679562000282   -0.45718178913   0.573742477839
-0.272934847534   -0.568376171716   -0.776179912528
0.921507151064   0.115607897078   0.370755154855
0.381912002571   -0.096500503132   -0.919146820534
-0.0704825723896   0.988596211574   -0.133077947251
0.520125952263   0.844753179912   -0.125940684127
0.835453408365   -0.533850497529   -0.130465472422
-0.177444620492   -0.0373590962306   -0.983421421687
0.522163636097   0.814089529403   -0.254171946893
0.581832687262   -0.122144065535   0.804084298514
0.623551011951   -0.567749128752   -0.53744308817
0.801386512863   -0.506240050881   0.318591685399
-0.345877634998   -0.826750774587   -0.443679799239
0.48800441876   0.24536526553   -0.837644029015
0.621853258434   -0.763927429681   -0.172375749845
-0.641368277116   -0.623098261849   0.447655285643
-0.449383188452   -0.16781955737   -0.87743450256
0.816528832581   -0.541276918037   0.200748510213
-0.479583699548   -0.829558341408   -0.286063701281
0.321372278642   0.137303547164   -0.936945891064
-0.360639146915   -0.605014820013   0.709856663347
-0.779700562452   0.613233151894   0.126539072826
-0.511865654099   -0.507840695104   -0.692886276399
-0.369666368277   -0.531424493723   -0.762190786136
-0.287623427329   0.845453444758   -0.449979152874
0.883526768723   0.0528817685144   -0.465385838954
0.355197537251   -0.358030000296   0.863509836064
0.081152943582   0.932068975515   0.353074532546
-0.93126200279   -0.0553348413942   0.360123792582
0.999999953071   -0.000196749954645   -0.000234833980303
0.000196830508513   0.999999921787   0.000343050945567
0.000234766466678   -0.00034309715196   0.999999913585
0.693067036001   -0.393628661577   -0.603916019824
-0.636839173225   -0.726874640736   -0.257078035344
-0.337777959109   0.562769691433   -0.754451003561
0.896127017836   0.148496619837   -0.418216596812
-0.248424582092   0.948729616228   -0.195441403819
0.367752083562   0.279035605634   0.887072452439
