0.0481492696616   0.239498696762   -0.969702027467
0.643144103407   0.735363559461   0.213555842036
0.764229880387   -0.633940698855   -0.118624956272
0.766001013275   0.0623308963022   0.639810368021
-0.484911385485   0.709431063915   0.511437692959
-0.422022980285   -0.702013123038   0.573649875093
0.918417609349   0.204333345161   0.338757994581
-0.108709825226   0.953673971994   -0.280514044284
-0.380383055269   0.220802715555   0.898084011698
-0.526251234694   -0.661828241866   0.533894199493
-0.850243932646   0.400662848499   -0.341400844803
0.0120371501213   -0.633602919897   -0.77356476582
0.698687024379   -0.292296566999   -0.652992464646
-0.133879934672   0.843188408635   -0.520681736414
0.702789161169   0.451216161572   0.549992154925
0.0727585752866   -0.641137480504   -0.763969188392
-0.997349566728   -0.046908457404   -0.055618687228
-0.000177391134464   0.765991075479   -0.642851180923
-0.789286114836   0.28358510031   -0.544616305125
0.608464686308   0.24212668613   -0.755741618134
-0.0824509214145   -0.927876154853   -0.363658750495
-0.965531397306   0.25921742027   -0.023567983594
0.180507291976   0.601604886539   -0.778131530037
-0.187526633751   -0.755564616378   -0.627659041293
-0.795151374203   -0.582416051805   -0.168895928616
-0.594222184848   0.803899241287   0.0254166263137
0.120972257723   0.120571773055   -0.985306125224
0.764202952835   -0.522346103805   -0.378349566828
-0.597059642895   -0.794803300896   -0.108662301238
-0.243954154925   0.308937308727   -0.919262807673
0.4313822365   0.315673627022   -0.845138762119
0.494489906929   0.700798054168   0.514161277443
0.75457875532   -0.639712629607   0.146214409496
0.271399061087   0.222756316098   -0.936334434527
0.345256721804   0.88556801613   0.310752449478
0.898409898483   -0.407613680396   0.163434212649
-0.253629131627   0.877833930451   0.406300201994
0.798214851292   -0.0473180626853   0.600511492081
0.546374701801   0.476622063583   -0.688698841104
-0.619348373804   -0.455925610774   -0.639170892098
-0.72679402719   0.640858739446   0.247124499224
0.296947863954   0.617601743453   -0.728278828867
0.633029377746   0.758388575851   0.155308000208
0.262344122229   -0.0214140896598   -0.964736750775
-0.72831955105   0.651450846021   -0.212514533093
0.812305152687   0.10149274479   0.574334015772
0.182534073234   0.891032250578   -0.415623435983
-0.553932893974   0.442448585922   0.705264204245
-0.265561876327   0.521735597954   0.810721194782
0.865493420238   -0.241451053917   0.438887830871
0.424732891788   0.818225735595   -0.387438532213
0.580012550841   -0.724478670448   0.372446099365
-0.679594700823   -0.682436223662   -0.269131646683
0.449150847133   -0.0970126625661   -0.888173440168
0.106025912139   0.916761974234   -0.385105165577
0.967634286474   -0.184316811238   -0.172369372963
-0.229003042765   -0.354365342117   -0.906632676838
0.448456046346   0.218883395687   0.866589426192
0.763818928948   0.409672070599   -0.498747870523
-0.464185112079   0.88558390549   0.0165326362211
0.871173865388   -0.398562732498   -0.286712128326
-0.26318190501   0.113891767333   -0.957999974014
0.414477238387   0.910041984525   -0.00567496802134
-0.518905895105   -0.256653132966   0.81539305943
-0.389192395834   0.920200094432   0.0419650477371
-0.761095231263   -0.295568867687   -0.577384701394
-0.697701603001   0.182380203422   0.692784190473
0.276502264693   0.960673269464   0.0255610437513
-0.660877424935   0.209390378809   -0.720691819346
-0.371491255595   -0.669136248068   -0.643623281537
-0.801652088573   -0.118521953066   0.585923608952
-0.468346213716   0.733627445071   -0.492384601643
0.0493804122915   0.660675413478   -0.749045774904
0.843609973471   0.373889967991   0.385393960114
0.534681014752   -0.650933398941   -0.538889527266
0.822833488574   -0.350010654195   0.447702570945
0.196717242617   0.914541462478   0.353434916025
-0.53314855016   -0.202747269668   0.821368472797
0.0109355679344   0.654631345249   -0.75586917861
0.453910571674   0.670295144039   0.587085694597
0.890980137981   -0.34951712647   -0.289814030074
0.828536278246   0.0634859118223   0.556324702517
-0.244232403544   0.935031727782   0.257033462996
-0.503863244035   -0.348834068062   0.790213024614
-0.862280990847   -0.505754823376   -0.0261448169872
-0.287275059947   0.530996943892   -0.797192125845
0.417066580722   -0.679892862302   -0.603159318119
-0.841525827013   0.481506920395   -0.244919105177
0.412154074906   0.865349804083   0.285129330502
0.349232445526   0.138999288435   -0.926669248873
0.908096068987   -0.409126984052   -0.08931203957
-0.231346825826   -0.667913968541   0.707368063184
-0.349056121092   -0.621696100641   -0.701180278374
-0.319702873674   0.453016981808   -0.832205315267
0.886930381831   -0.16595045595   -0.431062575452
-0.333383518415   -0.875920122136   -0.348739686996
0.997886850356   0.0523524949736   0.0384844144572
0.0601790811859   -0.521325724417   -0.851233203798
-0.0245012667776   0.851750377359   -0.523374610194
0.115489667766   0.433660980001   0.893644387362
0.813250118706   0.475289135414   -0.335744668137
-0.570338830051   0.76553144428   -0.297783859122
-0.868968072908   -0.416344627857   0.267491381391
-0.406861238535   0.29336881518   -0.865100381954
0.281706266954   -0.86057648651   -0.424322624925
-0.65273119388   -0.522069682979   -0.548985641581
-0.344954052304   0.849982376947   -0.398166624267
0.674498843844   -0.0705209542993   -0.73490006441
0.870888393252   -0.310637482881   0.380864491294
-0.490375081386   -0.49724848087   0.715734746834
-0.0329497504532   -0.81009153958   -0.585376811501
-0.0426316683888   -0.921901920159   -0.385070630498
0.351121515704   0.347010053732   -0.869653783886
0.935358873414   -0.172281375154   0.308905981992
-0.682922766039   0.465128166286   -0.563269282457
0.725690600171   0.343732872055   -0.596004081777
-0.0836041174558   -0.815783979739   -0.572282141912
-0.31051078475   0.94160852652   0.130216878101
0.7958285624   0.332428515704   -0.506110838864
-0.519846084745   -0.053522562846   -0.852581599289
-0.707602306382   0.0109140818191   -0.706526615782
-0.695489135619   0.165945809072   0.699111472285
0.124875290694   0.986074475516   -0.109833011898
0.666324882407   -0.742003420238   0.0737704238941
-0.218104807486   -0.288548930039   -0.932292769427
0.71305080046   0.605120185855   -0.354101845002
0.0593714422714   -0.943856310301   0.324977379752
0.239654164649   0.329507751978   0.913230815706
-0.96904123401   0.0236623518179   0.245762446067
-0.214443015337   -0.975129648183   0.0560032356939
-0.00568499538778   0.058582216351   0.998266399693
-0.976719956795   0.213752878722   -0.0181061546722
0.778827548235   -0.180769678736   0.600624652642
-0.586049280173   -0.550997443768   0.594094317572
0.223548409342   -0.81469266611   -0.535071928314
0.0998079827358   0.333452980338   0.9374686536
0.99210866538   -0.105207904181   -0.0682033208192
0.0758865116865   0.936878010627   -0.341322179973
0.779884982922   0.540288325402   0.316018890016
0.265968633632   0.170984721051   -0.948696427257
-0.566604005754   0.82392520935   -0.0103513314182
-0.158418807117   -0.323291896595   0.932944709588
0.00481077327124   0.944612659807   0.328152067484
-0.987360287845   0.0564736445562   -0.14808912674
0.446528504259   -0.470586382   -0.761026117791
-0.876008471596   -0.056663523466   -0.478955533219
0.182267530232   0.880532624145   -0.437539535629
0.0914606764571   0.971090516961   -0.220495243783
0.891683614892   -0.178439571184   -0.41600438744
-0.443322992406   -0.158563953358   -0.882225706438
0.636964268574   0.548688819275   -0.541495244821
-0.110246163337   0.76004147534   0.640455103214
0.762969399144   -0.348249243166   0.544610099616
0.465798444144   0.834594890639   0.294080223667
0.833572840404   -0.525375127493   0.170696500117
0.29696486185   0.165627123174   -0.940414550555
-0.832537529042   0.504426271191   -0.228987771874
0.553218831657   0.735556587449   -0.39103124039
-0.0288129664619   -0.452228530272   -0.891436576191
-0.223956343496   0.847631762402   0.481003068157
0.716936706967   0.477604228386   -0.50783457861
-0.660185818094   0.231115980399   -0.714660821084
0.890643120047   -0.402166184603   0.212172554011
-0.454558524312   -0.799249513035   0.393162515874
0.0114621415346   -0.446612332874   -0.894654147387
-0.103938211812   0.409345443062   0.906439825016
0.976340452418   0.21575092398   0.0145210115551
-0.189621119873   0.886503156819   -0.422085280311
-0.512987426393   -0.856327813059   -0.0595531438615
-0.791634561381   0.445125115855   0.418543130945
-0.331901523932   0.261851690498   -0.906242280295
0.310578625616   -0.580496022102   0.752705311286
-0.767828521103   0.313587266459   0.558661246641
-0.560339432393   -0.751456848157   -0.348327899929
-0.404316260076   -0.257734247226   0.877554226042
0.0390342147187   0.953738234771   0.298093457858
-0.913785911425   0.154778672121   -0.375551422228
-0.637619095141   0.76817881031   -0.0578204540173
0.724141210452   0.623284747438   0.295187450505
0.262795351626   0.146346981527   -0.953688190218
0.135964749127   -0.690061945614   -0.710864331789
-0.855635749677   -0.443483817567   0.266851208407
-0.499400691697   0.571958577844   -0.650739836155
-0.105241178344   0.9256421658   -0.363470597534
0.898603184924   -0.0680371963092   -0.433455021843
-0.425953765593   -0.372233153829   -0.824624683577
0.187130883409   -0.98230987131   0.00702489873961
-0.703214118406   -0.138949349779   -0.697268228066
0.685909568492   0.125540411517   -0.716775884728
-0.829383992013   0.0419409085121   0.557102462731
0.431462027078   0.681563043089   0.59102651166
-0.354912260958   0.730556485487   -0.58337338689
0.807552080035   0.211040537595   0.550746338638
-0.462730898266   0.805703919862   0.369758447245
-0.365704462403   -0.553446551177   0.748302853909
-0.266066959962   -0.931069240659   0.249636619737
-0.925691876543   0.319028494638   0.203261824529
-0.26889202762   -0.177005335249   -0.946766174286
0.667916108781   -0.74305433464   -0.0419324147214
-0.460666439849   -0.457021106334   0.760866702888
-0.584529300231   -0.48887827129   -0.647551953926
0.757387009005   0.415997205928   -0.503300350934
0.620883700736   -0.697452265072   0.35785998394
-0.202159216338   -0.583529487349   -0.786527169679
0.85829120339   0.343432772549   -0.381300591296
0.392568794781   -0.917963522993   0.0568569416888
-0.330493496983   -0.198486526478   -0.922701006426
-0.345446655062   -0.776580388293   -0.526867638985
0.0132241849711   0.557346112429   -0.830174940532
0.938345208024   -0.293748551443   -0.182263707547
0.616019159661   -0.124306606912   -0.777861338806
-0.705841990468   0.351297755154   -0.615123541833
0.34972486246   0.927975083018   0.12866532507
0.955348407003   -0.275279951628   -0.107379557963
-0.181837617915   -0.261277393822   -0.947981647603
0.232904491041   0.925178399938   -0.299667192638
0.749078440194   0.555528825397   -0.360928267929
0.577456997499   -0.814548825148   -0.0552596370791
-0.324692017883   -0.167026751162   -0.930954970941
0.185695532171   -0.674144505154   0.714875062863
0.00868893722594   0.728626861198   0.684855750879
-0.98256891448   -0.120963148575   0.141160352031
0.0186006016083   0.846727822744   0.531701054927
0.308017424464   0.501075638491   -0.808732632417
-0.951198866613   0.178816103026   -0.251486614856
0.90648185241   0.422103338004   0.0109280966594
0.364524047091   -0.79536580338   0.48426796085
0.213102957142   -0.434996564193   -0.874851483852
-0.115495162713   -0.1965063904   0.973676592057
0.944379398469   0.28213475881   0.168960142097
-0.307909758103   0.939034193414   0.152991386887
0.486858349783   0.170397319094   0.856699305995
0.755866780257   0.409352170035   -0.510975744427
-0.437760616949   0.896323353781   0.0704988490351
-0.799053566258   -0.458842554272   0.388557471475
-0.180302474705   0.799357306893   0.573165694657
-0.573589065328   0.3879322187   -0.721459754823
-0.0306334856304   0.877807337837   -0.478033332727
0.997696286706   0.0558154077339   0.0385585237447
0.0605285804557   -0.475750899   -0.877494941893
0.815276411243   0.567171853211   0.116792389292
0.3806396568   -0.372896338858   -0.84620433238
-0.436391825017   0.734346246258   -0.519901688462
-0.393098729071   -0.897402509206   -0.20035499912
-0.573354524167   0.0688807465967   0.816406781185
-0.718844892045   0.435802913274   -0.541606722596
0.442023592671   -0.896845392323   -0.016837036322
-0.618722784377   -0.291248979096   -0.729627403728
0.649459205506   0.332929984301   -0.683637598396
-0.059683439305   0.573909003643   0.816741294783
0.954621365466   -0.206345801022   0.214754415529
0.291780629348   0.792495972186   -0.535550369618
0.0748335553015   -0.27217910231   0.959332307005
0.829453559122   0.551009081408   0.09162851883
-0.553540181249   0.788864708597   0.266993893696
0.442755824194   -0.687674414241   0.575387851924
-0.84053599719   -0.0948864542634   0.533381475332
-0.312196280521   -0.719791956609   -0.620026629779
-0.0971907601108   0.124656665578   0.987428312272
-0.542476033429   0.825162137209   -0.157566495393
-0.834430170418   -0.550970201592   -0.0125748818468
0.283438827428   -0.753354295486   -0.593396778369
-0.667626236779   -0.599210129455   0.441839822474
-0.688431288562   0.270932696866   -0.672798509732
0.786671459096   0.580381039652   -0.210489582299
0.386341877889   -0.19685547959   0.901103697441
0.481547473084   -0.790193500964   -0.37908608811
0.865369607059   0.389387116555   0.315456996498
0.388901492041   -0.124808347704   -0.912786122722
-0.316055489853   0.912579064961   -0.25943858142
0.361085199669   -0.161913508403   0.918368931517
0.719270918304   0.675150688863   -0.163770856413
-0.593520702808   0.719691297102   0.36024659917
-0.480832830298   -0.0521819229832   -0.875258154048
-0.853644943278   0.255810802454   0.453708214788
0.200225123622   0.965317502309   -0.167547066852
-0.778690820613   -0.0669537136291   -0.623825140668
-0.130109887087   0.989907503071   0.0561654043441
0.613768704954   0.124901303413   -0.779543226018
0.133791159341   -0.820295893812   -0.55607065403
-0.815382572705   0.227797818746   -0.532221207677
0.563250553313   0.524616812889   -0.63837764201
-0.303804977519   0.682413493195   -0.664841605148
-0.303953580906   0.591935584469   0.746474704523
0.902947814818   0.428863717448   0.0275890479837
0.261145250111   -0.395174411778   -0.880704458159
0.0719192060957   0.917793277343   -0.390490880634
0.962616635083   0.0386352732534   0.268097984926
-0.524042669694   -0.795364412919   0.304589446653
-0.304794108302   0.509079056279   0.804946623079
-0.795286006349   0.328989308524   -0.50920153475
-0.635237661555   -0.741956260368   -0.214415533585
-0.685588334998   0.669558717135   -0.28576171756
0.355586484918   -0.0345258165569   -0.934005470934
-0.24116016104   0.962486013572   -0.12434810175
0.569051823543   0.244032447418   0.785256764843
0.786143624825   0.118612133811   -0.606555325476
0.156205667358   0.713347645761   -0.683180009787
0.907323087969   -0.376972115373   -0.186163471899
-0.390339087876   -0.590785206753   -0.706121969604
-0.807989833056   -0.586676309176   -0.0544365495733
-0.582656324737   0.809331277316   -0.0741248325632
0.0875444853852   -0.0281743111823   -0.99576210576
0.527964042504   0.346933545289   0.775171648718
-0.0819965762073   0.929313518851   -0.360073527451
-0.845299078027   0.126544453984   0.519091485052
-0.654353841361   -0.163518561413   -0.738297182969
0.253059851193   0.872693679355   -0.41757209405
0.712588073167   -0.460073279043   -0.529670478599
-0.136541252929   -0.831978982373   -0.537742930343
-0.855498517898   -0.174663204787   0.487457742541
-0.499478500156   0.526596370837   -0.687908053519
0.309955159578   0.803211330986   -0.508703604104
0.62756973812   -0.574776446846   -0.525155462649
-0.714201668192   -0.156472342378   -0.682226049946
-0.448794798971   0.834313435513   -0.320162958065
0.574400462537   0.543778674444   0.611856896546
0.684578218345   0.0906964416897   -0.72327506414
0.908956352639   -0.270811176946   -0.316953711822
0.306101277272   0.949679821983   0.0664096662371
0.283020064746   -0.157383424028   0.946113154328
0.893284956893   -0.245715542151   0.37638525228
-0.221204451381   0.488631312001   0.843983430893
-0.391293465928   -0.837175795922   0.38213362878
-0.895373720938   0.408318473955   -0.177713037452
0.438586524776   0.877693151612   -0.193123255715
0.077121722865   -0.250860031573   -0.964946363494
-0.85645047367   -0.259352258388   -0.446350750216
-0.51131263326   0.545228528027   0.664293040226
0.0710772623099   0.797158866409   -0.599571317266
0.419556480557   -0.354460851686   0.835661333463
0.805018321611   0.570671045636   -0.162111256684
-0.419425632852   0.740737512412   0.524776215364
-0.45936343529   -0.81810170523   -0.34596941226
-0.483438076715   0.55702397572   -0.675286543961
0.745166330628   -0.142947159374   -0.651377961959
0.864769339824   0.438965993153   -0.243891053043
0.281013155121   -0.0205068346217   0.959484797369
0.416179763502   -0.898269629114   -0.141088900564
0.0735932598023   0.99700156774   0.0239145570392
0.996916599751   -0.0728899996678   -0.0290575479274
-0.0272272887837   0.0259792585619   -0.99929162554
0.216271631757   -0.838106575571   -0.500803303998
-0.747885078616   0.18751950127   -0.636792231297
0.627610142121   0.512263413335   -0.586252253633
0.595550311723   -0.717721630489   0.360826117867
-0.802800449534   -0.547870521501   0.235264382975
0.0288316568226   -0.429783146245   -0.90247170746
0.300275026523   -0.546875634058   -0.781512603429
-0.816678531381   -0.570712307634   0.0855782582897
-0.492819525614   0.612547551447   -0.617992242981
-0.937919576241   0.157370157705   0.309097884111
0.333020102767   0.657728386877   0.67564116234
-0.0969766964337   0.736632881807   -0.669303755992
-0.227948711516   0.717670849545   0.658018188678
0.812646650252   0.512483348797   -0.277427898812
-0.536325280731   0.471496944761   -0.700032730898
0.676239679352   0.44600932322   0.586323783989
0.71531814575   -0.207261031194   -0.667355089371
-0.176124519674   0.870700033622   -0.459196695349
0.380797672726   0.284151331383   -0.879915423958
-0.593903610251   0.804531378672   0.00278611979625
0.708711248801   0.52152399907   0.475122178199
0.999812701644   -0.0113950954406   -0.0156433190888
0.0121447978272   0.99873974102   0.0486973674218
0.0150686933059   -0.0488782314326   0.998691069838
0.745032088977   0.429901532675   0.510011625944
0.630033936499   -0.704640385555   -0.326403379125
0.219053475786   0.564505623752   -0.795832253366
0.992448569839   0.0231327536255   0.120460416462
0.0411756102082   0.862242561838   -0.504819109859
-0.115543954184   0.505967034761   0.854778892104
