0.047092626303   0.228188881575   -0.972477310211
0.651064950351   0.731335170005   0.20313369868
0.7575597105   -0.642711991051   -0.11412528899
0.764074785337   0.0593318718627   0.64239353312
-0.483347914612   0.712154127787   0.509127971846
-0.427275690688   -0.69951142039   0.572816948851
0.918647094146   0.204773233051   0.337868967859
-0.108874050635   0.953293018404   -0.281742545883
-0.379781460204   0.222036807959   0.898034352571
-0.52111487471   -0.664965642618   0.535032691987
-0.853392515531   0.396659356384   -0.338204922243
0.0126689302082   -0.632836510586   -0.7741817933
0.698147867498   -0.290463063758   -0.654385791182
-0.136103951845   0.843494190379   -0.519608761559
0.702897765966   0.451828241027   0.549350499417
0.0761427085418   -0.646870149361   -0.758789363263
-0.997076439824   -0.0445181658625   -0.0621023836545
0.00639226746162   0.761299640598   -0.648368719281
-0.789650801997   0.281697810902   -0.545066926383
0.607863162983   0.238440760326   -0.757395787486
-0.0833905629662   -0.929404296928   -0.35951865996
-0.965709057588   0.258558317441   -0.0235289730452
0.179919060059   0.601137620158   -0.778628726324
-0.187176782528   -0.756162124225   -0.627043614088
-0.793088464843   -0.584977680629   -0.1697403903
-0.597157057236   0.801657016272   0.0273765822433
0.120058885245   0.12307372355   -0.985108482679
0.760646904325   -0.52874519963   -0.376622889384
-0.602907759382   -0.790481020863   -0.107898050631
-0.240662669761   0.309141180566   -0.92006152504
0.423471460505   0.315387096277   -0.849236658205
0.489425720523   0.709205567326   0.507434653293
0.762321707829   -0.630522357078   0.145969760555
0.271468218234   0.222623651812   -0.936345938285
0.344816616498   0.885801183668   0.310576502653
0.898558015643   -0.407179288111   0.16370253467
-0.257585085403   0.876052997893   0.407653122959
0.796004399683   -0.0467690494113   0.60348127701
0.547747130948   0.479941455698   -0.685295031091
-0.620073406458   -0.452755833204   -0.64071922564
-0.726775005544   0.639071748352   0.251764556234
0.295477684304   0.621771224775   -0.725323019159
0.630664038111   0.760845542402   0.152895165521
0.259051617362   -0.0206776899202   -0.965642114182
-0.731542979308   0.648603495015   -0.210138943746
0.812525745641   0.109493402868   0.572549654963
0.175278832397   0.890855758684   -0.419110186148
-0.555948957715   0.440893651517   0.704651363774
-0.263312160343   0.521796297793   0.811415633215
0.865699176465   -0.243360221918   0.437425123031
0.425713098325   0.817621199578   -0.387638919507
0.575024511235   -0.725267430554   0.378594724814
-0.679546382837   -0.681092324341   -0.272635212872
0.455591401425   -0.100500745781   -0.884497639932
0.108885383796   0.916718790212   -0.384409459909
0.967500318427   -0.186516829474   -0.170747199589
-0.228225999921   -0.353324400508   -0.907234678
0.448189783347   0.21580771843   0.867498096118
0.765368291357   0.408765811091   -0.497113558725
-0.461884505789   0.886756753766   0.0180322755961
0.872346497863   -0.398414059439   -0.283333416503
-0.260140193111   0.11241028597   -0.95900521768
0.413930752173   0.910291252759   -0.00558279107067
-0.518283293452   -0.261654719058   0.814198523533
-0.384949630228   0.921521741697   0.051102463416
-0.763672842201   -0.286939867523   -0.578333210623
-0.696235716339   0.186385849876   0.693192716538
0.281406798169   0.959270279078   0.0247132681443
-0.660352967162   0.212275402825   -0.720328475154
-0.374969708184   0.670620675591   0.640051269364
0.802795574264   -0.110367211065   0.585950803962
0.463591397555   0.733544128319   -0.496986949448
0.0545985644957   0.657588755348   -0.751396051088
0.847258151249   0.367690177862   0.383350437908
0.528367884995   -0.65755681271   -0.537072077248
0.822900803616   -0.348737264215   0.448571719969
0.194977872391   0.914863393025   0.353565554572
-0.533683329968   -0.203487819414   0.82083787112
0.011854302317   0.658690953672   -0.752320213119
0.450231160854   0.668274929686   0.592199729947
0.892833342406   -0.345738117517   -0.288641259668
0.82851144219   0.0667686556748   0.555977280813
-0.247196337652   0.93449694995   0.256143360613
-0.502456725312   -0.349653252744   0.790746382878
-0.861512712619   -0.507223079114   -0.0228165293498
-0.287061342085   0.523652072295   -0.802112394283
0.4187978413   -0.684480281086   -0.596737055099
-0.83987537575   0.48455832428   -0.244566112901
0.415633577287   0.863935194114   0.284367209436
0.349081770708   0.137183128487   -0.926996605505
0.909937212007   -0.406350242494   -0.0830286133273
-0.233798506296   -0.667913518058   0.70656195118
-0.342567553425   -0.623515046192   -0.702763444211
-0.321288171688   0.45181363516   -0.832248971053
0.886484348922   -0.165585471162   -0.432119139656
-0.333045657306   -0.876610455576   -0.347325062911
0.997974433865   0.0523312372985   -0.0361727930128
0.0582020253464   -0.521526489439   0.851247699004
0.0256817755832   -0.851628770308   -0.523515887043
0.117200506509   0.435391495526   0.892579568945
0.813230902984   0.473796065226   -0.337894638916
-0.570017139835   0.765474711666   -0.298544680232
-0.865372021675   -0.422599680339   0.269333945658
-0.412476429596   0.295438792294   -0.861730302959
0.28459525494   -0.856811198682   -0.429976872264
-0.654942268056   -0.512890681718   -0.554971867869
-0.349142349801   0.856695509822   -0.379700438538
0.670186724051   -0.0549176843757   -0.740157958043
0.868784916924   -0.308470139845   0.387374419586
-0.494415957194   -0.496637913912   0.713374826957
-0.0276700089871   -0.811293384225   -0.583984088236
-0.0436640642955   -0.90552089091   -0.422049008554
0.314287182694   0.388553176665   -0.866169726844
0.948323265712   -0.170465084498   0.267627798783
-0.690190509109   0.464792683039   -0.554621332916
0.720221974312   0.366955933857   -0.588747526809
-0.0701239534616   -0.805798426655   -0.588023406632
-0.31202712278   0.94221287661   0.121958885691
0.790675407177   0.328700497746   -0.51651561764
-0.526755612342   -0.0647369904404   -0.847548020429
-0.70615340805   0.0200843652901   -0.707773962912
-0.699207707814   0.137779431306   0.701516507037
0.111606207889   0.990259282503   -0.0832502719616
0.665969236104   -0.742255521644   0.0744427105382
-0.217591724659   -0.288736677482   -0.932354531515
0.713539640051   0.604721317357   -0.35379840363
0.0595317187563   -0.943096823651   0.327145771297
0.236640825867   0.331718323431   0.913216334408
-0.96977167106   0.0230507075169   0.24292297316
-0.213847762625   -0.975378260117   0.0539108904937
-0.00415998770743   0.0560963263248   0.998416694911
-0.976858141658   0.213284907731   -0.0160536354489
0.77309027306   -0.169342633243   0.611272854187
-0.587859027488   -0.553235229227   0.590213982332
0.238229287662   -0.815630954358   -0.52725037012
0.0987607668345   0.328358433658   0.939375883223
0.991798005548   -0.109447532372   -0.0660148002345
0.081135855985   0.938190799733   -0.336474361833
0.779821375383   0.540247475437   0.316245613061
0.26633320591   0.170854696374   -0.948617571078
-0.566520296129   0.823978966972   -0.0106496978011
-0.157960757646   -0.320449771187   0.934002325045
-0.00104818272346   0.945931329375   0.324365259268
-0.987444834083   0.050257977007   -0.149755919383
0.444729765054   -0.470846527978   -0.761917963541
-0.876722150121   -0.0548206037188   -0.477862922704
0.183231295259   0.880510220554   -0.437181934598
0.0917696655538   0.97015655356   -0.22444284366
0.889788994158   -0.181080973613   -0.418909568846
-0.447050192215   -0.161263581075   -0.879852364354
0.636846768723   0.546650172153   -0.543690888697
-0.107558009289   0.761281718403   0.639438362834
0.763451025151   -0.348745945511   0.543616406747
0.462434610982   0.834894480801   0.298505337464
0.833801172672   -0.523981652378   0.173835647735
0.301545742828   0.168506480292   -0.938443248727
-0.831838289315   0.505036236475   -0.230181363886
0.554206297539   0.733398012974   -0.393678465672
-0.0300073357863   -0.455044782866   -0.889962811239
-0.224331909095   0.846992387166   0.481953411281
0.717736491605   0.478135496864   -0.506202306651
-0.659188533867   0.232358220691   -0.715178393198
0.891481927515   -0.405889610459   0.201279897245
-0.453056254714   -0.798725295429   0.395951932062
5.4569925192e-05   -0.444175107993   -0.895939992667
-0.102869465759   0.387865072324   0.91595772757
0.980870513889   0.192545038442   0.0286259176455
-0.165260122251   0.901380659793   -0.400252418051
-0.512564999341   -0.856388514357   -0.0622561958953
-0.790655774062   0.442457987278   0.423195435274
-0.334873958966   0.266138388758   -0.903897001674
0.307146650315   -0.577472968493   0.756429709793
-0.769964738648   0.316346315079   0.554147372251
-0.559298879345   -0.752628712974   -0.347469112246
-0.404753416062   -0.258257845948   0.87719869881
0.0443543509988   0.952615108176   0.300927146036
-0.913349529882   0.160708869326   -0.37411936008
-0.636866804365   0.769025126834   -0.0547816373976
0.723764494363   0.620840408433   0.301201168585
0.26564192101   0.152176021616   -0.951985729015
0.133921956558   -0.691457679955   -0.709895193943
-0.856710407234   -0.440844039706   0.267775672519
-0.498108610334   0.572313558714   -0.651417686913
-0.0993259730841   0.926014825996   -0.364185245595
0.899074724988   -0.0733096750144   -0.431613635605
-0.426378927671   -0.37030019388   -0.82527497021
0.183614538535   -0.982949551817   0.00979182423104
-0.700902202156   -0.137899398283   -0.699799870653
0.68921825589   0.12163031915   -0.714271839857
-0.829117086079   0.0446237250459   0.557291288948
0.430777216127   0.686375954053   0.585934330589
-0.356364767674   0.725876554836   -0.588308915029
0.807566296512   0.210775464444   0.550826996729
-0.462712172249   0.805539770107   0.370139331102
-0.365696762892   -0.553786405001   0.748055141848
-0.252437097676   -0.93479089984   0.249882943166
-0.930396566699   0.305427684192   0.202672539826
-0.265777614527   -0.181328164666   -0.94682752194
0.669169284068   -0.741784591532   -0.0443631494116
-0.458206756826   -0.458878007026   0.761234223263
-0.585029090951   -0.489067065375   -0.646957779386
0.756383903016   0.413502460524   -0.506852154379
0.620794422923   -0.697973236055   0.356998103943
-0.20614964401   -0.584678609915   -0.784635741847
0.857999155588   0.340576223379   -0.384506547512
0.390216285374   -0.918971900838   0.0567617485567
-0.334019010896   -0.198742249003   -0.921375503701
-0.34897061951   -0.770112902631   -0.533990284486
0.0144851996878   0.565311559542   -0.824750277139
0.937021710375   -0.295548571054   -0.186121885974
0.615194761262   -0.121283869483   -0.778990133903
-0.707442532572   0.351155037127   -0.613363842272
0.347937449584   0.928428975691   0.130227371444
0.955843279649   -0.275140458155   -0.103253828194
-0.177820720394   -0.261761336766   -0.948609927195
0.233973109884   0.92508309403   -0.299128489098
0.743895971224   0.56311946188   -0.359882280266
0.584864416771   -0.80911825755   -0.0571074364241
-0.3233456324   -0.168000348071   -0.931248347679
0.146969403997   -0.11974417995   0.981866246317
0.694085671824   0.719711896426   -0.0161203694832
-0.704730497749   0.683868494311   0.188888348055
0.0177156439044   0.846699170397   0.531776899471
0.306462112097   0.501662208013   -0.808959827743
-0.951717988593   0.177300716018   -0.250593947033
0.905821856738   0.423619237631   0.00578838194152
0.368410015801   -0.794367662903   0.482963845842
0.209190879614   -0.435346709695   -0.875621161373
-0.11844045519   -0.199281096216   0.972758399225
0.943170647901   0.283745795898   0.172966621771
-0.310485084199   0.937963415064   0.154349099409
0.48436829582   0.167463337047   0.858687012101
0.757771374155   0.41022069979   -0.5074460779
-0.437229800582   0.896479229101   0.0717989782328
-0.799070400786   -0.467433793843   0.378143019179
-0.167279645956   0.776952683424   0.6069283712
-0.577498064611   0.421722866456   -0.699032051677
-0.0154037443594   0.878516133159   -0.477464269281
0.998276339536   0.0405580336996   0.042419286014
0.0566310390442   -0.475987867159   -0.877626615215
0.813378452912   0.569312918659   0.119575469833
0.383878690527   -0.370832838414   -0.845647773553
-0.437095691236   0.73373415254   -0.520174538113
-0.394516081141   -0.897410628924   -0.197512594063
-0.573776530563   0.0726951241058   0.815779327947
-0.717730837219   0.435166154502   -0.543592552634
0.443229239296   -0.896267132648   -0.0159081226948
-0.618078977017   -0.29270768579   -0.729589328902
0.649250506047   0.33320779945   -0.68370047739
-0.0653850504497   0.568002709028   0.820425327323
0.952702655511   -0.209002677943   0.220625317665
0.296786868577   0.796046985515   -0.527472038586
0.0730170462911   -0.279596078271   0.957337215387
0.831675678138   0.546851017616   0.096278403214
-0.550439894396   0.78916411319   0.272462704069
0.44172425188   -0.681996841164   0.582889349658
-0.844089233357   -0.0958023400643   0.527574902521
-0.303962253301   -0.725053253411   -0.617984407803
-0.0971196558347   0.122929969316   0.987651758007
-0.540601968503   0.826678165858   -0.156053586133
-0.83565380637   -0.549082355151   -0.0138305155537
0.282391962847   -0.756434025362   -0.589968087776
-0.671250317874   -0.59517154306   0.441807475137
-0.68533042401   0.27125338635   -0.67582824025
0.785700780533   0.581383942166   -0.211345677178
0.38727976586   -0.195880601095   0.900913521417
0.482378136347   -0.789698361343   -0.379061778168
0.864915819642   0.391319787012   0.314307889221
0.38821348831   -0.124647878276   -0.913100867341
-0.318136625411   0.91177394717   -0.259725541366
0.361648900565   -0.156172830418   0.919140968383
0.715404108559   0.678663028283   -0.166172968617
-0.597835290174   0.71765349653   0.357164422559
-0.479391244863   -0.0555102788146   -0.875843960588
-0.854526108061   0.2568751999   0.451442424148
0.199922897625   0.964849076604   -0.170578704368
-0.77981166464   -0.0543708449496   -0.623648602107
-0.122891781472   0.99013261166   0.0673425673208
0.613833346877   0.129155807249   -0.77879869011
0.12966148842   -0.824514773705   -0.550784246654
-0.810790422132   0.231598654905   -0.537569487996
0.570794875414   0.516272651791   -0.638479255115
-0.303690664531   0.687262507106   -0.659880463897
-0.308233146675   0.58447717774   0.750585608709
0.901534418421   0.431342874099   0.0343368226373
0.260781558287   -0.396431611302   -0.880247099636
0.0755383805287   0.917380927971   -0.390776388824
0.962438014588   0.0354148352475   0.269181829847
-0.52483074216   -0.792000755506   0.311909434567
-0.310377508496   0.519263320704   0.79626089066
-0.792602355733   0.321092521017   -0.518344575204
-0.633601135108   -0.743312742209   -0.214559476274
-0.686467748466   0.668044717974   -0.287190329054
0.356807555842   -0.0346759578907   -0.933534116162
-0.241440333898   0.962558916843   -0.123235128017
0.567353818996   0.243042152692   0.786791049827
0.787284071502   0.120045173262   -0.604791655978
0.164823355521   0.713173175646   -0.681334927194
0.906265717646   -0.382120062082   -0.180739334888
-0.389250190104   -0.5876804231   -0.709306710677
-0.80522512552   -0.59096043072   -0.0487674743445
-0.585610475197   0.805454865648   -0.0911198701859
0.0931282372283   -0.0448132650828   -0.994645113949
0.52876028311   0.359868269101   0.768705009675
-0.0927285741338   0.924739600616   -0.369131524786
-0.843690686534   0.123901170074   0.522335644495
-0.654663717823   0.172810845115   0.735902050815
-0.254637084549   0.866206711865   -0.429937073877
-0.711741084774   -0.468852155943   -0.523070056616
-0.138838109466   -0.832643374524   -0.536124043688
-0.856170576317   -0.171147359736   0.487524897317
-0.497690590235   0.526700666523   -0.689122981967
0.311840727282   0.806324201967   -0.50258993437
0.632402551172   -0.570919516273   -0.523562717552
-0.709099692624   -0.15457097807   -0.68795743957
-0.463200141713   0.824313696548   -0.325503545914
0.563162420871   0.557360639834   0.610079670931
0.684319893352   0.0992776251117   -0.722392024262
0.909232558975   -0.271626870909   -0.315459976384
0.307198469358   0.949205170678   0.0681075941609
0.280936388039   -0.158834464013   0.946491605307
0.893861050202   -0.246324924659   0.374615075009
-0.219514806235   0.488104963546   0.844728828918
-0.390929242671   -0.837303753756   0.382226047217
-0.896751969223   0.408271531684   -0.170734478389
0.434291988541   0.886027793821   -0.162312098331
0.0850080842197   -0.219702309939   -0.971856224255
-0.857589588535   -0.258403166312   -0.444711031206
-0.509000768503   0.550585613306   0.661644693233
0.0738804121558   0.793777856872   -0.603703899805
0.419914360338   -0.352025887199   0.836510433124
0.804157470464   0.571593109386   -0.163132093719
-0.420716879482   0.741187622701   0.523104401888
-0.457282353046   -0.821240875965   -0.341256902111
-0.481639178055   0.551276192968   -0.681262255838
0.747607217565   -0.147166513553   -0.647630655184
0.863944919037   0.439823896088   -0.245263363142
0.282286905956   -0.0196469018768   0.959128824493
0.417029111209   -0.897869110549   -0.141130367843
0.0785499250208   0.996618841363   0.024099674683
0.99656038656   -0.0778590760126   -0.0283788692719
-0.0264065374099   0.0262459391716   -0.999306682384
0.218202820359   -0.835064009632   -0.505030324838
-0.752023804312   0.185938365136   -0.632366287938
0.621970840906   0.517778933706   -0.587415737681
0.593436404306   -0.719951076109   0.359866200211
-0.804442030079   -0.545290923895   0.235649800683
0.0265754452046   -0.429334667047   -0.9027543904
0.302292722815   -0.551286051125   -0.777626388163
-0.818817197544   -0.567837638294   0.0842544571022
-0.488013838676   0.611264350645   -0.623055685223
-0.938121705755   0.155746634718   0.309306726348
0.33273124761   0.652986309382   0.680366663369
-0.0960082395103   0.741182747731   -0.664402402473
-0.229107093003   0.720096149853   0.654959139874
0.809300041573   0.514788481569   -0.282889133681
-0.540872797105   0.465246552069   -0.700715536536
0.674257552145   0.441604662297   0.591913908954
0.718554102049   -0.207297764101   -0.663858147067
-0.170460422983   0.872933536552   -0.457088924565
0.381428631405   0.283603899739   -0.879818746787
-0.594681895289   0.803959981776   0.00133832636359
0.707718618209   0.522701803857   0.475307460161
0.999806484779   -0.0114321802728   -0.0160093175374
0.0122144147689   0.998692110835   0.0496475158185
0.0154207997735   -0.049833452713   0.998638486102
0.746177241435   0.438747448011   0.500719683285
0.633008641597   -0.700524834592   -0.32949205724
0.206202774056   0.562819360883   -0.800446614702
0.992628122573   0.0245143666881   0.118694802346
0.0391821591564   0.861835464963   -0.505672215704
-0.114691624288   0.506595180748   0.854521593736
