0.0448704692145   0.203457338243   -0.978055086637
0.66806725882   0.721801574484   0.180799957861
0.742746779646   -0.661519159651   -0.103535610919
0.760152482857   0.0533416822612   0.647551440227
-0.480086056353   0.717668546712   0.504449438056
-0.437819119388   -0.694338910039   0.571146125528
0.919074792493   0.205612284747   0.336192079271
-0.109199060979   0.952568718813   -0.284057038321
-0.378651674874   0.224357804186   0.897934565999
-0.510668190154   -0.671298610403   0.537192865957
-0.859666357029   0.388605466868   -0.331601486294
0.0138475324836   -0.631144964957   -0.775541281332
0.697116290479   -0.286588847235   -0.65718772827
-0.140796464473   0.844061692645   -0.517432328523
0.702997320863   0.453240214069   0.548058459664
0.0829629097497   -0.658316915455   -0.74815506042
-0.996358135119   -0.0399622683728   -0.0753225310825
0.0196881230177   0.751679357128   -0.659234800265
-0.790350205558   0.277879212766   -0.54601254169
0.606677819762   0.23078650191   -0.760709940479
-0.0853731549088   -0.932480956184   -0.350985314181
-0.966065522054   0.257229679795   -0.0234584511544
0.178700955165   0.600026989989   -0.779765079949
-0.186503017995   -0.757496206668   -0.625632576806
-0.789157468894   -0.589776453541   0.17144743841
-0.602701741612   0.797352291117   -0.0313039056232
-0.118241701382   -0.128035380653   -0.984695811586
0.753411125912   -0.541307342357   -0.373306893135
-0.614406096053   -0.781784597973   -0.10638604939
-0.234258029711   0.309514464093   -0.921587745163
0.408281548434   0.314512663594   -0.85696438762
0.478989229268   0.725345923573   0.494411376692
0.777094264202   -0.612335753975   0.145497178497
0.271549953361   0.222217852973   -0.936418628952
0.34394184588   0.886319299123   0.310067906522
0.898868527362   -0.406272477313   0.164249945801
-0.265119203929   0.872697333374   0.4100136242
0.791862866801   -0.0455588609789   0.608997200624
0.550149986721   0.486131416911   -0.6789780833
-0.621472768009   -0.446519208797   -0.643733015151
-0.726734685262   0.635480206134   0.260809518323
0.292623129395   0.629909123435   -0.719434639389
0.625802846151   0.765789667632   0.148111386116
0.252422750419   -0.0191696243471   -0.96742714484
-0.738006472072   0.642805344137   -0.205299139622
0.812916903405   0.125650393921   -0.568663421249
0.160448423205   0.890338367866   0.426091415306
0.559841416519   -0.437618063172   0.703610701408
-0.258970132295   0.521891720765   0.812750578206
0.866091080208   -0.247022869806   0.434587094349
0.427575386758   0.816461103537   -0.388034218915
0.56503252044   -0.726751951398   0.390601909858
-0.679368968395   -0.678452437212   -0.279571270383
0.468183784029   -0.107395957007   -0.877080414097
0.114737041262   0.916505865809   -0.383213268689
0.967137343417   -0.191166751642   -0.167632431334
-0.226893742378   -0.351386213452   -0.908320955756
0.447662780589   0.209252970215   0.869374044547
0.768647144539   0.406748225135   -0.493697729933
-0.456924065975   0.88925197543   0.0212443434215
0.874464835866   -0.398304332448   -0.276884289167
-0.25430390581   0.10965230645   -0.960888076302
0.413086884716   0.910675590122   -0.00540326128019
-0.516992235126   -0.271588246074   0.811762806129
-0.376653483485   0.923767465682   0.0691796409808
-0.76866844751   -0.269987951476   -0.579875265776
-0.693242989047   0.194196746956   0.694047391472
0.291249131575   0.956363012588   0.0233180511522
-0.659232964508   0.218305775517   -0.719551587367
-0.382014557213   0.673557072495   0.632760419253
0.804997144888   -0.0937758831687   0.585820518982
0.453921220922   0.73316229706   -0.506387767792
0.0650114390665   0.652166801491   -0.755282712517
0.853720179927   0.355529119693   0.380474571343
0.516657882142   -0.669535292637   -0.53365449941
0.823061431078   -0.346139840837   0.450285566344
0.191418459586   0.915498238257   0.35386713478
-0.534723156411   -0.20506142088   0.819768845263
0.013691119724   0.666819609073   -0.745093391594
0.442769144135   0.664081624249   0.602454215137
0.896531113929   -0.338152636084   -0.286155126577
0.82846712302   0.0732738738358   0.555223527499
-0.253057078208   0.933400550548   0.254412121186
-0.499604184574   -0.351275321722   0.791834141159
-0.86025226092   -0.509610065856   -0.0162366364064
-0.285969909339   0.508609162101   -0.812119406972
0.422122326508   -0.693984366543   -0.583265325953
-0.836413806594   0.49089996013   -0.243780994505
0.422762575354   0.860894596368   0.283076489354
0.348831978205   0.133707602959   -0.92759825781
0.913475069676   -0.400810459461   -0.0701018734979
-0.238947186575   -0.667862145204   0.704886087983
-0.329344104409   -0.627145222887   -0.705847951262
-0.324364340467   0.449339529122   -0.832395195926
0.885570241159   -0.165062462272   -0.43418858981
-0.332495297119   -0.877979709969   -0.344381338456
0.998122615442   0.0523857582238   -0.031732898989
0.0544561579091   -0.521919337412   0.851254798578
0.0280316144506   -0.851384717722   -0.523792221229
0.120553415973   0.438866756464   0.890428460893
0.813125452147   0.470894198085   -0.342177809452
-0.569468061412   0.765280748667   -0.300085825641
-0.857684703303   -0.435589789557   0.273200448315
-0.424196246931   0.299169932161   -0.854725041041
0.290576141166   -0.848975198063   -0.441369028435
-0.659178803087   -0.494802333098   -0.566263151478
-0.357304872067   0.868678239114   -0.343120015864
0.661677061683   -0.0238488584776   -0.749409566253
0.864540772733   -0.303449659909   0.400608981655
-0.502293400271   -0.495642553144   0.708547669223
-0.0164496907758   -0.813791597043   -0.580923957381
-0.0456568831146   -0.863668166808   -0.501988791386
0.229997795964   0.479924191332   -0.846624937284
0.972119572319   -0.154110571417   0.176729932099
-0.70447529153   0.462437844606   -0.53839186797
0.708306346469   0.410096149304   -0.574563545551
-0.0449074957231   -0.786112198227   -0.616450264518
-0.315053041415   0.943208460451   0.105353600921
0.780141829782   0.320590468258   -0.537215484779
-0.540481550581   -0.0870606213788   -0.836839376275
-0.703158705048   0.0384928933921   -0.709990234218
-0.705969991655   0.0811531929919   0.703576953969
0.0847006871843   0.995958059575   -0.0298887464735
0.665255578176   -0.742743820736   0.075938346469
-0.216421401209   -0.289180781098   -0.932489277655
0.714560559228   0.603909010201   -0.35312478615
0.0598065783705   -0.941577564973   0.331443603534
0.230716656308   0.336086170535   0.913135209308
-0.971181238331   0.0218580675036   0.237337791342
-0.212769183973   -0.975845751196   0.0495413385296
-0.000779335646431   0.0508717648945   0.99870488943
-0.977102178376   0.212455015023   -0.011584455283
0.760882987704   -0.14618538986   0.632207964846
-0.591205744947   -0.557757569522   0.582565241652
0.267456250935   -0.817028962419   -0.510813888225
0.096577246587   0.318067100205   0.943136339671
0.991095759265   -0.117995411291   -0.061695047448
0.0916625954652   0.940696764468   -0.326630626107
0.779637167491   0.54021590283   0.316753319471
0.267093374902   0.170646592154   -0.94844128425
-0.566415939174   0.824042789493   -0.0112456629141
-0.15701139779   -0.314879390739   0.93605469405
-0.0127716202567   0.948378713457   0.316882788388
-0.987514205812   0.0377992744484   -0.152927787439
0.441102737513   -0.470891330088   -0.763995896721
-0.878263727772   -0.0513806523904   -0.475408091055
0.184610940734   0.880693694657   -0.436230921363
0.0923563024627   0.968308294126   -0.232054650721
0.88607863272   -0.186238773578   -0.424475883713
-0.454241092409   -0.166415644523   -0.875197613813
0.636728226349   0.542766949774   -0.547705398917
-0.102393484711   0.763527119402   0.637606392868
0.764259602529   -0.34990052325   0.54173506788
0.455617050027   0.83538020982   0.307494729656
0.834141394788   -0.521277317594   0.180216790736
0.310839568308   0.174384240125   -0.934328047085
-0.830482372678   0.506126646221   -0.232668963669
0.556096459429   0.728921513562   -0.399287058238
-0.0324924065089   -0.460987250421   -0.886811704065
-0.225101430756   0.845643421657   0.483959243408
0.719407516235   0.479236714512   -0.502777283743
-0.657101340324   0.234988031337   -0.716239103702
0.892882951109   -0.4132451857   0.178853157968
-0.44968487592   -0.797764378811   0.401690811785
-0.0233141156451   -0.439090437608   -0.898140322898
-0.100788956292   0.345444775617   0.933010982406
0.98793910624   0.145550727078   0.0528328326999
-0.117549600824   0.927083002135   -0.355948308749
-0.511722410576   -0.856498932157   -0.0674518623013
-0.788745085415   0.437211609148   0.432119426848
-0.340619090403   0.274327519656   -0.899290301967
0.300474756746   -0.571259388502   0.763791615302
-0.774244168809   0.321575271809   0.545101193932
-0.557010671013   -0.755150352982   -0.345668998853
-0.405546017785   -0.259567012093   0.876445887487
0.0545948946824   0.950244046599   0.306684935035
-0.912442778992   0.17222432504   -0.371196655334
-0.635390191684   0.770668022121   -0.0484778711449
0.722877352566   0.615714833706   0.313597794477
0.271528336382   0.164213407593   -0.94831762575
0.129849080747   -0.693920376737   -0.708246939265
-0.858618968683   -0.435932672577   0.269696443431
-0.495895838708   0.573094421304   -0.652418655024
-0.0874424822865   0.92656976432   -0.365817282447
0.899810443826   -0.0840996659841   -0.428098600045
-0.427428330215   -0.366600215531   -0.826383267315
0.176623171543   -0.984162316216   0.0151258260688
-0.696344391246   -0.135801148853   -0.704742886981
0.695635496546   0.113941139675   -0.709301538582
-0.828639114849   0.0499727231412   0.557548154224
0.429106407156   0.696316125225   0.575336027977
-0.359478662337   0.715993422241   -0.598438393344
0.807625136204   0.210259959525   0.550937735858
-0.462687508462   0.805170406283   0.370972891677
-0.365598015428   -0.55451904049   0.747560515844
-0.225092660933   -0.941590297312   0.25048154821
-0.939177319763   0.278115724197   0.201488476078
-0.259382451274   -0.18989301187   -0.946922060152
0.671579291933   -0.739299654922   -0.0491657897201
-0.453353101238   -0.462497709408   0.761949364715
-0.586047967529   -0.4894199516   -0.645767675508
0.754383100578   0.408417388892   -0.513907943132
0.620524274139   -0.699069955712   0.35531791712
-0.214139587108   -0.586938185394   -0.780799464498
-0.921009525969   -0.385417444776   -0.0565229717563
-0.334709556149   0.857225079453   -0.391324259635
0.199276105182   -0.341494592078   -0.918515365949
-0.356233494832   -0.756427860621   -0.548556823703
0.0174661739665   0.581577248636   -0.813303655859
0.934233712688   -0.299307192601   -0.193965395189
0.613594120096   -0.115197602356   -0.781173327882
-0.710614928035   0.350781085211   -0.609900856132
0.344279943993   0.92934500734   0.133376075419
0.956805905797   -0.27474178161   -0.0950758227414
-0.169819101256   -0.262719029908   -0.94981060437
0.235974429719   0.924930086419   -0.298027521811
0.733397785537   0.578032803118   -0.357778935501
0.599414383791   -0.798129985509   -0.0607529648283
-0.320671303165   -0.169901750287   -0.931827940435
0.158651821256   -0.11798422043   0.980259824405
0.711741979499   0.701768578084   -0.0307281212127
-0.684290109699   0.702567140239   0.195311185612
0.0160380769845   0.846776893272   0.531706378659
0.303199623481   0.502617260474   -0.80959612017
-0.952792090861   0.174197538713   -0.248681420895
0.904349418799   0.426770952492   -0.00432236363518
0.376191700437   -0.792304415327   0.480347288923
0.201573642228   -0.436027828885   -0.877067727828
-0.124135059383   -0.204467303527   0.970970446934
0.940683421311   0.287143603745   0.180729775352
-0.315761283096   0.93581070341   0.156694414326
0.479337958289   0.1616873731   0.862607857095
0.761485387244   0.41202447609   -0.500375694968
-0.436319982073   0.896712342104   0.0743763992164
-0.799241487032   -0.482535727149   0.358290827989
-0.142356496633   0.731175651217   0.667170738966
-0.58390724714   0.48222550647   -0.653078010376
0.0146435673261   0.879219257325   -0.47619225475
0.998690544275   0.0104861854356   0.0500723146063
0.0490179835468   -0.476301939386   -0.877914403472
0.809270472102   0.573893597332   0.125409098256
0.390688420704   -0.366390286834   -0.844464750977
-0.438684238276   0.732396270236   -0.520722423593
-0.397305572184   -0.897399049433   -0.191893794559
-0.574590043654   0.0802210089641   0.814500381496
-0.715537954303   0.433865803905   -0.547508812857
0.445551159087   -0.895144914497   -0.0141331768564
-0.616852664156   -0.295515653533   -0.729495229075
0.64882736946   0.33374553266   -0.683839867273
-0.0770405009359   0.555830691785   0.827717949121
0.948631060303   -0.21464682543   0.232434618281
0.306861324797   0.803105835128   -0.510741759546
0.0694131010738   -0.295412387618   0.95284486808
0.83665976806   0.537432639113   0.105672091478
-0.543306776962   0.789871938766   0.284464525811
0.43953082273   -0.668818886518   0.599578145789
-0.85176787173   -0.0984469265231   0.514586917195
-0.285138823312   -0.736878212255   -0.612948898153
-0.0969746528126   0.119604423289   0.988074237414
-0.536996207574   0.829571497448   -0.153121532362
-0.837992237293   -0.545441025732   -0.0162202862327
0.280454128651   -0.762431046186   -0.583133245095
-0.678329107044   -0.587257735761   0.441585749687
-0.679128194276   0.27171170678   -0.681878027318
0.783750610273   0.583410477018   -0.212995765689
0.389096975862   -0.193930635903   0.900552303772
0.484085244839   -0.788684425965   -0.378996506534
0.864233884001   0.394700053389   0.311948171336
0.386710225304   -0.124564084295   -0.913749960631
-0.321799619935   0.910327225103   -0.26028704895
0.362743979873   -0.144552191592   0.920609292247
0.707486309731   0.685702395802   -0.171100397238
-0.606531059888   0.713384109928   0.351003112654
-0.476526936902   -0.0622120053164   -0.87695595374
-0.856230372305   0.259168825258   0.446879256126
0.199478389675   0.963826325853   -0.176768734914
-0.781703740142   -0.029537324531   -0.622950085563
-0.108476613892   0.990091178406   0.0891755722211
0.614143376487   0.13728439424   -0.77716208619
0.121137511204   -0.832185398855   -0.54110365487
-0.80196338262   0.239189950984   -0.547396474491
0.584961910142   0.500255563969   -0.638407342065
-0.303535020504   0.696561640444   -0.65012950432
-0.316800610859   0.569723498162   0.758322166761
0.898612187923   0.436138758544   0.0477401194978
0.260067427195   -0.39907342164   -0.879264088572
0.0828721720002   0.916462295657   -0.391444841257
0.962027617285   0.0289355279727   0.271414072592
-0.526451652951   -0.785247257751   0.325937726013
-0.320884623328   0.53852371965   0.779118259231
-0.787325673121   0.305579690998   -0.535480472877
-0.630274423992   -0.746114100497   -0.214634339056
-0.688159804388   0.664877755542   -0.290471433723
0.359430430106   -0.0353739907964   -0.932501177849
-0.241859263888   0.962754792779   -0.120860686128
0.563941343368   0.240834282465   0.789917090351
0.789603861256   0.12289042831   -0.601185233449
0.182146965313   0.712938245028   -0.677156955073
0.904100927481   -0.392175260437   -0.16970585738
-0.386554001344   -0.581306824214   -0.716001662126
-0.800035089701   -0.598800892028   -0.0371664761836
-0.590774466314   0.797076965999   -0.125115307718
0.104543699941   -0.078139631301   -0.991445819408
0.528978365053   0.119794608881   0.840137572656
-0.386612768294   0.915304065656   0.112911623781
-0.755455132154   -0.384535718856   0.530490173543
-0.65522570096   0.191313998117   0.73080656465
-0.257787518263   0.85270708722   -0.454352527047
-0.710087935568   -0.486096263646   -0.509397238154
-0.143590566819   -0.8337030116   -0.533217626837
-0.857265410761   -0.164412862367   0.487918462656
-0.494446928024   0.52716951651   -0.691096618593
0.315463179464   0.812229827134   -0.490678805653
0.641661593329   -0.563530937317   -0.520291535905
-0.699108991538   -0.150716922083   -0.69894994624
-0.489680204214   0.804767316784   -0.335503894822
0.541223652129   0.582245201576   0.6066856547
0.683586319334   0.115499312027   -0.720673055515
0.909796002338   -0.27315794143   -0.312499557061
0.30927308535   0.948281281596   0.0715036338455
0.276805695042   -0.161701422408   0.947222918422
0.894993820105   -0.247521289812   0.371105474312
-0.216164346024   0.487068730282   0.846189711288
-0.390203840937   -0.8375543344   0.382418225829
-0.899533050807   0.407735168044   -0.156819396906
0.42512774628   0.899652853626   -0.099454222163
0.100532033944   -0.156130636657   -0.982607009158
-0.859899361582   -0.256434436433   -0.441377919432
-0.504231946443   0.561396821109   0.656188809289
0.0795187533729   0.786813185617   -0.612047203083
0.420636722907   -0.34711108081   0.838199645027
0.802412019528   0.573448030319   -0.165203836038
-0.423319853375   0.742072270135   0.519739403583
-0.453351766546   -0.827201145151   -0.331979579542
-0.4778616045   0.539967357216   -0.692880610269
0.752409770482   -0.15547835413   -0.640082821737
0.862318502594   0.441530012232   -0.2479073383
0.284738600267   -0.0179644260599   0.95843685703
0.418725124159   -0.897066623889   -0.141211694639
0.0862124633821   0.995979600063   0.0243320245019
0.995963883141   -0.0855476311603   -0.0271578033533
-0.0249670710649   0.0265751587347   -0.999334982027
0.221963538943   -0.828849527743   -0.513556859294
-0.760228153641   0.182696608152   -0.623438131469
0.610561497133   0.528800916903   -0.589562760424
0.589271091817   -0.724339715212   0.357898808765
-0.807634593495   -0.540190041183   0.23647638951
0.0220441316144   -0.428400159165   -0.903320186804
0.306609525915   -0.559815909298   -0.769803056838
-0.822808407572   -0.562470985051   0.0813186043205
-0.478515332094   0.608467368621   -0.633080198931
-0.938561980249   0.152236743344   0.309718231957
0.332071958792   0.642735050053   0.690376614333
-0.0939660758727   0.750809982225   -0.653800234915
-0.231625064583   0.72408645506   0.649652703416
0.803034268501   0.519249477771   -0.292431091795
-0.549077219588   0.453959012944   -0.701737430594
0.670376218673   0.432701909999   0.60279746393
0.724749116188   -0.207564542911   -0.657005083014
-0.15916797423   0.877317512424   -0.452746660251
0.382692825192   0.282891009835   -0.879499220068
-0.596522136709   0.802595389917   -0.00140730249245
0.705483906239   0.525179318556   0.475898246896
0.999793755547   -0.0114871992302   -0.0167478542608
0.0123368614073   0.998594484905   0.0515447045509
0.0161322106084   -0.0517406896984   0.998530246317
0.74852205195   0.455284823894   0.482110430168
0.63790993075   -0.692923357637   -0.336047825006
0.181068103196   0.559082238649   -0.809099123984
0.992960141963   0.027306974608   -0.115258342911
0.0352087605698   0.861036477336   0.507322902968
0.113095091193   -0.507809525151   0.85401345804
