0.0424957550774   0.175969106661   -0.983478003979
0.686442006074   0.710096967327   0.156715249075
0.72594179044   -0.68176034682   -0.0906164797798
0.756147882238   0.0473384290522   0.652686336093
-0.476619390938   0.723270525305   0.499713621395
-0.448413131352   -0.688940360525   0.569461889217
0.919463019727   0.206404261431   0.33464165344
-0.10952222064   0.951891398456   -0.286195123529
-0.377614404572   0.226495135508   0.897834792738
-0.499998691605   -0.677694423747   0.539195304518
-0.865897769895   0.380487240539   -0.324731445777
0.0149117564907   -0.629253309732   -0.777057212635
0.696151478899   -0.282508952235   -0.659971067801
-0.145740888461   0.844555363741   -0.515253171758
0.702945738914   0.454879027306   0.546765359784
0.0898465647616   -0.669707024645   -0.737170330346
-0.995403350514   -0.035736210737   -0.0888543360128
0.0331626987237   0.74176507358   -0.669839391967
-0.79099652368   0.27403837934   -0.54701687924
0.605533731012   0.222807980181   -0.763993131235
-0.0874837135228   -0.935553082735   -0.342179820053
-0.966459660957   0.255759413217   -0.023299062106
0.177319320526   0.598909872406   -0.780938424783
-0.185778314968   -0.758876859105   -0.624173317599
-0.78548876451   -0.594149478584   -0.173187175986
-0.607825635021   0.793286567738   0.0352763215059
0.116427652385   0.132976759417   -0.984256970112
0.746026005249   -0.553561303525   -0.370155484535
-0.625642324327   -0.773025290123   -0.104897963955
-0.228072097159   0.309841546714   -0.923028349742
0.393966541614   0.313315562096   -0.864073910401
0.468234146899   0.740553512161   0.482013775014
0.790915385971   -0.594486210248   0.145048261138
0.271559905247   0.221634230258   -0.936554048542
0.343072229783   0.886903345114   0.309360471904
0.899197788595   -0.405315586183   0.164810838792
-0.27212371041   0.869633597521   0.411929717665
0.788111660914   -0.0441997930913   0.613943310268
0.552112937871   0.49171514554   -0.673340567234
-0.622803467265   -0.440413762342   -0.646646394175
-0.726698796028   0.631858475358   0.269562102248
0.289870145083   0.637801368027   -0.713571800122
0.620764305708   0.770781688658   0.143343172799
0.245691607894   -0.017631637461   -0.969187680055
-0.744504741804   0.636855331915   -0.200319683609
0.813247434405   0.142098000822   -0.564302018955
0.145099672577   0.889581067155   0.433118471064
0.563537661077   -0.434112523571   0.702831147166
-0.25483754462   0.521923210277   0.814035618646
0.866442696208   -0.250528072203   0.431871206754
0.4293423809   0.815372214151   -0.388372594746
0.554969662885   0.728164550391   -0.402225136995
0.679134176316   -0.675820844192   -0.28643141782
-0.480401336214   -0.114204089719   -0.869581498224
0.120754568483   0.916124955116   -0.382273986566
0.966648335942   -0.196134182554   -0.16468872777
-0.225852449203   -0.349637596732   -0.909254761956
0.447146107177   -0.2021740954   -0.871312799163
-0.772149801522   0.404453712731   -0.490103946391
0.451492018585   0.891932076678   0.0247412155451
0.876299330204   -0.398439541192   -0.270823588151
-0.248780971185   0.107148483456   -0.962614788412
0.412562131394   0.91091444961   -0.00523003173094
-0.515635475312   -0.281442034298   0.809265369288
-0.368620207693   0.92550052193   0.0869938295944
-0.773459242028   -0.253454463834   -0.580966122664
-0.690171018803   0.201741776179   0.6949562724
0.301134205883   0.953320581076   0.0223172521677
-0.658013795335   0.224677825878   -0.71870558625
-0.389130003705   0.676476353825   0.625266009736
0.807103484016   -0.0768068374703   0.585392753463
0.444029060204   0.732448259219   -0.516098577077
0.0753905701111   0.647739349159   -0.758122679711
0.859130974886   0.343739983269   0.37912635347
0.506172134686   -0.679909228835   -0.530578185206
0.823256489344   -0.343475387054   0.45196616161
0.187752879351   0.916120211528   0.354221137604
-0.535721577919   -0.206756901984   0.818690402065
0.0155321823255   0.674950667483   -0.737699361377
0.435183979326   0.659679458254   0.612729888692
0.900207562427   -0.330551975978   -0.283481455702
0.828429036077   0.0797002605682   0.554394445002
-0.258829517514   0.932270295538   0.252743698085
-0.496701734492   -0.352873864891   0.792948562284
-0.85935159265   -0.511291981512   -0.00976472481556
-0.284029369776   0.493085618722   -0.822310093404
0.425255402451   -0.703880019783   -0.568955851042
-0.832734682861   0.49754855553   -0.242895827156
0.43011550596   0.85757621937   0.282070344957
0.348645377845   0.130416497659   -0.928136809768
0.916821273203   -0.395253884136   -0.0566843900741
-0.244406237707   -0.667754222634   0.703114421075
-0.315759946751   -0.630776240223   -0.708813791343
-0.327316396273   0.44675197284   -0.832632362747
0.884617931636   -0.164852807994   -0.436204844913
-0.332137158053   -0.87933851642   -0.34124577914
0.998237740376   -0.0525587552865   0.0275497900378
-0.0509927365788   -0.522301897638   0.851234673013
-0.030350527254   -0.851139415705   -0.524061580856
0.123826435276   0.442366137807   0.888245019152
0.812935041962   0.468092104287   -0.346448263749
-0.569037460522   0.764984955424   -0.301652758146
-0.849871854382   0.448526099703   -0.276662554417
0.435880688115   0.303220689501   -0.847387301762
-0.296185510887   -0.840762482122   -0.45320259465
-0.663177685793   -0.477174882697   -0.576627686114
-0.365113605227   0.878782511852   -0.307300101108
0.653366216105   0.00674004345425   -0.757011994271
0.860240442502   -0.297491251412   0.414107880167
-0.509870104978   -0.494966872013   0.70359098321
-0.00434247995394   -0.81639864707   -0.577472416592
-0.0475561445138   -0.80903849675   -0.585828578937
0.134018963634   0.576021191715   -0.806373675217
0.989837022196   -0.116860162045   0.0810331538373
-0.718493475315   0.457990192424   -0.523461660077
0.695192729458   0.449313853961   -0.561091908288
-0.0217760151545   -0.767047615394   -0.641220524376
-0.318018915297   0.943931036293   0.0886463097692
0.769340840301   0.311573170581   -0.557706760599
-0.554056532275   -0.109162072612   -0.825290858392
-0.700030790818   0.0569340338616   -0.711839453599
-0.711803392179   0.0244691979364   0.701952412374
0.0573831229053   0.998078040107   0.0233966464487
0.664534214822   -0.743214821191   0.077627359175
-0.21506665488   -0.289710838673   -0.932638174168
0.715640001181   0.603074920319   -0.352363490154
0.060019297922   -0.940058190605   0.335690753753
0.224930471865   0.340384610842   0.912986637104
-0.972524532701   0.02071026267   0.231877377759
-0.211822530623   -0.976274665677   0.0449332023884
0.00301068720437   0.0453244273965   0.998967783286
-0.977303510319   0.211739163685   -0.00666147726613
0.747796258181   -0.652480121105   -0.12276175224
-0.296297680849   -0.493439516457   0.817756154316
-0.594145134267   -0.575140969817   -0.562320570729
0.0942840022741   0.307675822176   0.946808383656
0.990286441585   -0.126609256954   -0.0574705112671
0.102192419129   0.943030054929   -0.316624422574
0.779377205494   0.540253055038   0.317329179369
0.267890764625   0.170506676865   -0.94824153641
-0.566397130806   0.824047395279   -0.0118397866721
-0.156014161404   -0.309501926748   0.938012867066
-0.0244741371274   0.950561105969   0.309571640225
-0.987451567447   0.0253405043084   -0.155875786408
0.437431834712   -0.470318569014   -0.766455369621
-0.879956892167   -0.0482598837694   -0.472595864926
0.185281563861   0.881176161309   -0.434970475818
0.0929249982109   0.966464095728   -0.239399449407
0.882427254629   -0.191307837831   -0.429794661987
-0.46118010039   -0.171313930704   -0.870611539178
0.636761113221   0.539141207678   -0.551236830112
-0.0975030599752   0.765469380934   0.636042278586
0.764871517305   -0.351259711661   0.539989052647
0.448540228245   0.835835418153   0.316529331037
0.834447789036   -0.518498165486   0.186699062024
0.320169566041   0.180385160556   -0.930028302168
-0.829191460451   0.507024301977   -0.235303801749
0.557860384772   0.724206741919   -0.405359576255
-0.0351185565749   -0.467387368425   -0.883354818189
-0.225910057817   0.844194822831   0.486106723757
0.721163958273   0.480400885859   -0.49913678902
-0.65489479389   0.237802628182   -0.717330271886
0.893865304375   -0.420486910325   0.155549271553
-0.445817979949   -0.796917811483   0.407637498882
-0.0474462473737   -0.433719679039   -0.899797807079
-0.0987828716952   0.304299827674   0.94744053066
0.992519899859   0.0987650280376   0.0717615330047
-0.0717369684473   0.947442390921   -0.311779927583
-0.510825412543   -0.85662714199   -0.072438508454
-0.786911300326   0.431991672227   0.440628869397
-0.346161816669   0.282087104869   -0.894761902378
0.294072206805   -0.56485655942   0.771011416562
-0.778516798313   0.326409027961   0.536067851315
-0.554466529137   -0.757887995517   -0.343762496972
-0.406243876022   -0.261179031183   0.875643435917
0.0643561043674   0.947723468834   0.312535627492
-0.911495586947   0.183318685058   -0.368198390387
-0.633902136573   0.772273955908   -0.0419644882396
0.721884919684   0.610270654182   0.326269660522
0.277579257115   0.176529503682   -0.944344794209
0.125770998239   -0.695977892127   -0.706962820573
-0.86023404599   -0.431466644272   0.271723979436
-0.494144758266   0.573978491367   -0.652969868621
-0.0758791620223   0.926851205723   -0.367680833359
0.900244250237   -0.0948661048114   -0.424924360413
-0.428722104264   -0.363245460545   -0.82719410824
0.169670965851   -0.985294076269   0.0201828297346
-0.691885366404   -0.133678936619   -0.709524193851
0.701788004388   0.106421450719   -0.704391987265
-0.828227861906   0.0552699382274   0.557659253208
0.427092559461   0.706520039441   0.564288383295
-0.362809253483   0.705531478955   -0.608764961038
0.807720489237   0.209760926566   0.550988171336
-0.462677883679   0.804750997659   0.371893812426
-0.365399489902   -0.555316293163   0.747065611126
-0.197848228195   -0.947487262646   0.251244832224
-0.947077887323   0.250868520533   0.200270968306
-0.2527836109   -0.198325168665   -0.94697812727
0.673860191196   0.73689112006   0.0538880311276
0.448590895488   -0.465991056228   0.762639196476
0.587093392236   -0.489738514611   -0.64457546967
0.752377284531   0.403216369546   -0.520907843147
0.620146467341   -0.700229602165   0.353690349455
-0.22214135312   -0.589147743425   -0.776890053773
-0.923121991891   -0.380368595856   -0.0562629484966
-0.328519124023   0.856252169294   -0.39863192011
0.199802335416   -0.349502437568   -0.915383565996
-0.363728378795   -0.741724360585   -0.563512767714
0.0210388612239   0.598252964836   -0.801031058315
0.931267433544   -0.303213395122   -0.20199654512
0.612047539074   -0.109053438932   -0.783265700367
-0.713755171392   0.350296288544   -0.606503145536
0.340516321526   0.930268701876   0.136560525354
0.957732649088   -0.274194765156   -0.0869793287648
-0.161847885417   -0.263662430597   -0.950940263464
0.237809660984   0.924823958087   -0.296895961053
0.722639070855   0.592761616793   -0.355564957399
0.613779122294   -0.78685214837   -0.0643341716436
-0.317911878213   -0.17174796145   -0.932434810284
0.170357261792   -0.117112405556   0.978398225581
0.728335783649   0.683742877389   -0.0449740355861
-0.663705800496   0.720264091903   0.201777720038
0.0144764669155   0.847024502553   0.531356682447
0.299747293973   0.503295810109   -0.810459676531
-0.953908796302   0.171005320391   -0.246607357425
0.902673904847   0.43009069315   -0.0142062371541
0.383993778728   -0.790146231892   0.477721372901
0.194238511647   -0.436681723791   -0.878396535
-0.129592163513   -0.209191500251   0.969249600146
0.938098192105   0.29078743779   0.188187268418
-0.321212784815   0.933638892854   0.158558395002
0.474241625218   0.156073517209   0.866450193684
0.765052538087   0.413937776128   -0.493305312621
-0.435648361498   0.896825832991   0.0769020832212
-0.799597175645   -0.494922359624   0.340141462677
-0.119252188778   0.685972853271   0.717788381102
-0.588577328955   0.533378948326   -0.607522530704
0.0440407091348   0.879017511591   -0.474751124545
0.998160473278   -0.0188968426934   0.0576071082703
0.0416663596429   -0.476414865064   -0.878232765741
0.804697796377   0.57890465206   0.131646725475
0.397988915826   -0.361475544959   -0.843172730392
-0.440529544281   0.730893175656   -0.521276209313
-0.400055060173   -0.897343591925   -0.186361012178
-0.575349746412   0.0876170628152   0.813201032714
-0.713392331143   0.432547949173   -0.551338057395
0.447752058454   0.894071088717   0.0124491955924
0.615695088562   -0.298184859836   -0.729386966764
-0.648411637828   0.334249424361   -0.68398806294
-0.08908711219   0.543205930042   0.834859751102
0.944252045875   -0.220657631159   0.244332322203
0.316940941349   0.810084888996   -0.493265559631
0.0658486947256   -0.312689920353   0.947570030714
0.842436095235   0.526348215215   0.115147652097
-0.534757304619   0.790684874047   0.298080618466
0.437164246361   -0.652733904177   0.618729239686
-0.860173306855   -0.102533219566   0.499588651852
-0.262658150221   -0.750616672626   -0.606288138511
-0.0968261330244   0.116403242995   0.988471033963
-0.533542457956   0.832315494319   -0.150277621335
-0.840212559726   -0.541942066033   -0.0184838183894
0.278776315981   -0.768184373386   -0.576347581009
-0.685154609275   -0.579619591808   0.44113976264
-0.672939021783   0.271907883811   -0.687909278672
0.781796522289   0.585463084262   -0.214539447895
0.390814635289   -0.191991564552   0.900223949907
0.485858125979   -0.787637109403   -0.378905879226
0.863842836118   0.397445689638   0.309535907894
0.385067804645   -0.124782426404   -0.914413545332
-0.324805080493   0.909101902896   -0.260835944297
0.363792247287   -0.132766283454   0.921969801453
0.69932805741   0.692747693115   -0.176184283643
-0.615301120535   0.708853826724   0.344863427179
-0.473695270794   -0.0689631574466   -0.877984551879
-0.857853798757   0.261677440481   0.442280202022
0.199247711109   0.962688423145   -0.183115672618
-0.783138971783   -0.00530737138008   -0.621824076948
-0.0941155244355   0.989456083456   0.110085998073
0.6146833485   0.144735934448   -0.775381125864
0.112269169643   -0.838906944027   -0.532569969867
-0.79360359821   0.246837096999   -0.556115794099
0.597987426664   0.485084102814   -0.638047373426
-0.303467096267   0.705367486814   -0.64059693258
-0.325349139242   0.555188698037   0.765449833214
0.895575602101   0.440706498838   0.06100920261
0.259371528704   -0.4019012108   -0.878180976141
0.0903466336272   0.915409034668   -0.392254745083
0.961542456624   0.0223990179639   0.273741462158
-0.528149176692   -0.778496596432   0.339118705648
-0.330451357363   0.556311213125   0.762443266462
-0.782215026444   0.290621546862   -0.551070566193
-0.626848523539   -0.749065734723   -0.214386225302
-0.689769465349   0.661480790125   -0.29438282723
0.362324458474   -0.0366563685993   -0.931330927991
-0.242079136393   0.963018315313   -0.118293770291
0.560519426933   0.238323367521   0.793107776107
0.791969484102   0.125688889175   -0.597483589216
0.199535954751   0.712862808059   -0.672318391573
0.901877306804   -0.401883175276   -0.158452632996
-0.383148438904   -0.574731702899   -0.723104932531
-0.795030149493   -0.60604934084   -0.0251248455748
-0.595303081294   0.787539515705   -0.159360448681
0.116367103595   -0.111739463351   -0.986900698921
0.53571395132   0.117135645951   0.836235494827
-0.403205980106   0.905619097551   0.131449563552
-0.741913404629   -0.407594517381   0.532382578071
0.838530413589   0.478310801303   -0.260932027245
0.502890140921   -0.495119234503   0.708490260898
0.209686078819   -0.725310775447   -0.655710322755
-0.148345739009   -0.834599713519   -0.53050622985
-0.858209669715   -0.157909136966   0.48840645703
-0.49139567003   0.527738593107   -0.692836396864
0.318881595387   0.817736764189   -0.479187972112
0.650406239357   -0.556550867576   -0.516936026608
-0.689410075302   -0.146825462009   -0.709334922148
-0.513293534692   0.785974288755   -0.344636278775
0.520136306991   0.604322636044   0.603533241597
0.682633114771   0.130531869589   -0.719008665891
0.910373627276   -0.274558829425   -0.309576013193
0.311191494743   0.947391428434   0.0748954933868
0.272726442355   -0.164520304263   0.947920543677
0.896104616176   -0.248688776091   0.367628085863
-0.212845481144   0.486050655752   0.847615220014
-0.389478263868   -0.837799888213   0.382619954113
-0.902400028204   0.406425892017   -0.143150911265
0.415124999435   0.909053957934   -0.0359462989663
0.115522395845   -0.0918634631589   -0.989047865472
-0.862248087296   -0.254372487651   -0.437975882303
-0.499269412525   0.572332593858   0.650511687616
0.0851955965414   0.779570419868   -0.620493086823
0.421369592856   -0.342135797309   0.839875444586
0.800635100093   0.57531531138   -0.167319242747
-0.4259473004   0.742937001833   0.516346306843
-0.449730806288   0.832742396317   0.322927705925
0.473872371322   0.528937345839   -0.704038535789
-0.757091261062   -0.163601300585   -0.632493033064
0.860721523841   -0.443222244049   0.250424640914
-0.287069907264   -0.0163302560619   0.957770427128
-0.420415659485   -0.896262999971   -0.141291571379
0.092769791068   0.995377254874   0.0248573197522
0.995415668343   -0.0921321420617   -0.0256771419324
-0.023268284935   0.0271254286466   -0.999361194983
0.225595325591   -0.822463706063   -0.522168747901
-0.76832902802   0.179336953973   -0.614417416457
0.598980178117   0.539807103652   -0.591465161339
0.585196085807   -0.728594671689   0.355942896465
-0.810701376534   -0.535194000585   0.237340809439
0.0175732536075   -0.427454308817   -0.903866137563
0.311254572082   -0.567995413002   -0.761906688621
-0.826455168599   -0.557567804784   0.078038435149
-0.469140113028   0.605391901063   -0.6429682733
-0.939050146188   0.148425811552   0.310088054281
0.331285073575   0.631667404016   0.700889785009
-0.0918423811153   0.760898198952   -0.642338623984
-0.234355029668   0.727129895823   0.645259509554
0.797258203193   0.523563891525   -0.300433368543
-0.556288663836   0.444030366182   -0.702410105563
0.666615763524   0.423840740037   0.613174078795
0.730537871724   -0.208028557161   -0.650414127601
-0.148114286273   0.881523196797   -0.448306827643
0.383959675583   0.282758127806   -0.878989652206
-0.598793856735   0.800893551131   -0.00392898127345
0.702866192574   0.52784217425   0.476824657941
0.999780619115   -0.0115170486114   -0.0174948916497
0.0124373073794   0.998493755984   0.0534371841104
0.0168531014268   -0.0536430503587   0.998417946614
0.75093181478   0.470160099884   0.463735797657
0.641449102177   -0.686236406045   -0.342961578512
0.156985537129   0.555003671606   -0.816900523709
0.993258592936   0.0301395552204   -0.111932902979
0.0312462376366   0.860254976344   0.508905736172
0.111629029342   -0.508972477533   0.853513899665
