0.0386286580209   0.130068401301   -0.990752258526
0.715869989625   0.688147090998   0.118252860894
0.697164245173   -0.713817758352   -0.0665298664451
0.750014210882   0.0382741907391   0.660313387565
-0.470989775896   0.731819900063   0.492552804146
-0.464378417324   -0.68042245715   0.566902077373
0.919977750439   0.207520219662   0.332530144692
-0.110008823107   0.950954961982   -0.289106760766
-0.376216689603   0.229390537541   0.897686461829
-0.483620930041   0.687364211272   -0.541886738247
0.875126269863   0.368216520355   -0.313959560984
-0.0162729168237   -0.626056734809   -0.779607694278
0.694826855622   -0.276139880033   -0.66405000366
-0.153480019742   0.84513964792   -0.512037946889
0.702609083521   0.457696124268   0.544843769886
0.100264890911   -0.686624017037   -0.720065560126
-0.993512750439   -0.0300613586053   -0.109675564438
0.053659727603   0.726390923641   -0.685183814525
-0.79188523705   0.268165116247   -0.548639446059
0.603863273361   0.210100645963   -0.768899776078
-0.0909225958164   -0.940183593239   -0.328310664732
-0.967098843099   0.253362333122   -0.0229642293991
0.1749931985   0.596996541082   -0.782925609758
-0.18465429363   -0.761185035383   -0.621691349266
-0.780524094968   -0.599878730807   -0.17586257561
-0.614696673588   0.787678333569   0.0413623295452
0.113710758743   0.14038643507   -0.983545378818
0.734684544068   -0.571344048233   -0.365793109907
-0.64199889524   -0.759798579   -0.102681730892
-0.219262489308   0.310277453091   -0.925014520364
0.374214527758   0.311142386512   -0.873586803089
0.451744875193   0.76153654745   0.464745795715
0.809870393922   -0.568552989803   0.144421060912
0.271446022563   0.220431409864   -0.936870882448
0.341781100247   0.887897270332   0.307935247821
0.899723700004   -0.40379255922   0.165676892684
-0.281755252325   0.865514939702   0.414123009433
0.783119577803   -0.0419367094703   0.620455509495
0.554380469219   0.499124434939   -0.665985806003
-0.624675110033   -0.431493620047   -0.650841196271
-0.726656889946   0.626379998326   0.282166372891
0.285920917737   0.649200549565   -0.704831806353
0.612855495852   0.778373522707   0.136171951417
0.235339527113   -0.0152859420364   -0.971793006228
-0.754336429043   0.62761532735   -0.192550130338
0.813645094091   0.167523347257   0.556702424087
0.120856707972   0.887922822424   -0.443831857303
-0.568660986001   0.428402835591   0.702207728139
-0.249031777277   0.521843988333   0.815881134569
0.866893822995   -0.255511180533   0.428029363798
0.431831302197   0.813875229051   -0.38875292665
0.539944228717   0.730017142203   -0.418969213623
0.678544265353   -0.672051466475   -0.296520667685
-0.498034044851   -0.124184534052   -0.858219256176
0.130048609697   0.915242945492   -0.381336740747
0.965681885487   -0.204127326281   -0.160594304716
-0.224824053779   -0.347364916756   -0.910380008265
0.446385874144   -0.190625502283   -0.874300617205
-0.777772343548   0.400503390321   -0.484424623603
0.442504048543   0.896247149073   0.0305158123357
0.87856277414   -0.399083995732   -0.262410777687
-0.241049122277   0.103824663875   -0.96494339721
0.412338177405   0.911017235578   -0.00498236216814
-0.5134623562   -0.296136881136   0.805393913806
-0.35707191588   0.927183185385   0.113273949476
-0.780292288604   -0.229421638847   -0.581815826507
-0.685413744981   0.212566372018   0.696436311288
0.316071121614   0.94849025673   0.0215703261513
-0.655977929716   0.234908004069   -0.717294350564
-0.400012497275   0.680752544301   0.613649717226
0.810021324971   -0.050651161566   0.584208792235
0.428783692689   0.730760174927   -0.531162980284
0.0909126150049   0.642890830468   -0.760543408708
0.865454390898   0.326814860885   0.379711395639
0.492669862794   -0.69273618846   -0.526681098471
0.823611421828   -0.339355911509   0.454424681502
0.182063206527   0.917027532699   0.354842913274
-0.537137984752   -0.209518661688   0.817058575465
0.018298905931   0.687129795999   -0.726304201759
0.42358731341   0.652684724497   0.628153196542
0.905670435622   -0.319147761795   -0.279116047875
0.828382098563   0.0891975808587   0.553016175486
-0.26732806   0.930515091873   0.250354492937
-0.492258882213   -0.355225921585   0.794667060798
-0.858630515521   -0.512594953057   -0.000227857268096
-0.27962612588   0.468764750335   -0.837895481889
0.429607806661   -0.719378914721   -0.545830660107
-0.826795396273   0.508078232328   -0.241383268964
0.441556376385   0.852074853313   0.281063001523
0.348478606482   0.125797274158   -0.928836749186
0.921485109753   -0.386785150375   -0.0355308310365
-0.253180124656   -0.667506957993   0.700238734661
-0.294559021223   -0.636263867031   -0.713024035034
-0.331481044078   0.442712513811   -0.833142213269
0.883143634482   -0.165082173541   -0.439095885716
-0.331930170805   -0.881336204914   -0.336257127234
0.998356835634   -0.0530101833182   0.0217611857936
-0.0463152557238   -0.522860250712   0.851159242041
-0.0337420483938   -0.85076852239   -0.524456285576
0.128600476877   0.447662335818   0.884906972759
0.81250040576   0.464056656114   -0.352837796382
-0.568599162843   0.764362383301   -0.304047922222
-0.838043115974   0.467732522239   -0.280909279681
0.453248887557   0.310212432096   -0.835663624255
-0.303725503868   -0.827643966095   -0.471970638588
-0.668741023489   -0.451798032905   -0.590477756539
-0.376122204082   0.890648025192   -0.255495954602
0.641340417486   0.0512311690736   -0.765544143871
0.853684172269   -0.286747843842   0.434740161556
-0.520561665605   -0.494606051382   0.695974429301
0.015455947713   -0.820451417203   -0.571507292773
-0.0502407263664   -0.70888090859   -0.703536585298
-0.016903598719   0.704928818397   -0.709076603298
0.998594080579   -0.0237322234762   -0.0473987742916
-0.738833224152   0.448285728617   -0.503155415762
0.673819106572   0.502138887813   -0.542055669618
0.00965808006306   -0.739524470768   -0.673060382601
-0.322358898712   0.944483325163   0.0635294334156
0.752715526527   0.296446492382   -0.587825495601
-0.5740244564   -0.141671188474   -0.806489428207
-0.695072617945   -0.713965443965   -0.0844239339189
0.01591149662   0.102122812369   -0.994644537247
0.718763438184   -0.692693493563   -0.059622511802
0.663450049857   -0.0804958917955   -0.743877975711
-0.717347098355   -0.351073789063   -0.601797586498
-0.212713826128   0.932881346173   -0.290663417267
0.0602230787681   -0.937780580904   0.341966025889
0.216509484114   0.346704001137   0.912644497537
-0.974421276488   0.0190766263875   0.223917972154
-0.210603600474   -0.976848891774   0.03758145965
0.0093934327283   0.0364197347096   0.999292432847
-0.977526412375   0.210807603196   0.00150583709185
0.726851884327   -0.681196528614   -0.0875078719468
-0.338316194149   -0.466013873505   0.817540960731
-0.597685946819   -0.564625857627   -0.569182879108
0.0906262372077   0.292019682812   0.952108917078
0.988886042876   -0.139533288674   -0.0513308441038
0.117861271563   0.94617914065   -0.301419565496
0.778837174415   -0.540443335039   -0.318329479252
-0.269162412698   0.17043254006   -0.947894690817
0.566537069696   0.823937953307   -0.0127278340568
-0.154419771465   -0.301884433042   0.940755187744
-0.0419304296886   0.953320769468   0.299034027442
-0.987115177295   0.00673049692385   -0.159869719347
0.431835325258   -0.468339901649   -0.770828118573
-0.882773753729   -0.0441615051068   -0.467718142897
0.185010139149   0.882444048079   -0.432508670921
0.0937550360318   0.963764313829   -0.249736542398
0.877161723768   -0.198618551555   -0.437193299736
-0.470953610852   -0.178070262448   -0.863998656282
0.637081365266   0.53417736259   -0.555681454906
-0.0906602483751   0.767844340762   0.634189078844
0.765446309936   -0.353651825467   0.537607973293
-0.514174252111   -0.834858171424   -0.196562132856
-0.836473637961   0.437457487297   0.330064841817
-0.189569753554   0.334129885545   -0.923266228194
-0.827416691753   -0.507939016922   0.239540337512
-0.56020934521   0.716659767194   -0.415408555069
0.0393332905677   -0.47790870799   -0.877528437761
-0.227211108924   0.841829056966   0.489590595119
0.723944551473   0.482271515237   -0.493273222447
-0.651367329833   0.242359287915   -0.719015004842
0.894388253313   -0.431157492333   -0.119049859893
-0.43914037113   -0.79583666823   -0.416892950222
0.085002275139   0.425143757224   -0.901125628819
-0.0958828148931   0.246106626598   0.964488472794
0.99536353761   0.0311138990136   0.0910129292135
-0.00761011195658   0.968743234109   -0.247948850699
-0.509461127062   0.856814913851   0.0794831014617
0.784274376895   0.424342806686   0.452600137164
0.354066465174   0.29291873586   -0.888164147229
0.28498268837   -0.5549691166   0.781533202717
-0.784885075783   0.332917105672   0.522610388878
-0.550218397677   -0.762348660634   -0.340711365361
-0.407138707016   -0.264103008799   0.874349857892
0.0781999273297   0.943688380682   0.321460746487
-0.910012551901   0.199253208029   -0.363559231041
-0.631702734175   0.774560219353   -0.0317509406363
0.720122349782   0.601484063638   0.345891200429
0.287011248875   0.195635855059   -0.937737252771
0.119686075284   -0.698341651038   -0.705687028228
-0.862131502093   -0.425597191747   0.274947819551
-0.492345931721   0.575487592223   -0.653000394116
-0.0594331931148   0.926921780493   -0.370518162042
0.90051066744   -0.110382690578   -0.420590298803
-0.430753100259   -0.35865258185   -0.828142555451
0.159346265135   -0.986844775129   0.027315885282
-0.68535035196   -0.130494511373   -0.716425905149
0.710565734366   0.0954388406393   -0.697128226973
-0.827707648815   0.0631720715962   0.557592447455
0.423539683814   0.722160507958   0.546898836147
-0.368122512655   0.688834878701   -0.624493655338
0.807923213776   0.20903922728   0.550965227669
-0.462688910541   0.804037326038   0.373420607894
-0.36493705307   -0.556620678556   0.746320552779
-0.157139974033   -0.954699113563   0.252698696321
-0.957342462328   0.210086970071   0.198390712559
-0.24249214087   -0.210744080743   -0.946987061182
0.677039517291   0.733430676922   0.0608024191591
0.441638584103   -0.470988095936   0.763626593642
0.588704385119   -0.490152686042   -0.642788838816
0.749352607929   0.395243800626   -0.531274888412
0.619402484035   -0.702062376687   0.351353073151
-0.234117986838   -0.592360327257   -0.770907264806
-0.926416874818   -0.372335317875   -0.0558407119831
-0.318631387057   0.854363957294   -0.410531688983
0.200563738583   -0.362530880808   -0.910134906059
-0.375276211178   -0.717706427833   -0.586570753423
0.0274905907073   0.623925450424   -0.781000191892
0.926505279395   -0.309215969446   -0.214414205437
0.609806817124   -0.0997108556022   -0.78625275266
-0.718422295153   0.34937234903   -0.601505085234
0.334671557826   0.931663408646   0.141415138419
0.959057257117   -0.273112268271   -0.0749590987905
-0.149925713226   -0.265049299671   -0.952507821101
0.240273714929   0.924747834636   -0.295144005955
0.70594866591   0.614577284144   -0.352038695195
0.635046956527   -0.769331367608   -0.0696032313925
-0.313610975742   -0.174424793618   -0.933393886452
0.187815766644   -0.117405826988   0.975162094008
0.751284427844   0.656707050893   -0.0656319875202
-0.632690245127   0.744950817904   0.211545107779
0.0123116480708   0.847680705956   0.530363878928
0.294231529683   0.503850493469   -0.812134525292
-0.955654869847   0.166048489847   -0.243211160841
0.899809809803   0.435341621516   -0.0286352712242
0.395714321926   -0.786741703592   0.473759081445
0.183718484658   -0.437624455903   -0.880188817238
-0.137387818096   -0.215468404925   0.966797783365
0.93402365829   0.296737313236   0.198863703801
-0.329733821734   0.930333452808   0.1604844958
0.466471972729   0.148052281356   0.872057578743
0.770080496095   0.417069529296   -0.482730812428
-0.435178041947   0.896734927232   0.0805390718211
-0.800453940999   -0.508881531336   0.316722394857
-0.0884542091518   0.62290612757   0.777279749588
-0.592831629742   0.594161209859   -0.543620378092
0.0868074199631   0.877138375271   -0.472326944463
0.995739430766   -0.061590578065   0.0686264286731
0.0311039846019   -0.47627184603   -0.878747785671
0.796807404236   0.587339765439   0.141880091941
0.409989905317   -0.353055621321   -0.840987518215
-0.443853847672   0.728274486845   -0.522120707997
-0.404055759692   -0.897199310986   -0.178247971729
-0.576408524629   0.0984219826019   0.811212873465
-0.710276112363   0.430518884263   -0.556921300094
0.450802992458   0.892566730964   0.0100644308733
0.614071910808   -0.301922854289   -0.729217579612
-0.647836669499   0.33491375134   -0.684207884212
-0.107881307842   0.523505991319   0.845164540469
0.937119731799   -0.230278448873   0.262256447494
0.33191600095   0.820312936038   -0.465745053946
0.0605803054158   -0.341782109002   0.937824619286
0.852780641579   0.506004846657   0.129322358838
-0.518743871213   0.791924292539   0.322119094356
0.433309079685   -0.621395802374   0.652771398158
-0.873928891522   -0.112731678886   0.472800022351
-0.220207933608   -0.77534432697   -0.591903404794
-0.0965942782713   0.111733077917   0.989032489206
-0.528575487759   0.836220514489   -0.146093137718
-0.84337269291   -0.536890091589   -0.0217147509138
0.276646075061   -0.776361276457   -0.566330396122
-0.694908931154   -0.568676950793   0.440122827219
-0.663753362745   0.271789797554   -0.696822631227
0.778868498703   0.588594661629   -0.216610678473
0.393165011197   -0.189121367301   0.899807969735
0.488656459793   -0.785995822336   -0.378715502153
0.863812371824   0.400358646818   0.305844961056
0.382367323252   -0.125677082813   -0.915423672937
-0.328060080464   0.907699413233   -0.261645483113
0.365264996892   -0.114838209574   0.923793087043
0.686656958335   0.703291324111   -0.184074808166
-0.628556841993   0.701565035512   0.335742159002
-0.469528125354   -0.079145917915   -0.879362987156
-0.860130948421   0.265816239149   0.435334903922
0.199293981522   0.960769301489   -0.192884053897
0.987614230836   -0.138984356941   -0.0728112599471
-0.154133850252   -0.772622308722   -0.615871353675
0.0293408802879   0.619465993092   -0.784474981215
0.0982460802817   -0.847401981061   -0.52178308731
-0.78185405792   0.258651367539   -0.567277447272
0.615671941721   0.463691009794   -0.637133194562
-0.303513877693   0.717746943715   -0.626672682378
-0.338116355649   0.533764701923   0.775095202556
0.890817970235   0.447140434058   0.0806769864293
0.258360868618   -0.406536172662   -0.876343541018
0.101870240268   0.91354972368   -0.393763071545
0.960662331787   0.0124596421132   0.277439437723
-0.530852334364   -0.768501297951   0.35721359734
-0.342922959069   0.580250939714   0.73872369063
-0.774983640615   0.269656451809   -0.571564305003
-0.6214769809   -0.753838947937   -0.21329135656
-0.69201042433   0.655849134199   -0.301634689298
0.367270928374   -0.0398591738809   -0.929259550087
-0.242087728037   0.963508566317   -0.114213723218
0.55543874407   0.234141706696   0.797913192505
0.795538392237   0.129726264963   -0.591852821789
0.225767681317   0.712942643524   -0.663883831041
0.898355072868   -0.415959856979   -0.141193344153
-0.376811779439   -0.564526513484   -0.734385932905
-0.787838201272   -0.615849423859   -0.00636048368395
-0.60096299305   0.770971792586   -0.210822143102
0.134738448874   -0.162271322698   -0.977503743332
0.545756644622   0.115466806834   0.829950059564
-0.42636137176   0.890926569608   0.156415562643
-0.721363753956   -0.439223478523   0.535459681389
0.816086395065   0.513267664836   0.265630005878
0.527136203873   -0.472658200493   -0.706202271355
-0.236918590145   0.71634525875   -0.65629189535
-0.155195525749   -0.835916031534   -0.526458675502
-0.859603949288   -0.148347789317   0.488951923784
-0.486821732418   0.528429107476   -0.695533808823
-0.546837379942   -0.66261033189   0.511777713437
-0.825290394977   0.32370172318   -0.462723414546
0.140941987561   -0.675399690911   -0.723858144708
-0.544129066431   0.759312942026   -0.356885717209
0.490154387558   0.632924091907   0.599296062263
0.68093482466   0.151165306726   -0.716572965316
0.911265394135   -0.276426395211   -0.305260265155
0.313786638384   0.946120212456   0.0799655498002
0.266708318251   -0.168656430691   0.948905517616
0.897730700128   -0.250396481867   0.362465435477
-0.207915941116   0.484556719672   0.849691559833
-0.388394839663   -0.838156541041   0.382940023024
-0.906774317535   0.403100803122   0.123572163454
0.398894291873   0.915149006804   -0.0581862462881
-0.136541865263   -0.00346956313141   -0.990628225502
-0.865836665102   -0.251115122378   -0.432744803178
-0.49145878659   0.588986301701   0.64153207051
0.0937823568085   0.768138224359   -0.633378668594
0.422489654103   -0.33457940146   0.842353320344
0.797920582444   0.578123407889   -0.170575699801
-0.429913056661   0.7441975204   0.511218949515
-0.44488655107   0.840284261111   0.309835952091
0.467548348132   0.512986195341   -0.719891454005
-0.763855024752   -0.175406738524   -0.621094177435
0.858388296069   -0.445720456587   0.253974029679
-0.290352533103   -0.0139737025522   0.956817716265
-0.422924271817   -0.895063131973   -0.141410926349
0.104451378434   -0.994192634744   -0.0259020185367
-0.994320229711   -0.103859033133   -0.0232504198399
0.0204252375581   0.0281834394229   -0.999394068129
0.230790594695   -0.812562658763   0.535236047915
-0.780277419912   0.174074687418   0.600720526685
-0.581294116072   -0.55627325011   -0.593849494266
0.579225829141   -0.734738992324   0.353066639624
-0.815092831255   -0.527876569782   0.238683898731
0.0110052393918   -0.426033966058   -0.904640229302
0.318806413412   -0.57966012494   -0.749904400788
-0.831324398536   -0.551036097234   0.0725187144294
-0.455260601376   0.600294393692   -0.657559446541
-0.939877365017   0.142145916847   0.310523875169
0.329832408349   0.613582370599   0.717444950426
-0.0885501051884   0.776731107149   -0.62357651179
-0.238776083707   0.730246371855   0.640098600406
0.78936704755   0.529878524905   -0.310045824172
-0.565584340387   0.431241214678   -0.702954741553
0.661211564532   0.411109361423   0.62752558504
0.738402461501   -0.208887227994   -0.641192584822
-0.132518194141   0.887330388825   -0.441682815253
0.385861324749   0.283845829048   -0.877805549877
-0.603152625872   0.797593096709   -0.00722232556871
0.698081619846   0.532237538525   0.47896268604
0.99976011179   -0.0115158109797   -0.0186307533598
0.0125479408316   0.998336982207   0.0562656124084
0.0179518259283   -0.0564858925422   0.99824199265
0.754660326968   0.489244784289   0.4371811203
0.644409247291   -0.677992350079   -0.353642609479
0.123387652973   0.548603603962   -0.826927791777
0.993649296027   0.0344654326532   0.107113073235
0.0253038326051   0.859108730797   -0.511167198404
-0.109639375049   0.510631298121   0.852780678028
