0.0351192278111   0.0884039228057   -0.995465411904
0.741209520317   0.665834664774   0.0852798111337
0.670354448674   -0.740843401555   -0.0421422299438
0.744811005345   0.0306204340825   0.666572543189
-0.46585390021   0.739065289066   0.486582615962
-0.477741258398   -0.672937506396   0.564728609609
0.920350191041   0.208396525881   0.330947750939
-0.110419363109   0.950240365398   -0.291291627443
-0.375184074958   0.231547265085   0.897564913491
-0.46965999053   0.695452273577   -0.543843385976
0.882679953448   0.357902411612   -0.30460131901
-0.0171928204604   -0.623098707219   -0.781954223715
0.693834631971   -0.270728320709   -0.667307784942
-0.160091646302   0.845468479421   -0.509464145049
0.702114070691   0.460314269464   0.543273968699
0.109010550412   -0.700520297287   -0.705257409028
-0.991504155312   -0.0259745086438   -0.127455227041
0.0709662588709   0.713159616068   -0.697400281125
-0.792565512267   0.26312782674   -0.550094224258
0.602490396316   0.198771364904   -0.772978180056
-0.0940490888533   -0.944062334431   -0.316071317265
-0.967658518422   0.251247399727   -0.0226215794576
0.172881988251   0.595181879221   -0.784774074996
-0.183708491543   -0.76330418234   -0.619368965447
-0.776876745583   -0.60392172444   -0.178160245066
-0.619712212686   0.783445034311   0.0465902528467
0.111441893467   0.14660296369   -0.982897896741
0.725017669098   -0.585613377995   -0.362500139322
-0.65517380708   -0.748718515214   -0.100835844284
-0.212359746684   0.310608365131   -0.92651269905
0.359335286727   0.309175295664   -0.880504848518
0.437888073035   0.777343106711   0.451654436426
0.824094768341   -0.54785794783   0.143942633687
0.271239115846   0.219136405396   -0.937234537277
0.340719438765   0.888827727521   0.306423783082
0.900188650274   -0.402448141529   0.166420813892
-0.288950283162   0.862551937548   0.415345505447
0.779575617573   -0.0398228653174   0.625040795377
0.555670397222   0.504398943726   -0.660917631194
-0.626125109482   -0.424253541895   -0.654198960153
-0.726643080652   0.621757561063   0.29224539107
0.282767007651   0.658351325244   -0.697578921651
0.605922789069   0.784810000211   0.130118550775
0.226401509076   -0.0133201470306   -0.973942981068
-0.76262699295   0.619593283737   -0.185753149025
0.813898470954   0.18958248602   0.549206482094
0.0992959634553   0.885971835354   -0.452983684697
-0.572459248   0.423216715117   0.702266346499
-0.244550130008   0.521663131109   0.817351094423
0.867202909039   -0.259423722676   0.425039347197
0.433767620352   0.812752674406   -0.388945679728
0.527506985   0.731393718742   -0.432203203321
0.677921856425   -0.669007030275   -0.304715523108
-0.512014001133   -0.132260431071   -0.848733669071
0.138067310438   0.914217477808   -0.380977454791
0.964655618331   -0.211299846899   -0.157454478257
-0.224448113851   -0.345772725892   -0.911078627901
0.44576802376   -0.180178773545   -0.87682750787
-0.782756124522   0.396739510545   -0.479469092117
0.434262269275   0.900074091581   0.035817749062
0.880047151683   -0.399999526362   -0.255963649226
-0.23506926825   0.101403885543   -0.966674552847
0.412625071874   0.910888374559   -0.00478739532058
-0.51151198975   -0.308350153031   0.802044679222
-0.347920996199   0.927782197684   0.134800497273
-0.785688529092   -0.210096113212   -0.581853210412
-0.681311008967   0.221146095738   0.697789161136
0.328639217371   0.944207672644   0.0216364444199
-0.654073064623   0.244062031584   -0.715976361951
-0.409285700675   0.684259225676   0.603551594565
0.812248142049   -0.0280732907271   0.582636118076
0.415617818388   0.728698293141   -0.54429828827
0.103823503485   -0.640378447212   0.761009937169
-0.869255353689   0.313409912959   0.382321012425
-0.483338194442   -0.70120586906   -0.524113078436
0.823962700521   -0.335812746389   0.456415674044
0.177152878409   0.917758400845   0.355438286275
-0.538240026217   -0.21201253982   0.815688885015
0.0206095636126   0.697242373708   -0.716539125375
0.413738710818   0.646496176883   0.640985937791
0.910162361921   -0.309670414443   -0.275152156743
0.828351645985   -0.0969814328728   -0.551750081351
0.274264461531   0.929001227499   0.248466747164
0.488479841687   -0.357143277948   0.796138256387
-0.858591891914   -0.512604040648   0.00755385013278
-0.274634120019   0.447459630131   -0.851091052429
0.432892669448   -0.73281442188   -0.524963770011
-0.821462084232   0.517321535606   -0.239955147824
0.451430034509   0.847016721809   0.280666344472
0.348440767006   0.122233799641   -0.929326600347
0.925024217881   -0.379533294742   -0.0168723002645
-0.261039053567   -0.667234468643   0.697607895864
-0.276023203457   -0.640899868967   -0.716281054556
-0.334741488454   0.439178840355   -0.833708631413
0.881863101738   -0.165774985977   -0.441402451078
-0.332062653276   -0.882972593124   -0.331803848818
0.998414573836   -0.0535344489125   0.0173896961238
-0.0428830097947   -0.523314389164   0.851059984704
-0.0364607490678   -0.850456414447   -0.524780431137
0.132469193286   0.452127418128   0.882061625175
0.812006951984   0.460831050895   -0.358161210158
-0.568415888905   0.763685498296   -0.30608468915
-0.827879525196   0.483791397734   -0.283833358226
0.467818593728   0.316379968421   -0.825257219868
-0.309453154977   -0.815996077846   -0.488251109384
-0.67300734831   -0.431798934929   -0.600508775054
-0.384558163587   0.897811677856   -0.214590796457
0.631803868254   0.0865093688572   -0.770285662051
0.848115348876   -0.276152177572   0.452150782178
-0.528759815934   -0.494931847702   0.689532829666
0.0333678296431   -0.823882540752   -0.565777471266
-0.0523353491793   -0.62135303418   -0.781780927208
-0.131437284261   0.780329295932   -0.611400384541
0.989942044534   0.0707573093472   -0.122507761558
-0.695620983207   -0.717635169299   -0.0333348392442
-0.527341203988   0.541575053937   -0.654681384744
0.487875703739   -0.437831274281   -0.755169565702
-0.325857859527   0.944456744467   0.042639338825
0.738543644002   0.282451840672   -0.612188078622
-0.590228719473   -0.167995284254   -0.789561677882
-0.690692626206   -0.715179328772   -0.107061775633
-0.018906180149   0.165857554582   -0.985968472082
0.72290127435   -0.678977024122   -0.128077899179
0.662554588728   0.0831585031455   0.744383019897
0.718828694496   -0.349882777763   -0.600722356663
0.210491626735   0.933095228355   -0.291593158176
0.0602834982889   -0.935884290618   0.34711164545
0.209732136976   0.351857245519   0.912254848984
-0.97589872966   0.0178065535424   0.217496197892
-0.209736879735   -0.977263944653   0.0310744872715
0.0152824621088   0.0285009362318   0.999476934694
-0.977638423769   0.210102068325   0.00895730177001
0.708547425132   -0.703245543879   -0.0583630992405
-0.371783562465   -0.442321093533   0.816167282422
-0.599781234301   -0.556594785484   -0.574860605495
0.0873818058937   0.278997278879   0.956307972558
0.987561750664   -0.150226169885   -0.0464099828341
0.130714225024   0.948468563665   -0.288654075177
0.778256400748   -0.540720883004   -0.31927715449
-0.270283578144   0.170487519288   -0.947565719701
0.566801342695   0.823744458222   -0.0134649719024
-0.152995610308   -0.296060509829   0.942836421521
-0.0562772990149   0.955130731729   0.290788842499
-0.986623134151   -0.00857087078721   -0.162792295063
0.427090635821   -0.465687211117   -0.775067100447
-0.885363131752   -0.0412830634656   -0.463063530852
0.183645619954   0.883985933187   -0.429933897476
0.094450147263   0.961588113366   -0.257735270995
0.872980425653   -0.204442019917   -0.442841548321
-0.478523088376   -0.183171397126   -0.858757179397
0.637575107446   0.530462720934   -0.55866562814
-0.0853927424622   0.76936730965   0.633073473127
0.765640948422   -0.355925897544   0.535827111629
-0.510504513701   -0.835073152   -0.205031637313
-0.836882882321   0.427752108618   0.341548202823
-0.197515019097   0.345949366789   -0.917227808589
-0.826067653352   -0.508289941085   0.243420557633
-0.561912983783   0.709739355386   -0.424880978714
0.0431975779768   -0.487761604893   -0.871907441217
-0.228391723492   0.83968303083   0.492716580171
0.726369310847   0.483946997162   -0.488039883819
-0.648247518237   0.246429932584   -0.720449473195
0.893795546877   -0.439908814094   0.0872339135054
-0.432794501908   -0.795086315209   0.424884302466
-0.117551858775   -0.417514055627   -0.901034723997
-0.093554044464   0.201485144383   0.975013526753
0.994765271418   -0.0215160541565   0.0998955163622
0.0411059063852   0.979255225159   -0.198417510449
-0.508300694765   0.85696147841   0.0851318285046
0.782119529397   0.417999931991   0.462131040498
0.360443401159   0.301484794604   -0.882715964048
0.277899104265   -0.546539074144   0.78997919484
-0.790130451189   0.337650625612   0.511552465661
-0.546320380316   -0.766346589641   -0.338004358834
-0.407767685006   -0.266940934165   0.873194166685
0.0891154821469   0.940110983557   0.329013327142
-0.908726551778   0.211976121917   -0.359558309361
-0.629831142308   0.776396092166   -0.0228438229805
0.718458854702   0.593503526586   0.362726395552
0.295177245532   0.21204403316   -0.931615651286
0.114579100804   -0.699724745295   -0.705164456335
-0.863293674226   -0.421350329773   0.277827161451
-0.491523816004   0.576930828106   -0.652345888221
-0.0455983544627   0.926442040797   -0.373665539106
0.900135826743   -0.124110472698   -0.417554887388
-0.433216208705   -0.355389554731   -0.828264438996
0.150817175518   -0.988014811222   0.0328772318591
-0.680030563466   -0.127828201365   -0.721954557911
0.717504433659   0.08652562477   -0.69115895707
-0.827343709514   0.0697423020294   0.557349439427
0.420171150493   0.735361223076   0.531695472888
-0.372771499199   0.674077060063   -0.637700185414
0.808136511454   0.208457354825   0.550872861987
-0.462717971702   0.8033764803   0.374804361721
-0.364427575135   -0.557791862723   0.745694830585
-0.123415193939   0.95925494444   -0.254162627995
0.964470355316   0.176235268799   0.196819876398
0.233592858662   -0.220841756913   -0.94692306698
0.67946331493   0.730699037073   0.0663966933216
0.43603718467   -0.474922561134   0.764408355862
0.590085737202   -0.490436008207   -0.64130440869
0.746804773553   0.539792725305   0.388466786105
0.24406196832   -0.765817084645   0.594943651523
0.618640756674   -0.349496790509   -0.703658729504
-0.929283579447   -0.36517549704   -0.0554877043273
-0.3097959912   0.852371123356   -0.421295516123
0.201142916371   -0.374313136866   -0.905224393597
-0.385037700527   -0.695859956869   -0.606238310895
0.0338211187068   0.645803183313   -0.762754469244
0.922280923093   -0.314192884782   -0.225123810491
0.607995260772   -0.0918001487116   -0.78861555626
-0.722282232776   0.348431474349   -0.597414331849
0.329621205468   0.932828087259   0.145539068727
0.960101993991   -0.271984779715   -0.0650264618335
-0.13999801393   -0.266178243131   -0.953703150346
0.242084111893   0.924755871832   -0.293635590966
0.691704520581   0.632274818249   -0.348960471136
0.652289401785   -0.754363074625   -0.0738572133303
-0.309940950063   -0.176535848626   -0.934222511837
0.202139882877   -0.119051243953   0.972093755285
0.768689318006   0.634323828582   -0.0821584619944
-0.606841165491   0.763845587673   0.219735563938
0.010632598179   0.848454860071   0.529160937973
0.289344163472   0.503941617278   -0.813832170315
-0.957166079069   0.161762779392   -0.240137253009
0.897102691948   0.439977553736   -0.0403300422566
0.405526595592   -0.783736586969   0.470430805235
0.175370865219   -0.438379646488   -0.881514801451
-0.143576105317   -0.220009782504   0.96487387652
0.930433229193   0.302159308836   0.20734936243
-0.337164511775   0.927521130589   0.161321555639
0.459880387239   0.141808285261   0.876584530815
0.773937912039   0.419968469235   -0.473968979109
-0.435350591756   0.896391039156   0.0833844540553
0.576620977987   0.814321265337   -0.0662504684162
0.632705643099   -0.496376171966   -0.594385619861
-0.516906003966   0.300818172201   -0.801446573604
0.121068163248   0.874262338855   -0.470114733557
0.992383957365   -0.0957578187668   0.0774888463506
0.0227284185901   -0.475915752003   -0.879197142843
0.78910613926   0.595324227904   0.151329325158
0.421077313104   -0.344897332463   -0.838891963516
-0.447219629905   0.725696144218   -0.522838128772
-0.407256819326   -0.89703549509   -0.171665965354
-0.577228813946   0.107145026867   0.809522599789
-0.707777351618   0.428774140739   -0.561430277746
0.453103008682   0.891420759354   0.00816659754172
0.612798091585   -0.304801586547   -0.729091552405
-0.647438153396   0.335358051388   -0.684367456047
-0.1242229783   0.506421263151   0.853291366356
0.930655724095   -0.238810213722   0.277217613147
0.34416358738   0.828557291959   -0.441638131361
0.0562636701856   -0.369433716684   0.927552224073
0.863134199589   0.484949909462   0.140793958702
-0.501830402533   0.792680461651   0.346155937119
0.429826764834   -0.586332191663   0.686632007157
-0.885889476464   -0.126892014433   0.446204271791
-0.174495810047   -0.800070607942   -0.573967102353
-0.0963910710046   0.107856429094   0.989482567878
-0.524552739947   0.839352195489   -0.14259142661
-0.84590376784   -0.532780332437   -0.0243296716709
0.275232464278   -0.782769880392   -0.558138338549
-0.702603131447   -0.56004581687   0.438973259649
-0.65619808769   0.27133005244   -0.704119359451
0.776432979132   0.59126226763   -0.218084295154
0.394892542945   -0.18677262117   0.899542032094
0.491133086283   -0.784553961723   -0.378501483087
0.864296143254   0.40166753515   0.30274637564
0.379938611518   -0.126932557952   -0.916261303999
-0.32960404766   0.906946148862   -0.262316325888
0.366392857977   -0.0997133834754   0.925101894268
0.675710890687   0.712026870583   -0.19087306718
-0.639664807403   0.695035953547   0.328258979231
-0.466146282044   -0.0876635859844   -0.880353758116
-0.861875358621   0.269606265087   0.429515224442
0.199696043871   0.958972135944   -0.201231042694
0.985519431246   0.160258007088   -0.0553969475837
0.159970900894   -0.770428345775   0.617130030792
0.0562206501612   -0.617055536562   -0.784908722913
0.0858962827942   -0.853167414466   -0.514516463769
-0.772717989214   0.268941438526   -0.574958617453
0.628910754989   0.4469629353   -0.63615673911
-0.303671129995   0.727394290536   -0.615370937647
-0.348681708414   0.516222541019   0.782262970081
0.886681967237   0.452119269926   0.0968672015552
0.257547212096   -0.410780207599   -0.874602226493
0.111785556931   0.911725451526   -0.39529822957
0.959777798661   0.00404005999086   0.28073164252
-0.533267447255   -0.760349586536   0.37080228689
-0.351601535472   0.597889635965   0.720350153371
-0.7694167856   0.253764633987   -0.586175162035
-0.616773771894   -0.758158043822   -0.211628199662
-0.693679041812   0.650595824095   -0.309086493752
0.372020834436   -0.0438343958307   -0.927188785786
-0.241826520432   0.96398634864   -0.110680863991
0.551297968548   0.230366911178   0.80187382805
0.798492632335   0.132896222187   -0.587152544266
0.247726203389   -0.713101771673   0.655833508896
-0.895193945031   -0.427341629576   -0.126518506199
0.370485531342   -0.555756236913   -0.744228107637
-0.78203777537   -0.623151451509   0.0099592357152
-0.604746129631   0.754882742825   -0.253838852978
0.150661994509   -0.204534381138   -0.967195249338
0.553906648763   0.115784890192   0.824488498197
-0.444040018763   0.878769678643   0.174906585452
-0.704283952815   -0.462987808803   0.538169492546
0.796412158891   0.541376477655   0.269516572057
0.546376842268   -0.45309258811   -0.704400065898
-0.259229665364   0.708250390784   -0.656644016613
-0.160806736899   -0.836936372265   -0.523143099111
-0.860697382478   -0.140502657261   0.489345500743
-0.483054043729   0.528957949257   -0.69775517107
-0.539413427264   -0.671978240104   0.507423294023
-0.830976540184   0.327445403655   -0.449730471827
0.136055665643   -0.664247508428   -0.735026600469
-0.566213143185   0.738592696747   -0.365900949439
0.466743723441   0.653187439455   0.59623524348
0.679376900635   0.166814259736   -0.714576818569
0.912030554908   -0.277778696176   -0.301727133126
0.315700796706   0.945118621897   0.0841652986909
0.261788605315   -0.172016820385   0.949672016873
0.899042688732   -0.251793565191   0.358220943506
-0.203852251454   0.483348587474   0.851362673931
-0.387513229988   -0.838435533309   0.383222328512
-0.910500370812   0.399015346041   -0.108516488952
0.384424689879   0.913473677557   0.133354783272
0.152337561232   0.0797031620069   -0.985109472802
-0.868860827628   -0.248320112925   -0.428273258248
-0.48464241345   0.603161338257   0.633496749098
0.101007887311   0.757979895214   -0.644409718387
0.423443730634   -0.32821735078   0.844374785053
0.795624425037   0.580452690779   -0.173367955665
-0.43321724489   0.745216776793   0.506926793842
-0.441391622532   0.845878114566   0.299438893363
0.462029113359   0.500314328808   -0.732266803015
-0.769222031646   -0.184866945903   -0.611654868652
0.856499439861   -0.44776364449   0.256741948639
-0.292909119629   -0.012093013001   0.956063808893
-0.424985831712   -0.894070174936   -0.141511713771
0.112803449631   -0.993251058838   -0.0269762093312
-0.993456188916   -0.112254658167   -0.0210640078524
0.0178936429457   0.0291757748624   -0.999414124228
0.234897624307   -0.804017217265   0.546241174243
-0.790036632034   0.169464521719   0.589172212451
-0.566273102082   -0.56994569059   -0.595396240869
0.574368903848   -0.739635008036   0.350771174957
-0.818576707465   -0.52193870837   0.23981692747
0.00570405891408   -0.424876499225   -0.905233353406
0.325596511854   -0.588827520424   -0.739776359894
-0.834844622037   -0.546341062836   0.0674232905596
-0.443870891726   0.595645527345   -0.669466233074
-0.940644500332   0.136472559214   0.310746141696
0.328379188726   0.59732648062   0.731688584004
-0.0857614855787   0.790301408408   -0.606686617177
-0.242648820754   0.731856443322   0.636794861909
0.783350137062   0.535025691973   -0.316401756781
-0.572262276016   0.422058829189   -0.703123198416
0.656944124988   0.401445836052   0.638173689022
0.744184708509   -0.209553633998   -0.634252626402
-0.120886460218   0.891587637417   -0.43641488121
0.387443426893   0.286136338461   -0.876363843829
-0.607798755883   0.794034815555   -0.00945431302934
0.69315818058   0.536315865419   0.48155688054
0.999742243688   -0.0114739652048   -0.0195906688846
0.0126048194821   0.998201271537   0.0586117738026
0.0188829211376   -0.0588436030928   0.998088606119
0.75785544934   0.502302696017   0.416349756191
0.645024155782   -0.672691865016   -0.362532058168
0.0979742637803   0.54330254584   -0.833800568074
0.993927894904   0.0381414315981   0.103211292633
0.0203349498466   0.858171129111   -0.512960820117
-0.108138011569   0.511944864567   0.852184619726
