0.0305632489314   0.0360182545432   -0.998883663473
0.771188873055   0.634906596883   0.0464901635851
0.635872322003   -0.77174885719   -0.00837206876157
0.738486403961   0.0212535974506   0.673933316998
-0.459090769637   0.747887276257   0.479479183331
-0.49383549528   -0.663485423057   0.562061915622
0.920736712842   0.209397466663   0.329236399234
-0.110921148709   0.949452444018   -0.293660612473
-0.374086092222   0.233864827419   0.897422329844
-0.45260490355   0.705113722963   -0.54586027422
0.891528454833   0.345429143977   -0.29301146857
-0.0180503602199   -0.619268394301   -0.784971872308
0.692773977853   -0.264241330647   -0.670999802375
-0.168079912895   0.84566392884   -0.506558646496
0.701294059929   0.463712236885   0.541440304071
0.119547166935   -0.71687800806   -0.686872911416
-0.988562840045   -0.0218859005841   -0.149212997551
0.0919346842082   0.696855027186   -0.711295357024
-0.793325527431   0.256868445506   -0.551953991951
0.600838643629   0.184228229502   -0.777851453542
-0.0981199870023   -0.948724702513   -0.300489445727
-0.968367635276   0.248544130555   -0.0221345457471
0.170106691376   0.59264901106   -0.787293378125
-0.182559131511   -0.766154661186   -0.616181141097
-0.773089038019   -0.607924058777   -0.181001873068
-0.624912349068   0.778888190347   0.0530824163043
0.108710143394   0.154147739841   -0.982049173425
0.713156201848   -0.602074499287   -0.359046694838
-0.670456076254   -0.735372574814   -0.0985688897446
-0.204687277523   0.311020053243   -0.928100018802
0.343314936226   0.306837779868   -0.887685434943
0.421366646183   0.7943588882   0.437543262114
0.839395618316   -0.524256171717   0.143424064818
0.270864245009   0.217226844247   -0.937787320726
0.339477357292   0.890058028314   0.304223322776
0.900770606016   -0.40076078198   0.167341300836
-0.296742921123   0.859474347084   0.416230087172
0.77594796081   -0.0370531581873   0.629707730287
0.556640279605   0.509834198708   -0.655912104591
-0.627736157143   -0.415768189523   -0.658091277557
-0.726667076521   0.616117162457   0.303898999712
0.279109793658   0.668981654986   -0.688884074702
0.597171419455   0.792672019841   0.122708454261
0.215224383315   -0.0109763993729   -0.976502935727
-0.772699657443   0.609549495626   -0.177157138635
0.814122426738   0.21728302282   0.538509760613
0.0714954423359   0.882795060845   -0.464285776514
-0.57627517386   0.416486456613   0.703168511419
-0.23959837174   0.521305271516   0.819044219898
0.867495042251   -0.263848701043   0.421706313239
0.435941477641   0.811556946151   -0.389012019383
0.512835390899   0.732745307893   -0.447307696784
0.676913238651   -0.665602859469   -0.314263107608
-0.528004099586   -0.141623258069   -0.837349702091
0.148024200823   0.912648897136   -0.380999772345
0.963160778113   -0.220491435642   -0.153963769483
-0.224522051201   -0.344173673259   -0.911665690459
0.445045399634   -0.166719402458   -0.879851824518
-0.789029375931   0.391663672396   -0.473320411183
0.423517692879   0.904878007561   0.0427616095264
0.881402798774   0.401512536475   0.248830844884
0.228395173319   0.0988600077873   -0.968536186038
-0.413478839987   0.910502269032   -0.0045680378075
-0.508987720301   -0.323024109873   -0.797863976517
-0.337519160921   0.927582102513   -0.160225650595
0.791841093019   0.187741491253   -0.581154726272
-0.676219074124   0.230924048187   0.69957261793
0.343891429806   0.938738845377   0.0225402903053
-0.651510896528   0.255819202074   -0.714205913972
-0.420650253447   0.688416529006   0.590877353489
0.81467198588   4.23968843639e-05   0.579922023745
0.399202855322   0.725315573246   -0.560851495059
0.119314256925   -0.639014751999   0.759884369375
-0.872267983189   0.298113943186   0.387655313882
-0.474249589981   -0.709075612051   -0.521822865343
0.824447834952   -0.331434186581   0.458734288459
0.171070560302   0.918602692859   0.356235815253
-0.539463280345   -0.215221914862   0.814038633311
0.023389378521   0.709307436179   -0.704511105628
0.401720283181   0.638639061824   0.656323824643
0.915463680903   -0.298367407224   -0.270005813369
0.797944072724   0.359393241723   0.48386129687
-0.246329232106   0.927128426247   -0.282408906826
-0.550097415205   0.106157331583   0.828325693635
-0.859184291903   0.511393737641   -0.0166972347785
0.267126465475   0.420484108064   -0.867085097501
-0.436400966991   -0.749446168825   -0.497880142246
-0.814651476368   0.528837651973   -0.238062407589
0.463561811177   0.840440019896   0.280661754032
0.348501677571   0.118284871447   -0.929814642774
0.928811140777   -0.370489832294   0.00686650818387
-0.271127703157   -0.666847566561   0.694121092858
-0.252585893012   -0.646569104688   -0.719825506295
-0.338414379408   0.434743318814   -0.834550151013
0.880266997477   -0.167189383076   -0.444046983257
-0.332574384104   -0.884898839943   -0.326110904608
0.998444207687   0.054296877614   -0.0126890983402
0.0393017517488   -0.523849795036   0.850903498965
0.0395542215799   -0.850078373635   -0.525168755957
0.13699703465   0.457557091156   0.878563213906
0.811263364069   0.457105028917   -0.364563775846
-0.568404404115   0.762690304692   -0.30857727154
-0.815374984436   0.503084967861   -0.28647713673
0.485382365517   0.324346950334   -0.811913181969
-0.315543331418   -0.801064648403   -0.508652961338
-0.677704058405   -0.409345787845   -0.610862697498
-0.393797671302   0.903598094345   -0.1686234799
0.620999680594   0.12627949109   -0.773571513716
0.841307033265   -0.261585442849   0.473049185463
-0.537616003879   -0.496078736322   0.681817365385
0.0563161446765   -0.827936557628   -0.557987050378
-0.0546864122876   -0.526992837374   -0.848108451596
-0.242022376266   0.831046937896   -0.500785539329
0.96872832399   0.177875058315   -0.172991034252
-0.718886020794   -0.692603686506   -0.0591863374962
-0.511014216427   0.584281585804   -0.630459752166
0.471240235674   -0.422983642626   -0.773962194396
-0.329863749314   0.943862869541   0.0176858810845
0.721240999303   0.264060501101   -0.64037760164
-0.609098783296   -0.198481574107   -0.767856586171
-0.685132521939   -0.71602034076   -0.133821892857
-0.0608010234295   0.239289151148   -0.969042794564
0.72587647912   -0.65578622566   -0.207479549116
0.661501401389   0.0866395096236   0.744922473371
0.720651984313   -0.348336670955   -0.59943496826
0.207549062793   0.93335693014   -0.292862130522
0.060223329519   -0.933611850053   0.353188425657
0.201888219962   0.357910501119   0.911669468517
-0.977555265557   0.0164008117539   0.210039796592
-0.208816979729   -0.977688595096   0.0228140306872
0.0229514095382   0.0184225369404   0.999566827648
-0.97768537975   0.209250140148   0.0185923928237
0.68607230181   -0.727133991807   -0.0241030008147
-0.409653599446   -0.413474669366   0.813155966746
-0.601239324354   -0.548009904796   -0.581546575175
0.0832480914761   0.263501656659   0.961060160554
0.985807262426   -0.162863264   -0.0407381711308
0.145786819066   0.950811460899   -0.273319902696
0.777409303973   -0.541188313035   -0.320546383431
-0.271701511301   0.170687237614   -0.947124150084
0.567285697734   0.823396063113   -0.0143478359598
-0.15116852545   -0.289861633852   0.945054659866
-0.0730731438853   0.956702528811   0.281745606903
-0.985803424906   -0.0264670471922   -0.165804411452
0.42131037777   -0.461300078782   -0.780832762439
-0.888742022169   -0.0385027063562   -0.456787871593
0.180652106587   0.886408359008   -0.426198354604
0.0953002419887   0.959103193521   -0.266531289071
0.868264970159   -0.211042271963   -0.448973385669
-0.486861176796   -0.188632509451   -0.852868085291
0.638402079431   0.526489177544   -0.561473001049
-0.0795773015344   0.770704723741   0.63220382938
0.765578368333   -0.358919732993   0.5339160863
-0.505930413559   -0.83524631893   -0.215401957629
-0.837292035059   0.415525772213   0.355359509024
-0.207307657028   0.360141526822   -0.909572215933
-0.824581781387   -0.508237125495   0.248515412141
-0.563678789594   0.700575230166   -0.437562074498
0.0482815489077   -0.500888581568   -0.864164059012
-0.229942788162   -0.836897362048   -0.496718350345
-0.729380883047   0.486101412755   -0.481361552228
0.644305705095   0.251611251567   -0.722192451129
0.891622173811   -0.450276440486   0.0475502503896
-0.424325096654   -0.794324978246   0.434736749408
-0.157981364465   -0.407797690135   -0.899301357946
-0.0908511578266   0.152951367352   0.984048752018
0.991443965558   -0.079108924949   0.103829866378
0.0937279589038   0.98506226058   -0.14445557276
-0.506844651607   0.85714075424   0.0917508940441
0.779568869269   0.410323350798   0.473188256255
0.367941404581   0.31135907761   -0.876170444369
0.26997798434   -0.536289162618   0.799691079122
-0.796316910956   0.342532953064   0.498548446381
-0.541286675704   -0.771404634496   -0.334579773117
-0.408407050587   -0.270759334024   0.871718454588
0.101612230435   0.935572798454   0.338198896242
-0.907126581937   0.226700070208   -0.354582067385
-0.627502468443   0.778527114646   -0.0116697840505
0.716244586996   0.583049975952   0.383466318132
0.305342993529   0.232267641535   -0.92348113083
0.108411038872   -0.700745516396   -0.705126065255
-0.864232653747   -0.416964321747   0.281500754151
-0.491272802878   0.5788751814   -0.65081069253
-0.0294295945566   0.925175761368   -0.37839623352
0.898916379746   -0.141055486937   -0.414792347844
-0.437130691201   -0.352353742967   -0.827504440248
0.140692341927   -0.989278453252   0.0391638462608
-0.673761379789   -0.124654897664   -0.72835894969
0.725431780409   0.0760874393011   -0.684075605144
-0.826961470697   0.077693412946   0.556864848562
0.415731125448   0.751304198114   0.512552078553
-0.378552978211   0.655366870905   -0.653599194617
0.808428299105   0.207777093719   0.550701701951
-0.462773098241   0.802522583231   0.376561499556
-0.363709698456   -0.559272905413   0.744935616359
-0.0832597550352   0.963025695977   -0.256221236592
0.971362447336   0.135845553271   0.19493840454
0.222537208349   -0.232653163626   -0.94675746438
0.682108555694   0.727611620685   0.0728645846361
0.429585099963   -0.479357919893   0.765292510434
0.59176393954   -0.490711029101   -0.639545249205
0.743710182939   0.549858401008   0.380198504249
0.255930070564   -0.75959363834   0.597927506957
0.617571828028   -0.347380545563   -0.705642823099
-0.932856658164   -0.356010055326   -0.0550935189197
-0.298463443878   0.849417068809   -0.43521283975
0.201737522509   -0.389547793887   -0.898640355364
-0.396727631726   -0.667406887852   -0.630218400456
0.0424825596038   0.672474731309   -0.738899836162
0.9169527896   -0.319915272844   -0.238436154655
0.605860375501   -0.0821551056611   -0.791317726334
-0.726890053639   0.347118443058   -0.592570364099
0.323363658003   0.934215887845   0.150587581094
0.961286268078   -0.270371441172   -0.053178892456
-0.128068611684   -0.267499673653   -0.9550090865
0.243981846672   0.92484766767   -0.291769858108
0.6742434312   0.652918347905   -0.345099154522
0.672388082018   -0.735993470681   -0.0787900899551
-0.305434219831   -0.178916858019   -0.935253278675
0.218899025971   -0.122609823962   0.968013454192
0.787620545933   0.607806258192   -0.101120859008
-0.57596622475   0.784562542804   0.229618214383
0.00872005875856   0.849609637008   0.527339952287
0.283158854078   0.503677092462   -0.816168150497
-0.959033379988   0.156438010828   -0.236182397387
0.893499768057   0.445804886924   -0.054001548846
0.417333265335   -0.779939802729   0.466397737735
0.165804433379   -0.439262913202   -0.882925241999
-0.150684482946   -0.224667388611   0.962714262437
0.925864098015   0.309269169006   0.21709042612
-0.346510979064   0.924054730847   0.161409404284
0.451830156005   0.134910065584   0.881843968244
0.778133869594   0.423843638123   -0.463534520195
-0.436299428277   0.895631533962   0.0865272457547
0.529508947556   0.847197576627   -0.0433190560256
0.66787128893   -0.44782462621   -0.594475437323
-0.523037489937   0.285848509382   -0.802946083994
0.16039137742   0.869430348153   -0.467295918834
0.986965623008   -0.13494852889   0.08767983548
0.0131706130843   -0.475268097246   -0.879742445657
0.778183286273   0.606250627602   0.163984601399
0.435902655656   -0.33340595946   -0.835960131217
-0.452127910835   0.72201152534   -0.52371720376
-0.410865240468   -0.896823085119   -0.164006427229
-0.578181986463   0.117223836722   0.807442977946
-0.704908039892   0.426575815186   -0.566690152723
0.455553629014   0.890188523244   0.00594004845351
0.611328524297   -0.307982741038   -0.728988385781
-0.647107662196   0.335724625707   -0.684500291615
-0.144550545789   0.485198255779   0.862373348557
0.92228250947   -0.249666051361   0.295062426487
0.35846912341   0.838003290798   -0.411400500941
0.0511760397174   -0.407428064419   0.911802273132
0.87785295012   0.453681398671   0.153451576952
-0.476188209567   0.792575271395   0.380879545587
0.425343424199   -0.529227900312   0.734166739252
-0.899112080425   -0.15446545697   0.409558163684
-0.103346206153   -0.834301056057   -0.541536064857
-0.0961299108044   0.103100097673   0.990014853479
-0.519786028503   0.843033473794   -0.138264408424
-0.848870735049   -0.527887234098   -0.0274507423332
0.273948666886   -0.78998085008   -0.548527469156
-0.711317082739   -0.55029191776   0.437272012655
-0.647286749219   0.270386874229   -0.712678610968
0.773523880653   0.594542362776   -0.219499851765
0.396645183277   -0.184024056049   0.899337392405
0.494300925189   -0.782722508722   -0.378169366418
0.865483590727   0.401895406943   0.299028821454
0.376833436321   -0.129036566168   -0.917249216877
-0.330052594979   0.906548204162   -0.263126657862
0.367624161998   -0.081397611537   0.926405367186
0.662133355625   0.722403486773   -0.199280259099
-0.653017530303   0.686664132698   0.319469050116
-0.462219007712   0.0979052767219   0.881344510222
0.863772658274   0.274569381511   0.422502603014
-0.200624982806   0.956570024371   -0.211479088203
0.982700110182   0.181854993229   -0.035060731393
0.164231985366   -0.768161544326   0.618834143206
0.0856057733508   -0.613886474238   -0.784738840834
0.0702406916639   -0.858668688164   -0.507695114417
-0.762416635452   0.281988676634   -0.582411590061
0.643262869457   0.427984193888   -0.634856212509
-0.30398088854   0.738278088022   -0.602113846498
-0.361256880612   0.495490717231   0.789925575827
0.881526565458   0.457640048382   0.116088330617
0.256600992614   -0.416356568785   -0.872240298438
0.124099482444   0.909179926301   -0.397481043659
0.958517213745   -0.0062505392549   0.284966106252
-0.536379877356   -0.750825652166   0.385431533734
-0.360023955697   0.616603771615   0.70013037368
-0.763334381822   0.236771258549   -0.601049076725
-0.610812427882   -0.763810709172   -0.208569840817
-0.69538969582   0.643469213325   -0.319969596136
0.378604475532   -0.0504040877012   -0.924185089173
-0.241248440195   0.964613122292   -0.106398845888
0.546495330104   0.225635641071   0.8064932806
0.801961373308   0.136418773566   -0.58159081315
0.27416999308   -0.713278824941   0.645030334779
-0.891044308833   -0.440728160789   -0.108621949823
0.361760769833   -0.544969729598   -0.756397474368
-0.775241627219   -0.630940562863   0.0302394702768
-0.608252494977   0.732739050718   -0.305159607268
0.170379933628   -0.254965663742   -0.951820985549
0.563281907614   0.117639625708   0.817847425269
-0.463297021572   0.864543073936   0.194733518204
-0.684155948858   -0.488596143837   0.54148356011
0.771818846703   0.573726423139   0.274105197442
0.568170273074   -0.428773963702   -0.702378408581
-0.285443880067   0.697847318142   -0.656910124666
-0.167414225119   -0.837855421043   -0.519587115559
-0.861730412108   -0.131672758192   0.489982633974
-0.47895007472   0.529774082206   -0.69996160448
-0.531245573681   -0.682356693217   0.502162805936
-0.837147830893   0.331669480038   -0.43494696831
0.130236898281   -0.651448155445   -0.747431368817
-0.589109672096   0.715527216384   -0.37546051305
0.440478641968   0.673903627242   0.593154673892
0.677442514326   0.184050818537   -0.712177601433
0.91297361266   0.297561455224   -0.279170849038
-0.256001713735   0.950529888511   0.175943325003
0.317714187836   -0.089163397273   0.943984948733
0.900560279688   -0.253453791325   0.35320299873
-0.199026402881   0.481947998928   0.85329632443
-0.386496667004   -0.838741498909   0.383579228326
-0.915052678517   0.392632290667   -0.0922956112943
0.366229695765   0.904697264034   0.217712356999
0.168980488455   0.165416881773   -0.97163925906
-0.872510231342   -0.244907298507   -0.422784000814
-0.476110551947   0.620531730683   0.623104416242
0.109748068461   0.744956902346   -0.658023232961
0.424612554332   -0.32052459671   0.846739724833
0.79283774772   0.583220746859   -0.176810254864
-0.437164139079   0.74640307029   0.501766850406
-0.437848282327   0.85179142348   0.287646054288
0.45517543275   0.485933624101   -0.746112483737
-0.775309104217   -0.195754652188   -0.600479732433
0.854302280185   -0.450162060562   0.259849443527
-0.295776644773   -0.00993655223729   0.95520544457
-0.427415243618   -0.892891585894   -0.141636243111
0.124222333431   -0.991839919195   -0.028677283165
-0.992149635201   -0.123737347033   -0.0181154718841
0.0144191972308   0.0307025022194   -0.999424555988
0.239556040436   -0.793401391992   0.559577639539
-0.801505045976   0.163650869232   0.575159155601
-0.547907441785   -0.586287151643   -0.596711664919
0.5686689399   0.745250075205   -0.348163700291
0.822566379867   -0.514994510794   0.241174634997
0.000433020361524   -0.423536278564   -0.905879038965
0.334276391167   0.599250480391   0.727432578359
0.838494624958   -0.541509864756   0.060776889386
0.43033249729   0.589632027724   -0.683482270182
-0.941659657233   0.129168125001   0.310793638005
0.326316932913   0.576539923792   0.749078751246
-0.082427842594   0.806794466861   -0.5850541334
-0.247418201437   0.732939941214   0.63370598559
0.776641097137   0.541080002088   -0.322584930799
-0.579321016223   0.412348728522   -0.70310432103
0.652121112521   0.391516404246   0.649194084854
0.750221604688   -0.210023144693   -0.626943237104
-0.109112778639   0.895882349362   -0.430684591828
0.389332554621   -0.290878003047   0.873962327138
0.614816790682   0.788587198813   -0.0114255750057
-0.685872054984   0.541775061453   0.485859348968
0.999719805085   -0.0113767983006   -0.0207576439405
0.0126327272487   0.99803254217   0.0614122053909
0.0200181298774   -0.0616572236574   0.997896618517
0.761782543235   0.514875561568   0.393180000665
0.643968224366   -0.668020714664   -0.372898445674
0.0706560884117   0.537262953199   -0.840450020103
0.994211221852   0.0426401562742   0.0986197922141
0.0143286570986   0.857060085366   -0.515017183848
-0.106483500737   0.513448952814   0.851487778494
