-0.511827437596   -0.785048199407   -0.34890113031
-0.075191918359   0.445507887463   -0.892114845534
0.855791358649   -0.430374310125   -0.287052440587
-0.158816215497   -0.855450814254   0.492931348249
0.704175746101   0.251808603216   0.663874194369
-0.69203607442   0.452544287046   0.562396425988
0.787766300358   0.210894788124   -0.57874661499
0.261720639504   0.735937428255   0.624418456287
0.557607893486   -0.64336575137   0.524551186335
0.951217313757   -0.168031718791   0.258748842489
0.0616839599882   0.925318862184   0.374139135036
-0.302292426451   -0.339926969754   0.890544184274
-0.606698806641   0.742402908815   -0.284173325638
0.339175763218   -0.0815519960626   -0.937181451792
-0.718941137831   -0.664971573018   -0.202327574522
0.57671509675   -0.701543382896   0.418612683868
0.538981735609   0.71181016142   0.450360947218
-0.613920504512   -0.0341053663486   0.788630736229
0.230359064995   -0.949411717573   -0.213429359997
-0.806129246303   -0.0633340212757   -0.58834041167
0.545059941134   0.307581196245   -0.779938118242
0.946722624913   -0.200595517572   0.251947831519
-0.115243860811   -0.941536071679   -0.31658913164
0.300724332276   0.270686652898   -0.914490903137
-0.995834261347   0.0709082862974   0.0573248537903
-0.0867358817637   -0.542740970242   -0.835409555868
-0.0281249131979   -0.83690157973   0.54663034594
-0.986560075593   0.059262664083   -0.152273286863
0.0506729371607   0.996930105791   0.0596876671227
0.155343074149   0.051169334692   -0.986534453783
-0.884771644912   -0.233068354842   -0.403557032316
-0.464442509961   0.36969057965   0.804749669313
-0.038370448288   0.899448729661   -0.435338593981
0.889402753747   0.0266781835282   -0.456345281723
-0.451946561007   0.201148458969   -0.869070539973
0.0686079268122   0.979197412159   0.190959106619
0.207379375753   0.669229492467   0.713530434477
-0.359738054412   0.730449603774   -0.580544493174
-0.909715519665   -0.136291095672   0.392227498425
-0.457046902426   0.790397603014   0.407896749353
0.854412832225   0.262721153014   0.448281505181
0.247157522869   0.553397890228   -0.795401743762
-0.835273706845   0.536851992927   0.11877614383
-0.510786940268   -0.837588202006   0.193759401095
0.203505617378   0.101172830105   0.973832389143
-0.00486822666823   0.575703305336   -0.817644179699
0.502024851928   0.708554772251   0.4959044089
0.864839492863   -0.408063523174   -0.292466771853
0.725590173073   -0.685611165424   0.0587897149668
0.678948942454   0.699387675112   -0.22334997972
0.112014437822   0.201975765244   0.97296379993
-0.192741195517   -0.925940492454   0.324784599365
-0.964344061808   0.239919126076   0.111710981544
-0.181359758506   -0.29167279163   -0.939167514673
0.091626016681   0.925705787911   0.366978837667
0.867649797862   -0.255062130775   0.42676356184
0.488659903549   0.279306469086   -0.82655876681
0.931890256455   0.0115914016076   -0.362555084549
-0.035136795879   -0.991904744609   -0.122026157843
-0.361034562749   0.126454011527   -0.92393908212
0.81835570769   0.142458839529   0.556775910696
-0.561330605453   -0.00971001235403   0.82753469235
0.123295932913   -0.989753097848   0.0720202626131
0.194795568942   -0.675812225522   -0.710867443449
0.979667271816   0.09856687774   0.174747266489
-0.0480283546821   -0.730453562143   0.681271510265
-0.490219544258   0.372734554231   -0.78787927407
-0.841406957231   0.0334808392848   0.539363852816
0.227418404599   0.927333804777   0.297208485355
-0.274351925859   0.875882085833   0.396940288323
-0.17277062329   -0.45095817054   0.875663771177
0.945981676622   0.171660421005   0.275047936467
0.15620609683   0.758159011157   -0.633083382434
0.632374580546   -0.569130730886   -0.525540294403
-0.758750318084   -0.318253240302   -0.568342176725
-0.185753183068   0.442146987979   -0.877497462105
-0.9183606649   -0.395713067927   -0.00498568322698
-0.349441617649   0.804933046218   0.479555363813
0.940032647253   0.174751422484   0.292917330383
0.0162687581011   0.834833166595   -0.550262584102
-0.340696271786   0.522030194809   0.781927442989
-0.070177017561   -0.854158983789   -0.515254904508
-0.0224620188013   0.51775050013   -0.855236737592
0.997281627183   -0.0484442982003   -0.0555203210931
0.922660295282   -0.114916091251   0.368092748477
-0.0975574647038   0.853946647807   0.511133704405
-0.373069056062   -0.507512969952   0.776691743705
-0.960380412722   -0.254430999614   -0.113729192799
0.24165643099   -0.963532221249   0.114925314773
-0.138822304477   0.0828886304033   0.986842359615
0.200194687106   -0.140402945126   0.969643800709
0.250260280051   -0.949520355959   -0.189158361823
0.947254917899   0.280531828174   -0.154951650195
-0.334728580497   -0.2439651616   0.910185573015
0.849672185114   -0.495789232191   0.179583448811
0.407448101286   0.833471077584   0.373245237865
0.629677225252   0.500870852892   -0.593830767746
0.185701632971   -0.839287083279   -0.510991286964
-0.754335134745   0.211484232425   -0.621492497079
-0.335953232889   0.0930053513162   0.937275535762
0.807088240645   0.541402887079   0.235566308445
-0.485534753775   0.83560332604   -0.256949575574
0.756628770094   -0.281633070183   -0.590081111413
0.492499145034   -0.348122482491   0.797656147299
-0.430066851091   -0.89414403256   -0.124695439491
-0.992965615206   -0.0543871694718   0.105172823563
-0.0862140776589   -0.276728041767   -0.957072998111
0.0811567608569   -0.959407956344   0.270092490586
0.737585935054   0.610203759178   0.289168395049
0.25792419655   -0.650359197706   0.714498441421
0.624052960288   -0.452420475049   -0.63708211128
-0.504023260246   0.392964796519   0.769115870222
-0.853337117866   -0.0891069656516   -0.513688341259
-0.133327853067   -0.915225992512   0.380243430223
0.378386970931   0.87351657514   -0.306254948017
-0.443493036055   -0.119326830088   -0.88829895564
-0.812488293577   0.471942687809   0.342246800165
0.727135657424   0.664461472335   0.172524454744
0.573453728849   -0.726065417657   0.379446742182
0.377391781272   -0.176974464443   -0.908985963788
0.610057723074   -0.787932920779   0.0836139155332
-0.743812933004   -0.533116377036   0.403149164989
-0.27307855136   -0.308137373405   -0.911306459923
0.475463753958   -0.843547295247   0.249724206585
-0.806317053741   -0.304332237401   0.507183101183
-0.351833806675   -0.442504067734   -0.824865517839
0.641845060338   -0.696834045487   -0.320089411837
0.0320700774647   -0.39265892823   0.919124842561
-0.766163447739   -0.600201032265   -0.229678671663
-0.1725361652   -0.571811881315   -0.802036435635
0.344581664565   0.727759596351   -0.592983512726
0.922764730657   -0.378678151345   0.0714710399398
0.891659975052   0.444103038149   0.0878349611384
0.32221234607   -0.486289179302   -0.81222043691
-0.317996372512   0.752525963407   -0.576700079303
-0.235950479525   0.797106606973   0.555831294847
0.62971803418   0.561055037909   -0.537282460039
-0.74012334691   0.22324493624   -0.634333610809
0.118458335552   -0.0479562879482   0.991800290978
0.878524956024   -0.460451751119   -0.127193107263
0.462775890018   0.886388390796   -0.0124135522786
0.0436340266266   -0.698411341633   -0.714365221437
0.969316716162   0.202738605851   -0.139004177878
0.241911503426   -0.686380838584   0.685828089928
0.1339878033   -0.512524782942   -0.848154240358
0.987742345147   -8.89444955074e-05   0.156093086624
-0.0800770139915   -0.858672428205   0.506230513571
-0.384366145909   0.329981689895   0.862191829127
0.534210065152   0.841188763907   -0.0837918239831
-0.752915846671   0.428384812768   -0.499604023223
-0.105115834068   -0.994425242158   -0.0083125921131
-0.95719902844   0.0989070801114   0.272006267312
-0.269667724026   0.0365489707546   -0.962259575871
0.47550144355   0.146502177779   -0.867430394376
-0.23453873271   0.97145820795   0.0355039866183
0.847873787801   0.186563828522   0.496290215345
-0.791786745533   -0.342129156923   -0.505985562622
-0.464863624024   -0.199809661442   0.862541541176
-0.396201414256   0.918163242118   -0.000836758212943
-0.704287767807   -0.136810927068   -0.696607142048
-0.326938930909   -0.808497183614   0.489329377358
-0.630150518189   0.572376689186   0.524685858493
0.0720696380223   -0.304882593903   -0.949659186872
0.667415648246   -0.692811210976   0.273073210739
-0.741189800086   -0.65349768927   0.153552760856
-0.898867431259   0.420143320474   0.124566975086
-0.438203501517   -0.859238968631   -0.263981222902
-0.00387714833493   -0.291869808386   0.956450198742
0.482052719308   -0.871349059742   0.0915204452317
-0.54596387085   -0.217047936131   0.80920556421
-0.685236183761   -0.440046599247   -0.58035365335
-0.597060534812   -0.171638262822   -0.783619183345
-0.44509237126   -0.741809756123   0.501608479559
-0.667391563339   0.648273547552   0.366510448321
-0.34089054261   -0.896704368163   -0.28233829722
0.939154805562   -0.338311084591   -0.0594462886418
-0.042212428858   -0.285424046219   0.957471265725
0.642642245176   0.364048789924   -0.67415089058
-0.54173084521   -0.406312648835   -0.735824518988
-0.5417920598   0.838080252692   -0.0638972142271
0.757315845469   -0.574881512827   0.309812776385
-0.505472336979   -0.816392371919   -0.279286970017
0.4134857032   0.0549066597215   -0.908853581149
-0.690332890332   -0.36900911131   -0.622312442665
-0.628182746641   -0.12100817593   0.768598372481
-0.358924695929   0.921514675482   -0.148269233235
-0.896876235716   0.185691010311   0.401412339742
0.103502219576   -0.794272284022   0.598680907811
0.430000358547   0.578489747121   0.693144504505
0.573621297826   0.149161817486   0.805424955464
-0.377206904119   -0.824714492903   0.42137982472
0.727099414224   -0.545524295885   -0.416808930368
-0.442758176607   -0.469772753042   0.763726886752
0.41422784812   -0.862588614111   -0.29044134115
0.795223545231   0.187761666232   0.576511118543
0.794908592964   0.130640565027   0.592497570967
0.179750188002   0.881995927615   -0.435629491178
-0.579491327584   0.452787175658   0.677623475696
-0.636004000609   0.519204109899   -0.570899293636
-0.0340200061073   -0.757953494893   -0.651420861475
-0.770935503395   -0.394884276522   0.499724782017
-0.589302802449   -0.374708577441   0.715762313214
-0.525487624281   0.850706337842   0.0127076151723
-0.613665188643   -0.368635604287   -0.698228349109
0.578705648675   0.505440218994   -0.640023403646
0.0522377383207   -0.806149998844   -0.589400880606
-0.813861776278   0.307656243862   -0.492926611907
0.923657049901   0.368681911775   0.104552867479
0.350978950993   -0.923389726107   0.155451566988
0.153855224571   -0.106888080015   -0.98229502097
0.687652152441   0.725665418037   -0.0233284870411
0.300464388404   -0.255180351288   0.919023470656
0.660950579502   -0.638977847332   -0.393511933841
0.224708050748   -0.173643504585   -0.958829612207
0.791350965729   0.606671013557   0.0755905440547
0.568568325682   -0.775756543399   0.273736815947
-0.297942285714   0.260172167842   -0.918444792823
-0.289016777308   0.892396944435   0.346550134899
0.90978002661   0.368697893463   -0.190688663894
-0.17117171139   0.0841486416028   -0.981641101083
0.00211670240642   -0.996312251811   -0.0857753837758
-0.985238937918   -0.0167601613169   0.170362355589
0.564581770255   -0.822602322078   -0.0676228098263
0.322779305992   0.144643251831   0.935356535938
-0.759645275322   -0.549912492504   0.347181949802
0.192277280014   0.887265397449   -0.419272658397
0.354406915077   0.335626474591   0.872783253792
0.915109384793   -0.31640951952   -0.24991964673
-0.468998957989   -0.61849259194   0.630481475636
0.167685609003   -0.763233880206   -0.623983638118
0.867134080716   -0.186925005872   0.461668201461
0.179200920362   0.469475242246   -0.864569272563
0.802285531626   0.438889723062   0.404615541885
0.569407548146   -0.766138895963   -0.298003752
0.247522244744   0.534768272039   -0.807932938787
0.356782250402   0.724976439069   0.589165162406
0.900799180814   -0.434087615598   -0.0113480319567
0.277685479629   0.249203273891   -0.927786884303
0.773232855923   -0.631092147641   0.0619164897827
-0.570089225406   -0.7345886124   -0.367937284884
0.950441814167   0.298507908256   -0.0869102214464
0.243353397055   -0.888258336891   -0.389584716186
-0.193492847478   0.349127706796   -0.916880778685
0.746642865485   0.573763361958   0.336630414393
-0.025319479025   -0.481162055555   0.876265941524
0.66474307473   -0.662781020223   -0.344728826514
0.608780085953   0.0198756098614   0.793090011966
0.342684787945   -0.90820133095   -0.240286242992
0.71550956881   0.418061362234   -0.559705953469
-0.745791852741   0.52859288577   -0.40544305827
-0.199532737396   0.403424983196   0.892992144221
0.635595153453   0.746885428996   -0.195399480194
-0.76783791083   -0.433892279055   -0.471341100339
0.392299687557   -0.900103207011   0.189512986023
-0.506483857427   -0.0393917111323   0.86134917151
0.0351571327345   -0.978850061182   -0.201535440412
0.918062830707   -0.0480464606491   0.393512612877
-0.394872909798   -0.198856972076   0.896956682212
-0.632927492368   0.559197862137   0.535444245825
-0.635189230837   0.0203533050473   -0.772088326555
-0.442648201661   -0.828784347074   0.342314293611
0.99253169898   -0.12167940911   0.00865724660347
-0.00805306115448   -0.136171290169   -0.99065257681
0.121720888619   0.983184367823   -0.136134213706
-0.471414540092   -0.881311100459   0.0325434416855
-0.85657229705   0.448775744525   -0.254723832911
0.209886234224   -0.147956329141   -0.966466084946
0.104105690876   -0.984477138299   -0.141303819105
-0.0448571133545   0.13728348238   -0.989515580902
0.993554147749   0.109352684613   -0.0298688108086
0.355040785099   -0.315611514702   0.879963301908
-0.84955345451   0.283893282678   0.444593670649
-0.390134552235   -0.905424748854   -0.167335158632
0.40555822273   0.24025636363   -0.881929366623
0.443379161542   0.792026053899   0.419654201762
0.799335628561   -0.56122331534   0.214688013713
-0.447068213732   0.207801275619   0.870027954793
-0.884455110872   -0.248045424319   -0.395237427791
0.133675611549   -0.946198762061   0.294684125041
-0.77681452372   0.620719293199   0.106144970618
-0.614183239087   -0.784018839382   0.0899633720911
0.139061657408   0.00469239217632   0.990272607364
-0.595916565592   -0.748417192917   -0.291127381399
0.762843154297   -0.640843245977   0.0859665983292
-0.250905896294   -0.170855609897   0.9528140384
0.0335540271172   -0.732013317321   0.680463540926
0.849232239276   -0.338093643559   -0.405582657371
0.526952304331   0.591480508089   0.610304905364
0.991304400508   0.122197496572   0.0488196411792
-0.0757351087173   0.226426918814   0.971079318977
0.107609380822   -0.966332562976   0.233712641701
-0.757568297067   0.11866662981   -0.641878887523
0.013054629041   0.985894413095   0.166858571517
0.65262535343   0.118027273109   -0.748431500448
0.729559543193   -0.568610144723   -0.380033388341
-0.398783013613   -0.805108501099   0.43905854907
-0.555621256783   -0.168768494619   -0.814126657366
0.0741690274528   0.918549524752   -0.38828562418
0.876419900346   0.125729877783   0.46484422779
0.475801548593   -0.374778292342   -0.795709820189
-0.393773859037   0.84929238748   -0.351631324696
0.912582511649   0.407045646162   -0.03882011556
0.110160371146   -0.336178944178   -0.935333314985
-0.966738640588   0.246554985681   -0.0680223480151
0.166157428635   0.403229944699   -0.899887393293
-0.194443075739   -0.881258333711   -0.43078491102
0.585954691945   0.741099789763   -0.327762414869
-0.806569734135   0.494397474765   -0.324062341108
-0.0781176226313   0.454249093075   0.887443180421
-0.651345640274   0.18558931148   -0.735734642626
-0.368376551402   0.770348292087   0.520444257588
0.663360816805   0.610016488583   -0.433396251003
-0.796081645997   0.47179440735   -0.379030407884
0.432657657262   0.00576479741428   -0.901539859753
-0.423156430319   -0.88168974379   -0.208714712407
-0.972763382517   -0.143670829694   0.181906828701
0.195393068217   -0.0860171551823   0.976945545006
-0.124711469104   0.985880186285   0.111746623057
-0.582613519164   0.512454621135   0.630834168832
0.681919830186   0.730522709383   0.0363581665645
-0.442206775714   0.451361088657   -0.775065374764
0.932014116671   0.362136602727   -0.0143794051137
-0.35510244445   0.904538349572   -0.236035226394
-0.0724702716407   0.225094324936   0.971638103725
0.997794480199   -0.0573230399427   -0.0334700519162
-0.008834072805   0.385065804292   -0.922846837521
0.0657885585891   0.921107157423   0.383710138128
-0.851455611802   -0.403850842893   0.334556180371
-0.514755788085   0.521648895863   -0.680374094214
0.100248789337   -0.751523070929   -0.652045438676
-0.339559470123   -0.791312926784   0.508451785477
-0.427074764045   -0.351924646277   -0.832920277853
0.838037297598   -0.499972894514   -0.218450435079
0.434679665872   0.28464390585   -0.854418770241
0.353690851486   0.81855140584   0.452632718186
0.828224830377   -0.498950341076   0.25513170616
0.169434437051   -0.397951481288   0.901624417417
-0.95510124399   -0.291920100611   0.0506386076776
0.24305058171   -0.869722526672   -0.429545272737
0.0468362508361   -0.586490590655   -0.808600737497
0.997686373578   0.067399086473   0.0089029837344
0.0492774348397   -0.807146919846   0.588290391048
-0.996662487517   0.0305836437042   -0.0756870313516
0.075289934598   -0.0139350391049   -0.997064311082
-0.0315485613819   -0.999435068137   0.0115858902036
-0.590956726517   -0.128614135689   0.796384675572
0.331309649313   0.861415251275   0.38496451933
-0.735529784343   0.49134729975   -0.466448032874
-0.826573178357   0.55577387897   0.088837921384
-0.00773699937609   -0.169046924033   0.985577635864
0.562776083058   0.813964700051   0.144029675444
-0.937393272595   -0.0213311147998   0.347618808517
0.250493738424   0.652156467795   0.71550319952
-0.24196433519   0.757784220642   -0.605983774899
-0.584753483896   0.173758382922   -0.792383358884
0.528697313602   -0.659209386163   -0.534716874416
-0.615258087035   -0.731608508397   0.293609394908
0.29443952659   -0.111835986994   0.949103828458
0.736420931605   -0.606411935996   -0.299914613475
0.609089136888   0.787246642352   -0.0961932816238
-0.237502443574   -0.819680276045   -0.52126464906
-0.224502435782   0.568408653965   -0.791524010012
0.945087956554   -0.070963703124   -0.3190186628
0.951869001366   -0.131001532077   0.277099265305
-0.210138528035   0.379218026577   0.901130116773
-0.223130462453   -0.915987056084   0.333437415137
0.999021841739   -0.0143528998638   0.0418252793747
0.0165432556447   0.998483748644   -0.0525026131427
-0.0410082969891   0.053143183567   0.997744517208
0.892102842389   -0.398114490082   -0.213675855884
-0.237222946706   -0.815178178112   0.528403076719
-0.384548816352   -0.420701070495   -0.821664662211
0.850675045992   -0.525442831596   0.0161801375333
0.525206509663   0.850809277379   0.0167837937637
-0.0225851352427   -0.00577964097207   0.999728216775
