0.0256394068721   -0.0167556754114   -0.999530824022
0.799218580416   0.600950028842   0.0104270588718
0.600493365113   -0.799110949857   0.0287994494129
0.732097523   0.0116092506599   0.681100904504
-0.451593367991   0.756836683931   0.4725057289
-0.509996712542   -0.653500925137   0.559320922227
0.921064463103   0.210351950333   0.327707662101
-0.11143183708   0.948732214749   -0.295787305986
-0.373126252753   0.235922109367   0.897283432266
-0.43530518429   0.714660640759   -0.547512159756
0.90009024814   0.332896627145   -0.281100303874
-0.01862637198   -0.615174775316   -0.788170701106
0.691845013945   -0.257873804313   -0.674426851281
-0.176006012974   0.84564444627   -0.503892204633
0.700265920973   0.467318490478   0.539667553575
0.130089263255   -0.732868890879   -0.667817319608
-0.985027184375   -0.0186772903515   -0.171384377549
0.113129260708   0.680113481419   -0.72432549504
-0.794046079862   0.250296672039   -0.553933569141
0.599141699113   0.168508133846   -0.78270954588
-0.102567282496   -0.953392146388   -0.283766396472
-0.969084973664   0.245778318755   -0.0216178594942
0.167185994757   0.589704693674   -0.79012481129
-0.181447394514   -0.769312285284   -0.612564650249
-0.769925353516   -0.611048278352   -0.183942794195
-0.629275721614   0.774873757768   0.0598558744694
0.105957615109   0.161835289864   -0.981112798181
0.701059842969   -0.617814561946   -0.356118328122
-0.685159731206   -0.722007536705   -0.0962354387576
-0.197664461423   0.311464739557   -0.929472149503
0.329177652049   0.304698188411   -0.893756727175
0.405177763488   0.809365128518   0.425157698641
0.852920308919   -0.502082764808   0.142967982137
0.270361949002   0.214926068672   -0.938462147099
0.338288101247   0.89140069441   0.301605640796
0.901368724267   -0.39901326671   0.168293897403
-0.303600389204   -0.85691921873   -0.416552825278
-0.772996392822   -0.0340777953144   0.633494499227
-0.557048813265   0.514323007883   -0.652049433097
-0.629204413605   -0.407477769601   -0.661863787483
-0.726755720095   0.610339675736   0.31513743594
0.275550229919   0.679299159063   -0.680165217641
0.587912989944   0.800697177544   0.115075393232
0.203457147283   -0.00868127143021   -0.979045363988
-0.782919858909   0.599006398463   -0.168011395824
0.814269554034   0.246412755446   0.525590950575
0.0413436335489   0.878513623221   -0.475924907712
-0.579012778216   0.409261002013   0.70515929753
-0.23509781828   0.520804711727   0.820665259459
0.867710057795   -0.267987372062   0.418643074726
0.437959212074   0.810521573222   -0.388904240014
0.498446419458   0.733887973779   -0.461475469416
0.675749381075   -0.662364066913   -0.323475836564
-0.543059794965   -0.150606390322   -0.82607734159
0.15833551746   0.910722034658   -0.381464597964
0.961380921493   -0.230277120219   -0.1507288018
-0.225114610142   -0.342867063878   -0.912011835893
0.444348133485   -0.152308456366   -0.882811911104
-0.795558483473   0.385975936891   -0.467021707757
0.411875509885   0.909848729328   0.050337402561
0.882350347025   0.403431007721   0.242283485023
0.222213007951   0.0966526223931   -0.970195675975
-0.414824353435   0.909891033363   -0.00436614281707
-0.506246978714   -0.337762459068   -0.793492607266
-0.327762551233   0.926423179253   -0.185234454006
0.797675188627   0.166302778648   -0.579704820803
-0.670939057126   0.240150283271   0.701547306365
0.359353362052   0.93288423397   0.024334485655
-0.648618487869   0.268430340042   -0.712207280039
-0.432305766322   0.692574443251   0.577453344403
0.816838837408   0.0295239518032   0.576109928722
0.381950308427   0.720741962721   -0.578485077653
0.134828223282   -0.639183638797   0.757143068451
-0.873826550064   0.283563530876   0.39499225861
-0.467170751023   -0.714867819847   -0.520303266891
0.824999283227   -0.326924103308   0.460973766445
0.164795730329   0.919408318459   0.357114423138
-0.540572428024   -0.218652634615   0.812386900089
0.026181220367   0.721272419148   -0.69215651487
0.38950722886   0.630311414774   0.671559110631
0.920651216458   -0.287182203109   -0.264438499185
0.799785934123   -0.361593628904   -0.479158123289
0.244342991843   0.925198863472   -0.290350762642
0.54830553701   0.115139526513   0.82831390639
-0.860412527276   0.508954367666   -0.0256073141804
0.258103566814   0.391907037994   -0.883057994907
-0.439400536759   -0.766403500256   -0.468564662658
-0.807398784312   0.540764749545   -0.235967558659
0.475948624943   0.833315798088   0.281171988418
0.348683394363   0.114709486557   -0.930194401288
0.932030275458   -0.36094163242   0.0322599382518
-0.2819673669   -0.666412499467   0.690209232449
-0.227626820988   -0.652392150888   -0.722890387145
-0.341872814545   0.430080530555   -0.835555932246
0.878597758488   -0.169210260785   -0.446580190363
-0.333450082403   -0.886791195763   -0.320019402011
0.998440648576   0.0551610497935   -0.00857495520022
0.0362766437298   -0.524378267627   0.850712311866
0.0424296640419   -0.849696823006   -0.52556163538
0.141410660699   0.463075948504   0.87496496556
0.810356401051   0.453523964525   -0.370996653459
-0.568617207194   0.76149634242   -0.311123435576
-0.802602873184   0.522328409649   -0.288100087519
0.502968202628   0.332914124298   -0.797615930751
-0.320704872274   -0.785074020915   -0.529912414067
-0.681984517723   -0.388672084889   -0.619541062411
-0.402050329917   0.906858036946   -0.126348854529
0.610944064378   0.162918725919   -0.774728880929
0.834352659903   -0.245244301611   0.493670812829
-0.545322981805   -0.497997021748   0.674256488173
0.080489032965   -0.831777734046   -0.549242493544
-0.0568661705845   -0.450508324239   -0.890959307957
-0.323747366006   0.852502231773   -0.410399302908
0.944433100674   0.265107892402   -0.194329420672
-0.738823581668   -0.668804903695   -0.0827025753262
-0.496030626315   0.622781194353   -0.605059667899
0.456172481557   -0.406009340723   -0.791873147869
-0.333636134772   0.942676122575   -0.00697549302836
0.703757374645   0.244140078465   -0.667174025064
-0.627226025615   -0.227502417603   -0.744869225286
-0.679235794884   -0.716242857591   -0.160109037522
-0.102658302825   0.3087320833   -0.945592815963
0.726704897333   -0.62584396593   -0.283230158177
0.660482166993   0.0903904125469   0.745381030349
0.722500170278   -0.346686149113   -0.598165711121
0.204344833634   0.933615706451   -0.294287107489
0.0600066235304   -0.931341368855   0.359169124214
0.194368832478   0.363832107167   0.910959359551
-0.979091396188   0.0151476879973   0.202856070787
-0.207982505958   -0.978031252388   0.0140764543634
0.0312007436851   0.00775023213965   0.99948309015
-0.977634794189   0.208314193597   0.0289033897193
0.663561673156   -0.748067655199   0.00898271476189
-0.444729634731   -0.384778433406   0.808802268282
-0.601582461439   -0.540685065848   -0.588012076116
0.0788530148879   0.248272166357   0.965475599617
0.983904632006   -0.17517037845   -0.035313080176
0.160355471253   0.952720457389   -0.258088846938
0.776417555028   -0.54178350606   -0.321941629501
-0.273189650096   0.171014094249   -0.946636992014
0.56792886467   0.822936699953   -0.0152313015159
-0.149215680716   -0.284669548711   0.946941354396
-0.0892063059692   0.957633060099   0.273826874469
-0.984772519724   -0.0436138767229   -0.168288187801
0.41545718338   -0.455592384072   -0.787293406777
-0.892387798342   -0.036506292431   -0.449790293342
0.17617986874   0.889439638306   -0.421731885993
0.0961683305423   0.956772287731   -0.274478490287
0.863889922699   -0.217202495966   -0.454441720362
-0.49441465761   -0.193416300181   -0.847433939115
0.639435975672   0.5230091372   -0.563545096175
-0.0742929068291   0.771578511615   0.631780946538
0.765246494282   -0.362116062636   0.532230927483
-0.501204150052   -0.835255027492   -0.226149152153
-0.837539531863   0.402548861872   0.369434630717
-0.217536048823   0.374571025114   -0.901318264881
-0.823229037172   -0.50757161846   0.254293146761
-0.565127318292   0.69000359639   -0.452245675589
0.0540838836975   -0.51600977617   -0.854873583883
-0.231654329121   -0.833895709463   -0.500953308741
-0.732462133234   0.488405718019   -0.474298511471
0.640183954171   0.257056025693   -0.723938329194
0.88759977359   -0.460571020393   0.00640133556261
-0.415031859034   -0.793655626675   0.444813783772
-0.199787882289   -0.397473371964   -0.895600201356
-0.0882376566865   0.990030520866   -0.109789269512
0.140278322909   -0.096770164593   -0.985371771146
-0.986172453513   -0.102347950649   -0.130341048537
-0.505387671297   0.857270172357   0.0983420219831
0.776949055925   0.402503559521   0.484087852637
0.375411062967   0.321058773685   -0.86947558772
0.262688018579   -0.525982628689   0.808911168925
-0.802359245946   0.346568508663   0.485911421195
-0.535924104085   -0.776680463975   -0.330987630493
-0.408940971581   -0.274984450081   0.870144145516
0.113602530399   0.930761507727   0.347530546602
-0.905462173064   0.240970056124   -0.349387585931
-0.625025775263   0.780604112342   7.21337841703e-06
0.713839211659   0.571563716705   0.404658495086
0.315873962453   0.2529271388   -0.914467879317
0.102178854094   -0.701112628762   -0.705691549877
-0.864708127823   -0.413300884864   0.285415893479
-0.491771629372   0.581053749978   -0.648488399422
-0.0135223118713   0.923157711702   -0.384183532189
0.896862655158   -0.158681734252   -0.412864971869
-0.442102391832   -0.350142751658   -0.825799932548
0.13067108416   -0.990399841932   0.0450912504382
-0.667580837789   -0.121522059301   -0.734553071003
0.732980827022   0.0658827914161   -0.677051375461
-0.826615857097   0.0857522748733   0.556194904823
0.410950592884   0.767198102447   0.492469980618
-0.384481254426   0.635652121019   -0.669418065218
0.808736231069   0.207112484128   0.550499888715
-0.462848082514   0.801625963536   0.378374770695
-0.362928865028   -0.560803203899   0.74416557662
-0.0434948242912   0.965006588865   0.258593278534
0.976498281386   0.0957541572867   -0.193086115012
-0.211090754671   0.24411764542   -0.946492085799
0.684459754054   0.724753185476   0.0790421736996
0.423456569218   -0.483467961575   0.76612222531
0.593463881855   -0.490908902213   -0.637815859524
0.740589667725   0.559735716557   0.371783366584
0.267714133339   -0.753257370059   0.600776561845
0.61632466028   -0.345397252539   -0.70770378766
-0.936573520503   -0.346167226973   -0.0547566586089
-0.286268275451   0.845742220399   -0.450300534204
0.202189305264   -0.406064462375   -0.891196463881
-0.408185313249   -0.636456242569   -0.654452596717
0.0521475345394   0.699468183927   -0.712758650819
0.911408462049   -0.325065702545   -0.252323015872
0.603744516211   -0.0723320002932   -0.793889564661
-0.731484184193   0.345616862431   -0.587775359027
0.316896587896   0.935583810322   0.155754571177
0.96239302666   -0.26849006347   -0.0413853603736
-0.116103117657   -0.268781084567   -0.956178223267
0.245600749807   0.925024223681   -0.289845574914
0.65641214851   0.672955434629   -0.340960517204
0.691877297657   -0.71717137189   -0.0834926842776
-0.30071397752   -0.181097228979   -0.936362588627
0.235034928809   -0.127786439985   0.9635503142
0.804553931905   0.581816414029   -0.11909085197
-0.545391192537   0.803218703793   0.239558262185
0.00686737072379   0.850960201631   0.525185276315
0.276651787117   0.503081541758   -0.818762939456
-0.960945694565   0.1509161939   -0.231964813096
0.889533691753   0.451878478135   -0.0673472511214
0.429174751575   -0.77593948865   0.462306113484
0.156648791396   -0.440140603617   -0.884159151512
-0.157492761604   -0.228499606059   0.960720542132
0.920984189551   0.317072351976   0.226391798017
-0.356348358547   0.920463499354   0.160507924158
0.443633018615   0.128717797654   0.886916835651
0.781825589724   0.428193068689   -0.453210153437
-0.438107854355   0.894473266506   0.0893257155541
0.491304655512   0.870661663121   -0.0238328312164
0.694103135215   -0.407911142902   -0.593152035469
-0.526156415105   0.274875913584   -0.804737633627
0.19770131326   0.863302593476   -0.464352046225
0.980253610507   -0.17211572703   0.0973603389271
0.00412914306323   -0.474431036724   -0.880282989481
0.764969147911   0.618886141428   0.178331563925
0.452633220594   -0.319603060686   -0.8324524318
-0.458197959792   0.717519217544   -0.524614908379
-0.414221307421   -0.896604144731   -0.156594112689
-0.579116707716   0.126896553254   0.80530807994
-0.7021713091   0.424262032738   -0.571801696618
0.457657610737   0.889120632987   0.00374317125676
0.609908721196   -0.310869824576   -0.728952195948
-0.646962798887   0.335893513134   -0.684554369421
-0.165637956732   0.463281942017   0.870593998076
0.913258110369   -0.261107354445   0.312702051952
0.372187709537   0.846872358535   -0.379846702254
0.0461898029331   0.891104833194   0.451440669802
-0.443341765676   0.423263385007   -0.790124158416
-0.895161762421   -0.163646824484   0.414614442499
0.420549669965   -0.450692301877   0.787409946674
-0.907204070469   -0.198471599523   0.370930989143
-0.0108972297374   -0.870336413815   -0.492337056468
-0.0958445481806   0.0981133090439   0.99054914122
-0.515010483794   0.846693263296   -0.133696370451
-0.851808678147   -0.522957260661   -0.0306215505107
0.273008784016   -0.796709909926   -0.539184127433
-0.719498666748   -0.541144507846   0.435297932658
-0.638582705997   0.269102101541   -0.72096892204
0.770626542533   0.597929728394   -0.220487577532
0.398013265097   -0.181360492615   0.899274047509
0.497714951303   -0.780761430669   -0.377745172873
0.867309333071   0.400676140084   0.295352588502
0.373553790384   -0.131759856674   -0.918203085305
-0.328986453304   0.906696184474   -0.263950644262
0.368718413847   -0.0629578242462   0.927406622608
0.648096454101   0.732621162746   -0.207935610413
-0.666346544578   0.677718632076   0.31093365573
-0.458461292742   0.10814276599   0.882110188821
0.865441689006   0.279987365562   0.415472933001
-0.202049315735   0.953893189665   -0.22195462762
-0.783973466463   0.111562897591   0.610687582767
-0.0155035774631   0.979894332221   -0.198913892847
-0.620600711368   -0.16541105635   -0.766481532373
0.053659300217   -0.862760428033   -0.502757519409
-0.752690393576   0.295907717266   -0.588129062606
0.6561843117   0.409979349094   -0.633513285101
-0.304401409346   0.748528262022   -0.589105442971
-0.37373287213   0.475011531966   0.796672947191
0.876164095517   0.462676437104   0.135155437451
0.255683322627   -0.422478559093   -0.86956190443
0.136901290899   0.906217908456   -0.40003392224
0.957018325363   -0.0167621448314   0.289542665976
-0.539741087745   -0.741607732933   0.398368583908
-0.366367489053   0.632983918673   0.681986965905
-0.757927714994   0.222147089004   -0.613348391766
-0.604451196623   0.770041247977   0.204145113376
0.696706162622   0.635239875877   -0.333272895778
-0.386314993063   -0.0592180420966   -0.920463986055
-0.240447521869   0.965268682634   -0.102182970967
0.541919249751   0.220832975314   0.810898466989
0.805300264485   0.13960360791   -0.576196421962
0.300692823601   -0.713310153412   0.633065913531
-0.886415523827   -0.453962194655   -0.0904756593984
0.351925197953   -0.533954071867   -0.768792367407
-0.768579780936   -0.637700438   0.0512178846862
-0.610672130934   0.707423361461   -0.355853531891
0.190695224999   -0.30477916437   -0.933137177552
0.5721380589   0.120519141522   0.811254077392
-0.480439245093   0.850914896904   0.212419325864
-0.664707584832   -0.511291477294   0.544742922776
0.746344822598   0.604450319273   0.278584309166
0.588451123677   -0.403727797789   -0.700520620923
-0.310957683336   0.686763188316   -0.657009621201
-0.173777597534   -0.838712107295   -0.516104008578
-0.862709819259   -0.123076817684   0.490493490987
-0.474903268411   0.53048477643   -0.702177176805
-0.52380726979   0.691880439083   -0.496917902807
0.842686224065   0.335602809965   -0.421011498317
-0.124522575811   -0.63927475467   -0.758829306336
-0.608712219634   0.694377960267   -0.383808131724
0.416112167382   0.691294573042   0.590730460906
0.67551469106   0.19987761651   -0.709738572007
0.913942125321   0.293473300065   -0.280326976429
-0.250342991514   0.951324193166   0.17975167898
0.319434153096   -0.0941047376354   0.942924238839
0.901989474085   -0.255131664388   0.348314258202
-0.194273284335   0.480627066592   0.855134792797
-0.385581223134   -0.838990736949   0.383955288648
-0.919655120588   0.384830364804   -0.0783584679675
0.347510569425   0.890356181928   0.294112688336
0.182950439507   0.243251844035   -0.952553241062
-0.876162947415   -0.241478321962   -0.417165086748
-0.46720646164   0.638328343155   0.611763882987
0.118560582746   0.730907070938   -0.672099874925
0.42580838011   -0.312790914627   0.849028307629
0.790029413565   0.585940763248   -0.180352287668
-0.441067737577   0.747552851437   0.49661251009
-0.435003707845   0.85687173169   0.276663350641
0.448147351102   0.472528919807   -0.758867822249
-0.780983819204   -0.206124368707   -0.589556628971
0.852180241347   -0.452501500773   0.262737945596
-0.298440468291   -0.00788752206028   0.954395658981
-0.429793116679   -0.891728758532   -0.141766350246
0.137067260256   -0.990080995042   -0.0308575666888
-0.990506710246   -0.136664760524   -0.0148054107787
0.0104414138738   0.0325939639595   -0.999414133574
0.243924704951   -0.782377231315   0.573050265015
-0.812706281063   0.157508554044   0.560980887484
-0.529158992208   -0.602558647206   -0.597422662478
0.563099617685   0.750579954186   -0.345757939805
0.826365096738   -0.508244757321   0.242503594928
0.00628867696377   -0.422275974966   -0.906445504988
0.343475008139   0.609055159791   0.714896307947
0.841542019008   -0.537523844986   0.0536203908788
0.416931587948   0.583198018177   -0.69717151589
-0.942766820699   0.121391705151   0.310571691741
0.323922373308   0.554482633664   0.766565916954
-0.0791518658084   0.823294031854   -0.562069318905
-0.252188937582   0.733436201158   0.631246448381
0.770341195087   0.546955426247   -0.327741063724
-0.585640830982   0.403622472777   -0.70293222757
0.647635318013   0.383845549968   0.658202923597
0.755339992685   -0.209884818552   -0.62081386775
-0.100149839305   0.899227978162   -0.425862716114
0.39120384163   -0.298226000996   0.870643903455
0.623694671176   0.781567649736   -0.0125286085812
-0.676730752545   0.547917202884   0.491754234698
0.999696208585   -0.011230668101   -0.0219399780136
0.0126188609075   0.997857639342   0.064194205007
0.0211720308574   -0.0644515608894   0.997696216996
0.76579401043   0.524528735348   0.372060666267
0.641393693224   -0.664915298535   -0.382755504292
0.0466225683705   0.531749237487   -0.845617575829
0.994443638704   0.0472370822551   0.0940771359125
0.00824893091939   0.855957508683   -0.516980365651
-0.104946674936   0.514883871751   0.850811844082
