0.0247860814429   -0.0254193003526   -0.999369555929
0.80360780345   0.595139918665   0.0047932700013
0.594642874658   -0.803219980063   0.0351783346195
0.731028275956   0.00996812051615   0.682274355612
-0.450265803189   0.758339708767   0.471361424583
-0.512697148647   -0.65178334029   0.55885607368
0.921113867881   0.210507073761   0.327469104334
-0.111517751848   0.94861819542   -0.296120432156
-0.372978596464   0.236242018307   0.89726065074
-0.432405933736   0.716235623382   -0.547751440223
0.901485256217   0.330807448836   -0.279089169653
-0.0186933488697   -0.614469660433   -0.788718958257
0.691702500948   -0.256832996223   -0.674969971358
-0.177311747342   0.845620431144   -0.503474558132
0.700077277476   0.467934716048   0.539378259739
0.131844369808   -0.735490504022   -0.664583163075
-0.98438006737   -0.0182326234774   -0.17510983526
0.116674526413   0.677289664718   -0.726406060652
-0.794165307467   0.249169228254   -0.554270836422
0.598850921811   0.165781958879   -0.783513826016
-0.103339430343   -0.954165099866   -0.280873502373
-0.969207277234   0.245304659781   -0.0215145915253
0.166685298665   0.589241492767   -0.790576039613
-0.181254696402   -0.769818216913   -0.611985823318
-0.76945721839   -0.611486816681   -0.184443655603
-0.629925584892   0.774254971848   0.0610163590138
0.105495718238   0.163135255518   -0.980947267615
0.699017045596   -0.620363162471   -0.355703129892
-0.687554937866   -0.719781131296   -0.0958296950194
-0.196579188578   0.311552033664   -0.929673035502
0.326993261995   0.304370646951   -0.894669724471
0.402524132964   0.811682269023   0.423256679256
0.855014461276   -0.498528237343   0.142898102088
0.270266882851   0.214504339914   -0.938586011078
0.338096841727   0.891634252188   0.301129350842
0.901468988733   -0.398718257022   0.168455970121
-0.304643417056   -0.85654665537   -0.416557577796
-0.772572641118   -0.0335700217041   0.634038301555
-0.557067233501   0.514976582786   -0.651517625658
-0.62943611907   -0.406110258282   -0.662483682915
-0.726777734275   0.609359287625   0.316978522218
0.274962355557   0.680996120917   -0.678704638502
0.586317374028   0.80205141537   0.113778135047
0.201432196049   -0.00830525212853   -0.979467249673
-0.784638137811   0.59719724538   -0.166428491561
0.814287210115   0.251402755909   0.523194986371
0.0360802067523   0.877677763691   -0.477891161043
-0.579339760524   0.408017643545   0.705611114165
-0.23438951632   0.520704431905   0.820931452213
0.867736975236   -0.268656581882   0.418158083528
0.438285405241   0.810364446163   -0.388864202449
0.49607669525   0.734064337728   -0.463742881892
0.675546915607   -0.66183494875   -0.324978253776
-0.545476193104   -0.152065935336   -0.824215793387
0.160073862426   0.910368735958   -0.381582393669
0.961059010352   -0.231950060524   -0.150215671763
-0.22525971053   -0.342677594851   -0.912047218514
0.444234704046   -0.149818425805   -0.883294949046
-0.796666808535   0.384968605203   -0.465962626384
0.409850611686   0.91068853748   0.0516610472541
0.882472548239   0.403786298893   0.241244329322
0.221226878856   0.0963134546663   -0.970454731825
-0.415091399183   0.909769390162   -0.00433440285969
-0.505767645565   -0.34022810259   -0.792744553376
-0.326201405042   0.92613944305   -0.189363078176
0.798618639933   0.162820668944   -0.579394250676
-0.670040145438   0.241636766232   0.701895915864
0.361952283974   0.931868881804   0.0247170234953
-0.648102420631   0.270614227877   -0.711850540523
-0.434293082857   0.693262403845   0.57513194799
0.817168000426   0.034593211632   0.575360555469
0.378980180568   0.719854533308   -0.581535444846
0.13741809205   -0.63934153294   0.756543899741
-0.873960021698   0.281201102731   0.39638342586
-0.466165365993   -0.715659377135   -0.52011682098
0.825097398015   -0.326160152154   0.461339179927
0.163732346168   0.919538630891   0.35726800181
-0.540745783716   -0.219244752379   0.812111898661
0.0266489638667   0.723255099024   -0.690066586976
0.387455821649   0.628877229979   0.674085614654
0.921503021696   -0.285333999638   -0.263470472076
0.80009574056   -0.361956029176   -0.478366636463
0.244027730708   0.924872135098   -0.291653905108
0.547993861812   0.116616322452   0.82831356427
-0.860670086531   0.508442534951   -0.0270774962332
0.256465852155   0.38696539234   -0.885710478548
-0.439854826992   -0.769248967359   -0.463447685708
-0.80615811297   0.542770462186   -0.235604164374
0.478018868643   0.832088438875   0.28129484729
0.348722035601   0.114144887178   -0.930249367975
0.932506137589   -0.359288724415   0.0366594580863
-0.283842630073   -0.666338377157   0.689511804454
-0.223306212883   -0.653379506594   -0.723346082904
-0.342437630992   0.429278999753   -0.835736806208
0.878310832624   -0.169598760871   -0.446997026395
-0.333626363131   -0.887105292895   -0.318963397809
0.998437487572   0.0553123437455   -0.00794531563636
0.0358243138087   -0.524465876546   0.850677472888
0.0428859178673   -0.849632914245   -0.525627918856
0.142136097978   0.464004958252   0.874355035651
0.810189680098   0.452939979201   -0.372072650841
-0.568673906482   0.761278381382   -0.311552907428
-0.800464050583   0.525501833983   -0.288279597274
0.50587147803   0.334343846799   -0.7951781183
-0.321483050003   -0.782343923468   -0.533466619361
-0.682661157334   -0.385398937182   -0.620839273474
-0.403332047746   0.907195370412   -0.11966544683
0.609341450691   0.168713423065   -0.774750784026
0.833177674284   -0.242383179659   0.497056694244
-0.546496786512   -0.498380854146   0.673021386402
0.0845944762215   -0.832386279585   -0.547701429753
-0.0572132471329   -0.439459649614   -0.896438431078
-0.33503262369   0.854291624604   -0.397415350981
0.940467854536   0.27759869685   -0.196110117258
-0.741875624458   -0.66494354194   -0.0864328864893
-0.493656394124   0.628853830114   -0.600704773488
0.45378841146   -0.402980081868   -0.794784959119
-0.334239245307   0.942423310973   -0.0110648012404
0.700824595241   0.240669961952   -0.671507897285
-0.630181730611   -0.232198777659   -0.740914781909
-0.678218745681   -0.716223935006   -0.16444636794
-0.109626245724   0.319885745438   -0.941092554488
0.726637061574   -0.620238973936   -0.295469450124
0.66031661825   0.0910393475689   0.745448724499
0.722808803873   -0.346402440581   -0.597957174221
0.203787626479   0.933657960044   -0.29453933004
0.0599552462873   -0.930963304709   0.36015648505
0.193147329659   0.364806380884   0.910829519454
-0.979336243322   0.014954255184   0.20168513273
-0.207846595934   -0.978080612287   0.0125741173843
0.0326250542195   0.00591586931476   0.999450152998
-0.977617204429   0.208142543367   0.0306803397075
0.659837862985   -0.751270712916   0.0143635123143
-0.450296700356   -0.380046339174   0.807958948047
-0.601537094633   -0.53958974786   -0.589063687376
0.0780943395299   0.245765894162   0.966178244114
0.983575498974   -0.177182860426   -0.0344306809328
0.162728337888   0.95299808984   -0.255566290442
0.776238857285   -0.541893995355   -0.322186489846
-0.273444960341   0.171080389241   -0.946551295008
0.568050253151   0.822850167537   -0.0153789362205
-0.148878552374   -0.283912523561   0.947221650728
-0.0918142488515   0.957727839351   0.272630756592
-0.984583831043   -0.0463795719836   -0.168652349381
0.414475718255   -0.454510953552   -0.788434951076
-0.893019279234   -0.0362539413706   -0.448555702954
0.17528960578   0.890003058892   -0.420913422534
0.0963209176281   0.956405395971   -0.2757009238
0.863205395343   -0.218175887031   -0.45527544165
-0.495579182653   -0.194133976612   -0.846589199581
0.639624365742   0.522474042124   -0.563827585398
-0.0734621277834   0.771684796426   0.631748281159
0.765169253519   -0.362661619518   0.531970453312
-0.500412904604   -0.835225592432   -0.228002488259
-0.837550315492   0.400297268952   0.371848847638
-0.219308900699   0.377041517894   -0.899857377509
-0.823030086777   -0.507394079429   0.255289491401
-0.565320455185   0.688161760072   -0.454803446473
0.0550841103134   -0.5186372915   -0.853218085049
-0.231956194961   -0.833376205327   -0.50167760964
-0.732978522501   0.488803563264   -0.473089380659
0.639483236036   0.257982900472   -0.724227874286
0.886728415632   -0.462290356561   -0.000585782538249
-0.413415329352   -0.793546033108   0.44651143187
-0.206882774458   -0.395692203063   -0.894777736683
-0.0878098608552   0.990787240987   -0.103102237771
0.147475411561   -0.0894312856393   -0.985014237528
-0.98516010441   -0.101699008087   -0.138263807385
-0.50513087932   0.857295746827   0.0994323751546
0.776517608864   0.401181753006   0.485874062056
0.376647312324   0.322640982404   -0.868354535079
0.261535046841   -0.524266681731   0.810397350502
-0.803349998391   0.347160354515   0.483847567254
-0.535002990046   -0.777575806388   -0.330375038345
-0.409020949267   -0.275718355199   0.869874273483
0.115554342628   0.929937091869   0.349090531332
-0.905179019289   0.243303090347   -0.348503298789
-0.624592868185   0.780947979523   0.00200057286523
0.713424603261   0.569542722432   0.408223496123
0.317661902775   0.256400742207   -0.912879825016
0.101129678113   -0.701127365224   -0.705828028586
-0.864754679209   -0.412737889364   0.286088761519
-0.491906630358   0.581436026073   -0.648043219695
-0.0108877697078   0.922688934114   -0.385391472836
0.896371837905   -0.161807857923   -0.412717512745
-0.443169250606   -0.349947636052   -0.825310648992
0.129011584647   -0.990573286516   0.0460497021433
-0.666556236233   -0.121006855617   -0.735567892742
0.734206234627   0.0642020633175   -0.675884087769
-0.826558900465   0.0871145592618   0.556067835454
0.410130116683   0.769834108577   0.489028355682
-0.385478496743   0.632270906207   -0.672041538681
0.808787598845   0.207003066401   0.550465576085
-0.462862428428   0.801473945805   0.378679134024
-0.36279607537   -0.561060820853   0.744036130171
-0.0369149496055   0.9651656953   -0.259022136326
0.977187932528   0.0891105161266   0.192777230067
0.209143565552   -0.245996944143   -0.94643778055
0.684820557787   0.724302351232   0.0800431610638
0.42246864156   -0.484119353755   0.766256287556
0.59375167413   -0.490932332731   -0.637529916277
0.740068463856   0.561361933842   0.370366640018
0.26966876464   -0.752191538491   0.601237595964
0.61609855233   -0.34508066978   -0.708055015632
-0.937201523689   -0.344470436275   -0.0547121789585
-0.284165566682   0.845063740011   -0.452898670821
0.202245481301   -0.408910007032   -0.889881661482
-0.410057316287   -0.631051687515   -0.65850342827
0.0538429735025   0.703987607305   -0.708168329541
0.910469072271   -0.325845387331   -0.254697569661
0.603392336112   -0.0706772294136   -0.794306249481
-0.732249030775   0.345349100488   -0.586979859724
0.315799058977   0.93580913013   0.156627667781
0.962569946411   -0.268150752794   -0.0394242570363
-0.114104731999   -0.268990511466   -0.956359877283
0.245843869971   0.925061770109   -0.28951945199
0.653416099565   0.676221074544   -0.340253521909
0.695051794032   -0.714005786575   -0.0842540227516
-0.299917329345   -0.181440885909   -0.936551547155
0.237653552304   -0.128798421622   0.962772951254
0.807192893732   0.577545606679   -0.121986493163
-0.540333620448   0.806134007962   0.241220935702
0.00656195777663   0.851199938073   0.524800539381
0.275540871085   0.502956032192   -0.819214537251
-0.961266960356   0.14997964897   -0.231239996157
0.88884096434   0.452908130896   -0.0695411035187
0.431146839185   -0.775255552243   0.46161805833
0.155158445374   -0.440287467099   -0.884348801743
-0.158601996384   -0.229060415226   0.960404463193
0.920137904566   0.318444113246   0.227902574184
-0.358038605913   0.919850353545   0.160261298387
0.442252311251   0.127759200326   0.88774460287
0.782389089985   0.428968192985   -0.451501496431
-0.438497668255   0.894239272308   0.0897547703205
0.485729116941   0.873860447175   -0.0208601011267
0.697811050336   -0.402024645995   -0.592820311764
-0.526428497503   0.273393677461   -0.805064552778
0.203719688755   0.862173674506   -0.463847866658
0.979025598077   -0.178107795436   0.0989266976803
0.00267707349763   -0.474272251132   -0.88037416198
0.76250658557   0.621172961142   0.180908427964
0.4556242538   -0.317040155938   -0.831800504252
-0.459336746093   0.71667962987   -0.524766673694
-0.41475058916   0.896569480376   0.155386986743
0.579272138578   0.128461892068   0.804948030467
0.701730531086   0.423864021997   -0.572637365701
0.457975438658   0.888958437646   0.00337545898001
0.609673730563   -0.31132505918   -0.728954490888
-0.646959380368   0.335901181394   -0.684553837538
-0.169209080288   0.459575933784   0.87187054556
0.911695085373   -0.263068822636   0.315605554201
0.374406675201   0.848283417038   -0.374479486647
0.0453680853589   0.88706689344   0.459406207389
-0.437059717913   0.431155573978   -0.789356493609
-0.898287559639   -0.164976354632   0.407261909103
0.419721055253   -0.435275326896   0.796473242218
-0.907629008543   -0.207676339865   0.364801481225
0.00661956375422   -0.876017081825   -0.482234645912
-0.0957938165627   0.0972524875533   0.990638934412
-0.514211036735   0.847303568843   -0.132904747569
-0.852297221871   -0.522128926503   -0.0311581401968
0.272866353947   -0.797788754649   -0.537658865675
-0.720813016244   -0.539669848244   0.434954078621
-0.637159751159   0.268867175109   -0.72231426239
0.770145282384   0.598504779604   -0.220608868392
0.398202332213   -0.180925817454   0.899277905432
0.498308284742   -0.780421602321   -0.377665163852
0.867675259679   0.40033184022   0.294744060918
0.372989629   -0.132273069891   -0.918358629101
-0.3286614982   0.906773539916   -0.264089694827
0.368887687522   -0.0598769188114   0.927543329763
0.645714857311   0.734304850153   -0.209400835933
-0.66856128892   0.67617389896   0.309539434196
-0.457852712624   0.109847253348   0.882215662112
0.865697145696   0.280934088875   0.414299999569
-0.202334736212   0.953419959221   -0.223720888347
-0.783800580609   0.115531420233   0.610171402773
-0.012333852563   0.979452872153   -0.201295671367
-0.620890107752   -0.165301428213   -0.76627078237
0.0508080595694   -0.863310460409   -0.502109141552
-0.751118928527   0.298316347667   -0.58892080276
0.658208854613   0.407065603634   -0.633291953246
-0.3044805854   0.750183498228   -0.58695510228
-0.375803087253   0.47161603101   0.797715713085
0.875250599953   0.463468486822   0.138323349437
0.255532825454   -0.423553183886   -0.869083238554
0.139084904031   0.90568156122   -0.400495067556
0.956743625318   -0.0185367226361   0.290341222233
-0.540325243041   -0.740103386941   0.400369339926
-0.367230546196   0.63550888294   0.679168746072
-0.757093361254   0.219944166412   -0.615170062655
-0.60335143434   0.771138524841   0.203254574821
0.696875459414   0.633744566366   -0.335756487156
-0.387726244593   -0.0609360329074   -0.919758206893
-0.240297259473   0.965379081075   -0.101491166679
0.541178669246   0.220032760778   0.811610271089
0.805842959294   0.140102869379   -0.575315835824
0.305117855959   -0.713280967877   0.630978093786
-0.885585192327   -0.456172641077   -0.0874379131979
0.350202742859   -0.532105987935   -0.770857481313
-0.767475837399   -0.638734739006   0.0547610463221
-0.610981737947   0.70290704728   -0.36417440709
0.194118919489   -0.312953057294   -0.92971943565
0.573561711508   0.121058431726   0.810167772255
-0.48309367639   0.848712949806   0.215190215076
-0.661549289868   -0.51481179565   0.54527181491
0.742033870963   0.609400351359   0.279315137619
0.591673217774   -0.399502642251   -0.700228849867
-0.315132571641   0.684856810275   -0.65701035889
-0.174928172053   -0.838869050524   -0.515459843923
-0.862886558301   -0.121506545367   0.490574099334
-0.47415917383   0.530598601118   -0.702593909999
-0.522630705182   0.693393007493   -0.496047662188
0.843554634926   0.336230427535   -0.418765659403
-0.123582862473   -0.637303096462   -0.760639230743
-0.611706494333   0.691025934491   -0.385095212436
0.412217921031   0.693913977205   0.590389513642
0.675197415843   0.202401951814   -0.709324960459
0.91410588886   0.292799254214   -0.280497808696
-0.2494124104   0.951450695651   0.180374674732
0.319693405453   -0.0949219177945   0.942754451611
0.902216145519   -0.255416371726   0.347517630948
-0.193490731699   0.480417556052   0.855429896943
-0.385444371488   -0.839024105072   0.384019775008
-0.920419076662   0.383416159717   -0.0762939826171
0.34439205689   0.887602251585   0.305869832008
0.184994147115   0.255253386753   -0.949011524737
-0.876772808247   -0.240908203786   -0.416212301681
-0.465681501917   0.641352336913   0.609760542106
0.120042415397   0.728443832623   -0.674506783674
0.42600988541   -0.311500995734   0.849401381675
0.789560647788   0.586387771054   -0.180951279142
-0.441712079299   0.747740938839   0.495755915131
-0.434595544873   0.857641245252   0.274914908325
0.446964778402   0.470393335676   -0.760889345844
-0.781888226823   -0.207801838766   -0.587766277155
0.851834136375   -0.452885936704   0.263197516025
-0.298864206977   -0.00755679075468   0.954265728559
-0.430184599787   -0.891536439664   -0.14178852865
0.137502502037   -0.990009882428   -0.0312008754624
-0.990452558011   -0.137114607341   -0.0142588493586
0.00983830598932   0.0328636143769   -0.999411422082
0.244624047207   -0.780498426871   -0.575309726303
-0.814547588685   0.156452084634   -0.558600904922
0.52599553353   0.605264364443   -0.597481169443
0.562179319368   0.75144071969   -0.345385665113
0.826983763264   -0.507135643082   0.242716490603
0.00722967299045   -0.422078528599   -0.906530444895
0.345041929034   0.610630837453   0.712794533902
0.841996536457   -0.536933008947   0.0523906146205
0.414714238729   0.582093570019   -0.699413451359
-0.942962936035   0.12004684726   0.31049904304
0.323479462812   0.550716227398   0.769462587798
-0.0786253038441   0.826014764604   -0.558137680374
-0.252978814542   0.733479592404   0.630879867267
0.769321700611   0.547916032834   -0.328530275521
-0.586639446649   0.402238372724   -0.702892915846
0.646921480479   0.38280962402   0.659506929344
0.756109432551   -0.20978862264   -0.619909073831
-0.0989501091516   0.899691905915   -0.425162733939
0.391513381627   -0.299741355866   0.869984132953
0.625379237285   0.78021888481   -0.0126214641944
-0.674994875225   0.549011485644   0.492918154516
0.999692158086   -0.0112017122305   -0.0221384440168
0.0126126453088   0.997827907401   0.0646559230924
0.0213661002219   -0.0649152436314   0.997662017371
0.766470029969   0.525886412886   0.368737269477
0.640844589592   -0.664530167428   -0.384340823448
0.0429174224539   0.530889006592   -0.846353919782
0.994477712664   0.0480129483436   0.0933211434042
0.00722662365085   0.855774096608   -0.517299208858
-0.104698877384   0.51511693077   0.850701294644
