0.0239216965428   -0.0340182756978   -0.999134880462
0.807901390031   0.589317251553   -0.000721809297948
0.588831976394   -0.80718519185   0.041580880681
0.729958252633   0.00831766113395   0.683441121039
-0.448915934608   0.75984523687   0.470223031828
-0.515398324666   -0.650050792262   0.558389231998
0.921161885688   0.210661153042   0.327234868182
-0.111603877089   0.948505785926   -0.296447885275
-0.372834219156   0.236555813   0.897237979781
-0.429503349867   0.717802804333   -0.547983582368
0.902870473714   0.328715016441   -0.27707642567
-0.0187558030726   -0.613763449594   -0.789267158694
0.691563179782   -0.255795897945   -0.675506348574
-0.178615156151   0.845590961238   -0.503063169259
0.699883557717   0.468555636896   0.539090549695
0.133598330837   -0.73810122459   -0.66133052875
-0.983715997994   -0.0178120523711   -0.178845089617
0.120226125646   0.674454826544   -0.728461643233
-0.794286062222   0.248025113741   -0.554610849437
0.598554734394   0.163009869523   -0.784321370595
-0.104124354949   -0.954940482644   -0.277933073444
-0.969327539646   0.2448369777   -0.0214237073038
0.16618224628   0.588706647953   -0.791080238457
-0.181073415788   -0.77037610101   -0.61133712556
-0.769004377617   -0.611903808505   -0.184948631633
-0.630555856081   0.773648370398   0.0621893185547
0.105031326598   0.16444430096   -0.980778513384
0.69696489543   -0.622897356618   -0.355301024001
-0.689939252349   -0.717550470509   -0.0954209114417
-0.195508983441   0.311641148423   -0.92986882516
0.324856257969   0.304052073161   -0.895556111288
0.399886186476   0.813948529944   0.421401030455
0.857064437207   -0.495015279976   0.14283004959
0.270168267292   0.2140703867   -0.938713469002
0.337908018904   0.891870812247   0.300640358272
0.901569341819   -0.398422293302   0.168619091717
-0.305674158662   -0.856183373235   -0.416549324956
-0.772161060583   -0.0330520725162   0.634566668697
-0.557073249442   0.515613801113   -0.651008297072
-0.629665824984   -0.404745767965   -0.663100152437
-0.72679970258   0.608376808914   0.318810054273
0.274377734478   0.682684789409   -0.677243189064
0.584706339344   0.803410388573   0.112473304677
0.199388126838   -0.00793144368005   -0.979888497268
-0.786360522666   0.595372857741   -0.164828057859
0.814303103874   0.256430186394   0.520724509244
0.030747354008   0.876804170383   -0.479863571258
-0.579624926347   0.406765296337   0.706099807713
-0.233694074533   0.520606474871   0.821191803326
0.867765218018   -0.269308435216   0.417679893124
0.438600736349   0.810211000323   -0.388828405637
0.493740774159   0.734215522064   -0.465991003232
0.675320910007   -0.661334749208   -0.326462889157
-0.547870163853   -0.153505428731   -0.822359025553
0.161850481386   -0.909993770075   0.381727337375
-0.960719608047   -0.233674658831   -0.149713020593
0.225437921367   -0.342501813491   -0.912069214131
0.444121484803   -0.14730841597   -0.883773917538
-0.797778074367   0.383947207297   -0.464902878102
0.407806634074   0.911528810621   0.0529997793604
0.882584443071   0.404152382407   0.24021980069
0.220253099936   0.0959825072075   -0.97070898331
-0.41537124698   0.909641803187   -0.00430314740358
-0.505282006463   -0.342697669328   -0.791990152327
-0.324656619176   0.925830602836   -0.193483266662
0.799554984707   0.159361232079   -0.579064611369
-0.669135989809   0.243106096714   0.702250989947
0.364559006881   0.930841177705   0.0251283184974
-0.6475752911   0.272826185746   -0.711485849984
-0.436259006523   0.693961919518   0.572795717063
0.817499844766   0.0396793895494   0.574560310021
0.375994791232   0.718917519819   -0.584624252544
0.14000855909   -0.639528434365   0.755910699104
-0.874062586895   0.27885371144   0.397813023676
-0.465201244164   -0.716410489352   -0.519945971399
0.82519722917   -0.325392494746   0.461702563705
0.162663790843   0.919667867058   0.357423425995
-0.540915912243   -0.219842531517   0.811836952361
0.0271158563373   0.725234125163   -0.687968163533
0.385398305694   0.627431027019   0.676608049244
0.922351818074   -0.283488571257   -0.262490673479
0.800406041644   -0.362317746828   -0.477573050781
0.24371814105   0.924543960987   -0.292950391578
0.547678405839   0.118086047169   0.828313979866
-0.860954483137   0.507881747784   -0.0285220657464
0.254776617203   0.382005406637   -0.888347198243
-0.440279744359   -0.772093258336   -0.458285661066
-0.804904941027   0.544787330034   -0.235233503025
0.480094554695   0.830844718907   0.281436087978
0.348765328643   0.113594973913   -0.93030045009
0.932958484172   -0.35762820673   0.0411160864232
-0.285750951479   -0.666259018408   0.688799908625
-0.218940312736   -0.654370679465   -0.723784604228
-0.342986062927   0.428480347436   -0.835921738263
0.878026390562   -0.170002169395   -0.447402413806
-0.333811650659   -0.887414139094   -0.317908678117
0.998433801802   0.0554636513854   -0.00732985637959
0.0353841528721   -0.524553482269   0.850641878798
0.0433348029311   -0.849568965779   -0.525694461869
0.142858413396   0.464938327293   0.873741280664
0.810017353052   0.452360588685   -0.373151156449
-0.568738394586   0.761053381583   -0.311984597224
-0.79835161218   0.528649801765   -0.28838184829
0.508752619107   0.335888713486   -0.792685022379
-0.322188571928   -0.779556386188   -0.537109267163
-0.68332317307   -0.382193089649   -0.622091539382
-0.404588331585   0.907476563571   -0.113113078437
0.607764529313   0.174398190339   -0.77473062939
0.832000648682   -0.23947009354   0.500428811014
-0.547632503946   -0.498788193483   0.671795339862
0.0887330897367   -0.832985241369   -0.546133707478
-0.0575548879427   -0.428876510855   -0.901527799522
-0.345726980227   0.855710913281   -0.385008685663
0.936568358432   0.289523351959   -0.197524526713
-0.744863802062   -0.661106500682   -0.0900894618175
-0.491289722819   0.634800850997   -0.596374285013
0.45145578369   -0.399957590663   -0.7976350049
-0.334828539188   0.94215755933   -0.0151321756542
0.697901568653   0.237169759502   -0.675783919347
-0.633106033626   -0.236832511649   -0.736944442687
-0.677193609352   -0.716189191182   -0.168765689304
-0.116580420265   0.330898637144   -0.936437449885
0.726510716413   -0.614474681635   -0.307576079314
0.660151799164   0.0916933284219   0.745514544179
0.723117553861   -0.346116816879   -0.597749238704
0.20322550371   0.933699888935   -0.294794694737
0.0598983384577   -0.930585431196   0.361141169482
0.191936893263   0.365776827098   0.910696185213
-0.979577673313   0.0147671257662   0.200523100769
-0.207710328224   0.0110565049009   0.978127892071
-0.97759708993   0.0324748306848   -0.207964696839
-0.0340639003726   -0.999411396308   0.00406344927572
0.656126352656   -0.754393888411   0.0196995045461
-0.455780828662   -0.375335258182   0.807085670912
-0.601466578934   -0.538528834043   -0.590105625572
0.0773283371428   0.243268737966   0.966871578548
0.98324312936   -0.179184445824   -0.033554179192
0.165085665159   0.953264525462   -0.253048350431
0.776058004776   -0.542006904187   -0.322432146407
-0.273700290674   0.17114821713   -0.946465233729
0.568174378257   0.822761693072   -0.0155265033166
-0.148538049636   -0.283188936608   0.947491674894
-0.0943964835536   0.95780565069   0.271473091481
-0.984391056289   -0.0491157987689   -0.169002623081
0.413493936075   -0.453389489008   -0.789595298926
-0.893657237534   -0.0360277135677   -0.447301627159
0.174354542906   0.890584064035   -0.420072039365
0.0964689627394   0.956037834485   -0.276921285315
0.862520172574   -0.219146379508   -0.456107242051
-0.496742077069   -0.19485000226   -0.845742741907
0.639816430316   0.521951883741   -0.564093225059
-0.072646360625   0.771780697749   0.631725463211
0.765086558362   -0.363209010958   0.531715875796
-0.49955480905   -0.835248842915   -0.229791999784
-0.837612862805   0.398040603721   0.374123468729
-0.221019648039   0.379371912771   -0.898458272254
-0.822822847407   -0.507209592684   0.256322045236
-0.565519735387   0.686240679261   -0.457450717582
0.0561247777056   -0.521356077184   -0.851491544355
-0.232263079006   -0.832849793088   -0.502409279656
-0.733497138352   0.489206047933   -0.471867980155
0.638776807782   0.258918258954   -0.724517442868
0.885802965342   -0.463999353249   -0.00759649766761
-0.411774774238   -0.793441078489   0.4482106539
-0.213996826831   -0.39389828021   -0.89389568908
-0.0873842632152   0.991485504806   -0.0965426553639
0.154531329668   -0.0822485808662   -0.984558398014
-0.984115876661   -0.100953775105   -0.146028341765
-0.504894653202   0.857306121484   0.100536576616
0.776063651   0.399857066779   0.487687949148
0.377897603548   0.324253820663   -0.867209813725
0.260396658719   -0.522549285104   0.81187180316
-0.80433746463   0.347731625604   0.481792444468
-0.53407379932   -0.778476050494   -0.329757813686
-0.409098453627   -0.276472889518   0.869598296112
0.11750592637   0.929097962544   0.350669835122
-0.904892707732   0.245641440637   -0.347605336746
-0.624171157038   0.781277280361   0.00402217780985
0.712984097371   0.567490758133   0.411834816801
0.319474636893   0.259923162926   -0.911249639647
0.100078238867   -0.701119278403   -0.705985908893
-0.86478513753   -0.412200793888   0.286770241525
-0.492068096926   0.581826660586   -0.64756986111
-0.0082651972484   0.922247767258   -0.386510986003
0.895912890552   -0.164852078938   -0.41250925397
-0.444152878023   -0.349689645051   -0.82489112802
0.127350304516   -0.990743329138   0.0470059114186
-0.665527852486   -0.120494283174   -0.736582517637
0.73542815931   0.0625202646414   -0.67471226386
-0.826503389743   0.0884816672505   0.555934475724
0.409296618662   0.772473406832   0.485552379964
-0.386482114321   0.628852789051   -0.674667136452
0.808838308353   0.206893689441   0.55043218675
-0.462877121748   0.801321943987   0.378982733441
-0.362664253963   -0.561318219332   0.743906241097
-0.0303380688288   0.965279602691   0.259451132605
0.977829695707   0.0824676720742   -0.192479009913
-0.207192393138   0.247859580595   -0.946380970083
0.685177384322   0.723855438677   0.0810262668019
0.421496052769   -0.484761118188   0.766386153185
0.594031168807   -0.490958208192   -0.637249565158
0.739547971727   0.562981849889   0.368944757666
0.271620915188   -0.751123123547   0.601694383973
0.615865956152   -0.344768748536   -0.708409227838
-0.937838655325   -0.342737749087   -0.0546762464738
-0.282023317862   0.844372793816   -0.455518861569
0.202290644271   -0.41178322017   -0.8885454827
-0.41191761399   -0.625573722345   -0.662556712436
0.0555640680973   0.7085116758   -0.703508237045
0.90952543319   -0.326601780715   -0.257089018071
0.603039433773   -0.0690183309374   -0.794720020705
-0.733013620321   0.345077422569   -0.586184787296
0.314697432049   0.936033141736   0.157503916885
0.962744817772   -0.26780370696   -0.03746452177
-0.112105154368   -0.26919876513   -0.95653774584
0.246078951186   0.925101723807   -0.289191891989
0.6504091586   0.679471128896   -0.339539263424
0.698210589924   -0.710827246237   -0.0850094002133
-0.299115192738   -0.181779016952   -0.936742488878
0.240250442709   0.129851337295   -0.961986670896
-0.809781391424   0.573293735959   -0.124853475774
0.535288541706   0.808995007718   0.242885270459
0.00625480364128   0.851443241525   0.524409462056
0.274420136672   0.502824876646   -0.819671112103
-0.961589551743   0.149035398107   -0.230508099839
0.888138193816   0.453944181866   -0.0717302477019
0.433121665371   -0.774565401542   0.460927393111
0.153675540251   -0.44043514674   -0.884534176753
-0.159703346452   -0.229595960424   0.96009402461
0.919281566986   0.319838744105   0.229400475961
-0.359744689655   0.919232763084   0.159984016513
0.44086794182   0.126823918463   0.888566908894
0.782936555518   0.42975857973   -0.449797635812
-0.43891435145   0.893992872932   0.0901716986458
0.480379632806   0.876876441361   -0.017975399038
0.701342153303   -0.39636178026   -0.592466474281
-0.526644654757   0.272001922297   -0.805394538024
0.209661555403   0.86101705158   -0.463348323699
0.977773235802   -0.184025730061   0.100469050079
0.00123755173308   -0.474114087076   -0.880462549403
0.759952376787   0.623524388208   0.183547602343
0.458684180087   -0.314385328412   -0.831126156618
-0.460522755087   0.715806679619   -0.524918650323
-0.415275325831   0.896534463737   0.154182875466
0.579428438231   0.130021892285   0.804584981525
0.701291015716   0.423462233095   -0.573472447827
0.45828320177   0.888801133142   0.0030087707057
0.609440411238   -0.311771692242   -0.728958707382
-0.6469612756   0.335903196833   -0.684551057432
-0.172815781747   0.455850524723   0.873117978675
0.910114052792   -0.2650339178   0.318511276602
0.376599411161   0.849680717401   -0.369073924827
0.0445498027658   0.882837837295   0.467560336359
-0.43052203938   0.439300679168   -0.788457790185
-0.901479943595   -0.16616939049   0.399651904756
0.418885234079   -0.419164848897   0.805503563071
-0.907702567228   -0.217444208218   0.35887890125
0.0247226640728   -0.881486724667   -0.471561177494
-0.0957428453272   0.09638169813   0.990728961843
-0.513406485552   0.847916552581   -0.132103370333
-0.852787833029   -0.521294626987   -0.0316989544357
0.272775999318   -0.798849390363   -0.536127695342
-0.722111538752   -0.538231773065   0.434581964725
-0.635726497636   0.268600465337   -0.723675072269
0.769663400072   0.59908468881   -0.220716529111
0.398379449132   -0.180493194812   0.899286395504
0.498910878914   -0.780076754084   -0.377582034321
0.868056880631   0.399951360314   0.29413629727
0.3724205163   -0.132801343008   -0.918513343579
-0.328298965926   0.906864219537   -0.264229211658
0.369053646986   -0.0567937871474   0.927671208666
0.643321540873   0.735982278445   -0.210873139265
-0.670773285616   0.674614372479   0.308153610637
-0.457250161645   0.111552576135   0.882314180117
0.865944948421   0.281897317017   0.413126190121
-0.202636709365   0.952937524404   -0.225495983562
-0.783616424326   0.119402861316   0.609662411695
-0.00918269921543   0.979022505568   -0.20354510956
-0.621177090336   -0.165099637492   -0.766081674587
0.0479291687555   -0.86382770655   -0.501502231479
-0.749553852442   0.300752180205   -0.589675460225
0.66020588991   0.404165584258   -0.633070583292
-0.304561869379   0.751824086598   -0.584809892643
-0.37786839182   0.468226986436   0.798735855986
0.874332629029   0.464245659092   0.141486472252
0.255382564138   -0.424641595896   -0.868596143768
0.14128314357   0.905133507194   -0.400964346915
0.956461614116   -0.0203186906407   0.291150015513
-0.540919360464   -0.738602563822   0.402333814356
-0.368040734088   0.637987542136   0.676400705298
-0.756275256445   0.217803004548   -0.616935643063
-0.602228430341   0.772262044436   0.202317207405
0.697039910355   0.632200501074   -0.338316257094
-0.389173844267   -0.0627205003554   -0.919026581647
-0.240142386372   0.96549018865   -0.10079846173
0.540440884392   0.219228828061   0.812319131514
0.806384080165   0.140596644935   -0.574436505357
0.309547675158   -0.713254958525   0.628846245869
-0.884744270977   -0.458373583321   -0.0843873988575
0.348436237749   -0.530246190229   -0.772936715372
-0.766305056497   -0.639821036627   0.0583575314487
-0.611338771739   0.698216538968   -0.372503115263
0.197589135724   -0.321127242384   -0.926194271005
0.574969151192   0.121610944401   0.809086678533
-0.485691423944   0.846532979567   0.217912264944
-0.65841804037   -0.518259291   0.545795741471
0.73770382757   0.614303837528   0.28004260031
0.594852217214   -0.395262479589   -0.699941720369
-0.319286552279   0.682933647901   -0.657006643884
-0.175914542599   -0.838981851153   -0.514940314152
-0.863022392508   -0.120195100575   0.490658218956
-0.473546643672   0.530718938078   -0.702916058312
-0.521477052265   0.694883671978   -0.49517508659
0.844405497739   0.336859545368   -0.41653931637
-0.122641915136   -0.635344260313   -0.762428115653
-0.614625369897   0.687728209884   -0.386349018382
0.408370804028   0.696452058922   0.59007441568
0.674884390909   0.204901046733   -0.708905226353
0.914270315163   0.292127115427   -0.280662678751
-0.248485225092   0.951575600664   0.180994389778
0.319945126111   -0.0957372688805   0.942586596353
0.902439780922   -0.255702634946   0.346725546061
-0.192710405723   0.480210809004   0.855722080142
-0.38531174565   -0.839055267189   0.384084778749
-0.921194170853   0.381951691785   -0.0742576913788
0.341221894173   0.884706184631   0.317588705424
0.186999782148   0.267222514056   -0.945316459953
-0.877376880368   -0.240346702771   -0.415262895359
-0.464158978215   0.644371494428   0.607734991679
0.121516471054   0.725960632291   -0.676915731555
0.426212566712   -0.310210218201   0.849772009718
0.789091655717   0.586832684003   -0.181553738223
-0.442354164503   0.747928486895   0.49489975918
-0.43420788456   0.858387705575   0.273192349645
0.44577912881   0.468289349906   -0.762880104002
-0.782779969917   -0.209465108509   -0.585986251558
0.851490186732   -0.453267908576   0.263652545889
-0.299283801483   -0.00722891501738   0.954136755899
-0.430573649993   -0.891345020653   -0.141811092967
0.140555094862   -0.989567916588   -0.031616511006
-0.990030999722   -0.140183830205   -0.0136789377723
0.00910411434194   0.0332239703952   -0.999406465304
0.24531720341   -0.778606384805   -0.577573863031
-0.816382369768   0.155383891516   -0.556215491149
0.522818607213   0.607970347799   -0.597522183822
0.561267367289   0.752292570714   -0.345014246757
0.827594257811   -0.506035533509   0.242931643189
0.00816620193628   -0.421881413283   -0.906614243364
0.346641736157   0.612189916008   0.710677854932
0.842430004115   -0.536373750867   0.0511359711361
0.412493872584   0.58097048644   -0.701656681691
-0.943158057343   0.118693148386   0.310426827761
0.323040850688   0.546870101212   0.772384425779
-0.0780864114566   0.828761141057   -0.554127677903
-0.25376308133   0.733522379198   -0.630515041668
0.768305460645   0.548868466526   0.329317666692
0.587631702426   -0.400859483696   -0.702851802753
0.646218155078   0.381851314563   0.66075083777
0.756854558562   -0.209667773971   -0.61904006473
-0.0978431051794   0.900127212189   -0.424497030195
0.39182229472   -0.301348548048   0.869289561625
0.627128393734   0.778812565854   -0.012687199849
-0.673190364706   0.55012729423   0.494140357601
0.999688072855   -0.011171477025   -0.0223373026933
0.0126053488616   0.997798012888   0.0651170535006
0.0215606625736   -0.0653783112171   0.997627592968
0.767147268942   0.527180314489   0.365466802555
0.640266565699   -0.664178095781   -0.385909551492
0.0392911262723   0.530045633035   -0.847058341732
0.994510375456   0.0487920357588   0.0925659243845
0.00620158875907   0.855590832002   -0.517615560518
-0.104454073197   0.515348101229   0.850591371431
