0.0194737484663   -0.0757470169258   -0.996936889953
0.827866214108   0.560303972647   -0.026400563914
0.560587463881   -0.824816250849   0.0736196147598
0.724590112299   -0.000113852287042   0.689180060794
-0.441797323608   0.767424264812   0.464623635462
-0.528946399941   -0.64113959854   0.556017734585
0.921382016088   0.211414899735   0.326127154036
-0.112035368576   0.947967291223   -0.298003508301
-0.372160256634   0.238037297375   0.897125960186
-0.414976451319   0.725530425503   -0.548999222696
0.909634838476   0.318278185454   -0.266952162932
-0.0189474399463   -0.610167680506   -0.792045703343
0.690913110833   -0.250729532406   -0.678066202416
-0.185031450256   0.845360693136   -0.501127389909
0.698857951014   0.471699056688   0.537677937267
0.142338015416   -0.750978046866   -0.644803739516
-0.98014165086   -0.0160700894851   -0.197646392516
0.138066048027   0.660131596994   -0.738352247259
-0.794861303354   0.242151009397   -0.556379723821
0.597056487208   0.148531567359   -0.78832856385
-0.108254605047   -0.95880199319   -0.262639826265
-0.969927967506   0.242489025496   -0.0209478009241
0.16363202385   0.585947883068   -0.793655869441
-0.180178518754   -0.773216755407   -0.608006209291
-0.76699184521   0.633382008642   -0.1027167976
0.613651179636   0.770833534812   0.171020148935
0.187498637629   0.0681387755839   -0.979898651978
0.68664117609   -0.635262826156   -0.353503941989
-0.701613696471   -0.706417659068   -0.0933397658128
-0.190426143748   0.31211413403   -0.930764551923
0.314846251396   0.302614611056   -0.89960893457
0.386933332051   0.824554230261   0.412786770508
0.866691660586   -0.478053049916   0.142516128687
0.269629961782   0.211730743194   -0.939398624704
0.337003115413   0.893091296698   0.298021536073
0.902069057174   -0.396935798522   0.169450252111
-0.310454104472   -0.85458527786   -0.416295870604
-0.770382807461   -0.0303689217712   0.636857957914
-0.55689189165   0.51842234853   -0.64892964916
-0.630748802431   -0.397989209616   -0.666153538803
-0.726955152577   0.603372712205   0.327837728623
0.271462988955   0.691047002161   -0.669896922243
0.576422912571   0.810268933532   0.105834215719
0.188876060525   -0.00610315575096   -0.981981967885
-0.795023559163   0.586026455754   -0.156558402945
0.814355477646   0.282058955446   0.507215833429
0.00308100105827   0.871844571453   -0.489772958278
-0.580358219948   0.400412023896   0.709122378478
-0.230394388052   0.520054826374   0.82247273725
0.867874603482   -0.272469097729   0.415396513481
0.44012736632   0.809508226238   -0.388567025194
0.4821775405   0.73490393587   -0.476886804683
0.674141537481   -0.658891077925   -0.333759995919
-0.559497995422   -0.160557629763   -0.813131748639
0.170775690013   -0.908036288437   0.382499362852
-0.95894875887   -0.242367638716   -0.147225016779
0.226391125186   -0.341654835447   -0.912150772544
0.443570971902   -0.134413734209   -0.886102556673
-0.803392494873   0.378591705928   -0.459596365722
0.397247142304   0.915751750344   0.0599453056812
0.883012177025   0.406113379223   0.23529007298
0.215550066356   0.0944291123547   -0.971916308966
-0.416926449293   0.908930726709   -0.00415570976481
-0.502754139946   0.355094257021   0.788128380023
0.317206648949   0.923913692125   -0.213923891529
-0.804125746777   0.142448440269   -0.577139692999
-0.66453281084   0.250244723476   0.704112009336
0.377682612069   0.925526178198   0.0275161409172
-0.644788327949   0.284216241342   -0.709555593522
-0.446324954157   0.697490076529   0.560626103959
0.819039102499   0.0660098445661   0.569927757701
0.360512113353   0.713547681352   -0.600733487133
0.152987371682   -0.640885367248   0.752237203384
-0.874124021988   0.267316925751   0.405522940649
-0.46097945539   -0.719588498558   -0.519317180976
0.825721646477   -0.321505947708   0.463484291134
0.157253557786   0.920295749345   0.358227654295
-0.541714944508   -0.222911774759   0.810466075521
0.029462425538   0.735069878435   -0.677350898205
0.375054453636   0.620004607829   0.689150522803
0.926534469024   -0.274347517008   -0.257424392049
0.801965869965   -0.364111917211   -0.473574973111
0.242245695286   0.922882814913   -0.299339828714
0.546047403187   0.125338827519   0.828325064083
-0.86255183189   0.504708163972   -0.0356932279979
0.245861852961   0.356433729536   -0.901391671643
-0.44221746524   -0.786272640799   -0.431531050758
-0.798444727929   0.555032839613   -0.233290727193
0.490572108927   0.824390205897   0.282346939713
0.349034414329   0.110992501429   -0.930513644307
0.934915577922   -0.349016916156   0.0641876498681
-0.295604982276   -0.665858862779   0.685018006561
-0.196342956616   -0.659408194592   -0.725692962824
-0.345682072272   0.424373242295   -0.836905762995
0.876563125315   -0.172251619943   -0.449406794303
-0.334874591823   -0.888952603152   -0.312445638632
0.99840774787   0.0562301065433   -0.0044882191757
0.033390466216   -0.524990680178   0.850452739717
0.0454647749265   -0.849248468261   -0.526032312122
0.14642538186   0.469641887293   0.870629717645
0.809091681671   0.449516385237   -0.378557353719
-0.569148713605   0.759849667436   -0.314162736012
-0.787349546823   0.54470625593   -0.288748655177
0.523511153275   0.343356708418   -0.779770634982
-0.325602155264   -0.765115197558   -0.555501549009
-0.68650092252   -0.366916688583   -0.627764786379
-0.41042616212   0.908199667638   -0.081998348454
0.600222332829   0.201359150129   -0.774072117979
0.826046883641   -0.224489310073   0.516963340761
-0.552851672718   -0.501042133868   0.665816647481
0.109551695558   -0.835799814401   -0.537993583836
-0.0591973691744   -0.382072810708   -0.9222342646
-0.391692452908   0.858654379337   -0.330589895763
0.918189900739   0.341662149153   -0.200485116703
-0.758743784177   -0.642426408117   -0.107685561364
-0.480089574118   0.663250088676   -0.574119604869
0.440252053709   -0.383910966275   -0.811659102813
-0.33766693512   -0.940600328241   0.0353845084967
-0.683211234971   0.219061618824   -0.696587694098
0.647459226004   -0.259389725457   -0.716598577303
-0.671928558721   -0.715770777862   -0.190221464408
-0.15129539391   0.384084880391   -0.91081749458
0.724997734992   -0.583224655009   -0.36637042189
0.659348686732   0.09505143244   0.745804622201
0.724656983412   -0.344659088317   -0.596726377188
0.200328644224   0.933903280876   -0.296130201553
0.0595416099755   -0.928692974787   0.366038461451
0.186017266747   0.370588626248   0.909978926441
-0.980740726774   0.0139078637995   0.194818372263
-0.207046386058   0.00327428172137   0.978325647777
-0.977451761957   0.0416970151006   -0.207000995113
-0.0414710388828   -0.999124936137   -0.00543276384765
0.637857842819   -0.768798311973   0.0456785273621
-0.481950142847   -0.3521962648   0.802297856701
-0.600717431213   -0.533766752961   -0.59517360599
0.0733943575175   0.970190673947   -0.230961738112
0.176600199642   -0.240569727382   -0.954431022
-0.981542478843   0.0292619625949   -0.18899232729
0.775105715652   -0.542607964078   -0.323709324677
-0.275008853473   0.171529912891   -0.946016712059
0.568842034378   0.822285890858   -0.0162681781992
-0.146789251049   -0.280073462783   0.948689502009
-0.106892033331   0.957953462348   0.266269144261
-0.983375314408   -0.0623219016061   -0.170554893197
0.40856918405   -0.447200389463   -0.795665151624
-0.896938383516   -0.0352749993493   -0.440746197484
0.169034783463   0.893737929197   -0.415523472134
0.0972170182693   0.954289061999   -0.282632690091
0.859269638037   -0.223770076947   -0.459981132017
-0.502199701819   -0.198139695197   -0.841745876545
0.640825816981   0.519518195767   -0.565192990542
-0.0687735472254   0.772119128501   0.631745400145
0.76459954976   -0.365968435346   0.5305229805
-0.495430626725   -0.835061866661   -0.239207384817
-0.837626174682   0.386330296275   0.3861752111
-0.230067132792   0.391689393561   -0.8908695378
-0.821818020675   -0.505970221821   0.261933723539
-0.566387071435   0.675635852866   -0.47193418994
0.0618128320715   -0.53619989645   -0.84182471147
-0.233874736626   -0.830143101537   -0.506127492376
-0.736083473538   0.491275793314   -0.465649240188
0.635203689813   0.263648489232   -0.725951614485
0.880236244001   -0.472576546698   -0.0430762377492
-0.403336563456   -0.792901821507   0.456756300487
-0.250007542541   -0.384679228664   -0.888548321539
-0.0852975419171   0.994183557831   -0.0657524347864
0.187613883145   -0.0487859054769   -0.981030563375
-0.978532247906   -0.0960155652188   -0.182361320025
-0.503672694386   0.85735700108   0.106079166799
0.773776796884   0.393113418585   0.496720553966
0.384165700623   0.332266177675   -0.86140344882
0.254952300445   -0.513988763056   0.819032890642
-0.809202242118   0.350266910135   0.471704168966
-0.52933076224   -0.783025314482   -0.32661950498
-0.409452775137   -0.280365810061   0.868183988266
0.127121661468   0.924794985188   0.358600499939
-0.903431518222   0.257194960914   -0.343019305525
-0.621898056946   -0.782968142788   -0.0142721458059
-0.710813003792   0.556751014991   0.42985251069
-0.328614790304   0.277469268002   -0.902786311874
0.0947857069165   -0.700856229475   -0.706976813885
-0.864779954275   -0.409756971011   0.290266869266
-0.493124021367   0.583866226387   -0.64492552224
0.00465974702906   0.919562916089   -0.392915169105
0.893083481222   -0.180590231173   -0.412054685659
-0.449866849553   -0.348985976451   -0.822087955097
0.119103604974   -0.991536929093   0.051660909069
-0.660415195481   -0.117966704523   -0.741576446633
0.741394699778   0.054206778796   -0.66887631463
-0.826219118638   0.0953951792344   0.55521322731
0.405081369555   0.785514908746   0.467841225393
-0.391498470035   0.61144589942   -0.687650245435
0.809082616757   0.206352492535   0.55027626524
-0.462958924759   0.800560217929   0.380489646977
-0.362014299784   -0.562602867301   0.743252084058
0.00238294463607   0.965138716266   0.261728064864
0.980346694734   0.0493761907727   -0.191003533755
-0.197268040232   0.257039394155   -0.946052889722
0.686822843886   0.721739501844   0.085828157352
0.416774783293   -0.487825143046   0.76702373485
0.595460461431   -0.491038411217   -0.635852276541
0.736946099627   0.570979348283   0.361791417919
0.281319719997   -0.7457517017   0.603915237887
0.61462969452   -0.34327391868   -0.710206558241
-0.941066062456   -0.333800240725   -0.0545166523641
-0.270938143372   0.840479172082   -0.469241178674
0.202452929243   -0.426816307782   -0.881385642526
-0.420986204313   -0.597116610009   -0.68280478164
0.0644601625389   0.731163656649   -0.679149905869
0.904773730401   -0.329926448238   -0.269319578809
0.601266671432   -0.0606539296198   -0.796743051834
-0.736834228925   0.343653884351   -0.582217594079
0.309117629567   0.937135587091   0.161935735706
0.963584620235   -0.265967568442   -0.0276754798164
-0.102082968802   -0.270220411851   -0.957371399458
0.247151263656   0.925333551513   -0.287530991925
0.635357849728   -0.713635044462   0.295034618485
-0.695352658962   -0.694884959183   -0.183356410237
0.335864678795   -0.0886561719074   -0.93772863917
0.252891203362   0.135715056037   -0.957928735777
-0.821996487439   0.552330702585   -0.138753629212
0.510262495094   0.822503628288   0.251236875385
0.00471710943906   0.852710022849   0.522363250824
0.268705076177   0.502076354395   -0.822020021894
-0.963210948295   0.144239215509   -0.226759162536
0.884499532883   -0.459175009201   0.0825765539003
-0.44298424561   -0.771047045622   0.457440063374
-0.146374637386   -0.441185634811   -0.885398046738
-0.165106755922   -0.231946688737   0.958613839213
0.914853367783   0.327119426643   0.236719657331
-0.368487550132   0.916075113893   0.158187582006
0.433887976682   0.122459052542   0.892605738353
0.785450618062   0.433927366432   -0.441332490587
-0.441371215959   0.89258659026   0.0920903285418
0.456649700801   0.889635017796   -0.00453716554865
0.716857055554   -0.370973486845   -0.59033434083
-0.526865269933   0.266323500977   -0.807146071148
0.238563545905   0.854827411614   -0.46082266754
0.971109776872   -0.212807122317   0.107976525015
-0.00576505238413   -0.473268660535   -0.88089927865
0.745766342937   0.63620083911   0.197689286658
0.474986374783   -0.29968951619   -0.827389955014
-0.467140776976   0.710939298536   -0.525685084707
-0.417777838665   0.896368281418   0.148275357317
0.58021107715   0.137634144596   0.802752731664
0.699154334517   0.421403306001   -0.57758330154
0.459668585391   0.888089765475   0.00116621725833
0.608281824989   -0.313884768873   -0.729019597306
-0.647068785364   0.335816795778   -0.68449183098
-0.191082293448   0.437025176433   0.87891783023
0.901966056779   -0.275062798035   0.332862868996
0.387227051677   0.856358249976   -0.341622244811
0.0405026508866   0.858545090833   0.511135855003
-0.393811848887   0.483863103807   -0.781529733565
-0.918298297362   -0.169637330139   0.357702967948
0.414582020724   -0.329448095454   0.848283973973
-0.90179021581   -0.273754841726   0.334413955022
0.122049804454   -0.903616201186   -0.410586904566
-0.0954732330079   0.0918734204367   0.991183200219
-0.509350774102   0.850995199026   -0.12794123712
-0.855246543811   -0.517074893851   -0.0344514651064
0.272318654091   -0.803972019566   -0.528650680875
-0.728387787652   -0.53124158506   0.432704990845
-0.628723931017   0.267229059158   -0.730270394106
0.767258174034   0.602041333567   -0.221045531634
0.39907882575   -0.178373659622   0.899399204131
0.502046795843   -0.778285982291   -0.37712059683
0.87021137513   0.397456817949   0.291136120158
0.369516500415   -0.135677798103   -0.91926551715
-0.325867639565   0.907534910053   -0.264935215696
0.369829239308   -0.0413573456461   0.928178810205
0.631181541904   0.744273044751   -0.21832887124
-0.681788966552   0.666593732957   0.301357927172
-0.454322826172   0.120061540934   0.882709462967
0.867081399688   0.286900720975   0.407256458046
-0.204354143429   0.950406861662   -0.234448675347
-0.782556345464   0.137285351836   0.607254722775
0.0061688914951   0.977046572272   -0.212936470315
-0.622549203629   -0.162888697532   -0.765440893384
0.0331710794094   -0.865888370082   -0.499136264004
-0.741877877409   0.313314758572   -0.59283309377
0.669714039346   0.389963065707   -0.631990437333
-0.305005420679   0.759829595282   -0.574134722435
-0.388179150449   0.451319588219   0.803509537251
0.869648573005   0.467941893219   0.157295085911
0.254640562948   -0.4303251125   -0.866012979841
0.152502521311   0.902197314397   -0.40346373677
0.954935162561   -0.0293309298531   0.295361696668
-0.543992147907   -0.731235023197   0.411543295261
-0.371305102252   0.64960968816   0.663430308391
-0.752465988644   0.208092753118   -0.624893864623
-0.596462840017   0.778115232714   0.196897854477
0.697575604676   0.623886715586   -0.352354426502
-0.397014302311   -0.0728151820279   -0.914919446195
-0.239308505815   0.966041341767   -0.0974451899418
0.536891173265   0.215281442019   0.815721624571
0.808998953717   0.14289166078   -0.570177749623
0.331719775937   -0.712978869964   0.617756522619
-0.880278821545   -0.469402395615   -0.0690694384848
0.339221441823   -0.520886285074   -0.783330256936
-0.760751798241   0.64451995683   -0.0764900433052
0.61237756613   0.673724390084   -0.413629257557
-0.21505910345   -0.361509988043   -0.907226603761
0.581780998704   0.124472123511   0.803764617295
-0.497841885733   0.835968829737   0.23088865827
-0.643182964914   -0.534474326958   0.54831821734
0.715815292165   0.638100851069   0.283612008505
0.610076261192   -0.373883572006   -0.698582872763
-0.339728454848   0.673081256946   -0.656921759815
-0.181050621502   -0.839558755378   -0.51221262062
-0.863717425768   -0.113338187805   0.491066862667
-0.47033273422   0.531314926812   -0.704621577635
-0.515951613376   0.702046675395   -0.490840501815
0.848451056446   0.33988700627   -0.405718655949
-0.118003124837   -0.625785337425   -0.771017492664
-0.62814072259   0.672032845377   -0.392187566551
0.389907293944   0.708039390143   0.588772047685
0.673358399927   0.216914906682   -0.706778882329
0.915101778325   0.288796078489   -0.281399289898
-0.243902787418   0.952176635128   0.184040989472
0.321092145023   -0.0997821655667   0.941776700625
0.903489291138   -0.25717830932   0.342879596965
-0.188866504397   0.479241598127   0.85712130655
-0.384755174515   -0.839158392582   0.384417283487
-0.925081196013   0.374136156979   -0.0651683728847
0.325363884713   0.869300718   0.37209488603
0.19586506403   0.323014547236   -0.925904141348
-0.88039801414   -0.237568083808   -0.410439693809
-0.456366218222   0.659757382313   0.597034397124
0.128954300292   0.712938708473   -0.68926713718
0.427235242726   0.303753523248   -0.851589011488
-0.786744653354   0.589028643473   -0.184602566578
0.445536640235   0.748851823983   0.49063025582
-0.432549647781   0.861800318822   0.264954737046
0.43982816891   0.458221616284   -0.772388588861
-0.787052719987   -0.217561855223   -0.577247654924
0.849800398527   -0.455156686678   0.26584144379
-0.301302391872   -0.00563297308013   0.953512002162
-0.432499885915   -0.890393542309   -0.141926701141
0.150131715664   -0.988089252632   -0.0337653192408
-0.98865075395   -0.149852127899   -0.0106783181217
0.00549132643477   0.0349852625448   -0.999372741642
0.248662994378   -0.768967905009   -0.588944034943
-0.825439541353   0.149892277126   -0.544225935463
0.506770439942   0.621466544816   -0.597463852362
0.556735996304   0.756461801639   -0.34323544846
0.830591601149   -0.500584997818   0.243992319672
0.0127523535067   -0.420927787891   -0.907004506526
0.354764256004   0.619756716967   0.700031381036
0.844386884742   -0.533863886805   0.0447229162822
0.401438801734   0.575231224934   -0.712710268148
-0.944172042356   -0.111777474417   -0.309911198004
-0.32068749042   0.527363038196   0.786795881683
0.0754896544146   0.842255318866   -0.533767074593
-0.257613235698   0.73367033336   0.628779184406
0.763316121608   0.553516345154   -0.333118828862
-0.592438958281   0.394141469014   -0.702615530086
0.642827883285   0.37818198391   0.666146154772
0.760265847036   -0.208681039013   -0.615181327566
-0.093638423211   0.901903881243   -0.421664836922
0.393354386201   -0.310854758444   0.865240802326
0.63689468181   0.77084781802   -0.0126018148252
-0.663051650431   0.556024244622   0.50119811278
0.999667116203   -0.0110013238406   -0.023337258962
0.0125528544443   0.997646149367   0.0674135483264
0.0225406882639   -0.0676840566634   0.997452147146
0.770564181255   0.53273533023   0.349891283819
0.636971854524   -0.662891663452   -0.393499045832
0.0223091710318   0.526087170012   -0.850137983175
0.994654232325   0.0527322225504   0.0887821537398
0.00102904998239   0.854674465765   -0.519163267792
-0.103256472794   0.516479302851   0.850051310541
