0.345970399197   0.920524210499   0.181492803244
-0.0640479437969   0.216158391509   -0.974255296598
-0.93605679349   0.325439241546   0.133742098008
0.731096199472   0.430479904192   0.52932541899
0.0180416891887   0.763355599418   -0.645726510432
-0.68203580885   0.48163812236   0.550319792948
0.896073592654   -0.088834947486   -0.434925819718
0.0467480876064   0.993207671824   -0.106551100114
0.441437122202   0.0751456767589   0.894140030651
-0.44156187809   0.834432174694   0.329766656905
0.886757959924   0.461854996148   0.0187157937519
-0.136687317195   0.300687389592   -0.943876932361
0.727676357026   -0.0777431186607   -0.681500643555
-0.333829357493   0.827806663802   -0.450881456252
0.599203704712   0.55560069746   0.576422402076
0.528592424146   0.807951649578   0.260392371793
0.78322781332   -0.345917518555   -0.516619086488
-0.327328959589   0.477027483513   -0.815659583465
-0.696872339029   -0.68600105743   -0.209216367658
-0.349170770023   0.0697121702359   0.934462404057
-0.62645727121   0.724253243307   -0.288111999089
-0.929395165353   0.292660811119   0.224887277334
0.119115223759   -0.33886935263   0.933262628163
0.349336802156   0.89415726765   0.280083172587
-0.64627039195   0.73408501452   -0.208455683035
0.760310315272   0.642782633791   -0.0935879808181
0.0652901587055   -0.218974147149   -0.973543793504
0.325425003749   -0.925422275234   0.194144750852
-0.943220281057   -0.303241903945   0.135572336635
-0.0665888367969   -0.227239894293   -0.971559556293
0.971507891676   0.236936975363   0.00576941098938
-0.0278414897054   0.138264475322   -0.990003932258
-0.235366241947   0.961636003975   0.140921707282
0.856598229977   0.389199353333   -0.33876737457
0.235792944749   0.288721681303   0.927923202401
0.458956596983   -0.874736329252   0.155548019604
-0.426763246901   0.550216204121   0.717729243284
0.675795931284   -0.333368972225   0.657392572226
0.600976702712   0.765589487571   -0.229564250742
0.647548207119   -0.756202848303   0.0940136769851
-0.576954709886   -0.567130171152   -0.587781107861
0.497799740842   0.326374968765   -0.803538920455
0.12523782286   -0.56390206663   0.816290355371
-0.686255185194   0.544953065735   0.48174679608
-0.716497945436   -0.620516409122   -0.318731981636
0.805198355054   0.237573940977   -0.543336204884
0.0281089929768   0.899920636989   0.435146793174
0.592339002163   -0.365652115629   0.717936652346
-0.107131780269   0.966289628854   0.234109228416
0.749261360912   -0.0763146445842   0.657862815624
0.653551980109   0.245887015326   -0.715827757771
0.676333290687   0.625676562562   0.388718559868
0.583275662435   -0.777197210435   0.236122842393
0.449847508981   0.0670323365914   -0.890586258286
0.270424391635   -0.951202134522   -0.148610724873
-0.962652221127   -0.269257287012   -0.0283057291514
-0.0130900506279   0.15071500398   -0.988490585572
0.472153284381   -0.380449425466   0.795191496083
-0.666172400793   0.436776291834   0.604517004196
-0.577308940865   -0.815159316087   -0.0472195466102
0.459925897336   -0.73769533239   0.49424059532
-0.201487789348   0.455383127588   0.867195986147
-0.864795259143   -0.498429337234   0.0608058917806
-0.573295527321   -0.195822990075   0.795603916949
-0.295894374804   0.954971120669   0.0218329471847
-0.764054157155   -0.222897992772   -0.605423593412
0.709549493968   -0.702478653478   -0.0553467004339
-0.526519109555   -0.476337471393   -0.704187646719
0.468313082364   0.528797083887   -0.707853446919
-0.107797811757   -0.776944805993   -0.620271230223
-0.871327145932   -0.226590364265   0.43525373092
-0.478715610111   0.58737856103   -0.652547154556
-0.0325136355879   -0.840920928057   -0.540180394488
-0.643936722766   0.430968901139   -0.632148166659
0.764387573752   0.327288558145   -0.555512232372
0.849876787471   -0.0111069871156   -0.526864385669
-0.183121930775   0.931250124194   -0.315023117608
0.494141482289   0.364211258743   0.789413930958
-0.0407597323499   0.649269478882   0.759465461051
0.400270933689   0.707050439969   -0.582977576384
-0.915489935707   0.280229939005   -0.288702887187
0.829479519226   0.0199398055079   -0.558181091886
-0.202619298879   0.942027978201   -0.267448514686
0.520489334093   0.334941326865   0.785433103868
0.652401250747   0.697485490237   0.296456739464
0.753465761764   -0.639052757413   -0.154599212323
0.0816207897152   0.324230722651   -0.942450254414
-0.491354851308   0.844762678621   -0.212005719922
0.801408269099   0.533835369518   0.269749113
0.341050135158   -0.0373606016069   -0.939302394676
0.742591259273   -0.641867905976   0.191216670872
-0.586072180708   -0.484584777709   0.649382018094
-0.324156787592   -0.594292182096   -0.736029343712
0.00108378445618   -0.945727255138   -0.324959641718
-0.971769782718   0.0756713447281   -0.223466602851
0.235928589308   0.316028150776   -0.918947157775
0.848395411062   -0.271308385851   -0.454551411976
-0.528995104974   -0.402506841104   -0.74709599156
0.0197333544103   0.87428828281   -0.485005764939
-0.270338280849   0.282706898748   -0.920322781553
0.316965836029   0.928759837771   0.192192149876
0.909092883943   -0.239753984501   -0.340687766378
-0.752675816903   0.608323481247   -0.251836558004
0.619387599053   0.524542239346   -0.584135634901
-0.223244511518   -0.595649208835   -0.771598278363
0.529025652522   0.283095054293   -0.799993155988
-0.403633718609   -0.745304858753   -0.5306604284
-0.74646612823   0.603637191782   -0.280018680161
-0.526545627744   -0.0394506201131   0.84923104007
0.64046139974   0.63849946973   0.426764132414
-0.559069679278   0.768610485126   -0.310932506415
0.0393395275742   -0.72304346347   0.689681479651
-0.119598624502   0.681846769365   0.721651681514
-0.992042621291   -0.110874389951   -0.0596514729741
0.905900405257   0.203479198791   0.371403650236
0.0902341193312   -0.949609555664   0.300165779793
0.413765947678   -0.238407020261   -0.878612447611
-0.18518312542   0.0253855029074   0.982376091102
-0.591939133981   -0.800841565296   -0.0908891963837
0.784420339989   -0.598337998626   0.163329018387
-0.68818328032   0.55655361351   0.465458809686
0.381576811379   0.823282646331   -0.420243771021
-0.617092347418   -0.111596439699   -0.778937306801
0.181544089012   0.112314636104   0.97694788486
0.983323438087   -0.0316497588157   -0.179090237731
0.0108057079566   0.993168525306   -0.116187442309
0.0140974053826   -0.835550467519   0.549232810614
0.0979055757022   0.547801400351   0.830859870505
-0.995095855821   0.0420599857245   0.0895276277293
-0.490775753262   -0.317611789978   -0.811333415279
-0.450963541621   0.889354674982   -0.0753667447064
0.745500532536   0.328893619497   -0.579705048199
0.516365928163   0.293301582602   0.804574674589
0.837665811691   -0.368268293705   -0.403353992927
0.177994981027   0.88224295822   -0.435849906311
-0.039067473296   -0.991437940968   0.124597511449
-0.417238874049   0.129487688318   0.899524685031
-0.907956746013   -0.0168447679758   -0.41872520654
0.0373445126051   -0.413476832957   -0.909748478503
-0.0491845925077   0.908519620858   -0.414937313579
0.998091309145   0.0602412395965   0.0135915329578
0.364709285661   -0.918694006963   0.151619434454
0.327293138123   -0.0259583145748   -0.94456622773
0.871703122095   0.394116072244   0.29121501036
0.688512488699   0.566348160053   0.452990413441
0.661405079127   -0.234150535107   -0.712542524237
-0.297479199895   0.790204586892   -0.535801117272
0.453163653359   -0.880520661572   -0.139018229603
-0.890406013002   -0.439643273543   -0.11785976811
0.042659531474   0.177192430637   -0.983251243651
0.488775110199   0.726805252302   0.482548462301
-0.826793332528   0.562423049747   -0.00964882195578
-0.278409192612   -0.394251746608   0.875816123483
-0.590783546514   0.714423365349   -0.374932063829
0.720496010275   0.258000714089   -0.64367781457
-0.363125731147   -0.650411319732   -0.667161760475
-0.981917738255   0.1728606484   -0.0771799554907
0.132913481832   0.919819234022   0.369143038438
0.134801912605   0.352209841876   -0.926162332319
0.235126222199   -0.710048247468   -0.663737251698
0.159910486276   -0.645316976619   0.746990376006
-0.958720130905   -0.281775569797   -0.0381867763723
0.633027170649   -0.470860086076   -0.614465116377
-0.706630319481   -0.675624364392   -0.210250573886
-0.316149002045   0.567294008051   -0.760412592361
-0.495545079099   -0.116494966024   -0.860734581048
0.836062447503   0.204645331031   -0.509038194852
0.235445704985   -0.971879222349   -0.00401392960428
-0.519713038966   0.852990480438   -0.0480167231847
0.828919397315   0.517059952483   0.213404875601
0.206859851541   0.0711073024088   -0.975783154266
0.130109617285   -0.550929732553   0.824346961309
-0.757210444167   0.481522586706   0.44132566089
-0.640081108981   -0.6816248422   -0.35451902793
0.331355411736   0.342334355718   -0.879210317013
0.910989446175   0.126448793456   0.39256710712
0.245564292199   -0.931030554564   -0.269963493415
-0.887260647823   0.00582296167825   0.461231652196
0.321785684016   -0.708606459701   0.627957689482
0.330488301507   0.705579888698   0.626844879886
-0.368728656999   0.912262585724   0.178370826037
0.913241018586   0.391306085498   -0.113447737531
-0.173291716087   0.121064122959   -0.977401380385
-0.760425574108   -0.6475855596   -0.0488455628624
-0.647513298293   0.761806373799   -0.0194313494709
0.0497943224413   0.0168520564387   -0.998617310778
0.298280586804   0.888532690705   -0.348623506485
0.894447831732   -0.13272022701   0.42702273705
0.333154270624   -0.439198132051   -0.834334005818
0.0956306573495   0.909583468826   -0.404367040263
0.430627027788   -0.404051735806   -0.807033194702
-0.89744924812   -0.0969542554554   -0.430330964939
0.867059539031   -0.420284488144   0.267523279007
0.184822736179   0.770008810821   0.610677482364
-0.462653555025   -0.480049351943   0.745321613628
0.813348721289   -0.575171164249   0.087418464608
-0.570218550868   -0.758336486361   0.315874285331
-0.115389169264   -0.306763576235   -0.944765279266
0.933391987045   -0.352548897422   -0.0669975628605
-0.202102441073   -0.67069998358   0.71366388091
-0.296536678701   -0.652587776878   -0.697276983146
0.474852803723   0.880020030894   0.00891962841199
0.730755210541   -0.388622145311   -0.561221569238
-0.490419857685   0.273015700532   -0.827617538226
-0.933475491381   0.242372741884   -0.264346287905
0.355568947444   0.529175868453   -0.770417824043
-0.0468426040196   -0.81315948865   -0.580152924328
-0.357134552633   0.311878316488   -0.880446959009
-0.907416834293   0.107654294528   0.406208388962
0.221471489738   0.944003433323   0.244556554973
0.540719757319   -0.78500218379   0.302313933037
-0.0234578639634   0.34517201064   0.938246241516
-0.840875657444   -0.514419918497   0.168226851813
0.921916756715   0.310003749925   -0.232308343591
0.311873054489   -0.23822177169   0.919774727963
0.229792709531   -0.92040644682   -0.316302459527
-0.902591399872   -0.401560067499   0.15517176634
-0.430497468673   0.841219708615   -0.3271411489
0.000833273768433   -0.36207584016   -0.932148266978
0.189489759071   -0.644108810254   -0.741092079449
-0.0526230997327   0.747019702315   -0.662715906892
0.98047153913   0.164576439464   0.107657581414
-0.149745042513   0.442963156914   -0.883945735956
0.582146972479   0.762132121806   0.283301132011
0.799175403108   -0.472163393944   -0.371995167699
0.769804290728   -0.516838098106   -0.374539362062
-0.636249370154   -0.668124655203   -0.385741078728
-0.0508732971912   0.535245570916   -0.843163140637
0.303943514752   0.88568724086   -0.350965015882
0.342115555208   0.242349627883   0.907867608808
0.88914300193   -0.396011059966   -0.229346783025
0.636595447993   0.231875145648   -0.73551353015
0.671626601504   0.302049230398   0.676523445077
0.37903026839   -0.924662198004   0.0365496490141
-0.694104154961   0.255568372301   -0.672981588689
0.696287187342   0.475693423792   -0.537494107947
0.182766420274   -0.84166535536   -0.508129762878
-0.809552793165   0.507518211245   0.295041592261
0.371588612036   0.832096119713   -0.411749864651
-0.454473518826   -0.223699157107   -0.862213725622
0.891804736338   0.440151224944   -0.104648035669
0.314266385849   -0.436283694864   0.84314481293
0.325454990612   -0.78480789753   -0.527404600152
-0.397917780052   -0.907618421378   -0.133754418231
-0.816630361529   0.416853950284   -0.399183714562
0.418062550163   -0.0496143781493   -0.90706235816
0.0533243540227   0.499587453619   0.864620661704
0.997525625457   -0.0663767744551   -0.0231678539686
0.0458163618706   0.863716677555   -0.501890785543
0.092772838182   -0.92113298571   0.37803071293
-0.967807057665   0.00579326734698   0.251626575834
-0.233971571812   -0.389204903834   -0.890941546745
0.0574942955256   0.483003048137   -0.873729054727
0.124392534443   0.864890859578   0.486302681811
0.990565950838   -0.136645001563   -0.0103556826093
0.402286714942   0.818218214867   -0.410712012621
0.0308919029965   -0.460489899955   -0.887127248897
-0.914992401488   0.344191833525   -0.210525290719
0.32915043515   -0.722477767084   0.608017982649
-0.386372621409   0.484484023419   0.784851214286
-0.861612551313   -0.493255620555   -0.119677501652
0.783020807901   0.538639312279   0.31104036022
0.573229599077   -0.819021370075   -0.0247350418333
0.241425436024   0.197665593416   -0.950074771913
0.833316014054   -0.539766758341   -0.119315830716
-0.29536160237   -0.252300964121   -0.92146934212
0.467275020427   0.80311647425   -0.369672808435
-0.18654660367   -0.665735343099   -0.722493821511
0.202592387851   0.693529792396   -0.69135582861
0.961330949027   -0.275341624745   0.00549717953694
0.313186563605   -0.283560343249   0.906370627827
0.788692462985   0.609308218813   -0.0819005325208
-0.5290353316   0.74049782588   0.414469050286
-0.553089525913   -0.577103649355   0.600868826443
-0.282380199041   0.808391598637   0.516492444766
-0.783806986368   0.115993104159   -0.610075569083
-0.752268195005   -0.248565300974   -0.610170349598
-0.18141403606   0.968450909991   -0.170856028532
0.633388910462   -0.0178360902993   -0.773628052489
0.00117448518639   -0.869494134423   0.493941868093
-0.700018062217   0.352021450262   0.621333734801
-0.714124170871   -0.346497976379   -0.608248155076
0.972096125357   -0.213168409523   -0.0979201320694
0.0248436221733   -0.321522564027   0.946575953667
-0.233263622368   -0.922595507688   -0.307254963293
0.954223977331   0.0575303644737   -0.293507850431
-0.298745506009   0.230619164122   -0.926048553814
0.0144126243524   0.97134188551   0.237249273874
-0.597534477782   -0.774128156227   -0.208993494655
-0.0957899679348   0.327690252874   -0.939916718181
0.79610110232   -0.54161310251   -0.269959977701
-0.947400617268   -0.145154211209   0.285240818118
-0.210927119882   0.953482145146   -0.215363759629
-0.240711070478   -0.264200783177   -0.933946532559
-0.797255242133   0.528664748738   -0.291372056147
-0.258050888456   0.13787560358   0.956242679988
0.545704893352   0.837558300959   0.0265003544011
0.684687866249   -0.614686859874   0.391615360781
-0.488843908228   -0.78584187591   -0.378793061396
0.540586866183   0.0679162298115   -0.838542324431
-0.236547723166   -0.918353553023   -0.317288416557
-0.95070711261   0.151379682661   0.270629241969
-0.200502303389   0.365665082044   -0.908893774941
0.506516335464   -0.0657689527648   -0.859718353143
0.143987652136   0.989537344376   0.00913236645413
0.850122789902   -0.128414519961   0.510686746571
-0.641429676603   -0.0778175990455   -0.763224875018
0.308706435379   0.884566202611   -0.349632603165
0.702330495795   -0.45987720287   -0.543364207867
0.724131698371   0.66444432417   -0.184789131084
0.670265438567   -0.741131676257   -0.0383154928679
-0.162411590569   -0.096112305192   -0.982031005754
0.946964829921   -0.237565240835   0.216380144755
-0.181884845039   -0.951391604521   -0.248539555877
0.264906613437   0.196001949065   -0.944143905869
0.647907621524   -0.670913744823   -0.360680550265
-0.747548444404   -0.469144303121   -0.470186068785
0.14624307027   0.574263322019   -0.805502695822
0.999540634596   -0.0025603211014   0.0301987507411
-0.0107849304095   0.901151848722   0.433369393027
-0.028323224861   -0.433496009546   0.900710277854
0.979663409902   -0.197232023054   0.0368664126497
0.0437216297579   0.38915827618   0.920132737801
-0.19582651095   -0.899808515832   0.389867429323
-0.910043623631   0.350376048832   -0.221488645702
0.414301698041   0.785881900376   -0.459068340056
0.0132173662646   -0.509535339546   -0.860348203843
-0.821136924734   -0.484736922754   0.301271067002
-0.0212665773662   -0.501514963374   -0.86488754491
0.570334877752   -0.716598107988   0.401503767499
0.454821497938   -0.28629313172   0.843311124996
0.780988572173   0.583305690045   -0.223184512295
-0.42801198692   0.760125462751   0.48889162947
0.840610609697   -0.540760420402   -0.0308540510176
-0.389138838407   -0.642575675982   0.660051122553
-0.376755582813   -0.542839467677   -0.750586812917
0.933227822935   -0.346920616056   0.0934447243332
0.0494615077287   -0.133555955468   -0.989806225216
0.355864285372   0.928336625572   -0.107478916725
0.607742286222   -0.773676105971   -0.179093818226
-0.782967357428   -0.621446908262   0.0276740647322
-0.132708062605   0.123405914384   -0.983442700957
-0.161192815304   -0.544445303386   0.823162310466
-0.807696560944   0.552073492841   0.206980976186
-0.56713591245   -0.63150152073   -0.528736879783
0.816079639978   0.543786683823   -0.195729569385
0.42815837249   -0.796332544722   -0.427241023726
-0.388193804564   0.264859447225   -0.882697598092
-0.697802749549   0.699987051   0.151952195654
0.540878810246   0.654002862991   -0.528895425977
-0.469597118771   -0.2868769552   -0.834973160486
0.827817015397   0.424628215848   0.36661950989
0.498219221057   -0.85686341927   -0.132524200657
0.257869336092   0.292362675961   -0.920884056562
-0.212255513092   0.675666710411   0.705990141617
0.871285986535   0.45799046228   -0.176367400823
-0.44250233139   0.57768436611   -0.685909936529
-0.384444610843   -0.414426761809   -0.824895629816
-0.366771797005   0.888585371516   -0.275489539609
0.847160427495   0.196637983637   -0.493611905509
0.352517094318   -0.130906551249   0.926604112399
0.392986121852   0.919334896242   -0.0196279796956
-0.849290064881   0.371061752806   0.375525723583
0.999999896859   0.000307224404136   -0.000334507676825
-0.000306999481484   0.99999972692   0.00067224292609
0.000334714114911   -0.000672140163071   0.999999718097
0.727641863022   0.588576479561   0.352299655267
0.347297394663   -0.759000522311   0.550729269414
0.591541916566   -0.278380919311   -0.75669163211
0.881724092354   -0.134054973579   -0.452318349194
0.214369635412   0.967926277291   0.131012904489
0.420247884435   -0.212480553905   0.882181234122
