-0.511105492277   -0.787130050406   -0.34524985085
-0.0763189618716   0.441652250005   -0.893934396991
0.856123000406   -0.430545669834   -0.285803838959
-0.161151461958   -0.855249029927   0.492523403625
0.703275765846   0.250608290778   0.665280904406
-0.692411296473   0.453590764239   0.561090024073
0.788780852491   0.209886659147   -0.577730349779
0.262714620319   0.734607388755   0.625566153702
0.555702973731   -0.645212813496   0.52430394838
0.951456609226   -0.165589445891   0.259442587427
0.0583552625871   0.924704478169   0.376186511432
-0.302200238401   -0.342785302288   0.889479202931
-0.606642819946   0.743930873858   -0.280270126715
0.331303270052   -0.0838942402523   -0.939787156597
-0.722649729994   -0.662969540306   -0.195572892718
0.57369811332   -0.705160513358   0.41667628343
0.540545960574   0.708165988833   0.454214703381
-0.61537024569   -0.0353494364965   0.787445158763
0.230942779279   -0.949669586528   -0.21164382609
-0.803901622884   -0.063708193944   -0.591340381463
0.548094529642   0.306706606462   -0.778153869186
0.94664103268   -0.20005296304   0.25268471902
-0.114080386441   -0.941261957229   -0.317823210769
0.301423988223   0.272038122059   -0.913859310545
-0.995891880095   0.0710949037288   0.0560792102763
-0.0858347885805   -0.543946598662   -0.834718208064
-0.0288401149575   -0.836102632736   0.547814416844
-0.986616126461   0.0555180247874   -0.153317865658
0.0472191351897   0.997242472333   0.057252114779
0.156073611729   0.0492463226895   -0.986517018314
-0.88344309566   -0.236115326696   -0.404694760567
-0.466762762883   0.368387746561   0.804004347855
-0.0407531583686   0.899188534559   -0.435659453472
0.889040036072   0.0247125896623   -0.457162008672
-0.452288018346   0.202297295687   -0.868626129367
0.0710166369402   0.979012304351   0.191027603261
0.20976526196   0.666523310942   0.715363691311
-0.357736400305   0.733230337468   -0.578271510722
-0.909957802742   -0.134610356908   0.392245903792
-0.459849883386   0.788361701533   0.408685591018
0.852539762824   0.263199239279   0.451555216166
0.248423101893   0.556068330332   -0.793141837535
-0.833931168453   0.539938442885   0.114128367102
-0.514911066595   -0.835670833438   0.191104295185
0.198558303226   0.100601868946   0.974912234093
-0.00451272062117   0.572052379324   -0.820204676079
0.500459748024   0.711397024603   0.493410897725
0.865748044156   -0.408252799986   -0.289499525636
0.723055715642   -0.687796930513   0.0642325031041
0.682002969787   0.69598223984   -0.22467904003
0.109828872702   0.206262221953   0.972313485722
-0.188179137985   -0.926997494493   0.324444536447
-0.964744441166   0.236359862719   0.115767778482
-0.184002106691   -0.291220982243   -0.938793675008
0.0873578268816   0.926478694632   0.366068079018
0.867167446473   -0.251585653737   0.429796787577
0.490295043683   0.279896207954   -0.825390139821
0.933462575431   0.0155734250995   -0.358336557863
-0.0313586022197   -0.99168776584   -0.124787872608
-0.357301355073   0.127721742526   -0.925215055081
0.819101413161   0.143683937226   0.555362765353
-0.560154756603   -0.00841131696405   0.828345277286
0.123691243072   -0.989587881863   0.0735955192725
0.191674557129   -0.677788182805   -0.709833813931
0.980263866823   0.0965335999326   0.172522507186
-0.048410903226   -0.728892614405   0.682914299978
-0.487140011299   0.375746178021   -0.788358686826
-0.841625599265   0.0390159876974   0.538650260713
0.233154369579   0.925900946326   0.29723135356
-0.270802759233   0.877582446005   0.395619660855
-0.173099863619   -0.448669829957   0.876773528855
0.946943664009   0.168950981498   0.273410429655
0.15440337594   0.759604640558   -0.631791411417
0.63203008333   -0.567442258908   -0.527775763532
-0.759406064806   -0.317820818776   -0.567707984696
-0.179950909317   0.443676090849   -0.877934619801
-0.919233680488   -0.393572842498   -0.010481331226
-0.350181539907   0.805140946703   0.478665796825
0.939280567134   0.171416982507   0.297267950363
0.0212336296007   0.835597255303   -0.548932017561
-0.342492553465   0.521913254323   0.781220459143
-0.0687153424036   -0.855852331298   -0.512635336989
-0.0221961419122   0.515034277245   -0.856882153243
0.997389358777   -0.0475024238706   -0.0543873765119
0.922683470547   -0.117667810619   0.367164131586
-0.094864378485   0.853733233394   0.511996402226
-0.37370571694   -0.507241414459   0.776563058988
-0.960496140381   -0.252038479968   -0.117999020878
0.238383762843   -0.963919373859   0.118459369874
-0.143597861842   0.0856507169473   0.985922719467
0.198422930379   -0.13763681178   0.970404270777
0.251965512745   -0.949651398301   -0.186213861171
0.947175654822   0.281457509667   -0.153752883436
-0.33537616784   -0.243821164854   0.909985750226
0.850731327023   -0.493320987985   0.181357690865
0.404696225912   0.834976432232   0.372874405598
0.628429860755   0.503085764154   -0.593279549636
0.185944798096   -0.837746185845   -0.513425613077
-0.755314796738   0.212334740463   -0.620010899759
-0.338050652488   0.0935263324852   0.93646921011
0.805956826203   0.542570522326   0.236750549312
-0.48595817788   0.834787430089   -0.258794505189
0.754910624004   -0.284552181909   -0.590880703304
0.491521033258   -0.350997375186   0.796999320249
-0.434185471464   -0.892093548   -0.125108265058
-0.993155505741   -0.0477338118035   0.106600303131
-0.0894513994243   -0.276016938701   -0.956981241557
0.0751038518189   -0.959966735237   0.269857886083
0.735711094752   0.611149512535   0.291933996628
0.259776972439   -0.652687706208   0.711698449314
0.625495890993   -0.447766715482   -0.638952156939
-0.504658503348   0.393045752567   0.768657811635
-0.852729093654   -0.0879109673009   -0.514902665233
-0.134806853811   -0.915306887452   0.379526565537
0.37767360055   0.873492446275   -0.307202860903
-0.441615678366   -0.121684405987   -0.888914224186
-0.81384165786   0.471385035443   0.33979097147
0.727501030139   0.66406276109   0.172519275677
0.571834171342   -0.725802395544   0.38238274426
0.379141044511   -0.179531423308   -0.907755769143
0.609198111236   -0.789046235965   0.0792697847602
-0.743662537115   -0.533708087124   0.402643401325
-0.27539733506   -0.30423956884   -0.911918084366
0.476734904058   -0.843709144412   0.246736115895
-0.805062908611   -0.306348859719   0.507960716323
-0.352983773608   -0.440800698484   -0.825286132069
0.641186824797   -0.696451261849   -0.322234535045
0.0332183981676   -0.394329001467   0.91836875852
-0.766665503156   -0.599550063357   -0.229703565055
-0.174338649899   -0.573453735443   -0.80047289052
0.343398200082   0.726479409922   -0.595235535851
0.922867114666   -0.378653509511   0.0702695410768
0.891456962166   0.444168023956   0.0895502713594
0.323383187586   -0.485252853504   -0.812374902464
-0.317376430429   0.753156314892   -0.576218506078
-0.236547087634   0.79663091801   0.556259521988
0.630163306278   0.561553689679   -0.536238436731
-0.739553705117   0.223688699038   -0.634841463021
0.117966052941   -0.044671041454   0.992012352952
0.878244565793   -0.461526170202   -0.125220113697
0.46343337494   0.886001180741   -0.0152123212226
0.0398721855356   -0.701138917177   -0.711909002359
0.969263788471   0.200246123953   -0.142930746167
0.242771326929   -0.684328655444   0.687572813715
0.131246262271   -0.513471456013   -0.848010308015
0.988435885639   0.00224123208576   0.151622811147
-0.0759533976929   -0.858103747072   0.507827766709
-0.384104423062   0.327514701605   0.863248465053
0.535525248529   0.840658392804   -0.0806608628558
-0.752114685651   0.431309154598   -0.498292998934
-0.102784277775   -0.99464524073   -0.0107813420306
-0.956375889278   0.0958382542996   0.275971352537
-0.273460327379   0.0386765317293   -0.96110539237
0.476278718264   0.140398573362   -0.868013146863
-0.234364277448   0.971728690959   0.0285786042815
0.847485674206   0.189819892963   0.495718105632
-0.788415533585   -0.34126218938   -0.511801782433
-0.474470886709   -0.192163721515   0.85904044247
-0.391507757354   0.920115874351   -0.0104141105612
-0.703956413932   -0.135735942789   -0.697152150624
-0.327779195316   -0.80869921633   0.488432571216
-0.630084253415   0.572347212225   0.524797582174
0.0737050224851   -0.301116062257   -0.950734814084
0.66691512663   -0.693918638972   0.27147953212
-0.741479455907   -0.654068833945   0.149673567902
-0.898269709355   0.42120356725   0.125295986336
-0.439427485706   -0.858435688719   -0.264559356553
-0.00387479840596   -0.292704156562   0.956195201132
0.482000312256   -0.871470571873   0.0906352102958
-0.546738783969   -0.218325631858   0.808338184535
-0.684654950387   -0.439173042016   -0.58169978346
-0.597158462461   -0.168847156249   -0.784150756256
-0.447153579049   -0.741526365406   0.500192289177
-0.665924505822   0.649329875514   0.367308134011
-0.341214618032   -0.897292500894   -0.280069191951
0.93917350723   -0.33781684341   -0.0619104484387
-0.0390603092503   -0.284158315288   0.957981390265
0.642336234449   0.365449452082   -0.673684540335
-0.540910058396   -0.406566764096   -0.736287834381
-0.542973729235   0.837347099061   -0.0634772798352
0.756575159306   -0.573359094994   0.314409568094
-0.503115416775   -0.817535470541   -0.280197487159
0.417694751851   0.0538061575943   -0.906992828903
-0.689340578688   -0.372785837182   -0.62116043513
-0.628973662381   -0.117456849144   0.768502453229
-0.359446377927   0.920453479642   -0.153504700937
-0.897258984415   0.185061569767   0.400847265529
0.10348659607   -0.794463533252   0.59842979435
0.429204892004   0.578428828576   0.693688151082
0.57435775862   0.150328005931   0.804682953557
-0.376016993346   -0.824706299354   0.422457974857
0.727134365732   -0.545216480343   -0.417150576811
-0.443233709016   -0.470335477205   0.763104460788
0.415693745179   -0.862070310088   -0.289885306084
0.794193042913   0.188730811863   0.577614136983
0.792361423618   0.129638800664   0.59611840747
0.181948397714   0.882467598671   -0.433757671822
-0.582287003918   0.452155635437   0.675645710717
-0.637737159311   0.51821745445   -0.569861373965
-0.0351215418206   -0.758630172988   -0.650574160209
-0.769452917945   -0.394880906775   0.502007247488
-0.588622983833   -0.374418721812   0.716473030658
-0.52784949548   0.849277128313   0.0101621575298
-0.612289060024   -0.37220824827   -0.697540770775
0.58017370001   0.508432534042   -0.636313473176
0.0540428434199   -0.803547406609   -0.592782368502
-0.812697882914   0.309528550638   -0.493674211852
0.922640689163   0.371482355312   0.103609933854
0.353804049234   -0.922227820501   0.155944034317
0.153482420646   -0.107222697155   -0.982316873401
0.686695139952   0.726474277903   -0.0261707529843
0.301214593027   -0.251587116258   0.919768281623
0.661603773957   -0.639483421582   -0.391588303973
0.226095204325   -0.17568267138   -0.958131805942
0.791193169835   0.606897846004   0.0754213001864
0.568237913718   -0.775119734939   0.276215622151
-0.295285946633   0.25659395305   -0.920307423082
-0.294322467138   0.891983601704   0.343131956585
0.908944715073   0.372189195907   -0.187868856896
-0.172167974787   0.0861889998652   -0.981289786332
0.00879407407562   -0.995990734827   -0.0890231453035
-0.985028351226   -0.0239564697068   0.170719755273
0.565123519052   -0.821722425311   -0.0735368204076
0.327761602805   0.141822041339   0.93405505208
-0.757104840786   -0.551959024142   0.349476030261
0.19430448981   0.887865010813   -0.417062930281
0.350027834949   0.334422618687   0.875009729587
0.916365800322   -0.31600195361   -0.245797651156
-0.469705924785   -0.616339914473   0.632061273967
0.164202136854   -0.764454310392   -0.623415804721
0.867418009079   -0.189036285274   0.460273049804
0.178708198125   0.471780620619   -0.863415558078
0.800460571415   0.44056347652   0.406407057969
0.57212433398   -0.763758384023   -0.298909480115
0.244955703917   0.535631843765   -0.808143075862
0.355608595369   0.725808961073   0.588849623355
0.901964095748   -0.431624698055   -0.0126842426271
0.276276041053   0.250202254543   -0.927938780826
0.774068169149   -0.630200918116   0.0605414925112
-0.569640253713   -0.735014037027   -0.367783015816
0.950252463197   0.299915354755   -0.084089453388
0.245992183691   -0.8882028464   -0.388050962131
-0.191070933822   0.348061034346   -0.917793775648
0.745383103753   0.576204169627   0.335250329672
-0.022858697296   -0.480510910674   0.876690791945
0.666244331006   -0.661133889336   -0.344993437291
0.608630913887   0.017986124171   0.793249588716
0.344700108859   -0.906467717928   -0.243922346879
0.714667926811   0.421891900482   -0.557904094532
-0.746793292133   0.528555053611   -0.403645059585
-0.198815276271   0.40175023774   0.893906724663
0.634643415428   0.747814349808   -0.194939563649
-0.769225050546   -0.430255565004   -0.472411865215
0.390030611254   -0.901775091126   0.186219782271
-0.506131350439   -0.0410101671235   0.861480831067
0.0349709036378   -0.977991701657   -0.205692166572
0.916675432968   -0.0505963707344   0.396416646801
-0.398099468087   -0.202416004206   0.89473156575
-0.632218928606   0.559801285956   0.535650769209
-0.636804973989   0.0183685086455   -0.770806086505
-0.441337344234   -0.828423272326   0.344871324486
0.992753198156   -0.119897265933   0.00810759964617
-0.00824813633948   -0.135292008181   -0.990771437199
0.119887679922   0.983524640334   -0.135300502803
-0.469981142853   -0.882060791421   0.032961881028
-0.85767656043   0.447526787497   -0.253200892894
0.208587255248   -0.147270277759   -0.966852016721
0.104321679424   -0.984776253163   -0.139042146157
-0.0422295566755   0.135292763996   -0.989905314943
0.993646643302   0.109140273117   -0.0274726962417
0.357055505562   -0.319904979409   0.877594536274
-0.848861569538   0.280944947582   0.447776699025
-0.389801746673   -0.904837411128   -0.17124210263
0.409481018763   0.237326623562   -0.880909398872
0.444029140492   0.791647832534   0.419680630525
0.796971403293   -0.563000695375   0.218784824292
-0.448373369591   0.206994539113   0.869548493311
-0.883433285274   -0.250682706109   -0.395858322291
0.136040258419   -0.945680411997   0.295265315359
-0.777346473878   0.620282620925   0.104794702765
-0.613491480723   -0.784346476316   0.0918085408378
0.139142598184   0.00707638812099   0.990247071241
-0.59760583712   -0.747321930667   -0.290477529914
0.760762454147   -0.642911876672   0.0889089826357
-0.253195086445   -0.167851871536   0.952742356265
0.032795217186   -0.730839287164   0.681761255915
0.847890664744   -0.340802214664   -0.406122236673
0.529155831839   0.59137787143   0.608495126367
0.991460793327   0.120173285595   0.0506347383124
-0.0771168113586   0.227192878845   0.97079163223
0.105159368107   -0.966406631409   0.234520212494
-0.75670265753   0.11881258444   -0.642872194037
0.00931745630742   0.985207169189   0.171114051987
0.653692797187   0.1234925243   -0.746615914207
0.728376436369   -0.569767816837   -0.380568524499
-0.394771651515   -0.802948871988   0.446574128374
-0.560020633641   -0.175036407269   -0.809777219998
0.071751716389   0.917679758783   -0.390788371776
0.8751243565   0.130058277675   0.466092485531
0.478548902261   -0.375431358211   -0.793752003724
-0.391604974108   0.848913984334   -0.354951533953
0.913043956153   0.406304946041   -0.0355952940105
0.114001220988   -0.338025646992   -0.934206820564
-0.967412583867   0.244563907238   -0.0655849666709
0.16356400213   0.4058715524   -0.899174677223
-0.193286600114   -0.880600237468   -0.432647098669
0.585431842089   0.741358248298   -0.328112032617
-0.806647110015   0.49212834707   -0.327307393615
-0.0811788037199   0.456286793245   0.886122093245
-0.652058839812   0.186992644027   -0.734746909148
-0.369585366742   0.767769674968   0.523389322483
0.661986348887   0.612832340269   -0.431521258582
-0.796665730925   0.471797923613   -0.377796813703
0.431590995657   0.00645090419225   -0.902046339333
-0.423146458851   -0.881683109235   -0.208762949904
-0.97285244567   -0.143492432273   0.18157103523
0.194807893353   -0.0842180166121   0.977219120958
-0.124931996068   0.986061482646   0.109885161874
-0.5846628509   0.510047369698   0.630889080141
0.679020647734   0.733211376468   0.0364970871247
-0.44395980756   0.449725202854   -0.775014149025
0.932300888018   0.36134493257   -0.0156490864385
-0.354886237867   0.90557382112   -0.232361383786
-0.069791205553   0.222184369858   0.972503621288
0.997750583104   -0.0564166469103   -0.036206848335
-0.0116560777796   0.385880150704   -0.922475281589
0.0660144663369   0.920822279946   0.384354548549
-0.850849451247   -0.403725458105   0.336245395195
-0.515926034187   0.520949778567   -0.680023275675
0.0993757443227   -0.7520751842   -0.651542307721
-0.339742976666   -0.789312776116   0.511429419633
-0.423867409186   -0.35692315644   -0.832431546631
0.83958985775   -0.499591034604   -0.21330182584
0.433008758213   0.281226611168   -0.856396525262
0.358162504891   0.818184156052   0.449771394018
0.827177753207   -0.501484077471   0.253556077904
0.172451138038   -0.396224434812   0.901813063915
-0.954187683674   -0.294460880613   0.0530909984253
0.244512718104   -0.869654521662   -0.428852589637
0.0475798265496   -0.585025914096   -0.809617712221
0.997683521917   0.0672856044765   0.0100118692286
0.0486184142144   -0.808218613536   0.586872151778
-0.996374936572   0.0286316412527   -0.0801075208162
0.0796061535454   -0.018243470972   -0.996659438366
-0.0299974347211   -0.999423536288   0.0158980824028
-0.594575649284   -0.128001141009   0.793785553647
0.330173448505   0.861298312412   0.386200350775
-0.73312024333   0.491712237937   -0.46984442519
-0.825901798618   0.557062113079   0.0869943745949
-0.00984169155539   -0.168516661496   0.985649671996
0.563728090614   0.813193665107   0.144660647321
-0.938449789271   -0.0229450622358   0.344652748626
0.247359924451   0.651790830158   0.716925227271
-0.241091395102   0.758051606317   -0.60599727835
-0.585736433882   0.175249001956   -0.791328387799
0.528107500929   -0.65811157371   -0.536648510677
-0.614829486513   -0.732241042187   0.292929613818
0.293381878382   -0.112192489185   0.949389234617
0.738671319498   -0.603814846289   -0.29962028161
0.606870459973   0.789189759672   -0.094274959775
-0.23547521741   -0.820915749322   -0.520239132035
-0.224680518929   0.566772216748   -0.792646149764
0.945552794084   -0.069760926292   -0.317904587516
0.952390140554   -0.133221388251   0.274235449728
-0.206486776422   0.379931062313   0.901673776403
-0.224312797981   -0.915371208637   0.334334142827
0.998811867692   -0.0171762566372   0.0456051440581
0.0198756267855   0.998035654192   -0.0594120561995
-0.0444950830599   0.0602478976389   0.997191244653
0.892150130263   -0.396221360114   -0.216971838864
-0.231696036755   -0.813662595062   0.533169886574
-0.387795167096   -0.425396068608   -0.817712108991
0.848432518905   -0.529031506371   0.0169683862315
0.528759313907   0.848577895423   0.0181423084395
-0.0239968502399   -0.00642033218617   0.999691417645
