-0.511014265254   -0.787382346648   -0.344809310916
-0.0764619365498   0.441189278993   -0.894150766012
0.856164699673   -0.430559009067   -0.285658794272
-0.161425482583   -0.855234282392   0.492459273234
0.703170616416   0.250454562466   0.665449920241
-0.692454256815   0.45370346523   0.560945868918
0.788884812528   0.209761616229   -0.57763380867
0.262842423288   0.734463600957   0.625681292184
0.555494926243   -0.645417138931   0.524272928627
0.951484718329   -0.165325201936   0.25950801219
0.0579943772721   0.924631876801   0.376420701621
-0.302181208865   -0.343108539691   0.88936103299
-0.606642020054   0.744111195125   -0.279792760439
0.330390450143   -0.0841284917004   -0.940087521106
-0.723068191777   -0.662737448899   -0.194811354564
0.573340657365   -0.705602454735   0.416420060137
0.540743674812   0.707717670259   0.454677883071
-0.615529665218   -0.0355088027857   0.787313378625
0.231020293264   -0.949702143662   -0.211413013846
-0.803629888984   -0.063768491355   -0.591703119006
0.548460231586   0.306593244925   -0.777940843853
0.946632231576   -0.199970701995   0.252782785184
-0.11392117962   -0.94123171204   -0.317969855622
0.301511828915   0.272203200925   -0.913781174259
-0.995896082339   0.0711373856626   0.055950563387
-0.0857549856111   -0.544082225458   -0.834638013982
-0.028932259246   -0.836010768053   0.547949742288
-0.986621764771   0.0550515032081   -0.153449748368
0.0467885034416   0.997279977325   0.0569515827002
0.156167631811   0.0490099869505   -0.986513908647
-0.883280137307   -0.236484387837   -0.40483494581
-0.467045796679   0.368227274263   0.803913489309
-0.0410417207714   0.899157277009   -0.43569687669
0.889004952723   0.0244740608806   -0.457243058315
-0.45231319398   0.202414792591   -0.868585647067
0.0712949408063   0.978994010239   0.191017693765
0.210049083917   0.66619717147   0.715584174693
-0.357503347085   0.733562223661   -0.577994654682
-0.909983922478   -0.134416489849   0.392251791695
-0.460190108904   0.788119646046   0.408769479271
0.852313586363   0.263267146542   0.451942430021
0.24856913358   0.556379216963   -0.792878018842
-0.833762502302   0.540313807995   0.11358291529
-0.51540463258   -0.835435136518   0.190804081157
0.197985238012   0.100544127432   0.975034729622
-0.00448318068204   0.57160703802   -0.820515262001
0.500274717323   0.711743667948   0.493098528028
0.865855131242   -0.408272390962   -0.289151424828
0.722733843651   -0.688074820885   0.0648755123728
0.682383891081   0.695557232266   -0.224838523914
0.109581095242   0.206768415158   0.972233925585
-0.187625285112   -0.927124136186   0.324403434766
-0.964792034474   0.235926158669   0.116254797195
-0.18431788465   -0.291169510349   -0.938747694347
0.0868415395998   0.926573160723   0.365951806701
0.867106418346   -0.251163293718   0.430166780623
0.490494654673   0.279962814882   -0.825248941848
0.933642675658   0.0160577254065   -0.357845642204
-0.0308978972195   -0.991661163905   -0.125113772024
-0.356870668642   0.127868234748   -0.925361032466
0.819195174086   0.143825347345   0.555187838677
-0.560008958246   -0.00824770532063   0.828445497327
0.1237304871   -0.989568716572   0.0737870025401
0.191284665223   -0.678020926261   -0.709716704329
0.980337186098   0.0962685057483   0.172253813761
-0.048468323728   -0.728711189947   0.683103815859
-0.486763411024   0.376089908589   -0.788427398272
-0.841663677059   0.0396503636414   0.538544430277
0.233802558601   0.925734426993   0.297240869114
-0.270379257021   0.877784824843   0.395460312354
-0.173148340338   -0.448397164132   0.87690343564
0.947055811244   0.168623202654   0.273224277684
0.154172920761   0.759780383637   -0.631636350398
0.632003742541   -0.56722582599   -0.528039895978
-0.759474805322   -0.317787084335   -0.567634908292
-0.179254149818   0.443852241041   -0.877988119451
-0.919333024871   -0.39332256187   -0.011142338431
-0.350278088317   0.805166163253   0.478552724784
0.939196598517   0.170998944193   0.29777358919
0.0218339011295   0.835689940792   -0.548767349266
-0.342685030451   0.521901986913   0.781143575766
-0.0685454500473   -0.856059424836   -0.512312192347
-0.0221696936235   0.514700222444   -0.857083534844
0.997401637237   -0.0473913722801   -0.054258933559
0.922684788258   -0.118014958465   0.367049385092
-0.0945249737343   0.853707144736   0.512102665846
-0.373788457363   -0.507204673288   0.776547235226
-0.96051424104   -0.251745247265   -0.118476678037
0.237990961411   -0.963968523353   0.118848593894
-0.144127357036   0.0859593884519   0.985818588023
0.198203022212   -0.137303487622   0.970496426718
0.252176497506   -0.949665118023   -0.185857950373
0.947165548408   0.281573997198   -0.153601783878
-0.335469055235   -0.243795284625   0.909958445301
0.850848662816   -0.493035376676   0.181583783226
0.404372434723   0.835152666607   0.372831003935
0.628283556744   0.503359532822   -0.593202286782
0.185986368305   -0.83755648201   -0.5137199726
-0.755426265846   0.212434272567   -0.619840976952
-0.338311383921   0.0935811306813   0.936369574201
0.805817018341   0.542711257218   0.236903829097
-0.486008580645   0.834689800626   -0.259014664197
0.754697317988   -0.284896341546   -0.590987337255
0.491414427712   -0.351342757359   0.79691287296
-0.434676682672   -0.891847712015   -0.125155264035
-0.993174392443   -0.0469310136975   0.106780645012
-0.0898488589792   -0.275936625627   -0.956967168286
0.0743761301499   -0.960029405066   0.269836492479
0.735475224431   0.611279031591   0.292256975599
0.260005839295   -0.652946911211   0.711377041148
0.625678158306   -0.447211668762   -0.639162393717
-0.504722140647   0.393062072889   0.768607681198
-0.852663306389   -0.0877648115906   -0.51503652665
-0.134984616451   -0.915313905009   0.379446450265
0.377594627787   0.873491623286   -0.307302263439
-0.441399120887   -0.121944518141   -0.888986136324
-0.813995769735   0.471319338182   0.339512839683
0.727531152633   0.664029609518   0.172519852863
0.571655246424   -0.725759490864   0.382731551686
0.379353003395   -0.179827247946   -0.907608648985
0.609108142619   -0.789168756928   0.0787397211275
-0.743633104428   -0.533794131459   0.402583694677
-0.275675672837   -0.303770469777   -0.911990364586
0.476893777699   -0.843726301697   0.246370153665
-0.80490574673   -0.306596648589   0.508060266067
-0.353127545901   -0.440595532091   -0.825334182878
0.641107946952   -0.696399864823   -0.32250244748
0.0333651946781   -0.394536328351   0.918274386769
-0.766725090329   -0.599473363784   -0.229704858403
-0.174553101326   -0.5736584613   -0.800279441568
0.343251350701   0.726321920872   -0.595512365533
0.922881208531   -0.378645529538   0.0701272978327
0.891424226931   0.444191454457   0.0897596759536
0.323536066307   -0.485124001926   -0.812390987489
-0.317312561111   0.753225500459   -0.576163244245
-0.236616807409   0.796563360327   0.556326612195
0.630213540143   0.561623935844   -0.536105818386
-0.73948859374   0.223752916567   -0.634894677924
0.117882216627   -0.044282395816   0.992039743369
0.878212694269   -0.461656311532   -0.124963649307
0.463515098598   0.885952887824   -0.0155317071851
0.0394161672548   -0.701466400847   -0.711611729978
0.969253733979   0.199950121318   -0.143412510446
0.242885909279   -0.684079554926   0.687780195706
0.130914022602   -0.513602023202   -0.847982594426
0.988516968194   0.00251140160475   0.151089034861
-0.07547000914   -0.858024856648   0.50803309252
-0.384111329925   0.327223500321   0.863355817181
0.535677873187   0.840598339166   -0.0802723387567
-0.752002461699   0.431647093155   -0.498169734699
-0.10249258639   -0.994672285785   -0.0110595490638
-0.956282252711   0.0954633021302   0.276425416878
-0.273896920182   0.0389076064124   -0.960971734901
0.476365708002   0.139663341135   -0.868084018619
-0.234332757565   0.97176024678   0.0277521442219
0.847445497345   0.190200352051   0.495640953825
-0.788010655018   -0.341201615235   -0.512465282083
-0.475574728475   -0.191265996256   0.858630302465
-0.390983228815   0.920325364443   -0.0115472225278
-0.70390481345   -0.135599406852   -0.697230818642
-0.327897841704   -0.808719917024   0.488318647211
-0.630080168715   0.572350326872   0.524799089483
0.0738907893142   -0.300660696086   -0.950864499855
0.666861031486   -0.69404955705   0.271277675168
-0.741509619587   -0.654139402718   0.149215032326
-0.89819160689   0.421347555138   0.125371747578
-0.439587032792   -0.858337291713   -0.264613556448
-0.00388302879256   -0.292785469985   0.956170272835
0.482007657631   -0.87147749563   0.0905295122974
-0.546830107973   -0.218488032344   0.808232523929
-0.684576840829   -0.439078528664   -0.581863037722
-0.597158034772   -0.168510758813   -0.784223441165
-0.447403708294   -0.741497213715   0.500011803719
-0.665756865013   0.649450541779   0.36739868055
-0.341264881057   -0.897356011183   -0.279804342622
0.939170208792   -0.337773612691   -0.0621957031283
-0.0386988355822   -0.284009112112   0.958040304143
0.642302833457   0.36562349085   -0.673621951151
-0.540812781942   -0.406582815193   -0.736350425598
-0.543110122371   0.837263326157   -0.0634154370039
0.756485722613   -0.573173556688   0.314962577771
-0.502833586873   -0.817674708755   -0.280297082707
0.418195809872   0.0536669784469   -0.906770158326
-0.689213701487   -0.373234673646   -0.62103168363
-0.62907351855   -0.117047770661   0.76848313426
-0.359514925897   0.920323691845   -0.154121122127
-0.897308289591   0.184994872139   0.400767676732
0.10346973527   -0.794486621643   0.598402057077
0.429105869587   0.57841845174   0.693758061123
0.574439416868   0.150482253892   0.804595828731
-0.375865499657   -0.824706738539   0.422591909028
0.727148184702   -0.545173262983   -0.417182970424
-0.44330028942   -0.470402035959   0.763024755801
0.415859232328   -0.862011699818   -0.289822235628
0.794069236457   0.188832608261   0.577751065572
0.792049351539   0.129510342388   0.596560890389
0.182221426055   0.882525227409   -0.433525748801
-0.582626103615   0.452079964389   0.675403974807
-0.637944893346   0.518107589138   -0.569728741711
-0.0352576193675   -0.758703719653   -0.650481026672
-0.769274472039   -0.394883770066   0.502278403685
-0.588533573568   -0.374397767719   0.716557425689
-0.528137667209   0.849101359764   0.00987346553326
-0.612126487957   -0.372630101271   -0.697458221235
0.580341585158   0.508788940889   -0.635875347977
0.0542565601008   -0.803236954203   -0.593183463264
-0.812563763788   0.309748622326   -0.49375694501
0.922514763552   0.37182753332   0.103492977996
0.35415410863   -0.922085085101   0.155993471575
0.153431999173   -0.107253817174   -0.982321352884
0.68656476236   0.726585058512   -0.0265137668448
0.301316871884   -0.251154042954   0.919853134705
0.661692503965   -0.639527794123   -0.391365852805
0.226238778723   -0.175933181345   -0.958051945723
0.791182124568   0.606917214585   0.0753813001025
0.568196146385   -0.775047747137   0.276503397612
-0.294966214421   0.256158539858   -0.920531224244
-0.294959338987   0.891933689026   0.342714579095
0.908842076873   0.372608503442   -0.187533950174
-0.17229255275   0.0864390397922   -0.981245926701
0.0095816580284   -0.995948224933   -0.0894165816945
-0.984999222384   -0.0248077740298   0.170766232761
0.565170156351   -0.821627425319   -0.0742365700536
0.328353659367   0.141482942624   0.933898523035
-0.756813430609   -0.552187423715   0.349746308543
0.194529295391   0.887928456188   -0.416822995918
0.34952845633   0.334298942783   0.875256576708
0.916508707788   -0.315954543479   -0.245325324833
-0.469792735059   -0.616085225974   0.632245031948
0.163804110301   -0.764600000548   -0.623341842499
0.867446251669   -0.189277134114   0.460120817794
0.178624958415   0.47204318783   -0.863289263836
0.800242312123   0.440783370382   0.406598404182
0.572455558204   -0.763469219562   -0.299014020847
0.244643156499   0.535720639996   -0.808178892239
0.355480683504   0.725914379058   0.588796907204
0.902099334682   -0.431337118922   -0.012848354232
0.276091332381   0.250333440848   -0.927958374377
0.774171518928   -0.630091626933   0.0603572775234
-0.569589356875   -0.735063065364   -0.367763856942
0.95022359147   0.300102256549   -0.083748204923
0.246323386434   -0.888185740697   -0.387879980559
-0.190787618857   0.347943566742   -0.917897248527
0.745234051681   0.576499078771   0.335074648984
-0.0225537520212   -0.480428799032   0.876743689644
0.666421440595   -0.660936442661   -0.345029683184
0.608608189613   0.0177884687901   0.793271480588
0.344955964165   -0.906259887923   -0.244332556833
0.714563821028   0.422346523508   -0.557693428111
-0.746905724689   0.528543172366   -0.40345254166
-0.198740583499   0.401571059428   0.89400383931
0.634534489919   0.747918979018   -0.194892744676
-0.769397303712   -0.429810762921   -0.472536238946
0.389743577405   -0.90197903861   0.185832606881
-0.506090637052   -0.0411888575446   0.861496224659
0.0349398711656   -0.977887310176   -0.206193147316
0.91651325023   -0.0509103104486   0.396751310575
-0.398475429049   -0.202841191298   0.89446787732
-0.632127443458   0.559874643741   0.53568206851
-0.63699793102   0.018147829941   -0.770651861832
-0.441189903673   -0.828378560541   0.345167248349
0.992778051065   -0.119694354091   0.00806243902901
-0.00825437487786   -0.135201826877   -0.990783695518
0.119681270965   0.983561755869   -0.135213408257
-0.469792512211   -0.882159572257   0.0330073407866
-0.857812399204   0.447358676639   -0.253037748582
0.20845355176   -0.147189345782   -0.966893175716
0.104358982628   -0.984811443445   -0.138764633841
-0.0419153758042   0.135047280086   -0.989952187438
0.993656029024   0.109126774907   -0.0271853449919
0.357302690681   -0.320412804034   0.877308624284
-0.848775520219   0.280592492539   0.448160651338
-0.389762624567   -0.90476709055   -0.17170209186
0.409929371626   0.23697849907   -0.880794585166
0.444111764843   0.791604348499   0.419675226533
0.796694829032   -0.563208439581   0.219256933705
-0.448505905565   0.206914469478   0.869499197811
-0.883323151404   -0.250992013594   -0.395908094519
0.136318241138   -0.945615890006   0.295343741597
-0.777401975834   0.6202400325   0.104634937063
-0.61341924285   -0.784377587088   0.0920251779398
0.139150998815   0.00735547128791   0.990243857124
-0.597811829072   -0.747187396587   -0.290399744151
0.76051333907   -0.643159844487   0.0892461513854
-0.253457053796   -0.167500474092   0.952734544907
0.0326918260408   -0.730703198839   0.681912076236
0.847735607818   -0.341125334495   -0.406174648892
0.529410600335   0.59135973939   0.608291110309
0.991479001354   0.119938363315   0.0508348195577
-0.0772655184758   0.227272300794   0.970761217265
0.104878165167   -0.966417140937   0.234602813654
-0.756604726287   0.118800866931   -0.642989612806
0.00885597420078   0.985127835563   0.17159463663
0.653812557145   0.124135013657   -0.746404473796
0.728246573464   -0.569889462653   -0.380634901966
-0.394282998223   -0.802700767451   0.447450997591
-0.560533536508   -0.175776785413   -0.809261809404
0.0714566052142   0.917579900553   -0.391076820679
0.874970084224   0.130574357301   0.466237802981
0.478875041409   -0.375496289351   -0.793524562568
-0.391361083761   0.848860871797   -0.355347326497
0.913093117302   0.406226109941   -0.035232183268
0.114444140317   -0.338253703503   -0.934070110224
-0.967492467209   0.244328121207   -0.0652847231869
0.163241155742   0.406162708988   -0.899101873482
-0.193159651497   -0.880531443513   -0.432843766293
0.585385357597   0.741373455006   -0.328160605989
-0.806645250481   0.491872813356   -0.327695858013
-0.0815317299455   0.456537551242   0.885960519051
-0.652137584514   0.18714400658   -0.734638476848
-0.369733178803   0.767472953593   0.523720003433
0.661826221418   0.613157717317   -0.431304609689
-0.796742458037   0.471795900651   -0.377637503024
0.431454030492   0.00654249889933   -0.902111198955
-0.423141672651   -0.881683516823   -0.20877092956
-0.972867620476   -0.143473102025   0.181504991733
0.194711024759   -0.083994153881   0.977257693217
-0.124964834517   0.986083389531   0.109650987341
-0.584918754415   0.509744904972   0.63089633268
0.67865771063   0.733546358148   0.0365164654736
-0.444177624983   0.449521826282   -0.775007332327
0.932342449154   0.361231652202   -0.0157876835764
-0.35483867501   0.905706099474   -0.231918037447
-0.0694771345309   0.221829111758   0.972607203836
0.997744751275   -0.0563201896859   -0.0365164009185
-0.0119725307017   0.385977308507   -0.922430580492
0.0660459674083   0.920787463833   0.384432538475
-0.850771888446   -0.403716309933   0.336452574554
-0.516072322401   0.520851607124   -0.679987471508
0.0992801686199   -0.752148086783   -0.651472719051
-0.339771441818   -0.78905801157   0.511803499111
-0.423514843419   -0.35751986608   -0.832354925955
0.839756241256   -0.499566812083   -0.212702739842
0.432792665167   0.280815270112   -0.856640702424
0.358684055232   0.818152557734   0.449413107059
0.827064844797   -0.501766057387   0.25336646612
0.172822274496   -0.396022860114   0.901830558201
-0.954079554956   -0.294755522161   0.0533983611212
0.244672565387   -0.869646523837   -0.42877763389
0.0476553401118   -0.584863514773   -0.809730595721
0.997684369932   0.067253834461   0.0101400070739
0.0485269672656   -0.808338784692   0.586714191587
-0.996391603686   0.0287901903789   -0.0798429523665
0.0793350382464   -0.0183743202459   -0.996678652356
-0.0301616281241   -0.99941658446   0.0160239475616
-0.5950075362   -0.127934498633   0.793472618258
0.330029329617   0.861286411488   0.386350047208
-0.73283468358   0.491750425974   -0.470249768843
-0.825822391672   0.557216170731   0.0867612614517
-0.0101023794366   -0.168444189048   0.985659422471
0.56383979936   0.813103126456   0.144734192248
-0.938575148277   -0.0231390581987   0.344298235579
0.246981831862   0.651755516622   0.717087666386
-0.240991007648   0.758076071736   -0.606006603672
-0.585854685189   0.175434601426   -0.791199714651
0.528028148802   -0.657984638953   -0.536882192827
-0.614784972096   -0.732310668722   0.292848975687
0.293250872236   -0.112223926761   0.949425993006
0.73893644182   -0.603513810394   -0.299573055555
0.606610963372   0.789415524883   -0.0940546021764
-0.23522837277   -0.821060997856   -0.520121572753
-0.224702619998   0.566580221273   -0.792777134779
0.945608981139   -0.0696109952682   -0.31777030089
0.952452460896   -0.133488683854   0.273888811413
-0.206045705804   0.380014452012   0.901739531895
-0.224453729873   -0.915297649699   0.334440929913
0.99878641659   -0.0175232111837   0.0460285900843
0.0202842406553   0.997979027948   -0.0602196758289
-0.0448803254932   0.0610802492276   0.997123342189
0.892164551862   -0.395983261807   -0.217346885806
-0.231039662899   -0.813488454771   0.533720158999
-0.388153431737   -0.425950455244   -0.817253402017
0.848161816589   -0.529462927527   0.0170452707864
0.529186790295   0.848308238788   0.0182886024974
-0.0241427806591   -0.00649156217987   0.999687444036
