0.00703825129026   -0.169928773294   -0.985431212738
0.867129621989   0.491838530223   -0.0786198376025
0.498032811873   -0.853943248818   0.150811956117
0.710525404162   -0.0237565433564   0.703270415052
-0.420057689549   0.787500451897   0.450992877674
-0.564539801511   -0.615856042359   0.549559958148
0.921820824301   0.213248219351   0.323684359878
-0.113145707357   0.946731138804   -0.301493283052
-0.370734968397   0.241299290845   0.896844599384
-0.377598519511   0.744434661547   -0.550669041031
0.925782288286   0.291554409904   -0.24067235147
-0.0186148531997   -0.600677168496   -0.799274937983
0.689538938968   -0.238668322266   -0.683793450973
-0.200728069818   0.844178099754   -0.49706295163
0.695876636793   0.480000799835   0.534186239549
0.164692953767   -0.782924097145   -0.599921735803
-0.968851344253   -0.0143650057282   -0.24722604909
0.184941352104   0.621951368453   -0.760902879191
-0.796372326815   0.225304527567   -0.561274431043
0.592700187085   0.105976291091   -0.798420637231
-0.120406001984   -0.968507560934   -0.217934621164
-0.971431077627   -0.23650613533   0.0196598416476
-0.156909487293   0.577920940095   -0.800866280847
0.178047954832   -0.781071209911   -0.598520418056
-0.763492368359   0.638547282018   -0.0966269738993
0.615859497637   0.764921636538   0.188711338094
0.194413175035   0.0845710268538   -0.977267240211
0.659091421363   -0.665153375538   -0.350955104388
-0.730277014361   -0.677547141463   -0.087323269474
-0.179705260306   0.313848463603   -0.932311729687
0.293472316269   0.300214685143   -0.907604066985
0.355399590536   0.847096692511   0.395118114724
0.887448663659   -0.438518342104   0.141903252282
0.267910328033   0.204234387756   -0.941547859108
0.335074443114   0.896513271525   0.289808680946
0.903299049986   -0.393131363335   0.171751440918
-0.320393390939   -0.851848549943   -0.414369548837
-0.767567786325   -0.0228965252922   0.640558695613
-0.555146618867   0.523287489904   -0.646515610385
-0.633146948213   -0.380732951604   -0.673919402845
-0.727664629507   0.589593410112   0.350547853675
0.263873319856   0.712335616346   -0.650345170469
0.552941468298   0.828599826644   0.0876245394943
0.159044029201   -0.00172937762969   -0.987269976262
-0.817900195263   0.559838670099   -0.132740099631
0.814297229742   0.350607814455   0.462595051938
-0.0752600030118   0.854008293162   -0.514787108577
-0.575548393779   0.384374811419   0.72180333247
-0.223092533825   0.518312224066   0.825579893005
0.868010531263   -0.279789010904   0.410214367122
0.443607302654   0.8081278041   -0.387481629592
0.453838008571   0.735979232597   -0.502360061273
0.670555078469   -0.653353701973   -0.35140407917
-0.586844910276   -0.177379562812   -0.790031355061
0.195105019304   -0.901855878298   0.385473742583
-0.953413012061   -0.266598150606   -0.141170303274
0.230081854729   -0.339972647241   -0.911855766694
0.442269544406   -0.0987073227825   -0.891433965317
-0.818107741608   0.36292642341   -0.446076377218
0.36755594569   0.926575024281   0.0797580790122
0.883213929662   0.412110762214   0.223825543935
0.204500874742   0.0910609379025   -0.974621617767
-0.422033821726   0.906571908486   -0.0038507225598
-0.495362744107   0.387811827014   -0.777314439965
0.299930911668   0.916143517871   0.265937028052
0.815265110242   -0.101405332656   -0.57014012184
-0.651883923765   0.267242077377   0.709668247856
0.412599618353   0.910190894238   0.0362503928398
-0.63624594684   0.316439896545   -0.703602790645
-0.473494997765   0.707601147371   0.52450272004
0.822464731914   0.142094495457   0.550782097674
0.315205094896   0.692177557134   -0.649258020783
0.186932454079   -0.646272803322   0.739856554542
-0.871644811445   0.238244759744   0.428339534874
-0.453091139059   -0.724962687413   -0.518784658183
0.827268030689   -0.311039532936   0.467848281338
0.142706758202   0.921782344287   0.36048868349
-0.543380517284   -0.231455651716   0.8069485081
0.0356834145301   0.760117866497   -0.648804687837
0.347805626817   0.599186122491   0.721115272733
0.936887367767   -0.251389776336   -0.242992264222
0.806037040849   -0.368739771402   -0.462963572828
0.23914247791   0.918419876409   -0.31514410335
0.541401111967   0.143303564517   0.828461782074
-0.868083918003   0.493549307059   -0.0532859531919
0.219393907445   0.285147980708   -0.933036410048
-0.445305091687   -0.821644515955   -0.355814087297
-0.780518615018   0.582230836505   -0.227591618109
0.517868860963   0.806139366505   0.286271138285
0.350146447155   0.105577340339   -0.930726001975
0.936928425784   -0.324054180884   -0.130973328616
-0.324010802372   -0.664728682019   -0.673166234483
0.131080604603   0.67314535366   -0.727800252778
-0.352295390669   0.412974704191   -0.839845135374
0.872508219015   -0.179692748938   -0.454356604146
-0.338551865252   -0.892839520674   -0.297018896465
0.998309297615   0.0581126780106   0.00120952429252
0.0295970063035   -0.526131777614   0.849887857192
0.0500256285562   -0.848415151467   -0.52696220666
0.155333037442   0.482214637307   0.862172077399
0.806151761135   0.442556779309   -0.392763077575
-0.570956202784   0.756050620431   -0.31999449034
-0.758249860748   0.585860695301   -0.286049636212
0.561597396137   0.364069052004   -0.743008808848
-0.331157837485   -0.724031056706   -0.605073148965
-0.693741603027   -0.333132516732   -0.638549382997
-0.422596020301   0.906215334084   -0.0136518092733
0.583211104023   0.26037759997   -0.769459754359
0.810056679181   -0.556823111917   -0.18372860025
-0.163167813329   -0.515032959754   0.841497067767
-0.563191300721   -0.651681726307   -0.508061498629
-0.0629266314641   -0.296119730805   -0.953075728407
-0.470938184715   0.850773688435   -0.233240985345
0.879919010607   0.434162683905   -0.192990410835
-0.788491773518   -0.596877717372   -0.148383670258
-0.454341199001   0.727874899281   -0.513587583463
0.414553733533   -0.337542769884   -0.845109508001
-0.343877899089   -0.934967476252   0.0870850668329
-0.64493469872   0.167758062564   -0.745598059835
0.682500714213   -0.312558875723   -0.660681257719
-0.657170642569   -0.71276025928   -0.245152114693
-0.240853601753   0.506771857392   -0.827751065888
0.714224256848   -0.484927930055   -0.504706462792
0.657429952065   0.104308121986   0.746261129776
0.728570112585   -0.340714196744   -0.594221698683
0.19227961196   0.93436269822   -0.299991498212
0.0579985041166   0.923754940712   -0.378567012602
-0.171750144008   0.382784205087   0.907732416723
0.983431777783   0.0123718166234   0.18085595539
-0.205226387369   -0.0185790493059   0.97853816934
-0.976736415697   0.0674232173472   -0.203568376755
-0.0621940847652   -0.997551466687   -0.0319838573472
0.593275708166   -0.797819445682   0.107275655174
-0.540637846492   -0.296154931382   0.787402676881
-0.5964349529   -0.525144159932   -0.607032913645
0.0623389665832   -0.977715063288   0.200467224911
-0.204324097498   -0.209105823603   -0.956308746021
0.97691633031   0.0186550141532   -0.212806188866
0.772327184981   -0.544386995337   -0.327343120666
-0.278626175995   0.172781768011   -0.944729545793
0.570857401975   0.82084667262   -0.0182364102687
-0.141916648442   -0.276168070128   0.950573964474
-0.13560737706   0.956663792489   0.257691729451
-0.980545921506   -0.0923340954492   -0.173216946734
0.395672033217   0.42617633794   0.813521586136
0.906092829761   -0.0366675309706   -0.42148698204
-0.14979795054   0.903896687212   -0.400663640553
0.0991881509532   0.950377448989   -0.294863383898
0.852031472345   -0.234183819043   -0.468188326458
-0.514007860683   -0.204794148724   -0.83297975714
0.643626507484   0.51443070869   -0.566662125804
-0.0602558672585   0.772168244537   0.63255468743
0.762964055068   -0.37298424643   0.527985418918
-0.483971097865   -0.833983578177   -0.26503465389
-0.837061279888   0.352892222413   0.418085509283
-0.255147780988   0.424191549529   -0.868884997664
-0.819477625837   -0.500223796971   0.27970086467
-0.567485248671   0.640021559693   -0.518008586481
0.0801056383397   -0.583222561353   -0.808352974037
-0.238721017968   -0.822587825827   -0.516102261554
-0.74260140929   0.497100356098   -0.448814419206
0.625743895296   0.276116831736   -0.729523181764
0.857870769654   -0.495228042347   -0.137138355852
-0.380136143635   -0.791173457404   0.479104448534
-0.345766185269   -0.358878456271   -0.866978661071
-0.0801933165979   0.996779117191   0.000650770641542
0.258880569269   0.0214580355818   -0.965670960298
-0.962574611563   -0.0772718851754   -0.259767536334
-0.500545301255   0.857202815397   0.121069131764
0.767246688751   0.374479155844   0.520670606468
0.400982443497   0.353509116025   -0.845129803577
0.242598645689   -0.492065988176   0.836072341602
-0.821288518976   0.354542414605   0.446972979995
-0.516363307866   -0.795091654797   -0.318116637045
-0.410150343767   -0.291463526331   0.864190782367
0.151489103163   0.912623671539   0.379696043923
-0.899348512609   0.286647949524   -0.330159364403
-0.615084533004   -0.787308187063   -0.0426243574044
-0.704752544984   0.524738243944   0.477465837189
-0.353546132208   0.323721475852   -0.877615826244
0.0805470977157   -0.698572438311   -0.710991359639
-0.863648547113   -0.405025367533   0.300109377935
-0.497617676655   0.589873715373   -0.635944689257
0.0375931085697   0.908565016431   -0.416048517732
0.881273425094   -0.226424874877   -0.41483602334
-0.471109231932   -0.351057526563   -0.809206218855
-0.111841153577   0.646915300373   -0.75431568359
0.993182819401   0.097865621816   -0.0633261976923
0.0328548872185   -0.756255852347   -0.653450565978
-0.82540868706   0.114177002317   0.552868982189
0.393716287717   0.818281334038   0.41881158431
-0.404583717061   0.563364243192   -0.720369867068
0.809552663818   0.204980525817   0.550097689998
-0.463237266239   0.798662214236   0.384122249706
-0.360604658417   -0.56579294056   0.741513741437
0.0859844598025   0.959432940539   0.26850531704
0.981625056586   -0.0355032228675   -0.187488051477
-0.170349408432   0.279692605859   -0.944856139987
0.690119194184   0.717154073703   0.0970851811064
0.405865288417   -0.494605469827   0.768530283643
0.599173485293   -0.490973995022   -0.632404673239
0.73028415412   0.590974448868   0.342686817701
0.306154860811   -0.731561603864   0.609168959283
0.61069980796   -0.339951203171   -0.715177547201
-0.949823772376   -0.307955903166   -0.0547536586387
-0.238897876574   0.827243190221   -0.508523852737
0.2018975136   -0.469927511366   -0.859305258953
-0.442164076113   -0.514497190404   -0.734699646698
0.089125013358   0.789866775542   -0.606767837718
0.892495188663   -0.333771056207   -0.303396144092
0.596517995308   -0.0383879573762   -0.801681137361
-0.746761515085   0.339508225021   -0.571910311788
0.29413180865   0.939819413435   0.173856116569
0.965499173212   -0.260395464819   -0.0023555101907
-0.0758884823634   -0.272704814359   -0.959100110766
0.249102960181   0.926189120065   -0.283057289434
0.596180264077   -0.75097433807   0.28391307875
-0.733886939301   -0.653148367801   -0.186566797587
0.325544241307   -0.0971326577383   -0.940524424857
0.282796790557   0.155246332295   -0.946532910975
-0.848672357754   0.500344768335   -0.17149443718
0.446968907682   0.851794393682   0.273249165519
0.000526649526981   0.856196260727   0.516650448329
0.253112030831   0.499712679101   -0.828384897372
-0.967436831265   0.131206712721   -0.216450400897
0.874222077327   -0.472866430958   -0.110150342656
-0.468350719464   -0.761499496744   -0.448069325033
0.127997512051   0.443301088349   -0.887187005077
-0.178414923018   0.23551357794   -0.955354107047
-0.902103784513   0.34855606534   0.254396209255
0.392908230014   0.907216635606   0.150270086399
0.415313608761   0.113789178211   0.902533450516
0.790082293693   0.446624398982   -0.419876905089
-0.450870907878   0.887456291406   0.0955863759833
0.414603995275   0.909682516615   0.024109045371
0.745135390118   -0.324162112838   -0.58283117195
-0.522376088174   0.25960863539   -0.812235544001
0.306891361385   0.836370250664   -0.454205345755
0.951481581879   -0.280832096751   0.125762207281
-0.0223716707758   -0.47076335588   -0.88197583363
0.693835410533   0.677613456091   0.243787668302
0.526520071291   -0.24638490413   -0.813677512008
-0.491293229772   0.692917371079   -0.527727656314
-0.423302405679   0.896066224375   0.133717593759
0.582370101701   0.156057945489   0.797803849511
0.694017390265   0.415585417435   -0.587901881971
0.462144672647   0.886796635342   -0.00374554272402
0.605289832528   -0.318521551064   -0.729498622442
-0.648109959946   0.334866763137   -0.68397202484
-0.240028035302   0.890300733672   -0.38697693199
0.411860461582   -0.267581246987   -0.871074759389
-0.879066267385   -0.368462860929   -0.302452670118
0.030324076522   0.765175180186   0.643107606854
-0.264280156722   0.626644252724   -0.733125486724
-0.963969112124   -0.147729225777   0.221223024816
0.402454066511   -0.912476345723   -0.0736046387513
-0.372060661036   -0.236502426273   0.897573098348
-0.836421896449   -0.333846552873   -0.434677915562
-0.0946552151203   0.078775949619   0.992388401792
-0.498408001256   0.859181902159   -0.115740758968
-0.86175974293   -0.505569786246   -0.0420634841797
0.271974159664   -0.815947570296   -0.510156465218
-0.743188109134   -0.514875539482   0.427287506586
-0.611311288066   0.262931058209   -0.746435374103
0.761018750546   0.610211986869   -0.220208520269
0.399394353136   -0.17321896782   0.900266260543
0.51120897097   -0.773069544265   -0.375538104232
0.877592533231   0.386567866983   -0.283542994682
0.361402408574   -0.144853171335   0.921089495017
0.3149914994   -0.910814384477   -0.266828619783
0.37147053465   -0.00124774680327   0.928443905152
0.598431648994   0.764880894633   -0.238404652865
-0.709851536146   0.644170521022   0.28487740605
-0.447465711318   0.142071168541   0.882944064063
0.869158695363   0.301549037282   0.39195834012
-0.210564953092   0.942806428268   -0.258415245963
-0.779187812391   0.172921977874   0.602465221061
0.0426249047343   0.973584303686   -0.224313889703
-0.625339484213   -0.149102626353   -0.7659758066
-0.00793113712176   -0.867382781545   -0.497578342919
-0.722549080071   0.348955641702   -0.596785377679
0.691274130827   0.354791587276   -0.629494245919
-0.306383569799   0.779379433147   -0.546531616054
-0.414853910164   0.407425289242   0.813572902025
0.856752788954   0.475996147962   0.198500190798
0.252757221   -0.446925229114   -0.858120986116
0.183514117373   0.892964738711   -0.411018909716
0.949966502545   -0.0535893179686   0.30772037476
-0.552848341655   -0.712809780777   0.431579572685
-0.37432568999   0.67517219136   0.635627870556
-0.744472288903   0.189854492815   -0.640090839347
-0.579698884807   0.795659148743   0.175714888315
0.696394065584   0.595746810274   -0.400151275729
-0.423065607646   -0.109600442836   -0.899446070955
-0.236906760965   0.967398357083   -0.0895299130018
0.528528984332   0.205656138266   0.823627746931
0.815188505397   0.14780382778   -0.560019400703
0.389573748848   -0.710734017493   0.585738380667
-0.866327541715   -0.498641952931   -0.0288581573243
0.312584204135   -0.496198910878   -0.809986269124
-0.7460855014   0.653993714974   -0.125094545743
0.612306248706   0.600059777814   -0.514790560175
-0.261605585558   -0.460673945242   -0.848140338493
0.59782024163   0.131511330264   0.790769074199
-0.523265456172   0.811326586086   0.260657693321
-0.60729253336   -0.569608585541   0.553842791957
-0.656203324967   0.39006765715   -0.645944594481
-0.292194740582   0.657892474374   0.694117948001
0.695715049334   0.644224118616   -0.317735511263
-0.193717737679   0.865300245616   0.462308255437
0.840803140403   -0.0963714425991   0.532693743291
0.505493340409   0.491902459831   -0.708878306069
-0.503247415865   0.718722490756   -0.479770799138
0.857564963265   0.347003172625   -0.379698738435
-0.106416033591   -0.602517036663   -0.790979676303
-0.656567256641   0.636672775621   -0.404434437575
0.346821014534   0.730979709355   0.587693668836
0.669801926984   0.245594057938   -0.700748840399
0.917329579364   0.280345541789   -0.282688556582
-0.232395008644   0.953573972538   0.191544352188
0.323263055082   -0.110013890472   0.939892515728
0.905456724095   -0.261619482523   -0.334220536706
-0.179535152864   0.477447013237   -0.860122943792
0.384597516474   0.838808438152   0.385337714747
-0.935277121559   0.350474718925   -0.0492359348761
0.284150561084   0.826543324244   0.485885368974
0.210986171406   0.440447050781   -0.872634649171
-0.888106866817   -0.230934870801   -0.397410717722
-0.434926241321   0.701899528125   0.564071109903
0.148678706353   0.673799775798   -0.723801426092
0.429974000676   0.287036525906   -0.85599789225
-0.780682880006   0.594438633575   -0.192813256228
0.453493770196   0.751167586966   0.479677659147
-0.430344403649   0.868322774587   0.246615598416
0.424412314311   0.435766215856   -0.79371404963
-0.796666731896   -0.236903702487   -0.556056430625
0.845645223254   -0.459905491884   0.270870993137
-0.305946774807   -0.00182765637881   0.952046863688
-0.437356522042   -0.88796598933   -0.142252150844
0.177673971116   -0.983257926276   -0.040445153029
-0.984076556298   -0.177731563024   -0.00219609865818
-0.00502904885205   0.0401913164812   -0.999179346637
0.256486891332   0.742335252001   0.618993415321
0.848139478213   0.134279794891   -0.512472791648
-0.46354492778   0.65643530551   -0.595162826131
0.545283341711   0.766529106566   -0.33926273895
0.837912565115   -0.486912732051   0.24661412082
0.0238455545936   -0.418747083756   -0.907789771573
0.377000580073   0.637686506673   0.671733936787
0.847813712097   -0.529609282391   0.0269428577946
0.372937625086   0.559347769472   -0.740302371051
-0.477643911831   -0.823009765603   -0.307426770492
-0.875814109479   0.473662988562   0.0926985377721
0.0693248810316   0.31352559543   -0.9470458077
-0.266653534898   0.73449724212   -0.624026997527
0.750650813047   0.564372701059   0.343521194645
0.604499172205   -0.376825232193   -0.701842927716
0.634980340968   0.377933055102   0.673770415235
0.766843752661   -0.202747172302   -0.608969821198
-0.093544778521   0.903360498354   -0.418556070828
0.397216427568   -0.349902971765   0.848402628485
0.671940915592   0.74054789364   -0.00917731870202
-0.625071608397   0.573721820724   0.529271911971
0.999608233972   -0.0104174462656   -0.025977978913
0.0122977605867   0.997233750645   0.0733049224752
0.0251424672547   -0.0735956750621   0.9969711796
0.779639825882   0.541326634981   0.314844749296
0.626070400819   -0.662484058935   -0.411279375699
-0.0140568530361   0.517764759246   -0.855407539694
0.99487519116   0.0633631366795   0.0787938254265
-0.0128658198399   0.852281129792   -0.522925756184
-0.100288706717   0.519232114483   0.848728570624
