-0.510732973817   -0.788148233638   -0.343473712634
-0.0769029095873   0.439788035712   -0.894803009685
0.856293040935   -0.430591274248   -0.285225143681
-0.162247803865   -0.855201493921   0.492245929324
0.702854952624   0.249977084381   0.665962741342
-0.692582533503   0.454028481573   0.560524372537
0.78917710754   0.209377632258   -0.577373795773
0.26324040358   0.73404844774   0.626001091288
0.554890964838   -0.646013841555   0.524177578365
0.951569243829   -0.164563259729   0.259682320819
0.0569528976739   0.924413921002   0.377114399227
-0.302113127231   -0.344060803065   0.889016210285
-0.606647913511   0.744652279008   -0.278336652996
0.327668323458   -0.0847782626986   -0.940981464204
-0.72430088971   -0.662046546356   -0.192568407644
0.572264746364   -0.706948926342   0.415615538224
0.541353568528   0.706347606734   0.456080444991
-0.615994621658   -0.0360038054214   0.786927158055
0.231264156125   -0.949802649953   -0.210693654946
-0.802801691937   -0.0639702313343   -0.592804565541
0.549569225407   0.306239670268   -0.777297195955
0.94660668681   -0.199700517915   0.253091848212
-0.113414916176   -0.941143355246   -0.318412062689
0.301782765041   0.272706596953   -0.913541610822
-0.995905602193   0.0712894259576   0.0555864126201
-0.0855473109336   -0.544482359766   -0.834398356599
-0.0292179587476   -0.835737265921   0.548351651075
-0.986637640332   0.0536181345347   -0.153854679256
0.0454654746428   0.997393387119   0.0560296523845
0.156457845107   0.0482858879988   -0.986503631886
-0.882783169459   -0.237604158195   -0.405263050042
-0.467906822941   0.367736549089   0.803637378119
-0.0419175472263   0.899062897951   -0.435808243109
0.888909744298   0.0237489432896   -0.457466342133
-0.452368842176   0.202746379663   -0.868479323969
0.0721241784721   0.978943253323   0.190966514482
0.2109054334   0.665208953762   0.716251314831
-0.35680713966   0.734563918169   -0.577152072864
-0.910059098768   -0.133839074857   0.39227482559
-0.461224197334   0.787390191136   0.409009690223
0.851627229271   0.263485149842   0.453107755591
0.249004622765   0.557308050108   -0.792088653578
-0.833242964421   0.541455162115   0.111948513441
-0.516896026649   -0.83471540914   0.189917569956
0.196276997829   0.100381737199   0.975396763866
-0.00440983184794   0.570250896356   -0.821458744301
0.499717867083   0.712799183487   0.492137559366
0.866177006565   -0.408327367716   -0.28810788617
0.721738180836   -0.688934426195   0.0668083432483
0.683553690317   0.694251017122   -0.22532172039
0.108850129894   0.208290378149   0.971991135553
-0.185942032377   -0.927506958327   0.324278279954
-0.964935401537   0.234605827727   0.117727551819
-0.185270697781   -0.291017092025   -0.938607383677
0.0852742010949   0.926860721056   0.365592005372
0.86691778878   -0.249879110649   0.431293377597
0.491102696109   0.280160014681   -0.824820288335
0.934177149225   0.0175312968005   -0.356378601348
-0.0294941224509   -0.99158002951   -0.126091799168
-0.355588456797   0.128303151594   -0.925794334982
0.819484186708   0.144248422054   0.554651296284
-0.559561304687   -0.00774470536417   0.828752777272
0.123841891264   -0.98951119866   0.074369171667
0.190085051605   -0.67871862166   -0.709372050315
0.980561209417   0.0954397730949   0.171437931328
-0.048655808929   -0.728170503607   0.683666826703
-0.485615767569   0.377106802124   -0.788649342915
-0.841793795274   0.0415321080802   0.538199117648
0.235712817909   0.925238101134   0.297277519639
-0.269101924221   0.878395033531   0.394976353024
-0.17330522706   -0.44757394176   0.877292918546
0.947390865828   0.167629745942   0.272673459693
0.153459176804   0.760315219196   -0.631166419032
0.631941578188   -0.566554326365   -0.528834602721
-0.759671062245   -0.317705780143   -0.567417760077
-0.17714561424   0.444376545888   -0.878150850834
-0.919627653466   -0.392571321116   -0.0131429379541
-0.350577253022   0.805243592525   0.478203247962
0.938950061633   0.169712796856   0.299283057228
0.0236547754959   0.835971586294   -0.548262672909
-0.343239323733   0.521870744047   0.780921054365
-0.0680391611833   -0.856690763353   -0.511323389385
-0.0220959571161   0.513679277673   -0.857697713864
0.997437938533   -0.0470588533159   -0.0538797095389
0.922687371759   -0.119084333228   0.36669733511
-0.0934790083104   0.85362773752   0.512426932101
-0.374045036061   -0.507088362435   0.776499648217
-0.960574661324   -0.250848346805   -0.119880886414
0.236800342525   -0.964121086902   0.11998386379
-0.145677444383   0.0868656243591   0.985511260972
0.197528060778   -0.136292616264   0.970776487126
0.25282244215   -0.949704299501   -0.18477704472
0.947134350528   0.281932733577   -0.153135416503
-0.33576956631   -0.243706884516   0.909871283633
0.851191810124   -0.492183634544   0.182284865707
0.40339967863   0.835680695198   0.372701589687
0.627845656857   0.504197658025   -0.592954089966
0.186127349484   -0.836976346989   -0.514613645714
-0.755755543108   0.21273296929   -0.619336938054
-0.33911117346   0.0937360155927   0.936064726082
0.805388631935   0.543138158449   0.237381744004
-0.486161252656   0.834394690909   -0.259678139624
0.754043749887   -0.285926746345   -0.591323869788
0.491106111561   -0.352388756249   0.796641043166
-0.436156864492   -0.891104965868   -0.125296166591
-0.993226114093   -0.0444951223451   0.107340907263
-0.0910663106171   -0.275699321332   -0.956920483263
0.0721721092609   -0.960213553489   0.269779758952
0.734747923701   0.611691043073   0.293222707923
0.26070679326   -0.653705707549   0.710422983768
0.626240733716   -0.44553666038   -0.639780921639
-0.504898621727   0.393119767272   0.768462250445
-0.852473544944   -0.0873199732224   -0.5154261125
-0.13552209026   -0.915331672596   0.379211935723
0.377364737707   0.873491757139   -0.30758414287
-0.440754783369   -0.122701787468   -0.88920160385
-0.814451395525   0.471122512264   0.338692342349
0.7276048345   0.663948092649   0.172522853791
0.571133527424   -0.72561515465   0.383782674432
0.379996971915   -0.180708543267   -0.907164110691
0.608852940059   -0.789524829184   0.0771274366495
-0.743529811611   -0.534072976131   0.40240461654
-0.276516756503   -0.302351782316   -0.912207149228
0.477382242833   -0.843774949921   0.245255026685
-0.804422181916   -0.307353056555   0.508369011515
-0.353569155145   -0.439974922595   -0.825476177741
0.640869523272   -0.696237220514   -0.323326440169
0.0338208405215   -0.395172486756   0.917984126474
-0.766904430087   -0.599243221474   -0.229706675197
-0.175199799214   -0.574287312184   -0.799686884611
0.342800030291   0.725840984922   -0.596358117107
0.922926416128   -0.378614510645   0.0696985131927
0.891314947245   0.4442810959   0.0903989637278
0.324014951132   -0.484729187969   -0.81243579794
-0.317130850376   0.753426786196   -0.57600008818
-0.236825801724   0.796346588844   0.556547976436
0.630359776423   0.56184937246   -0.535697521867
-0.739297025495   0.223958462897   -0.63504528578
0.117597062868   -0.0431135346818   0.992125069702
0.878118567036   -0.462051328805   -0.12416260216
0.463765795451   0.88580460186   -0.0164770838673
0.038029939115   -0.702456794787   -0.710709627899
0.96921859444   0.199057868057   -0.14488368216
0.243246870324   -0.683323068996   0.688404345901
0.129905000411   -0.514017475587   -0.847886033414
0.988759478644   0.00331587677382   0.149478086531
-0.0740228630892   -0.857773303241   0.508670400149
-0.384179572272   0.32634892018   0.86365643548
0.536132102305   0.840421565587   -0.0790819889425
-0.751643815332   0.432652255737   -0.497838930256
-0.101593136744   -0.994755115417   -0.0118783381734
-0.956005877296   0.0943188698567   0.27777097286
-0.275193744735   0.0395753855357   -0.960573886652
0.476621481877   0.137434433298   -0.868299337531
-0.234223703181   0.971854600241   0.0252565408995
0.847331823952   0.191338476356   0.495397181648
0.606062167692   -0.750409022285   -0.263770635526
0.441667061829   0.593276539489   -0.673017944923
0.661527667893   0.291391913006   0.690993413606
-0.703733644246   -0.135176432485   -0.69748569165
-0.328278916618   -0.808778667469   0.487965183134
-0.630072940905   0.572367363803   0.524789186238
0.0744366390825   -0.299279382094   -0.951257608756
0.666704429926   -0.694444061422   0.270652265229
-0.741595839983   -0.654354106742   0.147838807864
-0.897947066926   0.421804766211   0.125585843954
-0.440086021922   -0.858036945621   -0.264758178831
-0.00391896776439   -0.293007404601   0.956102140224
0.482048307343   -0.871488162803   0.0902098192094
-0.547103880684   -0.218992091378   0.807910767136
-0.684329433189   -0.438806159947   -0.582359322811
-0.597141247802   -0.167491246386   -0.7844545956
-0.448164577986   -0.741414508706   0.499452737824
-0.665259980167   0.649808593868   0.367665541114
-0.341431493514   -0.897539167741   -0.279012504392
0.939153247947   -0.337663109014   -0.0630460282856
-0.0376259499298   -0.283561399315   0.958215644159
0.64220642128   0.366157620469   -0.673423722065
-0.540519435986   -0.406613202401   -0.736549009201
-0.543516008769   0.837015113726   -0.0632142990609
0.756214968927   -0.572608034672   0.316636952044
-0.501981509154   -0.818098876895   -0.280586514448
0.419706427444   0.0532378272639   -0.906097262169
-0.688820464431   -0.374586358   -0.620654032599
-0.629381624986   -0.115831745573   0.768415107118
-0.359729256401   0.919928294552   -0.155970493914
-0.897462007961   0.184803955412   0.400511475903
0.103399690551   -0.794556640337   0.598321192413
0.428801175675   0.578383301419   0.693975726074
0.574678006569   0.150967137821   0.804334577191
-0.375395651583   -0.824710110354   0.423002764356
0.727202374541   -0.545034088089   -0.417270355145
-0.443514492604   -0.470601293615   0.76277737073
0.416345993278   -0.861839522047   -0.289635377878
0.793694468125   0.189121814407   0.578171281355
0.791098168328   0.129110788512   0.597908096917
0.183058944377   0.882700599381   -0.432815289396
-0.583654958817   0.451851807722   0.674667942699
-0.638572762021   0.517786629152   -0.569316989275
-0.0356744451948   -0.758916100745   -0.650210493602
-0.768734129309   -0.394896643062   0.503094901319
-0.588252331132   -0.374351608629   0.716812435742
-0.529015233796   0.848564368912   0.00902187478973
-0.611638845504   -0.373897559406   -0.697207671889
0.580839393922   0.509863807891   -0.634558504687
0.0549000818744   -0.802300203057   -0.594390751261
-0.812164748976   0.310408249854   -0.493999128485
0.922128441386   0.372884199664   0.103133463186
0.355228076952   -0.921648637944   0.156130719335
0.153271494194   -0.107336675075   -0.982337359185
0.686151889   0.72693628082   -0.0275541076738
0.301641834332   -0.249842359082   0.92010379816
0.661972649739   -0.639642430766   -0.390704199825
0.226643628786   -0.176698233708   -0.957815430934
0.791158742884   0.606965839273   0.0752350550903
0.568067345558   -0.77483559815   0.277361292812
-0.293998680272   0.2548329464   -0.921208415847
-0.296886142943   0.891782305401   0.341442437171
0.908528147129   0.373877639345   -0.186526450327
-0.172674540151   0.0872005648855   -0.981111392589
0.0119478562608   -0.995814762006   -0.0906102008655
-0.984906468612   -0.0273682526619   0.17090999629
0.565287992871   -0.821353465241   -0.0763411439041
0.330137192336   0.140455832379   0.933424658656
-0.755949019016   -0.552856802697   0.350557322503
0.195185210657   0.888109785027   -0.416129478984
0.348051622487   0.333951412884   0.875977466558
0.916931186963   -0.315812386666   -0.243925674752
-0.470058966735   -0.615318192213   0.63279387649
0.162623895695   -0.765040423556   -0.623110438746
0.867524084012   -0.189991243632   0.459679552517
0.178342350789   0.472819663844   -0.862922691438
0.799583674442   0.441471883548   0.407146808415
0.573463123035   -0.762590415308   -0.299325750646
0.243691581639   0.535970209482   -0.808300901636
0.355110412143   0.726240430719   0.588618239588
0.902502636132   -0.430477376103   -0.0133499227732
0.275512357722   0.250744966904   -0.928019343718
0.774488199131   -0.629757863017   0.0597751066572
-0.569439171598   -0.735208810843   -0.367705091492
0.95012865482   0.300689617186   -0.0827121116111
0.247343166471   -0.888120994092   -0.387378958971
-0.189939193666   0.347601573601   -0.918202727473
0.744785323065   0.577394235266   0.334530595954
-0.0216186796129   -0.480175557578   0.876905962231
0.666953862902   -0.660338800152   -0.345145206796
0.608532481627   0.0172266842906   0.793341956632
0.345747972077   -0.905631292391   -0.245540835801
0.714245447035   0.42371594682   -0.557062148957
-0.747236029733   0.52849782596   -0.402899942696
-0.198529683457   0.40105650005   0.894281638274
0.634211542512   0.748227058935   -0.1947613607
-0.76992564033   -0.428454374603   -0.472907345308
0.388856289213   -0.902600223059   0.184671664514
-0.505969657887   -0.0417095458864   0.861542232905
0.0348336391249   -0.977569811174   -0.20771105379
0.916028127624   -0.0518711202699   0.397745969538
-0.399598657389   -0.204124107256   0.893674583867
-0.631841931954   0.560098298937   0.535785095494
-0.637580659558   0.0175028480413   -0.770184752425
-0.44075693481   -0.8282412365   0.346048809532
0.992851111821   -0.119094200913   0.00795242502511
-0.00825112143282   -0.134948160756   -0.990818304687
0.119073879377   0.983669438997   -0.134966092158
-0.46920121904   -0.882469244722   0.0331398275754
-0.858227690712   0.446827383459   -0.252567852836
0.20807557989   -0.146946662132   -0.967011495041
0.104484626112   -0.984917184603   -0.137917012657
-0.0409666650559   0.134295994931   -0.990094095579
0.993682391542   0.109099611455   -0.0263169055908
0.358057927417   -0.321939877755   0.876441233469
-0.848511032619   0.279527781228   0.449325324287
-0.389645413342   -0.904554550391   -0.173082400113
0.41125750321   0.235928944376   -0.880457153562
0.444367811654   0.791475400913   0.419647396889
0.795867145961   -0.563829959256   0.220660968514
-0.44887661065   0.206692989568   0.869360567587
-0.883005820837   -0.251918008761   -0.396027823807
0.137151408227   -0.945418068859   0.295591214849
-0.777558889628   0.620124257911   0.104154106551
-0.613214809108   -0.784460830838   0.0926757938793
0.139175324866   0.00819204681783   0.990233871021
-0.598440238428   -0.746775393959   -0.29016511163
0.759759493803   -0.64391088401   0.0902456925814
-0.254233736169   -0.166449044545   0.952711878253
0.0323628781073   -0.730297938637   0.682361755188
0.847273472557   -0.342101162093   -0.40631817286
0.530170073488   0.591296639359   0.607690692261
0.991533405211   0.119238258056   0.0514173527857
-0.0776937143593   0.227497548711   0.970674277026
0.104044188212   -0.96645077637   0.234835482313
-0.756315932034   0.118728227613   -0.643342691666
0.00744376722564   0.984891960726   0.173009872627
0.65416420055   0.126061229824   -0.745773266518
0.727868977754   -0.570236103195   -0.380837941698
-0.392796380356   -0.801963954156   0.450072016252
-0.562065614321   -0.178001693384   -0.80771136079
0.0705568032747   0.917283105392   -0.391935507543
0.87450451647   0.132132709169   0.466672045276
0.479857883322   -0.375676259204   -0.79284535698
-0.390644681871   0.848690778822   -0.356539891833
0.913234029334   0.406000444326   -0.0341649948424
0.115759838423   -0.338950735578   -0.933655214016
-0.967732600302   0.243619717079   -0.0643665111945
0.162250197019   0.407010986454   -0.898897619573
-0.192791306547   -0.880336009917   -0.433405147366
0.585266341875   0.741399039286   -0.328315052371
-0.806625015774   0.491122907003   -0.328868323413
-0.0825796160968   0.4573026949   0.885468718952
-0.652366829317   0.187578690747   -0.734324012126
-0.370184537104   0.766592310936   0.524690039264
0.661347812045   0.614125771802   -0.430660664459
-0.79698423744   0.471784499104   -0.377141235716
0.431027499495   0.00683088888267   -0.902312935536
-0.423121046453   -0.881687430648   -0.208796203716
-0.972919134151   -0.143417993751   0.181272274413
0.194384206996   -0.0833086588657   0.977381423718
-0.125072532848   0.986149555811   0.108930781235
-0.585705250596   0.508812419975   0.63091939319
0.677540382558   0.734575435233   0.0365781349389
-0.444846478493   0.448897372716   -0.774985651055
0.932477426886   0.360865263434   -0.016189811462
-0.35466693709   0.90611649312   -0.230573772643
-0.0685362100196   0.220746829065   0.972920153648
0.997726480297   -0.0560445697657   -0.0374282876195
-0.0129009610654   0.386269666517   -0.922295673812
0.0661470764126   0.920681677307   0.384668446007
-0.850531353235   -0.403695292326   0.337085342486
-0.51652196139   0.520535994089   -0.679887742395
0.0990024270714   -0.752377823844   -0.651249667656
-0.339865108846   -0.788268701255   0.512956296784
-0.422488341465   -0.359321878145   -0.832100588398
0.840235270097   -0.499520012119   -0.210913366995
0.432118272834   0.27956896223   -0.857388473004
0.360243647835   0.818072675986   0.448309726639
0.826739567505   -0.502591575897   0.252791209025
0.173956179911   -0.395418739062   0.901877634865
-0.953753989379   -0.295634975892   0.0543441696336
0.245137869809   -0.869622896334   -0.42855973091
0.0478661129889   -0.584388855058   -0.810060800997
0.997688437011   0.0671348850711   0.0105209248763
0.0482350275329   -0.80869189021   0.586251489404
-0.996443591765   0.0292500006321   -0.079022818813
0.0784953445874   -0.0187642101361   -0.996737871908
-0.0306373841611   -0.999395988526   0.0164014880658
-0.596311434677   -0.127741916237   0.792524242979
0.329582931846   0.861253221667   0.386804833481
-0.731975248154   0.491858608753   -0.471473588959
-0.825583457874   0.557681844303   0.0860401918907
-0.0109021877562   -0.168213558022   0.985690286652
0.564174703782   0.81283156892   0.144954283068
-0.938952884587   -0.0237254658986   0.343226722143
0.245835694178   0.651658492   0.71756952365
-0.240691279429   0.758141353622   -0.606044054451
-0.586213176238   0.176003854931   -0.790807659962
0.527778050594   -0.657605894863   -0.537591681811
-0.614657987272   -0.732514252483   0.292606268888
0.292848336392   -0.112305151417   0.949540628324
0.739732295577   -0.602616808345   -0.299414617513
0.60583494679   0.790088941364   -0.0933995823425
-0.234478749608   -0.821496774386   -0.519771839999
-0.224772980911   0.566004653595   -0.793168228789
0.945778421743   -0.0691504286452   -0.317366342235
0.952641080553   -0.134297603255   0.272835344858
-0.204707077859   0.38026389696   0.901939233509
-0.224877708806   -0.915075692185   0.33476333977
0.998709196164   -0.0185832863415   0.0472715872956
0.0215310631471   0.997804315165   -0.0626335529671
-0.0460038565389   0.0635705128678   0.99691646344
0.892219096941   -0.395249105187   -0.218456466836
-0.22906275537   -0.812971778996   0.535357021677
-0.38919832625   -0.4276155182   -0.815885795586
0.847340423911   -0.53076965024   0.0172564303847
0.530482078465   0.847489641567   0.0187102074748
-0.0245554562788   -0.00669968807583   0.999676019392
