0.000997089192607   -0.205322896175   -0.978693779545
0.879510031703   0.465920633669   -0.0968507473183
0.47587930187   -0.860674428241   0.181048111352
0.703980157519   -0.0357401353646   0.709319801319
-0.408187454209   0.796942768623   0.445269834781
-0.581201290471   -0.602996572348   0.546443220922
0.921971286841   0.214029105515   0.322739040452
-0.113637654815   0.946230449468   -0.302876905536
-0.370209980481   0.242568502677   0.896719070758
-0.360907995641   0.752399249123   -0.551036104627
0.932426335984   0.279667965348   -0.228838277223
-0.0180706017386   -0.59639013999   -0.802491279875
0.689020058512   -0.233761382415   -0.686007999268
-0.20735763908   0.843399349639   -0.495661524172
0.69444522353   0.483769731505   0.532646860871
0.174744044226   -0.796848939506   -0.578356539355
-0.962663267932   -0.0149285571163   -0.270289790331
0.206746104153   0.603994127281   -0.769705880598
-0.797090706056   0.216628270403   -0.563665325151
0.590399185835   0.0835867556133   -0.802771484079
-0.126788042345   -0.9726692381   -0.194523380523
-0.972069232003   -0.233919518112   0.019054323366
-0.153904321991   0.57405075962   -0.804225829635
0.177185969719   -0.784695727289   -0.59401830587
-0.762568682895   0.640071064783   -0.0937978459011
0.615955005368   0.762722736254   0.197112807712
0.197707954395   0.092536801483   -0.975883448543
0.646047286637   -0.677871076829   -0.350875628433
-0.742722745034   -0.664288175885   -0.0841673534676
-0.176027916645   0.314979400246   -0.932631840537
0.285517823532   0.299782043351   0.910280340846
0.341987584415   0.855416819796   -0.388981434668
-0.895278763599   0.422365707527   0.141715011744
0.26698373292   0.200037716841   -0.942711301617
0.334464050542   0.898182011861   0.2853118863
0.903799471814   -0.391476672881   0.172894561332
-0.323821103805   -0.85121910444   -0.412996282028
-0.767068874139   -0.0193258476577   0.641273618622
-0.553845858573   0.524454524101   -0.646685562768
-0.634048239848   -0.372859559702   -0.677464817007
-0.728172806762   0.582760105698   0.3607700413
0.260282909612   0.722057066959   -0.641004211387
0.541083422305   0.837271558245   0.0787722531195
0.143965879124   6.46199289061e-05   -0.989582650147
-0.828554497758   0.546787283666   -0.120503571176
0.814181596086   0.381439343011   0.437735486566
-0.112877595412   0.843526595755   -0.52509192596
-0.569532244082   0.37810965322   0.729839785907
-0.220287734347   0.517402837034   0.826902423703
0.868027893585   -0.282733656439   0.408153470494
0.44497290935   0.807685572328   -0.386837338166
0.441651813258   0.736171870885   -0.512830042377
0.668687005718   -0.651186288754   -0.35890682039
-0.598164997497   -0.184410937463   -0.779866169233
0.206800874696   -0.898516068197   0.387172149587
-0.950424699182   -0.27841838751   -0.138477769626
0.232220346674   -0.339340649919   -0.911549029895
0.441748976835   -0.0814957349211   -0.893429508498
-0.824760503556   0.354985272438   -0.440176746462
0.353026844927   0.931312998697   0.08959991752
0.882944605046   0.41522441466   0.219083340059
0.199890718186   0.0897513426664   -0.975698927576
-0.424797040013   0.905280830439   -0.00375404265194
-0.491530766799   0.403188183205   -0.771904653577
0.292945902881   0.911266802295   0.289439998999
0.820109872685   -0.0838576410299   -0.56602799645
-0.645687912848   0.274418695408   0.712587888483
0.429099606699   0.90231098128   0.0413330448001
-0.631633316674   0.332459430115   -0.700364248513
-0.486524642386   0.713151498134   0.504686747459
0.823863898941   0.182248673487   0.53668770904
0.290761153481   0.676904987219   -0.676208244482
0.202695088348   -0.648757556725   0.733504147058
-0.869759259318   0.224889005233   0.43925364672
-0.449926140595   -0.727006580381   -0.51867899523
0.828061934895   -0.306049746211   0.469730757799
0.135796363873   0.9223941048   0.3615915693
-0.543941889853   -0.235632485608   0.805359889856
0.0386474571588   0.771380402949   -0.635199691437
0.335139602873   0.588849799296   0.735484439302
0.941375493967   -0.241305175692   -0.235762574517
0.807895360562   -0.370900557501   -0.457971465081
0.238134033456   0.91629987095   -0.322004236938
0.53907074535   0.151087136916   0.828598460393
-0.871073434496   0.487369522475   -0.060844229617
0.206170088137   0.250394162804   -0.945936920725
-0.445785785409   -0.836524782536   -0.318592720775
-0.771747579578   0.594938100437   -0.224620413285
0.530360942797   0.797040722143   0.288865639357
0.350888791173   0.103801463836   -0.930646179993
0.935878865383   -0.31105927452   0.165447505465
-0.33857906514   -0.66416648557   0.66651863897
-0.0974421160411   -0.679797769326   -0.726897535311
-0.355239509775   0.407393990436   -0.841329321521
0.870520273862   -0.183750186139   -0.456541697864
-0.340586763527   -0.89457588032   -0.28936940208
0.998263654458   0.0588221337878   0.00310366944995
0.0283920687658   -0.526666392864   0.849597787814
0.0516097531345   -0.848034472887   -0.527422000088
0.159236327683   0.488167655044   0.858100304461
0.804541554548   0.439568416586   -0.399365113832
-0.572150923229   0.75397078704   -0.322755903646
-0.744590159176   0.604559403091   -0.283007814367
0.57905015664   0.374055370689   -0.72441941978
-0.332093979099   -0.703271290324   -0.62858816506
-0.696675247515   -0.320222566689   -0.641951016263
-0.426858747529   0.904236155138   0.0121895610413
0.576571946209   0.282514572233   -0.76664875094
0.802422761573   -0.573457336401   -0.165119335748
-0.186642123796   -0.503982031123   0.84330707926
-0.566817809648   -0.64587057189   -0.511437948369
-0.064388064378   -0.268116858857   -0.96123229615
-0.495506153932   0.844689618476   -0.202418131242
0.866214655026   0.463263206435   -0.18724148307
-0.799738390413   -0.577213851829   -0.165053555421
-0.443959804987   0.753688458551   -0.484616754769
0.404126463444   -0.314289479149   -0.859013343808
-0.346114205081   -0.931654712206   0.110564254013
-0.627266996115   0.142160830927   -0.765719539868
0.697668311325   -0.334379717349   -0.633600135732
-0.649863811769   -0.710353282651   -0.270324323694
-0.281754153148   0.555480484669   -0.782340097615
0.705897742833   -0.432249517038   -0.56113165272
0.656629227225   0.108767563262   0.746329468222
0.730309133957   -0.338851110284   -0.593151324637
0.188378944718   0.934531723507   -0.301933487618
0.0569648670094   0.921462403189   -0.384268192068
-0.165730996378   0.388280753283   0.906516019422
0.984524372865   0.0120455858598   0.174833243679
-0.204291014215   -0.0295003394051   0.978465590343
-0.976225433555   0.0801174451958   -0.201407789955
-0.0724505651474   -0.996348796833   -0.0451662557607
0.574402254768   -0.807763604743   0.132589624671
-0.563463569303   -0.272673081409   0.779844982509
-0.59377677269   -0.522654139492   -0.611769396658
0.0568526723165   -0.980673230638   0.187210545538
-0.215982392481   -0.195154375664   -0.956695550213
0.974740673097   0.0139565171003   -0.222903198366
-0.0191752095573   -0.571888801692   0.820107011211
0.329187989293   0.770911722777   0.545280096272
-0.944069689718   0.280425238139   0.173476530894
-0.139527741212   -0.276478818412   0.950837248114
-0.146833473791   0.955391329423   0.256256392385
-0.979271127118   -0.10385986055   -0.173899939505
0.389652710361   0.41374529177   0.822791345875
0.910566368089   -0.0392214696836   -0.411497953362
-0.137984254948   0.909547420344   -0.392025299607
0.100081884548   0.948873651679   -0.2993700211
0.849241542371   -0.238237752764   -0.471202266408
-0.518432656279   -0.207078647634   -0.829666206734
0.644897163401   -0.512594028676   0.566881831076
0.057024165265   0.771935224815   0.633138415566
-0.762139024859   -0.375983205017   0.527049083418
-0.478354391387   -0.833110014755   -0.277677473979
-0.836417232708   0.335899212687   0.433102680372
-0.267550535545   0.439430793449   -0.857506436535
-0.818473050296   -0.496080625977   0.289837676071
-0.567333775627   0.618151834317   -0.544077840721
0.0907427846877   -0.609747752977   -0.787383911931
-0.24130207646   -0.818930211108   -0.520698201678
-0.745375681293   0.499989065557   -0.440937669133
0.621440585763   0.281716601672   -0.731059063762
0.843427192595   -0.506011390544   -0.180507737872
-0.369247015289   -0.79004091819   0.489379187629
-0.390239942205   -0.34610377089   -0.853185189324
-0.078031705899   0.996619082001   0.0257188308949
0.285801866029   0.0470770785762   -0.95713167435
-0.955106458069   -0.0673361274591   -0.288509098105
-0.499173111773   0.856944666107   0.128343459958
0.763866870665   0.365269373625   0.532057974842
0.409064308373   0.363626352073   -0.8369242903
0.237679354246   -0.482153440093   0.84322985287
-0.826607424104   0.355509358253   0.436272005302
-0.510126152026   -0.800712905104   -0.314054378441
-0.410381017563   -0.296965249969   0.862205927105
0.162568336832   0.906520397299   0.389605319702
-0.897306500748   0.300054011123   -0.323741616301
-0.611391716364   -0.789308341432   -0.0565023124064
-0.701824526253   0.507870266936   0.499509886101
-0.365571475243   0.345050915241   -0.864463626985
0.0736950808653   0.696833046786   0.713437271217
0.862648177736   -0.403500109572   0.305001283639
0.500406990862   0.592968267683   -0.6308577312
0.0524142284042   0.900994454162   -0.43065269328
0.873073789586   -0.250683915801   -0.41821015327
-0.484762732272   -0.354071416423   -0.799774046511
-0.109330934431   0.640408157872   -0.760213218845
0.993740292043   0.0880824802394   -0.0687146901753
0.0229560176727   -0.762967147396   -0.646029529702
-0.824973586819   0.123240926942   0.551570716206
0.388417438873   0.83256709488   0.394922683195
-0.410548991265   0.540040467418   -0.734714787737
0.809639739377   0.204365982861   0.550198180178
-0.463403337846   0.797875571132   0.38555404221
-0.360195556463   -0.567123547422   0.740695648066
0.123874119336   -0.979734042116   0.157405239046
-0.954288706633   -0.0741381759957   0.289545497725
-0.272007843548   -0.186077235525   -0.944132933156
0.691153125545   0.715524774993   0.101644741239
0.401546887337   -0.497134606809   0.769166613929
0.600888886833   -0.490796779823   -0.630912883523
0.727308454519   0.599767490975   0.333618597734
0.317403418904   -0.724943827461   0.611319488234
0.608504298796   -0.338726148674   -0.717626026947
-0.95401860314   -0.294591626723   -0.0553559240542
-0.222386356264   0.819448085422   -0.528251023516
0.200979634319   -0.491650901314   -0.847281876253
-0.45042304746   -0.472011418452   -0.757841869499
0.100695593081   0.816549616399   -0.56842512391
0.887118636851   -0.332343113076   -0.320263296899
0.594216618824   -0.0279096283145   -0.803820665672
-0.751333670811   0.337429853393   -0.567132091443
0.287061535249   0.940936845216   0.179536983081
0.966246407227   -0.257453957951   0.00923796824215
-0.0637656816063   -0.273753372997   -0.959683817006
0.249603322036   0.926701974913   -0.280929940235
0.578282792839   -0.766803591417   0.278570033737
-0.750269308667   -0.633961451806   -0.187586892124
0.320444965601   -0.10052427475   -0.941918199318
0.295048835953   0.166130699479   -0.940928676943
-0.85886621144   0.477628491541   -0.184986093844
0.418682475452   0.862711779657   0.283607774912
-0.0015786472397   0.857802043227   0.513977784062
0.245633272933   0.498564169286   -0.831323080597
-0.969361544059   0.124937679428   -0.211491780356
0.869189033559   -0.479026336627   -0.122654770631
-0.479789325475   -0.756995789991   -0.443575897785
0.119635392341   0.444399755573   -0.887804162046
-0.184214574149   0.235958602099   -0.954142824091
-0.895592700824   0.359649267732   0.261851328905
0.404942841522   0.902760179845   0.145070165039
0.406563878541   0.111197868724   0.906830109038
0.791207685512   0.453453179065   -0.410329882877
-0.456832804265   0.884316260388   0.0963770748705
0.402521132531   0.914739923597   0.0350372664971
0.754354339959   -0.309776175094   -0.57878169557
-0.518581013584   0.259402377631   -0.814729488129
0.335212868665   0.827078786928   -0.451190661357
0.94168670316   -0.309024450215   0.133154204822
-0.0292999278696   -0.469515249363   -0.88243806856
0.658986590546   0.701575766227   0.271160686168
0.555486922965   -0.210887247581   -0.804338763969
-0.50712025388   0.680674674901   -0.528688031882
-0.425378101407   0.896009320096   0.127360783382
0.583457126125   0.163930943777   0.795427198206
0.691831809631   0.412666868034   -0.592515656511
0.46276127518   0.88646198795   -0.00609476112249
0.603900560458   -0.320273468124   -0.729882880121
-0.648965419165   0.334080902679   -0.683545049862
-0.263010366321   0.89360939125   -0.363713902781
0.421537392657   -0.232663491139   -0.876455319159
-0.867831650609   -0.383835844808   -0.315496862807
0.0257976865887   0.706076005564   0.70766599023
-0.189812626329   0.698483289784   -0.689994391845
-0.98148135298   -0.116523681103   0.152041394003
0.396379865488   -0.917781449365   0.023668828368
-0.457615552827   -0.175158082411   0.871726821875
-0.795908919441   -0.356366184375   -0.48942020247
-0.0942164256281   0.0720197106453   0.992943314807
-0.49314481381   0.863042263484   -0.109390328879
-0.864830305756   -0.49997121189   -0.0457966104346
0.272119294649   -0.820857816587   -0.50213895928
-0.74930859306   -0.508157984974   0.424631716517
-0.603728185399   0.260706553915   -0.753355408091
0.758142596339   0.614236546827   -0.218936676138
0.398753583784   -0.171037233118   0.900967171604
0.515960640976   -0.770363374928   -0.374599636325
0.881754324159   0.379522267139   0.28012882853
0.35735611894   -0.149810899755   -0.921874882276
-0.307905693491   0.912972914747   -0.267721013101
0.372077921939   0.0171383095562   0.92804326319
0.582853309229   0.773816452287   -0.247972010702
-0.72238496657   0.633177997498   0.277930897089
-0.444714085643   0.152159015253   0.882653395228
0.869654246236   0.309154579193   0.38487002763
-0.214314894571   0.938760395544   -0.269811129727
-0.777557698066   0.184814186418   0.601038886166
0.0576148348907   0.972751638858   -0.224576890843
-0.626166556905   -0.139992734092   -0.767018563936
-0.0280868699391   -0.866295822513   -0.498741090781
-0.713649038912   0.366742392537   -0.596829177216
0.699940123866   0.339163036625   -0.62853182703
-0.307113184667   0.78790872183   -0.533742763755
-0.427165675284   0.387045760504   0.817144457933
0.850418119313   0.47895242492   0.217700705106
0.251901924522   -0.455466583504   -0.853870957307
0.198758712736   0.887863264789   -0.414962404502
0.947122164525   -0.0651844640182   0.314182416944
-0.557352902682   -0.704540353367   0.439295609304
-0.373380592591   0.685264163306   0.625299895703
-0.741582547632   0.184488256991   -0.644995665167
-0.570991264222   0.804910181755   0.161519582368
0.694012194121   0.578362324368   -0.428770446933
-0.438538539462   -0.132727619803   -0.888857316079
-0.235774017993   0.967962234861   -0.0863696956297
0.52511163145   0.201678707371   0.826791070047
0.817721460496   0.149582120845   -0.55583882751
0.416380064339   -0.708695401004   0.569542334349
-0.858548680742   -0.512630350294   -0.0102120885364
0.299201946546   -0.484727709701   -0.821898559818
-0.73919503376   0.657043251167   -0.147935351288
0.610986014073   0.561802117321   -0.557740505595
-0.283349241524   -0.502665442486   -0.816725572184
0.604495423415   0.134055401283   0.785248006975
-0.532273022001   0.801365493809   0.272944637944
-0.592680953904   -0.582960114175   0.555775847046
-0.655640265122   0.411868136247   -0.632851073401
-0.295748784978   0.631088093012   0.717119568164
0.694743477079   0.657337399822   -0.291957263753
-0.198958966644   0.866065448982   0.458634895828
0.841405896272   -0.0889772589175   0.53302829673
0.502445467002   0.491948864696   -0.711009751841
-0.498018683938   0.72565599577   -0.474763905802
0.861228905103   0.34993742413   -0.368549280571
-0.101302336917   -0.592424826452   -0.799231294144
-0.667053246835   0.622820503871   -0.408820970405
0.329048619945   0.738619278155   0.588360916148
0.668406292308   0.257946083311   -0.69763661494
0.918385000184   0.276535866663   -0.283013967651
-0.227276494408   0.954149361111   0.194793202607
0.323904903522   -0.114572732976   0.939126563533
0.90582364267   -0.264150009577   0.331222434054
-0.175721270283   0.477140288934   0.861080240074
-0.385493921548   -0.838189666553   0.385788179359
-0.940013353451   0.33810609177   -0.0453780347964
0.265233909813   0.808017968353   0.526077880075
0.214536403483   0.482484438637   -0.849224880731
-0.891568169483   -0.228351872352   -0.391103083034
-0.424408618664   0.722671145376   0.545549026252
0.158061771372   0.652381665924   -0.741225092935
0.431276034958   0.279403624305   -0.8578663045
-0.777932778514   0.596756192077   -0.196729863853
0.456969992215   0.752207193493   0.474723882138
-0.430299390437   0.8702722733   0.239726103946
0.417455685476   0.427315201093   -0.801955403734
-0.800358160608   -0.245005896335   -0.547173578956
0.843844143121   -0.462026591547   0.272870831756
-0.307799505749   -0.000241386523036   0.951451210516
-0.439529892477   -0.886866038608   -0.142415249125
0.191993433012   -0.98040413908   -0.0441162753875
-0.981340098861   -0.19226907708   0.00205240478157
-0.0104943816959   0.0428990218102   -0.99902429494
0.259685920686   0.729187894483   0.633125767234
0.858206465809   0.126338874699   -0.49751397044
-0.442769561556   0.672550000578   -0.59298533884
0.540154960213   0.770854797702   -0.337661812791
0.84107731648   -0.480816959886   0.247798302635
0.0286629841531   -0.417849173681   -0.908064150483
0.387688604426   0.645162380267   0.65837910742
0.848643189572   -0.528648727947   0.0183100856159
0.359864256062   0.551630334129   -0.752463747752
-0.450445816653   -0.838848205515   -0.305666900996
-0.890297493059   0.447670889115   0.0834334998211
0.0668501317369   0.309716746631   -0.948475933667
-0.270134692839   0.735560749274   0.621270981014
0.744775046981   0.568573706064   -0.349333751827
-0.610194540387   0.368339958325   -0.701418775043
0.631694389541   0.382445769235   0.674312562405
0.768889867669   -0.198185489737   -0.607890518971
-0.0988461917226   0.902473127164   -0.419251338853
0.398925770776   -0.3770482118   0.835878505161
0.693949696735   0.719994912776   -0.00641435716896
-0.599409749514   0.582616487541   0.548877017767
0.99957875194   -0.0100827672519   -0.0272150045756
0.012125794313   0.997035573062   0.0759804656598
0.026368234332   -0.0762784625837   0.996737835323
0.783914299728   0.543073473592   0.300914560901
0.620249865251   -0.66336511181   -0.418612987245
-0.0277213877361   0.514798922604   -0.856862645905
0.994899518354   0.0684832719369   0.0740607172719
-0.0195430846353   0.851166199622   -0.524532333096
-0.0989596696688   0.520409590693   0.848163216424
