-2.23665828498e-05   -0.210739322869   -0.977542294381
0.881271891436   0.46199173857   -0.0996166997129
0.472609619952   -0.86148277481   0.185708308486
0.702886438548   -0.0378154038339   0.710296170437
-0.40608190556   0.798525606873   0.444358347672
-0.583993270922   -0.600771878837   0.545916668656
0.921993755455   0.214155147089   0.322591208617
-0.113717857872   0.946150841695   -0.303095419895
-0.370129387786   0.242767703238   0.89669843234
-0.358175140475   0.753672733317   -0.551078923386
0.933481646702   0.277721419671   -0.226898277484
-0.017960624023   -0.595691383277   -0.803012572675
0.688939016728   -0.232989588495   -0.686351865214
-0.208418767448   0.843257734709   -0.495457374785
0.694207928942   0.484388526398   0.532393751736
0.176400569782   -0.799120336517   -0.574708210091
-0.961570249939   -0.0151030197501   -0.274143307827
0.210393662957   0.600981352922   -0.771074523005
-0.79721307614   0.215120600024   -0.564069533545
0.589993761697   0.0796733636026   -0.803467184327
-0.127901025749   -0.973332051551   -0.19043645931
-0.972169421226   -0.233510388619   0.0189608765728
-0.153419192681   0.573378217708   -0.804798093173
0.177056961881   -0.78530905882   -0.593245745358
-0.762443328569   0.640289591592   -0.0933242177546
0.615931837912   0.76237456942   0.198527043365
0.198262809843   0.0938842627905   -0.975642149271
0.643857168815   -0.679922745014   -0.350931627213
-0.744747790411   -0.662087043275   -0.0836150453213
-0.175495512314   0.315191700303   -0.932660451192
0.284292298932   0.299751453032   -0.910673901665
0.339822400594   0.856693341449   0.388068621215
0.896492400873   -0.419792311891   0.141689061169
0.26682209342   0.199290979097   -0.942915200914
0.334382402566   0.898464175074   0.284518074933
0.903877413877   -0.391209958666   0.173090695656
-0.324341893283   -0.851147788961   -0.412734512257
-0.767028737893   -0.0187083519544   0.641339935458
-0.553596650557   0.524592640926   -0.646786912034
-0.634185838502   -0.371552208093   -0.678054038337
-0.728269023108   0.581590923181   0.362458588054
0.259677785389   0.723671855701   -0.639426690905
0.539041986816   0.838726776403   0.0772730935982
0.141370903663   0.000348336562804   -0.989956638575
-0.830330057295   0.54455236039   -0.118383794273
0.814157092045   0.386424169041   0.433387345286
-0.119119802611   0.841671177549   -0.526687859657
-0.568294555753   0.377181641209   0.731283329112
-0.219850477203   0.517246239191   0.827116736452
0.868028799917   -0.283200705101   0.407827614496
0.445187342799   0.807622243796   -0.386722822106
0.439655934745   0.736190223435   -0.514515902536
0.668364818148   -0.650841596474   -0.36013009616
-0.599992607375   -0.185550993576   -0.778190015278
0.208784864181   -0.89793161242   0.387463159418
-0.949899918012   -0.280426987772   -0.13802481766
0.232591973743   -0.339233730555   -0.911494075573
0.441667787982   -0.078602646279   -0.893728811809
-0.82585042722   0.353628141779   -0.439224554417
0.350571871262   0.932077658428   0.0912721301373
0.882881156193   0.415760231962   0.218321537093
0.199148404476   0.089544408023   -0.975869720806
-0.425277294285   0.905055373174   -0.00374091635414
-0.490865506091   0.405768544443   -0.770975319495
0.291839997616   0.910378027576   0.293327909852
0.820902229697   -0.0810168824835   -0.565292662283
-0.644631981124   0.27557923096   0.713095853567
0.431871077693   0.900946047236   0.0422325966698
-0.63082246406   0.335189957238   -0.69979333478
-0.488724771269   0.714146703002   0.501141282013
0.82408355798   0.18930285528   0.533901412669
0.286416458002   0.673913136519   -0.681033550577
0.205326290462   -0.649126424956   0.732445219021
-0.869426360099   0.222650598449   0.441049334398
-0.449376144013   -0.727366204489   -0.518651603445
0.828198746267   -0.305209339842   0.470036270467
0.134634550629   0.922491299234   0.361778026716
-0.544022402534   -0.2363409861   0.805097859785
0.0391498695211   0.773237485987   -0.632906847791
0.333027944564   0.58708233944   0.737852773158
0.942103856194   -0.239662506415   -0.234525493631
0.808202529906   -0.371264200127   -0.457134077003
0.237994822858   0.915943350117   -0.323119550118
0.538671639263   0.152350494189   0.828626690358
-0.871587976072   0.486294764336   -0.0620628886314
0.203935990935   0.244533801015   -0.947952177993
-0.44580770694   -0.838880576924   -0.312305725359
-0.77027598986   0.597034101199   -0.224109753138
0.532406525222   0.795504406078   0.289337228528
0.351024488244   0.103552025171   -0.930622795088
0.935551333625   -0.308789156961   -0.171443747905
-0.341107219556   -0.66406960665   -0.6653250501
0.0915945790912   0.680926438074   -0.726601416882
-0.355725854597   0.406445364535   -0.841582605583
0.870182060234   -0.184459996792   -0.456900089331
-0.34094324809   -0.894861260325   -0.288064274686
0.998256673759   0.0589252016645   0.00338140556739
0.028215746459   -0.52675633402   0.849547901075
0.0518409581951   -0.847971453045   -0.527500644431
0.159872024148   0.489167826387   0.857412254125
0.804257970112   0.4390852427   -0.400466312135
-0.572372303144   0.753603998975   -0.32321967657
-0.742295855069   0.607691622653   -0.282325619282
0.581990609971   0.375884266428   -0.721108832394
-0.33209003817   -0.699586956717   -0.632688151097
-0.69714375468   -0.318215739937   -0.642440135863
-0.42749645215   0.903872067728   0.0161885323526
0.575532248193   0.285926613027   -0.766164866888
0.801135104359   -0.576119383366   -0.162077144207
-0.190436929013   -0.502131832718   0.843562326471
-0.567376700819   -0.644941918845   -0.511989844319
-0.0646164779774   -0.263956319015   -0.962367794778
-0.49911295486   0.843640766553   -0.197880052811
0.864124394439   0.467543921639   -0.18625711335
-0.801488262725   -0.574009337476   -0.1677195433
-0.442310995535   0.757771120914   -0.479733167019
0.402464343692   -0.310316304438   -0.861235300749
-0.346449267654   -0.931061216509   0.114446127296
-0.624329950203   0.137799555937   -0.768910525134
0.700132143398   -0.337840633281   -0.629029958176
-0.648618879672   -0.709880707699   -0.274523095151
-0.288538705753   0.563103207608   -0.774377293614
0.704300336658   -0.423065194053   -0.570067432297
0.656502294039   0.109518211171   0.746331360284
0.730592526144   -0.338540516638   -0.592979661824
0.18772133247   0.934556622156   -0.302265812356
0.0567718115474   0.92108043799   -0.385211355186
-0.164766638732   0.389186852747   0.906303232042
0.984697372888   0.0120175039019   0.173858170431
-0.204127546965   -0.0313744789235   0.978441406852
-0.976128009795   0.0822831650127   -0.201006440815
-0.0742027833946   -0.996115014859   -0.0474217683007
0.571361609007   -0.809247701678   0.136616503695
-0.567029164441   -0.268908560753   0.778566704032
-0.593315968457   -0.522308666675   -0.612511076056
0.055916208378   -0.981136492084   0.185052861483
-0.217855688128   -0.192866312379   -0.956734803748
0.974377892192   0.0131821641715   -0.224530518544
-0.0193341202919   -0.572065746778   0.819979861433
0.329507520498   0.770667666533   0.545432068818
-0.94395497018   0.280734980229   0.173599784413
-0.139121591783   -0.276661722413   0.950843559189
-0.148575094013   0.955144027302   0.25617441041
-0.97906620008   -0.105632279448   -0.173986198877
0.388642347647   0.411485136097   0.824401060399
0.911323794518   -0.0397809260595   -0.409763858177
-0.135816299322   0.91054789039   -0.390456748111
0.100231058387   0.948637571613   -0.300067480175
0.848802740295   -0.238878127828   -0.471668472673
-0.519121992409   -0.207422269222   -0.82914917791
0.645103454097   -0.512314783003   0.566899547212
0.0565249186002   0.771886904847   0.633242086175
-0.762001618823   -0.37646270631   0.526905459896
-0.477386131478   -0.832935753387   -0.279858021507
-0.836280623158   0.33292817559   0.435653014712
-0.269698351501   0.442014547982   -0.855503324699
-0.818308260268   -0.495244278887   0.291727090625
-0.567247422766   0.613937084109   -0.548918589702
0.0927467117512   -0.614666056476   -0.783315828049
-0.241752925943   -0.81831725458   -0.521452196902
-0.745815499428   0.500480242213   -0.439634812051
0.620737274223   0.2826241285   -0.731306254847
0.840763000714   -0.507830905462   -0.187684171114
-0.36743871177   -0.789825444866   0.491085084005
-0.397625916814   -0.34392373878   -0.850652744766
-0.0776858943715   0.996538212487   0.0296056222061
0.289977845806   0.0509970426522   -0.955673663224
-0.95387512325   -0.0656573887051   -0.292935754988
-0.498939455577   0.856895649205   0.129573400209
0.763288702594   0.363693448112   0.533963886694
0.410426334635   0.365317563461   -0.835519779338
0.236903050396   -0.480513562034   0.844383598499
-0.827479885229   0.355613628601   0.43452961544
-0.509071688718   -0.80165183456   -0.313369353785
-0.41041462659   -0.297903546647   0.861866179389
0.164413886647   0.905470752799   0.391268181306
-0.896954797165   0.302284952851   -0.322638960948
-0.61073043964   -0.789647201995   -0.0588695717598
-0.701334872903   0.504914780658   0.503180345724
-0.367610835187   0.34859483739   -0.862173946021
0.0725338241162   0.696493154627   0.713888037382
0.862446526112   -0.403295643381   0.305840830546
0.500923980218   0.593506452862   -0.629940676933
0.0548750112804   0.89953599726   -0.433386343543
0.871491549231   -0.254988918239   -0.418907067491
-0.487330701634   -0.354705005896   -0.797930539606
-0.108935928139   0.639296581696   -0.761204863484
0.993820699102   0.0864460355179   -0.069623997159
0.0212927592774   -0.764085704339   -0.644763254868
-0.824895827757   0.124775473755   0.55134195786
0.387539886192   0.834881705658   0.390877697198
-0.411533364331   0.536100381184   -0.737045908567
0.80964435298   0.204264767268   0.550228976464
-0.463433593143   0.797751883984   0.38577355579
-0.360146257005   -0.567333972588   0.740558462994
0.13017355629   -0.979266440075   0.155216251033
-0.953278759706   -0.0805711128645   0.291149277973
-0.272606770891   -0.185864292196   -0.944002125712
0.691295463474   0.715283981042   0.102368982823
0.400869092077   -0.497520492591   0.769270648387
0.601177638637   -0.490756748212   -0.630668899571
0.726819071109   0.601204885128   0.332094450375
0.319262693245   -0.723838691108   0.611660757248
0.608116247582   -0.338541334779   -0.718042055922
-0.954732542827   -0.292240311202   -0.0555101087792
-0.219498818896   0.818064518828   -0.531592618025
0.200763642553   -0.495344368641   -0.845179221399
-0.451691482025   -0.464648831867   -0.761627381408
0.102600760969   0.820958679829   -0.561693804366
0.886254979628   -0.331855855845   -0.32314671904
0.593825021342   -0.0261546728475   -0.804168997858
-0.752094046181   0.337075905547   -0.566334158954
0.285878277816   0.94111410944   0.180493333077
0.966362325163   -0.256942172038   0.0111613948411
-0.0617465683745   -0.273921194041   -0.959767961931
0.249662207393   0.926794421478   -0.280572419379
0.57529950975   -0.769369286109   0.277671344712
-0.752926940006   -0.630759169617   -0.187733569075
0.319580188835   -0.101063205649   -0.942154303375
0.296992400228   0.168049454465   -0.939976007705
-0.860452287048   0.473920953912   -0.187138427796
0.414025815526   0.864383196445   0.285349459052
-0.00194319876198   0.858064071479   0.51353896952
0.244375189592   0.498377206223   -0.831805822911
-0.969678808003   0.123879818994   -0.21065801612
0.868341734588   -0.480027595929   -0.124724252332
-0.481665310707   -0.756248295555   -0.442817167611
0.118241957163   0.444591973181   -0.887894597883
-0.185161121324   0.235962987476   -0.953958504178
-0.894468534655   0.361568056923   0.263048628063
0.40699066287   0.901992244288   0.144113120785
0.405096425573   0.110858752667   0.907528083833
0.791327991636   0.454654203071   -0.408765905236
-0.457926736107   0.88374198304   0.0964531584321
0.400867398377   0.915399174637   0.0367379911339
0.755717897893   -0.307739897194   -0.578088760035
-0.517876228188   0.259500494699   -0.815146431955
0.339738091662   0.825503114604   -0.450691287749
0.940028409009   -0.313527964262   0.134338400623
-0.0304075538338   -0.469302486042   -0.882513771714
0.652249893727   0.705891827284   0.276200659495
0.560655243013   -0.20404229182   -0.802516318604
-0.510133094999   0.678294531392   -0.528848517123
-0.425695601155   0.896005366395   0.126323547086
0.583643807854   0.165204380744   0.795026677626
0.69147896621   0.412167315509   -0.593274762075
0.462834901566   0.886420732617   -0.00649143120686
0.603667965436   -0.320544245848   -0.729956419221
-0.649129294825   0.333930638369   -0.683462864654
-0.266846526062   0.894036449972   -0.35984963201
0.423034865503   -0.22683298695   -0.877261818734
-0.865929808995   -0.386323209451   -0.317678994808
0.0250539069382   0.695385286101   0.718200254532
-0.176854361924   0.7101771877   -0.681447647832
-0.983918104521   -0.109943921801   0.140774634237
0.395335443249   -0.917757485165   0.0378296938195
-0.469647753006   -0.166569200203   0.866998090909
-0.789392725712   -0.360521705264   -0.496873449306
-0.0941392576108   0.0708522662739   0.993034620011
-0.49225756548   0.863687401869   -0.108289247298
-0.865344029507   -0.499023073832   -0.046429326715
0.27216913762   -0.821643123096   -0.500825856757
-0.750291498023   -0.507087034306   0.424176151655
-0.602483716395   0.26031772492   -0.754485290493
0.757662646381   0.614924202423   -0.218667646335
0.39859611756   -0.170686465065   0.90110336017
0.516786657477   -0.769892431394   -0.374429158502
0.882491951446   0.378225940048   0.279558748579
0.356655394704   -0.150679942242   -0.92200460109
-0.306602160887   0.913367775476   -0.267870158208
0.372172595764   0.0201886184749   0.927943952319
0.580236378041   0.775263682805   -0.249583588645
-0.724439993761   0.631315009965   0.27681772637
-0.444283082784   0.153834183776   0.882580073564
0.869706790006   0.31047457858   0.383686897707
-0.214994515669   0.938051480441   -0.271729237063
-0.777289360146   0.186563211483   0.600845586423
0.0599936959631   0.972649279   -0.224397273835
-0.62627630248   -0.138374665965   -0.767222552308
-0.0315114036456   -0.866011690584   -0.499029842006
-0.712150057502   0.36978067825   -0.596744958582
0.701319703874   0.336579859417   -0.62838258346
-0.307240401136   0.78930327284   -0.53160481507
-0.429220626515   0.383637074736   0.817674904022
0.849336794031   0.479398517288   0.220916436541
0.251759726556   -0.456943691271   -0.853123380931
0.201359078715   0.886957979792   -0.415644154899
0.94661056486   -0.0671416792326   0.315310059158
-0.558128749465   -0.703167469143   0.440508580343
-0.373098369472   0.686869526776   0.623704946175
-0.741140948615   0.18375462858   -0.645712266228
-0.569470408486   0.806523029601   0.158820831705
0.693466199093   0.575106788397   -0.434000936237
-0.441370688396   -0.137013811943   -0.88680275753
-0.235586725391   0.9680513625   -0.0858804656659
0.524573137126   0.201053475983   0.827285031656
0.818120968211   0.14984678628   -0.555179270162
0.42085629058   -0.70827561683   0.566767706633
-0.857156377763   -0.515007232778   -0.00710593039811
0.296922425457   -0.482817978942   -0.823846995789
-0.738013405854   0.657498462551   -0.15176292209
0.610717340851   0.555177447988   -0.564625832591
-0.28698526506   -0.509385681963   -0.811274111906
0.605567815555   0.134419898729   0.784358917581
-0.533622395175   0.799790966772   0.274920986536
-0.59036832582   -0.585034785543   0.556057136968
-0.655532836569   0.415409005107   -0.630644161662
-0.296312046367   0.626640524748   0.720777929683
0.694604831066   0.65936106286   -0.28769274831
-0.199856629635   0.866157854322   0.458069753406
0.841469199655   -0.0877850536517   0.533126036118
0.501982981407   0.492000361534   -0.711300731495
-0.49717879302   0.726772651537   -0.473935397231
0.861812182426   0.350406014949   -0.366736127086
-0.100463973609   -0.590776724038   -0.800555964528
-0.668666709883   0.620653432959   -0.409480338049
0.326199257654   0.739732758913   0.588548629849
0.668190747765   0.259970693632   -0.697091359186
0.918562331268   0.275905880216   -0.283053332143
-0.226434880185   0.954241530885   0.195321134982
0.323991494658   -0.115321489745   0.939005040131
0.90584356393   -0.264609797338   0.330800684462
-0.175124251094   0.477129110602   0.861208051806
-0.385718724418   -0.83805099306   0.385864741411
-0.940795313719   0.33598572483   -0.0449195992299
0.262106145193   0.805068231789   0.532132982268
0.214952428078   0.488854512995   -0.845468342866
-0.892141193791   -0.227951942874   -0.390028206773
-0.422606166297   0.726227290533   0.54221577872
0.15964998762   0.648561357332   -0.744231178618
0.431495432417   0.278138900997   -0.858166908915
-0.777478770216   0.597129778156   -0.197389943776
0.457535193912   0.752379412127   0.47390586253
-0.430348345701   0.870536362418   0.238677068563
0.416312035135   0.42602780282   -0.803233839318
-0.800927331755   -0.246306217809   -0.545755124863
0.843551054419   -0.462376719933   0.273183797932
-0.308089974163   1.24510648838e-05   0.951357224004
-0.439888834149   -0.886683578685   -0.142443128589
0.193932424361   -0.979990793572   -0.0448136061341
-0.980947696574   -0.194251354119   0.00283337401907
-0.0114817841279   0.0434103206198   -0.998991347659
0.260195437554   0.726937508183   0.635499955526
0.85985983734   0.124963876452   -0.495000090617
-0.439248670351   0.675237653556   -0.592549337031
0.539307338081   0.771563266345   -0.337398460458
0.841593530181   -0.479808871812   0.24799954937
0.029460567701   -0.41770033823   -0.908107098526
0.389480882459   0.646363045672   0.656139813903
0.848741387276   -0.528539437253   0.0168558829866
0.357690787865   0.550327971719   -0.754451074504
-0.445828296102   -0.841433797664   -0.305329812737
-0.892647409529   0.443261212655   0.0818541362316
0.0664660263499   0.309044756476   -0.948722090941
-0.270664919253   0.735798047469   -0.620758998989
0.743785742856   0.569215357231   0.350394985432
0.611165501488   -0.366872062759   -0.701342726031
0.631157349831   0.383481139961   0.674227420867
0.769174257908   -0.197306487371   -0.607816675497
-0.100056787506   0.902226338196   -0.419495260924
0.399205432473   -0.382259224248   0.833374410551
0.698031362496   0.716042611903   -0.00593252987797
-0.594463825355   0.584089773422   0.552677027682
0.999573687539   -0.010023184715   -0.0274222345693
0.0120939949677   0.997002098802   0.0764234929193
0.0265740186333   -0.0767225569988   0.996698284729
0.784631950785   0.543254316022   0.298709641509
0.619243377902   -0.663563243596   -0.419787399374
-0.0298385779091   0.514352573506   -0.857059560005
0.994898549784   0.0693507866812   0.073262159565
-0.02067419392   0.850979557418   -0.524791740181
-0.0987393201475   0.520599905151   0.848072099183
