-0.00309610517239   -0.226180585489   -0.974080467353
0.886081420369   0.450888903013   -0.107512388199
0.463519288281   -0.863447473728   0.199018414986
0.699600294713   -0.0441869800006   0.713166837729
-0.399532736946   0.80328814644   0.441703232835
-0.592395999097   -0.593949210444   0.544326478932
0.922057116973   0.214526342911   0.322163190382
-0.1139552463   0.945918245377   -0.303731583645
-0.369898465637   0.24334568264   0.896637052468
-0.350090800851   0.757399860962   -0.551164115101
0.93655084621   0.271982016791   -0.221129588715
-0.0175767921396   -0.593608653203   -0.804561882779
0.68870110861   -0.230754273361   -0.687345072235
-0.211523697164   0.842817535209   -0.494890218011
0.693504512269   0.48622121269   0.531639373816
0.181328477792   -0.805828704181   -0.563702122277
-0.958193474417   -0.0157673667584   -0.285686289014
0.221326113974   0.591938754994   -0.774998878457
-0.797588646519   0.210480345579   -0.565287869202
0.588732206824   0.0676015118759   -0.805496383753
-0.131326842612   -0.975257945221   -0.177834756705
-0.972461668343   -0.232314097548   0.0186671819889
-0.151999661803   0.57146845481   -0.806424148924
0.176675992752   -0.787053978604   -0.591042831229
-0.762122708419   0.640876370479   -0.0919045976737
0.615789014025   0.761369124927   0.202783001786
0.199932157287   0.0979516889566   -0.974901327886
0.637238184869   0.685983242239   0.351218574554
0.75076028983   -0.65547730984   -0.0819053325463
0.174030120838   0.315874164269   -0.932704148907
0.280776430078   0.299724878184   0.911772775263
0.333453719942   0.860345596322   -0.385504956577
-0.899985118193   0.412274729138   0.141620389579
0.266325849299   0.196963849427   -0.94354426712
0.334178785442   0.899315564425   0.28205682928
0.904099043997   -0.390431501806   0.173689841506
-0.325746874574   -0.850999916265   -0.411932174298
-0.766988867529   -0.0169031881186   0.641437728323
-0.552826420127   0.524893727099   -0.647201301343
-0.634571729716   0.36763299358   0.679826964659
0.728587818934   0.578007298188   0.367515106278
-0.257834268371   0.728528342121   -0.63464001196
0.532798905585   0.843110241935   0.072735453194
0.133438949705   0.0011728071798   -0.991056341095
-0.835655056174   0.537739476389   -0.111878874788
0.814074440757   0.401025644894   0.420072894916
-0.137683474117   0.835961895197   -0.531235325193
-0.564203922231   0.374628004713   0.735749816326
-0.218592292872   0.516777022659   0.82774326838
0.868033253315   -0.284546444135   0.406880316887
0.445797802414   0.807449583554   -0.386379980565
0.433835245752   0.736215244306   -0.519397818243
0.667385869163   -0.649862367584   -0.363696308533
-0.60529586252   -0.188854486978   -0.773272850658
0.21474402336   -0.896126725141   0.388383698061
-0.948282859768   -0.286486137872   -0.136694223275
0.233761892319   -0.338943336409   -0.911302799515
0.44143566191   -0.0698933062292   -0.894566644884
-0.829082050774   0.349504099517   -0.436428502169
0.343158140627   0.934324253225   0.0963362878465
0.882660508853   0.417395630176   0.216081729957
0.196963169354   0.088941342976   -0.976368243762
-0.426750437644   0.904361833239   -0.00370655514481
-0.488823116595   0.413541724157   -0.768137489688
0.288619431078   0.90758325513   0.304945009816
0.823256208411   -0.0726352351756   -0.563003852495
-0.641420141079   0.279008843252   0.71465674838
0.440228164009   0.89675698461   0.0450119336085
-0.62831470318   0.343483589041   -0.698025542389
-0.495369149174   0.717322614083   0.48995680766
0.824745499169   0.211259512632   0.524561035461
0.272771456806   0.663941025731   -0.696260042444
0.213230601338   -0.650120377308   0.729298433882
-0.868416746059   0.215897516972   0.446363772422
-0.44764390515   -0.728513388466   -0.518539465237
0.828616329005   -0.302674015793   0.470938870206
0.131133866152   0.922774730027   0.362340594982
-0.544241571781   -0.238485298892   0.804317023168
0.0406701947196   -0.326694842213   -0.944254422988
-0.778770726071   0.581707634646   -0.234802862013
0.625988890856   0.744907180705   -0.230762216703
0.809118458519   -0.372362080223   -0.454613903544
0.237628207485   0.914869119246   -0.326415884505
0.537457119305   0.15608003031   0.82872122517
-0.873150130136   0.483007890207   -0.0656675585079
0.197190839724   0.22679841585   -0.953770544364
-0.445785400133   -0.845733915936   -0.293273797777
-0.765777658082   0.603383058403   -0.222516208882
0.538563183541   0.79078332909   0.290880428643
0.3514744311   0.102910695583   -0.930524106629
0.934280986878   -0.301806218656   0.189821084018
-0.348842255108   -0.663775233175   0.661597703196
-0.0736757667673   -0.684335770074   -0.725435341838
-0.357193266351   0.403561442649   -0.842348581337
0.869151737723   -0.186637896631   -0.457975493182
-0.342035418177   -0.895714495556   -0.284090329235
0.998237192842   0.0592059356666   0.00414294691165
0.0277330451243   -0.52702752832   0.849395586638
0.0524727075288   -0.847783369484   -0.527740441306
0.161751931366   0.492177600329   0.855334742913
0.803383815811   0.437660712853   -0.403766696147
-0.573071336913   0.75247213248   -0.324615053022
-0.735384096769   0.616942514908   -0.280342939128
0.5906705824   0.380800368798   -0.711406594158
-0.332142278712   -0.688747422807   -0.644444329846
-0.698519754214   -0.312441450545   -0.643778294877
-0.429271219413   0.902752448628   0.0276448309679
0.572535040986   0.295665954206   -0.764712541003
0.797242121688   -0.583922633724   -0.153099174496
-0.2015840808   -0.496583375957   0.844256364556
-0.569006904857   -0.642214378965   -0.51360669162
-0.0652744594696   -0.252211174461   -0.96546816023
-0.509246350158   0.840473360836   -0.185128832373
0.858141829648   0.479576952326   -0.183299064391
-0.806536929988   -0.564526450068   -0.175522271349
-0.437497653215   0.769638205176   -0.465029930826
0.397610341914   -0.298273230959   -0.867720632287
-0.347367527607   -0.929209953562   0.126113690644
-0.615492792095   0.124464765447   -0.778252622896
0.707463372654   -0.347961757043   -0.615157046608
-0.644831991242   0.708347109444   0.287116832667
0.30882937637   0.585084060683   -0.74986736042
-0.699153859569   -0.394868350813   -0.596039315955
0.656125532502   0.111782251459   0.746327015361
0.731437790961   -0.337605586331   -0.592470443171
0.185736489555   0.934626768468   -0.303273408183
0.056158936345   0.91992893841   -0.388042423119
-0.16192248573   0.391902286982   0.905645463783
0.985204183142   0.0119727077703   0.170965995992
-0.203618796435   -0.0371028982996   0.978346953119
-0.975813978723   0.0888736968604   -0.199721167969
-0.0795390763523   -0.995351616739   -0.0543018820013
0.562419908204   -0.813433070588   0.148359315619
-0.577327693244   -0.257874216284   0.774721642391
-0.591926162177   -0.521370816455   -0.614651031302
0.0530709373104   -0.982475204192   0.178678338811
-0.223348001835   -0.186076014559   -0.956813141048
0.973292939299   0.0108715202812   -0.229309102212
-0.0198150439191   -0.572607913722   0.819589861563
0.330489581096   0.769918794047   0.545895308058
-0.943601611286   0.281682849523   0.17398497482
-0.13788951923   -0.277435285454   0.950797635079
-0.153577411122   0.954346111247   0.256198124
-0.978468425285   -0.11069400315   -0.174202119352
0.38559778988   0.404361410119   0.829340819233
0.913611267572   -0.0417064870505   -0.404444088476
-0.128952689793   0.913647863755   -0.385511069687
0.100668417779   0.947972207847   -0.302017487593
0.847560453713   -0.240692920516   -0.472978007221
-0.521063476904   -0.208364131183   -0.827693930069
0.645708659105   -0.511520098027   0.566928140835
0.0550930981366   0.771731129574   0.633558059047
-0.761593774984   -0.377860097073   0.526494699827
-0.474471694811   -0.832359549721   -0.286451026897
-0.835815984751   0.323885074572   0.443294595166
-0.276203277419   0.449751084998   -0.849373716974
-0.817819488293   -0.492626998981   0.297472560826
-0.566920687772   0.600880821673   -0.563509691063
0.0988545312311   -0.62949255597   -0.770692483183
-0.243146458747   -0.816470610603   -0.523694129833
-0.747092919828   0.501976408228   -0.43574287685
0.618653351031   0.285298839123   -0.732033198464
0.832308916677   -0.513367481755   -0.209082988059
-0.36207293601   -0.789108660824   0.496196241848
-0.419720211842   -0.337285265155   -0.842658646002
-0.0766751592909   0.996220699264   0.0408073315138
0.302015868343   0.0622110533868   -0.951270834255
-0.950214362771   -0.0606143810838   -0.305644501978
-0.498262341735   0.856712364319   0.13333628025
0.761485321768   0.358870095999   0.539770654009
0.414577789493   0.370481010336   -0.831185344817
0.23464643189   -0.475619519096   0.847777756877
-0.830071753303   0.355833795825   0.42937535341
-0.505887276345   -0.804467763681   -0.311303197584
-0.410507258068   -0.300737314135   0.860837301098
0.169930017612   0.902280258716   0.396250077409
-0.895883686752   0.308945630523   -0.319288297926
-0.608707150112   -0.790641389667   -0.0660439122693
-0.699833790718   0.495845658861   0.514168987744
-0.373775695801   0.359198100683   -0.85514235873
0.0690204203819   0.695437972837   0.715263732833
0.86181615602   -0.402707150842   0.308382658205
0.502502830631   0.595141140063   -0.627134697343
0.0621766112624   0.894740095133   -0.442237754125
0.866284371356   -0.268433315364   -0.421301487236
-0.495666679288   -0.356908556026   -0.791789634739
-0.107802588172   0.635895402633   -0.764209159127
0.994039319065   0.0815170349486   -0.0723934055472
0.0162614309643   -0.767458148647   -0.640892780377
-0.824656188985   0.129404467973   0.550632957272
0.384913087075   0.841701085037   0.378657099295
-0.414468437114   0.524207751866   -0.7439234823
0.809638415438   0.203963717691   0.550349378225
-0.463529461887   0.797396109201   0.386393430318
-0.360036212358   -0.567942115797   0.740145714636
0.148891092903   -0.977623737529   0.14860440866
-0.950002512055   -0.0997066855695   0.295894920439
-0.274457044987   -0.185230679619   -0.943590443881
0.691672219095   0.714616017978   0.104467641792
0.398918424521   -0.49861284329   0.769577366536
0.602041221106   -0.4906212178   -0.629950147816
0.725365161951   0.605470077073   0.327492545864
0.324819655709   -0.720518686254   0.612654073702
0.606908208127   -0.338021905396   -0.719307735521
-0.956855535567   -0.285116478396   -0.0560006946493
-0.210720095295   0.813612234431   -0.54187837512
0.200061304337   -0.506698851125   -0.838589141818
-0.455298674279   -0.442096233201   -0.772822125586
0.108267738425   0.834075727518   -0.540921230478
0.883731415093   -0.329952422866   -0.331888813653
0.592633536229   -0.020878377123   -0.805201580417
-0.754372342904   0.336004992517   -0.563935291735
0.282325804696   0.941628768875   0.18337775664
0.966695398938   -0.25537011768   0.0169147470366
-0.0556934181376   -0.274412272355   -0.959997993725
0.249796414801   0.927083603445   -0.279495515842
0.566457751901   -0.776867609569   0.274958783302
-0.76070144567   -0.6212476714   -0.188108057606
0.31695256091   -0.102606276531   -0.942874873008
0.302659231398   0.173976809458   -0.937085620112
-0.865032316157   0.462924641653   -0.193442157128
0.400145575577   0.869156398999   0.290603978681
-0.00306285039628   0.858839530007   0.512235571437
0.24057928729   0.497825989237   -0.833241196153
-0.97062465736   0.120681175573   -0.208143768554
0.865776303271   -0.483003710556   -0.13091527139
-0.487258546646   -0.754002053748   -0.440522430376
0.11406358496   0.44518346615   -0.888144796783
-0.187962105944   0.235855941334   -0.953437057002
-0.891033303063   0.367435313146   0.266553828494
0.41319474774   0.899646189115   0.141091583197
0.400680013932   0.109999539735   0.909590912275
0.791572017632   0.458364504434   -0.404123399443
-0.461377575678   0.881930882968   0.096584938416
0.396418260136   0.917123473638   0.0416784972572
0.759575872739   -0.30214443656   -0.575980236648
-0.51565206931   0.259987064213   -0.816400434749
0.35301320721   0.820726903873   -0.449209332933
0.935012255084   -0.326742250774   0.137809957556
-0.0336713287235   -0.468664966493   -0.882734043075
0.630135817854   0.719382463706   0.292263104016
0.576740989632   -0.181602430416   -0.79648627618
-0.519902569656   0.670454642893   -0.529331550056
-0.426599007295   0.896005507309   0.123237242125
0.584223995606   0.168975279959   0.793807078401
0.690431466499   0.410635465631   -0.595552604253
0.463002005202   0.886323832296   -0.00769463991824
0.602965840083   -0.321319338718   -0.730195917723
-0.649662480733   0.333442569074   -0.683194492262
-0.278378156222   0.895104645095   -0.348271842775
0.427328402843   -0.209313703515   -0.879532949722
-0.860172098051   -0.393669211207   -0.324235275511
0.0228416617629   0.662194859887   0.748983461795
-0.137527647963   0.744137718742   -0.653716453514
-0.990234519975   -0.088073963738   0.108067443647
0.392150084245   -0.916672596193   0.0770043038749
-0.502369045326   -0.143281874329   0.852699036464
-0.770612518536   -0.373070577609   -0.516695936115
-0.0939012519253   0.0672749598352   0.993305911925
-0.489573063998   0.865628290543   -0.104908901523
-0.866891440663   -0.49614689598   -0.048347571967
0.27229999423   -0.823953250709   -0.496944417202
-0.753182377665   -0.503923907655   0.422820294296
-0.598806328555   0.259155814019   -0.757805545601
0.756227175833   0.617009291925   -0.217761319361
0.398034455344   -0.169661677056   0.901545055833
0.519315925898   -0.768449379606   -0.373893728341
0.88475757718   0.374161713784   0.277861551065
0.354525834309   -0.153338485503   -0.922387522504
-0.302515226773   0.914598447846   -0.268317380668
0.372443948934   0.0293090680256   0.927591765505
0.572353958142   0.779532459095   -0.254440743231
-0.730545311053   0.625675733706   0.273556986294
-0.443038124916   0.158856725861   0.882316134116
0.869810267585   0.314536014565   0.380127865258
-0.217134332329   0.935858769362   -0.277526657341
-0.776493247381   0.191465256773   0.600332651304
0.0669268443127   0.972389614447   -0.223560361484
-0.626561277357   -0.133414741184   -0.767868134872
-0.0418795569608   -0.864977250073   -0.500060455909
-0.707633552672   0.379010019224   -0.596327225992
0.70533740709   0.328885636938   -0.627959696138
-0.307629549517   0.793445256072   -0.5251749098
-0.435386505929   0.373388570313   0.819157839501
0.84605121046   0.480651226127   0.230590000006
0.251334685204   -0.461464028981   -0.850812450526
0.209254747626   0.884146545095   -0.41772878449
0.945009696569   -0.0730468120617   0.318780232509
-0.560497158784   -0.699058500016   0.444027193478
-0.372043415201   0.691561063088   0.619134067247
-0.73988285032   0.181825492096   -0.647698122758
-0.56479181225   0.811467773765   0.150100835967
0.691526008375   0.564645357393   -0.450519034132
-0.450335417835   -0.150650829791   -0.880058145197
-0.235030837699   0.968311527253   -0.0844588155209
0.522992858293   0.199225867165   0.828726447042
0.819291752372   0.150604913734   -0.553244235808
0.434299230475   -0.706884320708   0.558299861675
-0.852815142583   -0.522208224914   0.00221413958724
0.289983639177   -0.477088175258   -0.829636282982
-0.734491612995   0.65868628418   -0.163261904537
0.609738396467   0.534950110163   -0.584848243146
-0.297894542269   -0.529113181342   -0.794542687976
0.608720768229   0.135400390069   0.78174532982
-0.537422198382   0.7952117953   0.280741128626
-0.583640648869   -0.591020249217   0.556829110233
-0.655187704497   0.425871200595   -0.623989416886
-0.297947285424   0.613351963887   0.731455250515
0.69423086001   0.665156439419   -0.274973497112
-0.202416934066   0.866586782841   0.456130170685
0.841819085283   -0.0840099584668   0.533181915046
0.500367877123   0.491904131599   -0.712504254625
-0.494698776801   0.730066928121   -0.471460921706
0.863524178284   0.351769111199   -0.361364754681
-0.0979750669877   -0.585884607128   -0.804450193225
-0.673288705797   0.614392797317   -0.411343906302
0.317852377672   0.742818273493   0.589229054421
0.667571857297   0.26597462881   -0.695417365453
0.919096435175   0.274024178621   -0.283147474614
-0.223929826999   0.954512122709   0.196880776566
0.324217790118   -0.117547254891   0.938650876225
0.905824158734   0.266062790809   -0.329686494721
0.173408191743   0.477172553824   0.861531167697
0.386538733494   -0.837566084094   0.386096959694
-0.943163479501   0.329416966323   -0.0438988978713
0.252669578109   0.796607820683   0.549157595162
0.215872034395   0.506853472243   -0.834565049857
-0.893838078877   -0.226856188226   -0.386768352654
-0.417143781651   0.737069081041   0.531714430126
0.164452285424   0.636604617983   -0.753452059644
0.432157844787   0.274359220528   -0.859049832839
-0.776125276131   0.598227577154   -0.19938235048
0.459204913889   0.752894935595   0.471465866226
-0.430589062913   0.87122611493   0.235707690935
0.412918475606   0.422383101196   -0.806902006645
-0.802553045851   -0.250115118473   -0.54161890302
0.842685085263   -0.463418685139   0.274089345543
-0.308931625037   0.000755051064815   0.951083950527
-0.440957025262   -0.886139126866   -0.142528417202
0.201338091502   -0.978398397394   -0.0468993484791
-0.979414976176   -0.201792374247   0.00511293834913
-0.014466421567   0.0449044950241   -0.998886534584
0.261680022766   0.720086356291   0.642650142121
0.864773634424   0.12075139246   -0.487427597109
-0.428590861884   0.683296963773   -0.591113468301
0.536784938374   0.773656950993   -0.336625685466
0.843118537653   -0.476808995119   0.24860473374
0.0318286254889   -0.417262632346   -0.908228404227
0.394901918128   0.649878017882   0.649392821743
0.848954826313   -0.528318610145   0.0124558843048
0.351181118425   0.546386317588   -0.760351112325
-0.431964541897   -0.849019844401   -0.304256369462
-0.899518772514   0.430022455661   0.0771146258749
0.0653652234854   0.306995100028   -0.94946374134
-0.272152870922   0.736633648981   -0.619115241321
0.740800227412   0.571020567317   0.353766214845
0.614123634061   -0.36236222056   -0.701103261436
0.629554053091   0.387066758856   0.67367723609
0.769931739114   -0.194462779818   -0.607774089913
-0.104243999069   0.901312127653   -0.420439814009
0.400035054953   -0.399176827178   0.825002918451
0.711014368772   0.703162832101   -0.00453860670367
-0.578299682006   0.58840453108   0.565110241985
0.999558227027   -0.0098380986107   -0.0280457233699
0.0119933915386   0.996900944465   0.0777474467987
0.0271939210673   -0.0780494634193   0.996578532739
0.78678955811   0.543627230985   0.292286888142
0.616174512735   -0.66423294358   -0.423229921577
-0.0359327302568   0.513092613856   -0.857580788324
0.994886728572   -0.0708476998366   0.0719791687799
0.0980791885153   0.847804436842   -0.52116034927
-0.02410124666   0.525555173411   0.850418067547
