-0.0082595299749   -0.249438576731   -0.968355397877
0.892684233839   0.434538184469   -0.119546747725
0.450606967118   -0.865422996386   0.219080803601
0.694115203401   -0.0553200855476   0.717735168807
-0.387807906697   0.811254749763   0.437573717779
-0.606472680267   -0.582069943497   0.541650689068
0.922150261497   0.215123096001   0.321497976337
-0.114340843998   0.945550329428   -0.304730612038
-0.369547110143   0.244247063619   0.8965368399
-0.336983431345   0.763297132866   -0.551198379858
0.941360631794   0.262706120402   -0.21172070095
-0.0168026160598   -0.5902228234   -0.807065481129
0.688320591052   -0.227303526904   0.688874350365
-0.216430148459   0.842036520449   0.494097651348
-0.692367499794   -0.489190765332   0.53039573937
0.189415772763   -0.816683699518   -0.545114116466
-0.952226187775   -0.0173394041582   -0.304901020625
0.239555739533   0.576824999463   -0.780951962448
-0.798244898635   0.202343577257   -0.56732896854
0.586469537373   0.0463530087851   -0.808643852577
-0.137326485195   -0.97821698785   -0.155669396943
-0.972913369739   -0.230451894043   0.0182071281266
-0.149742044852   0.568250292748   -0.809116138014
0.176116140618   -0.789926280943   -0.587366645026
-0.761733359283   0.64167385119   -0.0895374673188
0.615354943173   0.759782552517   0.209925622072
0.202732787844   0.104810026187   -0.973608892289
0.626111292124   0.695722973738   0.352071290632
0.760521924449   -0.644501201382   -0.0788961586519
0.17202049967   0.317155711332   -0.932642054844
0.275405787966   0.299894682825   0.913353617811
0.323234401838   0.865890587294   -0.381776128516
-0.905356931504   0.40037066582   0.141535001069
0.900747155416   -0.333977270405   0.277693616892
-0.192799376735   0.265463777894   0.944646697426
-0.38920812214   -0.90442698184   0.174725133226
-0.327790633784   -0.850909266047   -0.410495701998
-0.767118264109   -0.0138903343997   0.641355305178
-0.551437094575   0.525129012306   -0.648194917568
-0.635132048537   0.361119200657   0.682788549874
0.729205592352   0.571813575267   0.375883544762
-0.254688996631   0.736628914758   -0.626507268065
0.522002929012   0.850458673187   0.0650614117841
0.119741468081   0.00245480168452   -0.992802072304
-0.844496846012   0.526036138635   -0.1005537564
0.81390687317   0.423974585368   0.397241932289
-0.167771777185   0.826109022474   -0.537955866003
-0.556244759604   0.371199991849   0.743506781048
-0.216653415712   0.515985259981   0.828746347771
0.868039862757   -0.286642715905   0.405392094254
0.446730449069   0.807214447902   -0.385793650769
0.424447386169   0.736181904357   -0.527143832433
0.665707976009   -0.648346884294   -0.369430924944
-0.613740423186   -0.194119863292   -0.765271305893
0.224814958136   -0.89297029604   0.389951644423
-0.945444647024   -0.296741954036   -0.134456803947
0.235780944971   -0.338449794067   -0.910966016317
0.441085138965   -0.0553443886597   -0.8957571651
-0.834314348676   0.342495959134   -0.431990839682
0.330701478341   0.937887795325   0.104895260152
0.882201712328   0.42019849145   0.2124932153
0.193455834205   0.0879867020674   -0.977155658261
-0.429295910739   0.903156447158   -0.00366783046927
-0.485263210694   0.426596078741   -0.76324006836
0.283571144128   0.902506776566   0.324143370241
0.827107624536   -0.0591380068607   -0.558923674198
-0.635919738924   0.284560823384   0.717378019905
0.454281789181   0.889460668419   0.0498776037286
-0.623886321108   0.357609923142   -0.694896396022
-0.506563550881   0.723133312007   0.469544014959
0.825741843281   0.250197804491   0.505520985601
0.248080182952   0.643800645925   -0.72386252226
0.226428169714   -0.651304901618   0.724245958973
-0.866755243311   0.204494652406   0.454881616831
-0.444371052335   -0.730741994322   -0.518218588611
0.829335150362   -0.298404961456   0.472395689389
0.125254277344   0.923219165138   0.363287405683
-0.544531518263   -0.242117434522   0.80303460294
0.0432605421636   -0.316158198595   -0.947719641536
-0.787866845596   0.572502847519   -0.226950045592
0.614324311014   0.756494866502   -0.224323779062
0.810624843877   -0.374217891411   -0.450386869521
0.237188229617   0.913064090656   -0.331746454518
0.535377536156   0.162095453676   0.828912515093
-0.875797404447   0.477360604429   -0.0714545988897
0.185901257043   0.196974886516   -0.962622260657
-0.445443182677   -0.856345577101   -0.261252030778
-0.758198240284   -0.613882704753   0.219734961338
-0.548638610731   0.782758897473   0.293741694761
-0.352322442152   0.102159352148   -0.930286172919
0.931096369385   -0.289533689769   0.221877879488
-0.362296652586   -0.663267085526   0.654841896019
-0.0424344958993   -0.690106524926   -0.722462661881
-0.359638504397   0.398661293266   -0.843640515508
0.867397930226   -0.19041022033   -0.459744253508
-0.343920015113   -0.897113772743   -0.277319133778
0.998210814962   0.0595646435827   0.00521748292358
0.0270375280626   -0.527485621551   0.849133612062
0.0533304881794   -0.847473287067   -0.528152332891
0.164784596071   0.497221806163   0.851831269897
0.801848066075   0.435378299389   -0.409249820223
-0.574356784437   0.750477322707   -0.326952706479
-0.723947607394   0.632147916584   -0.276204404936
0.605006557575   0.389420545536   -0.694491687499
-0.331461803288   -0.669881071737   -0.664373707102
-0.700714161481   -0.303582301611   -0.645629499052
-0.431839153041   0.9008220335   0.0451066498497
0.567903697645   0.310414964376   -0.762317479854
0.790658392386   -0.596346980841   -0.138670779151
-0.219356121107   -0.487366864918   0.845196090331
-0.571613679579   -0.637843097807   -0.51615306247
-0.0662871165702   -0.234812258154   -0.969777923855
-0.524138158989   0.835217706183   -0.166404848394
0.849049591289   0.497267118054   -0.178438238148
-0.814371041441   -0.549078546124   -0.18791635652
-0.42982613473   0.788223421581   -0.440401330124
0.389934995563   -0.277878728689   -0.877914637865
-0.348663589292   -0.925885799823   0.145496347678
-0.600744268405   0.101616574044   -0.792956742741
0.719402547591   -0.363881241019   -0.591650586878
-0.638364967019   0.705368072766   0.308133170569
0.342405014236   0.618745604259   -0.707045036357
-0.689383039469   -0.345846438659   -0.636507082253
0.655527718426   0.115576578716   0.74627438977
0.732810470736   -0.336053764113   -0.59165588107
0.182406755232   0.934724516677   -0.304988284313
0.055022014587   0.918006363935   -0.392730051924
-0.157389979049   0.396382695102   0.904493865937
0.9860025215   0.0120446999592   0.166294776819
-0.202722109705   0.0469753679656   -0.978108920848
0.975212045337   0.100147167081   -0.197311965061
0.0886860353574   -0.993863099089   -0.0661129896662
0.548086466105   -0.819615772486   0.166826889812
-0.593232692833   -0.240314395176   0.768325428204
-0.589640736234   -0.520075933843   -0.617935939406
0.0482130382625   -0.984544571459   0.168367127884
-0.232096138164   -0.174992081292   -0.956822425602
0.971497239106   0.00705395604044   -0.236945892797
-0.0206320593096   -0.573557391434   0.818905511558
0.332222523154   0.768603481301   0.546696335859
-0.942975351342   0.2833383265   0.174690811144
-0.135792419764   -0.279469136461   0.950503771955
-0.161168004048   0.952842168964   0.257131630717
-0.977540430471   -0.118274269433   -0.174430226693
0.380466411637   0.391279620356   0.837941267817
0.917457999843   -0.0457912031255   -0.395188542648
-0.116258884135   0.919131886299   -0.376404632609
0.10139038302   0.946949186017   -0.304970866368
0.845639930937   -0.24351000694   -0.474969455571
-0.524035397121   -0.20973820735   -0.825467617137
0.646671569097   -0.510327114252   0.56690574012
0.052910030456   0.771442266059   0.634095701621
-0.760931278368   -0.380056662349   0.525871203818
-0.46945940226   -0.831282232247   -0.297620093373
-0.834918303675   0.308276428623   0.455935378913
-0.287261720071   0.462531613952   -0.838776019135
-0.816989864098   -0.487479371673   0.308044516513
-0.566020606963   0.575814611145   -0.589964580365
0.110219029455   -0.656354626544   -0.746358070741
-0.245588849176   -0.81339675942   -0.527325164321
-0.749064799014   0.504524476721   -0.429368116267
0.61529508696   0.28955269668   -0.733192465733
0.81675891096   -0.522783635927   -0.244135518463
-0.353331811322   -0.787696175297   0.504669561724
-0.456137602567   -0.325932516682   -0.828073959314
-0.0750887091825   -0.995485397474   -0.0580560864252
-0.320556899261   0.079227610781   -0.943910091072
0.944248357208   -0.0522667112746   -0.3250588113
-0.49720203936   0.856310676683   0.139721712907
0.758316619905   0.350634050213   0.549555881424
0.421599378598   0.379193602045   -0.823690582766
0.23111251263   -0.467534158593   0.85322846709
-0.834316955853   0.355901869182   0.421009592156
-0.500501971705   -0.809163561995   -0.307818300718
-0.410636608529   -0.30553884919   0.859082992132
0.179108648065   0.896798158945   0.404565389401
-0.894034489224   0.319998552729   -0.313533504314
-0.605098174611   -0.792291983134   -0.0782918421329
-0.697293961216   0.479935736703   0.532393482574
-0.384236035184   0.376742753212   -0.842868653569
0.0629921603374   0.693426916573   0.717768137428
0.860593088065   -0.40193347198   0.312776311246
0.505382552638   0.598003842356   -0.622077069192
0.0742129145302   0.885342391247   -0.458978532809
0.856079253033   -0.292621686635   -0.426029178624
-0.511488764143   -0.361305132504   -0.779639561197
-0.106083143076   0.629992333117   -0.769321796759
0.994327294618   0.0732155328102   -0.0771538523587
0.00771996979574   -0.77314238402   -0.634185506061
-0.824232466834   0.137212430728   0.549375636036
0.380567215139   0.852640696056   0.358011784988
-0.419296357459   0.504159292568   -0.754992696878
0.809561575892   0.203471397395   0.550644572552
-0.463707018443   0.796855060204   0.387295512592
-0.35998035486   -0.56887731847   0.739454353321
0.179783865736   -0.97405860221   0.137432169019
-0.943710606685   -0.131350485007   0.303574275786
-0.277647352683   -0.184273952442   -0.942844132399
0.692126718593   0.713687835773   0.107751002221
0.395920137917   -0.500224016406   0.770079981432
0.603496354423   -0.490332138942   -0.628781793406
0.722987034661   0.612422143202   0.319732491668
0.334007471069   -0.714973333095   0.614208549463
0.604755121502   -0.337271776879   -0.721470021234
-0.960435719303   -0.272575090123   -0.0571493598425
-0.195347605723   0.80559315267   -0.559337988437
0.198500735576   -0.526044192645   -0.826967330286
-0.460623987698   -0.402875177439   -0.790896411271
0.117428188095   0.855562142855   -0.504206346999
0.879793249917   -0.325123070723   -0.34678354385
0.590591420225   -0.0120692261923   -0.806880479461
-0.7581522369   0.334200970956   -0.55992400975
0.276418089205   0.942424556551   0.188225915243
0.967200440855   -0.252635632444   0.0264299910882
-0.04563767593   -0.275185620203   -0.960307282576
0.249880991164   0.927603423696   -0.277689356299
0.551802740153   -0.788928892783   0.270379248634
-0.773222571087   -0.605446186388   -0.188578288648
0.31247494543   -0.105005321388   -0.944104491547
0.311550983446   0.184409772356   -0.932163623284
-0.872108543256   0.445014657556   -0.203441990109
0.377309784518   0.876330411671   0.299470092141
-0.00501891689685   0.860080533065   0.510133597321
0.234205272747   0.496962234326   -0.835569523063
-0.972174213139   0.115282324301   -0.203929607986
0.861475474349   -0.487784915166   -0.141159072084
-0.496381625572   -0.750299036642   -0.436642459467
0.107076089251   0.446225539556   -0.888491687614
-0.192509534107   0.235290391178   -0.952669150911
-0.885093485268   0.377579483668   0.272108904392
0.423732936665   0.895584817498   0.135566341888
0.39327582699   0.109116763172   0.912922590311
0.791571057676   0.46491813745   -0.396568261614
-0.467706515408   0.878603811433   0.0964673933537
0.390616752   0.919229262159   0.0493570324124
0.765270227266   -0.294458428151   -0.572412188335
-0.511644439351   0.261365257224   -0.818479181165
0.374141200461   0.812657817638   -0.446772462836
0.926556215096   -0.347772163893   0.143346092683
-0.0388837033215   -0.467591481373   -0.883089046566
0.585814453665   0.743504169293   0.322525930928
0.605284561808   -0.136740627813   -0.784176383184
-0.538936012077   0.654601826266   -0.530136231489
-0.427934202488   0.896045984677   0.118211301006
0.585238309139   0.175047609107   0.791741407318
0.68874410332   0.407995009639   -0.599309295983
0.463118060377   0.886243154274   -0.00973312150268
0.601786210489   -0.322495660058   -0.730650330944
-0.650672743411   0.332520105775   -0.682682473949
-0.297527003731   0.896188534416   -0.329125800925
0.433830741442   -0.180178777555   -0.882794707676
-0.850451979734   -0.405440154526   -0.335186084536
0.0192177513452   0.604486690236   0.796383399724
-0.0721692985355   0.795291388672   -0.601916272792
-0.997207235421   -0.0459069540642   0.0589090925636
0.386646544782   -0.912714255584   0.132125459552
-0.546974399395   -0.111605982753   0.829676509865
-0.742511586317   -0.39306079971   -0.542383399376
-0.0934824033569   0.0610869269037   0.993745152252
-0.485045497001   0.868862575296   -0.0990388362656
-0.869477950325   -0.491269999707   -0.0515934229052
0.27261437836   -0.827597294288   -0.490677204686
-0.757760496254   -0.498944785701   0.420539095851
-0.592857850609   0.257170797932   -0.763140059008
0.75383691299   -0.620575349011   0.215907722913
-0.396791582603   -0.168040585521   0.902396144491
-0.523723542137   -0.765929890929   -0.372914271105
0.888744074347   0.366744756933   0.275013188002
0.350811343166   -0.157977906806   -0.923024583892
-0.295068418878   0.916810375282   -0.26906014933
0.37286598701   0.044383592525   0.926823096629
0.559146357438   0.786380058178   -0.262605702648
-0.74049058515   0.616146492982   0.268397452467
-0.441127154715   0.167202683448   0.881731306023
0.869801633958   0.32162501188   0.374169038402
-0.221024774491   0.931987453983   -0.287310693642
-0.775209938287   0.198567400673   0.599683699101
0.0777741151153   0.972090348743   -0.221340328225
-0.626897709834   -0.124945353138   -0.769017503136
-0.0594869323752   -0.862669432361   -0.502257658327
-0.699966128944   0.394771421958   -0.595149512927
0.711694262454   0.316159730003   -0.62732312401
-0.308306969804   0.800204119942   -0.514412459807
-0.445674312721   0.356237070263   0.821260955333
0.840429187593   0.482460896033   0.246800049524
0.250629185279   -0.469303129204   -0.846722849819
0.222752282561   0.87912658413   -0.421328695544
0.942107441909   -0.0830121797946   0.32487312278
-0.564579159615   -0.69220487716   0.449558428422
-0.369654563989   0.699045718185   0.612119749077
-0.737974170179   0.179408728671   -0.650543336163
-0.556563740687   0.820047829579   0.133260495856
0.68714482244   0.544521490892   -0.480966047607
-0.466978367322   -0.176119002836   -0.866552538103
-0.234130448745   0.968716588054   -0.0822867243395
0.520509042163   0.196388054177   0.830964541485
0.821129265098   0.151723116919   -0.550206166628
0.456751052997   -0.704044248529   0.543783202847
-0.844980558781   -0.534503635468   0.0177121131471
0.278183987438   -0.467576260929   -0.83903880086
-0.728572187419   0.660237752065   -0.18239703525
0.607718104819   0.500215046019   -0.616817325317
-0.316008342921   -0.560241928531   -0.765681205674
0.613772827762   0.136645696506   0.777567276528
-0.542970480328   0.788049184841   0.290106083639
-0.573119510567   -0.60025530893   0.557877756062
-0.654538224423   0.442765943397   -0.612811579636
-0.300486228421   0.591438706737   0.748270193648
0.69374904634   0.673912884237   -0.254074172558
-0.206376387834   0.867285348077   0.453017562084
0.842384281829   -0.0780573447837   0.533193935311
0.497792635815   0.491653512077   -0.71447835222
-0.490704267323   0.735374865519   -0.467368301444
0.866251301004   0.35392122244   -0.352630758465
-0.0939042360067   -0.577895817142   -0.810690088128
-0.680351156   0.60469435184   -0.414085794719
0.304503127407   0.747162040614   0.590784842786
0.666633444957   0.275850731229   -0.692463879312
0.919993237247   0.270913227092   -0.283228647573
-0.219818245109   0.954944750543   0.199400257089
0.324487877334   -0.121188063753   0.938094382601
0.905514622475   0.268742355756   -0.328360799589
0.170811905205   0.477514702574   0.861860198562
0.388415449646   -0.8365149461   0.386492151832
-0.947080636174   0.318077023796   -0.0431888355787
0.237001373581   0.783644788609   0.574222251578
0.216491610707   0.533598961974   -0.817559496474
-0.896627011969   -0.225307393826   -0.381177884584
-0.407749269526   0.755759737949   0.512413652918
0.172628313466   0.614868926506   -0.769503520855
0.433276333573   0.268114978949   -0.860456841932
-0.773902061727   0.599976006568   -0.202742177152
0.461895245287   0.753752711176   0.467450139347
-0.431298187858   0.872044072732   0.231346079205
0.407387544266   0.417030699622   -0.812478174691
-0.804995193729   -0.256172853336   -0.535124478309
0.84128335937   -0.465135266057   0.275484107558
-0.310232043827   0.00193140224847   0.950658902377
-0.442717052112   -0.885237512736   -0.142675007673
0.214631838662   0.975387322068   0.050524704661
0.976498281202   -0.215339558625   0.00894322650322
0.019603077351   0.0474177861118   -0.99868276891
0.264022729167   0.708302179634   0.654675508027
0.872816059068   0.113405239809   -0.474690824242
-0.410468178448   0.696740463811   -0.588275956141
0.532632866032   0.777080100311   -0.335333785538
0.845590271428   -0.471859997743   0.249650226105
0.0357676234572   -0.416526902169   -0.908419515907
0.404007812911   0.655487021912   0.638055210159
0.84908375587   -0.528234227414   0.0050375098602
0.340344623322   0.539727120953   -0.769974137411
-0.408516600243   -0.861264410998   -0.302221444764
-0.910525032961   0.407642727824   0.0690765575582
0.0637051934913   0.303399111405   -0.950731627496
-0.274275709937   0.738474981729   -0.615976895913
0.735747010007   0.573606256428   0.360072492495
0.619232728627   -0.354444020893   -0.700657022978
0.626858971653   0.394636915109   0.67179575385
0.770883415827   -0.189008594182   -0.608288180493
-0.113077800034   0.899187108759   -0.422700786113
0.401384041276   -0.43194808261   0.807658161191
0.735129241744   0.677921300614   -0.0027763477898
-0.546329432982   0.594847513321   0.589644457749
0.99953154069   -0.00950911416872   -0.029090821807
0.0118089711327   0.996730002217   0.0799365428448
0.028235569172   -0.080242628502   0.996375367622
0.79040881299   0.543725299348   0.282164326583
0.61090228803   -0.665581019813   -0.428719372719
-0.0453023490261   0.511238403206   -0.858244133251
0.994836594586   -0.0667552981731   0.0764452760976
0.0969766611181   0.847378301828   -0.522058943788
-0.0299278677859   0.526776749446   0.849476650046
