-0.0113703388092   0.262027809467   0.964993338041
-0.895902037817   0.425945323045   -0.126214580824
-0.444106129245   -0.865974600577   0.229908105828
0.690822147121   -0.0623326140962   0.720332844085
-0.380257087295   0.816041859172   0.435293270843
-0.61495472078   -0.574621901165   0.540037371014
0.922199302019   0.215468746408   0.321125624449
-0.114566572042   0.945340789245   -0.305295418834
-0.369354772444   0.24475296017   0.896478131669
-0.329355478129   -0.944065937806   0.0162626597047
-0.766645150502   0.257325522254   -0.588250617346
0.551162573328   -0.206211252533   -0.80851514339
0.688097576724   -0.225405093489   0.689720427953
-0.21920429084   0.841545534097   0.493711041926
-0.691716129481   -0.490911048838   0.529655679045
0.194189007794   -0.822987990711   -0.533836488448
-0.948447457908   -0.0185633123686   -0.31639030172
0.250475645204   0.567755379173   -0.784165658888
-0.798650601942   0.197216709381   -0.56856203317
0.585016130141   0.0328913721009   -0.810354419447
-0.14111464664   -0.979808005266   -0.14164367025
-0.973168750624   -0.229393904764   0.0179170104896
-0.148447153825   0.566450662   -0.810615254014
0.175801095927   -0.791525163199   -0.585304955295
-0.761554736413   0.642083394992   -0.088109575665
0.615015467853   0.75885036719   0.214247740985
0.204426900747   0.108972630013   -0.972797310933
0.619366706678   0.701355976213   0.352823861565
0.766233508733   -0.637934372661   -0.0769801680452
0.171087967879   0.318024418573   -0.932517761996
0.272452092459   0.300119356721   0.91416531822
0.317334593267   0.868918494701   -0.37984128986
-0.908332875784   0.393584833661   0.141500408061
0.264927506979   0.190124678297   -0.945339104633
0.333945937869   0.901610088885   0.274917002386
0.904595780792   -0.38852522997   0.17536994911
-0.328844874258   -0.85094545804   -0.409576459425
-0.767309841823   -0.0120798161241   0.641162759902
-0.550542146721   0.525115135455   -0.648966439194
-0.635416412398   0.357220766821   0.684572353083
0.729631854074   0.567955905789   0.380871955648
-0.252751538816   0.74149808687   -0.621528154466
0.51528545876   0.854887589938   0.0603995410604
0.111233988807   0.0031666789939   -0.993789198914
-0.849769319124   0.518803605148   -0.0934608129719
0.813788204162   0.436780853556   0.383368288638
-0.185099400967   0.820104570509   -0.54144870966
-0.550896515262   0.369663332503   0.748239300007
-0.215585372865   0.51549835794   0.829327673461
0.868040140317   -0.287822177212   0.404554951896
0.447246309997   0.807105840189   -0.385423015567
0.419011015836   0.736111077472   -0.531573372386
0.664666451158   -0.647517270729   -0.372746418912
-0.618585707329   -0.197134131317   -0.760585206901
0.230950330972   -0.890982636886   0.390911608157
-0.943650726549   -0.302998387988   -0.133098772195
0.237034282134   -0.338144817563   -0.91075399063
0.440898958912   -0.0466336995086   -0.896344468439
-0.837346874472   0.338231654838   -0.429475912569
0.323200123518   0.939906721827   0.110077401961
0.881877116854   0.421920807471   0.210417639451
0.191424669093   0.0874387999641   -0.977604752609
-0.430870452493   0.902406387657   -0.00365577414006
-0.483032465509   0.434486704907   -0.760197961404
0.280728564213   0.899214944667   0.335565130074
0.829379955448   -0.0513204301039   -0.556322840583
-0.632526919744   0.287804952876   0.719081361807
0.462786641216   0.884889044111   0.0529141221661
-0.621078272451   0.366250854897   -0.692908428854
-0.513360897859   0.727006625298   0.455984599873
0.826265894232   0.275188210982   0.491483591349
0.231830240862   0.629072980908   -0.741971646434
0.234361162229   -0.651680058096   0.721379198146
-0.865801808266   0.197547338391   0.459741533795
-0.442110930016   -0.732316974386   -0.51792834889
0.829779237118   -0.295819213026   0.47324138751
0.121702973208   0.923468919006   0.363859233692
-0.544660264716   -0.244327953446   0.802277412872
0.0448512170525   -0.309856108313   -0.949724992021
-0.793244004492   0.566836528336   -0.222396716434
0.607249798408   0.763338419238   -0.220368192009
0.811515004173   -0.375347721337   -0.447836450156
0.237026711549   0.911973723454   -0.334846630179
0.534098994582   0.165583863394   0.829047796071
-0.877400219647   0.47389172425   -0.0748029962679
0.179124464373   0.178939995594   -0.967416613585
-0.445065479257   -0.862210595889   -0.241887592715
-0.753603787346   -0.62013286824   0.217982929209
-0.5545668934   0.777848780087   0.295646471418
-0.352897849871   0.10191418471   -0.930094944891
-0.66295178888   0.370700025015   0.65044324662
0.281778881581   0.928470875437   -0.241955564848
-0.693610544553   0.0228762960192   -0.719986866245
-0.36112059849   0.395653982998   -0.84442278456
0.86631795364   -0.192758174452   -0.460800921639
-0.345087114433   -0.897943323334   -0.273153201578
0.998199242169   0.0597089893315   0.00575408781728
0.0266752683969   -0.527764593306   0.84897170984
0.0537280465823   -0.847289425548   -0.528406970398
0.166541558153   0.500261024935   0.849707488692
0.800881873004   0.434063966169   -0.41252478564
-0.5751974747   0.749217845626   -0.328360297377
-0.717028960343   0.641209671033   -0.273348912204
0.613591921866   0.394565288105   -0.683976013353
-0.330718042219   -0.658155294134   -0.676355812686
-0.701979712305   -0.298685737673   -0.646537944456
-0.433158953095   0.899657266791   0.0546820232211
0.565329819543   0.318439370086   -0.76091955075
0.786651029806   -0.603473319435   -0.130384470069
-0.229505656775   -0.481877597659   0.845648351491
-0.573155572959   -0.635306173118   -0.517570048962
-0.0668452637605   -0.225477859589   -0.971952388519
-0.53208506989   0.832112335747   -0.156443405416
0.844048096445   0.506703853876   -0.175596171239
-0.818735970639   -0.540044933619   -0.194994564162
-0.42544698606   0.798667220816   -0.425588454315
0.385572655193   -0.265484726615   -0.883658071598
-0.34928829788   -0.923752898006   0.157093183785
-0.591890785351   0.0875446716722   -0.801249791688
0.726404145901   -0.372849183838   -0.577339157628
-0.634397232447   0.703307551147   0.32077817875
0.36239119684   0.637140458899   -0.680238675824
-0.682797753303   -0.31529434523   -0.659072609012
0.655185823517   0.117862358426   0.746217127336
0.733612729134   -0.335127597645   -0.591186820682
0.18039928025   0.934771607272   -0.306036177474
0.0542706388788   0.916849694974   -0.395526654706
-0.154793110938   0.399046823042   0.903770283771
0.98645516399   0.0121766106403   0.163578542576
-0.202147879668   0.0531184180333   -0.977913425827
0.974800467767   0.107101388388   -0.195686843317
0.0943413100829   -0.992828145386   -0.0734301773183
0.539803610442   -0.822916598444   0.177257818331
-0.602063997759   -0.230251446118   0.764528099002
-0.588328993638   -0.519415578864   -0.619739019005
0.0452308567307   -0.98569269047   0.16237022373
-0.237102023739   -0.168484720808   -0.956763047569
0.970431244313   0.0047769036884   -0.241330439963
-0.0211320338366   -0.574155377314   0.818473603635
0.333323734618   0.767771850025   0.547194366062
-0.94257558057   0.284380008109   0.175155033903
-0.134507716834   -0.281137790181   0.95019430489
-0.165273341207   0.951841536157   0.258229380071
-0.977032444087   -0.122307943233   -0.174494613739
0.377344176784   0.382654559853   0.843318955123
0.919771896831   -0.0488082414548   -0.389406488603
-0.107847253315   0.922601345864   -0.370372416039
0.101805065442   0.946390921717   -0.306561497814
0.844581687184   -0.245059953621   -0.476053980977
-0.52565911228   -0.210451520362   -0.824252786015
0.647217606977   -0.509683214488   0.566861879198
0.051715011474   0.771258995037   0.63441714996
-0.760549095593   -0.381290681035   0.525530674412
-0.466375776194   -0.830535619148   -0.304473678182
-0.834275467991   0.298548914393   0.463522371869
-0.294071554027   0.47019052632   -0.83213147403
-0.816481420057   -0.483834356014   0.315059370027
-0.565216380867   0.558421866603   -0.607202982288
0.117849622404   -0.673846670126   -0.72941218228
-0.247124810551   -0.811565692892   -0.529424644431
-0.750142922715   0.506083873598   -0.425634477439
0.613363614433   0.29195931053   -0.733856142227
0.806552984255   -0.528576284124   -0.264725131883
-0.348257277209   -0.786693710733   0.509735102149
-0.477691482507   -0.318935914179   -0.818590697593
-0.0742006400418   -0.994947546471   -0.0676287275535
-0.330846209522   0.0885350238382   -0.939522397392
0.940763015145   -0.0473384550535   -0.335743979858
-0.496562835004   0.856031468896   0.143650531328
0.756332027993   0.34551064857   0.55550360499
0.42589577871   0.384489942631   -0.819011764073
0.229124424055   -0.462722409318   0.856381906755
-0.836823480785   0.355767033412   0.416120511324
-0.497220736   -0.811983860586   -0.305702060575
-0.410699828278   -0.308465381836   0.858006269943
0.184613723064   0.89340769443   0.409561307729
-0.892884888611   0.32660649066   -0.309975444108
-0.602780150046   -0.79328106796   -0.0857976568874
-0.695759752448   0.469925679264   0.543220234198
-0.39060780533   0.387136930794   -0.835194910923
0.0593013299262   0.692089624994   0.719371464019
0.859766997607   -0.401586710854   0.315481890907
0.507231763688   0.599783348086   -0.61885044499
0.0814124274971   0.878649227386   -0.470475878087
0.848814349271   -0.30853275803   -0.429327075427
-0.522385123373   -0.364394116906   -0.770928472975
-0.10517157731   0.62627465495   -0.772475886934
0.994451026016   0.0681620246079   -0.0801317368849
0.00246904454611   -0.776617019495   -0.629968180823
-0.823960151203   0.141942019656   0.548581928507
0.378007693101   0.858908325448   0.345523765367
-0.42213724449   0.492066003228   -0.76136140911
0.809472441365   -0.203181486616   -0.550882610152
0.463824524782   0.796564457511   0.387752337506
0.360029411134   -0.56938769615   0.7390375326
0.19818143358   -0.971420843851   0.130635613508
-0.939436020269   -0.150230824388   0.308043281416
-0.279614168464   -0.183772259976   -0.942360691698
0.69230015096   0.713238275821   0.109597732115
0.394266970565   -0.501070602383   0.770377704343
0.604379067228   -0.490121835191   -0.62809754797
0.72158862984   0.616494910497   0.315029958285
0.339468529582   -0.71164449856   0.615079852615
0.603382935382   -0.336891871377   -0.72279519941
-0.962598444964   -0.264637389284   -0.0580627759149
-0.185674504611   0.800426668686   -0.569949231418
0.197304870927   -0.537851466716   -0.819625882741
-0.463385323219   -0.378358767458   -0.801323084223
0.122690233262   0.868166154723   -0.480868624943
0.877622440964   -0.321141979318   -0.355874528778
0.589331141722   -0.00679185189449   -0.807863030559
-0.760404488864   0.333116350621   -0.557510995643
0.272898916653   0.94286126641   0.19115128457
0.967473446384   -0.250929172599   0.0320886409824
-0.0396309113144   -0.275621041958   -0.960449078347
0.249848997216   0.92793727782   -0.276600591145
0.543124785641   -0.795861541869   0.267618895813
-0.780430235748   -0.596068021365   -0.18876324069
0.309748469491   -0.106335883313   -0.944853727075
0.316560279552   0.190986132023   -0.929146859643
-0.876046314276   0.434507361951   -0.209155940997
0.363775266688   0.880186144963   0.304860469003
-0.00624894300778   0.860786532345   0.508927790993
0.230362993704   0.496488360473   -0.83691827501
-0.973084704352   0.11200827491   -0.20139589
0.85888805478   -0.49053870683   0.147251779132
-0.501725437526   -0.748109620701   0.434285137616
-0.102873197167   -0.446882280378   -0.888658164194
-0.195163412886   0.234729158385   -0.952267538287
-0.881407205066   0.383865019095   0.275261668186
0.430154136478   0.893056475997   0.131975564225
0.388810733599   0.108923714711   0.914856184223
0.791316949919   0.46907516136   -0.392155553023
-0.471851351815   0.87641549357   0.0961882759024
0.387979799578   0.92010471152   0.0536562667157
0.768303276316   -0.290714958239   -0.570258615593
-0.509098959655   0.262473108898   -0.819710995647
0.38621515202   0.807783267928   -0.445335882683
0.921457771801   -0.359789668594   0.146516105461
-0.0418739911698   -0.466944950104   -0.883294391715
0.553759334653   0.758708575275   0.343091674466
0.62319782445   -0.104363833023   -0.775069456214
-0.552245480638   0.643015931497   -0.53061798024
-0.428644347571   0.896091431644   0.115256971289
0.585874024404   0.178578955742   0.790481615279
0.687761332749   0.406361541858   -0.601543553265
0.463095720265   0.886240275747   -0.0109785024652
0.601069999672   -0.323137816586   -0.730956091012
-0.651350296973   0.331903788976   -0.682336182169
-0.308978482569   0.896414883565   -0.31776194521
0.437310651723   -0.162788796454   -0.88445418289
-0.844565977997   -0.412237994688   -0.341713541635
0.0170809341213   0.569453712166   0.821845917066
-0.0342204881875   0.821817226822   -0.568722607154
-0.999268332274   -0.0184096551086   0.0335243899409
0.383225495342   -0.909703541258   0.159930255869
-0.568815059303   -0.0960167141323   0.816841611892
-0.727727729326   -0.40400526931   -0.554249126604
-0.0932174679192   -0.0572468578207   -0.993998642325
0.482305014353   0.870795128117   -0.0953819583408
0.8710294925   -0.488301794096   -0.0535628703366
0.272855623586   0.760384168085   0.589377405066
0.829677754989   -0.49610914807   0.255950260946
0.487016048559   0.419155854219   -0.766240000469
0.752406541714   -0.622766824806   0.214583032663
-0.395854935691   -0.167125545838   0.902977254319
-0.526481971083   -0.764349745764   -0.37227167536
0.891242539647   0.361936330227   -0.273292569209
0.348484751798   -0.160868898532   0.923406505959
0.290250087489   -0.918217452647   -0.269502497883
0.373105845476   0.0533404289917   0.926254191195
0.551196618368   0.79031910833   -0.267540641601
-0.746307119068   0.61036915522   0.265471615027
-0.440082352505   0.172195198823   0.881292423952
0.869683975281   0.326074645847   0.370574025634
-0.223556047005   0.929528987627   -0.293255102274
-0.77447213074   0.202266038683   0.599400841088
0.0838521763189   0.971969637739   -0.219644794701
-0.627026100914   -0.119847707146   -0.769723843893
-0.0702179528667   -0.860941753636   -0.503834036108
-0.695266130235   0.404425015536   -0.594176249068
0.715314229722   0.308576900714   -0.626981538087
-0.308730591707   0.804173790255   -0.507927097931
-0.451853341461   0.345905075362   0.822300575611
0.836967131706   0.483377899687   0.256577135651
0.25020755728   -0.474182569562   -0.844125031618
0.231047549931   0.875910824554   -0.42355313374
0.940219765773   -0.0890568254192   0.328718228724
-0.567108483851   -0.688068077458   0.452714356214
-0.367875561927   0.70337933265   0.608214670439
-0.736923020726   0.178381151425   -0.65201581755
-0.551357798336   0.825356882303   0.121616590349
0.683702592353   0.530560103627   -0.5010556273
-0.478074621187   -0.193111349418   -0.856827090668
-0.233610237895   0.968941529643   -0.0811083773966
0.519110955401   0.194819421436   0.832207431482
0.822161828798   0.152307928765   -0.548499974569
0.470244714519   -0.702006186301   0.534843175951
-0.839904235801   -0.542063761241   0.0269769055206
0.270981149068   -0.461902796206   -0.844520588089
-0.724967029335   0.660950863127   -0.193821471747
0.606320743543   0.47887341839   -0.634866446672
-0.326799575165   -0.577775220732   -0.747915658334
0.616689548493   0.137151330255   0.775166764889
-0.545856471402   0.784025521853   0.295541357023
-0.567216637104   -0.605387061054   0.55836528626
-0.65410555229   0.452572276445   -0.606072818286
-0.301894790196   0.57846989446   0.757781048099
0.693545573213   0.678639017298   -0.241751157355
-0.208772586441   0.86769800261   0.451125463057
0.842717038822   -0.0744462951039   0.533184528681
0.49622776991   0.491485427468   -0.715681545771
-0.488373081204   -0.867824153349   0.0915039475634
-0.738467717351   0.355139996491   -0.573184973043
0.464927052327   -0.347500822671   -0.814300935931
-0.684228283967   0.599311096065   -0.415521197472
0.296828382599   0.749313815701   0.59196428683
0.666126539554   0.281700223167   -0.690594249588
0.920534813843   0.269060979588   -0.283234612586
-0.217388846995   0.955194199304   0.200863463126
0.324588579136   -0.123329764777   0.937780370564
0.90514959494   0.270516009649   -0.327910505023
0.169425532188   0.477894834182   0.86192315
0.389870747586   -0.835725801915   0.386733996683
-0.94941900108   0.311009803046   -0.0433181578397
0.227582212602   0.776567314139   0.587494291987
0.216355949528   0.547919801632   -0.808068062779
-0.898276285666   -0.224568088458   -0.377715353483
-0.401918787419   0.767372690534   0.499600282368
0.177654166654   0.600589982824   -0.77957082398
0.433956530515   0.264403619167   -0.861262129548
-0.772589127314   0.600974838371   -0.204781063579
0.463452014753   0.754267836923   0.465072317178
-0.431900752156   0.872342816521   0.229084593
0.404155457556   0.414257721489   -0.815505307349
-0.806300258226   -0.259631567129   -0.531480331654
0.840467697225   -0.466153606241   0.276251453047
-0.310950326403   0.002599833828   0.950422608829
-0.443761134432   -0.884699980927   -0.142765539664
0.22197870643   -0.974786428116   0.0227348510657
-0.973622738556   -0.222854967466   -0.0489328769051
0.0527656787904   -0.011273111238   -0.998543289049
0.26534289357   0.700998707129   0.661962205442
0.87755288008   0.108796724448   -0.466973463283
-0.399367113685   0.704814929858   -0.586294996698
0.530171534381   0.779100723288   -0.334544775933
0.847032161651   -0.468917140635   0.250306277083
0.0381400217741   -0.416075447714   -0.908529889739
0.40951296319   0.658698429961   0.631201640798
0.849022559967   -0.52835631874   0.000541401104806
0.333855995372   0.535682722155   -0.775618588959
-0.394298290791   -0.868343686922   -0.300845640261
-0.916832291606   0.394080772544   0.0641786084343
0.0628283928612   0.30113051339   -0.951510907429
-0.275320140638   0.739874825351   -0.613827388579
0.732660001019   0.574880421063   0.364310066269
0.622421194261   -0.34942487646   -0.700352848673
0.625197763758   0.400114941809   0.670101327811
0.771267286168   -0.185301339765   -0.608941858283
-0.119476062371   0.897536320615   -0.424445548567
0.402172023599   -0.454493457321   0.794791394447
0.751009285969   0.66028713615   -0.00243930792326
-0.523681884184   0.597876739041   0.606877820562
0.999514955846   -0.00929989613282   -0.0297214564389
0.0116887374615   0.996626087241   0.081239249431
0.0288656622562   -0.0815472511093   0.996251383627
0.79258966554   0.543504624802   0.276413358754
0.607661174489   -0.666508835986   -0.431872514258
-0.0504927628298   0.510263357856   -0.858534674041
0.994787599087   -0.0642545365285   0.0791769362763
0.0963102849466   0.847135435508   -0.522576198195
-0.0334956969788   0.527477874836   0.848908198713
