-0.0124099031776   0.2660136562   0.963889375922
-0.896861896222   0.423275191189   -0.128362189245
-0.442136555157   -0.866068615779   0.233324707981
0.689725212486   -0.0647286511864   0.721172193707
-0.377650547375   0.817636359957   0.434569726217
-0.617785719589   -0.57208477046   0.539499601556
0.92221458309   0.215581989533   0.321005714164
-0.114640933344   0.945272736722   -0.305478165524
-0.369293540614   0.244916024382   0.896458823294
-0.326852223258   -0.94493883634   0.0160692167432
-0.76773140492   0.255564076558   -0.587601474362
0.551140738877   -0.204395690631   -0.808990906995
0.688023674387   -0.22480045105   0.68999143523
-0.22010113065   0.841378819311   0.493596165607
-0.691504819773   -0.491473742557   0.529409713367
0.195768872991   -0.825051929088   -0.530060244383
-0.947155731054   -0.0190208609747   -0.320209662531
0.254107397568   0.564736683026   -0.78517635557
-0.79878484455   0.195466264826   -0.568977777622
0.584517302422   0.0282707668467   -0.810888578604
-0.142415923558   -0.980302862923   -0.13683567393
-0.973247129559   -0.229067836412   0.0178311840819
-0.148038937362   0.565837983508   -0.811117654502
0.175711404948   -0.792057638522   -0.58461115233
-0.761504345874   0.642208286312   -0.087633602046
0.614889530449   0.758543406403   0.215691367344
0.204992674405   0.110364929186   -0.972521252131
0.617109997505   0.703199691397   0.353108262433
0.768112695952   -0.635749370381   -0.0763257779328
0.17081609203   0.31832834005   -0.932463903121
0.271509335548   0.300213672504   0.914414802785
0.315406329145   0.869881105316   -0.379243602648
-0.909286274088   0.391380394828   0.141491548507
0.264745725638   0.189203551235   -0.9455748077
0.333950741796   0.901898061058   0.273964942126
0.904647225614   -0.388306455857   0.175588990341
-0.329162648194   -0.850967248371   -0.409275815597
-0.767385048041   -0.0114992046782   0.64108342385
-0.550247343544   0.525092858922   -0.649234434108
-0.635504028629   0.355920074021   0.685168249779
0.729782032652   0.566645748855   0.382532064176
-0.252096835391   0.743124145896   -0.619849731283
0.513004916973   0.856366740378   0.0588384324689
0.108350437447   0.00339502713417   -0.994106964313
-0.851519898691   0.516356930586   -0.0910460453216
0.813745555832   0.440877056135   0.378742117723
-0.190730596957   0.818101997463   -0.542522774758
-0.549035526854   0.369237786691   0.749815608754
-0.215241232154   0.515335513334   0.829518246139
0.868040301541   -0.28820403917   0.404282656946
0.447411719651   0.807073565732   -0.385298601886
0.41724227955   0.736091129071   -0.532990365635
0.664328785208   -0.647243226235   -0.373822780521
-0.620142036392   -0.198106173037   -0.759063764715
0.233003045442   -0.890303119718   0.391241531326
-0.943037536906   -0.305096999632   -0.132650008673
0.237465333891   -0.338047594039   -0.910677791189
0.440840624853   -0.0437385587084   -0.8965190918
-0.838338162517   0.336803941198   -0.428663306641
0.320700278681   0.940558368032   0.111809156952
0.881761266222   0.422501155508   0.209737557401
0.190758837024   0.08725971476   -0.977750892752
-0.43140252142   0.902152157773   -0.00365359248878
-0.482272787815   0.437127207584   -0.759165833348
0.27981087796   0.898076987503   0.339357624185
0.830131815261   -0.048759910864   -0.55543104017
-0.631379243287   0.288875441285   0.71966049674
0.465634243623   0.883331853307   0.0539405978768
-0.620116926322   0.369155544935   -0.692227694716
-0.515622474804   0.728359467047   0.451249321594
0.826423169199   0.283743868331   0.486327217617
0.226181804943   0.623684137964   -0.748237854673
0.237006717246   -0.651743791736   0.7204566926
-0.865494372209   0.195213542503   0.461314604685
-0.441301832822   -0.73288587294   -0.517813662999
0.829929246013   -0.294953962679   0.473518327536
0.12051632468   0.923549240604   0.36405029277
-0.544695568275   -0.245069296486   0.802027292441
0.0453863530505   -0.307758945092   -0.950381244908
-0.795021766317   0.564925916609   -0.220905182888
0.604880541958   0.765599856622   -0.219035133028
0.811809186741   -0.375727098577   -0.446984330506
0.236989916169   0.91160928591   -0.33586349828
0.533668084073   0.166726294379   0.829096326614
-0.877931791827   0.472731074364   -0.0759019119034
0.176877462924   0.172916805574   -0.968924218636
-0.44491587071   -0.86407471302   -0.235424634034
-0.75207443544   -0.622195508969   0.217386274122
-0.556510290043   0.776205447595   0.296313010516
-0.353101034598   0.101871741634   -0.930022476945
-0.662844626465   0.373554946252   0.648917331637
0.279129272883   0.92746611567   -0.248783949048
-0.694783311679   0.0162267191641   -0.719036051529
-0.361615513198   0.394638466305   -0.844686155638
0.865952694061   -0.193559881543   -0.461151280933
-0.345485386468   -0.898217709227   -0.271743987179
0.99819619135   0.0597442384005   0.00591519675074
0.0265628977837   -0.527858334754   0.848916951705
0.0538402826515   -0.847228543198   -0.528493159421
0.167116308374   0.501275635599   0.848996393768
0.800552663303   0.433635213027   -0.413613267802
-0.57548898578   0.748787846575   -0.328830029146
-0.714787561718   0.644127500689   -0.272357310292
0.61635465978   0.396220027563   -0.68052672477
-0.330432557387   -0.654300735606   -0.680224133948
-0.702394768959   -0.29711722257   -0.646809821039
-0.433561830747   0.899272511772   0.0577329064759
0.564504851581   0.32098334166   -0.760462995102
0.785304767315   -0.605797673033   -0.127693389731
-0.232797415431   -0.480057792474   0.8457835889
-0.573673936833   -0.634471193383   -0.518019805573
-0.0670228148841   -0.222524702026   -0.972620532002
-0.53459628406   0.831086364584   -0.153304493321
0.842445698757   0.509684423532   -0.174662626381
-0.82015151921   -0.537050769282   -0.19730168968
-0.424001018769   0.802046397072   -0.420647968052
0.384154424183   -0.261338952622   -0.885509644342
-0.349474020441   -0.923014901796   0.160970183884
-0.588923895179   0.0827760275349   -0.803938290513
0.728722549895   -0.375754734272   -0.572513602413
-0.633059895244   0.702579884065   0.324987192896
0.369012623773   0.642949166252   -0.671152779264
-0.68048868656   -0.304955531388   -0.666286178264
0.655074616569   0.118624878905   0.746193932455
0.733876403891   -0.334820124679   -0.591033762084
0.179729437043   0.934785334831   -0.306388164336
0.05400859386   0.916463271141   -0.396456989391
-0.153947246751   0.399931703   0.903523590258
0.986601904015   0.0122354233438   0.162686746261
-0.201951447569   0.0552016321185   -0.97783863323
0.974654138298   0.109450714999   -0.195114970426
0.0962544727429   -0.992458221185   -0.0759062295169
0.537096340515   -0.823955272345   0.180624555864
-0.604891381114   -0.226976929989   0.763274452806
-0.587906402465   -0.51921015247   -0.620311921143
0.0442252795085   -0.986060882818   0.16039968837
-0.238733304524   -0.166336353846   -0.956733310124
0.970077591724   0.00401905040666   -0.242761844758
-0.0213003870178   -0.57435963994   0.818325911554
0.333701575713   0.767487189656   0.547363382115
-0.942438089149   0.284735698011   0.175316942703
-0.134075343235   -0.281766668923   0.950069127285
-0.166567610822   0.95149279887   0.258682594551
-0.976872066016   -0.123567786995   -0.174504924446
0.37629647192   0.379644326953   0.845145638475
0.920541013477   -0.0499146706925   -0.387443890333
-0.104905708746   0.923784991577   -0.368260887973
0.101940324459   0.946213366323   -0.30706422071
0.844243247761   -0.245555107528   -0.476399021595
-0.526176309671   -0.21067262413   -0.823866212794
0.647394762869   -0.509479459047   0.566842748758
0.0513340115559   0.771196462164   0.634524101988
-0.760424118678   -0.381689268326   0.525422175186
-0.465328922349   -0.830270019978   -0.306790951547
-0.834043751684   0.295232541804   0.466056613017
-0.296378160972   0.4727466977   -0.829861762893
-0.816306761169   -0.482523961328   0.317512044519
-0.564902554706   0.552198130531   -0.613157670037
0.12053371046   -0.679888116812   -0.723342085919
-0.247647702983   0.750483701006   -0.612735530006
0.810959322145   0.506607896215   0.292734380144
0.530109038815   -0.424408593241   -0.73407203526
0.803009971994   -0.530530552117   -0.271500125504
-0.346599146542   -0.786332184142   0.511420304445
-0.484813383163   -0.316573892564   -0.815314021744
-0.0739163150806   -0.994755436229   -0.0706965378187
-0.334143201467   0.0914968462957   -0.938070705242
0.93961944386   -0.0457159623363   -0.339153875859
-0.496377995274   0.855914539584   0.144979952889
0.755634513469   0.343785739616   0.557519369432
0.427346894063   0.386292203088   -0.817406242925
0.228483501678   -0.461126222739   0.85741349194
-0.837651870321   0.355693727792   0.414513348584
-0.496119575915   -0.81292347654   -0.30499309448
-0.410718429243   -0.309449688241   0.857642852431
0.186446857085   0.892260580923   0.411228191171
-0.892495345289   0.328803811075   -0.308771942474
-0.601989091969   -0.793605502621   -0.0883144346127
-0.695245272144   0.466529282328   0.546794696657
-0.392738010272   0.39056463606   -0.83259601269
0.0580538433155   0.691627903709   0.719917074451
0.859480753479   -0.401480322532   0.316395930785
0.507860793598   0.600386869801   -0.617748347545
0.0838396271765   0.87622840543   -0.474546834816
0.846189819795   -0.314099042291   -0.43047018539
-0.526244910467   -0.365466240783   -0.767789503093
-0.104890156893   0.625005529357   -0.773541300293
0.994483567894   0.066467024383   -0.0811453501976
0.000698695912783   -0.777785460743   -0.628529465405
-0.823867584894   0.143521646767   0.548309893647
0.377158917371   0.860948924644   0.341347477215
-0.423076061257   0.488025087534   -0.763438380178
0.80943533663   -0.203085973433   -0.550972343416
0.463865697999   0.796473412011   0.387890085179
0.360059786751   -0.569549112329   0.738898341188
0.204285398651   -0.970459664389   0.12835698537
-0.937929698489   -0.156500885841   0.309508244518
-0.280277285186   -0.183617843704   -0.942193786269
0.692340536118   0.713107268577   0.11019349142
0.39374019174   -0.501332456997   0.770476754335
0.604676147584   -0.490044682722   -0.627871774711
0.721126913805   0.617838181999   0.313451678971
0.341283686296   -0.710533157507   0.615360120215
0.602910789134   -0.336776799895   -0.723242675316
-0.963307141824   -0.261975471625   -0.0583798148168
-0.182417914364   0.798584617679   -0.573573284703
0.196883353867   -0.541877717454   -0.817071284709
-0.464230883652   -0.370025336667   -0.804717923802
0.124400265686   0.872307003607   -0.472868972714
0.876934581689   -0.319627504577   -0.358920600908
0.588904834946   -0.00503614667539   -0.808186694152
-0.761152133735   0.332755787677   -0.556705501211
0.271732450562   0.942999588014   0.192128218431
0.967559431125   -0.250350077223   0.0339644825546
-0.0376351950417   -0.275761070064   -0.960489158883
0.249824617151   0.928052084245   -0.276237198063
0.540244431518   -0.798130592512   0.266689916403
-0.782791144172   -0.592950069445   -0.188807414449
0.308826778016   -0.106760350515   -0.945107532897
0.318176417631   0.193229000358   -0.92813055153
-0.877310826635   0.43104332536   -0.211015082711
0.359290245808   0.881399004471   0.306669715141
-0.00666959028533   0.861014414241   0.508536817778
0.22907942348   0.496339645332   -0.837358689099
-0.973384884978   0.110910481657   -0.200551067699
0.858027100324   -0.491433825549   0.149272536708
-0.503481283964   -0.747387863683   0.433495072539
-0.101469659538   -0.447106448538   -0.888706774965
-0.196035760127   0.234505833013   -0.952143368949
-0.880158122396   0.385992271729   0.276281823046
0.432309681052   0.892197837056   0.130733925285
0.387318958417   0.108914551951   0.915489838733
0.791189681069   0.470497801989   -0.39070539655
-0.473289460077   0.875653720769   0.096060648982
0.387240756482   0.920334493377   0.0550365044265
0.769251381593   -0.289612017658   -0.569541211102
-0.508229188885   0.262886476503   -0.820118157362
0.39015079516   0.806151300474   -0.444862268325
0.919753242534   -0.363707426856   0.147549586573
-0.0428524198174   -0.4667301023   -0.883361014378
0.542002836555   0.763841607227   0.35039823663
0.629244295256   -0.0925004427757   -0.771683409806
-0.557031903981   0.638740688504   -0.530778476194
-0.428861595014   0.896112528563   0.114280656611
0.586095405869   0.179738422051   0.790054602454
0.687437202617   0.405803444776   -0.602290342499
0.463073256314   0.886246702372   -0.0113992026354
0.600828400041   -0.323342374634   -0.731064253312
-0.651589128969   0.331687339675   -0.682213394554
-0.312782938197   0.896423294911   -0.313993805536
0.438406496972   -0.157007157737   -0.884956776252
-0.842595144175   -0.414456305009   -0.343888636412
0.0163753231731   0.557846509237   0.829782574485
-0.021919522885   0.829894692077   -0.55748931342
-0.999625621572   -0.00905937045945   0.0258175231084
0.382064262148   -0.908652500008   0.168456326149
-0.575420628082   -0.0912725159042   0.812748687245
-0.723130693836   -0.407455472501   -0.557729358706
-0.093126981085   -0.0559472685883   -0.994081117682
0.481388435229   0.871437008984   -0.0941419874464
0.871546062937   -0.487306312816   -0.0542219297714
0.272916921483   0.761249584132   0.588230757975
0.830365602398   -0.49516376241   0.255550023969
0.485807904756   0.418702661868   -0.76725403917
0.75193067402   -0.623506248364   0.214103292171
-0.39550840347   -0.166831271519   0.903183497208
-0.527421429459   -0.763811027083   -0.372047511285
0.892094623731   0.360271791705   0.272711236313
0.347686563575   -0.161852230101   -0.923535548379
-0.288584884947   0.918699130135   -0.269649165523
0.373183776776   0.0563090999309   0.926047058208
0.548544844884   0.791603034762   -0.269189874451
-0.748219501151   0.608435633917   0.264525343732
-0.439751880165   0.173856043262   0.881131295616
0.869625328888   0.32759071757   0.369372588478
-0.224432776682   0.928686383008   -0.295248252778
-0.774230562967   0.203437626703   0.599316416768
0.0858019819557   0.971927723642   -0.219076516106
-0.627060647193   -0.118193198021   -0.769951500214
-0.0738225493178   -0.860308754512   -0.50439972058
-0.693679486459   0.407675184698   -0.593809492891
0.716490754496   0.306055208567   -0.626874156453
-0.308874892554   0.805482065384   -0.505761745387
-0.453913912444   0.342455541789   0.822609483284
0.835798098132   0.483655708375   0.259843597026
0.250067522952   -0.475840432471   -0.84323313312
0.233846751121   0.874802794695   -0.424306218883
0.939564756126   -0.0910821234884   0.330033507127
-0.567963467058   -0.686685609035   0.453740426274
-0.367227782749   0.70479863129   0.606961815033
-0.736587575015   0.178106046153   -0.652469907857
-0.54957173733   0.827147625053   0.117463662026
0.682408958112   0.525552849386   -0.508047454861
-0.48196360798   -0.199050267195   -0.853281941513
-0.233436548002   0.969014989681   -0.0807299685899
0.518657562117   0.194310847152   0.832608928571
0.822497240916   0.152490145423   -0.547946205601
0.47474790904   -0.701264289655   0.531829689767
-0.838144614128   -0.544619285904   0.0300572658426
0.268566618683   -0.460019814221   -0.846317754661
-0.723772961868   0.661142267511   -0.197594538841
0.605817347897   0.471731889474   -0.6406671253
-0.330360470784   -0.583403742329   -0.741958241939
0.617643807627   0.137278095946   0.774384175506
-0.546747833535   0.7827289266   0.297325131781
-0.565316666502   -0.607033896778   0.558504176115
-0.653954160569   0.455786346603   -0.603823452783
-0.302342461992   0.574183259999   0.760856503958
0.693493324811   0.680126745679   -0.237685965632
-0.20949175321   0.867907026472   0.450389385685
0.842904329134   -0.0731706646198   0.533065048344
0.495606191712   0.491307894543   -0.716233939084
-0.487600526218   -0.868341747809   0.0907101749755
-0.739488576594   0.355531576228   -0.571623952779
0.464114610757   -0.345803278349   -0.81548618674
-0.685463898519   0.597589763522   -0.415963602207
0.294322494298   0.749955229599   0.592403091609
0.665968102222   0.28364348773   -0.689951345162
0.920715856415   0.268445715172   -0.283229959135
-0.21658507874   0.955275814219   0.201343046652
0.324612407977   -0.124036352631   0.937678925759
0.90499647258   0.271136257736   -0.327820857115
0.168993247192   0.47805224722   0.861920722185
0.390413456507   -0.835434724362   0.386815400816
-0.950192171739   0.308621564411   -0.0434461361714
0.224448958647   0.774327536658   0.591641387105
0.216234830057   0.552421574483   -0.805029752442
-0.898820749228   -0.224357477113   -0.3765434679
-0.399944378217   0.771304620365   0.495109762513
0.179348139348   0.595611370834   -0.782995108442
0.434184642287   0.263173656091   -0.861523837826
-0.772155614116   0.601298817561   -0.205463961776
0.46396056297   0.754439764819   0.464285728048
-0.432129047932   0.872411012301   0.228393326411
0.403098044572   0.413410569021   -0.816458001298
-0.806707166446   -0.260750315508   -0.530313888718
0.840200375437   -0.466490686066   0.276495513397
-0.311179349417   0.00281610002426   0.950347032445
-0.444106678188   -0.884521627431   -0.142796179902
0.225208036251   0.972841972071   0.053477451187
0.974021035546   -0.226139996154   0.0119885134102
0.0237563196339   0.0493882528209   -0.99849708951
0.265773644408   0.698525025558   0.664399848439
0.879115067596   0.107221131002   -0.46439242779
-0.395627435678   0.707507185641   -0.585587324317
0.529356471074   0.779772335832   -0.334270595182
0.847505314198   -0.467939124759   0.250534863692
0.0389418661261   -0.415918357122   -0.908567802242
0.411362485995   0.659741055273   0.628905911168
0.848975655025   -0.528431073351   -0.000968446975993
0.331694501446   0.534324190639   -0.777480814558
-0.389547966972   -0.870650927348   -0.300365351093
-0.918879445614   0.389549562901   0.0625436045625
0.062553543917   0.300363281298   -0.951771481708
-0.275632485307   0.740388850964   -0.613066947741
0.731620626952   0.575260092837   0.365796506008
0.623504604043   -0.347707024602   -0.700244124417
0.624629819772   0.40209642373   0.669444586411
0.7713651296   -0.183989635986   -0.609215602793
-0.121792549397   0.896920442332   -0.425088573169
0.402430996758   -0.462493232518   0.790031203639
0.756512891051   0.653973950706   -0.0025134581428
-0.515497370043   0.598680283351   0.61306148126
0.999509328976   -0.0092282470777   -0.0299322692932
0.0116471232888   0.996591232011   0.0816716646012
0.0290765508316   -0.0819802155127   0.996209716102
0.793318434987   0.543387329609   0.274547028267
0.606568796847   -0.666836404087   -0.43290126458
-0.0521551090626   0.509960214334   -0.858615411226
0.994768068545   -0.0634124387548   0.0800958951099
0.0960863770716   0.847056724207   -0.522744980002
-0.0346972325055   0.527706138477   0.848718052989
