-0.0144870254109   0.273692341359   0.961708182546
-0.898632067497   0.418198960279   -0.132552015781
-0.438463833583   -0.866142096831   0.239890255609
0.687532963579   -0.0696130071884   0.722808725198
-0.372297922217   0.820821856472   0.433180951856
-0.623452228407   -0.566926370147   0.538425305615
0.922243625575   0.2158057594   0.320771833703
-0.114788546678   0.945139203748   -0.305835699501
-0.369175140873   0.245234091732   0.896420635424
-0.321912895836   -0.94663977735   0.0156594838332
-0.769857908481   0.252097789602   -0.586315192731
0.551081562243   -0.200797999036   -0.80993164856
0.687875536482   -0.223631834443   0.690518681089
-0.221854066192   0.841042048409   0.493385291756
-0.691091903891   -0.49258204944   0.528918618452
0.198905211709   -0.829127485548   -0.522479022989
-0.944523437367   -0.0200017834443   -0.327834416931
0.261366013514   0.558701656851   -0.787108801636
-0.799067182211   0.191886213906   -0.569799367521
0.583480961311   0.0188430139977   -0.811908189767
-0.145057251115   -0.981236272126   -0.127018786652
-0.973405542348   -0.228407844744   0.0176495491596
-0.147212816883   0.564623010289   -0.812114057752
0.17552788004   -0.793114564683   -0.583231729775
-0.761417276523   0.642441336268   -0.0866767585143
0.614617023636   0.757932553546   0.218595879496
0.20613016584   0.113169667888   -0.971958322667
0.612586387101   0.706828718494   0.353738718619
0.771829573816   -0.631391994664   -0.0749883861454
0.170343850258   0.318962868977   -0.932333449412
0.269680956615   0.300427972302   0.91488535626
0.311603781757   0.871742078075   -0.378112195663
-0.911139541911   0.387051395518   0.141477745222
0.264378009814   0.187316069639   -0.946053358951
0.33398472602   0.902473800923   0.272020663613
0.904742212297   -0.387883653564   0.1760335212
-0.329767204748   -0.851050544805   -0.408615419263
-0.767587639491   -0.0102705370853   0.640861710331
-0.549602407539   0.524983319978   -0.649868992468
-0.635661756092   0.353324361409   0.686364354754
0.730101970922   0.563982138559   0.385843568616
-0.25076930414   0.74638196858   -0.616464689241
0.508383967496   0.85932681936   0.0557060061611
0.102512002157   0.00383633261347   -0.994724369846
-0.855007035648   0.511412455931   -0.086140982765
0.813655807196   0.448802163523   0.36951433725
-0.201755154318   0.814108889413   -0.544537945312
-0.545214714697   0.368515039308   0.752952575321
-0.214572116071   0.515018626631   0.829888318527
0.868045928386   -0.288935708251   0.403747969297
0.447722093735   0.807014232044   -0.385062275562
0.413729082286   0.736022487932   -0.535816333952
0.663622894829   -0.646728245631   -0.375961739758
-0.623243852701   -0.200033681069   -0.756011657654
0.237127738839   -0.888924403217   0.391897742834
-0.941790815645   -0.309311678872   -0.131743481356
0.238328544324   -0.337845661033   -0.91052721776
0.440730214849   -0.0379680948136   -0.896836273517
-0.840289019886   0.33394294704   -0.42707899876
0.315707524108   0.941828292152   0.115274573618
0.881519215654   0.423668802141   0.208395341898
0.189444669592   0.0869061304581   -0.978037852873
-0.432474958345   0.901638547635   -0.00365237228112
-0.480729387165   0.442420773985   -0.757075369473
0.278021409384   0.895741739067   0.346916175491
0.831626930925   -0.0437103607896   -0.553611824404
-0.629060222956   0.290998202443   0.720835128215
0.471343183567   0.880169439748   0.0560121472327
-0.618157616792   0.374995737986   -0.690839603159
-0.520177757579   0.731171915722   0.44136462271
0.826699487056   0.301312143843   0.475162025076
0.214436607468   0.61204462389   -0.761195322993
0.242303088408   -0.651771869791   0.718667268699
-0.864899131053   0.190513234001   0.464385831799
-0.439589247426   -0.734096817471   -0.517554978846
0.830232335379   -0.293217490438   0.474065156483
0.118137539448   0.92370560212   0.36443309727
-0.544754799027   -0.246559250311   0.801530252095
0.0464704090486   -0.303573998444   -0.951673961266
-0.798557527956   0.561066655637   -0.217968076738
0.600121967293   0.770095471614   -0.216348304758
0.812393891913   -0.376489956852   -0.445276854071
0.236941111008   0.910878917374   -0.337873508578
0.532799281433   0.168981982098   0.829198417407
-0.879002979526   0.47038338077   -0.0780591895949
0.172378386758   0.160852877342   -0.971808645583
-0.444566590921   -0.86767841217   -0.222474086784
-0.748997067548   -0.626318198553   0.216168700245
-0.560377212059   0.772887260559   0.297695587254
-0.353526198477   0.101837108298   -0.929864737671
-0.662626215892   0.379357583376   0.645766460842
0.273722374629   0.925246176531   -0.262670086691
-0.697138838138   0.00270864354527   -0.716931031278
-0.362614687961   0.392600968632   -0.845207115152
0.865219037986   -0.195160891749   -0.461853053079
-0.34627533031   -0.898763987797   -0.268917626529
0.998191223513   0.0597965355356   0.00621736596342
0.0263456944568   -0.528046994953   0.848806382813
0.0540387424462   -0.847107280962   -0.528667257219
0.168248449912   0.503306309023   0.84757018494
0.799883828423   0.432792423158   -0.415784294418
-0.57608881271   0.747912747421   -0.329769923001
-0.710185255207   0.650096893627   -0.270205351877
0.622035805154   0.399683630548   -0.673293734248
-0.329709509102   -0.646240686098   -0.688232965818
-0.703211174382   -0.294072640297   -0.647313931917
-0.43433010116   0.898502181717   0.0636489801698
0.562895556432   0.325906599625   -0.759561373998
0.782599401977   -0.610372414061   -0.122407892633
-0.2392539418   -0.476432048302   0.84603194661
-0.57471360464   -0.632817524651   -0.518889442114
-0.0673675527562   -0.216834551093   -0.973881096586
-0.539428218331   0.829052237623   -0.147273842078
0.839332359739   0.515417466472   -0.172817895925
-0.822885323954   -0.531152902549   -0.201832449655
-0.421206097981   0.80862754848   -0.410739468354
0.381372739776   -0.252978421912   -0.889132583703
-0.349803482163   -0.921506597841   0.168710147894
-0.582996896202   0.0731612035876   -0.809173687973
0.733315854789   -0.381409266308   -0.562827530145
-0.630363739454   0.701048577873   0.333425325144
0.382218922499   0.654118522789   -0.652715599192
-0.675685023713   -0.284006777396   -0.680286630126
0.65485527359   0.120151488882   0.746142205193
0.734399246587   -0.334206264982   -0.590731681104
0.178388108529   0.934810029988   -0.307095898001
0.0534681747539   0.915690087074   -0.398312463684
-0.152286154663   0.401694581151   0.903022918078
0.98688909275   0.0123744862567   0.160924798285
-0.201548076841   0.0594296016402   -0.97767402296
0.974347423913   0.114201540852   -0.193920358864
0.100127270196   -0.991678441087   -0.0809221801934
0.531757657541   -0.825948217276   0.187198653906
-0.610380079599   -0.220541536942   0.760787479466
-0.587085983545   -0.51881689724   -0.62141698968
0.0422022262711   -0.986773631281   0.156514448872
-0.241930272835   -0.162084893101   -0.956659934624
0.969375425304   0.00250759570712   -0.245570757176
-0.0216395541382   -0.574782245869   0.818020231737
0.334480893341   0.766899910237   0.547710744526
-0.942154054116   0.28546435419   0.175658306948
-0.133203501968   -0.283141041163   0.949783121493
-0.169041324658   0.950771405757   0.259728251356
-0.976566361095   -0.125955884355   -0.174508617481
0.374186383051   0.373408776561   0.848852423173
0.922074802466   -0.0522855660911   -0.383463529213
-0.0988059178258   0.926192261448   -0.363875370748
0.102207631065   0.945870875717   -0.308029035356
0.843587716325   -0.246514390158   -0.477064377533
-0.527174890352   -0.211089890605   -0.823120703826
0.647740227322   -0.509087943378   0.56679984458
0.0505985235165   0.771070831421   0.634735820912
-0.760179181066   -0.382464689662   0.525212693902
-0.463245073508   -0.829698939142   -0.311454125446
-0.833539428051   0.288537750776   0.471124174992
-0.301024955369   0.477855246664   -0.825250470754
-0.815992288847   -0.47971241759   0.3225408206
-0.564150210512   0.539185493619   -0.625310757505
0.12606000366   -0.692210228097   -0.71060106642
-0.248709862927   0.751136925162   -0.611503657994
0.809753095234   0.507662478746   0.294242642104
0.531453976221   -0.421985932623   -0.734496115597
0.795721795759   -0.534469548028   -0.284901958551
-0.343335241737   -0.785568495639   0.514784469896
-0.498946625939   -0.311808340005   -0.808596205515
-0.0733650511067   -0.994354001528   -0.0766660871597
-0.340556799033   0.097230753193   -0.935183002019
0.937357261618   -0.0425005915   -0.345767355043
-0.495979900928   0.855691166538   0.147636599065
0.754250346468   0.340300937912   0.561517307399
0.430244526668   0.389856254489   -0.814187784303
0.227234994593   -0.457941875615   0.859449530684
-0.839300401985   0.355502441669   0.411330583834
-0.493901905709   -0.814805039581   -0.303568204879
-0.410752496569   -0.311422914645   0.856911987777
0.190114316848   0.889943373506   0.414556797655
-0.891705631412   0.333191476762   -0.306340507804
-0.600353695663   -0.794261569756   -0.0934023496117
-0.694218176536   0.459594790873   0.553925763591
-0.397034713181   0.397392988126   -0.827310249857
0.055529871936   0.690647061193   0.721056911892
0.858868378757   -0.401322255987   0.318253915638
0.509177318124   0.60162038173   -0.61546029522
0.0886044892974   0.871211911253   -0.482844747477
0.840754546863   -0.325350471741   -0.43275727893
-0.534117062455   -0.367609679181   -0.761302888059
-0.104353721654   0.622397895632   -0.775713323522
0.99453599598   0.0630256061373   -0.0832221465212
-0.00290748646104   -0.780159363518   -0.625574067588
-0.823675053135   0.146698056156   0.547758237876
0.375485211751   0.864948811568   0.332978091057
-0.424935598177   0.479940864782   -0.767519709007
0.809349242198   -0.202896212115   -0.551168695829
0.46395084869   0.79630098982   0.38814216933
0.360143602127   -0.569857754814   0.738619472479
0.216439318052   -0.968417544368   0.123779971572
-0.934797124218   -0.168995016796   0.312402018002
-0.281617396754   -0.183325241196   -0.941851101707
0.692398849882   0.712870761679   0.111351290181
0.392724628708   -0.501826655685   0.77067332486
0.605269525656   -0.489882929676   -0.627426104434
0.720210790402   0.620499637107   0.310284736554
0.344900174719   -0.708311140581   0.615905185566
0.60194707979   -0.336564300659   -0.72414375966
-0.964748603435   -0.256446329497   -0.0591220116171
-0.175704084387   0.794887427425   -0.580759892254
0.195929086406   -0.549899316065   -0.811925203015
-0.465808390841   -0.353091813666   -0.811386907799
0.127730484767   0.880507241783   -0.456499639023
0.875618333685   -0.316280205339   -0.365047072893
0.588042935491   -0.00153205260778   -0.80882826288
-0.762642090353   0.332037176613   -0.555093105134
0.269411484611   0.943265056154   0.194083708225
0.967723581892   -0.249178185277   0.037700146324
-0.033654476641   -0.276033134662   -0.960558735722
0.249756772186   0.928286561656   -0.275509735211
0.534444809163   -0.802664757789   0.264760330417
-0.787511500982   -0.586650189932   -0.188857593105
0.306911032352   -0.107567844902   -0.945639876995
0.321330094473   0.197791799649   -0.926080652199
-0.879771995726   0.424168283635   -0.214668355132
0.350354400462   0.883719226423   0.310309720968
-0.00752366751544   0.861458030524   0.507773035985
0.226514011297   0.49605638704   -0.838223993669
-0.973978848391   0.108711188578   -0.198864477384
0.856309184976   -0.493186622503   -0.153302104062
-0.506953560155   -0.745958163984   -0.431907982598
0.0986542830881   0.447563819997   -0.888793541526
-0.197760017888   0.234005082788   -0.951909972925
-0.877632241135   0.390289733501   0.278272480213
0.436637864419   0.890458053562   0.128186700566
0.384330783361   0.10898310911   0.916740165417
0.790868338406   0.473400546853   -0.387839133592
-0.476253210244   0.874079289406   0.0957511125995
0.385925369519   0.920721756599   0.0577326258325
0.77107274251   -0.287576760465   -0.568107764951
-0.506466617774   0.263763253249   -0.820926617497
0.397858250612   -0.802894088839   0.443925550657
-0.91635375428   -0.371380291075   0.149574317374
0.044772864957   -0.466302221212   -0.883491725516
0.516735035779   0.77410637532   0.365710572025
0.641340069594   -0.0670212040699   -0.764323932207
-0.567157665853   0.62949779817   -0.531097640904
-0.429285173039   0.896154841214   0.11234207038
0.586536425124   0.1820342709   0.789201207691
0.686796376091   0.404685093358   -0.603772070405
0.463005975978   0.886270646144   -0.012239607502
0.600347781029   -0.323733236728   -0.731286081675
-0.652079755875   0.33124180476   -0.681961039032
-0.320381889923   0.896332657292   -0.306501569472
0.440483001919   -0.145487410963   -0.885893976883
-0.838647822174   -0.418833117996   -0.348207767921
0.0149733719169   0.534857055598   0.844809876959
0.00205235363026   0.844886376835   -0.534941864208
-0.999885786465   0.00974373210363   0.0115530821284
0.379708176892   0.906529599984   -0.184460794626
0.587699355613   -0.082387376505   0.804873771224
0.714444656928   -0.414024642437   -0.564050022287
-0.0929427972265   -0.0533200932865   -0.994242728963
0.479551625648   0.87271637042   -0.0916317365285
0.872577718477   -0.48530722687   -0.055542963237
0.273101620055   0.762931192834   0.585962029592
0.831695217019   -0.493354745669   0.254723695234
0.483423800729   0.417776363532   -0.769262204299
0.750981123113   -0.624994915147   0.213093192685
-0.394769251168   -0.166258311528   0.903612423653
-0.529324655633   -0.762718512879   -0.371585628155
0.893817315921   0.356863413939   -0.2715494606
0.346069864634   -0.163838222353   0.923792555549
0.285177584239   -0.919676867539   -0.269941113503
0.373338087868   0.06221891319   0.925606546535
0.543242371262   0.794124985157   -0.272494466027
-0.752001594554   0.604561258097   0.262677153548
-0.439115593585   0.177175031852   0.880787433811
0.869480060136   0.330670865267   0.366962128686
-0.226234216016   0.926965903878   -0.299252890633
-0.773758234034   0.205635745639   0.599176213965
0.0896065247634   0.971865359257   -0.217826523167
-0.627111525955   -0.114854967637   -0.770415128632
-0.0810694459445   -0.858958808509   -0.505586303435
-0.690472964598   0.414219582715   -0.593017050729
0.718800966955   0.301018110055   -0.626668387049
-0.309166440411   0.808078962841   -0.501422478493
-0.458032448195   0.335547914114   0.823173052118
0.833440092943   0.48416524777   0.266386231491
0.24978781957   -0.479195751514   -0.841413974763
0.239490130329   0.872535896926   -0.425823421209
0.938216671494   -0.0951448385711   0.332711492173
-0.569693834081   -0.683908471645   0.455761053427
-0.365852196272   0.707608657875   0.60451812031
-0.73593553107   0.17764906336   -0.653329705733
-0.545929659249   0.83074984165   0.108699161684
0.679558022468   0.514943346369   -0.522526787954
-0.490062956415   -0.211395483939   -0.845665565173
-0.233101785987   0.96915512504   -0.0800118802512
0.517774387899   0.193338303594   0.833384655247
0.823148370956   0.152835349229   -0.546871205515
0.483765785256   -0.699682299047   0.5257521711
-0.834519699222   -0.549787187524   0.036206629852
0.263718669468   -0.456266072414   -0.849866892248
-0.721357171187   0.6614756691   -0.205167665013
0.604761500345   0.457263682913   -0.652053258553
-0.337501643371   -0.594440798968   -0.72988545488
0.619526770221   0.137472308918   0.772844062706
-0.548431199209   0.780199362225   0.300852413848
-0.561613568847   -0.610237920376   0.558748494246
-0.653641464795   0.462127104346   -0.599325766952
-0.3032089257   0.565670595129   0.766864476412
0.693409823178   0.682975341602   -0.229624693547
-0.210853001824   0.868248968783   0.449093241799
0.843196509772   -0.0708750153318   0.532913105591
0.494530744778   0.491040182072   -0.717160290354
-0.486081933214   -0.869356084162   0.0891311008213
-0.74150177354   0.356306651548   -0.568525012554
0.46249267458   -0.342440606519   -0.817823304245
-0.687859496622   0.594242953388   -0.416802861379
0.289381793456   0.751138438912   0.593337360366
0.66566319601   0.287517578485   -0.688640800083
0.921078673716   0.267218676791   -0.283210620564
-0.214986903291   0.955436741859   0.202290048494
0.324645511658   -0.125438475279   0.937480922835
0.904642470935   0.272419802094   -0.32773381151
0.168174629159   0.478413773382   0.861880244318
0.391585615016   -0.834809986084   0.386979318889
0.770034327301   0.599532052835   -0.218193612195
0.561029425523   -0.799150044396   -0.215882352775
-0.303797825002   0.0438237853931   -0.951728090033
-0.899906079157   -0.223977950431   -0.374169649248
-0.39593598669   0.779255825809   0.485793219782
0.182766909317   0.585315500959   -0.789937985665
0.434643420616   0.260724690289   -0.862036967182
-0.771295193438   0.601932619236   -0.206835312456
0.464961096753   0.754784577064   0.462721753036
-0.432628813593   0.872502504913   0.227094008222
0.401000657088   0.411819798138   -0.818292690226
-0.807484230598   -0.262952149227   -0.528039188464
0.839672137237   -0.467162363142   0.276965753139
-0.311621477289   0.00323914947537   0.950200801306
-0.444795185272   -0.884165614788   -0.142858002173
0.230547648945   0.971496013654   0.0551659044983
0.972712408671   -0.231611842368   0.0136573969655
0.0260451834856   0.05051187908   -0.998383793182
0.266609897926   0.69351165104   0.669298701777
0.882218865281   0.104017985555   -0.459205980387
-0.388083800319   0.712896800774   -0.584096837328
0.527736441012   0.781107147094   -0.333715258246
0.848439688358   -0.465991774982   0.251001515669
0.0405505122917   -0.415599916274   -0.908643145324
0.41503205488   0.661798959229   0.62431605056
0.848864751366   -0.528595142061   -0.00397613869267
0.327379026988   0.531610114044   -0.781161736989
-0.379994484509   -0.875206580978   -0.299362042276
-0.922906154806   0.380439238826   0.0592470672907
0.0620356443003   0.298796630126   -0.952298352756
-0.276184911244   0.741508130989   -0.611463479268
0.72952729788   0.575931544882   0.368907545676
0.625709050956   -0.344192602023   -0.700014025762
0.623471310284   0.40628228895   0.667995678832
0.771513392636   -0.181257016812   -0.609846684701
-0.12669100298   0.895589524024   -0.426460776885
0.40294315651   -0.479205164434   0.779743049345
0.767793369554   0.640690424853   -0.00302012757166
-0.498126644831   0.59989848298   0.626092370045
0.999497923971   -0.00908216632906   -0.030354805756
0.0115616717495   0.996521203903   0.0825337380552
0.0294996224395   -0.0828432521439   0.99612587952
0.794775928562   0.543094767593   0.270886132519
0.604370429685   -0.667514250715   -0.434926555655
-0.0553859828863   0.509384725434   -0.858754676491
0.994723933235   -0.0617164294128   0.0819474160068
0.0956371835344   0.846902813147   -0.52307662365
-0.0371190756253   0.528154056525   0.848336882848
