-0.509820764629   -0.79052356335   -0.339345375307
-0.0783171302596   0.435469939937   -0.896790030341
0.856708360565   -0.430625623019   -0.283923154636
-0.164729318139   -0.855204525496   0.491415782527
0.70189470251   0.248396038963   0.667565153686
-0.692970474359   0.454889687066   0.559345415882
0.789879054772   0.208141136429   -0.576860768435
0.264571275186   0.732947374708   0.626729755361
0.553256829311   -0.647661495872   0.523871613648
0.951826999207   -0.16256421673   0.259996613477
0.0542146374109   0.923761593848   0.379111185302
-0.301804798953   -0.346752639744   0.888074585921
-0.606744221944   0.746269145665   -0.27375867359
0.319651236708   -0.086258912557   -0.943600809069
-0.72779429512   -0.660031637297   -0.186208758544
0.569000079531   -0.711171358369   0.412885224402
0.543328395474   0.702010345997   0.460408219719
-0.617278838261   -0.0376400471472   0.785843535754
0.232097337494   -0.950128693097   -0.208293764864
-0.800194269944   -0.0647608087428   -0.596234155345
0.553009906129   0.305059837088   -0.775318347209
0.946537479377   -0.198679325309   0.254152170617
-0.111636849376   -0.940897851856   -0.319763109558
0.302661550243   0.274295020129   -0.912775014961
-0.995906154924   0.07196778346   0.054695234973
-0.0852151500795   -0.545631605331   -0.83368131169
-0.0301547472521   -0.834929212214   0.549530619538
-0.986676572328   0.0490139259482   -0.155135349558
0.0412201520321   0.997739969979   0.0530645962362
0.157385643201   0.045962891232   -0.986467015132
-0.88122622553   -0.241064836537   -0.406605563199
-0.470582956909   0.366180729912   0.802784749299
-0.0446320524452   0.898776622764   -0.436129066067
0.888716986395   0.0214898542858   -0.457952294737
-0.452352085297   0.20356492133   -0.868296558631
0.0745634563293   0.978825576375   0.190632583819
0.213522798862   0.662157596507   0.7183003075
-0.354743937134   0.737622068549   -0.574517556787
-0.91025532321   -0.132140082407   0.392395521367
-0.464441052818   0.785173059001   0.409631268188
0.849502751292   0.264267020099   0.456626781556
0.250279012312   0.560059112512   -0.789743126902
-0.831565238516   0.545009382909   0.107070194889
-0.521462161432   -0.832447593717   0.187371870647
0.19124975369   0.0999788790535   0.976436252633
-0.0043209703724   0.566003786607   -0.824391316525
0.498025727745   0.716103541656   0.4890461043
0.867151488334   -0.408454931632   -0.284978709918
0.718483868184   -0.691739560724   0.0726451050521
0.687299503013   0.690051839631   -0.226821189001
0.106772301261   0.212896309858   0.971223371286
-0.180699684247   -0.928681762838   0.323879310059
-0.965370116608   0.230471158074   0.122243949772
-0.188170566436   -0.290573964194   -0.938167687175
0.0804142261016   0.927756037488   0.364420481237
0.866299952049   -0.245882711673   0.434817300922
0.49300907225   0.280731948672   -0.82348747876
0.93572954255   0.0221365130714   -0.352023007754
-0.0250864920833   -0.991324390257   -0.129021785746
-0.351825085964   0.129560518953   -0.927056190754
0.820421344847   0.145521416648   0.552930677586
-0.558119717876   -0.00614406171267   0.829737688082
0.124141844022   -0.989336023706   0.0761776526315
0.186210316845   -0.680800489201   -0.708404130284
0.981269655185   0.0926492498138   0.168896359705
-0.0493516130757   -0.726585721311   0.685301107452
-0.482017670924   0.380026134521   -0.789454939815
-0.842326216299   0.0469837980761   0.536916257952
0.241133801554   0.923781716532   0.297458955066
-0.265214325032   0.880252319718   0.393468188586
-0.173871781763   -0.445054310834   0.878461873911
0.9483828158   0.164567657939   0.271085817881
0.151116084064   0.761991569355   -0.629708486023
0.631898982347   -0.564339242436   -0.531248431109
-0.760176035695   -0.317631968919   -0.566782433633
-0.1706554082   0.445918270374   -0.878654441631
-0.920488527287   -0.390293001382   -0.0192936311985
-0.351536061856   0.805498770464   0.477068263456
0.938254502743   0.165576497574   0.3037481054
0.0292899530084   0.836848748755   -0.546650043775
-0.344703621588   0.52179363273   0.780327378801
-0.0665554976778   -0.858674067259   -0.508182262526
-0.0219217450807   0.510446999515   -0.859629744587
0.997541880234   -0.046072843456   -0.0527966881007
0.922685794795   -0.122529267443   0.365564635466
-0.090098924591   0.853379933015   0.513444129107
-0.374877457139   -0.506684584872   0.776361786529
-0.9608147667   -0.247981587137   -0.123855224077
0.233096031717   -0.964629187849   0.123112834212
-0.150004080237   0.0894184678413   0.984633491976
0.195363821741   -0.133158096915   0.971649061329
0.254879175813   -0.949803412072   -0.18141136721
0.947031986203   0.283094329936   -0.15161799849
-0.336869557774   -0.243350085945   0.909560133645
0.852145835347   -0.489664604464   0.184596994658
0.400457708562   0.837262987839   0.372322861033
0.626542849596   0.506862616498   -0.592059410547
0.186691024959   -0.835134236105   -0.517394693523
-0.756697111677   0.213637767454   -0.617874085472
-0.341669017206   0.0941069366483   0.935096875813
0.804019311167   0.544463853558   0.238981295166
-0.486636650851   0.833488450216   -0.261690224129
0.751966970237   -0.288974660128   -0.592485714154
0.490289066337   -0.355618565074   0.795708531816
-0.440638522036   -0.888835801472   -0.125732298629
-0.993334387438   -0.0369566860798   0.109183323306
-0.0949296660147   -0.275010875056   -0.956743109257
0.0653846560317   -0.960730566785   0.269669473246
0.732390993379   0.613135519894   0.296088275793
0.262941007033   -0.655813943699   0.707651113241
0.628064853051   -0.440423552384   -0.641530696746
-0.505296177083   0.3933688268   0.768073394623
-0.851974972242   -0.085932514027   -0.516482574445
-0.137165666615   -0.915355979461   0.378561766119
0.376741940844   0.87351685372   -0.308275552513
-0.438868264562   -0.124758212338   -0.88984832124
-0.815757412696   0.470535540339   0.336357174605
0.727675958972   0.663865898321   0.172539177521
0.569704653645   -0.725040282897   0.386979580589
0.38200040098   -0.183299365037   -0.90580187482
0.608220470493   -0.790486850641   0.0720999184273
-0.74308530861   -0.535094299842   0.401868528755
-0.279091532298   -0.298001055771   -0.912854472169
0.478951629682   -0.84389436972   0.24175944486
-0.802864605238   -0.309736655926   0.509383578093
-0.354984171591   -0.438070196122   -0.825881796136
0.640136301445   -0.695672235919   -0.325984134192
0.0353281722351   -0.39721014855   0.917047445957
-0.767448653539   -0.598551783943   -0.229691806819
-0.177168787094   -0.576304833944   -0.797799448015
0.341340142834   0.724325750506   -0.599031813883
0.923091613963   -0.378450717435   0.0683880596566
0.890888376145   0.444719559827   0.0924251824829
0.325641575865   -0.483477608997   -0.812531209042
-0.316663015392   0.753972091464   -0.575543760262
-0.237454184866   0.795577347862   0.55737975713
0.63074013728   0.562656122314   -0.534401503784
-0.738770863877   0.224665911057   -0.635407616491
0.11643675929   -0.0395758684334   0.992409306548
0.877849975795   -0.463275637442   -0.121470587997
0.464566358104   0.885330127348   -0.0192006387355
0.0337006448348   -0.705496506239   -0.707911679676
0.969066326168   0.196339610102   -0.149536661031
0.244488695086   -0.680973888772   0.690289678893
0.126770133317   -0.515473905244   -0.847476245278
0.989479112841   0.00566701425983   0.144564761266
-0.0697167020839   -0.856886537391   0.510769070607
-0.384811336492   0.323723699422   0.864362887761
0.537452220156   0.839925645483   -0.0752995425623
-0.750376802917   0.435577635437   -0.497198931164
-0.0986587672973   -0.995020077596   -0.0141948165326
-0.955218660452   0.0906942462004   0.281659128078
-0.27896909929   0.0413472960079   -0.959409528175
0.477347277476   0.130532205766   -0.868965430811
-0.233762284315   0.972134155877   0.0176175312959
0.847050630788   0.194721663497   0.494559099246
0.582170852773   -0.764726217088   -0.276171886838
0.447350442166   0.584900250601   -0.676586490215
0.678936433016   0.270343318292   0.68261248903
-0.703075899709   -0.133773835732   -0.698418814267
-0.329657196075   -0.808923207943   0.48679500483
-0.630087622736   0.572492623992   0.524634904624
0.0759434539309   -0.295003169269   -0.952473475707
0.666283246256   -0.695650343121   0.268583759512
-0.74182156046   -0.655014297734   0.143725579492
-0.897117960527   0.423410508139   0.126106726612
-0.441771781723   -0.857087588528   -0.265025580773
-0.00413010561591   -0.293469601813   0.955959483995
0.482347030858   -0.871424752917   0.0892201873208
-0.54792019772   -0.220668321277   0.806900829666
-0.68346528716   -0.438091762064   -0.583909932489
-0.596953328065   -0.16433684162   -0.785264367331
-0.450547713501   -0.741202783461   0.497619524987
-0.663817355883   0.650854696746   0.368421880122
-0.342075630472   -0.898022350857   -0.276658852014
0.939038695326   -0.337504162142   -0.0655535599118
-0.0345049520692   -0.282217642782   0.958729685774
0.641951375755   0.367872411025   -0.67273198257
-0.539621656799   -0.406545650873   -0.737244261605
-0.544708085748   0.836295715021   -0.0624706199573
0.755381075416   -0.570828710205   0.321798095875
-0.499364485168   -0.819430618846   -0.281369102515
0.424304774726   0.0518463547719   -0.904033967084
-0.687529268258   -0.378681150814   -0.619599944566
-0.63038212359   -0.112288393349   0.768120885654
-0.360446783238   0.918690319279   -0.161512271101
-0.895303713196   0.201807872826   0.397120691482
0.0866436332237   -0.795573457412   0.59962968129
0.436948671996   0.571258659739   0.694794503226
0.575335980833   0.15261875465   0.80355212954
-0.373846363865   -0.824740464191   0.424313637479
0.727480175251   -0.544527944605   -0.417446897415
-0.444291150757   -0.471187981959   0.761962767474
0.417711736291   -0.8613609815   -0.289091966187
0.792541657406   0.189839788259   0.579515811752
0.788115667586   0.127783044084   0.602117254486
0.18573496566   0.883246797522   -0.430555010654
-0.586835766664   0.451161377239   0.672366860167
-0.640497632352   0.516905690736   -0.567953598313
-0.0370045902293   -0.759475596843   -0.649482469434
-0.767068082541   -0.394975093751   0.50557020488
-0.587286621586   -0.374360987047   0.717598965637
-0.531762687351   0.846867679611   0.00660133100007
-0.61018265171   -0.377715481027   -0.696425263
0.582280290214   0.513136788587   -0.630587265831
0.0568532711193   -0.799443659699   -0.598044764653
-0.810997761521   0.312378730334   -0.494673791142
0.920890069165   0.376251320161   0.10196285888
0.35867182523   -0.92026019738   0.156447086595
0.152695783505   -0.107499363695   -0.982409224562
0.684727769828   0.728148716111   -0.0307787012748
0.302782004757   -0.245803773269   0.92081679103
0.662926043252   -0.639828064618   -0.388778997511
0.227620788042   -0.179116580465   -0.957134278695
0.791176606415   0.607026387461   0.074555632837
0.567651613503   -0.774232662401   0.279884672961
-0.291025308268   0.250676137457   -0.923290714811
-0.302813154083   0.891312050853   0.337441879024
0.907528767402   0.377788700353   -0.183486332526
-0.16508336539   0.106207216841   -0.980544496472
0.00678711900099   -0.994039223895   -0.108811563606
-0.986256263598   -0.0246180512968   0.163378499391
0.565441108354   -0.820631748756   -0.0827036028019
0.335552559661   0.137282504965   0.931964588134
-0.753445971977   -0.554722495274   0.352990255599
0.196981287939   0.888572183962   -0.414291981688
0.343821677418   0.333124895325   0.877960396745
0.918142160201   -0.315384333795   -0.239891007871
-0.470915822736   -0.612982761015   0.634421328925
0.15920265594   -0.766397032035   -0.622326364241
0.867693956553   -0.192061771277   0.458496972482
0.177197488685   0.475042447863   -0.861937191872
0.797580671324   0.443789006585   0.408554023803
0.576598753671   -0.759859191142   -0.300246377001
0.240711399102   0.536560936567   -0.808801819788
0.354124733064   0.727309559198   0.587891553377
0.903688937508   -0.427928926868   -0.0149377968594
0.273546223445   0.252141721424   -0.928222503474
0.775499245888   -0.628700900782   0.0577589558675
-0.5690108815   -0.735635595709   -0.367514471907
0.949769213556   0.30268698918   -0.0794923113394
0.250633324469   -0.887804413114   -0.385987384148
-0.187406983985   0.346675512024   -0.919072745606
0.743420266661   0.580177455654   0.33274679122
-0.0186278251851   -0.479355718247   0.877422987796
0.668565113692   -0.65849238062   -0.345555311664
0.60823029903   0.0158175311883   0.793602992087
0.348346564071   -0.903698118274   -0.248966628945
0.713239493187   0.427877922702   -0.555166559352
-0.748163276852   0.528273545945   -0.401470760859
-0.198022114633   0.39971837717   0.894992994983
0.633276364068   0.749100980915   -0.194444766209
-0.771613544591   -0.424191338153   -0.473998150249
0.385960053944   -0.904544991305   0.181199325234
-0.505615836939   -0.0431284980178   0.861680078739
0.0343863656822   -0.976578659271   -0.212395150867
0.914586421475   -0.0549317348362   0.400642212156
-0.402925868502   -0.208030350585   0.89127667855
-0.630882174354   0.560803820109   0.536177915839
-0.639363736975   0.0157276608043   -0.768743554462
-0.439547146417   -0.827799321114   0.348635325289
0.993057279481   -0.117369224075   0.0078552472826
-0.00803944164825   -0.134340254282   -0.990902650848
0.117356751181   0.983959938879   -0.13435115047
-0.467199578432   -0.88351657713   0.033511368962
-0.859543289639   0.444989568375   -0.251335666538
0.207147018201   -0.14622838977   -0.967319683908
0.104975154881   -0.985236848448   -0.135235236972
-0.0380684010492   0.131905803168   -0.990530996957
0.993745950281   0.109129334057   -0.023659559358
0.360449483411   -0.326559074796   0.873747870141
-0.847657826584   0.276264924193   0.452939179904
-0.389297288637   -0.903900913999   -0.177230806383
0.415091620167   0.232728870108   -0.87950907891
0.445210037716   0.791103350035   0.419456209729
0.793402148462   -0.565679027879   0.224767142247
-0.449747877037   0.206196065251   0.86902821
-0.882172360371   -0.254672034936   -0.396123820565
0.139638009505   -0.944788514587   0.296438676635
-0.777940918017   0.619888076168   0.102697132872
-0.612713957158   -0.784617242505   0.0946434861372
0.13924630975   0.0107030738193   0.99019993407
-0.600430153801   -0.745454159345   -0.289450732805
0.757431164093   -0.646238815   0.0931312281042
-0.256479359924   -0.163320207882   0.952651482773
0.0312033769528   -0.729112902609   0.683681742126
0.845910189152   -0.345091089353   -0.406630166045
0.532411777814   0.591021586153   0.605996026015
0.99169473289   0.117184318084   0.0530037013167
-0.0788175082738   0.228063074294   0.970450943909
0.101633445024   -0.96656870927   0.235405125504
-0.755491785381   0.118169804422   -0.644412957306
0.00295880668274   0.984204504383   0.177010561873
0.655151438741   0.131823332056   -0.743908059804
0.726842481327   -0.571114494464   -0.381481639861
-0.388157113043   -0.799819787441   0.457845348575
-0.566598678901   -0.184706637215   -0.803025152306
0.0677251630202   0.916413230576   -0.394461776498
0.873079888928   0.136907065085   0.467961497433
0.482850711757   -0.376089412712   -0.790829908262
-0.388638878127   0.848083995962   -0.360157407534
0.913597866681   0.405422132829   -0.0311742234638
0.119577424311   -0.341154554426   -0.932370532347
-0.968457436556   0.241484744886   -0.0614435640784
0.159065710822   0.40932852205   -0.898414303469
-0.191802745602   -0.879849577498   -0.434829193772
0.585101669408   0.741292568188   -0.32884854387
-0.806428131676   0.48903886172   -0.33243745302
-0.0856136957381   0.459702425573   0.883936635186
-0.652988640013   0.18869563332   -0.733484692396
-0.371617547195   0.764041258527   0.527391082485
0.659928961806   0.616956168   -0.428787653899
-0.797808113323   0.47170536729   -0.375494688092
0.429629956316   0.00784699996827   -0.902970943734
-0.42298973386   -0.881721311448   -0.208919156583
-0.973127478432   -0.143278442111   0.180261473275
0.19307803356   -0.0811413412293   0.977822558392
-0.125474235114   0.986350531388   0.106624788641
-0.588233867334   0.505786025455   0.631000327873
0.673927106825   0.737881075249   0.0367936608193
-0.446993480946   0.446891502766   -0.774909551334
0.932977073871   0.35952107942   -0.0172734791813
-0.353884227743   0.907470989674   -0.226411917211
-0.0657246756214   0.217349939849   0.973878468117
0.997665337792   -0.0553462006426   -0.0400083971547
-0.0154920918097   0.387149999607   -0.921886583532
0.0665121707646   0.920354103527   0.385388706713
-0.84974433111   -0.403681525215   0.339080813297
-0.517958048237   0.519391161296   -0.67967071574
0.0982549337822   -0.753175973971   -0.65043978985
-0.340214836738   -0.785673121493   0.516692956239
-0.41968691406   -0.364843313332   -0.831115064768
0.841496737385   -0.499606948391   -0.205611619538
0.429852833379   0.275713657679   -0.859772365575
0.364880765456   0.817969078108   0.444734318734
0.825886534965   -0.504884705877   0.25100371538
0.177537371038   -0.393602940075   0.901974061406
-0.952764537783   -0.298238478182   0.0573894212879
0.246414726485   -0.869557666688   -0.42795939863
0.0483529170183   -0.583078025827   -0.810975962167
0.997714433828   0.0665633253665   0.0116289400914
0.0472006774032   -0.809684716117   0.584963893364
-0.996874284044   0.0153390751059   -0.0775008037771
0.0770593267789   -0.0275384515728   -0.996646122674
-0.0174218818614   -0.99950304975   0.0262703553942
-0.600303210053   -0.127227071065   0.789588075131
0.32811422522   0.861177692897   0.388219057318
-0.729367610474   0.492124225827   -0.475222721622
-0.824856053238   0.559116656115   0.0836723149636
-0.0134704239141   -0.16739817241   0.98579734203
0.565182306089   0.812013803287   0.145610934189
-0.940103037308   -0.0255165397276   0.339934089854
0.242293238614   0.65143938087   0.718971988031
-0.239792130327   0.758271481233   -0.606237655529
-0.587329573736   0.177821047547   -0.789571812354
0.526919211146   -0.65648363708   -0.539801240432
-0.61432899715   -0.733081788954   0.291874928632
0.291550987379   -0.112430602279   0.949924934629
0.742122814037   -0.5999844154   -0.298784922917
0.603532725412   0.792072004902   -0.0914887337745
-0.232157086792   -0.822804160481   -0.518745024601
-0.225044627323   0.5642824412   -0.794317469445
0.946286427444   -0.0676656489572   -0.316169823332
0.953223672719   -0.136784482481   0.269545237616
-0.200545857353   0.381006664965   0.902560402605
-0.226154789619   -0.914398122595   0.335753011197
0.998470157669   -0.0219377598842   0.0507550877888
0.0254576120138   0.997237772869   -0.0697763165613
-0.04908415463   0.0709616731312   0.99627063929
0.892483430885   -0.392865689963   -0.221652600356
-0.223061603156   -0.811477291217   0.54013713725
-0.392067400829   -0.432621261023   -0.811863287579
0.844789459769   -0.534805313159   0.0177213340373
0.534487453932   0.844944037667   0.0198175377009
-0.0255720599905   -0.00726981625841   0.999646547295
