-0.0176036824179   0.28450526378   0.958512840423
-0.900926191044   0.411240994879   -0.138610397972
-0.433615161939   -0.865989375811   0.249078887755
0.684251917816   -0.07717727174   0.725150316619
-0.363911977247   0.825583621323   0.431253703774
-0.631955208683   -0.558977059395   0.53682144265
0.922283565481   0.216134753478   0.320435318253
-0.115007223235   0.944945169102   -0.306352682368
-0.369007267473   0.24569166801   0.896364457585
-0.314657067058   -0.949086754803   0.01500873108
-0.772931948329   0.247013159506   -0.584431948377
0.550969267204   -0.195496370527   -0.811303910818
0.687650887992   -0.221993116656   0.691270795276
-0.224368544337   0.840530621921   0.493119691277
-0.69050344862   -0.494193615672   0.528183356112
0.20355741545   -0.835103188705   -0.511045049707
-0.940455422302   -0.0216456052916   -0.33922716052
0.272227804013   0.549667292083   -0.789783445469
-0.799508967863   0.186341212928   -0.571018706061
0.581847088451   0.00423837729257   -0.813287158278
-0.149128722815   -0.982475948063   -0.111810712855
-0.973630002734   -0.227471116362   0.0173640144048
-0.14603534634   0.562969173595   -0.81347365489
0.175266355569   -0.794558116693   -0.581342501286
-0.761298600502   0.642774935188   -0.0852339343654
0.614186024047   0.757005395731   0.222976139306
0.207846021705   0.117401931537   -0.971090530143
0.605755206676   0.712145585313   0.354836997654
0.777319961968   -0.624866782266   -0.0729052888711
0.169806673338   0.319984639849   -0.932081286128
0.267077935818   0.300817933639   0.915520587972
0.306032885455   0.874376693767   -0.376575716713
-0.913790593746   0.380754472329   0.141466542271
0.263816296364   0.184368902051   -0.946788820028
0.334099318876   0.903335863726   0.269001788904
0.904863860976   -0.387288555554   0.176717197344
-0.330557142001   -0.851218388646   -0.407626337107
-0.767943718076   -0.00848144312321   0.640461170556
-0.548629585185   0.524743099005   -0.650884212672
-0.635858947968   0.349435847472   0.68817002753
0.730627387352   0.559875579609   0.390797845706
-0.248730816628   0.751288176307   -0.611309297329
0.501298191504   0.863771091361   0.0509865170781
0.0935750320987   0.00446101530384   -0.995602236192
-0.86019988175   0.503864665432   -0.0785911086959
0.813509422473   0.460012220134   0.355796538593
-0.217659218705   0.808180584049   -0.547237250266
-0.539283676797   0.367740262812   0.757588420613
-0.213623970676   0.514536127118   0.830432039991
0.868052078232   -0.289989014474   0.402978859201
0.448163350388   0.806944202145   -0.384695549746
0.408580183315   0.735910368011   -0.539905699225
0.662567052087   -0.645983119358   -0.379091955853
-0.627747668486   -0.202834266725   -0.751525864459
0.243377863799   -0.886794241651   0.392890809752
-0.939859667849   -0.31570149301   -0.130370134855
0.239647700102   -0.337533021031   -0.910296896375
0.440579914674   -0.0293690266514   -0.897232856654
-0.843134495356   0.329643050731   -0.42480546353
0.308242699063   0.943648726687   0.120472067699
0.881129388391   0.425441897615   0.206422364745
0.187512242105   0.08638708271   -0.978456146693
-0.434108465679   0.900853186537   -0.00365736675421
-0.4783538855   0.45039294853   -0.753872503903
0.27544803977   0.892091767804   0.358190808374
0.833850069026   -0.0363107385003   -0.55079541815
-0.62551527593   0.29414812208   0.722639275058
0.479954266457   0.875296465475   0.059160794755
-0.615121566594   0.383839784029   -0.688688956285
-0.527034900823   0.735598019587   0.425593429102
0.826976739951   0.328521407701   0.456270924191
0.195815435793   0.592426567823   -0.781464699678
0.250252800363   -0.651549729208   0.716139990699
-0.864064503608   0.18338397384   0.468788706927
-0.436767752375   -0.736106832264   -0.517088640349
0.830693882864   -0.290601652141   0.474866668387
0.114560922639   0.923928999596   0.365008217319
-0.544815076862   -0.248808929661   0.800793761554
0.0481208077811   -0.297318115107   -0.953565061382
-0.803804805231   0.555195820739   -0.213671326389
0.592943692896   0.776762215265   -0.212269258234
0.813261026219   -0.377644187247   -0.442709126934
0.23692952154   0.90978048161   -0.340828222284
0.531479919711   0.172291448193   0.829364064705
-0.880599252485   0.466848584872   -0.0812241055811
0.165683028585   0.142749602004   -0.975792849516
-0.443952802179   -0.87273990967   -0.20305408025
-0.744384217767   -0.632433698218   0.214288949079
-0.566062224876   0.767878017155   0.299894828797
-0.35421136897   0.101936098264   -0.92959310344
-0.662290964806   0.388266796751   0.640796045928
0.265351122728   0.921369898284   -0.284018119498
-0.700684993134   -0.0180666841575   -0.713241989313
-0.364129022067   0.389509794186   -0.845985919222
0.864103598586   -0.197596146975   -0.462904670113
-0.347469460817   -0.899576501991   -0.264626323078
0.998186953266   0.0598250985169   0.00661543024306
0.0260406899116   -0.52833311491   0.848637733169
0.0542649868587   -0.846926842931   -0.528933109121
0.169904608273   0.506355829119   0.845420722721
0.798855329173   0.431563275455   -0.419026612915
-0.57702910424   0.746563402261   -0.331180463288
-0.703302812314   0.658955438858   -0.266726233784
0.630492984813   0.40487002322   -0.66223776727
-0.328395722094   -0.633922703409   -0.700213007456
-0.704414200882   -0.289724064674   -0.647966511439
-0.435350602466   0.897374409035   0.0720348730924
0.560598329047   0.332834998698   -0.758254823337
0.778504277559   -0.617059705614   -0.114753690703
-0.248599024003   -0.471037308122   0.846358304515
-0.576306875794   -0.630365904903   -0.52010499983
-0.0678545383964   -0.208817890318   -0.975597688755
-0.546234641246   0.826049393506   -0.138816844047
0.834879319617   0.523485900642   -0.170114765692
-0.826827149297   -0.522415316446   -0.208420494024
-0.417096084869   0.818093457157   -0.395921647985
0.377342975518   -0.240427395485   -0.894319264205
-0.350207922975   -0.919152580713   0.180313460555
-0.574090723189   0.0585207825867   -0.816697716145
0.740117728634   -0.389530295838   -0.548171411504
-0.626269668761   0.698582703259   0.346075871303
0.401868413783   0.669664939421   -0.624540348507
-0.668047962346   -0.252053715738   -0.700129162648
0.65453676502   0.122436112758   0.746050280832
0.735167581326   -0.333293831672   -0.590291325649
0.176380981411   0.934839355217   -0.308164127267
0.0526167662099   0.914529128188   -0.401083469629
-0.149870287492   0.404322624494   0.902253906752
0.987304599828   0.0126368120279   0.158334892367
-0.200921439435   0.0659183727172   -0.977386997721
0.973849919454   0.121454423083   -0.192003014281
0.106051447679   -0.990405771011   -0.0885973994729
0.523926089949   -0.82874868454   0.196664867591
-0.618210303259   -0.21115928706   0.757118072981
-0.585932993794   -0.51825415904   -0.62297283522
0.0391249957298   -0.987789585492   0.150801092508
-0.246578938276   -0.155793701672   -0.956518243275
0.968332619458   0.000239398901569   -0.249663535144
-0.0221549014684   -0.575438383555   0.817545000029
0.335696399823   0.765986282306   0.548245330546
-0.941709661991   0.286593234482   0.176202243069
-0.131879761837   -0.285480614723   0.949267373839
-0.172469601489   0.949633626512   0.261629914115
-0.97614648746   -0.129216074909   -0.174474184351
0.370989097662   0.363507100912   0.85453477226
0.924352372621   -0.0562542845541   -0.377370039484
-0.0891054467837   0.929891414658   -0.356878377459
0.102601691152   0.945378329733   -0.309407024232
0.842639823621   -0.247899929473   -0.478020661286
-0.528612353829   -0.211672952073   -0.822048381021
0.648240397248   -0.508536382279   0.566723155759
0.0495531774865   0.770879488244   0.635050625703
-0.759821604047   -0.383582536756   0.524914819299
-0.460076290984   -0.828758997271   -0.318572332315
-0.832696631275   0.278231426096   0.478752121453
-0.308133293782   0.485536608275   -0.81811250772
-0.815481039815   -0.475086823731   0.330580071417
-0.562826718404   0.517729421083   -0.644346437559
0.134969473406   -0.711511599668   -0.689590084605
-0.250342614808   0.752041368585   -0.609723179113
0.807965453577   0.509259149221   0.296389852661
0.533404537886   -0.41843625425   -0.735112712509
0.784270953471   -0.540489579648   -0.304614651378
-0.338606430464   -0.784299863151   0.519826326684
-0.519869942188   -0.304540209098   -0.798116848748
-0.072583821219   -0.99371508513   -0.0852168908246
-0.349738119994   0.105376209794   -0.930902305203
0.934031496428   -0.0377648513049   -0.355188653655
-0.495401813961   0.855319759743   0.15167449132
0.752109186534   0.334976639795   0.567558298612
0.434636416164   0.395245188946   -0.809241883716
0.225438909131   -0.453187107521   0.862437675327
-0.841751363749   0.355111689069   0.406632917891
-0.490542495483   -0.817628970782   -0.301414873985
-0.410795275132   -0.314403706183   0.855802285266
0.195613079834   0.886407539014   0.419544035563
-0.890495797254   0.339752828269   -0.302630551591
-0.597816925459   -0.795229393497   -0.101119411352
-0.692661228625   0.448927753105   0.564521297075
-0.403528618556   0.407521881878   -0.819201177854
0.0516720451024   0.689104572616   0.722817326684
0.857901007922   -0.401130263084   0.321092467437
0.511210191958   0.603514208646   -0.611910728457
0.095764551726   0.862490307551   -0.496930196317
0.831308825298   -0.343885119252   -0.436656228328
-0.547498664486   -0.371286269791   -0.749927808691
-0.103625131747   0.61834416566   -0.779045778414
0.99458066885   0.0577790451218   -0.0864342240979
-0.00843357700134   -0.783780629219   -0.620980515025
-0.823378139437   0.151471771161   0.546904691915
0.373001480484   0.870756007009   0.320396429154
-0.427689531149   0.467803675487   -0.773460655849
0.809190712699   -0.202615693823   -0.551504552201
0.46408623247   0.796065865927   0.388462489743
0.360325352027   -0.570285908753   0.73820025939
0.23451017212   -0.965063024831   0.116868889256
-0.929806076398   -0.18759629976   0.316651683416
-0.283664660234   -0.182923444152   -0.941314705142
0.692422068631   0.712585185844   0.113022262354
0.391284915259   -0.502495765695   0.770969597682
0.606174722307   -0.489612457331   -0.626762991619
0.718851227456   0.624433172273   0.305509617115
0.350292704168   -0.704978052477   0.616685468398
0.600456438213   -0.336287315983   -0.72550872284
-0.966896755236   -0.247923060038   -0.0603723530753
-0.16536729176   0.789016251273   -0.591698414771
0.194330449314   -0.562127664795   -0.803895618188
-0.467883591296   -0.327068219433   -0.821042827649
0.132508203508   0.892539991202   -0.431061411063
0.873800046349   -0.310481471172   -0.374265594278
0.586725600792   0.00369526552073   -0.809777385698
-0.764860980021   0.330971949916   -0.552671013903
0.265971334199   0.943633357497   0.197016080567
0.967949619245   -0.247389904887   0.0432639522408
-0.0277108914586   -0.276420758644   -0.960637117066
0.249610979522   0.928649449012   -0.274416762883
0.52596231936   -0.809138554733   0.262027551714
-0.794256755771   -0.577466184295   -0.188915356464
0.304170748964   -0.108754794099   -0.946389217096
0.325866621991   0.204820946477   -0.922962255218
-0.883299795131   0.413986405154   -0.219992564122
0.337034740929   0.886940604681   0.31582265146
-0.00884178890514   0.862091563623   0.506675397764
0.222666117206   0.495670883918   -0.839482087411
-0.974854667639   0.105396920098   -0.19634119847
0.853747603751   -0.495722012586   0.159294429681
-0.512052842863   -0.743852830252   0.429516999712
-0.0944294191756   -0.448266274845   -0.888898437186
-0.200299942435   0.233128253364   -0.951594005102
-0.873772545651   0.396839799285   0.281140022355
0.443172056348   0.887789046558   0.124214078452
0.379837735674   0.109299796192   0.918573268232
0.79021890188   0.477896322336   -0.383626370586
-0.480913070803   0.871589731267   0.0951522920405
0.384371927861   0.921120950281   0.0615988313662
0.773607981801   -0.284968003429   -0.565971666709
-0.503774663483   0.265196968262   -0.822120220198
0.409101776287   -0.797993610401   0.442540319517
-0.911247043352   -0.382574994195   0.152529340782
0.0475874208277   -0.465663581974   -0.88368142778
0.473989058031   0.789178617741   0.3905527905
0.659187812787   -0.023961246428   -0.751596491572
-0.583785748661   0.613696152808   -0.53157429555
-0.429861095741   0.896234224455   0.10946987386
0.587219420604   0.18540997999   0.787906397604
0.685851872078   0.402973143317   -0.60598667917
0.462855118035   0.886330857625   -0.013518525459
0.599616884249   -0.324287971598   -0.731639872889
-0.65285889121   0.33053732361   -0.681557294634
-0.331725901601   0.895944146129   -0.295367590021
0.443339475362   -0.128311606713   -0.887122449934
-0.83271125596   -0.425229606929   -0.35464312428
0.0128942811133   0.501225662685   0.86522053407
0.0361984382239   0.86449129432   -0.501342672345
-0.999261432549   0.0377840854029   -0.00699659241768
0.376096773386   0.903356335833   -0.206151758565
0.60408302202   -0.0703468313598   0.793810447037
0.702591573787   -0.42308232512   -0.572159441603
-0.0926578160699   -0.0493107943232   -0.994476231332
0.476791147228   0.87462153424   -0.0877916497734
0.874119403198   -0.482292045764   -0.0575295710542
0.273365123714   0.765386085883   0.582628225092
0.833636005203   -0.490705769071   0.253493311607
0.479919284845   0.416403635596   -0.772195242343
0.749559105858   -0.627262406412   0.211430887829
-0.393527978571   -0.165440739056   0.904303650298
-0.532256401471   -0.761033005437   -0.370852919268
0.896452803198   0.351550048275   -0.26978683288
0.343571686146   -0.166871427763   0.924182029187
0.279876522981   -0.921176687803   -0.270375002043
0.373565285985   0.0710062178396   0.924882205546
0.535298710205   0.797791712517   -0.277459320069
-0.757564695561   0.59873742197   0.260017752416
-0.438227138335   0.182141966028   0.880216609387
0.869188972944   0.335412427409   0.363330473335
-0.229057862869   0.924295844279   -0.305302616608
-0.773073024887   0.208676825526   0.599009249249
0.095041085744   0.971783124068   -0.215881337305
-0.62715651174   -0.109961549028   -0.771092191325
-0.0920283900609   -0.856722800884   -0.507500559476
-0.6855776612   0.424141269594   -0.591681885721
0.722159293983   0.293479515252   -0.626383052326
-0.309614990469   0.811918023509   -0.494901687989
-0.46421082668   0.32516994434   0.823876699324
0.829847495667   0.484823298118   0.276223647674
0.249369985032   -0.48434040157   -0.838587494524
0.248078455983   0.868998510167   -0.428133938161
0.936093846921   -0.101271737097   0.336856564465
-0.5723330604   -0.679715709451   0.458717148465
-0.363603515472   0.711754062562   0.600998034908
-0.735001599663   0.177179876825   -0.654507402356
-0.540279874369   0.836172934962   0.0944059330204
0.674608433768   0.497461818616   -0.545376200534
-0.502992165387   -0.230968746495   -0.832857922879
-0.232606299211   0.9693564208   -0.0790091071893
0.516508462351   0.191957592063   0.834488640527
0.824083319747   0.153298441941   -0.545331339472
0.49730742977   -0.697070636954   0.516505418551
-0.828823551548   -0.557665309509   0.0453973894648
0.256391966909   -0.45066831447   -0.855079662743
-0.717664886288   0.661897268775   -0.216446567489
0.603130416271   0.435396998576   -0.668328627697
-0.34812470748   -0.61018149695   -0.711679512718
0.622288315359   0.13760567813   0.770598423249
-0.550708771682   0.776566004754   0.306047527442
-0.556306661259   -0.614825111399   0.559028604843
-0.653146867033   0.471429012618   -0.592582362333
-0.304424848453   0.553064496687   0.775528964094
0.693343119769   0.68693110904   -0.217717637556
-0.213145440179   0.868686518994   0.447160768683
0.843556922793   -0.0672860648593   0.5328079424
0.49293076526   0.490771145438   -0.718444808922
-0.483817009447   -0.870854804579   0.0867929185482
-0.744483942528   0.357407334438   -0.563918129348
0.460070386666   -0.337449117099   -0.821257165985
-0.691259826602   0.589478327486   -0.417941567146
0.282161852449   0.752657649276   0.594887512063
0.665240213116   0.293294671635   -0.686610292992
0.92162458394   0.265385900431   -0.283157994997
-0.21261201107   0.955672832913   0.203680065744
0.324660220888   -0.127513765081   0.937195807016
0.903986694661   0.274457576075   -0.327843094805
0.167065108948   0.479078093495   0.861727004164
0.393569949626   -0.833760888546   0.387227937374
0.764025163314   0.610483047119   -0.208748650305
0.573086275475   -0.790767200561   -0.21507988139
-0.296374207188   0.0446954549908   -0.954025495265
-0.901515435468   -0.223566964838   -0.370523591485
-0.389781723739   0.791449919171   0.470826117886
0.187989700389   0.568880336871   -0.800646635458
0.435337355312   0.257080933318   -0.862780841694
-0.770021957728   0.602847521171   -0.208904405973
0.466419952068   0.755304084421   0.460400009091
-0.433481559753   0.872525381354   0.2253734595
0.397922692578   0.409717768017   -0.820846441975
-0.808548865614   -0.266140582145   -0.52480274623
0.838895354061   -0.46816409618   0.277627383345
-0.312245831639   0.00385044810551   0.949993534017
-0.445821854062   -0.883633155272   -0.142952164528
0.239051063118   0.96929606353   0.0576171020381
0.970561702804   -0.240317246277   0.0160499904317
0.0294035758454   0.052084185389   -0.998209731149
0.267815892757   0.685831158777   0.676690674709
0.88681386981   0.0990679479212   -0.451383098938
-0.376610950318   0.720986243521   -0.581672613035
0.525321353305   0.783108240958   -0.332834731819
0.849816050247   -0.463075362091   0.251741712413
0.0430134456303   -0.415093594227   -0.908761328143
0.420593495841   0.664785771473   0.617382368799
0.848600248786   -0.528965823543   -0.00853084310249
0.320902990039   0.527498848882   -0.786616955966
-0.365596633921   -0.881863659293   -0.297750881919
-0.928749526374   0.36671646652   0.0542526537825
0.0613467075296   0.296370578164   -0.953100761659
-0.276859339389   0.743385948137   -0.608872924595
0.726348691319   0.576741953031   0.373880058619
0.629099741545   -0.338741865919   -0.699633806688
0.621653398692   0.413117211661   0.665493216588
0.771622683439   -0.176872251632   -0.610994796217
-0.134705182889   0.893336653245   -0.428723847798
0.403696499483   0.762251853656   0.505965658817
-0.469478602776   0.647262052078   -0.60053449316
-0.785250901203   0.0048936221533   0.61915835989
0.999480430449   -0.00885622547545   -0.0309909086509
0.0114280722527   0.996415385995   0.083819912413
0.0301374901621   -0.084130528482   0.995998888485
0.796966508573   0.542509530014   0.265570695027
0.601036149547   -0.66858931764   -0.437885682884
-0.0599994262478   0.508597811814   -0.858911133161
0.994645205675   -0.0591378626013   0.0847562861082
0.0949543603468   0.846680959157   -0.523559951536
-0.0407993171392   0.528804374612   0.847762554677
