0.410530849601   0.910133707363   -0.0558665932315
-0.238720468417   0.0481439386623   -0.969894185678
-0.880043737252   0.411507992843   0.237032103787
0.718592373537   -0.414581382642   0.558343333256
-0.0351340143207   0.7802052272   0.624536151422
-0.694543448362   -0.468403758057   0.546083617831
0.896551769059   -0.0685498971464   -0.437602373165
0.112550465486   0.990782150988   0.0753864842112
0.428400884824   -0.11684023658   0.896002813053
-0.560321730269   -0.786698407517   -0.259123861209
-0.795888469116   0.598013426142   -0.0945594374189
0.229349306882   0.153249985598   -0.961204108875
0.72910486676   0.0186292260849   -0.684148408814
-0.415182051038   0.806725389252   -0.420497337553
0.544086351458   0.59063279483   0.595921927729
-0.322059253827   0.808618321867   0.492355813872
0.8082706678   0.505632748067   -0.301718497922
-0.492926328661   0.300785528167   -0.816426176564
-0.6821328216   0.664335623161   -0.305537225574
0.279489656901   -0.149241703574   -0.948479017931
-0.67570729469   -0.732383161719   -0.0838722724356
-0.940190836799   -0.330376645257   0.0830207882009
-0.215863903316   0.389285924465   -0.895465934959
0.263522208266   -0.859830063266   -0.437319448016
-0.714467420826   0.673886951808   0.188182573073
0.693616286539   0.717488013875   0.0640889772187
-0.0918300150991   0.17631598378   -0.980040775808
0.465932081806   -0.872496431352   -0.147164108726
-0.880701808057   -0.441274785961   -0.172165313691
0.0852738113621   0.209825039571   -0.974013264289
0.950427843313   -0.0265854844371   -0.309806595599
-0.30201154406   0.15818546162   -0.940088499588
0.073999607523   0.987051453481   0.142314743925
0.858469031837   0.414704422251   -0.301746853198
0.194398507259   0.28133374075   0.939713012596
0.474594713018   -0.865373657927   0.160898383415
-0.443930119239   0.701727719276   -0.557229090033
0.581973958735   -0.247059369727   -0.774769630613
-0.681345992968   -0.668236393177   -0.298710164025
0.656641290885   -0.7540130804   0.0169260069017
-0.61861665906   -0.551296230879   -0.559808802219
0.431434403192   0.357122864703   -0.828448921391
0.185983095004   -0.564278874736   0.804362877599
-0.717530339998   0.481263548123   0.503523194866
-0.671238034169   -0.67080157134   -0.315380328639
0.792473342543   0.208609912857   -0.573121196129
0.0481965033282   0.915328860516   0.399812673768
0.607999258438   -0.344463323587   0.715319453263
-0.228185946765   -0.89327156408   0.387294579474
-0.585404467884   -0.191974132046   -0.787684928287
0.777967086364   -0.406462605999   -0.479119367405
0.65901593015   0.522857786691   -0.540664164536
0.575004973783   -0.813622433461   -0.0859524081636
-0.484837378966   -0.254240577486   -0.836835972757
0.221831158166   -0.907443776347   -0.356842724572
-0.949308397852   -0.284575046715   0.133531302053
-0.222720683994   0.309132391751   -0.924571609667
0.488247536541   0.360663006391   -0.794692731477
0.67875712888   0.415435376381   0.605559416098
0.548546353225   -0.835066250216   -0.0419672875257
0.454181982496   -0.722302100309   0.521534662119
-0.227441573634   0.471993298735   0.851758567683
-0.861387867622   -0.505472059493   0.0500893256829
-0.570362333628   0.323003652664   0.755218811244
0.185063373575   0.946329429745   -0.264975769268
-0.80027392826   -0.0113688567566   -0.599526807602
0.741651199132   -0.145970776356   -0.654710646929
0.366683981882   -0.729070545587   0.577926462882
-0.561690623194   -0.668691761216   -0.487190898803
-0.136924266013   0.851999387749   -0.505320484629
0.751405276237   -0.24307195549   -0.613437966839
-0.645478008728   -0.463695020021   -0.606914387413
-0.0261846186972   0.639918104353   0.767996866733
0.846930768526   0.422331655097   -0.323023602029
-0.531058039121   0.641981926431   -0.553024925311
0.850032461901   0.05602060345   0.523742785845
-0.24468291068   0.922530020313   0.298443687911
-0.466449447376   -0.381837732056   0.797887748652
-0.0369473120069   0.60719375875   0.793694298408
0.454751903106   0.717451400533   -0.52769706797
-0.889851451992   0.341437004816   -0.302630418122
0.83360485249   -0.0171070112337   0.552096277906
0.204715243664   0.937908057547   -0.280035970194
-0.513024969102   0.346461867682   0.785346773933
0.660264096419   0.674373044994   -0.330563638373
0.741146752383   -0.656246737924   0.141568745338
-0.12146116359   -0.338468926801   -0.933105551621
-0.589548093086   -0.722253280566   -0.361639665919
-0.780479155763   0.624692444002   0.0247313285103
0.208051283762   0.296832528374   -0.931989869824
0.738171289476   -0.643952041966   -0.20106942916
-0.594196953164   -0.479501917613   -0.64576148349
0.319426248993   0.596157429172   -0.736588890153
0.094359806159   -0.678886624267   -0.728154638992
-0.957669988549   -0.261710024585   0.11990019159
-0.271964004838   0.686018085987   -0.674844252853
0.889050337573   -0.228156280449   -0.396905793841
-0.457794608712   -0.436075224408   -0.774766092367
0.00368696714367   0.870507388446   -0.492141540658
-0.259171637039   0.352115785161   -0.89935784662
0.29025353505   0.916526633235   0.275194142295
0.921185620723   -0.18971927789   -0.339740559315
-0.811361568611   0.522358869407   0.262361620335
0.535564981598   0.484446954455   0.691723427203
0.234227578987   0.701749500041   -0.672818759751
-0.304145287752   -0.755533432977   0.580228297744
-0.766483685728   0.555768661662   0.321906748731
-0.565684015473   -0.346829103478   -0.748138469924
0.867116044374   -0.202142800013   -0.455245044596
-0.489144824688   -0.518149019061   -0.701611641944
-0.094059038415   0.831059470816   -0.548172430977
0.575684056352   -0.817069214197   -0.0313969200666
0.0129743204178   0.047520959145   -0.998785975929
0.817569284151   0.574577808407   0.0379579762542
0.928791749411   0.362012220404   0.0793286740469
0.369716645072   -0.890309007594   -0.26581849813
-0.0256025116765   0.276219159129   -0.960753604283
-0.186752251836   -0.982343977935   -0.0111312505439
-0.761309522663   0.137551788376   0.63363026735
-0.620911754138   0.126806206525   -0.773555931073
-0.699478676904   0.428912248772   -0.571632629347
0.482484263483   0.873488680814   0.065011229383
0.527198743902   -0.230329779464   -0.817930117192
0.279041139465   0.170246415436   -0.945067298028
0.960174212876   -0.0640141802516   0.271969964602
-0.0141957985933   -0.983320059161   -0.181328806598
0.0212849706545   -0.850093735874   -0.52620108742
0.110480102021   0.525096864694   -0.843840877718
0.993650386822   -0.0401736241442   0.105095115692
-0.480125405341   0.389055852316   0.786202989416
0.41937581034   0.889007218642   -0.183820823157
-0.770456699945   0.241457468518   -0.589995564535
0.583607481473   0.382081788797   0.716530401503
0.808531618219   -0.355303359583   -0.469080112184
0.0753586886068   0.853096146971   -0.516282906458
0.0853919886677   0.399542708431   0.912728784164
0.996116991252   -0.0145335066404   -0.0868315499455
-0.0214277632991   0.916599368572   -0.399232325932
0.00901614498174   -0.549698316819   0.835314593615
0.237358066976   0.812650658895   0.532221809746
-0.971380387831   0.193470068005   0.13780230595
0.350901233756   -0.389126618716   -0.851732821425
-0.752920778168   0.423553719775   -0.50369886695
0.556757241792   0.818035892471   -0.144355993759
0.709548180584   0.580154322784   -0.399952923733
0.622968949654   -0.251200495458   0.740815765842
0.32931909634   -0.774802731608   -0.539656983616
0.376781146906   -0.925339671418   -0.0422191897985
-0.913812892545   -0.363855393731   -0.180430735188
0.151598037272   0.106563339301   -0.982681174283
0.499557721713   -0.634531258844   0.589756020228
0.423661260273   0.772774413386   0.472578926935
-0.755614464122   0.0137763271176   0.654871738471
-0.587414420525   -0.767340492799   -0.257163109461
-0.771413942438   0.434833282904   0.464586423446
-0.244672896271   0.471283973362   -0.847364495471
-0.976150365135   0.202469268706   0.078336864461
0.170353078541   0.938051430789   -0.301727264209
-0.134574506261   -0.281186252447   -0.950170510013
0.0187471395385   0.957281968273   0.288547706963
0.695341680214   0.194892385825   -0.691749164583
-0.718434752592   0.213607565792   -0.661984377583
0.659480143348   0.623864506083   -0.419379325443
0.351656176149   -0.749116331863   -0.561393494138
-0.664397376828   0.222750532062   -0.713413152581
-0.46730556207   0.818042238362   0.335309415212
0.0527232214395   0.404378912929   -0.913070618891
-0.882522390422   -0.409004388016   -0.232098336147
-0.553493222804   -0.829896553666   0.0701210494733
-0.768276271239   0.476257802025   -0.427703257813
0.321553762872   -0.290603193214   -0.901195295439
0.0571536185346   -0.471787635096   -0.879857877447
-0.774590998673   0.535061735678   -0.337220581308
0.629874782722   0.70080336975   -0.334861740836
0.288897620044   -0.919072986207   -0.268035450646
-0.339368703575   0.163478678857   -0.92633881208
0.8951910633   0.358579918227   -0.264676004908
-0.87441404756   0.365025594444   0.319619131458
0.485180060471   0.657025047556   0.576990810907
0.000618638663037   0.659601699779   -0.751615071213
0.395017195118   0.916098917982   -0.068732720227
0.903785717785   -0.374111439651   0.207874972796
0.164720340834   -0.144233839511   -0.9757375697
-0.680613002841   -0.732272993567   -0.023285274732
-0.729009466194   0.680056742861   -0.0778975277809
0.0728775639392   -0.0360428845684   -0.99668940601
0.330167636444   0.852509236271   -0.405237379877
0.907819673608   -0.169190679836   0.383715981288
0.25855903037   -0.49457306453   -0.82978594349
0.146735099427   -0.558062469279   -0.816722163869
-0.949900069302   -0.309845828054   0.0410539183603
-0.275968604942   0.769780388328   -0.57556883731
0.860232042163   0.424490798911   0.282503796951
-0.184859302415   0.775970396081   -0.60307294977
-0.475213501453   0.466559220328   0.74598567144
0.808272235422   -0.580828124363   0.0966161657437
-0.578647374263   -0.753203728596   0.31281202069
-0.108918362972   -0.30874396185   -0.944888330501
0.904648038724   0.158741801894   0.395490791782
0.392822870427   -0.670439712303   -0.629444822823
0.165233527236   0.724783852497   -0.668869381104
0.53365446872   0.105532141068   0.839092292198
0.554043159349   -0.793239586246   -0.252600742049
0.638943726162   0.599694859497   -0.481785210489
-0.929895886506   0.271695163957   -0.247942289575
0.367153350587   0.64497256905   -0.670230409991
-0.0221823855908   -0.714277343338   -0.699511128778
-0.345783327842   -0.254072883373   -0.903261232311
0.903246033809   0.1705852778   -0.393760411301
0.254126909772   -0.952022914133   0.170504782329
0.572764082925   -0.77062914558   -0.27941371671
-0.0299297069738   0.320977035737   -0.946613941815
0.81917367984   0.550549236836   0.160779413066
-0.310424760624   -0.081291587825   -0.947115696662
0.252829262337   0.953389892611   -0.164696923686
0.916359006733   -0.290584566545   -0.275402936922
-0.90978373516   -0.399672366803   -0.112051572025
-0.412691673721   0.899894078782   0.140983082079
0.0444875040963   0.174506865782   -0.983650454241
0.0967324525362   0.107006277744   0.989541555025
-0.590767327797   0.806304644917   -0.0294411954141
-0.801022344886   -0.581740901177   0.141211638558
-0.089388919152   -0.406413264498   0.90930625965
-0.700256612141   0.674868823032   0.232793357165
-0.708272752936   -0.615938575207   -0.344919370203
0.770190867242   0.542560806952   0.335311495917
0.637800606872   -0.658494851259   -0.399493329703
0.00405146991122   0.521547989511   -0.853212332544
0.296908073831   -0.878940872862   -0.373240590854
-0.359544999957   0.259201637668   -0.896404989411
0.884631555877   0.400346667338   -0.23905973726
0.629450099938   -0.126283370956   -0.76671055982
-0.722438541471   0.268236621356   -0.637284606755
0.286138298932   0.955040117707   0.0776095936407
0.576700598715   -0.451417188258   0.680910377193
-0.756409833099   -0.609928691069   0.236286175849
0.308643133757   -0.651313683759   -0.693202641415
-0.82652745187   0.346053313808   0.443958866287
0.469060049712   0.859436015309   0.203352908329
-0.311183291191   0.376320129098   -0.872667244347
0.892065964884   -0.0867588232935   -0.443498839671
0.337415614373   -0.524967574634   0.781383227073
-0.300614399833   -0.84668881589   -0.439031924258
-0.418755844624   0.630911620456   0.653141696253
0.894782161286   0.163946642236   0.415314803078
0.154946545805   0.758335037423   -0.633182079206
0.137673820544   0.827763025533   0.543924894067
0.0294150314687   -0.552328866627   0.833107180892
0.990040742975   -0.0986974796567   -0.100389898949
0.0852983010234   -0.957250811317   0.27639659763
-0.93670348964   0.0175009552695   0.349685978851
-0.339574391622   -0.28872927725   -0.895167373665
0.123245630915   0.297992782759   -0.946578478336
0.464659769593   0.825500399206   0.320375388233
0.876870465204   -0.47932180452   -0.0367259402547
-0.205006659063   -0.906351573115   0.369457845068
-0.441109285886   0.422523845989   0.791767768488
-0.87372471138   -0.000653622423191   -0.486420297665
0.33930288079   -0.744084011127   0.575510677301
-0.35783806463   0.463711809054   0.810508036863
-0.869957168373   -0.480947338804   -0.10892282981
0.70697408509   0.566735429189   0.423082257366
0.616040514107   -0.787310489615   0.0252245723805
0.347392757805   0.242802692272   -0.905740098293
0.835805946558   -0.506731213033   -0.211309956151
-0.371063152773   -0.237700534024   -0.897669534835
0.40464868279   0.828686873828   -0.38670080136
-0.192147148548   -0.383538289844   -0.90331492499
-0.107950014091   0.923141482798   -0.368994034107
0.975410820088   0.0266117074226   -0.218781967423
0.322945925533   -0.140056252127   -0.935996889858
0.708164068406   0.691864053341   0.140811167905
0.627861118244   -0.708313757475   0.322617481816
-0.561576692607   0.652321264893   -0.509027071883
0.141840659155   0.681983140373   0.717481859288
0.815176557533   0.330720362794   -0.475511511242
-0.741909623371   -0.242892705053   -0.624958594705
-0.263893890309   0.962630229395   -0.0608527413036
0.616384722329   0.119775520449   -0.7782825318
0.100831473803   -0.826577220672   -0.55371753877
-0.791232527045   0.270779801475   -0.548296806239
0.60314517541   0.493404902543   -0.626711656652
0.966398893733   -0.238707485887   -0.0953515300163
0.0147923437781   -0.31868928136   0.947743807556
-0.256621052645   -0.917309039733   -0.304449925689
0.956763032055   -0.0513657963059   0.286297145409
0.29029744748   0.230275871653   -0.928816674605
-0.0182179166155   0.971768788348   0.235230800724
-0.570429748045   0.0655715381936   0.818724814446
-0.82131913294   -0.0536641950822   -0.567939316129
0.00669554154841   -0.996403812878   0.0844667872248
-0.93426310206   -0.215968035274   -0.28374330471
-0.260917135019   0.956411974505   0.131142608091
0.243052882891   0.19655519007   -0.949890179161
0.0660052936889   0.636849773728   0.768157321888
-0.162742481564   -0.75265701506   0.637983001634
0.984458323222   -0.167122085261   0.0539631612627
0.449238141242   -0.650141976569   -0.612780958215
-0.447987626363   -0.757353398908   0.475103058055
-0.772976182734   0.0610838722545   -0.631487594067
-0.158923794984   -0.969429292987   -0.186949390084
-0.984750466114   0.142072038861   0.10040944241
-0.0707795736215   0.200055948514   -0.977224575731
0.51099864476   -0.0807279921018   0.855782318059
0.202108783577   0.978953104258   -0.0283347709652
-0.835483347657   0.187440152944   0.516559545855
-0.636348970833   -0.450052081402   0.626507753675
0.176731578688   0.705509465079   0.686310525599
-0.750882674247   0.547457133006   -0.369411610594
0.62591339469   0.660510378077   0.414678746841
0.674393055702   -0.725442232219   0.137577525157
0.391696858616   0.193544851288   -0.899507622489
0.853728922099   -0.336516784216   0.397370583614
-0.420127521901   -0.895992391445   0.143841890864
0.307635810859   -0.289748301404   -0.90631458082
0.65702688805   -0.661092950457   -0.362314475541
-0.741272936064   -0.479061958761   -0.470121339354
0.137222820951   0.577456275672   -0.804806900344
0.999610776107   0.00274436061654   -0.0277626507214
0.00956845940821   0.901060133221   0.433588607908
0.0262057412569   -0.433685490659   0.900683159785
0.961843074379   0.253000045942   0.104157942692
-0.00758819337401   0.405212926487   -0.914190846371
-0.273496470899   0.878517763634   0.391671060261
-0.856036379048   0.48657334662   0.174493839029
0.512964810098   0.84128537909   0.170604850025
-0.0637873428023   0.235553156653   -0.969765894055
-0.819027167376   -0.312084386502   0.481453876626
-0.573593170914   0.425458283004   -0.699982945412
0.0136152083157   -0.849463704515   -0.527471365334
0.433566434715   -0.311421159232   0.845598606511
0.784326250476   0.592444429701   -0.183961754117
-0.443680599717   0.742984828746   0.501119811362
-0.726257775039   0.140320585791   0.672948572148
0.431333817269   0.855270248061   0.287165355056
-0.535257681527   0.498821547517   -0.681671681508
0.933136310203   -0.346307830618   0.0965790503356
0.052703152858   -0.133966927393   -0.989583366307
0.355638867659   0.928506191496   -0.106757889736
0.703801700028   -0.70166496001   -0.111038054854
-0.706911731512   -0.707204067565   -0.0117559832768
-0.0702778029111   0.0867679848016   -0.993746616819
-0.195256453594   -0.471346776999   -0.860062285205
-0.824469266425   0.55381935063   -0.116338110994
0.53115473013   0.686379154085   -0.496747733878
0.807071456002   0.549547596977   -0.215946992257
0.425349231636   -0.794781405902   -0.432897848309
-0.409528626539   0.25752660946   -0.875195034558
-0.594407249442   -0.773491767352   -0.219978435327
-0.699263088659   0.632243598212   -0.333615296958
0.397128642898   -0.044480550395   -0.916684420544
0.824129534829   0.238211510394   0.513873317256
0.351280852093   -0.926659245097   -0.133807350192
0.444311009119   0.290788446002   -0.847366394992
-0.12907541428   -0.71282543678   0.689361617798
0.389369450028   -0.675776823895   -0.625873089815
0.911992858962   0.1876315268   0.364778616039
-0.389310293193   0.294212020519   0.872855534048
0.466966725453   0.879855666125   -0.0882954368623
-0.793964466243   0.373220168041   -0.479924091165
0.351450532896   0.126625173828   -0.927603680614
0.141711562814   0.972199155995   0.186404490417
0.925419016392   -0.196964124743   0.323735660181
0.99999984429   0.000340268978784   0.000442308170821
-0.000339849255732   0.999999492266   -0.000948667087097
-0.000442630748227   0.000948516621278   0.999999452197
0.741478547446   -0.577760632452   -0.341177688865
-0.344197604667   -0.764000270773   0.545739494604
-0.575966642031   -0.287221584526   -0.765353636837
0.877615537655   -0.0412935798114   -0.477583299863
0.116070428311   0.984941614645   0.128131461431
0.465100659764   -0.167883459588   0.869193028191
