-0.0279472009393   0.315364962858   0.948558851185
-0.906013038061   0.392922836914   -0.1573277442
-0.422326092994   -0.863803556622   0.27474367462
0.673432634285   -0.104631307912   0.731806515744
-0.332657056789   0.84115007503   0.426386953183
-0.660172530214   -0.530583490773   0.531651567918
0.922387627777   -0.217181503473   -0.319426452682
0.115719188798   0.944349206708   -0.307918244236
0.368524264421   0.247056208865   0.896188091973
-0.291826544912   -0.956390313783   0.0124432867745
-0.782280667576   0.23117396434   -0.578442352658
0.550340099231   -0.178538975892   -0.815628352416
0.686858704714   -0.217444498622   -0.693500547784
-0.231825633118   0.838804440029   -0.492609365743
0.688826535194   0.499124234442   0.525730922626
0.218650686556   -0.853721626066   -0.472600531587
-0.925928553649   -0.028661559426   -0.376609650101
0.307974334655   0.519940285224   -0.796752100088
-0.801094519764   0.574993873206   0.166221587587
0.163846656469   -0.0564354360477   0.984870201967
0.57567511981   0.816208972834   -0.0490007050772
-0.974251189121   -0.224859326558   0.0165197988986
-0.142584578349   0.557703922103   -0.817701640752
0.174654683627   -0.799002264409   -0.575405181551
-0.760973726342   0.643792278687   -0.0803149408301
0.612585614513   0.753761828003   0.237869652408
0.21367698217   0.131812778393   -0.967970835688
0.582721700747   0.728761213753   0.359642201095
0.794833628834   -0.603296883014   -0.0653633951039
0.16933671177   0.323944384539   -0.930798105806
0.259438187131   0.302605930798   0.917126751166
0.288538037878   0.881981477497   -0.372631821039
-0.921649406095   0.361300877384   0.141506354082
0.261870871379   0.173550106565   -0.949370321442
0.33504682207   0.906169444848   0.25807085121
0.905078600865   -0.38566474785   0.179151970465
-0.332458181496   -0.852140806458   -0.404138099571
-0.769587302253   -0.00258324080134   0.638536381953
-0.545166893499   0.52330619415   -0.654937924842
-0.636192533281   0.336488815687   0.694286927368
0.732754194996   0.545214468036   0.407200777946
-0.241516770251   0.767799753035   -0.593424964865
0.476331321537   0.878561505146   0.0351874096669
0.0622637416199   0.00621502916957   -0.99804037989
-0.87705854913   0.477588792884   -0.0517421134959
0.812915376427   0.491597268956   0.312251046313
-0.264720902189   0.78947993367   -0.553754709484
-0.518740238186   0.367496339419   0.771916450013
-0.210841068169   0.512938603768   0.832129817239
0.868089277585   -0.293112783142   0.400631879037
0.449407443325   0.806832625222   -0.383476289698
0.392448616712   0.735386824093   -0.552440315501
0.658985671445   -0.643819120437   -0.388889219431
-0.641655646022   -0.211431216024   -0.737275303275
0.264471048267   -0.879216027854   0.396275461004
-0.932958023657   -0.337310450226   -0.125741744314
0.244222011136   -0.336453319992   -0.909480496076
0.440209311649   -0.00146643131599   -0.897893986792
-0.851854998852   0.315422169518   -0.418152981465
0.283828861938   0.948950317222   0.137602589275
0.879639517326   0.431479581316   0.200149170533
0.18137344559   0.084719102834   -0.979758310426
-0.439702163734   0.898135871972   -0.0037366676397
-0.469904086958   -0.267788634324   -0.841117944398
-0.477219424829   0.878685885033   -0.0131429071559
0.742597986549   0.395221915852   -0.540692026578
-0.613090937629   0.304454552712   0.728990348037
0.509005706341   0.857930364503   0.069775931209
-0.604179355084   0.413839238107   -0.680958436246
-0.550008251585   0.75207551572   0.363143693107
0.82598344191   0.425571993362   0.369648254636
0.123459616388   0.503260267775   -0.855270031043
0.276805262306   -0.648384034475   0.709208707362
-0.86184041443   0.158896181861   0.481646243051
-0.424982290001   -0.744546940917   -0.514820265683
0.832288118456   0.281798451907   -0.477374193248
-0.102586641664   0.924575254782   0.366928575061
0.544768270762   -0.256418078043   0.798421755981
0.0538656236451   -0.276701425037   -0.959445056255
-0.820792725915   0.534936390126   -0.200355582911
0.568680750223   0.798297801514   -0.198299834656
0.816059812415   -0.381570755814   -0.434108443673
0.23739979005   0.906104041371   -0.350166825806
0.526960835589   0.182699820795   0.830019911349
-0.885834585864   0.454960304601   -0.0911493704016
0.143842680356   0.0824980469407   -0.9861558475
-0.441142119725   -0.886682126519   -0.138522332915
-0.729140421095   -0.652137964757   0.207533903849
-0.583904130373   0.750980338657   0.308357742702
-0.356945672138   0.103656190711   -0.928356171557
-0.661096691168   0.419617685611   0.621990484532
0.235213022218   0.903106680692   -0.359267529104
-0.712478770986   -0.0912103130773   -0.695740382386
-0.36932666131   0.37888122687   -0.848555733686
0.860245964361   -0.206021143557   -0.46640344039
-0.351531930337   -0.902221870902   -0.249841945278
0.998202111697   0.0594603274918   0.00755073885978
0.0251151251188   -0.529317473704   0.848052028193
0.0544221893443   -0.84633768762   -0.529859173574
0.175035245512   0.516524482256   0.838191578375
0.795221881827   0.427783661903   -0.429678132179
-0.580503937534   0.741757101644   -0.335874352502
-0.680553449635   0.68768890805   -0.252845739406
0.65819189065   0.42217702721   -0.623337783853
-0.321916817319   -0.590635694352   -0.739945294793
-0.70822976329   -0.276939502078   -0.649395961321
-0.437844820451   0.893876849953   0.0963124619279
0.553807291027   0.352546010199   -0.754326716416
0.764531030746   -0.638037418661   -0.0916545438846
-0.276880468568   -0.453470204714   0.847172933681
-0.582090636544   -0.62231264315   -0.523352142466
-0.0692406836597   -0.185531840184   -0.980195727395
-0.566055605951   0.816371419567   -0.114537139331
0.821454063656   0.54691465659   -0.16154745343
-0.838658609446   0.494316039146   0.228699344652
0.404207770957   0.846305570797   -0.346962474537
-0.365058645562   -0.198541014104   -0.909567837503
-0.350753160918   -0.910476278177   0.219100814655
-0.544155191925   0.00774295516391   -0.838948850495
0.762146539195   -0.413488807009   -0.498156259893
-0.61218024561   0.688929341476   0.388087244492
0.465777085885   0.710801831468   -0.527079180623
-0.638973436967   -0.141905316441   -0.756026340822
0.653560467149   0.129987617058   0.745628550413
0.737592826459   -0.330331917945   -0.588929237126
0.169751400983   0.934871137322   -0.311769816477
0.0494408798697   0.910651034633   -0.410207621237
-0.142462778536   0.412940278942   0.899546931938
0.988564593808   0.0139649256983   0.150150007394
-0.198614917368   0.0889588640928   -0.976031984669
0.971828089313   0.146815711557   -0.184378175665
0.12689475726   -0.985155554894   -0.115612513338
0.4992704265   -0.836766990276   0.224833372092
-0.641007945189   -0.182126731367   0.7456129478
-0.58295613508   -0.516382472307   -0.627304779885
0.0285722732386   -0.990731012267   0.132799422194
-0.26080531306   -0.135640723465   -0.955814931259
0.964968504088   -0.0073249894981   -0.262263475625
-0.023929217293   0.577955828694   -0.815717140091
-0.340305152727   0.762512890662   0.550242214486
0.940010529509   0.290759611455   0.178435009904
-0.127330090649   -0.295680790268   0.94676286275
-0.181442079685   0.945369053584   0.270843357395
-0.975123489479   -0.137296113537   -0.174022864799
0.35999921567   0.325337117868   0.874389115014
0.931520483694   -0.0734350888209   -0.356197804862
-0.0516735248999   0.942742301728   -0.329494763778
0.103746653766   0.943980853193   -0.313267905534
0.839872924111   -0.251865325769   -0.480809035919
-0.53277584703   -0.213222903274   -0.818954144224
0.649769674055   -0.506962508174   0.566381837619
0.046497991518   0.770224250192   0.636075892643
-0.758707656126   -0.386967207555   0.524041098401
-0.449068479381   -0.82510435226   -0.342841521271
-0.829330602275   0.242127949949   0.503572048454
-0.332487974154   0.510467299378   -0.793016319698
-0.813847244548   -0.45477277884   0.361710356733
-0.555552487592   0.42649331869   -0.713768087437
0.170335246123   -0.781847279677   -0.599750560808
-0.256093994752   0.754391752806   -0.604407932733
0.8022423224   0.514690092091   0.302491925933
0.539280188773   -0.40741525794   -0.737014033513
0.742032465517   -0.561445076153   -0.366288474542
-0.324484204032   -0.778943662422   0.536616037876
-0.586598518113   -0.279331697513   -0.760181544969
-0.0704130603193   -0.991365147823   -0.11062162818
-0.376932332864   0.129117714783   -0.917197161014
0.923560510947   -0.0228857906473   -0.382769151328
-0.493614194665   0.853782274738   0.165532033661
0.744442423032   0.316405862686   0.587956468498
0.449611505209   0.413452726924   -0.791774170444
0.220138239487   0.437514384097   -0.871848793785
0.849754680101   0.352887609619   0.39164693108
0.479015802623   -0.827074058767   -0.29409583838
0.874045701896   -0.436175735787   -0.213997286215
-0.361529503672   -0.289662869491   -0.886223357858
0.324562057197   0.851966049528   -0.41086898335
-0.588527540366   -0.798352642964   -0.127547605636
-0.687408897189   0.411087304747   0.598728850099
-0.425563558467   0.440045776425   -0.790730910206
0.0381984054951   0.683237451006   0.7291964532
0.8541697221   -0.401031322411   0.331010519912
0.518589401805   0.610213457724   -0.598919500724
0.118937642307   0.824648800553   -0.552999270333
0.790511394533   -0.415649642522   -0.44980785874
-0.600787460218   -0.383653138157   -0.701330661833
-0.102045384557   0.603078069637   -0.791128043628
0.994374872353   0.0391516370453   -0.0984162717754
-0.0283787371827   -0.796720773697   -0.603680922372
-0.822286938839   0.167473945053   0.543871922371
0.365126045304   0.888325429862   0.278497579344
-0.43649417093   0.42758672616   -0.791607497663
0.808391024693   -0.201719190149   -0.55300390552
0.464607049932   0.795501380649   0.388995941546
0.361447424046   -0.571390340933   0.736796334098
0.293525105942   -0.951367244782   0.0935060304947
-0.910682529932   -0.248540542766   0.329977163271
-0.290689425091   -0.182010890222   -0.939346418518
0.691977922263   0.712210250752   0.11799624496
0.387219730528   -0.504115668679   0.771963906464
0.609284363323   -0.48849150588   -0.624618774368
0.714452486738   0.63706312519   0.289323726501
0.368044549786   -0.693855014485   0.618957533477
0.595063739079   -0.335731728316   -0.73019405163
0.767278638074   -0.628326544291   -0.128410456334
-0.603430389305   -0.775132942543   0.187191577395
-0.217152611816   -0.0661413269064   -0.973894279712
0.929773373151   -0.337987069675   -0.145897961986
-0.283557686369   -0.404777663026   -0.869338876397
0.234769063295   0.849658628066   -0.472190324627
0.582128136141   0.0206639845943   -0.812834443693
-0.772057275004   0.327632708426   -0.544595604538
0.255057635107   0.944579169847   0.206677997532
0.968533422979   -0.241199239103   0.0613672194911
-0.00824298005808   -0.277522028556   -0.960683911048
0.248746983603   0.929948628002   -0.270777560788
0.498061454309   -0.829486735365   0.252757875416
-0.815508285161   -0.547144768158   -0.188623539126
0.294755872827   -0.112180027327   -0.948965024067
0.339382046168   0.229807390362   -0.912144939181
-0.893783801857   0.38104448191   -0.236549399375
0.293206995615   0.895540990765   0.334717779005
-0.0135481307716   -0.863874097377   -0.503525562444
-0.209946662832   0.494804153407   -0.843262265572
0.977618968166   0.0942888840371   -0.188071155228
0.845441877271   -0.503263170303   0.178757415432
-0.527991349134   -0.737268913742   0.421496956181
-0.0803316089422   -0.45073354684   -0.889036614746
-0.208340482388   0.229168564058   -0.95082911853
-0.860356892555   0.419421751727   0.289605613914
0.465166917171   0.878388959075   0.109784223566
0.364785728192   0.112200625565   0.924306438433
0.786556866196   0.494097561989   -0.370399642921
-0.498256629405   0.862136079084   0.091987566519
0.382331118544   0.921129661104   0.0730962600121
0.780576194416   -0.279630583818   -0.559023739483
-0.494493397837   0.270789372076   -0.825923359319
0.443748769997   -0.78173647063   0.438149654357
-0.894375146258   -0.417093413614   0.161635955391
0.0563926137153   -0.463595917591   -0.884250359521
0.281148272334   0.824837540746   0.490508593542
0.704247909821   0.169880781993   -0.689329675425
-0.651912977686   0.539243499066   -0.533128425652
-0.431362061683   0.896602822582   0.10015063793
0.589648507982   0.19616996569   0.78347430181
0.682818723217   0.397014764333   -0.613300797428
0.461937561473   0.886731602321   -0.0179096271828
0.597111855463   -0.325866250191   -0.732986097447
-0.655798079721   0.327899759731   -0.680007813339
-0.368978430175   0.892514778344   -0.259369019946
0.450561344906   -0.0723149858206   -0.889811787574
-0.812926437352   -0.445183010982   -0.375449988934
0.00617297874255   0.400312324667   0.916357974292
0.13217851856   0.908008140352   -0.397555098428
-0.991206705769   0.123576938684   -0.0473075750872
0.363335232864   0.893816459587   -0.262830068922
0.645351430647   -0.0379889852843   0.762940605787
0.671944223519   -0.446820963661   -0.590628467745
-0.0916368576883   -0.0354653585431   -0.9951607381
0.467618864946   0.880789393968   -0.0744489128248
0.879167380798   -0.472178199219   -0.0641285016415
0.274354397779   0.772982851732   0.572037739444
0.839618151002   -0.48255041704   0.249372122588
0.468797424191   0.41187693058   -0.781400261791
0.744870788573   -0.635068760174   0.204585381155
-0.388204045788   -0.16312991353   0.907020534579
-0.542646410809   -0.755033973517   -0.368046969384
0.9056177113   0.332181934537   -0.263650760189
0.334520712438   -0.17739773609   0.925540888444
0.260676914841   -0.92638286124   -0.271776269147
0.374310341316   0.0995097569249   0.921948792862
0.509057137331   0.808968187937   -0.293992009821
-0.775082317768   0.5793688628   0.252149006544
-0.435845382099   0.198588450977   0.877839068417
0.867569191066   0.352252316726   0.351058405503
-0.239504700611   0.914593315359   -0.325816767347
-0.770983142593   0.21715416911   0.59868945262
0.11087493004   0.971482938455   -0.209589241566
-0.627129766259   -0.0952101209411   -0.773073922173
-0.129223982281   -0.847468901976   -0.514876317758
-0.668374750806   0.457997930499   -0.586099896045
0.732513723346   0.268392167996   -0.62561113263
-0.311198250334   0.824211783959   -0.473107370661
-0.484731300493   0.290538705845   0.824998682865
0.817429639365   0.486068097688   0.309106113006
0.247998564174   -0.502395090765   -0.828309051589
0.277683137277   0.856006873206   -0.436055395902
0.928110331502   -0.121866343996   0.351795120434
-0.581495292653   0.665347709267   -0.468161991617
0.354729009822   0.725231498111   0.590090335235
0.732141075348   0.177064112456   -0.657736836331
-0.519683824824   0.853619670547   0.0355271764937
0.650968390303   0.422555906785   -0.630624024651
-0.553325290441   -0.304598036263   -0.775274892707
-0.231052154011   0.969948014403   -0.0762610744839
0.512725310078   0.188001228803   0.837716118009
0.826878261009   0.154455130455   -0.540754985315
0.5426058897   -0.685999275476   0.484751320276
-0.807376498508   -0.585169561583   0.0756291865245
0.231780150402   -0.432413665652   -0.871376143601
-0.705226373089   0.662197173189   -0.253279818617
0.596809970307   0.361628554609   -0.71626995458
-0.382718724445   -0.65629238325   -0.650235869241
0.631002031576   0.136726758819   0.763637498798
-0.556361543957   0.765752400786   0.322622214202
-0.540646158364   -0.628433810447   0.559260831216
-0.651292043755   0.500609349437   -0.570270946998
-0.307778566363   0.512652800245   0.801535688841
0.693607257619   0.697550991437   -0.179809862129
-0.723899866123   0.439981285555   -0.531399522194
0.486899855395   -0.219875959521   -0.845330168183
-0.488771433947   -0.870672746091   -0.055058646653
-0.47645151488   -0.875628538552   0.0791745946704
-0.754101825202   0.360699411363   -0.548840934943
0.452022556069   -0.321201801232   -0.832168860082
-0.701130033889   0.575652815075   -0.420761823453
0.259552564453   0.755663105023   0.601336626186
0.664115307657   0.312405358795   -0.679230262821
0.923455729902   0.259341944483   -0.282791921284
-0.204888273515   0.956418779019   0.208047865925
0.324423042166   -0.134182245366   0.936346524926
0.900645369961   0.282256753308   -0.330407389111
0.164440633578   0.482425121777   0.860363458026
0.402240221256   -0.829214765359   0.388079472936
0.74738917786   0.640347080743   -0.177101758888
0.606828635161   -0.766468970278   -0.210438411774
-0.270496625426   0.0498089729353   -0.961431558588
-0.906750972541   0.223469418307   0.357580889978
0.367827824406   0.833818750076   0.411641814707
-0.206168293849   0.504784816634   -0.838264232511
0.437704328264   0.245229119261   -0.865030404139
-0.765951117629   0.605563312363   -0.215898031773
0.470886192644   0.757070507804   0.452891200833
-0.437151175597   0.871654364969   0.221624722677
0.388335010378   0.405194942365   -0.827655108361
-0.811230404624   -0.275745764629   -0.515625352267
0.836451386215   0.313986308724   0.449178891347
0.471442680869   0.00567634536873   -0.881878437064
-0.279447449717   0.949410541882   -0.143278560189
0.270136931785   0.960524480667   0.0664737551536
0.961935624776   -0.272205926776   0.0241616890082
0.0413024439145   0.0574165086595   -0.997495590296
0.271390932903   0.658708655803   0.701747724118
0.901585767593   0.0812141699446   -0.424908651679
-0.336882865711   0.748002115884   -0.571841559716
0.517418982762   0.789810798093   -0.329357707504
0.854163601278   -0.45339078989   0.25463961572
0.051789366956   -0.413080736487   -0.909220636926
0.439046418518   0.67402247296   0.594080759099
0.847117591192   -0.530875030178   -0.0237379238226
0.299382746797   0.513678312059   -0.804055074383
-0.317215499384   -0.902425422814   -0.291552196372
-0.946470044497   0.320619321705   0.0373858986542
0.059739282042   0.287804806785   -0.955824048333
-0.277645320221   0.751498798454   0.598466901408
0.715398783611   0.577514615038   -0.393295626501
-0.641184572933   0.318945803137   -0.697965556524
0.614525181898   0.440460485205   0.654487098258
0.771018139718   -0.159704723363   -0.61646202605
-0.167002482133   0.88345286366   -0.437745598097
0.406072352887   0.684607034939   0.60532507955
-0.352152549299   0.728467618166   -0.587642332806
-0.843263793983   0.0254585348203   0.536896672333
0.999418584705   -0.00804761903984   -0.0331319841512
0.0109393904396   0.996056313759   0.0880462921263
0.0322927589843   -0.0883575443761   0.995565227431
0.80425894275   0.539496333172   0.249221306272
0.58970326043   -0.672557106396   -0.447120792711
-0.0736044675539   0.506567512905   -0.859052813991
0.994268139121   -0.0502225865444   0.0943851647722
0.0925764725883   0.846025977482   -0.525042514611
-0.0534833081567   0.530770889581   0.845826104186
