-0.0351050771069   0.333154175817   0.942218620432
-0.907757800945   0.383725554219   -0.169500660347
-0.418023215117   -0.861256636648   0.28895258685
0.666041898365   -0.12611022004   0.735176442784
-0.307520824082   0.851520170121   0.424669686502
-0.679572757237   -0.508929869706   0.528366591811
0.922437217054   -0.217877134358   -0.318808931677
0.116209103946   0.943973849622   -0.308883174339
0.368245875405   0.247876835452   0.896075917372
-0.277031391493   -0.960805286712   0.0103348514408
-0.788079474029   0.221049180732   -0.57451545002
0.549712971233   -0.167303498841   -0.818428487123
0.6862301838   -0.21507561969   0.694860138918
-0.236209621763   0.837621489449   0.492539597392
-0.68796304365   -0.502128189039   0.523998217882
0.228851363492   -0.865496595077   -0.445581302724
-0.914955951889   -0.0349493282511   -0.402037498945
0.332389319219   0.499694094787   -0.799889462429
-0.802336057642   0.577589336489   0.150490561094
0.175234118805   -0.0130755009184   0.984439960018
0.57056976279   0.81622275737   -0.0907224125504
-0.974584922767   -0.223449245377   0.0159581658004
-0.140586940847   0.554603727249   -0.8201524357
0.174411984618   -0.801551707915   -0.57192247653
-0.760702215756   0.644551785345   -0.0767146332306
0.611432565634   0.751210597418   0.248662132237
0.217904466741   0.142252009949   -0.965547517753
-0.588372071609   -0.806398862827   0.0594910025366
-0.739400953391   0.566346325909   0.364057782851
-0.327268292805   0.170213727887   -0.929474449011
0.254858577125   0.304204179474   0.917881758647
0.277158460968   0.886419979105   -0.370732798869
-0.926407196205   0.34888312919   0.141598972406
0.26045783612   0.165057644618   -0.95127161713
0.336259847541   0.908082260629   0.24963157425
0.905036480224   -0.384892948603   0.181014882208
-0.333159962267   -0.853089451056   -0.40155052987
-0.771119729558   0.00145778163799   0.636688493346
-0.542566864293   0.521762650416   -0.658319781262
-0.636115293651   0.327408723601   0.698685094224
0.734612408353   0.533958287314   0.418608596308
-0.236012590078   0.779546069914   -0.580177543692
0.00712978293451   -0.0389882696587   0.999214231796
-0.888820046708   0.457617078744   0.0241978059338
-0.458200928377   -0.88829416528   -0.0313908452205
0.812395686876   0.28466238912   -0.508901338341
-0.504616633317   0.780537328199   -0.368949227765
0.292190522306   0.556532841357   0.777750535304
-0.209199877812   0.511837074437   0.833221591387
0.868132358159   -0.294978525819   0.399166479082
0.450090679575   0.806852203651   -0.382632854865
0.382072878307   0.734941153027   -0.560251566039
0.656479963948   -0.642540496383   -0.395190798783
-0.650426300665   -0.216802241903   -0.727971438525
0.279495988949   -0.873450329059   0.398706050654
-0.927676303384   -0.352738950917   -0.122441449864
0.247585678706   -0.33564826109   -0.908868294379
0.440059336453   0.0170739788782   -0.897806359771
-0.857211270998   0.30578736625   -0.414346381082
0.267463300798   0.951946724291   0.149200592623
0.878455964087   0.435785885476   0.195973929844
0.177301071759   0.083575806642   -0.980601557462
-0.443710997286   0.896161674344   -0.00384763875419
-0.463495903135   -0.263229657151   -0.84609792304
-0.496175860984   0.86822038792   0.00169498555449
0.734153296494   0.420598984302   -0.533024794593
-0.603770821825   0.311648860983   0.733713692226
0.529630684286   0.844723393458   0.0770306874437
-0.595778593921   0.435106166347   -0.675078136982
-0.566041182787   0.764060987984   0.309528974459
0.821968876462   0.494416161699   0.282700946547
0.062964637036   0.414443561527   -0.907894260799
0.295424383858   -0.643854949008   0.705815300244
-0.860801573248   0.141084750296   0.48899462648
-0.414421385688   -0.752027857111   -0.512551477622
0.833449704267   0.275584732152   -0.478972489672
-0.0941928736534   0.924933889658   0.368272999709
0.544508303895   -0.261821227494   0.796843994658
0.0581355310519   -0.262543705224   -0.963167204008
-0.832197441456   0.520168966219   -0.192019959944
0.551423320565   0.812708465214   -0.18824790067
0.817931091844   -0.384378359874   -0.428067758019
0.238155584117   0.903528268051   -0.35625634954
0.523708551342   0.189446418003   0.830565715616
-0.889358285094   0.446677282968   -0.0975768702808
0.129180175581   0.0407676393137   -0.990782762174
-0.438582173566   -0.893765855504   -0.0939588876287
-0.718832162431   -0.665082708783   0.202349481669
-0.595125391179   0.739169575121   0.315363453796
-0.359313360493   0.106270079011   -0.927146471319
-0.660183515681   0.442843775203   0.606668868813
0.21215466699   0.884755769456   -0.414967017592
-0.720519342487   -0.145246752729   -0.678052548055
-0.373150368353   -0.371157341218   0.850294672839
-0.857419634972   -0.21211885906   -0.468867954967
0.354387319415   -0.904017598109   -0.239085361631
0.998239682353   0.0587729173594   0.00795492059398
0.0244521600281   -0.53003794905   0.847621297772
0.0540335862825   -0.845934700052   -0.530542038675
0.178261558287   0.523628086658   0.83308849692
0.792504772005   0.425427783298   -0.436975271094
-0.583231517655   0.738122502069   -0.339140337843
-0.665122563102   0.706768588803   -0.241018957622
0.676835789376   0.434251929987   -0.594406069554
-0.315444591444   -0.558483144942   -0.767197032413
-0.710757331115   -0.269263869832   -0.64986228131
-0.438910893278   0.891701289012   0.110571420064
0.549710145465   0.36382108182   -0.751966073965
0.754447334804   -0.651747191015   -0.0776840911067
-0.294179467292   -0.441567358308   0.847630054386
-0.586743265859   -0.616639170892   -0.524869958073
-0.0700051298198   -0.171467169688   -0.98269949197
-0.578136921794   0.809775177474   -0.100109248356
0.812931104988   0.561126698409   -0.155819918096
-0.845907054487   0.475527133682   0.24148540391
0.395840854435   0.863236737397   -0.313260838868
-0.357423101002   -0.169399764876   -0.91845111276
-0.350398381874   -0.90361301154   0.246382830888
-0.522945834673   -0.0294852602555   -0.851855782059
0.777012630515   -0.427333762771   -0.462209073059
-0.601927913438   0.681005835196   0.417029782455
0.508598680804   0.729551352578   -0.45725507743
-0.615638017758   -0.063133797454   -0.785495992804
0.65295818007   0.135158342152   0.745236766154
0.739152777947   -0.328360996232   -0.58807501818
0.165223442444   0.934832219546   -0.31430866257
0.0469372756814   0.907934288082   -0.416475954499
-0.137845209916   0.418833874665   0.897539349297
0.989340987857   0.0152811635005   0.144813313571
-0.196773364711   0.106522360266   -0.97464518144
0.970023881143   0.165731013638   -0.17772704108
0.142597029958   -0.980401049511   -0.135940682524
0.48323599433   0.841510256963   -0.241543911557
0.654174803081   -0.163707340036   0.738413998941
0.581840442731   -0.514840163784   -0.629604085881
0.0209363240347   -0.992415057897   0.12113638262
-0.269639054497   -0.1222781249   -0.955166394122
0.962733842049   -0.0126654265406   -0.270153912325
-0.0252218464205   0.580134003661   -0.814130454079
-0.344165673233   0.75956585009   0.551914584646
0.938570108106   0.294116060719   0.180504556718
-0.124025460906   -0.304992427775   0.944244303158
-0.185460952994   0.941947728208   0.279890536172
-0.974793270371   -0.140406895571   -0.173389687452
0.351967824501   0.293406010949   0.888837197272
0.935788858631   -0.0895644584659   -0.34099475046
-0.020441687249   0.95178312683   -0.306089883701
0.104326537103   0.943159363505   -0.315541421511
0.838169097958   -0.254161076667   -0.482570938138
-0.535339646285   -0.214132113754   -0.817042777935
0.650769317356   -0.506040386057   0.566058674757
0.0446345771902   0.769732199963   0.636804597078
-0.757962433177   -0.389147103317   0.523504996989
-0.4410806999   -0.821931396527   -0.360383955773
-0.826323101271   0.215244486834   0.520442065165
-0.350197013809   0.527350538343   -0.774121089513
-0.812752824077   -0.434658118849   0.387949953831
-0.546738632367   0.338987110347   -0.765613875852
0.201270253234   -0.834362066934   -0.513157116708
-0.260367000472   0.755414239644   -0.601297224016
0.798506240988   0.518573482851   0.305727535538
0.542767729483   -0.400538224676   -0.738222407141
0.709214199929   -0.577006563471   -0.405066222154
-0.316462069353   -0.773988586652   0.548446375126
-0.629973790946   -0.260777862251   -0.731524387342
-0.0693225177418   -0.989603588539   -0.126012404488
-0.393288032899   0.1431963616   -0.908195642581
0.916798184832   -0.0133992378641   -0.399125981004
-0.492530333503   0.852405342131   0.175553420033
0.738568419284   0.302687362089   0.602409371497
0.460359164798   0.426363100583   -0.778642373523
0.217048618175   0.42667820877   -0.877972438923
0.855230184709   0.350489015044   0.381757490424
0.470607297552   -0.833728466884   -0.288834926897
0.864851776219   -0.44780787551   -0.226935038727
-0.376688820911   -0.280021357495   -0.883002588642
0.331868855682   0.849150249355   -0.410861189029
-0.581251374789   -0.800415381443   -0.146567583233
-0.683707848774   0.38272308611   0.621342592201
-0.441237370165   0.461365642965   -0.769708598537
0.0280874433646   0.678438294936   0.734120273176
0.85107605539   -0.401426815544   0.338416990858
0.524290609744   0.615286918213   -0.588677640826
0.134884782635   0.786827046425   -0.602253513421
0.750040619056   -0.47825793125   -0.456846167725
-0.647491440238   -0.390093002003   -0.654661962091
-0.101810536488   0.590200489261   -0.8008108373
0.993814508488   0.0244506854309   -0.108327682062
-0.0443546770807   -0.80688632809   -0.589039146545
-0.821416380772   0.178712559621   0.541605899556
0.360100958881   0.898924354937   0.249524154169
-0.44226963361   0.399996031399   -0.802745754304
0.807566817819   -0.201129459288   -0.554421117351
0.465037076416   0.795322203499   0.388848441144
0.362734548005   -0.571847473745   0.735808476749
-0.937810153761   0.076930389175   0.338517105508
-0.295764378228   0.333489724405   -0.895158106865
-0.181756837756   -0.939609663071   -0.289996781
0.691204868448   0.712461512434   0.120972819815
0.385007979069   -0.504718082603   0.772676202006
0.611559225167   -0.487502051681   -0.623166962956
0.711478247562   0.645476161321   0.277775500023
0.38026316939   -0.68606675448   0.620251828214
0.590930304903   -0.335667891767   -0.733572383057
0.749973887087   -0.653827892438   -0.100240988413
-0.632559094614   -0.753225328845   0.180334677219
-0.193411893401   -0.0718379499773   -0.9784841074
0.952265315394   -0.264628805002   0.152191867917
-0.256842003498   -0.425070604667   0.867955739821
-0.164993800903   -0.865613410601   -0.472747785878
0.578722708736   0.0318317229629   -0.814902919252
-0.776833910258   0.32564376079   -0.538966805036
0.248211809279   0.944956550573   0.213185401147
0.968779988473   -0.236754648625   0.0735701725482
0.00498009889855   -0.278103673805   -0.960538153969
0.247872008402   0.930916528465   -0.268242212339
0.479041025028   -0.842543947242   0.246250671685
-0.829190784898   -0.526398366675   -0.188009047129
0.288031836053   -0.114124741084   -0.95079609007
0.34747855025   0.248681785003   -0.904110627592
-0.900097849497   0.358724114653   -0.24726680104
0.262835534977   0.899707941153   0.348486875189
-0.0171067004988   -0.864766770675   -0.501882250268
-0.2012661256   0.494659205022   -0.845460949762
0.97938721019   0.0865488487679   -0.182510244351
0.83997041395   -0.507622423906   0.191752909851
-0.53802755422   -0.733170793261   0.415916985478
-0.0705411552867   -0.452526311563   -0.888956625913
-0.213573581269   0.225543660106   -0.950534787775
-0.85053544418   0.435731321105   0.294495626456
0.480599400309   0.871360013539   0.0987721784109
0.354198617259   -0.115906817816   -0.92795956222
-0.782562832963   0.50653084689   -0.361969492656
0.511994874972   0.854395757674   0.0887081578579
0.383271490264   0.920169437123   0.079944804304
0.784262469765   -0.278495547092   -0.554411948615
-0.48788865868   0.275188003434   -0.828393758727
0.465621599443   -0.770504363   0.435338434703
-0.882800359285   -0.438924064257   0.167359467797
0.06212931496   -0.462243109644   -0.884574053321
0.0997453009891   0.813635389931   0.572755032441
0.699666219804   0.351927772122   -0.621782939681
-0.707473007118   0.462757274891   -0.534170056015
-0.432084670832   0.896937149532   0.0938434175637
0.591457073403   0.203285585305   0.780290651699
0.680794658875   0.392655982503   -0.618336406701
0.460972011571   0.887163079873   -0.0211299375108
0.595261700744   -0.326783309625   -0.734081859317
-0.658155234102   0.325813348808   -0.678732163348
-0.394426956706   0.888282376649   -0.235333370269
0.453558404892   -0.0345409410264   -0.890556958733
-0.799194687907   -0.457997099042   -0.389264059597
0.0016571487367   0.341744692973   0.939791369764
0.183285990743   0.923768386072   -0.336241303965
-0.983058238079   0.172807794151   -0.0611061930188
0.35373828491   0.888526295606   -0.292216097787
0.665709845946   -0.0197048989509   0.745950479567
0.657038527637   -0.45840237671   -0.598471080526
-0.0908597160714   -0.0254496855679   -0.995538460081
0.461310784278   0.884874724847   -0.0647231151565
0.882574003868   -0.465133351665   -0.0686592518494
0.275110416137   0.777798051034   0.565105698734
0.843393297775   -0.47741118256   0.24650823117
0.461521401672   0.408789376788   -0.787330452367
0.741653701216   -0.640744048698   0.198486401376
-0.383281349855   -0.161958855417   0.909321030223
-0.550495408089   -0.750477443506   -0.365702628461
0.912278154786   0.317260904629   -0.259025262656
0.327440276732   -0.185055307921   0.926572931931
0.246031366849   -0.930107548302   -0.272705913251
0.374844518266   0.118578942051   0.919473012996
0.491105826269   0.815802531556   -0.305419869871
-0.78632477675   0.56604351777   0.247564297627
-0.434709586937   0.209970073103   0.875751188082
0.865832649138   0.364924844768   0.342291807318
-0.247712330562   0.907051501334   -0.340435273167
-0.769694001397   0.222018580395   0.598564026797
0.119953673701   0.971176492289   -0.205978972205
-0.627042470955   -0.0867408253605   -0.774140664761
-0.155737407928   -0.839364708343   -0.52078090034
-0.655385898165   0.482259419623   -0.581287516355
0.739063721378   0.250784247058   -0.625213625227
-0.312381811767   -0.45786783169   -0.832330855117
0.808373022217   0.332074478885   -0.486065425045
0.498949557197   -0.824671806949   0.266393975524
0.247066803518   -0.51579384191   -0.820313785845
0.299193624966   0.845800551373   -0.441706465966
0.921651327444   -0.136301650557   0.363291467938
-0.588209039121   0.65482679456   -0.474565059209
0.347429569759   0.734521656523   0.582898473283
0.730275852232   0.177988216531   -0.659558469297
-0.503488079052   0.863838058253   -0.0168393398127
0.626469793601   0.351577221819   -0.695650095093
-0.595008699061   -0.360800867808   -0.718183390111
-0.230034210945   -0.97029692691   0.0748874850942
-0.510495452313   0.185823621117   0.839561775573
-0.828540074446   0.154898210008   -0.53807795864
0.574453419158   -0.675843249859   0.46177827021
-0.789917747012   -0.605600324457   0.0963234134173
0.214553541505   -0.420100165006   -0.88174975429
-0.696333625974   0.661658452879   -0.278078357792
0.591887415866   0.310257396211   -0.743915072462
-0.405941828687   -0.682604160426   -0.60766996955
0.636708227309   -0.134937199888   -0.759206549869
0.558741969202   0.759270487148   0.333640134274
0.531422661476   -0.636631981157   0.558828842704
-0.649819491248   0.519384394118   -0.554954484577
-0.309466644829   0.48607621255   0.817288389331
0.694237008912   0.702829827728   -0.155129651326
-0.728427126841   -0.482188129005   -0.486711957042
-0.434436046015   -0.224237932141   0.872343207523
-0.529772821881   0.846883674442   -0.0461389115626
-0.471364494062   -0.878829618312   0.0739865914609
-0.760623644701   0.362631630521   -0.53847002857
0.446393531382   -0.31009160344   -0.839390262402
-0.706871139614   0.5677299805   -0.421919259124
0.244961546357   0.756055288776   0.606938416249
0.663571422519   0.325673255818   -0.673505677525
0.924744986452   0.255168820859   -0.282374897775
-0.199655439089   0.956908492351   0.210864513156
0.324012986891   -0.138618217159   0.935842173765
0.897161687883   0.288653048998   -0.334335644375
0.163621434647   0.485892842114   0.858566346945
0.410279090278   -0.824977310771   0.388694616369
0.738526736029   0.656251710367   -0.154634901661
0.625631825424   -0.752525254524   -0.205646688087
-0.251322659519   0.0551310615274   -0.966331975497
-0.91030121364   0.224653231419   0.347681788505
0.350895748366   0.864360346564   0.360212944056
-0.219599349325   0.449902341514   -0.865658136262
0.439410921293   0.237275549038   -0.866382338276
-0.763301042403   0.607118404635   -0.220859143846
0.473592188402   0.758358461799   0.447887131432
-0.440404374346   0.870218074135   0.220826833754
0.382327663497   0.404331644124   -0.830867907242
-0.812323546859   -0.281489653467   -0.510777867776
0.834873089659   0.314893706937   0.451474116086
0.473688100836   0.00676032284116   -0.880666725363
-0.280368520504   0.949102866589   -0.143517390387
0.294175911139   0.952939573494   0.07325778167
0.954430867911   -0.296932961606   0.0298753190769
0.0502220238911   0.0611308889305   -0.996865468724
0.273463457177   0.638186155856   0.719677822407
0.911375498306   0.0673494233487   -0.40602802399
-0.307591350136   0.766930561166   -0.563209619658
0.511999873196   0.794649263842   -0.326172772195
0.856975090482   -0.446579385911   0.257216924738
0.0587352035834   -0.411216973815   -0.909643213741
0.451911502542   0.679847562371   0.577566693819
0.845531013852   -0.532816679472   -0.0344048062331
0.284347144322   0.503898479871   -0.815618184876
-0.283186516556   -0.91530443287   -0.286396913407
-0.957227789625   0.288221733526   0.0253612123901
0.0593325847349   0.281329037768   -0.957775347823
-0.276771229073   0.758889214753   0.589478452947
0.707432993235   0.576075803167   -0.409481659037
-0.650335487914   0.303683764361   -0.696304476809
0.608016036635   0.463320180664   0.644709942055
0.769772216516   -0.145257071294   -0.621571490594
-0.1943379373   0.874205235302   -0.444969631208
0.407605477915   0.615103314154   0.674911614428
-0.256458348136   0.786459617383   -0.561881113669
-0.876405665229   0.0559391020946   0.478313628085
0.999371816918   -0.00743504179306   -0.0346509985902
0.0105619093429   0.995799568616   0.0909486955127
0.0338292420961   -0.0912575437866   0.995252552411
0.809322199768   0.536583167569   0.238906009226
0.581654886787   -0.675585799929   -0.453057854596
-0.0817017113606   0.505630627252   -0.858872807315
0.993892455092   -0.0436598962529   0.101348908091
0.090780735668   0.845652283537   -0.525957292354
-0.0627426947439   0.531945513007   0.844450901739
