-0.0371334717549   0.337773889621   0.940494500127
-0.908041734138   0.381539810387   -0.172880253806
-0.417230529016   -0.860427900862   0.292544890704
0.66396899997   -0.132616151394   0.735906327917
-0.299816601547   0.854361827044   0.424471287518
-0.68502202338   -0.502472710582   0.527509244093
0.922448289467   -0.218071542583   -0.318643932272
0.116348909331   0.943872294055   -0.30914078316
0.3681739868   0.248092512646   0.896045769262
-0.272974846518   -0.961972350757   0.00969172573924
-0.789633979869   0.218293856531   -0.573433492253
0.549511520357   -0.164185835503   -0.819194787835
0.686035415678   -0.21451494751   0.695225679712
-0.237341769134   0.837292553996   0.492554630115
-0.687767615594   -0.502916013185   0.523498988177
0.231713464524   -0.868665806363   -0.437868230423
-0.911710687241   -0.0369461923017   -0.409168182592
0.339252845426   0.494018922441   -0.800532829521
-0.802715107628   0.578283764597   0.145726948744
0.178653901383   4.44335650148e-05   0.983911978556
0.568973847824   0.815835697693   -0.103348318146
-0.974668011023   -0.22309785134   0.0157992726075
-0.140066702563   0.553795995559   -0.820787008996
0.174366244212   -0.802207793549   -0.571015821889
-0.760594390152   0.644804539818   -0.075652356869
0.611124818965   0.750410926874   0.251813217433
0.219140661025   0.14529468765   -0.964814398953
-0.584141756963   -0.809595987689   0.0577299271705
-0.74229346057   0.561641211553   0.365458024787
-0.328296856775   0.170626745277   -0.929035891464
0.253644297925   0.304699720959   0.918053729461
0.27402265238   0.887577914286   -0.370293170413
-0.927672440096   0.34549026921   0.141634451206
0.260048899138   0.162494317809   -0.951824651255
0.336691966353   0.908612975859   0.247105200052
0.904993419783   -0.3847311487   0.181573272731
-0.333276410137   -0.853394169208   -0.400805721526
-0.771599549539   0.00258036001566   0.63610335394
-0.541812670208   0.521259756459   -0.659338529664
-0.636043587094   0.324806546617   0.699963758055
0.735203584208   0.530573954384   0.421861314529
-0.234359222314   0.782938047488   -0.576267098412
0.00734236686711   -0.0321391953911   0.999456433152
-0.891726279103   0.452083532796   0.0210884454596
-0.452515560844   -0.891396405363   -0.0253400019671
0.812230217069   0.277287509198   -0.51321897054
-0.500723385121   0.782764904554   -0.369533754603
0.299262704112   0.557127221953   0.774629648598
-0.208768986972   0.511524521084   0.833521550057
0.868146678439   -0.295472219172   0.398769999389
0.450263095083   0.806869773896   -0.382392878044
0.379236979486   0.734806137192   -0.562351539639
0.655767343245   -0.642205671605   -0.396914432706
-0.652800509285   -0.218247144545   -0.725410007496
0.283824484506   -0.871725803315   0.399421814414
-0.926093766756   -0.35719570261   -0.12149718191
0.248583984139   -0.335418177611   -0.908680718932
0.44003104934   0.0221818696122   -0.89770854974
-0.858624692076   0.303113377423   -0.41338350062
0.262937851543   0.952696302652   0.152425198502
0.878100629524   0.437024251996   0.194805255567
0.176164230424   0.0832487958036   -0.980834237737
-0.444865652021   0.895588879545   -0.00388722102729
-0.461589649079   -0.26204213998   -0.847507470609
-0.501610970438   0.865074361983   0.00572560706686
0.731656634084   0.427761925742   -0.530752583306
-0.601003674638   0.313722339076   0.73510058974
0.535562525513   0.840788789648   0.0790379179195
-0.593268374631   0.441194407452   -0.673335080398
-0.570594050319   0.76728470837   0.292739826539
0.820036029708   0.513101597278   0.253510672067
0.0443095895017   0.384708886266   -0.921973824523
0.300746065323   -0.642218108282   0.705058654005
-0.860569856435   0.135899764704   0.490867371241
-0.411061219757   -0.754378655152   -0.511802225731
0.833787754428   0.273805011124   -0.479404627063
-0.0917976814647   0.925021777337   0.368656882655
0.544399822046   -0.263373361096   0.796406495718
0.0593959158068   -0.258546367341   -0.964171095356
-0.83537913268   0.515868125322   -0.189794051431
0.546455697992   0.816721404893   -0.185343780368
0.818452159717   -0.385187312501   -0.426341173877
0.238430032013   0.902793460806   -0.35793167918
0.522768765411   0.191297416121   0.830733481025
-0.890336016288   0.444333684629   -0.0993446264546
0.125107458838   0.0289547348539   -0.991720599298
-0.43777837069   -0.895393321415   -0.0813689014427
-0.715965606121   -0.668636384615   0.200795009951
-0.598118671223   0.735814778366   0.317538449754
-0.360065696764   0.107247364105   -0.926741979683
-0.659909941223   0.449625541097   0.601959917494
0.205298523581   0.878593718726   -0.43119090161
-0.722752644887   -0.160965680221   -0.672100189035
-0.374269058307   -0.368910128573   0.85078081139
-0.856594236702   -0.213889345786   -0.46957178515
0.355202738789   -0.904520129569   -0.235954125968
0.998254326633   0.0585107860896   0.00804905396949
0.0242460761331   -0.5302489882   0.847495214326
0.0538556139206   -0.845820606526   -0.530742003638
0.179127184487   0.525652453018   0.831626689335
0.791704558847   0.424798139932   -0.439033520144
-0.584052517568   0.737045479565   -0.340068548642
-0.660487365012   0.712330174236   -0.237365042773
0.682331708472   0.43751466784   -0.585665736608
-0.313336688357   -0.548786514318   -0.775018374899
-0.711460368597   -0.26723773471   -0.649929332359
-0.439128789448   0.891124945615   0.114290146474
0.548625601109   0.366715590683   -0.751351865211
0.751519998298   -0.655545691472   -0.074010394884
-0.298771185921   -0.438223498915   0.847759366485
-0.588178094306   -0.614995944208   -0.525191886825
-0.0701946643494   -0.167662794012   -0.983342207271
-0.581424265594   0.807888044449   -0.0962430829409
0.810566797047   0.564983269787   -0.154192646988
-0.847841770552   0.470284682787   0.24494213448
0.39353805033   0.867680516986   -0.303740552751
-0.355376047377   -0.161129877986   -0.920730702959
-0.350190563976   -0.90152716029   0.254195492011
-0.516844483032   -0.0403488673719   -0.855127913975
0.781177540166   -0.430837264125   -0.451819546478
-0.59893938687   0.678600874694   0.425173451336
0.520478858459   0.733382237982   -0.437323965624
-0.608583082869   -0.0406367552359   -0.792448916568
0.652798945312   0.13661058782   0.745111457632
0.739575852052   -0.327817506204   -0.587846273858
0.163954554865   0.934811868732   -0.315032814191
0.0461839867645   0.907158670843   -0.418246560395
-0.136608141837   0.420495312127   0.896951452457
0.989548005381   0.0157110914354   0.143345410304
-0.196209662511   0.111778537384   -0.974170070838
0.969439865441   0.171322299752   -0.175599023062
0.147268854922   -0.978853527443   -0.141977660856
0.478829715925   0.84277314075   -0.245877075748
0.657543837003   -0.158715109407   0.736509074258
0.581685658725   -0.514337386622   -0.630157795442
0.0187201746424   -0.992843859929   0.117943312069
-0.27199837005   -0.118572073245   -0.954964685282
0.962115607269   -0.0142032829555   -0.272271601534
-0.0255985810233   0.580840204961   -0.813615000445
-0.345387481964   0.758622818956   0.552448102415
0.93811097422   0.295154323803   0.181195268118
-0.123064706372   -0.307971555028   0.943402670835
-0.186267615865   0.940901854452   0.282856987839
-0.974761228879   -0.140915654143   -0.173156937753
0.349620636376   0.283428727731   0.892991358814
0.936830122211   -0.0948633161928   -0.33667532336
-0.0107113369297   0.954289844616   -0.298690742614
0.104448471683   0.942938149713   -0.316161608325
0.837698488028   -0.254762012776   -0.483070967874
-0.536052012327   -0.214392076958   -0.816507365195
0.651052503758   -0.505795615125   0.565951793946
0.0441277065039   0.769583402847   0.637019726211
-0.757748891698   -0.389759133034   0.523358801729
-0.438747406253   -0.820956415943   -0.365419316168
-0.825388565146   0.207389498857   0.525093622404
-0.355294849431   0.531996389919   -0.76859964291
-0.812466186108   -0.427799955663   0.396088240636
-0.543452656832   0.309739986748   -0.780205325792
0.211087437375   -0.849145652139   -0.484142288217
-0.261619703604   -0.797484286293   0.543667125916
-0.755614067604   0.519692956938   0.398706171694
-0.600501883032   -0.306493137972   -0.738552262776
0.69941800255   -0.581603411001   -0.41539370484
-0.314504818825   -0.772361093382   0.55185601416
-0.641795276272   -0.255334709237   -0.723120328586
-0.0690787426117   -0.989091222037   -0.130102581868
-0.397610663027   0.146905216982   -0.905717736312
0.914950210649   -0.010835668547   -0.403421244261
-0.492232484843   0.851975481508   0.178451561425
0.736828125381   0.29866308519   0.606534974418
0.463456032989   0.430044347078   -0.774771169464
0.216257155988   0.423598770859   -0.879657276335
0.856778262765   0.349678216162   0.379019991022
0.46814938955   -0.835637018368   -0.287309802467
0.862135650835   -0.451136125759   -0.230647600452
-0.381012915381   -0.277174012554   -0.882045194464
0.333992930872   0.848322322469   -0.410850288217
-0.579058754076   -0.800978774497   -0.152065650734
-0.682646073734   0.374367526871   0.627569353013
-0.445741289701   0.467206547075   -0.763565809231
0.0250859490954   0.676963971328   0.735588524028
0.850119916294   -0.401602855057   0.340604278788
0.525991276617   0.616794072875   -0.585575143417
0.139441797698   0.773828196998   -0.617855894677
0.736200086387   -0.498298419451   -0.457938989361
-0.662242718237   -0.391009727123   -0.639176012877
-0.101893127763   0.586082920136   -0.803818761438
0.993571355132   0.0198855175977   -0.111447424601
-0.0493330799259   -0.810007022757   -0.584341398765
-0.821151182365   0.181918871202   0.54094016305
0.358749496837   0.901694012277   0.241343545062
-0.443857560733   0.392241548697   -0.805690407821
0.807289487757   -0.200967034966   -0.554883711974
0.465169840286   0.795305460542   0.388723866159
0.363181363296   -0.571927858466   0.735525541409
-0.937349671862   0.0721808879728   0.340830620792
-0.297227228879   0.344670167287   -0.890425993665
-0.181745885982   -0.935944653915   -0.301622342896
0.690914831444   0.712609003591   0.12175838243
0.384462000257   -0.504814970878   0.772884736255
0.612230076074   -0.487186056018   -0.622755233436
0.710639996383   0.647819482111   0.274446195341
0.38372456592   -0.683840735218   0.620578203264
0.589700138248   -0.335695944948   -0.73454882717
0.74470859444   -0.661042788514   -0.091823423602
-0.640868966388   -0.746714718194   0.178056444853
-0.186268830697   -0.0737533822032   -0.979726676846
0.957992803291   -0.242323415887   0.153392147633
-0.247868696342   -0.43055341677   0.867862238308
-0.144259828837   -0.86942689021   -0.472531463887
0.577723044075   0.0348696674369   -0.815487701095
-0.778147509044   0.325151720628   -0.537366553426
0.246419436153   0.945018764293   0.214981386685
0.968825109483   -0.235483459815   0.0769769276356
0.00868412810956   -0.278239571272   -0.960472449838
0.247593402888   0.931198303871   -0.267520514568
0.473675384341   -0.846107948631   0.244403292803
-0.832931653505   -0.520540858151   -0.187781989512
0.286105733707   -0.114623532742   -0.951317483747
0.349601961195   -0.901731719836   -0.254280109662
0.254171750371   0.352511649205   -0.900628812824
0.901762269139   0.250230778715   0.352433493502
-0.0181587838403   -0.864961499724   -0.501509583722
-0.198837720878   0.494697475607   -0.846012983579
0.979864184122   0.0843564557309   -0.180970077778
0.838480399728   -0.508715017339   0.195344952342
-0.540701197934   -0.732095349618   0.414341180214
-0.0677704494964   -0.453040208151   -0.888910420669
-0.215008812068   0.224391711891   -0.950483861182
-0.847674578371   0.440442880629   0.295732781555
0.484993834926   0.869286160328   0.0955120492196
0.351168710492   -0.11721445202   -0.92894634345
-0.781197567017   0.51024291367   -0.359697831987
0.516150073194   0.852005247218   0.0876137012937
0.38384534325   -0.919773378449   -0.0817293384403
-0.785152574832   -0.278513451221   -0.553141656109
0.486002249686   0.276490849371   -0.829068527635
0.471539816892   -0.767326026153   0.434581374052
-0.879539859999   -0.444839418223   0.168900937441
0.0637168404639   -0.461875158005   -0.884653323432
0.0436636457593   0.801310242293   0.596653485395
0.689222958521   0.408182757453   -0.598630562171
-0.72323246573   0.437365673223   -0.534458668559
-0.432253379761   0.897039654948   0.0920699361153
0.59198355316   0.205264146728   0.779372890763
0.68022973213   0.391390454047   -0.619758843428
0.460654697888   0.887304907215   -0.0220737614698
0.59471565727   -0.327023900844   -0.734417221526
-0.658870652185   0.325185131745   -0.678339217339
-0.401602037081   0.886810456556   -0.228654800853
0.454104717431   -0.0239919968369   -0.890625224039
-0.79530164681   -0.461510127981   -0.393069576986
0.000395129785417   0.326798013064   0.945094123635
0.195749852531   0.926784994168   -0.320548857149
-0.980653781468   0.185128693731   -0.0636044625089
0.350900133634   0.887230687964   -0.299484227549
0.670611121099   -0.0148801325251   0.741659831671
0.653566997694   -0.461085987632   -0.60020820682
-0.0906290125536   -0.0225579726344   -0.995629208066
0.4595379736   0.885998137885   -0.0619043656287
0.883522061356   -0.463139760262   -0.0699308913279
0.2753484639   0.779102737216   0.56318926507
0.844412368521   -0.476030482124   0.245688282133
0.45951167049   0.40791409016   -0.788958249676
0.740747346562   -0.64239356218   0.196529590214
-0.381677570796   -0.161702545336   0.910040943465
-0.552825108431   -0.749121350717   -0.364967945698
0.914205323761   0.312808199927   0.257642496622
0.325294130083   -0.187275231285   -0.926882795548
-0.241686480675   0.931170778003   -0.272962684727
0.375001431258   0.123871967217   0.918710869802
0.486067261281   0.817604878209   -0.308643614285
-0.789374780484   0.562297073499   0.246392891678
-0.434464713446   0.213197322262   0.875092746258
0.865244831008   0.368668235211   0.339757435181
-0.25018352301   0.904782092068   -0.344641220241
-0.769348783461   0.223298553113   0.598531708069
0.122277763061   0.971070704523   -0.205109325671
-0.627017223087   -0.0846134917981   -0.774396512749
-0.163364165531   0.836806502942   0.522558155665
0.651515360247   0.489252548436   -0.579792789891
-0.740837286305   0.245737299736   -0.62511862453
-0.312730725043   -0.453529832132   -0.834571857289
0.805738124788   0.338606020486   -0.485934190146
0.502976707091   -0.824412914901   0.259533770188
0.246806422891   -0.519721048176   -0.817909910505
0.305434142051   0.842719972852   -0.443320462222
0.919671992881   -0.140403274315   0.366729254454
-0.590166588435   0.651732081665   -0.476391321944
0.345212739752   0.73718316437   0.580852086579
0.729747601714   0.17834314088   -0.660047090663
-0.49856742363   0.866203389632   -0.0334994311151
0.618106870944   0.328142709343   -0.714329236694
-0.60776181205   -0.376847515707   -0.699007531947
-0.229750497038   -0.970388013526   0.0745775590644
-0.509923582211   0.185289162298   0.840027301128
-0.828970837494   0.154967833889   -0.537394009126
0.583570739132   -0.67254362611   0.455115659374
-0.784531676062   -0.611616810001   0.102151490344
0.20965505404   -0.416665271774   -0.884553452095
-0.595688925149   0.750943916352   -0.285022699005
0.689239087859   0.295685265544   -0.66145272205
-0.412436885137   -0.590468846117   -0.693716337953
0.638286564482   -0.134257903255   -0.758000710432
0.559210817162   0.757567725061   0.33671115799
0.529030739722   -0.638800404947   0.558623772381
-0.649374519793   0.52450700451   -0.55064065892
-0.309851180894   0.478761976536   0.821449460113
0.694481805906   0.704045007113   -0.148376713872
-0.729743038806   -0.480821911631   -0.486091952834
-0.432829821947   -0.225481916119   0.87282085833
-0.529276338548   0.847330038886   -0.043570203735
-0.469907947486   -0.879730829359   0.0725271588107
-0.762464593982   0.363119875476   -0.535529363301
0.444785638047   -0.306948894623   -0.841396524997
-0.708357096897   0.565712425558   -0.422137033259
0.240965391346   0.755931683744   0.608689551156
0.663450000718   0.329449147946   -0.671786688963
0.925114075521   0.253985319602   -0.28223289089
-0.198186660508   0.957044090454   0.211633306744
0.32386107341   -0.139850156787   0.935711461283
0.895980695848   0.2906211838   -0.335794461232
0.163543283785   0.487066425893   0.857916016342
0.412882776337   -0.823593118168   0.38887297246
0.73633344784   0.660198693674   -0.148157816074
0.630433390854   -0.748934884045   -0.204084000248
-0.245696547166   0.0568702411826   -0.967677106466
-0.911301653816   0.225170346503   0.344713810005
0.345780465687   0.873046707918   0.3438390835
-0.223528891426   0.432536427193   -0.873468416057
0.439906014021   0.235066945118   -0.866733078946
-0.762580719806   0.607503958212   -0.222282672595
0.474292467373   0.75873741971   0.44650216497
-0.441425658883   0.869687919791   0.22087623197
0.380732246566   0.404437419717   -0.831548753807
-0.812518519238   -0.282972252532   -0.509647289989
0.834442329698   0.315106620573   0.452121461645
0.47432215651   0.00704054716528   -0.880323192094
-0.280578848548   0.94903016199   -0.143587121222
0.301513761051   -0.951995708896   0.0528547267502
-0.950485430214   -0.304487082513   -0.0621696351534
0.0752788074348   -0.0314926471757   -0.996665096372
0.273984785636   0.632068945251   0.724859424778
0.914079857411   0.0631637574644   -0.400585014722
-0.298982192642   0.772333599031   -0.5604555828
0.510459124939   0.796077405369   -0.325103439581
0.857743211658   -0.444611837144   0.258063746246
0.0608938799974   -0.410586262475   -0.909786159735
0.45557232363   0.681422927248   0.572814675233
0.84500092501   -0.533451801745   -0.0374514612009
0.280048736248   0.501090779634   -0.818828880714
-0.273458248189   -0.918749682156   -0.284815041803
-0.960053449479   0.278956810063   0.0219196775616
0.0593123987266   0.279431779973   -0.958331842161
-0.276298822337   0.761250585375   0.586648537919
0.705117552801   0.575339324021   -0.414480275728
-0.653045325768   0.299135769346   -0.695736727499
0.605838823673   0.470326893525   0.64167899526
0.769310342976   -0.140747602568   -0.62317871318
-0.202782928079   0.871196146455   -0.447097705743
0.408023313022   0.594045193506   0.693272878528
-0.22873376459   0.801655486476   -0.552294618785
-0.883853970386   0.066774164727   0.462972320942
0.999357892418   -0.00725355631921   -0.0350882997997
0.0104492957566   0.995725450113   0.091769495019
0.0342726579112   -0.0920772171526   0.995161881807
0.810756367363   0.535651448624   0.236117848474
0.57935138075   -0.676475188844   -0.454679333708
-0.0838217776236   0.505429366445   -0.858786973079
0.993767159169   -0.0417336881777   0.103368915197
0.0902434176374   0.845559329234   -0.526199150815
-0.065444319318   0.532247799447   0.844055283173
