-0.0401575158432   0.344368494774   0.937975326823
-0.908317378348   0.378574961317   -0.177877876238
-0.416349509561   -0.859122423448   0.297593258352
0.660895883481   -0.142691029561   0.736787555053
-0.287813764446   0.858499817315   0.424430560475
-0.693094415065   -0.492562010058   0.526310552862
0.922462695314   -0.21836057082   -0.318404203592
0.116559420141   0.943724136869   -0.309513578162
0.368071293815   0.248401720207   0.896002292446
-0.267020384765   -0.963651732987   0.00868628984358
-0.791894562452   0.21427337255   -0.571830327785
0.549184045725   -0.15956897984   -0.820325925833
0.685728305198   -0.213767028611   -0.695758829573
-0.238942555124   0.836809460349   -0.492601646792
0.687519561031   0.504037284881   0.522745893001
0.235966650797   0.873243355773   0.426339983241
0.906766835586   -0.0401068950133   -0.41972055329
-0.349419011494   0.485631010718   -0.801292004101
-0.803297086509   -0.579287616823   -0.138346115961
-0.183944335848   0.020379706049   0.98272536799
-0.566461183238   0.814868409362   -0.122927634434
-0.974774026011   -0.222649771736   0.0155781051769
-0.139366988517   0.552667613242   -0.821666204602
0.174334278691   -0.803109947902   -0.569756062586
-0.760417079408   0.645202235877   -0.0740266179387
0.610666880839   0.74915685791   0.256612476104
0.221024491833   0.149926905743   -0.963675306804
-0.577823624089   -0.814305797871   0.0550084266147
-0.746509297048   0.554554059515   0.367686910966
-0.329914729687   0.171393881541   -0.928321285173
0.251890105127   0.305464817017   0.918282429596
0.269408476348   0.889235112701   -0.369702565871
-0.929500106407   0.340517488397   0.14169471509
0.259431338003   0.158533216327   -0.952660800171
0.337412796996   0.909393989785   0.243218370538
0.90490219653   -0.38453841247   0.182434163604
-0.333385247517   -0.853894043143   -0.399648895686
-0.772374631537   0.00428648074171   0.635152780551
-0.540640088503   0.520429235505   -0.660955146387
-0.635897341849   0.320895690357   0.701897803487
0.736136108227   0.525362330931   0.426729482698
-0.231815014169   0.788048461168   -0.570299414393
0.00761770267698   -0.0217039855324   0.999735418807
-0.896057803561   0.443632189045   0.016458843242
-0.443872034807   -0.895946102093   -0.0160685674906
0.811967439384   0.26665594426   -0.519233555129
-0.495035321263   0.785912073359   -0.37051618541
0.309271576585   0.557886028091   0.77013912482
-0.208151417457   0.511055266821   0.833963729226
0.868168399596   -0.296186380526   0.398192488544
0.450507066929   0.806905287035   -0.382030418163
0.375102831609   0.734587494786   -0.565401696339
0.654691236537   -0.641742542584   -0.399431963969
-0.656260047939   -0.220335474996   -0.721647440193
0.2903498485   -0.869082267432   0.400490921135
-0.923662315041   -0.363912635164   -0.120064656502
0.25008977038   -0.335057616543   -0.908400517584
0.439999507984   0.0296739842415   -0.897507597535
-0.860648942335   0.299178949751   -0.412038049316
0.256288569842   0.953735503526   0.157177473842
0.877556239026   0.438884619951   0.193068220371
0.174477809888   0.0827554140387   -0.981177371989
-0.446601098525   0.89472444463   -0.00395309737985
-0.458666612742   -0.260355837796   -0.849611544226
-0.509774654686   0.860229836048   0.0115944216296
0.727842524036   0.43842840567   -0.527281512388
-0.596759503133   0.316863607516   0.737207941935
0.544488655323   0.834753700421   0.0819656260773
-0.589415133539   0.45031512729   -0.670675843078
-0.577393498033   0.771786841778   0.266386597424
0.81632268606   0.539588069538   0.206063066645
0.0152977335583   0.336436897605   -0.941581750714
0.308730940001   -0.639473315483   0.704101615871
-0.860272579148   0.128039231776   0.493494726104
-0.405729338663   -0.758076403743   -0.510591686024
0.834299625294   0.271133114086   -0.480032259
-0.0882093280909   0.925141375703   0.369232378591
0.544208829102   -0.265707112077   0.79576157291
0.061321728837   -0.252592889999   -0.965627504525
-0.840086405372   0.509352349791   -0.186587821875
0.538975395619   0.822652427021   -0.180965486305
0.819222526988   -0.386405405081   -0.423751476929
0.238887303645   0.901692702258   -0.360393017207
0.52135142412   0.194013230526   0.830994319444
-0.891781473841   0.440835965879   -0.101928671638
0.119099996879   0.0113753028318   -0.992817099585
-0.43651001553   -0.897515600797   -0.062647846485
-0.711754869497   0.602410096545   0.361257638436
0.673825074993   0.730820263513   0.10891056307
-0.198405579704   0.320942078916   -0.926083909764
-0.65948841693   0.459886083685   0.594625779771
0.194817314752   0.868562356803   -0.455681518407
-0.726031157601   -0.184673285501   -0.662400585608
-0.37597907279   -0.36550592293   0.851495835061
-0.855340597506   -0.216555818855   -0.470633657507
0.356415767162   -0.905267362509   -0.231211598531
0.998279556074   0.0580606010846   0.00817890740665
0.0239163485592   -0.530570108301   0.847303586944
0.0535344393477   -0.845650239034   -0.531045889754
0.180378673818   -0.790485348597   0.585317390555
-0.528683524605   0.423889540243   0.735398795541
-0.82943189283   -0.442097920518   -0.34145594713
-0.653995596991   0.720168509898   -0.231618385423
0.690093482534   0.442499705604   -0.572682281815
-0.309936678178   -0.534370028998   -0.786376454142
-0.712503465684   -0.264300770622   -0.649987626066
-0.439397849788   0.890288916736   0.119646037707
0.547054239534   0.370851381804   -0.750467128943
0.747090897478   -0.661156376392   -0.0687563587034
-0.305379204893   -0.433253934847   0.847959061017
-0.590422503064   -0.612505733768   -0.525583479553
-0.070455079583   -0.162069856673   -0.984260861418
-0.586273722441   0.805031890179   -0.0905912698366
0.807043495814   0.57066366395   -0.151735884056
-0.850639031862   0.462525448912   0.249966890972
0.390148691148   0.874029638047   -0.289579333881
-0.352416282639   -0.148803228876   -0.923937423642
-0.349776198999   -0.898300862433   0.265917602216
-0.507677537382   -0.056805584164   -0.859672404842
0.787350067412   -0.435693339589   -0.436177928358
-0.594410556337   0.674895388729   0.437255422819
0.537967606462   0.737879811102   -0.407583413261
-0.597718114926   -0.00704263020392   -0.801675405914
0.652571780972   0.138763159263   0.744912650121
0.740189954829   -0.327021557269   -0.587516580066
0.162076838103   0.934773601849   -0.31611613663
0.0450252152027   0.905996990828   -0.42088262331
-0.134820043797   0.422966374385   0.896059708909
0.989846597097   0.0163981324809   0.141190706014
-0.195329047696   0.119875246525   -0.973384039522
0.968501208682   0.179870492387   -0.172197603784
0.154440836266   -0.976358812752   -0.151233253138
0.472359782505   0.84460918258   -0.252015008628
0.662282882462   -0.151442735947   0.733789125926
0.581599191428   -0.513517698265   -0.630905661807
0.0153690259329   -0.993445095982   0.113272389889
-0.275399191179   -0.11310981501   -0.954652531158
0.961207094512   -0.01652304505   -0.275332363594
-0.0261694938955   0.581978370531   -0.812783079194
-0.347327276254   0.757114268673   0.553300774753
0.937378749897   0.296781334329   0.182323665043
-0.121610297137   0.312699446356   -0.942035026885
0.187195544457   0.939273265591   0.287617038232
0.974766004621   -0.141367566274   -0.172761244034
0.346052380644   0.267726163912   0.899205455393
0.938204073436   -0.103413617774   -0.330270707521
0.00456797968709   0.9579291857   -0.28696830617
0.104579280893   0.942620524201   -0.317064222772
0.837008898759   -0.255602668127   -0.483821640116
-0.537102669335   -0.214787856735   -0.815712510136
0.651479848805   -0.505440019259   0.565777689143
0.0433807462064   0.769351212083   0.637351412742
-0.757424661243   -0.390677743667   0.523143176524
-0.43522281632   -0.819397955753   -0.373052396136
-0.823884910808   0.195394574761   0.532009975374
-0.363035471955   0.53889511991   -0.760129788813
-0.812041057747   -0.416409130332   0.408892108888
-0.537742553932   0.261636630363   -0.80148563265
0.226764781713   -0.870717927821   -0.436380595291
-0.263524718084   -0.795992989648   0.544931081322
-0.755833877963   0.52138097668   0.396077045636
-0.59939125109   -0.307501280627   -0.739035243091
0.68443462215   -0.588613080676   -0.430213771583
-0.311862009834   -0.769737171509   0.55699800145
-0.659007841247   -0.247061385197   -0.710400828491
-0.0687713121696   -0.988318210704   -0.136005959472
-0.40382632742   0.152238298223   -0.90207970703
0.912247117784   -0.00711441801332   -0.409578540882
-0.491821894497   0.851281998766   0.182839226295
0.734139607692   0.292536904342   0.612748884958
0.468134874275   0.435592835313   -0.768835887113
0.215148812999   0.418995626955   -0.882130179087
0.859086452017   0.348356143419   0.374991286968
0.464415176565   -0.838505016046   -0.285005055814
0.857984043916   -0.45613223739   -0.236234549547
-0.38749641335   -0.272822720884   -0.880576114037
0.337209000513   0.847060295956   -0.410827147337
-0.575670030531   -0.801809502275   -0.160329467065
-0.681071876826   0.361679669955   0.636654470603
-0.452487695463   0.475698789574   -0.754298049217
0.0204754135785   0.674669077349   0.737836291807
0.848627841771   -0.401907336344   0.343949529964
0.528593930734   0.619105911021   -0.580772181951
0.14619537629   0.752631753008   -0.642006508002
0.71369626738   -0.529641991798   -0.458385207499
-0.685028867917   -0.391183850498   -0.614581683124
-0.102150292958   0.579462313359   -0.808572040727
0.993121487679   0.0126441781077   -0.116403760546
-0.057227863474   -0.814900946224   -0.576768081195
-0.820732084077   0.18674436264   0.539930911495
0.356819577211   0.905629146611   0.229162907397
-0.446182289524   0.380739270144   -0.809912941423
0.80683673128   -0.200728431151   -0.555628100428
0.465377060583   0.795310968082   0.38846448426
0.363921255962   -0.572003986853   0.735100509103
-0.936638513787   0.0650360154786   0.34420722128
-0.299449982324   0.36120845581   -0.883095781633
-0.181763589801   -0.930214366768   -0.318846717531
0.690426565266   0.712892620231   0.122862809652
0.383729632188   -0.504892843247   0.773197766563
0.613239535057   -0.486690177482   -0.622149454541
0.709394711353   0.651282561317   0.269425627639
0.388892083041   -0.680502708888   0.621030603871
0.587811271797   -0.335778332418   -0.736023654665
0.736568045568   -0.671741861981   -0.0789327885633
-0.653254563209   -0.736785940984   0.174370160333
-0.175288305072   -0.0768722838863   -0.98151141719
0.965892903122   -0.207699097263   0.154635004754
-0.233232643578   -0.43840551231   0.867987984217
-0.112487482276   -0.874449364899   -0.471894982553
0.576202326325   0.0392724221072   -0.816363005041
-0.780068664778   0.324491292915   -0.534975026571
0.243892921934   0.945073054152   0.217607823726
0.96887151858   -0.233584209901   0.0820146168076
0.014170385313   -0.278417433089   -0.960355628469
0.247158209788   0.931623394853   -0.266440742938
0.465756119654   -0.851281096359   0.241643812223
-0.83836906458   -0.511882739178   -0.187385626148
0.283211137775   -0.115310694702   -0.952100254767
0.352635570207   -0.898086094329   -0.262848857324
0.241171921664   0.358628988787   -0.901787864524
0.90414836107   0.254610713784   0.343058487143
-0.0197627115162   -0.865198871569   -0.501039267792
-0.195251415761   0.494827905364   -0.84677165087
0.980554088195   0.0810941225323   -0.178710445733
0.836308924838   -0.510230950332   0.200628411645
-0.544552200805   -0.730562567325   0.411996645402
-0.0636418324271   -0.453809114659   -0.888823382129
-0.217111643391   0.222572680415   -0.95043355172
-0.843343216209   0.447541517124   0.297453878986
0.491563580808   0.866122388801   0.0905386858732
0.346622757285   -0.119383444138   -0.930376406299
-0.77895754654   0.515940152318   -0.356413944611
0.522568469026   0.848264907026   0.0858419634468
0.384914510751   -0.919096904477   -0.0842715823601
-0.786366182074   -0.278780751063   -0.551279893092
0.483186348218   0.278463952814   -0.830053480132
0.48014239088   -0.762592782403   0.433492252188
-0.874699424052   -0.45344767392   0.171131892352
0.066062107471   -0.461343099269   -0.884758917849
-0.0406059483799   0.774265583139   0.631556777911
0.664987468116   0.492702821062   -0.561280319774
-0.745749840232   0.397186023023   -0.5348835751
-0.432476320624   0.89719907035   0.0894318749874
0.592781819093   0.208189112191   0.777989079948
0.679392336616   0.389475444321   -0.621880158245
0.460149810469   0.887529902894   -0.0235121967346
0.593878764213   -0.327372886224   -0.734938777574
-0.6599773976   0.324218544866   -0.677725733481
-0.412256621758   0.884400581108   -0.218815195884
0.454678546778   -0.00840801823856   -0.890615924138
-0.78950104301   -0.466652887447   -0.398651709792
-0.00147416147671   0.305760646082   0.952107270299
0.212871215949   0.93038213729   -0.29845422435
-0.977079153533   0.202236262622   -0.0664591740261
0.346565093831   0.885461672739   -0.309596934493
0.677327535531   -0.00789013694474   0.735639283447
0.648937628243   -0.464645425941   -0.602482018654
-0.0902759479609   -0.0182038714302   -0.99575040662
0.456909488134   0.887642961761   -0.0576514708343
0.88492032007   -0.460172349779   -0.0718152882466
0.275670658957   0.78100040843   0.560396332806
0.845896906828   -0.474007581394   0.244489745796
0.456578701659   0.406638875186   -0.791315812036
0.739400525487   -0.644888461675   0.193405622743
-0.379097360355   -0.161390034673   0.911174213902
-0.55639199696   -0.747042253629   -0.36380738999
0.917113086607   0.305975571339   0.255504473773
0.321959510803   -0.190628984335   -0.927363285737
-0.235043952864   0.932759100772   -0.273340081486
0.375240633327   0.131673013806   0.917527484349
0.47859624743   0.820185497349   -0.313434812815
-0.793813642517   0.556738688591   0.244748715175
-0.43416428058   0.21801079885   0.874055300912
0.864286736609   0.374375587672   0.335933559319
-0.253987823309   0.901284755746   -0.350964349572
-0.768850043608   0.225155376681   0.598476955945
0.125530768327   0.97089017194   -0.203995833865
-0.626986153474   -0.0817149336568   -0.774732878462
-0.174842298545   0.83276556395   0.525292000829
0.645567655792   0.499787087916   -0.577455858527
-0.743419513082   0.238147815968   -0.624990436177
-0.313261547693   -0.447038357418   -0.837868670935
0.801751068403   0.348369143566   -0.485627598192
0.508981755128   -0.823890555115   0.249282823595
0.246421273216   -0.525683407685   -0.81420728994
0.314859579698   0.837966477981   -0.445730441917
0.916591512714   -0.146523502089   0.372009223214
-0.593132904257   0.647015092247   -0.479129239652
0.34177993524   0.741181018224   0.577786443325
0.728958046634   0.178947390671   -0.660755626247
-0.490933838788   0.869142667795   -0.0597912113088
0.60440908399   0.290363443932   -0.741875144225
-0.62743415999   -0.400349963714   -0.667866963872
-0.22932681069   -0.970518671524   0.074180335145
-0.509122179948   0.184557865874   0.840674134269
-0.829580508319   0.155022264103   -0.536436648495
0.597257933761   -0.667240173127   0.445054504443
-0.776104610231   -0.620791647937   0.110812290971
0.202347707022   -0.411592372643   -0.888620911438
-0.578015780201   0.760768646801   -0.29517592023
0.698478224679   0.274219712202   -0.661008108187
-0.421931188095   -0.588247070103   -0.689883654704
0.640615228554   -0.133101981931   -0.756238052038
0.559749301738   0.755130191321   0.341261063351
0.525635661032   -0.641920755672   0.558251641547
-0.648688186719   0.531991788003   -0.544231911875
-0.310346963702   0.468035650003   0.827422136787
0.694901718609   0.705639686966   -0.138507160998
-0.731954342617   -0.478600400477   -0.484958242519
-0.430240252439   -0.22725304742   0.87364144683
-0.52833338481   0.848114207581   -0.0395743021873
-0.467726121157   -0.881069793042   0.0703441211265
-0.765210068277   0.363816096048   -0.531122772685
0.442363907881   -0.302248024056   -0.844369767909
-0.710471249269   0.562874019173   -0.422378316802
0.235102658643   0.755566020521   0.611430068391
0.663292804019   0.335101219297   -0.669141112893
0.925668094535   0.252217971591   -0.282001194263
-0.196006018044   0.957244079841   0.212756697899
0.323605036503   -0.141668155972   0.935526543682
0.894046322517   0.29369055464   -0.338270648015
0.163555490437   0.488987343396   0.856820272605
0.41705008661   -0.821363035517   0.38914263342
0.733285744231   0.665684833265   -0.138404190938
0.637220783315   -0.743846241145   -0.201599709441
-0.237153306153   0.0596361660102   -0.969640055425
-0.912786966619   0.226101987561   0.340143858964
0.337873092046   0.885912871708   0.3178052193
-0.229481431148   0.405013919469   -0.88504350051
0.440655226182   0.231817233534   -0.867227618261
-0.761536702786   0.608027258419   -0.224420817503
0.475273418095   0.759317867072   0.444467720758
-0.44303047956   0.8687923666   0.221187291492
0.378449121865   0.404899106331   -0.832365890611
-0.812711668638   -0.285055323454   -0.508176353474
0.833812471769   0.3153874497   0.453086656717
0.475268167203   0.00743671795222   -0.879809561479
-0.28085037149   0.948933850064   -0.143692787
0.312052184779   -0.948360433011   0.0568851744692
-0.946824231815   -0.315371034968   -0.0637572298088
0.0784047704157   -0.0339646787611   -0.996342858946
0.274704608381   0.622672499838   0.732677511652
0.91805217443   0.0566894900136   -0.392385660731
-0.285862874748   0.780426331993   -0.556072978281
0.508164028371   0.798258814982   -0.323345302383
0.858857055429   -0.441650404016   0.259440704153
0.064295245621   -0.409545827637   -0.910021063743
0.461032362914   0.683707067964   0.565679949761
0.844145730933   -0.534465812116   -0.0420033406831
0.273618612843   0.49688121407   -0.823554438888
-0.258874452737   -0.923729660474   -0.282325223955
-0.964083309921   0.265073204202   0.0167202854366
0.0593918281516   0.276513491127   -0.959173029215
-0.275400896578   0.764993251482   0.582185255181
0.701616236278   0.573950037888   -0.422274805072
-0.65718262542   0.292175767638   -0.694798040909
0.602259258464   0.48116380411   0.636997000942
0.768548712498   -0.133662316541   -0.6256734465
-0.215908920873   0.866380850869   -0.450297189794
0.408633157119   0.562289095404   0.718922746957
-0.187859814072   0.822640002907   -0.53663033447
-0.893155995983   0.0842282542052   0.441789506478
0.999336516509   -0.00697625536976   -0.0357471485908
0.0102767327816   0.995613661382   0.0929936881302
0.0349416017763   -0.0932993522471   0.995024781267
0.812896299072   0.534179313929   0.232060482473
0.575896177026   -0.677824924129   -0.45705247567
-0.0868515989571   0.505179010649   -0.858633196981
0.993563717987   -0.0388005436689   0.106422065898
0.0894147480229   0.845431912611   -0.5265452345
-0.0695423693512   0.532671943085   0.843459815234
