-0.508486536624   -0.793723438362   -0.333833110201
-0.0802517430225   0.429692604516   -0.899401980966
0.857322051398   -0.430543109362   -0.28219059369
-0.167995419657   -0.855409542267   0.48995107304
0.700590112413   0.246050089317   0.669800603117
-0.693506332605   0.455778310745   0.557956179365
0.79041580146   0.206353255455   -0.576767886386
0.26658464444   0.731841733533   0.627168481676
0.551521067732   -0.649481340011   0.523448661118
0.952169401803   -0.160651688587   0.259931654909
0.0515816271028   0.922939108061   0.381474427133
-0.30118560061   -0.34982057939   0.887081053918
-0.607042732833   0.748300396129   -0.26748016313
0.309725474343   -0.0871830745834   -0.946820596549
-0.731825970473   -0.657605982834   -0.17884384329
0.564718169952   -0.716952095461   0.408745741678
0.546148622895   0.695971776728   0.46620271096
-0.618720510598   -0.0400372178286   0.784590307711
0.233379081146   -0.950590980183   -0.204721745006
-0.796575522527   -0.0661535915192   -0.600908594747
0.557675211386   0.303315826695   -0.772656371152
0.946467902195   -0.196924009464   0.255772251448
-0.108811505355   -0.940619334897   -0.321551431531
0.303905522188   0.276507145141   -0.911693606575
-0.995849285219   0.0732733074623   0.0539928100919
-0.085399406544   -0.547029186344   -0.832746066127
-0.0314824155684   -0.833900528661   0.551016121188
-0.986708665939   0.0424585372276   -0.156854331076
0.0351925604772   0.998187666246   0.0488146150352
0.158642655827   0.0426456981472   -0.986414645158
-0.879118172231   -0.245647643992   -0.408421931652
-0.474154577556   0.364014283246   0.801667660677
-0.0482563553972   0.898415737058   -0.436486526218
0.88867913598   0.0184537074158   -0.458158110217
-0.451921790088   0.204269704753   -0.868355102112
0.0775634509166   0.978740695181   0.189869857216
0.216966663152   0.658079725166   0.721010778287
-0.352157994317   0.741634394829   -0.570931844834
-0.910445063757   -0.130036532302   0.39265797604
-0.46877479683   0.782291741352   0.41020704683
0.846652258256   0.265518844338   0.461172090321
0.251853416587   0.563488575495   -0.78679761174
-0.829169647052   0.549808408822   0.100937654002
-0.52747667963   -0.82933157559   0.18432984071
0.185056880049   0.0995984503803   0.977667683739
-0.00446465164652   0.560206576715   -0.828340907049
0.495794760611   0.720609052556   0.484675302368
0.86842824818   -0.408523175328   -0.280964753988
0.713771687139   -0.695772054927   0.080194926409
0.692557404519   0.684095069655   -0.228862791033
0.104375380646   0.218895370569   0.970149780528
-0.1736070874   -0.930241961891   0.323280793648
-0.965931197972   0.22481808753   0.12819418202
-0.191930977149   -0.290011585727   -0.937579746024
0.0738969474775   0.928955518455   0.362740797107
0.865393137258   -0.240499615011   0.43960738525
0.495614728535   0.281427752561   -0.821683917907
0.937599471974   0.0284173949281   -0.34655400996
-0.0190222843257   -0.990970461485   -0.132724139337
-0.347196461464   0.131034331872   -0.928592817664
0.821773170687   0.147169533155   0.550481593198
-0.556046094326   -0.00397222101434   0.831141962871
0.124505409213   -0.989103306016   0.0785687794568
0.180653115631   -0.683428250993   -0.707312008633
0.982248679322   0.0884262465039   0.165433765899
-0.0505171632532   -0.724642411589   0.687270973884
-0.477104491511   0.383481015616   -0.790767737608
-0.843305804931   0.0535287311351   0.534761623823
0.247399724233   0.92199619609   0.2978529685
-0.260141583112   0.882677608391   0.391416142209
-0.174777047019   -0.441722307981   0.879962718794
0.949620629815   0.160504337256   0.269182126359
0.147707107024   0.764281962444   -0.627738554191
0.632117326924   -0.561099735842   -0.534410676765
-0.760664377723   -0.317868161855   -0.565994289849
-0.162022786913   0.447851557806   -0.879305179498
-0.921560234262   -0.38726486479   -0.0274346337074
-0.352810644891   0.805887651395   0.475467919193
0.937437846882   0.159747111709   0.309339851189
0.0368251774838   0.838036687116   -0.544369743236
-0.346199638267   0.52170429493   0.779724591837
-0.0647286037634   -0.861390777137   -0.503801684116
-0.021794222336   0.505960289149   -0.862281391239
0.997664883479   -0.0448343045892   -0.0515234451914
0.922666724403   -0.127410461104   0.36394050349
-0.085277582234   0.853038194728   0.514833538441
-0.37605032861   -0.506055740741   0.776204700846
-0.961261127858   -0.243874093277   -0.128461942602
0.228007234167   -0.965396424396   0.126579796691
-0.154886233204   0.0923859859032   0.983603113238
0.192300835657   -0.128929189835   0.972829714089
0.25776042269   -0.949887865369   -0.176840628023
0.946879059384   0.284763598856   -0.149431387821
-0.338697112662   -0.242708185127   0.909052805258
0.853221145314   -0.486483657941   0.188008850178
0.396608047149   0.839301130363   0.371854365993
0.624897261317   0.510585985215   -0.590597464015
0.187683512023   -0.832554121186   -0.52117994456
-0.757811528095   0.21483851377   -0.616089361122
-0.345290203844   0.094366613525   0.933739587562
0.802079258397   0.546256779359   0.241396756923
-0.487281785395   0.832285091333   -0.26430661809
0.749082227875   -0.292723107951   -0.594297062043
0.489486835259   -0.359933906653   0.794260801594
-0.44640615362   -0.885867238876   -0.126335984965
-0.993355092654   -0.0268647153778   0.111910441721
-0.100336939582   -0.274154481916   -0.956437043721
0.0563751581273   -0.961310359412   0.269637227461
0.729029911468   0.615402104255   0.299659203536
0.26607845196   -0.658153050227   0.704298814339
0.630648591204   -0.433722045272   -0.643558499173
-0.505518949175   0.393822571252   0.767694193281
-0.851495910985   -0.0840590655273   -0.517579739827
-0.139302927469   -0.915334832657   0.377831759549
0.376088017504   0.873613078686   -0.308800893519
-0.436553563944   -0.126899830932   -0.890683680504
-0.81729969344   0.469783590239   0.333653397172
0.727452948605   0.664107285116   0.17255063437
0.568171356306   -0.723998958643   0.391160859183
0.384699255833   -0.18651279243   -0.904001914169
0.607693757603   -0.791484394583   0.0652744215023
-0.742227789006   -0.536788239447   0.401193588206
-0.282499922473   -0.292251328693   -0.913664574491
0.481162777871   -0.843994253411   0.236972744004
-0.800650065156   -0.313014317643   0.510863494601
-0.356989991956   -0.435540741103   -0.826354892575
0.639145293114   -0.694791140344   -0.329785635814
0.0375581658892   -0.400093045375   0.915704613518
-0.768168391998   -0.597654437231   -0.229622505852
-0.179725675094   -0.579161760647   -0.79515428485
0.339225278258   0.722246571794   -0.602732196023
0.923376896128   -0.378062884368   0.0666600567121
0.890129756502   0.445637176558   0.095270790163
0.328155114272   -0.481757743833   -0.81254150493
-0.316201261171   0.754530968964   -0.575065021808
-0.238285714944   0.794371182691   0.558743538811
0.631039968368   0.563960246096   -0.532670065937
-0.738246893915   0.225661837566   -0.635663636439
0.114306554689   -0.0349556638492   0.992830354653
0.877537656702   -0.464913512389   -0.117401392957
0.465684091016   0.884665771669   -0.0224677504871
0.0277842853059   -0.709524497515   -0.704132814827
0.968761372322   0.192768482072   -0.156018318851
0.246433433178   -0.677801814504   0.692715860412
0.122549916001   -0.517782199264   -0.846689501655
0.990375732581   0.00850980502064   0.138143011163
-0.0643228295609   -0.855470149885   0.513841800804
-0.38655100502   0.320403541046   0.864823618666
0.539004481012   0.839384215774   -0.0700593160026
-0.748366547867   0.439062306734   -0.497163756561
-0.0943533901326   -0.995395955066   -0.0168620997546
-0.954308062446   0.0856087407542   0.286299258569
-0.283537580791   0.043104943384   -0.957991860161
0.478215227684   0.121253991219   -0.869831975513
-0.232862507273   0.97248043557   0.00754023471786
0.846808861974   0.198945399662   0.493290461326
0.549382509706   -0.784093075743   -0.288750595845
0.457439485855   0.571420962922   -0.681342204706
0.699233848444   0.242231566287   0.672603816139
-0.701946165151   -0.131657253706   -0.699955676294
-0.331930282775   -0.809041953122   0.485049899974
-0.630153845189   0.572815402756   0.524202866989
0.0774985765205   -0.289279416994   -0.954102399924
0.665841313   -0.697259265175   0.265489854852
-0.742057488702   -0.655855880534   0.138577586318
-0.895847529463   0.425969652188   0.126519007937
-0.444337679803   -0.855770352943   -0.264992696752
-0.00460763079181   -0.293610215148   0.955914123391
0.483128247721   -0.871130552449   0.0878558867875
-0.548940890677   -0.22320443347   0.805508336035
-0.682093098335   -0.437391519657   -0.586035548184
-0.59643063058   -0.160088011193   -0.786538194609
-0.453832748786   -0.740981825746   0.494956331451
-0.662047082189   0.652163907761   0.369291075411
-0.343204968968   -0.898505957208   -0.273673882819
0.938758838117   -0.337659983858   -0.0686846355366
-0.0306951646569   -0.280486684466   0.959366992711
0.641684826494   0.370331873976   -0.671635977718
-0.538420150261   -0.406135617299   -0.738347886944
-0.546209049029   0.835408979769   -0.0612169198872
0.754269558031   -0.568379147987   0.328667883983
-0.495895272033   -0.821254659028   -0.282185513803
0.430308392904   0.0498590930428   -0.901303920904
-0.685653525095   -0.383974776656   -0.618419448608
-0.631811811589   -0.108002881064   0.767560559447
-0.361514976539   0.917005315456   -0.168547243122
-0.895909866747   0.203475850825   0.394896301321
0.0836790191398   -0.795723225348   0.599851957068
0.436283545899   0.570457822081   0.695869629173
0.576061660957   0.155131021743   0.802550514839
-0.371567979817   -0.824826281733   0.426144155581
0.728072935323   -0.543687383571   -0.4175090775
-0.445569642697   -0.471892680562   0.760779200254
0.419232777988   -0.860844897272   -0.288426664338
0.791019324269   0.190429411784   0.581399232679
0.784036223236   0.125824912816   0.607828340873
0.189482310623   0.883981247109   -0.427403332603
-0.591086841855   0.450272413183   0.669231723181
-0.643052231848   0.515966626749   -0.565917191113
-0.0388754696702   -0.760007118215   -0.648751013965
-0.764834965841   -0.395180490845   0.508782718537
-0.585787202393   -0.374678462805   0.718658057092
-0.535506169759   0.844522760105   0.00380129114943
-0.608347347871   -0.382619075812   -0.695353253507
0.583998641217   0.517413979851   -0.625482502162
0.0593989538252   -0.795704112312   -0.602765899778
-0.809578502272   0.314861460178   -0.495423969499
0.919127645855   0.380996582398   0.100229610525
0.36357180018   -0.918301195911   0.156647565261
0.151723158216   -0.107538447957   -0.982555629709
0.682552523874   0.729991935329   -0.0351258666575
0.304609146861   -0.240466952688   0.921622977314
0.664330730738   -0.639755749501   -0.386493546101
0.228356383461   -0.182490661464   -0.956321347985
0.791382325233   0.606928795837   0.0731536198152
0.567069111697   -0.773520908096   0.283015948838
-0.287077169134   0.244963302764   -0.92605598063
-0.310711163305   0.890666144445   0.331922268214
0.906115484891   0.383023236159   -0.179577082622
-0.165859610736   0.110749168913   -0.979910817938
0.0143439126159   -0.99329776734   -0.114690006398
-0.986045050542   -0.0330781949604   0.163159404635
0.565200736826   -0.819926090929   -0.0909358702908
0.342601156148   0.133020030961   0.930016192961
-0.750448249313   -0.556800571819   0.35609064622
0.19891065114   0.888976607884   -0.412498658784
0.338880544143   0.332552537866   0.880095896116
0.919562140187   -0.314848217709   -0.235108634765
-0.472133290854   -0.609890639714   0.636493176128
0.155087079041   -0.768240158863   -0.62109182592
0.867777709775   -0.194526260179   0.457297912218
0.175116415824   0.47761813631   -0.860938532519
0.795001846827   0.447238470745   0.409816805204
0.58078077142   -0.756213373429   -0.301388502429
0.236654024876   0.536947427068   -0.809742139866
0.353147560156   0.728877606835   0.586535791755
0.905141797326   -0.424764516902   -0.0171298545019
0.270517833332   0.25426276394   -0.928531393505
0.776926694081   -0.627219421456   0.0545958732242
-0.568511225812   -0.736169983239   -0.367217567531
0.949149173497   0.305727257687   -0.0751444632488
0.255314118378   -0.887134064211   -0.38445786905
-0.184202463086   0.345722426268   -0.920079049087
0.741625219695   0.583946704867   0.33014887458
-0.014403291319   -0.478186139561   0.878140399441
0.67065980848   -0.656006297078   -0.346224146302
0.607669160502   0.0145966493715   0.794056124718
0.352155885209   -0.901117315889   -0.252930455891
0.711845786591   0.433329575303   -0.552721498841
-0.749202663737   0.52780362288   -0.400148352896
-0.197660788245   0.398445485388   0.895640222391
0.632159458871   0.750109679213   -0.19419033887
-0.773991916108   -0.418344130175   -0.475315371672
0.381763620249   -0.907192200874   0.176801722073
-0.50516636077   -0.0446150134114   0.861867999478
0.0335072218414   -0.975230971905   -0.218636267625
0.912776861527   -0.0592423133749   0.404139517205
-0.407081892431   -0.213107718636   0.888183220463
-0.629431762751   0.561780281311   0.536859918014
-0.641707840721   0.0138240627808   -0.766824583882
-0.43820851566   -0.827170968312   0.351797507075
0.993295158108   -0.115311993838   0.00823850444691
-0.0073252252639   -0.133899374987   -0.990967859445
0.115373610298   0.984263227727   -0.133846287179
-0.464156757875   -0.885102288774   0.0339476438884
-0.861373218334   0.442119248366   -0.250133462299
0.20638479318   -0.145342728168   -0.967616043952
0.105821776984   -0.985651374403   -0.131503306624
-0.0342683757764   0.128552513243   -0.991110452856
0.993794460609   0.109387474036   -0.0201730162954
0.363771972718   -0.332565174189   0.870097900688
-0.84643346739   0.271941826004   0.457818772607
-0.388870591774   -0.903021621107   -0.182569479012
0.419689578827   0.228509952381   -0.878432614995
0.446440761438   0.790664668924   0.418974972811
0.790285583793   -0.568007555388   0.229817564757
-0.450355998848   0.205901261861   0.868783140183
-0.881359875184   -0.258118323782   -0.395701530631
0.142773403397   -0.943917158066   0.297718245982
-0.778228500331   0.619835942365   0.100815702279
-0.612322517578   -0.784607817641   0.0972198897554
0.139361170133   0.0139275643755   0.990143669984
-0.603236465131   -0.743553472375   -0.288503034394
0.754287517172   -0.649406389222   0.0965488636744
-0.259144956684   -0.159372442274   0.95259871723
0.0293577902286   -0.727675871734   0.685292598711
0.844214141285   -0.349035517475   -0.406788263345
0.535201460954   0.590476107253   0.604067349686
0.9918972531   0.114666382506   0.054694241155
-0.0799259271508   0.228593749285   0.970235406464
0.0987506225887   -0.966745322466   0.235906328926
-0.754504478743   0.116727085277   -0.645831076304
-0.00329436728076   0.983370215542   0.181582395427
0.656286628464   0.139132335377   -0.741572689998
0.725743713339   -0.571907205508   -0.382384898809
-0.38187048479   -0.797214517712   0.467572396101
-0.572250815111   -0.193316220316   -0.796967906234
0.0638410603678   0.915325769601   -0.39762174804
0.871187558043   0.14323064241   0.469592612576
0.486781837913   -0.376382410028   -0.788276425944
-0.386406897911   0.847096298572   -0.3648528062
0.913936116745   0.404901503736   -0.027848640567
0.124138969528   -0.344213063694   -0.930648635644
-0.969396813308   0.23871052889   -0.0573332516459
0.154518569191   0.411795570928   -0.89808040817
-0.190771670126   -0.879455337787   -0.436078523567
0.58532808247   0.74076491465   -0.329633701396
-0.805871477348   0.486779726599   -0.337070704407
-0.0892311485373   0.462939346995   0.881887160092
-0.653628090064   0.189703652231   -0.732654655488
-0.373636616445   0.760985483476   0.530374181866
0.658153476577   0.620414070012   -0.426521257384
-0.799802648328   0.475380016921   -0.366509977
0.420579971296   0.00815394663628   -0.907218827461
-0.428285198755   -0.879742776422   -0.206456861985
-0.973509103608   -0.143150880006   0.178291476931
0.190706982221   -0.0781807091972   0.978528805729
-0.126138305541   0.986608130041   0.103409504458
-0.591828061367   0.501421325299   0.631122967665
0.668732185759   0.742575868751   0.0371260404516
-0.450040897596   0.444024474196   -0.774793815674
0.933823915457   0.357260098484   -0.0183879566998
-0.352290831012   0.909470291055   -0.220805253727
-0.0621616063606   0.212671135135   0.975144565167
0.997576218727   -0.0547358344451   -0.042961334447
-0.018375105036   0.388271511285   -0.921361812232
0.067112169871   0.919918051759   0.38632464936
-0.848612785419   -0.403745729852   0.341827041133
-0.519953186142   0.517488157572   -0.679598919212
0.0974937159198   -0.754450390946   -0.649075945446
-0.340782359831   -0.781868717362   0.522061961876
-0.416691026356   -0.372164679487   -0.829374487127
0.842754989177   -0.500174729622   -0.198970520592
0.426424714544   0.270505115916   -0.86312742112
0.370725392561   0.818137578821   0.439560673208
0.825060389387   -0.507422786623   0.248590968219
0.182485369935   -0.391258974586   0.902006377231
-0.95146616111   -0.301502907827   0.0617101355877
0.247812901242   -0.869489741962   -0.427289544221
0.0486478018796   -0.58165259675   -0.81198131017
0.997777183422   0.0653672625826   0.0129542744195
0.045542108159   -0.810806621628   0.583539663355
-0.995197356028   -0.0117468268707   -0.0971814520024
0.097680976982   -0.0545106279644   -0.993723813831
0.00637567962321   -0.998444091323   0.0553962743508
-0.605602297561   -0.126682109782   0.785619182716
0.325951818296   0.861138521926   0.390122875777
-0.725948530778   0.492333310996   -0.480215203367
-0.823876294944   0.561069396682   0.0801809374847
-0.0171452443969   -0.166077581615   0.985963628883
0.566510274596   0.810937339745   0.146447054544
-0.941620520616   -0.0278279044447   0.335524071997
0.237554277377   0.65128309366   0.720692928516
-0.238576529557   0.758324429019   -0.606650887989
-0.588874929063   0.180341355016   -0.787847265396
0.525602328551   -0.65505995696   -0.542806268396
-0.613977613715   -0.733739360031   0.290960549556
0.289700063625   -0.112318450169   0.950504307664
0.745175115326   -0.596763383192   -0.29763654342
0.600656241651   0.794517482648   -0.0891854760216
-0.229047439092   -0.824466176104   -0.517486999938
-0.225615067002   0.562107964567   -0.795696222004
0.946908185722   -0.0654993177816   -0.31476138134
0.954003571569   -0.140096706368   0.265047351049
-0.194894608423   0.381963884067   0.903393426407
-0.227800959262   -0.913496855021   0.337090816882
0.998148131801   -0.026601378977   0.0547053344646
0.0308651780268   0.996425592259   -0.0786344700241
-0.0524180099559   0.080177339237   0.99540139969
0.893031946627   -0.389422505634   -0.225486262131
-0.215232647436   -0.809697694665   0.545952883253
-0.39518204638   -0.439021360939   -0.806902345304
0.84133904704   -0.540208588022   0.0179802490029
0.539862138123   0.841494442575   0.0208800128648
-0.0264098418796   -0.00786031445511   0.999620295767
