-0.508295844553   -0.794154744781   -0.333096946478
-0.0805092996808   0.428916740519   -0.899749233046
0.857410979097   -0.43052139441   -0.281953439205
-0.168435130598   -0.855450846279   0.489727941188
0.700409614521   0.245716964516   0.670111591629
-0.693581991308   0.455880491959   0.557778628475
0.790458433959   0.206100653856   -0.576799778661
0.266874079161   0.731720832097   0.627186455329
0.551319952528   -0.649697733069   0.523391980822
0.952215212051   -0.160455061167   0.259885288703
0.0513092645453   0.922833073779   0.381767569747
-0.30108727856   -0.350190364352   0.886968522218
-0.607095509544   0.748561707366   -0.266627854053
0.308455033937   -0.0872292811266   -0.947230987961
-0.732318601655   -0.657302383063   -0.177941121977
0.564147690809   -0.717737037174   0.408155519899
0.54654009094   0.695142877928   0.466979987003
-0.618895235036   -0.0403723263583   0.784435314933
0.233563742571   -0.950654236768   -0.204216797233
-0.796078627771   -0.0663646351778   -0.601543476071
0.558307080881   0.303071373299   -0.772295892857
0.94646084724   -0.196658406212   0.256002609181
-0.108398527944   -0.940585442902   -0.321789968366
0.304075029854   0.276811300108   -0.911544776932
-0.995837396874   0.0734756208784   0.0539371126733
-0.0854714428577   -0.547208761556   -0.832620684184
-0.0316624610988   -0.833764897565   0.551211015986
-0.986711222342   0.0415455038475   -0.157082573233
0.0343542096202   0.998245644456   0.0482226254616
0.158810427822   0.0421853580653   -0.986407442987
-0.878835011627   -0.246254098384   -0.408666051156
-0.474629900552   0.3637174256   0.801521111273
-0.0487388945355   0.898369942365   -0.436527166182
0.888691694821   0.0180489786522   -0.458149872778
-0.45183172364   0.204336691947   -0.868386210068
0.077943345252   0.978734259487   0.189747422215
0.217422582315   0.657533906547   0.721371320778
-0.351824482677   0.742165369286   -0.570447278915
-0.910465240461   -0.129767971295   0.392700037608
-0.469355886901   0.781913487113   0.410263756749
0.846269949878   0.26570046245   0.461768812488
0.252055992518   0.56392779939   -0.786417963752
-0.828836741684   0.550454047226   0.100149875325
-0.528274567193   -0.82890815151   0.183949063648
0.184270554598   0.0995571105084   0.977820405011
-0.00450351585402   0.55942169543   -0.828870970071
0.495496810247   0.721218700032   0.484072822785
0.868598082763   -0.408522892145   -0.280439685519
0.713114722021   -0.696330500378   0.0811863749654
0.693277592626   0.683272450856   -0.229139558927
0.104084450325   0.219687487458   0.97000197683
-0.172651847489   -0.930450408383   0.323192476859
-0.96600449763   0.224051173366   0.128982100587
-0.192423101829   -0.289936388287   -0.937502128334
0.0730252374446   0.929115341047   0.362507927814
0.865265352798   -0.239777874775   0.440252700179
0.495966918194   0.281515992086   -0.821441149601
0.937833555228   0.0292687745786   -0.345849044415
-0.0181959702641   -0.990921831558   -0.133202216228
-0.346608034174   0.131214566938   -0.928787170491
0.821962344032   0.147384281629   0.55014159861
-0.555755777828   -0.00368416111725   0.831337441938
0.124552881958   -0.989072444508   0.0788814243687
0.179879436475   -0.683768563153   -0.707180274312
0.982381717084   0.0878230996212   0.164964435901
-0.0506907316264   -0.724394681935   0.687519304828
-0.476439544482   0.383911117735   -0.790959932066
-0.843456786508   0.0543485860704   0.534440717465
0.248165287152   0.921769214539   0.297918622079
-0.25947200212   0.882997855938   0.391138168074
-0.174907931794   -0.441278186748   0.880159518097
0.949779708938   0.159963584322   0.268942663368
0.147230717559   0.764591708109   -0.627473215125
0.632165077234   -0.560646338039   -0.534829878344
-0.760717050508   -0.317923266741   -0.565892538855
-0.160871126009   0.448103274267   -0.879388387692
-0.92169878132   -0.386856777702   -0.0285164875037
-0.352975689432   0.805943725788   0.475250327231
0.937335157788   0.158947420938   0.310062121762
0.0378320714709   0.838196826587   -0.544054054546
-0.346369075327   0.521691285414   0.779658044517
-0.0644938015279   -0.861758779016   -0.50320210289
-0.0217851241374   0.505347563094   -0.862640857391
0.997680288435   -0.0446726679688   -0.0513653074142
0.922662716165   -0.128084829481   0.363713882959
-0.0846089809513   0.852990859453   0.515022246152
-0.376211154197   -0.505965285515   0.776185736349
-0.961331381032   -0.243298938223   -0.129025588556
0.22731088801   -0.965506170295   0.126994469622
-0.155472621496   0.0927548477547   0.983475877784
0.191877896664   -0.128359631691   0.972988529081
0.258156547023   -0.949895118697   -0.176222758758
0.946856942733   0.284996611255   -0.149126998132
-0.338968619206   -0.242609986585   0.908977815792
0.853351272906   -0.486068640804   0.188491064659
0.396095796775   0.83956993207   0.371793556885
0.624683341285   0.511096769272   -0.59038192347
0.187832135188   -0.832198784857   -0.521693656731
-0.757951061818   0.215000639352   -0.615861114998
-0.345792549575   0.0943831723859   0.933551996104
0.801810087597   0.546498766477   0.241743007483
-0.487368542364   0.832124338672   -0.264652581518
0.748688192932   -0.293199129163   -0.594558878852
0.48940181635   -0.36051003761   0.794051871691
-0.447159761067   -0.885475456148   -0.126417422228
-0.993347108103   -0.0255161499679   0.112296255125
-0.101079074793   -0.274042684258   -0.956390938813
0.0551773818093   -0.961378974856   0.269640359073
0.728566464322   0.615728785416   0.300114927779
0.266510343118   -0.658430054364   0.703876481012
0.631001698949   -0.432837066713   -0.64380814658
-0.505524822568   0.393889925741   0.767655769318
-0.851446683332   -0.0838073382471   -0.517701531289
-0.139582230999   -0.915328933474   0.377742960667
0.376013458931   0.873631857599   -0.308838559915
-0.436258957513   -0.127138552297   -0.890793977589
-0.817491284781   0.469684112896   0.333323916634
0.727399517007   0.664166148024   0.172549327664
0.567994783278   -0.72383856789   0.391713739616
0.385060863796   -0.18692526703   -0.903762731981
0.60764730128   -0.791595674285   0.0643509572659
-0.742092367366   -0.537040359307   0.401106682532
-0.282955253607   -0.291485747386   -0.913768232938
0.481466086006   -0.844003635434   0.2363223887
-0.800343726082   -0.31345950136   0.511070505046
-0.3572678661   -0.435202256867   -0.826413133651
0.639010433759   -0.694663931494   -0.330314528635
0.0378733080109   -0.400491822454   0.915517292402
-0.768265109248   -0.597535206015   -0.229609232142
-0.180060362266   -0.579556594146   -0.794790802742
0.338928704804   0.721964578428   -0.603236670433
0.92342059702   -0.377996430773   0.0664311622796
0.890013359168   0.445785342958   0.0956642488427
0.328519812036   -0.481524901168   -0.812532154843
-0.316150207342   0.754592073612   -0.575012911889
-0.238398683683   0.794198437609   0.558940881774
0.631060410625   0.564151533227   -0.532443241764
-0.73819294616   0.225791694395   -0.635680175074
0.113978199114   -0.0343420164686   0.992889518542
0.877499360384   -0.465132191179   -0.116820020782
0.465836712436   0.884574853042   -0.0228798320151
0.0269809712701   -0.710061456133   -0.703622594651
0.968711866456   0.192294464119   -0.156908122338
0.246717139607   -0.677374023404   0.693033249881
0.121983826034   -0.518119369709   -0.846564979738
0.990490323309   0.00886555077801   0.13729647279
-0.0636306971306   -0.855262369535   0.514273675819
-0.386855229102   0.319976073008   0.86484585009
0.539192421036   0.83932272474   -0.0693462099314
-0.74807390331   0.439491383803   -0.497225058449
-0.0937439899681   -0.995447971239   -0.0171872307339
-0.954197197469   0.0849061190377   0.286877429041
-0.284112253674   0.0432930422286   -0.957813102754
0.478326231384   0.12000932631   -0.869943548725
-0.232717780943   0.972524522446   0.00620384349322
0.846785953357   0.199483871126   0.493112293862
0.545332503949   -0.786080520909   -0.291015248371
0.45750275712   0.570038800538   -0.682456586978
0.702355812509   0.239025480919   0.670494692079
-0.701777512881   -0.131352190763   -0.700182065177
-0.332268095337   -0.809052374866   0.484801162895
-0.630163657501   0.572870715524   0.524130621181
0.0776663402094   -0.288513879456   -0.954320533657
0.665790818521   -0.697475491891   0.265048154462
-0.742085254921   -0.655963169372   0.137919523117
-0.895664488522   0.426343953221   0.126554168451
-0.444705723623   -0.855590164382   -0.264957147458
-0.00468437589357   -0.293592071016   0.955919323196
0.483263085199   -0.871074827997   0.0876666100265
-0.549071056312   -0.22357006533   0.805318198608
-0.681892781604   -0.437315755397   -0.586325135465
-0.596341032734   -0.159515084684   -0.786722511713
-0.454282516238   -0.740954524507   0.49458445998
-0.661819286602   0.65233528984   0.369396672305
-0.343376359089   -0.898559210574   -0.273283773962
0.938711891875   -0.337708152295   -0.0690882618487
-0.0302102643302   -0.280258004284   0.95944921229
0.641653457198   0.370676595494   -0.671475764581
-0.538257546304   -0.406057947134   -0.738509145114
-0.546406126167   0.83529384358   -0.0610290108381
0.754120274113   -0.568046412073   0.329584413925
-0.495434117443   -0.821501527395   -0.282276948689
0.431100507358   0.049583406685   -0.900940529856
-0.68539134611   -0.384668737161   -0.618278792559
-0.632009618693   -0.107465117669   0.767473185436
-0.361666344241   0.916777623601   -0.169458680237
-0.895999758196   0.203703205087   0.394575008776
0.0832651636754   -0.795740246413   0.59988696665
0.436178112508   0.570352929751   0.69602168766
0.576147922399   0.155488809078   0.802419342842
-0.371247526929   -0.824841273926   0.426394355706
0.728168143539   -0.543562418752   -0.417505750446
-0.445758635366   -0.471979638247   0.760614527916
0.419411904613   -0.860786050127   -0.288341863376
0.790817863522   0.190479912292   0.581656694062
0.78348214366   0.125550728576   0.608599001905
0.189994840156   0.8840799068   -0.426971520252
-0.591656734332   0.450155232055   0.66880682994
-0.643393668708   0.51585982406   -0.565626404076
-0.0391329535609   -0.760060321529   -0.648673199371
-0.764534629047   -0.395217597732   0.509205117247
-0.585570783322   -0.374743396013   0.718800559866
-0.536012150957   0.844203179106   0.00345925044575
-0.608110049042   -0.38326019821   -0.695207730626
0.584211611365   0.517978664224   -0.624815890127
0.0597344532768   -0.795209976957   -0.60338452718
-0.809400140992   0.315181211301   -0.495512074328
0.918882579353   0.381652144034   0.0999822299989
0.364252398547   -0.918029880271   0.156656723707
0.151575049115   -0.107530367263   -0.982579373182
0.682242961951   0.73025288283   -0.0357108945152
0.304879048412   -0.239761085672   0.921717629015
0.664524872904   -0.639722868839   -0.386214117267
0.228411286156   -0.182955495862   -0.956219415663
0.791422854925   0.606903293785   0.0729263786003
0.566990431188   -0.773431107809   0.283418722765
-0.286549504251   0.244185426832   -0.926424772411
-0.311768453734   0.89057712028   0.331168875486
0.905919319183   0.383726295889   -0.179065119366
-0.165975202197   0.111335754718   -0.979824771057
0.0153381569109   -0.993194503219   -0.11545310614
-0.986010635439   -0.0341910587196   0.163137973217
0.565134285072   -0.819851232318   -0.0920173717447
0.343529468203   0.13244673527   0.929755541415
-0.750073825908   -0.557047411971   0.356493248891
0.199134060351   0.889013010739   -0.412312372777
0.338275977661   0.332518566818   0.880341277948
0.919736369263   -0.314781304175   -0.234515973009
-0.472300594566   -0.609475166076   0.636766967036
0.154572262964   -0.76849332656   -0.620906935503
0.867778522375   -0.194828203733   0.457167810695
0.174798294174   0.477929387408   -0.860830446143
0.794667656053   0.447722127654   0.409936840052
0.581333701738   -0.755730373255   -0.301533961873
0.236107307191   0.536965841909   -0.809889513523
0.353043708565   0.729098663048   0.586323527913
0.905325068323   -0.4243616667   -0.0174268901916
0.27007962574   0.254565306923   -0.928576060574
0.777123960951   -0.627014892888   0.0541356944334
-0.56844994949   -0.73623965433   -0.367172747241
0.949055247807   0.30616186391   -0.0745590349823
0.25596166733   -0.887025000734   -0.384278899929
-0.183787272323   0.34561765169   -0.920201433042
0.741386587703   0.584455218056   0.329784817208
-0.0138198388021   -0.478024143411   0.878237969102
0.670935868492   -0.655671424117   -0.346323611622
0.607581330548   0.0144835745833   0.794125401203
0.352693425282   -0.900770787975   -0.253415341473
0.711654603394   0.434053238207   -0.552399775407
-0.749325652137   0.527728151399   -0.400017581202
-0.197638096171   0.398314604151   0.895703443703
0.632020767057   0.750232280258   -0.194168163373
-0.774320092958   -0.417550706734   -0.475478496831
0.381177288741   -0.907549468012   0.176232339993
-0.505106194963   -0.0447813623911   0.861894634739
0.0333666261184   -0.97504872118   -0.219469040154
0.912543756435   -0.0598368680783   0.404578103474
-0.407615702413   -0.213774508637   0.887778068327
-0.629224661932   0.561913249241   0.536963523104
-0.642018072629   0.0136068194669   -0.766568750264
-0.438051502946   -0.827084248908   0.352196714883
0.993324280015   -0.11505430503   0.00832956338332
-0.00719595223472   -0.13386969703   -0.990972816221
0.115130764801   0.984297420047   -0.133803945702
-0.463720859701   -0.885328632019   0.0340026117427
-0.861623994275   0.441702854727   -0.250005361172
0.206317853729   -0.145230167158   -0.967647219693
0.105948512291   -0.985705926961   -0.130991367262
-0.0337661343049   0.128090469966   -0.991187509848
0.993798148981   0.109437914169   -0.0197124839833
0.364225802176   -0.333357091106   0.869604861324
-0.846262929824   0.271365675149   0.45847543441
-0.388816947464   -0.902902940609   -0.183269367882
0.420266624365   0.227947706717   -0.878302799408
0.446613421414   0.790610754427   0.418892691267
0.78988126719   -0.568308435611   0.23046280775
-0.45039614399   0.205888145818   0.86876543721
-0.881273674626   -0.258560711604   -0.395604687568
0.143178294062   -0.943798935063   0.29789855032
-0.778249099298   0.619850012153   0.100569885526
-0.612291996756   -0.784589091746   0.0975626353772
0.139380235866   0.0143498970851   0.990134955601
-0.603626205482   -0.743286823374   -0.288374933471
0.753862584788   -0.649836811052   0.0969707288769
-0.259473712181   -0.15886099962   0.952594654345
0.0290898393355   -0.72749506217   0.685495963347
0.843997778975   -0.349556826419   -0.406789594495
0.535557214808   0.590390514509   0.603835664768
0.991923392136   0.11434632655   0.0548899056108
-0.0800468910238   0.228652378139   0.970211618776
0.0983894271294   -0.966769366279   0.235958710484
-0.754378368039   0.116481363839   -0.646022731577
-0.00415093589529   0.983264758596   0.182135071401
0.656426726731   0.140080356872   -0.741270157265
0.725615888443   -0.571985674602   -0.38251009201
-0.381024214368   -0.7968849042   0.468822991675
-0.572976553189   -0.194439804331   -0.796172740043
0.0633157216639   0.915184235938   -0.398031322487
0.870934393237   0.144072732071   0.469804566337
0.487303193164   -0.376405183498   -0.787943358223
-0.386144428857   0.846949450521   -0.365471077275
0.913969875722   0.40485195428   -0.0274583573286
0.124705839216   -0.344632446785   -0.930417610693
-0.969520886981   0.238341961821   -0.0567658254874
0.153884633067   0.412076993195   -0.898060171361
-0.190653532392   -0.879423482126   -0.436194417286
0.585394225391   0.740665319262   -0.329740027478
-0.805773456986   0.486520750365   -0.337678390604
-0.0896813073902   0.463370741746   0.881614892568
-0.653697965592   0.189801107036   -0.732567068294
-0.373916146352   0.760603540929   0.530724946676
0.657925288522   0.620852473052   -0.426235288811
-0.799981820716   0.475422410984   -0.366063679784
0.420215036487   0.00842097871862   -0.907385480503
-0.428308778376   -0.879717351341   -0.206516275666
-0.973568174308   -0.143137305424   0.177979554361
0.190341041354   -0.077782140944   0.978631813568
-0.126235090014   0.986641601771   0.102971120724
-0.592326450038   0.500811594895   0.631139543211
0.66800675542   0.74322613611   0.0371737180778
-0.450462375008   0.443624454941   -0.77477802736
0.933951490319   0.35692011168   -0.0185107430566
-0.352033724588   0.9097530056   -0.220049370723
-0.0616998418419   0.212031843553   0.975313091697
0.997563913009   -0.0546790305412   -0.0433179302535
-0.0187158697307   0.388416888988   -0.921293675529
0.0672008607281   0.91986005673   0.386447306045
-0.848455950348   -0.403759320778   0.342200104039
-0.520224605539   0.51720373529   -0.679607722141
0.0974107802621   -0.754638129892   -0.648870120133
-0.34086418366   -0.781333206864   0.522809743739
-0.416346566651   -0.373142032787   -0.829108291965
0.842892131139   -0.500283362924   -0.198114643693
0.425933871241   0.269800273352   -0.863590267331
0.371481637574   0.818184495307   0.438834279182
0.824973775507   -0.507722310066   0.248266642112
0.18316014537   -0.390950555318   0.902003339486
-0.951293666092   -0.301924023176   0.0623076647122
0.247977261056   -0.869482344574   -0.427209235005
0.0486588037877   -0.581487274546   -0.812099052059
0.997787700252   0.0651737035023   0.0131184449478
0.0452992940344   -0.810940773369   0.583372124846
0.987592764214   -0.0672607504567   0.141903218854
0.124904175815   0.884143361296   -0.450210465826
-0.0951812951012   0.46234890302   0.881574734744
-0.606311667307   -0.126619326817   0.785081975442
0.325645546536   0.861138360948   0.390378920186
-0.725493721619   0.492349742948   -0.480885215525
-0.823742000117   0.561336781203   0.0796877362725
-0.0176572342701   -0.165882784309   0.985987385288
0.566689808732   0.81079215582   0.146556271582
-0.941823139433   -0.0281279265859   0.334929834105
0.236919695784   0.651270459961   0.720913202634
-0.238407700751   0.758324210169   -0.606717529411
-0.589088346564   0.180682771787   -0.787609456471
0.525414050439   -0.654873801203   -0.543213015399
-0.613934031916   -0.733821531762   0.290845257789
0.289443021279   -0.112279691715   0.950587191299
0.745572641572   -0.596355907155   -0.297457674536
0.600286742792   0.794828851282   -0.0888983891776
-0.228629879696   -0.824681300588   -0.517328841812
-0.225714419761   0.561828272198   -0.79586556231
0.946985416373   -0.0651900684094   -0.314593191532
0.954107684439   -0.140540723245   0.264436819684
-0.194129306094   0.382091925321   0.90350405263
-0.228018286571   -0.913375095847   0.33727376903
0.998104557228   -0.0272404869459   0.0551837721759
0.0316016700288   0.996312647673   -0.0797649204698
-0.0528074548904   0.0813576299871   0.995285038947
0.893119928317   -0.388940521777   -0.2259691664
-0.214197301978   -0.809476781656   0.54668716446
-0.395545584564   -0.439855215361   -0.806269855601
0.84087396796   -0.540931936566   0.0179891636768
0.540582674305   0.841029040357   0.0209886997538
-0.0264828670678   -0.00792422103539   0.999617859221
