-0.0431603996187   0.350588948343   0.935534376281
-0.908424404772   0.375963889477   -0.182801134086
-0.4158152002   -0.857752028915   0.302256805007
0.657871616089   -0.153149152406   0.737394245884
-0.275271185257   0.862465586364   0.424710356484
-0.701021191771   -0.482388276656   0.525234080418
0.922474593677   -0.21864725514   -0.318172911857
0.116771672145   0.943580723365   -0.30987061022
0.367974184698   0.248694182306   0.895961049981
-0.261225382702   -0.965247527347   0.0076492079128
-0.794061537021   0.210378077043   -0.570269532873
0.548842030876   -0.15504281876   -0.821422028859
0.685401904595   -0.213122718248   0.696277915881
-0.240434101402   0.836340286121   0.492672679062
-0.687325011956   -0.505087747602   0.521987255746
0.240177401524   0.877616448238   0.414854414922
0.901731100682   -0.0434627860985   -0.430106973075
-0.359438225374   0.47738910336   -0.801812824874
-0.803906929816   -0.580222396823   -0.130673709736
-0.189405650521   0.0414853181306   0.981022154658
-0.563789985492   0.813400847432   -0.143247735247
-0.974863968485   -0.222269649217   0.0153768002828
-0.138728934376   0.551555739145   -0.822520850425
0.174340258452   -0.803979147524   -0.568527048284
-0.760199571855   0.645647309689   -0.0723613325145
0.610240674367   0.747817347575   0.261487158413
0.222941540095   0.154624597519   -0.96249067712
-0.571531563593   -0.818918159276   0.0521988527023
-0.750588446742   0.547430929127   0.370049133835
-0.331615221956   0.172314904295   -0.927544564063
0.250208971881   0.306252057691   0.918479802473
0.264893491193   0.890804912445   -0.369185652873
-0.931250185886   0.335672884106   0.141763204542
0.258811035315   0.154438286477   -0.953501790071
0.338220706373   0.910153816104   0.23922120477
0.904778205849   -0.384407136642   0.183323625099
-0.333439084941   -0.854409041956   -0.39850165076
-0.773168928537   0.00595273836236   0.634172194952
-0.53947028146   0.519566890718   -0.662587399135
-0.635701933305   0.316971424395   0.703855218144
0.73712811902   0.519972849326   0.431590514393
-0.229183743189   0.793194397409   -0.564196295429
0.00784143753398   -0.0110779357134   0.999907891357
-0.900352643125   0.434998830586   0.0118800423449
-0.435090369779   -0.900362869475   -0.00656303254254
0.811686434042   0.256541148193   -0.524739718409
-0.489549543489   0.788831472572   -0.371599451492
0.318600654836   0.558508323271   0.765873407016
-0.207571140959   0.510581515087   0.834398428745
0.868188348432   -0.296872309137   0.397637804684
0.450736301054   0.806953126593   -0.381658798397
0.371081447103   0.734383013032   -0.56831342566
0.653641550858   -0.641283993937   -0.401880034477
-0.659584174012   -0.222343044166   -0.717991844037
0.296876174385   -0.866371711859   0.401577631314
-0.921167412085   -0.37064270872   -0.118636340917
0.251624990801   -0.334699924354   -0.908108377145
0.439978665021   0.0369459058239   -0.89724788903
-0.862557936148   0.295350611005   -0.410806308822
0.24982510105   0.954674298712   0.16181595182
0.87699897392   0.440748359837   0.191347022567
0.172810812338   0.0822576240494   -0.981514190639
-0.448340521126   0.893853772486   -0.0040262302115
-0.455667420544   -0.25877873186   -0.851704625907
-0.517948455896   0.855237811361   0.0172534939496
0.723945162903   0.449000950952   -0.52373805204
-0.592399234516   0.320047894913   0.739345989309
0.553446232163   0.828558632524   0.0847812513147
-0.585457440852   0.459412600428   -0.66796680121
-0.584147303012   0.775706762654   0.238853400137
0.811515053537   0.563508643963   0.154600537069
-0.0146712735028   0.284142616572   -0.958669769619
0.316714903391   -0.636404388785   0.703335712093
-0.860017585375   0.120090260887   0.495931529635
-0.400076771153   -0.761949987319   -0.50928459039
0.834816879486   0.268459647707   -0.480635199792
-0.0846280388286   0.925246290647   0.369807242612
0.543984257833   -0.268046113938   0.795130434604
0.0632958295151   -0.246692860123   -0.967024441641
-0.844717156615   0.502756205455   -0.183545970255
0.531457019228   0.828479831161   -0.176563320292
0.819979247061   -0.387628089065   -0.421163268766
0.23939688052   0.900594351872   -0.362793256517
0.519926117816   0.196657768586   0.831265633879
-0.893190920482   0.437376660006   -0.10445878063
0.113226510963   -0.00606388712861   -0.993550696486
-0.435189311431   -0.89925796441   -0.0441064242633
-0.707653824892   0.606463226244   0.362530577095
0.678846735779   0.725869217249   0.110819622684
-0.195941760321   0.324524628747   -0.925359709464
-0.659052943455   0.470225338166   0.586973039473
0.184122347141   0.857575895772   -0.480273405754
-0.729210654753   -0.20845074799   -0.651766911293
-0.377707984867   -0.362069390442   0.852198588753
-0.854073056144   -0.21924616541   -0.471688810257
0.35762535276   -0.906000483145   -0.226422683505
0.998308401943   0.0575443802126   0.00830535466402
0.0235544298331   -0.530896786589   0.847109078469
0.0531556529956   -0.845480482504   -0.531354147682
0.181573303106   -0.789244346988   0.586621254598
-0.531706847402   0.423024065158   0.733715523022
-0.827235736671   -0.445133688956   -0.342836746763
-0.647439212802   0.727970554947   -0.225568918197
0.697877009278   0.447365955038   -0.559313313085
-0.3062517684   -0.519540733151   -0.797676175493
-0.713527275091   -0.261504511146   -0.649995552564
-0.439606344582   0.889489691122   0.124717084596
0.545550263042   0.374731210386   -0.749634197764
0.742614639312   -0.666673634108   -0.063794694651
-0.311669891934   -0.428334526372   0.848169447682
-0.592777678343   -0.609980162878   -0.525869589304
-0.0706876124549   -0.156589053544   -0.985131021619
-0.59104469564   0.802138120214   -0.0850917378782
0.803535580545   0.576241533048   -0.14925235807
-0.853320859896   0.454876928981   0.254814618003
0.386831642955   0.880023221031   -0.275536586416
-0.349578017152   -0.136550759523   -0.926902961479
-0.349263143881   -0.894945844079   0.277645804029
-0.498471778335   -0.0734453469906   -0.863789133534
0.793436287633   -0.440088306108   -0.42045349362
-0.589823301717   0.671097811598   0.449150531582
0.555037449716   0.740903755148   -0.378146869644
-0.586550852156   0.0262555304007   -0.809486716975
0.652358840674   0.140883033369   0.744701224588
0.740779151261   -0.326249789243   -0.587202966678
0.160231682422   0.934726187676   -0.317195148167
0.043834270049   0.904837683547   -0.423494183199
-0.1331101316   0.425411839868   0.895157226059
0.990131430486   0.0171328028736   0.139090680604
-0.194406482074   0.128237904862   -0.972502524153
0.967481239222   0.188619997695   -0.168530555757
0.161821418489   -0.97364137968   -0.160736717311
0.466064044571   0.846381321804   -0.257726530377
0.666655257108   -0.144431827274   0.731238822438
0.58168296737   -0.512618869504   -0.631559039283
0.0119867938702   -0.99399845664   0.108735389684
-0.278643443084   -0.107756228254   -0.954330355222
0.960319815686   -0.0188590421144   -0.278262804075
-0.0267473688956   0.583224451084   -0.811870567218
-0.349411458595   0.755477617707   0.554224865688
0.936587535076   0.298500936016   0.183578267608
-0.120141088282   0.317732802472   -0.94053813593
0.187784569045   0.93757043226   0.292743300831
0.974834896039   -0.141448049777   -0.172306049457
0.342429715166   0.251118528815   0.905362565306
0.939315837576   -0.112711042491   -0.324009225455
0.0206796385492   0.961371783124   -0.274475221401
0.104649067938   0.942311758379   -0.31795773713
0.836325011382   -0.256389580643   -0.484587307174
-0.538153368396   -0.215204398094   -0.814909822695
0.651911783239   -0.505094932551   0.565588309626
0.0426446473631   0.769108478532   0.637693956614
-0.757094750296   -0.3916008904   0.522930475027
-0.431663074179   -0.817751293713   -0.380722749545
-0.822285742576   0.183218220841   0.538773831127
-0.370827652618   0.545631657057   -0.751513770247
-0.8116500587   -0.403615184922   0.422278302438
-0.530984056826   0.208464421355   -0.821339464792
0.243475077998   -0.89086327095   -0.383513388116
-0.265456573613   -0.794551670334   0.546095642443
-0.755962779907   0.523076823401   0.393587235839
-0.598375369581   -0.308347660913   -0.739505670762
0.669121929458   -0.595777530565   -0.444212761627
-0.309593970092   -0.766874912045   0.562187195657
-0.675594121645   -0.238646188637   -0.697581951779
-0.0685328697025   -0.987540931644   -0.1416550532
-0.409744926771   0.157322603331   -0.898531409282
0.909622086778   -0.00353649659588   -0.415421656195
-0.491431303547   0.850540529164   0.187286097035
0.731367538941   0.286275344749   0.618989458693
0.472860229748   0.441165768434   -0.762742399427
0.214130537805   0.414407677337   -0.884541909547
0.861379535591   0.346910172274   0.371050708176
0.460622848374   -0.841379586951   -0.282678230891
0.853745765159   -0.461122729871   -0.241834646958
-0.393965276952   -0.268381441304   -0.879069259228
0.340454885453   0.845776111013   -0.410795862943
-0.572168236968   -0.802608502471   -0.168650823794
-0.679490930548   0.348763949121   0.645488793936
-0.459255466933   0.483924890406   -0.744916852096
0.0157326171617   0.672257809467   0.740149932357
0.847054123997   -0.402280561388   0.347375389096
0.531273748436   0.621481928571   -0.575767675963
0.152842565202   0.728877782858   -0.667365213297
0.688566994557   -0.562943277311   -0.457132760296
-0.708882673133   -0.38965631547   -0.58792287891
-0.102580046322   0.57223657749   -0.813647733039
0.992552343255   0.00485301497692   -0.121722200708
-0.0657052509033   -0.820074232998   -0.568472578385
-0.820295296706   0.191560234766   0.53890658064
0.354984329103   0.909311694359   0.217113722718
-0.448443700249   0.369400756574   -0.813904987544
0.806340234574   -0.200495706782   -0.556432293877
0.46559350132   0.795352989756   0.388118942097
0.364743906921   -0.572027178766   0.73467461445
-0.93590644486   0.0578909987589   0.347459002955
-0.301687790002   0.377454684644   -0.875506960797
-0.181834000768   -0.924216745847   -0.335797264524
0.689872764805   0.713248425477   0.12390420467
0.383079997404   -0.504898876567   0.773515895137
0.614268088029   -0.486162326795   -0.621547188904
0.708156503717   0.654690289546   0.264376608303
0.394033342898   -0.677162471752   0.621440835105
0.585877197822   -0.335904170301   -0.737506811797
0.728068908614   -0.682348448772   -0.0656982402143
-0.665604132323   -0.726603995428   0.170346038588
-0.163971959018   -0.0802946342287   -0.983191725133
-0.470886534248   -0.0798889009199   0.878569084008
0.155120590951   0.972876946431   0.171604339589
-0.868448889761   0.217090328233   -0.445722240033
0.574656980771   0.0434740215291   -0.817238865879
-0.78192720881   0.323932856822   -0.532594915855
0.241576477692   0.945080691647   0.220143797784
0.968891246311   -0.231704192038   0.0869650516853
0.0195698541761   -0.278563704958   -0.960218351776
0.246711924378   0.932049048962   -0.265363518024
0.457830961529   -0.856342152697   0.2388910383
-0.843692244468   -0.503221570358   -0.186953062961
0.280310911827   -0.11595761571   -0.952879648261
0.355496816331   -0.894339464697   -0.271622781562
0.228149513842   0.364845308595   -0.902682502395
0.906404883544   0.258930150197   0.333744459739
-0.021398242819   -0.865369560035   -0.500677181196
-0.191733267804   0.495048420697   -0.847446408443
0.981213773457   0.0778626080419   -0.176513299917
0.834234866325   -0.511576721995   0.205770370365
-0.548184478196   -0.729145518438   0.409683525183
-0.0595480114899   -0.454572403973   -0.88871703251
-0.219155075914   0.220644748026   -0.95041409284
-0.838965253329   0.454674826925   0.299011881815
0.498104764488   0.862894371826   0.0854689807125
0.342075275806   -0.12179598941   -0.931745803664
-0.776485048388   0.521788737822   -0.353281025123
0.529202678859   0.84433538955   0.0839182616722
0.386236654244   -0.918321462088   -0.0866425945342
-0.787427783274   -0.279341498521   -0.549477764184
0.480394351597   0.280453239371   -0.831003759005
0.488418788689   -0.757907427136   0.43246204313
-0.869927036408   -0.461742411526   0.173265393904
0.0683669377824   -0.460836497351   -0.884847831284
-0.121891941259   0.737458406979   0.664302229883
0.630955406428   0.574225990091   -0.521689359103
-0.766183809377   0.355555354731   -0.535296889552
-0.432674885026   0.897359656407   0.0868221798914
0.593578848356   0.211063721898   0.776605598797
0.678569520869   0.387553547722   -0.623975683017
0.459609973386   0.887769642108   -0.0249746854744
0.593022611574   -0.327706095908   -0.73548140484
-0.661122420226   0.323224035701   -0.677084461658
-0.422804596288   0.88174729833   -0.209184070253
0.454947555266   0.00689230172202   -0.890491559835
-0.783746767341   -0.471671705815   -0.404062874586
-0.00331620634641   0.286278308784   0.958140768726
0.228265397076   0.933066398352   -0.277996411424
-0.9735932987   0.217788489564   -0.0684416725407
0.342142301843   0.883888089304   -0.31887378518
0.683372774648   -0.0011437607123   0.730068724629
0.644934334766   -0.467697057289   -0.604416384989
-0.0899151374667   -0.0138369530762   -0.995853305856
0.454320992188   0.889237559908   -0.0533760068316
0.886288725028   -0.457236372982   -0.0736694991893
0.27602936128   0.782830260076   0.557659910359
0.847323331632   -0.472076449022   0.243283780698
0.45370801556   0.405364786567   -0.793617304768
0.73806830932   -0.647407849968   0.190048011243
-0.376300599073   -0.161167392898   0.912372144798
-0.560047346137   -0.744908146865   -0.362572506981
0.920034752856   0.298966871498   -0.253288103322
0.318485408187   -0.194005016752   0.927862650529
0.22826103108   -0.934334449339   -0.273707943744
0.375485242824   0.139298857189   0.916300529743
0.4712410393   0.822619839698   -0.3181642378
-0.798086909616   0.551264390035   0.243238272025
-0.433942797345   0.222790432942   0.872959375699
0.863237307951   0.380188909275   0.332080929031
-0.257905018937   0.897675228718   -0.357301252381
-0.768373225344   0.226930723873   0.598418777393
0.128534813534   0.970692466748   -0.203063873468
-0.626962030974   -0.0791111974397   -0.775022599771
-0.186363250904   0.828478662258   0.528102115976
0.639441568135   0.510371507933   -0.575009047609
-0.745910999822   0.230529889764   -0.624878188347
-0.313801261091   -0.440575620456   -0.841083759917
0.797727864642   0.358076025605   -0.485192553384
0.514935940199   -0.823209986908   0.23909474052
0.246043550019   -0.531720002931   -0.810392750447
0.324344849858   0.833060696664   -0.448118616044
0.913379981095   -0.152590019848   0.377429855706
-0.596131652364   0.642201623671   -0.481875634999
0.338232852006   0.745195786384   0.574701468398
0.728165908894   0.179611565635   -0.661448482209
-0.482969817902   0.871252941261   -0.0875126695926
0.589363406569   0.249529138473   -0.768365787923
-0.647603991643   -0.422674249745   -0.633999644014
-0.228902122561   -0.970642528453   0.0738708348873
-0.508396575025   0.183916485184   0.841253617514
-0.830142602684   0.15500905921   -0.535570210872
0.610956918681   -0.661506861443   0.434902650923
-0.767251763524   -0.630138089283   0.119376378752
0.195080431838   -0.406613650407   -0.892529531397
-0.560643470173   0.76977168044   -0.305172835199
0.706881371469   0.252966461106   -0.660550298028
-0.431274420783   -0.586054203592   -0.685961255779
0.642899350503   -0.131788700467   -0.754527775202
0.560100741981   0.752826252718   0.345745270467
0.52246299769   -0.644890976559   0.557806457831
-0.647980395109   0.539241125736   -0.537903723601
-0.310748310829   0.457607507583   0.833085143499
0.695382552892   0.706975513944   -0.128952424615
-0.73412955553   -0.47640927522   -0.483826413274
-0.427682753037   -0.229008643953   0.874438393341
-0.527390992009   0.848875281463   -0.0356300164007
-0.465535687277   -0.882399432973   0.0681745154762
-0.767941674446   0.36445526173   -0.526723786104
0.43993420931   -0.297562771338   -0.847298228838
-0.712449024891   0.560266229251   -0.422514069933
0.229400910747   0.754982343076   0.614310087653
0.6631678589   0.340739510484   -0.666412017385
0.926222457169   0.250460063878   -0.281747610881
-0.193852243699   0.957440207441   0.2138447025
0.323316048856   -0.143450359276   0.935354866869
0.891913018336   0.296895666692   -0.341092554627
0.1637201926   0.491104476895   0.855577051649
0.421529199768   -0.818944049294   0.389414660573
0.730564555583   0.670635904927   -0.128541484158
0.643506219003   -0.739139422739   -0.198928780868
-0.228418861372   0.0626130719315   -0.971547439394
-0.91425717532   0.227198768741   0.335431866194
0.329667132402   0.898456878848   0.289991066524
-0.235485454306   0.375707274793   -0.896320614779
0.441411892917   0.228646427431   -0.867684477223
-0.760537952758   0.608483727742   -0.226560313137
0.476169679008   0.759913392629   0.442486239896
-0.44471394154   0.867781241406   0.221777427311
0.376304006693   0.405718354782   -0.832939320203
-0.812788290238   -0.286963993659   -0.506978166785
0.833202209591   0.315623496472   0.454043925636
0.47620729576   0.00780402813945   -0.879298418405
-0.281070612831   0.948852415089   -0.143799878244
0.324274124422   -0.943994036397   0.0610045201289
-0.942437053696   -0.327955877355   -0.0652483128415
0.0816008091288   -0.0363345806957   -0.996002563348
0.275340910245   0.613004445891   0.740549074986
0.921918357598   0.0499793529978   -0.384146594672
-0.272495734039   0.788497059976   -0.551378691408
0.505866431143   0.800501909252   -0.321396712998
0.859934766022   -0.438655216338   0.260947886303
0.0679069365305   -0.408384983151   -0.910280370824
0.466446206146   0.685916337485   0.558521901758
0.843231392582   -0.53553263005   -0.0465362301539
0.267186742441   0.49266984901   -0.828183352007
-0.244360787531   -0.928462537572   -0.279723295138
-0.967852195123   0.25125544587   0.0115251601099
0.0595813218384   0.273547102427   -0.960011483703
-0.274276051598   0.768965168339   0.577464472848
0.698086103172   0.57221285018   -0.430404747474
-0.661398850981   0.285070208844   -0.693748179062
0.598260406846   0.4923372897   0.632209204909
0.767724943643   -0.126184032709   -0.628232441695
-0.229527550655   0.861209372371   -0.453470528734
0.409222414416   0.530958936778   0.742037480856
-0.148531590963   0.84116700188   -0.51997734704
-0.900264062387   0.102570377811   0.423088567052
0.999314537208   -0.00669307334451   -0.0364095934437
0.0101000162818   0.995501156873   0.0942095342047
0.0356152410723   -0.0945126945609   0.99488637802
0.815019978405   0.532624607676   0.228152278312
0.572446784003   -0.67918853698   -0.459355647313
-0.0897057093186   0.504989067736   -0.858451470488
0.993341199163   -0.0358160419515   0.109501019099
0.088558569971   0.845319202307   -0.526870786717
-0.0736928879163   0.533059712744   0.842862207553
