-0.5080348019   -0.7947349601   -0.332109896349
-0.0808534217954   0.427874154583   -0.900214658859
0.857533302118   -0.430488154349   -0.281632002306
-0.169027809013   -0.855510603443   0.489419255012
0.700164293509   0.245262982604   0.670534138922
-0.693685492046   0.456012803286   0.557541712668
0.790506091869   0.205756281106   -0.576857410028
0.267269904678   0.731567510883   0.627196759457
0.551059812337   -0.649979484142   0.523316112328
0.952276763799   -0.160211362946   0.259810092782
0.0509710080227   0.922692183872   0.382153228643
-0.300950031516   -0.350672857524   0.886824461506
-0.607170528893   0.748908730963   -0.265480058634
0.306769061673   -0.0872659367263   -0.947774972811
-0.732964318125   -0.656902099993   -0.176756723719
0.56338205774   -0.718794446571   0.407351446046
0.547070380455   0.694022880425   0.468023760376
-0.619124103751   -0.0408262786248   0.784231189846
0.233816108716   -0.950739420451   -0.203530296777
-0.795406948131   -0.0666559871128   -0.602399175172
0.559158129843   0.302740043244   -0.771809984418
0.946452308674   -0.196291180262   0.25631582073
-0.107832257816   -0.940541071134   -0.322109760307
0.304302861603   0.277222412625   -0.911343789335
-0.995820032564   0.0737553217332   0.0538759246877
-0.0855840558531   -0.547448041106   -0.832451807418
-0.0319034814504   -0.833583106118   0.551472005696
-0.986713918261   0.0403064791968   -0.157388154715
0.0332167892706   0.998322571294   0.0474203390456
0.159035494215   0.0415623793761   -0.986397627836
-0.878454703473   -0.247064998472   -0.408994157019
-0.47526671037   0.363316648559   0.801325506204
-0.0493850985574   0.898309467506   -0.436578987848
0.88871473826   0.0175071415708   -0.458126198763
-0.451699507235   0.204417814229   -0.868435899989
0.0784453259459   0.978727161787   0.189577091489
0.218032433577   0.656801383955   0.721854417416
-0.351381102458   0.742875795867   -0.569795465716
-0.910490625292   -0.129412108974   0.392758612009
-0.470135912743   0.781408711165   0.410332364876
0.845756459949   0.265948802385   0.462565935802
0.252325650706   0.564510106752   -0.78591354828
-0.828385619119   0.551321619815   0.0991046798145
-0.529342854901   -0.828337680867   0.183447072534
0.183230477821   0.0995045626097   0.978021182806
-0.00456268063874   0.558365382283   -0.829582594932
0.495096897671   0.722039110428   0.483258300424
0.868825784529   -0.408518815822   -0.279739402404
0.712224627711   -0.697085478899   0.0825100890213
0.694248849304   0.682160332977   -0.229512124631
0.103704459511   0.22074672188   0.969802180786
-0.171368041841   -0.9307300858   0.32307042827
-0.966102199383   0.223018305291   0.130036055969
-0.193079088931   -0.289835027027   -0.937398593196
0.071856033986   0.929329344801   0.362192875787
0.865091770827   -0.238809198836   0.441119478825
0.496440266727   0.281632980033   -0.821115050483
0.938142060467   0.0304153506392   -0.344912134938
-0.0170816851154   -0.990856023771   -0.133837798066
-0.345828990132   0.131450548128   -0.929044166324
0.822219221088   0.147669507203   0.549681061267
-0.555361483097   -0.00329969509738   0.83160251028
0.124616112785   -0.989031257673   0.0792968837957
0.178831020554   -0.684221562194   -0.707008005554
0.982560762673   0.0870009486232   0.164332536624
-0.0509294977607   -0.724066080388   0.687847728418
-0.475544894981   0.384477968429   -0.791222942444
-0.843665876031   0.0554299915313   0.533999443501
0.249168502179   0.921468506153   0.298011492548
-0.258576566096   0.883426160821   0.390763838965
-0.175086469714   -0.440682554882   0.880422406545
0.949990993425   0.159239141542   0.268626149531
0.146585219654   0.765008370665   -0.62711638967
0.632234856504   -0.560031595933   -0.535391163336
-0.760783714074   -0.318004409356   -0.565757311954
-0.159327079757   0.448439349   -0.879498170507
-0.92188320566   -0.386307431107   -0.0299653765848
-0.35319433288   0.806020296853   0.474957939487
0.937199098745   0.157868523453   0.311023115886
0.0391822509659   0.83841209155   -0.543626632858
-0.346587074949   0.521672976151   0.779573412472
-0.0641812819082   -0.862253963457   -0.502393138444
-0.0217754103113   0.504521268836   -0.863124626458
0.997700653783   -0.0444566282454   -0.0511567556306
0.922656761592   -0.12899708525   0.363406456033
-0.0837037059776   0.852926576476   0.515276571121
-0.376428200185   -0.505841879581   0.776160938831
-0.961429356433   -0.24251787625   -0.129763909803
0.226370558712   -0.965655785752   0.127535381727
-0.156236880206   0.0932415312138   0.983308727776
0.1913059342   -0.127594072347   0.97320182503
0.258691778767   -0.949903359114   -0.175391481954
0.94682659613   0.285312742522   -0.148714611979
-0.339341872622   -0.242474132837   0.908874792471
0.853521592101   -0.485514486167   0.189146968095
0.395408630789   0.839929746245   0.371712302824
0.624398058087   0.511786534168   -0.590086102617
0.188036531727   -0.831718316868   -0.522385780935
-0.758135428399   0.215218923031   -0.615557866797
-0.34647325948   0.0943994923518   0.933297924732
0.80144527592   0.546824495112   0.24221569159
-0.487485128155   0.831908472964   -0.265116092379
0.748156788964   -0.293829446325   -0.594916528262
0.48929515092   -0.36128226491   0.793766577999
-0.448164784888   -0.884951626663   -0.12652645594
-0.993332283844   -0.0237084270524   0.112822357536
-0.102082154912   -0.273893455696   -0.956327145163
0.0535743177445   -0.961467776586   0.269647004554
0.727940632043   0.616174461367   0.300718255814
0.267094152183   -0.658789695095   0.70331845668
0.631476959271   -0.431653994301   -0.644136382386
-0.505524460647   0.393981809452   0.767608854501
-0.851385855746   -0.0834693639493   -0.5178561479
-0.139954079338   -0.915320271327   0.377626345179
0.37591756394   0.873659358239   -0.30887750142
-0.435868585837   -0.127442319487   -0.890941654141
-0.817743579004   0.469550615978   0.332892862695
0.727320004066   0.664254031342   0.172546206947
0.567767563611   -0.723616257153   0.392453189685
0.385545853818   -0.187472915989   -0.903442472089
0.60759301456   -0.791737425277   0.0631076704839
-0.741903555146   -0.537387519037   0.400990983995
-0.283566294754   -0.290459125866   -0.913905713233
0.481875279447   -0.84401499661   0.235446173374
-0.799929301518   -0.314058949822   0.511351238005
-0.357644135462   -0.434747813721   -0.826489570917
0.638828451587   -0.694490076738   -0.331031331985
0.0383018185474   -0.401031624128   0.915263135467
-0.768395197889   -0.597375233637   -0.229590178577
-0.180506527542   -0.580090693457   -0.794299805413
0.33852611028   0.721584906394   -0.603916629613
0.9234811672   -0.377902117259   0.0661250602852
0.889852016804   0.445992721765   0.0961970910265
0.329019317046   -0.481211572903   -0.812515668227
-0.316084920868   0.754669407249   -0.57494730938
-0.23855126573   0.793963339886   0.559209717848
0.631080596355   0.564413645063   -0.532141445643
-0.738126394679   0.225963386822   -0.635696447444
0.11352336946   -0.0335192401161   0.992969740288
0.877449084399   -0.465425343811   -0.116027383083
0.466042432482   0.884452208929   -0.0234252267119
0.0258988686828   -0.710781420226   -0.702936000829
0.96864222384   0.191659610828   -0.158110201352
0.247106233826   -0.676798615718   0.693456662645
0.121224061785   -0.518581591176   -0.846391079902
0.990642148266   0.00933413456017   0.13616537009
-0.0627125260539   -0.854977196904   0.514860303238
-0.387288530995   0.319408671749   0.864861661869
0.539437055764   0.839244341294   -0.0683856598596
-0.747673228508   0.440053446774   -0.497330581559
-0.0929140556797   -0.995518340177   -0.0176128540914
-0.954052150201   0.0839549726916   0.287638761742
-0.284870975976   0.0435292652412   -0.957577010017
0.478474086925   0.118338711227   -0.870091085787
-0.232514658196   0.972582868603   0.00441558880149
0.846758219249   0.200196186591   0.492871185006
0.539622384222   -0.789398287803   -0.292673923779
0.459341742197   0.567386056637   -0.683431215711
0.705558535007   0.234357432029   0.668777801464
-0.701545535363   -0.130934656326   -0.700492667759
-0.332732766283   -0.80906480029   0.484461613726
-0.630176775242   0.572948745269   0.524029548061
0.0778767321085   -0.287487050198   -0.954613225639
0.665725851166   -0.697766153384   0.264445620648
-0.742121489842   -0.65610486293   0.137047813391
-0.89541431291   0.426856962608   0.126595188334
-0.445208102638   -0.855346997948   -0.264898581435
-0.00479098957442   -0.293555184888   0.955930122888
0.483454476926   -0.870994465699   0.0874094357746
-0.549243275399   -0.224070466628   0.805061643859
-0.681618363286   -0.437219700731   -0.586715723433
-0.596214410692   -0.15874424013   -0.786974359626
-0.454890233436   -0.740917992615   0.494080361625
-0.661515874343   0.652564781799   0.369534779889
-0.343613169368   -0.898627006224   -0.272762705519
0.938645698005   -0.337781946453   -0.0696247819923
-0.0295676081894   -0.279951532118   0.959558698679
0.641612480596   0.371145130687   -0.671256073872
-0.538038269376   -0.405946467802   -0.738730184821
-0.546670143166   0.835139962669   -0.0607700363934
0.753919333682   -0.567598622807   0.330813303372
-0.494816980138   -0.821833444114   -0.282393247622
0.432159454909   0.0492096893198   -0.900453559052
-0.685035923429   -0.385594827438   -0.618095795702
-0.632277067655   -0.106755762106   0.767351886017
-0.361872205798   0.91647140507   -0.17067123472
-0.896120264547   0.204015735004   0.394139634317
0.0827010985356   -0.795762701375   0.599935206003
0.43603784213   0.570209876249   0.696226757069
0.576260147839   0.155975691627   0.802244243129
-0.370812470583   -0.82486257275   0.42673158746
0.728301004855   -0.543390577483   -0.417497696557
-0.446018253653   -0.472093487343   0.760391646861
0.419643676251   -0.860710761631   -0.288229370112
0.790548481999   0.19053798577   0.582003757366
0.782735416672   0.125179262482   0.60963548103
0.190685716483   0.884212549248   -0.426388467577
-0.592422336696   0.449998133327   0.668234580807
-0.643851965368   0.51572297895   -0.565229560157
-0.0394808977181   -0.760125367008   -0.648575890045
-0.764130816946   -0.395271091044   0.509769417657
-0.585275132713   -0.374837863802   0.718992068724
-0.536692773578   0.84377236301   0.00301101486142
-0.607794279191   -0.384115575421   -0.695011754506
0.584491298497   0.518733833144   -0.623927185121
0.0601827798755   -0.794549006146   -0.604210153704
-0.809164973901   0.315605904863   -0.495625824415
0.918550402482   0.382539046397   0.0996445486757
0.365174420196   -0.917662448063   0.156662931958
0.151369749071   -0.107515158915   -0.982612685482
0.681821612562   0.730607459597   -0.0364969673315
0.305250410331   -0.238817676768   0.921839630443
0.664786789607   -0.639670897606   -0.385849280315
0.228470240408   -0.18358434835   -0.956084795553
0.791481303022   0.606865301345   0.0726075270928
0.566885082018   -0.773311898954   0.28395424054
-0.285841043045   0.243136957134   -0.926919261957
-0.313187983597   0.890456360246   0.330152627474
0.905653457478   0.384671146011   -0.178381401456
-0.166133253088   0.112114736313   -0.979709154862
0.0166664658085   -0.993054580784   -0.116468143719
-0.985962459293   -0.035677520729   0.16311083158
0.565033498126   -0.819757299273   -0.0934618440026
0.34476989004   0.131676240958   0.929405772786
-0.749580461937   -0.557368224655   0.357029120979
0.199422482431   0.88905544977   -0.412081400618
0.337484519551   0.332487912392   0.880656565965
0.919964603974   -0.314693812057   -0.233736886452
-0.4725260749   -0.608916061425   0.637134474564
0.153893975896   -0.768836408646   -0.620650643215
0.867776326436   -0.195222454851   0.457003764097
0.174358759027   0.47833487677   -0.860694352727
0.79422370205   0.448377389226   0.410081001674
0.582071932198   -0.755085069708   -0.301726371487
0.235373054634   0.536978698192   -0.810094687577
0.352913575138   0.729399193282   0.586028007285
0.905566968057   -0.423828614569   -0.0178261559818
0.269479956791   0.254977482875   -0.928637192941
0.777390923701   -0.626737994165   0.0535054989528
-0.568369514168   -0.736332784749   -0.367110508522
0.948925428049   0.306754316636   -0.0737720897639
0.256837706503   -0.886871999257   -0.384047457293
-0.183234616056   0.345484943464   -0.920361466663
0.741066782915   0.585139026089   0.329290667053
-0.0130305524337   -0.477804925669   0.878369317377
0.671304869611   -0.655221163543   -0.346460674366
0.607458985494   0.0143489906452   0.794221434746
0.353424811057   -0.900304993989   -0.254050823119
0.711396151151   0.435023015788   -0.551969647591
-0.749485083464   0.527622545934   -0.399858173215
-0.197616710117   0.398152549135   0.89578020937
0.631838385624   0.75039256169   -0.194142364809
-0.774763902259   -0.416482553707   -0.475692314646
0.380382279659   -0.908029671314   0.175474890895
-0.505024966787   -0.0449933158426   0.861931194732
0.033170194835   -0.974803448219   -0.220585528797
0.912234054991   -0.0606406017719   0.405156446735
-0.408324340554   -0.214664749684   0.887237441813
-0.628942311494   0.562092341803   0.537106849797
-0.642433069971   0.0133284680383   -0.766225882197
-0.437848511955   -0.826967079892   0.352723871255
0.993362459912   -0.114714260759   0.00846531837089
-0.00701095542275   -0.133840076248   -0.990978143298
0.114812323993   0.984341136176   -0.133755963945
-0.463125984095   -0.885637180817   0.0340750173964
-0.861962463499   0.441132956681   -0.249844803926
0.206240234617   -0.145081006628   -0.967686140823
0.106122790303   -0.985778833049   -0.130299829972
-0.0330944778984   0.127465642402   -0.991290706876
0.993802147769   0.109510740658   -0.0190968261636
0.364837679943   -0.334415447068   0.868941756424
-0.846031841806   0.270593431034   0.459357505361
-0.388746176759   -0.902743321129   -0.184203437025
0.42102833242   0.227193537675   -0.878133383797
0.446847919573   0.790540044787   0.418776043204
0.789342815305   -0.568708654785   0.231318797117
-0.450436474927   0.205878948547   0.868746706815
-0.881165431637   -0.259147836897   -0.395461604609
0.143716610535   -0.943639898042   0.298143050698
-0.778270397539   0.619876346986   0.100242220456
-0.612258708511   -0.784557770804   0.0980223348195
0.139407539852   0.0149137090531   0.990122779818
-0.604154599534   -0.742924471495   -0.288202098388
0.753290607977   -0.650416993629   0.0975243268736
-0.259904751392   -0.158180163268   0.95259044513
0.0287238546242   -0.727256347483   0.685764642732
0.843711613976   -0.350252993785   -0.406784405782
0.536027660311   0.590272009662   0.603534010634
0.991958144848   0.113922266655   0.0551430506064
-0.0802009429663   0.228728222849   0.970181018584
0.0979124487347   -0.966801488017   0.236025496822
-0.754210394223   0.116134083549   -0.646281328745
-0.00530712475398   0.983125205562   0.182856951236
0.656611388626   0.141342508916   -0.740866910788
0.725450412562   -0.572082068417   -0.382679769402
-0.379887476104   -0.796448802911   0.470483591468
-0.573940070402   -0.19593726378   -0.795110925752
0.06260954623   0.91499524054   -0.398577162555
0.870594562373   0.145201177198   0.470086934626
0.48800118103   -0.376431040072   -0.787498901195
-0.385805133866   0.846747063259   -0.366297433168
0.914011162113   0.404792625895   -0.0269541379623
0.125451162668   -0.345198987374   -0.930107340526
-0.969687218487   0.237846481081   -0.0559977654893
0.153023782492   0.412437807458   -0.898041634319
-0.190500446966   -0.879388484355   -0.4363318385
0.585495560742   0.74052200488   -0.329881961676
-0.805633652162   0.486188704178   -0.338489235329
-0.0902738436972   0.463947954212   0.881250775277
-0.653786154434   0.189919190128   -0.732457756797
-0.374294749394   0.760100068462   0.531179184928
0.657622311701   0.621432689151   -0.42585714507
-0.800226570602   0.475476189956   -0.365458381334
0.41972217031   0.0087893450092   -0.907610074407
-0.428334840345   -0.879684682258   -0.206601365794
-0.973650215577   -0.143119413167   0.17754461772
0.189833451   -0.0772469650332   0.978772786337
-0.126366603928   0.986686241907   0.102380376264
-0.593001435443   0.499984418664   0.631161531349
0.667022485182   0.744106360125   0.0372388115044
-0.451032484222   0.443081601868   -0.774756989167
0.934127668286   0.356450653257   -0.0186663101746
-0.351673251888   0.910137722027   -0.219032533773
-0.0610853767268   0.211168792051   0.975538988464
0.997547317271   -0.0546112992959   -0.0437830537433
-0.0191575573074   0.388610279157   -0.921203038929
0.0673226396087   0.919782396506   0.386610922341
-0.848243844584   -0.403778869651   0.34270250152
-0.520589944981   0.516811507482   -0.679626349488
0.0973061627527   -0.754896343982   -0.648585399569
-0.340975606066   -0.78060535628   0.523823361272
-0.415903491902   -0.374453169337   -0.828739470157
0.843065787167   -0.500439908201   -0.196977097116
0.425263812505   0.268850959695   -0.864216322019
0.372487864622   0.818255956763   0.437846982326
0.824865734822   -0.508110569358   0.247830927899
0.184070106086   -0.390538172613   0.901996747099
-0.951062499388   -0.302483808427   0.0631163045232
0.248190085021   -0.869473105606   -0.427104437258
0.0486636461959   -0.581274176893   -0.81225130398
0.997802517478   0.0649025539134   0.0133339645337
0.0449664947887   -0.811115275268   0.583155231969
0.98726253293   -0.0662645009453   0.144643378649
0.125610507069   0.882612895194   -0.453008253512
-0.0976457453573   0.465406803937   0.879694160071
-0.607264339941   -0.126538884006   0.784358293301
0.325228059873   0.861139932645   0.390723336231
-0.724883942784   0.492367674852   -0.481785577051
-0.823560078987   0.561698353294   0.0790174424123
-0.0183509666402   -0.165615362144   0.986019672139
0.566932128497   0.81059639262   0.146701908472
-0.94209515775   -0.0285267200168   0.334130124335
0.236067868575   0.65125581447   0.721205813582
-0.238177822582   0.758321890996   -0.606810707278
-0.589377391654   0.18114145412   -0.787287789697
0.52515775829   -0.654625121169   -0.543760314516
-0.613875898789   -0.733930326621   0.290693406447
0.289094653884   -0.112219022887   0.950700358682
0.746102463816   -0.595817252662   -0.297208537761
0.599796127516   0.795241279319   -0.0885206929736
-0.228068557937   -0.824967315611   -0.517120547894
-0.225857267631   0.561457184413   -0.796086882651
0.947086705397   -0.0647669533356   -0.314375594181
0.954247133009   -0.141137270121   0.263614643234
-0.193098908219   0.382264548118   0.903651828359
-0.228309484668   -0.913210866249   0.337521396323
0.998045813098   -0.0281035947797   0.0558098818994
0.0325946334623   0.996159592447   -0.0812628835629
-0.0533117700572   0.0829231833443   0.99512893679
0.893242841799   -0.388286139629   -0.226607809546
-0.212811526877   -0.809186334409   0.547657493543
-0.396015756761   -0.440966381913   -0.805431667132
0.840248830284   -0.541902350853   0.0179929249023
0.541549683555   0.840403340636   0.0211226250711
-0.0265677143779   -0.00800419822144   0.999614970558
