-0.0471259878061   0.358364882258   0.9323914159
-0.908339541859   0.372961878736   -0.189258325337
-0.415569991669   -0.85584697708   0.307940796016
0.653921003905   -0.167689981132   0.737744800646
-0.257704152644   0.867443558252   0.425593988395
-0.711319822838   -0.468424746865   0.524025157948
0.922487019725   -0.21902851256   -0.317874517892
0.11706017383   0.943395930906   -0.310324077785
0.367851347887   0.249059487344   0.895910016476
-0.253730372074   -0.967255095224   0.00620314844052
-0.796826928343   0.205379506126   -0.568230679154
0.548350020111   -0.149120217363   -0.822845924957
0.684934457165   -0.212416934813   0.696953251798
-0.242260083298   0.835739094558   0.492798354165
-0.68714979548   -0.506378526037   0.520966358741
0.245714384958   0.883128738756   -0.399634923159
0.894890587629   -0.048215028853   0.443673469082
0.372552381819   -0.4666464848   -0.802150722137
-0.804755199887   -0.581356813844   -0.11997217699
-0.196982363714   0.0708839090459   0.977841203787
-0.559970549797   0.810555196415   -0.171561233746
-0.974963676898   -0.221850609863   0.0151041594888
-0.13797459215   0.550289265957   -0.823495437567
0.174381308206   -0.804962129964   -0.56712179351
-0.759846375777   0.64631606937   -0.0700644252922
0.609716730792   0.745886099653   0.268140699141
0.225563723613   0.161026286107   -0.960828570439
-0.563199167372   0.755807875504   0.334007714279
0.824907105104   0.537894925571   0.173773752316
-0.0483214840559   0.373394569284   -0.926413260812
0.248071285073   0.307326557404   -0.918700726372
0.259023622632   0.892773153851   0.368595793087
0.933470621092   -0.329403222323   0.141866545324
0.257980556033   0.148771833138   -0.954627138926
0.339432687637   0.911130805811   0.233722282348
0.904561486729   -0.384327459814   0.184556008735
-0.333400781262   -0.855149745257   -0.396941849948
-0.774297645659   0.00816109670971   0.632768956593
-0.537872731212   0.518316804365   -0.664861350457
-0.635370538423   0.311707288729   0.70650042113
0.738536983767   0.512506279202   0.438064421503
-0.225538028973   0.800109917406   -0.555838751398
0.00805604588742   -0.00337290464601   -0.999961861092
0.906009111119   0.423217455749   0.00587160278741
0.423181510341   -0.906021858822   0.00646534158405
0.811283035345   0.243837763279   -0.531378379086
-0.48257175942   0.79238700329   -0.373158590987
0.330067165243   0.559165433674   0.760519351636
-0.206840781396   0.509945713291   0.834968418953
0.868213073102   -0.297752864154   0.396924793359
0.451024335093   0.807030731376   -0.381154099767
0.365922476736   0.734099881903   -0.572012328897
0.652248343395   -0.640721516888   -0.405028438922
-0.663831936229   -0.224885084405   -0.713269836215
0.30563249802   -0.862627299108   0.403066891455
-0.917717580427   -0.379694763347   -0.116731869094
0.253738484921   -0.334224519627   -0.907695296755
0.439966250803   0.0462814250172   -0.896820900656
-0.864927461845   0.290426879381   -0.409332033292
0.241516425735   0.955777305355   0.167808100724
0.876240102653   0.443234454957   0.189067449448
0.170610211328   0.0815827683699   -0.981955400054
-0.45066111247   0.89268553805   -0.00413423069676
-0.451548371035   -0.256844234556   -0.854479436728
-0.528856438702   0.848358493944   0.0244690211401
0.718620161044   0.462945898489   -0.518908623183
-0.586394737612   0.32438364959   0.742237468455
0.565430871561   0.820053451595   0.0883191146578
-0.580025121168   0.47147384276   -0.664291558284
-0.593056242075   0.779715936573   0.200816712424
0.803245051054   0.590143560891   0.0807958259797
-0.0555128966315   0.209221499355   -0.976291289788
0.32735646851   -0.631834421772   0.702583095433
-0.859718646908   0.10936387937   0.498922228455
-0.392073450621   -0.767349206915   -0.507398860823
0.835514466496   0.264895952868   -0.481399740788
-0.0798682686374   0.9253629629   0.370573132536
0.543632813525   -0.271170649309   0.794310923387
0.0660040912778   -0.238911733721   -0.968795460056
-0.850770285523   0.493842637237   -0.179748076255
0.521376429469   0.836086498597   -0.170663369408
0.820967292805   -0.389264075104   -0.417715434211
0.240152987446   0.899134196357   -0.365901953482
0.518014716746   0.200077926754   0.831642697593
-0.895010765593   0.43283494922   -0.107748021824
0.105622266255   -0.0290331729872   -0.993982400115
-0.433358588635   -0.901005539162   -0.019732005868
-0.70236797877   0.611493459889   0.364355555621
0.685279001885   0.719342879752   0.113747575469
-0.192540676156   0.329577866159   -0.924287032346
-0.65844759163   0.484074247615   0.57629757233
0.169595357821   0.841452140548   -0.513026032256
-0.733269516401   -0.240063362391   -0.636148880652
-0.380052920793   -0.357439634954   0.85311000742
-0.852361568898   -0.222853989672   -0.473091804149
0.359220730558   -0.906958106337   -0.219971498351
0.998352022646   0.0567560893321   0.00848440942477
0.023009785885   -0.531341207984   0.846845363955
0.0525717474799   -0.845254557528   -0.531771515169
0.183077708463   -0.787559130382   0.588415812853
-0.535721709307   0.421935692399   0.731418157867
-0.82430868177   -0.449133485316   -0.344665503826
-0.638748166792   -0.738142848723   0.217131099337
-0.708098545805   0.453554192647   -0.54118854733
0.300993735564   -0.499433408185   -0.812384786871
-0.714869375573   -0.257958353786   -0.649937892095
-0.439794336794   0.888478748027   0.131097122888
0.543638406657   0.379556322589   -0.748594870935
0.736575273051   -0.673897660832   -0.0576091126078
-0.319591044798   -0.421848337062   0.848472477222
-0.596085926033   -0.606552490098   -0.52609471157
-0.0709553029561   -0.149348447835   -0.9862354618
-0.597370560914   0.798173740955   -0.077891541283
0.798820228798   0.583621213099   -0.145851025656
-0.856719396805   0.444864522167   0.261012321655
0.382534973985   0.88747668162   -0.257006095763
-0.34597524307   -0.120335765663   -0.93049472577
-0.348405829709   -0.890283156862   0.293273385138
-0.486168235022   -0.0958691020279   -0.868590560926
0.801407402685   -0.445202219089   -0.399426037006
-0.583625562319   0.665917972324   0.46468748331
0.577102278007   0.742733853497   -0.33955762926
-0.571256653114   0.0699976928628   -0.817781241694
0.65209850387   0.143651586665   0.744400270621
0.741523724008   -0.325262703653   -0.586810651187
0.157829363507   0.934648808516   -0.31862438192
0.0422017037298   0.903296276591   -0.426936591193
-0.130945191536   0.428631942081   0.893939603688
0.990490975737   0.0181795194001   0.13637130218
-0.193105550025   0.13981009571   -0.97116599183
0.965986550251   0.200589656127   -0.163198574101
0.171989044079   -0.969647836584   -0.173789647921
0.457924928526   0.848672942988   -0.26468659897
0.671931883473   -0.135472040907   0.728117346384
0.582075857433   -0.511274448778   -0.632286433684
0.00743344194544   -0.994664095604   0.102898400656
-0.282725113573   -0.100793258485   -0.953890575066
0.959172171248   -0.0220012717998   -0.281965760232
-0.0275283289576   0.585071397969   -0.810514435642
-0.352433669784   0.753075375017   0.555578966435
0.935431825152   0.300946737516   0.185467953218
-0.11816204107   0.324899706402   -0.938337845784
0.188047876674   0.935180359154   0.300126126704
0.975026014078   -0.140988923793   -0.171599519927
0.33751387026   0.22754980657   0.913403236754
0.940317155969   -0.126292992862   -0.315996402106
0.0434515082839   0.9655419025   -0.256594623762
0.10462553278   0.941903787255   -0.319171980984
0.835401899446   -0.257365709231   -0.485660949753
-0.539589811147   -0.215824343545   -0.813795237416
0.652499075364   -0.504645254014   0.565312412963
0.0416701923069   0.768767457615   0.638169406338
-0.756642948637   -0.392848270599   0.522648720046
-0.426846662557   -0.815451175796   -0.390949237827
-0.820035781053   0.166772491575   0.54747443214
-0.381239090935   0.554279997787   -0.739885423289
-0.811182557816   -0.384182459255   0.44089306628
-0.520122470218   0.129352236816   -0.844239666685
0.267311567028   -0.914150882968   -0.304750208041
-0.268074749838   0.755990454793   -0.597171969169
0.792710149284   0.525352519074   0.30921731828
0.5474911394   -0.390490925585   -0.740115051404
0.648283029215   -0.605564328407   -0.461541935466
-0.307182892932   -0.762669261431   0.569187375089
-0.696683417574   -0.227216728768   -0.680444541347
-0.0683227418787   -0.986501329015   -0.148819121058
-0.417202712824   0.163750129869   -0.893939478589
0.906241634088   0.00101134477434   -0.422758888525
-0.490966077525   0.84947503006   0.193247209617
0.727555192269   0.277798747711   0.627288847321
0.479182379604   0.448575555592   -0.754429730328
0.212909637243   0.40831683695   -0.88766370154
0.864411780979   0.344795261428   0.365935104357
0.455479702372   -0.845218071482   -0.279543650198
0.847950037786   -0.467776465324   -0.249330928502
-0.402576988184   -0.262310099134   -0.87699782239
0.344836920882   0.844025230891   -0.410741899026
-0.567326361501   -0.803630992676   -0.179772153454
-0.677402378984   0.331291098826   0.656789330596
-0.46825934747   0.494391985625   -0.732331719958
0.009191808675   0.668897652386   0.74329768013
0.844854344385   -0.402831398063   0.352062496595
0.53491742113   0.624742183118   -0.568823836706
0.161734486805   0.701950612696   0.693618982667
0.741269750531   -0.550397650734   0.384163484752
0.65143005206   0.452026286188   -0.609353037139
-0.103433088001   0.561483227376   -0.820998283605
0.991565556357   -0.00660310340031   -0.129437809285
-0.0780982954601   -0.827461772169   -0.556064449363
-0.819676124713   0.197983520944   0.537525418944
0.35272382355   0.913820964181   0.201288722295
-0.451350146645   0.354589580864   -0.818870731108
0.805608335908   -0.200193759464   -0.557599917313
0.465895301089   0.795468059092   0.387520496731
0.365973738865   -0.571972923866   0.734105031195
-0.934897350648   0.0483565571049   0.351608570903
-0.30469677557   0.398680972767   -0.864993269864
-0.18200774353   -0.915813914143   -0.357991698165
0.689036472315   0.713832993577   0.125184652013
0.382349087494   -0.504793996645   0.773945861313
0.615660551856   -0.485412688577   -0.620754868412
0.706518132899   0.659144945341   0.257604481554
0.400843145814   -0.672709203761   0.621922100933
0.583229714897   -0.336140250797   -0.739494984063
0.716302331063   -0.696167397242   -0.0475597049089
-0.68183268227   -0.712786724747   0.16443624422
-0.148375078443   -0.0853583038798   -0.985240476257
-0.468970607801   -0.0351301929385   0.882514837589
0.154461547994   0.980547333296   0.121113819843
-0.86960232245   0.193113429646   -0.454421614891
0.572561335011   -0.0487241299766   0.818412778987
0.784298205666   0.323367073643   -0.52944316057
-0.238851088003   0.945018356881   0.223361731097
0.968876044371   0.0934205745041   0.229241808805
0.246110792423   -0.263931639916   -0.932614372238
-0.0266212039101   0.960006607119   -0.278708854885
0.447399475961   -0.862828204785   0.235289604397
-0.850522851259   -0.491828114594   -0.186322261639
0.276486145035   -0.116758702986   -0.953898745612
0.359054155423   -0.889173034038   -0.28363961115
0.210728536345   0.373291855686   -0.903463709536
0.909215924543   0.264621439076   0.321406123991
-0.0236170894308   -0.865487866643   -0.500372846767
-0.187174117517   0.495489820789   -0.848207337404
0.982042811093   0.07362465748   -0.173698955071
0.831616274815   -0.513128551984   0.2123992952
-0.552703347513   -0.727427921269   0.406654188479
-0.0541606971065   -0.455574042827   -0.888548766468
-0.221787522878   0.217914031744   -0.950433463986
-0.833064374404   0.464221914953   0.300835107288
0.506768233806   0.858493732328   0.0785777879453
0.336013805619   -0.125384846899   -0.933473814631
-0.772822082783   0.529811735133   -0.349350187746
0.538368601235   0.838795663725   0.0811238788536
0.388340290057   -0.917152749375   -0.0895692661103
-0.788633881776   -0.280487231968   -0.547159495227
0.476705799874   0.283121435104   -0.83222222594
0.498988861318   -0.751727916965   0.431178913139
-0.863662968837   -0.47235682248   0.175969623847
0.071389022547   -0.460200142451   -0.884940357509
-0.220035414812   0.6762971143   0.702998313953
0.573447502537   0.672666139248   -0.467630438428
-0.789140277812   0.300237369926   -0.535831264148
-0.43290293326   0.897576030954   0.0833805674697
0.594643487092   0.214826612898   0.774757155275
0.677491087494   0.384976356479   -0.626736811842
0.458844603791   0.888107255805   -0.0269653807434
0.591846998442   -0.328134590508   -0.736236932616
-0.662705636016   0.321858963987   -0.676186399815
-0.436680503301   0.877853562919   -0.196680604292
0.454850020443   0.0268223944731   -0.89016403997
-0.776158229318   -0.478177457879   -0.411004527757
-0.00573028456739   0.262491135   -0.964917389151
0.246430556332   0.935544814213   0.253037312476
0.969143510913   -0.236335153216   -0.0700467744412
0.336116243593   0.882066837918   -0.33012719403
0.690537398426   0.00755729145111   0.72325720786
0.64045606576   -0.471063669572   -0.606560011079
-0.0894229087023   -0.0080143215603   -0.995961502293
0.450944959917   0.89127837463   -0.0476602773954
0.888060913747   -0.453385740365   -0.0760866868081
0.276478206979   0.78518255917   0.554119255973
0.849158197029   -0.46958285469   0.241707052025
0.449989063737   0.403708175983   -0.796573631977
0.736319796088   -0.650796800028   0.185193636396
-0.372219937852   -0.161022537045   0.914070052254
-0.565053515832   -0.741980638316   -0.360803626103
0.923947872731   0.289348992009   -0.250194902626
0.313619224203   -0.198537154275   0.928561242235
0.219005275478   -0.936408115724   -0.274183387748
0.37581906473   0.1491840466   0.914606008522
0.461627541057   0.825645578894   -0.324359971929
-0.803529740535   0.544107984036   0.241425884662
-0.433766050103   0.229104525694   0.871411573302
0.861699604488   0.388085900304   0.326899259115
-0.263288445251   0.892692808469   -0.365757767253
-0.767764555887   0.229230081853   0.59832362171
0.132182328649   0.970390968584   -0.20216132193
-0.626949295171   -0.0761244879454   -0.775331957047
-0.201748043246   0.822395399831   0.531943167438
0.630999253183   0.524516255146   -0.571596571519
-0.749091229111   0.22033725156   -0.624751011241
-0.314533787985   -0.432009772865   -0.845243191255
0.792312590732   0.370919443512   -0.484416685293
0.522789876318   -0.822062237651   0.225620084756
0.245552769672   -0.53986041296   -0.805142578569
0.337051749942   0.826298021882   -0.451251256946
0.908900409928   -0.160568719098   0.384860664761
-0.600175680898   0.635633922955   -0.485549861549
0.333326682845   0.750571443555   0.57055747355
0.727105545684   0.180587995472   -0.662348474241
-0.471839168082   0.872595050662   -0.126276193417
0.567363221044   0.190869395809   -0.801041727471
-0.674882786022   -0.449607330127   -0.585137995541
-0.228328654362   -0.970798662526   0.0735933586331
-0.507550103259   0.183197666565   0.841921319155
-0.830818222164   0.154882445108   -0.534558238098
0.629235630954   -0.653161066614   0.421240004983
-0.754758969396   -0.642864010239   0.130632164704
0.185476194844   -0.40013308461   -0.897492114587
-0.538077271123   0.780560705881   -0.318116071167
0.716866132076   0.225261927787   -0.659818166295
-0.443368694186   -0.583079795846   -0.680765857467
0.645880736728   -0.129801441404   -0.752322842756
0.560294938351   0.749950780911   0.35162964646
0.518563068471   -0.648633495913   0.557105853494
-0.647004415984   0.548556275528   -0.529595409981
-0.311140914062   0.444163105046   0.840184781885
0.696115376422   0.708382064068   -0.116697189398
-0.737347730002   -0.473232253832   -0.482047258052
-0.424004462148   -0.231292779637   0.875627698378
-0.525869319452   0.850032284106   -0.0301093812271
-0.462600625008   -0.88415876145   0.0652988996286
-0.771564852057   0.365222270021   -0.520865023351
0.436678761577   -0.291334821179   -0.851137874352
-0.714887743284   0.557129043331   -0.422543185461
0.222045094119   0.75388922003   0.618342154555
0.663047125535   0.348221586062   -0.662653934056
0.926961780648   0.248132079524   -0.281375777795
-0.191023637585   0.957695925632   0.215240525718
0.32288051521   -0.145770316385   0.935146612975
0.888746277045   0.301375842028   -0.345402166873
0.164173934256   0.494245589572   0.85367922342
0.427991792386   -0.815410264241   0.389780870003
0.72728425439   0.676581043173   -0.115307004708
0.651265465444   -0.73332926379   -0.195144778024
-0.216589258358   0.0668302542934   -0.97397269483
-0.916197718845   0.228886378242   0.328926687636
0.318233469269   0.914427141232   0.250100904469
-0.243534800431   0.333817359097   -0.910635367062
0.442433060269   0.22455594057   -0.86823246699
-0.759285170462   0.608979644579   -0.229411905544
0.477220092933   0.760735448131   0.439934723406
-0.447073194944   0.866253691879   0.223002465615
0.373671138171   0.407374759737   -0.833316077865
-0.812708704803   -0.289223696187   -0.505820338365
0.832419106509   0.315869280925   0.455307619623
0.47744851336   0.00824889978043   -0.878621006318
-0.281285172394   0.94876685915   -0.143944776809
0.340401130043   -0.937919183326   0.0665933646437
-0.936341614835   -0.344599656313   -0.0671971517107
0.0859735482233   -0.0394801522098   -0.995514875121
0.276061783188   0.599682950806   0.751112674886
0.926892026325   0.0406482388112   -0.37312047949
-0.254285397529   0.799204654136   -0.544619920135
0.502807202661   0.803608570264   -0.318430813128
0.861300293424   -0.434608720554   0.263205365763
0.0731212793883   -0.406606106467   -0.910672692401
0.473632285069   0.688724688161   0.548936027655
0.841897014384   -0.537071997187   -0.0525650740322
0.25861530448   0.487044118899   -0.834209895969
-0.225044221578   -0.934420607446   -0.276067431461
-0.97249888175   0.232862560666   0.004577426729
0.060008527142   0.269505391819   -0.961127369525
-0.272418186298   0.774601416578   0.570772263876
0.693343332378   0.569337368081   -0.441735197548
-0.667130688261   0.275404442125   -0.69216258064
0.592194982886   0.507626394739   0.625795929684
0.766581761457   -0.115591443921   -0.631657360516
-0.248309293517   0.85378806589   -0.457589808995
0.409976436689   0.490885325309   0.768733320961
-0.099521847604   0.861863851594   -0.497278697678
-0.906650276131   0.127366788099   0.402197685325
0.999284258149   -0.00630684138504   -0.037298728752
0.00985845277381   0.995350070371   0.0958177870866
0.036520984703   -0.0961169140422   0.994699832367
0.81782098123   0.530436906578   0.223171527754
0.567867778068   -0.681019126489   -0.462319300904
-0.0932471409344   0.5048263439   -0.858169757805
0.993013966861   -0.0317567997585   0.113643157683
0.0873718564386   0.845192460102   -0.527272096824
-0.0793058656186   0.533517770141   0.842062568116
