-0.507901283877   -0.795027278372   -0.331614101752
-0.0810256405378   0.427349385859   -0.900448414948
0.857596135376   -0.430469661011   -0.281468896217
-0.169327039632   -0.855542414697   0.489260186715
0.700039520609   0.245031813974   0.670748894689
-0.693738440073   0.456077391235   0.557422990169
0.790526049962   0.205580784629   -0.576892628938
0.267472120691   0.731494148038   0.627196122468
0.550933053087   -0.65011756812   0.523278050981
0.952307764236   -0.160097312183   0.259766766171
0.0508124236342   0.922621952395   0.382343864294
-0.300878745975   -0.350909651606   0.88675498117
-0.607210003019   0.749081650707   -0.264901288799
0.305929288575   -0.087273784592   -0.948045651282
-0.733282539425   -0.656703865602   -0.17617250148
0.562997001529   -0.719327755313   0.40694220315
0.547339090402   0.693456538487   0.468548769444
-0.61923686614   -0.041056176949   0.784130151153
0.233944860968   -0.950782356181   -0.203181478489
-0.79506716771   -0.0668058144192   -0.602830972984
0.559587348728   0.302572130795   -0.771564712004
0.946448442094   -0.196101896371   0.256474935807
-0.107542404889   -0.940519247488   -0.322270346534
0.304417439724   0.27743033602   -0.911242246084
-0.995810687269   0.0738996410103   0.0538508883777
-0.0856475412601   -0.547567726776   -0.832366555833
-0.0320245811312   -0.833491708208   0.55160311688
-0.98671497819   0.0396775826232   -0.157541236671
0.0326395553558   0.998360839282   0.0470137641031
0.159148393774   0.0412471093066   -0.986392652412
-0.878263454549   -0.24747122787   -0.40915925479
-0.475586259032   0.363114123271   0.801227710268
-0.0497093011817   0.898279536034   -0.43660377978
0.88872895347   0.0172354035651   -0.458108926052
-0.451628223041   0.204454972157   -0.868464226387
0.0786943162973   0.978724223274   0.189489048123
0.218338123323   0.656433133103   0.722096950324
-0.351159968635   0.743232008193   -0.569467170631
-0.910502685516   -0.129235149098   0.392788920294
-0.470527766526   0.781156137746   0.410364118058
0.845498311402   0.266075074604   0.462965074374
0.252460346082   0.564800091303   -0.785661905988
-0.828156989549   0.551758206166   0.0985843932371
-0.529878813336   -0.828049959741   0.18319854626
0.182714104108   0.0994793752583   0.978120345386
-0.00459543410078   0.557833107918   -0.82994042298
0.494895802729   0.722452490633   0.482846293576
0.868940174251   -0.408515143525   -0.279389246543
0.711773667562   -0.697467248658   0.0831726109646
0.694739012159   0.681597875238   -0.229699894329
0.103517878403   0.221277593806   0.969701126807
-0.170721885164   -0.930870679366   0.323007455368
-0.96615101666   0.222497509832   0.130564432851
-0.193406956786   -0.28978377528   -0.937346847571
0.0712687674124   0.929436622345   0.362033600422
0.865003443849   -0.238322559002   0.441555659007
0.496678774382   0.281691183593   -0.820950834194
0.938294749034   0.0309933709423   -0.344445024485
-0.0165192955316   -0.990822709144   -0.134154656717
-0.345441857351   0.13156659911   -0.92917175656
0.82234964262   0.147811475066   0.549447752859
-0.555161265947   -0.00310744360592   0.831736925107
0.124647639674   -0.989010673164   0.0795038004804
0.178299738255   -0.684447736459   -0.706923262734
0.982650955184   0.0865823255305   0.164014027392
-0.0510519697369   -0.723902477522   0.688010827984
-0.475094192581   0.384758623776   -0.791357257884
-0.843773682552   0.0559657468053   0.533773180121
0.249662734119   0.92131896573   0.298060199587
-0.258127682967   0.883640883651   0.390575073483
-0.175177416761   -0.440383218616   0.880554083187
0.950096296142   0.158875452796   0.268469027182
0.146258020627   0.765218162997   -0.626936802574
0.632272027501   -0.559720061549   -0.535672974808
-0.760815795474   -0.31804813428   -0.565689587706
-0.15855154351   0.448607629642   -0.879552501377
-0.921975292661   -0.386030482894   -0.030692442042
-0.35330294051   0.806059340808   0.474810879534
0.937131376763   0.157323859021   0.311502786615
0.0398604855634   0.838520438714   -0.543410172475
-0.346692838658   0.521663375408   0.779532807765
-0.064025147708   -0.862503441862   -0.501984654384
-0.0217715263298   0.504104195227   -0.863368380818
0.997710770265   -0.0443483159882   -0.0510533619536
0.922653509442   -0.129458760755   0.363250506921
-0.0832452282875   0.852893910387   0.515404898688
-0.376537824769   -0.505779009932   0.776148735508
-0.961480186114   -0.242121256595   -0.130127432987
0.225895286769   -0.965731980737   0.127800863839
-0.156611529354   0.0934828245582   0.983226215266
0.191016552503   -0.127208699159   0.973309109958
0.258962446544   -0.949906839645   -0.174972704373
0.94681103075   0.28547319113   -0.148505653752
-0.339533203072   -0.242404132021   0.908822007211
0.853605450544   -0.485236970502   0.189480387532
0.395063208629   0.840110301828   0.371671551171
0.624255347225   0.512135077636   -0.589934677499
0.188141316658   -0.831475259265   -0.522734864148
-0.758226949157   0.215328947159   -0.615406644495
-0.346818273657   0.0944052767324   0.933169185509
0.801260331364   0.546988700367   0.242456682839
-0.487543809765   0.831799858978   -0.265348880088
0.747888553846   -0.294142751967   -0.595098943447
0.489244622733   -0.361670067347   0.793621107023
-0.448667371393   -0.884689100108   -0.126581143922
-0.99332295566   -0.0228002476312   0.113091354523
-0.10259048857   -0.273818334553   -0.956294259795
0.0527702322794   -0.961511137934   0.269650948848
0.727624482888   0.616401474847   0.301017995654
0.267389381083   -0.658965394705   0.703041625699
0.631716337279   -0.431061283795   -0.644298563422
-0.505520786174   0.394028589939   0.767587262177
-0.851357499977   -0.0832993957452   -0.517930128397
-0.140139723058   -0.915315618232   0.377568771275
0.375871066139   0.873674195431   -0.308892120128
-0.435674425446   -0.127587994931   -0.891015767852
-0.817868410352   0.469483443571   0.33268086744
0.727276777635   0.664301926852   0.17254401958
0.567657381647   -0.723501519038   0.392823941493
0.385789561515   -0.187745843974   -0.903281745801
0.607569131273   -0.791805461903   0.0624808868676
-0.741805621041   -0.537565797508   0.400933203841
-0.283873512882   -0.289943311442   -0.913974127005
0.482081875611   -0.844020197035   0.235004196142
-0.799719581907   -0.314361184762   0.511493534494
-0.357834676243   -0.434519219956   -0.826527308664
0.638736524807   -0.694401343364   -0.33139466835
0.0385196133418   -0.401304961172   0.915134180067
-0.768460728512   -0.597294820397   -0.229580065036
-0.180729509056   -0.58036098633   -0.794051616775
0.338321795331   0.721393509088   -0.604259685772
0.923512429457   -0.377852524924   0.0659716761015
0.889768728885   0.446100568622   0.0964670501955
0.329274718351   -0.481053677467   -0.812505704134
-0.316053427372   0.754706328362   -0.574916158215
-0.238628434411   0.793843878467   0.559346374719
0.631087643934   0.564547615124   -0.531990954747
-0.738095424701   0.226048417112   -0.63570217646
0.113288799995   -0.0331058188353   0.993010399017
0.877424276963   -0.465572556882   -0.115623667446
0.466146206669   0.88439029791   -0.0236963071249
0.0253531882573   -0.711143101044   -0.70258999828
0.968605829955   0.191341009209   -0.158717876664
0.247305402333   -0.676508764195   0.693668458231
0.120842132438   -0.51881810005   -0.846300749195
0.990717633274   0.00956592042867   0.135598909603
-0.0622555230237   -0.854831136674   0.515158206405
-0.387517010914   0.319126156271   0.864863609268
0.539556721758   0.839206738368   -0.0679013570106
-0.747468467735   0.440330042878   -0.497393549496
-0.0924916338246   -0.995553944554   -0.0178224901498
-0.953980761797   0.0834732123932   0.288015501205
-0.285247267812   0.0436413370035   -0.95745988423
0.478548013191   0.117498850048   -0.870164248466
-0.232408719438   0.972611846677   0.00351892484386
0.846745526236   0.200549784194   0.492749224108
0.537102589619   -0.790374693642   -0.294667018642
0.458554853851   0.566790375083   -0.684453151591
0.707988880021   0.232500568524   0.666854730359
-0.701426629604   -0.130721574238   -0.700651520594
-0.332970814689   -0.809070435768   0.48428861904
-0.630183401755   0.572989441435   0.523977079801
0.0779761772795   -0.286971151663   -0.954760322746
0.665694381755   -0.697912455817   0.264138588841
-0.742139276603   -0.656175100205   0.136614538007
-0.895286623899   0.427119348329   0.126613282674
-0.445464226497   -0.855224181378   -0.264864536127
-0.00484602703929   -0.29353136437   0.955937160149
0.48355508841   -0.870951721501   0.0872787218491
-0.549328800217   -0.224326205784   0.804932060891
-0.681478059607   -0.437173709426   -0.586912942489
-0.596148054979   -0.158355984167   -0.787102838785
-0.455197455003   -0.740899629915   0.493824883284
-0.661364327359   0.652679952711   0.369602632331
-0.34373509693   -0.898659559741   -0.27250170426
0.938611070293   -0.337822919752   -0.0698923000985
-0.0292479377347   -0.279797552841   0.959613405264
0.64159231632   0.371383271419   -0.671143624978
-0.53792751075   -0.405887424214   -0.738843279758
-0.546802791522   0.835062790798   -0.0606369739376
0.753817981447   -0.567373035505   0.331430670622
-0.494507539827   -0.822000524626   -0.282448987551
0.43269012457   0.0490201601054   -0.900209020174
-0.684855670312   -0.386058233191   -0.618006271349
-0.632412332705   -0.106404574637   0.767289194462
-0.361977005187   0.916317143287   -0.171276211525
-0.896182432193   0.204172856803   0.39391686023
0.0824152436863   -0.795773504551   0.5999602129
0.435964191003   0.570138556844   0.696331279035
0.576315066939   0.156223249519   0.802156618079
-0.370591706977   -0.824873751372   0.426901722903
0.72836991312   -0.543302485368   -0.417492130529
-0.446151242896   -0.472149529043   0.760278824305
0.41975658019   -0.860674454469   -0.288173379776
0.790413487897   0.190563127725   0.58217884924
0.782358614357   0.124991129617   0.610157533804
0.191034240394   0.884279350523   -0.426093826799
-0.592807656443   0.449919156911   0.667945981878
-0.644082459923   0.515656914282   -0.565027195428
-0.0396567943489   -0.760155332999   -0.648530036602
-0.763927433387   -0.395299654018   0.510052017006
-0.585124324314   -0.374888404549   0.719088457167
-0.537035587453   0.843554973107   0.00279018910218
-0.607636653688   -0.384543484512   -0.694912948227
0.584629311407   0.519112249257   -0.623482991681
0.0604072622079   -0.794217698348   -0.604623196961
-0.809048534339   0.315817542739   -0.495681095849
0.91838196738   0.382987992857   0.0994724048134
0.365641632186   -0.917476263493   0.156663661197
0.151263871444   -0.107505828934   -0.982630010706
0.681607329032   0.730787515325   -0.0368924986305
0.30544097759   -0.238345148215   0.921898801134
0.664918986207   -0.639641460326   -0.385670252954
0.228493690998   -0.183902637504   -0.95601801923
0.791512341075   0.606844678833   0.0724413535072
0.566832291864   -0.773252452755   0.284221387669
-0.285484655291   0.242607946123   -0.927167674194
-0.313901951821   0.890395054113   0.329639518648
0.905518678016   0.385146766947   -0.178039017281
-0.166214225379   0.112501444961   -0.979651088992
0.0173318836688   -0.992983825029   -0.116973197952
-0.985937339333   -0.0364218081981   0.163098175334
0.564977936921   -0.819712820364   -0.0941850461753
0.3453911662   0.131288447371   0.929229942424
-0.749336288393   -0.557525098734   0.357296643112
0.199562715743   0.889074025621   -0.411973420807
0.337095097539   0.332478873324   0.880809113264
0.920076962922   -0.314650879165   -0.233352108498
-0.472639758362   -0.608634243212   0.637319399364
0.153558463452   -0.769010429697   -0.620518136173
0.867773851368   -0.195415754246   0.456925842861
0.174132587345   0.478533457376   -0.86062975326
0.794002528117   0.448709259067   0.410146298498
0.582441265166   -0.754762036009   -0.301821870698
0.235003798005   0.536980137421   -0.810200929979
0.352852051889   0.72955188439   0.58587496743
0.905686835723   -0.423563903087   -0.0180270796396
0.269173569233   0.255187281857   -0.928668423499
0.777526010069   -0.626597829491   0.0531833032403
-0.568329915887   -0.736379393558   -0.36707832332
0.948858556964   0.30705604165   -0.0733759235878
0.257281076507   -0.886792261797   -0.383934801872
-0.182958701755   0.345421585463   -0.920440134799
0.74090619376   0.585483373212   0.329039863452
-0.0126310876606   -0.477693929161   0.878435521634
0.671489737579   -0.654994450156   -0.346531099026
0.607395606883   0.0142884704157   0.794270996797
0.353796753086   -0.900070443285   -0.254364019922
0.711265375402   0.435510087986   -0.551754047576
-0.749562778967   0.527567715822   -0.399784874163
-0.197609800304   0.398076838546   0.895815381335
0.631748373335   0.750471275823   -0.194131030373
-0.774988478298   -0.415944098389   -0.475797609831
0.379979124083   -0.908271402649   0.175096900002
-0.504983884661   -0.0450950789373   0.861949946394
0.0330682202075   -0.974679842566   -0.221146325556
0.912079679632   -0.0610470685957   0.405442860854
-0.408677318693   -0.21511034357   0.886966960645
-0.628798477237   0.562182643149   0.537180743109
-0.642641163972   0.0131941158737   -0.766053685896
-0.437749710901   -0.826907849188   0.352985268188
0.993381275052   -0.114545725327   0.00853927314833
-0.00691310506438   -0.133829526731   -0.990980255481
0.114655359033   0.984362196848   -0.133735612537
-0.462822774127   -0.885794284367   0.0341110763932
-0.862133523836   0.440841812912   -0.249768458912
0.206205884561   -0.145006833535   -0.967704578578
0.106212122781   -0.985815359476   -0.129950228918
-0.0327578156517   0.127149476231   -0.99134249188
0.99380375854   0.109549476109   -0.0187883420312
0.365146459315   -0.334945600471   0.868607798707
-0.84591471872   0.270205648849   0.459801257048
-0.388711141984   -0.902662922721   -0.184670777445
0.421405940604   0.226814495294   -0.878050236574
0.446966984342   0.790505203596   0.418714745378
0.789073854675   -0.568908347463   0.231744997907
-0.450451091893   0.205877797124   0.868739400778
-0.881114125114   -0.25944021971   -0.395384206717
0.143985111512   -0.943559804701   0.298266965343
-0.778278421723   0.619892733591   0.100078454828
-0.612245204802   -0.784539407874   0.0982533800405
0.13942204803   0.0151959314744   0.990116445773
-0.60442255841   -0.742740368304   -0.288114762164
0.753002306419   -0.650709780027   0.0977972837308
-0.260117084048   -0.157840195985   0.95258888043
0.0285372482689   -0.727137998665   0.68589791978
0.84356960631   -0.350601373369   -0.406778805129
0.536261078927   0.59021098591   0.603386316832
0.991975478511   0.113711321638   0.0552664940506
-0.0802750560839   0.228765309627   0.970166144782
0.0976758179079   -0.966817546615   0.236057760206
-0.754126381907   0.115952180295   -0.646412014118
-0.00589117202073   0.983055855881   0.183211567075
0.656702896448   0.141972800573   -0.740665261568
0.725369701574   -0.572126793413   -0.382765892286
-0.379315544914   -0.79623218381   0.471310966191
-0.57442015409   -0.196685641888   -0.794579287957
0.0622541219164   0.91490055449   -0.398850096775
0.870423672044   0.145767784693   0.470228012873
0.488351364746   -0.376442197872   -0.787276454755
-0.385640052564   0.84664303462   -0.366711496667
0.914030237393   0.404765796769   -0.0267090789242
0.125819215501   -0.345485486954   -0.929951237063
-0.969770772222   0.237596912567   -0.0556089604561
0.152586799041   0.412612159484   -0.898035898283
-0.190425623546   -0.879374159834   -0.436393364881
0.585551854658   0.740445916377   -0.329952830609
-0.80555984985   0.486028412829   -0.338894836538
-0.0905668472267   0.464237252752   0.881068339768
-0.653828126342   0.189973224908   -0.732406277296
-0.374486538189   0.759850795512   0.531400603383
0.657471378784   0.621720952179   -0.425669406584
-0.800351811842   0.475500485076   -0.365152387332
0.419474035557   0.00897919480137   -0.90772292444
-0.428343916468   -0.879669632733   -0.206646622213
-0.973692602338   -0.143110813079   0.177318953676
0.18957122356   -0.0769778329428   0.97884481121
-0.126433648017   0.986708522521   0.10208243842
-0.593343422635   0.499564812647   0.631172385946
0.666523086218   0.744552060657   0.0372720338814
-0.451320903963   0.442806082768   -0.774746548692
0.934218351207   0.35620901504   -0.0187405942405
-0.351485451905   0.910333389833   -0.218520242663
-0.0607786917228   0.210732667041   0.975652445123
0.997538946309   -0.0545808345779   -0.0440111701083
-0.0193729710242   0.388706778631   -0.921157819399
0.0673850027174   0.91974342767   0.386692757452
-0.848136643325   -0.403789131139   0.342955641188
-0.52077388098   0.516610033665   -0.679638608384
0.0972563578279   -0.755028748255   -0.648438732781
-0.341032322542   -0.780235522118   0.524337186366
-0.41568886811   -0.37511209949   -0.828549140212
0.843148693832   -0.500523169135   -0.196409870546
0.424922135884   0.268372195596   -0.864533135898
0.372990063808   0.818295492022   0.437345286973
0.824814882708   -0.508299962982   0.247611705894
0.18452941836   -0.390331484471   0.901992364707
-0.950946408698   -0.302762972166   0.063525667802
0.248293820995   -0.869468754422   -0.427052998514
0.0486618914467   -0.581170729025   -0.81232542989
0.997810259056   0.0647614552848   0.0134402690452
0.0447962860453   -0.811200676549   0.583049530591
0.987167670397   -0.0701133624076   0.143471624148
0.128631879313   0.881531220536   -0.454264842184
-0.0946246804383   0.466890590644   0.87923793493
-0.607743655385   -0.126500114064   0.783993220941
0.325015316077   0.861141500138   0.390896867544
-0.724577596711   0.492374895666   -0.482238808541
-0.823467850331   0.561881332759   0.0786769811833
-0.0187025418847   -0.165478502007   0.986036044118
0.567054595606   0.810497522063   0.146774835484
-0.942231945819   -0.0287254864245   0.333727144098
0.235639622522   0.651249359346   0.721351675849
-0.238060766562   0.758319931415   -0.606859088292
-0.589523907801   0.181372239335   -0.787124941117
0.525027287428   -0.654500626663   -0.544036099127
-0.613846812801   -0.733984359844   0.290618392256
0.28891803475   -0.112184828449   0.950758083564
0.746367281306   -0.595549927003   -0.297079393164
0.599551708021   0.795446320447   -0.0883340290917
-0.227785916867   -0.825109946202   -0.517017555558
-0.225933281883   0.561272472837   -0.796195555987
0.947136594275   -0.0645506616078   -0.314269762897
0.954317090523   -0.141437521545   0.263200148621
-0.192579462628   0.382351765437   0.903725775908
-0.228455775389   -0.913127896281   0.337646862454
0.998016152458   -0.0285398304192   0.0561180676165
0.0330957916929   0.996082014001   -0.0820078652068
-0.0535577072472   0.083702445981   0.995050487428
0.893306665918   -0.387953917205   -0.22692500689
-0.212116331892   -0.809042890879   0.548138907999
-0.396244700118   -0.441521640288   -0.805014769297
0.839934162867   -0.542389998302   0.0179914365931
0.542035778076   0.840088339528   0.0211848312352
-0.0266048366709   -0.00804186115656   0.999613680946
