-0.51435107414   -0.772670370038   -0.372053049706
-0.0699749906913   0.470207707599   -0.879777365242
0.85472011396   -0.426480024127   -0.295919441424
-0.138293377302   -0.862323997053   0.487106010947
0.711678031325   0.255515284557   0.654390035901
-0.688759262387   0.437160455055   0.578360972933
0.770017367023   0.217890471076   -0.599664070207
0.259016944707   0.752186529396   0.605908943117
0.583081020818   -0.62188356435   0.522759366777
0.949743111982   -0.197363584307   0.242972502213
0.102969125971   0.929972481564   0.352914355943
-0.295610183077   -0.310159312489   0.903557314473
-0.609655206172   0.731019916483   -0.306480686655
0.405382674356   -0.0447174696323   -0.91305270124
-0.681164750204   -0.680889293215   -0.269080570583
0.599235799052   -0.682626350212   0.418255571548
0.534435414135   0.730081342185   0.425863853729
-0.59606647721   -0.0316622770819   0.802310572632
0.228805262878   -0.949219057445   -0.215942892134
-0.819505944672   -0.0680911055728   -0.569011078969
0.525412369788   0.307159213317   -0.793470263682
0.94732071943   -0.195644024719   0.253587992874
-0.113120550733   -0.945102694062   -0.306569141758
0.299645115995   0.261733286512   -0.917446723898
-0.9937561091   0.081584207673   0.0761105293955
-0.107890501174   -0.528818287121   -0.841849665298
-0.0284329981363   -0.844804850995   0.534318564484
-0.986002543984   0.0759268346723   -0.148438873054
0.0649939662838   0.994897190127   0.0771710141392
0.153540768539   0.0664431851526   -0.985905946601
-0.890304376388   -0.220883338932   -0.39820681557
-0.454495310124   0.376983522186   0.80704240104
-0.0281448123093   0.899496511712   -0.436020521258
0.894978289273   0.0352797997545   -0.444712488535
-0.443418808133   0.179676946397   -0.878120695308
0.0489246596741   0.98309283929   0.176450692867
0.192742712525   0.685333277777   0.702259599536
-0.376361137176   0.712575927875   -0.592104586569
-0.906202262849   -0.15017937736   0.395276628988
-0.4426523678   0.803649019692   0.397752604554
0.864907185269   0.265600990103   0.425901015408
0.236631447933   0.532545178557   -0.812650718725
-0.839440410174   0.520951967746   0.154754143946
-0.484160388239   -0.84623315199   0.222436892023
0.246837023613   0.111796689463   0.962586611167
-0.0172444595316   0.599188882446   -0.800421958575
0.516492638841   0.690797805243   0.505997773014
0.856117972384   -0.40468639145   -0.321389081855
0.732807605329   -0.680280404362   0.0145459621
0.666814076776   0.713717149291   -0.214398735586
0.135469555936   0.166812476299   0.976637904838
-0.217406769655   -0.918762558688   0.329559793151
-0.962250463198   0.2583769389   0.0855301322322
-0.163732533673   -0.298524233854   -0.940252593306
0.116323637241   0.922160621389   0.368901883674
0.869483063464   -0.274076261867   0.410951828113
0.480070842447   0.272950528558   -0.833684589753
0.916774137407   -0.0116650903599   -0.399235653027
-0.0574521764793   -0.993029698249   -0.102913875708
-0.395252360396   0.117285736824   -0.911054129862
0.816303395299   0.127652560078   0.563341451278
-0.566358030439   -0.01479272991   0.824026550846
0.113522456724   -0.991708626083   0.0602216968552
0.209671193073   -0.660258262443   -0.721177521607
0.976301466714   0.100935379348   0.191435355375
-0.0536044483893   -0.744225151464   0.665774351444
-0.505594774819   0.343255729861   -0.791548752506
-0.84587108183   -0.0165132109778   0.533131716171
0.169929504797   0.939096809589   0.298699088748
-0.299537802803   0.863695424798   0.405348390739
-0.176650654656   -0.467715885542   0.866046417128
0.937588209664   0.187808582324   0.292670950906
0.160945335037   0.74749393192   -0.644476082467
0.642483628869   -0.575035906266   -0.506506162984
-0.749207171459   -0.332545528083   -0.57280196053
-0.222748868673   0.426364203806   -0.876696359761
-0.909739067094   -0.41411335116   0.0297483141569
-0.35036805121   0.804191331776   0.480123453486
0.949117784738   0.185825214919   0.254252669983
-0.0134347502331   0.830509899007   -0.556841822368
-0.314634610588   0.525092655778   0.790748230898
-0.0842488441763   -0.845808786083   -0.526791827614
-0.0277156253031   0.53045593621   -0.847259313229
0.996059223324   -0.0567802529503   -0.0681324189053
0.923383524529   -0.104945903864   0.369254957842
-0.105843409845   0.855017361236   0.507683449186
-0.368998698129   -0.507869736494   0.778401112237
-0.961600389571   -0.266043505025   -0.0674206512196
0.26115946518   -0.962511928739   0.0732565408846
-0.0843826079451   0.0528359770386   0.995031625129
0.206073993597   -0.160362562899   0.965306872235
0.243927094111   -0.946920718025   -0.20938177221
0.947646074187   0.278612638255   -0.156018960011
-0.338431270888   -0.242856871901   0.909112102359
0.837518668931   -0.518180090156   0.173354761567
0.428983396039   0.820067030149   0.378765510556
0.640094691785   0.491294667971   -0.590684632246
0.191215211713   -0.846503489481   -0.49685871745
-0.744120640997   0.205088740597   -0.635785404144
-0.327800707839   0.0863245697434   0.940794751579
0.812614160648   0.533688148744   0.234169139309
-0.481876459121   0.841263947016   -0.245091920709
0.764445956244   -0.261792956675   -0.589140753825
0.503619647293   -0.328012459792   0.799234056508
-0.402479354554   -0.907674101237   -0.118903721982
-0.99033762272   -0.0954815967469   0.100571654598
-0.0694438090122   -0.286292847657   -0.95562229085
0.120037287606   -0.953372786513   0.276895972382
0.744173756156   0.612287671243   0.267037878011
0.247934345972   -0.624390183775   0.74071955455
0.620269280826   -0.485016191533   -0.616461931683
-0.493218709483   0.396889672247   0.774089072833
-0.860805897196   -0.094303612642   -0.500120021589
-0.125493075378   -0.913008990485   0.388157276534
0.386662902486   0.874161705745   -0.29382496839
-0.460894041225   -0.0927934818018   -0.882590535015
-0.798791889421   0.47668719507   0.36701612424
0.717440872483   0.674451216708   0.174339183125
0.592042077826   -0.72221839236   0.357612600198
0.367103217876   -0.153349763673   -0.91745249327
0.622680053575   -0.775398474513   0.10500836444
-0.738439067245   -0.537934358728   0.406613292535
-0.258799719563   -0.33073226547   -0.907545521575
0.473368215572   -0.840176034101   0.264625705874
-0.809650053586   -0.2966667751   0.506414469856
-0.346971646124   -0.453974730876   -0.82068119298
0.648635189229   -0.695381824495   -0.309380848561
0.0276735638628   -0.384675260802   0.922637045425
-0.760596190601   -0.607016525219   -0.230270217253
-0.161799162411   -0.564968046311   -0.8090934048
0.352502189769   0.732714598035   -0.582126725065
0.921717547436   -0.379394813452   0.0805998652255
0.888871627165   0.451387163319   0.0784656562566
0.320357223147   -0.489908036804   -0.810778246533
-0.32753393717   0.745814819017   -0.580070492041
-0.227127622332   0.792993620644   0.565308907406
0.626158059084   0.563500501216   -0.538881499193
-0.745881443808   0.231577854614   -0.624525875393
0.108298631275   -0.0746746028495   0.991309795247
0.881673943977   -0.453460080229   -0.130479930071
0.459262956242   0.888142814714   0.0167295455829
0.0663119575079   -0.679791719447   -0.730401220196
0.968389528595   0.220259406156   -0.117079096803
0.240467139543   -0.699549149218   0.672909015119
0.147949358942   -0.514415921629   -0.844681742885
0.982635535887   -0.0202403015452   0.18443897041
-0.111974956133   -0.85730192451   0.50248882518
-0.404441178582   0.347394852743   0.846016636571
0.522020247008   0.847244381507   -0.0983454102567
-0.75094753131   0.401862879963   -0.524007663042
-0.114703217019   -0.993156399597   0.0219894962365
-0.964942266306   0.116650353545   0.235115115877
-0.236071164486   0.00574986582759   -0.971718757842
0.464624304812   0.185736807253   -0.865809502032
-0.229617403506   0.969581673193   0.0847775148
0.855219330573   0.15941523591   0.493139614283
-0.810032540872   -0.369205335158   -0.455559769097
-0.379927277784   -0.261321760185   0.887336577207
-0.446657079115   0.891851085185   0.0714079514575
-0.697634292327   -0.143177221968   -0.702001906891
-0.331212752118   -0.804388262459   0.493211553041
-0.635298754134   0.576593276347   0.513746714508
0.0602623335237   -0.324162938742   -0.944079890849
0.672882165432   -0.685406079065   0.278294984189
-0.737291016222   -0.65202522645   0.176819290437
-0.900217431528   0.421320871524   0.109987722912
-0.435309298439   -0.86455964811   -0.251082515425
-0.0106953572059   -0.273907535635   0.961696558825
0.489062860174   -0.866539376555   0.0996344703305
-0.541034906403   -0.211770533631   0.813900774751
-0.68417742498   -0.451954367127   -0.572397153367
-0.587331503156   -0.191673622642   -0.786322407022
-0.432578327906   -0.746795302448   0.505146282246
-0.684045097656   0.636834357289   0.355702552351
-0.344334811644   -0.888024684244   -0.304705919969
0.936036562901   -0.349813508587   -0.0382891906796
-0.0725885004883   -0.298400183284   0.9516765418
0.646597058766   0.356035314573   -0.674648870429
-0.548659296434   -0.397391323398   -0.735563126131
-0.529986056449   0.845765328483   -0.0616099756889
0.761427110914   -0.583991147633   0.281394908005
-0.521143643415   -0.809614054105   -0.27006367087
0.38553606536   0.0589866330768   -0.920805364572
-0.691461357503   -0.345620923387   -0.634371632718
-0.625464283498   -0.152992440839   0.765106360654
-0.361490831348   0.925818281502   -0.110385182378
-0.896938169343   0.192766742177   0.397923238183
0.0963511793774   -0.793121705582   0.601393723252
0.431530266155   0.577753358489   0.692807827718
0.563947180899   0.15028261268   0.812021375016
-0.381223159381   -0.824880843478   0.417421246242
0.732552032219   -0.544964889134   -0.407898013851
-0.444777445477   -0.467113049063   0.764184809709
0.401163771619   -0.86675370664   -0.296320165306
0.800775032288   0.174766734309   0.572901332031
0.810331970426   0.130181310796   0.571327335268
0.170491531416   0.880447617248   -0.44243036853
-0.560619956317   0.455921944637   0.691260041502
-0.621946921707   0.53146462729   -0.575089016169
-0.0290944285462   -0.74958960328   -0.661263140423
-0.782518715946   -0.394538688336   0.481667605928
-0.589636627938   -0.383530099074   0.710797657634
-0.513410536769   0.857357366613   0.0367146653205
-0.623488787171   -0.343282695485   -0.70243770062
0.566385996507   0.485395401314   -0.666031686441
0.0386395375129   -0.822904802598   -0.566863891954
-0.823233799781   0.295328613996   -0.484837210468
0.928047119597   0.354720395028   0.113586905751
0.337443657608   -0.929837093707   0.146747255875
0.1576715629   -0.0978591871903   -0.982630784036
0.683002555548   0.730393527454   -0.00572749231366
0.303598829073   -0.276750667082   0.911721897979
0.664330685804   -0.624447246229   -0.410768032564
0.203280008825   -0.161637589383   -0.965686557694
0.796674167282   0.600665875707   0.0671623179022
0.569199006673   -0.782990290782   0.250875856438
-0.315973841793   0.281052051365   -0.9061844601
-0.251681141455   0.896069303485   0.365672539833
0.914777095438   0.343612496536   -0.212398959239
-0.165907818777   0.0732917670509   -0.983413907036
-0.0492881903156   -0.996604237028   -0.0659596015182
-0.984908762254   0.0375274781937   0.168956853712
0.554194127911   -0.831992222345   -0.0256478175909
0.286712069219   0.161872174231   0.944242335724
-0.781450611333   -0.530647096636   0.328250820073
0.170698057934   0.878463090153   -0.44627880552
0.392961172577   0.35465391434   0.84841152626
0.903572736344   -0.320192442575   -0.284663151555
-0.466516031493   -0.633860038003   0.616915103222
0.201832346052   -0.755348226389   -0.623468331977
0.861177389652   -0.166344549397   0.480315515509
0.167677371972   0.447905312082   -0.878217017791
0.813666906041   0.440101270905   0.379811844682
0.556624168485   -0.778261975659   -0.290650704975
0.259741529638   0.522426998102   -0.812160310182
0.371608950814   0.722187057362   0.583397499012
0.891314268626   -0.45333859954   -0.00655657767776
0.281119894705   0.24981890405   -0.926586272281
0.76882812378   -0.636476174418   0.061655457851
-0.574347386941   -0.729718161057   -0.37099391442
0.948614970472   0.299730141211   -0.101446933151
0.234814991356   -0.881684199872   -0.409261397557
-0.212112134566   0.364410227828   -0.906759961745
0.754393850821   0.561059469102   0.340737714341
-0.0363006956705   -0.48263105467   0.875071153999
0.655417559528   -0.67251731368   -0.343727050818
0.606271957002   0.0463892752806   0.793903236731
0.334542033283   -0.92054546575   -0.201687068135
0.721467907893   0.387871216546   -0.573620063505
-0.736805774875   0.523001705965   -0.428469912209
-0.209559924454   0.425863932259   0.880184383674
0.642807815893   0.73831505928   -0.204178806608
-0.760494727374   -0.453845139865   -0.464405381814
0.399886458374   -0.89081739629   0.215720158714
-0.511603938654   -0.021655380093   0.858948458562
0.0348543106247   -0.983134367451   -0.179532706122
0.928579929634   -0.0345587617734   0.369519967343
-0.369492207376   -0.179589831342   0.911714319931
-0.632854702956   0.55828178543   0.536485202968
-0.625208556057   0.0402667574003   -0.779418276461
-0.456737546496   -0.828673660922   0.323559542148
0.989631202455   -0.141564984072   0.0242783527331
0.00298828277769   -0.148702162103   -0.988877513726
0.143600673023   0.978696593573   -0.146737263286
-0.47217612721   -0.881020005763   0.0292139408087
-0.851117518324   0.447022600658   -0.275263082346
0.229452990599   -0.154837152987   -0.960924961253
0.10875771286   -0.982038474628   -0.154182340897
-0.062568333   0.148032274063   -0.987001342219
0.992097255111   0.116990940618   -0.0453448587427
0.344570779804   -0.280729848725   0.895802282728
-0.853866577499   0.302815368577   0.423337596233
-0.390106197766   -0.910765394922   -0.135364507445
0.36655330031   0.263434853884   -0.892323235039
0.440515922137   0.795624856643   0.41584469437
0.819502532257   -0.545511837866   0.175591669429
-0.426035622325   0.225137490464   0.876245832457
-0.897302551128   -0.228808617081   -0.377484765902
0.115506624263   -0.947079578038   0.299497066119
-0.770010739529   0.627776223393   0.113931884702
-0.623410014447   -0.778281742973   0.0750831701584
0.135806534808   -0.013211430508   0.990647284964
-0.583426747724   -0.756036972762   -0.296683882031
0.778440972978   -0.624728206699   0.0611908436272
-0.231609329754   -0.195250514907   0.95301330253
0.0318820475362   -0.742893102946   0.668650411381
0.861626938542   -0.318614302183   -0.395074607161
0.506539785035   0.588722994319   0.629938633627
0.989567012661   0.141192357414   0.0286678506676
-0.0586984817383   0.213390704221   0.97520197682
0.13157361322   -0.966710466251   0.219452178718
-0.767146247882   0.104130956163   -0.632963962899
0.0312985446141   0.991637221413   0.125203922519
0.640708229591   0.0762388685485   -0.763989921044
0.744430090506   -0.550737265456   -0.377508019501
-0.420298877213   -0.825829694066   0.375970969906
-0.518818556109   -0.121217906419   -0.846246728207
0.0887346328729   0.927750139617   -0.36249943913
0.886164300578   0.0926403616288   0.454016074362
0.454795555509   -0.361521011613   -0.813918645106
-0.415562625261   0.847638033029   -0.32987493001
0.906064488623   0.417565252365   -0.0684573040173
0.079717293875   -0.327336256745   -0.941539233424
-0.961511946073   0.262472638737   -0.0812581778804
0.178868002348   0.373444197282   -0.910244840278
-0.208568970114   -0.889745775731   -0.406019013441
0.597975868516   0.729112799715   -0.33289545801
-0.799883895899   0.516377668337   -0.305842862798
-0.0510941655603   0.449164367391   0.891986971492
-0.643698672836   0.16846098051   -0.746507144396
-0.361223769414   0.793081716717   0.490447529324
0.674662439298   0.585356548315   -0.449653538122
-0.793849218907   0.473680529421   -0.381353082705
0.434725695564   0.00354007009695   -0.900555960238
-0.425225807374   -0.880689629751   -0.208731379509
-0.973907869677   -0.149001116688   0.171178645302
0.185803155879   -0.0904067813355   0.978419031476
-0.130309817924   0.984695527112   0.115732753525
-0.572812486579   0.519814356737   0.633781421115
0.69451078964   0.71845478431   0.0384380797655
-0.435362628499   0.462185847287   -0.772556550858
0.934080028643   0.357057595734   -0.00209127194499
-0.345262805967   0.901700004313   -0.26025121909
-0.0910389746536   0.243817504602   0.965538673251
0.997489891572   -0.0706227094879   -0.00513313902077
0.0221691757718   0.380324741462   -0.924587269368
0.0672491178918   0.92215265761   0.380935732383
-0.851882390311   -0.409047027823   0.327073267185
-0.511870586125   0.518105617687   -0.685240886098
0.110837250677   -0.751163828968   -0.650744193913
-0.344181365761   -0.795861839589   0.49813965888
-0.462863893328   -0.317777440305   -0.827511035991
0.816882001097   -0.51538474048   -0.259002636211
0.437264105355   0.307699826055   -0.845056755025
0.317505400472   0.826322786539   0.465167682796
0.841421667679   -0.471711214083   0.263624937494
0.155316202485   -0.41179442456   0.897943332927
-0.96191890107   -0.270001226911   0.0425601366421
0.224919774609   -0.870358942832   -0.438048405569
0.0340084721737   -0.600661038686   -0.798780157756
0.99837737154   0.0569431807788   -0.000313304044189
0.0456732724582   -0.797473379347   0.601622939569
-0.995984127366   0.0129326417793   -0.0885909973471
0.0885283973663   -0.00533637319674   -0.996059358663
-0.0133544335003   -0.99990213016   0.00417003695122
-0.562257783944   -0.136751790781   0.815576564225
0.336362552923   0.863145765674   0.376616011596
-0.755464372016   0.486084699325   -0.439312243964
-0.83293873318   0.54508266868   0.0953831802372
0.00382281558242   -0.166697127042   0.98600073728
0.553352015311   0.821642837333   0.136764743304
-0.929151480133   -0.0130752394327   0.369467948652
0.26973828082   0.659453540037   0.701685320064
-0.252821650235   0.751631603012   -0.609205340198
-0.577621919365   0.169080249499   -0.798601770283
0.526372088808   -0.67060806948   -0.522701866529
-0.623927353459   -0.722285737349   0.29835879613
0.301440899014   -0.104147136134   0.947779910336
0.719599596753   -0.62728990432   -0.29779824763
0.625547603908   0.771790612778   -0.114146595536
-0.248952645728   -0.810033890083   -0.530912118059
-0.218153666288   0.580983662978   -0.784134530063
0.943626810805   -0.0793919408347   -0.321349282963
0.947996548777   -0.117693351016   0.295720845788
-0.233746747739   0.373160066912   0.897838528012
-0.216020835635   -0.920271611856   0.326244017544
0.999999440003   0.000220245099152   0.00103512622625
-0.000219428767805   0.99999966492   -0.000788677173869
-0.00103529958168   0.000788449595739   0.999999153251
0.897032689557   -0.403890828813   -0.179456268396
-0.27621613056   -0.829302162212   0.48575978937
-0.345017395336   -0.386173694276   -0.855472310928
0.865843410367   -0.500314757033   0.000576732203276
0.500314722043   0.865843596267   0.00021379918548
-0.000606326772505   0.000103430996086   0.999999810835
