0.369337035154   0.198731948669   0.907797205901
0.85287081157   0.315458785143   -0.416049436544
-0.369054918997   0.927896205108   -0.0529820659283
0.648191513568   -0.190766649795   0.737194578835
-0.229558378935   0.874118298051   0.42804223118
-0.726051452997   -0.446682534177   0.52280397977
0.922499367792   -0.219607114577   -0.317439177875
0.117514332377   0.943129795631   -0.310960721442
0.367675533738   0.24955741588   0.89584362367
-0.24295641977   -0.970029323019   0.0039103166904
-0.800729646121   0.19827448148   -0.565260350473
0.547543799084   -0.140464737488   -0.8249032947
0.684158049073   -0.211657519054   0.697946171647
-0.244677484815   0.834896322611   0.49303251304
-0.687066730612   -0.508083876066   0.519413209851
0.253875446582   0.890715778438   -0.377057899618
0.884392973576   -0.0559144859398   0.463381741712
0.391658430156   -0.451108603668   -0.801938090992
-0.806117875434   -0.582747717952   -0.102854597016
-0.208974609009   0.117728519654   0.970808739376
-0.553627657993   0.804080277635   -0.216682540652
-0.975061410419   0.221444073305   -0.0147569749113
0.137049580555   0.548488200769   -0.824850353753
-0.174564195584   -0.806302186538   -0.565158496002
-0.759168706106   0.647493150798   -0.0664491936605
0.609038610216   0.742657351537   0.278445738832
0.229640690938   0.170917166713   -0.958150549334
-0.550819688711   0.763179419296   0.337868087413
0.833555690073   0.523502114682   0.176438225648
-0.0422206356525   0.378817515286   -0.924507819349
0.245047406723   0.308954560282   -0.918966184437
0.250505359421   0.895501450038   0.367864401487
0.936588935104   -0.320350171939   0.14204553488
0.256732281036   0.13984263086   -0.956311965034
0.341536523217   0.912508055162   0.225126303601
0.904124625913   -0.384412653093   0.186508908524
-0.333154319913   -0.856342789934   -0.394569670971
-0.776096491696   0.0114200481405   0.630510759684
-0.535427338395   0.516281520711   -0.668409273328
-0.634715979879   0.303745698441   0.710544984899
0.740836853359   0.500690407019   0.447738621324
-0.219764377442   0.810584768546   -0.542822209761
0.404988714583   -0.00288298572934   -0.914317138335
-0.913962630673   0.0267455651704   -0.404916021513
0.0256212957215   0.999638116089   0.00819671083767
0.810614296605   0.226383881925   -0.54005073849
-0.472859790216   0.79705419788   -0.375643746705
0.345410018582   0.559870470418   0.753151362886
-0.205837784906   0.508976697547   0.835807111515
0.868242306366   -0.299011742381   0.395913216949
0.451426742386   0.807176993771   -0.380367187053
0.358560437383   0.733702409321   -0.577161318265
0.650222221488   -0.639918184981   -0.409531170015
-0.669810029357   -0.228441439077   -0.706518954796
0.318809538754   -0.856759067857   0.405369433534
-0.912304218594   -0.393360216924   -0.113880430618
0.257024299892   -0.333514076744   -0.907031901246
0.439971949885   0.0594710816005   -0.896040107231
-0.868118886679   0.28347104817   -0.407447865917
0.229770063117   0.957134972354   0.176347278948
0.875072793652   0.446961127785   0.18567001928
0.167346711326   0.0805423564816   -0.982602669964
-0.454139498412   0.890920130574   -0.0043170499318
-0.445111991613   -0.254290252432   -0.858610378717
-0.545216456885   0.837581646274   0.0345832469024
0.710362111929   0.483521926434   -0.511460865163
-0.576950882498   0.331129338423   0.746646529772
0.583480074002   0.806776671714   0.0930720431748
-0.571558118154   0.48935136989   -0.658677883611
-0.606197927266   0.782430498592   -0.14257134302
0.786686655032   0.616241418834   0.0370218922797
0.116825424343   -0.0897163785807   -0.989091902525
0.343304711337   -0.624043017913   0.701934603057
-0.859282105186   0.093033092944   0.502970284735
-0.379178241573   -0.775831911829   -0.504290299041
0.836575884672   0.259558795689   -0.482462455292
-0.0727703226124   0.925488502355   0.371719668777
0.542996564752   -0.275862762237   0.79312953991
0.0702449917866   -0.227428619064   -0.971257877373
-0.859592126962   0.480219181044   -0.174616475235
0.506129446283   0.847151557508   -0.161762857965
0.822404790022   -0.391726936806   -0.412553473298
0.241440161811   0.896955009591   -0.370375969838
0.51512814873   0.204991994355   0.83223871133
-0.89760556374   0.112523607619   0.426195600249
0.430500630128   0.0159983197729   0.902448481202
0.0947283452965   0.993520252181   -0.062801664823
-0.694863421264   0.618222674022   0.367376579432
0.694353721913   0.709730403137   0.118977576581
-0.187183692281   0.337762461189   -0.922430910776
-0.657491726691   0.504797439082   0.559360505247
0.147383743146   0.814211679632   -0.561549083347
-0.738906395689   -0.2867732314   -0.609736379235
-0.383643572008   -0.350405191768   0.854420160834
-0.849754347458   -0.228304779609   -0.475178362917
0.361573171894   -0.908346370715   -0.210170673921
0.998427157668   0.0553665232002   0.00881810290923
0.0220271285534   -0.532027007398   0.846440824279
0.0515559544368   -0.844915268833   -0.532409778324
0.185143233526   -0.784974496595   0.591216561654
-0.54169825532   0.42044153868   0.727868059978
-0.819929864844   -0.455020826169   -0.347377409297
-0.626029579453   -0.752773983384   0.203514853492
-0.722978785422   0.462500200599   -0.513220459721
0.292213349254   -0.468428110158   -0.833778426283
-0.716835517419   -0.252979745133   -0.649729243238
-0.439919903202   0.887062218614   0.139968207372
0.540941142577   0.386163008147   -0.747168529454
0.727363432205   0.684488510405   0.0491723155201
0.330557625589   -0.412252646319   0.848987285987
0.601393459937   -0.601268022372   -0.526120396505
-0.0712678297731   -0.138443628107   -0.987802742594
-0.60693137667   0.79190814931   -0.0671996061751
0.791552399057   0.594739308347   -0.140463356979
-0.861476215007   0.430207720971   0.269777774834
0.376327698261   0.897579472483   -0.229626989048
-0.340934296455   -0.0962933403432   -0.93514244803
-0.346776312707   -0.882894349571   0.316612944207
-0.467699839192   -0.129831501303   -0.874300086748
0.813020940298   -0.451266383374   -0.367907056023
-0.574145727386   0.658035919932   0.487181087281
0.608625835855   0.74102867732   -0.283639015862
-0.547659817455   0.133660867382   -0.825956110745
0.651760909735   0.147666393352   0.743910177922
0.742549248168   -0.323880323353   -0.586278219099
0.154364278856   0.934503168758   -0.320742103557
0.0396688582105   0.90099888619   -0.432003922171
-0.127939142146   0.433365565693   0.892090725419
0.990988374097   0.019881990709   0.132464141753
-0.19099387207   0.15813030027   -0.96877043151
0.963421296612   0.219214271126   -0.154157414904
0.187991345724   -0.962777186826   -0.194214681375
0.446281789762   0.851992765122   -0.273753342091
0.678707399536   -0.122866583589   0.724058055995
0.583257087347   -0.508932344046   -0.633086912866
0.000511560399405   -0.995517059273   0.0945807750138
-0.288343581783   -0.0907105016129   -0.953220637493
0.957526875419   -0.0267841295054   -0.287097358497
-0.0287209232668   0.588280682187   -0.808146612647
-0.357531472344   0.748948972926   0.557894866652
0.933459348258   0.304961103946   0.188818352472
-0.115156624288   0.33658001483   -0.934586991938
0.187339368002   0.931321511598   0.312320673718
0.975521867043   -0.139119141932   -0.170302528663
0.329959096643   0.189134610738   0.924854093122
0.940572172448   -0.149227252686   -0.30504952954
0.0803180114263   0.970545890763   -0.227133641197
0.104319447786   0.941271614444   -0.321131126885
0.8339426309   -0.25872426495   -0.487443784547
-0.541901412788   -0.216955070388   -0.811956498989
0.653408797738   -0.503974747333   0.564859626003
0.0401978651073   0.768223188197   0.638918824857
-0.755937216096   -0.394769030152   0.522222498705
-0.419526263402   -0.811692648069   -0.406389910539
-0.816324343679   0.141555615081   0.55997908332
-0.397004131254   0.566671909407   -0.721990766462
-0.810601857135   -0.349768931391   0.469666183415
-0.499437977051   -0.00583400487964   -0.866330001481
0.305755353656   -0.936817836626   -0.169958832339
-0.272082223864   -0.790122436099   0.549252036345
-0.755732501151   0.528792671179   0.386324601354
-0.595684186596   -0.30997555852   -0.740996290786
0.616318235397   -0.620787196757   -0.484535952289
-0.305003249497   -0.755434998845   0.579906009899
-0.726033642825   -0.20962160877   -0.654930477702
-0.0682362534177   -0.984937600552   -0.158876482647
-0.427562073257   0.172752518309   -0.887325893305
0.901406948737   0.00738176379244   -0.432909947139
-0.490360305286   0.847697692727   0.20237438757
0.72153598747   0.264636830334   0.639807132515
0.488807313556   0.459756424398   -0.74141178871
0.21135906303   0.399251892399   -0.892146441394
0.868897269087   0.341245896491   0.358564881022
0.447599019491   -0.850969543841   -0.274783466039
0.838959972699   -0.477725901975   -0.260622575367
-0.415438575151   -0.252896255514   -0.873758704806
0.351506691949   0.841321250492   -0.410635603651
-0.55968475501   -0.805077017141   -0.196478933937
-0.674328266606   0.304623840565   0.672670576595
-0.481699453878   0.50897476581   -0.713379509029
-0.00108914924921   0.663483592265   0.748190040397
0.841288812663   -0.403852714494   0.359355142838
0.54058481984   0.629835302116   -0.557741467677
0.174880460778   0.753212192653   0.634104263728
0.788881613441   -0.492551324534   0.367503731513
0.589137186412   0.435963972755   -0.680332852395
-0.10536832175   0.542387046419   -0.833494936187
0.989435279739   -0.0267462571224   -0.142486718459
-0.0995758202521   -0.839702881743   -0.533838670775
-0.8186711221   0.207600677274   0.535424647018
0.349732061343   0.919760212999   0.178125337482
-0.455483346686   0.333081235406   -0.825585738438
0.804358663863   -0.199758803863   -0.559556574574
0.4663740503   0.795769529535   0.386323829282
0.368106486056   -0.571705585195   0.73324643796
-0.933315743881   0.0340880712164   0.357434925019
-0.309269991874   0.429413119125   -0.848502472153
-0.182411058734   -0.902464612339   -0.3902356072
0.687578180296   0.714941961065   0.126863069049
0.381548696116   -0.504394539128   0.774601020778
0.617783812084   -0.484194321741   -0.619595852408
0.70408002677   0.665646697499   0.247357615633
0.410971174194   -0.666025847685   0.622504830661
0.579114850341   -0.336636368094   -0.742497101537
0.697604219808   -0.716222481076   -0.0193315831724
-0.705683259442   -0.691505656164   0.154373135086
-0.123933408929   -0.0940493758373   -0.987823478692
-0.464899656224   0.0348462377058   0.884677370209
0.15026803932   0.987833475337   0.0400567268015
-0.872518094942   0.151561092372   -0.464479718908
0.569348813883   -0.0557465961067   0.820203782698
0.787602763692   0.322955072639   -0.524768432435
-0.235634918367   0.944771050614   0.227780260704
0.968761449271   0.102775500926   0.225695482489
0.245241330501   -0.26179131234   -0.933446301936
-0.0368502947186   0.959636652694   -0.278818131739
0.432016945894   -0.872054444407   0.229961745625
-0.860259314943   -0.47501929094   -0.185231164463
0.270767925563   -0.117803731798   -0.955409342251
0.363876333759   -0.8810109372   -0.302347055986
0.184395920762   0.386309906092   -0.903749301998
0.913012682352   0.27310141887   0.30302385529
-0.027016718416   -0.865420881012   -0.500316695338
-0.180650288475   0.496485640871   -0.849039152032
0.983176266089   0.0674441036468   -0.169751944564
0.828056221664   -0.514894403429   0.221825713301
-0.558735321617   -0.725263698987   0.402252914605
-0.0462356371339   -0.457029889885   -0.888248808392
-0.225542609233   0.213483149055   -0.950555351618
-0.824088137202   0.478598092056   0.303022455279
0.519624165665   0.851685864242   0.0679846681728
0.326935579922   -0.131540738955   -0.935847295544
-0.766533270538   0.542294963344   -0.344010054926
0.552756611665   0.829827214983   0.0764651654891
0.392142774525   -0.915148290489   -0.0934218968084
-0.789991950759   -0.282989382446   -0.543902313986
0.471313867953   0.28708990898   -0.83393202483
0.513835662138   -0.742647204052   0.429474146636
-0.854530934367   -0.487319200431   0.179713324775
0.0758273995693   -0.459342059042   -0.88501699321
-0.336257459356   0.571796799171   0.748317674176
0.474275221102   0.789287088481   -0.389985777441
-0.813630097572   0.223772903667   -0.536592724427
-0.433185659561   0.897896253229   0.0783102980962
0.596220011139   0.220313225538   0.771999858142
0.675922985752   0.381109434534   -0.630780244016
0.457610994299   0.888644946896   -0.0300389123226
0.590007257865   -0.328754011435   -0.737436258691
-0.665194417869   0.319735763283   -0.674748418385
-0.457121975313   0.871280276489   -0.17863420581
0.453739163803   0.0557092811464   -0.889391503908
-0.764957692239   -0.487613736265   -0.420799920732
-0.00926450419097   0.230958294375   0.972919542008
0.269354840377   0.937574868445   -0.220003036403
-0.96299643765   0.260022368885   -0.0708959008133
0.326825043523   0.879868928914   -0.344987041579
0.699660740434   0.0201394776613   0.71419132572
0.635342615618   -0.474789500064   -0.609027660626
-0.0886643874103   0.00069105250163   -0.996061317817
0.446050582059   0.894153931802   -0.0390848370521
0.890605133968   -0.447759163713   -0.0795878549844
0.277166976243   0.788502408956   0.549037720336
0.851742217149   -0.466080203013   0.239383457836
0.444650045323   0.401289416046   -0.800782830587
0.733759322118   -0.655935494839   0.177047687969
-0.365290695851   -0.161161617204   0.916836757916
-0.572852480774   -0.737411391118   -0.357860972334
0.929847611122   0.274333598296   0.245202970895
0.305758940926   -0.205393214539   -0.929690861235
-0.204682412859   0.939443827095   -0.274864340355
0.376339407955   0.163388335353   0.91196101994
0.447657216088   0.829731031298   -0.33339081059
-0.811154527143   0.533714031643   0.239118517735
-0.433752487555   0.238431141497   0.868912751836
0.859097882128   0.400209435642   0.319034851615
-0.271679238187   0.884863265362   -0.378427526946
-0.76690618067   0.232547037239   0.598144452051
0.136955518937   0.969872420554   -0.201471272594
-0.626975355083   -0.0725903803501   -0.775649753947
-0.22484521838   0.812477272947   0.537889680807
0.617732752903   0.545771618977   -0.566162155138
-0.753558805778   0.204973219873   -0.624607961343
-0.315657423198   0.419307214938   0.851200241237
-0.784108418569   0.38991033246   -0.482849790897
-0.534354170106   -0.819848395828   0.205704226377
0.244846793739   -0.552200823529   -0.796946860267
0.356151590024   0.815726354021   -0.455792233675
0.901779403468   -0.172234624422   0.396395183663
-0.606318408721   0.625438157603   -0.491126356713
0.325656766633   0.758719753485   0.56417373744
0.725483051208   0.182130301392   -0.663703921733
-0.45398119746   0.871205364196   -0.186821534493
0.531038336069   0.0961907717132   -0.841870311309
-0.715471423593   -0.481402688852   -0.506312248704
-0.227444003859   -0.971015911488   0.0734664872285
-0.506545869454   0.182407751565   0.842697273229
-0.831673317624   0.154452296216   -0.533351648489
0.656666612578   0.734474689601   -0.171277232174
0.639066525579   -0.662491434244   -0.390767290644
-0.400478383698   0.147146287378   -0.904414193996
-0.505744712174   0.794246730202   -0.33674087615
0.729321514877   0.185155647996   -0.658640656164
-0.460773712406   -0.578696394993   -0.672902718361
0.650232149988   -0.126337502427   -0.749157517885
0.560041076581   0.746024766199   0.360279115077
0.513373298551   -0.653824046437   0.555843478541
-0.645477354289   0.561796420611   -0.517439626315
-0.311435261578   0.425000250037   0.849931094449
0.69740021719   0.709760219549   -0.0993648217571
-0.742441764959   -0.468227216755   -0.479106980888
-0.41823554512   -0.234708088459   0.877491391417
-0.523315635581   0.851865826702   -0.0215721777942
-0.458146735114   -0.886780039054   0.0610141904721
-0.776975160822   0.366184290164   -0.512072909948
0.431753597054   -0.282011042288   -0.856772200447
-0.718161632349   0.553101383968   -0.422282759389
0.211500449722   0.751618266912   0.624769990165
0.662956581981   0.359372842459   -0.65676459292
0.928070224866   0.244676205943   -0.28074759476
-0.186875020587   0.958067989505   0.217217527302
0.322123244114   -0.149128406857   0.934878245479
0.883279381444   0.308512990122   0.353040039147
0.16533205246   0.499665689855   -0.850293779121
-0.438728670985   0.809415797541   0.390337315597
0.723119145833   0.684135504509   -0.095169913313
0.661631229349   -0.725622476333   -0.188987137633
-0.198350238921   0.073692830796   -0.977356920173
-0.919062012388   0.231840905145   0.318708035805
0.300014599225   0.935962034146   0.184299514079
-0.255570455329   0.264999745924   -0.929762806861
0.443991976361   0.21875148976   -0.86891824164
-0.757596096514   0.609461516709   -0.233676730115
0.478455096611   0.76203966129   0.436321298068
-0.450829959975   0.863578880127   0.225796069468
0.37025889809   0.41109675871   -0.833011286456
-0.812194986178   -0.291943441058   -0.505082499845
0.831308020159   0.316095994331   0.457176440761
0.479287471641   0.00882249856429   -0.877613629707
-0.281443591413   0.948686189363   -0.144166636104
0.366009014376   -0.927550198658   0.0754190318432
-0.925954254628   -0.371077065451   -0.070075172724
0.0929845133967   -0.0441864285142   -0.994686603812
0.276849001893   0.578757989028   0.767068328305
0.93392273175   0.0258080002925   -0.35654211286
-0.226148095884   0.815090876688   -0.533370323014
0.498211792229   0.808544026285   -0.313115901295
0.863180499176   -0.428411799529   0.267175515096
0.0818806199656   -0.403385532195   -0.91135924667
0.484238133023   0.6926876114   0.534506598218
0.839706963131   -0.539543797961   -0.0615199654543
0.245775602114   0.478619225579   -0.842922291976
-0.19623820879   -0.942592092991   -0.270204943777
-0.978656155289   0.205421478322   -0.00584345437709
0.061013892892   0.263291022396   -0.962785096686
-0.268873960552   0.783717694186   0.559904785796
0.686169441893   0.56380493878   -0.459668889549
-0.675927725685   0.260596559508   -0.68935559969
0.581299256938   -0.530907181206   -0.616626904073
-0.764994529683   -0.0983579663568   -0.636481798647
0.277262589323   0.84170260508   -0.463316502149
0.411039624394   0.436281727435   0.80044030476
-0.0348321983698   0.884919208118   -0.464440214733
-0.910951779808   0.163022235939   0.378933510599
0.999236655851   -0.0057102762474   -0.0386458063619
0.0094847903783   0.995121205709   0.0982029770393
0.0378964952952   -0.0984945617436   0.994415746532
0.821947466526   0.526940224341   0.216185943674
0.561065894798   -0.683772088482   -0.466541308682
-0.0980174676547   0.504767006632   -0.857672924285
0.992455356504   -0.0255010666644   0.119925230645
0.0854915086883   0.845054287414   -0.52780152829
-0.0878838283669   0.53407204282   0.840858778743
