0.368332669702   0.201835680978   0.907520469363
0.851856815521   0.317723413352   -0.416403408316
-0.37238556669   0.92645247611   -0.0549071873891
0.646337542562   -0.198784911264   -0.736703699005
-0.219708188204   0.876100948617   -0.42915666122
0.730736678367   0.439239896738   0.522582261469
0.922502025457   -0.219804732764   -0.317294646159
0.117674737656   0.943043250951   -0.311162470349
0.367617558265   0.249710444897   0.89582477336
-0.23948311164   -0.970895531118   0.00311558875123
-0.801969950728   0.196004769763   -0.564292768303
0.547258656732   -0.137637196586   -0.825568873412
0.6838777496   -0.211474860409   -0.698276168158
-0.245406254603   0.834632621751   -0.493116778168
0.687085870764   0.50859293165   0.51888942567
0.256559286906   0.893064604166   -0.369611884398
0.880839517069   -0.0586234378837   0.46977126104
0.397868165943   -0.446092933498   -0.801686982064
-0.806597117524   -0.583111981796   -0.0968581782138
-0.213137621438   0.134071732418   0.967779481542
-0.551337867672   0.801252261933   -0.232424973742
-0.975080822526   0.221366636773   -0.014635630003
0.136810067187   0.548068139456   -0.825169267502
-0.17464362301   -0.806609029603   -0.56469591667
-0.75889679795   0.647939764454   -0.0651898128622
0.608845991767   0.741479102569   0.281984571853
0.231045901004   0.174306632385   -0.957201645181
-0.546734573337   0.765513735597   0.339219732518
0.836344217269   0.518694734915   0.177437657255
-0.0401205253953   0.380715763509   -0.923821330593
0.244080802119   0.309493672982   -0.919042016679
0.247737033043   0.89635938557   0.367649580932
0.937577156557   -0.317416947066   0.142111073527
0.256316563395   0.136755925252   -0.956869707033
0.342312216325   0.912941181321   0.222172784117
0.903949205367   -0.384494754654   0.187188722309
-0.333014940887   -0.856756334455   -0.393788817157
-0.776715942769   0.012463612993   0.629727721003
-0.534615182534   0.515570792154   -0.669606873384
-0.634456953069   0.301065882206   0.711915521163
0.741652764348   0.496575177633   0.450959277645
-0.217751123618   0.814108363506   -0.53834191796
0.398772012824   -0.0057209354117   -0.917032252806
-0.916449620411   0.0336954798474   -0.398728865128
0.0331809438779   0.999415772107   0.00819386523546
0.810374185297   0.220968357448   -0.542647827612
-0.46982498282   0.798447556067   -0.376491680823
0.350083083457   0.560048645403   0.750857742492
-0.20552316238   0.508650058829   0.83608333758
0.868249913918   -0.299419075751   0.395588554003
0.451555441455   0.807231896502   -0.380097814467
0.356230606477   0.733560387381   -0.578782267416
0.649547416929   -0.63968479211   -0.410964134572
-0.671705224165   -0.229548523866   -0.704357556232
0.323221090805   -0.854730186441   0.406158140193
-0.910430829098   -0.397947804923   -0.112930288165
0.258154666599   -0.333277441396   -0.906797835887
0.439978932066   0.0636416301878   -0.89575012266
-0.869089560171   0.281275969857   -0.406899453407
0.226057239964   0.957514267094   0.179065777222
0.874678245912   0.448200593919   0.184537784043
0.166263824769   0.080185683748   -0.98281564736
-0.455295845251   0.890329424277   -0.00438287180073
-0.442896785482   -0.253530770477   -0.85997941012
-0.550664740378   0.83387186903   0.0377630738315
0.70753853684   0.490285482614   -0.5089296262
-0.573679441134   0.333456704782   0.748130018684
0.589509147219   0.802217031119   0.0944817460048
-0.568657070795   0.495231724569   -0.656791195751
-0.610508334111   0.782346506918   -0.123343086936
0.780115336869   0.620891420945   0.0769019153122
0.136746609331   -0.0492725736085   -0.989379895857
0.34861429803   -0.621225647342   0.701816761194
-0.859117697392   0.087537554222   0.504236014807
-0.374679667499   -0.778727084212   -0.503189104689
0.836933329211   0.257783571365   -0.482794192996
-0.0704175341587   0.925517157452   0.372101279418
0.542755905854   -0.27742678601   0.79274863927
0.0717124279964   -0.223651866056   -0.972027350686
-0.86246589237   0.475607480348   -0.173060998312
0.501008894303   0.850751060797   -0.158785139049
0.822871965875   -0.392549226629   -0.410836746712
0.24190725629   0.896232195759   -0.37181814189
0.51416204365   0.206574335185   0.832444855178
-0.898433822053   0.114075204951   0.424032445701
0.429525484852   0.0276605761999   0.902631015635
0.0912388363283   0.993086975113   -0.0738494049115
-0.692501671266   0.620226410649   0.368457100389
0.697202948009   0.706597349928   0.12094723793
-0.185336139438   0.340645541008   -0.921743527675
-0.657158950703   0.511649919806   0.553494781434
0.139917394606   0.804362360964   -0.577429056206
-0.740651899477   -0.302019124935   -0.600182648846
-0.384857727473   -0.348038623745   0.854841298713
-0.848875552524   -0.230131691234   -0.475867314508
0.362346279037   -0.908795093006   -0.206873519323
0.998454329986   0.0548514475145   0.00895933246174
0.0216464111919   -0.532260691577   0.846303721536
0.0511896846553   -0.844801677856   -0.532625329173
0.18578024402   -0.784101346793   0.592174618579
-0.543673550694   0.419979444065   0.726661088017
-0.818477104877   -0.456948951765   -0.348271279714
-0.621752870871   -0.757554690332   0.198832237626
-0.727884309109   0.465175844461   -0.50378156604
0.289150134213   -0.457954500891   -0.840636589138
-0.717477922911   -0.251401910615   -0.649632595761
-0.4399306127   0.886611086079   0.142764974876
0.540080073827   0.388223983521   -0.74672327704
0.724252966258   0.687960450163   0.0465624298978
0.333990837302   -0.409083935419   0.849176338801
0.603247678375   -0.599467057304   -0.526052740457
-0.0713490428178   -0.13473075715   -0.988310142196
-0.610188183309   0.789699257671   -0.0636039573055
0.789037194966   0.598517088739   -0.13855540209
-0.862975547304   0.425420762293   0.272562616229
0.374321105234   0.90067099173   -0.220625190837
-0.339347778734   -0.0883682050599   -0.93650101196
-0.34613702861   -0.880329063972   0.324360750633
-0.461548087588   -0.141216836471   -0.875803155933
0.816800171566   -0.452855986185   -0.357433819759
-0.570938854841   0.65540373078   0.494443903504
0.618699611599   0.73935895772   -0.265629671246
-0.539666206686   0.154253950742   -0.827626790312
0.651663617568   0.148964336572   0.743736617337
0.742865413089   -0.323448159586   -0.586116256468
0.153249820796   0.934446849473   -0.321439851195
0.0388058882487   0.900238137648   -0.433665076483
-0.126998183184   0.43491591123   0.891470477148
0.991143564023   0.0204803731112   0.131205906164
-0.190245963047   0.164498721586   -0.967856727073
0.962472090268   0.225595399342   -0.150844924509
0.19353022761   -0.960232725121   -0.201244042418
0.442552007903   0.853076755024   -0.276419554915
0.680674810732   -0.118884020403   0.722875087223
0.58380606569   -0.508061649538   -0.633280220702
-0.00181807265105   -0.995764381358   0.0919238349396
-0.290084677937   -0.0874461694304   -0.952997401402
0.956999255088   -0.0283983145651   -0.288697006378
-0.0291239953019   0.589474982162   -0.807261443588
-0.3593904756   0.747423143123   0.558746034592
0.932732694262   0.306394991031   0.190083746085
-0.114146569874   0.340708127972   -0.933214086971
0.18681449576   0.929957606536   0.316668903147
0.975741207883   -0.138191250013   -0.169800688043
0.327394008047   0.175527013501   0.928441398811
0.940270363244   -0.1575438373   -0.301780687475
0.0932995578724   0.971787120135   -0.21662175708
0.104133900354   0.941054761045   -0.321826144854
0.833433482625   -0.259144443141   -0.488090962454
-0.542719781137   -0.217393869057   -0.811292268458
0.653719579472   -0.503748145591   0.564702149127
0.039699152403   0.76803506822   0.639176119143
-0.755694838353   -0.395423747134   0.522077936221
-0.41703797436   -0.810341097391   -0.411614666675
-0.814981079008   0.132922075203   0.564036845235
-0.402349560458   0.570682948583   -0.715846214906
-0.810445609352   -0.336915063646   0.479234967599
-0.49130834745   -0.0546315969462   -0.869270669206
0.319051754434   -0.939948737168   -0.121253245274
-0.273437114979   -0.7893076792   0.549750426746
-0.755567958495   0.529945342161   0.385064922341
-0.5952723782   -0.310082766174   -0.741282317255
0.605531449378   -0.626008939254   -0.4913699948
-0.304684964076   -0.752756909157   0.583544435659
-0.73518619171   -0.203641458688   -0.646553493401
-0.0682644211036   -0.984415905228   -0.162065709965
-0.430818049044   0.175604895226   -0.885188527598
0.89985319771   0.00939395058012   -0.436091706254
-0.490201880519   0.847044775879   0.205468401442
0.719433055742   0.260132671108   0.644008596004
0.492055072771   0.46351498474   -0.736909536022
0.210915301148   0.396253805655   -0.89358696121
0.870373215562   0.339967388894   0.356191858583
0.444932805459   -0.852880469932   -0.273184374797
0.835892644946   -0.481020704555   -0.264390937655
-0.419698878469   -0.249684941659   -0.872645564545
0.353746148441   0.840402589059   -0.410593656508
-0.557047047685   -0.805529446712   -0.202041820289
-0.673315633836   0.295644353531   0.677672836594
-0.486152901768   0.51353356921   -0.707063384285
-0.00465838556181   0.661590605128   0.749850765587
0.840037970666   -0.404219568659   0.361860122359
0.542507610347   0.631588799395   -0.553878218742
0.179178278578   0.7696963505   0.612750089771
0.804069730713   -0.473455150632   0.359599900576
0.566892417165   0.428261308513   -0.703722416152
-0.106207461068   0.535039835239   -0.838124304576
0.988495374605   -0.0344739669242   -0.147269956167
-0.107688762638   -0.844123166553   -0.525223009863
-0.818314209335   0.210800612614   0.534719512008
0.348850084314   0.921524250101   0.170577475506
-0.456799160982   0.326122918848   -0.827634199588
0.803901393277   -0.199617895762   -0.560263550107
0.466539409292   0.795904977245   0.385844848059
0.368895011439   -0.571566236658   0.732958735297
-0.932770572282   0.0293424422639   0.359274380613
-0.310810673269   0.439358451615   -0.842829090846
-0.182580899507   -0.897832485532   -0.400700690114
0.687039172554   0.715372364797   0.127356016978
0.381361693051   -0.504197032011   0.774821664633
0.618498532294   -0.483764129091   -0.619218727879
0.703270505839   0.667770615864   0.243911869752
0.414331609045   -0.663793466256   0.622661667282
0.577702270519   -0.336839188256   -0.74350484053
0.691092485209   -0.722701879831   -0.00965244928654
-0.713477074786   -0.684283723161   0.150685931564
-0.115506019941   -0.0972511136491   -0.988534561991
-0.463231933799   0.0589416698818   0.884274875285
0.147905325164   0.98893392451   0.0115632063822
-0.873807868067   0.136145409417   -0.4668235611
0.568261158708   -0.0578379178565   0.820813030331
0.788632061263   0.322946445948   -0.523225634882
-0.234816369642   0.944648277566   0.229130757953
0.968698288759   0.10580182258   0.224565357289
0.244971090126   -0.261079279476   -0.9337166459
-0.0401595612337   0.959501737449   -0.278825439073
0.426967333398   -0.874996125864   0.228211910149
-0.863368938478   -0.46950076127   -0.184832657391
0.268873524696   -0.118113567763   -0.955905964427
0.365355011966   -0.878168534678   -0.308764861883
0.175547405435   0.390743557506   -0.90360532353
0.914165643457   0.275933863398   0.296920324926
-0.0281649814356   -0.865330136786   -0.500410319827
-0.178571167266   0.496911782157   -0.849229662091
0.983523803495   0.065440317256   -0.168518523716
0.826974032416   -0.515331648422   0.224827137694
-0.56054416922   -0.724656515331   0.400828104234
-0.043636957536   -0.457499974781   -0.888138271337
-0.226743627674   0.211920580188   -0.950619269215
-0.821066467522   0.483397741946   0.303605795389
0.523867524496   0.849362284761   0.0643935245515
0.323915008646   -0.133791329376   -0.936578318859
-0.764223476583   0.54656719027   -0.342383972111
0.557710986993   0.826658446218   0.0747948412896
0.393550483563   -0.914425046362   -0.0945772249149
-0.790338373941   -0.283997773838   -0.542872470413
0.469556462594   0.288395733395   -0.834472665458
0.518528312472   -0.739673337711   0.428965899163
-0.851560501672   -0.492063836039   0.180880881399
0.0772858405998   -0.459082274482   -0.885025629064
-0.366296647534   0.53674157376   0.7600889744
0.44094774919   0.819446591055   -0.366158936655
-0.819385042878   0.201036731485   -0.536835527982
-0.43327382943   0.897997595481   0.0766427246461
0.596733501458   0.222106003502   0.771088873896
0.675413145392   0.379827910663   -0.632097968128
0.457179754578   0.888830842748   -0.0310870549102
0.589372789164   -0.328956839821   -0.737853042908
-0.666052841295   0.319009608812   -0.674245120181
-0.463832676481   0.868903955814   -0.17281540384
0.453114697277   0.0650514334493   -0.889075577283
-0.761279396376   -0.490687503998   -0.423886133389
-0.0104203001721   0.221416998916   0.975123545986
0.276013843912   0.937927153532   -0.210021457563
-0.96109717267   0.266959111586   -0.0708876394577
0.323666882473   0.879258545103   -0.349491287521
0.702338430027   0.0242420131394   0.711430287875
0.634003532244   -0.475727585559   -0.609690729338
-0.0884068868666   0.00357629826127   -0.99607802528
0.444468870658   0.895061133136   -0.0362352171956
0.891421138055   -0.44592911773   -0.0807191215852
0.277419570261   0.789543601827   0.547411438363
0.852549163207   -0.464996827812   0.238616584587
0.442942779997   0.400498253353   -0.802123957197
0.732924876664   -0.657657002836   0.174093054968
-0.362755771888   -0.161310925435   0.917816449677
-0.57552530364   -0.735843768715   -0.35679766383
0.931819198519   0.269171579948   -0.243433033544
0.30297657237   -0.207690764019   0.930091255275
0.199795339954   -0.940431394144   -0.27508292394
0.376518378152   0.167952717827   0.911057514918
0.443128190838   0.830977345803   -0.336324333416
-0.813554741488   0.530347560886   0.238453658526
-0.433813311501   0.241494430948   0.868035973094
0.858154247575   0.404310727328   0.316392356319
-0.274549263583   0.882163973187   -0.382634847181
-0.766632944588   -0.233633481178   -0.598071337506
-0.138369977357   0.969679799391   -0.201431963749
0.626998945486   -0.071669262074   -0.775716339414
-0.232530380765   0.808965612008   0.539911345139
0.613151638437   0.552847121094   -0.564273983966
-0.754966681585   0.199836681535   -0.624572342014
-0.31603801611   0.415121030221   0.853108728501
-0.781358710093   0.396153203052   -0.482225264658
-0.538143604011   -0.81898545163   0.199158960337
0.244620150529   -0.556329256857   -0.794140252046
0.362503009274   0.812103954467   -0.457251282564
0.899306705314   -0.176025353582   0.400328021345
-0.608381833145   0.621952801995   -0.492997218235
0.323016038863   0.761450144694   0.562009177667
0.724935985956   0.182670165149   -0.664153165338
-0.447706510719   0.869834885107   -0.207234535995
0.518319016213   0.0635996799745   -0.852819135654
-0.728631784711   -0.489226280321   -0.479325952721
-0.227135981819   -0.971085142549   0.073504365071
-0.506289539062   0.182221693691   0.842891545209
-0.831913546229   0.154236507577   -0.533039352516
0.665802250657   0.727289343942   -0.166606041929
0.633934429431   -0.669163891078   -0.387745826618
-0.393490155151   0.152544737915   -0.906584580022
-0.495316332046   0.798228242959   -0.342773107683
0.732886769496   0.172120163407   -0.6582185294
-0.466410456901   -0.577240263227   -0.670264846313
0.651653482472   -0.12506053561   -0.74813608469
0.559820952411   0.744811946422   0.363119354634
0.511808792445   -0.655450247464   0.555370806826
-0.644952687483   0.56602359142   -0.513471834537
-0.311459707761   0.418874720574   0.852957688813
0.697874545566   0.710043141238   -0.0938608343831
-0.744254652211   -0.466452208118   -0.478024424276
-0.416200449026   -0.235860944892   0.878149646077
-0.522362133862   0.852520939459   -0.0185970129573
-0.45664759699   -0.887649744036   0.0595894627967
-0.778774445333   0.366458025716   -0.509135422736
0.430096890781   -0.278902218172   -0.858621113903
-0.719159836101   0.551927083737   -0.422120390859
0.208106845051   0.750703749533   0.627005120777
0.662948467971   0.363070757118   -0.65473578957
0.928439305478   0.243534691835   -0.280519713953
-0.185518143677   0.958189106725   0.217845482214
0.32184386651   -0.150214811611   0.934800532714
0.881259456094   0.310995414653   -0.355898332548
0.165838439363   0.501667918709   0.849015259797
0.442582628529   -0.807224350105   0.390524602966
0.721887770089   0.686343687236   -0.0883764130726
0.664800263417   -0.723284051837   -0.186817531617
-0.192142283624   0.0761086286221   -0.97841137539
-0.920004601797   0.232907827201   0.315191174847
0.293660485179   0.942275726371   0.160872542519
-0.25952851889   0.24056267275   -0.93529382996
0.444519316407   0.216910448093   -0.869110139654
-0.757087028942   0.6095492088   -0.235093582767
0.478771143604   0.762495652158   0.435176484306
-0.452132719328   0.862585640967   0.226984616463
0.369276486851   0.412671961412   -0.832668438529
-0.811918025648   -0.292656563674   -0.505115091209
0.830953772929   0.31613581003   0.457792504167
0.479894637003   0.0089897472619   -0.877280070342
-0.281455084572   0.948671351976   -0.144241815393
0.374717123851   -0.923813072638   0.0784632647487
-0.922214805295   -0.380100590093   -0.0710168592992
0.09543023623   -0.0457487511616   -0.994384292806
0.277029556977   0.571528378323   0.772405293438
0.936140576399   0.0206310841871   -0.351020198255
-0.216553563302   0.820322906626   -0.5293154854
0.496670846536   0.81027906416   -0.311072191596
0.86375739713   -0.426302568793   0.268680625919
0.085095411771   -0.402136740455   -0.911616593131
0.487729584888   0.69394250717   0.529682592472
0.838926528325   -0.540411297322   -0.0644818563618
0.241499755896   0.475814487453   -0.845741356109
-0.186701551351   -0.9451113471   -0.268154940857
-0.980493319374   0.196331908789   -0.00930764493486
0.0614441322323   0.261186376319   -0.963330833846
-0.267489685049   0.786919288081   0.556064117202
0.683766487709   0.561627775284   -0.465872978736
-0.678905485822   0.255601792005   -0.688298674447
0.577135838388   -0.538627117423   -0.613836340097
-0.764567574121   -0.0922500147952   -0.637907798488
0.286968027225   0.837478813551   -0.465057618154
0.411375984776   0.419774982168   0.809048060065
-0.0157135132677   0.890768407513   -0.454185787622
-0.911330282966   0.174128138228   0.3730368706
0.999220181304   -0.00550718375812   -0.039098595903
0.00935759438215   0.995044339456   0.098990898288
0.0383596754667   -0.0992795721361   0.994319919269
0.823300924296   0.525724010236   0.213985637636
0.558821714436   -0.684687381317   -0.467890458698
-0.0994679824255   0.504794468004   -0.857489746612
0.992250572795   0.0233727968067   -0.122034885002
-0.0848372894318   0.845022379266   -0.527958154461
0.0907823502111   0.534219890035   0.840456824579
