-0.507128871385   -0.796661554652   -0.328862699538
-0.081971210275   0.424422056425   -0.901746438144
0.857963302533   -0.430344379956   -0.28053999028
-0.171010862815   -0.855738893705   0.488330042697
0.699325522512   0.243710750725   0.671973871177
-0.694045458427   0.456416493767   0.556762863215
0.790591030086   0.204574697829   -0.577161169999
0.268637061087   0.731127949281   0.627125227678
0.550272616579   -0.650846460226   0.52306685295
0.952481612192   -0.159559478644   0.259460114876
0.0500620639724   0.922238039974   0.383367692138
-0.300453936881   -0.3521615686   0.886402651967
-0.607448279523   0.750026210281   -0.261662514693
0.301347082008   -0.0871979908943   -0.949519060656
-0.734980628227   -0.655634955044   -0.173049940351
0.560850831977   -0.722314538435   0.404608516762
0.548859060392   0.690266604829   0.471471893206
-0.619838750077   -0.0423523532216   0.783585478477
0.234682742101   -0.951021912412   -0.201199733279
-0.793151383905   -0.0676769684184   -0.605252600288
0.561991897424   0.301624186791   -0.770186962479
0.946432336988   -0.194993640055   0.257377760968
-0.105869631865   -0.940403642938   -0.323160346265
0.305053196265   0.278600912934   -0.910672322387
-0.995751977348   0.0747378005704   0.0537797431581
-0.0860777538723   -0.548229193114   -0.831886634167
-0.032689752164   -0.832982000396   0.552333565086
-0.986716764577   0.0361056109427   -0.15838690401
0.0293617483806   0.998568226946   0.04471447044
0.159774573182   0.03947000118   -0.986364133964
-0.877198482309   -0.249712594355   -0.410081019868
-0.477357621981   0.361976033654   0.800689110577
-0.0515026540254   0.898118573063   -0.436727037573
0.888838903515   0.0157337943963   -0.457949616566
-0.451175361414   0.204620865578   -0.868660517477
0.0800387209508   0.978714845644   0.18897368617
0.220026690394   0.654385055336   0.723442088123
-0.349950377864   0.745201952276   -0.567634374714
-0.910561908135   -0.128274119279   0.392966616618
-0.472705812448   0.779766218197   0.410504396854
0.844061223489   0.266797741852   0.465166223995
0.253199261217   0.566377621293   -0.784287271488
-0.826863261257   0.554191899237   0.0957522114801
-0.532847171145   -0.826438285395   0.181861630466
0.179919535865   0.0993534058466   0.97865104167
-0.00481404106488   0.554858374368   -0.831930892203
0.493776177538   0.724762621731   0.480524951108
0.869575707747   -0.408474389081   -0.277464884194
0.709226171841   -0.699614316072   0.0868219207555
0.697484969146   0.678431665976   -0.230749198085
0.102532702061   0.224210355132   0.969131962975
-0.167119682942   -0.931652334851   0.322637472312
-0.966418877816   0.219582588133   0.133484229739
-0.195206465501   -0.289495101781   -0.93706297647
0.0680085376622   0.930029560811   0.361136892081
0.864502556985   -0.235617923335   0.443981444623
0.498006192502   0.282009237828   -0.820036963806
0.939115788192   0.0342297588039   -0.341891590977
-0.0133638317792   -0.990633916565   -0.135889114175
-0.343340857412   0.132184594273   -0.929862510626
0.823090663017   0.148580659056   0.54812913461
-0.554023527556   -0.0020532779304   0.832498477454
0.124818633899   -0.988898160482   0.0806271469639
0.175296609211   -0.685687938532   -0.706472327661
0.983154044861   0.0841932097394   0.162233250312
-0.0517612101097   -0.723010065203   0.688895654466
-0.472577327864   0.386271617959   -0.792126824661
-0.844403277798   0.0588552332323   0.532465178171
0.252296994894   0.920505458257   0.298355371473
-0.255645658128   0.884828440737   0.38951755794
-0.175695740751   -0.438718375058   0.881281563445
0.950671501709   0.156859229405   0.267617036057
0.144409759211   0.766388613095   -0.62593475312
0.632505270401   -0.557958327499   -0.537233271204
-0.760974969601   -0.318325302941   -0.565319464682
-0.154247052261   0.449537454368   -0.879843124647
-0.922480226361   -0.384479839911   -0.0347200903754
-0.353889924754   0.806282413192   0.473994294623
0.936761229789   0.154270877589   0.314131970186
0.0436247617647   0.839124301782   -0.542187501073
-0.347239511758   0.521604162643   0.779329082601
-0.0631657904098   -0.863896852299   -0.499692216779
-0.0217591904367   0.501765184478   -0.864730152867
0.997765814484   -0.0437484654924   -0.0504920906045
0.922631977322   -0.132062270586   0.36236692883
-0.0806561598471   0.852707514318   0.516124480048
-0.377153573894   -0.505420074506   0.776083584406
-0.961781712549   -0.239867086322   -0.132059525615
0.223220115971   -0.966167165499   0.129204443183
-0.158583470866   0.0947881280107   0.982785069868
0.189385394105   -0.125058725571   0.973906303326
0.260486492181   -0.94991831047   -0.172632531189
0.946720634554   0.286383516621   -0.147324544856
-0.340638685871   -0.241995602752   0.908517151152
0.85405262497   -0.483703384306   0.191376983446
0.39314043225   0.841111861918   0.371445064943
0.623468645838   0.514094804088   -0.589061439976
0.188748244333   -0.830105484293   -0.524689417854
-0.758723235389   0.215943088235   -0.614579233887
-0.348770096092   0.0944118823108   0.932440784474
0.800212652092   0.547909222399   0.243834360667
-0.487872044192   0.831193046463   -0.266643934878
0.746384386321   -0.295845237073   -0.59614255305
0.488998078962   -0.363821532534   0.792789235066
-0.451432416457   -0.883238069925   -0.126882958693
-0.993250796197   -0.017764090464   0.114618030627
-0.105441586424   -0.273401874915   -0.956103282415
0.0483210896744   -0.961735853487   0.269683556061
0.725850742184   0.617696424928   0.302641416039
0.269051661774   -0.659883668192   0.701544544381
0.633049684755   -0.427790452307   -0.645169299911
-0.505459881688   0.394293284671   0.767491442081
-0.851225990694   -0.0823546879743   -0.518297229528
-0.141154598831   -0.915287119451   0.377259682708
0.37563133576   0.873769422538   -0.30891438269
-0.43461781339   -0.128316000182   -0.891427148106
-0.818540442421   0.469107663905   0.331556245283
0.726999375377   0.664610831431   0.172523479408
0.567091493675   -0.722829219428   0.394873596665
0.387142281343   -0.189236260497   -0.902391540136
0.607475314055   -0.79214640167   0.058973054312
-0.741225893757   -0.538601059609   0.40061586715
-0.285583468074   -0.287076604603   -0.914346272401
0.483240124195   -0.844043553869   0.232528410178
-0.798537484806   -0.31605187294   0.512297861572
-0.358910668172   -0.43324553406   -0.826729362905
0.638219267222   -0.69389245331   -0.333450791249
0.0397576577774   -0.402849318229   0.914402403458
-0.768827350966   -0.596846454326   -0.229518657988
-0.181953392685   -0.581884642125   -0.792655805599
0.337163710453   0.720322946811   -0.606181065896
0.923695618288   -0.37755147405   0.0651251809935
0.889280106725   0.446741566781   0.0979942054035
0.330745991287   -0.480171075724   -0.812430198408
-0.315892356714   0.754889204154   -0.57476456782
-0.239062931619   0.793166443674   0.560121332709
0.631090758339   0.565316537007   -0.531170093027
-0.737952145782   0.226504316994   -0.635706241057
0.111917515445   -0.0308067516467   0.993239857129
0.877291183724   -0.466389488447   -0.113318242253
0.466727595817   0.88404286611   -0.0251706611577
0.022298911761   -0.713152206147   -0.700654472191
0.968386529984   0.189575720221   -0.162137518325
0.248455805084   -0.674888862828   0.694834322519
0.118719575436   -0.520182291562   -0.845763587507
0.991127347783   0.0108104452382   0.132475336382
-0.0597682431076   -0.853986837029   0.516850306469
-0.388913733768   0.317587998204   0.864802850992
0.540182317504   0.83901912312   -0.065191831509
-0.746290272979   0.441797209629   -0.497861480757
-0.0900798998739   -0.99575449877   -0.0189364679494
-0.953601839219   0.080750865059   0.290039359451
-0.287278860826   0.0441845671237   -0.956827351276
0.478956359845   0.112830221309   -0.870557376928
-0.231773903587   0.972768620839   -0.00143802858978
0.846688645831   0.202461234486   0.492064818444
-0.83345005141   -0.447453800449   -0.324262406498
-0.229847063575   -0.252923573516   0.939787206407
-0.502524963729   0.857796457455   0.107953223231
-0.700738905074   -0.129491938035   -0.701567405813
-0.334350738337   -0.809095579566   0.483294865378
-0.630217875571   0.57323309492   0.523669025435
0.0784530319734   -0.284106220079   -0.955577719229
0.665533077887   -0.698728498198   0.262381798234
-0.742233685582   -0.656553228244   0.134264717886
-0.894553847636   0.428630339136   0.126686408317
-0.446930330026   -0.854534442794   -0.264620796955
-0.00516660260029   -0.29333755036   0.955994972668
0.48416616178   -0.870686595993   0.0865331112696
-0.549791597642   -0.225799063903   0.804203942979
-0.680670498075   -0.436943513854   -0.58802044076
-0.595749330387   -0.156185679442   -0.787838034675
-0.456927304393   -0.740796266645   0.492380269533
-0.660530221749   0.653319925352   0.369963378315
-0.344446566202   -0.898823328763   -0.271059378557
0.938402769532   -0.338096062918   -0.0713533066797
-0.027510092079   -0.278940273018   0.959914328949
0.641484512126   0.372739598051   -0.670494453927
-0.537304281506   -0.405525035183   -0.739495473221
-0.547541532468   0.83463443368   -0.0598634474294
0.753250073823   -0.56611369093   0.334857604405
-0.492797149351   -0.822931552298   -0.282727129623
0.435620587068   0.0479473583707   -0.898852465618
-0.683834715556   -0.388610627363   -0.61753693177
-0.6331742773   -0.104513940463   0.766920576602
-0.362574704532   0.915455414834   -0.174587992384
-0.89653814385   0.205058542004   0.392645324654
0.080797227874   -0.795828649495   0.600107130945
0.435535491768   0.569743587058   0.696922578495
0.576603353743   0.157630706493   0.801673956682
-0.369340827127   -0.824941487343   0.427853825364
0.728777006957   -0.542792872863   -0.417444572727
-0.446919686008   -0.472446828046   0.75964254023
0.420342282031   -0.860490735279   -0.287868130289
0.789667753042   0.190655944488   0.583159627063
0.780244893945   0.123930629489   0.613073490331
0.192984735888   0.884652666985   -0.424436745005
-0.594957811266   0.449478428704   0.66632900653
-0.645365875514   0.515321645932   -0.563867438283
-0.0406472571571   -0.760289845758   -0.648310998613
-0.762791378561   -0.395478130459   0.511611533413
-0.584261158808   -0.375203913385   0.719625542688
-0.538949823349   0.842336326873   0.00161255796386
-0.60677177441   -0.386899904124   -0.694360481283
0.58536554397   0.521203323414   -0.621042893522
0.061644696112   -0.792385799451   -0.606897583015
-0.808422606917   0.316972933372   -0.495964765014
0.917428129501   0.385520561208   0.0984861619008
0.368283682345   -0.916423779134   0.156635201523
0.150641151478   -0.107430693583   -0.982733885423
0.680387247035   0.73180921773   -0.0390955613567
0.306546930726   -0.235739905015   0.922201537868
0.665659202096   -0.6394387899   -0.384728294561
0.228552816695   -0.185699359539   -0.955656506203
0.791702780301   0.606714042234   0.0714477334833
0.566542423517   -0.772925493707   0.285684902529
-0.283496525601   0.239644099281   -0.928547481636
-0.317878797364   0.890045666362   0.326759517041
0.904755652184   0.387800744546   -0.176147075965
-0.166679828587   0.114606858944   -0.979327883104
0.0210106715144   -0.992583646557   -0.119734106544
-0.985787191246   -0.0405335968116   0.163035705
0.56461243597   -0.819496724379   -0.0981728877014
0.348819407398   0.129126343316   0.928251802306
-0.748022605387   -0.558347119804   0.35876270101
0.200288956771   0.889144384726   -0.411468828596
0.335029163156   0.332503115971   0.881587850248
0.920673554323   -0.314426368138   -0.231292596919
-0.473274198127   -0.607055452884   0.638353515312
0.15175665235   -0.769999304275   -0.619734612462
0.867745038508   -0.196430009265   0.45654550661
0.172817132372   0.479574919761   -0.860315137084
0.792797369689   0.450580267932   0.41042630613
0.584471187803   -0.752984275059   -0.302337745148
0.232951056205   0.536929004009   -0.810827386111
0.35255470016   0.730419576723   0.584972157743
0.906332714188   -0.422130887988   -0.019144832145
0.267411816653   0.256383743122   -0.928847832843
0.778287656933   -0.625806414519   0.0513288867234
-0.568119039797   -0.736636754316   -0.36688833289
0.948467823813   0.308778586696   -0.0711658035134
0.259780946372   -0.886315856661   -0.383351095124
-0.181445989467   0.345108659162   -0.92085686525
0.740014759103   0.587405455703   0.327617134656
-0.0103777849635   -0.477067415552   0.878805429317
0.672510563403   -0.653728928248   -0.34694096109
0.607020922708   0.0140354921487   0.794561894603
0.355917011027   -0.898760192897   -0.256033585542
0.710527044283   0.438215837943   -0.550561711999
-0.749966368764   0.527242450441   -0.399456936572
-0.197615949226   0.397723194546   0.895971091683
0.631267282801   0.750887247843   -0.194087502671
-0.776254405955   -0.412933375944   -0.476356089776
0.377697182755   -0.909618728033   0.17302776584
-0.504751359953   -0.0456047875103   0.862059318134
0.032464741546   -0.973988529317   -0.224259638177
0.911236392035   -0.0633347283429   0.406985196311
-0.410602336071   -0.217566212783   0.885477647752
-0.62797676989   0.562687602149   0.537613094024
-0.643791671284   0.0125127297728   -0.765098500573
-0.437238448063   -0.826574917343   0.354395888173
0.993481543978   -0.113635921434   0.00901660331112
-0.00631281489081   -0.133821999503   -0.9909852778
0.113818145054   0.984468663701   -0.133667049221
-0.46108685931   -0.886691509032   0.0343085409551
-0.863095419833   0.439166848111   -0.249396823925
0.20607087236   -0.144605142825   -0.967793442958
0.106727652664   -0.986017066896   -0.127982623615
-0.0308973676254   0.125366702029   -0.991629236507
0.993808110669   0.109788586897   -0.0170852379709
0.366876514892   -0.337871149293   0.866743739116
-0.845252447436   0.268054393652   0.462271718956
-0.38852274441   -0.902213903971   -0.187243554113
0.423445964255   0.224706247114   -0.877610743931
0.447643262778   0.790319270518   0.418343112693
0.787596993802   -0.570002239606   0.234069267949
-0.450468370756   0.20591015096   0.868722773202
-0.880863996472   -0.261034138819   -0.394892134753
0.145454001896   -0.943113030396   0.298966461714
-0.77829152363   0.620020842018   0.0991789277415
-0.612207844285   -0.784406472476   0.0995391447279
0.139512937182   0.0167523550601   0.990078531713
-0.605941021233   -0.741693212824   -0.28762242061
0.751389415361   -0.652351813619   0.0992524949428
-0.261245909577   -0.155975284321   0.952587153708
0.0274714245556   -0.726499500904   0.686617649073
0.842803253203   -0.352516265762   -0.406712378424
0.537520229594   0.589856556765   0.602612018813
0.992070278479   0.112562540355   0.0559127630037
-0.0806525462544   0.228963257651   0.970088136938
0.0963936167009   -0.966905114866   0.236226098272
-0.753661799708   0.114857015294   -0.647148945529
-0.00917251827113   0.982678842338   0.185089593793
0.657198414917   0.145430941892   -0.73955397678
0.724948107701   -0.572333448547   -0.383255351972
-0.376131231737   -0.795057397154   0.475824580851
-0.577040325846   -0.200793821879   -0.791647840547
0.0602742540931   0.914376747041   -0.400352568075
0.869472240851   0.148910607105   0.47100281685
0.490290767487   -0.376484787956   -0.786049723462
-0.38478703776   0.846036814967   -0.368999516656
0.914116587219   0.404652147982   -0.0254461019358
0.127788107984   -0.347099909037   -0.929081187305
-0.97023409548   0.236204805499   -0.0534143223016
0.150106617234   0.413497061359   -0.898046871666
-0.190036321345   -0.879333537463   -0.436644851639
0.585927659944   0.739976770225   -0.330337943385
-0.805108072441   0.485215675033   -0.341125695884
-0.0921399424926   0.465832725589   0.880062556167
-0.654033940154   0.190212573051   -0.732160352778
-0.375570590826   0.758508225716   0.5325523475
0.656647802428   0.623285206446   -0.424651875061
-0.801071995643   0.475612973493   -0.363422560171
0.418081596514   0.010086589177   -0.908353477108
-0.428359004168   -0.879596816822   -0.206925115402
-0.973941915137   -0.143063369162   0.175983005835
0.188031145896   -0.0754811627772   0.979258332739
-0.126812594452   0.986831022247   0.100414637471
-0.595276451831   0.497186498999   0.631230172844
0.663691188313   0.747067967247   0.0374627664474
-0.452945860399   0.4412426062   -0.774690267153
0.934747596444   0.354798304759   -0.0191074300057
-0.350363014771   0.911448414911   -0.21565607999
-0.0590989747997   0.20827853921   0.976282418812
0.997492203857   -0.0544529279876   -0.045212629635
-0.0204931753043   0.389235234225   -0.920910398575
0.0677446161025   0.919527493374   0.387143198207
-0.84753312448   -0.403850987261   0.344371867315
-0.521800911763   0.515436761495   -0.679741681364
0.0970124290627   -0.755797145396   -0.647579542311
-0.341354982555   -0.778132296555   0.527244634817
-0.414588931188   -0.378775587627   -0.827432820448
0.843559597196   -0.501038105613   -0.193308103044
0.42296423832   0.265689324041   -0.866320054133
0.375741361066   0.818557889953   0.434489827706
0.824572424161   -0.509285935292   0.246390246208
0.187106353612   -0.389188163698   0.901955534201
-0.950301800413   -0.304289387856   0.0658365899002
0.248832675848   -0.869448412314   -0.426780690467
0.0486030578505   -0.580638478109   -0.812709481
0.997856649601   0.0639210670438   0.0140072850702
0.0438160885365   -0.811648356696   0.582500725715
0.986153863716   -0.070655128493   0.150028030365
0.133151382778   0.876629302699   -0.462376226588
-0.0988497159427   0.475950542038   0.873899201963
-0.610415678323   -0.126306224344   0.78194592994
0.323795907802   0.861159326641   0.391868376154
-0.722875445529   0.49239349288   -0.484767715943
-0.822944398716   0.562914551239   0.0767445413386
-0.0206892709188   -0.164689464104   0.986128457394
0.567745075444   0.809941101819   0.147176563666
-0.942993794305   -0.0298107031463   0.331472511501
0.233256415157   0.651222924142   0.72214967137
-0.237390287693   0.758300748417   -0.607145638426
-0.590352684389   0.182655927752   -0.786206410615
0.524284415482   -0.653813631784   -0.545576380149
-0.613685228532   -0.734278248997   0.290216976298
0.287917567358   -0.111950100095   0.951089191136
0.747822832679   -0.594103428052   -0.2963142381
0.598217757452   0.796560287653   -0.0873339727923
-0.226206507551   -0.825889476022   -0.516466058263
-0.226410005994   0.5602673997   -0.796767814372
0.947401248219   -0.0633009812714   -0.313725772997
0.95470375649   -0.143112931827   0.260882015645
-0.189673134756   0.382844720247   0.904131639824
-0.22927023203   -0.912660182611   0.338358614168
0.997849287724   -0.0309943179119   0.0577594256075
0.03590713336   0.995642895199   -0.086057556402
-0.0548404664751   0.087946446757   0.994614470908
0.893684828653   -0.386067544821   -0.228646622262
-0.208264715941   -0.808274571831   0.550743156676
-0.397433309034   -0.444571779769   -0.802746969787
0.838180090234   -0.545098233615   0.0179458085797
0.544737295484   0.838331892363   0.0214689812292
-0.0267472474122   -0.00821912139293   0.99960843874
