-0.506446048997   -0.79803156866   -0.326585386811
-0.0827376569419   0.42197708978   -0.902823247277
0.858293003338   -0.43021035683   -0.279735892043
-0.172440830878   -0.855924277889   0.48750157986
0.698702531726   0.242568710223   0.673034317832
-0.694319041944   0.456677185045   0.556207709991
0.790589625827   0.203698312036   -0.577472978769
0.26965906025   0.730871784204   0.626985188246
0.54977453084   -0.651408806149   0.522890555003
0.952629529126   -0.159225399743   0.259122079943
0.0495942822396   0.921925981344   0.384178203562
-0.300062305874   -0.353128527592   0.886150582911
-0.607667347025   0.750790942125   -0.25894662883
0.297640569138   -0.0869957866925   -0.950705961221
-0.736308689995   -0.654785991237   -0.170601344416
0.559057084764   -0.724822999863   0.402600043275
0.550154407954   0.687563740056   0.473905297258
-0.62031065071   -0.0434479254889   0.783151948466
0.235321752284   -0.95122141988   -0.19950309086
-0.791524862638   -0.0684450215356   -0.607292080347
0.564014241599   0.300820693084   -0.769022006112
0.946426470639   -0.194001370746   0.258148026958
-0.10440302207   -0.940315143987   -0.323894178663
0.305576413776   0.279590590217   -0.910193472403
-0.995695074447   0.0754734882505   0.0538058667219
-0.0865290714852   -0.548777839568   -0.831477962779
-0.0332270749586   -0.832554283738   0.552946042684
-0.986712362669   0.0330403651331   -0.15908188969
0.0265493024716   0.998732656168   0.0427576430886
0.160293006378   0.037965981827   -0.98633905749
-0.876312014921   -0.251550878477   -0.410852051282
-0.478821977027   0.361016020918   0.800248053391
-0.05297892809   0.897991975564   -0.436810765665
0.888967964169   0.0145004930374   -0.457739767098
-0.450730340033   0.204711623615   -0.868870135136
0.0811056055707   0.97871491603   0.188517887444
0.221414388724   0.652683213821   0.724555236585
-0.34896941052   0.746824816694   -0.566103386045
-0.910602009106   -0.127504178625   0.393124236656
-0.474511719392   0.778629802091   0.410577957831
0.842865356069   0.267418447443   0.466974694718
0.253804294092   0.567646901924   -0.783173272678
-0.825760807279   0.556220793647   0.0934746910995
-0.535298305418   -0.825084617125   0.180806799651
0.177693031315   0.0992663250966   0.979066587788
-0.00504191953958   0.552368600794   -0.833584733488
0.49284303767   0.726696139048   0.478558733817
0.870103625591   -0.408413577577   -0.275894962592
0.707062729425   -0.701424528035   0.0898105123507
0.699788080976   0.675755575271   -0.231626950536
0.101778870021   0.226623109943   0.968650105898
-0.164116043769   -0.93230178208   0.322303135739
-0.966636611423   0.217137042409   0.13588659342
-0.19667126286   -0.289248840869   -0.936832707809
0.0653095195104   0.930515745834   0.360381899403
0.864074103111   -0.233376684466   0.445994694454
0.499109818572   0.282268967305   -0.819276277639
0.939763619502   0.0369470056048   -0.339822392195
-0.0107065815068   -0.990472045534   -0.137297108957
-0.34165729697   0.1326651642   -0.9304140184
0.823726550533   0.149188980628   0.547007511837
-0.553047307633   -0.00119984607575   0.83314898781
0.124952973019   -0.988807973486   0.0815202189959
0.172743802768   -0.686697363513   -0.706120605527
0.983572807029   0.0821354178269   0.160742982466
-0.0523842712913   -0.722288380138   0.689605237827
-0.470474305276   0.387474177533   -0.79279107577
-0.844960769033   0.0611503111863   0.531320937134
0.254352564111   0.919850205842   0.298630828856
-0.253598816733   0.885807986168   0.388628166495
-0.176139865793   -0.437332724676   0.881881418109
0.951137417953   0.155191171042   0.266933161299
0.142841890514   0.767364985281   -0.625097731302
0.632726832635   -0.556461871385   -0.538522925193
-0.761086689923   -0.318592474894   -0.56501848232
-0.150681211506   0.450305269957   -0.880068370269
-0.922891051751   -0.383176865198   -0.0380472939255
-0.354354736242   0.806474211507   0.473320258469
0.936459352686   0.151709091455   0.316272402112
0.0467412281447   0.839627068136   -0.541148449175
-0.347648009284   0.521546486924   0.779185551469
-0.0624588682025   -0.865061472521   -0.49776253228
-0.0217551819296   0.499797848828   -0.86586882515
0.997810403755   -0.0432522723832   -0.0500363776828
0.922609057821   -0.134269698553   0.361613294111
-0.0784576982817   0.852545309154   0.516730960384
-0.377673027906   -0.505112011231   0.77603153293
-0.962055518484   -0.23793311191   -0.133555282977
0.220956249391   -0.966542366792   0.130285030031
-0.160085961937   0.0958315577044   0.982440225835
0.1880026581   -0.123263551432   0.974402944082
0.261777562022   -0.949917343069   -0.170673809818
0.946640115656   0.287163957043   -0.146319353492
-0.341604593748   -0.241633880972   0.908250719293
0.854403197808   -0.482436577224   0.193002913274
0.391537325303   0.841943000757   0.371255311573
0.622821146557   0.515749428538   -0.58829953796
0.189282770975   -0.828945354842   -0.526328444318
-0.759121763628   0.216453518447   -0.613907177298
-0.350431515311   0.0943917388121   0.931819699685
0.799317875917   0.54868567149   0.245020340261
-0.488148221667   0.830682992209   -0.267725755461
0.745119550409   -0.297213285631   -0.597043648691
0.488832147896   -0.365604603575   0.792070959591
-0.45369591885   -0.88204168648   -0.127131729045
-0.99316418651   -0.0135997089901   0.115930783442
-0.107845984621   -0.27305422001   -0.955934431086
0.0446558197244   -0.961902511095   0.269720998283
0.724360953217   0.618808508626   0.303936241844
0.270457201437   -0.660576878594   0.700350690482
0.634156220221   -0.425104948359   -0.64585731492
-0.505360708063   0.394516001972   0.76744229681
-0.85114864203   -0.0815719101466   -0.518547984902
-0.141973743756   -0.915261245581   0.377014997607
0.375452850915   0.873865496258   -0.308859597858
-0.433766442598   -0.12882134653   -0.891768879225
-0.819073763476   0.468790097088   0.330687185808
0.726725495592   0.664917497623   0.172495725777
0.566676668413   -0.722230265404   0.396561467129
0.388262292186   -0.190442025533   -0.901656379879
0.607443733216   -0.792384395389   0.056027501463
-0.740701576672   -0.539515461175   0.400355144178
-0.28700746557   -0.284692882062   -0.914645656859
0.48421294246   -0.844056639495   0.230447858915
-0.797536043934   -0.317469060313   0.512981144265
-0.359825075532   -0.432182583023   -0.826888220953
0.637781349873   -0.69345062246   -0.335203198021
0.0408180332976   -0.404163589313   0.913775509209
-0.769135123312   -0.596471313043   -0.229462708964
-0.182949593029   -0.583175383997   -0.791477048252
0.336175796805   0.719425524303   -0.607793343682
0.923858907005   -0.377270972222   0.0644308425065
0.888842986581   0.447323496233   0.0992967014719
0.332031531358   -0.479431455211   -0.812342625952
-0.315773981495   0.755014681627   -0.574664791978
-0.239430180783   0.792590673895   0.560779111759
0.631050260321   0.565981184569   -0.530510007129
-0.737867710013   0.226859697544   -0.63567752843
0.11070008985   -0.0288925490726   0.993433797852
0.877185740789   -0.467066101515   -0.111330287753
0.467215866879   0.883750234752   -0.0263601273419
0.0197380965567   -0.714819961639   -0.699029920666
0.968182405288   0.188117685921   -0.165028986347
0.249465904755   -0.673531111892   0.695789194856
0.116959513184   -0.521376695459   -0.845273218379
0.991455132651   0.0117900694174   0.129914257117
-0.0577684361471   -0.853245179123   0.518300561537
-0.390230069756   0.316352193981   0.864662814062
0.540651957468   0.838889936411   -0.0629216614046
-0.74526233874   0.442927718654   -0.498396511328
-0.087996758004   -0.995923960465   -0.019799887701
-0.953308011691   0.0784333350895   0.291636840596
-0.288895146077   0.0445384880629   -0.956324169753
0.479294954936   0.108956626467   -0.87086439801
-0.231189384237   0.972893123045   -0.005517222785
0.846656845947   0.203978980976   0.491492380949
-0.83354178948   -0.449480162577   -0.321209695745
-0.22546752993   -0.25402166187   0.940551640394
-0.504353524958   0.856411454122   0.110394488593
-0.700136420249   -0.128415218915   -0.702366374901
-0.335560991268   -0.809112234834   0.482427416905
-0.630244249621   0.573451761697   0.523397805523
0.078754061123   -0.281732468534   -0.956255517124
0.665416031717   -0.699408825719   0.260861647699
-0.742306744272   -0.65685166566   0.132388015807
-0.893917219447   0.429947669197   0.126716244135
-0.448198986904   -0.853953325669   -0.264350876143
-0.0054472849518   -0.293101892406   0.956065692175
0.484736630384   -0.870432979159   0.0858884623064
-0.550160537906   -0.227086940234   0.803588765543
-0.679966015103   -0.436781353046   -0.588955234238
-0.595383224097   -0.154368472146   -0.788472695324
-0.458391254543   -0.740706940306   0.491152406428
-0.659845644239   0.653852891245   0.370243328622
-0.345078170941   -0.898939222275   -0.269869098999
0.938210540027   -0.338378575266   -0.0725322161706
-0.0261158672332   -0.278223317599   0.960161313021
0.641399007936   0.373908702579   -0.669925066522
-0.536775408219   -0.405183876581   -0.74006633979
-0.548160080406   0.834277117206   -0.0591795400075
0.752770329211   -0.565063781779   0.337697725758
-0.491392076382   -0.823705682745   -0.282918319453
0.438030431282   0.0470305298243   -0.897729062989
-0.682964452529   -0.390702363552   -0.617180054519
-0.63381785693   -0.103018879219   0.766591178374
-0.363090182762   0.914734263947   -0.177275902318
-0.896844032832   0.20581393328   0.391550004011
0.0794147862224   -0.795868503878   0.600238799366
0.435159824091   0.569415445349   0.697425249109
0.576821639883   0.158834864812   0.801279153281
-0.368275483356   -0.825004199357   0.428650486296
0.729143308357   -0.54234634392   -0.417385288571
-0.447593112636   -0.472676318153   0.759103091666
0.420778369416   -0.860360078024   -0.287621452562
0.789053844394   0.190676779917   0.583983215725
0.778462683343   0.123035463   0.615514520939
0.194617919978   0.884965652995   -0.423036237506
-0.596757669298   0.449108080382   0.664967831004
-0.646436425117   0.515081104713   -0.562860021542
-0.0414855529704   -0.760362416848   -0.648172773217
-0.7618391544   -0.395651931138   0.512894386994
-0.583515200671   -0.375505704143   0.720073244012
-0.540550149679   0.84131151026   0.000691654641744
-0.606065628681   -0.388832108833   -0.693897719316
0.585938472549   0.522924384307   -0.619052659056
0.0626577347369   -0.790875957789   -0.608760402514
-0.807929523328   0.317907703098   -0.496169908042
0.916613765838   0.387669103786   0.0976312974747
0.370532689673   -0.915527507428   0.156572376321
0.15008241123   -0.107340808236   -0.98282919204
0.679338775897   0.732682526579   -0.040928508499
0.307522090233   -0.233605137357   0.922420079909
0.666279964865   -0.639222148432   -0.384013090106
0.228517200509   -0.187226634916   -0.955366985116
0.791880234069   0.606589020254   0.0705369080558
0.566308735552   -0.772655128557   0.286877096249
-0.281830709004   0.237155435014   -0.92969282621
-0.321195360484   0.889742491437   0.324332914357
0.904104524856   0.39001999766   -0.174583531753
-0.16708614855   0.116285514858   -0.979060722324
0.0240439822099   -0.992244393091   -0.121954710036
-0.985649078467   -0.0439174613873   0.162994327211
0.564240120451   -0.819354583891   -0.101445316947
0.351636339774   0.127323537378   0.927437653635
-0.746983916175   -0.558969393336   0.359955894923
0.200830045868   0.889161529531   -0.411167930509
0.33343577686   0.332614256916   0.882149839203
0.921134015975   -0.314260290999   -0.22967932888
-0.47380118664   -0.605726051379   0.639224832292
0.150339220081   -0.77085092091   -0.619020982388
0.867704186024   -0.197192313268   0.456294463197
0.171658393849   0.480361517285   -0.860108253962
0.791828106244   0.452161341041   0.410558609495
0.586124258143   -0.751533721386   -0.302746460981
0.231250148046   0.53681489885   -0.811389631066
0.352360420704   0.731162164605   0.58416095639
0.906843703705   -0.420988899405   -0.0200709647877
0.265877302258   0.257413675066   -0.929003476868
0.778932521825   -0.62513428232   0.0497117240917
-0.567955444192   -0.736848240113   -0.366716899604
0.948119840929   0.310263668524   -0.0693197174728
0.26189985645   -0.885879445892   -0.382917840454
-0.180214406827   0.344897177925   -0.921177889569
0.739275268338   0.589011718545   0.326400479535
-0.00846563696256   -0.476535440627   0.879114501539
0.673350139686   -0.652670796989   -0.347304506366
0.606682617345   0.0139242685105   0.794822191787
0.357744120857   -0.897661606154   -0.257337880672
0.709898123539   0.440465385227   -0.549577017909
-0.75026662995   0.526948162131   -0.39928137749
-0.197674608608   0.397511923121   0.896051907028
0.630892013815   0.751205634566   -0.194075659219
-0.777327095447   -0.410412268984   -0.476785440373
0.375752771033   -0.910741178334   0.171348653768
-0.504551723558   -0.0459594990663   0.862157342195
0.031921551076   -0.973408484519   -0.226841215045
0.910553825142   -0.065267149295   0.408205745603
-0.412156215648   -0.219581696617   0.884257390364
-0.627267383638   0.563110672214   0.537998141504
-0.644739170345   0.0120268445687   -0.764308025101
-0.436860425819   -0.826293970599   0.35551546029
0.993559595395   -0.112912456159   0.00949250460158
-0.00574670030222   -0.13387877612   -0.990981053674
0.113164949675   0.984544184153   -0.133665416679
-0.459582781159   -0.88746578354   0.0344695562581
-0.863908356903   0.437706255404   -0.249149723769
0.206024314428   -0.144283460685   -0.967851365054
0.107176253143   -0.986183074972   -0.12631782693
-0.0293656626539   0.123854316632   -0.991865800453
0.993806273184   0.110013866806   -0.0156856779023
0.368328966332   -0.340274759247   0.86518602669
-0.844688682495   0.266273104589   0.46432710823
-0.388374564338   -0.901837968813   -0.189350140699
0.425071986559   0.222951842744   -0.877272068437
0.448222876617   0.790173551412   0.417997621436
0.786390525833   -0.570892489411   0.235948524923
-0.450408272304   0.205981825043   0.868736942919
-0.880697088071   -0.262320558532   -0.394411667722
0.146645924948   -0.942740373763   0.29955894307
-0.778263677417   0.620172790455   0.0984446971233
-0.612222831165   -0.784257963559   0.100611388988
0.139602483549   0.0180320983975   0.990043428348
-0.607239173179   -0.740793331792   -0.287203457724
0.750036009872   -0.653734524234   0.100385037334
-0.262119382062   -0.154455208382   0.952594886691
0.026555111723   -0.725994009492   0.687188128698
0.842197663433   -0.354073886198   -0.40661379566
0.538514551103   0.5895459111   0.602027986854
0.992147071008   0.111634627454   0.0564083277924
-0.0809312403443   0.229123199067   0.970027161468
0.0953641642733   -0.966974802982   0.23635863972
-0.753274901874   0.113848489925   -0.647777310152
-0.0119409639241   0.982374701638   0.186540502201
0.657597396275   0.148251363983   -0.738638746269
0.724627754546   -0.572456438297   -0.383677264889
-0.373481448775   -0.794115922882   0.479470028726
-0.579159930211   -0.204140949535   -0.789240297983
0.0586276060096   0.913942730338   -0.40158621674
0.868679186176   0.151512646436   0.471635865339
0.491893560964   -0.37650046963   -0.785040203461
-0.384158726964   0.845497863784   -0.370884665137
0.914164403664   0.404601185986   -0.0245218957989
0.129327164864   -0.348469859006   -0.928355126981
-0.970619024571   0.235034738813   -0.0515497884805
0.147979669006   0.414128377553   -0.898108960241
-0.18973857463   -0.879349963584   -0.436741244722
0.586316867885   0.739532725723   -0.330641615678
-0.804681844499   0.484638329138   -0.342947254057
-0.0933791174062   0.46713706502   0.879240184999
-0.654172221747   0.190338778094   -0.732003998519
-0.376492677412   0.757444076543   0.533415161732
0.655981682785   0.624539526743   -0.423837718222
-0.801697378966   0.475676353098   -0.361957621362
0.416915206866   0.0110674176727   -0.908878002017
-0.428325837235   -0.879550748604   -0.207189424893
-0.974165560018   -0.143022200455   0.174774459953
0.186651802897   -0.0742380923542   0.979617175288
-0.127132081514   0.986931282218   0.0990155443821
-0.596921551317   0.495154990712   0.631273472234
0.661269742279   0.749203838846   0.0376289224556
-0.45432036001   0.439903561058   -0.774646930833
0.935218133897   0.353542654176   -0.0193554568319
-0.349333371354   0.912408381396   -0.213253701533
-0.0577341986138   0.206200235784   0.976805111101
0.997453340404   -0.0543965223913   -0.0461286469467
-0.0213289556999   0.389665425779   -0.920709471876
0.0680581322558   0.919348614131   0.387512859567
-0.847024758733   -0.403904681874   0.345557616112
-0.522655870666   0.514396987389   -0.679872473501
0.0968498784273   -0.75647653455   -0.646810137307
-0.341631460483   -0.77632655308   0.529721651616
-0.413788170754   -0.381819823312   -0.826433888626
0.843840799531   -0.501528369595   -0.190793080427
0.42126490039   0.263431188239   -0.867836328326
0.377978329216   0.818828353578   0.432032996448
0.824419957511   -0.510023662628   0.245372364413
0.1892759236   -0.388244081538   0.901909728241
-0.949766697545   -0.305526487462   0.0677995995132
0.249234518036   -0.869436655893   -0.426570107262
0.0484951678287   -0.580248272636   -0.81299456382
0.99789907481   0.0631557795324   0.0144493599971
0.0429610892546   -0.811987247199   0.582091964552
0.985227131472   -0.0737692046417   0.15454968087
0.138926511231   0.871975399443   -0.469423398696
-0.100134528949   0.483959716519   0.869342319745
-0.612647216738   -0.126174258305   0.780220125583
0.322733501447   0.861185838545   0.392685673959
-0.721461346759   0.492380958232   -0.486882446904
-0.82249440871   0.563794274479   0.0750930336743
-0.0223778560481   -0.164001105832   0.986206301361
0.568332806725   0.809468747606   0.147506499684
-0.9436290239   -0.0306857503511   0.329579504791
0.231273784186   0.651210359002   0.722798384805
-0.236805198425   0.758276633593   -0.607404185815
-0.591058964844   0.183719630139   -0.785427525351
0.523647573922   -0.653248881452   -0.546862978457
-0.613549116536   -0.7345154841   0.289904269052
0.287062756826   -0.111699975927   0.951376943709
0.749012234443   -0.592949846389   -0.295619945745
0.597139553454   0.797454447003   -0.0865491690081
-0.224881871789   -0.826520147024   -0.516035454502
-0.226879517211   0.55946029862   -0.797201266268
0.947604257278   -0.0621982381698   -0.313332971067
0.955021025913   -0.14451452672   0.258940903743
-0.187235599181   0.383268177128   0.904460245008
-0.229951452406   -0.91226150635   0.338970903719
0.99770758954   -0.0330703522766   0.0590416596502
0.0382747047835   0.995268057346   -0.0893114830293
-0.0558087156964   0.0913665465445   0.994252252411
0.894026544697   -0.384451226609   -0.230029980082
-0.2050777563   -0.807671241521   0.552820295838
-0.398321040429   -0.44706198673   -0.800921924268
0.836718516585   -0.547341692772   0.017866039205
0.54697761559   0.83686785552   0.0216259205933
-0.0267882819014   -0.00832248467425   0.999606484674
