-0.506127239181   -0.798649594225   -0.325567264022
-0.0830746769199   0.420876863156   -0.903305742323
0.858448493396   -0.430141246224   -0.279364801797
-0.173092536429   -0.856013047682   0.487114602563
0.698413372375   0.242044007837   0.673523169281
-0.694447791501   0.456789186024   0.555954948185
0.790573728377   0.203293079672   -0.577637519347
0.270133893015   0.730769298418   0.626900241135
0.54956424542   -0.651650332807   0.522810657799
0.952697359022   -0.15910545086   0.258946321887
0.0494261513468   0.921787366106   0.384532322764
-0.299874636598   -0.353544208259   0.886048359364
-0.607770726004   0.751128505372   -0.257722162475
0.29600490413   -0.0868685636576   -0.951228126886
-0.736882515293   -0.654415633268   -0.169541551221
0.558248531148   -0.725955547476   0.401680371142
0.550744555305   0.686336292833   0.474997818881
-0.620515118489   -0.0439435573099   0.782962292513
0.235615128096   -0.9513109023   -0.198728655651
-0.790784989484   -0.0688010106923   -0.608215028863
0.564928855538   0.300456299805   -0.768492940818
0.94642616757   -0.193535566828   0.258498537156
-0.103723410949   -0.940277747123   -0.324220931288
0.305808703866   0.280038823446   -0.909977633793
-0.99566737167   0.075812754691   0.0538415380333
-0.0867569583769   -0.549024686278   -0.831291238995
-0.0334621452513   -0.832360691097   0.553223250372
-0.986708522159   0.0316372433975   -0.159390643165
0.0252619101018   0.998803767051   0.041867300166
0.160524540792   0.0372843097749   -0.986327406112
-0.875913956466   -0.252367874691   -0.411199704149
-0.479476681776   0.360581692741   0.800051844878
-0.053636298358   0.897937246518   -0.436843048262
0.889036229904   0.0139522053487   -0.457624210335
-0.450511858506   0.204740115379   -0.868976726098
0.0815698918985   0.97871692594   0.188307014249
0.222032013978   0.651920142559   0.725053041159
-0.348536049321   0.747548459644   -0.565414823653
-0.91061759652   -0.127166930485   0.393197361001
-0.475319742211   0.778125531142   0.410599318617
0.842328632068   0.267701123666   0.467780486967
0.254074040909   0.568204862855   -0.782681043315
-0.825258753845   0.5571323276   0.0924746383894
-0.536393037387   -0.824473467517   0.180349690336
0.176721528529   0.0992324085359   0.979245847809
-0.00515743040251   0.551247008602   -0.834326157099
0.492423377386   0.72756718144   0.477666425338
0.870340518599   -0.408378172776   -0.275199290851
0.706080018178   -0.702242699384   0.0911383513766
0.700825981194   0.674543293112   -0.232022175235
0.101459114988   0.227698346235   0.968431469495
-0.16276633435   -0.932592996856   0.322145033515
-0.966732745039   0.216033749081   0.136956996637
-0.197319335273   -0.289136164244   -0.936731209288
0.0641025145107   0.930731456964   0.360041417966
0.863878771727   -0.232373983526   0.446895736766
0.499604178718   0.282384997472   -0.818934904501
0.940044583907   0.0381737293394   -0.338908463535
-0.00950480627275   -0.990397820263   -0.137919600765
-0.340919109065   0.132871833004   -0.93065527295
0.824017604473   0.149451393042   0.546497272304
-0.552600589906   -0.000824643412173   0.833445803876
0.12501030179   -0.988768729826   0.0819074072685
0.171583747076   -0.68714412005   -0.705968820856
0.983760428484   0.0811930320073   0.160072205278
-0.0526729255721   -0.721969978485   0.689916598639
-0.46952839055   0.387999326898   -0.793094958246
-0.845219526543   0.0621512896523   0.530792962599
0.255239186682   0.919561710556   0.298762812378
-0.252684637605   0.8862454342   0.388226099429
-0.176342091644   -0.436710163155   0.882149477193
0.951343229667   0.154445018554   0.266632322892
0.142130720398   0.767803537844   -0.624721206294
0.632833153051   -0.55578250194   -0.539099258891
-0.761131433275   -0.318721724725   -0.564885301163
-0.149085365017   0.450648918303   -0.880164249655
-0.923072809564   -0.382588112426   -0.0395338396024
-0.354556260954   0.806561769899   0.473020051537
0.936324937309   0.150554683898   0.317220584025
0.0481348193536   0.839852623399   -0.540676067656
-0.347819854147   0.52151784066   0.779128032441
-0.0621427371398   -0.865585260269   -0.496890770116
-0.021753512034   0.498909371855   -0.866381107475
0.997830178405   -0.0430301740774   -0.0498331133274
0.922597121715   -0.135271719203   0.361270138522
-0.0774592886008   0.852469923375   0.517005888119
-0.377908202627   -0.504971872211   0.776008246517
-0.96218489271   -0.237048197972   -0.13419532063
0.219928948463   -0.96671432817   0.130746569125
-0.160721777828   0.0962889378309   0.982291683047
0.187374559498   -0.122455862023   0.974625741661
0.262363937208   -0.949913747086   -0.169791158632
0.946602312962   0.287521190441   -0.145861667827
-0.3420497213   -0.24146604376   0.908127820227
0.854555381494   -0.481869179519   0.193745177462
0.390815926131   0.842315999813   0.3711693257
0.622531972939   0.516498569911   -0.58794827149
0.189530943561   -0.828419121822   -0.527067149453
-0.759297019684   0.21668176176   -0.613609851632
-0.351186918193   0.0943773433665   0.931536722598
0.798909912221   0.549037581928   0.245561979519
-0.488273182394   0.830452076095   -0.268213811474
0.744548161985   -0.297814236058   -0.59745687316
0.488767727828   -0.366403677235   0.791741405727
-0.454702257217   -0.881507246771   -0.127243196957
-0.99311758372   -0.011738427978   0.116531859228
-0.108934018692   -0.272897008824   -0.955855952614
0.0430214420731   -0.961971637775   0.269740103874
0.723689300311   0.619316074298   0.30450188297
0.271093775876   -0.660869058806   0.69982873033
0.634651054751   -0.423909998974   -0.646156599806
-0.505303100657   0.394615929388   0.76742885321
-0.851122740489   -0.0812220295744   -0.518645411176
-0.142333611942   -0.915249283084   0.376908334647
0.37537786382   0.873913678032   -0.308814414662
-0.433391500778   -0.129020641271   -0.891922351541
-0.819306576568   0.468645449647   0.330315267764
0.726591222477   0.665068235525   0.172480252538
0.566505346869   -0.721950959728   0.397314112154
0.388763279373   -0.190973961165   -0.901327941855
0.607442137764   -0.792478569768   0.0546970358181
-0.740454648672   -0.539940776281   0.400238518098
-0.287647288408   -0.283622415489   -0.914777220368
0.484651767056   -0.844060895819   0.229507884046
-0.797081625584   -0.318108063657   0.513291478589
-0.360240956646   -0.431704139413   -0.826957066097
0.63758255162   -0.693247145301   -0.33600131756
0.0413018270501   -0.404762038583   0.913488834745
-0.769274105214   -0.59630201044   -0.229436839661
-0.183390358504   -0.583760840836   -0.790943270478
0.335726015905   0.719020832501   -0.608520406128
0.923935072747   -0.377137008441   0.0641222130913
0.888638329271   0.447597779413   0.099890678318
0.332625693588   -0.479097775688   -0.812296417139
-0.315724670742   0.755063937157   -0.57462716877
-0.239596287687   0.792329769214   0.561076782396
0.631020664143   0.566285280951   -0.530220616351
-0.73783910194   0.22701215253   -0.635656308277
0.110133545021   -0.0280320320604   0.993521417706
0.877139593664   -0.467368958774   -0.110419154142
0.467436343781   0.883617825507   -0.0268849950517
0.018583846043   -0.715567749551   -0.698296095126
0.968084337234   0.187466758179   -0.166339804557
0.24993470481   -0.672918279124   0.696213783943
0.116171867994   -0.521929627053   -0.845040567956
0.991598499416   0.01221430814   0.128775877528
-0.0568903598437   -0.852901093375   0.518963593979
-0.39086413057   0.315810511652   0.864574434137
0.54084841633   0.838839399741   -0.0618987236885
-0.744787366962   0.443409722685   -0.498677847756
-0.0870397564859   -0.996000635179   -0.0201696681705
-0.953181814091   0.0773779679716   0.292330428385
-0.289600604416   0.0446697301964   -0.956104651765
0.479447335435   0.107222196784   -0.870995782459
-0.230911007142   0.972947231409   -0.00733428073772
0.84664653742   0.204638914701   0.491235743066
-0.833577487095   -0.450348339198   -0.319898337587
-0.223564381049   -0.254524144778   0.940870037386
-0.505141109528   0.855805955288   0.1114837493
-0.699858183318   -0.127916205623   -0.702734635251
-0.336120403176   -0.809119496297   0.482025637577
-0.630255184677   0.573553035954   0.523273654159
0.0788620333752   -0.280670588951   -0.956558832582
0.665368265833   -0.699714311298   0.260163320603
-0.742338097173   -0.656980900075   0.13156840967
-0.893624109947   0.430554979125   0.126721584867
-0.448781524039   -0.853690728706   -0.264210679955
-0.00557618166424   -0.292975339698   0.956103737325
0.485009814439   -0.87030999456   0.0855920163677
-0.550321800745   -0.227682754954   0.803309702868
-0.679640637044   -0.436716242502   -0.589378934144
-0.595209818329   -0.153549651147   -0.788763447934
-0.45905528599   -0.740665340007   0.490594637676
-0.65954038282   0.654092775334   0.370363503447
-0.345372257049   -0.8989859264   -0.269336793244
0.938119129349   -0.338520562494   -0.0730501739777
-0.0255049644224   -0.277899501445   0.960271505298
0.641361418513   0.374445537384   -0.669661160869
-0.536534606531   -0.405020174704   -0.740330516781
-0.548439738566   0.834115817867   -0.0588613247073
0.752552276369   -0.564592618717   0.338969388326
-0.490767499337   -0.824052515965   -0.282992424857
0.439104011513   0.0466114344612   -0.897226304369
-0.682568296346   -0.391632820476   -0.617028568828
-0.634108969779   -0.102369165753   0.76643745234
-0.363326761015   0.914409256203   -0.178463937258
-0.896984871427   0.206155264345   0.391047500201
0.0787866238671   -0.795884180794   0.600300790156
0.43498368743   0.569270039388   0.69765379231
0.576913347862   0.159383692767   0.801104130272
-0.367791296099   -0.825033979335   0.429008735874
0.729315125013   -0.542139992458   -0.417353180178
-0.447904815552   -0.472774461336   0.75885807956
0.420960198726   -0.860307490144   -0.287512666661
0.78877993591   0.190670740047   0.584355098888
0.777655122418   0.122631263726   0.616615020684
0.195353042107   0.885106894591   -0.422401437127
-0.597569828151   0.448940261398   0.66435152004
-0.646918240837   0.514983405425   -0.562395663043
-0.0418659530582   -0.76038422773   -0.648122726182
-0.761409240584   -0.395737183439   0.513466698041
-0.583172990095   -0.375651203248   0.720274556764
-0.541270643219   0.840848383919   0.000293343293826
-0.605751891794   -0.389692402748   -0.693689034675
0.58618446567   0.523691558707   -0.618170626564
0.0631071377244   -0.790202065879   -0.609588536842
-0.807716077205   0.31832035188   -0.496252851078
0.916242322524   0.388644762726   0.0972381346057
0.371556035699   -0.915119384232   0.15653314326
0.149820288185   -0.10729287492   -0.982874417329
0.678858775489   0.733080942613   -0.0417503834627
0.30797480407   -0.232656854569   0.922508703525
0.666560037056   -0.63911119502   -0.38371160707
0.228478440964   -0.187921558541   -0.955239807509
0.791964319325   0.606529342266   0.0701047351178
0.56620678107   -0.77253326453   0.287406047717
-0.281077758919   0.236032580007   -0.930206382808
-0.322687463803   0.88960208873   0.323235091585
0.903807553711   0.391020133628   -0.173882606812
-0.167273630002   0.117020159504   -0.978941170334
0.0253951771824   -0.992090209426   -0.122931287056
-0.985583389512   -0.0454235470984   0.162978782935
0.564054135986   -0.819301052782   -0.102901489724
0.352891257068   0.12651357647   0.927071774812
-0.746532445619   -0.559231705001   0.3604846845
0.201056285226   0.889157473466   -0.411066123087
0.332756086683   0.33268919372   0.882378199616
0.921330427668   -0.314192437466   -0.228983307892
-0.474036710504   -0.605124010582   0.639620300579
0.149726209061   -0.771242322803   -0.618681939156
0.867681542627   -0.197510028441   0.456200097819
0.171122048013   0.4806918587   -0.860030570191
0.791402877553   0.452876253156   0.410590531708
0.586854948079   -0.750891760714   -0.302923808255
0.230489995899   0.536744109688   -0.811652710527
0.35228730193   0.731500782665   0.583781005052
0.907065608812   -0.420490624957   -0.0204845218321
0.265169687532   0.257885210184   -0.929074945945
0.779224659829   -0.624829026134   0.048965473699
-0.567885522204   -0.73694226807   -0.366636232801
0.94795720654   0.310944383176   -0.0684888687349
0.262861619527   -0.885672362699   -0.382737814868
-0.179668871954   0.344815974865   -0.921314842998
0.738943724956   0.589734750626   0.325845201364
-0.00759675015813   -0.476293693357   0.879253437329
0.673724321021   -0.652194174746   -0.347474168382
0.606523453366   0.013901017015   0.794944062336
0.358582335444   -0.897165337044   -0.257901273193
0.70961116763   0.441476069264   -0.54913647761
-0.750391571224   0.526809770247   -0.399229202099
-0.19771518961   0.39744023228   0.89607475445
0.630730682331   0.751340620317   -0.194077506755
-0.777813843194   -0.40927650858   -0.476967886613
0.374867572367   -0.911245074977   0.170606906418
-0.504460036597   -0.0460993801952   0.862203525058
0.0316673278105   -0.97314650294   -0.227997947722
0.910252640282   -0.0661419147162   0.408736318397
-0.412840539686   -0.220479320876   0.883714635987
-0.626941869968   0.563301533928   0.538177734169
-0.64516159301   0.0118311572065   -0.76395454225
-0.436704030879   -0.826166693588   0.356003067151
0.993593139259   -0.112596846171   0.00972747909215
-0.00547455710793   -0.133921940359   -0.990976762147
0.112883580921   0.984574458395   -0.133680339002
-0.458891136557   -0.887820800017   0.0345420301602
-0.864276851615   0.437032012486   -0.249055302743
0.206020505173   -0.144143148016   -0.967873082758
0.107382060691   -0.986257121462   -0.125562667249
-0.0286826614817   0.123167236197   -0.991971338728
0.993804003802   0.110121397979   -0.0150625275164
0.36898432477   -0.341345333617   0.864484777941
-0.844432058786   0.265475791107   0.465249505567
-0.388310528016   -0.901668435488   -0.190286537299
0.425783291824   0.222163811983   -0.877127031306
0.448487811782   0.790110334858   0.417832910903
0.785854484677   -0.571287055162   0.236778017387
-0.450361884388   0.206025792414   0.868750566014
-0.880632923482   -0.262887326192   -0.394177507993
0.147172779991   -0.942572876009   0.299827527492
-0.778240395467   0.620253650699   0.0981187834065
-0.612242286803   -0.784180674712   0.101094271146
0.139646944517   0.0186031772253   0.990026591908
-0.607831928904   -0.740381104487   -0.287012484613
0.749424931438   -0.654360111747   0.100871781453
-0.262493082468   -0.15378122211   0.952601027389
0.0261367013321   -0.725774950835   0.687435519583
0.841935515528   -0.354761141523   -0.406557646784
0.538944765757   0.58940245436   0.601783421388
0.992180924038   0.111225094069   0.0566214837785
-0.0810488573333   0.229195347665   0.970000296564
0.0949109935723   -0.967004897122   0.236417918612
-0.753100023264   0.113369955031   -0.648064509333
-0.013194459726   0.982240373019   0.187162378279
0.657773715797   0.149502852504   -0.738229392466
0.72449131012   -0.572498929846   -0.383871484855
-0.372292439253   -0.79370282212   0.481076054104
-0.58009540701   -0.205622969249   -0.788167820507
0.0578894600315   0.913747834825   -0.402136425569
0.868322449358   0.152677101561   0.471917181929
0.492610327092   -0.376503116868   -0.784589363063
-0.383899653095   0.845245996037   -0.371726058459
0.91417924327   0.404590432056   -0.0241431866908
0.129989874717   -0.349092807821   -0.928028471545
-0.970791709989   0.234505271191   -0.0507024023147
0.147006996887   0.414381815598   -0.898151798845
-0.189611177632   -0.879371928529   -0.436752347025
0.586512783767   0.739319169877   -0.330771703039
-0.804476558837   0.4844072287   -0.343754422611
-0.0939160303652   0.467714444759   0.878875973846
-0.654225583905   0.190375827834   -0.731946671241
-0.37691196155   0.756980555205   0.5337769312
0.655687622733   0.625089980097   -0.423481119033
-0.801986005764   0.475694761975   -0.361293426439
0.416389761785   0.0115245130171   -0.909113167807
-0.428296641173   -0.879534922006   -0.207316926784
-0.974270405346   -0.143002507101   0.174205224463
0.186005568012   -0.0736808849716   0.979782147142
-0.127275708349   0.986975891374   0.0983843682281
-0.597670158973   0.494228350785   0.631291310215
0.660164474115   0.750174075675   0.0377057462769
-0.454943126325   0.439291695193   -0.774628658355
0.935437783   0.352955823021   -0.0194509930925
-0.348844187208   0.912848340707   -0.212168894799
-0.0571304401135   0.205256166448   0.977039415248
0.997435962154   -0.0543848783185   -0.0465165176297
-0.0216773475031   0.389856403329   -0.920620484993
0.0682025953124   0.919268333945   0.38767787685
-0.846795421845   -0.403928165435   0.346091824103
-0.523038827742   0.513912282667   -0.679944520089
0.0967879032604   -0.75679336869   -0.646448682333
-0.341757648322   -0.775500206329   0.53084945116
-0.413460061192   -0.383185467258   -0.825965904552
0.843950524387   -0.501765211694   -0.189681798602
0.420482143136   0.262409288152   -0.868525263188
0.378968298454   0.818964317298   0.430906574283
0.82436508664   -0.510332061   0.24491506986
0.190257002744   -0.387821873648   0.901884952323
-0.949526636154   -0.306072808479   0.0686920893884
0.249402165471   -0.869432936016   -0.426479694274
0.0484308076411   -0.580087589283   -0.813113058333
0.997919107797   0.0627943540184   0.0146397881402
0.042566549832   -0.812130074473   0.581921670822
0.984786196435   -0.075768779644   0.156381710382
0.14196988077   0.869753145013   -0.472624607584
-0.100203294681   0.487635682422   0.867277776127
-0.613652074281   -0.1261239062   0.77943818999
0.322241916309   0.861201201115   0.393055515891
-0.720826802432   0.492366988621   -0.487835494211
-0.822287801763   0.564195283637   0.0743401169825
-0.0231453951386   -0.163683525653   0.986241346788
0.568600968831   0.809253597676   0.147653489269
-0.943914657533   -0.031070413411   0.328724426694
0.230383865435   0.651206712274   0.723085812637
-0.236534128282   0.758264101287   -0.607525438857
-0.591380458263   0.184195025068   -0.785074102442
0.523357081808   -0.652997229304   -0.547441305934
-0.613487178763   -0.734620181632   0.289770029908
0.286672581161   -0.111572473135   0.951509545117
0.749540278692   -0.592445717822   -0.295292130021
0.596664228715   0.797846886735   -0.0862098805182
-0.224283614456   -0.826798099617   -0.515850523656
-0.22711301709   0.559106465294   -0.797382993257
0.947690106393   -0.0616835710382   -0.31317502983
0.955161857979   -0.145146335603   0.258066592808
-0.1861359144   0.383463241001   0.904604534684
-0.230259085451   -0.912079209314   0.339252515842
0.997642976161   -0.034011868858   0.0595960140729
0.0393456390887   0.995096990961   -0.0907408357087
-0.056217548873   0.0928718006566   0.994089742348
0.894187091594   -0.383712528593   -0.230638549744
-0.203651137552   -0.807410048873   0.553728477823
-0.3986924371   -0.448167054099   -0.800119136266
0.836062375955   -0.548344922604   0.0178199148924
0.547980148984   0.836210524025   0.0216729284874
-0.0267854406642   -0.00835496046745   0.999606289898
