-0.505881867811   -0.799116630432   -0.324801703794
-0.0833255589224   0.420046499431   -0.903669070814
0.858568801582   -0.430085513919   -0.279080747575
-0.173588037011   -0.856082005673   0.48681700152
0.698191296657   0.241643759929   0.673897029641
-0.694547411397   0.456871856049   0.555762539644
0.790555761878   0.202982782052   -0.577771215579
0.270498466157   0.730696708815   0.626827647391
0.549410745406   -0.651828435954   0.522749962137
0.95274917487   -0.15902646845   0.258804157844
0.0493154318016   0.921683267786   0.3847959746
-0.299728206833   -0.353851008498   0.885975431834
-0.607850376073   0.751380780592   -0.256797279706
0.294782903392   -0.0867588040337   -0.951617543864
-0.737306557801   -0.65414052961   -0.168757836397
0.557637498537   -0.726811777591   0.40098012442
0.551192830683   0.685405365251   0.475821341146
-0.620666483411   -0.0443184526006   0.782821174426
0.235838624709   -0.951378314022   -0.198139967459
-0.790223268416   -0.0690734728659   -0.608913820996
0.565621188737   0.300180210799   -0.768091473651
0.946426913995   -0.193176144991   0.258764513549
-0.103202582007   -0.940250538767   -0.324465948007
0.305982554295   0.280378139939   -0.909814692732
-0.99564563764   0.0760715435972   0.0538784233487
-0.0869389016805   -0.549211100108   -0.831149081027
-0.0336361653937   -0.832214087704   0.553433212416
-0.986704796735   0.0305687327037   -0.159622043216
0.0242815191711   0.9988561787   0.0411915294747
0.160698636977   0.036768014015   -0.986318438041
-0.875613937514   -0.252980116148   -0.411462383779
-0.479969003915   0.36025312411   0.799904645473
-0.054129360909   0.89789684675   -0.436865270861
0.889091707922   0.0135412136192   -0.457528764603
-0.450339890975   0.204757046509   -0.869061870353
0.0819140860983   0.978719156571   0.188145940855
0.222495339651   0.651345379469   0.725427474306
-0.348212090798   0.748091919439   -0.564895406152
-0.910628444348   -0.126916022291   0.393253302122
-0.475927442374   0.777747857285   0.410610935174
0.841924205429   0.267915399758   0.468385493889
0.254276821413   0.568620795488   -0.782313037748
-0.824877550918   0.557819586792   0.0917296821288
-0.537215877939   -0.824011462194   0.180011695905
0.176000359325   0.0992089651365   0.979378095913
-0.00524979281853   0.550400025166   -0.834884574042
0.492106669645   0.728224955227   0.47698997922
0.870519078118   -0.408348168702   -0.274678553497
0.705334873496   -0.702861357177   0.0921337550378
0.70160965574   0.673625297508   -0.232320574916
0.101225526438   0.228505735473   0.968265728844
-0.161748517446   -0.93281233542   0.322022614101
-0.966804493399   0.215200044751   0.1377607066
-0.197804167418   -0.289050320234   -0.936655445575
0.0631948800282   0.930892996167   0.359784153105
0.863730244146   -0.231619845707   0.447573806675
0.499976471932   0.282472081385   -0.818677623215
0.940252473733   0.0391012852075   -0.338225331894
-0.00859537532561   -0.990341158936   -0.138385362086
-0.340369512681   0.133024352702   -0.930834634307
0.824239276403   0.149644544635   0.546109993953
-0.552260422684   -0.000545245383001   0.83367147501
0.125052152206   -0.988739709412   0.0821933468123
0.170704036785   -0.687478295292   -0.705856731446
0.983901598787   0.0804755446914   0.159566069738
-0.0528940046725   -0.721732138822   0.690148494211
-0.468814814614   0.388389601176   -0.793326028375
-0.845417696043   0.0628945403436   0.530389664315
0.255893706088   0.919346395269   0.298865549522
-0.251997225561   0.886574310444   0.387921886944
-0.176495491057   -0.436240574319   0.88235112226
0.951497104539   0.153883570852   0.266407782685
0.141592168241   0.768134051252   -0.624437136307
0.632915683805   -0.555267785782   -0.539532597038
-0.761163185583   -0.318822466868   -0.564785658045
-0.147884432604   0.450907663497   -0.880234328797
-0.923208742424   -0.382142734714   -0.0406515463141
-0.354705247362   0.806628296866   0.472794858463
0.936223910086   0.149683175398   0.317930396762
0.0491828631951   0.840022533288   -0.540317674647
-0.347945162562   0.521495053257   0.779087333537
-0.0619046655085   -0.865980297484   -0.496231736952
-0.0217519231671   0.498237785646   -0.866767536767
0.997845011125   -0.0428629598219   -0.0496799803592
0.92258741436   -0.136031263759   0.36100963719
-0.0767024307095   0.852411902351   0.51721435194
-0.378086233533   -0.504865768308   0.775990564377
-0.962284959153   -0.236374494526   -0.134665347157
0.219150167641   -0.966845296482   0.131085379403
-0.161185797795   0.0966295555597   0.982182196734
0.186898084658   -0.121846408716   0.974793597965
0.26280878562   -0.949909692388   -0.169124565067
0.946573107664   0.287793378991   -0.145513995398
-0.34238941476   -0.241337540037   0.908033964359
0.854668277614   -0.481441621736   0.194309289796
0.390271218387   0.842597268349   0.371104054774
0.622314457159   0.517065618846   -0.58768006791
0.189721100992   -0.828020391904   -0.527624994129
-0.759427824253   0.21685335229   -0.613387319197
-0.351759819025   0.094364839702   0.931321806223
0.79860003383   0.549304165049   0.245973413658
-0.488367705408   0.83027718943   -0.268582897866
0.744116024514   -0.298262071511   -0.597771761427
0.488722977972   -0.367005673726   0.791490168136
-0.455457125166   -0.881105312747   -0.127327275102
-0.993079372487   -0.0103390478643   0.116989162023
-0.109757075035   -0.272777857853   -0.955795807035
0.041794071606   -0.96202148851   0.269755280253
0.72318214126   0.619701581957   0.304922186603
0.271575653893   -0.661082088957   0.699440587808
0.635023034838   -0.423013499762   -0.646378622979
-0.5052546709   0.394691083743   0.767422091126
-0.851106626984   -0.0809590281972   -0.518712970011
-0.14260163757   -0.915240178405   0.376829124133
0.375323194028   0.873952052851   -0.308772261289
-0.433111630729   -0.12916015249   -0.892038099151
-0.819479600327   0.468535446179   0.330041997816
0.726485728871   0.665186780311   0.172467484027
0.566381884269   -0.721736530311   0.397879305804
0.389140137893   -0.191371178902   -0.901081031299
0.607445824362   -0.792544553406   0.0536907937268
-0.740264015196   -0.540267272712   0.400150548972
-0.288129759433   -0.282815142632   -0.914875312175
0.484983328764   -0.844063469207   0.22879692037
-0.796737194637   -0.318590881324   0.513526720843
-0.36055653302   -0.431342914961   -0.82700802669
0.637431803612   -0.693091735216   -0.336607400868
0.041669411504   -0.405216545886   0.913270612187
-0.769379201622   -0.596173965815   -0.229417188973
-0.183719984647   -0.584204426595   -0.790539154747
0.335384601072   0.718715078918   -0.60906962221
0.923993580392   -0.377032920688   0.0638908452939
0.888480769913   0.447809531961   0.100342137602
0.333080268069   -0.478845601307   -0.812258841215
-0.315688860299   0.755098346703   -0.574601627469
-0.239721827462   0.792132360366   0.561301852036
0.630994030617   0.566516450203   -0.530005325422
-0.737821102141   0.227124272834   -0.635637149579
0.109698895074   -0.0273827111894   0.993587610404
0.87710518564   -0.467596927494   -0.109725141704
0.467603085686   0.883517572279   -0.0272773483052
0.0177122026793   -0.716131141253   -0.697740973717
0.968007752837   0.186977753797   -0.167332931704
0.250294363348   -0.672454837229   0.696532284653
0.115579338673   -0.522353076426   -0.84486015412
0.991705048472   0.0125280390114   0.127922418184
-0.0562362277122   -0.852637268589   0.519468165441
-0.391359107448   0.315407593064   0.864497599334
0.540990868491   0.838804184821   -0.0611262606126
-0.744423890822   0.443762988278   -0.498906284796
-0.086309730004   -0.996058625916   -0.020441238822
-0.953088812552   0.0765765559719   0.292844235839
-0.290124707489   0.0447576229645   -0.955941634877
0.479562468718   0.105916923444   -0.871092098417
-0.230694779023   0.972987288795   -0.00869797531563
0.846640276344   0.205127621669   0.491042667495
-0.833594358985   -0.450986844562   -0.318953461652
-0.222175204568   -0.254910615459   0.941094446164
-0.505725837923   0.855354572185   0.112293956644
-0.699645481656   -0.127534501026   -0.70301575448
-0.336547909577   -0.809124825114   0.481718301442
-0.630263202605   0.573630515605   0.523179058267
0.0789326230982   -0.279871883728   -0.956787003313
0.665334130968   -0.6999445324   0.259630787335
-0.742361189166   -0.657076388452   0.130959858577
-0.893400300005   0.431018920196   0.126722509382
-0.44922567403   -0.85349215617   -0.264097393303
-0.00567430551984   -0.292871695099   0.956134913318
0.485222446051   -0.870213690125   0.0853657505487
-0.550441695594   -0.228138898318   0.803098115317
-0.679391726179   -0.436670100411   -0.589700013403
-0.595075597395   -0.152930934061   -0.788984893893
-0.45955883821   -0.740633171848   0.490171581164
-0.659310782262   0.65427412769   0.370451964805
-0.345597880462   -0.899019150452   -0.268936186001
0.938048280501   -0.338633422627   -0.0734358803872
-0.0250505183354   -0.277654411454   0.960354361333
0.641333292893   0.374855127025   -0.669458916716
-0.536351629739   -0.404892735156   -0.740532782727
-0.548651562199   0.833993709066   -0.0586170328102
0.752386778434   -0.564237772732   0.339926273565
-0.490299401431   -0.824313482487   -0.283043776733
0.43990980052   0.0462927468723   -0.896848007743
-0.6822675355   -0.392330952754   -0.616917687794
-0.634329203678   -0.101887795595   0.766319344967
-0.363507181997   0.91416371653   -0.17935224564
-0.897091973614   0.20641530991   0.39066444772
0.0783081165056   -0.795895740207   0.600348073712
0.43484920348   0.569159635388   0.697827686236
0.576979928672   0.159800361172   0.800973162146
-0.367424256545   -0.825057023126   0.429278842122
0.729447446779   -0.541982244322   -0.417326813454
-0.448143475264   -0.472846685932   0.758672153952
0.421091880676   -0.860270151457   -0.287431547574
0.788574063489   0.190660111494   0.58463635559
0.777043173186   0.122325972708   0.617446567248
0.195907729238   0.885213660237   -0.421920534407
-0.598183975571   0.448813025803   0.663884627958
-0.64728200297   0.514913704619   -0.562040821851
-0.0421542698685   -0.760396461542   -0.64808968423
-0.76108411241   -0.395804368431   0.513896755942
-0.582912292137   -0.375764577837   0.720426430469
-0.541814553573   0.840498060399   -1.33878765099e-06
-0.605516514401   -0.390338305203   -0.693531367913
0.586365447646   0.524267637783   -0.617510328481
0.0634435256944   -0.789695589773   -0.610209631636
-0.80755834517   0.318628811421   -0.49631159535
0.915959991478   0.389384514969   0.0969380911361
0.372332769914   -0.914809464645   0.156499047423
0.14961818893   -0.107253638161   -0.982909484461
0.678493222314   0.733383799639   -0.042369206987
0.308321766571   -0.231946213379   0.922571754585
0.666771801693   -0.639022031331   -0.383492122398
0.22844048676   -0.188449146028   -0.955144943645
0.792029211933   0.606483222597   0.0697698226505
0.566131319972   -0.772440949244   0.2878025512
-0.280507604341   0.235184125168   -0.930593311375
-0.323813856124   0.889494305985   0.322404196937
0.903581800663   0.391775837552   -0.173354038377
-0.1674173739   0.117563838846   -0.978851452833
0.0264136235187   -0.99197336162   -0.123657471784
-0.985532213278   -0.0465574229451   0.162968288202
0.563906491708   -0.819264738278   -0.103994024943
0.353833535153   0.125902905955   0.926795709784
-0.74619789467   -0.559422690715   0.360880804564
0.20122046753   0.889149746495   -0.411002496046
0.332257998715   0.332755428152   0.882540904052
0.921474332652   -0.314144160131   -0.228469912502
-0.474213622904   -0.604667964826   0.639920379551
0.149273511878   -0.771541176277   -0.618418654279
0.867662871456   -0.197739388139   0.456136247052
0.170711823247   0.480931822085   -0.859977939199
0.791086358212   0.453416765625   0.410603958215
0.58740092548   -0.750411766403   -0.303055000931
0.229918780367   0.536683161831   -0.811854998286
0.352237502922   0.731757960954   0.583488670084
0.907229902489   -0.420120780714   -0.0207950388771
0.264629008385   0.258244202828   -0.92912938799
0.779445782827   -0.62459762427   0.0483950347637
-0.567834271205   -0.737012713229   -0.366574004784
0.947832056541   0.311462956733   -0.067861765197
0.26359066727   -0.885511818977   -0.382607865289
-0.179260572131   0.344760271835   -0.921415217067
0.73869392357   0.590280543511   0.325423058853
-0.00693759507696   -0.476110340168   0.879358182858
0.674005309368   -0.65183419973   -0.347604687838
0.606400665231   0.0138935803135   0.795037861761
0.359221289081   -0.896789827887   -0.25831776956
0.709392908534   0.442238592872   -0.548804818033
-0.750481935916   0.526703029125   -0.399200179075
-0.197751186615   0.397395278723   0.89608674839
0.630611871166   0.75143922679   -0.194081829097
-0.77818276097   -0.408418883016   -0.477101253954
0.374195524069   -0.911624833101   0.170052560814
-0.50439002795   -0.0461971824733   0.862239247562
0.0314718852132   -0.972948318021   -0.228869156727
0.91002764474   -0.0668039885867   0.409129457406
-0.41335118997   -0.22115333497   0.883307418842
-0.626693773042   0.56344583023   0.538315624171
-0.645478782421   0.0116923845395   -0.763688699398
-0.436591406551   -0.826070266103   0.356364783875
0.993617833309   -0.112362523763   0.00991284946185
-0.00526247586081   -0.133961495467   -0.990972564746
0.112676118493   0.984595846521   -0.133697835942
-0.458363147936   -0.888091379195   0.0345966301078
-0.864556095421   0.436516369768   -0.248990394986
0.206024227908   -0.144038748692   -0.967887832546
0.10753864427   -0.986312755063   -0.124990356385
-0.0281696545125   0.122646119508   -0.992050603515
0.993801746101   0.110204712106   -0.0145948921345
0.369479620079   -0.342149046863   0.863955346113
-0.844237208682   0.26487563209   0.465944669465
-0.388263242947   -0.90154030928   -0.190988808364
0.426312449814   0.221569546335   -0.877020314058
0.448689401721   0.790063447707   0.417705122522
0.785452427532   -0.571582614094   0.237397976716
-0.450319612694   0.20606344972   0.868763547298
-0.880588608783   -0.263310461308   -0.393994039356
0.147566759488   -0.942446526682   0.300030991464
-0.778218643276   0.620319544352   0.0978744407586
-0.612261890917   -0.784118245799   0.101459122488
0.139682211428   0.019032590479   0.990013454611
-0.608282747373   -0.740067029744   -0.286867374816
0.748962820975   -0.654833670285   0.101230218112
-0.262767562774   -0.153276403098   0.952606714341
0.025818834877   -0.725613156262   0.687618306348
0.841741935806   -0.355273903184   -0.406510722149
0.53926236775   0.589292797492   0.601606264556
0.992206180208   0.110918999785   0.0567791462041
-0.0811352054237   0.229250267517   0.969980099427
0.0945725879833   -0.967027037021   0.236462968077
-0.752967397478   0.11299941658   -0.6482832947
-0.014143594204   0.982139859296   0.187619976349
0.657905811707   0.150440781156   -0.73792107592
0.724391075377   -0.57252622322   -0.384019913077
-0.37139648448   -0.793394999699   0.482274844635
-0.580794474173   -0.206731947646   -0.787362483607
0.0573336730675   0.913600768898   -0.402549978265
0.868053132137   0.153553448075   0.472128264745
0.493149682875   -0.376503617052   -0.784250225775
-0.383713502396   0.845052123154   -0.372358506324
0.914187845672   0.404587067776   -0.0238723148101
0.13047808592   -0.34956575024   -0.927781900747
-0.970921974349   0.234103735406   -0.050059572465
0.146266421731   0.41456098078   -0.898190028384
-0.189516895291   -0.879394470237   -0.436747881639
0.58666875085   0.739152789081   -0.330866938768
-0.80431636724   0.484244214928   -0.344358420398
-0.094313085871   0.468146018569   0.878603634827
-0.654262480383   0.190396242771   -0.731908380538
-0.377230040537   0.756636606178   0.534039832511
0.655467850683   0.625500053502   -0.423215760328
-0.802205891561   0.475704802441   -0.360791696799
0.415993928377   0.0118740591985   -0.909289864824
-0.428269493542   -0.879524841976   -0.207415749761
-0.974351201224   -0.142986997614   0.173765517829
0.185507670787   -0.0732612054797   0.97990800581
-0.127383832382   0.987009379026   0.0979073284425
-0.598238364191   0.493524024816   0.631304123651
0.659324130836   0.750909797193   0.0377646259938
-0.455414701242   0.438826290698   -0.774615347437
0.935606670776   0.352504254369   -0.0195168709184
-0.348464746928   0.91318353858   -0.211348397238
-0.0566787239333   0.204539911799   0.977215916128
0.997422901897   -0.0543814450603   -0.0467997137287
-0.0219294227798   0.389999692654   -0.920553822515
0.0683129210946   0.919207755713   0.387802071486
-0.846622213962   -0.403945302153   0.346495338634
-0.523327017374   0.513539829516   -0.680004173801
0.0967453343207   -0.757037011228   -0.646169717581
-0.341853490611   -0.774871086306   0.531705736816
-0.413225011909   -0.384214517406   -0.825605410682
0.844026824508   -0.501950200937   -0.188851039948
0.419884170393   0.261635502298   -0.869047839529
0.379709009675   0.819072533125   0.430047966454
0.824329031046   -0.510555628132   0.24457023359
0.190999284659   -0.38750410563   0.901864646928
-0.949345685481   -0.30648112491   0.0693692261177
0.249523631582   -0.869430784015   -0.426413026406
0.0483762012691   -0.579972098355   -0.813198689301
0.99793457428   0.0625150258797   0.0147802907687
0.0422649808556   -0.812234102134   0.58179844854
0.98443946041   -0.0772642569663   0.157826434361
0.144294657635   0.868024537246   -0.475092048468
-0.100289583536   0.490472871151   0.865666426575
-0.614410957453   -0.126089589511   0.778845678411
0.321865217435   0.861214232901   0.393335514358
-0.720348497026   0.492352983607   -0.488555608264
-0.822130038497   0.564500176072   0.0737682249735
-0.0237275919391   -0.1634408488   0.986267757926
0.568805064308   0.809090007451   0.147763861143
-0.94413020986   -0.0313570485255   0.328077555369
0.229713027264   0.651204589907   0.723301117924
-0.236326198155   0.758254124679   -0.607618803588
-0.59162444877   0.184552257367   -0.784806330198
0.523136481654   -0.652808301597   -0.547877306455
-0.613440081166   -0.734698431784   0.289671332984
0.286375919144   -0.111470463055   0.951610828438
0.749935998974   -0.592071066117   -0.295038726459
0.596309341179   0.798139203732   -0.0859591826908
-0.223831100061   -0.827005531331   -0.515714542934
-0.227298698184   0.558843192631   -0.797514631749
0.947752573433   -0.0612873330958   -0.313063767231
0.955267302335   -0.145623715692   0.257406516075
-0.185304819046   0.383612575163   0.904711841536
-0.23049187649   -0.911940308137   0.339467773532
0.997593820787   -0.0347253439889   0.0600059931337
0.040156111049   0.994966890366   -0.0918061752856
-0.0565159753744   0.0939948804989   0.993967256487
0.894310799559   -0.383150574341   -0.231092689575
-0.202577150347   -0.807216814171   0.554403745547
-0.39896201818   -0.448995158438   -0.799520266003
0.835567944146   -0.549099289681   0.0177814731333
0.548734279813   0.835715175905   0.0216987308296
-0.026775004633   -0.00837346005604   0.999606414692
