-0.505715295643   -0.799429615876   -0.32429050096
-0.0834918172596   0.419490524293   -0.90391195173
0.858650776628   -0.430046496659   -0.278888605913
-0.17392158681   -0.856129064427   0.486615152543
0.69804072186   0.24137379147   0.674149718843
-0.694615312433   0.456926381198   0.555632837311
0.790540937914   0.202772883399   -0.577865194695
0.270745559403   0.730650274877   0.626775093542
0.549310356306   -0.651945805708   0.522709095841
0.952784189319   -0.158978892766   0.258704465055
0.0492487505737   0.921613761711   0.38497095318
-0.299627851094   -0.354053365865   0.885928532653
-0.607904427202   0.751548501062   -0.256177785804
0.293970471585   -0.0866791140842   -0.95187609121
-0.737586313067   -0.653958394497   -0.168240450078
0.557227941418   -0.727385757442   0.400508403375
0.551494332918   0.684779885967   0.476372237367
-0.620766479494   -0.0445698064294   0.782727609256
0.235989234128   -0.951423369525   -0.197743908368
-0.789845579962   -0.0692576282643   -0.609382753892
0.566085718941   0.299994921371   -0.767821597744
0.946427879216   -0.192931793218   0.258943222751
-0.102850134122   -0.940232769337   -0.324629310715
0.306098218476   0.280605884882   -0.909705566662
-0.995630716499   0.0762459692255   0.0539075926032
-0.0870651544814   -0.549336065731   -0.831053274924
-0.0337510775909   -0.832115640439   0.553574227812
-0.986701943581   0.0298487628699   -0.159775861409
0.0236209274829   0.998890647314   0.0407372862874
0.160814571227   0.0364215055201   -0.986312398592
-0.8754131866   -0.253388049706   -0.411638493089
-0.480297902142   0.360032783337   0.799806426656
-0.0544580381975   0.897870197294   -0.436879194844
0.889130691216   0.0132673890892   -0.457461026017
-0.450221463401   0.204766296027   -0.869121049052
0.0821416327507   0.978720971676   0.188037261655
0.22280423738   0.650961098495   0.725677559286
-0.347996645002   0.748454511828   -0.564547764845
-0.910635276537   -0.126749721774   0.393291115025
-0.476333252837   0.777496403546   0.410616578714
0.841653637313   0.268058991775   0.468789432182
0.254412631446   0.568896932143   -0.782068087547
-0.824621228826   0.558279421081   0.0912355027776
-0.537765232085   -0.823701754319   0.179788695674
0.175523172632   0.0991942938299   0.979465215279
-0.00531407095996   0.549832687946   -0.835257909819
0.491894570329   0.728665558272   0.476535660648
0.870638554356   -0.408326486349   -0.274331894273
0.704834352064   -0.70327607788   0.0927970604663
0.702134479986   0.673009224506   -0.232520441562
0.101072786468   0.229044410565   0.968154403917
-0.16106745748   -0.932958968398   0.321939182806
-0.966852167302   0.214641332352   0.138296728197
-0.198126628006   -0.288992494247   -0.936605134272
0.0625887313132   0.931000336979   0.359612323563
0.863630377377   -0.231116353947   0.448026564179
0.500225171283   0.282530712461   -0.818505451742
0.940389725412   0.0397230554739   -0.337770992247
-0.00798529179517   -0.990302950634   -0.138694992992
-0.340004999161   0.133124546309   -0.930953519632
0.824388647846   0.149771468489   0.545849672098
-0.552031235551   -0.000360017983085   0.833823353812
0.125079463859   -0.988720576105   0.0823817340622
0.170113110636   -0.687700611724   -0.70578282653
0.983995891248   0.0799922637333   0.159227270751
-0.0530435255002   -0.721574047744   0.690302309155
-0.468337252455   0.38864813798   -0.793481469732
-0.845551653924   0.0633865428347   0.530117483897
0.256325220197   0.919203334977   0.298935796549
-0.251538153017   0.886793916635   0.387717818774
-0.17659851507   -0.435926254782   0.882485844003
0.95159945463   0.153508468202   0.26625857383
0.141230901206   0.768355072714   -0.624246998214
0.632972086319   -0.55492229579   -0.539821807244
-0.761183401346   -0.31889140451   -0.564719489343
-0.147082010607   0.451080635624   -0.880280149907
-0.923299164485   -0.381844034256   -0.0413979029077
-0.354803516073   0.806673040127   0.472644762284
0.936156428361   0.149099632963   0.318402953958
0.04988276182   0.840136136932   -0.540076829251
-0.348027084739   0.521479214227   0.779061343809
-0.0617454521515   -0.866244616   -0.495790040632
-0.0217506151974   0.497787707451   -0.867026129392
0.997854904221   -0.042751181994   -0.0495774803814
0.922580568952   -0.13654133167   0.360834530691
-0.0761941787289   0.852372479143   0.517354427765
-0.378205685997   -0.50479463304   0.775978632137
-0.962353104819   -0.235920627455   -0.134973920392
0.218627065357   -0.96693353575   0.131307820545
-0.161489033491   0.0968555366736   0.98211012472
0.18657787586   -0.121438358966   0.974905852486
0.263107755047   -0.949906336082   -0.168677982868
0.946553223794   0.287976869978   -0.145280132448
-0.342618538613   -0.241250728023   0.907970607028
0.854742999357   -0.481155583663   0.194688749955
0.389906324709   0.842785494974   0.371060193788
0.622169160573   0.517446081943   -0.58749901099
0.189849759891   -0.827752656761   -0.527998681716
-0.759514716317   0.216967950414   -0.613239190032
-0.352144650193   0.0943557887084   0.931177281981
0.798391648615   0.549483118513   0.246250031252
-0.488431080873   0.830159796429   -0.268830414259
0.743826281324   -0.298559231118   -0.597983987015
0.488694792885   -0.367408250096   0.791320780195
-0.455960373958   -0.880836853949   -0.127383570782
-0.993052349337   -0.00940465211444   0.117296990565
-0.110308949306   -0.272698029895   -0.955755052403
0.0409752020142   -0.962053707965   0.269766001954
0.722842488042   0.619960792114   0.305200513962
0.27189889341   -0.661221206915   0.699183457534
0.635271382358   -0.422415828027   -0.646525435686
-0.505219936215   0.394741246065   0.767419158418
-0.851097440606   -0.0807834165159   -0.518755420414
-0.14277941954   -0.915234062014   0.376776656767
0.375287434482   0.87397870878   -0.308740276152
-0.432925665011   -0.129248509553   -0.892115570626
-0.81959423503   0.46846135313   0.329862472144
0.726413182713   0.665268345299   0.172458449267
0.566301881699   -0.721591286093   0.398256443286
0.389391919234   -0.191635186169   -0.900916138526
0.607450540092   -0.792586367854   0.0530159488655
-0.740134373074   -0.540488460596   0.400091656695
-0.288452684399   -0.282274819022   -0.914940421781
0.485205450187   -0.844064926419   0.228320106643
-0.796505887135   -0.318914387338   0.513684713913
-0.360768683325   -0.431100931961   -0.827041681897
0.637330546763   -0.692986813506   -0.337014911345
0.0419166285331   -0.40552218833   0.913123623079
-0.769449654243   -0.596088106808   -0.229404007173
-0.183939263525   -0.584502207525   -0.790268003105
0.335155126064   0.718510209803   -0.609437543873
0.924033218454   -0.37696186519   0.0637366722214
0.888373831068   0.447953493879   0.100645931831
0.333387489212   -0.47867654191   -0.812232448418
-0.315665516505   0.755120146432   -0.574585803987
-0.239805925255   0.791999999165   0.561452686819
0.630974253027   0.566671928959   -0.529862639697
-0.737810687256   0.227197989105   -0.63562289411
0.109404627114   -0.0269479884412   0.993631940653
0.87708232662   -0.467749276298   -0.109257525389
0.467714891678   0.883450293136   -0.0275383307567
0.0171284149254   -0.716507910576   -0.697368648194
0.967955232102   0.186651472686   -0.16799969164
0.250537993225   -0.672144063297   0.696744624755
0.11518357505   -0.522639511779   -0.844737050665
0.991775604925   0.0127350965267   0.127353707413
-0.0558022715855   -0.852458654742   0.519807991899
-0.391698233854   0.315140649793   0.864441359748
0.541083537394   0.838781955552   -0.0606088822013
-0.74417813671   0.443994596688   -0.499066828145
-0.0858171989084   -0.996097507591   -0.0206194990889
-0.953027609121   0.0760375957641   0.293183663058
-0.290471658902   0.0448111526472   -0.955833759591
0.479639655772   0.105044814695   -0.871155202887
-0.230547091929   0.973013739635   -0.00960733496004
0.846636781043   0.205450357477   0.49091375169
-0.83360607152   -0.4514160767   -0.318315006279
-0.22123342192   -0.255176256764   0.941244309948
-0.506119245387   0.855048889644   0.112848153588
-0.699501765009   -0.127276009404   -0.70320558742
-0.336836593299   -0.809128731645   0.481509922059
-0.630268506404   0.573682414805   0.523115758489
0.078974771841   -0.279338502173   -0.956939385027
0.665312117723   -0.700098526647   0.259271747395
-0.742376435122   -0.65713929588   0.130557169034
-0.893249278522   0.43133205618   0.126721678222
-0.449525055002   -0.853359084513   -0.264017987652
-0.00574032616707   -0.292798446359   0.95615695284
0.48536778302   -0.870147599244   0.0852130901744
-0.550521147945   -0.228447299508   0.802955974517
-0.679223513191   -0.436640569437   -0.589915614516
-0.594984222757   -0.152516511424   -0.789134011695
-0.459897028575   -0.740611188319   0.489887528771
-0.659157415022   0.65439573767   0.370510081834
-0.345750628344   -0.899040468612   -0.268668455161
0.937999984561   -0.338711638339   -0.0736916210712
-0.0247493830772   -0.277489931082   0.960409707461
0.641314542353   0.375131467076   -0.66932207507
-0.53622851701   -0.40480563408   -0.740669545859
-0.548793800359   0.833911734554   -0.0584515496879
0.752275494526   -0.564000461158   0.340565794155
-0.489987536597   -0.824487900092   -0.283075814193
0.440447266214   0.0460780035832   -0.896595239376
-0.68206538216   -0.392796640457   -0.61684488626
-0.634476799904   -0.101569583803   0.766239394726
-0.363628938402   0.913999135061   -0.179943258458
-0.897163988109   0.206590234232   0.390406523461
0.0779866836257   -0.795902655037   0.600380746595
0.434758387634   0.56908649503   0.697943912902
0.577023218579   0.160080513386   0.800886030878
-0.367177788843   -0.825072693595   0.429459569301
0.729537303091   -0.54187570486   -0.417308092278
-0.448304887562   -0.472894156444   0.758547193382
0.421177482168   -0.860246255246   -0.287377641528
0.788436589906   0.190650195741   0.584824970877
0.776632185791   0.122121551324   0.61800386301
0.196279024602   0.885285218014   -0.421597707854
-0.598595850716   0.448727544807   0.663571094938
-0.647525719734   0.514868908993   -0.561801075857
-0.0423479451414   -0.760402658416   -0.64806978684
-0.760866015685   -0.395850734021   0.514183918992
-0.582736587578   -0.375842066408   0.720528146998
-0.54217880079   0.84026311925   -0.000195963425403
-0.605359577005   -0.390769281733   -0.693425663631
0.586484433752   0.524652003314   -0.617070728836
0.063667434863   -0.789357441601   -0.610623687001
-0.807454312457   0.318833976872   -0.496349099412
0.91577002264   0.389881358216   0.0967356818819
0.372854854529   -0.914601089652   0.156473973113
0.14948084522   -0.107225805304   -0.982933417679
0.678246881576   0.733587622958   -0.0427827894822
0.308556521908   -0.231472793655   0.922612171275
0.666913817836   -0.638959736792   -0.383348945921
0.228411045016   -0.188803856477   -0.955081932765
0.792073268525   0.60645190906   0.0695414932647
0.566081559321   -0.772378913343   0.28806680201
-0.280124860843   0.234615595191   -0.930852074623
-0.324568255354   0.889421221398   0.321846762516
0.903429858901   0.392282313416   -0.173000221465
-0.16751422663   0.117921609332   -0.978791846068
0.0270925201348   -0.991895159539   -0.124136972072
-0.985497325836   -0.0473126466702   0.162961756973
0.563804237272   -0.819242317482   -0.104722525184
0.35446222798   0.125494342806   0.926610867009
-0.745976749617   -0.559547312719   0.361144699338
0.201327392358   0.88914237916   -0.410966069971
0.331931527594   0.332804263488   0.882645332618
0.921568631234   -0.314113278588   -0.22813177363
-0.474331676891   -0.604361748329   0.640122126984
0.148975066347   -0.77174297011   -0.618238803127
0.867649635455   -0.197888011869   0.456096968696
0.170434715234   0.481088076879   -0.859945504162
0.790876525697   0.453779022905   0.410607987589
0.587763837731   -0.750092568058   -0.303141568248
0.229537578451   0.536638851285   -0.811992144895
0.352206625703   0.731930888152   0.583290380325
0.907338411448   -0.419876074884   -0.0210021153724
0.264263948954   0.258486001614   -0.929166052034
0.779594071732   -0.624442269539   0.0480097420563
-0.567800712048   -0.737059589845   -0.366531734526
0.947747123359   0.311812425311   -0.0674418385464
0.264080310581   -0.885402333381   -0.382523590916
-0.178988769839   0.344725571238   -0.921481036596
0.738526853806   0.590646030317   0.325138975021
-0.00649467471101   -0.475987134981   0.879428261164
0.674192780596   -0.651593058744   -0.347693227413
0.606317159015   0.0138933309229   0.79510155203
0.359652195273   -0.896537869313   -0.258592628128
0.709245938388   0.442749166282   -0.548583060837
-0.750540573686   0.52663056801   -0.399185535922
-0.197777673818   0.397369506504   0.896092331761
0.630533773077   0.751503639472   -0.194086168674
-0.778430498761   -0.407844479181   -0.477188473667
0.373743690833   -0.911878823418   0.169684015054
-0.504342752661   -0.0462589689005   0.862263588258
0.0313394639881   -0.972815380942   -0.229451678137
0.90987807221   -0.0672480815754   0.409389288131
-0.413690381455   -0.221603091421   0.883035864597
-0.626526470694   0.563542591764   0.538409071976
-0.64569042368   0.0116036864896   -0.763511120566
-0.436518565799   -0.826005509502   0.356604038095
0.993634074439   -0.112207444666   0.0100406909395
-0.00511737557384   -0.133991245272   -0.990969302581
0.112539497867   0.984609483781   -0.133712474615
-0.458006977968   -0.888273675307   0.0346335947884
-0.864743569361   0.436168009401   -0.248949848011
0.206029530363   -0.14396994593   -0.967896940427
0.107643986587   -0.986349890771   -0.124606039695
-0.0278273416383   0.122295994169   -0.992103486975
0.993799985515   0.110261429282   -0.0142830670294
0.369811580546   -0.34268517297   0.863600756785
-0.844106185141   0.26447452164   0.466409665005
-0.388232073766   -0.901454435693   -0.191456933199
0.426663247397   0.22117184935   -0.876950104838
0.448825144185   0.790032416763   0.417617971847
0.785184349861   -0.571779497287   0.237810309311
-0.450287995796   0.206090744643   0.868773460584
-0.880560817369   -0.263591638599   -0.39386811876
0.14782884616   -0.942361954364   0.300167585208
-0.778202106994   0.620365965332   0.0977115639413
-0.612277335272   -0.784074504475   0.101703668294
0.139706640437   0.0193194329599   0.99000445157
-0.60858623133   -0.739855326653   -0.286769758969
0.748652953172   -0.655151429631   0.101466053241
-0.262947817529   -0.152940183982   0.952611014728
0.0256050713651   -0.725506573866   0.687738752432
0.841614379244   -0.355614305379   -0.406477185657
0.539471609049   0.589218700557   0.601491235134
0.992222947777   0.110715418895   0.0568833712331
-0.081192051177   0.229287374945   0.969966571855
0.0943476164489   -0.96704156876   0.236493407013
-0.752878270067   0.1127470015   -0.648430739642
-0.0147805574068   0.982072930691   0.18792097788
0.657993803605   0.151065788507   -0.73771490561
0.724325162648   -0.572542275286   -0.384120295955
-0.370797239427   -0.793190757497   0.483071246768
-0.581259379269   -0.207469914038   -0.786825119567
0.0569622254542   0.913502267713   -0.402826155749
0.867872750538   0.154139035794   0.472269040398
0.493510074614   -0.376503339332   -0.784023623194
-0.383593315974   0.844920524775   -0.37278073281
0.914192376706   0.404587077057   -0.0236980052264
0.130799336059   -0.349883700524   -0.92761680116
-0.971009122744   0.233834081146   -0.0496276741624
0.145767608777   0.414675170552   -0.89821840727
-0.189454711685   -0.879412375068   -0.436738808441
0.586776981038   0.739038984313   -0.330929228368
-0.80420664498   0.484140469115   -0.344760320129
-0.0945750849533   0.468432904299   0.87842254495
-0.654285643828   0.190406431109   -0.731885023261
-0.377443720287   0.756409056718   0.534211172601
0.655321702904   0.625772107007   -0.423039874947
-0.802355127208   0.475709188051   -0.360453905857
0.415728126716   0.0121120783526   -0.909408281365
-0.428248029185   -0.879519224328   -0.207483877778
-0.974406031236   -0.142976355883   0.173466561472
0.185169719511   -0.072980595729   0.979992861006
-0.127456115063   0.987031708865   0.0975876243572
-0.598620293347   0.493050119157   0.631312382575
0.658758587966   0.751403981939   0.0378044800037
-0.455731134744   0.43851298262   -0.774606672382
0.93572121597   0.352197795425   -0.0195580899379
-0.348205854496   0.913409456781   -0.210798119438
-0.05637808864   0.204058514064   0.977333941884
0.997414185642   -0.0543816547007   -0.0469848689616
-0.0220931131515   0.390095314294   -0.920509391651
0.0683874011102   0.919167167276   0.387885140179
-0.846506175513   -0.4039565722   0.346765601804
-0.523519550894   0.51328711363   -0.68004677693
0.0967190500882   -0.757202368431   -0.645979874758
-0.341918005282   -0.774447248502   0.532281445245
-0.413073540062   -0.384902728114   -0.825360612334
0.844074835643   -0.502077035104   -0.188298493506
0.419480397372   0.261116134937   -0.869398964973
0.38020196521   0.819147616222   0.429469030884
0.824307383123   -0.510701034768   0.244339499909
0.191497168391   -0.387291722226   0.901850295999
-0.94922462397   -0.306752635744   0.0698243060319
0.249602579608   -0.869429664987   -0.426369100538
0.0483368608873   -0.57989748499   -0.813254237482
0.997945085407   0.0623249875943   0.0148728757271
0.0420613170333   -0.812301977607   0.581718439441
0.984199245721   -0.0781176135894   0.158900859559
0.145779704106   0.866853612609   -0.476773627812
-0.100499366129   0.492404765161   0.864544634275
-0.614919354999   -0.126068366421   0.778447784913
0.321610241063   0.861223655149   0.393523402931
-0.720028499222   0.492341936868   -0.489038216819
-0.822023564135   0.564705344441   0.0733834720258
-0.0241189024804   -0.163276929049   0.986285416593
0.568942473849   0.808979924597   0.147837556291
-0.944274514349   -0.0315472017586   0.327643732753
0.229264294466   0.651203390905   0.723444556934
-0.236185361176   0.758247266883   -0.607682118736
-0.591788353467   0.184790783492   -0.784626606124
0.522988065115   -0.652682385586   -0.548168940467
-0.613408533075   -0.734750345275   0.289606459993
0.286176259332   -0.111399487988   0.951679201554
0.750199629261   -0.591822945522   -0.294866270384
0.596073539802   0.798333110443   -0.0857938221475
-0.223527621875   -0.827143309403   -0.51562520106
-0.227427668155   0.558668705711   -0.797600108461
0.947793257001   -0.0610182183323   -0.312993161291
0.955337488591   -0.145943609274   0.256964483546
-0.184747814427   0.383713650957   0.904782890606
-0.230648060812   -0.911846641152   0.339613272801
0.997560711141   -0.0352044061315   0.0602766735791
0.0406998054394   0.994879299951   -0.092513265895
-0.0567111402286   0.0947408482033   0.993885314438
0.894394777438   -0.382772236422   -0.231394462154
-0.201859267382   -0.807089245244   0.55485113894
-0.399137593147   -0.449546844317   -0.799122529091
0.835237303081   -0.549602982131   0.0177541424667
0.549237951794   0.835383917267   0.0217113583311
-0.0267641523665   -0.00838288753438   0.999606626301
