0.361855025787   0.236818595548   0.901652867303
0.839595094797   0.337548563335   -0.425606677794
-0.405143205676   0.911031239966   -0.076688087089
0.626571754223   -0.304300782128   0.717501826343
-0.0869338195153   0.887591218982   0.452354218518
-0.77450006316   -0.3458075505   0.529685557839
0.922478774782   -0.222803623743   -0.315264104084
0.120458669401   0.941996674621   -0.313260233623
0.366773252901   0.250999622012   0.895810566306
-0.20194390249   -0.979366746491   -0.00770948205005
-0.815023900907   0.17241125961   -0.55318206633
0.54309732203   -0.105428333128   -0.833024708743
0.679557323565   0.211060834006   0.702605983705
0.252050137771   0.832252442287   -0.493788011556
-0.688964855445   0.512649194533   0.512365329922
0.287433316582   0.914628244734   0.284318944943
0.83692519355   -0.0954857718503   -0.538923638168
-0.465766367314   0.39285829673   -0.792921212839
-0.813359557106   -0.581615116874   -0.0130417288111
-0.269309456112   0.356555485143   0.894617573527
-0.515673004641   0.731158014275   -0.446642262272
-0.974836256478   0.222508508295   -0.0135733853932
0.136032461113   0.545527288721   -0.826979532264
-0.176605329982   -0.808016052438   -0.562068159945
-0.753154400691   0.656132385153   -0.0474209012222
0.608437965758   0.722186366696   0.329013819744
0.250123350656   0.218945529555   -0.943133693887
-0.499324883233   0.789094597917   0.357776992723
0.86632396023   0.460697197241   0.192978984312
-0.0125481837521   0.406309990023   -0.913649131281
0.233551081949   -0.315298772535   0.919804640214
-0.21677239404   0.905274617759   0.365359542949
-0.947873209508   -0.284718370465   0.143079796678
0.251441255357   0.0959939103669   -0.963100443504
0.35420342606   0.916915429335   0.183864157506
0.900731496103   -0.387364511308   0.196548994675
-0.329851323255   0.7849998579   0.524378992374
0.86235933453   0.024549407461   0.505701201048
0.384102177415   0.619009329243   -0.685049609601
-0.629921437333   0.267358686402   0.729190177933
0.753104007927   0.43974235162   0.489347542588
-0.189824487442   0.857406552924   -0.478352032472
0.31992328138   -0.0352427297562   -0.946787750254
-0.938766066758   0.123146938919   -0.321796680124
0.127935006684   0.991762462203   0.00631289399566
0.806835497033   0.168734881494   -0.566166954612
-0.440538170661   0.810375236205   -0.386287582945
0.393627490044   0.561088688456   0.728173662507
-0.202313951566   0.504419876969   0.83942221362
0.868151638863   -0.304276762438   0.392082113566
0.453190684966   0.808069452187   -0.376353508687
0.331715030471   0.594577014474   0.732422905444
0.690864322641   -0.681784278265   0.240575737788
0.642395225901   0.426202266265   -0.636930139002
0.376168214581   -0.827715078559   0.416395512782
-0.885435341729   -0.453518417056   -0.101613488324
0.272950050296   -0.330467538674   -0.903487396661
0.440100339495   0.104900605666   -0.891800176108
-0.87768780022   0.260036380315   -0.402548389958
0.189672919843   0.959883817888   0.206512081087
0.869816919143   0.462901738683   0.170705909377
0.153221519225   0.0754440577517   -0.985307748978
-0.468979416626   0.883193169399   -0.00530398977167
-0.413531719463   -0.247709781649   -0.876145753327
-0.615443117479   0.785200278351   0.0684857067149
0.670985309933   0.567538885851   -0.477156501478
-0.528779824561   -0.365683757953   -0.7659420907
-0.661872631474   0.742589375004   0.102399413269
0.531334656165   0.561102850911   -0.634702350599
-0.658796779517   -0.680499249752   0.320792104619
-0.749751738371   0.558658807935   -0.354644423509
0.0621219293654   -0.474153042175   -0.878248118978
0.411907177777   -0.582279357667   0.700915991065
-0.854229278526   0.0210250821859   0.519471159573
-0.31721414944   -0.812716860631   -0.488739693334
0.84133185687   0.236827146427   -0.485874067357
-0.0429386913295   0.925345832892   0.376684693525
0.53881070461   -0.296054036055   0.788691975573
-0.122866861529   0.890867821868   -0.437330833921
-0.161129775543   0.416915435837   0.894549447931
0.979255293461   0.180377502258   0.0923202410522
0.827996216206   -0.248765312432   -0.502531675896
0.402398119561   0.887749693822   0.223553650145
0.390509947789   -0.387319377839   0.835156081357
-0.90653295596   -0.418461272699   0.0555712426471
-0.13246548238   0.156999374917   -0.978674661087
0.400812793878   -0.894562104902   -0.197756781773
-0.669139287504   0.635948007238   0.384477237309
0.725616008505   0.67080571858   0.153300672284
-0.160418272404   0.381562340923   -0.910316515212
-0.65258591011   0.587499038315   0.4785149004
0.0533824417324   0.66560230995   -0.744394975738
-0.755831955424   -0.460237378935   -0.465724822391
-0.399171587978   -0.859363857376   -0.319618215981
-0.371226072894   -0.167264832005   0.913352986954
-0.838363433217   0.483235177331   -0.252250901357
0.998801301102   0.0472396559046   0.0128209136482
0.0144734252927   -0.535235644805   0.844578785248
0.0467598211829   -0.843380827053   -0.535277778058
0.1912972955   -0.773494553307   0.604244586852
-0.566299916262   0.41584157705   0.711603954203
-0.801691804608   -0.478311570842   -0.35848053172
-0.573393806702   -0.807839703722   0.136435169685
-0.781310096039   0.489074450096   -0.387763737464
0.246523987199   -0.328939501055   -0.9116055772
-0.724779734276   -0.234869662912   -0.647711801828
-0.439154002495   0.881865688101   0.171629456222
0.530884261281   0.408838781911   -0.742302331622
0.685518662414   0.727754074738   0.0209325150077
0.368548420261   -0.371668040861   0.852076832995
0.627882334045   -0.57639992549   -0.522997992816
-0.071417507845   -0.0791636193585   -0.994300085961
-0.657866957539   0.753027049596   -0.0127015257243
0.749740358892   0.653210061119   -0.105858444637
-0.878219717759   0.371163785162   -0.301608308779
0.352494808722   0.928558042603   0.116307228238
0.323229851907   -0.00417206195542   -0.946311289553
-0.335225395412   -0.413112720957   -0.846735976591
-0.857414617426   -0.238707219903   0.455915602924
-0.390466526215   0.878838291695   -0.274188163413
-0.530953573876   0.625693241015   0.571486019546
0.72238029055   0.686763839231   -0.0807597978538
-0.443006792513   0.369950533549   -0.816628180088
0.651129135036   0.162637763388   0.741336500806
0.745602026991   -0.319570775123   -0.584766737284
0.141804325934   0.933500657529   -0.329344888436
0.0280884804173   0.89142379134   -0.452299305217
-0.117732684879   0.452278709887   0.884071820326
0.992648000138   0.0284181775599   0.117653538006
-0.179456607431   0.251581715607   -0.951053082862
0.946423360541   0.307980305712   -0.097113098581
0.268473739259   -0.917526441943   -0.293371913554
0.403768782784   0.865835862355   -0.295464091742
0.694032779326   -0.0794739337163   0.715543426411
0.596061466017   -0.493975863094   -0.63300756347
-0.0304861221825   -0.997484821831   0.0639892691884
-0.306487886184   -0.0516063468906   -0.950474597548
0.951386237012   -0.0485882205642   -0.304143737147
-0.0341540833575   0.609577936681   -0.791990048991
-0.389017269822   0.721846620946   0.572366158685
0.920597122725   0.32764644808   0.212482335009
-0.101923925194   -0.169554636939   -0.980236062673
-0.398103544553   0.909975780946   -0.116007094207
0.911660617383   0.378411552657   -0.160248605386
0.294943688862   0.955435136764   0.0123255765878
0.268039220196   -0.0703486973332   -0.960836113612
-0.917149495359   0.286696285677   -0.276842993304
0.0977287704981   -0.825526228132   0.555837686815
-0.937738245099   -0.263437285681   -0.226379725665
0.333310772548   -0.499106444738   -0.799872918484
0.520093466085   -0.403824712241   0.75261436893
0.642230760865   0.765804492053   -0.0329109366378
-0.563065214993   0.500468861904   0.657638564813
-0.385983783151   -0.79140667866   -0.474016864801
-0.795789173073   0.0257376030719   0.605026584381
-0.466622021731   0.610747938809   -0.639727163779
-0.81090882179   -0.562318503394   -0.161940678894
-0.456884852277   0.435493249275   0.775629977241
-0.365627015549   0.702953434145   -0.610060124022
-0.290314011761   -0.781416328361   0.552364278666
-0.750631719822   0.543973724883   0.375026142868
-0.593523205758   -0.305746804412   -0.744479076817
0.475799408725   -0.539663535495   0.694534513985
-0.819837525245   -0.558110823103   0.127979456717
0.318561383189   -0.630298006977   -0.707985217041
-0.0707835069677   -0.97807244032   -0.195867293412
-0.464093093919   0.206104216338   -0.861474696195
0.882953733396   0.0299224580361   -0.468505444138
-0.489821205444   0.836845275496   0.244469162835
0.690441495492   0.201136720926   0.694862979873
0.532321076044   0.509150276809   -0.676313734612
0.208213736183   0.361687617852   -0.908751400086
0.887077294701   0.321537463546   0.331221274625
0.411996253978   -0.875097552636   -0.253896356963
0.79696257355   0.469047352218   -0.380585388236
0.518825741301   -0.208924856753   0.828957329658
0.309306492858   -0.858105462987   -0.409859131736
-0.52213719806   0.662058293272   0.537635157623
0.809878199342   0.187293524208   0.555894268742
0.267338827394   0.725672069257   -0.633979494359
-0.0531583279692   0.635236690599   0.770485911023
0.822366138741   -0.409845448032   0.394639889748
0.566469880947   0.654599920291   -0.500610445691
0.230104654267   0.901260520125   0.367125759035
0.921040574699   -0.323497246952   0.21687275295
0.314223022458   0.288234290251   -0.904535729576
-0.125063949548   0.374366697491   -0.918808241329
0.953879972569   -0.209352759253   -0.215138141959
-0.272895596256   -0.903338805767   -0.330918412213
-0.813119392769   0.248865353199   0.526215629833
0.342996105911   0.935233795776   0.0877007329969
-0.470308966992   0.251801078662   -0.845816583162
0.796890138389   -0.198050763014   -0.570738120865
0.468630755335   0.798855651021   0.377113860771
0.381249685237   -0.567983753378   0.729412868961
-0.925638053673   -0.0259982259959   0.37751594117
-0.329828121068   0.544462098005   -0.771216204698
-0.185492868178   -0.838382440227   -0.512549782727
0.678779596338   0.72262911632   0.130634680855
0.382117226858   -0.499483772016   0.777497515386
0.627092245634   -0.477831687668   -0.615168427122
0.693516883234   0.691614623112   0.201751197684
0.453880943606   -0.636912916545   0.623164525442
0.559487642134   -0.340604095448   -0.755620558524
0.602108705943   -0.790075082206   -0.115093313036
-0.798398005854   -0.594892120154   -0.0930805545112
0.00507252174955   0.14793488384   -0.988984094749
-0.43235857977   0.376050983781   0.819543602315
0.0700600387788   0.920147770703   -0.385252736572
-0.898975889257   -0.109150069478   -0.424179929827
0.554768329334   -0.0710790343735   0.828963130447
0.797588552681   0.329033329701   -0.505558669767
-0.236821876944   0.941639442047   0.239229094765
0.966924527235   0.138386920202   0.21425689942
0.243632999031   -0.252463877992   -0.93643203282
-0.0754978172861   0.957659151591   -0.277829136267
0.367906085276   -0.906196495437   0.208453889565
-0.896490606354   -0.405193701404   -0.17922794721
0.246879940731   -0.120937901423   -0.961469874132
0.378880888545   -0.838005748791   -0.392677523279
0.0651017567651   0.447395364605   -0.8919636478
0.923152768268   0.31238398282   0.224065199698
-0.0420564711004   -0.861320187364   -0.506318860085
-0.158493117664   0.506101752548   -0.847785909131
0.986463980534   0.0445931710803   -0.157798175532
0.818879555909   -0.514031001619   0.255359359118
-0.573799757042   -0.722471480205   0.385731511689
-0.0137881011436   -0.462392787212   -0.886567988708
-0.23930681978   0.190035933131   -0.952165211571
-0.783895807202   0.540839931142   0.304958246868
0.572921992471   0.819376905338   0.0195416872673
0.288290107526   -0.167359905026   -0.94280404968
-0.728460889075   0.600709711831   -0.329382111231
0.62147690785   0.781753480517   0.0512635222047
0.413900684508   -0.904399300836   -0.103673178843
-0.790901044861   -0.300873914852   -0.532869988458
0.450734689814   0.302550478447   -0.83982227131
0.56537857117   -0.706737440159   0.425287269899
-0.819452783627   -0.540059292165   0.191919504877
0.094043642355   -0.457010012607   -0.884475913584
-0.516169215767   0.238793796525   0.822524688648
0.161223069571   0.970269241959   -0.1805123817
-0.841175643093   0.0394350206037   -0.539322182574
-0.434389050372   0.898885355367   0.057543642785
0.602140595731   0.242286269212   0.760739158138
0.669875253976   0.365106123831   -0.646501865776
0.451531159836   0.891148257271   -0.0444341677195
0.580979850684   -0.331439651931   -0.743377542186
-0.677186846296   0.309842767692   -0.667394511898
-0.453599790044   -0.526501054671   0.719057626275
-0.884407252262   0.166463510834   -0.436020311119
0.1098682967   -0.83371850105   -0.54114916464
-0.0234813489771   0.134267658901   0.990666857235
0.329908040306   0.936469583603   -0.119102493371
-0.943720992238   0.324032274255   -0.0662855493234
0.283781707983   0.875311317161   -0.391532936372
0.724440116769   0.0718001992909   0.685588250044
0.628215297036   -0.478199570715   -0.613735049625
-0.0852054325591   0.0368918629123   -0.995680181943
0.427690725415   0.903919789314   -0.00310771306444
0.899900370961   -0.426107973333   -0.0927971842581
0.280202953045   0.800473857249   0.529837625095
0.861016925303   -0.45361279864   0.229968004842
0.424424503823   0.391761448806   -0.816325185072
0.723719131117   -0.678156765666   0.12780461821
-0.321998685371   -0.168043949856   0.931707077109
-0.610366665107   -0.715447155349   -0.3399822084
0.95547572562   0.200580287616   0.216410919251
0.261445388175   -0.235479696314   -0.936053215168
-0.136793445578   0.95095576177   -0.27743592486
0.37889269991   0.216109789713   0.899853810763
0.394110266116   0.842092159913   -0.368181874018
-0.837327546482   0.49414304913   0.233891485308
-0.436843743782   0.276120036393   0.856110547196
0.844073989882   0.45484267453   0.284002184906
-0.310976917348   0.846685223048   -0.431760917579
-0.76361514272   -0.246612910924   -0.596719352773
-0.150641521103   0.966726078536   -0.206755462319
0.627852726305   -0.0679908908942   -0.775356816458
-0.322696491283   0.759333302452   0.565048591097
0.552349362501   0.635867054326   -0.539057762181
-0.768620293941   0.13815218062   -0.624609332888
-0.32082893279   0.367563442465   0.872906588159
-0.748259991322   0.466665117495   -0.471519515504
-0.580668391834   -0.804438179028   0.125313346651
0.242277343171   -0.604442099032   -0.758914644676
0.435600179787   0.766715312707   -0.471593164316
0.866922241239   -0.216327016756   0.449052835941
-0.633266607007   0.576649693794   -0.516186531304
0.289018596767   0.794916955525   0.533455981822
0.717942654517   0.188632352648   -0.670056848605
-0.358896806205   0.424313133318   0.831355187263
0.854599324114   -0.208758051563   0.475478780947
0.37530398042   0.881123397034   -0.28769511897
-0.222768569271   -0.971811171686   0.0771829717692
-0.506459119609   0.183017927213   0.842617112622
-0.83299059101   0.148618588691   -0.532953272234
0.774075873325   0.622920756575   -0.113032178445
0.55386992915   -0.75280904177   -0.355677730836
-0.306650687134   0.212716425452   -0.927748391765
-0.389640070217   0.82634599879   -0.406611492664
0.75577575797   0.0345991024248   -0.653915824687
-0.526292332593   -0.562098916914   -0.638013470279
0.667898623008   -0.105610332689   -0.736721037444
0.552748730006   0.733248141108   0.396000006362
0.498377638804   -0.671709476776   0.548111401039
-0.638175786942   0.6101277806   -0.469548460016
-0.30910682855   0.355520524549   0.882076031399
0.705113206164   0.708060200806   -0.0382899272573
-0.769232781097   -0.441874141795   -0.461549749538
-0.388363484104   -0.25027865018   0.886867747457
-0.507399973098   0.861456812659   0.0209147608849
-0.437984646981   -0.897983202915   0.0423747128935
-0.800348908328   0.368030694545   -0.473281135068
0.40940331453   -0.24120442607   -0.879891669978
-0.72802205125   -0.543723541947   0.41755071887
-0.171937944198   0.734418246473   0.656557067278
-0.663642400877   0.40619521068   -0.628159386287
0.932824430101   -0.230306267336   0.277123809574
0.17030836379   0.959553099595   0.224171609
-0.31754313696   -0.161916250834   0.934317656841
0.848858459587   0.34357292714   -0.401742404189
0.175448172611   0.533792079046   0.827214576199
0.49865544649   -0.772673061576   0.392834679733
0.711116568836   0.703066041081   -0.00337155851467
0.69398384811   -0.702682879701   -0.156917778273
-0.112692697592   0.109247024923   -0.987605915057
-0.930840633894   0.245938564977   0.270277517655
0.207748298133   0.964628462955   -0.162273143436
-0.300626610458   -0.0949007413837   -0.949008688248
0.451189290617   0.198993982164   -0.869959550264
-0.753374953464   0.607485474355   -0.251768897883
0.478387294487   0.769001166131   0.424008022286
-0.469024321986   0.846501302197   0.251896269847
0.365065340249   0.445526239123   -0.81745560589
-0.804203632628   -0.291447963848   -0.517990928139
0.827252113266   0.315393573819   0.464952507995
0.486987467496   0.0101612413125   -0.873349847242
-0.280173424149   0.948906551125   -0.145186809429
-0.989811331996   -0.117850617499   -0.0799046870223
-0.12792979403   0.489710351827   0.862448687815
-0.0625099580256   0.863883674617   -0.499797460858
0.27599473492   0.475291618853   0.835418926853
0.956530041546   -0.0506193287619   -0.287207178142
-0.0942188193336   0.87837096981   -0.468601380152
0.477829148617   0.835676197187   -0.270785151341
0.867188397384   -0.39952609434   0.297259454658
0.140226916726   -0.376860973565   -0.915593915679
0.527028669759   0.70688928041   0.471750279801
0.828206382738   -0.551683160946   -0.0985894391939
0.19056486781   0.44266605378   -0.876203056367
-0.0758485587849   -0.967816575643   -0.239954312404
-0.994634534921   0.0904145950456   -0.0502726858833
0.0703501106854   0.23485373515   -0.96948160633
-0.243201155084   0.829869297457   0.502165458095
0.654888466051   0.522381504633   -0.546112315051
-0.715523790799   0.196047220729   -0.670515616555
0.502522805067   -0.603585197553   -0.61899575094
-0.779454590181   -0.00652676797297   -0.626424730631
0.374060653147   0.797271792173   -0.473747102548
0.414711999532   0.281298233262   0.865381569834
0.13716573042   0.920826297822   -0.365054094125
-0.899555178876   0.27009300843   0.343293237561
0.998996315199   -0.00294412404833   -0.0446955741838
0.00776973230276   0.994100935124   0.108180229458
0.0441134160769   -0.108418923253   0.993126046181
0.838472877271   0.50974607783   0.192671145264
0.53337215535   -0.695190022459   -0.481897267652
-0.1117021843   0.506823212581   -0.854782342595
0.989019979576   -0.00363213280015   -0.147737224867
-0.0759169582456   0.845217830492   -0.529002301005
0.126791543294   0.534409605667   0.835661580976
