0.361262148971   0.247366496751   0.899054768078
0.835738441524   0.341725734822   -0.429842738123
-0.41355884355   0.906660542013   -0.0832811171595
0.621051375088   -0.340934586622   0.705732808609
-0.0393810750441   0.885722332821   0.46254197655
-0.782779867159   -0.315054847269   0.536652702203
0.922440895061   -0.224240687365   -0.314354750638
0.121948536673   0.941611670339   -0.313840750516
0.366375967446   0.251164440976   0.895926935675
-0.190957205454   -0.981526619236   -0.0118676625924
-0.818806279157   0.16594453505   -0.549562269903
0.541379370589   -0.0952255586339   -0.835368463664
0.677685070346   0.211232284993   0.704360608784
0.253790684621   0.831814782284   -0.49363392952
-0.690168989328   0.513288505375   0.510099673025
0.297233409055   0.919360432569   0.257737648719
0.822031184668   -0.109082759246   -0.558896844747
-0.485712911065   0.377991199184   -0.788165985922
-0.816052351145   -0.57764847272   0.0195141526859
-0.290022319328   0.438456180857   0.850672223456
-0.499945611524   0.688533528183   -0.525334147077
-0.974580958196   0.223643127222   -0.0132554731213
0.136614823267   0.546355831027   -0.826336309239
-0.177562231302   -0.807142526168   -0.563020955619
-0.750012958867   0.660206692878   -0.0400959375853
0.609180340612   0.713115912472   0.346936605149
0.257642919841   0.235781292851   -0.937031113569
-0.484386385268   0.795191682296   0.364746512217
0.874850301729   0.44151800013   0.199245589977
-0.00260371474432   0.415610447377   -0.909538991303
0.230320750862   -0.316806547827   0.920101061284
-0.207201396026   0.907873406705   0.364463247642
-0.950799628317   -0.274589673242   0.14345932574
0.249899118954   0.0812053058399   -0.964860678362
0.359018119108   0.917677041074   0.170219970737
0.899253257152   -0.388940286662   0.200172507884
-0.328248425743   0.787991275241   0.520886476251
0.864399608618   0.0282318205237   0.502012231854
0.380875685254   0.615038791015   -0.690406400556
-0.627915384415   0.255171622459   0.73526166302
0.757466433687   0.417395027635   0.502021904645
-0.178792818237   0.872163306954   -0.455372698073
0.292542707692   0.942700597233   0.160419288593
0.0426996646769   0.154713150334   -0.987036260606
-0.955298645876   0.295600110099   0.00500720452172
0.805400556826   0.15539764648   -0.571997827385
-0.433235518173   0.812932484124   -0.389162899116
0.40452061611   0.561241790785   0.722060055272
-0.20137568485   0.502874843736   0.840574044976
0.868030538984   -0.3059921914   0.391013762152
0.453840078598   0.808384605456   -0.374891334548
0.324870346403   0.598487262056   0.732306121226
0.695921230884   -0.675604420448   0.24341796868
0.640431806232   0.430548097461   -0.635983834181
0.393736843085   -0.817620389354   0.420081179428
-0.876070774037   -0.472152210785   -0.0978380740228
0.278336661753   -0.329498389621   -0.9021970483
0.44012412483   0.115285204362   -0.890505517331
-0.879557680626   0.254974652748   -0.401704136035
0.180745791635   0.960050648722   0.213620482854
0.868166157384   0.467716985768   0.16591667908
0.148777907803   0.0736565428599   -0.98612364734
-0.473447628912   0.880803914   -0.00563983680548
-0.402567490627   -0.247050614169   -0.881422378618
-0.636604837739   0.767471594778   0.0756414686303
0.657779367309   0.591568546533   -0.466232730184
-0.511129592076   -0.378665414619   -0.771595129505
-0.685732349066   0.720885963768   0.100471750694
0.518186921438   0.58046182563   -0.62812927287
-0.673264541571   -0.647718511454   0.356616863009
-0.732593866063   0.519054118898   -0.440328342333
0.100105366834   -0.557712785917   -0.823975341837
0.432749564768   -0.568638627787   0.699555519728
-0.850683544086   -0.000689726144774   0.525677688417
-0.298438137668   -0.822587159677   -0.484030001879
0.842834726113   0.230058922746   -0.486520828457
-0.0341733142766   0.925077972924   0.378236603995
0.537086407433   -0.302164915361   0.787549715812
-0.11087907219   0.903193255768   0.414665858356
-0.160346278835   0.395514431568   -0.904354689978
-0.980813388068   -0.166764136303   0.100969404422
0.829497671607   -0.251464445114   -0.498697549265
0.405637915493   0.885026920224   0.228440871987
0.383915999033   -0.391781805758   0.836131282971
-0.908429870657   -0.415469753075   0.0462607217677
-0.138855995295   0.195513762086   -0.970820983192
0.394302146417   -0.888346358756   -0.235301007681
-0.663344614332   0.638028018365   0.391016841603
0.732919057193   0.659391436494   0.167429355496
-0.151008536975   0.397647056144   -0.905026651818
-0.650783311838   0.608972946184   0.453467784803
0.0279656130811   0.616066971684   -0.787197186788
-0.758748315005   -0.499613287671   -0.417956405937
-0.403651580038   -0.860686802203   -0.310296036786
-0.374057429958   -0.15426329093   0.914485580075
-0.834952957373   0.485202087366   -0.259677672105
0.998896149128   0.0444416207406   0.0152126790053
0.0110060744572   -0.536276175998   0.843970810741
0.0456656280107   -0.842871760948   -0.53617333486
0.19223464176   -0.770048359818   0.608334912732
-0.57323493765   0.415033500063   0.706504706341
-0.796522158364   -0.484533504895   -0.361634807325
-0.558213932926   0.796736942179   -0.231532827163
0.821711457752   0.492255644008   -0.287184019647
-0.114836776712   -0.350563298006   -0.92947183325
-0.727116666327   -0.229979555317   -0.646846780687
-0.438546848443   0.880516438646   0.179909596728
0.528183694628   0.414487883309   -0.741094986705
0.672123685109   0.740308702606   0.0138844071118
0.378075552506   -0.35925562818   0.853225802598
0.63663853835   -0.568223915782   -0.521356838471
-0.0710810844056   -0.0500209388984   -0.996215531455
-0.681422360039   0.731794044839   0.0118761600407
0.728430536619   0.679687708886   -0.0861021005043
-0.882319298492   0.35433183944   -0.309776698716
0.34620646493   0.934495243747   0.082823445084
0.318831835219   -0.0341699718151   -0.947195161451
-0.330409403271   -0.439888238302   -0.835061652834
-0.868714894623   -0.204168556108   0.451275561666
-0.36900414373   0.874536184786   -0.314678253792
-0.517161534974   0.617084543592   0.593085670711
0.750309983928   0.660275245706   -0.0327342011533
-0.411799556532   0.428069230345   -0.80447365356
0.651227711813   0.166304876215   0.74043578757
0.746062990148   -0.318882053425   -0.584554745713
0.138897379743   0.933089987166   -0.331738743215
0.0245146894395   0.888655430107   -0.457919814533
-0.115297424414   0.457514130451   0.881695709619
0.993028465818   0.0311824787027   0.113675499105
-0.175130041312   0.284761645024   -0.942464998901
0.93873755031   0.336888840393   -0.0726479239716
0.296818598253   -0.897450118247   -0.326315805608
0.393306477547   0.870122229539   -0.296980336692
0.694758712522   -0.0697117960594   0.715856547686
0.602179662637   -0.487880693564   -0.631943100883
-0.0402791680645   0.310397204636   0.949753212142
0.997615922191   -0.0408140838729   0.0556478422628
0.0560362419415   0.949730375376   -0.308013236204
-0.0359039105648   0.618878814634   -0.784665484141
-0.402231561595   0.709815783616   0.578248496917
0.914833689838   0.336378605333   0.223447429636
-0.0978943847217   -0.159202666661   -0.982380374584
-0.42015894581   0.901446132893   -0.104217703622
0.902154726029   0.402553574596   -0.155136939134
0.283537613871   0.955648383893   0.0796403659161
0.328503967482   -0.018770035607   -0.944316064203
-0.900939268136   0.293911299759   -0.319256296735
0.0935677644713   -0.821926285806   0.561856079573
-0.93622018197   -0.264634160166   -0.231215337175
0.338728275058   -0.504386698848   -0.794265203632
0.519277505296   -0.40684295472   0.751551516989
0.643120191536   0.765171806308   -0.0301417662103
-0.562803066562   0.498989896718   0.658985425667
-0.375022146819   -0.783739662943   -0.495086386529
-0.787880127346   -0.0119408984853   0.615712855053
-0.488470361771   0.620974681991   -0.613014804061
-0.81239312933   -0.572109258744   -0.112731537185
-0.482901598645   0.551727190983   0.680002318199
-0.326838567863   0.606867450758   -0.724491854866
-0.296136326451   -0.77954866025   0.551912277866
-0.747828317726   0.548695048717   0.373746639744
-0.594185226476   -0.302055673372   -0.745457099249
0.434102266955   -0.541770999599   0.719749543813
-0.837841874019   -0.536378362618   0.1015836909
0.331022984043   -0.647134017118   -0.686761492752
-0.072443008326   -0.975883167739   -0.205922445276
-0.473461325344   0.215367027062   -0.854079280312
0.877830498415   0.0356242414441   -0.477644773313
-0.490416998504   0.832319617735   0.258331611522
0.679011594196   0.179116090923   0.711941487006
0.546291517897   0.524558366539   -0.652996246213
0.208380940754   0.350897935146   -0.912933744936
0.89216470463   0.314291684528   0.324442409142
0.400773656001   -0.882094879335   -0.247566355772
0.783324953783   -0.530473743162   0.324036455661
-0.484591527004   -0.194638741364   0.852811123471
-0.389323860992   -0.825053554732   -0.409528464317
-0.509314098801   0.658802184902   0.553695611262
0.810929315436   0.152019822847   0.565051872687
0.288084699574   0.736796888315   -0.611667843883
-0.0717870563445   0.777273362179   -0.625054188841
0.574405982717   -0.480102973522   -0.662992384446
-0.815416694433   -0.406629137251   -0.41200529023
0.246584536818   0.919300990614   0.30672749283
0.935553164625   -0.308385290005   0.172159196873
0.252856367058   0.244508080775   -0.93609799491
-0.135691359259   -0.954688401875   -0.264873385504
-0.375468929638   -0.197852257703   0.905470908974
-0.91684837236   0.222316304953   -0.33160899061
0.937177600768   -0.343010220873   -0.0635777712374
-0.261320928399   -0.811004614029   0.523433747865
-0.231104991291   -0.47393618178   -0.849691107757
0.79399894631   -0.197546356322   -0.574927047862
0.469302452745   0.800330000744   0.373131475161
0.386420601296   -0.566080671824   0.728170166844
-0.923071709736   -0.043395224423   0.38217204657
-0.336298962264   0.573257973327   -0.747180235282
-0.186659118885   -0.818224999932   -0.543751986499
0.675421547311   0.72577547715   0.13059743564
0.38356897244   -0.49701725842   0.77836282556
0.629825830536   -0.475629899817   -0.614081119715
0.690196642874   0.698967842588   0.18727666484
0.466861762026   -0.627861320558   0.622760192454
0.552873122265   -0.342394680414   -0.75966913423
0.56778352581   0.822444690547   -0.0347361311788
0.807616012749   -0.564719891219   -0.16984646129
-0.159305504517   0.0683825668765   -0.984858152618
-0.418286822826   0.487930433802   0.766133164418
0.020950376025   0.848424629565   -0.528901436652
-0.908073353643   -0.205181723645   -0.36510716877
0.550175068277   -0.0698757805277   0.832120646026
0.798909981814   0.334028663808   -0.500167664603
-0.243002541561   0.939969269206   0.239598701468
0.965906224664   0.147785845543   0.212566481395
0.244384879882   -0.249489852756   -0.93703300041
-0.0854470341235   0.957034041834   -0.277100427879
0.34880739704   -0.915047060818   0.202539567145
-0.905937520958   -0.384554141427   -0.177187246808
0.240022098755   -0.121683971007   -0.963110794929
0.381954508474   -0.821556301407   -0.42326823301
0.0260892212422   0.467395283924   -0.883663398077
0.923812808956   0.326476480293   0.199957500045
-0.0465472391415   0.154309069012   -0.986925562415
0.858655953209   0.511035455482   0.0394045334869
0.510434431193   -0.845595337298   -0.156285690297
0.81840534215   -0.510707070716   0.263421684493
-0.574626217387   -0.724002623607   0.381608321845
-0.00417207752243   -0.463679295345   -0.885993287129
-0.242810140688   0.181614859168   -0.952921444039
-0.771235760352   0.559707093326   0.303188673328
0.588420459819   0.808544378875   0.00416531592737
0.276834345053   -0.180591492221   -0.943795241743
-0.713533872192   0.619217605148   -0.327778844205
0.643608699936   0.764170315055   0.0425625534371
0.421208676933   -0.900856594368   -0.105074482443
-0.789993729579   -0.307505219026   -0.530424780245
0.445525709362   0.306427702168   -0.841194927256
0.577447250198   -0.697080975656   0.425009160627
-0.810363914205   -0.552703069766   0.194498440162
0.0993227053255   -0.456724676418   -0.884046135763
-0.527728149602   0.188341843462   0.82826949124
0.11567308897   0.981958696515   -0.149588952889
-0.84150028913   0.0168661892422   -0.539993328713
-0.434947427649   -0.603486033178   -0.668300338875
-0.898978661261   0.248529321592   0.36065293969
-0.0515567820871   0.757652812354   -0.650618255317
0.449565861176   0.891894854154   -0.0491335486128
0.577891289855   -0.332352079671   -0.745374907176
-0.681125681189   0.306701262261   -0.664832416593
-0.460461757913   -0.538692363921   0.705539160188
-0.882981086524   0.196285901761   -0.426399162305
0.0912105824292   -0.819318242093   -0.566037320177
-0.0275223749577   0.113301040536   0.993179436502
0.340706057776   0.935127969837   -0.0972371442608
-0.939766939763   0.335706053331   -0.0643392934821
0.269803656972   0.874814970187   -0.40237389903
0.728963009579   0.0874608237208   0.678942954143
0.62914141284   -0.476496980315   -0.614110503411
-0.0841161390146   -0.423040965209   -0.902197770399
-0.0472933543431   0.906081141747   -0.420452498155
0.995333016529   0.00730111805917   -0.096223073547
0.281045136308   0.803572600729   0.524675811065
0.863416766279   -0.450385178429   0.227298655428
0.418957180468   0.389132710537   -0.820396620254
0.721015876103   -0.684575366028   0.107203892816
-0.303387975643   -0.172793407538   0.937068927319
-0.622970177972   -0.708165945622   -0.332278724595
0.963213978831   0.174597665265   0.204290201109
0.243408168445   -0.24464825842   -0.93856256754
-0.113891591084   0.953762488745   -0.278147120324
0.379791463799   0.229576734048   0.896132226409
0.379999437596   0.844495365896   -0.377396349224
-0.843420933729   0.483861653951   0.233493101362
-0.438674553639   -0.838377013541   0.323556207104
-0.286641449078   0.471781288016   0.83382198097
-0.851704946364   0.273031865254   -0.447272047971
-0.762641744353   -0.25111919524   -0.596084490281
-0.153433094751   0.965491594831   -0.210438270628
0.628359654344   -0.0690299217138   -0.774854189317
-0.351117520159   0.740151038814   0.573491871589
0.530153414753   0.662003456889   -0.529800698274
-0.771786138682   0.1180163667   -0.62483461278
-0.322533795664   0.35325660516   0.878169528946
-0.737395527459   0.487917304739   -0.467102279829
-0.593481075302   -0.79821455427   0.103120020421
0.24165407357   -0.619084237355   -0.747220192303
0.457726697854   0.75171372885   -0.474776515772
0.85562233421   -0.227290952121   0.465026068393
-0.641384584016   0.560188752348   -0.524227409742
0.277137026825   0.806310754376   0.522549553382
0.715416580563   0.189872402208   -0.67240433307
-0.323549457043   0.478053723936   0.816566216469
0.882697412425   -0.158351998321   0.442458950329
0.340824041033   0.863938239493   -0.37074208204
-0.220979921264   -0.972011313032   0.0797614050434
-0.507907589358   0.18451437972   0.84141804375
-0.832584983692   0.145425070099   -0.534465895934
0.808843116463   0.58010948809   -0.0961550559184
0.519057826031   -0.781207886873   -0.346833116531
-0.27631826973   0.230623544581   -0.932984991572
-0.362352190445   0.829669524843   -0.424675605169
0.757261687657   -0.00356887084083   -0.653101829401
-0.543374296857   -0.558243443945   -0.626983756413
0.673077324333   -0.0977397948083   -0.733085157386
0.548894894035   0.730341541661   0.40659024561
0.495662496838   -0.676053374398   0.545225205025
-0.635775517565   0.622434871044   -0.456469410333
-0.30741990095   0.338259373885   0.889423184135
0.708013061858   0.705801266141   -0.0237081620967
-0.778703510726   -0.432327754721   -0.454657623802
-0.37767591739   -0.255647521761   0.889946765847
-0.500980781874   0.864717906092   0.0357938413264
-0.431498883116   -0.901376863113   0.0364481071413
-0.807566666513   0.367953177715   -0.460919231695
0.402050734369   -0.228320410068   -0.886693293839
-0.729938635236   -0.543024933783   0.415106624955
-0.161529786019   0.727157030194   0.667196209274
-0.664151877977   0.419960206127   -0.618494711579
0.934257163577   -0.226104352075   0.275754191769
0.165686825747   0.959982954923   0.225788843905
-0.315771164104   -0.165256008153   0.934333464931
0.834714126996   -0.179379284496   -0.5206490166
-0.354831360275   0.547826766254   -0.757615034131
0.421125909863   0.8171345706   0.393629345416
0.708380975291   0.705335310198   -0.0264290377007
0.700783365732   -0.69835287097   0.145622601002
0.084255968094   -0.121677310115   -0.988987140485
-0.934246807252   0.248796164018   0.255506109338
0.176720155332   0.945272904213   -0.274279279677
-0.309762634672   -0.211091462003   -0.927085489494
0.453571244351   0.194769546959   -0.869676922699
-0.753134129387   0.605513782639   -0.257180952224
0.476510345587   0.771633256548   0.421331233043
-0.474864085998   0.839235030979   0.264931430008
0.367561323462   0.462654382808   -0.80675249957
-0.799626646206   -0.285719241295   -0.528168289307
0.826199632286   0.31475108502   0.467253595052
0.489281510315   0.0102669217323   -0.872065475742
-0.279280810788   0.949118720075   -0.145519359292
-0.987835954107   -0.132212556777   -0.0818533298325
-0.140192762682   0.529483588158   0.836655914437
-0.067276422808   0.837954037941   -0.541578169088
0.274395622084   0.439691003339   0.85520691307
0.960255246364   -0.0779764929921   -0.268010313927
-0.0511556879716   0.894757781817   -0.443612001038
0.471384862366   0.846559467348   -0.247251652726
0.865611203514   -0.390431197371   0.31349756693
0.168859574449   -0.361801808127   -0.916834715613
0.538878430549   0.710427278296   0.452662257475
0.824234585842   -0.555616399288   -0.10921430467
0.173917752374   0.43195312141   -0.884968426733
-0.0407837337833   -0.972511450963   -0.229255675621
-0.996368347684   0.0567486947226   -0.0634799289631
0.0747449181722   0.225834150192   -0.971294051158
-0.23209840185   -0.845278226222   -0.481284793166
-0.6453253267   0.50403369972   -0.574025480502
0.727794994883   0.17735486974   -0.662464863673
0.46708934404   0.586700798134   0.661520761696
0.808070808941   0.0204795566634   -0.58872927182
-0.358955585585   0.809544786426   -0.464530005866
0.415540003691   0.252960323924   0.873691925024
0.166592147347   0.923135122133   -0.346509166873
-0.894188773009   0.289538634391   0.341458368503
0.998910048137   -0.00205661108523   -0.0466313851533
0.0072343520179   0.993778334193   0.111140841454
0.0461126867722   -0.111357051142   0.992710041895
0.843030819544   0.504061836368   0.187671794405
0.52569575426   -0.698370982283   -0.485717968638
-0.113767355823   0.508133482681   -0.853731428804
0.987607899905   -0.0131129062716   -0.156392735555
-0.0725399502521   0.845529323689   -0.528978372337
0.13917108774   0.533767940655   0.834100230108
