-0.504482718387   -0.801654190425   -0.32069883976
-0.0846287841481   0.415549117883   -0.905625142937
0.859264310758   -0.429731881062   -0.277480368056
-0.176329687325   -0.856480525129   0.485127768162
0.696928111242   0.239416376164   0.675996306636
-0.695125203923   0.457297396558   0.554689139944
0.790375158235   0.201237056594   -0.578628340387
0.272565290885   0.730365478448   0.626318154052
0.548648586483   -0.652740312026   0.522412493731
0.953040812335   -0.158751824389   0.257897398742
0.0489322585589   0.9211234162   0.386182969848
-0.29886258397   -0.355428629097   0.885636294153
-0.608301276784   0.752712096521   -0.251781763467
0.288332710803   -0.0859844117564   -0.953661852449
-0.739482119151   -0.652710640856   -0.164727091789
0.554312232629   -0.731469528887   0.397102350872
0.553661764703   0.680296531995   0.480265841864
-0.621447181234   -0.0463568427079   0.78208339969
0.237074781162   -0.951741503449   -0.194893967964
-0.787130274634   -0.0705976831686   -0.612733137578
0.56940449497   0.29867051703   -0.765881481278
0.946445273667   -0.191116037322   0.260222989438
-0.10026893269   -0.940117525249   -0.325768598635
0.306899796498   0.282229869074   -0.908932789546
-0.995517175065   0.0775020164946   0.0542124671134
-0.0880542772078   -0.55022731082   -0.830359169693
-0.0345253300733   -0.831410454509   0.554585122156
-0.986672163173   0.0246432909505   -0.160843870357
0.0188444551348   0.999119710857   0.0374791927353
0.161625891895   0.0339486610714   -0.98626799577
-0.873993187854   -0.256233277667   -0.412892740311
-0.482612655692   0.358464047794   0.799117357467
-0.0567532567474   0.897690388639   -0.436956558474
0.889446341774   0.0113575316719   -0.456898469662
-0.449311578508   0.204789726302   -0.869586265657
0.0836917589963   0.978740095467   0.187252543376
0.224964534105   0.648249662485   0.727436137048
-0.346499989559   0.75099620282   -0.56208759156
-0.910674868233   -0.12560684073   0.393566012164
-0.479186007639   0.775742419793   0.410614744275
0.839742209326   0.269080507616   0.471623475134
0.255369912007   0.570805902697   -0.780363267643
-0.822781204812   0.561530514716   0.0878326252036
-0.541623668854   -0.821498668803   0.178279944164
0.172264013493   0.0991131585456   0.980051882024
-0.0058236502631   0.545804414925   -0.837892371219
0.490389120403   0.73179346428   0.473283040291
0.871484133928   -0.408137068012   -0.271918256148
0.701251574814   -0.706224819711   0.0974306565968
0.705855469203   0.668610439686   -0.233940455114
0.10007140159   0.232823074388   0.967356775247
-0.156249275977   -0.9339932998   0.321313989245
-0.967180857173   0.210670623572   0.142053081212
-0.200368044544   -0.28857304845   -0.936257572698
0.0583281608581   0.931744710792   0.358398688003
0.862911435225   -0.227579046683   0.451211294703
0.501977769038   0.282948001269   -0.817287432896
0.941320245481   0.0441506153455   -0.334614582187
-0.00363336950122   -0.990024330002   -0.140849652575
-0.337495176371   0.133800407955   -0.93176952985
0.825469432714   0.150613850269   0.543981326667
-0.550373801533   0.000909735191848   0.834917870792
0.125255316222   -0.988592251886   0.0836448759288
0.165884875643   -0.689243837276   -0.705283730714
0.984658038206   0.076504681579   0.156829785094
-0.0541364556361   -0.720478984061   0.691360454248
-0.464958122667   0.390422410667   -0.794596932674
-0.846526797235   0.0667539695715   0.528144193483
0.259241828665   0.918212529208   0.299465232498
-0.248306406734   0.888337872017   0.386263839255
-0.177333753065   -0.43369989834   0.883434852269
0.952311224547   0.150864917462   0.265222752192
0.138655978052   0.769914095116   -0.622901923173
0.633393036914   -0.552457348417   -0.541852506656
-0.761306627148   -0.319410651548   -0.564259740844
-0.141430163567   0.452301752956   -0.880579714226
-0.923927164792   -0.379714210103   -0.0466445367158
-0.355466036342   0.806994574281   0.471596919083
0.935680220769   0.144966424805   0.321694358267
0.0548014595398   0.840937303078   -0.538350492082
-0.348567532186   0.521353227641   0.778904029733
-0.0606178992011   -0.868112411672   -0.492652322635
-0.0217326561694   0.494590816249   -0.868854197284
0.997924426974   -0.0419614726125   -0.0488474448044
0.922523819467   -0.140188854548   0.359578764078
-0.072561191183   0.852078386209   0.518360200334
-0.379057615739   -0.504291095318   0.775890337054
-0.962861250753   -0.232641212739   -0.137026559228
0.214881194172   -0.967570393594   0.132791587956
-0.163475637908   0.0984154437888   0.981626260974
0.184279629972   -0.118547430916   0.975698480372
0.26525259491   -0.949867603795   -0.165507087925
0.94640481765   0.289306138689   -0.14359623688
-0.344274764054   -0.240620952844   0.907511126041
0.855256553437   -0.479128549863   0.197413425352
0.387312683292   0.844119298298   0.370744515269
0.621145304247   0.520158354777   -0.586185804133
0.190788426937   -0.825838959828   -0.530650344933
-0.760117285133   0.217773502489   -0.612206186228
-0.354897325273   0.0942810397116   0.930139222947
0.796895553999   0.550761911897   0.248231328443
-0.488881749026   0.82932044588   -0.270596070767
0.741763201031   -0.300607292455   -0.599518648017
0.488531846023   -0.3702542054   0.790093955682
-0.459482305447   -0.878946573522   -0.127784709082
-0.992828338655   -0.00283991753389   0.119514956521
-0.114237839637   -0.272125028307   -0.955456793876
0.0352364294282   -0.962257711758   0.269849013716
0.720435168202   0.621816808314   0.307110770434
0.274199266696   -0.662135801356   0.697417337543
0.63701485898   -0.418234428833   -0.647527630281
-0.504925760476   0.395092581236   0.767431970053
-0.851066039101   -0.0795510307545   -0.518997331973
-0.144001991292   -0.915190409564   0.376417242891
0.375050862754   0.874188932072   -0.308432425972
-0.431637124586   -0.129766921351   -0.892664516379
-0.820381766635   0.467925482493   0.328663201175
0.725859908771   0.665891074852   0.172384654974
0.565789306611   -0.720527840526   0.400901598339
0.391164739417   -0.193465003189   -0.899756322111
0.607533324178   -0.792829934973   0.0482074083838
-0.739171459698   -0.542113889863   0.399672470388
-0.290738393029   -0.27844788494   -0.915389513918
0.486782794032   -0.844069107674   0.224921881783
-0.794850351301   -0.321213291916   0.514815442788
-0.36229191334   -0.429382536401   -0.827269730476
0.636605362793   -0.692223946663   -0.339940612063
0.0436903984804   -0.407719452495   0.912061399873
-0.76995114205   -0.595475319156   -0.229312849906
-0.185462330626   -0.586628815303   -0.788333912105
0.333509971169   0.717054891661   -0.612048512355
0.924323981648   -0.376429163855   0.062659887884
0.887584454748   0.449020221682   0.102833244672
0.33562748239   -0.477473583274   -0.812017961834
-0.315512327419   0.755248182915   -0.574501656612
-0.240401232875   0.791059704249   0.562522703138
0.630794748724   0.567785861453   -0.528882974311
-0.737770446829   0.227692248106   -0.63549272847
0.107250441755   -0.0238640430683   0.993945597199
0.876922794191   -0.46882401737   -0.105879430324
0.468512279212   0.882969166045   -0.0293546596403
0.0129889255009   -0.71917011757   -0.694712623902
0.967553941216   0.184366417953   -0.172766879836
0.25233045526   -0.669927881138   0.698230603327
0.112400862947   -0.524734932655   -0.843812358561
0.992258491349   0.0141390742984   0.123382222882
-0.052812236783   -0.851148246212   0.522261936787
-0.394271200525   0.313313236771   0.863935782394
0.541682970903   0.838652259423   -0.0569380961937
-0.742381155115   0.445530249735   -0.500372878063
-0.0822430304369   -0.996373813725   -0.021801542769
-0.952615660536   0.0721655020462   0.295492036469
-0.292847208023   0.0450706516148   -0.955096408284
0.480189731155   0.0989062816137   -0.871570633713
-0.229435103146   0.973192965198   -0.0159682789653
0.846627046306   0.207636701829   0.490009841245
-0.833660854011   -0.454222273796   -0.314152361885
-0.214979886541   -0.257070163377   0.942177573223
-0.508717238624   0.852992999437   0.116660679057
-0.698459029086   -0.125388503017   -0.704579809531
-0.338930248304   -0.809160045547   0.479985736741
-0.630302523772   0.574053781454   0.522667183326
0.0791615295353   -0.275590347949   -0.958010131658
0.665174047547   -0.701186090085   0.256674021943
-0.742480261496   -0.657562185035   0.12780858383
-0.892153958108   0.433604077063   0.126683935
-0.451688726867   -0.852414487537   -0.263375844485
-0.00621361843653   -0.292193507442   0.956339032538
0.486462699447   -0.869643702152   0.0841063217216
-0.551067764808   -0.230699051328   0.801936572496
-0.677995841164   -0.436460512559   -0.591459094393
-0.594302934006   -0.149574895208   -0.79020970214
-0.462319212428   -0.74044338425   0.487857090284
-0.658076719275   0.655264027277   0.370896327974
-0.346865620621   -0.899173333226   -0.266779980596
0.937640471103   -0.339320206603   -0.0754463010391
-0.0226845361482   -0.27631343472   0.960799821822
0.641181725702   0.377138402802   -0.668320746168
-0.535341458766   -0.404151161172   -0.741667959028
-0.549814075077   0.833323745044   -0.0572365162519
0.751474099556   -0.562328478122   0.345070080404
-0.48781502721   -0.82571424167   -0.283253403035
0.444210734815   0.0445272253302   -0.894815148106
-0.680616248276   -0.396059312619   -0.616359102691
-0.635525483808   -0.0994019520628   0.765654368078
-0.364511840704   0.912828720415   -0.184051202584
-0.897685801859   0.207835792778   0.388541483475
0.0756833431055   -0.795944731244   0.600619693634
0.434087816827   0.568573889696   0.698778576688
0.577300641119   0.162088182541   0.800282069551
-0.365418794367   -0.825188537763   0.430735396581
0.730200708358   -0.541101929608   -0.417151803649
-0.449484712554   -0.473213040899   0.757649596517
0.421729331912   -0.860100080558   -0.287005613238
0.787469277994   0.190518422595   0.586169657068
0.773687596053   0.120675528797   0.621968584788
0.19890722007   0.8857940665   -0.419290817402
-0.601534223064   0.448114146734   0.661324647945
-0.649257664226   0.514590030023   -0.560054985197
-0.0437351619937   -0.760405111456   -0.64797476963
-0.759310029598   -0.396208489905   0.516204524853
-0.581467081829   -0.376422963352   0.72125015453
-0.544763113059   0.838588596315   -0.00152209767087
-0.604259202164   -0.393795529167   -0.692673009297
0.587281223952   0.527345801345   -0.614009095859
0.0652221609751   -0.786980678682   -0.613520562898
-0.806750787859   0.320262107008   -0.496573608948
0.914402039965   0.393436867089   0.0952698321785
0.376599229143   -0.913104263915   0.156248596248
0.14846524818   -0.106995489792   -0.983112422486
0.676463868565   0.735056943394   -0.0456938124264
0.310271386315   -0.22817063448   0.922859593001
0.66792836544   -0.638458652952   -0.382416326941
0.228117230147   -0.191351571129   -0.954645015457
0.792395572247   0.606224252148   0.0678337172127
0.565748872198   -0.771930522997   0.289916334953
-0.27738182749   0.230577470758   -0.932680734098
-0.329927540284   0.888879259374   0.317870225748
0.90233427284   0.395888484593   -0.170485095611
-0.168224346304   0.12036364977   -0.978372710742
0.0318766885779   -0.991334016497   -0.127439179462
-0.985233193734   -0.0526256548719   0.162929722315
0.563003591361   -0.819125316609   -0.109821089979
0.358874082768   0.122606544523   0.925298345377
-0.744470515757   -0.560358234463   0.362990771561
0.202021459818   0.889041848508   -0.410842940033
0.32977435822   0.33324705638   0.883286630757
0.922190979371   -0.313928321462   -0.225860148213
-0.475158139505   -0.602168868554   0.641574154877
0.146962485636   -0.773213937627   -0.61688105375
0.867540644741   -0.198828721275   0.455895129738
0.168423240562   0.482099322939   -0.859775467701
0.789435834783   0.456349412381   0.410531699848
0.590275084007   -0.747880643312   -0.303726634591
0.226867086166   0.536250259878   -0.812998760144
0.352038534465   0.733171046794   0.581832524353
0.908074994406   -0.41820554148   -0.0224483765459
0.261610153431   0.260231273378   -0.929429831659
0.780648175694   -0.623333750979   0.0452046532524
-0.567581318762   -0.737383698793   -0.366219507054
0.94711968637   0.314338504532   -0.0644639764477
0.267583708249   -0.884581956921   -0.381986545011
-0.177096749747   0.344537466842   -0.921916848296
0.737345416912   0.593238873826   0.323093445833
-0.00331889329866   -0.475104192542   0.879923287097
0.675507750589   -0.649879715648   -0.348347002404
0.605698016135   0.013989171267   0.795571628665
0.362774337431   -0.894737423755   -0.260460597086
0.708184081543   0.446373437405   -0.547015594868
-0.750917236226   0.526094975329   -0.399183393033
-0.198014516327   0.397280875193   0.896079325467
0.630010758371   0.751925517016   -0.194150614724
-0.780201805283   -0.403769303498   -0.477760915716
0.370500897986   -0.913672371941   0.16712833794
-0.503998241688   -0.0466170173209   0.862445723551
0.0303692433021   -0.971866528712   -0.233566177839
0.908841039031   -0.0704124930913   0.411156961014
-0.41603566534   -0.224761053534   0.88113381162
-0.625315272506   0.564233134761   0.539093479472
-0.647173821471   0.0110643872576   -0.76226217546
-0.436058315794   -0.825541367209   0.358238183691
0.993742791395   -0.111147095903   0.0110266777897
-0.00402263404046   -0.134274277613   -0.990936040714
0.111620262346   0.984691190904   -0.13388119954
-0.455419339833   -0.889592818835   0.0348975870698
-0.866085079067   0.433627624886   -0.248724182085
0.206130688458   -0.143498082262   -0.967945473497
0.108397416493   -0.986610803922   -0.121856972236
-0.0254263768218   0.11978756989   -0.992473897622
0.993782420583   0.110679987734   -0.0121012749729
0.372173161135   -0.346443331206   0.861083129781
-0.843164561842   0.261644889735   0.469697214522
-0.388021468201   -0.900843476936   -0.194731533852
0.429077441335   0.218356414655   -0.876477624082
0.449804308341   0.789818946351   0.416967763962
0.783306219518   -0.573154872756   0.240675836552
-0.449996409024   0.206328778269   0.868868037807
-0.880402113528   -0.265540795545   -0.392912464039
0.149650761311   -0.941762454741   0.301144696914
-0.778042382175   0.620744906076   0.0965702496656
-0.612436536217   -0.783722044945   0.103446823893
0.13989832253   0.0213428640836   0.989935826964
-0.610773836598   -0.738322535324   -0.28606844349
0.746444711453   -0.657420062545   0.103049279989
-0.264150739676   -0.150594472659   0.952651925696
0.0240721564977   -0.724793553296   0.688545449758
0.840756694721   -0.3579573492   -0.406195416562
0.540877723302   0.58867719614   0.600758226894
0.992338388543   0.109300775026   0.0576008958532
-0.0815817568722   0.229562903986   0.969868697329
0.0927843713672   -0.967137122487   0.236721031465
-0.752235838408   0.110866542012   -0.649499694594
-0.0193294651855   0.981604959031   0.18994229698
0.65861036675   0.155435884753   -0.736255438378
0.723880090233   -0.572611911069   -0.384854796341
-0.366564965353   -0.791780341657   0.488583684481
-0.584489299423   -0.212601716522   -0.783053490505
0.0543443217207   0.91280184384   -0.40477090876
0.866590717404   0.158266931143   0.473256914387
0.496051633609   -0.376489538219   -0.782424695678
-0.382839332662   0.843946943396   -0.375749387357
0.914197901883   0.404636312946   -0.0226196913857
0.132952027286   -0.35216900911   -0.926445220973
-0.971625614537   0.231901620976   -0.0465328202803
0.142164334539   0.41535556798   -0.898481526873
-0.189031656502   -0.879602973128   -0.436538248615
0.587625565579   0.738182172598   -0.331335592318
-0.803376250525   0.483523550493   -0.347550825363
-0.0963472613527   0.470416896143   0.877168825856
-0.654418495271   0.190405819789   -0.731766394991
-0.378972575768   0.754853351755   0.535328127563
0.654305906945   0.627648023286   -0.421831410639
-0.803433238013   0.475702581331   -0.358053189024
0.413849445352   0.0138448814212   -0.910240053964
-0.428046339357   -0.87949722761   -0.207992687347
-0.974811309756   -0.142892153564   0.171244686985
0.182670287335   -0.0709995300053   0.980607277591
-0.127962793404   0.987188380801   0.0953132955861
-0.601359748184   0.489638268112   0.631364252761
0.65468557272   0.754940620932   0.0380980280157
-0.457988268558   0.436255687948   -0.774550011682
0.936565350761   0.349933911518   -0.0197889192131
-0.346263738223   0.915043717567   -0.206872952638
-0.0542841353006   0.200602224593   0.978167664638
0.997353088928   -0.0544379363936   -0.0482009033843
-0.0231429543654   0.390769137413   -0.920197742286
0.0689290916021   0.918877572001   0.388474951579
-0.845685873016   -0.404023472491   0.348683865209
-0.524870135761   0.511425476068   -0.680408203224
0.0965750732164   -0.758425353021   -0.644565155069
-0.342381360742   -0.771383968871   0.536415674999
-0.412127110014   -0.38976693039   -0.823549018071
0.844349601177   -0.503039275348   -0.184459313803
0.416541894606   0.257403126981   -0.871915408889
0.383633142519   0.819736829857   0.425273020232
0.824207778414   -0.511639677895   0.242706361689
0.195046613877   -0.385792404852   0.901732243392
-0.948367304919   -0.308638381944   0.0730876470477
0.250112521428   -0.869428875498   -0.426071774558
0.0480000851   -0.57942637789   -0.813609896963
0.99802265866   0.0609144406058   0.0154985072245
0.040580347841   -0.812745042145   0.581204552493
0.982427604211   -0.0866400378006   0.165316382537
0.157925958874   0.857940533216   -0.488873637026
-0.0994755949913   0.506390704214   0.856547173649
-0.618532769013   -0.125957540342   0.775597777001
0.319737409207   0.86130706321   0.394864700901
-0.717764030034   0.492224380639   -0.492473305159
-0.821246937472   0.566185949582   0.0706182567711
-0.0269239418059   -0.162084081301   0.986409576163
0.569937337828   0.808184521681   0.14835501294
-0.945297233685   -0.0328565111681   0.324551366754
0.226092109728   0.651197811252   0.724447215841
-0.235149947707   0.758196452309   -0.60814689163
-0.592960806417   0.186462814058   -0.783344816174
0.521925153867   -0.651800591273   -0.550227337541
-0.613181552082   -0.735110609494   0.289172571306
0.284737690876   -0.110839626544   0.952175942031
0.752040349138   -0.590122059083   -0.293583495197
0.594440712488   0.799669014387   -0.0846741209937
-0.221363498828   -0.828095471114   -0.515030185627
-0.228453377848   0.557471588051   -0.798144399633
0.948054458107   -0.0590196512723   -0.312585068785
0.955825321816   -0.148217566885   0.25382968117
-0.180786377662   0.384458022371   0.905266985307
-0.231763327185   -0.911166056162   0.340678995934
0.997321002927   -0.038629924577   0.06211719608
0.0445770064935   0.994247014254   -0.0973948927813
-0.0579974793741   0.0999029708016   0.993305435811
0.895013377891   -0.380046170215   -0.233486534732
-0.196794405673   -0.806221365732   0.557923893854
-0.400278672042   -0.453400505009   -0.796369868067
0.832904396368   -0.55313915916   0.0175310328925
0.552777081637   0.833046744373   0.021693771147
-0.0266038442078   -0.00837808416173   0.999610945908
