-0.502218335684   -0.805411167213   -0.314784998104
-0.0863628151075   0.408918305538   -0.908475252037
0.86041746116   -0.429067210498   -0.274923846557
-0.180559136226   -0.857125179206   0.482425979293
0.694872096644   0.235968634927   0.679316989804
-0.696097096411   0.457881240609   0.552986077462
0.789879966146   0.198481223253   -0.580254119414
0.275880545776   0.730027827604   0.625259382486
0.54770390134   -0.653960683023   0.521877247556
0.953511983874   -0.158712497975   0.256174236789
0.0489040347837   0.920300186288   0.388144254757
-0.297360542086   -0.357572244596   0.885278937909
-0.60900343189   0.754579595003   -0.24438587265
0.279254460801   -0.0844023385644   -0.956500492089
-0.742382493105   -0.650757927381   -0.159318404089
0.549347162043   -0.738385210168   0.391158506184
0.557415387011   0.672570072263   0.48676234881
-0.622499623999   -0.0493637448006   0.781061738162
0.238944335018   -0.952273033355   -0.189951769426
-0.782409657402   -0.0729535429285   -0.618476279722
0.575100628384   0.296401502222   -0.762499453582
0.946513558536   -0.187750431608   0.262415431976
-0.0956235769977   -0.939962386364   -0.327607758979
0.308169133805   0.28499208349   -0.90764051106
-0.99530006554   0.079661003727   0.0550627280546
-0.0900310767254   -0.551761462621   -0.829128273303
-0.0356676991024   -0.830188781454   0.556340185848
-0.986582471608   0.0155136294791   -0.162524933525
0.0104669662607   0.999437468058   0.0318620473236
0.162927804055   0.0297333944033   -0.98618986809
-0.871608680999   -0.260843868229   -0.415040701155
-0.486458107171   0.355807353254   0.797972203362
-0.0604716228936   0.897419413529   -0.437014392265
0.890110136824   0.00825978591358   -0.455670626944
-0.447541186146   0.204701560075   -0.870519475949
0.0860861837108   0.978789582719   0.185903528031
0.22849342467   0.643738932282   0.730336184197
-0.344085218075   0.755163906186   -0.557972075911
-0.910711874077   -0.123804934712   0.394051038009
-0.483877521503   0.772900033376   0.410472998615
0.836551106063   0.270770093163   0.47630431826
0.256991811404   0.573854594001   -0.777589939373
-0.819609757007   0.566956163211   0.0824654789345
-0.547977521618   -0.817771232513   0.175985360402
0.167213881063   0.0990500897104   0.98093251435
-0.00687351055381   0.538990689211   -0.842283676558
0.487845306089   0.737074151438   0.467684351469
0.872903037101   -0.407689504679   -0.268010364716
0.695097510376   -0.711207370269   0.104992988073
0.71210938001   0.661086464595   -0.236357604554
0.0986898270854   0.239058074126   0.965976995184
-0.148182452692   -0.935710139589   0.320138244177
-0.967693399071   0.203959504439   0.148222825309
-0.203988838194   -0.287831643881   -0.935703745142
0.0513068515593   0.932919511739   0.356410986924
0.861656655227   -0.221776011616   0.45646819076
0.504891488824   0.283683953174   -0.815234934988
0.942735458025   0.051674197163   -0.329514238736
0.00379076729984   -0.989522223573   -0.144330866896
-0.333519843886   0.134816714109   -0.933053571523
0.827372583867   0.151795891403   0.540751897655
-0.547459645919   0.0028804823114   0.836827126061
0.125469293274   -0.98840766396   0.0854853570521
0.158648714795   -0.691707278166   -0.70453646224
0.985740414575   0.0704267077194   0.152826417592
-0.0560929618402   -0.718735779109   0.693016925811
-0.459312266351   0.393209581291   -0.79650390279
-0.84824005654   0.0720068354509   0.524694027152
0.263668444187   0.916624918289   0.300462494683
-0.242930431077   0.890888185719   0.383800789737
-0.178574153646   -0.429962777841   0.88501032837
0.953465299477   0.146459039383   0.263540646726
0.134299697523   0.772487754011   -0.620665981949
0.634171540386   -0.54828062767   -0.545174110433
-0.761439458269   -0.32039198371   -0.563523671344
-0.132053524065   0.454338087425   -0.880987383052
-0.924935578975   -0.376078679137   -0.0553082439102
-0.356449213112   0.807552926695   0.469895976849
0.93487860368   0.13805359646   0.327021713173
0.0628997786663   0.842264979219   -0.535381473928
-0.349350274403   0.521086278159   0.778731967039
-0.0587046487062   -0.871218768248   -0.487372159722
-0.0216544966677   0.48921060124   -0.871896823259
0.998040503684   -0.0406305979088   -0.047584740403
0.922393428903   -0.146428017509   0.357420198093
-0.0663601974272   0.851519606953   0.520106415238
-0.380508457874   -0.503461214656   0.775719097885
-0.963803043016   -0.226904948748   -0.13999228017
0.208445380631   -0.968674290611   0.134983858307
-0.166235428136   0.100917109269   0.980908517391
0.180294095012   -0.113696293452   0.977019545433
0.26895790248   -0.949743265353   -0.160154227576
0.94612667545   0.291651989145   -0.140653585914
-0.347143073187   -0.239530897496   0.906706477248
0.856081945863   -0.475690599677   0.202094421859
0.382903889647   0.846370724047   0.370190773481
0.619436226752   0.524767281346   -0.583881889954
0.192447152633   -0.822564333639   -0.535118688208
-0.761093196942   0.219105493892   -0.610516116179
-0.359602248247   0.0941387889996   0.928344823577
0.794313225106   0.552953939594   0.251611687147
-0.489645507972   0.827876699209   -0.273619164953
0.7382641335   -0.303843560581   -0.602200265593
0.488376418587   -0.375018477342   0.787940109031
-0.46524675491   -0.875808330827   -0.128472661294
-0.992330621983   0.0079833294737   0.123353974904
-0.120885263825   -0.271120645703   -0.954924263208
0.0258203343102   -0.962512265856   0.270006385872
0.716400551624   0.624972715752   0.310127964233
0.278066053747   -0.663442703542   0.694638790214
0.639882426221   -0.411403553318   -0.649074415557
-0.50427432674   0.395665749619   0.767564992668
-0.851124408787   -0.0775256837391   -0.519208059576
-0.145926845229   -0.91511659527   0.375854989194
0.374702180129   0.874616936389   -0.307641822236
-0.429567227373   -0.130280110472   -0.893587762888
-0.821626602158   0.466982127493   0.326890530957
0.724808218242   0.667072392264   0.172242475158
0.565089105918   -0.718638237873   0.405257184317
0.394115908258   -0.196401391406   -0.89783024248
0.607847109793   -0.793045120961   0.0400165870192
-0.737395037567   -0.545062436665   0.398942976763
-0.294568242836   -0.272004368086   -0.916102163547
0.489442225973   -0.84405456906   0.219130536175
-0.792004137722   -0.325100767211   0.516758102974
-0.364932532484   -0.426475527561   -0.827612754328
0.635359244066   -0.690871717155   -0.34498536406
0.0467326596117   -0.411527969509   0.910198214038
-0.770801329466   -0.594424932811   -0.229181826826
-0.187908133138   -0.590251182857   -0.785043995351
0.330678790988   0.714601237684   -0.616438649251
0.924847052594   -0.37543123503   0.0609041630152
0.886147466506   0.450967984679   0.106632754814
0.33960775346   -0.475429353983   -0.811562384023
-0.315292311029   0.755377260821   -0.574452741694
-0.241384617137   0.789483917918   0.564312510901
0.630383467032   0.569674977217   -0.527339648449
-0.737800888521   0.228441597969   -0.635188385611
0.103397384014   -0.0186549680978   0.994465169397
0.876649903438   -0.470626931403   -0.0999761883695
0.469887143665   0.882135071065   -0.0323077175719
0.00604703317624   -0.723624824744   -0.690167042392
0.966758933116   0.180656102194   -0.180943466257
0.2556180718   -0.666130982431   0.700663196989
0.107817269732   -0.528503478921   -0.842056713717
0.993007828624   0.0162936822168   0.116918639284
-0.0480717031107   -0.848774757335   0.526564832354
-0.39920209473   0.31049893659   0.86268655834
0.542507861098   0.838515875399   -0.0507577319298
-0.739136596449   0.447751646653   -0.503185407886
-0.0759220127287   -0.996837573146   -0.0234670140479
-0.95199631063   0.0654672437986   0.299026862566
-0.296544891256   0.0450432320611   -0.953956096849
0.481128414299   0.0887629868348   -0.8721448166
-0.227322553732   0.973463493513   -0.0263302746464
0.846663986195   0.210926430222   0.488538775856
-0.833667988398   -0.458317422094   -0.30812793727
-0.205534848779   -0.260372434789   0.943377772231
-0.512594489883   0.849794878666   0.122863961902
-0.696631928545   -0.12202931363   -0.706974400348
-0.342577021703   -0.809244114823   0.477247259631
-0.630353028337   0.574658863361   0.521940849549
0.079078839551   -0.269431875141   -0.959767160197
0.664988444001   -0.703003901544   0.252142586168
-0.742655307987   -0.658173213578   0.12357635068
-0.890232228176   0.437588301904   0.126503193456
-0.455452942867   -0.850834632389   -0.261998177783
-0.00701403961836   -0.290855473327   0.956741290467
0.488523591056   -0.868673409792   0.0821657355747
-0.551941161889   -0.234714000347   0.800168914576
-0.675800010946   -0.43625204316   -0.594119937424
-0.593041572154   -0.144618439133   -0.792077774439
-0.466489658738   -0.740099527091   0.484396622914
-0.656269069808   0.656763425491   0.371446780778
-0.348821145179   -0.899345221326   -0.263632284733
0.93698704112   -0.340507450181   -0.0781662404376
-0.019470322253   -0.274286071919   0.96145101659
0.640946177853   0.380693787444   -0.666528496988
-0.533791835714   -0.402935308606   -0.743444290586
-0.551592488365   0.83229524646   -0.0550486103282
0.750079003307   -0.55955359838   0.352535472453
-0.484310111165   -0.827739203258   -0.28335759671
0.450361193956   0.0418040898667   -0.891867262012
-0.678131334142   -0.401437940443   -0.615617960774
-0.637278914322   -0.0960487509109   0.764624236347
-0.366078514822   0.910835999191   -0.190694267255
-0.89859407285   0.20996088965   0.385285760257
0.0717262169432   -0.795982522622   0.601055050293
0.432878784468   0.567739595675   0.700205476599
0.577648424081   0.165524248387   0.799327230459
-0.362448751734   -0.82539098834   0.432851728348
0.731404949753   -0.539751275648   -0.416791746456
-0.451604543093   -0.473697867412   0.756084431176
0.422467243849   -0.859932171627   -0.286422918208
0.785859252368   0.190071014647   0.588471107921
0.768590412257   0.118276710247   0.62871249232
0.203309627557   0.886653341605   -0.415344492155
-0.606575612376   0.447053097108   0.657426463444
-0.652200547533   0.514249967901   -0.556939329112
-0.0461296961818   -0.760266098869   -0.647971843555
-0.7566415908   -0.396916149109   0.519568160734
-0.579248247673   -0.377487990448   0.722477878301
-0.549122050915   0.835734431235   -0.00359633814939
-0.602442064241   -0.398811706844   -0.691384684324
0.588460180272   0.531762993136   -0.609050683741
0.0677014156162   -0.783047020344   -0.618266837421
-0.805686747165   0.322591821134   -0.496793098161
0.912019513059   0.399533150932   0.0927020447739
0.383049015929   -0.910513930005   0.155685049582
0.146607841519   -0.106478376085   -0.983447251372
0.673307924743   0.737637056847   -0.0504778252804
0.313310803401   -0.222814837282   0.923141315704
0.669696034743   -0.637373611513   -0.381132654591
0.227338832181   -0.195762318005   -0.953936145783
0.792945482267   0.605853883656   0.0646415795836
0.565291533224   -0.771114898383   0.292962960043
-0.272607836752   0.223771087358   -0.935741132902
-0.339035118742   0.887850617613   0.311089165777
0.900411103664   0.402054450625   -0.166168779053
-0.169506111968   0.124046615714   -0.977691216661
0.039839424648   -0.990373623564   -0.1325628379
-0.984723564382   -0.0614208667991   0.162932436526
0.561372866841   -0.819082895242   -0.11816816448
0.366167654404   0.117790071673   0.923063783215
-0.742146719485   -0.561452321874   0.366045812734
0.202971385695   0.88869864625   -0.411117176414
0.326742145184   0.33432166077   0.884007125367
0.923061312779   -0.313757459343   -0.222517571344
-0.476504695411   -0.598372245376   0.644122605731
0.143953899779   -0.775861446166   -0.61426076799
0.86730649138   -0.199974179124   0.455839640328
0.164922923061   0.483461397418   -0.859689191892
0.787185258708   0.460639033544   0.410062250455
0.594255667135   -0.74436332391   -0.304603749313
0.222520011144   0.535348805526   -0.814792305476
0.351911444256   0.735295016822   0.579223250257
0.909199197119   -0.41562350109   -0.0247775159957
0.256922150887   0.263277838913   -0.929879448058
0.782406895   -0.621467508252   0.0402192347445
-0.567301030353   -0.737877303977   -0.365659165393
0.945968046314   0.318762489182   -0.0594552843961
0.273592480153   -0.883039661998   -0.381297928322
-0.174044850989   0.344429137603   -0.922538323873
0.73536168422   0.597613929249   0.319532134454
0.00216107908091   -0.473578061111   0.880749197996
0.677671397595   -0.646978679402   -0.34954265159
0.604561976434   0.0144584041807   0.796426877497
0.368270260179   -0.891636790182   -0.263364481018
0.706315674552   0.452520484556   -0.544374300403
-0.751419072579   0.525126061459   -0.399514701784
-0.198551630466   0.397467903674   0.895877511487
0.629242900162   0.75250374426   -0.194400327855
-0.7832328557   -0.396905974623   -0.478551920966
0.36490482696   -0.916658746771   0.163037447323
-0.503379341068   -0.0469296204589   0.862790153925
0.0286488091647   -0.970238248645   -0.240451630477
0.907179200141   -0.0757799807271   0.413863858476
-0.419767965149   -0.22998942451   0.878008952146
-0.623186718466   0.565421491223   0.540311809228
-0.649605818908   0.0104680188214   -0.760199119062
-0.435488913715   -0.824735689688   0.360777560536
0.993902686979   -0.109496353434   0.0129613811183
-0.00195295701207   -0.135015674596   -0.990841538074
0.110243524865   0.984774754042   -0.134406283436
-0.450836742521   -0.891905144692   0.0353757609813
-0.868393942222   0.429094708541   -0.248535092521
0.206490175808   -0.142768848052   -0.967976685319
0.10965615796   -0.987042272815   -0.117145544929
-0.0214852168698   0.115474970447   -0.993078001295
0.99373734582   0.111414015615   -0.00854427569123
0.376187712268   -0.352618897091   0.856821287407
-0.84152834624   0.256920515668   0.475207208598
-0.387702008781   -0.89980651367   -0.200088456298
0.432905295432   0.213632446813   -0.875759203695
0.451511929093   0.789473194935   0.415775242608
0.780211498937   -0.575407031716   0.245309528511
-0.449298446005   0.206888298335   0.869096161785
-0.88025382458   -0.268677935407   -0.391107876854
0.152591319311   -0.94074938163   0.302830794724
-0.777626313834   0.62155734539   0.0946772540024
-0.612875302641   -0.782977705314   0.106441422362
0.140289627007   0.0247463002104   0.989801212962
-0.614584822786   -0.735620209524   -0.2848655875
0.742676107966   -0.661301537963   0.105415722472
-0.265927986979   -0.146775962704   0.952753442667
0.0214451241535   -0.723788200094   0.689688877723
0.839491622306   -0.361602018803   -0.40558327884
0.542949281911   0.587685818616   0.599859530116
0.992517330231   0.107018688499   0.0587907263429
-0.0822495111159   0.230106223682   0.969683527623
0.0902461473587   -0.967263214505   0.237186649607
-0.751099695649   0.107395222834   -0.651395051646
-0.0271161106934   0.980828835091   0.192975420181
0.659631687942   0.162607079691   -0.73378809877
0.723179575414   -0.572596331588   -0.386192623902
-0.359501807686   -0.789523498453   0.497404358304
-0.589720062381   -0.220875726239   -0.776816684671
0.0499938979372   0.911604784667   -0.408016331464
0.864405637959   0.165149728629   0.474898368283
0.500303411175   -0.376433637852   -0.779739836779
-0.381933326936   0.842151887745   -0.380666693767
0.914111587748   0.404897863427   -0.0213945165261
0.136113698504   -0.356143114717   -0.924464787279
-0.972656938813   0.228556779572   -0.0412344260401
0.135874205523   0.416015138277   -0.899149378578
-0.188352540871   -0.880166576982   -0.435694981738
0.589329537962   0.736576527284   -0.331882080172
-0.801802882093   0.482912124065   -0.352005708333
-0.0990092619526   0.473551369849   0.87518356141
-0.654544487374   0.190172797471   -0.731714302956
-0.38157489417   0.75242985905   0.536889101537
0.652665392209   0.630621609455   -0.419933651308
-0.805333226837   0.475526781939   -0.353995301398
0.410699885703   0.0169145142053   -0.911613680839
-0.427509061467   -0.879538617042   -0.208920615297
-0.975550283303   -0.142710278578   0.167138927649
0.178091994286   -0.0676916040961   0.981682783951
-0.128782321453   0.987447022945   0.0914521216701
-0.606074329334   0.483702822705   0.631431300007
0.647608165108   0.760992705415   0.0386492792985
-0.461819847784   0.43234440162   -0.774468041032
0.938101770133   0.345783517165   -0.019970681773
-0.342602764677   0.917912960517   -0.200147801765
-0.0508764632174   0.194601017912   0.979562162049
0.997252877032   -0.0547311300862   -0.0499119489825
-0.0245200234615   0.391916812827   -0.919673844509
0.0698961207879   0.918371229527   0.389498160555
-0.844319220017   -0.404063427023   0.35193437123
-0.527084890364   0.508030156354   -0.681239222729
0.0964705813162   -0.760682658655   -0.64191535249
-0.343177118985   -0.766003081201   0.543570367658
-0.410994401911   -0.397909941907   -0.820214166989
0.844578632575   -0.50488311293   -0.178269390741
0.411310563713   0.251019514819   -0.876249292929
0.389193490808   0.820927892732   0.417858614424
0.824228152207   -0.512900183384   0.239961153094
0.201093428736   -0.383273772082   0.901478035536
-0.946920640038   -0.311681203624   0.0787154926125
0.250804175381   -0.869457326694   -0.425606887479
0.0472547247551   -0.578830675164   -0.814077416759
0.998160882562   0.0583442970228   0.0164558660556
0.0379716145436   -0.813357850207   0.580523181273
0.979186947733   -0.0902306703073   0.181800295725
0.172521045822   0.841860212249   -0.51137840371
-0.106908419398   0.532099435414   0.839905221256
-0.624664873346   -0.125915995664   0.770674352787
0.316319866092   0.861518477434   0.397149411878
-0.713957658634   0.491864895145   -0.498330599705
-0.819842898667   0.568792678783   0.0658218054179
-0.0317694274635   -0.159964235762   0.986611446698
0.571706502486   0.806775267246   0.14921576048
-0.94701860729   -0.0349199749319   0.319274729343
0.220783777695   0.651178097992   0.726100274206
-0.233260114364   0.758121151299   -0.608968011475
-0.594947373639   0.189197697597   -0.781179783292
0.520112103149   -0.650364548585   -0.553632869421
-0.612797701332   -0.735683481647   0.288528667681
0.282234626032   -0.109715634495   0.95305094062
0.755036198156   -0.5874599316   -0.291223570885
0.591831019248   0.801781334474   -0.0829622585567
-0.217666439131   -0.829607730458   -0.514171503334
-0.230661998061   0.555603938651   -0.79881118295
0.948375644946   -0.0552745594256   -0.312295307608
0.95660840668   -0.152057556845   0.24855352678
-0.174070737196   0.38584319874   0.905993600661
-0.233665861264   -0.90994699043   0.342632076559
0.996895334197   -0.044493643624   0.0649615912227
0.0511797432607   0.993135378935   -0.105179622491
-0.0598358298756   0.108177792474   0.992329198743
0.896120504539   -0.375319213335   -0.236861836196
-0.188348390888   -0.804867513848   0.562772750586
-0.401861823261   -0.459699655486   -0.791949052497
0.829037555714   -0.55893160391   0.0170936645108
0.55858616627   0.829174621097   0.0212354086366
-0.0260427738029   -0.00805666674405   0.99962836297
