0.363517390208   -0.286775483017   -0.886349214111
-0.82199617375   0.348983129286   -0.450036738293
0.43838042538   0.892171843208   -0.10886691338
0.601172761168   0.491524662278   -0.630075247572
-0.166428183776   0.848183527251   0.502878080398
0.781596424554   -0.197454325028   0.591708389879
0.922044029594   -0.235140104057   -0.307479981387
0.134138381323   0.939224349127   -0.316013475446
0.363100126887   0.250133471313   0.897547516504
-0.146463507985   -0.988497852652   -0.0376886737694
-0.835811613005   0.144039537993   -0.529784445847
0.529119446246   -0.0460934571997   -0.8472945207
0.665435891397   0.209249512477   0.716526144652
0.263595754607   0.832190535985   -0.487828033195
-0.698364054483   0.513491531912   0.498612167982
0.34248181933   0.928859043042   0.1411633153
0.749725140618   -0.179640076438   -0.636900036475
-0.566231769643   0.323960369637   -0.757912436863
-0.832150864002   -0.521957910956   0.187309579927
-0.383250990395   0.785427589133   0.486026934017
-0.400803714932   0.332661151053   -0.853635133226
-0.972434173835   -0.144001773409   0.183399200685
-0.23290185192   0.561592007552   -0.793959157908
0.0113360014567   -0.81478703126   -0.579649539603
-0.725109165034   0.688571767318   0.00925310951716
0.617228025013   0.643904027424   0.45212516918
0.305362512307   0.333551382427   -0.891906503709
-0.420374484755   0.813107893624   0.402667165153
0.906021719095   0.35214978062   0.234766216772
0.049091110142   0.463514924609   -0.884728194176
0.216465931559   0.165469495633   0.962165446526
0.321844370493   0.918345811377   -0.230341424649
-0.921715087029   0.35952860351   0.145535155895
0.243352424658   0.0062455528271   -0.969917826665
0.384553893647   0.917406224137   0.102392005526
0.890448145764   -0.397903019572   0.220851277383
-0.317311737094   0.803173521282   0.50420785021
0.874796059181   0.0426391070004   0.482611397912
0.366121723396   0.594217301385   -0.716142920367
-0.616709228212   -0.779162759032   0.112138854885
-0.184766680223   0.281750337027   0.941529617943
-0.765199974984   0.55993048008   -0.317721349236
0.162422607827   0.935736174457   -0.313076202032
0.0578186468504   0.307718552853   0.949719061779
0.9850258375   -0.17235748908   -0.00412254958495
0.796872116864   0.409303144237   -0.444371202356
-0.107904732086   0.820131234652   0.56190864626
0.59443367852   -0.399819576893   0.697705459184
-0.197154575017   0.493904523705   0.846869762722
0.866522028414   -0.316248047651   0.386169323783
0.458551685008   0.809966353511   -0.365629400289
0.298552634867   0.609848563245   0.734132858631
0.713091688254   -0.653786200643   0.25310837203
0.634323709439   0.447937868188   -0.630067534385
0.476915219082   0.823594195792   -0.306992629333
0.761266158581   -0.561632049577   -0.324103805419
-0.439346912595   -0.0791330622787   -0.894825261628
0.440743751236   0.147650597876   -0.885406260817
-0.884289027308   0.240865730082   -0.400020769779
0.15420071961   0.959261695795   0.236725868998
0.859619251167   -0.126336277298   0.495069579011
-0.49099146273   0.0638176826769   0.868823737535
-0.141358149925   -0.989932547407   -0.00717112499267
-0.340169890398   -0.252734353956   -0.905764755329
-0.733889859241   0.673587114302   0.0876702569273
0.587954182033   0.694554350484   -0.414613234296
0.605220224246   0.794470469325   0.0502509058059
0.461324911671   -0.40147700287   0.791198800579
0.64875866548   -0.455667520827   -0.609491020794
-0.73061355883   -0.532178884887   0.427772675767
-0.659286060464   0.386879076162   -0.644722010564
0.177611143036   -0.753067204775   -0.633517219151
0.531009331051   -0.510601319612   0.676250976153
-0.816751108683   -0.0958315975252   0.568976213372
-0.225713794003   -0.854460412967   -0.467921666383
0.850437157699   -0.00482051101425   -0.526054563214
-0.199555386237   0.92226761971   -0.331059036214
0.486758963584   0.386521927332   0.783368694206
-0.0528665234142   0.958083171582   0.281570181365
-0.18963335797   0.26720180939   -0.944797535244
-0.980430681   -0.103343260015   0.167558498329
0.835413218307   -0.26672855112   -0.480562831164
0.421106032172   0.872510483561   0.247780478942
0.353205980056   -0.409366994387   0.841227792907
-0.912054055854   -0.409740579913   -0.0164333920452
-0.17580148829   0.354488374954   0.918385446715
-0.370474339079   0.840506186292   -0.395345563891
-0.866607796129   -0.489396561835   0.0973752173447
-0.253084947751   0.599270200422   0.759488799198
-0.430045273094   0.633534712664   -0.643191130955
0.411870868115   0.909567527457   -0.0552204762144
0.600601186033   -0.225392030925   0.767122316017
0.685303292955   -0.349120817756   -0.639119747211
-0.422016081728   -0.866168612765   -0.267683322275
-0.386963186432   -0.0949164566773   0.917197011878
-0.819854815872   0.490655480468   -0.295119095244
0.998884532338   0.0344733935883   0.0322688114059
0.0457920775562   -0.540441639896   -0.84013446513
-0.0115228767299   0.840674978218   -0.541417403036
0.191365839597   -0.755515629152   0.626558257102
-0.601459141984   0.414196471589   0.683145799553
-0.775645547888   -0.507579961218   -0.375148726522
-0.491737651864   0.853567197235   -0.17209625662
0.870410810691   0.476391339548   -0.124242956479
-0.024064545916   -0.210889381922   -0.977213674803
-0.739247645024   -0.205830846018   -0.641207128902
-0.430584930761   0.876557870378   0.215041664057
0.517792947739   0.435063170938   -0.736621001985
0.605555143397   0.795607130233   -0.0176709543488
0.416844897246   -0.298198703999   0.858672151972
0.677896230956   -0.527339385269   -0.512220531412
-0.0673779701981   0.812552642644   -0.578980493678
-0.133027912872   0.56780180748   0.812345174059
0.988819388728   0.131754735597   0.0698348488874
-0.89641337348   -0.324480021256   0.301920154432
-0.282328804886   0.943150547862   0.175378134326
-0.341662859817   0.0719705486539   -0.937062820919
-0.301348387307   -0.539503265621   -0.786209498703
-0.907095696164   -0.0919264240081   0.410763837953
-0.293881859712   0.836950272688   -0.461679210685
-0.45022413625   0.584080529968   0.67538741597
0.849364589375   0.513480348669   0.12213814247
-0.275459654855   0.628639694931   -0.727278565959
0.653697223294   -0.745161961438   -0.131960567914
-0.177130090882   -0.320195955539   0.930644658804
-0.735734239493   -0.584985641946   -0.341301812997
0.0088271896726   0.876929069097   -0.480538748172
-0.105713318595   0.478682899422   0.871600468146
0.994357468416   0.0431055631316   0.0969285068128
-0.150197457455   0.460235491646   -0.874999437716
0.882085338628   0.462090739639   0.0916384401704
0.446504399923   -0.758060314599   -0.475371833705
0.358528863855   0.891375639328   -0.277320254211
0.678049517507   -0.0444692828216   0.733669772237
0.641643129467   -0.451078654448   -0.62034034361
-0.322336702179   -0.946362720887   -0.0222856667554
-0.0916181467598   0.00775667341076   0.995764002764
-0.942181068379   0.323013056288   -0.089204259177
-0.0448894375602   0.682871567045   -0.729157981042
-0.492269635989   0.620005184559   0.610953497905
0.869284501115   0.386367692803   0.308325253717
-0.0802318868594   -0.0670303852163   -0.994519869982
-0.549011708257   0.835727980595   -0.0120368869193
0.831954919769   0.545037310565   -0.103852499077
0.225813953862   -0.558894763109   0.797900182987
-0.908653844063   0.174457512888   0.379358363379
-0.351221084091   -0.810679480415   -0.46844693416
0.0572180979991   -0.796065499948   0.602499634069
-0.92481223859   -0.269605134695   -0.268394103327
0.376096281045   -0.541842035226   -0.751637410089
0.513627116676   -0.42489620404   0.745419613914
0.646480031644   0.762857020473   -0.0106176739524
-0.564137176314   0.487352420849   0.666510963295
-0.316590360816   0.736105437496   -0.598263594352
0.737801580816   -0.205304577967   -0.643038768358
-0.596170588661   -0.644979701351   -0.478102305016
-0.832975528165   -0.553010219663   0.0182062194435
-0.50600580673   0.774661648298   0.37928545215
-0.223852391172   0.306723047073   -0.92510057797
-0.325417825121   -0.77549651332   0.541025320038
-0.72638729971   0.571330283046   0.382025128093
-0.605363304069   -0.268676134972   -0.74923187638
0.253439087558   0.468275876674   -0.846455156651
0.863629550518   -0.503726495259   -0.0200902325035
-0.435789660693   -0.725932036279   -0.532080868227
-0.0857522987288   -0.96425301718   -0.250724275094
-0.511515067244   0.25856235412   -0.819449720858
0.854984724568   0.0579795471781   -0.515402263153
-0.498248082826   0.801502553702   0.330669781459
0.610152082704   0.0531666008929   0.790498417785
0.616005912254   0.595623176983   -0.515528609399
0.215912537044   -0.91362086453   -0.344497739097
-0.302868817463   0.27275142237   -0.913168736327
0.928252258686   0.301502201468   -0.217816819264
0.710937321135   -0.581083350087   0.396119004429
-0.555673091425   -0.118918059614   0.822852301792
-0.431040068769   -0.805109082889   -0.407435668255
-0.440451659618   0.647316539297   -0.622080086075
0.814028668617   -0.00427827225942   -0.580808938512
-0.378628660046   -0.76220928513   -0.525049848541
-0.421766764553   -0.774864166305   -0.47084851077
-0.567584327359   -0.179335233637   0.803546454981
-0.707079081613   0.606155423759   -0.364163115365
0.324492145326   -0.94116055205   -0.0944545546091
-0.934004417866   -0.334593150542   0.125232467905
-0.149467705638   0.0475840191175   -0.987620962767
-0.227150890666   -0.882894544352   0.410974082422
-0.838301851159   0.39204258756   0.378883380321
-0.495633412124   -0.258456636774   -0.829184953852
0.93422590947   0.355646578335   0.0271562404303
0.318712273067   -0.79816995949   -0.511221285516
-0.160138805642   0.486251197517   -0.859019985705
0.777470446579   -0.193733088302   -0.598337024755
0.470798394495   0.810079772111   0.349456198337
0.416999492129   -0.553387977203   0.721022309122
-0.910415288179   -0.115250061201   0.397317790242
-0.366448231093   0.670372873138   -0.645225468258
-0.191988793888   -0.733019532041   -0.652550893546
0.656762971113   0.74406758697   -0.122579875165
0.397886039876   -0.480003951906   -0.781845832262
-0.640584966297   0.464714570651   -0.611302927179
0.673146391702   0.731079220344   0.111342305167
0.530548260791   -0.582318062239   0.615974201864
0.515162574641   -0.355568345007   -0.779858111273
-0.923508646954   0.231403588199   0.305915279724
0.374048520805   0.366627131899   0.851863985763
0.0849675413542   0.901130914753   -0.425139496391
-0.335291606236   -0.871445522835   -0.357997541221
0.248954442125   0.284531440519   -0.925777265385
0.908626009168   -0.399530424483   0.121549230262
0.528447350044   -0.0224180141837   0.848670036511
0.789670737185   0.38001667119   -0.481671523397
-0.31171064317   0.924707933489   0.218521652649
0.957888688408   -0.259583920835   0.122741389371
-0.185520045588   -0.233233013821   0.954559937327
-0.21916106704   -0.937133154524   -0.271569286529
0.258826071036   -0.949048249543   0.179767864181
-0.94252159614   -0.288861723186   -0.167964120238
0.211334109319   -0.125961600966   -0.969263415858
0.38988638762   -0.713573154689   -0.582066970078
-0.178112741738   0.561716189702   -0.807929931032
0.903473550238   0.418674426176   0.0919090250586
-0.0651962055847   0.158529364125   -0.985199419147
0.834142545874   0.55053744902   0.0333875783651
0.547682086561   -0.819620008258   -0.168129040095
0.83469634743   0.5489383525   -0.04414400006
0.468518310934   -0.749963466389   -0.466953307516
-0.289434966628   0.369081947858   -0.883179435821
-0.25597430164   0.709359123078   -0.656724288729
-0.135263181435   0.646391702255   0.750920527755
0.957173457973   0.281046974298   -0.0695094928031
0.226134373999   -0.248728511142   -0.941805379386
-0.627669294256   0.702165029547   -0.336148075005
0.744912412264   0.667156952318   0.00266440035096
0.451389358749   -0.885903097795   -0.106880064207
-0.783895017492   -0.33645758244   -0.521828416982
0.426328803108   0.31933054432   -0.846328396726
0.614859362086   -0.661363133939   0.429589070998
-0.779052237772   -0.59403117245   0.200510790181
0.122578854934   -0.457958263626   -0.880482057228
-0.540446565746   0.105536924603   0.83473317121
0.048212374842   0.994356414076   -0.0945033792977
-0.83999587885   -0.0108295582493   -0.542484694883
-0.439778349699   -0.606617390196   -0.662276637854
-0.897778972758   0.277027136679   0.342416240293
-0.0242470453728   0.745165288681   -0.666438874419
0.440972668681   0.894592830173   -0.0724346165897
0.561643023375   -0.337998706458   -0.755191359012
-0.700071581891   0.29233635189   -0.651490013425
-0.475453130968   0.607676279865   -0.636139811005
0.879727951547   0.324465413467   -0.347564277123
-0.00480120013516   -0.724880496603   -0.688857905613
-0.045050263434   0.0468659646267   0.997884790507
0.366480402482   0.930030028906   -0.0271341100887
-0.929334486803   0.364482820848   -0.0590735553828
0.197723164198   -0.740741349496   -0.642034113959
-0.872336548254   0.16579719741   -0.459935034446
0.447140354833   0.651009633169   -0.613393805481
-0.0787745738898   -0.406880454594   -0.910078492317
-0.0924791293541   0.911961384537   -0.399717454895
0.992593661647   0.0526756944277   -0.109467319663
0.283154649565   0.817038889307   0.502265764103
0.873985727141   -0.435471279914   0.21567038073
0.394933403479   0.37790503798   -0.837386045433
0.710792830698   -0.701971501119   -0.0448281546033
-0.159807622869   -0.223222597588   0.961578491646
-0.685007354341   -0.67631921719   -0.270845418931
0.993281906346   -0.114219930279   0.0185704618592
-0.0144542138036   -0.281681098109   -0.959399205061
0.1148134584   0.952685449923   -0.281439697404
0.385150138926   -0.280353803093   0.879238941117
-0.325617069981   0.850179777315   0.413724388914
-0.863500373029   -0.445641213687   0.236158875424
-0.451465855518   -0.805251867474   0.384380034901
-0.330546424042   0.551062491614   0.766204406075
-0.828804948619   0.21885968168   -0.514959024468
-0.757358849265   -0.275621355894   -0.591980102381
-0.164141754689   0.957802651384   -0.235948226036
0.632032481608   -0.0815288242109   -0.770641286862
-0.468792349556   -0.418910441366   0.777655306104
-0.637500225642   0.769850065898   0.0304029331292
-0.611414094786   -0.481502770659   -0.627955322092
-0.332133742056   0.301293081626   0.893817462547
-0.687802628564   0.571091284498   -0.448087367498
-0.645456986584   -0.763594934331   0.017551488134
0.239574243364   0.672821239539   0.699939827086
-0.541686329518   0.690924452436   -0.478747659461
-0.805717135433   -0.26445222754   0.529985770582
-0.676707621408   0.472147716903   -0.564927719761
0.221852648453   0.862403471141   0.455018302201
0.702031478999   0.182583642165   -0.688342223106
-0.113400630601   -0.957150598775   -0.266463934228
-0.630865726121   -0.137824403509   0.763552794116
-0.767560246876   0.254690331702   -0.588204133234
-0.210145854636   -0.972275600251   0.102561576316
-0.524996373234   0.200719074737   0.827097733722
-0.824753010222   0.119966704521   -0.552621445418
0.950292978234   -0.288552637973   -0.11696422803
-0.31072835015   -0.902774872109   -0.297397751675
-0.0197774602285   0.318959096762   -0.94756210702
-0.277256748925   0.823135225957   -0.495557357895
0.741061643513   -0.145069855121   -0.655577895943
-0.611519693624   -0.549001946193   -0.569772346984
0.696886801102   -0.0536213038435   -0.715173784631
0.522972703686   0.720373579305   0.455589132265
0.490763015771   -0.691510420755   0.530061317527
-0.62383704959   0.670206792353   -0.402057447445
-0.296886680537   0.272658404109   0.91515883517
0.722970009393   0.690275488594   0.0288810554878
-0.829120709712   -0.377972383776   -0.411941410676
-0.317508940173   -0.288126124132   0.903422055023
-0.460159669721   0.879841016147   0.11888172554
-0.399033961789   -0.916924906057   0.00454026327147
-0.842627613025   0.364739090476   -0.396161711483
0.361594528589   -0.161907728445   -0.918169529207
-0.734248878309   -0.549695923719   0.398387971899
-0.120238462788   0.68285201933   0.720594082521
-0.668147660905   0.481193839471   -0.567477922114
0.940956455317   -0.207023597342   0.267847306019
0.146055960102   0.962051831082   0.230486292067
-0.305399092528   -0.177756868941   0.935485911079
0.749038114761   -0.191154895965   -0.634351407647
-0.399859578843   0.632992683319   -0.662897111227
0.528255828026   0.750186689174   0.397700529976
0.695808307842   -0.715605645792   -0.0613136073746
-0.696414160401   -0.693092291359   0.186092430934
-0.175664782842   -0.0867849950694   -0.980617279422
-0.949167539035   -0.238147879908   -0.205831411932
-0.0378573880858   0.735528658106   -0.67643507543
0.312486481323   -0.634257976221   -0.707155583016
0.466475407856   0.183704881082   -0.865247485135
-0.757137248569   0.588674233935   -0.283206343732
0.457322512779   0.787219894926   0.41369186158
-0.501160312314   0.782646910919   0.3691912163
0.420570007785   0.593148998036   -0.686509384262
-0.756279848942   -0.188780504709   -0.626420554523
0.821709716098   0.310549513037   0.477862053758
0.499949551286   0.00970918852003   -0.866000102672
-0.273575562942   0.95050761786   -0.147280955153
-0.974268324854   -0.208676749336   0.0851777287414
-0.208811364764   0.693403512801   -0.68962988797
0.084847186945   -0.689670633507   -0.719135155688
0.259876467957   0.250371623214   0.932619038885
0.951821187441   -0.229233613806   -0.203686959427
0.162790197929   0.940620008606   -0.297881437602
0.43928940809   0.896544666134   -0.0568548816414
0.76270398015   -0.405653396838   -0.503714165271
-0.474665623995   0.17791285299   -0.861997425829
0.587214434822   0.721888144343   0.366137562391
0.803252087129   -0.575493297341   -0.15360191808
0.0998263094502   0.38429802468   -0.917796129959
0.111579532505   0.988236239314   0.104590359176
0.979012384283   -0.0912516741531   -0.182230303147
-0.170542544096   0.122728428944   -0.977677336027
-0.159227727497   -0.917338932153   -0.364877807429
-0.600181463226   0.383397757502   -0.701988867963
0.78385505165   0.107216804188   -0.611617376228
0.249743981135   0.962433373328   0.106536124354
0.276692703751   0.0345046581269   -0.960338782025
-0.92793808607   0.269316598957   -0.257680961558
0.41771671712   0.176078683293   0.891352366648
0.239075209009   0.925168965008   -0.29479727038
-0.876559061716   0.336242001356   0.344362494834
0.99840102925   0.00220981031509   0.0564845246975
0.00487445471594   0.992147992751   -0.124974398062
-0.0563171775141   0.125049898913   0.990550805511
0.861394848635   0.475858334768   0.17764503927
0.495589921457   -0.710738984554   -0.49924014821
-0.111308330755   0.518081982959   -0.848057494771
0.978119008014   -0.0600239315469   0.199199231432
-0.0549417103948   0.848960877673   0.525591891718
-0.200660446079   -0.525035766232   0.827086954048
