-0.500599564114   -0.807905680643   -0.310947724857
-0.0873827446387   0.404519399082   -0.910345160753
0.861257413523   -0.428546925029   -0.27309925064
-0.183490769444   -0.857576841784   0.480513369185
0.693381241524   0.23358563646   0.681659889052
-0.696816755992   0.458257254036   0.551766887093
0.789418897279   0.196549896581   -0.581537567808
0.278237420089   0.729880890639   0.624385957195
0.547176153245   -0.654707586357   0.52149423169
0.953854730852   -0.158851637507   0.254808378379
0.0491475174202   0.919752812521   0.389408892285
-0.296218962868   -0.358916314927   0.885117735059
-0.609481487724   0.755762743457   -0.239489022137
0.27345843842   -0.0831355282347   -0.958284387018
-0.744145683706   -0.649546887875   -0.156000134211
0.546002235625   -0.742991760991   0.387097922743
0.559968135834   0.667328611528   0.491027709082
-0.623151061576   -0.0513397247287   0.780414625133
0.240198500952   -0.952623270758   -0.186583986854
-0.779170333029   -0.0745655690936   -0.62236128417
0.578963100956   0.294870954683   -0.760166329047
0.946583873517   -0.185312282302   0.263890750927
-0.0923454364815   -0.939884302759   -0.328770159517
0.308951923052   0.286839424514   -0.906792067558
-0.995141113917   0.0811074481934   0.0558188609594
-0.0915145575495   -0.552809337018   -0.828267422191
-0.0363214695156   -0.829351203504   0.557545811659
-0.986491944676   0.00923597170028   -0.163549197237
0.00470993276125   0.999595704467   0.0280400453607
0.163742052093   0.0268909731545   -0.986136611195
-0.870020489696   -0.263797963161   -0.416503279868
-0.488993755647   0.354036948862   0.797209474215
-0.0628446851152   0.897256080209   -0.437014956358
0.890624509155   0.00626654939673   -0.454696287704
-0.446229306843   0.204583101813   -0.871220500314
0.0875636306207   0.978829139744   0.185003042627
0.230773713043   0.640779549331   0.732219272163
-0.342543206005   0.757859998389   -0.555258835915
-0.910718203062   -0.122677593721   0.394388846965
-0.486916070747   0.771080133567   0.410302531879
0.834447258917   0.271851908222   0.479368659887
0.258090124054   0.575788127365   -0.775794766837
-0.8174692723   0.570511985286   0.079120563003
-0.552098713064   -0.815296796428   0.174579909403
0.164106672252   0.0990313504867   0.981459011749
-0.00768328248059   0.534432886706   -0.8451759916
0.486157298727   0.740586487664   0.46387793134
0.873837541002   -0.407324371842   -0.265508583738
0.690925824918   -0.714525224726   0.109887249905
0.716256889641   0.655998972781   -0.237994570846
0.0979672011581   0.243144095016   0.965030246446
-0.142850396975   -0.936830010774   0.319285600985
-0.968001379734   0.19948945103   0.152240887282
-0.206317941335   -0.287321231099   -0.935349890278
0.046748989867   0.933638549582   0.355152911689
0.860782517831   -0.218045929566   0.459901543372
0.506821456672   0.284209484947   -0.813853168405
0.943585409821   0.056712725305   -0.326236480428
0.00878242235123   -0.989163710076   -0.146553825357
-0.331012754182   0.135420904803   -0.933858519858
0.828691633481   0.152419482849   0.538552205312
-0.545443882272   0.00409440366303   0.838137343847
0.125543410383   -0.988307410226   0.0865292725184
0.153783106528   -0.693243240497   -0.704105507471
0.986432524584   0.0662721963745   0.150196106576
-0.0574598171734   -0.717650197166   0.694029224109
-0.455604064471   0.394943020189   -0.797774997879
-0.84940776966   0.0752507168317   0.522344494043
0.266329452518   0.915618556179   0.301183137479
-0.239382239917   0.892547546109   0.382171455171
-0.179386842472   -0.427496793477   0.886039983474
0.954209884648   0.143545705274   0.262446426032
0.131411874025   0.77414459146   -0.619218112525
0.634729892207   -0.545513756451   -0.547295811661
-0.761478091152   -0.321115077559   -0.563059698131
-0.125907790699   0.455677104907   -0.881195553952
-0.925573821506   -0.373627041031   -0.0609584707235
-0.357015866852   0.807936389992   0.468805354644
0.934339903125   0.133511067313   0.330429629926
0.0681519896914   0.84312701524   -0.533378048362
-0.349806020144   0.520875830768   0.778668168858
-0.0574044631302   -0.873248396103   -0.483882182267
-0.0215662487657   0.485652975444   -0.873885624299
0.998118041379   -0.039729411584   -0.0467113404676
0.922278256311   -0.15062736745   0.355969400526
-0.0622024060772   0.85110273922   0.521301244935
-0.381488766039   -0.502926956394   0.775584165592
-0.96447703084   -0.222977551684   -0.141651221055
0.204103839193   -0.969416591686   0.136283141259
-0.167707125097   0.102530401391   0.980490610349
0.177564972859   -0.110486827142   0.977887182369
0.271475038438   -0.949621808159   -0.156587754867
0.945923878501   0.293276460865   -0.138625154947
-0.349068760815   -0.238801302419   0.90615944413
0.856620661788   -0.473369217851   0.205237972583
0.379936892157   0.847877067478   0.369800535997
0.618299445052   0.527850535074   -0.582305425761
0.193584925425   -0.820356606381   -0.538089132966
-0.761728739708   0.219974659881   -0.609409940938
-0.362761414455   0.0940473345792   0.927124185339
0.7925572166   0.554441186059   0.253866164774
-0.490160396806   0.826891812791   -0.27566776261
0.735927693847   -0.305862806354   -0.604035076066
0.488337624329   -0.378166626855   0.786458115222
-0.468974193419   -0.8737493611   -0.128938977366
-0.991921713624   0.0150241076451   0.125958684617
-0.125309493137   -0.270410055094   -0.95455535881
0.019719152383   -0.962628006186   0.270108268544
0.713741708208   0.627061912236   0.312035466234
0.280597886848   -0.664186655673   0.692907578485
0.641745743937   -0.407000546251   -0.650009965685
-0.503757102932   0.396037487044   0.76771289562
-0.851223403795   -0.0762105288673   -0.519240476197
-0.147130887571   -0.915066262161   0.375507972987
0.374492759498   0.874941776664   -0.30697241005
-0.428244331997   -0.13043203525   -0.894200355789
-0.822412284196   0.466330753467   0.325843003876
0.724050911781   0.667916603795   0.172155997641
0.564691957478   -0.717339425052   0.408101877507
0.396072304394   -0.198271429209   -0.896557399195
0.608159344682   -0.793064507141   0.0345094043503
-0.736123639986   -0.547157428907   0.398422808893
-0.297092911611   -0.267707742707   -0.916552435142
0.491208622296   -0.844030115433   0.215237667764
-0.790073997576   -0.327692181647   0.518074234489
-0.366738555017   -0.42453621557   -0.827811472458
0.634518084966   -0.689931133017   -0.348398954568
0.0487742977249   -0.414122864235   0.908913263848
-0.771367530904   -0.593714817915   -0.229117540263
-0.1894552496   -0.592673567202   -0.782844014564
0.328754936678   0.71297758644   -0.619340901963
0.925217217743   -0.374701219606   0.0597670144577
0.885129606109   0.452345543118   0.109220373602
0.342365959454   -0.474058108537   -0.811205559361
-0.315168415606   0.755415395231   -0.574470582757
-0.242012590553   0.78845252801   0.565484320815
0.630078751683   0.57091286455   -0.526364196892
-0.737855455148   0.228912892091   -0.63495528594
0.100706511647   -0.0151753717086   0.994800435568
0.876449711978   -0.47184172966   -0.095923326278
0.470844030317   0.881552658804   -0.0342170844803
0.00147509637686   -0.72657392494   -0.68708671628
0.966142288327   0.178308105   -0.186481362066
0.258005625514   -0.663548454364   0.702236816119
0.104843006312   -0.531163460198   -0.840757588475
0.993466834933   0.0176230420407   0.112752278369
-0.0450731839958   -0.847086068201   0.529540934342
-0.402834069258   0.308825929566   0.861598083722
0.542970466615   0.83845401775   -0.0466683244034
-0.736822763647   0.449022722528   -0.505441202935
-0.0715311071579   -0.997141147846   -0.0243481412117
-0.951628679719   0.0609127032094   0.301151952549
-0.298807892541   0.0447121220635   -0.953265267119
0.481760692756   0.0821604468195   -0.87244271783
-0.225766764124   0.973623005358   -0.0329789577512
0.846720735032   0.212856534821   0.487602391762
-0.833642269345   -0.460639000249   -0.304716717972
-0.199962283008   -0.262561330163   0.943968555238
-0.514835558344   0.847863939175   0.126771796987
-0.695391005207   -0.119701640793   -0.708592172599
-0.34503651511   -0.809329114997   0.475327452246
-0.630381751891   0.575028608688   0.521498749829
0.0787828644337   -0.265459705917   -0.960897707774
0.664870210033   -0.704213709024   0.249059542745
-0.742792611758   -0.658493884981   0.121016277258
-0.888913859937   0.440314133892   0.126315529952
-0.458012475382   -0.849800005871   -0.26089178296
-0.00753140135917   -0.289764410369   0.957068369803
0.490009080511   -0.867961337158   0.0808345112908
-0.55250454353   -0.237509618612   0.798954260547
-0.674262434365   -0.436156277343   -0.595934452217
-0.592140988092   -0.141324307673   -0.793345126841
-0.469318844645   -0.739821848119   0.482082415264
-0.655064021514   0.65779257605   0.37175267936
-0.350133212693   -0.899440323772   -0.261560389476
0.936536405504   -0.341364334024   -0.0798119829466
-0.0175012723782   -0.272905652983   0.961881598761
0.640772822387   0.383166579008   -0.665277057188
-0.532722203625   -0.402075573442   -0.744675961077
-0.552826594742   0.83157597727   -0.0535177556828
0.749128459645   -0.557725626694   0.357419468243
-0.482076291024   -0.829064949175   -0.283290945287
0.45432257327   0.039917857884   -0.889942449847
-0.676462573518   -0.404963330102   -0.615144769873
-0.638418109638   -0.0939873825287   0.763929767199
-0.367179389285   0.909489457442   -0.194956977013
-0.899214880844   0.211373558308   0.383058503257
0.069066319986   -0.795987297773   0.601360179284
0.432021343817   0.567208463118   0.701164829305
0.5777937703   0.167826164623   0.798741971773
-0.360501100422   -0.82551915485   0.434231599
0.732252221299   -0.538843672547   -0.416478307909
-0.453105321796   -0.473997682011   0.754997857486
0.42284196755   -0.859865448869   -0.286070061906
0.784793117858   0.189624912099   0.590035723387
0.765091831075   0.116711321663   0.633255838834
0.206227021424   0.887223807934   -0.412679452202
-0.610004021017   0.446332143175   0.654738659552
-0.654179584514   0.514101270244   -0.554751255193
-0.0477693593764   -0.760088623494   -0.648061241504
-0.754829225394   -0.397448321633   0.521792748245
-0.577723237258   -0.378229040584   0.723310897188
-0.552024420985   0.833813540475   -0.00490085260777
-0.601252775269   -0.402116615646   -0.690505125001
0.589148261815   0.534618839904   -0.605877068076
0.0692491115539   -0.780472671105   -0.621342876524
-0.805052101513   0.32410662702   -0.496835997259
0.910380348813   0.40365645195   0.0909345330155
0.387428626461   -0.908742934966   0.155194515197
0.145281381789   -0.106055395655   -0.983689774857
0.671089201534   0.739440332422   -0.053546973506
0.315393076283   -0.219381323169   0.923254592449
0.670944476851   -0.636474531958   -0.380438798167
0.226665050833   -0.198771556677   -0.953474080921
0.793286239738   0.605650628009   0.0623238207651
0.565083973028   -0.770504500343   0.294962571147
-0.269300550207   0.219259941121   -0.937764518351
-0.345181358567   0.887066726771   0.306532954106
0.899070099245   0.406248323658   -0.163203113235
-0.165906258697   0.125806297045   -0.978083784217
-0.00428500627261   -0.991911623761   -0.12685806781
-0.986132218339   -0.0168554522655   0.165103427229
0.560105458199   -0.819152511735   -0.123576042231
0.370964309156   0.114628483217   0.921545328331
-0.740720836097   -0.562004869511   0.368080384724
0.203470164347   0.888361106737   -0.411599849681
0.325136984682   0.335228303711   0.884255577072
0.923518182502   -0.313745961612   -0.220630093504
-0.477365166829   -0.59575257061   0.645911272629
0.142196540758   -0.777757598953   -0.612268945046
0.867123198452   -0.200429518492   0.455988340665
0.162584326895   0.48417538048   -0.859732829189
0.785801732822   0.463416995563   0.409585552623
0.59672604547   -0.74217173832   -0.305121512675
0.219748141804   0.534618988567   -0.816022849703
0.351902017362   0.736713585515   0.577423642653
0.909876763276   -0.41404785953   -0.0262420591384
0.253682732796   0.265366736755   -0.930175019072
0.783538133055   -0.620256531959   0.0367400137672
-0.567197553882   -0.738147904953   -0.365273329554
0.945138189981   0.321810266678   -0.0561422666037
0.277653555421   -0.881914831304   -0.380965527953
-0.172111315727   0.344476969603   -0.92288315209
0.734043319134   0.600534483348   0.317078444466
0.00589117598351   -0.472521478205   0.881299464814
0.679077094062   -0.645044019386   -0.350389088549
0.60375603349   0.0149184043376   0.797029543515
0.372059676018   -0.889520472444   -0.265188473702
0.705017907223   0.456651694747   -0.542603888836
-0.751678672711   0.524452056901   -0.399911506465
-0.198957689125   0.397796380893   0.895641600913
0.628804429794   0.75280015898   -0.194671286301
-0.785273655399   -0.392349241281   -0.478964882848
0.361106484628   -0.918616905474   0.160452758585
-0.502938756605   -0.0469580008526   0.863045510538
0.0274688901407   -0.969130899656   -0.245011753609
0.906128874169   -0.0793595100779   0.415490711758
-0.422108900014   -0.233425293171   0.875977573364
-0.621718264814   0.566233782342   0.541152199415
-0.651177233266   0.0102572779046   -0.758856375822
-0.435240864434   -0.82418086121   0.362341410746
0.993994973703   -0.108472299267   0.0144136235847
-0.000439927928505   -0.135680903996   -0.990752491167
0.1094248542   0.984796655449   -0.134913856593
-0.447644291985   -0.89349767787   0.0357279651513
-0.869967467268   0.425919148779   -0.248494435752
0.206811976803   -0.142319283108   -0.967974187624
0.110458759574   -0.987324895055   -0.113966723382
-0.0189401950757   0.112556482734   -0.993464799178
0.993700222121   0.111895441371   -0.00626727665056
0.378886947275   -0.35663014054   0.853966992361
-0.840404725928   0.253797820875   0.478859648286
-0.387510745428   -0.89911156648   -0.203552973942
0.435318845917   0.210508542666   -0.875319173704
0.452680034296   0.789244878281   0.4149377166
0.778189108726   -0.57686972149   0.248280155246
-0.448736196738   0.20736090647   0.869273996048
-0.880213314438   -0.27068548045   -0.389812636736
0.154467947556   -0.940069585266   0.303988203778
-0.777265134054   0.622199267893   0.0934183194961
-0.613264310583   -0.782392001978   0.108487974474
0.140590884305   0.0270337987208   0.98969862937
-0.617192838071   -0.733744170089   -0.284064241843
0.740131873885   -0.66392257214   0.106825219222
-0.26697904392   -0.14431323939   0.952835704119
0.0196802567074   -0.723286635124   0.690267434366
0.838766642313   -0.363800375035   -0.405117028607
0.54413528395   0.586946105341   0.599509017602
0.992623123002   0.105566038324   0.0596250554182
-0.0827570616279   0.230547257119   0.969535574894
0.0886036366738   -0.967317824599   0.237582873501
-0.75030111123   0.104914097617   -0.652718373119
-0.0323815024882   0.980309940302   0.194791835664
0.660302719049   0.167288532381   -0.732130361446
0.722717459446   -0.572527360669   -0.387158746638
-0.354847305802   -0.788079564559   0.503004959707
-0.59309599845   -0.226148228406   -0.77271865217
0.047128063974   0.91079229875   -0.410166227429
0.862917975513   0.169708856594   0.475995243181
0.503141643201   -0.376372544868   -0.7779409967
-0.381562968825   0.840853775375   -0.383894033894
0.913995987228   0.405181116559   -0.020966595209
0.137916772555   -0.358877682814   -0.923139086284
-0.973333858072   0.226274897897   -0.0376944467171
0.131584269011   0.416133221868   -0.899732583497
-0.187900986906   -0.880700182945   -0.434810771347
0.590610760703   0.735420679755   -0.332167658163
-0.800666035236   0.482760634062   -0.354790177738
-0.100562564413   0.475498258659   0.873949985211
-0.654580116673   0.18989961021   -0.731753379834
-0.383298497333   0.750935943861   0.537752238638
0.651618855466   0.632481894018   -0.418759502509
-0.806646945786   0.475295141845   -0.35130504265
0.408608413444   0.0190043830917   -0.912511916572
-0.42703614521   -0.879621146609   -0.209539421405
-0.976074663958   -0.142554847857   0.164183938714
0.174818840001   -0.065510568416   0.982418820365
-0.129292782319   0.987616565666   0.0888644791911
-0.609261163067   0.479637008652   0.631465893861
0.642783957516   0.765050080985   0.039078863141
-0.464359364219   0.429705379901   -0.774418276738
0.939195734524   0.34280093998   -0.0199721756454
-0.339915492193   0.919895791507   -0.195574003728
-0.0486706319901   0.190471122   0.980485553828
0.997187674607   -0.0550504576789   -0.0508545840712
-0.0252032350454   0.392713392951   -0.919315499674
0.0705800152661   0.918011785385   0.390221505479
-0.84342346779   -0.40402307233   0.354121746022
-0.528517486352   0.505609242927   -0.6819300258
0.0964682362279   -0.76231532222   -0.639975959633
-0.343705464315   -0.762269725888   0.548462777948
-0.410536347461   -0.403309660492   -0.817802681071
0.844586562297   -0.506247155793   -0.174319694924
0.407642747679   0.246677239559   -0.879191520517
0.392768972855   0.821836654838   0.4126948591
0.824354246806   -0.513551216772   0.238128586113
0.2051585384   -0.381586101197   0.90127799346
-0.945951695046   -0.313627209681   0.0825431038162
0.25116800107   -0.869499868155   -0.425305319174
0.0466783435625   -0.578546243871   -0.814312824377
0.998254177349   0.0565517857848   0.0170438531576
0.0361901871805   -0.813686757436   0.58017594842
0.977173029919   -0.095024902937   0.19000825619
0.183244173827   0.829541076681   -0.527525520574
-0.107491592029   0.550301617225   0.828017927175
-0.628777510094   -0.125979670324   0.767312169501
0.3138650451   0.861710953853   0.398676517334
-0.711426437704   0.491511296589   -0.502283853077
-0.818832576133   0.570615775825   0.0625367783237
-0.0350837347634   -0.158486845335   0.986737579811
0.572959286353   0.8057788507   0.14979352438
-0.948162193002   -0.0362058132463   0.315717587172
0.217276358119   0.65113657976   0.727194704808
-0.231903945557   0.758096493585   -0.609516420164
-0.596249279546   0.190959811407   -0.779757107738
0.518907949008   -0.649446942496   -0.555835595602
-0.61255313002   -0.736038734925   0.288141707487
0.280522836295   -0.108880328119   0.953651934652
0.756960929194   -0.5858089904   -0.289547886265
0.590183945894   0.80310204888   -0.0819146451699
-0.215167277023   -0.83055691849   -0.513690809774
-0.232500904335   0.554453582714   -0.799077314219
0.948496901619   -0.0525017120101   -0.312405502279
0.957105402659   -0.154597649604   0.245048597093
-0.169576714607   0.386877754754   0.90640462308
-0.234931875367   -0.909079297759   0.344066627738
0.996595761823   -0.0484419668386   0.0667102942967
0.0556078522715   0.992360653811   -0.110127651083
-0.0608658712424   0.113462366519   0.991676175524
0.896880158389   -0.372117555253   -0.239028254733
-0.182785046894   -0.804007368953   0.565828399165
-0.402735158783   -0.463789473513   -0.7891157812
0.826524282821   -0.562650265515   0.0168014470296
0.562323430444   0.826660095718   0.020626335616
-0.0254944990206   -0.00760031992215   0.999646070195
