0.222481253977   -0.823283323603   -0.522213237372
-0.163194238754   0.496632437811   -0.852481005723
0.96118142754   0.274883236587   -0.0238636885014
0.69415172701   -0.169819341171   0.699510379933
-0.286633024911   0.82619871189   0.485012574804
-0.660299090792   -0.537175092546   0.524831431261
0.89646252906   0.43042312115   -0.105313203203
-0.417488238123   0.900066450452   0.124835715237
0.148521059176   -0.067943517342   0.986572436992
-0.703476879639   0.626017966128   -0.336484450889
0.689897966784   0.715242994104   -0.111661339674
0.170766141355   -0.310691109359   -0.935045431675
0.730073680209   -0.66455764509   0.159234286302
0.444830560332   0.639039215694   0.627498727929
-0.518766030283   -0.387288028877   0.762161261554
-0.272777256266   0.869592382294   -0.411584326716
0.787856507422   0.447434120495   0.423184158388
0.552154591627   -0.208834376609   -0.80716386895
-0.652269705913   -0.744664236617   -0.141489949187
-0.470426554919   0.251334854945   0.845889855264
-0.594342567417   0.61830895636   -0.514247943397
0.472719048134   0.862478953505   0.180739468276
0.832945444984   -0.504276035738   0.227832313105
0.287643157945   0.042845442875   -0.956778803264
-0.836978202064   0.52323051358   0.160303832943
0.531485425735   0.847003874771   0.0103768178494
-0.13034849991   0.0938843212473   -0.987013172514
0.604653087157   -0.792038574964   -0.084080554202
-0.787983734598   -0.579468120657   -0.208082506941
0.11608737156   0.192071839305   -0.97449070231
0.912875118054   -0.384518197713   -0.137130501708
-0.0668789277066   0.190508924409   -0.979404696261
0.402723512971   0.903245318646   0.148194692105
0.17824615273   -0.21122704259   -0.96104705726
0.494226127127   0.863771234422   -0.0981824321086
0.850863587807   -0.457473924053   0.258357822479
-0.381826875674   0.631385357641   0.674952418096
0.743523302333   -0.223936340826   0.630099685544
0.548982090258   0.742431845351   -0.383944812579
0.6777889872   0.674391715939   -0.29291278957
0.724274022147   -0.543796539091   0.423925069876
0.126606594077   -0.499480868001   -0.857023706079
0.313501179527   -0.720352040739   0.618716371222
-0.596812728297   0.357324573365   0.718424468389
-0.738601095286   -0.594484723808   -0.317893591545
0.769980376651   0.131138121191   0.62444616483
0.100508145334   0.941507098698   -0.32165586553
-0.630101842817   0.310430630381   0.711761541131
-0.319731315256   -0.597275502572   0.735550039321
-0.893999396071   -0.0670198820199   -0.443027556095
0.313905982966   -0.799231074009   -0.512535583651
0.652303807632   -0.69369305985   -0.30543359618
-0.659016072182   -0.718133062655   0.223568161766
-0.374429645682   0.0554512855169   -0.925595806842
0.128444342101   -0.429168355076   -0.894045062589
-0.558118211693   -0.776478338635   0.292549912524
-0.819759789643   0.461406450479   -0.339260924179
0.491729984091   -0.290414262155   0.820890478951
-0.723180022072   0.388876909088   0.570776142172
-0.484986884123   -0.87431933819   -0.0187993561316
0.484246625213   0.684122388686   -0.545418887788
0.287542447369   0.464319339217   0.837691406231
0.826331983417   -0.562480318243   0.0281308471029
-0.564458701913   -0.141544911851   -0.813235150143
-0.39382312399   0.912012911271   0.114611502713
0.725458281716   0.384964267786   -0.570537283333
0.808904434574   -0.530450295482   0.253566755422
-0.555041324793   -0.546726470242   0.626912507553
-0.193914267664   -0.647852335319   -0.736671301018
-0.188376653739   0.80752841935   0.558938358793
0.694218591474   -0.293076952934   0.657393677814
0.69467602826   0.511863021052   -0.505392386446
-0.051926768741   0.654864081068   -0.753960639137
0.821507772841   0.457288309474   0.34060590254
0.567827957397   -0.601697961615   -0.561721437036
0.846775029651   0.514847309685   0.13380693875
-0.432361753173   0.812654687867   -0.39071175138
-0.309895730112   0.272991952231   0.910735982856
-0.0276079504118   -0.508158190196   0.860821151556
-0.569870681812   0.715507195351   0.404100061192
-0.821270483605   -0.479400362099   -0.309338141484
0.836939564744   -0.197863002167   0.510276785036
0.00587655589345   0.935556118929   0.353129175271
-0.547263767359   -0.292549108202   0.784166683961
0.697076375638   0.617844841118   -0.363802527258
0.696100536202   -0.704778021421   0.13686483868
-0.171838790833   -0.348648379993   -0.921366233995
-0.827459632865   -0.431581689568   0.359232238225
-0.502590874156   0.854536558013   -0.13103314167
-0.250425575702   -0.28897147996   -0.92400352519
0.786775355871   0.547388284745   0.285220274594
0.588888565497   -0.527252694654   -0.612547837192
-0.184918351557   0.649900500958   -0.737180128243
0.0994371083179   0.964255586631   -0.245608275596
0.952632524443   -0.0209584344527   0.3034007536
0.287408306704   -0.264143725202   -0.920665279817
0.93752528505   0.345507735196   0.0408747450925
0.138892415507   -0.479395052634   0.866538677621
0.318990966614   -0.806724728652   -0.497433387281
-0.218585040795   -0.29525093566   0.930079278986
-0.474392279297   0.865068159413   0.163122790998
-0.852744126659   -0.405566227134   -0.32915572325
-0.9015403911   0.357195245475   0.244205816384
0.37405511849   0.359673675895   0.85482022409
0.217503316014   0.86200139431   -0.45787105657
-0.344200424947   0.577800428371   -0.740049140883
0.854375778203   0.519589393409   0.00830008038404
0.389317474008   -0.629423169806   -0.672501580559
0.957087401865   0.281575874292   0.0685472989944
0.221730364092   -0.559201712667   -0.79882982536
-0.186599439502   0.779748979648   -0.59763883542
0.376693552648   0.129118266296   0.917295175745
0.871054237006   0.287597007165   -0.398186484234
-0.31522449513   0.949008131336   -0.00413307423742
0.926438432817   -0.32335433919   -0.192753214044
-0.364535296802   -0.898382714664   -0.244994929201
-0.09394598226   0.297238068349   -0.950170344252
-0.206143110916   0.875754685748   0.436530344734
0.405549689489   -0.329530281148   0.852607316515
0.890524823258   0.352793873543   -0.287231640297
-0.720194772055   0.148040558716   -0.677793111436
0.612019650726   0.59566793793   -0.520203478676
0.326728413304   -0.789470521981   -0.519600669093
0.43213694786   -0.0399884609449   0.90092096305
-0.876471686017   -0.253765706841   0.409145879214
0.212261730614   -0.96643876674   -0.144710292037
0.0187312117338   0.179744175146   -0.983535038184
-0.882380002958   0.465557439255   0.0682773763008
0.470164513989   0.866572732802   0.167323121418
-0.452532983251   -0.330919318843   0.828073851374
-0.555049343386   0.831315696469   0.0288866611565
-0.697949944709   -0.446549680554   -0.559874322781
0.720926264565   0.478366323468   0.501428940262
0.686708493953   -0.395742730113   -0.609769742115
-0.0932564522861   0.783934534664   -0.61379954575
0.0359370979659   -0.999001280934   -0.0265512090008
-0.376390801018   0.0110815732106   -0.926394713224
0.925763733853   0.0432855688543   -0.375616653071
0.722542383232   0.436403528544   0.536175777799
0.47104280536   0.256906040236   -0.843870820674
-0.506014999722   0.86229417645   -0.0199392397753
0.244968383537   0.725244589649   0.64343669075
0.38725103091   0.535227829571   -0.750711534973
-0.888834702786   0.433072112781   -0.149737818711
0.734307085827   0.639332800434   -0.228137401345
0.501880025103   -0.285034665935   0.816622115256
0.457066235907   -0.714149010369   -0.530171336829
0.253318879381   -0.959277073446   0.124968163339
-0.908902712923   -0.280245015583   -0.308801861911
0.331248251208   -0.0353585610459   -0.942880887807
0.702770907787   0.539130497541   -0.464167381186
-0.0654228524919   0.698667405675   0.712449090523
0.708401652672   -0.470321339975   0.526274581949
-0.579743786843   -0.806308180791   -0.117321179349
-0.808052225483   0.550461339436   0.209866420978
-0.104636238585   0.216470393709   -0.970665661347
-0.968217225026   0.233610372182   -0.0893397951242
0.216818968509   0.962029627332   0.165796655655
0.124679348245   0.141156615645   -0.982104816096
0.106307978291   0.940864029192   0.321672958759
0.74998975352   0.136532419034   -0.647204966173
-0.652850659371   0.310054474561   -0.691123895914
0.711547508592   -0.365322576704   -0.600199598395
-0.602760674128   -0.756339867357   -0.25422347343
-0.361081310356   0.542668793711   -0.758373830848
-0.39291921567   -0.370133602275   0.841793090251
-0.771324925606   0.631065270576   -0.0825498849782
-0.500671898019   -0.681731428672   -0.533450944421
-0.65834579718   -0.592940894905   0.463682983442
-0.717706051099   0.308798040257   -0.624132834942
0.226889484552   -0.743683310682   -0.628853160774
-0.132343732968   -0.340012853631   0.93106197174
-0.678584063953   0.715765773317   0.164933397993
-0.722501767474   -0.60997591509   -0.325454418365
0.125776244006   0.952831742168   0.276210072502
0.223707098845   0.244009206301   -0.943617845432
-0.966506837514   0.180474860878   -0.182464662384
-0.841502570015   0.433726981909   -0.32210918922
0.540251661723   0.674193496686   -0.503578465608
-0.00125164745108   -0.597782597759   -0.801657282855
0.390561232939   -0.893190492619   -0.222873657422
-0.920521650744   -0.376265932827   -0.105184781204
0.0100902819185   0.246241124877   -0.969156073331
-0.552415533992   -0.832632854603   0.0394918609
-0.823191942349   0.537473748307   -0.182967198929
0.131118662646   -0.133583304597   -0.98232550452
0.359526454627   0.783766683341   -0.506409434171
0.924097194192   -0.223703256328   0.309840652221
0.129557341047   -0.579367448315   -0.804703831637
0.233840576514   0.966828412816   -0.102768708386
0.698663367181   -0.240600555728   -0.673781029677
-0.676156850599   0.0857566135325   -0.73174976749
0.847796939153   0.436030833341   0.301856691736
-0.193631910886   0.784410740519   -0.589242287395
-0.493707436704   0.441108719642   0.749450508313
-0.944971706127   0.0215631002144   -0.326440661651
-0.0357197304234   0.985059570667   0.16846881932
0.325196208047   0.170858640208   -0.930083194989
0.827856779989   -0.478065566159   0.293439033476
-0.118090795249   -0.659931150109   -0.741987494536
0.54836823029   0.57960692924   -0.602783619892
0.647389056832   -0.516165890253   0.560767494256
-0.736782945682   -0.612119106233   0.287160390259
0.19503409914   -0.599068420567   -0.776581435875
-0.923813487986   0.32591544056   0.20086753135
0.380952973507   0.834631652097   0.39782513408
-0.0379930457089   0.444037308043   -0.895202433907
-0.310239055126   -0.136170745411   -0.940855596711
0.903519481054   0.265545210738   -0.33636035257
0.295642136923   -0.954433479882   0.0406504271597
0.642947050605   0.724404037146   -0.24871244633
0.0587891134062   0.277093419788   0.959042791851
0.763651052601   -0.63123531858   0.135569325941
-0.289674040892   0.32319625679   -0.900906837578
0.0409142098676   0.944584089365   0.325709879441
0.956250478603   0.0574898054581   -0.286844809615
-0.916008538843   -0.392030864197   -0.0850891195039
-0.394727361353   0.918643029264   0.0168906774155
0.0715448596343   0.0490590083615   -0.996230167547
0.0754699804433   0.487126141549   -0.870064597927
-0.0615573115112   0.873164833022   0.483522359167
0.995246190521   0.0170674144195   0.095883908489
-0.015831779064   0.825312200515   0.564454717396
0.329483724726   0.537301104724   -0.776368468386
-0.94402851199   0.173687349119   -0.280433370418
0.810189001644   -0.585749090452   0.022176220319
-0.513571580088   -0.691101963416   0.508549219993
-0.282556213591   -0.423410061364   -0.860747295698
0.275772083746   -0.885931979498   0.372926652336
-0.343869819037   0.271367510331   0.89895118021
-0.897609774832   -0.376143861505   -0.229809686068
0.612912433982   -0.0219187851708   0.789846766882
-0.764694340808   0.235235444453   0.599922370698
-0.19894952484   -0.971691233151   0.127417557831
-0.730900101604   0.597983662354   0.32893856477
0.318317626868   0.725028765631   -0.610743135182
-0.603704338447   -0.341685276686   -0.720272338637
-0.816256938356   0.366215191197   0.446778518328
0.490399704641   0.848042303767   0.200829232731
-0.305340368098   0.383028308051   -0.87181223607
0.883815276023   -0.466113586779   0.0401083802151
-0.271066499502   -0.440326790737   0.855941161018
-0.381305010183   -0.767365911738   -0.515515322447
-0.438566084726   0.773087729769   -0.458252277859
0.343342903835   -0.327093852032   -0.880411983789
-0.830527205134   -0.543456505062   -0.121981915322
0.225135334628   -0.973789652093   -0.0323696710013
-0.614331651452   -0.116087160849   -0.78046165478
0.756247779599   0.195595209642   -0.624365127117
0.0337842344598   -0.99713619023   0.0676612243392
-0.837527718107   0.0086947321627   0.546325654365
-0.545349378425   -0.0751253442492   -0.834835453026
0.189748744603   0.953258112626   0.235147582574
-0.765529639797   -0.00632410700877   0.643369549676
0.614784340619   -0.302091008755   0.728547347315
-0.195817929543   0.420331464168   -0.885989163996
0.920708352214   0.38980988336   -0.0185576132097
0.337566983948   -0.819371536652   -0.463334454035
0.366055209648   0.315098777111   0.875623403129
0.774195567863   0.418977510176   -0.474424987353
-0.516357246627   0.851569496041   -0.0905791763482
0.581367367997   0.548385278595   0.601070353375
0.464005104114   -0.830294866435   0.308722688481
0.668364606216   0.0994184150259   -0.737159909486
0.834995914862   -0.412967529463   -0.363647689283
-0.482325759234   -0.231215103546   -0.844926883803
0.264846529694   0.880907144144   -0.392248544104
0.96541732863   0.154458234038   -0.21002865406
0.24002046265   -0.212065033416   0.947321803502
0.101781919305   -0.964972059605   -0.241804394851
0.330511412711   -0.21599975896   0.918752583474
-0.435899058664   0.828479871249   0.35158656608
-0.83711063556   -0.516686758995   0.179667961055
-0.567655412186   0.0559914792144   -0.821360021852
-0.743585360756   0.393326947035   0.540716860583
0.353338566407   0.917692141355   -0.18163972541
-0.72099989844   -0.354519363881   0.59537817691
-0.275662225241   0.935042571498   0.222947812965
-0.635743258307   -0.00337792301354   -0.771893195852
0.175091525558   0.636542998253   -0.75110316803
0.932042352349   0.138649956748   0.33477342023
0.317238098402   -0.758675952459   -0.569008601015
-0.318568570667   -0.0278007375775   0.947492052914
0.253876909244   0.960549052238   0.113543090337
-0.913269175161   0.276717613102   -0.298942773421
0.965406165771   0.00727196219599   0.260649292457
0.251800387417   0.233653513665   -0.939149935024
-0.0677310858417   0.972292730676   0.223739459848
-0.529494461368   0.817499431888   -0.226561879753
-0.209687512583   -0.384913028887   -0.898817611762
-0.821989509399   -0.428411754052   0.375228745965
-0.890312851888   -0.371238921006   -0.263675348264
-0.373633196173   0.926580338213   -0.0429780357217
0.260271512981   0.0602539655719   -0.963653568017
0.0704392866825   -0.891569165338   0.447373144519
-0.247670017215   -0.450075096664   -0.857958023526
0.966280430098   -0.0503669631622   -0.252517919366
0.111889701194   -0.970240835201   -0.214740346455
-0.847396983834   -0.206030853867   0.489356351686
-0.519036652343   0.127216385954   -0.845231888006
-0.104669828614   -0.994367419201   -0.0166632598614
-0.985921594471   0.101554788107   0.13283537136
-0.130394931466   0.0303325231661   -0.990998033703
0.532791757442   0.292858918855   -0.793956294039
-0.0620537022373   0.949204006582   0.308481915072
0.843968175488   -0.115088694209   0.523901050986
-0.634223206698   0.136900891961   -0.760933024649
-0.435642532677   0.74980824298   0.497999178912
0.638730385956   0.647337426892   -0.415905936704
0.411578983159   0.709028609129   -0.572609091223
0.68755819574   -0.653970853406   -0.315572255395
-0.598219414082   -0.263819165986   -0.756659089788
-0.803673888496   -0.452744273547   -0.386174709917
-0.594719876255   0.633353468946   0.495148111925
0.0204096202031   0.627603383297   -0.77826566383
0.666480107248   0.73644083678   -0.116013626468
0.644787195447   -0.491287772409   0.585564515286
0.374237545138   -0.465071201966   -0.802281149037
0.90634789701   0.0244232620028   0.421825786148
0.0219138195018   0.994267468798   -0.104651731976
-0.421963593336   0.104094691334   0.900617022455
0.930014117932   -0.039973344546   0.365343498882
-0.31277857416   0.435896110291   0.843898183788
-0.192985242948   -0.899108843678   0.39288673081
-0.869766574289   0.491624825918   -0.0425574406985
0.453340016608   0.830132903488   0.324595427869
0.194907502574   0.263029262617   -0.944895058392
-0.820523054261   -0.296298681776   -0.488824108296
-0.570964918297   0.384115637951   0.725571663476
-0.0272209431836   0.874449694347   -0.484351889137
0.406598755758   0.352200437325   -0.842990097342
-0.789987731233   0.599015544788   -0.130766057939
0.458908309764   0.71912115068   0.521792999415
-0.694719944321   -0.477337202893   -0.538064489351
-0.254752377675   0.862858159668   -0.43655128272
0.672655503237   -0.166207674642   -0.721047560064
0.929651452837   -0.35113628884   0.111586213056
0.067680342528   -0.134956192663   -0.988537403455
0.362170605543   0.926547426447   -0.101697196309
0.648995124365   0.76055921183   0.018841797531
0.758140765817   -0.648600628747   0.0673780466444
0.0634657958364   -0.029443288924   -0.997549589021
-0.274188617854   0.247025499223   0.929407878642
0.86715938923   0.481329431154   0.127892816456
-0.415758578766   0.841011522849   -0.346185532544
0.786913992098   0.568764570027   0.239318267221
0.433119806381   -0.785350150249   0.442303488222
0.439515190254   -0.244401322121   -0.864346222407
-0.437816645176   0.858994622218   -0.265414431295
0.838654515534   0.496583815228   0.22374788641
0.323998742147   -0.124630462167   -0.93781237877
-0.875475034838   0.474394098442   -0.0921612866033
0.35712164536   0.763568557015   0.53798437631
0.325588073799   0.43807910028   -0.837901610039
0.00135526605047   -0.964907382533   0.262586949554
-0.66081407667   0.196220428061   0.724446201892
-0.750548412174   -0.174502969872   -0.63735845015
-0.380965244366   -0.3486580003   0.856331175606
-0.44235454951   0.882027727305   0.16232541659
-0.8119038958   -0.316961649368   -0.490252361328
0.349287591634   0.299084360721   -0.888001533472
-0.0456792681936   0.951999585574   0.30267175871
0.935901481318   -0.0651562294416   0.34618359721
0.999999679804   0.00040062783254   0.000692740491003
-0.00039942674955   0.999998418438   -0.00173308372103
-0.000693433716966   0.00173280646702   0.999998258264
0.753558658895   -0.577713047437   0.313682932989
-0.357951151247   -0.76082333496   -0.541312134052
0.551380377732   0.295627278802   -0.78011806238
0.87361864601   0.168853969218   0.456375720689
-0.108427676304   0.981833963261   -0.155709690126
-0.474377381803   0.0865471297459   0.876056901108
