0.364465028675   -0.29123037142   -0.884505575808
-0.820786579107   0.348186742554   -0.452852496811
0.439857516057   0.891039204004   -0.112136089181
0.598726611348   0.51114884343   -0.616646823331
-0.194611128046   0.839658115598   0.507051040578
0.776951062619   -0.183578617411   0.602200911262
0.921955980259   -0.237713360339   -0.305760574274
0.137114752923   0.938684674325   -0.316339416954
0.362210870895   0.249726731657   0.898019957741
-0.139866748383   -0.989212141077   -0.0435503460684
-0.838909939965   0.141749944433   -0.525487455493
0.525991830093   -0.0369634035102   -0.849686001695
0.662739922763   0.207958788091   0.719394840982
0.266003802767   0.832639696013   -0.485750052534
-0.700012693949   0.513287715691   0.496505739374
0.350234873759   0.928620670148   0.122471156508
0.737019940802   -0.192527224626   -0.647869488893
-0.578045967085   0.317170173175   -0.751841699552
-0.835550278067   -0.506001782505   0.214051229671
-0.394965460243   0.824024438276   0.406184699784
-0.381913626408   0.254844896408   -0.888367075446
-0.971942553604   -0.145840209792   0.184548924953
-0.234966281763   0.565665485108   -0.79045139344
0.0108866398894   -0.81163612054   -0.584061887908
-0.719076839181   0.694618787077   0.0208144179049
0.618884403756   0.626477581122   0.473822683225
0.31608637133   0.353596636001   -0.880374252729
-0.410635188496   0.814444894631   0.409949089009
0.909909983139   0.337099016624   0.24171900127
0.0586733717488   0.472275096317   -0.879496258574
0.214428661828   0.158976083126   0.963715183019
0.322636239064   0.919754566345   -0.223511509614
-0.92191442457   0.358856716087   0.145930295311
0.242389947818   -0.00694479433648   -0.970154051184
0.388985947719   0.916775425537   0.090624233006
0.888784026451   -0.399342696142   0.224918574963
-0.314770749251   0.8059338639   0.501388055736
0.876695322651   0.0444176318109   0.478991007459
0.363764603361   0.590336921599   -0.720539820092
-0.614925317249   -0.782426502694   0.0983647400699
-0.169776657365   0.253165552989   0.952409097706
-0.770092683266   0.568960429786   -0.28851566425
0.14112017542   0.930482277595   -0.338064826877
0.0569702132254   0.333283577991   0.941103847323
0.988351906405   -0.152068365294   -0.00597673676621
0.795104094087   0.406561786503   -0.450018881073
-0.101594237813   0.820829632034   0.562065232885
0.597903077772   -0.401181042587   0.693949335801
-0.196482634435   0.491828136321   0.848233257241
0.86598028074   -0.31868843928   0.385377518856
0.459861639774   0.810273264394   -0.363296723454
0.294860789903   0.610774569756   0.73485477444
0.71509536555   -0.651143357246   0.254265503917
0.633794708676   0.450518316225   -0.628758708886
0.49106749262   0.813097427973   -0.312610444989
0.750000150543   -0.577170344153   -0.323069911963
-0.443116792593   -0.0758087491939   -0.893252787103
0.441207773446   0.150920468337   -0.884623486511
-0.884520191906   0.239577226952   -0.400283377667
0.15152468697   0.959075473862   0.239195536488
0.857894250719   -0.122264789528   0.499067907028
-0.495261125354   0.061966444475   0.866531348234
-0.136871736661   -0.99056119498   -0.00739234080011
-0.32734454719   -0.255399428666   -0.909734400395
-0.749914241968   0.655962830753   0.0856819372051
0.574868834707   0.710270298201   -0.406253524754
0.583307363817   0.811539142301   0.034010878121
0.479170985167   -0.377618355266   0.792338024293
0.655856452504   -0.445879578226   -0.609133577657
-0.738569644841   -0.518360916093   0.431064775163
-0.649391736921   0.375216302798   -0.661440169731
0.181122201119   -0.76844953431   -0.61374266715
0.547715601832   -0.502138892192   0.669226532991
-0.80817293897   -0.110564886999   0.578473773372
-0.216481223726   -0.85768988493   -0.466373177898
0.851865998215   -0.0110779269612   -0.523642626817
-0.194621904845   0.921495675385   -0.336107176955
0.486257786817   0.388230601293   0.782834826116
-0.0426063937966   0.966953768819   0.251366473847
-0.202713043051   0.237995126468   -0.94987669829
-0.978310849058   -0.0914260835003   0.185874026887
0.836264448905   -0.269793305438   -0.477360810959
0.423865203611   0.870353786672   0.250644320091
0.34785062982   -0.411941571545   0.842201924105
-0.911811445622   -0.41039885244   -0.0131403785575
-0.183697899607   0.379095359951   0.9069408965
-0.367226046615   0.829372949872   -0.421052895379
-0.857400117336   -0.50733807094   0.0864472125996
-0.270129051733   0.58661137993   0.763490264736
-0.438058596767   0.631264739005   -0.640007417994
0.384886076194   0.920803018697   -0.0631229681674
0.607135111201   -0.20107771404   0.768735786642
0.695161610778   -0.334199870848   -0.636443855519
-0.424641519506   -0.867014602069   -0.260701476236
-0.389082234716   -0.0852443306229   0.917250466735
-0.817492871247   0.490936944929   -0.301141696819
0.99877207942   0.0390336999882   0.0305074357695
0.0467956282803   -0.54116725803   -0.839611915119
-0.0162635342364   0.840008552993   -0.542329354132
0.190535680743   -0.7534876871   0.629247534562
-0.60547068258   0.4143516549   0.679498313918
-0.77272337023   -0.510459608069   -0.377265929591
-0.481816807595   0.860556591051   -0.165211735411
0.876193764031   0.470614633089   -0.103953619441
-0.0117069121305   -0.194844093369   -0.980764358798
-0.741675657381   -0.201091848527   -0.63990568657
-0.427923291509   0.876495391747   0.220539077787
0.516525774606   0.437399013148   -0.736127181583
0.593720157455   0.80433034742   -0.0234321755395
0.422961490213   -0.287173351817   0.859438795844
0.684543608858   -0.520177045077   -0.510701370026
-0.0664226226248   0.657478857623   -0.750539530594
0.101428600099   0.752753402923   0.650441814054
0.992622926537   -0.0329221227535   -0.116687015336
-0.898046985547   -0.322240487907   0.299453969256
-0.271305591222   0.941572013224   0.199588126114
-0.346272851839   0.097995978835   -0.933001554238
-0.295473861233   -0.551613923753   -0.780011074569
-0.91140474372   -0.0820245709777   0.40325347225
-0.286420303844   0.830056654017   -0.478507430108
-0.438790430917   0.579251539751   0.686972060155
0.861928500246   0.487456106924   0.139519906419
-0.254051605389   0.653340797379   -0.713164486133
0.6544738887   -0.744489771464   -0.131904924834
-0.177912095391   -0.321199985772   0.930149372657
-0.734854553857   -0.585290995424   -0.342670738977
0.00645335932288   0.875215317259   -0.483690502892
-0.104226949215   0.481654715545   0.870141067903
0.994532602387   0.0447982525079   0.0943293133731
-0.145244352571   0.490768548229   -0.859098545055
0.869293543555   0.477949977071   0.126065675549
0.472475198482   -0.728498491067   -0.496041465336
0.354858510853   0.89508695631   -0.269990329305
0.672225876457   -0.0435771531407   0.739062516128
0.649759808158   -0.443757109652   -0.617164337381
-0.324715764937   -0.945667070624   -0.0165367330495
-0.0981610153224   0.0163057054431   0.995036953606
-0.940704037981   0.324727448037   -0.0981223594256
-0.0465780857847   0.69670485736   -0.715844133632
-0.512112643651   0.598626965903   0.61594350058
0.857654430489   0.395282300925   0.328908468176
-0.0777557750033   -0.0407805658366   -0.996138035065
-0.576404905014   0.817082713685   0.0115422906274
0.813456467753   0.575076329235   -0.0870390178218
0.215453676219   -0.58565354321   0.781402355211
-0.897443756551   0.19667787583   0.394857590768
-0.384934302489   -0.786338184552   -0.483216144477
0.0480485051316   -0.789870713297   0.611388254246
-0.92192410619   -0.270618588151   -0.277166957216
0.384379088375   -0.550336111865   -0.741203669984
0.512241276977   -0.429375999415   0.743804493995
0.647179388407   0.762316918971   -0.0056350928644
-0.564595176549   0.484261464683   0.668373488733
-0.305118825374   0.725855140644   -0.616471262268
0.726878104384   -0.24072030366   -0.643196670368
-0.615264759083   -0.644350875072   -0.454159912392
-0.839154252731   -0.543034575585   0.0305547024575
-0.499532878144   0.791716521441   0.351641654714
-0.215144239469   0.279818511531   -0.935635910399
-0.330772463568   0.721258451428   -0.60858509971
0.775561140705   0.575179147   0.260142010995
0.53767508253   -0.385947140293   -0.749633450779
0.225157337583   0.445658628256   -0.866425161449
0.860290275747   -0.508391132151   -0.0379354478608
-0.45738912841   -0.736835696617   -0.497863777957
-0.088983464808   -0.962006842561   -0.258117759671
-0.517156824054   0.266100399298   -0.813473660808
0.851252466854   0.0611016559546   -0.521186938933
-0.500331476204   0.794445391082   0.344274504588
0.59557133327   0.0271696069177   0.802842823626
0.628460978031   0.606727560812   -0.486742710314
0.218126846089   -0.916952776956   -0.334093226285
-0.294722115192   0.264460009844   -0.918259101785
0.930354531258   0.298761624087   -0.212560434092
0.69618292758   -0.589474350843   0.4096941799
-0.568124620285   -0.103556600714   0.81640091026
-0.438820860001   -0.801121726173   -0.406989229196
-0.427065258841   0.646090384091   -0.63259977891
0.814383289936   -0.0291842197645   -0.579593080005
-0.392931446648   -0.762702757896   -0.513701646224
-0.422861026692   -0.766645619348   -0.483159442048
-0.556330701437   -0.20124545948   0.806223551925
-0.715321398215   0.60971695021   -0.341409633553
0.337811306067   -0.93781185275   -0.0799528006711
-0.93149052849   -0.345291753546   0.114450863983
-0.134940419545   0.035812480709   -0.990206316582
-0.250866899299   -0.851209616301   -0.460985886934
-0.854074625064   0.418786304412   -0.30850375372
0.455655937807   0.316322968425   -0.83205615555
0.932268162158   0.359644184806   0.0391424853778
0.328268928418   -0.795504001598   -0.509325921269
-0.152038102005   0.487677602291   -0.859683064717
0.774249478559   -0.19241644485   -0.602920937356
0.470430924326   0.812247466539   0.344889545418
0.423358583695   -0.550663204556   0.719400823435
-0.908270050542   -0.125506573676   0.39911604234
-0.371352900392   0.681258183985   -0.630859976639
-0.192723996066   -0.721204122782   -0.665373635352
0.65323293749   0.747610304439   -0.119856422753
0.401525262749   -0.476251839195   -0.782279776702
-0.641922263792   0.462885534836   -0.611287811826
0.669919045725   0.736162776483   0.0962955798396
0.542326928566   -0.573802557583   0.613703615325
0.507040407391   -0.358908054288   -0.783642159305
-0.904841700113   0.264305581911   0.333772463075
0.40949456211   0.325734472922   0.852180295919
0.11651481167   0.907766276373   -0.402969832792
-0.319811499563   0.292253791327   -0.901281491102
-0.905270374961   0.186510733535   0.381705769532
0.279653630344   0.937977327941   0.204920421882
0.524835348422   -0.00875024454343   0.851158792628
0.785316963335   0.390725448214   -0.480219628103
-0.328367361571   0.920465674177   0.211938242224
0.956014333206   -0.264099084227   0.127625500646
-0.190933264448   -0.230008893592   0.954274801824
-0.222668101065   -0.936668341826   -0.270317099328
0.243336012891   -0.953668207654   0.176930875032
-0.947549436188   -0.272699819105   -0.166687955894
0.20721402175   -0.127089568297   -0.97000545917
0.390409039701   -0.689345105193   -0.610232830702
-0.215752262289   0.575869614443   -0.788558906156
0.895003767052   0.439519639047   0.0760969372243
-0.0677271028172   0.164225539635   -0.98409502167
0.827499039833   0.560276288107   0.0365488722279
0.55736736415   -0.811862336309   -0.173842366135
0.841183083469   0.538121515861   -0.053256494933
0.455409114875   -0.758086840925   -0.466804969667
-0.291570845891   0.368414950545   -0.88275526962
-0.257772472819   0.698462986208   -0.667609773112
-0.126412423994   0.660641223926   0.739981805391
0.957900439147   0.275141109517   -0.082000722781
0.218088319139   -0.260156235041   -0.940614808742
-0.611442820839   0.714775523405   -0.339460790056
0.760641283326   0.649164605097   -0.00318646975116
0.455066122432   -0.883984746557   -0.10717178765
-0.783245058771   -0.340110384983   -0.520434533767
0.423605951475   0.320773898378   -0.847149398864
0.618209235125   -0.656997651175   0.431475871813
-0.775778163155   -0.598307725455   0.200489668642
0.126434106071   -0.458674123982   -0.879563792349
-0.540522960767   0.106785141288   0.834524932212
0.0505540069485   0.994242471635   -0.0944785688842
-0.83980903857   -0.00887925656062   -0.542809301264
-0.440927948463   -0.606857313281   -0.661291725021
-0.89733341653   0.282153687002   0.33938479119
-0.0193722441516   0.743043402654   -0.668962792634
0.439812858058   0.894828377616   -0.0764645309924
0.558678710304   -0.339265064435   -0.756820530051
-0.703166231087   0.2901402948   -0.649134701578
-0.47559387927   -0.622426250159   0.621607613466
-0.879584301633   0.346055781608   -0.326461103867
-0.0119129478294   -0.702019201398   -0.712058370183
-0.0478373918896   0.039960261566   0.998055490158
0.367720682848   0.929729722452   -0.0195995560133
-0.928705057241   0.366068054719   -0.0591700597542
0.18417897314   -0.741796780851   -0.644837686376
-0.871304198807   0.180396463586   -0.456383730064
0.454870420004   0.64590607045   -0.613105414396
-0.0778011066434   -0.405047803459   -0.910979288852
-0.0997253438532   0.912327907575   -0.397130513627
0.991968670674   0.0599505293819   -0.111373652308
0.28294193898   0.819522519237   0.498323890286
0.875977219182   -0.432406467051   0.213748821579
0.39065044559   0.376041869632   -0.840228981673
0.709536014008   -0.699747431091   -0.0831395063011
-0.122089674518   -0.238273681644   0.963493520483
-0.694012072087   -0.673482876783   -0.254495694424
0.995607179224   -0.0924587322502   -0.0147555924545
-0.0404281665714   -0.282375155221   -0.958451790682
0.0844506247797   0.954838025292   -0.284872668801
0.386321915901   -0.287411158103   0.87644178557
-0.31805327903   0.850423852035   0.419072050594
-0.865792982758   -0.440651901265   0.237125310582
-0.454198965426   -0.798522731689   0.395050309179
-0.337386160024   0.564571921766   0.753278915262
-0.824544649386   0.208853997158   -0.525838500911
-0.756280415227   -0.280502165583   -0.591065536677
-0.165844224873   0.95611355473   -0.241542053353
0.632878840395   -0.0846487186254   -0.769609620402
-0.485665321675   -0.399853534413   0.777332841412
-0.619015307111   0.785191757413   0.0171450766422
-0.617210859336   -0.472854158392   -0.628855865845
-0.334135331515   0.295748743494   0.894922488798
-0.679637709133   0.582254626252   -0.44617500438
-0.653028456163   -0.757305903139   0.00645015593815
0.239351015076   0.679068603359   0.693957436385
-0.552347564994   0.683041049212   -0.477877696212
-0.7985131552   -0.268925188527   0.538568457997
-0.682007220809   0.455332208633   -0.572309995146
0.213307951777   0.872364616476   0.43986326697
0.699546902266   0.177911651397   -0.692084948416
-0.070159318533   -0.962007863474   -0.263853255877
-0.644227478311   -0.158250667293   0.748283156626
-0.761609234589   0.222480554017   -0.608649141027
-0.207868802214   -0.972125315757   0.108457049244
-0.529762109377   0.205095433592   0.822975072884
-0.822278948128   0.113614407468   -0.557628099974
0.967464984874   0.252905457867   -0.00709453479866
0.23769733203   -0.918178510778   -0.316935641245
-0.0866688028596   0.304937783369   -0.948420511632
-0.268695782883   0.819516041547   -0.506158111571
0.735571370847   -0.164687490278   -0.657124637294
-0.621882090636   -0.548882034862   -0.558561703981
0.700829169057   -0.0450804553813   -0.711903243666
0.517381569019   0.719175132599   0.463792454328
0.491075134617   -0.693364897579   0.527342707322
-0.621734200139   0.677214687766   -0.393480432867
-0.295170299351   0.262747273017   0.918606752045
0.725479895487   0.687272971384   0.0365346964851
-0.838289020771   -0.402921694513   0.367322236934
-0.451399106279   0.135033356534   -0.882045826176
0.305794644338   -0.905218261368   -0.295075473023
-0.393256267185   -0.919427047243   -0.00184746230511
-0.848787737658   0.363813426827   -0.383665436106
0.35342451064   -0.1493107339   -0.923470313557
-0.734423348881   -0.552009984545   0.39485101188
-0.114158049752   0.673967895019   0.72988712563
-0.669021886261   0.490970725651   -0.557994141777
0.942110410911   -0.203807871935   0.266252370864
0.142966490435   0.962431707515   0.230837152519
-0.303296152739   -0.17940891758   0.935854627614
0.732832351694   -0.190788506137   -0.653112923035
-0.404900448514   0.649140140743   -0.643950855632
0.546820236552   0.736353735375   0.398460544214
0.693269098872   -0.715426946219   -0.0868460774764
-0.691960964843   -0.694471610437   0.197228814908
-0.201414944041   -0.0766385472194   -0.97650322754
0.694543679309   -0.680972397097   -0.232132875579
-0.719252804089   -0.664781120096   -0.201845153954
-0.0168665747083   0.30715249756   -0.951510831205
0.469023327615   0.182718112611   -0.864078242682
-0.758343644279   0.58479811572   -0.287968888998
0.452694196267   0.790332370066   0.412847077612
-0.505118184472   0.767079026794   0.395531776684
0.438534253227   0.622843631932   -0.647883877641
-0.743332582671   -0.153803695708   -0.651000072753
0.820923582686   0.309877482382   0.479646137587
0.501760310766   0.00956787534913   -0.864953782755
-0.272618895033   0.95072835325   -0.147629727349
-0.971024020661   -0.222235845847   -0.0878839013713
-0.223448958721   0.713875800915   0.663665505895
-0.0847520745829   0.664072714158   -0.742848918802
0.256401283199   0.214857073957   0.942387828733
0.945540696459   -0.258027029779   -0.198430953337
0.200527238332   0.941943994977   -0.269314568883
0.433443357882   0.888151033348   -0.152691183347
0.708156640344   -0.440469276185   -0.551816083014
-0.557351799356   0.131051740546   -0.819868534007
0.594324462634   0.722871522374   0.352470133848
0.799344031846   -0.579176108367   -0.160012981507
0.0884734528963   0.376844527144   -0.922041566577
0.135314398215   0.984550716978   0.111130100937
0.977923662043   -0.114687069921   -0.174677380362
-0.159233554419   0.132313119876   -0.978334254463
-0.142995773179   -0.928659288349   -0.342263253967
-0.592525879856   0.35732248863   -0.721965179784
0.792758027745   0.0995618666073   -0.601350267451
0.209929396179   0.966698531269   0.146368023359
0.290750002163   0.0812068024668   -0.953346679585
-0.933484914105   0.242691995903   -0.26401990505
0.417840582133   0.168792327917   0.892702860956
0.244525865215   0.925437414851   -0.289435126471
-0.874995056651   0.33922668119   0.345411218123
0.998294737719   0.00294148132785   0.0583006374789
0.00451641374508   0.991843998172   -0.127377726848
-0.0581998165782   0.127423824215   0.990139359067
0.864037281184   0.470854483385   0.178144975231
0.491497361536   -0.712398560995   -0.500917791554
-0.108949163958   0.520369432008   -0.846962652013
0.97594497789   -0.0679829459258   -0.207146612799
-0.0520778090176   0.849940869154   -0.524298026651
0.211705696519   0.522473767768   0.82595511988
