0.36538806843   -0.294353714191   -0.8830897182
-0.82010183095   0.347008964089   -0.454992050165
0.440368648204   0.89047216115   -0.114607084839
0.596886962673   0.526188071565   -0.605683140869
-0.216373477182   0.832508540682   0.510011811691
0.77259851939   -0.173365633947   0.610766636943
0.921882238888   -0.240042727215   -0.304158884031
0.139826848393   0.938190760995   -0.316617353364
0.361360747857   0.249354336425   0.898465817276
-0.134521833806   -0.989703210221   -0.0489022689464
-0.841616140689   0.140164989139   -0.521570750284
0.523054631909   -0.0290057149261   -0.851805447588
0.660317891035   0.206570977793   0.722017114695
0.268272129696   0.83310486242   -0.483700684971
-0.701434492457   0.513093285228   0.494696809618
0.356780530037   0.928042288795   0.106982071368
0.726244048079   -0.203506650331   -0.656623656214
-0.587602957801   0.311965628681   -0.746592399175
-0.838590964845   -0.491385785082   0.235170584683
-0.403197983768   0.85015415013   0.33862856776
-0.366328513176   0.189150551776   -0.911057346821
-0.971512114056   -0.147445047231   0.185537517202
-0.236758478626   0.569253638982   -0.787334565038
0.010470675294   -0.808832648051   -0.587945671305
-0.713561940107   0.699886973675   0.0314258128257
0.62021361322   0.610198063007   0.492943605171
0.325828837901   0.37123651219   -0.869493542477
-0.402694146277   0.815220245818   0.416237162399
0.912887413491   0.324460887992   0.247712943653
0.0668879274902   0.479730218947   -0.87486280192
0.212787195691   0.153652540125   0.964941711329
0.323306619236   0.920858430517   -0.217927925937
-0.92205988922   0.358344314673   0.146269999773
0.241626767746   -0.018025589714   -0.970201826026
0.392656150257   0.916131805376   0.0807691948958
0.887376838087   -0.400471713475   0.228439825626
-0.312428038219   0.808312661473   0.499018398696
0.878336691115   0.0457232407562   0.4758508614
0.361819537858   0.586975320228   -0.724255890875
-0.613580466923   -0.784900591417   0.0863138007709
-0.156312573999   0.227879963892   0.961060404588
-0.774006065752   0.576195959418   -0.262512526425
0.123619676286   0.925241925737   -0.358671931567
0.0555384722067   0.354426824246   0.933432967256
0.990774269821   -0.135310772349   -0.0075723936968
0.793536162911   0.404516021151   -0.454606584625
-0.096599172175   0.821330377443   0.56221438173
0.600806922469   -0.402222823472   0.690831268974
-0.195942509668   0.489849148396   0.849502410073
0.865406063019   -0.321027778642   0.384725241476
0.461171203561   0.810548565575   -0.361015434366
0.291882719412   0.61136930052   0.735548813125
0.716621691801   -0.64911419902   0.255155065538
0.633449152615   0.452634880463   -0.627585720073
0.5028737991   0.803898800129   -0.317591973026
0.74011244226   -0.590266362724   -0.322209859951
-0.446487978552   -0.0730228744174   -0.891804992597
0.441781778275   0.884574143412   0.14952406225
-0.15323562243   0.238625721397   -0.958945571504
-0.883938744712   0.4007322671   0.240968764992
0.85634280315   -0.118800292613   0.502556955945
-0.498972754009   0.0603895526656   0.864511013629
-0.133053351145   -0.991080013119   -0.00756395037138
-0.315948623681   -0.258123022098   -0.912989032057
-0.763205328722   0.640810537256   0.0829426401283
0.563643587211   0.723003707324   -0.399464073218
0.564416904271   0.82528054171   0.0185899340339
0.49491174547   -0.356326729505   0.792523580744
0.66067838043   -0.438113329304   -0.609557862977
-0.744839998146   -0.507874993783   0.432754396687
-0.641709483831   0.367541280769   -0.673143629022
0.182817711188   -0.779086899916   -0.599667646998
0.561717294906   -0.495316487477   0.662672813564
-0.800386465996   -0.122598298352   0.586814418954
-0.20941629749   -0.860018159386   -0.465310197472
0.853111265101   -0.0162471103   -0.521475982922
-0.190544572161   0.920768116733   -0.340409813647
0.485689134506   0.389771864831   0.78242185425
-0.0338704353294   -0.223251881448   0.974172156778
0.975714840389   0.203676377964   0.080600764908
-0.216410128818   0.953244213457   0.210931566285
0.836953886393   -0.272488439218   0.474613782506
0.426232149302   0.868514890126   -0.25299810381
-0.343270078733   0.414043398839   0.843050245789
-0.911421785664   -0.411335653521   -0.0106446587199
-0.190761927974   0.399478557309   0.896675397837
-0.364582247857   0.819280087878   -0.442560642347
-0.848972860963   -0.522829313741   0.0767762335672
-0.284805765572   0.575088670217   0.766915052196
-0.445118812504   0.629223752   -0.637139476625
0.364139460814   0.92882625576   -0.0684415056117
0.610944463283   -0.182756646615   0.770290121254
0.702957549118   -0.322306988336   -0.634010165067
-0.426724248701   -0.867717551097   -0.254897365795
-0.390852542059   -0.0772229398829   0.917208214051
-0.815561589297   0.491022269428   -0.306196709631
0.998644713823   0.0431547311626   0.0290930357873
0.0478587058903   -0.541774146618   -0.83916048425
-0.0204518904638   0.839415536689   -0.543105217193
0.189735568509   -0.75192612895   0.631353712783
-0.608647367537   0.414495982693   0.676565933462
-0.770421180934   -0.512640397289   -0.379013228047
-0.474006276431   0.865802898986   -0.160322768225
0.880518855079   0.465638234669   -0.088699381416
-0.00214377079482   -0.183211283827   -0.983071223119
-0.74381645697   -0.196932902983   -0.638713167284
-0.425311969179   0.876630087499   0.225009818819
0.515603342904   0.439018361136   -0.735809806521
0.583674487821   0.811487185928   -0.0285068297291
0.428107284461   -0.277711618292   0.860000238406
0.689962495545   -0.514164180141   -0.509496762111
-0.0655430393446   0.551872078453   -0.831349095758
0.235332346248   0.818188377217   0.5245821825
0.969702426935   -0.161260622628   -0.18349990405
-0.899261936694   -0.32072411534   0.297429001701
-0.262328500311   0.939562603515   0.220013345049
-0.350016752653   0.119825522802   -0.929047962673
-0.290325914897   -0.560635319294   -0.775499130817
-0.914569676393   -0.0758796983802   0.39724624403
-0.281554915001   0.824578868352   -0.490710219686
-0.429222921625   0.575272644832   0.696296680776
0.871704685787   0.46565482472   0.152631992032
-0.236428899098   0.672478228884   -0.70133758444
0.655216287675   -0.743802133876   -0.132098455729
-0.178345144204   -0.322220561916   0.929713353146
-0.734087614597   -0.585604213714   -0.343777659217
0.00453794828312   0.873862091622   -0.486152704252
-0.10301026659   0.483979939791   0.868994995876
0.994669941238   0.0461352653185   0.0922130429572
-0.140904730764   0.515976382316   -0.844934452926
0.858054159457   0.489371417373   0.155751967232
0.493851107406   -0.703053332793   -0.511690428836
0.352258807114   0.898191088581   -0.262995249397
0.666702320661   -0.0436108848444   0.74404711299
0.656827030835   -0.437436691554   -0.614188401426
-0.326826942891   -0.945013217269   -0.0115831164988
-0.103741479608   0.0236908452055   0.994322105387
-0.939373117993   0.326172903597   -0.105779875921
-0.0480442089467   0.708737372578   -0.703834562023
-0.529606480364   0.579368498324   0.619555581934
0.846881768574   0.402521402984   0.347516604203
-0.0758921280727   -0.0151682460375   -0.997000656574
-0.601098543893   0.79846793091   0.0336080918578
0.795563275564   0.601846232539   -0.0697150410811
0.206662787173   -0.60551427749   0.768532987031
-0.888182503571   0.21336861805   0.40694676947
-0.410392900461   -0.766698306107   -0.493711833627
0.039643957821   -0.784168238261   0.619280655851
-0.919209876881   -0.271616715846   -0.285092198976
0.391767225343   -0.557946712308   -0.731583151373
0.510942968172   -0.43374565707   0.742160352113
0.647908625925   0.761717558591   -0.000879423805734
-0.564935125238   0.481301429363   0.670221782969
-0.29501252938   -0.716757727918   0.631843308882
-0.717145719342   -0.270880844254   -0.642125833031
0.631402902067   -0.642558890442   -0.434106493358
-0.84500627562   0.492256336057   0.208921262141
0.533271359133   0.804784582089   0.260659613213
-0.0398252644832   0.33167073438   -0.942554227758
-0.33536595374   -0.775784513274   0.534497956999
-0.716581590442   0.578377355201   0.389859537822
-0.611588506524   -0.252265780388   -0.74988097371
0.201877978639   0.425685105658   -0.882064324503
0.856459026563   -0.51360459589   -0.0518483837617
-0.475103375656   -0.74498490582   -0.468267308852
-0.0919405381179   -0.960055122017   -0.264274667986
-0.521697548073   0.272500357758   -0.808439993664
0.848161898334   0.0635430382526   -0.525912232701
-0.502214516071   0.788028664991   0.356077804701
0.582548260204   0.00399609091231   0.812786291586
0.639075977002   0.615625579724   -0.461071622645
0.220140143587   -0.919695287892   -0.32511366414
-0.287779499262   0.25722404055   -0.922506776543
0.932052185764   0.296641821717   -0.208044112202
0.682856028653   -0.596599336578   0.421635951653
-0.57883050561   -0.0897132482399   0.810497858643
-0.445716153967   -0.797509100064   -0.406591128049
-0.415295565434   0.645302952662   -0.641181481811
0.814708573809   -0.0497253327718   -0.577734654528
-0.404696840972   -0.762306690622   -0.505083138048
-0.423519876592   -0.759439713447   -0.493844343666
-0.546574046166   -0.220517098306   0.807854579372
-0.722417971945   0.612064972853   -0.321696662737
0.349354609192   -0.934419475141   -0.0693657084863
-0.928708565506   -0.355137691847   0.106665927945
-0.124305098011   0.0271562940524   -0.991872359884
-0.272795149965   -0.826325264002   -0.492716312118
-0.859873489963   0.439120395479   -0.260366778858
0.431509429114   0.352646900378   -0.830325102739
0.930384261421   0.363352609203   0.0485799082533
0.336271577097   -0.793153629176   -0.507768398939
-0.145967642089   0.488755769184   -0.860122808413
0.771452452856   -0.191000403165   -0.606943126638
0.469857112463   0.814228518505   0.340978318256
0.429063406562   -0.548225104901   0.717881485697
-0.906480999093   -0.133676656587   0.400528088612
-0.37541478478   0.689339314498   -0.61957650767
-0.193276841995   -0.711998497871   -0.675057183783
0.650205449371   0.750659867023   -0.117228996622
0.404864819677   -0.472900880146   -0.782591359104
-0.64289762124   0.461383269742   -0.611398500985
0.66710937345   0.740328250057   0.0829407380199
0.55255921448   -0.56641163327   0.611437794211
0.499643271093   -0.362066214751   -0.786933706094
-0.887159146046   0.291292597775   0.357906792431
0.438452252978   0.29022016361   0.850606770778
0.143903688088   0.911548615882   -0.385189368284
-0.306841702898   0.241844465277   -0.920521278395
-0.902902956672   0.231931618024   0.361903268005
0.301022291857   0.942188398982   0.147195790123
0.52183838414   0.00329481365525   0.853038009143
0.781154003727   0.399957030785   -0.479408798405
-0.342758111939   0.916527968875   0.206139173792
0.954364910337   -0.26821037635   0.131342346314
-0.195161099168   -0.227220145638   0.954087601213
-0.226052567535   -0.936180644659   -0.269195165775
0.230304451299   0.957276489712   -0.174875904446
0.95149415249   -0.25919477849   -0.165761710241
-0.204006709424   -0.128217740768   -0.970536693517
0.390711047693   -0.667596667386   -0.633766176839
-0.2477697202   0.586811982601   -0.77088381928
0.88654105543   0.458220892989   0.063863685036
-0.069649168863   0.17035734792   -0.982917782567
0.821241507347   0.569145117133   0.0404502441804
0.566313852813   -0.804395555466   -0.179545009564
0.847611094493   0.527083715524   -0.0611407337379
0.442603667288   -0.765862465311   -0.466429713816
-0.292672899661   0.368289887258   -0.882442707912
-0.259215984466   0.689214637798   -0.676601992638
-0.118820356794   0.67246841909   0.730525802514
0.958482548724   0.269758055249   -0.0924218341061
0.211445281782   -0.269462485779   -0.939510969372
-0.597683786886   0.72492437467   -0.34243063809
0.773346612914   0.633935816757   -0.00777152025128
0.457663529624   -0.882596362229   -0.107553498468
-0.782927357701   -0.342710374657   -0.51920550042
0.421389186164   0.321827998289   -0.8478548775
0.620329469127   -0.653737893607   0.433379875163
-0.773541260471   -0.601294369435   0.200197401669
0.129712251089   -0.459425562794   -0.878693851219
-0.540348583409   0.110307508505   0.834179634117
0.0545224852382   0.993876577426   -0.096107478624
-0.83967297623   -0.0064499931424   -0.5430540402
-0.441952160572   -0.60707629146   -0.660406438576
-0.896911423731   0.286653900951   0.336718634841
-0.0151058182734   0.741139607238   -0.671180971748
0.438957733758   0.894954291051   -0.0798306012939
0.556166224474   -0.340416559739   -0.75815281877
-0.705687777086   0.288397959051   -0.647171830728
-0.475260589615   -0.63573017582   0.608255304548
-0.879430682046   0.364452186873   -0.306229128202
-0.027000878407   -0.680457013364   -0.732290383338
-0.0501502741147   0.0350497763716   0.998126476546
0.368143855016   0.929661188036   -0.0141484088751
-0.928415344563   0.366744582286   -0.0595261232046
0.17245598567   -0.742562293468   -0.647194077017
-0.870168404407   0.193046956673   -0.453364996984
0.461590598884   0.641353344763   -0.612862142887
-0.0769579538122   -0.40371393442   -0.911642765835
-0.105769315886   0.912500618249   -0.395165121831
0.991408253527   0.0660127324807   -0.11292472709
0.282582482914   0.821722591412   0.494893042095
0.877750933599   -0.429602380968   0.212120467738
0.386911409649   0.37445130128   -0.84266587925
0.708608944406   -0.118758259462   0.695535649493
-0.700281339536   -0.239183920689   0.672604711238
0.0864835788126   -0.963684350756   -0.252652058576
0.99636820775   -0.0727020903616   0.0443260718066
-0.0632250951482   -0.28298719192   0.957037531423
-0.0570349184995   -0.956364290041   -0.28655603781
0.387387169152   -0.293083529858   0.874089941426
-0.312023134351   0.850486771553   0.423454619815
-0.867509507041   -0.436777169663   0.23801882122
-0.45660515535   -0.792578674155   0.404142026251
-0.34307743482   0.575988719286   0.741980369668
-0.820859065751   0.20014005229   -0.534915277071
-0.755329430066   0.16722877917   -0.633649735654
0.284788332678   0.954584134409   -0.0875484774588
0.590231359424   -0.246583993301   -0.768650295388
-0.499126504027   -0.383941265448   0.776828061842
-0.603454687779   0.797371895106   0.00636401545358
-0.621864271989   -0.465604086732   -0.62968060288
-0.335921940164   0.291982658804   0.895490132315
-0.672810269815   0.590959551773   -0.445076565323
-0.659153086124   -0.752005940885   -0.00206734773887
0.677095539595   0.272371378512   0.683634012048
0.476894661335   0.54510770134   -0.689513651736
-0.560457948691   0.792888028733   0.239197536863
-0.686251952877   0.440739530344   -0.578625028462
0.206564692296   0.880847527836   0.425956172159
0.69741614913   0.172789754025   -0.695524561633
-0.0321440695297   -0.964208408807   -0.26318986147
-0.65288508097   -0.179125240359   0.735972295207
-0.756774622883   0.195489878645   -0.623759470875
-0.205837685593   0.534197705657   0.8199168607
0.971936177707   0.209112355269   0.107759404873
-0.11388991902   0.819087806126   -0.562249279414
0.979424388105   -0.192522720076   -0.0605216509943
-0.201781398413   -0.929028774886   -0.310144809223
0.00348356701176   0.315975533369   -0.948760943058
-0.262494360869   0.816019020003   -0.514985115811
0.730433085912   -0.180704037269   -0.658645244362
-0.630526936394   -0.549052829798   -0.548613500174
0.704096455752   -0.037679383735   -0.709103973363
0.512421938048   0.718279280694   0.470636412035
0.491601401955   -0.694733861969   0.525045638615
-0.619953078711   0.682949262968   -0.38631397128
-0.293833917025   0.25444644877   0.921367805989
0.727543682125   0.684716955332   0.0429287977865
-0.846075648913   -0.39492377711   0.358037996013
-0.4436016718   0.149180393063   -0.883720978082
0.295590177599   -0.906521053588   -0.301406745626
-0.388363535358   -0.92147580456   -0.00749039486662
-0.854002616405   0.362956373593   -0.372749516487
0.346198347162   -0.138365503212   -0.927901768477
-0.734497558864   -0.55409134442   0.391785806357
-0.109184527054   0.666304755445   0.73764267225
-0.66977016586   0.499019794108   -0.549897417719
0.943089480159   -0.201086173431   0.264852002575
0.140398445839   0.962762385836   0.231034336895
-0.30144735663   -0.180701243143   0.936203264205
0.719323287322   -0.189815917048   -0.668239422627
-0.408385841853   0.662615115099   -0.627823393493
0.561956415117   0.724507506433   0.399116349741
0.690921418509   -0.714799115736   -0.108119459807
-0.687737833738   -0.695989249296   0.206435551469
-0.222809931312   -0.0682729009797   -0.972468274804
0.660864051819   -0.715596484846   -0.226230802255
-0.750505596092   -0.630030070358   -0.199508046651
0.000235048620076   0.301635179181   -0.953423391486
0.47126140397   0.18198697758   -0.863014153487
-0.759415732524   0.581348414287   -0.292098898321
0.448553713977   0.79304146247   0.412170843802
-0.508251155711   0.751993948689   0.419744998606
0.455960024311   0.648440481399   -0.6096108581
-0.730603325307   -0.118448483395   -0.672449803207
0.820233099514   0.309385201282   0.481142868272
0.503284036678   0.00947192732531   -0.864069129768
-0.271887551916   0.950889625467   -0.147939444681
-0.968021009924   -0.234113559418   0.0901452474755
-0.236172440121   0.729261850407   -0.64218356571
0.0846043903886   -0.642937006897   -0.761231963523
0.253256544378   0.18417725315   0.949705144849
0.939026371922   -0.282816125379   -0.195562041462
0.232573849701   0.941325543395   -0.244572332424
0.428419918282   0.872877073037   -0.233542263808
0.654484431945   -0.477970735079   -0.585827709097
-0.622981943526   0.0981304833952   -0.776056638568
0.600080458204   0.72346738895   0.34131859136
0.795997406506   -0.582347906175   -0.165103134462
0.07931943342   0.370763878093   -0.925333763667
0.15476478411   0.981007931194   0.116924336792
0.976580192899   -0.134003647167   -0.168327506321
-0.149462331167   0.140237161554   -0.978771960204
-0.128245159058   -0.937816991357   -0.322571650799
-0.58609861739   0.334050135495   -0.738172688243
0.800025993247   0.0943917247266   -0.59249355476
0.177097001119   0.969303235108   0.17055172413
0.292308205606   0.113668860282   -0.949544787325
-0.939783254335   0.218015202707   -0.263204875066
0.417900963049   0.163500780222   0.893658928199
0.248064899768   0.925756225867   -0.285375569682
-0.873969444881   0.340944137852   0.346315613681
0.998200291256   0.00356424202932   0.0598621309001
0.00422106337592   0.991580138149   -0.129425701668
-0.0598194045533   0.129445454949   0.989780537812
0.866151337253   -0.488299114456   0.106516833394
-0.466595852099   -0.713691909431   0.522429104489
-0.179081466876   -0.502202980113   -0.846003543129
0.973968893195   -0.0744835341381   -0.214095301749
-0.0498917773406   0.850878087285   -0.522988805933
0.221123055429   0.520056423593   0.825012673016
