-0.498767669009   -0.810584931015   -0.306892297007
-0.0883629603008   0.399788124725   -0.912338447384
0.862219693349   -0.427927008892   -0.271027075146
-0.186759856429   -0.858075491598   0.478358868157
0.691667037727   0.230940305642   0.684297657567
-0.697651392136   0.458664393591   0.550372155094
0.788816654358   0.194393788366   -0.583077474143
0.280895849459   0.72977948568   0.623313263165
0.546686205757   -0.655463925266   0.521057804001
0.954249566109   -0.159102144871   0.253168467781
0.0495838089533   0.9191611018   0.390748403488
-0.294871516887   -0.360318437546   0.884997972932
-0.609999396768   0.756989813757   -0.234237396269
0.267388786147   -0.081626234567   -0.960125197499
-0.74592491109   -0.648308244355   -0.152618633579
0.542344645741   -0.747954847444   0.382656283655
0.562760438006   0.661595875694   0.495571979312
-0.623829283259   -0.0534269917631   0.779732378384
0.241559407212   -0.952994642972   -0.182894131271
-0.775586950882   -0.0763355519726   -0.626608143202
0.583192879251   0.293213393233   -0.757569780033
0.946681610487   -0.182503885161   0.265492486272
-0.0886437669715   -0.939821447946   -0.329966556726
0.309735711442   0.288839017242   -0.90588951378
-0.994957578982   0.0826755115468   0.0567818264588
-0.0932452675686   -0.553965996447   -0.827301030373
-0.036942334815   -0.828424066871   0.558881766859
-0.986362580113   0.00232562385728   -0.164570507768
-0.00161966204339   0.999714594573   0.0238349762473
0.164578969641   0.0237764772731   -0.986077300155
-0.868295258896   -0.26690805037   -0.418118925697
-0.491727165737   0.352126340543   0.796373928988
-0.065327925534   0.897088141123   -0.436995571147
0.891231399846   0.00415407374669   -0.453529861861
-0.444713238101   0.204420510563   -0.872033480274
0.0890883145303   0.978874352781   0.184033349373
0.233181017222   0.637620076892   0.734211993059
-0.34093128451   0.760706255889   -0.552351203034
-0.910709872819   -0.121518022509   0.3947668904
-0.490131549216   0.769169570465   0.410060039914
0.832187435675   0.272980124072   0.482644717951
0.25929738982   0.577806216419   -0.773889423561
-0.815149967655   0.574283851066   0.0756874404173
-0.556446099491   -0.812647463333   0.173123767
0.160929390085   0.0990058520701   0.981987562377
-0.00863641265528   0.529487084203   -0.848274035933
0.484356884959   0.744364197794   0.459695931062
0.874827880425   -0.406897245879   -0.262889351108
0.686350550319   -0.718108676503   0.115077586036
0.720726357824   0.650425640317   -0.239791583581
0.0973470041385   0.247520534804   0.963979847111
-0.137116643531   -0.938014737703   0.318319615982
-0.968300447412   0.194662111457   0.156527652205
-0.208790013192   -0.286766480285   -0.934971505542
0.0419314841556   0.934354933286   0.353868067619
0.859789218375   -0.214154288563   0.463573554743
0.508924602081   0.2848136221   -0.812328104932
0.944431787497   0.0621657242141   -0.322775497053
0.0142038736774   -0.988754542306   -0.148871437964
-0.328400439612   0.136014255877   -0.93469421388
0.830156672927   0.152957555476   0.536137934321
-0.543209405589   0.00534861965492   0.839580212932
0.125552539103   -0.988218284839   0.0875281750881
0.148500876301   -0.694800504154   -0.703704305206
0.987152072621   0.0617114447644   0.147385491498
-0.0589769044367   -0.716550038039   0.695037961359
-0.451655213031   0.39671711499   -0.799138973656
-0.850680205904   0.0785530694583   0.519781302628
0.268980958109   0.914573641624   0.302000493745
-0.235566295465   0.894299550392   0.380442945275
-0.180240274195   -0.424869704098   0.887129741412
0.954998410469   0.140406726009   0.261273778425
0.128317758538   0.775869324617   -0.617706519281
0.635362722499   -0.542558727636   -0.549494529476
-0.761478012619   -0.321957789445   -0.562578366198
-0.119344297807   0.457108187194   -0.881367712014
-0.926233523236   -0.370953476406   -0.0669699841422
-0.357558944811   0.808359835434   0.467660108886
0.933748806376   0.12866822895   0.334002475215
0.073706428831   0.844031924238   -0.531203796311
-0.350257803539   0.520629040417   0.778630126141
-0.0559560273058   -0.875400883616   -0.480148118784
-0.0214437667339   0.481844350905   -0.875994398595
0.998202929206   -0.0387209822305   -0.0457339880033
0.922121378462   -0.155199593131   0.354408309264
-0.0576988480385   0.850612480618   0.522617690814
-0.382574184072   -0.502365896642   0.775413115425
-0.965237161923   -0.218677235451   -0.143169437866
0.199396315748   -0.970211594704   0.137588410736
-0.168992101915   0.104257988654   0.980087721223
0.174558641935   -0.107032685027   0.978812180585
0.274224408329   -0.949460520987   -0.152727512139
0.945690358628   0.295074098191   -0.136385564391
-0.3511341399   -0.238010189792   0.905569414983
0.857203507141   -0.470822547212   0.208634312569
0.376705406308   0.849515908381   0.369345039586
0.617057618863   0.531190384144   -0.580583043842
0.194829629206   -0.817950042957   -0.541293952312
-0.762418068114   0.220894778163   -0.608213931436
-0.366184755386   0.0939652029582   0.925785755753
0.790628927586   0.55607946817   0.256284068844
-0.490728666155   0.825800318305   -0.277919431672
0.733400075161   -0.307932370703   -0.606054440481
0.488346360933   -0.381544789595   0.784819345644
-0.472908195654   -0.871551047619   -0.12944732472
-0.991413626865   0.0224936730897   0.128814033154
-0.130088684114   -0.269590799908   -0.95414764836
0.013264792956   -0.962712228693   0.270202165039
0.71089884174   0.629289544096   0.314034244158
0.283270432677   -0.664901790308   0.691132021554
0.643724085912   -0.402368337394   -0.650937034036
-0.503137735217   0.396436183201   0.767913258154
-0.851373113133   -0.0748134524832   -0.519198198727
-0.148378710178   -0.915008907048   0.375156578497
0.374276900333   0.875319104345   -0.306158892482
-0.426849668884   -0.130477525378   -0.894860310632
-0.82323518028   0.465609365176   0.324794946096
0.72319505339   0.668860975594   0.172086925941
0.564295756536   -0.715915097899   0.411139722911
0.398194944604   -0.200226291797   -0.895181667688
0.608571736583   -0.792986655204   0.0285062466851
-0.734687540919   -0.5495301466   0.397807535368
-0.299791024967   -0.263037606903   -0.917025931315
0.493110354631   -0.843989152852   0.211008265297
-0.787960956516   -0.330490235979   0.519512978596
-0.368727147309   -0.422443503667   -0.827998657636
0.633604971961   -0.688881373356   -0.352118151974
0.0509842931861   -0.416966058247   0.907490996164
-0.771974961611   -0.592943302276   -0.229069637734
-0.191052801753   -0.595292055481   -0.780465371188
0.326635115911   0.711241732518   -0.622450559465
0.925639415753   -0.373848320321   0.0585585638221
0.883982368915   0.453894336065   0.112049556607
0.345417484986   -0.472566321358   -0.810782235242
-0.315058617583   0.75542107702   -0.574523336236
-0.242653179612   0.787360396678   0.566730129927
0.629763464303   0.572210056097   -0.52533192434
-0.737914231773   0.229432468155   -0.634699400585
0.0976995194351   -0.011403775579   0.995150620662
0.876200131791   -0.473192699577   -0.0914439616146
0.471940815093   0.880885136082   -0.0362387096836
-0.00340603923367   -0.729752040274   -0.683703414218
0.965392592079   0.175897798318   -0.192554168239
0.260778722399   -0.660698058317   0.703898098932
0.101694601075   -0.53416264002   -0.83924280284
0.993931959649   0.0190055097446   0.108342282549
-0.0419221624045   -0.845168068851   0.532854077298
-0.407015268963   0.307231265658   0.860202022918
0.543432271463   0.838386199637   -0.0423077604126
-0.734179771693   0.450241634748   -0.508195369101
-0.0666528360594   -0.997460312879   -0.0251062477649
-0.951269727052   0.0559335424092   0.3032446953
-0.301070267279   0.0440949324203   -0.95258192881
0.48245076182   0.0751581931339   -0.872692676963
-0.223961613044   0.973778872466   -0.0399487599535
0.846807214366   0.214722969298   0.486632909033
-0.83362194717   -0.46279242358   -0.301492324735
-0.194576907722   -0.264798164795   0.944469035439
-0.516927728197   0.845993560613   0.130692843046
-0.694052535524   -0.11712273772   -0.710333261394
-0.347692182455   -0.809446247835   0.473188036752
-0.630397671468   0.575394678612   0.521075560387
0.0782668728322   -0.261298617245   -0.962079689653
0.664716673831   -0.705538123909   0.245698390802
-0.742984549065   -0.658740455974   0.11846928511
-0.887460734385   0.443304338743   0.126074216937
-0.460812898954   -0.848698639578   -0.259542080088
-0.00805711378892   -0.288430030389   0.957467075406
0.491682762822   -0.867150215806   0.0793634926846
-0.553105514906   -0.240617528942   0.797607355875
-0.672549143278   -0.43606617387   -0.597933058028
-0.591132727093   -0.137768805125   -0.794721243767
-0.472412819129   -0.739476480141   0.479583844224
-0.65374936121   0.658934208896   0.372044998709
-0.35152818756   -0.899538609925   -0.25934190291
0.936048772471   -0.342314425479   -0.0814464834435
-0.015512217997   -0.271387404577   0.962345181175
0.640567396838   0.38592117841   -0.663881204857
-0.531529083272   -0.401123720676   -0.746040611728
-0.554211370999   0.830761460809   -0.0518184473881
0.748094945332   -0.555746481744   0.362629012627
-0.479731643261   -0.830491300804   -0.283093182086
0.458488280355   0.0378159664544   -0.887895517197
-0.674657626027   -0.408744577387   -0.614625868394
-0.639608370458   -0.0918888852673   0.763189075658
-0.3684266821   0.908011180119   -0.199442915883
-0.899899658678   0.212876197738   0.380610468522
0.0661942441703   -0.795976070093   0.601697945716
0.431043995841   0.566661998264   0.702207414781
0.577870449217   0.170314353713   0.798159611131
-0.358448110321   -0.825641403167   0.435696253809
0.733198947168   -0.537874794255   -0.416064910292
-0.454808926947   -0.474312617568   0.753774754675
0.423152181357   -0.85982706807   -0.285726520341
0.783639631069   0.189010459576   0.591763444958
0.761208336902   0.115034263412   0.638223304237
0.209382425523   0.887839667298   -0.409755689471
-0.613775910013   0.445542190385   0.651744803489
-0.656333606695   0.514008148018   -0.552287805853
-0.0495912923775   -0.75982814215   -0.648229818905
-0.752839226159   -0.398066348952   0.524191073358
-0.576034049655   -0.379041038969   0.724232465728
-0.555157839716   0.831721463642   -0.00625938647025
-0.599987122062   -0.405668950863   -0.689527487245
0.589815504146   0.537623039306   -0.602560485492
0.070829194252   -0.777735458271   -0.62458849028
-0.80442581778   0.325713101602   -0.496799838097
0.908557002264   0.408177428606   0.0889683112882
0.392243639645   -0.906781390368   0.15457178669
0.143767523435   -0.105540024917   -0.983967581959
0.668573646758   0.741478331249   -0.0567376695837
0.317656140397   -0.215770226118   0.923329727665
0.672386685866   -0.63533699232   -0.379793431829
0.22582574744   -0.202084517327   -0.95297669418
0.793605863156   0.60550015547   0.0596598331393
0.564971207902   -0.769760618363   0.297112982988
-0.265602366327   0.214416971816   -0.939936564454
-0.351914692096   0.886117545226   0.301582070968
0.897558595574   0.410878398361   -0.159898434239
-0.166781896377   0.128111796977   -0.977635497778
-0.00193039527323   -0.991563479895   -0.12960763447
-0.9859919232   -0.019728984118   0.165622143962
0.558588404251   -0.819302729686   -0.129313695192
0.376131215752   0.111255184481   0.919862811762
-0.739259293599   -0.562463617539   0.37031118775
0.203897022827   0.887904028332   -0.412374151171
0.323780946738   0.336358789299   0.884323845314
0.92390037483   -0.313829892351   -0.218903851166
-0.478255095482   -0.592820091201   0.64794783981
0.14051053905   -0.779943160358   -0.609873310637
0.866907637561   -0.200631518162   0.456309261201
0.160109607103   0.484816238528   -0.859836105646
0.784407185145   0.466300087083   0.408986059272
0.599224733807   -0.739944216577   -0.305634217242
0.216874458102   0.533747406194   -0.8173611049
0.351941736689   0.738231631493   0.575457272297
0.910550648453   -0.412465470851   -0.0277444040558
0.250096813975   0.267663214359   -0.930488037171
0.784698551631   -0.619006580237   0.0328486939077
-0.567185830842   -0.738367968767   -0.36484651018
0.944184565315   0.325190542123   -0.0525986495533
0.282091142114   -0.880622570208   -0.380694728595
-0.170117883135   0.34460847371   -0.923203610091
0.732622433786   0.60370021616   0.31434124534
0.00998818647724   -0.471321198621   0.881905076446
0.680561977813   -0.642963744498   -0.351330353964
0.60285642544   0.0154997164914   0.797699121909
0.376241782084   -0.887185185864   -0.267104038528
0.703566806864   0.461153125082   -0.540676930807
-0.751905312949   0.523712239282   -0.40045460515
-0.199402943214   0.398311084091   0.895313769875
0.628392287187   0.753043007216   -0.195062458425
-0.787493475248   -0.387442863855   -0.479314149269
0.35694997549   -0.920702805311   0.157775344366
-0.502434813124   -0.0468441195905   0.863345172582
0.0261787632456   -0.967911612254   -0.249923554751
0.905044292358   -0.0832196329897   0.417096297699
-0.424510896473   -0.237110951982   0.873824293108
-0.620092918142   0.567131725154   0.542075990239
-0.652829927024   0.0101788013827   -0.757436121652
-0.435083738206   -0.823564204131   0.363928760093
0.994083752407   -0.107413507681   0.0161192917823
0.00130879240645   -0.136549339653   -0.990632406548
0.108608380258   0.984792676764   -0.135600897968
-0.444078237591   -0.895258220219   0.0361557468259
-0.871704062219   0.422359321929   -0.248484669728
0.20718722646   -0.141863745582   -0.967960810612
0.11127516025   -0.987627382156   -0.110498835862
-0.0162719641517   0.109363773733   -0.993868597038
0.993656410382   0.112390920499   -0.00390116591002
0.381821284007   -0.36088265716   0.850867918563
-0.839162222133   0.250441762322   0.482789486868
-0.387323213898   -0.898355515064   -0.207215097252
0.437824423255   0.207161597782   -0.874867902489
0.453963278924   0.788994110768   0.414011635781
0.776032934733   -0.578422307296   0.251397133302
-0.448074766141   0.207955686616   0.869473079717
-0.88020380629   -0.272798620793   -0.388358303485
0.156429739309   -0.939327070246   0.305277565114
-0.7768142581   0.622966584137   0.0920447905153
-0.613754669313   -0.78169058967   0.110747586509
0.140942592243   0.0295373842856   0.989577045319
-0.620060042535   -0.731655780362   -0.283205513213
0.737352057075   -0.666781573566   0.108232513969
-0.268025162212   -0.141711510528   0.952932505588
0.0177711775409   -0.722929282078   0.69069344746
0.838076717129   -0.365958042087   -0.404601195794
0.545262873718   0.586044336673   0.599366694102
0.99272219986   0.104058086543   0.0606180544974
-0.0834164554728   0.231117706896   0.969343231531
0.0868580961245   -0.967345088469   0.238115835159
-0.74939980541   0.102112428666   -0.654196441112
-0.0381414637488   0.979738069565   0.196617760611
0.661018275387   0.172297321385   -0.730320801188
0.72219943203   -0.572426893759   -0.388272367903
-0.349860515273   -0.786551952361   0.508855230975
-0.596678808262   -0.231653788095   -0.768316941264
0.0440514955756   0.909900596618   -0.41248075108
0.861262442961   0.174634672217   0.477210368292
0.506247439582   -0.376276009777   -0.775970292204
-0.3813511437   0.839364056243   -0.387349049677
0.913827473484   0.405567859995   -0.020834098128
0.139608932036   -0.361915310572   -0.921697702107
-0.974052068936   0.223770720563   -0.0339003188841
0.126904943099   0.415987102275   -0.900472024084
-0.187397178257   -0.881408756117   -0.433590708182
0.592083936053   0.734113029111   -0.332437472553
-0.799389549581   0.482782555978   -0.357627392219
-0.102043915492   0.477492475473   0.872690079683
-0.654588639688   0.189527173718   -0.731842307614
-0.385126910688   0.749424862819   0.538553282092
0.65053130244   0.634383027366   -0.417572986596
-0.808100136683   0.474946154859   -0.34842548569
0.406344960258   0.0212450176581   -0.91347272674
-0.426448053537   -0.87975837547   -0.210160078094
-0.976666423361   -0.142347419986   0.16081016604
0.171097884341   -0.0631745225877   0.983226572907
-0.129800660448   0.987798659505   0.0860557774242
-0.612735926117   0.475153804943   0.631493108825
0.637503466228   0.769427680111   0.0396279652123
-0.467058899276   0.426860523739   -0.774368179795
0.94043765606   0.339384602396   -0.0198772916007
-0.336794133324   0.922100587445   -0.190526161963
-0.0463327834621   0.185872532372   0.981480858135
0.997118108804   -0.0554977817651   -0.0517249776656
-0.025759756914   0.393622045707   -0.918911377695
0.0713576346237   0.917595597937   0.391058060431
-0.842467641657   -0.403910712249   0.356517053296
-0.530033502085   0.502865584152   -0.682781583629
0.0965026394887   -0.764187372838   -0.637734192094
-0.34425896083   -0.758093818589   0.553876818531
-0.410294799839   -0.409147942816   -0.815019102914
0.844478504826   -0.50783040782   -0.170189105938
0.403513602688   0.241898590057   -0.882418180102
0.39654156085   0.822906111158   0.406915621152
0.824579628032   -0.514111470741   0.236130965119
0.209583703479   -0.379739849173   0.901039576371
-0.944897669564   -0.315662414462   0.0867504129546
0.251481739472   -0.869571668723   -0.424972996396
0.0460155445156   -0.578322377968   -0.814509543716
0.998353081778   0.0545880350508   0.0176428607234
0.0342592143538   -0.813979958949   0.579881826463
0.975318763129   -0.0984892543335   0.197618766995
0.192964233713   0.815222083916   -0.546056552385
-0.107322480382   0.570712555211   0.814106298052
-0.633240048145   -0.126127180055   0.763609177444
0.311059589481   0.861963581949   0.400325761332
-0.708695261179   0.491030261639   -0.506596791282
-0.817665151092   0.572672692667   0.0589040555639
-0.0387540993267   -0.156840252278   0.986863341629
0.57438821408   0.804640989721   0.150436222989
-0.949394073529   -0.0375273684824   0.311837441245
0.213511855321   0.651046942631   0.728389021147
-0.230355335915   0.75810921054   -0.610087570854
-0.597612444005   0.19281415543   -0.778255785867
0.517626011852   -0.648490470841   -0.558142832152
-0.612309299802   -0.736398540666   0.28774035289
0.278638991995   -0.107927923672   0.954312252584
0.758977397756   -0.584124205145   -0.28766686055
0.588484172969   0.804456634167   -0.080844925068
-0.212426059755   -0.831537646764   -0.513244884194
-0.234843413195   0.553281658644   -0.799204590507
0.94853768529   -0.0492397016902   -0.312812581847
0.957624505797   -0.157305702997   0.241267945863
-0.164700689272   0.388120986322   0.906772178074
-0.236281588046   -0.908084255882   0.345765810006
0.996257022774   -0.0527334922915   0.0684917758855
0.0604097011038   0.991489026225   -0.115326401524
-0.0618272802713   0.119032305139   0.990963519887
0.897704748491   -0.368642156307   -0.241307159301
-0.176831910743   -0.803086006199   0.569019632341
-0.403555027077   -0.468140819882   -0.786121818092
0.823875891899   -0.566529653308   0.0165126215496
0.566229025715   0.824012680058   0.0196924742535
-0.0247629801495   -0.00687422917725   0.99966971535
