-0.49805641828   -0.81159164288   -0.305383053584
-0.088703347261   0.39800748187   -0.913083654744
0.862595803604   -0.427678675622   -0.270221076202
-0.188019583588   -0.858267175168   0.477520776738
0.690992778663   0.229922323581   0.685320877367
-0.697981100047   0.458817154374   0.549826520667
0.788563484478   0.193564708007   -0.583695412661
0.281926140168   0.729753582673   0.622878286718
0.546521072272   -0.655738066906   0.520886076962
0.954404976489   -0.159217204917   0.25250945034
0.0497864626751   0.918937052787   0.391249282619
-0.294333907301   -0.360838710055   0.88496495769
-0.610194383309   0.757439906811   -0.232266231182
0.2651431942   -0.0810258028566   -0.960798577144
-0.746566742594   -0.647857705705   -0.1513885465
0.540947750731   -0.749825548543   0.380968735898
0.563822766665   0.659411902534   0.497272390734
-0.624082862101   -0.0541995345815   0.779476100777
0.242078371118   -0.953131229445   -0.18149083088
-0.774209958664   -0.0770116326678   -0.62822619202
0.584805097569   0.292591981931   -0.756566540343
0.946724081503   -0.181397703655   0.266098452854
-0.0872041009675   -0.939802671565   -0.33040336453
0.310014448497   0.28959594546   -0.905552444697
-0.994885164902   0.0832694108245   0.0571814120113
-0.0939306701166   -0.554410909032   -0.826925373391
-0.0371555900251   -0.828066874816   0.559396740215
-0.986304486879   -0.000312310981087   -0.164934416131
-0.00403326868023   0.999744840678   0.0222258021707
0.164885390215   0.0225866332203   -0.986054081728
-0.867638880587   -0.268065780077   -0.418740385496
-0.492761786961   0.351406177403   0.796052460454
-0.066246465602   0.897025326306   -0.436986235207
0.891471988444   0.00336365091816   -0.453063328544
-0.44411766052   0.204352686545   -0.872352843244
0.089650417921   0.978891549332   0.183668552595
0.234075046344   0.636435921929   0.734954549586
-0.340336559104   0.761764443145   -0.551258523468
-0.910702969808   -0.121096038076   0.394912459092
-0.491330329981   0.768461005928   0.409953886685
0.831336505998   0.273397054101   0.483873603954
0.2597578115   0.578551409277   -0.773177952472
-0.814275303631   0.575686841062   0.0744338023019
-0.558058623052   -0.811655710711   0.172584995026
0.15976953131   0.0989932740058   0.982178206115
-0.00901413436338   0.527612236387   -0.849437504114
0.483686713471   0.74578426903   0.458097137383
0.87519478323   -0.406732285516   -0.261921628212
0.684603927793   -0.719461171817   0.117017452966
0.722412005086   0.648299257851   -0.240476541844
0.0971512066761   0.249165997916   0.963575606024
-0.134956700572   -0.938454824467   0.3179453277
-0.968403777826   0.192839558836   0.158136104796
-0.209716027196   -0.286557929542   -0.934828187933
0.0401413460478   0.934609274286   0.353403702238
0.859398253748   -0.212724359139   0.464954824132
0.509728666833   0.285050612079   -0.811740620372
0.944733072321   0.0642252182642   -0.321488014397
0.0162566443024   -0.988594169056   -0.149724047583
-0.32743723609   0.136222943176   -0.93500169314
0.830718927096   0.153126191402   0.535218117847
-0.542353274588   0.00581287868543   0.84013042796
0.125534814725   -0.988189546569   0.087877359677
0.14650243418   -0.69535961565   -0.703570921586
0.987415783432   0.0599741273715   0.146332411565
-0.0595575973972   -0.716155087232   0.695395415302
-0.450181290755   0.397362971231   -0.799649594853
-0.851161357878   0.0797499008272   0.518810462668
0.269928042838   0.914189598723   0.302318092871
-0.234127667141   0.894948896089   0.379803513502
-0.180551879045   -0.423891110159   0.887534419446
0.955293281905   0.139222125102   0.260829341582
0.127157244358   0.776501232426   -0.617152226965
0.635608197787   -0.541454858528   -0.550298877958
-0.761467828679   -0.322292525847   -0.562400456676
-0.116884366606   0.457643644553   -0.881419502532
-0.926473896754   -0.369939186346   -0.0692178953702
-0.357748743502   0.808521671327   0.467234998173
0.93352276692   0.126856325335   0.33532479235
0.0757746573752   0.844365157292   -0.53038258121
-0.35041895631   0.520533335987   0.778621603338
-0.0553940925383   -0.876202030756   -0.478749930351
-0.0213910148257   0.480417536516   -0.876779000143
0.998235402596   -0.0383274302116   -0.045355144105
0.922052202761   -0.156936014863   0.35382315162
-0.0559966787314   0.850416056751   0.52312226333
-0.382993612681   -0.502158956566   0.775340102785
-0.965531304864   -0.217045016089   -0.143668926074
0.197620323101   -0.97050763022   0.13806211494
-0.169397482938   0.1049113944   0.979948004794
0.173409390662   -0.105730993664   0.979157872975
0.275269296251   -0.949391942088   -0.151267163786
0.94559822217   0.295763245312   -0.135528981959
-0.351906357364   -0.23770988216   0.905348511663
0.857425617945   -0.469847953228   0.209914769703
0.375477329993   0.850139349031   0.369161024338
0.616582206958   0.532453736621   -0.579930513442
0.195301227539   -0.817035635555   -0.542503641237
-0.762681986535   0.221236951234   -0.607758503704
-0.367478226361   0.0939417630169   0.925275471582
0.78989231053   0.556708452927   0.257188328281
-0.49094795133   0.825379090843   -0.278782111127
0.732444649908   -0.308686007288   -0.606825991308
0.488361737204   -0.382814821242   0.784191064902
-0.474370792163   -0.870727145289   -0.129640232954
-0.99120416951   0.0252818542462   0.129904280885
-0.131895225346   -0.269266443389   -0.953991211697
0.0108601969288   -0.962733821111   0.270232577259
0.709832956453   0.630120648542   0.314777925234
0.284260033285   -0.665152487917   0.690484178888
0.64446365872   -0.400649642579   -0.651265273518
-0.502889508451   0.396587083239   0.767997934696
-0.851439527313   -0.0742911328726   -0.519164288935
-0.148838414458   -0.914986072563   0.375030149984
0.374196207217   0.875467437331   -0.305833230172
-0.426330634925   -0.130470514488   -0.895108727794
-0.823540762943   0.465332366188   0.324417016739
0.722862995917   0.669224100945   0.172070310768
0.564151497798   -0.715373502921   0.412278836287
0.399001474516   -0.200947391205   -0.894660812432
0.608743797718   -0.792933474073   0.0262201150736
-0.734131334761   -0.550454665617   0.397556089657
-0.300802546635   -0.2612588119   -0.917203173317
0.49382588652   -0.843969945124   0.209405648277
-0.787156514255   -0.331546013581   0.520059480199
-0.369486963058   -0.421653854015   -0.828062444218
0.633259605019   -0.688476303229   -0.353528856735
0.0518181094048   -0.418049254539   0.906945259824
-0.77220279473   -0.592650993986   -0.229058165404
-0.191635299802   -0.596280528737   -0.779567471691
0.325823758929   0.71059189821   -0.62361689547
0.925804941652   -0.37350861469   0.0581078717989
0.883536123178   0.454496131762   0.113124644765
0.346586224171   -0.471997242535   -0.810614946972
-0.315026837355   0.755415031128   -0.574548712027
-0.24288161219   0.786954305029   0.567196125036
0.629656109211   0.572685396872   -0.524942492415
-0.737930692269   0.229639626385   -0.634605338302
0.0965378227645   -0.00997605463621   0.99527932115
0.876093598045   -0.473718617228   -0.0897255769341
0.472377451029   0.88061975337   -0.0369918063097
-0.00523245500061   -0.730951970544   -0.682408849717
0.965085823624   0.175023978004   -0.194874216262
0.261881603887   -0.659602777345   0.704515579434
0.100523637023   -0.535328387747   -0.838640874076
0.994099906391   0.019520224607   0.106697408334
-0.0407476933537   -0.844418425961   0.534132144121
-0.408655700329   0.306694386181   0.859615653693
0.543603890276   0.838355339461   -0.0406833537817
-0.733140729373   0.450664929058   -0.509318949826
-0.0647830069493   -0.997577496162   -0.02534366118
-0.951143654549   0.0540448595002   0.303981745459
-0.301875653906   0.0437983140429   -0.952340693904
0.482713320286   0.0725471641865   -0.872768445458
-0.22324794008   0.973833581301   -0.0425266173213
0.846846035398   0.215371922263   0.486278446399
-0.833617605243   -0.463524774979   -0.300377214865
-0.192693106872   -0.265601476183   0.944629674748
-0.517639889106   0.84534054607   0.132092037521
-0.693552264798   -0.116131764078   -0.710984296145
-0.348692913735   -0.809495796965   0.472366178517
-0.63039551704   0.575525818768   0.520933320136
0.078021461098   -0.259765469356   -0.962514702505
0.66464609989   -0.706046542145   0.244425535134
-0.743073491324   -0.658802080488   0.117565323272
-0.886905590997   0.444442179709   0.125974686165
-0.461877160428   -0.84828823724   -0.258991419232
-0.00824386642531   -0.287885768069   0.957629272323
0.492328417004   -0.86683523751   0.0787997514072
-0.553332575327   -0.241811781365   0.797088529258
-0.671889716317   -0.436031803203   -0.598698985888
-0.590746615412   -0.136427441593   -0.795239579975
-0.473589173063   -0.739333062928   0.478643831278
-0.65324706776   0.659374078382   0.37214794534
-0.352044579732   -0.899576327939   -0.25850927274
0.935866284419   -0.342674743809   -0.0820263228704
-0.0147956604861   -0.270807034928   0.962519941749
0.640484963017   0.386981876096   -0.663343078446
-0.531067963821   -0.400760475115   -0.746564035692
-0.554748438441   0.830443296775   -0.0511673811087
0.747704466419   -0.554993602576   0.364582133404
-0.478860123416   -0.831031127152   -0.282984536515
0.460033708656   0.0370049564826   -0.887129990529
-0.673977206953   -0.410169807472   -0.614422862161
-0.640044245261   -0.091126205115   0.762915053495
-0.368914744374   0.90744517398   -0.201109839648
-0.90016203421   0.213433404805   0.379676828211
0.0651145824843   -0.795967593487   0.601826952924
0.43066042692   0.566464272335   0.702602181076
0.577877421211   0.171252942839   0.797953705189
-0.357689495525   -0.825682065137   0.436242308932
0.733563842379   -0.53751423877   -0.41588764381
-0.455474148103   -0.474431849426   0.75329789636
0.423246365929   -0.85981996017   -0.285608385417
0.78320228175   0.188743361057   0.592427320031
0.759711276245   0.114401915728   0.640117941026
0.210577069963   0.8880732753   -0.40863572446
-0.615220346178   0.445239328201   0.650588861165
-0.657151972122   0.513990013167   -0.551330710102
-0.0502950179288   -0.759713078494   -0.648310457679
-0.752078251719   -0.398309307862   0.525098084707
-0.575385533231   -0.379348045862   0.724587157111
-0.556340502668   0.83092690303   -0.00676216769644
-0.599513747332   -0.407008036679   -0.689150001697
0.590048848587   0.538733643898   -0.601338853904
0.0714000700682   -0.776715134305   -0.625792002295
-0.804204194391   0.326312214105   -0.496765490599
0.907853094418   0.409904474094   0.0882104363057
0.394086298654   -0.906026516017   0.154311183936
0.14317383898   -0.105329361493   -0.984076713188
0.667589831464   0.742274037199   -0.0579057046013
0.3185066136   -0.214428329168   0.923349353573
0.672961628935   -0.634861989215   -0.379569362082
0.225483183552   -0.20335203138   -0.9527881639
0.793709573497   0.60546650202   0.0586125231671
0.564962341112   -0.769453225522   0.297924968506
-0.264170618648   0.212597593522   -0.940752968356
-0.354484035732   0.885730194393   0.299705006885
0.896969872768   0.412655165931   -0.158621440469
-0.167129989675   0.128939857611   -0.977467175751
-0.00104950854636   -0.991434212974   -0.130602832572
-0.985934310734   -0.0208017899045   0.165833713261
0.557978319494   -0.819376898831   -0.131459851809
0.378085870707   0.109990990917   0.919213281175
-0.738722728327   -0.562604194421   0.371167416503
0.204028094856   0.887708171587   -0.412730830697
0.323368604367   0.33682324142   0.884297941731
0.924015845221   -0.313885817038   -0.218335548281
-0.478579165085   -0.591687158349   0.648743623777
0.139928504835   -0.780802814033   -0.608906379612
0.866822932484   -0.200632181473   0.456469858234
0.159196084277   0.485025429355   -0.859887748273
0.783910712818   0.467348590515   0.408741102989
0.600117156129   -0.739145200771   -0.305816564458
0.215823623829   0.533399152937   -0.817866435944
0.351969840473   0.738798401204   0.574712235624
0.910789434938   -0.411900796338   -0.0282902665413
0.248720900116   0.26853820395   -0.930604721063
0.785116054981   -0.618555023865   0.0313442604332
-0.567213094045   -0.738428680016   -0.364681217604
0.943809129016   0.326489790169   -0.0512712873072
0.283779459343   -0.880114186971   -0.380615601818
-0.169391695316   0.344678741449   -0.923310900375
0.732086006354   0.604896951415   0.313288616885
0.0115524146536   -0.470856881395   0.882133968827
0.681114249606   -0.642178694299   -0.35169575427
0.6025093961   0.0157370975483   0.797956622488
0.377840894865   -0.886290689861   -0.267815367806
0.703006888856   0.462861919827   -0.539944587337
-0.751978394871   0.523430785125   -0.400685296499
-0.199568429318   0.398546005394   0.895172342962
0.628252286639   0.753114396866   -0.195237725774
-0.788335531925   -0.385593528006   -0.479421234683
0.355365781367   -0.921482933377   0.156794020702
-0.502237245271   -0.0467636039541   0.863464483814
0.0256903685546   -0.967444324309   -0.251776655639
0.904648047991   -0.0846736298875   0.417662885192
-0.425384431108   -0.238499173506   0.873021322768
-0.619469916973   0.567476511844   0.542427350408
-0.653441299007   0.0101867202946   -0.756908646722
-0.435053434325   -0.823326569008   0.36450222228
0.994114578885   -0.107023746678   0.0167964786375
0.00199682878617   -0.136915330532   -0.990580741252
0.108315357741   0.984784296134   -0.135895818057
-0.442698591933   -0.895934321487   0.0363269635723
-0.872370756114   0.420980175746   -0.248485322515
0.207333597318   -0.141694683072   -0.967954232499
0.111567065435   -0.987741145995   -0.109179752786
-0.0152878375151   0.108146708439   -0.994017389927
0.993639306758   0.112568725506   -0.00303481524995
0.382931847836   -0.362468765379   0.849693823702
-0.838686603571   0.249178166487   0.484267511131
-0.387256995938   -0.89806827996   -0.208579442003
0.438747229091   0.205907301875   -0.87470169315
0.45445384821   0.788895736462   0.413660750906
0.775224205513   -0.579004058731   0.252550452702
-0.447816014484   0.208201111356   0.869547649299
-0.88020612736   -0.273586011637   -0.387798746252
0.157155943348   -0.939043657913   0.305776091288
-0.776630820777   0.623272390687   0.0915210097511
-0.613955066697   -0.781410106619   0.111612818937
0.141080630478   0.0304921675342   0.989528414662
-0.621153396812   -0.730852757983   -0.282882844616
0.736294810306   -0.667866703866   0.108738301363
-0.268399720464   -0.14074200516   0.952970764525
0.0170533686522   -0.722849465523   0.690795072949
0.837837476753   -0.366713233279   -0.404412867111
0.545653319577   0.585670602584   0.599376676309
0.992754821167   0.103506172755   0.0610273483807
-0.0837051213993   0.231360829537   0.969260346454
0.0862050909193   -0.967346183513   0.238348575708
-0.749047830979   0.101028314144   -0.654767612705
-0.0403340867637   0.979517534401   0.197277878248
0.661287009059   0.174180020503   -0.729630599761
0.721994443896   -0.572387121839   -0.38871198301
-0.34798961361   -0.78598023997   0.511016918698
-0.598019440991   -0.233683643264   -0.766658139635
0.0428963420032   0.909559936038   -0.413352908054
0.860621599799   0.176495841734   0.477681567375
0.507435085308   -0.376231232894   -0.775215901277
-0.381320753087   0.838779692841   -0.388642650957
0.913752436125   0.405735125175   -0.0208684852
0.140181913028   -0.363080755587   -0.921152211191
-0.974319171807   0.222817259932   -0.0324749153228
0.125127101867   0.415861016527   -0.900779009142
-0.187204059324   -0.881709750207   -0.433061839191
0.592655067628   0.733608786282   -0.332532884845
-0.798901475089   0.482833228222   -0.358648165791
-0.102549519328   0.47821566517   0.872234701025
-0.654584858178   0.189369624167   -0.731886472676
-0.385805124838   0.748881603659   0.538823486264
0.650133116441   0.635071247297   -0.417146786831
-0.808656157536   0.474789635245   -0.347347119095
0.405486945464   0.0220768030542   -0.913834203685
-0.426210694302   -0.879822378114   -0.210373541662
-0.976895888225   -0.14225852614   0.15948960878
0.169644877596   -0.06229401014   0.983534479216
-0.129980918114   0.987867383833   0.0849881926208
-0.614057595137   0.473438569826   0.631497577554
0.635490331977   0.771079467467   0.0398559006108
-0.468065495223   0.425784423684   -0.774352837362
0.94092107359   0.338045531433   -0.019817970423
-0.335560251872   0.922947120667   -0.188594617677
-0.0454626290188   0.184102773285   0.981855039317
0.997091934293   -0.0556937239609   -0.0520181091514
-0.0259249622771   0.393980335039   -0.918753172475
0.0716628976476   0.917429945399   0.391390756644
-0.842109827833   -0.403848674258   0.357431512555
-0.530598210313   0.501797437631   -0.683128736623
0.0965224175036   -0.764921943656   -0.636849937609
-0.344460841662   -0.756476124615   0.555959172466
-0.410268018187   -0.411360091344   -0.813918318078
0.844409190981   -0.50845525677   -0.168660517161
0.401908178511   0.240070945652   -0.883649114242
0.397946094316   0.823330246471   0.404680381616
0.824687044924   -0.514289068812   0.235367864491
0.211263973473   -0.379034167887   0.900944300768
-0.944497102626   -0.316414178075   0.0883588764289
0.251580517216   -0.869606329029   -0.424843589889
0.0457596254674   -0.578257447588   -0.81457005898
0.998389441981   0.0538473763788   0.0178600727477
0.033534740472   -0.814075416879   0.579790166194
-0.99575092868   0.0742676124448   0.054446393579
-0.0560836644023   -0.0201396320877   -0.998222929914
-0.0730391033572   -0.997034962758   0.0242192572069
-0.634928919657   -0.126204463726   0.762192692381
0.30995910772   0.862071049522   0.400947449321
-0.707665612083   0.490821697677   -0.508235617174
-0.817201951474   0.573475006709   0.0575098877397
-0.0401642661448   -0.156204321823   0.986907818172
0.574950260659   0.804193152498   0.15068367942
-0.949858017003   -0.0380087688506   0.31036282159
0.212097641091   0.650999143736   0.728844774626
-0.229748423669   0.75812627467   -0.610295185526
-0.598112670038   0.193500590329   -0.777700942189
0.517149052051   -0.648139337686   -0.558992179647
-0.61222389034   -0.736527610131   0.28759170296
0.277919070872   -0.10755710186   0.954564015603
0.759722228369   -0.583513286382   -0.286939680662
0.587863186267   0.804949510501   -0.0804559492912
-0.211377204473   -0.831897224804   -0.513095200515
-0.235827762049   0.552855745971   -0.799209478669
0.948527777177   -0.0479325725334   -0.31304556284
0.957816069894   -0.158315674125   0.239842705914
-0.162854752547   0.388627118622   0.906888798169
-0.23678409116   -0.907692189014   0.346450839479
0.996124882884   -0.0543584518609   0.0691402662091
0.0622258589836   0.991149916779   -0.117259476984
-0.0621543254644   0.121107395233   0.990691596132
0.898014467246   -0.367331292388   -0.242152303829
-0.174600797953   -0.80273534869   0.570202175827
-0.403837316219   -0.469769817673   -0.785004293257
0.82289478471   -0.56795661797   0.016415035849
0.567667379415   0.823032542032   0.0192660609386
-0.0244523954946   -0.00653566068487   0.999679631429
