-0.497455353313   -0.812430321541   -0.304130143362
-0.0889771049268   0.396522317543   -0.913702974981
0.862914391037   -0.427465816565   -0.269539847535
-0.189081522147   -0.858429450066   0.476809246179
0.690418501177   0.229063435427   0.686186735359
-0.69826246585   0.458943157493   0.549363911242
0.788341844052   0.192866733062   -0.584225607274
0.282797234773   0.729736024926   0.622503861779
0.546390758452   -0.655963228545   0.520739264772
0.954537459595   -0.159320470925   0.251942901813
0.0499697092849   0.918749321913   0.391666582234
-0.293872874528   -0.361270910854   0.884941841359
-0.61035681765   0.757810619409   -0.230624413839
0.263284702593   -0.0805132063233   -0.961352583077
-0.747091507467   -0.647487983454   -0.150378159163
0.539772391601   -0.751387966771   0.379554855927
0.564713502882   0.657578044981   0.498688053218
-0.624295142484   -0.0548382909217   0.779261404742
0.242515675082   -0.953243192865   -0.180315175726
-0.773048675447   -0.0775801190347   -0.629584839812
0.586158590085   0.292076600206   -0.755717782563
0.946761686459   -0.180455069082   0.266605095779
-0.0859841969403   -0.939788605223   -0.330762899021
0.310240272901   0.290229815035   -0.905272128995
-0.994823292606   0.0837672438558   0.0575296909927
-0.0945166526986   -0.554786652417   -0.826606540419
-0.0373258469636   -0.827764954052   0.559832083746
-0.98625183754   -0.00252775809744   -0.165229910692
-0.0060591138661   0.999763798962   0.0208718332625
0.16513812427   0.021586030751   -0.986034199807
-0.867087604517   -0.269027815239   -0.41926497674
-0.493628578473   0.350805077277   0.795780512623
-0.0670068101561   0.896972592884   -0.436978552115
0.891676983   0.00270521225211   -0.452664157864
-0.443611631048   0.20429395662   -0.872624031349
0.0901159186088   0.978905848954   0.183364282503
0.234815715964   0.635449625183   0.735571446829
-0.339845207841   0.762642216855   -0.550347239276
-0.910695785783   -0.12075025021   0.395034888118
-0.492326390297   0.767874001591   0.409858808734
0.830625994767   0.273742263321   0.484897545972
0.260144541043   0.579167239191   -0.7725866468
-0.813545823907   0.576849487443   0.0734020520202
-0.559393551217   -0.81083123827   0.172138194201
0.158814505825   0.0989816744808   0.982334251086
-0.00933652137444   0.52604160676   -0.85040758306
0.483131473   0.746968132833   0.456752217651
0.87549803493   -0.406594191411   -0.261121340271
0.683136505755   -0.720590699705   0.118632027732
0.723819840924   0.646513211732   -0.241050834763
0.0970018164227   0.250538840411   0.963234622019
-0.133153654169   -0.938819426507   0.317629011261
-0.96848596254   0.191316760257   0.159476761965
-0.210487635607   -0.286384325091   -0.934707961664
0.0386578389961   0.934815439828   0.353023603947
0.859064449393   -0.211546177152   0.466107805901
0.51040556744   0.285251307432   -0.811244629156
0.944977189315   0.065946434603   -0.32042031683
0.017974203489   -0.988457626582   -0.1504275522
-0.326642066616   0.136391305497   -0.935255244359
0.83119178201   0.153253223901   0.534447070235
-0.541633938181   0.00619859832341   0.840591609754
0.125510551465   -0.988167509455   0.0881593711867
0.144832204687   -0.695814184636   -0.703467307659
0.987632639016   0.0585177562242   0.145455981509
-0.0600450067532   -0.715833984011   0.695684055084
-0.448957462785   0.397893356593   -0.800073792465
-0.851563024017   0.0807300213497   0.517999111757
0.270698379636   0.913872825087   0.302586924421
-0.232925682527   0.895485968816   0.379276292527
-0.180806100791   -0.42308007398   0.887869587787
0.955538999903   0.138232162155   0.26045554133
0.126190776046   0.77702090561   -0.616696359878
0.635815551771   -0.540537959823   -0.550960341691
-0.761455495855   -0.322579023242   -0.56225288047
-0.114836168083   0.458088255516   -0.881457772476
-0.926670704176   -0.369090700832   -0.071087696411
-0.357902305834   0.808657656068   0.466881928073
0.933332753359   0.12534869619   0.336418899396
0.0774918755341   0.844639475204   -0.529697240085
-0.350549541054   0.520453515015   0.778616181424
-0.0549176993892   -0.876866312898   -0.47758718115
-0.0213443937601   0.479230666735   -0.877429418766
0.998262722508   -0.0379925962058   -0.0450344255513
0.921990035072   -0.158391275976   0.353336353807
-0.0545739962026   0.850246845343   0.523547496339
-0.383348476149   -0.501988551342   0.775275073865
-0.965779782664   -0.215679104358   -0.144055320419
0.196138229951   -0.970752723707   0.138451956166
-0.169703288563   0.105459344573   0.979836272289
0.172443174102   -0.104644434504   0.979445197054
0.276145211655   -0.949331391361   -0.15004576454
0.945519525862   0.296343469143   -0.134808658887
-0.352547745403   -0.237458286818   0.905164984537
0.85761266023   -0.469027090153   0.21098368116
0.374447075331   0.850662771446   0.369001676218
0.616181567965   0.533510380105   -0.579384975315
0.195695282993   -0.816269083934   -0.543514616941
-0.762904732922   0.221520782172   -0.607375428834
-0.368558883337   0.0939260886346   0.924847143796
0.78927319217   0.557238882304   0.257939248993
-0.491133563947   0.82502285903   -0.279508684019
0.731645927969   -0.309305100748   -0.607473942436
0.488378789005   -0.383874014165   0.783662490935
-0.475584266495   -0.870040858753   -0.129801808781
-0.991021849879   0.0275995408064   0.130820328736
-0.133405911874   -0.268989144432   -0.953859372683
0.00886316762106   -0.962747685287   0.270256061421
0.708945198322   0.630810383962   0.315396520687
0.285078187447   -0.665355309785   0.689951258266
0.645079167869   -0.399224963179   -0.651530732933
-0.502676568886   0.396713568305   0.768072009525
-0.851498729901   -0.0738564075472   -0.519129217095
-0.149218564764   -0.91496643424   0.374926985082
0.374128590918   0.875593531876   -0.305554846786
-0.425899916745   -0.130456364693   -0.89531580899
-0.823794305865   0.465099025851   0.324107756429
0.722582149391   0.669529676482   0.172061180084
0.564032242208   -0.714919893163   0.413227753315
0.399678204473   -0.201542944978   -0.894224677695
0.608893155398   -0.792879976684   0.0242995449225
-0.7336614699   -0.551238976537   0.397336681331
-0.301645442356   -0.259763225496   -0.91735112895
0.494422393572   -0.843952514514   0.208064052591
-0.786481818634   -0.332427852363   0.52051711973
-0.370125445887   -0.420993914706   -0.82811308291
0.632970849714   -0.688134297543   -0.354709870116
0.0525138231426   -0.418958433709   0.906485592386
-0.772392517954   -0.592406127052   -0.22905191298
-0.192113095616   -0.597106215975   -0.778817517353
0.325142064161   0.710051128057   -0.62458789106
0.925945568922   -0.373217848433   0.057734227329
0.883157321861   0.455006962051   0.114025476662
0.34756930423   -0.471517593745   -0.810473156586
-0.31500591042   0.755407057999   -0.574570668522
-0.243065513968   0.786617585118   0.567584293918
0.629573963053   0.573075353933   -0.524615348383
-0.737940228585   0.229820393998   -0.634528805916
0.0955560041923   -0.00878176225427   0.995385317711
0.875998290188   -0.474166573035   -0.0882782906675
0.47275368391   0.880391357106   -0.0376166543213
-0.00675143036235   -0.731955177308   -0.68131933526
0.964819030748   0.174309982244   -0.196825475982
0.262828187403   -0.658678714171   0.705027443015
0.0995534718499   -0.536316539823   -0.83812509529
0.994237091915   0.0199493447687   0.105331043397
-0.0397707342453   -0.843781128466   0.535211823433
-0.41005071113   0.306275923957   0.859100385698
0.543748549198   0.838325776402   -0.0393371054563
-0.732254006167   0.451004380272   -0.510293170078
-0.0632117630965   -0.997673736028   -0.025522332321
-0.951041933229   0.0524655936722   0.304576103331
-0.302528534598   0.0435256007597   -0.952146001321
0.482933428281   0.0703786604139   -0.872824236606
-0.22263897794   0.973877530152   -0.0446591733721
0.846880859006   0.21589210366   0.485987047386
-0.833617369574   -0.464090555024   -0.299502984763
-0.191206341265   -0.26624666572   0.944750151126
-0.518191293061   0.844827005801   0.133210788093
-0.693138117957   -0.115296701549   -0.711523871734
-0.349527685893   -0.809538742651   0.471675122241
-0.630388726287   0.575633298862   0.520822771211
0.0777959411392   -0.258501029072   -0.962873309169
0.664580197833   -0.706475961552   0.243361616526
-0.743156075256   -0.658839080291   0.11683370272
-0.88643952651   0.445395630473   0.125887641155
-0.462768295865   -0.84794822524   -0.258513658547
-0.00839465203701   -0.287413534246   0.957769800186
0.492872524395   -0.866568946658   0.0783258283406
-0.553523552842   -0.242817700266   0.79665001154
-0.671333263846   -0.436002093029   -0.599344495034
-0.590423115403   -0.135307897542   -0.795670985811
-0.474574504987   -0.739207433349   0.477861287089
-0.652824313284   0.659745514077   0.37223147723
-0.352470698286   -0.899608487098   -0.257815780724
0.935714947081   -0.342975247002   -0.0824955620162
-0.0142107233373   -0.270319347967   0.962665832705
0.640414368997   0.387876301513   -0.662888686513
-0.530677978402   -0.400455602435   -0.747004815056
-0.555202953182   0.830173045336   -0.0506201103873
0.747378390626   -0.55436074638   0.366209918077
-0.478136164987   -0.831483636363   -0.28287942695
0.461314804615   0.0363197650453   -0.886492823271
-0.673409524931   -0.411361111396   -0.614248848402
-0.640401946953   -0.0905002567196   0.762689353455
-0.369330418557   0.90696843361   -0.202492721755
-0.900382805311   0.21389363573   0.378893542428
0.0642161798202   -0.795958322448   0.601935736749
0.430333691627   0.566303683124   0.702931755102
0.577874123484   0.172036346067   0.797787561347
-0.357063249343   -0.825713486018   0.436695631964
0.733871469248   -0.53721572449   -0.41573060025
-0.456038771705   -0.474532498195   0.752892785766
0.423316470915   -0.859816482414   -0.285514941854
0.782835745322   0.188506033661   0.592987075002
0.75844645705   0.113873598806   0.641710039881
0.211576776014   0.888269360104   -0.40769205505
-0.616436728011   0.444983536094   0.649611740169
-0.657838452959   0.513981194313   -0.550519665136
-0.05089004416   -0.759610653113   -0.648384036727
-0.751437803956   -0.398515981574   0.525857622571
-0.574839659544   -0.379603924541   0.72488635405
-0.557328552323   0.830261008113   -0.00717935738488
-0.599119562842   -0.408126841657   -0.688831060957
0.590236789076   0.539650839524   -0.600331162127
0.0718654437073   -0.775868516209   -0.626788164819
-0.804024807342   0.326810368496   -0.496728388782
0.90725815912   0.411356137065   0.0875714634351
0.395636504129   -0.905389720364   0.154081831698
0.14266880987   -0.105145531325   -0.984169715005
0.666752959129   0.742950457016   -0.0588651842103
0.319212985779   -0.213314692165   0.923363369328
0.673456428585   -0.634445790061   -0.379387635897
0.225187602738   -0.204417951739   -0.952629962042
0.793788017199   0.605449337113   0.0577207409924
0.564970023386   -0.769184243986   0.298604205395
-0.262958736782   0.211081516288   -0.941433638783
-0.356642485651   0.885394122786   0.29813316616
0.89647021154   0.414151953777   -0.157541483438
-0.175523520426   0.195813915762   -0.964804852896
-0.0812476999012   -0.97955749614   -0.184026962745
-0.981116866147   0.0460871147969   0.187844810447
0.557453687926   -0.819445221406   -0.133247570084
0.379723279516   0.108937665833   0.918663603261
-0.738278820509   -0.562709617901   0.371890130429
0.204124795943   0.887535406933   -0.413054438448
0.323064462035   0.337226211103   0.88425552637
0.924100871686   -0.313941688829   -0.21789491725
-0.478844630076   -0.590731457297   0.649418328666
0.139463248946   -0.781533467331   -0.608075194063
0.866751303686   -0.200603551318   0.456618432345
0.15844317398   0.485186072014   -0.859936181436
0.783510012002   0.468205486656   0.408528681194
0.600839264456   -0.738497188748   -0.305964181726
0.21495999932   0.533100542471   -0.818288463996
0.351999225544   0.739268837273   0.574088957788
0.910982296155   -0.411443067574   -0.0287377493295
0.24756220967   0.269271980149   -0.930701645561
0.785455130856   -0.618187584329   0.0300723792518
-0.567250552891   -0.738469167459   -0.364540942771
0.943489061287   0.3275847148   -0.0501661824441
0.285195257543   -0.87968041092   -0.380560165701
-0.168795901332   0.344747196178   -0.923394452236
0.731637289432   0.605896621905   0.312403841648
0.0128666547523   -0.470467901708   0.882323298263
0.681572685712   -0.64152103397   -0.35200772302
0.602215554126   0.015942116681   0.798174338904
0.379184551114   -0.885538351248   -0.26840436782
0.702535054332   0.464292663505   -0.539329973254
-0.752034815234   0.523194370217   -0.400888123608
-0.199705108862   0.398759075845   0.895046964648
0.628141310671   0.753165885051   -0.195396119266
-0.789040824196   -0.384048828924   -0.479500860014
0.354035174259   -0.922131990734   0.155986175834
-0.502069390761   -0.0466807097892   0.863566580059
0.0252824992024   -0.967050714056   -0.253325308007
0.90432254969   -0.0858867084719   0.418119838598
-0.426100365355   -0.239658902924   0.872354336777
-0.618945887215   0.567767108033   0.542721383156
-0.653946476203   0.0102084374241   -0.756471938717
-0.435040222233   -0.823125931338   0.364970829244
0.994139241436   -0.106701940896   0.0173742466506
0.00258159950334   -0.13723584173   -0.99053503678
0.108076380314   0.984774603426   -0.136156073917
-0.441535324494   -0.896501957431   0.0364800979382
-0.872932192351   0.419815809099   -0.248483548729
0.207451065993   -0.14155891619   -0.967948928645
0.111803339601   -0.987836125726   -0.108073132484
-0.0144757668968   0.107124458455   -0.994140232851
0.993624911839   0.112712639538   -0.00232281328011
0.383859989646   -0.363786582785   0.848711276309
-0.838286984956   0.248123468734   0.485499407947
-0.387203356392   -0.897827414623   -0.209712885512
0.439510116677   0.204863776403   -0.874563714349
0.454866586336   0.788810950172   0.413368689579
0.774549705296   -0.579489532267   0.253504706109
-0.447597614973   0.208413928502   0.869609113037
-0.880209520542   -0.274241064983   -0.387328075697
0.157757963403   -0.93880534334   0.306197570696
-0.776473200973   0.623533175139   0.0910809951225
-0.614127507414   -0.781170323918   0.112340240638
0.141197637403   0.0312938417387   0.989486696556
-0.622070522863   -0.730176662948   -0.282613349775
0.73540873554   -0.668774916193   0.109151743748
-0.268704775315   -0.1399362439   0.953003458213
0.0164564034637   -0.722807078173   0.690853902448
0.837645182855   -0.367319135466   -0.404261302082
0.545966788757   0.585343130534   0.599411115272
0.992779873938   0.103052707155   0.0613861666151
-0.0839653986549   0.231575813256   0.969186491107
0.0856617401896   -0.967343156415   0.23855666833
-0.748748076916   0.10011342082   -0.655250807162
-0.0421729752992   0.979330923176   0.197819066486
0.661511721339   0.175750521714   -0.729050064569
0.721817880243   -0.572354748886   -0.38908737989
-0.346432067587   -0.785503667966   0.512804846076
-0.599135852966   -0.235359361486   -0.765272631584
0.0419344581455   0.909273518886   -0.414081114122
0.860079293191   0.17805128046   0.47808090419
0.508433978649   -0.376190655625   -0.774580841472
-0.381316003997   0.838283345355   -0.389716740719
0.913685094903   0.405883503411   -0.0209315315052
0.140633041807   -0.36405990518   -0.920696873565
-0.974540489058   0.222018260729   -0.0312846142518
0.12363555378   0.415726838292   -0.901046861026
-0.18704300315   -0.881974539217   -0.432591986918
0.593136465838   0.733184759584   -0.332609743102
-0.798492660246   0.482892034672   -0.359478447731
-0.102949523678   0.478806214626   0.871863523959
-0.654578579824   0.189231768895   -0.731927742661
-0.386366402158   0.748438975662   0.539036272429
0.649806037306   0.635633886252   -0.416799324052
-0.809124418878   0.474646696855   -0.346450844912
0.404768471404   0.0227641544395   -0.914135809292
-0.426004881818   -0.879881984381   -0.210541051175
-0.977089755136   -0.142180438521   0.158367715491
0.16841153873   -0.0615567606528   0.983792823129
-0.130127491449   0.987924839307   0.0840913066218
-0.615166393846   0.47199684971   0.631497649834
0.633798772475   0.772460314357   0.0400522003394
-0.468902360723   0.424881202934   -0.774342649931
0.941330274756   0.33690777723   -0.0197601485371
-0.334507934892   0.923658803751   -0.18697287436
-0.0447409803431   0.182613153673   0.982166320326
0.997070030815   -0.0558689958485   -0.0522494875906
-0.0260452670111   0.394286444804   -0.918618442831
0.0719235546738   0.917287770957   0.391676074756
-0.841811814898   -0.403788895432   0.358200218068
-0.53106745058   0.500891826294   -0.683428665835
0.0965413446773   -0.765546802147   -0.63609579663
-0.344626019465   -0.755106573405   0.557715850149
-0.41027114482   -0.413213518291   -0.812977352716
0.844340271712   -0.508987869307   -0.167394308334
0.400546888678   0.238534666134   -0.884682656676
0.399112451239   0.823692014989   0.402791156445
0.824785694127   -0.514424608175   0.234725118526
0.212672149807   -0.378440277725   0.900862649293
-0.944161065558   -0.31703588758   0.0897113608777
0.25165539728   -0.869638546858   -0.424733279645
0.0455449481027   -0.578210378376   -0.814615501964
0.998419277782   0.0532313457111   0.018038003955
0.0329333183147   -0.814149361096   0.579720807262
-0.995572533092   0.0749870447649   0.0566769306771
-0.0583841342738   -0.020772114548   -0.998078059133
-0.0736656244028   -0.996968135085   0.0250582003886
-0.636341460238   -0.126278431824   0.761001513558
0.309022057283   0.862165950347   0.401466364936
-0.706806136146   0.490635946215   -0.509609119019
-0.816804759486   0.574157008702   0.056335727911
-0.0413523222831   -0.155666422989   0.986943742163
0.575430248008   0.803810732768   0.150891800854
-0.950245096444   -0.0384033702605   0.30912689601
0.210919344601   0.650953229771   0.729227620653
-0.229231949687   0.758145813022   -0.610465100919
-0.598524209943   0.194067552636   -0.777242918994
0.516753776553   -0.647850798678   -0.559691769701
-0.612155457813   -0.736632287961   0.287469246708
0.277313972326   -0.107242457601   0.954775374651
0.760337999819   -0.583012950381   -0.286325035092
0.587352608562   0.805353931496   -0.0801371214792
-0.210494255917   -0.83219357244   -0.512977607909
-0.236692815803   0.552505992419   -0.799195620163
0.948508660568   -0.046807972938   -0.313273577718
0.95797425682   -0.159153526916   0.238653468736
-0.161311194415   0.389065567016   0.906976671761
-0.237200383276   -0.907357779177   0.347041551895
0.996012628462   -0.0557175112374   0.0696735450937
0.0637442561425   0.990862205837   -0.118864455802
-0.0624140509281   0.122831787359   0.990462941387
0.898271714115   -0.36623851418   -0.242852379752
-0.172744113365   -0.802439663065   0.571183034095
-0.404063607515   -0.471126244091   -0.784074399028
0.822082780802   -0.569133482787   0.0163395312155
0.56885432894   0.822221576208   0.0188794084686
-0.0241796186052   -0.00622562354894   0.999688245232
