-0.49586428894   -0.814604916656   -0.30089439462
-0.0896497159956   0.392661176204   -0.91530329898
0.863760114485   -0.426891122491   -0.26773575436
-0.191889735892   -0.858863246559   0.474902361511
0.688875277088   0.226785446607   0.68849053285
-0.699020158419   0.459262762388   0.5481318575
0.787722295593   0.191026517118   -0.585664114305
0.285110673835   0.729704897565   0.621484244479
0.546081943202   -0.656536086006   0.520341117999
0.954894279806   -0.159615916418   0.250399028793
0.0505011688917   0.918256235394   0.392753253456
-0.292620140002   -0.362392391457   0.884898416927
-0.610778267171   0.758754804054   -0.226364872887
0.258505659625   -0.0791375855828   -0.962762725956
-0.748414812984   -0.646551150237   -0.147806893725
0.53666595203   -0.755462858817   0.375853062884
0.567049559831   0.652753094132   0.502362612856
-0.624855545408   -0.0564735960232   0.778695242264
0.24367559227   -0.953524458829   -0.17723800988
-0.769971349452   -0.0790785479354   -0.63315930403
0.589717158267   0.290753658052   -0.753456026304
0.946868288029   -0.177918221968   0.267928257966
-0.0827290289724   -0.939757506692   -0.331680171823
0.310799538111   0.291891991852   -0.904545583264
-0.994656227621   0.0850719804606   0.0584957006533
-0.0960983499173   -0.555786900608   -0.825751795793
-0.0377371964721   -0.826960506465   0.560992178866
-0.986096234212   -0.00835512675795   -0.165965082865
-0.011382378894   0.999785595512   0.0172975274856
0.165784976171   0.0189461041711   -0.985979911972
-0.86563467444   -0.271521192487   -0.42065764279
-0.495903724854   0.349238178838   0.795054834661
-0.0689645277177   0.896832724912   -0.436961047971
0.892225954038   0.000992240468105   -0.451588155734
-0.442260181497   0.204131759976   -0.87334767214
0.0913169141112   0.978942919699   0.182570482743
0.236720752437   0.632887181279   0.73716829906
-0.338584187159   0.764907498347   -0.547975608196
-0.910672297576   -0.119876331047   0.39535507039
-0.494903327513   0.766362346958   0.409584484058
0.828773841277   0.274631618783   0.487556554648
0.261160135609   0.580746267426   -0.771057168074
-0.811651769095   0.579838859035   0.0707693668021
-0.562822390949   -0.808700523957   0.170980755637
0.156372510278   0.0989462485643   0.982729503945
-0.0102045510317   0.52191949877   -0.852933704306
0.481702090841   0.750048638823   0.453199884244
0.876275620349   -0.406235247367   -0.259063623419
0.67927400458   -0.723533592559   0.122824945104
0.727490437268   0.641813169784   -0.242556217765
0.0966669042914   0.254116106398   0.96233077166
-0.128454367285   -0.939757143143   0.316790131532
-0.968682142832   0.187343115599   0.162964607185
-0.212495603914   -0.285935427935   -0.934391004542
0.0348389248878   0.935327386452   0.35206381448
0.858159511817   -0.208543904483   0.469117993879
0.512199669651   0.28578334461   -0.80992553877
0.945581133808   0.0704387297603   -0.317670748945
0.0224657432234   -0.988090864238   -0.152222647431
-0.324609934794   0.136802154073   -0.935902538128
0.832434723143   0.153528747519   0.53242967178
-0.539746135858   0.00720196406102   0.841797030489
0.125405504395   -0.988117935977   0.0888617131757
0.140477510212   -0.69694362743   -0.703232286879
0.988183074618   0.0547045118578   0.14318389372
-0.0613211233021   -0.715036360311   0.696392650212
-0.445799607861   0.399238277066   -0.801168838484
-0.852608126998   0.0832034899297   0.515884251592
0.272620783156   0.91306405985   0.303301716451
-0.229788122225   0.896861634276   0.377937333229
-0.181437849558   -0.420997581644   0.888730185713
0.956178710091   0.135647503531   0.259464890022
0.123680127807   0.778340102314   -0.61554034077
0.636364861584   -0.538169735555   -0.552641926272
-0.761408555853   -0.323357419681   -0.56186919315
-0.109520953543   0.459231837067   -0.881539154297
-0.927165373027   -0.366876849519   -0.0759325249584
-0.358286940586   0.809016376294   0.465964559912
0.932832813337   0.121440191216   0.339227390284
0.081929213754   0.845334996501   -0.527916989332
-0.350871124909   0.520250923736   0.778606723614
-0.0536440768396   -0.878575962199   -0.47458043751
-0.0212138621542   0.476160203042   -0.879102629442
0.998334756018   -0.0370909650213   -0.044181163874
0.921808586045   -0.162206973139   0.352076452718
-0.0508621678271   0.849781829944   0.524675024545
-0.384294119884   -0.501557314135   0.775085988817
-0.966438394393   -0.212113872701   -0.14492941334
0.192286188433   -0.9713802519   0.139450449824
-0.170360945   0.106902344342   0.979565739087
0.169896805354   -0.101815316084   0.980188102836
0.278443428366   -0.949159022967   -0.146855052078
0.945306475557   0.297877139996   -0.132909280104
-0.354201862893   -0.236798555923   0.904691927805
0.858109025255   -0.466853789137   0.213767257418
0.371739076637   0.852041069128   0.368559459816
0.615118728873   0.536272424074   -0.577962660185
0.196720966011   -0.814257688314   -0.54615499499
-0.763498402697   0.222252793456   -0.60636118352
-0.371376969625   0.0939039972901   0.92372137884
0.78764173043   0.558645697478   0.259875911107
-0.491629587105   0.82407343361   -0.281430853143
0.729560762364   -0.310879933603   -0.609175476281
0.488436845177   -0.386629944044   0.782270243997
-0.478717601821   -0.868257423378   -0.130224822731
-0.990514947047   0.0336006541143   0.133233388157
-0.137355201527   -0.268238572648   -0.953510155561
0.00369976893675   -0.962766360124   0.270309540199
0.70664058835   0.63258769774   0.317004548176
0.287172375074   -0.665860450933   0.688594137993
0.646676971826   -0.395553617797   -0.652185732409
-0.502098619111   0.397045668067   0.768278409273
-0.851667545674   -0.0727257994365   -0.519011897496
-0.150197764072   -0.914912944255   0.374666433114
0.373950172955   0.8759309349   -0.304805291016
-0.424787319939   -0.130388997418   -0.8958540295
-0.824449513897   0.464482191948   0.323325366152
0.721835770258   0.670334435261   0.172060645354
0.563723284056   -0.713733364635   0.415693087771
0.401458814563   -0.203067548146   -0.893081402281
0.609302566816   -0.792704457555   0.0192360350267
-0.732415189609   -0.553334967551   0.396722073641
-0.303839385369   -0.255812542023   -0.917737201623
0.495972086283   -0.843901778345   0.204551895943
-0.784710842113   -0.334727187442   0.521715060409
-0.371807186454   -0.419270197477   -0.828234216637
0.632216874447   -0.68722647009   -0.357801065499
0.0543229868508   -0.42134961741   0.905269856456
-0.772884749988   -0.591763701756   -0.22905214367
-0.193321551989   -0.599260408638   -0.776861467815
0.323352708635   0.708646777566   -0.627106665938
0.926320572672   -0.372433493774   0.0567757814595
0.882140389395   0.456379623663   0.116387166399
0.350163133013   -0.470239949471   -0.81009886446
-0.314982719646   0.755375422573   -0.574624971001
-0.243508089018   0.785749512738   0.568596090221
0.629403545696   0.574056787883   -0.523746103519
-0.737939690794   0.230339982456   -0.634341000751
0.0929436098769   -0.00566221477631   0.995655274032
0.875717704641   -0.475380408264   -0.084450987071
0.473793190286   0.879762130784   -0.0392250694817
-0.0106852851834   -0.73457623676   -0.678442021891
0.96407478571   0.172521864868   -0.201980230964
0.265415960783   -0.65622706324   0.706342982716
0.0970619079145   -0.538955679477   -0.836723228787
0.994581692484   0.0210740452499   0.101799516664
-0.0372322844892   -0.842070460339   0.538080938908
-0.413791334631   0.305325806685   0.857643797364
0.544142241951   0.83822550104   -0.0358779867097
-0.729853376994   0.451834218688   -0.512991117772
-0.0590808516449   -0.997916938891   -0.0259082234568
-0.950791053491   0.0483453573256   0.306037741179
-0.304147703542   0.0427142774589   -0.951666782509
0.483509163834   0.0647757781412   -0.872939280279
-0.220999382609   0.973984484549   -0.0501347857723
0.846981795185   0.217159670345   0.485245830689
-0.833643774477   -0.465410328492   -0.297373979037
-0.187573374202   -0.267843393473   0.945027060916
-0.519475010531   0.843595366693   0.1359873918
-0.692076987047   -0.11308750123   -0.712909995067
-0.351702475881   -0.809653211118   0.469858538483
-0.630344994792   0.575910491997   0.52056920073
0.0771235147789   -0.255273935925   -0.963787933679
0.664372395068   -0.707620478216   0.240587986986
-0.743411920903   -0.658869089006   0.1150227778
-0.885214637671   0.447893826867   0.1256430066
-0.465100216743   -0.84707402848   -0.257191326954
-0.00876547991555   -0.286106116903   0.958157845155
0.494307340943   -0.865863156403   0.0770794854228
-0.55403136575   -0.245473439859   0.795482266357
-0.669857819582   -0.43591717643   -0.601054670424
-0.589579624266   -0.13239355484   -0.796785926888
-0.477154100532   -0.73885298338   0.475836351381
-0.651705325278   0.66073308952   0.372440536753
-0.353555969048   -0.899696588411   -0.256016065027
0.935326587767   -0.343752731605   -0.0836554465071
-0.0127417018632   -0.269035514971   0.9630459702
0.640224823084   0.390243940302   -0.661681073452
-0.529638045587   -0.399655049878   -0.748170690267
-0.556413260602   0.829448918357   -0.0491810457593
0.746530754655   -0.552687642092   0.37044325157
-0.476259110454   -0.832674039386   -0.282544162641
0.464617145685   0.0345009334931   -0.884839303785
-0.671932669557   -0.414476339581   -0.613771823652
-0.641304931739   -0.0889128523861   0.762117109904
-0.3704517136   0.905706281643   -0.206062270401
-0.900966273716   0.215068319981   0.37683602716
0.0618896902779   -0.795925994115   0.602222116938
0.429452488481   0.565904081654   0.70379196536
0.577828026166   0.174074673525   0.797378693103
-0.355463796656   -0.825783801798   0.437865963457
0.7346837833   -0.536450483013   -0.41528377988
-0.457546820607   -0.474801600009   0.751807387289
0.42346604259   -0.859816017659   -0.28529445587
0.781874297906   0.187829327865   0.594468439758
0.755082475727   0.112495734346   0.645906467381
0.214191627371   0.888785883419   -0.405193287455
-0.619655066641   0.444302108017   0.647011000832
-0.659643717407   0.513982243088   -0.548354283174
-0.0524732817017   -0.75931853215   -0.648599970275
-0.749744436987   -0.399070946729   0.527850034275
-0.573399832374   -0.380266227184   0.725679149967
-0.559905965144   0.828514991747   -0.00825945802925
-0.598095262003   -0.411048056696   -0.68798368633
0.590700403162   0.541993964626   -0.597758794174
0.0730248542315   -0.773686179014   -0.629346539727
-0.803579743628   0.328104005935   -0.496595768126
0.90567616161   0.415180091338   0.0858847020617
0.399725662705   -0.903702635844   0.153430572388
0.14131555069   -0.104628092426   -0.98442007162
0.664502957524   0.744767715736   -0.0612933033829
0.321028702095   -0.210436941968   0.923394209364
0.674815820705   -0.633275092715   -0.378927783455
0.224381663021   -0.207228080836   -0.952212892064
0.793952776501   0.605457003134   0.0553245518966
0.565059163262   -0.768425884434   0.3003827594
-0.259727154912   0.20714372253   -0.943203733675
-0.36232752349   0.884462153447   0.294016096229
0.895131594082   0.418112637141   -0.154664966751
0.43351258994   -0.135655713866   -0.890878421368
-0.0258920416955   0.986321221832   -0.162788358124
0.900775463998   0.0936374639741   0.424070263989
0.556024678745   -0.819645863511   -0.137902918951
0.384025299543   0.106196672618   0.917195091589
-0.737130331717   -0.562941315906   0.373812719031
0.204321768624   0.887047231434   -0.414004618419
0.32244240743   0.338338235219   0.884057765352
0.924274585152   -0.314124892033   -0.216891778195
-0.479513450017   -0.588201328185   0.651218894669
0.138334182703   -0.783489209597   -0.605812109768
0.866562464655   -0.200409221261   0.457061963944
0.156530896127   0.485546322724   -0.860083046599
0.782527444866   0.470351918576   0.407945916418
0.60261835069   -0.736894728696   -0.306328715976
0.212767244723   0.532292338222   -0.81938694537
0.352102762646   0.740480200609   0.572461978687
0.911456934863   -0.410309565055   -0.0298716707673
0.244501945808   0.271195941097   -0.930951964405
0.78629221415   -0.617278076004   0.0266895270036
-0.567418146047   -0.738525922644   -0.364164947681
0.942626439465   0.330481690393   -0.0472995553616
0.288911272583   -0.878509006794   -0.380463140865
-0.167289187328   0.344969241089   -0.923585702848
0.730464170975   0.608501568543   0.310077306494
0.0163273229403   -0.469455451828   0.882805186479
0.682755822713   -0.639794826354   -0.352855589048
0.601431797248   0.0165016690455   0.798753709336
0.382719813404   -0.88355455063   -0.269920174292
0.701288341331   0.468037446131   -0.537713317049
-0.752163895985   0.522571836931   -0.401457530534
-0.200052207855   0.399386080037   0.894689819549
0.627876251907   0.753265845714   -0.195862140222
-0.790888551619   -0.380018075732   -0.479668178052
0.350531186317   -0.923814667778   0.153929682054
-0.501620560122   -0.0463974322006   0.863842631472
0.0242215522078   -0.966009434424   -0.257369557276
0.903498186614   -0.0890421828625   0.419240404131
-0.427906932865   -0.242687581625   0.870631032373
-0.617565382619   0.568536631353   0.543487899589
-0.655238235377   0.0103283642626   -0.755351692784
-0.435058447902   -0.822593109442   0.366148498847
0.994198916833   -0.105878341322   0.0189285658929
0.00414579932453   -0.138132119041   -0.990405134295
0.107477095773   0.984738185777   -0.136891852774
-0.438445009208   -0.898000114284   0.0369021496146
-0.874417433956   0.416720217889   -0.248472153765
0.20775015065   -0.141209258719   -0.967935855394
0.11238461763   -0.988084030003   -0.105164858073
-0.0124025887716   0.104432235064   -0.994454666675
0.993587375882   0.113065723953   -0.000518223089968
0.386279028465   -0.367196600103   0.846141341054
-0.837236120985   0.24537609913   0.488698524341
-0.387071298194   -0.897194085384   -0.212646615929
0.441470537999   0.202160670702   -0.874205254674
0.455955900085   0.788576576854   0.412615074391
0.772792327379   -0.580756442632   0.255956975066
-0.447022520497   0.208997632082   0.869764827958
-0.88022174128   -0.275942055689   -0.386090233081
0.159312750109   -0.9381769405   0.30731657288
-0.776048001254   0.624230374549   0.0899218507413
-0.614593529031   -0.780525972608   0.114254103463
0.141507221807   0.0334012810435   0.989373569791
-0.624474679336   -0.728394795561   -0.281908489882
0.733088249817   -0.671147190378   0.110195584427
-0.269467981118   -0.137849449207   0.953092092353
0.0149163173964   -0.722803990399   0.690892100794
0.837173154872   -0.368790557007   -0.403899286733
0.546734498854   0.584421009655   0.599611099995
0.992835277892   0.101902681844   0.0624015577289
-0.0847332396274   0.23218954345   0.968972803547
0.0842519381159   -0.967317868824   0.239160514254
-0.747939408712   0.0976914187978   -0.656538671815
-0.0470009508783   0.97883265117   0.199192247893
0.662100862038   0.179841673973   -0.727515924768
0.721330890535   -0.572278244181   -0.390101727241
-0.342393246595   -0.784262284308   0.517396882575
-0.602037051224   -0.239646157176   -0.761656817934
0.0394388685683   0.908518743698   -0.415978686948
0.858635419774   0.182110642408   0.479146042279
0.511067306287   -0.376071012271   -0.772904135177
-0.381386028148   0.836958804286   -0.392485232157
0.913492556729   0.406300639506   -0.0212400361821
0.141689965536   -0.366632991239   -0.91951302514
-0.975109143935   0.219927259813   -0.0281808056249
0.119718614636   0.415252904724   -0.901794033263
-0.186626929258   -0.882721374789   -0.431246291307
0.594404754589   0.732070595712   -0.332799685421
-0.797426032735   0.483111294679   -0.361545570116
-0.103897593999   0.480287538718   0.870935801373
-0.654548461379   0.188848163095   -0.732053743248
-0.387804400589   0.747334241639   0.539536169462
0.648979243575   0.637046232678   -0.415930329309
-0.810354090783   0.474233013712   -0.344135578306
0.402885090592   0.0245074326542   -0.914922395356
-0.425452525353   -0.880058199468   -0.210921108997
-0.97760329914   -0.141961113161   0.155366765625
0.165115909257   -0.0596210298996   0.984470451209
-0.130493394549   0.988075085782   0.0817257538066
-0.618078273551   0.468201557195   0.631479650982
0.629344416073   0.776066001219   0.0405853139663
-0.471067780391   0.422503092997   -0.774329569812
0.942418903562   0.333861143244   -0.0195792553727
-0.331674516262   0.92553139767   -0.182711924047
-0.0428791962562   0.178685111182   0.982971518189
0.997012454433   -0.0563766481407   -0.0527999928932
-0.0262870678243   0.395116131347   -0.918254993351
0.0726302675907   0.916899621711   0.392453727127
-0.841039332477   -0.403596324706   0.360226106647
-0.532279848989   0.498476184373   -0.684251164393
0.0965971199717   -0.767223240196   -0.634064268128
-0.34504008546   -0.751454919928   0.562372512434
-0.410383191067   -0.41807608764   -0.810430762887
0.844116683827   -0.510419325907   -0.164131458975
0.396909416745   0.23448858139   -0.887399583106
0.402127997528   0.824663903476   0.397771944596
0.825079383152   -0.514727647889   0.233022445262
0.216364790571   -0.376870938643   0.900641201038
-0.943278229248   -0.318630646633   0.0932775066776
0.251818306776   -0.869737205501   -0.424434604787
0.0449852068851   -0.578115155482   -0.814714181884
0.998494512131   0.0516420761628   0.0184879748585
0.0313853533719   -0.81431932494   0.579567939609
-0.995096438671   0.0768109537055   0.0623149671873
-0.0642095964061   -0.022445975679   -0.997683970957
-0.075234337068   -0.996792985312   0.0272679107977
-0.640032864936   -0.126514339044   0.757860180916
0.306501362914   0.862434314381   0.402820019251
-0.704567134014   0.490103229324   -0.513209487708
-0.815722413185   0.575988822079   0.053233649773
-0.0444930338177   -0.154234381193   0.987031978003
0.576729845395   0.802775580407   0.151439931762
-0.951252520527   -0.0393984222682   0.305886264018
0.207860915751   0.650807200104   0.730235460654
-0.22784310807   0.758220121479   -0.610892597344
-0.599570092766   0.195515750503   -0.776072996029
0.515738145951   -0.647119348256   -0.561471917307
-0.611988454688   -0.73689221764   0.287158476996
0.27571835124   -0.106398623131   0.955331734941
0.761917675224   -0.581750633138   -0.284688701963
0.586055327568   0.806378034076   -0.0793323338187
-0.208160024022   -0.832950744184   -0.512701143125
-0.239128674686   0.551616002785   -0.799085266048
0.948412822215   -0.0437360633107   -0.314006807926
0.95837910424   -0.161311619246   0.235559024563
-0.157280554438   0.390277293213   0.907163966214
-0.23826942681   -0.906455843325   0.348662421763
0.995711569873   -0.0592689894284   0.0710327847818
0.0677104144881   0.990091872257   -0.123017820906
-0.0630378409494   0.127299926877   0.989859060284
0.898933620539   -0.36340459373   -0.244653729012
-0.167934486415   -0.801652181847   0.573717515518
-0.404618776303   -0.47464816506   -0.78166026205
0.819995564947   -0.572141341605   0.0161727762964
0.571890668447   0.820137900586   0.0177450659414
-0.023416592633   -0.00530181552489   0.999711735423
