-0.495368224144   -0.815271048796   -0.299905717692
-0.0898454667184   0.391474611693   -0.915792236542
0.864024371542   -0.426709204723   -0.267172491073
-0.192766662658   -0.859000350769   0.474298862687
0.688386473738   0.226071388833   0.689213892725
-0.699260378215   0.459358383541   0.547745195258
0.787519520283   0.190454215565   -0.586123022025
0.285835310616   0.729699000679   0.621158227518
0.54599558641   -0.656708885414   0.520213667101
0.955007612497   -0.159713448339   0.249904130603
0.0506790896021   0.918102921775   0.393088609483
-0.292219249794   -0.362737700615   0.88488941151
-0.610907428494   0.759039302692   -0.225058771835
0.257050301175   -0.0787046501936   -0.963187790986
-0.748810561141   -0.64627000163   -0.1470300259
0.535694880033   -0.756719618436   0.37470843943
0.567773397157   0.651252677834   0.503491131098
-0.625031491197   -0.056968137473   0.778517993579
0.244039336655   -0.95360776428   -0.176286794939
-0.769007794732   -0.0795448220529   -0.634270945989
0.590822997018   0.290352980335   -0.752743869457
0.946903550138   -0.17711317014   0.268336713289
-0.0817036845553   -0.939749201179   -0.331957748537
0.310963301156   0.292407872408   -0.90432265342
-0.994603020584   0.0854770197263   0.0588091025638
-0.0966010884676   -0.556101978842   -0.825480962127
-0.0378557941738   -0.826706881686   0.561357881054
-0.986042733757   -0.0101664798542   -0.166181737544
-0.0130354316507   0.999784081527   0.016182331325
0.165981338491   0.0181227208996   -0.985962353368
-0.865181776862   -0.272286611164   -0.421094400779
-0.496610129008   0.348754420576   0.794826228742
-0.0695620065371   0.896788913574   -0.436956258379
0.892398753863   0.000464366118915   -0.451247435968
-0.441835309099   0.204078785857   -0.87357507336
0.0916843701869   0.978954357224   0.182324827536
0.237300484712   0.632099121644   0.737657901993
-0.338200303602   0.765599806218   -0.547245366688
-0.910664062429   -0.119614535637   0.395453319957
-0.495692665969   0.765901692487   0.40949160962
0.828202443341   0.274903364356   0.488373681837
0.261475608325   0.581225203954   -0.770589234638
-0.811071026257   0.580747514037   0.0699722466882
-0.563864246467   -0.808049802303   0.170624232025
0.155630658686   0.0989335228201   0.982848541811
-0.0104796007919   0.52063857505   -0.853712862816
0.481265873286   0.750997897016   0.452089944467
0.876512029112   -0.406125144318   -0.258435736644
0.678072583329   -0.72443986052   0.124114705929
0.728622139421   0.640351324455   -0.243022548779
0.0965782050149   0.255219650026   0.962047597864
-0.127005439207   -0.940042469149   0.316527683794
-0.9687372123   0.186116832242   0.164038831564
-0.213114598085   -0.285798322164   -0.93429197103
0.0336757606757   0.935478297608   0.351775919936
0.857869753536   -0.207638412452   0.470048694969
0.512762546517   0.285948674378   -0.809510918093
0.945757654881   0.0718259197879   -0.316833545385
0.0238550669824   -0.987974592444   -0.152764984416
-0.323995978391   0.136920567962   -0.93609794576
0.832819693893   0.153598537835   0.531807151737
-0.539162329091   0.0075121000741   0.842168362765
0.125360840588   -0.988104780642   0.0890707702884
0.139136072782   -0.697274761881   -0.703170718741
0.988348343517   0.0535258985318   0.142486946959
-0.06171470747   -0.7148026893   0.696597739195
-0.444836251003   0.399641773389   -0.801503064721
-0.85292953712   0.0839420833255   0.515232890405
0.273188423074   0.912819905353   0.303525791143
-0.22881945692   0.897277918395   0.3775367443
-0.181622219181   -0.420366469696   0.888991226422
0.956375985497   0.134849428314   0.259153634064
0.12290786595   0.778735680542   -0.615194600381
0.636536419957   -0.537446641054   -0.55314780492
-0.761390203874   -0.323607552246   -0.561750041899
-0.107888979428   0.459578646845   -0.881559660762
-0.927312063343   -0.366195001324   -0.0774180740141
-0.358402434837   0.809128350986   0.465681228238
0.932677655898   0.120241198346   0.340080055884
0.0832864135747   0.845542932315   -0.527371333052
-0.350964048733   0.520191506882   0.778604541898
-0.0532420279588   -0.879096015665   -0.47366177986
-0.021171853068   0.475221697012   -0.879611329694
0.998357170103   -0.0368039934014   -0.0439138585553
0.921746907074   -0.163389388969   0.351690982072
-0.0497177672597   0.849631038861   0.525028800565
-0.384591709372   -0.50142896344   0.775021426611
-0.966644393623   -0.211015030935   -0.145159474363
0.19110348405   -0.97156988671   0.139754833982
-0.170522944677   0.107352745457   0.9794882916
0.16910369754   -0.100944286152   0.980415315349
0.279156350603   -0.949101576713   -0.14586956159
0.945238420398   0.298356243731   -0.132317347427
-0.354705867077   -0.236593833501   0.904548011888
0.858265115358   -0.466173147562   0.214624295578
0.37089720897   0.852470500628   0.368414584317
0.614784805707   0.537126380568   -0.577524799441
0.197036057793   -0.813633570371   -0.546970936244
-0.763686083808   0.222476211006   -0.606042821041
-0.372245796507   0.0939032405624   0.923371674026
0.787133484174   0.559086997956   0.260466133708
-0.491786483217   0.823774186369   -0.28203216979
0.728917289354   -0.311355714824   -0.609702553813
0.488457215834   -0.387478170861   0.781837716797
-0.479676071511   -0.867708641165   -0.130355592391
-0.990349578386   0.0354396458729   0.133984118798
-0.138575685155   -0.267999224903   -0.953400857423
0.00211945122531   -0.962767078245   0.270323992599
0.7059329761   0.633128833738   0.317500414401
0.287805708043   -0.66601044549   0.68818453987
0.647168067563   -0.394433728766   -0.652376828175
-0.501914157283   0.397148615496   0.768345726824
-0.851723403423   -0.0723770072502   -0.51896899029
-0.150497251738   -0.914895920874   0.374587815055
0.373894257249   0.876037323282   -0.304568042665
-0.424446964252   -0.130360450364   -0.896019490591
-0.824650143354   0.464289523032   0.323090358675
0.72160188413   0.670584353013   0.172067853808
0.563627672679   -0.713366853575   0.41645117218
0.40201314333   -0.203529746509   -0.89272676384
0.609433800249   -0.792640327673   0.017656558551
-0.732024940179   -0.553995994618   0.396519766093
-0.304515894609   -0.254577589141   -0.917856372772
0.496448159367   -0.84388476072   0.203464335168
-0.784161184252   -0.335436197227   0.522086003167
-0.372331118998   -0.418737469322   -0.828268356037
0.631984260479   -0.686941522064   -0.358757912485
0.0548791601044   -0.422093523696   0.904889681143
-0.7730356863   -0.591564368871   -0.229057689655
-0.193683494657   -0.59992549373   -0.776257757366
0.322799544719   0.708214134634   -0.627879919597
0.926437886653   -0.372185627715   0.0564862876805
0.881817200298   0.456816645337   0.117119502228
0.35097242874   -0.469835514978   -0.809983298056
-0.314986951354   0.755362920329   -0.574639085921
-0.24363156694   0.785484413701   0.568909391225
0.629366997049   0.574347754759   -0.52347095395
-0.737930106864   0.23051874639   -0.63428721014
0.0921215363248   -0.00469971058926   0.995736679683
0.875620326972   -0.475770685788   -0.0832544145249
0.47413359461   0.879556801614   -0.0397135643902
-0.0118909714924   -0.735385964421   -0.677544159542
0.963829977473   0.171993960635   -0.203592367315
0.266252472892   -0.655458283064   0.706741862239
0.0963062464491   -0.539787939248   -0.836273930921
0.994684128436   0.02142526305   0.100719624406
-0.0364498495479   -0.841528335082   0.538981882555
-0.414974503168   0.305078215438   0.857160104173
0.544271828948   0.83818564788   -0.0348280907029
-0.729084589011   0.452075327964   -0.51387115108
-0.0577986863277   -0.997989517485   -0.0260045159214
-0.950717771845   0.0470754586205   0.306463080147
-0.30462276697   0.0424361188751   -0.951527270055
0.483686606104   0.0630630515606   -0.872966390306
-0.220479677698   0.974015187709   -0.0517988980098
0.847015925941   0.217525781554   0.485022221719
-0.833662391214   -0.465762979674   -0.296769041916
-0.186538026576   -0.268305834684   0.945100811404
-0.519817835512   0.843253713801   0.136793976639
-0.691756641762   -0.112397614861   -0.713329884942
-0.352372168036   -0.809688316716   0.469295946037
-0.630322618801   0.575996185705   0.520501479615
0.076892821874   -0.254299881075   -0.964063827985
0.66429605349   -0.707981754978   0.239734411247
-0.743504033117   -0.658857651624   0.114491692426
-0.884834289013   0.448667332793   0.125562356904
-0.465821368586   -0.846808166342   -0.25676133273
-0.00887319310853   -0.285680860228   0.958283732797
0.494753148645   -0.865642861258   0.076692624542
-0.554191895273   -0.246301071852   0.795114535912
-0.669395746267   -0.435887851124   -0.601590488723
-0.589320399492   -0.131496936338   -0.797126101992
-0.477951911011   -0.738735602865   0.475217507906
-0.651355077898   0.661043315369   0.372502748584
-0.353882246266   -0.899725354631   -0.255463582555
0.935209039019   -0.343989781702   -0.083994544001
-0.0123048411073   -0.26863602945   0.963163160927
0.640165333469   0.390984157605   -0.661301545686
-0.529310029541   -0.399406652744   -0.748535382178
-0.556793712655   0.829219943227   -0.0487344570321
0.746271035536   -0.552163312857   0.371746173422
-0.475681750279   -0.833045238575   -0.28242256096
0.465624756613   0.0339309065933   -0.88433154394
-0.67147863147   -0.415440185692   -0.613617062664
-0.641573977175   -0.0884361274735   0.76194611566
-0.370808952551   0.905311274353   -0.207152642364
-0.901148483761   0.215422592193   0.376197444154
0.0611778076104   -0.795913439567   0.602311441509
0.429172093771   0.56578697713   0.704057107371
0.57780356206   0.174701381573   0.797259349865
-0.354980783209   -0.825801849767   0.438223628384
0.734936519179   -0.536218921895   -0.415135617093
-0.458021203932   -0.47488696293   0.751464536214
0.4235035145   -0.859817855489   -0.285233288009
0.781576195873   0.187604978133   0.594931107124
0.754024829231   0.112070987121   0.647214532245
0.215000217868   0.88894694155   -0.404410980842
-0.620662116792   0.444087186208   0.64619277915
-0.660205650777   0.513988708197   -0.547671531602
-0.0529706297899   -0.759221531454   -0.648673090668
-0.749214662872   -0.399247134019   0.528468650836
-0.572951529916   -0.380468539823   0.725927155141
-0.560701020781   0.827973766314   -0.00859113446384
-0.597779984327   -0.411950400535   -0.687717934794
0.59083648345   0.542701200787   -0.596982124094
0.0733646391108   -0.773020843763   -0.630124118596
-0.803448741086   0.328502940279   -0.496543994704
0.905179293791   0.416370085797   0.0853603991674
0.400999807925   -0.903174947556   0.1532128198
0.140888608967   -0.104455568356   -0.984499585629
0.663788344699   0.745344657679   -0.0620191479313
0.321578444304   -0.209555855802   0.923403296214
0.675257238095   -0.632888366592   -0.378787510132
0.224124053942   -0.208103533337   -0.952082626592
0.793990659492   0.605476227394   0.0545652884259
0.565108167597   -0.768174106225   0.300934048325
-0.258708928213   0.205933801814   -0.943748356149
-0.36409860784   0.884157842909   0.292740691724
0.894707714414   0.419352093225   -0.153759317362
-0.20457926025   0.0120507300006   -0.978775820187
0.330817575632   -0.940235958106   -0.0807222072091
-0.921252982589   -0.340310333358   0.188366183486
0.555567181181   -0.819712830643   -0.139341244699
0.3853650392   0.105351276579   0.916730546609
-0.736776013288   -0.563002649908   0.374418378876
0.204366069703   0.886886172819   -0.414327679519
0.322300655382   0.338698046633   0.883971674177
0.924314230711   -0.314191899432   -0.216625606142
-0.479712824723   -0.587410469744   0.651785659424
0.138009952298   -0.784106353962   -0.605087166235
0.86650381353   -0.200315165953   0.457214364852
0.155958031753   0.485640908317   -0.860133710827
0.782243053022   0.470986493622   0.407759155414
0.603135887119   -0.736426935272   -0.306435100267
0.212108095931   0.532035495339   -0.819724580173
0.352143185883   0.740848414251   0.571960491414
0.911594938707   -0.40997787599   -0.0302127278117
0.243547604689   0.27179166944   -0.931028384461
0.786534764379   -0.61701404023   0.0256269112792
-0.567492404066   -0.73852756386   -0.364045888241
0.942352141806   0.331387341896   -0.0464205823388
0.290064105562   -0.878135888824   -0.380447335941
-0.166839010721   0.345050417173   -0.923636808551
0.730101911815   0.609303492888   0.309354896386
0.0174043143494   -0.469145037498   0.882949615569
0.683116599276   -0.639259092501   -0.35312819832
0.601185377454   0.0166802647431   0.798935485946
0.383818450786   -0.882936310322   -0.270382818891
0.700899093145   0.469196377526   -0.537210592362
-0.752198725032   0.522378372823   -0.401644013608
-0.200155552937   0.399600013336   0.894571173228
0.627801587039   0.75328657558   -0.196021688499
-0.791460842463   -0.37877399157   -0.479708242746
0.349440298528   -0.924330819541   0.153310188219
-0.501479025098   -0.0462903808253   0.863930545837
0.0238957643614   -0.965683838216   -0.258618864461
0.903251368858   -0.0900124045021   0.419564931438
-0.428445979211   -0.243623668072   0.870104333544
-0.617136112146   0.568777441185   0.543723497271
-0.6556285268   0.010383381458   -0.755012198733
-0.435079594939   -0.822425928451   0.366498756177
0.994215959678   -0.105628786509   0.0194212508121
0.00463918465174   -0.138425495147   -0.990361984458
0.107299130883   0.984723789574   -0.137134805056
-0.437477077245   -0.898466342436   0.0370410366384
-0.874881304989   0.415749700351   -0.248465065631
0.207837698858   -0.141104281182   -0.967932369934
0.112553151579   -0.988160619422   -0.104261106326
-0.0117764594441   0.103593888885   -0.994549959121
0.993575917116   0.113167558993   2.27852194992e-05
0.387023717193   -0.36824161081   0.845346531547
-0.836909798312   0.244529640794   0.489680757496
-0.387033114629   -0.896996862225   -0.213546241689
0.442067928984   0.201332096877   -0.874094578939
0.456295680184   0.788500052838   0.412385643446
0.772250087996   -0.581148047783   0.256703619275
-0.446844214031   0.209184650862   0.869811491204
-0.880225968608   -0.276465297435   -0.385706084348
0.159788900039   -0.937981194459   0.307666680462
-0.775913928503   0.624448941578   0.0895605656332
-0.61474066397   -0.780322815704   0.114848680239
0.141603289568   0.0340561690847   0.989337498395
-0.625218479192   -0.727841047904   -0.281690010941
0.732370713535   -0.671878689796   0.110508660992
-0.269694255098   -0.137209457345   0.953120440229
0.0144477863226   -0.722834976324   0.690869639276
0.837035505571   -0.369212132234   -0.403799410382
0.546957789856   0.584116425393   0.599704241857
0.992849381469   0.101557325882   0.0627392642283
-0.0849972998534   0.232395027799   0.968900412876
0.0838186419236   -0.967304843684   0.239365358087
-0.747681553681   0.0969343048985   -0.656944468596
-0.048500111729   0.978675284113   0.199605679851
0.662283952279   0.181103364961   -0.727036132357
0.721172206832   -0.57225770328   -0.390425113343
-0.341154425255   -0.783879480899   0.51879342474
-0.602929768896   -0.240944143862   -0.760540342991
0.0386726036488   0.908283795592   -0.41656329218
0.858181828647   0.183363361654   0.479480788544
0.511887076128   -0.376029818323   -0.772381510023
-0.381429779575   0.836542864522   -0.393328563762
0.91342919747   0.406435899186   -0.0213766476003
0.141980366471   -0.367431484322   -0.919149432827
-0.975281879766   0.219280906338   -0.0272238703275
0.118503154825   0.415070328794   -0.902038593659
-0.186500019562   -0.882968009766   -0.430796049696
0.594797833439   0.731725567957   -0.332856170941
-0.797098354826   0.483196579965   -0.362153666066
-0.10416213357   0.480727322199   0.870661525291
-0.654535028468   0.188723661031   -0.732097859767
-0.388238930838   0.747008973603   0.539674092336
0.648732941271   0.637464487735   -0.415673667421
-0.810734462515   0.474094645485   -0.343429612022
0.402302091692   0.0250276433426   -0.915164817991
-0.425279506103   -0.880118108092   -0.211020040512
-0.977763680855   -0.141888910889   0.154420598912
0.164077555221   -0.0590190712664   0.984680306038
-0.130601455866   0.988121594842   0.0809874899738
-0.618981928279   0.467021433628   0.631468410133
0.627958582818   0.777178876527   0.040755516757
-0.471730209685   0.421762936271   -0.774329797217
0.942760547433   0.332898914167   -0.0195157154728
-0.330775429987   0.92611324885   -0.181388713046
-0.0423103429552   0.177461441587   0.983217814947
0.99699449882   -0.0565480866318   -0.0529554833943
-0.0263415864151   0.395381765778   -0.918139085387
0.0728566410726   0.916774548724   0.392703879104
-0.840802186365   -0.403526166567   0.360857750783
-0.532651068018   0.497715921465   -0.684515669111
0.0966153359623   -0.767753537547   -0.633419278552
-0.345162460604   -0.750305275285   0.563830532758
-0.410446545078   -0.419585031616   -0.809618450183
0.844035846053   -0.510872190596   -0.16313520605
0.395762270126   0.233229483111   -0.888243341519
0.403051070887   0.824971036564   0.396197707071
0.825180016603   -0.514807533977   0.232489017289
0.217509398337   -0.376380903365   0.90057041769
-0.943004054125   -0.319114624189   0.0943886144195
0.251859118434   -0.869771965639   -0.424339147676
0.0448133528747   -0.578093063377   -0.814739328546
0.998516930975   0.0511578062498   0.0186230345302
0.0309144296329   -0.814365574503   0.579528264285
-0.998600085782   0.0516295594492   0.011500315922
-0.0136674387198   -0.0418195584803   -0.999031694015
-0.0510986281036   -0.997790315206   0.0424666585258
-0.641173790046   -0.126600337617   0.75688078683
0.305701316833   0.86252278286   0.403238333909
-0.703877031763   0.489925304064   -0.514325111767
-0.815374321801   0.576570038029   0.0522657306019
-0.0454736902721   -0.153784200279   0.987057527826
0.577145439938   0.802444646684   0.151610455336
-0.951562622586   -0.0396948418872   0.304881771881
0.206922283557   0.650754328286   0.730549089921
-0.227402163283   0.758250040385   -0.611019747954
-0.59988496539   0.195952599441   -0.775719412592
0.51542953182   -0.646900193946   -0.562007594967
-0.611939887593   -0.736968600311   0.287065943867
0.275220353802   -0.106130869345   0.955505099633
0.762397623906   -0.581373714682   -0.28417330441
0.585665109013   0.806685094971   -0.0790919568345
-0.207430319853   -0.833180102383   -0.512624208752
-0.23993098821   0.55134695513   -0.799030447458
0.948370066642   -0.0427487083021   -0.314271800574
0.958501789004   -0.161969011211   0.234606819772
-0.15603605033   0.390671328919   0.907209272306
-0.238593946851   -0.906168832044   0.349186162896
0.995616211648   -0.0603666512226   0.0714438697476
0.0689359154462   0.989848146571   -0.124291939771
-0.0632154938755   0.128672118777   0.98967029216
0.899134491211   -0.362536717774   -0.245202559083
-0.166461187843   -0.801403707129   0.574493490948
-0.404781224437   -0.47573020344   -0.780918007142
0.819360160436   -0.573052096885   0.0161313901034
0.572810770827   0.819503786873   0.0173598423051
-0.0231678293118   -0.00498372917658   0.999719167631
