0.37440254073   -0.301612212764   -0.876842523265
-0.822314647733   0.328994520041   -0.46428571581
0.428510627193   0.89487020226   -0.124843756301
0.589692886055   0.592786541611   -0.54851291345
-0.312795614396   0.793792999131   0.521585638362
0.744594657348   -0.136002906644   0.653515115076
0.92155639952   -0.257728337532   -0.290361682279
0.16081758177   0.934107378993   -0.318717915883
0.353371628596   0.247021271441   0.902279880945
-0.105774695772   -0.990205392697   -0.0911317398455
-0.860530348833   0.137075054272   -0.490609771848
0.49829632998   0.0265275285188   -0.866600864158
0.641702682103   0.193495164388   0.742143711918
0.28535261342   0.83794774749   -0.465206898585
-0.711892937032   0.510297162284   0.482498966185
0.399452676743   -0.657064111091   0.639299861536
-0.916631205148   -0.274856184843   0.290243538088
-0.014993091441   -0.701940760727   -0.712077506764
-0.860330867891   -0.387977890169   0.330611485727
-0.420520907603   0.906780922683   -0.030174898957
-0.288084994444   -0.16498943905   -0.943284432702
-0.968727689308   -0.157667939598   0.191591974759
-0.248043599158   0.595422392933   -0.7641639529
0.00640600389073   -0.787789943334   -0.615910682077
-0.668765706195   0.733810272455   -0.119477672629
0.624109634256   0.466768735151   -0.62658926923
-0.404029200239   -0.493608581697   -0.770136983548
-0.35758701841   0.814153826476   0.457476853074
0.926148461821   0.24625900582   0.285666814173
0.119918934832   0.525842228132   -0.842086337724
0.202629318784   0.121009210845   0.971750034762
0.325740405289   0.927496426743   -0.183421827332
-0.923490415506   0.353704890085   0.148520379741
0.238268644597   0.0832638947794   0.967623468519
-0.412905206641   0.910475204507   0.0233279297584
-0.879054801096   -0.405095082424   0.251317788597
-0.292595650298   0.824731846307   0.483947483838
0.88980540848   0.0494836555388   0.453649317065
0.35019154825   0.563354905474   -0.748329559762
-0.610209339514   -0.792220034511   -0.00565498800902
-0.0551918553437   0.0496301190252   -0.997241550673
0.790315393418   -0.608213998692   -0.0740088556955
0.0267894055299   0.879239950176   -0.475625312369
0.0346790869637   0.474692249879   0.879468378529
0.999039382947   -0.0400546866129   -0.0177745155102
0.782171085919   0.397074101383   -0.480146384307
-0.0714731785105   0.822715534684   0.563942136875
0.618950706524   -0.406781645358   0.671884451296
-0.193796920863   0.861691782337   -0.468966977214
0.476818566307   -0.335036765568   -0.812646553271
-0.857372036102   -0.381100561494   -0.34594154671
0.276238111152   0.610879113314   0.741969820723
0.722584132319   -0.641029908278   0.258752446197
0.633691311024   0.464658332121   -0.618488445101
0.569925464327   0.74030846327   -0.35655061958
0.670802990334   -0.669787889463   -0.318445491864
-0.474561179692   -0.0576850270064   -0.878330304833
0.452408374757   0.881278503681   0.136655996574
-0.161036529554   0.231443079375   -0.959427609129
-0.877151012426   0.412046477912   0.246624819192
0.843782492029   0.0974122812807   -0.527770739622
0.525379427058   0.0508596474531   0.849346662963
0.109579029791   -0.993943732671   -0.0082639284559
0.542242293781   0.839340977049   0.0384710161293
0.289549576456   -0.229648623337   0.929205333914
0.788754928738   -0.492715165229   -0.367556020689
-0.205336591295   -0.598033473123   -0.774721142929
-0.891667359207   0.440629180154   -0.103803882975
0.403442938717   0.669478820144   -0.623724221575
-0.556755810728   0.811627464332   -0.176872344822
0.710883022844   0.355386978127   -0.606914675725
-0.429730491184   -0.46363881947   -0.774835950397
0.646011119982   -0.456995150061   0.611412353228
-0.742407569389   -0.189919756316   0.642465164095
-0.17748417894   -0.868956799261   -0.461966933064
0.861939316979   -0.0462721280296   -0.504895537723
-0.166858240922   0.914465128764   -0.36866225154
0.478768149819   0.402010470562   0.780492562602
0.0230008055631   -0.0370001162444   0.999050526421
-0.924236096744   0.380180766766   0.0353584792617
-0.381128063016   -0.924171832496   -0.0254523791216
0.840762190134   -0.292008700867   -0.455905536551
0.44218661521   0.856250643083   0.267031521638
0.312393881133   -0.426105333031   0.849025505031
-0.905416460202   -0.424522865003   0.0011707627656
-0.24285350388   0.520212632561   0.81878018575
-0.348199955843   0.741052733625   -0.574105945569
-0.782326235618   -0.622852527828   0.0045154892498
-0.376078014432   0.478122254218   0.793702990471
-0.496518869858   0.619236496502   -0.608288725257
0.271666927983   0.959266263294   -0.0774939761922
0.609910836487   -0.109321151441   0.784893405109
0.744450033096   -0.260493996002   -0.614765830434
-0.437159437142   0.401293668131   0.804894414464
0.871931646082   -0.0303240360964   0.488687689015
0.220514922573   0.915447346794   -0.336644210064
0.996951299847   0.0751360041518   0.0210401191532
0.058745737794   -0.545326892144   -0.836162375975
-0.0513521569647   0.834849184934   -0.548078273963
0.183850489636   -0.7460275266   0.640032754643
-0.624008040401   0.414517073178   0.662411927398
-0.75948203598   -0.521170342209   -0.389318008093
-0.444622654659   0.88294389465   -0.150734116457
0.894868564928   0.445193139255   -0.0318326917407
0.0389993136756   -0.149040758386   -0.988061691329
-0.75866981621   -0.169392334764   -0.62906783966
-0.40130610607   0.882168768061   0.246437971685
0.513199297742   0.439413815873   -0.737252995394
0.519727333858   0.851628686185   -0.0679122912868
0.462669963673   -0.213745767094   0.860377389153
0.718206100751   -0.478582623919   -0.505112530955
-0.0588054954851   0.318846149091   0.945980468567
0.495436800377   0.83200162851   -0.249631061747
-0.866651193118   0.453993858292   -0.206894383927
-0.903539654411   -0.320272581252   0.28467800513
-0.213400866988   0.912425954003   0.349197577929
-0.371586010064   0.254763325776   -0.892759477667
-0.253372244042   -0.588705212116   -0.767612323491
-0.923688727736   -0.088519506358   0.372777991902
-0.287405010745   0.803486446818   -0.521351982424
-0.371745963096   0.550446387066   0.747538436395
0.918673298023   0.33399991082   0.210910955313
-0.133582597746   0.765148896972   -0.629843516313
0.661739850577   -0.737033117751   -0.137413803877
-0.177240411244   -0.331876556126   0.926522416413
-0.72848212523   -0.588761526284   -0.350247995552
-0.00529261385994   0.096567274721   -0.995312387992
-0.86800883235   0.493763250615   0.0525216079663
0.496520548618   0.864217920316   0.0812079491503
-0.109721064643   0.653159958803   -0.749228507326
0.786674939724   0.517796639299   0.336198125426
0.607539156914   -0.552511274587   -0.570637769755
0.345460415008   0.916232258013   -0.202917596674
0.619559020842   -0.0602720267524   0.782632674046
0.704843047321   -0.396088035881   -0.588481560013
-0.344039560379   -0.938674351656   0.0229617603339
-0.139364083135   0.0752323986971   0.987379227307
-0.92855502434   0.336497470614   -0.156700411755
-0.0582639026583   -0.624000098729   0.779249122189
0.764687314811   0.473899821042   0.436660360215
-0.641762127438   0.621323455538   0.449553706896
-0.0703057967331   0.240688623701   -0.968052726543
-0.790907066657   0.577936994761   0.201133890727
0.607884122887   0.779780620757   0.149730012471
0.151686859841   -0.688452177927   0.709242338879
-0.839483748408   0.289055297916   0.460123973408
-0.521783607169   -0.665192177836   -0.534098524465
-0.0250926955747   -0.736078442635   0.676430989028
-0.894306927019   -0.285857446903   -0.344239219638
0.446749904214   -0.613574809081   -0.651107116184
0.690259916966   0.0451199712577   0.722153332211
0.451534321006   0.753007424994   -0.478640339773
-0.565383059512   0.656463255711   0.499397627065
-0.219609220019   -0.648525673399   -0.728825247521
-0.643374549657   -0.46531366898   0.60790819892
-0.733376424039   0.602409860811   -0.315057741155
-0.893202270509   0.40948912847   0.185764252813
0.441958737285   0.875602065506   0.194919207412
-0.0828382670948   0.256202413232   -0.963067051123
-0.365059891019   0.679891547627   -0.635986445952
0.781026579876   0.595450868056   0.188243845207
0.506684080563   -0.428002041113   -0.74838859913
-0.29966486283   0.552987893505   0.777435116021
0.946872946503   0.072659767961   0.31329248523
0.116758696323   0.830015028634   -0.545382855502
-0.115898587944   0.545110645911   -0.830314338686
0.946546862893   0.313963897854   0.0739980215407
0.301025835536   -0.777355166291   -0.552360744243
-0.516407469063   0.7349958179   0.439436541
0.481485007358   -0.175150225625   0.858775049797
0.708163479421   0.655059956137   -0.263440582069
0.234177878936   -0.935528880975   -0.264473881278
-0.241230643049   0.207615504323   -0.947999778069
0.941790049783   0.285799781711   -0.177059275112
0.57128205547   -0.642413914837   0.510824015804
-0.650515991159   0.0251036564024   0.759077566314
-0.500465541616   -0.765946583294   -0.403559256115
-0.326906251085   0.64843677239   -0.687504221961
0.819502564807   -0.167818276136   -0.547953075062
-0.47068869678   -0.742540758752   -0.476534754573
-0.419712972355   0.769470939036   0.481409903114
0.566682992854   -0.192167830497   0.801212774818
0.709021442868   0.609086199894   -0.355390763318
0.423265782152   -0.905652025835   -0.0253078201467
-0.902512531349   -0.423919893386   0.0759147861077
-0.0794808682476   -0.00929150649524   -0.996793087601
-0.441931238753   -0.676901826669   0.588643098376
-0.808630127292   0.584686342472   0.0652625326047
-0.388347907744   -0.447152991691   -0.805754369875
0.914525255984   0.39206028667   0.0996608638537
0.386962073951   -0.776036563733   -0.498023699309
-0.117914839996   0.494020225665   -0.861417498744
0.752101288749   -0.168703130382   -0.63708940131
0.455032547374   0.832213654127   0.316805641861
0.476748395165   -0.52816634471   0.702674376951
-0.895710925164   0.399308628854   0.195587723195
0.176422603581   0.722942232221   -0.668004186975
-0.408138461171   -0.563832552975   -0.717994323598
0.630572617963   0.770846125829   -0.0904125199777
0.433991226719   -0.446776014378   -0.782331648412
-0.643451465618   0.454078675199   -0.61626517679
0.647780212155   0.761598274317   -0.0186779360979
0.623720374635   -0.516110987796   0.587028400114
0.437439928453   -0.391915190868   -0.809350846149
-0.743712409459   0.431865898023   0.510278059631
0.587498308008   0.0580343905216   0.807141714698
0.318963305263   0.900068806059   -0.296881380781
-0.233901417299   0.0189573974497   -0.9720754827
-0.896759376601   0.382087511362   0.223230271557
0.375649767022   0.923931680777   -0.072370586521
0.504618961486   0.0691860181745   0.860565510928
0.753663664784   0.450920441977   -0.478185984102
-0.421130364724   0.889878671447   0.175400017134
0.945548736072   -0.293500165418   0.140695560034
-0.207671346842   -0.211177312268   0.955131799535
-0.250619630943   -0.932342102279   -0.260630015353
0.150795555677   0.973535081141   -0.171726952388
0.969714700971   -0.17943288741   -0.165702255981
-0.192130422134   -0.141538986516   -0.971108962057
0.390920571017   0.44305371567   -0.806774139513
0.510178152142   0.625252650008   0.590573769088
0.76609357146   -0.642465974732   0.0183877970109
-0.0760406296608   0.236372908027   -0.968682440737
0.76835984704   0.63305388264   0.094159052303
0.635484829164   -0.73713677837   -0.229757267301
0.902207984363   0.114322245533   0.415873991887
0.285077319244   -0.881636577406   -0.376095556251
0.323653634314   0.457872656483   -0.828010238729
-0.266269909581   0.630908792148   -0.728734815445
-0.0669292227242   0.742102258619   0.666936816271
0.961572053669   0.226358860535   -0.155373266234
0.172583792317   -0.316977770761   -0.932598481381
-0.51471348951   0.77822995421   -0.359761257067
0.839812394732   0.542109980737   -0.0288428576935
0.457569424197   0.788834847956   -0.410328898191
0.881785449262   -0.34319558349   0.323529307703
0.114388126614   -0.509859170873   -0.852618896322
0.617594809955   -0.642213567302   0.454024652073
-0.771545138348   -0.606735271291   0.191286199351
0.152626177988   -0.468437876932   -0.870213310199
-0.53399116961   -0.165011149394   -0.829231422073
-0.109600195521   0.986004534591   -0.12562983287
0.83835626551   0.0237987045993   -0.544602968904
-0.450579725086   -0.60868390457   -0.653055752335
-0.892590106146   0.320396577489   0.317220641736
0.0161497291351   0.725844292841   -0.687669432793
0.437051203866   -0.539691334803   0.719527281163
-0.893773367723   -0.350224087576   0.280200384781
0.100774065857   -0.765556236746   -0.635427600936
-0.464722506955   -0.740046068261   0.486173640154
-0.871518489982   0.479328782146   -0.103438098525
-0.156488060725   -0.471779329197   -0.867718705222
-0.0640170676919   0.0210872874733   0.997725985104
0.359732000457   0.933049618481   0.0033611455876
-0.930856972306   0.359129135214   -0.0673168726931
0.279102493147   0.855889855526   -0.435378402687
0.744839743732   0.0931999386396   0.660702298766
0.606065635452   -0.508690796697   -0.611488445418
-0.0710517535741   -0.399327349732   -0.914051046753
-0.143221213091   0.910955979094   -0.386842200741
0.987136937023   0.103425683024   -0.121917167192
0.27469592102   0.839685944133   0.468475897139
0.892431212119   -0.404010614951   0.200853067296
0.357922732737   0.362908994422   -0.860342012898
0.70564377465   -0.382041347528   0.596750594533
-0.681307134987   -0.134473211524   0.71953981349
-0.19464699102   -0.914309227866   -0.3551776805
0.966198566846   0.247402075075   0.0724744277224
0.138722819247   -0.261991502599   -0.95504786895
-0.217293140355   0.932819739185   -0.287456127679
0.396041084536   -0.324548662306   0.858964274667
-0.280455506355   0.847998563554   0.449714515181
-0.874354715384   -0.419006684917   0.244820811372
-0.473533234107   -0.748707532493   0.463900104531
-0.378723255933   0.648600967412   0.660216237674
-0.795194926802   0.13694457222   -0.590687068191
-0.749429220652   0.17155618804   -0.63947190523
0.311844542676   0.943466657599   -0.112355005238
0.58404522465   -0.283617947852   -0.760560342919
-0.570934937087   -0.28501110829   0.769936338775
-0.505870934865   0.860757481243   -0.0564903154752
-0.64662809626   -0.421740710194   -0.635615354198
-0.349072723811   0.291514925155   0.890599394736
-0.632674627267   0.627769385337   -0.453462693996
-0.691282177916   -0.721751097848   -0.0347030726495
0.655761429206   0.289291490355   0.697343087422
0.46692770889   0.570418723908   -0.675722571834
-0.593258343925   0.768721609572   0.238980384843
-0.706974068255   0.340790093605   -0.619717499282
0.182395651342   0.934462965555   0.305795343942
0.683315076072   0.103155601431   -0.722799715487
0.226921764971   -0.931600763405   -0.283948111821
-0.648647757603   -0.362048128658   0.669460408906
-0.726472710526   0.0322671684411   -0.686437346523
0.237522073352   -0.969385134087   -0.0622553329608
-0.568112750607   -0.190614777789   0.800570989411
-0.787928402374   -0.154785232822   -0.595995272156
0.988397969408   0.108868335316   0.105910998656
0.0688590534692   -0.942713292764   0.326420094971
0.135380518636   -0.315340027924   -0.939272474824
-0.243538001432   -0.682421425643   0.689195356689
-0.780854031769   -0.28352755103   -0.556667862264
0.575287947839   -0.673730751584   -0.46382178845
0.721913308934   0.0101776215714   -0.691908657558
0.478174062768   0.715420852362   0.509433577321
0.500190703712   -0.698619653334   0.511605160152
-0.60880391355   0.716087342835   -0.341433320396
-0.289383231707   0.200273608901   0.936027684839
0.738657660931   0.66866239539   0.0852963125749
-0.89255787142   -0.339362936904   0.296939797303
-0.388850717925   0.245806463898   -0.887904443888
0.228332138202   -0.907971353822   -0.35135801585
-0.359162600768   -0.932071568824   -0.0473794976673
-0.885540503221   0.356381047961   -0.298011016256
0.294652750479   -0.0650779474496   -0.953385870144
-0.733834845402   -0.568689018946   0.371590122855
-0.0810893284557   0.616415143844   0.783234888938
-0.674470859625   0.544633060115   -0.498461522433
0.949327161579   -0.183304491036   0.255298656195
0.124468923671   0.965162493033   0.230149623251
-0.288592147033   -0.186710539628   0.939070682677
0.64450213956   -0.171378417115   -0.745148596087
-0.417585848909   0.737479509543   -0.530797543133
0.640499063929   0.653263661282   0.403741919986
0.671136893666   -0.704558758895   -0.230591034571
-0.655932391874   -0.709304568147   0.258146715833
-0.345438803915   -0.0219996561235   -0.938183376468
0.472311240801   0.875804393871   0.0994422218614
0.863957695524   -0.437639049548   -0.249096693386
-0.174640179106   0.20356504117   -0.963359788374
0.487016698639   0.183439932279   -0.853911310671
-0.768920906569   0.553736441134   -0.31958816186
0.414216579447   0.812235030644   0.410729692506
-0.522161610756   -0.615515073439   0.590329100267
-0.593957333349   0.759179279812   0.266198248051
-0.612014655391   -0.21163179221   -0.762003967255
0.81503514417   0.308403944668   0.490514750726
0.512900152308   0.0098002929311   -0.858392327564
-0.269538768138   0.951205004808   -0.150192847031
-0.941605746212   -0.318629234314   -0.108876212927
-0.325150579056   0.776392876148   0.539899252459
-0.0874969693197   0.54377340217   -0.83465847354
0.228581439342   0.973050659326   0.0303799271526
0.442705465204   -0.0761027816706   -0.893431719663
-0.867042326918   0.217671268217   -0.448170528176
0.395216763477   0.5184539391   -0.75829362578
0.826275229651   -0.561312960613   0.0468722211271
-0.401338952423   -0.645083927315   -0.650225939184
0.629735185233   0.724245983935   0.280893843354
0.776166532831   -0.601350654664   -0.189586137279
0.0316086980581   0.337409461766   -0.940827160172
0.264647046096   0.950945603811   0.160201122297
0.960827730696   -0.245841618473   -0.127953001338
-0.0822922409304   0.187788064635   -0.978756164662
-0.53482926391   -0.0944955953567   -0.839659598243
0.825395174416   0.154178352331   -0.543094689463
0.180777389391   -0.983513913542   -0.00446288627652
0.00581455984061   0.966701525658   0.255840479957
0.232633410007   0.247517669239   -0.940540642377
-0.972547113225   0.0649858731181   -0.223447866074
0.417439411414   0.142363211178   0.897483734616
0.253693397003   0.930122955237   -0.265538977287
-0.872573205018   0.338532131776   0.352153372325
0.997502176727   0.007963140183   0.0701854388229
0.00215759620622   0.989726470843   -0.142957538068
-0.0706027775866   0.142751887239   0.98723712779
0.876474594324   -0.474412305561   0.0820076206099
-0.439624064272   -0.71919724239   0.538039040081
-0.196272686889   -0.507630072859   -0.838921177174
0.958392911056   -0.0970066196288   -0.26846367312
-0.0551290702901   0.859877898853   -0.507514319673
0.280078227725   0.50119827894   0.818752997882
