0.209185443933   0.811681759006   0.545356925104
0.173330786005   0.518087584758   -0.83758085899
-0.96239175614   0.269736869597   -0.0323130564102
0.682937840419   0.162586412589   0.712152767622
-0.549686852766   0.756451484278   0.354436899501
-0.481082394072   -0.633519384291   0.605980956528
0.895811170682   0.123977314702   0.426792656828
-0.164183101562   0.984689435058   0.0585715429801
-0.412996677522   -0.122541184607   0.902450775628
-0.737042212779   0.569810570531   -0.363434574553
0.66000873639   0.722576288185   -0.205601497058
0.145455299518   -0.391406976707   -0.908649180974
0.729851026269   0.197492347681   -0.654457219331
-0.543793257207   0.74787246257   -0.380756711073
0.414253995447   0.633785099397   0.653230491386
-0.246359796758   -0.770273714991   -0.58820511127
-0.899680203732   0.407440602538   -0.156740823177
0.360391980964   0.490581857218   -0.793376996835
-0.639713711323   -0.7622093902   0.0990111761323
-0.518862342201   0.333212247362   -0.787242953629
0.56705223512   -0.554983282346   -0.608642192858
0.489495414308   0.856922024957   0.161489573147
0.830136026272   -0.514627585653   0.214552150165
0.266961452232   0.0290360189682   -0.963269687859
-0.869417135224   0.469646464573   0.153447200148
0.473836143282   0.880552295092   -0.010342384788
-0.139975548716   0.0637169829626   -0.988102723293
0.645209781979   -0.76138705429   -0.0631988191525
-0.753485347535   -0.620464537134   -0.217447899401
0.126349389519   0.187918895975   -0.974023777941
0.896255640779   -0.425382454562   -0.125600930391
-0.043570859992   0.197370454896   -0.979360242009
0.441392576426   0.883229681804   0.158360104155
0.188373197039   -0.164274200132   -0.9682610834
0.495508364446   0.867121369255   -0.0507148076697
0.847931010885   -0.470228155392   0.244741664797
-0.185334473419   -0.794529455285   -0.578250878007
-0.692891847309   -0.311606699675   0.650232383805
-0.696815629248   0.52117579539   -0.49277151853
0.68638678955   0.687062330727   -0.238366375165
0.705094806355   -0.548461156034   0.449479336879
0.178085623125   -0.476587572148   -0.860900573121
0.376012864751   0.608253332325   -0.699029476687
0.708852943631   0.297038640683   0.639762104434
0.596776197471   -0.73606788388   -0.319471814867
0.764257211416   0.640326955659   0.0767613486627
-0.628253892322   0.712346563372   0.31282490378
0.145629535376   -0.287304304701   0.946703900343
-0.336662911726   -0.660215820901   -0.671396421236
-0.915629306198   0.063148900458   0.397032984179
-0.219729511553   0.748416519545   -0.625772846915
0.654114623482   -0.713945229676   0.249832480747
-0.684821354601   -0.699229569036   -0.205177295029
0.321175608813   -0.03688114878   -0.946301225584
0.0954964194939   0.874588601505   0.475368501188
0.936659312837   -0.240609735385   0.254511859903
0.336971460927   0.42095336235   -0.842168926715
0.487551172885   -0.223869407961   0.843905410318
-0.760411000697   0.366086832478   0.536428504621
-0.429032590142   -0.903251304306   0.00825330408451
0.512965494901   -0.30935428542   -0.800728622994
-0.667267862773   0.443120804639   -0.598663137694
0.540018519034   0.841394009497   0.0208835099443
-0.562331840272   -0.113436110959   0.819094102905
-0.428338728356   0.88725387228   -0.17119141293
-0.707325126426   -0.447116108859   -0.547520182276
0.843929254129   -0.492425470606   0.21283930525
-0.500873747354   -0.581198219003   0.641353349405
-0.192116899757   -0.647862474203   -0.737133170219
-0.206380002514   0.782549193936   0.587387481105
0.662879640775   -0.329742842073   0.6722055037
0.719720692862   0.52809697635   -0.450683599685
-0.0708160619045   0.666415097884   -0.742210214806
0.800195878169   0.482199958146   0.356608688982
0.595543148909   -0.568659931601   -0.567410116566
0.84458774616   -0.325288815522   0.425274882324
0.153872778995   0.908244987575   0.389119789308
-0.512830095572   -0.26320757786   0.817145681037
-0.023553117471   -0.517432004113   0.855400123566
-0.566059958198   0.712166977635   0.415203949384
-0.824027532308   -0.474428410805   -0.309671291102
0.836779217371   -0.19219691434   0.512699607464
-0.000107125300449   0.936310979095   0.351171950687
-0.547540436771   -0.293908313158   0.783464979151
0.716230741305   0.595249375687   -0.364268727618
0.67429184196   -0.724798228471   0.141414425247
-0.179844480156   -0.346908789952   -0.920494570427
-0.922877041164   -0.26410041292   -0.280265835057
-0.175333417401   0.936139908127   -0.304795448027
0.342864636769   -0.232148754662   -0.910247656452
0.804278891694   0.477248700245   0.35407505172
0.58823576885   -0.554813833851   -0.588353880001
-0.0843453874339   0.681480216868   -0.726959811493
0.0258419447313   -0.998632612821   0.045443350023
-0.869211305578   6.9457901648e-06   0.494440801061
-0.493765024791   -0.0522771853572   -0.868022577666
0.951256086369   0.0659710982176   -0.30126346003
0.293043041312   -0.497784972805   0.816294001518
-0.0961126114929   -0.864787797772   -0.492853356346
-0.193242250305   -0.313029886029   -0.929876187062
-0.522066638081   0.835241487097   -0.172679134959
0.830724899239   0.452088430178   -0.324826404734
-0.927050900637   0.298191247057   0.227285301457
0.316278185607   0.296392905534   0.901176650287
0.201357238234   0.90732200783   -0.369082696748
-0.361591099378   -0.904527758906   0.226011998841
-0.413380778402   0.372824941605   0.830733351406
-0.835684283865   0.206956764709   -0.508724571936
0.95918960458   0.255574316736   -0.120983763755
0.248755032119   -0.559248061399   0.790798672168
0.134447894974   -0.788621185699   -0.600000324244
0.30257976775   0.168664027205   0.938082048627
0.85595198979   0.384867991373   -0.345286577042
-0.419275178377   0.907429928445   -0.0279150422235
0.913824443044   -0.255512672087   0.315655130933
-0.155908495372   -0.938434127563   -0.308275735318
0.374989904334   0.232496585605   -0.897400640197
-0.217497971756   -0.785163529257   0.579838653639
-0.974845582359   0.204376296333   -0.0889180511581
-0.0486900655624   -0.584592645858   -0.809864627824
-0.729813584481   0.682846280696   0.0330620025371
-0.247619901041   -0.309110115809   0.918224006621
0.637225645812   0.66194554056   0.394679085029
0.485912541364   -0.0599695786533   -0.871947619886
-0.848827733454   -0.270122888183   -0.454450332056
-0.20827981445   0.96095643763   -0.182159940628
0.0159460839865   0.209233630079   0.977735654133
-0.893579734344   0.441726653184   -0.0799551225352
-0.448621198438   -0.872409795506   0.194010742299
-0.438957230027   -0.280125079392   0.853725066902
-0.629437930325   0.773918720205   -0.0696972477604
-0.641189864103   -0.567961050049   -0.516038567879
0.766606231619   -0.627360232841   0.136872289126
-0.484621976486   -0.425439429967   0.764292371497
-0.421255771697   -0.652242613964   -0.630177074175
0.0241447180881   -0.999126574528   0.0341045486271
-0.376286962047   0.0225229642522   0.926229365681
-0.926188509084   -0.0351966437207   -0.375414492681
0.712115342701   0.493556827701   0.499292896584
0.422729584307   0.266368940105   -0.866225886504
-0.560527820274   0.827918622648   -0.018955663538
0.555913758544   0.80185709772   -0.219054990526
0.180269501792   0.140957827509   0.973464842445
0.811457208214   -0.580651433813   -0.0661899840887
0.733288643497   -0.435042237869   -0.522518915189
-0.665612007987   -0.302504921663   -0.682240007539
0.138738676239   0.848073713973   -0.51139276118
0.211466985018   -0.962739022065   0.168568352913
-0.901380011556   -0.258781133905   -0.34719792546
0.377883300741   -0.0785232454052   -0.922517376997
0.702549410654   0.560872597311   -0.438002574602
-0.0996466006083   0.68695734906   0.719833422225
0.704623928603   -0.462073079016   0.538510528377
0.564331796434   0.812593238382   0.145677220204
0.811397267888   -0.578486885473   0.0835906517777
0.15219755982   0.0710292357806   -0.985794476821
-0.963826479619   0.249085791424   -0.0948408439881
0.23838902206   0.96478093727   0.111213386075
0.119202312642   0.084581390338   -0.989260732598
0.0646066529308   0.928933557469   0.364566079233
0.766980919239   0.187494347213   -0.613666146386
-0.638409155514   0.319262142296   -0.700360931601
0.736646600716   -0.352793115351   0.576965166659
-0.579577413407   -0.768962834777   0.269789142537
0.348485017821   -0.533135233616   -0.77092477964
-0.359208895278   0.768989275424   0.528795295607
0.449682894595   0.639115695045   -0.623952260092
-0.817773969188   0.0136609973073   -0.575377366101
-0.604614267798   -0.646424491212   0.465378303947
-0.762865604826   0.301915247853   -0.571737048579
0.22908002444   -0.700701477739   -0.675677277263
-0.205939098978   -0.796392109114   -0.56863757948
0.926946299748   -0.344996538878   0.147471849433
-0.31362341373   -0.496726280292   0.809260994331
0.0322136199788   -0.177782360299   -0.983542432456
-0.945735079526   0.312925103696   -0.087538790344
0.323337970903   0.932990521296   -0.15805456464
-0.823219480751   0.468090205264   -0.321249508471
0.567723226732   0.67890481405   -0.465594879016
0.00015743536274   -0.565667581953   -0.824633350275
0.37572970503   -0.889733529954   -0.259232394455
-0.926399074141   -0.368068621836   -0.0794370495088
-0.0247375037161   0.269999509406   -0.962542633093
-0.513959125258   -0.854479798731   0.075566467651
-0.841711438966   0.485361501594   -0.236529208034
0.165432375873   -0.185171505096   -0.968681393749
0.359001251248   0.718832344597   -0.595313499078
0.933124182593   -0.262807860017   0.24537988713
0.0199339329502   -0.643593108656   -0.765108194582
0.254646772525   0.96640553889   0.0348619834115
0.743608700737   -0.218732412004   0.631824529276
0.618224169435   -0.13496840374   -0.774327070208
0.84233963946   0.199547891215   0.500644155989
-0.441904369176   0.787488661209   0.429630232872
-0.308519789182   -0.583131415383   0.751513999941
0.950224017747   0.308191909614   -0.0457390748427
0.305962023064   -0.895296904602   0.323775684502
0.0588349943642   -0.321653851648   -0.945027641925
0.788619981239   -0.607445804619   -0.0953316300421
-0.346018420657   -0.566584120528   0.747832659936
-0.508281199537   -0.556769278203   -0.657006996463
0.690452608193   -0.486784735271   0.535084869326
-0.69677453709   -0.646299769774   0.311129960372
0.194371912419   -0.587654004739   -0.785418570306
-0.922984364874   0.342182286471   0.176099815423
0.379061458423   0.887347102587   0.262540530713
-0.0664249418899   0.309073457861   -0.948715618459
-0.293373948818   -0.904419977948   0.309768022907
0.0883049211837   0.297003871777   0.950784381529
-0.951910691936   0.306289410123   -0.00726846318555
0.671706731933   0.695166632825   -0.256034019005
0.0892467436849   0.267158687347   0.959510945496
0.735421705569   -0.667360163924   0.117410930486
-0.281038175225   0.348427311794   0.894212476103
0.0689296319881   0.936687845695   -0.343314120827
-0.957217974056   -0.0348466371559   -0.287262009286
-0.9162827726   -0.391504106015   -0.0845601305434
-0.394070932487   0.91894990357   0.0154652804843
0.0716518029987   0.0474932595745   -0.996298353653
0.068586098982   0.456473299424   0.887089665228
-0.0560117905252   0.889542877856   -0.453405059305
-0.996071597107   -0.018590196175   0.0865781626823
0.0028103558188   0.85226279827   0.523106321551
0.305371259783   0.497389642244   -0.812004887309
-0.952229223801   0.162023658767   -0.258858722385
0.842936952487   -0.53617260822   0.0444547896733
-0.483740615643   -0.719148959941   0.498818393984
-0.235483143573   -0.441977044194   -0.865565700269
0.262477772375   0.324787869943   0.908635382156
0.893618492337   0.273472592869   -0.355891458558
-0.364076102377   0.905386977849   -0.218455969546
0.605078709291   -0.0796896818994   0.79216747644
-0.752356095911   0.268270790633   0.601656952831
-0.260461246784   -0.960041842079   0.102369925614
-0.761029136801   0.538130521651   0.362284686732
0.279423312349   0.775920799639   -0.565570088633
-0.585454750675   -0.329184529266   -0.740864549186
-0.79964321568   0.394809367689   -0.452433741365
0.52299135198   0.828130327598   -0.201693346994
0.295043679638   -0.397901650729   -0.86869068313
0.876154325739   0.249645305355   0.412347934386
0.481979725861   -0.441274753779   -0.756949229078
-0.00701008819528   0.861947685801   -0.506948760198
-0.440950449931   -0.82172821178   -0.36100615678
-0.439001455439   -0.153361243397   0.885301106966
-0.782841249162   0.548856150405   -0.293115171019
0.247370404596   -0.966971826919   -0.0614277634766
-0.639970429124   -0.115457924334   -0.759675798884
0.727492772492   0.227233262327   -0.647394248664
0.0146691484956   0.791499456032   -0.610993799948
0.999873185966   -0.0153998570843   0.00405618920732
-0.0061987467773   -0.610975819312   -0.791624985201
0.192477435555   -0.0907931926921   0.977092132052
-0.724448493158   0.658483514414   0.203896647012
-0.661911488885   -0.747098425954   0.0609682263726
-0.216605221269   0.372390532295   0.902445271813
0.92556769134   0.372330837536   0.0685142005222
-0.31049416405   0.850114720719   -0.425321448537
-0.0841977507038   0.48718727214   -0.86922914155
-0.87156017249   0.386832715253   0.301236312671
0.483004766421   0.78294892056   0.392042578479
0.537491808069   0.575746821566   0.616131604237
0.487873649749   -0.808263354647   0.32968113612
0.687809463561   0.123393464533   -0.715326635069
0.835628499335   -0.390409489427   -0.38640062307
-0.496109762081   -0.234443573077   -0.836009158946
0.235796766118   0.890290200126   -0.389593690059
0.978039957699   -0.15667261805   0.137446469211
-0.170542521768   -0.222522487613   0.959895302015
-0.119804379778   -0.962256428046   -0.244355227746
0.334068053468   -0.385674524935   -0.860031218338
-0.274692108941   0.833005779124   -0.480255783145
0.901633396112   0.396681903765   0.17233887054
-0.566884630501   0.106305366585   -0.816909409019
-0.765690098168   0.297834835426   0.570099187327
0.303908682132   0.948679913806   -0.0874410232274
-0.709861915344   0.280108198434   -0.646247217994
0.404079816236   0.913467422915   -0.0479246263523
0.576901700211   -0.295155323297   -0.76162180387
0.177311661048   0.522147951062   -0.834219450854
0.967739460626   0.0616677273025   0.244289639361
0.178999752314   -0.850622483099   -0.494368769388
-0.319829837142   0.251757767499   0.913414968068
-0.039603886578   0.959656973267   -0.278370303539
-0.946646929723   -0.125205911317   -0.296956347453
0.967704447483   0.0472203996338   0.247625394861
0.229971595226   0.236976483916   -0.943904238506
-0.103252930762   0.970367136675   0.218463846804
-0.517744981677   -0.822676049299   0.234828151007
-0.270724538805   0.417918431941   0.867209554634
-0.811571541322   0.385419648526   -0.439093766803
-0.865190766145   -0.435098925405   -0.249266651127
-0.421361237565   0.900318762618   -0.108999234673
0.27184489278   0.0107261732487   -0.962281301676
0.0473753326309   -0.977379346217   0.206119365669
-0.476890960177   -0.203446254934   -0.855093348878
0.877684790467   -0.0577861296734   -0.475741709395
0.016757230459   0.999020339071   0.0409579963032
0.925373598622   -0.0310104249343   0.377785728472
0.3786857514   0.031570805892   -0.924986695105
-0.111564377907   -0.989672446438   -0.0900102052535
-0.972812775589   0.0902663321263   0.213277499697
-0.202949973984   0.111357249368   -0.972836506705
0.546670759166   0.317885778485   -0.774661030996
-0.0425183978245   0.934481355256   0.353463976284
0.836267461374   -0.160291074365   0.524369625895
-0.634739317008   0.388866314625   0.667749193545
-0.087220351918   0.822569888215   -0.561935395623
-0.767788125945   -0.414923809864   -0.488200391898
0.328795227767   0.818914063784   -0.470397122893
0.800637628179   -0.505872632435   -0.321048696635
-0.500872324484   -0.271058357929   -0.82198192082
-0.77318465037   -0.471757911039   0.423827759655
-0.633533679849   0.54438655236   -0.549798470459
0.0286456450363   -0.693604898335   -0.719785851539
0.676608393397   0.729635032223   -0.0991655285509
0.629752479299   -0.503602098799   0.591436169307
0.381592580006   -0.462620413841   -0.800230877519
0.991315202919   -0.0321330958623   -0.127521106539
-0.0239809245889   0.909259261348   -0.415538819978
0.129302295875   0.414988023686   0.90059194782
0.920187126348   -0.0569520847037   0.387313971538
-0.323547322359   0.446345851423   0.83432158734
-0.220392338105   -0.893046382309   0.39229501187
-0.87517088406   0.482976476897   0.0284542994012
0.409414201734   0.707970257696   0.575463400873
0.257790488204   0.515278407359   -0.817332385126
-0.820190374846   -0.284916635811   -0.496095011139
-0.570645758489   0.345852398769   0.744815102384
-0.0406345635896   0.893984691736   -0.446251278457
0.39988338422   -0.840919477633   0.364619955462
0.461347745314   0.528409673983   0.71270012974
-0.791992132333   -0.116780345842   0.599258553259
-0.686512730416   0.482658358495   0.543820908193
0.286575543836   0.866979368389   -0.407702382237
-0.668262470058   -0.124047103074   -0.733510454986
0.928053886561   0.364326213985   -0.0773459334387
0.121120250755   -0.0988432973612   0.987704352057
0.352201460067   -0.926011021543   -0.135859188665
0.515629796959   0.856117006233   0.0344903422607
0.852402031863   -0.516639060369   0.0805906698598
0.0868141010804   -0.0121553128844   -0.996150369422
-0.31151803246   0.877290234653   0.365127868123
0.134457470521   0.42107716805   -0.897003460063
-0.940679384551   -0.230338583232   -0.249131356878
0.779093029041   0.567593771166   0.2661791936
0.42125819925   -0.78843357205   0.448234350095
0.464279637434   -0.237086089796   -0.853366629818
-0.386780041046   0.888727442929   -0.246099031535
0.860289145051   0.443851662998   0.250795312313
0.332120140979   -0.11471370431   -0.936235536496
-0.88387903749   0.462758702663   0.067913404596
0.318457188367   0.701781431921   -0.637250218548
-0.342553450707   -0.541624597828   -0.767658731954
0.040810629914   -0.978598460643   0.201691714256
-0.630608846689   0.13135053996   0.764904909254
-0.775027081624   -0.158404831208   -0.61175234862
-0.372447852851   -0.414253891579   0.830467525236
-0.404469535894   0.877847613056   0.256491642764
-0.83527659592   -0.240369052887   -0.494505537882
0.348235321873   0.0970108169048   -0.932373885276
-0.342358724672   0.939085142425   -0.030159557561
0.872652659529   0.329708957528   0.360235116397
0.999997401889   0.00044543192395   0.00223557737814
-0.000447278023977   0.99999955937   0.000825350192486
-0.00223520875575   -0.000826347972767   0.999997160491
0.754182041221   -0.585262445633   0.297787371145
-0.372017888195   -0.754495707458   -0.540683750599
0.541121187485   0.296991745728   -0.786755211799
0.872434010724   -0.208417827017   -0.442064368978
0.153886229374   0.975650781506   -0.156283655437
0.463872746933   0.0683195574431   0.883263557909
