-0.514152217161   -0.772847669534   -0.371959644698
-0.0699829926458   0.470026994061   -0.879873289511
0.854839094993   -0.426357953543   -0.295751613895
-0.138786002993   -0.861923132353   0.487675055019
0.711595751793   0.255685625614   0.654412978848
-0.68874518612   0.437850859048   0.577855253353
0.770714766446   0.217804620465   -0.598798710825
0.258792423218   0.751759770758   0.606534194218
0.582258731551   -0.622429429232   0.523026170625
0.949743933451   -0.196472097   0.243690738382
0.101694874293   0.929927603176   0.353401762014
-0.296048329526   -0.310859080538   0.903173304871
-0.609505419936   0.731164917425   -0.306432711367
0.404266248962   -0.0458463456275   -0.913491605075
-0.68196183399   -0.680658487143   -0.267641702396
0.598778949913   -0.682681068073   0.418820162404
0.534314086904   0.730043806258   0.426080388518
-0.596634080218   -0.0313464549636   0.801900975236
0.228774717349   -0.949133770935   -0.21634974826
-0.819366622878   -0.0677380277238   -0.569253807113
0.525642907319   0.307500641414   -0.793185280697
0.94736078387   -0.195996556234   0.25316574636
-0.11352238684   -0.94498488198   -0.306783703144
0.29936635227   0.261894869696   -0.917491615414
-0.993855349231   0.0808867277225   0.0755571444948
-0.107060612659   -0.529196062677   -0.841718214407
-0.028099288654   -0.844635344114   0.534604120309
-0.985968326451   0.0759920990713   -0.148632634758
0.0650858232355   0.994910641641   0.0769197683543
0.153721484673   0.0661665778824   -0.985896388634
-0.890379317867   -0.220523628819   -0.39823862124
-0.45436357088   0.376901273779   0.807154988389
-0.0279001034458   0.899619229984   -0.435783002504
0.894796121741   0.035569817787   -0.445055826364
-0.443774195213   0.180331863229   -0.877806859604
0.0490343163607   0.98296246478   0.177145219106
0.192573698569   0.685260668901   0.702376812172
-0.376024115592   0.712669368821   -0.592206243835
-0.906378086183   -0.150067272918   0.394915913184
-0.442609259501   0.803594054412   0.397911597115
0.864851625754   0.265313280011   0.426193065266
0.236914982294   0.532771488693   -0.812419738805
-0.839503439119   0.520998299725   0.154255461465
-0.484439019352   -0.846251707316   0.221758617404
0.246074810245   0.111439757483   0.962823124055
-0.0165315952488   0.598727100682   -0.80078247063
0.516167267913   0.691030478739   0.506012083838
0.856328241911   -0.404972513096   -0.320467167963
0.733011384904   -0.680035848365   0.0156701799817
0.666744646741   0.713741230791   -0.21453445297
0.134706665182   0.167704205097   0.976590709534
-0.217375274671   -0.918876890295   0.329261674727
-0.96220660165   0.25841211207   0.0859164482259
-0.164031843561   -0.298141645561   -0.940321813785
0.116228945232   0.92220282081   0.36882623223
0.869439057989   -0.273994274311   0.411099576852
0.480173465254   0.272890261709   -0.833645217302
0.917030900599   -0.0114672551368   -0.398651262893
-0.0572507441763   -0.993018754269   -0.1031314984
-0.394685545261   0.117397852325   -0.911285391429
0.816265007261   0.127760490038   0.563372607699
-0.566408304712   -0.0146861805828   0.823993900738
0.113547656399   -0.991696311017   0.0603767872717
0.209632382095   -0.6607377363   -0.720749546103
0.976322754513   0.101215469017   0.191178732738
-0.0533679997453   -0.743761435315   0.66631132659
-0.505575760054   0.344088399736   -0.79119929475
-0.845615559954   -0.0155974343037   0.533564471087
0.171252665992   0.938807697673   0.29885218952
-0.298960810501   0.863865825528   0.40541123476
-0.176416460847   -0.467551617459   0.866182842911
0.937816435198   0.187433509534   0.292179762093
0.160918953445   0.747637849069   -0.644315712257
0.642158379027   -0.575057801354   -0.506893619359
-0.749491632153   -0.33218394263   -0.572639608822
-0.222380854602   0.426891568505   -0.876533139274
-0.909870885847   -0.41385696919   0.0292810543126
-0.350259513212   0.804043529787   0.480450076087
0.948814060535   0.186126047165   0.25516460001
-0.0131864393251   0.830544819124   -0.556795672796
-0.315559814218   0.524930850678   0.790486942117
-0.0836691595939   -0.845796524623   -0.526903891302
-0.0275037357433   0.530516575842   -0.847228249811
0.996113957463   -0.0563950502574   -0.0676504401571
0.923217074887   -0.104973442882   0.369663101928
-0.106038736867   0.855025445242   0.507629071539
-0.369358929662   -0.507850434949   0.778242839222
-0.961509920323   -0.266138734975   -0.0683289606658
0.261121738057   -0.962446381401   0.0742455442564
-0.0855225761636   0.0535456503737   0.994896352537
0.206378039051   -0.160026204846   0.96529773581
0.243865923844   -0.946992239343   -0.209129409245
0.947595650151   0.278562941516   -0.156413463068
-0.338003140283   -0.242721454121   0.909307523816
0.837824627118   -0.517725172174   0.173235505285
0.428723420579   0.820394381872   0.378350745791
0.639734307059   0.491238962327   -0.591121221294
0.190906809953   -0.846548854382   -0.496900017164
-0.744509641499   0.205034921505   -0.635347207972
-0.327794026302   0.0867102991097   0.940761606545
0.812608800412   0.533796372905   0.233940953591
-0.481890043282   0.841155607663   -0.245436814443
0.764376549919   -0.262265949335   -0.589020425582
0.503287076559   -0.328332300681   0.799312216158
-0.403026808665   -0.907421882119   -0.1189744483
-0.990381020073   -0.0951214871552   0.100485510205
-0.0695008093452   -0.285980512707   -0.955711663553
0.119645612457   -0.953502516532   0.276618651552
0.744342074416   0.611931146738   0.267385766089
0.248008375283   -0.625071350881   0.740120025466
0.620037677923   -0.484588565651   -0.617030955461
-0.493687078514   0.396486696114   0.773997007948
-0.860545307838   -0.0943499792262   -0.50055954149
-0.125438597193   -0.913179271132   0.387774131564
0.386216944838   0.874253395052   -0.29413852648
-0.460479539599   -0.0935639368046   -0.882725542476
-0.799246560913   0.476368335397   0.366439823027
0.717861111345   0.674067930535   0.17409149848
0.591552092582   -0.722439146405   0.357977375688
0.367071582367   -0.153993846521   -0.917357263367
0.622180909049   -0.775851176798   0.104622501768
-0.738732212522   -0.537593776417   0.406531240793
-0.259163335751   -0.330223989165   -0.907626840933
0.473068523795   -0.840437752697   0.264330391055
-0.809754012404   -0.296553566226   0.506314548235
-0.347137740947   -0.453564070666   -0.820838000223
0.648262837062   -0.695705152984   -0.309434377851
0.0276762939892   -0.384594650781   0.922670568156
-0.760913475262   -0.606697036999   -0.23006387909
-0.161665442675   -0.565008395347   -0.809091958823
0.352300772094   0.732808030371   -0.582131047622
0.921818013833   -0.379154195297   0.0805831592944
0.888948973636   0.451257465949   0.0783353157671
0.320174505306   -0.489972195059   -0.810811651508
-0.327502684604   0.745851156394   -0.580041415834
-0.227525558874   0.793324034669   0.564684952939
0.626303132437   0.56325806779   -0.53896635829
-0.745638321412   0.231035332982   -0.625016934615
0.10893260953   -0.0739536666901   0.991294376946
0.881581238319   -0.453572817389   -0.130714266895
0.459290982738   0.888145570562   0.0157872944489
0.0661440339913   -0.680279994397   -0.729961708579
0.968407676623   0.22004985906   -0.117322765841
0.240440301581   -0.699140321217   0.673343354184
0.147957816992   -0.514422858279   -0.844676036875
0.982700485638   -0.0197260551713   0.184148413717
-0.111392279437   -0.85730974894   0.502604968593
-0.403896528353   0.347292572654   0.846318771719
0.522372365371   0.847033826923   -0.0982894091164
-0.750995809763   0.402394787525   -0.523530064745
-0.114839245917   -0.993163713504   0.020923330891
-0.964745738801   0.116524805107   0.235982264715
-0.2368071094   0.00691433101118   -0.971532081284
0.465093483529   0.185342743437   -0.865642027072
-0.229879633614   0.969579687098   0.0840867671874
0.854893797865   0.159885264554   0.493551716186
-0.810329019168   -0.369209417087   -0.455028885927
-0.379499540594   -0.261013887679   0.887610189851
-0.446482899318   0.891939547712   0.0713923234248
-0.698159475352   -0.14305181973   -0.701505184477
-0.330805785651   -0.804510741519   0.49328490648
-0.63493375966   0.576453505196   0.514354427599
0.0603884423371   -0.324235859277   -0.944046790996
0.672826115014   -0.685401260609   0.278442329596
-0.737331848618   -0.651994033343   0.176764039042
-0.900293622237   0.420985348872   0.110646869792
-0.435162921914   -0.864507898397   -0.251514065213
-0.0102286436222   -0.274585923974   0.961508161799
0.488594987004   -0.866825168265   0.0994437848081
-0.541163763038   -0.211667102729   0.813842011202
-0.684409760486   -0.451454499684   -0.572513855261
-0.587943655532   -0.191298986289   -0.785956077503
-0.432620560756   -0.746630225127   0.505354091046
-0.68349228842   0.637140490607   0.356216629172
-0.344025370905   -0.888409709514   -0.303932117774
0.936208078656   -0.349315577612   -0.0386401435798
-0.0718399445419   -0.29783689375   0.951909768355
0.64628685995   0.356282979581   -0.674815332603
-0.548597795126   -0.397758729623   -0.73541039712
-0.530427896927   0.845488279913   -0.0616101833465
0.761391633851   -0.583979543128   0.281514960722
-0.521043578387   -0.809615087188   -0.270253584656
0.385741324365   0.0590872558712   -0.92071294488
-0.691735291719   -0.345756844694   -0.633998809571
-0.625345935368   -0.152284736587   0.76534424942
-0.361171354496   0.925884206232   -0.110876910768
-0.896783375938   0.192564147291   0.39836996099
0.0967625972708   -0.793189923901   0.601237677122
0.431759859656   0.577727265931   0.692686530683
0.564312590308   0.149839318011   0.811849419041
-0.381328323878   -0.824890672257   0.417305749101
0.732215821891   -0.54507206643   -0.408358215994
-0.444430181484   -0.467206463251   0.764329728902
0.401442391819   -0.86662720099   -0.296312842371
0.800828208692   0.175143984198   0.572711764296
0.809970261998   0.130666538477   0.571729333166
0.170418336085   0.880359069035   -0.442634725586
-0.561164650888   0.455954126301   0.690796691729
-0.622419203161   0.530924240506   -0.575077200364
-0.0289818125833   -0.749880149614   -0.660938586976
-0.78214729436   -0.394714089002   0.482126952024
-0.589921114539   -0.383186932821   0.710746687038
-0.513390784911   0.857393866323   0.0361339170418
-0.623235894818   -0.343574638918   -0.702519385429
0.566424193346   0.485643783437   -0.665818104892
0.0388496825134   -0.822757054879   -0.567063956548
-0.823197628374   0.295331922177   -0.484896607931
0.928094494869   0.354730700182   0.11316686327
0.337449662963   -0.929789269113   0.147036186053
0.157379584319   -0.0982753549534   -0.982636057271
0.683514353228   0.729912764352   -0.00595695956488
0.303241297988   -0.276522864947   0.911909984788
0.663967502312   -0.625109959605   -0.410347041267
0.204173196058   -0.16193679273   -0.965447969169
0.796455010983   0.600902433165   0.0676437823939
0.569186016599   -0.782746920132   0.251663540331
-0.315523514471   0.280985013652   -0.90636214281
-0.252348544919   0.895913776328   0.365593650469
0.914748666954   0.344072561372   -0.21177570403
-0.166182412415   0.0733013654233   -0.983366826587
-0.0483243521774   -0.996640523206   -0.0661243108939
-0.984910230829   0.0365318673439   0.169166367454
0.554335382079   -0.831883778041   -0.02610869603
0.287295837847   0.161813085067   0.944075011351
-0.781135958544   -0.530835101829   0.32869546534
0.171527905097   0.87870731465   -0.445479104958
0.392156410704   0.353914394451   0.849092427798
0.903765194792   -0.320340532217   -0.283884511909
-0.466240047119   -0.633813737736   0.617171260121
0.201220667223   -0.755330700491   -0.623687242115
0.861469942334   -0.166600356399   0.47970184459
0.168433587572   0.448261224709   -0.877890654353
0.81347888151   0.439752211338   0.380618052593
0.556670670967   -0.778254371684   -0.290581997103
0.259963751323   0.522743475148   -0.811885525914
0.371118142157   0.722127949856   0.583782963608
0.891453965474   -0.4530678572   -0.00627249654155
0.281177030411   0.249344825976   -0.926696625292
0.768872882935   -0.636382799349   0.0620598306495
-0.574259494877   -0.729961704784   -0.370650700919
0.948678067849   0.299469384688   -0.101626823312
0.234642872221   -0.882002549032   -0.408673740307
-0.212020390759   0.363853804618   -0.907004830619
0.754483741503   0.560881767643   0.340831228811
-0.0363907356961   -0.482758074659   0.874997346114
0.655309085976   -0.672574370666   -0.343822218247
0.606634264806   0.0456874151064   0.793667139841
0.334527971068   -0.920324581986   -0.20271581183
0.721169817267   0.388478215469   -0.573584144455
-0.736922354538   0.523437116751   -0.427737101723
-0.20913924238   0.42517633337   0.880616751396
0.64281118587   0.738402783276   -0.20385070265
-0.760619383413   -0.453730760223   -0.464312987976
0.400055403896   -0.890865720284   0.215206743009
-0.511286443581   -0.0220604997651   0.859127177407
0.0349035893173   -0.983148045161   -0.179448211886
0.928407498113   -0.0345650304408   0.369952397096
-0.369920608914   -0.179513731974   0.911555573256
-0.633210123558   0.557991950974   0.536367338745
-0.625177748916   0.0398062521142   -0.779466641078
-0.456286885286   -0.828891093535   0.323638430004
0.989757980555   -0.140793508164   0.0235866060668
0.00245759343207   -0.148394388734   -0.988925207297
0.142734369237   0.978854582382   -0.146528517318
-0.47239498016   -0.880910699327   0.028971063679
-0.851109965623   0.447379692971   -0.274705727523
0.229030148968   -0.154427167715   -0.961091796206
0.10874496005   -0.982045775949   -0.15414482672
-0.062354537149   0.14802036089   -0.987016658653
0.992112113302   0.116944716438   -0.0451385415868
0.344495904158   -0.281659099211   0.895539348019
-0.853794403699   0.302627063267   0.42361772483
-0.390330229716   -0.910541054764   -0.136225178875
0.367733957164   0.262972143442   -0.891973872107
0.440472252215   0.795502994935   0.416123996036
0.818996905841   -0.545912664098   0.176701531972
-0.426747304171   0.224363867485   0.876097935935
-0.896916739581   -0.229120924735   -0.378211533546
0.115875366846   -0.9471876566   0.299012445464
-0.770229652593   0.627483371605   0.114065334903
-0.623092897165   -0.778519528945   0.0752501465369
0.136020306461   -0.0131134057664   0.990619258252
-0.583635133886   -0.756007745235   -0.296348307973
0.77824074774   -0.62493905919   0.0615833650917
-0.231757133764   -0.194688113258   0.95309242443
0.0322815810725   -0.742542146274   0.669020971667
0.861369453973   -0.318846543423   -0.395448537119
0.506952229787   0.589039933072   0.629310252547
0.989636767402   0.14057683305   0.029278364293
-0.0592207662725   0.213822000376   0.975075921658
0.130812726629   -0.96670487025   0.219931181025
-0.766746234496   0.104782871223   -0.633340952241
0.0312303492528   0.991509120937   0.126231249631
0.641190203584   0.0770078761955   -0.763508290611
0.743872574057   -0.551375276387   -0.377675652055
-0.420149558794   -0.825288548048   0.377323681614
-0.519738339755   -0.122000479716   -0.84556959568
0.088733403295   0.927459840881   -0.363241829493
0.885985804864   0.0931468530465   0.454260737185
0.45514342434   -0.362135205857   -0.813451016324
-0.414951399793   0.847726896629   -0.330415563408
0.906283580809   0.417203235306   -0.0677608412443
0.0804077543881   -0.327567655886   -0.941400033913
-0.961642996464   0.261976835624   -0.0813073486763
0.178853764607   0.374100054031   -0.909978285708
-0.207976148243   -0.889616370786   -0.406606240227
0.59743297503   0.729746622121   -0.332481139089
-0.80024269307   0.515735297054   -0.30598812977
-0.0518215450761   0.448873000832   0.892091674992
-0.643809115127   0.169161887019   -0.746253361306
-0.361267806859   0.792519451098   0.49132320458
0.674533464705   0.585915672782   -0.449118502604
-0.793885548203   0.47340953472   -0.381613873949
0.434951943109   0.00354685551725   -0.900446681932
-0.424926515459   -0.880835303705   -0.208726194349
-0.97388395762   -0.14847003977   0.171775098258
0.186350738078   -0.0904909529112   0.978307104062
-0.12970520232   0.984768010616   0.115795188844
-0.572938002413   0.520105722921   0.633428829764
0.694496537262   0.7184794799   0.0382334499274
-0.435220180048   0.4618195253   -0.772855821568
0.933878774616   0.357583202585   -0.00216507531861
-0.345825787814   0.901599294211   -0.259852337226
-0.0909668005654   0.243419321148   0.965645936815
0.997526917838   -0.0700379137928   -0.00589396464571
0.0212445823061   0.380386895907   -0.924583407349
0.0669978798943   0.9221716218   0.380934094085
-0.85201715355   -0.408925502762   0.326874139765
-0.511673150344   0.518427066063   -0.68514521409
0.110712949887   -0.751008195937   -0.650944953404
-0.343818325719   -0.796143342438   0.497940495633
-0.462037886837   -0.318210454399   -0.82780619582
0.81750226301   -0.51468231464   -0.258441801902
0.437665627127   0.307276313903   -0.845002997478
0.318040466604   0.826131663036   0.465141631044
0.841010737407   -0.472321651254   0.263843130142
0.155276621937   -0.411839986029   0.897929282621
-0.96184126545   -0.270310778526   0.0423492985724
0.225278828914   -0.870241293504   -0.438097637888
0.0345318847491   -0.600563333348   -0.798831165875
0.998345126162   0.0575065485454   -7.70946977608e-05
0.0459843234687   -0.797506538853   0.601555286306
-0.995979084709   0.0131220489977   -0.0886198321614
0.0885542793248   -0.0054962592838   -0.996056188549
-0.0135573756859   -0.999898796361   0.00431214569855
-0.562991155752   -0.136352776269   0.815137337476
0.336377827138   0.863102154068   0.376702308266
-0.754911197396   0.486274194305   -0.440052828646
-0.832664132532   0.545471318527   0.0955587937361
0.00375003031233   -0.166999900666   0.985949780897
0.553765636048   0.821323367403   0.137009293442
-0.929314754747   -0.0128705617822   0.369064269809
0.269632753999   0.659233052546   0.701933017034
-0.252333637434   0.751828525045   -0.609164677529
-0.577860456252   0.168821002051   -0.798484040146
0.526645525616   -0.670280161809   -0.522847009204
-0.623475567644   -0.722650658307   0.298419574759
0.301518382098   -0.104233816258   0.947745734259
0.71982091369   -0.626959436597   -0.297959254053
0.625255561728   0.772047392593   -0.114010114107
-0.248584282833   -0.810169475444   -0.53087783471
-0.218388119825   0.58084873528   -0.784169226534
0.9436696898   -0.0789947326183   -0.321321254776
0.947990967494   -0.118038314343   0.295601221067
-0.233483654072   0.373304598489   0.897846902333
-0.216329630033   -0.920168806847   0.326329370538
0.999997603722   0.000265145354861   0.00217307346189
-0.000261383778048   0.999998467493   -0.00173109510118
-0.00217352912347   0.00173052294684   0.999996140523
0.896757906629   -0.404116508853   -0.180319450339
-0.275652363806   -0.82889231368   0.486778498549
-0.346180633811   -0.386816984625   -0.854711406955
0.865615728745   -0.500707647237   0.00112345366037
0.500707297127   0.865616456445   0.000594084372323
-0.0012699425648   4.82726688468e-05   0.999999192457
