0.193626525619   -0.166115858046   -0.966909659192
-0.807929662409   0.532105399289   -0.253206445267
0.556559455882   0.830222479237   -0.0311802091971
0.670165027972   -0.658824570463   0.341802604672
0.348687576394   0.686002587696   0.638605843748
-0.655206692026   -0.308788981272   0.689458886155
0.895401831607   0.174010492984   0.409848640702
-0.135502540914   0.983305100489   -0.121450157508
-0.424139860611   0.053211161276   0.904032051952
-0.758010678965   -0.526090036495   0.385550366685
-0.640643629348   0.711509278189   -0.288669858869
-0.122456326606   -0.465815221675   -0.876367861451
0.729151030346   0.56134668694   -0.391444340926
-0.225601690443   0.737183581679   0.636917768795
0.646098020622   -0.376098742352   0.66415892962
-0.212247990407   -0.744751743354   -0.63268920564
-0.93222933314   0.348490843681   -0.0974812909498
0.293085756384   0.569121228231   -0.768245902293
-0.629652138175   -0.773893173506   0.0680260279272
-0.553112644301   0.385083044308   -0.738767521987
0.545531472226   -0.502792606181   -0.670518461754
0.500663157012   -0.853425534053   -0.144918118604
-0.828967544859   -0.520898100536   0.203661431347
-0.249297438503   0.0181666417907   -0.968256557183
-0.892457051563   0.425912962953   0.148723095539
0.426614052571   0.903975748708   -0.0287801302914
-0.146699902207   0.0377623322754   -0.988459986544
0.682970164594   -0.729350466959   -0.0399956310831
-0.717103049354   -0.659070366695   -0.226692451885
0.138978310413   0.183505170179   -0.973144840724
0.87664948906   -0.459648893239   -0.142156843913
-0.0472044723905   0.211869666309   -0.976157252836
0.478808323981   0.862458195753   0.164037951228
0.200307453843   -0.109684738695   -0.973573922252
0.490506182073   0.871433399217   0.00274154811896
0.848104126473   -0.478093180076   0.228355647794
-0.145110429095   -0.859589090675   0.489948525907
-0.773493122454   -0.210228144872   -0.597923503527
0.616969490626   -0.46573675155   -0.634379953299
0.692472357045   0.697074783865   -0.185926814667
0.684888763798   -0.554184081388   0.473082852234
0.226736445981   -0.454935984018   -0.861175844072
0.444304801088   0.609860442446   -0.656249559617
0.692909262171   0.230387390527   0.683226466643
0.567864418815   -0.758282197512   -0.320215725481
0.760598091547   0.0128768358931   0.649095316719
-0.225511296939   0.942789155375   0.245546866097
-0.608798158705   -0.333140804458   0.719987504274
-0.350337012934   -0.697205729975   -0.625434366164
-0.923609301893   0.146231346945   0.354347639959
-0.155595095505   0.701798092459   -0.69517595062
0.658059016324   -0.724470021192   0.205186547925
-0.699849981863   -0.68902499163   -0.188293823326
0.277791889627   -0.0196913536789   -0.960439439409
0.0664712841302   0.898284254463   -0.43435810868
0.954483958278   -0.1841001592   -0.234664664531
-0.290760970183   -0.398989385289   -0.86963528485
0.482333182112   0.809670751752   0.334347087894
0.115801839403   0.319395073339   -0.940519389012
-0.868299853401   0.492361717515   0.0602934797127
0.54981235176   -0.32681569378   -0.768698822645
-0.648716592717   0.412657090821   -0.639437962156
0.526187381043   0.85023857088   0.0148732022718
-0.559821432354   -0.0815518503942   0.824590358131
-0.466154684821   0.85373066854   -0.232042572242
-0.685054576545   -0.514289063865   -0.515952502772
0.882858767508   -0.437543332392   0.170634782308
-0.433649353762   -0.620003654842   0.653868263662
-0.180301510353   -0.651268992447   -0.737116045898
-0.222672790629   0.752350206451   0.619988705708
0.625543881022   -0.377511065043   0.682773936768
0.747737708872   0.539865319008   -0.386566625705
-0.0926284180722   0.680208966942   -0.727142171875
0.772560205729   0.509803944822   0.37848469806
0.628148633169   -0.526702667007   -0.572724712378
0.842149478975   -0.337743083287   0.420373482458
0.170790138672   0.906485833281   0.386153030019
-0.511483121514   -0.253402927672   0.821079760226
-0.0195736021573   -0.521943435997   0.852755488908
-0.566518705379   0.708573146406   0.42069068529
-0.823816381664   -0.474867503472   -0.309560048509
0.836096988546   -0.183737793568   0.516896748838
-0.0084902905596   0.937795225849   0.347085046265
-0.548515943898   -0.294585365539   0.782527776951
0.736434513652   0.576623504589   -0.353793076603
0.653158366195   -0.74224941905   0.14983306895
-0.176205436257   -0.341425151148   -0.923244556092
-0.921774283293   -0.234531167161   -0.308751197463
-0.218888210977   0.972050049262   -0.0848920068022
0.320031438142   -0.0106692714865   -0.947346845082
0.805826700039   0.400166007621   0.436475080765
0.591463210481   -0.579458866531   -0.560712666986
0.0285412058643   0.709996190564   -0.703626897868
-0.0621636139657   -0.987425089739   -0.145352597806
-0.740519617474   -0.0520096688765   0.670019172049
-0.669153481402   0.149287263118   -0.727974540838
0.962196074385   0.094092446818   -0.255588195919
0.267809428978   -0.497646884384   0.825000417174
-0.0495663614937   -0.862261091572   -0.504032723039
-0.162504175089   -0.336630010412   -0.927508829744
-0.567739430274   0.800710786317   -0.191139153504
0.807009499619   0.495522424094   -0.321236976141
0.207077062948   -0.942035262481   -0.263986087418
-0.947260701636   -0.260521255341   0.186616823525
-0.244573615185   0.211419582651   -0.946300960103
-0.379188248224   -0.924479411025   0.0394219710811
-0.215665379194   0.129727944888   0.967811502845
-0.899835939175   0.358480793647   -0.248569515195
0.957793235194   0.244735136788   -0.150787371577
0.266356259065   -0.558314443115   0.785709440854
0.108103940087   -0.792710347486   -0.599936532224
0.235869459401   0.19554353453   0.951907729011
0.827578453484   0.473040662219   -0.302235728267
-0.509391305163   0.859066503954   -0.0502517706742
0.894914117843   -0.321483066907   0.309479174371
-0.220270590632   -0.921393274928   -0.320180105073
0.388084512162   0.218364535751   -0.89538111484
-0.227036696919   0.937714449757   0.262956172949
0.890516645115   0.30919569614   -0.333733615655
-0.394251750723   0.158397071192   -0.905249095426
-0.73950089162   0.668678703691   -0.0775063174264
-0.171963755153   -0.0763374307404   0.982141063055
0.65082017864   0.739622465894   0.171440095136
0.535747970458   -0.0841348383642   -0.84017583937
-0.821501114358   -0.281983012697   -0.495602158474
-0.195217906955   0.955723238887   -0.220188690192
0.0138380651427   0.232632438278   0.972466274957
-0.902206991055   0.422197204016   -0.0881593206166
-0.43108125981   -0.876145917745   0.215725004844
-0.423208678647   -0.21932677145   0.879084854903
-0.705775387583   0.688210561907   -0.168069404906
-0.568133362051   -0.691564884815   -0.446052119712
0.802487690174   -0.573027093375   0.166293286795
-0.479468657797   -0.453424300189   0.751342937103
-0.355138442253   -0.68267587712   -0.638615950665
0.0148920365802   -0.998760340833   0.0474974585124
-0.383073227905   0.0381793529134   0.922928620653
-0.923597926074   -0.0319392914118   -0.382029779272
0.709077932888   0.534067083889   0.460413765031
0.377176205562   0.264411644438   -0.887594835681
-0.595773946294   0.803031028215   -0.0139489339476
0.583135341647   0.0650034933805   0.809770164339
0.807435364203   0.0633794138165   -0.586541714012
-0.0894500186653   0.995870270412   -0.0155273431756
0.719618810431   -0.358450399961   -0.594694945756
-0.693173680281   -0.320606409551   -0.645539913118
0.0407310287757   0.87676954853   -0.479182786012
0.175018190996   -0.965926462103   0.190669092025
-0.898241627744   -0.235947781142   -0.370797279922
0.40315085394   -0.106370646416   -0.908930511427
0.6970111858   0.58079377153   -0.420540130967
-0.132081056873   0.680432807195   0.720809121222
0.704790749952   -0.446866635333   0.550981132989
0.571227256394   0.814725542215   0.0996077930771
0.813918509992   -0.577929539032   0.0594483566428
0.10600038053   0.0471141048593   -0.993249304343
-0.957278010676   0.270979130599   -0.100941176412
0.266266015788   0.962164199399   0.0578140314538
0.112788382168   0.0284668961463   -0.99321116421
0.0184143402452   0.915211251427   0.402553446594
0.777172133363   0.240197358775   -0.581643107055
-0.629018590526   0.323563894961   -0.70685360486
0.763721817888   -0.334153895589   0.5523315661
-0.550347966641   -0.784231078265   0.286528761635
0.337410877807   -0.522802821045   -0.782835301702
-0.326084174633   0.775227044564   0.54101029616
0.50550792302   0.626588442   -0.593168326995
-0.798830927631   0.0800621868413   -0.596203988115
-0.564513630555   -0.692420214193   0.449309033831
-0.797922282502   0.318434067151   -0.511780984366
0.211292195767   -0.647421031361   -0.732257889098
-0.266573321805   0.379352253284   -0.886019487821
0.346485793391   0.895546287307   0.279185318978
0.899381042634   -0.232569807333   -0.370168915091
-0.0607657336896   -0.174092888062   0.982852579077
-0.902229447558   0.430767824234   0.0205208602292
-0.426953802923   -0.885511574217   -0.183247653165
-0.801970024872   0.508370349583   -0.313693587693
0.597297621487   0.690262796033   -0.408378285164
0.00892360135524   -0.514875577293   -0.85721847235
0.355655080944   -0.870082765436   -0.341270339169
-0.928426971635   -0.370860873815   -0.0220356526569
-0.107390974692   0.324681679402   -0.939706861064
-0.482728389776   -0.866305835535   0.128403665048
-0.848657975356   0.426529377339   -0.312813572594
0.216224288051   -0.259974786572   -0.941095195946
0.352464652735   0.85680402894   0.376371522949
0.400386711253   -0.501579037563   0.76688261655
0.845848183037   -0.119604858209   -0.519841828009
0.263875320547   0.963972452982   -0.0335696990127
0.78481015356   -0.194338566021   0.588477309645
0.56075202868   -0.181630479242   -0.807816520222
0.836289179043   0.206477602877   0.507924609101
-0.44835477381   0.790753610469   0.416757392661
-0.315592151078   -0.576260120993   0.753873906657
0.803327041979   0.586287407581   -0.104559742498
0.586524533094   -0.748448102597   0.309539033852
0.103221296824   -0.30998793059   -0.945120548324
0.746038792714   -0.662512992923   -0.0671018175586
-0.398757496313   -0.525174398642   0.751787409992
-0.533309083783   -0.534105218937   -0.655982496647
0.729603209024   -0.466682125461   0.499886938393
-0.65988738659   -0.672313686379   0.335474208015
0.179521013866   -0.574632144071   -0.798479871197
-0.922329775209   0.356056202957   0.150105849758
0.374592429749   0.919226326904   0.121257871921
-0.0948066314655   0.168068260729   -0.981205769652
-0.278010063079   -0.90496384045   -0.322103787612
0.0467730227545   0.322171799271   -0.945525047194
0.959438735333   -0.277931246907   -0.0472391071146
0.696490974833   -0.130892894141   -0.705526308592
-0.66156523157   0.263658703446   -0.702008213753
0.277906038492   0.955694060911   0.0970417195912
0.929166758847   -0.0925358700452   0.357891389952
-0.369339777036   -0.272735174558   0.888371348889
0.015403355038   -0.957628653071   -0.287593635775
0.918203062612   0.395122681458   0.0279499983015
0.391554561709   -0.916051503633   0.0868024645719
0.0599012605305   -0.0687583394773   -0.995833384506
0.080381328976   -0.0216927133665   0.996528106959
-0.42945784665   0.901455155884   0.0542637988238
-0.899502529026   -0.432328611242   0.0631440574798
0.0180047223182   0.869474396451   0.493649778511
0.29045778984   0.467888489506   -0.834694335474
-0.956718402786   0.158412863329   -0.244121409177
0.876438362059   -0.472710925077   0.0916524895128
-0.454090331679   -0.748092542027   0.483900319661
-0.160180423887   -0.465727312926   -0.870310462959
0.24530263369   0.297075633449   0.922806960108
0.903973445647   0.273790751248   -0.328436651143
-0.35022653694   0.914759363035   -0.201386891572
0.597313763708   -0.448185209151   0.665091186257
-0.539909904169   0.388512425459   0.746696317604
-0.593054435206   -0.805101306447   -0.00991581422502
-0.798482895303   0.453047610183   -0.396450412107
0.206193696558   0.824515643571   0.526932740538
0.565605185489   0.339001204213   -0.751777199789
-0.775867767399   0.433130198764   -0.458723706063
0.56407688318   0.801903797448   -0.196894818387
0.282571190052   -0.411519781499   -0.866490041527
0.866567647779   0.219360990362   0.448264729518
0.497771971966   -0.444398155956   -0.74480423126
0.0358270253838   0.868556869114   -0.494292817429
-0.440045499623   -0.820059715023   0.365871592168
-0.434456005138   -0.162150841197   -0.885976909527
0.785880358425   -0.548825262185   -0.284926119788
0.267300000478   -0.959228823704   -0.0918192439655
-0.664862923268   -0.114617386415   -0.738119331856
0.697501256666   0.258346508727   -0.668392907259
0.00389996175533   0.750202856767   0.661196237529
0.99770719216   -0.0475940910591   0.0481161278874
0.0675658903421   0.659492590366   -0.748668400988
0.184765328635   0.821848488773   0.538912641362
-0.0788757110294   0.558985468601   -0.825417390295
-0.979612370138   0.11000139769   0.168105017671
0.364275889138   -0.918446014353   -0.15414277501
-0.290476787266   -0.269311282005   0.918201867237
-0.884831233868   -0.28970390342   -0.364890854139
-0.0790973491922   0.452964006365   0.888013073331
-0.861782020113   0.416691284927   -0.2893097353
-0.501074205361   -0.788157333321   0.357397060319
0.498826753307   0.591497047576   0.633484895564
0.499995593127   -0.793419001012   0.347117697242
0.707938046056   0.143588062157   -0.691524541431
0.836883340004   -0.370639473409   -0.402805978029
-0.504910260842   -0.238493900979   -0.829569941236
0.211404597116   0.897634134632   -0.386731245617
0.986843060309   -0.150005983999   0.0603239511765
-0.0945188111747   -0.232542023459   0.967982645408
-0.131175335545   -0.960948704271   -0.243660869357
0.339260333689   0.116966199345   0.933392379601
0.532499772201   0.794079348884   -0.293056274994
-0.775465291739   0.596453599133   0.207115150366
-0.563912289131   0.140695995837   -0.813761374036
-0.783232645045   0.221284869721   0.581016035604
0.261819710591   0.965006552646   -0.0145875634193
-0.696290794974   -0.467127399457   -0.544950569019
-0.273068839024   0.874546794538   -0.400750936872
0.663786516247   -0.130230169032   -0.736496819486
0.172320089417   0.4020281867   -0.899265880414
0.983963625944   -0.0275664555816   0.176226198652
0.0460583260393   -0.915212230781   -0.400331366352
-0.321284199125   0.250087923595   0.913363286238
-0.0548330909502   0.957967114869   -0.281588953844
-0.945393988934   -0.140552613858   -0.294066603397
0.967549599564   -0.20632174548   0.145873608735
-0.0940745605835   0.241667262491   0.965788233148
-0.23451598972   -0.948171013888   0.214415435506
-0.509423915728   -0.824756549686   0.245487089479
-0.294065621905   0.434956653855   0.851080560525
-0.808710508999   0.361371476794   -0.464109870143
-0.835432922379   -0.498025329013   -0.232427631512
-0.469852179749   0.866601454629   -0.168050135443
0.285115347559   -0.0311879864587   -0.957985672185
0.0103992293298   0.689284673236   -0.724415968222
0.997327645537   0.0452419793947   0.0573648890836
0.0723147510499   -0.7230766227   -0.686972178511
-0.0589906572445   0.981658254613   -0.18129305953
0.982265570298   0.089458296009   0.164777312208
0.177973176885   -0.168357608564   -0.969526308983
-0.142934064336   -0.970451660124   -0.194405321021
-0.94119278954   0.0725183712663   0.329995786232
-0.306147001288   0.230140525277   -0.923747450665
0.560557426371   0.335994785604   -0.756890266734
-0.0245017901211   0.920320255718   0.390397604005
0.827753003082   -0.200295109721   0.524124827697
-0.634986891447   0.345735461451   0.690839083663
-0.0405217807997   0.878126007235   -0.4767102902
-0.771459418312   -0.330698814932   -0.543588687123
0.24509849791   0.907970929258   -0.33987574052
0.894159887594   -0.347199399622   -0.282720134044
-0.374706315385   -0.234608973397   -0.89696923551
-0.750755957343   -0.476978982815   0.457008253415
-0.656584142833   0.462836263074   -0.59555004604
0.0725448627862   -0.747177116828   -0.660653918577
0.692801676777   0.716785306671   -0.0790231671871
0.608476259192   -0.52224313233   0.597510463097
0.387017414093   -0.462039971919   -0.797957759818
0.988169570834   0.0210971121291   0.151907245175
0.0431235535826   0.912309117833   -0.407225284878
-0.147177642335   0.408958415218   0.900606326992
0.911947724418   -0.0751700340996   0.403361889503
-0.32833288148   0.455870261133   0.827272520977
-0.246066793512   -0.886866264438   0.391049053373
-0.593150734423   -0.738355399552   -0.320941599266
-0.797934119296   0.486109746483   0.356368426794
-0.107113712707   0.467470446452   -0.8774953186
-0.819038052176   -0.275433422278   -0.503302194881
-0.571233082172   0.309573233292   0.76016917802
-0.0535671103596   0.910110346755   -0.410888940861
0.394888720262   0.79416424001   0.461915639731
-0.375446212867   0.598372898667   -0.707806481466
-0.838512396798   0.106080317924   0.534456664621
-0.678278044462   0.486300075514   0.550863986239
0.318498224778   0.870159773822   -0.376006447903
-0.662191645669   -0.0795877164259   -0.745095980526
0.925444766133   0.367754771025   -0.0911504977763
0.134726784072   -0.0945601464011   0.986360518607
0.354119582218   -0.925102592905   -0.137056610203
0.34934583904   0.936523386183   0.0296889152021
0.932634335942   -0.350598793745   0.0852858772013
0.0902811163852   -0.00210536460268   -0.995914096134
-0.352390272405   0.878874632935   -0.321559448523
0.016006392009   0.349210231867   0.936907685435
0.935716246928   0.325010146299   -0.137125901736
0.769579980331   0.535059796169   -0.348507774172
0.358873032014   -0.813845409832   -0.457018378006
-0.528163611987   0.226642152889   -0.818337665978
-0.343638314318   0.904226895763   -0.253547687259
0.884494327486   0.402361298026   0.236167674353
0.315566939622   -0.14310522961   -0.938050318263
-0.892115003441   0.450257749577   0.0374002591074
0.271906566473   0.601158569662   -0.75144872958
-0.36082910019   -0.660209310011   -0.658730618124
0.0675626830278   -0.988090099276   0.13825063888
-0.590812340258   0.0720374497907   0.803586575302
-0.803975162575   -0.135972648419   -0.578908780489
-0.360831029578   -0.463591852878   0.809248763984
-0.388555671833   0.863538903747   0.32144214347
-0.847835749394   -0.19845189759   -0.491722875571
0.347470439798   0.138443289711   -0.927414550774
-0.377006166326   0.926205927375   -0.00298841858769
0.858563127559   0.350679391507   0.374023154837
0.999995522198   0.000556293232591   0.00294042881031
-0.000559224360605   0.999999347518   0.00099610875776
-0.00293987276317   -0.000997748656804   0.999995180811
0.751899666932   -0.597014439082   0.279679549459
-0.390532562398   -0.745116929798   -0.540633959873
0.531160247538   0.297278523255   -0.79340675002
0.871303030321   -0.182661913372   -0.455483978598
0.231943539939   0.971217911525   0.0542029760697
0.432473379107   -0.152873783682   0.888592360213
