0.188380967907   0.807925417206   0.558362903434
0.16120454441   0.535392949947   -0.829076283854
-0.968775364344   0.246192830561   -0.0293834067932
0.66584929008   -0.646280400164   0.372781929852
0.326486786037   0.70166740505   0.633300269381
-0.670858480906   -0.299974160585   0.678206754271
0.895352616477   0.175634306588   0.409263096941
-0.137207434745   0.983038100732   -0.121697215909
-0.423695423646   0.0528079810147   0.904264068247
-0.761897350839   -0.515735542108   0.39182812302
-0.637319226021   0.704810254892   -0.311555306234
-0.11548433455   -0.48709275842   -0.865681242607
0.667045648169   -0.643887471883   0.374778637117
0.385620461936   0.72881500279   0.56579638658
-0.6374534984   -0.232889706264   0.734449060259
-0.200043914795   -0.735018752402   -0.647865622921
-0.942143153053   0.325828922327   -0.0787514590383
0.268977156837   0.594628410659   -0.757672978097
-0.627327689122   -0.776408371056   0.0604153294633
-0.561063914554   0.396802999809   -0.726467248546
0.540062269063   -0.489629881419   -0.684540228901
0.503278499584   -0.852618400718   -0.140543994534
-0.8287794306   -0.522306456108   0.200799951857
-0.244612769612   0.0154216733239   -0.969498202208
-0.898186827665   0.414065017201   0.147684068679
0.41386322357   0.90972013634   -0.0335634580018
-0.148248624908   0.0309747488651   -0.988464926109
0.694579278899   -0.718717793568   -0.0316916164477
-0.704885281038   -0.671080313118   -0.229756292684
0.143862315844   0.181922914063   -0.972732073875
0.869679865827   0.0516449218494   -0.490907051312
0.469908983318   0.217882610235   0.855402078318
0.151137283215   -0.974607598083   0.165219706513
0.204283319384   -0.0912272305622   -0.974651690455
0.487328687098   0.872979555167   0.0204315191177
0.848987088261   -0.479149547267   0.222792807792
-0.133110036989   -0.881564752526   0.452907611631
-0.801570935205   -0.173002125835   -0.572323597096
0.582894290078   -0.439219593211   -0.683608363624
0.693464172452   0.700115770717   -0.170133327492
0.678804688816   -0.555709051639   0.480012129424
0.241519431872   -0.448358514524   -0.860606185496
0.466017477466   0.607318710506   0.643421863605
0.687630572355   0.209015942533   -0.695324767091
-0.5567691682   0.766470038316   -0.320205830218
0.759919473576   0.258352428299   0.596469962715
-0.0494541279985   0.937941258715   -0.343249886251
-0.648133229246   0.23134437097   0.725536421629
-0.35413184281   -0.702701968625   -0.617090415374
-0.924038811915   0.16129882143   0.346604910525
-0.144023996372   0.692959330131   -0.706444941014
0.659638533377   -0.72640998359   0.192887379069
-0.703037358197   -0.687105477999   -0.183369940232
0.265735730084   -0.0146491549763   -0.963934605611
0.0584417409515   0.901959055516   -0.427848600662
0.957290887732   -0.172197858437   -0.232254286975
-0.283158470088   -0.396002221868   -0.873500727588
0.480724710348   0.825691824259   0.295189370648
0.0725803051855   0.298015996327   -0.951797544481
-0.873862605042   0.47897753364   0.0833346888223
0.562234808104   -0.331773178575   -0.757508137654
-0.642071136787   0.402162306578   -0.652694518575
0.521187754978   0.853341688452   0.0130876653385
-0.558870432397   -0.0714361915446   0.826172324346
-0.478419287229   0.841535125318   -0.250865737756
-0.67733213757   -0.535458218081   -0.50448555115
0.894907069165   -0.417482461674   0.157637976617
-0.410622602804   -0.632052996761   0.6571895359
-0.174729549717   -0.652853277716   -0.737056429926
-0.227857235325   0.629975393487   -0.7424365858
0.75620958876   -0.365835688562   -0.542504660687
-0.613374386652   -0.685051277351   -0.39303512467
-0.0996613900302   0.684952064017   -0.721739757564
0.762729940199   0.518401265824   0.386656392749
0.638991898207   -0.511957808542   -0.574098037573
0.841364987716   -0.341272259374   0.419092116879
0.175681553712   0.906008225292   0.385078027664
-0.511117353582   -0.250364415775   0.822238840109
-0.01845780629   -0.522522141146   0.852425903812
-0.567252628409   0.707545746084   0.421430270374
-0.823336969314   -0.475762156163   -0.309461800289
0.835823775994   -0.180299068844   0.518546874695
-0.0118782429902   0.938373376533   0.345419040525
-0.548869313066   -0.294868872531   0.782173142715
0.742862772802   0.572357956755   -0.347219340034
0.647115805323   -0.746783333601   0.153478946278
-0.171452720176   -0.338704918459   -0.925139417995
-0.921219937014   -0.226516710679   -0.316297340013
-0.231780837433   0.972532270662   -0.0214155531697
0.312460350948   0.0535832278051   -0.948418350018
0.802529664013   -0.593277066184   -0.062995720318
-0.376827500121   -0.585915438488   0.717428833653
-0.462544239172   -0.552019400876   -0.693777633642
-0.0896099631592   -0.97700418701   -0.193475768878
-0.698701209669   -0.0767707552456   0.711282553434
-0.70977931372   0.198919757135   -0.675754582783
0.964903232722   0.102780320525   -0.241656692833
0.260236712055   -0.497569944348   0.827466618052
-0.0351938229947   -0.861313157919   -0.506854060483
-0.151966410582   -0.344461566782   -0.926419148654
-0.581507659758   0.789076844817   -0.198006501415
0.799221528504   0.508629493807   -0.320220215355
0.181712640363   -0.951223841509   -0.249306477516
-0.956179064274   -0.230106098814   0.181032539654
-0.229569408742   0.205485733604   -0.951353509471
-0.384577948055   -0.923068222486   -0.00669787621755
-0.163907073899   0.0611444043038   0.984579014102
-0.908424061788   0.379745204735   -0.17481220216
0.957193114484   -0.270123560862   0.103993285592
-0.243640403931   -0.557935747151   0.793313970315
-0.15627122305   -0.784691636117   -0.599865268977
0.216952215247   0.200965418302   0.955272022588
0.81734575066   0.497653749262   -0.290321666171
-0.533739318742   0.843773456928   -0.056291147379
0.887744820005   -0.342835283549   0.307202055506
-0.24112993919   -0.914783228973   -0.324080231393
0.392129426312   0.213624933721   -0.894761924021
-0.229095901963   0.928692665253   0.291624760878
0.901489224863   0.315439571721   -0.296336049137
-0.36719510496   0.195007205171   -0.909472344133
-0.742286937448   -0.110063732752   -0.660981147286
0.653285751315   0.100605696073   -0.750397375371
0.149090004571   -0.988819735123   -0.00277522560903
0.550228694405   -0.0919894244364   -0.829931521131
-0.813138687998   -0.28503956467   -0.507501646304
-0.189878535007   0.954091396414   -0.231637107486
0.0134044013479   0.238237973244   -0.971114303203
-0.904288770918   0.417347777541   0.0899035662777
0.426710839531   0.876962656299   0.22103022122
-0.417720330902   -0.198606525397   0.886603165709
-0.729325881414   0.655238497797   -0.196840721804
-0.541842674654   -0.728847006669   -0.418555321337
0.811266204252   -0.558306266744   0.173612379751
-0.477235670022   -0.46077460229   0.748286630596
-0.337776939929   -0.689913674878   -0.640254527904
0.012314470585   -0.998523812847   0.0529013123653
-0.386509313196   0.0440398113545   0.921233437132
-0.922203288047   -0.0317913519089   -0.385396426112
0.70929808073   0.543529057846   0.44885676551
0.364447865423   0.262288553441   -0.893522505653
-0.603385437391   0.797358688419   -0.0120472373744
0.594019897518   0.158011940895   0.788779175624
0.784889572896   0.101069267745   -0.611337354903
-0.17631993569   0.982251103168   -0.0639847687366
0.712348096211   -0.333743815713   -0.617393922587
-0.701752414116   -0.325945032147   -0.633485111832
0.0101852568448   0.884519588875   -0.466391851582
0.164911742824   -0.967328301619   0.192561870347
-0.898796628774   -0.227785879191   -0.374537332271
0.406163436474   -0.111308355697   -0.906995982736
0.694575776159   0.586621698717   -0.41646065094
-0.141759422061   0.679134944604   0.720194413537
0.705314651375   -0.441192372586   0.554869834239
0.572500855243   0.815077924477   0.0888298812058
0.81436193753   -0.57785965247   0.0537852844107
0.0951704022633   0.0415475528426   -0.994593583065
-0.954607691806   0.279300871289   -0.103514144474
0.276794027963   0.96017236292   0.0381326575355
0.110041905169   0.00774963119162   -0.99389673628
0.00336398530352   0.910839533179   0.412746929844
0.778535230864   0.256654058075   -0.572722959684
-0.627591887775   0.323264657896   -0.708257285759
0.772280720946   -0.32789569404   0.544120300911
-0.540611590267   -0.789040381394   0.291812242429
0.333648912035   -0.519518710147   -0.786624887185
-0.316140387822   0.778249064907   0.5425713302
0.519171484792   0.620588455601   -0.587648652011
-0.794050517764   0.0959080903925   -0.600237797605
-0.554587563602   -0.706046184073   0.440376452718
-0.807396447057   0.328517123279   -0.490089254045
0.201354442297   -0.627355788693   -0.752250691457
-0.282107892437   -0.376550902927   -0.882397050042
-0.296083283183   0.90902990163   -0.293256419059
0.912551272991   0.178533065296   -0.367934937334
-0.0878272089085   -0.184793175333   0.978845168923
-0.877887771972   0.478725710288   0.0116083852874
-0.470743499365   -0.858296671983   -0.204272812121
-0.794917470088   0.521996023968   -0.30923513187
0.606557841231   0.695430605541   -0.385310080494
0.013921245004   -0.493858708388   -0.869430719012
0.348841846672   -0.855166699933   -0.383404853818
-0.924877062852   -0.380210020842   0.00653910720303
-0.151366393944   0.352321240686   -0.923557231526
-0.474524059825   -0.867782335306   0.147582977069
-0.848381222803   0.406173579222   -0.33951778203
0.234683227747   -0.286315982874   -0.928949374557
0.349683490413   0.927785429688   0.130137047371
0.614859444428   -0.332075702153   0.715313628948
0.706872915195   -0.170117373071   -0.686579024026
0.264341561928   0.962908894705   -0.0541294727155
0.796525775915   -0.18633218142   0.575175631931
0.543755669047   -0.195158345358   -0.816237094413
0.83431139435   0.208762804953   0.510237776464
-0.450412881863   0.791802824178   0.412524573187
-0.3178879254   -0.57399161919   0.754639574893
0.772568681438   0.624266781748   -0.115881913562
0.625765051905   -0.717726476054   0.305428890374
0.107497592991   -0.308479646763   -0.945137332322
0.732552668768   -0.678257536397   -0.0577347537642
-0.414488661294   -0.511727682158   0.752551612128
-0.539968274188   -0.527353291048   -0.655997537519
0.740723400207   -0.461980425108   0.48775294076
-0.649197264234   -0.679007434959   0.342770791481
0.172834477214   -0.570546220913   -0.802873124103
-0.921879911851   -0.360516365785   -0.142004852482
-0.373432121954   0.924423784347   0.0773893870407
0.103372522561   0.124372894693   -0.986836108301
-0.274121304262   -0.904962656956   -0.325422955159
0.0363421933877   0.328395166676   -0.943841013791
0.961008197264   -0.270553513839   -0.057131783403
0.70260251096   -0.145270756901   -0.696596094408
-0.651006097957   0.264016741434   -0.711678453075
0.287299098463   0.953515373414   0.090926676878
0.927064896829   -0.0993270876895   0.361503536251
-0.374777566567   -0.270268736373   0.886846427393
0.00961523106967   -0.957647607335   -0.287782222421
0.917808517643   0.395563015681   0.0340209577621
0.391509071795   -0.915964174877   0.0879219940171
0.0659406676035   -0.0673760414019   -0.995546230664
0.0789443360061   -0.0231645202589   0.996609851949
-0.422902752345   0.904533265426   0.0545236995904
-0.902729779092   -0.425773386626   0.0616114386522
0.022398584129   0.873149298479   0.486937989696
0.28808558958   0.460763502364   -0.839466311334
-0.957342674449   0.159082674584   -0.241221280347
0.885200248878   -0.451579056714   0.111789422139
-0.446232902144   -0.756277608757   0.478456241696
-0.131516981446   -0.473413702496   -0.870966560518
0.238961739887   0.286213562273   0.927889586234
0.907801106834   0.273331439452   -0.318099159401
-0.344665690056   0.918352721753   -0.194509232401
0.595033961931   -0.570930055131   0.565661962901
-0.412936667792   0.386638329595   0.824617554048
-0.689505542049   -0.724258016317   -0.00569501741447
-0.810537794967   0.420628704187   -0.407553648161
0.175922150389   0.838572692386   0.515603759281
0.558641101171   0.346218619945   -0.753692767161
-0.767200080198   0.446691536398   -0.460294153844
0.577595451261   0.793188488075   -0.192965066907
0.278904161739   -0.413906624341   -0.866541271198
0.863570245801   0.207776067924   0.459429576933
0.501642938865   -0.446178849297   -0.741133453757
0.0509979651489   0.870490402009   -0.489536175896
-0.438767043044   -0.820951586753   -0.365406587542
-0.435765067945   -0.161237739812   0.885500534657
-0.785870401256   0.547759877617   -0.28699621769
0.273467524725   -0.956536792316   -0.101256495671
-0.672304854519   -0.114791861841   -0.731320046984
0.687911110218   0.268067516637   -0.674476175322
0.0031433107377   0.739443110435   0.673211709884
0.996511022615   -0.0584640036464   0.0595629280659
0.0834020485446   0.670675664553   -0.737046980722
0.180768030892   0.847862909189   0.4984489988
-0.133517380794   0.523261508451   -0.841647492563
-0.974420867084   0.0855913543144   0.207793387993
0.364640610485   -0.911884032725   0.18842700337
-0.257307223727   -0.293157971978   -0.920788463857
0.894891176264   0.287273238253   -0.341531650485
-0.0779286530645   0.441370971757   0.893934444069
-0.857310696288   0.428005265033   -0.286059195131
-0.508866873586   -0.788671768468   0.345038181323
0.48794786337   0.594476725075   0.639143415781
0.501852988423   -0.790170842012   0.351814749981
0.714178171469   0.149088777705   -0.68390209506
0.837324954075   -0.365148834261   -0.406882354282
-0.50690622659   -0.239776805163   -0.827981377781
0.204775483965   0.899540667977   -0.385867320096
0.988579120628   -0.146432764425   0.0356197664524
-0.069783607127   -0.235304900361   0.969413148362
-0.133572341582   -0.960827273522   -0.242836117982
0.341134920985   0.0736813902671   0.937122200518
0.569742602764   0.77673468563   -0.268470845408
-0.747676622993   0.625503222187   0.22299189852
-0.562494689091   0.14770091458   -0.813501177235
-0.787880331889   0.202570070922   0.581558208084
0.250687670525   0.968064980567   0.0024260561948
-0.691758165264   -0.491501011741   -0.529053311927
-0.264158885055   0.85408414521   -0.448062894316
0.672079411119   -0.170197030743   -0.720654040903
0.170305232195   -0.985345654413   -0.00949048325339
-0.367480899889   -0.0545724069863   -0.928428586745
0.914305154837   0.161603817395   -0.371389674246
-0.321708292269   0.250600869767   -0.913073369195
-0.0603773244727   0.956946533838   0.283915321929
0.944911822421   0.146466840645   -0.292727025133
0.966876661821   -0.198833382921   0.160046264131
-0.109474038958   0.243388068292   0.963731125891
-0.230575271052   -0.949330044849   0.213559149489
-0.5074969532   -0.825987015156   0.245341190281
-0.29676273923   0.434865158436   0.850190668596
-0.80893678706   0.358661047727   -0.465814913426
-0.825514623139   -0.516732415956   -0.226965233693
-0.484524961145   0.855099495181   -0.184500448159
0.289415219076   -0.0423374968932   -0.956266891274
-0.00331034457336   0.742942252257   -0.669347332275
0.98784863602   0.106436383484   0.113253558
0.155383762746   -0.660838940967   -0.734266831621
-0.0786379766581   0.965072511763   -0.249902212317
0.990592631099   0.103806503917   0.0891652903468
0.111992445702   -0.240539511992   -0.964156852061
-0.159179003465   -0.9577907033   -0.239372127105
-0.923023977362   0.0583582943536   0.380290741514
-0.350269587286   0.281480513604   -0.893353199731
0.564390726984   0.340489604325   -0.752017244933
-0.0200985419529   0.916372997209   0.399820683062
0.825263082866   -0.210540635838   0.524035766679
-0.634941173787   0.333649273239   -0.696798305183
-0.0264106531594   0.892032184306   0.451199579133
0.772108925631   0.304888086479   -0.557576067483
0.219051830567   0.932392521768   -0.287507357948
0.920481112479   -0.295209973861   -0.256057792107
-0.323621410127   -0.208555164598   -0.922915990881
-0.745764584243   -0.47584826382   0.466265604007
-0.660768031557   0.439050896304   -0.608785609662
0.0849752442352   -0.762104152908   -0.641853929514
0.698671046404   0.711750358976   -0.0725961121226
0.601022908248   -0.528858644157   0.599232841786
0.38811110878   -0.462298563064   -0.797276493016
0.987179357835   0.0198283896822   0.158378503678
0.046587389644   0.913254484365   -0.404717014608
-0.152664765387   0.406906723647   0.900622222499
0.909640794262   -0.0813291683889   0.407356344964
-0.328690095627   0.458711127687   0.825558551748
-0.254000878837   -0.884855732702   0.390530262391
-0.510922373874   -0.789951732448   -0.339020041806
-0.849550615904   0.403800102418   0.339424849544
-0.131232920258   0.461434435077   -0.877414487769
-0.818622359517   -0.273266232597   -0.505156410324
-0.571521920023   0.300689961144   0.76351047295
-0.0567461690579   0.913734706298   -0.40232916749
0.393707382822   0.794929260305   0.461608024263
-0.378514523835   0.597811028531   -0.706646113393
-0.837688039905   0.103486450503   0.536254885803
-0.67533408956   0.488010187601   0.552964668124
0.32893352508   0.870372372741   -0.366407790367
-0.660095904755   -0.0655590539948   -0.748315045204
0.924314609579   0.369297377601   -0.0962390222877
0.139745307193   -0.0928626935673   0.985823396557
0.355124980298   -0.924659919635   -0.137441919827
0.293973702041   0.955475751907   0.0254076829137
0.951706918149   -0.295068695335   0.0847844772217
0.088506523946   -0.000743739060782   -0.996075319939
-0.365538443088   0.877496777552   0.310452976426
-0.0208259571931   0.325740990881   -0.945229647047
-0.93056322982   -0.351983254623   -0.100796143836
0.76616300681   0.392996861942   0.508475873413
0.559070121825   -0.797781661302   -0.225798632445
0.316914572436   0.457272227492   -0.830943600031
-0.33252063023   0.906016703586   -0.261846831101
0.892437114502   0.39206052926   0.223258903299
0.304936102805   -0.159443639151   -0.938931146916
-0.894678678245   0.445896646547   0.026948897128
0.255761189401   0.56077067037   -0.787478551578
-0.366246196506   -0.697647787782   -0.615752618791
0.0723213577899   -0.990287502742   0.118744610794
-0.576746834036   0.0556091778538   0.815028041377
-0.813715374139   -0.127429512728   -0.567123450657
-0.356485723028   -0.47694851673   0.803391586489
-0.38712144132   0.858002192599   0.337593286547
-0.850326360007   -0.190662922038   -0.490502529219
0.347379325757   0.149657793942   -0.925705216945
-0.386794515737   0.92215752988   0.0039360732252
0.854235100287   0.356690390659   0.378225274912
0.999994637008   0.000619234576279   0.00321597645658
-0.000622649208035   0.999999243422   0.00106087872191
-0.00321531709066   -0.00106287545762   0.999994265999
0.750525249323   -0.601480649944   0.273738703648
-0.397079352442   -0.741570093823   -0.540741882822
0.528242215273   0.297144449243   -0.795402626544
0.870962750716   -0.189070339881   -0.453515483136
0.236867049599   0.970233589372   0.050406178877
0.430485641666   -0.151324778645   0.889821849411
