0.185926599171   0.80795442704   0.559143041456
0.158806810363   0.536873354342   -0.828581557134
-0.969645138164   0.242851073018   -0.0284896281002
0.663831886803   -0.641192402375   0.384966919553
0.318168857401   0.707962940123   0.63052125543
-0.676827750756   -0.296075629705   0.673975828389
0.895343398692   0.176164966628   0.409055134368
-0.137697880788   0.982941615394   -0.121922411201
-0.423555772061   0.0528364008939   0.904327829216
-0.763311864024   -0.511429959099   0.394707987319
-0.636208641319   0.701220847653   -0.321757498034
-0.11222104539   -0.4967179479   -0.860626351728
0.66830438696   -0.642931012737   0.374177710782
0.383117299868   0.728641355208   0.567717280022
-0.637644400059   -0.236053994574   0.7332722078
-0.194146126486   -0.730268860526   -0.654992117295
-0.94659465878   0.314677221301   -0.0702623570982
0.257421511034   0.606370875126   -0.752361966499
-0.626240985055   -0.777508389029   0.0574711551961
-0.564319874121   0.401196857957   -0.721515184079
0.537926861536   -0.484274494656   -0.690009351762
0.505166902057   -0.851802339162   -0.138705357004
-0.828237472725   -0.523673144812   0.199472118776
-0.242547087877   0.0141142620503   -0.970036956904
-0.900479434157   0.409224591273   0.14721420651
0.408604607333   0.912007617812   -0.0358382466328
-0.148926369617   0.0278807989958   -0.988455157062
0.699827716439   -0.713781311281   -0.0275210287301
-0.699137325276   -0.676553264028   -0.231263230194
0.146451929872   0.181085396703   -0.972501882616
0.866341154552   0.0541125001525   -0.496512679861
0.47453860256   0.220876771983   0.852071925549
0.155775860184   -0.973799408993   0.165676167449
0.206115260105   -0.0826284048758   -0.975032843766
0.485599873015   0.873712887956   0.0286103612837
0.849534733276   -0.47937285713   0.220209902059
-0.1278883877   -0.891509233585   0.434575478774
-0.814478345399   -0.155620107134   -0.558934170687
0.565923656686   -0.42543350681   -0.70621296089
0.693779202592   0.701476695013   -0.163097714263
0.676094721403   -0.556357640666   0.483075670402
0.248125665211   -0.445417357089   -0.860254050983
0.475925609375   0.605620754034   -0.637744711178
0.685219664594   0.199237252661   0.700555871021
0.551333679006   -0.770407696906   -0.320161139067
0.759678673458   0.274151162532   0.589685893708
-0.0671416900527   0.935012658635   -0.348200117269
-0.646823242171   0.224927695698   0.728716148556
-0.355899164075   -0.704140219203   -0.614428463653
-0.923938256295   0.166441889714   0.344434603443
-0.14026362252   0.69027795068   -0.709818615776
0.660643923127   -0.726951798609   0.187325089667
-0.704147098499   -0.686578659317   -0.181070725605
0.260243098651   -0.0122811438706   -0.965465018755
0.0553297579354   0.903068219553   -0.425918312251
0.95815873196   -0.168004619633   -0.231746180419
-0.280838854587   -0.395274889923   -0.874578355056
0.480017017423   -0.0515746875477   0.875741808063
-0.83274073865   0.287181640932   0.473359870533
-0.275910356778   -0.956486673427   0.0949037313974
0.567965630576   -0.333996982861   -0.752237367974
-0.638870865553   0.397310737245   -0.658777803976
0.518901782117   0.854745689257   0.0122779018893
-0.558412622187   -0.066848425967   0.826865545752
-0.48401768511   0.83575495683   -0.259307795049
-0.673722660526   -0.545018293288   -0.499051937298
0.900247800876   -0.408033964363   0.151862375185
-0.399993334803   -0.637395666073   0.658583402347
-0.171927976736   -0.653632197539   -0.737024912788
-0.229931952807   0.63420726719   -0.738181846936
0.759783872373   -0.357013091283   -0.54338763304
-0.608160968975   -0.685800841864   -0.399771736011
-0.102857527486   0.687179162494   -0.719169748419
0.758082133491   0.522250637375   0.390596659446
0.643996744782   -0.505013930621   -0.574655654881
0.841006666681   -0.342848582288   0.41852435559
0.177875448248   0.905792531118   0.384577970614
-0.510948247389   -0.248987429792   0.822761902555
-0.0179855914662   -0.522684395415   0.852336518831
-0.567630199689   0.707112154506   0.421649567015
-0.823087161207   -0.476228331531   -0.309409278075
0.835696223495   -0.178584531082   0.519345152374
-0.0135722118666   0.938648645863   0.344607769331
-0.549024240904   -0.295036073856   0.782001341444
0.745723043797   0.570787352808   -0.343655263055
0.644562614512   -0.748615552296   0.155286157919
-0.168630299544   -0.337307801188   -0.926168056748
-0.920927473528   -0.223152327333   -0.319524063699
-0.237524291242   0.971361813709   0.0061998336005
0.308989966741   0.0816043238594   -0.94755787937
0.800527984827   -0.594163405963   0.0782610532189
-0.366471013673   -0.588660483572   -0.720539957701
0.474187664933   0.54813199279   -0.688982856313
-0.101726598055   -0.97169602549   -0.213210067596
-0.680195549467   -0.0884571168618   0.727673932882
-0.725937816458   0.219048332924   -0.651944870311
0.966024421742   0.106633553216   -0.235427487625
0.256842958905   -0.497539658359   0.828544496645
-0.0287838680772   -0.860862110787   -0.508023538087
-0.147019375842   -0.348049871482   -0.925876120247
-0.587718348452   0.783634635208   -0.201255810814
0.795595654824   0.514565880578   -0.319764770602
0.168907672346   -0.955517901883   -0.241776213466
-0.960332699593   -0.214765049355   0.177868152461
-0.221881284271   0.202142308159   -0.953890550812
-0.387098293281   0.143393779105   -0.91082003115
0.921717582035   0.0341213518265   -0.386357901335
-0.0243229109523   -0.989077324111   -0.145376881666
0.9569187767   -0.271611681167   0.102633081675
-0.243420163105   -0.557756569007   0.79350755131
-0.158281644527   -0.784305236784   -0.599843493442
0.208647650133   0.202928852835   0.95670582646
0.812614415686   0.508336464035   -0.285047102254
-0.544172738304   0.836907354354   -0.0588397024184
0.884373633461   -0.352786460613   0.305655017394
-0.25098528919   -0.911496426167   -0.32585372465
0.393560238159   0.211461529518   -0.894647618141
-0.229778187094   0.925342769081   0.301567147504
0.905144541577   0.317050997881   -0.283181961997
-0.357652545913   0.207892819637   -0.910420360032
-0.74350029029   0.13876892425   0.654179255283
-0.657041019969   0.0305590129652   -0.753235183387
-0.124516707545   -0.989853185617   0.0684562435627
0.556628938117   -0.0955596624476   -0.825246978888
-0.809368840118   -0.286353828357   -0.512760729415
-0.187313389526   0.953346650436   -0.236735840561
0.0132775737665   0.240440781074   0.970572994373
-0.905139405344   0.415366578563   -0.0905166429253
-0.424907476403   -0.877302021285   0.223147485757
-0.415115509879   -0.188941642883   0.889932676786
-0.739930119933   0.639252839976   -0.209425939753
-0.529322709925   -0.745423947972   -0.405167381109
0.81485734564   -0.552049249565   0.176774241653
-0.476289848875   -0.463831890896   0.746999302833
-0.330386873704   -0.692893645973   -0.64089227709
0.0111321802845   -0.998393761427   0.055551522879
-0.388242426364   0.0468809422168   0.920364056022
-0.921490039513   -0.0318131166244   -0.387096929299
0.709554652649   0.547367154395   0.443758259843
0.358948569266   0.261155404605   -0.896076882431
-0.606372921156   0.795101913528   -0.0111726245307
0.59939061437   0.198259319208   0.775515398775
0.771424057476   0.115489654174   -0.62575319679
-0.213625407988   0.973321828632   -0.0837185936828
0.708488885096   -0.322627108336   -0.627658544635
-0.70571372814   -0.328186708935   -0.627902554503
-0.00341080663294   0.887809232326   -0.460199014937
0.160430640667   -0.968055265669   0.192694089625
-0.899302739043   -0.223822757432   -0.375709937119
0.406837305462   -0.113014936672   -0.906482780334
0.693379259497   0.589231006043   -0.414767433692
-0.146125087292   0.678628905678   0.7197987686
0.705600922191   -0.43848560972   0.556648640276
0.572996915301   0.8151939528   0.0844591875311
0.814515015164   -0.577853628054   0.0514827598353
0.0907734824317   0.0392938138375   -0.995096061197
-0.95339537786   0.283012683666   -0.104599590827
0.281398652588   0.959115945105   0.0301894380199
0.108867129286   -0.000651713251837   -0.994056096744
-0.00361033649286   0.908847233537   0.417113499496
0.77884414307   0.264175576436   -0.568869990021
-0.627207115852   0.322812593981   -0.708804107509
0.776118011439   -0.325033592354   0.540364688176
-0.53616589349   -0.791191981356   0.294179169585
0.33191409588   -0.518042867919   -0.788330273728
-0.311644521366   0.779745337354   0.543023849294
0.524971521354   0.617637485982   -0.585601261607
-0.792011738419   0.102572631359   -0.601827434707
-0.550313601354   -0.711995176072   0.436139667713
-0.811467039323   0.333035232859   -0.480217427747
0.196662616157   -0.618183146867   -0.761034435961
-0.288654389542   -0.39360447967   -0.872785285571
-0.253809377704   0.910432204024   -0.326640477447
0.923178986392   0.127234882407   -0.362700760105
-0.099689054546   -0.191433420291   0.976429893552
-0.864895843807   0.501849989015   0.0100879853393
-0.491952508676   -0.843504495352   -0.215598920334
-0.791506674859   0.528484599734   -0.306954738921
0.610939379299   0.697696367254   -0.37412946153
0.0164395475512   -0.483656703672   -0.875103385052
0.345826812153   -0.846184307641   -0.405433019388
-0.921889635867   -0.386877496687   0.0211021617039
-0.174709229834   0.366466805386   -0.913881154593
-0.470788993989   -0.867868382359   0.158625956734
-0.847449626302   0.394854038686   -0.35485126329
0.245330092178   -0.301487576992   -0.921367671961
0.348396235237   0.936845489478   0.0306690642814
0.686728898887   -0.277378343827   0.671911208872
0.637983919933   -0.213030002625   -0.739996442053
0.263989748415   0.96243618677   -0.0634507606074
0.801761516597   -0.182396542643   0.569130891417
0.536178965579   -0.201117098867   -0.819795114129
0.83340576868   0.209808782518   0.511287687607
-0.451345303441   0.792280564728   0.41058363801
-0.318939244656   -0.572950068957   0.754987401672
0.763119540752   0.634993565637   -0.120132168367
0.637201731712   -0.708302398702   0.303778971175
0.10780778905   -0.308368094694   -0.945138400862
0.726409257477   -0.685197950829   -0.0532293036838
-0.42165485255   -0.505494938926   0.752782871553
-0.542712424689   -0.524384052545   -0.656113244154
0.74559397412   -0.460109229672   0.482067549761
-0.644490597092   -0.681829728258   0.346034813231
0.169474175092   -0.568689474562   -0.804904208926
-0.92167940459   -0.362497217747   -0.138213032238
-0.372807043521   0.926155851532   0.0570109373278
0.107340502402   0.104072598696   -0.98876028983
-0.272523221389   -0.904953983083   -0.326786446148
0.0321027371265   0.330900679172   -0.943119374368
0.961613491561   -0.267512669872   -0.0611266188986
0.705058536267   -0.1519062711   -0.692688201984
-0.646290467532   0.264411993979   -0.715817664521
0.291892260849   0.952371136724   0.0882503584903
0.926159079946   -0.102427230348   0.362957326885
-0.377069594449   -0.269155275474   0.886213269482
0.00691950855663   -0.957634638339   -0.287902796511
0.917576056051   0.395722119238   0.038186197857
0.391334532191   -0.915962733142   0.0887105145526
0.0700818469753   -0.0664550661988   -0.995325202576
0.0783548901051   -0.0239313671966   0.996638249719
-0.420018735185   0.905861007197   0.0547731478609
-0.904126525013   -0.422898481077   0.0609270170907
0.0244191491529   0.874576533745   0.484272229733
0.287444541367   0.457818064274   -0.841295581861
-0.957485948464   0.159745131517   -0.240212723138
0.888721736223   -0.441916021038   0.121999614296
-0.443111881451   -0.759766711364   0.475821820017
-0.117582039683   -0.476932672646   -0.871039430374
0.235897108898   0.280921365936   0.93028798734
0.909620442917   0.273045260213   -0.313108503488
-0.34196959376   0.92007036214   -0.191121229671
0.594033238023   -0.607677245938   0.527117517418
-0.366143100623   0.379209385901   0.849787898203
-0.716284679625   -0.697802699074   0.00276614837973
-0.815922992855   0.404987871932   -0.412619064821
0.160865520229   0.84451627517   0.510797949603
0.555330490309   0.350395611423   -0.754208831416
-0.763209216608   0.452883889614   -0.460877287519
0.583586337527   0.789321883876   -0.190782468477
0.277378222423   -0.414568626592   -0.866714587108
0.862227480647   0.202104445826   0.464454050059
0.503164169865   -0.447148057197   -0.739516350961
0.0582201838095   0.871327956714   -0.487235058551
-0.4381054997   -0.821491296377   0.364987152099
-0.436616859544   -0.160453219543   -0.88522340817
0.785766688771   -0.547180787662   -0.28838151208
0.276277968021   -0.955276385171   -0.105439614124
-0.675567250224   -0.114998476657   -0.728274838675
0.683578360334   0.272437842739   -0.67712498618
0.00305749041793   0.734749811807   0.678331308983
0.995910168048   -0.0634893265741   0.0642809572473
0.0902972196485   0.675360509902   -0.731938926383
0.178778229865   0.858836875621   0.480039130787
-0.15813611031   0.506638470474   -0.847531965029
-0.971097995379   0.0756087442219   0.226389051344
0.365266405656   -0.205074476319   0.908033541099
-0.899146576613   -0.33032594064   0.287089195327
0.241072367481   -0.921319288559   -0.305048982209
-0.0774913314875   0.435993631565   0.896607297972
-0.855016410433   0.433476792907   -0.284683697986
-0.512778735354   -0.788674472291   0.339191015982
0.483005976046   0.595697545553   0.641755141264
0.502558390724   -0.788778033472   0.353926938603
0.717035766911   0.151570604597   -0.680357303799
0.837523210554   -0.362791760463   -0.40857925835
-0.507713139486   -0.24034399363   -0.827322266683
0.201946130953   0.900342658934   -0.385487816868
0.989178620166   -0.144704586757   0.0242123930118
-0.0583340760683   -0.236479102585   0.969883894778
-0.134620923237   -0.960800820333   -0.242361280764
0.342003189321   0.0550875568119   0.938082714754
0.58532304895   0.768480787154   -0.258523128931
-0.735139950624   0.637497169334   0.230578863413
-0.561781432724   0.150224056138   -0.813532024549
-0.789848018352   0.195080933196   0.581449514139
0.246052291016   0.969214198485   0.00906132682971
-0.689705930284   0.257498298128   -0.676757225636
0.504159615837   0.841636879811   -0.193572836454
0.519739163185   -0.474701998854   -0.710302189654
0.169491254588   0.352329370493   -0.920400309165
0.985510855917   -0.0666648752108   0.155962005092
-0.00640837678851   -0.933498692474   -0.358523532752
-0.321888477266   0.251118014008   -0.912867763168
-0.0630237950816   0.956362190431   0.285305734302
0.944677622919   0.149369018918   -0.292015558986
0.966470134428   -0.195400113987   0.166596142549
-0.116571036799   0.244207508278   0.962690960942
-0.228793952363   -0.949832347498   0.213241269476
-0.506723786006   -0.826676863122   0.244614731636
-0.297167334106   0.433838899817   0.850573561717
-0.809272870233   0.358314348485   -0.465497849062
-0.820827059259   -0.525206339529   -0.224502204471
-0.491287334854   0.849681125877   -0.191516941673
0.291341197749   -0.0469071983219   -0.955468482659
-0.00973971453376   0.76518240795   -0.643739870704
0.98135814358   0.130886191963   0.140730235937
0.191940961233   -0.63036869199   -0.75219278155
-0.0865511769216   0.956345539851   -0.279127394005
0.992761036641   0.106213114179   0.056074044133
0.0832731517694   -0.272253526522   -0.958615459566
-0.167760520036   -0.950595455524   -0.261198558764
-0.913108141433   0.0499589934342   0.404645054844
-0.371604533357   0.306385995598   -0.87637759629
0.566011719882   0.342415748618   -0.749921454557
-0.018380912172   0.914675947379   0.403769802418
0.824192256076   -0.2147541999   0.524011219915
-0.634891213719   0.328369467607   -0.699347294342
-0.0199498109879   0.897915432732   0.439715681567
0.772343932715   0.293123469408   -0.563527710018
0.207478002068   0.943136720924   -0.259703683952
0.932257416177   -0.271067345239   -0.239621791529
-0.296393299178   -0.192394435044   -0.935486713698
-0.743840489942   -0.474862968797   0.470325936587
-0.662206377959   0.428379538355   -0.614795644249
0.0904656772022   -0.768762728065   -0.633103332332
0.70137848346   0.709386232757   -0.0695657650806
0.59751227769   -0.531925776005   0.600028371503
0.388648042457   -0.462413387971   -0.796948277782
0.986727163486   0.019207143027   0.161246986006
0.0481631951396   0.913683681103   -0.403562185443
-0.155080016357   0.405971940585   0.9006314296
0.908622769323   -0.084232748326   0.409034848368
-0.328679512777   0.459992703747   0.824849374362
-0.257632375586   -0.883918297477   0.390274265667
-0.470734937596   -0.811214304942   -0.346900518113
-0.870754537111   0.363837744963   0.330769755597
-0.142109655232   0.457770080471   -0.877639674727
-0.818477654193   -0.272305038084   -0.505909375093
-0.571600025809   0.29699583661   0.764896648918
-0.0580322330118   0.915228626773   -0.398734022447
0.393242026784   0.795315738416   0.461338904686
-0.379885001344   0.597475493106   -0.706194322508
-0.83728614852   0.102449556448   0.537080994049
-0.673875167618   0.489026107251   0.55384630072
0.333814263809   0.870256069675   -0.362246339478
-0.659136022132   -0.0592270176054   -0.749687844798
0.923734815582   0.370110049027   -0.0986536471071
0.142128178096   -0.0920254355999   0.985561210751
0.355687463188   -0.924418666382   -0.137610165745
0.269456251504   0.962732886858   0.0232102689501
0.959039774844   -0.270453679936   0.0842467589964
0.087384428185   -0.000441244743706   -0.996174565847
-0.371524283366   0.876581647161   -0.305899205899
-0.0373697763238   0.315096351553   0.948323673529
0.927670851179   0.36375665742   -0.0843082866283
0.764497484916   0.416999204395   0.491584437236
0.574735935094   -0.786272058634   -0.226836622972
0.291928416414   0.455947269038   -0.840767438896
0.387884209132   -0.89601992502   -0.216088255192
-0.906271611811   -0.328031479047   -0.266584159045
0.167980968234   0.299238437031   -0.939275652483
-0.895868482553   0.443761470279   0.0222580388724
0.248242723339   0.541443264963   -0.803252601201
-0.368504020478   -0.714083292427   -0.595222512231
0.0738921315832   -0.991193118315   0.109891556293
-0.570059829818   0.0484338509322   0.820174342158
-0.818273635385   -0.123249191933   -0.561460499695
-0.354404318472   -0.482700166127   0.800873353625
-0.386997187746   0.855388255588   0.344302350945
-0.851252462906   -0.187913495552   -0.489956898566
0.347369026077   0.154573344612   -0.924900989742
-0.39120160736   0.920279320262   0.00687568857379
0.852230052327   0.359434352601   0.380145872068
0.999994166967   0.000654710281038   0.00335222126184
-0.000658376813899   0.99999918619   0.00109277552121
-0.00335150308241   -0.00109497617177   0.999993784208
0.749801762869   -0.603610961711   0.271018677029
-0.400140855062   -0.739873433102   -0.540809207652
0.526957884945   0.297054052108   -0.796287810783
0.870809795103   -0.191617976115   -0.452739275944
0.238765013499   0.969852179238   0.0487649336816
0.429745935503   -0.150563281239   0.890308446136
