-0.514744049237   -0.772516528917   -0.371828961116
-0.0702221609069   0.470230970452   -0.879745237296
0.854463230275   -0.426732992606   -0.296296373804
-0.137807217894   -0.862804128752   0.486393057213
0.711811918503   0.255199380667   0.654367686232
-0.688718348364   0.43639696552   0.578985945521
0.769283099514   0.217769117053   -0.600649751903
0.259418026346   0.752670923982   0.605135330152
0.583871390299   -0.621339755568   0.52252378677
0.949755451388   -0.198270074247   0.242184971079
0.104277087061   0.930007729643   0.352437103492
-0.295111625784   -0.309474716999   0.903954936855
-0.609918909234   0.730895427758   -0.306252833198
0.406132150738   -0.0435527763302   -0.912775893531
-0.680481888294   -0.681098399174   -0.270276470206
0.599563635897   -0.682736724253   0.417605090806
0.5347489109   0.729967806412   0.425664896243
-0.595455328972   -0.0318993253706   0.802754871825
0.228938640384   -0.949279773462   -0.215534244691
-0.819679622358   -0.0685582839479   -0.568704737446
0.525083246382   0.306867517665   -0.793800926537
0.947307123269   -0.195158869239   0.254012263407
-0.11260126229   -0.945249538835   -0.306307468181
0.299883593973   0.261565145022   -0.917416756428
-0.993654427374   0.0823009763501   0.0766643871175
-0.108728995517   -0.528384176201   -0.842014351347
-0.0287903541856   -0.845006929931   0.533979778525
-0.986028346367   0.0757409849349   -0.148362405489
0.06477753886   0.994894286127   0.0773901149403
0.153466513027   0.0666982955728   -0.985900282355
-0.890122769937   -0.221477677142   -0.398282679722
-0.454822209891   0.376885213175   0.806904141445
-0.0286044022727   0.899391558009   -0.436207076459
0.895220147507   0.0347876484904   -0.444264231073
-0.442922153111   0.179080847315   -0.8784930372
0.0489985079531   0.983219136122   0.17572500272
0.193147664199   0.685231934387   0.702247232754
-0.376566869655   0.712683831758   -0.591843854938
-0.906030558255   -0.15012978401   0.395688861936
-0.442833105318   0.803609373441   0.397631507495
0.86486604346   0.26590160633   0.425796973475
0.236443582497   0.532454984642   -0.812764493335
-0.839350547275   0.520993104095   0.155102689449
-0.484024825852   -0.846171126629   0.222967245169
0.247407814646   0.112074127007   0.962407794704
-0.0182288549105   0.599594649763   -0.800096222229
0.516686875548   0.690743530752   0.505873548785
0.855980362792   -0.404177721677   -0.322394149784
0.732466961231   -0.680671195704   0.0133743801085
0.667010159057   0.713555091676   -0.214328203601
0.136343677594   0.165909175401   0.976670132183
-0.217241139625   -0.918688407561   0.32987557816
-0.962331318101   0.258170188704   0.0852442834818
-0.163476975308   -0.29893103465   -0.940167812184
0.11632121921   0.922099313476   0.369055863046
0.869566880103   -0.274095317466   0.410761728951
0.479919592212   0.273138450297   -0.833710124672
0.91655655483   -0.0117707133861   -0.399731825233
-0.0575427901133   -0.993046620667   -0.102699739473
-0.395743489023   0.117131803915   -0.910860709114
0.816322681805   0.127836519654   0.563271784677
-0.566304748251   -0.0147424888891   0.824064069796
0.113649510682   -0.991685677654   0.0603598000134
0.209715489091   -0.659710071469   -0.721666152204
0.976288859032   0.100778073486   0.191582472147
-0.0536607618735   -0.744732436185   0.665202315938
-0.505592907275   0.342567350508   -0.791848105686
-0.846099548723   -0.0173098418772   0.53274376864
0.168793855823   0.939333795698   0.298597813951
-0.300084264692   0.863536954826   0.405281830007
-0.176992743916   -0.467888964248   0.865883067011
0.937348922592   0.188105940321   0.293245890902
0.161011717119   0.747378992648   -0.644592792622
0.642898727459   -0.574964956645   -0.506059803642
-0.748836733329   -0.332926328156   -0.573065098255
-0.222918313756   0.425765369893   -0.876944282832
-0.909629261794   -0.414331664403   0.030064563217
-0.350545334415   0.804396122363   0.479650755078
0.949433907158   0.185385599862   0.253391861159
-0.0134793632389   0.830389345023   -0.557020504504
-0.313677481985   0.52543859302   0.790898680148
-0.0849485128053   -0.845909933995   -0.526516983336
-0.0280166634007   0.530246004774   -0.847380812264
0.99599137383   -0.0572324906847   -0.0687431834146
0.923566177073   -0.104973327207   0.368790071914
-0.105528650657   0.855067039143   0.507665305553
-0.368631551088   -0.507780424147   0.778633302907
-0.961706292587   -0.26583063147   -0.0667464019273
0.26105161087   -0.962603613958   0.0724316150416
-0.0835048696788   0.0522336842249   0.995137467374
0.20564081926   -0.160647556292   0.965351861298
0.243945111233   -0.946881213802   -0.209539374951
0.947735530704   0.278582715916   -0.155528242559
-0.338879788619   -0.242964273705   0.90891630559
0.837186302457   -0.518672112095   0.173488717537
0.429277979686   0.819724101047   0.379173857642
0.640472695261   0.491410907151   -0.590177979052
0.191556142036   -0.846411963958   -0.496883318011
-0.743707584386   0.205187981135   -0.636236529385
-0.327830559036   0.0859103565446   0.940822265468
0.812612623479   0.533574696198   0.234432864035
-0.481858743538   0.841378306242   -0.244733931158
0.764456372955   -0.261486274991   -0.58926342313
0.503949448817   -0.327652302201   0.799173899661
-0.402046523284   -0.90789255799   -0.118700026376
-0.990306647832   -0.0957544578384   0.100617230455
-0.069389705389   -0.286464089977   -0.955574902318
0.120323780054   -0.953293978245   0.27704291905
0.743947193086   0.612665464429   0.266802553577
0.247813013812   -0.623738362989   0.741309088519
0.620589465012   -0.485377670718   -0.615854879565
-0.492700754394   0.397424081886   0.774144731789
-0.861062810296   -0.0940849919741   -0.499718771922
-0.125764873255   -0.91279905424   0.388562843351
0.387165350534   0.874013262553   -0.293604850482
-0.461232910209   -0.0921355815236   -0.882482428809
-0.798352800387   0.477086838529   0.367451975931
0.717104960799   0.674703474876   0.174744659969
0.592318519497   -0.722103732016   0.357386305934
0.3673135536   -0.152778994623   -0.917463531778
0.6231243199   -0.774984566486   0.105427717691
-0.738178459874   -0.538198614232   0.406736785915
-0.258473680143   -0.331272053374   -0.90744155918
0.473624161976   -0.839929919541   0.264948831764
-0.809549387392   -0.296705175689   0.506552887755
-0.346857236578   -0.454404851404   -0.820491492006
0.649019294854   -0.695040604033   -0.309342065767
0.0276743064028   -0.384777632987   0.922594334428
-0.760268431327   -0.607342351478   -0.230493341398
-0.161927834017   -0.56493458882   -0.809091025118
0.352707945257   0.732615825694   -0.582126410065
0.921616233539   -0.379635301701   0.0806260242056
0.888852196161   0.451408011783   0.0785657703935
0.320474214245   -0.489932821438   -0.810717033546
-0.327472214674   0.745785919266   -0.580142492187
-0.226764347344   0.792717342123   0.565841979948
0.626160925029   0.56365523654   -0.53871631708
-0.745989562085   0.232146483538   -0.624185536071
0.107753227927   -0.0752981867312   0.991322059144
0.881681233909   -0.453502667025   -0.130282511389
0.459377234573   0.888068417452   0.0175226219429
0.0665211385938   -0.679314769881   -0.730825821616
0.968356592869   0.220529013908   -0.116843754951
0.240541986286   -0.699927422984   0.672488777146
0.147872030417   -0.51434137834   -0.84474067568
0.982603078506   -0.0206337557303   0.184568248178
-0.112361259923   -0.85733727007   0.502342266405
-0.404848394015   0.34742543799   0.845809282818
0.521791525398   0.847388501126   -0.0983175069982
-0.750887063336   0.401532431066   -0.524347523039
-0.114486543856   -0.993154955641   0.0231530853695
-0.965103266146   0.116717817395   0.23441978751
-0.235517551256   0.00449279297202   -0.971859710998
0.464130221599   0.185998298174   -0.866018343036
-0.229451444038   0.969577866532   0.0852689601192
0.855532098888   0.159133258017   0.492687968156
-0.809661270564   -0.369150959382   -0.456263296941
-0.380480841257   -0.261764693386   0.886968756345
-0.446858989374   0.891743693268   0.0714858666595
-0.697098791676   -0.143264616656   -0.702515853386
-0.331538780063   -0.804372252957   0.493018575701
-0.635716376979   0.576593902401   0.513229149362
0.0600557655007   -0.324000105459   -0.944148948362
0.672911874625   -0.685481604734   0.278037009335
-0.737280756577   -0.652026764201   0.176856395834
-0.900178982663   0.421597325481   0.109240534232
-0.435373872275   -0.864608815453   -0.250801091668
-0.0112867405731   -0.273326345947   0.961855144031
0.489522212601   -0.86625728423   0.0998314624206
-0.540879398487   -0.211843711849   0.813985084656
-0.68397184128   -0.452460561009   -0.572242921379
-0.586752619404   -0.19177463947   -0.786729846439
-0.432598673288   -0.747057296436   0.50474130375
-0.684528853659   0.636496569902   0.355376370924
-0.344727691905   -0.887611414104   -0.305464885029
0.935846039797   -0.350340950288   -0.038123593069
-0.0731779217459   -0.299010361197   0.95143985394
0.646985780807   0.35584625761   -0.674375889529
-0.548593321346   -0.397025914646   -0.735809615916
-0.529579802493   0.846016467951   -0.0616552410365
0.761438460125   -0.583993597967   0.281359110347
-0.521283365867   -0.809631376993   -0.269741887474
0.385324699328   0.0587240233706   -0.92091061736
-0.691130457844   -0.345657809483   -0.634712036268
-0.625569198344   -0.153700446472   0.764878651054
-0.361941802399   0.925687232005   -0.110005818839
-0.89715535927   0.192964523838   0.397337330077
0.0958022767832   -0.793117713851   0.601486671289
0.431200863979   0.577692811549   0.693063366792
0.563564463732   0.150918318604   0.812169167309
-0.381061949812   -0.824820212673   0.417688169776
0.73293034159   -0.544880975879   -0.407330132081
-0.445303648094   -0.466930228311   0.763990067268
0.400805932424   -0.866947067857   -0.296238731547
0.800661767245   0.17429556341   0.573203097556
0.810701155165   0.129576595902   0.570940927599
0.170633377981   0.880567890092   -0.442136224775
-0.560042754914   0.45586192727   0.691767313433
-0.62151510409   0.532021527297   -0.575040928874
-0.0292098976447   -0.749257576191   -0.661634239138
-0.782857430997   -0.394418786334   0.481215194814
-0.589295420083   -0.383922433062   0.710868815789
-0.51345157412   0.857304560126   0.0373680641852
-0.623777515548   -0.342975883378   -0.702331228494
0.566414605753   0.485273597783   -0.666096111446
0.0385554197847   -0.822969544952   -0.566775623759
-0.823218059808   0.295348376288   -0.484851897624
0.92799579807   0.354751642168   0.113908169785
0.337483427235   -0.929862393431   0.14649527509
0.157888362796   -0.0975048801918   -0.982631193904
0.682430514404   0.730930362402   -0.00542202259382
0.303790042748   -0.276870097076   0.911621938784
0.664830958167   -0.623765785102   -0.41099396881
0.202345532706   -0.161359553195   -0.965929283119
0.796799798288   0.600562820732   0.0665911390719
0.56935609845   -0.783126677458   0.250092463322
-0.316309937474   0.280939083672   -0.906102231937
-0.25124708486   0.896226935802   0.365584712335
0.91478026094   0.343293621859   -0.21290036023
-0.165648500005   0.0734008780504   -0.983449482967
-0.0501260659196   -0.996563964812   -0.0659366480363
-0.984910123799   0.0383741467692   0.168758623182
0.554067032042   -0.832087200114   -0.0253103814634
0.286329374501   0.161934789661   0.944347718373
-0.781681017616   -0.530479043228   0.327973735831
0.169844703764   0.878222744996   -0.447076712406
0.393680257629   0.355429498356   0.847753340572
0.903420517454   -0.319991690314   -0.285371138649
-0.466818099271   -0.633721768877   0.61682864869
0.202185616404   -0.755497218447   -0.623173274008
0.860930797865   -0.166194682738   0.480809201989
0.166810155232   0.447574002972   -0.878551013872
0.813823836522   0.440548632918   0.378956020065
0.556655310961   -0.778199469222   -0.290758406381
0.25940072856   0.52210428334   -0.812476694644
0.372015529317   0.722336372068   0.582953352794
0.891243910481   -0.453472472047   -0.00685632014528
0.280986326461   0.250362862545   -0.926479962762
0.768791243171   -0.636570307313   0.0611413793719
-0.574462103855   -0.72944957393   -0.371344328526
0.948563628143   0.299960164344   -0.10124694154
0.235018328368   -0.881460924999   -0.409625466775
-0.212116545076   0.36476093199   -0.906617909485
0.75420868117   0.561386267499   0.340609342079
-0.0362206565385   -0.482361637843   0.875223008368
0.655635058007   -0.672437884864   -0.343467555544
0.605762154772   0.0471065354976   0.794250077847
0.334503852487   -0.920816932675   -0.200507728457
0.721913696031   0.387139704516   -0.573553366889
-0.73671867443   0.522527369771   -0.429197789587
-0.21008277667   0.42644201668   0.879779764121
0.64273697707   0.73831724499   -0.204393796522
-0.760371834179   -0.453902388957   -0.464550637806
0.39973364792   -0.890794808106   0.216096322441
-0.511905933261   -0.0213829640395   0.858775339854
0.0348047269519   -0.983111232216   -0.179668962462
0.928755979052   -0.0345702856208   0.369076180113
-0.369054145562   -0.17971421881   0.911867225642
-0.63239297464   0.558598905257   0.536699532953
-0.62535887664   0.040749573852   -0.779272575957
-0.457171085081   -0.828436319385   0.32355503966
0.989495154293   -0.142384887539   0.025017662374
0.00355086579948   -0.149063787317   -0.988821206621
0.144522423804   0.978522626775   -0.146992305603
-0.471941982722   -0.881136440658   0.0294845364385
-0.851170032064   0.44666708911   -0.275677507283
0.229739725472   -0.155200143205   -0.960797884099
0.108681161139   -0.982061275968   -0.154091062226
-0.0627577674843   0.147921725893   -0.987005889359
0.992093678961   0.116939357161   -0.0455556682847
0.344789690118   -0.279728071353   0.896031403292
-0.853877571706   0.303021407886   0.4231679559
-0.389888653498   -0.911005067198   -0.13437486898
0.365275757831   0.263827645198   -0.892730975361
0.440575794137   0.795797853301   0.415450052717
0.820040602874   -0.545069491267   0.174449589647
-0.425224515638   0.225975058022   0.876424203484
-0.897740611637   -0.228437572061   -0.376667054423
0.115090857661   -0.946969666263   0.300004242737
-0.769776129379   0.628116952446   0.113638922413
-0.623759779703   -0.778008015608   0.075015097641
0.13553024704   -0.0131385577029   0.990686090767
-0.583298410262   -0.755977484722   -0.297087541273
0.778565414917   -0.624613074862   0.0607815877287
-0.231514274466   -0.195848281342   0.952913737656
0.0313274043984   -0.743234223421   0.668297450892
0.861832871724   -0.318554240316   -0.394673659107
0.506223957305   0.588324812593   0.630564207625
0.989499603551   0.141805039228   0.0279618565619
-0.0580998405122   0.213099099175   0.97530158539
0.132344033131   -0.966685111492   0.219100324313
-0.767628578227   0.103292039837   -0.632516498121
0.0311428656505   0.991772808439   0.12416448107
0.640137866251   0.0756138277473   -0.764529960986
0.745038075982   -0.550059582116   -0.37729659614
-0.42033559423   -0.826371219672   0.374738035861
-0.517915295739   -0.120602916295   -0.846887644862
0.0885535758304   0.928035772038   -0.361811926318
0.886303117605   0.0923523576655   0.453803730436
0.454560279755   -0.360860981338   -0.814342866498
-0.41619635885   0.84762263817   -0.329114651969
0.905843784917   0.417926422772   -0.0691703872867
0.0789153230241   -0.326914925341   -0.941753154166
-0.961371888001   0.26302026345   -0.0811445252358
0.178889329354   0.372986034883   -0.91042848463
-0.209195365159   -0.889776240859   -0.405629807089
0.598541566686   0.728485224662   -0.33325256248
-0.799497298278   0.516976330334   -0.305842351416
-0.0505179472574   0.449493883522   0.89185379165
-0.643567585948   0.167819573576   -0.746764590109
-0.361247871173   0.793556417011   0.489661299872
0.67477458302   0.584897259136   -0.450082723914
-0.793862627292   0.473858197851   -0.38110436539
0.434459734251   0.00347473311848   -0.90068455385
-0.425472523559   -0.88059430759   -0.208630767474
-0.973908082709   -0.149700196317   0.170566402483
0.185278665538   -0.0904672495118   0.978512898669
-0.131052899738   0.984583936487   0.115843038125
-0.572685393448   0.519418465159   0.634220701478
0.694506528211   0.718443430902   0.0387262038605
-0.435536591349   0.462648348798   -0.772181573822
0.934301529556   0.356477978413   -0.00202553085976
-0.344644136081   0.901804570817   -0.26070852598
-0.0911102153087   0.244278461925   0.965415434777
0.99745551402   -0.0711583349048   -0.00435762842986
0.023082536743   0.380179966495   -0.924624458672
0.0674514199218   0.922171179581   0.38085511878
-0.8517079969   -0.409155813089   0.327391216485
-0.512160383878   0.517822443292   -0.685238395312
0.11083875316   -0.751299832183   -0.650586914224
-0.344568683126   -0.795495684264   0.498456657018
-0.463714478387   -0.317441924893   -0.827163530902
0.816236059693   -0.51615621728   -0.259502320259
0.436751448648   0.307987158983   -0.845217180378
0.317090963806   0.826554818574   0.465038119476
0.841844102418   -0.471116802709   0.263339069318
0.155549608933   -0.411532759381   0.898022887858
-0.961950264583   -0.269824260451   0.0429715829514
0.224624147477   -0.8705375675   -0.437845104965
0.0334898205717   -0.600700256033   -0.79877257985
0.998403578364   0.0564793516493   -0.000614448105902
0.0454832565597   -0.797476824265   0.6016327685
-0.995996282837   0.012812763897   -0.0884716771439
0.0884134745917   -0.005041000603   -0.996071104803
-0.0132084096683   -0.999905206204   0.00388799688711
-0.561414387277   -0.137256423586   0.81607264379
0.336409480214   0.863133011733   0.376603326698
-0.75607046456   0.485965099819   -0.438400928806
-0.833323003965   0.544547642227   0.0950822612658
0.00380420875604   -0.16635200804   0.986059094282
0.552773279979   0.822067439305   0.136553382147
-0.929022877513   -0.0135669941641   0.369773484347
0.269602648061   0.659647555117   0.701555069248
-0.253438168427   0.751452619729   -0.609169972246
-0.577297110266   0.169458207259   -0.798756510128
0.526065535414   -0.670961234478   -0.522557244977
-0.624486268006   -0.721869058639   0.298197859232
0.301214726841   -0.104187538028   0.947847374451
0.719411150807   -0.62759722673   -0.297605976243
0.625873217536   0.771535273283   -0.114087850584
-0.249397514077   -0.809943536991   -0.530841169145
-0.218032405739   0.581051453615   -0.784118025746
0.943537360161   -0.0798165091896   -0.321506725965
0.948030061399   -0.117236244956   0.295794972154
-0.233978678047   0.373124871162   0.897792742641
-0.215622310771   -0.920344225488   0.326302812903
0.99999999984   7.76859087719e-07   -1.78662543608e-05
-7.76290826221e-07   0.999999999494   3.18063997528e-05
1.78662790608e-05   -3.18063858783e-05   0.999999999335
0.897302698325   -0.403597926618   -0.178764037793
-0.276602999352   -0.829709657158   0.48484292876
-0.344003849292   -0.385604199211   -0.856137111229
0.866023507182   -0.500003284887   -1.04819443527e-05
0.500003284971   0.86602350673   2.84595944827e-05
-5.15228052223e-06   -2.98876844361e-05   0.99999999954
