0.166507306665   -0.14199845367   0.975762141435
-0.80632633379   0.549977282387   0.217630036206
-0.567550139581   -0.823019701087   -0.0229218566402
0.64835011129   -0.27746286848   0.708982714727
0.611033093889   0.745162096246   -0.267155401355
-0.45418134191   0.606422135905   0.652664923006
0.895556298491   0.176596103482   0.408402659722
-0.136257298013   0.982615145022   -0.126100854528
-0.423571558265   0.0572825716028   0.904049690017
-0.765450035773   -0.491782032156   0.415014066512
-0.63739556938   0.668028998593   -0.384010605504
-0.0883919152931   -0.558469058993   -0.824802509253
0.677474922551   -0.636273821251   0.369030288445
0.365863093085   0.726741126781   0.581370391261
-0.638100248015   -0.258849298063   0.72513799683
-0.14797729072   -0.689815259857   -0.7087013679
-0.974949507316   0.222070141694   -0.0125821486182
0.166060771346   0.689086177156   -0.70539638567
-0.618601417437   -0.784676530756   0.0401874168718
-0.584384988944   0.425306683201   -0.691092186281
0.525191842179   -0.45099552916   -0.721648502831
0.514494797392   -0.847207418224   -0.132418631686
-0.824737374299   -0.531179599574   0.194052819112
-0.234741063613   0.00937142874059   -0.972012762057
-0.913602270648   0.379864914991   0.14502943634
0.376982531861   0.924978182205   -0.0479534473848
-0.152364896607   0.0108631856896   -0.98826460498
0.739213580535   -0.67338774252   0.0105938959442
-0.651169404821   -0.718660988108   -0.243936038259
0.17187695783   0.173422411353   -0.969733457722
0.838397021997   0.0786794650982   -0.539351439488
0.507608803834   0.247756951437   0.825196822146
0.198554112967   -0.965622097293   0.167780301099
0.219481221268   -0.0173760813222   -0.97546197535
0.46769189294   0.879341734328   0.0895678935464
0.856208086177   -0.475874128393   0.201125650124
-0.0950155901467   -0.956727571748   0.275035254426
-0.904547458843   -0.0323840863115   -0.425141347952
0.415651214866   -0.289177496525   -0.862328500768
0.692480221186   0.71242116411   -0.11369796916
0.658041994543   -0.559135268524   0.504329738264
0.295722634713   -0.424056407105   -0.855993158206
0.546402088909   -0.669079685932   -0.503762971171
-0.582074877409   0.129108696348   -0.802819893652
0.60219066278   0.731890236598   -0.318909214785
0.759283964133   0.391519876114   0.519807703299
-0.201776427703   0.9010447899   -0.383933014747
-0.61868742918   0.186629239931   0.763148341915
-0.368262338218   -0.697427821812   -0.614798571304
-0.919289208817   0.174364947921   0.352851548511
-0.138889166126   0.695119628623   -0.705349913885
0.669082164131   -0.726930738591   0.154598702898
-0.707491516895   -0.686706726629   -0.16700187169
0.22756276314   0.00236070290217   -0.9737605537
0.034234078953   0.904676925121   -0.424720718821
0.960065294273   -0.147840992042   -0.237524044695
-0.277673654807   -0.399628204998   -0.873610118533
0.475270658176   -0.116796349993   -0.872052988028
0.872144698937   0.193337910082   0.449426385929
0.116109540592   -0.974155565031   0.193751153365
0.611250119737   -0.350790373272   -0.709450072285
-0.610929679344   0.360725084051   -0.704728558033
0.503128430863   0.864189520667   0.00618500056217
-0.554556713286   -0.0349778527288   0.831410488827
-0.524091026441   0.790746176222   -0.316305359911
-0.646370982577   -0.61114403746   -0.456845179206
0.934790757268   -0.336541824243   0.113603876092
-0.322903410287   -0.671911011646   0.66653505541
-0.147985228157   -0.659753888205   -0.736766706146
-0.247850000682   0.662762492038   -0.706623136042
0.78370705109   -0.29162716261   -0.548413034293
-0.569538089431   -0.689709705063   -0.447131845791
-0.125032960301   0.706861759331   -0.696213481723
0.719511339636   0.547760565054   0.426921299007
0.68313263066   -0.447554261076   -0.577083176379
0.838321144402   -0.35400481303   0.414606139849
0.193565912022   0.904223783643   0.38067254537
-0.509656645745   -0.238872228287   0.826553181593
-0.0154804857049   -0.522434855796   0.852538665379
-0.570399673508   0.704905046052   0.421607742457
-0.821221387313   -0.479761083756   -0.308908943664
0.834702337064   -0.162928118369   0.526047941489
-0.0290998988271   0.940848824178   0.33757471163
-0.549931999786   -0.297082342606   0.780587520604
0.763660822792   0.569367110646   -0.304373522252
0.631918199272   -0.755782187246   0.171676075426
-0.132293375355   -0.323441461101   -0.936954686248
-0.9174446399   -0.20800613825   -0.339158929078
-0.27810951512   0.944876670039   0.172809652553
0.284517891042   0.252866614772   -0.924720522545
0.781085817726   -0.599431764234   -0.174889980426
-0.299467279156   -0.605377960175   0.73745296335
-0.547927270667   -0.523640224263   -0.652362338483
-0.178784058999   -0.929140967452   0.323625281584
-0.559611462971   -0.174508660526   -0.810173893645
0.809241169732   -0.325950594468   -0.488758569454
0.971949221131   0.130773985143   -0.195481140659
0.234886055415   -0.49743860025   0.83509483291
0.011968814287   -0.857585566455   -0.514202045595
-0.108556305178   -0.373102737014   -0.921417319249
-0.632062157587   0.741317928872   -0.225710339315
0.767276324102   0.55789073837   -0.316298856279
0.0515342895244   -0.982393419876   -0.179575570711
-0.986023771375   -0.0785789416709   0.146909741744
-0.1584340219   0.169494892312   -0.972712774772
-0.406940765256   0.912533211571   0.0410164814619
0.101721524427   0.000647557902316   0.994812702181
0.907773069352   0.409002101133   -0.0930877872656
0.954943943249   -0.279163055708   0.100747474268
-0.246349955621   -0.556281725617   0.793638671434
-0.165510617815   -0.782699578227   -0.599989671003
0.153262392382   0.205514898813   0.96657863898
0.779976626659   0.575421627157   -0.246021163336
-0.606751267681   0.791614538339   -0.0721063222845
0.855307537239   -0.426436910776   0.294279761232
-0.323691568919   -0.883284369225   -0.33916440157
0.404564932926   0.194833991412   -0.893513811217
-0.231217548896   0.910692378011   0.342312485533
0.919730404455   0.319329233679   -0.228308614948
-0.317229299151   0.262046242429   -0.911425991864
-0.750772727998   0.0639135502439   -0.657461305419
-0.622185786475   0.265879505583   0.736337514497
0.221867431446   0.961885204296   -0.159848978872
0.5995434747   -0.11806522417   -0.791585892232
-0.782132798827   -0.296210806754   -0.548203833388
-0.16975248728   0.947797320519   -0.269933940546
0.0133358140658   0.251651956709   0.967725915878
-0.910024307525   0.404093775267   -0.0925417754884
-0.414340337513   -0.879419986799   0.234398317295
-0.39365379311   -0.115270460121   0.912002967247
-0.813608233475   0.505473310082   -0.287294927282
-0.427876540213   -0.855107860941   -0.292766481276
0.833663810967   -0.514977871249   0.199505494877
-0.473392971832   -0.480287130042   0.738392421166
-0.284435835616   -0.710015538942   -0.644184904088
0.00300166187458   -0.996966251777   0.0777771365939
-0.403850779096   0.0699441602938   0.912147116855
-0.914819948614   -0.0341483144923   -0.402415648828
0.714061174241   0.56734979546   0.410159540924
0.324701084432   0.250654100636   -0.911998754136
-0.620230477474   0.784402149008   -0.0052367324079
0.644974029288   0.41544057961   0.641418448704
0.644758390863   0.154744623906   -0.748559095021
-0.410237880913   0.896361102537   -0.168052536016
0.673563446999   -0.248601980233   -0.696067050175
-0.733511618652   -0.340716101922   -0.588109890574
-0.090955968563   0.90670259375   -0.411846352998
0.130998416094   -0.975763582169   0.175285044112
-0.909646727042   -0.188605627864   -0.370095594564
0.394185548898   -0.110965529986   -0.912307187403
0.684090300747   0.607267205871   -0.404038365867
-0.177006622289   0.67559086507   0.715713377473
0.707593892063   -0.418095113224   0.569655475007
0.575269902963   0.815625172786   0.0618070891198
0.815142697774   -0.577917085086   0.0394236609359
0.067874303044   0.0277023517654   -0.997309209175
-0.941984003485   0.315259021556   -0.115229711831
0.32125857214   0.946254180571   -0.0373624889075
0.0972577348506   -0.0722133995727   -0.992635964448
-0.0554004063497   0.894961046113   0.44269122518
0.774805526316   0.318184943827   -0.54629180652
-0.629767569268   0.312734819647   -0.711048339547
0.801859176714   -0.305357241707   0.513594018313
-0.505253450005   -0.805366141528   0.310006982588
0.318968355748   -0.508077093493   -0.800073031051
-0.279533190165   0.791696795583   0.543210253592
0.56143365403   0.593737719042   -0.576426728349
-0.778879610637   0.143846115334   -0.610454623558
-0.525265239363   -0.753446461448   0.39549318324
-0.83728602149   0.37470271652   -0.39818336533
0.151817477501   -0.54029279464   -0.827668502188
-0.32654338631   -0.559762666026   -0.76160040742
0.112960708336   0.776883627561   -0.6194285339
0.938407854417   -0.288301210474   -0.19045502407
-0.177681500443   -0.262727266356   0.948368951466
-0.73439747246   0.676881051651   0.0499238861927
-0.655049339391   -0.687609209858   -0.313215481252
-0.765755982187   0.578025614324   -0.281964829206
0.641666172176   0.716245028287   -0.274331155604
0.0433854723227   -0.390998016153   -0.919368398485
0.325032648314   -0.729788816112   -0.601466591931
-0.860428576032   -0.49213551875   0.132156332775
-0.392449287014   0.474563920482   -0.787891262785
-0.448193578052   -0.865358104837   0.224227266518
-0.839126653922   0.320784445933   -0.439276448214
0.308202815261   -0.385035958932   -0.869918579568
0.338494760368   -0.865280844999   -0.369743636158
-0.894739985916   -0.17432718344   -0.411157379495
0.29131023807   0.469999034454   -0.833210209252
0.255643614817   0.958579872637   -0.12558252122
0.835319155674   -0.153615868348   0.527867476385
0.486711670319   -0.239847435334   -0.839991045722
0.826949551242   0.21736021008   0.518564343912
-0.457892648245   0.795577788233   0.396724470578
-0.326326159518   -0.56551792363   0.757430337173
0.738111968804   0.658987654549   -0.144658192258
0.668012800119   -0.68375925372   0.293653165075
0.0946024329135   -0.313382439892   -0.94490307731
0.682867458464   -0.730226624955   -0.0214734810437
-0.469200325084   -0.460920991726   0.753261504638
-0.55994918441   -0.504302404948   -0.657370515989
0.776596290032   -0.450292388015   0.440607498352
-0.613733170521   -0.698637399165   0.367746352649
0.142231493384   -0.556005890059   -0.818918587227
0.924906333972   0.371814529999   -0.0793865773314
0.378912238119   -0.918605260435   0.112204684875
-0.0312055953741   -0.133859369435   -0.990508899523
-0.265447574167   -0.90378264285   -0.335729831574
0.0111030974703   0.345333479156   -0.938414359107
0.964061360367   -0.252827456252   -0.0816331475304
0.715273888684   -0.197669897733   -0.670305807608
-0.617038719703   0.271676382412   -0.738549363054
0.328095233997   0.941869712227   0.0723530418878
0.92072138646   -0.125538995925   0.369475424097
-0.389958223831   -0.261292165409   0.882983005428
-0.0143077662798   -0.957061317111   -0.289532248677
0.91628457916   0.395153641954   0.0653924249746
0.388622057782   -0.916629931065   0.0936080428254
0.0969302130352   -0.0603586673693   -0.993459292107
0.0752036854946   -0.0331174794532   0.996618100525
-0.399226015436   0.91485258042   0.0605255706484
-0.913763095303   -0.402427619154   0.0555789263666
0.038948940433   0.880916223569   0.471666817811
0.289665194828   0.441803183642   -0.849060670264
-0.956335220974   0.169695474121   -0.237963003635
0.905079702149   0.372070862909   -0.205898046929
0.425152176561   -0.781794027361   0.456118104769
0.00873839349317   -0.500361241211   -0.865772642626
0.209399403233   0.234564161623   0.949279486738
0.924347851368   0.269179678652   -0.270413295181
-0.31895601504   0.934088836579   -0.160452814717
0.587573896226   -0.706951375167   0.393670763023
-0.208612777936   0.337718588843   0.917838146782
-0.781816874588   -0.621422487488   0.0509555368295
0.877559192776   -0.478472626713   0.030883793025
-0.392369877045   -0.75367349874   -0.52727804529
0.275564407668   0.450599825725   -0.849131352885
-0.731584911163   0.501372071139   -0.461962730123
0.626276465354   0.761979916979   -0.164816246353
0.269372059954   -0.409893464696   -0.871450538411
0.854232795797   0.153539797636   0.496700977602
0.506969919566   -0.457687096505   -0.730413596939
0.115186072354   0.875755703652   -0.468811386917
-0.429607297707   0.829247655317   0.357471531539
0.449936966934   -0.146655207182   0.880936419927
0.782939522246   0.539296371506   -0.310105027597
0.298152622318   -0.9452139766   -0.132949435869
-0.696529403011   -0.120211295825   -0.707386765144
0.652649833217   0.30351241029   -0.694210639945
0.0111686937453   0.708563316569   0.705558846753
0.991369287185   -0.100019650654   0.0847526129169
0.130622342059   0.698522795177   -0.70356499883
0.163097970563   0.92183556602   0.351593857761
-0.324149875953   0.386650283129   -0.863381964243
-0.931840066489   0.0268467406081   0.361874761066
0.378597956962   -0.340350933129   0.860711815417
-0.919576726161   -0.243897925665   0.308046175678
0.105082023118   -0.908116206201   -0.405318053158
-0.0762307015699   0.394514002501   0.915722437168
-0.832607697494   0.480108159416   -0.276153177274
-0.548592109109   -0.783488900416   0.291876413445
0.452272080585   0.599503634856   0.660337305394
0.502896604183   -0.782882320523   0.366319911613
0.736576520534   0.166405119924   -0.655564158108
0.838123514446   0.512534188291   -0.186702116504
0.350177136736   -0.243113515996   0.9045837666
0.418240298611   -0.823531738139   -0.383236908967
0.989399824059   -0.0620257596128   -0.131304201363
-0.142390071075   -0.236827124757   -0.96106086202
0.028514133518   0.969569862357   -0.243148567887
0.348022295902   -0.0613583778574   0.93547615199
0.676512367048   0.707238246595   -0.20529266852
-0.649008088321   0.704307611761   0.287644379787
-0.555458907705   0.156608554271   -0.816663432189
-0.80175786265   0.159638157907   0.575934013252
0.220566838903   0.974674006359   0.0368897034354
-0.675950337025   0.731537247958   -0.0891313909363
-0.18143800188   -0.0479748947375   0.982231472734
0.714262837808   0.680111512478   0.165157298258
0.16713062606   -0.980095398086   0.107146462502
-0.255552364587   -0.148024308751   -0.955396144484
0.952239645641   0.132294423885   -0.275205091871
-0.322836923417   0.263189766145   -0.909124561377
-0.0853171844683   0.9485547216   0.304901489294
0.942601346878   0.175997406616   -0.283773878193
0.961694592177   -0.170028342645   0.21502063639
-0.168804770453   0.250700765029   0.953233484453
-0.215982547556   -0.953015996249   0.212395974632
-0.501888541245   -0.83506399061   0.225335362698
-0.284975120553   0.405627313472   0.86847893699
-0.816637664305   0.371664653842   -0.441552162462
-0.785584610109   -0.582938668296   -0.207459223342
-0.53849008368   0.809252354213   -0.234817071308
0.304770815734   -0.0727539428743   -0.949642887435
-0.0596214444197   0.886390792473   -0.4590823961
0.902724940497   0.244174882137   0.354212236879
0.42606685531   -0.393306483509   -0.814725134557
-0.13234048466   0.88539733241   -0.445597980054
0.987376453314   0.0782867262454   -0.137691422722
-0.0870272113062   -0.45819510278   -0.884580981139
-0.265504462091   -0.827816449195   -0.494193591872
-0.759452305341   -0.136192190078   0.63614768926
-0.593918829233   0.544216513054   -0.592527476315
0.574540118187   0.35472340588   -0.737614369393
-0.0124976290901   0.904901227724   0.425438100474
0.81838100044   -0.235212825732   0.524335259879
-0.634173676554   0.295421879628   -0.714527578832
0.0244773766008   0.931336242162   0.363336843805
0.772803083527   0.212928901441   -0.597860081401
0.128090482763   0.988759664217   -0.0771177981706
0.98487142129   -0.135965854031   -0.10743170045
-0.116709519336   -0.0621901371015   -0.991217067695
-0.736755386862   -0.459177291356   0.496334277524
-0.664215613234   0.354130104301   -0.658338429965
0.126527147597   -0.814707361164   -0.565899988158
0.720676851246   0.691655542807   -0.0473020741279
0.571412464279   -0.553980632073   0.605469450216
0.392571868297   -0.463376811659   -0.794461615723
0.983425864175   0.0139499768805   0.180773249728
0.0595957487149   0.916766470248   -0.394952637369
-0.171236434229   0.399179955878   0.900740498933
0.90133489756   -0.10744387891   0.419584574699
-0.326010694773   0.469489744321   0.820546407506
-0.285153343545   -0.876376170866   0.388139636991
-0.19144917298   -0.898425680974   -0.395194268572
-0.958168440433   0.083803723744   0.273660694345
-0.212745044369   0.431054789601   -0.876887287186
0.28311925058   0.770371641083   -0.571288915088
0.921029088029   -0.384516365059   -0.0620691862682
-0.267486277952   -0.50860072699   -0.818398675129
0.391431651433   0.798151166772   0.457969406341
-0.387737216975   0.594400161546   -0.704519906366
-0.834530474421   0.0981996072962   0.542139949018
-0.660979325788   0.500907175086   0.558747110033
0.371247421003   0.865369930761   -0.33661585724
-0.652136246057   -0.0150626987608   -0.757952130305
0.918489036691   0.377640814924   -0.117325633941
0.160539944896   -0.0849485016273   0.983367010908
0.361392882566   -0.92204726937   -0.138650703046
0.131739138281   0.991258462304   0.00717360303598
0.988292299875   -0.131899899275   0.0766860278741
0.0769618715777   -0.00301293459704   -0.997029484551
-0.414053383703   0.865229563276   -0.282732383955
-0.151229821012   0.240903411507   0.958694471137
0.897601993837   0.439708256216   0.0311016381758
0.749620680574   -0.660352314103   -0.0447622230992
-0.590998364885   -0.69827014968   0.403905597212
-0.297976119952   -0.276321588035   -0.913704882717
0.362436806804   -0.92158397314   -0.139005545243
-0.897327498821   -0.304739921622   -0.319275649242
0.251878782386   0.240450745042   -0.937411605669
-0.904589471057   0.42609332238   -0.012742420757
0.189473577296   0.375113187852   -0.907408320297
-0.381860775899   -0.823246364621   -0.420056866183
0.0684987104263   -0.996371792   0.0505091969144
-0.517297391567   0.00781841755618   0.855769993184
-0.853059983556   -0.0847474168495   -0.514884977555
0.834755979339   0.396124171034   0.382450122356
0.519573002022   -0.336735444431   -0.785272650814
-0.182280965921   0.854221798873   -0.486907350412
0.347959265413   0.188332769004   -0.91839812594
-0.424062974576   0.905288211013   0.0249769612514
0.836118976704   0.380767676043   0.394868375126
0.999988865078   0.00109811510955   0.00458953841643
-0.00110447567221   0.999998432921   0.00138357818801
-0.00458801189615   -0.00138863181551   0.999988510858
0.742679669715   -0.620757952203   0.251170207149
-0.423651382981   -0.726028167112   -0.541666508282
0.518600437602   0.29587609784   -0.802191324298
0.86974899356   -0.204827536797   -0.448979251602
0.247803989687   0.968048568078   0.0384077145413
0.426766764046   -0.144663920902   0.89271634862
