0.148872208664   0.13898314359   -0.979040730684
0.796650027801   0.569684867441   0.20200961746
0.585820620792   -0.810026442864   -0.0259106809046
0.636113766061   -0.25756038812   0.72733893275
0.590617914674   0.769118926616   -0.244185494213
-0.496517628579   0.584909158066   0.641366916294
0.896126539736   0.174061229878   0.408240018905
-0.130170606524   0.982507114605   -0.133174257825
-0.424279198145   0.066200135978   0.903108356742
-0.758012375331   -0.489144070397   0.431457201943
-0.64859889803   0.635094674729   -0.419492817077
-0.0688237472669   -0.597823412472   -0.798667927976
0.685859135611   -0.631998236258   -0.360798386149
0.353981493798   0.722904082635   -0.593385868842
0.635841448892   0.27926316739   0.719526049004
-0.110147021358   -0.649316536801   -0.752499613843
-0.990148603706   0.137536964008   0.0262550223303
0.0864486921658   0.747978354402   -0.658069149205
-0.738416039386   0.429438285983   -0.519927409576
0.673514364303   0.431394046922   -0.600231269871
-0.0334686984179   -0.793398975791   -0.607781137718
0.524936041809   -0.840498221257   -0.134182309255
-0.818187107719   -0.541744453449   0.192568959226
-0.234546389472   0.00869984827648   -0.972065997761
-0.918921978568   0.367159935486   0.14413874939
0.363184732294   0.930153700989   -0.05395315343
-0.153880627533   0.00277025461044   -0.988085562163
0.771219989883   -0.634469001319   0.051660561259
-0.603957953467   -0.754939654415   -0.255540424956
0.201133084471   0.1658770771   -0.965417152216
0.812505315152   0.104730908083   -0.573468874252
0.530522114417   0.274893524488   0.801860234883
0.241622430577   -0.955753622574   0.167790386948
0.229451327753   0.0350931232825   -0.972687288295
0.447752914683   0.883522204974   0.137498511624
0.864216069919   -0.467072784482   0.187012294799
-0.0768107200717   -0.98863627265   0.129222419351
-0.958420147615   0.0374874931676   -0.282887801935
0.274828917524   -0.145578186   -0.950408363714
0.68850649447   0.721178454178   -0.076553538673
0.644664634435   -0.560247398439   0.520125332551
0.332214262432   -0.40746102842   -0.85065221686
0.596417151678   -0.660567132204   -0.456001803757
-0.549356900855   0.0782782298181   -0.831913165064
0.585229507682   0.746675018047   -0.316200633687
0.761155286638   0.467088470723   0.449967765696
-0.29228221063   0.866376571878   -0.40492313476
-0.578976458068   0.176691811446   0.795968758678
-0.376548168757   -0.671463908105   -0.638237962518
-0.910858596228   0.142694761744   0.3872658295
-0.16896181333   0.727168773486   -0.665340123997
0.678935960019   -0.721559447361   0.135638955018
-0.704117126311   -0.692250893947   -0.158138459178
0.208002487075   0.0118601753753   -0.978056389794
0.0213991690136   0.89987577607   -0.435621008685
0.957404672891   -0.143941731133   -0.250313943609
-0.287955496374   -0.411709078939   -0.864625506463
0.471939787344   0.00371731994219   0.881622945845
0.849004942676   0.267605035964   -0.455607453867
-0.237620378795   0.963521523496   0.123137440766
0.64665164984   -0.36749083259   -0.668425113048
-0.580558985424   0.331276551849   -0.743778939401
0.494765508331   0.869026083737   0.00087042388463
-0.550987891559   -0.0147388367009   0.834383071823
-0.551588952759   0.756726622499   -0.350876682147
-0.626228369724   -0.653565287919   -0.425076985777
0.955550705854   -0.280545361872   0.0906484885177
-0.266894123489   -0.692487500593   0.670245170234
-0.125261228582   -0.6646467944   -0.736582828442
-0.265119066842   0.675697216067   -0.687855473597
0.794639929943   -0.250945863816   -0.552787079385
-0.546131176639   -0.693151820018   -0.47040545518
-0.139151721863   0.726849665118   -0.672552126324
0.684334584295   0.56147813335   0.465218746945
0.715767402893   -0.395514690104   -0.575539012467
0.836131626587   -0.362523595303   0.41165585854
0.205668120136   0.902918253923   0.377411249294
-0.508512072011   -0.230900995196   0.829518054678
-0.0151996316019   -0.521328164686   0.853220906866
-0.571030291564   0.705001425914   0.420591720767
-0.820788265831   -0.480822144006   -0.308409935834
0.833886329117   -0.146397363322   0.532166705201
-0.0455443492686   0.942641874903   0.330684151314
-0.550053908596   -0.299990179327   0.779388600087
0.772823751523   0.583427158889   -0.249712233079
0.630004843343   -0.752685713446   0.19120176285
-0.0764025290389   -0.305085179946   -0.94925533262
-0.912600137902   -0.21026748472   -0.350640233249
-0.309020358841   0.91628463199   0.254811481297
0.267707687833   0.340895963673   -0.901178415092
0.767524346541   -0.598890487876   -0.228553190713
-0.258956407272   -0.615840926691   0.744097797368
-0.586385501684   -0.511927862543   -0.627759433915
-0.220435028086   -0.901948312475   0.371345714949
-0.494885320743   -0.224651155809   -0.83941668884
0.840533710033   -0.368810384631   -0.396839996071
0.97459864956   0.140642262282   -0.174290637544
0.221785814072   -0.497951844979   0.83836448682
0.0311211335155   -0.855724087627   -0.516495654296
-0.0754189574332   -0.387870623366   -0.918623078509
-0.668098690808   0.703547631338   -0.242208318959
0.740240582635   0.595463777204   -0.312196684534
-0.0497048328643   -0.991035349622   -0.124009537295
-0.993520174528   0.0363547309306   0.107684707825
-0.102211018712   0.128558427546   -0.986420619344
-0.425895729435   -0.104060843821   0.898768140073
-0.904665711202   0.0337338721271   -0.42478462501
0.0138845166349   -0.99399867578   -0.108507389889
0.953075642561   -0.282774642926   0.108098662689
-0.254408301022   -0.554599862413   0.792272307346
-0.164083015356   -0.782596635525   -0.600515836713
0.115190565706   0.191766589629   0.974657226291
0.760214290501   0.614536552655   -0.210758292855
-0.639378890939   0.76522571872   -0.0749948887388
0.826960007248   -0.488779180606   0.277906565269
-0.386920561222   -0.85332517232   -0.349469068165
0.407957872479   0.181469178942   -0.894784505561
-0.228938031267   0.907606294695   0.351906509818
0.923920640379   0.316430772194   -0.215040035066
-0.306525738079   0.275902845634   -0.910999227025
-0.75373436571   0.00178637695164   -0.657176775691
-0.59048779952   0.43709271316   0.678435051148
0.28845912062   0.899414681259   -0.328396965031
0.627472628659   -0.768089065563   0.127739139158
-0.161556702212   -0.288912227214   -0.943625538562
0.761693857321   0.571462083098   -0.305374451112
0.0158649638778   0.253801765293   0.967126138136
-0.913087552492   0.397836932023   -0.0894253718597
-0.407454812975   -0.881652108023   0.238054901157
-0.372031801315   -0.0562335870433   0.926515041651
-0.865390840529   0.382003042134   -0.32430289682
-0.335694849297   -0.922448621575   -0.190781311003
0.840165741871   -0.495762787127   0.219865379408
-0.478325668271   -0.486323733174   0.731227585226
-0.255589673569   -0.719519621152   -0.645728606528
-0.00312598025955   -0.995291150214   0.0968801037525
-0.417815758258   0.0893189384394   0.904130587549
-0.908526400469   -0.0376517396192   -0.41612753584
0.723212310927   0.572274271997   0.386608472421
0.304556866485   0.238150072937   -0.922241648307
-0.61984600379   0.784720778625   -0.00205699445377
0.68785104066   0.492618011717   0.533093275525
0.549045787719   0.127273582224   -0.826044888791
-0.474773281542   0.860888453775   -0.182924578307
0.640618425824   -0.210822094872   -0.738350917118
-0.756111904198   -0.340752218083   -0.558733133258
-0.133801423104   0.916210658192   -0.377697245145
0.112057777544   -0.983415938732   0.142604859437
-0.923921432936   -0.155939074593   -0.349359686813
0.365803554177   -0.0926072160078   -0.926073249416
0.676707410014   0.620251105418   -0.396680787863
-0.200172339335   0.673484207546   0.711582782782
0.70851825368   -0.402128820671   0.57990886852
0.575646813996   0.815759534746   0.056277233467
0.815341725581   -0.577848234635   0.0361840884188
0.0620372151428   0.0250559214303   -0.99775928196
-0.930176076004   0.34427527106   -0.127463741295
0.357431865798   0.928516949309   -0.100492468157
0.0837551725004   -0.139035292572   -0.986739204895
-0.0958762830911   0.885252830583   0.455121043571
0.764233487839   0.358422941465   -0.536171773881
-0.637773403665   0.296412585741   -0.710904117738
0.818489654847   -0.291396511126   0.495139130161
-0.483683488335   -0.814585382984   0.320157675211
0.310040268394   -0.501536366765   -0.807673389955
-0.254404159754   0.801885520308   0.540609041532
0.585278005227   0.572671245639   -0.574018554582
-0.769888420528   0.170373873368   -0.615015904808
-0.514618492315   -0.783254012856   0.348827978758
-0.851495568466   0.41911713651   -0.31511287309
0.100613638751   -0.459188389715   -0.882622749828
-0.345332271795   -0.666907464286   -0.660287859274
0.367996277284   0.550998569114   -0.748985525269
0.863321703034   -0.501632346681   0.0551418762167
-0.227924993667   -0.313449826135   0.921845650472
-0.610918055967   0.783256176345   0.11527745239
-0.758174996747   -0.536897540162   -0.370015817444
-0.743438877368   0.61929946864   -0.252520897615
0.664702312358   0.725939752887   -0.176585138444
0.0739558756037   -0.299131481652   -0.95134162377
0.309230596468   -0.620590560284   -0.720585730534
-0.78644272604   -0.592901995045   0.173133081034
-0.534681472675   0.513161360174   -0.671402369716
-0.432250036678   -0.86271099975   0.262468353784
-0.833395645938   0.271022660164   -0.481662137839
0.344400353018   -0.426938459976   -0.836129145694
0.331194928538   -0.898466738765   -0.288214223542
-0.865305505066   -0.167412800342   -0.47246093722
0.376239687196   0.405870020609   -0.832894485618
0.237708522165   -0.956920882647   0.166724570596
-0.856747962765   -0.125676656469   0.500188270274
-0.457687214573   -0.261739950669   -0.849714429004
0.822443157486   0.222501568917   0.523526794477
-0.462275517081   0.797745603322   0.387173473639
-0.331494493188   -0.560441793776   0.758957440688
0.753684676815   0.637235679933   -0.160903996572
0.653447440865   -0.700287116542   0.287409805225
0.0704687868447   -0.321758670952   -0.944195693389
0.652179599568   -0.758057935504   0.00315218859335
-0.501493388314   -0.428323828977   0.75169347401
-0.568477045579   -0.491819950604   -0.659505105877
0.794653420346   -0.447117683583   0.410623572829
-0.595128022646   -0.707244371046   0.381612416351
0.119785550872   -0.547623206848   -0.828106421394
0.910786421479   0.375599981478   -0.171443134491
0.394535694243   -0.91413605211   0.093256979433
-0.121695030376   -0.152577626665   -0.980770303096
-0.265632052157   -0.901451566351   -0.341796263745
0.00664425709127   0.352812845639   -0.935670320975
0.96405158899   -0.250815009977   -0.0877289240956
0.712877519621   -0.225811733927   -0.663938779433
-0.604163151569   0.282955434121   -0.744931613355
0.35607938483   0.932172346248   0.0652854392096
0.918363550038   -0.146458236581   0.367638919197
-0.394148265085   -0.255330815947   0.882866535609
-0.035433530748   -0.955696688027   -0.292212774426
0.914931944025   0.392003472203   0.0960875412517
0.383103965159   -0.918397691303   0.0988788778013
0.127007439475   -0.0536559258336   -0.990449469648
0.074419995379   -0.0492418335143   0.996010494969
-0.380285751098   0.9219044872   0.0739923238551
-0.921870062301   -0.384275107586   0.0498821600347
0.0511630051789   0.882361052766   0.467783410638
0.298271055891   0.433518147664   -0.850350746896
-0.953108977989   0.183032751418   -0.241002671623
0.905891665303   0.32331282063   -0.273549101162
0.416899686528   -0.79444710883   0.441642890308
-0.0745314839726   -0.514123147896   -0.854472027983
0.182807303849   0.189161765447   0.964779413178
0.936731361546   0.264453970196   -0.229343528119
-0.298522772827   0.945664805355   -0.1288496408
0.583527722186   -0.724931382488   -0.366018972281
-0.174707331129   0.328095289328   -0.928348441848
0.793078020018   0.605663249435   0.0648018697653
0.888338737908   -0.451380221368   -0.0843218980301
-0.429439269322   -0.751636853323   -0.500623565828
0.162592129864   0.480934440912   -0.861548526097
-0.703363642769   0.542817830675   -0.45894268561
0.6590161511   0.739948313916   -0.134811740267
0.266415649997   -0.397272318977   -0.878178459055
0.850315052398   0.515098624566   -0.107878258406
0.163367046791   -0.453209926178   -0.876305866036
-0.50027544382   0.727512315907   -0.469521363227
-0.417735666515   0.839613836713   0.347196656529
0.468103718313   -0.12862723306   0.874261942419
0.77870136895   0.527734441042   -0.339294176056
0.317649892095   -0.936599002868   -0.147921782936
-0.707616754343   -0.130307737413   -0.694477085673
0.631171193112   0.325272503262   -0.704145385257
0.0269189809524   0.695970289148   0.717565833185
0.987844517947   -0.128457071765   0.0875327876938
0.153096625351   0.706487181187   -0.690968368229
0.152604566964   -0.266551574571   0.951662809993
0.891849899761   0.452033960974   -0.0164028723344
-0.425811697969   0.851243535082   0.306706442059
0.397293610423   -0.450620530533   0.799436629402
-0.917595469747   -0.182459744001   0.353167092782
-0.0132793398719   -0.873870458927   -0.485977447805
-0.0780103345629   0.359978711417   0.929693344622
-0.806814903919   0.524995479338   -0.270978703024
-0.585631367434   -0.771229585794   0.249481116475
0.431355860194   0.600273088105   0.673501552759
0.501338314276   -0.780138355434   0.374224586319
0.750061341832   0.176228164788   -0.637457149472
0.836392425093   0.516942270278   -0.182259157309
0.347207619549   -0.242363679814   0.905928648101
0.424139812032   -0.82099362709   -0.38219744102
0.983371271555   0.151112944687   0.100726462413
0.133987210254   -0.229297096602   -0.964090384286
-0.122590251531   0.961554844786   -0.245731379341
0.350589487988   -0.134666490807   0.926796605064
0.726248369703   0.663918633316   -0.178256427191
-0.59131236788   0.735579353017   0.330564213124
-0.549500760957   0.145010269323   -0.822812818753
-0.807715065465   0.159631505114   0.567551015474
0.213647574136   0.976468025045   0.02940934601
-0.670323009526   -0.374166388787   -0.64083272144
-0.477277279094   0.878644732518   -0.0137779865419
0.568219554598   0.2966191962   -0.767556897377
0.173257890665   -0.176553233242   -0.968922421658
-0.966226507981   -0.221018989563   -0.132502609723
-0.190756490413   0.959155650633   -0.208883697976
-0.323156778482   0.284135958901   -0.902682919548
-0.106866329114   0.936803835807   0.333133848345
0.940292126994   0.204120871228   -0.272369942745
0.956036021034   -0.149223707765   0.252442887653
-0.209214203987   0.256134654507   0.943729015987
-0.205486114703   -0.955053571171   0.213654236708
-0.498655522051   -0.844820917117   0.193959499512
-0.258289847686   0.358421719169   0.897117732203
-0.827423122732   0.397254941886   -0.396937635272
-0.757443076336   -0.622551147236   -0.196748710696
-0.572636297227   0.77820326137   -0.257851420566
0.313636186024   -0.0826423200564   -0.945940056095
-0.0982218544854   0.939341086491   -0.328619522575
0.818653917836   0.264020515417   0.509998951282
0.565825264723   -0.218932616864   -0.794927845287
-0.150158128512   0.839487806012   -0.522219072901
0.973911625535   0.0346976847878   -0.224259261577
-0.170143122666   -0.54226957716   -0.822797073195
-0.383431290842   -0.723011737816   0.574660310515
-0.794454903657   -0.0590990181185   -0.60444082617
0.470979672127   -0.688303227702   -0.551739807801
0.57589943151   0.36267469795   -0.7326710778
-0.0172646674232   0.901406752815   0.432628937123
0.817338226217   -0.236501436453   0.525381094549
-0.633394355396   0.2723172863   -0.72433064706
0.0585396548604   0.950214086678   0.306049503008
0.771611754379   0.151447961575   -0.617801598875
0.0724508827306   0.992249178947   0.100957597019
0.995539383025   -0.0780797283812   0.0529612384206
0.0604334870987   0.0966701753795   -0.99348008066
-0.738919901129   -0.438421995911   0.511647860716
-0.657080378987   0.30079411728   -0.691207837502
0.149140053055   -0.846940997104   -0.510341250672
0.730985773863   0.681835918914   -0.0275604446512
0.552391516503   -0.567531411609   0.610550333269
0.400653729455   -0.461527763669   -0.791497765364
0.980668397679   0.00945613190801   0.19544839565
0.0683821544489   0.919293485152   -0.387586595628
-0.183339506779   0.393459108075   0.900875438408
0.895263865926   -0.128853112089   0.426496759509
-0.320896362361   0.47758671818   0.81788535336
-0.3090762608   -0.869084462019   0.386217636685
0.0136902321298   -0.90566147106   -0.423780458906
-0.965613905415   -0.122016975889   0.229568384644
-0.259619650993   0.406065459497   -0.876189750774
0.287612142805   0.77025620323   -0.569196483434
0.920319155816   -0.386787166817   -0.0583809826671
-0.265126209206   -0.507051347581   -0.820126224588
0.392407112556   0.800502818084   0.453003196908
-0.390779353083   0.590941643715   -0.705747455561
-0.832651280773   0.0999160250751   0.54470967742
-0.646385930234   0.519554554481   0.55879181646
0.403301470255   0.854331205171   -0.327820249472
-0.647713789659   0.013463164243   -0.761764786483
0.913254635133   0.385425339438   -0.131959384378
0.174919366585   -0.0784431977235   0.981452943293
0.367925517734   -0.919398701557   -0.139056970156
0.0512360469182   0.998657399699   -0.00763318344299
0.996569766722   -0.0506285756384   0.0654633282801
0.0649889799916   -0.0109610820014   -0.99782577993
-0.443815574416   0.852113530004   -0.277363061596
-0.226446613492   0.192827229582   0.954745825231
0.867034986141   0.486538992829   0.107378495497
0.734811058122   -0.668385352999   0.115385132485
-0.660344312249   -0.666108045869   0.34676427262
-0.154913195638   -0.331000138039   -0.930828024252
0.347007418708   -0.936660767785   -0.0474600621017
-0.872836648381   -0.304019577444   -0.38174373846
0.343135595129   0.173892790834   -0.92304889403
-0.911716981063   0.409073987396   -0.0378235303715
0.140450290245   0.223851941686   -0.964450114958
-0.386064583437   -0.884617872931   -0.261544176805
0.0342137535529   -0.999309813361   0.0144677564995
-0.468995970101   -0.00327053045249   0.883194250235
-0.88253736413   -0.0370027099069   -0.468784172469
0.817129504971   0.414878782555   0.400218650116
0.542714922746   -0.319638042528   -0.776718761501
-0.194319028258   0.851884450864   -0.486346581885
0.349357310505   0.216888345314   -0.91154205349
-0.455085452958   0.889667548956   0.0372677185259
0.819052318304   0.401809778384   0.409514593013
0.99998024759   -0.00180028410733   -0.00602191058476
0.00178977814972   0.999996867869   -0.00174955625333
0.00602504142166   0.00173874381139   0.99998033763
0.73546328459   -0.635041718306   0.236253620145
-0.442189005292   -0.714043759307   -0.542780244109
0.513383521959   0.294726187854   -0.805961434298
0.868923194794   -0.207368635997   -0.449411537853
0.247807416904   0.968269166399   0.0323466463394
0.428443655197   -0.1394742636   0.89273902352
