0.85429581735   -0.378594154659   -0.35615459571
-0.387107588145   -0.00614404821195   -0.922017726766
0.346882321816   0.925546022264   -0.151805504928
0.740621187798   0.152384024088   -0.654415451074
0.319388355821   0.7770417352   0.542399674264
0.591161189159   -0.610725337347   0.52682388615
0.922425295843   -0.21573010079   -0.320300014743
0.128724637733   0.953745609836   -0.271660230246
0.36409002111   0.20935576579   0.907528854931
-0.384378577144   0.583484198425   -0.715401262542
0.856083774346   -0.0647374680557   -0.512766394457
-0.345504482692   -0.809539989235   -0.474627541737
0.713052180336   0.595321610423   0.370336179446
-0.285809746945   0.729148859183   -0.621815761006
-0.640210507719   0.337541452637   0.690069851896
0.927322133237   -0.287785762312   -0.239276022318
-0.37343413227   -0.75402651326   -0.540361854002
-0.0249120192142   0.59044334141   -0.806694501035
-0.835970932201   -0.50450261108   0.215940714348
-0.433130643   0.848202129305   0.304878746132
-0.336973474912   0.161339143303   -0.927587876145
-0.645008193217   0.75790251825   0.0977109097229
0.757542311499   0.650971893567   -0.0486320288671
-0.100465393725   0.0426520899175   -0.994025430468
-0.622658331857   -0.775953090213   -0.100962973218
-0.76341573979   0.630717086343   -0.13925656962
0.171735635243   -0.00963253501713   -0.985096051513
-0.0417364111977   -0.88942647922   -0.455169231635
-0.696603410974   -0.300676265757   0.651412307728
-0.716241704444   0.344259850842   -0.607028518997
0.779650396617   0.0853296050399   0.620374180969
-0.620864679207   0.234553944239   0.748005027501
-0.081684245865   -0.968350829791   0.235848210067
0.201441824184   0.421841874966   0.884008289598
-0.0308078985348   0.904791433263   -0.424739142895
-0.979015881863   0.0583257974179   0.195258896716
0.940181357535   0.313394600027   -0.133577093225
0.325478810804   -0.94211482237   0.0805183969473
-0.100610928225   -0.119178409132   -0.987762094405
0.677136754239   -0.698278529453   0.232148346797
-0.710770018028   -0.538976635127   0.452006525634
-0.190503913576   -0.471074317967   -0.86127633224
0.0856208788871   0.977591342842   -0.192313821245
-0.0517190895026   0.19712318475   0.979013745822
0.994984711049   -0.0738779069052   0.06743783386
0.711669307952   0.227525853406   0.66464935018
-0.245385860705   0.967017305244   -0.0682884180645
-0.658264803881   -0.114496789071   0.744028166429
-0.157405313739   0.960677126963   -0.22874268537
0.954269145429   0.207579166005   0.215131166526
0.254153804739   -0.184419300665   -0.949418604764
-0.224416446747   -0.935901990739   -0.271522907782
-0.885492023689   0.0795121334527   0.457800908722
-0.406867425217   0.343169433042   -0.846577574232
0.319780656662   0.94371647248   -0.0844960312852
0.923000571256   -0.330418721786   -0.197214271113
-0.214033420742   -0.0149245716426   -0.97671235973
0.184103554316   0.920905381177   0.343568360703
-0.245435762121   0.381541904273   -0.89117176017
-0.951770574366   0.0797439550777   0.296266308679
0.995729333527   -0.00340454863331   0.092257810449
-0.0922873034746   -0.0098669931664   0.995683554322
-0.00247954786732   -0.999945546407   -0.0101390512301
0.314951429718   -0.873528484492   0.37115254089
-0.696720289649   0.0527618172724   0.715400512099
-0.644505283003   -0.483906025486   -0.591987627328
0.415351437317   -0.876920128425   0.241855653439
-0.363428202566   -0.403702236539   -0.839609534373
0.833908274522   0.260835804663   -0.486375760986
0.342054620579   0.839254715428   0.422672257822
0.889789611179   -0.433897381669   0.141460834737
0.302117134138   0.327701453395   -0.895176982016
-0.569916238752   0.316668713893   0.758234333204
-0.0880482831273   0.893910517347   -0.439513006206
-0.816973609271   -0.31724613225   -0.481572162682
0.917278216334   0.185726296137   -0.35228740439
0.0181752476172   0.864150392378   0.50290531645
0.39783204087   -0.467707002152   0.789290709213
0.891716758808   -0.292668404394   -0.345233899348
-0.411881003255   -0.208572966374   -0.887046537225
0.187604049389   0.933189544045   -0.306532566437
0.839855356941   0.347181151226   -0.417262778072
-0.174378718313   0.900529184636   0.398295429513
0.514037975572   -0.261748800962   0.816855264374
0.0203973569255   -0.838857694714   -0.543969498639
-0.979762923582   -0.125133638936   0.156228835165
-0.199122226291   0.529774105996   -0.824434220258
-0.772300411324   -0.445742252025   0.452621152158
-0.622670013357   0.672297959335   -0.400371709931
-0.125833688205   -0.591040858491   -0.796766323518
0.31600817842   0.931223677775   0.181552573382
0.706857123005   -0.103445618181   -0.699751443273
-0.632844279904   0.34945891984   -0.690931754202
-0.37260861397   -0.858034761774   -0.353466294914
-0.407774478129   -0.190762678696   0.892932767677
-0.83359585474   0.47684934748   -0.278804510471
-0.107877463859   -0.124236510041   -0.986371356755
-0.973834923114   0.21282368808   0.079700222983
0.200021764757   0.9691603957   -0.143944972963
0.580712972053   -0.609623491646   -0.539566298366
-0.633348485454   0.0781228012056   -0.769913533385
0.511509812098   0.788832270733   -0.340737191133
0.303284627488   0.952719273146   -0.0185584145212
0.952140782271   -0.303762788695   -0.0340012745896
-0.038031025628   -0.00735815961644   -0.999249458227
-0.703364479914   -0.320610856746   0.634418161574
-0.228451148798   0.947113716831   0.225356736736
-0.673117967233   0.013574414016   -0.739410062021
0.822227406863   0.347483017828   -0.450774549503
0.568054598979   -0.451694134951   0.687958425707
0.0354417090002   -0.821722809252   -0.568784632283
0.614561084075   0.717460303184   -0.327971381343
0.306540002599   0.165886918891   0.937290995376
0.726875326608   -0.676558864078   -0.117982617372
-0.191102800849   0.98070246026   0.0412453101113
0.869065732293   0.149517551765   0.471559516496
0.456292936743   0.125961538106   -0.880868041835
-0.631526418326   -0.750038979053   0.19651026665
-0.220730833792   -0.0690434079397   -0.972888046288
0.743271588325   -0.657780192388   -0.121954173085
-0.797835799675   0.0484871147014   0.600921102365
0.351427858445   0.847301273049   0.398219712611
-0.489852663428   0.52889458204   -0.693046949673
-0.471300205789   -0.146445615203   0.869729661447
-0.11735296618   0.987762809   0.102727374822
-0.874130587236   -0.0536499207538   -0.482718642449
0.162246655439   -0.742253339063   0.650179276099
-0.277461636443   0.598008795525   0.751930264909
-0.946936191472   -0.302397195151   -0.108921671717
-0.501274226746   -0.24838973477   -0.828872788228
0.79508495962   0.245745116455   -0.554482603734
0.341419780315   -0.936970432041   0.0743037388052
-0.536865903851   0.659066507745   0.526697468758
0.0885413307367   0.664859733668   -0.741702645445
-0.839010916483   -0.351558984918   -0.415295724585
0.415569889648   0.843476939664   -0.340364906449
0.732788683947   -0.0888016291218   0.674636882379
0.538815703154   -0.529774320482   -0.654993638998
0.49684397211   0.618574744049   0.608697117161
0.387680512568   0.469317800032   -0.793376011126
-0.776434617074   0.63016423326   -0.00663167624436
0.262156668373   0.898211531349   -0.352829913229
0.0760585814443   0.345249178886   0.93542355559
0.962022866104   -0.272062825676   0.0221929546242
0.478733746268   0.294918801073   0.826944495899
0.877023122761   -0.204150527292   -0.434918030813
0.0405554024158   0.933459239688   -0.356384460216
-0.603889271906   0.778164786159   -0.172560811908
0.784771434664   0.618353387267   0.042105403211
0.139468503823   -0.109993796313   -0.984098472421
0.829179872664   0.431269056902   0.355623073974
0.0258335801819   0.605952449282   -0.795081334085
-0.558384631163   0.668452468194   0.49130234581
-0.50280447878   0.82436319053   0.260024409217
0.828294112628   0.373454161813   0.417684964925
0.247216961946   0.425390640516   -0.870589577351
0.683666226625   0.724337041512   -0.0890862069799
0.729788632868   -0.679050959228   0.079362501588
-0.00300887303589   -0.119271562476   -0.992857146288
-0.421800112509   -0.0994133992621   -0.901222374007
-0.904856538914   0.109315302009   0.411442447782
0.0576145411189   0.989023366711   -0.136064123306
-0.875480152142   0.151468681734   -0.458901842812
0.284732399252   0.92895310208   -0.236587326625
0.390462704619   -0.337791860111   -0.856408024114
0.256463779311   -0.958345782153   -0.125693425377
-0.307338427957   -0.204149029863   0.929443317462
-0.916388872725   -0.199737706765   -0.346892972621
-0.712064744298   0.499578948379   -0.493343567866
0.649494994789   0.201790608512   -0.733101831106
-0.266689432415   -0.842438672762   -0.468162978939
0.899679839008   -0.40876790197   -0.153247259778
0.00577594958548   -0.339863159572   0.940455265031
-0.436511808221   -0.846993665524   -0.303406827899
0.95607830599   -0.00597607969244   -0.293050404141
-0.271876953557   -0.391688834272   -0.879012029536
-0.109531616532   0.920077992572   -0.376109941994
-0.935995808132   -0.344533197499   -0.0721707031639
-0.116424978649   0.109511837045   0.987143520522
-0.332200178989   0.932364725621   -0.142614841617
0.0952255560061   -0.868184486556   -0.4870187159
-0.970799039499   -0.189207900281   0.147474939636
-0.220183462687   0.458754106485   -0.860850020866
-0.0285068465694   0.990472617618   -0.134726941047
0.997831094607   0.0201966107896   -0.062651408377
-0.0593334773146   -0.136220725608   -0.988900117856
-0.111562907619   -0.753209556461   -0.648251570863
-0.977259934303   0.201523809979   -0.0659689750745
0.18032680299   0.626150340512   -0.758564173182
0.0950443455334   -0.830592677948   -0.548710338582
-0.988184601623   -0.0121420223889   -0.152789078535
0.120243192917   0.556748698017   -0.821932959841
0.72185494488   -0.0414916717813   -0.690799451441
0.221831156086   0.959402228383   0.174178938772
0.655527557871   -0.278972768734   0.701753388119
0.655493745592   -0.682764934991   -0.322738228601
-0.753120362672   -0.622686752503   -0.212298826578
-0.0560146408002   0.382221291902   -0.922371445313
0.438575164156   0.865764736756   -0.241043674962
0.333743365768   -0.405936598064   -0.850780733957
-0.834425549977   0.292683979844   -0.466976415812
0.123841029485   0.961654745403   -0.244709926441
0.896547874323   -0.00274272175019   0.442937577536
0.425281914148   -0.274247952027   -0.862509173677
-0.823973313603   0.48526084782   -0.292557201086
0.322473187101   -0.022951807666   -0.946300249173
-0.465917213607   -0.874068090916   -0.137571854496
0.0952710830591   -0.268876011205   0.958449550729
-0.979109678591   0.148427591623   0.138960883167
-0.179622069869   -0.951667788863   -0.249117246833
0.737876214452   0.610348840274   0.288119829988
0.1726547228   0.24198830556   -0.954794299557
-0.652479187369   0.754265272268   0.0731777959217
0.362719701681   -0.869685377782   -0.334785414379
-0.33203222991   0.215066698817   -0.918422730713
0.870740218613   0.444289385042   -0.210754565506
-0.608793523226   -0.791916129586   0.0473279435786
-0.787290761942   0.610429843007   0.0868839397381
-0.0976951723609   0.0156335064901   -0.995093988517
0.453983363661   0.257743978553   0.852916827919
0.674949555583   0.525433160764   -0.518037704655
-0.581671875929   0.810856342113   0.0645737323956
0.227247807764   -0.536462482312   0.812752717967
-0.807170963157   0.363159235024   0.465393223647
-0.544824753225   -0.76178988012   -0.35048981923
-0.103928697696   -0.898688353958   -0.426095953798
-0.938832783691   0.230066012849   -0.256246795671
0.328316194619   0.37340147092   -0.867628549251
-0.138667022091   -0.487066396889   -0.862286314651
-0.474513813055   0.796920957847   -0.373836343172
0.869257156791   0.357327993975   -0.34162638926
0.206849707303   0.733815011764   -0.647092520445
0.0321315405214   0.655944705076   0.754124730567
0.977844959904   -0.176782560391   0.112103363007
-0.826124028328   -0.220961983796   0.518359009148
-0.299592496469   0.951351566973   -0.0719344372877
-0.477246892821   -0.214723144829   -0.852132948472
0.409981657966   0.628445808157   -0.661037769342
0.863202765254   -0.501439132808   0.0586502234248
-0.294611697571   -0.594655134392   -0.748057014063
0.278616458265   -0.937745852937   -0.207376065921
-0.456323170771   0.0607384463856   -0.88773815178
0.845068802663   0.341968679281   -0.410992300093
-0.731619278338   0.654037406959   0.192270321486
0.226562669341   -0.0327307250101   0.97344635334
0.642963578352   0.755753608174   -0.124233829926
0.297298665317   -0.928908182432   -0.220779457645
-0.75358672727   -0.0863034389418   -0.651659034963
0.586277259315   0.360113929163   -0.725670795826
-0.718829914154   0.309923270229   0.622276859044
0.681684417607   0.489789215303   0.543518259266
-0.136335166127   0.814894661864   -0.563344493918
-0.0268405064436   0.168081421814   -0.985407678089
0.096863736614   0.981561341147   0.164786987768
0.994935712961   -0.0910273060656   -0.0426265981635
-0.192415474818   0.637402255948   -0.74612331488
0.802596734895   0.539704177167   0.254086497482
0.56464158369   -0.549945298351   -0.615424488625
-0.0504774291056   -0.222506263218   0.973622680978
0.779329900432   0.600880534474   0.177726700888
-0.624575910822   0.767745294186   0.143075406072
-0.759484971326   0.636894644477   0.132467108867
0.555594174971   0.529143230982   0.641344280041
0.33837469739   0.560689383383   -0.755731251727
0.221202075831   -0.758410477137   -0.613093518545
-0.619364106902   0.376351038329   -0.689019867299
0.753298226067   0.532140792103   -0.386482601762
0.375495582012   -0.253159671085   -0.8915790547
-0.861707897059   0.258848282505   -0.436413819256
0.341266069203   0.932152188448   -0.120953293844
0.989969681643   -0.0587898442424   0.128467061629
-0.116304403201   0.177111157658   0.977294792156
-0.0802079641034   -0.982433498611   0.168497158452
0.401173508209   -0.235312423289   -0.885261029367
-0.872576592702   -0.392208799076   -0.291170932552
-0.278691794888   0.889268511498   -0.362671478114
-0.550442448717   0.272343780877   0.789211731904
0.793169229317   0.465640891361   0.39251200894
-0.260593296961   0.842028484385   -0.472325822934
-0.595994711027   -0.304628492439   0.742983286799
0.655628871334   0.349632406214   0.669269122109
-0.463652311482   0.885986374799   -0.00866838497334
0.986853171105   -0.153718684965   -0.0499137209293
-0.00256287310696   -0.323679971687   0.946162882662
-0.161599026376   -0.933595916197   -0.319818564708
0.258256176583   -0.622096387656   -0.73912095943
0.293742858955   0.779416834407   -0.553375568165
0.920336265186   -0.0741988618089   0.384025592192
0.308344440067   -0.903510158467   0.297645951055
-0.812617622763   -0.0875093284044   0.576189843749
-0.494546577996   -0.419537281314   -0.761191292144
-0.940082432287   -0.176287313752   0.291834261079
-0.251118398622   0.936976563738   -0.242928899971
-0.230616570963   -0.301658223123   -0.925104183552
-0.764126152717   -0.152264391453   -0.626838675832
-0.437407364869   0.836522214538   0.330008146709
0.474115985368   0.526351721601   -0.705810064398
0.820576806395   -0.547629920379   -0.163570083502
-0.487940146962   -0.820275226007   0.298434142171
-0.297603956449   -0.165075723644   -0.940309448674
-0.78586366986   0.585570703706   0.198810334768
0.522548055441   0.456878860506   0.719864799525
0.330699452682   0.66960342801   -0.665033387399
0.674213513293   0.0905586298635   0.732963342894
-0.515504527316   0.768391332067   0.379249041244
-0.528858402397   -0.633540754431   0.564743205325
0.843020506008   0.474420986834   0.253455982743
0.493069359519   -0.493311760747   -0.716599275716
-0.214936768933   0.729079311533   -0.649794380356
0.679448515937   0.715473151862   0.162628479601
0.709497597177   -0.697158573545   0.102877694568
0.186983991324   0.0454843863938   -0.981309848164
-0.458257029935   0.645708211446   -0.610786832249
0.844201755256   0.101213191115   -0.526382717329
-0.278070216312   -0.756846268638   -0.591489439838
0.326866387185   -0.819735906361   -0.470309129835
-0.916079490455   -0.152505937202   -0.370862581632
0.2322843106   0.552063158624   -0.80079230263
0.904041797804   -0.317004161063   0.286734696031
0.292119483851   0.947916693119   0.126965144848
-0.31204908459   -0.0310210045082   0.949559405249
0.527029630108   -0.0486640344372   0.84845245698
-0.462444111672   0.821189573412   0.334354788664
-0.713011362871   -0.568576725584   0.410286841538
0.138109718874   -0.851919626089   -0.505132325918
-0.923447358193   -0.295122680094   0.245250068389
-0.358009347154   0.432591689798   -0.827462240484
0.211670564639   0.650030222754   -0.729832596568
0.866345230088   -0.470435714371   -0.16773474627
-0.452372470216   -0.59678280162   -0.662727725711
0.707815724969   0.166638213666   -0.68646093653
0.522507675059   0.530460056813   0.667531180661
0.475376315292   -0.831170171142   0.288398223039
0.44378383279   -0.846608375305   0.293786399751
-0.371296786364   -0.472085684084   -0.79954646177
0.815594805188   0.245743986615   -0.523847090347
0.481930585398   0.221333885361   0.84779360649
0.807944591095   0.262170827128   -0.527723107084
-0.339069647321   0.939296253171   -0.052477331561
0.826508221405   0.562900336105   0.00523235404863
0.562313725314   -0.825142674418   -0.0542485385183
-0.0262190815911   0.047779087693   -0.998513789216
0.780802023525   -0.51509788952   -0.353587739228
-0.568440867511   -0.350828612569   -0.744181515568
0.259278046241   0.782051988159   -0.566730396251
-0.0601775166041   -0.997740004784   -0.0299121037934
-0.867959722942   0.0671014648345   -0.492081654967
0.492976440056   -0.00364947368534   -0.870036206374
-0.141200694332   -0.860502379215   0.489485796386
-0.989759937404   0.133135542373   -0.0514676768852
-0.0208795547931   -0.491741101414   -0.870489511083
-0.226241426792   -0.85343025941   0.469543512041
-0.632370336358   -0.237962407021   -0.737211737793
0.740892755446   -0.463713468608   -0.485846826481
0.944524261656   0.18389483515   -0.272133439558
0.321996987855   -0.681794344756   0.656867122513
-0.0647445683618   -0.708053081648   -0.703184883137
-0.074597606754   -0.842189424648   0.534000075668
-0.454599694449   0.505330575857   0.733472512872
-0.887568715993   -0.188041969635   -0.420555777291
0.33570735934   -0.484342827442   0.807906345609
0.628022211297   0.754325869217   0.191260583034
-0.70206035345   0.44317551152   0.55741077492
0.999999999768   -1.11100682951e-05   1.84347760258e-05
1.11098235341e-05   0.99999999985   1.32771866305e-05
-1.84349235335e-05   -1.32769818203e-05   0.999999999742
-0.554422627802   -0.23269539336   -0.799041240225
-0.802127307915   -0.106498264024   0.587578789458
-0.221823875108   0.966700525412   -0.127605542173
0.919131281699   0.142453732238   0.367293629243
-0.0140702529939   0.943608066721   -0.330765531253
-0.393700017642   0.298849030207   0.86930405229
