0.134971429408   0.146946949048   -0.979892498184
0.781804687981   0.591774047482   0.196430412245
0.608739799654   -0.792597042115   -0.0350112246556
0.628153863121   -0.248801742611   0.737238371987
0.578456579657   0.783022348552   -0.228613182309
-0.520394763337   0.570064640675   0.635779518194
0.896838584589   0.1713895354   0.407806547701
-0.123702019204   0.98228205324   -0.140782734476
-0.424709740455   0.075812894927   0.902149677895
-0.747769609561   -0.494356929849   0.443228876513
-0.661661290193   0.610313357605   -0.435570823862
-0.0551810486011   -0.618974015166   -0.783470625151
0.692678697294   -0.631238599134   -0.348904074606
0.349778412388   0.717059946111   -0.602893104877
0.630754535886   0.295572097201   0.717485784398
-0.0859207890937   -0.616994975638   -0.782262627374
-0.995848407325   0.0768744731114   0.0487469500227
0.0300594041234   0.783203367936   -0.621038579234
-0.747274556253   0.414898459224   -0.519076108188
0.663697805566   0.427258923307   -0.613966640246
-0.032953913957   -0.803311322578   -0.594646919235
0.535338565924   -0.83313688428   -0.138908429765
-0.81061851003   -0.552985557113   0.192625555756
-0.237297810787   0.00948185559395   -0.971390674906
-0.919544770659   0.365679140838   0.143931166576
0.361430635534   0.930740535779   -0.0555873254947
-0.154289696523   0.000906098535329   -0.98802523679
0.792492857651   -0.603610318314   0.0872333319344
-0.565831657483   -0.781065936262   -0.264141133925
0.227573298006   0.159970581252   -0.960531002728
0.79299955796   0.125643208899   -0.596125393803
0.543398167398   0.296532327081   0.785357887002
0.275445335316   -0.946721903763   0.166875714833
0.235917429985   0.0707253083075   -0.969196005466
0.431895955719   0.885801358806   0.169769950735
0.8705221707   -0.458643525523   0.178430005421
-0.0665779804878   -0.997432274131   0.0263861899631
-0.982555956063   0.0609370084277   -0.175699955026
0.173640910228   -0.0376236562849   -0.984090084675
0.685609958218   0.726077431455   -0.0524456739961
0.635222258055   -0.561515906131   0.530275937618
0.355572310593   -0.396877122894   -0.846201442472
0.626287750157   -0.65774292947   -0.418494794154
-0.520437260975   0.0469317626738   -0.852609211209
0.580438378633   0.751778989053   -0.312921140583
0.763754195307   0.505890828913   0.400941390205
-0.340375626653   0.843379730792   -0.415758418404
-0.548474212647   0.181066559352   0.816327715535
-0.380798295269   -0.644048703447   -0.663471119101
-0.902090116567   0.101202558484   0.419513365377
-0.203042064325   0.758260713559   -0.619527731709
0.686899629057   -0.715486946127   0.127465012959
-0.698938456335   -0.698428425235   -0.153892069684
0.199132955242   0.0166182061873   -0.97983156787
0.0157267642446   0.895572779833   -0.444637003531
0.954809809952   -0.145452711246   -0.25919439734
-0.296801104626   -0.420467483658   -0.857389176209
0.469459612726   0.0708318879105   0.880108240886
0.828986824004   0.30777924576   -0.46696122056
-0.3039547954   0.948817569154   0.0857712237221
0.672093868246   -0.380770923011   -0.635061679259
-0.554283021663   0.309969515878   -0.772456620878
0.490978781792   0.871167264899   -0.00272624680366
-0.548409680192   -0.0059654179413   0.836188517467
-0.565662773485   0.739106816605   -0.365714014483
-0.615850996303   -0.673561821576   -0.408707747816
0.966480103393   -0.243864328005   0.0802894717265
-0.233222829856   -0.703157557715   0.67169677725
-0.107346734359   -0.667906908529   -0.73646251776
-0.279829167285   0.676479623939   -0.681227535809
0.795747158052   -0.233544547042   -0.558787441708
-0.537105294706   -0.698449900103   -0.472954162112
-0.145303835302   0.743362579416   -0.652915669122
0.65876434197   0.565057797931   0.496728524198
0.738184487245   -0.357941001462   -0.57180582568
0.834490397144   -0.368183636257   0.409959250496
0.213842355883   0.902078020321   0.374868899863
-0.507835823771   -0.225157845182   0.831508701607
-0.0158443811382   -0.521013416775   0.853401415013
-0.569789858455   0.706067703085   0.420485333713
-0.821637677329   -0.479597141574   -0.308055366794
0.833311797573   -0.132528302474   0.536682119201
-0.0593138336223   0.943797521222   0.325158589116
-0.549611969636   -0.302791162319   0.778616847271
0.774811469704   0.601346760436   -0.195062195537
0.631903724391   -0.745993507438   0.210217434946
-0.0191015579256   -0.286139407576   -0.957997583458
-0.908632817408   -0.216878232321   -0.356861647527
-0.32834582614   0.899054680964   0.289637185275
0.258022133909   0.380347884157   -0.888121650131
0.764115192371   -0.593819417005   -0.252004906275
-0.237964964877   -0.622582026739   0.745496006397
-0.599583729174   -0.509676485676   -0.617032601845
-0.244309672041   0.468826368213   -0.848831326334
0.890407232978   -0.238218734513   -0.387848931851
-0.384041330534   -0.850560797913   -0.359247248343
0.976186289987   0.139759921048   -0.165914109434
0.214164484218   -0.499061972949   0.839684893802
0.0345528716699   -0.85522179091   -0.517109067253
-0.0514406087883   -0.393922084802   -0.917703249902
-0.693995395796   0.674887581325   -0.250793028591
0.718139439377   0.623980884067   -0.308096741202
-0.112606750131   -0.990568393267   -0.0780639358289
-0.992045909743   0.107630746983   0.0652727757912
-0.0562550689145   0.084793163392   -0.994809271492
-0.442756229645   -0.0776994630415   0.89326911673
-0.896468247785   0.0187470574612   -0.442711225053
0.017652256899   -0.996800552527   -0.0779554781282
0.9511398102   -0.285143793374   0.118431746395
-0.264125998511   -0.552755489784   0.790378912574
-0.159907843349   -0.783041752163   -0.601061640784
0.0909062348278   0.174856552196   0.98038831217
0.750151346183   0.635469798546   -0.182896399531
-0.654987797065   0.752066035196   -0.0734007112876
-0.826379546827   0.436703139284   -0.355509792758
0.535852540675   0.803898679685   -0.258087131516
0.173086392473   -0.403778752465   -0.89833391332
-0.227811341894   0.907333816502   0.353337427864
0.924895879133   0.315091312703   -0.212802907448
-0.30441682815   0.27832141507   -0.910970682647
-0.754131397963   -0.0425402437481   -0.655344308071
-0.568842402564   0.540991406638   0.619472855701
0.328183112765   0.839951561441   -0.4321773002
0.643173606906   -0.754974207336   0.127834493131
-0.161683528866   -0.297084163643   -0.941062928925
0.748455842298   0.584598106361   -0.313143587129
0.0194930525586   0.253027440602   0.967262702285
-0.915789302403   0.392718126086   -0.0842758984868
-0.40118571078   -0.884166040833   0.239375098379
-0.353974616804   -0.0177268162924   0.935087017642
-0.896047625344   0.292882722033   -0.333644068146
-0.267956383942   -0.955984032857   -0.119557120916
0.841823820392   -0.485544359246   0.235752689569
-0.484831747483   -0.488264787432   0.725627779319
-0.237214738301   -0.725151137826   -0.646440248893
-0.00645153644848   -0.994016565641   0.109038731308
-0.42717464092   0.10133060612   0.898473112805
-0.904146118638   -0.0407820488645   -0.425272407599
0.732306979314   0.570776192959   0.371404127062
0.293501690626   0.227592872939   -0.928470915961
-0.614478026985   0.788933471046   -0.00085592830727
0.721016333512   0.513764912201   0.464952752232
0.490717696574   0.0951481806168   -0.866107941321
-0.489215278876   0.852638515867   -0.183510141967
0.61670138273   -0.201603094637   -0.760943885471
-0.773875064222   -0.332351628511   -0.539128723242
-0.144210920453   0.921356927299   -0.360977316695
0.100862903194   -0.988212363136   0.115165099381
-0.93456187785   -0.133807653519   -0.329681070645
0.341204881616   -0.0743763216247   -0.93704183021
0.671839933927   0.62802763924   -0.392698850934
-0.214539552087   0.672443956414   0.708372716913
0.70894561411   -0.39166364374   0.58651147167
0.574463205464   0.816296550869   0.0604315034322
0.815874267906   -0.576979291098   0.0380010080592
0.0658878178185   0.0274743277207   -0.997448723885
-0.92054803013   0.365412958596   -0.138074957607
0.383945540713   0.91149672685   -0.147511147744
0.0719523869961   -0.188804360735   -0.979375192343
-0.122687291631   0.879327391064   0.460142551624
0.753801628827   0.384147753433   -0.533116880169
-0.645547002834   0.281449538758   -0.709968467111
0.82750879681   -0.282820880146   0.485017052232
-0.471040533404   -0.819813654309   0.325616934604
0.305532333956   -0.497913568768   -0.811623108928
-0.236751820497   0.808692924449   0.538483360344
0.600870512932   0.557407677683   -0.572932201507
-0.763480976915   0.187916031196   -0.617887014767
-0.511543490399   -0.802302370594   0.307626662649
-0.857445082716   0.453388698704   -0.243365194749
0.0557780204017   -0.388264850364   -0.91985825996
0.198020636326   -0.568958471195   0.798169208063
-0.766817579564   0.417296187949   0.487703486258
-0.610555997691   -0.708625535027   -0.353654101062
-0.25776329549   -0.332901208863   0.907047335305
-0.529825657365   0.833741981662   0.1554319169
-0.807986915824   -0.440512307582   -0.391287682603
-0.727400483586   0.647307836833   -0.227774232191
0.679037643123   0.726861249124   -0.102862061734
0.0989768442552   -0.229489191239   -0.968265612011
0.29703253527   -0.762079592688   0.575331528152
-0.585754379729   -0.621261921628   -0.520504977018
0.754097791739   -0.182396049524   -0.630926462711
-0.418617994736   -0.864482064293   0.278261989985
-0.834222341004   0.244941570507   -0.494041205615
0.35893183242   -0.438946907486   -0.823707200512
0.326634180874   -0.911688007899   -0.249269107879
-0.84903553643   -0.167152622898   -0.501197225199
0.415269514617   0.375346475833   -0.828653276905
0.220199532822   -0.956937036406   0.18916573227
-0.868243000819   -0.103888498495   0.485140465889
-0.444596735749   -0.271069527003   -0.853730082921
0.819831696034   0.22518140121   0.526468732905
-0.46464597967   0.798939795545   0.38183676705
-0.334634283589   -0.557663464505   0.759625800379
-0.943405988855   -0.0525081525854   -0.327456919131
0.172449241993   0.765728834554   -0.619613275231
0.28327795345   -0.641016572187   -0.713338177219
0.634578670309   -0.772639016882   0.0184081711043
-0.519876013125   -0.409114584443   0.749902785504
-0.57187309969   -0.485442279082   -0.661291880679
0.802792018084   -0.447367935091   0.394191459003
-0.586733993278   -0.710402310048   0.388679532518
0.106151763204   -0.543314355155   -0.832791279155
0.897364400635   0.380637114988   -0.223276777045
0.406336461737   -0.910070179397   0.0816268855309
-0.172127314326   -0.163974556783   -0.97133131958
-0.268045737481   -0.898989895643   -0.346364909252
0.00778462108867   0.357488347392   -0.933885154214
0.963374736281   -0.253020254362   -0.0888249320863
0.706180784188   -0.238077553466   -0.666804153101
-0.602313247718   0.293063508407   -0.742517697901
0.372192761457   0.925976705219   0.0635585537452
0.918190928291   -0.163308291539   0.360909713243
-0.392479428314   -0.251490553323   0.884710348002
-0.0537151519462   -0.953982653629   -0.295011489513
0.913122304494   0.388620239776   0.123215121929
0.377671954979   -0.920156743495   0.103322126502
0.153530294919   -0.0478108422753   -0.986986611817
0.0751594633978   -0.0684919834174   0.99481651739
-0.36413056002   0.926859708119   0.0913236920268
-0.92831028774   -0.369106935282   0.0447222540285
0.429771121548   -0.30664221829   0.849274592203
-0.88184668593   0.0595611586556   0.467759436841
-0.194018570019   -0.949959482401   -0.24481375799
0.902764106273   0.293575068702   -0.314373420406
0.411623848372   -0.801741685836   0.4333313704
-0.124830989231   -0.520599604455   -0.84462611604
0.160665225389   0.153381115624   0.975018419658
0.945073487351   0.260981480234   -0.196786103267
-0.284645022456   0.953080741754   -0.103025777479
0.581092462686   0.167172317281   0.79648287246
0.729365702079   0.327204422168   -0.600801913036
-0.361050166067   0.930048752707   0.068206268922
0.887453901868   -0.431356666038   -0.162348386909
-0.45284999039   -0.750542032522   -0.481262447897
0.0857464767292   0.50061770266   -0.861411317348
-0.679696834725   0.574520467648   -0.45600268108
0.684349056303   0.720444230695   -0.112367609219
0.26396700937   -0.388440912775   -0.882856203061
0.848355720335   0.524168261096   -0.0744325589757
0.196627442983   -0.44248232208   -0.874955452196
-0.491558969445   0.727637979164   -0.478448273956
-0.407502726518   0.848277523053   0.338181566352
0.483304933866   -0.113875845187   0.868014189302
0.774827638148   0.517162968329   -0.363571994805
0.332315407657   -0.930966475334   -0.151221333335
-0.710187773244   -0.141483836098   -0.689648933073
0.620644662095   0.336576508328   -0.708178266754
0.0400671577591   0.690090658979   0.722612970529
0.985471017875   -0.146751092074   0.0855043262267
0.165049979442   0.708688224303   -0.685944243269
0.147399754177   -0.219119486138   0.964499851319
0.865711246242   0.500195593076   -0.0186656571383
-0.478348565932   0.837729681592   0.263422910906
0.411179032911   -0.522172462483   0.747173154157
-0.90653917429   -0.148377318417   0.395184636347
-0.0954909856758   -0.839833370825   -0.534379435264
-0.0806230787298   0.335916765713   0.938434785001
-0.784534516272   0.559358515618   -0.267625940048
-0.614821528547   -0.757811307333   0.21844109165
0.417080034374   0.601872236628   0.681024269539
0.501632604561   -0.777284064389   0.379729131464
0.757897733844   0.183246538896   -0.626108401966
0.833187276489   0.522041555359   -0.182404980099
0.348548240555   -0.239681715412   0.906127363688
0.429316999771   -0.818550725182   -0.381656421304
0.975495906023   0.160234606141   0.150773367444
0.184453285665   -0.222038005751   -0.957432039123
-0.11993632787   0.961781677475   -0.246152965171
0.350487795043   -0.179218449877   0.919260057187
0.752583952058   0.638123140264   -0.162530775422
-0.55747260078   0.748785419916   0.35853130169
-0.545152352892   0.128520870961   -0.828427002114
-0.810006437532   0.17397308189   0.560020479909
0.216098318506   0.976327687043   0.00926089791799
-0.670668357172   -0.423873594792   -0.608715968431
-0.430248608436   0.89078423554   -0.146251771428
0.604226852699   0.163812763074   -0.779791824156
0.182408683292   -0.225463015731   -0.957023249882
-0.972241421563   -0.186429112553   -0.141388840494
-0.146539040787   0.956248197152   -0.253210771881
0.924578510185   -0.360229160011   -0.124054547588
-0.22751386398   -0.260857053589   -0.93818497069
0.305601080163   0.895649791944   -0.323139954091
0.95143627923   0.133714156264   -0.277289615708
0.236362476581   0.259801860062   0.93628829597
0.197235357452   -0.956359512903   0.215579905946
-0.496708758713   -0.851727571717   0.166854883978
-0.233807164108   0.316452125529   0.919343386406
-0.835831692831   0.417634045181   -0.35632455052
-0.739016969298   -0.645876636349   -0.191565366649
-0.593591662857   0.758749164217   -0.268232443201
0.318595130013   -0.0845167227077   -0.944115494368
-0.12284082354   0.959811430901   -0.252333408704
0.759157591291   0.254644416371   0.599029191921
0.639210359445   -0.117975583486   -0.759928863792
-0.152992598715   0.816247746533   -0.557075292088
0.965779209887   0.00402859357354   -0.259334317466
-0.209436822277   -0.577687966592   -0.788931448724
-0.483414818707   -0.802081190759   0.350679164053
-0.845158971679   0.323263920926   -0.425683861383
0.228071096941   -0.502161528478   -0.834156684072
0.57329490334   0.366293789919   -0.732913237201
-0.0252755422543   0.901987195515   0.431022326672
0.818959156956   -0.22857812361   0.526362936231
-0.63304648162   0.254648644591   -0.731030929641
0.0822223899011   0.961122196498   0.26359742412
0.769734779572   0.106762311757   -0.629372845046
0.0412071776954   0.973568860543   0.22464559238
0.981970348328   -0.0809768603385   0.170812713136
0.184489033277   0.213556600799   -0.959352580978
-0.742414841409   -0.423261114828   0.519297825916
-0.650269228649   0.268819040406   -0.710553484136
0.161152516579   -0.865208848903   -0.474808923928
0.731245415674   0.681989581667   -0.0130519186957
0.543635422951   -0.571128182456   0.615039125817
0.411995957501   -0.456840026562   -0.788388559864
0.978593559141   0.00600707366402   0.205714756579
0.0746316630772   0.921174970599   -0.381925108377
-0.191793537103   0.389102285535   0.901007575172
0.890661244218   -0.145146098422   0.430877196148
-0.316047281199   0.483636967344   0.81621651531
-0.326858783108   -0.863149983451   0.384883673302
0.138776773424   -0.887572306921   -0.439268035697
-0.947734918885   -0.247707661675   0.201095594011
-0.287296938242   0.38840225848   -0.875559338349
0.297030166487   0.768876629429   -0.56621710403
0.917916776252   -0.393281958641   -0.0525175479766
-0.263062486974   -0.504140882778   -0.82258136267
0.394312811733   0.802053181206   0.448584552888
-0.391032339686   0.588176054316   -0.707914287535
-0.831631598662   0.103728605956   0.545554085739
-0.633456743343   0.538625509784   0.555531380381
0.425613304495   0.842123628855   -0.331181383484
-0.646208843498   0.0266524659234   -0.762695074532
0.909390177828   0.391170102561   -0.14140528751
0.184135210128   -0.0737667322175   0.980128916847
0.372966122945   -0.917357302315   -0.13911093076
0.0127623270016   0.999755475482   -0.0180585807192
0.998371756453   -0.0117363509038   0.0558219855592
0.0555963938733   -0.0187415953869   -0.998277413228
-0.461922508123   0.841584552449   -0.279933988527
-0.269240253745   0.167673393246   0.948364549721
0.845066436806   0.513440429343   0.149136323916
0.72357653808   -0.662644493455   0.193233715546
-0.685338584967   -0.656390256473   0.315377321787
-0.0821463175341   -0.360630151869   -0.929084428889
0.33681387   -0.94114339407   0.0283818385486
-0.845202700429   -0.315488275624   -0.431392562641
0.414956397888   0.121310591924   -0.901717765211
-0.916607987927   0.39601672517   -0.0547772767034
0.104873613805   0.105962418494   -0.988824297377
-0.385786627276   -0.9121089405   -0.138657704391
-0.431461699849   0.902084329322   -0.00920131155864
-0.000250092846348   -0.0103191314509   -0.999946724993
-0.902131220387   -0.431436412652   0.00467791494535
0.804071086543   0.431569413542   0.408922399822
0.556994856476   -0.306292918724   -0.771972394435
-0.207909638161   0.848488355374   -0.486663223513
0.350816071327   0.238461423528   -0.905573980181
-0.479544951892   0.876362967599   0.0449954234837
0.804341173388   0.418478313069   0.421795185224
0.999969493572   -0.0025081512369   -0.00739737138723
0.00249258699926   0.999994662179   -0.00211249221959
0.00740263035136   0.00209398918325   0.999970407699
0.730288378623   -0.644320040651   0.227003456503
-0.453788195989   -0.70593020558   -0.543818736374
0.510641907044   0.294133014242   -0.80791745414
0.868301689968   -0.205210156275   -0.451598236222
0.244210457896   0.969285558192   0.0290991225686
0.431756212985   -0.135551829357   0.891746754469
