-0.513862508214   -0.773589644975   -0.370815835476
-0.0702243410235   0.468731308971   -0.880545002779
0.854993488033   -0.426438766036   -0.295188269147
-0.140653678028   -0.86071766175   0.489266440305
0.711151272959   0.255989316217   0.654777318599
-0.688825384133   0.440039289989   0.57609462195
0.77315937994   0.217226836058   -0.595849876149
0.258404639059   0.750093716672   0.60875812826
0.579181850305   -0.624637429159   0.523809570713
0.949783786421   -0.193198669013   0.24614027168
0.0969766683811   0.929639094694   0.355480912859
-0.297500058556   -0.313760143914   0.90169190262
-0.609009163056   0.731951206421   -0.305540947719
0.399041329054   -0.0501687505606   -0.9155594542
-0.685473454644   -0.679507562788   -0.261525553422
0.596972030626   -0.683302626928   0.420383057084
0.534047756355   0.729493154712   0.427355509103
-0.598679704502   -0.0306146576232   0.800403244718
0.228756202262   -0.948892138535   -0.217426560828
-0.81861124128   -0.0666325710048   -0.570469750409
0.526826570682   0.308486320456   -0.792016385257
0.947435733345   -0.197137049221   0.251997053565
-0.114694087583   -0.944545258297   -0.307700375855
0.29868176619   0.262623759116   -0.917506383462
-0.994195775618   0.078644097726   0.0734157042853
-0.104091780952   -0.530639456249   -0.841181709626
-0.027196707175   -0.843941273647   0.535745709973
-0.985907135104   0.0758472757554   -0.149111742368
0.0651125142958   0.995009529652   0.0756068540743
0.154102178549   0.064832296438   -0.985925601607
-0.890477239151   -0.21983420142   -0.398400816314
-0.454194110313   0.376445598087   0.807462953849
-0.0275317400601   0.899978686174   -0.435063636406
0.894141935075   0.0360298398565   -0.446331771869
-0.444972787682   0.183001840048   -0.876646761679
0.0500940930899   0.982452124624   0.179661917664
0.192728889251   0.684542455446   0.703034282194
-0.374638163408   0.713524952528   -0.592054379798
-0.906918861732   -0.1492774893   0.393972599837
-0.442852786134   0.803045207518   0.398747795599
0.864450369353   0.264409938263   0.427566303015
0.237922190516   0.534046607732   -0.811287404087
-0.839701538888   0.521411509985   0.151760873894
-0.485866684089   -0.846174582665   0.218911262715
0.242559046177   0.110084571609   0.963870580634
-0.0142417796216   0.596903069969   -0.802186946275
0.514685165097   0.692199267808   0.505924257647
0.857260959418   -0.4056684591   -0.31707530454
0.73349684596   -0.679403084161   0.0198450547688
0.66675246452   0.713555193375   -0.215128187517
0.131998212196   0.171027586196   0.976384164526
-0.216633519113   -0.919379642553   0.328345840929
-0.962155465624   0.258018056118   0.0876558194652
-0.165308131579   -0.296930556823   -0.940481507558
0.115322518207   0.92232557826   0.368803802152
0.869353736536   -0.273331161148   0.411720969974
0.480546353191   0.273140264394   -0.833348425571
0.918284842702   -0.0103724610412   -0.395784486451
-0.0561311629414   -0.992970034042   -0.104210383558
-0.391921216841   0.117910659172   -0.912411549819
0.816049505557   0.129012944898   0.56339938279
-0.566554050032   -0.0143287487457   0.82389999111
0.114366572354   -0.99153938248   0.0613998381095
0.209202595671   -0.662339065936   -0.719403388718
0.976473894356   0.102165451559   0.189897219961
-0.0522781752311   -0.742205619921   0.668130084753
-0.505159994554   0.34720114764   -0.790104260829
-0.844752208417   -0.0115287984656   0.535033450524
0.176655275258   0.937719814168   0.299122824004
-0.296800064835   0.86468310863   0.405256515263
-0.17565115943   -0.466571609709   0.866866542903
0.938646041756   0.186102269364   0.290361074582
0.160967977883   0.74839598159   -0.643422695307
0.640924327265   -0.575022297644   -0.508493228994
-0.750536685856   -0.330534131298   -0.572225367517
-0.220395251886   0.428702970174   -0.876150498665
-0.91053527471   -0.412536355771   0.0271894956786
-0.349787716271   0.803758370738   0.481270230759
0.947735315368   0.186675402879   0.258747108129
-0.0116698653846   0.830711882773   -0.556580256621
-0.318844140995   0.524471221116   0.789473465022
-0.0818580192894   -0.845961502653   -0.526923524534
-0.0268274161064   0.530376558109   -0.847337592907
0.996282868679   -0.0552253803759   -0.0661105357659
0.922791170712   -0.105153766768   0.370673900606
-0.106429939572   0.855042911802   0.507517770073
-0.370309496528   -0.507783718045   0.777834540548
-0.961207124228   -0.266134496526   -0.0724796115637
0.260515258121   -0.962277186138   0.0784500944852
-0.0906237530662   0.0565247450005   0.994279783855
0.206962734753   -0.158608267297   0.965406569259
0.243668727853   -0.947319327824   -0.207874101797
0.947518853369   0.278261583185   -0.157411924051
-0.336692165444   -0.242492491886   0.909854811004
0.839090462359   -0.515732000937   0.173054035455
0.427276937953   0.821716431981   0.37711606132
0.638553252582   0.491280080088   -0.592362749104
0.189823363708   -0.846489213472   -0.497416427218
-0.745799459779   0.205182587917   -0.633784877863
-0.327820054433   0.0878229606471   0.940649318022
0.812471337406   0.534301231431   0.233264913745
-0.482104073623   0.840719526165   -0.246508297063
0.764112236769   -0.263959505634   -0.588606718451
0.502048109102   -0.329619499262   0.799561556013
-0.405068124847   -0.906463659002   -0.119345922181
-0.990614110859   -0.0930338338483   0.100141845035
-0.0699054096135   -0.284749127416   -0.956049772837
0.117460278708   -0.954076852353   0.27557293541
0.744610813966   0.610816892702   0.269179232694
0.248346811501   -0.627826815738   0.73767021809
0.619579370978   -0.482427417369   -0.61918106401
-0.495211144073   0.395446353385   0.773555495347
-0.859645511645   -0.0943138050413   -0.502110048184
-0.125600625375   -0.913634000995   0.38664893008
0.384857865694   0.874379329723   -0.29554223212
-0.458900298904   -0.0965477326819   -0.883226500384
-0.800808927822   0.475541084521   0.364095781428
0.71939534716   0.67259472378   0.173455100901
0.589507494004   -0.723277535064   0.359653335567
0.367357113716   -0.156479854343   -0.916822123526
0.620419582612   -0.777408212742   0.103518173638
-0.739801818347   -0.536307179784   0.406285464278
-0.260332116887   -0.328650391257   -0.907863486017
0.47214870326   -0.841220170993   0.26348477361
-0.810109210941   -0.296216941459   0.505943267512
-0.34756102825   -0.452331899723   -0.821338653744
0.647142375712   -0.696562755791   -0.309850081173
0.0277222247139   -0.384660758368   0.922641630986
-0.761864964292   -0.605670230585   -0.22962000777
-0.161684676852   -0.5650993456   -0.809024594727
0.351603339456   0.733023505718   -0.582281402544
0.922080884171   -0.378601729616   0.0801721483902
0.889390527006   0.450398823406   0.0782648730072
0.319570926443   -0.490130341908   -0.810954173128
-0.326892816446   0.746266137391   -0.579851652356
-0.228921391773   0.794466915629   0.562509836678
0.626776706928   0.562430834954   -0.539279626488
-0.74481269863   0.229115420398   -0.626705806655
0.111156269478   -0.0713523735239   0.991238176499
0.881191695134   -0.454101367341   -0.1315034015
0.459505691133   0.888088276564   0.0123989050191
0.065140190069   -0.681956267488   -0.728486379332
0.968492527113   0.219060796005   -0.118467685805
0.240372586965   -0.697816606916   0.674739210768
0.147728280875   -0.514093878377   -0.844916468797
0.983021131467   -0.0176887142853   0.182637795858
-0.108838458822   -0.857551510757   0.50275202265
-0.401342500268   0.346476614135   0.847866825236
0.523769859158   0.846218575995   -0.0978736751095
-0.751391597049   0.40480622216   -0.52109748645
-0.115047476907   -0.993211491604   0.0171758843316
-0.96397117028   0.115801812165   0.239477604734
-0.239840907535   0.0109942368806   -0.970749950208
0.466636920211   0.183170911309   -0.865273599474
-0.230902018059   0.969621522184   0.0807363720653
0.853776459474   0.162118848282   0.494755733953
-0.811151659233   -0.369572134031   -0.453265290389
-0.378089586044   -0.25990749506   0.888536076328
-0.446185220115   0.892112398613   0.0710930206959
-0.699840711221   -0.142499102433   -0.699940700863
-0.329427325505   -0.805076868045   0.49328376595
-0.63379856116   0.575799654694   0.516482469718
0.0610308187772   -0.323970381662   -0.944096621626
0.672478808438   -0.685619052836   0.27874498487
-0.737595750639   -0.651897005818   0.176019324065
-0.900523349183   0.419850871954   0.113061677399
-0.4347222592   -0.864222528061   -0.253250822995
-0.00861713018924   -0.277208707135   0.960771084992
0.487081975799   -0.867769899922   0.0986232712946
-0.541553531295   -0.211506123755   0.813624564745
-0.685179481299   -0.449711641392   -0.572964674307
-0.589892825942   -0.189615106851   -0.784902901737
-0.433193931607   -0.74600585407   0.505784819179
-0.681446602105   0.638374010237   0.357923387798
-0.343130473907   -0.889678084429   -0.301221486554
0.936761947298   -0.347635949363   -0.0403274200167
-0.0688369956565   -0.296010393054   0.952701062891
0.645451547064   0.357055877256   -0.675206191404
-0.54814355348   -0.399086909811   -0.735029443761
-0.531912535264   0.844535812701   -0.0618733860002
0.761193892677   -0.583632995073   0.282765600479
-0.520297210401   -0.809862314402   -0.270949893081
0.387136501251   0.0591232507084   -0.920124866866
-0.692449588328   -0.346779487871   -0.632659113913
-0.625111282146   -0.149433709444   0.766097546932
-0.360207513189   0.925966280852   -0.113300459698
-0.896353171962   0.191915782498   0.399649000426
0.0980062484996   -0.793370107697   0.600798341765
0.432372254392   0.577695598599   0.692330866704
0.56563377786   0.148581404937   0.811160893689
-0.381492144774   -0.824909141103   0.417119470176
0.731110233015   -0.545388370825   -0.409913835031
-0.443415107527   -0.467461856645   0.764763005773
0.402578565583   -0.866192379233   -0.296042667014
0.800820542288   0.176607402848   0.57227291069
0.808669849955   0.13195134261   0.573272986418
0.170406745278   0.88019056364   -0.442974167241
-0.563040509144   0.455909437128   0.689298172202
-0.624056589807   0.529153278064   -0.574934936347
-0.0288588849504   -0.750901584382   -0.659783279064
-0.780846039548   -0.395150121962   0.483875855603
-0.590638853224   -0.381962810821   0.710809507683
-0.513653947335   0.857328201722   0.0338818080766
-0.622338627637   -0.345098197157   -0.702568051415
0.56702206634   0.486852769374   -0.664424831893
0.0398311705379   -0.821894456388   -0.568245528282
-0.822738995148   0.295742934846   -0.485424208658
0.928136203703   0.355070707092   0.111749632399
0.337764364285   -0.929507122417   0.148093698703
0.156455813556   -0.0997060797601   -0.982639443572
0.68512596887   0.728391921451   -0.00690040178362
0.30201784473   -0.275432277807   0.912645759211
0.662863204775   -0.627361354489   -0.408693164426
0.207212116248   -0.162880029814   -0.964641505829
0.79561168467   0.601832046608   0.069283727471
0.5692672361   -0.781836481346   0.254296146923
-0.31388824878   0.280115395614   -0.907198728183
-0.255305474416   0.895396821898   0.364806313087
0.914490722758   0.346121216447   -0.209539546421
-0.166980017855   0.0735768137008   -0.983211129983
-0.0441995474486   -0.996767788847   -0.0670848352601
-0.984969072429   0.0322556600021   0.169692365047
0.555172447031   -0.831244372309   -0.0285717966259
0.289942590949   0.16122148639   0.943366803677
-0.779561959059   -0.532015437587   0.330518874132
0.174260753543   0.879695599568   -0.442457728914
0.388822029113   0.351348108702   0.851687698742
0.904682607024   -0.320453052119   -0.280818841848
-0.465589058078   -0.633164082936   0.618328450808
0.198305452006   -0.755548679144   -0.624356581729
0.862497406781   -0.168075689866   0.477335087515
0.170973468601   0.449980145337   -0.87651921932
0.812758696961   0.438463680514   0.383631204914
0.556948268288   -0.777989376324   -0.290759620269
0.260160361384   0.524029350638   -0.810993110966
0.369322741903   0.722040794879   0.585028035947
0.892141972266   -0.451719304658   -0.0056895624859
0.281312053362   0.248064252125   -0.926999274785
0.769092734171   -0.636004965646   0.0631984961782
-0.573898854223   -0.730726905548   -0.369700276751
0.949006529208   0.298417941658   -0.101653035452
0.234208603879   -0.883214341526   -0.406298851576
-0.211028285756   0.361772247443   -0.908068226287
0.754363447516   0.560891840244   0.34108083001
-0.0364076677716   -0.483031589556   0.874845680802
0.655446619321   -0.672369561356   -0.343960611381
0.607531873127   0.0427814507429   0.793142339437
0.334658527358   -0.919378861749   -0.206751490045
0.720353172549   0.39103996732   -0.572869139296
-0.737504474032   0.524776370633   -0.425084593473
-0.207822522444   0.422538451174   0.882196722077
0.64257057974   0.738966181976   -0.202563649128
-0.761115327629   -0.45291569775   -0.464296057253
0.400391151458   -0.891236797942   0.213034963862
-0.510284610666   -0.0237558566645   0.859677425196
0.0350667886847   -0.983075450535   -0.179813733866
0.927667543441   -0.0349101775981   0.371771715367
-0.371756975964   -0.179844204955   0.910743000394
-0.634130018557   0.557282938023   0.536017580453
-0.625423703124   0.0379548923489   -0.779361673241
-0.454669452609   -0.829454732421   0.324469622196
0.990169998701   -0.138268376696   0.0211004662981
0.000531424122832   -0.147138513534   -0.98911575431
0.139868120958   0.979403958457   -0.145618662604
-0.473147070312   -0.880518846492   0.028607880514
-0.851213108139   0.448547012767   -0.272473525081
0.227086094658   -0.153271453019   -0.961737889085
0.108311649852   -0.982174194281   -0.153630851703
-0.0612067569419   0.147658300918   -0.987142724774
0.992230980876   0.116322303358   -0.0441225829972
0.34459452504   -0.285047487825   0.894428612577
-0.853460853314   0.301688925343   0.424956896857
-0.390972102808   -0.909797626953   -0.139316520256
0.371988343353   0.261060999648   -0.890770355856
0.440477603707   0.795063870577   0.416956739166
0.817070470059   -0.547467438453   0.180762968529
-0.429364990186   0.221649594734   0.875509658631
-0.895473076262   -0.230457720369   -0.380811250899
0.117361300658   -0.947502346317   0.297431721293
-0.77102503339   0.626495113967   0.114123924143
-0.621959381035   -0.779329822449   0.0762335633711
0.136700132512   -0.0122024594775   0.99053731568
-0.584607409328   -0.755613624588   -0.295435656778
0.777174248804   -0.626082248596   0.0634129717657
-0.232882725753   -0.192533291485   0.953255772454
0.0333974614321   -0.741335835455   0.670302758939
0.860247707624   -0.320095948652   -0.396878401005
0.50878137849   0.589881142882   0.62704206093
0.989869466319   0.138440957765   0.0315046165292
-0.0611568230828   0.215494366961   0.9745881288
0.128133846582   -0.966641753196   0.22177790318
-0.765506465556   0.107022247364   -0.634465199803
0.030568920777   0.991005713165   0.130281301637
0.6427016355   0.0803362623154   -0.761892835432
0.741955611692   -0.553696692   -0.378050054287
-0.419210802256   -0.823188243776   0.382914375
-0.523224783004   -0.125622802778   -0.842884771408
0.0881903262794   0.926396802322   -0.366075717575
0.885207668668   0.0956317947427   0.455260302647
0.45676016648   -0.364202587143   -0.811619754464
-0.412687091604   0.848152122623   -0.332155598045
0.907086193253   0.415888809435   -0.0650471843844
0.0829698887117   -0.328137890339   -0.940979023407
-0.962143486092   0.260224521714   -0.0810130265386
0.178483151022   0.37696814135   -0.908866758776
-0.205970087565   -0.888919691933   -0.409143134273
0.595577433701   0.731887419933   -0.331101683793
-0.801444209678   0.513395141525   -0.306777781843
-0.0545408034358   0.448069451317   0.892333495705
-0.644426960737   0.171420047146   -0.74520403898
-0.361631345387   0.790354593974   0.494532492175
0.67374821878   0.588179210122   -0.447334946624
-0.794022908624   0.472669624445   -0.382244747128
0.435491009637   0.00359342664861   -0.90018590736
-0.424116966302   -0.88123238332   -0.208696635053
-0.973713368557   -0.147189929236   0.173831529432
0.188305717179   -0.0908030005966   0.977903764161
-0.128153161376   0.984931439144   0.116132800772
-0.573396189515   0.520763025705   0.632473462611
0.694274649717   0.718724992991   0.0376443250711
-0.434970712358   0.460695404263   -0.773666739548
0.933265533435   0.359176321046   -0.00279544322884
-0.347680209645   0.901385747706   -0.258112777004
-0.0901882249743   0.241859678805   0.966110749265
0.997644121003   -0.0680304339294   -0.00883560344517
0.0177674526111   0.380632610364   -0.924555641135
0.0662610402617   0.922220513753   0.380944613502
-0.85243627327   -0.408328597132   0.326527421173
-0.51115077546   0.519600573603   -0.684645987835
0.109896700406   -0.750521818921   -0.651643855617
-0.342732748737   -0.796915004575   0.497454257622
-0.458644747649   -0.320187463913   -0.828930023227
0.819865390413   -0.512256247825   -0.255762151553
0.438667467974   0.305603501499   -0.845090144549
0.32060172845   0.825297864208   0.46486338536
0.839514969644   -0.474857805247   0.264054313615
0.155529370736   -0.411291636021   0.898136852032
-0.961407266813   -0.271909464679   0.0419679679832
0.226950836432   -0.870002547788   -0.437708675588
0.0364183986181   -0.599696831693   -0.799398155052
0.998226450632   0.059525445302   0.00082135270565
0.0470919685377   -0.798010295309   0.600801061151
-0.995975151822   0.0142888992929   -0.0884834691393
0.0884019281001   -0.00624203986808   -0.996065327198
-0.0147849944915   -0.999878424757   0.00495375035737
-0.565745353147   -0.13502657526   0.813449457168
0.336329722512   0.86292418218   0.377152719154
-0.752870847588   0.486959628494   -0.442781895598
-0.831796884872   0.546737542437   0.095874928981
0.0032633978933   -0.167902941263   0.985798129715
0.555070529349   0.820296691451   0.137876921359
-0.930008772485   -0.012761181167   0.367315716183
0.268664473777   0.658377505143   0.703106294419
-0.250804871623   0.752579705398   -0.608868379367
-0.578527395745   0.1682140623   -0.798129113375
0.527589852519   -0.669073562673   -0.523440077995
-0.622057071249   -0.723909246368   0.298329353454
0.301357519183   -0.104973216636   0.94771528922
0.720930156701   -0.62541737006   -0.298517708663
0.624053967851   0.77319708808   -0.112795869577
-0.247463946033   -0.810833320252   -0.530387520764
-0.219510692564   0.580098210834   -0.784411321717
0.943703688275   -0.0776877889748   -0.321539976022
0.948149558351   -0.119097816884   0.294666124643
-0.232077612046   0.374001395922   0.897921454157
-0.217146026871   -0.919749240751   0.326969321424
0.999978801668   -6.33563005711e-05   0.00651092928012
9.99895232853e-05   0.99998416754   -0.00562624851433
-0.0065104697378   0.00562678027197   0.999962975878
0.895779596258   -0.404706602919   -0.183824591615
-0.273075414649   -0.827363216594   0.490815572024
-0.350726008221   -0.389464598366   -0.851650511523
0.864566921626   -0.502507619485   0.00318282725133
0.502502610405   0.864572702744   0.00227336899142
-0.00389417079914   -0.000366100628367   0.999992350673
