0.106203850024   0.191681634756   -0.975694057183
0.728325496933   0.653036110181   0.207571215127
0.676951041687   -0.732667721229   -0.0702516727889
0.614980420074   -0.24763907542   0.748648095741
0.565142536072   0.800523198119   -0.199440525465
-0.549920900543   0.54574490158   0.63225746777
0.899454714063   0.168147690911   0.403370265874
-0.109544003317   0.980296091713   -0.164376652568
-0.423061849718   0.103662561292   0.90015151208
-0.715369023697   -0.521242106032   0.465353442918
-0.698025622121   0.563342060522   -0.442047456401
-0.0317394202641   -0.641055683811   -0.766837805182
0.706008794229   0.282544982322   -0.649399657715
-0.595922545261   0.732472606338   -0.329181106714
0.382658989866   0.619396653149   0.685507026621
-0.048518124759   -0.554693247133   -0.830639147399
-0.996605048589   -0.0284965061744   0.0772419982831
-0.0665159284194   0.831566804747   -0.551427493479
-0.758226181783   0.388015018966   -0.523963168838
0.650655231889   0.398885342604   -0.646171999289
-0.0417232124487   -0.830863904925   -0.55490931243
0.563672682902   -0.811589450078   -0.153608824871
-0.78832340852   -0.584102302493   0.193315037769
-0.246615713482   0.0121270264149   -0.969037473541
-0.911461026093   0.385203047237   0.144420948312
0.381716799564   0.922801328719   -0.052249331533
-0.15339844472   0.00750467284801   -0.988135920327
0.824439103491   -0.539115187416   0.172206211657
-0.483650230108   -0.829159322896   -0.280316378721
0.293909202905   0.147816210073   -0.944334553268
0.752332674166   0.172413095867   -0.635821729537
0.558636711634   0.344585998319   0.754443844276
0.349171264272   -0.922786115047   0.162927020678
0.24724933116   0.133243071251   -0.959746868822
0.400656880409   0.887797753073   0.226471220734
0.88223683466   -0.440524044297   0.166122647389
-0.0521347072462   -0.985128062033   -0.163721329409
-0.9984914824   0.048593717227   0.0255618901466
-0.017225907316   0.164807014561   -0.986175398234
-0.567940742886   -0.613793155503   -0.548362357222
-0.730319757817   0.683056652739   -0.00816458753842
0.37957392416   0.395842862012   -0.836200971466
0.666749621586   -0.661502600094   -0.343306353254
-0.457283632972   0.000628497337131   -0.889320686821
0.588503713778   0.749942607845   -0.30207526183
0.77238571584   -0.306685421699   0.556205320078
0.488193764813   0.846844817833   -0.210999295039
-0.406309185181   0.434508810759   0.80381275146
-0.380485916305   -0.582247555941   -0.718483299139
-0.880647275829   -0.00903706176746   0.473686296112
-0.28229566613   0.812961324511   -0.509316249286
0.699693046104   -0.70283890794   0.128246289301
-0.686319343364   -0.71110087807   -0.152647633899
0.19848274524   0.0187885788819   -0.979924277253
0.0149437643323   0.891200539051   -0.453363301452
0.952230568118   -0.150997643017   -0.265436728704
-0.305014145655   -0.427739770187   -0.850884868799
0.464141157939   0.160779877003   0.871046965814
0.794017754406   0.360311928378   -0.489603022816
-0.392566925747   0.91887166972   0.039573518766
0.722173095681   -0.405173173419   -0.560625293234
-0.493498874581   0.266120118745   -0.828033177584
0.484690499864   0.874651234455   -0.00776771511515
-0.543157293042   -0.0121897751203   0.839542473309
-0.57334939418   0.735858112864   -0.360254507177
-0.613392718656   -0.677026031354   -0.406675700838
0.980582351785   -0.178742544975   0.0806805675715
-0.185933805237   -0.716593626641   0.672251585575
-0.0623447787535   -0.674199285712   -0.735913345231
-0.315270100403   0.656718835872   -0.685073086914
0.781549819456   -0.22981344649   -0.579970395393
-0.538316490099   -0.718266072172   -0.440805179265
-0.143135948488   0.776268432533   -0.613937636033
0.618773765417   0.554327242276   0.556633035056
0.772419010328   -0.30021430535   -0.559678696569
0.830872686877   -0.376917490597   0.409369983614
0.227221789263   0.90134405897   0.368712822999
-0.507957514646   -0.213335633784   0.834546026695
-0.0176390518734   -0.52402064464   0.85152288744
-0.562788447496   0.70913198609   0.424736376671
-0.826412746276   -0.471735296849   -0.307421180941
0.832224702025   -0.100024392154   0.545341330099
-0.0913539255725   0.94541052178   0.312815289892
-0.546860590665   -0.310151682701   0.777656368903
0.764798166953   0.642228534573   -0.0512471775203
0.630903335354   -0.730439250914   0.261571179893
0.13055552559   -0.232381174135   -0.963822724692
-0.875018213987   0.416739282597   -0.246315845071
0.3196880395   0.879543679459   0.352423712773
0.363514349914   0.229632938109   -0.90284330376
0.777442437237   -0.263818364354   0.570949321216
-0.591229866713   -0.616201378781   0.520329804441
0.214547201041   -0.742088762422   -0.635038398136
-0.255299812711   0.455222772024   -0.852991344312
0.884649285724   -0.246017774852   -0.396069306732
-0.390150800215   -0.855714603298   -0.339904208278
0.980586863906   0.11776821942   -0.156780256502
0.195052190437   -0.503872332079   0.841467358823
0.0201008790809   -0.855712170916   -0.517061539085
-0.00592660455644   -0.395256848167   -0.918551522418
-0.742903464743   0.616614906453   -0.260538863154
0.669372330943   0.680850997736   -0.297292114681
-0.21389504394   -0.976588849387   0.0228720229
-0.975909554438   0.212598308748   -0.0490153106093
0.0430052524041   -0.0328051576939   -0.998536113465
-0.485345715925   -0.873482304401   -0.0383170928797
-0.0730842123762   0.0842023824642   -0.993764889945
0.871262436703   -0.479519157579   -0.104705031699
0.944531118518   -0.291376583756   0.151527728782
-0.294399009539   -0.546677265189   0.783883403903
-0.145568503922   -0.785011881548   -0.602134666418
0.0488997061714   0.132754313557   0.989941973523
0.736694970595   0.664477684064   -0.125498715816
-0.67445484579   0.735422123412   -0.0653066716107
-0.747767503341   0.561911178945   -0.353694201148
0.641940143958   0.74790302419   -0.168979045989
0.169577747729   -0.353407545738   -0.919970920243
-0.233251623998   0.907728386916   0.348744685246
0.921832824731   0.320572069793   -0.217848092295
-0.30954470299   0.270670876998   -0.911547778887
-0.75106214669   -0.118846865483   -0.649446745108
-0.538744940339   0.678937896526   0.49879577182
0.38165369306   0.724512770964   -0.573952701539
0.663072869216   -0.739802354151   0.114135213244
-0.175060709941   -0.301502156499   -0.937256740419
0.727796755931   0.601488924602   -0.329428225318
0.0305565229718   0.251258538804   0.967437566879
-0.923890602329   0.376459038993   -0.0685911585788
-0.381434731061   -0.891710568954   0.243638681931
-0.313753491461   0.0419492538897   0.948577359362
-0.938580020832   0.137406446228   -0.316523321463
-0.143618561096   -0.989626054949   -0.00373902066389
0.842342737735   -0.465351621346   0.271857647847
-0.501213671265   -0.490994223369   0.712537387328
-0.19809989379   -0.73645946332   -0.646826012889
-0.00910898471838   -0.992127844996   0.124897420331
-0.441169156732   0.116076763653   0.889885363465
-0.897377736279   -0.0469949374384   -0.438753546218
0.752037858178   0.561357157234   0.345423221405
0.2770787924   0.206263721496   -0.938446919109
-0.598052173866   0.801457060113   -0.000422035897733
0.792073901133   0.505506625953   0.342172451054
0.385507148875   0.020369828955   -0.922479977143
-0.473289735056   0.862582240242   -0.178742008223
0.569376726801   -0.234342373613   -0.787968143349
-0.814860590749   -0.287604708476   -0.503275023606
-0.108684684518   0.928637272389   -0.354711792535
0.0846244914185   -0.993475134059   0.0764581811129
-0.948188996199   -0.103874057652   -0.300246244998
0.306229200013   -0.0470886202172   -0.950792479413
0.6633072324   0.636274068438   -0.393927436563
-0.230960408223   0.674756034214   0.700971885402
0.71181514825   -0.373978079737   0.594524676188
0.567819560142   0.818532459554   0.0870951191302
0.818036428354   -0.572901411785   0.0509938649402
0.0916370504009   0.04229166622   -0.99489399735
-0.89914198647   0.406233622626   -0.162843274402
0.4354216042   0.867880143142   -0.23914866451
0.0441782159679   -0.285934085042   -0.957230371567
-0.167177980783   0.869828297428   0.464166194092
0.73130138134   0.425154731823   -0.533330801342
-0.661248676668   0.250284212453   -0.707183145025
0.839413127585   -0.273018202827   0.469943254197
-0.454920808791   -0.826060872821   0.332671748331
0.297376291874   -0.49303599801   -0.817608002475
-0.202376763171   0.817609167348   0.539035152095
0.633741892885   0.528971753658   -0.564411283581
-0.746602209298   0.227385428951   -0.625204772669
-0.512082989169   -0.832159776704   0.212793604799
-0.857711366557   0.508636557918   -0.0749670836339
-0.0458500151151   -0.220904861843   -0.97421702825
0.360449324421   -0.614899179516   0.701409497733
-0.74326929874   0.264994046536   0.614271035293
-0.56358409668   -0.742749725196   -0.361518756905
-0.307220776817   -0.337063314419   0.889945906438
-0.390305662553   0.897527687228   0.205196346069
-0.867915251676   -0.284310345809   -0.407296873542
-0.698570452456   0.6930820676   -0.177866721241
0.700044780935   0.71344276443   0.0306059890792
0.148110187494   -0.103134230268   -0.983578518932
0.26540406747   -0.789109666757   0.553955426759
-0.615559263905   -0.580902857847   -0.532577376952
0.742056246942   -0.199644192629   -0.639917746903
-0.381063511347   -0.874506752621   0.300047562821
-0.84375035175   0.1962571782   -0.499568277551
0.377989344105   -0.443532478668   -0.812651829586
0.316474581762   -0.929445410183   -0.189670948204
-0.821676028887   -0.168679593192   -0.544422352959
0.474017238775   0.328143907971   -0.817085817414
-0.855888976731   0.436240520618   0.27775577042
-0.204634359895   0.207570064007   -0.956576942758
-0.474951406547   -0.87556203483   -0.0883871301205
0.815998826523   0.227026670195   0.53160587481
-0.46702205222   0.800860444034   0.374850572792
-0.34064103959   -0.554149294146   0.759527643964
-0.941884845883   -0.0303673067823   -0.33456055331
0.193489021191   0.76508431453   -0.614172606313
0.274617799552   -0.643213664614   -0.71474558122
0.615108090804   -0.787563042598   0.0372356087308
-0.540896035606   -0.387151339629   0.7466895733
-0.573649296425   -0.479435391   -0.664129648902
0.805710649971   -0.453028199793   0.38157017535
-0.585115150515   -0.708863511428   0.39389438027
0.0920359123517   -0.540627387729   -0.836212543843
0.871914411681   0.393166361196   -0.291865501776
0.428071715851   -0.901439986528   0.0645023780807
-0.23773906871   -0.181179919179   -0.954281914372
-0.275217020795   -0.892603463044   -0.357091933816
0.0143190330706   0.367588917932   -0.929878138624
0.961275484306   -0.261031502238   -0.0883855083547
0.685225029957   -0.242183176524   -0.686887157636
-0.614088745209   0.314980671307   -0.723658890433
0.391614186828   0.91767885761   0.0671106769504
0.922429015014   -0.20033495278   0.330137272894
-0.373564618164   -0.246301157097   0.894307115063
-0.0978477813504   -0.948262435558   -0.302033383878
0.903955008204   0.382719025912   0.190765537634
0.366849451384   -0.923274144516   0.113957597756
0.219742629371   -0.0330303083907   -0.97499855157
0.081308634082   -0.1347411021   0.987539235389
-0.321657287429   0.934256157144   0.153954611111
-0.943358625058   -0.330167030825   0.0326226346134
0.429442495701   -0.323234048358   0.843266798149
-0.877646090171   0.0707293765458   0.474061911239
-0.212876685632   -0.943672138649   -0.253310898766
0.897310908303   0.243523881107   -0.368142979251
0.395035517014   -0.815153783457   0.42364047212
-0.196926570424   -0.525566768975   -0.827646964119
0.107395634983   0.0761724364219   0.991294072159
0.958480467964   0.256984949931   -0.12358773412
-0.264161636313   0.963408789363   -0.0454107306224
0.574782427111   0.178063792137   0.798697970082
0.726890179318   0.337184259789   -0.598278732832
-0.375840163759   0.92444581284   0.0643747654293
0.874227460816   -0.390937273355   -0.287913867427
-0.483769393132   -0.751656735922   -0.448307177742
-0.0411524121247   0.531206362582   -0.846242447134
-0.618283964727   0.642154654157   -0.453169216859
0.74480329793   0.662836143353   -0.0769174522246
0.250984036057   -0.385078754555   -0.888099862874
0.844794443643   0.534922147806   -0.0134403786512
0.254488089256   -0.423750926703   -0.86929337083
-0.470699649903   0.730953793292   -0.494113743664
-0.386680418697   0.865850897782   0.317459409398
0.513879655595   -0.0835418804947   0.853784781884
0.765771475945   0.493277788899   -0.412639151824
0.36133364047   -0.922789421623   -0.133782224442
-0.698793694096   -0.172998247808   -0.69408859614
0.617353523782   0.344283734066   -0.707349515482
0.0611782299477   0.683639066862   0.727251572992
0.981771675619   -0.172575470479   0.0796372018215
0.179948884717   0.709122932377   -0.681735334003
0.140277581806   -0.15909110211   0.977247267277
0.828520547454   0.55926399938   -0.0278833554254
-0.542103221368   0.813580850496   0.210262448401
0.434095211789   -0.634678618146   0.639331212106
-0.869053524753   -0.108095112734   0.482764350096
-0.237291631163   -0.765178736163   -0.598493261041
-0.087511915716   0.289239502572   0.953248223057
-0.732187682078   0.630171684294   -0.258427642731
-0.675457521109   -0.720572104974   0.15663006963
0.386927082279   0.689609162518   -0.612149194208
0.767947652113   -0.608467928123   -0.200057951749
-0.510434948464   -0.392690696878   -0.76501645732
0.82320930616   0.536746286322   -0.185013141082
0.35431389746   -0.231075941122   0.906126686237
0.443608048079   -0.811484647768   -0.380400533815
0.952695645354   0.190901754027   0.236490015938
0.274002218804   -0.202805067141   -0.940102594909
-0.131505860778   0.960430437446   -0.245519008498
0.347100704654   -0.246797282125   0.904771906275
0.786104373028   0.602678302559   -0.137181552488
-0.511430362371   0.75886096564   0.403198486221
-0.53642980678   0.084763951936   -0.839677399321
-0.812022160286   0.219217032335   0.540891767343
0.229919711384   0.971987121945   -0.0487643429665
-0.681887875366   -0.428727143092   -0.592639825026
-0.384980805262   0.899274053712   -0.20759565482
0.621947509852   0.0865979970687   -0.778255794643
0.204644202419   -0.329449859179   -0.921728561305
-0.977516670432   -0.117667322963   -0.174973026964
-0.0508124932001   0.936812249827   -0.346122664885
0.889530303466   -0.428372216121   -0.158849248334
-0.276898040556   -0.228927527855   -0.933230765883
0.363405165589   0.874122091993   -0.322253400599
0.265903633829   -0.285703994624   -0.920689135905
-0.0997413823204   0.941792357173   -0.321058892764
0.9588257997   0.177201533361   0.221929498726
-0.495647579479   -0.859862836769   0.122349412545
-0.189085607346   0.244322571667   0.951079972449
-0.847691046255   0.448265973326   -0.283685577935
-0.709078343178   -0.679657802205   -0.187811541512
-0.625378941163   0.729207492876   -0.277772590947
0.325743891996   -0.0795091456017   -0.942108917577
-0.162954907896   0.97445155686   -0.154563453812
0.667056440959   0.224240112868   0.710459060262
0.726967263703   0.0126702433489   -0.686555214337
-0.135979297527   0.785396771672   -0.603872123616
0.954606129124   -0.0591841173828   -0.291932147045
-0.265022204489   -0.616156758696   -0.741696757323
-0.684939253925   -0.721928592888   0.0983733969388
-0.727551762408   0.684931404118   -0.0392097522884
-0.0390723875965   -0.0984280367949   -0.994376825015
0.558912281505   0.362293503686   -0.745895755971
-0.048646008152   0.912283724859   0.406659527429
0.827798663613   -0.191002153247   0.527510710774
-0.633742067199   0.208036897277   -0.745044724598
0.129014023686   0.978092886959   0.163369783539
0.762709888472   0.00741308659069   -0.646698285286
-0.00789284666515   0.914214210944   0.405154389702
0.930208617977   -0.141966616809   0.338463301955
0.366946358516   0.379549543851   -0.849289416962
-0.743954362144   -0.407634157559   0.529496270623
-0.644473036133   0.228284585087   -0.729753831024
0.176596751697   -0.884149615047   -0.432542536029
0.692156251789   0.721733715675   0.00449074265035
0.560578996765   -0.541504129075   0.626517730469
0.454610725234   -0.431130747992   -0.779394230574
0.974120923328   -0.00242617753054   0.22601446944
0.087968058619   0.92517312032   -0.369210398147
-0.208206741958   0.379537628042   0.901443920332
0.881996446251   -0.177678556811   0.43647748997
-0.303271313367   0.494923868137   0.814295324337
-0.360705945737   -0.850576683902   0.38263628358
0.328090875446   -0.822505535488   -0.464586936462
-0.883895408428   -0.440820840518   0.156223857034
-0.333294591016   0.359390637938   -0.871638161704
0.327450070356   0.761899895503   -0.558824660022
0.908451026617   -0.416480215643   -0.0355100295768
-0.259794502741   -0.496037074416   -0.828525218162
0.399937993142   0.805215153937   0.437810641177
-0.389155823428   0.581665504808   -0.714298946954
-0.829823684134   0.115298726784   0.545984300932
-0.602056479038   0.589524732329   0.538505882988
0.464114740578   0.807181176919   -0.364768495358
-0.649711861996   0.0303172822027   -0.75957577553
0.901918668896   0.401762101215   -0.158524221257
0.200622362697   -0.0646716069116   0.977531713472
0.382483179086   -0.913457605631   -0.138930991609
-0.042988831763   0.998466922307   -0.034867827357
0.998307143116   0.0442981328638   0.0376898316913
0.0391766299001   -0.0331885592816   -0.998680985685
-0.492199661193   0.81749224722   -0.299075105671
-0.331263067287   0.141818510009   0.932819537867
0.8049871262   0.558205997558   0.201001966941
0.701285784625   -0.649160120609   0.294600383731
-0.712747208522   -0.646466347678   0.272162962333
0.0137718926419   -0.400839617719   -0.916044723713
0.315797870947   -0.931421455301   0.180902673646
-0.77232893068   -0.363090657269   -0.521222790641
0.551162160859   0.0248846790869   -0.834026993115
-0.925509141066   0.091334056723   0.367547166975
0.377564919719   0.146602842585   0.914304291783
0.0296236605785   0.98496989632   -0.17016680674
-0.352361599693   0.13622275589   0.925896680998
0.935706694823   0.0694156665365   0.345882128092
-0.0171547185684   0.988243303062   -0.151923959997
0.777485038752   0.465190147192   0.423219968181
0.582476923713   -0.278887882408   -0.763506504464
-0.237144782473   0.840130749331   -0.487793681939
0.354692771122   0.278483511326   -0.89254690187
-0.527081802874   0.848024256918   0.0551328645952
0.772255016945   0.450890001663   0.447571664885
0.999924829986   -0.00436775875548   -0.011456747376
0.00433095546081   0.999985388   -0.00323521412691
0.0114707106048   0.0031853522732   0.999929135654
0.722668622023   -0.657290191067   0.213821578593
-0.469190393717   -0.693652883703   -0.546540072982
0.507553383585   0.294644330777   -0.80967541716
0.86674982752   -0.19288860507   -0.45993338923
0.229190537563   0.973090228134   0.0238139749069
0.442963242251   -0.126053139364   0.887634030482
