0.155829645852   -0.463165964939   -0.872465067292
-0.55460126073   0.689871897728   -0.465289727811
0.817395526241   0.556376112114   -0.149369937155
0.785707347932   0.00360418262353   -0.618587889432
0.436211020793   0.705807791585   0.558171399955
0.438615905347   -0.70839422376   0.552986183367
0.954115209182   0.205861511713   -0.21745161967
-0.116348853543   0.924004722123   0.364250216085
0.275911422709   -0.322236425058   0.905558709223
-0.721547993023   -0.669700283423   0.175688003718
-0.365480978194   0.152906046128   -0.918172941598
0.588037752909   -0.726718257984   -0.355090443841
0.717280623122   0.47016141005   0.514253555289
-0.0959941977539   0.797679079114   -0.595393293728
-0.690140264458   0.377698700975   0.617292520999
0.896476806522   -0.439823868266   0.0537056550526
-0.323057491655   -0.731757282195   -0.60013755818
0.303254331488   0.520659386313   -0.798091826625
0.77814977108   0.570031660541   0.263717351709
0.623294002091   -0.752581943937   -0.212426502994
0.0773790835382   0.329673077757   -0.940918782549
-0.729351154649   0.679180734666   0.0822249985623
0.673382887386   0.733908381307   -0.0890733180653
-0.120842491311   -0.00959680538308   -0.992625609909
-0.884117430203   0.423824952011   0.196745675923
0.457407839371   0.871036697226   0.179089771163
-0.0954699922664   0.24832939356   -0.963959582995
-0.0667952668953   -0.66108870056   0.747328512128
-0.867926993924   -0.330970929109   -0.370352138139
0.492179751986   -0.673364465204   -0.551669350888
0.8753366556   0.0795069665145   0.476932251617
-0.48320064417   0.179346401433   0.856943374141
-0.0174030983046   -0.980567922832   0.195406301743
0.161106376995   0.635421647916   -0.755171014503
-0.481922293907   0.718391243859   0.501661891769
0.861275121214   0.283113193577   0.421961528515
-0.637023900512   -0.741201016755   -0.211709971359
-0.670068670047   0.396679670554   0.627417751938
-0.381061722865   0.541540497827   -0.749349936896
-0.088488969877   -0.981010165124   -0.172593786518
-0.806907871191   0.172191701851   -0.565021766376
0.584011341183   0.0892690595469   -0.806821883085
0.0708207082909   0.46677657957   0.881533964976
0.729178859006   0.578813843926   -0.365064179366
-0.680647264169   0.668650348271   -0.299371554604
0.807686207486   0.170262726218   -0.56449410458
0.10144303234   0.9029934545   0.417507044518
0.580820369163   -0.394478675081   0.712063391409
-0.150569680877   0.917438942057   -0.368285912301
0.982595987424   0.179875807579   0.0463657938787
0.108783505636   -0.354894982978   -0.928555665281
-0.622961180139   -0.671510738936   0.401239070688
-0.741153774304   0.342601893687   -0.577334447517
0.250220996697   -0.657036763772   -0.711120415548
0.40129618733   0.907337158773   -0.125302395763
0.882346536066   -0.419654039129   -0.212967539024
-0.245817005854   -0.0250970654662   -0.968991366638
0.121957585287   -0.203454991068   -0.971458817499
-0.596077289054   0.767586764582   -0.235589423986
0.793610756581   0.607796493762   -0.0276618627314
0.989590413928   0.125304496456   -0.0707784958305
0.0716483347211   -0.00244303182206   0.997426946376
0.124809168076   -0.992115305997   -0.0113954593512
0.678398477735   0.578149917291   -0.453341242829
0.693126856545   -0.299036370498   0.655860373529
0.243620134738   -0.759157652906   -0.60359705607
0.217661178519   -0.656699260591   -0.722059052171
-0.96737807265   -0.046899041228   -0.248956995398
0.129625839393   0.752692501717   -0.645484516554
0.310001464042   0.907975409847   0.281921814675
0.938575440398   -0.339548023993   0.0615109498121
0.151576374012   0.245536370784   -0.95746381319
-0.545101551559   -0.342889790816   -0.765045554152
0.692713168499   0.329812886314   -0.641384111771
0.472246307303   -0.879574729058   0.0577411877977
0.817286031075   -0.454111900468   0.354719499138
0.344947946475   0.878663499032   0.330092969077
-0.461578222448   -0.147420608683   0.874764372384
0.985478587823   0.150231023349   0.0791365376535
0.121389238511   -0.297440763511   -0.946991846792
-0.118729123394   0.942846511761   -0.311357933091
0.923252978325   0.1777082687   0.340622545963
0.0286871098007   0.852230941573   -0.522378684845
-0.383120082108   0.492059154864   0.781726818021
-0.841140742677   -0.369356426168   -0.395041330931
-0.533511859776   0.686353051409   0.494251465688
0.088582832276   0.626494410433   -0.774375504998
-0.630623853776   -0.510872743283   -0.584228183112
-0.773216928338   0.348883389203   0.529543154405
-0.0667016604305   0.78567767616   -0.615029635584
0.605101672166   0.596149156298   0.527691484116
0.791741607169   -0.380947469876   -0.477519409437
-0.0836501431102   0.706743052569   -0.702508056321
-0.148528142772   -0.93071599968   -0.334226364715
-0.952042080325   0.225998484563   -0.206253871221
0.267498434055   0.287563054029   -0.91964793189
0.427192550828   0.892832702655   -0.142675467723
0.42649582912   -0.0598433928425   0.902507659334
0.79725016887   -0.446395040837   -0.406354075325
-0.261252320519   0.123299760422   -0.957363384711
-0.690727929187   0.668929210596   0.274642870516
0.674271762086   0.73302861306   -0.089592771422
0.0566758376787   0.991476955704   -0.117307621381
0.988558488944   -0.0721792967443   -0.132446274477
-0.139784640293   -0.108458969178   -0.98422377965
-0.424895070885   -0.904926027754   -0.0239016023442
-0.135116112549   0.0895060982946   -0.986778171309
0.895101133074   -0.416048563916   -0.160300054494
0.660776402124   -0.68741015098   0.301400182478
-0.0976297219756   -0.476858509044   -0.873541894501
0.744206438467   0.547790369019   -0.382208664869
0.49222820804   0.426407054343   -0.758873113387
0.705283332437   0.315598568383   0.63480150213
0.510183103603   -0.847687766885   -0.145391269888
0.257220385702   0.630264992952   0.732532333531
0.844684599997   -0.514859810337   0.146380033656
0.469409743761   0.581106897554   -0.66480753568
-0.476768280729   -0.424923614988   -0.769501008123
-0.858341467389   0.036246070539   0.51179689842
-0.189583241446   0.90450321243   -0.382010490646
-0.716347695859   -0.0424954263047   -0.696448601575
-0.662254154184   0.355689761905   0.659472842675
0.219695132305   0.933637581561   -0.28294048266
-0.465122872645   -0.0670127221123   0.882706120098
-0.255934234181   0.964728316327   -0.0616193599583
-0.847442309044   -0.254575279284   -0.46586805654
0.0602743409176   -0.94279608417   -0.327872574587
0.253376123591   0.332163161502   -0.908551961008
0.965487142062   -0.0283137692789   0.258903911221
0.912752161313   -0.320486611077   -0.253321534163
-0.391096606041   -0.506403494372   -0.768504081425
0.118012339581   0.800526958037   -0.587562109004
0.843549474307   -0.509909397065   -0.168572272508
-0.17965124413   -0.563719853429   0.806191389499
-0.506112274852   -0.649778064269   -0.567131404404
-0.652548494748   0.0296944921486   -0.757164691627
-0.299332617184   0.907860904086   0.29357885616
0.696117890447   0.418218600292   -0.583534720314
0.543174625646   0.743284744485   -0.390498714133
0.175479721889   0.354320962713   0.918511680842
0.821077538561   -0.567436894511   0.0620267324304
0.465240588872   0.0892282823163   -0.880675686529
0.865106481675   0.164865495909   0.473719736139
0.187462333743   -0.982271819141   -0.000489899116756
-0.0975790752595   -0.584062483862   -0.805822196331
-0.795475575302   0.532349082158   -0.289522183887
0.59807775937   0.612760557485   -0.516553573135
0.0351166692438   0.991583296432   -0.124617074362
0.992460840412   -0.0199502124242   0.120927665972
0.117423716659   -0.127924143092   -0.984808176727
0.567298309771   0.12917115011   0.813318778907
-0.517000682728   0.824603660832   0.22964993868
-0.641001494696   -0.550766388096   0.534577836738
-0.757293889127   -0.604841230677   0.24632035751
-0.610143846818   0.52076482556   -0.597100213236
0.23287575881   -0.602470965383   -0.763412265105
0.660274912088   0.746259077902   0.0844658092418
0.730939435359   -0.664376096361   0.155987688855
0.172524276897   -0.0412553740293   -0.984141058938
-0.145103428293   0.975500411074   0.165360322661
0.500824712303   0.216552245767   -0.838021357829
-0.853299300283   -0.0387832002915   -0.519977202623
0.111432435768   -0.962478937087   -0.247421302564
-0.932482201597   -0.0151851496952   -0.360896904227
0.343598528814   0.270931591808   -0.89918659696
0.205785043906   0.800009745947   0.563593015432
0.844765671964   0.145495286688   -0.514977920395
-0.493987489847   0.582078779386   -0.645880016949
-0.185610067686   -0.938012757857   0.292713082984
-0.980089524801   0.155347182334   -0.12365986465
0.0705223810541   -0.309837545894   -0.948170478443
-0.370863127502   -0.433819565208   -0.82111720816
0.494442638602   0.656206129943   -0.570011452882
0.786103912868   -0.617403566662   -0.0288568494285
0.968085907044   0.214064170183   0.130331149406
0.204484180871   -0.374000291565   -0.904604907952
-0.144899610886   0.902385921189   -0.405837147989
0.339819904977   0.93524516224   0.0991898405303
0.9348529932   -0.324368489761   -0.144341171259
-0.102820324168   0.141777921845   -0.984543608663
-0.868524098686   -0.396832695163   0.296968279087
-0.484523656942   0.805988225617   -0.340029195003
-0.104418257971   -0.439211611459   -0.892295046667
-0.404202493936   0.912313296814   -0.0656105447777
0.914383802617   0.404828086327   -0.00405726049715
0.0228594978427   -0.0616331753778   -0.997837023601
-0.48118241518   -0.307600668916   -0.820883070491
-0.87656844962   0.15842305048   0.45445791282
-0.00974371939482   0.938235615331   -0.34586464884
0.148247454613   0.917632830688   0.368744528846
0.943125119953   -0.018996097247   -0.331894521996
-0.297552596399   0.396974751919   -0.868258696357
0.745847894318   0.294269701824   0.597592048853
-0.0683571049942   0.926205064146   -0.370771471537
-0.662599592862   0.235689457755   0.710923522032
0.835216111795   -0.545889602978   0.0664721467353
-0.490333160877   -0.793978150616   -0.359404554879
0.248972681785   0.26758696546   -0.930811114792
0.239022368697   0.96832173501   0.0722449786097
0.586908137964   -0.0847967683192   -0.805199051139
-0.773566517514   0.234861005427   -0.588583894948
-0.684530182536   -0.091676449668   0.723197142403
-0.727873590443   0.0312019597918   -0.685001180472
0.0402332516605   -0.995299959554   -0.0880876654968
-0.787987108894   0.356007849619   0.502329309309
0.518536711648   -0.0561555937839   0.853209372045
0.331957832645   0.932794170695   -0.140353259368
-0.454589099805   -0.200651740243   0.867801883576
0.657478646777   0.581689642834   0.478912127383
-0.600885229501   0.788272716679   -0.132503622502
0.182973800311   -0.123320702058   -0.975352530309
0.751493017938   0.65719680711   0.0578842487752
0.633860235326   -0.743561931993   0.212924451775
0.216271346037   -0.692126163934   0.688612799359
-0.597502358164   0.463976900384   0.654000024717
-0.77215098668   -0.552889205483   -0.313202104271
-0.255426127899   -0.863438223851   -0.435007967893
-0.913381087225   0.0679763667956   0.401390342471
-0.317005501587   0.499853629698   -0.806011084625
0.139551837151   -0.212309916928   0.967186461964
0.756867504687   0.652679885375   0.0340660301411
-0.638495680002   0.727278085215   0.251773189294
-0.168427009042   0.181975313591   -0.968770974819
-0.933274681894   0.286849523919   0.216138015461
0.317223240865   0.94053296531   0.121519799724
0.126132481791   -0.98372891653   -0.127936983345
-0.839460979992   -0.0371261803809   -0.542150107226
0.528578959093   0.175780813734   -0.83048485095
0.414204677674   0.909988863292   -0.0188305893185
0.0439850942488   -0.0406768289813   -0.998203595584
-0.909120252714   0.412632252056   -0.0568743997109
0.462403469664   0.840165728885   0.283380154013
-0.0290370344758   0.333778174032   -0.942204144329
-0.886193892052   0.427449818071   0.178736202204
0.215267878479   0.940009341894   -0.264655629978
0.895917553448   -0.0822659568793   0.436537095411
0.388576765582   -0.331082067467   -0.859880089743
0.173302879266   0.557702721   -0.811747407525
0.891213529877   -0.439601353236   -0.111755135754
-0.41917135255   -0.70407275277   -0.573216418766
0.950695292581   -0.248240998373   -0.185889402356
0.0282112610422   -0.527689015934   0.848969083768
-0.308840716118   -0.812355086874   -0.49466827389
-0.837649755893   0.411001202957   0.35975209141
0.470478231591   0.877501697768   0.0929572409867
-0.27747754811   0.247121076035   -0.928406207864
0.710684141352   -0.36378019271   0.602156025344
-0.680755180176   -0.571537642519   0.458166265591
0.177483216471   -0.735532401499   -0.653827937919
-0.415589275911   0.637247323056   0.648998927194
0.906955626168   0.344208416959   0.242798735713
-0.0686676809224   0.689518370429   -0.721004149467
-0.0374482130831   -0.477123313382   -0.878037978559
0.326745201789   0.824511241956   -0.461972658349
0.944370118689   -0.304194851668   0.125021326787
-0.207371721661   0.692677591535   -0.690793068861
0.741891199756   0.571630764231   0.350479440202
0.6376478319   -0.439813761113   -0.632431465629
0.0602228658706   0.838912078322   0.540924468686
-0.067279071224   0.544087368495   -0.836326636844
-0.995914796834   0.013972893936   0.0892078422921
-0.891231340943   -0.285468793976   -0.352439768024
-0.421461852015   0.234184787168   0.876086297471
-0.167559331926   0.929335709518   -0.329026861901
0.406419843116   -0.913430115019   0.021638184421
-0.148283835697   -0.0425716741525   0.988028004133
-0.901573452426   -0.404762717968   -0.152748843298
0.347935171229   -0.931252904705   -0.108208473412
0.0068764381319   0.11795198166   -0.992995442797
0.93749333909   0.344753915561   0.0474433773058
0.958182191119   0.185587162424   -0.217817163964
0.177957178829   0.209631160512   0.961450184162
0.224094074614   -0.960006572511   0.167838276847
-0.646663859105   -0.0197094637878   -0.762520853852
-0.410189929383   0.851802190682   0.325848598859
0.643094656606   0.523492716838   -0.558914362822
-0.664516841538   0.307718325862   -0.680976029119
0.546644262767   0.821503232539   -0.162211761132
0.509508557621   -0.480043786955   -0.714115250912
-0.601292997444   0.0511645741894   -0.797388494903
-0.439586261865   0.812169009543   0.383595306268
0.667240694079   0.581174351601   -0.46586024322
-0.320069161103   0.0260040016332   -0.947037183975
-0.232705951844   0.966841202977   0.105195179479
0.918370064793   0.254050935263   -0.30340476499
0.945148449001   0.272323301507   0.180373028756
0.108157255544   0.260140105435   -0.959494212075
-0.308214889516   0.926373118343   0.216417276193
0.480242826849   0.856599062031   -0.188692685949
0.727263592297   -0.26859861105   0.63161902206
0.490361652378   -0.440559835477   -0.751965869213
0.963122518644   -0.262089587649   -0.0608610092794
-0.26881298755   -0.927534608848   -0.259651967242
0.0116013848078   0.266436886361   -0.963782553668
-0.428241730085   0.797678729337   0.424638594506
0.682567242608   0.593477337971   -0.426481753004
-0.592208789616   0.107207141042   -0.798621136172
0.620581147939   -0.698112624803   0.35709642942
-0.575983220324   -0.71484755923   -0.39653065338
0.532092498274   0.0403979238997   -0.845722095685
0.978603115695   -0.168377859964   -0.11825751425
-0.158682045827   -0.983474202353   0.0871701561507
-0.130980730395   -0.0665396428085   -0.989149462452
0.617003407946   -0.359164322488   -0.700219815963
-0.0487293334725   0.870633431484   -0.48951290308
0.785450350611   0.336152375678   0.519681955978
-0.626328445623   -0.384012433021   -0.678429556243
0.00427179291769   0.86855477183   -0.495576370363
0.779560108833   -0.313286830816   -0.542361432209
0.666696097718   0.744193915194   -0.0411305204525
0.745166758383   -0.666688360616   0.0159085260567
-0.0155822118252   -0.0412552492251   -0.999027095795
-0.380827757916   0.843110586007   0.379650063548
0.621496475609   -0.0706079393008   0.780228296052
0.684625271075   0.533084048643   -0.49710059141
-0.811834231542   0.0319416002885   0.583013365667
-0.131305666061   0.962939669003   -0.235597133194
-0.568932045534   -0.267818821743   -0.777553266606
0.902707576411   0.2365479574   0.359394070413
-0.259066923432   0.965741740973   0.0150738120426
-0.343516176011   -0.106714359276   0.933064137168
0.456696805366   0.097176083027   -0.884299061028
-0.483627169522   0.861421158256   -0.155107533959
0.746681177845   0.49850816952   0.440405285876
-0.0437011987327   -0.811435671691   0.582806695842
-0.693685791997   -0.39516666083   -0.602200178452
0.718951678482   -0.430600956401   -0.545612691299
0.156890106981   0.874650934345   0.458662509376
0.649178207213   -0.441319261366   0.619520030033
0.744280330075   0.200557112523   -0.637042974707
0.623352974881   0.299419458203   -0.722342765213
0.433552474834   0.636437697227   0.637949310162
0.650740604213   -0.710841092524   0.266911284646
-0.147134116345   0.795980514788   0.587167806575
0.894753144949   0.360151824828   -0.264021158509
-0.421625215805   0.486523773947   -0.765196684304
0.169465333376   0.0222778439499   0.985284161721
0.871661038475   0.463120559084   -0.160393813706
-0.459878479247   0.886015146111   0.0590642332786
0.932257494267   -0.271583320879   0.239036541498
-0.258197959939   -0.96223332607   -0.0862609680997
0.253435952134   0.0186986885866   -0.967171490706
-0.229279341805   0.555096421198   -0.799561566894
0.727188481087   0.643718588847   0.238376214545
0.647014411782   -0.526777248806   -0.551251094294
-0.738705229615   -0.673440492309   -0.0281521313307
-0.345355144686   0.414031352576   -0.842204180593
0.578830254236   -0.612418126027   -0.538423276567
-0.9079732357   -0.367729590371   0.200888718187
-0.0728585242204   0.610667132457   0.788528135579
-0.412641447479   0.701327265631   -0.581261033009
-0.680494603735   0.648443429108   -0.341244806305
0.730270074751   0.638462379004   -0.243046017074
0.0602703617535   -0.41459241158   -0.908009027243
0.936920941875   0.349180362177   0.015881192916
0.237138425804   -0.66835548109   0.705029095477
0.256796621134   -0.656790478868   -0.709000326292
-0.377741587346   -0.193478045726   -0.905471242823
-0.587311620121   0.806082784301   0.0727715243635
0.715805131742   0.559282468623   -0.418122930214
0.341736310438   0.317600831779   -0.884503221279
-0.512696187184   0.851779991154   0.10776573392
0.787628628509   0.416653987637   0.453916898321
0.99999999909   1.71731341661e-06   4.26199349964e-05
-1.71650539508e-06   0.999999999819   -1.89587989866e-05
-4.26199675468e-05   1.8958725812e-05   0.999999998912
-0.525760292709   0.824955043295   0.207424016578
0.284373922948   -0.0593558843133   0.956874054528
0.801690101011   0.562072647282   -0.203388477391
0.940142059858   0.145077931762   -0.308359043399
-0.0157725389574   0.92240969961   0.38589062093
0.340417586128   -0.357928397899   0.869484402433
