0.103849603798   0.197242394636   -0.9748388059
0.722274724956   0.658871601865   0.210255639454
0.683764931406   -0.725936395279   -0.0740396415226
0.613985481499   -0.24859740632   0.749146953595
0.564778047301   0.801398022069   -0.196944072039
-0.551405101351   0.544022554492   0.632449108158
0.899769339999   0.16827576953   0.402614456008
-0.108570195707   0.979969295375   -0.166951168687
-0.422643641146   0.106505612578   0.90001605935
-0.711982454664   -0.52434295019   0.467060440221
-0.701550218264   0.559707051117   -0.44108424159
-0.0301376091693   -0.641710594826   -0.766354511296
0.706972398847   0.271368149116   -0.65310746046
-0.589570726546   0.736192655009   -0.332305180678
0.390635873498   0.619983630712   0.680458604163
-0.0459940628298   -0.55012455245   -0.833815041252
-0.996260156569   -0.0358577377263   0.0786124870402
-0.0731453802936   0.834312411197   -0.546417929724
-0.758931885113   0.385729716895   -0.524628420151
0.649758115239   0.395562792778   -0.649110521128
-0.0428577345078   -0.833512244938   -0.550836229838
0.566470139354   -0.809363800264   -0.155054248675
-0.786030151937   -0.587177590116   0.193336695622
-0.247524102778   0.0123578497355   -0.968802922192
-0.910140413876   0.388270320522   0.14453575762
0.384937307307   0.921503966023   -0.0515141732683
-0.153191698445   0.00875207436882   -0.988157732713
0.826296720659   -0.533728996736   0.179908553079
-0.476641989442   -0.83280660355   -0.281505905749
0.300076895692   0.146855436109   -0.942543016283
0.74859371923   0.176690586522   -0.639052329757
0.559389703851   0.349110794189   0.751801045901
0.35593623412   -0.920272834558   0.162503252977
0.248132521801   0.13793013084   -0.958856366004
0.398174669258   0.887812662946   0.230750099185
0.883112215056   -0.439048920417   0.165374910716
-0.0513336336993   -0.98248810714   -0.179114425381
-0.998139974913   0.0445680712186   0.0415966045491
-0.0328853848002   0.180916572918   -0.982948495656
-0.568806893333   -0.611579415388   -0.549935756946
-0.730364238186   0.683045083705   -0.00418248790253
0.378188838642   0.399274382223   -0.835196485878
0.668959360871   -0.662439603389   -0.337145584821
-0.451855667137   -0.00227869522055   -0.892088147901
0.590186266851   0.749111860412   -0.300851443426
0.773347506606   -0.298443233078   0.559343606972
0.482884047401   0.848966386882   -0.2146603613
-0.410799988798   0.436105159999   0.800659514794
-0.379673020457   -0.577409394482   -0.722804806794
-0.878884436986   -0.0187853595896   0.476664721483
-0.288808836403   0.816238630209   -0.500343836371
0.700359535951   -0.70193759925   0.129538130137
-0.685292501808   -0.711999899411   -0.15306969064
0.199676506794   0.0184323082232   -0.979688492652
0.0154896579435   0.891301628775   -0.453146198306
0.952321510698   -0.151258927808   -0.264961274569
-0.304702823681   -0.427436712627   -0.851148662655
0.463691668247   0.166584105283   0.870195249738
0.791418619641   0.363661627519   -0.491331648844
-0.398304663899   0.916515115281   0.0367891040846
0.726421254254   -0.406859452363   -0.553875028677
-0.487930170014   0.262232979619   -0.832561117031
0.483979659241   0.875042427785   -0.00802739180191
-0.542687523924   -0.0144865092645   0.839809735924
-0.572568261577   0.737920278554   -0.357266354916
-0.614537091914   -0.674732394042   -0.408754644264
0.981392814929   -0.173526689315   0.0821987280981
-0.183143890889   -0.717371669405   0.67218762495
-0.0576754543568   -0.6747343003   -0.735803755042
-0.318646364784   0.653741800902   -0.686357160646
0.779358533466   -0.231442066738   -0.582266988643
-0.539504189539   -0.720455569416   -0.435751077995
-0.141904968733   0.778701048339   -0.611136365436
0.616729258387   0.552464594847   0.560738703219
0.774279020568   -0.29733406928   -0.558645191105
0.830541896712   -0.377423202012   0.409575248751
0.228080898284   0.901373633038   0.36810959985
-0.508113433836   -0.212314154607   0.834711589778
-0.0177075147302   -0.52466311711   0.851125758911
-0.56190636684   0.709333410009   0.425567090308
-0.827011293056   -0.470717247393   -0.307372077757
0.832133945649   -0.0969470226066   0.546035137429
-0.0943633948838   0.945491494673   0.31167512446
-0.546487553569   -0.310881180371   0.777627317862
0.762954976478   0.645353400362   -0.0376655347713
0.63009165698   -0.729358173676   0.266497951786
0.144513693723   -0.227058677752   -0.963099241613
-0.874498928054   0.41814682428   -0.245773998171
0.320869095407   0.878742487314   0.353347795526
0.363723313035   0.23014098795   -0.902629756445
0.779739648302   -0.263028751319   0.568174231056
-0.588619710583   -0.617240110127   0.522055057152
0.213384435162   -0.741505578108   -0.63611049386
-0.255451985547   0.455579301937   -0.852755406181
0.884869497118   -0.245213712168   -0.396076013511
-0.389551352448   -0.855755651489   -0.340487898167
0.981064888491   0.115068131025   -0.155791558798
0.192816078933   -0.504408025584   0.841661751198
0.0182659320891   -0.855763909584   -0.517043989208
-0.00227181113148   -0.394945184328   -0.91870187779
-0.746715015666   0.611738717876   -0.261136796397
0.665140229018   0.685415233584   -0.296301254332
-0.220011804884   -0.975029873363   0.0301919155786
-0.974212740189   0.218029082512   -0.0580762949613
0.0500434068684   -0.0421908192826   -0.997855496656
-0.489451567935   -0.87052558733   -0.0512090283687
-0.0798710161898   0.103229541749   -0.991445551992
0.868365005948   -0.481174462744   -0.120055624404
0.943733430528   -0.292103277252   0.155057690953
-0.297660842972   -0.545971828397   0.783142889369
-0.144101473504   -0.785232728576   -0.602199574326
0.0456900229214   0.128880091125   0.990607058294
0.735897338498   0.666261914812   -0.120624077498
-0.675549797589   0.734496414553   -0.0644009938881
-0.738761021599   0.575161621249   -0.35131362399
0.651797259326   0.742314798929   -0.155335353433
0.171442368435   -0.343740961674   -0.923282007604
-0.234398917757   0.907762524466   0.34788553654
0.921182344277   0.321742982067   -0.218871062693
-0.310612678348   0.269162873867   -0.911631017127
-0.750597446173   -0.12402924657   -0.649014806973
-0.537426938895   0.686032279427   0.490440615071
0.384416127426   0.716921514224   -0.581590735231
0.66414707696   -0.739101493035   0.112417272499
-0.176743135225   -0.301335874024   -0.936994426434
0.72640933661   0.602433128248   -0.330762455044
0.0316168697548   0.251357564187   0.967377769252
-0.924746788389   0.374618408934   -0.0671150134706
-0.379267387053   -0.89245751865   0.244286361675
-0.310223565846   0.0458328851408   0.949558152945
-0.941139107794   0.126228658828   -0.313565791287
-0.134233077019   -0.990941810766   0.0039760159791
0.842350621635   -0.463245803358   0.275406528415
-0.502739502997   -0.491326495031   0.711232217575
-0.194160815687   -0.737564641819   -0.646761143461
-0.00919681479567   -0.992033307627   0.125639703755
-0.441934739585   0.116740707871   0.889418514017
-0.897000058277   -0.0473447324126   -0.439487624136
0.753617178575   0.560427701395   0.343484991912
0.27592132886   0.204571690058   -0.93915805055
-0.59659749282   0.802540475704   -0.000465216221287
0.79820084792   0.502619681559   0.332037440794
0.376599715076   0.0138375323306   -0.926272733759
-0.470157485301   0.864396887089   -0.178241298828
0.565379584285   -0.789082010575   0.240198889
-0.102209881642   -0.355988662904   -0.92888385282
0.81847361948   0.500621266549   -0.281920701159
0.0836441455932   -0.993676229412   0.0749079969721
-0.948717333852   -0.10240568081   -0.299079415856
0.30485911067   -0.0460502729676   -0.951283498755
0.662643206613   0.636364641467   -0.394897485205
-0.231298185143   0.675390649377   0.700248970213
0.712323753837   -0.372676151404   0.59473301228
0.566892528019   0.818731807045   0.0911651787054
0.818225302647   -0.572446663754   0.0530299091546
0.09560447575   0.0445313966759   -0.994422816978
-0.897287226537   0.409432100454   -0.165048442107
0.439473874934   0.863805083492   -0.246380784529
0.0416934811944   -0.293608809222   -0.955015979345
-0.170316924676   0.86912971995   0.464333581669
0.729544674453   0.427975928292   -0.533480245911
-0.66238713238   0.247891376817   -0.70696050254
0.840193843189   -0.27290358767   0.468612780133
-0.454182304971   -0.826286215839   0.333120884009
0.296298396417   -0.492721748401   -0.818188571742
-0.199470045951   0.81782160603   0.539795814621
0.637061147204   0.52679320491   -0.562709528962
-0.744556777885   0.23163924532   -0.626081835336
-0.512421922027   -0.834035091528   0.20447307872
-0.856991390969   0.511834653323   -0.0599253156909
-0.0546765912033   -0.205938713593   -0.977036190021
0.368276214904   -0.616535068894   0.695885865841
-0.74078475607   0.257694740681   0.620347778027
-0.561792287796   -0.743960973003   -0.36181693692
-0.311053467064   -0.335886738223   0.889058963008
-0.379061106458   0.901684030336   0.208035061967
-0.871526487371   -0.272297646928   -0.407793542468
-0.696418167325   0.696229447089   -0.173972104742
0.701378899293   0.711646737403   0.0403306430674
0.151886062062   -0.0939333707993   -0.9839243599
0.262238225048   -0.789556019946   0.554826463608
-0.615578751815   -0.579645758698   -0.533922835996
0.743164795766   -0.201524405104   -0.638039184177
-0.377089650502   -0.875584364269   0.301919553177
-0.844816403947   0.191571370981   -0.499585481651
0.379590093607   -0.443455105848   -0.811947615311
0.315352611734   -0.9307486751   -0.18509358193
-0.819467944161   -0.168725174838   -0.547726303794
0.478565584601   0.324405177478   -0.815926627865
-0.855758610618   0.435914422244   0.278667931928
-0.202891037139   0.212723967223   -0.955815746149
-0.475933216801   -0.874486780927   -0.0935972371742
0.81572530307   0.226950923162   0.532057805513
-0.467077912308   0.80102942522   0.374419662633
-0.341219070049   -0.553936041803   0.759423734042
-0.941804820467   -0.0297785973334   -0.334838640929
0.194996950062   0.762968245773   -0.616324302158
0.27382452371   -0.645749712431   -0.712760436096
0.614502962882   -0.78799796677   0.0380172722542
-0.541685807572   -0.386406493953   0.746502851538
-0.573552608309   -0.479321630897   -0.664295250408
0.805241336747   -0.45367242618   0.381795389335
-0.585801988682   -0.708336601153   0.393821392909
0.0917737416164   -0.540777763208   -0.836144121045
0.87021287587   0.394087989912   -0.295675847638
0.429523706249   -0.900820467977   0.0634970097243
-0.241327446511   -0.182255701367   -0.953175704096
-0.275860274746   -0.891973395642   -0.358168354489
0.0148906558462   0.368616622412   -0.92946223914
0.961082398684   -0.261735070416   -0.0884046138359
0.683193096658   -0.241397508424   -0.689183890994
-0.615796571943   0.316802630669   -0.7214088128
0.392481559647   0.917258598285   0.067785612113
0.923043917058   -0.203573517112   0.32641652886
-0.370932352778   -0.246058801156   0.895468735376
-0.101976060156   -0.94763542014   -0.302635083311
0.902641411575   0.382346826196   0.197609176426
0.365992593174   -0.923481679244   0.115026126778
0.226468328583   -0.0315038505279   -0.973508912928
0.0821941154181   -0.142484760693   0.986378335306
-0.317185172194   0.934524213802   0.161425092096
-0.944795053931   -0.326132774784   0.0316183377347
0.429966054182   -0.324372504687   0.842562561761
-0.877124167421   0.0710927942534   0.474972640871
-0.213968192041   -0.943254097713   -0.253947474887
0.89719034895   0.239485144955   -0.37107457889
0.392961820582   -0.816360946494   0.423244388763
-0.201570050646   -0.525548922937   -0.826539681018
0.102244495159   0.0692538477739   0.992345689608
0.959352287302   0.256917919076   -0.116774875845
-0.263038499015   0.963948695392   -0.0401703943017
0.573984661959   0.180186058304   0.798795713696
0.726205998276   0.338735018499   -0.598233595927
-0.378373434447   0.923467147017   0.0635765087425
0.872995726159   -0.387357799139   -0.296365310984
-0.485147836503   -0.752091654181   -0.446082638574
-0.0501002878684   0.533209226428   -0.844498597984
-0.611852341868   0.648201642159   -0.453289469155
0.750722265151   0.656380013017   -0.0747084942713
0.249103978994   -0.386005064231   -0.888227053197
0.844472304873   0.535526854688   -0.00880421556542
0.258779535269   -0.422351252723   -0.868707414187
-0.468934620635   0.731321001507   -0.495247326434
-0.385072813288   0.867253691731   0.315578774065
0.516284458056   -0.0810009842031   0.852577972343
0.764963585298   0.491233014702   -0.416558325365
0.363725242604   -0.92226466596   -0.13088863143
-0.69686113266   -0.176161614259   -0.69523495848
0.618133084137   0.344085703897   -0.706764825619
0.062295116895   0.683341200215   0.72743667931
0.981560312385   -0.173919038145   0.0793191099539
0.180717103419   0.709081780997   -0.681574908738
0.139676703334   -0.156006222543   0.977830495046
0.826315444327   0.562496570061   -0.0282912551988
-0.545612687702   0.811948069264   0.20747801765
0.435671717905   -0.642131058476   0.630759746632
-0.865439939264   -0.106231567695   0.489620838586
-0.247394150613   -0.759198628681   -0.602007953841
-0.0881204747478   0.285126026823   0.954430684108
-0.727224787114   0.63636917726   -0.257251587444
-0.68071939222   -0.716754783077   0.15127356014
0.384164793633   0.689854148539   -0.61361116766
0.768388315195   -0.607351730541   -0.2017505204
-0.511856238025   -0.393986204268   -0.763399019153
0.822279654185   0.538102475198   -0.185207711761
0.35479795634   -0.230289783567   0.906137420998
0.444943345255   -0.810809682812   -0.380280262095
0.950406855901   0.194537759466   0.242655864136
0.2807360419   -0.200847957259   -0.938534694544
-0.13384350203   0.960112055036   -0.245501036166
0.346790299811   -0.251005528143   0.903732655585
0.78789331659   0.600721038271   -0.135493010276
-0.50888172457   0.759032580989   0.406089807026
-0.535644400876   0.0809780113018   -0.84055198388
-0.812251055444   0.222814049719   0.539075247283
0.230940033016   0.971491873866   -0.0535746230653
-0.68336562946   -0.426688680796   -0.592408799868
-0.381470623117   0.900540508866   -0.208583210232
0.622488216899   0.0834479572714   -0.778167628635
0.206281382868   -0.339226679138   -0.917808940493
-0.977618213863   -0.111097622707   -0.178661540798
-0.0413596302093   0.934121286771   -0.354551551401
0.88583382956   -0.434942955626   -0.161626271915
-0.280988355921   -0.225645216226   -0.9328074723
0.369247843945   0.871727515852   -0.322098072034
0.266326845696   -0.28966973739   -0.919326631019
-0.0965464046896   0.940960829799   -0.324455711193
0.959035350236   0.17516894709   0.222636558031
-0.495798764346   -0.860122352311   0.119887966183
-0.186144036944   0.240095471295   0.952735305438
-0.84825348976   0.450048557128   -0.279145684952
-0.706928947526   -0.681879499954   -0.187861147371
-0.627542552091   0.727216915308   -0.278111314774
0.326254208347   -0.078714075188   -0.941999090181
-0.165872088765   0.974740379646   -0.149558156865
0.661349911354   0.22245182789   0.716331961388
0.731507173409   0.0199092049539   -0.681543012994
-0.133319210454   0.783245827969   -0.607249504807
0.953812046525   -0.065028614836   -0.293281194677
-0.269199866312   -0.618301910249   -0.73839974252
-0.700687287518   -0.708209289899   0.0864692246891
-0.711599078472   0.702467551442   -0.0128876176731
-0.0516146939818   -0.0705616104747   -0.996171161247
0.557140326924   0.360977327066   -0.747856955213
-0.0510028920294   0.913752953654   0.403056130947
0.828850626543   -0.186415957024   0.527499506963
-0.63392104994   0.20301978185   -0.746275465648
0.133008404613   0.979172550768   0.153394524431
0.761874574161   -0.00202089110535   -0.647721428744
-0.0112284175958   0.908806049113   0.417067725596
0.92530590126   -0.148668229393   0.348864940432
0.379055288489   0.389832428955   -0.839254291382
0.226502703173   0.729895966295   0.644940620416
0.884531664145   -0.431370945626   0.177546733096
0.407799289603   0.530255585256   -0.743322778981
0.684769135987   0.72874655302   0.00443755381654
0.565396469117   -0.535098880093   0.62769102379
0.459802200009   -0.427314462775   -0.77844992575
0.973708353598   -0.00328710660057   0.227774531199
0.0892078417791   0.925538237626   -0.367995831033
-0.209604396657   0.378639889107   0.901497549236
0.881386940414   -0.180337370683   0.436618247446
-0.301951422537   0.49573352783   0.814293318045
-0.363293820062   -0.849544997113   0.382479931741
0.340676872034   -0.816302195432   -0.466465427015
-0.877836158731   -0.45383707737   0.153086856532
-0.336664443166   0.357327067197   -0.871191379534
0.330815570758   0.76085596029   -0.558264512435
0.907234387986   -0.419264721057   -0.0338061969717
-0.259782261537   -0.495293146923   -0.828973989477
0.400478804965   0.8055394817   0.436718296121
-0.38901074052   0.580991785805   -0.714926002162
-0.829630864002   0.116424603197   0.546038406382
-0.599062149291   0.594566028163   0.536298218751
0.466866553301   0.803518674258   -0.369314718806
-0.65050761924   0.0291372317161   -0.758940616275
0.901287956342   0.402588703036   -0.160007362147
0.202037504187   -0.0638867421511   0.977291835171
0.38322430332   -0.913148848971   -0.138918368046
-0.0450989108389   0.998350822337   -0.0355207512008
0.998244548776   0.0464035728844   0.0368039298059
0.0383915233542   -0.0337985791058   -0.99869101676
-0.49459632946   0.815121332954   -0.301581968204
-0.335511679906   0.141029937343   0.93141959904
0.801752071172   0.561860987605   0.203729838342
0.699350744742   -0.648405466256   0.300797086363
-0.714512217027   -0.645663002522   0.269428244476
0.0195148034462   -0.40334803648   -0.914838528893
0.313931424173   -0.929587799126   0.193167245245
-0.765498579572   -0.368171172886   -0.527694904404
0.561657356039   0.0177907610148   -0.827178640463
-0.926168794227   0.0949745027519   0.364953707338
0.376417655529   0.174244016381   0.909916903564
0.0228279056944   0.980111660278   -0.197129450243
-0.34568610543   0.149357115651   0.926387374971
0.938090970915   0.0782125606857   0.337443514726
-0.0220555387251   0.985685166444   -0.167147557129
0.775222630486   0.467831700836   0.424456561827
0.584546788016   -0.276582940346   -0.762762695564
-0.239447125281   0.839425623159   -0.487882872618
0.35508409052   0.281388902225   -0.89147943014
-0.530752629561   0.845705190647   0.0555371652674
0.769556323391   0.453434687928   0.449644358255
0.999918727434   -0.00455009965554   -0.0119094550948
0.00451033342778   0.999984170818   -0.00336377856554
0.0119245721056   0.0033097895692   0.999923422004
0.722275630351   -0.657961257008   0.213084251124
-0.469913174173   -0.692938494099   -0.54682524826
0.507444107799   0.294827454067   -0.809677250384
0.866584856146   -0.191411614035   -0.460860370514
0.227441687266   0.973511977167   0.0233390061223
0.444185733665   -0.125044089527   0.887165717148
