0.0994942852118   0.208344516527   -0.972981731442
0.710303745923   0.669908615002   0.216081086868
0.696828153718   -0.712611401823   -0.0813358117308
0.612143689704   -0.250851959625   0.749902258633
0.564418324982   0.802805705065   -0.192184688091
-0.553815905853   0.540903220793   0.633017889285
0.900405034158   0.168757784512   0.400988259964
-0.10692706198   0.979271309923   -0.172029953721
-0.421707692459   0.11202013983   0.899785591346
-0.705378835749   -0.530425778764   0.470201224263
-0.708304742458   0.552996169551   -0.438747795747
-0.0272963346951   -0.642529166407   -0.765774888872
0.708655933852   0.245880564357   -0.661324062385
-0.574639593925   0.744996075737   -0.338777484836
0.409385032105   0.620099665545   0.669238597423
-0.0414132766294   -0.542090358241   -0.839299102852
-0.995541029889   -0.0488669315695   0.0806850719336
-0.0847525713626   0.838898126431   -0.537649453788
-0.760201221209   0.381426417504   -0.525935348971
0.648121594294   0.389057752023   -0.654654461986
-0.0450832815589   -0.838539178345   -0.542972876026
0.571537259295   -0.80524633174   -0.157871803876
-0.781777777698   -0.592800634755   0.193419010808
-0.249336454489   0.012874496662   -0.968331337824
-0.907362063182   0.394627633795   0.144786452908
0.391617473129   0.918770793331   -0.0499598244912
-0.152741091526   0.0113692554046   -0.988200839402
0.829440145673   -0.523450975831   0.195008001495
-0.463171539998   -0.839624921643   -0.283728947208
0.312251772264   0.145014022939   -0.938866211907
0.741337514402   0.184869369952   -0.645168199614
0.560617105272   0.357899363661   0.746737240778
0.368954131317   -0.915276658471   0.161683293627
0.249762812492   0.146451547473   -0.957167948554
0.393616122357   0.887785087377   0.238545565569
0.884694798061   -0.436336547718   0.164090010082
-0.0497793055805   -0.976830320276   -0.208145492691
-0.996801582628   0.0355454413724   0.0715760188212
-0.0625190019815   0.211042761044   -0.975475436598
-0.570551283143   -0.607195996418   -0.552977626346
-0.730370651341   0.683041705912   0.00356926389304
0.375539538485   0.405915077225   -0.833188457144
0.672596613765   -0.664460502636   -0.325739214078
-0.441706162091   -0.00731369096868   -0.897129966222
0.593725072338   0.74728759548   -0.29841546226
0.852806707913   0.221994362466   0.47269358148
-0.439112459984   0.794758728263   0.418973521043
-0.282667589981   -0.564869070566   0.77525606524
-0.377684268682   -0.568754999469   -0.730665685384
-0.875726294126   -0.0369067797461   0.481395209163
-0.30076244944   0.821678550413   -0.484134597842
0.701310213816   -0.700436653742   0.132485765622
-0.683499612005   -0.713499564601   -0.154099486391
0.202465464678   0.017517574351   -0.979132713274
0.0167573259897   0.891553054175   -0.452606168337
0.952531808205   -0.151855621306   -0.263861752884
-0.303977542564   -0.426700154521   -0.851777336954
0.462862552406   0.176963360431   0.868586338045
0.786657398419   0.369633179081   -0.494511324873
-0.408568715256   0.912170643016   0.0318798199923
0.734451039577   -0.409775624423   -0.540985774395
-0.47729554178   0.25480549421   -0.840989373255
0.482463093164   0.875875617745   -0.00844191855491
-0.541777296234   -0.0196515482199   0.840292316862
-0.570459882186   0.742814514598   -0.350431333776
-0.617294811205   -0.66920879666   -0.413650459185
0.982760042251   -0.163814875951   0.0857168931512
-0.178415489479   -0.718709041823   0.672030673625
-0.0484831152904   -0.675738114654   -0.735545639585
-0.325097470918   0.648064802354   -0.688711584295
0.775194725166   -0.234503668435   -0.586584322631
-0.541650046125   -0.724582667078   -0.426139866817
-0.139103665295   0.782971517651   -0.606305016361
0.613713221071   0.54866583739   0.567733988035
0.777178391748   -0.293123525897   -0.556841401108
0.82991324746   -0.37824654262   0.410089691026
0.229540746025   0.901476726288   0.366947895315
-0.508483084875   -0.210402625835   0.834970470997
-0.0177519286747   -0.526115342212   0.850227919862
-0.560111359338   0.709636630237   0.427423815627
-0.828227103013   -0.468634718852   -0.30728059834
0.831962913049   -0.0910131430187   0.54731555716
-0.100152571691   0.945615009412   0.30948621352
-0.545717118749   -0.312296112324   0.777601417522
0.758959729928   0.651030284282   -0.0118193609656
0.628278229853   -0.727427002037   0.275892048784
0.171016356638   -0.216816802019   -0.961115955597
-0.873740456341   0.420186331701   -0.244991962333
0.322699905537   0.877653076237   0.354386580924
0.363926346837   0.230583009835   -0.902435088888
0.784477102737   -0.260952439775   0.562582882292
-0.583016070831   -0.619552614828   0.525591874505
0.211395213819   -0.740309652489   -0.63816430638
-0.255693676023   0.456626014695   -0.852122894165
0.885463748439   -0.243172262402   -0.396006566882
-0.38803955244   -0.855780306806   -0.342148172933
0.982002216102   0.109858865079   -0.153631628689
0.188284155819   -0.505441532374   0.842067654061
0.0148567909686   -0.85583870391   -0.517029388572
0.00450922735364   -0.394304889755   -0.918968617957
-0.753673415633   0.602649298734   -0.262278869347
0.657233633834   0.693784892206   -0.29445963036
-0.232220662429   -0.971507506239   0.047399675858
-0.970376399811   0.228059825781   -0.0797393162755
0.0666573824854   -0.0645126436579   -0.995688160109
-0.497303604305   -0.86420990941   -0.0763567797958
-0.0932429502582   0.140742177825   -0.985645672502
0.862551376771   -0.483045413985   -0.150573073985
0.94212550954   -0.293541633328   0.161965532683
-0.304052488813   -0.544566261108   0.781664679581
-0.141250162198   -0.785672257854   -0.602301830408
0.0397929054033   0.121392800998   0.991806590283
0.734617513475   0.669275191983   -0.11139042278
-0.677313541544   0.733031039764   -0.0625448732175
-0.720644070018   0.601483966661   -0.344803077432
0.670342340071   0.731431294642   -0.125097595214
0.176955563534   -0.321286941953   -0.930301794836
-0.236694945878   0.907851104753   0.34609518084
0.919848012262   0.324081745981   -0.221021845668
-0.312818057247   0.266040210351   -0.911793545463
-0.749634937987   -0.132982048457   -0.648354250656
-0.535686252779   0.697223058808   0.476361464454
0.38870001047   0.704411655938   -0.593899419652
0.665968026626   -0.737965013855   0.10906065211
-0.180036073079   -0.300875043821   -0.936515467252
0.723929278247   0.604054506098   -0.333233482359
0.0336310669977   0.2516923706   0.967222777793
-0.926417044849   0.370964027602   -0.0643206748757
-0.374993880366   -0.893888494604   0.245648018263
-0.303593110156   0.0526280706822   0.951347207726
-0.945565302978   0.10618357598   -0.307622018071
-0.117207001827   -0.992952835926   0.0175266755174
0.842376941889   -0.45900952749   0.282331970284
-0.505634896129   -0.492042211039   0.708680332973
-0.186371777873   -0.739732868135   -0.64657624777
-0.00935383187149   -0.99188818534   0.126768819359
-0.443158285039   0.117756788223   0.888675459988
-0.896394578397   -0.0478661317215   -0.440664944353
0.756493784016   0.558692384184   0.339970549608
0.273836794871   0.201478814701   -0.940435907973
-0.593911242966   0.804530364302   -0.000573060871389
0.809589270308   0.496528691477   0.313088600792
0.359796289023   0.00167894810843   -0.93302937336
-0.463801513377   0.868018686255   -0.177289922213
0.557920924358   -0.790580107146   0.252403122696
-0.0886413754093   -0.359167881576   -0.92905389478
0.825146622563   0.4959652478   -0.270465384556
0.0819909471524   -0.993954611359   0.0730185944954
-0.949379584356   -0.100185781688   -0.297726743769
0.303242294862   -0.0449114651782   -0.951854542933
0.661409692688   0.636224508464   -0.397184583346
-0.231397941777   0.676825549644   0.698829140699
0.713436900475   -0.3703046721   0.59488002056
0.564827485894   0.819399273672   0.0977483579652
0.818882837452   -0.571190478504   0.0563234923729
0.1019843601   0.0482313961331   -0.993616084171
-0.89363382078   0.415762225644   -0.168998124506
0.447250586797   0.856234923046   -0.258512415884
0.037222398747   -0.306599948279   -0.951110385154
-0.175914785996   0.867867834292   0.464606726449
0.726376668507   0.432981501436   -0.533763950505
-0.664402681744   0.243582514998   -0.706566794342
0.841631399091   -0.273091523031   0.465915880942
-0.453069654993   -0.826564745947   0.333944020005
0.29391236073   -0.492150120208   -0.819392325693
-0.194014903314   0.817859420318   0.541723348107
0.643690626213   0.522849010651   -0.558830287104
-0.740284131272   0.240280837055   -0.627888942668
-0.512854513691   -0.837496845925   0.188624709029
-0.855499360372   0.516867211185   -0.0311308593939
-0.0714219307631   -0.177333919679   -0.981555698237
0.380980477015   -0.619166631729   0.686648788119
-0.73638481879   0.245887972319   0.63029874159
-0.559098627013   -0.74576925865   -0.362266390919
-0.318163527557   -0.33316309835   0.887566515603
-0.357882207229   0.909154005207   0.21297727711
-0.877890822068   -0.249882661892   -0.408492790394
-0.692451407132   0.701923270308   -0.166777610504
0.703761367866   0.708059956493   0.0580606158419
0.158842644985   -0.0771674841589   -0.984283594056
0.256093564747   -0.789946197521   0.557136510291
-0.61499596196   -0.577813376666   -0.536574010256
0.745785527381   -0.205223553061   -0.633788009022
-0.368794470811   -0.877833363013   0.305612867969
-0.847055978154   0.182012328001   -0.499367281991
0.382735950966   -0.44303509932   -0.810699138148
0.312996036177   -0.933222621323   -0.176434181468
-0.815255007849   -0.168694323492   -0.553986910857
0.487229672245   0.31723455719   -0.81361507005
-0.855372962579   0.434902002619   0.281420224291
-0.197246021243   0.228895622537   -0.953257992852
-0.478989667557   -0.870900133167   -0.110008436974
0.815221886747   0.226709820639   0.53293145206
-0.467123532257   0.801359061586   0.373656607096
-0.342357825938   -0.553557866569   0.759186938362
-0.941691292004   -0.0293223041835   -0.33519802056
0.19762926612   0.758056828639   -0.621524350062
0.272323674481   -0.651529007048   -0.708060568909
0.613798131209   -0.78849769632   0.0390286691889
-0.542685474773   -0.385511066412   0.746239702196
-0.573362302207   -0.479220826509   -0.664532218809
0.80410056344   -0.454897014054   0.382741414642
-0.587380950868   -0.70721371567   0.393487457152
0.091683708662   -0.541218502071   -0.835868787905
0.867146383818   0.395850396593   -0.302257526868
0.432210660044   -0.899656895365   0.0617366663129
-0.247489584378   -0.184173652133   -0.951224984683
-0.277077014213   -0.89073122342   -0.360314051624
0.0159130924096   0.370690618934   -0.928620072211
0.960715931825   -0.263032987757   -0.0885355616138
0.679339685491   -0.239508264898   -0.69363778931
-0.619207238138   0.320161658363   -0.716992962828
0.393801965398   0.916587313655   0.0691932690807
0.924297394621   -0.209639799153   0.318944322583
-0.365524803603   -0.245706283594   0.897786188443
-0.109845092053   -0.946403495777   -0.30373422418
0.899986745525   0.381740290869   0.210471395222
0.364486405526   -0.923826998819   0.117018530325
0.239109845189   -0.0286011639622   -0.970571200559
0.0840386240782   -0.15806657008   0.983845754724
-0.308305836534   0.934767047319   0.176516510294
-0.947567950505   -0.318159593083   0.0298236903736
0.43122218924   -0.326362760045   0.841150861817
-0.876069523813   0.0714796139928   0.476857268147
-0.215753593078   -0.942538070104   -0.255092872146
0.897102353174   0.231884607592   -0.376080970925
0.388787729999   -0.818671981818   0.422634933711
-0.209884418032   -0.525362460548   -0.824586451574
0.0922955486535   0.0561111341461   0.99414942152
0.960848408467   0.2569347582   -0.103705669868
-0.261250583981   0.964798461152   -0.0302003594602
0.572300623614   0.184408013116   0.799040475143
0.72485667876   0.341894927438   -0.598072448672
-0.383477237232   0.921467060346   0.0619973002584
0.871003782385   -0.380161129511   -0.311175074006
-0.486786399693   -0.753282079185   -0.442272665107
-0.0662677308142   0.536696958102   -0.841168807712
-0.598932677602   0.659862692064   -0.453718938686
0.762364431838   0.643258762744   -0.0708423405993
0.245112465553   -0.388328973648   -0.888324539488
0.843835801289   0.536601349265   -0.000363907223516
0.266575429412   -0.419793228993   -0.867589295296
-0.465702352255   0.732005899461   -0.497281290866
-0.382142155549   0.869846264405   0.311985335005
0.520708822964   -0.0762250093568   0.850324684835
0.763432835713   0.487398424549   -0.423807835118
0.368141754679   -0.921322852089   -0.125043395293
-0.692947096588   -0.182210242453   -0.697584223535
0.619916099015   0.343458337812   -0.705507193755
0.0639822386242   0.682931649361   0.727674814406
0.981237529718   -0.175943116356   0.0788475121951
0.181876836053   0.708976996952   -0.681375399058
0.138494813104   -0.15101236207   0.978782127534
0.822549071087   0.567966499229   -0.0287590224892
-0.55157249055   0.809079305274   0.202875492322
0.438451280476   -0.655278312803   0.615118531209
-0.858648717548   -0.10323717896   0.502060220262
-0.265486072177   -0.748299684409   -0.607918356234
-0.0892510104181   0.27725099921   0.956643162609
-0.717662388957   0.64810804484   -0.254787475529
-0.690648211903   -0.709286857095   0.141128316574
0.37896029986   0.690063721522   -0.616604534014
0.768991797478   -0.605492928706   -0.205012020843
-0.514821043216   -0.396472412052   -0.760111123412
0.82054254643   0.54063136266   -0.185546919134
0.355676758889   -0.228829064094   0.906162955859
0.447441585772   -0.809539986099   -0.380053993773
0.945989716528   0.201809086792   0.253725341097
0.292972112238   -0.197035699964   -0.935598351035
-0.138819298648   0.959400867988   -0.245518180381
0.346255212479   -0.258166640231   0.90191868463
0.79081704495   0.597523753484   -0.132566079477
-0.504693698424   0.759154364989   0.411058293763
-0.534121594455   0.0739862083806   -0.842163976565
-0.812786817513   0.229109687039   0.535617718751
0.232576249282   0.970584768237   -0.0622374165445
-0.686322405967   -0.422215250307   -0.592195776309
-0.374700870347   0.9031325194   -0.209644723673
0.623346462917   0.0780124016488   -0.778044505385
0.209075453719   -0.358331153765   -0.909882541265
-0.977638949972   -0.0980685590064   -0.186023227692
-0.0225729518777   0.928429502969   -0.370822221381
0.878515252431   -0.447666326109   -0.166750747256
-0.288599785967   -0.219189721917   -0.93202254764
0.380685059835   0.866920253679   -0.321757919779
0.26707437013   -0.297059754067   -0.916747938821
-0.0903555643558   0.939393234154   -0.33072076381
0.959430639916   0.171160317068   0.22404685459
-0.496193009408   -0.860419135793   0.116066396649
-0.181205709748   0.233371789325   0.955354436234
-0.849091861004   0.453008298864   -0.271710310723
-0.70306979344   -0.685795721397   -0.188087995557
-0.631367819609   0.723692903548   -0.278645397804
0.327211769228   -0.0771544546266   -0.941795969527
-0.171275723055   0.975023762025   -0.141397631271
0.651458074965   0.219745255953   0.726164168089
0.739098777705   0.0322596642898   -0.672824130649
-0.127625239818   0.779285651056   -0.613535387918
0.952336640836   -0.0765213809941   -0.295295446593
-0.277068079521   -0.621979382549   -0.73237621958
-0.729251768744   -0.680984306111   0.0667250523161
-0.680402890343   0.732020468368   0.0346112799785
-0.0724138425282   -0.0201595813113   -0.99717091147
0.553571309174   0.35797031553   -0.751941526221
-0.0556252658528   0.916782574873   0.39549404573
0.830942016903   -0.177107209363   0.527416724169
-0.634319240601   0.193090896374   -0.748568638604
0.140456470571   0.980974356711   0.134019742385
0.760204630898   -0.020130007742   -0.649371774803
-0.0175868157455   0.898858958543   0.437885003709
0.916247239467   -0.160819070887   0.366917187538
0.400227060549   0.407663830856   -0.820748744052
0.224025351154   0.729364190855   0.646405847061
0.884614493754   -0.430520383345   0.179190951005
0.408986356077   0.531676665446   -0.741653614506
0.668375484783   0.743816227371   0.0034104654835
0.57619983225   -0.520648076253   0.630015344389
0.470391288918   -0.419121701598   -0.776575195807
0.972912371094   -0.0049850814417   0.231120460227
0.0916035578912   0.926241127521   -0.365631182849
-0.212250574449   0.376898557509   0.901608102777
0.880334367437   -0.185256894135   0.436682132317
-0.299350325455   0.497151699375   0.814389078057
-0.367968455386   -0.847655632308   0.382203015238
0.364159392747   -0.804040438418   -0.470007351056
-0.865860630583   -0.478162280548   0.147126482418
-0.343035428292   0.353383370876   -0.870314246738
0.3373987303   0.758683251865   -0.557280737285
0.904771811882   -0.424800203279   -0.030541050346
-0.259903953863   -0.493907390784   -0.829762269655
0.401506500754   0.806194913306   0.434559882654
-0.3888049141   0.579646977949   -0.716128563685
-0.829230528035   0.118571255849   0.546184573805
-0.593289779884   0.604317974489   0.531796034932
0.471805653053   0.796308366167   -0.378539841651
-0.652232062082   0.0263205562188   -0.757562251887
0.900085912195   0.4041256245   -0.162873663586
0.204768227414   -0.0623832302715   0.976820508396
0.384597612719   -0.912573729736   -0.138902354506
-0.0494521902056   0.998090112872   -0.0370217161803
0.998104958118   0.0507440120669   0.0348071518305
0.0366193045118   -0.0352302685848   -0.998708092843
-0.499067067991   0.810491227343   -0.306652950477
-0.343191769173   0.140077643563   0.928761359737
0.795708157058   0.568754977268   0.208245779352
0.695632233238   -0.647233279541   0.311744892394
-0.717790147412   -0.644040754012   0.264553985884
0.029548271658   -0.407799692279   -0.912593179142
0.310444597803   -0.925780337961   0.215765885904
-0.752525474976   -0.378028249739   -0.539258798602
0.580800793032   0.00504065506215   -0.814030116492
-0.927397554583   0.101872303321   0.35993861911
0.373944967639   0.226883531301   0.899271385281
0.00994670237782   0.968579318912   -0.248505867256
-0.333299501334   0.175072904335   0.926423726218
0.942244768311   0.0962017057206   0.320811515306
-0.0329581389269   0.97984422738   -0.197025508696
0.770960400098   0.472608859547   0.426920282206
0.58847330005   -0.272272002014   -0.761293065813
-0.243555407679   0.838157993939   -0.488028626819
0.355851552008   0.286554382255   -0.889525861874
-0.537436336341   0.841438656131   0.0560640022495
0.764546831341   0.458113058074   0.453431989066
0.999905837165   -0.00490272936078   -0.0128171778375
0.00485665596347   0.999981642062   -0.0036233178937
0.0128347066875   0.00356072808864   0.999911291825
0.721656794474   -0.659005320233   0.21195154846
-0.470945657942   -0.691777257556   -0.54740699045
0.507367379968   0.29522231256   -0.809581452302
0.866255363138   -0.1884683474   -0.462689234653
0.223946358116   0.974344145673   0.0223945189636
0.44659788907   -0.123016941197   0.886237641751
