0.0920994291653   0.230038473763   -0.9688137053
0.687278530699   0.689347263929   0.22901652975
0.720531689955   -0.686937151599   -0.0946120147367
0.608896213226   -0.256430218853   0.750659006725
0.56485381752   0.804567262951   -0.183334896352
-0.556943054855   0.535644529745   0.634743547744
0.90169099574   0.170421453574   0.397378756808
-0.104649982191   0.977740508113   -0.181856756878
-0.419525600444   0.122392920368   0.899454414418
-0.692969147843   -0.541839613836   0.475608655365
-0.720607483139   0.541375201447   -0.433171728664
-0.0227731294299   -0.64290179977   -0.765609992406
0.711183285918   0.18092603391   -0.679326213305
-0.533882485681   0.767675499072   -0.354462719629
0.4573705558   0.614768329029   0.642551224657
-0.033788624124   -0.529848641041   -0.847418873083
-0.994169884315   -0.0690511212723   0.0828141519402
-0.102394189243   0.845276499275   -0.524426419784
-0.762411446981   0.373573908022   -0.528366653721
0.645215880253   0.376730887938   -0.664658036847
-0.0492468617088   -0.847653451194   -0.528259759301
0.579644850947   -0.798458595135   -0.162713609227
-0.774779104976   -0.601889261676   0.193511382552
-0.252446400776   0.013899228028   -0.967511047069
-0.901291777282   0.408102430372   0.145346271118
0.405774696977   0.912779776285   -0.0466902055985
-0.151723523214   0.0168963407341   -0.988278546855
0.833649829683   -0.505527170905   0.222419066067
-0.439416392374   -0.851071233971   -0.287386479963
0.334576143182   0.14184510647   -0.931632314935
0.727365275856   0.199910169209   -0.656487379718
0.562306090824   0.374758178485   0.737135108301
0.393384818854   -0.905313333556   0.160175380109
0.25259231113   0.160719004993   -0.954131293788
0.385869383334   0.887565369126   0.25165956078
0.887300368171   -0.43173732403   0.16217564452
-0.0477309245766   -0.964630946248   -0.259246786631
-0.992224648133   0.0159222722313   0.123437145475
-0.11494349253   0.263122820725   -0.957890585994
-0.574202726019   -0.598351069683   -0.558808756942
-0.730051652391   0.683136440447   0.0186865880845
0.370561485138   0.418689146195   -0.829085993479
0.67746451414   -0.668951717621   -0.305851976571
-0.423687656978   -0.0149906478457   -0.905684299191
0.601274148293   0.743154681051   -0.29358221783
0.859261506567   0.236574073967   0.453544232528
-0.444449968056   0.784217470472   0.432974808621
-0.25324669638   -0.57361630602   0.778993224772
-0.372818800735   -0.55487024708   -0.743723840353
-0.870653131551   -0.0679944690937   0.487175406483
-0.320888245849   0.829153641412   -0.457749901795
0.701958165949   -0.698311004476   0.140058824375
-0.680606673483   -0.715640482294   -0.156949852205
0.209831573571   0.0148472598492   -0.977624810242
0.0198906489706   0.892714377749   -0.450183742313
0.953375546508   -0.152553073461   -0.260389375932
-0.301130253219   -0.424014857685   -0.854126437396
0.461428639976   0.193922809746   0.865723716938
0.778554648479   0.379353856786   -0.499943307457
-0.425366041827   0.904701384546   0.0240652292328
0.748988403823   -0.414085410727   -0.517252011657
-0.457712693229   0.241099284143   -0.855786320087
0.47907771958   0.877726841228   -0.00895158057802
-0.540076815475   -0.0316286149344   0.841021203123
-0.564497222671   0.754790831028   -0.334116277653
-0.624227457728   -0.655202588604   -0.425499293658
0.98469093225   -0.146702387038   0.0941391394742
-0.171587569085   -0.72072785485   0.671646533063
-0.0306834495956   -0.677517356883   -0.734866489262
-0.33702625943   0.636551043558   -0.693697390366
0.76674228485   -0.242011765868   -0.594589416156
-0.546369443763   -0.732279368907   -0.406506281373
-0.132403897005   0.789266701422   -0.599605938996
0.611592689102   0.541100267194   0.5772043689
0.78001512209   -0.290290500821   -0.554353528388
0.828772726285   -0.379247580541   0.411469368021
0.231569052673   0.901833543323   0.364790397327
-0.509422753722   -0.207044760359   0.835237047309
-0.0175074062189   -0.529638263504   0.848042923771
-0.556390410848   0.709877010855   0.431861482626
-0.830736541536   -0.464282176367   -0.307113756226
0.831646088192   -0.079869975298   0.549532138315
-0.110963814173   0.94574146847   0.305385177703
-0.544106438061   -0.314950570506   0.777659515597
0.750086598966   0.660442124049   0.0344426310154
0.624274105623   -0.724276737854   0.292754245123
0.218293231909   -0.198089393385   -0.955567191313
-0.872667465872   0.422914317473   -0.24412081862
0.325698998042   0.876580398385   0.354297851872
0.363829158647   0.229674302532   -0.90270596435
0.794211243805   -0.25534984361   0.551384582287
-0.570773745582   -0.624769332154   0.532804479107
0.20843663682   -0.737875151344   -0.641945815052
-0.256419226853   0.459316972174   -0.850456994305
0.88692269904   -0.237939029939   -0.395920628344
-0.384209976467   -0.855811274227   -0.346366506575
0.983784497834   0.100432865699   -0.148597783663
0.179114860246   -0.507330853223   0.842931356762
0.00926977137404   -0.855878872774   -0.517093247377
0.0163595733957   -0.393163342585   -0.91932309359
-0.765374778937   0.586705369892   -0.264534036954
0.643376881873   0.707954373521   -0.291319056857
-0.252108039238   -0.964884216006   0.0737562624914
-0.963342282821   0.243018606104   -0.113638035961
0.0917234031341   -0.0997015887096   -0.990780707589
-0.511824663329   -0.8501382797   -0.123694864893
-0.118495058242   0.212468220481   -0.969956791081
0.850878625531   -0.481790577721   -0.209483660457
0.938814028872   -0.296494066782   0.175269756536
-0.316464973063   -0.541723822794   0.778707403751
-0.13593432244   -0.786528173809   -0.602407911471
0.0296985777683   0.107301099915   0.993782908106
0.733128319964   0.673475185589   -0.0946257938631
-0.679441580235   0.731380645324   -0.0586642199378
-0.684734167547   0.652723469024   -0.324177717896
0.702047667985   0.710155018747   -0.0529992568458
0.195622574545   -0.263878612878   -0.944510394857
-0.241711698045   0.908144484932   0.341831902416
0.916757045952   0.32917530368   -0.226274475233
-0.318012537049   0.258683617438   -0.912113376911
-0.74766229072   -0.14656016337   -0.647704575996
-0.534812843136   0.711076520065   0.456448688754
0.393670321552   0.687670197959   -0.610027357558
0.668599743585   -0.736485876055   0.102776151178
-0.186224895826   -0.299636134632   -0.935702129422
0.719926851183   0.606470725758   -0.33748864833
0.0371728059284   0.2530129244   0.966748489858
-0.929599452374   0.363744658542   -0.0594531880227
-0.366692024325   -0.896478824907   0.24872208554
-0.29184137035   -0.954381356187   0.0631256010311
0.0889333621304   0.0386362488549   0.995287946962
-0.952323197052   0.296080170275   0.073600686954
0.842448701999   -0.450312352875   0.295802247032
-0.510965888469   -0.493664587547   0.703710974645
-0.17086265046   -0.743985255138   -0.645981342477
-0.00983871400121   -0.991736247769   0.127915654138
-0.444498748396   0.118925973769   0.887849917184
-0.895725439176   -0.0481230467556   -0.441995599516
0.761302888629   0.555691990869   0.334102264361
0.270389222014   0.196251643795   -0.942536450717
-0.589328075341   0.807893373903   -0.000846181771247
0.829286773854   0.483851907647   0.279590375688
0.329570166985   -0.0194151043873   -0.943931437527
-0.451294750406   0.874934503368   -0.175563843281
0.544743579016   -0.791315264682   0.277623098821
-0.0602721614128   -0.367142413504   -0.928209951875
0.836433918297   0.488903467038   -0.247692753701
0.0796927865756   -0.994160489665   0.0727597454168
-0.949567075273   -0.097919325424   -0.297882821361
0.303267916737   -0.0453511465464   -0.951825532425
0.659234506673   0.634878700565   -0.402913018878
-0.229711263609   0.680256813447   0.696048420105
0.715990642804   -0.366305478157   0.594287553369
0.560865389699   0.820470937564   0.110713392372
0.819945374817   -0.568983751642   0.0628257326487
0.114540809118   0.0555421549804   -0.991864644025
-0.887105057243   0.426696589307   -0.175996130926
0.460637258457   0.842629109481   -0.278907690781
0.0292905026874   -0.328490798243   -0.944052891493
-0.185002590273   0.865744489905   0.465038191749
0.721203601107   0.441048833373   -0.534173466515
-0.667562287234   0.236563743581   -0.705973220369
0.8441897705   -0.274962585222   0.460151288286
-0.452037191088   -0.82653735177   0.335407787626
0.288107634844   -0.491153319092   -0.822047691979
-0.184182010479   0.816514980054   0.547156535529
0.657207531568   0.516242634967   -0.549155535614
-0.730859252849   0.258450825483   -0.631702400933
-0.513914954928   -0.842760623981   0.160143528651
-0.851826604465   0.523408156615   0.0208647433558
-0.101404413255   -0.125691814597   -0.986873199918
0.397645919319   -0.622740421619   0.673848714575
-0.729725566229   0.230561533904   0.643694008889
-0.556217871741   -0.747686930721   -0.362747753671
-0.330587789315   -0.326678479169   0.885433726928
-0.319655161927   0.921488683183   0.22063359721
-0.887993407062   -0.210094688207   -0.409057368809
-0.685776529424   0.711156449841   -0.154812969545
0.707592689456   0.701256952697   0.0868980559175
0.170361784205   -0.0499518782822   -0.984114664222
0.244492650568   -0.789105575712   0.563503091562
-0.611851175667   -0.576387521991   -0.541678468587
0.752237650384   -0.212343624523   -0.62373768723
-0.353156036222   -0.882000411261   0.312019372138
-0.851261043085   0.164580000025   -0.498265050051
0.388117830794   -0.441575246261   -0.808935010538
0.307995391913   -0.937692804212   -0.160844780714
-0.807537722227   -0.168276982808   -0.565301410069
0.503012590035   0.303998457192   -0.809050846531
-0.854260175422   0.428361661441   0.294526466845
-0.174314096279   0.297724378008   -0.93860257328
-0.489749066873   -0.853150913812   -0.179664603481
0.814339811185   0.225972427789   0.534590622626
-0.467024491874   0.80199621224   0.372411331115
-0.344584961817   -0.552936286955   0.758632102312
-0.941617881664   -0.0307688998405   -0.335274573534
0.201761198656   0.745635800288   -0.635074540535
0.269533269881   -0.665642943418   -0.695896032637
0.613887151924   -0.788407653911   0.0394453540081
-0.542992682727   -0.385471332234   0.746036727325
-0.572976012765   -0.479400900361   -0.664735485373
0.80139847273   -0.456907626151   0.385999882216
-0.590881114144   -0.704934682484   0.392334809026
0.0928439381617   -0.542496557216   -0.834911665118
0.86252944128   0.398353299608   -0.312021812726
0.436117178195   -0.897941748662   0.0591812714768
-0.256602357372   -0.187123661523   -0.948229911724
-0.279256339883   -0.88827142315   -0.364677632274
0.017406985009   0.375041333948   -0.926844644327
0.960058796917   -0.265175181079   -0.0892705428863
0.672384092398   -0.234760536481   -0.701987979101
-0.625930946077   0.325895665017   -0.708521323792
0.395107685365   0.915794467136   0.0721831762377
0.926801053878   -0.220370055119   0.3041000581
-0.354415304784   -0.245401820781   0.902312439278
-0.12421593402   -0.944041834427   -0.305541186374
0.894289661675   0.380847461754   0.234949381563
0.361912102925   -0.924351717287   0.120803694083
0.263183644585   -0.0230024699481   -0.964471490299
0.0879800427495   -0.189442533814   0.977942246996
-0.290757952054   0.934112055371   0.207109829143
-0.952743053186   -0.302566016586   0.0271012954006
0.434443418381   -0.329219650049   0.83837541605
-0.873963099855   0.071022860418   0.480774638861
-0.217824278504   -0.941578555035   -0.256870411625
0.897568418595   0.218053207091   -0.383175851039
0.380123893661   -0.823024445278   0.422062303404
-0.223331053394   -0.524484090668   -0.821607983918
0.0736579425676   0.0320142885039   0.996769578631
0.963059678189   0.257306741854   -0.0794310826292
-0.259018462274   0.96579931972   -0.0118789851898
0.5686607398   0.192679270048   0.799687227544
0.722236961963   0.348348085188   -0.597517683681
-0.393698785594   0.91734852179   0.0589317891991
0.868402899781   -0.366111076679   -0.334423508716
-0.487039836316   -0.756404913974   -0.436627763571
-0.0931053247169   0.542046386956   -0.835174899562
-0.573246072918   0.68132151791   -0.455181204735
0.784520439776   0.616693875248   -0.0649333797969
0.236466952203   -0.394321763882   -0.888027999039
0.842695863509   0.53821172157   0.0138500682197
0.279607704836   -0.41551757003   -0.865542997424
-0.460090440045   0.733262089405   -0.500643081664
-0.377349718665   0.874292464812   0.305319301356
0.52823472271   -0.0675909070297   0.846403891175
0.760641352761   0.48067052671   -0.436326227959
0.375861873826   -0.919722982473   -0.113302636
-0.685044420712   -0.193431888671   -0.702351938926
0.624052877138   0.341604654497   -0.702754769878
0.0656620903032   0.682236617579   0.728176961675
0.980794908273   -0.178440785052   0.0787415653476
0.183656847913   0.709021920565   -0.680850995696
0.136096666258   -0.144725967173   0.980067391494
0.816988895233   0.575953625696   -0.028400107719
-0.560363134503   0.804569335408   0.196624876406
0.44286861977   -0.675912319035   0.589075481243
-0.846792356855   -0.0994151096913   0.522550801683
-0.294635520596   -0.730245967428   -0.616385218077
-0.0911968106017   0.262615931783   0.960581081489
-0.699808715805   0.669363996933   -0.249438571387
-0.708484934932   -0.694971015212   0.122737056318
0.36941167701   0.689483154386   -0.623015242757
0.769240525403   -0.603028116364   -0.211248917053
-0.521348277995   -0.401210755956   -0.753144011687
0.817562807129   0.544945339588   -0.186079642255
0.357128080255   -0.226346264007   0.906215704495
0.451719592993   -0.807342520645   -0.379667569956
0.93771141039   0.216387108115   0.271797590616
0.31347712722   -0.189744055424   -0.930445744861
-0.14976448689   0.957691919597   -0.245757574844
0.345527993875   -0.268473366667   0.899184328632
0.794654419211   0.593372101811   -0.128194784731
-0.499134009556   0.758835687217   0.418370219216
-0.531215948668   0.0620528873843   -0.844960978287
-0.814178049257   0.238482882399   0.52937701008
0.234358101563   0.96916219172   -0.0761638117254
-0.692178295953   -0.412024148394   -0.592558273717
-0.362047929788   0.908478355865   -0.208778287812
0.6243480625   0.0700226967883   -0.778001490221
0.212994170538   -0.395247020282   -0.893539745215
-0.9769398121   -0.07220355968   -0.200935933843
0.0149025788013   0.915732733353   -0.401511487033
0.864141395312   -0.471639936967   -0.175543210474
-0.301860446215   -0.206673440611   -0.930680589546
0.402666015323   0.857229175078   -0.320964517168
0.268230472115   -0.310072777203   -0.912089516806
-0.0785927888987   0.936585253114   -0.341513158141
0.960143524356   0.163287894493   0.226851220297
-0.497259422522   -0.860395412597   0.111592116635
-0.174028463185   0.224921858966   0.958709680381
-0.849968917381   0.457307217566   -0.26157780502
-0.696547043421   -0.692176722743   -0.188980424351
-0.637704885853   0.717934735222   -0.279109646053
0.32886881101   -0.0738992588102   -0.941479795156
-0.180497008811   0.974862629921   -0.130628031386
0.636507144911   0.217021873246   0.740108208983
0.749852975108   0.0504416426184   -0.659678828217
-0.115834514687   0.772209894071   -0.624719332761
0.949604373609   -0.0983360688642   -0.297626529735
-0.291262594318   -0.627711635289   -0.721903181946
-0.776899929126   -0.628451812953   0.0384033713806
-0.621271065028   0.7750681058   0.11528961416
-0.102219195345   0.0657095896305   -0.992589283616
0.546415443336   0.350714583481   -0.760545491222
-0.0647046304581   0.923062138199   0.379169618801
0.835011062251   -0.1579733204   0.52706826499
-0.635237411731   0.17341979558   -0.752594847997
0.153777821827   0.983352989332   0.0967950406083
0.756852569689   -0.0542445653785   -0.651330726187
-0.028530242007   0.882418550635   0.469599325898
0.90117448646   -0.18056883947   0.394055122132
0.432516554993   0.434433419317   -0.790061411542
0.222017013689   0.725962770759   0.650912053284
0.8828530298   -0.433024840437   0.181824133023
0.413858639408   0.534291627342   -0.737057313616
0.629227331938   0.777218200291   -0.00219861642146
0.601611310913   -0.485263043687   0.634494766847
0.492073973463   -0.400564161791   -0.772924030614
0.971407069462   -0.0082994980322   0.237274996008
0.096122935088   0.927566086403   -0.361083836116
-0.217091424862   0.373566960111   0.901842025837
0.878812256131   -0.193750449037   0.436061672211
-0.29428362151   0.499291917968   0.814926211851
-0.375614388149   -0.844492950918   0.381766273086
0.40356132606   -0.781552897381   -0.475724000553
-0.843860974166   -0.5188823121   0.136600887497
-0.353605588738   0.346318083242   -0.868922823286
0.350347621792   0.753960551987   -0.555697786531
0.899625004183   -0.435983684938   -0.0243531994505
-0.260636520382   -0.491387538021   -0.831027611894
0.403362047735   0.80753187884   0.430338614434
-0.388705558536   0.576967586945   -0.718342809776
-0.828376150779   0.122477215229   0.546618957361
-0.582480178458   0.622662600532   0.522501796741
0.479819883269   0.782252808511   -0.39730771852
-0.656117155178   0.0192828803333   -0.754412651804
0.897868540745   0.406808398161   -0.168341945834
0.209965208758   -0.0595799600564   0.975891817506
0.386971180649   -0.911568513909   -0.138910582038
-0.0548506356747   0.997736738345   -0.0388948415362
0.997913802784   0.0561055191857   0.0319407718875
0.0340506968412   -0.0370617275842   -0.998732686131
-0.507096454782   0.801433009057   -0.317109314853
-0.356220132593   0.140146311586   0.923832359521
0.784831448598   0.581432836497   0.214418874981
0.688760895667   -0.646202841761   0.328679655436
-0.723617068123   -0.64062373394   0.256864887093
0.0445731681489   -0.414756698319   -0.908839982542
0.304145661439   -0.917931728735   0.254748421037
-0.728985162324   -0.396416612087   -0.558063170973
0.613250397269   -0.0159753267966   -0.789727002965
-0.929408804095   0.114897041959   0.35071062795
0.368813958718   0.323282827249   0.87147259133
-0.0132491004524   0.939301273997   -0.342837538727
-0.311800270571   0.224782734496   0.923175667736
0.948344423996   0.133456700655   0.287805772175
-0.0585102102531   0.965226414523   -0.254783288228
0.763317617247   0.480542587665   0.431769656919
0.595608196002   -0.264640728693   -0.758430063718
-0.250194108746   0.836088575533   -0.488220034193
0.357338066024   0.294667785054   -0.886273322978
-0.548574285683   0.834212376099   0.0561779730048
0.755894013509   0.466112226845   0.459743006828
0.999877307542   -0.00556509476821   -0.0146423899538
0.0055048419152   0.999976228307   -0.00415205195768
0.014665148442   0.00407093849026   0.999884173733
0.720954088823   -0.660156110246   0.210758420742
-0.471713216017   -0.690302067433   -0.548607052025
0.507653271086   0.296102964864   -0.809080459876
0.865596245514   -0.182649103478   -0.466242903165
0.216973903714   0.975962345473   0.0204896394893
0.451293103049   -0.118898297792   0.884419430995
