0.0861310702749   0.25025888551   -0.964340152168
0.666029498889   0.70539100476   0.242545329895
0.740935992829   -0.663169677132   -0.105923717914
0.606051459158   -0.263013165237   0.750683491071
0.566382350735   0.80532644965   -0.175100948798
-0.558491415896   0.531294065849   0.63703528471
0.902979522985   0.17269398266   0.393452372497
-0.103373716653   0.976095710782   -0.191183257893
-0.417063371414   0.131961932944   0.89924645814
-0.681550923268   -0.552191671355   0.480179859101
-0.731514685159   0.531471716085   -0.427111320853
-0.0193546996301   -0.642356733513   -0.766161355408
0.712817919867   0.097031651117   -0.69460454346
-0.475774747688   0.794554054229   -0.377256205209
0.515295063605   0.599390284863   0.612537577486
-0.027413135137   -0.521871719144   -0.852583385225
-0.993078185957   -0.0832301450178   0.0828761697868
-0.114211368003   0.848953857226   -0.515977820932
-0.764473553154   0.366345550101   -0.530444270828
0.642482137106   0.365468868854   -0.67353486131
-0.0528856316282   -0.855700557334   -0.51476175669
0.586559902231   -0.792510549031   -0.166956613441
-0.768666397581   -0.609677851764   0.193506812042
-0.255145939272   0.0148306018528   -0.966788809892
-0.894915069161   0.421663407456   0.146037631455
0.420078309464   0.906465513665   -0.0430637487296
-0.150536483638   0.0228088436668   -0.98834129922
0.835887803379   -0.490167066073   0.24703810941
-0.41878018452   -0.860444653541   -0.290272553398
0.354844666322   0.139180621999   -0.924507445753
0.713690714424   0.213535197409   -0.667119392325
0.563313233938   0.391093773911   0.727821310821
0.41632170808   -0.895236493605   0.158832792297
0.25499010748   0.172157767292   -0.951494481461
0.379565689397   0.887218215299   0.262247451608
0.889331171455   -0.428025164685   0.160886686449
-0.0466460997213   -0.951849706182   -0.302995508581
-0.985997270614   -0.00474297927976   0.166693990554
-0.160104727351   0.306528368976   -0.938299970846
-0.577882507232   -0.589432056996   -0.564465816533
-0.729571605325   0.683077432433   0.0336228197389
0.365755492854   0.431248271288   -0.824771391341
0.680057273848   -0.673799565539   -0.288991781484
-0.40806325583   -0.0203859826564   -0.912726021844
0.60910301553   0.738632897446   -0.288816480281
0.864525596406   0.250857550975   0.435506581211
-0.448957640753   0.774951607706   0.444844964594
-0.225903806894   -0.580103865557   0.782589915088
-0.367028123272   -0.544724512452   -0.754032865515
-0.867024861262   -0.0933252569533   0.489446918859
-0.336984045166   0.833406024672   -0.438036700927
0.701168344961   -0.697224893127   0.149132157587
-0.678583409047   -0.716762214511   -0.160550567765
0.218832147979   0.0113743679884   -0.97569622053
0.0234642450421   0.894416072838   -0.44661988072
0.954561481787   -0.152803121051   -0.255858522794
-0.297088886857   -0.42032260806   -0.857360541698
0.460220995248   0.20724550253   0.86327628093
0.77189391995   0.386980925308   -0.504406125849
-0.438607355022   0.898496001733   0.0181252032468
0.761971226533   -0.416759696373   -0.495692652169
-0.439933721885   0.228590389085   -0.868449626842
0.475245379024   0.879805540727   -0.00916734521286
-0.538502967675   -0.0450383147917   0.841419101293
-0.556859432685   0.768454700243   -0.315253780162
-0.632393964274   -0.63831725958   -0.438895147031
0.985817233065   -0.13192339899   0.1037333109
-0.1672673441   -0.722142872788   0.671216289195
-0.0136388631905   -0.679047780411   -0.733967365304
-0.347902962546   0.625406560775   -0.698448396366
0.758579383069   -0.250001223225   -0.601711482326
-0.550927262194   -0.739165760923   -0.387444356838
-0.124627488052   0.792880632691   -0.596496681893
0.613919375783   0.533907240471   0.581417284405
0.779468401697   -0.293740294936   -0.553304301324
0.827771753309   -0.379565941375   0.413187149572
0.23263791955   0.902339760582   0.362853351728
-0.51056196765   -0.204236756293   0.835232796631
-0.0168873396284   -0.533891066302   0.845384614885
-0.5524807289   0.709688700425   0.437157857854
-0.833354583569   -0.459676275016   -0.306949279578
0.8313524121   -0.0694743216323   0.551385967838
-0.120976094437   0.945739752023   0.301564430958
-0.542418612761   -0.317410837997   0.777838291968
0.74039164219   0.668063871058   0.0742353040179
0.620323267394   -0.72163197103   0.307321236352
0.258880783575   -0.181488188518   -0.94870584341
-0.871921306358   0.424585837069   -0.243885429
0.328313912003   0.876481283022   0.35212289857
0.363267409361   0.226952478445   -0.90362014244
0.803880145611   -0.540291046289   -0.248721323567
-0.206223730158   -0.645406384917   0.735474249361
-0.55789648199   -0.539940907557   -0.630250213625
-0.257761501159   0.462159574801   -0.848509007576
0.88843870098   -0.231814943275   -0.396154649944
-0.379783732035   -0.855961657723   -0.350847484511
0.985431038911   0.0924185235961   -0.142774241542
0.169992378454   -0.508979985058   0.843825791308
0.00531590247848   -0.85580265909   -0.517275120099
0.0264911758135   -0.392460176372   -0.919387419735
-0.774736685676   0.573151015716   -0.266984982823
0.631728806904   0.719355908536   -0.288869851977
-0.26809400029   -0.958472485668   0.0972424867109
-0.956647061931   0.252933282711   -0.1443992846
0.113806879857   -0.131739321055   -0.984729782925
-0.524992623135   -0.834589352105   -0.166863293871
-0.141382608226   0.278847823456   -0.949870964588
0.839281659266   -0.475083681711   -0.264389469638
0.935419289942   -0.299434037654   0.187962786469
-0.32837560064   -0.538873884998   0.775747639985
-0.130997011061   -0.787371699474   -0.60239985884
0.0212930079089   0.0937023968247   0.995372527564
0.733036983989   0.675553135536   -0.0792763594418
-0.679855416911   0.731332907705   -0.0543027641013
-0.650636294354   0.700848448747   -0.292376237683
0.725221895544   0.687650926921   0.0344877504156
0.225223477232   -0.189598667174   -0.955681291391
-0.246855746201   0.908720600386   0.336584478257
0.913213583944   0.33434859164   -0.232920521572
-0.324196222478   0.249875748531   -0.912391867362
-0.745635996465   -0.155420596294   -0.647974844437
-0.53684587893   0.716168823825   0.445980625203
0.394744807504   0.680401832764   -0.617438161212
0.670337925542   -0.735671858253   0.0971286906892
-0.191814403417   -0.298228058574   -0.93502259851
0.71683631341   0.608150427161   -0.341026036725
0.0401605036622   0.255052814263   0.966092747083
-0.932598843106   0.356639535807   -0.0553862744163
-0.358673294054   -0.898752637544   0.252184782859
-0.28176717175   -0.956882244829   0.0705948330732
0.0666155670752   0.0538886949116   0.996322425114
-0.957167502138   0.285433666713   0.0485591882079
0.842520422126   -0.441285539684   0.308911655279
-0.515781800484   -0.495518371856   0.698878156361
-0.155333423931   -0.748150129062   -0.645091398012
-0.0107442516255   -0.991725095568   0.127929261275
-0.444555720133   0.119335215625   0.887766477189
-0.895686760406   -0.0473332984622   -0.442159231622
0.765107964994   0.553234099649   0.329456875611
0.267703810167   0.192036148513   -0.944169893442
-0.585614610408   0.810588766667   -0.00117448959642
0.845479556425   0.471406450663   0.25087901056
0.303102066722   -0.0368432876911   -0.952245613952
-0.439651517472   0.881146145889   -0.174034515996
0.533477672913   -0.302417458106   -0.789902053136
-0.845210956415   -0.225870316758   -0.484356314292
-0.0319376215538   0.926027149209   -0.376103319971
0.078405307181   -0.994035484826   0.0758027882964
-0.948684956217   -0.0977613382061   -0.300731731946
0.306348594991   -0.0483340010738   -0.950691518153
0.657318676535   0.632444184514   -0.409812775488
-0.226150478884   0.684273271792   0.693271988769
0.718879766289   -0.363021270708   0.592813156597
0.556553101889   0.821589163583   0.123449953668
0.821068149199   -0.56661023657   0.0692815573265
0.126868984188   0.0628019593434   -0.989929378671
-0.881285444039   0.436196739315   -0.181847108096
0.472041807777   0.830928112843   -0.294508069492
0.0226384147416   -0.345385112442   -0.938187948263
-0.191989558751   0.864016434147   0.465419822153
0.717287917514   0.44720968096   -0.534323445717
-0.669804488427   0.231255492428   -0.705608138064
0.846569648195   -0.278333350246   0.453707369233
-0.452060797467   -0.82595736311   0.336801825587
0.28099976183   -0.49022951815   -0.825054030585
-0.175504485043   0.81344203877   0.554536045087
0.671202212107   0.510936415546   -0.53705825544
-0.72019842141   0.277949687597   -0.635655728343
-0.514789248522   -0.846565722475   0.135345879656
-0.847799859594   0.526148507688   0.0663562049175
-0.12738692116   -0.0805867569048   -0.988573895535
0.406467280067   -0.624981223881   0.666470419456
-0.725448503351   0.222683351564   0.651257701602
-0.55543570213   -0.748204914916   -0.36287819726
-0.341159143369   -0.319467893708   0.884053563866
-0.285432327517   0.931277981441   0.226383982851
-0.895622032613   -0.175104500722   -0.408900462855
-0.680266252687   0.718424425961   -0.145272742242
0.710644808062   0.695005663177   0.109321017772
0.179504268002   -0.0288699209269   -0.983333486379
0.233961221237   -0.786629247275   0.571381286256
-0.60680301138   -0.577321647958   -0.546342218916
0.759639554219   -0.218892992397   -0.612399873887
-0.337398109518   -0.886067863816   0.317877738145
-0.855409903583   0.147614515525   -0.496471400647
0.392983985104   -0.439424277345   -0.807756084431
0.302577913477   -0.941773196939   -0.146662373505
-0.80034864755   -0.167492190608   -0.575663450679
0.51757960609   0.291564078052   -0.804426342026
-0.852807335659   0.406531276082   0.327798673327
-0.123594430434   0.452744373176   -0.883032813347
-0.507389461295   -0.793570950986   -0.335858721222
0.813564978256   0.225025744979   0.536167362165
-0.466765457739   0.802613329121   0.37140523876
-0.346759330973   -0.552426699222   0.758012340513
-0.941700249292   -0.0344537281269   -0.334684300735
0.204730427467   0.73070602503   -0.651271185499
0.266994555393   -0.681822297677   -0.681052319451
0.615339862748   -0.78733552513   0.0382050282525
-0.541616172198   -0.387089675476   0.746199373597
-0.572720503674   -0.479858681293   -0.664625361135
0.79846444173   -0.458311005299   0.390391544113
-0.594460250263   -0.702770878984   0.390806988821
0.0952446646793   -0.544117739167   -0.833585232461
0.85950997216   0.399595722246   -0.318694001387
0.438355934919   -0.89695487763   0.0575849096319
-0.262843455461   -0.189196211006   -0.946106818315
-0.281202116202   -0.885758712066   -0.369265316396
0.0182184854324   0.379795440936   -0.924891079996
0.95947561547   -0.266808783715   -0.0906620995386
0.666296546457   -0.229230316016   -0.709579012094
-0.632372774686   0.33057072803   -0.700590941717
0.395162733593   0.91551977368   0.0752991234645
0.929228405957   -0.229514140623   0.289582162464
-0.34317320058   -0.245495051641   0.906622487057
-0.136991693059   -0.941836205976   -0.306884077723
0.88815800074   0.380115016185   0.258240082466
0.359617605925   -0.924771578889   0.124389325857
0.286095339406   -0.0176096947564   -0.958039328744
0.092180685165   -0.220881857969   0.970934563246
-0.273344131401   0.932013435548   0.237978868362
-0.957489272584   -0.287336319978   0.0255368774631
0.43836874467   -0.330960692529   0.835642186401
-0.871852474714   0.0693557722215   0.48483300134
-0.218417275021   -0.941092342363   -0.258145496009
0.898582944026   0.205341198176   -0.387793353523
0.371147620343   -0.827122021843   0.422040999066
-0.234090018196   -0.523167423785   -0.819449638517
0.0564685913861   0.0101959345898   0.998352313125
0.96447144707   0.257923535633   -0.0571863407385
-0.258081626604   0.966111532225   0.00473089094824
0.564728755307   0.200156375556   0.800636533174
0.719974276911   0.354703803121   -0.596508384382
-0.403383779441   0.913303146483   0.0562039954788
0.867839209654   -0.351419914808   -0.351225212166
-0.483364361039   -0.760724063345   -0.433194868278
-0.114952166846   0.545713242373   -0.830050032476
-0.547113219228   0.70117006081   -0.457195440881
0.805665368254   0.589286903508   -0.0603677045183
0.227091258606   -0.401374502399   -0.887315090078
0.841702430731   0.539343043309   0.0254184920401
0.290129856337   -0.412072464698   -0.863725043235
-0.455369832735   0.734374131818   -0.503321914845
-0.373826986466   0.877942596715   0.299115665017
0.534360936896   -0.0597292605691   0.84314340687
0.758097469529   0.475025485949   -0.446809819038
0.382425348817   -0.918328195722   -0.102098861527
-0.677458335067   -0.203532395609   -0.706841402429
0.628331963879   0.339481794625   -0.699965037905
0.0654234577541   0.681565290009   0.728826815281
0.980559066213   -0.179321394562   0.0796728007128
0.184996456413   0.709445271294   -0.680046850026
0.133588475921   -0.142011966226   0.980809217255
0.813295736946   0.581241529863   -0.0266144373887
-0.566307481382   0.801243337233   0.193144896815
0.446147069699   -0.691106127395   0.568616841885
-0.837028518873   -0.0973476292709   0.538429844703
-0.316758663326   -0.716167410423   -0.621906897739
-0.0927776626949   0.249128843267   0.964016143412
-0.683417739551   0.68817926846   -0.243617502919
-0.724108071059   -0.681427996133   0.10641140688
0.360871213917   0.629759302392   0.687877305934
0.528391046864   -0.745838177566   0.40562089996
0.768488691239   0.217091303237   -0.601910705587
0.815121442152   0.548423548077   -0.186570754565
0.358349372803   -0.224316988814   0.906238167119
0.455151361149   -0.805551674597   -0.379372821905
0.930091449735   0.230799599105   0.285764658739
0.329923658204   -0.182863325325   -0.926127088491
-0.161493884988   0.95566340797   -0.246225863403
0.345199313985   -0.27469214855   0.897430586257
0.796515925783   0.591483854071   -0.125336468551
-0.496386758082   0.758083817199   0.422976491666
-0.528432721137   0.0523336843799   -0.847360634343
-0.815950490236   0.244366310003   0.523936927484
0.234485941238   0.968269741331   -0.0864294586929
-0.697907370921   -0.400866193257   -0.593491024965
-0.350041405256   0.91388257612   -0.205644478824
0.624817026189   0.0642256348248   -0.778125151638
0.215069122278   -0.431230661361   -0.876233638563
-0.975165752074   -0.046238598626   -0.216595817095
0.0528869419397   0.901056107412   -0.430465867026
0.849969091722   -0.494050537113   -0.182938814622
-0.313135363911   -0.194514440467   -0.929575374193
0.423672971742   0.84739494878   -0.32003595702
0.26902016643   -0.321254358033   -0.907977856282
-0.0674547339278   0.934132624951   -0.350494076802
0.960769487924   0.155537379582   0.229630386987
-0.498569445888   -0.859796717384   0.110354484261
-0.169673429382   0.221636514757   0.960254228098
-0.850082016503   0.46002919472   -0.25638585189
-0.691183535586   -0.69720347613   -0.190191043456
-0.642743490741   0.713371445855   -0.279252547614
0.330372706574   -0.0707707080025   -0.941193594137
-0.188211969323   0.974159485921   -0.124858121609
0.626059420206   0.216955097738   0.748986039854
0.756720461539   0.0627995343549   -0.650715269135
-0.103398928539   0.765908478604   -0.634580856929
0.947033381784   -0.119208939677   -0.298189541213
-0.304033608939   -0.631801734016   -0.713014819995
-0.81507993013   -0.578993364833   0.0202827751401
-0.566509979595   0.803858359845   0.181323413617
-0.121289531731   0.136302680772   -0.983214335074
0.539300914676   0.342065849844   -0.769509894541
-0.0739148737235   0.929485606297   0.361376672088
0.838862989331   -0.138012543115   0.526556191751
-0.636278164452   0.153978498937   -0.755936981042
0.165342349856   0.984327461232   0.0613298981697
0.75353301506   -0.0859655217551   -0.651765237093
-0.0376249659213   0.86889569646   0.493563198236
0.888700165655   -0.196754959578   0.414124982937
0.45694242257   0.454211134387   -0.76478485074
0.222971586797   0.720083547043   0.65708702372
0.879053622534   -0.439881983728   0.183762262361
0.421364925182   0.536640965297   -0.731073234464
0.581495184327   0.813460608933   -0.0120494114691
0.63040888683   -0.441181433071   0.638704609747
0.514245064154   -0.378999710846   -0.769357675703
0.969980118318   0.0115338774329   -0.242910559135
-0.100368097052   0.928818140825   -0.356683482053
0.221505790358   0.370356356698   0.902092763463
0.87793296518   -0.20082156502   0.43463134686
-0.28936446358   0.500675268768   0.815838514941
-0.381447133778   -0.842018393069   0.381448698865
-0.867954968279   0.36206189428   -0.339949051728
0.480058973356   0.436217995203   -0.761089510352
-0.127269616016   -0.823787014572   -0.552428637453
0.362830924703   0.748933449054   -0.554483912277
0.894325540332   -0.447030521683   -0.0185887226228
-0.261792948713   -0.489144561031   -0.831986809052
0.404983302544   0.808902241645   0.426222580492
-0.388974990524   0.574297838132   -0.720333568468
-0.827458144806   0.125933143283   0.54722377691
-0.57247872127   -0.639630016536   -0.512973250414
-0.485946835161   0.7686028848   -0.416059225201
0.660396689188   0.0110926743457   -0.750834978864
0.895804918873   0.409137492849   -0.173608926238
0.214960218081   -0.0569503044343   0.974960905612
0.389005979345   -0.910693787601   -0.138964647531
-0.0569258837992   0.997599335057   -0.0394336205413
0.997843959267   0.0581432237899   0.0304433648849
0.0326630783901   -0.0376155845974   -0.998758324657
0.141968797556   -0.9192794531   -0.367110538695
-0.593028272583   0.217957100063   -0.775120745718
0.792566923629   0.327749888837   -0.514215598678
0.682349855653   -0.646622791709   0.340995072885
-0.728968627039   -0.63683803017   0.251081787707
0.0548034240002   -0.419900331707   -0.905914066645
0.29879264881   -0.909989725048   0.287474613349
-0.708032057074   -0.413357919978   -0.572560770696
0.639854326522   -0.0324642925661   -0.767810204759
-0.930986980505   0.126398221398   0.342471505041
0.363552675351   0.405976993013   0.838458188219
-0.0330559281019   0.905100088816   -0.423911706431
-0.293958069176   0.272592580315   0.916123320619
0.951755216532   0.171760467476   0.254283993845
-0.0880378397545   0.946673981305   -0.309931785638
0.756565974367   0.486709528286   0.436717026807
0.602128634238   -0.258033390092   -0.755552696652
-0.255047121644   0.834585289028   -0.488281026731
0.358778964765   0.300436132282   -0.883750974461
-0.557393727762   0.828402353086   0.0553332960695
0.748725508243   0.472744827387   0.464674554376
0.999970367541   -0.00610199321635   -0.00469358269741
0.00617858412983   0.999845095484   0.0164805987518
0.00459229113846   -0.0165091100867   0.999853169293
0.720791666715   -0.660295804253   0.210876324135
-0.471000876609   -0.68976933232   -0.54988766346
0.508544538294   0.297031511928   -0.808179889316
0.864935698045   -0.176964649941   -0.469648539781
0.210053790335   0.97751442121   0.018519219528
0.455810973335   -0.114669389976   0.882659213734
