0.0824033872521   0.26415322966   -0.960954084784
0.651482003004   0.715405093433   0.252520795307
0.75417563045   -0.646852860828   -0.113139272204
0.604098666517   -0.268430893778   0.75033969399
0.568044171996   0.805417896695   -0.169197607387
-0.558919153164   0.528438139189   0.639032482177
0.903938755864   0.174621892883   0.390386885246
-0.102876966032   0.974822532858   -0.19783164381
-0.415103668385   0.138665871644   0.899144438083
-0.673565236525   -0.559272560896   0.483243287363
-0.738925978509   0.524801273274   -0.422577829348
-0.017270507713   -0.641714754546   -0.766748918075
0.713573313127   0.0264930620823   -0.700079455816
-0.422385733212   0.813509060911   -0.399741541744
0.558930603182   0.580948470587   0.591688647306
-0.0231077248833   -0.518182325498   -0.854957958373
-0.992492553606   -0.0908468118014   0.0818864324257
-0.120102306726   0.850431616487   -0.512192836332
-0.766006149194   0.361182052887   -0.531772605618
0.640451818497   0.357654268374   -0.679635852868
-0.0552815303483   -0.861179974798   -0.505285071444
0.590518973652   0.788990265587   0.169651709578
0.765056910158   -0.614209170947   0.193481313136
0.256856508529   0.015538826279   -0.96632462397
-0.889963791571   0.431817632294   -0.146621901957
0.430808162762   0.901546014008   0.0402381849052
0.149561949009   -0.0273553845985   -0.988373869719
0.836562712544   -0.480090988807   0.263961115407
-0.405051773451   -0.866389002234   -0.292067043043
0.368911762899   0.137414479855   -0.919250440261
0.703426599887   0.222996865914   -0.674880297805
0.563751682883   0.403220123016   0.720831167781
0.432868407971   -0.887516721076   0.157920901702
0.256573837259   0.179315196997   -0.949745190123
0.375583222473   0.88691656438   0.268916810233
0.890565611863   -0.425705376939   0.160211806725
-0.0464396296547   -0.942040504903   -0.332269541069
-0.980595053404   -0.0204305082248   0.194976756502
-0.19046443773   0.334876516732   -0.922811473979
-0.580617328257   -0.58271971423   -0.568613447598
-0.729161407802   0.682878002153   0.0447356183706
0.362225288341   0.440585257159   -0.821387528317
0.680943471247   -0.677571894358   -0.277871043726
-0.397560894258   -0.0233649398575   -0.917278264728
0.615029531261   0.735085306316   -0.285286291497
0.785174953683   -0.206429530875   0.583855410947
0.422474920726   0.867894333731   -0.261293641015
-0.452786079145   0.451825490937   0.768660192981
-0.36230975845   -0.538920210995   -0.760458181032
-0.865021732059   -0.109405528914   0.489660937074
-0.347086505043   0.835221788756   -0.426539003597
0.699694650395   -0.69699355548   0.156931130837
-0.677536171303   -0.717029980287   -0.163745973807
0.226654214131   0.00824566435082   -0.973940386383
0.026461483826   0.895895140491   -0.443476816889
0.955568830754   -0.15295550354   -0.251977823682
-0.293577927584   -0.417104916276   -0.860136901461
0.45942236561   0.215423669672   0.861698167877
0.767668183772   0.391690950977   -0.507211749221
-0.446784791149   0.894522689186   0.0145776860467
0.770902229116   -0.417921463681   -0.480678066216
-0.427553579493   0.219849945395   -0.876848868494
0.472131009158   0.881480375114   -0.00920100476792
-0.537390973354   -0.0556417914525   0.841495652294
-0.550358690791   0.77919089426   -0.299944764544
-0.638996285793   -0.624312054465   -0.449353096595
0.986256150813   -0.122047662604   0.111369533696
-0.165217839729   -0.722925469899   0.67088138326
-0.00136763223156   -0.680061124475   -0.733154142427
-0.355621292554   0.617290104429   -0.701773769283
0.752643926905   -0.256032225507   -0.606609115322
-0.554130504098   -0.743908883179   -0.373549137265
-0.118279551226   0.793970567642   -0.596339404599
0.618183925975   0.528858144693   0.58151328141
0.777083381256   -0.299866304391   -0.55337294663
0.827103034687   -0.379452639449   0.414627862579
0.23293417307   0.902789632933   0.361541905848
-0.511509766307   -0.202451409191   0.835087531872
-0.0162136118417   -0.537499691258   0.843108059912
-0.549422338146   0.709296475852   0.441626090364
-0.83538746288   -0.456062047578   -0.306814594864
0.831141664985   -0.0620565470685   0.552587113215
-0.128074791894   0.945670880356   0.29883680116
-0.541110321845   -0.319148196003   0.778038590676
0.732701024022   0.673100460222   0.10042400034
0.617708286537   -0.719695821946   0.316976965419
0.285632074773   -0.170216609976   -0.943101597675
-0.871383756683   0.425656790075   -0.243939840233
0.330391793545   0.876712007641   0.349595935926
0.362672870984   0.224036498636   -0.904586113055
0.81090237325   -0.532156311547   -0.243407068784
-0.204878092813   -0.647804989858   0.733739505658
-0.548144422701   -0.545122330454   -0.634333773865
-0.259246425745   0.464062880469   -0.847016489639
0.889460621268   -0.227038869987   -0.396627223901
-0.376365638658   -0.856212003242   -0.353906642425
0.986572593975   0.0872671785167   -0.138054179119
0.16329043941   -0.51007230978   0.844489473704
0.00327859963944   -0.855693098227   -0.5174732577
0.0332425536947   -0.392292694722   -0.919239563058
-0.780553617973   0.564237737347   -0.26902012048
0.624204279137   0.726458682528   -0.287448778889
-0.278572264684   -0.95385671277   0.11204849327
-0.951913408673   0.258731668503   -0.164069455102
0.127508257493   -0.152365662839   -0.980064461678
-0.534113674086   -0.822228549456   -0.196628572287
-0.157016801539   0.325015745891   -0.932582698146
0.830703501265   -0.467231181864   -0.302699051092
0.932829184138   -0.301636749093   0.197091310867
-0.336991403882   -0.536734431409   0.773532768458
-0.127540216921   -0.787992018846   -0.602330533289
0.0158200801512   0.0835680952485   0.996376484323
0.733812565737   0.675905805397   -0.0683407681713
-0.679167757937   0.732234740834   -0.0506304343707
-0.627325400016   0.733896488969   -0.260497189943
0.735824683462   0.668127415118   0.11030771675
0.254999760191   -0.122481429798   -0.95915244964
-0.250660724145   0.90934446636   0.332056987385
0.91031649892   0.338112521738   -0.238754674167
-0.329382867137   0.242430534678   -0.912542800471
-0.744116054702   -0.159568780057   -0.648713420116
-0.539813169191   0.715691217477   0.443156658049
0.393564530129   0.679944031253   -0.618694653986
0.671241356505   -0.735339867827   0.0933290956807
-0.195593558054   -0.297160473581   -0.934579484573
0.714967272932   0.609073831091   -0.343294140513
0.0421025115966   0.256980914806   0.965498932137
-0.934754009063   0.351356904418   -0.0527566893274
-0.352792178305   -0.90028280843   0.255006948504
-0.275107737823   -0.958505656156   0.0747170643993
0.0528872645656   0.0625102971879   0.996642062125
-0.959957639608   0.27813552428   0.033495675772
0.842557527123   -0.434289802307   0.318573666676
-0.519103348525   -0.497046772653   0.695324542451
-0.143626345206   -0.751223584159   -0.644231790239
-0.0117690688981   -0.991785236894   0.12737163311
-0.443869488232   0.119324331195   0.888111243833
-0.896014155278   -0.0460841391961   -0.441627541816
0.767447413659   0.551681874029   0.326606149873
0.266090971763   0.189391848555   -0.945159416418
-0.58328386058   0.812267097429   -0.00144928162283
0.855730612766   0.462534059206   0.231921026318
0.285336909611   -0.0479321210729   -0.957227956016
-0.431634065369   0.885304894282   -0.172995022381
0.526034762359   -0.320089683529   -0.787927676428
-0.850385857524   -0.210450015057   -0.482239239863
-0.0114595857022   0.923717156731   -0.382903763669
0.0779281051335   -0.993773983787   0.0796271283968
-0.947509918226   -0.0986682380741   -0.304120919468
0.310084126154   -0.0517479269305   -0.949299734943
0.655992521276   0.630068167447   -0.415557356329
-0.222573303796   0.687578645623   0.691156082604
0.72120381063   -0.360901247508   0.591282802963
0.553278116351   0.822340967709   0.132810612508
0.821832112768   -0.564896108372   0.0740564998439
0.135923891903   0.0681741855385   -0.988370869682
-0.877328298985   0.442504685259   -0.185700455955
0.479543331763   0.823114484125   -0.304172219289
0.018255102845   -0.355910311103   -0.934341801318
-0.196225135839   0.862906782339   0.465711907785
0.714997997175   0.450933178651   -0.53426316776
-0.671024261928   0.228147218659   -0.705461045357
0.848328848578   -0.281664366959   0.448333970447
-0.452563392187   -0.825243456012   0.337875146128
0.274817286072   -0.489528776176   -0.827548812204
-0.169598644149   0.810040584488   0.561311456664
0.682122678483   0.507570598072   -0.526384592737
-0.711298074929   0.293609161053   -0.638630338414
-0.51545586645   -0.848635405782   0.11884106106
-0.844620129417   0.526559456739   0.0967056125617
-0.144644691308   -0.0505280770589   -0.988192707271
0.409599837583   -0.626095739228   0.663499885727
-0.723490949293   0.22008440974   0.654311622136
-0.555687699458   -0.748042096337   -0.362828062238
-0.348119639864   -0.313874239681   0.883343465481
-0.261745674338   0.937352296225   0.229912754598
-0.900167716767   -0.151174185714   -0.40846596831
-0.676721848315   0.722942232745   -0.139291306712
0.712558506828   0.690724762276   0.123124640608
0.185223957303   -0.015932071159   -0.982567175693
0.226709472618   -0.783946695534   0.577953625815
-0.602091069968   -0.579240705844   -0.549514829798
0.765564601125   -0.223400499697   -0.603326659654
-0.325648380282   -0.888940836249   0.322082787608
-0.858354331795   0.135113493068   -0.494946648724
0.396460557324   -0.437639730422   -0.807025707676
0.298280171112   -0.944641331835   -0.136680992512
-0.795178015023   -0.166730324569   -0.58300336474
0.527940208688   0.282584063711   -0.800890368899
-0.851579415823   0.363399497644   0.377827082176
-0.047554119257   0.664211983853   -0.746030191289
-0.522064272533   -0.65327118847   -0.548348110207
0.813031795013   0.224246839488   0.537301270497
-0.466514332878   0.803059604292   0.370755511321
-0.348344194034   -0.55209476264   0.757527356304
-0.941832689705   -0.0382222195448   -0.333901552136
0.206422764473   0.718238174986   -0.664472396942
0.265218451268   -0.694746706307   -0.668570255971
0.616999394163   -0.786119834022   0.0364328719081
-0.539764885223   -0.389045793322   0.746523435242
-0.572682823454   -0.480269692195   -0.664360900763
0.796239451847   -0.458965900547   0.394148496708
-0.597051716815   -0.701284567591   0.389524328773
0.0976318737403   -0.545481674662   -0.832416818569
0.858010168018   0.399753146304   -0.322515074993
0.439104831788   -0.896637820181   0.0568116724092
-0.266468569025   -0.190362920343   -0.944857904809
-0.282575694106   -0.883785335399   -0.372926880296
0.0184233182457   0.383699306698   -0.923274294774
0.959068067688   -0.267765425288   -0.0921418394269
0.662207226169   -0.224782669811   -0.714810702888
-0.636985537879   0.333523089414   -0.694990484368
0.394627690543   0.915551800927   0.0776780900683
0.930978625512   -0.235496265272   0.278962914888
-0.334751401419   -0.245759339127   0.909694369822
-0.145671885029   -0.940289240755   -0.307629396576
0.883368033857   -0.379759758157   -0.274669697716
-0.35818723716   -0.924983231852   0.126916996213
-0.302262832473   -0.0137312372515   -0.953125717431
0.0954666233775   -0.244358856253   0.96497402721
-0.260345866232   0.929529978725   0.261139902326
-0.960784134838   -0.27615714371   0.0251212702945
0.44164191181   -0.331705333689   0.833621013007
-0.870268735139   0.0675263487274   0.487926757673
-0.218139291196   -0.94096321066   -0.258850315438
0.899533292665   0.196260162707   -0.390284260407
0.364301008758   -0.830059619035   0.422239036412
-0.24109050252   -0.521999020484   -0.818164037472
0.0444050560423   -0.00499464959167   0.999001123358
0.965130392653   0.258441771253   -0.0416074037486
-0.257975805401   0.966013925544   0.0162966094591
0.561639117263   0.204999100025   0.801583976233
0.718626844102   0.359275372053   -0.595396226037
-0.410045071792   0.910437573935   0.0544652465186
0.868672290737   -0.360709858595   0.339553897374
-0.129228120239   -0.826697948894   -0.547604414038
0.478234821242   0.431808868883   -0.764743457993
-0.527193250836   0.715150537208   -0.458941156802
0.820847704559   0.568251833667   -0.0574360466478
0.219718734282   -0.407000691236   -0.886608208366
0.841065048995   0.539939629455   0.0327838359832
0.296775113976   -0.409918800026   -0.862491222618
-0.452254480444   0.735140649068   -0.5050090207
-0.371828889102   0.880291383168   0.294669913527
0.538282250518   -0.0541584060922   0.841022642869
0.756303838411   0.471332099226   -0.453707566867
0.386765851849   -0.917341656172   -0.0943210565422
-0.672169367835   -0.210408397695   -0.709870866529
0.631348173989   0.33795353535   -0.69798774429
0.0642649571555   0.680887241058   0.729563280546
0.980440116762   -0.17936278913   0.0810318913408
0.186030085742   0.710085596906   -0.679095908101
0.131611135275   -0.141683361753   0.981124015632
0.811386496209   0.583996003413   -0.0245075856942
-0.569500186847   0.799296248576   0.191820343476
0.448035602612   -0.699946716953   0.556182247306
-0.830914586576   -0.0964410361894   0.547978171418
-0.329916729806   -0.707653672331   -0.624804954708
-0.0937610869162   0.239649114996   0.966321458036
-0.671984283945   0.700928176738   -0.23903307969
-0.734606003726   -0.6717648344   0.0953206512378
0.355024353849   0.634975868584   0.68612196765
0.533928717686   -0.740177027008   0.408727406866
0.767383758367   0.22123203884   -0.601812722023
0.81355632093   0.550606388519   -0.186972504925
0.359198768606   -0.223007303489   0.906225130544
0.457277112163   -0.804425476672   -0.379206138109
0.924763147331   0.241378113036   0.294193351197
0.340198703385   -0.177965308234   -0.923359730183
-0.170522618901   0.953973246824   -0.246692279638
0.345171190712   -0.277298182778   0.896639597003
0.796942520666   0.591200316556   -0.123954848429
-0.495721159364   0.757355863199   0.42505602998
-0.526387802634   0.0461220566109   -0.848992719143
-0.817479123824   0.247074050145   0.520271367528
0.233760055133   0.967898326092   -0.0923529479262
-0.702127545871   -0.391974090552   -0.594452034791
-0.341303468712   0.917955388034   -0.202162923961
0.624923076528   0.0609443837902   -0.77830388057
0.215616673189   -0.457847799122   -0.862487590102
-0.973039624792   -0.0266833863889   -0.229089252197
0.0818739202976   0.888630063484   -0.451257433672
0.839381452725   -0.510037487229   -0.187884375169
-0.320642015498   -0.185523224994   -0.92885404172
0.438893466241   0.839906479641   -0.319264201994
0.269417262841   -0.328689713682   -0.905194681051
-0.0594263306612   0.93248505504   -0.356286588789
0.96118824884   0.149782155967   0.231694747559
-0.499654502472   -0.859084661062   0.110990643467
-0.167795176505   0.221694100011   0.960570926366
-0.849817719603   0.461329893857   -0.254920717458
-0.6876952464   -0.700349282244   -0.191275013892
-0.645947618654   0.710514390094   -0.279143288337
0.331401451466   -0.0684118727224   -0.941006319658
-0.193269144991   0.97343957929   -0.122729063804
0.620285589157   0.218144001061   0.753431471807
0.760192623955   0.0694879867038   -0.645971047524
-0.093837385553   0.761511210249   -0.641323024487
0.945139941864   -0.13431323589   -0.297775830042
-0.312897803389   -0.634082511452   -0.707131058082
-0.838897989996   -0.54418062233   0.0108449377111
-0.528239271365   0.818802716867   0.224778519971
-0.131199979346   0.182837526602   -0.974349528813
0.526106618102   0.122379431837   -0.841567050835
-0.347087832782   0.934318125545   -0.0811152058083
0.776364516656   0.33477293042   0.534027361036
-0.637113999487   0.13954977856   -0.758031405004
0.173067927785   0.984261341803   0.0357365835538
0.751088040139   -0.108422646784   -0.651238271015
-0.0438784589957   0.860227327549   0.508019316354
0.880678780479   -0.206777725239   0.426201663508
0.471677396602   0.466102904196   -0.748510865826
0.225034726212   0.714399055053   0.662565741743
0.875157674857   -0.447127658264   0.184867253297
0.428320459622   0.538247942256   -0.725831066098
-0.766724763269   -0.530904347223   -0.360934497436
0.0218165224833   0.540351733886   -0.841156372514
0.641605156375   -0.652809756187   -0.402718568607
0.968943304361   0.0139212058231   -0.246890811824
-0.103413913915   0.929726208178   -0.353432794512
0.224620647634   0.367988284944   0.902291630683
0.877614930481   -0.205386957549   0.433137658793
-0.285759529541   0.501314987751   0.81671584675
-0.384881183058   -0.840535234672   0.381270237761
-0.867646358968   0.367231665873   -0.335157723084
0.482380000552   0.458522141678   -0.746369198625
-0.120413167179   -0.809257900282   -0.574980277918
0.371928116383   0.745048437296   -0.553689716653
0.89028581011   -0.455172755761   -0.0144547130671
-0.262793935548   -0.487565983736   -0.832597597249
0.406064122054   0.809956136457   0.423181977181
-0.389401466104   0.572292209365   -0.721698084594
-0.826727540965   0.128268016773   0.547785440564
-0.565403627491   -0.651586962025   -0.505720445437
-0.489595233964   0.758560678255   -0.429979306809
0.663788554355   0.00448645998732   -0.747906830278
0.894316380005   0.410725475876   -0.177490269933
0.218636574172   -0.0550488226062   0.974252367491
0.390379636877   -0.910095715073   -0.139030674727
-0.0548419791133   0.997721912166   -0.0392854087203
0.99798106613   0.0560335545745   0.029900375106
0.0320335605189   -0.0375662983309   -0.998780568634
0.144097682593   -0.9160146308   -0.374370209715
-0.601243635009   0.219437028501   -0.768344637376
0.785965615739   0.335804387379   -0.519127599054
0.67775562818   -0.647663716999   0.348107768019
-0.732814967127   -0.633771315062   0.247620968757
0.0602456008879   -0.422925087808   -0.904159741244
0.295300295129   -0.904072374378   0.308951254394
-0.693675179022   -0.425247351489   -0.581359988369
0.656972207718   -0.0426360405552   -0.752708234545
-0.931919850259   0.134062786044   0.336975610484
0.359762357108   0.459046354486   0.812309972137
-0.0457868875454   0.878238927526   -0.476025153835
-0.282537075342   0.307422688603   0.908660603076
0.95266905516   0.200746800679   0.228303292474
-0.112225096979   0.930156982743   -0.349590496232
0.751925759203   0.490398540744   0.440587021921
0.606790987139   -0.2535809379   -0.753326891775
-0.257705938185   0.833790128978   -0.488243453879
0.359838878926   0.303547836047   -0.882255457589
-0.562826519308   0.824794682865   0.054222138291
0.744138623093   0.477045534879   0.467637966032
0.999965692077   -0.00652094344398   -0.00510802945093
0.00661125351672   0.999818508802   0.0178673104923
0.00499059066733   -0.0179004679797   0.999827318716
0.720918134043   -0.659860176685   0.211805550526
-0.469602084518   -0.689894432195   -0.550926088187
0.509657655907   0.297708279452   -0.807229121206
0.86443997126   -0.172809519713   -0.472102113938
0.204915170111   0.978632308023   0.0169876058575
0.459078761376   -0.111425650506   0.88138017635
