-0.513828262965   -0.775383732086   -0.367097513195
-0.0709954487636   0.464870657848   -0.882527573352
0.854950385948   -0.427405357345   -0.293912398649
-0.144531579464   -0.858980473992   0.491185471932
0.709803645924   0.255851940855   0.656291527138
-0.689412363372   0.443500089809   0.572728787097
0.777369260122   0.215962035731   -0.590810826357
0.258432790138   0.746650730769   0.612964256073
0.573506343818   -0.629184460524   0.52461165469
0.949999132804   -0.18701676113   0.250052751891
0.0880967245154   0.928798859833   0.359960616045
-0.299567379402   -0.319933444688   0.898833675475
-0.608215012354   0.733990538797   -0.302212487668
0.386854022511   -0.0583569985187   -0.920292576299
-0.693122257624   -0.676647877171   -0.248453589843
0.593150771712   -0.685677746169   0.421922019366
0.53407265997   0.727271524373   0.431094564695
-0.602443819697   -0.0303670585465   0.797583403704
0.228797900829   -0.948728610402   -0.218095264463
-0.816550657985   -0.0650624357738   -0.573595591332
0.529996739161   0.309323298922   -0.789571119801
0.947340286246   -0.198924946785   0.25094869516
-0.116153108932   -0.943741356848   -0.309613802439
0.298420571243   0.264161157103   -0.917149958151
-0.994745462865   0.0754861374945   0.0691614571469
-0.0988901311244   -0.533598019839   -0.83993684
-0.0264991712082   -0.84236274625   0.538259043264
-0.985996790247   0.0741174912442   -0.149388510652
0.0638612342442   0.995334440129   0.0723263095546
0.154052174227   0.0617733743991   -0.986129797659
-0.890061336691   -0.220440269915   -0.398994867546
-0.454964883801   0.375363075188   0.807532981551
-0.0282448479519   0.900282538532   -0.434388742233
0.892956594758   0.0353508591587   -0.448752533849
-0.446942497383   0.188291104112   -0.874522077563
0.0535810032763   0.981476834606   0.183935584428
0.194804461964   0.682199511783   0.704737573656
-0.371610405189   0.716271904296   -0.590643941704
-0.907720732579   -0.146827740022   0.39304539993
-0.444563200163   0.801001903475   0.400948265603
0.86305721453   0.263210714028   0.431105978233
0.239782829887   0.537695146575   -0.808324268992
-0.839672192478   0.523287464975   0.14533010073
-0.489946234987   -0.845329315955   0.213004775554
0.234314523665   0.107650251214   0.966182243375
-0.0109106153102   0.592961051373   -0.805157220689
0.511654324363   0.695121307179   0.504991307516
0.859122116369   -0.406452407866   -0.310975287291
0.733427649977   -0.679189683105   0.0280224305349
0.667783372643   0.712178455245   -0.216488371757
0.127079697319   0.177491470918   0.975882948043
-0.213421058058   -0.920538419237   0.327200963761
-0.962376749651   0.25574624977   0.0917869678084
-0.168173849656   -0.295301328202   -0.940486407055
0.111797320492   0.922660952625   0.369050302305
0.869242597913   -0.270774579455   0.41364046356
0.481579344557   0.274550348064   -0.832288075894
0.92132256329   -0.00694857154758   -0.388736995572
-0.0527579860748   -0.992826776256   -0.107292065202
-0.385202971533   0.119359581532   -0.915080303044
0.81596569425   0.132523112051   0.562705616268
-0.566139182765   -0.0137979078986   0.824194178259
0.116988937705   -0.991083872591   0.0637679068566
0.207334648114   -0.665129804841   -0.717366493784
0.976978292377   0.1031094474   0.186766854877
-0.0502569389777   -0.73957473224   0.671195541937
-0.503334640789   0.353032691231   -0.788683813897
-0.843379415399   -0.00207012780574   0.53731450404
0.188056909106   0.935608696781   0.298782471783
-0.29256112608   0.866736023441   0.403951300501
-0.174324504729   -0.463697027576   0.868674872244
0.94022282176   0.183721888427   0.286753052565
0.161025972938   0.750423346573   -0.641042461118
0.638446189881   -0.574515143427   -0.512170686978
-0.752633442431   -0.326798333672   -0.571616786356
-0.21467252164   0.431907427148   -0.875997535857
-0.912219161535   -0.409120387608   0.0218336843501
-0.348958320981   0.803788829742   0.481821136315
0.945801340875   0.186156111343   0.266093453148
-0.00726986213326   0.831321815104   -0.555743815833
-0.324664400116   0.52368878348   0.787618616689
-0.079037653981   -0.846920500085   -0.525812434039
-0.0255369213818   0.529009585254   -0.848231527565
0.996544487165   -0.0536145991818   -0.0634394187792
0.922464556698   -0.105893939912   0.371275659215
-0.106215320464   0.854936177067   0.507742492648
-0.371183845735   -0.507809616521   0.777400762821
-0.960779382481   -0.264926041232   -0.0819583484269
0.257876484234   -0.962224663524   0.0873121743212
-0.101993612932   0.0627526061815   0.992803814124
0.206752844388   -0.155131008888   0.966016372231
0.243963801349   -0.947988205156   -0.204450547851
0.947488746619   0.27794375864   -0.158152907227
-0.335165356373   -0.24272285045   0.910356963919
0.841640673537   -0.511403934077   0.173513667642
0.423444400761   0.824349218523   0.375690305151
0.636645236163   0.492143059621   -0.59369862063
0.188042992759   -0.845715223448   -0.499405239964
-0.747878784393   0.206303101518   -0.630964621955
-0.328358602911   0.089164339663   0.94033523194
0.811837184719   0.535505639897   0.232710324537
-0.482805357678   0.839811544438   -0.248224810257
0.763293110969   -0.267046426249   -0.588277003609
0.499744098796   -0.333021599548   0.799595178795
-0.409437983662   -0.90431345255   -0.120738217117
-0.991225505886   -0.0816749215456   0.103928839459
-0.077442988011   -0.278339791118   -0.957355495252
0.107119466432   -0.957003744962   0.269572350289
0.744159362119   0.609541749793   0.273286843866
0.249728095165   -0.633299203346   0.732508018746
0.619566559989   -0.476855297024   -0.623495231292
-0.497705642296   0.394348611667   0.772514249774
-0.858057879542   -0.0938678721455   -0.504901473492
-0.126592926272   -0.914154251237   0.385092503125
0.383138849602   0.874201959122   -0.298287707747
-0.455529689393   -0.102102723802   -0.884345936766
-0.8035529379   0.474706191723   0.359105426766
0.721832674492   0.670114709301   0.172927344322
0.585569865039   -0.724561477781   0.363481221075
0.368870604948   -0.16111158026   -0.915411129226
0.617543899367   -0.780004197597   0.101158213137
-0.741460847934   -0.53440466662   0.405767745486
-0.262441123561   -0.325584250273   -0.908360915406
0.471502937111   -0.842124323815   0.261747213042
-0.810283361556   -0.296570185295   0.505457217952
-0.348031398413   -0.45041397451   -0.822193041375
0.645639563653   -0.697322654098   -0.311272661709
0.0280928614766   -0.385650857478   0.922217006599
-0.763125379593   -0.604164325501   -0.229401662619
-0.163178056483   -0.56565621601   -0.808335306152
0.350237142306   0.73274106774   -0.583459057515
0.922337717992   -0.378316762694   0.0785465532845
0.890341032647   0.448304862527   0.0794707230319
0.31912398268   -0.489981103365   -0.811220316575
-0.324734859945   0.747623748004   -0.579315114732
-0.2312093092   0.796065213252   0.559305311604
0.627444342547   0.561362552281   -0.539616235766
-0.743542771026   0.226168656418   -0.629278862277
0.114412898861   -0.0664090257724   0.991211142931
0.880521177944   -0.455217355094   -0.132134835728
0.459991460536   0.887900332761   0.00639181639128
0.0617823535525   -0.685016824684   -0.725902810774
0.968732756996   0.216252052773   -0.1216219355
0.240291045012   -0.695691741773   0.676958797945
0.146226334977   -0.512844987436   -0.845936095589
0.983851018166   -0.0138356760543   0.178453770266
-0.103223219351   -0.858369729738   0.502539922849
-0.396003407277   0.343595761455   0.851541692541
0.52628684176   0.844853320756   -0.0961510613494
-0.752464923844   0.410079040086   -0.515394721807
-0.114353326332   -0.993385882095   0.010382967376
-0.962451314878   0.11337027941   0.246646804636
-0.246192573502   0.0182117819359   -0.969049816961
0.469103452979   0.177055428106   -0.865212878881
-0.232522562934   0.969891992987   0.0724070415452
0.851983103195   0.167215122872   0.496149064852
-0.808909622667   -0.365451677041   -0.460554333498
-0.390291635755   -0.252063463978   0.885514793319
-0.439701786915   0.896051941505   0.0612638287131
-0.702117595013   -0.141393349359   -0.697881654387
-0.327498379724   -0.806150142091   0.492815137434
-0.632278177744   0.574569290132   0.519706106166
0.0629130931403   -0.321728117148   -0.944739626219
0.671417609646   -0.686727437584   0.278574621828
-0.738403911263   -0.651840812703   0.172809776129
-0.900598826642   0.418640005922   0.116885837009
-0.434603210868   -0.863327205297   -0.256488178474
-0.00646548955113   -0.28179191265   0.95945375887
0.485162849293   -0.869031841282   0.096957044639
-0.542247717381   -0.212017037541   0.813029020877
-0.685991561655   -0.447026212466   -0.574093322298
-0.592659421834   -0.186044382567   -0.783672315083
-0.435122277007   -0.744814839531   0.50588482767
-0.677807800017   0.640810691648   0.360469476803
-0.34193472356   -0.891709240939   -0.296538824521
0.937623056901   -0.344826277428   -0.0442475034593
-0.0627984712492   -0.293171397001   0.953995222205
0.644574124001   0.358296567125   -0.675387125029
-0.546824396363   -0.401335682531   -0.734787553971
-0.53432881095   0.842943200882   -0.0627652919605
0.760601292932   -0.582277008802   0.287122200832
-0.517841965635   -0.810869800126   -0.272635041533
0.391567838078   0.0586826402322   -0.918276089157
-0.6929465692   -0.350208458116   -0.630221459566
-0.625272456511   -0.143302228245   0.767136771709
-0.358969925428   0.925644914232   -0.119674915476
-0.896021035349   0.190514468083   0.401061767891
0.0999437340174   -0.79354917106   0.600242420311
0.43261709888   0.577913445561   0.691996022529
0.567825579813   0.14728314373   0.809865289097
-0.381256479615   -0.824910653367   0.417331895155
0.729532458265   -0.545738114424   -0.412252717156
-0.442462138533   -0.467722586289   0.765155434039
0.404980456454   -0.865475702459   -0.294860370928
0.80013629205   0.179408446646   0.572358736648
0.80619329901   0.133086361994   0.576489709259
0.171204159712   0.880212233947   -0.442623495656
-0.566340445605   0.455537532439   0.686836265941
-0.626774605429   0.526427668398   -0.574480203257
-0.0293760268761   -0.752708652419   -0.657698056572
-0.778646674066   -0.395352494009   0.487243021958
-0.59108275137   -0.379748591495   0.711626438724
-0.515140395738   0.856607063247   0.029235455776
-0.620686356957   -0.349306951624   -0.70194949949
0.569267318495   0.489992583965   -0.660183298602
0.0421819442535   -0.819343291558   -0.571749293098
-0.821069670413   0.297630371835   -0.487094198373
0.927726897537   0.356748334249   0.109788112273
0.339325495623   -0.928614614703   0.150110310705
0.155502448875   -0.102007467229   -0.982554560838
0.687255036477   0.726354169474   -0.00949396254433
0.300388599069   -0.272270554378   0.914130972437
0.661397916829   -0.631092992915   -0.405307821177
0.212102983285   -0.164628793138   -0.963280688559
0.794213041564   0.603387855387   0.0717547251536
0.569418975002   -0.78026947681   0.258730698732
-0.310910380714   0.277039398314   -0.909166600215
-0.261834168372   0.894593870388   0.362139027636
0.913661646036   0.350643663632   -0.205600140363
-0.167756283842   0.0750499794391   -0.982967613819
-0.0351416885176   -0.996919531519   -0.0701178251454
-0.985201954403   0.0227804359303   0.169876898898
0.557517144827   -0.829405782488   -0.0355060727082
0.296133574363   0.158737332278   0.941863772249
-0.775551119758   -0.535619741344   0.334113683235
0.178540457473   0.881743803989   -0.436636197734
0.381742952507   0.346930407032   0.856686413391
0.906860310774   -0.319635975452   -0.274658369507
-0.465586372406   -0.630699567255   0.620844091294
0.191563955744   -0.756705905269   -0.625059536197
0.864021169121   -0.172087851967   0.473131261402
0.174727425015   0.45421051446   -0.873592087591
0.811121434962   0.436566986323   0.38921881275
0.558168742132   -0.776596468577   -0.292139658897
0.258866521578   0.526719456658   -0.809663348549
0.366083126669   0.722199651642   0.586865237968
0.893851927544   -0.448323852975   -0.00586979386505
0.281344036838   0.247039891565   -0.927263082901
0.769694469567   -0.635164431967   0.0643161556854
-0.573075873208   -0.731804233617   -0.368844963646
0.949675381013   0.296859975262   -0.0999541183955
0.234425990324   -0.885224105934   -0.401774485669
-0.207752558968   0.358123494568   -0.910267233773
0.753242969591   0.562442298286   0.341003944055
-0.035287941088   -0.483143055832   0.874830011382
0.656795089793   -0.670992882749   -0.344076679425
0.608369891801   0.0368963434312   0.792795518776
0.335509775447   -0.917227014641   -0.214773821014
0.719249098247   0.396652572732   -0.570392383554
-0.739165924443   0.526445379483   -0.420105937311
-0.205607783763   0.417597467875   0.885063723175
0.641372883274   0.740585995848   -0.200432550639
-0.762149799293   -0.450151067626   -0.465286685554
0.400028356064   -0.892531447336   0.20824247852
-0.509023572914   -0.0274159047123   0.860315855013
0.035220869891   -0.982577901282   -0.182483309471
0.925894915806   -0.0366412732119   0.376000029231
-0.376135740403   -0.182203416567   0.908473345665
-0.634810283464   0.556909343379   0.535600492219
-0.626846794947   0.0340825357403   -0.778396734591
-0.451751037268   -0.829873703653   0.327460892799
0.990829160274   -0.13404259227   0.0170340426568
-0.00252898360844   -0.144440291706   -0.989510286138
0.135096925922   0.980392567082   -0.14345464446
-0.474090939492   -0.879994001685   0.0291262440118
-0.85185072059   0.450060333893   -0.267947841355
0.222683926052   -0.151842855792   -0.962993050973
0.106796320973   -0.982638432513   -0.151711096415
-0.0582666402027   0.146136338293   -0.987547046611
0.992572186023   0.114306087235   -0.0416482167064
0.345922072409   -0.291554153645   0.891815056675
-0.852718876918   0.298830622704   0.42845160273
-0.391418493135   -0.90867839989   -0.145241622151
0.379815210126   0.256851689404   -0.888688705795
0.440844842034   0.794318276968   0.41798839712
0.813262707499   -0.550532183006   0.188462420832
-0.434204779748   0.217290110072   0.874214628858
-0.892711557949   -0.233666434534   -0.385312952905
0.120549921394   -0.94772622916   0.29543647543
-0.772471930264   0.624888023447   0.113146255379
-0.619958838262   -0.780659964925   0.078873683976
0.137615972237   -0.00921831413048   0.990442763046
-0.586943858597   -0.754200970073   -0.294410943404
0.774351740657   -0.629108142034   0.0678404552486
-0.236381658758   -0.188159087921   0.953267994341
0.0344644004894   -0.739228675912   0.672572055477
0.85782858319   -0.323410025077   -0.399419675957
0.512779023519   0.590717293119   0.622985355084
0.990249428139   0.134679935987   0.035600349898
-0.0647409176663   0.218645972358   0.973654226279
0.123347815749   -0.9664653401   0.225233351739
-0.763537988312   0.110842145766   -0.636179030719
0.028366397624   0.989964857033   0.138437456371
0.645139587911   0.0876561495989   -0.759019967818
0.738746478288   -0.557814674844   -0.378280886837
-0.416348029247   -0.819062045582   0.394704552835
-0.530007508776   -0.134090096635   -0.83732424223
0.085894441225   0.924494914188   -0.371391031943
0.883478327764   0.10163054411   0.457315292632
0.460530334873   -0.367396769372   -0.808041722015
-0.4084253615   0.848944619519   -0.335383000572
0.908523358496   0.413572142668   -0.0595263796604
0.088170466429   -0.329015373194   -0.940199368779
-0.963098602524   0.257252237521   -0.0791351256127
0.176821839634   0.383089595933   -0.906629140562
-0.202916531717   -0.887166076774   -0.414440868374
0.592556769177   0.735198078182   -0.329181198035
-0.803315408112   0.509062214939   -0.309095481059
-0.0596726938611   0.447592948066   0.892244205613
-0.64604733776   0.175036662054   -0.742956933012
-0.362713293278   0.786035150816   0.500587463448
0.671611423558   0.592883554013   -0.444327792432
-0.794314550397   0.471967324897   -0.382506521849
0.435694529114   0.00379158954364   -0.900086607582
-0.423361160628   -0.88160788794   -0.208645296122
-0.973351778163   -0.145734675243   0.177052874528
0.191408281423   -0.0911159775086   0.977272095399
-0.126290085713   0.98511891824   0.116582722459
-0.574562312277   0.520713422196   0.631455209224
0.693013930386   0.719981244104   0.0368605538575
-0.43544212199   0.458785941463   -0.774535743728
0.932454128826   0.361252752008   -0.00507413075097
-0.350602329152   0.901394550882   -0.254098151181
-0.087219862585   0.238713872256   0.967165126937
0.99777674505   -0.0649998182774   -0.0147170194159
0.0112065911521   0.381319898429   -0.924375220015
0.0656961136699   0.922155170612   0.381200553466
-0.852891244419   -0.40685120166   0.327182861565
-0.510889577856   0.521277491079   -0.683565371075
0.107556331434   -0.750161234004   -0.65244904672
-0.341194189648   -0.79730398216   0.497888426238
-0.451392111533   -0.325631750238   -0.830788255142
0.824519063816   -0.50820303351   -0.248793066895
0.439308547735   0.301812141927   -0.846119040604
0.327041385383   0.823508888621   0.463548317448
0.836691061344   -0.480356681381   0.263069432886
0.157052805003   -0.408792875392   0.899012125318
-0.96024359653   -0.275944072207   0.042274156851
0.23079569269   -0.869909911452   -0.435878531466
0.0395059412243   -0.596973449295   -0.801287702043
0.998030983153   0.0626724577037   0.00251390368804
0.0487179358589   -0.799809267189   0.598273932947
-0.996045275206   0.0177665861235   -0.0870526171791
0.0869218308648   -0.0080068685115   -0.996182957782
-0.0183957891735   -0.999810101206   0.006430899356
-0.571112471584   -0.133222260721   0.809989119711
0.335720077198   0.862537861981   0.378576896303
-0.749081153526   0.488139596731   -0.447880742537
-0.83050131754   0.548775965536   0.0954594218166
0.0015815363702   -0.169052395284   0.985605796651
0.557014416605   0.818697885241   0.139530327868
-0.931499599398   -0.0138338466185   0.363479189238
0.265662028974   0.656696459789   0.705814030791
-0.248459619823   0.754028105834   -0.608037361459
-0.579675178791   0.168267965576   -0.797284503082
0.528854628307   -0.666680688186   -0.525213901299
-0.619910855858   -0.726101061671   0.297468954731
0.300045586954   -0.106872083954   0.947919302167
0.723823056122   -0.621734787007   -0.299209020673
0.621331497009   0.775902192481   -0.109192300676
-0.245836740279   -0.812559362158   -0.528499366224
-0.221507933971   0.577898368573   -0.785472921741
0.943662297815   -0.0760312999413   -0.322056996683
0.948857067273   -0.12095858946   0.291614961074
-0.228265959349   0.375245193861   0.898379483452
-0.218093827719   -0.918999490816   0.328443325691
0.999888508757   -0.00194603021619   0.0148048310681
0.00215837832397   0.999894836871   -0.0143407322344
-0.0147753666475   0.0143710877948   0.999787557622
0.894352856383   -0.404634934415   -0.190797112481
-0.266615102634   -0.824578129915   0.498986267058
-0.359234401648   -0.395400401512   -0.845345590369
0.862013114336   -0.506838986312   0.00690164241484
0.50680843094   0.862039502197   0.00575421414657
-0.0088659484567   -0.00146239749387   0.999959627361
