0.0792038866182   0.276789702919   -0.957660798344
0.638257719398   0.723865311622   0.262003996637
0.765737440612   -0.631986131955   -0.119330218468
0.602262147173   -0.274169021161   0.749741057911
0.570046084412   0.805186367384   -0.163469799732
-0.558862923916   0.52583862697   0.641222247476
0.904886291646   0.176642129145   0.387270393138
-0.102659586176   0.97353594295   -0.204178297453
-0.413088136548   0.145001124119   0.89907333708
-0.665997955069   -0.565804214329   0.486119650793
-0.745793969464   0.518529667419   -0.418232398453
-0.0154298072375   -0.641087026114   -0.767313069087
0.714000232768   -0.0427014493815   -0.698842080753
-0.366106686079   0.8280362097   -0.424643297176
0.596799431986   0.559046171303   0.575584760342
-0.0190404831314   -0.516250256964   -0.856226098755
-0.99212356757   -0.0962898540509   0.0801192279091
-0.123807458079   0.85100760055   -0.510350641357
-0.767473018043   0.356315513319   -0.532939416386
0.638504103747   0.350384175367   -0.685232397912
-0.0574253956748   -0.8661813809   -0.496419318025
0.593806425008   0.785994066534   0.172067594256
0.761990304068   -0.618020587729   0.193445934696
0.258388672598   0.0162443995527   -0.965904453534
-0.884963108224   0.441759849779   -0.147270269251
0.441341831862   0.896563158255   0.0373080515284
0.148518296955   -0.0319802811677   -0.988392420593
0.836550486037   -0.470985364034   0.279921544683
-0.392480169432   -0.871629050823   -0.293636023617
0.382286019774   0.13577770299   -0.914014121586
0.693036285599   0.231899893534   -0.682585632886
0.563973363099   0.41536907508   0.713724440652
0.449037584795   -0.879597050272   0.157080478088
0.258013750684   0.185503092004   -0.948165337543
0.372121837538   0.886597301593   0.274719061655
0.891602065099   -0.423714323178   0.159724543665
-0.0464224274647   -0.932337027644   -0.358598138742
-0.974870304334   -0.0360162272869   0.21984249156
-0.217882647201   0.359792298768   -0.907235721182
-0.583279723685   -0.57600615168   -0.572714306748
-0.728779883573   0.682467926104   0.0558337813189
0.358698543665   0.449949378334   -0.81785139952
0.68116165384   -0.681401012824   -0.267789956981
-0.387891396867   -0.0256663788179   -0.921347654924
0.620934026748   0.731460112869   -0.281792543734
0.870866606668   -0.409763889526   0.271449642164
0.187690880978   0.787650435081   0.586838074186
-0.454272480554   -0.460109059851   0.762847407057
-0.357407045182   -0.534350603415   -0.765982791372
-0.86351960928   -0.123382455848   0.488989421126
-0.355800630181   0.836209424853   -0.417324465305
0.69770843876   -0.697099135848   0.165093092777
-0.676779783757   -0.716958057626   -0.167153426224
0.2348873321   0.00489268841456   -0.972010289459
0.0295107554058   0.897471249675   -0.440084618366
0.956631419132   -0.153007274864   -0.247881225122
-0.289802421046   -0.413683610802   -0.863064555471
0.458694301754   0.222356470895   0.860323856107
0.763998095224   0.395726523214   -0.509614981449
-0.453769157205   0.891043275422   0.0116375810267
0.779258456147   -0.418489989454   -0.466500147106
-0.415861009813   0.211579504754   -0.884473704348
0.468845261297   0.883232835606   -0.00915855138393
-0.536329726066   -0.0664832674736   0.841385999477
-0.543386828514   0.790001537566   -0.283951272662
-0.645818224866   -0.609489578085   -0.459827440099
0.986412854546   -0.119224050863   -0.113027899577
-0.01047203427   -0.732228808837   0.680978199359
-0.16395126375   -0.670542017476   -0.723528427852
-0.36290288772   0.609403611227   -0.704931722017
0.746887605531   -0.262124724483   -0.611105173859
-0.557189733203   -0.748276598215   -0.360030184533
-0.111589363146   0.793753378266   -0.597915870783
0.624352756903   0.524095080116   0.579230508477
0.773130939098   -0.308674458766   -0.55406554624
0.826498288645   -0.379093235764   0.416159701874
0.232870079759   0.903283666804   0.360347253683
-0.512515467883   -0.200915245519   0.834841876824
-0.0154042275207   -0.541412366159   0.840616059532
-0.546244723429   0.708726357034   0.446456776151
-0.8374839771   -0.452304765191   -0.306661030267
0.830937706654   -0.0549048989476   0.553649690447
-0.134883702475   0.945551335471   0.296207796649
-0.539767463328   -0.320808547362   0.778288482166
0.724777451597   0.677769668933   0.123797906002
0.615513073577   -0.717689436162   0.325677032466
0.309582463831   -0.159844140009   -0.937341212682
-0.870864553265   0.426589683278   -0.244164231587
0.332545761615   0.87715728862   0.346422296414
0.361950613065   0.220491118056   -0.90574578142
0.817681652602   -0.52422297304   -0.23788019997
-0.2037704893   -0.650037689864   0.732071437405
-0.538399761043   -0.550128418018   -0.638345064221
-0.261097874871   0.465711579639   -0.845541615972
0.890356480077   -0.222232484686   -0.397338723444
-0.372952058763   -0.856577753244   -0.356624893305
0.987636391395   0.0827617429684   -0.133134714827
0.156750528845   -0.511056899761   0.845133194778
0.00190528163021   -0.855553235696   -0.517711339256
0.0394207015019   -0.392447184278   -0.918929385669
-0.785528022159   0.55621430602   -0.271240432424
0.617569214498   0.73253727095   -0.286351902339
-0.28728752577   -0.949584334746   0.125520790072
-0.947582655241   0.262628037823   -0.181971495666
0.139832002853   -0.171219464295   -0.975259404478
-0.542677114491   -0.809446644003   -0.2242714421
-0.171366686085   0.368090717308   -0.913861413267
0.822274290082   -0.457499021059   -0.338466597237
0.930211198344   -0.303799030775   0.205944835759
-0.345361918915   -0.534600417966   0.771315459503
-0.124226693744   -0.788611781554   -0.602211911664
0.010906326291   0.0733180481121   0.997248973861
0.735278358679   0.675305561725   -0.0576899779962
-0.677677495055   0.733884774419   -0.0465440712749
-0.606890328446   0.763158501625   -0.221975743317
0.73970233653   0.644516734386   0.193490652036
0.290731117282   -0.0467683706185   -0.955661099416
-0.254386960129   0.910117570308   0.327067703592
0.907235835232   0.341719236406   -0.245257217511
-0.334978228826   0.234337303233   -0.912620191825
-0.742580185901   -0.161978276501   -0.649875146083
-0.543815107642   0.71220702545   0.443876426054
0.390947306238   0.683025761483   -0.616957059235
0.671888300462   -0.73517734373   0.0898909615424
-0.199029911121   -0.296119824362   -0.934184213148
0.713409564121   0.609776453204   -0.345281726904
0.0438322844286   0.259175322163   0.964835158563
-0.936834636395   0.346120191643   -0.0504150470761
-0.347015266046   -0.901681188282   0.257975657399
-0.269107820129   -0.959956903438   0.0778699215933
0.0412294201652   0.0692960294698   0.996743796175
-0.962227164478   0.27144208193   0.0209303630774
0.842546703121   -0.427070037776   0.328216751388
-0.522256516057   -0.498673789412   0.691789406663
-0.131769436872   -0.75427822093   -0.643196067243
-0.0131256114442   -0.991890471736   0.126416021145
-0.442613846938   0.119129647193   0.888763809826
-0.896616250589   -0.044287912999   -0.440588106896
0.769425710936   0.550339443962   0.324207605974
0.264769718734   0.187111231446   -0.945984346123
-0.58127538344   0.813705034695   -0.00174502750681
0.864646585202   0.454143752044   0.214801618192
0.269099687556   -0.0576219098458   -0.96138705715
-0.424230645823   0.889063084364   -0.172032529362
0.519327563275   -0.336688286827   -0.785455205304
-0.854537805733   -0.195991770407   -0.480991023319
0.00800128735972   0.920993063738   -0.389496798389
0.0777824510803   -0.993396692683   0.0843380179493
-0.946021280245   -0.100239903349   -0.308213723089
0.314632527924   -0.0558119408753   -0.947571316381
0.654733327699   0.627314465165   -0.421664358696
-0.218404714126   0.691075308803   0.68899513671
0.723618442584   -0.359014594908   0.589478473054
0.549819450536   0.823221137453   0.141440908733
0.82273355283   -0.562980914018   0.0784983534686
0.144250035909   0.0732082597857   -0.986829507989
-0.873669547966   0.448277370121   -0.189073849087
0.486306249128   0.816155632002   -0.312083668929
0.0144136404321   -0.364605792316   -0.931050408514
-0.199792340187   0.861933360044   0.465997750696
0.71314242127   0.454058387878   -0.534096309092
-0.671945613718   0.22561441276   -0.705398631251
0.85010463532   -0.285523459709   0.442491201001
-0.453334145948   -0.824354565663   0.339009885089
0.267974366544   -0.488790245428   -0.830225171172
-0.164121938572   0.805703107809   0.569127833913
0.693460392766   0.50456301244   -0.514323682264
-0.701553043563   0.310255811452   -0.641533053327
-0.516052553723   -0.850264684381   0.103632660366
-0.8413828388   0.525859179074   0.124687779501
-0.160513801189   -0.0228492949414   -0.986769086136
0.410589722833   -0.626832209687   0.662191407697
-0.722392985525   0.219517730185   0.655713611748
-0.556385166942   -0.747591698099   -0.362687467386
-0.354374035535   -0.308242320617   0.882839574734
-0.239497782894   0.942536433561   0.232950388277
-0.903913632447   -0.128886551627   -0.407833791982
-0.673526604057   0.726885539361   -0.134161567878
0.714294756189   0.686740136138   0.134799802296
0.190118160387   -0.0050396513496   -0.981748280877
0.219905592416   -0.780783674018   0.584823379161
-0.596868939769   -0.581878600476   -0.552417200179
0.771614540536   -0.227583278604   -0.593983882053
-0.314163801042   -0.891574535708   0.326183925703
-0.861057594393   0.122886351462   -0.493435673375
0.399851128857   -0.435882773115   -0.806303468211
0.293811490193   -0.947370035558   -0.127140960973
-0.790139699592   -0.165860713327   -0.590058877489
0.537916409268   0.273825198805   -0.797286458645
-0.850264338888   0.275083900902   0.448753163435
0.0774608822543   0.908677998432   -0.410248835338
-0.520624976302   -0.314059138762   -0.793924739265
0.812531228842   0.223439402121   0.538393755291
-0.466236176874   0.803488318041   0.370176106935
-0.349881164869   -0.551798293175   0.757034883026
-0.942014430249   -0.0427159814115   -0.332842542517
0.207740110148   0.704720656138   -0.678389890435
0.263539104902   -0.708197812578   -0.65498320469
0.618989476434   -0.78465822895   0.0341099956985
-0.537386046879   -0.391452957621   0.746981136708
-0.572772437086   -0.480703698465   -0.663969645094
0.794044291986   -0.459295279536   0.398172711973
-0.599509558606   -0.699935429383   0.388173522845
0.10040892144   -0.546935316919   -0.831131642765
0.857070845231   0.399403841797   -0.325432231675
0.439226273054   -0.89660716672   0.0563548546745
-0.269276525741   -0.191238489179   -0.943884523097
-0.28391862342   -0.881702727717   -0.37681628841
0.0183199444866   0.387928502021   -0.921507383016
0.958673351517   -0.268536361143   -0.0939873812539
0.658465179102   -0.220169291361   -0.719686800662
-0.641413480463   0.336080822076   -0.689665446506
0.393716084234   0.915737497411   0.0800779672392
0.93265663335   -0.240836888122   0.268606026716
-0.326397402552   -0.246147162422   0.912620572873
-0.15367608752   -0.938833940451   -0.308179318534
0.878379240159   -0.379370679571   -0.290736647051
-0.35676524901   -0.925191596084   0.129379548748
-0.318069909856   -0.00991957743991   -0.948015366135
0.0988556282396   -0.267691776161   0.958419885929
-0.24738450396   0.92628937746   0.284233876245
-0.963861230659   -0.265196346469   0.0253461210806
0.445115565416   -0.332076353058   0.83162336978
-0.868683676507   0.0653333588108   0.491039939716
-0.2173955004   -0.940987166738   -0.259388412308
0.90060263201   0.187410856489   -0.39216332068
0.357334360367   -0.832910221966   0.422578651895
-0.247441011391   -0.520708875482   -0.81708947666
0.0329714530939   -0.019358375869   0.999268800949
0.965515189167   0.258959414813   -0.0268410312143
-0.258250465158   0.965694193186   0.027229074143
0.558460981973   0.209128422907   0.802736964598
0.717610362489   0.363636394721   -0.593973012908
-0.416121015148   0.907763116207   0.0530040147099
0.870573913064   -0.367986972462   0.326629224029
-0.142261396598   -0.823725214866   -0.548851952182
0.471023095962   0.431349462123   -0.769464024227
-0.50692906278   0.72845963937   -0.460835631349
0.835486663817   0.546777171511   -0.0547426643306
0.212096581524   -0.412772671726   -0.885795552926
0.840502851087   0.540382398006   0.0392660316175
0.302588804867   -0.408053180906   -0.861355104885
-0.449438508011   0.735852883033   -0.50648352593
-0.370305478124   0.882366193776   0.290351085674
0.541737199976   -0.0487717759503   0.839131765596
0.754582440183   0.468029073831   -0.459950135357
0.390716723515   -0.916391837433   -0.0869852990366
-0.667164311253   -0.216808134106   -0.712661220194
0.634217804664   0.336482144051   -0.696094492848
0.0623608101723   0.680003501692   0.730552097434
0.98034427232   -0.179012730949   0.082943052267
0.187179692033   0.711020168403   -0.67780091698
0.129541379437   -0.142491029414   0.981282496312
0.810023498617   0.585990493706   -0.0218420004426
-0.571909925356   0.797691323653   0.191331099054
0.449533851971   -0.707118089   0.545805207135
-0.825714447216   -0.0958569402636   0.555884069433
-0.340756463746   -0.700567951879   -0.62696856157
-0.0945959240501   0.230672837884   0.968422249338
-0.661240175155   0.712634637332   -0.234335879531
-0.74418616079   -0.66252691684   0.0851178156978
0.349534250844   0.640374284346   0.683920012453
0.539721177383   -0.734300236949   0.411708893151
0.765850415009   0.225219754824   -0.602286645929
0.81217528179   0.552491614125   -0.187414855255
0.360017773644   -0.221839921219   0.906186654068
0.45908443048   -0.803455080059   -0.379079701403
0.919727220807   0.251725977385   0.30122395592
0.349048545398   -0.173278785979   -0.920944936102
-0.17963004277   0.95215991025   -0.247233802498
0.345296779596   -0.278482356073   0.89622414125
0.796704660844   0.591700167643   -0.123095877278
-0.496015944697   0.756530560499   0.426180353418
-0.52436444067   0.0405643285147   -0.850527171031
-0.819123259363   0.248766378266   0.516867850654
0.232548961257   0.967713709896   -0.0972170578294
-0.706304956813   -0.382663490086   -0.595568603382
-0.332641935805   0.92204617977   -0.197939851762
0.624886110042   0.0583051946832   -0.778535711286
0.215446443486   -0.484165200096   -0.848037079969
-0.970158534022   -0.00719364786675   -0.242364746384
0.111244095797   0.874947032935   -0.471266846598
0.828762236368   -0.525448398472   -0.192502301561
-0.32754226281   -0.176564418791   -0.928192368019
0.453728136264   0.832303422147   -0.318436480005
0.269669701933   -0.335427949272   -0.902644084181
-0.0516399049499   0.930984751446   -0.36138720618
0.961567247818   0.144067634884   0.233736913009
-0.500783472684   -0.858194415671   0.112775256745
-0.166985686954   0.223629528896   0.960263304635
-0.849312483116   0.462052138602   -0.255296156162
-0.684503335301   -0.703156799102   -0.192420632573
-0.648815402184   0.707952782219   -0.279000774259
0.332406013561   -0.0661314904203   -0.940815002072
-0.197858305096   0.972634418688   -0.121796464026
0.615687698447   0.219997427007   0.756656983095
0.762745533613   0.0747222836126   -0.642367364701
-0.0840746388334   0.757309957985   -0.647621094971
0.943242570444   -0.149068722578   -0.296769218854
-0.321286334   -0.635814551183   -0.701794092382
-0.859679452734   -0.510816257653   0.00424139936662
-0.491800853819   0.829865677419   0.263542933174
-0.138141806613   0.224476520733   -0.964638343064
0.525627344559   0.106099240722   -0.844072772792
-0.331996723654   0.939100958916   -0.0886992922504
0.783258622763   0.326852168543   0.52884174361
-0.637985273962   0.125217025227   -0.759799635968
0.180103170524   0.983587667073   0.0108696434468
0.748690615802   -0.129907650948   -0.650066430491
-0.0493864818639   0.852872068094   0.519779001916
0.873858790372   -0.215116323259   0.435999749895
0.4836649562   0.475745943634   -0.734665915358
0.227927623464   0.707907170761   0.668518089531
0.870579076141   -0.455649196493   0.185676821088
0.43605168344   0.539676984213   -0.720144209199
-0.764133070163   -0.547360035899   -0.341317509284
0.0334216708535   0.494820854995   -0.868352067636
0.644192240686   -0.674943932895   -0.359815292139
0.967926260324   0.0162851361453   -0.250706100674
-0.106364225875   0.930615886575   -0.35020097531
0.227608009587   0.365634880714   0.902499710791
0.877533397738   -0.209438951414   0.43135885465
-0.282222609543   0.501680169128   0.817720861032
-0.38766678284   -0.839316587191   0.381132695985
-0.867555476218   0.371665010868   -0.330473320265
0.484149028483   0.479106693916   -0.732158790203
-0.113785824815   -0.795186704837   -0.595592889938
0.380820542905   0.741134869541   -0.552896752802
0.886221188856   -0.463145124202   -0.0104210540066
-0.263794841744   -0.486020266136   -0.83318460283
0.40705013869   0.811022701016   0.420181345405
-0.38997462448   0.570290533478   -0.722971990942
-0.825972140482   0.130425786794   0.54841511402
-0.558635952596   -0.662941118137   -0.498432489262
-0.492618960837   0.74866800663   -0.443647129229
0.667272382085   -0.00229994174488   -0.744810229775
0.892859327612   0.412214245958   -0.181332943851
0.22227332281   -0.0531890857559   0.973532480777
0.391659023977   -0.90953303216   -0.139114601503
-0.0527715309911   0.997854387379   -0.0387528981662
0.998100904231   0.0539399486266   0.0297500743525
0.0317765715538   -0.0371093457306   -0.998805860004
0.146687589894   -0.912835506401   -0.38106966443
-0.609135915827   0.220172006705   -0.761890886836
0.779381926237   0.343883156971   -0.523744391161
0.673319406032   -0.64921576251   0.353779410327
-0.736562050581   -0.630530473509   0.244760429054
0.0641663705292   -0.425382434634   -0.902736097212
0.292261768069   -0.898215256636   0.328317547001
-0.680296827667   -0.436553590944   -0.588742039007
0.672145285774   -0.0512865964369   -0.738640913997
-0.93271631281   0.140721982129   0.332020486617
0.356105154855   0.504521428335   0.78654131934
-0.0568277966587   0.851854126062   -0.520687189601
-0.272593799901   0.341430659161   0.899509713816
0.952203381946   0.229683788735   0.201380427571
-0.137845346949   0.911411247562   -0.387721805102
0.747565385071   0.493400983965   0.444636327878
0.611342825679   -0.249473189619   -0.75101469837
-0.259626548213   0.833257821265   -0.488134672793
0.36088481074   0.305810908353   -0.881045879457
-0.567439498903   0.821721098065   0.0527906438575
0.740117942264   0.480888890833   0.470075851552
0.999960783964   -0.00691774611804   -0.00552949569458
0.007023067906   0.999789834875   0.0192603893615
0.00539509510369   -0.0192984680691   0.999799210881
0.721215073805   -0.658994613513   0.213482825251
-0.467472813827   -0.690446360722   -0.552044374394
0.511192708917   0.298345307198   -0.806022389282
0.863944990982   -0.168754926378   -0.474468995173
0.199830790157   0.97970921995   0.01541102367
0.462240962987   -0.108127790916   0.880137303475
