0.0773210510858   0.284516454069   -0.955547927876
0.630173630188   0.728744888632   0.267977766095
0.772594752065   -0.622881429061   -0.122947445948
0.601089226494   -0.278137745411   0.749220352346
0.571531557366   0.804883870169   -0.159729879724
-0.558608468185   0.524214984638   0.642771521734
0.905509361301   0.178009864661   0.385182144809
-0.102632863922   0.972677579069   -0.208242220548
-0.41172720561   0.149032933471   0.899038315592
-0.661166004952   -0.569887486014   0.487942381015
-0.750102846595   0.514554106248   -0.415427239449
-0.0143259706541   -0.640673337225   -0.767679908258
0.71413230416   -0.0847143223894   -0.694865840099
-0.330055038496   0.834636001473   -0.440960788061
0.617315740701   0.544248315226   0.56808014193
-0.016405058878   -0.51578924128   -0.856558423361
-0.991986813707   -0.0989355324392   0.0785743078998
-0.125271846332   0.850983677288   -0.510033082769
-0.768447305164   0.353144221242   -0.533645854643
0.63721006563   0.345717508644   -0.688798037506
-0.0587543311844   -0.869349505789   -0.490692740257
0.595755185753   0.784204026493   0.173492949379
0.760168738781   -0.620278981299   0.193384265014
0.259266749186   0.0166742377908   -0.965661805489
-0.881616486793   0.4482491266   -0.147733174058
0.448230297673   0.893220081704   0.0353197662649
0.147790292183   -0.0350799963354   -0.988396389812
0.836213679711   -0.465409313413   0.290070427399
-0.384688540234   -0.874779004249   -0.294578377915
0.390847040255   0.134743700078   -0.910539799465
0.686008277205   0.237557798305   -0.687720100091
0.564003622267   0.423518504934   0.708894907619
0.459665702087   -0.874184401852   0.156553741192
0.258905191115   0.189170777861   -0.947197191093
0.370061291396   0.886381582081   0.278176799102
0.892201066252   -0.422542433078   0.159484010559
-0.0465591067999   -0.925913065848   -0.374856297895
-0.970912141525   -0.0462854781305   0.234919705341
-0.234865627577   0.374890182602   -0.896825227109
-0.585013988323   -0.571533301051   -0.575420124128
-0.728541520275   0.682078313215   0.063217306773
0.356350791631   0.456200460796   -0.815411094398
0.680996625622   -0.683978797622   -0.261565671094
-0.381842343252   -0.0268860343291   -0.923836330773
0.62485199911   0.729006272648   -0.279481365473
0.872659715137   -0.401439784753   0.278048774131
0.175566070897   0.789234447161   0.58846031486
-0.455677052667   -0.464709679943   0.759212313546
-0.354054245806   -0.531858654927   -0.76926715919
-0.862747029263   -0.131751581724   0.488169114357
-0.36098913353   0.836521303909   -0.412212267626
0.696042813856   -0.697363836972   0.17090371606
-0.676426333058   -0.71671308345   -0.169616543882
0.240773373166   0.00245660252013   -0.970578254382
0.0316537926295   0.898502662724   -0.437825310472
0.957318517967   -0.153166268797   -0.245114971516
-0.28729652377   -0.411379458871   -0.865001530778
0.458239136259   0.22636821171   0.859519823346
0.761834718086   0.3980974293   -0.511005185003
-0.457847962009   0.888974616909   0.00996865939751
0.784535141329   -0.418595763977   -0.457473713344
-0.408411142559   0.206313659872   -0.889176592352
0.466588631081   0.884427645505   -0.00909885793052
-0.535649134384   -0.0737671273243   0.841212467692
-0.538536302593   0.797145936768   -0.27301466314
-0.650429593165   -0.599263520019   -0.466716807013
0.986380408285   -0.124531598822   -0.107450318966
-0.0181163117691   -0.731553889696   0.681542886183
-0.163479324071   -0.670313946859   -0.72384647767
-0.367535084096   0.604334793548   -0.706892791921
0.743198121066   -0.26607992784   -0.613887632103
-0.559083638471   -0.750986637239   -0.351346774407
-0.10696817827   0.792926183823   -0.599854878992
0.629407325998   0.521041954789   0.576508195373
0.769678002039   -0.315885023957   -0.554808457779
0.826128138731   -0.378737752438   0.417216985841
0.232654660054   0.903631562102   0.359613416225
-0.513209613659   -0.200019286199   0.834630563541
-0.0147942522133   -0.544178148624   0.838839241251
-0.54406154596   0.708249811254   0.449865801174
-0.838914873101   -0.449724746282   -0.306544431156
0.830805365589   -0.0502630594838   0.55428879599
-0.139285397962   0.945445510757   0.294503589287
-0.538852505259   -0.3218794977   0.778480292966
0.719388566654   0.680771749619   0.137948958272
0.614336660167   -0.716258495157   0.33100488832
0.324145890214   -0.153374029866   -0.933491215182
-0.870442993732   0.427353713988   -0.244331327921
0.334187733572   0.877433412533   0.344135388039
0.361452007039   0.217897704695   -0.906572135517
0.822038079329   -0.519074222607   -0.23412677667
-0.203147349596   -0.651433392506   0.731003207551
-0.531962922093   -0.553350238567   -0.640951607351
-0.262514743146   0.466614798733   -0.844604427668
0.890859621297   -0.219112209643   -0.39794343157
-0.370749436649   -0.856889998303   -0.358168097458
0.988304340367   0.0800696622804   -0.129782048045
0.152488836933   -0.51166118462   0.845547152301
0.00129823848187   -0.855448234165   -0.517886699232
0.0432735432945   -0.392726180758   -0.918636787528
-0.78844356606   0.551292976071   -0.272823748369
0.613583037242   0.736099314959   -0.285786029974
-0.292631952304   -0.946839110102   0.133649691626
-0.944830897461   0.264794461487   -0.192817188986
0.14717715751   -0.182700828535   -0.972090166373
-0.548103944585   -0.800756571904   -0.241600865811
-0.180274306166   0.395164369646   -0.900747631388
0.816751639327   -0.45014890144   -0.360946985139
0.928451964437   -0.30521790564   0.211704935724
-0.350814505171   -0.533180896307   0.769835901195
-0.122090674067   -0.789024817027   -0.602107719113
0.00788420081589   0.0663423073924   0.997765772927
0.736630755249   0.674394919452   -0.0506618499273
-0.676249192086   0.735384383072   -0.0435527190249
-0.594953366604   0.780318940644   -0.192698838699
0.738363779755   0.625330950666   0.252547284454
0.317567977464   0.0079720142171   -0.948201996769
-0.256800258869   0.91073674739   0.323438099176
0.905070058638   0.343997192237   -0.250028239785
-0.338971703837   0.228526822686   -0.91261912938
-0.741560249967   -0.162684998546   -0.65086249449
-0.546964523608   0.708381988645   0.446121920609
0.388481924162   0.686824977255   -0.614290847277
0.672203431481   -0.735143188544   0.0877897433738
-0.201139864787   -0.29544945896   -0.933944522972
0.712520386724   0.610142696042   -0.346468741685
0.0448817211818   0.260785208279   0.964352998763
-0.938190739135   0.342633710145   -0.0489926285951
-0.3431963987   -0.902548179212   0.260044257968
-0.265429947282   -0.960846036827   0.0795099779687
0.0344485446244   0.0729638830473   0.99673946924
-0.963514525503   0.267303507801   0.0137329479477
0.842496147037   -0.422125007952   0.334680026132
-0.524295883227   -0.499803995052   0.689427148709
-0.123750026507   -0.756311076349   -0.642401343981
-0.0142153688628   -0.991980236523   0.125591136734
-0.441488512893   0.118924249318   0.889350839601
-0.897154287881   -0.0428045939519   -0.43963843151
0.770570281361   0.549544732446   0.322834367013
0.264038273693   0.185767693104   -0.946453461204
-0.580090709724   0.814549538851   -0.00195377892887
0.869960455156   0.448822344054   0.204272636302
0.25902292919   -0.0634202725809   -0.963786797574
-0.419614023381   0.891367697699   -0.171428407444
0.515200139425   -0.347084457286   -0.78364609094
-0.856829185893   -0.18691143829   -0.480528730084
0.0203116355233   0.919019310866   -0.39368889204
0.077844182901   -0.993081632469   0.0879156097697
-0.944867732601   -0.101622261339   -0.311284249344
0.318064853572   -0.0588369548233   -0.946241492257
0.653918466789   0.625299271373   -0.425900763103
-0.215358778729   0.693495882595   0.687520223155
0.7252663202   -0.357860702011   0.588153451695
0.547525810644   0.823687693924   0.147492608484
0.823216709814   -0.561828810176   0.0816249761966
0.150099085144   0.0767265986174   -0.985689248041
-0.871385051448   0.451837769653   -0.191130118047
0.490451149192   0.811881771696   -0.316710686658
0.0120732085794   -0.369716944029   -0.929065992774
-0.201864373284   0.861338373538   0.466204870273
0.712123244798   0.4558754002   -0.533908328938
-0.672407063477   0.224218254747   -0.70540407939
0.851315832953   -0.288340773532   0.438316039956
-0.453944092832   -0.823686071332   0.339817622379
0.263051540856   -0.488263099379   -0.832107584775
-0.160685073864   0.80229072731   0.574899900769
0.701254224641   0.502688548394   -0.505516306101
-0.694566641479   0.321922059175   -0.643384308446
-0.516380744009   -0.85115748901   0.0942435998665
-0.83925479878   0.524878503929   0.141964568953
-0.170300645741   -0.00578662370324   -0.985375159542
0.41033374938   -0.62713194118   0.662066267444
-0.722062552559   0.220004864941   0.655914270018
-0.557002589156   -0.747197020721   -0.362553069127
-0.358193699272   -0.304550120541   0.88257945698
-0.225338757764   0.945557050944   0.234828251408
-0.906046200838   -0.114765358399   -0.40731952379
-0.671578663357   0.729261264477   -0.130996591783
0.715317565236   0.684233437327   0.141934435952
0.193139534509   0.00161597569232   -0.98116996939
0.215643966581   -0.778509308642   0.589424241134
-0.593242956709   -0.583906515589   -0.554180453797
0.775603296791   -0.230166108307   -0.587761081219
-0.30670478344   -0.893239795164   0.328716966623
-0.862779182076   0.11507261412   -0.492311259727
0.401925688141   -0.434604373898   -0.805962021062
0.290732088718   -0.949127773541   -0.120960001992
-0.786821040583   -0.165230616756   -0.59465241392
0.544414825923   0.268058412996   -0.794831544753
-0.849358092003   0.198115219353   0.489225092704
0.169963457821   0.980172992304   -0.101849536878
-0.499703166366   -0.00335633990762   -0.866190210304
0.812212315048   0.222896673553   0.5390994604
-0.466043856268   0.803763287231   0.369821175888
-0.35087644452   -0.551617304858   0.756706065564
0.695246727766   0.687887668611   -0.208428747761
0.717295768627   -0.645437956712   0.262481664674
0.0460300752885   -0.331994577294   -0.942157541365
0.620448711163   -0.783581593401   0.0322998962825
-0.535555205002   -0.393252194109   0.747350877584
-0.572908386404   -0.480991266359   -0.663644017887
0.792602732338   -0.459351107466   0.400970658229
-0.601071430226   -0.699109236557   0.387245931066
0.102440443459   -0.54794419007   -0.830218718238
0.856612062798   0.398990105578   -0.327143194213
0.439095290232   -0.896684768464   0.0561404675881
-0.270944828267   -0.191737637557   -0.943305665402
-0.284818318704   -0.880240697459   -0.379545570221
0.0181097337041   0.390933249599   -0.920240855378
0.958410435504   -0.268974922434   -0.0954040262518
0.656137852353   -0.217038562834   -0.722756792395
-0.644263324636   0.337600640097   -0.6862583889
0.392947690206   0.915925799424   0.0816825728808
0.933735461433   -0.244078974627   0.261846409576
-0.320875285034   -0.246462030761   0.914491945754
-0.158673058573   -0.937913600253   -0.308449248572
0.87501843358   -0.379125619691   -0.301009145028
-0.355872879198   -0.925315162928   0.130944045708
-0.328172568548   -0.00745746265589   -0.94458835029
0.101162537427   -0.283140776905   0.953728180077
-0.238748609073   0.923723224784   0.299557182622
-0.965797723483   -0.258005241126   0.0258467186419
0.447515773239   -0.332154797129   0.830302850433
-0.867624885627   0.0637149545387   0.493120129779
-0.21669492503   -0.941070451824   -0.259672320721
0.901348684217   0.181603446239   -0.393180286605
0.352645101508   -0.834763997317   0.422859907262
-0.251419931277   -0.5197973231   -0.816454996347
0.0256674915988   -0.0285383418936   0.999263099949
0.965643055738   0.259288972773   -0.0173987788285
-0.258601370418   0.965378056329   0.0342131492013
0.55630567591   0.21146597507   0.803620642057
0.717128103964   0.366411028478   -0.592849256317
-0.419822912019   0.906104353592   0.0521883411038
0.872404584046   -0.371835931444   0.317251133684
-0.150536824254   -0.821910260054   -0.549365260067
0.465025704967   0.431510793043   -0.773013278809
-0.493104712019   0.737073634197   -0.46213656072
0.845009343994   0.532125194651   -0.0529337867516
0.206898408756   -0.416611611682   -0.885227548974
0.840175654344   0.540593241059   0.0431719534921
0.306069040376   -0.406952922094   -0.860645723695
-0.447690308551   0.736307182439   -0.507370792132
-0.369534319035   0.883625317744   0.287490321398
0.543842598456   -0.0451995918753   0.837969107426
0.753445164004   0.466007826905   -0.463850288459
0.393167936074   -0.915767694872   -0.0823923726694
-0.664023348166   -0.220814356926   -0.714362662007
0.635996829501   0.335574952594   -0.69490825586
0.0607721758251   0.679236637156   0.731398888016
0.980265251918   -0.178710265822   0.0845143583759
0.188113738274   0.711828793766   -0.67669268493
0.128109889953   -0.143558940457   0.981314774522
0.809360018202   0.586979292201   -0.0197906911251
-0.573170321123   0.796772327038   0.191388719194
0.450366900095   -0.711131854762   0.539871411022
-0.822699808737   -0.0955991185163   0.560380079267
-0.346892894135   -0.696528745765   -0.628102719558
-0.0950778546478   0.224935515969   0.969723782946
-0.654432154423   0.719920387528   -0.231156204501
-0.750119161742   -0.656596260481   0.0787565483584
0.346116662817   0.643974992096   0.682275212268
0.543617256932   -0.730361003739   0.413585640687
0.764646018551   0.227747697622   -0.602866032002
0.811327163864   0.553624107747   -0.187746053208
0.36056837978   -0.221113415993   0.906145297813
0.460150710829   -0.802875584738   -0.379014668227
0.916523082959   0.258475651109   0.305247074001
0.354262912078   -0.170272686335   -0.919513459057
-0.185696600746   0.950893027656   -0.247627184287
0.34545508874   -0.27858551194   0.896131069758
0.796225563303   0.592411185535   -0.122775565911
-0.496674575542   0.755935909836   0.426468364848
-0.523020369924   0.0371551995236   -0.851509943487
-0.820273735136   0.249431943111   0.514718083259
0.231518232877   0.967679284131   -0.0999805528883
-0.709079351449   -0.376181330586   -0.596400938855
-0.32687973308   0.924796813913   -0.19468048972
0.62478485373   0.0569074643109   -0.778720377963
0.214965086084   -0.501505788619   -0.838022646318
-0.96779850216   0.00569358760668   -0.251661761641
0.130981185588   0.86513555414   -0.484132628499
0.821654459498   -0.535425342434   -0.195457544907
-0.331867173257   -0.170593301572   -0.927772657897
0.463409245156   0.82717448468   -0.317858841881
0.26976830869   -0.339578072979   -0.901061480687
-0.0465750310235   0.930057601886   -0.364449754642
0.961798225259   0.140283960329   0.235084206961
-0.501555573564   -0.857507348047   0.11455633746
-0.16700097656   0.225891414655   0.959731078219
-0.848853744902   0.462227451281   -0.256501662496
-0.682516979573   -0.704861609401   -0.19323737782
-0.650579202132   0.706397773949   -0.278834873561
0.333042451271   -0.0645933166178   -0.94069677851
-0.200693839545   0.972065175902   -0.121701588086
0.613156195085   0.221527000058   0.758264642891
0.764042841189   0.0775569598949   -0.640486888831
-0.0774337997943   0.754617777072   -0.651579632263
0.941977204498   -0.158730528823   -0.295776208359
-0.32662356446   -0.636676236207   -0.698541636121
-0.87198226685   -0.489536327269   0.00105384621514
-0.468644060034   0.835386436984   0.287232041909
-0.141490887705   0.249967368246   -0.957860450963
0.525301065853   0.0948392931296   -0.845614746023
-0.32147550332   0.942238032034   -0.0940265481367
0.787852962791   0.321236672048   0.525447152008
-0.638579743165   0.115744419493   -0.760801643654
0.184430214715   0.982831435098   -0.00527883353414
0.747128775735   -0.143685766657   -0.648963013538
-0.0528266355212   0.8484385818   0.526651041449
0.869744021953   -0.220042596811   0.441731357078
0.490667588926   0.481386776369   -0.726300274445
0.230224633872   0.703145295601   0.672743124253
0.86716325919   -0.461956830908   0.186074630953
0.441615783082   0.540539156442   -0.716095608478
-0.76242053087   -0.558136523499   -0.327411904423
0.0420547993854   0.462172698142   -0.88579218269
0.645713812668   -0.689115388162   -0.328897634322
0.902643532742   -0.229540005566   -0.364068727912
0.253171159079   0.967256784569   0.0178515241972
0.348050308159   -0.108285264696   0.931200990356
0.877592150297   -0.211893804441   0.430038409187
-0.279899995481   0.501792800517   0.818449740595
-0.389214606954   -0.838632816547   0.381060347904
-0.867584352127   0.374337157397   -0.327366895912
0.485101067029   0.492212724531   -0.722774922488
-0.109427358164   -0.785874243376   -0.608627412203
0.386665677872   0.738488368094   -0.552380832163
0.883480532977   -0.46840322931   -0.00778219845514
-0.264484028634   -0.485008602966   -0.833555549219
0.407659899093   0.811744727683   0.418191228697
-0.390439421331   0.56895128923   -0.723775855332
-0.825451673299   0.131776050817   0.548875766897
-0.554275432843   -0.670212049194   -0.493552989728
-0.494329007488   0.742137567853   -0.452626405259
0.669639885991   -0.00690213713482   -0.742653878736
0.89189939574   0.413166743692   -0.183871449077
0.224674337174   -0.0519676665476   0.973047174526
0.392475362404   -0.909171382933   -0.139177894673
-0.0498172488805   0.998024248928   0.0382862934888
0.998256425279   0.0509707723838   -0.029767259753
-0.0316599290085   0.0367366154877   -0.99882334273
0.148591436677   -0.91074834274   -0.385302531935
-0.614245191603   0.220348808562   -0.757726366924
0.774998986781   0.349261877016   -0.526680844253
0.670420838414   -0.650495959117   0.356918627408
-0.73903151056   -0.628271552368   0.243119894049
0.066093311451   -0.426766755564   -0.90194335217
0.290458802928   -0.894338956615   0.340281522382
-0.671822034537   -0.443825785162   -0.593020932447
0.681387435829   -0.0563604745357   -0.729749723663
-0.933155561869   0.144741472291   0.329044987054
0.353854531698   0.531063491955   0.769908136012
-0.0633061426967   0.834878119069   -0.546782277108
-0.266667208601   0.363649059271   0.892551377558
0.951154491871   0.248756415119   0.182826088264
-0.155543345993   0.897707974593   -0.412221615039
0.744780540683   0.495073296419   0.447442038028
0.614342480527   -0.24689049355   -0.749418708614
-0.260548004869   0.833035122533   -0.48802379224
0.361575529699   0.306906398852   -0.880381507453
-0.570118195646   0.81993529868   0.0516850942943
0.73771836043   0.483233451163   0.471441462285
0.999957385184   -0.00717087089412   -0.00581432934724
0.00728693412447   0.999769557554   0.0201923841952
0.00566819249885   -0.0202338923354   0.999779206222
0.721492298129   -0.65819486037   0.215007882469
-0.465663965615   -0.691036497566   -0.552834179626
0.512450909717   0.298744179553   -0.805075139547
0.863615872068   -0.166117498948   -0.475996430718
0.196482264378   0.980402591595   0.0143345100482
0.464286921308   -0.105904366939   0.879330381464
