0.932075129754   0.107620398459   0.345910107296
0.312771308738   -0.720847302676   -0.618508912348
0.182784192215   0.684687531696   -0.705544416048
-0.142382161492   -0.98855965976   -0.0497706658946
-0.633823440143   0.129680327091   -0.762529251564
0.760259933716   -0.0770247483629   -0.64503644961
-0.272316341549   -0.206923099886   0.939694972243
-0.950834357677   0.20758164869   -0.229834469541
-0.147505370706   -0.956081947252   -0.253277467912
-0.500038853252   -0.416939694233   -0.759027296354
0.724262268182   -0.68184995701   -0.102590462583
-0.474768693288   -0.601034048534   0.642925159234
-0.735263986629   -0.608866202068   0.297773098089
0.536477604139   -0.791299554788   -0.293320293963
0.414220533321   -0.0559192504589   0.908457146597
-0.176426931132   0.899802125585   0.399035929164
0.431205096406   -0.293772139166   0.853088562275
0.884836540162   0.32257412333   -0.336169945344
-0.78951758004   -0.602937611735   0.114578475997
-0.608521396216   0.744790037984   -0.273842125442
0.0797728096165   -0.285926626382   -0.954925265752
-0.279013782774   0.131905775394   0.951184616907
0.756290634224   -0.580203632875   0.302304847767
0.591756525614   0.803719236311   0.0621257078564
-0.664679919229   0.0326668179333   0.74641374852
0.514909885287   -0.703863048396   0.489330787031
0.541357936127   0.709584165627   0.451023166681
0.538794970453   0.775902376966   -0.328139423466
-0.73467446865   0.242152384715   -0.633731526508
-0.412254053865   0.582527015678   0.70050615349
-0.333315057617   -0.533022943471   0.777680920493
0.837773831661   -0.545810561367   -0.0150279101874
0.432476680701   0.646511695821   0.628479552425
-0.782582068969   -0.296419670281   0.547449252807
-0.100216248193   -0.807917574993   -0.580711542519
0.614428196722   -0.509317750611   0.602555740148
-0.87191946836   -0.489256544573   0.019608015916
0.421160206739   -0.769785452251   -0.479639904264
0.249760927599   -0.409949254293   0.877246309738
0.971960128403   0.183948479253   -0.146480257289
-0.142520413237   0.956314578616   0.255245682701
0.187033260693   -0.227212199733   0.955716053902
0.757167024187   0.548696230834   -0.354443992405
0.638155894507   -0.505477766004   0.580731678472
0.139481725649   -0.665901399866   -0.732884829879
0.493334465288   -0.630369671052   -0.599378997944
-0.278784346526   -0.767303485587   0.57751592977
-0.823954120987   -0.117811030146   -0.55427445159
0.109696427331   -0.790431775938   -0.602647742399
-0.986160270618   -0.162380620834   0.0334731927484
-0.124316589745   0.590635371075   -0.797304988037
-0.452369155747   -0.161637880925   -0.877060626399
0.082221552328   -0.986808844011   0.139455805598
-0.888032523763   -0.00902778114582   0.459692001134
-0.601285059046   -0.0759720954164   -0.795414683348
0.423900813483   0.813504853119   -0.398143132906
0.677321473228   -0.576574448506   -0.456943680593
0.0762191584986   -0.970836834536   0.22730261896
0.359760285353   -0.185833333219   -0.914351414582
0.929926436317   0.15146555045   0.335104476345
-0.352139417801   -0.507086021103   0.786677569041
-0.723681478235   0.680531679878   0.114724673636
-0.593534285858   -0.528904906277   -0.606610790892
-0.0832026660534   -0.97246761307   -0.217678795228
-0.950334883415   0.143166700002   -0.276345626663
0.299901526717   0.183875059595   -0.936081746821
-0.575150945919   0.271326636265   0.771740400563
-0.325225593501   -0.941474598644   0.0886221949639
0.750619545935   -0.200018590539   0.629732372281
-0.759802839759   0.0986847213851   -0.642620393746
-0.579087448187   0.346615314273   0.737912969979
0.295562805585   0.932801774053   -0.206212216607
0.0249505248803   0.145000740559   0.989116907421
-0.0709369589524   -0.986674016152   0.146432010519
0.997168701456   -0.0738185009825   -0.0143321230077
-0.513220258734   -0.133656879061   0.847785824784
-0.632288627184   -0.609074983595   -0.478788843116
0.580358559823   -0.781769469241   0.228079896094
0.756008754671   0.614845698111   -0.224534029435
-0.425492544928   0.200951705137   -0.882368690749
-0.497400097579   0.762616010661   0.413533509177
0.18522502949   -0.354664007318   0.9164633819
-0.886566442655   -0.462601250842   0.000159615839247
0.423900496824   -0.812535245163   -0.400118537635
-0.107289285277   0.989611916028   -0.0956935991626
0.165175457479   -0.0771699126521   -0.983240495925
-0.980411177778   -0.121297404083   -0.155180096183
-0.922412858951   -0.0388018704808   0.384251132059
-0.24195458743   -0.717424115551   -0.653269175797
0.301019094515   -0.695555212239   0.652372938943
0.321223527786   0.901009915169   0.291541725941
-0.896494743687   0.190124313687   0.40018735598
0.305143605107   -0.389915219135   0.868823055719
0.079501279413   -0.332437409483   0.939768543498
-0.419383333017   -0.866412878387   -0.271009859881
0.904321384553   -0.372577633443   -0.20829964114
0.388933403602   0.190223196046   0.901413303235
0.904918552286   0.104623655997   -0.412524307567
-0.172780847581   0.976150104385   -0.131444864553
-0.854592877207   -0.245488978096   -0.457609195559
0.214583855031   -0.969392096717   0.119301014171
-0.472889821615   0.00375825167303   0.881113552363
-0.47449826325   0.456782239628   -0.752463543126
-0.734085764339   0.266392231939   0.624622501481
0.485766907855   0.848755067333   0.208914688115
-0.0455430444919   -0.64296152021   0.764543206515
-0.935190080911   0.296511471517   0.193650354566
-0.351205557563   -0.706173796447   -0.614795271247
0.171814100716   -0.943754816445   0.282500904835
-0.984431349854   -0.153688031471   0.0852930618915
-0.0370787300164   -0.292757297808   -0.955467598802
0.666343790232   -0.70629839687   -0.239015748013
-0.01632060995   0.306657076744   -0.951680132699
0.745466022639   0.638047029506   0.192811818176
-0.877867210181   0.471956442067   -0.08127901378
0.460542086185   0.878506393891   0.12699410516
0.13133981933   0.0740515542372   -0.988567761549
-0.0568880623315   -0.605548812646   0.793772249369
0.997625959612   -0.00357221152886   0.0687726981731
-0.0388097033407   0.79580014753   0.604314431499
-0.0813857685865   -0.879261558805   0.469335133865
0.529524657061   -0.437085422976   -0.727021299953
0.844381426984   0.189355338531   0.50116320848
0.978093341668   0.205244355257   -0.0347587344432
-0.206775891781   0.977188478905   -0.0484397282624
0.0240238540431   0.0545658439973   0.998221129363
-0.480057861002   0.0252600917408   0.876873068269
-0.877231638366   -0.0103853487602   -0.479954994953
-0.00301707457157   -0.999626966571   0.0271445199746
0.558468132196   -0.540566331721   0.62920695032
-0.766145162588   -0.045330064083   0.641066903789
-0.318017193189   -0.840079297626   -0.439467676327
-0.0261498587383   -0.0133418292469   0.999568997359
-0.9186720398   -0.39393360809   -0.0292915637427
0.394154624706   -0.919042059979   -0.00195545728506
-0.85347924326   -0.473748568379   -0.217107059497
0.428748068816   -0.401532597033   -0.809287752908
0.296223352913   -0.783794531417   0.545818520857
0.352363988121   0.456138471665   -0.817176428039
0.919518695642   -0.00626551270904   0.39299632532
0.174140713906   -0.889886755726   -0.421635593544
0.406700432334   0.379678976194   -0.83092637061
-0.426009503461   0.883420166323   0.195153049413
0.808152622529   0.274613700988   0.521034215699
0.721053025654   0.522315928414   0.45526761923
0.0673980984439   0.60107699015   -0.796344114211
-0.689594105631   0.604890504833   0.398205282037
-0.407940953164   0.904971904944   -0.120871957017
-0.0617289232237   -0.159424046929   -0.985278393805
-0.91091916149   -0.394474111346   0.120898538901
0.886453553928   -0.241676858087   0.394705450931
-0.462417470919   -0.497947023553   0.733633998887
0.0192400446344   -0.832851161973   -0.553162510193
0.943000092207   0.0804599456196   0.322919530608
0.191966901956   0.661112117295   -0.725313364635
-0.271844688472   0.745960431602   0.607983141077
0.567348430326   -0.469442988582   0.676564142619
-0.619163462976   -0.78485231216   -0.0253663992803
0.542911009947   -0.404512210655   -0.735946673822
-0.496511478895   0.310875195441   0.810452320735
-0.750650620894   -0.622625016941   -0.221046903689
0.435889890542   -0.718118862821   0.542499126437
-0.799861116639   0.167499596328   0.57633851105
-0.321430842761   -0.930496751861   -0.175664475912
0.5068573837   -0.325760157179   0.798107707382
-0.0338497653784   -0.912282221466   -0.408160926328
-0.164663628411   0.407904578795   -0.898053308037
0.985768777586   0.0368103653303   -0.16402717501
0.916407234142   -0.315286316749   0.246560985728
-0.0141405734088   -0.641141022833   -0.767292794847
0.399997281736   0.699666154185   -0.592004600736
-0.589637949474   -0.7030383902   -0.397572773773
0.741366803936   -0.666438319837   0.0789634591094
-0.320472074543   -0.248187404512   0.914166648746
0.327376508686   -0.930890303041   0.162073641486
-0.288281574524   0.0649474018682   0.955340551207
-0.899843517146   -0.359478898816   -0.247096268598
0.73551205922   -0.354021950798   -0.577659475033
0.651282754999   0.134510240379   0.746818430594
-0.186689002847   -0.9255136161   0.329502295333
0.557782581562   0.101323741522   -0.823779151903
0.107024021056   -0.993014813918   -0.0496733153349
-0.8230579874   -0.0604572472369   -0.564730440682
0.523819101881   0.844774800563   -0.109403312736
0.314986960846   -0.311422142324   -0.896548639934
-0.791452312525   0.435168686378   -0.429221913927
-0.0609928460923   -0.788263641824   0.612307360484
0.7039269941   -0.468886529154   -0.533509334272
0.707648683813   0.398479427017   0.583478779855
-0.79309849733   0.609071542422   0.00516040159833
0.090941866952   0.110033553062   0.989758654438
0.602266012961   0.78544539811   -0.142657548765
-0.133125563528   -0.9630505286   -0.234118055045
0.486132426059   -0.269302495119   0.831355177079
-0.863685619117   -0.00313775164273   0.504021136308
0.97536776305   0.0466378872065   0.215598316969
-0.201268619085   -0.211816916733   0.956360045567
0.0902699826872   -0.976195933849   -0.197212649095
-0.411302355172   0.531575650882   0.74044425855
-0.854014846208   -0.508655234827   -0.109217647562
0.318573406119   -0.67727186526   0.663184593791
-0.77547651545   0.549005556971   -0.311815766761
0.621057415773   0.574361704414   -0.533288213649
-0.1136831575   -0.607207979953   -0.786367985604
-0.506080048193   0.844804887069   -0.173746043425
-0.618038889276   -0.214700067853   0.756261735252
0.601590322532   0.490110787117   0.630777694744
0.0443286712182   -0.159481816973   -0.986205109986
-0.703226486308   -0.706153149003   0.0825847389513
-0.709582608202   0.689864682534   -0.143454668552
-0.235589075053   0.529143286854   -0.815171865126
0.526645809202   0.774458282637   0.350511854443
0.816787597461   -0.346730082965   -0.461125004962
0.602055366747   -0.0762852442201   0.794801797234
0.796374646666   -0.0144272875273   -0.604631520451
0.0575912972567   0.996981652233   0.0520656085282
-0.288685447708   0.109076576031   0.951190313682
-0.027369972086   -0.994023278225   0.105681630261
0.957032704201   0.00447469641241   0.289945477948
-0.492450704196   0.348737482099   0.797417376608
-0.211226346687   0.840932660255   -0.498212496212
-0.844319687323   -0.413780653845   -0.340455336428
0.0633991872307   -0.304829442591   0.950294456465
0.900916085974   0.427124972481   0.0769055519237
-0.429337570091   0.851259812756   0.30170512441
