0.93202574027   0.107806437277   0.345985247599
0.312931602941   -0.720910160506   -0.618354552308
0.182761679121   0.684592077489   -0.705642867238
-0.142543546171   -0.988554014692   -0.049419606246
-0.633704075654   0.129503002588   -0.762658584703
0.760329193143   -0.0773946532856   -0.644910525343
-0.272429804979   -0.206799128893   0.939689375085
-0.950752549825   0.207901296358   -0.229883970679
-0.147822834371   -0.956039314705   -0.253253308718
-0.500173038204   -0.416673226888   -0.759085208556
0.723968466517   -0.682162761692   -0.102584726203
-0.475075353331   -0.600863868572   0.642857698174
-0.73525270848   -0.608880640675   0.297771422545
0.536418624253   -0.791278858989   -0.293483946532
0.414316924863   -0.0560547297594   0.908404839839
-0.176776021295   0.899879455293   0.398706915211
0.431238011611   -0.293322430201   0.853226657626
0.884750821213   0.322767591129   -0.336209854823
-0.789435132511   -0.603083408252   0.11437908134
-0.608585487304   0.744662442684   -0.274046622128
0.0800991647909   -0.285951480409   -0.954890504012
-0.278790879512   0.132051985133   0.95122968768
0.756185178217   -0.580396529763   0.302198352881
0.591996302139   0.80355593549   0.0619535050869
-0.664432783639   0.0329040434571   0.746623332042
0.514906412784   -0.703924357805   0.489246241235
0.541664529112   0.709512383552   0.450767917545
0.538671951329   0.776031680475   -0.328035607442
-0.734748347041   0.242170820913   -0.633638824583
-0.412283149513   0.582347082415   0.700638623137
-0.333390154077   -0.533211270341   0.77751961155
0.837674930766   -0.545956873633   -0.0152250615044
0.432610350696   0.646232801174   0.628674360187
-0.782604318004   -0.296224917218   0.547522857843
-0.100740068947   -0.80767014795   -0.580965033904
0.614314186675   -0.509823234592   0.602244426724
-0.872032527472   -0.489049018183   0.0197567417568
0.420885294256   -0.769869438127   -0.479746409385
0.249829622162   -0.410039151854   0.877184731876
0.971908458399   0.184332753127   -0.146339962475
-0.142884215129   0.956196012456   0.25548637308
0.187024195118   -0.227399696321   0.955673233147
0.757331124181   0.548532514658   -0.354346791588
0.638007372006   -0.505784505921   0.580627786828
0.139270103081   -0.665803359809   -0.733014136599
0.493193271794   -0.63055137733   -0.599304060727
-0.278896158542   -0.767163808336   0.577647491061
-0.824000806679   -0.117748255724   -0.554218385536
0.109791326654   -0.790329773828   -0.602764226869
-0.986158652636   -0.162418962816   0.0333345518662
-0.124245629388   0.590761313154   -0.797222738298
-0.452110524933   -0.16183837202   -0.877157006805
0.0825299399289   -0.986773350307   0.139524779661
-0.888135621547   -0.00931109370601   0.459487128518
-0.601282938756   -0.0760488707834   -0.795408949417
0.42354794835   0.813767564077   -0.397981767301
0.677544067208   -0.57619347524   -0.457094209198
0.0758995966755   -0.970858730046   0.227316030051
0.359484585977   -0.185999232762   -0.914426113941
0.930059182885   0.151121182187   0.334891481864
-0.352419718607   -0.507058374815   0.786569861149
-0.723735066081   0.680524333508   0.1144298284
-0.593302533335   -0.528940862511   -0.606806120524
-0.0829851616125   -0.972512116346   -0.217562971372
-0.950306528205   0.142958215163   -0.276550991986
0.300051604567   0.183801883226   -0.936048023511
-0.575040307681   0.271353191725   0.771813507192
-0.325188254235   -0.941478108863   0.0887218678749
0.750720483169   -0.199966036798   0.629628732093
-0.75976132757   0.0988109064796   -0.642650083552
-0.579181298192   0.346324639685   0.737975790776
0.295485615476   0.93289637619   -0.205894638927
0.0251673242795   0.144984845816   0.989113744861
-0.0707660482973   -0.986686635858   0.146429672631
0.997175396907   -0.0736809140956   -0.0145722579255
-0.513316292479   -0.133732555808   0.847715746812
-0.632444011947   -0.608749741964   -0.478997206057
0.580104262721   -0.782009817826   0.227902806469
0.756007233602   0.614837999226   -0.224560231227
-0.425576799489   0.201041475735   -0.882307606661
-0.497330323304   0.762598557396   0.413649597824
0.185211189922   -0.355024797079   0.916326474891
-0.886468642986   -0.462788643498   -0.000128264385653
0.424111023353   -0.81227093073   -0.400431985438
-0.106934746104   0.989636748518   -0.095833533056
0.16547943591   -0.0773271875453   -0.983177024934
-0.980398651757   -0.120994264528   -0.155495567734
-0.924170162744   -0.0366889114863   0.380214984012
-0.240655203993   -0.71706547874   -0.654142317841
0.296638809133   -0.696039526876   0.653861142707
0.321196338941   0.901120086992   0.291231009116
-0.896538574135   0.190283890336   0.400013282488
0.305043434513   -0.38958263552   0.869007406851
0.079558048608   -0.332423149612   0.939768783533
-0.419555791345   -0.866352665472   -0.270935411082
0.904236393235   -0.372730343052   -0.208395385068
0.38889069054   0.190627785919   0.901346258686
0.904907635217   0.104610523111   -0.412551584872
-0.172934098827   0.976072582183   -0.131818480393
-0.85454878374   -0.245451472975   -0.457711645714
0.214472375158   -0.969401070122   0.119428495515
-0.473020059302   0.0038909717923   0.881043065824
-0.474855525028   0.456325028435   -0.75251558042
-0.734081224021   0.266261258309   0.624683679044
0.485424542942   0.849042054758   0.208544005816
-0.045997928063   -0.64330836968   0.764224137353
-0.935185005741   0.296665393532   0.19343900671
-0.351159786494   -0.705793160763   -0.615258334823
0.17223123136   -0.943698460223   0.282435159139
-0.984359033266   -0.154095159316   0.0853930647264
-0.0370634128519   -0.292724952897   -0.955478103035
0.666370812496   -0.706321245762   -0.238872849103
-0.016318390156   0.3064758442   -0.951738549742
0.745441916179   0.638108811025   0.192700531646
-0.877905098723   0.471898500863   -0.0812061729154
0.46045772667   0.878515936298   0.127233767614
0.131382341228   0.0743071635455   -0.988542930711
-0.0566579558929   -0.605500906524   0.793825250438
0.997651583181   -0.00368632161335   0.068393929631
-0.0384862912144   0.795836078116   0.604287797459
-0.0811475319853   -0.879195051975   0.469500946363
0.529550861453   -0.437099742255   -0.726993604136
0.844387922218   0.189630893855   0.501048062474
0.978040880633   0.205497247495   -0.0347407121666
-0.207022251868   0.97714724055   -0.04821885023
0.0240379500287   0.0543521072063   0.998232450585
-0.480171039913   0.0252095130778   0.876812552875
-0.877169693379   -0.0103618930914   -0.480068703613
-0.00301686032786   -0.9996284868   0.0270885018379
0.558581904226   -0.54053536354   0.629132559191
-0.766106213397   -0.0455018891028   0.641101277399
-0.317911192106   -0.840089934977   -0.43952403243
-0.0258868031835   -0.0134282527551   0.999574687279
-0.918727431741   -0.39381981984   -0.0290835979097
0.394042865164   -0.919089566652   -0.00214216800046
-0.853639320991   -0.473481733015   -0.217059803188
0.428487671942   -0.401428181209   -0.809477442752
0.296138860423   -0.784009224329   0.54555596552
0.353297636203   0.456360025315   -0.816649439814
0.919170395143   -0.00688997739317   0.393799838628
0.174087808147   -0.889768540412   -0.421906837523
0.406635893748   0.379221676638   -0.831166752153
-0.42596209985   0.883538402544   0.194720776297
0.808210083708   0.274865078172   0.520812489668
0.720629002184   0.522737241701   0.455455395567
0.0672583841409   0.601112688398   -0.796328980767
-0.690050832167   0.604490952774   0.398020774633
-0.408058262461   0.904899338884   -0.121019175854
-0.0617787086022   -0.159622857831   -0.985243083925
-0.910863241986   -0.394560172528   0.121038938587
0.886495219277   -0.241746461813   0.394569226372
-0.462344076851   -0.497899685528   0.733712380808
0.0190835216809   -0.832859262632   -0.553155735619
0.942983885371   0.0804331500512   0.322973528796
0.191999787337   0.661181931654   -0.725241018501
-0.271877681307   0.745901442301   0.608040759144
0.567214427378   -0.469511067203   0.676629256793
-0.619196608746   -0.784821305076   -0.0255162461169
0.543013216315   -0.404493358254   -0.735881627734
-0.496623713804   0.311013940724   0.810330312627
-0.750567519989   -0.622749323493   -0.220978908557
0.435905132827   -0.71795097936   0.542709043973
-0.79996080708   0.167679594398   0.57614777684
-0.32152288009   -0.930472920432   -0.175622270575
0.506641633419   -0.325735625877   0.798254694518
-0.0338438036434   -0.912217642522   -0.408305730583
-0.164512166945   0.408051803736   -0.898014182736
0.985794270567   0.036779044845   -0.163880926219
0.916452847015   -0.315118016266   0.246606599714
-0.0140367808266   -0.641234839308   -0.767216299124
0.399896421567   0.699655998818   -0.592084736618
-0.589711845035   -0.703076474555   -0.397395786028
0.741399757877   -0.666416595589   0.0788373017214
-0.320259798984   -0.248137848887   0.914254488151
0.3275755572   -0.930825634993   0.162042869527
-0.288471672499   0.0647837310585   0.9552942805
-0.899710146931   -0.359675833814   -0.247295260933
0.735697814016   -0.353937883969   -0.577474415661
0.65121035038   0.135234319745   0.746750800683
-0.186209038474   -0.925440248236   0.329979606849
0.558168334   0.101690754827   -0.823472586855
0.106781736465   -0.993011977109   -0.050248125099
-0.822827911338   -0.0598849204826   -0.565126556288
0.523801639833   0.844760679392   -0.109595787603
0.315296082471   -0.311786265736   -0.896313396574
-0.791340775195   0.434935304443   -0.429663890108
-0.0608862600976   -0.788007558791   0.612647492951
0.70400574838   -0.469012884951   -0.533294308987
0.707579514669   0.398837060763   0.583318291658
-0.792800416046   0.609459464465   0.00516347658325
0.090899649711   0.109858929419   0.989781930179
0.602664711095   0.785168884254   -0.142495856783
-0.133067023453   -0.963076013447   -0.234046490239
0.486030819649   -0.269211594666   0.831444020755
-0.863751821776   -0.00311602647727   0.503907809781
0.975370325798   0.046565916388   0.215602279634
-0.201280161887   -0.211888331433   0.956341796343
0.0902165394117   -0.976183871222   -0.197296795673
-0.411473239743   0.531470028055   0.740425136158
-0.85403461899   -0.508543863606   -0.109581058378
0.318299611283   -0.677438372155   0.663145994024
-0.775512754016   0.549201211529   -0.31138079198
0.620975099898   0.574588198032   -0.533140064138
-0.113885440974   -0.606816637822   -0.786640753074
-0.505962744455   0.844893606606   -0.173656254538
-0.618152438495   -0.214762822413   0.756151104537
0.601572326497   0.489930325276   0.630935030227
0.0443714108825   -0.159473919391   -0.986204465073
-0.703195591992   -0.706187323537   0.0825555781268
-0.709610553261   0.689831525164   -0.143475885046
-0.235615768735   0.529175497199   -0.815143240595
0.526450165955   0.77453232113   0.350642134222
0.816906011907   -0.346515478282   -0.461076556573
0.602036856725   -0.076193386994   0.794824629037
0.796398888718   -0.0143210381844   -0.604602115374
0.0574493968164   0.996990208399   0.0520585359161
-0.289000680417   0.109242002356   0.951075597226
-0.0276555359496   -0.994006033801   0.105769447848
0.956929348515   0.00426493702546   0.290289566231
-0.492621109268   0.348456996619   0.797434739782
-0.211257944394   0.841040209786   -0.498017516211
-0.8442123688   -0.413798365186   -0.340699852268
0.0632489501216   -0.305026835868   0.95024112714
0.900779310521   0.427355879456   0.0772242580567
-0.429646603672   0.851073194088   0.301791673607
