0.931939768671   0.108089356441   0.346128529009
0.313190597913   -0.721020791186   -0.618094384424
0.182756441606   0.684430938592   -0.705800519517
-0.142885000804   -0.988538321445   -0.0487428310621
-0.633440889794   0.129177276299   -0.762932415372
0.760484395423   -0.0781358965048   -0.644638089159
-0.272379415642   -0.206361404583   0.939800204636
-0.950668092641   0.20841882379   -0.229764600241
-0.148457507618   -0.956021215554   -0.252950200322
-0.500514542055   -0.416034599046   -0.759210382956
0.723360617136   -0.682786210924   -0.10272491299
-0.475641262684   -0.600598203934   0.642687471998
-0.73522938477   -0.608923624658   0.297741114232
0.536269495982   -0.79121934513   -0.293916613296
0.414551298936   -0.0564266535046   0.908274877625
-0.177448300398   0.899972389905   0.398198189466
0.431304687799   -0.292573417842   0.853450093125
0.884583725245   0.323188014289   -0.336245654918
-0.789375772911   -0.603238500243   0.113970175775
-0.608581856822   0.74451492796   -0.274455179568
0.0807094337001   -0.286008450696   -0.954822053286
-0.278366634042   0.132287529156   0.951321200585
0.755933097951   -0.580846412797   0.301964561106
0.592517652458   0.803192040779   0.0616877390908
-0.663989886636   0.0334683656654   0.746992167927
0.514850927539   -0.704007114603   0.489185552731
0.54226004173   0.709403870224   0.45022238511
0.538509928443   0.776232417499   -0.32782661727
-0.734906622261   0.242340106222   -0.633390503144
-0.412212704225   0.58200902651   0.700960897295
-0.333462451614   -0.533561469421   0.777248320495
0.837500341283   -0.546212677128   -0.0156489519151
0.43289256371   0.645727395805   0.628999331153
-0.782629988018   -0.295876135735   0.547674733905
-0.101710489798   -0.8072114777   -0.581433234804
0.614121549956   -0.510751351023   0.601654202435
-0.872226164841   -0.488697689486   0.0199019008519
0.420434310937   -0.769938823902   -0.480030413239
0.249912999968   -0.410327644376   0.87702606387
0.97182591227   0.185032130958   -0.146005160025
-0.143569914206   0.95598290815   0.255899118912
0.186927996768   -0.227727446387   0.955614008994
0.757553226387   0.548321079678   -0.354199241631
0.637810862621   -0.506239307423   0.580447299194
0.138961911017   -0.665631848097   -0.733228361485
0.492879527093   -0.630912035143   -0.599182589604
-0.279043861819   -0.766880363363   0.577952447412
-0.824138516849   -0.117662705225   -0.554031761585
0.109960709149   -0.790087882655   -0.603050396007
-0.986155962463   -0.162489471216   0.0330694639047
-0.124117122681   0.591065401986   -0.797017333834
-0.451732206391   -0.162282433411   -0.877269870402
0.0830852904367   -0.986696056018   0.139741645731
-0.888276335507   -0.00976242002281   0.459205669535
-0.601333813849   -0.0761335567678   -0.795362386498
0.423000469282   0.814168825635   -0.397743292025
0.677840871672   -0.575615153464   -0.457382714795
0.0753175599564   -0.97088860573   0.227382014299
0.35899804401   -0.186337539996   -0.914548372469
0.930294399402   0.150511250253   0.334512621568
-0.352890402498   -0.507039429887   0.786371019535
-0.723784898775   0.680543602127   0.113999236439
-0.592961874095   -0.528934232342   -0.607144788108
-0.0827748277454   -0.972566735037   -0.217398881763
-0.950194613199   0.142793387306   -0.277020298155
0.300463849639   0.183640938905   -0.935947370646
-0.574864913945   0.271373134839   0.77193714278
-0.325155744041   -0.941479100841   0.0888304271992
0.750868878588   -0.199934300126   0.629461835857
-0.759728991564   0.0989713813717   -0.642663617336
-0.579321682705   0.345814236361   0.738104939611
0.295293493536   0.933068689647   -0.205388833863
0.025561809936   0.144976198811   0.989104896182
-0.0703413663406   -0.986714913378   0.146443749948
0.997195410165   -0.0733183571541   -0.0150243951656
-0.513427658537   -0.133829823706   0.847632949888
-0.632713656629   -0.608246150533   -0.479280762265
0.579711538754   -0.782384942754   0.227614439759
0.756013643507   0.614803068608   -0.224634275346
-0.425730517636   0.201178618411   -0.882202181956
-0.497188995438   0.762590552213   0.413834208943
0.185136457673   -0.355602225241   0.916117650438
-0.88636752087   -0.462981935369   -0.000587766705377
0.424354933974   -0.811908113598   -0.400909098283
-0.106283335494   0.989693741809   -0.0959695265204
0.165991569758   -0.07750204499   -0.983076920587
-0.980382910584   -0.120414826523   -0.156043641934
-0.926725757248   -0.0333445331406   0.374255945796
-0.238859657001   -0.716603111843   -0.655306069219
0.290043850325   -0.696683660069   0.65612989772
0.321279650044   0.901204612402   0.290877350534
-0.896579594508   0.190598578468   0.399771450455
0.304835065536   -0.389233128693   0.869237110544
0.079659703274   -0.332379507396   0.939775608716
-0.419920726559   -0.866226817433   -0.270772384423
0.90405802639   -0.373061608617   -0.208576415484
0.388832315432   0.191397656189   0.901208282075
0.904875549583   0.104589705541   -0.412627232816
-0.173232994095   0.975924141878   -0.132523201957
-0.854525258088   -0.24541373718   -0.457775797627
0.214300051563   -0.96940951173   0.119669070634
-0.473140646309   0.00415886643314   0.880977089737
-0.475489706126   0.455577275764   -0.75256819304
-0.734040952655   0.266030872667   0.624829140336
0.484864330708   0.849515697675   0.207917436045
-0.0468592582295   -0.643923868445   0.763653233847
-0.935185103048   0.296947246316   0.193005585262
-0.351045628024   -0.705113029629   -0.616102736962
0.173014257994   -0.943603530663   0.282273703081
-0.984217392802   -0.154820305783   0.0857134564829
-0.0371778191369   -0.292648338177   -0.955497127116
0.666347070406   -0.706414844502   -0.238662207374
-0.0163522447589   0.30615477148   -0.951841299793
0.745462397343   0.638159324438   0.192453866628
-0.877951924861   0.471842373359   -0.0810258744823
0.460344561271   0.878498159041   0.127764899211
0.131465974843   0.0748716185517   -0.98848922007
-0.0562204587118   -0.605459452252   0.793887971757
0.997703175489   -0.00397730277441   0.0676206675687
-0.0377840395144   0.795866215354   0.604292423928
-0.080741958695   -0.879137047589   0.469679452033
0.529542826174   -0.437050198502   -0.727029242354
0.844431839377   0.190013619369   0.50082900585
0.977952324233   0.205897483859   -0.0348637012883
-0.207422644693   0.977074874397   -0.0479639061232
0.0241887989704   0.0541379345975   0.998240445004
-0.480415349482   0.0248311227833   0.87668951592
-0.87703676336   -0.0104579977112   -0.480309427347
-0.0027582054135   -0.999636956912   0.0268019901818
0.558773327326   -0.540393641245   0.629084319603
-0.766042750172   -0.0457053806959   0.64116263388
-0.317727672035   -0.840170060569   -0.439503578763
-0.0254494269485   -0.0135871719358   0.99958377109
-0.918810043044   -0.393652004261   -0.028743770523
0.393878701468   -0.919159120229   -0.00246581210558
-0.853895668747   -0.473006860601   -0.217086841425
0.428089312038   -0.401134485055   -0.809833727266
0.295975890595   -0.784446068716   0.545016180918
0.354687122354   0.456565667752   -0.815931882124
0.918668861856   -0.00785741999213   0.39495035537
0.173909653246   -0.889655018522   -0.422219588043
0.406448014364   0.378340327232   -0.831660151991
-0.425976877643   0.883724374946   0.193842536199
0.808296796563   0.275481080868   0.520352248723
0.719850712911   0.523390673877   0.455935470895
0.0671223975697   0.601279787324   -0.796214293454
-0.690875918574   0.603758908716   0.397700446668
-0.408235356886   0.904835155892   -0.12090175371
-0.0622077947006   -0.159706585482   -0.985202515644
-0.910754678092   -0.394673469105   0.121485674537
0.886512875698   -0.241857814582   0.394461301964
-0.462320256117   -0.497710599034   0.733855667276
0.0188388429897   -0.832939948096   -0.553042621197
0.942988817524   0.0803804406198   0.322972250806
0.19199741698   0.661276404965   -0.725155506157
-0.271862248019   0.745823371182   0.6081434182
0.566832667924   -0.469733824858   0.676794548116
-0.61933822106   -0.784696574624   -0.0259124238061
0.543250305576   -0.404476723135   -0.735715764364
-0.49666889557   0.311437902686   0.810139766302
-0.750586698117   -0.622813020445   -0.220734116469
0.435820624549   -0.717711902043   0.543093002057
-0.800219542565   0.168029543108   0.575686335029
-0.321704886505   -0.930411803507   -0.175612761191
0.506117229202   -0.325729870502   0.798589632895
-0.0338164906191   -0.912122755949   -0.408519917559
-0.164189622521   0.408270218329   -0.897973939868
0.985848980736   0.0367084037427   -0.163567357
0.916529468399   -0.314819331809   0.246703307386
-0.0138450300849   -0.641411234573   -0.767072319476
0.39972746803   0.69962877048   -0.592230980969
-0.589846595001   -0.703106530561   -0.397142544999
0.741438592879   -0.666401234287   0.0786015771472
-0.31992156438   -0.248093937094   0.914384815612
0.328083301363   -0.93066963221   0.161911651986
-0.288947861433   0.0643151221815   0.955182023717
-0.899372270386   -0.360163297326   -0.247814282315
0.735996194542   -0.353953889618   -0.57708426217
0.6510765481   0.136510423589   0.746635274257
-0.185496442374   -0.925246749941   0.330922228916
0.55870092362   0.102426282608   -0.823020130117
0.106331276561   -0.993001433018   -0.0513985763365
-0.822524733714   -0.0587963489989   -0.565681935166
0.523936355561   0.844643959117   -0.109851161342
0.315786759106   -0.312404528477   -0.89592529452
-0.791055888098   0.434718291441   -0.430407468559
-0.060578433941   -0.787550321654   0.613265639184
0.70413516219   -0.469186504333   -0.532970634764
0.707477156316   0.399535373921   0.582964457129
-0.792227322958   0.610204438774   0.00513922755126
0.090804193432   0.10955448013   0.989824436119
0.603432239124   0.784632626638   -0.142201174403
-0.133074983807   -0.963107422651   -0.233912678408
0.485944011659   -0.269100384873   0.831530757335
-0.863799436338   -0.0030125232567   0.503826813981
0.975366556529   0.0463244336563   0.215671340819
-0.201376734252   -0.212094356066   0.956275794437
0.0900416087493   -0.976150618999   -0.19754107857
-0.41173726298   0.531267383648   0.740423793071
-0.854072065611   -0.508350550291   -0.110184503276
0.317857409882   -0.677742344177   0.663047495955
-0.775599187849   0.549420134746   -0.310778724085
0.620842276419   0.575044514357   -0.532802659828
-0.114020908692   -0.60618588077   -0.787107305478
-0.50584111502   0.844984155917   -0.173569993387
-0.618376302013   -0.214908121256   0.755926748123
0.601444524012   0.489710399795   0.631227541278
0.0444192322621   -0.15959343375   -0.986182978817
-0.703037818918   -0.706334545456   0.082639791062
-0.7097638741   0.689653134408   -0.143575057807
-0.235694674222   0.529272493488   -0.815057450846
0.526093414545   0.774656187331   0.350903848086
0.81711305198   -0.346090189208   -0.461029111031
0.601995747099   -0.0760677807408   0.794867796057
0.79644681667   -0.0141268747166   -0.60454354651
0.0572152837154   0.997002569778   0.052079623323
-0.289558208947   0.109457240902   0.950881252337
-0.0282582863112   -0.993984359629   0.105813808491
0.956743180214   0.00376898219198   0.290909404948
-0.493042867026   0.34790428163   0.797415413758
-0.211221393311   0.841274108742   -0.497637817059
-0.843975268762   -0.413787970805   -0.341299371424
0.0629585349286   -0.305434189399   0.950129558968
0.900526311207   0.427776458598   0.0778438455678
-0.430219229816   0.850715732437   0.301983703007
