0.931923386669   0.108140194881   0.346156755864
0.313239152764   -0.721039278353   -0.618048211912
0.182756763363   0.6844034317   -0.705827109229
-0.142950523705   -0.988534849986   -0.0486209639512
-0.633390279096   0.129120878916   -0.762983979501
0.760514235317   -0.0782729135212   -0.644586261791
-0.272355893828   -0.206263262373   0.939828566118
-0.950656632338   0.208505618753   -0.229733267812
-0.148574003405   -0.956023469139   -0.252873272546
-0.500582199711   -0.415909016776   -0.75923458239
0.723246910287   -0.682901215204   -0.102761067693
-0.475742964312   -0.600554427207   0.642653103836
-0.735223496199   -0.608932045313   0.297738433575
0.536238908537   -0.791207657329   -0.294003870647
0.414601306809   -0.056499621024   0.908247515393
-0.177567362885   0.89998532582   0.398115868746
0.431318139989   -0.292447516022   0.853486445404
0.884553273554   0.323265933376   -0.336250862548
-0.789376121243   -0.603252755135   0.11389228522
-0.608567090757   0.744499951868   -0.274528537163
0.0808172955423   -0.286017368513   -0.954810258455
-0.278290195673   0.132327528581   0.951338001013
0.755881730069   -0.580936223065   0.301920378375
0.592619082665   0.803120495262   0.0616448939507
-0.663916424052   0.0335827037076   0.747052330085
0.514831672111   -0.704020356313   0.489186761154
0.542368261669   0.709385325411   0.45012123792
0.538486779255   0.776264139575   -0.327789527252
-0.734935779009   0.242379413728   -0.633341630191
-0.412190962176   0.581950346172   0.701022399992
-0.333469262776   -0.53362188814   0.777203918725
0.83746870419   -0.546258847946   -0.0157302429587
0.43294851921   0.645638406183   0.629052166498
-0.78263703732   -0.295812260184   0.547699164268
-0.101885117071   -0.807127806135   -0.581518810946
0.614083618682   -0.510920552815   0.601549248172
-0.872259790349   -0.488636942011   0.019919765119
0.420357263835   -0.769945784291   -0.480086721325
0.249925246586   -0.410386924931   0.876994836339
0.971811486263   0.185160110196   -0.145938921332
-0.143698070678   0.955945497414   0.255966932352
0.186904520146   -0.227780463531   0.95560596523
0.757587102375   0.548287814458   -0.354178281141
0.637782257201   -0.506313711601   0.580413833264
0.138908512029   -0.665602657719   -0.733264977565
0.492822194847   -0.630980695541   -0.599157446854
-0.279063391212   -0.766824814358   0.578016719282
-0.824166189522   -0.117656559266   -0.553991900762
0.109989200605   -0.790040268749   -0.603107577059
-0.986155380817   -0.162502286389   0.0330238066317
-0.124096497277   0.591125520235   -0.796975958665
-0.45167159353   -0.162368758959   -0.877285106287
0.0831857014535   -0.986681088514   0.13978758401
-0.888297760141   -0.00983949611547   0.459162578663
-0.6013491437   -0.0761472971944   -0.795349480733
0.42290824024   0.814233756576   -0.397708448477
0.67788481891   -0.575521484206   -0.457435452833
0.0752078624814   -0.970892980017   0.227399645502
0.358913815402   -0.186404921726   -0.914567700211
0.930335773006   0.150399556216   0.334447788086
-0.352972553199   -0.507039925523   0.78633382899
-0.723791495002   0.680548266853   0.113929488041
-0.592904923618   -0.528927755377   -0.607206045047
-0.0827542313201   -0.972573771528   -0.217375242689
-0.950169628028   0.142783645801   -0.277111003868
0.300548523822   0.183611245373   -0.935926009576
-0.574834860741   0.271373716826   0.77195931803
-0.325151294075   -0.941479297834   0.0888446268039
0.750893813291   -0.199932582555   0.629432636264
-0.75972737487   0.098993428307   -0.64266213287
-0.579344282377   0.34572336596   0.738129769557
0.295253312175   0.933100024317   -0.205304228569
0.0256305806039   0.144974510853   0.989103363932
-0.0702545259002   -0.98672079664   0.146445795669
0.997199766811   -0.0732424786694   -0.0151051113843
-0.513436158582   -0.133843821309   0.847625591023
-0.632762420431   -0.608165929947   -0.479318183404
0.579650783102   -0.782444907421   0.227563038521
0.756011979811   0.614798661898   -0.22465193458
-0.425762301079   0.201200042312   -0.882181957395
-0.497164308214   0.762588452773   0.413867735316
0.185117854538   -0.355702367474   0.916082532147
-0.886355617786   -0.463004614571   -0.000667611498287
0.424387910703   -0.811851311916   -0.400989212561
-0.106167627756   0.989704864388   -0.0959828954742
0.166076888234   -0.0775231485876   -0.983060846859
-0.980380998393   -0.120309778655   -0.156136655366
-0.927162123968   -0.0327541876863   0.373225882098
-0.238553767464   -0.716532778438   -0.65549437637
0.288898764115   -0.696783998533   0.656528417877
0.321299992468   0.901212192377   0.290831392994
-0.896585504757   0.190652242883   0.399732604305
0.304796239315   -0.389189294038   0.869270352598
0.0796686695272   -0.332375432062   0.939776290006
-0.419991444798   -0.866199872523   -0.270748900528
0.904024385397   -0.373127797146   -0.208603829316
0.388822045852   0.191536672081   0.901183177777
0.904869513966   0.104586535745   -0.412641271853
-0.173287562609   0.975897207594   -0.132650144576
-0.854525345293   -0.245410555211   -0.457777340683
0.214275038457   -0.969410122423   0.119708907096
-0.473151817228   0.00420403789158   0.88097087575
-0.475605960809   0.45544411159   -0.752575332615
-0.734031489957   0.265988875808   0.624858135658
0.484764625148   0.849600246683   0.20780442498
-0.0470219725357   -0.644032030881   0.763552013486
-0.935187808258   0.296997065857   0.192915800695
-0.351016662546   -0.704993252501   -0.616256291281
0.173154528559   -0.943585225803   0.282248881108
-0.984191453081   -0.154945930154   0.0857842783437
-0.0372114622333   -0.292640872702   -0.955498103976
0.666335802226   -0.706437359447   -0.238627022461
-0.0163595091022   0.306097224832   -0.951859682628
0.745472310105   0.638162006176   0.192406571456
-0.877958330012   0.471836783215   -0.0809890163367
0.460327905691   0.878491727795   0.12786908711
0.131481519629   0.074982225905   -0.98847876851
-0.0561440999514   -0.605453332793   0.793898042478
0.997712668409   -0.0040400016081   0.0674767343834
-0.0376466643501   0.795870554925   0.604295282512
-0.0806725483834   -0.879130672421   0.469703311406
0.529535219371   -0.437037598845   -0.727042356841
0.844443243435   0.190072086335   0.500787590314
0.977936604252   0.205966692415   -0.0348958404413
-0.207492837519   0.977061376854   -0.0479352504737
0.0242223129179   0.0541182730229   0.99824069847
-0.480462267054   0.0247369680111   0.876666465853
-0.877011268078   -0.0104837717448   -0.480355416534
-0.00269176544845   -0.999639021319   0.0267316564236
0.558807646472   -0.540364336514   0.62907900781
-0.766030544834   -0.0457357358658   0.64117505164
-0.317696740029   -0.840187256681   -0.439493066028
-0.0253684783383   -0.0136150260017   0.999585449761
-0.91882274644   -0.393626984552   -0.0286802659806
0.393854288959   -0.919169422957   -0.00252407795275
-0.853939006108   -0.472923284082   -0.217098459739
0.428021410349   -0.401071248603   -0.809900935811
0.295949060027   -0.784528789094   0.54491167445
0.354909672998   0.456591359944   -0.815820724201
0.918589245819   -0.00801383304887   0.39513235244
0.173876167077   -0.889640437763   -0.422264099846
0.406416813781   0.378178686484   -0.831748913174
-0.425983343606   0.883757350044   0.193677921337
0.8083090773   0.275597219385   0.52027166771
0.719711201085   0.52350024287   0.456029914312
0.0671055747365   0.6013160061   -0.796188358774
-0.691022885925   0.60362782948   0.397644080309
-0.408265580385   0.904829269188   -0.120843739981
-0.062319884243   -0.159696385833   -0.985197085044
-0.910733466993   -0.394691091833   0.121587392963
0.886510399363   -0.241878207795   0.394454362906
-0.462326761779   -0.497664499207   0.733882832318
0.0187956687634   -0.832961571036   -0.553011522496
0.942992317526   0.0803699608504   0.322964639674
0.191991769048   0.66129387053   -0.725141074149
-0.271854096355   0.745809014556   0.608164668574
0.566756721147   -0.46977870573   0.676826999076
-0.619366042256   -0.784671972264   -0.0259923381867
0.543297823238   -0.404472327344   -0.73568309188
-0.496664032553   0.311523764178   0.810109735234
-0.750604172762   -0.622809816746   -0.220683728439
0.435796069969   -0.717677418147   0.543158272405
-0.800272796169   0.168090200801   0.575594593535
-0.321734394449   -0.930400858904   -0.175616688215
0.506014259819   -0.325729836131   0.79865489588
-0.0338170830673   -0.912108076585   -0.408552642288
-0.164124454198   0.408304958211   -0.897970057761
0.985859811752   0.0366867513912   -0.163506922927
0.916541855975   -0.314768672037   0.246721927178
-0.0138106086421   -0.64144108096   -0.767047982037
0.39970025436   0.699624201098   -0.592254745783
-0.589869734633   -0.703110119409   -0.397101820883
0.741444657873   -0.666399371511   0.0785601486885
-0.319864839387   -0.248088769666   0.914406062365
0.328184313654   -0.930638723852   0.161884594505
-0.289045520682   0.06421966297   0.95515889875
-0.899304032708   -0.360260184526   -0.247921068488
0.736043323471   -0.353971168638   -0.577013550749
0.651054994184   0.136729483434   0.746613985208
-0.185385060137   -0.925207792949   0.331093520542
0.558780206475   0.102564504603   -0.822949089098
0.10624423559   -0.992999347339   -0.0516183938886
-0.822482123365   -0.0585902601058   -0.565765267726
0.523975722133   0.844615028169   -0.109885835333
0.31587306409   -0.312511459139   -0.895857575337
-0.790995353967   0.434697644459   -0.430539554402
-0.0605119308476   -0.787477751243   0.613365386636
0.704159111687   -0.469203397328   -0.532924119706
0.707459010582   0.399658558314   0.582902037321
-0.792120123671   0.61034366091   0.00513081502433
0.090785757805   0.109503196477   0.989831801945
0.603575725038   0.7845314943   -0.142150197313
-0.133082848988   -0.963111120787   -0.233892976215
0.485932734333   -0.269087374203   0.83154155804
-0.863804568759   -0.00299233387769   0.503818134776
0.975365323966   0.0462682221647   0.215688980764
-0.201401522419   -0.212134048596   0.956261769702
0.0899995087353   -0.976144659896   -0.19758970465
-0.411778045323   0.531226254707   0.740430623151
-0.854079240092   -0.508316178664   -0.110287416112
0.317785293923   -0.677800360592   0.663022758393
-0.775618645475   0.549445030796   -0.310686135714
0.620817284311   0.575131690037   -0.532737682744
-0.114024630198   -0.606080602931   -0.787187834293
-0.505825624054   0.844994411482   -0.173565211417
-0.618419051704   -0.214932661764   0.755884797702
0.601413596903   0.489681932963   0.631279090411
0.0444244729236   -0.159625529116   -0.986177548244
-0.70299752666   -0.70637143047   0.0826672832876
-0.709803454285   0.689607926775   -0.143596530647
-0.235707609084   0.529291914916   -0.815041098243
0.526029050348   0.774677441706   0.350953415003
0.817150757945   -0.346012904554   -0.461020290956
0.601988094402   -0.0760485335862   0.794875433472
0.79645564483   -0.0140890793188   -0.604532797838
0.0571728958111   0.9970045729   0.0520878258447
-0.289653521394   0.109491375668   0.950848292946
-0.0283773822964   -0.993980982649   0.105813658408
0.956710803596   0.00366671325467   0.291017170449
-0.493131886821   0.347796875396   0.797407220725
-0.211210234554   0.841319367494   -0.497566034511
-0.843926050682   -0.41378624354   -0.341423147482
0.0629062622666   -0.305510292278   0.950108553524
0.900481444843   0.427850450421   0.0779561387478
-0.430320775308   0.850651193726   0.30202082205
