0.932159860377   0.107367248554   0.34576042087
0.312518125782   -0.720775168723   -0.618720920294
0.182785162856   0.684803205374   -0.705431891928
-0.142199213825   -0.988572392894   -0.0500400599021
-0.633932812475   0.129779431624   -0.762421463755
0.760202981351   -0.076693696839   -0.64514301051
-0.271974095797   -0.206956624749   0.939786702762
-0.950981067337   0.207180716968   -0.229589111421
-0.147190695297   -0.956161652645   -0.25315962006
-0.499952033172   -0.417119558194   -0.758985664357
0.724493109288   -0.681596786771   -0.102642850982
-0.474507849378   -0.601196385914   0.64296594501
-0.735335966014   -0.608793825675   0.2977433373
0.536503487233   -0.791364756981   -0.293096962787
0.414059205034   -0.0557843995055   0.908538978525
-0.176099428453   0.899667661344   0.399483529611
0.431100566099   -0.294352522516   0.852941319434
0.884952706764   0.322420054618   -0.336011927127
-0.789700752395   -0.602661417268   0.114769062915
-0.608330798045   0.745016814255   -0.273648655447
0.079412604897   -0.285918104732   -0.954957839682
-0.279321194382   0.131723821395   0.951119606173
0.75638256708   -0.580003795011   0.302458278099
0.591493941294   0.803893296806   0.0623737505958
-0.664916312196   0.032419907436   0.746213942095
0.514944914444   -0.703775770269   0.489419452281
0.541034225224   0.709682051897   0.451257523319
0.538977129096   0.775749979146   -0.328200585263
-0.734626631598   0.242287685656   -0.6337352677
-0.412101160467   0.582673705632   0.700474115372
-0.33320980468   -0.532859148632   0.777838256827
0.837898244295   -0.545624622514   -0.0148426249296
0.432316733741   0.646803601587   0.628289218992
-0.782499359647   -0.296712542333   0.547408822886
-0.0995379148815   -0.808241446257   -0.580377435859
0.61464376321   -0.508632904731   0.602914266353
-0.871771765684   -0.48953311692   0.0192695613602
0.421576403504   -0.769628548682   -0.479526050453
0.249574286666   -0.40991367932   0.877316049632
0.972081077744   0.183328642791   -0.146454726874
-0.141971070792   0.95647069147   0.254966726099
0.186822357735   -0.227055995498   0.955794424319
0.756920396583   0.548983925094   -0.35452526458
0.638362206474   -0.505006139027   0.580915220054
0.139875682599   -0.666022108892   -0.732700036771
0.49341538406   -0.630215969189   -0.599474011907
-0.27862309666   -0.767417345993   0.577442453476
-0.823960210678   -0.11789168439   -0.554248249408
0.109631975895   -0.790510156585   -0.602556654761
-0.98615174111   -0.1623997173   0.0336314633347
-0.124441043737   0.590525210432   -0.797367169174
-0.452870237166   -0.161425387871   -0.876841144358
0.0817870303358   -0.986847727819   0.139436163773
-0.887817227788   -0.00856774471578   0.460116467639
-0.601305301779   -0.075829394696   -0.795412997727
0.424400688469   0.813141845006   -0.39835209994
0.676990391128   -0.577105053521   -0.456764455186
0.0765793482046   -0.970809377152   0.227298826793
0.360017908724   -0.185665460245   -0.914284114633
0.929797133157   0.15184692985   0.335290621802
-0.351787829288   -0.507094490089   0.786829397828
-0.723535009348   0.680615154438   0.115152515379
-0.593921218187   -0.52878936229   -0.606332744387
-0.0834955296886   -0.972404411349   -0.217848932318
-0.950343030795   0.143469768932   -0.276160368667
0.299794296713   0.183973058333   -0.936096839791
-0.575315160948   0.271246467924   0.77164617489
-0.325254757059   -0.941481044413   0.0884465150338
0.750481051455   -0.200096968117   0.629872522624
-0.759894990411   0.0985303949161   -0.642535107854
-0.57893534568   0.346938578111   0.737880402599
0.295623864174   0.932697906235   -0.206594159247
0.0247313035522   0.145038897342   0.989116818623
-0.0710535032895   -0.986662138469   0.146455536539
0.997165864987   -0.0739022514567   -0.0140959190806
-0.51308665185   -0.133538556528   0.84788533518
-0.632093414981   -0.609506168718   -0.478497800447
0.580689247731   -0.781453571375   0.228320637162
0.756029666169   0.614826397188   -0.224516469759
-0.425342419677   0.200771690057   -0.882482042024
-0.497496703402   0.762678982137   0.413301101271
0.185165242316   -0.354226730043   0.916644564027
-0.886771542861   -0.462207707169   0.000515950150954
0.423497418893   -0.812949850333   -0.399702986022
-0.107849405944   0.989580015633   -0.0953933870724
0.164822169866   -0.0768274222712   -0.983326598597
-0.980409178842   -0.121774134555   -0.15481893358
-0.917256615956   -0.0439949234807   0.395859504362
-0.246621927218   -0.717699827255   -0.65121776924
0.312758573825   -0.694961441136   0.647464802003
0.321419004526   0.900804183387   0.291961721329
-0.89637962235   0.190037742787   0.400486240653
0.305275934468   -0.390432426302   0.868544255825
0.0794877327171   -0.33244162238   0.939768199109
-0.419250544895   -0.866464751356   -0.271049470139
0.904384144572   -0.372453221716   -0.208249649893
0.389004893085   0.189841914367   0.90146283379
0.904927207168   0.104564263468   -0.412520380748
-0.172574456055   0.976230691156   -0.131117103241
-0.854691577736   -0.245550189828   -0.457391966722
0.214729818532   -0.969377083627   0.119160290246
-0.472645122665   0.00362960246201   0.881245376729
-0.474077105445   0.457444621021   -0.752326602475
-0.734044752631   0.266524403114   0.624614315942
0.486239857712   0.848356741733   0.209431706121
-0.0451195265266   -0.64260026287   0.764871969996
-0.935152476143   0.296462833212   0.193906252834
-0.351360320313   -0.706522958355   -0.61430548966
0.171267794827   -0.943857715666   0.282488858245
-0.984525733281   -0.153163276734   0.0851474671849
-0.0371001747021   -0.292700569247   -0.955484146284
0.666298376042   -0.706264474531   -0.239242483894
-0.0163927738365   0.306884990185   -0.951605422308
0.745505030868   0.637974995447   0.192899336792
-0.877791980651   0.472086265232   -0.0813375490345
0.460704818444   0.878461500733   0.126714095476
0.131271889477   0.073756016084   -0.988598877768
-0.0570936231928   -0.605672070505   0.793663443281
0.997600658133   -0.00343100732681   0.0691458970744
-0.0391566735591   0.795706963146   0.604414744788
-0.0816375948285   -0.879425738997   0.46898365931
0.529586259081   -0.436904630707   -0.727085096711
0.844318480967   0.189009823173   0.501399630475
0.97816211592   0.204878459401   -0.034981307191
-0.206429790735   0.977246702349   -0.0487403759257
0.024199513966   0.0548971731693   0.998198719645
-0.479937637966   0.0251285707287   0.87694265411
-0.877298111471   -0.0105468835205   -0.47982995619
-0.00280842896481   -0.999628590118   0.027107094009
0.558361770164   -0.540401279809   0.629443079555
-0.766225025614   -0.0450867119152   0.640988610297
-0.318011546553   -0.840198574856   -0.43924368074
-0.0265159274418   -0.0132637321723   0.999560392873
-0.9185990741   -0.394080866084   -0.0295975007311
0.394300198649   -0.918980056582   -0.00173463244131
-0.853255798497   -0.474081651556   -0.217258210404
0.429133010446   -0.40158970569   -0.809055355108
0.296309638176   -0.783563842926   0.546102831326
0.351025511236   0.45559750755   -0.818053788926
0.920053746345   -0.00545736675453   0.391754158861
0.174017798799   -0.890169157106   -0.421089868602
0.406618575044   0.380094263969   -0.830776555355
-0.426154004546   0.883266893006   0.195530969743
0.808117626858   0.274532231654   0.521131418113
0.721542586627   0.521756597644   0.455133330463
0.0676072976857   0.60112003593   -0.796293887772
-0.68906135357   0.605330286058   0.398459151982
-0.407780114214   0.905110291918   -0.120377480935
-0.0618617350386   -0.158919987041   -0.98535149234
-0.910982164584   -0.394359984257   0.120796103526
0.886346725643   -0.24162055703   0.394979731584
-0.462612465589   -0.497991985253   0.733480530965
0.0194727662038   -0.83284061443   -0.553170247151
0.943045556891   0.0805281055912   0.32276973501
0.191847776664   0.661005559536   -0.725441989998
-0.271771058462   0.746047501485   0.607909217984
0.567373312085   -0.4694792166   0.676518137165
-0.619176474753   -0.784841953971   -0.0253692806101
0.542870166657   -0.404490262512   -0.735988865193
-0.496221694932   0.310825064096   0.810649004816
-0.750895746024   -0.622337616843   -0.22102368485
0.435797668743   -0.718389636751   0.542214645437
-0.79984165955   0.167412603745   0.576390787362
-0.321484350009   -0.930439637104   -0.175868969419
0.506854152935   -0.32596794599   0.798024915551
-0.0338004739745   -0.912379511242   -0.407947491015
-0.164815042349   0.407680738579   -0.898127172068
0.985745164723   0.0368787589024   -0.164153669977
0.916360853715   -0.315476269366   0.246490383678
-0.0142851135861   -0.641055057857   -0.767361940889
0.400098389535   0.699659300133   -0.591944374438
-0.589546844399   -0.702995577729   -0.397783529011
0.741331808101   -0.66645990489   0.079109705298
-0.320720545891   -0.248250705675   0.914062316571
0.327206334858   -0.93097053141   0.161956426468
-0.288143255636   0.0649302932195   0.955383442003
-0.899949708962   -0.359274166436   -0.247007276556
0.735224013342   -0.354245311981   -0.577889184139
0.651415682876   0.13361420237   0.74686334294
-0.18735863553   -0.925557941927   0.328997321916
0.557242609285   0.100848349379   -0.824202817773
0.107076120991   -0.993037085506   -0.0491126371072
-0.823416892413   -0.0608847865864   -0.564161026704
0.523937481148   0.84472276134   -0.109238145
0.314551775361   -0.311075558484   -0.896821708887
-0.791547027325   0.435517454746   -0.428693188825
-0.0611682990281   -0.788549028174   0.611922273953
0.703812326744   -0.468788339807   -0.533746851217
0.707747587715   0.398030052417   0.583665511621
-0.793393952034   0.608686435071   0.00518272483275
0.0909582836913   0.110132518839   0.989746138625
0.601874262204   0.785730012189   -0.142743547809
-0.133278299197   -0.963028383318   -0.234122249878
0.486442792   -0.269381962066   0.831147862071
-0.863487292943   -0.00311310746205   0.504360985294
0.975358551766   0.0466662981123   0.215633838061
-0.201294635665   -0.211851341909   0.956346944672
0.0903114895732   -0.976187105811   -0.197237342558
-0.411103255975   0.531662164516   0.740492711476
-0.853965794358   -0.508834427639   -0.10876556126
0.31896165129   -0.677069322943   0.663204792606
-0.775400349321   0.548759718723   -0.312437304719
0.621212885918   0.57407711694   -0.533413548923
-0.113352761953   -0.607699131901   -0.786036205556
-0.506321494136   0.844622220086   -0.173930589352
-0.617933216295   -0.214675363427   0.75635509421
0.601495706365   0.490436329888   0.630614875776
0.0442253328715   -0.159595628289   -0.98619133811
-0.703248006241   -0.706114266521   0.0827338161362
-0.709567728726   0.68987816174   -0.143463445882
-0.235584596714   0.529124256612   -0.815185511927
0.526895655508   0.77435953639   0.350354501339
0.816627740159   -0.346979580762   -0.461220451125
0.602112709966   -0.0763561045737   0.794751552242
0.796321655267   -0.0145353055581   -0.604698723536
0.0577243956245   0.996974658748   0.0520521273641
-0.288364209605   0.108781293415   0.95132156121
-0.0270470261545   -0.99405467579   0.105469236827
0.957138726097   0.0046831339679   0.289592001376
-0.492250135906   0.349086084578   0.797388681418
-0.211135759897   0.840820610332   -0.498439958403
-0.844459291259   -0.413714402449   -0.340189503972
0.0635414375778   -0.304619867559   0.950352156834
0.901033401727   0.42693198678   0.076602138581
-0.429070267767   0.851431626704   0.301600547689
