0.931773943003   0.108615112522   0.346410271894
0.313701267519   -0.721154702951   -0.617679050292
0.182726117177   0.684206585575   -0.706025859553
-0.143530101907   -0.988500977188   -0.0475912591268
-0.632949515208   0.128659245043   -0.76342760617
0.760771990181   -0.0794519777194   -0.644137688846
-0.272049707169   -0.205294512738   0.940129310185
-0.95059074325   0.209171230701   -0.229400599595
-0.149553320514   -0.956086585664   -0.252056035509
-0.501180608259   -0.414781924448   -0.759456353622
0.722255825208   -0.683895724169   -0.103117221721
-0.476617793266   -0.600202127299   0.642333936148
-0.735143207825   -0.609024659118   0.297747256202
0.535974725338   -0.791090773155   -0.29479905432
0.415085000679   -0.0571345185933   0.907986833052
-0.178559430931   0.90006039987   0.397501957493
0.431455020671   -0.29145741679   0.853755901494
0.88428677179   0.323950383212   -0.336293107949
-0.789482236547   -0.603248163981   0.11317884445
-0.608308862987   0.744484071855   -0.275143224458
0.0817197980216   -0.286068382397   -0.954718154852
-0.277645227984   0.132650528404   0.951481457881
0.755399676199   -0.581763171312   0.301534312646
0.593535556286   0.802468348173   0.061319602128
-0.663347957746   0.034676392228   0.747507213862
0.514581445924   -0.704117595476   0.489310072706
0.543300490028   0.709236180382   0.44923114092
0.538333596289   0.776490426747   -0.32750504771
-0.735175764502   0.242737600421   -0.632925787617
-0.411963025519   0.581498989261   0.701530748502
-0.333469977161   -0.534103775994   0.776872531887
0.837195455578   -0.546655891403   -0.0164652832892
0.433476116403   0.644903475617   0.629442581691
-0.78269347364   -0.295267799175   0.547912267695
-0.103370734874   -0.806418076478   -0.582240823973
0.613763323678   -0.512354186768   0.6006561161
-0.872537425908   -0.488137120125   0.0200148031733
0.419736039698   -0.769976540866   -0.480580673243
0.250000194738   -0.410923689353   0.876722090608
0.971697081702   0.186255954201   -0.14530485517
-0.144822956995   0.955636159676   0.256487507388
0.186630899206   -0.228184683631   0.955563005572
0.757840497842   0.548025633976   -0.354041924546
0.637576869406   -0.506891024731   0.580135522655
0.138468463663   -0.665379135195   -0.733551014598
0.492341362001   -0.631560804985   -0.598941510391
-0.279150839789   -0.766343530707   0.578612479634
-0.824423915172   -0.117679830684   -0.553603346759
0.110230232188   -0.789612434423   -0.603623640455
-0.986149330807   -0.162616960988   0.0326377289038
-0.123930598565   0.591665384659   -0.796601079171
-0.451207938584   -0.163134350173   -0.877381661509
0.0840291024584   -0.986548436931   0.140218727457
-0.888453997739   -0.0104577905632   0.458846519566
-0.601520287946   -0.0762943898508   -0.795205953994
0.422179154723   0.814706111792   -0.397515676075
0.678187366814   -0.574833121424   -0.457852353939
0.0742556327321   -0.970921429236   0.227591035101
0.358216133654   -0.187019793952   -0.914715692584
0.930681096078   0.149449573171   0.333912447329
-0.353660484145   -0.507083054863   0.78599684314
-0.723818712731   0.680606499582   0.113407512215
-0.59246158783   -0.528811467536   -0.607739828173
-0.0827147812268   -0.972615027754   -0.217205600189
-0.949938366048   0.142841248533   -0.277873133692
0.301289504758   0.183347717478   -0.935739412881
-0.574607613992   0.271327845744   0.772144604376
-0.325103458596   -0.941490349137   0.0889025516546
0.751088430979   -0.199942798335   0.629197144179
-0.759731167265   0.0991592648792   -0.642632082669
-0.579519925443   0.344963580186   0.738347333143
0.29489864276   0.933363577891   -0.204614813649
0.0261620708382   0.144958839115   0.989091745498
-0.0694559426132   -0.9867757332   0.146456561488
0.9972419055   -0.0725299064509   -0.0157478438226
-0.513394851133   -0.133955933729   0.847632900877
-0.633152451209   -0.60760727398   -0.479511599584
0.579261340294   -0.7828596352   0.227127918177
0.755981645173   0.614778854189   -0.224808168454
-0.426035335178   0.201358499952   -0.882013972495
-0.496976503813   0.76256259739   0.414140845268
0.184945952162   -0.356557760097   0.915784668191
-0.886309595822   -0.463091335422   -0.00130973711459
0.424558941884   -0.811426508546   -0.401667432207
-0.10520204355   0.989807915753   -0.0959834357916
0.166713435411   -0.0775989423459   -0.982947116889
-0.980377050163   -0.119409773722   -0.15685071072
-0.930748842102   -0.0280704407151   0.364580091727
-0.235788862478   -0.715994905793   -0.657080594151
0.279482030293   -0.697540927284   0.659792732233
0.321495890741   0.901221091856   0.290587225857
-0.896636963119   0.19107411379   0.399415622388
0.304438086653   -0.388961729009   0.869497685311
0.0796680323005   -0.33237770932   0.939775538614
-0.420596999811   -0.865948970323   -0.270611427228
0.903742866295   -0.373707692112   -0.208785517883
0.388732717411   0.192686007908   0.900976679371
0.904817607423   0.10458209272   -0.412756203079
-0.173758371632   0.975671403823   -0.133691211564
-0.854557237591   -0.245416764862   -0.457714473451
0.214122880883   -0.969407012538   0.120005982867
-0.473163100383   0.00454483953545   0.880963123445
-0.47661179134   0.454329775033   -0.752612553625
-0.733930791122   0.265625173991   0.625131074884
0.483928501123   0.850310368313   0.206846521219
-0.0484707984866   -0.644923684307   0.762708347348
-0.935236134455   0.297408898186   0.192045099103
-0.350690682089   -0.704003827191   -0.617571580302
0.174335097862   -0.943408707476   0.282112183913
-0.983969132436   -0.1559721961   0.0864720790639
-0.037576855471   -0.29266479922   -0.955476475498
0.666204905439   -0.706661929604   -0.238327382435
-0.016413061292   0.305602212675   -0.952017803945
0.745588113766   0.638150612988   0.191995207633
-0.877987775411   0.471840181729   -0.0806492971706
0.460233541189   0.8784053647   0.128798691105
0.131615173111   0.075966164648   -0.988385849775
-0.0555228088176   -0.605394899632   0.793986292829
0.997794312371   -0.00466580849655   0.0662173725837
-0.036383071638   0.795911581603   0.604318646384
-0.0801232393298   -0.879106077836   0.469843346693
0.529423618438   -0.436909245746   -0.72720075854
0.844565508862   0.190480484288   0.500426104781
0.977803511405   0.206540275724   -0.0352336144471
-0.208081715847   0.976941128566   -0.0478333654032
0.0245416505822   0.0541031036033   0.998233720913
-0.480908428743   0.0237754327708   0.876448408043
-0.876768475805   -0.0107257277595   -0.480793093335
-0.00203051684737   -0.999659785907   0.026003642836
0.559102278991   -0.540104439612   0.629040408827
-0.765912869998   -0.0459541008943   0.64130000482
-0.317461993313   -0.840342439082   -0.439365983981
-0.0246137083927   -0.0138530152939   0.999601050083
-0.91890476241   -0.393478800844   -0.0280797241121
0.393710811356   -0.919229311572   -0.00304462926468
-0.854283943341   -0.472234013234   -0.217241756793
0.427465959262   -0.40044021392   -0.810506316291
0.295756314931   -0.785265987943   0.543953610483
0.356640388543   0.456815393439   -0.814940077292
0.917965540804   -0.00923105779408   0.396552712092
0.173628624242   -0.889513622093   -0.422632957724
0.406096160915   0.376782138707   -0.832538964879
-0.426020725207   0.884043057992   0.192286799628
0.808450524018   0.276591922457   0.519523491911
0.718507436501   0.524397943054   0.456895897348
0.0670025337278   0.601670716769   -0.795929022625
-0.692284424328   0.602494104455   0.397168893457
-0.408487344293   0.904832957497   -0.120064185251
-0.0635416063245   -0.159409572036   -0.985165495036
-0.910549588885   -0.394798565563   0.122611332311
0.886437039343   -0.242074281212   0.394498945064
-0.462482415106   -0.497171917521   0.73411858725
0.0184225676447   -0.833198731878   -0.552666700822
0.943052387904   0.0802425237638   0.32282089624
0.191899580351   0.661462865882   -0.72501132965
-0.271710774042   0.7456728602   0.608395628543
0.566044135218   -0.470265879098   0.677084957698
-0.61966376004   -0.784410778147   -0.0267685565534
0.543701077319   -0.404412826308   -0.735417843433
-0.496509258863   0.312285447774   0.809911325376
-0.750870494335   -0.622647839814   -0.220234348618
0.435513555013   -0.717486910461   0.543636346022
-0.80077842302   0.16864412944   0.574728696718
-0.32199177122   -0.930304693603   -0.175654423023
0.505049716852   -0.325718182892   0.799269947416
-0.0338659151952   -0.912006102513   -0.408776184198
-0.163517905947   0.408555499136   -0.897966758049
0.985958921164   0.0364317595647   -0.16296543398
0.916618204445   -0.31438225445   0.246930891884
-0.0134967645019   -0.641677017212   -0.766856207466
0.399535861504   0.699581591859   -0.592415978603
-0.590063919585   -0.703140673803   -0.396759075065
0.741490273214   -0.666387699788   0.0782279253246
-0.319400603526   -0.248033518732   0.914583308427
0.329097858602   -0.930361470514   0.161623431612
-0.289956578343   0.0633269662149   0.954942342775
-0.898676683874   -0.361133257306   -0.24892365964
0.736365039798   -0.354263687981   -0.576423253818
0.650908316841   0.13845694332   0.746423497697
-0.184620939308   -0.924838858518   0.332548033439
0.559329524266   0.103774470905   -0.822424064867
0.105428856054   -0.992981612085   -0.0535936038292
-0.822213621631   -0.0567307434167   -0.566344756448
0.524409414195   0.844317535909   -0.110102973894
0.316591173382   -0.313387261799   -0.895297968879
-0.790420644493   0.434645053692   -0.431646709777
-0.059850558533   -0.786942401155   0.614116900848
0.704340027316   -0.469241013295   -0.532651853806
0.707335165649   0.400667603765   0.582359369058
-0.791168180143   0.611578364557   0.00498143904412
0.0905854079693   0.109122900372   0.989892153963
0.604853035532   0.783622419677   -0.141734642158
-0.133156920874   -0.963122428876   -0.233804237385
0.485859458048   -0.26904830355   0.831597016218
-0.863834371537   -0.00286310197767   0.503767784994
0.975344136917   0.0457076282496   0.215904208625
-0.201694671497   -0.212451643446   0.956129467534
0.0895716142097   -0.976101998726   -0.197994479748
-0.412054148654   0.53080954878   0.740575858033
-0.854123900539   -0.508070413307   -0.111071227821
0.317307013953   -0.678310900728   0.662729643859
-0.775811980004   0.549553232362   -0.310011316702
0.620595960864   0.575903866662   -0.532161056188
-0.113914112567   -0.605248693649   -0.787843635371
-0.505735937017   0.845037048912   -0.173618973549
-0.61881243395   -0.215120675852   0.755509276191
0.601084298247   0.489525771321   0.631713689589
0.0444581702138   -0.159986779099   -0.986117488748
-0.702540609366   -0.706787447444   0.0829951584518
-0.710253590834   0.68909776857   -0.143819685922
-0.23578577057   0.529450248057   -0.814915643014
0.525477635254   0.774856687472   0.351383506624
0.817482920461   -0.345368714147   -0.460914445471
0.601923928574   -0.0759251991697   0.794935813976
0.796529382339   -0.0137465638388   -0.604443525115
0.0568201309457   0.997018754143   0.0522022662884
-0.290381776474   0.109773578002   0.950593596373
-0.029499673772   -0.99395303001   0.105769293185
0.956456059179   0.00267127426866   0.291864131325
-0.493980612592   0.346828199941   0.797303802894
-0.21109566439   0.841720061986   -0.496936573142
-0.843458223541   -0.413784408812   -0.342579462555
0.0624781040467   -0.306166532674   0.949925544864
0.900108317742   0.428463132587   0.078894615435
-0.431162965532   0.850106698176   0.302352606852
