0.93162360779   0.109131645571   0.346652184969
0.314199896673   -0.721211082205   -0.617359700528
0.182635917442   0.684064952209   -0.706186422143
-0.144084889405   -0.988465555105   -0.0466410872039
-0.632535587744   0.128244393246   -0.763840366724
0.761011350035   -0.0805557072548   -0.643717720081
-0.271617564062   -0.204254510496   0.940480724861
-0.950574450272   0.209693030695   -0.228991369637
-0.150439733394   -0.956195026038   -0.251115429229
-0.501746134488   -0.413673147002   -0.759687662119
0.721304514146   -0.684844803316   -0.103476534747
-0.477462683776   -0.599885091347   0.642002541102
-0.73501084777   -0.609164911924   0.297787111443
0.535762652974   -0.790940553563   -0.295586570072
0.415592869692   -0.0577161226099   0.907717696121
-0.179470545532   0.900083861068   0.397038242909
0.431621820514   -0.290627559722   0.853954463415
0.88402088626   0.324630042626   -0.336336748039
-0.789694253586   -0.603105834304   0.112455940185
-0.607923922999   0.744598647079   -0.275683439136
0.0825317496457   -0.286070284016   -0.954647737599
-0.277058326839   0.132937095027   0.951612532649
0.754893640668   -0.582606776314   0.301172600799
0.594452920599   0.801808626144   0.061062691006
-0.662869037776   0.0358356951813   0.747877290543
0.514261609455   -0.704184748675   0.489549626468
0.54418713307   0.709111868949   0.44835334449
0.538233553056   0.776647874573   -0.32729607588
-0.735395969728   0.243079800648   -0.632538519163
-0.411700631616   0.581145669724   0.701977421637
-0.333392290158   -0.534521762259   0.776618353205
0.83693947713   -0.547024721242   -0.0172123784332
0.434029829026   0.644244084196   0.629736188808
-0.782708426208   -0.294785102953   0.548150766323
-0.104748173202   -0.805766356084   -0.582896559961
0.613510668004   -0.513655840501   0.59980191544
-0.872783824003   -0.487695200452   0.0200446505158
0.41919786601   -0.769972184794   -0.481057152297
0.250043087669   -0.411456226225   0.876460055114
0.971596211676   0.187317301516   -0.144613381156
-0.14594155488   0.955345341108   0.256936454757
0.186284363316   -0.228533384381   0.955547292502
0.758042923504   0.547790347815   -0.353972683925
0.63742289374   -0.507360474565   0.579894303632
0.138068753383   -0.665215065742   -0.733775126077
0.491909952076   -0.632065748722   -0.598763299094
-0.27913085425   -0.765912098752   0.57919307937
-0.824688162431   -0.117777528747   -0.553188836174
0.110452433233   -0.789190534393   -0.604134554894
-0.986143629275   -0.162723961768   0.0322746759272
-0.123778036956   0.592198626046   -0.796228475299
-0.450816678736   -0.163892284134   -0.877441531599
0.0848182641266   -0.986416828653   0.140668767754
-0.888577618581   -0.011007240902   0.458594217587
-0.601730077794   -0.0764901023446   -0.795028413153
0.421556128232   0.815047194163   -0.397477674892
0.678388785452   -0.574323371918   -0.458193540157
0.0733551081383   -0.970937229659   0.227815548574
0.357562799647   -0.187640033556   -0.914844282988
0.931003690873   0.148566866659   0.333406679166
-0.354285912701   -0.507185740609   0.785648850686
-0.723795760935   0.680692631185   0.113036446787
-0.592115857341   -0.528602086992   -0.608258699168
-0.0828085471341   -0.972635068217   -0.21708009719
-0.949721922067   0.143020033292   -0.27852027004
0.301945384577   0.183101868236   -0.935576127625
-0.574429553471   0.271219387634   0.772315176512
-0.325050123058   -0.941511575434   0.0888727788642
0.751247699231   -0.199989992486   0.62899196919
-0.759724017249   0.0993204140543   -0.642615649489
-0.579691243736   0.344261833116   0.738540352449
0.294580175083   0.933605508559   -0.203968808488
0.0265915693675   0.144941619372   0.989082815245
-0.0686602313797   -0.986831262823   0.146457609366
0.997285646676   -0.0718051926273   -0.0162896668568
-0.51323289676   -0.134091953822   0.847709467685
-0.633479295591   -0.607212308908   -0.479580226832
0.579047472787   -0.783142745501   0.226696855798
0.755968483455   0.614749388757   -0.224932970116
-0.426238393162   0.201475336058   -0.881889177366
-0.496822386992   0.76255549174   0.414338795915
0.184806167502   -0.357375803697   0.915493973429
-0.886327735283   -0.463054807845   -0.00184135805335
0.424581942764   -0.81108740581   -0.402327471117
-0.104302015811   0.989919393946   -0.0958158806624
0.167202361124   -0.0775164794333   -0.982870574313
-0.980389952994   -0.118536023662   -0.157431734926
-0.933959494852   -0.024084901794   0.35656637458
-0.232950888123   -0.715611572635   -0.658508891993
0.271023146056   -0.698083085754   0.662741623625
0.321698227838   0.901166975298   0.290531121978
-0.896692206739   0.191425803159   0.399123099128
0.304061402646   -0.388914186571   0.86965074536
0.0796292768223   -0.332407763331   0.939768193306
-0.42114648629   -0.865708287784   -0.27052688877
0.903490351558   -0.374238212025   -0.208928086438
0.388652116289   0.193698574392   0.90079431325
0.904764144711   0.104624971224   -0.412862516876
-0.174216460041   0.975466287308   -0.134588808509
-0.854618089414   -0.245470081359   -0.457572246104
0.214053332438   -0.969392170735   0.120249699337
-0.473084656398   0.00482270419033   0.881003773775
-0.477564171779   0.453312462695   -0.752622264485
-0.733804570126   0.265300510778   0.625417054327
0.4831804163   0.850954434824   0.205944738118
-0.0498549676235   -0.645729694027   0.761936771953
-0.935295291707   0.297785889759   0.191170816733
-0.350338692572   -0.703105060508   -0.618794048432
0.17543196214   -0.943213646836   0.282084460903
-0.983758731968   -0.156897920454   0.0871883010153
-0.0379787300541   -0.292798666288   -0.955419571227
0.666049840996   -0.706909291169   -0.238027022346
-0.0164377533577   0.305122743318   -0.952171156765
0.745726095543   0.63810607705   0.191606954097
-0.87798526127   0.471900977655   -0.0803202856086
0.460197354688   0.878289063692   0.129717829686
0.131758399091   0.0769271596231   -0.988292434647
-0.054991269102   -0.605333374359   0.794070189725
0.997870286031   -0.00537464122272   0.0650077340626
-0.0350835086442   0.795953905147   0.604339745758
-0.0796594195534   -0.879118567563   0.469898841287
0.529262252012   -0.436764306594   -0.727405257804
0.844710509862   0.190755038341   0.500076663999
0.977676127077   0.207082218785   -0.0355857444186
-0.208643243339   0.976819436796   -0.0478725903498
0.0248472845923   0.0542286138585   0.998219349586
-0.481400716339   0.0227009824981   0.876206605603
-0.876499627405   -0.0109577962395   -0.481277809442
-0.00132418568093   -0.999682245564   0.0251724936605
0.559387571153   -0.53986041542   0.628996245697
-0.765791565715   -0.046154384243   0.641430472222
-0.317251986786   -0.840488253741   -0.439238741692
-0.0237889092994   -0.014076069223   0.999617903036
-0.918952410465   -0.393414805894   -0.0274090825114
0.393650295434   -0.919253313716   -0.00357632860792
-0.854571730442   -0.471623903476   -0.217435165508
0.426987509024   -0.399745476847   -0.811101239598
0.295616008814   -0.785986289582   0.542988699627
0.358172299336   0.457095618406   -0.814110680204
0.917402643005   -0.0103113334081   0.397826679611
0.17345026548   -0.889357786292   -0.423033962428
0.405644709004   0.375527630067   -0.833325488098
-0.426054856284   0.884284475438   0.191097425248
0.808659155326   0.277524711614   0.518700689175
0.717360655456   0.525214901316   0.457758667247
0.0669339717745   0.602042324814   -0.795653745391
-0.693479295601   0.601410298022   0.396726757361
-0.408609232742   0.90491520525   -0.119025065537
-0.0649444280531   -0.158904506542   -0.985155611599
-0.910395911779   -0.394813663781   0.123699048939
0.88630464996   -0.242301158443   0.394657086692
-0.462750384924   -0.496606326521   0.734332511681
0.0180595877953   -0.8334700385   -0.552269450732
0.943145413585   0.0800673697204   0.322592537327
0.191773309365   0.661629283929   -0.724892880681
-0.271476935758   0.745544034215   0.608657840168
0.565270361972   -0.470958609575   0.677249884417
-0.620114178997   -0.784024931547   -0.0276280965685
0.543992484215   -0.404354911903   -0.735234168369
-0.496232240608   0.313028667439   0.809794181717
-0.751256053034   -0.622338361163   -0.219793782908
0.435164228954   -0.717431542091   0.543989040563
-0.801283993222   0.169203957447   0.573858852846
-0.322247754634   -0.930210867674   -0.175681889491
0.504083670475   -0.325695812755   0.799888673951
-0.0339378626243   -0.911943343039   -0.408910210886
-0.162933119695   0.408720683377   -0.897997885012
0.986053254133   0.0361488874763   -0.162456880271
0.916649840617   -0.314056903431   0.247227286327
-0.0131518766021   -0.64191085899   -0.766666470672
0.399474777475   0.699513195385   -0.592537924223
-0.590275432017   -0.703164185809   -0.39640262632
0.741523212511   -0.666389827476   0.0778968750527
-0.318932970488   -0.247961137342   0.914766109289
0.330031109144   -0.930081759341   0.161330059003
-0.290879336524   0.062388453609   0.954723463857
-0.898036011851   -0.362016024226   -0.249951434528
0.736586508042   -0.354744380216   -0.575844372097
0.650791417928   0.139932123795   0.746250313957
-0.184148979147   -0.924432488306   0.333936712632
0.559724660745   0.104945298708   -0.822006562281
0.104587490131   -0.992962787968   -0.0555550053414
-0.822052164441   -0.0548760967025   -0.566761725021
0.524887536624   0.844003099232   -0.110235395333
0.317250596621   -0.314167697556   -0.894790878785
-0.789838675199   0.434692335221   -0.432663195638
-0.0589664684949   -0.786443350194   0.614841290521
0.704419661007   -0.469193777931   -0.53258815227
0.707330118672   0.40170145094   0.581652858269
-0.790234720814   0.612786145857   0.00471438930872
0.0903084577208   0.108843644889   0.989948202398
0.606113412229   0.78271719057   -0.141351799076
-0.133216394998   -0.963101591375   -0.233856188275
0.485808097644   -0.269123276223   0.831602762416
-0.863854087429   -0.00282610786915   0.503734184612
0.975309168858   0.0451026376621   0.216189216238
-0.202070220501   -0.212716395905   0.955991297502
0.089104720011   -0.976072480397   -0.198350351356
-0.412227511646   0.530327893588   0.740824408294
-0.854135864449   -0.507916625258   -0.111680915331
0.317049528788   -0.678802642208   0.662349280385
-0.776018469842   0.54954226515   -0.309513542964
0.62038822105   0.576665539999   -0.531578131755
-0.113638856239   -0.604533004716   -0.788432658228
-0.505693338709   0.845023000732   -0.17381132132
-0.619233407541   -0.215251650946   0.755126952075
0.600686469109   0.489492446315   0.632117798223
0.0444831805133   -0.160422101743   -0.986045635822
-0.701975882414   -0.707300204967   0.083404319803
-0.710810176601   0.688470165894   -0.144075409124
-0.235811224641   0.529570827541   -0.814829923942
0.524953792284   0.775030380972   0.351783206728
0.817812070283   -0.344793629853   -0.460761077472
0.601846937945   -0.0758537530455   0.795000925431
0.796607801084   -0.0134510908744   -0.604346820465
0.0565356041666   0.997028222421   0.0523301935628
-0.29093753953   0.110028199075   0.950394204265
-0.0306769750439   -0.993927193807   0.105677133821
0.956250109173   0.00159022601249   0.292546064556
-0.494872240327   0.345852524826   0.797174696553
-0.210971834926   0.842116045801   -0.496317892355
-0.842966399462   -0.413795355793   -0.343774712425
0.0621009505871   -0.306761940598   0.949758171187
0.899761425857   0.429034523518   0.0797417968786
-0.43194079279   0.849603724939   0.302656012816
