0.931578064204   0.109295001739   0.346723106944
0.314355821899   -0.721221658107   -0.617267962165
0.182599911097   0.684027720543   -0.706231796222
-0.144249031638   -0.988454749146   -0.0463618999074
-0.632413052514   0.128122920887   -0.763962203354
0.761082090107   -0.0808809374008   -0.643593292448
-0.271468286933   -0.203931901216   0.940593827779
-0.950576580808   0.209831722637   -0.228855439511
-0.150695498302   -0.956233458859   -0.250815547664
-0.501909853437   -0.413340477776   -0.759760586274
0.721021228212   -0.6851272471   -0.103581097447
-0.477718418621   -0.599791884501   0.641899375133
-0.734961656602   -0.609216011234   0.297803987516
0.535708806878   -0.790889117822   -0.295821698906
0.415749248415   -0.0578813870512   0.907635558733
-0.179741994   0.900086055142   0.39691045455
0.431674034926   -0.290389143366   0.854009176172
0.883940237326   0.32483724964   -0.33634865554
-0.789770267087   -0.603046724018   0.112238914273
-0.60779364095   0.744648413333   -0.275836238629
0.0827636106426   -0.286065358217   -0.954629140338
-0.276890346287   0.133017200399   0.951650230143
0.754736988283   -0.582864317172   0.301066880088
0.594730035101   0.80160814128   0.0609965014006
-0.662732391848   0.0361899679218   0.747981325313
0.514160869714   -0.70420060488   0.489632625692
0.544448690741   0.709078129905   0.448089085831
0.538208861215   0.776686253573   -0.327245603822
-0.735462605474   0.243180674272   -0.632422260526
-0.411613869614   0.581052169061   0.702105689459
-0.333357891059   -0.534639583869   0.776552014889
0.83686457425   -0.547132096285   -0.0174399994413
0.434200645825   0.64405510989   0.62981172948
-0.782705287445   -0.294649850475   0.548227962275
-0.105148580741   -0.80557761408   -0.583085314221
0.613446174471   -0.514029350629   0.599547844395
-0.872853281928   -0.48757088488   0.0200444617008
0.419047145537   -0.769964141311   -0.481201320565
0.250053270415   -0.411618577463   0.876380915266
0.971567010947   0.187637882986   -0.144393795257
-0.146283046111   0.955258093301   0.257066617054
0.186168777352   -0.228635080535   0.95554549148
0.758098398559   0.547721317646   -0.353960698806
0.637382137768   -0.507488973239   0.579826657282
0.137952269129   -0.665173887218   -0.733834362241
0.491785439952   -0.632208770493   -0.598714582721
-0.279113200581   -0.765788409964   0.579365111503
-0.824768393134   -0.117814182835   -0.553061403472
0.110518020736   -0.789062476709   -0.604289810391
-0.986141603233   -0.162757226475   0.0321686742606
-0.123735627311   0.592360104227   -0.796114942363
-0.450705737479   -0.164122346622   -0.877455522259
0.0850519674214   -0.98637678987   0.140808349337
-0.888611558017   -0.0111661875617   0.458524606989
-0.601801101067   -0.0765559169797   -0.794968317815
0.421378436882   0.815134640627   -0.397486767806
0.678436178049   -0.574190481657   -0.458289911616
0.0730896517912   -0.970940231845   0.227888062402
0.357368909921   -0.187828819997   -0.914881301919
0.931099009248   0.148308464232   0.333255509203
-0.354465745471   -0.507223678583   0.785543235712
-0.723780888123   0.680723542836   0.112945492235
-0.592026402516   -0.5285258727   -0.608411982633
-0.0828467970089   -0.972638837792   -0.217048610786
-0.949659655833   0.143082691824   -0.27870034335
0.302130677536   0.183032878247   -0.935529806672
-0.574382691518   0.271176659271   0.77236503232
-0.325033202086   -0.94151956082   0.0888500654783
0.751290849955   -0.200010339883   0.628933957355
-0.759718716875   0.0993705616034   -0.642614163177
-0.579743564097   0.344057659046   0.738594426692
0.29449086763   0.933675435437   -0.203777599711
0.0267065398786   0.144938597765   0.989080160354
-0.0684201917433   -0.986847742707   0.146458902343
0.997299071537   -0.0715844647369   -0.0164385619447
-0.513167372603   -0.134140970814   0.847741380166
-0.633570096618   -0.607111901886   -0.479587396894
0.579006200629   -0.783212192536   0.226562311727
0.755975007516   0.614730381095   -0.224962989336
-0.426283141006   0.201508763644   -0.881859910569
-0.496774065049   0.762561982224   0.414384786835
0.184768759952   -0.357618881606   0.915406598657
-0.886340631965   -0.463029514258   -0.0019882285964
0.424571300812   -0.810994700626   -0.402525534696
-0.104034268468   0.989954983943   -0.0957392330797
0.167333092412   -0.0774673005928   -0.982852203295
-0.980396097079   -0.118270651919   -0.157592974865
-0.934890420328   -0.0229461353976   0.354193981951
-0.232075664334   -0.715521987576   -0.658915147283
0.268553138138   -0.698213262668   0.663609412102
0.321762786603   0.90114171013   0.290537996519
-0.896708993414   0.191526023078   0.39903729602
0.303943564314   -0.388923386733   0.869687822706
0.0796168307744   -0.332418509395   0.939765446731
-0.421303492174   -0.86563866037   -0.270505225743
0.903418246296   -0.37438969575   -0.208968485606
0.388628670568   0.193987717818   0.900742206044
0.904747583095   0.104645276819   -0.412893662973
-0.174354716876   0.975406649237   -0.134841764034
-0.854640367646   -0.245491202517   -0.457519301752
0.214040352338   -0.969386424574   0.120319106642
-0.473050282275   0.00490197298692   0.881021793772
-0.477846030425   0.45301517584   -0.752622363251
-0.733762132641   0.265209669464   0.625505366824
0.48296615193   0.851141046879   0.205675993759
-0.0502610908288   -0.645965748902   0.761709967109
-0.935312187284   0.297897172078   0.190914607053
-0.350235542267   -0.702841039007   -0.61915227434
0.175751149153   -0.943152947834   0.282088728175
-0.983697043875   -0.157164644164   0.0874036640891
-0.0381006488508   -0.29285114242   -0.955398633524
0.665999885731   -0.706987590109   -0.237934233849
-0.0164396901941   0.304978825942   -0.952217229582
0.745770667694   0.638088131184   0.191493206276
-0.877982494941   0.471922553992   -0.0802236973109
0.460189130503   0.87825196654   0.129997874734
0.131805548984   0.0772177848843   -0.988263482556
-0.0548450363821   -0.605315905033   0.794093619858
0.997892369681   -0.0056047133969   0.0646483234149
-0.0346819912471   0.795965603718   0.604347513589
-0.0795296080269   -0.879128689742   0.469901892228
0.529204520253   -0.436716288521   -0.727476088325
0.84475891069   0.190818317289   0.499970751741
0.977637995983   0.207244418901   -0.035688928893
-0.20881166257   0.97678195842   -0.0479029777759
0.0249326770652   0.0542840357719   0.998214208011
-0.481557273073   0.0223648790927   0.87612921703
-0.876413927869   -0.0110288905255   -0.481432228472
-0.00110444036026   -0.99968903953   0.0249119339785
0.559473203222   -0.539789185761   0.628981215786
-0.765755604537   -0.0462178469643   0.641468833804
-0.317187781915   -0.840530514353   -0.439204241152
-0.0235253488325   -0.0141406573097   0.999623228908
-0.918962909106   -0.393405334394   -0.027192178245
0.393641625911   -0.919256375926   -0.00373974185386
-0.854650503218   -0.471451379723   -0.217499687143
0.426854220472   -0.399528881697   -0.811278094833
0.295580770374   -0.786199891406   0.542698570974
0.358619830257   0.457188402588   -0.813861525006
0.917236539485   -0.0106270762098   0.398201200255
0.173404002203   -0.889306375661   -0.423160988549
0.405492131187   0.375178930429   -0.833556777735
-0.426068433648   0.884347697103   0.190774318178
0.808728521442   0.277794745792   0.518447931635
0.717022186874   0.52545482935   0.458013543297
0.0669135774158   0.602152878539   -0.795571796901
-0.693831216282   0.601089954316   0.396596911401
-0.408631477447   0.904949453286   -0.118687836936
-0.0653798882002   -0.158729526614   -0.98515501704
-0.910354758245   -0.394805552618   0.124027375057
0.886257012192   -0.242372937419   0.394719986254
-0.462845776353   -0.496427143524   0.734393544692
0.0179525946198   -0.833555907171   -0.552143327377
0.943178645228   0.0800070339271   0.322510337365
0.191730345423   0.661677760077   -0.724859997836
-0.271391816069   0.745507489125   0.608740557076
0.565037591415   -0.471189633787   0.677283433505
-0.620264942153   -0.783896317258   -0.0278920297878
0.544062424566   -0.404335124373   -0.735193297966
-0.496133631466   0.313253093925   0.809767817881
-0.751387499981   -0.622226637806   -0.219660729484
0.435049703598   -0.717430491652   0.544082020515
-0.801432874422   0.169375863257   0.573600178471
-0.322327697118   -0.930182377412   -0.175686084888
0.503795795404   -0.325687828601   0.800073268417
-0.0339627365254   -0.911929971315   -0.408937965888
-0.162766082782   0.40875816419   -0.898011116582
0.986079983989   0.0360623158591   -0.162313815035
0.916652128804   -0.31396529224   0.247335137066
-0.0130388329523   -0.641984510404   -0.766606729189
0.399473232637   0.699486728731   -0.592570209119
-0.590345052089   -0.703170034835   -0.396288558483
0.741531632201   -0.666392764305   0.0777915299151
-0.31878450075   -0.247936656814   0.914824494802
0.330318974313   -0.929995746296   0.161236742341
-0.291159950182   0.0620971816173   0.954656913998
-0.897839216463   -0.36228697452   -0.250265637822
0.736643323135   -0.35491385717   -0.575667237621
0.650756776774   0.140347582001   0.746202501811
-0.18404410331   -0.924304446714   0.334348706924
0.559829405859   0.10529639335   -0.821890324729
0.104332534384   -0.992956337405   -0.0561465428644
-0.822013235054   -0.0543174148314   -0.566871995994
0.525035855817   0.843906843447   -0.110265995167
0.317440422004   -0.314390797076   -0.894645183965
-0.789663807316   0.434717915777   -0.43295658572
-0.0586604591321   -0.786286043504   0.615071709905
0.70441835314   -0.469180190544   -0.532601851819
0.707356864881   0.402025131792   0.581396645255
-0.789952751406   0.613150328385   0.00461793767305
0.0902132127368   0.108770355535   0.989964941806
0.606495034435   0.782442128568   -0.14123770264
-0.133231426931   -0.963090393973   -0.233893736373
0.485794297579   -0.269163311488   0.831597866873
-0.863859529853   -0.00282927293288   0.503724833513
0.975296136951   0.0449142862409   0.216287198278
-0.202197090767   -0.212789804105   0.955948134448
0.0889594386942   -0.976065164915   -0.198451535915
-0.412266639768   0.530173729693   0.74091297335
-0.854134905109   -0.50788278398   -0.111842038658
0.31700123282   -0.678948373649   0.66222301705
-0.776084036252   0.549522660862   -0.309383926334
0.620325785463   0.576898878657   -0.531397782922
-0.113531883471   -0.604328163338   -0.788605086486
-0.505685532423   0.845011384701   -0.173890488596
-0.619367669417   -0.215282990146   0.755007896803
0.600554603995   0.489498716934   0.632238225466
0.0444896355976   -0.160565800564   -0.986021955138
-0.701788587778   -0.707469926522   0.0835408949682
-0.710994690831   0.688262251439   -0.144158325651
-0.235811079556   0.529600370621   -0.814810764654
0.524797155361   0.77508361683   0.351899605921
0.817912636218   -0.34462854548   -0.46070607241
0.601817378781   -0.0758407561024   0.795024541955
0.796635196381   -0.0133740457814   -0.604312418197
0.0564642053396   0.997030247592   0.0523686824555
-0.291079469898   0.110101368199   0.950342270408
-0.0310412846849   -0.993919576731   0.105642385605
0.956195158348   0.0012504846368   0.29272727143
-0.49514420224   0.345557704655   0.797133672442
-0.210932165   0.842235933745   -0.496131286735
-0.842816611581   -0.413797661499   -0.344139004737
0.0619922528881   -0.30693697362   0.949708721033
0.89966046709   0.429200343079   0.0799881832289
-0.432166639778   0.849456743881   0.302746157262
