0.931484232363   0.109642806997   0.346865362545
0.314684087622   -0.721236369919   -0.617083481956
0.182513149819   0.683956543634   -0.70632315307
-0.144584021305   -0.988432259126   -0.0457944309189
-0.632162062111   0.127876390947   -0.76421119847
0.761227027904   -0.0815432263183   -0.643338258019
-0.271141900617   -0.203257864252   0.9408338378
-0.9505883538   0.210095961184   -0.228563926972
-0.151207973826   -0.956318946646   -0.250180376803
-0.502236866876   -0.412658881715   -0.759914980043
0.720442782824   -0.685703993914   -0.10378935113
-0.478247139279   -0.599602101458   0.641682938607
-0.734849234955   -0.609331578537   0.297844975254
0.535609098824   -0.790775915561   -0.296304479591
0.416076309279   -0.0582106413561   0.907464614236
-0.180300440181   0.900087216085   0.396654452529
0.431780341795   -0.289905480128   0.85411975099
0.883774568377   0.325265762159   -0.336369880129
-0.789941545956   -0.602891532797   0.111866678037
-0.607519169088   0.744774376339   -0.276100683699
0.0831433290339   -0.28606455221   -0.954596385288
-0.276555813795   0.133175020344   0.951725430895
0.754410509446   -0.583396616611   0.300854069216
0.595299643115   0.80119460912   0.0608730911291
-0.662458988977   0.0369220225523   0.748187711857
0.513949384486   -0.704229636092   0.489812872265
0.544980841966   0.709011554138   0.447547201968
0.538163716837   0.776755588084   -0.327155269346
-0.735600349156   0.243385959333   -0.632183044
-0.411426713038   0.580873507039   0.702363174304
-0.333276339498   -0.534872482477   0.776426628226
0.836712496811   -0.547349463132   -0.0179098545478
0.434556186484   0.643676931929   0.629953115788
-0.782691229724   -0.294382953552   0.548391389038
-0.105954608141   -0.805198114009   -0.58346346776
0.613325411121   -0.514776333813   0.599030271538
-0.872990594964   -0.487325418993   0.0200338989641
0.418749797224   -0.769939225864   -0.481499943719
0.250072046477   -0.411955731213   0.876217123258
0.971507726542   0.188299590331   -0.143930544185
-0.146991289362   0.955078360842   0.257330304285
0.185920139092   -0.228841842618   0.95554440658
0.758207764085   0.547581574046   -0.353942659546
0.637302835204   -0.507741837113   0.579692438355
0.137717401666   -0.665095967971   -0.733949092695
0.49153524679   -0.632495141378   -0.598617571824
-0.279068809056   -0.76553945078   0.579715403549
-0.824932543288   -0.117895061102   -0.552799288705
0.110652585908   -0.788797125389   -0.604611528346
-0.986136872724   -0.16282815264   0.0319540445433
-0.123653036706   0.592693924117   -0.795879286593
-0.450482151183   -0.164597033471   -0.877481423187
0.0855267008336   -0.986294029295   0.141100216945
-0.888679365637   -0.0114849619062   0.458385297256
-0.60195630459   -0.0767002524427   -0.794836888072
0.421021945771   0.815298423391   -0.397528617833
0.678519807039   -0.573938630946   -0.458481536558
0.0725492104159   -0.97094449496   0.228042539398
0.356972768978   -0.188219531956   -0.914955654662
0.931293216058   0.147784287045   0.332945566461
-0.354825329913   -0.507307409182   0.785326796844
-0.723741421619   0.680792871222   0.112780411094
-0.591859223029   -0.528356185809   -0.608721940653
-0.0829297756295   -0.972644281676   -0.216992519773
-0.949535361432   0.143215456097   -0.279055425543
0.302498346614   0.182900066862   -0.935436965187
-0.574293384062   0.271077428515   0.772466269019
-0.324996292809   -0.941538063864   0.0887889855477
0.751375085215   -0.200057746774   0.628818240252
-0.759704767271   0.0994782857238   -0.642613987752
-0.579849990485   0.343647144588   0.738701988999
0.29431726949   0.933815137319   -0.203387890973
0.0269255532566   0.144935910881   0.989074616153
-0.0679269105386   -0.986881113787   0.14646365445
0.997326901977   -0.0711283978955   -0.016727271335
-0.513011187583   -0.134254059592   0.847818004584
-0.633748913255   -0.60692554403   -0.47958700874
0.578948906522   -0.783337239946   0.226276229751
0.756005474774   0.614675091845   -0.225011674314
-0.426351678596   0.201580607541   -0.881810356495
-0.496668871856   0.76258756227   0.414463800108
0.184696592297   -0.358112089954   0.91522833207
-0.886373233894   -0.462965773839   -0.00227650846237
0.424534638199   -0.810813433092   -0.402929172047
-0.103484665758   0.990030814033   -0.0955505689033
0.167583916839   -0.0773376070148   -0.982819680999
-0.980411421175   -0.117719504782   -0.157909985195
-0.936766769561   -0.0206582614336   0.349344036276
-0.230250589486   -0.715369582411   -0.659720415481
0.263538774164   -0.698440832709   0.665377875884
0.321900131456   0.901079379978   0.290579173975
-0.896744111508   0.191726817796   0.398861913215
0.303694425112   -0.388968865485   0.869754515849
0.0795949257103   -0.33244230128   0.939758886162
-0.421612946912   -0.865500894919   -0.270463904967
0.903275799962   -0.374686958959   -0.209051457754
0.388584212427   0.194564558309   0.900636964877
0.904711503625   0.104696409919   -0.412959752227
-0.174640788654   0.975286262797   -0.135341422107
-0.854690233695   -0.245539734834   -0.457400090778
0.214020533325   -0.969373305339   0.120459977633
-0.472969148826   0.00506295506263   0.88106444188
-0.478420399646   0.452411462103   -0.752620615025
-0.733670081509   0.265031878812   0.625688672354
0.482537182714   0.851517452652   0.205124096896
-0.0510856973591   -0.646446702856   0.761246945407
-0.93534475126   0.298125693959   0.19039765464
-0.350029209947   -0.702301737836   -0.619880489462
0.176397318578   -0.943024990185   0.28211319339
-0.983571644797   -0.157701981341   0.0878459141456
-0.0383510827651   -0.292974321345   -0.955350847324
0.665893516364   -0.707153417926   -0.237739076257
-0.0164343632255   0.304683790222   -0.95231176601
0.745865763103   0.638045320876   0.191265344324
-0.877976198304   0.471967169431   -0.0800299081024
0.460171192282   0.878174893513   0.130580742061
0.131910079238   0.0778193252569   -0.988202349528
-0.0545597298428   -0.60528234672   0.794138852235
0.997936779737   -0.00609718255854   0.0639140674107
-0.0338440471519   0.795987503114   0.604366176551
-0.0792740893824   -0.879156788228   0.469892498839
0.529071633732   -0.436613421051   -0.72763447344
0.844866158118   0.190924231754   0.49974904962
0.977559981181   0.207576731483   -0.0358940627524
-0.209157053738   0.976703729633   -0.047991159526
0.0250960169275   0.054421733415   0.998202617141
-0.481887435591   0.0216641639448   0.875965275237
-0.876232891372   -0.0111753336675   -0.48175827133
-0.000647685939952   -0.999702843808   0.0243681058954
0.559651303793   -0.539642155139   0.628948934779
-0.765681603897   -0.0463532310742   0.641547394525
-0.317052203298   -0.840617464942   -0.439135717083
-0.0229618463118   -0.0142713353767   0.999634474496
-0.918980331509   -0.393396613267   -0.0267255490094
0.393634226045   -0.919258088709   -0.00408196394213
-0.854804597849   -0.471108456543   -0.217637133024
0.426590404666   -0.399077174232   -0.811639104315
0.295516033648   -0.786634750809   0.542103350549
0.359530805841   0.457387379057   -0.813347641006
0.91689655946   -0.0112698492888   0.398965775158
0.173315604899   -0.889196140329   -0.423428772195
0.40516258137   0.374490206196   -0.834026599169
-0.426101619611   0.884467728725   0.190142700646
0.808876191035   0.278341377282   0.517924111497
0.716335622394   0.525942731261   0.458527555903
0.0668675626814   0.602377160221   -0.795405862378
-0.694544458728   0.600438173568   0.396335709434
-0.40866087863   0.905029102693   -0.117977156925
-0.0662842688698   -0.158352481585   -0.985155260493
-0.910276156986   -0.39477438475   0.124701656636
0.886151169015   -0.242522108887   0.394865967581
-0.463056705118   -0.496049546082   0.734515715065
0.0177367837534   -0.833737293476   -0.551876373809
0.943252395247   0.0798717739757   0.322328122543
0.191638787382   0.661777843005   -0.724792840526
-0.271200099614   0.745433153428   0.608917005626
0.564561463514   -0.471688148822   0.677333480773
-0.620590478366   -0.783618984141   -0.0284384573464
0.544185457429   -0.404291451746   -0.735126254441
-0.495919101225   0.313712656666   0.809721318781
-0.751669380263   -0.621982189026   -0.219388466674
0.434807299634   -0.717441653085   0.544261046376
-0.801732658918   0.169735927228   0.573074566381
-0.322496176225   -0.930124316048   -0.175684299288
0.503210651661   -0.325666196748   0.800450228528
-0.0340162835103   -0.911908195849   -0.40898207149
-0.16243519408   0.408822340939   -0.89804181488
0.986132699073   0.0358850371788   -0.162032601431
0.916647126102   -0.313785897994   0.247581211785
-0.0127943166108   -0.642139223537   -0.766481260735
0.399492617793   0.699425212453   -0.59262974994
-0.590496021043   -0.703182334487   -0.396041732142
0.741548283136   -0.666400429027   0.0775668226103
-0.318465999614   -0.247881166404   0.914950454632
0.330921523472   -0.929815747635   0.161039190113
-0.29173809452   0.0614881864947   0.954519820186
-0.897429567993   -0.362852419547   -0.250914910119
0.73675075119   -0.35528679671   -0.575299593868
0.650684675996   0.141168666063   0.746110487894
-0.183868928983   -0.924036092263   0.335185794969
0.560040039384   0.10602351172   -0.821653314512
0.104150995725   -0.992919089246   -0.0571336354627
-0.82189276939   -0.0535788873926   -0.567116900162
0.525344292519   0.843707698123   -0.110320870399
0.317817510139   -0.314836052964   -0.894354677968
-0.78930691405   0.434782221211   -0.433542403406
-0.0579882172745   -0.785947567098   0.61556785851
0.704376021841   -0.469166278647   -0.532670088175
0.707454441299   0.402702650541   0.580808736792
-0.789369287084   0.613902880207   0.00440253129563
0.0900048145224   0.108630429398   0.989999274329
0.607285157049   0.781871270403   -0.141003739478
-0.133257491653   -0.963061668713   -0.233997143516
0.485764669977   -0.269265821371   0.831581988046
-0.863872170127   -0.00285301536454   0.503703021614
0.975266543438   0.0445196491478   0.21650212491
-0.202473490385   -0.212932015914   0.955857961357
0.0886546949816   -0.976052230897   -0.198651422394
-0.412330592852   0.529846161366   0.741111683543
-0.854128719179   -0.507825820746   -0.112147522745
0.316934714526   -0.679246627573   0.661948944903
-0.776225025316   0.54946356193   -0.309135090508
0.620194164309   0.577386274309   -0.531021928734
-0.113286842259   -0.603916289191   -0.788955770003
-0.505673759365   0.844980056187   -0.174076861572
-0.619654144942   -0.215338977831   0.754756825264
0.600268931185   0.48952817005   0.632486664667
0.0445023341876   -0.160875020922   -0.985970978222
-0.701380476107   -0.707839545257   0.0838367813434
-0.711396492814   0.687809861672   -0.144335110762
-0.235800840529   0.529654062272   -0.814778827612
0.524475300733   0.775194088901   0.352136029758
0.81812200956   -0.344297398845   -0.460581891331
0.601747531041   -0.075824759575   0.795078936158
0.796697043123   -0.013231354959   -0.604234021489
0.0563358710312   0.997033368088   0.05244742657
-0.291340390183   0.110250357196   0.950245039864
-0.0318038608787   -0.993903704463   0.10556486484
0.956090629324   0.000533847863526   0.293070680084
-0.495702793432   0.344950634966   0.797049433863
-0.210847465702   0.842484569318   -0.495744991571
-0.842509398637   -0.413798030321   -0.34488998726
0.0617740885119   -0.307295642204   0.949606945147
0.899457670521   0.429532166765   0.0804861270996
-0.43261976484   0.849159293653   0.302933380586
