0.931339559931   0.110214219174   0.34707268691
0.315210658279   -0.721242706195   -0.616807262983
0.182342713083   0.68385801498   -0.706462561169
-0.145099375397   -0.988396964351   -0.0449178374432
-0.631772971913   0.127493210376   -0.764596882853
0.761451957263   -0.0825646544794   -0.642941672791
-0.270592334709   -0.202184111901   0.941223338688
-0.950622650778   0.210460315222   -0.22808557943
-0.15197488024   -0.95646643465   -0.24914974446
-0.502721479695   -0.411606958657   -0.760164998825
0.719552896025   -0.686591591093   -0.104094269116
-0.479076970512   -0.599309351359   0.641337319746
-0.734649527776   -0.609533427639   0.297924607794
0.53547670808   -0.790584221181   -0.297054345741
0.416599047578   -0.0586991465852   0.907193278055
-0.18117410621   0.900084223882   0.396262959608
0.431941167718   -0.289159051843   0.85429144346
0.883517272536   0.325937774208   -0.336395297938
-0.790206910153   -0.602600690009   0.111559166128
-0.607153586249   0.745053314452   -0.27615227924
0.0832920275362   -0.285950987103   -0.954617447527
-0.276060137766   0.133409369752   0.95183650928
0.753891165093   -0.584231263572   0.300536090778
0.59618697699   0.800547169583   0.0607068179124
-0.662050155419   0.0380738011863   0.748491801807
0.513607320772   -0.7042681394   0.490116218744
0.545799516085   0.708912387739   0.446705848127
0.538106578292   0.776844250816   -0.327038713876
-0.735813563431   0.243702449843   -0.631812880378
-0.411120067948   0.580622188617   0.70275042783
-0.333127963724   -0.535213222338   0.776255477546
0.836479628239   -0.547680830752   -0.0186424024137
0.435117905086   0.643111587721   0.630142757169
-0.782653226831   -0.293992003495   0.548655291063
-0.107169584125   -0.804627161432   -0.584028947335
0.613162789779   -0.515891299565   0.59823704354
-0.873192206862   -0.486965739021   0.0199934712946
0.418314969069   -0.769880941859   -0.481970872579
0.250095894663   -0.412489641544   0.8759590967
0.971415882759   0.18933476792   -0.14319053174
-0.148104687949   0.95479740216   0.257734208509
0.185515994272   -0.229159914656   0.955546727996
0.758369433201   0.547369932857   -0.353923663225
0.637187329411   -0.508116871516   0.579490769658
0.137361239165   -0.664983760316   -0.734117489569
0.491159589313   -0.632930158221   -0.598466099825
-0.278990549897   -0.765158776303   0.580255392146
-0.825182725761   -0.118031613818   -0.552396603217
0.110863255514   -0.788377020155   -0.605120659594
-0.986128210021   -0.162944911581   0.0316245030175
-0.123533363826   0.593220557534   -0.795505423074
-0.450141879097   -0.165335995676   -0.877517120754
0.0862494441432   -0.986164753919   0.141563100815
-0.888781931673   -0.0119618836797   0.458174193152
-0.602214977732   -0.0769468047278   -0.794617083781
0.420484958448   0.815519705378   -0.397643068415
0.678623253591   -0.573591143047   -0.458763207226
0.071717403485   -0.970947202695   0.228293985063
0.356360764533   -0.188833329965   -0.915067745577
0.931591981255   0.146981301781   0.332464851357
-0.355360456355   -0.507446956478   0.784994606619
-0.723660196275   0.680913897847   0.112570795706
-0.591637445051   -0.528066141766   -0.609189037601
-0.0830627852175   -0.972648138317   -0.216924347965
-0.949350174342   0.143425694671   -0.279577031576
0.303042604576   0.182714720634   -0.935297017356
-0.574168003279   0.270897898625   0.772622438537
-0.324933248969   -0.941571636184   0.0886636207682
0.751498162157   -0.20014290508   0.628644040631
-0.759677286026   0.0996601401073   -0.642618298502
-0.580010007442   0.343030398039   0.738863003058
0.294072801127   0.934022485005   -0.202788523201
0.0272286652875   0.144940472588   0.989065649587
-0.0671651062206   -0.986931312014   0.146476734919
0.997370266397   -0.0704190654011   -0.0171378801196
-0.512714024573   -0.134458230766   0.847965396219
-0.63401659425   -0.606675278185   -0.479549856694
0.578919067937   -0.783496069562   0.225802173948
0.756096407303   0.614547672211   -0.225054174463
-0.426400237289   0.201703105911   -0.881758864262
-0.496488731496   0.762657862771   0.414550266978
0.184593173969   -0.358855225705   0.914958079427
-0.886433645913   -0.462847846087   -0.00269495195251
0.424453473914   -0.810552156469   -0.40353989905
-0.102634190187   0.990154040874   -0.0951903269565
0.167936212089   -0.0770740441103   -0.982780250307
-0.980440539591   -0.116852758059   -0.158372286908
-0.939594282571   -0.0172658426065   0.341854464414
-0.227321207097   -0.715199743279   -0.660919356668
0.255905554775   -0.698706818267   0.668072697498
0.322120883335   0.900959155838   0.290707303024
-0.896803184378   0.192025813689   0.398585167018
0.303285649197   -0.389099841158   0.869838564678
0.0795704258425   -0.332485570717   0.93974565314
-0.422056535589   -0.865301387344   -0.270410409985
0.903070776904   -0.375109123224   -0.209180107983
0.388526941764   0.195421204856   0.9004761897
0.904649373811   0.104796500179   -0.413070458897
-0.175089479943   0.975104223272   -0.136071406881
-0.854777356014   -0.24562477304   -0.45719158185
0.214000551129   -0.969350413026   0.120679496531
-0.472820722644   0.00531485048248   0.881142619899
-0.479309048187   0.451486481109   -0.752610652132
-0.7335108335   0.264777035591   0.625983209489
0.481896973911   0.852087483067   0.204260196161
-0.0523576289314   -0.647187165359   0.760531032692
-0.935389433869   0.298488322333   0.189608355399
-0.34972172609   -0.701465248195   -0.621000177033
0.177387079706   -0.942817271148   0.28218684799
-0.983378400031   -0.158519996183   0.0885343614783
-0.0387394670257   -0.293201302922   -0.955265538821
0.665722798876   -0.70741902873   -0.237426773654
-0.0164031411329   0.304231078273   -0.952457026838
0.746018828193   0.637966902593   0.190929670764
-0.877966889709   0.472033227945   -0.0797419105045
0.460136030424   0.878054732464   0.131509392453
0.132094564919   0.0787687661019   -0.98810247819
-0.0541478434614   -0.60523542313   0.794202803846
0.998003592278   -0.00690821169058   0.062778231985
-0.0325090887045   0.796016557114   0.604401191223
-0.0789005939634   -0.879217099092   0.469842515038
0.52883002527   -0.43644386058   -0.727911781011
0.845052365623   0.191034157226   0.499392080562
0.977438508096   0.208096247662   -0.0361927423543
-0.20969729126   0.976578391369   -0.048183934563
0.0253181541274   0.0546863531485   0.998182545355
-0.482414919817   0.0205559082223   0.875701604301
-0.875942829139   -0.0114033551372   -0.48228012977
7.22303030317e-05   -0.999723670885   0.023506949058
0.559935425307   -0.539407372565   0.628897452617
-0.765566538737   -0.0465773365406   0.641668470853
-0.316828335621   -0.840755754154   -0.43903253593
-0.0220337823254   -0.0144751435767   0.999652430925
-0.918998783746   -0.393405256832   -0.0259526370689
0.393644189479   -0.919251202945   -0.0046344335468
-0.855023676988   -0.470608401116   -0.217858313106
0.42620506819   -0.398361979381   -0.812192694644
0.295438236591   -0.78729630139   0.541184610071
0.360935110249   0.457717267224   -0.812539691015
0.916367297099   -0.0122579293092   0.400150871517
0.173195909295   -0.889013299368   -0.423861452069
0.404631328359   0.373464527057   -0.83474411357
-0.426157994787   0.884639854417   0.189213349045
0.809112385018   0.279171228832   0.517107893387
0.715290844435   0.52669300759   0.459296727207
0.0667780130462   0.602716970805   -0.795155928153
-0.695628999425   0.599438678148   0.39594641847
-0.408667379722   0.905172553782   -0.116848708295
-0.0677059724539   -0.157741740053   -0.985156558492
-0.910168596495   -0.39468999395   0.125749491573
0.885970675318   -0.242751441741   0.395129978626
-0.463414138305   -0.495443885727   0.734699048941
0.0174154786017   -0.834030631109   -0.551443204216
0.943377434602   0.0796324615737   0.322021252324
0.191494110938   0.661940509805   -0.724682528391
-0.270867165526   0.745314317951   0.609210592568
0.563812627706   -0.472530766929   0.677369910126
-0.621132095862   -0.783157059566   -0.0293247257744
0.544343862213   -0.404202541255   -0.735057865283
-0.495568647514   0.314419204813   0.809661830177
-0.752124308448   -0.621579057023   -0.218971460496
0.434420004424   -0.717481734621   0.544517419595
-0.802183769328   0.170312266934   0.572271729127
-0.322766559914   -0.930036353012   -0.175653436848
0.502317576865   -0.325616513413   0.801031171781
-0.0341008197656   -0.911886264173   -0.409023929989
-0.161953330068   0.408894695331   -0.898095900787
0.986209031074   0.0356169810944   -0.161626661435
0.916616866178   -0.313527581234   0.248020112982
-0.0123858958191   -0.642387020542   -0.766280304734
0.399574911903   0.699313500259   -0.5927060976
-0.590751726316   -0.703204335793   -0.395621106586
0.741573122165   -0.666415715493   0.077197141302
-0.317933487284   -0.247777634715   0.915163669186
0.331881795033   -0.929528854721   0.160718954597
-0.292638406829   0.0605185414216   0.954306171516
-0.896781599373   -0.363749384035   -0.251930840988
0.736900788141   -0.35591675356   -0.574717750703
0.6505665462   0.142370744592   0.745985080313
-0.183685593891   -0.923609135739   0.336460646996
0.560422407162   0.106826312418   -0.821288539142
0.106414597017   -0.992714745063   -0.0565098971533
-0.821341986685   -0.0557276763367   -0.56770746604
0.525829434433   0.843396024313   -0.110392717409
0.318373802607   -0.315501622618   -0.893922171075
-0.788759486597   0.434904440422   -0.434415239148
-0.0568771077969   -0.785386188689   0.616387483021
0.704178163787   -0.469216941956   -0.532887019008
0.707741554703   0.403737533552   0.579739506803
-0.788447730596   0.615088574679   0.00402758201861
0.0896522295332   0.108437357306   0.990052431581
0.608533198648   0.780965674559   -0.14064125036
-0.133289336761   -0.96300505405   -0.23421190956
0.48571286833   -0.269467474114   0.831546925876
-0.863896383975   -0.00292340015403   0.503661087922
0.975214580663   0.0438878730969   0.216864880185
-0.202937327766   -0.213128436236   0.955715810619
0.0881644070015   -0.976037972757   -0.198939470884
-0.412390307245   0.529313014122   0.741459349912
-0.854112319304   -0.507760767762   -0.112566197125
0.316901215687   -0.679710773641   0.661488385153
-0.776458096289   0.549332026697   -0.308783336909
0.619981009363   0.578159710245   -0.530428974961
-0.112855539238   -0.603295677006   -0.789492212355
-0.505662080652   0.844916893602   -0.174417037864
-0.620123519069   -0.215407161371   0.754351758749
0.599793865665   0.489607187178   0.632876070787
0.0445201391636   -0.161387331203   -0.98588644708
-0.700688359966   -0.70846579634   0.0843328976374
-0.712077088114   0.687044645379   -0.144623220265
-0.235759912124   0.529720930792   -0.814747199637
0.523972712506   0.775369045391   0.35249885106
0.818455777904   -0.343800202051   -0.460360250983
0.601617703586   -0.0758224775359   0.7951773957
0.796806147746   -0.0130477534619   -0.604094130947
0.0561791922908   0.997035961252   0.0525660567632
-0.291671574639   0.110478372271   0.950116951648
-0.0330208852841   -0.993878333304   0.105429975456
0.955948384424   -0.000622775911504   0.293534152131
-0.496562555247   0.344005869476   0.796922574968
-0.210702580521   0.842880484287   -0.495133226284
-0.842039221942   -0.413778263053   -0.346059962632
0.0614477274205   -0.307853678072   0.949447360148
0.899153708243   0.430026147214   0.0812411328436
-0.433297571824   0.848707031672   0.303231905713
