0.931290655084   0.110415634746   0.347139890184
0.315393365986   -0.721241210598   -0.616715607738
0.182276549357   0.683827100764   -0.706509558191
-0.145274017477   -0.988384849335   -0.0446189360123
-0.631640675121   0.127361657443   -0.764728099226
0.76152840878   -0.0829119883862   -0.642806413163
-0.270394875414   -0.201811729491   0.941359993408
-0.950638036653   0.210574133399   -0.227916339062
-0.152229874263   -0.956520026023   -0.248788072862
-0.502881124654   -0.411249883127   -0.760252660695
0.719251047599   -0.686892783712   -0.104193254162
-0.479362602832   -0.599209343479   0.641217324854
-0.734576019309   -0.609606546533   0.297956255649
0.535436201884   -0.790515917472   -0.297309027673
0.416780692414   -0.0588595162007   0.907099449776
-0.181474447906   0.900082095254   0.39613034037
0.431995394265   -0.288904616176   0.854350105101
0.883429116619   0.32616919621   -0.336402513892
-0.790414537727   -0.602301864372   0.111701936971
-0.606933726824   0.745324266   -0.275904312679
0.0829235177314   -0.285874452663   -0.954672450384
-0.275896576312   0.133487566196   0.951872968862
0.753710841062   -0.584517923353   0.300430966021
0.59649060952   0.800324850889   0.0606554680572
-0.661913710557   0.0384703313642   0.748592194309
0.513487966875   -0.704279476492   0.490224975767
0.546077235975   0.708879716593   0.446418189317
0.53809036446   0.7768703289   -0.327003443026
-0.735885689637   0.24381045885   -0.631687194696
-0.411012179215   0.580541947003   0.702879816403
-0.3330725719   -0.535324642541   0.776202414925
0.83640119015   -0.547792048376   -0.0188923490297
0.435311050818   0.64292410036   0.630200674557
-0.782635710102   -0.293864286613   0.548748691412
-0.107575904157   -0.804436820549   -0.58421642102
0.613113994391   -0.516260770152   0.597968265951
-0.873258195864   -0.48684819297   0.0199739920559
0.418173195494   -0.769856583672   -0.482132781655
0.250102582807   -0.41267381499   0.875870435906
0.971384397985   0.189688981838   -0.142935095482
-0.14848647778   0.954701125437   0.257871144189
0.185375611307   -0.229268077277   0.955548026775
0.758423299256   0.547298702122   -0.353918394269
0.637148965766   -0.508241573866   0.579423591181
0.137241737709   -0.664947090564   -0.734173053292
0.491034130653   -0.633077681663   -0.598413010816
-0.278962988122   -0.765029175264   0.580439499219
-0.825266704643   -0.118080523267   -0.55226067779
0.110935581401   -0.788231791366   -0.605296571822
-0.986124971226   -0.16298616703   0.0315127034865
-0.123494282878   0.593402184389   -0.79537601778
-0.450028402405   -0.165587430322   -0.877527914056
0.0864919766388   -0.986120635493   0.141722370261
-0.888815827383   -0.0121200319686   0.458104278324
-0.602306857135   -0.0770355324501   -0.794538845235
0.420305567794   0.815588045444   -0.397692556896
0.678652841687   -0.573482054531   -0.458855809162
0.0714349346721   -0.970947361862   0.22838185261
0.356152352248   -0.189043970895   -0.915105392322
0.931693378798   0.146709227937   0.332300843125
-0.355537177051   -0.507496346086   0.78488265011
-0.723627694536   0.680958438651   0.112510286331
-0.591571023154   -0.527961232989   -0.609344451871
-0.0831083690915   -0.972648540125   -0.216905086106
-0.949288802762   0.143497581097   -0.279748481978
0.303222307783   0.18265612941   -0.935250218098
-0.574127968982   0.270830606164   0.772675778058
-0.324910608109   -0.941584162923   0.0886135478927
0.751538536584   -0.200175040644   0.628585540028
-0.759666558678   0.0997263056427   -0.642620715188
-0.580063157985   0.342824659916   0.738916764799
0.29399566727   0.934090957303   -0.202584873843
0.027324079557   0.144944626796   0.989062409476
-0.0669071675689   -0.986947881161   0.146483141694
0.997384993673   -0.0701778813844   -0.0172696079901
-0.512598120635   -0.134534367985   0.848023390333
-0.634107489724   -0.606597910899   -0.479527544537
0.578922152105   -0.783542901394   0.225631698743
0.756139370614   0.614492535331   -0.225060383519
-0.426402004637   0.201748389216   -0.881747649779
-0.496421778983   0.762690311641   0.414570748944
0.184559683444   -0.359101091016   0.914868367405
-0.88645581158   -0.462804582754   -0.00283060024175
0.424421744687   -0.810467966432   -0.403742316366
-0.102346584172   0.990197167261   -0.0950512843462
0.168049125505   -0.0769687325682   -0.982769202623
-0.980451257394   -0.11655635613   -0.15852428117
-0.940532894483   -0.0161366294969   0.339319147093
-0.226312531767   -0.715159877149   -0.661308542272
0.253338730479   -0.698774612665   0.668979467797
0.322197518046   0.900912271496   0.290767670887
-0.896825034379   0.192124402551   0.398488483718
0.303139599981   -0.389159726863   0.869862684515
0.0795638989949   -0.332502442   0.93974023647
-0.422198688665   -0.865236693584   -0.270395509144
0.903004902127   -0.375243374546   -0.209223699885
0.388510720306   0.195703638274   0.90042184901
0.904626536174   0.104835482851   -0.413110580335
-0.175243402892   0.975043387497   -0.136308995452
-0.854809022937   -0.245656728825   -0.4571151998
0.213996430616   -0.969341833192   0.120755695965
-0.472765335012   0.00540203734452   0.881171808448
-0.479613224777   0.451174030351   -0.752604244577
-0.733451449653   0.264694437438   0.626087714136
0.481684674472   0.85227862177   0.203963293886
-0.0527915360208   -0.647438254483   0.760287288041
-0.935402890304   0.298615617865   0.189341346723
-0.349620489297   -0.701179306169   -0.621379991683
0.177722936017   -0.94274422468   0.282219568502
-0.983312534025   -0.158796604618   0.0887699205278
-0.0388718206682   -0.293286489961   -0.95523401131
0.665663508115   -0.707510888935   -0.237319270187
-0.0163877106389   0.304079114798   -0.952505818819
0.746072072191   0.637937484384   0.190819886579
-0.877964133193   0.472054294577   -0.0796474971194
0.46012148735   0.878013959196   0.131832106621
0.13216352638   0.0790963363787   -0.988067088748
-0.0540138385638   -0.605219926261   0.794223738062
0.998025872297   -0.00719604133566   0.0623905058077
-0.0320447104755   0.796025789686   0.604413830653
-0.078778865941   -0.879241464738   0.469817344259
0.528739468018   -0.436383942055   -0.728013482071
0.845120385058   0.191058896162   0.499267496395
0.977396858397   0.208275050724   -0.0362889024466
-0.209883144001   0.976534695788   -0.0482602713096
0.0253859618562   0.0547858665012   0.998175366242
-0.482596690725   0.0201738111396   0.875610330824
-0.875842641014   -0.011480996695   -0.482460210688
0.000319818141532   -0.999730565732   0.0232097750391
0.560033951226   -0.539325186912   0.628880208177
-0.765527713495   -0.0466572505482   0.641708984543
-0.316747996594   -0.840804045978   -0.438998021545
-0.0217048892053   -0.0145465306063   0.999658589836
-0.919003414993   -0.393412432404   -0.0256784201642
0.393651649325   -0.91924700515   -0.00482933804615
-0.85509240231   -0.4704478017   -0.217935424813
0.426080860412   -0.398115082125   -0.812378902838
0.29541848944   -0.787517140931   0.540873986097
0.361411010396   0.457835211049   -0.812261658019
0.916186645765   -0.0125926013509   0.400553937083
0.173159209069   -0.888947887063   -0.424013611102
0.404448764339   0.373119864165   -0.834986684918
-0.42617568659   0.884697526765   0.188903600536
0.809194340801   0.279449195923   0.516829435805
0.714939914175   0.526947560813   0.459551071451
0.0667415565353   0.602830899129   -0.795072620386
-0.69599316358   0.599100304798   0.395818570864
-0.408660761898   0.905225579861   -0.11646042783
-0.0681942756976   -0.157529909838   -0.985156773447
-0.910135112193   -0.394652983102   0.126107495738
0.88590570815   -0.242827568281   0.395228855665
-0.463542238707   -0.49523419751   0.734759608682
0.0173109561206   -0.834133000006   -0.551291637066
0.94342241871   0.0795430364102   0.321911548773
0.191444739014   0.661999014395   -0.724642130188
-0.270745363356   0.745271903602   0.609316615499
0.563550813037   -0.47283864324   0.67737293907
-0.621325224041   -0.782991803234   -0.0296445954382
0.54439456931   -0.404162657266   -0.73504224326
-0.495446086802   0.314657837462   0.809644131947
-0.752282794532   -0.621436513798   -0.218831570781
0.434285357944   -0.717500595569   0.544599966244
-0.80233408147   0.170513365265   0.572001061168
-0.322861006377   -0.930006929711   -0.175635649143
0.502016725093   -0.325595305486   0.801228372421
-0.0341293116332   -0.911881543567   -0.409032077702
-0.161798114997   0.408912915488   -0.898115581387
0.986233522078   0.0355285525857   -0.161496631173
0.916601183286   -0.313443749524   0.248183977491
-0.0122390926733   -0.642473785023   -0.766209919127
0.399615409374   0.699271371817   -0.592728498681
-0.590844662049   -0.703212715904   -0.395467396278
0.741581517387   -0.666421663862   0.0770650310143
-0.317741149992   -0.247737849604   0.915241235673
0.332214199987   -0.929429530698   0.16060657768
-0.292947095364   0.0601819383606   0.954232746039
-0.896557708485   -0.364058898754   -0.252280386858
0.736948387449   -0.356141772294   -0.574517286305
0.650524609865   0.142762710977   0.745946740937
-0.183643149058   -0.923461881391   0.33688773712
0.560428649518   0.107293721826   -0.821223347242
0.107292022066   -0.992622693529   -0.0564677810041
-0.821223569316   -0.0564645512441   -0.567805955986
0.525994761639   0.84328992063   -0.110415671409
0.318556841764   -0.315723443904   -0.893778633407
-0.788575328864   0.434949211671   -0.434704651428
-0.0564794397776   -0.785186536299   0.616678340869
0.704064225526   -0.469258384271   -0.533001064845
0.7078867418   0.404077556919   0.579325201228
-0.78812851042   0.615498430848   0.00389007546484
0.089524775149   0.108376520378   0.990070625999
0.608965323888   0.78065114581   -0.140516984196
-0.133299237397   -0.962983205664   -0.234296092409
0.485693720571   -0.269545214789   0.83153291395
-0.863905621644   -0.00295343753668   0.503645067581
0.975195575775   0.0436678787376   0.216994712735
-0.203103054587   -0.21318895041   0.955667107648
0.0879928304226   -0.976034624278   -0.199031841685
-0.412401297798   0.529125889915   0.741586786692
-0.854105647646   -0.507743075523   -0.112696547945
0.316904894621   -0.679869665363   0.661323314185
-0.776540440438   0.549278637475   -0.308671221169
0.61990654328   0.578426263701   -0.53022536252
-0.112697923507   -0.603088746268   -0.78967280703
-0.50565968065   0.844891843629   -0.174545294793
-0.620289198855   -0.215425666893   0.754210243784
0.59962454682   0.489642272086   0.633009358728
0.0445258465514   -0.161570167456   -0.985856242044
-0.700437874333   -0.708692200755   0.0845112346878
-0.712323124143   0.686768116308   -0.144724984832
-0.235739516994   0.529738880313   -0.814741430647
0.52380046166   0.77542990525   0.352620955714
0.818571900624   -0.343635243725   -0.460276941393
0.601567619214   -0.0758274174648   0.795214815175
0.796846961327   -0.0129948720515   -0.604041433616
0.0561366167295   0.997036276201   0.0526055529501
-0.291765734758   0.110554263278   0.950079212957
-0.0334424112025   -0.993869559204   0.105379810304
0.955904995883   -0.00102672193261   0.293674283328
-0.496852186752   0.343684163988   0.796880856806
-0.210648371235   0.843018547345   -0.494921198302
-0.84188192059   -0.413764334201   -0.346459099358
0.0613397436367   -0.308044958015   0.949392300207
0.899052900094   0.430189019247   0.0814941136008
-0.43352199331   0.848555072792   0.303336397018
