0.931266042607   0.110518050113   0.347173326289
0.315485934567   -0.721239874159   -0.616669821715
0.182242099905   0.683811965764   -0.706533093705
-0.145361774264   -0.988378740435   -0.044468191325
-0.631574079157   0.127295071993   -0.76479418616
0.761566896024   -0.0830868828593   -0.642738230368
-0.270293639085   -0.201623093307   0.941429485897
-0.950646431133   0.210629661255   -0.227829999722
-0.152357184418   -0.956547580649   -0.248604131726
-0.50296055165   -0.411070247642   -0.760297267512
0.719099172407   -0.687044361549   -0.104242148418
-0.479507104981   -0.599158824325   0.641156485974
-0.734538163137   -0.60964399079   0.297972970903
0.535416562588   -0.790481111063   -0.297436913578
0.416872632108   -0.0589391003234   0.907052033266
-0.181626301065   0.900080792203   0.396063699761
0.432022820173   -0.288776343301   0.85437960322
0.88338449704   0.326286363577   -0.336406063163
-0.790415599533   -0.602268463088   0.111874386629
-0.606952780057   0.745316629998   -0.275883025627
0.0827738050107   -0.285964717084   -0.954658408954
-0.275815013843   0.13352678202   0.951891105443
0.75361939347   -0.584662749653   0.300378559412
0.596643853505   0.800212514056   0.060630391911
-0.661845236367   0.0386708786025   0.748642402116
0.513427516422   -0.704284807187   0.490280629585
0.546217052535   0.70886350838   0.446272851524
0.538082705104   0.776882830022   -0.326986346634
-0.735921928748   0.24386489658   -0.631623960125
-0.410957318047   0.580502351961   0.702944593912
-0.333043884157   -0.535380014674   0.776176533473
0.836361864643   -0.54784773192   -0.0190182544266
0.435408546767   0.642830539503   0.63022876393
-0.782626076492   -0.29380089528   0.548796372371
-0.107779271696   -0.804341674156   -0.584309934717
0.613090574864   -0.516445064986   0.597833122087
-0.8732909675   -0.4867898474   0.019963229995
0.418102904225   -0.769843599051   -0.48221446938
0.250105672791   -0.412766856068   0.875825710384
0.971368471598   0.189867620628   -0.142806088882
-0.148679109417   0.954652536375   0.257940026395
0.185304654037   -0.229322527089   0.955548723908
0.758450372064   0.547262832627   -0.353915844716
0.63712962707   -0.508303919861   0.579390165057
0.137181891755   -0.664928956415   -0.734200661601
0.490971201724   -0.633152155831   -0.598385850972
-0.278949236022   -0.764963697832   0.580532397651
-0.825308792393   -0.118105412939   -0.552192456155
0.110972133925   -0.788158319388   -0.605385537547
-0.986123299418   -0.163007159461   0.0314563874062
-0.123474790286   0.59349400127   -0.795310534709
-0.449971765257   -0.165714037648   -0.877533058179
0.0866135126552   -0.986098394597   0.141802875849
-0.888832666983   -0.0121989302757   0.458069510231
-0.602353771589   -0.0770810063561   -0.794498868666
0.420215748022   0.815621335817   -0.397719199529
0.678666824713   -0.573428596269   -0.458901935074
0.071292692928   -0.970947325693   0.228426449134
0.35604724989   -0.189150352635   -0.915124308465
0.931744443386   0.146572285331   0.332218087094
-0.355625262718   -0.507521491148   0.784826483077
-0.723610481215   0.68098146434   0.112481628286
-0.591539131413   -0.52790736048   -0.609422082598
-0.0831312390469   -0.972648617726   -0.216895973982
-0.949258206087   0.143533674732   -0.279833776364
0.303311811953   0.182627354613   -0.935226814242
-0.574108233998   0.270795632854   0.772702698897
-0.324899043367   -0.94159065078   0.0885870079791
0.751558612003   -0.200191836973   0.628556187731
-0.759660867147   0.0997604324645   -0.642622146397
-0.580089768081   0.342721660384   0.738943654463
0.293957867549   0.934125109189   -0.202482227585
0.0273708758799   0.144947261559   0.98906072944
-0.0667775986901   -0.986956112497   0.146486805954
0.997392393929   -0.0700565726545   -0.0173346231904
-0.512537040364   -0.134573849705   0.848054043815
-0.634153472947   -0.606560094894   -0.47951457124
0.578925863133   -0.783565396287   0.225544041682
0.756163369373   0.614462410911   -0.225062001225
-0.42640021027   0.201772071259   -0.881743098607
-0.496386764026   0.76270831701   0.414579550464
0.184543055881   -0.359223635108   0.91482361169
-0.886467201953   -0.46278234897   -0.00289781684789
0.424405184213   -0.810426355359   -0.403843239577
-0.10220217978   0.990219076666   -0.0949783904612
0.168104968019   -0.0769129302243   -0.982764020959
-0.980456747733   -0.116406964443   -0.158600077093
-0.941001146447   -0.0155686455043   0.338045055668
-0.22580510317   -0.715143553439   -0.661499624608
0.25204939549   -0.698804203803   0.669435424056
0.322236544922   0.900887623512   0.290800789064
-0.896836236665   0.192173676247   0.398439509538
0.303064966171   -0.389192456197   0.869874047388
0.0795608898896   -0.332511456869   0.939737301511
-0.422268781636   -0.865204609704   -0.270388719075
0.902972392078   -0.375309358261   -0.209245656457
0.388503113178   0.195844345417   0.900394537644
0.904614730799   0.104856008062   -0.413131221762
-0.175321190595   0.975012928089   -0.136426794241
-0.854825228892   -0.245673542725   -0.457075856347
0.213995013119   -0.969337325184   0.120794388799
-0.472736673435   0.00544613717879   0.881186913872
-0.479766903447   0.451017136151   -0.752600333016
-0.733420612685   0.264653281755   0.626141234344
0.481578574322   0.852374438469   0.203813378852
-0.0530104725727   -0.647564531522   0.760164500166
-0.935409309394   0.298680621692   0.189207056222
-0.349570184221   -0.701034994661   -0.621571092124
0.177891953624   -0.942707022235   0.282237352357
-0.983279330327   -0.158935626713   0.0888888357083
-0.0389385591419   -0.293330763458   -0.955217698654
0.665633367424   -0.70755743512   -0.23726503362
-0.0163792006724   0.304002998607   -0.952530261264
0.746099150219   0.637922136976   0.190765314453
-0.877962856699   0.472064560781   -0.0796007079774
0.460113622236   0.877993506535   0.13199567082
0.132199383091   0.0792619261454   -0.988049022151
-0.0539473443319   -0.605212042706   0.794234264813
0.998037005881   -0.00734298367585   0.0621949795554
-0.0318091013815   0.7960304416   0.604420149495
-0.0787185509349   -0.879254383154   0.469803277386
0.528692612494   -0.436353385441   -0.728065824296
0.845155317816   0.191069235406   0.499204403074
0.977375820111   0.208365500925   -0.0363362668294
-0.209977125512   0.976512524721   -0.0483000602964
0.0254187534022   0.0548370959043   0.998171718638
-0.482688394921   0.0199806945386   0.875564209669
-0.875792050405   -0.0115200191761   -0.482551109838
0.000444810160376   -0.999733995123   0.0230595130041
0.560083913192   -0.539283317624   0.628871619264
-0.765508235342   -0.0466981603026   0.641729244657
-0.316706728389   -0.840828630077   -0.438980709185
-0.0215370246389   -0.0145829797783   0.999661689408
-0.919005518484   -0.393416628381   -0.0255384711662
0.393655958377   -0.919244631866   -0.00492881527337
-0.855125928692   -0.470368683025   -0.217974650148
0.426019654956   -0.397990162006   -0.812472205394
0.29540971492   -0.787627534419   0.54071801094
0.361650106734   0.457895499583   -0.812121242033
0.916095676988   -0.012760842391   0.400756623783
0.173141303286   -0.888914434782   -0.424091047692
0.404356928854   0.372946354873   -0.83510866986
-0.42618393292   0.884726740142   0.188748114157
0.809235892314   0.279588289569   0.516689131806
0.714764033753   0.527075747249   0.45967764
0.0667219186957   0.602887874006   -0.795031066652
-0.696175668649   0.598930186281   0.395755063571
-0.408655979681   0.905252892166   -0.116264747432
-0.0684406871053   -0.157423079697   -0.985156762311
-0.91011876292   -0.394632962641   0.126288012802
0.885872417807   -0.24286544362   0.395280198928
-0.463607780045   -0.495128227402   0.734789673792
0.0172593641298   -0.834184880422   -0.5512147491
0.943445512568   0.0794965012959   0.321855357416
0.191419854005   0.662029158292   -0.724621165205
-0.27068247876   0.745250092152   0.609371229908
0.563417864182   -0.472997191959   0.677372841735
-0.621423912491   -0.782907250536   -0.0298086907199
0.544419536117   -0.404140932666   -0.735035696574
-0.495383887085   0.314777559238   0.80963565424
-0.752363130232   -0.621363902961   -0.218761560528
0.434217140016   -0.717510967371   0.544640695339
-0.8024091714   0.17061556359   0.571865238596
-0.322909010254   -0.929992217446   -0.175625301667
0.501865811498   -0.325583790982   0.801327587382
-0.0341435135463   -0.911879641362   -0.409035133152
-0.161721662552   0.408920967292   -0.898125685175
0.98624557   0.0354846752775   -0.161432690234
0.916592335978   -0.313402182343   0.248269131649
-0.0121636989304   -0.642517950459   -0.766174084505
0.399638003767   0.699249422911   -0.592739158909
-0.590892611322   -0.703217001023   -0.395388127487
0.741585720001   -0.666424835669   0.0769971317258
-0.317642159945   -0.247717152972   0.915281197419
0.332382553342   -0.929379235566   0.160549290662
-0.293102981089   0.0600111477973   0.954195632256
-0.896444354498   -0.364215456342   -0.252457165973
0.736971588131   -0.356256896205   -0.574416140263
0.650503421521   0.142957140708   0.745927982121
-0.183625098715   -0.923387394232   0.337101680944
0.560498283177   0.107695164055   -0.82112327101
0.110858974474   -0.992341827665   -0.0544792148042
-0.820702115468   -0.060493377374   -0.568144866174
0.52607770498   0.843236683072   -0.110427101046
0.3186479693   -0.315834295319   -0.893706981936
-0.788483176729   0.434971946477   -0.434849037935
-0.0562752873593   -0.785084440921   0.616826971407
0.703996448866   -0.469284584109   -0.533067518333
0.707970403348   0.40424546966   0.579105783293
-0.787966625304   0.615706108517   0.00381907615009
0.0894591905642   0.108346604507   0.990079828355
0.609184414304   0.780491512591   -0.14045407841
-0.13330412033   -0.962971814797   -0.234340127614
0.485683817114   -0.26958573113   0.831525563867
-0.863910435923   -0.0029694238599   0.503636715525
0.975185787363   0.0435563493898   0.217061107879
-0.203187761619   -0.213218336234   0.955642545423
0.0879057088834   -0.97603318874   -0.199077373964
-0.412405218533   0.529030808781   0.7416524382
-0.854102173426   -0.507734798082   -0.112760153272
0.316909155872   -0.679949835045   0.661238843949
-0.776582350543   0.549250406256   -0.308616013927
0.619868775657   0.57856096312   -0.530122545191
-0.11261684506   -0.602985242921   -0.789763409527
-0.505658840366   0.844878491799   -0.174612345654
-0.620373642807   -0.215433984712   0.754138410069
0.599537889103   0.489661650863   0.633076446572
0.0445287096914   -0.161663785241   -0.985840765314
-0.70030922836   -0.708808414715   0.0846026944147
-0.712449421845   0.686626136824   -0.144776964821
-0.235728258567   0.529746879459   -0.814739487085
0.523713573473   0.775460867367   0.352681919217
0.81863073548   -0.343553033586   -0.460233671129
0.601541139518   -0.0758311323751   0.795234491726
0.796868317116   -0.0129699760082   -0.604013795288
0.0561172223455   0.997036317837   0.0526254526933
-0.291809862229   0.110592035833   0.950061264296
-0.0336557448691   -0.99386512383   0.10535372073
0.955884038544   -0.0012317647897   0.293741702202
-0.496997336892   0.343522297301   0.796860137276
-0.210620100738   0.843088660209   -0.494813787391
-0.841803314491   -0.413755896978   -0.346660118024
0.0612859802234   -0.308141575906   0.949364417822
0.89900262753   0.430270064497   0.0816207528249
-0.433633836689   0.848478898262   0.303389609055
