0.931038807719   0.111482792546   0.347474208377
0.316353879435   -0.72120733586   -0.616263094521
0.181898217383   0.683689670588   -0.706740032009
-0.146161907062   -0.98832272641   -0.0430683803362
-0.630963620041   0.126666598317   -0.765402170794
0.761919685471   -0.0846980597866   -0.642109516796
-0.269313241707   -0.199859463827   0.942086287216
-0.950742218716   0.211085617761   -0.227006818234
-0.153491404944   -0.956817149038   -0.246862982068
-0.503660571139   -0.409423048079   -0.760722549147
0.717705279045   -0.688436789561   -0.104660972717
-0.480858775017   -0.598688194706   0.640583549593
-0.734170976869   -0.610002086724   0.298144983047
0.535256353322   -0.790152465067   -0.298596246086
0.417724326502   -0.059636701291   0.906614499612
-0.183041234652   0.900063012307   0.395452247805
0.432279064763   -0.287589312472   0.854650336407
0.882966996317   0.327381980611   -0.33643769436
-0.790396715421   -0.601954532262   0.11368277504
-0.60720198636   0.745258826272   -0.275490525472
0.08110967891   -0.286775213282   -0.954558116112
-0.275087480971   0.133880637063   0.952051917089
0.752759980245   -0.586008777771   0.299910194086
0.598062948154   0.799168122109   0.0604236927928
-0.661215661536   0.0405418261933   0.749099599031
0.512863781075   -0.704324423854   0.490813455424
0.547507617299   0.708719596379   0.444917905582
0.538022703351   0.776982953524   -0.326847151757
-0.736252258864   0.244361285067   -0.631046887068
-0.410443884102   0.580159505906   0.703527373817
-0.332760637176   -0.535871808096   0.775958609485
0.836006602558   -0.5483483943   -0.0201742149364
0.43630645059   0.641993336224   0.630461130775
-0.782519496958   -0.293236027562   0.549250279035
-0.109615484027   -0.803489598108   -0.585140078437
0.612901038131   -0.518089855017   0.596603067027
-0.873579352171   -0.486277316368   0.0198365078933
0.417488554972   -0.76970439455   -0.482968375236
0.250124812699   -0.413629685342   0.87541308048
0.971219851699   0.191518964032   -0.141606800971
-0.150462396435   0.954201828481   0.258572886791
0.184643079817   -0.229824622137   0.955556160639
0.758702917013   0.546927548751   -0.353892837075
0.636945360413   -0.508867584508   0.57909790993
0.136640007188   -0.664773674158   -0.734442285399
0.490400240915   -0.633843327606   -0.598122261548
-0.278829219362   -0.764354721981   0.581391542263
-0.825688724726   -0.118340589122   -0.551573780039
0.11131247199   -0.787473552543   -0.606213607258
-0.986106591993   -0.163207207516   0.0309385947092
-0.123301755085   0.594347382816   -0.794699858898
-0.449461876368   -0.16687880609   -0.877573635526
0.0877154110385   -0.985892957851   0.142552033747
-0.888982580458   -0.0129050275888   0.457759141804
-0.602799751627   -0.0775202072416   -0.794117797879
0.419401553273   0.815900298057   -0.39800633254
0.678774481364   -0.572972356313   -0.459312401694
0.06998026662   -0.970943719546   0.228847232356
0.355076411077   -0.190139479647   -0.915296520575
0.932214301854   0.145310948496   0.331453199814
-0.356412874374   -0.507757647744   0.784316284504
-0.723428002008   0.681211088839   0.112264768981
-0.591288245183   -0.527383753637   -0.61011850284
-0.083340639052   -0.972645972443   -0.216827466369
-0.948986051262   0.143863226686   -0.280586611436
0.304104936481   0.182381973608   -0.935017113913
-0.573940099158   0.270443778128   0.772950791093
-0.324788423157   -0.941655266653   0.0883053733846
0.751734822103   -0.20036347386   0.628290725366
-0.759599291704   0.100100822998   -0.642642000867
-0.580328366007   0.341796650617   0.739184711175
0.293645881378   0.934427565337   -0.20153714667
0.0277634411821   0.144991744825   0.989043267641
-0.065599925099   -0.987027533958   0.146537698342
0.997459694003   -0.0689495550458   -0.0178918332836
-0.511898315777   -0.134966809932   0.848377318486
-0.634586575155   -0.606240421283   -0.479345835735
0.579016401269   -0.783745182964   0.224685324936
0.756461490917   0.614106169456   -0.225032498532
-0.426307906307   0.202030069795   -0.88172865436
-0.496011675044   0.762926905761   0.414626283158
0.184394982155   -0.360321200849   0.914421742291
-0.886577332267   -0.462567233909   -0.0034911350918
0.424239465947   -0.810061841054   -0.40474768585
-0.100885923994   0.99042501142   -0.094235487438
0.168591214095   -0.0763300586514   -0.982726169732
-0.980509578163   -0.115030512905   -0.15927632665
-0.945191788997   -0.0102263490659   0.326355486852
-0.221201075495   -0.715144547652   -0.663052305752
0.240171951346   -0.698901779758   0.673686674975
0.322608804959   0.900635009457   0.291170291589
-0.896942227161   0.192619596402   0.397985341712
0.302354427946   -0.389556505301   0.869958349048
0.0795424571633   -0.332609894087   0.939704025672
-0.42286687677   -0.864925268542   -0.270347710121
0.902694079985   -0.375865585272   -0.209447988218
0.388445982026   0.19710258766   0.900144593377
0.904499048196   0.105065914292   -0.41333113295
-0.176043150563   0.974736745789   -0.137466670681
-0.85497858195   -0.24585026688   -0.45669384787
0.214002362066   -0.96929013337   0.121159508013
-0.472455938091   0.00585522216513   0.881334841553
-0.481193324718   0.449584193563   -0.752547033178
-0.733114250329   0.264284460984   0.626655582954
0.480620931933   0.85324543748   0.202424660571
-0.05504513298   -0.64872242045   0.75903178757
-0.935456666117   0.299310927468   0.187972855797
-0.349128714307   -0.699694354632   -0.623327322474
0.179438778055   -0.942351427465   0.282445591372
-0.982973640827   -0.160201590792   0.0899903980868
-0.0395543470453   -0.293784338355   -0.955052991287
0.665350159101   -0.707991568383   -0.236763816668
-0.0162810601369   0.303314939949   -0.952751265696
0.746353865713   0.637767972152   0.190283790252
-0.877955223557   0.472147511546   -0.0791918731293
0.460025114404   0.877809012873   0.133522399006
0.132557608405   0.0807964371727   -0.987876721152
-0.0533589696483   -0.605133458492   0.794333883056
0.998136574924   -0.00874122205739   0.0603901385732
-0.0296006445541   0.796076056951   0.604472260233
-0.0781914762934   -0.879391624103   0.469634394494
0.528230132467   -0.436060389182   -0.72857687593
0.845493359045   0.191106536892   0.498617359673
0.977180687937   0.209207568082   -0.0367436604152
-0.210851157513   0.976304281786   -0.0487005004208
0.0256844797344   0.0553366318339   0.998137347602
-0.483531141013   0.0181962839799   0.875138006785
-0.875325715692   -0.0118673378936   -0.483388102604
0.00158969124257   -0.999764002923   0.0216659027301
0.560556659201   -0.538876917933   0.628798774764
-0.765332282874   -0.0470978899374   0.641909873389
-0.316295318676   -0.841066855894   -0.438820937628
-0.0199322591231   -0.014933438022   0.999689800626
-0.919017232821   -0.393473776175   -0.0242015131672
0.393713132653   -0.919214545082   -0.00588126562262
-0.855404440976   -0.469688248024   -0.218348785267
0.4254962186   -0.396827090513   -0.813314962479
0.295357766644   -0.788619813283   0.539298228979
0.36383081702   0.458472123996   -0.810820848342
0.915260451902   -0.0143005323337   0.402608743023
0.172989715794   -0.888593723978   -0.424824377756
0.403525502453   0.371346440869   -0.836223050223
-0.426225773799   0.885007500487   0.187332095038
0.80962877828   0.280826538874   0.515400520416
0.713172324469   0.528253695146   0.460796342406
0.0665016523614   0.603401623371   -0.794659682598
-0.697827174767   0.597373011172   0.395199594735
-0.408573160456   0.905519311205   -0.114467242434
-0.0707150287802   -0.156440583197   -0.985152642301
-0.909982064252   -0.394412374253   0.127951247653
0.885549812846   -0.243200494206   0.395796726346
-0.46423990711   -0.494148414769   0.735050102257
0.0168177767596   -0.834668115959   -0.550496411056
0.943671709927   0.0790276506783   0.321307227294
0.191185314773   0.662327351416   -0.724410556923
-0.270059029285   0.74503497233   0.609910657971
0.562173558014   -0.474539149782   0.677328196662
-0.622371524807   -0.782092795244   -0.0313774558678
0.544623333855   -0.403910206544   -0.73501154363
-0.494803212366   0.315858627266   0.80956970584
-0.753110573054   -0.620678610254   -0.218134196144
0.43358303217   -0.717629006072   0.544990241984
-0.803081844255   0.171584530894   0.570629740011
-0.323366195829   -0.929858787115   -0.175490567894
0.500493611171   -0.325455657168   0.802237346672
-0.0342659362577   -0.911873943957   -0.409037597226
-0.161068322339   0.408966477291   -0.898222364446
0.986348235235   0.0351045692732   -0.16088762558
0.916483752197   -0.313039151596   0.24912651711
-0.0114277083755   -0.642933869545   -0.765836436109
0.399908663873   0.699029705348   -0.59281576531
-0.591368123903   -0.70325725495   -0.394604834475
0.741621409842   -0.666461214674   0.0763356653175
-0.316672427746   -0.247504914488   0.915674555074
0.333956538152   -0.928910032901   0.159997441857
-0.294541227166   0.0584017808909   0.953852555424
-0.895387344184   -0.365671140185   -0.25409864445
0.737161061147   -0.357361887231   -0.573485877318
0.650309754418   0.144657300102   0.745769058647
-0.183550519577   -0.922695370684   0.33903164997
0.566264168386   0.115695478214   -0.816063384746
0.0712501751856   -0.993264106167   -0.0913773929221
-0.821138419597   -0.00640091571345   -0.570693196157
0.526826873223   0.842755277535   -0.110530483744
0.319454234978   -0.31682772275   -0.893067290774
-0.787656293954   0.43518241725   -0.436135100986
-0.0543243094336   -0.784120782256   0.618226065641
0.703083230287   -0.469675706214   -0.533927618954
0.709029506222   0.405659130092   0.576816980922
-0.786443148335   0.617654811376   0.00311583375641
0.0888173645977   0.108093738291   0.990165248576
0.611243527722   0.778985415605   -0.139868052434
-0.133347558781   -0.962858590398   -0.234780245044
0.485588257068   -0.26998797984   0.831450861651
-0.863957448701   -0.00313458733784   0.503555062726
0.975088921694   0.0425173770271   0.217701326225
-0.204001465913   -0.213458139092   0.955415629326
0.0870918865034   -0.97602658545   -0.199467059434
-0.4123947758   0.528138508572   0.742293920665
-0.854070541819   -0.507670182519   -0.113289431892
0.31700797859   -0.680691340877   0.660428073272
-0.776981700167   0.548955667721   -0.308134893322
0.619509945322   0.579810727268   -0.529175725248
-0.111834097001   -0.602052485604   -0.790585820342
-0.505658327805   0.844738216065   -0.175291191566
-0.621174383256   -0.215482373724   0.753465149958
0.598708644591   0.489882325599   0.633690197146
0.0445543553461   -0.162574166954   -0.985689885136
-0.699061392106   -0.709932369886   0.0854938609251
-0.713672249346   0.685248619428   -0.145279902551
-0.235601158983   0.529786967666   -0.814750184275
0.522910236075   0.775757089235   0.353222059771
0.819180675366   -0.342821684541   -0.459800297645
0.601257838241   -0.0759052060587   0.795441645658
0.7970906095   -0.012785802139   -0.603724343977
0.0559961802267   0.997033060112   0.0528157632073
-0.292127101297   0.110922398561   0.949925248736
-0.0356358407602   -0.993824072477   0.105089484816
0.955715356966   -0.00315189832203   0.294275758423
-0.498308241763   0.342042499458   0.796677993141
-0.210333562674   0.84374774958   -0.493811226575
-0.841099690051   -0.413638324678   -0.348503440088
0.0608100863724   -0.309042823881   0.949102031608
0.898555994752   0.430984084581   0.0827637791088
-0.434625422278   0.847788447577   0.303900461442
