0.930512584641   0.117130923747   0.347025469565
0.320252165203   -0.719950346458   -0.615719131843
0.177721356362   0.684070058793   -0.707434289638
-0.14969806063   -0.988168677187   -0.0333639936164
-0.630086057617   0.121348056289   -0.766985142771
0.76195934973   -0.0937940012005   -0.640796874757
-0.264947245551   -0.191202341836   0.945116194736
-0.951148301977   0.212924235231   -0.223562469342
-0.158492475283   -0.958177924254   -0.238275472407
-0.50475592766   -0.398672742047   -0.76569021036
0.709760450914   -0.696541038777   -0.105217316155
-0.491387378563   -0.596565692987   0.634545363343
-0.733717866893   -0.611169194367   0.296867491752
0.534011329737   -0.78885345732   -0.304207367738
0.420107119095   -0.0646717769238   0.905167150174
-0.192061502855   0.898669752589   0.394341292414
0.432005635584   -0.283375795159   0.856194656338
0.881183017281   0.334799693099   -0.333804816557
-0.792921506704   -0.603206478745   0.0861244924846
-0.599404110913   0.746781363379   -0.288153270206
0.109499753542   -0.280106300019   -0.953703446918
-0.271800382804   0.134874969267   0.952855337695
0.748047002079   -0.593298425659   0.29735948075
0.605433922562   0.793602999475   0.0603659227951
-0.656701122912   0.0478158407713   0.752633563255
0.51237445177   -0.703997936573   0.491791954463
0.553367921314   0.708590538091   0.437816620274
0.538781007375   0.776349967711   -0.327102053994
-0.737698906861   0.24726799531   -0.628218800507
-0.406835776337   0.579775185852   0.705935822127
-0.332533622605   -0.537350048919   0.775033105592
0.833336200228   -0.552187347364   -0.0252964582635
0.441556527781   0.63745122036   0.631414106934
-0.780601200887   -0.289179619069   0.554109116591
-0.120180325932   -0.800547206534   -0.587095272821
0.613366492754   -0.524880289233   0.590154409915
-0.874938177382   -0.483899129878   0.0180227040619
0.415291334678   -0.768989078662   -0.48599269978
0.249030707142   -0.417728894142   0.873777018408
0.97073181252   0.19992860874   -0.133072534992
-0.160078258411   0.951678796223   0.262073310362
0.17903826224   -0.233100879937   0.955829106288
0.761215770237   0.544246621739   -0.352627517174
0.634319152832   -0.51178828531   0.57940656138
0.134869431277   -0.66473179986   -0.734807369834
0.486441265698   -0.637598341951   -0.597363582224
-0.2770690286   -0.760989491633   0.586624025262
-0.828617914613   -0.119847185889   -0.546835444734
0.113516966224   -0.783004198464   -0.611570374991
-0.985750970775   -0.16566843606   0.0291374828841
-0.124132678996   0.599548492184   -0.790653327018
-0.44846730861   -0.172213409003   -0.877051660318
0.0925884021841   -0.984934465283   0.146053027627
-0.888990697864   -0.0157048036473   0.457655873177
-0.606195338937   -0.0797392924524   -0.791308319361
0.415252267528   0.816839536891   -0.400423182752
0.678301382399   -0.571327240915   -0.462052397921
0.0633382194877   -0.970968402891   0.230669960202
0.349526557875   -0.194912641739   -0.916427982675
0.934783106016   0.138670193906   0.327033823984
-0.360373302791   -0.507679953762   0.782554884454
-0.722190320253   0.682826166963   0.1104063723
-0.590400054174   -0.525366053584   -0.612713869414
-0.0822427778124   -0.972598769019   -0.217457490101
-0.947687317026   0.143846670843   -0.284950670177
0.308423207047   0.182646570706   -0.933549867744
-0.574569989088   0.267809378158   0.773399938331
-0.324562828472   -0.942029971217   0.0850793964711
0.751350981907   -0.202132803623   0.628183119549
-0.76069787866   0.102946360016   -0.640890618095
-0.579156836678   0.338207501237   0.741749987958
0.293114475814   0.935423825368   -0.197651640524
0.026204338175   0.144876386159   0.989102707202
-0.0590994921897   -0.987487317117   0.146205501115
0.997908103326   -0.0622866861134   -0.017314330749
-0.507794105841   -0.136921044709   0.850527938159
-0.636613954686   -0.605524127959   -0.477559633092
0.580403151932   -0.783959921154   0.22031573537
0.762129607714   0.606951925895   -0.2253171558
-0.424612802359   0.205877279642   -0.881656687038
-0.488735541084   0.767609213975   0.414624728523
0.181797684272   -0.367502242635   0.912080974284
-0.888701413297   -0.458423859814   -0.00757382053475
0.420903076727   -0.809190747853   -0.409940158549
-0.0968886597279   0.991298597449   -0.0891048725451
0.171335744595   -0.071577596474   -0.982609134044
-0.98043696903   -0.110470531718   -0.162909825921
-0.960614783377   -0.0107230682468   0.277676527214
-0.187073564982   -0.713946989718   -0.674746750387
0.205481676174   -0.700117641315   0.683822030266
0.325959598481   0.898559647668   0.293838220353
-0.896838154698   0.195586999884   0.396770777345
0.299051273926   -0.392856570594   0.869616036251
0.0801445971061   -0.332461843498   0.939705254946
-0.426231197634   -0.863632230047   -0.269195723197
0.901057051311   -0.37895711346   -0.210921066847
0.387406455968   0.202768748777   0.899333682452
0.904515142752   0.105000634995   -0.413312500637
-0.178237466338   0.973580865244   -0.142729479868
-0.855893156937   -0.245965963016   -0.454914990901
0.212786005332   -0.9692359175   0.123708739231
-0.471348087769   0.00908191968143   0.881900503964
-0.487908151857   0.442549150678   -0.752393437363
-0.731496487436   0.263031010374   0.629068816943
0.476296676684   0.857300960466   0.195388175086
-0.0660274083616   -0.654860584919   0.752859877842
-0.93570789562   0.302675692344   0.181213021988
-0.346541650338   -0.69249190579   -0.632743111379
0.188440459037   -0.940671184984   0.282184186551
-0.981195281678   -0.168105411254   0.0948493011053
-0.0417853157361   -0.294751238247   -0.95465998918
0.664695735028   -0.70924722964   -0.2348360004
-0.016563750807   0.300257258276   -0.953714433681
0.74693053358   0.637819681494   0.187831924615
-0.878836234427   0.470794565887   -0.0774554697173
0.457840829848   0.87781683291   0.140781328252
0.134270799438   0.0882614558673   -0.987006214685
-0.0502681709837   -0.604382784705   0.795106634696
0.998548965654   -0.0150174939261   0.0517149694751
-0.0193151282052   0.796552524588   0.604260706479
-0.0777310169945   -0.880813062226   0.467039868115
0.526422646146   -0.434090193627   -0.731057385861
0.846662321485   0.189034529145   0.497422215195
0.975605157089   0.215635535791   -0.0411812234469
-0.21759170391   0.974703081381   -0.0510661682152
0.0291277848448   0.0587811096425   0.997845856482
-0.490357308642   0.0093035794577   0.871471831599
-0.871493514048   -0.0132466222752   -0.49022809178
0.00698318217241   -0.99986897662   0.0146035872023
0.564195432621   -0.536249345697   0.627789895625
-0.764555651081   -0.0523008390018   0.642432314443
-0.311669970017   -0.842437689968   -0.439500362128
-0.0116070089338   -0.0180482662653   0.999769742205
-0.918700929455   -0.394553130394   -0.0177884657817
0.394783332427   -0.918695862286   -0.0120013772837
-0.855992208366   -0.468199756607   -0.219240341019
0.422761721836   -0.389828797363   -0.818111260952
0.297573294782   -0.792983289016   0.531627348406
0.375565832342   0.462722193787   -0.803018354058
0.910593135633   -0.022925165231   0.412667636407
0.172541145573   -0.88620686534   -0.429961562129
0.407040354064   0.351422518069   -0.843101633232
-0.42062196714   0.891450344928   0.168503540874
0.810799180391   0.286039326531   0.510672294877
0.705228112139   0.536070590036   0.463984517358
0.0621415323038   0.605182946554   -0.793657376431
-0.70625189544   0.588542202139   0.393479779009
-0.406975160381   0.907094547354   -0.107474187571
-0.0812491393239   -0.153140881557   -0.984858592771
-0.909818551246   -0.392080798506   0.136025186091
0.883858390752   -0.244255651162   0.398915432105
-0.467488762697   -0.490024919392   0.735751204639
0.0157671128789   -0.836788357502   -0.547299408826
0.94569041953   0.0746487014854   0.316381418188
0.18951507756   0.664150209312   -0.723179462407
-0.264109192922   0.743862938206   0.613933435624
0.558945068156   -0.481507678041   0.675078341211
-0.624030930549   -0.780378495792   -0.039934959914
0.546045610277   -0.398948316568   -0.736664395912
-0.494061984561   0.319618187155   0.808546207617
-0.755391299627   -0.618231671566   -0.217194808227
0.430449462609   -0.718076468569   0.546881564352
-0.806763410689   0.177138926763   0.563697258996
-0.326900062915   -0.928510804639   -0.176079625554
0.492208439627   -0.326327268695   0.806995269915
-0.03306881102   -0.912324197033   -0.408131122614
-0.158238159603   0.407983113163   -0.899172099333
0.986847069501   0.0348473654918   -0.157856018368
0.914835109191   -0.31384122218   0.254126760207
-0.00892479266394   -0.644854481628   -0.764253260117
0.403728957431   0.696897686023   -0.59273648795
-0.593280005825   -0.704554708089   -0.38938605265
0.742434263111   -0.665861960839   0.0736153113548
-0.311143374744   -0.245419054716   0.918128143527
0.340103923448   -0.927234916133   0.156731399403
-0.300974135049   0.0505711467153   0.952290464696
-0.890923055761   -0.371049820675   -0.261874281459
0.737247595375   -0.362330535884   -0.570247810938
0.650433759789   0.152320351205   0.744133344728
-0.182761886729   -0.919518946719   0.347969825394
0.570737752879   0.122847017859   -0.81189101956
0.0804120549538   -0.992354866721   -0.0936254234312
-0.817185608572   -0.0118502614999   -0.576252767842
0.530922018896   0.839836343189   -0.113122617143
0.319623609912   -0.322088183574   -0.891122859088
-0.784832821586   0.436960088178   -0.439435232431
-0.044277527783   -0.782075088838   0.621609246997
0.691996446185   -0.472785007936   -0.545541249345
0.720541753821   0.405996172013   0.56212693345
-0.778309176295   0.627881218819   3.390037495e-05
0.0866848542125   0.107399360768   0.99042976195
0.621868605209   0.770863510851   -0.13801769993
-0.134309827376   -0.962595997952   -0.235307915289
0.48579319804   -0.270927436355   0.831025446643
-0.863693139378   -0.00269610040838   0.504010805474
0.974136593381   0.0389205003049   0.222582775819
-0.209419313329   -0.214438428094   0.954022909453
0.0848613495056   -0.975961759093   -0.200741615385
-0.410935889017   0.523055778159   0.746688923215
-0.853868216222   -0.507805736686   -0.114203341082
0.31943820129   -0.684504190435   0.655296306135
-0.780411452937   0.545880179356   -0.304914404236
0.61589074483   0.58697955291   -0.525484152853
-0.107872862934   -0.597887810757   -0.794288115982
-0.50597412829   0.843502268112   -0.180261213773
-0.62537425137   -0.214813626519   0.750174747365
0.594051535832   0.492299735478   0.636194736873
0.0463099453562   -0.168649112984   -0.984587662756
-0.690649146905   -0.717515398971   0.0904179634816
-0.721705719003   0.675817378387   -0.149705464927
-0.234220177698   0.529042255617   -0.815631779746
0.51729927404   0.778159583517   0.356186922358
0.823129618855   -0.338499563298   -0.455933850696
0.599903496561   -0.0786727412138   0.796194947613
0.797966228143   -0.0133258290035   -0.602554828231
0.0580145977939   0.996811427538   0.0547839791503
-0.290771074381   0.112464002228   0.950160002582
-0.045303854914   -0.993572296175   0.10373838732
0.955719489721   -0.0128817885667   0.293997136874
-0.504036470718   0.335931880666   0.795673933052
-0.208939816457   0.84646625386   -0.489733635943
-0.838028274752   -0.413091578985   -0.35646031769
0.0595525065437   -0.317200818696   0.946486735027
0.897243568161   0.432572417979   0.0885160019297
-0.437501403836   0.843957785569   0.310367166143
