0.930577594201   0.123557283053   0.344614188587
0.323789683739   -0.717046330269   -0.617255863441
0.170837881849   0.685986995542   -0.707273822556
-0.151525577552   -0.988136758335   -0.0250149190609
-0.632538001125   0.116381159351   -0.765735661231
0.759562819311   -0.100205651419   -0.642668772342
-0.261348156676   -0.184989262374   0.947352159341
-0.95155793833   0.214069828007   -0.220707042794
-0.161971080765   -0.959141846414   -0.231974756068
-0.502825639205   -0.391638502749   -0.770574889107
0.704016805424   -0.70279023164   -0.10220679034
-0.501524390472   -0.593889866453   0.629101035038
-0.733592795995   -0.611802247227   0.29587095152
0.532897529379   -0.788043671884   -0.308232695192
0.421736686627   -0.0684483856034   0.904131066639
-0.2000225576   0.896472161204   0.395384168421
0.428625313367   -0.28281453974   0.858077080951
0.881062606852   0.341106435439   -0.327681373455
-0.796217664518   -0.599630373949   0.0805036977238
-0.59366802438   0.7486990605   -0.294971174245
0.116600632664   -0.282653730641   -0.952108796838
-0.270717617999   0.135888644084   0.953019542147
0.745001418925   -0.597392556015   0.296808052144
0.609659623974   0.790352080042   0.0604874571164
-0.651548575528   0.0523473731211   0.756798656351
0.514149893805   -0.703063031695   0.491276154687
0.557794173892   0.709198227572   0.431165320476
0.539251172589   0.775237007082   -0.328961632584
-0.739601375744   0.249155472154   -0.625229042587
-0.402738100829   0.580455970378   0.707723737481
-0.334135707653   -0.536762158476   0.774751388576
0.829920253528   -0.557174324472   -0.0280917235694
0.446750155742   0.633595420894   0.63164162384
-0.778027327946   -0.284976816764   0.559876496091
-0.129569717912   -0.799245897399   -0.586871096316
0.61472364943   -0.52914479058   0.584910784165
-0.876241862466   -0.481520680704   0.0183856606336
0.412795707107   -0.769770680966   -0.486880686533
0.248595862107   -0.419035717785   0.873274965039
0.970039964352   0.20793182887   -0.125645621102
-0.16918341395   0.949325353759   0.264874206284
0.174354351834   -0.235681410496   0.956062148996
0.763507988547   0.542170149494   -0.350866185921
0.631623284567   -0.513713684979   0.580646429644
0.134564400259   -0.66494344035   -0.734671792925
0.483457905597   -0.639757583932   -0.597476934548
-0.273841015801   -0.758819536138   0.590934860742
-0.831432229097   -0.122078439444   -0.542049170318
0.1153096485   -0.779230339183   -0.616038767821
-0.985015813231   -0.169769412731   0.0303676503042
-0.128247934279   0.603306244785   -0.787130257553
-0.446794902514   -0.174960177255   -0.87736152837
0.0962391028033   -0.984399322257   0.147295653135
-0.889444967482   -0.0186255393414   0.456662609707
-0.611507936131   -0.0787581382517   -0.787308833754
0.411482220496   0.818240559207   -0.401453321676
0.67582573661   -0.569455479321   -0.467953022009
0.0588284784548   -0.970802469864   0.232554885198
0.344510306396   -0.198902479663   -0.917469592069
0.936937489329   0.134090894883   0.322750326103
-0.365724926516   -0.505488558883   0.781489983918
-0.720065602378   0.685678921573   0.106536119617
-0.589703998967   -0.523761141504   -0.614754796853
-0.0781905155691   -0.972452276537   -0.219596933343
-0.946347822964   0.1416772708   -0.290436479993
0.31354751035   0.185105701688   -0.931355913685
-0.576076056459   0.266555286397   0.772712531585
-0.325056989366   -0.942076627276   0.0826412851135
0.749982887031   -0.203567943534   0.629353447219
-0.763370183982   0.104753303238   -0.63741094097
-0.575784412716   0.336950581146   0.744940679476
0.29281098388   0.935676787853   -0.196902707937
0.0219784153649   0.141648864647   0.989672950223
-0.0542756909855   -0.988283166642   0.142655290471
0.998284077117   -0.056850520451   -0.0140328079286
-0.505009853851   -0.139847917541   0.851708640013
-0.636247947498   -0.606477625895   -0.476836909848
0.583226882798   -0.782705212228   0.21729922672
0.771273712207   0.594879881023   -0.226395203156
-0.422122563464   0.211837982848   -0.881440417973
-0.47639206781   0.775398346772   0.414497287748
0.17690618022   -0.375154567592   0.909924861631
-0.892281271852   -0.451304271404   -0.012593113771
0.415377340863   -0.809681113172   -0.414581909483
-0.0954994873689   0.991809077993   -0.0848209922304
0.175260895841   -0.0671263060604   -0.982230969489
-0.97987931211   -0.108668357149   -0.167414819695
-0.973914710152   0.0043635648074   0.226872423736
-0.163896058007   -0.704998480619   -0.690011032155
0.156933806171   -0.709195390303   0.68732356198
0.330023039961   0.895931538432   0.297307032439
-0.896472798085   0.19881640335   0.395990606015
0.295670957972   -0.397213690854   0.868792246978
0.0803792103827   -0.330834603598   0.940259351243
-0.431217799172   -0.862010111079   -0.266439070098
0.898660331947   -0.384040406025   -0.211949461724
0.386301516963   0.206060441775   0.899060750076
0.905379579976   0.101527762628   -0.412286222883
-0.176235507647   0.973258037599   -0.147342587506
-0.855733907668   -0.24499593351   -0.455737283784
0.210355838229   -0.969448539541   0.126174286224
-0.472726031218   0.0121046166551   0.881126311981
-0.491031168247   0.438239651472   -0.752884054611
-0.731308970635   0.262251995972   0.629611848743
0.473366223213   0.859749904616   0.191714684452
-0.0766779474337   -0.659996661076   0.747345234644
-0.935627556641   0.306657723166   0.174820239322
-0.344559962316   -0.685831938736   -0.641024948171
0.197736616869   -0.938801733454   0.282048817784
-0.979507283787   -0.177992645985   0.0942554984312
-0.0382846099404   -0.294906634784   -0.954758799594
0.66499998238   -0.709651752245   -0.232743236143
-0.0170516451907   0.297127766611   -0.954685462184
0.74664868903   0.638834470614   0.185489229673
-0.879985189244   0.468727966668   -0.0769425758183
0.455168984201   0.878425166345   0.145569306355
0.135820699939   0.0930769595235   -0.986351568698
-0.0483953225613   -0.603356139558   0.796002048749
0.998731748379   -0.0181527729594   0.0469613842812
-0.013884795062   0.7972652292   0.603469441458
-0.0784931021932   -0.881495167407   0.465623348584
0.52527854897   -0.433539569556   -0.732206178355
0.847302353886   0.187108822526   0.497060368197
0.973829733691   0.2232964371   -0.0423597799532
-0.225336635966   0.972903800819   -0.0517841176666
0.029648781945   0.0599741238316   0.997759517218
-0.499518449376   0.00432152533931   0.866292469754
-0.866254312898   -0.0131204336879   -0.499430995839
0.00920782919999   -0.999904584767   0.0102974386544
0.569191977878   -0.532776090214   0.626234884062
-0.762949229839   -0.0583390096116   0.643820652547
-0.306478327143   -0.844242973115   -0.439687203974
-0.00495710440163   -0.0208537450843   0.999770247823
-0.917877280775   -0.396657060125   -0.0128247452396
0.39683337127   -0.917729970072   -0.0171749083733
-0.856326452602   -0.468854511712   -0.216518944717
0.417987551274   -0.383001782108   -0.823769410625
0.303300863096   -0.795917760669   0.523949906667
0.385675767483   0.467377994544   -0.79549482248
0.90620091189   -0.0298859467074   0.421789921025
0.173361211537   -0.883552285044   -0.435064650286
0.425932460585   0.32295137338   -0.845153210638
-0.40733579085   0.902546482243   0.139597281077
0.807873190861   0.284802138025   0.515973497056
0.698608336303   0.542897377867   0.466056680624
0.0571770059506   0.606925747696   -0.792699140138
-0.713216083974   0.580433953081   0.392962140252
-0.406280452071   0.907458955778   -0.10702540747
-0.0844527686081   -0.153918341867   -0.984467812532
-0.909837306412   -0.390931435952   0.139171434729
0.883580628071   -0.24400360427   0.399684268894
-0.468030071127   -0.487987080786   0.736760789881
0.0152684713981   -0.83805181826   -0.545376955593
0.947762039067   0.0678911953363   0.311669541181
0.18934858367   0.666570175922   -0.72099328321
-0.256698716721   0.742344250444   0.618894807432
0.560038721737   -0.486182675862   0.670807748797
-0.623352249615   -0.78062465756   -0.0453554507154
0.545700103587   -0.392748710629   -0.740243100099
-0.4945320701   0.321377617547   0.807560807978
-0.755510622247   -0.618294271817   -0.216600768951
0.429699582633   -0.717236795193   0.548570549982
-0.808859257472   0.181889763381   0.559162602092
-0.332583858307   -0.925743028383   -0.179966170693
0.484906876415   -0.331535758821   0.80928941784
-0.029343848836   -0.912365196774   -0.408324241567
-0.156016965576   0.407674007803   -0.899700288882
0.987318411146   0.0373048398659   -0.154307173957
0.91294626704   -0.317516329541   0.256344483016
-0.0101090299576   -0.645576358758   -0.763628818554
0.407954557532   0.694560685245   -0.592586308905
-0.592640707442   -0.708283961579   -0.383550285689
0.744430627184   -0.66347861225   0.0749611392402
-0.307571183943   -0.241101557142   0.92047270788
0.343646221443   -0.92613341008   0.155512640068
-0.308038216432   0.0452709212427   0.950296270069
-0.887141325667   -0.37446955874   -0.269727302793
0.7358719791   -0.366529945943   -0.569340169937
0.652517580209   0.159263350163   0.740848157731
-0.180868012358   -0.916673870044   0.356364670083
0.577599982769   0.130804120582   -0.805772016109
0.0694736647474   -0.991374233153   -0.111132982263
-0.813358266578   0.00821047373027   -0.581705181608
0.535650733347   0.836907578265   -0.11253442721
0.316652185897   -0.322610354897   -0.89199436774
-0.782821617632   0.442163164856   -0.437815087237
-0.0376477895578   -0.783072317775   0.620790132876
0.683630373316   -0.473291966885   -0.555557581859
0.728856746296   0.40347547536   0.553150417303
-0.772561130143   0.634940048085   -0.000659947970975
0.0881080511072   0.108234383661   0.990213254569
0.628797480532   0.764942124302   -0.139561007968
-0.135394553305   -0.962693371468   -0.234285696248
0.486179024511   -0.270591021291   0.830909414631
-0.863306591577   -0.00140418222776   0.504677874699
0.973358244401   0.0390000232812   0.225948503517
-0.212585099636   -0.21574109792   0.95302851693
0.08591451257   -0.975671449235   -0.201702552481
-0.411324066713   0.517343274427   0.750445500052
-0.852674867915   -0.509351189479   -0.116219341777
0.322115013264   -0.687689829924   0.65063401083
-0.785049441745   0.541382751264   -0.301001811705
0.610480674245   0.593897821795   -0.524021682414
-0.104931979819   -0.595138718201   -0.79674286047
-0.507038781852   0.841468703508   -0.186660372639
-0.628702958308   -0.212923267103   0.7479279862
0.589613656484   0.496582423513   0.636994217199
0.0502993444833   -0.172911582392   -0.98365215428
-0.681649318863   -0.725779765281   0.0927250688971
-0.729948068042   0.66584181078   -0.154371308794
-0.231335990277   0.528284763233   -0.816944838125
0.510457783903   0.780761540469   0.360339101095
0.828200766997   -0.333656448854   -0.450285313644
0.600460058386   -0.0836399876877   0.795268552592
0.797238523207   -0.0146376048148   -0.603486932452
0.0621164663944   0.996388525117   0.0578917232234
-0.286447565039   0.1152792117   0.951135371981
-0.0541348394847   -0.993096480976   0.104061513672
0.95656532011   -0.0216813934848   0.290710690446
-0.508702973239   0.330704344209   0.794893654358
-0.208928981617   0.848265167591   -0.486615747888
-0.835206540718   -0.413619199475   -0.362421290997
0.0597478171107   -0.326483197609   0.943312737129
0.897731584924   0.430779562613   0.0922332362233
-0.436472450196   0.841330904052   0.318832416963
