0.930705551221   0.128065421733   0.34261702334
0.326128635923   -0.714665706075   -0.618783517388
0.165611864783   0.687642477103   -0.70690914121
-0.152339054061   -0.988109641108   -0.020788211987
-0.634937510634   0.11396537903   -0.764111412016
0.757394989552   -0.103204794134   -0.644749253795
-0.258423307138   -0.181469050667   0.948834220493
-0.952084767497   0.214141389734   -0.218353064333
-0.163560355308   -0.959798129219   -0.228113045042
-0.500029470953   -0.390036849483   -0.773202291916
0.702496987507   -0.704799167675   -0.098773051929
-0.506427201799   -0.592561717705   0.62642006672
-0.732989719216   -0.612400089106   0.296128692271
0.532957502147   -0.787532079089   -0.30943420191
0.422708377524   -0.0689880806269   0.90363613933
-0.203377518685   0.895899274428   0.394970979913
0.426066524266   -0.282222582485   0.859545072021
0.881535536319   0.343096056543   -0.324314961405
-0.797222546838   -0.599017731455   0.0749264186793
-0.591105928147   0.749368872886   -0.29839583452
0.122596869955   -0.282177337418   -0.951496693491
-0.271132295179   0.136957201893   0.952748656971
0.743687431892   -0.598592115674   0.297685207391
0.611077967331   0.789259275462   0.0604443044435
-0.648001039496   0.0543209970892   0.759699863162
0.516022567873   -0.702323233984   0.490370048486
0.560192254729   0.709782575358   0.427075325276
0.538161435543   0.775279559914   -0.330641608503
-0.741435135057   0.248905580882   -0.623153233409
-0.400819422928   0.580506344311   0.708770889934
-0.335279423666   -0.535989577817   0.774792153121
0.827969585714   -0.560016429673   -0.029119815049
0.449504252704   0.631741063227   0.631545054477
-0.776346328485   -0.282544490981   0.563431441139
-0.133764477105   -0.799684103224   -0.585331017216
0.61594922105   -0.529786698273   0.583037401391
-0.877048879033   -0.479993546946   0.0197853146757
0.410851914977   -0.770783538816   -0.486922417075
0.248969812922   -0.418925925648   0.873221106635
0.969560998096   0.212244857517   -0.122080266339
-0.173970725665   0.94800512642   0.266496654563
0.172295262801   -0.237146369863   0.956073188452
0.764456100502   0.5414235773   -0.349953397396
0.630467756606   -0.51453261906   0.581176902331
0.134600439393   -0.664918561831   -0.734687707702
0.483262340021   -0.638965231056   -0.598482200419
-0.270232594422   -0.759097475826   0.59223759346
-0.83272555841   -0.124476727529   -0.539512454605
0.115961586759   -0.77767674603   -0.617876839735
-0.984477765638   -0.172501941122   0.032351341137
-0.131743839934   0.60453449777   -0.785609064132
-0.444609194709   -0.175618500392   -0.878339801159
0.0980168825943   -0.98424157876   0.147177462159
-0.890345637776   -0.0206556762385   0.454816433666
-0.61558780303   -0.0766232261517   -0.78433445543
0.409347756923   0.819373637072   -0.401324378493
0.673413744041   -0.568115942467   -0.473030871353
0.056026790082   -0.970771556538   0.233374342656
0.341547685848   -0.201004627111   -0.918118901979
0.938193038284   0.131147721662   0.320303134574
-0.369015018262   -0.504370653601   0.780665203581
-0.718851089122   0.687302003134   0.10425482318
-0.589135831506   -0.522710436355   -0.616192154901
-0.0744522679447   -0.972355859137   -0.221316386649
-0.945600827956   0.139318046156   -0.293989040924
0.316695333035   0.187388807608   -0.92983304997
-0.576875336865   0.26670430792   0.772064542544
-0.324985186471   -0.942103366721   0.0826188537013
0.749399409054   -0.203248760266   0.630151146281
-0.764843958696   0.105459191172   -0.635525041083
-0.573728318793   0.337175821002   0.746423661165
0.293000913073   0.935516341241   -0.197381965259
0.0194985601864   0.137628024581   0.990292044298
-0.0511045116567   -0.989048413256   0.13846142107
0.998502946936   -0.0533081896736   -0.0122516070266
-0.503279982072   -0.142879355586   0.852229282173
-0.635564191838   -0.606992229507   -0.477093902048
0.585463421316   -0.781758225454   0.214678036221
0.776887472531   0.587726203878   -0.225884404728
-0.419651140526   0.215870042516   -0.881642243202
-0.469402572723   0.779729462069   0.4143467035
0.17446199812   -0.378758297283   0.90890327508
-0.894272449973   -0.447280230942   -0.0147370358997
0.412116241406   -0.810236105865   -0.416746513269
-0.0943478357833   0.992100349163   -0.0826763755489
0.178860326361   -0.0648033791604   -0.981738002577
-0.979340323655   -0.107412379362   -0.171333333659
-0.981570511562   0.0282429658699   0.189001761132
-0.153772563723   -0.703934734109   -0.693418985002
0.113460695742   -0.709702913193   0.695304570334
0.331970647988   0.894373331323   0.299819667622
-0.896551744478   0.200351442771   0.395037047443
0.293241297139   -0.399944550654   0.868362768694
0.0806998596663   -0.328868720783   0.94092130231
-0.434472943247   -0.861204369602   -0.263742858415
0.897062313463   -0.387520835917   -0.212383632831
0.385129064973   0.207552806334   0.899220460119
0.906401401275   0.0981446818974   -0.410857787053
-0.173528392721   0.973287960471   -0.150327784928
-0.855401104272   -0.243880467181   -0.456958716449
0.208354228105   -0.969706234169   0.127508176383
-0.474212469724   0.0138613542401   0.880301310017
-0.492147587879   0.435104523819   -0.75397268193
-0.732308840934   0.261346940741   0.628825522745
0.470653283464   0.861615825016   0.190009623038
-0.0823396382306   -0.662358198316   0.744648777008
-0.93540801147   0.309158261493   0.171560547413
-0.343848856409   -0.682424198336   -0.645031144575
0.202731349593   -0.937507212519   0.282807755139
-0.97864335828   -0.183942700977   0.091772872087
-0.0340173071575   -0.295373169451   -0.954776158889
0.664962500839   -0.710049107797   -0.231635785221
-0.0174910733982   0.295249325607   -0.955260120637
0.746671905746   0.639263717291   0.183910208866
-0.880785609595   0.467206456751   -0.0770378913307
0.453388983749   0.879040868481   0.147396000474
0.136583818022   0.0948961448683   -0.986072807831
-0.0478565117188   -0.603430428988   0.795978311047
0.998783800309   -0.01944668791   0.0453072463352
-0.0118606292943   0.797178489236   0.603627187734
-0.0790258662645   -0.881563901501   0.465403051162
0.524431939827   -0.433802454371   -0.73265719888
0.847777124573   0.186173355106   0.49660188169
0.972686593205   0.22836188765   -0.0416129747581
-0.23034223599   0.97174955298   -0.0514320970105
0.0286922588602   0.0596125368745   0.997809149952
-0.504871895127   0.00242847143696   0.863190866517
-0.863135497   -0.0130907227803   -0.50480268105
0.0100738934478   -0.999911363824   0.00870523791937
0.572383529944   -0.531479555617   0.624424996785
-0.761424465826   -0.0618831859016   0.645293153648
-0.304318710386   -0.844807642759   -0.440102453123
-0.00113930916196   -0.0224512955865   0.999747288719
-0.917155115711   -0.398405133586   -0.00999215977508
0.398528789047   -0.916934724426   -0.0201374139826
-0.856435831514   -0.46970237215   -0.214236663753
0.414687129274   -0.37873581698   -0.827401816381
0.307493498002   -0.797457749685   0.519142452659
0.392342351143   0.469137860642   -0.791187175839
0.903239007538   -0.0339192309678   0.427795255973
0.173858490624   -0.882473316017   -0.437051566472
0.443040017511   0.307128640884   -0.842251471256
-0.397253961589   0.909472076602   0.122677756271
0.803682047134   0.280236578324   0.524940594052
0.695258508091   0.547066377469   0.466190932526
0.0535145694804   0.607404904968   -0.79258783253
-0.716764813436   0.576001441026   0.393027406368
-0.40699705793   0.906939613821   -0.108691911933
-0.084079690871   -0.155685276161   -0.98422187558
-0.909551538078   -0.391436625355   0.139618651729
0.883957881967   -0.243459516837   0.399181570929
-0.467326286999   -0.487400707773   0.737595208459
0.014986807128   -0.838551139599   -0.544616729351
0.948631886473   0.0632563785114   0.30999382985
0.190216554591   0.668913798436   -0.718590281469
-0.252814569056   0.740643612569   0.622520548121
0.562600564201   -0.488637310275   0.666868940774
-0.622763994017   -0.781004230773   -0.0468764255296
0.543733034602   -0.388929261591   -0.743699143848
-0.493786280852   0.322943302344   0.807392551559
-0.755784481772   -0.618588065196   -0.21479902865
0.43007548867   -0.716279574655   0.549525836497
-0.808769025085   0.183954134181   0.558617526203
-0.336321536459   -0.923855246427   -0.182700048611
0.482473303072   -0.335637244904   0.809053244018
-0.0265146728156   -0.912605151292   -0.407981384331
-0.155266119713   0.406931590573   -0.900166158364
0.987516786791   0.0394780752915   -0.152486318654
0.91211085762   -0.319621227024   0.256702268489
-0.0112105121491   -0.645402343921   -0.763760524561
0.409790321786   0.693756503174   -0.592261603073
-0.591258758521   -0.711579950236   -0.379561661517
0.746190191058   -0.661233306551   0.0772703893917
-0.305962872323   -0.237538394224   0.921933962944
0.345551919944   -0.925611038879   0.15439583974
-0.311927499253   0.0418779441092   0.949182528815
-0.885039606929   -0.376152153394   -0.274252532648
0.735107066705   -0.369160836914   -0.568628065583
0.653625734414   0.163260439974   0.738998936434
-0.179974997684   -0.914913277436   0.361306926283
0.582841653296   0.133977276668   -0.801464719448
0.0610260440448   -0.990745626664   -0.121239124028
-0.810290953381   0.0217529902236   -0.585623922228
0.537740092246   0.835681921661   -0.111675059884
0.313888582286   -0.321369836815   -0.893417811495
-0.782502109327   0.445373050144   -0.435124459326
-0.0375974571952   -0.784145011297   0.619437674403
0.6830140709   -0.472645345961   -0.556864575901
0.729436913081   0.402147955607   0.553352339505
-0.769733567971   0.638364450673   -0.00103075469399
0.0890805736999   0.109011078536   0.990041027506
0.632119360349   0.76197599232   -0.140775357926
-0.13582239549   -0.9628166211   -0.233530364229
0.486744194636   -0.27015449294   0.830720554057
-0.86292083407   -0.000839093425217   0.505338431203
0.973195271487   0.0400901751585   0.226459138503
-0.212704884535   -0.217526197701   0.952595919269
0.0874505325918   -0.975230809178   -0.203168090949
-0.412430950237   0.513365698547   0.752566522536
-0.851689804623   -0.510463386495   -0.118539477595
0.323303553936   -0.68984258393   0.647759231049
-0.788278222998   0.538364948136   -0.297960778903
0.606494487231   0.598086423954   -0.523886501487
-0.10383583247   -0.593679890261   -0.797973876637
-0.508203491095   0.839737528221   -0.191233091632
-0.630413586076   -0.211428188596   0.746911528602
0.586777574665   0.500138985447   0.636830490089
0.053011538466   -0.174295057551   -0.983265482819
-0.676088221528   -0.730913678902   0.0931123552759
-0.734911214706   0.659838182366   -0.156585694085
-0.228940118819   0.52808015761   -0.817751654926
0.506286443108   0.782097616751   0.363314402959
0.831420747588   -0.330839334136   -0.446413345979
0.601606056103   -0.0863050920842   0.794116858114
0.796237485037   -0.0146651556864   -0.604806415831
0.0638437207689   0.996160812464   0.0598967029924
-0.283589574371   0.117182308572   0.95175903456
-0.0591382991366   -0.992753598956   0.104608571994
0.957120480861   -0.0266195100846   0.288464533001
-0.510976049094   0.327451611449   0.794782309448
-0.21028166359   0.848891699782   -0.484937628978
-0.833477713686   -0.414919659934   -0.364906257262
0.0599434453656   -0.330932218776   0.941748719104
0.898280546228   0.429319035858   0.0936868492239
-0.43531464899   0.840338641278   0.323004836417
