0.930857447752   0.133430911565   0.340147914596
0.3288630881   -0.711643028659   -0.620816614666
0.159227765325   0.689753863055   -0.706318714994
-0.153236070581   -0.988043129465   -0.0170141409046
-0.638246982248   0.112101251124   -0.761625957507
0.754426601019   -0.105849344893   -0.647793500941
-0.255098095298   -0.178084247899   0.950374117085
-0.952831144778   0.21344784242   -0.215761043997
-0.164431661538   -0.960586289313   -0.224134355839
-0.495961612305   -0.390231127439   -0.775720146894
0.702647192399   -0.705239679361   -0.0944664896548
-0.510204862907   -0.591909335821   0.623966614519
-0.731933268298   -0.613268286013   0.296943934321
0.533803043709   -0.786941440048   -0.30947937001
0.42347137009   -0.0680086708109   0.903353097857
-0.205476847206   0.895680735458   0.394379620913
0.422774639647   -0.282198938659   0.861176731624
0.882632918791   0.343685581817   -0.320685751972
-0.797955630816   -0.598426072282   0.0717847286167
-0.589217425871   0.749465868446   -0.30186708513
0.126844930132   -0.28317335335   -0.950643579715
-0.272288967899   0.137771925093   0.952301220527
0.742736334936   -0.599096733521   0.299041536665
0.611720078734   0.788734429666   0.0607992165416
-0.644149764785   0.056604595542   0.762802071504
0.518241819034   -0.701181989391   0.489662368125
0.562580214309   0.710731832351   0.422331344979
0.534993327594   0.776612971746   -0.332647608657
-0.74443893413   0.247150928119   -0.620263727846
-0.399490691733   0.579472786976   0.71036503037
-0.336735937671   -0.535183671694   0.774717591018
0.826040015765   -0.562825099591   -0.0297623860945
0.451958848388   0.629925666109   0.631606566259
-0.774506815685   -0.280048958574   0.567196415062
-0.13638753097   -0.801640058311   -0.582040942123
0.617687326933   -0.528153195307   0.582680502877
-0.878257420835   -0.477680213991   0.0220344255657
0.407922816639   -0.772454466367   -0.486737170406
0.249525306159   -0.418492186966   0.873270525688
0.968949813148   0.21672229699   -0.119028171401
-0.178819382993   0.946678650031   0.267998436267
0.170762665315   -0.238392490576   0.956038248488
0.765636204129   0.540582249898   -0.348671814207
0.629040262249   -0.51578315441   0.581615066945
0.134571733278   -0.664634161567   -0.734950256739
0.484458304346   -0.636643131092   -0.599988062368
-0.265277821245   -0.760463580104   0.59272491165
-0.833623313557   -0.127986979683   -0.537300199261
0.116302157823   -0.776319193606   -0.619517810659
-0.983851059074   -0.175491637854   0.0352104899357
-0.136054774426   0.605418198175   -0.784192516972
-0.440839343541   -0.176173637526   -0.88012699233
0.100236942419   -0.984078141524   0.146774543939
-0.891971540219   -0.0235172450533   0.451479468663
-0.620764693764   -0.0740538160315   -0.780491657423
0.406844290154   0.820563114388   -0.401439782377
0.670170812961   -0.566738217908   -0.479248238201
0.0528849510259   -0.970737299761   0.234248322958
0.338596491405   -0.203249041342   -0.918717716821
0.939444302747   0.127902001732   0.317939428178
-0.372911288134   -0.503031802809   0.779676969356
-0.717689723995   0.688964056894   0.101242226277
-0.588097467478   -0.521811779928   -0.617943229653
-0.0687198188317   -0.972358918357   -0.223149547145
-0.944774531816   0.135273917597   -0.298499667086
0.32043512687   0.190313165885   -0.927955940957
-0.577917878046   0.267692943079   0.770941900833
-0.324385131645   -0.942189152901   0.0839874188412
0.748855935813   -0.201544259113   0.631343566543
-0.766267951269   0.10635295962   -0.633658010948
-0.571438347986   0.338079531127   0.747770315728
0.29375438943   0.935088914817   -0.198285350134
0.0174007521621   0.132239242744   0.99106508187
-0.0471226230233   -0.990005228869   0.132925186522
0.998737539208   -0.0490145844713   -0.010995375642
-0.500864258421   -0.147506903501   0.852863827381
-0.634601829022   -0.607481586443   -0.477751651734
0.588570737667   -0.780517671518   0.210657663543
0.782888376107   0.580365188207   -0.224191968798
-0.416247320351   0.220772186758   -0.882041841329
-0.462411028044   0.783859611073   0.414415433197
0.172039780831   -0.382054900331   0.907984783433
-0.89620763938   -0.443319336536   -0.0167282088358
0.408918305935   -0.810864981971   -0.418669081834
-0.092827380103   0.992398403392   -0.0807990498007
0.183334932475   -0.0627260037464   -0.981047272555
-0.978657948436   -0.105881336408   -0.176118603682
-0.990580999826   0.0595438380625   0.123303747435
-0.129526996582   -0.699521188922   -0.702775115813
0.044407656314   -0.712126840948   0.700644933231
0.333577238393   0.892697265234   0.303014551911
-0.896849248986   0.201459708403   0.393796153464
0.290495525987   -0.403119806676   0.867817245074
0.0808995775986   -0.327026641235   0.941545980963
-0.437795230358   -0.860299147234   -0.261190952262
0.895427604343   -0.391074101918   -0.212768541352
0.383631811086   0.208513174051   0.899638199372
0.907751839152   0.0939177850679   -0.408859447934
-0.169744608277   0.973499720542   -0.153248367254
-0.854671939918   -0.242782538353   -0.458903600103
0.20584678195   -0.969941261315   0.12977307872
-0.476616174167   0.016449579632   0.878957583648
-0.492658433644   0.43059895774   -0.756222325346
-0.734531203636   0.26021867085   0.626697817314
0.466638595322   0.8642168599   0.188089447927
-0.0880946805814   -0.664500155226   0.742077402268
-0.935247103104   0.311594341901   0.167993518421
-0.342858838867   -0.679226405405   -0.648921649208
0.207294047834   -0.935792244347   0.285170217856
-0.977924547854   -0.19037676409   0.086140968177
-0.0263202666503   -0.296731466336   -0.954598177481
0.664857626013   -0.710582347523   -0.230297773593
-0.0181756014656   0.292828408758   -0.955992243972
0.746748943517   0.639784534365   0.181773939119
-0.881817830278   0.465291394587   -0.076819478833
0.451295644929   0.879870434674   0.148863222638
0.136855964696   0.0966019477517   -0.98586941763
-0.0475651421465   -0.60424646176   0.795376496198
0.998810524879   -0.0202197303964   0.0443700111988
-0.0107281239583   0.796540881533   0.604489479977
-0.0803092628833   -0.881151326415   0.465964335816
0.523210276943   -0.435160699771   -0.732725167765
0.848411119915   0.184952711069   0.495974864557
0.971600679401   0.233051123442   -0.0409791855585
-0.234971475447   0.970673751598   -0.0508022999887
0.0279378866977   0.0589884888775   0.99786764286
-0.509463875335   0.00117405865782   0.860491244183
-0.860417054063   -0.0138969545806   -0.509400989133
0.0113601410958   -0.99990274339   0.00809017642763
0.575358096181   -0.531097502325   0.622011659203
-0.759710666028   -0.0652989765298   0.646974302107
-0.302989711182   -0.844790794628   -0.441050732036
0.00320928517534   -0.0243715690575   0.999697817898
-0.916329304521   -0.400367466868   -0.00681888185849
0.400412669836   -0.916030522469   -0.0236172763007
-0.856460854713   -0.470746121064   -0.211832230428
0.411057562151   -0.373699860409   -0.831492690845
0.312260283967   -0.799216180913   0.513563054768
0.40081792993   0.471482507709   -0.785524813084
0.899223568009   -0.0383691495332   0.435803606113
0.175333858064   -0.881040324439   -0.439347225925
0.46269237108   0.290151025118   -0.837692158473
-0.385319805229   0.916820684712   0.104730510278
0.798401163227   0.274321371219   0.53600687295
0.692446322215   0.551075626528   0.465654104135
0.0499413763346   0.607264551322   -0.792928511051
-0.719738806638   0.572315838113   0.392976629921
-0.408531003967   0.905774538726   -0.11258287522
-0.0815639829497   -0.159080047494   -0.983890672369
-0.909092809059   -0.392767136462   0.138867710547
0.88474704713   -0.242357337541   0.398102478685
-0.465835825117   -0.486997474829   0.738803386259
0.0148204801828   -0.839104511042   -0.543768308121
0.949385887192   0.0573364438503   0.308834857825
0.191860757348   0.672630021296   -0.714673564812
-0.248708437716   0.737754286099   0.627584835979
0.566583315274   -0.489890947271   0.662563360468
-0.621652693346   -0.78190947713   -0.0465349162444
0.540861604949   -0.385518390426   -0.747558890613
-0.492218526311   0.324990803333   0.807528265824
-0.75604478813   -0.619383779379   -0.211565621461
0.431413027965   -0.714664055058   0.550579774157
-0.807799210821   0.185527330368   0.559499816518
-0.340571437796   -0.921614951939   -0.186110118262
0.481114883115   -0.340889263616   0.807665140511
-0.0236501398605   -0.913099304156   -0.407050772797
-0.155437695775   0.405571613463   -0.900750125776
0.987562551749   0.0419681677332   -0.151521877234
0.911480131382   -0.321774754904   0.256251784779
-0.0122813182233   -0.643972316485   -0.764950210683
0.411160722004   0.69408980882   -0.590919789797
-0.589180046159   -0.716013093785   -0.374422385463
0.748491364718   -0.658194899142   0.0808712043127
-0.304347745434   -0.232604222386   0.923724918781
0.347488969083   -0.925228463441   0.152327629812
-0.315940730616   0.0374251837148   0.948040510929
-0.882854954737   -0.377560122447   -0.27931251822
0.734240246554   -0.3723101106   -0.567693968512
0.654599859004   0.166579729235   0.737394208277
-0.179973011676   -0.913036897038   0.366023687369
0.586731480237   0.135578173855   -0.798351256574
0.0519574272283   -0.990156183631   -0.129965986985
-0.808112984585   0.034774858608   -0.58800009639
0.5388182354   0.835208787834   -0.110005408614
0.310568819536   -0.318325372226   -0.895665096858
-0.783084872496   0.448436437103   -0.43090932265
-0.0397023902618   -0.785269124435   0.617880346358
0.684566087809   -0.471822309748   -0.555655450298
0.72786880111   0.400919081902   0.556301085868
-0.766732767871   0.641964005439   -0.00175453542735
0.0900362761202   0.110240502707   0.989818417966
0.635621217122   0.75876824346   -0.142325054225
-0.135917600311   -0.963021882773   -0.232626866949
0.488136411195   -0.269422216621   0.830141261025
-0.862119046299   -0.000722835861883   0.506705266913
0.973296705552   0.0419467167005   0.225685613012
-0.211286558432   -0.220609820971   0.952202340428
0.0897302244977   -0.974459737418   -0.205856034554
-0.414049740619   0.508965536145   0.754663431809
-0.850531558884   -0.51168402135   -0.12155463643
0.324282098852   -0.692194730774   0.644753887195
-0.791806323869   0.535116366071   -0.294437124433
0.60207125795   0.602761819767   -0.523630011537
-0.10272753201   -0.591885684397   -0.799448804348
-0.509689120201   0.83759170878   -0.196614165643
-0.632424266747   -0.209804825213   0.745668480054
0.583315135735   0.5044026811   0.636648559035
0.0564162704801   -0.175206744449   -0.982913933732
-0.669677925428   -0.736817942928   0.0929020730326
-0.740505692497   0.652994575535   -0.158900609506
-0.225949292063   0.528032448769   -0.818613859193
0.501923834533   0.783316293756   0.366726121601
0.834876866217   -0.328020299652   -0.44202183348
0.60298631044   -0.0888728438394   0.792785675356
0.795128985543   -0.0135600965834   -0.606288726706
0.0646328536579   0.995950672176   0.0624888215562
-0.280677479112   0.119391100679   0.95234758245
-0.0644746890786   -0.992337323571   0.105402327847
0.957634151014   -0.0318182546007   0.286224442504
-0.512852414701   0.323659505064   0.795126987038
-0.213229177836   0.849156374784   -0.483183990715
-0.831574241096   -0.417346350104   -0.366478247103
0.06054373791   -0.334984313318   0.940276536786
0.899085058871   0.427474513565   0.0944012561753
-0.433567195156   0.839673180519   0.327060295973
