0.930849531771   0.141001140561   0.337102102577
0.333115791788   -0.70661463712   -0.624283288155
0.150176624221   0.693407840285   -0.704721610687
-0.154193371874   -0.987950207675   -0.0133712835949
-0.64520314114   0.110930287677   -0.755914927712
0.748289590154   -0.107929877377   -0.654533292382
-0.250690517014   -0.174119936129   0.952279639876
-0.953800139647   0.212686606198   -0.212202029097
-0.165588521004   -0.961481489882   -0.219394134665
-0.487094306868   -0.393747898037   -0.779552261884
0.706155040187   -0.702783148176   -0.0862606854708
-0.513891229187   -0.592501847618   0.620368733201
-0.7298300707   -0.615001345627   0.298532096732
0.536163082492   -0.7858557075   -0.308155733293
0.424119342727   -0.0648394314092   0.903282143773
-0.206367132869   0.895881136206   0.393458506403
0.415306826036   -0.283898614697   0.864246386641
0.885964359734   0.341758052374   -0.313478208043
-0.797911375753   -0.59911806885   0.0662946153268
-0.588284452979   0.750035624341   -0.302271342675
0.131372899895   -0.280185834398   -0.950913802285
-0.274874035603   0.140967873751   0.951090070983
0.740657164164   -0.59970973866   0.302944210258
0.613083379097   0.787703172474   0.0604357704455
-0.639931607218   0.0583419033469   0.766213912949
0.522658821261   -0.697898955458   0.489657844345
0.563307460133   0.713815991895   0.416114689809
0.526381724737   0.780653918468   -0.336900192109
-0.751525986078   0.241862594597   -0.613768016098
-0.397656852213   0.576265515987   0.713993755556
-0.340315422464   -0.533245331875   0.774490044653
0.822901368995   -0.567438548763   -0.0291003485112
0.454993131969   0.62742562062   0.631916403055
-0.771836671248   -0.28027169019   0.57071528155
-0.132534137602   -0.806968043115   -0.575532170917
0.62185436823   -0.519856092653   0.585701961448
-0.880642812115   -0.473076018917   0.0258324949588
0.402252613014   -0.77538498889   -0.486796625223
0.250321938299   -0.418302760367   0.873133281851
0.967809056723   0.223746490805   -0.115252494888
-0.18651772301   0.945061253889   0.268459243464
0.168987480982   -0.238320654268   0.956371526668
0.767123453291   0.538437926521   -0.348720814829
0.627611783164   -0.517440762275   0.581685917975
0.132759395315   -0.665086202549   -0.734870931616
0.488499164238   -0.631886437475   -0.60173756462
-0.255621522009   -0.762998345055   0.593709662149
-0.834281849272   -0.136209601642   -0.534247826758
0.11597049263   -0.775100659149   -0.621103705532
-0.982932467506   -0.179467948592   0.0404353774548
-0.142809695613   0.605813687213   -0.782684589873
-0.435077611429   -0.180017447458   -0.882213800983
0.103170769418   -0.98332349796   0.1497687908
-0.894462556159   -0.0258576288705   0.446394577317
-0.629123810116   -0.0713974220682   -0.774019146835
0.402946198264   0.821574156158   -0.403299227916
0.664708652607   -0.565613219484   -0.488102543627
0.0508909442898   -0.97059579455   0.235274128181
0.33783521971   -0.204960926084   -0.918617647938
0.939828429083   0.126233206331   0.31747078843
-0.379415374982   -0.501344002839   0.777623407598
-0.715783847071   0.69160231338   0.0966422495593
-0.586257159871   -0.519942718907   -0.621258490128
-0.060900283174   -0.971986324267   -0.227010442376
-0.944344803688   0.129766920888   -0.302280396306
0.32327085742   0.195967169908   -0.925793076806
-0.578671048426   0.270666490134   0.769337032017
-0.323814274365   -0.94203226238   0.0878608692897
0.748521297914   -0.198279771417   0.63277247002
-0.768812652285   0.107469536876   -0.630378778458
-0.567480155307   0.339751533799   0.750023445376
0.294776829176   0.934354961417   -0.200218448341
0.0160229991667   0.121039518941   0.99251836172
-0.0407250504524   -0.991743071559   0.121602427117
0.999041907911   -0.0423687959444   -0.0109613578936
-0.497772175932   -0.154924682144   0.853358777848
-0.632027304883   -0.608999662185   -0.479229482963
0.593939682755   -0.777893150967   0.205226457672
0.790117575499   0.572587491166   -0.218764215191
-0.408641264788   0.226044289533   -0.884260310023
-0.456865990856   0.788065697851   0.412584442593
0.1681163045   -0.385608566878   0.907217141213
-0.898739012408   -0.438043751466   -0.0196433036227
0.40497542609   -0.812049077921   -0.420203759278
-0.090504224392   0.99290182887   -0.07716828101
0.188553686734   -0.0590011060177   -0.980288925117
-0.977883680499   -0.103270652731   -0.18187545106
-0.994438956957   0.105279773965   0.00270741194302
-0.0746525526638   -0.686544831873   -0.723244903341
-0.0742843002675   -0.719425022516   0.690586330383
0.334646011622   0.890350183129   0.308688513405
-0.897800732164   0.201714713019   0.391490766019
0.286296860324   -0.40815159678   0.866860070492
0.0812579179905   -0.326702173688   0.941627761098
-0.442247229821   -0.858475070302   -0.259688161814
0.893204645353   -0.395330549512   -0.21424102815
0.381582681473   0.207086695289   0.900838363878
0.910064719712   0.0864180057578   -0.405356798655
-0.161792654763   0.974498347313   -0.155486680939
-0.852128858616   -0.241838658995   -0.464101789837
0.203361494187   -0.970145330804   0.132144389974
-0.482203806493   0.018223614765   0.875869504475
-0.492564100701   0.422626055971   -0.760767916986
-0.737268929028   0.261826917085   0.622801085242
0.462401484632   0.867660003863   0.182622519712
-0.0960080385626   -0.665356759025   0.740326171192
-0.934811613601   0.315758685031   0.162553683149
-0.341920610097   -0.676459042402   -0.652298597533
0.207316991095   -0.933616168974   0.292199442562
-0.978190585145   -0.193940020718   0.0743669785472
-0.0127610476653   -0.301244281928   -0.953461608177
0.66435708379   -0.711798433811   -0.227975118911
-0.0184091828141   0.289341806638   -0.957048808013
0.747188575398   0.640018990778   0.179122651382
-0.883967911231   0.461105450213   -0.0773465946169
0.446713188697   0.881773557234   0.151402512554
0.13801470559   0.0992832188617   -0.985441415556
-0.0487347194448   -0.605705603513   0.794194969131
0.998770356562   -0.0223131315563   0.0442707466906
-0.00909406251466   0.795375914919   0.606048225799
-0.0834881615595   -0.880038039656   0.467506979239
0.522082143326   -0.438232935324   -0.731698113991
0.848799129653   0.182988915387   0.496039408057
0.970725951772   0.236591837818   -0.0414177357333
-0.238466536311   0.969943504163   -0.0484077451554
0.0287199863408   0.0568673984713   0.997968567328
-0.512399659275   0.000386798941796   0.858747017207
-0.858638265844   -0.0161513795122   -0.512327494253
0.0136717812473   -0.999869483146   0.00860808173151
0.579038566429   -0.53158430393   0.61816863913
-0.757857795221   -0.0713800770329   0.648503235786
-0.300609216111   -0.8439923059   -0.444197126027
0.00922546308928   -0.0270515481339   0.999591468838
-0.915120919639   -0.403171956023   -0.00246501834507
0.403073930278   -0.914724323291   -0.0284748856049
-0.856694571096   -0.472007532359   -0.208046392065
0.40491068518   -0.365491363562   -0.838130896811
0.319564936877   -0.802262396326   0.504235360284
0.414712835662   0.477425991649   -0.774646813997
0.891893970676   -0.0445117630688   0.450048717385
0.180384059741   -0.87754380258   -0.444272962878
0.483573049449   0.273750231972   -0.831395162568
-0.373210776956   0.923653317362   0.0870532325041
0.791751742537   0.268189037473   0.548820388076
0.689071986098   0.555421670086   0.465496043349
0.0461945594098   0.607364929833   -0.793078750623
-0.723219095887   0.567991734453   0.39286069915
-0.410378634356   0.904056771482   -0.119460162401
-0.0754585295794   -0.164215039051   -0.983534153583
-0.908787866764   -0.394607114592   0.135609138099
0.886704001152   -0.240293121752   0.394987632693
-0.462135255776   -0.485919881634   0.741830758328
0.013675514995   -0.84032201225   -0.541915026566
0.949935344319   0.0474297574891   0.308825613767
0.196284543974   0.678430858599   -0.707957589053
-0.243095083067   0.733131630886   0.63515572294
0.57217589823   -0.491300508402   0.656687560358
-0.621270423523   -0.78235963328   -0.0440052845603
0.535385657578   -0.382801795525   -0.752877800843
-0.489015995039   0.326249613981   0.808965108007
-0.756979989158   -0.619537681322   -0.207736268946
0.433410489732   -0.713956756953   0.54992826495
-0.805748533684   0.186147028615   0.562244238925
-0.346559767241   -0.918017799697   -0.192716494287
0.480276616333   -0.350132265262   0.804202566911
-0.0190981296921   -0.914155587253   -0.404913353368
-0.157248656479   0.402693290957   -0.901726662273
0.987374357312   0.0464507880647   -0.151440426605
0.911684129284   -0.32396936714   0.252736814821
-0.0150916900652   -0.641080031126   -0.767325637902
0.410614526413   0.695744380391   -0.589351735258
-0.584161193482   -0.723734367829   -0.367374828822
0.752825113523   -0.652311519243   0.088000172227
-0.303331581736   -0.225162711578   0.925900483225
0.348589798724   -0.925076326145   0.15072804328
-0.321089796979   0.033219243068   0.946465965667
-0.880560329848   -0.378325617287   -0.285452680498
0.733806137222   -0.376638279505   -0.565395577793
0.654698218638   0.169856364276   0.736558930451
-0.181380251097   -0.910654941197   0.371226053215
0.591102990832   0.136234356511   -0.795007832877
0.0432873428356   -0.989570690546   -0.137390153803
-0.805433709364   0.046797954205   -0.590835418118
0.538444744015   0.835698436783   -0.108098938015
0.30418815508   -0.312397603274   -0.899931832851
-0.785841475077   0.45168114885   -0.422418413214
-0.037698217323   -0.7860183208   0.617052707455
0.685382203792   -0.469701487413   -0.556445637459
0.727207040076   0.401939935922   0.55642987768
-0.76384620223   0.645394669978   -0.00216778758658
0.0921214345845   0.112352017449   0.989389036459
0.638789965974   0.755541358325   -0.145274344713
-0.135094661791   -0.963479996452   -0.231204949759
0.4898928057   -0.26777768779   0.829638565187
-0.861251688694   -0.00118590015615   0.508177254865
0.974014771745   0.0451854916614   0.221931286136
-0.206468052777   -0.225618441007   0.952085743124
0.0930922531954   -0.973167298269   -0.210426333841
-0.415171342901   0.504507276513   0.757037095511
-0.84928955315   -0.513220402259   -0.12374196384
0.326098161516   -0.694317813865   0.64154716304
-0.797040174855   0.529874772635   -0.289757976582
0.595532473105   0.609875166608   -0.522870303834
-0.100339589117   -0.58930892279   -0.801652643216
-0.512164775736   0.834264300912   -0.204182072472
-0.63465926392   -0.207428473742   0.744433373111
0.578701011936   0.510858595411   0.635711124867
0.0626437127605   -0.174986017861   -0.982576032073
-0.658902468781   -0.746707154692   0.0909723131837
-0.749615435998   0.641722929842   -0.162075227686
-0.220848701315   0.528693536794   -0.819578547352
0.495315787551   0.784692961153   0.372718697304
0.840171483526   -0.323635753387   -0.435168676952
0.606876570784   -0.0918686829437   0.789468791611
0.792126190631   -0.0114365401289   -0.610250197597
0.0650916734351   0.995705453758   0.0658310216034
-0.276605723066   0.123440085357   0.953022465262
-0.0729744021877   -0.991550359106   0.107250277309
0.958208751052   -0.0398802041699   0.283276470472
-0.515475300008   0.317008284377   0.796109893619
-0.218556756154   0.849688336386   -0.479856932168
-0.828563913902   -0.421349591962   -0.368709047804
0.0626734542248   -0.339428893575   0.938541455846
0.901472426234   0.422791768094   0.0927069877139
-0.428275031813   0.840258976173   0.332483608749
