-0.1481572538390803	-0.8577561520317597	0.4922436508341486
0.7084063641481834	0.25526423512598384	0.6580278060233458
-0.6900795978502872	0.44620012765262085	0.569820668906956
0.7806573021349444	0.21475860635416694	-0.5869011140049115
0.2588679661115716	0.7436331325483208	0.6164390807676213
0.5688247117914697	-0.6331575674136635	0.5249285114014707
0.9502524135472308	-0.1817420352684057	0.2529628098439776
0.08061371451918153	0.9279554530829089	0.36386825380226984
-0.30086837583747933	-0.3253744146520908	0.8964428095036105
-0.607666988315148	0.7359890893515209	-0.29843071502028196
0.3750944022202403	-0.06524910467134992	-0.9246873762318958
-0.7000321569292643	-0.6738416837025639	-0.2364156605850285
0.5893548155945738	-0.688714784428302	0.42229473954261304
0.5346374910817243	0.7243805354315402	0.43524199362854943
-0.6056596853558317	-0.03073736484789552	0.795129901297192
0.22896507695955526	-0.9487506562409949	-0.21782374942872193
-0.8143506181726603	-0.06409706133917359	-0.5768228821826407
0.5332992257773408	0.30945720061094717	-0.7872916719839766
0.9471814790893192	-0.2000464438584243	0.2506564700337255
-0.11679701243369524	-0.9430987721547348	-0.3113248526006148
0.2986732387689477	0.2656052075163994	-0.9166505169274914
-0.9951401919505012	0.07345812171919035	0.06557364347211396
-0.09484818065900257	-0.5361815506529788	-0.838756917923807
-0.026454129930816316	-0.8409002610850203	0.5405431804368158
-0.9861523295207504	0.07152696176700539	-0.14962445228363638
0.061715911192800836	0.9956903908981927	0.06922276922116488
0.15393092374971037	0.0590299857139207	-0.9863167500859826
-0.8892069536140146	-0.22243144569026732	-0.39979400397282305
-0.456524684548513	0.37421064969336026	0.8071874640094171
-0.029936700592495286	0.9002725374153157	-0.4342961574011732
0.8919437507877621	0.033802956929475575	-0.45088103257232126
-0.4485018879596865	0.1925023240246292	-0.8728051969034749
0.0572922501500458	0.9807141353870357	0.18686193492737868
0.19754229266146328	0.6795080672992608	0.7065733005748773
-0.3687183222650774	0.7193511990140942	-0.5887110083079912
-0.9083082304130461	-0.14423119964906464	0.3926493596221855
-0.4469317069950358	0.7986722815118003	0.4029573625425389
0.8613391318249216	0.2625696363930984	0.43491618276569854
0.24155113179116727	0.5414607767780892	-0.8052783853682366
-0.8391668625428499	0.5258297601062042	0.13893178252884253
-0.4944757360420203	-0.8440088395172214	0.20770851037570837
0.2264789687271031	0.10560370354985286	0.9682743074774125
-0.00869395295468145	0.5891579428300614	-0.8079711217501969
0.5090578279819912	0.6980715964471305	0.5035436167840995
0.8606884122330677	-0.4069262397953771	-0.3059844643339198
0.7325419613597135	-0.6797954514741444	0.03550238023468274
0.6695212991465083	0.7100861641341707	-0.21798823246769844
0.12297765990795115	0.1834551271027431	0.9753054452340972
-0.20936552841406386	-0.9217394132214453	0.3264391668076693
-0.9627568922631201	0.25271498864836994	0.09609526997887649
-0.17107086809786948	-0.2941625207714944	-0.9403207800860307
0.10761077526718077	0.9231558111364631	0.36905727118074155
0.8690313830764498	-0.26765265978115194	0.4161087705640292
0.48291238985413204	0.27594456341275164	-0.8310536815683549
0.92414261934474	-0.0030880294564785346	-0.38203518579408235
-0.04903615727423848	-0.992655164065781	-0.11059466774358345
-0.37888768044160426	0.12093878338900799	-0.9175063685239289
0.8162128221831688	0.1355998563394271	0.5616131300677661
-0.5653076159982895	-0.013220569127076365	0.8247742211334486
0.11926411110689317	-0.990675474367203	0.0658648334788734
0.20499636574490498	-0.6676220314334087	-0.7157215332628394
0.9775401506673722	0.10311687652460311	0.18379924811875814
-0.04890545843351468	-0.7373247133526302	0.6737659261307813
-0.5009176197739098	0.35816303681740014	-0.7879091173845996
-0.8424366002809823	0.006966251546075775	0.5387504485811752
0.19844926985771805	0.9336330705352798	0.298240132939556
-0.2884731239330047	0.8688532374595944	0.4023397923699759
-0.17341464578169508	-0.4606642939882333	0.8704687064293191
0.9416531300838664	0.18133521445186696	0.28356114438151203
0.1606953184188984	0.7523507572606534	-0.6388625460046713
0.6364027893367992	-0.5737348769302728	-0.51557713362614
-0.7544325711172541	-0.3237230746226264	-0.5709946292166705
-0.20842104008520979	0.4346412275768188	-0.876155050970041
-0.9138423063388883	-0.4057498569115032	0.01610257002828852
-0.34850094575914803	0.8040236668822693	0.48176034903068643
0.9441727616795076	0.18459711952055663	0.2728767112950556
-0.0023491360844313525	0.832028928086858	-0.5547272702745835
-0.32944237381088154	0.523117354224984	0.786012694583557
-0.0767559294046265	-0.8482454073186629	-0.5240116947779195
-0.024537601402827125	0.5270100274161353	-0.8495047599161762
0.9967479287255269	-0.05234653728413974	-0.061265052156447286
0.922425275199987	-0.1071294813682838	0.37101871367087524
-0.10516997686724715	0.8547479816764693	0.508276660673835
-0.3715789117239716	-0.5078672681338744	0.7771743371472479
-0.9605225345718869	-0.2630126272094698	-0.0906687294935255
0.25454484683162276	-0.9623754905244009	0.09508068252481033
-0.11226478312927574	0.06824788030620849	0.9913318542761783
0.20580927085803902	-0.15164644074534872	0.9667708627374688
0.2448389460593035	-0.9485202996434048	-0.20090577805766374
0.9474684345778764	0.2780514308067002	-0.15808531653792213
-0.33442859708175243	-0.24318692690745852	0.9105040538269104
0.8438639703653603	-0.5074141316120491	0.17442619803114617
0.41958445273048584	0.8266746745979925	0.37491048185555187
0.634989479119834	0.4935753361871389	-0.5942825497310812
0.1868689976494274	-0.8445693515801904	-0.5017794217471618
-0.7495787744624446	0.20757166925948872	-0.628526580978251
-0.3294526525437882	0.09016380722753226	0.9398571368022367
0.8109695593705364	0.5367897849547407	0.23277693301227476
-0.48351765583711603	0.8388845061356655	-0.2499669215302307
0.7621660574585695	-0.27013171220930354	-0.5883296345731112
0.49777358107601455	-0.3365124353234883	0.7993627729982274
-0.4139134726495635	-0.902102122229809	-0.1220139263676645
-0.9917066482176327	-0.08092228884276899	0.09984741884193406
-0.07343975264021325	-0.2807597248608569	-0.9569642520116415
0.10547287145561855	-0.9563605805680739	0.27248837282057203
0.743182916951889	0.608996925344232	0.2771315515637901
0.2513917787661972	-0.637998613446082	0.7278460982993894
0.6200655816279832	-0.4712541927263342	-0.6272464908775512
-0.4996404863718633	0.39372974720549236	0.7715803720569795
-0.8567391741088612	-0.09310015955191853	-0.5072773874702811
-0.12789594178610275	-0.9144994513158039	0.3838403074427429
0.3819168307614549	0.8739519665778743	-0.3005785995306257
-0.4524057623361141	-0.1068121797597299	-0.8853926724680156
-0.805896122702055	0.4741298539109736	0.35458753650425057
0.7236073320894072	0.6682444738769341	0.17274765433831482
0.5822116438544859	-0.7253785342870784	0.3672268832149777
0.3707047756729167	-0.16515236943038153	-0.9139489395829634
0.6153298984979801	-0.7821291070283259	0.09819967389731481
-0.7425463819392425	-0.5333115217740467	0.40522054663107976
-0.2645637667622044	-0.3222621303878629	-0.9089296631942814
0.4717819253438369	-0.8426088200174031	0.2596770905331117
-0.8099016193605977	-0.2977148407775614	0.505396122400907
-0.3485415066759535	-0.44874965182122506	-0.8228867286050889
0.6446057038030382	-0.6975190806401209	-0.31297063563144434
0.028725213229735647	-0.3869849040851192	0.9216385116384497
-0.7639753587318743	-0.6030835896898464	-0.22941629213574277
-0.16519892216053966	-0.5666275527799564	-0.8072437875558992
0.3489434852452675	0.7319694545656742	-0.5852001039710393
0.9224682976785065	-0.3783568870965972	0.07680042815434729
0.8910324364786228	0.4466119415158087	0.08123404974792833
0.3193188354773943	-0.4894769118330953	-0.8114479860666963
-0.3226401686900281	0.7489660382673011	-0.5787514104258009
-0.2327913599922753	0.7969556782678995	0.5573776364274932
0.6279585296569998	0.5608096240607462	-0.5395930416451488
-0.7426144812377182	0.22439744302775977	-0.6310067510087649
0.11646694316800288	-0.061923728830044156	0.9912622775819144
0.879959850703839	-0.45636975736017793	-0.13189884653130934
0.46054979350595593	0.887632861252216	0.0013384045822474322
0.05792202907914357	-0.6879190243973277	-0.7234724973484367
0.9689647914835271	0.21318703807365846	-0.12513400681935055
0.24031702272756206	-0.6937713619555144	0.678917539851307
0.14397274178814357	-0.5119102358048514	-0.8468882807668467
0.984741556057171	-0.01042660106215143	0.17371054592163365
-0.09775437277230031	-0.8589756669827799	0.5025981358256139
-0.3917276413613491	0.3404410399451381	0.85478029534761
0.5283684116645394	0.8438033753519542	-0.09392915042595132
-0.7532438360508278	0.41484426242352934	-0.5104193975406028
-0.1128494166907239	-0.9935999672148773	0.004910631645518665
-0.9611079619884705	0.11041019081323311	0.25314240096624313
-0.2520644650777497	0.02384732511582932	-0.9674165651516868
0.47102531441468254	0.17040127954233006	-0.8655047990108927
-0.23355041457855827	0.970241495875189	0.06391903888560116
0.8506405568927059	0.17203151924055118	0.49680559513461087
-0.8121925051288321	-0.37377026364201366	-0.4479275886005811
-0.3736759831734116	-0.2563184179488607	0.8914410402374221
-0.4480062434966013	0.8914015137059016	0.06851092723712948
-0.7034029344612251	-0.1404016901014123	-0.6967866798439853
-0.3264753135203768	-0.8069552663088775	0.4921758505231038
-0.6313780020345255	0.573681587287788	0.5217770165059542
0.06495980161775217	-0.3185624694638004	-0.945673398813199
0.6703456093740483	-0.6880735475490909	0.27783368614360815
-0.7392002355023423	-0.6519760319308789	0.16884983156920086
-0.9004089390496024	0.41830829948568243	0.1195069414760758
-0.4350122646114479	-0.8623603424826674	-0.25903468754357295
-0.005298312673792306	-0.28522413343644926	0.9584462017183006
0.4839991852300787	-0.8698404999397629	0.09551069762682723
-0.5429711900080658	-0.21292815556094324	0.8123077541120973
-0.6862412662597934	-0.44501584829526913	-0.575355385173544
-0.5944416232980818	-0.18268014175290043	-0.7831137352261686
-0.43725926580475755	-0.7438666679758266	0.5054371521192579
-0.6748655354651221	0.6428766180875468	0.36230672496890326
-0.34124436762750676	-0.8932266566019882	-0.2927429273238499
0.9382200186013168	-0.3426880105367953	-0.04804294048117784
-0.057406256263996966	-0.29105165756265183	0.9549834838214665
0.6440713065717202	0.359426532035163	-0.6752664067760021
-0.5454979376474709	-0.40305419025415357	-0.7348328515662079
-0.5362873782528852	0.8416411870789977	-0.06352920697523534
0.7599487221175776	-0.5806864218486889	0.2920294834985456
-0.5150812441543642	-0.8120543237547349	-0.2743338972705196
0.39644577393667985	0.05806078497407892	-0.916220330256833
-0.6928412268927491	-0.3541528471875237	-0.628129600597457
-0.6257364649937217	-0.13762527279408876	0.7677976039722405
-0.3583642151427948	0.9250054297772112	-0.12625388781247726
-0.8960169181029505	0.18885128643652196	0.4018567830515757
0.10169770844964168	-0.7936982559752024	0.5997504935871362
0.4322166801147106	0.5782545028559593	0.6919613221542266
0.5695327277265949	0.1469307403995563	0.8087297630073611
-0.3806771496618664	-0.8248666675629728	0.4179472316798779
0.7285035207695438	-0.5458995679327789	-0.4138553877348756
-0.44215217040012966	-0.4679751915147257	0.7651801607054449
0.40725049054792867	-0.8648389420117475	-0.2935994590057561
0.7991548636897146	0.18180435777713638	0.5729735415656789
0.80383332377256	0.1331864327334184	0.5797528453819829
0.17261261742113837	0.8804534758193868	-0.4415954723778133
-0.5692599335099762	0.455041812423108	0.6847481851359013
-0.6290261697826471	0.524371826645311	-0.5738991768152593
-0.03021949547275124	-0.7541799322151213	-0.6559721121643567
-0.7767965369528527	-0.39528068162339397	0.4902451661295605
-0.5909862414093707	-0.378018963051621	0.7126267789230221
-0.5170980421763124	0.8555608010755441	0.02500660793466064
-0.6191485098441643	-0.3537193509498037	-0.7010975278243392
0.5716511904585151	0.4933747246988522	-0.6555885123121775
0.04454748621968746	-0.8164984565889075	-0.5756264342952273
-0.8192865420101011	0.29985271620624465	-0.48873091846625316
0.9270382103397876	0.3589624028365978	0.10837965639260823
0.34142157261461165	-0.9275708038524444	0.1518015599191786
0.15502085770427543	-0.1037226937092678	-0.9824510860527991
0.6883523506855491	0.7252700827618457	-0.012423701393077191
0.2996357497002873	-0.2687025323131498	0.915432884831022
0.6605978041192884	-0.6338629632492547	-0.40227886473645125
0.21587135646534106	-0.1664449002018848	-0.962130787707471
0.7931972671986569	0.6045265885117845	0.07338732241256762
0.56941869723991	-0.7790017323338172	0.2625236146606922
-0.30807636296890006	0.2734999072957356	-0.911200721734283
-0.2680928592820533	0.8940121008351273	0.3589827048234154
0.9128062080101271	0.35488049294035057	-0.20210062431518128
-0.16829961056219678	0.0768535489312592	-0.9827353525244136
-0.02627080787473185	-0.9969516293808605	-0.07346627340798276
-0.985385754787546	0.013452906433856361	0.1698055757926109
0.5597224332473729	-0.8275703766886598	-0.042872710982976625
0.3023097833026124	0.15574758244435494	0.940399641366513
-0.7715695643551317	-0.5393236154574808	0.3373580370625603
0.18202410390781587	0.8834437293142415	-0.43173418063885294
0.3750351924714411	0.34350343616631984	0.861019159920289
0.9089641522108921	-0.3186417525643432	-0.2687965839036244
-0.4662263984317796	-0.6278563959541177	0.6232409577882683
0.18520555695821406	-0.7581534752970145	-0.6252217283227267
0.865061759111527	-0.17606718591085035	0.46975365774872324
0.17706401275809425	0.45820395657104784	-0.8710324159115084
0.8092951431054711	0.4358533689319183	0.3937933622302342
0.5600800895692479	-0.7746489365985955	-0.29364829012743954
0.2567606928307393	0.529093842860551	-0.8087852941690602
0.36341581953912416	0.7225705515758422	0.5880652515700022
0.8955461399200967	-0.44491741193443746	-0.006753357074569033
0.2810345823272309	0.24694687062002624	-0.9273816941406245
0.7703842471727602	-0.6343035653119191	0.06455306918069631
-0.5723003365753148	-0.7325818931174617	-0.3685052165603864
0.9501441154607033	0.2962043517474335	-0.09741222644658246
0.23556999544438692	-0.8865727591774666	-0.3981149581851762
-0.20428640948856355	0.35531918705628013	-0.9121487478519796
0.7518380468500565	0.5646337379106239	0.34048244201686695
-0.03355020813337606	-0.4829628083344901	0.8749978910259555
0.6584936862589492	-0.6692799621822989	-0.3441662350933936
0.60871941824332	0.0318968931599147	0.7927441315205425
0.33669037632366794	-0.9151415126014624	-0.2217106276310058
0.718401183423678	0.40186888423993794	-0.5678037861226415
-0.7408328984569432	0.5274194802265705	-0.41592704701836614
-0.203854290536289	0.41347174406787846	0.8874032595654655
0.6400078474470686	0.7422060419688059	-0.1987967466312477
-0.7632354871163336	-0.4469068873743563	-0.46663243053141673
0.3989620625028782	-0.8940538428182285	0.20370812164812707
-0.5082330802788643	-0.030691369459883447	0.8606725137652151
0.035250745645856174	-0.9818907077409673	-0.18613979419606524
0.9240767086017565	-0.03890456200765935	0.3802218716417251
-0.3805780098102824	-0.18541055284674218	0.9059709185961269
-0.6347798209206013	0.5571387555508228	0.535397969752679
-0.6286402880054948	0.030527213411325693	-0.7770968263593078
-0.4492949668629492	-0.8298581181772099	0.33086180868604564
0.9913291000509761	-0.13064196294334235	0.01411711409716189
-0.0046229216066183965	-0.1420421062542745	-0.9898498212590982
0.13132114828899794	0.9812016701826184	-0.14141442091561673
-0.47430839037184325	-0.8798473312209844	0.030003742536275427
-0.8527331969980295	0.4506869857167598	-0.26405934113956475
0.21880961030172175	-0.15083074835342025	-0.9640396463791086
0.10552864185398192	-0.9831107912296224	-0.14952216530106766
-0.05526725863084775	0.14433099390977921	-0.987984865430866
0.9928792655060761	0.11252438120194702	-0.03910278459693073
0.3477505159868618	-0.2974074057699983	0.889167258520033
-0.8520050290437529	0.2956087751284058	0.43209128960352544
-0.39135279367218706	-0.9078349448331693	-0.1505945013097474
0.3865706395904023	0.252805675127348	-0.8869342880000035
0.44132454484367944	0.7937338606884605	0.41859193078117357
0.8098121922552084	-0.5532412213673141	0.19526485668142146
-0.43813457684111823	0.21409601085001312	0.8730412308215261
-0.8903658184979306	-0.23694614851456697	-0.3887225642468196
0.12363980680494563	-0.9476388662577236	0.2944380704511763
-0.7736701215352297	0.6236630439970022	0.11170922341533202
-0.6183324748518432	-0.7816706186034157	0.08158427885168046
0.13820091746170898	-0.005954121643636033	0.9903863159637226
-0.589159964638841	-0.7527666679009483	-0.2936543542399174
0.7715549376523693	-0.6320472672406219	0.07224423961749726
-0.23998648764255043	-0.18400705331852157	0.953177785136659
0.03476628542665028	-0.7374056741084926	0.674554799249277
0.8556056942227549	-0.3268401045393987	-0.4013906352647913
0.5164592930824562	0.5911077886961689	0.6195654773561023
0.9905471788640035	0.13146836990407934	0.03914529549419942
-0.0677974251758299	0.22113881646608136	0.9728828978821185
0.1192467843763167	-0.9663403601044225	0.22796164775936167
-0.7619383971377172	0.11371130683257571	-0.6375889096162459
0.025577905746684247	0.988981277756805	0.14581427565273278
0.6471442263551606	0.09479330643534502	-0.7564513066617273
0.7361587160988285	-0.5611083502527382	-0.37845444110008125
-0.4129672367953292	-0.815411532350403	0.40566253739234726
-0.5362167528577925	-0.1423427279021221	-0.83199167169391
0.08330013517880086	0.9228850782757534	-0.3759577366874497
0.8817995551402551	0.10747939179888033	0.4592142472669928
0.4642096854155905	-0.3697719738359021	-0.8048466036033566
-0.40461321738875844	0.8494374261699327	-0.338739137591329
0.9097232491026701	0.41163632057831756	-0.05439806635190125
0.0932295787633869	-0.3301690454941901	-0.9393064713079842
-0.9639621152062507	0.25470423743674014	-0.07682962891267911
0.17479039814344527	0.3886331391258604	-0.9046615941279014
-0.20056260160844339	-0.8854885852482507	-0.41914747790139995
0.590352623144033	0.7374474249784749	-0.32810832927491457
-0.8045828449919709	0.5052956097544401	-0.3119660114620094
-0.06426683352698576	0.4481602862319519	0.8916401359028818
-0.6475244419082777	0.17794593587744695	-0.7409772878004244
-0.3639004997049659	0.782119654250927	0.5058312690501513
0.6695435187094634	0.5971801154920598	-0.44168697763805587
-0.7945972198957989	0.4718906140092356	-0.38201375177322267
0.43524147590052653	0.004053731163187635	-0.9003046289559927
-0.42329672310307115	-0.8816477843638258	-0.20860745081745913
-0.9730756595862267	-0.1449123991725627	0.17923213240622418
0.19346167444169027	-0.0908269047974668	0.9768945971224989
-0.12528503998102833	0.9852669028902594	0.11641644568525678
-0.5760021331619245	0.5196633672319826	0.6310083417436179
0.6911349108529836	0.7218061231358461	0.03644798490778556
-0.4365250022543396	0.4571060110748025	-0.7749193616410237
0.9320076540730122	0.36236145640720824	-0.007477142486758945
-0.3525965965723889	0.9017310980079539	-0.25011330826435
-0.08388905074494786	0.23574393268081503	0.9681877015172703
0.9978335454552003	-0.06273524861886094	-0.019811717367115823
0.005673484421324832	0.38207368064487457	-0.9241144486117503
0.06554408546028967	0.9219999951947984	0.3816018628387001
-0.8529311359961644	-0.40567009559183137	0.3285426163997709
-0.5112763967120825	0.5221278685961659	-0.6826264974349694
0.10537990042414096	-0.750209478997526	-0.6527486608250213
-0.3402794564577418	-0.7967580399088106	0.4993861405300443
-0.4447705879297785	-0.3315367101552056	-0.8320231570888286
0.8284859779292719	-0.5052326549819721	-0.241559410320618
0.43900164575041367	0.2979868891063966	-0.8476328031341877
0.3335216003476613	0.8219501653793798	0.46169391130308957
0.8342906550657051	-0.48538823590349023	0.261452411188986
0.15924136770636033	-0.4060673607775463	0.8998619256986962
-0.9590308010945587	-0.27996118532275593	0.043378073546506135
0.23431199150478094	-0.8699028872373256	-0.4340125083603328
0.04180085498058361	-0.5942337620885003	-0.8032054061801626
0.9978943592422702	0.06473422510675908	0.004040778673279011
0.04959371245784305	-0.8016830521434111	0.5956884652153956
-0.9961686918450359	0.021367409710091385	-0.08480195274892549
0.08461331963802982	-0.009584331805457591	-0.9963677668028386
-0.022102568348101474	-0.9997257495864174	0.007739643809214658
-0.5759374509369983	-0.1319363679039408	0.8067768262862466
0.33489760469652197	0.8621988296892302	0.3800746932525945
-0.7457477100043449	0.48908687664548683	-0.4523874225886897
-0.8294984571523858	0.5504675792347543	0.09443385935797222
-0.00035617046268021646	-0.1696034051812707	0.9855123327962565
0.5585088922518722	0.817447325007763	0.14088182321804144
-0.9329120628372849	-0.015346171264655956	0.35977712273044465
0.2624033776878665	0.6552541434344288	0.7083688833439904
-0.24661620058439088	0.755252608429477	-0.607267607459669
-0.5808041038111202	0.1690714813103006	-0.7962923001032362
0.5294118585996881	-0.6646203285540149	-0.5272598058327388
-0.6183766465271675	-0.727801245588584	0.2965057671437781
0.2986197558111139	-0.10850862781660575	0.9481835893584469
0.7267876052396163	-0.6180657012939461	-0.29962404068112725
0.6185515486274158	0.7786017381006669	-0.10570390303695532
-0.2443156837298186	-0.8142861882167736	-0.5265433034072582
-0.22280356353199915	0.5756098841880111	-0.7867857607395463
0.9437523079500645	-0.07490837673092005	-0.32205638688662086
0.9496138837951094	-0.12289756852550596	0.28832214509830345
-0.22425821819366323	0.376223602738903	0.8989794504407559
-0.218955984791857	-0.9183419779105596	0.32970636683441445
0.999746256908047	-0.004386686023878949	0.022094768251268555
0.0048972378155819245	0.9997210142216763	-0.023106509588438087
-0.021987243122478864	0.023208849805857502	0.9994888245651184
0.8934075459584097	-0.4037620047210029	-0.19697512626788444
-0.259921274581734	-0.8221837042385485	0.5064137512986647
-0.36642037040041725	-0.40123584090688597	-0.8394914604255157
0.8594416649958667	-0.5111381404310857	0.009890695920116415
0.5110681106425738	0.8594948328723868	0.008832810985060342
-0.013015788618535064	-0.002536466502759931	0.9999120739266618
