-0.15285208621245405	-0.8565017811027692	0.4929918241799599
0.7065359112132282	0.25408186235542063	0.6604917966092345
-0.6909726810132176	0.44927397675559294	0.5663123236374263
0.784249724078938	0.21313623964938697	-0.5826880071103478
0.25983336646540245	0.7400001068341125	0.6203921852802128
0.5634172449911038	-0.6379441866132343	0.5249649729391604
0.9506346284202771	-0.17535362611180488	0.25601739991196515
0.07169819976271044	0.9268259772389716	0.3685823870802995
-0.30191583495906305	-0.33203119390272146	0.8936454077969098
-0.6071276188806434	0.7386879061347377	-0.29280749943025286
0.3594853538405488	-0.07328681164708062	-0.9302684148205511
-0.7086369555466719	-0.6700516551497224	-0.2210530358639342
0.5840505422651593	-0.6936321383570677	0.42161525199875666
0.5360231063127364	0.7196274823167033	0.4413791071101665
-0.6095606561931457	-0.03179218980700391	0.7921016747164831
0.22938844102965517	-0.9489318225914564	-0.21658563940215736
-0.8110968566678142	-0.06335336915628864	-0.5814707556877976
0.5380546740114575	0.30905460147003794	-0.7842081490807273
0.9469718008048407	-0.20082299384576024	0.25082769708160807
-0.1167859671396515	-0.9423542509091782	-0.31357535565260525
0.29934168830901825	0.26765386404127883	-0.9158362095397186
-0.9955247856947254	0.07173844032929785	0.06151420361664658
-0.09059425049582381	-0.5392676264403382	-0.8372473403066165
-0.02689019978673287	-0.8390733122037211	0.5433533784774935
-0.9863542035541204	0.06702449074828652	-0.15037653663736766
0.057756053960906946	0.9962005272463692	0.0651824189864174
0.15417400352193467	0.05560779760059661	-0.9864776477366475
-0.887595373287815	-0.22635211304094421	-0.40117225008712126
-0.45943396734624425	0.3724768149141877	0.8063382987306704
-0.03308901579911849	0.900014301704857	-0.4346025468864212
0.8907118119752055	0.03107582575098236	-0.4535049735799386
-0.4502830796515461	0.19698570783626024	-0.8708856291659469
0.06227050816691315	0.9799137329184352	0.18945041528192097
0.20161494395084878	0.6754237360253779	0.7093336247417127
-0.3648451129396353	0.7238755457107866	-0.5855700110883203
-0.9089771492946129	-0.14073724146590136	0.39236917682815975
-0.45081459327119533	0.7952702950485971	0.40535337707615615
0.8586406741684164	0.26226147530048827	0.4404033506194282
0.2439311278974755	0.546593154353884	-0.8010827226049362
-0.8378981030248742	0.5300369363857963	0.13033654519771593
-0.5011122639798985	-0.8416583386006442	0.2012405027645871
0.2163637396521365	0.10330579427487373	0.9708319344938031
-0.006566803063289495	0.5837974542318548	-0.8118727791531957
0.5059331629179088	0.7022488578480981	0.5008774064688111
0.8625476866570387	-0.40746419975679715	-0.29997402247385385
0.7303518284064168	-0.6815587955284312	0.045429230471558196
0.6728030957190301	0.7062919526240607	-0.22019916450654672
0.11799237744148355	0.19138778930831943	0.9743964865337831
-0.2029199212650863	-0.9234622179067495	0.3256394288972361
-0.9633907533611561	0.2477901177080264	0.10236363565478945
-0.1752191824315909	-0.29294639384192706	-0.9399365129853265
0.10128300573439364	0.9240659063900643	0.3685701471862791
0.8685851492244205	-0.2627739930574773	0.4201305358093119
0.48507895367269604	0.27758247282589266	-0.8292444630407032
0.9276473027670891	0.0027002544289062534	-0.37344770757759893
-0.043541278875766476	-0.9923722097027625	-0.11533236511716463
-0.3709105535069168	0.12324814820383881	-0.9204538311406592
0.8169004703339237	0.13896617035153608	0.5597874820555049
-0.5638274386474427	-0.01211589152223258	0.8258037446033324
0.12154110825757128	-0.9902230095642341	0.06845546240492428
0.20121739068909628	-0.6710275467447052	-0.713606049017281
0.9783713577546508	0.10200077257506868	0.1799592418282826
-0.04796924024406457	-0.7343826481500442	0.6770384613052168
-0.4968905480404757	0.364665437750874	-0.7874762864861388
-0.8416289912023522	0.01872461852887153	0.5397314423198443
0.21156659574646208	0.9309503247600872	0.2976089185379722
-0.2826969457180075	0.8717960632873762	0.4000675704407231
-0.17270795581980258	-0.4565259514785325	0.8727863527938357
0.943532934707769	0.1776391839185646	0.27962460810610246
0.15944262648871965	0.7548187355443653	-0.6362599510652736
0.6341992193802469	-0.5722365187960057	-0.5199391471063842
-0.7565509890257656	-0.320615101059564	-0.5699443463854181
-0.19925044787403023	0.43803925230076723	-0.8765961855186133
-0.9159127897716424	-0.4013043563684391	0.007653436642450495
-0.3484293623601857	0.8044106084603171	0.4811658263444909
0.9422224966137733	0.1813051596639292	0.281682810895775
0.005030985563680507	0.833121451694444	-0.5530672074086478
-0.334949930674968	0.5225295071149374	0.7840736305571402
-0.07388462805626084	-0.8504749653915187	-0.5208007248259958
-0.023465727210642773	0.5235661017413912	-0.8516618441340429
0.9969906826964148	-0.050703750843681394	-0.058640500227387315
0.92251566859303	-0.10967891547364841	0.37004780326449593
-0.102717979464553	0.8544269454221629	0.509316808706793
-0.3720401294149255	-0.5078632989664409	0.7769562482327104
-0.9603447792523547	-0.25972523250472546	-0.10139382901889213
0.2493555944001	-0.9627661721191034	0.10441784025970867
-0.12473849648011173	0.0749940092507096	0.9893514067672748
0.20385235922770628	-0.146915132942404	0.9679153678652974
0.24672315238767167	-0.9490552714299623	-0.1960147388511654
0.9474027135876211	0.2787651977624119	-0.15721979138548514
-0.3340958549381998	-0.24374494001752844	0.9104769980229949
0.8465734895103463	-0.5022673495537031	0.17618409812061253
0.41435888619817074	0.8296480662233533	0.37415344397781736
0.6327494932128884	0.49622109091205047	-0.5944684245381645
0.18593141499308338	-0.842594290187485	-0.5054348336453657
-0.7517031247490612	0.2092832794981558	-0.6254141996828937
-0.33169356722575305	0.09144607267725469	0.938944616712275
0.809508063908135	0.5386760027972592	0.23350558553934003
-0.48443376423279755	0.8375355394264017	-0.25270169819169985
0.7601652113142033	-0.27473597311525677	-0.5887860363358199
0.4953529458921697	-0.34135000380734004	0.7988151437577273
-0.4204453716044236	-0.898888380154701	-0.12339112415111653
-0.9923162798253469	-0.06702039758878749	0.10400320716509091
-0.08146146039427592	-0.2787855919985789	-0.9568921695595768
0.093125889332751	-0.958011931032721	0.27118390205714915
0.7412761708214732	0.6089705484761796	0.282249020655298
0.2539316914188247	-0.6437005628321288	0.7219198580886768
0.6213117853907398	-0.4634700168276491	-0.6317968097706335
-0.501810428032353	0.3931869469828201	0.7704481287149161
-0.8551545367706413	-0.09165782354607965	-0.510205411205512
-0.1299885093328505	-0.914878608398472	0.38223045317752835
0.3803650298472645	0.8736994078618279	-0.3032685093628762
-0.44843771133938953	-0.11255346765080132	-0.8866991236989413
-0.808842421685448	0.4732663749112874	0.3489883597777277
0.7254728618935686	0.6662531088395055	0.1726149518948143
0.5781503208918989	-0.7260107839849201	0.37235809107658113
0.3734050523339894	-0.17033830015382678	-0.9118955698939188
0.6127996808159695	-0.784757671732671	0.09290827653424384
-0.743461454407532	-0.5326780032148526	0.4043750866476264
-0.267846256277894	-0.3168746464262416	-0.9098619903315897
0.47294363687487617	-0.8430643541521153	0.2560601708537315
-0.8087650048557807	-0.3000710905645234	0.5058226048013742
-0.34960475291419374	-0.44631808765217534	-0.8237576593721672
0.6434042275143197	-0.6974211157780638	-0.31564978581266606
0.029881709396929246	-0.3891355968342929	0.9206956993056588
-0.7649431896946457	-0.6018116603583707	-0.22953135297052962
-0.1682125476788614	-0.5684683656451762	-0.8053249381858784
0.3471676578415376	0.7304590073136129	-0.5881362563073563
0.9225937113118686	-0.3785146706471407	0.07448146046284776
0.891589490929311	0.44500082417954573	0.0839192835046694
0.32016208964367837	-0.4883798561484267	-0.8117766641530384
-0.3202567969917349	0.750639315908757	-0.5779067410859884
-0.23434539349786032	0.7974776967535511	0.5559780209027907
0.628648406354297	0.560549877949343	-0.539059380327603
-0.7415412447966299	0.22318861420697034	-0.6326953648904317
0.11810550892511729	-0.055982588313711834	0.9914217258902676
0.8792937875264566	-0.45802094638022695	-0.13061105578908755
0.46140386211963796	0.8871768496092867	-0.004869654856702654
0.05219412672410284	-0.6921276301205543	-0.7198854886433075
0.9692142583979984	0.2088027937327751	-0.13048032283607458
0.24062313781830377	-0.690912973501796	0.6817182472204922
0.14013603017045262	-0.5114807491725221	-0.847790856446318
0.9860069056488415	-0.005990740464089983	0.1665967978128281
-0.09028994994384698	-0.8592738528866145	0.5034840322041307
-0.38741384949857816	0.33603043058577653	0.8584835810526782
0.5309096871430757	0.8426110639324446	-0.09023025565892626
-0.7536878752602659	0.4208207987480792	-0.5048410066810085
-0.10999636110316335	-0.9939310981806093	-0.0013313953394860356
-0.9593908797205606	0.10582360875889352	0.2614775396439497
-0.25974976506836556	0.030038906417047997	-0.9652086425474009
0.47320074682390667	0.16068038809976812	-0.8661771562939101
-0.23432346597979178	0.9707632975678957	0.05206854507591396
0.849219386552447	0.17832675899935213	0.49701710285288236
-0.8119943557842517	-0.37828108895201107	-0.4444868771018984
-0.3702807200250372	-0.25480858254997574	0.8932887409100216
-0.45117330877641404	0.8899303365995299	0.06683293684696046
-0.7042788936386879	-0.1390048438585565	-0.6961816525583852
-0.3260477903100609	-0.807767940383753	0.49112502779039496
-0.6306219774230774	0.5728774806815573	0.5235716891877937
0.06790383143997258	-0.31332443972522195	-0.9472153214273128
0.6689707792312456	-0.6900591453532612	0.2762181609689463
-0.7401804956971724	-0.6524156431180987	0.1627472347054958
-0.8999258562826946	0.4185954200382111	0.1221119466591703
-0.4360208849550011	-0.8610559369768855	-0.26166478800158643
-0.004386465196050189	-0.2887222674472668	0.9574028468743931
0.4828789620646503	-0.8706568797989479	0.09372569367108646
-0.5441356561488563	-0.21446870136321117	0.8111224099006458
-0.6861080787330955	-0.44267343922392505	-0.5773178764795373
-0.5960342944250976	-0.1781154975816773	-0.7829546534700511
-0.44040163384194453	-0.7428201185125252	0.504246638503802
-0.6714086094015492	0.6453627980092049	0.36430390907483856
-0.3407744682855529	-0.8949048015260458	-0.28812871771194004
0.9387815048395834	-0.34040599889921963	-0.05303811916491019
-0.05061667645969557	-0.28856394805840274	0.9561217495408846
0.6434665106161293	0.361146772826648	-0.6749250759842905
-0.5438132242824937	-0.40484688723538964	-0.7350960311355885
-0.5387188754916438	0.8400428598427068	-0.06410902289308118
0.7589491449643735	-0.5783372285259005	0.2992026829071336
-0.5110977198173332	-0.8138043938830586	-0.2765890982923047
0.40345423055827423	0.05699525065834714	-0.9132229876908613
-0.692136839705551	-0.36010495141777016	-0.6255166017675456
-0.6266089703287181	-0.13030763303060278	0.7683626221241803
-0.35820077250893323	0.923766390781981	-0.13545427950285038
-0.8961802840435862	0.18823894194326266	0.40177978947134474
0.10202114505001422	-0.7938528056760996	0.5994909581327054
0.4318015567992328	0.5782420113207497	0.6922308804795498
0.5714762927827435	0.14731969848663545	0.8072866611217474
-0.3795020459146224	-0.8247913938864162	0.41916268168518833
0.7275940103752284	-0.5459084749376122	-0.4154406011181173
-0.4421487664939412	-0.468557661509751	0.7648255919674756
0.41029063597398674	-0.8639179456897426	-0.2920742664927464
0.7976001895185001	0.18466050188312594	0.5742250749700195
0.8003905814874048	0.13249534231546437	0.5846536592983591
0.17519554877399082	0.880994037271952	-0.43949519449141494
-0.5733074539512233	0.45419653296340157	0.6819267355720786
-0.6319422778498915	0.5219845133233243	-0.5728709499673574
-0.03165535860726143	-0.7559412157143908	-0.6538737008442032
-0.7743687078758645	-0.3950760005807251	0.4942348207358551
-0.5904909840337873	-0.3762194160402622	0.7139883393789661
-0.5203021481478401	0.853758175825697	0.01956148878590941
-0.6169327940769178	-0.3599387839690276	-0.6998842757108814
0.5747812356234172	0.4983168507668714	-0.6490815414237301
0.047806845555042776	-0.8122943209379085	-0.5812851638310564
-0.8169094421619167	0.3030812637129018	-0.4907144902006628
0.9258000619946435	0.3626387680576416	0.10671161657640817
0.34498560649316123	-0.9259462308961308	0.15365060625261
0.1545288857245145	-0.10543576902970303	-0.9823462333036428
0.68877541803038	0.724779978867748	-0.01680493229804575
0.2994870199446686	-0.2633469007065612	0.9170364958783866
0.6602241652664169	-0.6366650548920642	-0.3984490676078283
0.22015856529317357	-0.16923343670557278	-0.9606717701842146
0.7921857050085536	0.6056725725993892	0.07485014082110036
0.5691853959020315	-0.7775093431603626	0.2674083139885316
-0.30400655713086433	0.2682071627346145	-0.9141361665962496
-0.2766772942492702	0.893336939073335	0.35411691308660675
0.9116082974986247	0.36057458471851933	-0.19737345512182247
-0.16926169730010265	0.07953672166016494	-0.9823565481711015
-0.014105805785502176	-0.9968317515750365	-0.07827825556938735
-0.9854701944098715	0.000607420281252144	0.16984736374277898
0.5622363643510251	-0.825261613794238	-0.05323100035760431
0.3108407357242319	0.15124487626960792	0.9383512265759604
-0.7663343314870864	-0.5441215454288875	0.3415602965573129
0.1865696306537814	0.8853262727672484	-0.42589806722473317
0.3660425099761651	0.33965479243152896	0.8663991590881446
0.9117042578643912	-0.31754056863076063	-0.2606977818578293
-0.46735859990551587	-0.6238466466014505	0.6264114467492442
0.17721201275685433	-0.7602822607427433	-0.6249534274924557
0.8661246109128989	-0.1810697255866607	0.46587757280958564
0.17885136865180162	0.46325413944648075	-0.8679906625172176
0.8065045433612957	0.43626959521665976	0.3990228838388594
0.5635269376604508	-0.7714042018132858	-0.2955891539888469
0.2532200701389128	0.5318733134169369	-0.808078198291312
0.36028640132368334	0.7233640816282716	0.5890145282005504
0.8978158525555638	-0.44028988619428466	-0.00845641856521051
0.28008206767029	0.2475122243972946	-0.9275191287210406
0.7714642019005266	-0.6330429441123011	0.06402824451453759
-0.571311666741997	-0.7334809674991799	-0.36825079736634403
0.950489239709979	0.29642081805929793	-0.09330007404392929
0.23816353678392313	-0.8877059202235227	-0.39402579731114207
-0.19962047726152496	0.35229660489588155	-0.9143515556046895
0.7497104973338931	0.5681991110794928	0.33924023988294916
-0.030506397528166085	-0.48240974840842576	0.8754142986896962
0.6610624251137106	-0.6666562868592729	-0.34433394444025756
0.6088929980994664	0.026064360058087405	0.7928240447919107
0.3387798671256871	-0.9122714333197701	-0.2301934698878177
0.7172708822305175	0.40875601657156585	-0.5643057685517672
-0.7430273188611465	0.5282150914655134	-0.410973503493955
-0.20180707129796174	0.40865627571169294	0.8900977217674407
0.6381099508706598	0.7443042828504537	-0.19704523625380044
-0.7649528381785893	-0.44186805508620586	-0.4686147428931948
0.39671441513720673	-0.896408470967943	0.19766012748973688
-0.5074099212519059	-0.034705548133530315	0.8610056310755962
0.035261058387778266	-0.9807402809375741	-0.1921071552750237
0.9215330174252027	-0.04247141539075261	0.3859703054250513
-0.3866956885673473	-0.19064280794510594	0.9022869633449386
-0.6342369886602046	0.5578594975158185	0.5352907838237405
-0.6313330981247797	0.025951008379597185	-0.7750774570172002
-0.4462756563239848	-0.8295295812660818	0.33573607547762274
0.9918973191007093	-0.12654917931341644	0.011180947004904296
-0.006593615180175011	-0.1391718276849283	-0.9902462959373755
0.12687092889894624	0.98214892332779	-0.13887857936478598
-0.473717934113147	-0.8801230679068629	0.031220253647015653
-0.8541931600591645	0.4505553306344112	-0.2595263750470366
0.2143486977047236	-0.14961042535574884	-0.9652312450481291
0.10444066107426386	-0.9837147679692357	-0.14627851377971868
-0.051013981735736014	0.14159030052707777	-0.9886100143454535
0.9932218896006253	0.11071333287316576	-0.03539542261760453
0.3506062485947369	-0.3051366423316142	0.8854190465270747
-0.8510293794075638	0.2908405756468462	0.4372193441998968
-0.3909274278322029	-0.9068094557645501	-0.15770972419130702
0.3950553420309858	0.247421057516024	-0.8847113071677297
0.4420881353147936	0.7929980019242048	0.41918044987583525
0.8052883690620829	-0.5567198480760959	0.20389618292518175
-0.442562857308725	0.2107978691038121	0.8716090727568346
-0.8875740202402584	-0.24156882895632537	-0.39224591708673606
0.12786897952702259	-0.947211042618255	0.2940081033181844
-0.7751347606100549	0.6222453343584744	0.10943878089189259
-0.6163797419792107	-0.782821082124842	0.08524768066365876
0.13871595644205761	-0.0013774069848766016	0.9903312507329874
-0.5920255459900128	-0.7509177663713643	-0.2926230699091724
0.7678424051678209	-0.6358467575515738	0.07821087991607181
-0.24479336943905042	-0.17838556292197857	0.953024027619286
0.03462509373841094	-0.7350435809148685	0.6771351689577595
0.8527708465781412	-0.331573371190772	-0.4035356028203547
0.521136245246871	0.5914135893543822	0.6153429777099594
0.9908943041667136	0.1273954789779	0.043576024439543865
-0.0715195065268881	0.22380802836246372	0.9720056206764737
0.1140764575016015	-0.9662713689106689	0.23088136232140355
-0.7599561364683538	0.11660193522956179	-0.6394299487393545
0.020931761616191633	0.9876573540015584	0.15522503806500812
0.6496372310757254	0.10457982495377095	-0.7530169508137934
0.7330622623107828	-0.5648112575149603	-0.3789564130083647
-0.407565869600816	-0.8108200774614711	0.4200724508009358
-0.5445271173342314	-0.15348956111000886	-0.8245793916403255
0.07960296637278508	0.9209067423926897	-0.3815680012269602
0.879534209014205	0.11525941351066171	0.4616652930110028
0.469129985098384	-0.3723520369393225	-0.8007939920283664
-0.39974740517224405	0.84967464256833	-0.34388226740330496
0.9111144835069801	0.40939833819964877	-0.04757518915542863
0.10036139697048078	-0.33233417286783273	-0.9378067964897603
-0.9651184406937072	0.2513335881078569	-0.07333364113268251
0.17154397724461096	0.39544793543076695	-0.9023267668836187
-0.19778538698308154	-0.8834321467166418	-0.4247688581376683
0.5880719438984414	0.7395366172498923	-0.3275011153356501
-0.8057514673179014	0.5005001174772383	-0.31664523574549425
-0.07025639981209802	0.4500946835409823	0.8902127914906557
-0.6492921352703125	0.1814661511901453	-0.7385727852069515
-0.36566949493446066	0.7770164231553425	0.5123780817143276
0.6668624622442734	0.6027565960809663	-0.4381540166772322
-0.7950965653339794	0.47125401130350386	-0.38176053832797596
0.4350291206528487	0.004564700536955679	-0.9004048132329242
-0.4225767574987036	-0.8819857257004587	-0.2086385958602026
-0.9728235238005802	-0.1442315122820763	0.18113989733089605
0.19512329002078144	-0.08946005532277135	0.976690227345965
-0.12466472328485037	0.9854918413495224	0.11517177345964469
-0.5784230585140289	0.5172322875077625	0.630791190600157
0.6878084776491443	0.7249871952939304	0.036236235094266545
-0.4385729853208503	0.45482340245344427	-0.7751060631471214
0.9317687334501311	0.3628969472437898	-0.010622290048599721
-0.3543266120302773	0.9026087616304772	-0.24443828553449182
-0.07911813554352656	0.23152371176411823	0.9696066684584433
0.9978509038729656	-0.06014190474059464	-0.02601009292714534
-0.0009782144370922043	0.38322987601282865	-0.9236524807673647
0.06551806419927683	0.9216929062466332	0.38234744649103414
-0.8525469644139945	-0.4045846831254418	0.33086992557313055
-0.5124262410593592	0.5224414409094646	-0.6815235053130727
0.10287381076959622	-0.7505772278724742	-0.6527256728955995
-0.33962802774876444	-0.7950676012352289	0.502513992077378
-0.43654181725372565	-0.3399919141039025	-0.8329686309416333
0.8331170653373383	-0.5022678646001784	-0.23160947224515138
0.4377087095684259	0.29255562853805755	-0.8501895610854355
0.34226696242083604	0.8201749943312953	0.45843898733514565
0.8314231245299577	-0.49165453611693843	0.25886561207020287
0.16301631712532105	-0.40246471256785743	0.9008039939346231
-0.9573558027148333	-0.28525789871687124	0.04580172734594379
0.23852787543415926	-0.8698563596119229	-0.4318036200445279
0.04430056724499176	-0.5907073467201893	-0.8056688465322249
0.9977672237616599	0.06650830975341071	0.006100157431895736
0.049980265392667644	-0.8041402087102337	0.5923347852412014
-0.9963428355648136	0.025462699906742294	-0.08156350245131568
0.08129183144562604	-0.011529872637789929	-0.9966236502196666
-0.02631714572066121	-0.9996092801442049	0.009417796488667474
-0.582290638426493	-0.13040673634615454	0.8024535472638973
0.3335736272121409	0.8618137147729367	0.3821069958242155
-0.7413947987606894	0.49017466697577905	-0.4583258101239567
-0.8282314927972614	0.5527027796772775	0.0924782767780154
-0.0032316952534794385	-0.16973410044705628	0.9854845971861852
0.5603767933137569	0.8159105174481083	0.14236529434153333
-0.9348155442702695	-0.017675493872440357	0.3546934945936362
0.2576435451980892	0.6536321057396344	0.7116072469867994
-0.24441706529708737	0.7566060053044364	-0.606471475775096
-0.58243400449316	0.17071477770798757	-0.7947497059339969
0.5295002611078132	-0.6621453678191838	-0.5302763292495297
-0.6167658420314955	-0.729671142740146	0.29526245876418167
0.29682509742537666	-0.11027289850699457	0.9485434884038169
0.7308687326120711	-0.6130602509468523	-0.2999800400010099
0.6145939775400022	0.7823023817960983	-0.10137665514165861
-0.24182729526047964	-0.816598133805536	-0.524105950292798
-0.22384134283016033	0.5725176689473424	-0.7887449346798316
0.9441475586511843	-0.0734234745052102	-0.32123882219400457
0.9505954576724082	-0.12600625720701367	0.2837088278451426
-0.21853279787067456	0.3774708913377266	0.8998661802998916
-0.22048059349384871	-0.9174083874357059	0.3312856147725376
0.9994809688372628	-0.008232114337768076	0.031145227975670854
0.009333943185570154	0.9993296780303423	-0.035398758627681534
-0.030832944016670638	0.0356710933572581	0.9988878328731222
0.8925520552191347	-0.40185260356423236	-0.20461015061024365
-0.25049668214060383	-0.8191229770385065	0.5160319376977787
-0.37496965338630794	-0.40933120269070955	-0.8317726405353387
0.8558523135502876	-0.5170529811432618	0.013154165936539442
0.5169149830130537	0.8559441662078651	0.012589069518321205
-0.0177684475189789	-0.003974798811063432	0.9998342278833912
