-0.15517239461428756	-0.8560124474678235	0.4931168398359708
0.7056084415384571	0.25331636845210737	0.6617760532868395
-0.6914031061394919	0.4506367797399396	0.5647019015075827
0.7857629673070959	0.21230152701425786	-0.5809514789000558
0.26047133410586937	0.7383296050389762	0.6221125930505651
0.5610091294425219	-0.6401542438743992	0.524853599331985
0.9508512184506126	-0.172370808347653	0.2572358155478395
0.06759866359688008	0.9262504984377826	0.3707970264493433
-0.3021793855492152	-0.33518400703693463	0.8923784513174682
-0.6069231973435087	0.7400924365350345	-0.2896677716108025
0.35161221531760356	-0.07682155544424063	-0.9329883700553693
-0.7127503648303375	-0.6681030115205014	-0.213600757094766
0.5812715586201119	-0.6964798113182936	0.4207603208067269
0.5370001060251818	0.7168375739508026	0.4447187636037757
-0.6113544481463181	-0.03255403198317389	0.7906870264101652
0.22969420306276767	-0.949085729704709	-0.21558490380877846
-0.8092852153618723	-0.06320323160468067	-0.5840058147924667
0.5406459222782023	0.3086124255204337	-0.7825984650753837
0.9468705485064912	-0.20091285383441093	0.2511377899383704
-0.11640868328256593	-0.9420174571963202	-0.3147254816404273
0.2998085769744349	0.26876966998062174	-0.9153565871675762
-0.9956747102277757	0.07117469873975692	0.05971627644235969
-0.08882133545274142	-0.5406860708201027	-0.836522171367568
-0.027251454662587455	-0.8382080499973882	0.5446692786805117
-0.9864432154111256	0.06429596160785864	-0.15098282051372702
0.05528730211191997	0.9964728018687685	0.06312898986195875
0.15450921329987033	0.05392573093363474	-0.9865185849991513
-0.8865991453427133	-0.2287558930097214	-0.40201081688294915
-0.4612134354777828	0.3714818967004363	0.8057812155657561
-0.03498746078743356	0.8998177270076265	-0.43486082342569876
0.8901542005109864	0.029480604804975996	-0.45470473194478583
-0.4510352857253808	0.19881327844180208	-0.8700807154200388
0.0647508327612148	0.9795938823081508	0.1902712679338998
0.20379097598883633	0.6731464615894991	0.7108748689854315
-0.3628741879173029	0.7263293851197682	-0.5837533280889261
-0.9092807937314388	-0.13899448032593395	0.39228684988162443
-0.45307096461156293	0.79345136148999	0.4064008341227044
0.8570936029239286	0.26231872323211103	0.44337280393451584
0.24518820700194305	0.5492028991106628	-0.7989110831347981
-0.8370143360882751	0.53249494013578	0.12592116546671409
-0.5047140532187037	-0.8402209533859837	0.19822329321927873
0.21135450235623374	0.10236155636243782	0.9720346630202075
-0.005776076372987715	0.5808513817265933	-0.8139891333967799
0.5044226536227757	0.7045446577498071	0.4991739293556549
0.8634375619892214	-0.4077112919487447	-0.29706409908232745
0.7287843568026349	-0.682877243677734	0.05051763401892876
0.6749118106379737	0.7039060767976055	-0.22138266171671014
0.11561751225978584	0.19543516857132961	0.9738776544024174
-0.19922611722566552	-0.924386258518139	0.32529832350939286
-0.963746297320371	0.24494400259465032	0.10580883703257968
-0.177488108380422	-0.29242517103653753	-0.9396730765153332
0.09775073719831162	0.9246471818153403	0.3680657312738245
0.8682634040147543	-0.25998114724012233	0.4225262883282187
0.48637789282192695	0.278275748567241	-0.8282506583960219
0.9293278542470946	0.005941626878240614	-0.3692078498495536
-0.04048275249594195	-0.9922039865406269	-0.11786600800586916
-0.36702981632401893	0.12448271431378366	-0.921842268376879
0.8173883726274145	0.14040834278132552	0.5587143685022864
-0.5629401858189236	-0.011337608785131126	0.8264198725933392
0.12237072968509552	-0.9900287651904045	0.06977426898148187
0.19896561791993939	-0.6728283184573083	-0.7125410421636411
0.9788385223192553	0.10095147873734356	0.1779998487769036
-0.04783126707075175	-0.732878470704833	0.6786761503602081
-0.4945067808183641	0.3678413486796969	-0.7874997053498874
-0.8414220227803486	0.024523144774915684	0.5398218177793248
0.21788075478317104	0.9295651443400026	0.2973829502901363
-0.27958952926382374	0.8733381113417082	0.3988862474492337
-0.1725942265089393	-0.4544040622860863	0.8739154313511597
0.9444791835195809	0.17549214072430847	0.2777797336779363
0.15841670759728754	0.7560673916617234	-0.6350324763505195
0.6333438991226411	-0.5712191298833611	-0.5220959788194361
-0.7574824434917056	-0.3194852186269864	-0.5693413237072302
-0.19424335578772522	0.4396683235202588	-0.8769043756449206
-0.9168984808407015	-0.3991092705872119	0.002994321852666293
-0.348664157269337	0.804613916996362	0.4806555419543548
0.9413286927063529	0.179091077228191	0.2860536284422815
0.009143634884562477	0.8337438649412947	-0.5520756846790574
-0.33736728683861233	0.5223002524697823	0.7831894790158733
-0.07245521940509803	-0.8517941555078411	-0.5188419391526123
-0.023023399897791563	0.5214990334502231	-0.8529411944370078
0.9971058941948471	-0.049854535933723465	-0.057396524361041035
0.9225799552297026	-0.11141934658406537	0.3693669657876025
-0.10100138035525681	0.8542489988491456	0.5099582033182379
-0.3723505705309081	-0.5077837897885402	0.7768594953099917
-0.9603199828620959	-0.2578062972522693	-0.10640227259235682
0.24648772967719307	-0.9630287262170003	0.10871739327009641
-0.13049647364709377	0.07817663063816688	0.9883618187626113
0.2025828831726597	-0.14446462967587248	0.9685505388042823
0.24795304821298686	-0.9492610535910271	-0.19344957486937514
0.9473539261159689	0.2793446310704159	-0.15648359583289406
-0.33418700018786573	-0.24391863753453485	0.9103970272187468
0.8478343787479878	-0.4997304982613744	0.1773310331567829
0.41169881602750447	0.8311276239969013	0.3738060426355042
0.6315832562194141	0.4978567379235756	-0.5943410291805353
0.1857058953058059	-0.8414148109043931	-0.5074785083522191
-0.7527389394152204	0.2101422958255203	-0.6238784373523647
-0.33315833027152086	0.09207214156874427	0.9383646667035352
0.8086443133679102	0.5396936865800709	0.23414760114797928
-0.48487101524883175	0.8368114754307312	-0.25425706117826796
0.7589316223346735	-0.27728759508128636	-0.5891811115730858
0.4942043443071911	-0.3438905590684047	0.7984368161924393
-0.4240104464377732	-0.8971348131678185	-0.12395268578769714
-0.9925965906871914	-0.06309082951638223	0.10378610401734664
-0.08240400327645575	-0.27793854965027376	-0.957057857635742
0.08922773335784437	-0.9585247570351207	0.2706819198812219
0.7400233035346382	0.609264500393808	0.28488994153104874
0.2553692446988824	-0.6463826882849817	0.7190104096238126
0.6222154442695899	-0.4593323294145146	-0.6339256676196612
-0.5027534898844603	0.3930322042782367	0.7699120825192874
-0.8544153524016384	-0.09075929386594983	-0.5116025372858682
-0.13119959599549014	-0.9150346643582113	0.3814423010541381
0.3795866501091829	0.873609661182909	-0.3044998110783845
-0.4464995629227213	-0.11527541770001815	-0.8873272893267203
-0.8102790354987024	0.47277662586254143	0.3463093222385488
0.7262258655774665	0.6654445647962294	0.17256744579849487
0.5762506776893125	-0.7261421234749041	0.37503702880911055
0.37487484395310894	-0.17291948328200119	-0.9108060735813186
0.6116624266548458	-0.7860249257452475	0.0896319804862268
-0.7437127596297787	-0.5326772056386533	0.40391376029649534
-0.2697413705432749	-0.31371931834073224	-0.910395398888451
0.47379378741874423	-0.8432605217360938	0.2538328967741824
-0.8079461180624266	-0.3015663779976563	0.5062418295333077
-0.35034628200004847	-0.44493753734962144	-0.8241893414416355
0.6428144197486071	-0.6972543069491823	-0.3172160985890803
0.03062025727602702	-0.3903888494823222	0.9201407207836305
-0.7654097083311732	-0.6011929620684897	-0.22959747549070353
-0.16983668502708205	-0.5696279451950093	-0.8041638542436008
0.3462216766512475	0.7295106973210317	-0.5898683693087645
0.9226516412145002	-0.37860024636428	0.0733198637280219
0.8917105715783573	0.4444813582823599	0.08537317303970685
0.3208163414249037	-0.4876617845154483	-0.8119500347915184
-0.319263420407254	0.751413538647446	-0.5774500518029106
-0.23499609854321335	0.7974762932713714	0.5557053133987667
0.6290374105521755	0.5606239949283083	-0.5385282466467638
-0.7410052427582962	0.2230073944531385	-0.6333868740540334
0.11849222750104027	-0.05293251508745056	0.9915431109479602
0.8789864397177916	-0.4589141692169192	-0.1295400481865996
0.46189006355850865	0.8869024377790728	-0.007850799160275868
0.04904349264276897	-0.6944438957460453	-0.71787353446861
0.9692903233007206	0.2065013706297022	-0.13354195252294004
0.24097926256212068	-0.68927850654805	0.6832452966730955
0.13790234668017554	-0.5116577391792976	-0.8480502937432605
0.9866697022970614	-0.003728543491154701	0.16269295169878273
-0.0864051002495142	-0.859181270688185	0.504323014296896
-0.3858605581093315	0.3337315637636289	0.8600784109855556
0.532172639546905	0.8420515244440097	-0.08798586192792263
-0.7535939964020649	0.42375992440225213	-0.5025172783669856
-0.1082649678546177	-0.9941133819857904	-0.0041569811416694025
-0.9585351080949354	0.10327964313715521	0.26560075651792103
-0.2636079347911755	0.03273986973455356	-0.964074145304652
0.47415281388083474	0.15541097372651447	-0.8666178733064898
-0.2345092114470712	0.9710330366336093	0.04582871929897629
0.8486368710086543	0.18150005788287826	0.496863351589904
-0.8117068127610023	-0.37751615675607036	-0.4456608592926934
-0.3718719681845111	-0.25434042638258436	0.8927609908514729
-0.4503812711425218	0.8903889593293774	0.06606218062094915
-0.7044232392839884	-0.13819890853407926	-0.6961960655136182
-0.3262201263780964	-0.8080871218113383	0.4904850993746152
-0.6303715801830788	0.5726222709977813	0.5241520825627154
0.06948174923018335	-0.3102673853574006	-0.9481067640869336
0.6683285703189529	-0.6911099208074334	0.2751435978847545
-0.7406140753586434	-0.652764296622468	0.15934103186447712
-0.899582987578516	0.4190235501455402	0.1231653883310529
-0.43673054378908355	-0.8603806460033565	-0.2627005445455678
-0.00410859842312486	-0.2901110277226193	0.9569841749019276
0.48246421705034714	-0.8709786902959746	0.09286764946042486
-0.5448082914385275	-0.21537582503035213	0.8104302434955941
-0.6858660254348719	-0.4415986583344702	-0.5784275409343578
-0.596562103869188	-0.17569926567358135	-0.7830986044355671
-0.4421336546560504	-0.7423793102836751	0.5033793709353009
-0.6697995876735464	0.6465313045046615	0.36519280475914084
-0.34071520312106895	-0.8956477884512419	-0.28588142542769057
0.9389754143688496	-0.33947205564734984	-0.0555328249363372
-0.04731090332065227	-0.28735650762939396	0.9566545436833622
0.6431517490612904	0.3621649835534174	-0.6746794441563757
-0.5429988916229601	-0.4055392732933618	-0.735316327516892
-0.5399148371508602	0.8392701725335204	-0.06416810827751718
0.7583649579404359	-0.577060715380497	0.30312294755189684
-0.5089799740024474	-0.8147582347137008	-0.27768400211514166
0.4072124465588802	0.05630230662027161	-0.9115964423124785
-0.6915589311208341	-0.36340598785184863	-0.6242454107003365
-0.6271519234759837	-0.1266804689444314	0.768526202330404
-0.35836672511183787	0.9229778690637394	-0.14030375458687994
-0.8965364254706001	0.18483820948025614	0.402563379010725
0.10506410924305154	-0.7941217938856711	0.5986084775750912
0.430330071867356	0.5789692675712047	0.692539252645436
0.5723510791647277	0.14785158683786837	0.8065693711321401
-0.37872564108154416	-0.8247561500113099	0.419933544511385
0.727310890174446	-0.5458179195373181	-0.41605488549662395
-0.4422972337469091	-0.4689738904543472	0.764484563017427
0.4118285129920746	-0.8634148195593305	-0.29139685182250263
0.7967248162989332	0.18595251930921206	0.5750228062051002
0.7984314161522148	0.13189212988794877	0.5874621177359348
0.17679001831483496	0.8813449452723832	-0.43815108908578576
-0.5755454483578245	0.4536910331012068	0.6803762807139521
-0.6334602696654585	0.5208705122174726	-0.5722080008682794
-0.03250146605762716	-0.7567600504402416	-0.65288427823144
-0.7730923240205337	-0.3949786520307029	0.4963064808971761
-0.5901100508173882	-0.37551756302942574	0.7146724339029323
-0.5221695140742642	0.8526748406809421	0.01687052581210105
-0.6157183824572293	-0.3632246906890708	-0.6992558169783663
0.5763227839010804	0.5009853196633238	-0.6456514216187755
0.04949477355074494	-0.810003702504444	-0.5843323278069192
-0.8157219600744295	0.3048076629793446	-0.4916197437465275
0.9250426674773179	0.3648042662620278	0.10589575375562435
0.34711716029990114	-0.9250200977227359	0.15442634436634453
0.15429108973554198	-0.1060927241899443	-0.982312879637733
0.6885659439162195	0.7249191834562526	-0.019212452625462506
0.29971281409600736	-0.26035804777353033	0.9178158399298895
0.6603401925866832	-0.6377349484046457	-0.39654125338721835
0.2220651549853483	-0.17081889358158708	-0.9599520678330224
0.7917971918234462	0.6061235290563333	0.0753091929634161
0.5689853020613431	-0.77681089920254	0.26985283566844964
-0.30177786458041966	0.2652682046348657	-0.9157308010868024
-0.2812604979444861	0.8929903689548346	0.35136979558568776
0.9109460207637452	0.3635945276866846	-0.1948752593096288
-0.16988904397405857	0.08138308273489228	-0.9820969944878898
-0.00812251021702566	-0.9966659294887967	-0.08118528083345866
-0.985429722286351	-0.00581539687372367	0.16998365684337524
0.5632846184664642	-0.8241768019821657	-0.05867740343215627
0.3153318383887532	0.14878660147856482	0.9372451007707792
-0.7637252583864562	-0.5464386024933716	0.34369839017317494
0.18883745440638267	0.8861417395908789	-0.4231940845146212
0.36150025930573026	0.33795590878502746	0.8689668384001636
0.9130487272512937	-0.31707825701573605	-0.25652173512717336
-0.467974979720851	-0.6217898520967025	0.6279942660445474
0.1734108033420082	-0.7614023983785114	-0.6246559701369464
0.8665610836170456	-0.1834223747883862	0.46414234970258894
0.17924688953757528	0.46570836371305246	-0.8665946414320916
0.804950803987862	0.437008462631886	0.4013449971625536
0.5656189138902613	-0.7695058957251899	-0.29653991416632985
0.25115774656303724	0.5330973684237881	-0.8079152072594061
0.3588538093698649	0.7239067420666505	0.5892223453766707
0.8989681472900549	-0.4379112062622741	-0.00948923536467694
0.2793336440646963	0.2480364027842899	-0.9276047963369785
0.7720928514716539	-0.6323373419242997	0.06342014439026833
-0.5708286467933337	-0.7339124122822431	-0.3681402274923926
0.9505405572899194	0.2969819132555949	-0.09096368586428225
0.23991987858213198	-0.8880360482581986	-0.39221222425505414
-0.19725896889141584	0.3509896297513762	-0.9153661447742574
0.748553479970055	0.5702384132844153	0.3383723387624836
-0.028669694410758062	-0.4819968668948835	0.8757037563730726
0.6624543276687943	-0.6652121258052867	-0.3444518709986888
0.6088896094890339	0.023463998314900286	0.7929078661732207
0.34010556856214436	-0.9107513454343863	-0.23422252031450042
0.7166461091007976	0.4122880395700733	-0.5625272675507862
-0.7441193111728976	0.5284415065349068	-0.4087004097265992
-0.20086932491694148	0.4064873899289524	0.891302146376951
0.637132611821891	0.7453305146040015	-0.19632742791864288
-0.7659690640269192	-0.4389875136732435	-0.46966089446824205
0.39521984025081125	-0.8977474862619275	0.19455263756247015
-0.5070430660465131	-0.03659800198609803	0.861143376810608
0.03525389358587894	-0.9800610688251142	-0.19554402154095712
0.9202078203778677	-0.044491981885353526	0.3888933412432353
-0.3898393647420045	-0.1936511423185729	0.9002913443859506
-0.6338065445825147	0.5583381764324724	0.535301545656683
-0.6327826335238642	0.023719452748409697	-0.7739661015005234
-0.44483188145070646	-0.8292743022060777	0.3382731572939943
0.9921551865552123	-0.12460919054491362	0.010031720856028714
-0.007304740448968311	-0.13789553901367002	-0.9904198408185808
0.1247987442187023	0.9825769028182328	-0.13772401202972584
-0.47304195542451155	-0.8804665109709116	0.03178099222593282
-0.855046852752348	0.45008974236291666	-0.2575152489038035
0.21242925412112973	-0.1489897542732156	-0.9657514510033876
0.10416129337901892	-0.9840114234082964	-0.1444712551464427
-0.048723694662536954	0.1400382394596451	-0.9889465572352607
0.9933662096830362	0.11004912580762144	-0.033358107993956665
0.35221614356285214	-0.30911283293327074	0.8833985763683798
-0.8504976192086241	0.288250238021456	0.439960907355456
-0.3906374123585381	-0.9062897201207469	-0.16137334125958858
0.39918986295155234	0.24468452598584978	-0.8836158305846499
0.4425377739377734	0.7926244216442155	0.41941249963654287
0.8029992353389391	-0.5584586009331872	0.20812548880141057
-0.4444832232705851	0.20947684675862183	0.8709501219375628
-0.8862934170113106	-0.24401711773221746	-0.39362371018026315
0.1300716848257364	-0.9468764950751105	0.29411946532126787
-0.7758244394131439	0.6216030725897657	0.10819454402253253
-0.6154739374296792	-0.7833317824762214	0.08708128907769791
0.138882221879147	0.0009688702641220473	0.9903084316193227
-0.593483519955031	-0.7499810942867104	-0.2920713436033983
0.7659461600729225	-0.6377521414966918	0.08123229583071069
-0.24719181097142165	-0.17550089523672358	0.9529405250905103
0.034341240058723965	-0.7338654214502347	0.6784262837117223
0.8513818421196262	-0.3340401695641251	-0.40443308967808544
0.5234210906528518	0.5914885529891849	0.6133283407299384
0.9910563925091129	0.12537886370528317	0.04568771610395046
-0.07324767815687029	0.2249309647015213	0.9716176402078498
0.11154373362699806	-0.9662743925275135	0.23210298109704297
-0.759004773960265	0.11765336884930089	-0.640366643341093
0.018149843030826833	0.9869787595592199	0.159823375564715
0.6508320338639492	0.10968415098524464	-0.7512569804794911
0.7316324391795476	-0.5664168408604824	-0.3793229973648006
-0.40441271107838606	-0.8085807846256241	0.42737275749916426
-0.5487844140082838	-0.1592767312693243	-0.8206501019422001
0.0776046759178336	0.9199682194628019	-0.38423428979482027
0.8783583754301462	0.11923705112639593	0.4628920932035844
0.4716609784446903	-0.3734179974467261	-0.7988084379846487
-0.39737999909257393	0.84962101505029	-0.346746690115567
0.9117290100217063	0.4084136442847395	-0.04414190126056866
0.10411219239851599	-0.3336801251902385	-0.9369195405407027
-0.9657287896196878	0.2495333109286857	-0.07142150682155131
0.169654428722685	0.39861942178140897	-0.9012879292398377
-0.19643136133131195	-0.8825166759419467	-0.42729268302874623
0.5871393100339664	0.740286213087164	-0.32748092055248634
-0.8061614851213138	0.49811521063825737	-0.31935074266048336
-0.07328772420969054	0.45150587996599834	0.8892532540487518
-0.6501191844782095	0.18312773494933873	-0.7374342537919656
-0.3666585647832781	0.7744399023061757	0.5155621539514589
0.6655122409426104	0.6055634321921411	-0.4363328852461381
-0.7953704770069587	0.4723684382059311	-0.37980766565804375
0.4333110805023408	0.004971774554834885	-0.9012307079608805
-0.4238246238948568	-0.8813871680735234	-0.20863688105346512
-0.9727577327401147	-0.14398947399509962	0.18168496022766148
0.1955009202005731	-0.08834214932971873	0.9767164659472755
-0.12458645028670476	0.985628071855921	0.1140855835526039
-0.579886030674372	0.515603395927723	0.6307815228242825
0.6857616350631551	0.7269234177083601	0.0362398215048719
-0.43984448536298487	0.45358073470441485	-0.7751137631346601
0.9317877527542828	0.3628004139124292	-0.012142630773165117
-0.3548314421731776	0.9032433519342828	-0.24134227734034536
-0.07659132759279155	0.2291883654365799	0.9703640871786643
0.9978391165401873	-0.05897599381071582	-0.02896428242399359
-0.004113090601113423	0.383893421581207	-0.9233682490493058
0.06557575762433468	0.9214920905904251	0.382821299030347
-0.8521999757068941	-0.40422437613473566	0.33220152790686036
-0.5132199766017513	0.5222930712930767	-0.6810397956772738
0.10178633023184702	-0.7508745577110258	-0.6525541675295656
-0.3395041296460892	-0.7938298368959333	0.5045504295975058
-0.4326882549980627	-0.344480812478666	-0.8331349493454048
0.8351753228753729	-0.5011658007963178	-0.22652818847155087
0.4367241214355285	0.28962243865586884	-0.8516988228143757
0.3466886090725861	0.8194413041858144	0.45642409810785334
0.8301078544958368	-0.49460569347843053	0.2574609832247199
0.16529027123424112	-0.4006932565753116	0.9011792498556448
-0.9564936304589433	-0.28787054087562036	0.04743929370730887
0.240414352996616	-0.8698134661127348	-0.4308427474638157
0.04537736372509782	-0.5890101930070618	-0.8068505979393856
0.9977242671034029	0.0670439274949518	0.007169283020583783
0.04987165221183043	-0.8053397446542891	0.5907120398179021
-0.9964869730809331	0.028160914501727856	-0.07887125822773519
0.07854566831452875	-0.012488299121733881	-0.9968322930032264
-0.029056676840680674	-0.999525390012416	0.010232509540859414
-0.5855639442281471	-0.1296848293759481	0.8001854236673562
0.33278590992093854	0.8616447997113363	0.38317329928963495
-0.7391673730475854	0.4906629027755638	-0.46139084349582515
-0.8275957682203314	0.5538609419655129	0.09123212914798404
-0.004848613157196813	-0.16957758898250597	0.9855049123496707
0.5613036035642847	0.81515734571919	0.14302715247739994
-0.9357961360688991	-0.019004312286867567	0.3520290156123803
0.25501709011145396	0.6529687725410415	0.7131606171384761
-0.24341708130204187	0.7571463651109664	-0.6061992298985921
-0.5833056486502617	0.1717727509333435	-0.793882007787989
0.5293036274023311	-0.6609806220378927	-0.5319231968142906
-0.6161105341344452	-0.730478431801509	0.2946337903251709
0.2959304879968814	-0.11098100895791968	0.9487404080804241
0.7329839393007038	-0.6104972247567746	-0.30004613527172475
0.6125028089740893	0.7842042809210863	-0.09931744450947133
-0.2403063655683475	-0.8177790094004012	-0.5229630411907044
-0.22416302333176957	0.5709395106416479	-0.7897968182760906
0.9444595224984987	-0.07256422653328687	-0.32051621392611884
0.9510836918048662	-0.12781649849093069	0.28125211802997013
-0.21542893670770502	0.3781287802797202	0.9003382690706636
-0.22142760535175815	-0.916886889554916	0.3320967439625042
0.9993174740558473	-0.010433634107498098	0.03543621489312871
0.01191612597130971	0.999051363802084	-0.041885300846857376
-0.03496558291344538	0.042278975442963676	0.9984938138251114
0.8922861748735036	-0.4005814081567038	-0.20823044342459526
-0.24550234926356646	-0.8175926383517174	0.5208367059061296
-0.37888517869623917	-0.41361432899776407	-0.8278702846533681
0.853931312390741	-0.5201838841218621	0.014492771250511632
0.5200079032636445	0.8540413983858175	0.014320278857108359
-0.019826604902871532	-0.004692178927793739	0.9997924230533731
