-0.16252213511939329	-0.8551944494290316	0.49216766377120874
0.7027494906249323	0.24981238089360824	0.6661358178169563
-0.6926252298484601	0.4541323904083947	0.5603874221994328
0.7892675954773596	0.20924711164084653	-0.5772974181471369
0.2633775428366929	0.7339159960945085	0.626098698773533
0.5546971540026981	-0.6462065899900499	0.5241451234102427
0.9515974443282855	-0.1643197900965564	0.2597331525441049
0.05661963376468717	0.9243411663129765	0.37734284852308925
-0.3020869428165148	-0.3443724943165322	0.8889044178864124
-0.6066554792593548	0.7448299572805254	-0.27784431651932884
0.32676551842100865	-0.08497839950798203	-0.9412773064236231
-0.724702301262837	-0.6618209775721471	-0.19183213544606081
0.5719053861714225	-0.707404173552084	0.41533548428855577
0.5415628811515836	0.705882991433925	0.45655103566095345
-0.6161443621643485	-0.03617371484084195	0.7868021271753792
0.23134881608285662	-0.9498370905553628	-0.2104453057266525
-0.802521876964376	-0.06404416214755737	-0.5931753385706391
0.549942144493978	0.30611737405796013	-0.7770815858127276
0.946598471254995	-0.19960262649053742	0.25319977432017104
-0.11323633867882768	-0.9411144578751631	-0.31856099695498036
0.30187558003309967	0.2728779373207299	-0.9134597777150688
-0.995901158903842	0.07141338346978403	0.05550684962581119
-0.0855532592088286	-0.5446094588735224	-0.834314794993015
-0.029351687050863426	-0.8356438631180674	0.5484868389491047
-0.9866411040966736	0.053128947700412016	-0.154002099411479
0.04501366605055945	0.9974315320156285	0.055714529609832454
0.15656660427940847	0.048038045934478545	-0.9864984767181404
-0.8826143074216759	-0.23798111789041904	-0.40540963464400037
-0.46819877041251506	0.3675685644761869	0.8035441878285999
-0.04221250666288842	0.8990318892767607	-0.4358437407428193
0.888881090118485	0.023504570781361422	-0.4575346356093247
-0.452381303410339	0.2028505565357488	-0.8684485062672973
0.07239864608220525	0.978927569774966	0.19094305219081065
0.21119257699806826	0.6648760158727546	0.716475804851837
-0.3565761660300061	0.7349000231136624	-0.5768668770581995
-0.9100830364534088	-0.133648193196582	0.3922843703425266
-0.461572957184452	0.7871446214623966	0.40908892688365556
0.8513971415099529	0.26356306190342194	0.4534946745318785
0.24914516375936674	0.5576180209631981	-0.7918262625553698
-0.8330654322608091	0.5418403107927829	0.11140495129073553
-0.5173961920514065	-0.8344715006475854	0.18962725294026309
0.1957119465510851	0.10033141186561109	0.9755154749004438
-0.004390000424772111	0.5697919442702023	-0.8217772618788213
0.4995314248198549	0.7131562876921218	0.49180937866478014
0.8662846434710221	-0.4083445231296413	-0.287759738178067
0.7213971764718052	-0.6892285329976269	0.06745474839065427
0.6839516920935678	0.6938058321256552	-0.22548514405781306
0.10861029721372045	0.20880013556117843	0.9719085896980131
-0.18537423750498272	-0.9276355242594014	0.3242356029208251
-0.9649831350425397	0.23415996001286588	0.11822293436657695
-0.18559078951531224	-0.29096640228514015	-0.9385598604182495
0.08474673324888393	0.9269623819905003	0.36545688333665316
0.8668473435522511	-0.24944412135654215	0.43168659151874045
0.4913183023051836	0.2802113000847042	-0.8246744528144374
0.9343530689033059	0.018023209210308398	-0.35589254917845004
-0.029012280310920454	-0.9915571762418138	-0.12638296496965234
-0.35516563772715204	0.12841156557382694	-0.9259415962169233
0.8195803182863537	0.14439079341625433	0.554472182038255
-0.5594120433215037	-0.007576591810655842	0.8288550904973646
0.12388005353768339	-0.9894917352020476	0.0745643232540969
0.18967670258199798	-0.6789517987753854	-0.7092582064645352
0.9806369619253422	0.09515418132442366	0.171163169760068
-0.04872265800893283	-0.7279904784515712	0.6838537605953462
-0.4852260988075612	0.37744127962747553	-0.7887291762507382
-0.8418428116252867	0.042153924228262585	0.5380740907969733
0.23633940329709363	0.9250735792926589	0.297292043862331
-0.26867279064035365	0.8785995918317124	0.39481348609523537
-0.17336060105927004	-0.4472977710138959	0.8774228205639334
0.9475025243079266	0.16729453451666654	0.27249129371588854
0.15321364891116607	0.7604952248424411	-0.631009184385751
0.6319273906947586	-0.566323320374112	-0.5290989224050212
-0.7597324204461988	-0.31768681085667627	-0.5673462254485124
-0.17643676561410104	0.44454900719622337	-0.8782062673088178
-0.9197248516353375	-0.3923204607057862	-0.013814969994751736
-0.3506797185809169	0.8052706602828962	0.47808252285934627
0.9388703189007322	0.16927457985227928	0.2997809882281924
0.024265672425506035	0.8360668227898645	-0.5480907269529374
-0.3434147658866394	0.5218605028605783	0.7808507630303816
-0.06787242599782006	-0.8569035183136231	-0.510988937346891
-0.022072442534788572	0.5133343187587281	-0.8579048224978463
0.9974498188228413	-0.04694930762265609	-0.05375519922792882
0.9226874232722057	-0.11945059870423037	0.3665780590876908
-0.09312074315773623	0.8536012965465507	0.5125361974805278
-0.3741342621694096	-0.5070467246746089	0.7764838522903763
-0.9605966291051287	-0.2505434693338845	-0.12034153948660098
0.23639919324070754	-0.9641738120959154	0.12035066058635999
-0.14618323292021862	0.08715979602185561	0.985410387793036
0.1972982654634038	-0.1359514778710205	0.9708710471065751
0.2530425690356394	-0.9497166338108975	-0.18441196739566984
0.9471234622270615	0.2820558652600285	-0.1529759333079579
-0.33587699797972226	-0.24367372065265247	0.9098405135469748
0.8513033147797806	-0.4919012361912769	0.18252627229648805
0.40307481746331864	0.8358566214948513	0.37265855663076564
0.627700618188874	0.5044821760924492	-0.5928656407065032
0.18617935164345137	-0.8367794195742471	-0.5149149949249976
-0.7558632038582971	0.21283312003072577	-0.6191711234150516
-0.3393826483743334	0.09378428477212575	0.9359614980928456
0.805243091739946	0.5432819736258452	0.23754633303483985
-0.48621289697777026	0.8342956340908102	-0.2598996224497001
0.7538207602754063	-0.28626880977924246	-0.591442668333444
0.4910085143744885	-0.35274049623372283	0.7965455298528421
-0.43665192108768525	-0.8908559428237335	-0.12534268604937004
-0.9931437615607817	-0.041192962860605906	0.10940113657392422
-0.09395518358895845	-0.2755584082357414	-0.9566817585421759
0.06955495920253849	-0.9604013241668035	0.269798821696804
0.7344988867401889	0.6118362393946536	0.2935435258029567
0.26094530100090096	-0.6539523458376089	0.7101083574068379
0.6264335042628006	-0.44497499428270837	-0.6399830616509559
-0.5049525862270654	0.3931417073367204	0.7684155670045777
-0.8524128693167833	-0.08716949500158178	-0.5155519172346251
-0.13570256403519687	-0.9153365922400009	0.3791355127401489
0.3772904867772293	0.8734924892507276	-0.30767313794019946
-0.44054206861683465	-0.12294683131051665	-0.8892731652588555
-0.8146008681349423	0.47105726604444936	0.33842351830292083
0.727624600066541	0.6639263396353029	0.172523206892507
0.5709643329005881	-0.725562133775866	0.38413450845504404
0.38021332424494636	-0.1810011203531083	-0.9070151170170906
0.6087727612675935	-0.7896396772716421	0.07658266916846539
-0.7434903613689188	-0.5341727833270995	0.40234502619529666
-0.2767992190923668	-0.3018751689538517	-0.9122793293059637
0.47754827012222945	-0.8437902897309155	0.24487873868321836
-0.8042576144151292	-0.3076086159550435	0.5084748066969575
-0.35371929458053547	-0.4397668545332181	-0.8255227279096611
0.6407892966377999	-0.6961809109103038	-0.3236065768777473
0.03397758328824563	-0.39538769587728884	0.9178856648748464
-0.7669645370865096	-0.5991666790075598	-0.22970565865630665
-0.17541623445830323	-0.5745012996703825	-0.7994857105449171
0.34264582740721605	0.7256783691718105	-0.5966445687983473
0.922942566820327	-0.37860158635851326	0.06955470622411775
0.891275250118585	0.4443164718211791	0.09061623140714375
0.3241811352632414	-0.48459491025903256	-0.8124496073544971
-0.3170725785454959	0.7534922997744702	-0.5759464680984603
-0.23689524998255962	0.7962697022399268	0.5566284234841397
0.6304067403903588	0.5619293838530812	-0.5355583154362363
-0.7392347274080833	0.22403108904175495	-0.6350921893210952
0.11749068089506509	-0.042724042129065554	0.9921545223033394
0.8780876725088418	-0.4621844174874279	-0.1238854455527823
0.4638512469432617	0.8857540406094462	-0.016786907196405965
0.03756138543658627	-0.7027907331997099	-0.7104043409585123
0.9692055068189727	0.1987576813928219	-0.14538249426642763
0.24337178940021495	-0.6830670314222196	0.6886142626377803
0.12956450561184996	-0.5141639155142749	-0.8478493420818269
0.9888400563197267	0.0035817910606164016	0.14893795282062228
-0.07354170179671321	-0.8576844633988818	0.5088899481626803
-0.3842167801829641	0.3260575757332218	0.8637499193243436
0.536284458383463	0.8403623913263543	-0.07867674968252797
-0.7515160979794056	0.43298673022533346	-0.49774094258618384
-0.10128626301995247	-0.9947832446122035	-0.012140393826825163
-0.9559136097973148	0.09393325805146913	0.2782188232958071
-0.27562703700421065	0.03978491260080223	-0.9604409910044587
0.4767013946939467	0.13668647187870564	-0.8683735306319498
-0.23418404919630004	0.9718854764145851	0.024422363448686493
0.8472978292187883	0.191717054900566	0.4953089535445351
-0.8098302976799521	-0.3804623131950066	-0.44656837908421687
-0.3726078722266392	-0.25439102262825863	0.8924396792841996
-0.4531426513961543	0.8891195846703938	0.0642503046001337
-0.703673000238366	-0.13504034934461637	-0.6975732311266114
-0.32840311254655874	-0.8087995673126558	0.48784695918350585
-0.630075951298944	0.5723699537569603	0.5247827470782418
0.07461091067886283	-0.2988146110004858	-0.9513900568433009
0.6666573376129333	-0.6945740580667319	0.27043459850312823
-0.7416206619387748	-0.6544285339999633	0.14738415000315563
-0.8978618673084904	0.4219661527698038	0.12565282786296972
-0.440259679327132	-0.8579349268707559	-0.26480006800233513
-0.003934716264407195	-0.2930737572214903	0.9560817385746877
0.4820686834910146	-0.871488025391465	0.09010219751218962
-0.5471948769165702	-0.21916627889515872	0.8078018995220979
-0.6842423189729643	-0.4387194591017538	-0.5825269823209611
-0.597129789585376	-0.16714526456362883	-0.7845371086976572
-0.4484260926987919	-0.74138636622579	0.49925974738748335
-0.6650940187496949	0.6499297781364335	0.3677515869644983
-0.34149304347174647	-0.8975975003194134	-0.2787494012204231
0.9391449951839879	-0.3376332308227088	-0.06332834645785936
-0.037271695444010614	-0.28341229483662134	0.9582735996854808
0.6421774617896766	0.36633929474502325	-0.6733525292854312
-0.5404196012269954	-0.4066169722371551	-0.7366201819787074
-0.5436494846673026	0.8369337841277574	-0.0631433195719755
0.7561236775462559	-0.5724167157005045	0.31720039066901173
-0.5016965864072602	-0.8182424548749729	-0.28067743091934083
0.4202112795264167	0.053088498065274714	-0.9058720063739389
-0.6886851893375148	-0.37503829855769627	-0.6205312116260544
-0.6294875036161762	-0.11542970487799553	0.7683888768214002
-0.35980299161933776	0.9197946824409928	-0.1565871941604664
-0.897527506206605	0.1844751931962887	0.40051626520997186
0.10364013887205065	-0.794591314831842	0.5982335363454534
0.4286059929785567	0.5784406153521697	0.6940485266131386
0.5747551293832849	0.15113653319873482	0.8042476543828221
-0.37523335200911373	-0.8247122365399544	0.4231425982352411
0.7272251871240489	-0.5449839219958088	-0.41729612025330187
-0.4435912921091296	-0.47066686634963134	0.7626922488694712
0.4165048388372125	-0.8617837132215309	-0.2895730492488866
0.7935681979452935	0.189212929121476	0.5783147781815114
0.7907756525899274	0.12897203803429097	0.5983645048599188
0.18334497643541608	0.8827601706897598	-0.43257265361980857
-0.5840021291800835	0.45177504850209194	0.6744188747833659
-0.6387828266831002	0.5176825218497214	-0.5691759893970056
-0.03581581494799807	-0.7589843728386245	-0.6501230261930198
-0.7685530090594652	-0.39490192245426164	0.5033674044945398
-0.588154534946679	-0.37433990264958056	0.7168987936284713
-0.5293106288211097	0.8483830704284551	0.008742083698321634
-0.6114773104855621	-0.3743204550845299	-0.6971224395087661
0.5810036094998492	0.5102240707189721	-0.6341184458814519
0.05511661027301781	-0.8019864502600182	-0.5947939919596927
-0.8120326132737274	0.310626996988826	-0.49407884362877197
0.9219966749416639	0.373243763954687	0.10301079586846051
0.3555945632906526	-0.9215004731369343	0.15617101064709904
0.15321435296552927	-0.10735907356783671	-0.9823438254338497
0.6860071333304206	0.7270595149243863	-0.027904744716528485
0.3017562477613721	-0.24940101734461884	0.9201860135235953
0.6620705249116259	-0.6396746003284679	-0.3904856280810587
0.22676986746977712	-0.1769578845707181	-0.9577376124471652
0.7911542074580495	0.6069788933251493	0.0751774106976471
0.5680232805344915	-0.7747661131890278	0.27764549811729555
-0.29367313492459446	0.2543857067233272	-0.9214358371793633
-0.29753405488459567	0.8917308003740945	0.3410127062854216
0.9084214748713789	0.37430481145591776	-0.18618896882860292
-0.17281255393604922	0.08728186867031504	-0.9810798625002545
0.012918057363436243	-0.9957794246964937	-0.09086507109486806
-0.9848700142638395	-0.02837627094137524	0.1709556733524995
0.5653188877828751	-0.8212666799654197	-0.07704281598247731
0.33073610312383617	0.14011291270300852	0.933264165059571
-0.7556640690190266	-0.5530727005308216	0.3508310173304975
0.19539689703909668	0.8881671351078984	-0.4159076733383513
0.3475665394437752	0.3338441704008781	0.8762109167023817
0.9170700918068211	-0.3157644850257508	-0.24346506260622114
-0.47015028397068326	-0.6150609616196416	0.6329760848356022
0.1622346105755283	-0.7651886576068181	-0.6230298944683813
0.8675474866620804	-0.19022705317960778	0.45953784025356403
0.17823678054945868	0.4730746384813145	-0.8628047499203615
0.7993623211427854	0.44171198102486187	0.40732101020731837
0.5738044349746543	-0.7622931930988663	-0.29942871966221274
0.2433700857137967	0.5360469375530386	-0.8083468822972399
0.3549911650477859	0.7263530319799439	0.588551226038616
0.9026362911592214	-0.43019176383742075	-0.013519327230815836
0.2753111593183345	0.2508880770377815	-0.9280403753905747
0.7745957537618091	-0.6296448943893389	0.05957117779273091
-0.5693901859085467	-0.7352567441171299	-0.3676851049761305
0.9500941347476264	0.300894551528653	-0.08236263702996549
0.24769201253023693	-0.88809475768359	-0.3872161777400923
-0.18965706432105295	0.3474912520270066	-0.9183027974028086
0.7446348720422935	0.5776962730959959	0.3343440195211421
-0.021300057504905268	-0.48008942643189934	0.8769609171329005
0.6671320820413639	-0.6601372271575712	-0.3451863647826612
0.6085038487877061	0.017048723908595076	0.7933677627832108
0.3460214267993895	-0.9054191107791882	-0.2459378092761234
0.7141374084910153	0.4241763487618241	-0.5568502374470394
-0.7473442707321194	0.5284784369198005	-0.40272457426221386
-0.19846435825924733	0.4008930651225393	0.8943694140775391
0.6341044389567243	0.7483283317150702	-0.19472100155842997
-0.7701055354849724	-0.42799504007853006	-0.4730303477405883
0.3885519178460892	-0.9028103219601105	0.1842849144678098
-0.5059297098941021	-0.041878016075973065	0.8615575200855774
0.034793788776323775	-0.9774624465724356	-0.20822237584663458
0.9158672499499497	-0.052197744623137865	0.39807358104422613
-0.3999707148426056	-0.20455454284098967	0.8934096855706282
-0.6317422629455796	0.5601749775863077	0.5358224591173623
-0.6377762609621437	0.01729425676388896	-0.7700274992726766
-0.4406167883337462	-0.828193759436259	0.34634078978556737
0.9928752925450647	-0.118894310164184	0.007924422006372667
-0.008242097423399604	-0.1348687212573927	-0.9908291961062001
0.11887271042428307	0.9837045140879341	-0.13488775956107357
-0.46899686084557324	-0.8825753087736945	0.0332079638041268
-0.8583739361884151	0.4466393697515316	-0.2524033657865156
0.20793299447034688	-0.14688123682408347	-0.9670521041182956
0.10453119824636292	-0.9849524706269244	-0.1376294270826452
-0.04064792062490641	0.13404065803264653	-0.9901418325386754
0.9936905832008527	0.10909506221682397	-0.026024839247465126
0.35831429220462574	-0.32245016601585375	0.8761488220834669
-0.848420765464032	0.2791702682792401	0.4497178738257166
-0.38960630478898073	-0.9044831959440958	-0.17354271959212353
0.4116946790721475	0.23557606067461356	-0.8803473239924752
0.4444558699849024	0.7914335171508156	0.41963313449518413
0.7955918996945889	-0.5640362644079905	0.2211258048555944
-0.4489886992746088	0.20662352756300217	0.8693191967172452
-0.8829057717137081	-0.2522236794767374	-0.39605632653176726
0.1374283311341472	-0.945351751132158	0.29567468683173703
-0.777607878321241	0.6200897977402577	0.10399341474912836
-0.6131508591474255	-0.7844851104571102	0.0928931396706407
0.13918337364610717	0.008470785650782998	0.9902303945501505
-0.598653765205343	-0.7466348391296055	-0.29008634301423764
0.7595056242322041	-0.644164133603665	0.09057469700909432
-0.2544894421486199	-0.1660993256354384	0.9527046435587143
0.03224712762294546	-0.7301637833622806	0.6825107854284431
0.8471205378615169	-0.34242841245724054	-0.4063613867916447
0.5304214523313362	0.5912728911493363	0.6074944041706237
0.9915515243374587	0.11900628685001374	0.05160502179278852
-0.07782985071458232	0.22756830170784603	0.9706467855999692
0.10376940262817244	-0.9664627109971595	0.23490793798893483
-0.7562214034162345	0.11869213285002586	-0.6434604623554524
0.0069644471793525176	0.9848140018465963	0.17347298995053442
0.6542787521314343	0.12670264151312718	-0.74556405167023
0.7277456958488526	-0.5703467513380331	-0.3809078437255147
-0.3922944472437387	-0.8017201146085542	0.45094337171509213
-0.5625755672220389	-0.17874406583212224	-0.8071922262352398
0.0702519257255747	0.9171848818744464	-0.3922200395094645
0.8743486810123162	0.13265567160606184	0.46681565612430714
0.48018647517799895	-0.37573177301327904	-0.792620075322614
-0.3904113301301704	0.8486306898912245	-0.35693829365975227
0.9132788661548928	0.40592863893567444	-0.03381793498521318
0.11619253823212726	-0.33918710510067346	-0.9335156141129084
-0.967803976591679	0.24344450103329054	-0.06395496704701405
0.16184864105398242	0.4072887540171469	-0.8988441957537129
-0.19277053790014598	-0.8802560114920045	-0.43357683742316766
0.5852346701796142	0.7413998441249026	-0.328369687930126
-0.8066125357498928	0.490879269471168	-0.3292624484732207
-0.082925255446614	0.45756290707947744	0.8853019756411319
-0.6524400187401973	0.18771505081924894	-0.734224135834704
-0.3703346044214039	0.7663068417844955	0.5250010523821019
0.661191577921508	0.6144403013557941	-0.4304518711255274
-0.7971927928343543	0.46918144226315933	-0.3799373965389878
0.4335153077012504	0.006876026330261409	-0.9011199688446572
-0.4201763070922164	-0.8830750220098897	-0.2088788559442536
-0.9729376794033735	-0.14340196849306777	0.18118539518816412
0.19426571226150022	-0.08307657278413894	0.9774247367925437
-0.1251123696390969	0.986171465054001	0.10868641348639285
-0.5859736695761637	0.5084931968975781	0.6309275134849693
0.6771585327207299	0.7349263592429662	0.03660011001877628
-0.44507435348147545	0.44868465005921404	-0.7749780027034883
0.9325258113583792	0.3607343764590758	-0.01631933794853096
-0.3546001231499415	0.9062578239935346	-0.2301206403444722
-0.06822289800677564	0.2203802760938133	0.9730252669362557
0.997720115176553	-0.055957472061030286	-0.03772708698832699
-0.013203703275838596	0.3863685098685383	-0.9222499860676436
0.06618333621002635	0.9206454995830395	0.38474878830947135
-0.8504475296485055	-0.4036854077080622	0.3373085989392063
-0.5166789396874396	0.5204245877922706	-0.6798537502321426
0.09890334978259277	-0.7524601916545625	-0.6511695534781716
-0.33989853047787855	-0.7879972229879499	0.5133511133154944
-0.4221560097163817	-0.35992740515391364	-0.832007551936587
0.8403887745795517	-0.4995124018304744	-0.2103189672336514
0.4318846560489199	0.2791496254245215	-0.8576427755743387
0.36076325238785956	0.8180500723834863	0.44793298025475475
0.8266350582911662	-0.5028613782134419	0.2525963473711329
0.17434202145963662	-0.3952180611723517	0.9018910930242825
-0.9536447789772424	-0.2959274525289648	0.05466789157415797
0.24528859550092047	-0.8696146427946604	-0.4284902308738219
0.047931723616899236	-0.5842357200472663	-0.810167373628416
0.9976903284353802	0.06708674825344685	0.01064785214405889
0.04813063907342463	-0.8088065229890464	0.5861019108932788
-0.9969603382068759	0.034483408158271674	-0.06986400077452429
0.06936628133000158	-0.015426311190188224	-0.9974719785224601
-0.035473977178768115	-0.9992862069921981	0.012987434629930128
-0.5967488527485036	-0.12767966619452253	0.7922049669017485
0.32942899915240864	0.8612435298548942	0.3869575129139173
-0.7316880081433531	0.49189174126380436	-0.47188470373140445
-0.8255032229826678	0.5578385027773748	0.08579413537255295
-0.011173860912686018	-0.16813363107182488	0.9857008810663136
0.5642867831852267	0.8127406024813205	0.14502806418334602
-0.9390791436703716	-0.023923074943463643	0.34286739187121773
0.24544960768391566	0.6516293190645579	0.7177281662462972
-0.24059270980462744	0.7581602185690767	-0.6060595935781863
-0.5863334879415745	0.17619651483166268	-0.7906755523471324
0.5276919633303007	-0.6574799787810734	-0.5378301491536632
-0.6146171432321751	-0.7325809618487329	0.2925250443669829
0.29271133137401806	-0.1123276822509865	0.949580206346663
0.7399976202723133	-0.6023199169815618	-0.29935637557706585
0.6055770788896842	0.7903120962046863	-0.09318364725632633
-0.2342251595868301	-0.8216421039230857	-0.5196564515883255
-0.2247993523698275	0.5658130307887395	-0.793297463353922
0.9458349886690758	-0.06899179118204146	-0.3172322602744928
0.9527038822710371	-0.134569191288453	0.2724820094275319
-0.20425766325126496	0.38034849104630253	0.9020054502950264
-0.22502026510700476	-0.9150006328493835	0.3348726954775514
0.998683178519404	-0.018942559712403183	0.04767691657314013
0.021953156410761752	0.9977444474434218	-0.06343560923823068
-0.046367745966185966	0.06439873467206407	0.9968464450990696
0.8922401479409283	-0.39499961166062525	-0.21882144591037142
-0.22840154390982725	-0.812799687893724	0.535900552434379
-0.3895385130406974	-0.4281728320991659	-0.8154310349197056
0.8470639006336559	-0.5312087737241973	0.017320131689177162
0.5309175203938985	0.8472139262365252	0.018845416675839444
-0.02468470745401565	-0.006767710789189382	0.9996723779861998
