-0.16993181021407655	-0.8556098445408188	0.4889324838893432
0.6997854991316564	0.24456085453729104	0.6711856998126885
-0.6938468383457732	0.4562036632391565	0.5571846934049326
0.7905576071741025	0.20522384352499412	-0.5769764672740009
0.2678847236774884	0.7313545879281074	0.6271827816009811
0.5506872475002423	-0.6503873005873785	0.5232016004135212
0.9523702575080419	-0.1598843051680134	0.25966883058042867
0.05051558404954184	0.9224817241134877	0.3827213665902922
-0.30073089030260836	-0.3513751238171945	0.8866208061963422
-0.607298573950863	0.7494203762201315	-0.2637376381621045
0.30425482416989297	-0.08727265422027553	-0.9485844642385284
-0.7339056097664033	-0.6563174411299952	-0.17501420634331133
0.5622234357527262	-0.7204023594237637	0.4061098974749009
0.5478846402083518	0.6923124647097105	0.46960182307070597
-0.619457205393694	-0.04151977533946949	0.783931680021668
0.23420653246465784	-0.9508688544344143	-0.2024740028187966
-0.7943812981091706	-0.06711298609616256	-0.6037004226531943
0.5604512943738023	0.3022321438296085	-0.771070734674121
0.9464415852764462	-0.19571197679100058	0.25679787343349675
-0.106949186638603	-0.9404761530286556	-0.32259336177572123
0.3046476606454555	0.2778514490244363	-0.9110369779203651
-0.9957980023064896	0.07412670878201842	0.053773317245171884
-0.08571792303227306	-0.5478160930478464	-0.8321958698941171
-0.03223005233376726	-0.833308321837085	0.5518681586064045
-0.9867164039841698	0.03840016126273705	-0.15784855312464632
0.03146730559550632	0.9984369804388833	0.04618879486026804
0.1593754899195843	0.04060817290990443	-0.9863824965528392
-0.8778780753903384	-0.24828681086638105	-0.4094920564537945
-0.4762286644278638	0.3627023049717031	0.8010326442445819
-0.05036212789595754	0.8982208511930769	-0.43664969776214857
0.8887621057503703	0.016691486558750218	-0.4580647483256344
-0.4514766560723935	0.2045236226003765	-0.8685268659172891
0.07918805720471664	0.9787193070921192	0.18930866203442642
0.21895084474824	0.6556920483910662	0.7225845730852267
-0.35071923843395586	0.7439468124887769	-0.5688050245735305
-0.9105254215980672	-0.12888397054915804	0.39285159890109356
-0.47131490463521586	0.7806469904670233	0.4104296979306898
0.8449822133663175	0.2663338506052034	0.4637578453421186
0.2527198444191849	0.565381779239997	-0.7851599352617016
-0.8276938500727395	0.5526363276945501	0.09754988397762326
-0.5309534325865	-0.8274699561384511	0.18270720870519452
0.1816902390784353	0.09943118726291207	0.9783159489771741
-0.004666671488402496	0.5567598593752242	-0.8306603885859128
0.4944911005865547	0.723285771961877	0.4820127005777019
0.8691701637872281	-0.40850477483866937	-0.2786881327148518
0.7108617841956204	-0.6982371198763898	0.0845011727548401
0.6957267045468772	0.6804616674503019	-0.23007883803404655
0.10314977629913454	0.22234397576160875	0.969496405404352
-0.16942228125827863	-0.9311530399048957	0.32287785134492064
-0.9662478889999864	0.22144905096587642	0.13162573771638528
-0.19406469956257066	-0.2896797095106671	-0.9372430625411452
0.07009037160487508	0.9296616471178665	0.3616857222595136
0.8648119065075444	-0.2373402191638201	0.44245902265639936
0.4971797523744072	0.2817780017058913	-0.8206177256089204
0.9385966055151784	0.032161138103226294	-0.34351429855435384
-0.015384115913458915	-0.9907543691061564	-0.13479283762360186
-0.34467338320930124	0.13180076362816204	-0.9294239170658818
0.822608845791311	0.14809692964691645	0.5489826830192764
-0.5547616452073183	-0.002730743722326734	0.8320048437632995
0.12471649382802807	-0.9889690806430095	0.07991216239950072
0.1772266178473797	-0.6849011898921644	-0.7067539076727318
0.9828320792870171	0.08573424407192576	0.1633730189406259
-0.0513013630495085	-0.7235744602165786	0.6883372506784372
-0.4741837698445881	0.3853157002339204	-0.7916322148379374
-0.843996260068824	0.05703055060305662	0.533308381040229
0.2506393133684591	0.9210208072845889	0.29816204846195893
-0.257225469838569	0.884071681498807	0.3901952327210047
-0.1753612647800799	-0.4397815617992278	0.8808181450879418
0.9503070474752136	0.15814373169146972	0.268154947084029
0.1455950877573211	0.7656394152822135	-0.6265766961731408
0.6323524730282455	-0.5590891993462752	-0.5362365308605925
-0.7608760873335422	-0.3181439185976237	-0.5655546187445988
-0.15699403767415632	0.4489429336948806	-0.8796607950910393
-0.9221592005521232	-0.3854721228250493	-0.032150448858749014
-0.3535184308799677	0.8061398667788264	0.4745136818027288
0.9369978352314215	0.1562264190247495	0.31245537724662886
0.041218037253173904	0.8387389026816662	-0.542971570649284
-0.346894984363605	0.5216419836698901	0.7794571897778071
-0.06371551043692536	-0.8630043026168862	-0.5011625558583802
-0.021764099737402343	0.5032651205432663	-0.8638579411032765
0.9977307541077315	-0.044133797812033304	-0.050848305756476364
0.922645491355194	-0.13039500614904848	0.362935861624781
-0.0823153989551738	0.8528283263561962	0.5156627006671511
-0.3767618244684341	-0.5056490760753737	0.7761246932596191
-0.9615856634244033	-0.2413132151456536	-0.13084702554019875
0.22493198573894344	-0.9658880809301003	0.1283191992988722
-0.15734870094216116	0.0939582211051031	0.9830631917626551
0.19043159802138965	-0.12643174358345863	0.9735249461053714
0.25951064056022444	-0.9499124225575604	-0.17412816230250905
0.9467787671420613	0.2857995865729577	-0.14808295784351633
-0.33992489696269135	-0.24225960322676143	0.9087141184494252
0.8537707586087748	-0.48468069313371	0.19015813800104348
0.394368553727983	0.8404730277336916	0.3715891999004548
0.6239710523805386	0.5128383160503566	-0.5896244460516858
0.18835536032464803	-0.830983989848507	-0.5234385034103124
-0.7584077953371094	0.2155515488371404	-0.6151058004651024
-0.3475145168332032	0.09441217119011686	0.932909428895085
0.8008860901740689	0.5473199188677865	0.242945213939795
-0.48766292780554754	0.8315811736335352	-0.2658150118078244
0.7473457645704726	-0.294764069048457	-0.5954733006412397
0.48915216878682766	-0.36244852795691496	0.7933228979129546
-0.44967150671319905	-0.884163564155333	-0.12668988858791996
-0.9932720614316475	-0.020531855836322666	0.11396953485577485
-0.10405742719656075	-0.2736492745436885	-0.956184148784608
0.0508199156291869	-0.9616103771474335	0.2696716869413862
0.7269859235287184	0.6168636483668439	0.3016135048611771
0.26798641445087856	-0.6593086129542256	0.7024923021315874
0.6321983459807993	-0.42987369331923814	-0.6446191582098841
-0.5055065720649068	0.39412309411864527	0.7675481042133663
-0.8513048936447192	-0.0829574622848932	-0.5180714598468088
-0.1405100838222662	-0.915305984976388	0.3774544611084413
0.3757807272716098	0.873705783507551	-0.30891268811215317
-0.43528869004685417	-0.1278677816124505	-0.8911641749659849
-0.8181152738633559	0.4693485211343136	0.33226399802042816
0.7271853187720754	0.6644042749496496	0.17253542126469473
0.5674427878567155	-0.7232652752666575	0.3935683220266152
0.3862773545935015	-0.1882931252650438	-0.902959303792906
0.6075273153756888	-0.7919362728082056	0.061216834964377964
-0.7416031063675328	-0.5379313713155827	0.400817505082504
-0.2844914650713346	-0.28890617778992644	-0.9141104018314099
0.48249742648081784	-0.8440299381741792	0.23411470886101732
-0.7992965012527002	-0.31496873711716766	0.5117810056303462
-0.35821967635039237	-0.43406008582281264	-0.8266017816161009
0.6385504339200072	-0.6942220844187399	-0.33212804886951425
0.03896123780006566	-0.40185501413219504	0.9148740730646486
-0.76859310775576	-0.5971333562296727	-0.2295569419299479
-0.1811744495157679	-0.5809066781986055	-0.7935510380983194
0.33790727161946643	0.721008817557388	-0.6049503787842316
0.9235770106652431	-0.37774821803518677	0.06566421507864362
0.8895978272890867	0.4463225720486451	0.09701477909276679
0.3297961088926479	-0.48073545189240785	-0.8124825855691132
-0.3159908736685366	0.7547778394823769	-0.574856661076925
-0.23878426465380387	0.7936011655917206	0.559624217600708
0.6310956698368304	0.5648212614688561	-0.5316908858593801
-0.738038163286252	0.22621700326056932	-0.635708688763071
0.11280512386705044	-0.03227706602815317	0.9930927424153062
0.8773752166045558	-0.46586819310508054	-0.114802247108305
0.46635580120488296	0.8842652416903096	-0.02423322143112716
0.024252305362188364	-0.7118720208815856	-0.7018903415567042
0.9685302913252165	0.19069957867600607	-0.15994607053092974
0.2477113248725431	-0.6759229960422721	0.6940945201852037
0.12007420852401174	-0.5193019385236712	-0.8461132791139074
0.990867775703508	0.010024866364860552	0.134463947312092
-0.06134521594806336	-0.8545320349173129	0.5157632846377898
-0.3879942567190937	0.31856461071517905	0.8648566618537921
0.5397972828984184	0.839130600335716	-0.06692330652101541
-0.7470470869553556	0.44088141759446775	-0.49753816485914903
-0.09163527588428932	-0.9956257109053595	-0.01823238870274918
-0.9538392742519493	0.08250136768155192	0.2887631611289575
-0.2859958305782186	0.0438516603433812	-0.9572269411048793
0.4786888977307282	0.11581602128321739	-0.8703123510576336
-0.23219196654505347	0.9726684475006759	0.00172682036287794
0.846725356807791	0.20125292656443589	0.49249713673073126
-0.8064205150991584	-0.3821428418543099	-0.45127907246704846
-0.37648831320756604	-0.2567014446643294	0.8901465712596817
-0.4560071302571148	0.8877337532879763	0.06313699729883215
-0.7011875565479111	-0.13031191133458914	-0.7009670579326079
-0.33342996932149166	-0.8090860979211723	0.4839464244200594
-0.6302066852236963	0.5730606354610456	0.5238712074397138
0.0781565362290404	-0.2859347434942248	-0.9550564791192041
0.6656399378656916	-0.698202875746575	0.26350752819866685
-0.7421691377057099	-0.6563185710934172	0.1357604665396308
-0.8950256800014884	0.427656450287333	0.12664514465826113
-0.445987040116122	-0.8549758735920989	-0.2647863584550545
-0.004959050951003435	-0.29347268374256885	0.9559545970968493
0.48376697307641736	-0.8708606669564772	0.08701272613014938
-0.5494982949157806	-0.2248494799198244	0.8046703270684422
-0.6811909714941402	-0.43708627309480186	-0.587311203900424
-0.5960080470377245	-0.1575687166870319	-0.7873668188258123
-0.4558272485382404	-0.7408580971035628	0.49330598967187217
-0.6610566748444	0.6529175901120217	0.369733273003628
-0.34398728127101674	-0.8987215460777801	-0.27197855235172286
0.9385383160389807	-0.3379139355866443	-0.0704272778336586
-0.02861083099961384	-0.27948838035222456	0.9597227024498284
0.6415572686076505	0.3718661215723053	-0.6709097247196991
-0.5376999676056775	-0.40576199562734017	-0.7390777683988146
-0.5470676520628361	0.8349088516306975	-0.06036715609638832
0.7536133509033431	-0.5669195560153664	0.3326697075893361
-0.49388930249678936	-0.8223362774485627	-0.2825533642894304
0.4337513967925285	0.04863397782806257	-0.8997191017096113
-0.6844905822207952	-0.3869862454163948	-0.6178303073737634
-0.6326855997269503	-0.10570786619930961	0.767160204208833
-0.36218997052539503	0.9160062733857837	-0.17248458588726923
-0.8991015293439715	0.1853039589336067	0.3965840172458594
0.09994719094171664	-0.7951465645619835	0.5981241508985702
0.4261771919685425	0.5774117973065738	0.6963968820844909
0.5764222487452877	0.15672707576100484	0.8019813058138139
-0.37014291821780543	-0.8248975929964955	0.42724487259860133
0.7285132883102632	-0.543121151118231	-0.4174779083536937
-0.4464245404104501	-0.47225881491360605	0.7600504861229384
0.41997658962924783	-0.8606049559321218	-0.28806036518142714
0.7901422618001804	0.19060619497137865	0.5825328184367193
0.7815965721443424	0.12460814634583467	0.611211590430408
0.19173912931888887	0.8844147656124297	-0.42549574457889167
-0.5935847915001261	0.4497591936036061	0.6673632916701261
-0.6445441406689985	0.5155307229077725	-0.5646157316861197
-0.040012987225464175	-0.7602102129583068	-0.6484438240643371
-0.7635193590096833	-0.3953587052944145	0.5106169626690509
-0.5848181716248269	-0.37499185995212053	0.7192835401335439
-0.5377226098226164	0.8431185309552774	0.0023532202125909063
-0.6073237201221012	-0.385398816460902	-0.6947126393319667
0.5849019468590488	0.5198712845590334	-0.6225942178107944
0.060860086160330173	-0.793554067559326	-0.6054485872248825
-0.8088175087577245	0.316236919652006	-0.4957907302239113
0.9180403704462694	0.38389815870007044	0.09911650708924248
0.3665866656768885	-0.9170956179743626	0.15668389847116707
0.15104997444149895	-0.10750735434805078	-0.98266274681719
0.6811715654597699	0.7311531075728965	-0.03768861493319681
0.3058319399999147	-0.2373984458952174	0.9220134502068958
0.6651857807296959	-0.6395757274733241	-0.385319044354147
0.22852878364385165	-0.1845472915696097	-0.9558853970118923
0.7915778267273142	0.6068004598433737	0.07209539629915596
0.5667266883427353	-0.7731335583896173	0.28475491499161965
-0.28476647455736237	0.24154251898729953	-0.9276665707512807
-0.3153387423235925	0.8902697423439713	0.3286050265235971
0.905245564782256	0.38610490464130215	-0.17735126177725657
-0.17658813339317092	0.09543047425762241	-0.9796477202176714
0.032815754956638556	-0.9941647411565229	-0.10275988355292245
-0.9837376466168923	-0.05029405555480288	0.17242607286750122
0.5648544127426482	-0.819630672160879	-0.0956297739109705
0.3466418992595597	0.13051522959707018	0.9288730637288116
-0.7488517116778749	-0.5578273353792635	0.3578404362572618
0.19983346605119934	0.8891055989048771	-0.41177399121601166
0.3363285852799927	0.33247541407524295	0.8811033888023894
0.9202986844332239	-0.3145653080546163	-0.2325919138727346
-0.47287035459626736	-0.6080643407700544	0.6376922339403854
0.1528929901091318	-0.7693644344303161	-0.620243581675142
0.8677657295143022	-0.19579612998626592	0.4567784081618921
0.17366683223578272	0.47892230594188656	-0.8605075573476937
0.7935601837871815	0.4493839007209114	0.4102637498981754
0.5831827038663295	-0.754113741185084	-0.30201059462706414
0.23426243508721822	0.5369716237996512	-0.8104212403071459
0.35273565505420346	0.7298628597612566	0.585557651811162
0.9059242071831887	-0.42303862846681745	-0.018429586659096442
0.26854813850570836	0.25561385760359867	-0.928732175121615
0.7777987075453925	-0.6263148545323265	0.05252498008441303
-0.5682526443808563	-0.7364721710921318	-0.36701181637790103
0.9487207176851531	0.3076708738860805	-0.07257846235036677
0.25817881762086414	-0.886626253227397	-0.38371550036432056
-0.18240805345943653	0.3453006232981978	-0.9205947977166806
0.7405829179490253	0.5861773868145499	0.3285316009600491
-0.011822380968020518	-0.4774699340258257	0.8785685479287436
0.671860977398118	-0.6545368845898903	-0.34667606459201417
0.6072629448669258	0.014179525391785408	0.794374380787304
0.3545553006471712	-0.8995965203087193	-0.2549836062013361
0.7110008822600313	0.43649174300106497	-0.5513190580030307
-0.749715431270658	0.5274518313705234	-0.39965152032556117
-0.19760401217581747	0.3979369177898344	0.8958788220691156
0.6315690195747975	0.750626921342292	-0.19411284983102384
-0.7754428770616022	-0.4148586348973452	-0.47600489227059034
0.37916181607557253	-0.9087579940129362	0.17434226552347531
-0.5049006453201449	-0.04529041144321283	0.8619884668524317
0.032857111314523735	-0.9744305235707694	-0.22227362634748496
0.9117725140529546	-0.061868787106968304	0.4060087878352727
-0.4093791553726446	-0.2160032590390918	0.8864261386211889
-0.6285037816747896	0.5623666235060225	0.5373330226097431
-0.6430587641726702	0.01293656751227179	-0.7657075623511355
-0.4375596213559992	-0.8267868080632609	0.3535041043203866
0.9934190172459559	-0.11420584429663214	0.008699500133486165
-0.006705647110767821	-0.1338160802517403	-0.9909834968166148
0.11434023994598297	0.9844035157365872	-0.13370126302523033
-0.4621969907049457	-0.8861204625977138	0.03412429558108884
-0.8624695013743192	0.4402464450535609	-0.24965862055381743
0.20620451251712454	-0.14482262731809398	-0.9677324556065372
0.10639560403606962	-0.9858884552954822	-0.12924368130352798
-0.032081776163701003	0.1265100749478385	-0.9914463982358674
0.9938061858732727	0.1096319052638432	-0.01816893690444288
0.3657694526420794	-0.3360075956103411	0.8679352528881812
-0.8456775290921553	0.2694266506833791	0.4606938209810536
-0.38864151129607905	-0.9025010668102802	-0.18560603466430114
0.42215509787823047	0.22604962018275226	-0.8778876024586832
0.4472086430964965	0.7904378411644669	0.41858386112587687
0.7885363040946256	-0.5693062343506264	0.2325960202890357
-0.45046441283731165	0.2058781356304058	0.8687324133681694
-0.8810198183548843	-0.2600175412323311	-0.39521507804917994
0.1445195226710302	-0.9434008011025012	0.29851136669496614
-0.778289317440749	0.6199317321264198	0.09975162084071713
-0.6122242608916092	-0.7844974502169499	0.0987178047711127
0.13945319190802416	0.015760650552610334	0.99010323156771
-0.6049669374948001	-0.7423656770014262	-0.2879378511908029
0.752420345568116	-0.6513015851121653	0.09833549107793274
-0.2605352723016979	-0.15716057661066044	0.9525869645581367
0.028157649349845437	-0.7269032198670888	0.6861624120643376
0.8432882199004526	-0.3512976978289841	-0.40676148499726683
0.5367235088574164	0.5900861262959114	0.6030972049287482
0.9920101798115295	0.11329102625340436	0.05550627460699673
-0.08041651524699324	0.22883803270407066	0.970137278359955
0.09720590118828687	-0.9668496771259641	0.23612012751053624
-0.7539583780748351	0.11557348670610929	-0.6466757559251443
-0.007069978948875864	0.9829177857031723	0.1839093307748007
0.6568841446772987	0.14323196472493627	-0.7402619973716118
0.7252091129066068	-0.5722128295063507	-0.3829415364067318
-0.37816612694525853	-0.7957993588038947	0.4729627479606947
-0.5753799813935438	-0.19818137721704596	-0.7935124565726233
0.06153865598889763	0.9147104819448457	-0.3993967050932047
0.8700809436987971	0.14690530268349122	0.4705082182658265
0.48905229294145114	-0.37646190546149555	-0.7868318044569684
-0.3853198625593717	0.8464293940811995	-0.3675403166355498
0.914065135841716	0.404718026536526	-0.02623445130062904
0.12654458090290543	-0.34606444462226005	-0.9296374934416072
-0.9699380612238913	0.23709785484292528	-0.054815733308252096
0.1516961302206617	0.41295016931624784	-0.898031425807448
-0.19028515828964263	-0.8793501946838729	-0.4365029136719707
0.5856780542631755	0.7402829758387399	-0.3300944295771143
-0.805402658899367	0.4857205803873601	-0.33970880887312294
-0.09114699003439858	0.46481892546614934	0.8807017615153063
-0.6539053799011487	0.19006725263775723	-0.7323129068991405
-0.3748677028939845	0.7593687964496485	0.5318206805922457
0.6571772663926543	0.6222808613908571	-0.42530526693579884
-0.7999681191391366	0.4697538477109858	-0.37333943124416424
0.42797529229442594	0.010578082075766826	-0.903728528577636
-0.4205807384397112	-0.8827340634303869	-0.2095051687027909
-0.9737794902427166	-0.14309426860609176	0.1768545579698839
0.18903358030133444	-0.07643915081691577	0.9789909916545954
-0.12656938769344786	0.9867527990912803	0.10148449923229252
-0.59403607812586	0.498713779661165	0.6311938718499424
0.6655104513797658	0.7454539070693373	0.037340481241678325
-0.45190372535435785	0.44224771159513615	-0.7747257479906793
0.934404757079628	0.3557122727919648	-0.018881973735185156
-0.3510950462800777	0.9107312620275793	-0.2174875556054712
-0.0601665889389742	0.20985077400578647	0.9758804405379897
0.9975220405204123	-0.054526480116663154	-0.04445943816649209
-0.019793713849449033	0.38890165618095907	-0.9210666157839796
0.0675128696474911	0.9196642674290408	0.3868586920907512
-0.8479193000209571	-0.40380639074220537	0.3434723561623608
-0.521146867932966	0.5161982151131858	-0.6796656124577886
0.09715350068643896	-0.7553011329990936	-0.6481368650174557
-0.3411467959896963	-0.779483941536182	0.5253795280301496
-0.41527226786752236	-0.3764383445519024	-0.8281564564085632
0.8433076586431132	-0.5006984697782105	-0.19527732903649886
0.4242254706546653	0.2674067297069485	-0.8651741968848023
0.3739952495420002	0.8183803732431361	0.43632684768467134
0.8247183175896149	-0.5086720019795274	0.2471689524076497
0.18545916506516236	-0.3899180927421453	0.9019804759780894
-0.9507126693076415	-0.30332112966930636	0.06435613967660675
0.24849611367438312	-0.8694597019117469	-0.42695375421732096
0.04865145025138706	-0.5809719707893259	-0.812468218175704
0.9978264557588787	0.06446682292851202	0.013652579579633506
0.044445478691439	-0.8113665003552158	0.5828456069365355
-0.997507535980044	0.03552150825248928	-0.06096669676544006
0.06034847556533448	-0.018224835518613425	-0.9980109803340139
-0.03656196329467293	-0.9992027210840589	0.016035741898994593
-0.608708175638148	-0.1264246152392269	0.7832567737165708
0.32458100351179575	0.8611472024870187	0.3912450227262416
-0.7239623809774605	0.49238431363153223	-0.483152314098827
-0.8232799750558315	0.5622524720049027	0.07798871967435528
-0.01941335412287931	-0.1652013496810223	0.9860687784050705
0.5673034499752039	0.8102966566560327	0.1469221693900774
-0.9425072839557866	-0.029122406075055104	0.3329142609662227
0.23477741453181805	0.6512386322300621	0.7216424388274798
-0.23782259210605175	0.7583140044569385	-0.6069598712669901
-0.5898204189219807	0.18183723470010052	-0.7867954584892567
0.5247619531802993	-0.6542510521974763	-0.5445920061779206
-0.6137888610239652	-0.7340918067756346	0.29046936724513306
0.2885609304996606	-0.11210815142760705	0.9508755711304475
0.7468964560172	-0.5950193969975976	-0.29681240066001624
0.5990644985125697	0.7958540567089546	-0.08796616987105432
-0.22721468913057707	-0.8253947745701264	-0.5168142327332186
-0.22609706964741866	0.5609045852906795	-0.7964082880638179
0.9472347122757621	-0.06410547802037586	-0.3140651008113342
0.9544559361579349	-0.14204118127381524	0.2623702893911949
-0.19153690603647897	0.38253230008335004	0.9038709271897813
-0.22875200449144312	-0.9129585654427483	0.3379040961957487
0.9979562451673868	-0.029420576644867136	0.056725324162089086
0.034106450280465966	0.9959246787052929	-0.0834912234610634
-0.054037790301572214	0.08525528731781166	0.994892684264831
0.893437187023288	-0.3872835401165338	-0.2275553831459927
-0.2107212286203634	-0.8087544073654112	0.5491018779568578
-0.39669453821881506	-0.4426372873152788	-0.8041801261070392
0.8393018145473236	-0.5433683249795753	0.01798130992060102
0.5430112849491506	0.8394552015025047	0.021300448076543563
-0.026668492935343013	-0.008113450516259592	0.9996114062000682
