-0.13844357946888697	-0.8621949230557042	0.4872917913948584
0.7116519786620776	0.2555771103545683	0.6543942251648912
-0.6887560065583396	0.4373788464475357	0.5781997129971886
0.7702332359686475	0.21787538315612748	-0.5993922585618172
0.258937654715273	0.7520535723438311	0.6061078413083237
0.5828310674456363	-0.6220496296433692	0.5228405159135312
0.9497434284450476	-0.19708587770664754	0.24319658084366055
0.10257417913743383	0.9299608310936192	0.3530600379623086
-0.295746441905441	-0.3103707612521926	0.9034401101677997
-0.6096044508503535	0.7310605213555285	-0.30648479182305566
0.4050657742584901	-0.0450643188453701	-0.9131762840171512
-0.6813986586630537	-0.6808228266461002	-0.2686561867700157
0.5991010088402933	-0.682632898604351	0.4184379367953685
0.5343903455892584	0.7300795622478251	0.4259234571246542
-0.5962423498440343	-0.03156197920039247	0.802183832872128
0.2287919916324791	-0.9491927375857966	-0.21607260696169925
-0.8194651106574621	-0.0679774536742126	-0.5690834720909789
0.5254818331588612	0.30726570375873663	-0.7933830287532317
0.9473329210342006	-0.1957606595064036	0.25345236419182793
-0.11325343431707935	-0.9450648444269427	-0.3066367548805339
0.29955633249890756	0.26178274201691665	-0.9174616066309846
-0.9937874996985556	0.08136188039689883	0.07593846101399337
-0.10762960397226116	-0.5289371661858118	-0.8418083763993425
-0.02832443806445749	-0.8447518680924024	0.5344080908469941
-0.9859921145885153	0.07595245912216012	-0.14849502995913832
0.06502752030704848	0.994900728876533	0.077097089981787
0.15359352711616853	0.06636085920359953	-0.9859032735485647
-0.8903321458160898	-0.22075979866647388	-0.3982132361176049
-0.4544463000850858	0.37696587846830987	0.807078240822779
-0.028057627581347167	0.8995342337917738	-0.4359483131876454
0.8949208149243709	0.035383069255880056	-0.4448199337092858
-0.4435326217965878	0.17987387435454183	-0.8780228941929313
0.0489443399929429	0.9830531154188566	0.17666641969524122
0.19267358744105756	0.685321985725389	0.7022895874096403
-0.3762598913621745	0.7125925678905292	-0.5921489055459834
-0.906259004288905	-0.15015194993269704	0.39515694233644827
-0.4426325845349679	0.803635190811705	0.39780255805729614
0.8648947588377012	0.2655105494270673	0.4259826337751472
0.23671385942307763	0.5326111416708922	-0.8125834852647815
-0.8394607225178143	0.5209616246007145	0.15461138717201048
-0.48423801108714176	-0.8462412040569356	0.2222372002492766
0.24661557932993264	0.11169069007599555	0.9626556735313565
-0.017015290716583253	0.5990476459635413	-0.8005325713219732
0.5164002807100153	0.6908622629824273	0.5060040352303695
0.8561782699674453	-0.40478543878496837	-0.32110359478400907
0.73287494348162	-0.6802003549459674	0.014892761603957305
0.6667889336033261	0.7137299778035222	-0.2144342249006036
0.13522882548092838	0.16708379908286608	0.9766248864549198
-0.21740912391873457	-0.9187951479668066	0.32946737154009986
-0.9622349233780327	0.2583979083437775	0.08564153895880199
-0.1638207101332415	-0.2984057590533645	-0.9402748416794027
0.11630350252750188	0.9221780974086409	0.3688645441888049
0.8694637691754039	-0.27405500748452605	0.41100682106743247
0.48011066369237776	0.272912824052729	-0.8336740016795705
0.9168478563536414	-0.01160823285884207	-0.3990679857237704
-0.05739602334360933	-0.9930260586219628	-0.10298030589423449
-0.39508948961478635	0.11732218813005985	-0.9111200795549963
0.8162963414873641	0.12766477244875965	0.5633489049869106
-0.5663695871914571	-0.014764043227191825	0.8240191221884138
0.11351552131282852	-0.9917074815202273	0.06025360999877738
0.20966059551391736	-0.6604090582768001	-0.7210425163849216
0.9763072034081148	0.10101601778487879	0.19136355119068793
-0.05354137897155331	-0.7440803988124102	0.6659411992368314
-0.5055956262642598	0.3435059608505782	-0.7914396487178108
-0.8457908589429781	-0.016242141937982568	0.5332673023482368
0.1703258219735051	0.9390100359875753	0.2987461576048509
-0.29936183250395354	0.8637440173533756	0.40537484594647244
-0.17657189725422018	-0.4676715798359026	0.8660864036075362
0.9376592442566328	0.1876954072428048	0.2925159410357625
0.16093166406158022	0.7475279580009306	-0.6444400294126131
0.6423906564748658	-0.5750456512091429	-0.5066130115771247
-0.7492898264197652	-0.3324521785646951	-0.5727480292339964
-0.2226454732667429	0.42652834098564074	-0.8766427821923048
-0.9097772230483577	-0.4140393627171082	0.029610986866860867
-0.35033469376618487	0.8041423881731691	0.48022975947655067
0.9490233165129556	0.1859296616614599	0.25452879135611683
-0.013373069506765659	0.8305233090571076	-0.5568233060179857
-0.31492206294052794	0.5250344693706188	0.7906724354914587
-0.08406197441193708	-0.8458006413579735	-0.5268347554370417
-0.02764408312175226	0.5304820744943106	-0.8472452852088175
0.9960769995970816	-0.05665724771512837	-0.06797475380626317
0.9233284016292219	-0.10495051916782744	0.36939146074487134
-0.10591325359638515	0.855019175508902	0.5076658273162624
-0.36911657434671524	-0.5078657283559118	0.7783478377332753
-0.9615722047061401	-0.2660791033687369	-0.06768165103676367
0.2611562337144477	-0.9624904006697672	0.07355032434079592
-0.08471314377744478	0.05304846245689406	0.9949922330864204
0.20617632040035583	-0.1602613360422741	0.965301833146563
0.2439132391498921	-0.9469402201007844	-0.20930970193205514
0.9476273828217383	0.2786046010485532	-0.15614678863492237
-0.33829589708092733	-0.24281292747619793	0.9091742232755222
0.8376118276676439	-0.5180429453575401	0.1733145490619704
0.42890827943685106	0.8201666836782163	0.37863478289084407
0.6399811800755796	0.4912733021156608	-0.5908253817985846
0.19111867173995237	-0.8465211647962583	-0.49686574732450783
-0.7442430667876087	0.2050669651122775	-0.6356491149669088
-0.3277971841529552	0.0864493626819613	0.9407845203622751
0.8126147020899903	0.5337197913616137	0.23409513078257677
-0.4818779430608852	0.8412310574395112	-0.24520186783671116
0.7644254512507784	-0.26193495696755265	-0.5891042418778276
0.5035154426927634	-0.3281174760158916	0.7992566051668709
-0.4026486414356246	-0.9075951742111498	-0.11893305385248709
-0.9903004095560703	-0.09785741006956968	0.09863582578128087
-0.06692568009659604	-0.2861665408236149	-0.9558397691332235
0.12176227731398258	-0.9531697845649126	0.27684166885747263
0.7442308226693524	0.6121766081749941	0.26713345539684613
0.2479614612409099	-0.6245956316851686	0.7405372445860359
0.6201899679357703	-0.4848918408090255	-0.6166395271053124
-0.49336899003185186	0.3967560894439156	0.7740617838158149
-0.8607238907607987	-0.09432717682319014	-0.500256701690401
-0.12546482992672658	-0.9130646139248514	0.3880355489510201
0.38652158017259164	0.8741939072110005	-0.29391509089539314
-0.4607664107482338	-0.09302616109693207	-0.8826326801550901
-0.7989339038913499	0.47658277974212626	0.366842570139011
0.7175671880123736	0.6743379735070453	0.17425736189448793
0.5919002772212522	-0.7222831499862856	0.35771652613668026
0.36708499358243973	-0.153542660952261	-0.917427522344016
0.6225262190237839	-0.7755394861874968	0.1048790350450721
-0.7385282201584965	-0.5378332542208981	0.4065851186205445
-0.2589153812686207	-0.3305660236899619	-0.9075730986120802
0.47327629429251505	-0.8402590792030413	0.26452642415759087
-0.8096808464148799	-0.29663586013511667	0.5063833463205352
-0.3470251809445941	-0.4538412126490459	-0.8207324030959269
0.648516164363712	-0.6954871997783221	-0.3093935026846676
0.027672775445147735	-0.38464488075523073	0.9226497348441374
-0.7606977074095475	-0.6069150440162965	-0.23020236160507968
-0.16175320062748444	-0.5649825872189529	-0.8090924410882498
0.35243912632071506	0.7327437009977347	-0.5821282770029589
0.9217497297667387	-0.3793169450308289	0.08059833054985277
0.8888917110210537	0.4513552320697699	0.07842181177011717
0.3203024241342284	-0.4899259027669869	-0.8107891013646459
-0.3275330260779826	0.7458224080042094	-0.5800612489616959
-0.22725173350783012	0.7930955620271758	0.5651159873074593
0.6262003214337011	0.5634269167223543	-0.5389093309166866
-0.7458081570042098	0.23140773324489253	-0.6246764393991862
0.10849230640161234	-0.07445231665467267	0.9913053374195114
0.8816487440881393	-0.45348876753128087	-0.1305504874397907
0.4592656219438437	0.8881468292279788	0.016440749156351186
0.0662626753200325	-0.6799445179965959	-0.7302634526702051
0.9683957844680522	0.2201937169664283	-0.11715089258308803
0.24045553119846874	-0.6994213175582265	0.6730460296749228
0.1479544583273409	-0.5144253677932401	-0.8446750968460315
0.9826537254615851	-0.02009034362976836	0.1843584387255044
-0.11180847059829974	-0.8572997836600844	0.502529548224621
-0.40428724657286463	0.34736897892614826	0.8461008301250726
0.5221220000995442	0.8471833505096068	-0.09833101052754559
-0.7509596788580485	0.4020138842118789	-0.52387441016936
-0.1147504469216627	-0.9931582933484083	0.021655005992974943
-0.9648835899583196	0.11661567681299378	0.2353729843261388
-0.23628794459392988	0.00611459522163936	-0.9716638405152531
0.464771244990247	0.18562694176639505	-0.8657541962477983
-0.2296921228643682	0.969581164505642	0.08458069596511453
0.8551194176980638	0.15954624384904376	0.49327049126152445
-0.8101289634386855	-0.3692036770667042	-0.45538962157496166
-0.37979077641122616	-0.26122244175936893	0.8874242514571211
-0.44659828565582294	0.8918808669108775	0.07140371480239627
-0.6977973017706465	-0.14311715097454203	-0.7018521259770716
-0.3311116857215633	-0.8044182416298951	0.4932305182282336
-0.6351723996052014	0.5765663653301304	0.513933117389581
0.060302307268744415	-0.32419407172841674	-0.9440666478560802
0.6728646700227073	-0.6854019510507166	0.27834744714314297
-0.7373037146070127	-0.6520140867742213	0.17680741804200162
-0.9002402132689755	0.42121973259378653	0.1101884535105597
-0.4352657097009869	-0.8645451596543616	-0.25120793951766496
-0.010550846976712873	-0.2741087444643705	0.9616408247553971
0.4889175886511622	-0.8666276812989271	0.09957938297648833
-0.5410792773710165	-0.21173743027655512	0.8138798905363981
-0.6842461597314167	-0.45180053411469767	-0.5724364333849499
-0.5875232947918905	-0.19157025382428597	-0.7862043092775439
-0.43258444829986775	-0.746741272832238	0.5052209086508476
-0.683876504323683	0.6369288102281035	0.3558575804102422
-0.3442325107498272	-0.8881468424902681	-0.30446537523573497
0.936091449040757	-0.34965597528483827	-0.03838616912879014
-0.0723655828114828	-0.298221201664428	0.9517496190186676
0.6464943057345356	0.356113984386933	-0.6747058194330947
-0.5486476402657054	-0.39750289028371766	-0.7355115356314703
-0.5301234568321739	0.8456797752933163	-0.061602257881934186
0.7614158407677882	-0.5839949961679594	0.28141741573446954
-0.5211185104820846	-0.8096081693155033	-0.2701298025219225
0.3855922917549255	0.059029286192401886	-0.9207790874638717
-0.6915498209556348	-0.34565361066248834	-0.6342573819611519
-0.6254262277318078	-0.15277715513114476	0.7651804849414253
-0.3613874358654302	0.925841629171004	-0.11052781954146451
-0.8968784719603369	0.19287860099259477	0.3980035826638131
0.09630635466276397	-0.7931334263298879	0.6013854455253985
0.43166432859996806	0.5776999336310776	0.6927688605133657
0.5640578015680955	0.15013724177241028	0.8119714312235006
-0.3812604175841402	-0.8248855433050406	0.4173779275787288
0.7324474660163239	-0.5449978431877693	-0.40804173860886506
-0.44466563763963163	-0.46714560095134683	0.7642299773067953
0.4012503449040896	-0.8667127194154847	-0.2963228352958381
0.800793750860288	0.17488295947638885	0.5728396975314217
0.8102201215961289	0.13034050326738958	0.5714496546230102
0.17046345355378992	0.8804176019347939	-0.44250091209612397
-0.5607901261285445	0.4559344244640783	0.6911137641700827
-0.6220910558700039	0.5312962975486497	-0.5750886561371565
-0.029058225459804132	-0.7496813199874814	-0.6611607504948813
-0.7824054816651472	-0.39459113354575565	0.4818085715171583
-0.5897294993945881	-0.38342182561593524	0.7107790241595147
-0.513399538339089	0.8573716375420224	0.03653476661648744
-0.6234100027887095	-0.3433679932373638	-0.702465934863127
0.5663904271810241	0.48546541636731744	-0.6659768866176996
0.038697752676565195	-0.8228647382877607	-0.5669180773448658
-0.8232280169767552	0.2953251631573628	-0.4848491312466148
0.9280624173992187	0.3547207550365079	0.11346072165048182
0.33744278423931917	-0.9298237974969605	0.1468334872334947
0.15758336452790522	-0.09798413930153345	-0.9826324804673434
0.6831644099963271	0.7302415542080896	-0.005801846440908531
0.30349242224051354	-0.2766827288874716	0.9117779429104256
0.6642128714177075	-0.6246550568458844	-0.4106425713438737
0.20355845673655404	-0.1617335361720716	-0.9656118360750917
0.7966102491541833	0.6007338096015267	0.06731271012332313
0.5691889542441441	-0.7829183567134659	0.25112303973857875
-0.3158381451991723	0.28104617318873854	-0.906233587202059
-0.25187152256720996	0.8960207211334031	0.36566050295219404
0.9147715573610833	0.3437439684351446	-0.21220999507006355
-0.16599266808099578	0.07333032015257124	-0.9833967146018301
-0.049045181465925375	-0.9966110932650238	-0.0660371028745776
-0.9849065967483039	0.03726919542215124	0.16902663326901712
0.5542326525199801	-0.8319624659516355	-0.025780266258145834
0.286880608050078	0.1618546863524294	0.9441941417052822
-0.7813614295609201	-0.5306990821109743	0.3283790502469437
0.17095667107254608	0.8785381172444316	-0.44603205396518575
0.3927213323767128	0.354421921108504	0.8486195006797903
0.9036281158264458	-0.3202434673593928	-0.2844298681601156
-0.46642791571282394	-0.6338566551967104	0.6169852025021582
0.20166093482628597	-0.7553357341070384	-0.6235389291343162
0.8612652708711638	-0.16641415037135476	0.48013379775579323
0.16791343487472066	0.44801044174467153	-0.8781182850142212
0.8136101372646232	0.43999236202960024	0.38005955572232897
0.5566359878132331	-0.7782630438632927	-0.2906252081768348
0.25981887636507084	0.5225237788981401	-0.8120733045547056
0.3714605948686874	0.7221647140761648	0.5835196245226821
0.891353565059451	-0.45326264596732296	-0.006464969180765667
0.28114144590881995	0.24966730589047886	-0.926620593210451
0.7688400067199452	-0.6364491539182995	0.0617860707890967
-0.5743209307165922	-0.7297936083894341	-0.37088644851862207
0.9486318690811293	0.29965370527629326	-0.10151469784140466
0.23475878791897123	-0.8817788191278066	-0.40908975253895946
-0.21209877052557097	0.36424410915176103	-0.9068298299514534
0.7544311667987749	0.5609919255176723	0.34076630418310705
-0.03632866598422352	-0.4826774730632155	0.8750443903169235
0.6553730560455213	-0.6725403456308655	-0.3437668409085881
0.6063922177158378	0.04617734911756061	0.7938237403366964
0.33453730973280543	-0.9204776784368898	-0.20200403930657207
0.7213690225469936	0.388057335876941	-0.5736185469296526
-0.7368410332269761	0.5231388335619043	-0.4282418155347432
-0.20942191335942822	0.4256574396769228	0.8803171055094653
0.6428123785039295	0.7383369859807764	-0.2040851321751398
-0.7605320595687448	-0.4538159777568983	-0.4643727432792257
0.39994152677240946	-0.8908293363186741	0.21556870996734342
-0.5115053875875378	-0.021775028968544552	0.859004124892507
0.03487086263444317	-0.9831401877211263	-0.17949761621480786
0.9285273780967429	-0.03455575593131455	0.3696522796586052
-0.369622687431275	-0.17955854482503492	0.9116675917879268
-0.632969725863765	0.5581876105646204	0.5364474974795855
-0.6251941195534796	0.04012651812362111	-0.779437088814116
-0.4565978964205811	-0.828743901308139	0.32357674055603247
0.9896714585162256	-0.1413197201771207	0.024065346193789833
0.0028259030375999833	-0.14860851945036946	-0.988892068033105
0.1433262658077323	0.9787462616203597	-0.14667425436586257
-0.4722466110206751	-0.8809847372796779	0.029138137547623136
-0.851113279028518	0.44713564360582425	-0.27509253439257364
0.22932362425361075	-0.15471137287692294	-0.960976100879583
0.1087612198040564	-0.982038542046793	-0.15417943767358444
-0.06250801908710502	0.14803630737628815	-0.9870045588791365
0.9921006726217555	0.11698527100879885	-0.045284674565000405
0.34454062490909765	-0.28101781807025794	0.8957235866684987
-0.8538478161286763	0.3027563280609302	0.4234176575337314
-0.3901738903098699	-0.9106962126560609	-0.1356345957872387
0.3669195990142523	0.26329716464227515	-0.8922133214375131
0.44049942783598783	0.7955863417785625	0.4159358446342076
0.8193474610538484	-0.5456344709297085	0.17593397113084597
-0.42625747982887874	0.22489757221138035	0.8761995451398956
-0.8971825874739257	-0.22890484194836969	-0.3777115011039294
0.11561991880089129	-0.9471133276150321	0.29934658680275006
-0.7700806863208463	0.6276814516461984	0.1139812783527871
-0.6233087041819412	-0.7783585298865028	0.07512827859036696
0.13587492721854114	-0.013190686572103344	0.9906381831633145
-0.5834868585361577	-0.7560334122985531	-0.2965747214511242
0.7783846633484258	-0.6247868448292091	0.06130835499603554
-0.23164714930161315	-0.19507659525573012	0.9530397264562838
0.03201259226602604	-0.7427844215904646	0.6687649041172302
0.8615521309153717	-0.31867581310216186	-0.39518812211256826
0.5066587802965535	0.5888268244451801	0.6297458623621228
0.9895888191162344	0.14100059763927175	0.02885828382812782
-0.058860501934807324	0.2135176990766272	0.9751644135698376
0.13133701074761497	-0.9667104135398517	0.2195940936398103
-0.7670167792559579	0.104339418664932	-0.6330865233540213
0.031290754298734944	0.9915980657090449	0.12551559575406163
0.6408635962786728	0.0764628131495621	-0.7638372137897067
0.7442549116003915	-0.5509350797628674	-0.37756478178635305
-0.42026246028734127	-0.8256648883347011	0.3763734271232175
-0.5190993074854987	-0.12144146762094071	-0.8460424805588354
0.08874520380219075	0.9276615696065444	-0.3627234498584699
0.886112471095817	0.09278194915245319	0.4540883157271682
0.45489446838862796	-0.36171193260188955	-0.8137785327979805
-0.4153738379876657	0.8476615780043526	-0.33005215328879034
0.9061316947304372	0.4174548873474836	-0.06824052194001343
0.07993701595845396	-0.3274160445135066	-0.9414928609791935
-0.9615472931130271	0.26235064296811444	-0.08123387988534517
0.1788366168655503	0.3736333504761984	-0.9101733812192129
-0.20843288506158067	-0.8897023432284233	-0.4061840381880588
0.5978048346093792	0.7293102946258648	-0.3327700014580449
-0.7999978219401734	0.5161798177467418	-0.30587886596154207
-0.05131144715004107	0.44907114125010833	0.8920214377960284
-0.6437309082006957	0.16868180270181898	-0.7464294790965667
-0.36123078857529467	0.7929121164454156	0.4907165097888215
0.674627923534431	0.585522693865333	-0.44948897623446293
-0.7938459170193193	0.4738756502218173	-0.38111747291170633
0.43451454968416614	0.003547695384075622	-0.9006578262415909
-0.4254477243381632	-0.8805846251123802	-0.2087221882579009
-0.9739022935205737	-0.1488222850799703	0.17136583714072853
0.18597275063522423	-0.09042685759495761	0.9783849546301651
-0.1301094104841589	0.9847207273583092	0.11574381371972886
-0.5728525695765612	0.5199125888736467	0.6336646064443192
0.6945080574488818	0.7184610590347001	0.03837010280567288
-0.43531424473374675	0.4620655868829008	-0.772655745950581
0.9340155309120324	0.3572261692498514	-0.0021099806138211302
-0.3454414291283968	0.9016662723052455	-0.2601310293465462
-0.09102311276178694	0.2436952962004794	0.9655710204603883
0.9975012161355287	-0.07044507689733326	-0.005367955762674102
0.021885140981364203	0.38034716263322654	-0.9245848130274906
0.06717413499530184	0.9221569969467144	0.3809384577196824
-0.851928113550239	-0.40901818705498066	0.3269902322715285
-0.5117979299927995	0.5182020718146249	-0.6852222206132226
0.11082133457875683	-0.7511129977741613	-0.6508055749430055
-0.3440635596143098	-0.7959529044589372	0.49807553727212106
-0.4626137724947451	-0.31790734248701913	-0.8276010023501792
0.8170732919657271	-0.5151639500937764	-0.25883844397628897
0.437396342058042	0.3075720867425939	-0.8450348226026254
0.31766234759299067	0.826264272908408	0.4651644700929444
0.8412936900250436	-0.4718969832197977	0.26370089941465813
0.15529308017845156	-0.411823436592955	0.8979340267087876
-0.9618983895158544	-0.2700861891054216	0.04248457015572227
0.2250234376581582	-0.8703188539422084	-0.4380748166434887
0.03416951148501801	-0.6006391066047122	-0.79878977716416
0.9983676146223649	0.05711434734785259	-0.00023958355087611016
0.04576626004082307	-0.7974776579592195	0.6016102014575166
-0.9959733213602908	0.012864757894442358	-0.0887222697121074
0.0886593377877388	-0.005383403803597586	-0.9960474591034941
-0.013291537216972911	-0.9999027537554862	0.00422114565077214
-0.5624835348035706	-0.13662600477106493	0.8154419708938075
0.33636627927296026	0.8631343654583048	0.3766388101788696
-0.7552946439919624	0.48614031100618116	-0.4395424880166514
-0.8328501715942309	0.5452073316796996	0.09544400011609927
0.003804925112995683	-0.16679409486473573	0.9859844078194837
0.553485423674684	0.8215404405146198	0.13684001746090224
-0.9292004470242565	-0.012995697697156056	0.3693475884465555
0.269718296553747	0.6593874362307264	0.701755120711787
-0.25266295682997736	0.7516909742589929	-0.6091979230623652
-0.5777008744913745	0.1689952585473393	-0.7985626476366267
0.5264561553093347	-0.6705065234334271	-0.5227474711274394
-0.6237833086487766	-0.7223998924568977	0.29838361085932275
0.30147517034090043	-0.1041642138567907	0.9477671329074047
0.7196637225588318	-0.6271921222843764	-0.2978492373285264
0.6254573111737443	0.7718677725465786	-0.11411964600056113
-0.24883612812956502	-0.8100722248200762	-0.5309082518783627
-0.21821264047173505	0.5809464696905091	-0.7841456770858892
0.9436439078783058	-0.07927288268497817	-0.32132846931912784
0.9479916145865109	-0.11780450796409747	0.2956924019602076
-0.23367362212032922	0.3731978181841519	0.8978418718392199
-0.21612157920676425	-0.9202420803277395	0.3262605961424834
0.9999990189056706	0.00024306381772032414	0.00137953168752322
-0.00024159087624397784	0.9999994007423921	-0.0010677774604711829
-0.001379790398894379	0.0010674431306115764	0.9999984783706514
0.8969491677641868	-0.4039626123983597	-0.179711986888536
-0.27605197738234905	-0.8291771287491196	0.4860664511593666
-0.34536574269957315	-0.3863670495055945	-0.8552444135017274
0.8657773728351034	-0.500428805116744	0.0007427625287815162
0.5004287097881872	0.8657776865034589	0.0003224475905721532
-0.0008044292862527156	9.253186611457761e-05	0.9999996721656349
