-0.513837099075   -0.777804672718   -0.361927270889
-0.0666069537401   0.456778824329   -0.887083232403
0.855298161507   -0.431709349155   -0.286517113447
-0.151347756386   -0.860433578491   0.486567527056
0.709714531898   0.248037159443   0.659380614758
-0.688040018082   0.445119827986   0.573122382164
0.782828569412   0.216669306159   -0.58329564333
0.251450031996   0.747311413288   0.615059792995
0.56916809082   -0.628156125546   0.5305352211
0.946150898933   -0.190490856767   0.261747479439
0.0869413986802   0.928364038467   0.361360430717
-0.311832815409   -0.319144785404   0.894933998585
-0.609506130219   0.72963821888   -0.310048937798
0.387319684029   -0.0671766996384   -0.91949480772
-0.691726624966   -0.680525779724   -0.241658642888
0.592421710491   -0.689013957977   0.417488098145
0.537127435207   0.724035859108   0.432742595673
-0.600442051888   -0.0321217738092   0.799022853374
0.229324862361   -0.948483645916   -0.218606650829
-0.814740657806   -0.0641710981727   -0.576263606548
0.532548367977   0.310259282589   -0.787484228611
0.947591245174   -0.199013397098   0.249929085374
-0.115555040538   -0.942820489407   -0.312628537416
0.297855526209   0.267363488674   -0.916405379772
-0.994964003563   0.075701572001   0.0656952932477
-0.0959955081344   -0.531133472919   -0.841832578182
-0.0288350768387   -0.843899607658   0.535725712776
-0.987019002438   0.0777731537819   -0.140516489744
0.0699364617467   0.995752573013   0.0598805323243
0.144576758146   0.0492759943008   -0.988265872002
-0.886415362358   -0.219480410218   -0.407548904419
-0.462211251259   0.371993899345   0.804972827435
-0.0250700674951   0.901914000511   -0.431187450886
0.890038490295   0.025054750964   -0.455196410418
-0.45128762722   0.189872950315   -0.871944785118
0.0645831227303   0.9814889431   0.180301129818
0.196405768394   0.683245956898   0.703277885914
-0.372457206249   0.7154738307   -0.591077685356
-0.907028317451   -0.145849838853   0.395003050566
-0.446596413851   0.801279723644   0.398123711348
0.863842844963   0.270225644112   0.425151258707
0.233081847429   0.533787369728   -0.812861561775
-0.837888300419   0.525511085987   0.147584944963
-0.493936210871   -0.845046818256   0.204750731587
0.23231497407   0.0986606925726   0.967623829842
-0.0186584405601   0.590753853321   -0.806636035442
0.510579228401   0.699278473854   0.500318348408
0.859628260136   -0.402516454458   -0.314674109221
0.737706184387   -0.674361526966   0.0320330262184
0.664279282093   0.716571509838   -0.212739944458
0.120509669185   0.178218454123   0.976583659649
-0.220602661371   -0.918662905693   0.327708572149
-0.959336936474   0.2650218606   0.0971395894885
-0.176088482141   -0.292953699827   -0.939771771431
0.112677894533   0.924686253071   0.363674342632
0.863280951977   -0.272326737642   0.424951940775
0.491985470057   0.266070455313   -0.828949213028
0.922068059444   -0.00905407033861   -0.386921912432
-0.0523497313261   -0.993456542492   -0.101506762207
-0.38347107172   0.11385139823   -0.916508495808
0.812044203281   0.141061455011   0.56629127264
-0.570426106453   -0.0131298443303   0.821244001389
0.123281188309   -0.989913761616   0.0698031187057
0.210327267647   -0.667107403278   -0.714653849602
0.97637873888   0.106349430978   0.188080668449
-0.0494669750333   -0.737331330776   0.673717677593
-0.502675592899   0.35246810317   -0.789356410503
-0.844742655754   -0.00629464443773   0.535135746002
0.183649554849   0.935802638531   0.300908982754
-0.297610640526   0.868628263474   0.396122217178
-0.17381156981   -0.45728802681   0.872168123722
0.938731849194   0.190715864301   0.287071436644
0.164189577103   0.752011418343   -0.638373434544
0.641964197159   -0.572815775871   -0.509670555592
-0.748948395252   -0.32613030076   -0.576814770699
-0.219002723694   0.439055711031   -0.871359825134
-0.912936270237   -0.40738505125   0.0241815131158
-0.344361931086   0.800791800022   0.490048319101
0.941775977612   0.179366856813   0.28440374136
0.00983200501651   0.83078122139   -0.556512236595
-0.336097151041   0.526906132698   0.780646324158
-0.0760541781783   -0.83911305666   -0.538614034653
-0.0339165590703   0.542043030262   -0.839666008949
0.996526658535   -0.045592173934   -0.0696844682097
0.926477074623   -0.110021702945   0.359910398722
-0.095193862915   0.856710851192   0.506936490536
-0.364113152027   -0.503926336765   0.783249557018
-0.959073245525   -0.271349012852   -0.0809211209416
0.263523429632   -0.959909021854   0.0955511778593
-0.103604637086   0.0703159719706   0.992129921913
0.213822633028   -0.151080206037   0.96511900425
0.24718606472   -0.947448313236   -0.203078240156
0.945081412792   0.281986683607   -0.165240958333
-0.342482209206   -0.240509212017   0.908218741417
0.838820517063   -0.513691842556   0.180279791355
0.423185616732   0.823575139046   0.377674371004
0.636781930923   0.487539708614   -0.597338974476
0.185925871134   -0.848945617676   -0.494694799185
-0.748291611671   0.20395193994   -0.63123947382
-0.33983027935   0.0979875922203   0.935368299484
0.811663925648   0.532967865467   0.239054217935
-0.475096911192   0.840442538261   -0.260651618242
0.758227169514   -0.263550698757   -0.596349418163
0.507011175156   -0.336719304323   0.793448030949
-0.409916132689   -0.9039696455   -0.121686562896
-0.992027699947   -0.0820896998048   0.0956153571606
-0.0696131214499   -0.275499731302   -0.958777308464
0.105047747493   -0.957789719105   0.267588853836
0.744662046432   0.610312879086   0.270178854465
0.251340925694   -0.631417095661   0.73358041048
0.618309080601   -0.478362500668   -0.62358891964
-0.495299518108   0.392340779305   0.775078773499
-0.859903097153   -0.094612583518   -0.50161254406
-0.123470857739   -0.914941072464   0.384236633778
0.383910000324   0.871985912323   -0.303732991219
-0.456117600203   -0.106919035316   -0.883473277092
-0.802851080894   0.477712184191   0.356680810452
0.723989605904   0.668344259262   0.170748278499
0.586684405804   -0.726785421371   0.357189536095
0.362822949886   -0.158426165581   -0.918292224407
0.619713664055   -0.777067005634   0.110099159181
-0.742158055305   -0.534599661827   0.404233425856
-0.255257487297   -0.332219958305   -0.908005237579
0.468990117311   -0.841595113277   0.267891556025
-0.812111437321   -0.291696995497   0.505359232426
-0.347164690495   -0.454566270113   -0.820272028446
0.647335410118   -0.699276983738   -0.303263247013
0.0177128873765   -0.383967190981   0.923176825047
-0.761999428272   -0.602976739407   -0.236169338226
-0.163751929998   -0.568207919598   -0.806427359581
0.351832121611   0.73006683588   -0.58584690094
0.921628713608   -0.379660606384   0.080363959074
0.88483440876   0.459254831076   0.0784416571259
0.325615465641   -0.48915246129   -0.809138059616
-0.333230644464   0.741495013237   -0.582359433174
-0.232371374965   0.796579480171   0.558090269566
0.629062592983   0.560715079308   -0.53840392828
-0.741811156273   0.225964039564   -0.631392478943
0.115899421275   -0.0733291506767   0.990550458431
0.87986522913   -0.455154746771   -0.136643201113
0.460873663425   0.887387752533   0.0117675988004
0.0727280676365   -0.6833294034   -0.726478874683
0.965792357922   0.230041116476   -0.11969190836
0.248909011483   -0.692922830582   0.67668479681
0.134670138359   -0.51745891571   -0.845044493675
0.985404014587   -0.0196817908436   0.169090524316
-0.104129388928   -0.855481684208   0.507255554199
-0.398284912109   0.346684366465   0.849222660065
0.533173024654   0.840855658054   -0.0932108238339
-0.746388435364   0.415658116341   -0.519742846489
-0.1217764467   -0.992535233498   0.00665508583188
-0.961059868336   0.119585081935   0.24912519753
-0.248061388731   0.0239416472614   -0.968448400497
0.465320408344   0.180929034948   -0.8664534688
-0.238555133343   0.968299150467   0.0740823075175
0.852389812469   0.172224909067   0.493730902672
-0.811859369278   -0.382003843784   -0.441539824009
-0.361921221018   -0.2641530931   0.89400011301
-0.458145588636   0.885604977608   0.0761998668313
-0.701655805111   -0.143536135554   -0.697908639908
-0.323117017746   -0.808891117573   0.491213321686
-0.635038971901   0.570168852806   0.521184206009
0.0574484579265   -0.32417756319   -0.944250285625
0.667906463146   -0.690497100353   0.277695298195
-0.74202466011   -0.646624028683   0.176852315664
-0.901261091232   0.416643887758   0.118896059692
-0.433206468821   -0.861595034599   -0.264548867941
-0.00778241362423   -0.289934158325   0.957014977932
0.491634756327   -0.865740656853   0.0937464237213
-0.531262934208   -0.212896645069   0.820021152496
-0.68996733427   -0.452954888344   -0.564603328705
-0.593579232693   -0.182998344302   -0.783693373203
-0.442707359791   -0.738972604275   0.50786781311
-0.672066926956   0.648406565189   0.357624053955
-0.333324223757   -0.893441081047   -0.301094651222
0.940195143223   -0.338771492243   -0.0355949215591
-0.0702003240585   -0.294952392578   0.952929675579
0.644716978073   0.361300975084   -0.673647940159
-0.54011619091   -0.408305317163   -0.735908448696
-0.54093849659   0.83830088377   -0.0680968612432
0.763184547424   -0.580256223679   0.284344911575
-0.514787137508   -0.811941802502   -0.275217622519
0.390568256378   0.0636647418141   -0.918369889259
-0.687800705433   -0.351908862591   -0.6348939538
-0.630093812943   -0.14485193789   0.7628890872
-0.360433042049   0.924758374691   -0.122106321156
-0.896992623806   0.195533797145   0.396447628736
0.0962868779898   -0.788887679577   0.606947362423
0.431431353092   0.58259999752   0.688799083233
0.572290420532   0.140884831548   0.807858407497
-0.389945358038   -0.819876492023   0.419219702482
0.721405804157   -0.554936051369   -0.414270043373
-0.447993934155   -0.466314166784   0.76279258728
0.404740124941   -0.86654573679   -0.292034089565
0.797174274921   0.177903279662   0.576943278313
0.804203510284   0.135436877608   0.578717172146
0.171725466847   0.879216194153   -0.444397598505
-0.56900537014   0.456766575575   0.683810830116
-0.630181252956   0.531018912792   -0.566471993923
-0.0328244455159   -0.747136175632   -0.663859963417
-0.77575391531   -0.399757951498   0.48826161027
-0.597517371178   -0.366075307131   0.713415622711
-0.506079256535   0.862286329269   0.0186014771461
-0.621978104115   -0.349930167198   -0.700494229794
0.566817939281   0.492661058903   -0.660304844379
0.0293991360813   -0.81307888031   -0.581410706043
-0.823318362236   0.310141652822   -0.475351512432
0.927016019821   0.358488738537   0.11012326926
0.341807663441   -0.928484678268   0.145202159882
0.15430110693   -0.0969637483358   -0.983254373074
0.682121872902   0.731152117252   -0.0112385125831
0.30426388979   -0.269817739725   0.913576424122
0.664930999279   -0.626589953899   -0.4065117836
0.21393430233   -0.168804734945   -0.962152302265
0.794820606709   0.602677702904   0.0709914043546
0.567884087563   -0.779926002026   0.263102918863
-0.308161199093   0.277636557817   -0.909920096397
-0.259538888931   0.895649790764   0.361180007458
0.915246546268   0.347461313009   -0.203947037458
-0.162496119738   0.0674890056252   -0.984398424625
-0.0321109518409   -0.997491359711   -0.0630860328674
-0.986186563969   0.0213587339967   0.164255619049
0.548314571381   -0.835341989994   -0.0394327528775
0.30621021986   0.15666975081   0.938983440399
-0.778194367886   -0.526933014393   0.341694533825
0.176932692528   0.881627321243   -0.437524914742
0.391074299812   0.344965010881   0.853264331818
0.9031919837   -0.322075098753   -0.283746212721
-0.463463246822   -0.639646232128   0.613232851028
0.198978319764   -0.74949657917   -0.631397247314
0.863486766815   -0.170609399676   0.474639862776
0.170422643423   0.451583206654   -0.875801742077
0.805611610413   0.447942554951   0.387733638287
0.567402899265   -0.771634697914   -0.287461131811
0.257652014494   0.526597082615   -0.810130178928
0.359800428152   0.725851655006   0.586244881153
0.896749198437   -0.442532360554   -0.0024527143687
0.281421601772   0.25272744894   -0.925705552101
0.768486440182   -0.63707524538   0.0596974678338
-0.574656903744   -0.728192269802   -0.373504340649
0.949183285236   0.297608941793   -0.102371782064
0.234766378999   -0.886170208454   -0.399483531713
-0.209608688951   0.355149656534   -0.911006569862
0.750110805035   0.565699219704   0.342517495155
-0.0391326621175   -0.479058861732   0.876910030842
0.660153329372   -0.671183288097   -0.337209910154
0.609665811062   0.0360281057656   0.791839361191
0.335286408663   -0.916919350624   -0.21642999351
0.718255281448   0.397442936897   -0.571094095707
-0.742018818855   0.525847673416   -0.415803223848
-0.196655675769   0.422221004963   0.884904503822
0.640885829926   0.738385856152   -0.209885001183
-0.762206733227   -0.454922944307   -0.46052801609
0.403389662504   -0.890196621418   0.211723431945
-0.506278336048   -0.0243952143937   0.862025022507
0.0389869995415   -0.981893241405   -0.18537978828
0.928458452225   -0.0329841822386   0.369968891144
-0.369384557009   -0.186541393399   0.910361111164
-0.63115721941   0.559742152691   0.536963045597
-0.631385803223   0.0313604474068   -0.77483445406
-0.450546890497   -0.828073203564   0.333619892597
0.989863216877   -0.140660509467   0.0196338575333
0.000189061058336   -0.136937901378   -0.990579605103
0.142024040222   0.980542004108   -0.135523185134
-0.481128782034   -0.875708281994   0.0406214594841
-0.851083040237   0.455486088991   -0.261132389307
0.210173279047   -0.16021053493   -0.964447915554
0.100865669549   -0.98335403204   -0.151132196188
-0.0651832818985   0.145048767328   -0.987275063992
0.992762446404   0.109433449805   -0.0494678020477
0.348768979311   -0.290668398142   0.89099496603
-0.851607918739   0.298651129007   0.430780053139
-0.391310811043   -0.90902107954   -0.143375277519
0.3805090487   0.251131236553   -0.890025854111
0.443464249372   0.794995725155   0.4139097929
0.811512351036   -0.552191019058   0.191135331988
-0.429468154907   0.211556524038   0.877952694893
-0.894187808037   -0.235722482204   -0.380608856678
0.12643289566   -0.94851398468   0.290406554937
-0.767935216427   0.630358457565   0.113682359457
-0.625618517399   -0.776222765446   0.0779724121094
0.137393414974   -0.0112440288067   0.990452706814
-0.582061886787   -0.756897866726   -0.297169238329
0.775671780109   -0.626495242119   0.0764007270336
-0.244002655149   -0.186035826802   0.951763272285
0.0374325066805   -0.735853254795   0.676105558872
0.858960449696   -0.322059422731   -0.398076176643
0.510671794415   0.595648944378   0.620013415813
0.990361273289   0.133895888925   0.0354465991259
-0.0646106302738   0.220226734877   0.973306536674
0.122515462339   -0.966215312481   0.226755127311
-0.758992612362   0.116899311543   -0.640519142151
0.0310168620199   0.989125132561   0.143768504262
0.650359988213   0.089252345264   -0.754364550114
0.733445465565   -0.560003578663   -0.385296881199
-0.41402566433   -0.817584753036   0.400172322989
-0.539110839367   -0.133981794119   -0.831509709358
0.0946430489421   0.924623012543   -0.368937671185
0.881115376949   0.0946838408709   0.463325679302
0.463334023952   -0.368927210569   -0.805738329887
-0.41541737318   0.846769690514   -0.332279294729
0.905412971973   0.420053422451   -0.0615018196404
0.087497189641   -0.326398909092   -0.941173732281
-0.963427126408   0.257118582726   -0.0754864960909
0.171705305576   0.376057863235   -0.91054803133
-0.205731540918   -0.890208125114   -0.406452983618
0.599495470524   0.734851777554   -0.317171931267
-0.797642767429   0.515799939632   -0.312596201897
-0.0661146119237   0.440389931202   0.895368933678
-0.645883738995   0.181473642588   -0.741553425789
-0.373872458935   0.771699547768   0.514489233494
0.665622711182   0.609546661377   -0.430580198765
-0.79189145565   0.477098941803   -0.381162017584
0.430748313665   -0.00602495903149   -0.902451992035
-0.432855367661   -0.878828942776   -0.200738459826
-0.971800744534   -0.144200503826   0.186573192477
0.200040191412   -0.0852285847068   0.976073801517
-0.12484895438   0.985871315002   0.111671090126
-0.5768430233   0.522795557976   0.627643942833
0.695282518864   0.717547476292   0.0413262993097
-0.428759127855   0.46022862196   -0.777402877808
0.933622956276   0.35823738575   0.00376615230925
-0.344910800457   0.901634991169   -0.26094225049
-0.0968749597669   0.242322668433   0.96534705162
0.997899413109   -0.0631216093898   -0.0145749198273
0.010799174197   0.383918702602   -0.923303723335
0.063876003027   0.921206891537   0.383793920279
-0.852700054646   -0.410826176405   0.322683244944
-0.51127320528   0.529483497143   -0.676939368248
0.107248961926   -0.742205560207   -0.661535024643
-0.346816271544   -0.798156142235   0.492610633373
-0.453510403633   -0.317030131817   -0.832958698273
0.821003556252   -0.512287676334   -0.252020925283
0.442308068275   0.29720017314   -0.846188902855
0.335967302322   0.819892048836   0.463576287031
0.831558465958   -0.489335358143   0.262795358896
0.160072878003   -0.410292863846   0.897795319557
-0.958342671394   -0.282554507256   0.0417406708002
0.236550211906   -0.867077112198   -0.438430458307
0.051802739501   -0.593924164772   -0.802851498127
0.9978967309   0.0621548704803   0.018407523632
0.0389684587717   -0.802116513252   0.595894753933
-0.996802568436   0.009596622549   -0.0793257802725
0.0792815536261   -0.0049049416557   -0.996840178967
-0.00995538756251   -0.999941945076   0.00412842351943
-0.578332662582   -0.126062780619   0.80600219965
0.333054602146   0.865418553352   0.374333262444
-0.74471873045   0.484931886196   -0.458514034748
-0.831163585186   0.547294080257   0.0981644317508
0.0061075584963   -0.167548909783   0.98584485054
0.555994391441   0.819997906685   0.135917916894
-0.931738197803   -0.019478565082   0.36260792613
0.26404723525   0.649158060551   0.713353276253
-0.249284952879   0.760404109955   -0.599702060223
-0.578303039074   0.169097006321   -0.798105120659
0.525168299675   -0.671473562717   -0.52280151844
-0.624310672283   -0.721477270126   0.299510806799
0.290548175573   -0.109329737723   0.95059388876
0.726291656494   -0.621586441994   -0.293480306864
0.622962415218   0.775678634644   -0.101195521653
-0.251079857349   -0.810903131962   -0.528578281403
-0.208648636937   0.578573286533   -0.788491427898
0.945211410522   -0.0876871719956   -0.314461916685
0.951348721981   -0.116762600839   0.285135239363
-0.223701119423   0.374627441168   0.899784445763
-0.211880668998   -0.919793844223   0.330281406641
0.999943912029   -0.00683693354949   0.00809125229716
0.0068787606433   0.99996304512   -0.00515292119235
-0.00805572327226   0.00520828971639   0.999953985214
0.893993496895   -0.404776751995   -0.192175328732
-0.263066202402   -0.821327984333   0.506178379059
-0.362728208303   -0.401965349913   -0.840744972229
0.862764418125   -0.505557835102   0.0069900918752
0.505487024784   0.862778782845   0.00978140067309
-0.01097596623   -0.00490564294159   0.999927699566
