-0.513808372489   -0.776126788621   -0.365551862731
-0.0713188444267   0.463265426536   -0.883345213949
0.854935423755   -0.427799430297   -0.293382120532
-0.145961519211   -0.858466354342   0.491661218088
0.709260595432   0.255658188143   0.656953802487
-0.689669951989   0.444605903354   0.571560100099
0.778725097387   0.215491488599   -0.589194909211
0.258569627842   0.745437911303   0.614381044589
0.571602108338   -0.630781847181   0.524771656065
0.950095318412   -0.184893407192   0.251263435279
0.0850730836976   0.928469460741   0.361534273481
-0.300135729898   -0.322116265421   0.897863940244
-0.607982184287   0.73477295653   -0.30077627224
0.382243886462   -0.0611469470703   -0.922036150119
-0.695878778849   -0.675551443797   -0.243686216129
0.591684356662   -0.686793613567   0.422166027108
0.534241010033   0.726213820437   0.432666187962
-0.603735178104   -0.0304634103496   0.796602670941
0.228847537378   -0.948723928407   -0.218063551066
-0.8157117617   -0.0646372042394   -0.574835936291
0.53126558938   0.30942679182   -0.788677332021
0.947279557157   -0.199422636078   0.250782879823
-0.116476237408   -0.943479232586   -0.310290547389
0.298487397911   0.264721646072   -0.916966587935
-0.994910978263   0.0746187158131   0.067706665712
-0.0972264418682   -0.534636891145   -0.8394703173
-0.0264417157741   -0.841781112806   0.53917102462
-0.986055052926   0.0731894517922   -0.149461489173
0.0631111253793   0.995470540871   0.0711012525327
0.153988371161   0.0606770665466   -0.986207825533
-0.889768333854   -0.221097526594   -0.399284605018
-0.455501612319   0.374924693354   0.807434056433
-0.0288200146674   0.90030403645   -0.43430639957
0.892550923977   0.0348119575554   -0.44960090716
-0.447577460637   0.190035123429   -0.873819814718
0.055020585585   0.981159915342   0.185197072567
0.195828649643   0.681186106474   0.705433645587
-0.370478259389   0.717440994466   -0.589935825984
-0.907963104591   -0.145821492953   0.392860144192
-0.445426544401   0.800113323436   0.401763441846
0.862421972447   0.262913126663   0.432556388542
0.240465246935   0.539161717381   -0.807143796066
-0.839523373341   0.524213865076   0.142829721261
-0.491667836699   -0.844860530941   0.210887224871
0.231221201383   0.106819974349   0.967019259948
-0.00996459908042   0.591482045958   -0.806256594438
0.510604283044   0.696264204926   0.504479358425
0.859758089757   -0.406651135801   -0.308951259666
0.733160279169   -0.679350433849   0.0309676133695
0.668389577765   0.711436977569   -0.21705483013
0.12542478776   0.179834409878   0.97566808272
-0.21192061223   -0.920998526903   0.326881274401
-0.962512520001   0.254635510666   0.093436639217
-0.169290587312   -0.294826169378   -0.940435126363
0.110221129616   0.92283328624   0.369093522556
0.869174848926   -0.269611137902   0.414541814916
0.482064709951   0.275115539594   -0.831820326329
0.922446595306   -0.00548596502889   -0.386085719751
-0.0513407994442   -0.992763404806   -0.108558483732
-0.382696225642   0.119961353216   -0.916052876538
0.816031773384   0.133784827732   0.562311092454
-0.565847905898   -0.0135894993819   0.824397642462
0.117933422823   -0.99091722428   0.0646124013333
0.206468553763   -0.666107622246   -0.71670870784
0.977192318824   0.103202728244   0.185591941944
-0.0496579131507   -0.738681143978   0.672223370013
-0.50245339585   0.355074552386   -0.788329022202
-0.842974345135   0.00148595686313   0.537951712866
0.192184386572   0.934836806175   0.2985721142
-0.290979179232   0.86755386522   0.403337833827
-0.173930425847   -0.462523141079   0.869379405629
0.940786545513   0.182818584693   0.285478617189
0.160952151458   0.751187820632   -0.640165028001
0.637608284211   -0.574240471302   -0.51352074644
-0.753359197758   -0.325522256157   -0.571388816744
-0.212291320695   0.433001797541   -0.876037578237
-0.912859330724   -0.407801113977   0.0196492684386
-0.348740931737   0.803870446506   0.481842368172
0.945145133395   0.185642321905   0.268770543658
-0.00540811119176   0.831587536842   -0.555367374719
-0.326605923329   0.523449230477   0.786974887756
-0.0781213066992   -0.84740092168   -0.525174960727
-0.0251223128279   0.528290917284   -0.848691684956
0.996627277791   -0.0531072937607   -0.0625594478207
0.922431401028   -0.106313801133   0.371238045042
-0.105889206034   0.854869949191   0.50792208656
-0.371359376404   -0.507833383758   0.777301400937
-0.960664812557   -0.264243182945   -0.0854321846936
0.256641149126   -0.962266350851   0.0904366662058
-0.106105789144   0.0649539089367   0.99223109769
0.206443601963   -0.153774888788   0.966299292552
0.244246051245   -0.948210548067   -0.203077874188
0.947483459306   0.277938914354   -0.158193091595
-0.334818882544   -0.242896207637   0.910438217677
0.842532352665   -0.509826022017   0.173829404842
0.421942591599   0.825275020578   0.375347292258
0.635994218741   0.492642967081   -0.593981700655
0.187530308193   -0.84530418211   -0.500293137286
-0.748561111224   0.206793971605   -0.629994060346
-0.328724258835   0.0895632695603   0.940169549815
0.811522968176   0.535993326542   0.232683531919
-0.483084706627   0.839457905227   -0.248876659361
0.762890780885   -0.268219660772   -0.588265135815
0.498953910486   -0.334372485459   0.799524881525
-0.411147968073   -0.903467351122   -0.121260437927
-0.99141818727   -0.077929065553   0.104962082162
-0.0796394703888   -0.276681606208   -0.957655910827
0.103670307736   -0.957796611775   0.268100946969
0.743823652547   0.609270717908   0.274800957443
0.250352862709   -0.635190563912   0.730654769129
0.619717530852   -0.474681092753   -0.625002433705
-0.498500402013   0.394079983332   0.772138793178
-0.857525363241   -0.0936022878863   -0.505854586912
-0.127073209572   -0.914297314028   0.384594358994
0.382643719306   0.874100935657   -0.29921787774
-0.454291081563   -0.103998295915   -0.884762096645
-0.804489525903   0.474480672663   0.357301964704
0.722573466293   0.669338313243   0.172840412621
0.584218069435   -0.724919898965   0.364938881773
0.369563030017   -0.162718660606   -0.914847421341
0.616636155444   -0.780858688688   0.100097752718
-0.741931329501   -0.533906743943   0.405563177664
-0.263244665861   -0.324350577418   -0.908569727002
0.471536109996   -0.842338408031   0.260997515936
-0.810188033272   -0.296943852376   0.505390640276
-0.348208339522   -0.449767000669   -0.822472247189
0.645210670687   -0.697436563661   -0.311906123858
0.0283150904643   -0.386142186847   0.92200459174
-0.7634798269   -0.603718851126   -0.229395079963
-0.163933913557   -0.565991703456   -0.80794743864
0.349733018658   0.732481545474   -0.584086980852
0.922394973775   -0.378317561262   0.0778674206277
0.890639732594   0.447594983355   0.0801223913772
0.319146908081   -0.489819895347   -0.811308647301
-0.323892139125   0.748154530159   -0.579101615621
-0.23188570134   0.796471284077   0.558446519512
0.627651370994   0.561105946939   -0.53964235638
-0.743157303674   0.225374377317   -0.63001873944
0.115311890282   -0.0646412508325   0.991223827725
0.880294759507   -0.455658673701   -0.132122327654
0.460200287205   0.887804416396   0.00436049136789
0.060321667414   -0.6861355803   -0.724968455788
0.968825304221   0.215083161273   -0.122950248632
0.240289047487   -0.694951220722   0.677719687241
0.145420247111   -0.512424626613   -0.846329695669
0.984191746259   -0.0124820435539   0.176665800832
-0.101091831149   -0.858641485504   0.502508946235
-0.394224238409   0.342382561596   0.852854871221
0.527129581356   0.84442022248   -0.095335682338
-0.75280917523   0.411981394461   -0.513370895462
-0.113841868115   -0.993465505741   0.00814358436486
-0.961916027517   0.112269527077   0.249225017394
-0.248510734314   0.020538797239   -0.968411365453
0.469889857763   0.174520454165   -0.865301180312
-0.232977868398   0.970022121527   0.0691259472613
0.851425178397   0.169114442985   0.496462960114
-0.808412151947   -0.365051089609   -0.461743970788
-0.392660302027   -0.249946541029   0.88506757586
-0.438506191285   0.896807910649   0.0587187500037
-0.702698104475   -0.141005140339   -0.697375741165
-0.327016904118   -0.806489279804   0.492579928521
-0.631882361194   0.574188637957   0.52060742374
0.0636955147153   -0.320575789231   -0.945078856373
0.670997705996   -0.687234122523   0.278336737402
-0.738718457839   -0.651874546365   0.171331888008
-0.900545299798   0.418442425452   0.118000422006
-0.434721614452   -0.862952346348   -0.257546822658
-0.00593977610044   -0.283229914582   0.959033646201
0.484661595927   -0.869375939243   0.0963774543116
-0.542518142624   -0.212342687483   0.81276358678
-0.686132058978   -0.446201814584   -0.574566565599
-0.593429723018   -0.184725748715   -0.783401277508
-0.435935512789   -0.74442521634   0.505758169452
-0.67661022201   0.641644368042   0.361235535948
-0.341625416183   -0.892337588308   -0.295001192388
0.937877206774   -0.343939665673   -0.0457367619177
-0.0606499796565   -0.292299734637   0.954401616249
0.644363025308   0.35873094095   -0.675357981829
-0.546301128065   -0.402049664492   -0.734786462013
-0.535118088921   0.842418054939   -0.0630908204238
0.760353635731   -0.581676090498   0.288990093902
-0.516791269829   -0.811317474236   -0.273296065519
0.393432500003   0.0584540994524   -0.917493316705
-0.692954639845   -0.351696660726   -0.629383290175
-0.625430296706   -0.141056681859   0.767424235
-0.35867925934   0.925425562289   -0.122215864693
-0.895990996603   0.189997956158   0.40137377924
0.100527788692   -0.793601482414   0.600075704233
0.432543983551   0.578011646739   0.691959708746
0.568525350679   0.147069723795   0.809413010754
-0.381061826545   -0.824896361482   0.417537875125
0.729089027476   -0.545817267185   -0.412931835607
-0.442300235705   -0.467807990165   0.765196828165
0.405869365264   -0.865228907501   -0.294362015155
0.799775318346   0.180373562263   0.57255988176
0.805281506877   0.133207526913   0.577734757009
0.171694731677   0.88028682203   -0.442285010005
-0.567487985597   0.455357953411   0.686007667937
-0.627675960647   0.525583157358   -0.574269303661
-0.0296779815011   -0.753304537104   -0.657001896339
-0.777908803035   -0.395341142661   0.488429396208
-0.591082011171   -0.3790308369   0.712009607202
-0.515858230363   0.856230524956   0.0275603755521
-0.620090591959   -0.351005573763   -0.701628637493
0.570197223187   0.491281280185   -0.65842070928
0.0430983160153   -0.81826383996   -0.573224932614
-0.820376536614   0.298474441039   -0.487745165246
0.927483736109   0.357556973831   0.109210483555
0.340086352308   -0.928224816493   0.150797755358
0.155290670123   -0.10272147055   -0.982513667722
0.687772102744   0.725849297802   -0.0105986587548
0.300015991963   -0.270921975235   0.914653862344
0.66102945415   -0.632253177307   -0.404098973682
0.213649532312   -0.16531248502   -0.962821717474
0.793784549998   0.603867381448   0.0724587731537
0.569438289481   -0.779753786729   0.260238480156
-0.309817029314   0.275700936593   -0.909946373095
-0.264281645592   0.89435143371   0.360958065187
0.91332832002   0.352313080345   -0.204222607141
-0.167960979712   0.0757472609247   -0.982879169459
-0.0317085748388   -0.99694273571   -0.0714125198851
-0.98528355085   0.0191711808987   0.169849316298
0.558405056419   -0.828682034066   -0.0383390060123
0.298531333751   0.157615446513   0.941295072647
-0.773991495906   -0.537069322748   0.335400815188
0.179931533279   0.882441378535   -0.434651419854
0.379117185268   0.345517628429   0.858421649471
0.907686511504   -0.319240946457   -0.272379174936
-0.465798205309   -0.629616511262   0.621783789333
0.18904493188   -0.757249080043   -0.625168652849
0.864461708615   -0.173657362414   0.471751072938
0.17575784555   0.455795022119   -0.872559497994
0.810436497104   0.436170902922   0.39108519226
0.55883974795   -0.775890353888   -0.292732462934
0.258109914369   0.527675987616   -0.809281980646
0.364999312695   0.722323198778   0.587388030385
0.894513708021   -0.446998040936   -0.00616259382213
0.281262627187   0.246936286135   -0.92731537523
0.769952928726   -0.634834252787   0.0644822381321
-0.572768558926   -0.732125632715   -0.368684466486
0.949880153861   0.29651466985   -0.0990290051685
0.234784545043   -0.885809917575   -0.400271167254
-0.206407147915   0.356959158012   -0.911030322657
0.752716017331   0.563245139445   0.340842353801
-0.0346663481889   -0.483097408299   0.874880070865
0.657432005273   -0.670352002298   -0.344109505038
0.608536868994   0.0348700516408   0.79275907978
0.335934918572   -0.916414201385   -0.217560892591
0.718909319427   0.398709281306   -0.56938589677
-0.739819759466   0.52687397994   -0.418414307553
-0.204892275384   0.415923119572   0.88601755857
0.640847781452   0.741223156592   -0.199755733687
-0.762558163542   -0.448935506241   -0.465791754383
0.399677955575   -0.893102223982   0.206460527333
-0.508687113108   -0.0287285355481   0.860472017094
0.0352381770003   -0.982328246808   -0.183819167675
0.925194422691   -0.0374772940978   0.377638362258
-0.377853875332   -0.183375756168   0.907523983675
-0.634849621516   0.556955811743   0.535505538558
-0.627517408081   0.0326766071185   -0.777916539162
-0.450763641631   -0.829899068027   0.328754735739
0.991035063084   -0.132663954101   0.0158043987538
-0.00342430501977   -0.143478241229   -0.989647547579
0.133558144165   0.980721300664   -0.142646249692
-0.474246572704   -0.879899141115   0.0294565738606
-0.85217303556   0.450385405617   -0.266372115419
0.221113784608   -0.151428160765   -0.96342005708
0.106257691604   -0.982824875894   -0.150879310371
-0.0571096367584   0.145455655645   -0.987715111573
0.992697230964   0.113568990328   -0.0406729894599
0.346597877144   -0.293866477438   0.89079313255
-0.852439040699   0.297611526412   0.42985469782
-0.391430189754   -0.908333569117   -0.147351734853
0.382515015465   0.25526644538   -0.887987221083
0.441023132887   0.794081723812   0.418249700736
0.811899537629   -0.551609696951   0.191169775402
-0.435812375047   0.215953825227   0.873745683323
-0.891764460713   -0.234930550923   -0.386734770679
0.121752701674   -0.947719147012   0.294965587861
-0.772954997059   0.624385701548   0.112619129032
-0.619300547266   -0.781075549236   0.0799238296287
0.137867344496   -0.00796756474637   0.990418655536
-0.587820102161   -0.753635007886   -0.294111887527
0.773256064887   -0.63026774586   0.0695530491304
-0.237786849112   -0.18653912034   0.953236891319
0.0346358619284   -0.738504713433   0.673358110744
0.856946496697   -0.324737810558   -0.400235001208
0.514240273478   0.590894358266   0.621611453002
0.990371091766   0.133397993735   0.0370145358232
-0.0659677631926   0.219680003119   0.973339072702
0.121710126177   -0.966408646224   0.226364691789
-0.762895046926   0.112041168599   -0.636740075632
0.0273455194009   0.989579974441   0.141363703804
0.645943782341   0.0904336813555   -0.758009484988
0.73769932561   -0.559163059059   -0.37833368655
-0.415090613029   -0.817606930939   0.399022166622
-0.532446699651   -0.137315621341   -0.835251418536
0.0849005531484   0.923848939198   -0.37322249881
0.882822299399   0.103922424638   0.458066498821
0.461970436024   -0.368379243716   -0.806771373463
-0.406914842246   0.849170608433   -0.336644603304
0.909009391167   0.412788123107   -0.057514278155
0.0901234593774   -0.329416519311   -0.939873671764
-0.963438327075   0.25624627136   -0.0782587908022
0.176059289119   0.385302670172   -0.905839378186
-0.201964642051   -0.886498562194   -0.416329896343
0.59163250278   0.736162489447   -0.328687953516
-0.803859250867   0.507559951342   -0.310150287102
-0.0614921657623   0.447713842678   0.892059991606
-0.64664242083   0.176212351697   -0.742160890031
-0.363165352132   0.784485416737   0.502686341507
0.670793937505   0.594585433757   -0.443287328231
-0.794424688805   0.471844136021   -0.382429764949
0.435618530184   0.00388324771242   -0.900123000788
-0.42323269011   -0.881673426893   -0.208628996865
-0.973235190171   -0.14537005382   0.177991044903
0.192301893465   -0.0910770095305   0.977100281499
-0.125830228416   0.985176393235   0.116594287293
-0.575087571371   0.520393623947   0.631240652532
0.692345737674   0.720633640418   0.0366679127212
-0.43581150143   0.458124036101   -0.774719757569
0.932249055029   0.361767263272   -0.00601220615376
-0.351460980612   0.901493237269   -0.25255716633
-0.0859469516944   0.237559235522   0.967563295662
0.997804582647   -0.064069718754   -0.0167656191958
0.00897281535179   0.381604300761   -0.924282232992
0.0656163351072   0.922102612934   0.381341405814
-0.852945462523   -0.406350835944   0.327662991639
-0.510983408336   0.521682752505   -0.68318596454
0.106677056424   -0.750150720766   -0.652605471756
-0.3407851143   -0.797174334735   0.498375948367
-0.448758452694   -0.327887498743   -0.831327636557
0.826124298764   -0.506954503094   -0.245999542246
0.439268052388   0.300336154164   -0.846665088836
0.329561893047   0.822878514238   0.462882176646
0.835722763123   -0.482357901674   0.262484890785
0.15783976072   -0.40773307179   0.899355520417
-0.959775314283   -0.27751410106   0.0426294476326
0.23220240315   -0.869907849075   -0.435134896428
0.0404586053054   -0.595896356119   -0.802041541331
0.997972675338   0.0635676633588   0.00311311008958
0.0491288157405   -0.800541494826   0.597260139742
-0.996085950665   0.0191235520943   -0.0862963999408
0.0861444118287   -0.00863537227662   -0.996245236203
-0.0197969492128   -0.999779835814   0.00695418585627
-0.573020768202   -0.132695955943   0.808726766272
0.335415841465   0.862399879655   0.379160468489
-0.747758926729   0.48852659175   -0.449664715816
-0.830097302351   0.549447749551   0.0951085650349
0.00084665896847   -0.169319943086   0.985560774403
0.55761792636   0.818191864655   0.140086833125
-0.932052731339   -0.0143983550871   0.362036453101
0.264415956545   0.656111378092   0.706825340139
-0.247713358396   0.754526703907   -0.607723247181
-0.580107680152   0.168527077827   -0.796915116853
0.529133425135   -0.665848574216   -0.525988112622
-0.619268033919   -0.726804169123   0.297090561802
0.299481070771   -0.107543245773   0.948021908259
0.724971032755   -0.620310034727   -0.299386810806
0.620264532209   0.776949104579   -0.107805375456
-0.245264348123   -0.813234355746   -0.527726522144
-0.222082228097   0.57700865848   -0.785964688776
0.943676259902   -0.075570435177   -0.322124550173
0.949153695101   -0.121682902161   0.290345543098
-0.226724445512   0.375642439269   0.898603796802
-0.218410825928   -0.918741546433   0.328953920749
0.999839016432   -0.00284964449416   0.0177149864996
0.00316372658811   0.999837857739   -0.0177270715825
-0.0176615982996   0.017780263189   0.999685915769
0.893947893371   -0.40435853089   -0.193264953972
-0.264035626761   -0.823622907179   0.501926782081
-0.362135819463   -0.397667556215   -0.843041020945
0.861016570704   -0.508511927489   0.00812924192316
0.508467416679   0.861052889376   0.00698626313482
-0.010552305379   -0.00188183368616   0.999942552126
