-0.513782969019   -0.776556143156   -0.364674673199
-0.0715017595478   0.462348705213   -0.883810598018
0.854935412255   -0.428011952304   -0.29307202111
-0.146750140273   -0.858201195672   0.491889320962
0.708956173716   0.255529140683   0.657332489698
-0.689815584109   0.44519160595   0.570928098723
0.77943883972   0.215229929519   -0.588346133305
0.258665027864   0.74478187261   0.615136054537
0.570585224569   -0.631645501583   0.524839462916
0.950150432614   -0.183747756829   0.251894655093
0.0834478410128   0.928285897484   0.362383430033
-0.300417398355   -0.323298707688   0.897344600682
-0.607863566431   0.735207465403   -0.299953108705
0.379686153242   -0.0626447826949   -0.922991904752
-0.697381036193   -0.674941193007   -0.241068613347
0.59085878691   -0.687455345664   0.422245238752
0.534364758378   0.725584000906   0.433569097876
-0.604433783747   -0.0305451362305   0.796069592258
0.228883963926   -0.94872912448   -0.218002705076
-0.815233343765   -0.0644283751793   -0.575537644021
0.531983765044   0.309454411561   -0.788182238378
0.947244646489   -0.199665839615   0.250721224049
-0.116615283639   -0.943339835937   -0.310661921639
0.29854389178   0.265034915484   -0.916857697931
-0.994995897022   0.0741859587893   0.0669298769401
-0.0963547869469   -0.535198072141   -0.839213190202
-0.0264370940368   -0.841462695011   0.539668058128
-0.986089005483   0.0726247974165   -0.14951291605
0.0626432378656   0.995548058164   0.0704264768125
0.153962001855   0.0600808013156   -0.986248447045
-0.889581462505   -0.221534272081   -0.399458868797
-0.455842888173   0.374674232915   0.807357715323
-0.0291904585247   0.900300941621   -0.434288074495
0.892330887135   0.0344724172113   -0.450063595857
-0.447915872266   0.190949817095   -0.87344692954
0.0558297343432   0.980994301616   0.185831162511
0.196426843594   0.680600157548   0.705832785199
-0.369849438502   0.718111611496   -0.589514296922
-0.908090242187   -0.145255426684   0.392775983307
-0.445942943963   0.799603905224   0.402204531899
0.862048779703   0.262774772008   0.433383572148
0.240845992579   0.539984271944   -0.806480126173
-0.839412865366   0.524768042668   0.14143741673
-0.492654294996   -0.844572648515   0.209735039995
0.229516420064   0.106374540064   0.967474376998
-0.00948511461778   0.590656237641   -0.806867548942
0.510040290728   0.696905506217   0.504164276045
0.860098212087   -0.406752903297   -0.307868707771
0.732966789929   -0.679483202295   0.0325923711827
0.66876813755   0.710981303497   -0.217381609792
0.124534585794   0.181130240093   0.975542399419
-0.211036923564   -0.921259892969   0.326716431327
-0.962595723092   0.253974618404   0.0943735508056
-0.169920248287   -0.294579535631   -0.94039885496
0.109308871329   0.922940485202   0.369096777856
0.869129527648   -0.268931272845   0.415078106693
0.48235405546   0.275421188839   -0.831551401851
0.923060189076   -0.0046455345944   -0.384627490375
-0.050530974159   -0.992725995729   -0.109278168247
-0.381322052856   0.120305928421   -0.916580588706
0.81608613305   0.134454723897   0.562072371377
-0.565665888882   -0.0134647885292   0.82452459128
0.118429411885   -0.990828252873   0.0650680237043
0.205959497967   -0.666648235095   -0.716352438289
0.977314614832   0.103203393816   0.184946487234
-0.0493642465018   -0.738193192971   0.672780782289
-0.501926917967   0.356189015688   -0.788161629441
-0.842769751318   0.00345194833676   0.538263160839
0.194444118666   0.934407549818   0.298452702384
-0.290091087798   0.868014808413   0.402985673636
-0.173732761263   -0.461862232102   0.869770203112
0.941097278948   0.182300770525   0.284784726806
0.160881115878   0.75160679683   -0.639690932805
0.637164464399   -0.574070923112   -0.514260654283
-0.753749767403   -0.324853502669   -0.571254312844
-0.210930813302   0.433595333166   -0.876072644851
-0.913212673191   -0.407067504644   0.0184027222762
-0.34864137093   0.80392234309   0.481827833106
0.944791361083   0.185301848541   0.270245275536
-0.00433696079665   0.831741355632   -0.555146384391
-0.327643823066   0.523325464944   0.786625694309
-0.0776268143087   -0.847689679873   -0.524782130352
-0.0249055942236   0.527855003975   -0.848969261019
0.996671354598   -0.0528327683846   -0.06208791757
0.922423922793   -0.106582074941   0.371179697668
-0.105661071173   0.854828766139   0.508038894791
-0.371442922531   -0.507846474717   0.777252927572
-0.960609199274   -0.263825507297   -0.0873273609455
0.255914788351   -0.962299594339   0.092125522183
-0.108340146638   0.0661482610033   0.991910691642
0.206236944171   -0.15301663012   0.966463777782
0.244437141708   -0.948326245528   -0.202306242601
0.947479185319   0.277962664667   -0.158176959255
-0.334660361138   -0.242999000692   0.910469070505
0.843015497131   -0.508958756606   0.174028318588
0.421102498544   0.825779916041   0.375180244661
0.635635159615   0.492955147053   -0.594107033164
0.187275888   -0.845054435603   -0.500810086401
-0.748929693386   0.207070577003   -0.629464923967
-0.328962690217   0.0897795234846   0.940065521976
0.811333900549   0.536272781883   0.232698958381
-0.483239951024   0.839256302076   -0.249254907996
0.762645518468   -0.268889877743   -0.588277185354
0.498525878212   -0.335132226825   0.799473788999
-0.412121052501   -0.902986502773   -0.121538528438
-0.991517171469   -0.0758208323643   0.10556940874
-0.0808921395298   -0.275777394093   -0.957811719843
0.101735738285   -0.958226502601   0.267304712396
0.74361068032   0.609153377735   0.275636206818
0.250715351449   -0.636211321421   0.729641670304
0.619826563373   -0.47346311038   -0.625817636734
-0.498920124847   0.393946647451   0.77193571493
-0.85723907373   -0.0934348247073   -0.506370520472
-0.127357290698   -0.914371900538   0.384322973568
0.382380172901   0.874045814381   -0.299715394558
-0.453611577091   -0.105020844896   -0.884989920432
-0.804998099688   0.474356971594   0.356319411482
0.722957983663   0.668932645807   0.172802978074
0.583488590476   -0.72509692375   0.365753353987
0.369963266612   -0.16359574121   -0.91452917658
0.616156211973   -0.781319485347   0.0994554385861
-0.742166498036   -0.533670108396   0.405444329838
-0.263705160435   -0.323629537005   -0.908693298719
0.471599316522   -0.84244212591   0.260548170495
-0.810104017851   -0.297194536129   0.505377965445
-0.348318194928   -0.449407022851   -0.822622491119
0.644987591559   -0.697477509541   -0.312275728194
0.0284531283667   -0.386433044122   0.921878474581
-0.763663162802   -0.603485398411   -0.229399101316
-0.164375605116   -0.566203549394   -0.807709230538
0.349451930429   0.732312585201   -0.584466958754
0.922422901256   -0.378327659852   0.0774865990246
0.890790111125   0.447226341425   0.0805082446515
0.319190909202   -0.48970977797   -0.811357810613
-0.323434910615   0.748447014087   -0.578979210075
-0.232227986172   0.796663694125   0.558029677438
0.627762392583   0.560986575514   -0.539637323164
-0.742956621141   0.224991156619   -0.630392289409
0.115756561265   -0.0636670633395   0.991235049607
0.880172758248   -0.455909519112   -0.132069777089
0.460321989657   0.887746030928   0.00326349656885
0.0594806027543   -0.686765182433   -0.724441607098
0.968876039989   0.214415485442   -0.123714262468
0.240294146893   -0.694535516587   0.678143892672
0.14492818491   -0.512219824576   -0.846538051437
0.984385736731   -0.0117420771028   0.175632698964
-0.0999026653234   -0.858774111706   0.502520131462
-0.393294218286   0.341695168631   0.853559646186
0.527581105698   0.844192661249   -0.0948521354733
-0.752979305674   0.41301714544   -0.512288007667
-0.113512927339   -0.993512169341   0.00695591107807
-0.961624331024   0.111624398   0.250636469321
-0.249786831738   0.0217615059935   -0.968056287386
0.470306957434   0.173072079867   -0.865365484035
-0.233200500861   0.970098463518   0.0672792499805
0.85113388617   0.170161764948   0.496604552499
-0.808122759165   -0.364869831893   -0.462393351913
-0.393950970297   -0.248786173275   0.884820927075
-0.437881535488   0.8972042386   0.0573089444828
-0.702975417474   -0.140790443674   -0.697139593911
-0.326795682497   -0.80666395812   0.492440697517
-0.631688328473   0.573995914306   0.521055223591
0.064141295409   -0.319885345633   -0.945282634915
0.670764009827   -0.687527792135   0.278174725961
-0.738892101287   -0.651904057889   0.170468653904
-0.900503303913   0.418372536012   0.11856736799
-0.434811951963   -0.86274142948   -0.258100353137
-0.00568911873802   -0.283974729456   0.9588148867
0.484410939312   -0.869550394609   0.0960632765979
-0.542674977976   -0.212542055317   0.81260675791
-0.686185040754   -0.445766739402   -0.574840937902
-0.593815078691   -0.183994509106   -0.783281349796
-0.436401045994   -0.744219335965   0.505659675108
-0.675971729715   0.642093140124   0.361633267319
-0.341476153213   -0.892666342157   -0.294178242512
0.938006600858   -0.343475673369   -0.0465626304151
-0.0594781769634   -0.291841161222   0.954615672971
0.644255352582   0.358975439207   -0.675330789107
-0.546012059575   -0.402422780379   -0.734797071735
-0.535542595383   0.842135701581   -0.0632581113618
0.760211758318   -0.581329379624   0.290059019687
-0.516189588897   -0.811575663788   -0.273666311886
0.394495108753   0.0583189020231   -0.917045535858
-0.692930553635   -0.352555541332   -0.628929120104
-0.625532001411   -0.139822331178   0.767567215893
-0.358548411027   0.925286067106   -0.123647608025
-0.895986827746   0.189714871657   0.401516963499
0.100829383695   -0.793629859187   0.599987568197
0.432482415699   0.578065665889   0.69195306635
0.568895647149   0.146995000362   0.809166368878
-0.380935360433   -0.824886540304   0.417672655074
0.728866238638   -0.545852237784   -0.413278768726
-0.442234726438   -0.467861927257   0.765201714423
0.40636279562   -0.865091019474   -0.294086392682
0.799560957694   0.180894292469   0.572694971066
0.804769552597   0.133226389802   0.578443338862
0.172002312665   0.880339755724   -0.442060085204
-0.568120736861   0.45525008902   0.685555384193
-0.628163741802   0.525138041996   -0.574143144463
-0.0298621406671   -0.753623676878   -0.656627448561
-0.777507920243   -0.395324411715   0.489080814858
-0.591059390237   -0.378654997454   0.712228327235
-0.51628466806   0.856002557488   0.0266413794679
-0.619757161103   -0.351965928006   -0.70144211934
0.570717079873   0.492017339213   -0.657419921097
0.043612950552   -0.817644413094   -0.574069267842
-0.819987759229   0.298959113677   -0.488101959701
0.927333523759   0.358038941221   0.108906621849
0.340542824298   -0.92799802288   0.151163005894
0.155187372336   -0.103091154328   -0.98249126885
0.688009214116   0.72561494908   -0.0112368573495
0.29985402   -0.270145089373   0.91493671769
0.660856177985   -0.632854308952   -0.403440870091
0.214466480168   -0.165707162616   -0.962572212949
0.793564293485   0.604114323046   0.0728120649032
0.56943818013   -0.779478685371   0.261061559909
-0.309201750264   0.274930104251   -0.910388771575
-0.265641422726   0.894225743936   0.360270666879
0.913142328537   0.353233289283   -0.203463341112
-0.1680764132   0.0761522352492   -0.98282814184
-0.0297909232125   -0.996948661483   -0.0721516961739
-0.985323713416   0.0171523594053   0.16983220056
0.558886173738   -0.828281820904   -0.0399433344097
0.299874804795   0.156963637448   0.940976895555
-0.773124405418   -0.537876976342   0.336105656109
0.180685323063   0.882810914137   -0.433587019996
0.377659207758   0.34477478246   0.859362480084
0.908144447115   -0.319022317808   -0.27110592748
-0.465940310474   -0.628996015963   0.622305101199
0.187660826279   -0.757565245964   -0.625202617067
0.864686672359   -0.174524812017   0.47101809799
0.176263579126   0.456663995682   -0.872002950523
0.81003892815   0.436017424805   0.39207874228
0.559256725981   -0.775465537799   -0.29306162173
0.257649699838   0.528192793402   -0.809091468977
0.364420270399   0.722403823048   0.587648349753
0.894882393779   -0.446256752826   -0.00635703242388
0.281195390597   0.246918637011   -0.927340465527
0.770103007009   -0.634647121329   0.0645320849229
-0.572599782486   -0.732293805849   -0.368612630022
0.949982122642   0.296372979322   -0.0984734674313
0.235034864544   -0.886102219952   -0.399476492731
-0.205651596417   0.356350828431   -0.911439250838
0.752409819066   0.56372289429   0.340728576179
-0.0342876589817   -0.483057886202   0.874916816057
0.657802265589   -0.669978788493   -0.344128758397
0.608611470119   0.0337834657834   0.792748860535
0.336191772974   -0.915960884876   -0.219067909932
0.71872607454   0.399842887666   -0.568822023975
-0.740182660642   0.52708419655   -0.417506740822
-0.204512046073   0.415026885377   0.886525525535
0.640550116615   0.741575980033   -0.199400636767
-0.762793775756   -0.448229450316   -0.466085845673
0.399445102641   -0.893433607047   0.205475058766
-0.508516730938   -0.0294406125647   0.860548653295
0.035243973571   -0.982178486723   -0.184616582529
0.924798668765   -0.0379710748364   0.378557287245
-0.378820913596   -0.184075032781   0.906979105453
-0.63484082651   0.557007558304   0.535462141509
-0.627908895908   0.0319037886041   -0.777632668239
-0.450230544761   -0.829894407901   0.329496173421
0.991143357161   -0.131926668582   0.015172332446
-0.0038777546943   -0.14295663238   -0.989721356886
0.13273962699   0.980896913735   -0.142202095804
-0.474293255954   -0.879867494325   0.0296496169689
-0.852365442301   0.450520587121   -0.265526558654
0.220270424995   -0.151209764928   -0.963647522107
0.105981047487   -0.982927788708   -0.150402725236
-0.0564573784292   0.145062505438   -0.987810424088
0.992764111959   0.113180527039   -0.0401196498582
0.346997222464   -0.295137309474   0.890217330857
-0.852283919306   0.296909754464   0.430646860661
-0.391414164914   -0.908151180289   -0.14851392273
0.383981690795   0.254386426309   -0.887606673727
0.441127592669   0.793955346412   0.418379438894
0.811150114418   -0.552197839558   0.192647444486
-0.436665972881   0.215261212167   0.873490376973
-0.891254766548   -0.235644108247   -0.387474896416
0.122424545058   -0.947699564622   0.294750345178
-0.773214881854   0.624120408921   0.112305216475
-0.618947796456   -0.7812944792   0.0805143591703
0.137994100387   -0.00725616555465   0.990406470253
-0.5883021638   -0.753322563736   -0.29394842921
0.772647351533   -0.630907453207   0.0705113867246
-0.238572073467   -0.185636473934   0.953216903599
0.0346991837424   -0.738109216216   0.673788358154
0.856463249072   -0.32548460187   -0.400662547457
0.51504045437   0.590977629764   0.620869367485
0.990435648038   0.13270100357   0.0377845305343
-0.0666317012159   0.220221266774   0.973171521395
0.120819880356   -0.966381413993   0.22695708669
-0.762548241709   0.112664138557   -0.637045501475
0.0267387164672   0.989366190125   0.142967069212
0.646378542426   0.0919855082093   -0.757451943143
0.737138056244   -0.559878147129   -0.378370118277
-0.41435528738   -0.816813808274   0.401403660214
-0.533795074778   -0.139110254765   -0.834093013495
0.0843350881546   0.923499419034   -0.374214398373
0.882457103424   0.105195019517   0.458479518066
0.462771059513   -0.368894064621   -0.80607699109
-0.406086231038   0.849277826783   -0.337373896287
0.909270240365   0.41236718126   -0.0563998032367
0.0912228203187   -0.329667227297   -0.939679688138
-0.963625346005   0.255696901498   -0.0777514443602
0.175614040845   0.386508609435   -0.905411952368
-0.201459428159   -0.886132151204   -0.417353458604
0.591154776865   0.736649629282   -0.32845601451
-0.804133724261   0.506742285932   -0.310775174611
-0.0624898655466   0.447838787206   0.891927932838
-0.646963795548   0.176843312828   -0.741730604707
-0.363423568763   0.783634866411   0.503825074617
0.670344058613   0.595518965989   -0.442714359637
-0.794487548496   0.47179353401   -0.382361604442
0.435554480302   0.00393896455161   -0.900153753115
-0.423180611528   -0.881700258492   -0.208621245805
-0.973175127359   -0.145192879386   0.178463439575
0.192747111809   -0.0910143244441   0.977018394727
-0.125613384552   0.985208313263   0.116558384939
-0.575400829614   0.520163127834   0.631145154241
0.691936089901   0.721031505115   0.0365789027237
-0.436048544054   0.457759641159   -0.774801767005
0.932152487273   0.362006932396   -0.00653615854986
-0.351893555446   0.901566595436   -0.251691477069
-0.0852212773129   0.236914868446   0.967785450915
0.997816736327   -0.0635793272422   -0.0178726006008
0.00777121772642   0.381768169089   -0.924225445032
0.0655848220235   0.922068725322   0.381428757309
-0.852953474896   -0.406093839189   0.327960612629
-0.511068722174   0.521866163256   -0.682982041392
0.106203252674   -0.750162316716   -0.652669416857
-0.340587302299   -0.797053846987   0.498703774315
-0.447317767973   -0.329173723061   -0.831595739829
0.826986761665   -0.506310008838   -0.244423957463
0.439199256402   0.299504451965   -0.846995334361
0.330972592541   0.822539257384   0.462478446038
0.835201266859   -0.483452431285   0.26213086526
0.158316686991   -0.407138441162   0.899541058734
-0.959511202429   -0.278388879686   0.042870550279
0.23296797856   -0.869906846389   -0.434727500361
0.0409558235691   -0.595299496724   -0.802459425589
0.997943062072   0.0640139026259   0.00344458034576
0.0493180025846   -0.800949891985   0.596696744712
-0.996110604088   0.0198711531425   -0.0858417246816
0.0856774580456   -0.00897694233885   -0.996282483881
-0.0205678780232   -0.999762247626   0.00723951756633
-0.574068338545   -0.132418128146   0.808029072508
0.335236559717   0.862326086578   0.379486718393
-0.747035468843   0.488732196346   -0.450642706082
-0.829880390809   0.549814105203   0.0948840696311
0.000424407360409   -0.169438897543   0.985540602856
0.557941176854   0.817921090154   0.140380673359
-0.932359806348   -0.0147285058397   0.361231591397
0.263706769562   0.655797448478   0.707381400842
-0.247313427041   0.754793201934   -0.60755517537
-0.580352913924   0.168703868354   -0.796699127715
0.529253238993   -0.665400954274   -0.526433831613
-0.618935783676   -0.727173002011   0.296880313984
0.299169839784   -0.107899574367   0.948079684845
0.725616411098   -0.619511622055   -0.299476500052
0.619659770284   0.777536514892   -0.107045490803
-0.244935552909   -0.813610189057   -0.527299758376
-0.222362323761   0.576510155019   -0.786251256362
0.943695698778   -0.0753292866112   -0.322124085852
0.949318814951   -0.122103543681   0.289628231015
-0.225852412382   0.375853817384   0.898734997527
-0.218596604277   -0.918599277476   0.329227720613
0.999808031886   -0.00338199074912   0.0192992620421
0.00376095102226   0.999800168403   -0.0196336066243
-0.0192290047638   0.0197024211772   0.999620958151
0.893743189454   -0.404166820599   -0.194608048216
-0.262578813007   -0.823103399477   0.503540624705
-0.363696959382   -0.398936053642   -0.841768701509
0.860457290041   -0.509446940632   0.00877876390114
0.509393809299   0.860499471046   0.00765554548139
-0.0114542159177   -0.00211542193417   0.999932160663
