-0.51376837492   -0.778512179852   -0.360500872135
-0.0663062334061   0.454973816872   -0.888032853603
0.855362832546   -0.432339698076   -0.285371363163
-0.152949437499   -0.860329985619   0.48624971509
0.709360063076   0.247000455856   0.660150766373
-0.688051402569   0.445895820856   0.572505176067
0.784212172031   0.216496616602   -0.58149844408
0.250676363707   0.746732294559   0.616078078747
0.567602515221   -0.628903865814   0.531325995922
0.94571262598   -0.189864769578   0.263778299093
0.0852436125278   0.928107738495   0.362421780825
-0.313625812531   -0.320261448622   0.89390796423
-0.609653055668   0.729509353638   -0.310063242912
0.384809195995   -0.0695978626609   -0.920368432999
-0.692997097969   -0.680420637131   -0.238291367888
0.591404497623   -0.690046846867   0.417224258184
0.537605285645   0.723045766354   0.433803379536
-0.601016879082   -0.0322512984276   0.798585355282
0.229429811239   -0.948455810547   -0.21861743927
-0.814033389091   -0.063847027719   -0.577298164368
0.533583700657   0.310411304235   -0.786723077297
0.947591781616   -0.199332132936   0.249672725797
-0.115729689598   -0.94257748127   -0.313295990229
0.297785848379   0.267982155085   -0.916247308254
-0.995072007179   0.0752762705088   0.0645380914211
-0.0947993397713   -0.531463563442   -0.841759800911
-0.0290648955852   -0.843729794025   0.535980641842
-0.987179517746   0.0775847062469   -0.139489158988
0.0701306760311   0.995874106884   0.0575889237225
0.143381655216   0.0470681376755   -0.988547563553
-0.885790586472   -0.219749569893   -0.408760547638
-0.463410079479   0.371330291033   0.804589927197
-0.0250231139362   0.902121901512   -0.43075504899
0.889425516129   0.0234883893281   -0.45647624135
-0.452181130648   0.191041082144   -0.871226429939
0.0667420104146   0.98130095005   0.180537819862
0.197120279074   0.68286639452   0.703446567059
-0.371925830841   0.715974271297   -0.590806245804
-0.907091379166   -0.14517006278   0.395108699799
-0.44730553031   0.80081319809   0.398266196251
0.863595247269   0.270896017551   0.425227671862
0.232639208436   0.534147500992   -0.81275177002
-0.837536156178   0.526298820972   0.146774336696
-0.495316505432   -0.844746053219   0.202646747231
0.230639770627   0.0970242246985   0.968189835548
-0.019210299477   0.589727699757   -0.807373642921
0.509884297848   0.70039921999   0.499458700418
0.860028505325   -0.402072370052   -0.314147770405
0.738076031208   -0.673850417137   0.0341969169676
0.664177596569   0.716688990593   -0.212661713362
0.11879362911   0.179673328996   0.976527273655
-0.22067835927   -0.918706953526   0.327534198761
-0.959017932415   0.265573829412   0.0987683609128
-0.177723690867   -0.292315125465   -0.93966281414
0.111793376505   0.925004184246   0.363138377666
0.862506747246   -0.271812558174   0.4268489182
0.493542611599   0.265490412712   -0.828209221363
0.922777295113   -0.00850661750883   -0.385239809752
-0.0515595301986   -0.993491947651   -0.10156454891
-0.381868690252   0.113584242761   -0.917210400105
0.811581790447   0.142841696739   0.566507935524
-0.570797145367   -0.012939479202   0.820989131927
0.124601796269   -0.989660978317   0.0710321813822
0.210126623511   -0.667845785618   -0.714022934437
0.976443469524   0.106723032892   0.187532112002
-0.0490398406982   -0.736608564854   0.674539029598
-0.502035260201   0.353445053101   -0.789327025414
-0.844724237919   -0.00466303201392   0.535181462765
0.185476601124   0.935443639755   0.300904631615
-0.297389894724   0.869368076324   0.394662410021
-0.173622131348   -0.455715984106   0.873028218746
0.938836812973   0.191107645631   0.286466866732
0.164617434144   0.752714514732   -0.637433886528
0.641986370087   -0.572392821312   -0.510117590427
-0.748835504055   -0.325249612331   -0.577458262444
-0.218110784888   0.440373897552   -0.870918214321
-0.913420379162   -0.406350821257   0.0232863761485
-0.343643605709   0.800593435764   0.490875989199
0.940866947174   0.178164735436   0.288143604994
0.0130154695362   0.830904304981   -0.55626308918
-0.338526248932   0.527119874954   0.779451489449
-0.0749985948205   -0.838534295559   -0.539662361145
-0.034669470042   0.543052017689   -0.838982999325
0.996580779552   -0.0442127361894   -0.0697996765375
0.926938772202   -0.110670231283   0.358520030975
-0.0937437489629   0.856901586056   0.506884396076
-0.363313376904   -0.503459811211   0.783920645714
-0.958770155907   -0.271809369326   -0.0829422473907
0.263556599617   -0.959630727768   0.098217882216
-0.106290474534   0.0723083987832   0.991702497005
0.214461073279   -0.149930953979   0.965156555176
0.247736960649   -0.947485029697   -0.202233791351
0.944792509079   0.282476216555   -0.166055217385
-0.343149930239   -0.240386813879   0.907999098301
0.838929951191   -0.51319539547   0.181182295084
0.422427088022   0.823920309544   0.377770662308
0.636380255222   0.487286031246   -0.597973644733
0.185395315289   -0.849101603031   -0.494626194239
-0.748764812946   0.203908830881   -0.630692064762
-0.341507017612   0.0992794111371   0.934621095657
0.811378657818   0.533043503761   0.239852577448
-0.474381268024   0.840242981911   -0.262591302395
0.757298111916   -0.263729780912   -0.59744977951
0.507569551468   -0.337969720364   0.792558908463
-0.410941302776   -0.903450667858   -0.12208262831
-0.992231547832   -0.0801716074347   0.0951263532043
-0.0697823241353   -0.274348765612   -0.959095001221
0.102989986539   -0.958282470703   0.266622960567
0.744535326958   0.610274493694   0.270614475012
0.251927763224   -0.63224029541   0.732669532299
0.618222892284   -0.477323025465   -0.624470353127
-0.495454132557   0.391911387444   0.775197207928
-0.859826982021   -0.0945123881102   -0.501761853695
-0.123380444944   -0.915135443211   0.38380253315
0.383647233248   0.87166506052   -0.304983407259
-0.455509275198   -0.108666196465   -0.883573949337
-0.803321897984   0.477903455496   0.355362027884
0.724657714367   0.667715907097   0.170371994376
0.586091756821   -0.72722953558   0.357258468866
0.362446725368   -0.159036487341   -0.918335318565
0.619491219521   -0.777196645737   0.110435463488
-0.742475688457   -0.534426748753   0.403878539801
-0.254873365164   -0.33219486475   -0.908122301102
0.468695729971   -0.841635704041   0.268279105425
-0.812313854694   -0.291311830282   0.505255997181
-0.347088575363   -0.454738140106   -0.820208966732
0.647299230099   -0.699577987194   -0.302645534277
0.0165973082185   -0.384019523859   0.923175811768
-0.762055277824   -0.602594077587   -0.236964434385
-0.164181739092   -0.56872677803   -0.805974066257
0.35177269578   0.729585289955   -0.586482048035
0.921574890614   -0.379809349775   0.0802779719234
0.884352862835   0.460133105516   0.0787242427468
0.326435148716   -0.488996952772   -0.808901786804
-0.333706587553   0.741052985191   -0.582649469376
-0.2328902632   0.79672652483   0.557663798332
0.629382073879   0.560628354549   -0.538120865822
-0.741377294064   0.225660517812   -0.632010281086
0.116414301097   -0.073154091835   0.990503013134
0.879661381245   -0.45543435216   -0.137023359537
0.461132913828   0.887258708477   0.0113317519426
0.0731953084469   -0.683716833591   -0.726067304611
0.965475857258   0.231070175767   -0.12026194483
0.249997615814   -0.692197859287   0.67702537775
0.132812559605   -0.517777383327   -0.845143437386
0.98576259613   -0.0197074692696   0.16698436439
-0.103116363287   -0.855288386345   0.5077881217
-0.397579133511   0.346370846033   0.849681138992
0.534561216831   0.840071737766   -0.0923240110278
-0.745771467686   0.417500495911   -0.519151449203
-0.122278429568   -0.992484152317   0.00481787603348
-0.960611283779   0.119569301605   0.250856727362
-0.24954739213   0.0260462593287   -0.968012213707
0.465399354696   0.179718598723   -0.866662979126
-0.239387303591   0.968233764172   0.0722298324108
0.852113366127   0.173852398992   0.49363771081
-0.811840832233   -0.383699387312   -0.440101355314
-0.359861433506   -0.264758110046   0.894652366638
-0.459797978401   0.884690880775   0.0768628418446
-0.701951861382   -0.143647789955   -0.697587966919
-0.322230547667   -0.80942094326   0.490922838449
-0.635162234306   0.569388329983   0.521886765957
0.0572190247476   -0.323784142733   -0.944399178028
0.667174756527   -0.691308498383   0.277435451746
-0.742700397968   -0.645953834057   0.17646458745
-0.9012824893   0.416354566813   0.119744420052
-0.433163791895   -0.861136138439   -0.266108423471
-0.0076792105101   -0.29170781374   0.95647662878
0.4919706285   -0.865627408028   0.0930272638798
-0.530185163021   -0.213130950928   0.820657610893
-0.690556704998   -0.453061133623   -0.56379699707
-0.594178557396   -0.181870862842   -0.783501625061
-0.444038242102   -0.738041102886   0.508060395718
-0.670657813549   0.64978325367   0.357770591974
-0.332125395536   -0.893975496292   -0.300833016634
0.940636873245   -0.337570399046   -0.0353342853487
-0.0699643343687   -0.294710040092   0.953022003174
0.644643485546   0.361802250147   -0.673449218273
-0.539078056812   -0.409488260746   -0.736012339592
-0.542060494423   0.837507307529   -0.0689342841506
0.763253390789   -0.579791247845   0.285107702017
-0.513912677765   -0.812238156796   -0.275976359844
0.391584038734   0.0641194283962   -0.917905569077
-0.687179267406   -0.35289272666   -0.63502073288
-0.630817770958   -0.143727898598   0.762503266335
-0.360352069139   0.92455881834   -0.12384416908
-0.897131800652   0.195721894503   0.396039754152
0.0962194949389   -0.78840225935   0.607588410378
0.431156992912   0.583193600178   0.688468515873
0.573130249977   0.140143081546   0.807391881943
-0.390812933445   -0.81925702095   0.419622659683
0.720268666744   -0.556037604809   -0.414771258831
-0.448638737202   -0.466165930033   0.762504160404
0.405150324106   -0.86656588316   -0.291404813528
0.796603083611   0.178193315864   0.577642321587
0.803434252739   0.135707587004   0.579721331596
0.172093629837   0.879186570644   -0.444313824177
-0.569979965687   0.456743299961   0.683014214039
-0.630935847759   0.531247615814   -0.565416574478
-0.0334281250834   -0.746722459793   -0.664295196533
-0.775114476681   -0.400226861238   0.488892585039
-0.598291218281   -0.363949030638   0.713854849339
-0.505347371101   0.862761497498   0.0163286607713
-0.621829271317   -0.350975394249   -0.700103342533
0.567062735558   0.49366414547   -0.659344792366
0.028288140893   -0.811691880226   -0.583400428295
-0.823188722134   0.312172979116   -0.474245041609
0.926803648472   0.359133481979   0.10980951041
0.342526227236   -0.928261578083   0.144935116172
0.153982996941   -0.0967137590051   -0.98332887888
0.681800961494   0.731436789036   -0.0121545670554
0.304473280907   -0.268625557423   0.913857936859
0.665164291859   -0.626769959927   -0.405852109194
0.214987665415   -0.169678643346   -0.961763739586
0.794688284397   0.602817058563   0.0712888166308
0.567671358585   -0.779628574848   0.264439880848
-0.307232439518   0.277026683092   -0.910419940948
-0.260499566793   0.895666480064   0.360446244478
0.915285885334   0.347904771566   -0.203012496233
-0.161939993501   0.066960439086   -0.984526157379
-0.0298707131296   -0.997570574284   -0.0629343390465
-0.986348390579   0.0192169137299   0.163546726108
0.547741651535   -0.835620880127   -0.0414347946644
0.308846175671   0.155922323465   0.938244223595
-0.777555882931   -0.526712417603   0.343483448029
0.177512228489   0.882010936737   -0.436515837908
0.390814870596   0.343904614449   0.853811085224
0.903190553188   -0.322158783674   -0.28365573287
-0.463229835033   -0.640166163445   0.612866520882
0.198548212647   -0.748923242092   -0.632212460041
0.863710999489   -0.17117613554   0.474027425051
0.170286953449   0.452245861292   -0.875486195087
0.804450809956   0.44930550456   0.388565868139
0.569088041782   -0.77045327425   -0.287298679352
0.257068544626   0.52708876133   -0.809995830059
0.358308374882   0.72643840313   0.586431860924
0.897513747215   -0.440981447697   -0.00211584195495
0.281319737434   0.253374099731   -0.925559699535
0.768502950668   -0.637104094028   0.0591743066907
-0.574684679508   -0.727942228317   -0.373948693275
0.949245214462   0.297509610653   -0.102086037397
0.235056176782   -0.886639475822   -0.398270100355
-0.209002688527   0.354060024023   -0.911569714546
0.749416649342   0.566598296165   0.342550814152
-0.0391761660576   -0.478517949581   0.877203404903
0.660938680172   -0.670810639858   -0.336412161589
0.609856188297   0.0348378904164   0.791746020317
0.335553318262   -0.916415810585   -0.218142256141
0.717968940735   0.398708403111   -0.570571780205
-0.742717325687   0.526057302952   -0.41428810358
-0.195133343339   0.421811401844   0.885436713696
0.640541911125   0.738470613956   -0.210635304451
-0.762438833714   -0.454811781645   -0.460253477097
0.403597742319   -0.890242695808   0.211132124066
-0.505762696266   -0.0247819405049   0.862316608429
0.0393914878368   -0.98166435957   -0.186503216624
0.928367495537   -0.0330781042576   0.370188653469
-0.369570165873   -0.187725797296   0.910042285919
-0.630681276321   0.560183525085   0.537061929703
-0.632356345654   0.0302013382316   -0.774088740349
-0.449851721525   -0.827817797661   0.335188180208
0.989870965481   -0.140643075109   0.0193653274328
0.000124546437291   -0.135544016957   -0.99077129364
0.141969978809   0.980738162994   -0.134153559804
-0.482089459896   -0.875100374222   0.0422972217202
-0.851106286049   0.456324219704   -0.25958865881
0.207864880562   -0.161144375801   -0.96479254961
0.0999045222998   -0.983540296555   -0.150557368994
-0.0654242411256   0.144493535161   -0.987340509892
0.992843747139   0.108489885926   -0.0499118231237
0.349436700344   -0.291754931211   0.890378057957
-0.851359903812   0.297950088978   0.431754589081
-0.391254723072   -0.908903062344   -0.144273757935
0.382066875696   0.249565020204   -0.889798998833
0.443877220154   0.794948995113   0.413556605577
0.810554087162   -0.552967786789   0.1929474473
-0.429746866226   0.210051670671   0.878177642822
-0.893855988979   -0.236643999815   -0.380816280842
0.127824366093   -0.94861894846   0.289452970028
-0.767596840858   0.630823016167   0.113390795887
-0.626014113426   -0.775852382183   0.0784815996885
0.137482523918   -0.010742017068   0.990445971489
-0.581982672215   -0.756882071495   -0.297364622355
0.775168895721   -0.626864492893   0.0784480199218
-0.245783224702   -0.184852406383   0.951535701752
0.0379192791879   -0.735030293465   0.676973104477
0.858622908592   -0.322603344917   -0.398363858461
0.511203289032   0.596370279789   0.618880987167
0.990444779396   0.133067190647   0.0362259335816
-0.0652793198824   0.220973879099   0.973092556
0.121481709182   -0.96615922451   0.227548956871
-0.758097171783   0.118317164481   -0.641318738461
0.0308450590819   0.98880892992   0.145964100957
0.65141171217   0.0908734574914   -0.753262758255
0.732189893723   -0.561107397079   -0.386078238487
-0.413200348616   -0.81655561924   0.403115928173
-0.541445672512   -0.135629743338   -0.829723536968
0.0951667129993   0.924297094345   -0.369618982077
0.880353629589   0.0951758995652   0.464670866728
0.464672744274   -0.369616627693   -0.804650723934
-0.415510326624   0.846546113491   -0.332732409239
0.905271232128   0.420474648476   -0.0607045739889
0.0885163247585   -0.326436460018   -0.941065430641
-0.963642179966   0.256556898355   -0.0746477171779
0.170710414648   0.376231640577   -0.910663366318
-0.205552116036   -0.890296757221   -0.406349599361
0.599733114243   0.735336601734   -0.315595060587
-0.797321617603   0.515714347363   -0.31355535984
-0.0678118392825   0.439680278301   0.895590782166
-0.646212160587   0.182845145464   -0.740930140018
-0.375598073006   0.768949151039   0.517342507839
0.664331197739   0.6126049757   -0.428228020668
-0.791756272316   0.47755074501   -0.380877077579
0.429986387491   -0.00714918226004   -0.902807056904
-0.433859139681   -0.878575086594   -0.199679911137
-0.971544444561   -0.143743768334   0.18825289607
0.201590806246   -0.084558814764   0.975812971592
-0.124348595738   0.985995709896   0.111130066216
-0.577312588692   0.522854506969   0.627162992954
0.695187032223   0.717620551586   0.0416623540223
-0.428281664848   0.460047751665   -0.777773022652
0.933661699295   0.35813164711   0.00419453671202
-0.344709873199   0.90172624588   -0.260892450809
-0.0972161740065   0.242139399052   0.965358734131
0.997928321362   -0.0624179504812   -0.0155920572579
0.00962106417865   0.384413897991   -0.923110723495
0.0636124834418   0.921048283577   0.384218037128
-0.852707087994   -0.410888344049   0.322585433722
-0.511408269405   0.530653834343   -0.675920188427
0.106546513736   -0.741334795952   -0.662624001503
-0.347259640694   -0.798145055771   0.49231621623
-0.452250629663   -0.317366778851   -0.833515286446
0.821510851383   -0.512096524239   -0.250752925873
0.442535638809   0.295857608318   -0.846540272236
0.338499844074   0.819058895111   0.463206619024
0.83040958643   -0.491539210081   0.262315005064
0.161004900932   -0.409880846739   0.897816836834
-0.957808852196   -0.284326672554   0.0419593937695
0.238074928522   -0.866692602634   -0.438365489244
0.0538200214505   -0.592935204506   -0.803449630737
0.997829675674   0.062506005168   0.0207121893764
0.037939440459   -0.802820563316   0.595012366772
-0.996912181377   0.00932136643678   -0.0779692232609
0.0779260545969   -0.00490862224251   -0.996947050095
-0.00967563036829   -0.999944508076   0.00416708830744
-0.580189168453   -0.124958001077   0.804839134216
0.332591056824   0.865671813488   0.374159693718
-0.743480801582   0.484765708447   -0.460693508387
-0.831002771854   0.54751843214   0.0982747450471
0.0063717328012   -0.167287364602   0.98588758707
0.556231796741   0.819901525974   0.13552762568
-0.932033419609   -0.0204563364387   0.361794561148
0.263255506754   0.647870898247   0.714814543724
-0.249018654227   0.76147544384   -0.598452091217
-0.578404128551   0.169393569231   -0.79796898365
0.524940311909   -0.671466171741   -0.523039996624
-0.624408781528   -0.72141456604   0.299457281828
0.289002597332   -0.10986340791   0.951003432274
0.727302789688   -0.620755672455   -0.292733669281
0.6225014925   0.77626824379   -0.099496036768
-0.251365602016   -0.811040461063   -0.528231680393
-0.207404285669   0.578212320805   -0.789084255695
0.945409357548   -0.0887911096215   -0.313555955887
0.95180118084   -0.116651557386   0.283666908741
-0.222286775708   0.374903440475   0.900020003319
-0.211336433887   -0.919695496559   0.330903440714
0.999927759171   -0.00794219691306   0.0090245353058
0.00799420662224   0.999951541424   -0.00574179785326
-0.00897849537432   0.00581352692097   0.999942779541
0.893710553646   -0.404706001282   -0.193634912372
-0.261325538158   -0.820410132408   0.508562803268
-0.364678472281   -0.403906226158   -0.838969230652
0.862297773361   -0.506342589855   0.00773112429306
0.506256043911   0.862315416336   0.0108144758269
-0.0121424971148   -0.00541137019172   0.999911606312
