-0.513739526272   -0.778752624989   -0.360022217035
-0.0662098377943   0.454368114471   -0.888350069523
0.855387568474   -0.432543575764   -0.284987956285
-0.153481408954   -0.860298097134   0.486138492823
0.709240078926   0.246653228998   0.660409510136
-0.688056647778   0.446149468422   0.572301208973
0.784666478634   0.216438606381   -0.580906927586
0.250420838594   0.746543049812   0.616411268711
0.567087233067   -0.629148483276   0.531586587429
0.945566236973   -0.189666554332   0.264444828033
0.0846910327673   0.928020954132   0.362773418427
-0.314216315746   -0.320630222559   0.893568336964
-0.609710216522   0.72946369648   -0.310058265924
0.38397103548   -0.0703895390034   -0.920658230782
-0.693411588669   -0.680388152599   -0.23717571795
0.591060101986   -0.690397381783   0.41713231802
0.537768185139   0.72270911932   0.434162348509
-0.601209878922   -0.0322955735028   0.798438251019
0.229468047619   -0.948447942734   -0.218611434102
-0.813793957233   -0.0637457445264   -0.57764685154
0.533932387829   0.310456156731   -0.786468803883
0.94759118557   -0.199433773756   0.249593913555
-0.115782409906   -0.942498028278   -0.313515424728
0.297767341137   0.268185853958   -0.916193723679
-0.995106399059   0.0751453712583   0.0641593709588
-0.094412393868   -0.531572818756   -0.841734290123
-0.0291470568627   -0.843672633171   0.536066174507
-0.987232863903   0.0775115564466   -0.139152035117
0.0701836198568   0.995914280415   0.0568248257041
0.142988070846   0.0463331416249   -0.988639295101
-0.88557857275   -0.219850555062   -0.409165412188
-0.463815450668   0.371107548475   0.804459095001
-0.0250164084136   0.902188956738   -0.430614978075
0.889220416546   0.0229613985866   -0.456902474165
-0.452477604151   0.19142177701   -0.87098890543
0.0674619600177   0.981239259243   0.180605664849
0.1973618716   0.682737827301   0.703503608704
-0.371748030186   0.716143071651   -0.590713500977
-0.90711170435   -0.14494176209   0.39514580369
-0.447548031807   0.800653815269   0.398314267397
0.863509178162   0.271122872829   0.425257891417
0.232492238283   0.534271359444   -0.812712430954
-0.837413132191   0.526568233967   0.146510064602
-0.495780140162   -0.844640433788   0.201951950788
0.23008979857   0.0964804291725   0.96837502718
-0.019406016916   0.58938485384   -0.807619273663
0.509656608105   0.70077419281   0.499164998531
0.860159039497   -0.401921719313   -0.313983112574
0.738190770149   -0.673687696457   0.0349177233875
0.664151012897   0.71671962738   -0.21264141798
0.118227690458   0.180160582066   0.976506233215
-0.220695734024   -0.918723285198   0.327476650476
-0.958912074566   0.26575127244   0.0993172079325
-0.178272366524   -0.292102426291   -0.939625024796
0.11148866266   0.925110697746   0.362960726023
0.86224770546   -0.271633803844   0.427485644817
0.494063943624   0.265302240849   -0.827958643436
0.923012018204   -0.00831884611398   -0.384681165218
-0.0512926131487   -0.993503391743   -0.101587757468
-0.381336957216   0.113498024642   -0.917442262173
0.811430990696   0.143431171775   0.566574990749
-0.570915937424   -0.0128756770864   0.820907533169
0.125038772821   -0.989576518536   0.071439422667
0.210050463676   -0.668090522289   -0.713816404343
0.976466715336   0.106836117804   0.187346622348
-0.0489031411707   -0.736370205879   0.674809157848
-0.501808583736   0.353765666485   -0.789327561855
-0.844725191593   -0.00411131512374   0.535184502602
0.186084732413   0.935325026512   0.300897836685
-0.297315090895   0.869617938995   0.394167929888
-0.173568084836   -0.455185472965   0.873315691948
0.938870549202   0.191234961152   0.286271423101
0.164755567908   0.752950429916   -0.637119472027
0.641997396946   -0.572247207165   -0.510267078876
-0.748795688152   -0.324959695339   -0.577673137188
-0.217798352242   0.440803557634   -0.870779037476
-0.913583874702   -0.406000554562   0.0229800734669
-0.343407094479   0.800534665585   0.491137266159
0.940563380718   0.177753403783   0.289385914803
0.0140821374953   0.830946862698   -0.556173503399
-0.339326053858   0.527191638947   0.779055118561
-0.0746417194605   -0.838349759579   -0.539998471737
-0.0349153205752   0.543374121189   -0.838764250278
0.996598958969   -0.0437525883317   -0.0698296278715
0.927093327045   -0.110887981951   0.358052790165
-0.0932566970587   0.85696554184   0.506866157055
-0.363044261932   -0.503303050995   0.784146010876
-0.958669245243   -0.271958500147   -0.0836170613766
0.263561546803   -0.959538817406   0.099099047482
-0.107184641063   0.0729649662971   0.991558134556
0.214664146304   -0.14955291152   0.965170025826
0.247929781675   -0.94749379158   -0.201956212521
0.944695770741   0.282647162676   -0.166314333677
-0.343375384808   -0.240351438522   0.907923221588
0.83896446228   -0.513033151627   0.181481748819
0.4221752882   0.82403165102   0.377809256315
0.63624471426   0.487208217382   -0.598181247711
0.185222625732   -0.849149405956   -0.49460875988
-0.74892270565   0.203895509243   -0.630508840084
-0.342073380947   0.099707454443   0.934368371964
0.811278283596   0.533073663712   0.240125104785
-0.474144876003   0.840173125267   -0.263240814209
0.75698196888   -0.263791054487   -0.59782320261
0.50776052475   -0.338389873505   0.792257249355
-0.411287724972   -0.903275489807   -0.122212342918
-0.99229824543   -0.0795312523842   0.094968341291
-0.0698420926929   -0.273971557617   -0.959198474884
0.102304875851   -0.958443701267   0.266306877136
0.744488358498   0.610268652439   0.270756840706
0.252128213644   -0.63250887394   0.732368707657
0.618197798729   -0.476974487305   -0.624761402607
-0.495500952005   0.391770511866   0.775238454342
-0.85980373621   -0.0944734737277   -0.501809000969
-0.123354494572   -0.915199756622   0.383657425642
0.383558124304   0.871558845043   -0.305398672819
-0.455308586359   -0.109246499836   -0.883605837822
-0.803478240967   0.47796484828   0.354925870895
0.724876523018   0.667510688305   0.170245438814
0.585896372795   -0.727372705936   0.357287526131
0.362325131893   -0.159243136644   -0.918347477913
0.619421899319   -0.777238249779   0.110531568527
-0.742575824261   -0.534378886223   0.403757840395
-0.254750311375   -0.332174509764   -0.908164262772
0.468605279922   -0.841646373272   0.268403500319
-0.812377274036   -0.291191935539   0.505223095417
-0.347062289715   -0.454795122147   -0.820188462734
0.647288918495   -0.699674785137   -0.30244371295
0.0162321794778   -0.384037673473   0.923174738884
-0.762071847916   -0.602470099926   -0.237226098776
-0.164325982332   -0.568905472755   -0.805818557739
0.35175383091   0.729419767857   -0.586699306965
0.921556413174   -0.379859685898   0.0802520513535
0.884191215038   0.46042662859   0.0788240656257
0.326714396477   -0.488945424557   -0.808820188046
-0.333861678839   0.74090462923   -0.582749247551
-0.233057051897   0.796764433384   0.55754005909
0.629487812519   0.560608625412   -0.538017749786
-0.741235136986   0.225575834513   -0.632207274437
0.116570867598   -0.0730954781175   0.990488886833
0.879594266415   -0.455529898405   -0.137136563659
0.461221367121   0.887214481831   0.011192846112
0.0733410492539   -0.683846831322   -0.725930154324
0.965370535851   0.231406882405   -0.120460048318
0.250361442566   -0.691956877708   0.677137196064
0.132183134556   -0.517887711525   -0.845174491405
0.98588269949   -0.0197187345475   0.166272357106
-0.102776177227   -0.85522133112   0.507970035076
-0.397352546453   0.346260607243   0.849832057953
0.535020828247   0.839812397957   -0.0920205935836
-0.74556261301   0.418113261461   -0.51895827055
-0.122431069613   -0.992468118668   0.00420929724351
-0.960464656353   0.11954947561   0.251427054405
-0.250036537647   0.0267395991832   -0.967867076397
0.465428769588   0.17929263413   -0.866735398769
-0.239651545882   0.968215584755   0.071594171226
0.852023005486   0.174392491579   0.493603140116
-0.811826527119   -0.384262055159   -0.439636588097
-0.359184503555   -0.264970958233   0.894861400127
-0.460352182388   0.884382903576   0.0770894810557
-0.702043116093   -0.143686592579   -0.697488069534
-0.321939796209   -0.809596657753   0.490823864937
-0.635208785534   0.56912869215   0.522113323212
0.0571483373642   -0.323640048504   -0.944452881813
0.666928708553   -0.691582739353   0.27734336257
-0.742926716805   -0.645732462406   0.176322042942
-0.90128582716   0.416267842054   0.120020441711
-0.433157324791   -0.860980331898   -0.266622513533
-0.00765114091337   -0.292290836573   0.95629888773
0.492080450058   -0.865590572357   0.0927888229489
-0.529834866524   -0.213212221861   0.820862710476
-0.690747320652   -0.453093230724   -0.563537657261
-0.594373106956   -0.181494429708   -0.783441364765
-0.444481641054   -0.737733006477   0.508120179176
-0.670191526413   0.650238275528   0.357817709446
-0.331728994846   -0.894150435925   -0.300750523806
0.940782308578   -0.337174087763   -0.0352464988828
-0.0698896124959   -0.294633060694   0.953051328659
0.644622564316   0.361966699362   -0.67338091135
-0.538734614849   -0.409874290228   -0.736048996449
-0.542426764965   0.837247371674   -0.0692102238536
0.763271152973   -0.579637825489   0.285371929407
-0.513620257378   -0.812335908413   -0.276232808828
0.391932845116   0.0642677173018   -0.917746305466
-0.68696898222   -0.353225290775   -0.635063350201
-0.631061851978   -0.143350094557   0.762372434139
-0.360325604677   0.924490451813   -0.124429941177
-0.897182106972   0.195780098438   0.39589703083
0.0961934700608   -0.788243710995   0.607798218727
0.431058138609   0.583388388157   0.688365399837
0.573404610157   0.13990868628   0.807237684727
-0.391094356775   -0.819051325321   0.419761955738
0.719897449017   -0.556399583817   -0.414930313826
-0.448858737946   -0.466117352247   0.762404382229
0.405283093452   -0.866573572159   -0.29119732976
0.796411633492   0.178283140063   0.577878594398
0.803175866604   0.13578671217   0.580060780048
0.172223687172   0.879180371761   -0.444275707006
-0.570304751396   0.45673173666   0.682750761509
-0.631181001663   0.531331896782   -0.565063714981
-0.0336308963597   -0.746579349041   -0.664445817471
-0.774906158447   -0.400381982327   0.48909586668
-0.598544299603   -0.363243162632   0.71400219202
-0.505109250546   0.862914919853   0.0155708920211
-0.62177914381   -0.351329267025   -0.699970304966
0.567148804665   0.494000315666   -0.659018874168
0.0279170777649   -0.811224400997   -0.584068179131
-0.823142051697   0.312855690718   -0.473875999451
0.926730751991   0.35935407877   0.109702847898
0.342772632837   -0.928185582161   0.144839584827
0.153873294592   -0.0966241657734   -0.983354866505
0.681685805321   0.731538832188   -0.0124671049416
0.304547220469   -0.268217027187   0.913953304291
0.665248453617   -0.626825809479   -0.405627846718
0.215329155326   -0.169973552227   -0.961635231972
0.794649839401   0.602856993675   0.0713800191879
0.567595779896   -0.77953350544   0.264882147312
-0.306921333075   0.276820242405   -0.910587608814
-0.260818243027   0.89567387104   0.360197454691
0.915299475193   0.348050147295   -0.202701628208
-0.161756068468   0.0667882040143   -0.984568059444
-0.0291232112795   -0.997595608234   -0.0628872364759
-0.986400961876   0.0185013916343   0.163312226534
0.547553777695   -0.835710465908   -0.0421057194471
0.309729784727   0.155674502254   0.937994062901
-0.777336657047   -0.526643633842   0.344084590673
0.177703499794   0.88213545084   -0.436186373234
0.390730023384   0.343557804823   0.853989541531
0.903189659119   -0.322188049555   -0.283625364304
-0.463150262833   -0.640337586403   0.612747609615
0.198405504227   -0.748734354973   -0.632480919361
0.863786458969   -0.171361222863   0.473823010921
0.170222148299   0.452469140291   -0.875383377075
0.804058253765   0.449776351452   0.388833552599
0.569661915302   -0.770047366619   -0.287249654531
0.256865352392   0.527245044708   -0.809958517551
0.357811719179   0.726641356945   0.586483716965
0.897769987583   -0.440459996462   -0.00200547021814
0.281279444695   0.253595709801   -0.925511240959
0.768510818481   -0.637111544609   0.0589917674661
-0.574693858624   -0.727858543396   -0.374097436666
0.949264883995   0.297482997179   -0.101980552077
0.235161319375   -0.886791348457   -0.397869676352
-0.208794936538   0.35370182991   -0.911756396294
0.749182581902   0.566904604435   0.342556089163
-0.0391822196543   -0.478335678577   0.877302527428
0.661203622818   -0.670681893826   -0.336148172617
0.60991358757   0.034450404346   0.79171872139
0.335648655891   -0.91624712944   -0.21870341897
0.717875599861   0.399129509926   -0.570394814014
-0.742947995663   0.526125907898   -0.413787126541
-0.194628223777   0.421678304672   0.885611236095
0.640428066254   0.73849773407   -0.210886105895
-0.762517511845   -0.454769104719   -0.460165292025
0.403659850359   -0.890260994434   0.210936173797
-0.505594491959   -0.0249077323824   0.862411618233
0.0395223908126   -0.981585562229   -0.186889648438
0.928334534168   -0.0331190489233   0.370267599821
-0.369638949633   -0.188129976392   0.909930884838
-0.630516171455   0.560338616371   0.537093997002
-0.63268327713   0.0298139397055   -0.773836553097
-0.449623376131   -0.827726840973   0.335718721151
0.989873051643   -0.140639051795   0.0192866716534
0.000113066365884   -0.135083213449   -0.990834236145
0.141955286264   0.980802297592   -0.133699327707
-0.482402205467   -0.874900579453   0.042861212045
-0.851114392281   0.456594377756   -0.259086638689
0.207104846835   -0.161463752389   -0.964902579784
0.0995886921883   -0.983602464199   -0.15036046505
-0.0655050873756   0.144303008914   -0.987363040447
0.992870151997   0.108179569244   -0.0500600188971
0.349662035704   -0.292110294104   0.890173017979
-0.851278424263   0.297713011503   0.432078689337
-0.391230732203   -0.908866643906   -0.144568249583
0.382579833269   0.249044165015   -0.889724493027
0.444015592337   0.794933915138   0.413437068462
0.810236275196   -0.553224265575   0.193546190858
-0.42983481288   0.209555804729   0.878253042698
-0.893747270107   -0.236952066422   -0.380879998207
0.128288254142   -0.948651731014   0.289140164852
-0.767481565475   0.63098180294   0.113287344575
-0.626149117947   -0.775725662708   0.0786573812366
0.137511283159   -0.0105666806921   0.990443825722
-0.581957578659   -0.756874918938   -0.297431915998
0.774997472763   -0.626990020275   0.0791352167726
-0.246382310987   -0.184455633163   0.951457738876
0.0380780547857   -0.734755754471   0.677262187004
0.858511984348   -0.3227853477   -0.398455500603
0.511377811432   0.59661012888   0.61850553751
0.990472316742   0.132791146636   0.0364849120378
-0.0654998719692   0.221213042736   0.973023414612
0.121137954295   -0.966142475605   0.227803185582
-0.757801771164   0.118780851364   -0.641582131386
0.0307796224952   0.988703429699   0.146690770984
0.651758491993   0.0914148688316   -0.752897202969
0.731773793697   -0.561472594738   -0.386336147785
-0.412925541401   -0.81621414423   0.404087841511
-0.542217254639   -0.13617284596   -0.829130530357
0.0953391492367   0.924189984798   -0.369842231274
0.880096375942   0.0953427031636   0.465123772621
0.465124487877   -0.369841307402   -0.804286420345
-0.415545046329   0.846465468407   -0.33289411664
0.905221641064   0.420619338751   -0.0604415051639
0.0888600498438   -0.326459109783   -0.941025137901
-0.963713824749   0.256369054317   -0.0743677839637
0.17037640512   0.376281648874   -0.910705208778
-0.205493405461   -0.89032971859   -0.406307071447
0.599812626839   0.735489249229   -0.315087914467
-0.797214090824   0.515682816505   -0.313880443573
-0.0683702677488   0.43946197629   0.895655453205
-0.646323561668   0.183297678828   -0.740721166134
-0.376175075769   0.768028259277   0.5182903409
0.663896203041   0.613624095917   -0.427442759275
-0.791715085506   0.477699279785   -0.38077634573
0.429726541042   -0.00752055691555   -0.90292775631
-0.434191614389   -0.878491222858   -0.199325919151
-0.971460223198   -0.143591403961   0.188802957535
0.202097371221   -0.0843312591314   0.975727856159
-0.124184153974   0.986037373543   0.110943906009
-0.577469050884   0.52286452055   0.627010464668
0.695148468018   0.717651486397   0.0417732037604
-0.428133249283   0.459988117218   -0.777890026569
0.93367767334   0.35808840394   0.00433015357703
-0.344637125731   0.901759445667   -0.260873824358
-0.0973206460476   0.242079719901   0.965363204479
0.997937381268   -0.0621890835464   -0.0159221962094
0.00923878140748   0.384579390287   -0.923045694828
0.063526712358   0.920994699001   0.384360700846
-0.852706134319   -0.410904824734   0.322567045689
-0.511460185051   0.531035423279   -0.675581097603
0.106305010617   -0.741052389145   -0.662978589535
-0.347411602736   -0.798132240772   0.492229789495
-0.451832741499   -0.317488521338   -0.833695530891
0.821676552296   -0.512041032314   -0.250323057175
0.442599415779   0.295408338308   -0.846663832664
0.33934789896   0.818781554699   0.463076412678
0.830029368401   -0.492270946503   0.262146025896
0.161327719688   -0.409740865231   0.897822797298
-0.957627475262   -0.28492474556   0.042042311281
0.238585472107   -0.866562366486   -0.438345372677
0.0544866211712   -0.592604994774   -0.803648293018
0.997806608677   0.0626156926155   0.0214779768139
0.03759303689   -0.803055822849   0.594716846943
-0.996948778629   0.00922870263457   -0.0775108113885
0.0774679854512   -0.00491159548983   -0.996982753277
-0.00958155840635   -0.999945342541   0.00418168026954
-0.58080136776   -0.12459409982   0.804453909397
0.332436352968   0.86575627327   0.374101758003
-0.743071913719   0.484708547592   -0.461412847042
-0.830950140953   0.547592759132   0.0983061343431
0.00646048784256   -0.167189985514   0.985903501511
0.556309401989   0.819871783257   0.135388821363
-0.932129740715   -0.020783431828   0.361527591944
0.262992084026   0.647447347641   0.71529507637
-0.248936384916   0.761826753616   -0.598039031029
-0.57843965292   0.169498920441   -0.797920882702
0.524860560894   -0.671462357044   -0.523124933243
-0.62444293499   -0.721393346786   0.29943716526
0.288486391306   -0.110034823418   0.951140344143
0.727646768093   -0.62047201395   -0.292480200529
0.622339010239   0.776470720768   -0.0989312455058
-0.251456946135   -0.811088085175   -0.528115034103
-0.206983312964   0.578088700771   -0.789285361767
0.945477306843   -0.0891602784395   -0.313246101141
0.951950371265   -0.116621486843   0.283178269863
-0.221813172102   0.374998301268   0.900097310543
-0.211162060499   -0.919660627842   0.331111580133
0.999921798706   -0.00831883586943   0.00933735445142
0.00837452337146   0.999947309494   -0.00594078563154
-0.00928744114935   0.00601851707324   0.99993878603
0.893619000912   -0.404678940773   -0.194113463163
-0.260745227337   -0.820104718208   0.509352743626
-0.365317672491   -0.404553115368   -0.838379263878
0.862142324448   -0.506603360176   0.00797665398568
0.506511271   0.86216121912   0.0111511265859
-0.0125263603404   -0.00557359308004   0.999906003475
