-0.513672888279   -0.779240608215   -0.359060198069
-0.0660229548812   0.453150808811   -0.888985574245
0.855442047119   -0.432941585779   -0.284219056368
-0.154542267323   -0.860237836838   0.48590901494
0.708997488022   0.245956972241   0.660929441452
-0.688069224358   0.446649819613   0.571895718575
0.785565137863   0.216322079301   -0.579734623432
0.249912843108   0.746170282364   0.61706840992
0.566066265106   -0.629630565643   0.532103717327
0.94527310133   -0.189285337925   0.265762716532
0.0836053267121   0.927845478058   0.363473385572
-0.315386921167   -0.321362435818   0.89289265871
-0.609836935997   0.729368031025   -0.31003421545
0.382293254137   -0.0719499960542   -0.921235620975
-0.694226801395   -0.680327475071   -0.234954699874
0.590363919735   -0.691107332706   0.416942566633
0.538098752499   0.7220261693   0.434888422489
-0.601598024368   -0.0323861539364   0.798142194748
0.229549497366   -0.948434174061   -0.218585595489
-0.81330960989   -0.0635530501604   -0.57834982872
0.534634947777   0.310537666082   -0.78595918417
0.947588801384   -0.199630230665   0.249445796013
-0.115879736841   -0.942341387272   -0.313949942589
0.297737002373   0.268589735031   -0.91608530283
-0.995172858238   0.0748994350433   0.0634121522307
-0.0936557129025   -0.5317902565   -0.841681480408
-0.0293195005506   -0.843557476997   0.536237955093
-0.98733907938   0.0773506760597   -0.138486355543
0.0702726766467   0.995993971825   0.055296767503
0.142208829522   0.0448648519814   -0.988819420338
-0.885149359703   -0.220068052411   -0.409976363182
-0.46463406086   0.370659917593   0.804193019867
-0.0250153914094   0.902319967747   -0.430340498686
0.888808786869   0.021901672706   -0.457754641771
-0.453069120646   0.192170277238   -0.870516479015
0.0689010694623   0.981117188931   0.180725604296
0.197849303484   0.682477891445   0.703618884087
-0.371391534805   0.716483414173   -0.59052503109
-0.907151579857   -0.144483119249   0.395222276449
-0.448041558266   0.800329625607   0.398410916328
0.863331973553   0.271581023932   0.425325363874
0.232199639082   0.534524321556   -0.812629759312
-0.837158739567   0.527116835117   0.145990088582
-0.49671241641   -0.844421327114   0.200572595
0.229002341628   0.0953959971666   0.968740165234
-0.0198142342269   0.588697314262   -0.808110654354
0.509207248688   0.701526284218   0.498566716909
0.860415816307   -0.401617109776   -0.31366917491
0.738407671452   -0.673373699188   0.0363587699831
0.664108812809   0.716768205166   -0.212609514594
0.117104843259   0.181138679385   0.976460576057
-0.220719143748   -0.918758332729   0.327362447977
-0.958701014519   0.266096770763   0.10042373091
-0.179375231266   -0.291677266359   -0.939547181129
0.110865652561   0.925324440002   0.362606525421
0.861727952957   -0.271266072989   0.428765326738
0.495109885931   0.264932841063   -0.827452003956
0.923478782177   -0.00793573260307   -0.383567363024
-0.0507537201047   -0.993525743484   -0.101639591157
-0.380277484655   0.113329477608   -0.917902767658
0.811134457588   0.14460401237   0.566701471806
-0.57114636898   -0.0127472281456   0.820749282837
0.125907510519   -0.989407479763   0.0722503364086
0.209884569049   -0.668578505516   -0.713408172131
0.976515650749   0.107045590878   0.186971753836
-0.0486380904913   -0.735896766186   0.675344586372
-0.501335322857   0.354399770498   -0.789343833923
-0.844737708569   -0.00299686728977   0.535172104836
0.187299311161   0.935089230537   0.300877302885
-0.29716321826   0.870122373104   0.393167972565
-0.173473313451   -0.45411542058   0.873891413212
0.938936114311   0.191484227777   0.285889416933
0.165024608374   0.753423988819   -0.636489748955
0.642024576664   -0.571949362755   -0.510566711426
-0.748713076115   -0.324386000633   -0.57810240984
-0.217151686549   0.441648453474   -0.870512366295
-0.913913726807   -0.405292332172   0.0223560072482
-0.342938482761   0.800427854061   0.491638511419
0.93995565176   0.176915362477   0.291863590479
0.0162231158465   0.831034123898   -0.555984795094
-0.340910851955   0.527336001396   0.778265118599
-0.0739201456308   -0.83799290657   -0.540651202202
-0.0353991128504   0.543997585773   -0.838339745998
0.99663567543   -0.0428316220641   -0.069876588881
0.927402973175   -0.111326009035   0.357113689184
-0.0922773331404   0.857094168663   0.506827831268
-0.362503200769   -0.502987146378   0.784598827362
-0.958467543125   -0.272250950336   -0.0849669575691
0.263563066721   -0.959355890751   0.100850090384
-0.108970083296   0.0742673873901   0.991266787052
0.21505586803   -0.148804575205   0.965198516846
0.248329222202   -0.947506070137   -0.201407164335
0.944501757622   0.283000797033   -0.166814222932
-0.34383019805   -0.240288227797   0.907767772675
0.83903080225   -0.512713074684   0.182078719139
0.421673029661   0.824249267578   0.377895444632
0.635970830917   0.487062573433   -0.598590970039
0.184883415699   -0.849239110947   -0.494581699371
-0.749239087105   0.203870013356   -0.630141079426
-0.343217164278   0.100560203195   0.933857381344
0.811069726944   0.533140957355   0.240679472685
-0.473674863577   0.840028762817   -0.264544457197
0.75634008646   -0.263916313648   -0.598579883575
0.508149564266   -0.339234888554   0.791646242142
-0.411987513304   -0.90292185545   -0.122467987239
-0.992429554462   -0.0782501026988   0.0946596413851
-0.069966301322   -0.273226618767   -0.959401845932
0.100936822593   -0.958761751652   0.265683293343
0.744387090206   0.610267579556   0.271037518978
0.25253623724   -0.63303732872   0.731771230698
0.61815315485   -0.47627428174   -0.625339508057
-0.495587229729   0.391491800547   0.775324106216
-0.859760582447   -0.0943873599172   -0.501899123192
-0.123308606446   -0.915327906609   0.383366405964
0.383377373219   0.871347606182   -0.306227207184
-0.454910635948   -0.11040417105   -0.883666932583
-0.80378985405   0.47808393836   0.35405883193
0.725308418274   0.667106389999   0.169990345836
0.585508644581   -0.727651834488   0.35735476017
0.36208742857   -0.159661605954   -0.918368577957
0.619289875031   -0.777319550514   0.110699541867
-0.742767512798   -0.534297227859   0.40351319313
-0.254512220621   -0.332115650177   -0.908252537251
0.468435198069   -0.841664135456   0.268644720316
-0.812498211861   -0.290964335203   0.505159795284
-0.347008854151   -0.454907983541   -0.820148527622
0.647270262241   -0.699863910675   -0.302045911551
0.0155116813257   -0.384074658155   0.923171758652
-0.762102782726   -0.602226793766   -0.237744033337
-0.164615318179   -0.56927138567   -0.805501043797
0.351717084646   0.729081451893   -0.587141692638
0.921518802643   -0.379960983992   0.0802044942975
0.883865952492   0.461015194654   0.0790312364697
0.327281326056   -0.488842844963   -0.808652937412
-0.334167450666   0.740606307983   -0.582953214645
-0.233381465077   0.796823918819   0.557319283485
0.62969827652   0.560582399368   -0.537798643112
-0.740954220295   0.225430756807   -0.632588207722
0.116862222552   -0.0729776695371   0.990463256836
0.879461228848   -0.455724418163   -0.137343302369
0.461401313543   0.887124300003   0.0109240598977
0.0736175402999   -0.684108734131   -0.725655317307
0.96516007185   0.23207077384   -0.120868593454
0.25109064579   -0.691475510597   0.677358925343
0.130909472704   -0.518114864826   -0.845233559608
0.986123800278   -0.0197443030775   0.164833441377
-0.10209120065   -0.855083167553   0.508340656757
-0.396912515163   0.346031963825   0.850130796432
0.535935223103   0.839296758175   -0.091402515769
-0.745140194893   0.419336229563   -0.518578112125
-0.122714810073   -0.992437422276   0.00299792108126
-0.960175812244   0.119488582015   0.252556711435
-0.251004964113   0.0281139202416   -0.967577457428
0.465492069721   0.178408071399   -0.86688387394
-0.240160822868   0.96818447113   0.0702965632081
0.851845026016   0.175469055772   0.493528813124
-0.811786353588   -0.385382801294   -0.438728868961
-0.35784509778   -0.26541313529   0.895266890526
-0.461464852095   0.883762419224   0.0775514021516
-0.702215015888   -0.143765985966   -0.697298645973
-0.321365118027   -0.80994707346   0.490622252226
-0.635309815407   0.568609774113   0.522555589676
0.0570155531168   -0.323333233595   -0.944565951824
0.666434049606   -0.692136347294   0.277151405811
-0.743380725384   -0.645292878151   0.176017731428
-0.901286959648   0.416108310223   0.120563901961
-0.433155834675   -0.860664784908   -0.267641872168
-0.00760290957987   -0.293445110321   0.955945670605
0.492296516895   -0.865518510342   0.0923137143254
-0.529147863388   -0.213379457593   0.821262300014
-0.691119849682   -0.453152179718   -0.563033223152
-0.594754874706   -0.180740594864   -0.783325910568
-0.445368021727   -0.737120211124   0.508233368397
-0.669263720512   0.651142597198   0.357909739017
-0.330940544605   -0.89449596405   -0.300591647625
0.941070616245   -0.336387068033   -0.0350693054497
-0.0697457864881   -0.294483810663   0.953107953072
0.644585609436   0.362292408943   -0.673241138458
-0.538051426411   -0.410634040833   -0.736125230789
-0.543148338795   0.836734056473   -0.0697568431497
0.763298988342   -0.579333722591   0.285914450884
-0.513034582138   -0.812529683113   -0.276750773191
0.392645031214   0.0645595937967   -0.917421340942
-0.686544060707   -0.353897064924   -0.635148882866
-0.631553888321   -0.142589837313   0.762107491493
-0.360273361206   0.924351155758   -0.125610858202
-0.897288322449   0.195890083909   0.39560174942
0.0961361154914   -0.787931382656   0.60821211338
0.430849760771   0.583773255348   0.688169538975
0.573945462704   0.139458462596   0.806931197643
-0.391645640135   -0.818641245365   0.420047819614
0.719166398048   -0.557115614414   -0.415237158537
-0.449305415154   -0.46602216363   0.76219946146
0.405542641878   -0.866589963436   -0.290786892176
0.796027481556   0.178452238441   0.578355431557
0.802655696869   0.135929450393   0.580746948719
0.172494500875   0.879172980785   -0.444185167551
-0.570954918861   0.456703424454   0.682226121426
-0.631662428379   0.531511604786   -0.564356267452
-0.0340383462608   -0.746285557747   -0.664755046368
-0.774495899677   -0.400691062212   0.489492326975
-0.599043726921   -0.361835837364   0.714297831059
-0.504641592503   0.863214492798   0.0140551365912
-0.621677935123   -0.352044761181   -0.699700653553
0.56732738018   0.49467498064   -0.658358752728
0.0271736811846   -0.810281872749   -0.585409998894
-0.823043882847   0.314229100943   -0.473137259483
0.926581919193   0.359803795815   0.109485700727
0.343275845051   -0.928030908108   0.144638583064
0.153647631407   -0.0964357033372   -0.983408629894
0.68144339323   0.731753528118   -0.0131025258452
0.304700911045   -0.26738345623   0.914146304131
0.665426373482   -0.6269313097   -0.405172646046
0.215998604894   -0.170569121838   -0.961379647255
0.794581115246   0.602927267551   0.0715509653091
0.567437589169   -0.779349029064   0.265762448311
-0.306296736002   0.276402980089   -0.910924613476
-0.261453658342   0.895690917969   0.359693914652
0.915327429771   0.348337650299   -0.202080637217
-0.16139087081   0.0664497688413   -0.984650909901
-0.0276268813759   -0.997643768787   -0.0627983659506
-0.986503779888   0.0170677509159   0.162846386433
0.54718285799   -0.835884451866   -0.0434522219002
0.31150406599   0.15518142283   0.937488079071
-0.776888787746   -0.526512920856   0.345294028521
0.178084209561   0.882378935814   -0.435538083315
0.39056289196   0.342874020338   0.854340672493
0.903186917305   -0.322249621153   -0.283564031124
-0.462987482548   -0.640678346157   0.61251437664
0.19812066853   -0.748359262943   -0.633013963699
0.863939106464   -0.171725764871   0.473412573338
0.170064553618   0.452918678522   -0.875181555748
0.803265452385   0.450741112232   0.389354705811
0.570826292038   -0.769218504429   -0.287158817053
0.256446242332   0.527545511723   -0.809895694256
0.35681951046   0.727058529854   0.586571156979
0.898284554482   -0.439410567284   -0.00178711791523
0.281189620495   0.254047095776   -0.925414741039
0.768529772758   -0.637123405933   0.0586150586605
-0.574712395668   -0.727690756321   -0.374395251274
0.949302852154   0.297439038754   -0.101755298674
0.235383465886   -0.887088418007   -0.397075325251
-0.208371639252   0.352993220091   -0.912127733231
0.748710870743   0.567526578903   0.342557549477
-0.0391820520163   -0.477967560291   0.877503156662
0.66173774004   -0.670418202877   -0.335622638464
0.610020041466   0.0336894802749   0.791669487953
0.335849136114   -0.915908396244   -0.219811692834
0.717691361904   0.399971038103   -0.570037066936
-0.743405878544   0.526261508465   -0.412791073322
-0.193621426821   0.421416938305   0.885956287384
0.640201866627   0.738550305367   -0.211388334632
-0.762676715851   -0.454675763845   -0.459993630648
0.403773486614   -0.890301764011   0.210546344519
-0.505263447762   -0.0251544341445   0.862598478794
0.0397782512009   -0.981424510479   -0.187679663301
0.928264975548   -0.0332150571048   0.370433449745
-0.369786262512   -0.188951656222   0.9097006917
-0.630177199841   0.560659885406   0.537156581879
-0.633341789246   0.0290376804769   -0.773327231407
-0.449171334505   -0.82753688097   0.336790442467
0.989876627922   -0.140633419156   0.0191448442638
0.000104380720586   -0.134167432785   -0.990958690643
0.141930520535   0.980928838253   -0.1327945292
-0.483016490936   -0.874505221844   0.04399638623
-0.851131021976   0.457121104002   -0.258101314306
0.20559926331   -0.162113875151   -0.96511554718
0.098964035511   -0.983726799488   -0.14995893836
-0.0656677931547   0.1439139992   -0.987408995628
0.992921888828   0.107565447688   -0.0503568612039
0.350116312504   -0.292811214924   0.889764130116
-0.85111707449   0.297234594822   0.43272548914
-0.391175568104   -0.908797681332   -0.145149931312
0.383596599102   0.248004600406   -0.88957709074
0.444293856621   0.794903934002   0.413195729256
0.809602737427   -0.553734123707   0.19473554194
-0.430003851652   0.208572357893   0.878404378891
-0.893532276154   -0.237569570541   -0.380999773741
0.129216119647   -0.948714017868   0.288521945477
-0.767247796059   0.631304681301   0.113071762025
-0.626423060894   -0.77546775341   0.0790179818869
0.137567922473   -0.0102043859661   0.990439772606
-0.581909358501   -0.756857991219   -0.297569364309
0.774649381638   -0.627244353294   0.0805161818862
-0.247588008642   -0.183658793569   0.951298892498
0.0383912064135   -0.734205663204   0.677840769291
0.858292341232   -0.323150247335   -0.398632884026
0.511722922325   0.597089588642   0.617756962776
0.990526974201   0.132238939404   0.0370017141104
-0.0659374371171   0.221676543355   0.972888350487
0.120451316237   -0.966111958027   0.228296101093
-0.75721514225   0.11969473213   -0.642104685307
0.0306362714618   0.988492310047   0.148136392236
0.652446687222   0.0924994274974   -0.752168297768
0.730945110321   -0.562198519707   -0.386848926544
-0.412376224995   -0.815533816814   0.406017720699
-0.543750941753   -0.137249365449   -0.827947795391
0.0956813171506   0.923978090286   -0.370283126831
0.879577219486   0.0956798419356   0.466035753489
0.466035455465   -0.370283514261   -0.803555250168
-0.415620237589   0.846294879913   -0.333233863115
0.905118763447   0.420915335417   -0.0599194020033
0.089553758502   -0.326519906521   -0.940938293934
-0.963857233524   0.255991667509   -0.0738073885441
0.169704735279   0.376370966434   -0.910793721676
-0.205376625061   -0.890400588512   -0.406210869551
0.599970877171   0.73578196764   -0.314101576805
-0.796999335289   0.515613973141   -0.314538240433
-0.0694764107466   0.439052522182   0.895771145821
-0.646549582481   0.184196799994   -0.74030071497
-0.377330988646   0.766180157661   0.520182013512
0.66301959753   0.615661859512   -0.425870299339
-0.791638553143   0.477992981672   -0.380566865206
0.429198741913   -0.00825781840831   -0.903172314167
-0.434852689505   -0.87832480669   -0.198616787791
-0.971293628216   -0.14328622818   0.189888685942
0.203095316887   -0.0838691592216   0.975560486317
-0.123858578503   0.986121177673   0.110562346876
-0.577782213688   0.522871136665   0.626716434956
0.695061683655   0.717722654343   0.0419931486249
-0.427851587534   0.459869474173   -0.778115093708
0.933714091778   0.357990086079   0.00459126615897
-0.344483017921   0.901830017567   -0.260833501816
-0.0975163504481   0.241962298751   0.965372860432
0.997954785824   -0.0617392472923   -0.0165693145245
0.00848938710988   0.384910583496   -0.922914803028
0.063357770443   0.920886576176   0.384647488594
-0.85269933939   -0.410931915045   0.322550535202
-0.511573851109   0.531786382198   -0.674904048443
0.105811625719   -0.74049860239   -0.663675904274
-0.347721785307   -0.798093676567   0.492073237896
-0.451000869274   -0.317744672298   -0.834048271179
0.822002291679   -0.511942207813   -0.249454200268
0.442709803581   0.294507026672   -0.846920073032
0.341048300266   0.818228006363   0.46280553937
0.829273223877   -0.493729203939   0.261796444654
0.161990970373   -0.409457445145   0.897832691669
-0.957259714603   -0.286131322384   0.042222596705
0.23960968852   -0.866298735142   -0.438307791948
0.0558118000627   -0.591944158077   -0.804044246674
0.997759342194   0.0628252178431   0.0230058580637
0.0368960686028   -0.803526699543   0.59412419796
-0.997022032738   0.00904147978872   -0.0765851512551
0.0765429958701   -0.00492040114477   -0.997054159641
-0.0093916747719   -0.999947011471   0.00421368610114
-0.582016289234   -0.123872235417   0.803686976433
0.332126885653   0.865925252438   0.373985588551
-0.742259263992   0.484591752291   -0.462841272354
-0.830846011639   0.547740757465   0.0983614549041
0.00663939444348   -0.166980400681   0.985937833786
0.55646276474   0.819815576077   0.135098323226
-0.932319402695   -0.0214388556778   0.360999941826
0.262465983629   0.646609246731   0.716245830059
-0.248781383038   0.762520074844   -0.597219347954
-0.578513383865   0.169718533754   -0.797820687294
0.524695515633   -0.671453118324   -0.523302316666
-0.624513268471   -0.721350371838   0.299394071102
0.287453055382   -0.110368125141   0.951414525509
0.728344619274   -0.619894683361   -0.291966855526
0.62200063467   0.776884436607   -0.0978045910597
-0.251632809639   -0.811186492443   -0.527880132198
-0.206132993102   0.577836215496   -0.789692699909
0.94561624527   -0.0898990631104   -0.312614828348
0.952246069908   -0.116572365165   0.282202541828
-0.220862790942   0.375192672014   0.900250017643
-0.210824593902   -0.919587612152   0.331529259682
0.999909102917   -0.00908401980996   0.0099657997489
0.00914750527591   0.999938011169   -0.00634332140908
-0.00990755949169   0.00643390696496   0.999930202961
0.893439769745   -0.404620081186   -0.195058912039
-0.259584456682   -0.819494068623   0.51092594862
-0.366580545902   -0.40584731102   -0.837201714516
0.861831843853   -0.507123470306   0.008465426974
0.507020056248   0.861853301525   0.0118127744645
-0.013286491856   -0.00588848395273   0.999894380569
