-0.51363503933   -0.7794880867   -0.358576834202
-0.0659325644374   0.452539265156   -0.889303743839
0.855471789837   -0.433135658503   -0.283833682537
-0.155071094632   -0.860209345818   0.485790967941
0.708874940872   0.245608136058   0.661190569401
-0.688076496124   0.446896582842   0.571694076061
0.786009550095   0.216263577342   -0.579153776169
0.249660253525   0.745986878872   0.617392420769
0.5655605793   -0.629867970943   0.532360374928
0.945126354694   -0.189102187753   0.266414254904
0.0830720514059   0.927756905556   0.363821655512
-0.315967142582   -0.321725845337   0.892556607723
-0.609906494617   0.729317963123   -0.310015261173
0.38145378232   -0.0727187916636   -0.921523213387
-0.694627344608   -0.680299460888   -0.233849421144
0.590012252331   -0.691466569901   0.416844695807
0.538266301155   0.721680045128   0.435255497694
-0.601793110371   -0.032432615757   0.797993183136
0.229592725635   -0.948428213596   -0.218565911055
-0.813064694405   -0.0634615719318   -0.578704118729
0.534988760948   0.310574471951   -0.785703837872
0.947587072849   -0.199725076556   0.249376371503
-0.11592438072   -0.942264199257   -0.314165085554
0.297725081444   0.268789976835   -0.916030406952
-0.995204925537   0.0747842863202   0.0630435794592
-0.09328584373   -0.531898379326   -0.841654241085
-0.0294097363949   -0.843499541283   0.536324203014
-0.987391889095   0.0772632062435   -0.138157963753
0.0703090429306   0.996033549309   0.0545329488814
0.141823351383   0.0441316366196   -0.988907754421
-0.884932339191   -0.220184162259   -0.410382330418
-0.465046972036   0.370435118675   0.804057896137
-0.0250207837671   0.902383923531   -0.430206000805
0.88860219717   0.0213694069535   -0.458180636168
-0.453364342451   0.192538127303   -0.870281457901
0.0696198344231   0.981056809425   0.180777922273
0.198094889522   0.682346642017   0.703677117825
-0.371212810278   0.716654837132   -0.590429365635
-0.90717113018   -0.144252926111   0.395261466503
-0.448292434216   0.800164997578   0.398459404707
0.863240838051   0.271812200546   0.42536264658
0.232054173946   0.534653246403   -0.812586426735
-0.837027430534   0.527396023273   0.145734265447
-0.497180968523   -0.844307899475   0.199888139963
0.228464797139   0.0948555618525   0.968920171261
-0.0200264994055   0.588352501392   -0.808356523514
0.508985579014   0.701903522015   0.498262137175
0.860542058945   -0.401463389397   -0.313519597054
0.738509833813   -0.673222362995   0.0370790362358
0.664093255997   0.716786086559   -0.212597891688
0.11654792726   0.181629568338   0.976436018944
-0.22072532773   -0.918777048588   0.327305823565
-0.958595693111   0.266264975071   0.100981391966
-0.179929465055   -0.291464805603   -0.939507126808
0.110547699034   0.925431668758   0.362429887056
0.861467182636   -0.271077364683   0.429408192635
0.49563446641   0.264751344919   -0.827196002007
0.923710763454   -0.00774047523737   -0.383012354374
-0.0504817850888   -0.993536710739   -0.101668059826
-0.379749894142   0.113247029483   -0.918131351471
0.810988724232   0.145187333226   0.566760957241
-0.57125800848   -0.012682473287   0.820672571659
0.126339182258   -0.989322900772   0.0726540833712
0.209794908762   -0.668821871281   -0.713206410408
0.976541280746   0.107142135501   0.186782374978
-0.0485096797347   -0.735661506653   0.67561006546
-0.501088798046   0.354713439941   -0.789359509945
-0.844749391079   -0.00243437872268   0.535156607628
0.18790563941   0.934971868992   0.300863802433
-0.297086060047   0.870376825333   0.392662703991
-0.173432454467   -0.453576058149   0.874179601669
0.938968062401   0.191606104374   0.285702705383
0.165155336261   0.753661394119   -0.636174678802
0.642040669918   -0.571797251701   -0.510716795921
-0.748670458794   -0.324102401733   -0.578316688538
-0.216817736626   0.442063808441   -0.87038475275
-0.914080023766   -0.40493452549   0.022038385272
-0.342706471682   0.800379693508   0.491878688335
0.939651429653   0.176488801837   0.293098807335
0.0172972418368   0.831078708172   -0.555885791779
-0.341695785522   0.527408659458   0.777871489525
-0.0735553726554   -0.837820470333   -0.540968120098
-0.0356370173395   0.544299185276   -0.838133871555
0.996654212475   -0.042370762676   -0.069893553853
0.927558004856   -0.111546382308   0.356642097235
-0.0917850881815   0.857158899307   0.506807744503
-0.362231522799   -0.502828001976   0.784826338291
-0.958366692066   -0.272394537926   -0.0856416150928
0.263559907675   -0.959264934063   0.101720072329
-0.109860993922   0.0749134346843   0.991119861603
0.215244546533   -0.14843429625   0.965213477612
0.248535826802   -0.947509586811   -0.201135709882
0.944404423237   0.28318348527   -0.167055025697
-0.344059407711   -0.240260183811   0.907688379288
0.839062690735   -0.512555003166   0.18237632513
0.421422451735   0.824355781078   0.377942740917
0.635832428932   0.486994683743   -0.598793208599
0.184716850519   -0.849281013012   -0.494572013617
-0.74939763546   0.203857719898   -0.629956483841
-0.34379452467   0.10098502785   0.933599114418
0.810961723328   0.53317797184   0.240961238742
-0.473441034555   0.839954316616   -0.265198677778
0.756014406681   -0.263980299234   -0.598962903023
0.508347511292   -0.33965960145   0.79133695364
-0.41234087944   -0.902743458748   -0.122593842447
-0.992494225502   -0.077609591186   0.0945089012384
-0.0700306296349   -0.272858887911   -0.959501802921
0.100254140794   -0.958918571472   0.265375822783
0.744332790375   0.610272347927   0.271175891161
0.252743840218   -0.633297264576   0.731474637985
0.618133664131   -0.475922524929   -0.625626504421
-0.495626598597   0.391353935003   0.775368511677
-0.859740793705   -0.0943401530385   -0.501941978931
-0.123288571835   -0.915391743183   0.383220434189
0.383285731077   0.871242582798   -0.306640535593
-0.454713404179   -0.110981576145   -0.883696079254
-0.803945124149   0.478141665459   0.353628009558
0.725521683693   0.666907250881   0.169861748815
0.585316240788   -0.727787852287   0.357392907143
0.361971259117   -0.159873455763   -0.918377518654
0.61922711134   -0.777359306812   0.110771372914
-0.742859184742   -0.534263312817   0.403389304876
-0.254397332668   -0.332077115774   -0.90829885006
0.468355357647   -0.841671288013   0.268761456013
-0.812555730343   -0.290856480598   0.505129396915
-0.346981883049   -0.454963713884   -0.820129036903
0.647261679173   -0.699956417084   -0.301849812269
0.0151562094688   -0.384093374014   0.923169851303
-0.76211720705   -0.602107346058   -0.2380002141
-0.164760276675   -0.56945848465   -0.805339097977
0.35169917345   0.728908777237   -0.587366700172
0.921499729156   -0.380011796951   0.080182865262
0.883702397346   0.461310297251   0.0791383013129
0.32756882906   -0.488791823387   -0.808567404747
-0.334318310022   0.740456163883   -0.583057403564
-0.233539104462   0.796845674515   0.55722206831
0.62980312109   0.560575783253   -0.537682771683
-0.740815401077   0.225370258093   -0.632772266865
0.116997234523   -0.0729184225202   0.990451693535
0.87939530611   -0.455823361874   -0.137437030673
0.461492717266   0.887078344822   0.0107940454036
0.0737482532859   -0.684240818024   -0.725517511368
0.965054929256   0.232397928834   -0.121079131961
0.251456052065   -0.691234886646   0.677468955517
0.130265370011   -0.518231630325   -0.845261454582
0.986244738102   -0.0197582989931   0.16410651803
-0.101746119559   -0.855012059212   0.508529365063
-0.396699100733   0.34591370821   0.850278496742
0.536390006542   0.839040398598   -0.0910879895091
-0.744926571846   0.419946342707   -0.518391191959
-0.122846074402   -0.992422819138   0.00239518331364
-0.960033655167   0.119447700679   0.25311589241
-0.25148409605   0.0287948362529   -0.967432975769
0.465525865555   0.17794983089   -0.866959929466
-0.240406051278   0.968171417713   0.0696349367499
0.851757347584   0.176005542278   0.493489056826
-0.811760604382   -0.385940700769   -0.438285857439
-0.357182562351   -0.265642404556   0.89546340704
-0.462023079395   0.883449971676   0.0777867510915
-0.702295720577   -0.143806397915   -0.697209060192
-0.321081131697   -0.810121893883   0.490519493818
-0.635364174843   0.568350434303   0.522771656513
0.0569534301758   -0.323170721531   -0.94462531805
0.666185498238   -0.69241553545   0.277051627636
-0.743608236313   -0.645074725151   0.175856217742
-0.901284813881   0.416035324335   0.120831824839
-0.433160752058   -0.86050504446   -0.268147051334
-0.00758226122707   -0.294016480446   0.955770254135
0.492402732372   -0.865483343601   0.0920770093799
-0.528811097145   -0.21346539259   0.821456849575
-0.691301941872   -0.453178942204   -0.562788128853
-0.594942331314   -0.180363163352   -0.783270537853
-0.445811003447   -0.736815392971   0.508286952972
-0.668802022934   0.65159201622   0.357954770327
-0.330548346043   -0.894666731358   -0.300514966249
0.941213548183   -0.335996180773   -0.0349798202515
-0.0696766003966   -0.294411271811   0.953135430813
0.644569456577   0.362453877926   -0.673169672489
-0.537711679935   -0.411007761955   -0.736164927483
-0.543503761292   0.836480617523   -0.0700273886323
0.763309001923   -0.579183220863   0.286192417145
-0.512741565704   -0.812625527382   -0.277012258768
0.393008112907   0.0647032111883   -0.917255759239
-0.686329543591   -0.354236185551   -0.635191679001
-0.631801724434   -0.142207413912   0.761973500252
-0.360247552395   0.924280107021   -0.126205891371
-0.897344231606   0.195941925049   0.395449280739
0.0961047858   -0.787777602673   0.608416199684
0.430740326643   0.58396333456   0.688076734543
0.574212193489   0.139242440462   0.806778728962
-0.391915470362   -0.818436920643   0.420194268227
0.718806385994   -0.557469725609   -0.415385186672
-0.449531853199   -0.465975761414   0.762094259262
0.405669420958   -0.86659860611   -0.290584295988
0.795835077763   0.178531453013   0.578595757484
0.80239379406   0.135993406177   0.581093788147
0.172635182738   0.879171729088   -0.444133043289
-0.571280419827   0.45668682456   0.681964695454
-0.631899058819   0.531606793404   -0.564001619816
-0.0342428982258   -0.74613493681   -0.664913594723
-0.774293899536   -0.400845199823   0.489685714245
-0.599290192127   -0.361134409904   0.71444606781
-0.504411995411   0.863360702991   0.0132971704006
-0.621626734734   -0.352406293154   -0.699564158916
0.56741976738   0.495013356209   -0.658024787903
0.0268013011664   -0.809807002544   -0.586083829403
-0.822992384434   0.314919620752   -0.472767502069
0.926505982876   0.360033005476   0.109375067055
0.343532711267   -0.927952289581   0.144533082843
0.153531521559   -0.0963368564844   -0.983436465263
0.681316137314   0.731866180897   -0.0134252551943
0.304780483246   -0.266958534718   0.914243936539
0.665520191193   -0.626980900764   -0.404941678047
0.216326788068   -0.170869901776   -0.961252391338
0.794550836086   0.60295766592   0.0716308355331
0.567354977131   -0.779259622097   0.266200721264
-0.305983245373   0.276192188263   -0.911093890667
-0.261770486832   0.895700633526   0.359439253807
0.915341734886   0.348479896784   -0.201770424843
-0.161209687591   0.0662836283445   -0.984691798687
-0.0268780142069   -0.997666835785   -0.0627566725016
-0.986554086208   0.0163495764136   0.162615135312
0.546999752522   -0.835968911648   -0.0441276058555
0.312394618988   0.154936343431   0.937232255936
-0.776660084724   -0.526451051235   0.345902323723
0.178273931146   0.882497906685   -0.435219287872
0.390480697155   0.342537015676   0.854513406754
0.903185069561   -0.322282195091   -0.283532977104
-0.462903946638   -0.640847980976   0.612400054932
0.197978451848   -0.74817276001   -0.633278846741
0.864016473293   -0.171905249357   0.473206222057
0.169972211123   0.453144729137   -0.875082433224
0.802865445614   0.451234459877   0.389608234167
0.571416258812   -0.768796026707   -0.287116914988
0.256230354309   0.527689397335   -0.809870302677
0.35632404685   0.727272927761   0.586606562138
0.898542821407   -0.438882678747   -0.00167901895475
0.281140118837   0.254276663065   -0.9253667593
0.768540859222   -0.637127876282   0.0584210492671
-0.574721872807   -0.727606654167   -0.374544233084
0.949321091175   0.297421574593   -0.101635850966
0.235500216484   -0.887233555317   -0.396681547165
-0.208156391978   0.352642893791   -0.91231238842
0.748473286629   0.567842185497   0.342553585768
-0.0391759052873   -0.477781534195   0.877604722977
0.662006795406   -0.670283555984   -0.335361003876
0.610069155693   0.0333160981536   0.791647434235
0.335954338312   -0.915738284588   -0.220358878374
0.717600405216   0.400391548872   -0.569856405258
-0.74363309145   0.526328682899   -0.41229596734
-0.193119749427   0.421288609505   0.886126756668
0.640089511871   0.738575696945   -0.211639672518
-0.762757241726   -0.454625189304   -0.459910064936
0.403825104237   -0.890324175358   0.210352554917
-0.505100607872   -0.0252752956003   0.862690269947
0.0399031750858   -0.981342196465   -0.188083007932
0.928228378296   -0.0332700386643   0.370520204306
-0.36986464262   -0.189368918538   0.909582078457
-0.630003511906   0.560825824738   0.537187039852
-0.633673131466   0.0286488626152   -0.773070216179
-0.448947548866   -0.827437996864   0.33733138442
0.989878058434   -0.140631765127   0.0190814454108
0.000106956293166   -0.133712485433   -0.991020143032
0.141920343041   0.980991184711   -0.132344007492
-0.483318001032   -0.874309718609   0.0445673018694
-0.851139605045   0.457377701998   -0.257617950439
0.204853773117   -0.162444382906   -0.965218484402
0.0986552238464   -0.983788967133   -0.149754390121
-0.0657496973872   0.143715575337   -0.987432420254
0.992947161198   0.107261680067   -0.0505055338144
0.350345134735   -0.293156862259   0.889560222626
-0.851037144661   0.296993464231   0.433048129082
-0.391144603491   -0.908765077591   -0.145437151194
0.384100466967   0.247485995293   -0.88950407505
0.444433838129   0.794888854027   0.413074105978
0.809286952019   -0.553987681866   0.195326030254
-0.430085062981   0.208084717393   0.878480255604
-0.893425941467   -0.237879008055   -0.381055980921
0.129680097103   -0.948743581772   0.288216501474
-0.767129421234   0.63146853447   0.112959839404
-0.626561880112   -0.775336802006   0.0792027711868
0.137595981359   -0.0100175468251   0.990437805653
-0.58188611269   -0.756848275661   -0.297639399767
0.774472773075   -0.627372980118   0.0812097638845
-0.248194396496   -0.183258786798   0.9512180686
0.0385458096862   -0.733930110931   0.67813038826
0.858183562756   -0.323333114386   -0.398718714714
0.511893689632   0.597329318523   0.617383599281
0.990554153919   0.131962686777   0.0372595153749
-0.0661544203758   0.22190092504   0.972822487354
0.120108351111   -0.966098248959   0.228534802794
-0.756923794746   0.120144881308   -0.642364025116
0.0305582862347   0.988386690617   0.14885532856
0.652788281441   0.0930425971746   -0.751804888248
0.730532467365   -0.562559187412   -0.387103974819
-0.412101656199   -0.815195143223   0.406975626945
-0.544513165951   -0.13778270781   -0.827358067036
0.0958511531353   0.923873186111   -0.370500832796
0.879315376282   0.0958500280976   0.466494649649
0.46649441123   -0.370501130819   -0.803188562393
-0.415660768747   0.846204817295   -0.333411961794
0.90506541729   0.421066731215   -0.0596603751183
0.089903794229   -0.326558113098   -0.940891623497
-0.963929057121   0.25580188632   -0.0735268816352
0.169367015362   0.376410663128   -0.910840153694
-0.205318316817   -0.890438318253   -0.406157553196
0.600049376488   0.735922396183   -0.313622385263
-0.796892344952   0.51557636261   -0.314870864153
-0.0700242221355   0.438861340284   0.895822167397
-0.646664321423   0.184643670917   -0.740089178085
-0.377909690142   0.765252768993   0.521126151085
0.662577927113   0.616680562496   -0.425083070993
-0.791603147984   0.478138029575   -0.380458235741
0.428931057453   -0.00862356927246   -0.90329605341
-0.435181111097   -0.878242373466   -0.198261797428
-0.971211314201   -0.143133357167   0.19042442739
0.203586757183   -0.083634480834   0.975478172302
-0.123697422445   0.986163318157   0.110366806388
-0.577938854694   0.522867918015   0.62657469511
0.695013642311   0.717762827873   0.0421022586524
-0.42771807313   0.459810465574   -0.778223335743
0.933734536171   0.357935100794   0.0047169518657
-0.344401687384   0.901867330074   -0.260811805725
-0.0976077690721   0.241904467344   0.965378165245
0.997963130474   -0.0615181140602   -0.0168863479048
0.0081221498549   0.385076135397   -0.922849059105
0.0632744655013   0.920832157135   0.384791433811
-0.852693557739   -0.410942614079   0.322552084923
-0.511635422707   0.532155871391   -0.674566030502
0.105559930205   -0.740227162838   -0.664018690586
-0.347879976034   -0.798068165779   0.492002785206
-0.450587183237   -0.317878514528   -0.834220826626
0.822162210941   -0.511898875237   -0.249015718699
0.442756742239   0.294054955244   -0.847052633762
0.341900199652   0.817952036858   0.462664812803
0.828897297382   -0.494455456734   0.261616319418
0.162331208587   -0.409314125776   0.897836565971
-0.957073330879   -0.286739677191   0.0423198156059
0.240123257041   -0.866165280342   -0.438290446997
0.0564705766737   -0.591613650322   -0.804241478443
0.997735202312   0.0629254058003   0.0237679276615
0.0365457907319   -0.803762197495   0.593827188015
-0.997058689594   0.00894678384066   -0.0761180594563
0.0760762318969   -0.00492630153894   -0.997089862823
-0.00929572805762   -0.999947845936   0.00423117401078
-0.582619071007   -0.12351411581   0.803305208683
0.331972211599   0.866009712219   0.37392732501
-0.741855442524   0.484532177448   -0.463550537825
-0.830794513226   0.547814548016   0.0983855351806
0.00672963727266   -0.166868314147   0.985956251621
0.556538581848   0.819789111614   0.13494668901
-0.932412683964   -0.0217670761049   0.360739171505
0.26220330596   0.646194934845   0.716715753078
-0.24870865047   0.762861907482   -0.596812963486
-0.578551650047   0.169832572341   -0.797768712044
0.524610340595   -0.671447694302   -0.52339464426
-0.62454944849   -0.721328556538   0.299371242523
0.286936104298   -0.110530085862   0.951551795006
0.72869849205   -0.619601070881   -0.291707158089
0.621824920177   0.777095615864   -0.0972428023815
-0.251717031002   -0.8112372756   -0.527761876583
-0.205704018474   0.577707290649   -0.789898812771
0.945687234402   -0.0902682542801   -0.31229352951
0.952392578125   -0.116553477943   0.281715512276
-0.220385998487   0.375292301178   0.900325298309
-0.21066172421   -0.91954934597   0.331738859415
0.999902248383   -0.00947244931012   0.0102814706042
0.00954006053507   0.999933063984   -0.00654702121392
-0.0102187655866   0.00664446735755   0.999925732613
0.893352031708   -0.404588341713   -0.195525929332
-0.259003996849   -0.819188773632   0.51170951128
-0.367204368114   -0.406494766474   -0.836614012718
0.861676812172   -0.507382750511   0.00870861392468
0.507273495197   0.861699640751   0.0121377212927
-0.0136626800522   -0.00604114355519   0.999888420105
