-0.513527214527   -0.780116975307   -0.357361555099
-0.0657159090042   0.451002240181   -0.890100240707
0.855553150177   -0.43360632658   -0.282867997885
-0.156388223171   -0.860142469406   0.48548707366
0.708564996719   0.244734629989   0.661846399307
-0.688097655773   0.447504103184   0.571193218231
0.787106633186   0.216116860509   -0.577716708183
0.249032318592   0.745536923409   0.618188977242
0.564310193062   -0.63045078516   0.532997012138
0.944758951664   -0.188665688038   0.26802200079
0.0817663446069   0.92753303051   0.364687144756
-0.317403197289   -0.322626262903   0.891721665859
-0.610098600388   0.729185760021   -0.309948027134
0.379354089499   -0.0746074095368   -0.922238707542
-0.695607721806   -0.680236637592   -0.231101736426
0.589123308659   -0.692376732826   0.416591137648
0.538690924644   0.720801472664   0.436184942722
-0.602283835411   -0.0325528681278   0.797618031502
0.229708045721   -0.948416113853   -0.218497440219
-0.81244456768   -0.0632469281554   -0.579597830772
0.535880625248   0.310655355453   -0.785063862801
0.947581350803   -0.199952423573   0.249215975404
-0.11602434516   -0.942074358463   -0.314697116613
0.297704428434   0.269286006689   -0.91589140892
-0.995281875134   0.074518866837   0.0621364489198
-0.0923853963614   -0.53216701746   -0.84158372879
-0.0296468958259   -0.843353509903   0.536540687084
-0.987523198128   0.0770248919725   -0.137350440025
0.0703769922256   0.996131360531   0.0526245646179
0.140872493386   0.0423016659915   -0.98912358284
-0.884383141994   -0.220494434237   -0.411398351192
-0.466088920832   0.369870513678   0.803714454174
-0.0250504408032   0.902539730072   -0.429877281189
0.888083457947   0.020033435896   -0.459245532751
-0.454101264477   0.193439170718   -0.869697272778
0.0714130476117   0.980907738209   0.180887326598
0.198713436723   0.682014644146   0.703824579716
-0.370764821768   0.717086732388   -0.590186417103
-0.907219052315   -0.143675431609   0.395361810923
-0.448930650949   0.799746632576   0.398580759764
0.86300599575   0.272395312786   0.425466120243
0.231693550944   0.534982383251   -0.812472760677
-0.836687624454   0.528107881546   0.14510628581
-0.498359084129   -0.844012916088   0.198192760348
0.227138742805   0.0935103967786   0.969362556934
-0.020580207929   0.587486684322   -0.808972120285
0.508439898491   0.702849924564   0.497484564781
0.86085152626   -0.401075363159   -0.313166439533
0.738746702671   -0.672860860825   0.0388790071011
0.664070367813   0.716812133789   -0.212581470609
0.11516880244   0.182862251997   0.976369559765
-0.220725104213   -0.918826937675   0.327165842056
-0.958333075047   0.266672790051   0.102388359606
-0.181323409081   -0.290934145451   -0.93940359354
0.109735168517   0.925700843334   0.361989170313
0.860812544823   -0.270592182875   0.431023925543
0.496950626373   0.264306336641   -0.826548397541
0.924286544323   -0.00724178599194   -0.381630569696
-0.0497947409749   -0.99356341362   -0.101746141911
-0.37843734026   0.113045789301   -0.91869789362
0.8106315732   0.146636590362   0.566898703575
-0.571526944637   -0.0125186117366   0.82048779726
0.127410322428   -0.989111185074   0.0736587867141
0.209551513195   -0.669429004192   -0.712708234787
0.976608872414   0.107360117137   0.186303302646
-0.048200391233   -0.735077321529   0.676267743111
-0.500443339348   0.355488270521   -0.789420425892
-0.844794213772   -0.00101374438964   0.535090386868
0.189418062568   0.934680223465   0.300821751356
-0.296889185905   0.871019244194   0.391385108232
-0.173348963261   -0.452215641737   0.874900639057
0.939045786858   0.191902339458   0.285248219967
0.16547062993   0.754256427288   -0.635387063026
0.642087936401   -0.57140827179   -0.511092662811
-0.748560369015   -0.323403537273   -0.578850209713
-0.215953066945   0.443081527948   -0.870082199574
-0.914499342442   -0.404030114412   0.0212286356837
-0.342133402824   0.800273954868   0.4924492836
0.938890099525   0.175400778651   0.296175539494
0.0199924521148   0.831192612648   -0.555625021458
-0.343635976315   0.527592122555   0.776891827583
-0.0726316869259   -0.837406396866   -0.541733503342
-0.0362200550735   0.545024454594   -0.837637424469
0.996700942516   -0.0412174016237   -0.0699169486761
0.927945435047   -0.112101636827   0.355458080769
-0.0905470848083   0.857322096825   0.506754457951
-0.361550062895   -0.502426147461   0.785397648811
-0.958114564419   -0.272746503353   -0.0873258039355
0.263541609049   -0.959038555622   0.103879310191
-0.112081535161   0.0765143036842   0.990748882294
0.215695261955   -0.147519916296   0.965253055096
0.249072238803   -0.947510659695   -0.200465977192
0.944160223007   0.283657282591   -0.167630448937
-0.344637513161   -0.240199685097   0.907485067844
0.839139223099   -0.512165129185   0.183118119836
0.420797258615   0.82461565733   0.378072291613
0.635481715202   0.486839056015   -0.599291861057
0.184309273958   -0.849377393723   -0.494558542967
-0.74979531765   0.203827887774   -0.629492759705
-0.345253676176   0.102042920887   0.932945430279
0.81068110466   0.533279895782   0.241678878665
-0.472859412432   0.839761734009   -0.266841113567
0.755186676979   -0.264144450426   -0.599933981895
0.508852124214   -0.340727597475   0.790553092957
-0.413234293461   -0.902292847633   -0.122902467847
-0.992652893066   -0.0760095119476   0.0941423922777
-0.0701975375414   -0.271953552961   -0.959746599197
0.0985522270203   -0.959303796291   0.264619797468
0.744186043739   0.610299944878   0.271516412497
0.253273367882   -0.633934497833   0.730739116669
0.618093669415   -0.475037962198   -0.626337885857
-0.49571365118   0.391013383865   0.775484681129
-0.859696567059   -0.0942100435495   -0.50204205513
-0.123246721923   -0.915550649166   0.38285407424
0.383052974939   0.870981514454   -0.307671278715
-0.454225540161   -0.112421065569   -0.883765041828
-0.80433177948   0.478280961514   0.35255882144
0.726046860218   0.666418135166   0.169537067413
0.584839701653   -0.728117585182   0.357501506805
0.361688405275   -0.160410821438   -0.918395280838
0.619079053402   -0.777456641197   0.110915482044
-0.743076503277   -0.534198045731   0.403075307608
-0.25412273407   -0.331954181194   -0.908420622349
0.46817022562   -0.841684758663   0.269041597843
-0.8126912117   -0.290603399277   0.505057036877
-0.346914440393   -0.455100417137   -0.820081710815
0.647241950035   -0.700182437897   -0.301367491484
0.0142811080441   -0.384140372276   0.923164248466
-0.76215082407   -0.601814508438   -0.238632395864
-0.165123090148   -0.569938242435   -0.804925322533
0.351655244827   0.728467524052   -0.58794015646
0.921451568604   -0.38013869524   0.0801349654794
0.883290588856   0.462050765753   0.0794152095914
0.328298687935   -0.488664954901   -0.80834800005
-0.334690392017   0.740078151226   -0.583323836327
-0.233920022845   0.79687744379   0.557016909122
0.630064308643   0.560577511787   -0.537374913692
-0.740473091602   0.22525370121   -0.63321429491
0.117304444313   -0.0727692171931   0.990426301956
0.879232227802   -0.456075459719   -0.13764385879
0.461725383997   0.886960983276   0.0104813696817
0.0740528181195   -0.684574961662   -0.725171208382
0.964792490005   0.233201637864   -0.121624238789
0.252372026443   -0.690633118153   0.677742004395
0.128634497523   -0.518532812595   -0.845326542854
0.986548244953   -0.0197956860065   0.162267297506
-0.100874736905   -0.854828596115   0.509011209011
-0.39618486166   0.345607221127   0.850642800331
0.537519872189   0.838403761387   -0.0902860313654
-0.744385659695   0.421467453241   -0.517933607101
-0.123143881559   -0.992388427258   0.000897333316971
-0.959684967995   0.119315885007   0.254496484995
-0.252666443586   0.0304785277694   -0.967073261738
0.465616166592   0.176759123802   -0.867155015469
-0.240992665291   0.968145668507   0.0679446011782
0.851542174816   0.177341893315   0.493381947279
-0.811680436134   -0.38732740283   -0.437209755182
-0.355546951294   -0.266239494085   0.895936906338
-0.46342343092   0.882663011551   0.0783883184195
-0.702482640743   -0.143908888102   -0.696999549866
-0.320380717516   -0.810558378696   0.490256339312
-0.635511100292   0.567701816559   0.523297548294
0.0568104982376   -0.322738736868   -0.944781601429
0.665561020374   -0.693119764328   0.276791423559
-0.744178116322   -0.644534468651   0.175425842404
-0.901271343231   0.415872007608   0.121492311358
-0.433189421892   -0.860100209713   -0.26939663291
-0.00753895146772   -0.29542863369   0.955335080624
0.492662757635   -0.865397870541   0.0914875641465
-0.527988791466   -0.213686928153   0.821928083897
-0.691745102406   -0.453237742186   -0.562195956707
-0.595401346684   -0.179417937994   -0.783138871193
-0.4469178617   -0.736057937145   0.508412361145
-0.667653858662   0.652708172798   0.358064770699
-0.329573303461   -0.89508831501   -0.30033031106
0.941567659378   -0.335026264191   -0.0347532145679
-0.069511346519   -0.294235050678   0.953201949596
0.644535720348   0.362854301929   -0.672986209393
-0.536867439747   -0.411924272776   -0.736268758774
-0.544377684593   0.835855901241   -0.0706952363253
0.763322532177   -0.578812241554   0.286906033754
-0.512009263039   -0.812861680984   -0.277673155069
0.39393556118   0.0650556311011   -0.916832864285
-0.685787498951   -0.355093359947   -0.635298550129
-0.632426381111   -0.141244724393   0.761634290218
-0.360183864832   0.924098789692   -0.127706557512
-0.897491872311   0.196062549949   0.395054191351
0.0960187166929   -0.787400126457   0.608918249607
0.430451780558   0.584431767464   0.687859535217
0.574868679047   0.138728186488   0.806399703026
-0.392573267221   -0.817928373814   0.420570313931
0.717922210693   -0.558343648911   -0.415740400553
-0.450105875731   -0.465864181519   0.761823654175
0.405977547169   -0.866621017456   -0.290086567402
0.795353353024   0.17871363461   0.579201638699
0.801733314991   0.136133044958   0.581972062588
0.173001915216   0.879175007343   -0.443983823061
-0.572096168995   0.456638902426   0.68131262064
-0.632479310036   0.531859457493   -0.563112318516
-0.0347562581301   -0.745747923851   -0.66532099247
-0.773797094822   -0.401230096817   0.49015557766
-0.599897265434   -0.359387516975   0.714817404747
-0.50385004282   0.86371588707   0.0114021282643
-0.621496915817   -0.353320658207   -0.699218213558
0.567659080029   0.495861768723   -0.657178997993
0.0258682277054   -0.808609724045   -0.587776422501
-0.822857201099   0.316656559706   -0.471841722727
0.926311552525   0.360618710518   0.109092026949
0.344190478325   -0.927751839161   0.144254803658
0.153231307864   -0.096076451242   -0.983508765697
0.680980324745   0.732163131237   -0.0142460931093
0.304986953735   -0.265872657299   0.914491474628
0.665769338608   -0.627095580101   -0.404354244471
0.217129021883   -0.171630933881   -0.960935890675
0.794486761093   0.603020310402   0.0718145743012
0.567138254642   -0.779043853283   0.267291724682
-0.305196106434   0.275659054518   -0.911519289017
-0.262560397387   0.895727992058   0.358794331551
0.915378272533   0.348831504583   -0.20099554956
-0.16076117754   0.0658776164055   -0.984792351723
-0.0250037331134   -0.997721612453   -0.0626608133316
-0.986676573753   0.0145500581712   0.162042096257
0.546549320221   -0.8361723423   -0.0458216518164
0.314630568027   0.15432856977   0.936584353447
-0.77607434988   -0.526306450367   0.347433567047
0.178747162223   0.882786929607   -0.434438318014
0.390279322863   0.341708779335   0.854936957359
0.903178572655   -0.322369843721   -0.283454030752
-0.462687939405   -0.641270756721   0.612120628357
0.197623237967   -0.747708976269   -0.633937180042
0.864213466644   -0.172345817089   0.472685933113
0.169703558087   0.453713029623   -0.874840080738
0.801855862141   0.4524974823   0.390221953392
0.572911739349   -0.767717719078   -0.287022024393
0.255672246218   0.528029680252   -0.809824883938
0.355087250471   0.727826535702   0.586669921875
0.899191141129   -0.437553703785   -0.00141155405436
0.281003296375   0.254861205816   -0.925247490406
0.768572628498   -0.637135267258   0.0579200722277
-0.574746251106   -0.727395653725   -0.37491646409
0.949364721775   0.297390669584   -0.101318411529
0.235807731748   -0.887586712837   -0.395707607269
-0.207608625293   0.351779192686   -0.912770569324
0.747875034809   0.568644464016   0.342529445887
-0.0391430482268   -0.477310061455   0.877862691879
0.662684500217   -0.669939219952   -0.334709793329
0.610180556774   0.0324034877121   0.791599452496
0.336232215166   -0.91531085968   -0.221706956625
0.717375457287   0.401442497969   -0.569400012493
-0.744195759296   0.526494920254   -0.41106659174
-0.191870585084   0.420974195004   0.886547446251
0.63981115818   0.738636493683   -0.212268322706
-0.762961089611   -0.454487860203   -0.459707677364
0.403939247131   -0.890385866165   0.209871664643
-0.504701316357   -0.0255700536072   0.862915277481
0.0402065441012   -0.981131494045   -0.189114794135
0.928131937981   -0.0334275923669   0.370747536421
-0.370073735714   -0.190429955721   0.909275472164
-0.629557967186   0.561255395412   0.537260770798
-0.634507060051   0.027675036341   -0.772421419621
-0.448394417763   -0.827179849148   0.338697463274
0.989880859852   -0.140630885959   0.0189440567046
0.000132780798594   -0.132583811879   -0.991171777248
0.141901046038   0.981144487858   -0.131223499775
-0.48405534029   -0.873827278614   0.0460033267736
-0.851162016392   0.457999616861   -0.256436377764
0.203011587262   -0.163285672665   -0.965465724468
0.0978935733438   -0.983944416046   -0.14923208952
-0.0659561604261   0.143208146095   -0.987492382526
0.993008852005   0.106511928141   -0.0508780367672
0.350921630859   -0.294007182121   0.889052152634
-0.85083925724   0.296385884285   0.433852463961
-0.391058266163   -0.908688724041   -0.146144643426
0.3853469491   0.246193304658   -0.889323651791
0.444786965847   0.794850468636   0.412767797709
0.808499991894   -0.554618418217   0.196789637208
-0.430278867483   0.206877246499   0.87867051363
-0.893163442612   -0.238654762506   -0.38118621707
0.130840152502   -0.948812782764   0.287463307381
-0.766829669476   0.631884455681   0.112668789923
-0.626913368702   -0.775003969669   0.079677708447
0.137665867805   -0.00953433196992   0.990432858467
-0.581830501556   -0.75682079792   -0.297817915678
0.774024069309   -0.627698719501   0.0829520374537
-0.249719753861   -0.182254225016   0.951011776924
0.0389273129404   -0.733239114285   0.678855717182
0.857914566994   -0.323791563511   -0.398925632238
0.512315630913   0.597929298878   0.616452157497
0.990621685982   0.131271317601   0.0379020795226
-0.0666914582253   0.222440585494   0.972662568092
0.119251728058   -0.966068327427   0.22910913825
-0.756201207638   0.12125017494   -0.643007099628
0.0303446631879   0.988122701645   0.150641217828
0.653635144234   0.0944032371044   -0.750898838043
0.729505717754   -0.56345397234   -0.387738376856
-0.411415070295   -0.814352750778   0.409349769354
-0.546405553818   -0.139101579785   -0.825888454914
0.096272341907   0.923614144325   -0.371037065983
0.878654658794   0.096279643476   0.46764972806
0.467651218176   -0.371035188437   -0.80226880312
-0.415770679712   0.845965564251   -0.333881676197
0.904926657677   0.421455293894   -0.0590187720954
0.0907883495092   -0.326676696539   -0.940765559673
-0.964109182358   0.255323499441   -0.072824396193
0.168516948819   0.376496732235   -0.910962283611
-0.205171912909   -0.890539228916   -0.406010299921
0.600242197514   0.736257195473   -0.312465459108
-0.796626865864   0.51547151804   -0.315713018179
-0.071378916502   0.438422650099   0.895930051804
-0.646956920624   0.185753986239   -0.739555418491
-0.379357635975   0.762924551964   0.523482501507
0.661463916302   0.619226634502   -0.423112124205
-0.791523098946   0.478495061398   -0.380175828934
0.428251385689   -0.00952904857695   -0.903609395027
-0.435995340347   -0.878038525581   -0.197373703122
-0.971008181572   -0.142750218511   0.191743314266
0.204793617129   -0.0830366834998   0.975276589394
-0.123299226165   0.98626935482   0.109863631427
-0.578330934048   0.52284181118   0.626234650612
0.694880306721   0.717875957489   0.0423726066947
-0.427404612303   0.459663510323   -0.778482317924
0.933792114258   0.357780754566   0.0050176824443
-0.344185739756   0.901966691017   -0.260753184557
-0.0978182554245   0.241762265563   0.96539247036
0.997982978821   -0.0609757639468   -0.0176601372659
0.00722535559908   0.385489344597   -0.922684013844
0.0630691573024   0.920695364475   0.38515239954
-0.852672696114   -0.410961389542   0.322583377361
-0.511802494526   0.533062934875   -0.673722565174
0.104916714132   -0.739563822746   -0.664859294891
-0.348284631968   -0.797986865044   0.491848289967
-0.449560731649   -0.318228036165   -0.83464127779
0.822552740574   -0.511808395386   -0.247909635305
0.442851155996   0.292920321226   -0.847396314144
0.344033449888   0.817264974117   0.462297439575
0.827963650227   -0.496261626482   0.261152356863
0.16320630908   -0.408951640129   0.897843122482
-0.956600487232   -0.288274556398   0.0425830334425
0.241410925984   -0.865826964378   -0.438251554966
0.0581070967019   -0.590787470341   -0.804732084274
0.997673034668   0.0631638169289   0.025667540729
0.0356658883393   -0.804350972176   0.59308296442
-0.997150123119   0.00870644021779   -0.0749384462833
0.0748974308372   -0.00494566559792   -0.997178971767
-0.00905249919742   -0.999949872494   0.00427948124707
-0.584113061428   -0.122626498342   0.802355706692
0.33158582449   0.866220891476   0.3737809062
-0.74085277319   0.484380096197   -0.465309709311
-0.830667316914   0.54799836874   0.0984357297421
0.00695782247931   -0.16656717658   0.986005544662
0.556725561619   0.819727480412   0.134549036622
-0.932641625404   -0.0225888434798   0.360096246004
0.261547416449   0.645174205303   0.717874109745
-0.248540744185   0.763701498508   -0.595808267593
-0.578651130199   0.170129224658   -0.797633290291
0.524389863014   -0.671432256699   -0.523635387421
-0.624642431736   -0.721273005009   0.29931101203
0.285643279552   -0.110921643674   0.95189511776
0.729596853256   -0.618852734566   -0.291049480438
0.621366560459   0.777635991573   -0.0958430245519
-0.251915842295   -0.811369478703   -0.52746373415
-0.204621866345   0.577376961708   -0.790421247482
0.945869088173   -0.0911890268326   -0.311474353075
0.952754795551   -0.1165234074   0.280500620604
-0.21918913722   0.375548958778   0.900510489941
-0.210272267461   -0.919448375702   0.332265406847
0.999883949757   -0.010460161604   0.0110749760643
0.0105387745425   0.99991953373   -0.00706389918923
-0.0110001945868   0.00717979623005   0.999913692474
0.893138170242   -0.404502600431   -0.196677073836
-0.257552444935   -0.818425238132   0.513660311699
-0.368742406368   -0.408114939928   -0.835147440434
0.861289799213   -0.508028686047   0.00931276753545
0.507904469967   0.86131632328   0.0129327010363
-0.0145914210007   -0.00640880782157   0.999872982502
