-0.513503372669   -0.780244529247   -0.357117295265
-0.0656742379069   0.450693428516   -0.890259683132
0.855570673943   -0.433697968721   -0.282674580812
-0.156650751829   -0.860129773617   0.485424846411
0.708502411842   0.244559749961   0.661978006363
-0.68810236454   0.447624027729   0.571093559265
0.787323713303   0.216087460518   -0.577431857586
0.248907282948   0.745448470116   0.618345975876
0.564062535763   -0.630565464497   0.533123552799
0.944685399532   -0.188582018018   0.268339961767
0.081509873271   0.927487909794   0.364859342575
-0.317687988281   -0.322804957628   0.891555547714
-0.61014020443   0.729158103466   -0.309931248426
0.378934085369   -0.0749793946743   -0.922381162643
-0.695800185204   -0.680225372314   -0.230554908514
0.588943958282   -0.692560732365   0.416538834572
0.538776755333   0.720623552799   0.436372846365
-0.602382421494   -0.0325777046382   0.797542572021
0.229732349515   -0.948414087296   -0.218480497599
-0.812319219112   -0.0632063895464   -0.579777956009
0.536060214043   0.310669660568   -0.784935534
0.947579979897   -0.199996232986   0.249186113477
-0.116042353213   -0.942036926746   -0.314802527428
0.297701835632   0.26938444376   -0.915863335133
-0.99529671669   0.074469588697   0.0619574338198
-0.0922093987465   -0.532220482826   -0.841569244862
-0.0296962987632   -0.843324124813   0.53658413887
-0.987549245358   0.0769739598036   -0.137191310525
0.0703867301345   0.996150791645   0.0522431507707
0.140684589744   0.041936237365   -0.989165902138
-0.884272277355   -0.220559760928   -0.41160172224
-0.466298848391   0.369757175446   0.803644835949
-0.0250590275973   0.90257024765   -0.429812788963
0.887979269028   0.0197655260563   -0.459458500147
-0.454248547554   0.193616211414   -0.869580924511
0.0717708915472   0.98087823391   0.180905640125
0.198837846518   0.681947588921   0.703854382038
-0.37067502737   0.717173695564   -0.590137183666
-0.907228469849   -0.143559634686   0.395382225513
-0.449060112238   0.799661815166   0.398605048656
0.862957835197   0.272512733936   0.425488591194
0.231622040272   0.535049319267   -0.812449038029
-0.836617708206   0.528252601624   0.144982606173
-0.498595863581   -0.843952000141   0.197856426239
0.226876541972   0.0932424589992   0.96944975853
-0.020694822073   0.587312757969   -0.809095442295
0.508332192898   0.703039824963   0.497326254845
0.860912382603   -0.400997191668   -0.313099294901
0.738790869713   -0.672791481018   0.0392388850451
0.664068579674   0.716814100742   -0.21258033812
0.114895246923   0.183109730482   0.976355433464
-0.220722407103   -0.918837428093   0.327138125896
-0.958280622959   0.26675221324   0.102671951056
-0.181603655219   -0.29082813859   -0.939382314682
0.109569765627   0.925754845142   0.361901134253
0.860681116581   -0.270492941141   0.431348532438
0.49721467495   0.264218717813   -0.826417565346
0.924400985241   -0.00714026251808   -0.38135522604
-0.0496561005712   -0.993568599224   -0.101762883365
-0.378175973892   0.113006323576   -0.918810367584
0.810561418533   0.146924927831   0.566924393177
-0.571578979492   -0.0124854454771   0.820452034473
0.127623155713   -0.989068865776   0.0738589763641
0.209499567747   -0.66955024004   -0.7126095891
0.97662293911   0.107399769127   0.186206519604
-0.048140514642   -0.734961032867   0.676398336887
-0.500309228897   0.355641663074   -0.789436280727
-0.844805896282   -0.000727261416614   0.535072386265
0.18971991539   0.934622108936   0.300812035799
-0.296849101782   0.871148765087   0.391127198935
-0.173335433006   -0.45194157958   0.875044941902
0.939060926437   0.191960096359   0.285159379244
0.165531650186   0.754375576973   -0.635229706764
0.642098546028   -0.571328997612   -0.511167883873
-0.74853771925   -0.323265582323   -0.578956484795
-0.215775161982   0.443281531334   -0.870024442673
-0.914583742619   -0.403847634792   0.0210640709847
-0.342020004988   0.800255298615   0.4925583601
0.938737690449   0.17517952621   0.296788871288
0.0205331053585   0.831215798855   -0.555570662022
-0.344020187855   0.527629077435   0.776696622372
-0.0724449306726   -0.837326467037   -0.541882038116
-0.036334656179   0.545164644718   -0.837541222572
0.99671036005   -0.0409865155816   -0.0699183866382
0.928022921085   -0.112213477492   0.355220526457
-0.0902982205153   0.857354938984   0.506743252277
-0.361413508654   -0.502345085144   0.785512387753
-0.958064138889   -0.272815823555   -0.0876620262861
0.263536304235   -0.958993375301   0.104308523238
-0.112524315715   0.0768321305513   0.990674078465
0.215781807899   -0.147338956594   0.965261340141
0.249182894826   -0.947509527206   -0.20033352077
0.944111287594   0.283754944801   -0.16774097085
-0.344753950834   -0.240189135075   0.907443583012
0.839154005051   -0.51208794117   0.183266162872
0.420672386885   0.824666678905   0.378100037575
0.635410785675   0.486810326576   -0.599390387535
0.184229254723   -0.849395275116   -0.494557678699
-0.749875128269   0.203822016716   -0.629399597645
-0.345548212528   0.102253817022   0.932813286781
0.81062322855   0.533301770687   0.241824656725
-0.4727435112   0.839722156525   -0.267170786858
0.755018830299   -0.264178007841   -0.600130438805
0.508954703808   -0.340942203999   0.790394544601
-0.413414657116   -0.90220195055   -0.122963137925
-0.9926841259   -0.0756898000836   0.0940708443522
-0.0702319145203   -0.271774917841   -0.959794700146
0.0982127636671   -0.959379732609   0.264470785856
0.744154751301   0.610308170319   0.271583646536
0.253381103277   -0.634059786797   0.730593085289
0.618087172508   -0.474860131741   -0.626479148865
-0.495729029179   0.390945971012   0.775508821011
-0.859688699245   -0.0941819474101   -0.502060830593
-0.123239725828   -0.915582299232   0.382780581713
0.383005797863   0.870929539204   -0.307877004147
-0.45412889123   -0.112708278   -0.88377815485
-0.804408788681   0.47830799222   0.352346330881
0.726150512695   0.66632181406   0.16947157681
0.584745168686   -0.728181779385   0.35752543807
0.361633121967   -0.160519614816   -0.918398022652
0.619050979614   -0.777475833893   0.110938228667
-0.74311798811   -0.534188270569   0.403011828661
-0.254070043564   -0.331925034523   -0.908446013927
0.468135565519   -0.841686785221   0.269095599651
-0.812716901302   -0.290555566549   0.505043268204
-0.346901029348   -0.45512726903   -0.820072472095
0.647238254547   -0.700226843357   -0.301272332668
0.0141083756462   -0.38414978981   0.923162996769
-0.762157201767   -0.601756870747   -0.238757386804
-0.165195688605   -0.570036172867   -0.80484110117
0.351646602154   0.728377699852   -0.588056623936
0.921441853046   -0.380164057016   0.080126427114
0.8832077384   0.462199360132   0.0794720724225
0.328446477652   -0.488639712334   -0.808303236961
-0.334764033556   0.740002036095   -0.583378136158
-0.233993947506   0.796879947186   0.556982219219
0.630116403103   0.560580968857   -0.537310302258
-0.740405380726   0.225236281753   -0.633299648762
0.117360770702   -0.0727391839027   0.990421831608
0.879199922085   -0.456126660109   -0.137680590153
0.461772590876   0.886937141418   0.0104209110141
0.0741098821163   -0.684642493725   -0.725101649761
0.964740037918   0.233359932899   -0.12173653394
0.252555668354   -0.69051271677   0.677796304226
0.128304839134   -0.518594563007   -0.845338702202
0.9866091609   -0.0198034457862   0.161895692348
-0.100698843598   -0.85479092598   0.509109258652
-0.396085321903   0.345544099808   0.850714802742
0.537744641304   0.838277101517   -0.0901229903102
-0.744276225567   0.421770960093   -0.517843782902
-0.123198308051   -0.992381870747   0.000599368941039
-0.959616422653   0.119284540415   0.254769563675
-0.252900183201   0.030812015757   -0.967001616955
0.465635180473   0.176513433456   -0.867194831371
-0.241105601192   0.968141674995   0.0676004439592
0.851499855518   0.177608400583   0.493359178305
-0.811661720276   -0.387603282928   -0.43699991703
-0.355223327875   -0.266363024712   0.896028518677
-0.463704198599   0.88250464201   0.0785109475255
-0.70251750946   -0.143929585814   -0.696960151196
-0.320242255926   -0.810645639896   0.490202575922
-0.635542333126   0.567571997643   0.523400425911
0.0567840263247   -0.322648018599   -0.94481420517
0.665435671806   -0.693261623383   0.276737600565
-0.744292259216   -0.6444272995   0.175335302949
-0.90126734972   0.415842562914   0.121623024344
-0.433197945356   -0.860018312931   -0.269644200802
-0.00753150507808   -0.295708358288   0.955248594284
0.492713809013   -0.86538118124   0.0913700535893
-0.527827620506   -0.213732361794   0.82201975584
-0.691831707954   -0.453248113394   -0.562080979347
-0.595491528511   -0.179228588939   -0.783113598824
-0.447139143944   -0.735907196999   0.508436024189
-0.667425215244   0.652930140495   0.358086377382
-0.329379171133   -0.895171821117   -0.300294488668
0.941637933254   -0.334833472967   -0.0347073636949
-0.0694795921445   -0.294200539589   0.953214883804
0.644530057907   0.362933933735   -0.672948718071
-0.536699473858   -0.412104517221   -0.73629039526
-0.544550001621   0.835732519627   -0.0708272978663
0.763323247433   -0.578738987446   0.28705188632
-0.511862874031   -0.812908291817   -0.277806550264
0.39412432909   0.0651249811053   -0.916746854782
-0.685678124428   -0.355266392231   -0.635319888592
-0.632552146912   -0.141051054001   0.761565744877
-0.36017125845   0.924061894417   -0.128008887172
-0.897522747517   0.19608515501   0.394972801208
0.0960001721978   -0.787325799465   0.609017252922
0.430391520262   0.584524333477   0.687818646431
0.574998259544   0.138629674911   0.806324243546
-0.392701923847   -0.817827105522   0.42064717412
0.717747986317   -0.55851650238   -0.415809005499
-0.450221925974   -0.465842694044   0.761768162251
0.406037688255   -0.866625607014   -0.289988666773
0.795256912708   0.178747326136   0.579323589802
0.801600217819   0.136157646775   0.582149624825
0.17307780683   0.879176735878   -0.443950861692
-0.57225972414   0.456628292799   0.681182384491
-0.63259357214   0.531912386417   -0.562933921814
-0.0348592214286   -0.745668709278   -0.665404379368
-0.773699045181   -0.401307076216   0.490247279406
-0.600017130375   -0.359039306641   0.714891731739
-0.503739714622   0.863785147667   0.0110231181607
-0.621470570564   -0.353505313396   -0.699148237705
0.567708313465   0.496031850576   -0.657008111477
0.0256812386215   -0.808368623257   -0.58811622858
-0.822829067707   0.317005693913   -0.471656322479
0.926271855831   0.360738039017   0.109034284949
0.344324707985   -0.927711069584   0.144196659327
0.15316952765   -0.0960221216083   -0.983523666859
0.680910050869   0.732225239277   -0.0144125837833
0.305029451847   -0.265651494265   0.914541602135
0.665821671486   -0.627116858959   -0.404235005379
0.21728643775   -0.171784728765   -0.96087282896
0.794475913048   0.603030562401   0.0718486309052
0.567093193531   -0.779002010822   0.267509192228
-0.305038094521   0.275551408529   -0.911604702473
-0.262718051672   0.895734012127   0.358663976192
0.915385723114   0.348901212215   -0.20084066689
-0.160672277212   0.0657980665565   -0.984812200069
-0.0246285181493   -0.997732043266   -0.0626431331038
-0.986700475216   0.0141894500703   0.161928385496
0.5464605093   -0.836211740971   -0.0461613498628
0.315079391003   0.15420794487   0.936453342438
-0.775954842567   -0.526279270649   0.347741633654
0.178841710091   0.882843315601   -0.434284895658
0.390239775181   0.341545552015   0.855020225048
0.903176903725   -0.322388499975   -0.2834379673
-0.462643414736   -0.641355156898   0.612065851688
0.197552248836   -0.747616589069   -0.634068250656
0.864253520966   -0.172432512045   0.472581058741
0.169643566012   0.453827172518   -0.874792516232
0.801652491093   0.452754855156   0.390341281891
0.573214054108   -0.767498493195   -0.287004739046
0.255557477474   0.528094291687   -0.809818983078
0.354840219021   0.727940320969   0.586678206921
0.899321317673   -0.437286347151   -0.00135850382503
0.280973732471   0.254979848862   -0.925223767757
0.768579721451   -0.637136101723   0.0578171946108
-0.574751257896   -0.727353334427   -0.374990850687
0.949373066425   0.297386616468   -0.10125181824
0.235871806741   -0.887655675411   -0.395514667034
-0.207497522235   0.351608544588   -0.912861526012
0.747754693031   0.568807125092   0.342522144318
-0.0391335040331   -0.477214604616   0.877915024757
0.662820875645   -0.669869184494   -0.33458006382
0.610201001167   0.0322245582938   0.791590988636
0.336290359497   -0.915224969387   -0.221973195672
0.717330873013   0.401652693748   -0.569307982922
-0.744307398796   0.526527941227   -0.410822123289
-0.191621601582   0.420912355185   0.886630654335
0.639755904675   0.738648176193   -0.212394073606
-0.763002276421   -0.454458534718   -0.459668278694
0.403959542513   -0.890399158001   0.209776133299
-0.504622817039   -0.025627721101   0.862959444523
0.0402656570077   -0.981088519096   -0.189325064421
0.928111791611   -0.0334625281394   0.370794713497
-0.370117753744   -0.190645113587   0.909212470055
-0.629466950893   0.561343729496   0.537275075912
-0.634674727917   0.02748000063   -0.77229064703
-0.448284864426   -0.827126383781   0.338972955942
0.98988121748   -0.140631243587   0.0189201049507
0.000141176686157   -0.132359594107   -0.991201758385
0.141898199916   0.981174707413   -0.131000414491
-0.484199970961   -0.873731911182   0.0462919175625
-0.851166605949   0.458120673895   -0.256204605103
0.20264685154   -0.163456395268   -0.965513467789
0.0977430194616   -0.983975529671   -0.149125754833
-0.065997749567   0.143104732037   -0.987504601479
0.993020951748   0.106363646686   -0.050952680409
0.3510376513   -0.294174939394   0.888950884342
-0.850799977779   0.296263635159   0.434012919664
-0.391039550304   -0.908674299717   -0.146284341812
0.385594010353   0.245935469866   -0.889287948608
0.444858193398   0.794842600822   0.412706196308
0.808343052864   -0.554744064808   0.197080120444
-0.430316090584   0.206637725234   0.878708660603
-0.893111467361   -0.238810285926   -0.381210565567
0.131072178483   -0.948825836182   0.28731444478
-0.766769111156   0.631968617439   0.112608753145
-0.626984357834   -0.774936497211   0.0797749012709
0.137679874897   -0.00943498965353   0.990431845188
-0.581819832325   -0.756814777851   -0.297854155302
0.773933172226   -0.627764523029   0.0833018273115
-0.250026315451   -0.1820525527   0.950969874859
0.0390028320253   -0.733100533485   0.679001033306
0.857861220837   -0.323883473873   -0.398965746164
0.512399196625   0.598049461842   0.616266131401
0.990635097027   0.131132870913   0.0380302257836
-0.0667979046702   0.222544923425   0.972631394863
0.119080513716   -0.966063082218   0.229220211506
-0.756057620049   0.121467754245   -0.643134891987
0.0302987098694   0.98806989193   0.150996416807
0.653803408146   0.0946758314967   -0.750718057156
0.729301214218   -0.563631653786   -0.387864768505
-0.411277711391   -0.814185082912   0.409821033478
-0.54678183794   -0.139362856746   -0.825595319271
0.0963560119271   0.923562884331   -0.371142923832
0.878521442413   0.0963662266731   0.46788200736
0.467884123325   -0.371140271425   -0.802084386349
-0.41579413414   0.845915317535   -0.333979845047
0.904897928238   0.421534746885   -0.0588914826512
0.0909669026732   -0.326704412699   -0.940738677979
-0.964145362377   0.255227059126   -0.072683647275
0.16834589839   0.376511871815   -0.910987615585
-0.205142438412   -0.89056044817   -0.40597859025
0.600280046463   0.736321508884   -0.312241107225
-0.796574234962   0.515448570251   -0.315883219242
-0.0716473832726   0.438341617584   0.89594823122
-0.647016465664   0.18597497046   -0.739447772503
-0.379647314548   0.762457191944   0.523953199387
0.66123944521   0.619735717773   -0.422717452049
-0.791508555412   0.478565454483   -0.380117535591
0.428113728762   -0.00970856100321   -0.90367269516
-0.436156928539   -0.877998173237   -0.197196036577
-0.970968008041   -0.142673432827   0.192003622651
0.20503129065   -0.0829151645303   0.975237011909
-0.123220391572   0.986290693283   0.10976049304
-0.578409433365   0.522833585739   0.626168966293
0.694851458073   0.717900753021   0.042426276952
-0.427345305681   0.459634184837   -0.778532207012
0.933804750443   0.357746988535   0.00507560512051
-0.344140380621   0.901987612247   -0.260740697384
-0.0978573337197   0.241734191775   0.965395510197
0.997986853123   -0.060869038105   -0.0178117025644
0.00704959314317   0.385571807623   -0.922650873661
0.0630285590887   0.920667886734   0.385224699974
-0.8526673913   -0.410963833332   0.322594195604
-0.511838078499   0.533241569996   -0.673554122448
0.104785740376   -0.739433646202   -0.665024638176
-0.348367124796   -0.797967731953   0.491820991039
-0.449356913567   -0.318300276995   -0.834723472595
0.822629153728   -0.511793375015   -0.247686952353
0.442866235971   0.292692631483   -0.847467124462
0.344460487366   0.817128181458   0.462221264839
0.827778041363   -0.496621131897   0.261057436466
0.16338545084   -0.408878445625   0.897843897343
-0.956504702568   -0.2885838449   0.042639080435
0.241669028997   -0.865758478642   -0.43824455142
0.0584326907992   -0.590622246265   -0.804829776287
0.997660338879   0.0632095783949   0.026046494022
0.0354893095791   -0.804468691349   0.592933893204
-0.997168421745   0.00865770783275   -0.074700564146
0.074659705162   -0.00495035620406   -0.997196793556
-0.00900323316455   -0.999950289726   0.00428995676339
-0.58440965414   -0.122450232506   0.802166640759
0.331508636475   0.866263151169   0.373751491308
-0.740653336048   0.484349161386   -0.465659230947
-0.830642163754   0.548035025597   0.0984440892935
0.00700392760336   -0.166503384709   0.98601603508
0.556762576103   0.81971591711   0.134466335177
-0.932686686516   -0.0227533895522   0.359969168901
0.261416375637   0.644972741604   0.718102812767
-0.248509570956   0.763866782188   -0.595609366894
-0.578671693802   0.170190453529   -0.797605335712
0.524344444275   -0.671428859234   -0.523685157299
-0.624661445618   -0.721261739731   0.299298465252
0.285384654999   -0.110997714102   0.951963841915
0.729778766632   -0.618700623512   -0.29091656208
0.621271669865   0.777746140957   -0.0955638885498
-0.251953482628   -0.811396837234   -0.527403652668
-0.204403966665   0.57730948925   -0.790526926517
0.945906162262   -0.0913726091385   -0.311307877302
0.952826559544   -0.116520397365   0.280258089304
-0.218948885798   0.375601649284   0.900546967983
-0.210197478533   -0.919427216053   0.332371205091
0.999880075455   -0.0106605133042   0.0112344259396
0.0107414480299   0.999916613102   -0.00716864084825
-0.0111570674926   0.00728845549747   0.999911189079
0.893096327782   -0.40448436141   -0.196904525161
-0.257262051105   -0.818272411823   0.514049172401
-0.369046390057   -0.408439338207   -0.834854543209
0.861212551594   -0.508157491684   0.0094328969717
0.508030176163   0.861239790916   0.0130886826664
-0.0147750983015   -0.00647994084284   0.999869823456
