-0.513453602791   -0.780501246452   -0.356627583504
-0.0655926316977   0.450074523687   -0.890578746796
0.855606794357   -0.433878719807   -0.282287508249
-0.157174915075   -0.860105156898   0.48529908061
0.708376705647   0.2442099154   0.662241578102
-0.688112258911   0.447862327099   0.570894777775
0.787755489349   0.216028600931   -0.576864719391
0.2486577034   0.745273113251   0.618657708168
0.563569486141   -0.630792856216   0.533375799656
0.94453817606   -0.188418224454   0.268972426653
0.0810015499592   0.927397251129   0.365202814341
-0.318255156279   -0.32316082716   0.891224265099
-0.61022657156   0.729101479053   -0.309894382954
0.378094047308   -0.0757176429033   -0.922665536404
-0.696181297302   -0.68020427227   -0.229464024305
0.588583827019   -0.692930698395   0.416432648897
0.538949370384   0.720265567303   0.436750650406
-0.602580010891   -0.0326282605529   0.797391176224
0.229782223701   -0.948410570621   -0.218443378806
-0.81206715107   -0.0631276890635   -0.580139517784
0.536420583725   0.310696423054   -0.784678697586
0.94757694006   -0.200082182884   0.249128594995
-0.116076402366   -0.94196254015   -0.315012425184
0.297698169947   0.269580572844   -0.915806829929
-0.995325863361   0.0743748098612   0.061601780355
-0.0918614566326   -0.53232717514   -0.841539800167
-0.0297970660031   -0.843265175819   0.536671161652
-0.987601280212   0.0768689140677   -0.13687543571
0.0704024657607   0.99618935585   0.0514806434512
0.140311107039   0.041205983609   -0.989249646664
-0.884049415588   -0.220693543553   -0.412008494139
-0.466720163822   0.369530111551   0.803504705429
-0.0250787530094   0.902630507946   -0.429684996605
0.887770533562   0.019229169935   -0.459884494543
-0.454543024302   0.193967118859   -0.869348824024
0.0724856182933   0.980819523335   0.180938780308
0.199087262154   0.681812942028   0.703914284706
-0.370495259762   0.71734803915   -0.590038180351
-0.907247245312   -0.143327832222   0.395423322916
-0.449320733547   0.799491226673   0.39865359664
0.862860381603   0.272748291492   0.425535321236
0.231479674578   0.535184204578   -0.812400758266
-0.836475968361   0.52854436636   0.144737109542
-0.499070495367   -0.843828260899   0.197186544538
0.226355090737   0.0927077755332   0.969622910023
-0.0209278576076   0.586964190006   -0.809342324734
0.508118271828   0.703420221806   0.497006833553
0.861033022404   -0.400840342045   -0.312968313694
0.73887604475   -0.672655522823   0.0399585217237
0.664067864418   0.716814815998   -0.212580218911
0.114350400865   0.183605596423   0.976326286793
-0.220714449883   -0.91885894537   0.327083051205
-0.958175778389   0.266909003258   0.103241324425
-0.182165622711   -0.290616214275   -0.939339101315
0.109236165881   0.925863027573   0.361725181341
0.86041778326   -0.270292371511   0.431999146938
0.497743606567   0.264044851065   -0.826154708862
0.924629151821   -0.00693544745445   -0.380805581808
-0.0493775755167   -0.993578970432   -0.101797439158
-0.377654403448   0.112928129733   -0.919034481049
0.810422301292   0.14750008285   0.566973924637
-0.571681380272   -0.0124186640605   0.820381760597
0.128047436476   -0.988984048367   0.074258685112
0.209392443299   -0.66979265213   -0.712413191795
0.976651728153   0.107475206256   0.186011970043
-0.0480226948857   -0.734729111195   0.676658689976
-0.500036120415   0.35594701767   -0.789471745491
-0.844832003117   -0.00015205211821   0.535031676292
0.190322875977   0.934506118298   0.300791442394
-0.296768158674   0.871408760548   0.390609055758
-0.173311457038   -0.451391547918   0.875333547592
0.939090967178   0.192074090242   0.284983754158
0.165651604533   0.754613995552   -0.634915173054
0.642120957375   -0.57116907835   -0.511318445206
-0.748492002487   -0.322991579771   -0.579168558121
-0.21541453898   0.443678051233   -0.869911730289
-0.91475301981   -0.403481185436   0.0207324065268
-0.341794490814   0.800220429897   0.492771536112
0.938432872295   0.174733385444   0.298013418913
0.0216159317642   0.831262528896   -0.555459618568
-0.344784706831   0.527703404427   0.776307046413
-0.0720693916082   -0.837169408798   -0.542174696922
-0.0365618504584   0.5454403162   -0.837351858616
0.996729254723   -0.0405245274305   -0.0699180141091
0.928177714348   -0.112438008189   0.354744762182
-0.0897992253304   0.85742098093   0.506720244884
-0.361140191555   -0.502182245255   0.785742163658
-0.957963228226   -0.272953480482   -0.0883336514235
0.263524144888   -0.958903253078   0.10516435653
-0.113408401608   0.0774655342102   0.990523934364
0.215951263905   -0.14697894454   0.965278327465
0.249407604337   -0.947506070137   -0.200070098042
0.944013178349   0.283953130245   -0.167957469821
-0.344987660646   -0.240169480443   0.907359957695
0.839183032513   -0.511934399605   0.183561965823
0.420422792435   0.824767708778   0.378157198429
0.635268032551   0.486755222082   -0.599586427212
0.184070721269   -0.849429607391   -0.494557678699
-0.750034987926   0.203810364008   -0.629212856293
-0.346139878035   0.102674938738   0.93254762888
0.810505747795   0.533347070217   0.242118448019
-0.472512036562   0.839642047882   -0.267831325531
0.754680812359   -0.264245897532   -0.600525617599
0.509161472321   -0.341372430325   0.790075600147
-0.413777112961   -0.902019381523   -0.123083390296
-0.992745995522   -0.075050778687   0.0939294621348
-0.0703016370535   -0.271420061588   -0.959890007973
0.097534827888   -0.959530353546   0.264174968004
0.744090199471   0.610327363014   0.271717250347
0.25359839201   -0.634308278561   0.730301916599
0.618075728416   -0.474503457546   -0.626760601997
-0.49575778842   0.390811860561   0.775558054447
-0.859673976898   -0.0941236913204   -0.502097010612
-0.123227082193   -0.915645599365   0.382633328438
0.382910937071   0.870825827122   -0.308288127184
-0.453936487436   -0.113282039762   -0.883803606033
-0.804562568665   0.478361278772   0.351922690868
0.726356565952   0.666130661964   0.16934004426
0.584556758404   -0.72830837965   0.357575565577
0.361523807049   -0.160738497972   -0.918402791023
0.618996143341   -0.777513802052   0.110977679491
-0.743198931217   -0.534171938896   0.402884215117
-0.253966867924   -0.33186224103   -0.908497810364
0.468068629503   -0.841690123081   0.269201546907
-0.812766849995   -0.290462553501   0.505016386509
-0.346874326468   -0.45518040657   -0.820054233074
0.647231042385   -0.700314760208   -0.30108332634
0.0137651627883   -0.384168595076   0.92316031456
-0.762169599533   -0.601642489433   -0.239005893469
-0.16534088552   -0.570234000683   -0.804671108723
0.351629376411   0.728196442127   -0.588291347027
0.921422362328   -0.380214631557   0.0801103636622
0.88304156065   0.462497025728   0.0795871764421
0.328743815422   -0.488589257002   -0.80821287632
-0.334910601377   0.739849328995   -0.583487689495
-0.234139591455   0.796881139278   0.556919276714
0.630220472813   0.560590803623   -0.537177860737
-0.740270793438   0.225207313895   -0.633467316628
0.117468386889   -0.0726789087057   0.990413546562
0.879135608673   -0.456229805946   -0.13774946332
0.461867660284   0.88688904047   0.0103020370007
0.0742201134562   -0.68477845192   -0.724961996078
0.964635252953   0.233674019575   -0.121964454651
0.25292339921   -0.690271675587   0.677904725075
0.12764210999   -0.518719613552   -0.845362305641
0.986731112003   -0.0198191199452   0.161148667336
-0.100345313549   -0.854714691639   0.509307026863
-0.39588958025   0.345416158438   0.850857853889
0.538193106651   0.838024556637   -0.0897942781448
-0.744056165218   0.422377228737   -0.517665803432
-0.12330210954   -0.992369174957   5.12083397552e-06
-0.959480464458   0.119217000902   0.255312561989
-0.253364920616   0.0314756631851   -0.966858565807
0.465674012899   0.176014661789   -0.867275357246
-0.241327270865   0.968134641647   0.0669061541557
0.851415812969   0.178140744567   0.493312269449
-0.811621785164   -0.388153493404   -0.436585515738
-0.354579627514   -0.266614168882   0.896208763123
-0.464266449213   0.882186889648   0.0787585750222
-0.7025847435   -0.143971085548   -0.696883797646
-0.319966852665   -0.810820102692   0.490093886852
-0.635606706142   0.567312180996   0.523603856564
0.0567331984639   -0.322462290525   -0.944880604744
0.665184497833   -0.693546295166   0.276628136635
-0.74452060461   -0.644213974476   0.175149828196
-0.901257932186   0.415786772966   0.121883265674
-0.433217793703   -0.859853684902   -0.270137012005
-0.00751763023436   -0.296265125275   0.955076158047
0.492814958096   -0.865348339081   0.091135405004
-0.527508556843   -0.21382433176   0.822200596333
-0.692002952099   -0.453267455101   -0.561854481697
-0.595670461655   -0.178849577904   -0.783064186573
-0.447581648827   -0.735606372356   0.508482038975
-0.666968762875   0.653372883797   0.35812920332
-0.328991800547   -0.895337939262   -0.30022379756
0.94177788496   -0.334449052811   -0.0346150845289
-0.0694173648953   -0.294132202864   0.953240513802
0.644519805908   0.363092780113   -0.672872841358
-0.536364376545   -0.412461966276   -0.736334443092
-0.544892191887   0.835487127304   -0.0710898712277
0.763322591782   -0.578593552113   0.287346601486
-0.511570394039   -0.813000798225   -0.278074532747
0.394505143166   0.0652625635266   -0.916573226452
-0.685458421707   -0.355614006519   -0.635362446308
-0.632804453373   -0.140662625432   0.761427938938
-0.360146194696   0.923987388611   -0.128615751863
-0.897585868835   0.196128860116   0.394807636738
0.0959617495537   -0.787178337574   0.609213888645
0.430268466473   0.584708213806   0.687739312649
0.575255870819   0.138436928391   0.806173622608
-0.392956346273   -0.817624926567   0.420802563429
0.717402279377   -0.558860182762   -0.415943861008
-0.450455248356   -0.465800732374   0.761655926704
0.40615645051   -0.866634845734   -0.289794683456
0.795064151287   0.178811937571   0.579568147659
0.801332890987   0.136203676462   0.582506775856
0.173232108355   0.879181087017   -0.443882018328
-0.572587311268   0.456606149673   0.680921912193
-0.632820367813   0.532020568848   -0.562576651573
-0.0350653938949   -0.745508611202   -0.665572941303
-0.773504257202   -0.401461154222   0.49042853713
-0.600255489349   -0.358344048262   0.715040504932
-0.503521084785   0.863921940327   0.0102651212364
-0.621417582035   -0.353876292706   -0.699007689953
0.56780821085   0.496372252703   -0.656664609909
0.025306886062   -0.80788475275   -0.588796913624
-0.822771787643   0.317705601454   -0.471285223961
0.926191747189   0.360978931189   0.108917638659
0.344595849514   -0.927628815174   0.144077941775
0.153044238687   -0.0959112346172   -0.983554005623
0.680766522884   0.732352018356   -0.0147478114814
0.305115610361   -0.265205144882   0.914642393589
0.665929019451   -0.627157688141   -0.403994828463
0.217598333955   -0.172093972564   -0.960746943951
0.794456064701   0.603048801422   0.0719140991569
0.567001342773   -0.778919637203   0.267943531275
-0.304721534252   0.275335043669   -0.911775946617
-0.263033121824   0.895746409893   0.358401894569
0.91540068388   0.349040031433   -0.200530976057
-0.160495281219   0.0656406581402   -0.984851539135
-0.0238777399063   -0.997752428055   -0.0626093000174
-0.986747741699   0.0134675325826   0.161701902747
0.546284198761   -0.8362891078   -0.0468415655196
0.315978616476   0.15396772325   0.936189889908
-0.775713264942   -0.526226639748   0.348359584808
0.179030701518   0.882954478264   -0.433980852365
0.390161395073   0.341221630573   0.855185270309
0.903173327446   -0.322427004576   -0.283405601978
-0.462552934885   -0.641523957253   0.611957371235
0.197410359979   -0.747432112694   -0.634329855442
0.864334404469   -0.17260441184   0.472370386124
0.169517546892   0.454055845737   -0.874698281288
0.801244318485   0.453274071217   0.390576630831
0.573821663857   -0.767056643963   -0.286971747875
0.255324780941   0.528219997883   -0.809810400009
0.354346513748   0.728170990944   0.586690306664
0.899582028389   -0.436750054359   -0.00125281896908
0.280912399292   0.255218803883   -0.925176501274
0.768594443798   -0.637137174606   0.0576088055968
-0.574761509895   -0.727268576622   -0.375139504671
0.949389457703   0.297380656004   -0.101115629077
0.236002475023   -0.887791931629   -0.395130693913
-0.207273870707   0.351269394159   -0.913042902946
0.747513353825   0.569134533405   0.34250497818
-0.0391114726663   -0.477022558451   0.878020405769
0.663094341755   -0.669727861881   -0.334321022034
0.610239923   0.0318703092635   0.791575312614
0.336409300566   -0.915052711964   -0.222502365708
0.717241942883   0.402073144913   -0.569123208523
-0.744529783726   0.52659368515   -0.410334616899
-0.191124513745   0.420789778233   0.886796116829
0.6396458745   0.738671123981   -0.212645545602
-0.763085067272   -0.45439812541   -0.459590613842
0.403997659683   -0.890426695347   0.209585770965
-0.504467129707   -0.025741763413   0.863047063351
0.0403822883964   -0.981001734734   -0.189749419689
0.928070783615   -0.0335358045995   0.37089073658
-0.370207875967   -0.191078305244   0.909084796906
-0.629283189774   0.561522841454   0.537303268909
-0.635010898113   0.0270897001028   -0.772028028965
-0.44806677103   -0.827017664909   0.339526027441
0.989881932735   -0.140632495284   0.018875638023
0.00016111091827   -0.13191267848   -0.991261303425
0.141893491149   0.98123472929   -0.130555316806
-0.484486401081   -0.873542249203   0.0468703769147
-0.851176142693   0.458359479904   -0.255745619535
0.201921120286   -0.163800224662   -0.965607225895
0.0974437072873   -0.984037697315   -0.148911237717
-0.0660812407732   0.142895951867   -0.987529277802
0.993044793606   0.106068745255   -0.0511021204293
0.351270347834   -0.294508069754   0.888748645782
-0.850721776485   0.296018540859   0.434333384037
-0.391000747681   -0.908646225929   -0.146561890841
0.386085838079   0.245420575142   -0.889216780663
0.445001333952   0.794826567173   0.412582755089
0.808029413223   -0.554995000362   0.197658792138
-0.430389106274   0.206160664558   0.878784954548
-0.893008053303   -0.239121749997   -0.381257593632
0.131536275148   -0.948851168156   0.287018537521
-0.766647458076   0.632137954235   0.112486943603
-0.627126932144   -0.77480083704   0.0799714624882
0.137707978487   -0.00923367217183   0.99042981863
-0.58179885149   -0.756802201271   -0.297927081585
0.773750126362   -0.627896726131   0.0840026810765
-0.250640869141   -0.181648463011   0.950885355473
0.0391531661153   -0.73282289505   0.679291963577
0.857754945755   -0.324067533016   -0.399044781923
0.512565612793   0.598289906979   0.615894198418
0.990661859512   0.130855828524   0.0382861196995
-0.067009806633   0.222750008106   0.972569823265
0.11873819679   -0.966053426266   0.229438573122
-0.75577133894   0.121899418533   -0.643389642239
0.0302035547793   0.987964272499   0.151704788208
0.654138684273   0.0952214747667   -0.750356853008
0.728893101215   -0.56398576498   -0.388117045164
-0.411002874374   -0.813850581646   0.410760074854
-0.547532141209   -0.139882966876   -0.82500988245
0.0965227857232   0.923460960388   -0.371353238821
0.878254175186   0.0965400189161   0.468347817659
0.468351364136   -0.371348768473   -0.80171507597
-0.415842562914   0.845812261105   -0.334180474281
0.904839515686   0.421695381403   -0.0586379282176
0.0913256853819   -0.32676383853   -0.940683245659
-0.964217782021   0.25503334403   -0.0724018216133
0.168002724648   0.376540243626   -0.911039233208
-0.205083191395   -0.89060395956   -0.405913114548
0.600354850292   0.736447632313   -0.311799436808
-0.796469569206   0.515400469303   -0.316225469112
-0.072181917727   0.438186258078   0.895981371403
-0.647136747837   0.186415955424   -0.739231407642
-0.3802267313   0.761520683765   0.524894177914
0.660788655281   0.620753884315   -0.421927690506
-0.791480839252   0.478705257177   -0.379999220371
0.427836835384   -0.010065949522   -0.903799951077
-0.436478823423   -0.877917945385   -0.19684073329
-0.970888197422   -0.142519652843   0.192520782351
0.205502957106   -0.082670122385   0.975158572197
-0.123063541949   0.986333489418   0.109551653266
-0.578566491604   0.522814154625   0.626040041447
0.694791615009   0.717952311039   0.0425332300365
-0.427229911089   0.459575653076   -0.778630077839
0.933831095695   0.357676595449   0.0051893144846
-0.344047516584   0.902030467987   -0.26071497798
-0.097932562232   0.241678386927   0.965401887894
0.997994303703   -0.0606572702527   -0.018111679703
0.00670160818845   0.385736525059   -0.922584652901
0.0629478022456   0.920612871647   0.385369360447
-0.852655827999   -0.410967379808   0.322620302439
-0.511911392212   0.533596098423   -0.673217594624
0.104521520436   -0.739175915718   -0.665352702141
-0.348533630371   -0.797926545143   0.491769790649
-0.448950856924   -0.318446904421   -0.834886014462
0.822780311108   -0.511766314507   -0.247240364552
0.442892700434   0.29223638773   -0.847610712051
0.345314830542   0.816855251789   0.462066173553
0.827407836914   -0.497338294983   0.260865688324
0.163747757673   -0.408731400967   0.897844791412
-0.956312060356   -0.289204627275   0.042754534632
0.242185756564   -0.865620791912   -0.438231378794
0.0590822324157   -0.590291976929   -0.805024683475
0.997634589672   0.0632992982864   0.0268034171313
0.0351356565952   -0.804704070091   0.592635512352
-0.997204959393   0.0085595427081   -0.0742228999734
0.0741823613644   -0.00496058072895   -0.997232377529
-0.00890404172242   -0.999951064587   0.00431174878031
-0.585000693798   -0.122098907828   0.801789283752
0.331354379654   0.86634761095   0.373692512512
-0.740255653858   0.484286785126   -0.46635594964
-0.830591976643   0.548108279705   0.0984591692686
0.00709662493318   -0.166372284293   0.986037492752
0.55683618784   0.819693565369   0.134297773242
-0.932776033878   -0.0230826660991   0.359716564417
0.261154323816   0.644572615623   0.718557298183
-0.248449668288   0.76419454813   -0.595213770866
-0.578713476658   0.170314744115   -0.797548472881
0.524252474308   -0.671421766281   -0.523786365986
-0.624699950218   -0.721238970757   0.299272924662
0.284867435694   -0.111147664487   0.952101230621
0.73014497757   -0.618394136429   -0.290649324656
0.621078789234   0.777968466282   -0.0950064435601
-0.25202652812   -0.811452567577   -0.527283012867
-0.203966856003   0.577173054218   -0.790739417076
0.945981025696   -0.0917390361428   -0.310972332954
0.952969312668   -0.116517446935   0.279773443937
-0.218467459083   0.375708401203   0.900619328022
-0.210051104426   -0.919383943081   0.33258330822
0.999872028828   -0.0110639901832   0.0115540791303
0.0111496923491   0.999910593033   -0.00737954396755
-0.0114713991061   0.00750742433593   0.999906003475
0.893013477325   -0.404446840286   -0.197356715798
-0.256681144238   -0.817966580391   0.514825642109
-0.369650781155   -0.409088492393   -0.834269106388
0.861058056355   -0.508414685726   0.00967240612954
0.508281230927   0.861086964607   0.0133975949138
-0.0151403155178   -0.00661980500445   0.999863445759
