-0.5133472085   -0.781012654305   -0.355659782887
-0.0654391497374   0.448852360249   -0.891206622124
0.855682373047   -0.434224367142   -0.281525909901
-0.158201918006   -0.860059201717   0.485046744347
0.708127439022   0.243521764874   0.662761390209
-0.688133478165   0.448325037956   0.570505917072
0.788595616817   0.215912774205   -0.57575917244
0.248168706894   0.744934380054   0.619261741638
0.562609314919   -0.631232500076   0.533869206905
0.944248497486   -0.188109979033   0.270202577114
0.0800198838115   0.927217662334   0.365874528885
-0.319361269474   -0.323854893446   0.890576422215
-0.610408842564   0.728985130787   -0.309809237719
0.376442462206   -0.077146962285   -0.923222303391
-0.696916162968   -0.680168390274   -0.227329775691
0.587870180607   -0.693665444851   0.416217327118
0.539291858673   0.719553232193   0.437501341105
-0.602970063686   -0.0327313765883   0.797092020512
0.22988511622   -0.948405325413   -0.218357935548
-0.811566352844   -0.062982134521   -0.580855667591
0.537133932114   0.310742020607   -0.784172534943
0.947570085526   -0.200244829059   0.249023929238
-0.116135716438   -0.941818296909   -0.315421551466
0.297696828842   0.269963473082   -0.915694475174
-0.995381176472   0.0742029845715   0.0609114915133
-0.0911927893758   -0.532535851002   -0.841480493546
-0.0300028119236   -0.84314852953   0.536842942238
-0.987702846527   0.0766502320766   -0.136263817549
0.0704190284014   0.996264457703   0.0499826744199
0.139585986733   0.0397724620998   -0.989410877228
-0.883607387543   -0.220968306065   -0.412808686495
-0.467553883791   0.369082123041   0.803225874901
-0.0251271426678   0.902746558189   -0.429438263178
0.887358307838   0.0181729327887   -0.460722267628
-0.455121964216   0.194644898176   -0.868894338608
0.0738868862391   0.980705440044   0.180990666151
0.199579849839   0.681545913219   0.704033434391
-0.370141029358   0.71769285202   -0.589841187
-0.907283604145   -0.142871260643   0.395505130291
-0.44983959198   0.799151837826   0.398748904467
0.862664282322   0.273213893175   0.425634205341
0.231202617288   0.535453557968   -0.812302172184
-0.836189746857   0.529127061367   0.144261330366
-0.500008106232   -0.843577384949   0.19588021934
0.225341111422   0.0916611924767   0.969958543777
-0.0214007273316   0.586275458336   -0.809829056263
0.507703006268   0.704171001911   0.496367692947
0.861266314983   -0.400529980659   -0.312723577023
0.739031016827   -0.672399759293   0.0413731820881
0.664077579975   0.716803431511   -0.212588310242
0.113287888467   0.184584349394   0.97626554966
-0.220688864589   -0.918903172016   0.326976150274
-0.957969784737   0.26720944047   0.104369521141
-0.183276593685   -0.290200084448   -0.939251601696
0.108569666743   0.926076412201   0.361379474401
0.859897792339   -0.269890040159   0.43328410387
0.49878692627   0.263707906008   -0.825632929802
0.925074875355   -0.00652585132048   -0.379728704691
-0.0488250292838   -0.993598878384   -0.101869381964
-0.376633256674   0.112777069211   -0.919471979141
0.810153484344   0.148625433445   0.567064225674
-0.571876049042   -0.0122854020447   0.820248007774
0.128876328468   -0.98881727457   0.0750422626734
0.209169328213   -0.670269072056   -0.712030589581
0.976710557938   0.107608683407   0.185625627637
-0.0477984435856   -0.734274983406   0.677167356014
-0.499479651451   0.356541782618   -0.789555609226
-0.844893872738   0.000987411360256   0.534933030605
0.191505596042   0.934278845787   0.300746798515
-0.296605914831   0.871923804283   0.389581531286
-0.173276335001   -0.45030272007   0.87590110302
0.939148664474   0.192292183638   0.284646213055
0.165879204869   0.755083084106   -0.634297728539
0.64216953516   -0.570849180222   -0.511614620686
-0.748399853706   -0.322460442781   -0.579583346844
-0.214687123895   0.444444030523   -0.869700491428
-0.91508769989   -0.402755111456   0.0200706254691
-0.34135606885   0.800161123276   0.493171572685
0.937833189964   0.17384211719   0.300412863493
0.0237508397549   0.831355929375   -0.555232584476
-0.346272826195   0.527850568295   0.775544285774
-0.0713231116533   -0.836871445179   -0.542733073235
-0.0370008610189   0.545964121819   -0.836991131306
0.996766746044   -0.0396152175963   -0.0699048265815
0.928481638432   -0.112883001566   0.353806883097
-0.0888130292296   0.857551753521   0.506672680378
-0.36060243845   -0.501858949661   0.786195576191
-0.957764685154   -0.273220747709   -0.0896505564451
0.263494700193   -0.958726406097   0.106837444007
-0.115140557289   0.0787026882172   0.990226507187
0.216270342469   -0.146278247237   0.965313315392
0.249862402678   -0.947494328022   -0.199557632208
0.943819880486   0.284353911877   -0.168365493417
-0.345450282097   -0.240136221051   0.907192766666
0.839238345623   -0.511635065079   0.184142798185
0.419932276011   0.824963152409   0.378275990486
0.634984016418   0.486656010151   -0.599967718124
0.183764755726   -0.84949195385   -0.494564414024
-0.750350475311   0.203787580132   -0.628844022751
-0.347313672304   0.103500515223   0.932019770145
0.810268104076   0.533441662788   0.242704838514
-0.472058087587   0.839480578899   -0.269134730101
0.754007279873   -0.264382302761   -0.601311087608
0.509574115276   -0.342222094536   0.78944170475
-0.414496362209   -0.901657402515   -0.123315572739
-0.992865681648   -0.0737959966063   0.0936580821872
-0.0704423263669   -0.27073186636   -0.960074007511
0.0962058454752   -0.959822058678   0.263602018356
0.743955552578   0.610375881195   0.271976798773
0.25403290987   -0.634788691998   0.729733228683
0.618059396744   -0.473798036575   -0.627310156822
-0.495806068182   0.390550881624   0.775658667088
-0.859648942947   -0.0940010994673   -0.50216281414
-0.123207375407   -0.915769517422   0.382342964411
0.38272228837   0.870622634888   -0.309095203876
-0.453561723232   -0.11440770328   -0.883851051331
-0.804863631725   0.478463232517   0.35109475255
0.726756572723   0.66576051712   0.169079318643
0.584189355373   -0.728550553322   0.357682615519
0.361313790083   -0.161173865199   -0.918409109116
0.618893742561   -0.777587592602   0.111031830311
-0.743350446224   -0.534152150154   0.402630835772
-0.253772854805   -0.331721246243   -0.908603489399
0.467945724726   -0.841694355011   0.269401878119
-0.812859654427   -0.290289789438   0.504966378212
-0.346822738647   -0.455282777548   -0.820019245148
0.647217452526   -0.700484931469   -0.300716519356
0.013098907657   -0.384205341339   0.923154711723
-0.762192845345   -0.601420938969   -0.239488825202
-0.165626376867   -0.570630311966   -0.804331362247
0.351595789194   0.727834165096   -0.588759541512
0.921383917332   -0.380313634872   0.0800826698542
0.882712721825   0.463084429502   0.0798186212778
0.329335093498   -0.488490402699   -0.808031916618
-0.335196346045   0.739547133446   -0.58370667696
-0.234417319298   0.796869039536   0.556819736958
0.63042473793   0.560621857643   -0.536905705929
-0.740008890629   0.225172966719   -0.633785426617
0.11766063422   -0.0725595653057   0.990399479866
0.879010379314   -0.456435531378   -0.137867286801
0.462057113647   0.886792957783   0.0100761149079
0.0744216442108   -0.685048997402   -0.724685668945
0.964429318905   0.234281942248   -0.122425749898
0.253648400307   -0.689796984196   0.678116977215
0.126325815916   -0.518971323967   -0.845405578613
0.98697167635   -0.0198501609266   0.159664988518
-0.0996429845691   -0.854561150074   0.509702384472
-0.395517647266   0.345157951117   0.851135551929
0.539070785046   0.837530374527   -0.0891376957297
-0.743618488312   0.423566818237   -0.517322659492
-0.123486801982   -0.992345511913   -0.00115660368465
-0.959217846394   0.119065612555   0.256367892027
-0.254267811775   0.0327674858272   -0.966578602791
0.465753465891   0.175005868077   -0.867436826229
-0.241747558117   0.968124747276   0.065518014133
0.851253092289   0.179185494781   0.493214696646
-0.811533510685   -0.389229118824   -0.435791254044
-0.353327155113   -0.267124116421   0.896551549435
-0.465374320745   0.881558477879   0.0792549625039
-0.702707409859   -0.144053012133   -0.696743190289
-0.319431394339   -0.811163187027   0.489875346422
-0.635740458965   0.566800653934   0.52399533987
0.0566414631903   -0.322080880404   -0.945016205311
0.664689302444   -0.694109320641   0.276406168938
-0.744969725609   -0.643798172474   0.174768328667
-0.901234209538   0.415689021349   0.122391030192
-0.433267533779   -0.859526455402   -0.271096885204
-0.00749366777018   -0.297349840403   0.95473921299
0.493010163307   -0.865285515785   0.0906753316522
-0.526893556118   -0.214009344578   0.822546780109
-0.692332386971   -0.453300148249   -0.561422109604
-0.596016585827   -0.178102940321   -0.782970964909
-0.448451608419   -0.735017359257   0.508567214012
-0.666074573994   0.654239118099   0.358211994171
-0.328233271837   -0.895661711693   -0.300088256598
0.942051172256   -0.333697527647   -0.0344313010573
-0.0692999139428   -0.293999999762   0.953289866447
0.644503772259   0.363403916359   -0.672720253468
-0.535708606243   -0.413152962923   -0.736424446106
-0.545555889606   0.835010290146   -0.0716000199318
0.763313353062   -0.578311800957   0.287937700748
-0.510996282101   -0.813179850578   -0.278606176376
0.395266383886   0.0655287131667   -0.91622620821
-0.685022771358   -0.356303662062   -0.635445892811
-0.633303761482   -0.13989444077   0.761154353619
-0.360097408295   0.923838317394   -0.129817560315
-0.897715210915   0.196208953857   0.394473612309
0.09588098526   -0.78689289093   0.609595298767
0.430016547441   0.585065484047   0.68759304285
0.575756371021   0.13807426393   0.805878460407
-0.393445342779   -0.817229151726   0.421114355326
0.716732442379   -0.559528410435   -0.416200220585
-0.450918197632   -0.465722203255   0.761429965496
0.406384199858   -0.866653084755   -0.289420634508
0.79468524456   0.178928077221   0.580051779747
0.800802886486   0.136282339692   0.583216786385
0.173545211554   0.879193305969   -0.443735539913
-0.573233604431   0.456559211016   0.680409371853
-0.633260071278   0.532242000103   -0.561872005463
-0.035471636802   -0.745186984539   -0.665911495686
-0.773125767708   -0.401764661074   0.490776628256
-0.60071849823   -0.356981545687   0.715333104134
-0.5030990839   0.864184200764   0.00877475365996
-0.621311962605   -0.354612261057   -0.698728561401
0.568009853363   0.49704259634   -0.655982851982
0.0245693027973   -0.806927144527   -0.590139746666
-0.82265496254   0.319088160992   -0.470554530621
0.926031053066   0.361461311579   0.108683764935
0.345139533281   -0.927464365959   0.143835112453
0.152791142464   -0.0956847220659   -0.983615398407
0.680472016335   0.732611894608   -0.0154154859483
0.305289387703   -0.264312058687   0.914842903614
0.666150271893   -0.627231180668   -0.403515607119
0.218200400472   -0.172708541155   -0.960500061512
0.794424533844   0.603076279163   0.0720326155424
0.566814124584   -0.778762340546   0.268795371056
-0.304096788168   0.274905532598   -0.912114083767
-0.263651788235   0.895772695541   0.3578812778
0.915430426598   0.349311053753   -0.199922263622
-0.160150527954   0.0653379112482   -0.984927773476
-0.0224001090974   -0.997790515423   -0.0625489130616
-0.986838400364   0.0120452502742   0.161260247231
0.545942664146   -0.83643591404   -0.0481821410358
0.317753046751   0.153499573469   0.935666024685
-0.775228738785   -0.526130020618   0.34958204627
0.179402083158   0.883167386055   -0.433393895626
0.390010148287   0.340594232082   0.855504333973
0.903164982796   -0.32250726223   -0.283340930939
-0.462369263172   -0.641855657101   0.611748337746
0.197131812572   -0.747070491314   -0.634842276573
0.864496231079   -0.17293651402   0.471952617168
0.16924700141   0.454506903887   -0.874516367912
0.800436913967   0.454311400652   0.391026675701
0.575027108192   -0.766175329685   -0.286913275719
0.254854828119   0.528453230858   -0.809806287289
0.353376984596   0.728637099266   0.586696445942
0.900096476078   -0.435689330101   -0.00104654603638
0.280783385038   0.255695074797   -0.925084173679
0.768625855446   -0.637137115002   0.057188898325
-0.574782550335   -0.727101325989   -0.375431388617
0.949420332909   0.297376990318   -0.100836478174
0.236268863082   -0.88805347681   -0.39438316226
-0.206828653812   0.350610852242   -0.913396894932
0.747036576271   0.569786429405   0.342461407185
-0.039056841284   -0.476640224457   0.878230392933
0.66363465786   -0.669445693493   -0.333813607693
0.61030960083   0.0311877746135   0.791548788548
0.336653500795   -0.914712369442   -0.223530158401
0.717068076134   0.402900278568   -0.568757236004
-0.744963467121   0.526722252369   -0.409381330013
-0.190150380135   0.420552641153   0.887117981911
0.63943117857   0.738714516163   -0.213139921427
-0.763249337673   -0.454272449017   -0.459442049265
0.404062956572   -0.890484452248   0.209214165807
-0.504166245461   -0.0259609334171   0.863216340542
0.0406053364277   -0.980827927589   -0.190598413348
0.927987158298   -0.0336931012571   0.37108579278
-0.370393157005   -0.191940933466   0.908827602863
-0.628914892673   0.561883926392   0.537356972694
-0.63567507267   0.0263214763254   -0.77150785923
-0.447641909122   -0.826797187328   0.340621650219
0.989882707596   -0.140636950731   0.0188012719154
0.000212244092836   -0.131039917469   -0.991377055645
0.141887962818   0.981351017952   -0.129684299231
-0.485038608313   -0.873173713684   0.0480125062168
-0.851195573807   0.458816170692   -0.254860401154
0.200508505106   -0.164485171437   -0.96578514576
0.0968620404601   -0.984159946442   -0.148482173681
-0.0662466064095   0.142477884889   -0.987578570843
0.993090689182   0.10549531877   -0.0513965561986
0.351730585098   -0.295154243708   0.888352155685
-0.850568950176   0.295534402132   0.434961885214
-0.390919476748   -0.908594191074   -0.147100552917
0.38704419136   0.244411155581   -0.889078140259
0.445285618305   0.794793784618   0.412339091301
0.807414114475   -0.555487155914   0.198787540197
-0.430527120829   0.205230146646   0.878935158253
-0.892806589603   -0.239735856652   -0.381343752146
0.132449030876   -0.948897957802   0.28644362092
-0.76640611887   0.632474184036   0.112241044641
-0.62740957737   -0.774531126022   0.0803664028645
0.137763857841   -0.00882779899985   0.990425765514
-0.581759274006   -0.75677549839   -0.298072099686
0.773385763168   -0.628159046173   0.0853854939342
-0.251854330301   -0.180850923061   0.950716733932
0.0394462049007   -0.732275307178   0.67986536026
0.857547461987   -0.324430435896   -0.399195790291
0.512890219688   0.598763525486   0.615163266659
0.990714251995   0.130310222507   0.03878762573
-0.0674225464463   0.223139643669   0.972451984882
0.118065372109   -0.966037213802   0.229853481054
-0.755211830139   0.122734472156   -0.64388769865
0.0300037153065   0.987756669521   0.153089791536
0.654793739319   0.0962961986661   -0.749648034573
0.728094100952   -0.56467705965   -0.388611465693
-0.410461932421   -0.813196241856   0.412592917681
-0.548999130726   -0.140896245837   -0.823861777782
0.096848487854   0.923262655735   -0.371761202812
0.877724707127   0.0968840792775   0.469268351793
0.469275712967   -0.37175193429   -0.800987422466
-0.415943533182   0.845600008965   -0.334591776133
0.904720962048   0.422018140554   -0.0581433400512
0.0920377969742   -0.326896548271   -0.940567731857
-0.964360952377   0.254648923874   -0.0718462020159
0.167323514819   0.376589149237   -0.911144018173
-0.204965367913   -0.890693306923   -0.405776619911
0.600498378277   0.73668628931   -0.310958266258
-0.796266257763   0.515297055244   -0.316905319691
-0.073223926127   0.437906712294   0.896033465862
-0.64737790823   0.187279492617   -0.738801896572
-0.38136574626   0.759672224522   0.526743113995
0.659895420074   0.622755587101   -0.420373022556
-0.791431903839   0.478976041079   -0.379759758711
0.427286118269   -0.0107621997595   -0.904052376747
-0.437106490135   -0.877762019634   -0.196142271161
-0.970733106136   -0.142216593027   0.19352440536
0.206416219473   -0.0821802616119   0.97500705719
-0.122758291662   0.986418187618   0.109130911529
-0.578875899315   0.522764861584   0.625795125961
0.69466573   0.718061745167   0.0427420958877
-0.427015483379   0.459460794926   -0.778815507889
0.933887124062   0.357527047396   0.00540490914136
-0.343856364489   0.902118861675   -0.260661393404
-0.0980693623424   0.241569802165   0.965415179729
0.998008489609   -0.0602472797036   -0.0186894256622
0.00603089341894   0.38605928421   -0.922454237938
0.0627905875444   0.920504450798   0.385653793812
-0.852629125118   -0.410969257355   0.322688430548
-0.512063443661   0.534282922745   -0.672556877136
0.103993281722   -0.738678514957   -0.665987551212
-0.348867118359   -0.797834813595   0.491682142019
-0.448159188032   -0.318742841482   -0.835198402405
0.823070526123   -0.511725127697   -0.246358111501
0.442930728197   0.291335910559   -0.847900807858
0.346995234489   0.816321492195   0.461750507355
0.826684176922   -0.498741000891   0.2604816854
0.164475634694   -0.40843975544   0.897844493389
-0.955928742886   -0.290433615446   0.0429944731295
0.243203565478   -0.865346908569   -0.438208580017
0.0603533275425   -0.589642822742   -0.805406033993
0.997582793236   0.0634691864252   0.0282879602164
0.0344386696815   -0.805166482925   0.592048108578
-0.997276604176   0.00836367439479   -0.0732764676213
0.0732365474105   -0.00498404586688   -0.997302114964
-0.00870632380247   -0.999952614307   0.00435794563964
-0.586154818535   -0.121412575245   0.801050245762
0.331051558256   0.866513609886   0.373575985432
-0.739477753639   0.484162300825   -0.467717349529
-0.830494344234   0.548252105713   0.0984824895859
0.00728084007278   -0.166100785136   0.986081898212
0.556979477406   0.819652497768   0.133954033256
-0.932948887348   -0.0237309038639   0.359225779772
0.260639280081   0.643797159195   0.719438910484
-0.248341485858   0.764828085899   -0.594444692135
-0.578798174858   0.170565977693   -0.797433316708
0.524066746235   -0.671406924725   -0.52399122715
-0.624777317047   -0.721193432808   0.299221158028
0.283850312233   -0.111434161663   0.952371478081
0.730873465538   -0.61778241396   -0.290118664503
0.620687484741   0.778413295746   -0.0939134657383
-0.252161175013   -0.811566054821   -0.527043938637
-0.203102901578   0.576898992062   -0.79116165638
0.946131050587   -0.0924560949206   -0.310302942991
0.953247308731   -0.11652380228   0.2788220644
-0.217517003417   0.375924021006   0.900759398937
-0.209775820374   -0.919295012951   0.333002656698
0.999855339527   -0.011868070811   0.0121855819598
0.0119636375457   0.999898016453   -0.00779994390905
-0.0120917689055   0.00794459879398   0.999895334244
0.89285415411   -0.404368907213   -0.198235362768
-0.255538284779   -0.817364633083   0.516348004341
-0.37082567811   -0.410366743803   -0.833119094372
0.860754728317   -0.508918941021   0.0101402783766
0.50877314806   0.860786914825   0.0139930639416
-0.0158499535173   -0.00688549503684   0.999850690365
