-0.514593260625   -0.772563605131   -0.371939850173
-0.0700937804606   0.470233619237   -0.879754059542
0.854564589753   -0.426644839845   -0.296130955108
-0.137946534327   -0.862655561223   0.486617032541
0.711764977334   0.255310197233   0.654375519278
-0.688738971388   0.436625796169   0.578788859094
0.769492670513   0.217849048407   -0.60035224838
0.259272081308   0.752520861621   0.60538445692
0.583660019087   -0.621493479398   0.522577111234
0.949746656655   -0.198038304393   0.242408989451
0.103924698355   0.929988780607   0.35259115845
-0.295264195671   -0.309679992797   0.903834806154
-0.609822901949   0.73093611664   -0.306346897568
0.405973467193   -0.0438766369228   -0.912830972671
-0.68066259791   -0.681033944913   -0.269983691513
0.599492011265   -0.682683578449   0.417794758399
0.534617845371   0.730018861736   0.425741965185
-0.595645102254   -0.0318683734461   0.802615299464
0.22888124466   -0.949269866659   -0.215638809345
-0.819615712395   -0.0684063063359   -0.568815138027
0.525208015779   0.306932073115   -0.793693418553
0.947301926712   -0.195315251356   0.253911425963
-0.112758872483   -0.945203860357   -0.306390435626
0.299840784956   0.261613483893   -0.917416965574
-0.99367954964   0.0821258501091   0.076526448836
-0.10852301976   -0.528522141052   -0.841954334035
-0.0287002928497   -0.84493768478   0.534094188349
-0.98602824123   0.0758137950016   -0.14832591137
0.0648628739032   0.9948934127   0.0773298451832
0.153431141185   0.0666285663548   -0.985910502561
-0.890199926448   -0.221262216779   -0.398229986789
-0.454682152463   0.37696189629   0.806947252909
-0.0284294070231   0.899412452755   -0.436175433335
0.895139149307   0.0349505914093   -0.444414625701
-0.443090276727   0.179242488879   -0.878375282468
0.0489582480033   0.983183902605   0.175933236234
0.193011639817   0.685291862032   0.702226153548
-0.376558917667   0.712615638638   -0.591931020553
-0.906062850149   -0.150179943403   0.395595874826
-0.442749147276   0.803638699492   0.397665730565
0.864905188966   0.26581871921   0.425769212857
0.236457621332   0.532452109769   -0.812762292504
-0.839381697772   0.520965212465   0.155027780888
-0.484036228405   -0.846196101776   0.222847676523
0.247279791002   0.112015198705   0.962447557128
-0.0178768501685   0.599511432227   -0.800166520705
0.516667142329   0.690700351039   0.50595265501
0.855999697585   -0.404374909834   -0.322095405169
0.732599994806   -0.680521203535   0.0137163825362
0.66691776954   0.713635163069   -0.214349114069
0.136080624195   0.166179859101   0.976660799944
-0.217316330983   -0.918705945505   0.329777194454
-0.962304230944   0.258250700759   0.0853061701434
-0.163536477261   -0.298807565586   -0.940196713116
0.116329735942   0.922120072276   0.369001307372
0.869532861559   -0.274096961178   0.41083264055
0.479979161218   0.273066710127   -0.833699332264
0.916616067847   -0.0117701821786   -0.399595354047
-0.0575482610141   -0.99304033476   -0.102757438633
-0.395604830378   0.117185137076   -0.910914080378
0.816304230743   0.127736684355   0.563321171572
-0.566342139548   -0.0147977759807   0.824037381918
0.113595703453   -0.991697718711   0.0602631799776
0.209703091494   -0.65988192126   -0.721512621796
0.976290933448   0.10080681087   0.191556780482
-0.0536714699292   -0.744576280092   0.665376236756
-0.505565214258   0.342737010654   -0.791792369034
-0.846057942032   -0.0170890632475   0.532816969176
0.169085105368   0.939275947443   0.298615005814
-0.299934897428   0.863589336567   0.405280785471
-0.176877008992   -0.46781785623   0.865945135146
0.937418572995   0.188042312152   0.293063999572
0.160986529441   0.747403376659   -0.644570810616
0.642759564527   -0.574998874469   -0.506198021103
-0.74896160085   -0.332812990911   -0.57296774214
-0.222914180841   0.425962691596   -0.876849504389
-0.909662768867   -0.414261854045   0.0300127176408
-0.350461003419   0.80432760841   0.47982724332
0.949344340082   0.185513277458   0.253633885437
-0.0134812480036   0.830441434436   -0.556942797712
-0.313948371404   0.525311191445   0.790875826053
-0.0847343675285   -0.845862944053   -0.526626971239
-0.0279109046592   0.530335328938   -0.847328401672
0.996012584439   -0.0570992010194   -0.0685464286618
0.923519301932   -0.104987740731   0.368903338635
-0.10560946621   0.855024755194   0.507719714658
-0.368725832573   -0.507848641134   0.778544165794
-0.961675177159   -0.265905631943   -0.0668958035834
0.261102494153   -0.962575170184   0.072625954667
-0.0837038898901   0.0523759166567   0.995113271026
0.205795083414   -0.160571273239   0.965331678675
0.243941294007   -0.946889050369   -0.209508404055
0.947703027705   0.27860005833   -0.15569514693
-0.338761403632   -0.242944928536   0.908965606119
0.837279763499   -0.518533074261   0.173453303606
0.429189129689   0.819817792315   0.379071864374
0.640371143125   0.491369124871   -0.590322947358
0.191452430227   -0.846442109216   -0.496871937934
-0.743821729995   0.205163687991   -0.636110914162
-0.327830085612   0.0860123821666   0.940813108477
0.812604441157   0.533614608215   0.234370373792
-0.481872864124   0.841342569952   -0.244828966438
0.764466734062   -0.261530251031   -0.589230464511
0.503869013642   -0.327742543624   0.799187613887
-0.402127628501   -0.907847318052   -0.118771282313
-0.990314092748   -0.0956891566846   0.100606078336
-0.0694000290065   -0.286442111845   -0.955580740982
0.120256532792   -0.953307139308   0.277026829867
0.744014774286   0.61256163341   0.266852507796
0.247854554842   -0.623912457932   0.741148679066
0.620491849493   -0.48528495764   -0.616026277525
-0.492834107505   0.397256485102   0.774145869668
-0.861003752886   -0.094173084963   -0.499803929141
-0.125646647372   -0.912862922411   0.38845103281
0.387027484344   0.87406333834   -0.293637543467
-0.461174603285   -0.0922674862661   -0.882499119695
-0.798453324652   0.476969591849   0.367385760209
0.717174977036   0.674672128571   0.174578266811
0.592294054936   -0.722098060411   0.357438307457
0.367216291579   -0.152944140389   -0.917474950677
0.623028164582   -0.77507337619   0.105343094976
-0.738241818159   -0.538147063992   0.406689999186
-0.258524513458   -0.331148001712   -0.907472355999
0.473577174227   -0.839979237531   0.264876462841
-0.809579358281   -0.29672104621   0.506495689401
-0.346851441826   -0.454303314155   -0.820550166688
0.648921745684   -0.695120262458   -0.309367724073
0.0276837606347   -0.384764890327   0.922599365147
-0.760351351268   -0.60725925262   -0.230438761351
-0.161899426568   -0.564935997313   -0.809095726485
0.352660804123   0.732642647626   -0.58212121428
0.921639263982   -0.3795814403   0.0806163585604
0.888845316487   0.451422142916   0.0785624098663
0.320466905723   -0.489900325294   -0.81073955967
-0.327498039223   0.7457987129   -0.580111466998
-0.226841189445   0.792767789025   0.5657404948
0.626114750839   0.563644327579   -0.538781394232
-0.746004955448   0.232000656623   -0.62422135639
0.107869440164   -0.07516610492   0.991319444251
0.881698712337   -0.453456703214   -0.130324207169
0.459316410051   0.888103076778   0.017359737205
0.0664376698779   -0.679432861304   -0.7307236297
0.968368721531   0.220435988755   -0.116918749662
0.240516226442   -0.699842097792   0.672586784717
0.147914138232   -0.514361035609   -0.844721334381
0.982604923497   -0.020545156849   0.184568309441
-0.112289679093   -0.857327604581   0.502374766874
-0.404743399301   0.347434033316   0.845856000284
0.521827375533   0.847361802639   -0.0983573361409
-0.750918751175   0.401581334131   -0.524264686214
-0.114556267503   -0.993154764671   0.0228139209185
-0.965065908543   0.116704909536   0.23457995707
-0.235636698637   0.00485566699414   -0.971829084126
0.464285063411   0.185948125741   -0.865946115199
-0.229483742737   0.969579629438   0.0851619281008
0.855439414402   0.159181144336   0.492833411585
-0.809790379729   -0.369177268796   -0.456012812432
-0.380287205341   -0.261598897159   0.887100703674
-0.446789863752   0.891781453726   0.0714468784411
-0.69723393127   -0.143244306795   -0.702385872336
-0.331483334831   -0.80435075922   0.493090919478
-0.635597076626   0.576628931561   0.513337541459
0.0601313986076   -0.324053287176   -0.944125882482
0.672929305365   -0.68543082413   0.278120001643
-0.737258682474   -0.652053718955   0.176849039337
-0.900177791992   0.421534686414   0.109491784873
-0.435381708705   -0.864589989983   -0.250852380785
-0.011077478484   -0.273482462638   0.961813200211
0.489395639818   -0.86633724099   0.0997581706015
-0.540908099242   -0.211832060027   0.813969045185
-0.684039718073   -0.452312904104   -0.572278516877
-0.586895359893   -0.191792476532   -0.786619019908
-0.432605633805   -0.746954191009   0.504887910465
-0.684402076367   0.636612191589   0.355413442886
-0.344608981003   -0.887727446963   -0.305261576555
0.935899247677   -0.350198502541   -0.0381261985324
-0.0730564741073   -0.298832710268   0.951504998865
0.646865913378   0.355878186481   -0.674474022107
-0.548633128975   -0.397136375633   -0.735720319782
-0.529684981759   0.845951189807   -0.0616474213768
0.761457139738   -0.583963069303   0.281371921188
-0.521201968134   -0.80964550323   -0.269856753691
0.385397888882   0.0588327527038   -0.920873050129
-0.691229060096   -0.345605112341   -0.63463335305
-0.625553168057   -0.153500961787   0.764931819618
-0.361781177527   0.925740007267   -0.110090047382
-0.897079787851   0.192938778763   0.397520416934
0.095966898852   -0.793089366066   0.601497806944
0.431321467764   0.577740326689   0.692948703991
0.563686048849   0.150687290086   0.812127686352
-0.381115878392   -0.824852433038   0.417575323682
0.732808791958   -0.544896140854   -0.40752848994
-0.445098887571   -0.466998957833   0.764067375083
0.400926249701   -0.866876922307   -0.296281190546
0.800715381758   0.174460238891   0.573078094558
0.81059474685   0.129756585844   0.571051122763
0.170587491556   0.88053291632   -0.44222357581
-0.560210731871   0.455878286068   0.691620505905
-0.621626507425   0.531872135491   -0.575058707225
-0.0291897166298   -0.749354701323   -0.661525125787
-0.782769727129   -0.394435752808   0.481343942724
-0.589400638294   -0.38381072976   0.710841903168
-0.513450672863   0.857313945388   0.0371645742565
-0.623678838919   -0.343077429692   -0.702369264078
0.56640170531   0.485279743033   -0.666102604126
0.0385572197018   -0.822968899896   -0.566776437948
-0.8232268515   0.295340076532   -0.484842025987
0.928009808414   0.354734671617   0.113846863112
0.337464123693   -0.929861163643   0.146547540299
0.157847270195   -0.097578322901   -0.982630505425
0.682593324984   0.730777584698   -0.0055203614453
0.303788930089   -0.276871949242   0.911621747041
0.664664305227   -0.623943944138   -0.410993085016
0.202608649511   -0.161416048297   -0.965864687467
0.796789335723   0.600556125815   0.0667764496237
0.569277164149   -0.783120169002   0.250292451504
-0.31624363214   0.28098984219   -0.906109636698
-0.251334419678   0.896183718185   0.365630623369
0.91477919446   0.34336489606   -0.212789975182
-0.165693611242   0.0733380378845   -0.983446571702
-0.0498974785649   -0.996577174931   -0.0659103636738
-0.98491414287   0.0381505780558   0.168785854169
0.554116839486   -0.832051945136   -0.0253789044997
0.286394130597   0.16192469128   0.944329813314
-0.781621986741   -0.530537420876   0.328019991605
0.17007695914   0.878288189427   -0.446859803835
0.393490578679   0.355216490872   0.847930662911
0.903459458117   -0.320048591508   -0.2851839873
-0.466719497039   -0.633798124755   0.616824811548
0.202144089845   -0.75543128625   -0.623266667403
0.860994005801   -0.166203215407   0.48069305504
0.167092512629   0.447660037288   -0.878453517973
0.813787203514   0.440392381248   0.379216215286
0.556624181671   -0.77823842205   -0.290713740344
0.25951731162   0.522189459134   -0.812384720277
0.371928560929   0.722276930107   0.583082482845
0.891246268175   -0.453469078334   -0.00677380692122
0.28104224842   0.250199944878   -0.926507011407
0.768810305935   -0.63653063915   0.0613144266164
-0.574409233988   -0.729540083208   -0.371248298181
0.948581471147   0.299897735614   -0.101264706443
0.234963147178   -0.881494451643   -0.409584974323
-0.212097883218   0.364731243379   -0.906634219538
0.754259715891   0.56128320855   0.340666172055
-0.0362456835964   -0.482466265075   0.875164300851
0.65557496246   -0.672448855203   -0.343560774438
0.605926898425   0.0468921073787   0.794137093977
0.334534434947   -0.920724003551   -0.200883103123
0.721761252492   0.387386679626   -0.573578464423
-0.736732287764   0.522656514084   -0.429017137713
-0.209936839183   0.426312794745   0.879877221316
0.642769056287   0.738300460059   -0.20435354403
-0.760405777006   -0.453892208478   -0.464505024061
0.39976103885   -0.890799058109   0.216028122914
-0.511834119723   -0.0214219783099   0.858817170725
0.034800582481   -0.983118282371   -0.179631184169
0.92870759271   -0.0345835005806   0.36919668028
-0.369176281336   -0.179673104149   0.911825887406
-0.632550203417   0.558498465668   0.536618769708
-0.625290433134   0.0406056662621   -0.779335007618
-0.457047168669   -0.828511100538   0.323538625048
0.989532016947   -0.142166725309   0.0247993881346
0.00338552154561   -0.148927963346   -0.988842252322
0.144273787227   0.978575027246   -0.146887679438
-0.47199939072   -0.881107174148   0.0294401566753
-0.851154984442   0.44674592371   -0.27559621207
0.229677529635   -0.155139380279   -0.960822566902
0.108716868591   -0.982049623726   -0.15414012788
-0.0626939578084   0.147976914454   -0.987001671955
0.992093801078   0.116967385743   -0.0454809909124
0.34469194412   -0.280031956003   0.895974088507
-0.853882206085   0.302974910241   0.423191897247
-0.389964923794   -0.910927169087   -0.134681293536
0.365651615851   0.26373229385   -0.892605272786
0.440564590749   0.795733369974   0.415585424778
0.819879099138   -0.5452097588   0.174770082411
-0.425478063811   0.225719772495   0.876366933151
-0.897604321461   -0.228552161152   -0.376922262182
0.115216749266   -0.947002900702   0.299850974237
-0.769831395236   0.628024530964   0.11377526716
-0.623668881715   -0.7780813625   0.0750101280573
0.135634615381   -0.0132129420972   0.990670817816
-0.583316293661   -0.756016691788   -0.296952628021
0.778546711677   -0.624623954461   0.0609092214015
-0.231532112865   -0.195662150792   0.952947639411
0.0315220823721   -0.743143248128   0.668389460633
0.861784327214   -0.318530758323   -0.394798593426
0.506294510825   0.58845243543   0.630388451309
0.989517664152   0.141635168745   0.0281828193257
-0.0582858380191   0.213144153595   0.97528064211
0.132127035148   -0.966700082116   0.219165229496
-0.767480088451   0.103562800703   -0.632652400724
0.0312243916622   0.991732687549   0.124464106524
0.640311917112   0.0757695371375   -0.764368776211
0.744865608014   -0.550250536645   -0.377358679402
-0.42033745768   -0.826221845738   0.375065172065
-0.518161796807   -0.120755159502   -0.84671514914
0.0886372046791   0.927956280129   -0.361995287423
0.886269476428   0.0923954818618   0.453860650512
0.454609569959   -0.361054313229   -0.814229649301
-0.416021431261   0.847607173434   -0.32937554292
0.9059034664   0.417828094736   -0.0689825544235
0.0791522475798   -0.327080667102   -0.941675718552
-0.96141465509   0.262853791157   -0.0811772471325
0.17886958403   0.373075990369   -0.910395505986
-0.209015628332   -0.88978772181   -0.405697272888
0.598388413555   0.728652066167   -0.333162832551
-0.799604159217   0.516829946469   -0.305810390595
-0.0506408440491   0.449391781081   0.891898274475
-0.643615789725   0.16795906144   -0.746691682622
-0.36124259415   0.79344209809   0.489850410994
0.674731430562   0.58501229958   -0.449997895498
-0.793851792434   0.47384611134   -0.381141960978
0.434526889372   0.00353217146544   -0.900651933978
-0.425424157827   -0.88060058286   -0.20870289745
-0.973911448467   -0.149493503651   0.170728389297
0.185409664518   -0.0904121622129   0.978493176894
-0.130842450485   0.984620400606   0.115770980219
-0.57271418098   0.519536838595   0.634097737141
0.694507065807   0.718448214595   0.0386276907154
-0.435497878811   0.462507985108   -0.772287486149
0.934241091254   0.356636192552   -0.00205172463294
-0.344817725917   0.901782567317   -0.260555055943
-0.0910731535947   0.244128710818   0.965456810659
0.997464485168   -0.0710193296798   -0.00456679761812
0.0228398107018   0.380239968048   -0.924605813169
0.0674013640498   0.922157156623   0.380897932015
-0.851763711909   -0.409127517892   0.327281611428
-0.512062359335   0.517889336779   -0.685261099876
0.110863516218   -0.751269132171   -0.650618145934
-0.344474559373   -0.795618406737   0.498325825947
-0.463462490373   -0.317496285516   -0.827283886402
0.816418886334   -0.515933580555   -0.259369895118
0.436926960699   0.307951680708   -0.84513939286
0.317176790029   0.826472236583   0.465126354902
0.841720686975   -0.471284844343   0.263432876861
0.155447437368   -0.411645455463   0.89798892711
-0.961947321362   -0.269859956097   0.0428130239575
0.224707465699   -0.870473217906   -0.437930281857
0.0336263692295   -0.600693054306   -0.798772259033
0.998398290963   0.0565737388388   -0.00051446754931
0.0454985702578   -0.797475558611   0.601633288243
-0.995990191314   0.0128264177158   -0.0885382505758
0.0884784956386   -0.00515471755102   -0.996064749249
-0.0132323322201   -0.999904451383   0.00399918597588
-0.561686171243   -0.137077431274   0.815915695933
0.336387419734   0.863149167045   0.376586005149
-0.755878395563   0.485986927051   -0.43870782744
-0.833188307649   0.544737159546   0.0951770508389
0.00381628140429   -0.166445429677   0.986043282486
0.552976202013   0.821922956213   0.136601515577
-0.929050785738   -0.0133791180133   0.369710206406
0.269686385803   0.65959857679   0.70156893518
-0.253246699548   0.751498979838   -0.609192410056
-0.577403435778   0.169315253355   -0.798709970724
0.526166085227   -0.670858074806   -0.522588455885
-0.624303230097   -0.721998468453   0.298267813286
0.301317468854   -0.104156273677   0.947818154298
0.719458589325   -0.627508780164   -0.29767779404
0.625769223604   0.771611431662   -0.114143231593
-0.249244771937   -0.809959044531   -0.530889244424
-0.218075027267   0.581051215984   -0.784106349219
0.94356787045   -0.0796607217318   -0.321455818532
0.948023347402   -0.117386941431   0.295756722259
-0.233894515317   0.373113535278   0.89781938356
-0.215743107618   -0.92032961257   0.326264180905
0.999999961947   9.71365555798e-05   0.000258205684245
-9.70913977899e-05   0.999999979992   -0.000174897547543
-0.000258222668024   0.000174872471337   0.99999995137
0.897223476555   -0.403706745082   -0.178915893912
-0.27654461661   -0.829589903589   0.485081093104
-0.344257328379   -0.385747917478   -0.855970464455
0.865982824469   -0.500073709712   0.00018049943042
0.500073710296   0.865982841767   4.51247317794e-05
-0.000178875101714   5.1185777197e-05   0.999999982692
