-0.514565050602   -0.772665381432   -0.371767401695
-0.0699873492122   0.469972968102   -0.879901766777
0.854590296745   -0.426747709513   -0.295908480883
-0.138210296631   -0.862576782703   0.486681818962
0.711750030518   0.255200684071   0.654434502125
-0.688701570034   0.436845362186   0.578667700291
0.769767105579   0.217904493213   -0.599980175495
0.258929073811   0.75253534317   0.605513215065
0.583450376987   -0.621456444263   0.522855162621
0.949643373489   -0.198032468557   0.242818057537
0.10369618237   0.929915130138   0.352852672338
-0.295676469803   -0.309904903173   0.903622925282
-0.609775900841   0.730808258057   -0.306745201349
0.405996263027   -0.0443745516241   -0.912796795368
-0.680691123009   -0.6811388731   -0.269646883011
0.59952634573   -0.682651281357   0.417798250914
0.534587621689   0.730048298836   0.425729483366
-0.5956376791   -0.0318862646818   0.802620112896
0.228816524148   -0.949279546738   -0.215664759278
-0.819538593292   -0.0682870820165   -0.568940579891
0.525356531143   0.306928604841   -0.793596446514
0.94729578495   -0.195370078087   0.253892183304
-0.112774156034   -0.945157468319   -0.306527793407
0.299854457378   0.261740028858   -0.91737639904
-0.993709385395   0.0819649770856   0.0763113126159
-0.108253009617   -0.528476178646   -0.842017948627
-0.0286872759461   -0.844982087612   0.534024655819
-0.986035943031   0.0760165974498   -0.148170650005
0.0651183947921   0.994896829128   0.0770705342293
0.153273150325   0.0663456842303   -0.985954165459
-0.890187561512   -0.221005290747   -0.398400336504
-0.454721152782   0.376882910728   0.806962192059
-0.0281926244497   0.899508714676   -0.435992240906
0.895035803318   0.034845970571   -0.444630980492
-0.443278521299   0.179356843233   -0.878256976604
0.0491438955069   0.983166754246   0.175977259874
0.192898958921   0.685342013836   0.702208161354
-0.376474052668   0.712571680546   -0.592037916183
-0.906122088432   -0.150159657001   0.395467817783
-0.442684262991   0.803687512875   0.397639334202
0.865002334118   0.26593336463   0.425500154495
0.236223593354   0.532321155071   -0.812916100025
-0.839338839054   0.521066963673   0.154917910695
-0.484236061573   -0.846168279648   0.222519040108
0.247033938766   0.111752033234   0.962541282177
-0.0177635978907   0.599354743958   -0.800286412239
0.516579627991   0.690806925297   0.505896508694
0.856054842472   -0.404425114393   -0.321885675192
0.732745587826   -0.680358052254   0.0140299741179
0.666815757751   0.713741064072   -0.214313790202
0.135796353221   0.166392892599   0.976664125919
-0.217643007636   -0.918629109859   0.329775720835
-0.96222025156   0.258578270674   0.0852610915899
-0.16359616816   -0.298760414124   -0.940201342106
0.116381555796   0.922169029713   0.36886253953
0.869398415089   -0.274151653051   0.411080569029
0.480210065842   0.272846311331   -0.833638489246
0.916655659676   -0.0117952432483   -0.399503737688
-0.0574821829796   -0.99306333065   -0.102572120726
-0.395522654057   0.116987660527   -0.910975158215
0.816265463829   0.127798914909   0.563363194466
-0.566377401352   -0.0148938717321   0.824011445045
0.113698422909   -0.991688251495   0.0602250620723
0.20980425179   -0.660084187984   -0.721298158169
0.976267576218   0.100909166038   0.191621929407
-0.0537010133266   -0.744383096695   0.665589988232
-0.505551278591   0.342912971973   -0.791725099087
-0.846057772636   -0.0171545762569   0.532815098763
0.169127494097   0.939210534096   0.298796713352
-0.299974143505   0.863640248775   0.405143231153
-0.17691911757   -0.467700660229   0.865999817848
0.937398076057   0.188099965453   0.29309257865
0.16094571352   0.747461378574   -0.644513785839
0.642710447311   -0.574960887432   -0.506303489208
-0.749012470245   -0.332748383284   -0.572938740253
-0.222914740443   0.426281780005   -0.876694262028
-0.90972507   -0.414129674435   0.029947951436
-0.350298851728   0.804226636887   0.480114847422
0.949198126793   0.1855455935   0.254156857729
-0.0132050281391   0.830444872379   -0.55694425106
-0.314401805401   0.525294303894   0.79070687294
-0.0845114961267   -0.84565114975   -0.527002751827
-0.0279490556568   0.530698597431   -0.847099661827
0.996030449867   -0.0568604320288   -0.0684852823615
0.923564374447   -0.105126753449   0.368750929832
-0.10536646843   0.855082631111   0.507672667503
-0.3686825037   -0.507722377777   0.778647005558
-0.961639106274   -0.266046345234   -0.0668550282717
0.261216163635   -0.962517976761   0.0729744583368
-0.0837637558579   0.0527114793658   0.995090544224
0.206128612161   -0.160342469811   0.96529853344
0.244059413671   -0.946882665157   -0.209399610758
0.947600126266   0.278753459454   -0.156046524644
-0.338832885027   -0.242860808969   0.908961415291
0.837297022343   -0.518458008766   0.173594400287
0.429099082947   0.819890201092   0.379017263651
0.640360534191   0.491162478924   -0.590506374836
0.19123712182   -0.846559107304   -0.496755570173
-0.743886232376   0.20517590642   -0.636031508446
-0.328073382378   0.0862117558718   0.940710067749
0.812659084797   0.533463001251   0.234526067972
-0.481615066528   0.841418325901   -0.245075777173
0.764386534691   -0.26162943244   -0.589290499687
0.503875613213   -0.327838689089   0.799144029617
-0.402271836996   -0.907784044743   -0.118766799569
-0.990341663361   -0.0955206975341   0.100494675338
-0.0693672597408   -0.286223828793   -0.955648541451
0.120048180223   -0.953389585018   0.276833385229
0.744138777256   0.612472772598   0.266710639
0.247933968902   -0.623951911926   0.741088867188
0.620311379433   -0.485346347094   -0.616159617901
-0.49289765954   0.397093832493   0.774188876152
-0.86099678278   -0.094315610826   -0.499789088964
-0.125445067883   -0.91291898489   0.388384461403
0.38689276576   0.874084711075   -0.293751388788
-0.461193591356   -0.092433668673   -0.88247179985
-0.798507630825   0.476898223162   0.36736035347
0.717312574387   0.674543917179   0.174508392811
0.592218458652   -0.722211718559   0.357333958149
0.367069453001   -0.152973026037   -0.917528867722
0.62304610014   -0.775016903877   0.105652175844
-0.738298594952   -0.538090646267   0.40666154027
-0.258319139481   -0.331371724606   -0.907449185848
0.473459005356   -0.83999222517   0.265046477318
-0.809650242329   -0.296542853117   0.506486713886
-0.346847236156   -0.454395651817   -0.820500791073
0.648948252201   -0.695198535919   -0.30913618207
0.0274598486722   -0.384647071362   0.922655165195
-0.760336816311   -0.607244312763   -0.230526015162
-0.161838978529   -0.564949274063   -0.809098541737
0.352698713541   0.732635378838   -0.582107365131
0.921635389328   -0.379575669765   0.080687917769
0.888699531555   0.451713353395   0.0785374194384
0.320651620626   -0.489902257919   -0.810665369034
-0.327712714672   0.745621085167   -0.580218553543
-0.226962655783   0.792853951454   0.565571010113
0.626169621944   0.563581168652   -0.538783669472
-0.745921969414   0.231859639287   -0.624372959137
0.108031414449   -0.0753212049603   0.991290032864
0.881696105003   -0.453400075436   -0.130538508296
0.459283292294   0.888118863106   0.0174289625138
0.0667070448399   -0.679423093796   -0.730708122253
0.968323409557   0.220694586635   -0.116805888712
0.240623950958   -0.69977003336   0.672623217106
0.147540688515   -0.514454126358   -0.844729959965
0.982683718204   -0.0205455757678   0.184148296714
-0.112091317773   -0.8572717309   0.50251442194
-0.40469494462   0.347428649664   0.845881402493
0.521964788437   0.847285926342   -0.0982819572091
-0.750849366188   0.401746094227   -0.524237811565
-0.114867419004   -0.993125379086   0.0225270930678
-0.965020239353   0.116939306259   0.234651133418
-0.235672295094   0.00521466741338   -0.971818566322
0.464338362217   0.185926094651   -0.865922272205
-0.229661136866   0.969549715519   0.0850239321589
0.855362892151   0.159388825297   0.492899119854
-0.809834003448   -0.369417101145   -0.455740988255
-0.379932194948   -0.26167100668   0.887231528759
-0.447012722492   0.891660988331   0.0715566202998
-0.697294771671   -0.143230631948   -0.702328264713
-0.33132994175   -0.804460763931   0.493014514446
-0.635610342026   0.576478838921   0.513489663601
0.0601366199553   -0.324082314968   -0.944115579128
0.672871649265   -0.685471951962   0.278158247471
-0.737310886383   -0.651996076107   0.176843822002
-0.900237679482   0.42136657238   0.109646357596
-0.435259103775   -0.864566147327   -0.251147270203
-0.0110285347328   -0.273816794157   0.96171861887
0.48946428299   -0.86630833149   0.0996724814177
-0.540694475174   -0.21182526648   0.814112722874
-0.684159457684   -0.452371448278   -0.572089016438
-0.586952924728   -0.191753864288   -0.786585450172
-0.432750254869   -0.746810019016   0.504977226257
-0.684261262417   0.636792898178   0.355360805988
-0.344279587269   -0.887853384018   -0.305266976357
0.936004638672   -0.349951058626   -0.0378097705543
-0.0732589662075   -0.298748463392   0.95151591301
0.646811068058   0.355955868959   -0.674485623837
-0.548516571522   -0.397333204746   -0.735700905323
-0.529872596264   0.845826089382   -0.0617518126965
0.761555850506   -0.58383589983   0.281368672848
-0.521003186703   -0.809722602367   -0.270009160042
0.385471612215   0.0590330734849   -0.920829355717
-0.691204667091   -0.345691055059   -0.634613096714
-0.625553548336   -0.153471559286   0.764937400818
-0.361827075481   0.925712764263   -0.110168024898
-0.89702641964   0.193154737353   0.397535979748
0.0958742871881   -0.792994737625   0.601637303829
0.431453019381   0.577798008919   0.692818701267
0.563823580742   0.150324478745   0.812099456787
-0.381389915943   -0.824782550335   0.417463183403
0.732560396194   -0.545102119446   -0.407699584961
-0.445095092058   -0.467091649771   0.764012932777
0.400970190763   -0.866831064224   -0.296355843544
0.800695478916   0.174439877272   0.57311207056
0.810438930988   0.130012959242   0.571213960648
0.170557975769   0.880456566811   -0.442386895418
-0.560445129871   0.45595267415   0.691381514072
-0.621950447559   0.531752884388   -0.57481867075
-0.0291345883161   -0.749276161194   -0.661616504192
-0.78251439333   -0.3947455585   0.481505066156
-0.589570462704   -0.38349956274   0.710869014263
-0.513292610645   0.857421994209   0.03685458377
-0.623648405075   -0.343155413866   -0.702358186245
0.566297411919   0.485367894173   -0.666127085686
0.0382366366684   -0.822810649872   -0.567027807236
-0.82331353426   0.295635908842   -0.484514385462
0.9280346632   0.354721397161   0.113685391843
0.337491750717   -0.929875552654   0.146392688155
0.157641887665   -0.0974896103144   -0.982672274113
0.682578623295   0.730791509151   -0.00549362460151
0.303766399622   -0.276872843504   0.911628961563
0.664689660072   -0.623927235603   -0.410977393389
0.202705457807   -0.161672770977   -0.965801417828
0.796808958054   0.600537657738   0.0667082667351
0.569215238094   -0.783081352711   0.250554561615
-0.315966039896   0.28113797307   -0.906160533428
-0.251391351223   0.896144628525   0.365687310696
0.914859473705   0.343345701694   -0.212475627661
-0.165758058429   0.0730429515243   -0.983457684517
-0.0496800020337   -0.996605455875   -0.0656460896134
-0.984914302826   0.037976808846   0.168824166059
0.553851008415   -0.832225143909   -0.0255029313266
0.286709904671   0.161871597171   0.944243073463
-0.781694591045   -0.530281960964   0.328259944916
0.170370712876   0.878275930882   -0.446772038937
0.393574923277   0.355012327433   0.847977042198
0.903367400169   -0.320308715105   -0.285183668137
-0.466623216867   -0.634133815765   0.616552591324
0.202309191227   -0.755142569542   -0.62356287241
0.861007392406   -0.166234657168   0.480658173561
0.167167574167   0.447628259659   -0.878455400467
0.8136459589   0.440558254719   0.37932664156
0.556808114052   -0.778162837029   -0.290563851595
0.259580552578   0.522206544876   -0.812353551388
0.371770709753   0.722321867943   0.583127439022
0.89129370451   -0.453377783298   -0.00664037419483
0.281042605639   0.250205427408   -0.926505446434
0.768790960312   -0.636555552483   0.0612984746695
-0.574434995651   -0.72951644659   -0.371254891157
0.948582470417   0.299872398376   -0.101330563426
0.234930604696   -0.881534099579   -0.409518241882
-0.212129577994   0.364656180143   -0.906656980515
0.754254519939   0.561211228371   0.340796232224
-0.0364337041974   -0.482471942902   0.875153362751
0.65557050705   -0.672504842281   -0.343459635973
0.606131792068   0.0467057898641   0.793991684914
0.334456980228   -0.920690596104   -0.201165109873
0.721625089645   0.387488633394   -0.573680877686
-0.736751616001   0.52274274826   -0.428878843784
-0.209654197097   0.426414936781   0.879895091057
0.642839133739   0.738180398941   -0.204566687346
-0.760438680649   -0.454006135464   -0.464339762926
0.3998888731   -0.890741348267   0.216029465199
-0.511685311794   -0.0214071255177   0.858906209469
0.0349637195468   -0.983096122742   -0.179720655084
0.928702771664   -0.0344681218266   0.369219571352
-0.36917296052   -0.179816365242   0.911799013615
-0.632540106773   0.558599054813   0.536525905132
-0.625334322453   0.0404064878821   -0.779310107231
-0.457001030445   -0.82845300436   0.323752462864
0.98953306675   -0.142189711332   0.0246261488646
0.00324961007573   -0.14865219593   -0.988884210587
0.144269883633   0.978613615036   -0.146634206176
-0.472246527672   -0.880968093872   0.0296377371997
-0.851119577885   0.446983724833   -0.275319844484
0.229300409555   -0.155244097114   -0.960895717144
0.108527459204   -0.982081413269   -0.154071003199
-0.0628304556012   0.147900104523   -0.987004518509
0.992105901241   0.116797439754   -0.0456534028053
0.344760149717   -0.28016024828   0.895907759666
-0.853831231594   0.302958071232   0.423306763172
-0.390016198158   -0.910893321037   -0.134761705995
0.365971386433   0.263504683971   -0.892541408539
0.440581649542   0.795728981495   0.415575772524
0.819727241993   -0.54532623291   0.175118729472
-0.425526440144   0.225431039929   0.876417756081
-0.897562921047   -0.228596970439   -0.376993626356
0.115360371768   -0.947060883045   0.299612611532
-0.769775569439   0.62807559967   0.113871097565
-0.6237180233   -0.778039336205   0.0750373005867
0.135725289583   -0.0132615761831   0.990657746792
-0.583188176155   -0.75612694025   -0.296923518181
0.778578460217   -0.624552249908   0.0612379573286
-0.23174791038   -0.195464998484   0.952935636044
0.0317138954997   -0.742940545082   0.668605685234
0.861781179905   -0.318522453308   -0.394812196493
0.506287872791   0.58871281147   0.630150616169
0.989536166191   0.141489252448   0.0282666161656
-0.0583389773965   0.213167265058   0.975272417068
0.131965041161   -0.966716349125   0.21919105947
-0.767307162285   0.103827983141   -0.632818698883
0.031277127564   0.99169075489   0.124784693122
0.640516579151   0.0759554356337   -0.764178812504
0.744580328465   -0.550449609756   -0.377631187439
-0.420323163271   -0.826086699963   0.375378787518
-0.51858317852   -0.12077254802   -0.846454620361
0.0889541134238   0.927846312523   -0.362199425697
0.886213123798   0.0922625213861   0.453997761011
0.454657584429   -0.36137086153   -0.814062416553
-0.415887385607   0.847660660744   -0.329407125711
0.905944764614   0.417784482241   -0.0687037780881
0.0793836936355   -0.326997697353   -0.941685080528
-0.961483061314   0.262617230415   -0.0811325535178
0.178708180785   0.373003661633   -0.910456836224
-0.208838924766   -0.889887869358   -0.405568569899
0.598469138145   0.728751778603   -0.332799494267
-0.799524188042   0.516870260239   -0.305951356888
-0.0509484410286   0.449183702469   0.891985595226
-0.643640995026   0.168271079659   -0.746599733829
-0.361430495977   0.793059945107   0.490330398083
0.674606800079   0.585440635681   -0.449627578259
-0.793746113777   0.473927855492   -0.381260454655
0.434515476227   0.00318492134102   -0.900658726692
-0.425632953644   -0.880557894707   -0.208457008004
-0.973901510239   -0.149195089936   0.171045690775
0.185676217079   -0.0902840793133   0.978454470634
-0.130537897348   0.984677433968   0.115629777312
-0.572826385498   0.519711196423   0.633853495121
0.694615781307   0.718336105347   0.0387579835951
-0.435176879168   0.462486207485   -0.772481441498
0.934230685234   0.356665015221   -0.00176998553798
-0.344766616821   0.901771008968   -0.260662585497
-0.0913731008768   0.244129210711   0.965428352356
0.997472882271   -0.0708944275975   -0.00467785773799
0.0226964559406   0.380341529846   -0.924567580223
0.0673258677125   0.922124862671   0.380989402533
-0.851845324039   -0.409092664719   0.327112674713
-0.511955082417   0.518247842789   -0.685070216656
0.110731750727   -0.751040875912   -0.65090405941
-0.344576776028   -0.795719563961   0.498093545437
-0.463466793299   -0.317218273878   -0.827388107777
0.816373288631   -0.515948534012   -0.259483575821
0.437099456787   0.307806640863   -0.845103025436
0.317455112934   0.826342999935   0.465166151524
0.841526210308   -0.471606135368   0.26347926259
0.155497774482   -0.411690443754   0.897959589958
-0.961899280548   -0.270038932562   0.04276445508
0.224878311157   -0.870396435261   -0.437995195389
0.0340371094644   -0.60065549612   -0.798783123493
0.998386740685   0.0567788146436   -0.000153116852744
0.0454459264874   -0.797489285469   0.601619064808
-0.996003448963   0.0126582765952   -0.08841329813
0.0883527994156   -0.00526228873059   -0.996075332165
-0.0130738532171   -0.99990606308   0.00412286352366
-0.562066316605   -0.136797741055   0.815700829029
0.336203217506   0.863283872604   0.376441687346
-0.755677759647   0.485826432705   -0.439230948687
-0.833119273186   0.544811069965   0.0953581482172
0.00391839956865   -0.166590571404   0.986018359661
0.553079545498   0.821844518185   0.136655032635
-0.929057836533   -0.0133675886318   0.369692951441
0.269745647907   0.659404933453   0.70172816515
-0.253157764673   0.751669108868   -0.609019458294
-0.577437400818   0.169206291437   -0.798708498478
0.526141345501   -0.670932233334   -0.522518098354
-0.624292612076   -0.721955060959   0.298394948244
0.301163643599   -0.104401051998   0.947840094566
0.71945220232   -0.627499341965   -0.29771310091
0.625850617886   0.771586000919   -0.113868430257
-0.249367102981   -0.810002148151   -0.530766010284
-0.217743441463   0.580944180489   -0.784277796745
0.943612098694   -0.0800022557378   -0.321241021156
0.948029398918   -0.117465086281   0.295706212521
-0.233840882778   0.373026371002   0.897869586945
-0.215774551034   -0.920354962349   0.326171845198
0.999999940395   -8.39511340018e-05   0.000290804426186
8.39737404021e-05   1.0   -7.77408640715e-05
-0.000290797906928   7.77652821853e-05   0.999999940395
0.897208273411   -0.403708875179   -0.178987398744
-0.276385098696   -0.829451620579   0.485408365726
-0.344425052404   -0.386042952538   -0.85576993227
0.866019487381   -0.500010192394   0.000291915348498
0.500010192394   0.866019487381   0.000157425354701
-0.000331518647727   9.62722333497e-06   0.999999940395
