-0.514551103115   -0.772678315639   -0.371759861708
-0.0699642300606   0.469947338104   -0.879917323589
0.854600608349   -0.426752507687   -0.295871764421
-0.138250812888   -0.862556636333   0.486706078053
0.711749136448   0.255193799734   0.654438138008
-0.688694298267   0.436889231205   0.578643202782
0.769821047783   0.217910856009   -0.599908649921
0.258884370327   0.75251853466   0.605553209782
0.583398997784   -0.62147462368   0.522890925407
0.949631989002   -0.198000147939   0.24288880825
0.103629052639   0.92990899086   0.352888464928
-0.295736461878   -0.309943854809   0.903589904308
-0.609763503075   0.730799913406   -0.306789666414
0.405967593193   -0.044464904815   -0.912805140018
-0.680719256401   -0.681141912937   -0.269567996264
0.599515974522   -0.682649075985   0.417816787958
0.534578323364   0.730050623417   0.425737172365
-0.595656514168   -0.0318804346025   0.802606344223
0.228811502457   -0.949276089668   -0.215685531497
-0.819526851177   -0.0682632178068   -0.568960368633
0.525377094746   0.3069447577   -0.793576598167
0.947295248508   -0.195393249393   0.253876298666
-0.112794086337   -0.945147454739   -0.306551367044
0.299848616123   0.261758923531   -0.917372941971
-0.993715882301   0.0819267258048   0.0762675926089
-0.108195766807   -0.528484642506   -0.842019975185
-0.0286776907742   -0.844980478287   0.534027695656
-0.986036300659   0.0760486647487   -0.148152202368
0.0651575401425   0.994897007942   0.0770349279046
0.153254583478   0.0663060024381   -0.985959708691
-0.890189051628   -0.22096683085   -0.398418277502
-0.45472034812   0.376876235008   0.806965768337
-0.0281582754105   0.899520933628   -0.435969203711
0.895016610622   0.034842222929   -0.444669902325
-0.443314492702   0.179387509823   -0.8782325387
0.0491686500609   0.983161270618   0.176000863314
0.19287788868   0.685349464417   0.702206730843
-0.376463472843   0.712564229965   -0.592053592205
-0.906130969524   -0.150161117315   0.395446926355
-0.442674547434   0.80369335413   0.397638320923
0.865010201931   0.265933960676   0.42548379302
0.236212953925   0.532312035561   -0.812925159931
-0.839338719845   0.521074473858   0.154893100262
-0.484259992838   -0.846168339252   0.222466677427
0.246987342834   0.111716374755   0.962557375431
-0.0177350696176   0.599320232868   -0.800312876701
0.516562283039   0.690828442574   0.505884885788
0.856065928936   -0.404439538717   -0.321838110685
0.732773602009   -0.680326342583   0.01410290692
0.666797935963   0.713759720325   -0.214307144284
0.135732710361   0.166442409158   0.976664483547
-0.217675387859   -0.918625235558   0.329765290022
-0.962208390236   0.25861620903   0.0852797478437
-0.163622781634   -0.298739641905   -0.940203309059
0.116388484836   0.922177970409   0.368837982416
0.8693805933   -0.274156183004   0.411115258932
0.480240672827   0.272811502218   -0.833632290363
0.916667401791   -0.0117955664173   -0.399476885796
-0.0574730634689   -0.993065237999   -0.102558910847
-0.395496875048   0.116971567273   -0.910988390446
0.816259741783   0.127802625299   0.563370645046
-0.566384911537   -0.0148957986385   0.824006259441
0.113702014089   -0.991687774658   0.0602266341448
0.209811300039   -0.660121917725   -0.721261560917
0.976266205311   0.100925855339   0.191620230675
-0.0536987669766   -0.744347393513   0.665630102158
-0.505545437336   0.342949688435   -0.791712939739
-0.846054017544   -0.0171365197748   0.532821655273
0.169163823128   0.939197421074   0.298817247152
-0.299960792065   0.863649010658   0.405134469271
-0.176903933287   -0.467684656382   0.866011559963
0.937405228615   0.188099637628   0.293069958687
0.160938844085   0.747468113899   -0.644507646561
0.642700314522   -0.574957728386   -0.506319999695
-0.749022722244   -0.332738697529   -0.57293099165
-0.222918719053   0.426334649324   -0.876667559147
-0.909733593464   -0.414111584425   0.0299389865249
-0.350274175406   0.804207921028   0.480164200068
0.949171900749   0.185561865568   0.254243046045
-0.0131695587188   0.830446124077   -0.556943237782
-0.314482569695   0.525286614895   0.790679872036
-0.084474414587   -0.845621645451   -0.52705603838
-0.0279521550983   0.530749619007   -0.847067594528
0.996033489704   -0.0568231903017   -0.0684717148542
0.923565268517   -0.105137884617   0.368745446205
-0.105350248516   0.855087935925   0.507667183876
-0.368684828281   -0.507711231709   0.778653204441
-0.961630284786   -0.266074448824   -0.066869944334
0.261237800121   -0.962506949902   0.0730422064662
-0.083797454834   0.0527706369758   0.995084524155
0.206165418029   -0.160317763686   0.965294778347
0.244073614478   -0.946881532669   -0.209388330579
0.947588443756   0.278771609068   -0.156084880233
-0.338827431202   -0.242849722505   0.908966422081
0.837309479713   -0.518434047699   0.173605829477
0.429079025984   0.819908618927   0.379000037909
0.640345513821   0.491137355566   -0.590543568134
0.191207796335   -0.84657561779   -0.496738672256
-0.743906736374   0.205167844892   -0.636010169983
-0.328099668026   0.0862519070506   0.940697193146
0.812665522099   0.533450245857   0.234532639384
-0.481586277485   0.841422259808   -0.245118811727
0.76437407732   -0.261644303799   -0.58930003643
0.503872215748   -0.327864229679   0.799135684967
-0.402299702168   -0.907770514488   -0.118775613606
-0.990346074104   -0.0954951047897   0.10047583282
-0.0693603008986   -0.286191612482   -0.95565867424
0.12001606822   -0.95340180397   0.27680516243
0.744155406952   0.612453937531   0.266707599163
0.247944608331   -0.623976528645   0.741064608097
0.620287239552   -0.485338509083   -0.616190135479
-0.492918252945   0.397068291903   0.774188816547
-0.860988497734   -0.0943358466029   -0.499799489975
-0.12542077899   -0.912927985191   0.388371109962
0.386869370937   0.874087870121   -0.293772786856
-0.461178779602   -0.0924749746919   -0.882475197315
-0.798527538776   0.476884394884   0.367335051298
0.717336595058   0.6745236516   0.17448797822
0.592203438282   -0.722226440907   0.357329040766
0.367046713829   -0.15299282968   -0.917534708977
0.623031079769   -0.775027751923   0.105661094189
-0.738312840462   -0.538076579571   0.406654387712
-0.258314698935   -0.331369251013   -0.907451331615
0.473435640335   -0.840004861355   0.26504817605
-0.809660792351   -0.296522259712   0.506481945515
-0.34685459733   -0.454385697842   -0.820503175259
0.648937404156   -0.695220589638   -0.309109330177
0.0274330936372   -0.38462844491   0.922663748264
-0.76034706831   -0.607230842113   -0.230527743697
-0.161836892366   -0.564954638481   -0.809095203876
0.352692872286   0.732634544373   -0.582111954689
0.921637952328   -0.379569321871   0.0806881785393
0.888684213161   0.451745271683   0.0785278007388
0.320666402578   -0.489904344082   -0.810658276081
-0.327739924192   0.745600402355   -0.580229759216
-0.226989686489   0.79287135601   0.565535724163
0.626175522804   0.563570737839   -0.538787722588
-0.745908737183   0.231825366616   -0.624401390553
0.108071833849   -0.0753122717142   0.991286277771
0.881694197655   -0.453394711018   -0.130570247769
0.459277510643   0.888122320175   0.0174031909555
0.0667325183749   -0.679441809654   -0.730688452721
0.96831792593   0.22071954608   -0.116804622114
0.240639165044   -0.699744045734   0.672644793987
0.147500440478   -0.514474511147   -0.844724595547
0.982692539692   -0.020540766418   0.184101775289
-0.112066954374   -0.857259631157   0.50254046917
-0.404681444168   0.347430884838   0.845886945724
0.521987497807   0.847272634506   -0.0982755795121
-0.750840842724   0.401772111654   -0.524230122566
-0.114906392992   -0.993122339249   0.022463221103
-0.965009391308   0.116961948574   0.234684512019
-0.235697761178   0.00528953270987   -0.971812009811
0.464355736971   0.18592466414   -0.865913271904
-0.229694232345   0.969544053078   0.0849996432662
0.85534453392   0.159425213933   0.492919147015
-0.809850394726   -0.369446694851   -0.455687940121
-0.379874378443   -0.261665225029   0.887257993221
-0.447032213211   0.891650438309   0.0715663582087
-0.697318911552   -0.143230617046   -0.702304303646
-0.331300705671   -0.80447191   0.493016004562
-0.635599076748   0.576463282108   0.513521075249
0.0601379536092   -0.324096262455   -0.944110691547
0.672862887383   -0.685475230217   0.27817133069
-0.737318754196   -0.651985704899   0.176849260926
-0.900243341923   0.421342015266   0.109694346786
-0.43524813652   -0.864558935165   -0.251190900803
-0.0110000530258   -0.273877203465   0.961701750755
0.489463806152   -0.866310656071   0.0996548011899
-0.540675103664   -0.211828693748   0.814124703407
-0.684175133705   -0.452365458012   -0.572075068951
-0.586977481842   -0.191742837429   -0.786569833755
-0.432768136263   -0.74678581953   0.504997730255
-0.684228897095   0.636824667454   0.355366259813
-0.344232082367   -0.887880146503   -0.305242806673
0.936022460461   -0.349905788898   -0.0377880930901
-0.0732549279928   -0.298721969128   0.951524496078
0.646791517735   0.35597717762   -0.674493134022
-0.548502922058   -0.397365808487   -0.735693514347
-0.529910624027   0.845801770687   -0.0617583058774
0.761564075947   -0.583826541901   0.281365841627
-0.52098441124   -0.809727549553   -0.270030707121
0.385480761528   0.0590584687889   -0.920823931694
-0.691209971905   -0.34569478035   -0.634605288506
-0.625554978848   -0.153447151184   0.76494115591
-0.361814528704   0.925715446472   -0.110186889768
-0.897016465664   0.193163454533   0.397554129362
0.0958852916956   -0.792986989021   0.601645827293
0.4314712286   0.577805817127   0.692800879478
0.563855648041   0.150268927217   0.812087476254
-0.3814227283   -0.824774384499   0.417449295521
0.732518613338   -0.545129776001   -0.407737731934
-0.445083230734   -0.467099010944   0.764015316963
0.400986552238   -0.866823673248   -0.296355426311
0.800693869591   0.174457043409   0.573109090328
0.810415923595   0.130057379603   0.571236491203
0.170546665788   0.880445837975   -0.442412614822
-0.560481846333   0.455960690975   0.691346466541
-0.621997416019   0.531725347042   -0.574793338776
-0.0291291568428   -0.749277889729   -0.661614775658
-0.782477319241   -0.394779443741   0.481537610292
-0.589604139328   -0.383447676897   0.710869073868
-0.513268530369   0.857438862324   0.0367967896163
-0.623636424541   -0.343171209097   -0.702361106873
0.56628715992   0.485379546881   -0.6661272645
0.0382039733231   -0.822792172432   -0.567056894302
-0.823322117329   0.295668333769   -0.484480053186
0.928036212921   0.354724824429   0.113662354648
0.337497770786   -0.929873645306   0.146390810609
0.157620087266   -0.0974951758981   -0.982675254345
0.682590842247   0.730780005455   -0.00550502119586
0.303762555122   -0.276864439249   0.911632835865
0.664678871632   -0.623944461346   -0.410968720913
0.202754542232   -0.161706134677   -0.965785562992
0.796805202961   0.600540518761   0.0667278468609
0.569203019142   -0.783072292805   0.250610619783
-0.315930724144   0.281147480011   -0.906169891357
-0.251410484314   0.896138966084   0.365688055754
0.914866387844   0.34335270524   -0.212434396148
-0.165768042207   0.0730109065771   -0.983458340168
-0.0496381856501   -0.996609270573   -0.0656203851104
-0.984914720058   0.037939324975   0.168830096722
0.553825318813   -0.832241594791   -0.0255239121616
0.286754131317   0.161865532398   0.944230675697
-0.781696617603   -0.530257940292   0.328293949366
0.170413196087   0.878284394741   -0.446739166975
0.393569022417   0.354969739914   0.847997605801
0.903361916542   -0.320332676172   -0.285174012184
-0.466607064009   -0.634167313576   0.616530358791
0.202310606837   -0.755112171173   -0.623599290848
0.861015856266   -0.166245192289   0.4806394279
0.167199060321   0.447632580996   -0.878447234631
0.813627183437   0.440563619137   0.379360675812
0.556826114655   -0.778157293797   -0.290544211864
0.259592175484   0.522217035294   -0.81234306097
0.371739447117   0.722325980663   0.583142280579
0.891303360462   -0.453359156847   -0.00661848438904
0.281048208475   0.250190764666   -0.926507711411
0.768789827824   -0.636555552483   0.0613127052784
-0.574433684349   -0.729521512985   -0.371246904135
0.948582828045   0.29986295104   -0.101354986429
0.234917700291   -0.881547510624   -0.409496814013
-0.212142169476   0.364631563425   -0.906663954258
0.75425863266   0.561199009418   0.340807259083
-0.036450125277   -0.482475668192   0.875150620937
0.655564844608   -0.672512412071   -0.343455672264
0.606164693832   0.0466694794595   0.793968737125
0.334452927113   -0.920679032803   -0.201224505901
0.721599340439   0.387520343065   -0.573691904545
-0.73675942421   0.522767663002   -0.428835004568
-0.209606081247   0.426400631666   0.879913508892
0.642845869064   0.738171041012   -0.204579398036
-0.760445296764   -0.454020321369   -0.464315086603
0.399908989668   -0.890734016895   0.216022387147
-0.511659801006   -0.0214105714113   0.858921289444
0.0349814407527   -0.98309481144   -0.179724350572
0.928701758385   -0.0344535708427   0.369223505259
-0.369173884392   -0.179826289415   0.911796689034
-0.632553458214   0.558597207069   0.536512136459
-0.625334560871   0.0403735786676   -0.779311656952
-0.45698222518   -0.828455865383   0.323771715164
0.989536762238   -0.142170086503   0.0245910212398
0.00322291720659   -0.148615077138   -0.988889873028
0.144245162606   0.978622078896   -0.146601870656
-0.472278535366   -0.880950450897   0.0296526458114
-0.851114690304   0.447017669678   -0.27527987957
0.229252681136   -0.155246585608   -0.960906684399
0.108509816229   -0.982082843781   -0.15407435596
-0.0628423169255   0.14790289104   -0.987003326416
0.992107093334   0.116781935096   -0.0456674434245
0.344763427973   -0.280206114054   0.89589214325
-0.853826999664   0.302942693233   0.423326313496
-0.390022575855   -0.910884320736   -0.134803980589
0.366036534309   0.263471037149   -0.892524659634
0.44058161974   0.795724451542   0.415584385395
0.819698154926   -0.545349061489   0.175183743238
-0.425558179617   0.225369751453   0.876418113708
-0.897543013096   -0.228621914983   -0.377025872469
0.115398161113   -0.947069406509   0.299570977688
-0.769778192043   0.628069758415   0.113885447383
-0.623711705208   -0.778043925762   0.0750422328711
0.135739639401   -0.0132658099756   0.990655720234
-0.583178162575   -0.756139099598   -0.296912223101
0.778578579426   -0.624547898769   0.0612808056176
-0.231772720814   -0.195431873202   0.952936410904
0.031748522073   -0.742912769318   0.668634951115
0.861773610115   -0.318523854017   -0.394827514887
0.506298601627   0.588747143745   0.630109965801
0.989539921284   0.141456454992   0.0282985400409
-0.0583649501204   0.213180720806   0.97526794672
0.131925240159   -0.966718196869   0.219206929207
-0.767272531986   0.10388211906   -0.632851779461
0.0312844589353   0.991681754589   0.124854341149
0.640557706356   0.0759988799691   -0.764140069485
0.744532167912   -0.550489723682   -0.377667754889
-0.420317918062   -0.826056778431   0.375450491905
-0.518656671047   -0.120794437826   -0.846406519413
0.08898935467   0.92783010006   -0.362232297659
0.886202573776   0.0922560617328   0.454019576311
0.454671144485   -0.3614141047   -0.814035654068
-0.415863126516   0.847663342953   -0.329430878162
0.90595215559   0.417775452137   -0.0686613544822
0.0794264152646   -0.327002346516   -0.94167983532
-0.961492538452   0.262581676245   -0.0811352282763
0.178696230054   0.373007416725   -0.910457670689
-0.208805441856   -0.889896810055   -0.405566185713
0.598460555077   0.728782176971   -0.332748353481
-0.799527406693   0.516857266426   -0.305964738131
-0.0509982332587   0.449149280787   0.892000079155
-0.643645942211   0.168322816491   -0.746583759785
-0.361454874277   0.793002009392   0.490406155586
0.674588978291   0.585504293442   -0.449571400881
-0.793734252453   0.473931312561   -0.381280779839
0.434522539377   0.00314982561395   -0.900655448437
-0.425647854805   -0.880556166172   -0.208433955908
-0.97389793396   -0.149155825377   0.171100378036
0.185724332929   -0.0902674868703   0.97844684124
-0.130496233702   0.984684884548   0.115613184869
-0.572840452194   0.519742250443   0.633815228939
0.694626510143   0.718325614929   0.0387589260936
-0.435141086578   0.462467551231   -0.772512793541
0.9342212677   0.356689691544   -0.00174353807233
-0.344783365726   0.901762723923   -0.260669261217
-0.0914057865739   0.244123920798   0.965426564217
0.997475385666   -0.0708561018109   -0.00471402006224
0.0226491410285   0.380353599787   -0.924563765526
0.0673039853573   0.922122836113   0.380998194218
-0.851855456829   -0.409095972776   0.327082246542
-0.511939466   0.518292427063   -0.685048103333
0.110726177692   -0.751008272171   -0.650942623615
-0.344570875168   -0.795745134354   0.498056769371
-0.46343562007   -0.317201703787   -0.827411949635
0.816393494606   -0.515919268131   -0.259478181601
0.437136292458   0.307773083448   -0.845096230507
0.317500054836   0.826324880123   0.465167582035
0.841490089893   -0.471659719944   0.2634986341
0.155494958162   -0.411704033613   0.897953867912
-0.961891114712   -0.2700715065   0.0427412800491
0.224914997816   -0.870379924774   -0.43800920248
0.0340991728008   -0.600647807121   -0.798786222935
0.998384833336   0.0568125583231   -0.000100452351035
0.0454414263368   -0.797492682934   0.601614952087
-0.996004879475   0.0126463091001   -0.0883990824223
0.0883385017514   -0.00527242897078   -0.996076583862
-0.0130627695471   -0.999906122684   0.00413420889527
-0.562129616737   -0.136747121811   0.815665662289
0.336190134287   0.863296866417   0.376423597336
-0.755636453629   0.485817611217   -0.43931171298
-0.833102345467   0.544832766056   0.095382347703
0.00392348784953   -0.166619241238   0.986013531685
0.553104996681   0.821824371815   0.136673226953
-0.929063975811   -0.0133546357974   0.36967793107
0.269750535488   0.65938025713   0.701749503613
-0.253129929304   0.751690983772   -0.609004020691
-0.577448189259   0.169182687998   -0.79870569706
0.52614814043   -0.670931696892   -0.522512018681
-0.624276936054   -0.721961140633   0.298413097858
0.301146566868   -0.104413494468   0.947844147682
0.719467520714   -0.627483129501   -0.297710210085
0.625841200352   0.771597504616   -0.113842263818
-0.249367013574   -0.810009419918   -0.53075492382
-0.217708453536   0.58093047142   -0.784297645092
0.943620204926   -0.0800281316042   -0.321210801601
0.94803249836   -0.117480225861   0.295690357685
-0.23382294178   0.373017191887   0.897878050804
-0.215780511498   -0.920356750488   0.326162844896
0.999999940395   -9.31880640564e-05   0.000319895072607
9.32183320401e-05   1.0   -9.45921201492e-05
-0.000319886254147   9.46219370235e-05   0.999999940395
0.897196292877   -0.403722077608   -0.179017707705
-0.276358246803   -0.82942211628   0.485474050045
-0.34447786212   -0.386092483997   -0.855726361275
0.866017043591   -0.500014424324   0.000317469792208
0.500014424324   0.866017103195   0.000177410969627
-0.000363642291632   5.0985395319e-06   0.999999940395
