-0.514493284071   -0.772599480848   -0.37200363283
-0.0700286642681   0.47023430131   -0.879758880633
0.854630122817   -0.426579118178   -0.296036499622
-0.138068662135   -0.862534108929   0.486797653518
0.711727419472   0.255393187975   0.654383985063
-0.688753312084   0.436817159084   0.578627379772
0.769680754328   0.217880789125   -0.600099573527
0.25916780616   0.752397821642   0.605582006204
0.583458297282   -0.621631305291   0.522638436795
0.949743907035   -0.197799951937   0.24261428248
0.103585576436   0.929983876053   0.352703868188
-0.295392178983   -0.309847009497   0.903735741963
-0.609754052246   0.73096411539   -0.306417130367
0.405795185748   -0.0441767814688   -0.912895765793
-0.680830568492   -0.680984488804   -0.269684747464
0.599415361503   -0.682649239249   0.417960812215
0.534535861815   0.730053641201   0.425785266775
-0.595795801284   -0.0318071866441   0.802505866676
0.228843110279   -0.949255637946   -0.21574189372
-0.81957233308   -0.0682846504958   -0.568892254611
0.525292320263   0.307003160138   -0.793610129684
0.947305607953   -0.195440736375   0.253801110529
-0.112893461574   -0.94516596446   -0.306457771904
0.299778504023   0.261656680006   -0.917424999841
-0.993706432398   0.0819360523342   0.0763806882532
-0.108301482504   -0.528629005332   -0.841915769902
-0.0286062073258   -0.844889257861   0.534175838889
-0.98602004703   0.075864857083   -0.148354272994
0.064920613928   0.994893716236   0.0772774694323
0.153459378153   0.0665658835623   -0.98591034197
-0.89024546751   -0.2211110157   -0.398212162439
-0.454600187584   0.376982681346   0.806983721902
-0.0283139016621   0.89944092452   -0.436124232612
0.895075876463   0.0350822959123   -0.444531672537
-0.443220983281   0.179388806504   -0.878279463543
0.048931946156   0.983152525611   0.176115802899
0.192897314724   0.685319241237   0.702230847772
-0.376501251233   0.712586142458   -0.592003207253
-0.906111159733   -0.150194963853   0.395479505209
-0.442703918561   0.803650182174   0.397692877963
0.864914889244   0.265743821055   0.425796261062
0.236506817776   0.532472164777   -0.812734839221
-0.839405042917   0.520952648247   0.154943577508
-0.484067354857   -0.84621306098   0.222715628974
0.247139575722   0.111945494381   0.962491681211
-0.017631615067   0.599401714918   -0.800254153569
0.516615171201   0.690721018445   0.50597750895
0.856036150542   -0.40450223588   -0.321838546687
0.732685805949   -0.680422797429   0.0140116558554
0.666869123145   0.713676818825   -0.214361775669
0.135856845085   0.166403771025   0.976653829477
-0.217365617345   -0.918721594204   0.329701108186
-0.962281503338   0.258311460784   0.0853785544553
-0.163604696538   -0.298706915841   -0.940216826961
0.116332809602   0.92213616827   0.368960112449
0.869511937842   -0.274092887535   0.410879640469
0.480016319889   0.273016439378   -0.833694402326
0.916670648627   -0.0117400637373   -0.399471016281
-0.0575228455856   -0.993035956554   -0.102813964159
-0.395482040276   0.117225252799   -0.910962236278
0.816304476217   0.127686982576   0.563332083755
-0.566348476756   -0.0148120120368   0.824032770693
0.113562339639   -0.991703906809   0.0602242163558
0.209688753724   -0.660018928573   -0.721391461336
0.976294358378   0.100837890992   0.191522963479
-0.053665187612   -0.744450625405   0.665517328078
-0.505575813113   0.342902574841   -0.791713913837
-0.845996089172   -0.0168967805963   0.532921303676
0.169362670921   0.93921899628   0.298636840871
-0.299798910818   0.863627892238   0.405299243549
-0.176790485721   -0.467776394926   0.865985201091
0.937478392941   0.187968369942   0.292920048256
0.160971136833   0.74743321229   -0.644540057927
0.642654263668   -0.5750168517   -0.506311285328
-0.749055265315   -0.332714913141   -0.572902257002
-0.222873450503   0.426109794787   -0.876788382591
-0.909687574499   -0.414213146502   0.029933026344
-0.350422519057   0.804274773974   0.479943898895
0.949264118477   0.185633539775   0.253846060205
-0.0134827209282   0.830474414517   -0.556893583254
-0.314190785364   0.525216560805   0.790842408226
-0.0845557105481   -0.845837223274   -0.526696994047
-0.0278395330115   0.530389082642   -0.847297103392
0.996029764724   -0.0569808102698   -0.0683951390494
0.923473718895   -0.104962193509   0.369024698963
-0.105703108668   0.855017331066   0.507712730187
-0.368813155038   -0.507866420932   0.778491204293
-0.96164656612   -0.265965659688   -0.067068246848
0.261135966276   -0.962550378823   0.0728338887126
-0.0839278796697   0.0525265275306   0.995086466052
0.205899602586   -0.160503755796   0.965320619292
0.243937423579   -0.946898172337   -0.209471679715
0.947681321454   0.278607960404   -0.15581308471
-0.33864610038   -0.242921518977   0.909014826235
0.837368762047   -0.518400610677   0.173419615954
0.429106484507   0.819908496399   0.378969236861
0.640273645664   0.491338740046   -0.5904539789
0.191367308242   -0.846466834589   -0.496862608049
-0.743927558305   0.205134444867   -0.635996578233
-0.327816436276   0.0861201241146   0.94080800822
0.812608477236   0.533640333206   0.234297796618
-0.481875343664   0.841315231646   -0.244918015201
0.764466340673   -0.261602073937   -0.589199091046
0.503783504976   -0.327839342841   0.79920181769
-0.402235495813   -0.907791672245   -0.118831333034
-0.990321972275   -0.0956172477834   0.100596884426
-0.0694163109543   -0.286402531823   -0.955591421863
0.120182224157   -0.953326246199   0.276993323575
0.744073885907   0.612463281305   0.266913434215
0.247884915559   -0.624080934169   0.740996664126
0.620408833714   -0.485192453218   -0.616182734577
-0.492972822488   0.397117579378   0.774128816437
-0.860934915764   -0.0942340564328   -0.499911005507
-0.125574149837   -0.912917066747   0.388347218524
0.386894085356   0.87410258519   -0.293696505396
-0.461083361014   -0.0924434693007   -0.882528378682
-0.79857066119   0.476863581697   0.367268326348
0.717259250349   0.674607718951   0.174480925376
0.592226040661   -0.722129712633   0.357487055563
0.367161387609   -0.153078749876   -0.917474474732
0.622912361666   -0.775182412615   0.105225552294
-0.738306840008   -0.538078754909   0.406662345826
-0.258617864194   -0.331003747242   -0.90749838547
0.473507788326   -0.840045773932   0.264789486375
-0.809603947488   -0.296706720214   0.506464777049
-0.346888775556   -0.454189629868   -0.820597317516
0.648823361069   -0.695210507123   -0.309371292974
0.0276801592216   -0.384732937254   0.922612798403
-0.760435437704   -0.607176183473   -0.230380179933
-0.161869906443   -0.564945587491   -0.809094936681
0.352603137583   0.732668242134   -0.582123933828
0.921666512766   -0.379517759983   0.0806046469052
0.888850167912   0.451417527691   0.078534035275
0.320434642312   -0.489893248668   -0.810756587957
-0.327516440823   0.745806154844   -0.580091510356
-0.226936918498   0.792841360324   0.565598985485
0.626113593368   0.56360295856   -0.538826013943
-0.745976811451   0.231849697997   -0.624311071755
0.108011063685   -0.0750043874188   0.991316272433
0.88169881217   -0.453441766113   -0.130375493719
0.459282935389   0.888124375644   0.0171545518175
0.0663870802584   -0.679555627674   -0.730614059864
0.968377126438   0.22036832379   -0.116976676571
0.24049635458   -0.699744203811   0.67269573558
0.147932558757   -0.514383126788   -0.844704656632
0.982613043472   -0.0204475689718   0.18453591445
-0.112194317407   -0.857316683495   0.502414708525
-0.40464483398   0.347423476012   0.845907492962
0.521885037402   0.84732606063   -0.0983593143179
-0.750931798548   0.40166587519   -0.524181226903
-0.114613949274   -0.993154834345   0.0225192728386
-0.965025303657   0.116690618264   0.234754047697
-0.235774905223   0.00517442040551   -0.971793918195
0.464401090922   0.185882541259   -0.865897977596
-0.229523751312   0.969580750638   0.0850412580789
0.855365696257   0.159250899046   0.492938816507
-0.809877595993   -0.369198912307   -0.455840369714
-0.380150496404   -0.261490917472   0.887191129443
-0.446748116496   0.891804161927   0.0714244858306
-0.697374389819   -0.143224003893   -0.702250557232
-0.331395845931   -0.804354915361   0.49314294422
-0.635488594487   0.576628177289   0.51347267837
0.0601868108903   -0.324095251862   -0.944107946961
0.672913329382   -0.685418151391   0.278189879189
-0.737268742681   -0.652046183536   0.176834882309
-0.900187318156   0.421465994804   0.109677743667
-0.435365778968   -0.864578904162   -0.25091822768
-0.0109284370131   -0.273623342758   0.961774836208
0.489282416328   -0.866406535574   0.0997117454785
-0.540952588707   -0.211816095294   0.813943633519
-0.684085531087   -0.452187634604   -0.572322749214
-0.587039499784   -0.191777947898   -0.786514999471
-0.432590935353   -0.746891109178   0.504993815488
-0.684287737975   0.636690576129   0.355493181263
-0.344508883047   -0.887831033493   -0.305073246071
0.935947963361   -0.350063251365   -0.0381723712263
-0.0729043166274   -0.298683404311   0.95156354733
0.646769841457   0.355921272742   -0.674543415794
-0.548653633861   -0.39722396833   -0.735657739057
-0.52978105122   0.845891935529   -0.0616349833615
0.761448177423   -0.583970808339   0.281380113204
-0.521173856996   -0.809635099424   -0.26994224672
0.385453607952   0.058899072894   -0.920845489389
-0.691315128503   -0.34559561765   -0.634544767659
-0.62552475265   -0.153319602063   0.764991427041
-0.361665835993   0.925773605524   -0.110186452845
-0.897024231119   0.192882874731   0.39767288746
0.0961108375239   -0.793093720433   0.601469082764
0.431404955576   0.577753015782   0.692886150142
0.563780660496   0.150532512125   0.812090715157
-0.381155253946   -0.824866557101   0.417511479323
0.732715524089   -0.54491754034   -0.407667554497
-0.444970640267   -0.467046954359   0.764112734957
0.401017628749   -0.866827555854   -0.296301957206
0.800740901124   0.174577005459   0.573006874681
0.810502572202   0.129912701749   0.571146452654
0.17055145966   0.880499417915   -0.442304165321
-0.560355048217   0.455898524868   0.69149024213
-0.621733833881   0.531728198546   -0.575075788639
-0.029155188831   -0.749440652609   -0.661429273
-0.782685770135   -0.394466514534   0.481455246248
-0.589484543155   -0.383707517187   0.710828048571
-0.513436583565   0.857329489527   0.0370002843709
-0.623611135275   -0.343154029032   -0.70239195918
0.566394183316   0.485310292161   -0.666086743171
0.0385757078646   -0.822951834255   -0.566799958767
-0.823231160652   0.295337432133   -0.484836320126
0.928022687916   0.354726589593   0.113767031027
0.337453002409   -0.929854432391   0.146615844056
0.157795316403   -0.0976718034962   -0.982629562411
0.682742252276   0.730637842778   -0.00559996942506
0.303739408512   -0.276841024542   0.911647639632
0.664533963521   -0.624121294166   -0.41093457082
0.202845730781   -0.16148844797   -0.965802821841
0.796757617611   0.600582196728   0.0669202790775
0.569237128342   -0.783085248326   0.250492685665
-0.316162405346   0.28102323865   -0.906127624998
-0.251437070688   0.896144011568   0.365657366964
0.914779062359   0.34344118837   -0.212667386313
-0.165768354035   0.0733123533503   -0.983435890969
-0.0496906513957   -0.996587079307   -0.0659168606769
-0.984912022449   0.0379406405306   0.168845538383
0.554144584304   -0.832030821062   -0.0254655156847
0.286487331898   0.161902875514   0.944305283032
-0.781568159759   -0.530577206166   0.328083891633
0.170296028347   0.878348514347   -0.446657754969
0.393310540406   0.355018452794   0.848097115301
0.903496586344   -0.320102773371   -0.285005496342
-0.466649527022   -0.633832141457   0.616842796331
0.202051370328   -0.755392662454   -0.623343540321
0.861053693261   -0.166249035988   0.480570281389
0.167305890206   0.447746965945   -0.878368597793
0.813747949235   0.440280896712   0.379429844775
0.556617475667   -0.778251493077   -0.290691587949
0.25960407991   0.522274972205   -0.812302022097
0.37182320233   0.722237458653   0.583198559264
0.891264959427   -0.453433464498   -0.00669816173176
0.281074636626   0.250062824628   -0.926534204649
0.768816209248   -0.63651133229   0.0614407052656
-0.574385484708   -0.729603938864   -0.371159544336
0.948593178559   0.299841199421   -0.10132243938
0.234911232437   -0.881552384013   -0.409490057408
-0.212103027954   0.364637696037   -0.906670643708
0.754312569799   0.561195507446   0.340693629917
-0.0362625497581   -0.482534976132   0.875125719137
0.65551321461   -0.672472749806   -0.343631817851
0.60606085912   0.0467124678171   0.794045452347
0.334542610575   -0.920655928573   -0.201181268743
0.721644979718   0.387570131117   -0.573600833955
-0.73675568453   0.522780657947   -0.428825658034
-0.209796852837   0.426163772271   0.879982795141
0.642787944701   0.73829860008   -0.204300845
-0.760437262082   -0.45387850297   -0.464466871777
0.399801600337   -0.890804344222   0.215931240639
-0.511755655372   -0.0214924372103   0.858862168417
0.0348215007771   -0.983123521108   -0.179598455806
0.928661643963   -0.0345741634721   0.369313116815
-0.369289878165   -0.179646234207   0.911785181071
-0.632664649819   0.55842597542   0.536559289218
-0.625248959683   0.0404847776907   -0.779374570532
-0.456945488308   -0.828565877135   0.32354197249
0.989567446561   -0.141952876352   0.0246099492476
0.00324041732481   -0.148845615432   -0.988855137248
0.14403391407   0.978618599691   -0.146832789035
-0.472060270297   -0.881077190601   0.029361291026
-0.851139321062   0.446839668618   -0.275492589176
0.22961044695   -0.155039655421   -0.960854696558
0.108737026178   -0.982043795833   -0.154163037738
-0.062652032354   0.14800395492   -0.987000279721
0.992094240473   0.116982102881   -0.0454335297491
0.344638596007   -0.280284122264   0.895915759962
-0.85388142135   0.302916487677   0.42323530071
-0.390013790033   -0.910869042344   -0.134932691681
0.365977935573   0.263632868642   -0.892500902658
0.440547352126   0.795690066306   0.415686599396
0.819742753069   -0.545321032928   0.175062245609
-0.425682501489   0.225511920077   0.876321163632
-0.897493564802   -0.228650075065   -0.377126562723
0.115324364573   -0.947028783658   0.299727832975
-0.769894512068   0.627935358903   0.113840350172
-0.623577078381   -0.778153141099   0.0750287699236
0.13569844364   -0.013223994751   0.990661929397
-0.583348594172   -0.756029081018   -0.296857619632
0.778514826183   -0.624653947014   0.0610091131962
-0.231557947588   -0.195518477734   0.952970850432
0.0316598919632   -0.74305756699   0.66847819963
0.86173118181   -0.318548525107   -0.394900249998
0.506376363526   0.588551008232   0.630230663465
0.989534153091   0.141484002572   0.0283625965442
-0.0584395048022   0.213219309142   0.975255018181
0.131935530261   -0.96670564456   0.219256043542
-0.767358648289   0.103780148842   -0.632764083685
0.0312697208007   0.991698087498   0.124728135613
0.640455236107   0.0759248573184   -0.764233280213
0.744709251231   -0.55042517794   -0.377412578778
-0.420330348305   -0.826082792654   0.375379298811
-0.518392254403   -0.120910475853   -0.846551904731
0.0886864126561   0.927884346128   -0.362167586099
0.886235059318   0.0924639949979   0.453913900718
0.454667064836   -0.361221607659   -0.814123338514
-0.415856598464   0.847613126594   -0.329568319381
0.905961180751   0.417733376837   -0.0687980003273
0.0793575987926   -0.327186206162   -0.941621770145
-0.96145022583   0.26271420998   -0.081207802128
0.178865592566   0.373192446584   -0.910348558305
-0.208855363944   -0.889780108615   -0.40579649489
0.598245253883   0.728809661067   -0.333075207936
-0.799702075674   0.516677725791   -0.305811572433
-0.0507858875015   0.449311256933   0.891930595968
-0.643648605264   0.168124934909   -0.746626063839
-0.36123128943   0.793324384193   0.490049361781
0.674706179368   0.585124283984   -0.449890146385
-0.793845594106   0.473800202164   -0.381211937311
0.434598105834   0.00354080732412   -0.900617537631
-0.425362973382   -0.8806252501   -0.208723524698
-0.97391167311   -0.149310565801   0.170887120403
0.185545749048   -0.0903987308773   0.978468622116
-0.130647724779   0.984649391609   0.115744320008
-0.572748765176   0.519640543241   0.633981512198
0.694509943273   0.718449235656   0.0385568992704
-0.435447804776   0.462389880519   -0.772386436772
0.934184187253   0.356785131638   -0.00206739637455
-0.344976125278   0.901755087344   -0.260440464286
-0.0910570001359   0.244012565848   0.965487695641
0.997473211705   -0.0708833889689   -0.00476834348911
0.0226035875964   0.380276228174   -0.924596705658
0.0673518356032   0.922152663855   0.380917569543
-0.851808446449   -0.409101225569   0.327198040637
-0.511987471793   0.51796160238   -0.685262436725
0.110865681277   -0.751233629238   -0.65065877003
-0.344372316211   -0.795708594582   0.498252486533
-0.463248023169   -0.317589282767   -0.827368307648
0.816583723116   -0.51573721989   -0.259241476548
0.437047648844   0.307877551031   -0.845103997275
0.317282609254   0.826416574987   0.465153082815
0.841618142927   -0.471430862544   0.263499228342
0.155385256855   -0.411712273057   0.897969056352
-0.961941133574   -0.269898572017   0.0427085045622
0.224776950533   -0.870429643933   -0.437981229588
0.0337609075446   -0.600681546752   -0.798775237795
0.998391479474   0.0566944716916   -0.000436569011616
0.0455483790562   -0.797475652463   0.601629394972
-0.995987403763   0.0128615294937   -0.0885645109814
0.0885035666548   -0.00523390412826   -0.996062108976
-0.0132744203518   -0.999903589006   0.00407461135142
-0.561900812547   -0.136956532769   0.81578819861
0.336369805876   0.863152590087   0.37659389257
-0.755726690381   0.486014932238   -0.438938099381
-0.83308971464   0.544872715113   0.095264115422
0.00382958967941   -0.166539146482   0.986027406785
0.553124634783   0.821814113419   0.136655411092
-0.929082188094   -0.0132471438595   0.369636038485
0.269727548532   0.659549940844   0.701598834873
-0.253087608014   0.751544003178   -0.609202982558
-0.577487113019   0.169225797341   -0.798668431711
0.52624086552   -0.6707667777   -0.522630348709
-0.624162787864   -0.722104258019   0.298305639902
0.301366648167   -0.104143662079   0.947803904308
0.71950658824   -0.627434500925   -0.297718351012
0.625690349016   0.771673535051   -0.114155781499
-0.249139645121   -0.809982731216   -0.53090245089
-0.218097338695   0.581031214765   -0.784114964991
0.943590476893   -0.0795657124664   -0.321412988717
0.948012188888   -0.117505371955   0.295745460289
-0.233842200022   0.373121589844   0.897829663512
-0.215848824895   -0.920311233635   0.326246100417
0.999999850713   0.000157117435274   0.000523343945963
-0.000156915685094   0.999999913376   -0.000385520835392
-0.000523404472673   0.000385438656965   0.999999788742
0.897157931798   -0.403774449881   -0.179091705658
-0.276441472418   -0.829489870348   0.485310897588
-0.344510896401   -0.385892146349   -0.855803419979
0.865935608017   -0.500155392868   0.000325197518393
0.500155394786   0.865935664161   8.12415295897e-05
-0.000322233518222   9.22993598737e-05   0.999999943823
