-0.514524579048   -0.77270424366   -0.37174269557
-0.0699187815189   0.469894647598   -0.879949092865
0.854620277882   -0.426763623953   -0.295798867941
-0.13833232224   -0.862517118454   0.486752897501
0.711748361588   0.255177885294   0.654445230961
-0.688678741455   0.436976492405   0.578595817089
0.769929409027   0.217921242118   -0.599765777588
0.25879752636   0.752484083176   0.605633199215
0.583294570446   -0.621512711048   0.522962152958
0.949609398842   -0.197933658957   0.243031322956
0.103493712842   0.929898142815   0.352956742048
-0.295856386423   -0.310018837452   0.903524935246
-0.609740257263   0.730783641338   -0.306874722242
0.405904233456   -0.0446460545063   -0.912824451923
-0.680777907372   -0.681147575378   -0.269405663013
0.599492847919   -0.682647645473   0.417852252722
0.534562826157   0.730052471161   0.425753384829
-0.595693647861   -0.0318678170443   0.802579283714
0.228803828359   -0.949267983437   -0.215729162097
-0.819504380226   -0.0682170316577   -0.568998217583
0.525415360928   0.306979984045   -0.79353761673
0.94729501009   -0.195438995957   0.253842055798
-0.112833715975   -0.94512706995   -0.306599617004
0.299834549427   0.261798322201   -0.917366266251
-0.993728935719   0.0818500891328   0.0761796534061
-0.108080781996   -0.528501451015   -0.842024207115
-0.0286586973816   -0.844977378845   0.53403365612
-0.986036837101   0.076110906899   -0.148116350174
0.0652342289686   0.994897723198   0.0769612267613
0.153218209743   0.0662243440747   -0.985970854759
-0.890189826488   -0.220893502235   -0.398457169533
-0.454722851515   0.376859664917   0.80697208643
-0.0280924458057   0.899545907974   -0.43592196703
0.894978940487   0.0348325036466   -0.444746494293
-0.443384796381   0.179450362921   -0.878184199333
0.0492205619812   0.983150184155   0.176048487425
0.19283939898   0.685362279415   0.702204763889
-0.376442015171   0.712551593781   -0.592082440853
-0.906148076057   -0.150162547827   0.395407170057
-0.44265806675   0.80370336771   0.397636473179
0.865023910999   0.265935689211   0.42545491457
0.236193791032   0.53229612112   -0.812941193581
-0.839338779449   0.521089732647   0.154841512442
-0.484309196472   -0.846168637276   0.222358450294
0.246890738606   0.11164290458   0.962590694427
-0.0176821686327   0.599249720573   -0.80036687851
0.516526639462   0.690874040127   0.505858957767
0.856088519096   -0.404466122389   -0.3217446208
0.732828855515   -0.68026381731   0.014247960411
0.666763067245   0.713796615601   -0.214292809367
0.135605499148   0.16653996706   0.976665556431
-0.217736974359   -0.918618321419   0.329743891954
-0.962184667587   0.258690416813   0.085322484374
-0.163680389524   -0.298696666956   -0.940206885338
0.116400830448   0.922196030617   0.368788927794
0.869345128536   -0.274164021015   0.411184996367
0.480301856995   0.272742599249   -0.833619594574
0.916691184044   -0.0117951128632   -0.399422347546
-0.0574536025524   -0.993069052696   -0.102532699704
-0.395444571972   0.116939067841   -0.911015272141
0.816247284412   0.127814382315   0.563386082649
-0.566401124001   -0.0148961171508   0.823995053768
0.113710686564   -0.991686224937   0.06023529917
0.209824368358   -0.660196304321   -0.721189677715
0.976263821125   0.100961022079   0.191613733768
-0.0536906309426   -0.744276642799   0.665709853172
-0.505534112453   0.343024939299   -0.791687548161
-0.846045613289   -0.017098126933   0.532836258411
0.169239744544   0.939170658588   0.298858433962
-0.299933344126   0.863666653633   0.405117124319
-0.176872894168   -0.467652440071   0.866035342216
0.937419831753   0.18809863925   0.293023794889
0.160926640034   0.747481942177   -0.644494652748
0.64268219471   -0.574950635433   -0.506351053715
-0.749040901661   -0.332719862461   -0.572918176651
-0.222925007343   0.426440179348   -0.876614630222
-0.909750282764   -0.414076477289   0.0299187749624
-0.350226938725   0.804170012474   0.480262070894
0.949119091034   0.185591042042   0.254418879747
-0.0130926510319   0.830446958542   -0.556943833828
-0.314645171165   0.525274991989   0.790622889996
-0.0844005793333   -0.845562398434   -0.527162909508
-0.0279594864696   0.530851960182   -0.847003221512
0.996039569378   -0.0567483566701   -0.0684457048774
0.923567533493   -0.105161145329   0.368733197451
-0.10531629622   0.855098426342   0.507656574249
-0.368688941002   -0.507688760757   0.77866590023
-0.961612582207   -0.266130238771   -0.0669025406241
0.261280238628   -0.962484896183   0.0731807947159
-0.0838683024049   0.0528912618756   0.995072185993
0.206238806248   -0.160268068314   0.965287387371
0.244100794196   -0.94687962532   -0.209365233779
0.947565495968   0.278806656599   -0.156161755323
-0.338817298412   -0.24282515049   0.908976793289
0.837333202362   -0.51838773489   0.17362973094
0.42904073   0.819945216179   0.378964304924
0.640314400196   0.491087913513   -0.590618431568
0.191149845719   -0.846608400345   -0.496705055237
-0.743948400021   0.205150783062   -0.635966956615
-0.328153312206   0.086334310472   0.940670907497
0.812677800655   0.533425986767   0.23454529047
-0.481529027224   0.841429173946   -0.245207488537
0.76434725523   -0.261674910784   -0.589321196079
0.503867387772   -0.327915638685   0.79911762476
-0.402356684208   -0.907743096352   -0.118791952729
-0.990354895592   -0.0954434424639   0.100437961519
-0.0693467408419   -0.286124020815   -0.955679893494
0.119951091707   -0.953427314758   0.276745647192
0.744187712669   0.612416267395   0.266703784466
0.247964441776   -0.624026298523   0.741016030312
0.620240449905   -0.485321998596   -0.616250216961
-0.492958128452   0.397018671036   0.774188935757
-0.860972285271   -0.0943730324507   -0.499820411205
-0.12537547946   -0.912945747375   0.388344019651
0.386824458838   0.874093055725   -0.293816626072
-0.461146503687   -0.0925593748689   -0.882483243942
-0.798567950726   0.476858586073   0.367280721664
0.717385828495   0.674481630325   0.174447908998
0.592171192169   -0.722257018089   0.357320725918
0.367002487183   -0.153033792973   -0.917545557022
0.622998893261   -0.775051355362   0.105677828193
-0.738342761993   -0.538046836853   0.40663933754
-0.258306741714   -0.331362307072   -0.907456159592
0.473388463259   -0.840031147003   0.265049159527
-0.809681653976   -0.296481698751   0.506472349167
-0.346870332956   -0.454363614321   -0.820508778095
0.648913860321   -0.695266067982   -0.309056401253
0.0273788776249   -0.384592026472   0.922680556774
-0.760369122028   -0.607201814651   -0.230531513691
-0.161832511425   -0.564967155457   -0.809087336063
0.352681189775   0.73263168335   -0.582122683525
0.921643197536   -0.379556268454   0.0806896612048
0.888654112816   0.451808154583   0.0785065740347
0.32069426775   -0.489910215139   -0.810643672943
-0.327794253826   0.745558440685   -0.580253005028
-0.227043926716   0.792908012867   0.565462589264
0.626189410686   0.563547611237   -0.538795828819
-0.74588060379   0.231756359339   -0.624460637569
0.10815500468   -0.0752924829721   0.991278767586
0.881689190865   -0.453385770321   -0.130634948611
0.459267497063   0.888128578663   0.0173486303538
0.0667842999101   -0.679480493069   -0.730647742748
0.96830612421   0.220771700144   -0.116803780198
0.240672230721   -0.699689984322   0.672689199448
0.147419765592   -0.514515399933   -0.844713747501
0.982710182667   -0.0205314382911   0.184008657932
-0.112018473446   -0.857235312462   0.502592742443
-0.404653966427   0.347436726093   0.845897674561
0.522035777569   0.847244441509   -0.098262488842
-0.750822126865   0.401826530695   -0.524215221405
-0.114982649684   -0.99311631918   0.0223367623985
-0.964986622334   0.117005839944   0.234756186604
-0.235753729939   0.00543821230531   -0.971797585487
0.46438986063   0.18592248857   -0.865895450115
-0.229761764407   0.969532251358   0.0849511548877
0.855307877064   0.159499198198   0.492958843708
-0.80988317728   -0.369505345821   -0.455582022667
-0.379757940769   -0.26165574789   0.887310624123
-0.447071701288   0.891628861427   0.0715880021453
-0.697367668152   -0.143231257796   -0.702255725861
-0.33124089241   -0.804494678974   0.493019074202
-0.635576725006   0.576431393623   0.513584494591
0.0601379610598   -0.324124872684   -0.944100916386
0.672844290733   -0.685483217239   0.27819660306
-0.73733574152   -0.651963055134   0.176862001419
-0.900255024433   0.421292304993   0.109789311886
-0.435225337744   -0.864544332027   -0.251280635595
-0.0109448684379   -0.273999750614   0.961667478085
0.489463180304   -0.86631500721   0.0996199324727
-0.54063564539   -0.211834892631   0.814149320126
-0.684206783772   -0.452354192734   -0.572046160698
-0.587029695511   -0.191716134548   -0.786537408829
-0.432805836201   -0.746736645699   0.5050380826
-0.684160232544   0.636890351772   0.355380743742
-0.344137966633   -0.887933909893   -0.305192500353
0.936057925224   -0.349815130234   -0.037747874856
-0.07324334234   -0.29866835475   0.951542258263
0.646751523018   0.356023430824   -0.674507081509
-0.548472046852   -0.397434324026   -0.735679507256
-0.529991388321   0.845750153065   -0.061772339046
0.761580109596   -0.583808898926   0.281358957291
-0.520949006081   -0.809736669064   -0.270071536303
0.385496854782   0.059107452631   -0.920814037323
-0.691220283508   -0.345702797174   -0.634589731693
-0.625558376312   -0.153396993876   0.764948427677
-0.361788958311   0.925720751286   -0.110226169229
-0.896998345852   0.193177655339   0.397588223219
0.0959080979228   -0.792971730232   0.601662278175
0.431503921747   0.577821969986   0.69276702404
0.563921511173   0.150158658624   0.812062144279
-0.381489008665   -0.82475656271   0.417423963547
0.732433378696   -0.545187115669   -0.407814085484
-0.445061713457   -0.467110782862   0.764020681381
0.401017963886   -0.866810441017   -0.296351611614
0.800690114498   0.174491256475   0.573103964329
0.810370802879   0.130144760013   0.57128059864
0.170523941517   0.880425095558   -0.442462652922
-0.560553967953   0.455975830555   0.691277980804
-0.622089147568   0.531673312187   -0.574742138386
-0.0291208270937   -0.749280273914   -0.661612510681
-0.782404661179   -0.39484500885   0.481601893902
-0.589672684669   -0.383342325687   0.710869014263
-0.5132188797   0.857473611832   0.0366801209748
-0.623612463474   -0.343202114105   -0.702367305756
0.566266715527   0.485404878855   -0.666126191616
0.0381396748126   -0.822753727436   -0.567116975784
-0.823339164257   0.295733630657   -0.484411239624
0.928038656712   0.354733109474   0.113616459072
0.337511211634   -0.929869353771   0.146387249231
0.157576858997   -0.0975062027574   -0.982681035995
0.682614147663   0.730758070946   -0.00552743440494
0.303753823042   -0.276846259832   0.91164124012
0.66465896368   -0.623978197575   -0.410949736834
0.202855244279   -0.161772847176   -0.96575319767
0.796796143055   0.600547969341   0.0667685270309
0.569179832935   -0.783052802086   0.250724285841
-0.31586009264   0.281163722277   -0.906189501286
-0.251451998949   0.896127521992   0.365687549114
0.914879381657   0.343369245529   -0.212351739407
-0.165786415339   0.0729479417205   -0.983459949493
-0.0495524033904   -0.996616780758   -0.0655705705285
-0.984915971756   0.0378620922565   0.168840274215
0.553774118423   -0.832274258137   -0.0255689881742
0.286845773458   0.161852195859   0.944205164909
-0.781699240208   -0.530210733414   0.328363925219
0.170495867729   0.878302156925   -0.446672707796
0.393557012081   0.354884624481   0.84803879261
0.903351545334   -0.320378303528   -0.285155594349
-0.466574311256   -0.634231984615   0.61648863554
0.202310666442   -0.755053162575   -0.623670697212
0.861033558846   -0.16626650095   0.480600297451
0.167260736227   0.447640269995   -0.878431558609
0.813589394093   0.440575897694   0.379427462816
0.556862771511   -0.778145909309   -0.290504336357
0.2596154809   0.522237241268   -0.812322676182
0.3716750741   0.722335755825   0.583171248436
0.891323447227   -0.453320354223   -0.00657301815227
0.28105956316   0.250163018703   -0.926511764526
0.768787503242   -0.636555731297   0.0613401532173
-0.574431300163   -0.729530870914   -0.371232241392
0.948583543301   0.299843162298   -0.101406812668
0.23489049077   -0.881575703621   -0.409451723099
-0.212169080973   0.364579677582   -0.906678497791
0.75426453352   0.561177432537   0.340829759836
-0.0364825129509   -0.482482373714   0.875145554543
0.655556261539   -0.672525584698   -0.343446165323
0.606228232384   0.046597622335   0.793924450874
0.334444403648   -0.92065680027   -0.201340600848
0.721549928188   0.387581944466   -0.573712408543
-0.736776828766   0.522816836834   -0.428745210171
-0.209508731961   0.426370561123   0.879951238632
0.642857670784   0.738153576851   -0.204605266452
-0.760458230972   -0.45404908061   -0.464265823364
0.399950027466   -0.890719175339   0.216007575393
-0.511608481407   -0.0214183982462   0.858951687813
0.0350161902606   -0.983092606068   -0.179729759693
0.928700208664   -0.0344241149724   0.369230091572
-0.369174420834   -0.179844096303   0.911792933941
-0.632578730583   0.558592617512   0.536487102509
-0.625337421894   0.0403085462749   -0.779312729836
-0.456943333149   -0.828462123871   0.32381054759
0.989544093609   -0.14213052392   0.0245228894055
0.00317172612995   -0.148540601134   -0.98890119791
0.144195690751   0.978639185429   -0.146536663175
-0.472342312336   -0.880915224552   0.0296833533794
-0.851105630398   0.447085499763   -0.275197595358
0.229154750705   -0.155251145363   -0.960929334164
0.108473457396   -0.982085764408   -0.154081478715
-0.0628665536642   0.147908881307   -0.987000882626
0.992109537125   0.116749972105   -0.0456961579621
0.344771146774   -0.280297338963   0.895860612392
-0.853817522526   0.302913248539   0.423366546631
-0.390036582947   -0.91086602211   -0.134887039661
0.366165995598   0.263403385878   -0.892491519451
0.44058150053   0.795715928078   0.415600836277
0.819640398026   -0.545394182205   0.175313457847
-0.425621658564   0.225247040391   0.876418828964
-0.897503197193   -0.228671640158   -0.377090483904
0.115473620594   -0.947086632252   0.299487560987
-0.769782721996   0.628059387207   0.113912165165
-0.623700141907   -0.778052210808   0.0750524625182
0.135767012835   -0.0132729485631   0.990651905537
-0.583159565926   -0.756162405014   -0.296889334917
0.778577625751   -0.624540627003   0.0613666884601
-0.231822624803   -0.195364817977   0.952938020229
0.0318171344697   -0.742857515812   0.668693006039
0.861758410931   -0.318527042866   -0.394858151674
0.506320178509   0.58881509304   0.630029082298
0.989547669888   0.141389682889   0.0283622127026
-0.0584168322384   0.213210433722   0.975258290768
0.131844341755   -0.96672141552   0.219241425395
-0.767202675343   0.10398966819   -0.632918834686
0.0312973968685   0.991663694382   0.124994434416
0.640640735626   0.0760873481631   -0.764061629772
0.744436144829   -0.550569415092   -0.377740800381
-0.420305281878   -0.825996816158   0.375596553087
-0.51880466938   -0.120841190219   -0.846309125423
0.0890574231744   0.92779892683   -0.362295418978
0.886181771755   0.0922438800335   0.454062700272
0.45469841361   -0.36149725318   -0.813983440399
-0.415818274021   0.847667694092   -0.329476356506
0.905965387821   0.41776022315   -0.0685789361596
0.0795099809766   -0.327010571957   -0.941669940948
-0.961511135101   0.262512505054   -0.081139087677
0.178672403097   0.37301748991   -0.91045820713
-0.208740368485   -0.889913022518   -0.405564188957
0.598444104195   0.728843152523   -0.332644462585
-0.799533307552   0.516831696033   -0.305992633104
-0.0510994382203   0.449079811573   0.892029225826
-0.643655955791   0.168429613113   -0.746551036835
-0.36150509119   0.792882502079   0.490562319756
0.674552500248   0.585635364056   -0.44945538044
-0.79371124506   0.473937273026   -0.381321251392
0.434536159039   0.00307970028371   -0.900649130344
-0.425676822662   -0.880553245544   -0.20838727057
-0.973890244961   -0.149079740047   0.17121039331
0.185821577907   -0.0902349725366   0.978431403637
-0.130415141582   0.984699368477   0.115581192076
-0.572869181633   0.51980304718   0.633739411831
0.69464725256   0.718305468559   0.0387614481151
-0.435070157051   0.462430596352   -0.772574841976
0.934202194214   0.356739968061   -0.0016906876117
-0.344817578793   0.901745319366   -0.260684102774
-0.0914718657732   0.244114637375   0.965422689915
0.99748057127   -0.0707782581449   -0.00478720152751
0.0225532185286   0.380377203226   -0.92455637455
0.0672594308853   0.92211908102   0.381015151739
-0.851874351501   -0.409105360508   0.327021330595
-0.511910140514   0.518381297588   -0.685002863407
0.110716603696   -0.750941872597   -0.651020884514
-0.344558596611   -0.795795798302   0.497984409332
-0.463373214006   -0.317169934511   -0.827459037304
0.816434085369   -0.51586073637   -0.259466826916
0.437210768461   0.30770277977   -0.845083296299
0.317592382431   0.826288878918   0.465168565512
0.841416597366   -0.471768707037   0.263538330793
0.155490100384   -0.411730408669   0.897942602634
-0.961874723434   -0.270137250423   0.0426956862211
0.224988624454   -0.87034702301   -0.438036739826
0.0342241674662   -0.600631415844   -0.798793196678
0.998381078243   0.0568794123828   6.50785386824e-06
0.0454309806228   -0.797500252724   0.601605713367
-0.996007978916   0.0126214716583   -0.0883675962687
0.0883069336414   -0.00528693711385   -0.996079266071
-0.0130391800776   -0.999906361103   0.00415126793087
-0.562253832817   -0.13664624095   0.815596997738
0.336167156696   0.863321363926   0.376387953758
-0.755554258823   0.485802471638   -0.439469754696
-0.833070337772   0.544873595238   0.0954284220934
0.00393279502168   -0.166674479842   0.986004114151
0.55315309763   0.821786105633   0.136708676815
-0.929077506065   -0.0133340312168   0.369644731283
0.26975479722   0.659330546856   0.701794564724
-0.253075808287   0.751734972   -0.608972251415
-0.577468216419   0.16913741827   -0.798700809479
0.526160299778   -0.670932114124   -0.522499203682
-0.624248206615   -0.721971333027   0.298448562622
0.301110297441   -0.104437872767   0.947853028774
0.719500362873   -0.627449095249   -0.2977026999
0.625820934772   0.771621882915   -0.113788291812
-0.249365746975   -0.810022890568   -0.530735015869
-0.217636808753   0.580904722214   -0.78433662653
0.94363707304   -0.0800792127848   -0.321148514748
0.948039531708   -0.117507122457   0.295657128096
-0.233786195517   0.373001128435   0.897894322872
-0.215789422393   -0.92035984993   0.326148271561
0.999999940395   -0.000112696216092   0.000377488060622
0.000112745059596   1.0   -0.00012936067651
-0.000377473479602   0.00012940322631   0.999999940395
0.897171080112   -0.403749376535   -0.179082497954
-0.276302069426   -0.829361796379   0.485609084368
-0.344588547945   -0.386193543673   -0.855636179447
0.866011381149   -0.500024139881   0.000368510518456
0.500024080276   0.866011440754   0.000223163558985
-0.00043072149856   -8.99803853827e-06   0.999999880791
