-0.514511942863   -0.772717356682   -0.371732890606
-0.069896645844   0.469867438078   -0.879965364933
0.854629695415   -0.426769793034   -0.295762747526
-0.13837338984   -0.862497806549   0.486775457859
0.711748301983   0.255168884993   0.65444880724
-0.688670575619   0.437019914389   0.578572750092
0.769983589649   0.217925339937   -0.599694788456
0.258755475283   0.752466440201   0.605673074722
0.583241701126   -0.621532618999   0.522997438908
0.949598193169   -0.197899669409   0.243102774024
0.103425748646   0.929893374443   0.352989315987
-0.295916140079   -0.310054928064   0.903492987156
-0.609729349613   0.730775713921   -0.306915223598
0.405869781971   -0.0447365045547   -0.912835359573
-0.680808186531   -0.681150138378   -0.269322603941
0.599480211735   -0.682648420334   0.417869180441
0.534556567669   0.730052053928   0.425761938095
-0.595711946487   -0.0318611264229   0.802565991879
0.228801071644   -0.949263572693   -0.21575166285
-0.81949365139   -0.0681947469711   -0.569016396999
0.52543336153   0.306998670101   -0.793518483639
0.947295248508   -0.195461437106   0.253823876381
-0.112853296101   -0.945116817951   -0.306624025106
0.299826413393   0.261818617582   -0.917363166809
-0.993735432625   0.0818118974566   0.0761357396841
-0.108023405075   -0.52850985527   -0.842026293278
-0.0286492817104   -0.844975829124   0.534036576748
-0.986037135124   0.0761408358812   -0.148099020123
0.0652714967728   0.994898200035   0.0769232735038
0.153200447559   0.0661825612187   -0.985976397991
-0.890189170837   -0.220858618617   -0.398478001356
-0.454726099968   0.376849800348   0.806974828243
-0.0280609857291   0.899558603764   -0.435897797346
0.894960463047   0.0348265506327   -0.444784075022
-0.443419039249   0.179482415318   -0.878160357475
0.0492476187646   0.983144521713   0.17607241869
0.19282206893   0.685367703438   0.702204227448
-0.376431196928   0.712546408176   -0.592095553875
-0.906156301498   -0.150162488222   0.395388454199
-0.442651301622   0.803707420826   0.397635757923
0.865029752254   0.265936940908   0.425442188978
0.236185014248   0.532289326191   -0.812948167324
-0.839338898659   0.521097481251   0.154815047979
-0.48433431983   -0.846168875694   0.222302824259
0.246841102839   0.111605167389   0.962607800961
-0.0176576394588   0.599214017391   -0.800394117832
0.51650851965   0.69089782238   0.505845010281
0.856099963188   -0.404478341341   -0.321698784828
0.732856035233   -0.680233001709   0.014319838956
0.666746079922   0.713814735413   -0.214285224676
0.135542169213   0.166587918997   0.976666152477
-0.217766314745   -0.918615221977   0.329733043909
-0.962172806263   0.258726686239   0.0853461772203
-0.163711041212   -0.29867464304   -0.940208554268
0.116406224668   0.922205150127   0.368764549494
0.869327485561   -0.274167358875   0.411220163107
0.480332523584   0.272708564997   -0.833613038063
0.916703224182   -0.011794407852   -0.399394661188
-0.0574433729053   -0.993070960045   -0.102519750595
-0.39541810751   0.11692275852   -0.911028862
0.816240429878   0.12782253325   0.563394129276
-0.566409885883   -0.0148948859423   0.823989033699
0.113716050982   -0.991685211658   0.0602421350777
0.209830537438   -0.660232841969   -0.72115445137
0.976262807846   0.100979484618   0.19160912931
-0.0536848343909   -0.744241714478   0.665749371052
-0.505528569221   0.343063235283   -0.791674494743
-0.846041023731   -0.0170777775347   0.532844185829
0.16927921772   0.939157068729   0.298878878355
-0.299919396639   0.863675653934   0.405108332634
-0.176857173443   -0.467636078596   0.866047382355
0.937427282333   0.188098087907   0.293000370264
0.160921409726   0.74748903513   -0.644487798214
0.642674028873   -0.574946880341   -0.506365656853
-0.749049007893   -0.33271047473   -0.572913050652
-0.222927242517   0.426492780447   -0.876588463783
-0.909758388996   -0.414059370756   0.0299075357616
-0.350204318762   0.804150938988   0.480310499668
0.949092626572   0.185603678226   0.25450822711
-0.0130512565374   0.830446720123   -0.55694514513
-0.31472659111   0.525270879269   0.790593266487
-0.0843639224768   -0.845532894135   -0.527216136456
-0.027963751927   0.530902981758   -0.846971094608
0.99604254961   -0.0567108616233   -0.068433329463
0.923568844795   -0.105173312128   0.368726372719
-0.105298496783   0.855103611946   0.50765144825
-0.368690639734   -0.507677435875   0.778672456741
-0.961603701115   -0.266157835722   -0.0669203028083
0.261300981045   -0.962473928928   0.0732513070107
-0.0839054509997   0.0529523901641   0.995065808296
0.206275492907   -0.16024300456   0.965283691883
0.244113758206   -0.946878910065   -0.209353372455
0.947554171085   0.278823494911   -0.156200394034
-0.338812738657   -0.242811992764   0.908981978893
0.837344408035   -0.518365502357   0.173642143607
0.429022520781   0.819963157177   0.378946095705
0.640298545361   0.491063684225   -0.59065580368
0.191121414304   -0.846624612808   -0.496688365936
-0.743969321251   0.205141857266   -0.635945320129
-0.328180640936   0.0863762274384   0.940657556057
0.812683522701   0.53341448307   0.234551548958
-0.481500685215   0.841432154179   -0.245252847672
0.764333128929   -0.261690348387   -0.58933275938
0.503865897655   -0.327941417694   0.799107968807
-0.402385443449   -0.907729387283   -0.118799649179
-0.990359306335   -0.0954172536731   0.100419066846
-0.0693402662873   -0.28608879447   -0.955690920353
0.119918175042   -0.953440487385   0.27671444416
0.744203448296   0.612397611141   0.266702860594
0.247973740101   -0.624051332474   0.74099189043
0.62021791935   -0.485313385725   -0.616279661655
-0.49297735095   0.396994352341   0.774189114571
-0.860964357853   -0.0943900570273   -0.499830842018
-0.125354275107   -0.912954568863   0.388330161572
0.386802881956   0.874095082283   -0.293838888407
-0.461129307747   -0.0926021263003   -0.882487714291
-0.798588335514   0.476846516132   0.367252111435
0.71741092205   0.674460053444   0.174428150058
0.592154145241   -0.722272634506   0.357317388058
0.366980969906   -0.153055042028   -0.917550623417
0.622981965542   -0.775063872337   0.10568600893
-0.73835837841   -0.538031339645   0.406631529331
-0.258302986622   -0.331358224154   -0.907458662987
0.473364830017   -0.840044558048   0.265048801899
-0.80969196558   -0.296461760998   0.506467521191
-0.34687846899   -0.454351812601   -0.820511877537
0.64890140295   -0.695289194584   -0.309030503035
0.027351623401   -0.3845744133   0.922688663006
-0.760380744934   -0.607186496258   -0.230533584952
-0.161830157042   -0.564974248409   -0.809082865715
0.352675378323   0.732629656792   -0.582128763199
0.921645879745   -0.379549592733   0.0806909352541
0.888639390469   0.451839089394   0.0784952417016
0.320707470179   -0.48991382122   -0.810636281967
-0.32782125473   0.745537340641   -0.580264866352
-0.227070823312   0.792927026749   0.565425157547
0.626197218895   0.563535034657   -0.53879994154
-0.745865881443   0.231721892953   -0.624491035938
0.108197376132   -0.0752819105983   0.991274893284
0.881686270237   -0.453382045031   -0.130667701364
0.459263175726   0.888131380081   0.017320279032
0.066810451448   -0.679500341415   -0.730626881123
0.968299925327   0.220798745751   -0.116804175079
0.240689978004   -0.699662208557   0.672711789608
0.147379413247   -0.514535725117   -0.844708442688
0.982719004154   -0.0205268654972   0.183962121606
-0.111994296312   -0.857223212719   0.502618789673
-0.404639899731   0.347440242767   0.845902979374
0.522061169147   0.847229599953   -0.0982558131218
-0.75081205368   0.401854842901   -0.524207949638
-0.115019895136   -0.993113398552   0.0222742781043
-0.964974820614   0.117027081549   0.234794184566
-0.235783949494   0.00551188550889   -0.971789896488
0.464406490326   0.185921654105   -0.865886688232
-0.229795962572   0.969526290894   0.0849270448089
0.855289697647   0.159536600113   0.492978364229
-0.809899628162   -0.36953446269   -0.455529212952
-0.379699468613   -0.261651903391   0.887336790562
-0.447091639042   0.891617953777   0.0715997219086
-0.697392165661   -0.143231734633   -0.702231347561
-0.331210523844   -0.80450630188   0.493020504713
-0.635565698147   0.576415061951   0.513616502285
0.0601367130876   -0.324139326811   -0.944096028805
0.672834575176   -0.685487866402   0.278208613396
-0.737344682217   -0.651950955391   0.176869153976
-0.900261044502   0.421267271042   0.109836101532
-0.435213595629   -0.864536941051   -0.25132638216
-0.0109182102606   -0.274061530828   0.961650192738
0.48946300149   -0.866317093372   0.0996027439833
-0.540615439415   -0.211837559938   0.814162015915
-0.684222817421   -0.452348977327   -0.572031080723
-0.587057054043   -0.191700607538   -0.786520779133
-0.432825684547   -0.746711790562   0.505057811737
-0.684124231339   0.636924147606   0.355389475822
-0.344091564417   -0.887960731983   -0.305166780949
0.936075568199   -0.349769949913   -0.0377293005586
-0.0732360258698   -0.298641502857   0.951551258564
0.646731436253   0.356047868729   -0.674513459206
-0.548454940319   -0.397469907999   -0.735673069954
-0.530033588409   0.845723092556   -0.0617800578475
0.761588096619   -0.583800375462   0.281355023384
-0.520932137966   -0.809741079807   -0.27009087801
0.38550388813   0.0591311305761   -0.920809566975
-0.691225111485   -0.345707267523   -0.634582042694
-0.625560462475   -0.153371334076   0.764951825142
-0.36177611351   0.92572337389   -0.110246688128
-0.896990060806   0.193183600903   0.39760401845
0.0959195643663   -0.792964160442   0.601670444012
0.43151858449   0.577830374241   0.692750871181
0.563955128193   0.150104209781   0.812048852444
-0.381522327662   -0.824746847153   0.417412638664
0.732390165329   -0.545216739178   -0.407852113247
-0.445051968098   -0.467115432024   0.7640234828
0.401033014059   -0.866804540157   -0.296348541975
0.800687968731   0.174508139491   0.573101758957
0.810348570347   0.130187466741   0.57130241394
0.170512929559   0.880415022373   -0.442487001419
-0.560589492321   0.455983161926   0.691244363785
-0.622133851051   0.531649053097   -0.57471626997
-0.0291179399937   -0.749280810356   -0.661611974239
-0.78236925602   -0.394876658916   0.481633454561
-0.589707434177   -0.383289068937   0.710868954659
-0.513193428516   0.857491314411   0.0366214439273
-0.623600542545   -0.343217343092   -0.702370464802
0.566256701946   0.485418558121   -0.666124761105
0.0381081402302   -0.822733819485   -0.5671479702
-0.823347508907   0.295766562223   -0.484376937151
0.928039610386   0.354737818241   0.113593734801
0.337518453598   -0.929866969585   0.146385520697
0.157555535436   -0.0975115895271   -0.982683956623
0.682625234127   0.730747640133   -0.00553839281201
0.303749084473   -0.276836663485   0.911645770073
0.66464972496   -0.623994708061   -0.410939604044
0.202906355262   -0.161806061864   -0.965736925602
0.796790957451   0.600552558899   0.0667893216014
0.569168865681   -0.783042430878   0.250781536102
-0.315824955702   0.281170457602   -0.906199634075
-0.251474291086   0.896121740341   0.365686357021
0.914885401726   0.343378782272   -0.212310478091
-0.165794670582   0.0729171410203   -0.983460843563
-0.0495083741844   -0.996620595455   -0.0655465871096
-0.984916746616   0.0378222689033   0.168844386935
0.553748905659   -0.832290291786   -0.0255930162966
0.286893010139   0.161844938993   0.944192051888
-0.781699776649   -0.530187726021   0.32839974761
0.170536085963   0.87831133604   -0.446639239788
0.393550813198   0.354842245579   0.848059415817
0.903346657753   -0.320399940014   -0.285146743059
-0.466557621956   -0.634263157845   0.616469144821
0.202309429646   -0.75502461195   -0.623705685139
0.861042916775   -0.166277110577   0.480579912663
0.167290896177   0.447643816471   -0.878424048424
0.813570380211   0.440582722425   0.379460304976
0.55688148737   -0.77814000845   -0.290484279394
0.259627103806   0.52224701643   -0.812312662601
0.371642053127   0.722341299057   0.583185434341
0.891333818436   -0.45330029726   -0.00654958374798
0.281065225601   0.250149965286   -0.926513552666
0.76878631115   -0.636555850506   0.0613533183932
-0.574430048466   -0.729535222054   -0.371225595474
0.948583960533   0.299832910299   -0.101433396339
0.234876528382   -0.881590366364   -0.409428179264
-0.212182745337   0.364552676678   -0.90668618679
0.754266440868   0.561167895794   0.34084123373
-0.0364986434579   -0.482485234737   0.875143349171
0.655553221703   -0.672531485558   -0.343440562487
0.606258690357   0.0465620569885   0.793903231621
0.334440022707   -0.920645952225   -0.201397359371
0.721526324749   0.387611925602   -0.573721826077
-0.736786186695   0.522840976715   -0.428699612617
-0.209459781647   0.426355063915   0.879970431328
0.642862856388   0.738145411015   -0.204618379474
-0.760464549065   -0.45406344533   -0.464241325855
0.399970799685   -0.890711784363   0.215999811888
-0.51158285141   -0.0214227605611   0.858966886997
0.035033185035   -0.983091652393   -0.17973177135
0.928699672222   -0.0344093851745   0.369232922792
-0.36917424202   -0.179852232337   0.91179138422
-0.632590591908   0.558589935303   0.53647595644
-0.625340044498   0.0402765572071   -0.779312252998
-0.456923395395   -0.828465521336   0.323830097914
0.989547789097   -0.142110675573   0.0244898311794
0.00314715388231   -0.148503303528   -0.988906919956
0.14417104423   0.978647708893   -0.146503865719
-0.472373902798   -0.880897760391   0.0296992715448
-0.851101636887   0.447119176388   -0.275155305862
0.229104578495   -0.15525329113   -0.960940957069
0.108454816043   -0.982087254524   -0.154084980488
-0.062878832221   0.147911816835   -0.986999690533
0.992110788822   0.116733551025   -0.0457107499242
0.344775527716   -0.280342668295   0.895844757557
-0.853812217712   0.302899390459   0.423387169838
-0.390044331551   -0.910856723785   -0.134927675128
0.366230130196   0.263369351625   -0.892475247383
0.440581589937   0.795711874962   0.415608555079
0.819611728191   -0.545416533947   0.175377979875
-0.425653129816   0.225186005235   0.876419246197
-0.897483468056   -0.228696197271   -0.377122581005
0.115511022508   -0.947095215321   0.299445986748
-0.769784450531   0.628054916859   0.113924771547
-0.623695135117   -0.778055727482   0.0750577300787
0.135780200362   -0.0132760489359   0.990650057793
-0.583150982857   -0.756173610687   -0.296877712011
0.778576672077   -0.62453764677   0.0614096075296
-0.231847628951   -0.19533097744   0.952938854694
0.0318510010839   -0.742830097675   0.668721914291
0.861750721931   -0.318528920412   -0.394873380661
0.506331086159   0.58884871006   0.629988908768
0.989551544189   0.141355887055   0.0283938329667
-0.0584426522255   0.213226631284   0.975253224373
0.13180346787   -0.966722786427   0.21925996244
-0.767167568207   0.104042932391   -0.632952570915
0.0313030555844   0.991654634476   0.125064611435
0.640682458878   0.0761321634054   -0.764022171497
0.744388580322   -0.550608813763   -0.377777129412
-0.420297801495   -0.825966894627   0.375670701265
-0.518878996372   -0.120866082609   -0.846260011196
0.0890902653337   0.927783846855   -0.362325876951
0.886171400547   0.0922382548451   0.454084068537
0.454712182283   -0.361537307501   -0.813957989216
-0.415797650814   0.847669363022   -0.32949796319
0.905971288681   0.417753964663   -0.0685391053557
0.0795505866408   -0.327014118433   -0.941665291786
-0.961520135403   0.262479126453   -0.0811400860548
0.178660437465   0.373023867607   -0.910457909107
-0.208709001541   -0.889920175076   -0.40556460619
0.5984364748   0.728873550892   -0.332591593266
-0.799535751343   0.516819238663   -0.306007325649
-0.0511508993804   0.449044823647   0.892043888569
-0.643661141396   0.168484404683   -0.746534228325
-0.36153075099   0.792821288109   0.490642338991
0.674533843994   0.585702478886   -0.449395954609
-0.793700158596   0.47393989563   -0.381341040134
0.434542536736   0.00304500362836   -0.900646150112
-0.425690978765   -0.880551934242   -0.208363860846
-0.973886191845   -0.149042889476   0.171265587211
0.185870587826   -0.0902190357447   0.978423535824
-0.130375668406   0.984706401825   0.115565761924
-0.57288390398   0.519832551479   0.633701980114
0.694657087326   0.718295872211   0.0387631803751
-0.435035139322   0.462412387133   -0.772605478764
0.934192657471   0.356765121222   -0.00166430836543
-0.344834685326   0.901736557484   -0.260691851377
-0.0915049985051   0.244110330939   0.965420603752
0.997483193874   -0.0707390382886   -0.00482411356643
0.0225048288703   0.380388766527   -0.924552798271
0.0672370120883   0.922117352486   0.38102337718
-0.851883172989   -0.409111201763   0.326990962029
-0.511896312237   0.518425405025   -0.684979736805
0.110712476075   -0.750908195972   -0.651060402393
-0.344552457333   -0.795820653439   0.497948884964
-0.46334207058   -0.317154675722   -0.82748234272
0.816454350948   -0.515831708908   -0.259460777044
0.437248080969   0.307666420937   -0.845077216625
0.31763958931   0.826270878315   0.465168267488
0.841379344463   -0.471823900938   0.263558328152
0.155488118529   -0.411743193865   0.897937059402
-0.961866438389   -0.270170241594   0.0426734052598
0.225025400519   -0.870330750942   -0.438050210476
0.0342869050801   -0.60062277317   -0.798797011375
0.998379170895   0.056912496686   6.058060535e-05
0.0454251505435   -0.797504425049   0.601600587368
-0.996009647846   0.0126086147502   -0.0883505642414
0.088289886713   -0.00529162026942   -0.996080756187
-0.0130267161876   -0.999906480312   0.00415729172528
-0.562314748764   -0.136596187949   0.815563380718
0.336157053709   0.863332867622   0.376370549202
-0.755513429642   0.485796093941   -0.439547032118
-0.833055198193   0.544892907143   0.0954504534602
0.00393718946725   -0.166701033711   0.985999643803
0.553175866604   0.821767926216   0.13672581315
-0.929084777832   -0.0133263180032   0.36962673068
0.269754350185   0.659305512905   0.701818227768
-0.253049582243   0.751757025719   -0.608955860138
-0.577477514744   0.169115886092   -0.798698663712
0.526165604591   -0.670933008194   -0.522492706776
-0.624235093594   -0.721975564957   0.298465758562
0.301091253757   -0.104449994862   0.947857737541
0.719517588615   -0.62743139267   -0.297698318958
0.625810265541   0.771634638309   -0.113760501146
-0.249364838004   -0.810028910637   -0.530726253986
-0.217600494623   0.580892801285   -0.784355521202
0.943645715714   -0.0801043957472   -0.321116924286
0.948043465614   -0.117519035935   0.295639693737
-0.233767315745   0.372994244099   0.897902071476
-0.215792492032   -0.920361101627   0.326142668724
0.999999880791   -0.000122915196698   0.000405914557632
0.000122974975966   1.0   -0.000147247556015
-0.00040589645505   0.000147297469084   0.999999880791
0.897157967091   -0.403763324022   -0.179116666317
-0.276272922754   -0.829331099987   0.485678106546
-0.344646006823   -0.386244893074   -0.855589866638
0.866008222103   -0.500029623508   0.000394123431761
0.500029563904   0.866008281708   0.000248646683758
-0.000465644872747   -1.82567073352e-05   0.999999880791
