-0.510780645788   -0.788019656644   -0.343697763494
-0.0768282129575   0.44002288016   -0.894693964789
0.856271310732   -0.430586676151   -0.285297312885
-0.162110693222   -0.855205763437   0.492283683792
0.702907614567   0.250058374227   0.665876636369
-0.692561194788   0.453975672986   0.56059350675
0.789130431766   0.209442565371   -0.577414039898
0.263172528806   0.734115962466   0.625950456294
0.554989533002   -0.645916066887   0.524193716859
0.951555126461   -0.164687005706   0.259655601631
0.0571221272827   0.924450252063   0.376999726837
-0.302125642542   -0.34390394242   0.88907264861
-0.606646039244   0.744562106921   -0.27858185872
0.328120317459   -0.0846755038121   -0.940833203243
-0.724097811308   -0.662161104258   -0.192937895882
0.572444443433   -0.706722371778   0.415753350451
0.541250194798   0.706578570449   0.455845314129
-0.615918489586   -0.0359195352185   0.786990597895
0.231222327668   -0.949785607125   -0.210816355357
-0.80294111081   -0.0639344431535   -0.592619574052
0.549383115648   0.306299995881   -0.777404981181
0.946610855164   -0.199748012295   0.25303877266
-0.113502297809   -0.941157821621   -0.318338158559
0.301736834472   0.272621874373   -0.913582068747
-0.995904368541   0.0712612139568   0.0556446592766
-0.0855782990951   -0.544416345129   -0.834438252886
-0.0291692208434   -0.835782676622   0.548285029901
-0.986635090815   0.0538605761945   -0.15378633198
0.0456892352844   0.997374396642   0.0561854670008
0.156408731697   0.0484081734315   -0.986505426946
-0.882866830767   -0.237416249341   -0.405190922504
-0.467762097468   0.367819273756   0.803683769916
-0.0417705554624   0.89907869867   -0.435789759281
0.88892455524   0.0238707896029   -0.457431219414
-0.452361660614   0.202693250116   -0.868495465943
0.071986548029   0.978951291823   0.190977237235
0.210762181362   0.665374682092   0.71613953622
-0.356922872823   0.734396335813   -0.577293759537
-0.910046903057   -0.133934888563   0.392270416756
-0.461050437245   0.787512165689   0.408970760824
0.851742398529   0.263447259012   0.452913267931
0.248932482543   0.557153596966   -0.792219974832
-0.833330930685   0.54126340676   0.112220695356
-0.516646395579   -0.834836640906   0.190063896984
0.196560580735   0.100407706399   0.975336983097
-0.00442047022659   0.570478998321   -0.821300293387
0.499810880188   0.712621648267   0.492300183289
0.866123284232   -0.408318624234   -0.288281733058
0.721907249831   -0.688788473769   0.06648579581
0.683355923928   0.694471973141   -0.225240670735
0.108970656025   0.208036335584   0.972032036099
-0.186224826608   -0.927442840496   0.324299385704
-0.96491145333   0.234827883105   0.117480860357
-0.18511132107   -0.291042338723   -0.938631000917
0.0855373652366   0.926812384155   0.3656530647
0.866949719493   -0.250094962408   0.4311040404
0.491000552973   0.280127318115   -0.824892200609
0.9340886671   0.0172835994962   -0.356622544414
-0.0297303232101   -0.991593683526   -0.125928847663
-0.355801166212   0.128231212972   -0.92572257515
0.819435207918   0.144177976224   0.554741968123
-0.559637009534   -0.00782973897006   0.828700858421
0.123823897468   -0.989520796325   0.0742713676736
0.190288135431   -0.678602419205   -0.709428771734
0.980523447304   0.0955813982887   0.171574956181
-0.0486229863507   -0.728260223375   0.683573589489
-0.485808881275   0.376938811902   -0.788610716993
-0.841770455661   0.0412207284759   0.53825955776
0.235398026435   0.925320476173   0.297270559465
-0.269315501252   0.878293012978   0.395057646603
-0.173277904376   -0.447711705005   0.87722801885
0.947335172281   0.167796342498   0.272764474967
0.153580439107   0.760225284701   -0.631245249666
0.631950300496   -0.566668502663   -0.528701830707
-0.759639300212   -0.317717365896   -0.567453794578
-0.177498954196   0.44428957219   -0.878123509139
-0.919578873578   -0.392696649111   -0.0128076947673
-0.350526484774   0.80523047497   0.478262548871
0.938990602785   0.169930469506   0.299032244774
0.0233492264219   0.83592426688   -0.548347912977
-0.343149328291   0.521875708933   0.780957286232
-0.0681231619784   -0.856584495693   -0.511490211579
-0.0221076705695   0.51385139476   -0.85759430677
0.9974319454   -0.0471141787748   -0.0539422696438
0.922687068458   -0.118903250666   0.366756854988
-0.0936562071976   0.853641079705   0.512372346925
-0.374001455282   -0.507108394745   0.776507557868
-0.960563926856   -0.250999746669   -0.119649778921
0.237000176516   -0.964095096224   0.119798004027
-0.145423033784   0.0867166224533   0.985561955757
0.19764213243   -0.136462292926   0.970729431973
0.252713403465   -0.949697974849   -0.184958623151
0.947139653482   0.281871955288   -0.153214482424
-0.335717192222   -0.243722704025   0.909886372241
0.851135533828   -0.492325078701   0.182165638737
0.403561977769   0.835592759916   0.372723046879
0.627918514978   0.504056217636   -0.592997190559
0.18610216492   -0.837074195446   -0.514463580373
-0.755701212623   0.212683146444   -0.619420339074
-0.338976042045   0.0937112168642   0.936116152384
0.805460976501   0.543066506195   0.237300200554
-0.486135637712   0.834444112977   -0.259567263082
0.754154082649   -0.285755309437   -0.591266033823
0.491156275211   -0.352213392862   0.796687667288
-0.435909546748   -0.891229279713   -0.125272654786
-0.993218008788   -0.0449034903867   0.107245809099
-0.0908611989236   -0.275738390522   -0.956928723846
0.0725412265432   -0.960183324446   0.269788350209
0.734871188539   0.611619932137   0.293062100704
0.26058846626   -0.653581209627   0.710580926901
0.626145340563   -0.445816846963   -0.639679100374
-0.504870733011   0.393109239721   0.768485958619
-0.852504364134   -0.087394765849   -0.515362458891
-0.135432093983   -0.915329055886   0.379250401939
0.377402302492   0.873491462892   -0.30753888588
-0.440861619285   -0.122578006815   -0.889165712838
-0.81437616291   0.471155278544   0.338827638755
0.727594314447   0.663959799567   0.172522167108
0.571218905923   -0.725640832998   0.383607016362
0.379888766747   -0.180562360544   -0.907238534705
0.608893920441   -0.789466700008   0.0773984704465
-0.743548610288   -0.534024319309   0.402434454943
-0.276375935618   -0.30258941813   -0.912171029055
0.477299616474   -0.84376713347   0.245442662531
-0.804504019212   -0.307225641468   0.508316523729
-0.353494496683   -0.440078890315   -0.825452730999
0.640909450587   -0.696265210845   -0.3231869928
0.0337433069318   -0.395064979918   0.918033251511
-0.766874478246   -0.599281584741   -0.22970658851
-0.175091662182   -0.574180974372   -0.799786920688
0.342876403524   0.725922016005   -0.596215563857
0.922918567232   -0.378620437046   0.0697702150679
0.891334309171   0.444264158066   0.0902912351959
0.323933009708   -0.484795836312   -0.81242870599
-0.317160140177   0.753393890971   -0.576026987675
-0.236790973591   0.796384174173   0.556509013362
0.630335937024   0.561810257313   -0.535766592159
-0.73932850704   0.223922937425   -0.635021162461
0.117648096192   -0.0433086685585   0.992110520401
0.878134104261   -0.461985009906   -0.12429941897
0.463723430933   0.88582967316   -0.0163208380132
0.0382629136961   -0.702290912114   -0.710861044225
0.969224973076   0.199207048432   -0.14463576121
0.243184911129   -0.683450090801   0.688300132488
0.130074450101   -0.513945768697   -0.847903522972
0.988719140379   0.00318245643038   0.149747565652
-0.0742637117208   -0.857816774614   0.508561974898
-0.384163236733   0.326494762267   0.863608579019
0.536056803401   0.840450664622   -0.0792829355095
-0.751705867391   0.432485665136   -0.497889986224
-0.101745652191   -0.994741128553   -0.0117434843782
-0.956051476908   0.0945117208689   0.277548388792
-0.274978900578   0.0394667174161   -0.960639881773
0.476579385102   0.137808368867   -0.868263176212
-0.234243404157   0.971838908139   0.0256741939836
0.847350055942   0.191149130519   0.495439090704
0.606997507728   -0.750398362787   -0.261641592142
0.443276581229   0.592957005509   -0.672240925675
0.659590705018   0.292068976005   0.69255744535
-0.703763683673   -0.135248554269   -0.697441399769
-0.328212668462   -0.808769293736   0.488025279848
-0.63007390186   0.572363571585   0.524792168498
0.0743469290228   -0.299511179738   -0.951191666993
0.666729949962   -0.694378104014   0.27075860557
-0.741581895659   -0.654318043369   0.148068194266
-0.897988891319   0.421725929324   0.125551549583
-0.440000737367   -0.858087536538   -0.264735964228
-0.00391180064926   -0.292972729404   0.956112795459
0.482039559469   -0.871487453461   0.0902634010417
-0.547058277734   -0.218906273869   0.807964902718
-0.684372050766   -0.438850386489   -0.582275909177
-0.597145648426   -0.16766230293   -0.784414703293
-0.448036647859   -0.74142779455   0.499547783144
-0.665342195221   0.64974931908   0.36762152496
-0.341402050483   -0.897509417021   -0.279144203387
0.939156818283   -0.337679508001   -0.0629048531464
-0.037803579186   -0.283636027745   0.958186564906
0.642222095763   0.366067333415   -0.673457858459
-0.540568498656   -0.406609982458   -0.736514779503
-0.543448689368   0.837056168708   -0.0632494462608
0.756260369682   -0.572703215797   0.316356254663
-0.502124171636   -0.818027506068   -0.28053932982
0.419453894376   0.0533106549658   -0.906209911974
-0.688887340379   -0.374360597558   -0.62071601821
-0.629329334528   -0.11603322933   0.768427536202
-0.359692675722   0.919994800359   -0.155662282986
-0.897435911522   0.184834456216   0.400555874388
0.103413663561   -0.794544810771   0.598334486609
0.428852420886   0.578389805816   0.69393863823
0.574638906077   0.150884010411   0.804378109489
-0.375475584696   -0.824709322147   0.42293335085
0.727192005539   -0.545058299053   -0.41725680068
-0.443477226055   -0.470568204047   0.762819451318
0.416265939731   -0.861867787619   -0.289666332329
0.793757278637   0.189075334205   0.578100251345
0.791258238979   0.129178869994   0.597681536268
0.182917439295   0.882671118789   -0.432935222012
-0.583482313057   0.451889937489   0.674791726939
-0.638467600977   0.517839251894   -0.569387066679
-0.0356040964478   -0.758881558019   -0.650254664892
-0.768824733486   -0.394894023879   0.502958486443
-0.588300580447   -0.374357563791   0.716769726955
-0.528867616098   0.848654875223   0.00916228156764
-0.611720092599   -0.373686121221   -0.697249748023
0.580757039746   0.50968407284   -0.63477823425
0.0547925559065   -0.802456882514   -0.594189134471
-0.812230901039   0.310298400896   -0.493959376669
0.922193734073   0.372705837458   0.103194358183
0.355046550848   -0.92172226661   0.156108968245
0.15329926147   -0.107323911408   -0.982334420894
0.686222935026   0.726875811093   -0.0273795305147
0.30158578263   -0.250062253577   0.92006243541
0.661924541892   -0.639625221973   -0.390813863952
0.226578874978   -0.176569318291   -0.957854524055
0.791161617463   0.606958729431   0.0752621805436
0.568089172988   -0.774870554742   0.277218893526
-0.294160792851   0.255055911496   -0.921094951653
-0.296563324857   0.891807709417   0.341656558219
0.908581103864   0.37366494542   -0.186694633735
-0.172610093934   0.0870725322049   -0.981134103784
0.0115532809098   -0.995837615788   -0.0904099810948
-0.984922472671   -0.0269409932405   0.17088565098
0.565270661619   -0.821397970013   -0.0759898280821
0.329839172193   0.140628046979   0.933504082953
-0.756092057623   -0.552746892585   0.350422135628
0.195077840861   0.888080500219   -0.416242310603
0.348295513837   0.334006875022   0.875859373689
0.916861424123   -0.31583608497   -0.244157114141
-0.470013966132   -0.615446341711   0.632702672758
0.162819135074   -0.764966669756   -0.623150000735
0.867511844815   -0.189873101403   0.459751459453
0.178392881274   0.472691430106   -0.862982497978
0.79969383365   0.441354145606   0.407058092388
0.573293774895   -0.762738048127   -0.299273984178
0.243851635894   0.535930391794   -0.808279032775
0.35517070592   0.726185055139   0.588650180795
0.902435676006   -0.430620344207   -0.0132653619198
0.27561148353   0.250674515385   -0.928008942566
0.774434730109   -0.629814102907   0.0598752418056
-0.569463922428   -0.735184659195   -0.367715049918
0.950145345887   0.300588953067   -0.0828860843742
0.247170488041   -0.888133200913   -0.38746118164
-0.19008043437   0.347657444521   -0.918152345605
0.744860298143   0.577243932981   0.334623038785
-0.0217766419747   -0.480218485947   0.876878545535
0.66686498942   -0.660438980975   -0.345125250156
0.608545918368   0.0173171005184   0.793329681323
0.345613407204   -0.905736604049   -0.245341755205
0.714299123616   0.423487097933   -0.557167335623
-0.747181695609   0.528506427191   -0.402989416938
-0.198563398541   0.401139889567   0.894236750395
0.634265000222   0.74817627964   -0.194782350529
-0.769836381646   -0.42868272994   -0.472845706912
0.389006908521   -0.902495721744   0.184865078793
-0.505989694181   -0.041624383303   0.861534584389
0.0348527562499   -0.977623179069   -0.207456513824
0.916108830098   -0.0517089699511   0.397581178934
-0.399411938727   -0.203909544095   0.893807026728
-0.631890698819   0.560060636598   0.535766953143
-0.637483116211   0.01760854486   -0.770263082131
-0.440828108555   -0.828264464094   0.345902524169
0.992839090128   -0.11919333323   0.00796808811009
-0.0082539730157   -0.134988677713   -0.990812761736
0.119173877356   0.983651872464   -0.135005854514
-0.469302405685   -0.8824162527   0.033118106658
-0.858157725387   0.44691878414   -0.252643857518
0.208135942058   -0.146986929194   -0.966992384804
0.104462279029   -0.984899541005   -0.138059865235
-0.0411254154552   0.134422764519   -0.990070310929
0.99367818355   0.109102770394   -0.0264622944704
0.357930627539   -0.321684981018   0.876586811934
-0.8485557779   0.279706005308   0.449129872517
-0.389664929987   -0.904590141214   -0.1728523033
0.411037913665   0.236104424967   -0.880512654106
0.444324283121   0.791496729105   0.419653260734
0.796004877471   -0.56372655457   0.220428234839
-0.448817628039   0.206727947554   0.869382707708
-0.883057342103   -0.25176390282   -0.396010944034
0.137012653867   -0.945451475718   0.295548709595
-0.777533738076   0.620142300305   0.104234416227
-0.613247602742   -0.784448011119   0.0925672489718
0.13917134721   0.00805265324195   0.990235573433
-0.598334358451   -0.746844988909   -0.290204338421
0.759885861475   -0.643784906517   0.0900803622997
-0.254105240064   -0.16662399792   0.952715576806
0.0324196786123   -0.730365160842   0.682287106918
0.847350189812   -0.341937831701   -0.40629567445
0.530043979556   0.591308084741   0.607789543063
0.991524360766   0.119354438506   0.0513221201576
-0.0776242189423   0.227461347699   0.970688320697
0.104182160863   -0.966444956173   0.234798262442
-0.756363545669   0.118744248458   -0.643283755617
0.00768201944986   0.984931048319   0.172776782681
0.654106392997   0.125740341636   -0.745878135573
0.727930651154   -0.570180259803   -0.380803674407
-0.393046322641   -0.802085957462   0.449636191938
-0.561810960528   -0.177630482106   -0.807970207655
0.0707082818815   0.917332300368   -0.391793044317
0.874582406064   0.131871901714   0.466599846274
0.479693604166   -0.375647776834   -0.792958254817
-0.390762514662   0.848720234501   -0.356340596457
0.913211211074   0.406036958463   -0.0343405348017
0.115541945212   -0.338833221379   -0.933724856147
-0.96769250384   0.243737968073   -0.0645214765195
0.162417821418   0.406872212294   -0.898930172009
-0.192851417673   -0.88036742658   -0.433314579629
0.585284025355   0.741396874861   -0.328288415285
-0.806629925161   0.491246106213   -0.328672218123
-0.0824061496466   0.457173858698   0.885551404168
-0.652329353827   0.187508304151   -0.73437527873
-0.370108471799   0.766738070505   0.524530695328
0.661427345396   0.613965281683   -0.430767338188
-0.796942604151   0.471787023934   -0.377226045941
0.431100208512   0.00678090520197   -0.902278576464
-0.423125390292   -0.881686465458   -0.208791476642
-0.972909922923   -0.143426896142   0.18131466389
0.1944424503   -0.0834243441768   0.977359970696
-0.125053650086   0.98613848128   0.109052649388
-0.585572194474   0.508970473197   0.630915416259
0.677729595868   0.734401399236   0.0365674675746
-0.444733403225   0.449002942322   -0.774989392084
0.932453848948   0.360929119608   -0.016124211656
-0.354698611677   0.906046675521   -0.230799299502
-0.0686928996092   0.220928930644   0.972867767555
0.997729604294   -0.0560890522074   -0.0372780758352
-0.0127484302773   0.386220871107   -0.92231822938
0.0661295262418   0.920699438983   0.384628949528
-0.850572229148   -0.403698233861   0.3369786625
-0.516445928871   0.52059075494   -0.679903572886
0.0990478952607   -0.752338355959   -0.651288348273
-0.339848660484   -0.788402910294   0.512760898477
-0.422656161046   -0.359020214173   -0.83214557341
0.840157519455   -0.499525111336   -0.211210808549
0.4322334235   0.279777968885   -0.857262244437
0.359984231031   0.818084431583   0.448496617837
0.826792368747   -0.502456118411   0.252887777586
0.173765077103   -0.39551939417   0.901870338139
-0.953808379469   -0.295488850224   0.0541840811351
0.245061774323   -0.869626786748   -0.428595355244
0.04783263618   -0.584466659173   -0.810006643943
0.997687599836   0.0671571843898   0.0104578065475
0.0482855262891   -0.808633808903   0.586327443542
-0.996434681857   0.0291756794694   -0.0791625196667
0.0786382905025   -0.0186993398017   -0.996727823409
-0.0305604983488   -0.999399376835   0.0163383451486
-0.596093240696   -0.127773243748   0.792683320487
0.329658817263   0.86125848543   0.386728438927
-0.73211878312   0.491841254325   -0.471268785246
-0.825623357368   0.557603858052   0.08616269061
-0.0107669724448   -0.168253379596   0.985684976328
0.564118909515   0.812876828148   0.144917625525
-0.938889733123   -0.0236272847247   0.343406203283
0.246027988084   0.651673750986   0.717489756969
-0.24074114338   0.758131303728   -0.606036820822
-0.58615297807   0.175907665227   -0.790873681199
0.527821068455   -0.657668770564   -0.537472518293
-0.614678457402   -0.732480908652   0.292646736641
0.292916433623   -0.112292965514   0.949521064964
0.739599600491   -0.60276567234   -0.299442774503
0.605964020275   0.789977109886   -0.0935081386202
-0.234604588759   -0.821424143101   -0.519829841453
-0.224760749732   0.566100535938   -0.793103264771
0.945750121498   -0.0692283203773   -0.317433689681
0.952609462474   -0.134162067833   0.273012365214
-0.204931813216   0.380222393997   0.901905695201
-0.224806948151   -0.915112818541   0.33470937454
0.998722154638   -0.0184045971326   0.0470672778047
0.0213210786265   0.997833934177   -0.0622322377228
-0.0458199677189   0.0631562396773   0.996951262574
0.892208829882   -0.395373546882   -0.218273136934
-0.229393057323   -0.813057280683   0.535085678728
-0.389027285846   -0.427337825092   -0.816112831729
0.847478303204   -0.530550549233   0.0172232490274
0.530264840181   0.847627090531   0.018641745259
-0.0244892806484   -0.00666559124791   0.99967787063
