-0.510289834005   -0.789321653869   -0.341431709197
-0.0775948454329   0.437650723261   -0.895790647636
0.856494789986   -0.430619520184   -0.284576006654
-0.163484372886   -0.855184366434   0.491866403843
0.702378605074   0.24921447496   0.666750658496
-0.692774967039   0.454479751889   0.559920530224
0.789560550365   0.208775772665   -0.577067425918
0.263879680816   0.733471080045   0.62640856379
0.554041200056   -0.64686385854   0.524028145384
0.951697130307   -0.163509174617   0.259879437397
0.0555100880234   0.92408718249   0.378128958539
-0.301978811001   -0.345438314282   0.888527528405
-0.606680926425   0.74546265858   -0.276086359993
0.323631805318   -0.0856054251627   -0.942302587161
-0.726085882041   -0.66102733366   -0.189320247349
0.570639983063   -0.709026222752   0.414308852404
0.542314420122   0.704221572932   0.458221612263
-0.616656370646   -0.0367939080182   0.786372131293
0.231661820291   -0.949961205818   -0.209538799417
-0.80152163193   -0.0643312006798   -0.594495222998
0.551267516336   0.305671725975   -0.776317539008
0.946570703899   -0.199229195654   0.253597377982
-0.112574308724   -0.941017129397   -0.319082727826
0.302210071863   0.27348581276   -0.913167335533
-0.995911047739   0.071587894412   0.0551031611144
-0.0853272331537   -0.545065429998   -0.834040131111
-0.0296723486342   -0.835331581107   0.548945080433
-0.986658625207   0.0513729745137   -0.15448486914
0.0433941600013   0.99756570049   0.0545858963734
0.156913046562   0.0471539043422   -0.986486089676
-0.88201635671   -0.239317048349   -0.405924250156
-0.469228923624   0.366974252524   0.803214862424
-0.0432592617831   0.898920045585   -0.435971774219
0.888795735558   0.0226345931188   -0.457744268831
-0.452395290113   0.203187448523   -0.868362460178
0.073352859094   0.978878202821   0.190831921086
0.212204847093   0.663699282991   0.717267289529
-0.355770902232   0.736083280963   -0.575854555084
-0.91016271512   -0.132983702928   0.392325332805
-0.462811491149   0.78628688076   0.409339058488
0.850577212119   0.263852489876   0.454862913206
0.249647611412   0.55869025831   -0.790911667246
-0.832426169767   0.543208642985   0.109503616716
-0.519162377708   -0.833601311174   0.188624705649
0.193744928862   0.100165983225   0.975925037257
-0.00434165441434   0.568160444509   -0.822906349065
0.498876495909   0.714425911417   0.490630063211
0.866662213245   -0.408398489703   -0.286543682083
0.720160643559   -0.690295512836   0.0697190965745
0.685383182291   0.69220383017   -0.226061387526
0.10778933575   0.210584810601   0.971614891118
-0.183356423113   -0.928089393713   0.32408409307
-0.965152002833   0.23257092842   0.119968223634
-0.186713774349   -0.29079346714   -0.938390710705
0.0828731613332   0.927302759406   0.365022782204
0.866618816589   -0.247906978046   0.433028817713
0.492040512422   0.28044914447   -0.824162854964
0.934962859155   0.0197994733038   -0.354192649356
-0.027327405714   -0.991454470987   -0.127558789805
-0.353691482648   0.128941897057   -0.926432038676
0.819939571462   0.144883074292   0.553812237076
-0.558859601099   -0.00695960072658   0.829233085578
0.123996150791   -0.989424306727   0.0752628450675
0.188199902927   -0.679762152426   -0.708875315318
0.980908683011   0.0941017307029   0.170185251633
-0.0489790989369   -0.727370799804   0.68449453428
-0.483845234916   0.378591218089   -0.789026284882
-0.842033488461   0.0442943875382   0.537603582152
0.238481431056   0.924503486645   0.297354855725
-0.267167945216   0.879318831319   0.394233029993
-0.173571290046   -0.446323691304   0.877877081289
0.947889390341   0.166113080366   0.271867887421
0.152324945886   0.761139924494   -0.630446767144
0.631894492157   -0.565483828534   -0.530035272833
-0.759938459115   -0.317638245505   -0.567097419629
-0.17393110165   0.44515252042   -0.878400367397
-0.920061657637   -0.3914388587   -0.0161915424553
-0.351047743229   0.805366285279   0.477651157761
0.938594568082   0.167695348984   0.301526958489
0.0264410140485   0.836404181474   -0.54747503869
-0.344007426581   0.52182977602   0.780610386375
-0.0672904837105   -0.857665862101   -0.509785503706
-0.0220003759776   0.512094842267   -0.858647107944
0.997490839185   -0.0465633064807   -0.0533280810712
0.92268810209   -0.120763767391   0.366145843547
-0.0918335935879   0.853505619073   0.512927625792
-0.374450607357   -0.506896706142   0.776429309051
-0.960683271368   -0.249450205487   -0.121910816154
0.234975398787   -0.964365260784   0.121598543401
-0.147899337651   0.0881716438257   0.985064235036
0.196472168021   -0.134744735793   0.971206745945
0.253828615198   -0.949757324289   -0.183117609927
0.947084854329   0.28249757722   -0.152398810905
-0.336282390166   -0.243545168762   0.90972518094
0.85168243446   -0.490918434066   0.183401531963
0.401934304205   0.836471662321   0.372510366617
0.627192120543   0.50550210579   -0.592534948312
0.186383490334   -0.836074528413   -0.515985055472
-0.756234909575   0.213183029298   -0.618596603255
-0.340360310903   0.093939654979   0.935590829361
0.804720016966   0.543792430747   0.23815013449
-0.486395469815   0.833945521893   -0.260680481544
0.753026396625   -0.287461108935   -0.591876133017
0.490676987661   -0.353986357518   0.796197056306
-0.438391765165   -0.889977398331   -0.125510520254
-0.993289549472   -0.0407691848202   0.108230053495
-0.092956623778   -0.275351814574   -0.956838776548
0.0688108785455   -0.960478657639   0.269714314069
0.733601789196   0.612374758641   0.294661788953
0.261799273163   -0.654791164638   0.709020219234
0.627128021588   -0.442996259229   -0.640675236643
-0.505122165219   0.393230600934   0.768258610556
-0.852210844746   -0.0866356923874   -0.515975709605
-0.136338821697   -0.915349087121   0.378876991126
0.377040655378   0.873499464273   -0.30795946179
-0.439802927999   -0.123771054256   -0.889524654325
-0.815115776265   0.470828431642   0.33750090258
0.727668394414   0.663876535626   0.172530151616
0.570393552904   -0.725354421214   0.38537275258
0.380985436175   -0.182013485957   -0.906488382911
0.608511828694   -0.790025909625   0.0746486199513
-0.743332713647   -0.534549357377   0.402136122911
-0.277794584472   -0.300193348775   -0.912531710238
0.478147863468   -0.843839629504   0.243535008446
-0.803663244709   -0.308523858676   0.508859919557
-0.354259805461   -0.439030418429   -0.825682918516
0.640506594994   -0.695969072348   -0.324620319919
0.0345480950018   -0.396167072128   0.917528244848
-0.767175163116   -0.59889790557   -0.229703216788
-0.176179229261   -0.57527164271   -0.798763679865
0.342090745994   0.725096535444   -0.597669587475
0.923003142293   -0.378546630392   0.0690481566497
0.891120093094   0.44446896824   0.0913910058752
0.324791926963   -0.4841151995   -0.81249164783
-0.316883549373   0.753710693758   -0.575764714317
-0.237139187042   0.795983361264   0.556934012751
0.630562725152   0.562228503633   -0.535060519336
-0.739023447272   0.224298012237   -0.635243847738
0.117074028558   -0.0413512276182   0.992261935081
0.877981636635   -0.462656409038   -0.122871041778
0.464157212126   0.885572765587   -0.0178594311433
0.0358978959118   -0.703964041361   -0.709327829385
0.969151466353   0.197706833794   -0.14716468033
0.24383760238   -0.682163203597   0.689345042286
0.128357347299   -0.514706663367   -0.847703628682
0.989120922666   0.00450390343598   0.147035761632
-0.0718623109792   -0.85735451567   0.509685238869
-0.384415473608   0.325035619749   0.86404663621
0.536801206199   0.840166740599   -0.0772289648639
-0.751045410527   0.434133267425   -0.497452608236
-0.100171752519   -0.994884407785   -0.0130627387313
-0.955604240819   0.0925437569404   0.279743074946
-0.277103148531   0.0405051626008   -0.959986029522
0.47699147675   0.134024073524   -0.868629195241
-0.234018551241   0.971995130416   0.0214658827754
0.847180292962   0.193036302711   0.494997512168
0.593905019063   -0.758479314376   -0.268301990295
0.44689294153   0.588317090568   -0.673921137639
0.669001888743   0.280342880435   0.68836352478
-0.703431339548   -0.134501226008   -0.697921034748
-0.328923782034   -0.808856757704   0.487401160368
-0.630074198928   0.572416077446   0.524734540628
0.0752174034672   -0.297165384095   -0.951858748298
0.666485013393   -0.695042256063   0.269655315561
-0.741714277292   -0.654682363275   0.145777001197
-0.89755057057   0.422563533575   0.125869112021
-0.440893332893   -0.857571333124   -0.264923531636
-0.00400528146009   -0.293277119284   0.956019084027
0.482163803282   -0.871474680161   0.0897215060204
-0.547513251046   -0.219798283473   0.807414363577
-0.683920541242   -0.438429693817   -0.583122711654
-0.597072862274   -0.165932214618   -0.784837879621
-0.449336709055   -0.74130252176   0.498565034
-0.664530299559   0.650336121851   0.368052183235
-0.341726544637   -0.897793038617   -0.277832014898
0.939107827819   -0.337551562541   -0.0643073118288
-0.0360479738606   -0.282889735475   0.95847479943
0.642072730864   0.36699337653   -0.673096181733
-0.54007427853   -0.406608807795   -0.736877907861
-0.544116147483   0.836651145344   -0.0628687445599
0.755801923003   -0.571734036651   0.319192174902
-0.500684480943   -0.818753639204   -0.280993823479
0.421993487779   0.052561103726   -0.905073934354
-0.688195371691   -0.376627019897   -0.620112262632
-0.629867890047   -0.114040057788   0.768284651876
-0.360074397134   0.919318744018   -0.158743426401
-0.897708254163   0.184544540249   0.40007899604
0.103240183359   -0.794662947687   0.598207542675
0.428323890238   0.578320077671   0.694323075243
0.575017663387   0.151756443477   0.803943199894
-0.374647293102   -0.824721345295   0.423643846157
0.727319800751   -0.544797838174   -0.417374200157
-0.443877498636   -0.470897388864   0.762383378207
0.41704724607   -0.86159267175   -0.289360782644
0.793123168714   0.189509147928   0.578828059186
0.789630536888   0.128470980239   0.599982351782
0.184366783864   0.882970192752   -0.431708846006
-0.585228591425   0.451507304424   0.673534445912
-0.639527387352   0.517330454571   -0.568659759083
-0.0363244885228   -0.759210809427   -0.649830345847
-0.767909664193   -0.394928028409   0.504327869561
-0.587792672144   -0.37432894631   0.717201237121
-0.530367829311   0.847731880392   0.00778618000274
-0.61090894592   -0.375803803762   -0.69682261794
0.581569730813   0.511491445484   -0.632576595677
0.0558722124666   -0.800880356879   -0.596212168476
-0.811575593568   0.311395496373   -0.494345932281
0.921524407638   0.374530197918   0.102566549006
0.35690765579   -0.920969674738   0.156306696757
0.15300225935   -0.10743364957   -0.982368728927
0.685473333188   0.72751410404   -0.0291468336407
0.302180738066   -0.247841392197   0.920468058031
0.662429702709   -0.639763919533   -0.389729414123
0.22717691683   -0.177884032424   -0.957469539708
0.791151257766   0.607011992679   0.0749408305148
0.567864716103   -0.774528057434   0.278632288964
-0.292524880671   0.252788791958   -0.922240218625
-0.299822006045   0.891550406924   0.339477004531
0.908039624069   0.375813382644   -0.185009033687
-0.173269417598   0.0883739352842   -0.98090150193
0.0155083440241   -0.995597716728   -0.0924374259249
-0.984752354753   -0.0312287368999   0.171136103148
0.565402257379   -0.820973768561   -0.0795132610707
0.332832908258   0.138886668497   0.932701854021
-0.754680424108   -0.553816363652   0.351773922881
0.196115606503   0.888356413342   -0.415164487594
0.345898205454   0.333497236231   0.877002864813
0.91754732867   -0.315598599965   -0.241876876428
-0.470476184206   -0.614157721991   0.633610647491
0.160891343547   -0.765711462063   -0.622735844831
0.867620963132   -0.191039915684   0.459061667915
0.177825367991   0.473951748228   -0.862408185751
0.798586385256   0.442584365145   0.407895654565
0.575011237962   -0.761241630549   -0.299788685804
0.242224715894   0.536295869941   -0.808525773797
0.354593743515   0.726757743462   0.58829113488
0.903100472854   -0.429196833869   -0.0141284722199
0.274572838394   0.251413159499   -0.92811700752
0.774982194109   -0.629240066911   0.058817828995
-0.569220831691   -0.735423933133   -0.367612953179
0.949962882329   0.301644789726   -0.0811230117031
0.24894557817   -0.887985668215   -0.38666206454
-0.188670668908   0.347119394266   -0.918646561425
0.744106730814   0.578767301517   0.333666875568
-0.0201582116059   -0.479776681779   0.877159040383
0.667756557184   -0.659426073427   -0.345338144465
0.608396012282   0.0164709516532   0.793462664523
0.347005409977   -0.904673751876   -0.247290614688
0.713751733928   0.425786461055   -0.556115412389
-0.747711716551   0.528402136613   -0.402142227272
-0.198251933583   0.40034911213   0.894660136168
0.633737611131   0.748673340276   -0.194588976557
-0.770750388357   -0.426358753804   -0.473457550264
0.387451908029   -0.9035577031   0.182933037296
-0.505791318443   -0.0424463216812   0.861610963233
0.0346351489307   -0.977081421015   -0.210029291209
0.915304636417   -0.0533673752002   0.399210903931
-0.401270269285   -0.20606751314   0.892478767824
-0.631381587401   0.560444418421   0.535965805767
-0.638465814542   0.0165847651593   -0.769471473952
-0.440134859733   -0.828025965429   0.34735328676
0.992956569627   -0.118217899409   0.0078599677721
-0.0081834348025   -0.134615447507   -0.990864124231
0.118195948445   0.983820720229   -0.134634721448
-0.468242850695   -0.882970980698   0.0333298667527
-0.858872480976   0.445954045491   -0.251918738352
0.207573346545   -0.146585253538   -0.967174270362
0.104709542114   -0.985076504927   -0.136602310487
-0.0395268853492   0.133126577831   -0.99031052686
0.993717030711   0.109094425683   -0.0249973830626
0.359230043948   -0.324241676082   0.875112056263
-0.848095863624   0.277909433496   0.451109468841
-0.389470386075   -0.904230989441   -0.175154606291
0.413202229303   0.234339072303   -0.879971088668
0.444775122772   0.791286457688   0.419572201226
0.79463136602   -0.564757417898   0.22273313868
-0.449357103072   0.206413571176   0.869178710941
-0.88256687797   -0.253300171133   -0.396124638484
0.138397614967   -0.945109761318   0.295996012191
-0.777766761774   0.619985056974   0.10342820412
-0.612943157075   -0.784556746695   0.0936557388009
0.139210453897   0.00944671072507   0.990217758466
-0.599414451241   -0.746131692246   -0.289809960957
0.758608663676   -0.645059781264   0.0917102720067
-0.255372690472   -0.164879884834   0.952680120785
0.0318156444597   -0.729699248128   0.683027651013
0.846587881726   -0.343584213218   -0.406495814175
0.531297208051   0.59117585853   0.6068231876
0.991614409807   0.118202234161   0.0522407322174
-0.0782854874161   0.2278000312   0.97055578317
0.10282142152   -0.966506791298   0.235143313008
-0.755896399643   0.118512906549   -0.643875239459
0.00524753713793   0.98454438381   0.175056618449
0.654670219546   0.128945908388   -0.744835455889
0.72733610493   -0.570705163198   -0.381153259418
-0.390509689231   -0.800879631017   0.45397576944
-0.56434419735   -0.181348926992   -0.805374567264
0.0691656399844   0.916844848812   -0.393206863436
0.873797822437   0.134500630032   0.467318891149
0.481345488968   -0.37590571122   -0.79183421025
-0.389614354904   0.848405418102   -0.358341877246
0.91342693954   0.405692704455   -0.0326290617957
0.117694012485   -0.340031875105   -0.933020065882
-0.968094165821   0.242554396666   -0.0629368791907
0.160697980311   0.408212375927   -0.898631634912
-0.192275441043   -0.880073872353   -0.43416602121
0.585147208043   0.741380242525   -0.328569750453
-0.806552464963   0.490048358491   -0.330644412629
-0.0841181679657   0.458484397045   0.884712490861
-0.652690428668   0.18817303961   -0.733884263007
-0.37088564084   0.765299369719   0.526080522474
0.66063533492   0.615554856915   -0.429712895296
-0.797377653683   0.471753744912   -0.37634728851
0.430350048538   0.00730936962382   -0.902632488247
-0.423069395171   -0.881700049494   -0.208847575021
-0.973013255938   -0.143343337879   0.180825582412
0.193792111899   -0.0822442910229   0.977589123282
-0.125259016181   0.986249747316   0.107803593565
-0.586938021403   0.507342297381   0.630957647009
0.67578310268   0.736187298919   0.0366804994877
-0.445893437005   0.447919696149   -0.774949668455
0.932709352242   0.360239566654   -0.0167546667184
-0.354326200815   0.906770555599   -0.228517182974
-0.0671282925184   0.219076731112   0.973395694581
0.997697022623   -0.0556709944483   -0.0387477925462
-0.0142332878965   0.386709611901   -0.922091692609
0.0663179053176   0.920519644788   0.385026647122
-0.85014968446   -0.403679961594   0.338065086367
-0.517224417778   0.520001160976   -0.679762969157
0.0986124518861   -0.752755791204   -0.650871956027
-0.340027767618   -0.787013563007   0.514772540927
-0.421036022648   -0.362060355944   -0.831649545354
0.840898201259   -0.499521721547   -0.208250485764
0.43103146802   0.277663826517   -0.858553826513
0.362569654211   0.817995209745   0.446572595083
0.826289972965   -0.503772405237   0.251909198522
0.175713659012   -0.394512205739   0.901933938579
-0.953261874581   -0.296942719768   0.0558284841844
0.245797698334   -0.869589064271   -0.428250336595
0.0481371465327   -0.583712164363   -0.810532494289
0.997698849017   0.0668894585508   0.0110818321662
0.0477474794419   -0.809200784422   0.58558882221
-0.996527268245   0.0298992720185   -0.0777138158654
0.0771571238379   -0.0193444036935   -0.996831265705
-0.0313078565965   -0.999365712629   0.0169702839347
-0.598291681113   -0.127473244238   0.791073723691
0.32887307565   0.861210779764   0.387502894094
-0.730677469492   0.49200260652   -0.473332727322
-0.825222331932   0.558391308997   0.0848955176529
-0.0121536779488   -0.167829420656   0.985741129138
0.564677244976   0.812423800487   0.145283094019
-0.939524501287   -0.0246162169769   0.341595891872
0.244083601678   0.651536349428   0.718278205688
-0.240243432531   0.75821792859   -0.606125948867
-0.58676292958   0.176892786441   -0.790201370902
0.527368635968   -0.657042681846   -0.538681015101
-0.6144848137   -0.732805469643   0.292240581361
0.292216639009   -0.112390202951   0.949725159279
0.740927225323   -0.60128921798   -0.29912894062
0.604678660663   0.791087680742   -0.0924337531246
-0.233330769988   -0.822150559449   -0.519254474583
-0.224894843672   0.56514249021   -0.793748244124
0.946033329786   -0.0684282350903   -0.316762553936
0.952929136353   -0.135529930353   0.271215226469
-0.202654338048   0.380636002954   0.90224578277
-0.225515587844   -0.914739236741   0.335253409238
0.998591033955   -0.0202278319309   0.0490589616744
0.0234598417687   0.997528873836   -0.0662252345163
-0.0475981378772   0.0672828408878   0.99659793126
0.892332525547   -0.394091486975   -0.220078539946
-0.226075488662   -0.812213830519   0.537771853986
-0.390682143535   -0.430116953173   -0.813859244167
0.846081467807   -0.532765624748   0.0175196723701
0.532462113816   0.846233923429   0.0192936307818
-0.0251047243441   -0.00699542166767   0.999660350765
