-0.509436692494   -0.791477786359   -0.337693899917
-0.0788952801389   0.433743121862   -0.897575868108
0.856883767563   -0.430615626676   -0.283408523072
-0.165707447834   -0.855244644688   0.491016944173
0.701510039338   0.247720851983   0.668220056718
-0.69312676073   0.455182356013   0.558913514182
0.790083338869   0.207623399039   -0.576767580411
0.265146158231   0.732576246542   0.626920694967
0.552689634801   -0.648247304024   0.52374574023
0.9519295936   -0.161905656605   0.260031934939
0.0533102825629   0.923509632629   0.379852566417
-0.301642275886   -0.34773052325   0.887747385577
-0.606814474777   0.746892410973   -0.271896891546
0.316593725479   -0.0866508164805   -0.944595177306
-0.729071057023   -0.659274876235   -0.183880481231
0.567712204247   -0.712885762381   0.411699821404
0.544152449057   0.700231599457   0.462140475729
-0.617738589805   -0.0383353220552   0.785448558308
0.23246193785   -0.950264604475   -0.207264635027
-0.799128056618   -0.0651409432714   -0.597621122983
0.554396786225   0.304555149343   -0.774525896554
0.946513738875   -0.198197999608   0.254615975682
-0.110841616544   -0.940809354649   -0.320299694421
0.303027850474   0.274946014984   -0.91245756651
-0.995895436713   0.0723164668562   0.0544298425024
-0.085200898567   -0.546062833853   -0.83340037699
-0.0305464566975   -0.83461710389   0.54998291235
-0.986688531671   0.0471000589855   -0.155651295892
0.0394584758788   0.997876284733   0.0518261425204
0.157761751228   0.0449944975612   -0.986451582714
-0.880597215107   -0.242444527981   -0.407147633663
-0.471654854171   0.365542151489   0.802446654938
-0.0457191785037   0.898665447392   -0.436245539095
0.888680458546   0.0205807341367   -0.458064925508
-0.4522698821   0.203817266022   -0.868280182785
0.0754916971793   0.978792600837   0.190436467629
0.214560162348   0.660937047579   0.719114841921
-0.353951259326   0.738831594537   -0.573451289069
-0.910319967239   -0.131491802217   0.392463327198
-0.465735610577   0.784300626   0.40983273307
0.848650779559   0.264620048835   0.458004458613
0.250763225762   0.561113854588   -0.788840317678
-0.83086565908   0.546440863116   0.105188591007
-0.523272597344   -0.831524135568   0.186422640355
0.189335800709   0.0998498627193   0.976822378677
-0.00433562140163   0.56428190691   -0.825570791587
0.497356122487   0.717442360819   0.487763617264
0.867535641811   -0.408487929364   -0.283759619664
0.71711299409   -0.692917114897   0.074932139896
0.688847178271   0.68830693641   -0.227427188959
0.106011879972   0.214707785541   0.970907847395
-0.178585899398   -0.929149498058   0.323710189513
-0.965540509106   0.22879378939   0.124035991598
-0.189310860257   -0.290404222068   -0.937990824046
0.0784644979053   0.928115483697   0.363929899143
0.866037959264   -0.24427473868   0.436243172045
0.493782923643   0.28094750571   -0.822950134184
0.936312490404   0.024001527131   -0.35034675253
-0.0232920216811   -0.991220026112   -0.130155067364
-0.350394637571   0.130026099418   -0.927532647097
0.820814384028   0.146021269745   0.552215117281
-0.557516822314   -0.0054933999392   0.830147466053
0.12425272556   -0.989266198421   0.0769002526112
0.18459042237   -0.681604038656   -0.708055301835
0.981559381648   0.0914408492119   0.167868256068
-0.0496745032089   -0.725985196532   0.685913943689
-0.480558284663   0.381108777635   -0.789822660254
-0.842589860754   0.0490252138834   0.536319732025
0.243117382342   0.923229455776   0.29755891919
-0.263682205888   0.88098466481   0.392858390094
-0.174127558884   -0.444053642444   0.878917490934
0.948763030232   0.163347430349   0.27049275307
0.1501260208   0.762671970869   -0.629121325922
0.631935618314   -0.563399675866   -0.532201258493
-0.760341733818   -0.317666916888   -0.566540534939
-0.168066658444   0.446508872014   -0.878853472162
-0.920816988742   -0.389388520511   -0.0217405919624
-0.351922820466   0.805609339138   0.476596182453
0.937999108253   0.163862465797   0.305461560953
0.0315464274571   0.837202584984   -0.545982284155
-0.345199211806   0.521767116633   0.780126002751
-0.0659927261609   -0.8594803004   -0.506891086248
-0.0218718673053   0.509122402665   -0.860416178675
0.997580363437   -0.045694554687   -0.0523968143834
0.922682050273   -0.123959669869   0.365091542424
-0.0886896870563   0.853279417064   0.513856376651
-0.375222565304   -0.506505909799   0.776311657664
-0.96093351259   -0.24678702496   -0.125311406878
0.231592691625   -0.964848559128   0.124225935838
-0.151563879497   0.0903516588693   0.984309386408
0.194466059832   -0.131897325397   0.972001053048
0.255726490832   -0.949834322706   -0.180051996089
0.946988338608   0.283580420625   -0.150980898056
-0.337376849018   -0.243176121693   0.909418625048
0.852488774971   -0.488694652302   0.185581317378
0.399299073746   0.837880009697   0.37217917601
0.626040377572   0.507958922433   -0.591651230684
0.186963467875   -0.83437600529   -0.518518411897
-0.757045644152   0.2139962965   -0.617322831065
-0.342728530978   0.0942113890924   0.934698544034
0.803451765499   0.544997902522   0.239671747946
-0.486828937689   0.833127541504   -0.262480637414
0.751115297232   -0.290134281533   -0.592999080053
0.490016215783   -0.356911166108   0.795297760451
-0.442391137496   -0.887939478899   -0.12591093391
-0.993355601049   -0.0339354526103   0.109968335988
-0.0965198017542   -0.274749124337   -0.95665921129
0.0626783673464   -0.960916907819   0.269648138385
0.731406714205   0.613778214526   0.297187687817
0.26386282455   -0.656566994995   0.706608937747
0.628824799317   -0.438401738656   -0.642170761797
-0.505397524997   0.393493266925   0.76794296052
-0.851810249838   -0.0853734865331   -0.516846849722
-0.137813787399   -0.915354803714   0.378329146803
0.376526773855   0.873537770872   -0.308479093993
-0.438152848512   -0.125468269348   -0.890101002543
-0.816241183666   0.470307852631   0.335500899912
0.727644151009   0.663899126263   0.172545471253
0.56920379945   -0.724759256787   0.388240974643
0.382806771353   -0.184287736566   -0.905260739212
0.608027566638   -0.790817714557   0.0700701116798
-0.74285842587   -0.53556455066   0.401661513206
-0.280113972023   -0.29627344535   -0.913103613101
0.479601794541   -0.843930470447   0.240340341442
-0.80221651087   -0.310707884609   0.509812985446
-0.355571073572   -0.437312212833   -0.826031016455
0.63984214597   -0.695422210718   -0.327093223838
0.0359712985347   -0.398054684782   0.916656169785
-0.76766405017   -0.598281218795   -0.229676923775
-0.177943904606   -0.577141787413   -0.797021532981
0.340726597254   0.723709035473   -0.60012550179
0.92316918966   -0.378355109913   0.0678679457876
0.890682743331   0.444957135808   0.0932598414478
0.326353951198   -0.48296705906   -0.812549025229
-0.316508055617   0.754159112626   -0.575383944486
-0.237702003917   0.795234349898   0.557763467857
0.630856650831   0.563021498953   -0.533878898084
-0.738591662176   0.224964709365   -0.635510217152
0.115863292437   -0.0381838572233   0.992530951917
0.877751285916   -0.463766234256   -0.12030610972
0.46489609327   0.885134381329   -0.0202175530433
0.0319458606774   -0.7067055631   -0.706786183416
0.968987128669   0.195264598738   -0.151445306807
0.245037561324   -0.68002866378   0.69102649007
0.12550960682   -0.516123982131   -0.847268182847
0.989755094338   0.00655284477643   0.142625080045
-0.0680602073786   -0.856488817962   0.511658785595
-0.385229843986   0.322706741494   0.864556722429
0.537943415908   0.839748699602   -0.0737495952379
-0.749809874958   0.436672051442   -0.497094227391
-0.097416274191   -0.995130073993   -0.0150401248892
-0.954930156455   0.0892021332332   0.283110183004
-0.280389846136   0.0419418080273   -0.958969456721
0.477616270942   0.127760720357   -0.869229484121
-0.233526617853   0.972241011028   0.0145854458187
0.846963999521   0.196021975323   0.494193655064
0.572107018759   -0.771068388542   -0.279548026783
0.451455853538   0.580609974235   -0.677554182427
0.684748984222   0.26142991032   0.680274378907
-0.702764300176   -0.133169920165   -0.698847702122
-0.330288820498   -0.808967048034   0.48629374893
-0.630104462334   0.572571469388   0.52452862552
0.0764649333845   -0.293290020331   -0.952960690657
0.666137956858   -0.696131198455   0.267696800451
-0.741898467714   -0.655272705453   0.142141989193
-0.896756329819   0.424130063799   0.126260737805
-0.442504236833   -0.856698866342   -0.26506047007
-0.00425268313995   -0.293565565744   0.95592948134
0.482537171027   -0.871360442855   0.0888192389395
-0.548234342876   -0.221391372563   0.806489284148
-0.683079046574   -0.437854814731   -0.584539286403
-0.596826343971   -0.16307021659   -0.785624859334
-0.451517676977   -0.741131801363   0.496845489449
-0.66327226877   0.651253988448   0.368697898029
-0.342383871864   -0.898184470028   -0.275749781664
0.938968911995   -0.337510418134   -0.0665139079999
-0.0333266649035   -0.281693761826   0.958925418348
0.641864435487   0.368587575615   -0.672423412411
-0.539263498457   -0.406457383795   -0.737554929745
-0.545165044449   0.836023680443   -0.0621247136853
0.755048493296   -0.570103281399   0.323858026472
-0.498322441292   -0.81997200683   -0.281639224045
0.426117961693   0.0512655493851   -0.903213887276
-0.68698404229   -0.380286568994   -0.61922132641
-0.630800318649   -0.110954509125   0.767971389374
-0.360754603062   0.91818909945   -0.16366091171
-0.895473867828   0.202297606796   0.396487364643
0.0857829821932   -0.795622372431   0.599688519527
0.43676977002   0.571017266614   0.69510535117
0.575569559722   0.153338053245   0.803247859224
-0.373187455166   -0.824761001796   0.424853402038
0.727633702647   -0.544294710008   -0.417483488809
-0.444647296546   -0.471408939575   0.761618272735
0.41820208612   -0.861191993943   -0.288886421858
0.792083200705   0.190057783997   0.580070893859
0.786905595538   0.127216083468   0.603817565014
0.186838976797   0.883466272129   -0.429626049908
-0.588107796634   0.45089179868   0.67143563014
-0.641263437878   0.516597529495   -0.56736954074
-0.0375541609963   -0.759659931451   -0.649235299055
-0.766401257979   -0.395023772787   0.506542526054
-0.586861136342   -0.374422647439   0.717914819276
-0.532875603795   0.846174290799   0.00571493396418
-0.60962086376   -0.379205420155   -0.69610750017
0.582818641392   0.514428053603   -0.629035936105
0.0576224444908   -0.798315335119   -0.599476671443
-0.810556651405   0.313139590886   -0.49491566098
0.920375329163   0.377642731938   0.101465365922
0.360103392031   -0.919686437658   0.156532435732
0.152429657598   -0.10753056962   -0.982447136533
0.68410482673   0.728678100252   -0.0320751033962
0.303293347714   -0.244196763362   0.921076047889
0.66333530833   -0.639840735634   -0.38805940492
0.227904644924   -0.180108602626   -0.956880538041
0.791218453857   0.607016317232   0.0741926471413
0.567479366231   -0.774010388738   0.280847088338
-0.289841442682   0.248985088146   -0.924120318998
-0.305178114115   0.891121578665   0.335810438644
0.907115349208   0.379353078171   -0.182299164322
-0.165298042115   0.107594382943   -0.98035708088
0.00907552775686   -0.993823282071   -0.110602526236
-0.986201902284   -0.0271796389389   0.163300566926
0.565419230395   -0.820391677969   -0.0851973510065
0.337683664668   0.13601018673   0.931381217183
-0.752509691974   -0.555390604732   0.353935643387
0.197610533468   0.888718121237   -0.413678834422
0.342261377161   0.332892626261   0.878657868049
0.918589803322   -0.315218337612   -0.23839079862
-0.471272868354   -0.612056950417   0.635049740572
0.157919271154   -0.76694223266   -0.621981603877
0.867734629568   -0.192836462345   0.458094653362
0.17663443244   0.475860066105   -0.861601691481
0.796795128231   0.444785845931   0.409002536529
0.577856211271   -0.758763961154   -0.300598486939
0.239503905776   0.536723701149   -0.809052252789
0.353793433091   0.727762817034   0.58752998974
0.904139417247   -0.426953101367   -0.0155872836924
0.272686516874   0.25274884274   -0.928310339277
0.775917565898   -0.628266072287   0.0568653967197
-0.568853227508   -0.735798725812   -0.367431953764
0.949599435412   0.303556104074   -0.0781959330382
0.252003207197   -0.887631733571   -0.385492268559
-0.186427722796   0.346357614664   -0.919391704845
0.742880321932   0.581299808023   0.331993012695
-0.0173893458082   -0.479013658537   0.877635189351
0.669198354704   -0.657751053308   -0.345741397484
0.608080560245   0.0153786019028   0.793726357667
0.349447737942   -0.902926333493   -0.250220532196
0.712828387972   0.429520121634   -0.554425968378
-0.748497353295   0.528151495067   -0.401008366956
-0.197877351571   0.399279962133   0.895220679818
0.632926746034   0.74942078307   -0.194350775808
-0.772311320526   -0.422457427539   -0.47441010329
0.384740243655   -0.905332529934   0.179855372883
-0.505480137196   -0.043620318197   0.861734935314
0.0341563247767   -0.97617791751   -0.214266233561
0.914031630159   -0.056196235971   0.401731455243
-0.404202331199   -0.209567784808   0.890338036379
-0.630466883334   0.561092484155   0.53636436612
-0.640070206877   0.0151041858974   -0.768167946374
-0.439114608374   -0.827615301812   0.349615893402
0.993132524037   -0.116726980031   0.00791213197329
-0.00787453082539   -0.13416608905   -0.990927571679
0.116729522674   0.984060096072   -0.134163876861
-0.466330230285   -0.88397055116   0.0336478974809
-0.860082795637   0.444177064862   -0.250926921035
0.206866384347   -0.145954786604   -0.967421055846
0.10520820679   -0.985362295029   -0.134135680408
-0.0369222051394   0.130920757068   -0.990705055068
0.993764551587   0.10918288741   -0.022607810711
0.361430098758   -0.328373933195   0.872661929793
-0.847301070135   0.274967435413   0.454393888614
-0.389164721242   -0.903639015017   -0.178850077664
0.416524795291   0.231461328293   -0.879165939065
0.445566850524   0.790965231429   0.419337792698
0.792450172959   -0.566391786818   0.226325136037
-0.449991098597   0.206068082644   0.868932653604
-0.881895834307   -0.255730580742   -0.396057581048
0.140597825788   -0.94453047351   0.296807068641
-0.778052617407   0.619842268686   0.102125836576
-0.612565226222   -0.784639464725   0.0954188347174
0.139276588732   0.0116821379165   0.99018460879
-0.601251090168   -0.744902131314   -0.289167669935
0.756495448052   -0.64717856481   0.0942047893043
-0.257316465951   -0.162113293762   0.952631889208
0.0306830507212   -0.728666030375   0.684181530426
0.845388140879   -0.346278909193   -0.406706046562
0.533270514524   0.590877934285   0.605380727406
0.991756772665   0.116405436005   0.0535563100025
-0.0791914408301   0.228243445217   0.970378094051
0.100733408419   -0.966620248176   0.235580296808
-0.755185594832   0.117815526529   -0.644836583227
0.00111600249421   0.983945485504   0.178465784102
0.655510085275   0.134055150089   -0.743192939174
0.726484394689   -0.571393110021   -0.381746431672
-0.386283824992   -0.799011650292   0.460830976874
-0.568335491433   -0.187324041485   -0.801189411225
0.0665722547698   0.916080786573   -0.395429042138
0.872512985816   0.138805700175   0.468459248155
0.484034321591   -0.376203362652   -0.790051773906
-0.387919215417   0.847808915897   -0.361578102817
0.913715752238   0.405237516286   -0.0301011545611
0.121004985113   -0.342056424469   -0.931855780718
-0.968741407883   0.240648162899   -0.0602374164986
0.157739618259   0.41013772636   -0.898279053662
-0.19146356699   -0.879701942199   -0.435277147811
0.585118128204   0.741177373359   -0.329078831389
-0.806295178881   0.488301260461   -0.333841225055
-0.0867459541469   0.460671227942   0.883321662355
-0.653202295533   0.189051981103   -0.733202638805
-0.372209070951   0.763087077049   0.528354540383
0.659383931115   0.618027071642   -0.428083368172
-0.798168291821   0.471655657106   -0.374791033846
0.429041452335   0.00830809226878   -0.903246593009
-0.422907566864   -0.881743679718   -0.208991083941
-0.973230100512   -0.143234425075   0.179741678336
0.192438754629   -0.0802600320247   0.978021294746
-0.125660245004   0.986429027722   0.105675333416
-0.589284997334   0.504516255546   0.631036084393
0.672414872222   0.739254675853   0.0368885326926
-0.447885511633   0.446055906945   -0.774875923196
0.93321011088   0.358897678978   -0.0176449702422
-0.353469990744   0.908047755671   -0.224740381475
-0.0646363256566   0.215966963783   0.97425890602
0.997639335086   -0.0551272849222   -0.0409480102807
-0.0164202414074   0.387492256828   -0.921726709264
0.0666793278382   0.920223197575   0.385672314126
-0.849413909047   -0.40369273353   0.339894377731
-0.518548009088   0.518864387019   -0.679623211901
0.0979998642303   -0.753532961972   -0.650064690498
-0.340375174079   -0.78457233627   0.518257648308
-0.418707421853   -0.36703941116   -0.830642020091
0.841919732371   -0.499728245965   -0.20357515671
0.428872553066   0.274163843077   -0.860756946168
0.366668611367   0.817984500534   0.443232993272
0.825604301506   -0.505703019603   0.250283825484
0.179000307364   -0.39289300287   0.901994444694
-0.952373728377   -0.299238853478   0.0586548383942
0.246866707885   -0.86953504637   -0.427744820744
0.0484819562963   -0.582614466468   -0.811301351765
0.997730095097   0.0662540457143   0.0120440343771
0.0467349681852   -0.810043693198   0.584504112782
-0.996969614765   0.0151009045638   -0.0763121872137
0.0758647350909   -0.0282664015145   -0.996717388488
-0.0172084050848   -0.999486354698   0.0270351173044
-0.601890884768   -0.127049249359   0.788407160717
0.327490195173   0.861158735554   0.388787608142
-0.7283388874   0.49220333239   -0.476716209799
-0.824565780691   0.559694311266   0.0826652965194
-0.0145413433758   -0.167029455388   0.985844668478
0.565579192196   0.811691714242   0.145865480446
-0.940558510708   -0.0262202990398   0.338618050099
0.240875254609   0.651379200115   0.719502779268
-0.23943433265   0.758299171551   -0.606344429159
-0.587783907934   0.178567419282   -0.789065114135
0.526543288426   -0.656050312671   -0.540694139656
-0.614216771985   -0.733288254383   0.291592340428
0.29101012078   -0.112430087013   0.950090829941
0.743052550035   -0.598986324466   -0.298476617155
0.602649166173   0.792827130361   -0.0907696197725
-0.231227419657   -0.823311776545   -0.518354703847
-0.225186237569   0.563616116804   -0.794750294928
0.946480342537   -0.0670417144824   -0.315721981672
0.953457145597   -0.137775938723   0.268211226869
-0.198866310788   0.381295231514   0.902810133338
-0.226653175453   -0.914128949948   0.33614967042
0.99837423639   -0.0233126418627   0.0520135063352
0.0270580483234   0.997000811842   -0.0725068493847
-0.0501671818306   0.0737963543554   0.996010718793
0.892626095276   -0.391865041492   -0.222846232386
-0.220698631556   -0.810919775161   0.541942093108
-0.393078577464   -0.434569795902   -0.810332230896
0.843761624578   -0.536421603963   0.0178377042216
0.536093770066   0.843917118739   0.0201833197476
-0.0258803127039   -0.00746722855414   0.999637159129
