-0.508915518451   -0.792729742604   -0.335536213054
-0.079653802689   0.431482678208   -0.898597779946
0.857123250645   -0.430583619751   -0.282732169386
-0.166983683829   -0.855325510104   0.490443392351
0.701000693063   0.246802978505   0.669093654227
-0.693335761129   0.455528881156   0.558371704846
0.790292591883   0.206924479955   -0.576732068477
0.265933733206   0.73214412185   0.627091886715
0.55201165636   -0.648958584531   0.523579876243
0.95206357477   -0.161157463984   0.260006194922
0.0522803118288   0.923187713251   0.380777119977
-0.301399599519   -0.348930821088   0.887358756932
-0.606931635729   0.74768735726   -0.269439427971
0.312710446737   -0.087010589533   -0.945854816455
-0.730647771537   -0.658325734803   -0.181000168078
0.566037544217   -0.715148050334   0.410078973662
0.545256235386   0.697868753617   0.464408053868
-0.618301816517   -0.0392742769362   0.784958849152
0.232963655398   -0.950445748388   -0.205866011362
-0.79771232985   -0.0656866527307   -0.599449999965
0.556222054641   0.303871918781   -0.773484895074
0.946486362527   -0.197510959358   0.255250830524
-0.109735629196   -0.940700500111   -0.320999471614
0.303515497519   0.275811511771   -0.912034183976
-0.995873111942   0.0728285337995   0.0541548666004
-0.0852735299041   -0.546608826403   -0.833034942842
-0.0310671854145   -0.834215077521   0.55056337912
-0.986701133482   0.0445358134262   -0.156324772531
0.0371007590601   0.998051717049   0.0501627727681
0.158254247531   0.0436958970281   -0.98643107297
-0.879771942985   -0.244239062233   -0.407858564721
-0.473053177196   0.364694252978   0.802009222759
-0.0471383058872   0.898524002086   -0.436385835922
0.888665582514   0.0193915399231   -0.458145665302
-0.45210151524   0.204092104805   -0.868303306843
0.0766661748985   0.978759613458   0.190136573785
0.215908264464   0.659341103763   0.72017562457
-0.352939482396   0.740401941649   -0.572047800947
-0.910394059242   -0.130668564277   0.392566406112
-0.467432192929   0.783172767911   0.41005799665
0.847535144452   0.265110690968   0.45978310153
0.251378845435   0.562455986844   -0.787687716631
-0.829928145767   0.548319196345   0.102787799781
-0.525626550997   -0.830304537624   0.185232566488
0.186911748564   0.0997017237578   0.977304233352
-0.00439202809941   0.562012850213   -0.82711683956
0.49648347648   0.71920579797   0.486052649153
0.868035061315   -0.408515087067   -0.282188865774
0.715267961983   -0.694496494299   0.0778868536221
0.690906092879   0.685974916456   -0.228226170313
0.105073847284   0.217055369434   0.970487739859
-0.175809789486   -0.929759987302   0.323476867695
-0.965760162247   0.226581405808   0.126365246639
-0.190783193539   -0.290184824818   -0.937760385444
0.0759130238208   0.928585172051   0.363272337319
0.86568309014   -0.242167277526   0.438118473864
0.494802991361   0.28121982139   -0.822244131507
0.937044331095   0.0264594351531   -0.34820657641
-0.0209189511739   -0.991081598591   -0.131604188444
-0.348583302878   0.1306030751   -0.92813388998
0.821343320078   0.146667034202   0.551256683988
-0.556705581446   -0.00464188061294   0.830696905334
0.124394719141   -0.989175026991   0.0778377789206
0.182415351272   -0.682632158126   -0.707628416835
0.981942728408   0.089787638511   0.166513237002
-0.0501310058405   -0.725225148945   0.686684327468
-0.478635125919   0.382459906559   -0.790337166096
-0.842973697119   0.0515858969484   0.535475714857
0.245568243473   0.922530929081   0.29771281915
-0.261697013032   0.881933804142   0.392055402311
-0.174482435423   -0.442749874722   0.879504649312
0.949247361386   0.161756958257   0.269748277764
0.148791070981   0.763568737581   -0.628350220963
0.63202198322   -0.562130969519   -0.533438830451
-0.760532333252   -0.317760217924   -0.566232296838
-0.164687903786   0.447264597506   -0.879108795408
-0.921236076953   -0.388204491378   -0.0249271617976
-0.352423019776   0.805761535872   0.475968867092
0.937680191164   0.161579689687   0.307648928129
0.0344960841097   0.837667539354   -0.54509000513
-0.345782994491   0.521732783513   0.779890391868
-0.0652786362084   -0.860543822913   -0.505176235092
-0.0218220483249   0.507366073273   -0.861454273829
0.997628436775   -0.0452105799367   -0.0518989942109
0.922674639069   -0.125870207104   0.36445603491
-0.0868025677647   0.853145920688   0.51439999246
-0.375681813039   -0.506259547047   0.776250247263
-0.961108095768   -0.245180238076   -0.127113646416
0.229602087454   -0.965148894695   0.125580621534
-0.153473482025   0.0915109934673   0.983906310779
0.193267090355   -0.130242250286   0.972463257931
0.256854149423   -0.949867468315   -0.1782631161
0.946928602224   0.284233616727   -0.150124859408
-0.338092579329   -0.242924681333   0.909219999231
0.852909019959   -0.487450888447   0.186916652618
0.397793428146   0.838677071674   0.371996180051
0.625396740951   0.509416287298   -0.591078643366
0.187352851544   -0.833366380634   -0.519999408315
-0.757481237672   0.214465665935   -0.616625212515
-0.344145231653   0.0943127851801   0.934167628471
0.802692721983   0.545699501356   0.240616808009
-0.487081567714   0.832656683617   -0.263504067561
0.749986124173   -0.291601048529   -0.593708381316
0.48970246993   -0.35860058113   0.794730843845
-0.444648517925   -0.886777566084   -0.126147706269
-0.993363956337   -0.0299849769044   0.111035811388
-0.0986363688011   -0.274414468713   -0.95653936987
0.0591516441037   -0.961143902088   0.269635833077
0.73009026038   0.61466634565   0.298585825557
0.265090739785   -0.657481880835   0.705297438003
0.629837368991   -0.435778452771   -0.642963473863
-0.50548457698   0.393671743389   0.76779417873
-0.851622736004   -0.0846401445505   -0.517276291214
-0.138650849104   -0.915346166424   0.378044094856
0.376271228435   0.873575145692   -0.308684997176
-0.437247287498   -0.126306365883   -0.890427712682
-0.816844399031   0.47001400699   0.33444291143
0.727556371515   0.663993983994   0.172550617177
0.5686040478   -0.724351535972   0.389877274486
0.38386346934   -0.185544715784   -0.904556242226
0.607821779784   -0.791207943896   0.0673993585756
-0.742522749603   -0.536227643443   0.401397409968
-0.281447420207   -0.294023645179   -0.913420738616
0.480467690322   -0.843969328601   0.238467127582
-0.801349607691   -0.311990922748   0.510392467007
-0.356356008524   -0.436322628915   -0.826216048431
0.639454643718   -0.695077194214   -0.328580968274
0.0368442064709   -0.399182892505   0.916130734546
-0.767945481839   -0.597930357496   -0.229649786648
-0.178945087508   -0.57825999098   -0.795986204961
0.33989894982   0.722895172093   -0.601573997174
0.923280758799   -0.378203586705   0.0671914238274
0.890385819313   0.445316542498   0.0943730350449
0.327337319772   -0.482293730808   -0.812553405203
-0.316327949841   0.754377845778   -0.575196222127
-0.238026750829   0.794761469887   0.558298729959
0.630974822566   0.563532262348   -0.533199927401
-0.738386104404   0.225356595813   -0.635610230838
0.115028698959   -0.0363767964512   0.992695888526
0.877629115646   -0.464407462326   -0.118713286144
0.465333787498   0.884874249606   -0.0214948504787
0.0296306308139   -0.708281834811   -0.705307640817
0.968867970358   0.193867215348   -0.153981683416
0.245798457545   -0.678787408023   0.691975991619
0.123857556929   -0.517027515854   -0.846960361199
0.990106084202   0.00766573717888   0.140111307537
-0.0659488257489   -0.85593445095   0.512861548626
-0.385910540823   0.321406790368   0.864737376079
0.538551832106   0.839536380099   -0.0716979122806
-0.749022682311   0.438036918074   -0.497080154288
-0.0957320333398   -0.995277198102   -0.0160834302931
-0.954573811508   0.0872125929505   0.284925958829
-0.28217763231   0.042629362747   -0.958414587355
0.477955082735   0.124128862781   -0.869569413165
-0.233175082527   0.97237655132   0.0106406452539
0.846869718302   0.197676169195   0.493696072859
0.559212761751   -0.778656078295   -0.284562469115
0.455375773013   0.575338517564   -0.679425121379
0.692758249643   0.250360344186   0.676317754913
-0.70232150766   -0.132342238368   -0.699449806506
-0.331178604556   -0.809013418556   0.485610976483
-0.630131122674   0.572697844015   0.524358606011
0.0770745891826   -0.291049548834   -0.953598273816
0.665965291577   -0.696760572777   0.266486274764
-0.741990389504   -0.65560267262   0.140126362747
-0.896259152656   0.425131977285   0.126421252842
-0.443508527228   -0.856183359808   -0.265047619616
-0.00444044559304   -0.293620258629   0.955911829703
0.482842965087   -0.871245198251   0.0882863273144
-0.548634115058   -0.222383152352   0.805944378567
-0.682541778106   -0.4375814645   -0.585370979008
-0.596621230552   -0.161407858995   -0.786123788159
-0.452802673894   -0.741046116587   0.495802774908
-0.662580444753   0.651765414966   0.369037935833
-0.34282619839   -0.89837331409   -0.274582567234
0.938859214141   -0.337571969701   -0.0677387724584
-0.0318366725612   -0.281016999136   0.959174578727
0.641760606238   0.369549482727   -0.671994422668
-0.538793775682   -0.406296078845   -0.737986967095
-0.545751400885   0.835677375625   -0.0616338567719
0.754613831539   -0.569144220064   0.326546814436
-0.496964221262   -0.820686194827   -0.281958742383
0.428467651096   0.0504878835839   -0.902145468079
-0.686249733363   -0.382358415618   -0.618759521515
-0.631360115793   -0.109277193591   0.767751847374
-0.361172683968   0.917529583701   -0.166414408595
-0.895711483543   0.202949721626   0.395616416168
0.0846231636429   -0.795680810652   0.599775764544
0.436508715176   0.570704352578   0.695526191832
0.57585319396   0.154322109995   0.802856017834
-0.372295427766   -0.824794617422   0.425570151134
0.727866205748   -0.543965555379   -0.417507198849
-0.445148049485   -0.471685016287   0.761154688253
0.418797451558   -0.860989908523   -0.288626180361
0.791487149995   0.190288262464   0.580808461165
0.785309295606   0.126448917221   0.606052787774
0.188306418043   0.883753670382   -0.428392510452
-0.589771144732   0.450544250236   0.670208829709
-0.642262966725   0.516230050978   -0.566572869136
-0.0382865397738   -0.759868177284   -0.648948760707
-0.765527545191   -0.395103641615   0.507799852242
-0.58627399578   -0.374547415948   0.718329336084
-0.534340913156   0.845256438797   0.00461965359555
-0.608902775819   -0.381124370617   -0.69568787809
0.583491345869   0.516102062133   -0.627037886223
0.0586188575829   -0.796851742007   -0.601324480457
-0.810001036316   0.314111385854   -0.495209408679
0.919685740588   0.379499676977   0.10078756735
0.362020867162   -0.918920002194   0.156610731774
0.15204943373   -0.107545454304   -0.982504424907
0.683252638238   0.729400426936   -0.0337764640851
0.30400798963   -0.242106924647   0.921392087701
0.6638862663   -0.639811889717   -0.387163752429
0.228192009406   -0.181428532588   -0.956562645312
0.791299433496   0.606977560157   0.0736440630031
0.567250926304   -0.773732466056   0.282071724173
-0.288296692853   0.246749403299   -0.925202544777
-0.30826856123   0.890869167538   0.333650446557
0.906562469467   0.381401177636   -0.180769551227
-0.165602638511   0.109373452713   -0.980108776596
0.0120313664725   -0.993533013981   -0.112904368166
-0.986119167413   -0.0304893091419   0.163215776471
0.565324805829   -0.820115819049   -0.0884189304405
0.340442394491   0.134342271602   0.930618681359
-0.751336702117   -0.556203377737   0.355149211805
0.19836483467   0.88887667427   -0.412976573554
0.340327458002   0.332668461331   0.879493556637
0.919145588955   -0.315007861448   -0.2365194147
-0.471749843965   -0.610848000613   0.635859107717
0.156308511908   -0.767662276   -0.62150002342
0.867767096533   -0.193802348162   0.457625300898
0.175818605658   0.476868794968   -0.861210758346
0.795784839098   0.446137795708   0.409496711955
0.579494872942   -0.757335605677   -0.301045632102
0.237915223388   0.536875366941   -0.809420278256
0.353411024377   0.728376482112   0.586999444765
0.904708237129   -0.42571415372   -0.0164458199411
0.271501606198   0.253579390354   -0.928431134021
0.776476177567   -0.627686500516   0.0556273560389
-0.568657738453   -0.736007574592   -0.367316248811
0.949356726344   0.304746497155   -0.0764943044735
0.253835553812   -0.887369275144   -0.384893856994
-0.185173750209   0.345984597926   -0.919785485986
0.742177969081   0.58277498238   0.330976105063
-0.0157359782069   -0.478555820809   0.877916115218
0.670018090204   -0.656778232192   -0.346003052757
0.607861006804   0.0149013498933   0.79390361265
0.350938280625   -0.901916668934   -0.251771017972
0.712283173744   0.431652953274   -0.553469428542
-0.748904200589   0.527967363753   -0.400490900211
-0.197735779778   0.398782148369   0.895473818455
0.632489572828   0.749815484606   -0.194251587664
-0.773242108506   -0.420168653336   -0.474926251524
0.383097507044   -0.906368840258   0.178134290651
-0.505304800817   -0.0442021284884   0.861808116757
0.0338122938812   -0.975650488861   -0.216709142326
0.913323471046   -0.0578833638263   0.403100177907
-0.405828739765   -0.211555287755   0.889127321706
-0.629899136309   0.561474783058   0.536631294342
-0.64098775129   0.0143590267233   -0.767416784445
-0.438590675657   -0.827369256343   0.350853720067
0.993225550405   -0.115922402025   0.0080624271853
-0.00759482108362   -0.133993579017   -0.990953096506
0.115953976715   0.98417870201   -0.133966256173
-0.4651393082   -0.884591281145   0.0338184755686
-0.860798939441   0.443053598375   -0.250456972003
0.206568656443   -0.145608290594   -0.967536880892
0.105540045927   -0.985524508565   -0.132675324468
-0.0354348164458   0.129608564415   -0.99093188152
0.993783513895   0.109284322056   -0.0212429862229
0.362730745269   -0.330724405309   0.871233478564
-0.846821838886   0.273275575213   0.456303882493
-0.388997660177   -0.903294983782   -0.180939196007
0.418323371134   0.229810790388   -0.878744876391
0.446048621171   0.790793498013   0.419149461471
0.791230803694   -0.567302956207   0.228300615777
-0.450228216048   0.205953592297   0.868836964737
-0.881578276853   -0.257079425678   -0.395891286433
0.141824875303   -0.944189221879   0.297308624215
-0.77816523774   0.619821813431   0.1013892616
-0.612412064672   -0.784635824742   0.0964265812775
0.139320945366   0.0129438065124   0.990162679591
-0.60234872482   -0.744158655911   -0.288797348569
0.755265538468   -0.648417750535   0.0955425936105
-0.258360175163   -0.160568725548   0.952610993148
0.0299598392965   -0.728103697882   0.684811954598
0.844724010125   -0.34782363554   -0.406767827241
0.534362942903   0.590663799205   0.604625935237
0.991836015699   0.115420352006   0.0542167898912
-0.0796239972495   0.22844939688   0.970294229668
0.0996059085859   -0.966689720339   0.235774569381
-0.754800146502   0.117250031057   -0.64539071039
-0.00133161178897   0.983619133967   0.180254337267
0.655953478267   0.136915410055   -0.742279734897
0.726055110459   -0.571702523995   -0.382099726033
-0.383822755262   -0.79799252533   0.464637516846
-0.570547166429   -0.190693873986   -0.798818989074
0.0650512896778   0.915655757543   -0.396664673734
0.871772589267   0.141280629043   0.469097363519
0.485572736378   -0.376316778173   -0.789053103505
-0.387045430283   0.847422564631   -0.363415508544
0.913848086759   0.405033684734   -0.0287991068832
0.122790509501   -0.343253129897   -0.931181926152
-0.969108835633   0.239563556693   -0.0586290627881
0.155960714594   0.411103045815   -0.898148395993
-0.191061037897   -0.879547376794   -0.435766097548
0.585206620517   0.740970370086   -0.329387495144
-0.806077397198   0.487416626754   -0.335654974178
-0.0881614486596   0.461939327853   0.882518904247
-0.653452730315   0.189446160536   -0.732877671581
-0.372998958542   0.761891456608   0.52952165704
0.658689081563   0.619379980792   -0.427196831945
-0.799401903905   0.475267476979   -0.367528803441
0.421418744756   0.00756438332876   -0.906834616495
-0.428208871465   -0.879808845961   -0.206333606007
-0.973379498871   -0.143184945018   0.178970452023
0.19151054021   -0.0791005903509   0.978297914541
-0.125920864694   0.986529861751   0.104416319167
-0.590691531248   0.502808086408   0.631084418405
0.670382050667   0.741092117067   0.0370186461812
-0.449078413036   0.444934267352   -0.774830353485
0.933541534401   0.358012955498   -0.0180811294761
-0.352846514984   0.908830187858   -0.222546683871
-0.0632419197303   0.214136436259   0.97475435175
0.997604395337   -0.0548886290147   -0.0421035486428
-0.0175483359056   0.387931291075   -0.921521225644
0.0669143206674   0.920052472313   0.386038756966
-0.848970793562   -0.40371816375   0.340969552801
-0.519329337528   0.518119630932   -0.67959479635
0.0977017444204   -0.754031625531   -0.64953112076
-0.34059783665   -0.783083318475   0.520359135594
-0.417535700997   -0.369904284305   -0.829960697169
0.842411450576   -0.499951334411   -0.200976643317
0.427530951027   0.272126323314   -0.862069921801
0.368955487496   0.818050442469   0.441208932166
0.825281245492   -0.506695902624   0.249339383378
0.180936848153   -0.391975981232   0.902007032743
-0.951865752284   -0.300516147933   0.060345956456
0.247413513393   -0.869508409947   -0.427482956879
0.0485974515776   -0.582056721782   -0.811694684182
0.997754686978   0.0657856747868   0.0125630253331
0.0460854891788   -0.810482706553   0.58394683839
-0.995174030707   -0.010288095705   -0.09758485381
0.0979950463279   -0.0529029884963   -0.993779776763
0.00506157105448   -0.998546658346   0.0536558627135
-0.60396393085   -0.126836199759   0.786854591816
0.326644250483   0.861143370142   0.389532578466
-0.727001446943   0.492285155668   -0.478669219452
-0.824183119443   0.560457595642   0.0812986415156
-0.0159794826085   -0.166512423981   0.985909868495
0.566097908281   0.811271160678   0.146192551425
-0.941152101519   -0.0271256796833   0.336893038379
0.239020571745   0.651318767072   0.720175693802
-0.238960013578   0.758319234335   -0.606506430922
-0.588388084062   0.179554806322   -0.788390470554
0.526027403225   -0.655493615876   -0.541870178735
-0.61408031526   -0.733544948229   0.291233884254
0.290285769509   -0.112386689405   0.950317528022
0.744247008858   -0.597725703699   -0.298027470115
0.601523533893   0.793784111192   -0.0898678084281
-0.23001075126   -0.823962432155   -0.517861916637
-0.225407610551   0.562764675133   -0.795290720132
0.94672406931   -0.0661953987828   -0.315169328726
0.953762519289   -0.139071740254   0.266450948324
-0.196655051971   0.381668964614   0.903136530091
-0.227296826494   -0.913776697292   0.336672392917
0.998248298922   -0.0251376546084   0.0535577447278
0.0291743595519   0.996682919972   -0.0759737703511
-0.051470287004   0.0774031999171   0.9956704044
0.892841045567   -0.39051768584   -0.224345279419
-0.217635382619   -0.810223265687   0.544217879136
-0.394296471686   -0.437074589499   -0.808391053656
0.842411167639   -0.538536579257   0.0179381559403
0.538197536224   0.842566959522   0.0205992893915
-0.0262075683541   -0.00769880009737   0.999626876308
