-0.508359875467   -0.794010610419   -0.333342747869
-0.08042336297   0.429175940869   -0.899633311115
0.85738108196   -0.4305289332   -0.282032831377
-0.168288125456   -0.855436742541   0.489803109772
0.700470097126   0.245828697908   0.670007383778
-0.693556594564   0.455846718532   0.557837807378
0.790444887813   0.206185386623   -0.576788059579
0.266776895098   0.731760565213   0.627181443796
0.551386404957   -0.649626093643   0.523410900618
0.952199910977   -0.160519274862   0.259901696671
0.0513982632423   0.922868381713   0.381670235373
-0.30112048763   -0.350067868323   0.887005602856
-0.60707759651   0.748474684286   -0.266912792496
0.308877936687   -0.0872156969877   -0.947094421073
-0.732155183034   -0.657403277434   -0.178240620439
0.564338204254   -0.717474608246   0.408353496057
0.546408999118   0.695420240176   0.466720360855
-0.61883729437   -0.0402601052664   0.784486792127
0.23350175787   -0.950633084728   -0.204386074117
-0.796244918345   -0.0662935778497   -0.601331182915
0.558095833241   0.303153261169   -0.772416429888
0.946463140442   -0.196747888579   0.255925364365
-0.108537303243   -0.940596659563   -0.321710394337
0.304018383639   0.276709581257   -0.911594553544
-0.995841470795   0.0734074251648   0.053954749334
-0.0854462264418   -0.547148937708   -0.832662586137
-0.031602332697   -0.833810164184   0.551145990344
-0.986710407101   0.0418513904068   -0.157006476424
0.0346350534539   0.99822634251   0.0484208859048
0.158754482111   0.0423394643398   -0.986409845941
-0.878929607352   -0.246051747464   -0.408584486845
-0.47447122086   0.363816713149   0.801569996825
-0.0485778333861   0.898385182872   -0.43651375385
0.888687059988   0.0181840542778   -0.458153521847
-0.451862610455   0.204314954815   -0.868375253281
0.0778170333753   0.978736297176   0.189788750741
0.21727046794   0.657716186318   0.721250970201
-0.351935564191   0.741988200827   -0.570609208207
-0.910458622024   -0.129857337444   0.392685840709
-0.469161807218   0.782039689271   0.410245198694
0.846397639844   0.265639527622   0.461569796056
0.251988559094   0.563781487607   -0.786544468112
-0.828948238751   0.55023833521   0.100412110515
-0.52800826861   -0.829049727008   0.184075578032
0.184532072419   0.0995707015863   0.977769701737
-0.00449005195388   0.559684031445   -0.828693926838
0.495596315077   0.721014943066   0.484274451481
0.868541381809   -0.408523239021   -0.280614738146
0.713334730854   -0.69614359765   0.0808557555699
0.693036730254   0.683547761071   -0.229047045068
0.104180863295   0.219423220709   0.970051440872
-0.172970999126   -0.930380787005   0.323222252688
-0.965980067782   0.224307557605   0.128719183687
-0.192259049485   -0.289961567751   -0.937527998045
0.0733163506275   0.929062027422   0.362585799409
0.865308260626   -0.240018862114   0.440036998356
0.495849096827   0.281486580554   -0.821522354014
0.937755780621   0.0289841684193   -0.346083824952
-0.0184723280068   -0.990938100369   -0.133043054441
-0.346803790364   0.131154867305   -0.928722526792
0.821898956522   0.147312767727   0.550255444073
-0.555853061931   -0.00378021475242   0.831271967239
0.124537057975   -0.989082735893   0.078777298442
0.180138541523   -0.683655180818   -0.707223938791
0.982337249522   0.0880254446954   0.16512131688
-0.0506323420372   -0.724477132025   0.68743672517
-0.476661790099   0.383768239736   -0.790895363515
-0.843405889151   0.0540761318513   0.534548667672
0.247911363203   0.921844732118   0.297896367652
-0.259695401188   0.8828910107   0.391231084944
-0.174864023139   -0.441426475153   0.880093881609
0.949726735442   0.160144092177   0.269022299684
0.14739029326   0.764488198043   -0.627561866676
0.632148604802   -0.560798263439   -0.534690049627
-0.760699837583   -0.317904235229   -0.565926368289
-0.161255628286   0.44801933855   -0.879360730662
-0.921652621203   -0.386993177168   -0.0281554018745
-0.35292076756   0.805924905379   0.475323025651
0.93736931832   0.159214908263   0.309821519684
0.0374958805723   0.838143321631   -0.544159748001
-0.34631318198   0.521695682742   0.779679930866
-0.0645720166464   -0.861635789296   -0.50340264329
-0.0217879711297   0.50555246975   -0.862520715487
0.997675167066   -0.0447265797397   -0.0514178381938
0.922664093489   -0.127859099166   0.363789803797
-0.084832841399   0.853006720135   0.514959148307
-0.376157360165   -0.505995638485   0.776192021492
-0.961307638187   -0.24349174392   -0.128838640969
0.227543923228   -0.965469332467   0.126857128566
-0.155278420155   0.0926322768192   0.983518110421
0.192019435173   -0.128549901268   0.972935485734
0.258024031994   -0.949892797786   -0.176429225547
0.946864370134   0.284918577137   -0.149228914668
-0.338877305479   -0.242643087049   0.909003027574
0.853308128974   -0.486207032573   0.188329388317
0.396266840474   0.839480228346   0.371813847721
0.62475463201   0.510925898118   -0.590454381316
0.187782150648   -0.832317700704   -0.52152191612
-0.757904686409   0.214946439207   -0.615937102789
-0.345624309474   0.0943780795682   0.933614810721
0.801900237368   0.546417885969   0.241626784942
-0.487339559249   0.832178029024   -0.264537108931
0.748819973643   -0.293040789721   -0.594470977115
0.489429657821   -0.36031769962   0.794122009131
-0.446908555656   -0.885606148861   -0.126390236892
-0.993350074567   -0.0259670587238   0.112166577994
-0.10083029561   -0.274080203974   -0.956406447739
0.0555777009678   -0.961356205395   0.269639324848
0.728721505499   0.615619178759   0.29996332137
0.26636581313   -0.658338400879   0.704016905708
0.630883682638   -0.433132285418   -0.643725253745
-0.505523455441   0.393867307238   0.7676682749
-0.851462750192   -0.0838914332773   -0.517661484426
-0.139489143069   -0.915330962937   0.377772427864
0.376038059561   0.873625420533   -0.308826816128
-0.436356976478   -0.127060028082   -0.890757171368
-0.817427652359   0.469717334002   0.33343314067
0.727417928036   0.664145840209   0.172549879468
0.568053021821   -0.723892643957   0.391529314899
0.384940154273   -0.186787962563   -0.903842538648
0.607662219086   -0.7915590737   0.0646595726769
-0.742138105895   -0.536955541599   0.401135610642
-0.282803216522   -0.291741288112   -0.913733747618
0.481364640113   -0.844000584583   0.236539841194
-0.800446273994   -0.313310685036   0.511001151751
-0.357174811118   -0.435315320045   -0.826393808324
0.639055546667   -0.694706638242   -0.330137388153
0.0377676509123   -0.400358314714   0.915580048048
-0.768232785566   -0.597575021752   -0.229613763873
-0.179948803978   -0.579424429246   -0.794912422057
0.339028079855   0.722058841728   -0.603067981369
0.923405863646   -0.378018994068   0.0665075266977
0.890052601475   0.445735241372   0.0955325138714
0.32839730029   -0.481602725954   -0.812535554616
-0.316167012462   0.754572003822   -0.575030009024
-0.238360890812   0.794256364914   0.558874684098
0.631054119004   0.564087257132   -0.532518793311
-0.738210528657   0.22574851746   -0.63567509173
0.114088890544   -0.0345468869805   0.992869698226
0.877512060955   -0.46505919458   -0.117015077724
0.465785688844   0.884605255544   -0.0227427775528
0.0272495355614   -0.709882186842   -0.703793111373
0.968728628571   0.192452667484   -0.156610392262
0.246621789381   -0.677516975125   0.692927443113
0.122172888789   -0.518006067849   -0.846607051067
0.990452194096   0.00874738433066   0.137578830052
-0.0638610715216   -0.85533221437   0.514128939669
-0.386751835169   0.32011837992   0.864839430664
0.539130197916   0.839342964129   -0.0695846122429
-0.748172204568   0.439349076935   -0.497202917236
-0.0939483750459   -0.995430558976   -0.0170793759317
-0.954233933505   0.0851413673344   0.286685450827
-0.283921297148   0.0432313523317   -0.957872510933
0.478289243677   0.120425024926   -0.869906439081
-0.2327667487   0.97250985653   0.00664978584415
0.846793386891   0.199304772456   0.493171945263
0.546760942749   -0.785278972243   -0.29049854946
0.457150055536   0.570655112893   -0.682177813222
0.701474374591   0.240186756261   0.671002253282
-0.701834210919   -0.131454498359   -0.70010603143
-0.332154559489   -0.809049047233   0.484884509737
-0.63016036768   0.572851947743   0.524155088664
0.0776113628035   -0.288769470971   -0.954247697927
0.665807499048   -0.697403239375   0.265196334666
-0.742076040966   -0.655927522173   0.138138463437
-0.895725935118   0.426218190899   0.126542889583
-0.444582217183   -0.855650431526   -0.264969792985
-0.00465846773031   -0.293599034019   0.955917311226
0.483217312259   -0.871093835174   0.0877300373624
-0.549027760286   -0.223447275099   0.805381793739
-0.681960077695   -0.437340651636   -0.586228289029
-0.596371451204   -0.159706574189   -0.786660601753
-0.454132017955   -0.740963598393   0.4947090621
-0.661895159717   0.652278127808   0.369361667646
-0.343318637053   -0.898541688802   -0.273413874808
0.938727797659   -0.337691412858   -0.0689538366194
-0.0303716208734   -0.280334341755   0.95942181624
0.641663854453   0.370561064123   -0.67152959402
-0.538311906322   -0.40608441371   -0.738454968467
-0.546340360398   0.835332237315   -0.0610922572979
0.754170147773   -0.568157647256   0.329278417259
-0.495588045318   -0.821419024439   -0.282246834575
0.430836253751   0.0496756897654   -0.901061844881
-0.685479213808   -0.384437311809   -0.618325319493
-0.631943414408   -0.107643714153   0.767502672171
-0.361615498041   0.916853741931   -0.169155098901
-0.89596907126   0.203628542434   0.394683214808
0.0834027513737   -0.795734828972   0.599875039508
0.436214860371   0.570387148056   0.695970614986
0.576119377847   0.155368838699   0.802463074808
-0.371354898236   -0.82483618318   0.426310697113
0.728135977703   -0.543604447074   -0.417507129395
-0.445695115551   -0.471950755316   0.7606696711
0.419352699387   -0.860805459198   -0.288370031266
0.790885059596   0.190463765511   0.581570611823
0.783667412825   0.125642550695   0.608341462939
0.189823443573   0.884046944521   -0.427115979745
-0.591466352674   0.450194346187   0.668948880196
-0.643279618715   0.515895052817   -0.565723984487
-0.0390468340254   -0.760043011234   -0.648698671053
-0.764634995863   -0.39520490325   0.509064246976
-0.585643411022   -0.374721175853   0.718752972512
-0.535843065109   0.84431004102   0.00357270304471
-0.608189119191   -0.383046465849   -0.695256355813
0.584140919238   0.517790292148   -0.625038078703
0.0596225888853   -0.795374841888   -0.603178255399
-0.809459408103   0.315074712169   -0.495482988997
0.918964662182   0.381432674972   0.100065299305
0.364024444591   -0.918120731174   0.156654162817
0.151625042131   -0.10753342481   -0.982571325221
0.682346763301   0.730165424611   -0.0355154517871
0.304788266486   -0.239996544979   0.921686373454
0.664459936509   -0.639734406688   -0.386306719685
0.228394005482   -0.182799908941   -0.956253298844
0.791409023254   0.606912088228   0.0730032538627
0.567016698318   -0.773460994785   0.283284580192
-0.286725742278   0.244445540174   -0.926301639103
-0.311415323372   0.890606934618   0.331420856886
0.905985013719   0.383491415678   -0.179235847467
-0.165936226793   0.111140845641   -0.979853499799
0.0150055374662   -0.993229073167   -0.11519914089
-0.98602231338   -0.0338189391718   0.16314495662
0.565157309672   -0.819875762352   -0.0916566944148
0.343219839688   0.132638271137   0.929842583814
-0.750198211787   -0.556965729051   0.356359116194
0.199060277619   0.889001314839   -0.412373214563
0.338476446201   0.3325288349   0.880260341789
0.919678585834   -0.314803488188   -0.234712723523
-0.472244634188   -0.609614035623   0.636675532004
0.154743303906   -0.768408539806   -0.620969263209
0.86777849442   -0.194728127208   0.457210499767
0.174905438193   0.477826305342   -0.860865906872
0.794778947255   0.447560153969   0.40989795508
0.581149303269   -0.755891480639   -0.301485583083
0.236289935356   0.536960525341   -0.809839774693
0.353077719699   0.729024575185   0.586395167638
0.905264154986   -0.424495657224   -0.0173276281124
0.270226804172   0.254463787569   -0.928561066986
0.777057926505   -0.627083360096   0.0542903154107
-0.568470274652   -0.736216435776   -0.367187835487
0.94908688887   0.306016051609   -0.0747546221523
0.255744904673   -0.887061901543   -0.384338036844
-0.183925585794   0.345652077946   -0.920160866317
0.741466248697   0.58428529132   0.329906805613
-0.0140151435652   -0.47807838069   0.878205350512
0.670843780469   -0.655783318074   -0.346290141272
0.60761098835   0.0145201029585   0.794102042213
0.352513232162   -0.900886540412   -0.253254540838
0.711718559536   0.43381171943   -0.552507089636
-0.749284986765   0.52775363477   -0.400060132475
-0.197645052645   0.398357362781   0.895682892928
0.63206680167   0.750191650517   -0.194175296371
-0.77421021509   -0.417816008125   -0.475424364336
0.381373769786   -0.907430058665   0.176422040435
-0.5051263115   -0.0447266362034   0.861885686993
0.0334141411595   -0.975109634215   -0.219191004451
0.912621381173   -0.0596378852794   0.404432364265
-0.407437982761   -0.213552157332   0.887913152455
-0.629294160047   0.561868791766   0.536928599509
-0.641914546148   0.0136784152912   -0.766654170013
-0.438103384573   -0.827113270233   0.3520640036
0.99331461919   -0.115139947441   0.00829818097267
-0.00723994994865   -0.13387887771   -0.9909712555
0.11521132943   0.98428615687   -0.133817453887
-0.46386728494   -0.885252618435   0.0339844599413
-0.861540085915   0.441842854039   -0.250047140949
0.206339095484   -0.145267662916   -0.967637062015
0.105905880043   -0.98568772909   -0.131162667305
-0.0339337020945   0.128245124354   -0.991161788984
0.993796985523   0.109420696405   -0.0198661210013
0.364074034691   -0.33309292955   0.869769623261
-0.846320046714   0.271558012664   0.458256068468
-0.388834766698   -0.902942603958   -0.183036002374
0.42007482968   0.228135443615   -0.878345807092
0.446555565286   0.790628637955   0.418920617727
0.790015990079   -0.568208215544   0.230248038444
-0.450383715266   0.205891915775   0.868770987109
-0.881301923142   -0.258413455511   -0.395637973756
0.143043452456   -0.943838442229   0.2978381535
-0.778242646005   0.619844815658   0.100651817875
-0.612301675582   -0.784595760212   0.0974481971962
0.13937374939   0.014209066099   0.9901378997
-0.60349566591   -0.743376192607   -0.2884177829
0.754004616093   -0.649692886801   0.0968307376363
-0.259364647048   -0.159031409179   0.952595922076
0.029179811127   -0.727555165785   0.685428347358
0.844069746863   -0.349382941927   -0.406789653655
0.535438886385   0.59041937691   0.603912376357
0.991914686139   0.114452815706   0.0548252532967
-0.0800071036773   0.228633024357   0.970219461532
0.0985094857528   -0.966761342395   0.235941492889
-0.754420404088   0.116564686043   -0.645958611572
-0.00386439874298   0.98329983259   0.181951932256
0.656380164477   0.139764491904   -0.741371004615
0.725658136594   -0.571960123811   -0.38246814974
-0.381306952311   -0.796994531362   0.468406580972
-0.572734909809   -0.194065282183   -0.796437938158
0.0634912548665   0.915231431056   -0.397894820478
0.87101894811   0.143791620317   0.46973392677
0.487129194966   -0.376397924456   -0.788054407942
-0.386231161757   0.84699888152   -0.365264814061
0.913958888344   0.404867993211   -0.0275872885696
0.124517629697   -0.344492093924   -0.930494791559
-0.969479517137   0.238464921892   -0.0569556571204
0.154096862986   0.411984260893   -0.898066325833
-0.190692481941   -0.879433596017   -0.436156998714
0.585371227416   0.740699283647   -0.329704560658
-0.805806789438   0.486606124217   -0.337475773902
-0.0895318055786   0.463226781478   0.881705735895
-0.653675049038   0.189769449013   -0.73259571831
-0.373822562411   0.7607304307   0.530608993175
0.658001232595   0.620706668264   -0.426330399896
-0.799921663301   0.475408899574   -0.366212657875
0.420336551978   0.00833087624703   -0.907330027924
-0.428301897792   -0.879725511002   -0.206495786011
-0.973548259825   -0.143141769457   0.178084866364
0.190464400328   -0.0779152729347   0.978597221767
-0.126202606941   0.986630449601   0.103117689661
-0.592159557313   0.501015862286   0.631134030473
0.668249790802   0.743008426585   0.0371577060211
-0.450321302824   0.44375847458   -0.774783286127
0.933908528151   0.357034599822   -0.0184703972787
-0.352120694405   0.909658208476   -0.220301975308
-0.0618536790958   0.212245702625   0.975256829814
0.997568029019   -0.0546973902122   -0.0431998030411
-0.0186031868099   0.38836846393   -0.92131637219
0.0671710422677   0.919879411515   0.386406417328
-0.848508482843   -0.403754552353   0.342075453661
-0.520133848686   0.517299534799   -0.67960427511
0.0974378468291   -0.754575014661   -0.648939452688
-0.340836696793   -0.781512743275   0.522559258093
-0.41646024084   -0.372815638926   -0.829198026512
0.8428470881   -0.500246270822   -0.198399734399
0.426098599725   0.270035896005   -0.863435346845
0.371229710137   0.818168218377   0.439077747956
0.825002112496   -0.507623267106   0.24837498479
0.182934504248   -0.391053452455   0.902004525753
-0.951351246724   -0.301783771888   0.0621076515628
0.247922916474   -0.869484762574   -0.427235854228
0.0486558367076   -0.581541859272   -0.812060142766
0.997784137326   0.0652391627134   0.013063956122
0.0453808864544   -0.810896366722   0.58342750842
-0.99520551281   -0.0121672763225   -0.0970460955367
0.0975722427623   -0.054970237756   -0.993709177981
0.00675608720775   -0.99841385725   0.0558938720944
-0.606074712668   -0.126640040483   0.785261576044
0.325748277266   0.861138287862   0.390293362788
-0.725645576382   0.492344543307   -0.480661365363
-0.823786952885   0.561247308282   0.0798530851195
-0.0174857416639   -0.165948278179   0.98597942058
0.566629777805   0.81084069207   0.14651985186
-0.941755460497   -0.0280279627622   0.335128461828
0.237131677111   0.651274505676   0.720839847655
-0.238464295722   0.758324436874   -0.606695004187
-0.589016847802   0.180568615056   -0.78768910635
0.525477269106   -0.654935889604   -0.543076992849
-0.613948526066   -0.733794218951   0.290883570481
0.289529093233   -0.112293254347   0.950559376998
0.745440162732   -0.596491385591   -0.297518051052
0.600409750052   0.794725268218   -0.0889937081971
-0.228769380679   -0.824609655124   -0.517381374945
-0.22568058786   0.561921367824   -0.795809429855
0.946959789393   -0.0652938975612   -0.314648795031
0.954072932423   -0.140392395537   0.264640916893
-0.194385125933   0.382049107728   0.903467156072
-0.227945744498   -0.913415816898   0.337212519053
0.998119126989   -0.0270266661671   0.0550251547351
0.0313553862365   0.996350472261   -0.0793887660758
-0.0526787252284   0.0809647808678   0.995323895105
0.893090197375   -0.389102029691   -0.22580856902
-0.214542806706   -0.8095501226   0.546443028219
-0.395425446125   -0.439577307751   -0.806480320323
0.841029360312   -0.540690383436   0.0179867827402
0.540342034178   0.84118455011   0.0209532516836
-0.0264594254343   -0.00790328508579   0.99961864573
