-0.514453113079   -0.772786319256   -0.371670871973
-0.069794267416   0.469722539186   -0.880050837994
0.854673445225   -0.426804423332   -0.295586287975
-0.138582274318   -0.86240541935   0.486879706383
0.711748957634   0.255114406347   0.654469311237
-0.688627898693   0.43723398447   0.578461825848
0.770252108574   0.21793679893   -0.599345684052
0.258558183908   0.75237596035   0.605869710445
0.582974553108   -0.621638178825   0.52316981554
0.949543297291   -0.197724714875   0.243459299207
0.103085458279   0.929874241352   0.353139132261
-0.296210885048   -0.310223788023   0.903338432312
-0.609682023525   0.730738222599   -0.307098388672
0.40567496419   -0.0451835766435   -0.912899911404
-0.680966675282   -0.68116080761   -0.268894582987
0.599407792091   -0.682664871216   0.417946100235
0.534537792206   0.730038225651   0.425809293985
-0.595801711082   -0.0318254344165   0.802500784397
0.22879499197   -0.949238955975   -0.215866431594
-0.819442331791   -0.0680904537439   -0.56910276413
0.525516092777   0.307097941637   -0.793425321579
0.947299420834   -0.195568099618   0.253726035357
-0.112947784364   -0.945066034794   -0.306745827198
0.299777537584   0.261922359467   -0.917349517345
-0.993767440319   0.0816240310669   0.075919687748
-0.107741139829   -0.528551518917   -0.842036306858
-0.0286029335111   -0.844967961311   0.534051537514
-0.98603874445   0.0762781202793   -0.148017644882
0.0654462575912   0.994902014732   0.0767253562808
0.153115510941   0.0659669712186   -0.986004054546
-0.890176832676   -0.220700472593   -0.398593187332
-0.454759150743   0.376787930727   0.806985139847
-0.0279168877751   0.899623334408   -0.435773432255
0.89487183094   0.034786414355   -0.444965541363
-0.443581819534   0.179646134377   -0.87804466486
0.0493923127651   0.983116030693   0.176190882921
0.19275392592   0.685385107994   0.702205896378
-0.376376360655   0.712531268597   -0.592148661613
-0.906193554401   -0.150154739618   0.39530596137
-0.442631393671   0.803719341755   0.397633910179
0.865050554276   0.265948593616   0.425392597914
0.236146062613   0.532265543938   -0.812975049019
-0.839340150356   0.521135509014   0.15468005836
-0.484462380409   -0.846171319485   0.222014307976
0.24658536911   0.111408852041   0.962696075439
-0.0175509639084   0.599035441875   -0.800530135632
0.516415774822   0.691022634506   0.505769193172
0.856158137321   -0.404529631138   -0.321479469538
0.732987463474   -0.680083930492   0.0146706495434
0.666664779186   0.713902771473   -0.214245006442
0.135231167078   0.166819304228   0.976669788361
-0.21790112555   -0.918603122234   0.329677790403
-0.962113916874   0.258900880814   0.0854817032814
-0.163877636194   -0.298561036587   -0.940215647221
0.116426467896   0.922250449657   0.368644803762
0.869238734245   -0.27417999506   0.411399304867
0.480488240719   0.272542566061   -0.833577573299
0.916764974594   -0.0117876501754   -0.399253100157
-0.0573889054358   -0.993080675602   -0.102456435561
-0.395282834768   0.116841174662   -0.911098062992
0.816200315952   0.127885565162   0.56343793869
-0.566459715366   -0.0148797333241   0.823955059052
0.113755770028   -0.991677284241   0.0602971836925
0.209860578179   -0.660407423973   -0.72098582983
0.97625875473   0.101080283523   0.191576659679
-0.0536412112415   -0.744073092937   0.665941298008
-0.505501925945   0.343258887529   -0.791606724262
-0.846015155315   -0.016966631636   0.532888770103
0.169487908483   0.939087569714   0.298978894949
-0.299848794937   0.863722741604   0.405060172081
-0.176778465509   -0.46754989028   0.866109967232
0.93746471405   0.188096120954   0.292881846428
0.160904869437   0.747525990009   -0.64444899559
0.642639636993   -0.574927330017   -0.506431519985
-0.74908208847   -0.332661151886   -0.572898447514
-0.222930759192   0.426753461361   -0.87646073103
-0.909797787666   -0.413977622986   0.0298422183841
-0.35009983182   0.804054737091   0.480547696352
0.948961615562   0.185647085309   0.254964649677
-0.0128187388182   0.830441713333   -0.556958019733
-0.315130919218   0.525263488293   0.790437102318
-0.0841851532459   -0.845387935638   -0.52747708559
-0.0279921516776   0.531153678894   -0.846812963486
0.996056854725   -0.0565238595009   -0.068379484117
0.923577964306   -0.105238728225   0.368684947491
-0.105201609433   0.855129718781   0.507627606392
-0.368695557117   -0.507619917393   0.778707683086
-0.961558997631   -0.26629319787   -0.0670238882303
0.261400520802   -0.962419450283   0.0736111924052
-0.0841072499752   0.0532614253461   0.995032250881
0.20645904541   -0.16011556983   0.965265572071
0.24417348206   -0.946877241135   -0.209291219711
0.94749879837   0.278902322054   -0.15639539063
-0.338796049356   -0.242741644382   0.909007012844
0.837393641472   -0.518263995647   0.173707574606
0.428939521313   0.8200481534   0.378856092691
0.640218615532   0.49094825983   -0.590838313103
0.190986469388   -0.846702992916   -0.496606707573
-0.74407273531   0.205094739795   -0.635839521885
-0.328322708607   0.0865892618895   0.940588355064
0.812708318233   0.533362388611   0.234584182501
-0.481361955404   0.841443359852   -0.245486795902
0.764257788658   -0.261765062809   -0.589397192001
0.503866016865   -0.328070193529   0.799055099487
-0.402528375387   -0.907661259174   -0.118835672736
-0.990381836891   -0.0952819287777   0.100325524807
-0.0693115442991   -0.285900592804   -0.955749332905
0.119748771191   -0.953510463238   0.276546627283
0.744276762009   0.612306892872   0.266706556082
0.248015314341   -0.624176502228   0.740872502327
0.620113313198   -0.485266894102   -0.616421580315
-0.493066519499   0.396875351667   0.7741933465
-0.860927045345   -0.0944607332349   -0.499881803989
-0.125259891152   -0.912998974323   0.388256132603
0.386702895164   0.874101161957   -0.293952465057
-0.461036205292   -0.0928187891841   -0.882513642311
-0.798690497875   0.476793318987   0.367098987103
0.717539727688   0.674348115921   0.174331337214
0.5920612216   -0.722353219986   0.357308447361
0.366879075766   -0.153168171644   -0.917572498322
0.622892320156   -0.775129973888   0.105729334056
-0.738440752029   -0.537949085236   0.406590789557
-0.258283704519   -0.331337124109   -0.907471895218
0.47324821353   -0.840112149715   0.265042841434
-0.809742093086   -0.296364754438   0.506444096565
-0.346920490265   -0.454290121794   -0.820528268814
0.648835480213   -0.695405364037   -0.308907598257
0.0272158384323   -0.384493201971   0.92272657156
-0.7604418993   -0.607104897499   -0.23054677248
-0.161815837026   -0.565015673637   -0.809056818485
0.352647215128   0.732615709305   -0.582163393497
0.921659111977   -0.37951490283   0.0807023793459
0.888568222523   0.451989501715   0.0784348025918
0.320768326521   -0.489934593439   -0.810599625111
-0.327954620123   0.745432496071   -0.580324232578
-0.227200493217   0.793026447296   0.565233588219
0.62624257803   0.563464581966   -0.53882086277
-0.745788276196   0.23155297339   -0.624646306038
0.108412072062   -0.0752257034183   0.991255700588
0.881668329239   -0.453369349241   -0.13083255291
0.45924693346   0.888142645359   0.0171734075993
0.0669421255589   -0.67960190773   -0.730520367622
0.968266308308   0.220941290259   -0.11681304872
0.24078848958   -0.699518561363   0.672825872898
0.147179201245   -0.514633774757   -0.844683587551
0.982762813568   -0.0205037407577   0.183730527759
-0.111873105168   -0.857164919376   0.502745211124
-0.404565960169   0.347461998463   0.845929384232
0.522198855877   0.84714871645   -0.0982210710645
-0.750756084919   0.402006477118   -0.524171769619
-0.115197584033   -0.993099629879   0.0219699647278
-0.96491253376   0.117126755416   0.235000312328
-0.235951989889   0.00587237346917   -0.971746981144
0.464483976364   0.185919970274   -0.865845501423
-0.229969128966   0.969495534897   0.0848091393709
0.85520106554   0.159725248814   0.493070989847
-0.809981226921   -0.369678944349   -0.45526689291
-0.379405528307   -0.261639505625   0.887466192245
-0.447193354368   0.891561686993   0.0716648548841
-0.697513818741   -0.14323399961   -0.702110052109
-0.331056058407   -0.804567337036   0.493024647236
-0.635512709618   0.576329290867   0.513778328896
0.060119856149   -0.324210345745   -0.944072723389
0.672784209251   -0.68551582098   0.278261423111
-0.737392008305   -0.651886284351   0.176910489798
-0.900292217731   0.421141684055   0.110062010586
-0.435152232647   -0.864500045776   -0.251559466124
-0.0107935583219   -0.274370729923   0.961563408375
0.489464014769   -0.866326212883   0.0995180308819
-0.540507495403   -0.211846619844   0.814231336117
-0.684307396412   -0.452327162027   -0.571947157383
-0.587201058865   -0.191604480147   -0.786436676979
-0.432933777571   -0.746586740017   0.505150079727
-0.683932185173   0.637099683285   0.35544449091
-0.343866586685   -0.888092517853   -0.305036842823
0.936162054539   -0.349546849728   -0.037650950253
-0.0731871500611   -0.298510849476   0.951595962048
0.646634697914   0.356176406145   -0.674538314342
-0.548356115818   -0.397655636072   -0.735646367073
-0.530253827572   0.845581650734   -0.0618264339864
0.761628866196   -0.583758056164   0.281332612038
-0.520851969719   -0.809763431549   -0.27017852664
0.385531753302   0.0592431351542   -0.920790731907
-0.691244006157   -0.345735341311   -0.634546160698
-0.625576198101   -0.153239011765   0.76496553421
-0.36171284318   0.925734758377   -0.110358260572
-0.896955490112   0.193208456039   0.397669941187
0.0959732159972   -0.792924761772   0.601713776588
0.43157851696   0.577876091003   0.692675352097
0.564127862453   0.149841338396   0.811977446079
-0.381688952446   -0.824691832066   0.417369097471
0.732170283794   -0.545372366905   -0.408038854599
-0.44501209259   -0.467130362988   0.7640376091
0.401102274656   -0.866780281067   -0.296325743198
0.800675451756   0.174588680267   0.573094725609
0.810239195824   0.130389496684   0.571411430836
0.17046533525   0.88036608696   -0.44260263443
-0.560761988163   0.456019848585   0.691080272198
-0.622345864773   0.531543433666   -0.574584364891
-0.0291143581271   -0.749277353287   -0.66161608696
-0.782200753689   -0.395025372505   0.481785178185
-0.58988237381   -0.383019685745   0.710869014263
-0.51306271553   0.857582032681   0.0363276191056
-0.623542666435   -0.343291342258   -0.702385604382
0.566210627556   0.485495388508   -0.666107952595
0.0379569046199   -0.822628200054   -0.567311346531
-0.823386192322   0.295934289694   -0.484208703041
0.928042709827   0.354765057564   0.113483466208
0.337558060884   -0.929853916168   0.146377116442
0.15745253861   -0.0975369587541   -0.982697963715
0.682675659657   0.730700135231   -0.00559101998806
0.303723275661   -0.276785671711   0.911669790745
0.664609789848   -0.624072909355   -0.410885483027
0.203162968159   -0.161968141794   -0.96565580368
0.796759843826   0.600582122803   0.0668943598866
0.569120824337   -0.782986223698   0.251065760851
-0.315653324127   0.281191021204   -0.906253039837
-0.251598119736   0.896092951298   0.365671694279
0.914910554886   0.343437045813   -0.21210758388
-0.165825799108   0.0727708786726   -0.9834664464
-0.0492779277265   -0.996639192104   -0.0654366612434
-0.984923064709   0.0376120992005   0.168854489923
0.553626894951   -0.832367420197   -0.0257251318544
0.28713965416   0.161804169416   0.944124042988
-0.781695663929   -0.530079185963   0.328584820032
0.170726835728   0.878360033035   -0.44647064805
0.393517196178   0.354633271694   0.848162412643
0.903325259686   -0.320497959852   -0.285104364157
-0.466470301151   -0.634408533573   0.616385638714
0.202291801572   -0.75489115715   -0.623872876167
0.861094355583   -0.166328400373   0.480469942093
0.167435735464   0.44766125083   -0.878387510777
0.813474237919   0.440622031689   0.379620671272
0.556978404522   -0.778107702732   -0.290385037661
0.259684085846   0.522294998169   -0.812263548374
0.371470183134   0.722373425961   0.583255171776
0.891388833523   -0.453193753958   -0.00642814580351
0.281092524529   0.250092685223   -0.926520705223
0.768781602383   -0.636555731297   0.0614134520292
-0.574423015118   -0.729554951191   -0.371197730303
0.948586940765   0.299779385328   -0.101563334465
0.234807938337   -0.881667554379   -0.40930134058
-0.212245196104   0.36441001296   -0.906728923321
0.754267394543   0.561130821705   0.340900123119
-0.0365811139345   -0.482493251562   0.875135481358
0.655547499657   -0.672556638718   -0.343402117491
0.60639834404   0.0463864654303   0.79380685091
0.334418058395   -0.920594155788   -0.201670527458
0.721419155598   0.387756019831   -0.573759198189
-0.736837565899   0.5229575634   -0.428469121456
-0.209215790033   0.426274806261   0.88006734848
0.642883479595   0.738109171391   -0.204684317112
-0.760495603085   -0.454133838415   -0.464121609926
0.400074839592   -0.890675246716   0.215957671404
-0.51145529747   -0.0214485041797   0.859042167664
0.0351146757603   -0.983087420464   -0.179738864303
0.928698003292   -0.0343372486532   0.369243711233
-0.369170606136   -0.179888993502   0.91178560257
-0.632641851902   0.558573842049   0.536432206631
-0.62536329031   0.0401226840913   -0.779301583767
-0.456820577383   -0.828483819962   0.323928266764
0.989565849304   -0.142011776567   0.0243327561766
0.00303242029622   -0.148316860199   -0.988935232162
0.144049406052   0.978690326214   -0.146338656545
-0.472528249025   -0.880812048912   0.0297850780189
-0.851086437702   0.447284340858   -0.274933874607
0.228842660785   -0.155263692141   -0.961001694202
0.108358331025   -0.982095777988   -0.154098376632
-0.0629402175546   0.14792253077   -0.986994147301
0.992117404938   0.11664801836   -0.0457846820354
0.344800919294   -0.280565053225   0.89576536417
-0.853780984879   0.302839100361   0.423493206501
-0.390090197325   -0.910808265209   -0.135121911764
0.36654266715   0.263196110725   -0.892398059368
0.440586090088   0.795692682266   0.41564053297
0.819469571114   -0.545528173447   0.17569476366
-0.425803810358   0.224888458848   0.876422464848
-0.897388517857   -0.228815078735   -0.377276480198
0.115693546832   -0.947137176991   0.299242645502
-0.76978713274   0.62804120779   0.113982371986
-0.623678386211   -0.778066575527   0.0750845894217
0.135842084885   -0.0132891861722   0.990641355515
-0.583113849163   -0.756225168705   -0.296819359064
0.778567194939   -0.624528408051   0.0616226829588
-0.231972754002   -0.195160776377   0.952943265438
0.0320144891739   -0.742693901062   0.668865323067
0.861711621284   -0.318542540073   -0.394947767258
0.506387352943   0.58901309967   0.629790008068
0.989571213722   0.141187116504   0.0285489223897
-0.0585703738034   0.213319227099   0.975225329399
0.131599217653   -0.966727018356   0.219363942742
-0.766993463039   0.104302547872   -0.633120834827
0.0313239432871   0.991609871387   0.125413939357
0.640889883041   0.0763598307967   -0.76382547617
0.744157075882   -0.550799250603   -0.377955585718
-0.420247972012   -0.82581949234   0.376050233841
-0.519251286983   -0.121005378664   -0.846011698246
0.0892438441515   0.927712798119   -0.362470030785
0.886119365692   0.0922156721354   0.454190254211
0.454783499241   -0.361725389957   -0.813834547997
-0.415710300207   0.847674965858   -0.329593807459
0.905994772911   0.417733281851   -0.0683548152447
0.0797396302223   -0.327026069164   -0.941645145416
-0.961562693119   0.262325108051   -0.0811342224479
0.178598865867   0.373068422079   -0.910451769829
-0.208565726876   -0.889946877956   -0.405579656363
0.598408579826   0.729021549225   -0.332317233086
-0.799539506435   0.516763985157   -0.306090682745
-0.0514171235263   0.44886803627   0.89211755991
-0.643689513206   0.168766632676   -0.746446013451
-0.361662328243   0.792505204678   0.491055876017
0.674436211586   0.586048901081   -0.449090778828
-0.79364913702   0.473951935768   -0.381432265043
0.434568673372   0.00287825730629   -0.900634109974
-0.4257594347   -0.880546033382   -0.208249002695
-0.973864078522   -0.148869216442   0.171542242169
0.186117947102   -0.0901426225901   0.978383600712
-0.130187928677   0.984739720821   0.115493893623
-0.572959899902   0.519969344139   0.633520960808
0.694701194763   0.718252420425   0.0387779995799
-0.434864610434   0.462326020002   -0.772753179073
0.934146523476   0.356886476278   -0.00153315125499
-0.344916164875   0.901694297791   -0.260730296373
-0.0916686803102   0.244089096785   0.965410470963
0.997496128082   -0.0705436691642   -0.00501035759225
0.0222614295781   0.380444407463   -0.924535810947
0.0671263113618   0.922109365463   0.381062209606
-0.851922392845   -0.409149080515   0.32684135437
-0.51183450222   0.518642961979   -0.684861242771
0.110696382821   -0.750737309456   -0.651260137558
-0.344524621964   -0.7959395051   0.497778147459
-0.463187605143   -0.317083925009   -0.827595949173
0.816553771496   -0.515691816807   -0.259426087141
0.437431663275   0.307478666306   -0.845050513744
0.317883193493   0.826180875301   0.46516174078
0.841191887856   -0.472103834152   0.263655364513
0.155483007431   -0.411802202463   0.897910892963
-0.961824715137   -0.270335227251   0.0425685420632
0.225207135081   -0.870251595974   -0.438114076853
0.0346010476351   -0.600574791431   -0.798819541931
0.99836987257   0.0570741556585   0.00033467207686
0.0453909561038   -0.797528982162   0.601570606232
-0.996018826962   0.0125405397266   -0.0882568433881
0.0881963819265   -0.0052961143665   -0.996089041233
-0.0129589121789   -0.999907314777   0.00416899938136
-0.562610030174   -0.13635250926   0.815400481224
0.33611574769   0.863384246826   0.37628954649
-0.755311965942   0.485773235559   -0.439918398857
-0.832986593246   0.544979810715   0.0955531150103
0.00395840452984   -0.16682459414   0.985978662968
0.553279042244   0.821685194969   0.136805400252
-0.929124593735   -0.0133094638586   0.369527190924
0.269732147455   0.659178674221   0.701945900917
-0.252926975489   0.751868546009   -0.60886913538
-0.577518880367   0.169018641114   -0.798689305782
0.526185452938   -0.670942366123   -0.522460699081
-0.624180138111   -0.721989631653   0.298546761274
0.300988942385   -0.1045114398   0.947883427143
0.71960914135   -0.627338826656   -0.297672122717
0.625754237175   0.77170163393   -0.113614663482
-0.249360397458   -0.810053110123   -0.530691385269
-0.217420637608   0.580842316151   -0.784442782402
0.943688333035   -0.080225713551   -0.320961326361
0.948067069054   -0.117566727102   0.295544981956
-0.233667120337   0.372970730066   0.897937953472
-0.215797260404   -0.920364558697   0.326129794121
0.999999821186   -0.000177644309588   0.000544996291865
0.000177775888005   0.999999940395   -0.000241402522079
-0.000544953392819   0.000241499365075   0.999999821186
0.897089421749   -0.403833687305   -0.17930111289
-0.27611798048   -0.829174876213   0.48603284359
-0.344948410988   -0.386506676674   -0.855349719524
0.865988850594   -0.500063061714   0.000523279770277
0.500062942505   0.865988969803   0.000394566886825
-0.000650462869089   -8.0017678556e-05   0.999999761581
