-0.507765686503   -0.79532109224   -0.331116849237
-0.0811978459344   0.426822275373   -0.900682882629
0.85766014098   -0.430449887309   -0.281304065185
-0.1696283184   -0.855575477089   0.489097982617
0.699913275145   0.244797835351   0.670966040186
-0.693792217362   0.456141011981   0.557303989145
0.790543462096   0.205403043416   -0.576932079445
0.267677245867   0.73142293139   0.627191667261
0.550808430021   -0.650253862112   0.523239895483
0.952338926218   -0.159988378717   0.259719634
0.0506607733306   0.922551859654   0.382533073464
-0.300805677565   -0.351143538918   0.886687182393
-0.607250607135   0.749254259235   -0.264319418797
0.305091736457   -0.0872748305632   -0.948315420256
-0.733597800215   -0.656506785166   -0.175593589151
0.562610403672   -0.719864109182   0.406528225332
0.547610180481   0.69288597218   0.469075814544
-0.619348548003   -0.0412879385292   0.784029771258
0.234075319819   -0.950825495807   -0.202829044211
-0.794724751848   -0.0669583486389   -0.603265404567
0.560019029544   0.302402804338   -0.771317853078
0.946444849358   -0.195908878197   0.256635653344
-0.107248155725   -0.94049766729   -0.32243134295
0.304532396006   0.277639783292   -0.911140038916
-0.995800931152   0.074046394344   0.0538297037139
-0.085715636933   -0.547687519992   -0.832280727898
-0.0321455300539   -0.83339997116   0.551734676242
-0.98671583194   0.0390424083078   -0.15769450641
0.0320566193049   0.998398958825   0.0466035639745
0.159261546385   0.0409293216401   -0.986387626886
-0.878071435711   -0.247877913807   -0.409325168582
-0.475906656179   0.362910287289   0.801129813441
-0.0500340723198   0.898249777749   -0.436627906095
0.888744956728   0.0169631970115   -0.458088039396
-0.451553509681   0.204489924342   -0.868494846696
0.0789419393301   0.978721676877   0.189399180107
0.218644271728   0.656063564514   0.722340142701
-0.350939194948   0.743588872152   -0.569137303874
-0.910514340299   -0.129058856839   0.392819866582
-0.470921104061   0.780903465756   0.410393824175
0.845239123209   0.266203202126   0.46336452149
0.252594810612   0.565089048158   -0.785410866556
-0.827926288792   0.552196686622   0.0980656902882
-0.530416006394   -0.82776055946   0.182951677673
0.18220022088   0.0994548917168   0.978218689264
-0.00463033071715   0.557298121186   -0.830299562905
0.494693948804   0.722867965123   0.482431137071
0.869054921771   -0.408510353751   -0.279039125974
0.711318842718   -0.697851783407   0.0838355079287
0.695232101778   0.681031239897   -0.229888614207
0.103333579497   0.221809239393   0.969599315526
-0.170072939346   -0.931011741529   0.322943234078
-0.966199811275   0.221973833523   0.131093638
-0.193734663896   -0.289732211474   -0.937295111285
0.0706797130735   0.929544170504   0.361872924163
0.864914273733   -0.237834158744   0.441993452471
0.496918179636   0.281749086985   -0.820786071233
0.938446396882   0.0315748243124   -0.343978764822
-0.0159532621543   -0.99078906066   -0.134471300669
-0.345056304979   0.131681691008   -0.929298702597
0.82248139132   0.147952914764   0.549212432439
-0.554958996477   -0.00291527564362   0.83187259445
0.124679080689   -0.988990109243   0.0797100411361
0.177763799545   -0.684673716867   -0.706839396895
0.982741572951   0.086158733948   0.163693840318
-0.0511764825375   -0.723739299746   0.688173229383
-0.474641303739   0.385037503723   -0.791493369215
-0.843883599618   0.0564982524685   0.533543267002
0.250152159856   0.921169945338   0.298110430419
-0.257678062135   0.883855976478   0.390385231713
-0.175269422873   -0.4400828598   0.880685929214
0.950201371132   0.158510849329   0.268312625392
0.145928166726   0.765428951828   -0.626756324149
0.632311236006   -0.559405620766   -0.535955084195
-0.760846548902   -0.318094123113   -0.5656223633
-0.157773724187   0.448776106019   -0.879606422568
-0.922067294164   -0.385752009592   -0.0314212050907
-0.353411031223   0.806098873441   0.474663300928
0.937063824002   0.156775839475   0.311981932013
0.0405407251373   0.838629256366   -0.543191881358
-0.34679653884   0.521653435266   0.779493331674
-0.063869054905   -0.86275413502   -0.501573570208
-0.0217682388831   0.503684567052   -0.863613339805
0.99772084653   -0.0442397945229   -0.0509504953763
0.922650064629   -0.129924090546   0.363093085773
-0.0827829063694   0.852860886024   0.515533994518
-0.376648176225   -0.505715374284   0.776136657787
-0.961532262903   -0.241720491151   -0.130487208396
0.22541651979   -0.965809109489   0.128063096295
-0.156981209076   0.0937228263815   0.983144410457
0.190724920692   -0.126821530154   0.97341681931
0.259235099317   -0.949909914195   -0.174551763657
0.946795209065   0.285635177111   -0.148294901084
-0.339727602875   -0.242332780155   0.908768386063
0.853688481495   -0.48495910187   0.189817401934
0.39471652158   0.840291314471   0.371630696277
0.624112584486   0.512486068296   -0.589780901428
0.188247798194   -0.831230299544   -0.523085992544
-0.758318039059   0.215439594604   -0.615255664513
-0.34716637056   0.0944095411443   0.933039307689
0.801073676527   0.547153847552   0.242700704335
-0.487602784987   0.831690751211   -0.265582413616
0.747618654389   -0.294454885559   -0.595283686977
0.489195934536   -0.362058896713   0.793473813648
-0.44916999593   -0.884426184416   -0.12663585225
-0.993312564354   -0.0218898265433   0.113362185007
-0.103101110396   -0.273743206652   -0.956260852408
0.0519645122263   -0.961553686648   0.269655701151
0.72730628816   0.616631187694   0.301316347989
0.267686798422   -0.659138339449   0.702766267986
0.631956755763   -0.430467917308   -0.644459487489
-0.5055148085   0.394075828135   0.767566948263
-0.851330519703   -0.08312884008   -0.518001874678
-0.140325067646   -0.915310787452   0.377511639243
0.375825511586   0.873689772777   -0.308903489436
-0.435480905164   -0.127729551978   -0.891090086798
-0.817992399768   0.469415958928   0.332471188865
0.727231304508   0.664352423549   0.172541261927
0.567549487632   -0.723384398045   0.393195360798
0.386033947772   -0.188018270358   -0.903120657044
0.607547377012   -0.7918716245   0.0618507477532
-0.74170536063   -0.537747133275   0.400875515176
-0.284181883129   -0.289425898921   -0.914042289139
0.482289732818   -0.844025091671   0.234559711478
-0.79950824997   -0.314665028889   0.511637056735
-0.358026775324   -0.43428972383   -0.826564736682
0.638643925843   -0.694311449497   -0.331761280263
0.0387396916166   -0.401580611937   0.915003960871
-0.768526624313   -0.59721405142   -0.229569607111
-0.1809523761   -0.580633385173   -0.793801681534
0.338115518366   0.721201101495   -0.604604719996
0.923544332354   -0.377801327716   0.0658181050468
0.889683721811   0.446211125111   0.0967393765379
0.329533866205   -0.480894997876   -0.812494573546
-0.316022635534   0.754742096908   -0.574886128712
-0.238706160317   0.793723184363   0.559484473092
0.631092695582   0.564683467533   -0.531840757255
-0.738065971719   0.226132899196   -0.635706326295
0.11304956723   -0.0326910181637   0.993051404853
0.877399672621   -0.465720188955   -0.115215103543
0.466250586953   0.884327995108   -0.023966377177
0.0248044484591   -0.711505922114   -0.702242167727
0.968568375315   0.191021634237   -0.159329964518
0.247507659834   -0.67621746358   0.69388032129
0.120458907946   -0.519058174687   -0.846208167526
0.990792823349   0.00979602954464   0.135031918471
-0.0617999409162   -0.85468277688   0.515459133401
-0.387753391752   0.318844471834   0.864861555375
0.539674612366   0.839170192857   -0.0674143915533
-0.747260744287   0.44060366567   -0.497463355279
-0.0920642891801   -0.995589820561   -0.0180298600195
-0.953910174085   0.0829874304357   0.288389434909
-0.285621333999   0.0437492352419   -0.957343437843
0.478621994439   0.11665608159   -0.870236947657
-0.23229985941   0.97264068764   0.00262069934159
0.846733583695   0.200901596249   0.492626417143
0.53426877854   -0.792049369703   -0.295321296609
0.459597289194   0.56539076843   -0.684911388969
0.709455568759   0.23019790383   0.66609437847
-0.70130570155   -0.130505179363   -0.700812893099
-0.333213052768   -0.809075682092   0.484113212082
-0.630189951077   0.573031359357   0.523923359619
0.0780716945877   -0.286453618138   -0.954907919728
0.66566357112   -0.698059431492   0.263827671385
-0.742156870606   -0.656244889321   0.136183055671
-0.895157215535   0.427385600801   0.126629805748
-0.445723600744   -0.855100557824   -0.264827316848
-0.00490216438771   -0.293503976527   0.955945283239
0.483658973594   -0.870907271726   0.0871465508009
-0.549413896718   -0.22458564993   0.804801625209
-0.68133572294   -0.437129054056   -0.587111422768
-0.596079788659   -0.157965732323   -0.787232947077
-0.455506925979   -0.740881180399   0.493567135166
-0.661212769037   0.652795453371   0.369669812293
-0.343859330005   -0.898691240423   -0.272240363567
0.938575437539   -0.337866575144   -0.0701592862576
-0.0289293832603   -0.279643043517   0.959668098353
0.641572352233   0.371624003363   -0.671029445684
-0.537815994314   -0.405826206252   -0.738958081747
-0.546935894881   0.834985443253   -0.0605015408634
0.753716149443   -0.567146284759   0.332049782039
-0.494197480635   -0.822168363615   -0.282503153972
0.433221440146   0.0488290236876   -0.899963838298
-0.684673670651   -0.386521844875   -0.617918140333
-0.632548694668   -0.106055739872   0.767225083606
-0.362083020303   0.916162127287   -0.171880315725
-0.896245623445   0.204330198012   0.393691443438
0.0821276250679   -0.795784030321   0.599985691735
0.435888558758   0.570067493606   0.69643680049
0.576369216848   0.156473465865   0.802068937405
-0.370368818586   -0.824885289735   0.427072823999
0.728440432767   -0.543212953877   -0.417485595741
-0.446286330039   -0.472205001883   0.76016507932
0.419867521448   -0.860639023862   -0.288117571554
0.790278290258   0.190585694117   0.582354975204
0.781979519764   0.124801466308   0.610682097885
0.191384739047   0.884346474986   -0.425797127562
-0.593194666471   0.449839867272   0.667655735753
-0.644313817572   0.515592472468   -0.564822190446
-0.0398340529992   -0.760183594744   -0.648486044957
-0.763723086404   -0.395329362199   0.510334931859
-0.584971602993   -0.374941107819   0.719185226044
-0.537380047852   0.843336274372   0.00257147797477
-0.607479141916   -0.384971549593   -0.694813642743
0.584766059274   0.519491294051   -0.623038884281
0.0606319784713   -0.793885794893   -0.605036451674
-0.808932889125   0.316028701344   -0.49573525275
0.918212010129   0.383440498066   0.0992979803317
0.366112974522   -0.917288528741   0.156662200056
0.151155530303   -0.107494834681   -0.982647885143
0.681390683443   0.730969368565   -0.0372896599214
0.305634832381   -0.237872177125   0.921956710798
0.665051942146   -0.639609732235   -0.385493585781
0.228513166022   -0.184223523221   -0.955951581643
0.791544535157   0.606823036647   0.0722706791013
0.566779482531   -0.773193052016   0.284488176373
-0.285126761245   0.24207582549   -0.927416855969
-0.314618721015   0.890333098819   0.329123128228
0.905382676225   0.385624516675   -0.177696206291
-0.166296237454   0.112887849341   -0.979592718878
0.0179982056002   -0.992912353032   -0.117478184324
-0.985911571087   -0.0371670911948   0.163085809709
0.564918998094   -0.819669950302   -0.0949088940239
0.346013113414   0.130898957615   0.929053490516
-0.749093753103   -0.55767968895   0.357563859463
0.19970036186   0.889090843332   -0.411870413816
0.33670988339   0.332473978322   0.880958289686
0.920188143751   -0.314608528241   -0.232970500401
-0.472754028841   -0.608350867958   0.63750517619
0.153225364437   -0.769186155892   -0.620382660362
0.867770485732   -0.195606439157   0.456850637575
0.173902288727   0.478729249512   -0.860567428873
0.793781932127   0.449043814399   0.410207139114
0.582810636661   -0.75443883676   -0.301916881581
0.234633223328   0.536978239608   -0.810309583244
0.352792867059   0.729706175181   0.585718439914
0.905805963473   -0.423300446598   -0.0182287807344
0.268862822623   0.255399528484   -0.92870009339
0.777662185056   -0.626456482987   0.0528564173729
-0.56829069018   -0.736426069455   -0.367045413649
0.948790391318   0.307361357117   -0.072978006917
0.257727939115   -0.886710403273   -0.383824139583
-0.18268306638   0.345360184269   -0.920517919641
0.740745148776   0.585829316878   0.328786611727
-0.0122284465737   -0.477582028551   0.878502060953
0.671674839233   -0.654766689357   -0.346602788289
0.607330733906   0.01423258832   0.794321605575
0.354172920669   -0.899834794183   -0.254674076895
0.711133547175   0.435998597025   -0.551538123319
-0.749639174661   0.527511527098   -0.399715769757
-0.197605352693   0.398004640937   0.895848441635
0.631659110914   0.750549062068   -0.194120769182
-0.775214804966   -0.415402828848   -0.475901771321
0.379572293983   -0.908514165906   0.174719443645
-0.50494245197   -0.0451940276218   0.861969036605
0.0329637798343   -0.974555593648   -0.221708782207
0.911925623411   -0.0614565450581   0.405727433674
-0.409029395747   -0.215556229226   0.886696377266
-0.628652905916   0.562273435924   0.537256090834
-0.642849601387   0.013062998103   -0.765881027365
-0.437652732061   -0.826848197274   0.353245162437
0.993399908901   -0.114378163367   0.00861723502113
-0.0068117264804   -0.133821813559   -0.990981999129
0.114499875008   0.98438272941   -0.133717690163
-0.462515764324   -0.885953233286   0.0341472719373
-0.862305776066   0.440546524537   -0.249694830304
0.206174480268   -0.144933185114   -0.967722302904
0.106302864618   -0.985851931753   -0.129598108139
-0.0324206369236   0.126830842409   -0.99139439161
0.993805113327   0.109589717004   -0.0184794656697
0.365457072402   -0.335476340069   0.868272280731
-0.845796573115   0.269816782093   0.460246739269
-0.388676324386   -0.902582145489   -0.185138287523
0.421781433224   0.226434146863   -0.877968108602
0.447087256719   0.7904706899   0.418651493832
0.788805050356   -0.569107780252   0.232170038959
-0.450462075994   0.205878871076   0.868733450798
-0.881064660723   -0.259731816972   -0.395302981114
0.144253186155   -0.943479344605   0.29839193117
-0.778284703256   0.619911255619   0.0999147428316
-0.61223378102   -0.784519250936   0.0984852389361
0.139437147333   0.0154783741771   0.990109944338
-0.604693013436   -0.74255433028   -0.288026780151
0.752712479533   -0.651004342909   0.0980676739259
-0.260327260686   -0.157500514593   0.952587689006
0.0283483261184   -0.727020330102   0.68603047456
0.843428375132   -0.35094981615   -0.406771191908
0.536493195137   0.590148850853   0.603240735866
0.99199278326   0.113501061049   0.0553879689232
-0.080347346027   0.228801960753   0.970151517415
0.0974403507128   -0.966833580249   0.236089402889
-0.754042292316   0.115764863397   -0.646543670451
-0.00647914000621   0.982986774148   0.183562040178
0.656793911469   0.142602588519   -0.740463543738
0.725290310044   -0.572169246094   -0.382852869887
-0.378741402232   -0.796016536344   0.472136234685
-0.57489904887   -0.197433603247   -0.794047263025
0.0618971994503   0.914805745278   -0.399123020015
0.870252141712   0.146335910601   0.470369015896
0.488702308718   -0.376452187767   -0.787053876034
-0.385478017602   0.846537121777   -0.367126135543
0.914048269817   0.404740866539   -0.0264686871216
0.126184224016   -0.345774106038   -0.929794498372
-0.969854437957   0.237346693646   -0.0552169918654
0.152145692786   0.412782324778   -0.898032538674
-0.190352455571   -0.879361870544   -0.436450046732
0.585611867102   0.740366935186   -0.33002354824
-0.805483470546   0.485871945668   -0.339300502636
-0.0908576897444   0.464526913856   0.880885705706
-0.653868664771   0.190023984887   -0.732356917356
-0.374679990051   0.759603131886   0.531618271963
0.657320830558   0.622008012165   -0.425482500835
-0.800478551069   0.475525125887   -0.364842354898
0.419223118907   0.00917251516112   -0.907836902499
-0.428352735314   -0.87965431825   -0.206693528039
-0.973735922821   -0.143102177581   0.177087886031
0.189303418369   -0.0767077645973   0.978917838557
-0.126501258496   0.986730807071   0.10178283734
-0.593688334073   0.499141187416   0.631183203999
0.666018873947   0.745001438996   0.0373057025263
-0.451611582593   0.442527887166   -0.774736114783
0.93431075223   0.355962788013   -0.0188125441539
-0.351292625867   0.910531249573   -0.218005354436
-0.0604723844307   0.210293454729   0.975766239229
0.997530531085   -0.0545526160071   -0.0442363158511
-0.0195847666853   0.388803139984   -0.921112672398
0.0674483244209   0.919704371212   0.386774602459
-0.848028621257   -0.4037997795   0.343210133308
-0.52095872802   0.516404797034   -0.67965291826
0.0972083392991   -0.755163441697   -0.648289067543
-0.341089638415   -0.779861794082   0.524855637958
-0.415478756953   -0.375773297231   -0.828354894722
0.84322906798   -0.500609639559   -0.195843630722
0.424576042142   0.267890656424   -0.864852461776
0.373491675901   0.818337550484   0.436838209753
0.824766119862   -0.508486233509   0.247391588094
0.184991614764   -0.39012442521   0.901987270044
-0.950829978319   -0.303041634759   0.063938407332
0.248395762437   -0.869464605638   -0.427002160119
0.0486573357862   -0.581069352565   -0.812398222046
0.997818220592   0.0646166856988   0.0135455743137
0.0446235624796   -0.811284839892   0.582945663191
0.986982200359   -0.0690366853313   0.145258639169
0.128681191129   0.880757730591   -0.455748802581
-0.0964742827092   0.468508010693   0.878175925821
-0.608224948651   -0.126462395805   0.783625978567
0.324799864354   0.861143574693   0.391071338608
-0.724270294817   0.492380956386   -0.482694037496
-0.823374732837   0.562065813686   0.0783330735475
-0.0190571341053   -0.165339518724   0.986052569181
0.567177992314   0.810397966825   0.146847745644
-0.942369280899   -0.0289239322636   0.333321983313
0.235209692091   0.651243464495   0.721497297777
-0.237942302174   0.758317450739   -0.606908646124
-0.589671646694   0.181603983938   -0.786960826282
0.524895295977   -0.654376079523   -0.544313213885
-0.613817788393   -0.734038104982   0.29054394347
0.288739817743   -0.112148016853   0.950816564835
0.746632047193   -0.595283923018   -0.296947195812
0.599307853906   0.795650597506   -0.088148868026
-0.227501878486   -0.825252323063   -0.516915368861
-0.22601248248   0.561088332338   -0.796302857635
0.947185965399   -0.0643310702075   -0.314165975811
0.954387181697   -0.141739101856   0.262783436345
-0.192057212301   0.382439662625   0.903799718773
-0.228602569136   -0.913044320642   0.337773495005
0.997986291818   -0.0289791753516   0.0564231223872
0.0336000508273   0.996003737629   -0.0827501734896
-0.0537996089984   0.0844793585682   0.994971778518
0.893372040803   -0.387618358757   -0.227240851665
-0.211419573852   -0.80890061174   0.548617867116
-0.396469621161   -0.442076699546   -0.804599298543
0.839618133772   -0.542879203408   0.0179877721971
0.542523531068   0.839771943882   0.0212438345422
-0.0266384623977   -0.00807791902408   0.999612494692
