-0.507417410346   -0.796062092209   -0.32986772656
-0.081628004426   0.425494488726   -0.90127205047
0.857825413806   -0.430394685623   -0.280884271572
-0.170390819733   -0.855663392211   0.488678961876
0.699590850532   0.24420077233   0.671519638317
-0.69393055157   0.456296112216   0.557004710549
0.790576041717   0.204948682855   -0.577049009754
0.26820296424   0.731254019911   0.627164036228
0.550505851227   -0.650587116196   0.523144064292
0.952417648932   -0.159737950945   0.259585070893
0.0503114934082   0.922377213986   0.383000037533
-0.30061499569   -0.351715882705   0.886524992439
-0.607357596602   0.749684021749   -0.26285094138
0.303006478749   -0.0872482650198   -0.948986203318
-0.734373082082   -0.656019517839   -0.174168219054
0.561636963179   -0.721218102626   0.405473020108
0.548298174173   0.691441192407   0.470402157352
-0.619623299909   -0.0418751225264   0.783781500371
0.234408722844   -0.950934181561   -0.201932496128
-0.793857248207   -0.0673512015073   -0.604362875369
0.561108920018   0.30197350545   -0.770693701728
0.946437130646   -0.195409891133   0.257044222232
-0.106493259235   -0.940444757901   -0.322835628571
0.304821166379   0.278170148982   -0.910881674392
-0.995774743286   0.0744244516088   0.053792765649
-0.0859056583235   -0.547987775826   -0.83206346838
-0.0324480893343   -0.83316888957   0.552065868308
-0.986716923768   0.0374267440952   -0.158078939696
0.0305739769621   0.998493502251   0.0455626809488
0.159546056929   0.040124366524   -0.986374721356
-0.877588186489   -0.248896474457   -0.409743236599
-0.476711003209   0.362394552361   0.800885015367
-0.05084873996   0.898176337598   -0.436684866034
0.88879274761   0.0162809478205   -0.458020067828
-0.451351831266   0.204567870768   -0.868581320696
0.0795548628844   0.978716974915   0.189166875546
0.219411430897   0.655134102078   0.722950850533
-0.350388902716   0.744483656466   -0.568305993377
-0.910541729327   -0.128621124042   0.392899943504
-0.471909811414   0.780271609256   0.4104599197
0.844586966965   0.266529943559   0.46436477517
0.252930791173   0.565807392118   -0.784785327272
-0.827340701108   0.553300769149   0.0967761496936
-0.531763960648   -0.827029953228   0.182341840011
0.180926654881   0.0993967570985   0.978460949774
-0.00472695843807   0.555949118676   -0.831202883361
0.49418597223   0.723915579455   0.481379744768
0.869343361805   -0.408493342988   -0.27816417458
0.710165347401   -0.698824684855   0.0854940886153
0.696477058841   0.67959687302   -0.230364486607
0.10288287447   0.223141547047   0.969341510574
-0.168438756189   -0.931366471635   0.322776828361
-0.966321638564   0.220652275946   0.132420028554
-0.194553016568   -0.289601568769   -0.937165969885
0.069199600282   0.929813570668   0.361466650084
0.864687705296   -0.236606421799   0.443094316678
0.497520439409   0.281893818601   -0.820371432587
0.938820916304   0.033041973795   -0.342817028571
-0.0145232570441   -0.990703649147   -0.135260321498
-0.344099349194   0.131964038793   -0.929613430599
0.822816574   0.148303648147   0.548615451384
-0.554444365744   -0.00243565240533   0.832217226986
0.124757087356   -0.988938873512   0.0802220269665
0.176404147115   -0.685237713422   -0.706633464383
0.982969832371   0.0850785768979   0.16288629286
-0.0514964613294   -0.723333195601   0.688576214092
-0.473499745672   0.38572721928   -0.791841210821
-0.844167388057   0.0578155223616   0.532952893148
0.251355150712   0.920799586056   0.298242704068
-0.25655079893   0.884395330345   0.389905869708
-0.175503885166   -0.439327409212   0.881016352747
0.950463083902   0.157595454185   0.267924614323
0.145091198398   0.76595987637   -0.626301853692
0.632415390266   -0.558608023236   -0.536663628851
-0.760920047247   -0.31821776218   -0.565453921669
-0.155819631203   0.449198373472   -0.879739202151
-0.922296924995   -0.385049100108   -0.0332501526492
-0.353678702606   0.806199734418   0.474292487339
0.936895503373   0.155391762084   0.313177611007
0.0422496579782   0.838903236765   -0.542638301031
-0.347047233328   0.521627031145   0.77939942149
-0.0634786030077   -0.863386105592   -0.500534613818
-0.0217622189523   0.502624410369   -0.864230934373
0.997745895901   -0.0439674285309   -0.0506950928781
0.922640563703   -0.131103159744   0.362693192265
-0.0816105813395   0.852776677076   0.515860108991
-0.376927185573   -0.50555306402   0.776106948968
-0.961667824233   -0.240700820331   -0.131370129509
0.224204681948   -0.966005859068   0.128704859422
-0.157883680056   0.0943175240243   0.982943003553
0.18998617639   -0.125846323523   0.973687812205
0.259925394518   -0.949915691033   -0.173490545025
0.946754478239   0.286046994014   -0.147760194742
-0.340226601587   -0.242148640406   0.908630780637
0.853892624624   -0.484262653155   0.190675295651
0.393844188969   0.840745929939   0.371527974865
0.623755179882   0.51337393919   -0.589386693208
0.188521561283   -0.830609925867   -0.523972109928
-0.758544063652   0.215718218078   -0.614879300259
-0.348049900461   0.0944140403628   0.932709631006
0.800599576462   0.547570972602   0.243323546196
-0.487751560693   0.831415671579   -0.266169863236
0.746936863248   -0.295230114096   -0.595755404552
0.489081836788   -0.363035603815   0.793097791755
-0.450426774566   -0.883767124357   -0.126772988684
-0.99328137198   -0.0196030447324   0.114051903595
-0.104392428887   -0.273554395541   -0.956174781863
0.0499433365693   -0.961656754418   0.269670075861
0.726502235595   0.617216804946   0.302056149364
0.268439811144   -0.659559027355   0.702084010093
0.632561909594   -0.428981707217   -0.644856670435
-0.505489890248   0.394195797329   0.767521754888
-0.851269052125   -0.0827000100699   -0.518171505613
-0.14078697295   -0.91529797427   0.377370701757
0.375715531288   0.873732057724   -0.308917676501
-0.434999898693   -0.128065504472   -0.891276789051
-0.81829880098   0.469245690305   0.331957157543
0.727107823953   0.66448980573   0.172532635833
0.567289581566   -0.72308158828   0.394126308862
0.386648086757   -0.188696356011   -0.902716424042
0.607502204301   -0.792028878985   0.0602604897285
-0.741444644243   -0.538213948912   0.400731312378
-0.284957735977   -0.288124972971   -0.914211730759
0.482814795237   -0.844036046884   0.233437411443
-0.798972844182   -0.315431626316   0.512001253299
-0.3585139715   -0.433711932832   -0.826656937041
0.638409636944   -0.694081558465   -0.332691938069
0.0392997602078   -0.402279751827   0.914672908814
-0.768692828316   -0.597010713027   -0.229542031501
-0.18150896409   -0.581323475714   -0.793169283658
0.337591401938   0.72071568201   -0.605475805498
0.923626840934   -0.377666416681   0.0654334503008
0.889463712018   0.446499259096   0.0974305733834
0.330198047208   -0.480494800817   -0.812461688948
-0.315948658208   0.754826574793   -0.574815872574
-0.238903003667   0.793416502106   0.559835340993
0.631096548137   0.565030943084   -0.531467007713
-0.737998984937   0.226341086733   -0.635710005182
0.112431625905   -0.0316478630437   0.99315534649
0.877338963349   -0.466091075628   -0.114172906633
0.466514172224   0.884170527661   -0.0246374740977
0.0234196587301   -0.712417800504   -0.701364667708
0.968470060514   0.19022003873   -0.160879081156
0.2480267354   -0.675482949   0.694410198756
0.119495459799   -0.519673900503   -0.845966826905
0.990979464504   0.010363869849   0.133612466233
-0.0606674213924   -0.854301836202   0.51622459903
-0.388378559785   0.318144073398   0.864838969324
0.539961319284   0.839083555608   -0.0661858019937
-0.746728778056   0.441274444387   -0.497667556461
-0.0909741725051   -0.995680677911   -0.0185388125712
-0.953737033407   0.0817550516685   0.289312603657
-0.286547327757   0.0440011268175   -0.957055134145
0.478807367626   0.114537057552   -0.870416433182
-0.232014937788   0.972712152968   0.000368934019786
0.846706899316   0.201772966267   0.492316053703
-0.833398580399   -0.446520542917   -0.325678078694
-0.23184544466   -0.252461039163   0.939420626501
-0.501691634353   0.858418795494   0.106876917822
-0.700995314945   -0.129950386937   -0.701226400929
-0.33383555103   -0.809087383786   0.483664584467
-0.630205834068   0.573140909667   0.523784406385
0.0782934014701   -0.285153073155   -0.955278947824
0.665589416034   -0.698429643911   0.263033765457
-0.742200021928   -0.656417365231   0.135112434932
-0.894826207506   0.428067865383   0.126664758267
-0.446386142446   -0.854787985638   -0.264720440164
-0.0050468001735   -0.293420180348   0.955970254544
0.483932797253   -0.870788808354   0.0868095558588
-0.549624802279   -0.225250521998   0.804471739131
-0.6809710893   -0.437022944003   -0.587613241811
-0.595900797604   -0.156981588161   -0.78756524834
-0.456290433762   -0.740834489465   0.492913074767
-0.660833775977   0.653085783184   0.36983466621
-0.34417995014   -0.898766697775   -0.271585317888
0.938481975112   -0.337987438306   -0.070824246818
-0.0281379514392   -0.279254211281   0.959804845357
0.641523187494   0.37223722022   -0.670736499522
-0.537533758153   -0.405663983568   -0.739252454363
-0.547270918973   0.834791102204   -0.0601527798812
0.753458819277   -0.566574980447   0.333605454368
-0.493420405948   -0.822590843757   -0.282631574245
0.434552770843   0.0483435135003   -0.899347982738
-0.684211562943   -0.387681866962   -0.617703251702
-0.632893879423   -0.105193453969   0.767059107651
-0.362353245499   0.915771318218   -0.173386903212
-0.896405817704   0.20473258467   0.393117258285
0.0813946176403   -0.7958094609   0.600051846227
0.435696598801   0.569887594808   0.696704100087
0.576501231357   0.15711025705   0.801849547841
-0.369802597638   -0.824915668785   0.427504594331
0.728623612728   -0.542982970749   -0.417465117647
-0.446633134386   -0.472340891614   0.759876914623
0.420136149901   -0.860554425596   -0.287978638328
0.789939528581   0.190630959436   0.582799604058
0.781021664623   0.124321000253   0.612004451197
0.192269203639   0.884515744215   -0.425046411074
-0.594169767593   0.449640063974   0.666922859218
-0.644896045553   0.515438163545   -0.564298316488
-0.0402826511867   -0.760246832328   -0.648384193167
-0.763207965396   -0.395408969924   0.511043391563
-0.584581475688   -0.375082050421   0.719428908047
-0.538248236179   0.842783898733   0.00203378623079
-0.607085936695   -0.386042427056   -0.694563107269
0.585102347292   0.520441176828   -0.621929437039
0.0611943804046   -0.793053750628   -0.606070125003
-0.808647321767   0.316554466208   -0.495865686374
0.917780340724   0.384587385747   0.098852359129
0.367309000803   -0.91681207382   0.156651585459
0.1508752601   -0.107462384219   -0.98269450587
0.680838899137   0.731431694311   -0.0382892932653
0.306133584077   -0.236688199048   0.922095941392
0.665387572864   -0.639520424215   -0.385062338966
0.228544756231   -0.185037013651   -0.955786899878
0.791629859451   0.606764703634   0.071824508698
0.566647562446   -0.773044564047   0.285153716391
-0.284225188832   0.240732222449   -0.928043123518
-0.316422893644   0.890175223351   0.32781797405
0.905037344208   0.386828216147   -0.17683703453
-0.166506435602   0.113846768065   -0.979446027254
0.0196692841661   -0.992731169023   -0.118734768749
-0.985844169311   -0.0390351053618   0.163056844032
0.564756957054   -0.819569785529   -0.0967209703548
0.347570722648   0.129918109933   0.928609647521
-0.748494604   -0.558056136386   0.358230619049
0.200033455462   0.889125070076   -0.411634821728
0.33576546215   0.33247989654   0.881316443069
0.920460847143   -0.314505529617   -0.232030387486
-0.473041917629   -0.607635284532   0.637973906329
0.152403197227   -0.769633332876   -0.620030481833
0.867758382063   -0.196071145043   0.456674387766
0.173309003544   0.479206264486   -0.860421609078
0.793233223299   0.449891418219   0.41033981682
0.583733708762   -0.753630591132   -0.302152096409
0.233701412644   0.536959050187   -0.81059152978
0.352654939059   0.730098736891   0.585312163164
0.906100515222   -0.422647385905   -0.0187361549406
0.268067246682   0.255940494526   -0.928781144575
0.778007155349   -0.62609813797   0.0520191104888
-0.568194348336   -0.736542995957   -0.366959940083
0.948614363957   0.308140086498   -0.0719755207552
0.258860111793   -0.886496443196   -0.383556382718
-0.181995140095   0.345215502685   -0.920708436851
0.740340507079   0.58670111697   0.328142854447
-0.0112080467488   -0.477298322603   0.878669841823
0.672138611646   -0.654192716703   -0.346787508637
0.607162193614   0.0141121658892   0.794452589788
0.355131484854   -0.899240696537   -0.255436485563
0.710799338148   0.43722650476   -0.550996628323
-0.749824288137   0.527365271041   -0.399561519443
-0.197605121195   0.397839553506   0.895921818991
0.631439429397   0.750739342626   -0.194099681703
-0.775788157406   -0.414037554317   -0.476157157296
0.37853936735   -0.909125455209   0.173778174858
-0.50483728289   -0.0454291790116   0.862018275617
0.0326922794518   -0.97424215964   -0.223122005287
0.911541902038   -0.0624929550326   0.40643079534
-0.40990556924   -0.216672206225   0.886019514094
-0.628281481362   0.562502398589   0.537450864507
-0.643372201218   0.012749292448   -0.765447363469
-0.437418096193   -0.826697349169   0.353888262025
0.993445707085   -0.113963452104   0.00882942012877
-0.00654307143482   -0.133814890602   -0.990984744216
0.114117550322   0.984431768401   -0.133683499621
-0.461731279901   -0.886358883733   0.0342367403424
-0.862741584549   0.43979018079   -0.249522654624
0.206109639394   -0.144749874296   -0.967763550895
0.106535672098   -0.985943561786   -0.128706812346
-0.031575524086   0.126023494535   -0.991524616489
0.993807394242   0.109696726472   -0.0177056869922
0.366241380089   -0.336805564134   0.867426805834
-0.84549676538   0.268840133706   0.461367751627
-0.388590364321   -0.90237852062   -0.186307633446
0.422711158209   0.22547750602   -0.877767150789
0.447393188016   0.790385799014   0.418484914942
0.788133625753   -0.569605287015   0.233227796289
-0.450474115221   0.205891035806   0.868724325025
-0.880948837841   -0.260457317936   -0.395083700802
0.144921415334   -0.943276665093   0.298708748565
-0.77829282191   0.61996684284   0.0995057643647
-0.612214240006   -0.784461052601   0.0990685686114
0.13947762436   0.0161855099204   0.990092935825
-0.605380097087   -0.742080763139   -0.287803889881
0.751981240397   -0.651748518938   0.098732376414
-0.26084315621   -0.156652510485   0.952586394411
0.0278663779119   -0.726729192627   0.686358612947
0.843078864668   -0.351820649467   -0.406743480045
0.537067493833   0.589988907686   0.602886055465
0.992035914498   0.112978204909   0.0556836561434
-0.0805206902666   0.228892088203   0.970115885035
0.0968564029119   -0.966873485609   0.236166255086
-0.753831488115   0.115273383053   -0.646877217628
-0.00796596999085   0.982815149906   0.184420509808
0.657019505683   0.144174991851   -0.739958742685
0.725097265989   -0.57226579415   -0.383074164753
-0.377296484283   -0.795481411605   0.474190559522
-0.57609141445   -0.199301742686   -0.792715268908
0.0609987958595   0.914567944024   -0.399805731158
0.869820469592   0.147762738938   0.470721280229
0.489582983347   -0.376472640101   -0.786496569397
-0.385086439009   0.846263921942   -0.368165464039
0.914088783293   0.40468688844   -0.0258885801567
0.127083164696   -0.346505262218   -0.929399791535
-0.970064761132   0.23671541676   -0.0542233407052
0.151023742415   0.413189717728   -0.898034568595
-0.190174100329   -0.879340701112   -0.436570432957
0.58577811612   0.740157075898   -0.330199184845
-0.805281283386   0.485497649158   -0.340314688618
-0.091575396817   0.465252120532   0.880428538292
-0.653963931249   0.190136678077   -0.7322425966
-0.37517075543   0.758990949351   0.532146260979
0.656946025862   0.622720468953   -0.425018983871
-0.800803463698   0.475578330387   -0.36405914931
0.418592058351   0.00967144510928   -0.908122872653
-0.428362581483   -0.879620210555   -0.206818238966
-0.973848143032   -0.143080735356   0.17648710288
0.188610058128   -0.0760284869074   0.979104649745
-0.126672965885   0.986786487721   0.101026666605
-0.594563433946   0.498064943316   0.631209660298
0.664737493402   0.746140680517   0.0373918405971
-0.452347640517   0.441820548545   -0.774710407186
0.934549222852   0.355327210041   -0.0189821987899
-0.350788630833   0.911035414064   -0.216706739166
-0.0597083456905   0.209181854198   0.976052183712
0.997509321132   -0.0544917774616   -0.0447861635372
-0.0200984495853   0.38904348685   -0.921000118167
0.0676106987064   0.919606335085   0.386979304217
-0.847755103198   -0.403827657968   0.343852450422
-0.521424766978   0.515875947588   -0.679697152475
0.097095300519   -0.755509913476   -0.64790220964
-0.341235608725   -0.778910512067   0.52617171487
-0.414973262323   -0.377435889593   -0.827852245757
0.843418905939   -0.500839858077   -0.19443247071
0.42369151358   0.266674682527   -0.865661663134
0.374743046045   0.818453706645   0.435546988878
0.824653351876   -0.50893825144   0.24683740693
0.186159497991   -0.389605204946   0.901971410626
-0.950537403386   -0.303736111992   0.064984760031
0.248642888641   -0.869455092889   -0.426877681985
0.0486339469268   -0.580824897951   -0.812574413285
0.997839054613   0.0642390532792   0.0138045326985
0.0441809947324   -0.811489853266   0.582693965775
0.986530991178   -0.0696750675583   0.147993203921
0.130965540944   0.878509781025   -0.459422019203
-0.0980032169442   0.472616069981   0.875802157947
-0.60943699791   -0.126372778665   0.782698196236
0.324249170171   0.861151019172   0.391511682868
-0.723497768636   0.492390945278   -0.483841023257
-0.823138020887   0.562533516052   0.0774586463154
-0.0199566672689   -0.164983293268   0.986094439886
0.567490554989   0.810146009223   0.147030315708
-0.942714909525   -0.0294178423554   0.332299849398
0.234128303579   0.651230927967   0.721860246809
-0.23763951023   0.758309217279   -0.607037555812
-0.590046828073   0.182186645594   -0.786544828251
0.524559308578   -0.65406390834   -0.545011867386
-0.613744468378   -0.734171934886   0.290360633628
0.288287076822   -0.112044582855   0.950966125995
0.747293724794   -0.594624774956   -0.296603212883
0.598700801921   0.796157891666   -0.0876924245132
-0.226785770965   -0.825607036477   -0.516663561138
-0.226224816861   0.560630655953   -0.796564874848
0.947306996873   -0.0637674597692   -0.313915856163
0.95456287488   -0.142498934446   0.261732251705
-0.190739500455   0.382662644474   0.903984371264
-0.228971965243   -0.912832599224   0.338095378447
0.997910727041   -0.0300910524673   0.0571726282306
0.0348741584193   0.995805003111   -0.0845942601741
-0.0543872589117   0.086411366968   0.994773894775
0.893542112379   -0.386765009598   -0.228024824868
-0.20967082494   -0.808549929962   0.549804652516
-0.397014657884   -0.443463457468   -0.803566751002
0.838822334407   -0.544108620042   0.0179694433952
0.543749763674   0.838975095966   0.0213771572627
-0.0267074110356   -0.00816075635858   0.999609982069
