-0.507274249897   -0.796361092791   -0.329365822879
-0.081799746978   0.424959395969   -0.901508909092
0.857893721148   -0.43037021466   -0.28071309472
-0.170699695695   -0.855700588461   0.488506004874
0.699459026559   0.243957127748   0.671745480063
-0.693987524423   0.456356683669   0.556884093162
0.79058475504   0.204762870197   -0.577103034204
0.26841849092   0.731190002352   0.62714646949
0.550388280063   -0.650717563502   0.523105528282
0.952449510141   -0.159646330875   0.259524526143
0.0501834982404   0.922307576655   0.38318448631
-0.300535434077   -0.351940027678   0.88646301095
-0.60740240186   0.749855284937   -0.262258219827
0.302175814404   -0.087226296291   -0.949253048678
-0.734678228481   -0.6558266729   -0.173606669538
0.561244724593   -0.721764877428   0.405042986395
0.54857747177   0.690855963567   0.470936083848
-0.619731487487   -0.0421129352453   0.783683216677
0.234544929164   -0.950977970599   -0.20156779415
-0.793505633502   -0.0675128396421   -0.604806436874
0.561549183781   0.301799463085   -0.770441171198
0.946434572685   -0.195203658603   0.257210286136
-0.106183622308   -0.940424069848   -0.322997843963
0.304937104957   0.278384806552   -0.910777284247
-0.995763553133   0.0745800805273   0.0537843642775
-0.0859895217814   -0.548108343937   -0.831975387527
-0.0325691325646   -0.833075659766   0.552199417519
-0.986716963998   0.0367693658278   -0.158232887526
0.0299707808503   0.998530975833   0.0451402547424
0.15966021813   0.0397982919182   -0.986369459537
-0.877393674579   -0.249304437989   -0.409911742949
-0.477033970124   0.362185954401   0.800787066443
-0.0511754937085   0.898147332921   -0.436706351236
0.888814950001   0.0160074886638   -0.457986620941
-0.451265266047   0.204595371088   -0.868619821204
0.0797975207235   0.978715737299   0.189071048154
0.219718912655   0.654760168092   0.723196184795
-0.350169441869   0.744842550118   -0.567970894953
-0.91055200917   -0.128447256933   0.39293299783
-0.472307221557   0.780018938184   0.410483062428
0.844324592125   0.266663200606   0.464765231678
0.253064955296   0.566092919508   -0.784536127201
-0.827102961674   0.553745489682   0.0962633026989
-0.532305059443   -0.826734900837   0.182100871577
0.180421768314   0.099374727139   0.978556410803
-0.00476939954243   0.555404998164   -0.831566317766
0.493981450919   0.724338126568   0.480953848667
0.869459360163   -0.40848447512   -0.27781442477
0.709697539615   -0.699218287715   0.0861579270226
0.696979734616   0.679016194091   -0.230556408926
0.102706629774   0.223675645269   0.969237098916
-0.16778047305   -0.931509172918   0.32270787662
-0.96637029534   0.220118771951   0.132951790205
-0.194879873632   -0.289548591785   -0.93711442623
0.0686047569498   0.929921468325   0.36130243574
0.864595548236   -0.236112881165   0.44353719722
0.49776292077   0.281951715895   -0.820204428548
0.93896887918   0.0336343351317   -0.342353874569
-0.0139452331998   -0.990668938776   -0.135575013244
-0.343719325036   0.132074922848   -0.929738264433
0.822952963376   0.148442599701   0.548373243935
-0.554234953203   -0.00224426342111   0.832357242973
0.124787967039   -0.988918478883   0.0804251540656
0.175852532506   -0.685462937257   -0.706552509343
0.983061772909   0.084638209991   0.162560524282
-0.0516278748007   -0.723171442368   0.688736253937
-0.473039539154   0.386000212904   -0.791983225854
-0.844284370635   0.0583369134824   0.532710715141
0.251828306387   0.920652290587   0.298298280148
-0.256098578178   0.884611714625   0.389712243332
-0.17559935816   -0.439023403363   0.881148861835
0.950567400908   0.157227750883   0.267770518697
0.144751611998   0.766173870338   -0.626118655876
0.632459614842   -0.558284337564   -0.5369482601
-0.760947965644   -0.318270637731   -0.565386588752
-0.155034335381   0.449367765451   -0.879791433368
-0.922388626617   -0.38476522979   -0.0339843998356
-0.353784646842   0.806240863091   0.474143537698
0.936828338699   0.154832775146   0.313655026345
0.042936369837   0.839013566493   -0.542413775071
-0.347144252374   0.521615803999   0.779363728347
-0.0633222791567   -0.863640921665   -0.500114634248
-0.0217605585969   0.50219600574   -0.864479988148
0.997755865456   -0.0438580693312   -0.0505935045494
0.922636385422   -0.13158097979   0.362530751871
-0.0811351754502   0.85274230467   0.515991904132
-0.377040029174   -0.505486901495   0.776095231797
-0.961724144837   -0.2402860338   -0.131716708123
0.2237141578   -0.966086064035   0.128956164941
-0.158236041526   0.0945533650232   0.982863681456
0.18968685421   -0.125453330062   0.973796877853
0.260204948689   -0.949917233246   -0.173062516623
0.946737704973   0.286214450996   -0.147543234422
-0.340431254869   -0.24207274666   0.908574348104
0.853972967952   -0.483983290534   0.191024460452
0.39349298687   0.840928629438   0.371486620857
0.623611999578   0.51373320504   -0.589225142048
0.188634037782   -0.830358597889   -0.524329856772
-0.758633820609   0.215830472713   -0.614729154405
-0.348408542599   0.0944135581349   0.932575770372
0.800406959056   0.54773957923   0.243577612352
-0.487811630999   0.831304657382   -0.266406417484
0.74666138553   -0.29553823142   -0.595947924845
0.489039150098   -0.363428076131   0.792944350602
-0.450929578792   -0.883502794137   -0.126827945349
-0.993266667921   -0.0186847058719   0.114333757761
-0.104915569786   -0.273478261125   -0.956139301519
0.0491329788818   -0.961696689429   0.269676524613
0.726177366305   0.61745542156   0.302349524644
0.268744730609   -0.659722666275   0.701813560266
0.632805422255   -0.428386281281   -0.645013559218
-0.505475993664   0.394244400864   0.767505942789
-0.851246845065   -0.0825275869271   -0.518235473663
-0.14097102041   -0.91529260337   0.377315016427
0.375673037429   0.873750338869   -0.308917649667
-0.434808554309   -0.128192763993   -0.891351858897
-0.81841999612   0.469176896902   0.331755556645
0.727054668634   0.664549108086   0.172528234673
0.567189441557   -0.722956475646   0.394499774027
0.386894877459   -0.188966709405   -0.90255411834
0.607487731499   -0.792088570125   0.0596183961193
-0.741336396594   -0.538406014489   0.400673571187
-0.285270053043   -0.287601565782   -0.914279134727
0.483026888461   -0.844039935504   0.232984146024
-0.798755926254   -0.315740972322   0.512149010223
-0.358711576756   -0.433479210196   -0.826693279898
0.638314767932   -0.693987587606   -0.333069790417
0.0395276291881   -0.402563403306   0.914538283971
-0.768759925835   -0.596928751668   -0.229530481335
-0.181731285256   -0.581603068864   -0.79291336869
0.337378471352   0.720519793595   -0.60582752835
0.923660926438   -0.377609715613   0.0652793661648
0.889372745558   0.446619121117   0.0977112077004
0.330470193325   -0.480333337923   -0.81244651258
-0.315920196856   0.754858427211   -0.57478968683
-0.23898267612   0.793291967347   0.559977798719
0.63109462472   0.565172921167   -0.531318307447
-0.737974833692   0.226423107749   -0.635708833598
0.112176715156   -0.031228039364   0.993197459791
0.877314997944   -0.466240088756   -0.113747852813
0.46662059423   0.884106887879   -0.02490445434
0.0228606860738   -0.712784463617   -0.70101048313
0.968428840732   0.189898202273   -0.161506201777
0.248239741925   -0.675186626941   0.69462223498
0.119108055766   -0.519926352563   -0.845866336345
0.991053569335   0.010588016956   0.133044040093
-0.0602170553841   -0.854145468763   0.516535985613
-0.388642274569   0.317865534758   0.864822920736
0.540072766806   0.839050791142   -0.0656900025768
-0.746510943639   0.441537395582   -0.497761126777
-0.0905294919518   -0.995717463513   -0.0187388351332
-0.953669096051   0.0812549424155   0.289677216174
-0.286914039957   0.0440949791728   -0.956940942006
0.478881772156   0.113684871743   -0.87048721888
-0.2318958719   0.972740468702   -0.000533989078593
0.846697438813   0.202118110236   0.492190731955
-0.833424995208   -0.446992248762   -0.324962623865
-0.230837981215   -0.25269110239   0.939606850338
-0.502112142645   0.858105550803   0.107416292476
-0.70086790318   -0.129722508345   -0.701395931782
-0.334091480929   -0.8090916499   0.483480697063
-0.630211920439   0.573186507945   0.523727183223
0.0783751903334   -0.284630316354   -0.955428130501
0.665560908715   -0.698578792849   0.262709624819
-0.742216953681   -0.656485531595   0.134687566148
-0.89469086276   0.428347275189   0.126676248495
-0.446656675677   -0.854661596945   -0.264672191174
-0.00510628707401   -0.29338058311   0.955982091509
0.48404789827   -0.870738523618   0.0866721158562
-0.549708424748   -0.225522935496   0.80433827046
-0.680821768116   -0.436982641591   -0.587816205124
-0.595825948885   -0.156584606984   -0.787700894687
-0.456607756585   -0.740815482495   0.492647721523
-0.660682068216   0.653202634526   0.369899341695
-0.344312143908   -0.898795420927   -0.271322573478
0.938442861814   -0.338040428754   -0.0710891246069
-0.0278234193947   -0.279097581231   0.959859571752
0.641503785739   0.372487094971   -0.670616326198
-0.537419434362   -0.405595511413   -0.739373134954
-0.547405922924   0.834712911846   -0.0600092521636
0.753354793936   -0.566344794189   0.334230651718
-0.493108888919   -0.822760898578   -0.282680256543
0.435086403053   0.0481464211067   -0.899100519415
-0.684024004625   -0.388146097016   -0.617619436602
-0.633033574079   -0.104852499151   0.766990513312
-0.362463315642   0.915613761798   -0.173987884695
-0.896470798542   0.204897156932   0.392883268215
0.0810959078523   -0.795819118329   0.600079481929
0.435618595898   0.569814957669   0.696812279545
0.576552670143   0.157369278454   0.801761765583
-0.369572644365   -0.824928438006   0.427678772804
0.728699580821   -0.54288855428   -0.417455313229
-0.446775393527   -0.472394191273   0.759760143592
0.420240206849   -0.860522123918   -0.28792332798
0.789803720101   0.190644701735   0.582979143207
0.780634448457   0.124126446986   0.612537740095
0.192626122216   0.884584036495   -0.42474258018
-0.594562894001   0.4495594594   0.666626775296
-0.645130498621   0.515379172886   -0.564084167394
-0.0404643488189   -0.760269161709   -0.648346696012
-0.763000181012   -0.395442928764   0.511327306005
-0.584422220089   -0.375142000965   0.71952703061
-0.538598255233   0.84256073905   0.00182221579779
-0.606928816358   -0.386471059877   -0.69446204486
0.585234613351   0.520822013327   -0.621486023793
0.0614194948555   -0.792720013246   -0.60648382192
-0.808534534196   0.316763967384   -0.495915815416
0.917604990493   0.385052273158   0.0986703012966
0.367794381079   -0.91661869024   0.156644406058
0.15075932697   -0.107447306335   -0.982713947033
0.680614201766   0.731619612948   -0.0386917343175
0.306338684704   -0.236214143646   0.922149385184
0.665523041381   -0.639480742706   -0.384894090757
0.228550669388   -0.185366913094   -0.955721559374
0.791665826255   0.606739790019   0.0716383050307
0.566594926789   -0.77298508054   0.285419435568
-0.283861708349   0.240189602967   -0.928294934361
-0.317149446151   0.89011082103   0.327290322332
0.904897098757   0.387313414321   -0.176492378725
-0.166592936805   0.114225562832   -0.97938721362
0.0203413311325   -0.992657864924   -0.119233357132
-0.985815917732   -0.0397854747488   0.163046288962
0.564686322471   -0.819532488488   -0.097446690693
0.348194790677   0.129522997258   0.928431031863
-0.748257806481   -0.558202735119   0.358496808279
0.200162402387   0.889135625343   -0.411549331693
0.335395163638   0.332489466123   0.881453821324
0.920567812211   -0.314465569917   -0.231659898251
-0.473157901702   -0.607346195372   0.63816314452
0.152078654555   -0.769815376732   -0.619884157384
0.867752086074   -0.196252094801   0.456608620594
0.173064927068   0.479392045232   -0.860367245999
0.793014929756   0.450234703189   0.410385225403
0.584102604174   -0.753307360254   -0.302245213004
0.233326732172   0.536945651012   -0.810708334676
0.352603718958   0.73025841547   0.585143797723
0.906217001292   -0.42238846397   -0.0189402237021
0.26774162642   0.256161015621   -0.928814273985
0.778146932544   -0.6259528088   0.0516762278797
-0.568156468637   -0.736589855504   -0.366924531633
0.948541722324   0.308457647998   -0.0715715055165
0.259318886555   -0.886407182889   -0.383452762668
-0.181720433871   0.345161100812   -0.920783089767
0.740177856924   0.587052532483   0.327881173941
-0.0107944547308   -0.477183298713   0.878737491619
0.672324490009   -0.653961331834   -0.346863599415
0.607092253664   0.0140716911634   0.794506754565
0.355522182269   -0.899001040709   -0.255736400847
0.710663755552   0.437720363144   -0.550779366201
-0.749895972991   0.527304506357   -0.399507180495
-0.197609353453   0.397779639649   0.895947488254
0.63135297031   0.750813769091   -0.194093047336
-0.776020445079   -0.413486788341   -0.476257225339
0.378120030225   -0.909371625713   0.173402679019
-0.504794524101   -0.0455183722896   0.862038610633
0.0325796407461   -0.974115664691   -0.223690050769
0.911388983409   -0.0629124598794   0.406708917179
-0.410254418538   -0.217119078379   0.885748620024
-0.628129943683   0.562594791916   0.53753127719
-0.643581800224   0.0126294153747   -0.765273130515
-0.437327383398   -0.826636315423   0.35414285501
0.993463714274   -0.113799219849   0.00892109758438
-0.00642962550776   -0.13381704458   -0.990985195901
0.113967137089   0.984450474194   -0.133674064508
-0.461410782846   -0.886524400503   0.0342720992356
-0.862917909937   0.439480467557   -0.249458612491
0.206089228693   -0.144676901919   -0.967778809371
0.106631052352   -0.98598029177   -0.12834595013
-0.0312366680743   0.125696303561   -0.991576880448
0.993807873405   0.109741986093   -0.0173956099763
0.36655811313   -0.337338117297   0.867086007451
-0.845375099718   0.268447741672   0.461818958865
-0.388556418651   -0.902296406183   -0.186775546887
0.423079533387   0.22509253945   -0.877688473841
0.447517638158   0.790352385359   0.418414950134
0.787865262571   -0.569803874717   0.233649036787
-0.450472916343   0.205899568394   0.868722924399
-0.880905563968   -0.26074613667   -0.394989670222
0.145187943754   -0.94319500632   0.298837148028
-0.778293034291   0.619992789722   0.0993423045122
-0.612210023961   -0.784434649545   0.0993034095847
0.139494943762   0.0164687973354   0.990085824249
-0.605659313891   -0.741887950693   -0.287713510482
0.751686082157   -0.652049288858   0.0989937310692
-0.261045646179   -0.156313766239   0.952586571969
0.0276699242788   -0.726613988117   0.686488519615
0.842940592603   -0.352168613533   -0.406728933055
0.537294642289   0.58992319832   0.602747946867
0.992053112876   0.112770098573   0.0557989793899
-0.0805873207346   0.228927744443   0.970101938747
0.0966245567646   -0.96688933839   0.236196321601
-0.753746782106   0.115067727938   -0.647012524184
-0.00856736559312   0.982746895441   0.184756974827
0.657109114768   0.144803168086   -0.739756482771
0.725022114993   -0.572300657683   -0.383164311994
-0.376714879426   -0.795268974464   0.475008587158
-0.576566416287   -0.200048032909   -0.792181767109
0.060637152715   0.914472464255   -0.400079051977
0.869646683634   0.148335960756   0.470862069391
0.489936507473   -0.376479155953   -0.786273275508
-0.384935194009   0.846151311006   -0.36858222325
0.914103195501   0.404668578673   -0.0256649451345
0.127437217434   -0.346801528712   -0.929240795109
-0.970149274397   0.236460918401   -0.053820251357
0.150567304806   0.413345462763   -0.898039539851
-0.190104897651   -0.879335978157   -0.436610083951
0.585851063269   0.740068277665   -0.330268793652
-0.805195942195   0.485354721595   -0.340720250202
-0.0918587303376   0.46554241334   0.880245553833
-0.653999611622   0.190176192446   -0.732200466966
-0.375369873024   0.758748825144   0.532351086002
0.656796746661   0.623003399805   -0.424835023752
-0.80093721431   0.475595695847   -0.36374209658
0.418337251379   0.0098769891075   -0.908238068567
-0.42836143949   -0.879608537463   -0.20687024431
-0.973894597291   -0.143071942762   0.176237716057
0.188323333254   -0.0757552495996   0.979181017131
-0.126742398268   0.986808776487   0.100721413458
-0.594918506899   0.497627629977   0.63122001872
0.664216667133   0.746602594723   0.0374270577937
-0.452645765751   0.441532906402   -0.774700266756
0.934647571752   0.355065018529   -0.0190459768746
-0.350578303463   0.9112408491   -0.216182719184
-0.0594034490534   0.2087317598   0.976167138707
0.997500777212   -0.0544712735854   -0.0450008868333
-0.0202976110826   0.389139406818   -0.920955226407
0.0676772225061   0.919566964617   0.387061224019
-0.847644437957   -0.403839256757   0.344111553862
-0.521612512429   0.515658130654   -0.67971838225
0.0970530456909   -0.755652398257   -0.647742355671
-0.341295018931   -0.778523307038   0.526705962043
-0.414778863736   -0.378104683211   -0.827644454299
0.843490488536   -0.500937430157   -0.19386976767
0.42333004739   0.266183404406   -0.865989645548
0.375242511308   0.818504556511   0.435021089923
0.824611865477   -0.509113627974   0.246614243559
0.186631549345   -0.389396877126   0.901963822375
-0.950419773165   -0.304013010929   0.0654090510831
0.248738657161   -0.869451644009   -0.42682891088
0.048619839387   -0.580730683538   -0.812642593281
0.997847751256   0.0640818033863   0.0139063937938
0.0439997333126   -0.811569710913   0.582596453642
0.986354637916   -0.0707770141457   0.148644349136
0.132416191115   0.877559682565   -0.46081987356
-0.0978288331337   0.474214738073   0.874957085577
-0.609925337148   -0.126338914393   0.782323182461
0.324023966428   0.861154909173   0.391689534692
-0.723187079728   0.492392832113   -0.484303362158
-0.823041678766   0.562723282603   0.0771031920923
-0.0203215642226   -0.164837377638   0.986111389733
0.567617326235   0.810043916186   0.147103449341
-0.942854081278   -0.0296145547973   0.331887269357
0.233693106342   0.651226707252   0.722005060792
-0.237515712039   0.758305185203   -0.607091041467
-0.590199101299   0.182420982819   -0.786376249548
0.52442249683   -0.653938868469   -0.545293499983
-0.613714971012   -0.73422512987   0.290288465191
0.288103140171   -0.11199863364   0.951027279675
0.747558310052   -0.594363433268   -0.29646025411
0.598458982468   0.796359476152   -0.0875124622351
-0.226496866006   -0.825748407728   -0.516564358841
-0.226315661663   0.560448698894   -0.796667105631
0.947354416771   -0.0635359980133   -0.313819671119
0.954633291057   -0.142805244849   0.261308135442
-0.190207652722   0.38275325068   0.904058072217
-0.22912077263   -0.912746739867   0.33822634494
0.997880120486   -0.0305411670467   0.0574674016613
0.0353891371849   0.995724295203   -0.0853272342933
-0.0546156947002   0.0871800725984   0.994694305219
0.89361274026   -0.386417915525   -0.228336298047
-0.208968562854   -0.80841167316   0.550275118861
-0.397225893142   -0.444017748812   -0.803156166979
0.838501814963   -0.544602786767   0.01795858985
0.544242837358   0.838654109089   0.0214247355451
-0.0267290158547   -0.00819084574473   0.9996091585
