-0.51443117857   -0.772815585136   -0.371640443802
-0.0697573497891   0.469660788774   -0.88008671999
0.854689717293   -0.426819384098   -0.295517712831
-0.138667270541   -0.862370431423   0.486917465925
0.711749017239   0.255088806152   0.654479205608
-0.688610672951   0.437317878008   0.578418850899
0.770358204842   0.217937976122   -0.599208891392
0.258484274149   0.752339184284   0.605946838856
0.582867205143   -0.621682167053   0.523237109184
0.949521720409   -0.197653487325   0.243601202965
0.102949857712   0.929868280888   0.353194385767
-0.296327143908   -0.310287058353   0.903278589249
-0.609666228294   0.730723977089   -0.307163745165
0.405588746071   -0.0453592427075   -0.912929534912
-0.681032240391   -0.681164443493   -0.268719434738
0.599375486374   -0.682676374912   0.417973697186
0.534534931183   0.730028092861   0.425830245018
-0.595836818218   -0.0318106748164   0.802475273609
0.228794977069   -0.949228465557   -0.215912416577
-0.819422364235   -0.0680512115359   -0.569136202335
0.525547206402   0.307138979435   -0.793388783932
0.947302103043   -0.19560816884   0.25368514657
-0.112983807921   -0.945046246052   -0.306793540716
0.299755513668   0.261963844299   -0.917344868183
-0.99377989769   0.0815508067608   0.0758355334401
-0.10763116926   -0.528567910194   -0.842040121555
-0.0285848211497   -0.844964742661   0.534057557583
-0.98603951931   0.0763280242682   -0.147986873984
0.0655114129186   0.99490404129   0.0766433700919
0.153082773089   0.0658785626292   -0.986015021801
-0.890168488026   -0.220643773675   -0.398643136024
-0.45477861166   0.376758992672   0.806987643242
-0.0278644207865   0.899649381638   -0.435723036528
0.894837677479   0.0347658358514   -0.445035815239
-0.443643808365   0.179712429643   -0.877999782562
0.0494540706277   0.983104646206   0.176237091422
0.192734286189   0.685388207436   0.702208340168
-0.376354187727   0.712529599667   -0.592164754868
-0.906206965446   -0.150148585439   0.39527758956
-0.442629247904   0.803720772266   0.397633343935
0.865055501461   0.265956044197   0.425377935171
0.236132085323   0.532259643078   -0.812982976437
-0.839340984821   0.521150171757   0.15462602675
-0.484513759613   -0.846172869205   0.221896052361
0.246481522918   0.111328013241   0.96273201704
-0.017514327541   0.598965108395   -0.800583541393
0.516378104687   0.691073954105   0.505737543106
0.856181561947   -0.404546171427   -0.321396172047
0.733038246632   -0.680026233196   0.014806676656
0.666633486748   0.713936924934   -0.214228540659
0.135110005736   0.166908338666   0.976671338081
-0.217950597405   -0.918599367142   0.329655498266
-0.962090611458   0.258967667818   0.0855417475104
-0.163948714733   -0.298514604568   -0.940217971802
0.116432353854   0.922268390656   0.368597984314
0.869202792645   -0.274184018373   0.411472529173
0.480551809072   0.272477686405   -0.833562135696
0.916790306568   -0.011784109287   -0.399194985628
-0.0573662221432   -0.993084549904   -0.102431595325
-0.395227313042   0.116808600724   -0.911126315594
0.816181540489   0.12792031467   0.5634573102
-0.566482424736   -0.0148708382621   0.823939621449
0.113777689636   -0.991672933102   0.0603273063898
0.209873303771   -0.660473585129   -0.720921516418
0.976257264614   0.101124189794   0.191561043262
-0.0536184124649   -0.744008421898   0.666015446186
-0.505491733551   0.3433380723   -0.791578888893
-0.846003830433   -0.016919111833   0.532908320427
0.169574901462   0.939059495926   0.29901778698
-0.299820750952   0.863742649555   0.40503847599
-0.176747515798   -0.467513114214   0.866136133671
0.937479496002   0.188096046448   0.292834490538
0.160902798176   0.747541368008   -0.644431650639
0.642627775669   -0.574919760227   -0.506455123425
-0.749092698097   -0.332639634609   -0.572897076607
-0.222929552197   0.426856458187   -0.876410841942
-0.909812927246   -0.413946390152   0.0298130717129
-0.35006120801   0.804016113281   0.480640411377
0.948909938335   0.185656413436   0.255150139332
-0.0127161871642   0.830438554287   -0.556965112686
-0.315290659666   0.525265216827   0.790372252464
-0.084116242826   -0.845331311226   -0.527578830719
-0.0280070547014   0.531251728535   -0.846750974655
0.996062278748   -0.0564495809376   -0.0683621391654
0.923582673073   -0.105266518891   0.368665188551
-0.10515961051   0.855140328407   0.507618427277
-0.368695706129   -0.507596254349   0.77872300148
-0.961540997028   -0.266346305609   -0.067071609199
0.261438816786   -0.962397873402   0.0737570226192
-0.0841944813728   0.0533852800727   0.99501824379
0.206532329321   -0.160063847899   0.965258479118
0.244195535779   -0.946877300739   -0.209265291691
0.947477161884   0.278931856155   -0.156473889947
-0.33879211545   -0.24271261692   0.909016251564
0.837410748005   -0.518227159977   0.173734948039
0.428909212351   0.820079982281   0.37882143259
0.64018702507   0.490904837847   -0.590908586979
0.190935924649   -0.846732854843   -0.496575206518
-0.74411290884   0.205075338483   -0.635798752308
-0.328381627798   0.0866753682494   0.940559864044
0.812716603279   0.533343672752   0.234597995877
-0.481307774782   0.841446340084   -0.245582774282
0.764226555824   -0.261793196201   -0.589425206184
0.503868818283   -0.328121095896   0.799032390118
-0.40258410573   -0.907634735107   -0.118849419057
-0.990390956402   -0.0952257141471   0.100288502872
-0.0693015083671   -0.285821229219   -0.955773770809
0.11967882514   -0.953539848328   0.27647548914
0.744303762913   0.61227196455   0.266711294651
0.248030200601   -0.624226391315   0.740825474262
0.620074927807   -0.485246777534   -0.616475999355
-0.493099331856   0.396828204393   0.774196624756
-0.860913097858   -0.0944830030203   -0.499901592731
-0.125226631761   -0.91301715374   0.388224095106
0.386665850878   0.874101817608   -0.293999195099
-0.460996955633   -0.092906601727   -0.882524907589
-0.798731088638   0.476774990559   0.367034465075
0.717592537403   0.674301683903   0.174293339252
0.592021167278   -0.722386360168   0.357307821512
0.366840392351   -0.153216078877   -0.917579948902
0.622855126858   -0.775157213211   0.105748645961
-0.738475084305   -0.537914574146   0.406574070454
-0.258275091648   -0.331329494715   -0.907477140427
0.473202496767   -0.840138792992   0.265040069818
-0.809761583805   -0.296326696873   0.506435275078
-0.346937477589   -0.454265683889   -0.820534646511
0.648808479309   -0.695451140404   -0.308861345053
0.0271619185805   -0.384464025497   0.922740280628
-0.760466814041   -0.607070982456   -0.230553716421
-0.161808907986   -0.565033972263   -0.809045433998
0.352636516094   0.73260897398   -0.582178294659
0.921664476395   -0.379500597715   0.0807089284062
0.888540565968   0.452048182487   0.078409679234
0.320790827274   -0.489943146706   -0.810585558414
-0.328007429838   0.745391249657   -0.580347299576
-0.227249741554   0.793067276478   0.565156459808
0.6262627244   0.563433945179   -0.538829445839
-0.745756328106   0.231487587094   -0.624708712101
0.108497813344   -0.0752026364207   0.991248071194
0.881660044193   -0.453366577625   -0.130898162723
0.459242641926   0.888145983219   0.0171138755977
0.0669949427247   -0.679642796516   -0.730477452278
0.968252003193   0.221000865102   -0.116819024086
0.240831360221   -0.699459969997   0.672871470451
0.147100448608   -0.514670908451   -0.844674646854
0.98278015852   -0.0204939264804   0.183638781309
-0.111824244261   -0.857142806053   0.502793729305
-0.40453478694   0.34747210145   0.845940172672
0.522258222103   0.847113847733   -0.0982064828277
-0.750731647015   0.402071237564   -0.524157166481
-0.115265086293   -0.99309438467   0.0218517985195
-0.96488660574   0.117163926363   0.23508810997
-0.236024931073   0.00601294403896   -0.971728384495
0.464511990547   0.185920268297   -0.865830361843
-0.230038776994   0.969483017921   0.0847634524107
0.855167090893   0.15980091691   0.493105381727
-0.810013413429   -0.369736731052   -0.455162644386
-0.379287391901   -0.261637181044   0.887517333031
-0.447235256433   0.891538381577   0.0716931372881
-0.697561621666   -0.143234610558   -0.702062427998
-0.330993682146   -0.804592967033   0.493024647236
-0.635492682457   0.576293289661   0.513843417168
0.0601090043783   -0.324237585068   -0.944064021111
0.672763705254   -0.685528814793   0.278279185295
-0.737411618233   -0.651859104633   0.176928833127
-0.90030503273   0.421091556549   0.110148698092
-0.435126781464   -0.864485502243   -0.251653432846
-0.0107471849769   -0.274493515491   0.961528897285
0.48946544528   -0.866329312325   0.0994841083884
-0.540460765362   -0.211848720908   0.81426179409
-0.684343278408   -0.452320247889   -0.571909606457
-0.587260425091   -0.191559299827   -0.786403357983
-0.432980298996   -0.746536910534   0.505183875561
-0.683851778507   0.637171626091   0.355470180511
-0.343779474497   -0.888143837452   -0.304985582829
0.936195969582   -0.349458783865   -0.0376256518066
-0.0731629058719   -0.298461198807   0.951613426208
0.646598517895   0.356228739023   -0.674545347691
-0.548311948776   -0.397731930017   -0.735638022423
-0.530343651772   0.845523715019   -0.061848398298
0.761645615101   -0.583740830421   0.281322926283
-0.520821034908   -0.809772729874   -0.270210325718
0.385540425777   0.0592856220901   -0.92078435421
-0.691248714924   -0.345749258995   -0.634533405304
-0.625585019588   -0.153184920549   0.764969110489
-0.36168846488   0.92573851347   -0.110406689346
-0.89694416523   0.193218156695   0.397690743208
0.0959919840097   -0.792907893658   0.601733028889
0.43159788847   0.577895998955   0.692646682262
0.564198493958   0.149740770459   0.811946868896
-0.381755113602   -0.824667155743   0.417357295752
0.732081353664   -0.545437276363   -0.408111661673
-0.444999665022   -0.467133551836   0.764042913914
0.401127636433   -0.866772472858   -0.296314269304
0.800669670105   0.174618974328   0.573093593121
0.810196042061   0.130465075374   0.571455299854
0.170450136065   0.880347073078   -0.442646294832
-0.560828924179   0.45603492856   0.691015958786
-0.622426569462   0.531506955624   -0.574530661106
-0.0291167404503   -0.749273598194   -0.66162019968
-0.782136440277   -0.395081549883   0.481843560934
-0.589951992035   -0.382910966873   0.710869789124
-0.513009130955   0.857619047165   0.0362105257809
-0.623520851135   -0.343320220709   -0.702390909195
0.566194474697   0.485529124737   -0.666097044945
0.0378990024328   -0.822583556175   -0.567379891872
-0.823399960995   0.296002924442   -0.484143316746
0.928043305874   0.354777008295   0.113441057503
0.337574750185   -0.929848372936   0.146373867989
0.157413065434   -0.0975464582443   -0.982703328133
0.682693779469   0.730683028698   -0.00561151327565
0.303712725639   -0.276764184237   0.91167986393
0.664595961571   -0.624102473259   -0.410862952471
0.203264564276   -0.162030413747   -0.9656239748
0.796745479107   0.600596547127   0.0669362172484
0.569104731083   -0.78296226263   0.251176983118
-0.315586894751   0.28119379282   -0.906275331974
-0.251651853323   0.896081745625   0.365662246943
0.914918720722   0.343464076519   -0.212028712034
-0.165833815932   0.0727157592773   -0.983469128609
-0.0491817854345   -0.99664658308   -0.0653969794512
-0.984926521778   0.0375237390399   0.168853998184
0.553579866886   -0.832396924496   -0.0257821269333
0.287241905928   0.161786437035   0.9440959692
-0.781691372395   -0.530038237572   0.328660994768
0.170799002051   0.878380358219   -0.446403026581
0.39350259304   0.354551166296   0.848203480244
0.903317987919   -0.320533066988   -0.285087943077
-0.466433495283   -0.634462654591   0.616357803345
0.202280059457   -0.754841327667   -0.62393695116
0.861117064953   -0.166348218918   0.480422437191
0.167491212487   0.447668850422   -0.878373086452
0.813435196877   0.440639823675   0.379683732986
0.557018756866   -0.778093278408   -0.290346294641
0.259705841541   0.522314667702   -0.812243998051
0.371398717165   0.722387671471   0.58328294754
0.891412258148   -0.453148365021   -0.00637869676575
0.281102716923   0.250072926283   -0.9265229702
0.768780171871   -0.636555373669   0.0614350028336
-0.574419975281   -0.729562044144   -0.371188551188
0.948588728905   0.299757391214   -0.101611867547
0.234782114625   -0.881699681282   -0.409246861935
-0.212265923619   0.364350289106   -0.906748056412
0.754264593124   0.56111997366   0.340924113989
-0.0366153977811   -0.482493251562   0.875134050846
0.655548751354   -0.672565698624   -0.343381971121
0.606448829174   0.0463167838752   0.793772339821
0.334409564734   -0.920574069023   -0.201776087284
0.721380650997   0.38781195879   -0.57376986742
-0.736859500408   0.523002386093   -0.428376674652
-0.209119200706   0.426241844893   0.880106270313
0.642889738083   0.738096475601   -0.204710528255
-0.760507822037   -0.454160988331   -0.464075058699
0.400116115808   -0.890661120415   0.215939462185
-0.511404871941   -0.0214602537453   0.859071910381
0.0351460389793   -0.983085811138   -0.179741501808
0.928697705269   -0.0343092940748   0.369247078896
-0.369168370962   -0.179903104901   0.911783754826
-0.632659614086   0.558566212654   0.536419212818
-0.625376164913   0.040063586086   -0.779294252396
-0.45677831769   -0.828491806984   0.323967397213
0.989572882652   -0.141972869635   0.0242730472237
0.00298953894526   -0.148242264986   -0.988946557045
0.144001871347   0.978707253933   -0.146272093058
-0.47258874774   -0.880778372288   0.0298220217228
-0.851082146168   0.447349220514   -0.274841487408
0.228733584285   -0.155267983675   -0.961026966572
0.10831874609   -0.982099711895   -0.154101267457
-0.0629642978311   0.147924438119   -0.986992299557
0.992120206356   0.116612650454   -0.0458142273128
0.344812124968   -0.280651926994   0.895733833313
-0.853766918182   0.302818596363   0.423536300659
-0.390111148357   -0.910788357258   -0.135195806623
0.366664022207   0.263125598431   -0.892368972301
0.440590202808   0.795685172081   0.415650606155
0.81941306591   -0.545573174953   0.175818547606
-0.425860226154   0.22477376461   0.876424431801
-0.897352576256   -0.228860929608   -0.377334117889
0.115764506161   -0.947153329849   0.29916408658
-0.769785583019   0.628039360046   0.114003285766
-0.62367528677   -0.778068006039   0.0750952214003
0.135865062475   -0.0132938101888   0.990638136864
-0.583101093769   -0.756243884563   -0.296796709299
0.778561711311   -0.624526917934   0.0617071129382
-0.232023149729   -0.1950930655   0.952944874763
0.0320769138634   -0.742639780045   0.668922424316
0.86169564724   -0.318550229073   -0.394976466894
0.506410598755   0.589077174664   0.629711329937
0.989578902721   0.141120865941   0.0286096092314
-0.0586209744215   0.213360413909   0.975213289261
0.131518781185   -0.966727614403   0.219409614801
-0.766925096512   0.104403190315   -0.633187055588
0.0313292890787   0.991592168808   0.125552430749
0.640971422195   0.0764520093799   -0.763747811317
0.744067788124   -0.550872206688   -0.378025084734
-0.420222848654   -0.825761795044   0.376205027103
-0.51939958334   -0.121067263186   -0.845911800861
0.0893013253808   0.927685678005   -0.362525254488
0.886098146439   0.0922091975808   0.454232901335
0.454813539982   -0.361796557903   -0.813786149025
-0.415681570768   0.847676277161   -0.329626709223
0.906001865864   0.417728871107   -0.0682876631618
0.0798087641597   -0.327028334141   -0.941638469696
-0.961578607559   0.262269049883   -0.0811267495155
0.178572937846   0.373091161251   -0.910447537899
-0.208514541388   -0.889953911304   -0.405590623617
0.598402500153   0.729078531265   -0.332203149796
-0.79953700304   0.516745388508   -0.306128770113
-0.0515274554491   0.448796927929   0.892147004604
-0.643702030182   0.168880999088   -0.746409356594
-0.361716359854   0.792375862598   0.491224765778
0.674395263195   0.586190879345   -0.448966920376
-0.793630540371   0.473956942558   -0.381464779377
0.434576302767   0.00281490711495   -0.900630652905
-0.425786346197   -0.880543529987   -0.208204448223
-0.973854541779   -0.148804008961   0.17165273428
0.186217412353   -0.0901134833694   0.978367328644
-0.130116760731   0.984752237797   0.115467324853
-0.572991132736   0.520019471645   0.633451581001
0.694716930389   0.718236744404   0.0387867689133
-0.434798330069   0.462294012308   -0.772809565067
0.934129178524   0.356932044029   -0.00148092058953
-0.344946026802   0.901678681374   -0.260744690895
-0.091732814908   0.24408005178   0.965406656265
0.997501194477   -0.0704667791724   -0.0050849863328
0.0221643615514   0.380465775728   -0.924529373646
0.0670832693577   0.922106385231   0.381076902151
-0.851936280727   -0.409167051315   0.326782643795
-0.511812508106   0.518728613853   -0.684812784195
0.110691331327   -0.750668287277   -0.651340544224
-0.344515472651   -0.795984268188   0.497712910175
-0.463126480579   -0.317057728767   -0.827640175819
0.816592276096   -0.515638887882   -0.259410113096
0.437502682209   0.307402640581   -0.845041453838
0.317982912064   0.826144814491   0.465157628059
0.84111726284   -0.472216457129   0.263691782951
0.155483320355   -0.411823481321   0.897901058197
-0.961807906628   -0.270401090384   0.0425298139453
0.225278660655   -0.870221018791   -0.438137948513
0.0347263738513   -0.600553512573   -0.798830091953
0.998366236687   0.0571367740631   0.000445585988928
0.0453749783337   -0.797540485859   0.601556539536
-0.996022701263   0.0125117953867   -0.0882168859243
0.0881566032767   -0.00529185729101   -0.996092557907
-0.0129297375679   -0.99990773201   0.00416781241074
-0.562725067139   -0.136258482933   0.815336823463
0.336101919413   0.863402366638   0.376260280609
-0.755232453346   0.485767364502   -0.440061420202
-0.83296173811   0.545010983944   0.0955916270614
0.00396697223186   -0.166870445013   0.985970854759
0.553316354752   0.821655213833   0.136834651232
-0.929141521454   -0.0133107146248   0.369484513998
0.269716501236   0.659127116203   0.702000319958
-0.252881377935   0.75191372633   -0.608832299709
-0.577533721924   0.168983653188   -0.798686027527
0.526190698147   -0.67094796896   -0.522448241711
-0.624161958694   -0.721992611885   0.298577457666
0.300945341587   -0.104536615312   0.947894513607
0.719647288322   -0.627300798893   -0.297660112381
0.625731348991   0.771729111671   -0.113553754985
-0.249359071255   -0.810060858727   -0.530680179596
-0.217351466417   0.580825150013   -0.784474670887
0.943704605103   -0.0802717506886   -0.320901930332
0.948078036308   -0.117581740022   0.295504003763
-0.233624458313   0.372965663671   0.897951126099
-0.215795502067   -0.920364677906   0.326130598783
0.999999821186   -0.000200830923859   0.000599756429438
0.000200999566005   0.999999940395   -0.00028112414293
-0.000599699909799   0.000281244632788   0.999999761581
0.897061228752   -0.403861433268   -0.179379850626
-0.276052415371   -0.829111933708   0.486177384853
-0.345074266195   -0.386612653732   -0.855251073837
0.86597943306   -0.500079274178   0.000575055193622
0.500079095364   0.865979611874   0.000458495458588
-0.000727270147763   -0.000109474582132   0.999999701977
