-0.505798883371   -0.79927295961   -0.324546184105
-0.0834088061789   0.419768760377   -0.903790439684
0.85860960898   -0.430066185427   -0.278984973645
-0.173754487903   -0.856105433483   0.486716410957
0.698116268296   0.241509078089   0.67402302716
-0.694581207545   0.456899170455   0.555697844303
0.790548631002   0.202878134937   -0.577817725918
0.270621609248   0.730673301046   0.626801780267
0.549360361356   -0.65188725214   0.522729570494
0.952766633995   -0.159002179689   0.258754802853
0.0492813869792   0.921648527519   0.384883536437
-0.299678304257   -0.353952395919   0.885951813238
-0.607877329571   0.75146467269   -0.256487812367
0.294376449637   -0.0867196023553   -0.951746928793
-0.737446715426   -0.654049353082   -0.168498622073
0.557432935124   -0.727098460487   0.400744746187
0.551343324977   0.685093103725   0.476096604937
-0.620716570459   -0.0444439870628   0.782774342433
0.235913770967   -0.951400828137   -0.197942306968
-0.790034753989   -0.0691652999348   -0.609147969523
0.565853143631   0.300087696356   -0.76795676593
0.946427353177   -0.193054453409   0.258853709993
-0.103026887606   -0.940241606797   -0.324547656404
0.306040398621   0.280491887345   -0.909760174741
-0.995638241688   0.0761582808155   0.0538925593353
-0.0870013828145   -0.549273546391   -0.831101275792
-0.0336934871578   -0.83216494008   0.553503623678
-0.986703402094   0.0302095027637   -0.159699036436
0.023951915757   0.998873462245   0.0409647672284
0.160756654691   0.036594977323   -0.986315418924
-0.875513646821   -0.253184172926   -0.411550274948
-0.480133356622   0.360143098676   0.799855554669
-0.0542937757883   0.897883468528   -0.43687236449
0.889111001993   0.0134042809723   -0.457495302038
-0.450281052387   0.204761855506   -0.869091224436
0.0820280439679   0.978720035445   0.188091712262
0.222649785604   0.651153346419   0.725552473924
-0.348104320784   0.748273188646   -0.564721716427
-0.910631898641   -0.12683278204   0.393272158407
-0.476130436141   0.77762202958   0.410613914635
0.841788961108   0.267987318713   0.468587389892
0.254344555155   0.568758978937   -0.782190559354
-0.824749600571   0.558049349067   0.0914823500138
-0.537490486413   -0.823856771909   0.179899962188
0.175761410365   0.0992015291503   0.979421759632
-0.00528165663532   0.550116625118   -0.835071136414
0.49200070274   0.728445053368   0.47676316209
0.870578780241   -0.408337486635   -0.274505162797
0.705084985454   -0.703068492445   0.0924654433764
0.701871834593   0.673317664531   -0.232420417422
0.101148856106   0.228775037016   0.968210148339
-0.16140824444   -0.93288560407   0.321981099362
-0.966828356046   0.214920972285   0.138028640567
-0.197965422666   -0.289021496418   -0.936630271792
0.0628919571591   0.930946720942   0.359698213079
0.863680386161   -0.231368186883   0.447800125791
0.500100782128   0.282501265246   -0.818591621536
0.94032123269   0.0394119085847   -0.337998048537
-0.00829064335436   -0.990322094005   -0.138540302288
-0.340187072926   0.1330746091   -0.930894142117
0.824313801966   0.149708200477   0.54598004597
-0.552146070779   -0.000452523329544   0.833747270908
0.125065872288   -0.988730119867   0.0822877734304
0.170409011207   -0.687589493983   -0.705819705494
0.983948729347   0.0802343965048   0.159396799322
-0.0529685464766   -0.72165305333   0.690225473091
-0.468576207414   0.388519045754   -0.79340361036
-0.845484493363   0.0631408978239   0.530253900038
0.256109955545   0.919274810983   0.298900506126
-0.251767767937   0.886684080029   0.387819975312
-0.176546933369   -0.43608353776   0.882418454257
0.951548302161   0.153696097274   0.266333134132
0.141411852628   0.768244557259   -0.624342044218
0.632943776475   -0.555095242942   -0.539677169319
-0.761173346721   -0.318856662945   -0.564752658017
-0.147483393597   0.450994108369   -0.880257327621
-0.923253975013   -0.381993558665   -0.0410246116368
-0.354754487265   0.806650627815   0.472719809623
0.936190180971   0.1493916496   0.318166748866
0.0495327009275   0.840079307211   -0.540197435327
-0.347986287938   0.521487193155   0.779074226747
-0.061825113737   -0.866112361127   -0.496011122067
-0.0217512976339   0.498012981527   -0.866896736227
0.997849956839   -0.0428071037697   -0.0496287769767
0.922584028865   -0.136285932477   0.360922227484
-0.0764486676018   0.852392265901   0.517284279922
-0.378145885744   -0.504830238438   0.775984612897
-0.962318883111   -0.236148058942   -0.134820107794
0.218889032314   -0.96688931772   0.131196946655
-0.161338026332   0.0967426562408   0.982146068425
0.186738237082   -0.121642577508   0.974849687977
0.262958039334   -0.949908073701   -0.168901512924
0.946563204631   0.28788493336   -0.145397265392
-0.342503732376   -0.241294257997   0.908002353723
0.854705684951   -0.481298712145   0.194498693569
0.390088945525   0.842691302166   0.371082179353
0.622241834739   0.517255625463   -0.587589752317
0.189785255741   -0.827886704691   -0.52781167181
-0.759471300185   0.21691063165   -0.613313233244
-0.351951965088   0.0943603923239   0.931249660742
0.798496016449   0.549393519816   0.246111503387
-0.488399350928   0.830218571669   -0.268706526287
0.743971314013   -0.298410787878   -0.597877651032
0.488708729588   -0.367206835124   0.791405659484
-0.455708746405   -0.880971135688   -0.127355394602
-0.993065954088   -0.00987185738204   0.11714331933
-0.110033250501   -0.272738012514   -0.955775423577
0.0413847147642   -0.962037693109   0.269760602057
0.723012458291   0.619830973919   0.305061549406
0.27173706212   -0.661151929832   0.699311872307
0.635147190993   -0.422714666707   -0.646452129956
-0.505237546859   0.394716156843   0.767420469346
-0.851101877996   -0.080871240897   -0.518734455831
-0.142690625182   -0.915237126609   0.376802849726
0.375305233093   0.873965279456   -0.308756655505
-0.433018587842   -0.129204798835   -0.892076803051
-0.819536994038   0.46849846346   0.329951973989
0.726449673561   0.665227307883   0.172463041343
0.566341648977   -0.721664143493   0.398067834208
0.38926598672   -0.191503244994   -0.900998611952
0.607447942099   -0.792565689777   0.0533537723865
-0.740199470683   -0.540377512015   0.400121091807
-0.288291070344   -0.282545167888   -0.914907911685
0.485094276911   -0.844064229159   0.228558787979
-0.796621711253   -0.318752472485   0.513605598144
-0.360662434513   -0.431222029051   -0.827024890794
0.637381247666   -0.693039402065   -0.3368108257
0.0417928112459   -0.405369116184   0.913197262683
-0.769414391633   -0.596131081918   -0.229410608122
-0.183829669587   -0.584353118406   -0.790403748465
0.335270051541   0.718612742528   -0.609253411
0.924013336007   -0.376997558725   0.0638137571066
0.888427492367   0.447881231213   0.100493748729
0.333233457052   -0.478761167795   -0.812245780114
-0.315677135547   0.755109360913   -0.574593594773
-0.239763847856   0.792066261549   0.561377176751
0.63098433339   0.566594053866   -0.529933910163
-0.737815741414   0.227161210242   -0.635630172571
0.109552184219   -0.027165536358   0.993609758692
0.877093756749   -0.467673055087   -0.109491805255
0.467658915028   0.883483982413   -0.0274078823467
0.0174205860996   -0.716319406281   -0.697555038234
0.967981638073   0.186814651206   -0.167665841628
0.250415797293   -0.672299631325   0.696638452991
0.115381515084   -0.522495886299   -0.844798884219
0.991740376427   0.012631775596   0.127638019452
-0.0560190301697   -0.852548231507   0.519637740367
-0.39152775937   0.315273939902   0.864469985865
0.541037433198   0.838792946586   -0.0608677963809
-0.744301356657   0.443879190295   -0.498985726151
-0.0860640496747   -0.99607804427   -0.0205306862296
-0.95305812553   0.0763075323231   0.29301428271
-0.290298447662   0.0447849331164   -0.955887609006
0.479601022511   0.105481050303   -0.871123761146
-0.230621285856   0.973000540401   -0.0091526438815
0.846638459861   0.205289299299   0.490978229535
-0.833600750177   -0.451199602652   -0.318635697736
-0.221707676439   -0.255041144333   0.941169336998
-0.505920443857   0.855203445541   0.112568073728
-0.699573732311   -0.127405538464   -0.703110533152
-0.336692059588   -0.809126716233   0.481614383183
-0.630265856659   0.573656505103   0.523147363639
0.0789541716384   -0.279605288212   -0.956863167639
0.665323057395   -0.700021475008   0.259451659902
-0.742368822136   -0.65710791909   0.130758229529
-0.893324970064   0.431175106484   0.126722237231
-0.449375038365   -0.853425690632   -0.264058072143
-0.00570725454691   -0.292835479609   0.956145809554
0.485294767157   -0.870180826227   0.0852896162381
-0.550481478091   -0.228292669197   0.803027147405
-0.679307832466   -0.436655226533   -0.589807665169
-0.595030080804   -0.152724023825   -0.789059297825
-0.459727678755   -0.740622185361   0.490029835762
-0.659234149847   0.65433489216   0.370481017838
-0.345674030931   -0.899029889105   -0.268802386217
0.938024235248   -0.33867224219   -0.0735638937141
-0.0248997676383   -0.277572280435   0.960382023314
0.64132391823   0.37499296828   -0.669390697312
-0.536290188021   -0.40484939621   -0.740600972603
-0.548722576663   0.833952780515   -0.0585345516048
0.752331243597   -0.564119159217   0.340245902417
-0.490143411481   -0.824400669588   -0.283060015128
0.440178527519   0.0461856058411   -0.896721670154
-0.682166627424   -0.392563744136   -0.616881187279
-0.634402967033   -0.101728332388   0.766279467172
-0.363567831151   0.914081535302   -0.179647930611
-0.897127834993   0.206502378766   0.390536061389
0.0781481199744   -0.795899187662   0.600364351392
0.434804000701   0.569123229751   0.697885542429
0.577001678265   0.159940219189   0.800929578406
-0.36730117872   -0.825064835409   0.429369143608
0.729492225723   -0.541929094677   -0.417317563675
-0.448223933937   -0.472870476551   0.758609792616
0.421134911104   -0.860258104253   -0.287404559319
0.788505352991   0.190655465366   0.584730537795
0.776837980397   0.122223850285   0.617724924731
0.196093232316   0.885249398717   -0.421759346442
-0.598389669406   0.448770356077   0.663728085179
-0.647403753282   0.514891116887   -0.561921273834
-0.0422509499488   -0.760399768871   -0.64807950803
-0.760975188468   -0.395827398308   0.514040303171
-0.582824638304   -0.375803145477   0.720477228534
-0.541996514676   0.84038072819   -9.88255744362e-05
-0.605438038997   -0.390553744748   -0.693478588998
0.586425118428   0.524459788959   -0.61729045857
0.0635555077871   -0.789526558496   -0.610416669874
-0.807506209206   0.318731459375   -0.496330513769
0.915865182525   0.389632576289   0.0968370948174
0.37259338622   -0.914705442209   0.156486812666
0.149549777611   -0.107239962175   -0.982921387767
0.678370317597   0.733485518397   -0.0425758911148
0.3084387922   -0.23170946828   0.922592127527
0.666842727837   -0.638991170996   -0.383420212978
0.228426179421   -0.188626205711   -0.95511341477
0.792051162436   0.606467620885   0.0696561619784
0.566106382792   -0.772409981381   0.287934687081
-0.280316507397   0.234900140932   -0.930722611453
-0.324190703788   0.889457891049   0.32212582577
0.903505973006   0.392028804861   -0.173177287487
-0.167465903659   0.117744168132   -0.978821476053
0.0267527807549   -0.991934179925   -0.123898633641
-0.985514819692   -0.0469349929918   0.162965169897
0.563855750282   -0.819253347225   -0.104358257623
0.354147823415   0.125698769324   0.926703371398
-0.746087134351   -0.559485274561   0.361012763632
0.20127417965   0.889146282662   -0.410983689012
0.332094210507   0.332779381756   0.882593518232
0.921521643779   -0.314128590081   -0.228300435699
-0.474272636775   -0.604515070418   0.640021089999
0.14912390946   -0.771641812391   -0.618329178511
0.867656340744   -0.19781416281   0.456116247637
0.170573621464   0.481010326274   -0.859961455926
0.790981318699   0.453597713402   0.410606463497
0.587582498999   -0.750252077914   -0.303098377521
0.229728204873   0.536661366107   -0.811923352302
0.352221829458   0.73184428893   0.58338985217
0.907284263469   -0.419998232008   -0.0208985734268
0.264446945915   0.258364878761   -0.929147675141
0.779519848079   -0.624520046505   0.0482028833565
-0.567817417174   -0.737036159857   -0.366552970001
0.947789737627   0.311637326541   -0.0676519767312
0.263835141309   -0.885457317618   -0.382565493591
-0.179124625497   0.344742679955   -0.92144823683
0.738610445655   0.590463130161   0.325281265199
-0.00671647831859   -0.476048816196   0.879393207568
0.674099027212   -0.651713753513   -0.347648795473
0.60635907212   0.0138929771838   0.795069594968
0.359436258592   -0.896664003083   -0.258455492463
0.709319569494   0.44249367313   -0.548693992653
-0.75051140301   0.526666933451   -0.399192403687
-0.197764182612   0.397381993336   0.896089771981
0.630572725407   0.751471551412   -0.194083861747
-0.77830646543   -0.408131911353   -0.477145039589
0.373969947559   -0.911751763407   0.169868184915
-0.504366458234   -0.0462283988431   0.862251361813
0.0314058810668   -0.972881930708   -0.229160248595
0.90995281318   -0.0670257723493   0.409259604196
-0.413520916545   -0.221378171333   0.883171646305
-0.626610284918   0.563494171177   0.538362210677
-0.645584598917   0.011647677513   -0.76359993272
-0.436554780614   -0.826037923257   0.356484603966
0.993625976069   -0.112284870644   0.00997634734096
-0.0051902932284   -0.133976027217   -0.990970980901
0.112607639785   0.984602727985   -0.133704852217
-0.458185537991   -0.888182301327   0.0346152045351
-0.864649678575   0.436342667064   -0.248969898262
0.206026566532   -0.144004432254   -0.967892441015
0.107591231901   -0.986331317182   -0.124798475809
-0.0279985435814   0.122471326552   -0.992077041227
0.993800889703   0.11023296657   -0.0144389994735
0.369645433783   -0.342417067517   0.863778215259
-0.844171807958   0.264675174517   0.466177016426
-0.388247616776   -0.901497423106   -0.191222865266
0.426488064731   0.221370838519   -0.87698510962
0.448757134501   0.790047911083   0.417661744032
0.7853183844   -0.571681073718   0.237604261487
-0.450304147025   0.206076872253   0.868768379889
-0.880574538368   -0.26345113791   -0.393931441132
0.147697858991   -0.942404276654   0.300099186592
-0.778210590381   0.620342490829   0.0977930012366
-0.612269361252   -0.784096599188   0.101581260146
0.139694331634   0.0191759540277   0.990008977988
-0.608434199331   -0.739961407365   -0.28681865472
0.748808065252   -0.654992347252   0.101348440812
-0.262857958788   -0.15310826448   0.952608814178
0.0257121389832   -0.725559728472   0.687678679566
0.841678011896   -0.355444248382   -0.406494170418
0.5393672313   0.589255858445   0.601548437856
0.992214571292   0.110817161657   0.0568313399218
-0.0811636925582   0.229268762787   0.969973344696
0.0944600419506   -0.967034327773   0.236478137219
-0.75292291415   0.112873737721   -0.648356849798
-0.0144616593543   0.982106388609   0.187770875968
0.657949804891   0.150753311028   -0.737818062572
0.724358057859   -0.572534444916   -0.384069932953
-0.371097047402   -0.79329278815   0.482673319833
-0.581027009203   -0.20710109042   -0.787093865383
0.0571480422921   0.913551570557   -0.402688004782
0.867963003347   0.15384611476   0.472198684659
0.493329834982   -0.376503520444   -0.78413696062
-0.38365303334   0.844986553549   -0.372569556365
0.914190226703   0.404586856539   -0.0237845520507
0.130639118987   -0.349724462737   -0.927699423711
-0.97096550007   0.233969220423   -0.0498437716167
0.146017408317   0.414618613268   -0.89820394232
-0.189485920698   -0.879403098372   -0.436743948363
0.586722448302   0.73909616766   -0.330898207322
-0.804261793322   0.484191852523   -0.344559454598
-0.0944443564241   0.468289552415   0.8785130384
-0.654274204541   0.190401661377   -0.731896490371
-0.377336727036   0.756522661004   0.534125881996
0.655394735791   0.625636212773   -0.423127722519
-0.802280287323   0.475706746418   -0.360623670862
0.415861392452   0.0119919349738   -0.909348940596
-0.428258850279   -0.879522191254   -0.207448963
-0.974378510157   -0.142981682983   0.173616696422
0.185339367184   -0.0731209603628   0.979950327378
-0.127419927471   0.987020548665   0.0977476270627
-0.598429039136   0.49328751199   0.631308257219
0.659041892618   0.751156517739   0.0377845157685
-0.455572682338   0.438669940129   -0.774611008658
0.935663748434   0.35235156632   -0.0195377475192
-0.348335893714   0.913296254135   -0.211073582748
-0.0565283558667   0.204299598373   0.97727489433
0.997418544546   -0.0543813014031   -0.046892654576
-0.0220117026569   0.390047492112   -0.920531606651
0.0683500690682   0.919187482484   0.387843576849
-0.846564325699   -0.403950858167   0.346630273692
-0.523423119686   0.51341389949   -0.680025297757
0.0967320021066   -0.757119456887   -0.646075110008
-0.341885709774   -0.77465958683   0.531993125881
-0.413148765055   -0.384558413391   -0.825483449031
0.844051099985   -0.502013297854   -0.188574625525
0.419682805361   0.261376164526   -0.869223126419
0.379955572824   0.819109781385   0.42975915199
0.824317963873   -0.510628697447   0.244454960635
0.191247939753   -0.387397974079   0.901857547077
-0.949285198599   -0.306616943751   0.0695964189093
0.249563293095   -0.869430192416   -0.426391021547
0.0483568150457   -0.579934560247   -0.813226613109
0.997939810886   0.0624203742783   0.0148266895841
0.0421633998595   -0.81226818398   0.581758235874
0.984323035855   -0.0779677705004   0.158206156163
0.145201721975   0.867413998651   -0.475930052507
-0.100123029421   0.49144072044   0.865136635031
-0.61466491154   -0.126078819217   0.778647017503
0.32173811384   0.86121886628   0.393429346218
-0.720188609063   0.492347637049   -0.488796656769
-0.822076958057   0.564602536651   0.0735761553695
-0.0239229590023   -0.163359082947   0.986276584965
0.568873594979   0.809035095423   0.147800701317
-0.944202291113   -0.0314521989572   0.327860934906
0.229488853285   0.651203956115   0.723372845605
-0.236256004527   0.758250728138   -0.607650338273
-0.591706230913   0.184671537698   -0.784716610926
0.523062399453   -0.65274535118   -0.548023022136
-0.613424373968   -0.734724390283   0.289638753874
0.286276257954   -0.111435267124   0.951644936609
0.750067840248   -0.591946840602   -0.294952831697
0.59619136119   0.798236255216   -0.0858763162961
-0.223679527139   -0.827074475758   -0.515669739939
-0.227362675547   0.558755842018   -0.797557598408
0.947773012333   -0.0611532547069   -0.313028108214
0.955302406876   -0.145783499169   0.257185697087
-0.185026608723   0.38366296578   0.904747413787
-0.230569871147   -0.91189357935   0.339540328179
0.997577300317   -0.0349645376179   0.0601415912754
0.0404276239849   0.994923180758   -0.092160032599
-0.0566139303609   0.0943681381552   0.993926313863
0.89435263592   -0.382961775504   -0.231243683427
-0.202218401618   -0.807152915349   0.554627703321
-0.399050223242   -0.449271020373   -0.799321255556
0.835402716967   -0.549351071408   0.0177679719213
0.548986037572   0.83554964041   0.0217055053324
-0.0267699651595   -0.00837846962707   0.999606507688
