-0.514743532357   -0.77252678973   -0.371808357956
-0.0702462764188   0.470219347076   -0.879749524742
0.854461559432   -0.426727225267   -0.296309498109
-0.137810910445   -0.862815714407   0.4863714588
0.711813991323   0.255179332318   0.654373249847
-0.68871546717   0.436385782686   0.578997801334
0.769268508617   0.217754829186   -0.600673618546
0.259437232877   0.752680521645   0.605115158075
0.58388208043   -0.621333136652   0.522519712021
0.949755193264   -0.198280321134   0.242177594174
0.104292352375   0.93000921995   0.352428653835
-0.295107062106   -0.309463673246   0.903960207551
-0.609916816316   0.730907941601   -0.306227134786
0.40611622782   -0.0435376582964   -0.912783699357
-0.68049326718   -0.681085936732   -0.270279226189
0.599558936429   -0.682745421085   0.417597619408
0.534755011167   0.729959525033   0.425671434143
-0.595454582465   -0.0319026926933   0.802755291742
0.228943730311   -0.949284144267   -0.215509586317
-0.81967074959   -0.0685724813037   -0.568715813983
0.525094877729   0.3068508241   -0.793799685772
0.947306863346   -0.195147749113   0.254021775985
-0.112584996621   -0.945249034246   -0.306315004192
0.299890522015   0.261575265026   -0.917411606386
-0.993652996209   0.0823120037061   0.076671097365
-0.108740735497   -0.528388541585   -0.842010095881
-0.0287954088144   -0.845003126129   0.533985525331
-0.986030019635   0.0757156829748   -0.148364199623
0.0647559367438   0.994897715853   0.0773640979166
0.15346487883   0.066675860262   -0.985902054275
-0.890108073536   -0.221514661243   -0.398294956384
-0.454849523218   0.376882814912   0.806889865503
-0.02862741089   0.89938345475   -0.436222274382
0.895223704591   0.0347627584198   -0.444259011575
-0.442911696963   0.179100280905   -0.878494347206
0.0490280270024   0.983216476676   0.175731649288
0.193155099955   0.685220292589   0.702256547129
-0.376560723252   0.712695699974   -0.591833473997
-0.906031527633   -0.150126579469   0.395687858131
-0.442852109817   0.803602990106   0.397623242685
0.864860722021   0.265928616764   0.42579091382
0.236427452585   0.532451129287   -0.812771711236
-0.839348127269   0.521002536974   0.155084098853
-0.48403108114   -0.846161975189   0.222988394842
0.247403786834   0.112099367578   0.962405890489
-0.0182721519008   0.599590364212   -0.800098446198
0.516679856721   0.690762479708   0.505854843099
0.855983676318   -0.404151694012   -0.322417980429
0.73245111523   -0.680688777327   0.013347367489
0.667025144544   0.713546090982   -0.214311531632
0.136355492537   0.165875750079   0.976674160194
-0.217231142968   -0.91868606311   0.329888690276
-0.962332004307   0.258164815963   0.0852528080809
-0.163486219638   -0.298942879571   -0.940162438487
0.116311828218   0.922101472987   0.369053427205
0.869579834494   -0.274079592055   0.410744797484
0.479898395556   0.273146939822   -0.833719544696
0.916556078732   -0.0117599734569   -0.399733232998
-0.0575344469756   -0.993046366883   -0.102706867498
-0.395745804715   0.117135034231   -0.910859287599
0.81632562261   0.127850897233   0.563264259427
-0.566299292734   -0.0147315157949   0.824068015088
0.113655571444   -0.991683987225   0.0603761588751
0.209715208066   -0.659700545954   -0.72167494149
0.976288156846   0.100764765249   0.191593050206
-0.0536746337561   -0.744742674856   0.665189733789
-0.505590840197   0.342580573895   -0.791843704717
-0.846100946223   -0.0173187762165   0.532741258766
0.168793042245   0.939328808448   0.298613962349
-0.30008118531   0.8635395104   0.405278664874
-0.177012970475   -0.467888883434   0.865878975979
0.937346088969   0.188094409107   0.293262344593
0.161022537534   0.747374819627   -0.644594928147
0.642907721033   -0.574968011012   -0.506044907641
-0.748826685317   -0.33293042111   -0.573075850178
-0.222893561464   0.42575013901   -0.876957968999
-0.909629294921   -0.414333012973   0.0300449693358
-0.350560987675   0.804403489235   0.479626959654
0.949436737092   0.185376626792   0.25338782232
-0.0134709759225   0.830384599566   -0.557027781723
-0.313669276577   0.525449258295   0.790894848819
-0.0849703693277   -0.845914381711   -0.526506310647
-0.028023596902   0.53023722334   -0.84738607789
0.995989314377   -0.0572481073855   -0.0687600163452
0.923573045895   -0.10495739237   0.368777405331
-0.105531183934   0.855072460209   0.507655648062
-0.368613616289   -0.507774589339   0.778645598657
-0.961710123697   -0.265812801477   -0.066762208993
0.261032717037   -0.962608543316   0.0724341975267
-0.0835198097146   0.0522335802545   0.995136219057
0.205602072632   -0.160648825946   0.965359903068
0.243954573688   -0.946880628895   -0.209531001524
0.947741501521   0.278583971803   -0.155489603989
-0.338903501481   -0.242972450202   0.908905278413
0.837186867995   -0.518663949216   0.17351039116
0.429258156289   0.819726842446   0.379190373075
0.640479105454   0.491413031496   -0.590169253649
0.191551573389   -0.846407425796   -0.496892809657
-0.743703240687   0.205201613134   -0.636237210291
-0.327832634714   0.0858919442408   0.940823223316
0.812607685048   0.533577828004   0.234442853727
-0.481865659513   0.841378199965   -0.244720679153
0.76444922594   -0.261478065795   -0.589276337611
0.50395222932   -0.327679044402   0.799161181755
-0.402056627261   -0.907885270818   -0.118721537674
-0.990308412383   -0.0957236472543   0.100629179266
-0.0694081934739   -0.286477416131   -0.955569564566
0.120298591189   -0.953293067951   0.277056989724
0.743935403522   0.612674232451   0.266815292435
0.247831355416   -0.623753965152   0.741289828765
0.620596273482   -0.485346552319   -0.61587254322
-0.492700968017   0.397432205585   0.774140425297
-0.861063424603   -0.0940956954804   -0.499715698075
-0.125759830334   -0.912794413905   0.388575376238
0.387173108213   0.874011043853   -0.293601225302
-0.461222231367   -0.0921346976493   -0.882488102346
-0.798355207642   0.477091073812   0.367441246622
0.717093192926   0.67470905103   0.174771419623
0.59232527843   -0.722105148174   0.357372242225
0.367325628279   -0.152747672451   -0.917463912843
0.623128938586   -0.774979535055   0.105437403907
-0.738176269084   -0.538199233023   0.406739943126
-0.258468802098   -0.331282818479   -0.907439018625
0.473619017866   -0.839933642372   0.264946225351
-0.809555165742   -0.296706978931   0.506542596703
-0.346850774162   -0.454396792534   -0.820498687018
0.64902452271   -0.695038483788   -0.30933586112
0.0276629525193   -0.384780570976   0.922593449607
-0.760264381632   -0.607342916525   -0.23050520985
-0.161940314192   -0.564927208293   -0.809093680589
0.352701773631   0.73261997931   -0.582124921982
0.921616402587   -0.379638268942   0.0806101187044
0.888858774164   0.451397196281   0.0785534899384
0.320457150192   -0.489936944805   -0.810721286883
-0.327471059   0.745789756771   -0.580138211302
-0.226754131729   0.792731253886   0.56582658373
0.626171149258   0.563635782986   -0.538724786857
-0.74598408534   0.232146210931   -0.624192182881
0.107767273593   -0.0752901547497   0.991321142385
0.881680382576   -0.453501799778   -0.130291291261
0.459375573711   0.888069541306   0.0175091999123
0.066524981247   -0.679316237197   -0.730824107943
0.968354340074   0.220537122006   -0.11684712182
0.24054999258   -0.69992344417   0.672490054478
0.147866349346   -0.51433839882   -0.844743484278
0.982606046162   -0.0206212325182   0.184553848012
-0.11234278249   -0.857339358871   0.502342834082
-0.404833067862   0.347430884547   0.845814381308
0.521795223551   0.847384937705   -0.0983285921249
-0.750892756554   0.401535238569   -0.524337220062
-0.114467500559   -0.993156839357   0.0231664359311
-0.965105442312   0.116702461993   0.234418473216
-0.235517890055   0.00447524331785   -0.971859709866
0.464109584717   0.185983288761   -0.866032626219
-0.229452552066   0.969578760213   0.0852558156012
0.855542997005   0.159145355085   0.492665136001
-0.809643692589   -0.369164929779   -0.45628318583
-0.380497747241   -0.261771987587   0.886959351301
-0.446876443097   0.891735768676   0.0714756145049
-0.697095776573   -0.143259629066   -0.702519862327
-0.331538788161   -0.804377664954   0.493009740338
-0.635719678969   0.576587591614   0.513232149196
0.0600457912933   -0.323974305692   -0.944158435962
0.672895623798   -0.685506170869   0.278015771448
-0.737296400657   -0.65201375672   0.176839132057
-0.90017680492   0.42160604285   0.109224834705
-0.435378138267   -0.864611062765   -0.250785938328
-0.0112958666465   -0.273305789869   0.961860877997
0.489541857406   -0.866246990152   0.0998244554189
-0.540876901785   -0.211864088674   0.813981440234
-0.683959755368   -0.452470728316   -0.572249327701
-0.586745053052   -0.191771660915   -0.786736215506
-0.432608554402   -0.747054533259   0.504736924542
-0.684529094617   0.636500710453   0.355368490746
-0.344738144867   -0.887601111605   -0.305483024325
0.935841340047   -0.350353536941   -0.0381232922511
-0.0731887814678   -0.299026195893   0.951434042084
0.647001781625   0.355844084717   -0.674361684814
-0.548591948109   -0.397002587849   -0.735823225858
-0.529561676336   0.846028328494   -0.0616481819902
0.761434627271   -0.583993210237   0.281370287681
-0.521278216539   -0.809631523962   -0.269751397344
0.385339239313   0.0587258529435   -0.920904416778
-0.691125329414   -0.345674892503   -0.634708317052
-0.625574228209   -0.153682802011   0.764878082682
-0.361942901633   0.925683782433   -0.110031226924
-0.897165885462   0.192955471476   0.397317958305
0.0957972827609   -0.793116759388   0.601488725242
0.431180072104   0.577697145574   0.69307268985
0.563562453285   0.150944733175   0.81216565353
-0.381047531983   -0.824818114875   0.417705465303
0.732939383317   -0.544876834616   -0.40731940229
-0.445319037611   -0.466922535655   0.763985798584
0.40080716003   -0.866951082407   -0.296225321641
0.800652593332   0.174296203085   0.573215717143
0.810702131034   0.129559054858   0.570943522637
0.170649532205   0.88056770929   -0.442130350139
-0.56003642015   0.455867262106   0.691768926337
-0.621513165381   0.532020308592   -0.575044151786
-0.029222251034   -0.749266325968   -0.661623784953
-0.782858509121   -0.394403808318   0.481225716979
-0.589278378103   -0.383929538496   0.710879105454
-0.513464711875   0.85729647027   0.0373731417261
-0.623782800949   -0.342988150719   -0.702320543418
0.566431449597   0.485284366934   -0.666073941929
0.0385703215133   -0.822960585486   -0.566787618985
-0.823205772092   0.295355646543   -0.484868331456
0.927991206087   0.354764039881   0.113906968322
0.337495028332   -0.929857260185   0.146501131509
0.157890554741   -0.0975087262214   -0.982630460058
0.682420267546   0.730939884796   -0.00542800668728
0.303788647485   -0.276853424358   0.91162746727
0.664842113664   -0.623762026927   -0.410981626916
0.202316128686   -0.161349835339   -0.965937065605
0.796799187969   0.600565778112   0.0665717673867
0.569367401706   -0.783126411761   0.250067561026
-0.316318938817   0.280925983538   -0.906103151258
-0.251256360091   0.896227377517   0.365577254905
0.914774600904   0.343303188979   -0.212909252917
-0.16566906061   0.073423565554   -0.983444326018
-0.050122100683   -0.996562651619   -0.0659595059198
-0.984906867363   0.0383648461408   0.168779741678
0.55405810086   -0.832092923101   -0.0253177446966
0.286326233835   0.161920048908   0.94435119822
-0.781688498502   -0.530474565919   0.327963147661
0.169835627895   0.878217467594   -0.447090526751
0.393680368756   0.355445561442   0.84774655417
0.903422175261   -0.319988331762   -0.285369656381
-0.466835860643   -0.633702068455   0.616835446172
0.202181154136   -0.755512795773   -0.623155836316
0.860922214913   -0.166198988742   0.48082308182
0.16677017003   0.447577346126   -0.878556901756
0.81383604927   0.440554228095   0.378923286452
0.556649436626   -0.778194378894   -0.290783275587
0.259390787276   0.522092177711   -0.812487647567
0.372022228868   0.722345278118   0.582938041656
0.891244007388   -0.453472223134   -0.00686018525024
0.280971820341   0.250388919096   -0.926477320482
0.768785523831   -0.636580503813   0.0611071232545
-0.574476852904   -0.729431731801   -0.371356559279
0.948561209349   0.299972461962   -0.1012331674
0.235036923419   -0.881459974645   -0.409616842585
-0.212106757901   0.364753115358   -0.906623344112
0.754205754825   0.56140297451   0.340588284589
-0.0361911154539   -0.482356716593   0.875226942638
0.655640055633   -0.672427466846   -0.343478411666
0.605761953958   0.0471304950577   0.794248809613
0.334517723139   -0.920815569748   -0.200490846214
0.721907437309   0.387140030151   -0.573561024663
-0.736720742294   0.52251373222   -0.429210842727
-0.210092663765   0.426453744211   0.879771718505
0.642731375075   0.738320122772   -0.204401017134
-0.760387459721   -0.453872399406   -0.464554362973
0.399702735896   -0.890810352585   0.216089422796
-0.511906860686   -0.0213719625806   0.858775060885
0.0348097655394   -0.983105654851   -0.179698502007
0.928752538739   -0.0345783770924   0.369084079343
-0.369062328083   -0.179743170213   0.911858207591
-0.632377677398   0.558612698835   0.536703200874
-0.625373031775   0.0407441439118   -0.77926150031
-0.457172882241   -0.828427285546   0.323575629964
0.989494321765   -0.142387698565   0.025034585911
0.00356583360601   -0.149074093558   -0.988819599048
0.144527755207   0.978520647675   -0.147000238257
-0.471931420877   -0.881142176913   0.0294821650147
-0.851174190234   0.446656820623   -0.275681305985
0.229746015999   -0.155197128376   -0.960796866916
0.108686000844   -0.982063434198   -0.154073892767
-0.0627483769042   0.147905353539   -0.987008939975
0.992093742756   0.116941941178   -0.0455476451332
0.344808696255   -0.279732103516   0.896022830764
-0.853877147079   0.302999521617   0.423184484115
-0.389872774997   -0.911011108693   -0.134379980482
0.365270608551   0.263820854939   -0.892735088942
0.440591988301   0.795791841868   0.415444393705
0.820034195856   -0.545081554371   0.174442015327
-0.425205039558   0.225999332835   0.876427393394
-0.897749779859   -0.228441437451   -0.376642857915
0.115091298963   -0.946962940781   0.300025301749
-0.7697735256   0.628125727032   0.113608055725
-0.623767600486   -0.778001298261   0.0750197339985
0.135509039806   -0.0131168191856   0.990689279838
-0.583299527197   -0.755964855686   -0.297117482723
0.778560202002   -0.62462026166   0.0607745060182
-0.231528990474   -0.195874106741   0.952904854054
0.0312973205885   -0.743243181481   0.668288897787
0.861827395856   -0.318575961002   -0.394668084375
0.506235140499   0.588301734022   0.630576761601
0.989499207129   0.141811682614   0.027942186109
-0.0580835292363   0.213110732761   0.975300014977
0.132354156421   -0.966681572316   0.219109824111
-0.767643135671   0.103279776589   -0.632500833205
0.031130255542   0.991773388552   0.124163009589
0.640121022501   0.0756229694467   -0.7645431597
0.745047033908   -0.550047457411   -0.37729658342
-0.420322454527   -0.826378130412   0.374737534544
-0.51791307329   -0.120610862578   -0.846887872356
0.0885541549622   0.928039700023   -0.361801709255
0.886299222733   0.092349946164   0.453811827993
0.454567761089   -0.360851496636   -0.814342893353
-0.416210891619   0.847623598757   -0.32909379898
0.905838613932   0.417935392124   -0.0691839108427
0.0788980304378   -0.32690096794   -0.94175944803
-0.961373150816   0.263019659246   -0.0811315212555
0.178875044923   0.372978767492   -0.910434268524
-0.20920177627   -0.889779465851   -0.405619426255
0.598561430899   0.728471206152   -0.333247528493
-0.799482625259   0.516995120889   -0.305848944555
-0.0505148032613   0.449494990833   0.891853411648
-0.643553338583   0.167821208538   -0.746776500945
-0.361254238048   0.793557923795   0.489654160684
0.67478476264   0.5848947457   -0.450070728399
-0.793869172706   0.4738627628   -0.381085054363
0.434438851401   0.0034743184747   -0.900694628331
-0.425481634175   -0.880591852757   -0.208622548726
-0.973907812895   -0.149716833652   0.170553339757
0.185265894959   -0.0904551341937   0.978516436685
-0.131072957342   0.984582519863   0.115832385085
-0.572695522437   0.519402869892   0.634224327292
0.694493628343   0.718455524258   0.0387331880333
-0.435543842537   0.4626470776   -0.772178245495
0.934305058027   0.356468755009   -0.00202119961398
-0.344634899065   0.901810316816   -0.260700860815
-0.0911089726204   0.244270708816   0.965417513785
0.997455058067   -0.0711650768688   -0.00435189285074
0.0230898881717   0.380172495804   -0.924627346826
0.0674556461784   0.922173739199   0.380848172544
-0.851694099232   -0.409166920579   0.327413488478
-0.512182586284   0.517799023943   -0.685239497629
0.110842950345   -0.751309924004   -0.650574544884
-0.344582403379   -0.795470911433   0.498486706287
-0.463711113274   -0.317470763245   -0.827154349508
0.816232179412   -0.516176659244   -0.259473863316
0.436713020444   0.307987206108   -0.845237019213
0.317106783814   0.826557771241   0.465022083841
0.841858079152   -0.471111591531   0.263303708465
0.155561972031   -0.411500893197   0.898035348834
-0.961947336219   -0.269831791048   0.0429898462609
0.224628126466   -0.870550296903   -0.437817753595
0.0334775059885   -0.60067971672   -0.798788541802
0.998403843176   0.056474557173   -0.000624759043946
0.0454865092587   -0.797492634645   0.601611565017
-0.995997697539   0.0128260542194   -0.0884538231563
0.0883954614204   -0.00504902934704   -0.996072662863
-0.0132222879293   -0.999904995305   0.00389505662352
-0.561409031249   -0.137279337984   0.816072474106
0.336386503753   0.863138793455   0.376610599062
-0.756084664389   0.485948357952   -0.438394997325
-0.833343613038   0.54451721611   0.095075885317
0.00381543682855   -0.166332982312   0.986062260426
0.552742132509   0.822091442818   0.136534957407
-0.929016801064   -0.0135958675531   0.36978769007
0.269596468364   0.659645277928   0.701559585177
-0.253467014791   0.751454096864   -0.60915614806
-0.577281682657   0.169490484212   -0.798760811902
0.52604926071   -0.670970596862   -0.522561607328
-0.624514238568   -0.721852778556   0.298178691252
0.301193586159   -0.104192093133   0.947853591746
0.719417354174   -0.627596331845   -0.297592867467
0.625876261069   0.771535386086   -0.114070389881
-0.249424120253   -0.809951279034   -0.53081685526
-0.218049930334   0.58103817496   -0.784122992342
0.943526277386   -0.0798346092258   -0.32153475559
0.948030495264   -0.117223700782   0.295798553113
-0.233984326571   0.373133213788   0.897787803263
-0.215614273572   -0.92034244102   0.326313156782
0.999999999881   -2.541130665e-06   -1.52230634283e-05
2.54129004107e-06   0.999999999942   1.04693717991e-05
1.52230368233e-05   -1.0469410484e-05   0.999999999829
0.89731101794   -0.403576404581   -0.178770866614
-0.276581720741   -0.829718882904   0.484839279664
-0.343999257029   -0.385606873666   -0.856137751852
0.866020758445   -0.500008045785   -9.61238303287e-06
0.500008045851   0.866020758437   6.37990170502e-06
5.13452106069e-06   -1.03313961696e-05   0.999999999933
