-0.505025106527   -0.800693926786   -0.322240403092
-0.0841477821149   0.417248472683   -0.904888315102
0.858992894349   -0.429875502502   -0.278097572457
-0.175281944349   -0.856325420159   0.485780829978
0.697417660403   0.240269407596   0.675188283912
-0.694899163148   0.457140445118   0.55510158214
0.790459317897   0.201909321489   -0.578279078513
0.271766213826   0.730479285458   0.626532631663
0.548923666617   -0.652405272367   0.522542025884
0.95292826402   -0.158827365227   0.258266512903
0.0490368069641   0.921334495717   0.385665837953
-0.299204136326   -0.354847312314   0.885754068435
-0.60812759966   0.752215674041   -0.253677752788
0.290738410969   -0.0863102447966   -0.952901735769
-0.738682610408   -0.653239712028   -0.166210347782
0.555572171925   -0.72970579965   0.398583752478
0.552720975206   0.682239991159   0.47858971785
-0.621159468535   -0.045585528636   0.782357254858
0.236603301769   -0.951604603061   -0.196131478923
-0.788309150542   -0.0700130245825   -0.611282961942
0.567967922302   0.299243806656   -0.766723929074
0.946435531309   -0.191916580886   0.259668656287
-0.101399259304   -0.940164982154   -0.32528141131
0.306558273888   0.281527675926   -0.909265743553
-0.995567751683   0.0769565241184   0.0540605697678
-0.0876082530735   -0.549841686296   -0.830661732599
-0.0342000848158   -0.831716185611   0.554146678048
-0.986687035925   0.0269091093478   -0.160388880448
0.0209235981022   0.999024339525   0.0388917996286
0.161278939045   0.0350181220228   -0.986287399773
-0.874604831969   -0.255016547354   -0.412350516518
-0.481618053473   0.359141692048   0.799413094465
-0.0557713050408   0.897766008272   -0.436927632366
0.889302132687   0.0121742785104   -0.457158073035
-0.449718420572   0.204788074276   -0.869376320608
0.0830364919589   0.978730622581   0.187593468506
0.224039343278   0.649415934365   0.726681028276
-0.347138965967   0.749906468366   -0.563147251622
-0.910659602141   -0.126092160322   0.393446128631
-0.477961761267   0.776492350264   0.410624140484
0.840564825464   0.268640399871   0.470407387006
0.254957504221   0.569992952183   -0.781091995544
-0.823579264254   0.56013078612   0.089278765289
-0.539967765158   -0.822450059861   0.178915375597
0.173643335838   0.0991433380291   0.979805383963
-0.00559262505737   0.54754270106   -0.836759053169
0.491038719906   0.730443880973   0.474692229032
0.871119795492   -0.408226318683   -0.272949765774
0.702803481819   -0.704951846492   0.0954471585229
0.704251264146   0.670513609469   -0.233327359015
0.1004859338   0.231202062369   0.967702528396
-0.158324457501   -0.933548484934   0.321590721935
-0.967041173433   0.212384610759   0.140442678694
-0.199410970217   -0.288755958191   -0.936405500607
0.0601571309516   0.931427592125   0.35892027001
0.863223657859   -0.22909687826   0.449843902798
0.501224536618   0.28276714979   -0.817812144011
0.940927914341   0.0422376110161   -0.335962266079
-0.00551537605289   -0.990146130744   -0.139929340739
-0.338562018898   0.133516380974   -0.931423177386
0.824998774522   0.150263173825   0.544791703891
-0.551095384507   0.000371641095157   0.834442172387
0.125183462211   -0.988645963161   0.0831159450047
0.167715775002   -0.688585524636   -0.705493723627
0.984374014369   0.0780210536753   0.157862329323
-0.0536583511784   -0.720945691745   0.690911058606
-0.466413457867   0.389669453333   -0.794113470141
-0.846101329112   0.0653269752605   0.529003711876
0.258013618236   0.918634913032   0.299230461957
-0.24969528017   0.887674877749   0.386892205239
-0.177015942898   -0.434659448747   0.883026907616
0.952007154921   0.152001562585   0.265665018305
0.139768550273   0.76924382757   -0.623481103242
0.633207079892   -0.553523059675   -0.540981530538
-0.761257871111   -0.319180444505   -0.564455753374
-0.1438592499   0.451776294066   -0.880455959341
-0.923659154359   -0.380635171439   -0.0443918104256
-0.355187672629   0.806855034305   0.472045199985
0.935885224318   0.146747251755   0.320287513035
0.0526901324481   0.840592812128   -0.539098761027
-0.348342642877   0.521410556377   0.778966260407
-0.0611041089477   -0.867308604062   -0.494006146914
-0.021742556104   0.495970126461   -0.868067333168
0.997894558119   -0.0423015245348   -0.0491633186254
0.922550081155   -0.138609789432   0.360123137322
-0.0741335109574   0.852208456537   0.517923709788
-0.378689279376   -0.504507753044   0.775929350395
-0.962636948018   -0.234068116317   -0.136169832321
0.216504133884   -0.967293541451   0.13217096761
-0.162653208765   0.0977513252686   0.981829217373
0.185276687838   -0.119793449694   0.97535741057
0.26432238949   -0.949887520745   -0.166875319768
0.94647040279   0.288726907897   -0.144327922794
-0.343554496133   -0.240895169023   0.907711311887
0.855038196788   -0.480002868775   0.196231822094
0.388432735774   0.843544168085   0.37088171466
0.621585546454   0.518985955761   -0.586758030335
0.190378392024   -0.826667292799   -0.529506614563
-0.759860168906   0.217427608042   -0.612648152671
-0.353705634785   0.0943150753902   0.930589592933
0.797544453316   0.550208410489   0.247373300928
-0.488687189219   0.829683898591   -0.269832280338
0.742654539229   -0.299736521918   -0.598850776731
0.488594585319   -0.369028737009   0.790628308663
-0.457973325162   -0.879758949196   -0.127611225014
-0.992931746054   -0.00565789343916   0.118551827993
-0.112541029788   -0.272373659661   -0.955587309531
0.0376970064191   -0.962174920565   0.269811708312
0.721472751897   0.621013195437   0.306299982636
0.273206053883   -0.661756130222   0.698167083323
0.63626686256   -0.420025517328   -0.647103580891
-0.50506241295   0.394942072288   0.767419519273
-0.851072649947   -0.0800796981335   -0.518905180606
-0.143482763904   -0.915209266498   0.376569641605
0.375149513862   0.874093832839   -0.308581939916
-0.432186584168   -0.129565650052   -0.892427867557
-0.820047314924   0.468158855219   0.329165137227
0.726106365   0.665613614273   0.172418279776
0.565999270657   -0.72099311476   0.399767124818
0.390402833394   -0.192684833247   -0.900254509966
0.607487371362   -0.792736026413   0.0502860424311
-0.739595797331   -0.541400954731   0.399853801766
-0.289753602576   -0.28009748061   -0.91519847637
0.486102248606   -0.844068557483   0.226390976342
-0.795567477152   -0.320220957597   0.514325701879
-0.361631018025   -0.430124178098   -0.827173620359
0.636919557417   -0.692556852086   -0.3386716463
0.0429214550335   -0.406765700436   0.912523651007
-0.769734516621   -0.59574043977   -0.229351482109
-0.184812314039   -0.58570882091   -0.789170188038
0.334223027694   0.717682924718   -0.610922406961
0.9241966113   -0.376664833341   0.0631207334086
0.887931289805   0.448550844602   0.101883091792
0.334648847224   -0.477993262202   -0.812116118755
-0.315575939573   0.755198372017   -0.574532196892
-0.240144978573   0.79146531545   0.562061423428
0.63087997837   0.567303526858   -0.529298744857
-0.737781025887   0.227484862912   -0.635554714393
0.108193201475   -0.0251943313898   0.993810583975
0.876991206736   -0.468361635399   -0.107348972022
0.468167335963   0.883177572265   -0.0285783376932
0.0147734929744   -0.71802404691   -0.695861489065
0.96773324736   0.185345296947   -0.170702908158
0.25154344726   -0.670886420312   0.697593940041
0.113595547705   -0.523817765799   -0.844222127035
0.992053943338   0.0135468689722   0.125081796634
-0.0540835007166   -0.851722625374   0.521194344152
-0.393126512233   0.314087149144   0.864176375587
0.541436328225   0.838702546245   -0.0585212901522
-0.743167711797   0.444890213047   -0.499774399581
-0.083801515237   -0.996254594906   -0.0213093447327
-0.952788758916   0.0738457552689   0.294517207158
-0.291840516254   0.0449842923444   -0.95540856523
0.479951886062   0.101543275662   -0.871398387784
-0.229928307808   0.973117446101   -0.0132442199489
0.84662811218   0.206715745074   0.490397227159
-0.833644484012   -0.453048810871   -0.315885500215
-0.217608695964   -0.256246483066   0.941798383603
-0.507625186253   0.853864459317   0.115031106213
-0.698913550965   -0.126213841166   -0.703981473177
-0.338018316051   -0.809145324372   0.480653161916
-0.6302883993   0.573893640272   0.522860041851
0.0791044504492   -0.277198966011   -0.957550635299
0.665230033901   -0.700718047191   0.257804616592
-0.742436184405   -0.657384934101   0.128971161514
-0.892631237384   0.43261394429   0.126706942398
-0.450747568045   -0.852821803525   -0.263669492613
-0.00600865605264   -0.292472471592   0.956255065039
0.485977256041   -0.869868317292   0.084588516853
-0.550835394198   -0.229714596492   0.802378696537
-0.678532589571   -0.436532146274   -0.590790326732
-0.594603606757   -0.15084389841   -0.789742153581
-0.461269611434   -0.740518502173   0.488735811566
-0.658541491782   0.654888132624   0.370735265856
-0.346378613038   -0.89911968354   -0.267592322574
0.937798903276   -0.339046866708   -0.0747023372466
-0.0235599966989   -0.276823078601   0.960632036583
0.641239152693   0.376262936156   -0.668758963999
-0.535727006992   -0.40444084003   -0.741231529885
-0.549371388983   0.833578916355   -0.0577690849464
0.751822274227   -0.563047159046   0.343134324524
-0.488743496706   -0.825187664408   -0.283187416628
0.442598082242   0.0452019379939   -0.895580103842
-0.681244152607   -0.394660285568   -0.616562781503
-0.635073198149   -0.100318523235   0.765910064491
-0.364126952493   0.913334250366   -0.182296762386
-0.897457412664   0.207300673325   0.38935411041
0.0766791960335   -0.795928653333   0.600514679004
0.434385190067   0.568791710244   0.698416420918
0.577187384683   0.161218295418   0.800539433248
-0.366179219161   -0.825137734896   0.430186584989
0.729909242589   -0.54143917449   -0.417224301677
-0.448968508445   -0.473079066914   0.758039230431
0.421502791693   -0.860158330029   -0.287163792766
0.787884937678   0.190588152122   0.585588149856
0.774964122758   0.121297905874   0.620255936262
0.197775062186   0.885574378941   -0.420289238668
-0.600262970052   0.448380237514   0.662298670836
-0.648509779265   0.514702367144   -0.560817741743
-0.0431340050531   -0.760412664733   -0.648006201299
-0.759983239161   -0.396048043261   0.515336223861
-0.582019380038   -0.376166319386   0.720938514313
-0.543648405541   0.839312508939   -0.000960984378284
-0.604731223282   -0.392496385332   -0.692998365863
0.586947438758   0.526190872096   -0.61531769864
0.0645589392211   -0.788001284542   -0.612279445129
-0.807046992128   0.319651594214   -0.49648566023
0.914996347876   0.391897062516   0.0959081631854
0.374975897667   -0.913753720038   0.156356052925
0.14891191874   -0.10710196781   -0.983033269502
0.677240571125   0.734418117946   -0.044443636822
0.309521773782   -0.229582906006   0.922761052941
0.66748893652   -0.638687495808   -0.382801256949
0.22826142196   -0.190246099484   -0.954831474594
0.792254888224   0.606323171378   0.0685886574775
0.565887723254   -0.772126047664   0.289123591548
-0.278571482903   0.232319924362   -0.931893439004
-0.327613837484   0.889118347492   0.319589952349
0.902810668082   0.394329832624   -0.171571794593
-0.167913906893   0.119333880772   -0.978552167629
0.0298218740801   -0.991576875863   -0.126039498095
-0.985350483685   -0.0503460440718   0.162940787245
0.563364768735   -0.819166959336   -0.107636564791
0.356980929225   0.123849670156   0.925864933655
-0.745107209412   -0.560023885146   0.36219952312
0.201735341806   0.889095317574   -0.410867823193
0.330671103938   0.333036195777   0.883030867707
0.921932466554   -0.314000650589   -0.226812959379
-0.474804120262   -0.603119263358   0.640943212422
0.147808439606   -0.772570928127   -0.617484272021
0.867590751774   -0.198447260448   0.455965977083
0.169299639273   0.48168351878   -0.859836391343
0.790047079874   0.455241285828   0.410586145967
0.589205603949   -0.748823316552   -0.303480471963
0.228011261902   0.536433143595   -0.812557903721
0.352100764705   0.732633564128   0.582471554849
0.907764240285   -0.41891233351   -0.0218298166041
0.262767918153   0.259472371358   -0.929315398394
0.780193440069   -0.623812874598   0.0464294471206
-0.567671751334   -0.737245946743   -0.366356652387
0.947395571275   0.313239239671   -0.0657480817922
0.266066494018   -0.884944980755   -0.382205444489
-0.177905177806   0.344606383815   -0.921735421877
0.737854269739   0.592120527049   0.323982033569
-0.0046957328872   -0.47548690212   0.879710268216
0.674943721151   -0.650619310626   -0.348059601102
0.605970634457   0.0139279483234   0.795365074938
0.361413998274   -0.895516996226   -0.259671391035
0.708646253096   0.444809309396   -0.547690757862
-0.750762927038   0.526330283883   -0.399163449796
-0.197902677095   0.397299399175   0.896095819549
0.630229765866   0.751751035704   -0.194115487618
-0.779434994169   -0.405526898009   -0.477523847421
0.371907303429   -0.912900649143   0.168218198926
-0.504148834692   -0.0464794555185   0.862365127248
0.0307936982885   -0.972277110181   -0.231795101683
0.909283307136   -0.0690450394606   0.410410343303
-0.415036884517   -0.223405468923   0.881949194084
-0.625842775712   0.563934292545   0.538793962272
-0.646537841745   0.0112782868353   -0.762798544465
-0.436244930379   -0.82574264389   0.357546426049
0.993697264829   -0.111596156274   0.0105850733172
-0.00450829267919   -0.134137086715   -0.990952530278
0.112006344327   0.984659098304   -0.133794764315
-0.456547806285   -0.889018730184   0.0347821499977
-0.865504002572   0.434737556643   -0.248809321322
0.206075039995   -0.143697439874   -0.96792774713
0.108071660003   -0.986498788485   -0.123047375521
-0.0264561062406   0.120874576169   -0.99231517739
0.993791019655   0.110496502907   -0.0130358006556
0.371153102277   -0.344831803109   0.862169590182
-0.843573300211   0.262862156434   0.468281511365
-0.388110115613   -0.901107382213   -0.193328797335
0.428051318407   0.219569547811   -0.876676270059
0.449378594359   0.789909775448   0.417254629193
0.784111565877   -0.572565944085   0.239452066044
-0.450135727059   0.206216878806   0.868822436474
-0.880462801705   -0.264709417143   -0.39333723354
0.148872704142   -0.942020978201   0.300721456817
-0.778120099037   0.620571109113   0.0970598269551
-0.612357562159   -0.783882895244   0.102692855693
0.139811757521   0.0204720560249   0.989966447604
-0.609823037751   -0.738990233908   -0.28637265375
0.74739938636   -0.656438476084   0.102384981248
-0.26364752966   -0.151598025398   0.952632152932
0.0247364673771   -0.72509153355   0.688208090011
0.841116523614   -0.356962544535   -0.406325898144
0.540287979586   0.588914263517   0.601056477664
0.992289371111   0.109904838842   0.0572951165325
-0.08141563114   0.229440966129   0.969911510432
0.0934521213529   -0.967097600794   0.236619803807
-0.752515345349   0.111696014063   -0.649033631992
-0.0173610505301   0.981805548969   0.1890937808
0.658345842957   0.153563877443   -0.736884581605
0.724067792758   -0.572590764967   -0.384533025064
-0.368386367591   -0.792380852755   0.486234581617
-0.583110037354   -0.210410075952   -0.7846720871
0.0554697045969   0.913104469203   -0.403934821713
0.867144359922   0.156491876487   0.472832900346
0.494958352721   -0.376497703731   -0.783112832328
-0.38314371032   0.844375364332   -0.374474486917
0.914201089239   0.404604754912   -0.0230512632285
0.132050239213   -0.351176930352   -0.926950644809
-0.971360060757   0.232739692364   -0.0478734578265
0.143731655321   0.41508959995   -0.898355071935
-0.189211108618   -0.879507168596   -0.43665352027
0.587242832843   0.738561819952   -0.331168074222
-0.803745152107   0.483764609087   -0.346360409774
-0.0956011806346   0.469572402409   0.877702781787
-0.654367598133   0.190420928652   -0.73180797785
-0.378310713811   0.755512252469   0.534866562971
0.654739681347   0.626850146606   -0.422344460565
-0.802962620196   0.475715230993   -0.359090586856
0.414659378988   0.013087047931   -0.909882590554
-0.428145571021   -0.879501988729   -0.207768192556
-0.974633146533   -0.142930346357   0.172224114947
0.183769635121   -0.0718520147213   0.980339741716
-0.127745649189   0.987121169903   0.0962956127903
-0.600172091824   0.491120340901   0.631343227531
0.656454979762   0.753409064242   0.0379689539354
-0.457012384669   0.43723631216   -0.774573487532
0.936194667335   0.350929301296   -0.0197020391157
-0.347123577487   0.914332232583   -0.208570828288
-0.0551794056306   0.202101939506   0.977808794828
0.997379279683   -0.0544021850209   -0.0476966951115
-0.0227133858241   0.390479060235   -0.92033157374
0.0686926092386   0.919002995524   0.38822006601
-0.84603906058   -0.403997617462   0.347856052208
-0.524290818649   0.512243092631   -0.680239775029
0.0966283884414   -0.757887154619   -0.64518990647
-0.342180369196   -0.77271715887   0.534622097677
-0.412508475409   -0.387672736883   -0.824346169272
0.84424484165   -0.50261122298   -0.186098376894
0.417824934601   0.259010902738   -0.870824710426
0.382166875797   0.819470914977   0.427101742622
0.824239530155   -0.511254116629   0.243409993961
0.193512069048   -0.386437756852   0.901786526408
-0.948736850106   -0.30783338944   0.0716728232839
0.249902917918   -0.869427664861   -0.426197216311
0.0481570129544   -0.579617519953   -0.813464463064
0.997988617512   0.0615354764567   0.0152349747182
0.0412264650525   -0.812561945762   0.58141505216
0.983176575984   -0.0802112542686   0.164103550005
0.151062448525   0.862126451854   -0.483650822039
-0.102683772239   0.50030404326   0.859739441469
-0.616972572501   -0.125996964196   0.776833064303
0.320559058883   0.861267454085   0.394284494118
-0.71873968483   0.492283594635   -0.490988928493
-0.821586552177   0.565541893375   0.0718185499781
-0.0257078149859   -0.162604885176   0.98635630457
0.569503859101   0.808530777494   0.14813283334
-0.944856317739   -0.032300152398   0.325888384242
0.227457959507   0.651199894351   0.724017661562
-0.235604362196   0.758218568588   -0.607943407532
-0.592453425532   0.185745997732   -0.783898821852
0.522385638933   -0.652178237973   -0.549342143069
-0.613279856845   -0.734957121362   0.28935418944
0.285362770206   -0.111092610651   0.951959306504
0.751252625163   -0.590843354482   -0.294148982065
0.595136608323   0.799101096435   -0.0851460810051
-0.222299345899   -0.827690133161   -0.515278608406
-0.227986630326   0.557979297986   -0.797923053566
0.947947834644   -0.0599011392762   -0.312740717381
0.955617097764   -0.147235874671   0.255181425011
-0.182497090582   0.384130776182   0.90506262696
-0.231280726369   -0.911463188505   0.34021181874
0.9974254704   -0.0371469130023   0.0613395292804
0.0429005782633   0.994522095342   -0.0953170617497
-0.0574627825868   0.0977031664294   0.993555292818
0.894742030252   -0.381230564315   -0.232593972692
-0.198973285255   -0.806588191407   0.556619368363
-0.399807867676   -0.451750756849   -0.797543053779
0.833907652388   -0.551622256546   0.0176327358121
0.551258248045   0.834051793299   0.0217244115245
-0.0266902838321   -0.00839596196185   0.999608491646
