-0.504756531079   -0.80117284915   -0.321469921015
-0.0843895683923   0.416400596908   -0.905256286165
0.859127024997   -0.429805314857   -0.277791551782
-0.175802889328   -0.856402179939   0.485457155987
0.697175297019   0.239845462814   0.675589194106
-0.69501075483   0.457219269238   0.554896918812
0.790419654317   0.20157577295   -0.578449632923
0.272162192379   0.730420911166   0.626428793695
0.548784576231   -0.652573750844   0.522477739813
0.952984037661   -0.158785713344   0.258086266976
0.0489789388437   0.921229148178   0.385924759632
-0.299035930138   -0.355139344181   0.885693828985
-0.608213844362   0.752464308065   -0.252731843294
0.289533590383   -0.0861523622714   -0.953282786226
-0.739084717449   -0.652974146168   -0.165464633291
0.554944125662   -0.730585237851   0.397846990221
0.55318919194   0.681272298541   0.479426504442
-0.621304060275   -0.0459702672901   0.782219917421
0.236837981061   -0.951672954595   -0.195515621419
-0.787722539673   -0.0703035633639   -0.612005399869
0.568683542243   0.298958185154   -0.766304790741
0.946439974018   -0.19152046704   0.259944775453
-0.100838529123   -0.940140873442   -0.325525312576
0.306729468139   0.281877719566   -0.909099546027
-0.995542807416   0.0772281033323   0.0541326025357
-0.087827273968   -0.550033803066   -0.830511399941
-0.0343640589707   -0.831563969602   0.554364930268
-0.986680012934   0.0257826089326   -0.160616964089
0.0198899203791   0.999072587103   0.0381884376065
0.161452603397   0.0344851094842   -0.986277767204
-0.874299545197   -0.255625503607   -0.412620778892
-0.482114937966   0.358803776152   0.79926531065
-0.0562627039656   0.897727938812   -0.436942852119
0.88937261388   0.0117655206787   -0.45703164683
-0.449518069307   0.204790396762   -0.869479383747
0.0833658146179   0.978735135732   0.187423784606
0.224502097961   0.648833518295   0.727058370111
-0.346819012865   0.750451316244   -0.562618338008
-0.910667546543   -0.125848668983   0.393505695243
-0.478573586434   0.776117091917   0.410620971214
0.840154210594   0.268860191956   0.471014967493
0.255163133678   0.570400260181   -0.780727429002
-0.823181950116   0.560829544543   0.0885533679292
-0.540795375434   -0.821975655484   0.178595587013
0.172950394371   0.0991274117444   0.979929547125
-0.00570581580651   0.54667572206   -0.837324965934
0.490714733835   0.731117045075   0.473990418045
0.871301608895   -0.408183195772   -0.272433450637
0.702030499985   -0.705586720516   0.0964393950743
0.705051714352   0.669565290683   -0.233633049035
0.100275905276   0.232012287055   0.967530382715
-0.157288658448   -0.93377064879   0.32145396775
-0.967111250489   0.211529810319   0.141247897417
-0.199890237635   -0.288665056432   -0.936331339908
0.0592430158516   0.931586566388   0.358659635863
0.863068373036   -0.228338067141   0.450527147416
0.50160068634   0.282857201462   -0.817550337927
0.941125287457   0.0431912700982   -0.335287499763
-0.00457745532367   -0.990085698333   -0.140390016949
-0.338026981486   0.133659358608   -0.931596981341
0.825232718078   0.150440545902   0.544388283455
-0.550736677029   0.000641883526596   0.834678800833
0.125220100579   -0.988618849777   0.0833828296279
0.166803662841   -0.688915327467   -0.705387985185
0.984516023516   0.0772667896153   0.157346886407
-0.0538956167266   -0.7207118112   0.691136562261
-0.46568699262   0.390047298813   -0.794354284682
-0.846312743608   0.0660434837395   0.528576388295
0.258631716754   0.918423302701   0.299346408271
-0.249001561907   0.888006164532   0.386578936211
-0.177174413145   -0.434180630561   0.883230664873
0.952159361396   0.15143391892   0.26544362623
0.139213817736   0.769578745672   -0.62319183817
0.633299139801   -0.552991695845   -0.541417014743
-0.761282938518   -0.319294125434   -0.564357642799
-0.142645864801   0.452038662832   -0.88051871335
-0.923793383339   -0.380176195682   -0.0455175255966
-0.355327936074   0.806924474497   0.471820887947
0.93578290903   0.145858420123   0.320991695293
0.0537453471576   0.84076488412   -0.538726133847
-0.348456288258   0.5213825188   0.778934197646
-0.0608615872114   -0.867709977188   -0.493330784252
-0.0217380680628   0.495282047068   -0.868460218
0.997909476656   -0.0421318091319   -0.0490059900447
0.922537323857   -0.139396492512   0.359852058443
-0.0733500607654   0.852144202083   0.518140933957
-0.37887287403   -0.504399520947   0.775910090534
-0.962747891744   -0.233358641939   -0.136602493294
0.215695921738   -0.967431261637   0.132484049429
-0.163069820284   0.098084138575   0.981726914917
0.184780427515   -0.119171660961   0.975527707875
0.264785488314   -0.949878191781   -0.166192857719
0.946437974083   0.289014767793   -0.143963971924
-0.343912811801   -0.240758770292   0.907611807111
0.855147655173   -0.479566785883   0.196820186289
0.387874291146   0.843831092343   0.370813459657
0.621365680716   0.519570385982   -0.586473618195
0.190582084166   -0.82625461415   -0.530077147017
-0.759988920987   0.217600382824   -0.612427067798
-0.354299358602   0.0942983697654   0.930365402384
0.797221390432   0.550484178819   0.247800773823
-0.488784225535   0.829502854925   -0.270212868936
0.74221015556   -0.30017322888   -0.599182874962
0.488561930652   -0.369640438542   0.790362692763
-0.458727942141   -0.879353159349   -0.12769767516
-0.992881458844   -0.00424939881098   0.119030883781
-0.113386944865   -0.272249979284   -0.955522553116
0.0364665520444   -0.962217174753   0.269830130253
0.720954961502   0.621413628401   0.30670677515
0.273701447953   -0.661948168748   0.697790899396
0.636640762812   -0.419129722555   -0.647316626387
-0.504995996984   0.395017365132   0.767424474638
-0.851068097382   -0.0798153980862   -0.518953365773
-0.143743301229   -0.915199859852   0.376493133907
0.375099719747   0.87414045867   -0.308510386797
-0.431911335426   -0.129670092476   -0.892545945847
-0.820215092872   0.468042867303   0.328911957507
0.725984785291   0.665750488212   0.172401795152
0.565892602118   -0.720762153914   0.400334210819
0.390783385514   -0.193075645618   -0.900005633691
0.607508419255   -0.792784940446   0.0492499617888
-0.739385764905   -0.541754413941   0.399763487116
-0.29024508814   -0.279274404802   -0.915294267235
0.486441712787   -0.844069075427   0.225658715693
-0.79521030663   -0.320715862904   0.51456962941
-0.361959981613   -0.429754268378   -0.827222001957
0.636763084595   -0.692391493182   -0.339303395602
0.0433043929433   -0.407240350544   0.912293826813
-0.769842518733   -0.595608358788   -0.229332028493
-0.185137852215   -0.586167307287   -0.788753360402
0.333867937888   0.717369667382   -0.61148422741
0.924259798827   -0.376548334466   0.062890190678
0.887759429103   0.448783328159   0.102355851838
0.335134781664   -0.477734171507   -0.812068186481
-0.315543775344   0.75522419568   -0.574515918057
-0.240272928731   0.791262942729   0.562291628235
0.630838819813   0.567543866145   -0.529090108977
-0.737774561188   0.2275893571   -0.635524807855
0.107725343029   -0.0245307675425   0.993878006555
0.876957046527   -0.468592476676   -0.106618147375
0.468339181595   0.883073797735   -0.0289668558375
0.0138829972   -0.718596161421   -0.695289018452
0.967644990425   0.184855636935   -0.171731086292
0.251933393766   -0.670408793413   0.697912326027
0.11299850282   -0.524272816441   -0.844019758241
0.992156673907   0.013844703856   0.124231471844
-0.0534459800325   -0.85143780637   0.521725204587
-0.393691142809   0.313698378604   0.864060536846
0.541561489137   0.838676475361   -0.0577314745983
-0.742777515517   0.445213540828   -0.500066461089
-0.0830271343061   -0.996314077033   -0.0215581741809
-0.952701585795   0.0730093701902   0.295007322432
-0.292345999447   0.0450321193098   -0.955251759924
0.480070415283   0.100225724468   -0.87148562841
-0.229684799367   0.973155451424   -0.0146068580622
0.846627007194   0.207179322129   0.490203467116
-0.833653461149   -0.453639603149   -0.315012725408
-0.216289200057   -0.256655119605   0.941991046412
-0.508174073181   0.853427946599   0.115844081901
-0.698687567326   -0.125804013296   -0.704279087793
-0.338471856722   -0.809152416827   0.480321942607
-0.630295554063   0.573973620109   0.522763615746
0.0791372125017   -0.276394909246   -0.957780327497
0.665201500381   -0.700951729155   0.257242370703
-0.742458258415   -0.657474355041   0.128386942384
-0.892394024301   0.433106049828   0.126696704748
-0.451215650866   -0.852618566759   -0.263526120206
-0.00611079413332   -0.292336671014   0.956295942152
0.486217011801   -0.869757605132   0.0843488337219
-0.550951913508   -0.230203275435   0.802158613356
-0.678266176686   -0.436495315318   -0.591123365525
-0.594454857563   -0.150210916338   -0.789974748288
-0.461792186236   -0.740481669743   0.488297935184
-0.658309500957   0.655075245591   0.370816698063
-0.346620536656   -0.89914708116   -0.267186695046
0.937720453453   -0.339181305209   -0.0750759173931
-0.0231204399708   -0.276569283612   0.960715814702
0.641210570346   0.37669782633   -0.668541511138
-0.535535236728   -0.404297641547   -0.741448195939
-0.549591679976   0.83345195703   -0.0575049617267
0.751649074891   -0.562688182297   0.344101260849
-0.488278672049   -0.825450786687   -0.283222416451
0.443404563166   0.044866560616   -0.895197958611
-0.680931469811   -0.395359673613   -0.616460105685
-0.635298853455   -0.099857828793   0.76578311605
-0.364318130511   0.913082221111   -0.183175209217
-0.897571148962   0.207567092949   0.388949784004
0.0761833784282   -0.795936950435   0.600566785448
0.434237406729   0.568682928228   0.698596880711
0.577245110763   0.161651587553   0.800410423684
-0.365800100204   -0.825162944671   0.430460685119
0.730053675281   -0.541271539049   -0.417189108469
-0.449224648545   -0.473146543485   0.75784534275
0.421617894334   -0.860128396843   -0.287084468617
0.787677323729   0.190555738124   0.585877926151
0.774328604593   0.120987098924   0.621109760029
0.198340143981   0.885683939751   -0.419791789048
-0.600896329989   0.448247789466   0.661813810558
-0.648882679476   0.514644855239   -0.56043906114
-0.0434333167227   -0.760410483971   -0.647988767545
-0.759647823188   -0.396126960509   0.515769925338
-0.581744718507   -0.376293312605   0.721093908848
-0.544204467516   0.838951698869   -0.0012427797147
-0.604495310176   -0.393145507229   -0.692836221715
0.587115741371   0.526768288478   -0.614662733934
0.0648911965669   -0.787491357792   -0.612900068536
-0.806897911041   0.319957077835   -0.496531196907
0.914700672394   0.392664078358   0.0955908023229
0.375784225127   -0.913430459994   0.15630422547
0.148690605175   -0.107050064555   -0.983072422363
0.676854582762   0.734735812163   -0.0450683938038
0.309893966656   -0.22887615878   0.922811699846
0.667707722903   -0.638575751393   -0.38260607223
0.228192635657   -0.190796342789   -0.954738119387
0.792324845749   0.606273861918   0.0682154173412
0.565817514611   -0.77202898905   0.289519913351
-0.277979373233   0.231450770319   -0.932286441485
-0.328767514052   0.889000148071   0.318732895125
0.902573758627   0.395106666166   -0.171030209581
-0.168068112603   0.119851605771   -0.978462417326
0.0308484383045   -0.991455926825   -0.126741938666
-0.985292587702   -0.0514853159334   0.162934891484
0.563187543051   -0.819144549062   -0.108729016797
0.357927061754   0.123229039077   0.925582423338
-0.744787224525   -0.560193548401   0.362595061349
0.201880474103   0.889070508399   -0.410850222431
0.330217455359   0.333137776506   0.88316230334
0.922063287607   -0.313963139493   -0.226332588656
-0.474981184209   -0.60264607542   0.641257033044
0.147382344083   -0.77289004516   -0.617186700072
0.867566319828   -0.198642104988   0.455927620161
0.168863908739   0.481894679462   -0.859803755651
0.789740264892   0.455794314834   0.410562853378
0.589741718326   -0.748350893947   -0.303604422224
0.227438970558   0.536344672297   -0.812776665001
0.352067907768   0.732901255472   0.582154565426
0.907920537818   -0.418557214996   -0.0221394395532
0.262192727203   0.259849807832   -0.92937239639
0.780420340594   -0.623573980876   0.04582119991
-0.567625814942   -0.737315107498   -0.36628863819
0.947258921291   0.313785850728   -0.0651074182934
0.266822262882   -0.884765571559   -0.382093919625
-0.177500467787   0.344569765456   -0.921827131662
0.737600308847   0.592678416221   0.323539919228
-0.00401019165579   -0.475296342237   0.879816631702
0.675225668019   -0.650250476356   -0.348201974789
0.605835658289   0.0139549298931   0.795467419243
0.36209009221   -0.895128702347   -0.260068012948
0.708416487858   0.445589347008   -0.547353828492
-0.750841389328   0.526213651072   -0.399169639999
-0.197956800054   0.39728652576   0.896089572399
0.630119285044   0.751839484115   -0.194131596452
-0.779817032332   -0.404650040053   -0.477643948115
0.371207103109   -0.913286006556   0.167672170707
-0.504074084522   -0.046551211732   0.862404952444
0.0305829796316   -0.972072557307   -0.232679231318
0.909061755261   -0.0697267772693   0.410785712573
-0.415537491063   -0.224082841515   0.881541532577
-0.625580554984   0.564083159219   0.53894263026
-0.646855824549   0.0111681856327   -0.762530533078
-0.43614964344   -0.825642453557   0.357893877305
0.993720227896   -0.111370627719   0.0108024048831
-0.0042684614566   -0.134202731109   -0.990944704411
0.111811846003   0.984675687851   -0.133835349774
-0.455987256654   -0.889304125974   0.0348395363696
-0.86579341114   0.43418658608   -0.248764502482
0.206100439097   -0.143597284076   -0.96793720303
0.108234126396   -0.986554761867   -0.122454382204
-0.025941318221   0.120333235698   -0.99239455883
0.993786909701   0.110587586212   -0.0125683683778
0.371661664383   -0.345637452083   0.861627738032
-0.84336989214   0.262254364656   0.468988137643
-0.38806549996   -0.900975804301   -0.194030327023
0.428565917392   0.218964142984   -0.876576270804
0.449590344712   0.789864266587   0.417112649425
0.783708987056   -0.572860493014   0.240064739502
-0.450068623262   0.206271015513   0.868844348841
-0.880431149033   -0.265125846858   -0.393127558357
0.149262273086   -0.941892007338   0.300932252088
-0.778082941009   0.620655912551   0.0968151595941
-0.612395081643   -0.783804278746   0.103068504396
0.139854212988   0.0209067174616   0.989951366621
-0.610296012562   -0.738658383255   -0.286221190511
0.746923583589   -0.656927558581   0.102719730609
-0.263901378036   -0.151095915314   0.952641636213
0.0244055932769   -0.724941009451   0.688378456834
0.840935116329   -0.357461868529   -0.406262406176
0.54058532827   0.588796692725   0.600904283139
0.992313974864   0.109602391869   0.0574481591205
-0.0814986850879   0.229501119887   0.96989030323
0.0931178802314   -0.967117651409   0.236669619331
-0.75237641867   0.111285537888   -0.649265164387
-0.0183418112378   0.981705288127   0.189521252697
0.658478019823   0.154500020455   -0.736570730541
0.72397346325   -0.572602878476   -0.384692563056
-0.367476976188   -0.792079883581   0.487411663789
-0.583800562248   -0.211507450428   -0.783863190826
0.0549075942822   0.912953632244   -0.404352348161
0.866868339462   0.157378316333   0.473044762772
0.495504226145   -0.37649399852   -0.782769334447
-0.382988008871   0.844163231235   -0.375111482219
0.914200518327   0.404618606439   -0.0228297090317
0.13250508425   -0.35167061628   -0.926698537979
-0.971492629685   0.232322331019   -0.0472059845542
0.142952380044   0.415227338623   -0.898415758043
-0.189120827799   -0.879552495176   -0.436601329272
0.587430725951   0.738374236281   -0.331253119843
-0.803563065774   0.483639734373   -0.346956779237
-0.0959767760006   0.469995845229   0.877435105256
-0.654394108053   0.190416040606   -0.731785544286
-0.378640496017   0.755181374402   0.535100426586
0.654522517658   0.627250207841   -0.422087017855
-0.803196689267   0.475709866163   -0.358573843978
0.414255536473   0.0134632291497   -0.910061037493
-0.428097452518   -0.879499212447   -0.207879066893
-0.974721433134   -0.142911681735   0.171739276269
0.183225017769   -0.071426401576   0.980472774748
-0.127854294621   0.987154760097   0.0958058399331
-0.600763470943   0.490382933557   0.631353966057
0.65557461703   0.754172011429   0.0380328631936
-0.457498823481   0.436748389411   -0.774561599139
0.936378373069   0.350436259496   -0.0197476702282
-0.346698741122   0.914685947051   -0.207724820787
-0.0547313927561   0.201355522142   0.97798794898
0.997366183597   -0.0544179028537   -0.04795193078
-0.022931941213   0.3906237991   -0.920264730199
0.0688100420632   0.918940552716   0.388347059582
-0.845862634331   -0.404011192629   0.348269091469
-0.524580618223   0.51183793385   -0.680321324418
0.0966000974482   -0.758153602974   -0.644881024275
-0.342280445242   -0.772054347738   0.535514874625
-0.412313282304   -0.388718086095   -0.823951458994
0.844299623381   -0.502822367921   -0.185277662651
0.417187788983   0.258210073834   -0.871367836504
0.3829008111   0.819601417161   0.42619301478
0.824221643481   -0.51144997288   0.243058856367
0.194276944886   -0.386115613368   0.901760057776
-0.948552475201   -0.308236480799   0.0723773009648
0.250009340778   -0.869427975751   -0.426134162566
0.0480807983051   -0.579519978791   -0.813538463145
0.998005501555   0.0612279089031   0.0153675644424
0.0409054482909   -0.812654746712   0.581308013833
0.982779376561   -0.0806902667464   0.166234105585
0.152905836419   0.860241493846   -0.486419959968
-0.103752118996   0.50346166996   0.857765611741
-0.617750511158   -0.125975750657   0.776218021055
0.320151821843   0.861286512769   0.394573635578
-0.718252822434   0.492255678656   -0.491728817435
-0.821418067367   0.565862088241   0.0712211744759
-0.0263133059481   -0.162346229865   0.986382943678
0.569719201478   0.808358706726   0.148243828633
-0.945076275548   -0.0325792768974   0.325222115044
0.226776204796   0.651198860972   0.724232418776
-0.235379239389   0.758207513933   -0.608044389399
-0.592706190481   0.186104458284   -0.783622678572
0.52215623247   -0.651989417485   -0.549784201646
-0.613230984751   -0.735033965266   0.289262561088
0.285051800336   -0.110968465451   0.952066946596
0.751646731595   -0.590481281307   -0.293869098935
0.594787913468   0.799385924383   -0.0849086679345
-0.221832962085   -0.827893326578   -0.515153158527
-0.228214740915   0.557724426287   -0.79803602447
0.948002198817   -0.0594651505542   -0.312659122541
0.955721386713   -0.147725453002   0.25450701663
-0.181644076234   0.384292797079   0.905165441056
-0.231521188118   -0.911315662462   0.340443391481
0.997373568165   -0.0378857295505   0.0617303573772
0.0437361338153   0.994385323761   -0.0963585932245
-0.0577331458036   0.0988053611184   0.993430613828
0.894876610178   -0.38064124452   -0.233040973924
-0.197885310461   -0.806403892478   0.557273869923
-0.400046567865   -0.452575966183   -0.796955292581
0.83340656628   -0.55238060957   0.0175828738435
0.552017441539   0.833549799353   0.0217135035392
-0.0266503192852   -0.00839012339255   0.999609606952
